slit_dec_x_a = -0.17045472433417938
slit_dec_y_a = -0.19609096116546348
slit_dec_x_b = 0.175
slit_dec_y_b = -1.8807262594605497e-96
slit_defocus = 0.005563925037010786
slit_tilt_x = 1.1861420688842716
slit_tilt_y = -8.540017578709604
slit_tilt_z = -8.990853445562932
d_slit_col = 1594.2944205296121
coll_tilt_x = 0.08878243693205821
coll_tilt_y = -0.0317249578100425
ech_G = 31.610694599500256
ech_blaze = -74.9771209634616
ech_gamma = 1.1405438130523857
echelle_z = 0.07496460032306677
d_col_trf = -1588.0185525934662
trf_mirror_tilt_x = 0.13871706334565204
trf_mirror_tilt_y = 0.07758808123160778
d_col_grm = -0.009529044047325604
grism_dec_x = 236.43429225385339
grism_dec_y = 0.03424547516486258
grm_tilt_x = -0.01578311162428553
grm_tilt_y = 2.3043678356542707
grm_G = 222.8251855128794
grm_apex = 17.815114426401504
d_grm_cam  = 21.60847567557659
cam_dec_x = -0.3021246446391953
cam_dec_y = 0.2503753272973269
cam_tilt_x = -0.01824268379408264
cam_tilt_y = -0.015031187659508921
d_cam_ff  = -160.40095339270042
ccd_ff_dec_x = -0.0035421188533746855
ccd_ff_dec_y = 0.00014136799798200036
ccd_ff_tilt_x = 0.1459931516016009
ccd_ff_tilt_y = -0.5720702099799669
ccd_ff_tilt_z = 0.17255941534098704
d_ff_ccd  = -4.811228745157831
ccd_dec_x = 0.6206580480181223
ccd_dec_y = 5.155250627720646
ccd_defocus = 0.31631950553442595
ccd_tilt_x = 0.0077470366986149225
ccd_tilt_y = -0.01400995474968904
ccd_tilt_z = 3.2273170851927974e-06
p = 3.557727272727273e-06