slit_dec_x_a = -0.181778666534
slit_dec_y_a = -0.18243150017
slit_dec_x_b = 0.14512077562974193
slit_dec_y_b = -0.05510809031835813
slit_defocus = -0.01383549727399969
slit_tilt_x = 1.0540689834186387
slit_tilt_y = -8.559903619081231
slit_tilt_z = -9.026880766803835
d_slit_col = 1594.2902379035436
coll_tilt_x = 0.12142465442311423
coll_tilt_y = -0.026481963583525756
ech_G = 31.61456776777899
ech_blaze = -74.99488292093524
ech_gamma = 1.1556492550331554
echelle_z = 0.05699889855640292
d_col_trf = -1588.0163719668242
trf_mirror_tilt_x = 0.007334338659990257
trf_mirror_tilt_y = 0.1554115029850136
d_col_grm = 0.035684612632074376
grism_dec_x = 236.3831877894751
grism_dec_y = 0.009241923427589959
grm_tilt_x = -0.02350765302513599
grm_tilt_y = 2.3257846709238055
grm_G = 222.78407190837547
grm_apex = 17.766485802051967
d_grm_cam  = 21.604703425050293
cam_dec_x = -0.2711334849250781
cam_dec_y = 0.29092190830716713
cam_tilt_x = 0.012404587989951121
cam_tilt_y = 0.008841082534343816
d_cam_ff  = -160.07680066520535
ccd_ff_dec_x = -0.0237962087239499
ccd_ff_dec_y = 0.04201310340204095
ccd_ff_tilt_x = 0.03345804081123662
ccd_ff_tilt_y = -0.5909816090022165
ccd_ff_tilt_z = 0.17191846287635038
d_ff_ccd  = -4.81594997958012
ccd_dec_x = 0.5532918821058761
ccd_dec_y = 5.107633092386159
ccd_defocus = 0.2857554879076207
ccd_tilt_x = 0.032556778432306706
ccd_tilt_y = -0.0021095660738279973
ccd_tilt_z = 4.677876305938077e-06
p = 0.0001