slit_dec_x_a = -0.1704010755187174
slit_dec_y_a = -0.1956586180351446
slit_dec_x_b = 0.175
slit_dec_y_b = -1.8486811397083458e-96
slit_defocus = 0.021345061844537477
slit_tilt_x = 1.113980743382806
slit_tilt_y = -8.538401603425756
slit_tilt_z = -8.991625989771277
d_slit_col = 1594.309941812519
coll_tilt_x = 0.11317307521750859
coll_tilt_y = -0.0288867398776336
ech_G = 31.613233874404806
ech_blaze = -74.974831398809
ech_gamma = 1.1389782455108237
echelle_z = 0.07477548027331164
d_col_trf = -1588.0172282048368
trf_mirror_tilt_x = 0.02632916881753968
trf_mirror_tilt_y = 0.16217095491564634
d_col_grm = -0.004796689044559419
grism_dec_x = 236.42323408595053
grism_dec_y = 0.03821220132901728
grm_tilt_x = -0.014057696386002006
grm_tilt_y = 2.3052759422428495
grm_G = 222.82400058811913
grm_apex = 17.79104082445457
d_grm_cam  = 21.609819556325935
cam_dec_x = -0.3094566339653553
cam_dec_y = 0.24731580915230705
cam_tilt_x = -0.01107387475072573
cam_tilt_y = 0.0037707587499430212
d_cam_ff  = -160.0572392688506
ccd_ff_dec_x = -0.002598125932257421
ccd_ff_dec_y = 0.05306618059101704
ccd_ff_tilt_x = 0.019494934175993392
ccd_ff_tilt_y = -0.5728020793245947
ccd_ff_tilt_z = 0.18004174398588163
d_ff_ccd  = -4.838976178434485
ccd_dec_x = 0.6214025424982732
ccd_dec_y = 5.157151736247883
ccd_defocus = 0.2807561510877392
ccd_tilt_x = 0.005005332466611995
ccd_tilt_y = -0.010866647196913245
ccd_tilt_z = 5.100193771541953e-06
p = 0.0001