slit_dec_x_a = -0.181778666534
slit_dec_y_a = -0.18243150017
slit_dec_x_b = 0.14512077562974193
slit_dec_y_b = -0.05510809031835813
slit_defocus = -0.0021851348740610393
slit_tilt_x = 1.1347018452967177
slit_tilt_y = -8.568280959692748
slit_tilt_z = -9.0036377979752
d_slit_col = 1594.3039266249843
coll_tilt_x = 0.08640927035131038
coll_tilt_y = -0.022041290546280987
ech_G = 31.610896482420443
ech_blaze = -74.99562227382059
ech_gamma = 1.1581667103353463
echelle_z = 0.057333169404506584
d_col_trf = -1588.0163039892395
trf_mirror_tilt_x = 0.12252996332401153
trf_mirror_tilt_y = 0.018670714545150607
d_col_grm = 0.015011902348446154
grism_dec_x = 236.39747035883923
grism_dec_y = -0.005011188162302883
grm_tilt_x = -0.024709157614582342
grm_tilt_y = 2.3274130566088234
grm_G = 222.78572323562688
grm_apex = 17.809157865898946
d_grm_cam  = 21.604340064479484
cam_dec_x = -0.28360748993537604
cam_dec_y = 0.28971681841678465
cam_tilt_x = 0.0043239492256057915
cam_tilt_y = -0.027783810385875324
d_cam_ff  = -160.569666852554
ccd_ff_dec_x = -0.022762842719382576
ccd_ff_dec_y = -0.04779801740633569
ccd_ff_tilt_x = 0.16503248561083741
ccd_ff_tilt_y = -0.5897052104420755
ccd_ff_tilt_z = 0.17175194612281386
d_ff_ccd  = -4.78537499293647
ccd_dec_x = 0.5520039234928918
ccd_dec_y = 5.106253312759964
ccd_defocus = 0.31580250155714445
ccd_tilt_x = 0.021385700574013677
ccd_tilt_y = -0.00420675871585939
ccd_tilt_z = 3.7774457165821517e-07
p = 1.0284e-05