slit_dec_x_a = -0.181778666534
slit_dec_y_a = -0.18243150017
slit_dec_x_b = 0.14512077562974193
slit_dec_y_b = -0.05510809031835813
slit_defocus = -0.0022001708256994598
slit_tilt_x = 1.1347104949662743
slit_tilt_y = -8.568327850345536
slit_tilt_z = -9.003620659142982
d_slit_col = 1594.3039347460124
coll_tilt_x = 0.0864755602943108
coll_tilt_y = -0.02204416701649439
ech_G = 31.61089346776833
ech_blaze = -74.9955505324723
ech_gamma = 1.1581508095998467
echelle_z = 0.056923249084294435
d_col_trf = -1588.0162824277852
trf_mirror_tilt_x = 0.12251184337027345
trf_mirror_tilt_y = 0.018742436975377665
d_col_grm = 0.014992570825679665
grism_dec_x = 236.39750332719916
grism_dec_y = -0.005063757209791393
grm_tilt_x = -0.02464697940616029
grm_tilt_y = 2.3273255373986093
grm_G = 222.78585921519496
grm_apex = 17.809133943360774
d_grm_cam  = 21.604582986384173
cam_dec_x = -0.28361943222219577
cam_dec_y = 0.28976909442671783
cam_tilt_x = 0.004297729332964768
cam_tilt_y = -0.02778720936092676
d_cam_ff  = -160.56961329243262
ccd_ff_dec_x = -0.022827819140022472
ccd_ff_dec_y = -0.04777290716438298
ccd_ff_tilt_x = 0.16502130302307777
ccd_ff_tilt_y = -0.5894888695788429
ccd_ff_tilt_z = 0.17186045564057803
d_ff_ccd  = -4.785362713068111
ccd_dec_x = 0.5519050488597051
ccd_dec_y = 5.106518008396789
ccd_defocus = 0.3158267067990945
ccd_tilt_x = 0.021426885569397987
ccd_tilt_y = -0.004228053516312179
ccd_tilt_z = 2.909466412050437e-07
p = 1.2696363636363637e-05