slit_dec_x_a = -0.181778666534
slit_dec_y_a = -0.18243150017
slit_dec_x_b = 0.14512077562974193
slit_dec_y_b = -0.05510809031835813
slit_defocus = -0.013819333575638684
slit_tilt_x = 1.0540282716456297
slit_tilt_y = -8.559935678522319
slit_tilt_z = -9.02688602146748
d_slit_col = 1594.2902748517113
coll_tilt_x = 0.12141356150951561
coll_tilt_y = -0.026396645611947277
ech_G = 31.614562091335344
ech_blaze = -74.9948903529981
ech_gamma = 1.1556363827979654
echelle_z = 0.0569992550485587
d_col_trf = -1588.0163620642013
trf_mirror_tilt_x = 0.007290733200870207
trf_mirror_tilt_y = 0.15545052613701
d_col_grm = 0.035661250921822644
grism_dec_x = 236.38320120154032
grism_dec_y = 0.009225948104063308
grm_tilt_x = -0.02350706844279005
grm_tilt_y = 2.325788910849745
grm_G = 222.78407494066695
grm_apex = 17.7665508142366
d_grm_cam  = 21.604691775618452
cam_dec_x = -0.27109323493316717
cam_dec_y = 0.29085668334020165
cam_tilt_x = 0.01241459026165164
cam_tilt_y = 0.008789358384212735
d_cam_ff  = -160.0769516589878
ccd_ff_dec_x = -0.023803070205129274
ccd_ff_dec_y = 0.04200524433129586
ccd_ff_tilt_x = 0.033556251703187004
ccd_ff_tilt_y = -0.5909808844967507
ccd_ff_tilt_z = 0.17191757162022986
d_ff_ccd  = -4.815985180524312
ccd_dec_x = 0.553296770104913
ccd_dec_y = 5.1076331071766425
ccd_defocus = 0.285793891958289
ccd_tilt_x = 0.032525836123578254
ccd_tilt_y = -0.0021592183033743587
ccd_tilt_z = 4.6972931133466175e-06
p = 0.0001