slit_dec_x_a = -0.1704010755187174
slit_dec_y_a = -0.1956586180351446
slit_dec_x_b = 0.175
slit_dec_y_b = -1.7891115769444564e-96
slit_defocus = 0.0213403927366528
slit_tilt_x = 1.1140137768879783
slit_tilt_y = -8.538417115662686
slit_tilt_z = -8.99162679337366
d_slit_col = 1594.3099037397271
coll_tilt_x = 0.1132210014321328
coll_tilt_y = -0.02894608197961396
ech_G = 31.613233324569407
ech_blaze = -74.9748344535465
ech_gamma = 1.1389771806977924
echelle_z = 0.074764616973757
d_col_trf = -1588.0172299652252
trf_mirror_tilt_x = 0.026312235460639585
trf_mirror_tilt_y = 0.1622108287719642
d_col_grm = -0.00476601125820047
grism_dec_x = 236.4233147066672
grism_dec_y = 0.038154414888060526
grm_tilt_x = -0.01405639719897354
grm_tilt_y = 2.305277371792157
grm_G = 222.82399273648025
grm_apex = 17.79104064779922
d_grm_cam  = 21.609815689135438
cam_dec_x = -0.30947461667508536
cam_dec_y = 0.24728832484703117
cam_tilt_x = -0.01107671440657742
cam_tilt_y = 0.0038203822992447945
d_cam_ff  = -160.05742686914965
ccd_ff_dec_x = -0.002599327952748505
ccd_ff_dec_y = 0.05306660531511251
ccd_ff_tilt_x = 0.019542681471840878
ccd_ff_tilt_y = -0.5728027650774706
ccd_ff_tilt_z = 0.18004812791088007
d_ff_ccd  = -4.838894993982756
ccd_dec_x = 0.6214076642027445
ccd_dec_y = 5.1571510931863545
ccd_defocus = 0.2807215353427774
ccd_tilt_x = 0.005011396079424299
ccd_tilt_y = -0.01095424117033751
ccd_tilt_z = 5.080027617241178e-06
p = 0.0001