slit_dec_x_a = -0.17044216376593643
slit_dec_y_a = -0.196058859145867
slit_dec_x_b = 0.175
slit_dec_y_b = -1.8652337638725072e-96
slit_defocus = 0.0055766926672426494
slit_tilt_x = 1.1861279475359487
slit_tilt_y = -8.540008927949005
slit_tilt_z = -8.990852673091684
d_slit_col = 1594.2944358344587
coll_tilt_x = 0.08873755654983838
coll_tilt_y = -0.03177075629785008
ech_G = 31.610692588130878
ech_blaze = -74.9771028939768
ech_gamma = 1.1404745358247308
echelle_z = 0.07494405803455388
d_col_trf = -1588.0185660575273
trf_mirror_tilt_x = 0.1387158722891399
trf_mirror_tilt_y = 0.07759184126815163
d_col_grm = -0.009519185701529861
grism_dec_x = 236.43427957661
grism_dec_y = 0.03424052580308135
grm_tilt_x = -0.01583628467189269
grm_tilt_y = 2.3043641194503306
grm_G = 222.82516323542842
grm_apex = 17.81512124273982
d_grm_cam  = 21.608491755323755
cam_dec_x = -0.3021064408840218
cam_dec_y = 0.2503792761517491
cam_tilt_x = -0.018334764349967454
cam_tilt_y = -0.015033806384432155
d_cam_ff  = -160.40095693178225
ccd_ff_dec_x = -0.0035478815416522267
ccd_ff_dec_y = 0.00015060840176647663
ccd_ff_tilt_x = 0.14601317750472662
ccd_ff_tilt_y = -0.5720893884823898
ccd_ff_tilt_z = 0.17256724622064543
d_ff_ccd  = -4.811231637159084
ccd_dec_x = 0.6206738806745908
ccd_dec_y = 5.155266700737236
ccd_defocus = 0.3163180696531513
ccd_tilt_x = 0.00776002642007364
ccd_tilt_y = -0.01400338408974754
ccd_tilt_z = 3.2009270762391776e-06
p = 1.7938333333333333e-06