slit_dec_x_a = -0.181778666534
slit_dec_y_a = -0.18243150017
slit_dec_x_b = 0.14512077562974193
slit_dec_y_b = -0.05510809031835813
slit_defocus = -0.002213294623411681
slit_tilt_x = 1.1347001343858016
slit_tilt_y = -8.568295615366605
slit_tilt_z = -9.003629599709269
d_slit_col = 1594.3039128904825
coll_tilt_x = 0.0864350788568628
coll_tilt_y = -0.022047567878656665
ech_G = 31.610906841192374
ech_blaze = -74.99568773233797
ech_gamma = 1.1581518822894683
echelle_z = 0.057139857299471256
d_col_trf = -1588.0162482193637
trf_mirror_tilt_x = 0.12250746320419029
trf_mirror_tilt_y = 0.01868918294356943
d_col_grm = 0.014991790233145374
grism_dec_x = 236.39750184116463
grism_dec_y = -0.005061191708000454
grm_tilt_x = -0.02477645824441167
grm_tilt_y = 2.32743009895242
grm_G = 222.78571659553666
grm_apex = 17.80917614683381
d_grm_cam  = 21.604501748041674
cam_dec_x = -0.28363657471464704
cam_dec_y = 0.289704127386877
cam_tilt_x = 0.004360390640614703
cam_tilt_y = -0.027809129669700117
d_cam_ff  = -160.5696228387518
ccd_ff_dec_x = -0.02300584491442101
ccd_ff_dec_y = -0.047770690614903834
ccd_ff_tilt_x = 0.16503695017593317
ccd_ff_tilt_y = -0.5896726445564614
ccd_ff_tilt_z = 0.17185314810420038
d_ff_ccd  = -4.785355428616363
ccd_dec_x = 0.5519654018923605
ccd_dec_y = 5.1064653455000935
ccd_defocus = 0.31582536412385087
ccd_tilt_x = 0.021420765932392498
ccd_tilt_y = -0.004192892496573295
ccd_tilt_z = 2.588433582822138e-07
p = 1.7938333333333333e-06