slit_dec_x_a = -0.181778666534
slit_dec_y_a = -0.18243150017
slit_dec_x_b = 0.14512077562974193
slit_dec_y_b = -0.05510809031835813
slit_defocus = -0.013821772518011853
slit_tilt_x = 1.0541023282238309
slit_tilt_y = -8.559939083433262
slit_tilt_z = -9.026849219621111
d_slit_col = 1594.2903481073806
coll_tilt_x = 0.12139706430155828
coll_tilt_y = -0.0265138957363487
ech_G = 31.61456850948226
ech_blaze = -74.99488985156621
ech_gamma = 1.155640772606366
echelle_z = 0.057004542901159354
d_col_trf = -1588.0163597832443
trf_mirror_tilt_x = 0.007286288950709784
trf_mirror_tilt_y = 0.15548727079330657
d_col_grm = 0.035709283816811675
grism_dec_x = 236.38324630594073
grism_dec_y = 0.00922610353433571
grm_tilt_x = -0.02351281532138121
grm_tilt_y = 2.325787774960542
grm_G = 222.78406606859943
grm_apex = 17.766499587148065
d_grm_cam  = 21.604701511450436
cam_dec_x = -0.27107386997057636
cam_dec_y = 0.2908969037803573
cam_tilt_x = 0.012284094109573745
cam_tilt_y = 0.0087917176993831
d_cam_ff  = -160.07722010405843
ccd_ff_dec_x = -0.02379806562755306
ccd_ff_dec_y = 0.04212828604818132
ccd_ff_tilt_x = 0.03338996880215459
ccd_ff_tilt_y = -0.5909800835329541
ccd_ff_tilt_z = 0.1719190571957694
d_ff_ccd  = -4.815934976087164
ccd_dec_x = 0.5533030264891055
ccd_dec_y = 5.107636584990731
ccd_defocus = 0.2857288139979562
ccd_tilt_x = 0.03268878115262978
ccd_tilt_y = -0.0021597970278787724
ccd_tilt_z = 4.629746762978124e-06
p = 0.0001