slit_dec_x_a = -0.1704029777338892
slit_dec_y_a = -0.19583611303847454
slit_dec_x_b = 0.175
slit_dec_y_b = -2.624599567477304e-96
slit_defocus = 0.005513969637904326
slit_tilt_x = 1.1861154356846424
slit_tilt_y = -8.540097672587585
slit_tilt_z = -8.990821341421464
d_slit_col = 1594.2944399367104
coll_tilt_x = 0.08854496699511119
coll_tilt_y = -0.031704225558557945
ech_G = 31.61066846967138
ech_blaze = -74.97707072531756
ech_gamma = 1.1404531684991355
echelle_z = 0.07543426778695435
d_col_trf = -1588.0185925881563
trf_mirror_tilt_x = 0.13865259967692223
trf_mirror_tilt_y = 0.07754173125580799
d_col_grm = -0.009544674946663934
grism_dec_x = 236.4343143496521
grism_dec_y = 0.03423514624503539
grm_tilt_x = -0.0159171044269506
grm_tilt_y = 2.304371681532536
grm_G = 222.825190671665
grm_apex = 17.815126018895807
d_grm_cam  = 21.608477874991603
cam_dec_x = -0.30209991058586244
cam_dec_y = 0.2503332193227707
cam_tilt_x = -0.018344633036256157
cam_tilt_y = -0.015010894840369545
d_cam_ff  = -160.40097406598284
ccd_ff_dec_x = -0.0035410800712916256
ccd_ff_dec_y = 0.0001670923644413273
ccd_ff_tilt_x = 0.1460126932323562
ccd_ff_tilt_y = -0.5720156500159733
ccd_ff_tilt_z = 0.172552315828591
d_ff_ccd  = -4.811202898364824
ccd_dec_x = 0.6206374130214213
ccd_dec_y = 5.1552960085704935
ccd_defocus = 0.316328262020096
ccd_tilt_x = 0.007789055741423469
ccd_tilt_y = -0.014015790298934362
ccd_tilt_z = 3.2811129699058693e-06
p = 2.075e-06