slit_dec_x_a = -0.181778666534
slit_dec_y_a = -0.18243150017
slit_dec_x_b = 0.14512077562974193
slit_dec_y_b = -0.05510809031835813
slit_defocus = -0.0022105370051051297
slit_tilt_x = 1.1346938877735462
slit_tilt_y = -8.56837270628852
slit_tilt_z = -9.00357036016861
d_slit_col = 1594.3039925230864
coll_tilt_x = 0.08647571041107421
coll_tilt_y = -0.02205300257767067
ech_G = 31.610917813250158
ech_blaze = -74.99573354797622
ech_gamma = 1.1580980494731226
echelle_z = 0.05672754435601959
d_col_trf = -1588.016358362342
trf_mirror_tilt_x = 0.12249424215005683
trf_mirror_tilt_y = 0.018715809399884237
d_col_grm = 0.014944304437952272
grism_dec_x = 236.39746827839545
grism_dec_y = -0.0050622548389682555
grm_tilt_x = -0.02466045820359087
grm_tilt_y = 2.3273520471735303
grm_G = 222.78588702587123
grm_apex = 17.809070325724505
d_grm_cam  = 21.6048639839595
cam_dec_x = -0.28363344018755726
cam_dec_y = 0.28975221032383813
cam_tilt_x = 0.004326929292998873
cam_tilt_y = -0.02777961183889503
d_cam_ff  = -160.5695240924071
ccd_ff_dec_x = -0.022861828517330565
ccd_ff_dec_y = -0.047777302341656745
ccd_ff_tilt_x = 0.16503872107428574
ccd_ff_tilt_y = -0.5893615925181148
ccd_ff_tilt_z = 0.17176705507170414
d_ff_ccd  = -4.785407088179373
ccd_dec_x = 0.5518082948522237
ccd_dec_y = 5.106359052576673
ccd_defocus = 0.3158531087759331
ccd_tilt_x = 0.0213675734854726
ccd_tilt_y = -0.004193309881922017
ccd_tilt_z = 2.553565764641099e-07
p = 2.075e-06