slit_dec_x_a = -0.1704010755187174
slit_dec_y_a = -0.1956586180351446
slit_dec_x_b = 0.175
slit_dec_y_b = -1.8950574900415174e-96
slit_defocus = 0.02134745517901377
slit_tilt_x = 1.1139621102100727
slit_tilt_y = -8.538474526642577
slit_tilt_z = -8.991639938445589
d_slit_col = 1594.3099237116703
coll_tilt_x = 0.11316946348428383
coll_tilt_y = -0.028900664077121933
ech_G = 31.613230380599138
ech_blaze = -74.97482480655071
ech_gamma = 1.1389802918334915
echelle_z = 0.07477063755624201
d_col_trf = -1588.0172260516863
trf_mirror_tilt_x = 0.02630201982426645
trf_mirror_tilt_y = 0.16216262887316904
d_col_grm = -0.004885212312572069
grism_dec_x = 236.42328789020317
grism_dec_y = 0.0381786078527622
grm_tilt_x = -0.014057986147366835
grm_tilt_y = 2.305272254593278
grm_G = 222.82400221520624
grm_apex = 17.79099241960801
d_grm_cam  = 21.60981908061535
cam_dec_x = -0.3096489489935546
cam_dec_y = 0.24728984403846105
cam_tilt_x = -0.011010192209495218
cam_tilt_y = 0.003725061751442645
d_cam_ff  = -160.05738839637618
ccd_ff_dec_x = -0.0026021516623010157
ccd_ff_dec_y = 0.053046704994860895
ccd_ff_tilt_x = 0.019471740507840344
ccd_ff_tilt_y = -0.5728087054126138
ccd_ff_tilt_z = 0.18005314472644351
d_ff_ccd  = -4.839005315407077
ccd_dec_x = 0.6214068447674217
ccd_dec_y = 5.157152238203926
ccd_defocus = 0.28069638739280006
ccd_tilt_x = 0.005107626530402818
ccd_tilt_y = -0.010896559839287156
ccd_tilt_z = 5.102517226238042e-06
p = 0.0001