slit_dec_x_a = -0.181778666534
slit_dec_y_a = -0.18243150017
slit_dec_x_b = 0.14512077562974193
slit_dec_y_b = -0.05510809031835813
slit_defocus = -0.013832821701359063
slit_tilt_x = 1.0540911139571159
slit_tilt_y = -8.559963607375087
slit_tilt_z = -9.026945620926574
d_slit_col = 1594.2903940877718
coll_tilt_x = 0.12142401173987684
coll_tilt_y = -0.026487612436091684
ech_G = 31.614567847855707
ech_blaze = -74.99488669521112
ech_gamma = 1.1556392562936322
echelle_z = 0.05700473587596759
d_col_trf = -1588.0163669454753
trf_mirror_tilt_x = 0.007329550081807249
trf_mirror_tilt_y = 0.1555032245903126
d_col_grm = 0.035620088895980125
grism_dec_x = 236.3832584016194
grism_dec_y = 0.009251362618805496
grm_tilt_x = -0.02350547168970202
grm_tilt_y = 2.325792197365218
grm_G = 222.7840705885345
grm_apex = 17.76652507196355
d_grm_cam  = 21.604703645072554
cam_dec_x = -0.2710905030430306
cam_dec_y = 0.29095767077970247
cam_tilt_x = 0.012446321672633617
cam_tilt_y = 0.008834480089338353
d_cam_ff  = -160.07716189922638
ccd_ff_dec_x = -0.023803970637203974
ccd_ff_dec_y = 0.042056764826046776
ccd_ff_tilt_x = 0.0334684155986212
ccd_ff_tilt_y = -0.590982477233101
ccd_ff_tilt_z = 0.17192313633495357
d_ff_ccd  = -4.816009223916385
ccd_dec_x = 0.5532950126926071
ccd_dec_y = 5.107633555064623
ccd_defocus = 0.28575185024161814
ccd_tilt_x = 0.032597124830527985
ccd_tilt_y = -0.002142311128609212
ccd_tilt_z = 4.7078015790381546e-06
p = 0.0001