slit_dec_x_a = -0.181778666534
slit_dec_y_a = -0.18243150017
slit_dec_x_b = 0.14512077562974193
slit_dec_y_b = -0.05510809031835813
slit_defocus = -0.013827017632112557
slit_tilt_x = 1.0540795214125935
slit_tilt_y = -8.55991534186792
slit_tilt_z = -9.026901250996367
d_slit_col = 1594.290300421732
coll_tilt_x = 0.12146178030904894
coll_tilt_y = -0.026479467451963237
ech_G = 31.614565618390042
ech_blaze = -74.99488414965612
ech_gamma = 1.1556468429550621
echelle_z = 0.057001278055964055
d_col_trf = -1588.0163653793556
trf_mirror_tilt_x = 0.0073549978963165456
trf_mirror_tilt_y = 0.15538448643387903
d_col_grm = 0.035682925984594736
grism_dec_x = 236.38321568924914
grism_dec_y = 0.009230455460788746
grm_tilt_x = -0.023509431471395403
grm_tilt_y = 2.325792569116253
grm_G = 222.7840665449311
grm_apex = 17.76652885255161
d_grm_cam  = 21.604699556915914
cam_dec_x = -0.27115265995626514
cam_dec_y = 0.29084323110177085
cam_tilt_x = 0.01240701978058704
cam_tilt_y = 0.008848481182249627
d_cam_ff  = -160.0768860873645
ccd_ff_dec_x = -0.02379974829088031
ccd_ff_dec_y = 0.04203764827929108
ccd_ff_tilt_x = 0.03348768286991315
ccd_ff_tilt_y = -0.5909811974766125
ccd_ff_tilt_z = 0.1719193257402682
d_ff_ccd  = -4.815989304697579
ccd_dec_x = 0.5532996970500158
ccd_dec_y = 5.107632149854151
ccd_defocus = 0.2857746210491161
ccd_tilt_x = 0.03258705259742343
ccd_tilt_y = -0.0021988564105078763
ccd_tilt_z = 4.686796453462719e-06
p = 0.0001