slit_dec_x_a = -0.17041472150074793
slit_dec_y_a = -0.19604249512899927
slit_dec_x_b = 0.175
slit_dec_y_b = -1.8670425366768324e-96
slit_defocus = 0.005556967995481493
slit_tilt_x = 1.1861524421718868
slit_tilt_y = -8.539995655534716
slit_tilt_z = -8.990838679116944
d_slit_col = 1594.294466546533
coll_tilt_x = 0.08878856219225731
coll_tilt_y = -0.03176507287033214
ech_G = 31.61065825988717
ech_blaze = -74.97676656857215
ech_gamma = 1.1405017224088474
echelle_z = 0.07484686339247332
d_col_trf = -1588.0185264893823
trf_mirror_tilt_x = 0.1386638710970348
trf_mirror_tilt_y = 0.07758069414887321
d_col_grm = -0.009545961952819378
grism_dec_x = 236.4343282393257
grism_dec_y = 0.0341980691051656
grm_tilt_x = -0.015662426957981642
grm_tilt_y = 2.3043659463203836
grm_G = 222.82519349278905
grm_apex = 17.8151041395272
d_grm_cam  = 21.60846437232495
cam_dec_x = -0.30215378042379665
cam_dec_y = 0.25034575292540506
cam_tilt_x = -0.018618468737416335
cam_tilt_y = -0.015043567418671673
d_cam_ff  = -160.40096093645704
ccd_ff_dec_x = -0.0035042131965190033
ccd_ff_dec_y = 0.00018478720078697795
ccd_ff_tilt_x = 0.14604347872160744
ccd_ff_tilt_y = -0.5720673837988247
ccd_ff_tilt_z = 0.17259393847498877
d_ff_ccd  = -4.811246541876976
ccd_dec_x = 0.6206814050235974
ccd_dec_y = 5.155312595493699
ccd_defocus = 0.31631265732249275
ccd_tilt_x = 0.007744607686915211
ccd_tilt_y = -0.0140472852462026
ccd_tilt_z = 3.139325260635954e-06
p = 2.948e-06