slit_dec_x_a = -0.181778666534
slit_dec_y_a = -0.18243150017
slit_dec_x_b = 0.14512077562974193
slit_dec_y_b = -0.05510809031835813
slit_defocus = -0.0022127198412010235
slit_tilt_x = 1.1346971490326776
slit_tilt_y = -8.568222835152
slit_tilt_z = -9.003656483573334
d_slit_col = 1594.3039044742197
coll_tilt_x = 0.08643399517910307
coll_tilt_y = -0.02207612278837336
ech_G = 31.61087905953966
ech_blaze = -74.99551957386097
ech_gamma = 1.1581083632433915
echelle_z = 0.05742599565843207
d_col_trf = -1588.016354529831
trf_mirror_tilt_x = 0.12253009436607643
trf_mirror_tilt_y = 0.018678326942628068
d_col_grm = 0.015040378457358753
grism_dec_x = 236.3974795751746
grism_dec_y = -0.0050115539662019554
grm_tilt_x = -0.024780547454134584
grm_tilt_y = 2.3272842257964172
grm_G = 222.7857600155663
grm_apex = 17.809162939703985
d_grm_cam  = 21.6043015222905
cam_dec_x = -0.2836130446675161
cam_dec_y = 0.2897216374919851
cam_tilt_x = 0.0043527059150267585
cam_tilt_y = -0.027798803916819975
d_cam_ff  = -160.5697041774835
ccd_ff_dec_x = -0.022761050333341498
ccd_ff_dec_y = -0.047802099944279586
ccd_ff_tilt_x = 0.1650427097521101
ccd_ff_tilt_y = -0.5897668454664977
ccd_ff_tilt_z = 0.1717545501990655
d_ff_ccd  = -4.785372609652109
ccd_dec_x = 0.5519705399552076
ccd_dec_y = 5.106177405559236
ccd_defocus = 0.31575246151131164
ccd_tilt_x = 0.021377810252724564
ccd_tilt_y = -0.0042160859029986
ccd_tilt_z = 3.612728443743656e-07
p = 2.948e-06