slit_dec_x_a = -0.1704067737176147
slit_dec_y_a = -0.19598031479438985
slit_dec_x_b = 0.175
slit_dec_y_b = -1.6122411908493765e-96
slit_defocus = 0.0055584830695395
slit_tilt_x = 1.186150700495065
slit_tilt_y = -8.540021563510047
slit_tilt_z = -8.99083645988186
d_slit_col = 1594.2944628581824
coll_tilt_x = 0.08875794259945605
coll_tilt_y = -0.03181570955216977
ech_G = 31.610675561555595
ech_blaze = -74.97682248123427
ech_gamma = 1.1403868495544873
echelle_z = 0.07478713172434058
d_col_trf = -1588.018522781214
trf_mirror_tilt_x = 0.13866813383454288
trf_mirror_tilt_y = 0.07757910949423698
d_col_grm = -0.009561678649770616
grism_dec_x = 236.4343273956717
grism_dec_y = 0.03418766711271195
grm_tilt_x = -0.015778844167458828
grm_tilt_y = 2.3043602515137414
grm_G = 222.82518445373523
grm_apex = 17.815136413371135
d_grm_cam  = 21.60844700154259
cam_dec_x = -0.3021414488593614
cam_dec_y = 0.2503164171629762
cam_tilt_x = -0.018673210559506194
cam_tilt_y = -0.01504959759961134
d_cam_ff  = -160.40092975421396
ccd_ff_dec_x = -0.0034882808474054846
ccd_ff_dec_y = 0.00018200835268826794
ccd_ff_tilt_x = 0.1460402219409041
ccd_ff_tilt_y = -0.5720411377686586
ccd_ff_tilt_z = 0.17257656958767234
d_ff_ccd  = -4.8112669267753025
ccd_dec_x = 0.6207048403171275
ccd_dec_y = 5.155321588342667
ccd_defocus = 0.31630434340189256
ccd_tilt_x = 0.007730797973925507
ccd_tilt_y = -0.014081332794522321
ccd_tilt_z = 3.0531665311676614e-06
p = 1.2640833333333334e-06