slit_dec_x_a = -0.181778666534
slit_dec_y_a = -0.18243150017
slit_dec_x_b = 0.14512077562974193
slit_dec_y_b = -0.05510809031835813
slit_defocus = -0.0022197552001877265
slit_tilt_x = 1.1347027958643756
slit_tilt_y = -8.568226770673851
slit_tilt_z = -9.003673689448377
d_slit_col = 1594.3039227498527
coll_tilt_x = 0.08641486603583264
coll_tilt_y = -0.022053765536862887
ech_G = 31.610882023654227
ech_blaze = -74.99554661617037
ech_gamma = 1.1580582858658004
echelle_z = 0.05747765605345089
d_col_trf = -1588.016328934743
trf_mirror_tilt_x = 0.1225399159444913
trf_mirror_tilt_y = 0.018676598225316077
d_col_grm = 0.015052241982558933
grism_dec_x = 236.39745881517854
grism_dec_y = -0.005011612243220374
grm_tilt_x = -0.02476015578970955
grm_tilt_y = 2.327248477831881
grm_G = 222.7857336744177
grm_apex = 17.80917577657432
d_grm_cam  = 21.604306688629336
cam_dec_x = -0.28359594149042905
cam_dec_y = 0.2897183091855406
cam_tilt_x = 0.004352143148833953
cam_tilt_y = -0.027820789171586566
d_cam_ff  = -160.5696289058228
ccd_ff_dec_x = -0.022666637823316557
ccd_ff_dec_y = -0.047786003617018145
ccd_ff_tilt_x = 0.16504783929668396
ccd_ff_tilt_y = -0.5897927293123462
ccd_ff_tilt_z = 0.17174401600415645
d_ff_ccd  = -4.785374894287721
ccd_dec_x = 0.5520414712469655
ccd_dec_y = 5.106107952358875
ccd_defocus = 0.3157593470608795
ccd_tilt_x = 0.021361805653926407
ccd_tilt_y = -0.004211530403328594
ccd_tilt_z = 3.597631568851906e-07
p = 1.2640833333333334e-06