slit_dec_x_a = -0.181778666534
slit_dec_y_a = -0.18243150017
slit_dec_x_b = 0.14512077562974193
slit_dec_y_b = -0.05510809031835813
slit_defocus = -0.013780492108613316
slit_tilt_x = 1.0541106461800376
slit_tilt_y = -8.559969469547129
slit_tilt_z = -9.026862743663656
d_slit_col = 1594.2903008723772
coll_tilt_x = 0.12147297011426007
coll_tilt_y = -0.026445284980785903
ech_G = 31.614564367415877
ech_blaze = -74.9948812422391
ech_gamma = 1.1556361657709213
echelle_z = 0.05700830779429975
d_col_trf = -1588.0163701250017
trf_mirror_tilt_x = 0.007270287193926247
trf_mirror_tilt_y = 0.15546568929826624
d_col_grm = 0.03568620087364428
grism_dec_x = 236.38323142454345
grism_dec_y = 0.00922207042436782
grm_tilt_x = -0.02351080998495798
grm_tilt_y = 2.3257864439729423
grm_G = 222.78406994203064
grm_apex = 17.766534926245743
d_grm_cam  = 21.60469929294724
cam_dec_x = -0.271161491642177
cam_dec_y = 0.29090187454586075
cam_tilt_x = 0.012509303759841479
cam_tilt_y = 0.008818277196995062
d_cam_ff  = -160.0772634739534
ccd_ff_dec_x = -0.02379885613117975
ccd_ff_dec_y = 0.042081814114331435
ccd_ff_tilt_x = 0.033504813165852916
ccd_ff_tilt_y = -0.590983479952652
ccd_ff_tilt_z = 0.17192675940030322
d_ff_ccd  = -4.815981298501232
ccd_dec_x = 0.5532974528500624
ccd_dec_y = 5.107627845207008
ccd_defocus = 0.2857742775693771
ccd_tilt_x = 0.03257723744188578
ccd_tilt_y = -0.0021322340763922755
ccd_tilt_z = 4.701796071602283e-06
p = 0.0001