slit_dec_x_a = -0.17046209408431587
slit_dec_y_a = -0.19604139042227514
slit_dec_x_b = 0.175
slit_dec_y_b = -2.135662665055921e-96
slit_defocus = 0.00552903169808947
slit_tilt_x = 1.1861201181441676
slit_tilt_y = -8.540049433558057
slit_tilt_z = -8.99086113620227
d_slit_col = 1594.2944569955703
coll_tilt_x = 0.08879383669753967
coll_tilt_y = -0.03171018883831657
ech_G = 31.61067842857562
ech_blaze = -74.97703060746244
ech_gamma = 1.1405901683019053
echelle_z = 0.0750350791719809
d_col_trf = -1588.0185611672896
trf_mirror_tilt_x = 0.13873030007092377
trf_mirror_tilt_y = 0.07757178939622049
d_col_grm = -0.009525750732054783
grism_dec_x = 236.43430604773394
grism_dec_y = 0.034222103208396644
grm_tilt_x = -0.01577347494087779
grm_tilt_y = 2.304375024379051
grm_G = 222.82523088270372
grm_apex = 17.8151050460683
d_grm_cam  = 21.60848887819715
cam_dec_x = -0.3021008579107522
cam_dec_y = 0.25037781562796935
cam_tilt_x = -0.018186991795502674
cam_tilt_y = -0.015009556450526854
d_cam_ff  = -160.40093686991966
ccd_ff_dec_x = -0.003553841893267
ccd_ff_dec_y = 0.00013603076082252665
ccd_ff_tilt_x = 0.14600061513552026
ccd_ff_tilt_y = -0.5720588506098852
ccd_ff_tilt_z = 0.17255546102519775
d_ff_ccd  = -4.811221829004557
ccd_dec_x = 0.6206425703265209
ccd_dec_y = 5.155270240650826
ccd_defocus = 0.3163259672186384
ccd_tilt_x = 0.007784224465946897
ccd_tilt_y = -0.014005555154195182
ccd_tilt_z = 3.2312349583943972e-06
p = 7.070333333333333e-06