slit_dec_x_a = -0.181778666534
slit_dec_y_a = -0.18243150017
slit_dec_x_b = 0.14512077562974193
slit_dec_y_b = -0.05510809031835813
slit_defocus = -0.002185187572202854
slit_tilt_x = 1.1347036407527353
slit_tilt_y = -8.568292644731239
slit_tilt_z = -9.003598417437207
d_slit_col = 1594.3039261344823
coll_tilt_x = 0.08646849426739552
coll_tilt_y = -0.022043973296214135
ech_G = 31.610905140766487
ech_blaze = -74.99559274888152
ech_gamma = 1.1582331612097927
echelle_z = 0.056989870534689444
d_col_trf = -1588.0162120988396
trf_mirror_tilt_x = 0.12250079177496365
trf_mirror_tilt_y = 0.01870137220655186
d_col_grm = 0.014979824805165508
grism_dec_x = 236.39748119002743
grism_dec_y = -0.00506749900351404
grm_tilt_x = -0.024817976441876156
grm_tilt_y = 2.3275048845932615
grm_G = 222.78569529080323
grm_apex = 17.80915693855138
d_grm_cam  = 21.604593839978193
cam_dec_x = -0.283642655280483
cam_dec_y = 0.28975050487402354
cam_tilt_x = 0.00433429961864123
cam_tilt_y = -0.027816658613763808
d_cam_ff  = -160.56957871536216
ccd_ff_dec_x = -0.022896490101410063
ccd_ff_dec_y = -0.047782968082902125
ccd_ff_tilt_x = 0.16503378814834918
ccd_ff_tilt_y = -0.5895863475987809
ccd_ff_tilt_z = 0.1716818186578432
d_ff_ccd  = -4.785393061829694
ccd_dec_x = 0.5519590592407212
ccd_dec_y = 5.106523005087397
ccd_defocus = 0.31583407716795425
ccd_tilt_x = 0.02142720364349036
ccd_tilt_y = -0.004220427626615399
ccd_tilt_z = 3.0845198796171776e-07
p = 7.070333333333333e-06