slit_dec_x_a = -0.1704010755187174
slit_dec_y_a = -0.1956586180351446
slit_dec_x_b = 0.175
slit_dec_y_b = -1.8233501643993787e-96
slit_defocus = 0.02140359758315269
slit_tilt_x = 1.1140231771077485
slit_tilt_y = -8.538439440193489
slit_tilt_z = -8.991628295766592
d_slit_col = 1594.3099248077906
coll_tilt_x = 0.1131818961778933
coll_tilt_y = -0.028900539208614136
ech_G = 31.613230555119948
ech_blaze = -74.9748350083582
ech_gamma = 1.1389803628842936
echelle_z = 0.07477284041906014
d_col_trf = -1588.0172333893395
trf_mirror_tilt_x = 0.026307537064775725
trf_mirror_tilt_y = 0.16222091179984385
d_col_grm = -0.004849823173560216
grism_dec_x = 236.42332523237005
grism_dec_y = 0.03821675200187991
grm_tilt_x = -0.01405121422688404
grm_tilt_y = 2.3052779824625196
grm_G = 222.8240024848569
grm_apex = 17.79110610436965
d_grm_cam  = 21.60981404187047
cam_dec_x = -0.3095337495259053
cam_dec_y = 0.24718119273710512
cam_tilt_x = -0.011089873926569755
cam_tilt_y = 0.003751515292645192
d_cam_ff  = -160.05775632903004
ccd_ff_dec_x = -0.0026042358259061632
ccd_ff_dec_y = 0.053066522268317484
ccd_ff_tilt_x = 0.01950552401245364
ccd_ff_tilt_y = -0.5728040814710681
ccd_ff_tilt_z = 0.18004510703468557
d_ff_ccd  = -4.83894869112592
ccd_dec_x = 0.6214039916647774
ccd_dec_y = 5.157145443747342
ccd_defocus = 0.2807024014041258
ccd_tilt_x = 0.0050628739541995395
ccd_tilt_y = -0.010931366691693952
ccd_tilt_z = 5.076123133005407e-06
p = 0.0001