slit_dec_x_a = -0.17044735488532614
slit_dec_y_a = -0.1960960046741812
slit_dec_x_b = 0.175
slit_dec_y_b = -1.8279058240082609e-96
slit_defocus = 0.00557855772224258
slit_tilt_x = 1.186127710418086
slit_tilt_y = -8.540011362612612
slit_tilt_z = -8.990847672012183
d_slit_col = 1594.2944342546427
coll_tilt_x = 0.08874896786665351
coll_tilt_y = -0.031776020038933386
ech_G = 31.61069287903574
ech_blaze = -74.97711576176259
ech_gamma = 1.1404834152419892
echelle_z = 0.07496715360375229
d_col_trf = -1588.0185657473887
trf_mirror_tilt_x = 0.13871200112365017
trf_mirror_tilt_y = 0.07759053021039856
d_col_grm = -0.009513847431962336
grism_dec_x = 236.43426448137083
grism_dec_y = 0.03424436831574319
grm_tilt_x = -0.015785903303957897
grm_tilt_y = 2.3043602115923845
grm_G = 222.82516705739565
grm_apex = 17.815122385104466
d_grm_cam  = 21.60849477077299
cam_dec_x = -0.30210917134675813
cam_dec_y = 0.25037605023872583
cam_tilt_x = -0.018324610267016088
cam_tilt_y = -0.015035753445293462
d_cam_ff  = -160.4009589375257
ccd_ff_dec_x = -0.003543852730248849
ccd_ff_dec_y = 0.0001501119519836529
ccd_ff_tilt_x = 0.14601172396378231
ccd_ff_tilt_y = -0.5720893325811669
ccd_ff_tilt_z = 0.1725580830265677
d_ff_ccd  = -4.8112396925008785
ccd_dec_x = 0.6206695074090416
ccd_dec_y = 5.1552628146184265
ccd_defocus = 0.3163251645204316
ccd_tilt_x = 0.007765765734480067
ccd_tilt_y = -0.013997618302400766
ccd_tilt_z = 3.204646182489532e-06
p = 1.8855454545454546e-06