slit_dec_x_a = -0.181778666534
slit_dec_y_a = -0.18243150017
slit_dec_x_b = 0.14512077562974193
slit_dec_y_b = -0.05510809031835813
slit_defocus = -0.0022092500087904743
slit_tilt_x = 1.134695208527117
slit_tilt_y = -8.568297037827909
slit_tilt_z = -9.003628920393464
d_slit_col = 1594.3039210164409
coll_tilt_x = 0.08643214993388264
coll_tilt_y = -0.02204977762850957
ech_G = 31.610902748527916
ech_blaze = -74.99566314524384
ech_gamma = 1.1581823655351235
echelle_z = 0.05712866123979884
d_col_trf = -1588.0162401888995
trf_mirror_tilt_x = 0.12250621780225596
trf_mirror_tilt_y = 0.018697180001918744
d_col_grm = 0.01499289653203425
grism_dec_x = 236.39749397173557
grism_dec_y = -0.005059380001598439
grm_tilt_x = -0.024775196366314048
grm_tilt_y = 2.3274456028580275
grm_G = 222.78572530239427
grm_apex = 17.809163521240336
d_grm_cam  = 21.604534111025867
cam_dec_x = -0.28363472211386576
cam_dec_y = 0.2897096102700377
cam_tilt_x = 0.004366206165253257
cam_tilt_y = -0.027804994466725054
d_cam_ff  = -160.5696231030058
ccd_ff_dec_x = -0.02300843511753847
ccd_ff_dec_y = -0.04776737897383899
ccd_ff_tilt_x = 0.16503691229235373
ccd_ff_tilt_y = -0.5896561995964187
ccd_ff_tilt_z = 0.1718549111400878
d_ff_ccd  = -4.785357298139926
ccd_dec_x = 0.5519543575523026
ccd_dec_y = 5.106477370933803
ccd_defocus = 0.3158248330346098
ccd_tilt_x = 0.021426870642684885
ccd_tilt_y = -0.004193609294347532
ccd_tilt_z = 3.0494642332141706e-07
p = 1.8855454545454546e-06