slit_dec_x_a = -0.1704010755187174
slit_dec_y_a = -0.1956586180351446
slit_dec_x_b = 0.175
slit_dec_y_b = -1.7939116602981535e-96
slit_defocus = 0.02137162324048423
slit_tilt_x = 1.1140344385147583
slit_tilt_y = -8.538451709709673
slit_tilt_z = -8.991634687642607
d_slit_col = 1594.3099748741702
coll_tilt_x = 0.11321245464941611
coll_tilt_y = -0.028943633774295395
ech_G = 31.613225812475502
ech_blaze = -74.97482801693698
ech_gamma = 1.1389758567951136
echelle_z = 0.07476621285671817
d_col_trf = -1588.0172371318774
trf_mirror_tilt_x = 0.026399918231278883
trf_mirror_tilt_y = 0.16226262527921
d_col_grm = -0.0047543062622783395
grism_dec_x = 236.42334926082958
grism_dec_y = 0.038220290301543704
grm_tilt_x = -0.014054828475106789
grm_tilt_y = 2.305277025360949
grm_G = 222.82400562493112
grm_apex = 17.790995606390652
d_grm_cam  = 21.609813209322724
cam_dec_x = -0.3095496968408043
cam_dec_y = 0.2473363538838173
cam_tilt_x = -0.011068704948152487
cam_tilt_y = 0.0038168496796035897
d_cam_ff  = -160.05734503970032
ccd_ff_dec_x = -0.002598912374792141
ccd_ff_dec_y = 0.05307333228493038
ccd_ff_tilt_x = 0.019523034401204547
ccd_ff_tilt_y = -0.5728029424111079
ccd_ff_tilt_z = 0.18005258251994583
d_ff_ccd  = -4.838920249435349
ccd_dec_x = 0.6214042714101897
ccd_dec_y = 5.157150659111194
ccd_defocus = 0.2807090646036798
ccd_tilt_x = 0.005025109254759409
ccd_tilt_y = -0.010858820083087898
ccd_tilt_z = 5.06244639898002e-06
p = 0.0001