slit_dec_x_a = -0.17041264090941421
slit_dec_y_a = -0.19597314150660267
slit_dec_x_b = 0.175
slit_dec_y_b = -1.767208276960333e-96
slit_defocus = 0.005572659372750069
slit_tilt_x = 1.1861539562845
slit_tilt_y = -8.540012560252798
slit_tilt_z = -8.990839854341864
d_slit_col = 1594.2944621421677
coll_tilt_x = 0.08877228899225115
coll_tilt_y = -0.03183437254899611
ech_G = 31.61065594507137
ech_blaze = -74.97677542890189
ech_gamma = 1.140431929984573
echelle_z = 0.07479111797004244
d_col_trf = -1588.0185326841654
trf_mirror_tilt_x = 0.1386583026828382
trf_mirror_tilt_y = 0.07758979242654801
d_col_grm = -0.00956419183371836
grism_dec_x = 236.43432117046825
grism_dec_y = 0.034199295341292506
grm_tilt_x = -0.015687101776038662
grm_tilt_y = 2.3043696887678844
grm_G = 222.8251875776278
grm_apex = 17.815129807630246
d_grm_cam  = 21.608440199068713
cam_dec_x = -0.30215854593199803
cam_dec_y = 0.25033212629623885
cam_tilt_x = -0.018638111994030825
cam_tilt_y = -0.015044818390719758
d_cam_ff  = -160.40093886059597
ccd_ff_dec_x = -0.003500440952522744
ccd_ff_dec_y = 0.0001832716504002419
ccd_ff_tilt_x = 0.14603902383798179
ccd_ff_tilt_y = -0.5720431154037785
ccd_ff_tilt_z = 0.17258906942926702
d_ff_ccd  = -4.811255070086449
ccd_dec_x = 0.6206878644740063
ccd_dec_y = 5.155309973133985
ccd_defocus = 0.31632698298267553
ccd_tilt_x = 0.007724096062061856
ccd_tilt_y = -0.014069995442553005
ccd_tilt_z = 3.1231623405166263e-06
p = 2.08925e-06