slit_dec_x_a = -0.181778666534
slit_dec_y_a = -0.18243150017
slit_dec_x_b = 0.14512077562974193
slit_dec_y_b = -0.05510809031835813
slit_defocus = -0.002217642218261455
slit_tilt_x = 1.1346954159339
slit_tilt_y = -8.568217698559476
slit_tilt_z = -9.003673450387502
d_slit_col = 1594.3039140610697
coll_tilt_x = 0.08642273921102575
coll_tilt_y = -0.02206519252649946
ech_G = 31.610870081035525
ech_blaze = -74.99550431185483
ech_gamma = 1.1581034458456976
echelle_z = 0.05736121645706181
d_col_trf = -1588.0163370125358
trf_mirror_tilt_x = 0.12253562951154848
trf_mirror_tilt_y = 0.018671588697752997
d_col_grm = 0.015057356969823365
grism_dec_x = 236.39747032270384
grism_dec_y = -0.005008742088685468
grm_tilt_x = -0.024719283065981503
grm_tilt_y = 2.327260763250507
grm_G = 222.78572496589652
grm_apex = 17.8091713055123
d_grm_cam  = 21.60432578156236
cam_dec_x = -0.28360943777284925
cam_dec_y = 0.2897082571797432
cam_tilt_x = 0.004340031157232411
cam_tilt_y = -0.027806109723792896
d_cam_ff  = -160.56974159044708
ccd_ff_dec_x = -0.022704629264130364
ccd_ff_dec_y = -0.047792594394191826
ccd_ff_tilt_x = 0.16505653747705573
ccd_ff_tilt_y = -0.5897236869867141
ccd_ff_tilt_z = 0.17176530755892083
d_ff_ccd  = -4.785356551885207
ccd_dec_x = 0.5520560297318046
ccd_dec_y = 5.106183098861473
ccd_defocus = 0.3157458512782118
ccd_tilt_x = 0.021372697691844966
ccd_tilt_y = -0.004203287830442708
ccd_tilt_z = 3.4550985912048747e-07
p = 2.08925e-06