slit_dec_x_a = -0.1704010755187174
slit_dec_y_a = -0.1956586180351446
slit_dec_x_b = 0.175
slit_dec_y_b = -1.767342359671132e-96
slit_defocus = 0.021345391578554224
slit_tilt_x = 1.114024704938659
slit_tilt_y = -8.538431247683903
slit_tilt_z = -8.991596984039763
d_slit_col = 1594.3099991786487
coll_tilt_x = 0.11326119916794335
coll_tilt_y = -0.028885139630076117
ech_G = 31.613233188749142
ech_blaze = -74.9748379089002
ech_gamma = 1.1389768280769998
echelle_z = 0.07477063913788286
d_col_trf = -1588.017225518958
trf_mirror_tilt_x = 0.02627067299206814
trf_mirror_tilt_y = 0.16213680078133774
d_col_grm = -0.0049094906022508576
grism_dec_x = 236.42334904880659
grism_dec_y = 0.038176082831192136
grm_tilt_x = -0.014056865962133557
grm_tilt_y = 2.305276379615596
grm_G = 222.82400666336312
grm_apex = 17.790985661023928
d_grm_cam  = 21.609815609198648
cam_dec_x = -0.3095162993376425
cam_dec_y = 0.24728415520907557
cam_tilt_x = -0.011028199626957724
cam_tilt_y = 0.00377767581450239
d_cam_ff  = -160.05756422172658
ccd_ff_dec_x = -0.002600929533927736
ccd_ff_dec_y = 0.05301931316714997
ccd_ff_tilt_x = 0.019518645539630747
ccd_ff_tilt_y = -0.5728007518704328
ccd_ff_tilt_z = 0.18005206477449961
d_ff_ccd  = -4.83894181084825
ccd_dec_x = 0.6214014472029812
ccd_dec_y = 5.157154005538997
ccd_defocus = 0.28070967718497464
ccd_tilt_x = 0.005058586440204995
ccd_tilt_y = -0.01091608041957178
ccd_tilt_z = 4.980364935055452e-06
p = 0.0001