slit_dec_x_a = -0.181778666534
slit_dec_y_a = -0.18243150017
slit_dec_x_b = 0.14512077562974193
slit_dec_y_b = -0.05510809031835813
slit_defocus = -0.002193976158591139
slit_tilt_x = 1.1346625267294166
slit_tilt_y = -8.568222797653908
slit_tilt_z = -9.003622799414904
d_slit_col = 1594.3039435091885
coll_tilt_x = 0.08646949971963255
coll_tilt_y = -0.021972204482378233
ech_G = 31.610911147751754
ech_blaze = -74.9956551953523
ech_gamma = 1.1580949348169967
echelle_z = 0.05753907936747059
d_col_trf = -1588.0162008624352
trf_mirror_tilt_x = 0.12251494853693204
trf_mirror_tilt_y = 0.018616239356179058
d_col_grm = 0.015111597203246592
grism_dec_x = 236.39743392351244
grism_dec_y = -0.005020357951204782
grm_tilt_x = -0.024846187492491515
grm_tilt_y = 2.3270537927409976
grm_G = 222.78568801753056
grm_apex = 17.809207731851643
d_grm_cam  = 21.604625125684265
cam_dec_x = -0.28357379264601573
cam_dec_y = 0.2896860543063823
cam_tilt_x = 0.004290105936281253
cam_tilt_y = -0.027796001611782542
d_cam_ff  = -160.56966880056743
ccd_ff_dec_x = -0.022850785059796427
ccd_ff_dec_y = -0.04778127608030366
ccd_ff_tilt_x = 0.16503623331126704
ccd_ff_tilt_y = -0.5896203375408634
ccd_ff_tilt_z = 0.17175700750867418
d_ff_ccd  = -4.7854243782574235
ccd_dec_x = 0.5519284022865649
ccd_dec_y = 5.106122550760362
ccd_defocus = 0.3157505911511266
ccd_tilt_x = 0.021323222997734557
ccd_tilt_y = -0.004215197822370153
ccd_tilt_z = 3.2693299401387e-07
p = 6.805833333333333e-06