slit_dec_x_a = -0.17040564380700302
slit_dec_y_a = -0.19590155997878408
slit_dec_x_b = 0.175
slit_dec_y_b = -1.7809151637019196e-96
slit_defocus = 0.005593416192577447
slit_tilt_x = 1.1861295830250742
slit_tilt_y = -8.540010937848411
slit_tilt_z = -8.990855539378394
d_slit_col = 1594.2944834817752
coll_tilt_x = 0.08871061117880373
coll_tilt_y = -0.03199509549908933
ech_G = 31.610656638638478
ech_blaze = -74.97681494434508
ech_gamma = 1.140264484609053
echelle_z = 0.0748410937011193
d_col_trf = -1588.0185304669155
trf_mirror_tilt_x = 0.13869907458587608
trf_mirror_tilt_y = 0.07753129149272552
d_col_grm = -0.009536287581205104
grism_dec_x = 236.43435642673916
grism_dec_y = 0.03416077860066372
grm_tilt_x = -0.015950600823586944
grm_tilt_y = 2.3043898186622345
grm_G = 222.82518716611676
grm_apex = 17.815102599750716
d_grm_cam  = 21.608500786543775
cam_dec_x = -0.30210407425405955
cam_dec_y = 0.25033089437952216
cam_tilt_x = -0.01848272702822043
cam_tilt_y = -0.01510301093642867
d_cam_ff  = -160.40096468763522
ccd_ff_dec_x = -0.003501638076265747
ccd_ff_dec_y = 0.00025989663344169506
ccd_ff_tilt_x = 0.14605098387567086
ccd_ff_tilt_y = -0.5720675032743858
ccd_ff_tilt_z = 0.1726004645848234
d_ff_ccd  = -4.811306671167109
ccd_dec_x = 0.6206911038760574
ccd_dec_y = 5.155285014047015
ccd_defocus = 0.3162809448160784
ccd_tilt_x = 0.0077555434031959065
ccd_tilt_y = -0.014117948027837033
ccd_tilt_z = 3.137656157359508e-06
p = 6.805833333333333e-06