slit_dec_x_a = -0.17046558466283407
slit_dec_y_a = -0.1960712431420677
slit_dec_x_b = 0.175
slit_dec_y_b = -2.1267560673516152e-96
slit_defocus = 0.005527177039808491
slit_tilt_x = 1.1861203417395771
slit_tilt_y = -8.540056501992046
slit_tilt_z = -8.990860250018665
d_slit_col = 1594.2944584412212
coll_tilt_x = 0.08870573913422582
coll_tilt_y = -0.0317125888263184
ech_G = 31.610672693234953
ech_blaze = -74.9771155015349
ech_gamma = 1.1405924274380637
echelle_z = 0.0749984752235514
d_col_trf = -1588.0185616473805
trf_mirror_tilt_x = 0.13872930918958315
trf_mirror_tilt_y = 0.07758003132973466
d_col_grm = -0.009515653675613488
grism_dec_x = 236.4342997397326
grism_dec_y = 0.03423764243722206
grm_tilt_x = -0.015733102385867642
grm_tilt_y = 2.304368701435673
grm_G = 222.8252094030115
grm_apex = 17.81509850884097
d_grm_cam  = 21.608493013738848
cam_dec_x = -0.3021011482964064
cam_dec_y = 0.250382781021454
cam_tilt_x = -0.018153828609877482
cam_tilt_y = -0.015016040780159105
d_cam_ff  = -160.40094850557253
ccd_ff_dec_x = -0.0035568455852129084
ccd_ff_dec_y = 0.00014571147560878407
ccd_ff_tilt_x = 0.1460025517610604
ccd_ff_tilt_y = -0.5720539440074306
ccd_ff_tilt_z = 0.1725682037568965
d_ff_ccd  = -4.811229389686763
ccd_dec_x = 0.6206388083653509
ccd_dec_y = 5.155271770850953
ccd_defocus = 0.316328274934238
ccd_tilt_x = 0.0077716609964860895
ccd_tilt_y = -0.014012588163787228
ccd_tilt_z = 3.2555808753635334e-06
p = 7.379090909090909e-06