slit_dec_x_a = -0.181778666534
slit_dec_y_a = -0.18243150017
slit_dec_x_b = 0.14512077562974193
slit_dec_y_b = -0.05510809031835813
slit_defocus = -0.0022038800785663996
slit_tilt_x = 1.1347025919169094
slit_tilt_y = -8.56830602376953
slit_tilt_z = -9.00360704796981
d_slit_col = 1594.3039207532222
coll_tilt_x = 0.08646018186574128
coll_tilt_y = -0.022038797677015592
ech_G = 31.610905203117497
ech_blaze = -74.99559608785769
ech_gamma = 1.1582191364201484
echelle_z = 0.05700628542049587
d_col_trf = -1588.0162638886318
trf_mirror_tilt_x = 0.12248928539190457
trf_mirror_tilt_y = 0.018691545296268274
d_col_grm = 0.014978220554630134
grism_dec_x = 236.3974805870791
grism_dec_y = -0.005065952508050994
grm_tilt_x = -0.02482960039372143
grm_tilt_y = 2.327458013123775
grm_G = 222.78573138192567
grm_apex = 17.80915558702497
d_grm_cam  = 21.604511314735987
cam_dec_x = -0.28363897656492176
cam_dec_y = 0.2897514997728601
cam_tilt_x = 0.00434058263724344
cam_tilt_y = -0.027817852067786582
d_cam_ff  = -160.5695430522662
ccd_ff_dec_x = -0.022921518158994635
ccd_ff_dec_y = -0.04779753535995276
ccd_ff_tilt_x = 0.16503593864899038
ccd_ff_tilt_y = -0.5896053346228232
ccd_ff_tilt_z = 0.17168301217861373
d_ff_ccd  = -4.785381950974126
ccd_dec_x = 0.5519427239560775
ccd_dec_y = 5.106567662643943
ccd_defocus = 0.3158383088772644
ccd_tilt_x = 0.02142549271131923
ccd_tilt_y = -0.004233769651839548
ccd_tilt_z = 3.1205389971679877e-07
p = 7.379090909090909e-06