slit_dec_x_a = -0.1704010755187174
slit_dec_y_a = -0.1956586180351446
slit_dec_x_b = 0.175
slit_dec_y_b = -1.8593585992709147e-96
slit_defocus = 0.02136854553961602
slit_tilt_x = 1.1139998522765822
slit_tilt_y = -8.538469660367484
slit_tilt_z = -8.991641362312162
d_slit_col = 1594.3100373493508
coll_tilt_x = 0.11315636218611973
coll_tilt_y = -0.028892470569385906
ech_G = 31.613225628358354
ech_blaze = -74.97483547224962
ech_gamma = 1.138972935690358
echelle_z = 0.07477221806171283
d_col_trf = -1588.017233984465
trf_mirror_tilt_x = 0.02628312816668948
trf_mirror_tilt_y = 0.16222738798440206
d_col_grm = -0.0048245962613344025
grism_dec_x = 236.42326549575293
grism_dec_y = 0.038207218221243816
grm_tilt_x = -0.014055191714396608
grm_tilt_y = 2.3052762269847866
grm_G = 222.82400160728955
grm_apex = 17.791021973519925
d_grm_cam  = 21.609817059247675
cam_dec_x = -0.3095418791783679
cam_dec_y = 0.24721268063632
cam_tilt_x = -0.011001918606665627
cam_tilt_y = 0.0037558341721630178
d_cam_ff  = -160.05744421628927
ccd_ff_dec_x = -0.0026005922743305545
ccd_ff_dec_y = 0.053023233203443196
ccd_ff_tilt_x = 0.01955921749142273
ccd_ff_tilt_y = -0.5727984613174772
ccd_ff_tilt_z = 0.18006232975136505
d_ff_ccd  = -4.838949697394128
ccd_dec_x = 0.6214052703003224
ccd_dec_y = 5.157151432459902
ccd_defocus = 0.2807255877637218
ccd_tilt_x = 0.005048961133742338
ccd_tilt_y = -0.010962554863277456
ccd_tilt_z = 5.076431514059613e-06
p = 0.0001