slit_dec_x_a = -0.181778666534
slit_dec_y_a = -0.18243150017
slit_dec_x_b = 0.14512077562974193
slit_dec_y_b = -0.05510809031835813
slit_defocus = -0.002198290214212978
slit_tilt_x = 1.1347146987729633
slit_tilt_y = -8.56833761692284
slit_tilt_z = -9.00361359618577
d_slit_col = 1594.3039283164028
coll_tilt_x = 0.08648081124714675
coll_tilt_y = -0.02204700629269965
ech_G = 31.610897535962497
ech_blaze = -74.99554535057798
ech_gamma = 1.1581737773880103
echelle_z = 0.056919734865097445
d_col_trf = -1588.016236097848
trf_mirror_tilt_x = 0.12250406217159436
trf_mirror_tilt_y = 0.01873733288141573
d_col_grm = 0.015006127583308467
grism_dec_x = 236.39750514622713
grism_dec_y = -0.005068038239605667
grm_tilt_x = -0.024709300687277308
grm_tilt_y = 2.3273796357079535
grm_G = 222.78587721560487
grm_apex = 17.809142986219953
d_grm_cam  = 21.604595503196542
cam_dec_x = -0.28361940359061366
cam_dec_y = 0.28976668395811517
cam_tilt_x = 0.004305331887976143
cam_tilt_y = -0.027795649888744365
d_cam_ff  = -160.5695991217074
ccd_ff_dec_x = -0.02285431308598745
ccd_ff_dec_y = -0.04776876653242069
ccd_ff_tilt_x = 0.16503045546574818
ccd_ff_tilt_y = -0.5895173105538783
ccd_ff_tilt_z = 0.171848593850655
d_ff_ccd  = -4.7853682932650266
ccd_dec_x = 0.5519207149038403
ccd_dec_y = 5.106453286799661
ccd_defocus = 0.3158365976270788
ccd_tilt_x = 0.021431871402204768
ccd_tilt_y = -0.004229436155187677
ccd_tilt_z = 2.288849849897651e-07
p = 1.10725e-05