slit_dec_x_a = -0.1704609218982565
slit_dec_y_a = -0.1960962556243647
slit_dec_x_b = 0.175
slit_dec_y_b = -2.4085574426482113e-96
slit_defocus = 0.005520568740053137
slit_tilt_x = 1.1861320310024344
slit_tilt_y = -8.54006532782008
slit_tilt_z = -8.990858613792406
d_slit_col = 1594.2944472026677
coll_tilt_x = 0.08874972883643126
coll_tilt_y = -0.031688508850694665
ech_G = 31.610675463830002
ech_blaze = -74.97702611942051
ech_gamma = 1.140609416830487
echelle_z = 0.07516412026880274
d_col_trf = -1588.0185651486158
trf_mirror_tilt_x = 0.13871799383548794
trf_mirror_tilt_y = 0.07757772787661499
d_col_grm = -0.009530029056150002
grism_dec_x = 236.43432281524395
grism_dec_y = 0.03425907994019363
grm_tilt_x = -0.015872517520418006
grm_tilt_y = 2.304390132782024
grm_G = 222.82521136871262
grm_apex = 17.815112267930523
d_grm_cam  = 21.608485065519126
cam_dec_x = -0.3021141100309995
cam_dec_y = 0.2503618912644197
cam_tilt_x = -0.018088636976400233
cam_tilt_y = -0.01498502065953998
d_cam_ff  = -160.40095140548365
ccd_ff_dec_x = -0.003564910071493187
ccd_ff_dec_y = 0.00012287475926254864
ccd_ff_tilt_x = 0.1460317346277437
ccd_ff_tilt_y = -0.5720347530386874
ccd_ff_tilt_z = 0.17256181385437755
d_ff_ccd  = -4.811221638951433
ccd_dec_x = 0.62064471512219
ccd_dec_y = 5.155283891348661
ccd_defocus = 0.316306503998758
ccd_tilt_x = 0.007817776673593863
ccd_tilt_y = -0.014016369656398438
ccd_tilt_z = 3.268595823819474e-06
p = 1.10725e-05