slit_dec_x_a = -0.181778666534
slit_dec_y_a = -0.18243150017
slit_dec_x_b = 0.14512077562974193
slit_dec_y_b = -0.05510809031835813
slit_defocus = -0.013765337181400678
slit_tilt_x = 1.054143189000338
slit_tilt_y = -8.560010631588447
slit_tilt_z = -9.02690521232317
d_slit_col = 1594.2902147770244
coll_tilt_x = 0.12142624144036614
coll_tilt_y = -0.026472630037061663
ech_G = 31.614558744863494
ech_blaze = -74.99489288856203
ech_gamma = 1.15564117800481
echelle_z = 0.057001265144188386
d_col_trf = -1588.016365139959
trf_mirror_tilt_x = 0.00724784880036216
trf_mirror_tilt_y = 0.1555285620524044
d_col_grm = 0.035630155623899866
grism_dec_x = 236.38319122043302
grism_dec_y = 0.009250843962642986
grm_tilt_x = -0.02350707532625453
grm_tilt_y = 2.325789581305586
grm_G = 222.78407274160526
grm_apex = 17.766452012584455
d_grm_cam  = 21.604699959957717
cam_dec_x = -0.27110147504029175
cam_dec_y = 0.29092240830182275
cam_tilt_x = 0.012526718003168262
cam_tilt_y = 0.008782468448958426
d_cam_ff  = -160.07707906180394
ccd_ff_dec_x = -0.023807985562529495
ccd_ff_dec_y = 0.042082692471532505
ccd_ff_tilt_x = 0.03344286505036325
ccd_ff_tilt_y = -0.5909791038968784
ccd_ff_tilt_z = 0.17192096712184674
d_ff_ccd  = -4.816011012512319
ccd_dec_x = 0.5532986230455011
ccd_dec_y = 5.10762377926567
ccd_defocus = 0.2858187680813926
ccd_tilt_x = 0.032637855651185856
ccd_tilt_y = -0.0021317702890664113
ccd_tilt_z = 4.717476597390677e-06
p = 0.0001