slit_dec_x_a = -0.181778666534
slit_dec_y_a = -0.18243150017
slit_dec_x_b = 0.14512077562974193
slit_dec_y_b = -0.05510809031835813
slit_defocus = -0.002198494106896287
slit_tilt_x = 1.134709153677503
slit_tilt_y = -8.568324476788558
slit_tilt_z = -9.003621762924
d_slit_col = 1594.3039381882086
coll_tilt_x = 0.0864825071431787
coll_tilt_y = -0.022031652101980385
ech_G = 31.610890715747107
ech_blaze = -74.99551275057412
ech_gamma = 1.1581241226378332
echelle_z = 0.056892358007626626
d_col_trf = -1588.016250861297
trf_mirror_tilt_x = 0.12252448107296574
trf_mirror_tilt_y = 0.01873618940010004
d_col_grm = 0.014995860054826468
grism_dec_x = 236.39748209786927
grism_dec_y = -0.005030064223207544
grm_tilt_x = -0.024638414980029527
grm_tilt_y = 2.3272506335742094
grm_G = 222.78579381558532
grm_apex = 17.809121699380356
d_grm_cam  = 21.604595179601837
cam_dec_x = -0.2836246316859855
cam_dec_y = 0.28976592418249264
cam_tilt_x = 0.004275942280910212
cam_tilt_y = -0.027792583419310513
d_cam_ff  = -160.56963116563836
ccd_ff_dec_x = -0.022850766610043188
ccd_ff_dec_y = -0.04778505711419471
ccd_ff_tilt_x = 0.16501198861253114
ccd_ff_tilt_y = -0.5895038720691002
ccd_ff_tilt_z = 0.17181112442354127
d_ff_ccd  = -4.785371824994337
ccd_dec_x = 0.5519105038705894
ccd_dec_y = 5.106543624041825
ccd_defocus = 0.31582878381810164
ccd_tilt_x = 0.021420523047300424
ccd_tilt_y = -0.004209464079714268
ccd_tilt_z = 2.884867844628376e-07
p = 7.324545454545455e-06