slit_dec_x_a = -0.170443811636573
slit_dec_y_a = -0.19610507097808377
slit_dec_x_b = 0.175
slit_dec_y_b = -2.2530719437314317e-96
slit_defocus = 0.005511458237263091
slit_tilt_x = 1.1861120277149904
slit_tilt_y = -8.540074063460944
slit_tilt_z = -8.990872091055103
d_slit_col = 1594.2944530599773
coll_tilt_x = 0.08881988613885962
coll_tilt_y = -0.031784371507657276
ech_G = 31.610691485489674
ech_blaze = -74.97705011941541
ech_gamma = 1.140496524197885
echelle_z = 0.07525906746713594
d_col_trf = -1588.0185473414915
trf_mirror_tilt_x = 0.13870398969218745
trf_mirror_tilt_y = 0.07753606779354162
d_col_grm = -0.00952889676737782
grism_dec_x = 236.4343222534995
grism_dec_y = 0.03423853746953715
grm_tilt_x = -0.016003454223552045
grm_tilt_y = 2.3043887801388387
grm_G = 222.82519884636855
grm_apex = 17.81512814789963
d_grm_cam  = 21.60849702656912
cam_dec_x = -0.30211022093127543
cam_dec_y = 0.2503508072187699
cam_tilt_x = -0.018038068408875632
cam_tilt_y = -0.014990462251921875
d_cam_ff  = -160.4009546263089
ccd_ff_dec_x = -0.003554720648871581
ccd_ff_dec_y = 0.00012318323997842327
ccd_ff_tilt_x = 0.1460471547138161
ccd_ff_tilt_y = -0.5720424148700518
ccd_ff_tilt_z = 0.17256199305440809
d_ff_ccd  = -4.8112277464447155
ccd_dec_x = 0.6206407504231557
ccd_dec_y = 5.1552788078972585
ccd_defocus = 0.31632052197470417
ccd_tilt_x = 0.007818776211816154
ccd_tilt_y = -0.01401694160530289
ccd_tilt_z = 3.265353161029582e-06
p = 7.324545454545455e-06