slit_dec_x_a = -0.1704010755187174
slit_dec_y_a = -0.1956586180351446
slit_dec_x_b = 0.175
slit_dec_y_b = -1.832318423159216e-96
slit_defocus = 0.021381323921824735
slit_tilt_x = 1.1139945278894259
slit_tilt_y = -8.538445918927128
slit_tilt_z = -8.99162597242766
d_slit_col = 1594.3099670128272
coll_tilt_x = 0.11321709068836104
coll_tilt_y = -0.028862614458135274
ech_G = 31.613232630750684
ech_blaze = -74.97483418169222
ech_gamma = 1.1389748032187603
echelle_z = 0.07476703332595404
d_col_trf = -1588.0172382880962
trf_mirror_tilt_x = 0.026258276049809855
trf_mirror_tilt_y = 0.16219932151066913
d_col_grm = -0.004882973423284129
grism_dec_x = 236.42330994720456
grism_dec_y = 0.03820176500537362
grm_tilt_x = -0.01405116096620071
grm_tilt_y = 2.305276725593107
grm_G = 222.82400427951734
grm_apex = 17.791049475914168
d_grm_cam  = 21.609819643146622
cam_dec_x = -0.30957739789605143
cam_dec_y = 0.2472456708391394
cam_tilt_x = -0.011112085223528526
cam_tilt_y = 0.0037401716453932224
d_cam_ff  = -160.05733002857292
ccd_ff_dec_x = -0.0026017906444696106
ccd_ff_dec_y = 0.052997370921170954
ccd_ff_tilt_x = 0.01940735010382474
ccd_ff_tilt_y = -0.5728003377159843
ccd_ff_tilt_z = 0.18005222297124007
d_ff_ccd  = -4.83882895953607
ccd_dec_x = 0.6214075077053857
ccd_dec_y = 5.157153624654664
ccd_defocus = 0.28077402867387263
ccd_tilt_x = 0.005038507508087667
ccd_tilt_y = -0.01092546507621414
ccd_tilt_z = 5.017149410043521e-06
p = 0.0001