slit_dec_x_a = -0.17040307158436888
slit_dec_y_a = -0.19581337324258283
slit_dec_x_b = 0.175
slit_dec_y_b = -1.740627877531264e-96
slit_defocus = 0.005586917395740923
slit_tilt_x = 1.186119585185269
slit_tilt_y = -8.540003627949634
slit_tilt_z = -8.990846327183386
d_slit_col = 1594.294484167479
coll_tilt_x = 0.08872476688430836
coll_tilt_y = -0.032004639735029795
ech_G = 31.61065636534897
ech_blaze = -74.97685542806416
ech_gamma = 1.1402391498621807
echelle_z = 0.07478374613921634
d_col_trf = -1588.0185167880354
trf_mirror_tilt_x = 0.1387018743540171
trf_mirror_tilt_y = 0.0775293596011444
d_col_grm = -0.009515827968382335
grism_dec_x = 236.4343571201936
grism_dec_y = 0.03415565084684728
grm_tilt_x = -0.01579107845486036
grm_tilt_y = 2.304379595077395
grm_G = 222.8251834964564
grm_apex = 17.815088291759462
d_grm_cam  = 21.608501705172976
cam_dec_x = -0.30210185059765826
cam_dec_y = 0.2503448532594703
cam_tilt_x = -0.01854791602378674
cam_tilt_y = -0.015101315820942018
d_cam_ff  = -160.40095871915406
ccd_ff_dec_x = -0.00351370299899038
ccd_ff_dec_y = 0.00025938127569338006
ccd_ff_tilt_x = 0.1460356130633103
ccd_ff_tilt_y = -0.5720811129858308
ccd_ff_tilt_z = 0.17259599659618782
d_ff_ccd  = -4.811318838791545
ccd_dec_x = 0.620687147082489
ccd_dec_y = 5.155279836582625
ccd_defocus = 0.31627798486796094
ccd_tilt_x = 0.007749301749556503
ccd_tilt_y = -0.014105305119448786
ccd_tilt_z = 3.121899287271598e-06
p = 5.2156363636363635e-06