slit_dec_x_a = -0.181778666534
slit_dec_y_a = -0.18243150017
slit_dec_x_b = 0.14512077562974193
slit_dec_y_b = -0.05510809031835813
slit_defocus = -0.002177087321644134
slit_tilt_x = 1.1346721002345825
slit_tilt_y = -8.568217161497651
slit_tilt_z = -9.003624277089253
d_slit_col = 1594.303939444105
coll_tilt_x = 0.08646622806990469
coll_tilt_y = -0.021985939106349134
ech_G = 31.610908914919346
ech_blaze = -74.99561881790513
ech_gamma = 1.1580480629658116
echelle_z = 0.057565339077101645
d_col_trf = -1588.0161215697635
trf_mirror_tilt_x = 0.12251281368947779
trf_mirror_tilt_y = 0.018641082349271018
d_col_grm = 0.015093725711179352
grism_dec_x = 236.39743014554816
grism_dec_y = -0.005011096162941257
grm_tilt_x = -0.02491266442253983
grm_tilt_y = 2.327004088213875
grm_G = 222.7857654244245
grm_apex = 17.809191072753467
d_grm_cam  = 21.60469132980679
cam_dec_x = -0.28357382548914134
cam_dec_y = 0.2896963704884872
cam_tilt_x = 0.004287580127225743
cam_tilt_y = -0.027793065001174306
d_cam_ff  = -160.56968993956605
ccd_ff_dec_x = -0.022916267865409477
ccd_ff_dec_y = -0.047765770041247615
ccd_ff_tilt_x = 0.16505051095446188
ccd_ff_tilt_y = -0.5895635580227894
ccd_ff_tilt_z = 0.17178693924369776
d_ff_ccd  = -4.785430751555475
ccd_dec_x = 0.5519701868260765
ccd_dec_y = 5.106075080607385
ccd_defocus = 0.3157645457182468
ccd_tilt_x = 0.021329732492462804
ccd_tilt_y = -0.00421875696933175
ccd_tilt_z = 3.4640230685943836e-07
p = 5.2156363636363635e-06