slit_dec_x_a = -0.181778666534
slit_dec_y_a = -0.18243150017
slit_dec_x_b = 0.14512077562974193
slit_dec_y_b = -0.05510809031835813
slit_defocus = -0.013791014029873847
slit_tilt_x = 1.0540368124191282
slit_tilt_y = -8.559955059969408
slit_tilt_z = -9.026926548398068
d_slit_col = 1594.2902026298439
coll_tilt_x = 0.12143167233923016
coll_tilt_y = -0.026573146384473303
ech_G = 31.61455850346307
ech_blaze = -74.99489036962221
ech_gamma = 1.155633225616268
echelle_z = 0.05700041394891071
d_col_trf = -1588.0163633872999
trf_mirror_tilt_x = 0.007266245113573133
trf_mirror_tilt_y = 0.15546664790333667
d_col_grm = 0.03564418005978462
grism_dec_x = 236.38318578248067
grism_dec_y = 0.00920873695205804
grm_tilt_x = -0.023506428202903676
grm_tilt_y = 2.325792803551991
grm_G = 222.78406995018346
grm_apex = 17.76648477712987
d_grm_cam  = 21.60470229461393
cam_dec_x = -0.2711400227121208
cam_dec_y = 0.29084948508622427
cam_tilt_x = 0.012456957964237462
cam_tilt_y = 0.008890326129164957
d_cam_ff  = -160.07710515485874
ccd_ff_dec_x = -0.02380439466759306
ccd_ff_dec_y = 0.042063625497166794
ccd_ff_tilt_x = 0.03352228106155932
ccd_ff_tilt_y = -0.5909775426065487
ccd_ff_tilt_z = 0.17191750991769858
d_ff_ccd  = -4.815958735995632
ccd_dec_x = 0.5532981804637341
ccd_dec_y = 5.107624754965178
ccd_defocus = 0.2857679213993086
ccd_tilt_x = 0.03256204562181902
ccd_tilt_y = -0.002219680955347361
ccd_tilt_z = 4.724537276889679e-06
p = 0.0001