slit_dec_x_a = -0.1704649848332996
slit_dec_y_a = -0.1960092314174113
slit_dec_x_b = 0.175
slit_dec_y_b = -2.2194422231444092e-96
slit_defocus = 0.005519653092095233
slit_tilt_x = 1.1861322140008035
slit_tilt_y = -8.540047853077365
slit_tilt_z = -8.990869708317895
d_slit_col = 1594.29445980613
coll_tilt_x = 0.08882785429280388
coll_tilt_y = -0.03169984710549347
ech_G = 31.610677098714934
ech_blaze = -74.97700460344973
ech_gamma = 1.1405981483011123
echelle_z = 0.07508371242114074
d_col_trf = -1588.0185633395824
trf_mirror_tilt_x = 0.13872718623137795
trf_mirror_tilt_y = 0.07758053150370794
d_col_grm = -0.009520718594846982
grism_dec_x = 236.43430887923458
grism_dec_y = 0.03421967008010071
grm_tilt_x = -0.015792285265449606
grm_tilt_y = 2.3043784076475715
grm_G = 222.8252252546206
grm_apex = 17.815107625249638
d_grm_cam  = 21.60848661375241
cam_dec_x = -0.30210434174207734
cam_dec_y = 0.2503832635099648
cam_tilt_x = -0.018155784633302342
cam_tilt_y = -0.015009587363441544
d_cam_ff  = -160.4009366980345
ccd_ff_dec_x = -0.0035552606206714246
ccd_ff_dec_y = 0.000132214132505917
ccd_ff_tilt_x = 0.14600684273100722
ccd_ff_tilt_y = -0.5720578581984013
ccd_ff_tilt_z = 0.1725589624810973
d_ff_ccd  = -4.811215955487434
ccd_dec_x = 0.6206359847762505
ccd_dec_y = 5.155270774390049
ccd_defocus = 0.31632306800949145
ccd_tilt_x = 0.007797147523145099
ccd_tilt_y = -0.014013697063734414
ccd_tilt_z = 3.23383505834844e-06
p = 1.1194166666666667e-05