slit_dec_x_a = -0.1704010755187174
slit_dec_y_a = -0.1956586180351446
slit_dec_x_b = 0.175
slit_dec_y_b = -1.7887691345908153e-96
slit_defocus = 0.021442787712094808
slit_tilt_x = 1.113993325247021
slit_tilt_y = -8.538455995967201
slit_tilt_z = -8.991610926307345
d_slit_col = 1594.309983533564
coll_tilt_x = 0.11320545548052305
coll_tilt_y = -0.028921924789769682
ech_G = 31.613236433033816
ech_blaze = -74.97482890418446
ech_gamma = 1.138975735288809
echelle_z = 0.07477658756998222
d_col_trf = -1588.0172293686908
trf_mirror_tilt_x = 0.02625348384263421
trf_mirror_tilt_y = 0.1622660241808336
d_col_grm = -0.004739057013396815
grism_dec_x = 236.42325809393677
grism_dec_y = 0.038176688015442405
grm_tilt_x = -0.014056503563148153
grm_tilt_y = 2.3052794479822527
grm_G = 222.8240062511814
grm_apex = 17.791067122473166
d_grm_cam  = 21.60982244285689
cam_dec_x = -0.3095545547013241
cam_dec_y = 0.2472772548033709
cam_tilt_x = -0.011014670965065232
cam_tilt_y = 0.003766777041295231
d_cam_ff  = -160.0575031873744
ccd_ff_dec_x = -0.0025996065897042884
ccd_ff_dec_y = 0.05297882858308754
ccd_ff_tilt_x = 0.01954882431694616
ccd_ff_tilt_y = -0.5728019363669817
ccd_ff_tilt_z = 0.1800511641741215
d_ff_ccd  = -4.838914299487016
ccd_dec_x = 0.6214011750719418
ccd_dec_y = 5.157149602711054
ccd_defocus = 0.28072199178140705
ccd_tilt_x = 0.005044709417562478
ccd_tilt_y = -0.0108917856401011
ccd_tilt_z = 5.10664882202066e-06
p = 0.0001