slit_dec_x_a = -0.1704112318356964
slit_dec_y_a = -0.19582654564584984
slit_dec_x_b = 0.175
slit_dec_y_b = -2.291760554393745e-96
slit_defocus = 0.005512549549917481
slit_tilt_x = 1.18612430443452
slit_tilt_y = -8.540102564124316
slit_tilt_z = -8.990847162080163
d_slit_col = 1594.2944440000936
coll_tilt_x = 0.08855507460170128
coll_tilt_y = -0.03181802153761673
ech_G = 31.610650484158146
ech_blaze = -74.9770025894862
ech_gamma = 1.1404236289676903
echelle_z = 0.07539351132469095
d_col_trf = -1588.01857860016
trf_mirror_tilt_x = 0.13867612949274946
trf_mirror_tilt_y = 0.07753507377193125
d_col_grm = -0.009523445442758812
grism_dec_x = 236.4343346658771
grism_dec_y = 0.03424419476591972
grm_tilt_x = -0.01582525311378995
grm_tilt_y = 2.3043533101287976
grm_G = 222.82519402021103
grm_apex = 17.815125853808826
d_grm_cam  = 21.60848786585363
cam_dec_x = -0.30211418210680974
cam_dec_y = 0.2503486554414896
cam_tilt_x = -0.018249801683666318
cam_tilt_y = -0.015016469276384269
d_cam_ff  = -160.40097464914675
ccd_ff_dec_x = -0.003539189528937913
ccd_ff_dec_y = 0.00017887806334081303
ccd_ff_tilt_x = 0.14602154128806472
ccd_ff_tilt_y = -0.5720072795672394
ccd_ff_tilt_z = 0.17254574057394398
d_ff_ccd  = -4.811230363775823
ccd_dec_x = 0.6206609811522631
ccd_dec_y = 5.155280353044505
ccd_defocus = 0.3163244627223926
ccd_tilt_x = 0.007782715033239639
ccd_tilt_y = -0.014001509158964148
ccd_tilt_z = 3.296652112581428e-06
p = 7.747727272727275e-06