slit_dec_x_a = -0.181778666534
slit_dec_y_a = -0.18243150017
slit_dec_x_b = 0.14512077562974193
slit_dec_y_b = -0.05510809031835813
slit_defocus = -0.002201621497082152
slit_tilt_x = 1.1346716700688517
slit_tilt_y = -8.56836945249001
slit_tilt_z = -9.00359844948783
d_slit_col = 1594.3039936841324
coll_tilt_x = 0.08647016268279425
coll_tilt_y = -0.02207029928307018
ech_G = 31.610901671909453
ech_blaze = -74.99558045716
ech_gamma = 1.1581401333342711
echelle_z = 0.05671672469446659
d_col_trf = -1588.0164013051383
trf_mirror_tilt_x = 0.12251529433853284
trf_mirror_tilt_y = 0.018694024160823646
d_col_grm = 0.014981654804998683
grism_dec_x = 236.39746618348488
grism_dec_y = -0.0050679664004385
grm_tilt_x = -0.02467173439722697
grm_tilt_y = 2.3273488490436054
grm_G = 222.78577790528652
grm_apex = 17.809096168674905
d_grm_cam  = 21.604847107154644
cam_dec_x = -0.2836254205508615
cam_dec_y = 0.2897534604336889
cam_tilt_x = 0.00431178676589802
cam_tilt_y = -0.027783569980662177
d_cam_ff  = -160.56952488391462
ccd_ff_dec_x = -0.022892307376777065
ccd_ff_dec_y = -0.04777325512141856
ccd_ff_tilt_x = 0.16505326586222233
ccd_ff_tilt_y = -0.5893397017569632
ccd_ff_tilt_z = 0.1719117311285603
d_ff_ccd  = -4.785382067837677
ccd_dec_x = 0.5518636894580202
ccd_dec_y = 5.106392986256539
ccd_defocus = 0.3158428834718152
ccd_tilt_x = 0.021379357560640255
ccd_tilt_y = -0.004235272468696912
ccd_tilt_z = 2.0344700032717157e-07
p = 7.747727272727275e-06