slit_dec_x_a = -0.181778666534
slit_dec_y_a = -0.18243150017
slit_dec_x_b = 0.14512077562974193
slit_dec_y_b = -0.05510809031835813
slit_defocus = -0.013793795822500924
slit_tilt_x = 1.054018551136761
slit_tilt_y = -8.56000190926206
slit_tilt_z = -9.026844975195495
d_slit_col = 1594.2902782660567
coll_tilt_x = 0.12145582114496149
coll_tilt_y = -0.02646016999303964
ech_G = 31.61456139846196
ech_blaze = -74.99488649801158
ech_gamma = 1.155639508517945
echelle_z = 0.057003629751735334
d_col_trf = -1588.0163611554606
trf_mirror_tilt_x = 0.007282128769451917
trf_mirror_tilt_y = 0.1554234579692912
d_col_grm = 0.035671850058093174
grism_dec_x = 236.38316764964887
grism_dec_y = 0.009247077338376439
grm_tilt_x = -0.02350816283020748
grm_tilt_y = 2.3257854944946597
grm_G = 222.78407351537123
grm_apex = 17.76656653464646
d_grm_cam  = 21.604701616161588
cam_dec_x = -0.2710808226669485
cam_dec_y = 0.29088876045544443
cam_tilt_x = 0.012447663963961896
cam_tilt_y = 0.008833832749757646
d_cam_ff  = -160.07698284157965
ccd_ff_dec_x = -0.023804604501895647
ccd_ff_dec_y = 0.042121967000602376
ccd_ff_tilt_x = 0.033441149866181206
ccd_ff_tilt_y = -0.5909760404074326
ccd_ff_tilt_z = 0.17191713963701513
d_ff_ccd  = -4.816039892591974
ccd_dec_x = 0.5532992962206198
ccd_dec_y = 5.107635343739341
ccd_defocus = 0.28571830754926664
ccd_tilt_x = 0.03260428830203982
ccd_tilt_y = -0.0021672420021371912
ccd_tilt_z = 4.684999722433409e-06
p = 0.0001