slit_dec_x_a = -0.17041554583217525
slit_dec_y_a = -0.1960651292328557
slit_dec_x_b = 0.175
slit_dec_y_b = -1.5311930335426884e-96
slit_defocus = 0.005580448642506948
slit_tilt_x = 1.186121225384471
slit_tilt_y = -8.54003458757601
slit_tilt_z = -8.990860404001134
d_slit_col = 1594.2944943135333
coll_tilt_x = 0.08871675129545252
coll_tilt_y = -0.031912724352354836
ech_G = 31.610657182877485
ech_blaze = -74.97678523789911
ech_gamma = 1.1403211752958977
echelle_z = 0.07478087162049168
d_col_trf = -1588.0185448587915
trf_mirror_tilt_x = 0.13868464527427268
trf_mirror_tilt_y = 0.07753559087539319
d_col_grm = -0.009547246506156615
grism_dec_x = 236.4343300693607
grism_dec_y = 0.034171883334421595
grm_tilt_x = -0.015967811781340924
grm_tilt_y = 2.3043869939167414
grm_G = 222.82516666061932
grm_apex = 17.81511789814272
d_grm_cam  = 21.60848723056265
cam_dec_x = -0.3021211317601947
cam_dec_y = 0.25033542445839757
cam_tilt_x = -0.018431408962928136
cam_tilt_y = -0.015090748008583225
d_cam_ff  = -160.4009505998669
ccd_ff_dec_x = -0.0035162675901133545
ccd_ff_dec_y = 0.00025303112528525333
ccd_ff_tilt_x = 0.1460359944462355
ccd_ff_tilt_y = -0.572061446489041
ccd_ff_tilt_z = 0.17257132443620354
d_ff_ccd  = -4.8112979463568655
ccd_dec_x = 0.620677274843937
ccd_dec_y = 5.15529681298109
ccd_defocus = 0.3162652546564731
ccd_tilt_x = 0.007742107433437826
ccd_tilt_y = -0.014139583959883273
ccd_tilt_z = 3.123737165840977e-06
p = 9.406909090909091e-06