slit_dec_x_a = -0.181778666534
slit_dec_y_a = -0.18243150017
slit_dec_x_b = 0.14512077562974193
slit_dec_y_b = -0.05510809031835813
slit_defocus = -0.002187613096429346
slit_tilt_x = 1.1347029996425095
slit_tilt_y = -8.568282983158165
slit_tilt_z = -9.003624304957231
d_slit_col = 1594.3039224642325
coll_tilt_x = 0.08643264738385824
coll_tilt_y = -0.022047955395405706
ech_G = 31.610894793920526
ech_blaze = -74.99559621067964
ech_gamma = 1.1581946047964202
echelle_z = 0.05713067777869429
d_col_trf = -1588.0162650279274
trf_mirror_tilt_x = 0.12251133369748918
trf_mirror_tilt_y = 0.018696692945009846
d_col_grm = 0.014981605561864278
grism_dec_x = 236.39748972224038
grism_dec_y = -0.0050456546922604305
grm_tilt_x = -0.02477319624826375
grm_tilt_y = 2.327455128789148
grm_G = 222.78569361635752
grm_apex = 17.80918119684531
d_grm_cam  = 21.604503935651014
cam_dec_x = -0.2836455600108481
cam_dec_y = 0.28972543906264636
cam_tilt_x = 0.004368185828127699
cam_tilt_y = -0.027795427551613853
d_cam_ff  = -160.5695696806941
ccd_ff_dec_x = -0.02307761862582055
ccd_ff_dec_y = -0.04778642425832982
ccd_ff_tilt_x = 0.16501933480269715
ccd_ff_tilt_y = -0.5896495829284456
ccd_ff_tilt_z = 0.17180018912100462
d_ff_ccd  = -4.78537058741196
ccd_dec_x = 0.5519315316666676
ccd_dec_y = 5.106634288578233
ccd_defocus = 0.3158313222995175
ccd_tilt_x = 0.021423838250084953
ccd_tilt_y = -0.0042167362631438735
ccd_tilt_z = 3.1767335038879065e-07
p = 3.4460833333333336e-06