slit_dec_x_a = -0.17045684428009858
slit_dec_y_a = -0.19608246169168636
slit_dec_x_b = 0.175
slit_dec_y_b = -1.9326111085967665e-96
slit_defocus = 0.005561432993820109
slit_tilt_x = 1.1861396960316049
slit_tilt_y = -8.540027179956065
slit_tilt_z = -8.990868566899257
d_slit_col = 1594.294425063311
coll_tilt_x = 0.08875255941262293
coll_tilt_y = -0.03174345796991243
ech_G = 31.610692635500083
ech_blaze = -74.97714427997262
ech_gamma = 1.140531918348956
echelle_z = 0.07496273425909816
d_col_trf = -1588.0185527776725
trf_mirror_tilt_x = 0.13871837689441527
trf_mirror_tilt_y = 0.07759173911010507
d_col_grm = -0.009524494326191691
grism_dec_x = 236.43429713171417
grism_dec_y = 0.034243435074442156
grm_tilt_x = -0.01579157791131603
grm_tilt_y = 2.304366977635972
grm_G = 222.8251896646688
grm_apex = 17.8151144141213
d_grm_cam  = 21.608473360895328
cam_dec_x = -0.30213296451435767
cam_dec_y = 0.25038546662546207
cam_tilt_x = -0.01823685955072666
cam_tilt_y = -0.015036301263142975
d_cam_ff  = -160.40095057853216
ccd_ff_dec_x = -0.00354670865969229
ccd_ff_dec_y = 0.00013771195627828496
ccd_ff_tilt_x = 0.14598688085543587
ccd_ff_tilt_y = -0.57205996902598
ccd_ff_tilt_z = 0.17256402048752928
d_ff_ccd  = -4.811228496822775
ccd_dec_x = 0.6206537735259737
ccd_dec_y = 5.15525509663025
ccd_defocus = 0.3163237388275529
ccd_tilt_x = 0.007746788851393685
ccd_tilt_y = -0.014003506527255757
ccd_tilt_z = 3.2392484038487255e-06
p = 3.4460833333333336e-06