slit_dec_x_a = -0.181778666534
slit_dec_y_a = -0.18243150017
slit_dec_x_b = 0.14512077562974193
slit_dec_y_b = -0.05510809031835813
slit_defocus = -0.013800625474529158
slit_tilt_x = 1.0541030954460455
slit_tilt_y = -8.559907913415303
slit_tilt_z = -9.026900939435937
d_slit_col = 1594.2902721349376
coll_tilt_x = 0.12143226851245459
coll_tilt_y = -0.026455177751266348
ech_G = 31.61456364786927
ech_blaze = -74.9948866844593
ech_gamma = 1.155642270399215
echelle_z = 0.05700158925844588
d_col_trf = -1588.0163628833031
trf_mirror_tilt_x = 0.007331448308935219
trf_mirror_tilt_y = 0.15547179410774403
d_col_grm = 0.035676472671893035
grism_dec_x = 236.38320380986752
grism_dec_y = 0.00929178020560498
grm_tilt_x = -0.02350988993705302
grm_tilt_y = 2.3257839072804196
grm_G = 222.7840744208015
grm_apex = 17.766536490355058
d_grm_cam  = 21.604697795362103
cam_dec_x = -0.2711778463004779
cam_dec_y = 0.29089574007779717
cam_tilt_x = 0.012469100855114162
cam_tilt_y = 0.008895494395246744
d_cam_ff  = -160.07727623784672
ccd_ff_dec_x = -0.023801303799592565
ccd_ff_dec_y = 0.04213672550754635
ccd_ff_tilt_x = 0.033458954420137375
ccd_ff_tilt_y = -0.5909787590551278
ccd_ff_tilt_z = 0.17191501319465488
d_ff_ccd  = -4.815986296525964
ccd_dec_x = 0.5532993328290512
ccd_dec_y = 5.107630441362608
ccd_defocus = 0.2857325415733889
ccd_tilt_x = 0.032667135282960176
ccd_tilt_y = -0.002192244525452796
ccd_tilt_z = 4.636448028607993e-06
p = 0.0001