slit_dec_x_a = -0.181778666534
slit_dec_y_a = -0.18243150017
slit_dec_x_b = 0.14512077562974193
slit_dec_y_b = -0.05510809031835813
slit_defocus = -0.0022458866719810063
slit_tilt_x = 1.1347076465798447
slit_tilt_y = -8.56836940946203
slit_tilt_z = -9.003599514890599
d_slit_col = 1594.3039472702715
coll_tilt_x = 0.08649160476948149
coll_tilt_y = -0.022030068617351215
ech_G = 31.610938648290546
ech_blaze = -74.99583098778301
ech_gamma = 1.1582393450122306
echelle_z = 0.05648990856119645
d_col_trf = -1588.0163151852105
trf_mirror_tilt_x = 0.12244841888705808
trf_mirror_tilt_y = 0.018712321771706675
d_col_grm = 0.014939594561493743
grism_dec_x = 236.3975031236232
grism_dec_y = -0.005076785475649871
grm_tilt_x = -0.02473033763210087
grm_tilt_y = 2.3273343245104567
grm_G = 222.78593579460227
grm_apex = 17.80906785441908
d_grm_cam  = 21.6048482657358
cam_dec_x = -0.28362143681076346
cam_dec_y = 0.2897531154617857
cam_tilt_x = 0.004348529257465996
cam_tilt_y = -0.027771845448483566
d_cam_ff  = -160.56964236757668
ccd_ff_dec_x = -0.022711360769784417
ccd_ff_dec_y = -0.04776523343918382
ccd_ff_tilt_x = 0.16502586277541972
ccd_ff_tilt_y = -0.5894121552312668
ccd_ff_tilt_z = 0.1718461383661002
d_ff_ccd  = -4.785434843645985
ccd_dec_x = 0.551871632797209
ccd_dec_y = 5.106344436481292
ccd_defocus = 0.31586781564614014
ccd_tilt_x = 0.021380341921878925
ccd_tilt_y = -0.004196405888991161
ccd_tilt_z = 2.0480525327737876e-07
p = 3.009363636363636e-06