slit_dec_x_a = -0.17038068447100008
slit_dec_y_a = -0.1957291394604165
slit_dec_x_b = 0.175
slit_dec_y_b = -2.6399362881294784e-96
slit_defocus = 0.005530663559788055
slit_tilt_x = 1.1861142918350265
slit_tilt_y = -8.540129607077175
slit_tilt_z = -8.990816614818453
d_slit_col = 1594.2944846272312
coll_tilt_x = 0.08856666195258951
coll_tilt_y = -0.03178109181055915
ech_G = 31.61067276516508
ech_blaze = -74.9771558395558
ech_gamma = 1.1404959461289812
echelle_z = 0.07539593991474819
d_col_trf = -1588.0186067313864
trf_mirror_tilt_x = 0.13867080190989362
trf_mirror_tilt_y = 0.07755659414534659
d_col_grm = -0.009545193278564127
grism_dec_x = 236.43437686598054
grism_dec_y = 0.03425357371662819
grm_tilt_x = -0.01572441252870697
grm_tilt_y = 2.304352663709546
grm_G = 222.82522322281096
grm_apex = 17.81511919820398
d_grm_cam  = 21.608479011168843
cam_dec_x = -0.3021361371660561
cam_dec_y = 0.2503348429461159
cam_tilt_x = -0.018384238873052277
cam_tilt_y = -0.01503975551609667
d_cam_ff  = -160.40099530524756
ccd_ff_dec_x = -0.0035372823069418913
ccd_ff_dec_y = 0.00016817321519663105
ccd_ff_tilt_x = 0.14601043000443306
ccd_ff_tilt_y = -0.5720317669339848
ccd_ff_tilt_z = 0.1725221080234133
d_ff_ccd  = -4.811238428615678
ccd_dec_x = 0.620638849608908
ccd_dec_y = 5.155267961479513
ccd_defocus = 0.3163406950610337
ccd_tilt_x = 0.007808443529587778
ccd_tilt_y = -0.014018076415365108
ccd_tilt_z = 3.347576666762779e-06
p = 3.009363636363636e-06