slit_dec_x_a = -0.181778666534
slit_dec_y_a = -0.18243150017
slit_dec_x_b = 0.14512077562974193
slit_dec_y_b = -0.05510809031835813
slit_defocus = -0.002193302082892535
slit_tilt_x = 1.1346994303341122
slit_tilt_y = -8.568279482372388
slit_tilt_z = -9.003635862874951
d_slit_col = 1594.3039330909694
coll_tilt_x = 0.08640808467453122
coll_tilt_y = -0.022044956138521997
ech_G = 31.610898194198857
ech_blaze = -74.99563074630379
ech_gamma = 1.1581577883064371
echelle_z = 0.05729736954473796
d_col_trf = -1588.0162656586197
trf_mirror_tilt_x = 0.12251500635083032
trf_mirror_tilt_y = 0.01866479017165576
d_col_grm = 0.015013047903774043
grism_dec_x = 236.39746673098009
grism_dec_y = -0.005012811735065918
grm_tilt_x = -0.024730827826101785
grm_tilt_y = 2.3274020973625236
grm_G = 222.78572882545274
grm_apex = 17.80915253772115
d_grm_cam  = 21.604332154358442
cam_dec_x = -0.28360205278692785
cam_dec_y = 0.289722051975612
cam_tilt_x = 0.004319128930625208
cam_tilt_y = -0.027773548627452925
d_cam_ff  = -160.5696317211398
ccd_ff_dec_x = -0.02278577313433645
ccd_ff_dec_y = -0.04780145019451046
ccd_ff_tilt_x = 0.1650303346330699
ccd_ff_tilt_y = -0.5896729003230115
ccd_ff_tilt_z = 0.17181140303896109
d_ff_ccd  = -4.7853749907465915
ccd_dec_x = 0.5519972772349139
ccd_dec_y = 5.10626856539695
ccd_defocus = 0.31579959925382356
ccd_tilt_x = 0.02138283308060123
ccd_tilt_y = -0.004198049187311406
ccd_tilt_z = 3.090210821308613e-07
p = 9.902090909090908e-06