slit_dec_x_a = -0.1704010755187174
slit_dec_y_a = -0.1956586180351446
slit_dec_x_b = 0.175
slit_dec_y_b = -1.8607925340701535e-96
slit_defocus = 0.021374886269423184
slit_tilt_x = 1.1140771508990845
slit_tilt_y = -8.538440200144967
slit_tilt_z = -8.991640728487962
d_slit_col = 1594.3099906027103
coll_tilt_x = 0.11312965562470588
coll_tilt_y = -0.028967511508245457
ech_G = 31.6132276456914
ech_blaze = -74.97483300199916
ech_gamma = 1.1389785662472254
echelle_z = 0.07476807955105208
d_col_trf = -1588.017227904894
trf_mirror_tilt_x = 0.026286761379796193
trf_mirror_tilt_y = 0.16226412330497428
d_col_grm = -0.004893838445327496
grism_dec_x = 236.4233073074032
grism_dec_y = 0.03811101771942303
grm_tilt_x = -0.01405097504607236
grm_tilt_y = 2.3052708768912566
grm_G = 222.82400132246454
grm_apex = 17.791019026589
d_grm_cam  = 21.609812858177687
cam_dec_x = -0.3095252431197556
cam_dec_y = 0.24725194653178698
cam_tilt_x = -0.01109578286506436
cam_tilt_y = 0.0037718811354962222
d_cam_ff  = -160.05736235166157
ccd_ff_dec_x = -0.0026012641105014013
ccd_ff_dec_y = 0.05310051086235826
ccd_ff_tilt_x = 0.019453713956568256
ccd_ff_tilt_y = -0.572809751637762
ccd_ff_tilt_z = 0.18005636419979668
d_ff_ccd  = -4.838955652354283
ccd_dec_x = 0.6214031351190609
ccd_dec_y = 5.157150499163137
ccd_defocus = 0.28075579329544753
ccd_tilt_x = 0.005142954741293588
ccd_tilt_y = -0.010967608704881636
ccd_tilt_z = 5.105298144497249e-06
p = 0.0001