slit_dec_x_a = -0.181778666534
slit_dec_y_a = -0.18243150017
slit_dec_x_b = 0.14512077562974193
slit_dec_y_b = -0.05510809031835813
slit_defocus = -0.013790403761735966
slit_tilt_x = 1.054118086457445
slit_tilt_y = -8.559938287370551
slit_tilt_z = -9.026829396021096
d_slit_col = 1594.2902623374375
coll_tilt_x = 0.12142353700189272
coll_tilt_y = -0.02655171005887795
ech_G = 31.614565558964358
ech_blaze = -74.9948885358901
ech_gamma = 1.1556464716450943
echelle_z = 0.0570023061250188
d_col_trf = -1588.0163653731051
trf_mirror_tilt_x = 0.007349517591738311
trf_mirror_tilt_y = 0.15544497480435623
d_col_grm = 0.03561009710258235
grism_dec_x = 236.3832199484897
grism_dec_y = 0.00926901310333274
grm_tilt_x = -0.023509474594956056
grm_tilt_y = 2.325787205633084
grm_G = 222.78406951167568
grm_apex = 17.76654786750561
d_grm_cam  = 21.604700042851572
cam_dec_x = -0.2710747122756767
cam_dec_y = 0.2909241219290149
cam_tilt_x = 0.012412979610934774
cam_tilt_y = 0.008809113173276746
d_cam_ff  = -160.07702013756585
ccd_ff_dec_x = -0.023801965922991743
ccd_ff_dec_y = 0.04215229616810523
ccd_ff_tilt_x = 0.03351568163013987
ccd_ff_tilt_y = -0.5909768160685386
ccd_ff_tilt_z = 0.17192437966843743
d_ff_ccd  = -4.8159612160616065
ccd_dec_x = 0.5532957509233037
ccd_dec_y = 5.107631718416523
ccd_defocus = 0.2858120871308601
ccd_tilt_x = 0.032548595701240864
ccd_tilt_y = -0.0021606315141212973
ccd_tilt_z = 4.6673767250069446e-06
p = 0.0001