slit_dec_x_a = -0.1704397397807662
slit_dec_y_a = -0.19594560098895766
slit_dec_x_b = 0.175
slit_dec_y_b = -1.9429554847924925e-96
slit_defocus = 0.005567493796199751
slit_tilt_x = 1.1861002866452774
slit_tilt_y = -8.539993284208885
slit_tilt_z = -8.99084295705812
d_slit_col = 1594.2944662753127
coll_tilt_x = 0.08866254812937226
coll_tilt_y = -0.03175460675514051
ech_G = 31.61068090389053
ech_blaze = -74.97697171115041
ech_gamma = 1.1404631237183354
echelle_z = 0.0748016585404931
d_col_trf = -1588.0185710705537
trf_mirror_tilt_x = 0.1386782522926691
trf_mirror_tilt_y = 0.07758642900140766
d_col_grm = -0.009560758815403405
grism_dec_x = 236.43431160127196
grism_dec_y = 0.03423855902219859
grm_tilt_x = -0.015685266492465565
grm_tilt_y = 2.3044013751952463
grm_G = 222.82517369593344
grm_apex = 17.815115157988544
d_grm_cam  = 21.608477116200568
cam_dec_x = -0.30216333391702827
cam_dec_y = 0.25036989615239413
cam_tilt_x = -0.018638392519109512
cam_tilt_y = -0.015044304377108922
d_cam_ff  = -160.40097613952238
ccd_ff_dec_x = -0.00353981674011518
ccd_ff_dec_y = 0.00017583516557185375
ccd_ff_tilt_x = 0.146020595670512
ccd_ff_tilt_y = -0.5720868838044734
ccd_ff_tilt_z = 0.17260079175159582
d_ff_ccd  = -4.811211461705154
ccd_dec_x = 0.6207032876862714
ccd_dec_y = 5.155289056502373
ccd_defocus = 0.3162968408365313
ccd_tilt_x = 0.007729196247070059
ccd_tilt_y = -0.014012045409595353
ccd_tilt_z = 3.110251365465924e-06
p = 1.2789090909090911e-05