slit_dec_x_a = -0.181778666534
slit_dec_y_a = -0.18243150017
slit_dec_x_b = 0.14512077562974193
slit_dec_y_b = -0.05510809031835813
slit_defocus = -0.013812330178380086
slit_tilt_x = 1.0540546930101165
slit_tilt_y = -8.56000969985407
slit_tilt_z = -9.02686807451771
d_slit_col = 1594.290294108947
coll_tilt_x = 0.12146599055885723
coll_tilt_y = -0.02645755046728541
ech_G = 31.614563904699928
ech_blaze = -74.99488975355547
ech_gamma = 1.1556442051120677
echelle_z = 0.05700672011233473
d_col_trf = -1588.0163649331466
trf_mirror_tilt_x = 0.0072476242878356
trf_mirror_tilt_y = 0.155443137883622
d_col_grm = 0.035699878487870096
grism_dec_x = 236.38320464812602
grism_dec_y = 0.009265610623202818
grm_tilt_x = -0.02350531491641557
grm_tilt_y = 2.325779532073203
grm_G = 222.78406313855885
grm_apex = 17.766525875909416
d_grm_cam  = 21.60469915926198
cam_dec_x = -0.2710710761755269
cam_dec_y = 0.29095867069997483
cam_tilt_x = 0.012387743887774678
cam_tilt_y = 0.008749943889285914
d_cam_ff  = -160.07694192630376
ccd_ff_dec_x = -0.023804285784376746
ccd_ff_dec_y = 0.04200443023991894
ccd_ff_tilt_x = 0.03351652389787709
ccd_ff_tilt_y = -0.5909877917729243
ccd_ff_tilt_z = 0.17191827959795483
d_ff_ccd  = -4.81603574576565
ccd_dec_x = 0.5532968073044681
ccd_dec_y = 5.107628045331683
ccd_defocus = 0.28577252321001295
ccd_tilt_x = 0.03252392853493699
ccd_tilt_y = -0.0022322028796594303
ccd_tilt_z = 4.667946015050342e-06
p = 0.0001