slit_dec_x_a = -0.181778666534
slit_dec_y_a = -0.18243150017
slit_dec_x_b = 0.14512077562974193
slit_dec_y_b = -0.05510809031835813
slit_defocus = -0.0021867093135790783
slit_tilt_x = 1.1346540700470948
slit_tilt_y = -8.568219801810715
slit_tilt_z = -9.003634421876628
d_slit_col = 1594.303942742441
coll_tilt_x = 0.08645856494645063
coll_tilt_y = -0.022014170626018178
ech_G = 31.610922403955872
ech_blaze = -74.99565906939586
ech_gamma = 1.1579783756681254
echelle_z = 0.057611141725387886
d_col_trf = -1588.0161436665203
trf_mirror_tilt_x = 0.12250894134829914
trf_mirror_tilt_y = 0.018645118636589485
d_col_grm = 0.015106186476500211
grism_dec_x = 236.39742819705245
grism_dec_y = -0.0050188135257919425
grm_tilt_x = -0.02501626632528067
grm_tilt_y = 2.3269209762577128
grm_G = 222.78585263356482
grm_apex = 17.809190210418876
d_grm_cam  = 21.604671633290373
cam_dec_x = -0.2836082802660697
cam_dec_y = 0.28967766484039115
cam_tilt_x = 0.00424875020356159
cam_tilt_y = -0.0277775452164631
d_cam_ff  = -160.5696338560176
ccd_ff_dec_x = -0.022830460077887544
ccd_ff_dec_y = -0.047769804143519404
ccd_ff_tilt_x = 0.16505640561731202
ccd_ff_tilt_y = -0.5895634742558287
ccd_ff_tilt_z = 0.17173522444962455
d_ff_ccd  = -4.785452952275118
ccd_dec_x = 0.5519108261512057
ccd_dec_y = 5.1061175655308375
ccd_defocus = 0.3157898610980992
ccd_tilt_x = 0.02131473270162453
ccd_tilt_y = -0.0042118684865107645
ccd_tilt_z = 3.6301353529845384e-07
p = 2.895090909090909e-06