slit_dec_x_a = -0.1703874906527348
slit_dec_y_a = -0.19570141032833177
slit_dec_x_b = 0.175
slit_dec_y_b = -1.539067533475496e-96
slit_defocus = 0.005572325383335206
slit_tilt_x = 1.1861022898720046
slit_tilt_y = -8.539995205061961
slit_tilt_z = -8.990844575528117
d_slit_col = 1594.2944979038195
coll_tilt_x = 0.08875324514832754
coll_tilt_y = -0.031965661889092334
ech_G = 31.610673949423923
ech_blaze = -74.97690833067907
ech_gamma = 1.1402456366776006
echelle_z = 0.07468748553099552
d_col_trf = -1588.0185233971686
trf_mirror_tilt_x = 0.13871372084225952
trf_mirror_tilt_y = 0.07751857538271331
d_col_grm = -0.009501462807035678
grism_dec_x = 236.4343392911017
grism_dec_y = 0.03416497449758875
grm_tilt_x = -0.01576741624490457
grm_tilt_y = 2.304365891545468
grm_G = 222.82517708749577
grm_apex = 17.815112179330033
d_grm_cam  = 21.608485465433102
cam_dec_x = -0.3021051842187809
cam_dec_y = 0.2503159182278775
cam_tilt_x = -0.018674813578173934
cam_tilt_y = -0.015110938012357938
d_cam_ff  = -160.40095465100816
ccd_ff_dec_x = -0.003508718744564293
ccd_ff_dec_y = 0.00026461673496744743
ccd_ff_tilt_x = 0.14604509922325695
ccd_ff_tilt_y = -0.5720777082530206
ccd_ff_tilt_z = 0.17258830879337075
d_ff_ccd  = -4.811333797422622
ccd_dec_x = 0.6206681641762312
ccd_dec_y = 5.15526772248171
ccd_defocus = 0.31626633309066804
ccd_tilt_x = 0.007752528254333309
ccd_tilt_y = -0.014103618908239286
ccd_tilt_z = 3.1166242977167744e-06
p = 2.895090909090909e-06