slit_dec_x_a = -0.1704010755187174
slit_dec_y_a = -0.1956586180351446
slit_dec_x_b = 0.175
slit_dec_y_b = -1.8397448443719447e-96
slit_defocus = 0.021348389296686872
slit_tilt_x = 1.1140014754804943
slit_tilt_y = -8.538423315008691
slit_tilt_z = -8.99172355256862
d_slit_col = 1594.3099472720514
coll_tilt_x = 0.1131521270508056
coll_tilt_y = -0.028870585644204604
ech_G = 31.613233813582763
ech_blaze = -74.9748303258274
ech_gamma = 1.1389769118188866
echelle_z = 0.07476857764804236
d_col_trf = -1588.017233389662
trf_mirror_tilt_x = 0.026356219113186773
trf_mirror_tilt_y = 0.16219009914216806
d_col_grm = -0.004871041548964185
grism_dec_x = 236.42335200847225
grism_dec_y = 0.03819979499950664
grm_tilt_x = -0.014060288337039638
grm_tilt_y = 2.3052742918462577
grm_G = 222.82400639507978
grm_apex = 17.79104305532394
d_grm_cam  = 21.60982497483901
cam_dec_x = -0.30949910724994223
cam_dec_y = 0.24729452636737345
cam_tilt_x = -0.011099593305255678
cam_tilt_y = 0.0037589019989943432
d_cam_ff  = -160.05733674127853
ccd_ff_dec_x = -0.0026021181205946185
ccd_ff_dec_y = 0.05305075259657103
ccd_ff_tilt_x = 0.019551050333141532
ccd_ff_tilt_y = -0.5728019627711357
ccd_ff_tilt_z = 0.1800535472645964
d_ff_ccd  = -4.8389453044540165
ccd_dec_x = 0.6214046432327031
ccd_dec_y = 5.1571532280663215
ccd_defocus = 0.2807500994000987
ccd_tilt_x = 0.00502369490459429
ccd_tilt_y = -0.010962151920926328
ccd_tilt_z = 5.096857849686321e-06
p = 0.0001