slit_dec_x_a = -0.17044151916169048
slit_dec_y_a = -0.1959566016889606
slit_dec_x_b = 0.175
slit_dec_y_b = -1.949533215533387e-96
slit_defocus = 0.005566687425427455
slit_tilt_x = 1.1860972105348042
slit_tilt_y = -8.539993517002102
slit_tilt_z = -8.99084368294442
d_slit_col = 1594.2944655608887
coll_tilt_x = 0.0886647432251336
coll_tilt_y = -0.03175147533754299
ech_G = 31.610681957177537
ech_blaze = -74.97698343579212
ech_gamma = 1.1404636861135495
echelle_z = 0.0748043645332288
d_col_trf = -1588.018572147384
trf_mirror_tilt_x = 0.1386759288572492
trf_mirror_tilt_y = 0.07758708714556445
d_col_grm = -0.009561868284932745
grism_dec_x = 236.4343101418724
grism_dec_y = 0.03423793635359822
grm_tilt_x = -0.01567820910735453
grm_tilt_y = 2.304399625081547
grm_G = 222.82517471493728
grm_apex = 17.815113576361888
d_grm_cam  = 21.608475432270502
cam_dec_x = -0.302163685013261
cam_dec_y = 0.2503711156859394
cam_tilt_x = -0.01863167515672069
cam_tilt_y = -0.015047478510059914
d_cam_ff  = -160.40097414225394
ccd_ff_dec_x = -0.0035409961335592737
ccd_ff_dec_y = 0.0001755981093114473
ccd_ff_tilt_x = 0.14601943156972835
ccd_ff_tilt_y = -0.5720877198706629
ccd_ff_tilt_z = 0.17260158445269444
d_ff_ccd  = -4.811209902204508
ccd_dec_x = 0.6207053531476372
ccd_dec_y = 5.15528964974824
ccd_defocus = 0.31629759784232586
ccd_tilt_x = 0.007728198748396604
ccd_tilt_y = -0.014013940325722297
ccd_tilt_z = 3.1154842562139234e-06
p = 1.3917500000000002e-05