slit_dec_x_a = -0.181778666534
slit_dec_y_a = -0.18243150017
slit_dec_x_b = 0.14512077562974193
slit_dec_y_b = -0.05510809031835813
slit_defocus = -0.002199632771553484
slit_tilt_x = 1.1346959720755077
slit_tilt_y = -8.568284222958008
slit_tilt_z = -9.00361897939027
d_slit_col = 1594.303915243216
coll_tilt_x = 0.08641364401885647
coll_tilt_y = -0.02203350846424542
ech_G = 31.610915551498653
ech_blaze = -74.99574210814204
ech_gamma = 1.1581908134027337
echelle_z = 0.05720634669599388
d_col_trf = -1588.016249092067
trf_mirror_tilt_x = 0.12251542041448221
trf_mirror_tilt_y = 0.018661913559298412
d_col_grm = 0.015008549379864136
grism_dec_x = 236.39749782643293
grism_dec_y = -0.005035313652954929
grm_tilt_x = -0.024702733999886563
grm_tilt_y = 2.3274693648582936
grm_G = 222.7857874595567
grm_apex = 17.80914976608953
d_grm_cam  = 21.60448546566651
cam_dec_x = -0.28360995952440393
cam_dec_y = 0.28971099211674
cam_tilt_x = 0.004324856613418879
cam_tilt_y = -0.027787711970141828
d_cam_ff  = -160.56973849401243
ccd_ff_dec_x = -0.02277204581443207
ccd_ff_dec_y = -0.04778965322673213
ccd_ff_tilt_x = 0.16504509470974638
ccd_ff_tilt_y = -0.5895437925378797
ccd_ff_tilt_z = 0.17178525743302575
d_ff_ccd  = -4.785370995007907
ccd_dec_x = 0.5519154177593254
ccd_dec_y = 5.106385178544952
ccd_defocus = 0.31579111196085186
ccd_tilt_x = 0.021378198823517762
ccd_tilt_y = -0.004196218455754591
ccd_tilt_z = 3.313993574660213e-07
p = 1.3917500000000002e-05