slit_dec_x_a = -0.1704010755187174
slit_dec_y_a = -0.1956586180351446
slit_dec_x_b = 0.175
slit_dec_y_b = -1.7630910779474226e-96
slit_defocus = 0.02143921212344829
slit_tilt_x = 1.1140381425235257
slit_tilt_y = -8.538281742414778
slit_tilt_z = -8.991577481615193
d_slit_col = 1594.309983678697
coll_tilt_x = 0.11321987306330408
coll_tilt_y = -0.0288746446906155
ech_G = 31.613229654997273
ech_blaze = -74.97483284502599
ech_gamma = 1.1389674116830493
echelle_z = 0.0747688000940188
d_col_trf = -1588.0172277942252
trf_mirror_tilt_x = 0.026251913717317287
trf_mirror_tilt_y = 0.16221654423694676
d_col_grm = -0.004819130358192357
grism_dec_x = 236.4232724090962
grism_dec_y = 0.03818547181273533
grm_tilt_x = -0.014055628947894302
grm_tilt_y = 2.3052755534132725
grm_G = 222.8240048456277
grm_apex = 17.79105013779028
d_grm_cam  = 21.609821868897168
cam_dec_x = -0.3095290920022078
cam_dec_y = 0.24732298583860154
cam_tilt_x = -0.011076242724647758
cam_tilt_y = 0.0038148403348872116
d_cam_ff  = -160.05764287684224
ccd_ff_dec_x = -0.0025993739847837974
ccd_ff_dec_y = 0.053021919681958254
ccd_ff_tilt_x = 0.019501630742885186
ccd_ff_tilt_y = -0.5728096172831627
ccd_ff_tilt_z = 0.1800527598305151
d_ff_ccd  = -4.838959384130794
ccd_dec_x = 0.6214058748914308
ccd_dec_y = 5.157153801458341
ccd_defocus = 0.28074858960182897
ccd_tilt_x = 0.005028835557252981
ccd_tilt_y = -0.010836414628795647
ccd_tilt_z = 5.037922152767138e-06
p = 0.0001