slit_dec_x_a = -0.17040101527609416
slit_dec_y_a = -0.19578430817839254
slit_dec_x_b = 0.175
slit_dec_y_b = -1.734840495893248e-96
slit_defocus = 0.005588039198636078
slit_tilt_x = 1.1861160161208084
slit_tilt_y = -8.539998654223027
slit_tilt_z = -8.990849433776805
d_slit_col = 1594.294485445586
coll_tilt_x = 0.08872719087087563
coll_tilt_y = -0.032012176060564564
ech_G = 31.610660138025235
ech_blaze = -74.97688078751324
ech_gamma = 1.1402345754500864
echelle_z = 0.07479570244852576
d_col_trf = -1588.0185167444354
trf_mirror_tilt_x = 0.13870294812108952
trf_mirror_tilt_y = 0.07752835831051408
d_col_grm = -0.009516678881544362
grism_dec_x = 236.4343523815537
grism_dec_y = 0.034168929579010146
grm_tilt_x = -0.015795354639778134
grm_tilt_y = 2.3043751893653384
grm_G = 222.82518255228928
grm_apex = 17.81508701054117
d_grm_cam  = 21.60849971469412
cam_dec_x = -0.3021022872443903
cam_dec_y = 0.25034046720773706
cam_tilt_x = -0.018553487898300497
cam_tilt_y = -0.015104968662365657
d_cam_ff  = -160.40095517185657
ccd_ff_dec_x = -0.003507858148844694
ccd_ff_dec_y = 0.00025416774169864973
ccd_ff_tilt_x = 0.14603311877983852
ccd_ff_tilt_y = -0.5720848267032673
ccd_ff_tilt_z = 0.1725891617606501
d_ff_ccd  = -4.811320366890108
ccd_dec_x = 0.62068008102993
ccd_dec_y = 5.155278543882942
ccd_defocus = 0.3162678094174808
ccd_tilt_x = 0.007750384179281618
ccd_tilt_y = -0.01410388710256694
ccd_tilt_z = 3.148731532286425e-06
p = 3.1987272727272724e-06