slit_dec_x_a = -0.181778666534
slit_dec_y_a = -0.18243150017
slit_dec_x_b = 0.14512077562974193
slit_dec_y_b = -0.05510809031835813
slit_defocus = -0.002206714715885238
slit_tilt_x = 1.1346634761818375
slit_tilt_y = -8.568368903582254
slit_tilt_z = -9.003609766284667
d_slit_col = 1594.3039793092457
coll_tilt_x = 0.08645535589073416
coll_tilt_y = -0.02205959665566095
ech_G = 31.6108902721726
ech_blaze = -74.9955153282704
ech_gamma = 1.1581671385698094
echelle_z = 0.056707530824626845
d_col_trf = -1588.0164221761472
trf_mirror_tilt_x = 0.12252816329296526
trf_mirror_tilt_y = 0.01870297307401586
d_col_grm = 0.01498686605694066
grism_dec_x = 236.39747206737354
grism_dec_y = -0.005066280800132953
grm_tilt_x = -0.024674844653379928
grm_tilt_y = 2.3273663730145264
grm_G = 222.78574634778548
grm_apex = 17.809092910696325
d_grm_cam  = 21.60474889910835
cam_dec_x = -0.2836336812817677
cam_dec_y = 0.2897607949721049
cam_tilt_x = 0.004324368880174808
cam_tilt_y = -0.02778871388117008
d_cam_ff  = -160.56957553534576
ccd_ff_dec_x = -0.02289457643950911
ccd_ff_dec_y = -0.04778937338488097
ccd_ff_tilt_x = 0.16504465103697435
ccd_ff_tilt_y = -0.5893094768327248
ccd_ff_tilt_z = 0.17186208961487304
d_ff_ccd  = -4.7853682596238905
ccd_dec_x = 0.551856931273183
ccd_dec_y = 5.106432465307427
ccd_defocus = 0.3158278232653481
ccd_tilt_x = 0.021393424636820643
ccd_tilt_y = -0.004219547553425684
ccd_tilt_z = 2.2320327350699684e-07
p = 1.3767272727272727e-05