slit_dec_x_a = -0.181778666534
slit_dec_y_a = -0.18243150017
slit_dec_x_b = 0.14512077562974193
slit_dec_y_b = -0.05510809031835813
slit_defocus = -0.0021934075380440183
slit_tilt_x = 1.134707356153974
slit_tilt_y = -8.568324573535891
slit_tilt_z = -9.003611790613698
d_slit_col = 1594.3039585316687
coll_tilt_x = 0.08646708319643577
coll_tilt_y = -0.02204028004727936
ech_G = 31.61089165107588
ech_blaze = -74.99553142298264
ech_gamma = 1.158083485485483
echelle_z = 0.05684539564685123
d_col_trf = -1588.0163153742612
trf_mirror_tilt_x = 0.12251371441505617
trf_mirror_tilt_y = 0.018724001149641463
d_col_grm = 0.014984198603477354
grism_dec_x = 236.3974878866397
grism_dec_y = -0.00502546291090344
grm_tilt_x = -0.024605885211237775
grm_tilt_y = 2.3271995395390896
grm_G = 222.78578514105075
grm_apex = 17.809109848601032
d_grm_cam  = 21.604572084843532
cam_dec_x = -0.2836334842364234
cam_dec_y = 0.2897607325935903
cam_tilt_x = 0.004287969227141177
cam_tilt_y = -0.027794889202981028
d_cam_ff  = -160.5696669882591
ccd_ff_dec_x = -0.02283881949251759
ccd_ff_dec_y = -0.047793761330679266
ccd_ff_tilt_x = 0.1650392866926967
ccd_ff_tilt_y = -0.589480874205688
ccd_ff_tilt_z = 0.1718413785971524
d_ff_ccd  = -4.785375562871346
ccd_dec_x = 0.5519321970995218
ccd_dec_y = 5.106554779207149
ccd_defocus = 0.3158190223034326
ccd_tilt_x = 0.021407274602997038
ccd_tilt_y = -0.004213843085106244
ccd_tilt_z = 2.035480708702931e-07
p = 1.1708181818181818e-05