slit_dec_x_a = -0.1704382814415904
slit_dec_y_a = -0.19604376914570895
slit_dec_x_b = 0.175
slit_dec_y_b = -2.3477245540680236e-96
slit_defocus = 0.005514878695879757
slit_tilt_x = 1.1861153828612478
slit_tilt_y = -8.540091146331326
slit_tilt_z = -8.990856494850087
d_slit_col = 1594.2944602171567
coll_tilt_x = 0.08876397198651934
coll_tilt_y = -0.031765409219918994
ech_G = 31.6106960511282
ech_blaze = -74.9771068023994
ech_gamma = 1.1404888199278789
echelle_z = 0.07536116943635386
d_col_trf = -1588.018538749773
trf_mirror_tilt_x = 0.13869607706607173
trf_mirror_tilt_y = 0.0775464684557705
d_col_grm = -0.009505714088133648
grism_dec_x = 236.43431616147726
grism_dec_y = 0.03425335651158003
grm_tilt_x = -0.01597689627735828
grm_tilt_y = 2.3043741100280615
grm_G = 222.8252084890425
grm_apex = 17.815130136346806
d_grm_cam  = 21.60849197945173
cam_dec_x = -0.30210657658383927
cam_dec_y = 0.2503521982339453
cam_tilt_x = -0.01809318681486725
cam_tilt_y = -0.014995398516605559
d_cam_ff  = -160.40095841033008
ccd_ff_dec_x = -0.0035486976408474007
ccd_ff_dec_y = 0.00013295987650418042
ccd_ff_tilt_x = 0.14603246064434966
ccd_ff_tilt_y = -0.5720358990768905
ccd_ff_tilt_z = 0.17256011290045448
d_ff_ccd  = -4.811228664592059
ccd_dec_x = 0.6206499971453571
ccd_dec_y = 5.155286684667376
ccd_defocus = 0.3163126895325745
ccd_tilt_x = 0.007812326504143312
ccd_tilt_y = -0.014019115066560601
ccd_tilt_z = 3.268942872509901e-06
p = 1.1708181818181818e-05