slit_dec_x_a = -0.181778666534
slit_dec_y_a = -0.18243150017
slit_dec_x_b = 0.14512077562974193
slit_dec_y_b = -0.05510809031835813
slit_defocus = -0.0021891142917969783
slit_tilt_x = 1.1347069682036983
slit_tilt_y = -8.568303293595157
slit_tilt_z = -9.003627199847376
d_slit_col = 1594.303908386093
coll_tilt_x = 0.08643251852978408
coll_tilt_y = -0.022038196141524517
ech_G = 31.610894165457047
ech_blaze = -74.9956001361969
ech_gamma = 1.158220407562069
echelle_z = 0.05703516057919916
d_col_trf = -1588.0162570072982
trf_mirror_tilt_x = 0.12250539466463359
trf_mirror_tilt_y = 0.018691336240002368
d_col_grm = 0.014973868283617965
grism_dec_x = 236.39748940829222
grism_dec_y = -0.005062286023764022
grm_tilt_x = -0.02474537290892495
grm_tilt_y = 2.327434901560522
grm_G = 222.78574930931526
grm_apex = 17.809161445291572
d_grm_cam  = 21.604505163555814
cam_dec_x = -0.28364832997574474
cam_dec_y = 0.28973270044887606
cam_tilt_x = 0.004357224794146714
cam_tilt_y = -0.02779104976526004
d_cam_ff  = -160.56949232594673
ccd_ff_dec_x = -0.02305637810653269
ccd_ff_dec_y = -0.04779345516039822
ccd_ff_tilt_x = 0.16503046973316166
ccd_ff_tilt_y = -0.5896309887781701
ccd_ff_tilt_z = 0.17179109559582648
d_ff_ccd  = -4.785367675300474
ccd_dec_x = 0.5518929802318758
ccd_dec_y = 5.106616294073952
ccd_defocus = 0.31584426706448904
ccd_tilt_x = 0.02142021014478771
ccd_tilt_y = -0.004225617830533542
ccd_tilt_z = 3.146195576273956e-07
p = 4.912727272727273e-06