slit_dec_x_a = -0.17042861812405175
slit_dec_y_a = -0.19604095903280327
slit_dec_x_b = 0.175
slit_dec_y_b = -1.9467433715280066e-96
slit_defocus = 0.005576845490445211
slit_tilt_x = 1.186115318480776
slit_tilt_y = -8.540007208392614
slit_tilt_z = -8.990860753699963
d_slit_col = 1594.294433581131
coll_tilt_x = 0.08871436593184165
coll_tilt_y = -0.03180771089878034
ech_G = 31.610689323178356
ech_blaze = -74.97708362930813
ech_gamma = 1.1404139963800164
echelle_z = 0.07492681331908319
d_col_trf = -1588.0185507561175
trf_mirror_tilt_x = 0.13870196535598578
trf_mirror_tilt_y = 0.07759358227949842
d_col_grm = -0.009533691270972047
grism_dec_x = 236.43428102619404
grism_dec_y = 0.03424429632537744
grm_tilt_x = -0.015761104848343775
grm_tilt_y = 2.304364711602901
grm_G = 222.82516695167
grm_apex = 17.815106981810022
d_grm_cam  = 21.608489102270312
cam_dec_x = -0.3021337272733287
cam_dec_y = 0.2503733528267545
cam_tilt_x = -0.018383541023746862
cam_tilt_y = -0.015034503705295332
d_cam_ff  = -160.40096986056747
ccd_ff_dec_x = -0.003544204914389796
ccd_ff_dec_y = 0.0001546648660727878
ccd_ff_tilt_x = 0.14601287223667986
ccd_ff_tilt_y = -0.5721125428345195
ccd_ff_tilt_z = 0.1725736369386251
d_ff_ccd  = -4.811228686553471
ccd_dec_x = 0.6206729364040898
ccd_dec_y = 5.155275812328134
ccd_defocus = 0.3163032743061762
ccd_tilt_x = 0.007767877901881491
ccd_tilt_y = -0.01401828158015492
ccd_tilt_z = 3.1629875835416276e-06
p = 1.6565000000000005e-05