slit_dec_x_a = -0.181778666534
slit_dec_y_a = -0.18243150017
slit_dec_x_b = 0.14512077562974193
slit_dec_y_b = -0.05510809031835813
slit_defocus = -0.0022100154595311155
slit_tilt_x = 1.1346935362836423
slit_tilt_y = -8.56829870397391
slit_tilt_z = -9.003631040936986
d_slit_col = 1594.303909678883
coll_tilt_x = 0.08643906491680795
coll_tilt_y = -0.022043125373699377
ech_G = 31.61092152310398
ech_blaze = -74.9957315341971
ech_gamma = 1.1581235751118317
echelle_z = 0.05721407584902691
d_col_trf = -1588.0162059310983
trf_mirror_tilt_x = 0.122504328914603
trf_mirror_tilt_y = 0.01868685651073065
d_col_grm = 0.014990390105213023
grism_dec_x = 236.39748430191045
grism_dec_y = -0.005039345333588123
grm_tilt_x = -0.024809494889202838
grm_tilt_y = 2.327406482533443
grm_G = 222.78569531295662
grm_apex = 17.809184296469194
d_grm_cam  = 21.604421956951228
cam_dec_x = -0.28362305322913894
cam_dec_y = 0.28971094156557137
cam_tilt_x = 0.004355381516822105
cam_tilt_y = -0.027810827388574395
d_cam_ff  = -160.56968637867624
ccd_ff_dec_x = -0.022982743252997262
ccd_ff_dec_y = -0.04777815713663368
ccd_ff_tilt_x = 0.16505516059153957
ccd_ff_tilt_y = -0.5896088493436273
ccd_ff_tilt_z = 0.17182940138606542
d_ff_ccd  = -4.7853627817839
ccd_dec_x = 0.5520103901563997
ccd_dec_y = 5.106478259800284
ccd_defocus = 0.31579868629341856
ccd_tilt_x = 0.021421556693829846
ccd_tilt_y = -0.004187613254745746
ccd_tilt_z = 3.0388578337918844e-07
p = 1.6565000000000005e-05