slit_dec_x_a = -0.181778666534
slit_dec_y_a = -0.18243150017
slit_dec_x_b = 0.14512077562974193
slit_dec_y_b = -0.05510809031835813
slit_defocus = -0.013800882205874011
slit_tilt_x = 1.0540887466853028
slit_tilt_y = -8.560013111120593
slit_tilt_z = -9.026921505215855
d_slit_col = 1594.2903077554179
coll_tilt_x = 0.1214264747530019
coll_tilt_y = -0.026416048147736924
ech_G = 31.614559833973395
ech_blaze = -74.99488717349199
ech_gamma = 1.15564326923402
echelle_z = 0.057001803485286606
d_col_trf = -1588.0163623606213
trf_mirror_tilt_x = 0.007380570139151515
trf_mirror_tilt_y = 0.15548939165440578
d_col_grm = 0.03559450299799774
grism_dec_x = 236.3832401418486
grism_dec_y = 0.009228835716193148
grm_tilt_x = -0.02351055942434966
grm_tilt_y = 2.3257908655367086
grm_G = 222.7840672861513
grm_apex = 17.76653683329065
d_grm_cam  = 21.60470416514584
cam_dec_x = -0.27119268793361095
cam_dec_y = 0.290836885742392
cam_tilt_x = 0.012369528067223839
cam_tilt_y = 0.008802490299544892
d_cam_ff  = -160.07716387602102
ccd_ff_dec_x = -0.023804668410111265
ccd_ff_dec_y = 0.04202791940423903
ccd_ff_tilt_x = 0.03351576086825557
ccd_ff_tilt_y = -0.5909766203689129
ccd_ff_tilt_z = 0.17192317333098397
d_ff_ccd  = -4.815959888095977
ccd_dec_x = 0.5532961765681466
ccd_dec_y = 5.107632413638602
ccd_defocus = 0.28581365909035
ccd_tilt_x = 0.032622390484630885
ccd_tilt_y = -0.002114223692020479
ccd_tilt_z = 4.674311788026857e-06
p = 0.0001