slit_dec_x_a = -0.1704010755187174
slit_dec_y_a = -0.1956586180351446
slit_dec_x_b = 0.175
slit_dec_y_b = -1.8353367037660058e-96
slit_defocus = 0.021364438150072315
slit_tilt_x = 1.113979113976139
slit_tilt_y = -8.538378656129554
slit_tilt_z = -8.991627411555472
d_slit_col = 1594.3099191979347
coll_tilt_x = 0.11319058086399438
coll_tilt_y = -0.02891859345579895
ech_G = 31.613226167265466
ech_blaze = -74.97483139966796
ech_gamma = 1.1389737310298989
echelle_z = 0.07477494334461024
d_col_trf = -1588.0172318330383
trf_mirror_tilt_x = 0.0262273980051488
trf_mirror_tilt_y = 0.16226497437762674
d_col_grm = -0.004799921468070927
grism_dec_x = 236.42333335189667
grism_dec_y = 0.03816363149863139
grm_tilt_x = -0.014049483161121432
grm_tilt_y = 2.3052758471618024
grm_G = 222.8240083285994
grm_apex = 17.791007874787503
d_grm_cam  = 21.609822590327827
cam_dec_x = -0.3095332704869186
cam_dec_y = 0.24725253062205696
cam_tilt_x = -0.011121717612426618
cam_tilt_y = 0.003742629075593786
d_cam_ff  = -160.05758214278063
ccd_ff_dec_x = -0.002603071713891858
ccd_ff_dec_y = 0.05299034423297177
ccd_ff_tilt_x = 0.019536267536966363
ccd_ff_tilt_y = -0.5728039021781492
ccd_ff_tilt_z = 0.18005744985397906
d_ff_ccd  = -4.838923793281193
ccd_dec_x = 0.6213996308757868
ccd_dec_y = 5.157146631421226
ccd_defocus = 0.28085571806883225
ccd_tilt_x = 0.005091850803871335
ccd_tilt_y = -0.010859751605813128
ccd_tilt_z = 5.052258248649614e-06
p = 0.0001