slit_dec_x_a = -0.181778666534
slit_dec_y_a = -0.18243150017
slit_dec_x_b = 0.14512077562974193
slit_dec_y_b = -0.05510809031835813
slit_defocus = -0.0022012865145410354
slit_tilt_x = 1.1346733368583515
slit_tilt_y = -8.56823711303164
slit_tilt_z = -9.003648833151221
d_slit_col = 1594.3039745406477
coll_tilt_x = 0.08646008356424113
coll_tilt_y = -0.02200400990161443
ech_G = 31.610878832757404
ech_blaze = -74.99551461755071
ech_gamma = 1.1581462210320044
echelle_z = 0.057615106773564524
d_col_trf = -1588.0162606053648
trf_mirror_tilt_x = 0.12253132304600928
trf_mirror_tilt_y = 0.018662720159914083
d_col_grm = 0.015073946782455931
grism_dec_x = 236.39746231714744
grism_dec_y = -0.0050234435143254805
grm_tilt_x = -0.024776114041113843
grm_tilt_y = 2.3273203588623765
grm_G = 222.78575686050198
grm_apex = 17.809215323809887
d_grm_cam  = 21.604534905966503
cam_dec_x = -0.2835752923840219
cam_dec_y = 0.2897405432370051
cam_tilt_x = 0.004330007333664266
cam_tilt_y = -0.027828187534076097
d_cam_ff  = -160.5698351694055
ccd_ff_dec_x = -0.02282795280667952
ccd_ff_dec_y = -0.04779409026447532
ccd_ff_tilt_x = 0.1650320480909073
ccd_ff_tilt_y = -0.5896847383606859
ccd_ff_tilt_z = 0.17171099000301696
d_ff_ccd  = -4.785420322152851
ccd_dec_x = 0.5518630137474339
ccd_dec_y = 5.106120893402706
ccd_defocus = 0.3157421886866528
ccd_tilt_x = 0.0213453652474724
ccd_tilt_y = -0.004195276430761168
ccd_tilt_z = 3.7207365357914653e-07
p = 1.6820833333333333e-05