slit_dec_x_a = -0.1703905029156158
slit_dec_y_a = -0.1958834977475276
slit_dec_x_b = 0.175
slit_dec_y_b = -1.51029424527343e-96
slit_defocus = 0.005589283308080772
slit_tilt_x = 1.1861375836174588
slit_tilt_y = -8.540024892942464
slit_tilt_z = -8.990838110145038
d_slit_col = 1594.2944685343293
coll_tilt_x = 0.08872390377655771
coll_tilt_y = -0.03185128907182841
ech_G = 31.61064928704674
ech_blaze = -74.97682907647669
ech_gamma = 1.1403672528588857
echelle_z = 0.07478402662040952
d_col_trf = -1588.0185439189495
trf_mirror_tilt_x = 0.138651533503576
trf_mirror_tilt_y = 0.07751816121693098
d_col_grm = -0.009541196830789606
grism_dec_x = 236.43432709709242
grism_dec_y = 0.03417949071028322
grm_tilt_x = -0.015790443585620324
grm_tilt_y = 2.3043818007841232
grm_G = 222.82515806656193
grm_apex = 17.81512748020653
d_grm_cam  = 21.608482453301658
cam_dec_x = -0.30211647669258823
cam_dec_y = 0.2503296860721275
cam_tilt_x = -0.018474010372356905
cam_tilt_y = -0.015088397465087151
d_cam_ff  = -160.4009594480903
ccd_ff_dec_x = -0.003527752525957591
ccd_ff_dec_y = 0.00023739702652024176
ccd_ff_tilt_x = 0.14604139425639664
ccd_ff_tilt_y = -0.5720763247546695
ccd_ff_tilt_z = 0.17257159803107303
d_ff_ccd  = -4.811252582815435
ccd_dec_x = 0.620660284227395
ccd_dec_y = 5.155302833097759
ccd_defocus = 0.3162975182432702
ccd_tilt_x = 0.007722583520838087
ccd_tilt_y = -0.014101952290763973
ccd_tilt_z = 3.1397657169969994e-06
p = 1.6820833333333333e-05