slit_dec_x_a = -0.1704010755187174
slit_dec_y_a = -0.1956586180351446
slit_dec_x_b = 0.175
slit_dec_y_b = -1.8227667929146275e-96
slit_defocus = 0.02134371304345771
slit_tilt_x = 1.1140169350861966
slit_tilt_y = -8.538423051582653
slit_tilt_z = -8.991604970616809
d_slit_col = 1594.3099867385467
coll_tilt_x = 0.11320400791080837
coll_tilt_y = -0.028940229424835817
ech_G = 31.613239588863543
ech_blaze = -74.97483056707976
ech_gamma = 1.1389776401884304
echelle_z = 0.07477210692814278
d_col_trf = -1588.0172366320419
trf_mirror_tilt_x = 0.02631156747703834
trf_mirror_tilt_y = 0.16225871844885134
d_col_grm = -0.004757638031591186
grism_dec_x = 236.42339165390388
grism_dec_y = 0.038181549009811924
grm_tilt_x = -0.014049321260182416
grm_tilt_y = 2.305274192704074
grm_G = 222.82400253042508
grm_apex = 17.791025868227685
d_grm_cam  = 21.609817064775434
cam_dec_x = -0.30955023339489113
cam_dec_y = 0.24724385013724556
cam_tilt_x = -0.011079874846505
cam_tilt_y = 0.0037013134068132336
d_cam_ff  = -160.05779461262836
ccd_ff_dec_x = -0.0025979234535275317
ccd_ff_dec_y = 0.053040659173441126
ccd_ff_tilt_x = 0.01951886214127882
ccd_ff_tilt_y = -0.5728060797260767
ccd_ff_tilt_z = 0.1800465206309991
d_ff_ccd  = -4.838900046257876
ccd_dec_x = 0.6214066248603961
ccd_dec_y = 5.157148063855921
ccd_defocus = 0.28074650801552276
ccd_tilt_x = 0.005067905004483864
ccd_tilt_y = -0.010951400846451862
ccd_tilt_z = 5.081853182711875e-06
p = 0.0001