slit_dec_x_a = -0.181778666534
slit_dec_y_a = -0.18243150017
slit_dec_x_b = 0.14512077562974193
slit_dec_y_b = -0.05510809031835813
slit_defocus = -0.01383662949916603
slit_tilt_x = 1.0540163060761873
slit_tilt_y = -8.559990792708408
slit_tilt_z = -9.026869942509308
d_slit_col = 1594.2902655967405
coll_tilt_x = 0.12139675538666618
coll_tilt_y = -0.026512377882352587
ech_G = 31.614564323216424
ech_blaze = -74.99489320581398
ech_gamma = 1.1556387755467685
echelle_z = 0.05700072019708953
d_col_trf = -1588.0163675712386
trf_mirror_tilt_x = 0.007320196400118638
trf_mirror_tilt_y = 0.15543523739526227
d_col_grm = 0.035642044339470755
grism_dec_x = 236.3831473664122
grism_dec_y = 0.009186741965134065
grm_tilt_x = -0.023509847315091436
grm_tilt_y = 2.325783785580888
grm_G = 222.78407099278422
grm_apex = 17.766505871770864
d_grm_cam  = 21.604697222390183
cam_dec_x = -0.2711058228327563
cam_dec_y = 0.2909510263599339
cam_tilt_x = 0.012452245906401475
cam_tilt_y = 0.008863066347301628
d_cam_ff  = -160.07707570018633
ccd_ff_dec_x = -0.023807245960183986
ccd_ff_dec_y = 0.04200419473773394
ccd_ff_tilt_x = 0.033487896739268344
ccd_ff_tilt_y = -0.5909866057134846
ccd_ff_tilt_z = 0.17191212076993742
d_ff_ccd  = -4.815990556514604
ccd_dec_x = 0.553303873104601
ccd_dec_y = 5.107625541369034
ccd_defocus = 0.28579513292261866
ccd_tilt_x = 0.032561847868214706
ccd_tilt_y = -0.0021340370404955324
ccd_tilt_z = 4.7022100147016674e-06
p = 0.0001