slit_dec_x_a = -0.181778666534
slit_dec_y_a = -0.18243150017
slit_dec_x_b = 0.14512077562974193
slit_dec_y_b = -0.05510809031835813
slit_defocus = -0.002199651468116892
slit_tilt_x = 1.1346647313391127
slit_tilt_y = -8.568377421032059
slit_tilt_z = -9.003588503230173
d_slit_col = 1594.3039904413847
coll_tilt_x = 0.0864639284607838
coll_tilt_y = -0.022068619323128737
ech_G = 31.610906473423626
ech_blaze = -74.99562181696157
ech_gamma = 1.1581083172119495
echelle_z = 0.05674681830647605
d_col_trf = -1588.0163670549948
trf_mirror_tilt_x = 0.1225120480763579
trf_mirror_tilt_y = 0.01869563848511651
d_col_grm = 0.01496732191493018
grism_dec_x = 236.397478344646
grism_dec_y = -0.005072147737565015
grm_tilt_x = -0.024685745314686626
grm_tilt_y = 2.3273118309176244
grm_G = 222.78573788250372
grm_apex = 17.809089536635785
d_grm_cam  = 21.604823320573615
cam_dec_x = -0.28362379811578753
cam_dec_y = 0.28976260427805856
cam_tilt_x = 0.004325903877167582
cam_tilt_y = -0.02777932247795569
d_cam_ff  = -160.5694870243557
ccd_ff_dec_x = -0.022901214358437758
ccd_ff_dec_y = -0.04776975297913581
ccd_ff_tilt_x = 0.1650501093724531
ccd_ff_tilt_y = -0.5893834213619504
ccd_ff_tilt_z = 0.17185779085309663
d_ff_ccd  = -4.785384623309673
ccd_dec_x = 0.551877206882711
ccd_dec_y = 5.106371983336202
ccd_defocus = 0.3158396543924462
ccd_tilt_x = 0.021392609596726352
ccd_tilt_y = -0.004227224453916515
ccd_tilt_z = 2.421797627009181e-07
p = 1.395181818181818e-05