slit_dec_x_a = -0.1704178438998547
slit_dec_y_a = -0.1958320849559071
slit_dec_x_b = 0.175
slit_dec_y_b = -2.4913639490485244e-96
slit_defocus = 0.00552051998199995
slit_tilt_x = 1.1861185676565043
slit_tilt_y = -8.540103602352008
slit_tilt_z = -8.990829548712375
d_slit_col = 1594.2944315051352
coll_tilt_x = 0.08854290196171102
coll_tilt_y = -0.03183550800057799
ech_G = 31.610651245387047
ech_blaze = -74.97702157356045
ech_gamma = 1.1403834062577705
echelle_z = 0.07536296047140947
d_col_trf = -1588.0185895930288
trf_mirror_tilt_x = 0.13866224121049733
trf_mirror_tilt_y = 0.07752175060980003
d_col_grm = -0.009528511608723736
grism_dec_x = 236.43432621451566
grism_dec_y = 0.03424179192135781
grm_tilt_x = -0.01583255361166785
grm_tilt_y = 2.30434663154679
grm_G = 222.8251854563036
grm_apex = 17.815119938104726
d_grm_cam  = 21.608490493693758
cam_dec_x = -0.3021056897795476
cam_dec_y = 0.2503555693158058
cam_tilt_x = -0.01823656758538495
cam_tilt_y = -0.015019171549174244
d_cam_ff  = -160.4009625234324
ccd_ff_dec_x = -0.0035403568893196853
ccd_ff_dec_y = 0.00018737339067089834
ccd_ff_tilt_x = 0.14600308026175118
ccd_ff_tilt_y = -0.5720111293058739
ccd_ff_tilt_z = 0.1725626729958625
d_ff_ccd  = -4.811220844611455
ccd_dec_x = 0.6206498359713813
ccd_dec_y = 5.155281081504312
ccd_defocus = 0.3163182545178465
ccd_tilt_x = 0.0077863676641545445
ccd_tilt_y = -0.013999635787433913
ccd_tilt_z = 3.2888275674128624e-06
p = 1.395181818181818e-05