slit_dec_x_a = -0.181778666534
slit_dec_y_a = -0.18243150017
slit_dec_x_b = 0.14512077562974193
slit_dec_y_b = -0.05510809031835813
slit_defocus = -0.002194898745555697
slit_tilt_x = 1.1346962926882491
slit_tilt_y = -8.56827980619247
slit_tilt_z = -9.00361568998409
d_slit_col = 1594.30391449698
coll_tilt_x = 0.08640766318323373
coll_tilt_y = -0.02203652523336406
ech_G = 31.610913602052943
ech_blaze = -74.99573643572
ech_gamma = 1.158190928037318
echelle_z = 0.05719750862273203
d_col_trf = -1588.0162422048313
trf_mirror_tilt_x = 0.12252019494418698
trf_mirror_tilt_y = 0.01866598502884017
d_col_grm = 0.015009058320057691
grism_dec_x = 236.39749107010573
grism_dec_y = -0.005029692610760897
grm_tilt_x = -0.024699110901332855
grm_tilt_y = 2.3274600318337946
grm_G = 222.78576727737996
grm_apex = 17.80914781020158
d_grm_cam  = 21.604497997656583
cam_dec_x = -0.28361470605006756
cam_dec_y = 0.2897127897844643
cam_tilt_x = 0.00431884840398317
cam_tilt_y = -0.027782022831294644
d_cam_ff  = -160.56974605992193
ccd_ff_dec_x = -0.022753711976185698
ccd_ff_dec_y = -0.047787696427234495
ccd_ff_tilt_x = 0.1650437061432306
ccd_ff_tilt_y = -0.5895386667217152
ccd_ff_tilt_z = 0.17179526386583976
d_ff_ccd  = -4.785369379122106
ccd_dec_x = 0.5519264920321696
ccd_dec_y = 5.106384545112996
ccd_defocus = 0.315795821843681
ccd_tilt_x = 0.021377606564252603
ccd_tilt_y = -0.004203392577882167
ccd_tilt_z = 2.973113784693379e-07
p = 1.1750909090909091e-05