slit_dec_x_a = -0.17043934307050096
slit_dec_y_a = -0.19592081768564223
slit_dec_x_b = 0.175
slit_dec_y_b = -1.9512712552857994e-96
slit_defocus = 0.005568511807609735
slit_tilt_x = 1.1860985210026882
slit_tilt_y = -8.539994393009351
slit_tilt_z = -8.990847479461188
d_slit_col = 1594.2944669726523
coll_tilt_x = 0.08869627859292294
coll_tilt_y = -0.03177609234833322
ech_G = 31.610685453932067
ech_blaze = -74.97697606921432
ech_gamma = 1.1404394101017343
echelle_z = 0.07479441103712456
d_col_trf = -1588.018573145083
trf_mirror_tilt_x = 0.13867846226234906
trf_mirror_tilt_y = 0.07758675548282416
d_col_grm = -0.009555953770297224
grism_dec_x = 236.4343069547325
grism_dec_y = 0.03424140813513882
grm_tilt_x = -0.015699076347246987
grm_tilt_y = 2.304398267591735
grm_G = 222.8251760806149
grm_apex = 17.815116840750107
d_grm_cam  = 21.608477222500504
cam_dec_x = -0.3021624643898373
cam_dec_y = 0.25036465125105184
cam_tilt_x = -0.018618451851685605
cam_tilt_y = -0.015041282796812034
d_cam_ff  = -160.4009752337598
ccd_ff_dec_x = -0.0035395693178366487
ccd_ff_dec_y = 0.0001762806518990711
ccd_ff_tilt_x = 0.14602559804169776
ccd_ff_tilt_y = -0.5720927044644878
ccd_ff_tilt_z = 0.1725990769972681
d_ff_ccd  = -4.811222938456449
ccd_dec_x = 0.6207017141887623
ccd_dec_y = 5.1552902014259745
ccd_defocus = 0.3163025288435004
ccd_tilt_x = 0.007732614813232571
ccd_tilt_y = -0.014008276313630726
ccd_tilt_z = 3.142209573726616e-06
p = 1.1750909090909091e-05