slit_dec_x_a = -0.181778666534
slit_dec_y_a = -0.18243150017
slit_dec_x_b = 0.14512077562974193
slit_dec_y_b = -0.05510809031835813
slit_defocus = -0.013806290554233824
slit_tilt_x = 1.0540921340914142
slit_tilt_y = -8.559978596751634
slit_tilt_z = -9.026853595443995
d_slit_col = 1594.2902970685639
coll_tilt_x = 0.12148670105874328
coll_tilt_y = -0.026473745329591875
ech_G = 31.614564670310823
ech_blaze = -74.99488811729096
ech_gamma = 1.1556409884234018
echelle_z = 0.05699967089872261
d_col_trf = -1588.0163671200492
trf_mirror_tilt_x = 0.007369725778146507
trf_mirror_tilt_y = 0.15543025353231563
d_col_grm = 0.03562701731272008
grism_dec_x = 236.3832418127398
grism_dec_y = 0.009229664157480277
grm_tilt_x = -0.02350469371744917
grm_tilt_y = 2.325786203695913
grm_G = 222.78407557328327
grm_apex = 17.766577423081895
d_grm_cam  = 21.60470004392592
cam_dec_x = -0.27110169559822056
cam_dec_y = 0.2908430999028359
cam_tilt_x = 0.0124977581749837
cam_tilt_y = 0.008846928647831383
d_cam_ff  = -160.07734431692248
ccd_ff_dec_x = -0.023802218535129385
ccd_ff_dec_y = 0.04199434852825637
ccd_ff_tilt_x = 0.0334915121115711
ccd_ff_tilt_y = -0.590983629353368
ccd_ff_tilt_z = 0.17191206426530725
d_ff_ccd  = -4.816028262511077
ccd_dec_x = 0.5532978414908896
ccd_dec_y = 5.107635793870629
ccd_defocus = 0.28579358480707895
ccd_tilt_x = 0.03259026462565923
ccd_tilt_y = -0.002228864882009123
ccd_tilt_z = 4.686677999746044e-06
p = 0.0001