slit_dec_x_a = -0.17041651563261606
slit_dec_y_a = -0.19597116940663198
slit_dec_x_b = 0.175
slit_dec_y_b = -1.8521503724921262e-96
slit_defocus = 0.005560694013735294
slit_tilt_x = 1.186157487228334
slit_tilt_y = -8.539996803162168
slit_tilt_z = -8.990843813122709
d_slit_col = 1594.2944575384315
coll_tilt_x = 0.08873684105327873
coll_tilt_y = -0.03177885070762199
ech_G = 31.610646121630293
ech_blaze = -74.97672288338678
ech_gamma = 1.14049112917659
echelle_z = 0.07485711430507877
d_col_trf = -1588.0185411194077
trf_mirror_tilt_x = 0.13866567999539772
trf_mirror_tilt_y = 0.07758971286462903
d_col_grm = -0.009551024631969057
grism_dec_x = 236.43433357781632
grism_dec_y = 0.03420077475507808
grm_tilt_x = -0.015640966641003513
grm_tilt_y = 2.3043674883909846
grm_G = 222.82518232108333
grm_apex = 17.815100910104167
d_grm_cam  = 21.60845142033985
cam_dec_x = -0.30216299895677307
cam_dec_y = 0.2503351483660682
cam_tilt_x = -0.01865961688655602
cam_tilt_y = -0.015048379509706453
d_cam_ff  = -160.4009503030289
ccd_ff_dec_x = -0.0035021554761524155
ccd_ff_dec_y = 0.00018706838926314568
ccd_ff_tilt_x = 0.14603340362338665
ccd_ff_tilt_y = -0.5720560885960284
ccd_ff_tilt_z = 0.17258465838029874
d_ff_ccd  = -4.811255303242959
ccd_dec_x = 0.6206856406342587
ccd_dec_y = 5.155307007217424
ccd_defocus = 0.3163243761208175
ccd_tilt_x = 0.007735599219252907
ccd_tilt_y = -0.014055459120598787
ccd_tilt_z = 3.150238018391044e-06
p = 3.2588333333333334e-06