slit_dec_x_a = -0.1704010755187174
slit_dec_y_a = -0.1956586180351446
slit_dec_x_b = 0.175
slit_dec_y_b = -1.7736294740600208e-96
slit_defocus = 0.021328625885670218
slit_tilt_x = 1.1139613325905497
slit_tilt_y = -8.538473461583576
slit_tilt_z = -8.991603699465989
d_slit_col = 1594.3099767054578
coll_tilt_x = 0.1131424208332947
coll_tilt_y = -0.02889522197075715
ech_G = 31.613225678446263
ech_blaze = -74.97483708877978
ech_gamma = 1.1389792688709925
echelle_z = 0.07477368934946402
d_col_trf = -1588.0172254723832
trf_mirror_tilt_x = 0.026220429256778012
trf_mirror_tilt_y = 0.16226255534052297
d_col_grm = -0.004771539396710436
grism_dec_x = 236.42331120191298
grism_dec_y = 0.0382072865392517
grm_tilt_x = -0.014057681973853917
grm_tilt_y = 2.3052692835931503
grm_G = 222.82400748357955
grm_apex = 17.79104723486072
d_grm_cam  = 21.60981601391855
cam_dec_x = -0.3094929733470507
cam_dec_y = 0.24734621222425074
cam_tilt_x = -0.011047945553066442
cam_tilt_y = 0.0037738000395951842
d_cam_ff  = -160.0575914017685
ccd_ff_dec_x = -0.002600846452186353
ccd_ff_dec_y = 0.05304407479898041
ccd_ff_tilt_x = 0.01953262688451324
ccd_ff_tilt_y = -0.5728096170632304
ccd_ff_tilt_z = 0.18005596021436565
d_ff_ccd  = -4.838957079137933
ccd_dec_x = 0.6214055159067343
ccd_dec_y = 5.157151048635573
ccd_defocus = 0.28076483496830346
ccd_tilt_x = 0.0049927249605466704
ccd_tilt_y = -0.010893213509291193
ccd_tilt_z = 5.055958691507704e-06
p = 0.0001