slit_dec_x_a = -0.181778666534
slit_dec_y_a = -0.18243150017
slit_dec_x_b = 0.14512077562974193
slit_dec_y_b = -0.05510809031835813
slit_defocus = -0.013820978635835304
slit_tilt_x = 1.0540799980032383
slit_tilt_y = -8.559934272022536
slit_tilt_z = -9.026844474848318
d_slit_col = 1594.2902835138545
coll_tilt_x = 0.12147171681313566
coll_tilt_y = -0.026512912591371392
ech_G = 31.614566931215965
ech_blaze = -74.99489563184586
ech_gamma = 1.1556420057079135
echelle_z = 0.057000032561194305
d_col_trf = -1588.0163676146713
trf_mirror_tilt_x = 0.007262521013934993
trf_mirror_tilt_y = 0.15544451972666096
d_col_grm = 0.035729985926676665
grism_dec_x = 236.38314421370504
grism_dec_y = 0.009194134677443495
grm_tilt_x = -0.023507936354976413
grm_tilt_y = 2.3257857761913767
grm_G = 222.7840719690808
grm_apex = 17.76655199136755
d_grm_cam  = 21.60469136337872
cam_dec_x = -0.2711742920270892
cam_dec_y = 0.29085336829037617
cam_tilt_x = 0.012507610216817249
cam_tilt_y = 0.008847965763242649
d_cam_ff  = -160.07699042268032
ccd_ff_dec_x = -0.023799648417954414
ccd_ff_dec_y = 0.04193855396992005
ccd_ff_tilt_x = 0.03345729055207794
ccd_ff_tilt_y = -0.5909815896570446
ccd_ff_tilt_z = 0.1719169669820791
d_ff_ccd  = -4.816052620074992
ccd_dec_x = 0.5532883866192474
ccd_dec_y = 5.107634468847425
ccd_defocus = 0.2857075085936499
ccd_tilt_x = 0.03259304269492713
ccd_tilt_y = -0.0021013378125091576
ccd_tilt_z = 4.674915759503225e-06
p = 0.0001