slit_dec_x_a = -0.181778666534
slit_dec_y_a = -0.18243150017
slit_dec_x_b = 0.14512077562974193
slit_dec_y_b = -0.05510809031835813
slit_defocus = -0.002204938053858788
slit_tilt_x = 1.1347069449754836
slit_tilt_y = -8.56827114503806
slit_tilt_z = -9.003645318207392
d_slit_col = 1594.3039307817226
coll_tilt_x = 0.08642604180967625
coll_tilt_y = -0.02205137859333439
ech_G = 31.610889473092275
ech_blaze = -74.99559953873415
ech_gamma = 1.158133878515837
echelle_z = 0.057350330308043755
d_col_trf = -1588.016353667752
trf_mirror_tilt_x = 0.12252709371256368
trf_mirror_tilt_y = 0.018692256503868614
d_col_grm = 0.015017975373636814
grism_dec_x = 236.39746691175736
grism_dec_y = -0.005026648041196515
grm_tilt_x = -0.02467911747302112
grm_tilt_y = 2.327328122566885
grm_G = 222.7857303481899
grm_apex = 17.809141496678397
d_grm_cam  = 21.604302181022724
cam_dec_x = -0.28361873592680725
cam_dec_y = 0.2897221152365065
cam_tilt_x = 0.004339030994063557
cam_tilt_y = -0.027798076267819074
d_cam_ff  = -160.56961005010504
ccd_ff_dec_x = -0.022809141520552426
ccd_ff_dec_y = -0.04779364809024206
ccd_ff_tilt_x = 0.1650310203608194
ccd_ff_tilt_y = -0.5897464277509799
ccd_ff_tilt_z = 0.17179222795705232
d_ff_ccd  = -4.785380760637398
ccd_dec_x = 0.55196223880148
ccd_dec_y = 5.106215555151802
ccd_defocus = 0.315794151577329
ccd_tilt_x = 0.021380535234052176
ccd_tilt_y = -0.004205146976545992
ccd_tilt_z = 3.543870948103772e-07
p = 7.889272727272725e-06