slit_dec_x_a = -0.1704249388666591
slit_dec_y_a = -0.19602686500690372
slit_dec_x_b = 0.175
slit_dec_y_b = -2.1939647395153975e-96
slit_defocus = 0.005553375523431614
slit_tilt_x = 1.1861235457301975
slit_tilt_y = -8.539997205529673
slit_tilt_z = -8.990847092930819
d_slit_col = 1594.2944609181668
coll_tilt_x = 0.08881567009498123
coll_tilt_y = -0.03173446697555971
ech_G = 31.61068087430702
ech_blaze = -74.97682488101752
ech_gamma = 1.1405111986784564
echelle_z = 0.0748584728125804
d_col_trf = -1588.0185784081673
trf_mirror_tilt_x = 0.13865522793014645
trf_mirror_tilt_y = 0.07759078342905457
d_col_grm = -0.009543334511847905
grism_dec_x = 236.4343169420308
grism_dec_y = 0.03420239307013056
grm_tilt_x = -0.01573682688258262
grm_tilt_y = 2.3043716948871986
grm_G = 222.82518322958703
grm_apex = 17.815109508617482
d_grm_cam  = 21.60847905717402
cam_dec_x = -0.3021708290502877
cam_dec_y = 0.25036050392506504
cam_tilt_x = -0.01861029453208219
cam_tilt_y = -0.01504904517254017
d_cam_ff  = -160.40094774537363
ccd_ff_dec_x = -0.003517719368565427
ccd_ff_dec_y = 0.00017831024932854855
ccd_ff_tilt_x = 0.1460346305146879
ccd_ff_tilt_y = -0.5720801263498604
ccd_ff_tilt_z = 0.17260471335872982
d_ff_ccd  = -4.8112542271050325
ccd_dec_x = 0.6206850081352615
ccd_dec_y = 5.155288233812688
ccd_defocus = 0.31630755676318756
ccd_tilt_x = 0.007736070944916476
ccd_tilt_y = -0.014036026924800741
ccd_tilt_z = 3.096711175900719e-06
p = 7.889272727272725e-06