slit_dec_x_a = -0.1704010755187174
slit_dec_y_a = -0.1956586180351446
slit_dec_x_b = 0.175
slit_dec_y_b = -1.816701460339494e-96
slit_defocus = 0.021440254346728114
slit_tilt_x = 1.1139602865674132
slit_tilt_y = -8.538472275152104
slit_tilt_z = -8.991630555754277
d_slit_col = 1594.3100080298282
coll_tilt_x = 0.11321249771261192
coll_tilt_y = -0.02881782677503496
ech_G = 31.613231373113003
ech_blaze = -74.97483272875967
ech_gamma = 1.1389753037047687
echelle_z = 0.07477411764075591
d_col_trf = -1588.0172382419973
trf_mirror_tilt_x = 0.026260816470677066
trf_mirror_tilt_y = 0.16225419564714602
d_col_grm = -0.004842523486724132
grism_dec_x = 236.42337172258118
grism_dec_y = 0.03817525765197692
grm_tilt_x = -0.014048478507528758
grm_tilt_y = 2.3052796450458017
grm_G = 222.82400826972227
grm_apex = 17.791066756739824
d_grm_cam  = 21.609824093899864
cam_dec_x = -0.30956191105812536
cam_dec_y = 0.2472994278850239
cam_tilt_x = -0.011013392402548108
cam_tilt_y = 0.0038210695097882813
d_cam_ff  = -160.05755279409172
ccd_ff_dec_x = -0.0026013026773207544
ccd_ff_dec_y = 0.053044878638812895
ccd_ff_tilt_x = 0.019496788109451577
ccd_ff_tilt_y = -0.5728042226021982
ccd_ff_tilt_z = 0.18004796651985477
d_ff_ccd  = -4.838927548289643
ccd_dec_x = 0.6214105277844524
ccd_dec_y = 5.157138426849041
ccd_defocus = 0.2807364856460505
ccd_tilt_x = 0.005041088527790795
ccd_tilt_y = -0.010853205157305555
ccd_tilt_z = 5.056408806530326e-06
p = 0.0001