slit_dec_x_a = -0.17046199692271494
slit_dec_y_a = -0.19605319103926516
slit_dec_x_b = 0.175
slit_dec_y_b = -2.121440121755792e-96
slit_defocus = 0.0055244280366448266
slit_tilt_x = 1.1861211807786285
slit_tilt_y = -8.540052593399682
slit_tilt_z = -8.990857572929182
d_slit_col = 1594.2944565605255
coll_tilt_x = 0.08875813276129595
coll_tilt_y = -0.031734307922923165
ech_G = 31.61067095623969
ech_blaze = -74.97703346471894
ech_gamma = 1.1405764178761688
echelle_z = 0.07505040783000273
d_col_trf = -1588.018557625509
trf_mirror_tilt_x = 0.1387308417559618
trf_mirror_tilt_y = 0.07757770922315022
d_col_grm = -0.009521349984451602
grism_dec_x = 236.43429919840153
grism_dec_y = 0.0342180619234066
grm_tilt_x = -0.015735087229483198
grm_tilt_y = 2.3043758505334173
grm_G = 222.82522289662285
grm_apex = 17.815097764468835
d_grm_cam  = 21.608482045623425
cam_dec_x = -0.3021040516622916
cam_dec_y = 0.25038022128336235
cam_tilt_x = -0.01820851760718354
cam_tilt_y = -0.015014039508000846
d_cam_ff  = -160.40093767716309
ccd_ff_dec_x = -0.0035550855664850645
ccd_ff_dec_y = 0.00013684780256866243
ccd_ff_tilt_x = 0.1459959955276976
ccd_ff_tilt_y = -0.5720608053616523
ccd_ff_tilt_z = 0.1725559700871225
d_ff_ccd  = -4.811220800230346
ccd_dec_x = 0.6206374476444888
ccd_dec_y = 5.155272072703689
ccd_defocus = 0.31633214497983275
ccd_tilt_x = 0.007772446358901784
ccd_tilt_y = -0.01400380706461254
ccd_tilt_z = 3.268924986022079e-06
p = 7.731e-06