slit_dec_x_a = -0.181778666534
slit_dec_y_a = -0.18243150017
slit_dec_x_b = 0.14512077562974193
slit_dec_y_b = -0.05510809031835813
slit_defocus = -0.002189669008090153
slit_tilt_x = 1.1347049700616394
slit_tilt_y = -8.56830178701041
slit_tilt_z = -9.003598423519145
d_slit_col = 1594.303932746708
coll_tilt_x = 0.08646820978871071
coll_tilt_y = -0.022045723140827662
ech_G = 31.610904508583545
ech_blaze = -74.99559743828004
ech_gamma = 1.158235730992839
echelle_z = 0.05697953264946919
d_col_trf = -1588.0162174735642
trf_mirror_tilt_x = 0.12249645873491755
trf_mirror_tilt_y = 0.01869804242844182
d_col_grm = 0.014974758472103465
grism_dec_x = 236.39747973446865
grism_dec_y = -0.005064677388564461
grm_tilt_x = -0.02481223447435165
grm_tilt_y = 2.327497469572963
grm_G = 222.78570091224023
grm_apex = 17.809156290694748
d_grm_cam  = 21.604543516510265
cam_dec_x = -0.2836456103029309
cam_dec_y = 0.2897435252532029
cam_tilt_x = 0.004336040819969283
cam_tilt_y = -0.027809840565885577
d_cam_ff  = -160.5695703636632
ccd_ff_dec_x = -0.022909570294557036
ccd_ff_dec_y = -0.047781825114534195
ccd_ff_tilt_x = 0.16503523686375168
ccd_ff_tilt_y = -0.5895817940712148
ccd_ff_tilt_z = 0.17167720883052284
d_ff_ccd  = -4.785392913754296
ccd_dec_x = 0.5519779526831434
ccd_dec_y = 5.1065641986093775
ccd_defocus = 0.315838257748121
ccd_tilt_x = 0.021425850071640638
ccd_tilt_y = -0.004221008384669652
ccd_tilt_z = 3.522315414555928e-07
p = 7.731e-06