slit_dec_x_a = -0.1703740569726678
slit_dec_y_a = -0.19574032963308763
slit_dec_x_b = 0.175
slit_dec_y_b = -2.4960360481544867e-96
slit_defocus = 0.005518234644665777
slit_tilt_x = 1.186136462639814
slit_tilt_y = -8.540115540144646
slit_tilt_z = -8.99081970515253
d_slit_col = 1594.2944497081262
coll_tilt_x = 0.08856015427832883
coll_tilt_y = -0.03175368819283095
ech_G = 31.61068052853284
ech_blaze = -74.97714266360086
ech_gamma = 1.140526422713685
echelle_z = 0.07547533692112711
d_col_trf = -1588.0185963297663
trf_mirror_tilt_x = 0.1386468100722943
trf_mirror_tilt_y = 0.0775413526687296
d_col_grm = -0.009533541330149572
grism_dec_x = 236.43433616356225
grism_dec_y = 0.034251321926256725
grm_tilt_x = -0.01585478227077313
grm_tilt_y = 2.3043693150966065
grm_G = 222.8251983370036
grm_apex = 17.815140462805275
d_grm_cam  = 21.60847698813704
cam_dec_x = -0.3021249508317815
cam_dec_y = 0.2503447858279303
cam_tilt_x = -0.01840759501411789
cam_tilt_y = -0.015021778889943842
d_cam_ff  = -160.40099123199835
ccd_ff_dec_x = -0.003531120647130431
ccd_ff_dec_y = 0.000164779104813779
ccd_ff_tilt_x = 0.14600994907586476
ccd_ff_tilt_y = -0.5720305224861871
ccd_ff_tilt_z = 0.1725333619940009
d_ff_ccd  = -4.811220492733914
ccd_dec_x = 0.6206453237815649
ccd_dec_y = 5.155305740468304
ccd_defocus = 0.3163332245540066
ccd_tilt_x = 0.007793166531151971
ccd_tilt_y = -0.014024837450017301
ccd_tilt_z = 3.342310149585982e-06
p = 2.2045833333333333e-06