slit_dec_x_a = -0.1704010755187174
slit_dec_y_a = -0.1956586180351446
slit_dec_x_b = 0.175
slit_dec_y_b = -1.8554420793981294e-96
slit_defocus = 0.021332980541028005
slit_tilt_x = 1.1140805795688218
slit_tilt_y = -8.53844454321704
slit_tilt_z = -8.99173669345598
d_slit_col = 1594.3098850095616
coll_tilt_x = 0.11315970160149039
coll_tilt_y = -0.02891900734154562
ech_G = 31.613231449354313
ech_blaze = -74.97483277685062
ech_gamma = 1.1389710170544454
echelle_z = 0.07477107461970611
d_col_trf = -1588.0172274504891
trf_mirror_tilt_x = 0.026295407179470532
trf_mirror_tilt_y = 0.16217415326315365
d_col_grm = -0.004835468352132443
grism_dec_x = 236.42324704864814
grism_dec_y = 0.03819305340979918
grm_tilt_x = -0.014052744619122157
grm_tilt_y = 2.3052775623540867
grm_G = 222.824005796153
grm_apex = 17.790988042759633
d_grm_cam  = 21.609815791464634
cam_dec_x = -0.3094978893420541
cam_dec_y = 0.24728760438649253
cam_tilt_x = -0.011066734505942102
cam_tilt_y = 0.0037139352500899342
d_cam_ff  = -160.05728421839055
ccd_ff_dec_x = -0.0025963424941393386
ccd_ff_dec_y = 0.05311163514072447
ccd_ff_tilt_x = 0.01946733348532007
ccd_ff_tilt_y = -0.57280327460701
ccd_ff_tilt_z = 0.18005202747754956
d_ff_ccd  = -4.838958143066068
ccd_dec_x = 0.6214023485624318
ccd_dec_y = 5.157149505560815
ccd_defocus = 0.2807706977775613
ccd_tilt_x = 0.005042532519696967
ccd_tilt_y = -0.010946421659564467
ccd_tilt_z = 5.0702130530663515e-06
p = 0.0001