slit_dec_x_a = -0.1703939017629417
slit_dec_y_a = -0.1958235493479722
slit_dec_x_b = 0.175
slit_dec_y_b = -2.6284644436714284e-96
slit_defocus = 0.005528875607382511
slit_tilt_x = 1.1860906578460764
slit_tilt_y = -8.540126551462093
slit_tilt_z = -8.990812924803535
d_slit_col = 1594.2944896790843
coll_tilt_x = 0.08847129992201906
coll_tilt_y = -0.031771384955794964
ech_G = 31.610662727553947
ech_blaze = -74.97713971265017
ech_gamma = 1.1405077166586444
echelle_z = 0.07548040544047678
d_col_trf = -1588.0186173858722
trf_mirror_tilt_x = 0.13864320515702833
trf_mirror_tilt_y = 0.0775541614011963
d_col_grm = -0.009549045528916288
grism_dec_x = 236.43438739425164
grism_dec_y = 0.03423157110018194
grm_tilt_x = -0.01578847149900335
grm_tilt_y = 2.3043546386575864
grm_G = 222.82519640822866
grm_apex = 17.8151160821009
d_grm_cam  = 21.608499944987955
cam_dec_x = -0.30213562787928794
cam_dec_y = 0.2503273964242908
cam_tilt_x = -0.01836853368003757
cam_tilt_y = -0.01503239292227003
d_cam_ff  = -160.401008541513
ccd_ff_dec_x = -0.0035232313722613436
ccd_ff_dec_y = 0.0001543173070813838
ccd_ff_tilt_x = 0.14601965058298938
ccd_ff_tilt_y = -0.5720536980788461
ccd_ff_tilt_z = 0.17252887769270772
d_ff_ccd  = -4.81121596363039
ccd_dec_x = 0.6206296431185561
ccd_dec_y = 5.155262981321036
ccd_defocus = 0.3163453875784685
ccd_tilt_x = 0.007802316051765236
ccd_tilt_y = -0.014021834294170714
ccd_tilt_z = 3.3620344930351928e-06
p = 4.210833333333334e-06