slit_dec_x_a = -0.1704010755187174
slit_dec_y_a = -0.1956586180351446
slit_dec_x_b = 0.175
slit_dec_y_b = -1.787511395460551e-96
slit_defocus = 0.02141179728057146
slit_tilt_x = 1.1139860380421853
slit_tilt_y = -8.53843848818032
slit_tilt_z = -8.9916513300508
d_slit_col = 1594.3099454103508
coll_tilt_x = 0.11317059297902189
coll_tilt_y = -0.02884792706908132
ech_G = 31.6132310406386
ech_blaze = -74.97483766173652
ech_gamma = 1.1389734064792907
echelle_z = 0.07477976004980369
d_col_trf = -1588.0172321340447
trf_mirror_tilt_x = 0.026339178399368602
trf_mirror_tilt_y = 0.16221895240700748
d_col_grm = -0.004802902740999057
grism_dec_x = 236.42327939485463
grism_dec_y = 0.03818167288168091
grm_tilt_x = -0.01405388969096384
grm_tilt_y = 2.3052779611974037
grm_G = 222.82400347174138
grm_apex = 17.79103774428272
d_grm_cam  = 21.60982123979988
cam_dec_x = -0.309568714774111
cam_dec_y = 0.2473158729352131
cam_tilt_x = -0.011029560761999804
cam_tilt_y = 0.003777070848009218
d_cam_ff  = -160.05737196984006
ccd_ff_dec_x = -0.0025966627195018457
ccd_ff_dec_y = 0.05305203387745254
ccd_ff_tilt_x = 0.019565012382676397
ccd_ff_tilt_y = -0.5728058614591295
ccd_ff_tilt_z = 0.18004998253351312
d_ff_ccd  = -4.838915381069309
ccd_dec_x = 0.6214029371114774
ccd_dec_y = 5.157146643445674
ccd_defocus = 0.2806916319127904
ccd_tilt_x = 0.005079546037360824
ccd_tilt_y = -0.010875979692058835
ccd_tilt_z = 5.062584749839196e-06
p = 0.0001