slit_dec_x_a = -0.181778666534
slit_dec_y_a = -0.18243150017
slit_dec_x_b = 0.14512077562974193
slit_dec_y_b = -0.05510809031835813
slit_defocus = -0.01379899291510495
slit_tilt_x = 1.054038059626758
slit_tilt_y = -8.559940821261684
slit_tilt_z = -9.026846452658008
d_slit_col = 1594.2903699359717
coll_tilt_x = 0.12141354875604742
coll_tilt_y = -0.02648147285011667
ech_G = 31.61455961717582
ech_blaze = -74.99488246543366
ech_gamma = 1.155639877709581
echelle_z = 0.056999826101078406
d_col_trf = -1588.0163674476423
trf_mirror_tilt_x = 0.007342722418861714
trf_mirror_tilt_y = 0.1554859275289264
d_col_grm = 0.035736331444858806
grism_dec_x = 236.3831738465635
grism_dec_y = 0.00920993638680911
grm_tilt_x = -0.023505544381203725
grm_tilt_y = 2.3257898342174954
grm_G = 222.78406898417495
grm_apex = 17.766557946412096
d_grm_cam  = 21.60469728724686
cam_dec_x = -0.2710681653146054
cam_dec_y = 0.2909490934910244
cam_tilt_x = 0.012467285669456032
cam_tilt_y = 0.008740988057574232
d_cam_ff  = -160.07654900320526
ccd_ff_dec_x = -0.023802922027809294
ccd_ff_dec_y = 0.04205581981088055
ccd_ff_tilt_x = 0.0334868207994766
ccd_ff_tilt_y = -0.5909858424937142
ccd_ff_tilt_z = 0.17191468206191607
d_ff_ccd  = -4.815934146604699
ccd_dec_x = 0.5532935054740943
ccd_dec_y = 5.107629959200108
ccd_defocus = 0.28583733183044097
ccd_tilt_x = 0.03259712577028113
ccd_tilt_y = -0.002158526388844411
ccd_tilt_z = 4.703215696968953e-06
p = 0.0001