slit_dec_x_a = -0.17042912127938079
slit_dec_y_a = -0.19604471544485327
slit_dec_x_b = 0.175
slit_dec_y_b = -2.4160247101413016e-96
slit_defocus = 0.005515488826217161
slit_tilt_x = 1.186107486814016
slit_tilt_y = -8.54008858668183
slit_tilt_z = -8.990861034769974
d_slit_col = 1594.294456857384
coll_tilt_x = 0.08878656341893558
coll_tilt_y = -0.0317767079562734
ech_G = 31.610700138648575
ech_blaze = -74.9771207798871
ech_gamma = 1.1404787708149833
echelle_z = 0.07536918526883642
d_col_trf = -1588.0185442150498
trf_mirror_tilt_x = 0.13869913611278029
trf_mirror_tilt_y = 0.07754029150838905
d_col_grm = -0.009505529466566067
grism_dec_x = 236.43431332525768
grism_dec_y = 0.034251373350797226
grm_tilt_x = -0.015970764928524915
grm_tilt_y = 2.3043751404975277
grm_G = 222.82520887056253
grm_apex = 17.815134526394733
d_grm_cam  = 21.608488889806964
cam_dec_x = -0.302110689791348
cam_dec_y = 0.2503488581954881
cam_tilt_x = -0.01810880383487132
cam_tilt_y = -0.01499739872367461
d_cam_ff  = -160.40095870224698
ccd_ff_dec_x = -0.0035537058566095874
ccd_ff_dec_y = 0.00012461926463770652
ccd_ff_tilt_x = 0.14603474415549447
ccd_ff_tilt_y = -0.5720423047110629
ccd_ff_tilt_z = 0.1725555403307886
d_ff_ccd  = -4.811224610706622
ccd_dec_x = 0.6206607855340304
ccd_dec_y = 5.155280091566591
ccd_defocus = 0.3163173924530185
ccd_tilt_x = 0.007807838007901488
ccd_tilt_y = -0.014016931407680728
ccd_tilt_z = 3.26930727216737e-06
p = 5.17175e-06