slit_dec_x_a = -0.181778666534
slit_dec_y_a = -0.18243150017
slit_dec_x_b = 0.14512077562974193
slit_dec_y_b = -0.05510809031835813
slit_defocus = -0.0022004130339523375
slit_tilt_x = 1.13471043311003
slit_tilt_y = -8.56832812508327
slit_tilt_z = -9.003607764594129
d_slit_col = 1594.3039520623795
coll_tilt_x = 0.08646155618804434
coll_tilt_y = -0.022042717926847772
ech_G = 31.610897221917483
ech_blaze = -74.99557728702695
ech_gamma = 1.1580893901589826
echelle_z = 0.05684557586282292
d_col_trf = -1588.0163185663243
trf_mirror_tilt_x = 0.12251020675704791
trf_mirror_tilt_y = 0.018715563421426055
d_col_grm = 0.01498846833046747
grism_dec_x = 236.39748357548032
grism_dec_y = -0.005020508269693425
grm_tilt_x = -0.02463707766418995
grm_tilt_y = 2.327209165773351
grm_G = 222.78578048460525
grm_apex = 17.809102607537984
d_grm_cam  = 21.60455788901445
cam_dec_x = -0.28363001892422157
cam_dec_y = 0.28975327797675526
cam_tilt_x = 0.004295244510287492
cam_tilt_y = -0.027799506721103796
d_cam_ff  = -160.56967685574335
ccd_ff_dec_x = -0.022831887309555463
ccd_ff_dec_y = -0.0477906882572052
ccd_ff_tilt_x = 0.16504198616656804
ccd_ff_tilt_y = -0.5895069675437378
ccd_ff_tilt_z = 0.17185048922265456
d_ff_ccd  = -4.785374254951509
ccd_dec_x = 0.5518988671737337
ccd_dec_y = 5.106559356595107
ccd_defocus = 0.31581604779608957
ccd_tilt_x = 0.021412590036351195
ccd_tilt_y = -0.004204971602970089
ccd_tilt_z = 2.3008816456573879e-07
p = 5.17175e-06