slit_dec_x_a = -0.1704010755187174
slit_dec_y_a = -0.1956586180351446
slit_dec_x_b = 0.175
slit_dec_y_b = -1.8903518389514812e-96
slit_defocus = 0.021391495909356417
slit_tilt_x = 1.1139946565603138
slit_tilt_y = -8.538444003779997
slit_tilt_z = -8.991623517651133
d_slit_col = 1594.3099836856277
coll_tilt_x = 0.113131928675558
coll_tilt_y = -0.02897972791729587
ech_G = 31.613225533668665
ech_blaze = -74.97483516939445
ech_gamma = 1.1389784593240022
echelle_z = 0.07477067923463745
d_col_trf = -1588.0172290129672
trf_mirror_tilt_x = 0.026306131528107363
trf_mirror_tilt_y = 0.16224178926986396
d_col_grm = -0.004800786530560383
grism_dec_x = 236.42327096524897
grism_dec_y = 0.038118721419009974
grm_tilt_x = -0.014052750075485667
grm_tilt_y = 2.3052835193370718
grm_G = 222.8240022332786
grm_apex = 17.79106163062494
d_grm_cam  = 21.60981309715003
cam_dec_x = -0.3094808919833768
cam_dec_y = 0.24724413825066088
cam_tilt_x = -0.01107167497161626
cam_tilt_y = 0.0037944019344011556
d_cam_ff  = -160.05763929415954
ccd_ff_dec_x = -0.002607633915536354
ccd_ff_dec_y = 0.05303942386374378
ccd_ff_tilt_x = 0.01954147368944421
ccd_ff_tilt_y = -0.572806928548732
ccd_ff_tilt_z = 0.18005331212994544
d_ff_ccd  = -4.838944122866556
ccd_dec_x = 0.6214090706451224
ccd_dec_y = 5.157148150017423
ccd_defocus = 0.28075056495485773
ccd_tilt_x = 0.005024747331241597
ccd_tilt_y = -0.010947236956281374
ccd_tilt_z = 5.091431862371839e-06
p = 0.0001