slit_dec_x_a = -0.1703803487080107
slit_dec_y_a = -0.195730524257305
slit_dec_x_b = 0.175
slit_dec_y_b = -2.6373229493514063e-96
slit_defocus = 0.0055305540650696745
slit_tilt_x = 1.186114213132559
slit_tilt_y = -8.540129429485491
slit_tilt_z = -8.990816933238735
d_slit_col = 1594.2944845188456
coll_tilt_x = 0.08856826897499363
coll_tilt_y = -0.03178038876283861
ech_G = 31.610672630019735
ech_blaze = -74.97715701499136
ech_gamma = 1.140497269534444
echelle_z = 0.07539758700862977
d_col_trf = -1588.018606015725
trf_mirror_tilt_x = 0.13867086382081084
trf_mirror_tilt_y = 0.07755642428111172
d_col_grm = -0.009545041474841465
grism_dec_x = 236.4343762454712
grism_dec_y = 0.03425360601565657
grm_tilt_x = -0.01572262876531641
grm_tilt_y = 2.304352757956385
grm_G = 222.82522307610046
grm_apex = 17.815119114067215
d_grm_cam  = 21.608479011124576
cam_dec_x = -0.3021363209061598
cam_dec_y = 0.2503343091555972
cam_tilt_x = -0.018384567982864013
cam_tilt_y = -0.015039412729719311
d_cam_ff  = -160.4009948458245
ccd_ff_dec_x = -0.0035372835357562003
ccd_ff_dec_y = 0.00016842347003912138
ccd_ff_tilt_x = 0.14601044187509368
ccd_ff_tilt_y = -0.5720317563415732
ccd_ff_tilt_z = 0.17252178506407245
d_ff_ccd  = -4.81123840544553
ccd_dec_x = 0.6206389850994908
ccd_dec_y = 5.155267428362839
ccd_defocus = 0.3163410312036216
ccd_tilt_x = 0.007808004598834102
ccd_tilt_y = -0.014018041176672972
ccd_tilt_z = 3.3947690315546068e-06
p = 4.188545454545454e-06