slit_dec_x_a = -0.181778666534
slit_dec_y_a = -0.18243150017
slit_dec_x_b = 0.14512077562974193
slit_dec_y_b = -0.05510809031835813
slit_defocus = -0.0021972684380346026
slit_tilt_x = 1.1346678900529037
slit_tilt_y = -8.568374836744443
slit_tilt_z = -9.003602070655148
d_slit_col = 1594.3039916889402
coll_tilt_x = 0.08646748303897651
coll_tilt_y = -0.022071866865184076
ech_G = 31.610904086482513
ech_blaze = -74.99562108584284
ech_gamma = 1.1581261639328508
echelle_z = 0.056721411520521785
d_col_trf = -1588.0163962227164
trf_mirror_tilt_x = 0.12251653379465496
trf_mirror_tilt_y = 0.01869439978471353
d_col_grm = 0.0149681888996867
grism_dec_x = 236.3974741631735
grism_dec_y = -0.005075675817643968
grm_tilt_x = -0.024639496940002968
grm_tilt_y = 2.3273396808580245
grm_G = 222.78572499664213
grm_apex = 17.80909131569794
d_grm_cam  = 21.60485288235929
cam_dec_x = -0.28362318439305856
cam_dec_y = 0.2897623340897222
cam_tilt_x = 0.00432988124796874
cam_tilt_y = -0.027782576122533653
d_cam_ff  = -160.56950195898764
ccd_ff_dec_x = -0.022918104368618644
ccd_ff_dec_y = -0.04777005155615571
ccd_ff_tilt_x = 0.16505201157431917
ccd_ff_tilt_y = -0.5893763809439597
ccd_ff_tilt_z = 0.17188562475063396
d_ff_ccd  = -4.7853779658248605
ccd_dec_x = 0.5518724050261522
ccd_dec_y = 5.10636467582272
ccd_defocus = 0.3158373483389218
ccd_tilt_x = 0.02138794957112206
ccd_tilt_y = -0.004230306246532014
ccd_tilt_z = 2.0047639495235258e-07
p = 8.342250000000001e-06