slit_dec_x_a = -0.181778666534
slit_dec_y_a = -0.18243150017
slit_dec_x_b = 0.14512077562974193
slit_dec_y_b = -0.05510809031835813
slit_defocus = -0.013786878441905525
slit_tilt_x = 1.0540658799126976
slit_tilt_y = -8.559899654260585
slit_tilt_z = -9.026877367013046
d_slit_col = 1594.290272191066
coll_tilt_x = 0.12140543910742586
coll_tilt_y = -0.026554321297578693
ech_G = 31.61456558090523
ech_blaze = -74.99488727192539
ech_gamma = 1.1556431879052824
echelle_z = 0.05700248026039369
d_col_trf = -1588.0163636369352
trf_mirror_tilt_x = 0.007262138419951584
trf_mirror_tilt_y = 0.15547770599441266
d_col_grm = 0.03565683915742647
grism_dec_x = 236.38326322725732
grism_dec_y = 0.009265195254355693
grm_tilt_x = -0.023504345178158106
grm_tilt_y = 2.3257852184457466
grm_G = 222.78406974553636
grm_apex = 17.766528833610742
d_grm_cam  = 21.604697892080576
cam_dec_x = -0.27113452716429365
cam_dec_y = 0.2908899934987469
cam_tilt_x = 0.012359982240317074
cam_tilt_y = 0.00883107813158744
d_cam_ff  = -160.07690905007837
ccd_ff_dec_x = -0.023802066980212176
ccd_ff_dec_y = 0.04209811118190334
ccd_ff_tilt_x = 0.03355709572071445
ccd_ff_tilt_y = -0.5909820786372413
ccd_ff_tilt_z = 0.1719216334979446
d_ff_ccd  = -4.816010470169777
ccd_dec_x = 0.5533018306073328
ccd_dec_y = 5.107636102333539
ccd_defocus = 0.2857930540862347
ccd_tilt_x = 0.032656203668072946
ccd_tilt_y = -0.0021133386253080803
ccd_tilt_z = 4.663784385980942e-06
p = 0.0001