slit_dec_x_a = -0.1704010755187174
slit_dec_y_a = -0.1956586180351446
slit_dec_x_b = 0.175
slit_dec_y_b = -1.8832084961751227e-96
slit_defocus = 0.02140830930804286
slit_tilt_x = 1.1139973088529842
slit_tilt_y = -8.53842611194484
slit_tilt_z = -8.991677083349451
d_slit_col = 1594.3100187167013
coll_tilt_x = 0.11315764736959416
coll_tilt_y = -0.028915916620681527
ech_G = 31.613227404289564
ech_blaze = -74.97482631629839
ech_gamma = 1.1389709892197155
echelle_z = 0.07477375702541857
d_col_trf = -1588.0172288603642
trf_mirror_tilt_x = 0.0262552132772078
trf_mirror_tilt_y = 0.16218228433353268
d_col_grm = -0.004822617310424462
grism_dec_x = 236.4233136736427
grism_dec_y = 0.03818726125186554
grm_tilt_x = -0.01404913214060472
grm_tilt_y = 2.3052769941052724
grm_G = 222.82399954968488
grm_apex = 17.79102139973066
d_grm_cam  = 21.609818600324246
cam_dec_x = -0.3094975065639317
cam_dec_y = 0.24720991950765198
cam_tilt_x = -0.011043897372571042
cam_tilt_y = 0.003754896416127364
d_cam_ff  = -160.05758621566136
ccd_ff_dec_x = -0.0025944585444209983
ccd_ff_dec_y = 0.053028476175180465
ccd_ff_tilt_x = 0.019522396028896098
ccd_ff_tilt_y = -0.5728071690005704
ccd_ff_tilt_z = 0.18004581842854514
d_ff_ccd  = -4.838912917165704
ccd_dec_x = 0.6214031572899351
ccd_dec_y = 5.157143515257765
ccd_defocus = 0.2807628570351974
ccd_tilt_x = 0.00499859125541024
ccd_tilt_y = -0.01089669226494231
ccd_tilt_z = 5.084165530306147e-06
p = 0.0001