slit_dec_x_a = -0.17038699834280285
slit_dec_y_a = -0.19580598387028994
slit_dec_x_b = 0.175
slit_dec_y_b = -2.702665577958211e-96
slit_defocus = 0.0055358264090259795
slit_tilt_x = 1.186099499594329
slit_tilt_y = -8.540133619062054
slit_tilt_z = -8.9908122258673
d_slit_col = 1594.2944854179764
coll_tilt_x = 0.08845695322469971
coll_tilt_y = -0.0317887713439091
ech_G = 31.61065868227187
ech_blaze = -74.97712332023569
ech_gamma = 1.140493544822922
echelle_z = 0.07549067410380118
d_col_trf = -1588.0186252845199
trf_mirror_tilt_x = 0.13864885756090659
trf_mirror_tilt_y = 0.07755188836569699
d_col_grm = -0.009548472282672709
grism_dec_x = 236.43438489705778
grism_dec_y = 0.034239433802257004
grm_tilt_x = -0.015804911533441088
grm_tilt_y = 2.3043553227543008
grm_G = 222.82520087655408
grm_apex = 17.8151170161375
d_grm_cam  = 21.608491096131264
cam_dec_x = -0.3021346555862517
cam_dec_y = 0.25033410798406724
cam_tilt_x = -0.018399022683501215
cam_tilt_y = -0.015036746411584208
d_cam_ff  = -160.4010049547182
ccd_ff_dec_x = -0.0035172742943923754
ccd_ff_dec_y = 0.00015804045017390217
ccd_ff_tilt_x = 0.14602199212249795
ccd_ff_tilt_y = -0.5720535083361626
ccd_ff_tilt_z = 0.17253103954634502
d_ff_ccd  = -4.811216861098391
ccd_dec_x = 0.6206374475040286
ccd_dec_y = 5.155262927639242
ccd_defocus = 0.31634503165612987
ccd_tilt_x = 0.00780813468332649
ccd_tilt_y = -0.014031310561911179
ccd_tilt_z = 3.357124416515109e-06
p = 3.5452727272727273e-06