slit_dec_x_a = -0.181778666534
slit_dec_y_a = -0.18243150017
slit_dec_x_b = 0.14512077562974193
slit_dec_y_b = -0.05510809031835813
slit_defocus = -0.013818070330977553
slit_tilt_x = 1.0540372020029247
slit_tilt_y = -8.559932528352286
slit_tilt_z = -9.026819068741284
d_slit_col = 1594.2903367786603
coll_tilt_x = 0.12142267853854574
coll_tilt_y = -0.026490072403315724
ech_G = 31.6145648197628
ech_blaze = -74.99489066236299
ech_gamma = 1.1556424401381917
echelle_z = 0.057000819100882366
d_col_trf = -1588.0163640710018
trf_mirror_tilt_x = 0.0073620834044379625
trf_mirror_tilt_y = 0.15540593476904488
d_col_grm = 0.035622677556884544
grism_dec_x = 236.38318988404853
grism_dec_y = 0.009252873199948091
grm_tilt_x = -0.023510507735039207
grm_tilt_y = 2.3257833365746388
grm_G = 222.7840667434763
grm_apex = 17.766501438986538
d_grm_cam  = 21.60469495048439
cam_dec_x = -0.2711244558814334
cam_dec_y = 0.29085410136110756
cam_tilt_x = 0.012415916023542514
cam_tilt_y = 0.008795182797784247
d_cam_ff  = -160.07713171503292
ccd_ff_dec_x = -0.023806573157836956
ccd_ff_dec_y = 0.04210104185108905
ccd_ff_tilt_x = 0.033472717220662196
ccd_ff_tilt_y = -0.5909847709130365
ccd_ff_tilt_z = 0.17191170278482082
d_ff_ccd  = -4.81592845735345
ccd_dec_x = 0.5533053277137896
ccd_dec_y = 5.107630823743267
ccd_defocus = 0.28573575811602364
ccd_tilt_x = 0.032649988643142135
ccd_tilt_y = -0.002092824832080689
ccd_tilt_z = 4.7216148808250054e-06
p = 0.0001