slit_dec_x_a = -0.17040833758567767
slit_dec_y_a = -0.19594406491181868
slit_dec_x_b = 0.175
slit_dec_y_b = -2.487488222524446e-96
slit_defocus = 0.005519564019568495
slit_tilt_x = 1.1861076948912435
slit_tilt_y = -8.540085895820205
slit_tilt_z = -8.99085802083392
d_slit_col = 1594.294449575233
coll_tilt_x = 0.08862556134083556
coll_tilt_y = -0.031776573045817505
ech_G = 31.610653755205078
ech_blaze = -74.97698436533095
ech_gamma = 1.1404758035054974
echelle_z = 0.07538234796607397
d_col_trf = -1588.0185523843875
trf_mirror_tilt_x = 0.13869853703883592
trf_mirror_tilt_y = 0.07751548990832653
d_col_grm = -0.009520424176615519
grism_dec_x = 236.43431674948067
grism_dec_y = 0.034243022234066486
grm_tilt_x = -0.015894886027860572
grm_tilt_y = 2.3043747958651233
grm_G = 222.8252062356543
grm_apex = 17.815145650169097
d_grm_cam  = 21.608498190818146
cam_dec_x = -0.30211765844742117
cam_dec_y = 0.2503423691693851
cam_tilt_x = -0.0181784303545666
cam_tilt_y = -0.015012581062911189
d_cam_ff  = -160.400961949951
ccd_ff_dec_x = -0.0035623644484992193
ccd_ff_dec_y = 0.00013365359101851756
ccd_ff_tilt_x = 0.14603869721765095
ccd_ff_tilt_y = -0.5720386668004301
ccd_ff_tilt_z = 0.17254958926335923
d_ff_ccd  = -4.811227351118859
ccd_dec_x = 0.6206616641607433
ccd_dec_y = 5.155292894289716
ccd_defocus = 0.31630977001522137
ccd_tilt_x = 0.0077981957536092045
ccd_tilt_y = -0.014011462311719349
ccd_tilt_z = 3.293759614182583e-06
p = 5.559272727272727e-06