slit_dec_x_a = -0.181778666534
slit_dec_y_a = -0.18243150017
slit_dec_x_b = 0.14512077562974193
slit_dec_y_b = -0.05510809031835813
slit_defocus = -0.002196716148778314
slit_tilt_x = 1.1346796696481949
slit_tilt_y = -8.568332224872993
slit_tilt_z = -9.003622757622093
d_slit_col = 1594.3039613537987
coll_tilt_x = 0.08644460321498267
coll_tilt_y = -0.022041809856532403
ech_G = 31.61089086370214
ech_blaze = -74.99557552051559
ech_gamma = 1.158086173927019
echelle_z = 0.056829523135942875
d_col_trf = -1588.0163465527555
trf_mirror_tilt_x = 0.12250946804898186
trf_mirror_tilt_y = 0.018711227433137186
d_col_grm = 0.01498425546406015
grism_dec_x = 236.39747012336358
grism_dec_y = -0.005053061565582072
grm_tilt_x = -0.024645545049575092
grm_tilt_y = 2.327185536003132
grm_G = 222.7857774690129
grm_apex = 17.809104918209908
d_grm_cam  = 21.604627124772684
cam_dec_x = -0.283641609734114
cam_dec_y = 0.28976312980275304
cam_tilt_x = 0.00430617067106622
cam_tilt_y = -0.027793953642715842
d_cam_ff  = -160.5696122578092
ccd_ff_dec_x = -0.022854897386561754
ccd_ff_dec_y = -0.04777293590687118
ccd_ff_tilt_x = 0.1650426439053472
ccd_ff_tilt_y = -0.5894363016947789
ccd_ff_tilt_z = 0.17191971046553783
d_ff_ccd  = -4.785380244611192
ccd_dec_x = 0.5518856623696385
ccd_dec_y = 5.106457955618823
ccd_defocus = 0.3158059117041515
ccd_tilt_x = 0.02142072733962081
ccd_tilt_y = -0.004212304164616373
ccd_tilt_z = 2.1788985303876372e-07
p = 5.559272727272727e-06