slit_dec_x_a = -0.181778666534
slit_dec_y_a = -0.18243150017
slit_dec_x_b = 0.14512077562974193
slit_dec_y_b = -0.05510809031835813
slit_defocus = -0.013780043998262942
slit_tilt_x = 1.0540810861203052
slit_tilt_y = -8.559959787174963
slit_tilt_z = -9.026914280817
d_slit_col = 1594.290288480543
coll_tilt_x = 0.12142787080634368
coll_tilt_y = -0.026431277030775666
ech_G = 31.614567654714655
ech_blaze = -74.99489307321687
ech_gamma = 1.1556427708315464
echelle_z = 0.05699754179413
d_col_trf = -1588.0163606159072
trf_mirror_tilt_x = 0.007283544883351916
trf_mirror_tilt_y = 0.1554337503529469
d_col_grm = 0.03571350680300095
grism_dec_x = 236.38324097030048
grism_dec_y = 0.009225705578824244
grm_tilt_x = -0.023506831698523953
grm_tilt_y = 2.3257916540232046
grm_G = 222.784070352173
grm_apex = 17.76662057679919
d_grm_cam  = 21.6047004136171
cam_dec_x = -0.27103627073176134
cam_dec_y = 0.29091014642908597
cam_tilt_x = 0.012458975758367323
cam_tilt_y = 0.008850731926243607
d_cam_ff  = -160.07690912601348
ccd_ff_dec_x = -0.023808318100929704
ccd_ff_dec_y = 0.04208952301311845
ccd_ff_tilt_x = 0.033472640209266276
ccd_ff_tilt_y = -0.5909827653829807
ccd_ff_tilt_z = 0.17191233496815392
d_ff_ccd  = -4.815942318544122
ccd_dec_x = 0.5532956103478107
ccd_dec_y = 5.107640095172848
ccd_defocus = 0.2858069541926493
ccd_tilt_x = 0.032549977080521736
ccd_tilt_y = -0.002091290783586927
ccd_tilt_z = 4.700954427561137e-06
p = 0.0001