slit_dec_x_a = -0.17040036381091425
slit_dec_y_a = -0.1958964961909685
slit_dec_x_b = 0.175
slit_dec_y_b = -2.3623247756263853e-96
slit_defocus = 0.005518105781143466
slit_tilt_x = 1.1861154731597967
slit_tilt_y = -8.540095156661266
slit_tilt_z = -8.990855937616546
d_slit_col = 1594.2944391559354
coll_tilt_x = 0.08859457793986582
coll_tilt_y = -0.03172462324416835
ech_G = 31.610651418553914
ech_blaze = -74.97698983975457
ech_gamma = 1.1405299747806195
echelle_z = 0.0753488287746822
d_col_trf = -1588.018563442441
trf_mirror_tilt_x = 0.13869930007232034
trf_mirror_tilt_y = 0.07752276654955743
d_col_grm = -0.009524591832729858
grism_dec_x = 236.43432629168706
grism_dec_y = 0.03424393039907908
grm_tilt_x = -0.01585052056933362
grm_tilt_y = 2.304368887451122
grm_G = 222.82521398734966
grm_apex = 17.815143226643357
d_grm_cam  = 21.60849392100111
cam_dec_x = -0.30211337486264417
cam_dec_y = 0.25035682737230347
cam_tilt_x = -0.018177062121562188
cam_tilt_y = -0.015019778503728588
d_cam_ff  = -160.40094782064213
ccd_ff_dec_x = -0.003559913303109628
ccd_ff_dec_y = 0.00013729240780213048
ccd_ff_tilt_x = 0.14605526051127657
ccd_ff_tilt_y = -0.5720349970008097
ccd_ff_tilt_z = 0.17254653468270556
d_ff_ccd  = -4.811237299069706
ccd_dec_x = 0.620660591166291
ccd_dec_y = 5.155290715357578
ccd_defocus = 0.3163162414679736
ccd_tilt_x = 0.00781333833623373
ccd_tilt_y = -0.0140020187788706
ccd_tilt_z = 3.305511343512728e-06
p = 7.486454545454544e-06