slit_dec_x_a = -0.181778666534
slit_dec_y_a = -0.18243150017
slit_dec_x_b = 0.14512077562974193
slit_dec_y_b = -0.05510809031835813
slit_defocus = -0.0021996366134363877
slit_tilt_x = 1.134678813225402
slit_tilt_y = -8.56835253464838
slit_tilt_z = -9.003619004608472
d_slit_col = 1594.30395957218
coll_tilt_x = 0.08644361774208932
coll_tilt_y = -0.022042710676559073
ech_G = 31.61088509087476
ech_blaze = -74.995532620118
ech_gamma = 1.1581305797364292
echelle_z = 0.056767700382528895
d_col_trf = -1588.0163704924855
trf_mirror_tilt_x = 0.12252285554540326
trf_mirror_tilt_y = 0.018698517692441664
d_col_grm = 0.01499306098776925
grism_dec_x = 236.39746611332907
grism_dec_y = -0.0050600177641827206
grm_tilt_x = -0.02460091409024126
grm_tilt_y = 2.3272587330158596
grm_G = 222.78578997137873
grm_apex = 17.80910800599726
d_grm_cam  = 21.604695442757517
cam_dec_x = -0.2836422276245248
cam_dec_y = 0.2897654047625518
cam_tilt_x = 0.00431631165581567
cam_tilt_y = -0.02778927526491157
d_cam_ff  = -160.56960893771074
ccd_ff_dec_x = -0.022854406802084032
ccd_ff_dec_y = -0.047774611055628524
ccd_ff_tilt_x = 0.1650415466719607
ccd_ff_tilt_y = -0.5893600485461985
ccd_ff_tilt_z = 0.17197446125712287
d_ff_ccd  = -4.785382879268656
ccd_dec_x = 0.5519235604589113
ccd_dec_y = 5.10643640341238
ccd_defocus = 0.31581870852813887
ccd_tilt_x = 0.021404598468899336
ccd_tilt_y = -0.004220662214936734
ccd_tilt_z = 2.0973983888738736e-07
p = 7.486454545454544e-06