slit_dec_x_a = -0.181778666534
slit_dec_y_a = -0.18243150017
slit_dec_x_b = 0.14512077562974193
slit_dec_y_b = -0.05510809031835813
slit_defocus = -0.013789383578613805
slit_tilt_x = 1.054131686781614
slit_tilt_y = -8.56003287700795
slit_tilt_z = -9.026893079425406
d_slit_col = 1594.2902381679755
coll_tilt_x = 0.12146252309987669
coll_tilt_y = -0.02645437114084152
ech_G = 31.614569526968317
ech_blaze = -74.99488699936333
ech_gamma = 1.155644744986619
echelle_z = 0.05700054203658918
d_col_trf = -1588.0163723105827
trf_mirror_tilt_x = 0.007336750811125724
trf_mirror_tilt_y = 0.15540991844860705
d_col_grm = 0.03560301111733958
grism_dec_x = 236.38323834719023
grism_dec_y = 0.009147058363297779
grm_tilt_x = -0.023504174544464858
grm_tilt_y = 2.325786929045456
grm_G = 222.78406602740478
grm_apex = 17.766622127873173
d_grm_cam  = 21.604700373214147
cam_dec_x = -0.2711563438467419
cam_dec_y = 0.29088548639975914
cam_tilt_x = 0.012486875236879467
cam_tilt_y = 0.008810932921650196
d_cam_ff  = -160.07710028131976
ccd_ff_dec_x = -0.023798844711271337
ccd_ff_dec_y = 0.041981007559877895
ccd_ff_tilt_x = 0.033473170852106236
ccd_ff_tilt_y = -0.5909779272461712
ccd_ff_tilt_z = 0.17192101853261896
d_ff_ccd  = -4.815963259349394
ccd_dec_x = 0.5532899334447675
ccd_dec_y = 5.107633889597258
ccd_defocus = 0.28575572721597675
ccd_tilt_x = 0.032616969296339775
ccd_tilt_y = -0.0021626020100309136
ccd_tilt_z = 4.703726026949914e-06
p = 0.0001