slit_dec_x_a = -0.1704010755187174
slit_dec_y_a = -0.1956586180351446
slit_dec_x_b = 0.175
slit_dec_y_b = -1.7456684414032671e-96
slit_defocus = 0.02139357761375224
slit_tilt_x = 1.1139515191632556
slit_tilt_y = -8.538401146952575
slit_tilt_z = -8.991662670881775
d_slit_col = 1594.3099490656425
coll_tilt_x = 0.11316408701565644
coll_tilt_y = -0.028902507946495508
ech_G = 31.613226955721874
ech_blaze = -74.97482771478475
ech_gamma = 1.1389807368420097
echelle_z = 0.07476950532698974
d_col_trf = -1588.0172287327227
trf_mirror_tilt_x = 0.026319552682986105
trf_mirror_tilt_y = 0.16222310213357277
d_col_grm = -0.004803086441080628
grism_dec_x = 236.4233616153146
grism_dec_y = 0.03814972529510224
grm_tilt_x = -0.014048180849536433
grm_tilt_y = 2.305279033662982
grm_G = 222.824007968245
grm_apex = 17.791040940839377
d_grm_cam  = 21.609815614893577
cam_dec_x = -0.30952935709265494
cam_dec_y = 0.24728428078014505
cam_tilt_x = -0.011016070075638075
cam_tilt_y = 0.0038210951734912514
d_cam_ff  = -160.0574235323732
ccd_ff_dec_x = -0.002602807752645839
ccd_ff_dec_y = 0.05302607484668211
ccd_ff_tilt_x = 0.019500417160389118
ccd_ff_tilt_y = -0.5728037130242636
ccd_ff_tilt_z = 0.18005148592655967
d_ff_ccd  = -4.838977060762197
ccd_dec_x = 0.6214070425677435
ccd_dec_y = 5.15714657367835
ccd_defocus = 0.2807452115176294
ccd_tilt_x = 0.005007523027602981
ccd_tilt_y = -0.010970784360183831
ccd_tilt_z = 5.0485651647723396e-06
p = 0.0001