slit_dec_x_a = -0.181778666534
slit_dec_y_a = -0.18243150017
slit_dec_x_b = 0.14512077562974193
slit_dec_y_b = -0.05510809031835813
slit_defocus = -0.0022057654011294844
slit_tilt_x = 1.134677432921813
slit_tilt_y = -8.568366774573919
slit_tilt_z = -9.003612238356418
d_slit_col = 1594.3039673517321
coll_tilt_x = 0.08645756879967703
coll_tilt_y = -0.022062806858251512
ech_G = 31.61088540874709
ech_blaze = -74.99550003486473
ech_gamma = 1.1581548139864601
echelle_z = 0.05675854435014201
d_col_trf = -1588.0164101919765
trf_mirror_tilt_x = 0.122529089092575
trf_mirror_tilt_y = 0.018698736255265396
d_col_grm = 0.014998575176922463
grism_dec_x = 236.39746832419397
grism_dec_y = -0.005066479536083726
grm_tilt_x = -0.02467333362664906
grm_tilt_y = 2.3273238835545174
grm_G = 222.78575828763158
grm_apex = 17.809102242794477
d_grm_cam  = 21.604781976871468
cam_dec_x = -0.28363565075427255
cam_dec_y = 0.2897704852811622
cam_tilt_x = 0.004323914056238016
cam_tilt_y = -0.02777961575021545
d_cam_ff  = -160.5696131583646
ccd_ff_dec_x = -0.022901478314786665
ccd_ff_dec_y = -0.047768481998511345
ccd_ff_tilt_x = 0.16504495309247375
ccd_ff_tilt_y = -0.5893500519706223
ccd_ff_tilt_z = 0.17189904329341432
d_ff_ccd  = -4.785368870929776
ccd_dec_x = 0.55186400999228
ccd_dec_y = 5.106414706714146
ccd_defocus = 0.3158223332042664
ccd_tilt_x = 0.021397627993759123
ccd_tilt_y = -0.004208001633398096
ccd_tilt_z = 2.0661874706848377e-07
p = 7.518833333333333e-06