slit_dec_x_a = -0.17042225847861123
slit_dec_y_a = -0.19586645970662922
slit_dec_x_b = 0.175
slit_dec_y_b = -2.3151278228833434e-96
slit_defocus = 0.005513675862868484
slit_tilt_x = 1.186129914517735
slit_tilt_y = -8.5401098693207
slit_tilt_z = -8.99084335670094
d_slit_col = 1594.294444220323
coll_tilt_x = 0.08855039975067688
coll_tilt_y = -0.03176655659114038
ech_G = 31.610658296528936
ech_blaze = -74.97706931594327
ech_gamma = 1.14049146767259
echelle_z = 0.07536900689914655
d_col_trf = -1588.0185807662483
trf_mirror_tilt_x = 0.13868577522933626
trf_mirror_tilt_y = 0.0775408569959903
d_col_grm = -0.009523801164335042
grism_dec_x = 236.4343243730969
grism_dec_y = 0.03424049728311969
grm_tilt_x = -0.015836711565054763
grm_tilt_y = 2.304346663876091
grm_G = 222.82521103631265
grm_apex = 17.815132709720444
d_grm_cam  = 21.60849380911522
cam_dec_x = -0.3021165172742177
cam_dec_y = 0.2503567922123512
cam_tilt_x = -0.018240296095342796
cam_tilt_y = -0.015008364813218128
d_cam_ff  = -160.40096551961048
ccd_ff_dec_x = -0.003558458030230439
ccd_ff_dec_y = 0.00016382690228931233
ccd_ff_tilt_x = 0.14603380915815029
ccd_ff_tilt_y = -0.5720225660086056
ccd_ff_tilt_z = 0.17254153772483638
d_ff_ccd  = -4.811247122185309
ccd_dec_x = 0.620673120122775
ccd_dec_y = 5.155289073572299
ccd_defocus = 0.3163224024917697
ccd_tilt_x = 0.007797226982402631
ccd_tilt_y = -0.013988712460087772
ccd_tilt_z = 3.307496782224129e-06
p = 7.518833333333333e-06