slit_dec_x_a = -0.1704010755187174
slit_dec_y_a = -0.1956586180351446
slit_dec_x_b = 0.175
slit_dec_y_b = -1.8520809868809573e-96
slit_defocus = 0.0213422557230409
slit_tilt_x = 1.114000614769937
slit_tilt_y = -8.538395816949372
slit_tilt_z = -8.99162183063468
d_slit_col = 1594.309956226921
coll_tilt_x = 0.11318952996280182
coll_tilt_y = -0.02888040609946956
ech_G = 31.613231809470584
ech_blaze = -74.97483377111261
ech_gamma = 1.1389725517616591
echelle_z = 0.07477151143457118
d_col_trf = -1588.0172354615818
trf_mirror_tilt_x = 0.026270676435182043
trf_mirror_tilt_y = 0.16226538257090825
d_col_grm = -0.004819342629965199
grism_dec_x = 236.42325244270856
grism_dec_y = 0.03812435632980524
grm_tilt_x = -0.014057803260381726
grm_tilt_y = 2.3052825315350924
grm_G = 222.82400119169776
grm_apex = 17.79104544317074
d_grm_cam  = 21.6098175033432
cam_dec_x = -0.30954620692823365
cam_dec_y = 0.24722592086958387
cam_tilt_x = -0.011072893388899873
cam_tilt_y = 0.0038047508325245224
d_cam_ff  = -160.05758170442152
ccd_ff_dec_x = -0.002597318878868045
ccd_ff_dec_y = 0.05308045701993651
ccd_ff_tilt_x = 0.019444449238251605
ccd_ff_tilt_y = -0.5727976363355997
ccd_ff_tilt_z = 0.18005459129636303
d_ff_ccd  = -4.8389925317836076
ccd_dec_x = 0.6214077680056274
ccd_dec_y = 5.157145851949655
ccd_defocus = 0.28077944111037206
ccd_tilt_x = 0.0049824068086083044
ccd_tilt_y = -0.01090594292965788
ccd_tilt_z = 5.043351221094211e-06
p = 0.0001