slit_dec_x_a = -0.181778666534
slit_dec_y_a = -0.18243150017
slit_dec_x_b = 0.14512077562974193
slit_dec_y_b = -0.05510809031835813
slit_defocus = -0.013810838757594859
slit_tilt_x = 1.054077657779338
slit_tilt_y = -8.559930578072233
slit_tilt_z = -9.026860428861564
d_slit_col = 1594.2902575451874
coll_tilt_x = 0.12147974580371693
coll_tilt_y = -0.026468273489288086
ech_G = 31.614567829354254
ech_blaze = -74.99488809937439
ech_gamma = 1.1556443177104962
echelle_z = 0.05700850739789711
d_col_trf = -1588.01636231415
trf_mirror_tilt_x = 0.007310224084222661
trf_mirror_tilt_y = 0.15544987581503375
d_col_grm = 0.03567144963372155
grism_dec_x = 236.3831704508298
grism_dec_y = 0.009237696450276682
grm_tilt_x = -0.023503094507074843
grm_tilt_y = 2.3257929765020213
grm_G = 222.78406750691752
grm_apex = 17.766480752681307
d_grm_cam  = 21.60469931189865
cam_dec_x = -0.27107475136113995
cam_dec_y = 0.29082520347684626
cam_tilt_x = 0.01245501161260213
cam_tilt_y = 0.008889050287040156
d_cam_ff  = -160.07651489983905
ccd_ff_dec_x = -0.023803649696823147
ccd_ff_dec_y = 0.042075573266887045
ccd_ff_tilt_x = 0.03351236352990802
ccd_ff_tilt_y = -0.5909796451420211
ccd_ff_tilt_z = 0.17191720877300226
d_ff_ccd  = -4.816000898455118
ccd_dec_x = 0.5532936921392007
ccd_dec_y = 5.107632344120276
ccd_defocus = 0.28578396615040746
ccd_tilt_x = 0.03258109453215984
ccd_tilt_y = -0.0021349681493128565
ccd_tilt_z = 4.719306121472057e-06
p = 0.0001