slit_dec_x_a = -0.181778666534
slit_dec_y_a = -0.18243150017
slit_dec_x_b = 0.14512077562974193
slit_dec_y_b = -0.05510809031835813
slit_defocus = -0.0021868625002192917
slit_tilt_x = 1.134705800408951
slit_tilt_y = -8.56828912721145
slit_tilt_z = -9.00361901197941
d_slit_col = 1594.3039256977852
coll_tilt_x = 0.08643447657285393
coll_tilt_y = -0.022048203967083187
ech_G = 31.610893104250533
ech_blaze = -74.99557000934466
ech_gamma = 1.1581874480851162
echelle_z = 0.057127916758774086
d_col_trf = -1588.0162737757344
trf_mirror_tilt_x = 0.12251352934272618
trf_mirror_tilt_y = 0.018690861247594278
d_col_grm = 0.01498124904235573
grism_dec_x = 236.3974914860312
grism_dec_y = -0.005048338407286684
grm_tilt_x = -0.024786362557938445
grm_tilt_y = 2.3274399787941795
grm_G = 222.78573433289972
grm_apex = 17.8091791261684
d_grm_cam  = 21.604529270365752
cam_dec_x = -0.28364196900311656
cam_dec_y = 0.28972346649439057
cam_tilt_x = 0.004365610838970959
cam_tilt_y = -0.027796190941092015
d_cam_ff  = -160.5695332024307
ccd_ff_dec_x = -0.0231013377688231
ccd_ff_dec_y = -0.04778202452255629
ccd_ff_tilt_x = 0.16502609617481878
ccd_ff_tilt_y = -0.5896303679661713
ccd_ff_tilt_z = 0.17181808303884033
d_ff_ccd  = -4.785369061937181
ccd_dec_x = 0.551928949351631
ccd_dec_y = 5.106603344005121
ccd_defocus = 0.3158316609797634
ccd_tilt_x = 0.02141916087736594
ccd_tilt_y = -0.004215138533947274
ccd_tilt_z = 2.9389877749971764e-07
p = 3.3124999999999996e-06