slit_dec_x_a = -0.1704586452085753
slit_dec_y_a = -0.19607933550752077
slit_dec_x_b = 0.175
slit_dec_y_b = -1.8331609553028451e-96
slit_defocus = 0.005564864752424867
slit_tilt_x = 1.1861442838374425
slit_tilt_y = -8.540019818833942
slit_tilt_z = -8.990857900057344
d_slit_col = 1594.294418173444
coll_tilt_x = 0.08879158095596601
coll_tilt_y = -0.03172559861416395
ech_G = 31.61069692748903
ech_blaze = -74.97713934280848
ech_gamma = 1.1405488970343762
echelle_z = 0.07495958092916437
d_col_trf = -1588.0185467768451
trf_mirror_tilt_x = 0.1387124927928585
trf_mirror_tilt_y = 0.07758342340184178
d_col_grm = -0.009522260667982401
grism_dec_x = 236.43430104028937
grism_dec_y = 0.034241562001230984
grm_tilt_x = -0.015756711454415713
grm_tilt_y = 2.304372115483909
grm_G = 222.8251862013461
grm_apex = 17.8151226778182
d_grm_cam  = 21.608476471857
cam_dec_x = -0.3021186138378385
cam_dec_y = 0.2503694556107125
cam_tilt_x = -0.018245437442288532
cam_tilt_y = -0.015030753942440406
d_cam_ff  = -160.40095253798378
ccd_ff_dec_x = -0.0035394252601146066
ccd_ff_dec_y = 0.00014163557347134884
ccd_ff_tilt_x = 0.1459890731486873
ccd_ff_tilt_y = -0.5720699373391698
ccd_ff_tilt_z = 0.172559232769676
d_ff_ccd  = -4.811223736905802
ccd_dec_x = 0.6206607850534054
ccd_dec_y = 5.155252283627652
ccd_defocus = 0.31631915373438535
ccd_tilt_x = 0.007747613002302692
ccd_tilt_y = -0.014013760053506628
ccd_tilt_z = 3.2410724690751028e-06
p = 3.3124999999999996e-06