slit_dec_x_a = -0.17045322469675236
slit_dec_y_a = -0.19610568022879815
slit_dec_x_b = 0.175
slit_dec_y_b = -2.3295005198718394e-96
slit_defocus = 0.005496569487422235
slit_tilt_x = 1.1861241810640761
slit_tilt_y = -8.540066486756533
slit_tilt_z = -8.990879036738823
d_slit_col = 1594.2944472646827
coll_tilt_x = 0.08877513623003323
coll_tilt_y = -0.03168952825746319
ech_G = 31.610679766505033
ech_blaze = -74.9770257146045
ech_gamma = 1.1406016257882645
echelle_z = 0.0752071536057418
d_col_trf = -1588.0185467393173
trf_mirror_tilt_x = 0.1386988513289435
trf_mirror_tilt_y = 0.07756854108459814
d_col_grm = -0.009523884370754328
grism_dec_x = 236.43432776004389
grism_dec_y = 0.03424436514038236
grm_tilt_x = -0.01589011579140083
grm_tilt_y = 2.304389329878744
grm_G = 222.8251979562291
grm_apex = 17.81511504678344
d_grm_cam  = 21.608505734215772
cam_dec_x = -0.30211601657892007
cam_dec_y = 0.2503621649702273
cam_tilt_x = -0.01806902881185922
cam_tilt_y = -0.014979332714004734
d_cam_ff  = -160.40095058965926
ccd_ff_dec_x = -0.0035541378665733185
ccd_ff_dec_y = 0.0001258818826121765
ccd_ff_tilt_x = 0.1460390471360173
ccd_ff_tilt_y = -0.5720288875456973
ccd_ff_tilt_z = 0.17255836798584256
d_ff_ccd  = -4.811236558777574
ccd_dec_x = 0.620638812033138
ccd_dec_y = 5.155283384969107
ccd_defocus = 0.3163177506937012
ccd_tilt_x = 0.007823660899504
ccd_tilt_y = -0.014004370150952551
ccd_tilt_z = 3.281272955108869e-06
p = 1.6065454545454545e-05