slit_dec_x_a = -0.181778666534
slit_dec_y_a = -0.18243150017
slit_dec_x_b = 0.14512077562974193
slit_dec_y_b = -0.05510809031835813
slit_defocus = -0.002196968469806204
slit_tilt_x = 1.1347057242043925
slit_tilt_y = -8.568323393822988
slit_tilt_z = -9.003622672697372
d_slit_col = 1594.303940510416
coll_tilt_x = 0.08647739805817994
coll_tilt_y = -0.022037225618622192
ech_G = 31.6108899024092
ech_blaze = -74.99551498743214
ech_gamma = 1.1581239115502482
echelle_z = 0.05686918230386732
d_col_trf = -1588.0162532005108
trf_mirror_tilt_x = 0.12252357303330774
trf_mirror_tilt_y = 0.018729610371575105
d_col_grm = 0.01499737702437114
grism_dec_x = 236.39748217650785
grism_dec_y = -0.005034149773776643
grm_tilt_x = -0.02463117506769745
grm_tilt_y = 2.3272465893534884
grm_G = 222.785798588499
grm_apex = 17.809120821466674
d_grm_cam  = 21.604561738113286
cam_dec_x = -0.28363105735736677
cam_dec_y = 0.2897692881023531
cam_tilt_x = 0.004275429214941302
cam_tilt_y = -0.027798717478614406
d_cam_ff  = -160.56963440663338
ccd_ff_dec_x = -0.02285026408989472
ccd_ff_dec_y = -0.04778713879470911
ccd_ff_tilt_x = 0.16501152145729855
ccd_ff_tilt_y = -0.5894938027415507
ccd_ff_tilt_z = 0.17183222570687623
d_ff_ccd  = -4.785379825657046
ccd_dec_x = 0.5518775989582125
ccd_dec_y = 5.106524811474599
ccd_defocus = 0.3158269308620363
ccd_tilt_x = 0.02142006691495549
ccd_tilt_y = -0.004208903920987767
ccd_tilt_z = 2.6667024615951323e-07
p = 0.0030982650909090912