slit_dec_x_a = -0.17044126728940398
slit_dec_y_a = -0.19608306671388254
slit_dec_x_b = 0.175
slit_dec_y_b = -2.2387386913127904e-96
slit_defocus = 0.005511700139803028
slit_tilt_x = 1.186113523489889
slit_tilt_y = -8.540073853196942
slit_tilt_z = -8.990872346540643
d_slit_col = 1594.2944537687615
coll_tilt_x = 0.08880387909199262
coll_tilt_y = -0.03178766673415363
ech_G = 31.610692045208133
ech_blaze = -74.97706810570895
ech_gamma = 1.1405030243855292
echelle_z = 0.07528860009739219
d_col_trf = -1588.0185485102907
trf_mirror_tilt_x = 0.13870691081466355
trf_mirror_tilt_y = 0.07753232044899973
d_col_grm = -0.009530454969425874
grism_dec_x = 236.43432283939586
grism_dec_y = 0.03424113589708622
grm_tilt_x = -0.016001083227513414
grm_tilt_y = 2.3043880209957766
grm_G = 222.8251993324921
grm_apex = 17.81512946781329
d_grm_cam  = 21.608491384197382
cam_dec_x = -0.3021133029922318
cam_dec_y = 0.2503491967251584
cam_tilt_x = -0.018047150260928495
cam_tilt_y = -0.014991433525569791
d_cam_ff  = -160.4009483281024
ccd_ff_dec_x = -0.003548374396907669
ccd_ff_dec_y = 0.0001244881469241798
ccd_ff_tilt_x = 0.14604904669768362
ccd_ff_tilt_y = -0.5720463448710082
ccd_ff_tilt_z = 0.17256580646746827
d_ff_ccd  = -4.811228400929188
ccd_dec_x = 0.6206420570443822
ccd_dec_y = 5.155273586083992
ccd_defocus = 0.3163228858187832
ccd_tilt_x = 0.007817881062012401
ccd_tilt_y = -0.01402112093543146
ccd_tilt_z = 3.270171479978201e-06
p = 0.0030982650909090912