slit_dec_x_a = -0.1704010755187174
slit_dec_y_a = -0.1956586180351446
slit_dec_x_b = 0.175
slit_dec_y_b = -1.907028711663093e-96
slit_defocus = 0.021384279669874745
slit_tilt_x = 1.1140711288929597
slit_tilt_y = -8.538411057734514
slit_tilt_z = -8.991637429862555
d_slit_col = 1594.3099046010548
coll_tilt_x = 0.11319655379289566
coll_tilt_y = -0.028920277283198573
ech_G = 31.61322777310332
ech_blaze = -74.97483281627092
ech_gamma = 1.1389719438360586
echelle_z = 0.07476964941124081
d_col_trf = -1588.0172215096122
trf_mirror_tilt_x = 0.02631264246403318
trf_mirror_tilt_y = 0.16226475309381944
d_col_grm = -0.004822431517977376
grism_dec_x = 236.42332121364745
grism_dec_y = 0.038198423001166805
grm_tilt_x = -0.014048329144908089
grm_tilt_y = 2.305267470401408
grm_G = 222.8239975430221
grm_apex = 17.79099280816396
d_grm_cam  = 21.609822555738923
cam_dec_x = -0.3095788101241865
cam_dec_y = 0.2472934157882951
cam_tilt_x = -0.011079651851599998
cam_tilt_y = 0.0038228633874819637
d_cam_ff  = -160.05735884639586
ccd_ff_dec_x = -0.002606147875631018
ccd_ff_dec_y = 0.05298941663092456
ccd_ff_tilt_x = 0.01949330699176832
ccd_ff_tilt_y = -0.5728030904843026
ccd_ff_tilt_z = 0.18005179088956919
d_ff_ccd  = -4.83890324432405
ccd_dec_x = 0.6214053398526151
ccd_dec_y = 5.157145617486574
ccd_defocus = 0.280775356814038
ccd_tilt_x = 0.004989895127928234
ccd_tilt_y = -0.010923514571702563
ccd_tilt_z = 5.055175286431688e-06
p = 0.0001