slit_dec_x_a = -0.181778666534
slit_dec_y_a = -0.18243150017
slit_dec_x_b = 0.14512077562974193
slit_dec_y_b = -0.05510809031835813
slit_defocus = -0.0022092750905258907
slit_tilt_x = 1.1346657277556282
slit_tilt_y = -8.568237149144222
slit_tilt_z = -9.003638474271018
d_slit_col = 1594.303940155076
coll_tilt_x = 0.08648255102005907
coll_tilt_y = -0.02199341115779783
ech_G = 31.61090493580664
ech_blaze = -74.99557862091173
ech_gamma = 1.1581506170455367
echelle_z = 0.05757722855381999
d_col_trf = -1588.0161884378265
trf_mirror_tilt_x = 0.12255149567745577
trf_mirror_tilt_y = 0.01863765852087509
d_col_grm = 0.015097725118526644
grism_dec_x = 236.39743257953918
grism_dec_y = -0.005039567995099338
grm_tilt_x = -0.02489210567536125
grm_tilt_y = 2.3272713958163145
grm_G = 222.78568665571294
grm_apex = 17.809221028367954
d_grm_cam  = 21.604545189210313
cam_dec_x = -0.2835573507635582
cam_dec_y = 0.2897127059679769
cam_tilt_x = 0.004306823916052046
cam_tilt_y = -0.02781056225954915
d_cam_ff  = -160.56986873881257
ccd_ff_dec_x = -0.02276238763001346
ccd_ff_dec_y = -0.04779991064834036
ccd_ff_tilt_x = 0.1650379578619993
ccd_ff_tilt_y = -0.5896440151465412
ccd_ff_tilt_z = 0.1717646189480117
d_ff_ccd  = -4.785411933929407
ccd_dec_x = 0.5517966580162009
ccd_dec_y = 5.106162247721209
ccd_defocus = 0.31573944449177543
ccd_tilt_x = 0.02133697754141697
ccd_tilt_y = -0.004214938718557797
ccd_tilt_z = 3.447562450985909e-07
p = 9.720750000000002e-06