slit_dec_x_a = -0.1704186421416908
slit_dec_y_a = -0.1960612912851159
slit_dec_x_b = 0.175
slit_dec_y_b = -1.5885387660812961e-96
slit_defocus = 0.005580904671805338
slit_tilt_x = 1.1861253345186185
slit_tilt_y = -8.540041050643207
slit_tilt_z = -8.990859057620428
d_slit_col = 1594.2944953429342
coll_tilt_x = 0.08874250188260185
coll_tilt_y = -0.03188714376510805
ech_G = 31.61065358836299
ech_blaze = -74.97678398543198
ech_gamma = 1.1403349561933922
echelle_z = 0.07480584120103088
d_col_trf = -1588.0185360664323
trf_mirror_tilt_x = 0.13868651958761485
trf_mirror_tilt_y = 0.07753127830258555
d_col_grm = -0.009544130352245456
grism_dec_x = 236.43432585806883
grism_dec_y = 0.03416912863908973
grm_tilt_x = -0.015879211000700073
grm_tilt_y = 2.3043891592687356
grm_G = 222.82516769329268
grm_apex = 17.815122818764685
d_grm_cam  = 21.60848308750067
cam_dec_x = -0.3021190154737245
cam_dec_y = 0.2503245914583077
cam_tilt_x = -0.018432964563709565
cam_tilt_y = -0.015082954476345443
d_cam_ff  = -160.40096363775243
ccd_ff_dec_x = -0.003522135224006988
ccd_ff_dec_y = 0.0002678565159564844
ccd_ff_tilt_x = 0.14604623904619088
ccd_ff_tilt_y = -0.5720580497066684
ccd_ff_tilt_z = 0.17256921971291891
d_ff_ccd  = -4.811311279262229
ccd_dec_x = 0.6206713393991478
ccd_dec_y = 5.155297694175472
ccd_defocus = 0.3162692762527374
ccd_tilt_x = 0.00774052413560897
ccd_tilt_y = -0.014150425300918491
ccd_tilt_z = 3.1113560048988756e-06
p = 9.720750000000002e-06