slit_dec_x_a = -0.181778666534
slit_dec_y_a = -0.18243150017
slit_dec_x_b = 0.14512077562974193
slit_dec_y_b = -0.05510809031835813
slit_defocus = -0.013768629213203843
slit_tilt_x = 1.0541330521443173
slit_tilt_y = -8.559961104263332
slit_tilt_z = -9.02686200153184
d_slit_col = 1594.2903130080113
coll_tilt_x = 0.12147982143626908
coll_tilt_y = -0.026471971965695954
ech_G = 31.614561247354793
ech_blaze = -74.99488612469494
ech_gamma = 1.1556478308123501
echelle_z = 0.057005193253527146
d_col_trf = -1588.0163566925817
trf_mirror_tilt_x = 0.00729723753537385
trf_mirror_tilt_y = 0.15547455965894266
d_col_grm = 0.035639724842978455
grism_dec_x = 236.3832117256647
grism_dec_y = 0.009230586299911856
grm_tilt_x = -0.02350109794360197
grm_tilt_y = 2.3257844440498165
grm_G = 222.78406986881322
grm_apex = 17.76652705914239
d_grm_cam  = 21.604701358903906
cam_dec_x = -0.27111404806116896
cam_dec_y = 0.2908579971677462
cam_tilt_x = 0.012484061752819785
cam_tilt_y = 0.008907315256780806
d_cam_ff  = -160.07718268966627
ccd_ff_dec_x = -0.023801624603203713
ccd_ff_dec_y = 0.042049019643661936
ccd_ff_tilt_x = 0.0334648609184403
ccd_ff_tilt_y = -0.5909777190813554
ccd_ff_tilt_z = 0.171925692356109
d_ff_ccd  = -4.815965409340566
ccd_dec_x = 0.5533011684825493
ccd_dec_y = 5.107631046270272
ccd_defocus = 0.2857363130837791
ccd_tilt_x = 0.03258257446508065
ccd_tilt_y = -0.0021525369824602282
ccd_tilt_z = 4.682595493769095e-06
p = 0.0001