slit_dec_x_a = -0.17041797624135524
slit_dec_y_a = -0.19600905992394188
slit_dec_x_b = 0.175
slit_dec_y_b = -1.8429014857415847e-96
slit_defocus = 0.005557693810145291
slit_tilt_x = 1.1861569466537445
slit_tilt_y = -8.539994584800391
slit_tilt_z = -8.990837074670893
d_slit_col = 1594.2944627689494
coll_tilt_x = 0.08880144983123942
coll_tilt_y = -0.03178181470214288
ech_G = 31.610655485254213
ech_blaze = -74.97673997412751
ech_gamma = 1.140490454517298
echelle_z = 0.07487296755574198
d_col_trf = -1588.0185300621815
trf_mirror_tilt_x = 0.13866267485982647
trf_mirror_tilt_y = 0.07758169219705668
d_col_grm = -0.009550128451616551
grism_dec_x = 236.43432857237065
grism_dec_y = 0.03419402439108077
grm_tilt_x = -0.015659801383566044
grm_tilt_y = 2.3043690642782573
grm_G = 222.8251887492105
grm_apex = 17.815102832256976
d_grm_cam  = 21.60846224806347
cam_dec_x = -0.30215432629360994
cam_dec_y = 0.2503444951565111
cam_tilt_x = -0.01863602896996625
cam_tilt_y = -0.015046472641699558
d_cam_ff  = -160.40095711996742
ccd_ff_dec_x = -0.0035066777438717703
ccd_ff_dec_y = 0.00018858890027836317
ccd_ff_tilt_x = 0.14604091215344822
ccd_ff_tilt_y = -0.5720636864464015
ccd_ff_tilt_z = 0.17259328470103688
d_ff_ccd  = -4.811245966543467
ccd_dec_x = 0.620682397845821
ccd_dec_y = 5.155302598968286
ccd_defocus = 0.31631779178415004
ccd_tilt_x = 0.007743078391730801
ccd_tilt_y = -0.014050432558775718
ccd_tilt_z = 3.170732020782626e-06
p = 2.904833333333333e-06