slit_dec_x_a = -0.181778666534
slit_dec_y_a = -0.18243150017
slit_dec_x_b = 0.14512077562974193
slit_dec_y_b = -0.05510809031835813
slit_defocus = -0.002212599168936905
slit_tilt_x = 1.1346952347103005
slit_tilt_y = -8.568223305693724
slit_tilt_z = -9.003660917746796
d_slit_col = 1594.3039057662531
coll_tilt_x = 0.08643316003239947
coll_tilt_y = -0.022079353321044902
ech_G = 31.61087563655734
ech_blaze = -74.99551577109767
ech_gamma = 1.1581071255268898
echelle_z = 0.05742148344153455
d_col_trf = -1588.0163419609135
trf_mirror_tilt_x = 0.12252841801420843
trf_mirror_tilt_y = 0.01868085223106785
d_col_grm = 0.015045146014415067
grism_dec_x = 236.39747020510973
grism_dec_y = -0.0050151403336025704
grm_tilt_x = -0.02476468521311943
grm_tilt_y = 2.3272929511666787
grm_G = 222.78575912078483
grm_apex = 17.809165224362175
d_grm_cam  = 21.604297207040993
cam_dec_x = -0.28361123967419255
cam_dec_y = 0.2897194574867861
cam_tilt_x = 0.004355972846868003
cam_tilt_y = -0.027801710152303188
d_cam_ff  = -160.56970532329802
ccd_ff_dec_x = -0.02277465012669847
ccd_ff_dec_y = -0.047801755116230034
ccd_ff_tilt_x = 0.16503858265706076
ccd_ff_tilt_y = -0.5897401202085244
ccd_ff_tilt_z = 0.17175259371538087
d_ff_ccd  = -4.785369274693656
ccd_dec_x = 0.5519623581844622
ccd_dec_y = 5.106169699786765
ccd_defocus = 0.315755400575855
ccd_tilt_x = 0.021385668457631925
ccd_tilt_y = -0.004218482020275104
ccd_tilt_z = 3.813030222573445e-07
p = 2.904833333333333e-06