slit_dec_x_a = -0.181778666534
slit_dec_y_a = -0.18243150017
slit_dec_x_b = 0.14512077562974193
slit_dec_y_b = -0.05510809031835813
slit_defocus = -0.01383354760901183
slit_tilt_x = 1.0541009468938147
slit_tilt_y = -8.559962050468979
slit_tilt_z = -9.026891782983595
d_slit_col = 1594.2903232571891
coll_tilt_x = 0.12143087909091554
coll_tilt_y = -0.026502266713407056
ech_G = 31.61456487823353
ech_blaze = -74.99488735791174
ech_gamma = 1.1556405608414142
echelle_z = 0.057001287492744565
d_col_trf = -1588.0163632266888
trf_mirror_tilt_x = 0.007345211665292822
trf_mirror_tilt_y = 0.15551940630402414
d_col_grm = 0.035639287256355894
grism_dec_x = 236.38325968186925
grism_dec_y = 0.009295561498052385
grm_tilt_x = -0.023508526040548202
grm_tilt_y = 2.3257943264469674
grm_G = 222.78407114554798
grm_apex = 17.766564505031464
d_grm_cam  = 21.604697653635583
cam_dec_x = -0.2711054692655463
cam_dec_y = 0.2908318428162612
cam_tilt_x = 0.012408429037125386
cam_tilt_y = 0.008806321789185412
d_cam_ff  = -160.0774898091537
ccd_ff_dec_x = -0.023800569243793642
ccd_ff_dec_y = 0.0420457930915427
ccd_ff_tilt_x = 0.03352066592731602
ccd_ff_tilt_y = -0.5909846813885207
ccd_ff_tilt_z = 0.17191827458811135
d_ff_ccd  = -4.81602215221086
ccd_dec_x = 0.5533003376657021
ccd_dec_y = 5.107633565027636
ccd_defocus = 0.28577940633846005
ccd_tilt_x = 0.032651684606084426
ccd_tilt_y = -0.002150368124584448
ccd_tilt_z = 4.67224942265159e-06
p = 0.0001