slit_dec_x_a = -0.181778666534
slit_dec_y_a = -0.18243150017
slit_dec_x_b = 0.14512077562974193
slit_dec_y_b = -0.05510809031835813
slit_defocus = -0.0021995340477310474
slit_tilt_x = 1.134680133568771
slit_tilt_y = -8.568373250196775
slit_tilt_z = -9.003579893292041
d_slit_col = 1594.3039854142232
coll_tilt_x = 0.08648523520184892
coll_tilt_y = -0.022054170112232995
ech_G = 31.610921944668547
ech_blaze = -74.99573632789416
ech_gamma = 1.1582128217071617
echelle_z = 0.056732336256340374
d_col_trf = -1588.0162620986555
trf_mirror_tilt_x = 0.12248347239916255
trf_mirror_tilt_y = 0.018724383300599057
d_col_grm = 0.014950475245306297
grism_dec_x = 236.39747494983197
grism_dec_y = -0.005062140670259672
grm_tilt_x = -0.024733962631699215
grm_tilt_y = 2.3273722438037434
grm_G = 222.78592020575016
grm_apex = 17.80907603527425
d_grm_cam  = 21.604941054003532
cam_dec_x = -0.2836345822551875
cam_dec_y = 0.2897646572749045
cam_tilt_x = 0.004343742606064733
cam_tilt_y = -0.027770752251516956
d_cam_ff  = -160.56959660150622
ccd_ff_dec_x = -0.022856815064918466
ccd_ff_dec_y = -0.04778571322887987
ccd_ff_tilt_x = 0.1650326973027585
ccd_ff_tilt_y = -0.5893948859410988
ccd_ff_tilt_z = 0.17182528934970745
d_ff_ccd  = -4.785402601242307
ccd_dec_x = 0.551896896941446
ccd_dec_y = 5.106344145834735
ccd_defocus = 0.31586798634606356
ccd_tilt_x = 0.02137391465209902
ccd_tilt_y = -0.00419231985897959
ccd_tilt_z = 2.6353112307684577e-07
p = 1.8064545454545451e-06