slit_dec_x_a = -0.1704021807935449
slit_dec_y_a = -0.19582799960148461
slit_dec_x_b = 0.175
slit_dec_y_b = -2.5797389697041488e-96
slit_defocus = 0.005525758915328564
slit_tilt_x = 1.1861296190873145
slit_tilt_y = -8.54010031674555
slit_tilt_z = -8.990828799586945
d_slit_col = 1594.2944313619385
coll_tilt_x = 0.08856898756316353
coll_tilt_y = -0.03176987877271939
ech_G = 31.61067274696984
ech_blaze = -74.97707155007417
ech_gamma = 1.1405077901174088
echelle_z = 0.07544998256513971
d_col_trf = -1588.0185850264234
trf_mirror_tilt_x = 0.13864573731920019
trf_mirror_tilt_y = 0.07752293879528752
d_col_grm = -0.009542145791412913
grism_dec_x = 236.43430491267122
grism_dec_y = 0.034240590849242185
grm_tilt_x = -0.015947416396800057
grm_tilt_y = 2.3043720947871815
grm_G = 222.8251859680608
grm_apex = 17.815136416481607
d_grm_cam  = 21.608468888309222
cam_dec_x = -0.3021084680013552
cam_dec_y = 0.25034785084882694
cam_tilt_x = -0.018351088715907682
cam_tilt_y = -0.015019798257553845
d_cam_ff  = -160.4009936621364
ccd_ff_dec_x = -0.0035520898648372205
ccd_ff_dec_y = 0.0001629066603004971
ccd_ff_tilt_x = 0.14601449921057374
ccd_ff_tilt_y = -0.5720183069164607
ccd_ff_tilt_z = 0.1725414679701499
d_ff_ccd  = -4.811200046971182
ccd_dec_x = 0.620640244146027
ccd_dec_y = 5.155301959397346
ccd_defocus = 0.31632866554674793
ccd_tilt_x = 0.007792862310140663
ccd_tilt_y = -0.014017585305602683
ccd_tilt_z = 3.3420111559777723e-06
p = 1.8064545454545451e-06