slit_dec_x_a = -0.181778666534
slit_dec_y_a = -0.18243150017
slit_dec_x_b = 0.14512077562974193
slit_dec_y_b = -0.05510809031835813
slit_defocus = -0.013787482701013244
slit_tilt_x = 1.0541226876818284
slit_tilt_y = -8.55994441741334
slit_tilt_z = -9.026934944040484
d_slit_col = 1594.2903074232688
coll_tilt_x = 0.12144099886559327
coll_tilt_y = -0.02649438852343809
ech_G = 31.614561212442872
ech_blaze = -74.99488242242704
ech_gamma = 1.1556407261485013
echelle_z = 0.05701043401472027
d_col_trf = -1588.0163553724276
trf_mirror_tilt_x = 0.007267745475496412
trf_mirror_tilt_y = 0.15545932871804843
d_col_grm = 0.03563945056073126
grism_dec_x = 236.38318265016858
grism_dec_y = 0.009277902009038757
grm_tilt_x = -0.02350809407694333
grm_tilt_y = 2.325786796171924
grm_G = 222.78406894437606
grm_apex = 17.766532904741315
d_grm_cam  = 21.60470323093009
cam_dec_x = -0.2710343982236817
cam_dec_y = 0.2908841300016891
cam_tilt_x = 0.01240294036353129
cam_tilt_y = 0.00891044106906433
d_cam_ff  = -160.07701360348062
ccd_ff_dec_x = -0.023803008787529292
ccd_ff_dec_y = 0.042088386016854336
ccd_ff_tilt_x = 0.0335464293541041
ccd_ff_tilt_y = -0.5909800609840488
ccd_ff_tilt_z = 0.17191063546360746
d_ff_ccd  = -4.815985628953768
ccd_dec_x = 0.5532945675198898
ccd_dec_y = 5.10762092954791
ccd_defocus = 0.28581777932407065
ccd_tilt_x = 0.03263076654841619
ccd_tilt_y = -0.0021054371164687447
ccd_tilt_z = 4.68831927894322e-06
p = 0.0001