slit_dec_x_a = -0.181778666534
slit_dec_y_a = -0.18243150017
slit_dec_x_b = 0.14512077562974193
slit_dec_y_b = -0.05510809031835813
slit_defocus = -0.002213320800920663
slit_tilt_x = 1.134695244832203
slit_tilt_y = -8.568221839344785
slit_tilt_z = -9.003646925526178
d_slit_col = 1594.3039072767162
coll_tilt_x = 0.08643162170051098
coll_tilt_y = -0.02207884025837684
ech_G = 31.61087153414774
ech_blaze = -74.99547928302145
ech_gamma = 1.1580827238420959
echelle_z = 0.05739409681767434
d_col_trf = -1588.0163752034834
trf_mirror_tilt_x = 0.12252725518645009
trf_mirror_tilt_y = 0.01868522943974119
d_col_grm = 0.015036729530603683
grism_dec_x = 236.39747788527598
grism_dec_y = -0.005015735546150158
grm_tilt_x = -0.024736489052533193
grm_tilt_y = 2.3272831399341922
grm_G = 222.7857865634926
grm_apex = 17.809164161496895
d_grm_cam  = 21.604306397637036
cam_dec_x = -0.2836121799512491
cam_dec_y = 0.2897156238398924
cam_tilt_x = 0.004334816095956638
cam_tilt_y = -0.02779522288004779
d_cam_ff  = -160.56968715518724
ccd_ff_dec_x = -0.022776646914620773
ccd_ff_dec_y = -0.04780250716861523
ccd_ff_tilt_x = 0.1650458317517354
ccd_ff_tilt_y = -0.5897496217472582
ccd_ff_tilt_z = 0.17168174003554645
d_ff_ccd  = -4.785364841483911
ccd_dec_x = 0.5519868181686732
ccd_dec_y = 5.106200447555051
ccd_defocus = 0.3157746747750041
ccd_tilt_x = 0.02137476754394802
ccd_tilt_y = -0.004211830661383915
ccd_tilt_z = 3.7684134653275677e-07
p = 3.6195833333333333e-06