slit_dec_x_a = -0.17042458841670627
slit_dec_y_a = -0.19606551447513787
slit_dec_x_b = 0.175
slit_dec_y_b = -1.918360316677761e-96
slit_defocus = 0.0055653574157999
slit_tilt_x = 1.1861434262409118
slit_tilt_y = -8.539998063267577
slit_tilt_z = -8.990836734230207
d_slit_col = 1594.2944578640124
coll_tilt_x = 0.08876130216912523
coll_tilt_y = -0.03176055594117185
ech_G = 31.61065829447464
ech_blaze = -74.97682551559673
ech_gamma = 1.1405085620997781
echelle_z = 0.07484234193238125
d_col_trf = -1588.0185480576006
trf_mirror_tilt_x = 0.13864370066519172
trf_mirror_tilt_y = 0.07758911411205716
d_col_grm = -0.009545931535785762
grism_dec_x = 236.43433269175378
grism_dec_y = 0.03419609412920324
grm_tilt_x = -0.015644545531374305
grm_tilt_y = 2.3043757286863733
grm_G = 222.82519587842876
grm_apex = 17.815107530674858
d_grm_cam  = 21.60847064484355
cam_dec_x = -0.30215133665762556
cam_dec_y = 0.25036407235634583
cam_tilt_x = -0.018579341654089965
cam_tilt_y = -0.015028161783193305
d_cam_ff  = -160.40094562113015
ccd_ff_dec_x = -0.0034983008044238584
ccd_ff_dec_y = 0.00018017096932354158
ccd_ff_tilt_x = 0.14603895247048113
ccd_ff_tilt_y = -0.5720794730724584
ccd_ff_tilt_z = 0.17258592604711478
d_ff_ccd  = -4.811248328319412
ccd_dec_x = 0.620679726144697
ccd_dec_y = 5.155296794303243
ccd_defocus = 0.3162934436897004
ccd_tilt_x = 0.007752811651002641
ccd_tilt_y = -0.014058145872257758
ccd_tilt_z = 3.1751036739298626e-06
p = 3.6195833333333333e-06