slit_dec_x_a = -0.181778666534
slit_dec_y_a = -0.18243150017
slit_dec_x_b = 0.14512077562974193
slit_dec_y_b = -0.05510809031835813
slit_defocus = -0.0137547466226913
slit_tilt_x = 1.0540008164897088
slit_tilt_y = -8.560000911381454
slit_tilt_z = -9.026853270165036
d_slit_col = 1594.2903252266947
coll_tilt_x = 0.12145372115686973
coll_tilt_y = -0.026457284284812446
ech_G = 31.614566973745656
ech_blaze = -74.9948839081059
ech_gamma = 1.1556352330803654
echelle_z = 0.05699938863434558
d_col_trf = -1588.0163652979345
trf_mirror_tilt_x = 0.007287801976275808
trf_mirror_tilt_y = 0.15539695620079816
d_col_grm = 0.0356308534215407
grism_dec_x = 236.38318099153432
grism_dec_y = 0.009271668895250903
grm_tilt_x = -0.02351657349830579
grm_tilt_y = 2.3257897160181944
grm_G = 222.78407659136877
grm_apex = 17.766554482264834
d_grm_cam  = 21.604699075142516
cam_dec_x = -0.2711153606939802
cam_dec_y = 0.29089594160266036
cam_tilt_x = 0.012467630389136555
cam_tilt_y = 0.008812604301643098
d_cam_ff  = -160.07713818543462
ccd_ff_dec_x = -0.0238025380048602
ccd_ff_dec_y = 0.042070038034572765
ccd_ff_tilt_x = 0.03345049024180062
ccd_ff_tilt_y = -0.5909775526993911
ccd_ff_tilt_z = 0.17193234567395307
d_ff_ccd  = -4.815944935369611
ccd_dec_x = 0.55329694250192
ccd_dec_y = 5.107629243208997
ccd_defocus = 0.2857471152158507
ccd_tilt_x = 0.03264519851062046
ccd_tilt_y = -0.0021192693540295873
ccd_tilt_z = 4.6820485857389894e-06
p = 0.0001