slit_dec_x_a = -0.1704010755187174
slit_dec_y_a = -0.1956586180351446
slit_dec_x_b = 0.175
slit_dec_y_b = -1.842783463330353e-96
slit_defocus = 0.021484297288316658
slit_tilt_x = 1.1139947343246244
slit_tilt_y = -8.538452201924793
slit_tilt_z = -8.99166958817272
d_slit_col = 1594.3100037236925
coll_tilt_x = 0.11318483827588396
coll_tilt_y = -0.028860646028945863
ech_G = 31.613232301760203
ech_blaze = -74.97483145899817
ech_gamma = 1.1389818273076233
echelle_z = 0.07477312581327343
d_col_trf = -1588.0172299206613
trf_mirror_tilt_x = 0.026256532396402757
trf_mirror_tilt_y = 0.16220468050856607
d_col_grm = -0.004893568252979848
grism_dec_x = 236.42330604526154
grism_dec_y = 0.038173988148246366
grm_tilt_x = -0.014054429500513015
grm_tilt_y = 2.3052792515788987
grm_G = 222.82400269339777
grm_apex = 17.79105553252698
d_grm_cam  = 21.60981956747058
cam_dec_x = -0.30953651845451274
cam_dec_y = 0.2472869087534281
cam_tilt_x = -0.011044552335310792
cam_tilt_y = 0.00374253420143715
d_cam_ff  = -160.0573272937745
ccd_ff_dec_x = -0.0026027575860390235
ccd_ff_dec_y = 0.05307619295171453
ccd_ff_tilt_x = 0.01951815073643336
ccd_ff_tilt_y = -0.57280076311476
ccd_ff_tilt_z = 0.1800531035565217
d_ff_ccd  = -4.838858320044254
ccd_dec_x = 0.6214048683821911
ccd_dec_y = 5.157145867901319
ccd_defocus = 0.2806265149687824
ccd_tilt_x = 0.005050924762856283
ccd_tilt_y = -0.010903203965359955
ccd_tilt_z = 5.122292802818864e-06
p = 0.0001