slit_dec_x_a = -0.17037254341071678
slit_dec_y_a = -0.19571856170195875
slit_dec_x_b = 0.175
slit_dec_y_b = -2.5107483797635528e-96
slit_defocus = 0.005544903265693317
slit_tilt_x = 1.1861229812491842
slit_tilt_y = -8.540130837709022
slit_tilt_z = -8.990828178563856
d_slit_col = 1594.2944688544428
coll_tilt_x = 0.08857170057947097
coll_tilt_y = -0.031794951253697454
ech_G = 31.610680703783988
ech_blaze = -74.9772078401323
ech_gamma = 1.140493787493602
echelle_z = 0.07545342205542313
d_col_trf = -1588.0186060113776
trf_mirror_tilt_x = 0.13866550411252804
trf_mirror_tilt_y = 0.07755541235057753
d_col_grm = -0.009529690163267589
grism_dec_x = 236.43435161712895
grism_dec_y = 0.0342452153142314
grm_tilt_x = -0.015770550014903958
grm_tilt_y = 2.304372909890513
grm_G = 222.82519295236884
grm_apex = 17.815125502077084
d_grm_cam  = 21.608473844754762
cam_dec_x = -0.30213029278161435
cam_dec_y = 0.25033561868063176
cam_tilt_x = -0.018356111305598683
cam_tilt_y = -0.015023402850819673
d_cam_ff  = -160.40098824381758
ccd_ff_dec_x = -0.0035469826792344536
ccd_ff_dec_y = 0.0001628778492967751
ccd_ff_tilt_x = 0.14600814589889027
ccd_ff_tilt_y = -0.572036999640149
ccd_ff_tilt_z = 0.17252487857117058
d_ff_ccd  = -4.811230964607746
ccd_dec_x = 0.6206424656736055
ccd_dec_y = 5.155283136016603
ccd_defocus = 0.3163317692254319
ccd_tilt_x = 0.007800476453328334
ccd_tilt_y = -0.014009058264265711
ccd_tilt_z = 3.3577846931486963e-06
p = 3.0878333333333333e-06