slit_dec_x_a = -0.17045204529417587
slit_dec_y_a = -0.19609889028992908
slit_dec_x_b = 0.175
slit_dec_y_b = -1.821023129639894e-96
slit_defocus = 0.005574781545911769
slit_tilt_x = 1.186134232773815
slit_tilt_y = -8.540012396469834
slit_tilt_z = -8.990850894461545
d_slit_col = 1594.2944351393332
coll_tilt_x = 0.08874436542386417
coll_tilt_y = -0.03176876415168099
ech_G = 31.6106894317202
ech_blaze = -74.97708202050018
ech_gamma = 1.1404893065759663
echelle_z = 0.07497773816980619
d_col_trf = -1588.0185644565395
trf_mirror_tilt_x = 0.13871268048750635
trf_mirror_tilt_y = 0.07758328033227758
d_col_grm = -0.0095167426464195
grism_dec_x = 236.4342660093687
grism_dec_y = 0.03424582322124834
grm_tilt_x = -0.015806318023804538
grm_tilt_y = 2.304365914026112
grm_G = 222.825160710113
grm_apex = 17.815116344864023
d_grm_cam  = 21.608491830988324
cam_dec_x = -0.30210558376184843
cam_dec_y = 0.25037892196183936
cam_tilt_x = -0.018363711354998542
cam_tilt_y = -0.015033924840932215
d_cam_ff  = -160.40095363748645
ccd_ff_dec_x = -0.003544113006343446
ccd_ff_dec_y = 0.00014783386674279138
ccd_ff_tilt_x = 0.14600972442411358
ccd_ff_tilt_y = -0.572088458638545
ccd_ff_tilt_z = 0.17255287576731637
d_ff_ccd  = -4.811240931423255
ccd_dec_x = 0.6206665856516739
ccd_dec_y = 5.155261877404811
ccd_defocus = 0.3163315737014275
ccd_tilt_x = 0.0077634366260449904
ccd_tilt_y = -0.01399809219954395
ccd_tilt_z = 3.2218092339247865e-06
p = 1.9643636363636363e-06