slit_dec_x_a = -0.181778666534
slit_dec_y_a = -0.18243150017
slit_dec_x_b = 0.14512077562974193
slit_dec_y_b = -0.05510809031835813
slit_defocus = -0.0022043235970269754
slit_tilt_x = 1.1346960239569364
slit_tilt_y = -8.568300557414082
slit_tilt_z = -9.003627415184631
d_slit_col = 1594.3039233687155
coll_tilt_x = 0.08643091718605057
coll_tilt_y = -0.022045950999985516
ech_G = 31.61090124171075
ech_blaze = -74.99565436156426
ech_gamma = 1.1581742920977933
echelle_z = 0.057149091214943146
d_col_trf = -1588.0162419667436
trf_mirror_tilt_x = 0.12250648792004025
trf_mirror_tilt_y = 0.018698567637262953
d_col_grm = 0.015000558744268266
grism_dec_x = 236.39749459325765
grism_dec_y = -0.005063152310850548
grm_tilt_x = -0.02480157456976575
grm_tilt_y = 2.327428472749113
grm_G = 222.78573086829218
grm_apex = 17.80915885879239
d_grm_cam  = 21.60453591329643
cam_dec_x = -0.2836281100481908
cam_dec_y = 0.28970837870223354
cam_tilt_x = 0.004362930534745948
cam_tilt_y = -0.027807814964438134
d_cam_ff  = -160.56962601017824
ccd_ff_dec_x = -0.023003077562547238
ccd_ff_dec_y = -0.04776923492436569
ccd_ff_tilt_x = 0.16503508359433336
ccd_ff_tilt_y = -0.5896589334787737
ccd_ff_tilt_z = 0.1718868980502089
d_ff_ccd  = -4.785361557940437
ccd_dec_x = 0.5519331617674699
ccd_dec_y = 5.106499448104434
ccd_defocus = 0.3158184925672118
ccd_tilt_x = 0.021421171480801884
ccd_tilt_y = -0.004189292744142637
ccd_tilt_z = 2.8997673997299017e-07
p = 1.9643636363636363e-06