slit_dec_x_a = -0.1704485595197105
slit_dec_y_a = -0.1959266151019883
slit_dec_x_b = 0.175
slit_dec_y_b = -2.013633370582079e-96
slit_defocus = 0.005554770461095827
slit_tilt_x = 1.1860984302196158
slit_tilt_y = -8.540000285177594
slit_tilt_z = -8.99084803093705
d_slit_col = 1594.2944599010718
coll_tilt_x = 0.08869951978751862
coll_tilt_y = -0.031756690659851615
ech_G = 31.610682454950506
ech_blaze = -74.97695435682641
ech_gamma = 1.1404643761345379
echelle_z = 0.07478397477242991
d_col_trf = -1588.0185696056858
trf_mirror_tilt_x = 0.1386709698178481
trf_mirror_tilt_y = 0.07758827544674421
d_col_grm = -0.009553739735379336
grism_dec_x = 236.434310700856
grism_dec_y = 0.03423607829504881
grm_tilt_x = -0.015689143108371145
grm_tilt_y = 2.3043936658795445
grm_G = 222.82517243640618
grm_apex = 17.815118032164204
d_grm_cam  = 21.60848112215933
cam_dec_x = -0.3021624803765493
cam_dec_y = 0.25036070080237266
cam_tilt_x = -0.018622256678193765
cam_tilt_y = -0.015039789350058804
d_cam_ff  = -160.40097272962635
ccd_ff_dec_x = -0.003528589246435858
ccd_ff_dec_y = 0.0001714139683417761
ccd_ff_tilt_x = 0.14602250599264388
ccd_ff_tilt_y = -0.5720937610458314
ccd_ff_tilt_z = 0.17260410436139872
d_ff_ccd  = -4.8112314294107925
ccd_dec_x = 0.6207032355681616
ccd_dec_y = 5.155291444423978
ccd_defocus = 0.3163040431918123
ccd_tilt_x = 0.007741601270190718
ccd_tilt_y = -0.014008032215173185
ccd_tilt_z = 3.1377191098157645e-06
p = 1.1295454545454544e-05