slit_dec_x_a = -0.181778666534
slit_dec_y_a = -0.18243150017
slit_dec_x_b = 0.14512077562974193
slit_dec_y_b = -0.05510809031835813
slit_defocus = -0.002191565202438962
slit_tilt_x = 1.134703047998421
slit_tilt_y = -8.568285426539749
slit_tilt_z = -9.003607011670363
d_slit_col = 1594.3039267350912
coll_tilt_x = 0.08640590141178628
coll_tilt_y = -0.0220382394686541
ech_G = 31.610914283665537
ech_blaze = -74.9957285468317
ech_gamma = 1.1581668003452148
echelle_z = 0.05718195867216067
d_col_trf = -1588.0162084861895
trf_mirror_tilt_x = 0.12252785539407776
trf_mirror_tilt_y = 0.018661640814726255
d_col_grm = 0.015013666180845103
grism_dec_x = 236.39748956940528
grism_dec_y = -0.005022734731145915
grm_tilt_x = -0.024739129731105272
grm_tilt_y = 2.3274066637028206
grm_G = 222.78576542233932
grm_apex = 17.80915382090767
d_grm_cam  = 21.604463151586934
cam_dec_x = -0.283603046332543
cam_dec_y = 0.28970932799305277
cam_tilt_x = 0.004329895780530268
cam_tilt_y = -0.02778442464381873
d_cam_ff  = -160.56968146922657
ccd_ff_dec_x = -0.022748813665623997
ccd_ff_dec_y = -0.047785443336006816
ccd_ff_tilt_x = 0.165036792743878
ccd_ff_tilt_y = -0.5895632832953821
ccd_ff_tilt_z = 0.1718324683163556
d_ff_ccd  = -4.785376869263726
ccd_dec_x = 0.5519270092348824
ccd_dec_y = 5.1063545669038
ccd_defocus = 0.31579791058581735
ccd_tilt_x = 0.021385939266865318
ccd_tilt_y = -0.00420372583455701
ccd_tilt_z = 2.7731013028745676e-07
p = 1.1295454545454544e-05