slit_dec_x_a = -0.1704010755187174
slit_dec_y_a = -0.1956586180351446
slit_dec_x_b = 0.175
slit_dec_y_b = -1.906009055858007e-96
slit_defocus = 0.021405711509683543
slit_tilt_x = 1.1139614851702713
slit_tilt_y = -8.538463365724038
slit_tilt_z = -8.991724820558055
d_slit_col = 1594.3099463743122
coll_tilt_x = 0.11318166623795531
coll_tilt_y = -0.02888841927766346
ech_G = 31.613223300849473
ech_blaze = -74.97483120425504
ech_gamma = 1.138971870338829
echelle_z = 0.07477455097398038
d_col_trf = -1588.0172305415124
trf_mirror_tilt_x = 0.02630566280375526
trf_mirror_tilt_y = 0.1622204469248189
d_col_grm = -0.004805501097379185
grism_dec_x = 236.4233523418403
grism_dec_y = 0.03819348538097347
grm_tilt_x = -0.014056080640051406
grm_tilt_y = 2.3052791236288273
grm_G = 222.82400159374797
grm_apex = 17.791039311265852
d_grm_cam  = 21.609814036905426
cam_dec_x = -0.3095678846500373
cam_dec_y = 0.24725437231728462
cam_tilt_x = -0.011075625424031517
cam_tilt_y = 0.003823288979329014
d_cam_ff  = -160.0576134408445
ccd_ff_dec_x = -0.0026010474076624567
ccd_ff_dec_y = 0.053050894620234074
ccd_ff_tilt_x = 0.01954961581987287
ccd_ff_tilt_y = -0.5728049722582642
ccd_ff_tilt_z = 0.18005605401338248
d_ff_ccd  = -4.838958982212049
ccd_dec_x = 0.6214030252647332
ccd_dec_y = 5.157149885280237
ccd_defocus = 0.2807404134957075
ccd_tilt_x = 0.005041665352647445
ccd_tilt_y = -0.010889289657756396
ccd_tilt_z = 5.061098165001908e-06
p = 0.0001