slit_dec_x_a = -0.17039641045774206
slit_dec_y_a = -0.19591669466335412
slit_dec_x_b = 0.175
slit_dec_y_b = -1.5543812116191283e-96
slit_defocus = 0.005588551327724403
slit_tilt_x = 1.1861799173300422
slit_tilt_y = -8.540031338114943
slit_tilt_z = -8.990848554379694
d_slit_col = 1594.294449602892
coll_tilt_x = 0.08878248897707616
coll_tilt_y = -0.03185679151162994
ech_G = 31.61067272704582
ech_blaze = -74.9768889140919
ech_gamma = 1.1403837574208575
echelle_z = 0.0747626107758641
d_col_trf = -1588.0185359093514
trf_mirror_tilt_x = 0.13867613221439304
trf_mirror_tilt_y = 0.07753231969507307
d_col_grm = -0.00952385127817494
grism_dec_x = 236.43431946822457
grism_dec_y = 0.034165519036446705
grm_tilt_x = -0.015867316281356986
grm_tilt_y = 2.304344907708912
grm_G = 222.82517670116098
grm_apex = 17.81513011726712
d_grm_cam  = 21.608484869707603
cam_dec_x = -0.3021190186775381
cam_dec_y = 0.25032447456296175
cam_tilt_x = -0.018466875227289035
cam_tilt_y = -0.015046110702982776
d_cam_ff  = -160.40093194912237
ccd_ff_dec_x = -0.003533978824003403
ccd_ff_dec_y = 0.00022856306910625326
ccd_ff_tilt_x = 0.1460353918163921
ccd_ff_tilt_y = -0.5720626684417381
ccd_ff_tilt_z = 0.17256914615752775
d_ff_ccd  = -4.811260768238504
ccd_dec_x = 0.6206897778788162
ccd_dec_y = 5.155322713326051
ccd_defocus = 0.31632418348601454
ccd_tilt_x = 0.007705288254360995
ccd_tilt_y = -0.014105537195248432
ccd_tilt_z = 3.1326395599866247e-06
p = 1.953e-05