slit_dec_x_a = -0.181778666534
slit_dec_y_a = -0.18243150017
slit_dec_x_b = 0.14512077562974193
slit_dec_y_b = -0.05510809031835813
slit_defocus = -0.0022000592832151383
slit_tilt_x = 1.134690640854711
slit_tilt_y = -8.568236024428526
slit_tilt_z = -9.0036725493753
d_slit_col = 1594.3039551510321
coll_tilt_x = 0.08643992020714449
coll_tilt_y = -0.02203954588891451
ech_G = 31.610875583558045
ech_blaze = -74.99552363729936
ech_gamma = 1.1581437257496674
echelle_z = 0.05750946156268484
d_col_trf = -1588.016276220467
trf_mirror_tilt_x = 0.12254606092932994
trf_mirror_tilt_y = 0.018672912030877408
d_col_grm = 0.015057720495186559
grism_dec_x = 236.3974739495365
grism_dec_y = -0.005036680263342994
grm_tilt_x = -0.02473364942916989
grm_tilt_y = 2.3273417900084095
grm_G = 222.7857635373532
grm_apex = 17.809215368929976
d_grm_cam  = 21.60434049217839
cam_dec_x = -0.2835764557102295
cam_dec_y = 0.2897591638453619
cam_tilt_x = 0.004330060802640551
cam_tilt_y = -0.027815334713721333
d_cam_ff  = -160.56980607762424
ccd_ff_dec_x = -0.02272005391064984
ccd_ff_dec_y = -0.047791848477972514
ccd_ff_tilt_x = 0.16502694349640837
ccd_ff_tilt_y = -0.5896871018030797
ccd_ff_tilt_z = 0.17172237981579222
d_ff_ccd  = -4.7854051076092725
ccd_dec_x = 0.5519343634241467
ccd_dec_y = 5.106162481255084
ccd_defocus = 0.31575064912624273
ccd_tilt_x = 0.02133052628213041
ccd_tilt_y = -0.004225987164169513
ccd_tilt_z = 4.220093202444482e-07
p = 1.953e-05