slit_dec_x_a = -0.181778666534
slit_dec_y_a = -0.18243150017
slit_dec_x_b = 0.14512077562974193
slit_dec_y_b = -0.05510809031835813
slit_defocus = -0.013721143334377359
slit_tilt_x = 1.0540435135262574
slit_tilt_y = -8.559886317733417
slit_tilt_z = -9.026922804328365
d_slit_col = 1594.290302650618
coll_tilt_x = 0.12143967366281917
coll_tilt_y = -0.026548161564938888
ech_G = 31.614558482451624
ech_blaze = -74.99489113483128
ech_gamma = 1.1556397812961292
echelle_z = 0.057000376653694944
d_col_trf = -1588.0163615582999
trf_mirror_tilt_x = 0.007297090162420524
trf_mirror_tilt_y = 0.15541794589195115
d_col_grm = 0.0356468988755077
grism_dec_x = 236.38318790183857
grism_dec_y = 0.009230914683812964
grm_tilt_x = -0.02350286604790834
grm_tilt_y = 2.3257843224604287
grm_G = 222.78406468306102
grm_apex = 17.766504979475375
d_grm_cam  = 21.60470035406439
cam_dec_x = -0.2711408595720497
cam_dec_y = 0.2909064924567976
cam_tilt_x = 0.012423428512563757
cam_tilt_y = 0.008779108166930723
d_cam_ff  = -160.0772505418551
ccd_ff_dec_x = -0.02380979425514712
ccd_ff_dec_y = 0.042006266523587445
ccd_ff_tilt_x = 0.03348505647974895
ccd_ff_tilt_y = -0.5909813455113858
ccd_ff_tilt_z = 0.1719138780346528
d_ff_ccd  = -4.815953312119816
ccd_dec_x = 0.5532983521593849
ccd_dec_y = 5.107637811223338
ccd_defocus = 0.2857938598028805
ccd_tilt_x = 0.03257555144753201
ccd_tilt_y = -0.0021845798881115356
ccd_tilt_z = 4.680620926969123e-06
p = 0.0001