slit_dec_x_a = -0.17041051446514976
slit_dec_y_a = -0.19597430731187554
slit_dec_x_b = 0.175
slit_dec_y_b = -1.7557277654691074e-96
slit_defocus = 0.005568859627571723
slit_tilt_x = 1.1861506963329975
slit_tilt_y = -8.540011642074512
slit_tilt_z = -8.990845931455866
d_slit_col = 1594.2944604813026
coll_tilt_x = 0.088771796437735
coll_tilt_y = -0.03182134968161117
ech_G = 31.610653466714144
ech_blaze = -74.97675026770695
ech_gamma = 1.14044244362866
echelle_z = 0.0747636545105563
d_col_trf = -1588.0185370599959
trf_mirror_tilt_x = 0.13866165031218106
trf_mirror_tilt_y = 0.07758504434290128
d_col_grm = -0.009566410220698592
grism_dec_x = 236.43432034725288
grism_dec_y = 0.03419548665345248
grm_tilt_x = -0.015706183585515218
grm_tilt_y = 2.3043714905596566
grm_G = 222.82518629647086
grm_apex = 17.81512710749149
d_grm_cam  = 21.60843800228824
cam_dec_x = -0.3021536410597076
cam_dec_y = 0.25033076111288655
cam_tilt_x = -0.018626353431897703
cam_tilt_y = -0.015043695762191108
d_cam_ff  = -160.40093546585064
ccd_ff_dec_x = -0.003499107459974802
ccd_ff_dec_y = 0.0001851098584061917
ccd_ff_tilt_x = 0.1460338841283941
ccd_ff_tilt_y = -0.5720437518626651
ccd_ff_tilt_z = 0.17258775618352912
d_ff_ccd  = -4.811258117997724
ccd_dec_x = 0.6206874145500144
ccd_dec_y = 5.155309156380545
ccd_defocus = 0.31632375471462265
ccd_tilt_x = 0.007727213066946071
ccd_tilt_y = -0.014071111769336854
ccd_tilt_z = 3.1143342267764584e-06
p = 1.6845454545454545e-06