slit_dec_x_a = -0.1704010755187174
slit_dec_y_a = -0.1956586180351446
slit_dec_x_b = 0.175
slit_dec_y_b = -1.7558939809357876e-96
slit_defocus = 0.021372199088639642
slit_tilt_x = 1.114016358950466
slit_tilt_y = -8.538496111733656
slit_tilt_z = -8.991581841612934
d_slit_col = 1594.3099840615098
coll_tilt_x = 0.1131636342517942
coll_tilt_y = -0.028882829172187253
ech_G = 31.613229844500147
ech_blaze = -74.97483365000495
ech_gamma = 1.1389728144673006
echelle_z = 0.07477299839550718
d_col_trf = -1588.0172343467211
trf_mirror_tilt_x = 0.02627652064385989
trf_mirror_tilt_y = 0.16224084398800886
d_col_grm = -0.00484491888656448
grism_dec_x = 236.42330172182236
grism_dec_y = 0.03815895192302746
grm_tilt_x = -0.014058156882034295
grm_tilt_y = 2.3052847512487937
grm_G = 222.82399973611516
grm_apex = 17.791042840821657
d_grm_cam  = 21.609822338029733
cam_dec_x = -0.3094625392280372
cam_dec_y = 0.2472247002858451
cam_tilt_x = -0.011090783220254176
cam_tilt_y = 0.0037880836163966497
d_cam_ff  = -160.05727945794143
ccd_ff_dec_x = -0.002600691026831197
ccd_ff_dec_y = 0.05303462080592103
ccd_ff_tilt_x = 0.019569805451635804
ccd_ff_tilt_y = -0.5728073481395967
ccd_ff_tilt_z = 0.1800543468186336
d_ff_ccd  = -4.838962411121464
ccd_dec_x = 0.6214001492907459
ccd_dec_y = 5.1571510954653315
ccd_defocus = 0.28070164156115157
ccd_tilt_x = 0.005091267063449831
ccd_tilt_y = -0.010890976746541976
ccd_tilt_z = 5.038771560160335e-06
p = 0.0001