slit_dec_x_a = -0.17042400450424822
slit_dec_y_a = -0.1960516382026558
slit_dec_x_b = 0.175
slit_dec_y_b = -2.212222948760298e-96
slit_defocus = 0.005555386171481237
slit_tilt_x = 1.1861198335328387
slit_tilt_y = -8.540011064140321
slit_tilt_z = -8.990853447833075
d_slit_col = 1594.2944684068502
coll_tilt_x = 0.08879302689607395
coll_tilt_y = -0.031725894623887196
ech_G = 31.61066634795156
ech_blaze = -74.97680921401646
ech_gamma = 1.1405392724778383
echelle_z = 0.07483223853980109
d_col_trf = -1588.01855334822
trf_mirror_tilt_x = 0.13865656686134445
trf_mirror_tilt_y = 0.07758980859411956
d_col_grm = -0.00954546078036141
grism_dec_x = 236.43432520825297
grism_dec_y = 0.03420720323626862
grm_tilt_x = -0.015642522168285693
grm_tilt_y = 2.3043690943784005
grm_G = 222.8251921417808
grm_apex = 17.815110764405766
d_grm_cam  = 21.608479779961097
cam_dec_x = -0.30214980071596387
cam_dec_y = 0.25035396978646707
cam_tilt_x = -0.018591907838363963
cam_tilt_y = -0.015048966397813262
d_cam_ff  = -160.40095416135782
ccd_ff_dec_x = -0.0035101374175289636
ccd_ff_dec_y = 0.00018303770731935035
ccd_ff_tilt_x = 0.14603695191458488
ccd_ff_tilt_y = -0.5720832558549014
ccd_ff_tilt_z = 0.17260076153022075
d_ff_ccd  = -4.8112502476007455
ccd_dec_x = 0.6206925750510085
ccd_dec_y = 5.155286812987392
ccd_defocus = 0.31631110774191507
ccd_tilt_x = 0.007740052887693093
ccd_tilt_y = -0.014042304127685135
ccd_tilt_z = 3.152166551166101e-06
p = 5.860363636363638e-06