slit_dec_x_a = -0.181778666534
slit_dec_y_a = -0.18243150017
slit_dec_x_b = 0.14512077562974193
slit_dec_y_b = -0.05510809031835813
slit_defocus = -0.013736522028487526
slit_tilt_x = 1.0541454090474893
slit_tilt_y = -8.559872978567187
slit_tilt_z = -9.026840695854053
d_slit_col = 1594.2902487506183
coll_tilt_x = 0.12146990220990919
coll_tilt_y = -0.02645066874904265
ech_G = 31.61455972964141
ech_blaze = -74.9948840847368
ech_gamma = 1.1556327428203832
echelle_z = 0.05700150488985935
d_col_trf = -1588.016356840754
trf_mirror_tilt_x = 0.007304436022667322
trf_mirror_tilt_y = 0.155450732640107
d_col_grm = 0.035641457760407246
grism_dec_x = 236.3832221098673
grism_dec_y = 0.009282695255116429
grm_tilt_x = -0.02351352440266831
grm_tilt_y = 2.32579319545097
grm_G = 222.78406382425186
grm_apex = 17.76651473587811
d_grm_cam  = 21.604699176706102
cam_dec_x = -0.2710981078825836
cam_dec_y = 0.2909265402134132
cam_tilt_x = 0.012422914256417183
cam_tilt_y = 0.008868143609413343
d_cam_ff  = -160.0770589141174
ccd_ff_dec_x = -0.023801537791119726
ccd_ff_dec_y = 0.04201874878889552
ccd_ff_tilt_x = 0.033511967719893336
ccd_ff_tilt_y = -0.5909774487628527
ccd_ff_tilt_z = 0.1719220390089533
d_ff_ccd  = -4.815968796812215
ccd_dec_x = 0.5532969040729824
ccd_dec_y = 5.107632828821658
ccd_defocus = 0.2857700157446732
ccd_tilt_x = 0.03259441041251851
ccd_tilt_y = -0.0021568464859547023
ccd_tilt_z = 4.6710079595892076e-06
p = 0.0001