slit_dec_x_a = -0.1703886018462181
slit_dec_y_a = -0.19587978061174297
slit_dec_x_b = 0.175
slit_dec_y_b = -1.5352202879564362e-96
slit_defocus = 0.005590384083148776
slit_tilt_x = 1.186131295602674
slit_tilt_y = -8.54003096414461
slit_tilt_z = -8.990844442064859
d_slit_col = 1594.2944652067818
coll_tilt_x = 0.08873713727149087
coll_tilt_y = -0.03183938986702948
ech_G = 31.610653585923487
ech_blaze = -74.97683927825874
ech_gamma = 1.1403433081107934
echelle_z = 0.07478899694933125
d_col_trf = -1588.018547519679
trf_mirror_tilt_x = 0.13865917811506404
trf_mirror_tilt_y = 0.07751843572657008
d_col_grm = -0.009535985782910572
grism_dec_x = 236.43432044865804
grism_dec_y = 0.03417845388256957
grm_tilt_x = -0.01580959286165808
grm_tilt_y = 2.3043833565226937
grm_G = 222.82516068842327
grm_apex = 17.815127632943803
d_grm_cam  = 21.608484324251346
cam_dec_x = -0.3021224623717126
cam_dec_y = 0.2503268884368072
cam_tilt_x = -0.01847566117855038
cam_tilt_y = -0.01508843492842713
d_cam_ff  = -160.4009653586552
ccd_ff_dec_x = -0.003527234662230055
ccd_ff_dec_y = 0.00024051357278837156
ccd_ff_tilt_x = 0.14604120539364873
ccd_ff_tilt_y = -0.5720775613691959
ccd_ff_tilt_z = 0.17257092942438462
d_ff_ccd  = -4.811253799086233
ccd_dec_x = 0.6206584376378693
ccd_dec_y = 5.155300042969745
ccd_defocus = 0.31629975268184574
ccd_tilt_x = 0.007723841968028604
ccd_tilt_y = -0.014102515108670164
ccd_tilt_z = 3.1505940644577286e-06
p = 1.8016666666666666e-05