slit_dec_x_a = -0.181778666534
slit_dec_y_a = -0.18243150017
slit_dec_x_b = 0.14512077562974193
slit_dec_y_b = -0.05510809031835813
slit_defocus = -0.002199647388731696
slit_tilt_x = 1.134675179602291
slit_tilt_y = -8.568235438495986
slit_tilt_z = -9.003647784499353
d_slit_col = 1594.3039740659744
coll_tilt_x = 0.0864581707483824
coll_tilt_y = -0.022002992881971217
ech_G = 31.610881224253614
ech_blaze = -74.99553166447795
ech_gamma = 1.1581230851346107
echelle_z = 0.057603278172010115
d_col_trf = -1588.0162697350745
trf_mirror_tilt_x = 0.12253622560980292
trf_mirror_tilt_y = 0.018655493624912152
d_col_grm = 0.015075887341737758
grism_dec_x = 236.39746275037388
grism_dec_y = -0.005023845917575816
grm_tilt_x = -0.02478694841262707
grm_tilt_y = 2.3273218562937146
grm_G = 222.7857594165261
grm_apex = 17.80921567937697
d_grm_cam  = 21.60452385297427
cam_dec_x = -0.28357527893269013
cam_dec_y = 0.2897419628812414
cam_tilt_x = 0.004329389007234151
cam_tilt_y = -0.02782862951928872
d_cam_ff  = -160.56982004313073
ccd_ff_dec_x = -0.02282089478805295
ccd_ff_dec_y = -0.0477946120937107
ccd_ff_tilt_x = 0.16503564453233555
ccd_ff_tilt_y = -0.5896817483462797
ccd_ff_tilt_z = 0.17171615541103194
d_ff_ccd  = -4.785422986363448
ccd_dec_x = 0.5518578427671869
ccd_dec_y = 5.1061082254548245
ccd_defocus = 0.31573945339982973
ccd_tilt_x = 0.02134327102782571
ccd_tilt_y = -0.004195371877713158
ccd_tilt_z = 4.0993940678339276e-07
p = 1.8016666666666666e-05