slit_dec_x_a = -0.181778666534
slit_dec_y_a = -0.18243150017
slit_dec_x_b = 0.14512077562974193
slit_dec_y_b = -0.05510809031835813
slit_defocus = -0.013813537327582465
slit_tilt_x = 1.054049262959371
slit_tilt_y = -8.559944934249035
slit_tilt_z = -9.02690308135345
d_slit_col = 1594.2902703222571
coll_tilt_x = 0.12142268997336748
coll_tilt_y = -0.02648303026835616
ech_G = 31.614567933190557
ech_blaze = -74.99488674613703
ech_gamma = 1.155641644528459
echelle_z = 0.05700701881684296
d_col_trf = -1588.0163628732926
trf_mirror_tilt_x = 0.007307501871832644
trf_mirror_tilt_y = 0.1554391852628163
d_col_grm = 0.03563126611636051
grism_dec_x = 236.38317218418806
grism_dec_y = 0.009234412018124352
grm_tilt_x = -0.02350815622008315
grm_tilt_y = 2.3257878645651933
grm_G = 222.78406999314765
grm_apex = 17.766541378213198
d_grm_cam  = 21.604695854436176
cam_dec_x = -0.271104064220504
cam_dec_y = 0.29090190779426406
cam_tilt_x = 0.012421071180442979
cam_tilt_y = 0.008804389710822234
d_cam_ff  = -160.07702175679907
ccd_ff_dec_x = -0.02380384795444433
ccd_ff_dec_y = 0.041947952220263665
ccd_ff_tilt_x = 0.03345470158793113
ccd_ff_tilt_y = -0.5909783274800086
ccd_ff_tilt_z = 0.17191920159443422
d_ff_ccd  = -4.815974298165115
ccd_dec_x = 0.5532975639390666
ccd_dec_y = 5.107632281842565
ccd_defocus = 0.28580001702786334
ccd_tilt_x = 0.03254695361179329
ccd_tilt_y = -0.0021576784866995003
ccd_tilt_z = 4.689344662725568e-06
p = 0.0001