slit_dec_x_a = -0.17038005893905758
slit_dec_y_a = -0.19576774190761909
slit_dec_x_b = 0.175
slit_dec_y_b = -2.6021812875961728e-96
slit_defocus = 0.005526765709764886
slit_tilt_x = 1.1861316318484207
slit_tilt_y = -8.540126330346045
slit_tilt_z = -8.990825325276168
d_slit_col = 1594.2944535395118
coll_tilt_x = 0.08856685711471084
coll_tilt_y = -0.031781823476621195
ech_G = 31.61068476345262
ech_blaze = -74.97715848266522
ech_gamma = 1.1404895213656177
echelle_z = 0.0755083029574988
d_col_trf = -1588.0185963871807
trf_mirror_tilt_x = 0.13864479083406855
trf_mirror_tilt_y = 0.07754649628288994
d_col_grm = -0.00952030466247012
grism_dec_x = 236.43435179854822
grism_dec_y = 0.03425093934212742
grm_tilt_x = -0.01586024909722701
grm_tilt_y = 2.3043711848040993
grm_G = 222.82519824583716
grm_apex = 17.815142270285197
d_grm_cam  = 21.6084837969529
cam_dec_x = -0.3021231013226541
cam_dec_y = 0.25034163623240147
cam_tilt_x = -0.018395373008903693
cam_tilt_y = -0.015031078189620876
d_cam_ff  = -160.40099206711943
ccd_ff_dec_x = -0.0035438204687096193
ccd_ff_dec_y = 0.00016908964728945737
ccd_ff_tilt_x = 0.14602182944919437
ccd_ff_tilt_y = -0.5720331347887706
ccd_ff_tilt_z = 0.17252935179554849
d_ff_ccd  = -4.811220283508507
ccd_dec_x = 0.6206467864784625
ccd_dec_y = 5.155307516482133
ccd_defocus = 0.31632618433436743
ccd_tilt_x = 0.007794896629030636
ccd_tilt_y = -0.014017719325687052
ccd_tilt_z = 3.3707191335369613e-06
p = 2.1815833333333333e-06