slit_dec_x_a = -0.181778666534
slit_dec_y_a = -0.18243150017
slit_dec_x_b = 0.14512077562974193
slit_dec_y_b = -0.05510809031835813
slit_defocus = -0.013803934291743659
slit_tilt_x = 1.0540699956234671
slit_tilt_y = -8.559863685665544
slit_tilt_z = -9.026880903596657
d_slit_col = 1594.2902246113924
coll_tilt_x = 0.1214567205851107
coll_tilt_y = -0.026492158001560198
ech_G = 31.61456464224732
ech_blaze = -74.99488675538252
ech_gamma = 1.155642562135767
echelle_z = 0.05700283374811838
d_col_trf = -1588.0163627717875
trf_mirror_tilt_x = 0.0073409204217082654
trf_mirror_tilt_y = 0.15546656428544653
d_col_grm = 0.035675695075087006
grism_dec_x = 236.38328782102147
grism_dec_y = 0.009224227466415102
grm_tilt_x = -0.02350587011151042
grm_tilt_y = 2.3257912197529462
grm_G = 222.78406751086357
grm_apex = 17.766557033725693
d_grm_cam  = 21.604701450037105
cam_dec_x = -0.27109802185223675
cam_dec_y = 0.2908968923322234
cam_tilt_x = 0.012455651904629078
cam_tilt_y = 0.008847853592068647
d_cam_ff  = -160.07703905413751
ccd_ff_dec_x = -0.02380632825837612
ccd_ff_dec_y = 0.04207855356215452
ccd_ff_tilt_x = 0.03344569615183419
ccd_ff_tilt_y = -0.5909857890944147
ccd_ff_tilt_z = 0.17192394216682408
d_ff_ccd  = -4.816075782646729
ccd_dec_x = 0.5532960531300343
ccd_dec_y = 5.107630978867559
ccd_defocus = 0.2858329030421744
ccd_tilt_x = 0.032579300731435105
ccd_tilt_y = -0.002139963026912486
ccd_tilt_z = 4.682119228754783e-06
p = 0.0001