slit_dec_x_a = -0.181778666534
slit_dec_y_a = -0.18243150017
slit_dec_x_b = 0.14512077562974193
slit_dec_y_b = -0.05510809031835813
slit_defocus = -0.0021887294215472233
slit_tilt_x = 1.134706757408528
slit_tilt_y = -8.568303679201993
slit_tilt_z = -9.003627042015195
d_slit_col = 1594.3039079899945
coll_tilt_x = 0.08643262320671473
coll_tilt_y = -0.022038036566019895
ech_G = 31.610894921381846
ech_blaze = -74.99560269707456
ech_gamma = 1.1582194869832199
echelle_z = 0.057036301231223524
d_col_trf = -1588.0162558128934
trf_mirror_tilt_x = 0.12250569037290461
trf_mirror_tilt_y = 0.0186913421505655
d_col_grm = 0.01497361312796232
grism_dec_x = 236.39748937695185
grism_dec_y = -0.005062081047308932
grm_tilt_x = -0.02474469513299986
grm_tilt_y = 2.3274317713399664
grm_G = 222.78574908946834
grm_apex = 17.809161130209905
d_grm_cam  = 21.604507671524953
cam_dec_x = -0.2836485002618062
cam_dec_y = 0.2897329278858967
cam_tilt_x = 0.00435715974086382
cam_tilt_y = -0.027791150201904466
d_cam_ff  = -160.5694924923539
ccd_ff_dec_x = -0.023058864768156877
ccd_ff_dec_y = -0.04779364711875032
ccd_ff_tilt_x = 0.16503048763070058
ccd_ff_tilt_y = -0.5896316492220921
ccd_ff_tilt_z = 0.1717901067686546
d_ff_ccd  = -4.785367785593538
ccd_dec_x = 0.551893800866895
ccd_dec_y = 5.106615584809976
ccd_defocus = 0.3158442083110855
ccd_tilt_x = 0.02142012124863826
ccd_tilt_y = -0.004225637809929425
ccd_tilt_z = 3.5895289170856596e-07
p = 5.0469090909090905e-06