slit_dec_x_a = -0.1704704474937274
slit_dec_y_a = -0.19608951697118035
slit_dec_x_b = 0.175
slit_dec_y_b = -2.0328328549955744e-96
slit_defocus = 0.00556011480148518
slit_tilt_x = 1.186118711234605
slit_tilt_y = -8.5400298628861
slit_tilt_z = -8.99086949811122
d_slit_col = 1594.2944322076537
coll_tilt_x = 0.08871529477633239
coll_tilt_y = -0.031760238452912065
ech_G = 31.6106914754474
ech_blaze = -74.97719740597059
ech_gamma = 1.1405585971801764
echelle_z = 0.0749312287804129
d_col_trf = -1588.0185611267277
trf_mirror_tilt_x = 0.13870480202741237
trf_mirror_tilt_y = 0.07759867730039322
d_col_grm = -0.009523318688552393
grism_dec_x = 236.4342837064748
grism_dec_y = 0.0342234529015406
grm_tilt_x = -0.015830572372275295
grm_tilt_y = 2.3043755661089356
grm_G = 222.82520099583934
grm_apex = 17.815109591290696
d_grm_cam  = 21.608483176622098
cam_dec_x = -0.3021174323343403
cam_dec_y = 0.25039282489887793
cam_tilt_x = -0.018155600269797092
cam_tilt_y = -0.015016157450509299
d_cam_ff  = -160.40096028875263
ccd_ff_dec_x = -0.0035381901532116574
ccd_ff_dec_y = 0.00014401254848355944
ccd_ff_tilt_x = 0.14596933499786732
ccd_ff_tilt_y = -0.5720606736326869
ccd_ff_tilt_z = 0.1725648460591145
d_ff_ccd  = -4.811230151865372
ccd_dec_x = 0.620646166139332
ccd_dec_y = 5.155249297475599
ccd_defocus = 0.316324681541887
ccd_tilt_x = 0.007749201364437221
ccd_tilt_y = -0.01400480634784181
ccd_tilt_z = 3.2313553668022365e-06
p = 5.0469090909090905e-06