slit_dec_x_a = -0.1704010755187174
slit_dec_y_a = -0.1956586180351446
slit_dec_x_b = 0.175
slit_dec_y_b = -1.8033503782092555e-96
slit_defocus = 0.021363120688696478
slit_tilt_x = 1.1139581089690958
slit_tilt_y = -8.538434368972332
slit_tilt_z = -8.991596771346453
d_slit_col = 1594.3099182981023
coll_tilt_x = 0.11314829354486987
coll_tilt_y = -0.028873950108282278
ech_G = 31.613229532610212
ech_blaze = -74.97483629769748
ech_gamma = 1.1389747801425658
echelle_z = 0.0747722841056316
d_col_trf = -1588.0172374315596
trf_mirror_tilt_x = 0.026313142455877247
trf_mirror_tilt_y = 0.1621733640755919
d_col_grm = -0.004852936660157014
grism_dec_x = 236.42335179383397
grism_dec_y = 0.03815269818847655
grm_tilt_x = -0.014053752607655986
grm_tilt_y = 2.3052770302217613
grm_G = 222.8240062862387
grm_apex = 17.791001318801385
d_grm_cam  = 21.609821821376958
cam_dec_x = -0.30957076668060834
cam_dec_y = 0.2472472736836886
cam_tilt_x = -0.011110582205342763
cam_tilt_y = 0.0038670938024943573
d_cam_ff  = -160.0571940945786
ccd_ff_dec_x = -0.00259507571658062
ccd_ff_dec_y = 0.05302798885512798
ccd_ff_tilt_x = 0.01951960015515368
ccd_ff_tilt_y = -0.5728036114745195
ccd_ff_tilt_z = 0.18005026695401516
d_ff_ccd  = -4.838864827714168
ccd_dec_x = 0.6214043310355076
ccd_dec_y = 5.157151917198448
ccd_defocus = 0.28077105706266214
ccd_tilt_x = 0.004983141190930474
ccd_tilt_y = -0.010927459798410548
ccd_tilt_z = 5.10124774950101e-06
p = 0.0001