slit_dec_x_a = -0.181778666534
slit_dec_y_a = -0.18243150017
slit_dec_x_b = 0.14512077562974193
slit_dec_y_b = -0.05510809031835813
slit_defocus = -0.013799006846719426
slit_tilt_x = 1.0540444450350706
slit_tilt_y = -8.560002618184052
slit_tilt_z = -9.026892591453505
d_slit_col = 1594.290301998491
coll_tilt_x = 0.12139986536771638
coll_tilt_y = -0.02646323569024564
ech_G = 31.61455938498744
ech_blaze = -74.99488812308476
ech_gamma = 1.155638315420722
echelle_z = 0.057004301079067975
d_col_trf = -1588.016368110953
trf_mirror_tilt_x = 0.007282744125651179
trf_mirror_tilt_y = 0.1554182001376473
d_col_grm = 0.035652969788196445
grism_dec_x = 236.38315281952916
grism_dec_y = 0.009236008858491894
grm_tilt_x = -0.0235083734987062
grm_tilt_y = 2.325789160259889
grm_G = 222.78406603173994
grm_apex = 17.76652115457332
d_grm_cam  = 21.604695679415205
cam_dec_x = -0.2711802940406992
cam_dec_y = 0.2909581728341426
cam_tilt_x = 0.012435800138240987
cam_tilt_y = 0.008815856816702381
d_cam_ff  = -160.07719100703503
ccd_ff_dec_x = -0.023810669891175067
ccd_ff_dec_y = 0.04197298454918052
ccd_ff_tilt_x = 0.03344814857958242
ccd_ff_tilt_y = -0.5909710319889111
ccd_ff_tilt_z = 0.17191242256180486
d_ff_ccd  = -4.815936129583242
ccd_dec_x = 0.5533040915900544
ccd_dec_y = 5.107626449535062
ccd_defocus = 0.28582840152365413
ccd_tilt_x = 0.03260168977313258
ccd_tilt_y = -0.0021782235053224115
ccd_tilt_z = 4.683722775712711e-06
p = 0.0001