slit_dec_x_a = -0.17042237040865327
slit_dec_y_a = -0.19599603064773694
slit_dec_x_b = 0.175
slit_dec_y_b = -1.9673881826975993e-96
slit_defocus = 0.005575228222431059
slit_tilt_x = 1.1861257512048824
slit_tilt_y = -8.54000122653868
slit_tilt_z = -8.99085626243887
d_slit_col = 1594.2944223297402
coll_tilt_x = 0.08867453958170418
coll_tilt_y = -0.031798165380673926
ech_G = 31.61068453930424
ech_blaze = -74.97710292064909
ech_gamma = 1.1404352477791535
echelle_z = 0.07492945356874615
d_col_trf = -1588.018555127578
trf_mirror_tilt_x = 0.13869530381684742
trf_mirror_tilt_y = 0.07760692544009468
d_col_grm = -0.009536400209432394
grism_dec_x = 236.4342839343259
grism_dec_y = 0.03424724798605069
grm_tilt_x = -0.01571439500903469
grm_tilt_y = 2.3043691827844572
grm_G = 222.82517439575935
grm_apex = 17.815102756638428
d_grm_cam  = 21.608488973241688
cam_dec_x = -0.3021390214977722
cam_dec_y = 0.2503615755407342
cam_tilt_x = -0.018446619647722744
cam_tilt_y = -0.01502124785084393
d_cam_ff  = -160.40097999640747
ccd_ff_dec_x = -0.003539575572770884
ccd_ff_dec_y = 0.00015782443040665073
ccd_ff_tilt_x = 0.1460099279077458
ccd_ff_tilt_y = -0.5721153592597665
ccd_ff_tilt_z = 0.17257294623714484
d_ff_ccd  = -4.811244978347549
ccd_dec_x = 0.6206726152524958
ccd_dec_y = 5.155288187038054
ccd_defocus = 0.31629941183589994
ccd_tilt_x = 0.007769507997410462
ccd_tilt_y = -0.014024905257771631
ccd_tilt_z = 3.1844111526014435e-06
p = 1.547916666666667e-05