slit_dec_x_a = -0.181778666534
slit_dec_y_a = -0.18243150017
slit_dec_x_b = 0.14512077562974193
slit_dec_y_b = -0.05510809031835813
slit_defocus = -0.0022174807941384113
slit_tilt_x = 1.1346789260985093
slit_tilt_y = -8.568306366650315
slit_tilt_z = -9.003628356563787
d_slit_col = 1594.3039237792632
coll_tilt_x = 0.08643270313329825
coll_tilt_y = -0.022039945622610847
ech_G = 31.610917008037138
ech_blaze = -74.99575299058827
ech_gamma = 1.1581432812616936
echelle_z = 0.057215078449140734
d_col_trf = -1588.016230193825
trf_mirror_tilt_x = 0.12251167820808359
trf_mirror_tilt_y = 0.018685469663171063
d_col_grm = 0.014991562552260907
grism_dec_x = 236.39748284948928
grism_dec_y = -0.005040830618914016
grm_tilt_x = -0.02474939040446655
grm_tilt_y = 2.327442499252493
grm_G = 222.78569637863538
grm_apex = 17.809173348078126
d_grm_cam  = 21.604391168146165
cam_dec_x = -0.2836328766161493
cam_dec_y = 0.2897183847886025
cam_tilt_x = 0.0043483520470071904
cam_tilt_y = -0.027809523034769995
d_cam_ff  = -160.56962683101037
ccd_ff_dec_x = -0.022966637174225202
ccd_ff_dec_y = -0.04777841919890401
ccd_ff_tilt_x = 0.16505140438818341
ccd_ff_tilt_y = -0.5895823877487287
ccd_ff_tilt_z = 0.171803749354553
d_ff_ccd  = -4.785365410559768
ccd_dec_x = 0.5520156410150795
ccd_dec_y = 5.10641824264259
ccd_defocus = 0.31579612464096696
ccd_tilt_x = 0.02141328255262429
ccd_tilt_y = -0.0041873029905686076
ccd_tilt_z = 3.103949603811134e-07
p = 1.547916666666667e-05