slit_dec_x_a = -0.1704010755187174
slit_dec_y_a = -0.1956586180351446
slit_dec_x_b = 0.175
slit_dec_y_b = -1.8673672045150408e-96
slit_defocus = 0.021352368507746997
slit_tilt_x = 1.1140351036419331
slit_tilt_y = -8.538423452245516
slit_tilt_z = -8.991627078366111
d_slit_col = 1594.3099734143907
coll_tilt_x = 0.11318098952375316
coll_tilt_y = -0.028924395202116454
ech_G = 31.613222911467517
ech_blaze = -74.97482983377992
ech_gamma = 1.1389733708599692
echelle_z = 0.07476686345958222
d_col_trf = -1588.0172334321553
trf_mirror_tilt_x = 0.026236246010627944
trf_mirror_tilt_y = 0.16224032304984362
d_col_grm = -0.004844407038995412
grism_dec_x = 236.42331703267595
grism_dec_y = 0.038195221529049514
grm_tilt_x = -0.014058576084966225
grm_tilt_y = 2.3052761785841676
grm_G = 222.82400452043058
grm_apex = 17.791007231656994
d_grm_cam  = 21.609817466805545
cam_dec_x = -0.3095152413218898
cam_dec_y = 0.24728877371134259
cam_tilt_x = -0.011045867843310929
cam_tilt_y = 0.0037511996849231475
d_cam_ff  = -160.0572966080602
ccd_ff_dec_x = -0.002598483944270157
ccd_ff_dec_y = 0.05297783396095563
ccd_ff_tilt_x = 0.01950550356703956
ccd_ff_tilt_y = -0.5728070015227904
ccd_ff_tilt_z = 0.1800460485748768
d_ff_ccd  = -4.838891507236396
ccd_dec_x = 0.6214082149721676
ccd_dec_y = 5.157149600869167
ccd_defocus = 0.28071608741609433
ccd_tilt_x = 0.00499828770844191
ccd_tilt_y = -0.010933466024069532
ccd_tilt_z = 4.989187737247234e-06
p = 0.0001