slit_dec_x_a = -0.181778666534
slit_dec_y_a = -0.18243150017
slit_dec_x_b = 0.14512077562974193
slit_dec_y_b = -0.05510809031835813
slit_defocus = -0.013684344922755633
slit_tilt_x = 1.0541352697309405
slit_tilt_y = -8.559969027311944
slit_tilt_z = -9.026926869544916
d_slit_col = 1594.2903329810952
coll_tilt_x = 0.12145659624883486
coll_tilt_y = -0.026474264520270584
ech_G = 31.614561520122187
ech_blaze = -74.99488356433766
ech_gamma = 1.1556373906091333
echelle_z = 0.05700218159870469
d_col_trf = -1588.0163624013562
trf_mirror_tilt_x = 0.007266707216817781
trf_mirror_tilt_y = 0.15544547026879577
d_col_grm = 0.035673621879111016
grism_dec_x = 236.3831555894608
grism_dec_y = 0.009294807026930363
grm_tilt_x = -0.023510893503934375
grm_tilt_y = 2.325789992695501
grm_G = 222.78406386772298
grm_apex = 17.766479666628125
d_grm_cam  = 21.604696369664378
cam_dec_x = -0.2710432512221224
cam_dec_y = 0.290852014628387
cam_tilt_x = 0.012428539602519259
cam_tilt_y = 0.00882441090494937
d_cam_ff  = -160.07705895931457
ccd_ff_dec_x = -0.023806388788516108
ccd_ff_dec_y = 0.042033652493282565
ccd_ff_tilt_x = 0.03348363414746227
ccd_ff_tilt_y = -0.5909845693291484
ccd_ff_tilt_z = 0.17192126119377635
d_ff_ccd  = -4.815978792051261
ccd_dec_x = 0.5532987241756862
ccd_dec_y = 5.107627242223875
ccd_defocus = 0.28574104111026866
ccd_tilt_x = 0.032544246184586
ccd_tilt_y = -0.002131538271727842
ccd_tilt_z = 4.606592309688765e-06
p = 0.0001