slit_dec_x_a = -0.1704118622852929
slit_dec_y_a = -0.19591917938583622
slit_dec_x_b = 0.175
slit_dec_y_b = -1.6395543640170871e-96
slit_defocus = 0.0055898174074635485
slit_tilt_x = 1.1861249182486118
slit_tilt_y = -8.54002549850251
slit_tilt_z = -8.990858215676134
d_slit_col = 1594.2944733256786
coll_tilt_x = 0.0887079105224171
coll_tilt_y = -0.031922728560409216
ech_G = 31.610652423579857
ech_blaze = -74.97676848296136
ech_gamma = 1.1403077228682177
echelle_z = 0.07479987502023402
d_col_trf = -1588.0185399851498
trf_mirror_tilt_x = 0.13868496431593763
trf_mirror_tilt_y = 0.07753400728049446
d_col_grm = -0.00954259258977846
grism_dec_x = 236.43434245715832
grism_dec_y = 0.03416957489644308
grm_tilt_x = -0.015966027937397438
grm_tilt_y = 2.304385752557278
grm_G = 222.82517821608036
grm_apex = 17.81511517352737
d_grm_cam  = 21.608494383506198
cam_dec_x = -0.3021133549271935
cam_dec_y = 0.2503422815015273
cam_tilt_x = -0.018471979031017185
cam_tilt_y = -0.015111271331167115
d_cam_ff  = -160.40095313024085
ccd_ff_dec_x = -0.003511957519752482
ccd_ff_dec_y = 0.0002643952276359249
ccd_ff_tilt_x = 0.14604223884809198
ccd_ff_tilt_y = -0.5720698700281738
ccd_ff_tilt_z = 0.17258195604500548
d_ff_ccd  = -4.811300909240935
ccd_dec_x = 0.6207058103406699
ccd_dec_y = 5.155292368115343
ccd_defocus = 0.3162744265068362
ccd_tilt_x = 0.007743600058811191
ccd_tilt_y = -0.014126676722302884
ccd_tilt_z = 3.078093570222928e-06
p = 9.04381818181818e-06