slit_dec_x_a = -0.181778666534
slit_dec_y_a = -0.18243150017
slit_dec_x_b = 0.14512077562974193
slit_dec_y_b = -0.05510809031835813
slit_defocus = -0.002194732057823286
slit_tilt_x = 1.1346562617339346
slit_tilt_y = -8.56823103403475
slit_tilt_z = -9.003631004721878
d_slit_col = 1594.3039476275999
coll_tilt_x = 0.08648809964293074
coll_tilt_y = -0.021986092759717732
ech_G = 31.61090931666992
ech_blaze = -74.99558045107116
ech_gamma = 1.1581108170310064
echelle_z = 0.05750606572750807
d_col_trf = -1588.0161889928563
trf_mirror_tilt_x = 0.12253458562236655
trf_mirror_tilt_y = 0.018612101121725698
d_col_grm = 0.01509555278361297
grism_dec_x = 236.39743694364876
grism_dec_y = -0.0050261513393928545
grm_tilt_x = -0.024938068476003133
grm_tilt_y = 2.3271439160219707
grm_G = 222.78571992498752
grm_apex = 17.809224546436067
d_grm_cam  = 21.604577333847597
cam_dec_x = -0.2835613930127799
cam_dec_y = 0.28970417236008295
cam_tilt_x = 0.004306250758517808
cam_tilt_y = -0.027792569574127318
d_cam_ff  = -160.56971050286197
ccd_ff_dec_x = -0.02279828778066331
ccd_ff_dec_y = -0.04778182834278188
ccd_ff_tilt_x = 0.1650423383368765
ccd_ff_tilt_y = -0.5896258086942578
ccd_ff_tilt_z = 0.17178093375347475
d_ff_ccd  = -4.785416372107754
ccd_dec_x = 0.5518430141671079
ccd_dec_y = 5.10618928047908
ccd_defocus = 0.3157322514534022
ccd_tilt_x = 0.02133155583648835
ccd_tilt_y = -0.004218981657569201
ccd_tilt_z = 2.915676680279518e-07
p = 9.04381818181818e-06