slit_dec_x_a = -0.181778666534
slit_dec_y_a = -0.18243150017
slit_dec_x_b = 0.14512077562974193
slit_dec_y_b = -0.05510809031835813
slit_defocus = -0.013820494526008243
slit_tilt_x = 1.054110390303262
slit_tilt_y = -8.56002074852372
slit_tilt_z = -9.02692791426132
d_slit_col = 1594.2903531808063
coll_tilt_x = 0.1214236967878106
coll_tilt_y = -0.026506427431888874
ech_G = 31.614558609656537
ech_blaze = -74.99489112918275
ech_gamma = 1.1556525793593602
echelle_z = 0.056998092666954304
d_col_trf = -1588.0163670467537
trf_mirror_tilt_x = 0.007251860969347407
trf_mirror_tilt_y = 0.15541566745116658
d_col_grm = 0.03573645344826609
grism_dec_x = 236.38320596758766
grism_dec_y = 0.009215023921297057
grm_tilt_x = -0.023501762969948877
grm_tilt_y = 2.3257865215145013
grm_G = 222.78406790090438
grm_apex = 17.766521603324772
d_grm_cam  = 21.604699738857242
cam_dec_x = -0.27109543836210187
cam_dec_y = 0.2908794529520735
cam_tilt_x = 0.012364906021471727
cam_tilt_y = 0.008842657919158321
d_cam_ff  = -160.0770071370462
ccd_ff_dec_x = -0.02380457187040028
ccd_ff_dec_y = 0.04208916825385671
ccd_ff_tilt_x = 0.033493055324558756
ccd_ff_tilt_y = -0.5909816871508008
ccd_ff_tilt_z = 0.17192283147955992
d_ff_ccd  = -4.815948600885963
ccd_dec_x = 0.5532935735299416
ccd_dec_y = 5.10763096148343
ccd_defocus = 0.28578732515901084
ccd_tilt_x = 0.032578697836898485
ccd_tilt_y = -0.002114536770232045
ccd_tilt_z = 4.637666338298761e-06
p = 0.0001