slit_dec_x_a = -0.181778666534
slit_dec_y_a = -0.18243150017
slit_dec_x_b = 0.14512077562974193
slit_dec_y_b = -0.05510809031835813
slit_defocus = -0.013756610438012138
slit_tilt_x = 1.0540854271153095
slit_tilt_y = -8.559929015001002
slit_tilt_z = -9.026851402174827
d_slit_col = 1594.2902483961454
coll_tilt_x = 0.12147720133026421
coll_tilt_y = -0.026505911119859685
ech_G = 31.614561297199373
ech_blaze = -74.994885183162
ech_gamma = 1.1556416188606151
echelle_z = 0.057003080251295864
d_col_trf = -1588.0163637494784
trf_mirror_tilt_x = 0.00733332588564676
trf_mirror_tilt_y = 0.1554218609373528
d_col_grm = 0.03570006604898624
grism_dec_x = 236.3832355675863
grism_dec_y = 0.009302419182768838
grm_tilt_x = -0.023512573843055884
grm_tilt_y = 2.3257867780261963
grm_G = 222.78406618138834
grm_apex = 17.766495693467018
d_grm_cam  = 21.604701970286836
cam_dec_x = -0.27113062308758484
cam_dec_y = 0.29090516688740786
cam_tilt_x = 0.012434875260467456
cam_tilt_y = 0.008878669790321961
d_cam_ff  = -160.0771827758652
ccd_ff_dec_x = -0.023801368834777986
ccd_ff_dec_y = 0.042057824964032764
ccd_ff_tilt_x = 0.0335156882672388
ccd_ff_tilt_y = -0.590977164775888
ccd_ff_tilt_z = 0.17191928659485536
d_ff_ccd  = -4.815956621351977
ccd_dec_x = 0.5532917851615625
ccd_dec_y = 5.1076335341600005
ccd_defocus = 0.285813607673381
ccd_tilt_x = 0.032534452577681415
ccd_tilt_y = -0.0021284152446065566
ccd_tilt_z = 4.627664846105834e-06
p = 0.0001