slit_dec_x_a = -0.181778666534
slit_dec_y_a = -0.18243150017
slit_dec_x_b = 0.14512077562974193
slit_dec_y_b = -0.05510809031835813
slit_defocus = -0.013795002208258073
slit_tilt_x = 1.054071856516804
slit_tilt_y = -8.559975437464253
slit_tilt_z = -9.026839491161908
d_slit_col = 1594.290237532271
coll_tilt_x = 0.1214896769142204
coll_tilt_y = -0.02648853098399613
ech_G = 31.614564039672295
ech_blaze = -74.9948824651144
ech_gamma = 1.1556391791310416
echelle_z = 0.057001136007045476
d_col_trf = -1588.0163654089838
trf_mirror_tilt_x = 0.00732950231682287
trf_mirror_tilt_y = 0.15543247952719616
d_col_grm = 0.03565312745593187
grism_dec_x = 236.38315715635315
grism_dec_y = 0.009266693595719359
grm_tilt_x = -0.023511668907165138
grm_tilt_y = 2.3257931077159943
grm_G = 222.78407475241428
grm_apex = 17.766537052416844
d_grm_cam  = 21.604701906687588
cam_dec_x = -0.27112645820362613
cam_dec_y = 0.2908884132705199
cam_tilt_x = 0.012404670338007844
cam_tilt_y = 0.008817873356673245
d_cam_ff  = -160.0772697409159
ccd_ff_dec_x = -0.023797852448354223
ccd_ff_dec_y = 0.042030232215521976
ccd_ff_tilt_x = 0.03347481958825251
ccd_ff_tilt_y = -0.590981557697475
ccd_ff_tilt_z = 0.1719180126222113
d_ff_ccd  = -4.816010983882896
ccd_dec_x = 0.5532993285382238
ccd_dec_y = 5.107633583573345
ccd_defocus = 0.2857574174748419
ccd_tilt_x = 0.0326374545852305
ccd_tilt_y = -0.0020862466148110805
ccd_tilt_z = 4.6439360524046645e-06
p = 0.0001