slit_dec_x_a = -0.1704010755187174
slit_dec_y_a = -0.1956586180351446
slit_dec_x_b = 0.175
slit_dec_y_b = -1.8405680799847098e-96
slit_defocus = 0.021378982596958654
slit_tilt_x = 1.1139516759559593
slit_tilt_y = -8.538438695741373
slit_tilt_z = -8.991593272894825
d_slit_col = 1594.309979029771
coll_tilt_x = 0.11322230556520026
coll_tilt_y = -0.028827653495185693
ech_G = 31.61323237649253
ech_blaze = -74.97483268979211
ech_gamma = 1.1389788042387619
echelle_z = 0.07477819251544081
d_col_trf = -1588.0172356118405
trf_mirror_tilt_x = 0.026357740565154785
trf_mirror_tilt_y = 0.1622661941656155
d_col_grm = -0.004831381802885804
grism_dec_x = 236.42328883242087
grism_dec_y = 0.03821037245590432
grm_tilt_x = -0.014064494325210867
grm_tilt_y = 2.3052757424330403
grm_G = 222.82399946918792
grm_apex = 17.791032066294957
d_grm_cam  = 21.60982053644782
cam_dec_x = -0.3095591423788774
cam_dec_y = 0.24730339893766018
cam_tilt_x = -0.011089231516625718
cam_tilt_y = 0.0037110989396191615
d_cam_ff  = -160.05728083080731
ccd_ff_dec_x = -0.0025995606862055805
ccd_ff_dec_y = 0.05303044660004236
ccd_ff_tilt_x = 0.01957018279772388
ccd_ff_tilt_y = -0.5728013425203485
ccd_ff_tilt_z = 0.1800539696610748
d_ff_ccd  = -4.83889422609149
ccd_dec_x = 0.6214109553817152
ccd_dec_y = 5.157154341014338
ccd_defocus = 0.2806836727745599
ccd_tilt_x = 0.00504272186041472
ccd_tilt_y = -0.01087906303058061
ccd_tilt_z = 5.091186185635168e-06
p = 0.0001