slit_dec_x_a = -0.181778666534
slit_dec_y_a = -0.18243150017
slit_dec_x_b = 0.14512077562974193
slit_dec_y_b = -0.05510809031835813
slit_defocus = -0.013759154919716273
slit_tilt_x = 1.054132084698597
slit_tilt_y = -8.559948704517048
slit_tilt_z = -9.026857108568478
d_slit_col = 1594.2903131811513
coll_tilt_x = 0.12147885133529848
coll_tilt_y = -0.026431842649466818
ech_G = 31.614565962696823
ech_blaze = -74.9948858306362
ech_gamma = 1.155638311297691
echelle_z = 0.05699871261743488
d_col_trf = -1588.0163606645453
trf_mirror_tilt_x = 0.007224959287787584
trf_mirror_tilt_y = 0.1554865057632326
d_col_grm = 0.03554938448777371
grism_dec_x = 236.38319988366902
grism_dec_y = 0.009239321333673195
grm_tilt_x = -0.02351680130001286
grm_tilt_y = 2.3257904947216845
grm_G = 222.7840692622522
grm_apex = 17.76651514082784
d_grm_cam  = 21.604703086627147
cam_dec_x = -0.271139626770443
cam_dec_y = 0.2909458211469194
cam_tilt_x = 0.012380166253353198
cam_tilt_y = 0.00883567190946452
d_cam_ff  = -160.0770312658167
ccd_ff_dec_x = -0.023801832757457418
ccd_ff_dec_y = 0.04204495906778617
ccd_ff_tilt_x = 0.03350170843113603
ccd_ff_tilt_y = -0.5909838392676134
ccd_ff_tilt_z = 0.1719164168149527
d_ff_ccd  = -4.816037533555481
ccd_dec_x = 0.5532990678649466
ccd_dec_y = 5.107621265784749
ccd_defocus = 0.28577731419595215
ccd_tilt_x = 0.032595263691998944
ccd_tilt_y = -0.002190484812631227
ccd_tilt_z = 4.6274703224093455e-06
p = 0.0001