slit_dec_x_a = -0.1704010755187174
slit_dec_y_a = -0.1956586180351446
slit_dec_x_b = 0.175
slit_dec_y_b = -1.806344921045158e-96
slit_defocus = 0.021357122283556865
slit_tilt_x = 1.1140329979133499
slit_tilt_y = -8.538398058383155
slit_tilt_z = -8.991600335921026
d_slit_col = 1594.3100017008337
coll_tilt_x = 0.11322287459195751
coll_tilt_y = -0.028909129923087147
ech_G = 31.61322679493589
ech_blaze = -74.97483361738618
ech_gamma = 1.1389749997052991
echelle_z = 0.07476757702223012
d_col_trf = -1588.0172302864382
trf_mirror_tilt_x = 0.026243215357268986
trf_mirror_tilt_y = 0.16225581423404398
d_col_grm = -0.004823179485199712
grism_dec_x = 236.4233423177207
grism_dec_y = 0.03813639874826199
grm_tilt_x = -0.014055312318029218
grm_tilt_y = 2.305272038064967
grm_G = 222.8240044015461
grm_apex = 17.791092277945356
d_grm_cam  = 21.609808550041652
cam_dec_x = -0.3095504062817801
cam_dec_y = 0.24722350273613206
cam_tilt_x = -0.011037533061301954
cam_tilt_y = 0.0038597951292117967
d_cam_ff  = -160.05766104134005
ccd_ff_dec_x = -0.002593497812081991
ccd_ff_dec_y = 0.05304004844434567
ccd_ff_tilt_x = 0.019615253828789758
ccd_ff_tilt_y = -0.5728023279497624
ccd_ff_tilt_z = 0.1800478195181663
d_ff_ccd  = -4.838948165778313
ccd_dec_x = 0.6214027971539232
ccd_dec_y = 5.157149156536508
ccd_defocus = 0.2807583919578601
ccd_tilt_x = 0.005081298012626085
ccd_tilt_y = -0.010877945363364347
ccd_tilt_z = 5.052818907627757e-06
p = 0.0001