slit_dec_x_a = -0.1704010755187174
slit_dec_y_a = -0.1956586180351446
slit_dec_x_b = 0.175
slit_dec_y_b = -1.8836207283332266e-96
slit_defocus = 0.02135691780792834
slit_tilt_x = 1.1140171765850642
slit_tilt_y = -8.538408719918147
slit_tilt_z = -8.991664913538406
d_slit_col = 1594.3100025665562
coll_tilt_x = 0.11322645644552518
coll_tilt_y = -0.028927798285247365
ech_G = 31.613232129319165
ech_blaze = -74.97483420449511
ech_gamma = 1.1389705038532203
echelle_z = 0.0747672329701114
d_col_trf = -1588.017232297313
trf_mirror_tilt_x = 0.02630545498005715
trf_mirror_tilt_y = 0.16223349935271164
d_col_grm = -0.004819966478474808
grism_dec_x = 236.42325676427808
grism_dec_y = 0.03822141534020672
grm_tilt_x = -0.014055115775378935
grm_tilt_y = 2.3052756254492115
grm_G = 222.82400787253815
grm_apex = 17.79100914590352
d_grm_cam  = 21.609816504745993
cam_dec_x = -0.3095694117929701
cam_dec_y = 0.24725589097817227
cam_tilt_x = -0.011095569906936392
cam_tilt_y = 0.0037545643538772887
d_cam_ff  = -160.05750081267527
ccd_ff_dec_x = -0.0026005472521058487
ccd_ff_dec_y = 0.05300689750657172
ccd_ff_tilt_x = 0.019509191853182735
ccd_ff_tilt_y = -0.5728094454667152
ccd_ff_tilt_z = 0.18005891021257195
d_ff_ccd  = -4.8389812054905015
ccd_dec_x = 0.6214069576657569
ccd_dec_y = 5.157149043563783
ccd_defocus = 0.2807143237262041
ccd_tilt_x = 0.005000169439300137
ccd_tilt_y = -0.010853408849541429
ccd_tilt_z = 5.088260009627969e-06
p = 0.0001