slit_dec_x_a = -0.181778666534
slit_dec_y_a = -0.18243150017
slit_dec_x_b = 0.14512077562974193
slit_dec_y_b = -0.05510809031835813
slit_defocus = -0.013826174204659963
slit_tilt_x = 1.0540713221689804
slit_tilt_y = -8.559955470128758
slit_tilt_z = -9.026858585504172
d_slit_col = 1594.2902355118233
coll_tilt_x = 0.12145417634342258
coll_tilt_y = -0.026469081581686982
ech_G = 31.61456145224359
ech_blaze = -74.99488469287408
ech_gamma = 1.1556404154964903
echelle_z = 0.05699877755216033
d_col_trf = -1588.0163712358367
trf_mirror_tilt_x = 0.007357120002648032
trf_mirror_tilt_y = 0.1554320196541094
d_col_grm = 0.035706485323221154
grism_dec_x = 236.3832409827104
grism_dec_y = 0.009264435232832807
grm_tilt_x = -0.023500783917106857
grm_tilt_y = 2.325787102201951
grm_G = 222.78407288712293
grm_apex = 17.766445243982325
d_grm_cam  = 21.6047060688688
cam_dec_x = -0.2711330857569897
cam_dec_y = 0.29086971027408515
cam_tilt_x = 0.012386197108874005
cam_tilt_y = 0.008887698876833904
d_cam_ff  = -160.07670250033107
ccd_ff_dec_x = -0.023800248886925106
ccd_ff_dec_y = 0.042048240048719904
ccd_ff_tilt_x = 0.03350357377332301
ccd_ff_tilt_y = -0.5909853329795882
ccd_ff_tilt_z = 0.17192374305337924
d_ff_ccd  = -4.815968413776944
ccd_dec_x = 0.5533010603833723
ccd_dec_y = 5.107624825466918
ccd_defocus = 0.285714635701623
ccd_tilt_x = 0.03252614312896148
ccd_tilt_y = -0.002208111878430853
ccd_tilt_z = 4.661335863557409e-06
p = 0.0001