slit_dec_x_a = -0.181778666534
slit_dec_y_a = -0.18243150017
slit_dec_x_b = 0.14512077562974193
slit_dec_y_b = -0.05510809031835813
slit_defocus = -0.013813064270230109
slit_tilt_x = 1.0541149330194575
slit_tilt_y = -8.559911432381677
slit_tilt_z = -9.026748018146177
d_slit_col = 1594.2903114830237
coll_tilt_x = 0.1215009937999334
coll_tilt_y = -0.026478215137039126
ech_G = 31.614561499215817
ech_blaze = -74.99488561388665
ech_gamma = 1.1556449785340046
echelle_z = 0.05700181093754497
d_col_trf = -1588.0163668784792
trf_mirror_tilt_x = 0.007313021147099982
trf_mirror_tilt_y = 0.1554905900659179
d_col_grm = 0.03570257656829153
grism_dec_x = 236.38319951802933
grism_dec_y = 0.009232717233125286
grm_tilt_x = -0.02350317395589091
grm_tilt_y = 2.325786551149135
grm_G = 222.78406750799343
grm_apex = 17.76646534492962
d_grm_cam  = 21.604703174532386
cam_dec_x = -0.2711116123539498
cam_dec_y = 0.29086358305693644
cam_tilt_x = 0.012415145775775174
cam_tilt_y = 0.008879951798448324
d_cam_ff  = -160.07679625643084
ccd_ff_dec_x = -0.023798860345651717
ccd_ff_dec_y = 0.04204214840568418
ccd_ff_tilt_x = 0.03347778216178284
ccd_ff_tilt_y = -0.5909789324022467
ccd_ff_tilt_z = 0.17192039514936028
d_ff_ccd  = -4.815979201237881
ccd_dec_x = 0.553298111927621
ccd_dec_y = 5.107627703166328
ccd_defocus = 0.2857854818871519
ccd_tilt_x = 0.0326594466658592
ccd_tilt_y = -0.002206337203792457
ccd_tilt_z = 4.654148657465234e-06
p = 0.0001