slit_dec_x_a = -0.1704010755187174
slit_dec_y_a = -0.1956586180351446
slit_dec_x_b = 0.175
slit_dec_y_b = -1.7964214373919378e-96
slit_defocus = 0.021296284608866164
slit_tilt_x = 1.1140314680586778
slit_tilt_y = -8.538411789328066
slit_tilt_z = -8.991674133422713
d_slit_col = 1594.309938460088
coll_tilt_x = 0.11321551636473812
coll_tilt_y = -0.028868356813387737
ech_G = 31.613226831661212
ech_blaze = -74.97483679325437
ech_gamma = 1.1389776245352836
echelle_z = 0.07477447739127084
d_col_trf = -1588.017235078194
trf_mirror_tilt_x = 0.026318198736956355
trf_mirror_tilt_y = 0.16217427556602018
d_col_grm = -0.004839894496101703
grism_dec_x = 236.42333150281652
grism_dec_y = 0.03819777640113081
grm_tilt_x = -0.01405365132553939
grm_tilt_y = 2.3052740218589887
grm_G = 222.82400648291897
grm_apex = 17.791021186451363
d_grm_cam  = 21.609809878155467
cam_dec_x = -0.30960332536427393
cam_dec_y = 0.24724208033335257
cam_tilt_x = -0.011068660333805243
cam_tilt_y = 0.0038302531793533794
d_cam_ff  = -160.0575309689136
ccd_ff_dec_x = -0.002604081750146574
ccd_ff_dec_y = 0.0530398812089008
ccd_ff_tilt_x = 0.019499624275122585
ccd_ff_tilt_y = -0.5728011919937412
ccd_ff_tilt_z = 0.18004853507681773
d_ff_ccd  = -4.838924651018011
ccd_dec_x = 0.6214068396222674
ccd_dec_y = 5.157146949772769
ccd_defocus = 0.28071829779649066
ccd_tilt_x = 0.0050758811399400595
ccd_tilt_y = -0.0109724770870163
ccd_tilt_z = 5.030453264728723e-06
p = 0.0001