slit_dec_x_a = -0.181778666534
slit_dec_y_a = -0.18243150017
slit_dec_x_b = 0.14512077562974193
slit_dec_y_b = -0.05510809031835813
slit_defocus = -0.013838517956060833
slit_tilt_x = 1.0540499654400926
slit_tilt_y = -8.559949024560668
slit_tilt_z = -9.02687709958275
d_slit_col = 1594.2902977089125
coll_tilt_x = 0.12149144883011807
coll_tilt_y = -0.02648000269780064
ech_G = 31.614566291073448
ech_blaze = -74.99488578390421
ech_gamma = 1.1556406458919328
echelle_z = 0.05700193930606266
d_col_trf = -1588.0163670573204
trf_mirror_tilt_x = 0.007279977808136031
trf_mirror_tilt_y = 0.15540223417886043
d_col_grm = 0.03563615881052984
grism_dec_x = 236.38322876900403
grism_dec_y = 0.00925496447808517
grm_tilt_x = -0.02350262874990392
grm_tilt_y = 2.325786748073729
grm_G = 222.78406791431783
grm_apex = 17.766504727625392
d_grm_cam  = 21.604702200281007
cam_dec_x = -0.2711727997447569
cam_dec_y = 0.2908598091337042
cam_tilt_x = 0.012399157713762014
cam_tilt_y = 0.0088433011187739
d_cam_ff  = -160.0768311706076
ccd_ff_dec_x = -0.023808278815110186
ccd_ff_dec_y = 0.04202706541343396
ccd_ff_tilt_x = 0.0334522220351413
ccd_ff_tilt_y = -0.5909815400239485
ccd_ff_tilt_z = 0.1719116687386266
d_ff_ccd  = -4.816007762145256
ccd_dec_x = 0.5532973126765953
ccd_dec_y = 5.107631378619791
ccd_defocus = 0.28581937500968674
ccd_tilt_x = 0.032586175296834406
ccd_tilt_y = -0.0022237955689741375
ccd_tilt_z = 4.622506605473684e-06
p = 0.0001