slit_dec_x_a = -0.181778666534
slit_dec_y_a = -0.18243150017
slit_dec_x_b = 0.14512077562974193
slit_dec_y_b = -0.05510809031835813
slit_defocus = -0.013808134504393001
slit_tilt_x = 1.0541173689986805
slit_tilt_y = -8.559955242575219
slit_tilt_z = -9.026885096579495
d_slit_col = 1594.2903244020586
coll_tilt_x = 0.12147098655185712
coll_tilt_y = -0.026465603442942034
ech_G = 31.614564234295003
ech_blaze = -74.99488101040951
ech_gamma = 1.1556443652024282
echelle_z = 0.057005163914817
d_col_trf = -1588.0163628081532
trf_mirror_tilt_x = 0.007273829889681139
trf_mirror_tilt_y = 0.15544189360883232
d_col_grm = 0.03558248853983741
grism_dec_x = 236.38319561676187
grism_dec_y = 0.00921040167480423
grm_tilt_x = -0.023506837227062448
grm_tilt_y = 2.325790906622847
grm_G = 222.78407280242374
grm_apex = 17.76650748927896
d_grm_cam  = 21.604704505257864
cam_dec_x = -0.27108874244726483
cam_dec_y = 0.29089257428568777
cam_tilt_x = 0.012410034831131317
cam_tilt_y = 0.008858280273378434
d_cam_ff  = -160.07707173362218
ccd_ff_dec_x = -0.023800217823458623
ccd_ff_dec_y = 0.04208362352149943
ccd_ff_tilt_x = 0.0334619447133123
ccd_ff_tilt_y = -0.5909808509851125
ccd_ff_tilt_z = 0.17191495077133762
d_ff_ccd  = -4.815929222214855
ccd_dec_x = 0.5532935808249383
ccd_dec_y = 5.107628672025359
ccd_defocus = 0.2857149727668639
ccd_tilt_x = 0.03257597213598471
ccd_tilt_y = -0.002164304712427887
ccd_tilt_z = 4.61486631705984e-06
p = 0.0001