slit_dec_x_a = -0.181778666534
slit_dec_y_a = -0.18243150017
slit_dec_x_b = 0.14512077562974193
slit_dec_y_b = -0.05510809031835813
slit_defocus = -0.013744398166004389
slit_tilt_x = 1.0540229882906866
slit_tilt_y = -8.559992400898643
slit_tilt_z = -9.026871638628437
d_slit_col = 1594.290273978344
coll_tilt_x = 0.12151275708856007
coll_tilt_y = -0.026483112287066218
ech_G = 31.614561949088795
ech_blaze = -74.99488801469174
ech_gamma = 1.155637610631014
echelle_z = 0.05699712124629883
d_col_trf = -1588.0163634252983
trf_mirror_tilt_x = 0.007295552314576867
trf_mirror_tilt_y = 0.1554725585403616
d_col_grm = 0.035609173889749074
grism_dec_x = 236.38327959240027
grism_dec_y = 0.00924961293240941
grm_tilt_x = -0.02350526086947548
grm_tilt_y = 2.3257902880102055
grm_G = 222.78406657291006
grm_apex = 17.766450630238737
d_grm_cam  = 21.60470686992942
cam_dec_x = -0.2711280920846496
cam_dec_y = 0.2909071986762252
cam_tilt_x = 0.012482763837155322
cam_tilt_y = 0.008821699938546422
d_cam_ff  = -160.07722171279735
ccd_ff_dec_x = -0.02380771607047562
ccd_ff_dec_y = 0.04206331880225164
ccd_ff_tilt_x = 0.0334419462476075
ccd_ff_tilt_y = -0.5909818011237894
ccd_ff_tilt_z = 0.1719148691243427
d_ff_ccd  = -4.816003502091189
ccd_dec_x = 0.5532956131486765
ccd_dec_y = 5.107635761673733
ccd_defocus = 0.2858035409298795
ccd_tilt_x = 0.032574616012319396
ccd_tilt_y = -0.002131440325079838
ccd_tilt_z = 4.630740224863084e-06
p = 0.0001