slit_dec_x_a = -0.181778666534
slit_dec_y_a = -0.18243150017
slit_dec_x_b = 0.14512077562974193
slit_dec_y_b = -0.05510809031835813
slit_defocus = -0.013806029266604692
slit_tilt_x = 1.0541233908830834
slit_tilt_y = -8.559996337060191
slit_tilt_z = -9.026903641990991
d_slit_col = 1594.2902923356457
coll_tilt_x = 0.12149435158178877
coll_tilt_y = -0.026453269870149638
ech_G = 31.614565059152092
ech_blaze = -74.99488751562957
ech_gamma = 1.1556440232704381
echelle_z = 0.05699694772877541
d_col_trf = -1588.016363103345
trf_mirror_tilt_x = 0.007227906679989267
trf_mirror_tilt_y = 0.15540726985438974
d_col_grm = 0.03565729663458933
grism_dec_x = 236.38320370986946
grism_dec_y = 0.009233115700366605
grm_tilt_x = -0.023505722933820118
grm_tilt_y = 2.3257886258687295
grm_G = 222.78407663734745
grm_apex = 17.76647045529468
d_grm_cam  = 21.604702588733407
cam_dec_x = -0.27107852062016097
cam_dec_y = 0.2909251586221838
cam_tilt_x = 0.012427654382482726
cam_tilt_y = 0.008882421543991652
d_cam_ff  = -160.0769249435413
ccd_ff_dec_x = -0.023804658728105877
ccd_ff_dec_y = 0.04199715243750937
ccd_ff_tilt_x = 0.03344665057100124
ccd_ff_tilt_y = -0.5909875831274242
ccd_ff_tilt_z = 0.17191757571067576
d_ff_ccd  = -4.815973231910281
ccd_dec_x = 0.5532940502751591
ccd_dec_y = 5.107625107763713
ccd_defocus = 0.2857711799750002
ccd_tilt_x = 0.032602398529615925
ccd_tilt_y = -0.0021321269019995075
ccd_tilt_z = 4.654825268831043e-06
p = 0.0001