slit_dec_x_a = -0.181778666534
slit_dec_y_a = -0.18243150017
slit_dec_x_b = 0.14512077562974193
slit_dec_y_b = -0.05510809031835813
slit_defocus = -0.013739807588147504
slit_tilt_x = 1.0540456521280492
slit_tilt_y = -8.55998028346205
slit_tilt_z = -9.026874848403628
d_slit_col = 1594.2902520128337
coll_tilt_x = 0.12146635975944138
coll_tilt_y = -0.02654916179694419
ech_G = 31.61456588305837
ech_blaze = -74.99488477812795
ech_gamma = 1.1556392482658842
echelle_z = 0.05700498172440638
d_col_trf = -1588.016360163153
trf_mirror_tilt_x = 0.0072302684587151125
trf_mirror_tilt_y = 0.15545509446025646
d_col_grm = 0.03563083438463392
grism_dec_x = 236.38328239041473
grism_dec_y = 0.009195508166431133
grm_tilt_x = -0.023517174621606903
grm_tilt_y = 2.325787426922535
grm_G = 222.78406618286155
grm_apex = 17.76655442769553
d_grm_cam  = 21.60469160707916
cam_dec_x = -0.2710823600088292
cam_dec_y = 0.29090100148282083
cam_tilt_x = 0.012350081032988408
cam_tilt_y = 0.008880754450282784
d_cam_ff  = -160.07718199986178
ccd_ff_dec_x = -0.023798171697507833
ccd_ff_dec_y = 0.042045246253339816
ccd_ff_tilt_x = 0.03351641812091641
ccd_ff_tilt_y = -0.5909799715313913
ccd_ff_tilt_z = 0.1719201891656625
d_ff_ccd  = -4.816001268603605
ccd_dec_x = 0.5532999213628608
ccd_dec_y = 5.107636835234555
ccd_defocus = 0.28575846505724845
ccd_tilt_x = 0.032617197305051776
ccd_tilt_y = -0.0021363707040825365
ccd_tilt_z = 4.6365390779197005e-06
p = 0.0001