slit_dec_x_a = -0.1704010755187174
slit_dec_y_a = -0.1956586180351446
slit_dec_x_b = 0.175
slit_dec_y_b = -1.827215070908294e-96
slit_defocus = 0.02138551992401103
slit_tilt_x = 1.1140690692427344
slit_tilt_y = -8.538342346937963
slit_tilt_z = -8.991586490168107
d_slit_col = 1594.3100564042102
coll_tilt_x = 0.11320434286115019
coll_tilt_y = -0.028888945425688803
ech_G = 31.61322529434948
ech_blaze = -74.97483193615666
ech_gamma = 1.1389743578169305
echelle_z = 0.07477454229174699
d_col_trf = -1588.0172351002795
trf_mirror_tilt_x = 0.026315123270319245
trf_mirror_tilt_y = 0.16226240958710822
d_col_grm = -0.004816960324521174
grism_dec_x = 236.42330785948397
grism_dec_y = 0.038191359175052175
grm_tilt_x = -0.014054515924448037
grm_tilt_y = 2.305280563722998
grm_G = 222.82400985519814
grm_apex = 17.791017160877924
d_grm_cam  = 21.60981620907318
cam_dec_x = -0.3095756706383369
cam_dec_y = 0.24722828206265224
cam_tilt_x = -0.011055444317253272
cam_tilt_y = 0.0037424292289196205
d_cam_ff  = -160.0578457132422
ccd_ff_dec_x = -0.0025972213895667385
ccd_ff_dec_y = 0.05303322081608052
ccd_ff_tilt_x = 0.019499179065010242
ccd_ff_tilt_y = -0.5728058952838752
ccd_ff_tilt_z = 0.180050028669961
d_ff_ccd  = -4.838922629385951
ccd_dec_x = 0.6214105017196716
ccd_dec_y = 5.157150671298481
ccd_defocus = 0.2807934770886784
ccd_tilt_x = 0.005032266941913195
ccd_tilt_y = -0.01090393632383653
ccd_tilt_z = 5.090601763595418e-06
p = 0.0001