slit_dec_x_a = -0.181778666534
slit_dec_y_a = -0.18243150017
slit_dec_x_b = 0.14512077562974193
slit_dec_y_b = -0.05510809031835813
slit_defocus = -0.013776909399583688
slit_tilt_x = 1.054095220826984
slit_tilt_y = -8.559946233582284
slit_tilt_z = -9.026904049660185
d_slit_col = 1594.2902537902703
coll_tilt_x = 0.12153235537014216
coll_tilt_y = -0.026481465178341546
ech_G = 31.61456627980939
ech_blaze = -74.99488930018222
ech_gamma = 1.1556350960622996
echelle_z = 0.057000689611053694
d_col_trf = -1588.016365150377
trf_mirror_tilt_x = 0.007317523183358646
trf_mirror_tilt_y = 0.15545411638149695
d_col_grm = 0.03564676877294588
grism_dec_x = 236.38328775007815
grism_dec_y = 0.009255884762040001
grm_tilt_x = -0.023504228261143432
grm_tilt_y = 2.3257857373950097
grm_G = 222.7840699193068
grm_apex = 17.766501256623382
d_grm_cam  = 21.604703239696022
cam_dec_x = -0.2711046043405268
cam_dec_y = 0.29091578886912783
cam_tilt_x = 0.012488855697788851
cam_tilt_y = 0.008753381545929346
d_cam_ff  = -160.0769638696894
ccd_ff_dec_x = -0.02380698559567341
ccd_ff_dec_y = 0.042136223915129285
ccd_ff_tilt_x = 0.03343837274263558
ccd_ff_tilt_y = -0.590984053532189
ccd_ff_tilt_z = 0.17191683343259198
d_ff_ccd  = -4.815980083435795
ccd_dec_x = 0.5532917755259362
ccd_dec_y = 5.107635432288786
ccd_defocus = 0.2857681489686517
ccd_tilt_x = 0.032554484286600835
ccd_tilt_y = -0.0021449250351135113
ccd_tilt_z = 4.637208129367476e-06
p = 0.0001