slit_dec_x_a = -0.181778666534
slit_dec_y_a = -0.18243150017
slit_dec_x_b = 0.14512077562974193
slit_dec_y_b = -0.05510809031835813
slit_defocus = -0.013772830644063191
slit_tilt_x = 1.0540748843586338
slit_tilt_y = -8.559958233655859
slit_tilt_z = -9.02691655966632
d_slit_col = 1594.290361385805
coll_tilt_x = 0.12146122776423735
coll_tilt_y = -0.026486712522625175
ech_G = 31.614562631205843
ech_blaze = -74.9948902008806
ech_gamma = 1.1556457024354312
echelle_z = 0.05700070308853606
d_col_trf = -1588.0163642202876
trf_mirror_tilt_x = 0.007318391081463558
trf_mirror_tilt_y = 0.15544292434544757
d_col_grm = 0.035714356309083095
grism_dec_x = 236.38328965620866
grism_dec_y = 0.009226788491464029
grm_tilt_x = -0.023505186673325927
grm_tilt_y = 2.325781016605325
grm_G = 222.78406979433035
grm_apex = 17.766476677993932
d_grm_cam  = 21.604703085240786
cam_dec_x = -0.27112037491040386
cam_dec_y = 0.29098024199312267
cam_tilt_x = 0.012375089399722526
cam_tilt_y = 0.008860639244760484
d_cam_ff  = -160.07734229532832
ccd_ff_dec_x = -0.023808346834186565
ccd_ff_dec_y = 0.04204677419080376
ccd_ff_tilt_x = 0.033529377726438304
ccd_ff_tilt_y = -0.5909753046683974
ccd_ff_tilt_z = 0.17191905238430558
d_ff_ccd  = -4.816038347738759
ccd_dec_x = 0.5532964239385294
ccd_dec_y = 5.107635493964558
ccd_defocus = 0.28578413046696705
ccd_tilt_x = 0.032511794475480464
ccd_tilt_y = -0.0021758195359424734
ccd_tilt_z = 4.618041543980254e-06
p = 0.0001