slit_dec_x_a = -0.1704010755187174
slit_dec_y_a = -0.1956586180351446
slit_dec_x_b = 0.175
slit_dec_y_b = -1.8129231822412662e-96
slit_defocus = 0.021359948426899405
slit_tilt_x = 1.1139858837130576
slit_tilt_y = -8.538473978867827
slit_tilt_z = -8.991654387927849
d_slit_col = 1594.3099732782127
coll_tilt_x = 0.11322114600694104
coll_tilt_y = -0.02889869098455666
ech_G = 31.61322904526461
ech_blaze = -74.97482952966725
ech_gamma = 1.138976924822094
echelle_z = 0.07477461212078486
d_col_trf = -1588.0172320872286
trf_mirror_tilt_x = 0.02631781834488957
trf_mirror_tilt_y = 0.16219152089444558
d_col_grm = -0.0048474250501679495
grism_dec_x = 236.42333795271819
grism_dec_y = 0.038135039760065714
grm_tilt_x = -0.0140513581922708
grm_tilt_y = 2.3052753082361117
grm_G = 222.82399921633265
grm_apex = 17.791004006192246
d_grm_cam  = 21.60981492207574
cam_dec_x = -0.30955988599928913
cam_dec_y = 0.24726822142408394
cam_tilt_x = -0.011077693768973936
cam_tilt_y = 0.0038150021604601795
d_cam_ff  = -160.05711378262302
ccd_ff_dec_x = -0.0025909537755540034
ccd_ff_dec_y = 0.05300584997918078
ccd_ff_tilt_x = 0.019492585054969567
ccd_ff_tilt_y = -0.5728009647673303
ccd_ff_tilt_z = 0.1800476245316406
d_ff_ccd  = -4.838913625199174
ccd_dec_x = 0.6214055096787305
ccd_dec_y = 5.15715437639129
ccd_defocus = 0.28072277938942536
ccd_tilt_x = 0.005040073106858806
ccd_tilt_y = -0.010915329473066039
ccd_tilt_z = 5.076250339327489e-06
p = 0.0001