slit_dec_x_a = -0.1704010755187174
slit_dec_y_a = -0.1956586180351446
slit_dec_x_b = 0.175
slit_dec_y_b = -1.8316946535550236e-96
slit_defocus = 0.02138895001214879
slit_tilt_x = 1.1140202236555186
slit_tilt_y = -8.538423679073537
slit_tilt_z = -8.991633524864236
d_slit_col = 1594.3099426250988
coll_tilt_x = 0.11326174652153481
coll_tilt_y = -0.02886300202577501
ech_G = 31.61323621954092
ech_blaze = -74.97483736618572
ech_gamma = 1.1389737668126458
echelle_z = 0.07477077543147988
d_col_trf = -1588.0172316597516
trf_mirror_tilt_x = 0.0262608671389449
trf_mirror_tilt_y = 0.16223018226942604
d_col_grm = -0.0048439530651138984
grism_dec_x = 236.4233171254965
grism_dec_y = 0.03808891282198614
grm_tilt_x = -0.014061588149446047
grm_tilt_y = 2.305273631046442
grm_G = 222.8240070250562
grm_apex = 17.79105552399192
d_grm_cam  = 21.609825363999104
cam_dec_x = -0.3095033362950985
cam_dec_y = 0.24723066041056327
cam_tilt_x = -0.011081393468154347
cam_tilt_y = 0.0038049126783805533
d_cam_ff  = -160.05721524769626
ccd_ff_dec_x = -0.0025996186314516698
ccd_ff_dec_y = 0.053063409682004785
ccd_ff_tilt_x = 0.019533948533326434
ccd_ff_tilt_y = -0.5728058036590882
ccd_ff_tilt_z = 0.18004665340968407
d_ff_ccd  = -4.838980747823218
ccd_dec_x = 0.621403828135186
ccd_dec_y = 5.157154551151898
ccd_defocus = 0.28079846116742574
ccd_tilt_x = 0.005038324146570928
ccd_tilt_y = -0.010920672249417255
ccd_tilt_z = 5.093369330863032e-06
p = 0.0001