slit_dec_x_a = -0.181778666534
slit_dec_y_a = -0.18243150017
slit_dec_x_b = 0.14512077562974193
slit_dec_y_b = -0.05510809031835813
slit_defocus = -0.013779839050988636
slit_tilt_x = 1.054163880615836
slit_tilt_y = -8.55996931188565
slit_tilt_z = -9.026862625256102
d_slit_col = 1594.290289102976
coll_tilt_x = 0.12144477465936011
coll_tilt_y = -0.026505187888755666
ech_G = 31.614561342482588
ech_blaze = -74.99489310276715
ech_gamma = 1.1556319909477772
echelle_z = 0.057003573792738085
d_col_trf = -1588.0163614332016
trf_mirror_tilt_x = 0.007278029594764328
trf_mirror_tilt_y = 0.155448991468617
d_col_grm = 0.03569000070272397
grism_dec_x = 236.38320637392783
grism_dec_y = 0.00931956665427097
grm_tilt_x = -0.02350591813218909
grm_tilt_y = 2.32578670898953
grm_G = 222.78406585934601
grm_apex = 17.766542281805492
d_grm_cam  = 21.604700851155087
cam_dec_x = -0.27108121364982857
cam_dec_y = 0.29085721213232574
cam_tilt_x = 0.012367905849593299
cam_tilt_y = 0.008832187362287561
d_cam_ff  = -160.07721609766128
ccd_ff_dec_x = -0.02379912284196687
ccd_ff_dec_y = 0.04207367789631875
ccd_ff_tilt_x = 0.033520150674793116
ccd_ff_tilt_y = -0.5909795093389183
ccd_ff_tilt_z = 0.17191639299647082
d_ff_ccd  = -4.815974203409606
ccd_dec_x = 0.55330034089717
ccd_dec_y = 5.107626543392346
ccd_defocus = 0.28578133156425334
ccd_tilt_x = 0.032530811396063265
ccd_tilt_y = -0.002165483520255472
ccd_tilt_z = 4.669791931276292e-06
p = 0.0001