slit_dec_x_a = -0.1704010755187174
slit_dec_y_a = -0.1956586180351446
slit_dec_x_b = 0.175
slit_dec_y_b = -1.8565560329927933e-96
slit_defocus = 0.02141355319453812
slit_tilt_x = 1.1139704893704543
slit_tilt_y = -8.538494540867326
slit_tilt_z = -8.991639965730739
d_slit_col = 1594.309994637718
coll_tilt_x = 0.11322920678483175
coll_tilt_y = -0.028869954957010353
ech_G = 31.613232952306404
ech_blaze = -74.97483626068194
ech_gamma = 1.1389759183012096
echelle_z = 0.0747707901300398
d_col_trf = -1588.0172300042714
trf_mirror_tilt_x = 0.026304852291777335
trf_mirror_tilt_y = 0.16226128955747393
d_col_grm = -0.004818425382715531
grism_dec_x = 236.4233210446736
grism_dec_y = 0.038256158780390924
grm_tilt_x = -0.014060655875762662
grm_tilt_y = 2.3052793943696046
grm_G = 222.82400042460284
grm_apex = 17.79101882443504
d_grm_cam  = 21.6098229437253
cam_dec_x = -0.3095619814648368
cam_dec_y = 0.2472716090033726
cam_tilt_x = -0.011103162836906962
cam_tilt_y = 0.0038278473075795487
d_cam_ff  = -160.05767363635917
ccd_ff_dec_x = -0.0025948742539038503
ccd_ff_dec_y = 0.05305406653211902
ccd_ff_tilt_x = 0.019519898042357924
ccd_ff_tilt_y = -0.5727954877097615
ccd_ff_tilt_z = 0.18005453113203362
d_ff_ccd  = -4.838911861854459
ccd_dec_x = 0.6214098176482727
ccd_dec_y = 5.157149005460517
ccd_defocus = 0.2807325185633343
ccd_tilt_x = 0.005033638710025663
ccd_tilt_y = -0.010894010215864013
ccd_tilt_z = 5.0781007206065355e-06
p = 0.0001