slit_dec_x_a = -0.181778666534
slit_dec_y_a = -0.18243150017
slit_dec_x_b = 0.14512077562974193
slit_dec_y_b = -0.05510809031835813
slit_defocus = -0.013762928945149822
slit_tilt_x = 1.0541067622434661
slit_tilt_y = -8.559960390648232
slit_tilt_z = -9.026878706831225
d_slit_col = 1594.2902974988974
coll_tilt_x = 0.12145132211377357
coll_tilt_y = -0.026431371875753118
ech_G = 31.614559749515774
ech_blaze = -74.99489552399162
ech_gamma = 1.155646381233094
echelle_z = 0.05700123889510919
d_col_trf = -1588.0163651314795
trf_mirror_tilt_x = 0.007245579365233761
trf_mirror_tilt_y = 0.1554579630846947
d_col_grm = 0.03570692066825881
grism_dec_x = 236.38319316972473
grism_dec_y = 0.009247150527260956
grm_tilt_x = -0.023515114816811636
grm_tilt_y = 2.3257859949280957
grm_G = 222.7840724740147
grm_apex = 17.766469688805483
d_grm_cam  = 21.604699987276653
cam_dec_x = -0.2711871554025703
cam_dec_y = 0.2909029263556426
cam_tilt_x = 0.012445135088414964
cam_tilt_y = 0.008797931066348274
d_cam_ff  = -160.0771776600748
ccd_ff_dec_x = -0.023799461484940315
ccd_ff_dec_y = 0.042026499875510465
ccd_ff_tilt_x = 0.033440583084660906
ccd_ff_tilt_y = -0.5909800549160235
ccd_ff_tilt_z = 0.17191745855070736
d_ff_ccd  = -4.816012754532221
ccd_dec_x = 0.5532976694502967
ccd_dec_y = 5.107627957939977
ccd_defocus = 0.2858259266635857
ccd_tilt_x = 0.03259037267190665
ccd_tilt_y = -0.0022048741243296103
ccd_tilt_z = 4.664398117732648e-06
p = 0.0001