slit_dec_x_a = -0.1704010755187174
slit_dec_y_a = -0.1956586180351446
slit_dec_x_b = 0.175
slit_dec_y_b = -1.8303249278111553e-96
slit_defocus = 0.021411264300393435
slit_tilt_x = 1.1139796170729992
slit_tilt_y = -8.538469177656761
slit_tilt_z = -8.991583384358984
d_slit_col = 1594.309993160798
coll_tilt_x = 0.11319248175041466
coll_tilt_y = -0.02891003326067196
ech_G = 31.61323262102613
ech_blaze = -74.97483220292249
ech_gamma = 1.1389786926111751
echelle_z = 0.07476991336383072
d_col_trf = -1588.0172288291599
trf_mirror_tilt_x = 0.026279056975249893
trf_mirror_tilt_y = 0.162174562013866
d_col_grm = -0.004817956068160372
grism_dec_x = 236.42330280127777
grism_dec_y = 0.038190516018591886
grm_tilt_x = -0.014059675334505235
grm_tilt_y = 2.305271444303657
grm_G = 222.82399985054153
grm_apex = 17.791040816926486
d_grm_cam  = 21.609815667815887
cam_dec_x = -0.3095070006004698
cam_dec_y = 0.2472575133224698
cam_tilt_x = -0.011172318043233863
cam_tilt_y = 0.003789213111700415
d_cam_ff  = -160.05801201290964
ccd_ff_dec_x = -0.002604187710317241
ccd_ff_dec_y = 0.053047221785148285
ccd_ff_tilt_x = 0.019500700999429074
ccd_ff_tilt_y = -0.5728025630351811
ccd_ff_tilt_z = 0.18004945014580445
d_ff_ccd  = -4.838917046679079
ccd_dec_x = 0.6214106909278158
ccd_dec_y = 5.157147809075285
ccd_defocus = 0.28075409297229237
ccd_tilt_x = 0.005063299211858942
ccd_tilt_y = -0.010928091175170447
ccd_tilt_z = 5.075787261936954e-06
p = 0.0001