slit_dec_x_a = -0.1704010755187174
slit_dec_y_a = -0.1956586180351446
slit_dec_x_b = 0.175
slit_dec_y_b = -1.8248723163728315e-96
slit_defocus = 0.0214352389674004
slit_tilt_x = 1.1140120336700519
slit_tilt_y = -8.538469023698827
slit_tilt_z = -8.991601638620988
d_slit_col = 1594.3099645931204
coll_tilt_x = 0.11322376812884004
coll_tilt_y = -0.028886930203929465
ech_G = 31.613228336152975
ech_blaze = -74.97483342162417
ech_gamma = 1.138977586617409
echelle_z = 0.07476848214602985
d_col_trf = -1588.0172326777554
trf_mirror_tilt_x = 0.026351255978754408
trf_mirror_tilt_y = 0.16217875452938715
d_col_grm = -0.0048815459857785145
grism_dec_x = 236.42331428807816
grism_dec_y = 0.0381379602385184
grm_tilt_x = -0.014057510669324069
grm_tilt_y = 2.3052671372635682
grm_G = 222.82401074650272
grm_apex = 17.79101715283955
d_grm_cam  = 21.60981240498048
cam_dec_x = -0.309512184925503
cam_dec_y = 0.24730044375742138
cam_tilt_x = -0.01105514306071789
cam_tilt_y = 0.0037928425848011297
d_cam_ff  = -160.0574629979536
ccd_ff_dec_x = -0.002601261031711937
ccd_ff_dec_y = 0.053068421073958635
ccd_ff_tilt_x = 0.01947401310456484
ccd_ff_tilt_y = -0.5728047596240906
ccd_ff_tilt_z = 0.18005009014887274
d_ff_ccd  = -4.838979199733374
ccd_dec_x = 0.621402342809234
ccd_dec_y = 5.157146008051621
ccd_defocus = 0.28063934249617184
ccd_tilt_x = 0.005035572812598878
ccd_tilt_y = -0.010926753546394089
ccd_tilt_z = 5.062834280519969e-06
p = 0.0001