slit_dec_x_a = -0.1704010755187174
slit_dec_y_a = -0.1956586180351446
slit_dec_x_b = 0.175
slit_dec_y_b = -1.7928322537260007e-96
slit_defocus = 0.02136463902796545
slit_tilt_x = 1.114003456701772
slit_tilt_y = -8.53845932937391
slit_tilt_z = -8.991644086480976
d_slit_col = 1594.3099992383138
coll_tilt_x = 0.11320894889763734
coll_tilt_y = -0.028869841669753548
ech_G = 31.613228434460385
ech_blaze = -74.9748363347346
ech_gamma = 1.1389728677585949
echelle_z = 0.07477363370368487
d_col_trf = -1588.0172309022125
trf_mirror_tilt_x = 0.026300777218508153
trf_mirror_tilt_y = 0.16229041802763391
d_col_grm = -0.004865424948451401
grism_dec_x = 236.4232848980873
grism_dec_y = 0.038128179898827184
grm_tilt_x = -0.01405942553043992
grm_tilt_y = 2.305275104629767
grm_G = 222.82400093703228
grm_apex = 17.791024879346484
d_grm_cam  = 21.609821127014833
cam_dec_x = -0.30956109635124485
cam_dec_y = 0.24730085558260287
cam_tilt_x = -0.011105658893753088
cam_tilt_y = 0.0037846795349754003
d_cam_ff  = -160.05733166258662
ccd_ff_dec_x = -0.0025942192300011813
ccd_ff_dec_y = 0.05311641572912215
ccd_ff_tilt_x = 0.019464190037644925
ccd_ff_tilt_y = -0.5727995918669487
ccd_ff_tilt_z = 0.18005443500794246
d_ff_ccd  = -4.838946726403401
ccd_dec_x = 0.621409827948186
ccd_dec_y = 5.157147664671966
ccd_defocus = 0.2807065962385377
ccd_tilt_x = 0.005014762398084555
ccd_tilt_y = -0.010930711027715884
ccd_tilt_z = 4.9777565609887305e-06
p = 0.0001