slit_dec_x_a = -0.1704010755187174
slit_dec_y_a = -0.1956586180351446
slit_dec_x_b = 0.175
slit_dec_y_b = -1.9022236333168986e-96
slit_defocus = 0.021337982709327914
slit_tilt_x = 1.1140081419382688
slit_tilt_y = -8.53847456937679
slit_tilt_z = -8.991672215293702
d_slit_col = 1594.3099949686573
coll_tilt_x = 0.1132387110770494
coll_tilt_y = -0.028885134367436775
ech_G = 31.61323162827049
ech_blaze = -74.97482448647762
ech_gamma = 1.138970172760623
echelle_z = 0.07476775557370449
d_col_trf = -1588.017240199142
trf_mirror_tilt_x = 0.026252388734225557
trf_mirror_tilt_y = 0.16226347573757566
d_col_grm = -0.004874668571109651
grism_dec_x = 236.42333581200182
grism_dec_y = 0.03821060232121782
grm_tilt_x = -0.014050363243838643
grm_tilt_y = 2.3052755788897983
grm_G = 222.8240073670203
grm_apex = 17.79107761919134
d_grm_cam  = 21.609816293148373
cam_dec_x = -0.30958065291220144
cam_dec_y = 0.2472311029547369
cam_tilt_x = -0.011080279112481316
cam_tilt_y = 0.003776521149617096
d_cam_ff  = -160.0577517282201
ccd_ff_dec_x = -0.00260572043061929
ccd_ff_dec_y = 0.05302714284991893
ccd_ff_tilt_x = 0.019510614949202445
ccd_ff_tilt_y = -0.5727956252139771
ccd_ff_tilt_z = 0.1800475750575063
d_ff_ccd  = -4.838947658995482
ccd_dec_x = 0.621409332670089
ccd_dec_y = 5.1571544601281145
ccd_defocus = 0.28072970607255965
ccd_tilt_x = 0.00503071356730114
ccd_tilt_y = -0.01086115439349214
ccd_tilt_z = 5.023358115896348e-06
p = 0.0001