slit_dec_x_a = -0.181778666534
slit_dec_y_a = -0.18243150017
slit_dec_x_b = 0.14512077562974193
slit_dec_y_b = -0.05510809031835813
slit_defocus = -0.013837227528937023
slit_tilt_x = 1.054093486751209
slit_tilt_y = -8.559975838561272
slit_tilt_z = -9.026770098953508
d_slit_col = 1594.290237119546
coll_tilt_x = 0.12146880410659988
coll_tilt_y = -0.026470124238352405
ech_G = 31.61456184801056
ech_blaze = -74.99489363813672
ech_gamma = 1.1556401829787086
echelle_z = 0.05700298638197667
d_col_trf = -1588.0163610718696
trf_mirror_tilt_x = 0.007382964752750387
trf_mirror_tilt_y = 0.15542291594452046
d_col_grm = 0.03559356820912018
grism_dec_x = 236.38318476703583
grism_dec_y = 0.009271874329668852
grm_tilt_x = -0.02350692845367343
grm_tilt_y = 2.325787435637388
grm_G = 222.7840675451909
grm_apex = 17.766539810080307
d_grm_cam  = 21.604705428985625
cam_dec_x = -0.2710586628529336
cam_dec_y = 0.29095578269164746
cam_tilt_x = 0.012444077181607477
cam_tilt_y = 0.008746785627455789
d_cam_ff  = -160.0774739258391
ccd_ff_dec_x = -0.023808057209313244
ccd_ff_dec_y = 0.04209948926316938
ccd_ff_tilt_x = 0.03352471003754233
ccd_ff_tilt_y = -0.5909811812109855
ccd_ff_tilt_z = 0.17192235111941898
d_ff_ccd  = -4.816001317595502
ccd_dec_x = 0.5533007088652993
ccd_dec_y = 5.107633272199011
ccd_defocus = 0.28575884861946316
ccd_tilt_x = 0.03262577169992853
ccd_tilt_y = -0.0021527523315031617
ccd_tilt_z = 4.628382966960685e-06
p = 0.0001