slit_dec_x_a = -0.1704010755187174
slit_dec_y_a = -0.1956586180351446
slit_dec_x_b = 0.175
slit_dec_y_b = -1.7890886243867919e-96
slit_defocus = 0.021437723804216907
slit_tilt_x = 1.1140202739319756
slit_tilt_y = -8.538440300776166
slit_tilt_z = -8.991584630237465
d_slit_col = 1594.3100050819648
coll_tilt_x = 0.1132369949853054
coll_tilt_y = -0.028889511934152543
ech_G = 31.61323049577313
ech_blaze = -74.97482558339945
ech_gamma = 1.1389721678477318
echelle_z = 0.07476609697848045
d_col_trf = -1588.0172293485334
trf_mirror_tilt_x = 0.026304406368632464
trf_mirror_tilt_y = 0.16223112386692554
d_col_grm = -0.004826005804254064
grism_dec_x = 236.42335308625005
grism_dec_y = 0.03814557303685456
grm_tilt_x = -0.014051552573788467
grm_tilt_y = 2.3052742752789808
grm_G = 222.82400826847694
grm_apex = 17.79103149078333
d_grm_cam  = 21.609817108457204
cam_dec_x = -0.3095244331865635
cam_dec_y = 0.24729123376076897
cam_tilt_x = -0.011046953043139782
cam_tilt_y = 0.0037831723952539806
d_cam_ff  = -160.05726043236027
ccd_ff_dec_x = -0.0025997542008045485
ccd_ff_dec_y = 0.05301071271449962
ccd_ff_tilt_x = 0.019481245640977793
ccd_ff_tilt_y = -0.5728071228924958
ccd_ff_tilt_z = 0.18005570834980247
d_ff_ccd  = -4.838948168940405
ccd_dec_x = 0.6214025861715194
ccd_dec_y = 5.157150542704861
ccd_defocus = 0.28074982615458344
ccd_tilt_x = 0.005055729241912098
ccd_tilt_y = -0.010993245236924323
ccd_tilt_z = 4.972950271333922e-06
p = 0.0001