slit_dec_x_a = -0.1704010755187174
slit_dec_y_a = -0.1956586180351446
slit_dec_x_b = 0.175
slit_dec_y_b = -1.8861498618466266e-96
slit_defocus = 0.02137056710002745
slit_tilt_x = 1.1140199354046563
slit_tilt_y = -8.53841680016875
slit_tilt_z = -8.99163994323735
d_slit_col = 1594.3099429567735
coll_tilt_x = 0.11320829445680376
coll_tilt_y = -0.028860987581121385
ech_G = 31.613224705860308
ech_blaze = -74.97482678205925
ech_gamma = 1.1389802947189307
echelle_z = 0.0747685498910799
d_col_trf = -1588.0172317868175
trf_mirror_tilt_x = 0.026280174963328396
trf_mirror_tilt_y = 0.16222836883737965
d_col_grm = -0.004850124505259929
grism_dec_x = 236.42328095353088
grism_dec_y = 0.038181013986607115
grm_tilt_x = -0.014053571230783567
grm_tilt_y = 2.3052762352001346
grm_G = 222.82399935382097
grm_apex = 17.79110708975709
d_grm_cam  = 21.60982408852528
cam_dec_x = -0.3095401582525903
cam_dec_y = 0.24728043953627787
cam_tilt_x = -0.011015400943061252
cam_tilt_y = 0.0037982900237834272
d_cam_ff  = -160.05786813812557
ccd_ff_dec_x = -0.0025953682723405622
ccd_ff_dec_y = 0.053017112705178684
ccd_ff_tilt_x = 0.01954595977194587
ccd_ff_tilt_y = -0.5728004548120484
ccd_ff_tilt_z = 0.18005416704913912
d_ff_ccd  = -4.838946479583229
ccd_dec_x = 0.6214047152673517
ccd_dec_y = 5.157151005274029
ccd_defocus = 0.28074919095083545
ccd_tilt_x = 0.00509733619018976
ccd_tilt_y = -0.010906417933977139
ccd_tilt_z = 5.000981066224931e-06
p = 0.0001