slit_dec_x_a = -0.1704010755187174
slit_dec_y_a = -0.1956586180351446
slit_dec_x_b = 0.175
slit_dec_y_b = -1.8695339240377324e-96
slit_defocus = 0.021316585066485563
slit_tilt_x = 1.1139545154785728
slit_tilt_y = -8.538448462463352
slit_tilt_z = -8.991637329895147
d_slit_col = 1594.3099744063607
coll_tilt_x = 0.11319350197580827
coll_tilt_y = -0.02888273582983906
ech_G = 31.61322841525512
ech_blaze = -74.97483406054246
ech_gamma = 1.1389751246300606
echelle_z = 0.07477371568386122
d_col_trf = -1588.017233458578
trf_mirror_tilt_x = 0.026344464243428563
trf_mirror_tilt_y = 0.16224580095546606
d_col_grm = -0.00488609245415319
grism_dec_x = 236.4232862939133
grism_dec_y = 0.03819356551842402
grm_tilt_x = -0.014056676813105278
grm_tilt_y = 2.305277052330067
grm_G = 222.82400737723376
grm_apex = 17.79114902750974
d_grm_cam  = 21.609819582598845
cam_dec_x = -0.30945165438792455
cam_dec_y = 0.24725748465407116
cam_tilt_x = -0.011118624985218642
cam_tilt_y = 0.0037677651807603105
d_cam_ff  = -160.05726295644308
ccd_ff_dec_x = -0.0026049843108691
ccd_ff_dec_y = 0.05302447064516475
ccd_ff_tilt_x = 0.01953482312107191
ccd_ff_tilt_y = -0.5727993504957759
ccd_ff_tilt_z = 0.1800504847964198
d_ff_ccd  = -4.838962839314783
ccd_dec_x = 0.6213984672029469
ccd_dec_y = 5.157153100896741
ccd_defocus = 0.2807436827190477
ccd_tilt_x = 0.0050016806019919655
ccd_tilt_y = -0.010902915634312262
ccd_tilt_z = 5.070196827351504e-06
p = 0.0001