slit_dec_x_a = -0.181778666534
slit_dec_y_a = -0.18243150017
slit_dec_x_b = 0.14512077562974193
slit_dec_y_b = -0.05510809031835813
slit_defocus = -0.013800944041167244
slit_tilt_x = 1.0540733093937766
slit_tilt_y = -8.559948320705367
slit_tilt_z = -9.026932053697788
d_slit_col = 1594.2902518916815
coll_tilt_x = 0.12148312635849445
coll_tilt_y = -0.026448812304423284
ech_G = 31.614559728269274
ech_blaze = -74.99488886285647
ech_gamma = 1.1556449038514325
echelle_z = 0.05700363892409097
d_col_trf = -1588.016365430602
trf_mirror_tilt_x = 0.007240983041510963
trf_mirror_tilt_y = 0.15537441482508382
d_col_grm = 0.03562953145932914
grism_dec_x = 236.38324050046617
grism_dec_y = 0.009233270706599753
grm_tilt_x = -0.023505488749687373
grm_tilt_y = 2.32579406687454
grm_G = 222.78407394995602
grm_apex = 17.76654519980965
d_grm_cam  = 21.60470617611483
cam_dec_x = -0.27112671522823817
cam_dec_y = 0.29087987150405054
cam_tilt_x = 0.012462643520318365
cam_tilt_y = 0.008868070780291426
d_cam_ff  = -160.07690579163216
ccd_ff_dec_x = -0.02380666479569447
ccd_ff_dec_y = 0.042092321817266486
ccd_ff_tilt_x = 0.03348895781644206
ccd_ff_tilt_y = -0.5909882516317916
ccd_ff_tilt_z = 0.17191649181998608
d_ff_ccd  = -4.815949984978029
ccd_dec_x = 0.5532965173913137
ccd_dec_y = 5.107638301395022
ccd_defocus = 0.2857083425867171
ccd_tilt_x = 0.03255404075970771
ccd_tilt_y = -0.002128367421395019
ccd_tilt_z = 4.647774451311875e-06
p = 0.0001