slit_dec_x_a = -0.1704010755187174
slit_dec_y_a = -0.1956586180351446
slit_dec_x_b = 0.175
slit_dec_y_b = -1.8555107497723733e-96
slit_defocus = 0.02143893478666526
slit_tilt_x = 1.1139977663326701
slit_tilt_y = -8.53848588100832
slit_tilt_z = -8.99167399107703
d_slit_col = 1594.310008305766
coll_tilt_x = 0.11322802557679265
coll_tilt_y = -0.028883749068128902
ech_G = 31.613226034777824
ech_blaze = -74.97483545605192
ech_gamma = 1.1389765305329178
echelle_z = 0.07476447041279423
d_col_trf = -1588.0172298658854
trf_mirror_tilt_x = 0.02627021722210819
trf_mirror_tilt_y = 0.16222703257171278
d_col_grm = -0.004746499445716652
grism_dec_x = 236.42335748474954
grism_dec_y = 0.03820696890258505
grm_tilt_x = -0.014051545155076808
grm_tilt_y = 2.3052769531978723
grm_G = 222.82399809692654
grm_apex = 17.790969592306126
d_grm_cam  = 21.609816158077003
cam_dec_x = -0.3095282570808324
cam_dec_y = 0.24731267482349287
cam_tilt_x = -0.01106657422565735
cam_tilt_y = 0.0037074722170510437
d_cam_ff  = -160.05726391175685
ccd_ff_dec_x = -0.0025996327421157553
ccd_ff_dec_y = 0.053025721093523374
ccd_ff_tilt_x = 0.019531540977316523
ccd_ff_tilt_y = -0.5728088131405614
ccd_ff_tilt_z = 0.18005156166299577
d_ff_ccd  = -4.83893547883455
ccd_dec_x = 0.6214051978355217
ccd_dec_y = 5.1571456791007
ccd_defocus = 0.2807048427985329
ccd_tilt_x = 0.005018755714046926
ccd_tilt_y = -0.01089238752379875
ccd_tilt_z = 4.997701721240787e-06
p = 0.0001