slit_dec_x_a = -0.1704010755187174
slit_dec_y_a = -0.1956586180351446
slit_dec_x_b = 0.175
slit_dec_y_b = -1.877086487592556e-96
slit_defocus = 0.02139354510701278
slit_tilt_x = 1.1139848631700444
slit_tilt_y = -8.538461805415661
slit_tilt_z = -8.991629223764171
d_slit_col = 1594.309988522415
coll_tilt_x = 0.11321174572886394
coll_tilt_y = -0.028853297793485323
ech_G = 31.61322547122699
ech_blaze = -74.97482995441095
ech_gamma = 1.138979725756505
echelle_z = 0.07477480830595906
d_col_trf = -1588.0172302032813
trf_mirror_tilt_x = 0.026242866637124225
trf_mirror_tilt_y = 0.16219687802686575
d_col_grm = -0.0048817980620593565
grism_dec_x = 236.4233295413515
grism_dec_y = 0.038130701171740236
grm_tilt_x = -0.014056125303457465
grm_tilt_y = 2.305282523124876
grm_G = 222.8240096890629
grm_apex = 17.791046390475028
d_grm_cam  = 21.60981156420722
cam_dec_x = -0.30954957708518627
cam_dec_y = 0.24728787754519316
cam_tilt_x = -0.011012664142284193
cam_tilt_y = 0.0037928611019699635
d_cam_ff  = -160.0575803417454
ccd_ff_dec_x = -0.002603329173972462
ccd_ff_dec_y = 0.05303880491748509
ccd_ff_tilt_x = 0.019569382073039533
ccd_ff_tilt_y = -0.5728040575683969
ccd_ff_tilt_z = 0.18005520176419704
d_ff_ccd  = -4.838901849196824
ccd_dec_x = 0.621413326192323
ccd_dec_y = 5.157143760097303
ccd_defocus = 0.2807899544390763
ccd_tilt_x = 0.005075221217712036
ccd_tilt_y = -0.010857697463352122
ccd_tilt_z = 5.01127470160088e-06
p = 0.0001