slit_dec_x_a = -0.181778666534
slit_dec_y_a = -0.18243150017
slit_dec_x_b = 0.14512077562974193
slit_dec_y_b = -0.05510809031835813
slit_defocus = -0.013762205507579964
slit_tilt_x = 1.0541308598919914
slit_tilt_y = -8.55995248679753
slit_tilt_z = -9.026857807214363
d_slit_col = 1594.2903175231825
coll_tilt_x = 0.12147631308423003
coll_tilt_y = -0.02643420819354161
ech_G = 31.61456557521951
ech_blaze = -74.99488600798261
ech_gamma = 1.1556380154650556
echelle_z = 0.056998533833914136
d_col_trf = -1588.0163607627999
trf_mirror_tilt_x = 0.007224524802766974
trf_mirror_tilt_y = 0.1554874302578272
d_col_grm = 0.0355467277300202
grism_dec_x = 236.38320028595385
grism_dec_y = 0.009239704659312913
grm_tilt_x = -0.02351672929754505
grm_tilt_y = 2.3257907565016285
grm_G = 222.78406896501474
grm_apex = 17.766516405899605
d_grm_cam  = 21.604703118204103
cam_dec_x = -0.2711389246388888
cam_dec_y = 0.2909482686319595
cam_tilt_x = 0.012384584176969608
cam_tilt_y = 0.008837350650331881
d_cam_ff  = -160.07701150038088
ccd_ff_dec_x = -0.02380150932145127
ccd_ff_dec_y = 0.04204620433137651
ccd_ff_tilt_x = 0.03350182550658236
ccd_ff_tilt_y = -0.5909840751450136
ccd_ff_tilt_z = 0.17191584612870894
d_ff_ccd  = -4.816034018786634
ccd_dec_x = 0.5532992992199662
ccd_dec_y = 5.1076211490563255
ccd_defocus = 0.2857800573541506
ccd_tilt_x = 0.03259739096318757
ccd_tilt_y = -0.002188373351542726
ccd_tilt_z = 4.1775828692993305e-06
p = 0.0001