slit_dec_x_a = -0.1704010755187174
slit_dec_y_a = -0.1956586180351446
slit_dec_x_b = 0.175
slit_dec_y_b = -1.8929719586019277e-96
slit_defocus = 0.02139312040528838
slit_tilt_x = 1.114004328837995
slit_tilt_y = -8.53843647180983
slit_tilt_z = -8.991676219469023
d_slit_col = 1594.309960157296
coll_tilt_x = 0.11323651116385137
coll_tilt_y = -0.028946040666574413
ech_G = 31.613228382323523
ech_blaze = -74.97483328975984
ech_gamma = 1.1389728100231504
echelle_z = 0.07477681967504222
d_col_trf = -1588.0172233248816
trf_mirror_tilt_x = 0.02629231891532607
trf_mirror_tilt_y = 0.16224972048692504
d_col_grm = -0.004911411485789298
grism_dec_x = 236.4232942458389
grism_dec_y = 0.03822983028380109
grm_tilt_x = -0.014057677641990908
grm_tilt_y = 2.3052741604376017
grm_G = 222.82400352029535
grm_apex = 17.791038211505878
d_grm_cam  = 21.60982084087658
cam_dec_x = -0.30953478982396887
cam_dec_y = 0.2472511542887811
cam_tilt_x = -0.011027677807914683
cam_tilt_y = 0.003689699893421884
d_cam_ff  = -160.05759978278948
ccd_ff_dec_x = -0.002601341367092991
ccd_ff_dec_y = 0.05300179420236686
ccd_ff_tilt_x = 0.019518581569329264
ccd_ff_tilt_y = -0.5728086107038806
ccd_ff_tilt_z = 0.18005246378183803
d_ff_ccd  = -4.838982454853245
ccd_dec_x = 0.6214078277896705
ccd_dec_y = 5.1571472644302565
ccd_defocus = 0.2807194863548911
ccd_tilt_x = 0.0050575706142484585
ccd_tilt_y = -0.01090821868184817
ccd_tilt_z = 5.075477110670563e-06
p = 0.0001