slit_dec_x_a = -0.181778666534
slit_dec_y_a = -0.18243150017
slit_dec_x_b = 0.14512077562974193
slit_dec_y_b = -0.05510809031835813
slit_defocus = -0.013763210546143026
slit_tilt_x = 1.054091568122078
slit_tilt_y = -8.560012219480376
slit_tilt_z = -9.026809004636933
d_slit_col = 1594.2902823059349
coll_tilt_x = 0.12143105071359121
coll_tilt_y = -0.026457573303582678
ech_G = 31.61455873091544
ech_blaze = -74.9948877347677
ech_gamma = 1.1556330483954875
echelle_z = 0.057007023375547874
d_col_trf = -1588.0163637830635
trf_mirror_tilt_x = 0.007291760170959576
trf_mirror_tilt_y = 0.15543651513216422
d_col_grm = 0.03567070117414321
grism_dec_x = 236.3832062105998
grism_dec_y = 0.009225941914923312
grm_tilt_x = -0.023508398953464703
grm_tilt_y = 2.3257829951965707
grm_G = 222.784072177815
grm_apex = 17.766482184549126
d_grm_cam  = 21.604706198470836
cam_dec_x = -0.2711292474370404
cam_dec_y = 0.29089247132432083
cam_tilt_x = 0.012408216907959742
cam_tilt_y = 0.008745205394787313
d_cam_ff  = -160.0770088297983
ccd_ff_dec_x = -0.023805793440100347
ccd_ff_dec_y = 0.042027967323550526
ccd_ff_tilt_x = 0.033471985785004765
ccd_ff_tilt_y = -0.5909827750472847
ccd_ff_tilt_z = 0.17191227745135002
d_ff_ccd  = -4.816005088037444
ccd_dec_x = 0.553296609056786
ccd_dec_y = 5.107631003813548
ccd_defocus = 0.28576312506305285
ccd_tilt_x = 0.03259468987660871
ccd_tilt_y = -0.002162976961820102
ccd_tilt_z = 4.632690064376138e-06
p = 0.0001