slit_dec_x_a = -0.1704010755187174
slit_dec_y_a = -0.1956586180351446
slit_dec_x_b = 0.175
slit_dec_y_b = -1.8380561023754805e-96
slit_defocus = 0.021392326365052432
slit_tilt_x = 1.114016707331642
slit_tilt_y = -8.538421266961032
slit_tilt_z = -8.99163609786302
d_slit_col = 1594.3099419309033
coll_tilt_x = 0.11324772717678121
coll_tilt_y = -0.028871033504601844
ech_G = 31.613236056171406
ech_blaze = -74.97483713721888
ech_gamma = 1.1389736168055848
echelle_z = 0.07477046997242341
d_col_trf = -1588.0172314407384
trf_mirror_tilt_x = 0.026252256769367488
trf_mirror_tilt_y = 0.162220757328983
d_col_grm = -0.004859943654412212
grism_dec_x = 236.42332041130993
grism_dec_y = 0.03811239228250763
grm_tilt_x = -0.014061173027214775
grm_tilt_y = 2.3052736747287335
grm_G = 222.82400796170126
grm_apex = 17.791056462405102
d_grm_cam  = 21.609825620365655
cam_dec_x = -0.3095038238295988
cam_dec_y = 0.24722685019756432
cam_tilt_x = -0.011078113374939346
cam_tilt_y = 0.0038068246474724475
d_cam_ff  = -160.05721532375958
ccd_ff_dec_x = -0.002600412440801631
ccd_ff_dec_y = 0.05307061599498577
ccd_ff_tilt_x = 0.01955471703144279
ccd_ff_tilt_y = -0.5728059237915748
ccd_ff_tilt_z = 0.18004577444831366
d_ff_ccd  = -4.838990013949618
ccd_dec_x = 0.621403873465075
ccd_dec_y = 5.157154310018971
ccd_defocus = 0.28080052368291436
ccd_tilt_x = 0.005036515778604881
ccd_tilt_y = -0.010909325608654924
ccd_tilt_z = 3.846906330450132e-06
p = 0.0001