slit_dec_x_a = -0.181778666534
slit_dec_y_a = -0.18243150017
slit_dec_x_b = 0.14512077562974193
slit_dec_y_b = -0.05510809031835813
slit_defocus = -0.01380033344407686
slit_tilt_x = 1.0540975055234505
slit_tilt_y = -8.559944775780993
slit_tilt_z = -9.026823192310838
d_slit_col = 1594.2903075555228
coll_tilt_x = 0.12148953123389017
coll_tilt_y = -0.026501845566001575
ech_G = 31.61456260580031
ech_blaze = -74.99489148633963
ech_gamma = 1.1556385682832222
echelle_z = 0.05700396680186198
d_col_trf = -1588.016360382461
trf_mirror_tilt_x = 0.007239285074652592
trf_mirror_tilt_y = 0.15540250947368148
d_col_grm = 0.035693326245573545
grism_dec_x = 236.38328078555372
grism_dec_y = 0.00925611846455126
grm_tilt_x = -0.023509608133246294
grm_tilt_y = 2.325788411148176
grm_G = 222.78407407892993
grm_apex = 17.766486706893282
d_grm_cam  = 21.604699484052066
cam_dec_x = -0.27114317548060113
cam_dec_y = 0.29088310144973956
cam_tilt_x = 0.012468096918577835
cam_tilt_y = 0.008825475841918732
d_cam_ff  = -160.076980719746
ccd_ff_dec_x = -0.02380067997207556
ccd_ff_dec_y = 0.04196020763003961
ccd_ff_tilt_x = 0.03351100025596245
ccd_ff_tilt_y = -0.5909800279060226
ccd_ff_tilt_z = 0.17191609833208774
d_ff_ccd  = -4.815954596465406
ccd_dec_x = 0.5532990656452053
ccd_dec_y = 5.107635332664922
ccd_defocus = 0.2857261549981536
ccd_tilt_x = 0.03257554758373615
ccd_tilt_y = -0.0021958964705370157
ccd_tilt_z = 4.667825561431077e-06
p = 0.0001