slit_dec_x_a = -0.181778666534
slit_dec_y_a = -0.18243150017
slit_dec_x_b = 0.14512077562974193
slit_dec_y_b = -0.05510809031835813
slit_defocus = -0.013812865339355027
slit_tilt_x = 1.054047230753541
slit_tilt_y = -8.559969717524936
slit_tilt_z = -9.02686193758273
d_slit_col = 1594.2903341378894
coll_tilt_x = 0.121502257799672
coll_tilt_y = -0.02648799106895744
ech_G = 31.614563110163427
ech_blaze = -74.99488281234056
ech_gamma = 1.1556483934485275
echelle_z = 0.05700279342028718
d_col_trf = -1588.0163677592022
trf_mirror_tilt_x = 0.0072799302063106365
trf_mirror_tilt_y = 0.15546098631284977
d_col_grm = 0.035620212340677526
grism_dec_x = 236.38324621567992
grism_dec_y = 0.009309058910207117
grm_tilt_x = -0.02351149092250226
grm_tilt_y = 2.325786654313999
grm_G = 222.78406807005976
grm_apex = 17.766489352256848
d_grm_cam  = 21.60470410189771
cam_dec_x = -0.2710403115051604
cam_dec_y = 0.29084648993674306
cam_tilt_x = 0.01244947160586561
cam_tilt_y = 0.008842026249411382
d_cam_ff  = -160.07726071497493
ccd_ff_dec_x = -0.023794400961142374
ccd_ff_dec_y = 0.042014057912879564
ccd_ff_tilt_x = 0.03346031384560589
ccd_ff_tilt_y = -0.5909857116834388
ccd_ff_tilt_z = 0.17191754344350663
d_ff_ccd  = -4.815943216384145
ccd_dec_x = 0.5532953100233721
ccd_dec_y = 5.107626365187957
ccd_defocus = 0.2857898126213575
ccd_tilt_x = 0.03254678438347394
ccd_tilt_y = -0.0021880605520536145
ccd_tilt_z = 4.645143387992276e-06
p = 0.0001