slit_dec_x_a = -0.1704010755187174
slit_dec_y_a = -0.1956586180351446
slit_dec_x_b = 0.175
slit_dec_y_b = -1.8300721634613666e-96
slit_defocus = 0.02137284510479971
slit_tilt_x = 1.1140087902933165
slit_tilt_y = -8.538470769995444
slit_tilt_z = -8.99161354644471
d_slit_col = 1594.3099492743017
coll_tilt_x = 0.11327306539054185
coll_tilt_y = -0.02892148963808463
ech_G = 31.613232317095566
ech_blaze = -74.97483384949513
ech_gamma = 1.138971733665198
echelle_z = 0.07476568952492861
d_col_trf = -1588.017236290668
trf_mirror_tilt_x = 0.026359138695054907
trf_mirror_tilt_y = 0.1621834543999544
d_col_grm = -0.004842602257846251
grism_dec_x = 236.42329628088876
grism_dec_y = 0.038140177883296614
grm_tilt_x = -0.01405739446756579
grm_tilt_y = 2.3052769841558125
grm_G = 222.82399761287724
grm_apex = 17.79100685525525
d_grm_cam  = 21.609813346156955
cam_dec_x = -0.30958981094696
cam_dec_y = 0.24729794688393583
cam_tilt_x = -0.011061320791726484
cam_tilt_y = 0.0037989729845874023
d_cam_ff  = -160.05759550316378
ccd_ff_dec_x = -0.002602547897976718
ccd_ff_dec_y = 0.05305355905442246
ccd_ff_tilt_x = 0.01952500292963752
ccd_ff_tilt_y = -0.5728040463616346
ccd_ff_tilt_z = 0.18004803588676635
d_ff_ccd  = -4.838994924304971
ccd_dec_x = 0.6214031880786713
ccd_dec_y = 5.157145591707666
ccd_defocus = 0.280779647952155
ccd_tilt_x = 0.005076192298253413
ccd_tilt_y = -0.010874749599023984
ccd_tilt_z = 5.046187355488399e-06
p = 0.0001