slit_dec_x_a = -0.181778666534
slit_dec_y_a = -0.18243150017
slit_dec_x_b = 0.14512077562974193
slit_dec_y_b = -0.05510809031835813
slit_defocus = -0.013774425393966375
slit_tilt_x = 1.054102471882027
slit_tilt_y = -8.559912525749404
slit_tilt_z = -9.026854474391062
d_slit_col = 1594.290271558058
coll_tilt_x = 0.12149259399470215
coll_tilt_y = -0.02654563865063503
ech_G = 31.614562721554506
ech_blaze = -74.99488588458063
ech_gamma = 1.1556398936028178
echelle_z = 0.05700543697471448
d_col_trf = -1588.0163642764583
trf_mirror_tilt_x = 0.0072891535701004985
trf_mirror_tilt_y = 0.15547541510986052
d_col_grm = 0.03564130495518198
grism_dec_x = 236.3831933879866
grism_dec_y = 0.009315889356052773
grm_tilt_x = -0.02349983120011721
grm_tilt_y = 2.325790704144596
grm_G = 222.78407139771852
grm_apex = 17.766471293071337
d_grm_cam  = 21.6046972816245
cam_dec_x = -0.27106902444593145
cam_dec_y = 0.2908859729838219
cam_tilt_x = 0.012405751404843257
cam_tilt_y = 0.008797213486328465
d_cam_ff  = -160.07719123172578
ccd_ff_dec_x = -0.023798241853242197
ccd_ff_dec_y = 0.04207583654293459
ccd_ff_tilt_x = 0.03348952394371244
ccd_ff_tilt_y = -0.5909773282709747
ccd_ff_tilt_z = 0.17191072111421005
d_ff_ccd  = -4.815881399441729
ccd_dec_x = 0.5532984262027546
ccd_dec_y = 5.107632388755941
ccd_defocus = 0.2857748677596176
ccd_tilt_x = 0.032604810861620995
ccd_tilt_y = -0.0021594130302260172
ccd_tilt_z = 4.682739560116362e-06
p = 0.0001