slit_dec_x_a = -0.1704010755187174
slit_dec_y_a = -0.1956586180351446
slit_dec_x_b = 0.175
slit_dec_y_b = -1.8704033383508904e-96
slit_defocus = 0.021338743820862722
slit_tilt_x = 1.1139576000315299
slit_tilt_y = -8.538410021666023
slit_tilt_z = -8.991707208434443
d_slit_col = 1594.3099763741864
coll_tilt_x = 0.11321790092697871
coll_tilt_y = -0.028841955671205625
ech_G = 31.613225831739598
ech_blaze = -74.97483058689433
ech_gamma = 1.1389735345727108
echelle_z = 0.07477099203924847
d_col_trf = -1588.0172307105715
trf_mirror_tilt_x = 0.026354820096636908
trf_mirror_tilt_y = 0.16220181919365279
d_col_grm = -0.004798271902128677
grism_dec_x = 236.42325806281045
grism_dec_y = 0.03819647149584508
grm_tilt_x = -0.01405170038487939
grm_tilt_y = 2.305267320282219
grm_G = 222.824000344719
grm_apex = 17.791109473493165
d_grm_cam  = 21.609824069985397
cam_dec_x = -0.30958541502443215
cam_dec_y = 0.24725581095244253
cam_tilt_x = -0.01105622722488442
cam_tilt_y = 0.0037603542695870415
d_cam_ff  = -160.05727345294173
ccd_ff_dec_x = -0.0025951162813176777
ccd_ff_dec_y = 0.05300562679755108
ccd_ff_tilt_x = 0.019550834151687443
ccd_ff_tilt_y = -0.5728060724510999
ccd_ff_tilt_z = 0.18004843658137074
d_ff_ccd  = -4.839007625170261
ccd_dec_x = 0.6214049807186035
ccd_dec_y = 5.157145818523381
ccd_defocus = 0.2807365855342305
ccd_tilt_x = 0.005059549058936526
ccd_tilt_y = -0.010906387022380601
ccd_tilt_z = 4.993021728610246e-06
p = 0.0001