slit_dec_x_a = -0.181778666534
slit_dec_y_a = -0.18243150017
slit_dec_x_b = 0.14512077562974193
slit_dec_y_b = -0.05510809031835813
slit_defocus = -0.013783314237975419
slit_tilt_x = 1.054069941717692
slit_tilt_y = -8.5599605851759
slit_tilt_z = -9.02686182626044
d_slit_col = 1594.290304388592
coll_tilt_x = 0.12149376765191983
coll_tilt_y = -0.02648189885192518
ech_G = 31.614562494612652
ech_blaze = -74.99488728511884
ech_gamma = 1.1556404314757704
echelle_z = 0.057007337980141244
d_col_trf = -1588.0163638869988
trf_mirror_tilt_x = 0.007330106968812774
trf_mirror_tilt_y = 0.15545300607216006
d_col_grm = 0.03555617470758024
grism_dec_x = 236.38321225414782
grism_dec_y = 0.009254969468207757
grm_tilt_x = -0.023501010341546676
grm_tilt_y = 2.32578460468985
grm_G = 222.78406809463263
grm_apex = 17.766524066965577
d_grm_cam  = 21.604699927116645
cam_dec_x = -0.27114867930496755
cam_dec_y = 0.29092863091570037
cam_tilt_x = 0.012421475203749659
cam_tilt_y = 0.008856955022695866
d_cam_ff  = -160.07721715054757
ccd_ff_dec_x = -0.023797178290311336
ccd_ff_dec_y = 0.04200595723689961
ccd_ff_tilt_x = 0.03349609569177126
ccd_ff_tilt_y = -0.5909768580459273
ccd_ff_tilt_z = 0.1719173105052976
d_ff_ccd  = -4.815970305136961
ccd_dec_x = 0.5532912874166066
ccd_dec_y = 5.1076245858147455
ccd_defocus = 0.28574681623570797
ccd_tilt_x = 0.03260886806629632
ccd_tilt_y = -0.0020773493640408656
ccd_tilt_z = 4.632413807648996e-06
p = 0.0001