slit_dec_x_a = -0.181778666534
slit_dec_y_a = -0.18243150017
slit_dec_x_b = 0.14512077562974193
slit_dec_y_b = -0.05510809031835813
slit_defocus = -0.0137495212954345
slit_tilt_x = 1.0540973636715902
slit_tilt_y = -8.559962887596432
slit_tilt_z = -9.026882210229342
d_slit_col = 1594.290283906173
coll_tilt_x = 0.12145240830311431
coll_tilt_y = -0.026499287160204395
ech_G = 31.61456090273188
ech_blaze = -74.99489040493299
ech_gamma = 1.1556454981788422
echelle_z = 0.0570040766759955
d_col_trf = -1588.0163687569082
trf_mirror_tilt_x = 0.00732498169914167
trf_mirror_tilt_y = 0.15547105227849795
d_col_grm = 0.035623186493072535
grism_dec_x = 236.3831685452698
grism_dec_y = 0.009239963975081433
grm_tilt_x = -0.023501379406750886
grm_tilt_y = 2.3257883724420414
grm_G = 222.78407320127073
grm_apex = 17.766517684490616
d_grm_cam  = 21.604701693853816
cam_dec_x = -0.2711188504238021
cam_dec_y = 0.2909587677260313
cam_tilt_x = 0.012408433156362973
cam_tilt_y = 0.008830846881276647
d_cam_ff  = -160.07723292330314
ccd_ff_dec_x = -0.02380666875789157
ccd_ff_dec_y = 0.04200313331289687
ccd_ff_tilt_x = 0.033492947767401735
ccd_ff_tilt_y = -0.5909824449058385
ccd_ff_tilt_z = 0.17191969012865738
d_ff_ccd  = -4.815979748335723
ccd_dec_x = 0.5532975166739258
ccd_dec_y = 5.107629603898888
ccd_defocus = 0.2857340397311748
ccd_tilt_x = 0.032632987831379634
ccd_tilt_y = -0.0021147058174826173
ccd_tilt_z = 4.649821081978276e-06
p = 0.0001