slit_dec_x_a = -0.181778666534
slit_dec_y_a = -0.18243150017
slit_dec_x_b = 0.14512077562974193
slit_dec_y_b = -0.05510809031835813
slit_defocus = -0.013778639821655
slit_tilt_x = 1.054010617697849
slit_tilt_y = -8.559960017284197
slit_tilt_z = -9.026857428790436
d_slit_col = 1594.2902107360921
coll_tilt_x = 0.12151083335604766
coll_tilt_y = -0.026462172246999146
ech_G = 31.614563131234192
ech_blaze = -74.9948877247628
ech_gamma = 1.155638530853615
echelle_z = 0.05700957487108056
d_col_trf = -1588.0163659098523
trf_mirror_tilt_x = 0.007319460795297056
trf_mirror_tilt_y = 0.15544983435934634
d_col_grm = 0.03562969634131493
grism_dec_x = 236.3832748581796
grism_dec_y = 0.009166748430261542
grm_tilt_x = -0.023508068345087757
grm_tilt_y = 2.3257914579973034
grm_G = 222.78406627933538
grm_apex = 17.76653429179657
d_grm_cam  = 21.604698322303967
cam_dec_x = -0.2711123290299753
cam_dec_y = 0.29086817187975944
cam_tilt_x = 0.012484050728406021
cam_tilt_y = 0.008836697282336695
d_cam_ff  = -160.0772989960173
ccd_ff_dec_x = -0.023803593611890616
ccd_ff_dec_y = 0.04212278466425626
ccd_ff_tilt_x = 0.0333994663096513
ccd_ff_tilt_y = -0.5909793689474921
ccd_ff_tilt_z = 0.17191946749500808
d_ff_ccd  = -4.8160287409753835
ccd_dec_x = 0.5532997806647292
ccd_dec_y = 5.107627692693404
ccd_defocus = 0.2857977431300324
ccd_tilt_x = 0.03253257606088803
ccd_tilt_y = -0.002166383969695419
ccd_tilt_z = 4.651495725408327e-06
p = 0.0001