slit_dec_x_a = -0.181778666534
slit_dec_y_a = -0.18243150017
slit_dec_x_b = 0.14512077562974193
slit_dec_y_b = -0.05510809031835813
slit_defocus = -0.013756320204532907
slit_tilt_x = 1.0541548535696748
slit_tilt_y = -8.559976885225689
slit_tilt_z = -9.026869854277388
d_slit_col = 1594.290269176951
coll_tilt_x = 0.12143084144284631
coll_tilt_y = -0.0263991944995277
ech_G = 31.61456531013968
ech_blaze = -74.99489068890696
ech_gamma = 1.1556382566167411
echelle_z = 0.057000672691600834
d_col_trf = -1588.0163678563906
trf_mirror_tilt_x = 0.0073747859300435595
trf_mirror_tilt_y = 0.15544908329412868
d_col_grm = 0.03558276213638061
grism_dec_x = 236.3831415883596
grism_dec_y = 0.009247857563326366
grm_tilt_x = -0.023514151477170047
grm_tilt_y = 2.325790598767452
grm_G = 222.78406632806033
grm_apex = 17.766507498305458
d_grm_cam  = 21.60469774309857
cam_dec_x = -0.27113494410533945
cam_dec_y = 0.29095213034476214
cam_tilt_x = 0.012325522805428644
cam_tilt_y = 0.008894806465420707
d_cam_ff  = -160.07655659416565
ccd_ff_dec_x = -0.02380017639005078
ccd_ff_dec_y = 0.042058510752134924
ccd_ff_tilt_x = 0.033461687111561535
ccd_ff_tilt_y = -0.5909806760057134
ccd_ff_tilt_z = 0.17192116746561623
d_ff_ccd  = -4.816003120030517
ccd_dec_x = 0.5532929316786612
ccd_dec_y = 5.10763492087031
ccd_defocus = 0.28571969744653775
ccd_tilt_x = 0.03258213500889432
ccd_tilt_y = -0.002113618647889909
ccd_tilt_z = 4.639750298450576e-06
p = 0.0001