slit_dec_x_a = -0.181778666534
slit_dec_y_a = -0.18243150017
slit_dec_x_b = 0.14512077562974193
slit_dec_y_b = -0.05510809031835813
slit_defocus = -0.013853405292911325
slit_tilt_x = 1.054012825178088
slit_tilt_y = -8.559934751701501
slit_tilt_z = -9.026842129050236
d_slit_col = 1594.290267387852
coll_tilt_x = 0.12148670130757726
coll_tilt_y = -0.026415357797848326
ech_G = 31.614565022138578
ech_blaze = -74.99489049880451
ech_gamma = 1.155644004394304
echelle_z = 0.05700220461776018
d_col_trf = -1588.0163659145771
trf_mirror_tilt_x = 0.0073273943291435615
trf_mirror_tilt_y = 0.15540560917257334
d_col_grm = 0.035712324293465214
grism_dec_x = 236.38324937559827
grism_dec_y = 0.009244324720535614
grm_tilt_x = -0.023506778524616672
grm_tilt_y = 2.3257912113347388
grm_G = 222.78406906175053
grm_apex = 17.766517501439488
d_grm_cam  = 21.604706745337776
cam_dec_x = -0.2710611084713996
cam_dec_y = 0.2908628230514237
cam_tilt_x = 0.012439820500076932
cam_tilt_y = 0.008783525335236277
d_cam_ff  = -160.07671198731168
ccd_ff_dec_x = -0.023793659542593912
ccd_ff_dec_y = 0.042024726625396525
ccd_ff_tilt_x = 0.033481901448855954
ccd_ff_tilt_y = -0.5909784510092406
ccd_ff_tilt_z = 0.17191846593030552
d_ff_ccd  = -4.816000832641135
ccd_dec_x = 0.5532919262744043
ccd_dec_y = 5.107634387050018
ccd_defocus = 0.2857371864690151
ccd_tilt_x = 0.03256346597679123
ccd_tilt_y = -0.002113415096307891
ccd_tilt_z = 4.667834517649361e-06
p = 0.0001