slit_dec_x_a = -0.181778666534
slit_dec_y_a = -0.18243150017
slit_dec_x_b = 0.14512077562974193
slit_dec_y_b = -0.05510809031835813
slit_defocus = -0.013798624128640951
slit_tilt_x = 1.0540841914165167
slit_tilt_y = -8.560041404616817
slit_tilt_z = -9.02689955953971
d_slit_col = 1594.290308036318
coll_tilt_x = 0.12145649028022726
coll_tilt_y = -0.026498476099284442
ech_G = 31.61455794225237
ech_blaze = -74.99489175516658
ech_gamma = 1.1556348036182265
echelle_z = 0.05700301320689953
d_col_trf = -1588.0163672155106
trf_mirror_tilt_x = 0.007305015401909303
trf_mirror_tilt_y = 0.15549680890054313
d_col_grm = 0.03560042727769764
grism_dec_x = 236.38323780106862
grism_dec_y = 0.00923086860822292
grm_tilt_x = -0.02350284904090318
grm_tilt_y = 2.325792166557571
grm_G = 222.7840651760388
grm_apex = 17.76657470414437
d_grm_cam  = 21.60470004013882
cam_dec_x = -0.27111396435663226
cam_dec_y = 0.2909351750822208
cam_tilt_x = 0.012481831127402794
cam_tilt_y = 0.008825275371666446
d_cam_ff  = -160.07717815267608
ccd_ff_dec_x = -0.023804423849554487
ccd_ff_dec_y = 0.041960652640369966
ccd_ff_tilt_x = 0.03347218010066833
ccd_ff_tilt_y = -0.5909835920820474
ccd_ff_tilt_z = 0.1719174928802395
d_ff_ccd  = -4.815967241926839
ccd_dec_x = 0.5533011248407043
ccd_dec_y = 5.10763035235964
ccd_defocus = 0.2857865165343308
ccd_tilt_x = 0.032649488409545464
ccd_tilt_y = -0.0021949544694255555
ccd_tilt_z = 4.586073308101468e-06
p = 0.0001