slit_dec_x_a = -0.1704010755187174
slit_dec_y_a = -0.1956586180351446
slit_dec_x_b = 0.175
slit_dec_y_b = -1.7481727835670182e-96
slit_defocus = 0.021401457350312108
slit_tilt_x = 1.1139803357798908
slit_tilt_y = -8.538458256721634
slit_tilt_z = -8.99168704020646
d_slit_col = 1594.309945117328
coll_tilt_x = 0.11323555562154261
coll_tilt_y = -0.02890670355782722
ech_G = 31.61323077484855
ech_blaze = -74.9748316731388
ech_gamma = 1.1389732604230631
echelle_z = 0.07477453276615077
d_col_trf = -1588.0172350841444
trf_mirror_tilt_x = 0.0263195899141903
trf_mirror_tilt_y = 0.16223463542846112
d_col_grm = -0.004794386031370375
grism_dec_x = 236.42328906557435
grism_dec_y = 0.03821663211679025
grm_tilt_x = -0.014047915590187575
grm_tilt_y = 2.3052750989855633
grm_G = 222.82401329765923
grm_apex = 17.791081805662973
d_grm_cam  = 21.609814522868387
cam_dec_x = -0.3095200882731313
cam_dec_y = 0.24727916867697644
cam_tilt_x = -0.011048281177977933
cam_tilt_y = 0.003745332243892801
d_cam_ff  = -160.05735422572513
ccd_ff_dec_x = -0.0025999117253351707
ccd_ff_dec_y = 0.05299493945202952
ccd_ff_tilt_x = 0.019471194892285493
ccd_ff_tilt_y = -0.5728015614677786
ccd_ff_tilt_z = 0.1800497185704329
d_ff_ccd  = -4.8389360652626605
ccd_dec_x = 0.6214116405748166
ccd_dec_y = 5.157153639258316
ccd_defocus = 0.2807511944154439
ccd_tilt_x = 0.005055682077026047
ccd_tilt_y = -0.010904347537330163
ccd_tilt_z = 4.975702917272408e-06
p = 0.0001