slit_dec_x_a = -0.1704010755187174
slit_dec_y_a = -0.1956586180351446
slit_dec_x_b = 0.175
slit_dec_y_b = -1.8548719230947736e-96
slit_defocus = 0.021353001303722405
slit_tilt_x = 1.1139984740224533
slit_tilt_y = -8.538418198448083
slit_tilt_z = -8.991647160646124
d_slit_col = 1594.309943834672
coll_tilt_x = 0.11326220747399393
coll_tilt_y = -0.02885441415680175
ech_G = 31.613228421879633
ech_blaze = -74.97482969687184
ech_gamma = 1.1389763889474385
echelle_z = 0.07477513731068802
d_col_trf = -1588.0172300841489
trf_mirror_tilt_x = 0.02627752291111711
trf_mirror_tilt_y = 0.16221651022115538
d_col_grm = -0.004852533166143439
grism_dec_x = 236.42340238948483
grism_dec_y = 0.03817083855809948
grm_tilt_x = -0.014055978349493535
grm_tilt_y = 2.3052755964342033
grm_G = 222.82400145288074
grm_apex = 17.79109278822243
d_grm_cam  = 21.609814930676624
cam_dec_x = -0.3095888782143036
cam_dec_y = 0.247270183319145
cam_tilt_x = -0.011020843497933357
cam_tilt_y = 0.0038083978131561477
d_cam_ff  = -160.05741505671506
ccd_ff_dec_x = -0.0026009640356974505
ccd_ff_dec_y = 0.052997322858041825
ccd_ff_tilt_x = 0.019497292253143728
ccd_ff_tilt_y = -0.5728063394614353
ccd_ff_tilt_z = 0.1800534771940056
d_ff_ccd  = -4.838951288417825
ccd_dec_x = 0.621407749833029
ccd_dec_y = 5.1571460241934215
ccd_defocus = 0.28072439636748664
ccd_tilt_x = 0.005077957569873579
ccd_tilt_y = -0.010881794277100088
ccd_tilt_z = 5.013616270690089e-06
p = 0.0001