slit_dec_x_a = -0.1704010755187174
slit_dec_y_a = -0.1956586180351446
slit_dec_x_b = 0.175
slit_dec_y_b = -1.8142530117256646e-96
slit_defocus = 0.021396956826735414
slit_tilt_x = 1.113937751173307
slit_tilt_y = -8.53847484294762
slit_tilt_z = -8.991665878527744
d_slit_col = 1594.3099950681371
coll_tilt_x = 0.11316927556331685
coll_tilt_y = -0.02887451123413853
ech_G = 31.61322664769674
ech_blaze = -74.97483584409711
ech_gamma = 1.1389778941086568
echelle_z = 0.07476241752699911
d_col_trf = -1588.017232714944
trf_mirror_tilt_x = 0.02630346722419551
trf_mirror_tilt_y = 0.16220064149064076
d_col_grm = -0.0047986873848303285
grism_dec_x = 236.42331691307214
grism_dec_y = 0.03813807341542215
grm_tilt_x = -0.014049192695829655
grm_tilt_y = 2.3052800089457515
grm_G = 222.82400297680394
grm_apex = 17.791079802896487
d_grm_cam  = 21.609815454845695
cam_dec_x = -0.3095136819598313
cam_dec_y = 0.24723034444017425
cam_tilt_x = -0.011112803351970011
cam_tilt_y = 0.0037427207621537435
d_cam_ff  = -160.0579409906261
ccd_ff_dec_x = -0.0026020699184866845
ccd_ff_dec_y = 0.052965156569063115
ccd_ff_tilt_x = 0.019428992701247837
ccd_ff_tilt_y = -0.5728031045716127
ccd_ff_tilt_z = 0.18004827997266357
d_ff_ccd  = -4.8389411344346716
ccd_dec_x = 0.6214060934998722
ccd_dec_y = 5.157151402516473
ccd_defocus = 0.28074655551429195
ccd_tilt_x = 0.0050592615710369744
ccd_tilt_y = -0.01094675097362065
ccd_tilt_z = 5.085787273308524e-06
p = 0.0001