slit_dec_x_a = -0.1704010755187174
slit_dec_y_a = -0.1956586180351446
slit_dec_x_b = 0.175
slit_dec_y_b = -1.8590106240482803e-96
slit_defocus = 0.021379271076111213
slit_tilt_x = 1.114061419833984
slit_tilt_y = -8.53844010774802
slit_tilt_z = -8.991641256352967
d_slit_col = 1594.3098902994184
coll_tilt_x = 0.11320633859594828
coll_tilt_y = -0.02890433417907457
ech_G = 31.613232060360804
ech_blaze = -74.97483427799018
ech_gamma = 1.1389787812331083
echelle_z = 0.07477364820688905
d_col_trf = -1588.017227973416
trf_mirror_tilt_x = 0.026310437058427574
trf_mirror_tilt_y = 0.1622097076282336
d_col_grm = -0.004785305937520913
grism_dec_x = 236.42331857487775
grism_dec_y = 0.03818958313787582
grm_tilt_x = -0.014058758137296633
grm_tilt_y = 2.305279451808109
grm_G = 222.82400297189375
grm_apex = 17.790985908195232
d_grm_cam  = 21.609815788921548
cam_dec_x = -0.30951640966240446
cam_dec_y = 0.24720925425971538
cam_tilt_x = -0.011130801294412478
cam_tilt_y = 0.0037828638752683374
d_cam_ff  = -160.05709845007019
ccd_ff_dec_x = -0.0026016710644171425
ccd_ff_dec_y = 0.05302886104780449
ccd_ff_tilt_x = 0.019443164265112223
ccd_ff_tilt_y = -0.5728072941570415
ccd_ff_tilt_z = 0.18005765165464996
d_ff_ccd  = -4.8389777287956175
ccd_dec_x = 0.621399398787459
ccd_dec_y = 5.157147530026748
ccd_defocus = 0.2808059197717966
ccd_tilt_x = 0.005020459661920496
ccd_tilt_y = -0.010916326467261706
ccd_tilt_z = 5.032688967768923e-06
p = 0.0001