slit_dec_x_a = -0.181778666534
slit_dec_y_a = -0.18243150017
slit_dec_x_b = 0.14512077562974193
slit_dec_y_b = -0.05510809031835813
slit_defocus = -0.013778519443465836
slit_tilt_x = 1.0541675085212039
slit_tilt_y = -8.560002063856468
slit_tilt_z = -9.02690489522409
d_slit_col = 1594.290228235097
coll_tilt_x = 0.12146548140439231
coll_tilt_y = -0.026466869209621505
ech_G = 31.61456048978887
ech_blaze = -74.9948890748938
ech_gamma = 1.1556441805563067
echelle_z = 0.056999721289481844
d_col_trf = -1588.0163702357227
trf_mirror_tilt_x = 0.007268904984010072
trf_mirror_tilt_y = 0.15545753055960904
d_col_grm = 0.03564220804665672
grism_dec_x = 236.38320918365181
grism_dec_y = 0.009254570806793412
grm_tilt_x = -0.023508128882516532
grm_tilt_y = 2.32578383969007
grm_G = 222.78406633162112
grm_apex = 17.766482979908155
d_grm_cam  = 21.60470923011146
cam_dec_x = -0.2711539400416494
cam_dec_y = 0.29088988492138046
cam_tilt_x = 0.012414931703016862
cam_tilt_y = 0.008856270320171555
d_cam_ff  = -160.07703602505617
ccd_ff_dec_x = -0.023804145667524056
ccd_ff_dec_y = 0.04205807946819985
ccd_ff_tilt_x = 0.03345436069203432
ccd_ff_tilt_y = -0.590987734589718
ccd_ff_tilt_z = 0.17192639754279887
d_ff_ccd  = -4.815993612412298
ccd_dec_x = 0.553298247120635
ccd_dec_y = 5.107631421717026
ccd_defocus = 0.2857339652488217
ccd_tilt_x = 0.03251815780099102
ccd_tilt_y = -0.0021229398895595596
ccd_tilt_z = 4.6522493200171205e-06
p = 0.0001