slit_dec_x_a = -0.1704010755187174
slit_dec_y_a = -0.1956586180351446
slit_dec_x_b = 0.175
slit_dec_y_b = -1.8642232350715589e-96
slit_defocus = 0.021348304806203963
slit_tilt_x = 1.1139953601752093
slit_tilt_y = -8.538439199887936
slit_tilt_z = -8.991634813933482
d_slit_col = 1594.3099788281122
coll_tilt_x = 0.1132202210247349
coll_tilt_y = -0.028889803389242227
ech_G = 31.61322868218999
ech_blaze = -74.97482584981395
ech_gamma = 1.1389792805604195
echelle_z = 0.07477245653860795
d_col_trf = -1588.0172336121957
trf_mirror_tilt_x = 0.026362343962169313
trf_mirror_tilt_y = 0.1621905706831727
d_col_grm = -0.004841636724596849
grism_dec_x = 236.4233786680366
grism_dec_y = 0.03813787221944168
grm_tilt_x = -0.014058354091007214
grm_tilt_y = 2.305274994918344
grm_G = 222.82401304781234
grm_apex = 17.79101390245809
d_grm_cam  = 21.609814773812076
cam_dec_x = -0.30952645122248207
cam_dec_y = 0.24722970515445955
cam_tilt_x = -0.011095275936452929
cam_tilt_y = 0.003814222956165903
d_cam_ff  = -160.05749381417786
ccd_ff_dec_x = -0.0025987258249827866
ccd_ff_dec_y = 0.052999186744480946
ccd_ff_tilt_x = 0.01949715780755078
ccd_ff_tilt_y = -0.572803515395421
ccd_ff_tilt_z = 0.18005360641967644
d_ff_ccd  = -4.838921313449874
ccd_dec_x = 0.6214001950129903
ccd_dec_y = 5.157155776496387
ccd_defocus = 0.28067072778264385
ccd_tilt_x = 0.004977960273794113
ccd_tilt_y = -0.010865170369644335
ccd_tilt_z = 5.042222259719977e-06
p = 0.0001