slit_dec_x_a = -0.1704010755187174
slit_dec_y_a = -0.1956586180351446
slit_dec_x_b = 0.175
slit_dec_y_b = -1.8333968396798152e-96
slit_defocus = 0.02138402503431492
slit_tilt_x = 1.11402014015858
slit_tilt_y = -8.538466479716956
slit_tilt_z = -8.991616785380224
d_slit_col = 1594.3099401486872
coll_tilt_x = 0.11321422529122453
coll_tilt_y = -0.02889261753881896
ech_G = 31.613230305668324
ech_blaze = -74.97482869686858
ech_gamma = 1.1389791193305643
echelle_z = 0.07477518637129293
d_col_trf = -1588.017236405598
trf_mirror_tilt_x = 0.02624714417225363
trf_mirror_tilt_y = 0.16223705351822812
d_col_grm = -0.004911582415235071
grism_dec_x = 236.4233128068662
grism_dec_y = 0.038155804078878516
grm_tilt_x = -0.014056417963559784
grm_tilt_y = 2.305273978970494
grm_G = 222.82400160785593
grm_apex = 17.791004470787886
d_grm_cam  = 21.609816026967692
cam_dec_x = -0.30947985162087005
cam_dec_y = 0.24728567599562076
cam_tilt_x = -0.011103103821582834
cam_tilt_y = 0.0037460320213445275
d_cam_ff  = -160.0579297470881
ccd_ff_dec_x = -0.0025966712331643156
ccd_ff_dec_y = 0.05301347028816406
ccd_ff_tilt_x = 0.01954543288702814
ccd_ff_tilt_y = -0.5728099554187527
ccd_ff_tilt_z = 0.1800555826574126
d_ff_ccd  = -4.838961133310223
ccd_dec_x = 0.6214065973497203
ccd_dec_y = 5.157152363836509
ccd_defocus = 0.2807320979885843
ccd_tilt_x = 0.005071899791186712
ccd_tilt_y = -0.010949652032390381
ccd_tilt_z = 5.091081672665219e-06
p = 0.0001