slit_dec_x_a = -0.1704010755187174
slit_dec_y_a = -0.1956586180351446
slit_dec_x_b = 0.175
slit_dec_y_b = -1.889863399049738e-96
slit_defocus = 0.021462418595082935
slit_tilt_x = 1.114034245889057
slit_tilt_y = -8.538393221796847
slit_tilt_z = -8.991721621002997
d_slit_col = 1594.3099566819672
coll_tilt_x = 0.11320836044929718
coll_tilt_y = -0.028903621298776636
ech_G = 31.613226987182372
ech_blaze = -74.97483141124317
ech_gamma = 1.1389739600665694
echelle_z = 0.07477558469353378
d_col_trf = -1588.0172354336137
trf_mirror_tilt_x = 0.0262545970689585
trf_mirror_tilt_y = 0.1622015711071743
d_col_grm = -0.004892368020325334
grism_dec_x = 236.42334909612052
grism_dec_y = 0.03812652144609543
grm_tilt_x = -0.01405429404592105
grm_tilt_y = 2.3052687638796363
grm_G = 222.82400217408104
grm_apex = 17.791018134052184
d_grm_cam  = 21.609820319253743
cam_dec_x = -0.30955588237595705
cam_dec_y = 0.24725484554113553
cam_tilt_x = -0.011109747697967192
cam_tilt_y = 0.003773343266777619
d_cam_ff  = -160.057668057764
ccd_ff_dec_x = -0.002593241578986903
ccd_ff_dec_y = 0.052981286977858776
ccd_ff_tilt_x = 0.01952035395818403
ccd_ff_tilt_y = -0.5727999472920303
ccd_ff_tilt_z = 0.1800450994284254
d_ff_ccd  = -4.838974657265204
ccd_dec_x = 0.6214001079477245
ccd_dec_y = 5.157151528524953
ccd_defocus = 0.28070306745323953
ccd_tilt_x = 0.005002309701009416
ccd_tilt_y = -0.010885654113141656
ccd_tilt_z = 5.069955833822092e-06
p = 0.0001