slit_dec_x_a = -0.181778666534
slit_dec_y_a = -0.18243150017
slit_dec_x_b = 0.14512077562974193
slit_dec_y_b = -0.05510809031835813
slit_defocus = -0.01376208406793098
slit_tilt_x = 1.0541255885030567
slit_tilt_y = -8.559993612440449
slit_tilt_z = -9.026900865340568
d_slit_col = 1594.2902232374993
coll_tilt_x = 0.12147306942129225
coll_tilt_y = -0.026488655114085817
ech_G = 31.61456427994761
ech_blaze = -74.99489133993914
ech_gamma = 1.1556357912602755
echelle_z = 0.05699655974894559
d_col_trf = -1588.016366413773
trf_mirror_tilt_x = 0.007277584396554784
trf_mirror_tilt_y = 0.15544351279186538
d_col_grm = 0.03572107346974259
grism_dec_x = 236.38321639611178
grism_dec_y = 0.00926542601250968
grm_tilt_x = -0.023502705821861543
grm_tilt_y = 2.3257937109292564
grm_G = 222.7840660415231
grm_apex = 17.766495146368428
d_grm_cam  = 21.60469563787002
cam_dec_x = -0.27115104206124285
cam_dec_y = 0.29091778346175856
cam_tilt_x = 0.012388455933951098
cam_tilt_y = 0.00885582356721756
d_cam_ff  = -160.0770744311785
ccd_ff_dec_x = -0.023798504841601686
ccd_ff_dec_y = 0.042072197311161796
ccd_ff_tilt_x = 0.03346081579101455
ccd_ff_tilt_y = -0.5909766801651146
ccd_ff_tilt_z = 0.17191834692200836
d_ff_ccd  = -4.815997380437347
ccd_dec_x = 0.5532926322728118
ccd_dec_y = 5.107632957513918
ccd_defocus = 0.28573796173018373
ccd_tilt_x = 0.032596582331470614
ccd_tilt_y = -0.00210637157000248
ccd_tilt_z = 4.680815799616973e-06
p = 0.0001