slit_dec_x_a = -0.1704010755187174
slit_dec_y_a = -0.1956586180351446
slit_dec_x_b = 0.175
slit_dec_y_b = -1.7808057330529801e-96
slit_defocus = 0.02145045298133402
slit_tilt_x = 1.1139246427318803
slit_tilt_y = -8.53839423957698
slit_tilt_z = -8.991623268156214
d_slit_col = 1594.3100098420512
coll_tilt_x = 0.11321796876694588
coll_tilt_y = -0.028960794365033828
ech_G = 31.613224291865443
ech_blaze = -74.97483475092419
ech_gamma = 1.1389727041590165
echelle_z = 0.07477099645920973
d_col_trf = -1588.017230268243
trf_mirror_tilt_x = 0.02627313374831501
trf_mirror_tilt_y = 0.1622046951031688
d_col_grm = -0.004868092849324325
grism_dec_x = 236.42329587538828
grism_dec_y = 0.03811847572450513
grm_tilt_x = -0.014051346038293193
grm_tilt_y = 2.305273118575764
grm_G = 222.82400613106932
grm_apex = 17.79099806017834
d_grm_cam  = 21.60981522665089
cam_dec_x = -0.3094859425656941
cam_dec_y = 0.24729724403733774
cam_tilt_x = -0.011062696437181132
cam_tilt_y = 0.0037792783584388277
d_cam_ff  = -160.057518145005
ccd_ff_dec_x = -0.00260311492235253
ccd_ff_dec_y = 0.0531009598854553
ccd_ff_tilt_x = 0.019540968243702432
ccd_ff_tilt_y = -0.572802007717076
ccd_ff_tilt_z = 0.18005051460982394
d_ff_ccd  = -4.8388995408921955
ccd_dec_x = 0.6214032592183056
ccd_dec_y = 5.157153721942436
ccd_defocus = 0.28072131664719774
ccd_tilt_x = 0.0050243471462838645
ccd_tilt_y = -0.01095274485318791
ccd_tilt_z = 5.065244916307435e-06
p = 0.0001