slit_dec_x_a = -0.1704010755187174
slit_dec_y_a = -0.1956586180351446
slit_dec_x_b = 0.175
slit_dec_y_b = -1.8219971401860412e-96
slit_defocus = 0.021399608746754353
slit_tilt_x = 1.1140102898483937
slit_tilt_y = -8.538413094376867
slit_tilt_z = -8.991641232727874
d_slit_col = 1594.3099999612023
coll_tilt_x = 0.11323174558574449
coll_tilt_y = -0.02893344558082616
ech_G = 31.613228615324985
ech_blaze = -74.97483063945826
ech_gamma = 1.1389772145950916
echelle_z = 0.0747720658454289
d_col_trf = -1588.017229899543
trf_mirror_tilt_x = 0.026288282456108106
trf_mirror_tilt_y = 0.1622597587437758
d_col_grm = -0.00483698541078433
grism_dec_x = 236.42327274269917
grism_dec_y = 0.03814458287714704
grm_tilt_x = -0.014054838816773324
grm_tilt_y = 2.3052777593566147
grm_G = 222.82399846878917
grm_apex = 17.791019082398154
d_grm_cam  = 21.609818278281015
cam_dec_x = -0.309516382217901
cam_dec_y = 0.24728734549998646
cam_tilt_x = -0.011066814884589653
cam_tilt_y = 0.0038394394724203715
d_cam_ff  = -160.0571669426938
ccd_ff_dec_x = -0.002600384350814879
ccd_ff_dec_y = 0.05302930503903063
ccd_ff_tilt_x = 0.0195106007850975
ccd_ff_tilt_y = -0.5728012004044687
ccd_ff_tilt_z = 0.1800499920691751
d_ff_ccd  = -4.838896238805749
ccd_dec_x = 0.6214144548741417
ccd_dec_y = 5.157146434112128
ccd_defocus = 0.28072232584471596
ccd_tilt_x = 0.005011178154544085
ccd_tilt_y = -0.010909834583387209
ccd_tilt_z = 5.056647317690877e-06
p = 0.0001