slit_dec_x_a = -0.1704010755187174
slit_dec_y_a = -0.1956586180351446
slit_dec_x_b = 0.175
slit_dec_y_b = -1.8061197791682535e-96
slit_defocus = 0.021390103248826176
slit_tilt_x = 1.1139757548162117
slit_tilt_y = -8.53842516142733
slit_tilt_z = -8.991643825721683
d_slit_col = 1594.3099554674227
coll_tilt_x = 0.11319733446773686
coll_tilt_y = -0.028893837277242977
ech_G = 31.613227741329514
ech_blaze = -74.97483053618899
ech_gamma = 1.1389729409945044
echelle_z = 0.07476908555338238
d_col_trf = -1588.0172350663424
trf_mirror_tilt_x = 0.02621858548422165
trf_mirror_tilt_y = 0.16219772997504023
d_col_grm = -0.004787249518888988
grism_dec_x = 236.42331378441324
grism_dec_y = 0.03814422233967242
grm_tilt_x = -0.014052891503429208
grm_tilt_y = 2.3052809881039504
grm_G = 222.82400231555417
grm_apex = 17.79106348082574
d_grm_cam  = 21.60981296307363
cam_dec_x = -0.3095493031225779
cam_dec_y = 0.24730467127606925
cam_tilt_x = -0.011080270649029294
cam_tilt_y = 0.0037969146311505994
d_cam_ff  = -160.05733735309389
ccd_ff_dec_x = -0.002595404360575353
ccd_ff_dec_y = 0.05298574727053373
ccd_ff_tilt_x = 0.019504041620617148
ccd_ff_tilt_y = -0.5728001350706398
ccd_ff_tilt_z = 0.18004406354816355
d_ff_ccd  = -4.838911334136268
ccd_dec_x = 0.6214059989767757
ccd_dec_y = 5.157141812097111
ccd_defocus = 0.28075114317864724
ccd_tilt_x = 0.005080842783890537
ccd_tilt_y = -0.010960521975802872
ccd_tilt_z = 5.097967960306744e-06
p = 0.0001