slit_dec_x_a = -0.1704010755187174
slit_dec_y_a = -0.1956586180351446
slit_dec_x_b = 0.175
slit_dec_y_b = -1.866208200742563e-96
slit_defocus = 0.021397036086105773
slit_tilt_x = 1.1140307644266625
slit_tilt_y = -8.538509693339854
slit_tilt_z = -8.991629321876163
d_slit_col = 1594.3099328722553
coll_tilt_x = 0.11324401925665652
coll_tilt_y = -0.028883297433767163
ech_G = 31.61323222680468
ech_blaze = -74.97483266293784
ech_gamma = 1.138971385874651
echelle_z = 0.07477281408564174
d_col_trf = -1588.0172388561
trf_mirror_tilt_x = 0.026250106646193688
trf_mirror_tilt_y = 0.16215844318351064
d_col_grm = -0.004928628347901481
grism_dec_x = 236.42334499957076
grism_dec_y = 0.038213159716017124
grm_tilt_x = -0.01404976328061036
grm_tilt_y = 2.305275007089942
grm_G = 222.82400939206187
grm_apex = 17.790975889456096
d_grm_cam  = 21.609821761988393
cam_dec_x = -0.3095109100752007
cam_dec_y = 0.24724831772921105
cam_tilt_x = -0.011082939297270705
cam_tilt_y = 0.0037656140574404643
d_cam_ff  = -160.0574850829436
ccd_ff_dec_x = -0.0026077991465910944
ccd_ff_dec_y = 0.05306282944629742
ccd_ff_tilt_x = 0.019492483446416894
ccd_ff_tilt_y = -0.5728047365211594
ccd_ff_tilt_z = 0.18005013765163613
d_ff_ccd  = -4.8389892539917545
ccd_dec_x = 0.6214019709490032
ccd_dec_y = 5.157148256929771
ccd_defocus = 0.28069842863535877
ccd_tilt_x = 0.005017906780478866
ccd_tilt_y = -0.010823437914130004
ccd_tilt_z = 4.979596031158417e-06
p = 0.0001