slit_dec_x_a = -0.1704010755187174
slit_dec_y_a = -0.1956586180351446
slit_dec_x_b = 0.175
slit_dec_y_b = -1.840941394029829e-96
slit_defocus = 0.021362422771917505
slit_tilt_x = 1.1140702105351947
slit_tilt_y = -8.538459632648228
slit_tilt_z = -8.991657204803605
d_slit_col = 1594.3100034499191
coll_tilt_x = 0.11323524624915485
coll_tilt_y = -0.028853646711327324
ech_G = 31.613236253789974
ech_blaze = -74.97483854372459
ech_gamma = 1.13898167902111
echelle_z = 0.07477041543137206
d_col_trf = -1588.01722632854
trf_mirror_tilt_x = 0.026316598986033498
trf_mirror_tilt_y = 0.16225741931850418
d_col_grm = -0.004876177122786868
grism_dec_x = 236.42325713391023
grism_dec_y = 0.038212994188028725
grm_tilt_x = -0.014052922544702012
grm_tilt_y = 2.305282169662057
grm_G = 222.82400800331592
grm_apex = 17.791034856630816
d_grm_cam  = 21.609815692746643
cam_dec_x = -0.30947398361975764
cam_dec_y = 0.24733327128670843
cam_tilt_x = -0.011135856782962394
cam_tilt_y = 0.0038326442449627724
d_cam_ff  = -160.05750572398208
ccd_ff_dec_x = -0.0026004959233241563
ccd_ff_dec_y = 0.05307478368643721
ccd_ff_tilt_x = 0.019550406993466503
ccd_ff_tilt_y = -0.5728019544094238
ccd_ff_tilt_z = 0.18004969754645053
d_ff_ccd  = -4.838934313341932
ccd_dec_x = 0.6214062266638378
ccd_dec_y = 5.157149572034423
ccd_defocus = 0.2807932407309752
ccd_tilt_x = 0.004997116499318608
ccd_tilt_y = -0.010925795343340544
ccd_tilt_z = 5.067713856307728e-06
p = 0.0001