slit_dec_x_a = -0.1704010755187174
slit_dec_y_a = -0.1956586180351446
slit_dec_x_b = 0.175
slit_dec_y_b = -1.8375709022112485e-96
slit_defocus = 0.021448857959414248
slit_tilt_x = 1.1140121479505924
slit_tilt_y = -8.538410485449221
slit_tilt_z = -8.991628933585034
d_slit_col = 1594.3100117142394
coll_tilt_x = 0.11320150048420652
coll_tilt_y = -0.028908470327083654
ech_G = 31.613226430871215
ech_blaze = -74.97483804429625
ech_gamma = 1.138979860724893
echelle_z = 0.07476672313790732
d_col_trf = -1588.0172279565109
trf_mirror_tilt_x = 0.026295143316503487
trf_mirror_tilt_y = 0.16217413412900525
d_col_grm = -0.004873849598205678
grism_dec_x = 236.42332519626797
grism_dec_y = 0.03809748860907627
grm_tilt_x = -0.014057693567936257
grm_tilt_y = 2.305282879156654
grm_G = 222.82400549140925
grm_apex = 17.790986752932195
d_grm_cam  = 21.609820385471732
cam_dec_x = -0.30954054436365086
cam_dec_y = 0.2472907265986579
cam_tilt_x = -0.01109515664419486
cam_tilt_y = 0.003836196206402352
d_cam_ff  = -160.05763475078732
ccd_ff_dec_x = -0.002600181539741455
ccd_ff_dec_y = 0.05304960492888791
ccd_ff_tilt_x = 0.01953283146689949
ccd_ff_tilt_y = -0.572802945366757
ccd_ff_tilt_z = 0.18005250682714502
d_ff_ccd  = -4.838988277799548
ccd_dec_x = 0.6214019048768725
ccd_dec_y = 5.1571439265943075
ccd_defocus = 0.2807419088236238
ccd_tilt_x = 0.005089666116385543
ccd_tilt_y = -0.010889801137657147
ccd_tilt_z = 4.971891135071933e-06
p = 0.0001