slit_dec_x_a = -0.181778666534
slit_dec_y_a = -0.18243150017
slit_dec_x_b = 0.14512077562974193
slit_dec_y_b = -0.05510809031835813
slit_defocus = -0.013810430120218018
slit_tilt_x = 1.0540930558326194
slit_tilt_y = -8.559923930985923
slit_tilt_z = -9.02698229088011
d_slit_col = 1594.2902250600775
coll_tilt_x = 0.12142332608278994
coll_tilt_y = -0.026482922250307937
ech_G = 31.61455969807464
ech_blaze = -74.99488551017356
ech_gamma = 1.1556381277165415
echelle_z = 0.05700268612123771
d_col_trf = -1588.0163674193966
trf_mirror_tilt_x = 0.007255317527626768
trf_mirror_tilt_y = 0.15543308406566106
d_col_grm = 0.03566440365594011
grism_dec_x = 236.38319474265464
grism_dec_y = 0.009259091371773526
grm_tilt_x = -0.023502881049069946
grm_tilt_y = 2.3257961880390994
grm_G = 222.78406679244935
grm_apex = 17.766575863920508
d_grm_cam  = 21.60469750387442
cam_dec_x = -0.2711602711409437
cam_dec_y = 0.290830955790372
cam_tilt_x = 0.012356368432820406
cam_tilt_y = 0.00878375234913112
d_cam_ff  = -160.0771327335311
ccd_ff_dec_x = -0.02380413407054814
ccd_ff_dec_y = 0.042025638406615565
ccd_ff_tilt_x = 0.03342185924179405
ccd_ff_tilt_y = -0.5909828857876824
ccd_ff_tilt_z = 0.17192160467546105
d_ff_ccd  = -4.8159623578183695
ccd_dec_x = 0.5532899730455522
ccd_dec_y = 5.107643311561972
ccd_defocus = 0.2856682585280122
ccd_tilt_x = 0.03266639869679873
ccd_tilt_y = -0.0020633904088121994
ccd_tilt_z = 4.669703798304764e-06
p = 0.0001