slit_dec_x_a = -0.181778666534
slit_dec_y_a = -0.18243150017
slit_dec_x_b = 0.14512077562974193
slit_dec_y_b = -0.05510809031835813
slit_defocus = -0.01378235801288694
slit_tilt_x = 1.0540903160657724
slit_tilt_y = -8.55995910302328
slit_tilt_z = -9.026867762590618
d_slit_col = 1594.2902959312933
coll_tilt_x = 0.12146716375556345
coll_tilt_y = -0.026510725821525576
ech_G = 31.614560207590618
ech_blaze = -74.9948890544344
ech_gamma = 1.1556367439030384
echelle_z = 0.057004176226850244
d_col_trf = -1588.016363725785
trf_mirror_tilt_x = 0.0073184294177029065
trf_mirror_tilt_y = 0.15545265994579066
d_col_grm = 0.035667338098093804
grism_dec_x = 236.3832148447884
grism_dec_y = 0.009243734715439276
grm_tilt_x = -0.023505847310027896
grm_tilt_y = 2.3257868760291425
grm_G = 222.78407028735862
grm_apex = 17.766533932138547
d_grm_cam  = 21.604700626662574
cam_dec_x = -0.2711019941827024
cam_dec_y = 0.2908893385136168
cam_tilt_x = 0.012408297317232513
cam_tilt_y = 0.008844414080326424
d_cam_ff  = -160.07701902609273
ccd_ff_dec_x = -0.02380101284520564
ccd_ff_dec_y = 0.04204876363287781
ccd_ff_tilt_x = 0.03348366197955944
ccd_ff_tilt_y = -0.5909784558903453
ccd_ff_tilt_z = 0.1719163189172299
d_ff_ccd  = -4.81598899396148
ccd_dec_x = 0.5532970028170731
ccd_dec_y = 5.107632720083327
ccd_defocus = 0.2857686527446401
ccd_tilt_x = 0.03260698528778249
ccd_tilt_y = -0.0021617605496768717
ccd_tilt_z = 4.69407156902902e-06
p = 0.0001