slit_dec_x_a = -0.181778666534
slit_dec_y_a = -0.18243150017
slit_dec_x_b = 0.14512077562974193
slit_dec_y_b = -0.05510809031835813
slit_defocus = -0.01379403350332815
slit_tilt_x = 1.054095119506217
slit_tilt_y = -8.559954024402563
slit_tilt_z = -9.026873224561115
d_slit_col = 1594.2902885609267
coll_tilt_x = 0.12146959513299525
coll_tilt_y = -0.026486448027114477
ech_G = 31.614561231763165
ech_blaze = -74.99488915225741
ech_gamma = 1.15564151635387
echelle_z = 0.05700199435699913
d_col_trf = -1588.0163639844027
trf_mirror_tilt_x = 0.007310809024991428
trf_mirror_tilt_y = 0.15544597030195526
d_col_grm = 0.03566822883929493
grism_dec_x = 236.38321572308203
grism_dec_y = 0.00924411917726959
grm_tilt_x = -0.02350778357062783
grm_tilt_y = 2.3257878234841822
grm_G = 222.7840697565495
grm_apex = 17.76651675722085
d_grm_cam  = 21.6047006365307
cam_dec_x = -0.27110160260183247
cam_dec_y = 0.29088096973735283
cam_tilt_x = 0.012390841370494525
cam_tilt_y = 0.00882151776586955
d_cam_ff  = -160.07708785371784
ccd_ff_dec_x = -0.023803360819140657
ccd_ff_dec_y = 0.04204388755803447
ccd_ff_tilt_x = 0.033486527602131874
ccd_ff_tilt_y = -0.5909807941296107
ccd_ff_tilt_z = 0.17191806546988067
d_ff_ccd  = -4.815988912243191
ccd_dec_x = 0.5532969859293405
ccd_dec_y = 5.107631754817782
ccd_defocus = 0.28576232530013573
ccd_tilt_x = 0.032593731077024075
ccd_tilt_y = -0.0021517636790557237
ccd_tilt_z = 4.615056640801285e-06
p = 0.0001