slit_dec_x_a = -0.1704010755187174
slit_dec_y_a = -0.1956586180351446
slit_dec_x_b = 0.175
slit_dec_y_b = -1.8531408789101962e-96
slit_defocus = 0.021423376726611987
slit_tilt_x = 1.1139679275960612
slit_tilt_y = -8.538462224771388
slit_tilt_z = -8.991581197521693
d_slit_col = 1594.3099809225175
coll_tilt_x = 0.11317607143632721
coll_tilt_y = -0.02890651849436716
ech_G = 31.613226621362802
ech_blaze = -74.97482875913835
ech_gamma = 1.1389758734871915
echelle_z = 0.07477020793204471
d_col_trf = -1588.0172317525085
trf_mirror_tilt_x = 0.026373508708626633
trf_mirror_tilt_y = 0.16227062063238581
d_col_grm = -0.004906684839510924
grism_dec_x = 236.4233252426866
grism_dec_y = 0.03813038612095542
grm_tilt_x = -0.014055318729932107
grm_tilt_y = 2.305274132020537
grm_G = 222.82400571480966
grm_apex = 17.79102856825074
d_grm_cam  = 21.60982148878402
cam_dec_x = -0.3095512693887422
cam_dec_y = 0.24733187718236205
cam_tilt_x = -0.011137251697821758
cam_tilt_y = 0.0038155873233897825
d_cam_ff  = -160.05725291322457
ccd_ff_dec_x = -0.002597739832455718
ccd_ff_dec_y = 0.05300552895823142
ccd_ff_tilt_x = 0.019469583561742485
ccd_ff_tilt_y = -0.5728070506584342
ccd_ff_tilt_z = 0.18005821775205297
d_ff_ccd  = -4.838931245530087
ccd_dec_x = 0.6214036183209457
ccd_dec_y = 5.157146836371593
ccd_defocus = 0.28075829620667614
ccd_tilt_x = 0.005095584215404521
ccd_tilt_y = -0.010903567744048154
ccd_tilt_z = 5.083583264723575e-06
p = 0.0001