slit_dec_x_a = -0.1704010755187174
slit_dec_y_a = -0.1956586180351446
slit_dec_x_b = 0.175
slit_dec_y_b = -1.84836044869144e-96
slit_defocus = 0.021402969079947327
slit_tilt_x = 1.1140454690086392
slit_tilt_y = -8.53838512569813
slit_tilt_z = -8.991635326479628
d_slit_col = 1594.3100030587084
coll_tilt_x = 0.11323478042600824
coll_tilt_y = -0.028899708948457815
ech_G = 31.613228322343105
ech_blaze = -74.97482865322958
ech_gamma = 1.1389702862335926
echelle_z = 0.07476960078835988
d_col_trf = -1588.01722420845
trf_mirror_tilt_x = 0.026269764142268687
trf_mirror_tilt_y = 0.1621466112363985
d_col_grm = -0.00479736168781196
grism_dec_x = 236.42324871456225
grism_dec_y = 0.038122309906705155
grm_tilt_x = -0.014058923647832235
grm_tilt_y = 2.305281183284559
grm_G = 222.82399820770436
grm_apex = 17.790953587266284
d_grm_cam  = 21.609820949300694
cam_dec_x = -0.30957873677285647
cam_dec_y = 0.24729299205076385
cam_tilt_x = -0.011031209029594103
cam_tilt_y = 0.003803837973861468
d_cam_ff  = -160.05746061501094
ccd_ff_dec_x = -0.002605261635142509
ccd_ff_dec_y = 0.0530080529287136
ccd_ff_tilt_x = 0.01951856531340558
ccd_ff_tilt_y = -0.5728055271142427
ccd_ff_tilt_z = 0.1800515225700259
d_ff_ccd  = -4.838974934185249
ccd_dec_x = 0.6214047276471066
ccd_dec_y = 5.157146615829584
ccd_defocus = 0.280708327647337
ccd_tilt_x = 0.005046869270169219
ccd_tilt_y = -0.010940645159624743
ccd_tilt_z = 5.03784456822428e-06
p = 0.0001