slit_dec_x_a = -0.181778666534
slit_dec_y_a = -0.18243150017
slit_dec_x_b = 0.14512077562974193
slit_dec_y_b = -0.05510809031835813
slit_defocus = -0.013914501845025328
slit_tilt_x = 1.0540614006394642
slit_tilt_y = -8.560003646233667
slit_tilt_z = -9.026934867359353
d_slit_col = 1594.2902519927586
coll_tilt_x = 0.12147764012848601
coll_tilt_y = -0.026428518533799007
ech_G = 31.614562943974917
ech_blaze = -74.99488794476599
ech_gamma = 1.155642885746943
echelle_z = 0.05700425360279361
d_col_trf = -1588.0163593079353
trf_mirror_tilt_x = 0.007347300392346443
trf_mirror_tilt_y = 0.1554680684723955
d_col_grm = 0.03564664719074438
grism_dec_x = 236.38320910871474
grism_dec_y = 0.009216457613086171
grm_tilt_x = -0.02350473382749495
grm_tilt_y = 2.32578871433956
grm_G = 222.78406977374624
grm_apex = 17.76651224554983
d_grm_cam  = 21.60470493115596
cam_dec_x = -0.2711028401195126
cam_dec_y = 0.2908250190205322
cam_tilt_x = 0.012392752400691468
cam_tilt_y = 0.008847777650742005
d_cam_ff  = -160.07691151662402
ccd_ff_dec_x = -0.023798144975460782
ccd_ff_dec_y = 0.04203765525366734
ccd_ff_tilt_x = 0.03347772280015458
ccd_ff_tilt_y = -0.5909773657137307
ccd_ff_tilt_z = 0.1719149510195003
d_ff_ccd  = -4.815988135076416
ccd_dec_x = 0.553297765742292
ccd_dec_y = 5.107628611451026
ccd_defocus = 0.28578369903075423
ccd_tilt_x = 0.032523147489292366
ccd_tilt_y = -0.002158823312391602
ccd_tilt_z = 4.6714353020524985e-06
p = 0.0001