slit_dec_x_a = -0.181778666534
slit_dec_y_a = -0.18243150017
slit_dec_x_b = 0.14512077562974193
slit_dec_y_b = -0.05510809031835813
slit_defocus = -0.013844007857948683
slit_tilt_x = 1.0540548527901188
slit_tilt_y = -8.559941760283223
slit_tilt_z = -9.026876674452465
d_slit_col = 1594.2902856086243
coll_tilt_x = 0.12150926614247223
coll_tilt_y = -0.02647876306498978
ech_G = 31.614560334120206
ech_blaze = -74.99488632014273
ech_gamma = 1.1556370823727953
echelle_z = 0.05700169314539459
d_col_trf = -1588.0163648575326
trf_mirror_tilt_x = 0.007291232144672369
trf_mirror_tilt_y = 0.15545762963284937
d_col_grm = 0.035774519515294916
grism_dec_x = 236.38319518720243
grism_dec_y = 0.009310409516343546
grm_tilt_x = -0.023509884119673495
grm_tilt_y = 2.3257812975004275
grm_G = 222.78407092670574
grm_apex = 17.76656095119303
d_grm_cam  = 21.60470583539726
cam_dec_x = -0.27113209341770206
cam_dec_y = 0.2909414739700866
cam_tilt_x = 0.01246815139017315
cam_tilt_y = 0.008911315781402071
d_cam_ff  = -160.07727551602483
ccd_ff_dec_x = -0.023797855214739094
ccd_ff_dec_y = 0.04207360955831172
ccd_ff_tilt_x = 0.03349275976844197
ccd_ff_tilt_y = -0.5909755057800957
ccd_ff_tilt_z = 0.17191886501727138
d_ff_ccd  = -4.815993388732901
ccd_dec_x = 0.5532965118457305
ccd_dec_y = 5.107631028523982
ccd_defocus = 0.28577337656524143
ccd_tilt_x = 0.032610603076543294
ccd_tilt_y = -0.002137958616790141
ccd_tilt_z = 4.630807138980945e-06
p = 0.0001