slit_dec_x_a = -0.181778666534
slit_dec_y_a = -0.18243150017
slit_dec_x_b = 0.14512077562974193
slit_dec_y_b = -0.05510809031835813
slit_defocus = -0.013786087722424017
slit_tilt_x = 1.0540612911028624
slit_tilt_y = -8.559953439838635
slit_tilt_z = -9.026899797557846
d_slit_col = 1594.2902767400924
coll_tilt_x = 0.12151601596215146
coll_tilt_y = -0.026493914378590333
ech_G = 31.614564505927515
ech_blaze = -74.99488656278726
ech_gamma = 1.1556414740756087
echelle_z = 0.05700245461442158
d_col_trf = -1588.0163623096482
trf_mirror_tilt_x = 0.007289682406986869
trf_mirror_tilt_y = 0.1553910725463056
d_col_grm = 0.035593108883963956
grism_dec_x = 236.3832229343938
grism_dec_y = 0.009287846526904406
grm_tilt_x = -0.023503511960728873
grm_tilt_y = 2.3257922198615595
grm_G = 222.7840669875342
grm_apex = 17.76652162898807
d_grm_cam  = 21.60470522224399
cam_dec_x = -0.27112284985530144
cam_dec_y = 0.2908864427178762
cam_tilt_x = 0.0124617525907732
cam_tilt_y = 0.008818372471488723
d_cam_ff  = -160.07701398929694
ccd_ff_dec_x = -0.02381306976426965
ccd_ff_dec_y = 0.04202685631257851
ccd_ff_tilt_x = 0.03347649736937259
ccd_ff_tilt_y = -0.590985065910601
ccd_ff_tilt_z = 0.17192081775566398
d_ff_ccd  = -4.815997107034232
ccd_dec_x = 0.5533011913992094
ccd_dec_y = 5.10763466426322
ccd_defocus = 0.2856613264527858
ccd_tilt_x = 0.03261046343308861
ccd_tilt_y = -0.002176658740179142
ccd_tilt_z = 4.63157568867168e-06
p = 0.0001