slit_dec_x_a = -0.181778666534
slit_dec_y_a = -0.18243150017
slit_dec_x_b = 0.14512077562974193
slit_dec_y_b = -0.05510809031835813
slit_defocus = -0.013772556788093946
slit_tilt_x = 1.0540997527326077
slit_tilt_y = -8.559988272490754
slit_tilt_z = -9.026823748840819
d_slit_col = 1594.2902506141593
coll_tilt_x = 0.12144616277304451
coll_tilt_y = -0.026492057020503404
ech_G = 31.614558424412067
ech_blaze = -74.99489059309474
ech_gamma = 1.1556336970547532
echelle_z = 0.05699933805781224
d_col_trf = -1588.0163616274924
trf_mirror_tilt_x = 0.007276873082848128
trf_mirror_tilt_y = 0.1554353596303137
d_col_grm = 0.035663577959005224
grism_dec_x = 236.38321175278827
grism_dec_y = 0.00929416811530666
grm_tilt_x = -0.023510570172336938
grm_tilt_y = 2.3257952872844556
grm_G = 222.78407326448485
grm_apex = 17.76650389874028
d_grm_cam  = 21.60470940118051
cam_dec_x = -0.2711383799357568
cam_dec_y = 0.29084601265193133
cam_tilt_x = 0.012417962270982739
cam_tilt_y = 0.00876108673131727
d_cam_ff  = -160.07741477404684
ccd_ff_dec_x = -0.023798014538618045
ccd_ff_dec_y = 0.042117933966852567
ccd_ff_tilt_x = 0.03345022793991996
ccd_ff_tilt_y = -0.590983026494583
ccd_ff_tilt_z = 0.17191867934375016
d_ff_ccd  = -4.816005113813712
ccd_dec_x = 0.5532975409633504
ccd_dec_y = 5.107636246768822
ccd_defocus = 0.2858011469020069
ccd_tilt_x = 0.032613924761916005
ccd_tilt_y = -0.002219607124732887
ccd_tilt_z = 4.5821710472365835e-06
p = 0.0001