slit_dec_x_a = -0.181778666534
slit_dec_y_a = -0.18243150017
slit_dec_x_b = 0.14512077562974193
slit_dec_y_b = -0.05510809031835813
slit_defocus = -0.013791198837264455
slit_tilt_x = 1.0540786396430541
slit_tilt_y = -8.559981600440548
slit_tilt_z = -9.02683697719865
d_slit_col = 1594.2902645148451
coll_tilt_x = 0.12150181170402782
coll_tilt_y = -0.026433417419668447
ech_G = 31.614566892090654
ech_blaze = -74.99489205411871
ech_gamma = 1.1556336071970774
echelle_z = 0.057005807684610714
d_col_trf = -1588.0163665403518
trf_mirror_tilt_x = 0.007349166643448346
trf_mirror_tilt_y = 0.1555007637942301
d_col_grm = 0.03562658157994333
grism_dec_x = 236.38319361638838
grism_dec_y = 0.009208054938319336
grm_tilt_x = -0.023511212466578394
grm_tilt_y = 2.325793868396429
grm_G = 222.7840667818319
grm_apex = 17.76652915561141
d_grm_cam  = 21.604705318766797
cam_dec_x = -0.2711460626014009
cam_dec_y = 0.29090208119828836
cam_tilt_x = 0.012483941488838836
cam_tilt_y = 0.008858189281345087
d_cam_ff  = -160.07696989892952
ccd_ff_dec_x = -0.023797470076898974
ccd_ff_dec_y = 0.042068713926456065
ccd_ff_tilt_x = 0.033490074268029434
ccd_ff_tilt_y = -0.5909778291833359
ccd_ff_tilt_z = 0.17192018507594967
d_ff_ccd  = -4.815977313269994
ccd_dec_x = 0.5533006015618569
ccd_dec_y = 5.107630306122789
ccd_defocus = 0.2857739667136373
ccd_tilt_x = 0.03260112741388717
ccd_tilt_y = -0.0021994428867647253
ccd_tilt_z = 4.724906317033059e-06
p = 0.0001