slit_dec_x_a = -0.1704010755187174
slit_dec_y_a = -0.1956586180351446
slit_dec_x_b = 0.175
slit_dec_y_b = -1.8586003054587955e-96
slit_defocus = 0.021297370447936736
slit_tilt_x = 1.1140322418116702
slit_tilt_y = -8.538389238114835
slit_tilt_z = -8.991626726828445
d_slit_col = 1594.3099560539404
coll_tilt_x = 0.1132047915751321
coll_tilt_y = -0.028936523464505298
ech_G = 31.613228341957242
ech_blaze = -74.97483044358589
ech_gamma = 1.1389704633580777
echelle_z = 0.0747745302208248
d_col_trf = -1588.0172286279567
trf_mirror_tilt_x = 0.0263157559073091
trf_mirror_tilt_y = 0.16224829526615261
d_col_grm = -0.004836815667524538
grism_dec_x = 236.42333834806735
grism_dec_y = 0.03813616571990394
grm_tilt_x = -0.01405407980534715
grm_tilt_y = 2.30527020422287
grm_G = 222.82400452129923
grm_apex = 17.790982464451844
d_grm_cam  = 21.609821992758874
cam_dec_x = -0.30952642555802706
cam_dec_y = 0.24727469760410326
cam_tilt_x = -0.01103023944966345
cam_tilt_y = 0.0037662788754243724
d_cam_ff  = -160.0571962519636
ccd_ff_dec_x = -0.0025948210346509438
ccd_ff_dec_y = 0.05307556672589416
ccd_ff_tilt_x = 0.019553337925058024
ccd_ff_tilt_y = -0.572804530971163
ccd_ff_tilt_z = 0.1800592745743965
d_ff_ccd  = -4.838916991266141
ccd_dec_x = 0.6214039987759998
ccd_dec_y = 5.157153640077126
ccd_defocus = 0.28068991393020504
ccd_tilt_x = 0.005097870355782738
ccd_tilt_y = -0.010973488418722147
ccd_tilt_z = 5.068716344579285e-06
p = 0.0001