slit_dec_x_a = -0.1704010755187174
slit_dec_y_a = -0.1956586180351446
slit_dec_x_b = 0.175
slit_dec_y_b = -1.7986545402133989e-96
slit_defocus = 0.02142284708378599
slit_tilt_x = 1.1140097841418626
slit_tilt_y = -8.538419467725697
slit_tilt_z = -8.991681377477054
d_slit_col = 1594.3099943291602
coll_tilt_x = 0.11320228739253108
coll_tilt_y = -0.028856422069637323
ech_G = 31.613228979680457
ech_blaze = -74.9748276115078
ech_gamma = 1.1389778170206963
echelle_z = 0.07477327353922172
d_col_trf = -1588.0172372636268
trf_mirror_tilt_x = 0.026281917783740488
trf_mirror_tilt_y = 0.1621113372468726
d_col_grm = -0.00478343961318939
grism_dec_x = 236.42329187966698
grism_dec_y = 0.03820323059004372
grm_tilt_x = -0.014053645911149692
grm_tilt_y = 2.3052789446478448
grm_G = 222.8240048795979
grm_apex = 17.79110218284682
d_grm_cam  = 21.60982248179348
cam_dec_x = -0.30957875167128207
cam_dec_y = 0.24728851420921807
cam_tilt_x = -0.011001100094445304
cam_tilt_y = 0.0037671562237234974
d_cam_ff  = -160.05770700380742
ccd_ff_dec_x = -0.00260201062914456
ccd_ff_dec_y = 0.05303221397169069
ccd_ff_tilt_x = 0.01952983702756102
ccd_ff_tilt_y = -0.5727952397259163
ccd_ff_tilt_z = 0.1800536959377001
d_ff_ccd  = -4.838927167134632
ccd_dec_x = 0.6214082268938546
ccd_dec_y = 5.157149205438225
ccd_defocus = 0.2807251938145368
ccd_tilt_x = 0.004996346678516912
ccd_tilt_y = -0.010895359401538903
ccd_tilt_z = 5.076016380550945e-06
p = 0.0001