slit_dec_x_a = -0.1704010755187174
slit_dec_y_a = -0.1956586180351446
slit_dec_x_b = 0.175
slit_dec_y_b = -1.8447175668502829e-96
slit_defocus = 0.021373460026408747
slit_tilt_x = 1.1140771329722108
slit_tilt_y = -8.53845128171695
slit_tilt_z = -8.991612293845014
d_slit_col = 1594.3099848293202
coll_tilt_x = 0.11315942118114185
coll_tilt_y = -0.028921266094263924
ech_G = 31.613234206171473
ech_blaze = -74.97483335005235
ech_gamma = 1.138973596539756
echelle_z = 0.07477596943645982
d_col_trf = -1588.0172349369107
trf_mirror_tilt_x = 0.026299509372699002
trf_mirror_tilt_y = 0.16216974953195445
d_col_grm = -0.004793486007278804
grism_dec_x = 236.42332629101276
grism_dec_y = 0.03818711678442744
grm_tilt_x = -0.014053406745973883
grm_tilt_y = 2.3052776678692095
grm_G = 222.82399997753734
grm_apex = 17.790952977570313
d_grm_cam  = 21.609817529637574
cam_dec_x = -0.3094908529596617
cam_dec_y = 0.24724188416811757
cam_tilt_x = -0.011091787246095774
cam_tilt_y = 0.003758895802820319
d_cam_ff  = -160.05745805705382
ccd_ff_dec_x = -0.0026018576760132124
ccd_ff_dec_y = 0.05307265190738702
ccd_ff_tilt_x = 0.019473154252611622
ccd_ff_tilt_y = -0.5728036214883184
ccd_ff_tilt_z = 0.18004631581632993
d_ff_ccd  = -4.838889074738758
ccd_dec_x = 0.6213977184730296
ccd_dec_y = 5.157156586795588
ccd_defocus = 0.28075611387322
ccd_tilt_x = 0.00502928945777225
ccd_tilt_y = -0.01087975198040866
ccd_tilt_z = 5.0811562742760744e-06
p = 0.0001