slit_dec_x_a = -0.1704010755187174
slit_dec_y_a = -0.1956586180351446
slit_dec_x_b = 0.175
slit_dec_y_b = -1.844093620437866e-96
slit_defocus = 0.021377181334304204
slit_tilt_x = 1.1139812451845859
slit_tilt_y = -8.53847630478245
slit_tilt_z = -8.991627910167342
d_slit_col = 1594.3099525981677
coll_tilt_x = 0.1132024823364372
coll_tilt_y = -0.028863043406190277
ech_G = 31.613232293936452
ech_blaze = -74.97483114701573
ech_gamma = 1.138970687569967
echelle_z = 0.0747690892891906
d_col_trf = -1588.017229699945
trf_mirror_tilt_x = 0.026290969154316963
trf_mirror_tilt_y = 0.1622002505822621
d_col_grm = -0.0048191084836835
grism_dec_x = 236.42332467852302
grism_dec_y = 0.03817075166742059
grm_tilt_x = -0.01405892002415992
grm_tilt_y = 2.3052732282809765
grm_G = 222.8240068969954
grm_apex = 17.791034881236584
d_grm_cam  = 21.60981618984063
cam_dec_x = -0.3094517266469817
cam_dec_y = 0.24726063945151966
cam_tilt_x = -0.011051093392533507
cam_tilt_y = 0.0037787321852579244
d_cam_ff  = -160.05720095048957
ccd_ff_dec_x = -0.0026007467948249083
ccd_ff_dec_y = 0.0530297721057446
ccd_ff_tilt_x = 0.019527195851295316
ccd_ff_tilt_y = -0.5728040498813401
ccd_ff_tilt_z = 0.18005008085411525
d_ff_ccd  = -4.838979493938397
ccd_dec_x = 0.6214070882736611
ccd_dec_y = 5.1571469965960945
ccd_defocus = 0.28078007531275373
ccd_tilt_x = 0.005057744498394059
ccd_tilt_y = -0.01084386303458309
ccd_tilt_z = 5.075334008605303e-06
p = 0.0001