slit_dec_x_a = -0.1704010755187174
slit_dec_y_a = -0.1956586180351446
slit_dec_x_b = 0.175
slit_dec_y_b = -1.812038496631672e-96
slit_defocus = 0.021368689016513006
slit_tilt_x = 1.1140323111949417
slit_tilt_y = -8.538412425337164
slit_tilt_z = -8.99168090919283
d_slit_col = 1594.3099720941027
coll_tilt_x = 0.113166893994814
coll_tilt_y = -0.028882398908315083
ech_G = 31.613235514153416
ech_blaze = -74.97482904792732
ech_gamma = 1.1389720512999901
echelle_z = 0.07476365206937743
d_col_trf = -1588.017229096157
trf_mirror_tilt_x = 0.02635693282825684
trf_mirror_tilt_y = 0.16217552605365887
d_col_grm = -0.004799858643499968
grism_dec_x = 236.42323853138006
grism_dec_y = 0.03816342373833513
grm_tilt_x = -0.014056311930955506
grm_tilt_y = 2.305272490343819
grm_G = 222.82400324884853
grm_apex = 17.79098580966854
d_grm_cam  = 21.609821337249905
cam_dec_x = -0.3095333800197649
cam_dec_y = 0.24723891979736262
cam_tilt_x = -0.011101520093335865
cam_tilt_y = 0.0037474019204256828
d_cam_ff  = -160.05747001471985
ccd_ff_dec_x = -0.002602936518229319
ccd_ff_dec_y = 0.053036547961114615
ccd_ff_tilt_x = 0.019525952142708858
ccd_ff_tilt_y = -0.5728093803192053
ccd_ff_tilt_z = 0.18005273466490013
d_ff_ccd  = -4.838920368138267
ccd_dec_x = 0.6214046029929146
ccd_dec_y = 5.157152800579735
ccd_defocus = 0.2807654387904755
ccd_tilt_x = 0.005041275475235832
ccd_tilt_y = -0.01093445109703487
ccd_tilt_z = 5.102193040672236e-06
p = 0.0001