slit_dec_x_a = -0.1704010755187174
slit_dec_y_a = -0.1956586180351446
slit_dec_x_b = 0.175
slit_dec_y_b = -1.873178149954334e-96
slit_defocus = 0.02139584649421149
slit_tilt_x = 1.1140795790083413
slit_tilt_y = -8.538445391613504
slit_tilt_z = -8.991639210359295
d_slit_col = 1594.3099561409535
coll_tilt_x = 0.11314522724249533
coll_tilt_y = -0.028869751743628713
ech_G = 31.613230043410763
ech_blaze = -74.97483496797908
ech_gamma = 1.1389764365949686
echelle_z = 0.07477671690122117
d_col_trf = -1588.017230122537
trf_mirror_tilt_x = 0.02627335346763537
trf_mirror_tilt_y = 0.16230582490626708
d_col_grm = -0.004803036503459734
grism_dec_x = 236.42329837676922
grism_dec_y = 0.038186921511736166
grm_tilt_x = -0.014057317542015701
grm_tilt_y = 2.3052735293229283
grm_G = 222.82400540215497
grm_apex = 17.79103147387733
d_grm_cam  = 21.6098205672638
cam_dec_x = -0.30952878063474853
cam_dec_y = 0.2472093430395802
cam_tilt_x = -0.011077270818548264
cam_tilt_y = 0.0037763367032199132
d_cam_ff  = -160.05743272708048
ccd_ff_dec_x = -0.002600402320654882
ccd_ff_dec_y = 0.05303780486658507
ccd_ff_tilt_x = 0.019491796312523568
ccd_ff_tilt_y = -0.572804314987493
ccd_ff_tilt_z = 0.1800510914907911
d_ff_ccd  = -4.838946579199235
ccd_dec_x = 0.6214067968962649
ccd_dec_y = 5.157148953391268
ccd_defocus = 0.28077572326450667
ccd_tilt_x = 0.0050031226673668125
ccd_tilt_y = -0.010952967641508935
ccd_tilt_z = 5.051848817193408e-06
p = 0.0001