slit_dec_x_a = -0.1704010755187174
slit_dec_y_a = -0.1956586180351446
slit_dec_x_b = 0.175
slit_dec_y_b = -1.9041627643266896e-96
slit_defocus = 0.021359562429299952
slit_tilt_x = 1.114012915308602
slit_tilt_y = -8.538463035625025
slit_tilt_z = -8.991613480279408
d_slit_col = 1594.309963460361
coll_tilt_x = 0.11324355050770332
coll_tilt_y = -0.028894498333959257
ech_G = 31.61322932739624
ech_blaze = -74.97483056408687
ech_gamma = 1.1389742880020286
echelle_z = 0.07477251885126249
d_col_trf = -1588.0172298936873
trf_mirror_tilt_x = 0.026276930922473355
trf_mirror_tilt_y = 0.16221851897480055
d_col_grm = -0.004802179823287515
grism_dec_x = 236.42331405381293
grism_dec_y = 0.03815783784623149
grm_tilt_x = -0.014057616577789188
grm_tilt_y = 2.3052814371143158
grm_G = 222.82400840019753
grm_apex = 17.790983644457825
d_grm_cam  = 21.609815344176795
cam_dec_x = -0.30956080745832737
cam_dec_y = 0.24731080069875025
cam_tilt_x = -0.011058237732038914
cam_tilt_y = 0.0038705887578626683
d_cam_ff  = -160.05741930305027
ccd_ff_dec_x = -0.0025944929542501857
ccd_ff_dec_y = 0.053021166593652906
ccd_ff_tilt_x = 0.01948386238942986
ccd_ff_tilt_y = -0.5728062608775581
ccd_ff_tilt_z = 0.18005392945046297
d_ff_ccd  = -4.838976504668801
ccd_dec_x = 0.6214003169406729
ccd_dec_y = 5.157153238845959
ccd_defocus = 0.2807517829716279
ccd_tilt_x = 0.005072964683645485
ccd_tilt_y = -0.01090676996666041
ccd_tilt_z = 5.081408853330081e-06
p = 0.0001