slit_dec_x_a = -0.181778666534
slit_dec_y_a = -0.18243150017
slit_dec_x_b = 0.14512077562974193
slit_dec_y_b = -0.05510809031835813
slit_defocus = -0.013789414155781346
slit_tilt_x = 1.054059290570031
slit_tilt_y = -8.560015360370166
slit_tilt_z = -9.026894039270484
d_slit_col = 1594.2903398818548
coll_tilt_x = 0.121422082568523
coll_tilt_y = -0.026466821424168556
ech_G = 31.614560122142272
ech_blaze = -74.99488546995762
ech_gamma = 1.1556501545927904
echelle_z = 0.05700433080403485
d_col_trf = -1588.016368347953
trf_mirror_tilt_x = 0.007286051566303717
trf_mirror_tilt_y = 0.15544524672432297
d_col_grm = 0.03565365243277703
grism_dec_x = 236.38324828062164
grism_dec_y = 0.009251548151464197
grm_tilt_x = -0.023506410610098935
grm_tilt_y = 2.325788570366766
grm_G = 222.78406853705158
grm_apex = 17.76653089041539
d_grm_cam  = 21.604702510694423
cam_dec_x = -0.27109325240223325
cam_dec_y = 0.290882943501388
cam_tilt_x = 0.012446227222044864
cam_tilt_y = 0.008801374543581417
d_cam_ff  = -160.07728341828636
ccd_ff_dec_x = -0.023801405977615014
ccd_ff_dec_y = 0.04198178988071758
ccd_ff_tilt_x = 0.0335209441353418
ccd_ff_tilt_y = -0.5909794562975319
ccd_ff_tilt_z = 0.17191479798033446
d_ff_ccd  = -4.81594902512019
ccd_dec_x = 0.5533008515645603
ccd_dec_y = 5.107630125014964
ccd_defocus = 0.2857251432696789
ccd_tilt_x = 0.03264541390887372
ccd_tilt_y = -0.00211816634081809
ccd_tilt_z = 4.710143840647989e-06
p = 0.0001