slit_dec_x_a = -0.1704010755187174
slit_dec_y_a = -0.1956586180351446
slit_dec_x_b = 0.175
slit_dec_y_b = -1.8367838463212491e-96
slit_defocus = 0.0213606729767459
slit_tilt_x = 1.1140073906761243
slit_tilt_y = -8.538490231253608
slit_tilt_z = -8.991608069612829
d_slit_col = 1594.3100021998605
coll_tilt_x = 0.1131454528330269
coll_tilt_y = -0.02896498817993878
ech_G = 31.613227779271913
ech_blaze = -74.97483111118333
ech_gamma = 1.138974080390794
echelle_z = 0.07476290274251043
d_col_trf = -1588.0172297215959
trf_mirror_tilt_x = 0.026265955894596967
trf_mirror_tilt_y = 0.1621744910231643
d_col_grm = -0.004842731975140884
grism_dec_x = 236.42333314058368
grism_dec_y = 0.038132869510923754
grm_tilt_x = -0.014054469556850128
grm_tilt_y = 2.3052740028395795
grm_G = 222.82400461751934
grm_apex = 17.791050434023504
d_grm_cam  = 21.609818952364677
cam_dec_x = -0.30952953874378747
cam_dec_y = 0.24725058444575565
cam_tilt_x = -0.011111465263740242
cam_tilt_y = 0.0037796956859926737
d_cam_ff  = -160.05732457151112
ccd_ff_dec_x = -0.0026008886598805035
ccd_ff_dec_y = 0.053071312986388924
ccd_ff_tilt_x = 0.0195528650154361
ccd_ff_tilt_y = -0.572807981735288
ccd_ff_tilt_z = 0.18005475355721934
d_ff_ccd  = -4.838980136292662
ccd_dec_x = 0.6214051669997703
ccd_dec_y = 5.157149862114506
ccd_defocus = 0.2806859000301424
ccd_tilt_x = 0.005015116754431768
ccd_tilt_y = -0.010923773660246577
ccd_tilt_z = 5.08496248558228e-06
p = 0.0001