slit_dec_x_a = -0.181778666534
slit_dec_y_a = -0.18243150017
slit_dec_x_b = 0.14512077562974193
slit_dec_y_b = -0.05510809031835813
slit_defocus = -0.013796522561703294
slit_tilt_x = 1.054088573942448
slit_tilt_y = -8.55991770520527
slit_tilt_z = -9.026833427031544
d_slit_col = 1594.290290827057
coll_tilt_x = 0.12144045452096182
coll_tilt_y = -0.026508250477162477
ech_G = 31.614561610858587
ech_blaze = -74.99488980093045
ech_gamma = 1.1556383475806435
echelle_z = 0.05699978042943963
d_col_trf = -1588.0163622599478
trf_mirror_tilt_x = 0.007253052368287239
trf_mirror_tilt_y = 0.15541612065846702
d_col_grm = 0.03557114539469885
grism_dec_x = 236.38322543568975
grism_dec_y = 0.009214595160996302
grm_tilt_x = -0.023499383358653085
grm_tilt_y = 2.3257896976588226
grm_G = 222.78406445089567
grm_apex = 17.766529374798296
d_grm_cam  = 21.604700378220453
cam_dec_x = -0.27106282470126153
cam_dec_y = 0.29082583008724255
cam_tilt_x = 0.012434803684636552
cam_tilt_y = 0.008826931295029901
d_cam_ff  = -160.0769955903795
ccd_ff_dec_x = -0.023804147658484938
ccd_ff_dec_y = 0.0420585807880317
ccd_ff_tilt_x = 0.033495786488773084
ccd_ff_tilt_y = -0.5909808272507718
ccd_ff_tilt_z = 0.17192323074902147
d_ff_ccd  = -4.8159091229928785
ccd_dec_x = 0.5532975191511937
ccd_dec_y = 5.107632186966868
ccd_defocus = 0.28575082898762005
ccd_tilt_x = 0.032590725733910864
ccd_tilt_y = -0.0021743340792323767
ccd_tilt_z = 4.700470273674554e-06
p = 0.0001