slit_dec_x_a = -0.181778666534
slit_dec_y_a = -0.18243150017
slit_dec_x_b = 0.14512077562974193
slit_dec_y_b = -0.05510809031835813
slit_defocus = -0.013786317259248324
slit_tilt_x = 1.0540580753397186
slit_tilt_y = -8.559923545959391
slit_tilt_z = -9.026907354617578
d_slit_col = 1594.2902877398453
coll_tilt_x = 0.1214455653208806
coll_tilt_y = -0.026530491530342152
ech_G = 31.61455856462205
ech_blaze = -74.99488273994818
ech_gamma = 1.1556359971090147
echelle_z = 0.05699327055836127
d_col_trf = -1588.0163671728951
trf_mirror_tilt_x = 0.0072159501303331545
trf_mirror_tilt_y = 0.15543980729421664
d_col_grm = 0.03561932677743093
grism_dec_x = 236.38311741835903
grism_dec_y = 0.009266390067502342
grm_tilt_x = -0.023505844125862853
grm_tilt_y = 2.3257887964233843
grm_G = 222.7840711604067
grm_apex = 17.76651611604173
d_grm_cam  = 21.604698735418623
cam_dec_x = -0.2710698272792924
cam_dec_y = 0.2908862104269446
cam_tilt_x = 0.012484250386722281
cam_tilt_y = 0.008901533410819208
d_cam_ff  = -160.07716492914767
ccd_ff_dec_x = -0.02379678017598399
ccd_ff_dec_y = 0.042038161160210696
ccd_ff_tilt_x = 0.033549841887594994
ccd_ff_tilt_y = -0.5909715178084874
ccd_ff_tilt_z = 0.17191082221473344
d_ff_ccd  = -4.815975687996221
ccd_dec_x = 0.5532953598019006
ccd_dec_y = 5.10763395196244
ccd_defocus = 0.28579626549816395
ccd_tilt_x = 0.032647865912243314
ccd_tilt_y = -0.0021670354443168558
ccd_tilt_z = 4.69065432067072e-06
p = 0.0001