slit_dec_x_a = -0.181778666534
slit_dec_y_a = -0.18243150017
slit_dec_x_b = 0.14512077562974193
slit_dec_y_b = -0.05510809031835813
slit_defocus = -0.013799744552594093
slit_tilt_x = 1.054100946843048
slit_tilt_y = -8.559968666270503
slit_tilt_z = -9.026873581222159
d_slit_col = 1594.2902473048673
coll_tilt_x = 0.12145979392083042
coll_tilt_y = -0.026510590448770185
ech_G = 31.61455887254565
ech_blaze = -74.99489037826378
ech_gamma = 1.1556379251694155
echelle_z = 0.057013638928677966
d_col_trf = -1588.016360279004
trf_mirror_tilt_x = 0.007215575913075012
trf_mirror_tilt_y = 0.1554271569567723
d_col_grm = 0.03559659399640875
grism_dec_x = 236.38325789031188
grism_dec_y = 0.00920101318349658
grm_tilt_x = -0.02350608401606486
grm_tilt_y = 2.3257895843795477
grm_G = 222.7840706065017
grm_apex = 17.76649711270119
d_grm_cam  = 21.60469429572624
cam_dec_x = -0.27110348620924496
cam_dec_y = 0.29093409652254476
cam_tilt_x = 0.012461165277764108
cam_tilt_y = 0.008827094450596039
d_cam_ff  = -160.0770896366854
ccd_ff_dec_x = -0.023798948134061564
ccd_ff_dec_y = 0.042043939420804255
ccd_ff_tilt_x = 0.03348714993241839
ccd_ff_tilt_y = -0.5909801873595362
ccd_ff_tilt_z = 0.17191823016585908
d_ff_ccd  = -4.815949585774506
ccd_dec_x = 0.5532917268419949
ccd_dec_y = 5.107627907743739
ccd_defocus = 0.28578395028578557
ccd_tilt_x = 0.03252320708747063
ccd_tilt_y = -0.002171543812267974
ccd_tilt_z = 4.66061833305799e-06
p = 0.0001