slit_dec_x_a = -0.1704010755187174
slit_dec_y_a = -0.1956586180351446
slit_dec_x_b = 0.175
slit_dec_y_b = -1.83353476135961e-96
slit_defocus = 0.021432619721928926
slit_tilt_x = 1.114022534339177
slit_tilt_y = -8.538454849836393
slit_tilt_z = -8.991605880935209
d_slit_col = 1594.309962860976
coll_tilt_x = 0.11313152930979259
coll_tilt_y = -0.028920537382481265
ech_G = 31.613232586909202
ech_blaze = -74.97483456030137
ech_gamma = 1.1389705835626387
echelle_z = 0.07477609843087912
d_col_trf = -1588.0172350195753
trf_mirror_tilt_x = 0.026255540414566736
trf_mirror_tilt_y = 0.16224471486485817
d_col_grm = -0.004852717600866788
grism_dec_x = 236.4233185938066
grism_dec_y = 0.038183527052656374
grm_tilt_x = -0.01405829488022651
grm_tilt_y = 2.305276875063593
grm_G = 222.8240077619358
grm_apex = 17.79102540138021
d_grm_cam  = 21.609818208962622
cam_dec_x = -0.3095445067792308
cam_dec_y = 0.24728476342568667
cam_tilt_x = -0.01114197663007198
cam_tilt_y = 0.0037700424487507344
d_cam_ff  = -160.05759403148187
ccd_ff_dec_x = -0.0026004735344348235
ccd_ff_dec_y = 0.05303331709063106
ccd_ff_tilt_x = 0.019545871338218886
ccd_ff_tilt_y = -0.5728097787483846
ccd_ff_tilt_z = 0.18005617470050372
d_ff_ccd  = -4.838959883760653
ccd_dec_x = 0.6214053941088736
ccd_dec_y = 5.157149683014927
ccd_defocus = 0.2807307615215339
ccd_tilt_x = 0.005027365404056885
ccd_tilt_y = -0.01093659132991464
ccd_tilt_z = 5.098240288864424e-06
p = 0.0001