slit_dec_x_a = -0.181778666534
slit_dec_y_a = -0.18243150017
slit_dec_x_b = 0.14512077562974193
slit_dec_y_b = -0.05510809031835813
slit_defocus = -0.013744153129604622
slit_tilt_x = 1.0541284458074387
slit_tilt_y = -8.559961137997387
slit_tilt_z = -9.026884070429125
d_slit_col = 1594.2902515631356
coll_tilt_x = 0.12144559535550559
coll_tilt_y = -0.026537062459301937
ech_G = 31.61456246497472
ech_blaze = -74.99488690427344
ech_gamma = 1.1556400400112719
echelle_z = 0.057003753299509984
d_col_trf = -1588.016364912932
trf_mirror_tilt_x = 0.007363177738743317
trf_mirror_tilt_y = 0.1554487148608967
d_col_grm = 0.035599263653848176
grism_dec_x = 236.38323441872802
grism_dec_y = 0.009248801992586929
grm_tilt_x = -0.023513470197978198
grm_tilt_y = 2.325790727820177
grm_G = 222.7840711053116
grm_apex = 17.76652088657014
d_grm_cam  = 21.60469231096214
cam_dec_x = -0.2710645572898142
cam_dec_y = 0.2908401945407018
cam_tilt_x = 0.012488739365390149
cam_tilt_y = 0.008836086001752334
d_cam_ff  = -160.0769546854728
ccd_ff_dec_x = -0.023804819578637018
ccd_ff_dec_y = 0.04197086495519223
ccd_ff_tilt_x = 0.03347771537258832
ccd_ff_tilt_y = -0.5909810542670659
ccd_ff_tilt_z = 0.17191845498104263
d_ff_ccd  = -4.815971695626858
ccd_dec_x = 0.5532942275395284
ccd_dec_y = 5.107627040814084
ccd_defocus = 0.28579315010880063
ccd_tilt_x = 0.032664537172577994
ccd_tilt_y = -0.002196616713342996
ccd_tilt_z = 4.710717423903195e-06
p = 0.0001