slit_dec_x_a = -0.181778666534
slit_dec_y_a = -0.18243150017
slit_dec_x_b = 0.14512077562974193
slit_dec_y_b = -0.05510809031835813
slit_defocus = -0.013771921463809372
slit_tilt_x = 1.054091694780301
slit_tilt_y = -8.559978603678847
slit_tilt_z = -9.026880454902829
d_slit_col = 1594.290233583489
coll_tilt_x = 0.12141988835876737
coll_tilt_y = -0.02645968119875494
ech_G = 31.61456350269415
ech_blaze = -74.99488688827347
ech_gamma = 1.1556454275235832
echelle_z = 0.057006203068785496
d_col_trf = -1588.0163638774648
trf_mirror_tilt_x = 0.007316959919987826
trf_mirror_tilt_y = 0.15548301918009544
d_col_grm = 0.03569468935407183
grism_dec_x = 236.38324491898786
grism_dec_y = 0.00927395230828116
grm_tilt_x = -0.02350857778653687
grm_tilt_y = 2.32578798876117
grm_G = 222.7840708788029
grm_apex = 17.766505540154757
d_grm_cam  = 21.60469596213
cam_dec_x = -0.2711129213336262
cam_dec_y = 0.2909201635763131
cam_tilt_x = 0.012418716435873403
cam_tilt_y = 0.008804353742515661
d_cam_ff  = -160.07709813101167
ccd_ff_dec_x = -0.0237981826172486
ccd_ff_dec_y = 0.04206462199331818
ccd_ff_tilt_x = 0.033482729793379816
ccd_ff_tilt_y = -0.5909889473589333
ccd_ff_tilt_z = 0.17191950675876663
d_ff_ccd  = -4.8159318972914775
ccd_dec_x = 0.5532955491455684
ccd_dec_y = 5.107627702995645
ccd_defocus = 0.2857589166049258
ccd_tilt_x = 0.0325779321030867
ccd_tilt_y = -0.0021676634424403177
ccd_tilt_z = 4.73790693782334e-06
p = 0.0001