slit_dec_x_a = -0.1704010755187174
slit_dec_y_a = -0.1956586180351446
slit_dec_x_b = 0.175
slit_dec_y_b = -1.831326545929122e-96
slit_defocus = 0.02133795952614336
slit_tilt_x = 1.1140649594480476
slit_tilt_y = -8.538430932384896
slit_tilt_z = -8.991641127472377
d_slit_col = 1594.3099538396602
coll_tilt_x = 0.11316709417806388
coll_tilt_y = -0.02890148006651331
ech_G = 31.61322212672982
ech_blaze = -74.97483149407468
ech_gamma = 1.1389696023382212
echelle_z = 0.07477796272819043
d_col_trf = -1588.0172218221526
trf_mirror_tilt_x = 0.026239844723303974
trf_mirror_tilt_y = 0.16220357189379622
d_col_grm = -0.004815439741443565
grism_dec_x = 236.42329774552977
grism_dec_y = 0.0382025752865245
grm_tilt_x = -0.01405328977819067
grm_tilt_y = 2.305280467801542
grm_G = 222.824014196604
grm_apex = 17.7910491592097
d_grm_cam  = 21.609818916856106
cam_dec_x = -0.30952622662573287
cam_dec_y = 0.24730089701821206
cam_tilt_x = -0.011091013033114997
cam_tilt_y = 0.003787598601374431
d_cam_ff  = -160.05746670933436
ccd_ff_dec_x = -0.0025997198945765694
ccd_ff_dec_y = 0.05296605530884538
ccd_ff_tilt_x = 0.019504337550992366
ccd_ff_tilt_y = -0.5728043984904445
ccd_ff_tilt_z = 0.1800586194198556
d_ff_ccd  = -4.83891675858151
ccd_dec_x = 0.6213986445309656
ccd_dec_y = 5.157153959678693
ccd_defocus = 0.2806903637577224
ccd_tilt_x = 0.005046884005922161
ccd_tilt_y = -0.010884339587753547
ccd_tilt_z = 5.0421122907781385e-06
p = 0.0001