slit_dec_x_a = -0.1704010755187174
slit_dec_y_a = -0.1956586180351446
slit_dec_x_b = 0.175
slit_dec_y_b = -1.8240479666428507e-96
slit_defocus = 0.02143517452471899
slit_tilt_x = 1.1140822722536234
slit_tilt_y = -8.538367307146252
slit_tilt_z = -8.991613647331905
d_slit_col = 1594.310012864001
coll_tilt_x = 0.11316681661381296
coll_tilt_y = -0.028890517974834214
ech_G = 31.613225977876315
ech_blaze = -74.97482897485091
ech_gamma = 1.13897692483009
echelle_z = 0.07477254593672422
d_col_trf = -1588.0172298567481
trf_mirror_tilt_x = 0.0263116950833493
trf_mirror_tilt_y = 0.16224847857263125
d_col_grm = -0.004918779697517987
grism_dec_x = 236.42326606087107
grism_dec_y = 0.03818109099700947
grm_tilt_x = -0.014049954012155195
grm_tilt_y = 2.305279345727707
grm_G = 222.82399634742686
grm_apex = 17.790991113077734
d_grm_cam  = 21.609810871999503
cam_dec_x = -0.30957550111212
cam_dec_y = 0.2473023580323753
cam_tilt_x = -0.01109765004194908
cam_tilt_y = 0.003724421961806597
d_cam_ff  = -160.05745649391872
ccd_ff_dec_x = -0.002595666386072719
ccd_ff_dec_y = 0.05301392533000621
ccd_ff_tilt_x = 0.019467179239352962
ccd_ff_tilt_y = -0.572803115144401
ccd_ff_tilt_z = 0.18005954805634614
d_ff_ccd  = -4.839034500551214
ccd_dec_x = 0.6214056334929381
ccd_dec_y = 5.157149774681844
ccd_defocus = 0.28067572739452273
ccd_tilt_x = 0.00505402850453449
ccd_tilt_y = -0.010926678470442841
ccd_tilt_z = 5.046548694570677e-06
p = 0.0001