slit_dec_x_a = -0.1704010755187174
slit_dec_y_a = -0.1956586180351446
slit_dec_x_b = 0.175
slit_dec_y_b = -1.8626775311563455e-96
slit_defocus = 0.021296565312888125
slit_tilt_x = 1.1139125817042443
slit_tilt_y = -8.538512386910176
slit_tilt_z = -8.991638385505029
d_slit_col = 1594.3099870408355
coll_tilt_x = 0.11317017249243248
coll_tilt_y = -0.028943157726853196
ech_G = 31.61322823645403
ech_blaze = -74.97483088571889
ech_gamma = 1.1389794962664614
echelle_z = 0.07476775063107273
d_col_trf = -1588.0172300875445
trf_mirror_tilt_x = 0.02626858103823816
trf_mirror_tilt_y = 0.16218998778144403
d_col_grm = -0.004809139726306847
grism_dec_x = 236.42327975734418
grism_dec_y = 0.038236406790765405
grm_tilt_x = -0.014057611599056025
grm_tilt_y = 2.305273199476411
grm_G = 222.82400014016434
grm_apex = 17.791051132098314
d_grm_cam  = 21.609812173651026
cam_dec_x = -0.30951203641877534
cam_dec_y = 0.24722308415211466
cam_tilt_x = -0.011053401105789394
cam_tilt_y = 0.003770511208612837
d_cam_ff  = -160.05743870792023
ccd_ff_dec_x = -0.002605594456236387
ccd_ff_dec_y = 0.053004986309461766
ccd_ff_tilt_x = 0.01952767263904323
ccd_ff_tilt_y = -0.572812308369057
ccd_ff_tilt_z = 0.1800525936556583
d_ff_ccd  = -4.8388791027623395
ccd_dec_x = 0.6214086568142002
ccd_dec_y = 5.15715488635449
ccd_defocus = 0.28071661692644917
ccd_tilt_x = 0.005022030373525612
ccd_tilt_y = -0.010875337706253117
ccd_tilt_z = 5.092448828803559e-06
p = 0.0001