slit_dec_x_a = -0.181778666534
slit_dec_y_a = -0.18243150017
slit_dec_x_b = 0.14512077562974193
slit_dec_y_b = -0.05510809031835813
slit_defocus = -0.013824554484195326
slit_tilt_x = 1.0540840301443142
slit_tilt_y = -8.559937193560767
slit_tilt_z = -9.026899165461414
d_slit_col = 1594.2903246847407
coll_tilt_x = 0.12146843007678643
coll_tilt_y = -0.026449519330344725
ech_G = 31.614565318801596
ech_blaze = -74.99488553017558
ech_gamma = 1.1556464787348166
echelle_z = 0.057010223630336684
d_col_trf = -1588.0163608519583
trf_mirror_tilt_x = 0.007309831996321834
trf_mirror_tilt_y = 0.1554096079512406
d_col_grm = 0.03565336481670325
grism_dec_x = 236.3832718908456
grism_dec_y = 0.009238441848295456
grm_tilt_x = -0.023506197646711757
grm_tilt_y = 2.32578955667195
grm_G = 222.7840720856393
grm_apex = 17.766526159626046
d_grm_cam  = 21.60469894529128
cam_dec_x = -0.2710707022826762
cam_dec_y = 0.2909209612468517
cam_tilt_x = 0.012363381444023588
cam_tilt_y = 0.008849611434452464
d_cam_ff  = -160.076814360854
ccd_ff_dec_x = -0.023800141624936752
ccd_ff_dec_y = 0.04201185372290821
ccd_ff_tilt_x = 0.03343178875348717
ccd_ff_tilt_y = -0.5909820546177122
ccd_ff_tilt_z = 0.17192440223334773
d_ff_ccd  = -4.816072920631844
ccd_dec_x = 0.5532923936281002
ccd_dec_y = 5.1076360787588255
ccd_defocus = 0.28578382009593983
ccd_tilt_x = 0.03264126343033338
ccd_tilt_y = -0.002096888333507059
ccd_tilt_z = 4.674958213808603e-06
p = 0.0001