slit_dec_x_a = -0.181778666534
slit_dec_y_a = -0.18243150017
slit_dec_x_b = 0.14512077562974193
slit_dec_y_b = -0.05510809031835813
slit_defocus = -0.01382438727992882
slit_tilt_x = 1.054045916469601
slit_tilt_y = -8.559967428213783
slit_tilt_z = -9.026837604780525
d_slit_col = 1594.2902960647061
coll_tilt_x = 0.12142346084199096
coll_tilt_y = -0.026464186966256322
ech_G = 31.614566569171355
ech_blaze = -74.99488656776762
ech_gamma = 1.1556377927774475
echelle_z = 0.05699667349955213
d_col_trf = -1588.0163684252677
trf_mirror_tilt_x = 0.007283968366865297
trf_mirror_tilt_y = 0.155487190160387
d_col_grm = 0.0356810542522559
grism_dec_x = 236.3831950169146
grism_dec_y = 0.009267000656955833
grm_tilt_x = -0.02351284185869124
grm_tilt_y = 2.3257884068875843
grm_G = 222.78406795325523
grm_apex = 17.766599126030382
d_grm_cam  = 21.6047000343954
cam_dec_x = -0.27111961064416756
cam_dec_y = 0.29089983692888877
cam_tilt_x = 0.012442474078148223
cam_tilt_y = 0.008809068959870499
d_cam_ff  = -160.0770607727484
ccd_ff_dec_x = -0.02380122162187392
ccd_ff_dec_y = 0.041999297940780854
ccd_ff_tilt_x = 0.03350919635807714
ccd_ff_tilt_y = -0.5909806292897725
ccd_ff_tilt_z = 0.17191483629909993
d_ff_ccd  = -4.815890592006089
ccd_dec_x = 0.5532961088939616
ccd_dec_y = 5.10763225874278
ccd_defocus = 0.28578034055344326
ccd_tilt_x = 0.03262733896812184
ccd_tilt_y = -0.002134380838219049
ccd_tilt_z = 4.67047871078638e-06
p = 0.0001