slit_dec_x_a = -0.1704010755187174
slit_dec_y_a = -0.1956586180351446
slit_dec_x_b = 0.175
slit_dec_y_b = -1.8242313311554692e-96
slit_defocus = 0.02136984412536372
slit_tilt_x = 1.1139744591820704
slit_tilt_y = -8.538502542260305
slit_tilt_z = -8.991599862070426
d_slit_col = 1594.3100287354423
coll_tilt_x = 0.11317851213590374
coll_tilt_y = -0.028934912946771838
ech_G = 31.613234381608475
ech_blaze = -74.97483118307943
ech_gamma = 1.1389738115496022
echelle_z = 0.07476973863432071
d_col_trf = -1588.017232315405
trf_mirror_tilt_x = 0.026350024225868605
trf_mirror_tilt_y = 0.16213089488897328
d_col_grm = -0.0048495272866688165
grism_dec_x = 236.4232642794019
grism_dec_y = 0.038210941554521226
grm_tilt_x = -0.014051797274656842
grm_tilt_y = 2.3052791418546232
grm_G = 222.82401009097887
grm_apex = 17.791065381853425
d_grm_cam  = 21.609815261147965
cam_dec_x = -0.30947791834413807
cam_dec_y = 0.24725798944522537
cam_tilt_x = -0.011100661841626674
cam_tilt_y = 0.0037853058579727346
d_cam_ff  = -160.05756202388997
ccd_ff_dec_x = -0.002600180164658041
ccd_ff_dec_y = 0.05307287965683846
ccd_ff_tilt_x = 0.019482040190680287
ccd_ff_tilt_y = -0.5728033845481624
ccd_ff_tilt_z = 0.18006082482879363
d_ff_ccd  = -4.838952923105758
ccd_dec_x = 0.6214008146259395
ccd_dec_y = 5.157152146560144
ccd_defocus = 0.28076703117746526
ccd_tilt_x = 0.005085072853131795
ccd_tilt_y = -0.010944621651972521
ccd_tilt_z = 5.063402651735119e-06
p = 0.0001