slit_dec_x_a = -0.1704010755187174
slit_dec_y_a = -0.1956586180351446
slit_dec_x_b = 0.175
slit_dec_y_b = -1.851036026054877e-96
slit_defocus = 0.021404445446915304
slit_tilt_x = 1.1139959816239746
slit_tilt_y = -8.538391310795905
slit_tilt_z = -8.99163611752755
d_slit_col = 1594.3099252435052
coll_tilt_x = 0.11324920925340276
coll_tilt_y = -0.028945212140666053
ech_G = 31.613232466562337
ech_blaze = -74.97483346671964
ech_gamma = 1.1389780922492376
echelle_z = 0.07477218925404072
d_col_trf = -1588.017225265488
trf_mirror_tilt_x = 0.02626424996482655
trf_mirror_tilt_y = 0.1622339638921131
d_col_grm = -0.004817204046799327
grism_dec_x = 236.42323565328792
grism_dec_y = 0.03821583384698079
grm_tilt_x = -0.014053824048991808
grm_tilt_y = 2.3052731134322104
grm_G = 222.8239970942491
grm_apex = 17.791031532644944
d_grm_cam  = 21.6098175540177
cam_dec_x = -0.309574312419281
cam_dec_y = 0.2473335772276962
cam_tilt_x = -0.011031195620475564
cam_tilt_y = 0.0037700749392770116
d_cam_ff  = -160.05734990287792
ccd_ff_dec_x = -0.0026096880589121015
ccd_ff_dec_y = 0.05300854252997739
ccd_ff_tilt_x = 0.0195584131571173
ccd_ff_tilt_y = -0.5728028424136287
ccd_ff_tilt_z = 0.18005327241044447
d_ff_ccd  = -4.838972709268826
ccd_dec_x = 0.6213988972426011
ccd_dec_y = 5.157154321434602
ccd_defocus = 0.2807606890892426
ccd_tilt_x = 0.004997242578723449
ccd_tilt_y = -0.01090530101283287
ccd_tilt_z = 5.061039458246657e-06
p = 0.0001