slit_dec_x_a = -0.181778666534
slit_dec_y_a = -0.18243150017
slit_dec_x_b = 0.14512077562974193
slit_dec_y_b = -0.05510809031835813
slit_defocus = -0.013769644192434937
slit_tilt_x = 1.0540840128414222
slit_tilt_y = -8.559980007888296
slit_tilt_z = -9.026881642773722
d_slit_col = 1594.2903446892822
coll_tilt_x = 0.1214370838752283
coll_tilt_y = -0.02648993890295555
ech_G = 31.614569413990562
ech_blaze = -74.99488436445532
ech_gamma = 1.1556390795707068
echelle_z = 0.057002648619429726
d_col_trf = -1588.0163596555078
trf_mirror_tilt_x = 0.007309094755238209
trf_mirror_tilt_y = 0.15544086950247632
d_col_grm = 0.035624487610441305
grism_dec_x = 236.3831913470616
grism_dec_y = 0.00923275506159793
grm_tilt_x = -0.023505482928586827
grm_tilt_y = 2.32578706945964
grm_G = 222.78406591435123
grm_apex = 17.766476715336943
d_grm_cam  = 21.604697973665413
cam_dec_x = -0.2710593168766945
cam_dec_y = 0.2908588372317618
cam_tilt_x = 0.012398174365350784
cam_tilt_y = 0.008774636558643545
d_cam_ff  = -160.0769212896332
ccd_ff_dec_x = -0.023805650595288035
ccd_ff_dec_y = 0.042035959281182804
ccd_ff_tilt_x = 0.033469551120622304
ccd_ff_tilt_y = -0.5909765335326171
ccd_ff_tilt_z = 0.17192266463676195
d_ff_ccd  = -4.816089244958894
ccd_dec_x = 0.5532960039446283
ccd_dec_y = 5.107627131030592
ccd_defocus = 0.2857865443367184
ccd_tilt_x = 0.032602728134025566
ccd_tilt_y = -0.002165961495090787
ccd_tilt_z = 4.669433635362731e-06
p = 0.0001