slit_dec_x_a = -0.1704010755187174
slit_dec_y_a = -0.1956586180351446
slit_dec_x_b = 0.175
slit_dec_y_b = -1.813324010421382e-96
slit_defocus = 0.02141114124629476
slit_tilt_x = 1.1140398383319905
slit_tilt_y = -8.538444890421696
slit_tilt_z = -8.99163990327318
d_slit_col = 1594.3100035056148
coll_tilt_x = 0.11324411387599609
coll_tilt_y = -0.02891578770134135
ech_G = 31.613232520089138
ech_blaze = -74.97483907222706
ech_gamma = 1.1389761516059043
echelle_z = 0.07477330617595973
d_col_trf = -1588.017232540161
trf_mirror_tilt_x = 0.026297203576560513
trf_mirror_tilt_y = 0.16221856389821315
d_col_grm = -0.004817795811065189
grism_dec_x = 236.42332352304533
grism_dec_y = 0.03818937997360027
grm_tilt_x = -0.01404886413968049
grm_tilt_y = 2.3052728455923486
grm_G = 222.82400542792612
grm_apex = 17.791059000361027
d_grm_cam  = 21.60981097141242
cam_dec_x = -0.3095308016087073
cam_dec_y = 0.24728818257869287
cam_tilt_x = -0.011041709493587105
cam_tilt_y = 0.0038245667346592863
d_cam_ff  = -160.05751359683637
ccd_ff_dec_x = -0.0025977031461360467
ccd_ff_dec_y = 0.053058014885391185
ccd_ff_tilt_x = 0.019461931240535028
ccd_ff_tilt_y = -0.5728022942642511
ccd_ff_tilt_z = 0.18005475531163476
d_ff_ccd  = -4.838877438430936
ccd_dec_x = 0.6214052801593316
ccd_dec_y = 5.157145162052743
ccd_defocus = 0.28067344591595006
ccd_tilt_x = 0.005101681715130403
ccd_tilt_y = -0.010949159987069187
ccd_tilt_z = 5.034548737627526e-06
p = 0.0001