slit_dec_x_a = -0.1704010755187174
slit_dec_y_a = -0.1956586180351446
slit_dec_x_b = 0.175
slit_dec_y_b = -1.9027918212235156e-96
slit_defocus = 0.02135739486957205
slit_tilt_x = 1.1139554856787242
slit_tilt_y = -8.538450473369307
slit_tilt_z = -8.99159787254348
d_slit_col = 1594.3099323744611
coll_tilt_x = 0.1131820631085612
coll_tilt_y = -0.02893818719776612
ech_G = 31.6132212105205
ech_blaze = -74.97482561951607
ech_gamma = 1.1389788729139123
echelle_z = 0.07476718676783067
d_col_trf = -1588.017228895978
trf_mirror_tilt_x = 0.026312168159473272
trf_mirror_tilt_y = 0.16224570879203587
d_col_grm = -0.004756563075610912
grism_dec_x = 236.42337191017666
grism_dec_y = 0.03814556786921367
grm_tilt_x = -0.014056271772094706
grm_tilt_y = 2.305275172083715
grm_G = 222.82400455322886
grm_apex = 17.79102417210254
d_grm_cam  = 21.609819020858467
cam_dec_x = -0.30953171432191506
cam_dec_y = 0.2473022045393622
cam_tilt_x = -0.011089390939266067
cam_tilt_y = 0.0037917078753108642
d_cam_ff  = -160.0572632379404
ccd_ff_dec_x = -0.0025942822383923482
ccd_ff_dec_y = 0.05305972297066607
ccd_ff_tilt_x = 0.01953662848372181
ccd_ff_tilt_y = -0.5728031226951958
ccd_ff_tilt_z = 0.18004980670745924
d_ff_ccd  = -4.838896734879732
ccd_dec_x = 0.6214066397622123
ccd_dec_y = 5.157151327235636
ccd_defocus = 0.2807327650572897
ccd_tilt_x = 0.005037620552227122
ccd_tilt_y = -0.010875823818334811
ccd_tilt_z = 5.040446020302911e-06
p = 0.0001