slit_dec_x_a = -0.181778666534
slit_dec_y_a = -0.18243150017
slit_dec_x_b = 0.14512077562974193
slit_dec_y_b = -0.05510809031835813
slit_defocus = -0.01373847219243389
slit_tilt_x = 1.054048206564509
slit_tilt_y = -8.559924502898268
slit_tilt_z = -9.026977745835968
d_slit_col = 1594.2902886032848
coll_tilt_x = 0.12145934604386405
coll_tilt_y = -0.026458141711567584
ech_G = 31.614560837343827
ech_blaze = -74.99488797056756
ech_gamma = 1.155635253378746
echelle_z = 0.056999585359199405
d_col_trf = -1588.0163680515416
trf_mirror_tilt_x = 0.007259410610167776
trf_mirror_tilt_y = 0.1554712839230015
d_col_grm = 0.03563162840473582
grism_dec_x = 236.38318125620435
grism_dec_y = 0.009210839894601527
grm_tilt_x = -0.02351270061028516
grm_tilt_y = 2.3257802196357455
grm_G = 222.7840704388737
grm_apex = 17.76651974491309
d_grm_cam  = 21.604694330957024
cam_dec_x = -0.2711348117484595
cam_dec_y = 0.2909144179158362
cam_tilt_x = 0.012494299758319028
cam_tilt_y = 0.008799690576685906
d_cam_ff  = -160.07732174503732
ccd_ff_dec_x = -0.023805611798325035
ccd_ff_dec_y = 0.04205002831255491
ccd_ff_tilt_x = 0.03354776171606111
ccd_ff_tilt_y = -0.5909815921605531
ccd_ff_tilt_z = 0.1719183719496086
d_ff_ccd  = -4.815997521846394
ccd_dec_x = 0.553291288768484
ccd_dec_y = 5.107640775739195
ccd_defocus = 0.2857915812323638
ccd_tilt_x = 0.032590198938690626
ccd_tilt_y = -0.002172601247973735
ccd_tilt_z = 4.679816238276783e-06
p = 0.0001