slit_dec_x_a = -0.1704010755187174
slit_dec_y_a = -0.1956586180351446
slit_dec_x_b = 0.175
slit_dec_y_b = -1.8149419091592486e-96
slit_defocus = 0.021318033922942434
slit_tilt_x = 1.113969797061436
slit_tilt_y = -8.538328948971579
slit_tilt_z = -8.991628944313906
d_slit_col = 1594.3099406988492
coll_tilt_x = 0.11327291406115116
coll_tilt_y = -0.028943558629268458
ech_G = 31.613229886245247
ech_blaze = -74.97483708672354
ech_gamma = 1.138974218800223
echelle_z = 0.07476671530476552
d_col_trf = -1588.017232115836
trf_mirror_tilt_x = 0.026268005189160663
trf_mirror_tilt_y = 0.16225269136625656
d_col_grm = -0.0048807129012736926
grism_dec_x = 236.42330799438201
grism_dec_y = 0.03813278404080105
grm_tilt_x = -0.014052686820231365
grm_tilt_y = 2.3052754645499087
grm_G = 222.82401137371252
grm_apex = 17.790954851775094
d_grm_cam  = 21.609812946696977
cam_dec_x = -0.3094873754084902
cam_dec_y = 0.24725112753119494
cam_tilt_x = -0.010999784428000009
cam_tilt_y = 0.003820528621383781
d_cam_ff  = -160.05781449077614
ccd_ff_dec_x = -0.0025926195347093953
ccd_ff_dec_y = 0.053109520189741605
ccd_ff_tilt_x = 0.019569889775662937
ccd_ff_tilt_y = -0.5728063499166415
ccd_ff_tilt_z = 0.1800549600502249
d_ff_ccd  = -4.838916146394817
ccd_dec_x = 0.6214042249291138
ccd_dec_y = 5.1571563754091505
ccd_defocus = 0.28069108702022666
ccd_tilt_x = 0.0051126209999544075
ccd_tilt_y = -0.010962073255230548
ccd_tilt_z = 5.077071500170464e-06
p = 0.0001