slit_dec_x_a = -0.181778666534
slit_dec_y_a = -0.18243150017
slit_dec_x_b = 0.14512077562974193
slit_dec_y_b = -0.05510809031835813
slit_defocus = -0.013830833488677327
slit_tilt_x = 1.0540498368075424
slit_tilt_y = -8.559976058783352
slit_tilt_z = -9.026878350803777
d_slit_col = 1594.2903210184727
coll_tilt_x = 0.1214627827281211
coll_tilt_y = -0.026451298496021777
ech_G = 31.61456305405585
ech_blaze = -74.99489494191153
ech_gamma = 1.1556410426627137
echelle_z = 0.05700023172509106
d_col_trf = -1588.0163655392491
trf_mirror_tilt_x = 0.007324666710255608
trf_mirror_tilt_y = 0.1553993594900109
d_col_grm = 0.03565829203068349
grism_dec_x = 236.38320881455712
grism_dec_y = 0.009280281065757609
grm_tilt_x = -0.023508105834308526
grm_tilt_y = 2.325790443183763
grm_G = 222.78406601307125
grm_apex = 17.76650335215482
d_grm_cam  = 21.60469988375331
cam_dec_x = -0.2711168973813327
cam_dec_y = 0.29091182972472596
cam_tilt_x = 0.01246130815271194
cam_tilt_y = 0.008794142178261763
d_cam_ff  = -160.07717633936258
ccd_ff_dec_x = -0.023798912499652148
ccd_ff_dec_y = 0.04203121182052886
ccd_ff_tilt_x = 0.03344570909489843
ccd_ff_tilt_y = -0.5909825361412888
ccd_ff_tilt_z = 0.17191399839454888
d_ff_ccd  = -4.815984850737439
ccd_dec_x = 0.5532918203537005
ccd_dec_y = 5.1076325871571155
ccd_defocus = 0.28577167244412155
ccd_tilt_x = 0.03259083790604571
ccd_tilt_y = -0.002176467580325337
ccd_tilt_z = 4.712986782404343e-06
p = 0.0001