slit_dec_x_a = -0.181778666534
slit_dec_y_a = -0.18243150017
slit_dec_x_b = 0.14512077562974193
slit_dec_y_b = -0.05510809031835813
slit_defocus = -0.013818395728653624
slit_tilt_x = 1.054002625869739
slit_tilt_y = -8.560005362718915
slit_tilt_z = -9.026882267953845
d_slit_col = 1594.290286899648
coll_tilt_x = 0.12136815361583063
coll_tilt_y = -0.02651892218622133
ech_G = 31.61456063511462
ech_blaze = -74.9948914027749
ech_gamma = 1.1556364324150896
echelle_z = 0.05700378870014234
d_col_trf = -1588.01636780386
trf_mirror_tilt_x = 0.0073131541406840405
trf_mirror_tilt_y = 0.15547213640152802
d_col_grm = 0.035657236654190315
grism_dec_x = 236.38320784705206
grism_dec_y = 0.009217947853269395
grm_tilt_x = -0.023509744224021686
grm_tilt_y = 2.3257894416794302
grm_G = 222.7840701375147
grm_apex = 17.76651080047205
d_grm_cam  = 21.604701401271246
cam_dec_x = -0.2710778618461994
cam_dec_y = 0.2909040845191896
cam_tilt_x = 0.012381919300631362
cam_tilt_y = 0.008807729192742881
d_cam_ff  = -160.07697780199496
ccd_ff_dec_x = -0.02380398244397509
ccd_ff_dec_y = 0.04206509844450383
ccd_ff_tilt_x = 0.03341968657131575
ccd_ff_tilt_y = -0.5909762302322401
ccd_ff_tilt_z = 0.17191635936305324
d_ff_ccd  = -4.816039035290767
ccd_dec_x = 0.5532955725404093
ccd_dec_y = 5.107634270781339
ccd_defocus = 0.28580549137985667
ccd_tilt_x = 0.03262044839224248
ccd_tilt_y = -0.0021793496065458206
ccd_tilt_z = 4.672806468592017e-06
p = 0.0001