slit_dec_x_a = -0.1704010755187174
slit_dec_y_a = -0.1956586180351446
slit_dec_x_b = 0.175
slit_dec_y_b = -1.8385735482939652e-96
slit_defocus = 0.021447981326224115
slit_tilt_x = 1.1140643884153894
slit_tilt_y = -8.53844902693974
slit_tilt_z = -8.991650151074834
d_slit_col = 1594.3099379835671
coll_tilt_x = 0.11312575860937547
coll_tilt_y = -0.028887158805561555
ech_G = 31.613230459427765
ech_blaze = -74.97483044170279
ech_gamma = 1.1389742962101534
echelle_z = 0.07476861550015294
d_col_trf = -1588.01723419914
trf_mirror_tilt_x = 0.026223036990824244
trf_mirror_tilt_y = 0.16219111487410506
d_col_grm = -0.004834664106470892
grism_dec_x = 236.42329366194903
grism_dec_y = 0.03817109777713222
grm_tilt_x = -0.014045124117809202
grm_tilt_y = 2.3052752075229286
grm_G = 222.82400559367963
grm_apex = 17.79106892917153
d_grm_cam  = 21.60981155642649
cam_dec_x = -0.3095922077349264
cam_dec_y = 0.24728214728596398
cam_tilt_x = -0.011106491787163357
cam_tilt_y = 0.0037680907976355123
d_cam_ff  = -160.05750097537688
ccd_ff_dec_x = -0.0025974233671076613
ccd_ff_dec_y = 0.05301191645245892
ccd_ff_tilt_x = 0.019515424371724203
ccd_ff_tilt_y = -0.572805869042554
ccd_ff_tilt_z = 0.18005148516404307
d_ff_ccd  = -4.838902288048194
ccd_dec_x = 0.6214053034827552
ccd_dec_y = 5.15714776760385
ccd_defocus = 0.2807362006940242
ccd_tilt_x = 0.005019208574532239
ccd_tilt_y = -0.010940489591565876
ccd_tilt_z = 5.081436257426494e-06
p = 0.0001