slit_dec_x_a = -0.1704010755187174
slit_dec_y_a = -0.1956586180351446
slit_dec_x_b = 0.175
slit_dec_y_b = -1.7396078872632285e-96
slit_defocus = 0.021320673869739883
slit_tilt_x = 1.1139235034366812
slit_tilt_y = -8.538458324520509
slit_tilt_z = -8.991644848884382
d_slit_col = 1594.3098931589207
coll_tilt_x = 0.11320886101802054
coll_tilt_y = -0.028859474775780748
ech_G = 31.613228743201454
ech_blaze = -74.97483675946597
ech_gamma = 1.1389845041888003
echelle_z = 0.07477510237177667
d_col_trf = -1588.017233329919
trf_mirror_tilt_x = 0.026263593619658195
trf_mirror_tilt_y = 0.1622435691582978
d_col_grm = -0.004767521840172114
grism_dec_x = 236.42338488575328
grism_dec_y = 0.03814110124098776
grm_tilt_x = -0.014059699059291103
grm_tilt_y = 2.3052815003550746
grm_G = 222.8239992795964
grm_apex = 17.791046972136115
d_grm_cam  = 21.60981686908614
cam_dec_x = -0.30944983504216245
cam_dec_y = 0.2472859245510617
cam_tilt_x = -0.011031261732198212
cam_tilt_y = 0.0038088896568236946
d_cam_ff  = -160.05748217490864
ccd_ff_dec_x = -0.002602864482429391
ccd_ff_dec_y = 0.05301126601957784
ccd_ff_tilt_x = 0.01956610137500737
ccd_ff_tilt_y = -0.5728068475754519
ccd_ff_tilt_z = 0.18005676609188428
d_ff_ccd  = -4.838926400388069
ccd_dec_x = 0.6214065709632899
ccd_dec_y = 5.157150638442894
ccd_defocus = 0.2807361615788989
ccd_tilt_x = 0.005053905091665602
ccd_tilt_y = -0.010949270599564952
ccd_tilt_z = 5.059640167362685e-06
p = 0.0001