slit_dec_x_a = -0.181778666534
slit_dec_y_a = -0.18243150017
slit_dec_x_b = 0.14512077562974193
slit_dec_y_b = -0.05510809031835813
slit_defocus = -0.013800472293873515
slit_tilt_x = 1.0540522795378053
slit_tilt_y = -8.559930982606232
slit_tilt_z = -9.026842777796924
d_slit_col = 1594.2902600792563
coll_tilt_x = 0.12144215278110387
coll_tilt_y = -0.026513998222143273
ech_G = 31.614558582902678
ech_blaze = -74.99488733899447
ech_gamma = 1.1556430047813597
echelle_z = 0.05700184908759429
d_col_trf = -1588.0163621625418
trf_mirror_tilt_x = 0.0072668533758359875
trf_mirror_tilt_y = 0.15541078371810757
d_col_grm = 0.03565420414723043
grism_dec_x = 236.38323747240935
grism_dec_y = 0.00917498738451137
grm_tilt_x = -0.023509536973713097
grm_tilt_y = 2.325794557857728
grm_G = 222.78406808954074
grm_apex = 17.766549949035518
d_grm_cam  = 21.60470478510592
cam_dec_x = -0.27106968351001126
cam_dec_y = 0.2909073967843545
cam_tilt_x = 0.012389644296215373
cam_tilt_y = 0.008829447079189758
d_cam_ff  = -160.07708523896102
ccd_ff_dec_x = -0.023795315448834856
ccd_ff_dec_y = 0.04209509992999888
ccd_ff_tilt_x = 0.03351315980746416
ccd_ff_tilt_y = -0.590972290628613
ccd_ff_tilt_z = 0.17192107991766467
d_ff_ccd  = -4.816015138344193
ccd_dec_x = 0.553293098412286
ccd_dec_y = 5.1076280773714835
ccd_defocus = 0.2857907151738331
ccd_tilt_x = 0.03255285531370239
ccd_tilt_y = -0.0020895401667380365
ccd_tilt_z = 4.704250059640574e-06
p = 0.0001