slit_dec_x_a = -0.181778666534
slit_dec_y_a = -0.18243150017
slit_dec_x_b = 0.14512077562974193
slit_dec_y_b = -0.05510809031835813
slit_defocus = -0.013830035242517077
slit_tilt_x = 1.0540638237787716
slit_tilt_y = -8.559927916962918
slit_tilt_z = -9.026890263153346
d_slit_col = 1594.2902419565285
coll_tilt_x = 0.1215123599810813
coll_tilt_y = -0.026484657185346244
ech_G = 31.61456801457589
ech_blaze = -74.99488633366096
ech_gamma = 1.1556383572518154
echelle_z = 0.05699987219956889
d_col_trf = -1588.0163641529361
trf_mirror_tilt_x = 0.007289184399660498
trf_mirror_tilt_y = 0.1554559730121228
d_col_grm = 0.035666587477806815
grism_dec_x = 236.38321558946257
grism_dec_y = 0.009220716171311288
grm_tilt_x = -0.023506231904607423
grm_tilt_y = 2.325788814406935
grm_G = 222.78406839086432
grm_apex = 17.76651594263162
d_grm_cam  = 21.604701347580903
cam_dec_x = -0.27107700651559935
cam_dec_y = 0.290901087051606
cam_tilt_x = 0.012449089312783847
cam_tilt_y = 0.008798979074083285
d_cam_ff  = -160.07713524215998
ccd_ff_dec_x = -0.023804932530003986
ccd_ff_dec_y = 0.04199600015111577
ccd_ff_tilt_x = 0.033508232846711526
ccd_ff_tilt_y = -0.5909848377462795
ccd_ff_tilt_z = 0.17191148443413068
d_ff_ccd  = -4.816010133414239
ccd_dec_x = 0.5533019393609441
ccd_dec_y = 5.107629936629815
ccd_defocus = 0.28575730606211625
ccd_tilt_x = 0.03264161981633359
ccd_tilt_y = -0.00219908934350131
ccd_tilt_z = 4.651467831299253e-06
p = 0.0001