slit_dec_x_a = -0.1704010755187174
slit_dec_y_a = -0.1956586180351446
slit_dec_x_b = 0.175
slit_dec_y_b = -1.8004237227828487e-96
slit_defocus = 0.021412754165659503
slit_tilt_x = 1.1139933371572897
slit_tilt_y = -8.538455855318809
slit_tilt_z = -8.991677590131204
d_slit_col = 1594.3099678069375
coll_tilt_x = 0.11318356213484641
coll_tilt_y = -0.02891216647826522
ech_G = 31.613233035362807
ech_blaze = -74.9748333341805
ech_gamma = 1.1389677650089056
echelle_z = 0.07477667540163646
d_col_trf = -1588.0172318367947
trf_mirror_tilt_x = 0.026334358597960704
trf_mirror_tilt_y = 0.16221945250535214
d_col_grm = -0.0047989415263878545
grism_dec_x = 236.4233002070216
grism_dec_y = 0.03811244539161211
grm_tilt_x = -0.014045013145706445
grm_tilt_y = 2.3052820779256056
grm_G = 222.82400632970115
grm_apex = 17.79100735212537
d_grm_cam  = 21.60981735239939
cam_dec_x = -0.30951584358408624
cam_dec_y = 0.2472666881450628
cam_tilt_x = -0.011080211184641947
cam_tilt_y = 0.0038168743882506435
d_cam_ff  = -160.05731464495906
ccd_ff_dec_x = -0.00259076984025879
ccd_ff_dec_y = 0.05296133281262527
ccd_ff_tilt_x = 0.01947827138487153
ccd_ff_tilt_y = -0.5728022226558936
ccd_ff_tilt_z = 0.18005119177255965
d_ff_ccd  = -4.838914817050091
ccd_dec_x = 0.6214057030339848
ccd_dec_y = 5.157149923190831
ccd_defocus = 0.2807428098844363
ccd_tilt_x = 0.004984636637163583
ccd_tilt_y = -0.010905376796860813
ccd_tilt_z = 5.107759043469706e-06
p = 0.0001