slit_dec_x_a = -0.1704010755187174
slit_dec_y_a = -0.1956586180351446
slit_dec_x_b = 0.175
slit_dec_y_b = -1.8326457994578434e-96
slit_defocus = 0.021345464864688683
slit_tilt_x = 1.1139507083488474
slit_tilt_y = -8.538393129248288
slit_tilt_z = -8.99163406066301
d_slit_col = 1594.3100173303346
coll_tilt_x = 0.11324031031915639
coll_tilt_y = -0.028935242723086486
ech_G = 31.613231399476927
ech_blaze = -74.97482699408307
ech_gamma = 1.1389803839738837
echelle_z = 0.07477291438175877
d_col_trf = -1588.0172347602042
trf_mirror_tilt_x = 0.026321033448669158
trf_mirror_tilt_y = 0.16223878751055074
d_col_grm = -0.004819962836224835
grism_dec_x = 236.423361993529
grism_dec_y = 0.03814944451654297
grm_tilt_x = -0.014050777052038721
grm_tilt_y = 2.3052775481722003
grm_G = 222.82400988582586
grm_apex = 17.791008889565283
d_grm_cam  = 21.609817547260423
cam_dec_x = -0.30961793994037196
cam_dec_y = 0.247262188236455
cam_tilt_x = -0.01108081679011735
cam_tilt_y = 0.003781647301821653
d_cam_ff  = -160.05748445146537
ccd_ff_dec_x = -0.002599711578910898
ccd_ff_dec_y = 0.05301824210440884
ccd_ff_tilt_x = 0.019498807738323864
ccd_ff_tilt_y = -0.5728091441083851
ccd_ff_tilt_z = 0.1800570730453085
d_ff_ccd  = -4.838970055779343
ccd_dec_x = 0.6214041515029559
ccd_dec_y = 5.157143490947907
ccd_defocus = 0.2807872716788053
ccd_tilt_x = 0.0050329153160423995
ccd_tilt_y = -0.01092989333341007
ccd_tilt_z = 5.055927620315184e-06
p = 0.0001