slit_dec_x_a = -0.181778666534
slit_dec_y_a = -0.18243150017
slit_dec_x_b = 0.14512077562974193
slit_dec_y_b = -0.05510809031835813
slit_defocus = -0.0137461879426147
slit_tilt_x = 1.0540857517835642
slit_tilt_y = -8.559989641869576
slit_tilt_z = -9.02686521000206
d_slit_col = 1594.2903268519576
coll_tilt_x = 0.12145058716908692
coll_tilt_y = -0.026478069556112982
ech_G = 31.614564215409487
ech_blaze = -74.9948977607212
ech_gamma = 1.155642239296146
echelle_z = 0.05700342078425065
d_col_trf = -1588.0163658143733
trf_mirror_tilt_x = 0.007330491306905087
trf_mirror_tilt_y = 0.15549432256870319
d_col_grm = 0.03560476080847012
grism_dec_x = 236.38322538684568
grism_dec_y = 0.00925529834433774
grm_tilt_x = -0.023506525744198342
grm_tilt_y = 2.325790942949048
grm_G = 222.78407091030732
grm_apex = 17.7665097081304
d_grm_cam  = 21.604700050191628
cam_dec_x = -0.2711004274697083
cam_dec_y = 0.29089419728323956
cam_tilt_x = 0.012457488570589599
cam_tilt_y = 0.00885708130199402
d_cam_ff  = -160.07739723915526
ccd_ff_dec_x = -0.0238068345302436
ccd_ff_dec_y = 0.0420553229730718
ccd_ff_tilt_x = 0.03351541517249109
ccd_ff_tilt_y = -0.5909740875808542
ccd_ff_tilt_z = 0.17191563304682306
d_ff_ccd  = -4.816006037702538
ccd_dec_x = 0.5532978387003201
ccd_dec_y = 5.107638766759545
ccd_defocus = 0.28575424303439956
ccd_tilt_x = 0.03263592743966562
ccd_tilt_y = -0.0021451909850273764
ccd_tilt_z = 4.697494085894866e-06
p = 0.0001