slit_dec_x_a = -0.181778666534
slit_dec_y_a = -0.18243150017
slit_dec_x_b = 0.14512077562974193
slit_dec_y_b = -0.05510809031835813
slit_defocus = -0.013816532050485691
slit_tilt_x = 1.054092915388786
slit_tilt_y = -8.559948787488624
slit_tilt_z = -9.026889849000927
d_slit_col = 1594.290264919132
coll_tilt_x = 0.12144439532358328
coll_tilt_y = -0.026499169832993465
ech_G = 31.614564122841117
ech_blaze = -74.99488882580675
ech_gamma = 1.1556413595086004
echelle_z = 0.057007394188254526
d_col_trf = -1588.0163593905504
trf_mirror_tilt_x = 0.007273427872431754
trf_mirror_tilt_y = 0.1554294537327731
d_col_grm = 0.03567650538812974
grism_dec_x = 236.3832534274456
grism_dec_y = 0.00923761855774092
grm_tilt_x = -0.02350537814110498
grm_tilt_y = 2.325784258944568
grm_G = 222.7840696270813
grm_apex = 17.766619937337197
d_grm_cam  = 21.60469587231666
cam_dec_x = -0.27115333888942333
cam_dec_y = 0.29087852399008085
cam_tilt_x = 0.012392608412644486
cam_tilt_y = 0.008793848594361135
d_cam_ff  = -160.07694707564514
ccd_ff_dec_x = -0.023803758651236073
ccd_ff_dec_y = 0.04205906458663912
ccd_ff_tilt_x = 0.03348594422378308
ccd_ff_tilt_y = -0.5909782741705766
ccd_ff_tilt_z = 0.1719140963461575
d_ff_ccd  = -4.816004412226039
ccd_dec_x = 0.5532938081755108
ccd_dec_y = 5.1076320188751785
ccd_defocus = 0.28572390843042567
ccd_tilt_x = 0.0325457657041209
ccd_tilt_y = -0.00210386043170933
ccd_tilt_z = 4.728329514677237e-06
p = 0.0001