slit_dec_x_a = -0.181778666534
slit_dec_y_a = -0.18243150017
slit_dec_x_b = 0.14512077562974193
slit_dec_y_b = -0.05510809031835813
slit_defocus = -0.013815928474656037
slit_tilt_x = 1.0540798094260062
slit_tilt_y = -8.559913099754594
slit_tilt_z = -9.026895967108175
d_slit_col = 1594.2902067743707
coll_tilt_x = 0.12141194775037438
coll_tilt_y = -0.026564100725605
ech_G = 31.61455767315338
ech_blaze = -74.99488325671628
ech_gamma = 1.1556355521494723
echelle_z = 0.05700301371905476
d_col_trf = -1588.0163656075622
trf_mirror_tilt_x = 0.0072911714917332695
trf_mirror_tilt_y = 0.15541364432975557
d_col_grm = 0.03569934338789086
grism_dec_x = 236.38321930439523
grism_dec_y = 0.00926400784534671
grm_tilt_x = -0.023512952153900202
grm_tilt_y = 2.325786733805025
grm_G = 222.78406542514284
grm_apex = 17.7665613729514
d_grm_cam  = 21.604700531107028
cam_dec_x = -0.27113904124461446
cam_dec_y = 0.2909753143785085
cam_tilt_x = 0.012404049597616847
cam_tilt_y = 0.008846052396361711
d_cam_ff  = -160.07709373235744
ccd_ff_dec_x = -0.023804846724343288
ccd_ff_dec_y = 0.04202827838953804
ccd_ff_tilt_x = 0.03344608755021208
ccd_ff_tilt_y = -0.5909772386073382
ccd_ff_tilt_z = 0.17191971658021413
d_ff_ccd  = -4.815983697248049
ccd_dec_x = 0.5532966020111599
ccd_dec_y = 5.107629332931601
ccd_defocus = 0.2858005081608438
ccd_tilt_x = 0.03258754155311209
ccd_tilt_y = -0.002160968236241247
ccd_tilt_z = 4.709596903195006e-06
p = 0.0001