slit_dec_x_a = -0.181778666534
slit_dec_y_a = -0.18243150017
slit_dec_x_b = 0.14512077562974193
slit_dec_y_b = -0.05510809031835813
slit_defocus = -0.013813274318088683
slit_tilt_x = 1.0541029486639737
slit_tilt_y = -8.559984834722599
slit_tilt_z = -9.026915641741166
d_slit_col = 1594.290277631593
coll_tilt_x = 0.1214858014479286
coll_tilt_y = -0.02649907837593307
ech_G = 31.614562583361547
ech_blaze = -74.99489135659402
ech_gamma = 1.1556411913915356
echelle_z = 0.05700427807596651
d_col_trf = -1588.0163652784338
trf_mirror_tilt_x = 0.00740709787696614
trf_mirror_tilt_y = 0.15544126999516245
d_col_grm = 0.03566994479993268
grism_dec_x = 236.38321867433697
grism_dec_y = 0.009207032613277075
grm_tilt_x = -0.023500146777995917
grm_tilt_y = 2.3257886332203297
grm_G = 222.78407462928666
grm_apex = 17.766540850259496
d_grm_cam  = 21.60469894854981
cam_dec_x = -0.2710638955479166
cam_dec_y = 0.29080843189398364
cam_tilt_x = 0.01241253781363764
cam_tilt_y = 0.008782184635767456
d_cam_ff  = -160.07714054949966
ccd_ff_dec_x = -0.023805901012290496
ccd_ff_dec_y = 0.04204432954342498
ccd_ff_tilt_x = 0.03343598604744145
ccd_ff_tilt_y = -0.5909841274990806
ccd_ff_tilt_z = 0.17192153456687106
d_ff_ccd  = -4.8160068621477565
ccd_dec_x = 0.5532976129452583
ccd_dec_y = 5.1076330631967215
ccd_defocus = 0.28577654068744374
ccd_tilt_x = 0.03255660629663899
ccd_tilt_y = -0.0021060279603360784
ccd_tilt_z = 4.6172628589680456e-06
p = 0.0001