slit_dec_x_a = -0.181778666534
slit_dec_y_a = -0.18243150017
slit_dec_x_b = 0.14512077562974193
slit_dec_y_b = -0.05510809031835813
slit_defocus = -0.013892717717022376
slit_tilt_x = 1.0541410234869997
slit_tilt_y = -8.559965434746248
slit_tilt_z = -9.026868636569837
d_slit_col = 1594.2902527286906
coll_tilt_x = 0.12147360000203047
coll_tilt_y = -0.026484594292372866
ech_G = 31.614570698580213
ech_blaze = -74.9948912124521
ech_gamma = 1.1556454512876095
echelle_z = 0.05700999946679426
d_col_trf = -1588.0163661535069
trf_mirror_tilt_x = 0.007235530591080005
trf_mirror_tilt_y = 0.15535754262175916
d_col_grm = 0.03564673833334165
grism_dec_x = 236.38322316230324
grism_dec_y = 0.009260441840363011
grm_tilt_x = -0.023507116690906025
grm_tilt_y = 2.3257885947554096
grm_G = 222.7840663535128
grm_apex = 17.766542857911197
d_grm_cam  = 21.604700948672807
cam_dec_x = -0.2711780204636518
cam_dec_y = 0.29086444780509085
cam_tilt_x = 0.012427822788491423
cam_tilt_y = 0.0088466072262708
d_cam_ff  = -160.0768857340061
ccd_ff_dec_x = -0.023803638354538956
ccd_ff_dec_y = 0.042069615038339725
ccd_ff_tilt_x = 0.03348762619434594
ccd_ff_tilt_y = -0.5909882892214964
ccd_ff_tilt_z = 0.17191838940615814
d_ff_ccd  = -4.815936578300868
ccd_dec_x = 0.5532904298072833
ccd_dec_y = 5.107628852313758
ccd_defocus = 0.28573793749949133
ccd_tilt_x = 0.03259390289345235
ccd_tilt_y = -0.0021037387388066217
ccd_tilt_z = 4.719393891083282e-06
p = 0.0001