slit_dec_x_a = -0.1704010755187174
slit_dec_y_a = -0.1956586180351446
slit_dec_x_b = 0.175
slit_dec_y_b = -1.8651929511415562e-96
slit_defocus = 0.021364151532814842
slit_tilt_x = 1.114047840275782
slit_tilt_y = -8.538427049354635
slit_tilt_z = -8.99165355063132
d_slit_col = 1594.3099805742615
coll_tilt_x = 0.11315980203229146
coll_tilt_y = -0.028889281577716037
ech_G = 31.613231758934717
ech_blaze = -74.97482985799893
ech_gamma = 1.1389762005218198
echelle_z = 0.07477675787946185
d_col_trf = -1588.0172346964587
trf_mirror_tilt_x = 0.02631158053711748
trf_mirror_tilt_y = 0.16217071479714398
d_col_grm = -0.004809293207276475
grism_dec_x = 236.42333946594175
grism_dec_y = 0.03820923786091822
grm_tilt_x = -0.014056429739494412
grm_tilt_y = 2.305268115348396
grm_G = 222.82400282114318
grm_apex = 17.79107968132173
d_grm_cam  = 21.609808076163237
cam_dec_x = -0.3095529703855299
cam_dec_y = 0.2472914180711443
cam_tilt_x = -0.01111875464376744
cam_tilt_y = 0.0037837025819320727
d_cam_ff  = -160.057481633594
ccd_ff_dec_x = -0.0026004644207988925
ccd_ff_dec_y = 0.05302925510277263
ccd_ff_tilt_x = 0.01953991873845821
ccd_ff_tilt_y = -0.5728041701273905
ccd_ff_tilt_z = 0.1800496152836383
d_ff_ccd  = -4.838903469112654
ccd_dec_x = 0.6214087916886739
ccd_dec_y = 5.157140137826666
ccd_defocus = 0.2806886481038329
ccd_tilt_x = 0.0050932390067911955
ccd_tilt_y = -0.01094394210692796
ccd_tilt_z = 5.04303667076788e-06
p = 0.0001