slit_dec_x_a = -0.181778666534
slit_dec_y_a = -0.18243150017
slit_dec_x_b = 0.14512077562974193
slit_dec_y_b = -0.05510809031835813
slit_defocus = -0.013789182892115316
slit_tilt_x = 1.0540156957317042
slit_tilt_y = -8.560020951436883
slit_tilt_z = -9.026899564052348
d_slit_col = 1594.2903479019444
coll_tilt_x = 0.12145299049110088
coll_tilt_y = -0.02649839573263043
ech_G = 31.614565277482587
ech_blaze = -74.99489065447044
ech_gamma = 1.1556400276667351
echelle_z = 0.05700191222669878
d_col_trf = -1588.0163563370527
trf_mirror_tilt_x = 0.0073499581572551275
trf_mirror_tilt_y = 0.15544283122044578
d_col_grm = 0.03571464063502854
grism_dec_x = 236.3831888234871
grism_dec_y = 0.009211088882523413
grm_tilt_x = -0.023503107328235927
grm_tilt_y = 2.3257876099755626
grm_G = 222.78406586263569
grm_apex = 17.766509981136142
d_grm_cam  = 21.60469350598478
cam_dec_x = -0.27111815007242834
cam_dec_y = 0.290928805935344
cam_tilt_x = 0.012460469390139353
cam_tilt_y = 0.008866391348875126
d_cam_ff  = -160.07734141321322
ccd_ff_dec_x = -0.023804348148111998
ccd_ff_dec_y = 0.04203791679829131
ccd_ff_tilt_x = 0.03348181421240567
ccd_ff_tilt_y = -0.5909809527740926
ccd_ff_tilt_z = 0.17191922301487547
d_ff_ccd  = -4.815952557124668
ccd_dec_x = 0.5532994747435594
ccd_dec_y = 5.107637523445421
ccd_defocus = 0.2857008062582014
ccd_tilt_x = 0.032572875279614305
ccd_tilt_y = -0.002126242370533225
ccd_tilt_z = 4.658140604772806e-06
p = 0.0001