slit_dec_x_a = -0.1704010755187174
slit_dec_y_a = -0.1956586180351446
slit_dec_x_b = 0.175
slit_dec_y_b = -1.7903472612854184e-96
slit_defocus = 0.02138857659099336
slit_tilt_x = 1.1139923980585966
slit_tilt_y = -8.53836945369345
slit_tilt_z = -8.99165348488345
d_slit_col = 1594.3099826120083
coll_tilt_x = 0.11322117328967173
coll_tilt_y = -0.028918648356869546
ech_G = 31.613229573242574
ech_blaze = -74.97482928369949
ech_gamma = 1.1389672435747984
echelle_z = 0.0747783234677225
d_col_trf = -1588.0172299853057
trf_mirror_tilt_x = 0.02632583898475711
trf_mirror_tilt_y = 0.1622646996406954
d_col_grm = -0.004812852805469034
grism_dec_x = 236.42333652709974
grism_dec_y = 0.038171241679585126
grm_tilt_x = -0.014055737318311098
grm_tilt_y = 2.305275736609479
grm_G = 222.82400687655405
grm_apex = 17.790965507660104
d_grm_cam  = 21.60981218782969
cam_dec_x = -0.3094891833489788
cam_dec_y = 0.247274615453744
cam_tilt_x = -0.011015632139591365
cam_tilt_y = 0.0037819116118372855
d_cam_ff  = -160.05754719167544
ccd_ff_dec_x = -0.002600471874626962
ccd_ff_dec_y = 0.053054362490793636
ccd_ff_tilt_x = 0.019482376623811956
ccd_ff_tilt_y = -0.5728012816002704
ccd_ff_tilt_z = 0.1800580619280769
d_ff_ccd  = -4.838911803609868
ccd_dec_x = 0.6214054207001641
ccd_dec_y = 5.157143520564057
ccd_defocus = 0.2807419567246358
ccd_tilt_x = 0.005039168549430059
ccd_tilt_y = -0.010867525894526513
ccd_tilt_z = 5.078366965429966e-06
p = 0.0001