slit_dec_x_a = -0.1704010755187174
slit_dec_y_a = -0.1956586180351446
slit_dec_x_b = 0.175
slit_dec_y_b = -1.8207755502434092e-96
slit_defocus = 0.02138130163332521
slit_tilt_x = 1.1139845856664221
slit_tilt_y = -8.53841258695746
slit_tilt_z = -8.991681356272043
d_slit_col = 1594.3100021135074
coll_tilt_x = 0.11320028002009255
coll_tilt_y = -0.02887737101175186
ech_G = 31.613228280041962
ech_blaze = -74.97482991235064
ech_gamma = 1.1389774973786675
echelle_z = 0.07477146443454971
d_col_trf = -1588.0172321928462
trf_mirror_tilt_x = 0.026307280424393138
trf_mirror_tilt_y = 0.16225585726506817
d_col_grm = -0.004829785460386271
grism_dec_x = 236.4232900398054
grism_dec_y = 0.038194879575258564
grm_tilt_x = -0.014052287211327686
grm_tilt_y = 2.3052784984236188
grm_G = 222.82400708130868
grm_apex = 17.79097288732702
d_grm_cam  = 21.609811396060092
cam_dec_x = -0.3094991503918599
cam_dec_y = 0.2472078442552931
cam_tilt_x = -0.011046747357077417
cam_tilt_y = 0.0037634141802398795
d_cam_ff  = -160.05716675189902
ccd_ff_dec_x = -0.0026041632034591775
ccd_ff_dec_y = 0.05302922228799953
ccd_ff_tilt_x = 0.019499852989944028
ccd_ff_tilt_y = -0.5727991531292831
ccd_ff_tilt_z = 0.1800500907612637
d_ff_ccd  = -4.838971734052405
ccd_dec_x = 0.621402705913031
ccd_dec_y = 5.157148575900018
ccd_defocus = 0.2807616646510597
ccd_tilt_x = 0.005041508707383941
ccd_tilt_y = -0.010925033330387413
ccd_tilt_z = 5.071479146237705e-06
p = 0.0001