slit_dec_x_a = -0.181778666534
slit_dec_y_a = -0.18243150017
slit_dec_x_b = 0.14512077562974193
slit_dec_y_b = -0.05510809031835813
slit_defocus = -0.013841099121450135
slit_tilt_x = 1.0541189312075083
slit_tilt_y = -8.560029686348372
slit_tilt_z = -9.026852702659383
d_slit_col = 1594.2903167961058
coll_tilt_x = 0.12147404378363065
coll_tilt_y = -0.026596108182454923
ech_G = 31.61455823539744
ech_blaze = -74.99488356629286
ech_gamma = 1.1556429042011924
echelle_z = 0.05700284984528699
d_col_trf = -1588.016361127857
trf_mirror_tilt_x = 0.007326632094824424
trf_mirror_tilt_y = 0.1554708544566203
d_col_grm = 0.03566095002908666
grism_dec_x = 236.38325877901102
grism_dec_y = 0.009215914922519329
grm_tilt_x = -0.023505414945056397
grm_tilt_y = 2.3257839325097285
grm_G = 222.78406731890152
grm_apex = 17.766579489896102
d_grm_cam  = 21.604698342271238
cam_dec_x = -0.2710976853448381
cam_dec_y = 0.2908152832115012
cam_tilt_x = 0.01244184295446046
cam_tilt_y = 0.00884681941709673
d_cam_ff  = -160.0770676265313
ccd_ff_dec_x = -0.023804950290224156
ccd_ff_dec_y = 0.04206677131222731
ccd_ff_tilt_x = 0.03350115294237128
ccd_ff_tilt_y = -0.5909844447861414
ccd_ff_tilt_z = 0.17191642049385394
d_ff_ccd  = -4.81594656445834
ccd_dec_x = 0.5532975374787873
ccd_dec_y = 5.107632478391395
ccd_defocus = 0.2857266858232813
ccd_tilt_x = 0.03256036442254191
ccd_tilt_y = -0.0021824922209622124
ccd_tilt_z = 4.6620815630077046e-06
p = 0.0001