slit_dec_x_a = -0.1704010755187174
slit_dec_y_a = -0.1956586180351446
slit_dec_x_b = 0.175
slit_dec_y_b = -1.8303220475390233e-96
slit_defocus = 0.021437572818934103
slit_tilt_x = 1.1140445916731498
slit_tilt_y = -8.538386731235887
slit_tilt_z = -8.99166079523942
d_slit_col = 1594.3099854707657
coll_tilt_x = 0.11317552429289501
coll_tilt_y = -0.028869690487417214
ech_G = 31.613225712815392
ech_blaze = -74.97483792189736
ech_gamma = 1.1389741078490836
echelle_z = 0.07477330510052019
d_col_trf = -1588.0172312104494
trf_mirror_tilt_x = 0.02629619435159467
trf_mirror_tilt_y = 0.16227534318251227
d_col_grm = -0.004823391210531631
grism_dec_x = 236.42332070619076
grism_dec_y = 0.03818848165684672
grm_tilt_x = -0.014057116841374258
grm_tilt_y = 2.3052750132044393
grm_G = 222.82400656680446
grm_apex = 17.79102968349197
d_grm_cam  = 21.609817418450692
cam_dec_x = -0.30950439619659237
cam_dec_y = 0.24725156691011616
cam_tilt_x = -0.011027847908681278
cam_tilt_y = 0.0037092082513902067
d_cam_ff  = -160.0576681962103
ccd_ff_dec_x = -0.002596403787477996
ccd_ff_dec_y = 0.05298872110901706
ccd_ff_tilt_x = 0.01946860539677935
ccd_ff_tilt_y = -0.5728098474646135
ccd_ff_tilt_z = 0.18005008876513443
d_ff_ccd  = -4.838945100080003
ccd_dec_x = 0.6214051861725334
ccd_dec_y = 5.1571489828443555
ccd_defocus = 0.2807706802353965
ccd_tilt_x = 0.0050812512288306196
ccd_tilt_y = -0.010971804274794996
ccd_tilt_z = 5.06425357352644e-06
p = 0.0001