slit_dec_x_a = -0.1704010755187174
slit_dec_y_a = -0.1956586180351446
slit_dec_x_b = 0.175
slit_dec_y_b = -1.8863868805287226e-96
slit_defocus = 0.02140157012606134
slit_tilt_x = 1.1139953510278897
slit_tilt_y = -8.538413453731255
slit_tilt_z = -8.991611271024508
d_slit_col = 1594.310004627189
coll_tilt_x = 0.11321152366109018
coll_tilt_y = -0.028865810886104702
ech_G = 31.61322944299157
ech_blaze = -74.97483377417541
ech_gamma = 1.1389738180427431
echelle_z = 0.0747677382127788
d_col_trf = -1588.0172311001181
trf_mirror_tilt_x = 0.026281482671350925
trf_mirror_tilt_y = 0.16214590818381763
d_col_grm = -0.00485209517572147
grism_dec_x = 236.42322310350423
grism_dec_y = 0.03821807069873855
grm_tilt_x = -0.014049315072875372
grm_tilt_y = 2.305274330339203
grm_G = 222.82399951782406
grm_apex = 17.791074605334444
d_grm_cam  = 21.609818803788603
cam_dec_x = -0.3095720124306994
cam_dec_y = 0.24727943615761142
cam_tilt_x = -0.011064554622440532
cam_tilt_y = 0.003817957282322134
d_cam_ff  = -160.05772802122857
ccd_ff_dec_x = -0.002598478512845272
ccd_ff_dec_y = 0.0530529205387933
ccd_ff_tilt_x = 0.019483183474570186
ccd_ff_tilt_y = -0.5728053035229639
ccd_ff_tilt_z = 0.18005008465188074
d_ff_ccd  = -4.838982770665881
ccd_dec_x = 0.6214031556123425
ccd_dec_y = 5.157145930124403
ccd_defocus = 0.28076625065457705
ccd_tilt_x = 0.004969741426166472
ccd_tilt_y = -0.010904655044073055
ccd_tilt_z = 5.069010092719841e-06
p = 0.0001