slit_dec_x_a = -0.1704010755187174
slit_dec_y_a = -0.1956586180351446
slit_dec_x_b = 0.175
slit_dec_y_b = -1.8031650454433687e-96
slit_defocus = 0.021350537724410503
slit_tilt_x = 1.1139923474739502
slit_tilt_y = -8.538460136364586
slit_tilt_z = -8.991664113317155
d_slit_col = 1594.3100086185211
coll_tilt_x = 0.1131741694590252
coll_tilt_y = -0.02886841744970506
ech_G = 31.613235709597777
ech_blaze = -74.97483850539693
ech_gamma = 1.1389846924688283
echelle_z = 0.07476908530070647
d_col_trf = -1588.0172361899902
trf_mirror_tilt_x = 0.026246057822595516
trf_mirror_tilt_y = 0.16223158313168118
d_col_grm = -0.00487461093930486
grism_dec_x = 236.42334778605837
grism_dec_y = 0.03818598004076843
grm_tilt_x = -0.014050500961736713
grm_tilt_y = 2.3052770289055964
grm_G = 222.82400414150854
grm_apex = 17.790978019368495
d_grm_cam  = 21.60981560348075
cam_dec_x = -0.30949524892845587
cam_dec_y = 0.2472852240624667
cam_tilt_x = -0.011078771200849307
cam_tilt_y = 0.0038832106901566786
d_cam_ff  = -160.05738448424214
ccd_ff_dec_x = -0.0026016734927216557
ccd_ff_dec_y = 0.053048661191346144
ccd_ff_tilt_x = 0.019506610101953183
ccd_ff_tilt_y = -0.5728089509479305
ccd_ff_tilt_z = 0.18004600835102957
d_ff_ccd  = -4.839015567692753
ccd_dec_x = 0.6214000300930046
ccd_dec_y = 5.157147184175668
ccd_defocus = 0.2807482322194972
ccd_tilt_x = 0.005061711027865377
ccd_tilt_y = -0.010931139140566069
ccd_tilt_z = 5.126527142728649e-06
p = 0.0001