slit_dec_x_a = -0.181778666534
slit_dec_y_a = -0.18243150017
slit_dec_x_b = 0.14512077562974193
slit_dec_y_b = -0.05510809031835813
slit_defocus = -0.013822611065347035
slit_tilt_x = 1.0541212660985009
slit_tilt_y = -8.560013544148575
slit_tilt_z = -9.026902463387069
d_slit_col = 1594.290301790198
coll_tilt_x = 0.1214808837591147
coll_tilt_y = -0.026531653878602963
ech_G = 31.614563130565003
ech_blaze = -74.99488999551089
ech_gamma = 1.1556424838183414
echelle_z = 0.05699469662361374
d_col_trf = -1588.0163613118593
trf_mirror_tilt_x = 0.0072611313345667654
trf_mirror_tilt_y = 0.15546038222867448
d_col_grm = 0.03564692331860384
grism_dec_x = 236.38323770799082
grism_dec_y = 0.009244588181962521
grm_tilt_x = -0.02350286864857888
grm_tilt_y = 2.325786243958362
grm_G = 222.78406612425425
grm_apex = 17.766508126578252
d_grm_cam  = 21.604704362165567
cam_dec_x = -0.2711236827000919
cam_dec_y = 0.2908595683533009
cam_tilt_x = 0.012496356288564676
cam_tilt_y = 0.008832926371365759
d_cam_ff  = -160.0771129642607
ccd_ff_dec_x = -0.023804367617960287
ccd_ff_dec_y = 0.04209434752359461
ccd_ff_tilt_x = 0.033467074106325226
ccd_ff_tilt_y = -0.5909846508421986
ccd_ff_tilt_z = 0.17191722445798507
d_ff_ccd  = -4.816044559472904
ccd_dec_x = 0.5533041216319788
ccd_dec_y = 5.107628012114004
ccd_defocus = 0.28578324491958984
ccd_tilt_x = 0.032588531637129645
ccd_tilt_y = -0.002183022730438292
ccd_tilt_z = 4.689922542413346e-06
p = 0.0001