slit_dec_x_a = -0.181778666534
slit_dec_y_a = -0.18243150017
slit_dec_x_b = 0.14512077562974193
slit_dec_y_b = -0.05510809031835813
slit_defocus = -0.013817594423250416
slit_tilt_x = 1.054159711463562
slit_tilt_y = -8.559957954416552
slit_tilt_z = -9.026883228039493
d_slit_col = 1594.2902737477607
coll_tilt_x = 0.12143043129937266
coll_tilt_y = -0.026466786321968673
ech_G = 31.614562099843834
ech_blaze = -74.99488887308225
ech_gamma = 1.155636637869461
echelle_z = 0.05701137897946754
d_col_trf = -1588.0163676142993
trf_mirror_tilt_x = 0.00730046660310521
trf_mirror_tilt_y = 0.1554802278101348
d_col_grm = 0.03566499543260537
grism_dec_x = 236.3832517084043
grism_dec_y = 0.009172676218902135
grm_tilt_x = -0.0235062419583647
grm_tilt_y = 2.3257874621962342
grm_G = 222.7840723766653
grm_apex = 17.76654041815907
d_grm_cam  = 21.604698158229965
cam_dec_x = -0.27108470565002885
cam_dec_y = 0.29094712281215657
cam_tilt_x = 0.012417518854450455
cam_tilt_y = 0.008822070459229267
d_cam_ff  = -160.07694593264475
ccd_ff_dec_x = -0.023803770752628378
ccd_ff_dec_y = 0.042043615711527454
ccd_ff_tilt_x = 0.03359260916595927
ccd_ff_tilt_y = -0.5909807465785525
ccd_ff_tilt_z = 0.1719242916206514
d_ff_ccd  = -4.815928296321071
ccd_dec_x = 0.5533027501592289
ccd_dec_y = 5.107634348731859
ccd_defocus = 0.28571846588005717
ccd_tilt_x = 0.03258331732968271
ccd_tilt_y = -0.0022193554081445057
ccd_tilt_z = 4.693883884403308e-06
p = 0.0001