slit_dec_x_a = -0.181778666534
slit_dec_y_a = -0.18243150017
slit_dec_x_b = 0.14512077562974193
slit_dec_y_b = -0.05510809031835813
slit_defocus = -0.013742049295117518
slit_tilt_x = 1.0541189430036801
slit_tilt_y = -8.559948269392407
slit_tilt_z = -9.026862240306984
d_slit_col = 1594.2902568018387
coll_tilt_x = 0.1214503469940809
coll_tilt_y = -0.026483111343452357
ech_G = 31.614564027192227
ech_blaze = -74.99488711830776
ech_gamma = 1.1556416354437484
echelle_z = 0.05701127044570079
d_col_trf = -1588.0163628863954
trf_mirror_tilt_x = 0.007333986311382588
trf_mirror_tilt_y = 0.1553659659939371
d_col_grm = 0.035681066406838984
grism_dec_x = 236.38322781035848
grism_dec_y = 0.009246145451427908
grm_tilt_x = -0.023508945529710015
grm_tilt_y = 2.325788970643474
grm_G = 222.78407833018488
grm_apex = 17.76653550260542
d_grm_cam  = 21.60470027015278
cam_dec_x = -0.27116058728215664
cam_dec_y = 0.2909016573680461
cam_tilt_x = 0.012435739998405438
cam_tilt_y = 0.008810149968637463
d_cam_ff  = -160.07717172716005
ccd_ff_dec_x = -0.02380159817431155
ccd_ff_dec_y = 0.04204816226238326
ccd_ff_tilt_x = 0.03345887559265024
ccd_ff_tilt_y = -0.5909846959298044
ccd_ff_tilt_z = 0.17191913834322017
d_ff_ccd  = -4.816031114676132
ccd_dec_x = 0.553294426511803
ccd_dec_y = 5.107637750547537
ccd_defocus = 0.28578173173804056
ccd_tilt_x = 0.032604989540258165
ccd_tilt_y = -0.002125846920920123
ccd_tilt_z = 4.686656064307767e-06
p = 0.0001