slit_dec_x_a = -0.181778666534
slit_dec_y_a = -0.18243150017
slit_dec_x_b = 0.14512077562974193
slit_dec_y_b = -0.05510809031835813
slit_defocus = -0.013846358857281872
slit_tilt_x = 1.0541111321945569
slit_tilt_y = -8.559943485068217
slit_tilt_z = -9.026872103831383
d_slit_col = 1594.290266721126
coll_tilt_x = 0.12138870788508056
coll_tilt_y = -0.02645621062251794
ech_G = 31.6145613762408
ech_blaze = -74.99488899044647
ech_gamma = 1.1556393638501652
echelle_z = 0.05700263213716754
d_col_trf = -1588.016364214267
trf_mirror_tilt_x = 0.007325841014757724
trf_mirror_tilt_y = 0.155461357744348
d_col_grm = 0.0356242261643211
grism_dec_x = 236.38314877549402
grism_dec_y = 0.009278812800751544
grm_tilt_x = -0.02350911358628171
grm_tilt_y = 2.325791748173253
grm_G = 222.78407173931026
grm_apex = 17.76649890418297
d_grm_cam  = 21.604701999120714
cam_dec_x = -0.2711530727363724
cam_dec_y = 0.2909365593054947
cam_tilt_x = 0.012428697579363185
cam_tilt_y = 0.008807408654753851
d_cam_ff  = -160.0770535049788
ccd_ff_dec_x = -0.02380013878938379
ccd_ff_dec_y = 0.04209434239238384
ccd_ff_tilt_x = 0.03348887613837963
ccd_ff_tilt_y = -0.5909781909955104
ccd_ff_tilt_z = 0.17191362975478186
d_ff_ccd  = -4.815973410619789
ccd_dec_x = 0.5532996383014671
ccd_dec_y = 5.107629892342557
ccd_defocus = 0.2857650241131568
ccd_tilt_x = 0.03257639592423616
ccd_tilt_y = -0.00227181813370639
ccd_tilt_z = 4.6538338387798975e-06
p = 0.0001