slit_dec_x_a = -0.181778666534
slit_dec_y_a = -0.18243150017
slit_dec_x_b = 0.14512077562974193
slit_dec_y_b = -0.05510809031835813
slit_defocus = -0.013801444514093842
slit_tilt_x = 1.0541321978465896
slit_tilt_y = -8.559867515047463
slit_tilt_z = -9.026950921411302
d_slit_col = 1594.2902654021525
coll_tilt_x = 0.12143464485166645
coll_tilt_y = -0.026430187529740305
ech_G = 31.614561120136056
ech_blaze = -74.99489282150157
ech_gamma = 1.1556399889848288
echelle_z = 0.05700206591638985
d_col_trf = -1588.016361216721
trf_mirror_tilt_x = 0.007332769314429519
trf_mirror_tilt_y = 0.1554521283221408
d_col_grm = 0.035700877258533964
grism_dec_x = 236.3831934272171
grism_dec_y = 0.009264451955480629
grm_tilt_x = -0.023518002053014547
grm_tilt_y = 2.3257902281813174
grm_G = 222.7840645790546
grm_apex = 17.76650470499497
d_grm_cam  = 21.604698160026956
cam_dec_x = -0.2711153004023543
cam_dec_y = 0.2909087447938485
cam_tilt_x = 0.01249539774132484
cam_tilt_y = 0.008821033647683867
d_cam_ff  = -160.07695949823417
ccd_ff_dec_x = -0.023803244364862915
ccd_ff_dec_y = 0.042024235241901596
ccd_ff_tilt_x = 0.033465540940091375
ccd_ff_tilt_y = -0.5909790192739784
ccd_ff_tilt_z = 0.1719197274179483
d_ff_ccd  = -4.815953448464173
ccd_dec_x = 0.5532900149942084
ccd_dec_y = 5.107633507534518
ccd_defocus = 0.28570772864567306
ccd_tilt_x = 0.032548178576481145
ccd_tilt_y = -0.0021489385477839146
ccd_tilt_z = 4.694785582288947e-06
p = 0.0001