slit_dec_x_a = -0.181778666534
slit_dec_y_a = -0.18243150017
slit_dec_x_b = 0.14512077562974193
slit_dec_y_b = -0.05510809031835813
slit_defocus = -0.013806715721503712
slit_tilt_x = 1.0540769818334164
slit_tilt_y = -8.56001122265008
slit_tilt_z = -9.02689265065124
d_slit_col = 1594.2903310904594
coll_tilt_x = 0.12142612269446347
coll_tilt_y = -0.026502312557399325
ech_G = 31.614563566061157
ech_blaze = -74.99488382066819
ech_gamma = 1.1556433207802168
echelle_z = 0.05700850673810303
d_col_trf = -1588.016355788916
trf_mirror_tilt_x = 0.007250568356927575
trf_mirror_tilt_y = 0.15545576094719207
d_col_grm = 0.03570594506086157
grism_dec_x = 236.38317445056893
grism_dec_y = 0.009189971727769914
grm_tilt_x = -0.023505839440820808
grm_tilt_y = 2.32578326740807
grm_G = 222.78406414879353
grm_apex = 17.766534602763763
d_grm_cam  = 21.604702253883474
cam_dec_x = -0.27112001137149805
cam_dec_y = 0.2908581314773406
cam_tilt_x = 0.012418311973924272
cam_tilt_y = 0.00890868554163289
d_cam_ff  = -160.07745330540538
ccd_ff_dec_x = -0.02380305488378377
ccd_ff_dec_y = 0.042021053773747506
ccd_ff_tilt_x = 0.033478520193556835
ccd_ff_tilt_y = -0.5909808674440861
ccd_ff_tilt_z = 0.17191244138667974
d_ff_ccd  = -4.815990331931985
ccd_dec_x = 0.5533006598005129
ccd_dec_y = 5.1076305997353515
ccd_defocus = 0.2857641296751946
ccd_tilt_x = 0.03256228473521928
ccd_tilt_y = -0.002145127989678392
ccd_tilt_z = 4.7215100833437885e-06
p = 0.0001