slit_dec_x_a = -0.181778666534
slit_dec_y_a = -0.18243150017
slit_dec_x_b = 0.14512077562974193
slit_dec_y_b = -0.05510809031835813
slit_defocus = -0.013866548161040958
slit_tilt_x = 1.0540182602154737
slit_tilt_y = -8.559895931016968
slit_tilt_z = -9.026849315111397
d_slit_col = 1594.2902771264728
coll_tilt_x = 0.12144677040400853
coll_tilt_y = -0.026423845872951903
ech_G = 31.61455824916679
ech_blaze = -74.99488818240127
ech_gamma = 1.155637738484135
echelle_z = 0.05700164672757447
d_col_trf = -1588.0163645867535
trf_mirror_tilt_x = 0.007335557168309267
trf_mirror_tilt_y = 0.15551699362650892
d_col_grm = 0.03564668956576526
grism_dec_x = 236.38328246839814
grism_dec_y = 0.009230427006824141
grm_tilt_x = -0.02350434297724752
grm_tilt_y = 2.3257894738976606
grm_G = 222.78407238377284
grm_apex = 17.766478395630056
d_grm_cam  = 21.604692322169477
cam_dec_x = -0.271054531108233
cam_dec_y = 0.29089295919588604
cam_tilt_x = 0.01244515539464559
cam_tilt_y = 0.008914447790602922
d_cam_ff  = -160.07700656832696
ccd_ff_dec_x = -0.023805247498277577
ccd_ff_dec_y = 0.04211468409644406
ccd_ff_tilt_x = 0.033542612135767244
ccd_ff_tilt_y = -0.5909866912945418
ccd_ff_tilt_z = 0.1719147797436613
d_ff_ccd  = -4.816034951002762
ccd_dec_x = 0.5532995081356846
ccd_dec_y = 5.10763388539312
ccd_defocus = 0.2857544955709932
ccd_tilt_x = 0.03260247127918732
ccd_tilt_y = -0.00217217967004293
ccd_tilt_z = 4.673034811441777e-06
p = 0.0001