slit_dec_x_a = -0.181778666534
slit_dec_y_a = -0.18243150017
slit_dec_x_b = 0.14512077562974193
slit_dec_y_b = -0.05510809031835813
slit_defocus = -0.01378653145047012
slit_tilt_x = 1.0541453424796257
slit_tilt_y = -8.559956459685846
slit_tilt_z = -9.026869735897925
d_slit_col = 1594.2903347795325
coll_tilt_x = 0.12146829489657328
coll_tilt_y = -0.02646315944062814
ech_G = 31.61456479961379
ech_blaze = -74.99488213427425
ech_gamma = 1.1556458809982875
echelle_z = 0.05700415561469769
d_col_trf = -1588.0163669139627
trf_mirror_tilt_x = 0.00732705407860056
trf_mirror_tilt_y = 0.15542474047752586
d_col_grm = 0.0356907896183626
grism_dec_x = 236.38323055812316
grism_dec_y = 0.009261214638148904
grm_tilt_x = -0.023510344106015022
grm_tilt_y = 2.3257941817268137
grm_G = 222.78406618871023
grm_apex = 17.766525580879378
d_grm_cam  = 21.60470225707967
cam_dec_x = -0.271113215648229
cam_dec_y = 0.2909233060751205
cam_tilt_x = 0.012424889384370415
cam_tilt_y = 0.008847498260736697
d_cam_ff  = -160.07684493380864
ccd_ff_dec_x = -0.023801980265149913
ccd_ff_dec_y = 0.04204905900772062
ccd_ff_tilt_x = 0.03346281249088881
ccd_ff_tilt_y = -0.5909856991083887
ccd_ff_tilt_z = 0.17191590985156613
d_ff_ccd  = -4.815971235502841
ccd_dec_x = 0.553292300148579
ccd_dec_y = 5.1076323475578675
ccd_defocus = 0.28575100263699715
ccd_tilt_x = 0.03258400138350413
ccd_tilt_y = -0.0021124576769280283
ccd_tilt_z = 4.718643855684366e-06
p = 0.0001