slit_dec_x_a = -0.181778666534
slit_dec_y_a = -0.18243150017
slit_dec_x_b = 0.14512077562974193
slit_dec_y_b = -0.05510809031835813
slit_defocus = -0.013821995947103285
slit_tilt_x = 1.05405012859221
slit_tilt_y = -8.559952279164971
slit_tilt_z = -9.026879462572424
d_slit_col = 1594.29030419575
coll_tilt_x = 0.12146677126748466
coll_tilt_y = -0.026520715568392424
ech_G = 31.614564138423724
ech_blaze = -74.994891551709
ech_gamma = 1.1556381807315785
echelle_z = 0.056997779812603754
d_col_trf = -1588.0163657618023
trf_mirror_tilt_x = 0.0073232292474982655
trf_mirror_tilt_y = 0.15543535461088515
d_col_grm = 0.035617706150130324
grism_dec_x = 236.38325545944693
grism_dec_y = 0.00924588322692731
grm_tilt_x = -0.02350969247104632
grm_tilt_y = 2.3257818839202966
grm_G = 222.784070665119
grm_apex = 17.766521961048888
d_grm_cam  = 21.604702610070376
cam_dec_x = -0.271125623024081
cam_dec_y = 0.2908616560935383
cam_tilt_x = 0.012474140521335629
cam_tilt_y = 0.008767160680821721
d_cam_ff  = -160.0769283940231
ccd_ff_dec_x = -0.023799176600633246
ccd_ff_dec_y = 0.04207866118798578
ccd_ff_tilt_x = 0.03350259216085357
ccd_ff_tilt_y = -0.5909874459852171
ccd_ff_tilt_z = 0.17192252031893335
d_ff_ccd  = -4.816008585470826
ccd_dec_x = 0.5532947025388808
ccd_dec_y = 5.107633516640488
ccd_defocus = 0.2857276620861841
ccd_tilt_x = 0.03261694364612085
ccd_tilt_y = -0.0021878920488254757
ccd_tilt_z = 4.694962903357463e-06
p = 0.0001