slit_dec_x_a = -0.1704010755187174
slit_dec_y_a = -0.1956586180351446
slit_dec_x_b = 0.175
slit_dec_y_b = -1.8278749124727807e-96
slit_defocus = 0.021378865002799913
slit_tilt_x = 1.114026581548065
slit_tilt_y = -8.538515375854496
slit_tilt_z = -8.991634888529427
d_slit_col = 1594.3099368766377
coll_tilt_x = 0.11320637424012645
coll_tilt_y = -0.028866561451340783
ech_G = 31.613225917984476
ech_blaze = -74.97483049929183
ech_gamma = 1.1389724465142703
echelle_z = 0.07476870114683035
d_col_trf = -1588.0172384082978
trf_mirror_tilt_x = 0.026299312831993847
trf_mirror_tilt_y = 0.16225156442041586
d_col_grm = -0.004795682244892618
grism_dec_x = 236.42332451691732
grism_dec_y = 0.03819042097462388
grm_tilt_x = -0.014049045619653642
grm_tilt_y = 2.3052727100990036
grm_G = 222.82399902871563
grm_apex = 17.791047205346658
d_grm_cam  = 21.609816179835793
cam_dec_x = -0.3095201139587104
cam_dec_y = 0.2473186981154057
cam_tilt_x = -0.011035905584925395
cam_tilt_y = 0.0037765336347905
d_cam_ff  = -160.05744914248118
ccd_ff_dec_x = -0.002599920665523252
ccd_ff_dec_y = 0.052998284776033286
ccd_ff_tilt_x = 0.019502249230493807
ccd_ff_tilt_y = -0.5728046848406138
ccd_ff_tilt_z = 0.1800546827073387
d_ff_ccd  = -4.838955529048418
ccd_dec_x = 0.6213995237787553
ccd_dec_y = 5.157153227898041
ccd_defocus = 0.2807330426238705
ccd_tilt_x = 0.005061814472917363
ccd_tilt_y = -0.01085090569451083
ccd_tilt_z = 5.0367652995121324e-06
p = 0.0001