slit_dec_x_a = -0.1704010755187174
slit_dec_y_a = -0.1956586180351446
slit_dec_x_b = 0.175
slit_dec_y_b = -1.8299628961408145e-96
slit_defocus = 0.021367301788868597
slit_tilt_x = 1.114017738240891
slit_tilt_y = -8.538433221622883
slit_tilt_z = -8.991640214278751
d_slit_col = 1594.3099169119325
coll_tilt_x = 0.11317061299395258
coll_tilt_y = -0.028886880881325905
ech_G = 31.613230887333927
ech_blaze = -74.97483606294973
ech_gamma = 1.138978183725003
echelle_z = 0.07477452338232132
d_col_trf = -1588.0172348031244
trf_mirror_tilt_x = 0.02629347438744909
trf_mirror_tilt_y = 0.16216724008717784
d_col_grm = -0.004713808560960373
grism_dec_x = 236.42330409792723
grism_dec_y = 0.03815856476754382
grm_tilt_x = -0.014044739814188387
grm_tilt_y = 2.3052761335502265
grm_G = 222.82400610032872
grm_apex = 17.79100396641249
d_grm_cam  = 21.609819603068235
cam_dec_x = -0.309542751999589
cam_dec_y = 0.24723911719984112
cam_tilt_x = -0.011052000658708969
cam_tilt_y = 0.0037546042471104154
d_cam_ff  = -160.0578214625402
ccd_ff_dec_x = -0.0026064706452745673
ccd_ff_dec_y = 0.053028643915233674
ccd_ff_tilt_x = 0.019498033246924763
ccd_ff_tilt_y = -0.5727987586650293
ccd_ff_tilt_z = 0.18005279934574803
d_ff_ccd  = -4.838962514120969
ccd_dec_x = 0.6214099466164756
ccd_dec_y = 5.157150759711287
ccd_defocus = 0.28069299330280834
ccd_tilt_x = 0.005021409293464235
ccd_tilt_y = -0.010908102287663764
ccd_tilt_z = 5.1241942524086094e-06
p = 0.0001