slit_dec_x_a = -0.1704010755187174
slit_dec_y_a = -0.1956586180351446
slit_dec_x_b = 0.175
slit_dec_y_b = -1.875758132064223e-96
slit_defocus = 0.021368547304785913
slit_tilt_x = 1.1140045873335063
slit_tilt_y = -8.538427546370372
slit_tilt_z = -8.991610502247468
d_slit_col = 1594.3099826086736
coll_tilt_x = 0.11322411211786883
coll_tilt_y = -0.028849134190315536
ech_G = 31.613235025825023
ech_blaze = -74.97483533850317
ech_gamma = 1.1389749132335327
echelle_z = 0.07477100210904476
d_col_trf = -1588.0172361767163
trf_mirror_tilt_x = 0.026279777194814623
trf_mirror_tilt_y = 0.16228022906459144
d_col_grm = -0.004845361763650857
grism_dec_x = 236.42327473277575
grism_dec_y = 0.038151826176244324
grm_tilt_x = -0.014053888109229477
grm_tilt_y = 2.305278676114121
grm_G = 222.82399724471813
grm_apex = 17.79101073260712
d_grm_cam  = 21.6098194668224
cam_dec_x = -0.3095166991811967
cam_dec_y = 0.24727419896220323
cam_tilt_x = -0.011083287813083183
cam_tilt_y = 0.0038249850666060166
d_cam_ff  = -160.05726916471988
ccd_ff_dec_x = -0.0025959228379116464
ccd_ff_dec_y = 0.05307204213982764
ccd_ff_tilt_x = 0.019557482389546674
ccd_ff_tilt_y = -0.572808094190722
ccd_ff_tilt_z = 0.1800493646569057
d_ff_ccd  = -4.8389433243844335
ccd_dec_x = 0.6214016144894086
ccd_dec_y = 5.157145509449717
ccd_defocus = 0.28077548136333613
ccd_tilt_x = 0.005085225167788861
ccd_tilt_y = -0.010948472038877522
ccd_tilt_z = 5.045835935811191e-06
p = 0.0001