slit_dec_x_a = -0.1704010755187174
slit_dec_y_a = -0.1956586180351446
slit_dec_x_b = 0.175
slit_dec_y_b = -1.8290937345457683e-96
slit_defocus = 0.0213910421007816
slit_tilt_x = 1.1140524060666916
slit_tilt_y = -8.538377362488028
slit_tilt_z = -8.991615466301251
d_slit_col = 1594.309983576123
coll_tilt_x = 0.11319183730076932
coll_tilt_y = -0.028867212743416266
ech_G = 31.613229566875958
ech_blaze = -74.97483450482605
ech_gamma = 1.1389771954825387
echelle_z = 0.07477933543659535
d_col_trf = -1588.0172340503686
trf_mirror_tilt_x = 0.02639303216014697
trf_mirror_tilt_y = 0.1621996354939995
d_col_grm = -0.004845520016291112
grism_dec_x = 236.42334927297722
grism_dec_y = 0.038197182166007315
grm_tilt_x = -0.014048797955563378
grm_tilt_y = 2.305275991619134
grm_G = 222.82400659912108
grm_apex = 17.791017506040134
d_grm_cam  = 21.60981742564332
cam_dec_x = -0.3094805615388469
cam_dec_y = 0.24729136683865666
cam_tilt_x = -0.011088008864586388
cam_tilt_y = 0.0037739335561845755
d_cam_ff  = -160.05742510037112
ccd_ff_dec_x = -0.002607823978567589
ccd_ff_dec_y = 0.05302910840053499
ccd_ff_tilt_x = 0.019494569124607414
ccd_ff_tilt_y = -0.5728070438813277
ccd_ff_tilt_z = 0.18005297398626585
d_ff_ccd  = -4.838943205035098
ccd_dec_x = 0.6214101001668223
ccd_dec_y = 5.157154652896102
ccd_defocus = 0.2807448234852117
ccd_tilt_x = 0.00508689999756886
ccd_tilt_y = -0.010877844974332213
ccd_tilt_z = 5.066656983640956e-06
p = 0.0001