slit_dec_x_a = -0.181778666534
slit_dec_y_a = -0.18243150017
slit_dec_x_b = 0.14512077562974193
slit_dec_y_b = -0.05510809031835813
slit_defocus = -0.013868778966795016
slit_tilt_x = 1.0540710521228605
slit_tilt_y = -8.559976331832258
slit_tilt_z = -9.02686707065709
d_slit_col = 1594.2903201321235
coll_tilt_x = 0.12148348844518156
coll_tilt_y = -0.026469148457566472
ech_G = 31.614566163483232
ech_blaze = -74.99488912204495
ech_gamma = 1.1556407432764666
echelle_z = 0.05699847943752016
d_col_trf = -1588.0163675756583
trf_mirror_tilt_x = 0.007276385473738209
trf_mirror_tilt_y = 0.15550288017415054
d_col_grm = 0.03573244122148236
grism_dec_x = 236.38324108282384
grism_dec_y = 0.00922191425769069
grm_tilt_x = -0.023500694099490495
grm_tilt_y = 2.3257905459493537
grm_G = 222.7840740630327
grm_apex = 17.766520124553452
d_grm_cam  = 21.60469360485204
cam_dec_x = -0.27110546255744467
cam_dec_y = 0.29084911194649193
cam_tilt_x = 0.012423449026005206
cam_tilt_y = 0.008787477547578576
d_cam_ff  = -160.07701403604364
ccd_ff_dec_x = -0.0238018526184181
ccd_ff_dec_y = 0.04206108531877513
ccd_ff_tilt_x = 0.03345983313418486
ccd_ff_tilt_y = -0.5909852348819677
ccd_ff_tilt_z = 0.17192007869014003
d_ff_ccd  = -4.81597306999866
ccd_dec_x = 0.5532982841734856
ccd_dec_y = 5.107632625958258
ccd_defocus = 0.2857356936019678
ccd_tilt_x = 0.03257473951890693
ccd_tilt_y = -0.0021528130923186973
ccd_tilt_z = 4.684226729406942e-06
p = 0.0001