slit_dec_x_a = -0.1704010755187174
slit_dec_y_a = -0.1956586180351446
slit_dec_x_b = 0.175
slit_dec_y_b = -1.887165908214167e-96
slit_defocus = 0.021323835650939257
slit_tilt_x = 1.1140489835691993
slit_tilt_y = -8.538445208629803
slit_tilt_z = -8.991630808207814
d_slit_col = 1594.3099481816996
coll_tilt_x = 0.11316453826023501
coll_tilt_y = -0.028927697572599654
ech_G = 31.613231720951106
ech_blaze = -74.97482634320329
ech_gamma = 1.1389786503150365
echelle_z = 0.07477086312989671
d_col_trf = -1588.0172310121484
trf_mirror_tilt_x = 0.02627347746419626
trf_mirror_tilt_y = 0.16225111628179473
d_col_grm = -0.004846973334944774
grism_dec_x = 236.4233246036026
grism_dec_y = 0.03818607810115686
grm_tilt_x = -0.014056012952627164
grm_tilt_y = 2.3052797177092685
grm_G = 222.82400264797076
grm_apex = 17.79109724810966
d_grm_cam  = 21.60981947513576
cam_dec_x = -0.30949652504259645
cam_dec_y = 0.24730378403456435
cam_tilt_x = -0.011101164121821112
cam_tilt_y = 0.0037198498277262178
d_cam_ff  = -160.05763139020686
ccd_ff_dec_x = -0.0026002982639395556
ccd_ff_dec_y = 0.053117802413299
ccd_ff_tilt_x = 0.019460892343149627
ccd_ff_tilt_y = -0.57280454997712
ccd_ff_tilt_z = 0.18005366624456257
d_ff_ccd  = -4.838948452346085
ccd_dec_x = 0.6214034570476344
ccd_dec_y = 5.157155015494224
ccd_defocus = 0.2806635440077121
ccd_tilt_x = 0.005057343694566241
ccd_tilt_y = -0.010922453175069024
ccd_tilt_z = 5.086657245146217e-06
p = 0.0001