slit_dec_x_a = -0.1704010755187174
slit_dec_y_a = -0.1956586180351446
slit_dec_x_b = 0.175
slit_dec_y_b = -1.733828242976084e-96
slit_defocus = 0.021396615551620164
slit_tilt_x = 1.1140012102036863
slit_tilt_y = -8.53839839923293
slit_tilt_z = -8.991670257516454
d_slit_col = 1594.309995315187
coll_tilt_x = 0.11321577737506278
coll_tilt_y = -0.0288995976269691
ech_G = 31.61323155972619
ech_blaze = -74.97483035582424
ech_gamma = 1.1389765698982421
echelle_z = 0.07477531148599649
d_col_trf = -1588.0172382355197
trf_mirror_tilt_x = 0.026252103992408928
trf_mirror_tilt_y = 0.16220448022028508
d_col_grm = -0.004844602690830398
grism_dec_x = 236.42330521912092
grism_dec_y = 0.03815346994131148
grm_tilt_x = -0.01405504477383227
grm_tilt_y = 2.305269792511995
grm_G = 222.8239987512946
grm_apex = 17.791094276009332
d_grm_cam  = 21.609822113411255
cam_dec_x = -0.30956869748068505
cam_dec_y = 0.2472785430158669
cam_tilt_x = -0.011027640326068174
cam_tilt_y = 0.0037656679724978443
d_cam_ff  = -160.05731923545466
ccd_ff_dec_x = -0.0025994727687681887
ccd_ff_dec_y = 0.05307870194364214
ccd_ff_tilt_x = 0.01950052170908392
ccd_ff_tilt_y = -0.572798590760956
ccd_ff_tilt_z = 0.18005153881026167
d_ff_ccd  = -4.838913243489083
ccd_dec_x = 0.6213999324155668
ccd_dec_y = 5.157146244676807
ccd_defocus = 0.28074487934956216
ccd_tilt_x = 0.004953511008257296
ccd_tilt_y = -0.010913794038231677
ccd_tilt_z = 5.049180045481456e-06
p = 0.0001