slit_dec_x_a = -0.1704010755187174
slit_dec_y_a = -0.1956586180351446
slit_dec_x_b = 0.175
slit_dec_y_b = -1.8819943845721017e-96
slit_defocus = 0.021434254444916617
slit_tilt_x = 1.1139683175941093
slit_tilt_y = -8.538448827685837
slit_tilt_z = -8.991690529607274
d_slit_col = 1594.3100033793207
coll_tilt_x = 0.11324424760106248
coll_tilt_y = -0.028962249536544925
ech_G = 31.61323115361361
ech_blaze = -74.97483697566038
ech_gamma = 1.1389718626070993
echelle_z = 0.0747700555891488
d_col_trf = -1588.017232368826
trf_mirror_tilt_x = 0.026250156643192434
trf_mirror_tilt_y = 0.1621816268238005
d_col_grm = -0.004768868745390324
grism_dec_x = 236.42335905014738
grism_dec_y = 0.03813216602262115
grm_tilt_x = -0.014063313857649628
grm_tilt_y = 2.3052716787417373
grm_G = 222.82400959695042
grm_apex = 17.79103457049374
d_grm_cam  = 21.609815351717817
cam_dec_x = -0.3095139930254415
cam_dec_y = 0.24731232994318725
cam_tilt_x = -0.011025389998895671
cam_tilt_y = 0.003713030279674232
d_cam_ff  = -160.05751378062388
ccd_ff_dec_x = -0.002597734195572572
ccd_ff_dec_y = 0.05300772201412749
ccd_ff_tilt_x = 0.019503766064315156
ccd_ff_tilt_y = -0.5728005879705708
ccd_ff_tilt_z = 0.18005090997026674
d_ff_ccd  = -4.838956316903211
ccd_dec_x = 0.6214002951533797
ccd_dec_y = 5.157154226521645
ccd_defocus = 0.2807169403727572
ccd_tilt_x = 0.00500793644718161
ccd_tilt_y = -0.010868844677353275
ccd_tilt_z = 5.058581034533515e-06
p = 0.0001