slit_dec_x_a = -0.181778666534
slit_dec_y_a = -0.18243150017
slit_dec_x_b = 0.14512077562974193
slit_dec_y_b = -0.05510809031835813
slit_defocus = -0.013837962953669057
slit_tilt_x = 1.0540854793328247
slit_tilt_y = -8.559946812011022
slit_tilt_z = -9.026862970017666
d_slit_col = 1594.290360964537
coll_tilt_x = 0.12145940327896097
coll_tilt_y = -0.02647492948301679
ech_G = 31.614558660887607
ech_blaze = -74.99488708373823
ech_gamma = 1.155636046896252
echelle_z = 0.057001322456983625
d_col_trf = -1588.0163682258978
trf_mirror_tilt_x = 0.007301794817055899
trf_mirror_tilt_y = 0.15539294698588307
d_col_grm = 0.0356732236022762
grism_dec_x = 236.3832488672849
grism_dec_y = 0.009257791505289811
grm_tilt_x = -0.02350464125920951
grm_tilt_y = 2.32578709297338
grm_G = 222.78406958885526
grm_apex = 17.76652716741172
d_grm_cam  = 21.604701960386766
cam_dec_x = -0.2711470033171401
cam_dec_y = 0.2908777942481748
cam_tilt_x = 0.012474583019463048
cam_tilt_y = 0.008877882167219622
d_cam_ff  = -160.07703881260008
ccd_ff_dec_x = -0.023797706949211562
ccd_ff_dec_y = 0.04199135005719021
ccd_ff_tilt_x = 0.03341373949100406
ccd_ff_tilt_y = -0.5909813563039816
ccd_ff_tilt_z = 0.17191802924238583
d_ff_ccd  = -4.815973693190448
ccd_dec_x = 0.5532886279919925
ccd_dec_y = 5.1076333288214055
ccd_defocus = 0.28578884437595775
ccd_tilt_x = 0.03259994375392168
ccd_tilt_y = -0.0021317782089743543
ccd_tilt_z = 4.670847485402511e-06
p = 0.0001