slit_dec_x_a = -0.181778666534
slit_dec_y_a = -0.18243150017
slit_dec_x_b = 0.14512077562974193
slit_dec_y_b = -0.05510809031835813
slit_defocus = -0.013764899844071648
slit_tilt_x = 1.0540919389542907
slit_tilt_y = -8.559962503585282
slit_tilt_z = -9.02687881591583
d_slit_col = 1594.2902852125353
coll_tilt_x = 0.12143695027753955
coll_tilt_y = -0.02647521469866331
ech_G = 31.61456622289197
ech_blaze = -74.99489129044777
ech_gamma = 1.1556339358745762
echelle_z = 0.05699928556417788
d_col_trf = -1588.016368090886
trf_mirror_tilt_x = 0.007281742381660352
trf_mirror_tilt_y = 0.1554386086355544
d_col_grm = 0.03564959087607638
grism_dec_x = 236.38316021937536
grism_dec_y = 0.009241163404629937
grm_tilt_x = -0.023499502634810644
grm_tilt_y = 2.325789344953889
grm_G = 222.7840687873218
grm_apex = 17.766585153613235
d_grm_cam  = 21.604696067260424
cam_dec_x = -0.2711137970943493
cam_dec_y = 0.2908247639968244
cam_tilt_x = 0.012444409638764578
cam_tilt_y = 0.008849892838118233
d_cam_ff  = -160.07686529146187
ccd_ff_dec_x = -0.023806498869328285
ccd_ff_dec_y = 0.04204082762628791
ccd_ff_tilt_x = 0.033508629192106586
ccd_ff_tilt_y = -0.5909813161457005
ccd_ff_tilt_z = 0.1719130370843737
d_ff_ccd  = -4.8160417200295464
ccd_dec_x = 0.5532982827277454
ccd_dec_y = 5.107630491120388
ccd_defocus = 0.2857554166391687
ccd_tilt_x = 0.03257448152645244
ccd_tilt_y = -0.002075569213054368
ccd_tilt_z = 4.669526256284296e-06
p = 0.0001