slit_dec_x_a = -0.1704010755187174
slit_dec_y_a = -0.1956586180351446
slit_dec_x_b = 0.175
slit_dec_y_b = -1.8119629931819218e-96
slit_defocus = 0.021388645975215847
slit_tilt_x = 1.1140161233703036
slit_tilt_y = -8.538454291675297
slit_tilt_z = -8.991603978366525
d_slit_col = 1594.3098498679494
coll_tilt_x = 0.11321704417519614
coll_tilt_y = -0.028908615481764405
ech_G = 31.613233601031972
ech_blaze = -74.97483150218288
ech_gamma = 1.1389753173407846
echelle_z = 0.07476859528121149
d_col_trf = -1588.0172296032135
trf_mirror_tilt_x = 0.026236434108089835
trf_mirror_tilt_y = 0.162215739343853
d_col_grm = -0.004803962979787542
grism_dec_x = 236.42327427700485
grism_dec_y = 0.03817745245456167
grm_tilt_x = -0.014054798997104784
grm_tilt_y = 2.3052815836788247
grm_G = 222.8240046255663
grm_apex = 17.7910523723534
d_grm_cam  = 21.60981491454445
cam_dec_x = -0.30956716947385116
cam_dec_y = 0.24723468931126438
cam_tilt_x = -0.011065368639924498
cam_tilt_y = 0.003828913047109884
d_cam_ff  = -160.05780437808357
ccd_ff_dec_x = -0.0025992777602613397
ccd_ff_dec_y = 0.05295526529246536
ccd_ff_tilt_x = 0.019423013769481273
ccd_ff_tilt_y = -0.5727997699693314
ccd_ff_tilt_z = 0.18005382405864728
d_ff_ccd  = -4.838989524676163
ccd_dec_x = 0.6213984566632845
ccd_dec_y = 5.157143647052211
ccd_defocus = 0.2806947034750579
ccd_tilt_x = 0.004960618413776492
ccd_tilt_y = -0.010961893710439138
ccd_tilt_z = 5.092048552644512e-06
p = 0.0001