slit_dec_x_a = -0.181778666534
slit_dec_y_a = -0.18243150017
slit_dec_x_b = 0.14512077562974193
slit_dec_y_b = -0.05510809031835813
slit_defocus = -0.013780302720713485
slit_tilt_x = 1.0541090123818366
slit_tilt_y = -8.559997726534224
slit_tilt_z = -9.026882010937884
d_slit_col = 1594.2902976238781
coll_tilt_x = 0.12146452105690275
coll_tilt_y = -0.026517453059338406
ech_G = 31.6145563978241
ech_blaze = -74.9948839928181
ech_gamma = 1.1556443320735266
echelle_z = 0.0570055015881924
d_col_trf = -1588.0163671717992
trf_mirror_tilt_x = 0.007315751762031842
trf_mirror_tilt_y = 0.15546365014879795
d_col_grm = 0.03568452885604333
grism_dec_x = 236.38318229757928
grism_dec_y = 0.009187364492130694
grm_tilt_x = -0.023503403301793478
grm_tilt_y = 2.3257850121575085
grm_G = 222.78406697611607
grm_apex = 17.766588573322725
d_grm_cam  = 21.604704813728908
cam_dec_x = -0.2711459589264002
cam_dec_y = 0.29087212371016935
cam_tilt_x = 0.012439501020698667
cam_tilt_y = 0.008757511340765177
d_cam_ff  = -160.0771045492869
ccd_ff_dec_x = -0.02380025100845078
ccd_ff_dec_y = 0.04204706872908775
ccd_ff_tilt_x = 0.03347661309214921
ccd_ff_tilt_y = -0.5909821140482868
ccd_ff_tilt_z = 0.17191745164806002
d_ff_ccd  = -4.8159907848773855
ccd_dec_x = 0.553294751547153
ccd_dec_y = 5.107630462154077
ccd_defocus = 0.28574758708278275
ccd_tilt_x = 0.0325432813854727
ccd_tilt_y = -0.002131366148195161
ccd_tilt_z = 4.617211184485563e-06
p = 0.0001