slit_dec_x_a = -0.1704010755187174
slit_dec_y_a = -0.1956586180351446
slit_dec_x_b = 0.175
slit_dec_y_b = -1.8802976825023502e-96
slit_defocus = 0.021329860933278162
slit_tilt_x = 1.1139872648053994
slit_tilt_y = -8.538444354107314
slit_tilt_z = -8.991658826189745
d_slit_col = 1594.3098942924576
coll_tilt_x = 0.11316950725613367
coll_tilt_y = -0.028914827899024484
ech_G = 31.613234491354444
ech_blaze = -74.97483168491605
ech_gamma = 1.138974786671043
echelle_z = 0.07476921670914483
d_col_trf = -1588.0172290234998
trf_mirror_tilt_x = 0.026333801832017653
trf_mirror_tilt_y = 0.1622032403592734
d_col_grm = -0.0048347704262553925
grism_dec_x = 236.42331798781373
grism_dec_y = 0.038148715619275374
grm_tilt_x = -0.014054464023877436
grm_tilt_y = 2.3052684839039226
grm_G = 222.8239962326752
grm_apex = 17.791114700160325
d_grm_cam  = 21.609817045571926
cam_dec_x = -0.3094853283199314
cam_dec_y = 0.2472509193432115
cam_tilt_x = -0.01108470575853336
cam_tilt_y = 0.0037462363385887924
d_cam_ff  = -160.05742142346173
ccd_ff_dec_x = -0.00259427611360619
ccd_ff_dec_y = 0.05303482778881724
ccd_ff_tilt_x = 0.019578525964832977
ccd_ff_tilt_y = -0.5727939294586117
ccd_ff_tilt_z = 0.18004717211612212
d_ff_ccd  = -4.839004722821723
ccd_dec_x = 0.6214030930444524
ccd_dec_y = 5.157146517248546
ccd_defocus = 0.2807287573847077
ccd_tilt_x = 0.005021977692664517
ccd_tilt_y = -0.010949956118338463
ccd_tilt_z = 5.123413498220595e-06
p = 0.0001