slit_dec_x_a = -0.1704010755187174
slit_dec_y_a = -0.1956586180351446
slit_dec_x_b = 0.175
slit_dec_y_b = -1.880453918671232e-96
slit_defocus = 0.021412729478879733
slit_tilt_x = 1.1140459503607758
slit_tilt_y = -8.538472226873896
slit_tilt_z = -8.99163671153951
d_slit_col = 1594.309991730287
coll_tilt_x = 0.11321138086713342
coll_tilt_y = -0.028921733672124805
ech_G = 31.613237132967647
ech_blaze = -74.97483222404387
ech_gamma = 1.1389758597694117
echelle_z = 0.07477346236314601
d_col_trf = -1588.017237915947
trf_mirror_tilt_x = 0.02625364397371031
trf_mirror_tilt_y = 0.162201181945215
d_col_grm = -0.004798364753911904
grism_dec_x = 236.42330914558931
grism_dec_y = 0.0381957680215553
grm_tilt_x = -0.014057092898805147
grm_tilt_y = 2.3052728008511014
grm_G = 222.824000186673
grm_apex = 17.791029912160685
d_grm_cam  = 21.609812423364293
cam_dec_x = -0.3095431015685853
cam_dec_y = 0.2472414270311807
cam_tilt_x = -0.01106576467346036
cam_tilt_y = 0.0037789023016458786
d_cam_ff  = -160.05760460586302
ccd_ff_dec_x = -0.0026060850489466577
ccd_ff_dec_y = 0.053058590078080094
ccd_ff_tilt_x = 0.01954175320638559
ccd_ff_tilt_y = -0.5728053958454561
ccd_ff_tilt_z = 0.1800501411049561
d_ff_ccd  = -4.8389575492004555
ccd_dec_x = 0.6214052855325086
ccd_dec_y = 5.15715060324516
ccd_defocus = 0.28069789471310735
ccd_tilt_x = 0.005046039001193327
ccd_tilt_y = -0.010857399629777388
ccd_tilt_z = 5.086566603105507e-06
p = 0.0001