slit_dec_x_a = -0.181778666534
slit_dec_y_a = -0.18243150017
slit_dec_x_b = 0.14512077562974193
slit_dec_y_b = -0.05510809031835813
slit_defocus = -0.013761868202525354
slit_tilt_x = 1.0541008158180876
slit_tilt_y = -8.560033503002984
slit_tilt_z = -9.026870632570658
d_slit_col = 1594.2903249118885
coll_tilt_x = 0.12147102380786526
coll_tilt_y = -0.026455508913638584
ech_G = 31.61456117372881
ech_blaze = -74.99488926240413
ech_gamma = 1.1556431126990185
echelle_z = 0.05700146936833623
d_col_trf = -1588.0163675278598
trf_mirror_tilt_x = 0.0072706079989355195
trf_mirror_tilt_y = 0.15542037618409243
d_col_grm = 0.035713573992815384
grism_dec_x = 236.38328734673098
grism_dec_y = 0.009286165125295533
grm_tilt_x = -0.023503612347242762
grm_tilt_y = 2.3257837091641638
grm_G = 222.78406880309916
grm_apex = 17.76649683747602
d_grm_cam  = 21.60470332580021
cam_dec_x = -0.27102505520691894
cam_dec_y = 0.29092848281258143
cam_tilt_x = 0.012497201956129652
cam_tilt_y = 0.008855391948477676
d_cam_ff  = -160.07703160997872
ccd_ff_dec_x = -0.02380207357667691
ccd_ff_dec_y = 0.04205066712369896
ccd_ff_tilt_x = 0.03347765033057721
ccd_ff_tilt_y = -0.5909764104046538
ccd_ff_tilt_z = 0.1719191248421407
d_ff_ccd  = -4.8159736567280484
ccd_dec_x = 0.5533014226005424
ccd_dec_y = 5.107630384331948
ccd_defocus = 0.28577467709046706
ccd_tilt_x = 0.03255604973699174
ccd_tilt_y = -0.002160470703544208
ccd_tilt_z = 4.726668340138395e-06
p = 0.0001