slit_dec_x_a = -0.1704010755187174
slit_dec_y_a = -0.1956586180351446
slit_dec_x_b = 0.175
slit_dec_y_b = -1.897720163328462e-96
slit_defocus = 0.021420589467103908
slit_tilt_x = 1.113958465408684
slit_tilt_y = -8.538393384824975
slit_tilt_z = -8.99156283563042
d_slit_col = 1594.3099506820015
coll_tilt_x = 0.11321012332634647
coll_tilt_y = -0.02887453507249695
ech_G = 31.61322645976115
ech_blaze = -74.97483193803839
ech_gamma = 1.138975826344947
echelle_z = 0.07476755728800513
d_col_trf = -1588.0172270863995
trf_mirror_tilt_x = 0.026326285271565615
trf_mirror_tilt_y = 0.16215154579030897
d_col_grm = -0.004786194926754668
grism_dec_x = 236.42332815502755
grism_dec_y = 0.03818029142342669
grm_tilt_x = -0.014053742778408812
grm_tilt_y = 2.3052719820238003
grm_G = 222.82400268640768
grm_apex = 17.79106167012055
d_grm_cam  = 21.609822079421583
cam_dec_x = -0.30952042490885234
cam_dec_y = 0.2472630369995807
cam_tilt_x = -0.011061020199923251
cam_tilt_y = 0.003757615600692948
d_cam_ff  = -160.05743397744516
ccd_ff_dec_x = -0.0025963814018349725
ccd_ff_dec_y = 0.05302623780074871
ccd_ff_tilt_x = 0.019491669040964495
ccd_ff_tilt_y = -0.5727966352301724
ccd_ff_tilt_z = 0.18005363443963437
d_ff_ccd  = -4.838898873411824
ccd_dec_x = 0.6214142366609664
ccd_dec_y = 5.157159100678878
ccd_defocus = 0.2807482883928403
ccd_tilt_x = 0.0050223143814431956
ccd_tilt_y = -0.010888477992824167
ccd_tilt_z = 5.055242497277054e-06
p = 0.0001