slit_dec_x_a = -0.181778666534
slit_dec_y_a = -0.18243150017
slit_dec_x_b = 0.14512077562974193
slit_dec_y_b = -0.05510809031835813
slit_defocus = -0.013775731274131004
slit_tilt_x = 1.0540761773655154
slit_tilt_y = -8.560005535213254
slit_tilt_z = -9.026851410286357
d_slit_col = 1594.2902567357173
coll_tilt_x = 0.1214358087760525
coll_tilt_y = -0.026479106541271412
ech_G = 31.61455944403828
ech_blaze = -74.99488636494819
ech_gamma = 1.1556456831511854
echelle_z = 0.057003587937235874
d_col_trf = -1588.0163597683593
trf_mirror_tilt_x = 0.0073184450541767376
trf_mirror_tilt_y = 0.15551545007654036
d_col_grm = 0.03562228613693746
grism_dec_x = 236.38317899618283
grism_dec_y = 0.009263587455708093
grm_tilt_x = -0.02350947132185262
grm_tilt_y = 2.3257891443695122
grm_G = 222.7840736433082
grm_apex = 17.766484968190415
d_grm_cam  = 21.6047077739807
cam_dec_x = -0.27112109611416096
cam_dec_y = 0.29087727324755874
cam_tilt_x = 0.012525738915796758
cam_tilt_y = 0.008782370538177662
d_cam_ff  = -160.07696925546486
ccd_ff_dec_x = -0.023792908357450383
ccd_ff_dec_y = 0.04203035276044749
ccd_ff_tilt_x = 0.03338743509811572
ccd_ff_tilt_y = -0.5909837298585828
ccd_ff_tilt_z = 0.17192016907466265
d_ff_ccd  = -4.815949283619009
ccd_dec_x = 0.553299181445399
ccd_dec_y = 5.107632182871259
ccd_defocus = 0.2857424519908703
ccd_tilt_x = 0.032577210571007716
ccd_tilt_y = -0.0021140131257119795
ccd_tilt_z = 4.745179082223503e-06
p = 0.0001