slit_dec_x_a = -0.1704010755187174
slit_dec_y_a = -0.1956586180351446
slit_dec_x_b = 0.175
slit_dec_y_b = -1.838971815593452e-96
slit_defocus = 0.02142019013674404
slit_tilt_x = 1.1140441321839036
slit_tilt_y = -8.538403661210268
slit_tilt_z = -8.991656508825887
d_slit_col = 1594.3099651098519
coll_tilt_x = 0.11319705283831656
coll_tilt_y = -0.028910951727159583
ech_G = 31.61323468829115
ech_blaze = -74.974825722031
ech_gamma = 1.1389802200511463
echelle_z = 0.074778409862553
d_col_trf = -1588.017227120369
trf_mirror_tilt_x = 0.026277382886939708
trf_mirror_tilt_y = 0.1622512269082792
d_col_grm = -0.004841021569113566
grism_dec_x = 236.42337572094712
grism_dec_y = 0.038168406981236656
grm_tilt_x = -0.014054135740686986
grm_tilt_y = 2.3052786388354773
grm_G = 222.82400888979862
grm_apex = 17.790981323702244
d_grm_cam  = 21.609815484331005
cam_dec_x = -0.3095476564814149
cam_dec_y = 0.2472763956652117
cam_tilt_x = -0.011064099321599425
cam_tilt_y = 0.0037919888991300456
d_cam_ff  = -160.0573665893001
ccd_ff_dec_x = -0.0026058686456056426
ccd_ff_dec_y = 0.053076260729458896
ccd_ff_tilt_x = 0.019519217178722178
ccd_ff_tilt_y = -0.5728041158815123
ccd_ff_tilt_z = 0.18005628763668333
d_ff_ccd  = -4.838965949622956
ccd_dec_x = 0.6214060519754678
ccd_dec_y = 5.157149596950115
ccd_defocus = 0.2807200521441159
ccd_tilt_x = 0.005052118412582983
ccd_tilt_y = -0.01088516324941035
ccd_tilt_z = 5.103368750070994e-06
p = 0.0001