slit_dec_x_a = -0.1704010755187174
slit_dec_y_a = -0.1956586180351446
slit_dec_x_b = 0.175
slit_dec_y_b = -1.8574632750949447e-96
slit_defocus = 0.021317860515360647
slit_tilt_x = 1.1139589439690574
slit_tilt_y = -8.538435864043272
slit_tilt_z = -8.991762077581727
d_slit_col = 1594.3099339948753
coll_tilt_x = 0.11320000638404755
coll_tilt_y = -0.028896342404498652
ech_G = 31.61322336244207
ech_blaze = -74.97482887600792
ech_gamma = 1.1389757786648702
echelle_z = 0.0747767947514983
d_col_trf = -1588.0172308171102
trf_mirror_tilt_x = 0.026271080649054153
trf_mirror_tilt_y = 0.16221207146052197
d_col_grm = -0.004798713812231723
grism_dec_x = 236.42328512617
grism_dec_y = 0.038191700394464345
grm_tilt_x = -0.01405801725343566
grm_tilt_y = 2.3052685076226442
grm_G = 222.82400899232235
grm_apex = 17.791059044589208
d_grm_cam  = 21.609826418163603
cam_dec_x = -0.30952547126238356
cam_dec_y = 0.24730791855711806
cam_tilt_x = -0.011044364950722313
cam_tilt_y = 0.0038394116771462063
d_cam_ff  = -160.05743113459545
ccd_ff_dec_x = -0.002603762786446368
ccd_ff_dec_y = 0.052987130131390496
ccd_ff_tilt_x = 0.019545697654950324
ccd_ff_tilt_y = -0.572796185868925
ccd_ff_tilt_z = 0.1800582385001348
d_ff_ccd  = -4.838906985097361
ccd_dec_x = 0.621402186874633
ccd_dec_y = 5.15714621103392
ccd_defocus = 0.2807626697141812
ccd_tilt_x = 0.005049722651621649
ccd_tilt_y = -0.010825223056322495
ccd_tilt_z = 5.04966778622346e-06
p = 0.0001