slit_dec_x_a = -0.181778666534
slit_dec_y_a = -0.18243150017
slit_dec_x_b = 0.14512077562974193
slit_dec_y_b = -0.05510809031835813
slit_defocus = -0.013752799366482627
slit_tilt_x = 1.054074693964652
slit_tilt_y = -8.560033353824199
slit_tilt_z = -9.02686468128386
d_slit_col = 1594.2903494541315
coll_tilt_x = 0.12147659518980579
coll_tilt_y = -0.026483349896633604
ech_G = 31.614564637015967
ech_blaze = -74.99489194362839
ech_gamma = 1.1556438335094714
echelle_z = 0.05699719898769085
d_col_trf = -1588.0163669542696
trf_mirror_tilt_x = 0.007305739983280378
trf_mirror_tilt_y = 0.155465031459602
d_col_grm = 0.035643588382718104
grism_dec_x = 236.38321030624462
grism_dec_y = 0.009265802670859502
grm_tilt_x = -0.023514142728500987
grm_tilt_y = 2.325791255446708
grm_G = 222.7840767679963
grm_apex = 17.766518871861344
d_grm_cam  = 21.60469753714924
cam_dec_x = -0.27111598328250264
cam_dec_y = 0.2909114327283517
cam_tilt_x = 0.012477862078661915
cam_tilt_y = 0.00881246497389026
d_cam_ff  = -160.07698587713193
ccd_ff_dec_x = -0.023804742809763146
ccd_ff_dec_y = 0.04201040627498597
ccd_ff_tilt_x = 0.033492669121323926
ccd_ff_tilt_y = -0.5909776012061189
ccd_ff_tilt_z = 0.17191375370510562
d_ff_ccd  = -4.815984142360237
ccd_dec_x = 0.5532990490007772
ccd_dec_y = 5.1076261297318695
ccd_defocus = 0.2858314384988059
ccd_tilt_x = 0.032537845147798956
ccd_tilt_y = -0.0021461492580497096
ccd_tilt_z = 4.679332581656905e-06
p = 0.0001