slit_dec_x_a = -0.181778666534
slit_dec_y_a = -0.18243150017
slit_dec_x_b = 0.14512077562974193
slit_dec_y_b = -0.05510809031835813
slit_defocus = -0.013782721643276298
slit_tilt_x = 1.054110756739412
slit_tilt_y = -8.559931965505553
slit_tilt_z = -9.026880895959952
d_slit_col = 1594.2902910232756
coll_tilt_x = 0.12143036930010871
coll_tilt_y = -0.026450826009202785
ech_G = 31.614564702838862
ech_blaze = -74.99488499016104
ech_gamma = 1.1556318529345984
echelle_z = 0.057000365519003865
d_col_trf = -1588.0163694896676
trf_mirror_tilt_x = 0.00730291524492821
trf_mirror_tilt_y = 0.15545685400626083
d_col_grm = 0.03562609035074945
grism_dec_x = 236.38318571801724
grism_dec_y = 0.009224740208801008
grm_tilt_x = -0.023499651083495166
grm_tilt_y = 2.3257822806293467
grm_G = 222.78406849628726
grm_apex = 17.766496423962693
d_grm_cam  = 21.604701040152307
cam_dec_x = -0.2711234321847646
cam_dec_y = 0.29093112777087293
cam_tilt_x = 0.012386871630165339
cam_tilt_y = 0.00882389465755028
d_cam_ff  = -160.07687973495942
ccd_ff_dec_x = -0.02380290920216329
ccd_ff_dec_y = 0.04203821978217452
ccd_ff_tilt_x = 0.033487830181822394
ccd_ff_tilt_y = -0.5909832183738198
ccd_ff_tilt_z = 0.17191390763668898
d_ff_ccd  = -4.815935300115015
ccd_dec_x = 0.5532953735326852
ccd_dec_y = 5.107631409379003
ccd_defocus = 0.28576889103590747
ccd_tilt_x = 0.03255691482870877
ccd_tilt_y = -0.0020766083978249993
ccd_tilt_z = 4.6933247414199025e-06
p = 0.0001