slit_dec_x_a = -0.1704010755187174
slit_dec_y_a = -0.1956586180351446
slit_dec_x_b = 0.175
slit_dec_y_b = -1.8691094588699986e-96
slit_defocus = 0.021415427244105452
slit_tilt_x = 1.1140703400843497
slit_tilt_y = -8.538393263635667
slit_tilt_z = -8.991670051649358
d_slit_col = 1594.3099933281303
coll_tilt_x = 0.1132349177416779
coll_tilt_y = -0.02893461420994042
ech_G = 31.6132309957041
ech_blaze = -74.97482878478904
ech_gamma = 1.138981692342682
echelle_z = 0.07477834247444837
d_col_trf = -1588.017234088317
trf_mirror_tilt_x = 0.026286321494291064
trf_mirror_tilt_y = 0.1622390549944705
d_col_grm = -0.004870344212957237
grism_dec_x = 236.42333671709713
grism_dec_y = 0.0381557091668579
grm_tilt_x = -0.014053095276200524
grm_tilt_y = 2.3052814145520304
grm_G = 222.82399885963625
grm_apex = 17.79102633598064
d_grm_cam  = 21.60981730180652
cam_dec_x = -0.3095786546640776
cam_dec_y = 0.24725275480826572
cam_tilt_x = -0.011080795165010364
cam_tilt_y = 0.0038227013087304075
d_cam_ff  = -160.0572431368745
ccd_ff_dec_x = -0.0025993347621823515
ccd_ff_dec_y = 0.053043195214075044
ccd_ff_tilt_x = 0.019511551571773252
ccd_ff_tilt_y = -0.5728032793352617
ccd_ff_tilt_z = 0.1800464846878016
d_ff_ccd  = -4.838933854259416
ccd_dec_x = 0.6213990120178355
ccd_dec_y = 5.1571486180988915
ccd_defocus = 0.28066807362418067
ccd_tilt_x = 0.005036729935557615
ccd_tilt_y = -0.010872080752158751
ccd_tilt_z = 5.033262044593454e-06
p = 0.0001