slit_dec_x_a = -0.181778666534
slit_dec_y_a = -0.18243150017
slit_dec_x_b = 0.14512077562974193
slit_dec_y_b = -0.05510809031835813
slit_defocus = -0.013839907472446804
slit_tilt_x = 1.0541253843826284
slit_tilt_y = -8.55999490346548
slit_tilt_z = -9.026835399419806
d_slit_col = 1594.2903025704632
coll_tilt_x = 0.12142528886755027
coll_tilt_y = -0.02652414011403645
ech_G = 31.614556825417093
ech_blaze = -74.99489329354904
ech_gamma = 1.1556431896267878
echelle_z = 0.05699916024084415
d_col_trf = -1588.0163605865082
trf_mirror_tilt_x = 0.007330071907675033
trf_mirror_tilt_y = 0.1554481837379013
d_col_grm = 0.03556518007992633
grism_dec_x = 236.38319364408383
grism_dec_y = 0.00927006413499231
grm_tilt_x = -0.02350205675748101
grm_tilt_y = 2.325785662468158
grm_G = 222.78407149768023
grm_apex = 17.766574811153582
d_grm_cam  = 21.604697087881192
cam_dec_x = -0.27112484977718115
cam_dec_y = 0.2908572935302796
cam_tilt_x = 0.012470053909867938
cam_tilt_y = 0.008913290777417277
d_cam_ff  = -160.07709870482876
ccd_ff_dec_x = -0.023796997555915276
ccd_ff_dec_y = 0.042080651138617614
ccd_ff_tilt_x = 0.03345023217278532
ccd_ff_tilt_y = -0.5909816159137117
ccd_ff_tilt_z = 0.17191458175583252
d_ff_ccd  = -4.815959126117072
ccd_dec_x = 0.5533039750436408
ccd_dec_y = 5.107622543366105
ccd_defocus = 0.28574554898410415
ccd_tilt_x = 0.03264030847961833
ccd_tilt_y = -0.002084811038744289
ccd_tilt_z = 4.742522474269647e-06
p = 0.0001