slit_dec_x_a = -0.181778666534
slit_dec_y_a = -0.18243150017
slit_dec_x_b = 0.14512077562974193
slit_dec_y_b = -0.05510809031835813
slit_defocus = -0.013803792781264868
slit_tilt_x = 1.0540154063182277
slit_tilt_y = -8.559941484532246
slit_tilt_z = -9.02687241410889
d_slit_col = 1594.2903527656997
coll_tilt_x = 0.12147912777169817
coll_tilt_y = -0.02650027174972852
ech_G = 31.614567584583874
ech_blaze = -74.99489313567314
ech_gamma = 1.155639436663663
echelle_z = 0.05700765489000202
d_col_trf = -1588.0163600514072
trf_mirror_tilt_x = 0.007289504093039185
trf_mirror_tilt_y = 0.15541667408962082
d_col_grm = 0.035688078765812446
grism_dec_x = 236.38329987775606
grism_dec_y = 0.009211203115064605
grm_tilt_x = -0.02350373236992976
grm_tilt_y = 2.3257933620810873
grm_G = 222.78406783747602
grm_apex = 17.766431925518646
d_grm_cam  = 21.60470227131059
cam_dec_x = -0.27110086613476864
cam_dec_y = 0.29093286713204153
cam_tilt_x = 0.012400782618048117
cam_tilt_y = 0.008832586323778285
d_cam_ff  = -160.07718214425176
ccd_ff_dec_x = -0.0238082124267633
ccd_ff_dec_y = 0.042077894606133925
ccd_ff_tilt_x = 0.03347606544434542
ccd_ff_tilt_y = -0.5909761157504774
ccd_ff_tilt_z = 0.17192519006177664
d_ff_ccd  = -4.8159963472718506
ccd_dec_x = 0.5532986348561361
ccd_dec_y = 5.107631867247782
ccd_defocus = 0.28578872793968574
ccd_tilt_x = 0.03263407447194287
ccd_tilt_y = -0.0021840455884483763
ccd_tilt_z = 4.69387409256786e-06
p = 0.0001