slit_dec_x_a = -0.181778666534
slit_dec_y_a = -0.18243150017
slit_dec_x_b = 0.14512077562974193
slit_dec_y_b = -0.05510809031835813
slit_defocus = -0.013776859496825817
slit_tilt_x = 1.0540810687118185
slit_tilt_y = -8.559900317505706
slit_tilt_z = -9.026889499659926
d_slit_col = 1594.290282114029
coll_tilt_x = 0.1214545332963435
coll_tilt_y = -0.026486895653532162
ech_G = 31.614558660700553
ech_blaze = -74.99488429692629
ech_gamma = 1.1556391166460862
echelle_z = 0.05699541264431077
d_col_trf = -1588.0163679380096
trf_mirror_tilt_x = 0.0073009475783262995
trf_mirror_tilt_y = 0.15547442974313602
d_col_grm = 0.03573522669042853
grism_dec_x = 236.38321924960266
grism_dec_y = 0.009238560310900952
grm_tilt_x = -0.02350613647563185
grm_tilt_y = 2.3257896275488905
grm_G = 222.78407118200838
grm_apex = 17.76641741240509
d_grm_cam  = 21.60470218807933
cam_dec_x = -0.27112273075412735
cam_dec_y = 0.29085643691232704
cam_tilt_x = 0.012426048250614018
cam_tilt_y = 0.008875650520290122
d_cam_ff  = -160.07686347424345
ccd_ff_dec_x = -0.023807806880806404
ccd_ff_dec_y = 0.0420855457453156
ccd_ff_tilt_x = 0.033515836937065425
ccd_ff_tilt_y = -0.5909806174225937
ccd_ff_tilt_z = 0.17192586028019569
d_ff_ccd  = -4.815970775944631
ccd_dec_x = 0.553300872246714
ccd_dec_y = 5.107637555054251
ccd_defocus = 0.285688997268514
ccd_tilt_x = 0.0326254615804048
ccd_tilt_y = -0.00217822564065795
ccd_tilt_z = 4.67457558448242e-06
p = 0.0001