slit_dec_x_a = -0.181778666534
slit_dec_y_a = -0.18243150017
slit_dec_x_b = 0.14512077562974193
slit_dec_y_b = -0.05510809031835813
slit_defocus = -0.013774776082308942
slit_tilt_x = 1.0541150186895265
slit_tilt_y = -8.559868050458475
slit_tilt_z = -9.026871412047617
d_slit_col = 1594.2902849131299
coll_tilt_x = 0.12142768038741208
coll_tilt_y = -0.026431613284705422
ech_G = 31.614561878443112
ech_blaze = -74.99489144049427
ech_gamma = 1.1556418539533249
echelle_z = 0.0570042864680826
d_col_trf = -1588.0163650546408
trf_mirror_tilt_x = 0.007349558682883948
trf_mirror_tilt_y = 0.15545513711736075
d_col_grm = 0.03564293789041889
grism_dec_x = 236.38318476601023
grism_dec_y = 0.009280086420876861
grm_tilt_x = -0.023510847100348765
grm_tilt_y = 2.3257780005662156
grm_G = 222.78407179180658
grm_apex = 17.766488168677387
d_grm_cam  = 21.60469993647245
cam_dec_x = -0.27107520661360945
cam_dec_y = 0.29084141390073287
cam_tilt_x = 0.01239821627158551
cam_tilt_y = 0.008816785979519324
d_cam_ff  = -160.07702774342135
ccd_ff_dec_x = -0.023804868359235357
ccd_ff_dec_y = 0.04207698579134226
ccd_ff_tilt_x = 0.03346626533995395
ccd_ff_tilt_y = -0.5909774145698619
ccd_ff_tilt_z = 0.17192004246592468
d_ff_ccd  = -4.815987914243243
ccd_dec_x = 0.5532956199215944
ccd_dec_y = 5.107631651988516
ccd_defocus = 0.28570615380392517
ccd_tilt_x = 0.03258956736275959
ccd_tilt_y = -0.0022220814329013787
ccd_tilt_z = 4.655492190901481e-06
p = 0.0001