slit_dec_x_a = -0.181778666534
slit_dec_y_a = -0.18243150017
slit_dec_x_b = 0.14512077562974193
slit_dec_y_b = -0.05510809031835813
slit_defocus = -0.013717350757465021
slit_tilt_x = 1.0540280414148566
slit_tilt_y = -8.559980688543828
slit_tilt_z = -9.026895965493207
d_slit_col = 1594.2902932268444
coll_tilt_x = 0.1214713203007332
coll_tilt_y = -0.02642335938902859
ech_G = 31.614565710901964
ech_blaze = -74.99488473827017
ech_gamma = 1.1556414836135374
echelle_z = 0.05700716408341896
d_col_trf = -1588.0163605682785
trf_mirror_tilt_x = 0.007316671477599832
trf_mirror_tilt_y = 0.1554402371384453
d_col_grm = 0.03561799844715264
grism_dec_x = 236.3832372317195
grism_dec_y = 0.009249491456632956
grm_tilt_x = -0.023504826194690756
grm_tilt_y = 2.325783873249501
grm_G = 222.78406138749318
grm_apex = 17.7665317247218
d_grm_cam  = 21.604703468639467
cam_dec_x = -0.2711349536026744
cam_dec_y = 0.2908579128193016
cam_tilt_x = 0.012404739991485433
cam_tilt_y = 0.008819564935634938
d_cam_ff  = -160.07692691237438
ccd_ff_dec_x = -0.02380509488852755
ccd_ff_dec_y = 0.04206823012213309
ccd_ff_tilt_x = 0.0335468840358779
ccd_ff_tilt_y = -0.5909774676752328
ccd_ff_tilt_z = 0.17192076572544734
d_ff_ccd  = -4.815978775824207
ccd_dec_x = 0.5533001464046665
ccd_dec_y = 5.107625508760969
ccd_defocus = 0.28579019496321756
ccd_tilt_x = 0.03254223303733085
ccd_tilt_y = -0.002152656446101197
ccd_tilt_z = 4.714144989826427e-06
p = 0.0001