slit_dec_x_a = -0.1704010755187174
slit_dec_y_a = -0.1956586180351446
slit_dec_x_b = 0.175
slit_dec_y_b = -1.8196832415792883e-96
slit_defocus = 0.021421072348800148
slit_tilt_x = 1.1139630313726414
slit_tilt_y = -8.538342382514559
slit_tilt_z = -8.991628118617127
d_slit_col = 1594.3100041859723
coll_tilt_x = 0.11318051362698607
coll_tilt_y = -0.028807475035962003
ech_G = 31.613228449378763
ech_blaze = -74.97484091980064
ech_gamma = 1.1389753705972194
echelle_z = 0.07477524913326415
d_col_trf = -1588.017231054845
trf_mirror_tilt_x = 0.026286039802734626
trf_mirror_tilt_y = 0.1622913874208182
d_col_grm = -0.004790476307315526
grism_dec_x = 236.42327162978296
grism_dec_y = 0.038138991051101974
grm_tilt_x = -0.014056278297271277
grm_tilt_y = 2.305273148977397
grm_G = 222.82400012112794
grm_apex = 17.790995023022713
d_grm_cam  = 21.60981725222405
cam_dec_x = -0.30956140964184337
cam_dec_y = 0.24725986982402165
cam_tilt_x = -0.011002755715875431
cam_tilt_y = 0.003777002313262912
d_cam_ff  = -160.05767200211446
ccd_ff_dec_x = -0.0026018328496467294
ccd_ff_dec_y = 0.053078029888546374
ccd_ff_tilt_x = 0.019530152529882095
ccd_ff_tilt_y = -0.5727985570001649
ccd_ff_tilt_z = 0.1800517051888358
d_ff_ccd  = -4.8389697240043095
ccd_dec_x = 0.6214020230538122
ccd_dec_y = 5.157148909485716
ccd_defocus = 0.28079288491545285
ccd_tilt_x = 0.005002014221555295
ccd_tilt_y = -0.010934919842323981
ccd_tilt_z = 5.093884348284752e-06
p = 0.0001