slit_dec_x_a = -0.181778666534
slit_dec_y_a = -0.18243150017
slit_dec_x_b = 0.14512077562974193
slit_dec_y_b = -0.05510809031835813
slit_defocus = -0.013806047384838252
slit_tilt_x = 1.0541362885431647
slit_tilt_y = -8.559912088150138
slit_tilt_z = -9.026898113538246
d_slit_col = 1594.290285177566
coll_tilt_x = 0.12143488312376438
coll_tilt_y = -0.026504885425701633
ech_G = 31.61456309344345
ech_blaze = -74.99488174587778
ech_gamma = 1.1556340544726493
echelle_z = 0.05700033425914664
d_col_trf = -1588.0163599320124
trf_mirror_tilt_x = 0.007240552397158252
trf_mirror_tilt_y = 0.1554714571381375
d_col_grm = 0.03566510721654021
grism_dec_x = 236.383235999883
grism_dec_y = 0.009219329436354963
grm_tilt_x = -0.023506170307795542
grm_tilt_y = 2.325793115511482
grm_G = 222.7840747468566
grm_apex = 17.766463625654854
d_grm_cam  = 21.60469577549257
cam_dec_x = -0.27112050431519685
cam_dec_y = 0.29088874194256914
cam_tilt_x = 0.012421003736845349
cam_tilt_y = 0.008769834126808797
d_cam_ff  = -160.0767232491019
ccd_ff_dec_x = -0.023797953055119673
ccd_ff_dec_y = 0.042091772012889855
ccd_ff_tilt_x = 0.033388510828343314
ccd_ff_tilt_y = -0.5909787378511621
ccd_ff_tilt_z = 0.17191946941769978
d_ff_ccd  = -4.8159162210898065
ccd_dec_x = 0.5533016809913343
ccd_dec_y = 5.107625041529908
ccd_defocus = 0.28581762304021013
ccd_tilt_x = 0.03260348352525262
ccd_tilt_y = -0.002145206193181428
ccd_tilt_z = 4.7390396571344445e-06
p = 0.0001