slit_dec_x_a = -0.1704010755187174
slit_dec_y_a = -0.1956586180351446
slit_dec_x_b = 0.175
slit_dec_y_b = -1.8161029478833251e-96
slit_defocus = 0.021381695144782352
slit_tilt_x = 1.1140016608698091
slit_tilt_y = -8.538406450845867
slit_tilt_z = -8.991587768108442
d_slit_col = 1594.309961397211
coll_tilt_x = 0.11316633475747044
coll_tilt_y = -0.028852992853236885
ech_G = 31.61323080227957
ech_blaze = -74.97482570202929
ech_gamma = 1.1389798530883488
echelle_z = 0.07477301763468695
d_col_trf = -1588.0172316874773
trf_mirror_tilt_x = 0.02631954931798019
trf_mirror_tilt_y = 0.16224369060874402
d_col_grm = -0.004807034870498898
grism_dec_x = 236.42334322175316
grism_dec_y = 0.03815972157551862
grm_tilt_x = -0.014057140994937451
grm_tilt_y = 2.305269076028437
grm_G = 222.82400195271592
grm_apex = 17.79095074388148
d_grm_cam  = 21.609814047348703
cam_dec_x = -0.3095370781373098
cam_dec_y = 0.24730104681017456
cam_tilt_x = -0.011057277450352428
cam_tilt_y = 0.0038259735428955847
d_cam_ff  = -160.0575290161289
ccd_ff_dec_x = -0.002597928014758813
ccd_ff_dec_y = 0.05301253639075176
ccd_ff_tilt_x = 0.019521088192067493
ccd_ff_tilt_y = -0.5728030359699509
ccd_ff_tilt_z = 0.18005464470120636
d_ff_ccd  = -4.838916406781435
ccd_dec_x = 0.6213999359752189
ccd_dec_y = 5.157153397840548
ccd_defocus = 0.2806410040789073
ccd_tilt_x = 0.005031948300865455
ccd_tilt_y = -0.010908378305938514
ccd_tilt_z = 5.085517425435186e-06
p = 0.0001