slit_dec_x_a = -0.1704010755187174
slit_dec_y_a = -0.1956586180351446
slit_dec_x_b = 0.175
slit_dec_y_b = -1.8819978486843576e-96
slit_defocus = 0.021333363812903586
slit_tilt_x = 1.1140314578950665
slit_tilt_y = -8.538413147799988
slit_tilt_z = -8.991604389886298
d_slit_col = 1594.3099303835904
coll_tilt_x = 0.11319281381009973
coll_tilt_y = -0.02885130146120865
ech_G = 31.613233653191344
ech_blaze = -74.97483692443836
ech_gamma = 1.1389722391988955
echelle_z = 0.07476879451720303
d_col_trf = -1588.0172358045495
trf_mirror_tilt_x = 0.026302400143068692
trf_mirror_tilt_y = 0.1622623043393981
d_col_grm = -0.004870470887809346
grism_dec_x = 236.4233568562007
grism_dec_y = 0.038177142248746465
grm_tilt_x = -0.014054323160812031
grm_tilt_y = 2.3052768345268975
grm_G = 222.8240030046093
grm_apex = 17.79101470902889
d_grm_cam  = 21.609820649828492
cam_dec_x = -0.30953087404414015
cam_dec_y = 0.24725882258976142
cam_tilt_x = -0.011085203554642528
cam_tilt_y = 0.003817778971710625
d_cam_ff  = -160.05762720794155
ccd_ff_dec_x = -0.002604729821796846
ccd_ff_dec_y = 0.053063914552913254
ccd_ff_tilt_x = 0.01957155494826693
ccd_ff_tilt_y = -0.5728053521160464
ccd_ff_tilt_z = 0.1800572861192735
d_ff_ccd  = -4.8389051318643475
ccd_dec_x = 0.6214021365424663
ccd_dec_y = 5.15714833291828
ccd_defocus = 0.2807665139504245
ccd_tilt_x = 0.0050603872496439994
ccd_tilt_y = -0.01097902107547515
ccd_tilt_z = 5.0813644506352186e-06
p = 0.0001