slit_dec_x_a = -0.181778666534
slit_dec_y_a = -0.18243150017
slit_dec_x_b = 0.14512077562974193
slit_dec_y_b = -0.05510809031835813
slit_defocus = -0.013811548440603465
slit_tilt_x = 1.054119117481596
slit_tilt_y = -8.560027245238508
slit_tilt_z = -9.02690917980297
d_slit_col = 1594.2902069983854
coll_tilt_x = 0.12149852667174707
coll_tilt_y = -0.02647015631126131
ech_G = 31.614567517022486
ech_blaze = -74.99488590064017
ech_gamma = 1.1556428900386047
echelle_z = 0.05700304961709921
d_col_trf = -1588.0163618293054
trf_mirror_tilt_x = 0.007321244029758255
trf_mirror_tilt_y = 0.15546384915418454
d_col_grm = 0.03562561671108834
grism_dec_x = 236.3832503384353
grism_dec_y = 0.009239604542801965
grm_tilt_x = -0.023503339624694475
grm_tilt_y = 2.3257913658378713
grm_G = 222.78406969445183
grm_apex = 17.766547943920923
d_grm_cam  = 21.60469806381468
cam_dec_x = -0.2711157094427091
cam_dec_y = 0.29085354185270984
cam_tilt_x = 0.012489320777241832
cam_tilt_y = 0.008857777008150979
d_cam_ff  = -160.07719459616135
ccd_ff_dec_x = -0.023808446744628658
ccd_ff_dec_y = 0.042019562291018005
ccd_ff_tilt_x = 0.03351920140434838
ccd_ff_tilt_y = -0.5909836968622015
ccd_ff_tilt_z = 0.17191853781370123
d_ff_ccd  = -4.816045407600212
ccd_dec_x = 0.5533000370990349
ccd_dec_y = 5.107628368631442
ccd_defocus = 0.2857232693165594
ccd_tilt_x = 0.03252648200607111
ccd_tilt_y = -0.002112672837741101
ccd_tilt_z = 4.72350351106066e-06
p = 0.0001