slit_dec_x_a = -0.1704010755187174
slit_dec_y_a = -0.1956586180351446
slit_dec_x_b = 0.175
slit_dec_y_b = -1.891024123202693e-96
slit_defocus = 0.021341385322039094
slit_tilt_x = 1.113995624975449
slit_tilt_y = -8.538470014865219
slit_tilt_z = -8.991646479108471
d_slit_col = 1594.3100568729803
coll_tilt_x = 0.11322836310173177
coll_tilt_y = -0.028889716465239485
ech_G = 31.613231592483825
ech_blaze = -74.9748326366928
ech_gamma = 1.1389757493305024
echelle_z = 0.07476933211730886
d_col_trf = -1588.0172328727251
trf_mirror_tilt_x = 0.026341321959235393
trf_mirror_tilt_y = 0.16222077576464528
d_col_grm = -0.004901486691764889
grism_dec_x = 236.42330316288425
grism_dec_y = 0.03817807898946919
grm_tilt_x = -0.014056199455600918
grm_tilt_y = 2.305280792233876
grm_G = 222.82399995400732
grm_apex = 17.790929026766918
d_grm_cam  = 21.609812962596244
cam_dec_x = -0.30952144748777777
cam_dec_y = 0.24728901983499949
cam_tilt_x = -0.011097313306132138
cam_tilt_y = 0.003771667610157846
d_cam_ff  = -160.05747365070084
ccd_ff_dec_x = -0.002602335554415946
ccd_ff_dec_y = 0.053074948680921136
ccd_ff_tilt_x = 0.019497744577206388
ccd_ff_tilt_y = -0.5728061368428483
ccd_ff_tilt_z = 0.18004639382594642
d_ff_ccd  = -4.838911297693317
ccd_dec_x = 0.6213968328117643
ccd_dec_y = 5.157142438266939
ccd_defocus = 0.28076736411170633
ccd_tilt_x = 0.005046485587847552
ccd_tilt_y = -0.010914916144643742
ccd_tilt_z = 5.0404180772643246e-06
p = 0.0001