slit_dec_x_a = -0.181778666534
slit_dec_y_a = -0.18243150017
slit_dec_x_b = 0.14512077562974193
slit_dec_y_b = -0.05510809031835813
slit_defocus = -0.013838897140933452
slit_tilt_x = 1.0540977603071453
slit_tilt_y = -8.56001923139794
slit_tilt_z = -9.026869353630953
d_slit_col = 1594.2903411041991
coll_tilt_x = 0.12144310800058501
coll_tilt_y = -0.026523228513761665
ech_G = 31.61455997741374
ech_blaze = -74.99488864072026
ech_gamma = 1.1556377751789892
echelle_z = 0.05700277723422174
d_col_trf = -1588.0163658438075
trf_mirror_tilt_x = 0.007271497081016725
trf_mirror_tilt_y = 0.155397192664601
d_col_grm = 0.03567443916035205
grism_dec_x = 236.38322035667304
grism_dec_y = 0.009251641603424478
grm_tilt_x = -0.023509924696922747
grm_tilt_y = 2.3257895498090506
grm_G = 222.78406922402448
grm_apex = 17.76655097980189
d_grm_cam  = 21.604701200011064
cam_dec_x = -0.2711927671484586
cam_dec_y = 0.29084549328429715
cam_tilt_x = 0.012475468314575544
cam_tilt_y = 0.008781577621194775
d_cam_ff  = -160.07691273992756
ccd_ff_dec_x = -0.023799176148550608
ccd_ff_dec_y = 0.042092265808526555
ccd_ff_tilt_x = 0.03350534078247082
ccd_ff_tilt_y = -0.5909837156559219
ccd_ff_tilt_z = 0.1719160411695505
d_ff_ccd  = -4.815991932744051
ccd_dec_x = 0.5532886003802494
ccd_dec_y = 5.107638187316802
ccd_defocus = 0.28578716185034075
ccd_tilt_x = 0.03261670983442744
ccd_tilt_y = -0.0021807148902605183
ccd_tilt_z = 4.684205178802148e-06
p = 0.0001