slit_dec_x_a = -0.1704010755187174
slit_dec_y_a = -0.1956586180351446
slit_dec_x_b = 0.175
slit_dec_y_b = -1.8000643373691508e-96
slit_defocus = 0.021407031677471784
slit_tilt_x = 1.1139799412483793
slit_tilt_y = -8.538470391756553
slit_tilt_z = -8.991624785943854
d_slit_col = 1594.309930431605
coll_tilt_x = 0.11326818358732757
coll_tilt_y = -0.028903836301603793
ech_G = 31.613235049710966
ech_blaze = -74.97483373153858
ech_gamma = 1.1389806176926065
echelle_z = 0.07476939912698903
d_col_trf = -1588.0172298729508
trf_mirror_tilt_x = 0.02634311170431915
trf_mirror_tilt_y = 0.16223898052180652
d_col_grm = -0.004886820132822545
grism_dec_x = 236.42333046538633
grism_dec_y = 0.03821200546067573
grm_tilt_x = -0.014058693236327593
grm_tilt_y = 2.305276411988345
grm_G = 222.82400641302425
grm_apex = 17.791031576011797
d_grm_cam  = 21.609815004961064
cam_dec_x = -0.3095135342692885
cam_dec_y = 0.2472946191120367
cam_tilt_x = -0.011044087341268896
cam_tilt_y = 0.0038509486370448343
d_cam_ff  = -160.0572986153161
ccd_ff_dec_x = -0.002605939780106434
ccd_ff_dec_y = 0.05304708260755622
ccd_ff_tilt_x = 0.019476021663928023
ccd_ff_tilt_y = -0.5728033981003573
ccd_ff_tilt_z = 0.18004995981418592
d_ff_ccd  = -4.838961489109292
ccd_dec_x = 0.6214042700588532
ccd_dec_y = 5.157150172208382
ccd_defocus = 0.2807351459874349
ccd_tilt_x = 0.004989992828801098
ccd_tilt_y = -0.010922497701349619
ccd_tilt_z = 5.077691376156997e-06
p = 0.0001