slit_dec_x_a = -0.1704010755187174
slit_dec_y_a = -0.1956586180351446
slit_dec_x_b = 0.175
slit_dec_y_b = -1.7993134164235077e-96
slit_defocus = 0.021385548716739925
slit_tilt_x = 1.1140848349207777
slit_tilt_y = -8.538433689844585
slit_tilt_z = -8.99165560230669
d_slit_col = 1594.3099610148993
coll_tilt_x = 0.11320040651363499
coll_tilt_y = -0.028914151613569885
ech_G = 31.613227831877712
ech_blaze = -74.97483358253051
ech_gamma = 1.1389770757889073
echelle_z = 0.07477234082156411
d_col_trf = -1588.0172269192751
trf_mirror_tilt_x = 0.026310115495562798
trf_mirror_tilt_y = 0.1621918055603421
d_col_grm = -0.004865464568264976
grism_dec_x = 236.42337018679663
grism_dec_y = 0.03816706305423299
grm_tilt_x = -0.01405463638385352
grm_tilt_y = 2.3052782674257437
grm_G = 222.82400873079368
grm_apex = 17.79105263158722
d_grm_cam  = 21.609809960844434
cam_dec_x = -0.3095581611711614
cam_dec_y = 0.24728912850381746
cam_tilt_x = -0.011045093309450763
cam_tilt_y = 0.003751928253389729
d_cam_ff  = -160.05737840150624
ccd_ff_dec_x = -0.0025981898192326677
ccd_ff_dec_y = 0.053014114951726955
ccd_ff_tilt_x = 0.019527526280703585
ccd_ff_tilt_y = -0.5727987797869633
ccd_ff_tilt_z = 0.1800546277042624
d_ff_ccd  = -4.8389172737772155
ccd_dec_x = 0.6214045745060203
ccd_dec_y = 5.157140702320628
ccd_defocus = 0.28076693949365034
ccd_tilt_x = 0.004980023464191648
ccd_tilt_y = -0.010985474960670432
ccd_tilt_z = 5.040478480149275e-06
p = 0.0001