slit_dec_x_a = -0.1704010755187174
slit_dec_y_a = -0.1956586180351446
slit_dec_x_b = 0.175
slit_dec_y_b = -1.7914980491917554e-96
slit_defocus = 0.021406888892520338
slit_tilt_x = 1.1139767881721794
slit_tilt_y = -8.538494171736417
slit_tilt_z = -8.991678426246429
d_slit_col = 1594.3099322937146
coll_tilt_x = 0.11318455910180006
coll_tilt_y = -0.028880537399747958
ech_G = 31.613236259976766
ech_blaze = -74.97483053724416
ech_gamma = 1.138971822416634
echelle_z = 0.07476817094734296
d_col_trf = -1588.01723365647
trf_mirror_tilt_x = 0.026250089492810446
trf_mirror_tilt_y = 0.16222122204417735
d_col_grm = -0.004801980542133031
grism_dec_x = 236.42323378661732
grism_dec_y = 0.038129671805638345
grm_tilt_x = -0.014057494598604106
grm_tilt_y = 2.30527814630954
grm_G = 222.82399980623083
grm_apex = 17.791059961715256
d_grm_cam  = 21.609817220299114
cam_dec_x = -0.30952411962265747
cam_dec_y = 0.24734104828393083
cam_tilt_x = -0.011060880064045688
cam_tilt_y = 0.003733793277302084
d_cam_ff  = -160.0575579410498
ccd_ff_dec_x = -0.002601211514563398
ccd_ff_dec_y = 0.0530169888090847
ccd_ff_tilt_x = 0.019541824320713042
ccd_ff_tilt_y = -0.572806849832688
ccd_ff_tilt_z = 0.18005502010938332
d_ff_ccd  = -4.838871186230147
ccd_dec_x = 0.6214062489001875
ccd_dec_y = 5.157147632584209
ccd_defocus = 0.28073592944359477
ccd_tilt_x = 0.0050479498235653526
ccd_tilt_y = -0.010858419945646852
ccd_tilt_z = 5.095283825358046e-06
p = 0.0001