slit_dec_x_a = -0.1704010755187174
slit_dec_y_a = -0.1956586180351446
slit_dec_x_b = 0.175
slit_dec_y_b = -1.8523044199231003e-96
slit_defocus = 0.02137785080416198
slit_tilt_x = 1.1139674538396753
slit_tilt_y = -8.538448174145259
slit_tilt_z = -8.991703593434979
d_slit_col = 1594.3099464812885
coll_tilt_x = 0.11318290916520034
coll_tilt_y = -0.02886407038893549
ech_G = 31.613234664061444
ech_blaze = -74.97482956541054
ech_gamma = 1.1389777180021883
echelle_z = 0.07477460379118495
d_col_trf = -1588.017234512783
trf_mirror_tilt_x = 0.026297669711715467
trf_mirror_tilt_y = 0.1622012542834072
d_col_grm = -0.0048114390715303995
grism_dec_x = 236.42328082695622
grism_dec_y = 0.03813238223872184
grm_tilt_x = -0.014049622032253293
grm_tilt_y = 2.3052809092852926
grm_G = 222.82400055028995
grm_apex = 17.79100580257636
d_grm_cam  = 21.609819048446123
cam_dec_x = -0.3095628948392316
cam_dec_y = 0.24728470259450513
cam_tilt_x = -0.011113343899995317
cam_tilt_y = 0.0037986301039833435
d_cam_ff  = -160.05727910786328
ccd_ff_dec_x = -0.0026023462322781257
ccd_ff_dec_y = 0.05306841997235741
ccd_ff_tilt_x = 0.019498175672977437
ccd_ff_tilt_y = -0.5728077025357509
ccd_ff_tilt_z = 0.18004677181620427
d_ff_ccd  = -4.839034228572739
ccd_dec_x = 0.6214071746815628
ccd_dec_y = 5.157144743815445
ccd_defocus = 0.28070511240082824
ccd_tilt_x = 0.005072642713432685
ccd_tilt_y = -0.01088876671369758
ccd_tilt_z = 5.176475004472045e-06
p = 0.0001