slit_dec_x_a = -0.1704010755187174
slit_dec_y_a = -0.1956586180351446
slit_dec_x_b = 0.175
slit_dec_y_b = -1.8358538259469557e-96
slit_defocus = 0.021355955796818205
slit_tilt_x = 1.1140053528872542
slit_tilt_y = -8.538506365676103
slit_tilt_z = -8.991662644234252
d_slit_col = 1594.3100176577996
coll_tilt_x = 0.11323605375352334
coll_tilt_y = -0.028898458716832748
ech_G = 31.61323463136127
ech_blaze = -74.97483234333008
ech_gamma = 1.1389753532318767
echelle_z = 0.0747727844710034
d_col_trf = -1588.017230423848
trf_mirror_tilt_x = 0.026262944048912846
trf_mirror_tilt_y = 0.16216686747844825
d_col_grm = -0.00485722919918208
grism_dec_x = 236.42332933074414
grism_dec_y = 0.038158052073416625
grm_tilt_x = -0.014057842572704937
grm_tilt_y = 2.305276655867448
grm_G = 222.8240017703383
grm_apex = 17.791074470365356
d_grm_cam  = 21.60982069164447
cam_dec_x = -0.3095075564725693
cam_dec_y = 0.24728496216542184
cam_tilt_x = -0.011021567396789757
cam_tilt_y = 0.0037684563129607757
d_cam_ff  = -160.05726603079438
ccd_ff_dec_x = -0.002599470234113222
ccd_ff_dec_y = 0.05298387216939606
ccd_ff_tilt_x = 0.019554639943974925
ccd_ff_tilt_y = -0.5728032729052215
ccd_ff_tilt_z = 0.18005434958896838
d_ff_ccd  = -4.838876359833739
ccd_dec_x = 0.6213983382105377
ccd_dec_y = 5.157150218449311
ccd_defocus = 0.28075185099615846
ccd_tilt_x = 0.0050196825738378316
ccd_tilt_y = -0.010923963874926595
ccd_tilt_z = 5.068313310692301e-06
p = 0.0001