slit_dec_x_a = -0.1704010755187174
slit_dec_y_a = -0.1956586180351446
slit_dec_x_b = 0.175
slit_dec_y_b = -1.8287454312988498e-96
slit_defocus = 0.021426471409277798
slit_tilt_x = 1.114054291054484
slit_tilt_y = -8.53841827850034
slit_tilt_z = -8.991685079049999
d_slit_col = 1594.30997961769
coll_tilt_x = 0.11315594933123267
coll_tilt_y = -0.02889545816993382
ech_G = 31.61323144615356
ech_blaze = -74.97482991726892
ech_gamma = 1.1389713267067412
echelle_z = 0.07477227738272549
d_col_trf = -1588.017232178324
trf_mirror_tilt_x = 0.02626683664784578
trf_mirror_tilt_y = 0.16219245878989333
d_col_grm = -0.004863453045837768
grism_dec_x = 236.42329527426946
grism_dec_y = 0.03819572256945352
grm_tilt_x = -0.014052562803074518
grm_tilt_y = 2.3052784766526266
grm_G = 222.82400490141663
grm_apex = 17.790986619906217
d_grm_cam  = 21.609815490943785
cam_dec_x = -0.3095707654392252
cam_dec_y = 0.2473095270183528
cam_tilt_x = -0.011111614614807284
cam_tilt_y = 0.003797981732454517
d_cam_ff  = -160.05746381513887
ccd_ff_dec_x = -0.00259715920154375
ccd_ff_dec_y = 0.053049978064709256
ccd_ff_tilt_x = 0.019503386199554613
ccd_ff_tilt_y = -0.5728093874442418
ccd_ff_tilt_z = 0.1800498378939697
d_ff_ccd  = -4.83890034350282
ccd_dec_x = 0.6214052448843782
ccd_dec_y = 5.157149214299833
ccd_defocus = 0.28074573618247817
ccd_tilt_x = 0.005059989224369472
ccd_tilt_y = -0.01095181759912065
ccd_tilt_z = 5.0987097817890694e-06
p = 0.0001