slit_dec_x_a = -0.181778666534
slit_dec_y_a = -0.18243150017
slit_dec_x_b = 0.14512077562974193
slit_dec_y_b = -0.05510809031835813
slit_defocus = -0.013768525175347612
slit_tilt_x = 1.0540271526561238
slit_tilt_y = -8.559956909485882
slit_tilt_z = -9.026910271898458
d_slit_col = 1594.2902455078013
coll_tilt_x = 0.12142792614208506
coll_tilt_y = -0.026479975539343125
ech_G = 31.614563740830278
ech_blaze = -74.99488894725798
ech_gamma = 1.155637441701213
echelle_z = 0.05699864695628439
d_col_trf = -1588.016363715147
trf_mirror_tilt_x = 0.007273623703424364
trf_mirror_tilt_y = 0.1554541970054245
d_col_grm = 0.035675480445876415
grism_dec_x = 236.38318079161738
grism_dec_y = 0.009191841295072969
grm_tilt_x = -0.023503229693547772
grm_tilt_y = 2.3257924614250096
grm_G = 222.78407016060575
grm_apex = 17.766453442983046
d_grm_cam  = 21.60469701646305
cam_dec_x = -0.2710837414199574
cam_dec_y = 0.29083724119217497
cam_tilt_x = 0.012402535507417807
cam_tilt_y = 0.00887626517457087
d_cam_ff  = -160.076964396903
ccd_ff_dec_x = -0.023801069652984123
ccd_ff_dec_y = 0.042058792241092
ccd_ff_tilt_x = 0.03354246608595127
ccd_ff_tilt_y = -0.5909784215143702
ccd_ff_tilt_z = 0.1719197062208263
d_ff_ccd  = -4.815994260564562
ccd_dec_x = 0.5532972057260077
ccd_dec_y = 5.107622984190515
ccd_defocus = 0.2857746679928799
ccd_tilt_x = 0.03259855955259699
ccd_tilt_y = -0.0021644818789863423
ccd_tilt_z = 4.699442537221822e-06
p = 0.0001