slit_dec_x_a = -0.1704010755187174
slit_dec_y_a = -0.1956586180351446
slit_dec_x_b = 0.175
slit_dec_y_b = -1.842427290693081e-96
slit_defocus = 0.02136421734035904
slit_tilt_x = 1.1140111451210752
slit_tilt_y = -8.538424408512212
slit_tilt_z = -8.991673993714297
d_slit_col = 1594.3099852223684
coll_tilt_x = 0.11318920943393011
coll_tilt_y = -0.028897044124034744
ech_G = 31.61322854708791
ech_blaze = -74.97483419092347
ech_gamma = 1.1389815717647724
echelle_z = 0.0747700745721723
d_col_trf = -1588.0172377260901
trf_mirror_tilt_x = 0.026287750267137696
trf_mirror_tilt_y = 0.16220827092151338
d_col_grm = -0.004841519472652451
grism_dec_x = 236.42325898451568
grism_dec_y = 0.03825534002040666
grm_tilt_x = -0.014058017159976231
grm_tilt_y = 2.3052710853993674
grm_G = 222.8240024568683
grm_apex = 17.791031560323557
d_grm_cam  = 21.60981866437562
cam_dec_x = -0.3095793496972767
cam_dec_y = 0.24724727625831117
cam_tilt_x = -0.011079612425320316
cam_tilt_y = 0.003762410288274236
d_cam_ff  = -160.05743632903443
ccd_ff_dec_x = -0.0025987163966659003
ccd_ff_dec_y = 0.05304599269090278
ccd_ff_tilt_x = 0.01950310276566628
ccd_ff_tilt_y = -0.5728031629612965
ccd_ff_tilt_z = 0.18005396573443738
d_ff_ccd  = -4.838912153358405
ccd_dec_x = 0.6214002247975584
ccd_dec_y = 5.157147377956119
ccd_defocus = 0.28073000911237816
ccd_tilt_x = 0.005005287194089743
ccd_tilt_y = -0.010967361923433342
ccd_tilt_z = 5.03400917156654e-06
p = 0.0001