slit_dec_x_a = -0.181778666534
slit_dec_y_a = -0.18243150017
slit_dec_x_b = 0.14512077562974193
slit_dec_y_b = -0.05510809031835813
slit_defocus = -0.01373161165845822
slit_tilt_x = 1.0540992916034724
slit_tilt_y = -8.559956010317785
slit_tilt_z = -9.026872384932334
d_slit_col = 1594.2902803426052
coll_tilt_x = 0.12144193634376622
coll_tilt_y = -0.026509018421385068
ech_G = 31.61456893515996
ech_blaze = -74.99488745993318
ech_gamma = 1.15564635009887
echelle_z = 0.05700710162367563
d_col_trf = -1588.0163635807335
trf_mirror_tilt_x = 0.0073493160714420335
trf_mirror_tilt_y = 0.1554373635157125
d_col_grm = 0.03562193391758409
grism_dec_x = 236.38322179794045
grism_dec_y = 0.00920457217196005
grm_tilt_x = -0.023509187490503767
grm_tilt_y = 2.3257920545346566
grm_G = 222.784068650811
grm_apex = 17.766560449632305
d_grm_cam  = 21.604697108645798
cam_dec_x = -0.27113723060306716
cam_dec_y = 0.290936616139161
cam_tilt_x = 0.012401798686341383
cam_tilt_y = 0.008747497062319906
d_cam_ff  = -160.07675911905375
ccd_ff_dec_x = -0.023806196682783085
ccd_ff_dec_y = 0.04202931374113689
ccd_ff_tilt_x = 0.033434305422844326
ccd_ff_tilt_y = -0.5909773398208028
ccd_ff_tilt_z = 0.1719184462827014
d_ff_ccd  = -4.8160118168435035
ccd_dec_x = 0.553299314994859
ccd_dec_y = 5.10762968358564
ccd_defocus = 0.2857577374320741
ccd_tilt_x = 0.03257495270441931
ccd_tilt_y = -0.002182266969061253
ccd_tilt_z = 4.644844295845389e-06
p = 0.0001