slit_dec_x_a = -0.181778666534
slit_dec_y_a = -0.18243150017
slit_dec_x_b = 0.14512077562974193
slit_dec_y_b = -0.05510809031835813
slit_defocus = -0.013774867376116112
slit_tilt_x = 1.0540772196396402
slit_tilt_y = -8.559903448991184
slit_tilt_z = -9.026847149746214
d_slit_col = 1594.2902374327314
coll_tilt_x = 0.12145182059061536
coll_tilt_y = -0.026439206961091404
ech_G = 31.614565620629623
ech_blaze = -74.99488893116083
ech_gamma = 1.1556416044843856
echelle_z = 0.056999037157876034
d_col_trf = -1588.016360182762
trf_mirror_tilt_x = 0.007330077230093998
trf_mirror_tilt_y = 0.15540527872209095
d_col_grm = 0.03564489013570957
grism_dec_x = 236.38320015443915
grism_dec_y = 0.009255849866556986
grm_tilt_x = -0.023516588421324116
grm_tilt_y = 2.3257921606803147
grm_G = 222.78407188241448
grm_apex = 17.76652513851854
d_grm_cam  = 21.60469743021722
cam_dec_x = -0.2711365397283926
cam_dec_y = 0.29092618326183006
cam_tilt_x = 0.012463651722586263
cam_tilt_y = 0.008871483120848213
d_cam_ff  = -160.07694143974496
ccd_ff_dec_x = -0.023803882130943962
ccd_ff_dec_y = 0.04204227943314783
ccd_ff_tilt_x = 0.03354823640210079
ccd_ff_tilt_y = -0.5909894191529795
ccd_ff_tilt_z = 0.1719118910041079
d_ff_ccd  = -4.815976433202273
ccd_dec_x = 0.5532952511825793
ccd_dec_y = 5.107629950241762
ccd_defocus = 0.2857513143123874
ccd_tilt_x = 0.032579184366878525
ccd_tilt_y = -0.0021694912554080467
ccd_tilt_z = 4.690621301744314e-06
p = 0.0001