slit_dec_x_a = -0.181778666534
slit_dec_y_a = -0.18243150017
slit_dec_x_b = 0.14512077562974193
slit_dec_y_b = -0.05510809031835813
slit_defocus = -0.013861369689384723
slit_tilt_x = 1.0540776510977767
slit_tilt_y = -8.559982000134008
slit_tilt_z = -9.026867776591503
d_slit_col = 1594.2902837273737
coll_tilt_x = 0.12144066639610343
coll_tilt_y = -0.0265092041234255
ech_G = 31.614558988627476
ech_blaze = -74.99489067602744
ech_gamma = 1.1556385023423934
echelle_z = 0.056998271929799664
d_col_trf = -1588.0163725310715
trf_mirror_tilt_x = 0.0073268332815980145
trf_mirror_tilt_y = 0.15541657512642204
d_col_grm = 0.03558613709403101
grism_dec_x = 236.38324305260028
grism_dec_y = 0.009280347060481394
grm_tilt_x = -0.02350717164869969
grm_tilt_y = 2.3257872562917923
grm_G = 222.78407098053836
grm_apex = 17.766532644257595
d_grm_cam  = 21.60469655472363
cam_dec_x = -0.2710633849903239
cam_dec_y = 0.29091794948842936
cam_tilt_x = 0.012399076356585851
cam_tilt_y = 0.00880517758757585
d_cam_ff  = -160.0771887190597
ccd_ff_dec_x = -0.023802187734982248
ccd_ff_dec_y = 0.042083678058638455
ccd_ff_tilt_x = 0.03339983396177647
ccd_ff_tilt_y = -0.5909834231393188
ccd_ff_tilt_z = 0.1719225740383294
d_ff_ccd  = -4.815957089447742
ccd_dec_x = 0.5532966785198402
ccd_dec_y = 5.107633425225941
ccd_defocus = 0.28575109921063885
ccd_tilt_x = 0.03253418815144059
ccd_tilt_y = -0.0022151368450684535
ccd_tilt_z = 4.701089795060029e-06
p = 0.0001