slit_dec_x_a = -0.181778666534
slit_dec_y_a = -0.18243150017
slit_dec_x_b = 0.14512077562974193
slit_dec_y_b = -0.05510809031835813
slit_defocus = -0.013814287942704302
slit_tilt_x = 1.0540466187677724
slit_tilt_y = -8.559992336163827
slit_tilt_z = -9.026822645610626
d_slit_col = 1594.2903457358098
coll_tilt_x = 0.12141658597552875
coll_tilt_y = -0.026536302096814037
ech_G = 31.614563334361943
ech_blaze = -74.99489108589805
ech_gamma = 1.1556364780085162
echelle_z = 0.057006899578586574
d_col_trf = -1588.016359992829
trf_mirror_tilt_x = 0.007232897286849615
trf_mirror_tilt_y = 0.15545210705817225
d_col_grm = 0.03565390047565078
grism_dec_x = 236.38321520404793
grism_dec_y = 0.00914711556236919
grm_tilt_x = -0.023495803122842596
grm_tilt_y = 2.325787767143609
grm_G = 222.78406777774637
grm_apex = 17.766520300236937
d_grm_cam  = 21.604701389096007
cam_dec_x = -0.27111757710177864
cam_dec_y = 0.29093898155279435
cam_tilt_x = 0.012412109943235905
cam_tilt_y = 0.008812911615248782
d_cam_ff  = -160.07704040573037
ccd_ff_dec_x = -0.023802142057411557
ccd_ff_dec_y = 0.04199446793036827
ccd_ff_tilt_x = 0.0335264762285416
ccd_ff_tilt_y = -0.5909871828536497
ccd_ff_tilt_z = 0.17192013006525958
d_ff_ccd  = -4.815949838209148
ccd_dec_x = 0.5532919355265321
ccd_dec_y = 5.1076276965738545
ccd_defocus = 0.28573961161708694
ccd_tilt_x = 0.032632435166470485
ccd_tilt_y = -0.0020825186002255197
ccd_tilt_z = 4.689829239845406e-06
p = 0.0001