slit_dec_x_a = -0.181778666534
slit_dec_y_a = -0.18243150017
slit_dec_x_b = 0.14512077562974193
slit_dec_y_b = -0.05510809031835813
slit_defocus = -0.01380851690934345
slit_tilt_x = 1.0540877317652184
slit_tilt_y = -8.560015036969963
slit_tilt_z = -9.026880401926537
d_slit_col = 1594.2902682624567
coll_tilt_x = 0.12146691482063705
coll_tilt_y = -0.026470563114732205
ech_G = 31.614558941761384
ech_blaze = -74.99488547877263
ech_gamma = 1.155645343016992
echelle_z = 0.057000244182677656
d_col_trf = -1588.0163601342724
trf_mirror_tilt_x = 0.007255488240540687
trf_mirror_tilt_y = 0.15543305832309737
d_col_grm = 0.035618122953546945
grism_dec_x = 236.38322703139028
grism_dec_y = 0.009263880533727141
grm_tilt_x = -0.023505973382420036
grm_tilt_y = 2.3257906234652497
grm_G = 222.7840698634754
grm_apex = 17.766564194516032
d_grm_cam  = 21.604699914245767
cam_dec_x = -0.27113555230735914
cam_dec_y = 0.29091192672084515
cam_tilt_x = 0.012474612886841768
cam_tilt_y = 0.008781162528562921
d_cam_ff  = -160.07713219992803
ccd_ff_dec_x = -0.02380069044344177
ccd_ff_dec_y = 0.04203531197311707
ccd_ff_tilt_x = 0.03349533802649052
ccd_ff_tilt_y = -0.590977700735135
ccd_ff_tilt_z = 0.1719178178125811
d_ff_ccd  = -4.8160280979697925
ccd_dec_x = 0.5532965338252612
ccd_dec_y = 5.107634970483703
ccd_defocus = 0.285786353208417
ccd_tilt_x = 0.03256077181661995
ccd_tilt_y = -0.0021580232566845276
ccd_tilt_z = 4.693279100062906e-06
p = 0.0001