slit_dec_x_a = -0.1704010755187174
slit_dec_y_a = -0.1956586180351446
slit_dec_x_b = 0.175
slit_dec_y_b = -1.7739952123835651e-96
slit_defocus = 0.021420535145738797
slit_tilt_x = 1.114043711468516
slit_tilt_y = -8.538434068997873
slit_tilt_z = -8.991680871056618
d_slit_col = 1594.3100270772186
coll_tilt_x = 0.11324628185623352
coll_tilt_y = -0.02892176059618649
ech_G = 31.61322647862486
ech_blaze = -74.97482943154205
ech_gamma = 1.138978660158737
echelle_z = 0.07476596427273918
d_col_trf = -1588.017233068095
trf_mirror_tilt_x = 0.02624722739629654
trf_mirror_tilt_y = 0.16222228935852015
d_col_grm = -0.004835238194784529
grism_dec_x = 236.423332538267
grism_dec_y = 0.03817551860928654
grm_tilt_x = -0.014052221508853746
grm_tilt_y = 2.305279981913193
grm_G = 222.8240035247537
grm_apex = 17.791009039362418
d_grm_cam  = 21.609820671397603
cam_dec_x = -0.3096103740926172
cam_dec_y = 0.24730888038626586
cam_tilt_x = -0.011037852519255268
cam_tilt_y = 0.003718365767999084
d_cam_ff  = -160.05735608761495
ccd_ff_dec_x = -0.0025931003562196173
ccd_ff_dec_y = 0.05302542622512136
ccd_ff_tilt_x = 0.019604922236521764
ccd_ff_tilt_y = -0.5728038963023068
ccd_ff_tilt_z = 0.18005174686056113
d_ff_ccd  = -4.838903932717577
ccd_dec_x = 0.6214032808473967
ccd_dec_y = 5.157146872007688
ccd_defocus = 0.2807301989742631
ccd_tilt_x = 0.0049868252638620115
ccd_tilt_y = -0.010898299090368227
ccd_tilt_z = 5.06795959497021e-06
p = 0.0001