slit_dec_x_a = -0.1704010755187174
slit_dec_y_a = -0.1956586180351446
slit_dec_x_b = 0.175
slit_dec_y_b = -1.9011880451888266e-96
slit_defocus = 0.021340463933620137
slit_tilt_x = 1.1139443010543024
slit_tilt_y = -8.538445572445749
slit_tilt_z = -8.991676613113599
d_slit_col = 1594.3099476471914
coll_tilt_x = 0.11324184163826163
coll_tilt_y = -0.028865754676293643
ech_G = 31.613236816232927
ech_blaze = -74.9748317715604
ech_gamma = 1.1389757231936852
echelle_z = 0.07477090328928256
d_col_trf = -1588.0172336520995
trf_mirror_tilt_x = 0.026207538780549988
trf_mirror_tilt_y = 0.16223624535515524
d_col_grm = -0.0048223851456587995
grism_dec_x = 236.4232849494945
grism_dec_y = 0.038138313065708904
grm_tilt_x = -0.014046591747259259
grm_tilt_y = 2.3052789677314878
grm_G = 222.8239978368264
grm_apex = 17.791040460514008
d_grm_cam  = 21.609812027164203
cam_dec_x = -0.30957235332424465
cam_dec_y = 0.24733532212886822
cam_tilt_x = -0.011036039579533138
cam_tilt_y = 0.0038254909247052754
d_cam_ff  = -160.0574886117907
ccd_ff_dec_x = -0.0026059122584591154
ccd_ff_dec_y = 0.05302194624092966
ccd_ff_tilt_x = 0.019526792429331648
ccd_ff_tilt_y = -0.572804147329559
ccd_ff_tilt_z = 0.18005071862700694
d_ff_ccd  = -4.838971556319922
ccd_dec_x = 0.6214103886967497
ccd_dec_y = 5.157152788115368
ccd_defocus = 0.28073466167660643
ccd_tilt_x = 0.005029489504828015
ccd_tilt_y = -0.010922976949309887
ccd_tilt_z = 5.083425272205946e-06
p = 0.0001