slit_dec_x_a = -0.181778666534
slit_dec_y_a = -0.18243150017
slit_dec_x_b = 0.14512077562974193
slit_dec_y_b = -0.05510809031835813
slit_defocus = -0.013848190582344088
slit_tilt_x = 1.0540639305025912
slit_tilt_y = -8.55998111179729
slit_tilt_z = -9.026913031289796
d_slit_col = 1594.2903250132551
coll_tilt_x = 0.1214280122612739
coll_tilt_y = -0.026383094299810204
ech_G = 31.614555855791203
ech_blaze = -74.99488781276408
ech_gamma = 1.1556279718735227
echelle_z = 0.057005135049778236
d_col_trf = -1588.0163707735367
trf_mirror_tilt_x = 0.007296626235555052
trf_mirror_tilt_y = 0.15549003827900368
d_col_grm = 0.03559536818697422
grism_dec_x = 236.38325042847933
grism_dec_y = 0.009138741411348156
grm_tilt_x = -0.023507466311421463
grm_tilt_y = 2.325796958823377
grm_G = 222.7840700623805
grm_apex = 17.766523983205097
d_grm_cam  = 21.604703484800016
cam_dec_x = -0.2711222427248192
cam_dec_y = 0.29091041689339414
cam_tilt_x = 0.012473559463607288
cam_tilt_y = 0.00886199387417635
d_cam_ff  = -160.0770610361563
ccd_ff_dec_x = -0.02380184678787669
ccd_ff_dec_y = 0.04203444433055361
ccd_ff_tilt_x = 0.03349967821969924
ccd_ff_tilt_y = -0.5909797911150716
ccd_ff_tilt_z = 0.17192237805187147
d_ff_ccd  = -4.8160117631724475
ccd_dec_x = 0.5533006023224615
ccd_dec_y = 5.107629629953218
ccd_defocus = 0.28577758097278205
ccd_tilt_x = 0.03256706309025724
ccd_tilt_y = -0.002186769787593073
ccd_tilt_z = 4.666833262365159e-06
p = 0.0001