slit_dec_x_a = -0.181778666534
slit_dec_y_a = -0.18243150017
slit_dec_x_b = 0.14512077562974193
slit_dec_y_b = -0.05510809031835813
slit_defocus = -0.013822106386202605
slit_tilt_x = 1.0540876982402405
slit_tilt_y = -8.559979576248194
slit_tilt_z = -9.026892495266761
d_slit_col = 1594.2902835508978
coll_tilt_x = 0.12142987096273661
coll_tilt_y = -0.026457696802428883
ech_G = 31.614562735892903
ech_blaze = -74.99489052020225
ech_gamma = 1.1556385195704444
echelle_z = 0.057006181972074924
d_col_trf = -1588.0163678491786
trf_mirror_tilt_x = 0.007258742587335689
trf_mirror_tilt_y = 0.15549484168960553
d_col_grm = 0.035594660932898994
grism_dec_x = 236.38318499926808
grism_dec_y = 0.009238093397608572
grm_tilt_x = -0.023508332279106595
grm_tilt_y = 2.3257958934541034
grm_G = 222.78406988158653
grm_apex = 17.766532459956867
d_grm_cam  = 21.604698518027327
cam_dec_x = -0.27109306515343334
cam_dec_y = 0.29088489755176394
cam_tilt_x = 0.012488216521913396
cam_tilt_y = 0.008862569477888667
d_cam_ff  = -160.0774146071836
ccd_ff_dec_x = -0.02379886723638684
ccd_ff_dec_y = 0.04212973843199077
ccd_ff_tilt_x = 0.03355087567596138
ccd_ff_tilt_y = -0.5909827167446532
ccd_ff_tilt_z = 0.17191981516901175
d_ff_ccd  = -4.816023433313523
ccd_dec_x = 0.5533039248890178
ccd_dec_y = 5.107633081499943
ccd_defocus = 0.28575564869214154
ccd_tilt_x = 0.03253094743015724
ccd_tilt_y = -0.002142203444145372
ccd_tilt_z = 4.658571751549183e-06
p = 0.0001