slit_dec_x_a = -0.1704010755187174
slit_dec_y_a = -0.1956586180351446
slit_dec_x_b = 0.175
slit_dec_y_b = -1.8461150455080862e-96
slit_defocus = 0.02143379007547226
slit_tilt_x = 1.114007393996586
slit_tilt_y = -8.538420286754688
slit_tilt_z = -8.991619060666787
d_slit_col = 1594.3099039497808
coll_tilt_x = 0.11318747219419288
coll_tilt_y = -0.028948454535924564
ech_G = 31.61322744200409
ech_blaze = -74.97482903918889
ech_gamma = 1.1389745561417903
echelle_z = 0.0747721432059393
d_col_trf = -1588.017231069734
trf_mirror_tilt_x = 0.02628793355685802
trf_mirror_tilt_y = 0.16218261909053194
d_col_grm = -0.004798240711712319
grism_dec_x = 236.42327710128237
grism_dec_y = 0.03820555157998347
grm_tilt_x = -0.01405557281701044
grm_tilt_y = 2.3052737485393084
grm_G = 222.824005708021
grm_apex = 17.791047775937933
d_grm_cam  = 21.609822796734605
cam_dec_x = -0.30960058880137087
cam_dec_y = 0.24733287747530225
cam_tilt_x = -0.011084408284600377
cam_tilt_y = 0.003723144035514702
d_cam_ff  = -160.05739221532855
ccd_ff_dec_x = -0.0026013682708939025
ccd_ff_dec_y = 0.05308033356429532
ccd_ff_tilt_x = 0.019465588473525662
ccd_ff_tilt_y = -0.5728010454036577
ccd_ff_tilt_z = 0.1800541467326262
d_ff_ccd  = -4.83896433416022
ccd_dec_x = 0.6214084732431989
ccd_dec_y = 5.157143330560792
ccd_defocus = 0.28069189704542535
ccd_tilt_x = 0.005067032621477896
ccd_tilt_y = -0.01089424729726167
ccd_tilt_z = 5.031004970012729e-06
p = 0.0001