slit_dec_x_a = -0.181778666534
slit_dec_y_a = -0.18243150017
slit_dec_x_b = 0.14512077562974193
slit_dec_y_b = -0.05510809031835813
slit_defocus = -0.013789960370331464
slit_tilt_x = 1.054116100095596
slit_tilt_y = -8.559976390909421
slit_tilt_z = -9.026835969546172
d_slit_col = 1594.290262460081
coll_tilt_x = 0.12140747011246349
coll_tilt_y = -0.02648433955939325
ech_G = 31.614568186262805
ech_blaze = -74.9948958893014
ech_gamma = 1.155647540345734
echelle_z = 0.05700597343517358
d_col_trf = -1588.016365823456
trf_mirror_tilt_x = 0.0072828713838448645
trf_mirror_tilt_y = 0.15544742357233424
d_col_grm = 0.035720069310820134
grism_dec_x = 236.3832329327223
grism_dec_y = 0.009247538733705351
grm_tilt_x = -0.023516119631722756
grm_tilt_y = 2.325787756166354
grm_G = 222.78406707669888
grm_apex = 17.76652423693453
d_grm_cam  = 21.604705074594786
cam_dec_x = -0.27113808208940127
cam_dec_y = 0.29089673680498285
cam_tilt_x = 0.012394793450925652
cam_tilt_y = 0.00886408762291628
d_cam_ff  = -160.07705565935714
ccd_ff_dec_x = -0.023802369967306353
ccd_ff_dec_y = 0.04209111192540518
ccd_ff_tilt_x = 0.03354064557438095
ccd_ff_tilt_y = -0.5909780321603403
ccd_ff_tilt_z = 0.17191423890740234
d_ff_ccd  = -4.816008879847735
ccd_dec_x = 0.5532959270566264
ccd_dec_y = 5.107633458094715
ccd_defocus = 0.2857836722407017
ccd_tilt_x = 0.03258397354476952
ccd_tilt_y = -0.0021103628062766823
ccd_tilt_z = 4.669818958417573e-06
p = 0.0001