slit_dec_x_a = -0.1704010755187174
slit_dec_y_a = -0.1956586180351446
slit_dec_x_b = 0.175
slit_dec_y_b = -1.8007929038928494e-96
slit_defocus = 0.02130779460815254
slit_tilt_x = 1.1140559776231043
slit_tilt_y = -8.538503776990515
slit_tilt_z = -8.991656608067064
d_slit_col = 1594.3099620030848
coll_tilt_x = 0.1132049424118563
coll_tilt_y = -0.028914928290047767
ech_G = 31.613232441835677
ech_blaze = -74.97483561852903
ech_gamma = 1.1389710759875757
echelle_z = 0.0747723559010077
d_col_trf = -1588.0172368034082
trf_mirror_tilt_x = 0.026261664035410658
trf_mirror_tilt_y = 0.1621659934677396
d_col_grm = -0.004820483434634576
grism_dec_x = 236.423345180904
grism_dec_y = 0.038229705559328
grm_tilt_x = -0.014053660873524384
grm_tilt_y = 2.305280734461594
grm_G = 222.8240028655038
grm_apex = 17.79097838913192
d_grm_cam  = 21.609818023098576
cam_dec_x = -0.3095011532082836
cam_dec_y = 0.24730981383392572
cam_tilt_x = -0.011083362214657451
cam_tilt_y = 0.0037512045506740044
d_cam_ff  = -160.05739332563135
ccd_ff_dec_x = -0.002601280097840325
ccd_ff_dec_y = 0.05311660390449401
ccd_ff_tilt_x = 0.01955819136220751
ccd_ff_tilt_y = -0.5728086537056586
ccd_ff_tilt_z = 0.18005038671513127
d_ff_ccd  = -4.83896377802842
ccd_dec_x = 0.621402959928928
ccd_dec_y = 5.157148020741699
ccd_defocus = 0.28073962010328796
ccd_tilt_x = 0.005015227380258294
ccd_tilt_y = -0.010914747468650475
ccd_tilt_z = 5.017826765252538e-06
p = 0.0001