slit_dec_x_a = -0.181778666534
slit_dec_y_a = -0.18243150017
slit_dec_x_b = 0.14512077562974193
slit_dec_y_b = -0.05510809031835813
slit_defocus = -0.013789058501053175
slit_tilt_x = 1.054051480103573
slit_tilt_y = -8.55994332189802
slit_tilt_z = -9.026910270784855
d_slit_col = 1594.290364570965
coll_tilt_x = 0.12144659030841924
coll_tilt_y = -0.026494997256086443
ech_G = 31.614556539796922
ech_blaze = -74.99488914395931
ech_gamma = 1.1556355331708985
echelle_z = 0.05700003159482726
d_col_trf = -1588.016362216446
trf_mirror_tilt_x = 0.007279587900872617
trf_mirror_tilt_y = 0.15547154298328342
d_col_grm = 0.03566186541568601
grism_dec_x = 236.38321186493076
grism_dec_y = 0.009269025703993827
grm_tilt_x = -0.023504262577769875
grm_tilt_y = 2.3257894396651437
grm_G = 222.7840673840836
grm_apex = 17.766536604680056
d_grm_cam  = 21.604704038714136
cam_dec_x = -0.2710982302704785
cam_dec_y = 0.29091091210814574
cam_tilt_x = 0.01243485656294615
cam_tilt_y = 0.00878381738137781
d_cam_ff  = -160.07708232494008
ccd_ff_dec_x = -0.023806511709941733
ccd_ff_dec_y = 0.042054029504520606
ccd_ff_tilt_x = 0.03347514534199322
ccd_ff_tilt_y = -0.5909745554146
ccd_ff_tilt_z = 0.1719148334606162
d_ff_ccd  = -4.815974478520435
ccd_dec_x = 0.553296893820885
ccd_dec_y = 5.107639149916548
ccd_defocus = 0.28573947957748885
ccd_tilt_x = 0.0325756510577164
ccd_tilt_y = -0.0021051393531796286
ccd_tilt_z = 4.690627731586641e-06
p = 0.0001