slit_dec_x_a = -0.181778666534
slit_dec_y_a = -0.18243150017
slit_dec_x_b = 0.14512077562974193
slit_dec_y_b = -0.05510809031835813
slit_defocus = -0.013767610879406452
slit_tilt_x = 1.0540869557478358
slit_tilt_y = -8.559974543716582
slit_tilt_z = -9.026909700663538
d_slit_col = 1594.2902628188795
coll_tilt_x = 0.12146664185634858
coll_tilt_y = -0.026378105664678193
ech_G = 31.614561689113028
ech_blaze = -74.99488618749056
ech_gamma = 1.1556493399936925
echelle_z = 0.05700286540958515
d_col_trf = -1588.016367701443
trf_mirror_tilt_x = 0.007322032262428427
trf_mirror_tilt_y = 0.15540734587235458
d_col_grm = 0.03564190693335829
grism_dec_x = 236.38322490762314
grism_dec_y = 0.009178438470488114
grm_tilt_x = -0.023504235555903533
grm_tilt_y = 2.325788993666255
grm_G = 222.78407401151847
grm_apex = 17.7665042234851
d_grm_cam  = 21.60469145757689
cam_dec_x = -0.2711705270511464
cam_dec_y = 0.29093281501520263
cam_tilt_x = 0.0124442039674442
cam_tilt_y = 0.008833325811140585
d_cam_ff  = -160.07712389200222
ccd_ff_dec_x = -0.023802504515698653
ccd_ff_dec_y = 0.04205308285442335
ccd_ff_tilt_x = 0.03349851324397024
ccd_ff_tilt_y = -0.5909840064136257
ccd_ff_tilt_z = 0.1719225369941622
d_ff_ccd  = -4.816098702309787
ccd_dec_x = 0.5532940524387508
ccd_dec_y = 5.107632846708447
ccd_defocus = 0.28577367377582163
ccd_tilt_x = 0.03264375987486043
ccd_tilt_y = -0.0021064254162701935
ccd_tilt_z = 4.6959704243187985e-06
p = 0.0001