slit_dec_x_a = -0.1704010755187174
slit_dec_y_a = -0.1956586180351446
slit_dec_x_b = 0.175
slit_dec_y_b = -1.8319976956074323e-96
slit_defocus = 0.021371468564142283
slit_tilt_x = 1.1139909303501128
slit_tilt_y = -8.538453732243125
slit_tilt_z = -8.991632674657469
d_slit_col = 1594.3099661025606
coll_tilt_x = 0.11318562733459651
coll_tilt_y = -0.02890994297726308
ech_G = 31.613228151264376
ech_blaze = -74.97483815602833
ech_gamma = 1.1389688960025848
echelle_z = 0.07477583994006998
d_col_trf = -1588.0172375638876
trf_mirror_tilt_x = 0.026294591120657226
trf_mirror_tilt_y = 0.1622725246203509
d_col_grm = -0.0047855130374036756
grism_dec_x = 236.4233235070948
grism_dec_y = 0.03815560868782597
grm_tilt_x = -0.014054034621384166
grm_tilt_y = 2.3052787408184696
grm_G = 222.8240054904069
grm_apex = 17.791041040914944
d_grm_cam  = 21.609818919566223
cam_dec_x = -0.30957465473944085
cam_dec_y = 0.24723846796919405
cam_tilt_x = -0.01109054417272543
cam_tilt_y = 0.0037378911763779393
d_cam_ff  = -160.05734038293977
ccd_ff_dec_x = -0.002609517536947567
ccd_ff_dec_y = 0.05302406165875283
ccd_ff_tilt_x = 0.01954303556297202
ccd_ff_tilt_y = -0.5728058035448488
ccd_ff_tilt_z = 0.18005437297278126
d_ff_ccd  = -4.8389409749462216
ccd_dec_x = 0.621404937939009
ccd_dec_y = 5.1571448903855845
ccd_defocus = 0.2807923419463812
ccd_tilt_x = 0.005037299193393735
ccd_tilt_y = -0.010885667817333163
ccd_tilt_z = 5.052473958051287e-06
p = 0.0001