slit_dec_x_a = -0.1704010755187174
slit_dec_y_a = -0.1956586180351446
slit_dec_x_b = 0.175
slit_dec_y_b = -1.8074251198956403e-96
slit_defocus = 0.021399066381475124
slit_tilt_x = 1.1140298588025301
slit_tilt_y = -8.538404517307223
slit_tilt_z = -8.991630987274288
d_slit_col = 1594.3099493076254
coll_tilt_x = 0.1132331759402108
coll_tilt_y = -0.02885514388529449
ech_G = 31.613224336087818
ech_blaze = -74.97482642024107
ech_gamma = 1.1389766050572943
echelle_z = 0.07477630151075448
d_col_trf = -1588.0172304015582
trf_mirror_tilt_x = 0.026329385329104484
trf_mirror_tilt_y = 0.16220908146282254
d_col_grm = -0.004841367831747493
grism_dec_x = 236.42329415149825
grism_dec_y = 0.03821789870164355
grm_tilt_x = -0.014050873210303658
grm_tilt_y = 2.305280303619294
grm_G = 222.82400462860124
grm_apex = 17.791017020814593
d_grm_cam  = 21.60981554682946
cam_dec_x = -0.3095123584047293
cam_dec_y = 0.24729129263986963
cam_tilt_x = -0.010993140878114656
cam_tilt_y = 0.0037425281914572357
d_cam_ff  = -160.05724937905646
ccd_ff_dec_x = -0.0025974231643406055
ccd_ff_dec_y = 0.05310020878265352
ccd_ff_tilt_x = 0.019468208874758454
ccd_ff_tilt_y = -0.5728089442204899
ccd_ff_tilt_z = 0.18005372440347447
d_ff_ccd  = -4.838915084242909
ccd_dec_x = 0.621400259662242
ccd_dec_y = 5.157147750384022
ccd_defocus = 0.28076883790883583
ccd_tilt_x = 0.00502755815741133
ccd_tilt_y = -0.010887026400522427
ccd_tilt_z = 5.075058383440102e-06
p = 0.0001