slit_dec_x_a = -0.1704010755187174
slit_dec_y_a = -0.1956586180351446
slit_dec_x_b = 0.175
slit_dec_y_b = -1.8569076651789312e-96
slit_defocus = 0.021371732018207055
slit_tilt_x = 1.1140598833942044
slit_tilt_y = -8.538435468021122
slit_tilt_z = -8.991606636667479
d_slit_col = 1594.3099458033169
coll_tilt_x = 0.11319483921327804
coll_tilt_y = -0.0288488232726412
ech_G = 31.61323064377939
ech_blaze = -74.97483046010714
ech_gamma = 1.1389785439426248
echelle_z = 0.07476947631074202
d_col_trf = -1588.0172279170265
trf_mirror_tilt_x = 0.026262870569081904
trf_mirror_tilt_y = 0.16222770167909176
d_col_grm = -0.004838305040592757
grism_dec_x = 236.4233172821758
grism_dec_y = 0.038149146320430274
grm_tilt_x = -0.014054735715450885
grm_tilt_y = 2.3052820106923426
grm_G = 222.8239974123644
grm_apex = 17.7910155095716
d_grm_cam  = 21.609818659062725
cam_dec_x = -0.30952902734427734
cam_dec_y = 0.24724610580388803
cam_tilt_x = -0.011088169485753136
cam_tilt_y = 0.003779864306648934
d_cam_ff  = -160.0576239479092
ccd_ff_dec_x = -0.002592757274946933
ccd_ff_dec_y = 0.053040577528971324
ccd_ff_tilt_x = 0.019559552827188558
ccd_ff_tilt_y = -0.5728008742397187
ccd_ff_tilt_z = 0.18005679979725564
d_ff_ccd  = -4.838953559253742
ccd_dec_x = 0.6213998669358795
ccd_dec_y = 5.157150218308707
ccd_defocus = 0.28066079419913154
ccd_tilt_x = 0.0050472332634110125
ccd_tilt_y = -0.010906407073662673
ccd_tilt_z = 5.0718621592454915e-06
p = 0.0001