slit_dec_x_a = -0.181778666534
slit_dec_y_a = -0.18243150017
slit_dec_x_b = 0.14512077562974193
slit_dec_y_b = -0.05510809031835813
slit_defocus = -0.013823327532276688
slit_tilt_x = 1.0541209550709834
slit_tilt_y = -8.559913466528952
slit_tilt_z = -9.026918673847304
d_slit_col = 1594.290326898544
coll_tilt_x = 0.12141226948793102
coll_tilt_y = -0.026483187837058362
ech_G = 31.614564737605534
ech_blaze = -74.99488775027471
ech_gamma = 1.155641399833199
echelle_z = 0.056995869516281404
d_col_trf = -1588.016363789806
trf_mirror_tilt_x = 0.0073127222301950755
trf_mirror_tilt_y = 0.1553726253867021
d_col_grm = 0.03561455155770565
grism_dec_x = 236.38322664180214
grism_dec_y = 0.009271925751404881
grm_tilt_x = -0.023506106496488332
grm_tilt_y = 2.3257905307533107
grm_G = 222.7840730690105
grm_apex = 17.766509210890653
d_grm_cam  = 21.604701763871464
cam_dec_x = -0.2711088724733033
cam_dec_y = 0.290892506665766
cam_tilt_x = 0.012430264142426095
cam_tilt_y = 0.008808953786176205
d_cam_ff  = -160.07703454978872
ccd_ff_dec_x = -0.0238040955318331
ccd_ff_dec_y = 0.04206794140170122
ccd_ff_tilt_x = 0.03349118723761429
ccd_ff_tilt_y = -0.5909792256048734
ccd_ff_tilt_z = 0.17192171141635687
d_ff_ccd  = -4.815984664666911
ccd_dec_x = 0.5532998257934298
ccd_dec_y = 5.107628292708762
ccd_defocus = 0.2857510093762864
ccd_tilt_x = 0.03260100446091934
ccd_tilt_y = -0.002108854194463759
ccd_tilt_z = 4.660081024381429e-06
p = 0.0001