slit_dec_x_a = -0.1704010755187174
slit_dec_y_a = -0.1956586180351446
slit_dec_x_b = 0.175
slit_dec_y_b = -1.7671401182982957e-96
slit_defocus = 0.0214677136641129
slit_tilt_x = 1.1140591963907602
slit_tilt_y = -8.538401942207138
slit_tilt_z = -8.991641484278562
d_slit_col = 1594.309918473332
coll_tilt_x = 0.11317406263794891
coll_tilt_y = -0.028964878039884404
ech_G = 31.61323507666608
ech_blaze = -74.9748330625417
ech_gamma = 1.1389741052901179
echelle_z = 0.07476807436927671
d_col_trf = -1588.017230265147
trf_mirror_tilt_x = 0.02632429191230249
trf_mirror_tilt_y = 0.16221981169718477
d_col_grm = -0.004862041174588892
grism_dec_x = 236.42333962380317
grism_dec_y = 0.03814104835388175
grm_tilt_x = -0.014053102167900122
grm_tilt_y = 2.305276858437164
grm_G = 222.82400153205293
grm_apex = 17.790945272894106
d_grm_cam  = 21.609821541080212
cam_dec_x = -0.30953217832109176
cam_dec_y = 0.24732849613131064
cam_tilt_x = -0.011129665967951358
cam_tilt_y = 0.0038249482954738306
d_cam_ff  = -160.057278277508
ccd_ff_dec_x = -0.002608790497957802
ccd_ff_dec_y = 0.05309194954645743
ccd_ff_tilt_x = 0.019500539803986017
ccd_ff_tilt_y = -0.5727985318956887
ccd_ff_tilt_z = 0.18004503145823178
d_ff_ccd  = -4.838930641393207
ccd_dec_x = 0.6214169733353544
ccd_dec_y = 5.157147538953267
ccd_defocus = 0.2807374219674615
ccd_tilt_x = 0.00503231032972742
ccd_tilt_y = -0.010926089262040285
ccd_tilt_z = 5.0613448393373926e-06
p = 0.0001