slit_dec_x_a = -0.1704010755187174
slit_dec_y_a = -0.1956586180351446
slit_dec_x_b = 0.175
slit_dec_y_b = -1.8175523058066256e-96
slit_defocus = 0.021386008319276284
slit_tilt_x = 1.1140190216718278
slit_tilt_y = -8.538472766727407
slit_tilt_z = -8.991619264950396
d_slit_col = 1594.3099538413605
coll_tilt_x = 0.11318485348637504
coll_tilt_y = -0.02895333615548077
ech_G = 31.613222519920363
ech_blaze = -74.97483785961064
ech_gamma = 1.13897558195368
echelle_z = 0.07477724352647779
d_col_trf = -1588.017232035063
trf_mirror_tilt_x = 0.026317000025716505
trf_mirror_tilt_y = 0.16220992486467167
d_col_grm = -0.0048981465233116405
grism_dec_x = 236.42336015493953
grism_dec_y = 0.03812623983696015
grm_tilt_x = -0.014051767113436793
grm_tilt_y = 2.3052814479712316
grm_G = 222.8240059922351
grm_apex = 17.79106754973395
d_grm_cam  = 21.6098184331395
cam_dec_x = -0.30954117677369175
cam_dec_y = 0.24732619045656146
cam_tilt_x = -0.011025703634505108
cam_tilt_y = 0.003849170692403244
d_cam_ff  = -160.05743045312
ccd_ff_dec_x = -0.002603613022166257
ccd_ff_dec_y = 0.053065489208191485
ccd_ff_tilt_x = 0.019556389630402113
ccd_ff_tilt_y = -0.5728006565143415
ccd_ff_tilt_z = 0.18005106364144732
d_ff_ccd  = -4.838919590353782
ccd_dec_x = 0.6214059157702776
ccd_dec_y = 5.1571455618654385
ccd_defocus = 0.2807313035778586
ccd_tilt_x = 0.0050261401462335315
ccd_tilt_y = -0.011000876419027935
ccd_tilt_z = 5.072448070382049e-06
p = 0.0001