slit_dec_x_a = -0.181778666534
slit_dec_y_a = -0.18243150017
slit_dec_x_b = 0.14512077562974193
slit_dec_y_b = -0.05510809031835813
slit_defocus = -0.013800021778993664
slit_tilt_x = 1.0541308517762944
slit_tilt_y = -8.559935407190705
slit_tilt_z = -9.026923035355749
d_slit_col = 1594.2903128898772
coll_tilt_x = 0.12143587216378374
coll_tilt_y = -0.026480877537220355
ech_G = 31.614560610007008
ech_blaze = -74.99489098232087
ech_gamma = 1.1556471512220152
echelle_z = 0.057004078238961815
d_col_trf = -1588.0163632802821
trf_mirror_tilt_x = 0.0072607277823718746
trf_mirror_tilt_y = 0.1554673144115737
d_col_grm = 0.03562258990620214
grism_dec_x = 236.38322477055848
grism_dec_y = 0.009188736126943556
grm_tilt_x = -0.02350975146720057
grm_tilt_y = 2.3257863163093457
grm_G = 222.78406987627383
grm_apex = 17.76652301454871
d_grm_cam  = 21.604702082220136
cam_dec_x = -0.2711318194454828
cam_dec_y = 0.29096500062579295
cam_tilt_x = 0.012400476478951719
cam_tilt_y = 0.008821407374918416
d_cam_ff  = -160.07701426616643
ccd_ff_dec_x = -0.023795930684992823
ccd_ff_dec_y = 0.04199570887820182
ccd_ff_tilt_x = 0.03356564375809913
ccd_ff_tilt_y = -0.5909786773284016
ccd_ff_tilt_z = 0.17191788586792758
d_ff_ccd  = -4.815940341100869
ccd_dec_x = 0.5533057843307929
ccd_dec_y = 5.10763180869655
ccd_defocus = 0.2857716433347036
ccd_tilt_x = 0.03257782146945291
ccd_tilt_y = -0.002143410167160011
ccd_tilt_z = 4.691997933313353e-06
p = 0.0001