slit_dec_x_a = -0.181778666534
slit_dec_y_a = -0.18243150017
slit_dec_x_b = 0.14512077562974193
slit_dec_y_b = -0.05510809031835813
slit_defocus = -0.013776000761841638
slit_tilt_x = 1.0540164460874617
slit_tilt_y = -8.559909218772242
slit_tilt_z = -9.026918828896283
d_slit_col = 1594.290340083676
coll_tilt_x = 0.121465731889156
coll_tilt_y = -0.026470285918375722
ech_G = 31.61456999351694
ech_blaze = -74.99488899017206
ech_gamma = 1.1556360791302356
echelle_z = 0.05699888079235026
d_col_trf = -1588.0163683235749
trf_mirror_tilt_x = 0.007305314589212097
trf_mirror_tilt_y = 0.15547732640649597
d_col_grm = 0.035696856680630794
grism_dec_x = 236.38315837108107
grism_dec_y = 0.009253748884042118
grm_tilt_x = -0.023506433735438436
grm_tilt_y = 2.325786958147207
grm_G = 222.78406744459275
grm_apex = 17.766525518802748
d_grm_cam  = 21.604697584471733
cam_dec_x = -0.27107631202124677
cam_dec_y = 0.2909269415004639
cam_tilt_x = 0.012425348561204865
cam_tilt_y = 0.008855540473011585
d_cam_ff  = -160.0770074861836
ccd_ff_dec_x = -0.023797985122723842
ccd_ff_dec_y = 0.04201857707277855
ccd_ff_tilt_x = 0.03346570083173788
ccd_ff_tilt_y = -0.590983681208788
ccd_ff_tilt_z = 0.1719166713875076
d_ff_ccd  = -4.816013696603451
ccd_dec_x = 0.5532996902790335
ccd_dec_y = 5.107632212933801
ccd_defocus = 0.28577961014893527
ccd_tilt_x = 0.03258690656429334
ccd_tilt_y = -0.0020864796103249247
ccd_tilt_z = 4.713201352821325e-06
p = 0.0001