slit_dec_x_a = -0.181778666534
slit_dec_y_a = -0.18243150017
slit_dec_x_b = 0.14512077562974193
slit_dec_y_b = -0.05510809031835813
slit_defocus = -0.013773016895920627
slit_tilt_x = 1.054040678725725
slit_tilt_y = -8.559949767100461
slit_tilt_z = -9.02686514058268
d_slit_col = 1594.29025335026
coll_tilt_x = 0.1214620824944001
coll_tilt_y = -0.02648143385103313
ech_G = 31.61456874160562
ech_blaze = -74.99488205008869
ech_gamma = 1.1556438589911682
echelle_z = 0.05700640065570302
d_col_trf = -1588.0163627883776
trf_mirror_tilt_x = 0.007303460808904451
trf_mirror_tilt_y = 0.155413651678925
d_col_grm = 0.03560612168004568
grism_dec_x = 236.38317185928884
grism_dec_y = 0.009273584666031067
grm_tilt_x = -0.023502663627723946
grm_tilt_y = 2.325782773078267
grm_G = 222.7840713983429
grm_apex = 17.766518283327418
d_grm_cam  = 21.60469516635382
cam_dec_x = -0.2711717531099023
cam_dec_y = 0.2908749358450858
cam_tilt_x = 0.012426904342744642
cam_tilt_y = 0.008852523203773438
d_cam_ff  = -160.07698556330465
ccd_ff_dec_x = -0.023808527051270293
ccd_ff_dec_y = 0.042064179173915583
ccd_ff_tilt_x = 0.03353043112688913
ccd_ff_tilt_y = -0.5909804729650928
ccd_ff_tilt_z = 0.17191913924215338
d_ff_ccd  = -4.816003018869774
ccd_dec_x = 0.5532951800477485
ccd_dec_y = 5.107631023744857
ccd_defocus = 0.2857451723502027
ccd_tilt_x = 0.03257419600806283
ccd_tilt_y = -0.0021533391039450494
ccd_tilt_z = 4.635978616432641e-06
p = 0.0001