slit_dec_x_a = -0.181778666534
slit_dec_y_a = -0.18243150017
slit_dec_x_b = 0.14512077562974193
slit_dec_y_b = -0.05510809031835813
slit_defocus = -0.013841456668879924
slit_tilt_x = 1.0541336783783821
slit_tilt_y = -8.559951829651702
slit_tilt_z = -9.026945638722625
d_slit_col = 1594.2902687525493
coll_tilt_x = 0.12146467591885005
coll_tilt_y = -0.02651116373666131
ech_G = 31.61455920170533
ech_blaze = -74.99489247953944
ech_gamma = 1.1556358885680227
echelle_z = 0.05699868744494225
d_col_trf = -1588.016365725271
trf_mirror_tilt_x = 0.007257607154049177
trf_mirror_tilt_y = 0.15546875635106558
d_col_grm = 0.035659256152921474
grism_dec_x = 236.38325669564264
grism_dec_y = 0.009169793076562077
grm_tilt_x = -0.023507673314034742
grm_tilt_y = 2.3257915404126295
grm_G = 222.78406776312985
grm_apex = 17.766573096531705
d_grm_cam  = 21.604703747011076
cam_dec_x = -0.2710759295675216
cam_dec_y = 0.29085390736190625
cam_tilt_x = 0.012509897034174327
cam_tilt_y = 0.008837387164276485
d_cam_ff  = -160.0768514765714
ccd_ff_dec_x = -0.02380393754260476
ccd_ff_dec_y = 0.04209127528021311
ccd_ff_tilt_x = 0.03356491862532247
ccd_ff_tilt_y = -0.5909881773330754
ccd_ff_tilt_z = 0.17191893618543172
d_ff_ccd  = -4.815948983138138
ccd_dec_x = 0.5532983957068599
ccd_dec_y = 5.1076365277537334
ccd_defocus = 0.28582393218136753
ccd_tilt_x = 0.032513625640552754
ccd_tilt_y = -0.002067608853697206
ccd_tilt_z = 4.72554729676757e-06
p = 0.0001