slit_dec_x_a = -0.1704010755187174
slit_dec_y_a = -0.1956586180351446
slit_dec_x_b = 0.175
slit_dec_y_b = -1.8612424846393932e-96
slit_defocus = 0.02135000922616807
slit_tilt_x = 1.114046902380517
slit_tilt_y = -8.538482711445544
slit_tilt_z = -8.991613917631305
d_slit_col = 1594.3100291763137
coll_tilt_x = 0.11322264510933303
coll_tilt_y = -0.02885856986943075
ech_G = 31.613231958362487
ech_blaze = -74.97484109379742
ech_gamma = 1.138974148600624
echelle_z = 0.07477196189156728
d_col_trf = -1588.0172349440677
trf_mirror_tilt_x = 0.02632805391867282
trf_mirror_tilt_y = 0.16226456064437025
d_col_grm = -0.004829783562449687
grism_dec_x = 236.4233385357374
grism_dec_y = 0.03817529719878415
grm_tilt_x = -0.014053272933957287
grm_tilt_y = 2.3052800870133603
grm_G = 222.82400218863154
grm_apex = 17.79102573767064
d_grm_cam  = 21.609810166171542
cam_dec_x = -0.3095387830788184
cam_dec_y = 0.24731785315650148
cam_tilt_x = -0.011012048877245361
cam_tilt_y = 0.0037572304865124903
d_cam_ff  = -160.05743196749933
ccd_ff_dec_x = -0.0026009799328921847
ccd_ff_dec_y = 0.05300639014916493
ccd_ff_tilt_x = 0.019541376959423245
ccd_ff_tilt_y = -0.5728047053725586
ccd_ff_tilt_z = 0.18005079416053663
d_ff_ccd  = -4.838926606523937
ccd_dec_x = 0.6214056647415818
ccd_dec_y = 5.157153270133546
ccd_defocus = 0.28075065721081716
ccd_tilt_x = 0.005091359238265338
ccd_tilt_y = -0.010911415524878036
ccd_tilt_z = 5.042958858382614e-06
p = 0.0001