slit_dec_x_a = -0.1704010755187174
slit_dec_y_a = -0.1956586180351446
slit_dec_x_b = 0.175
slit_dec_y_b = -1.7833167112569214e-96
slit_defocus = 0.02142434465134937
slit_tilt_x = 1.113991368389685
slit_tilt_y = -8.53845519518983
slit_tilt_z = -8.991670898684452
d_slit_col = 1594.3099175612954
coll_tilt_x = 0.11319552236739451
coll_tilt_y = -0.02886868060271408
ech_G = 31.61322711478548
ech_blaze = -74.97483702743642
ech_gamma = 1.138970245387239
echelle_z = 0.07476732684637516
d_col_trf = -1588.01722862333
trf_mirror_tilt_x = 0.02636145821582411
trf_mirror_tilt_y = 0.1622290107613968
d_col_grm = -0.004795299703786073
grism_dec_x = 236.42333225159942
grism_dec_y = 0.03816458371359721
grm_tilt_x = -0.014056227650885423
grm_tilt_y = 2.3052761148320466
grm_G = 222.82400562466623
grm_apex = 17.791039522085693
d_grm_cam  = 21.609814831572773
cam_dec_x = -0.30945195433200434
cam_dec_y = 0.24727014146303583
cam_tilt_x = -0.011113285280093258
cam_tilt_y = 0.003786184166350058
d_cam_ff  = -160.05753422314632
ccd_ff_dec_x = -0.0026063645586053793
ccd_ff_dec_y = 0.0530220511309256
ccd_ff_tilt_x = 0.019488912813669438
ccd_ff_tilt_y = -0.5728184012018498
ccd_ff_tilt_z = 0.18005226562012452
d_ff_ccd  = -4.83898790678849
ccd_dec_x = 0.6214051395164755
ccd_dec_y = 5.157147958849131
ccd_defocus = 0.2807238244866171
ccd_tilt_x = 0.005045066730643736
ccd_tilt_y = -0.010937752366905843
ccd_tilt_z = 5.088688227647648e-06
p = 0.0001