slit_dec_x_a = -0.1704010755187174
slit_dec_y_a = -0.1956586180351446
slit_dec_x_b = 0.175
slit_dec_y_b = -1.897721696916341e-96
slit_defocus = 0.021400378760699404
slit_tilt_x = 1.114027219589992
slit_tilt_y = -8.53844537359204
slit_tilt_z = -8.991650710664008
d_slit_col = 1594.310008368352
coll_tilt_x = 0.11319540038512048
coll_tilt_y = -0.02889254271778093
ech_G = 31.61322867422483
ech_blaze = -74.97483416394765
ech_gamma = 1.1389741879813544
echelle_z = 0.07476686512899947
d_col_trf = -1588.0172270857768
trf_mirror_tilt_x = 0.026291356181661212
trf_mirror_tilt_y = 0.16216602888841286
d_col_grm = -0.004861938735028381
grism_dec_x = 236.42329033498177
grism_dec_y = 0.038181829315195946
grm_tilt_x = -0.01405533954328932
grm_tilt_y = 2.3052741245307615
grm_G = 222.82399741175297
grm_apex = 17.791045047815857
d_grm_cam  = 21.609822166647156
cam_dec_x = -0.30956015994828884
cam_dec_y = 0.24732527318959766
cam_tilt_x = -0.011100955660180791
cam_tilt_y = 0.003817536230599259
d_cam_ff  = -160.05766104571632
ccd_ff_dec_x = -0.002606848216050013
ccd_ff_dec_y = 0.05303855229026447
ccd_ff_tilt_x = 0.019599397176260667
ccd_ff_tilt_y = -0.5728099656421667
ccd_ff_tilt_z = 0.18004899299403054
d_ff_ccd  = -4.838922773500865
ccd_dec_x = 0.6213984986847798
ccd_dec_y = 5.157153296642965
ccd_defocus = 0.28069844036920166
ccd_tilt_x = 0.0049793315895859756
ccd_tilt_y = -0.010924229952846903
ccd_tilt_z = 5.046578580888773e-06
p = 0.0001