slit_dec_x_a = -0.181778666534
slit_dec_y_a = -0.18243150017
slit_dec_x_b = 0.14512077562974193
slit_dec_y_b = -0.05510809031835813
slit_defocus = -0.013735814823664318
slit_tilt_x = 1.0541120564352786
slit_tilt_y = -8.559938188252763
slit_tilt_z = -9.026874712140605
d_slit_col = 1594.2902767756038
coll_tilt_x = 0.12143487329220187
coll_tilt_y = -0.026509758381139458
ech_G = 31.61455515876441
ech_blaze = -74.99488804774957
ech_gamma = 1.1556456597168647
echelle_z = 0.05700531855779319
d_col_trf = -1588.0163684181966
trf_mirror_tilt_x = 0.007354151928157649
trf_mirror_tilt_y = 0.15542569187857833
d_col_grm = 0.03568214956822306
grism_dec_x = 236.3832401458789
grism_dec_y = 0.009276060153048441
grm_tilt_x = -0.023504462503180387
grm_tilt_y = 2.325779470135493
grm_G = 222.78406913362173
grm_apex = 17.766531106039793
d_grm_cam  = 21.604704122248847
cam_dec_x = -0.27111765176701746
cam_dec_y = 0.2909245533217823
cam_tilt_x = 0.01245525539786941
cam_tilt_y = 0.008828043294838947
d_cam_ff  = -160.07733378248238
ccd_ff_dec_x = -0.023807401232772307
ccd_ff_dec_y = 0.042071766993792906
ccd_ff_tilt_x = 0.033516111695383016
ccd_ff_tilt_y = -0.5909796464575308
ccd_ff_tilt_z = 0.17191880599328008
d_ff_ccd  = -4.816001462600358
ccd_dec_x = 0.5532952333599762
ccd_dec_y = 5.107636027155511
ccd_defocus = 0.2857684850781585
ccd_tilt_x = 0.03256686452484668
ccd_tilt_y = -0.00211301157886629
ccd_tilt_z = 4.66522829274074e-06
p = 0.0001