slit_dec_x_a = -0.181778666534
slit_dec_y_a = -0.18243150017
slit_dec_x_b = 0.14512077562974193
slit_dec_y_b = -0.05510809031835813
slit_defocus = -0.013778258703698422
slit_tilt_x = 1.054032950909829
slit_tilt_y = -8.559915373577939
slit_tilt_z = -9.026911853986341
d_slit_col = 1594.290283787787
coll_tilt_x = 0.12142086038736219
coll_tilt_y = -0.026454856414627866
ech_G = 31.614560227794147
ech_blaze = -74.99488649792498
ech_gamma = 1.155635009931802
echelle_z = 0.05700068756509221
d_col_trf = -1588.0163614862645
trf_mirror_tilt_x = 0.007362384793215513
trf_mirror_tilt_y = 0.15537180366772615
d_col_grm = 0.03568329140789654
grism_dec_x = 236.38322948226525
grism_dec_y = 0.009216579574596045
grm_tilt_x = -0.023516446846654125
grm_tilt_y = 2.3257833443315024
grm_G = 222.78406912861143
grm_apex = 17.766424749122226
d_grm_cam  = 21.60469339571417
cam_dec_x = -0.271112391877336
cam_dec_y = 0.2909101232160942
cam_tilt_x = 0.012460390082433954
cam_tilt_y = 0.008817106576099744
d_cam_ff  = -160.07712354670414
ccd_ff_dec_x = -0.023799908619735497
ccd_ff_dec_y = 0.04207370532075
ccd_ff_tilt_x = 0.03347378728619351
ccd_ff_tilt_y = -0.5909814805259507
ccd_ff_tilt_z = 0.17191736428399415
d_ff_ccd  = -4.8159689717248755
ccd_dec_x = 0.5532951478130739
ccd_dec_y = 5.1076317427016455
ccd_defocus = 0.28585930429598977
ccd_tilt_x = 0.032597134067713605
ccd_tilt_y = -0.002163362687152745
ccd_tilt_z = 4.678055148586419e-06
p = 0.0001