slit_dec_x_a = -0.1704010755187174
slit_dec_y_a = -0.1956586180351446
slit_dec_x_b = 0.175
slit_dec_y_b = -1.7459732367600661e-96
slit_defocus = 0.02136272246540794
slit_tilt_x = 1.1140057874461557
slit_tilt_y = -8.538393632025885
slit_tilt_z = -8.991585045038782
d_slit_col = 1594.3099876251013
coll_tilt_x = 0.11315929786695486
coll_tilt_y = -0.02891515656340777
ech_G = 31.613235411625674
ech_blaze = -74.97483208006464
ech_gamma = 1.1389696367240325
echelle_z = 0.07476884711160814
d_col_trf = -1588.0172301221978
trf_mirror_tilt_x = 0.026289063395095093
trf_mirror_tilt_y = 0.16228296822561952
d_col_grm = -0.00485809795337968
grism_dec_x = 236.42331249973776
grism_dec_y = 0.03816093754032731
grm_tilt_x = -0.0140601170315574
grm_tilt_y = 2.3052805299397807
grm_G = 222.82400293121876
grm_apex = 17.79106676358466
d_grm_cam  = 21.609823671567415
cam_dec_x = -0.30954473864075915
cam_dec_y = 0.24731646238092056
cam_tilt_x = -0.011127697382629004
cam_tilt_y = 0.0038182349468373605
d_cam_ff  = -160.05762266325894
ccd_ff_dec_x = -0.002603466446630057
ccd_ff_dec_y = 0.05310623933748795
ccd_ff_tilt_x = 0.019539929007666518
ccd_ff_tilt_y = -0.5728077825078318
ccd_ff_tilt_z = 0.18005293406858697
d_ff_ccd  = -4.838897896559949
ccd_dec_x = 0.6214028272234329
ccd_dec_y = 5.157153433564423
ccd_defocus = 0.28071226111528264
ccd_tilt_x = 0.005057539088054409
ccd_tilt_y = -0.010909666160801298
ccd_tilt_z = 5.105799959215117e-06
p = 0.0001