slit_dec_x_a = -0.1704010755187174
slit_dec_y_a = -0.1956586180351446
slit_dec_x_b = 0.175
slit_dec_y_b = -1.8538267843802605e-96
slit_defocus = 0.021293759792950426
slit_tilt_x = 1.1140330097593685
slit_tilt_y = -8.538453094365597
slit_tilt_z = -8.991684004792955
d_slit_col = 1594.3099834277846
coll_tilt_x = 0.11317190075583346
coll_tilt_y = -0.028858432320817803
ech_G = 31.613226354516975
ech_blaze = -74.9748277160885
ech_gamma = 1.1389680654985503
echelle_z = 0.07477101835354871
d_col_trf = -1588.0172343160407
trf_mirror_tilt_x = 0.026308747937846773
trf_mirror_tilt_y = 0.16225536584839176
d_col_grm = -0.004881456130241308
grism_dec_x = 236.42331796263892
grism_dec_y = 0.038180230980271915
grm_tilt_x = -0.01405817495182616
grm_tilt_y = 2.3052745334620535
grm_G = 222.82399895925252
grm_apex = 17.791018714875324
d_grm_cam  = 21.609811439665503
cam_dec_x = -0.3095550580041778
cam_dec_y = 0.2472210147199094
cam_tilt_x = -0.011066520761449546
cam_tilt_y = 0.003787723109533175
d_cam_ff  = -160.05706197709318
ccd_ff_dec_x = -0.0026084432758109017
ccd_ff_dec_y = 0.052961466831104836
ccd_ff_tilt_x = 0.01955570098220398
ccd_ff_tilt_y = -0.5728058766501016
ccd_ff_tilt_z = 0.18004998065937886
d_ff_ccd  = -4.838900412002754
ccd_dec_x = 0.6214098047724035
ccd_dec_y = 5.157148100621379
ccd_defocus = 0.2808094599324269
ccd_tilt_x = 0.005014556221978988
ccd_tilt_y = -0.010890934918098031
ccd_tilt_z = 5.062847571718559e-06
p = 0.0001