slit_dec_x_a = -0.1704010755187174
slit_dec_y_a = -0.1956586180351446
slit_dec_x_b = 0.175
slit_dec_y_b = -1.8145351418101356e-96
slit_defocus = 0.021444507759638885
slit_tilt_x = 1.1139673207660479
slit_tilt_y = -8.538463431073621
slit_tilt_z = -8.99163044790552
d_slit_col = 1594.3099857828145
coll_tilt_x = 0.11315682650267224
coll_tilt_y = -0.02891984203979684
ech_G = 31.613225781048286
ech_blaze = -74.97483101142518
ech_gamma = 1.1389764353214733
echelle_z = 0.07477389298068428
d_col_trf = -1588.0172383366094
trf_mirror_tilt_x = 0.026320422122114637
trf_mirror_tilt_y = 0.16221166460929856
d_col_grm = -0.0048874275967536445
grism_dec_x = 236.42327556898536
grism_dec_y = 0.03823932918452689
grm_tilt_x = -0.014054603237517407
grm_tilt_y = 2.305269436450087
grm_G = 222.82400019194068
grm_apex = 17.791013663073958
d_grm_cam  = 21.60981879959942
cam_dec_x = -0.3095436766795871
cam_dec_y = 0.24730272523105729
cam_tilt_x = -0.011060247582636438
cam_tilt_y = 0.003861002554470725
d_cam_ff  = -160.05735712816283
ccd_ff_dec_x = -0.0025989625836139387
ccd_ff_dec_y = 0.05301584829499473
ccd_ff_tilt_x = 0.019444393566154242
ccd_ff_tilt_y = -0.5728018021541206
ccd_ff_tilt_z = 0.1800524143334661
d_ff_ccd  = -4.838900166426777
ccd_dec_x = 0.6214022528317661
ccd_dec_y = 5.157148052567971
ccd_defocus = 0.28080530645590673
ccd_tilt_x = 0.004999594471935526
ccd_tilt_y = -0.010889751610463945
ccd_tilt_z = 5.0443807811685655e-06
p = 0.0001