slit_dec_x_a = -0.1704010755187174
slit_dec_y_a = -0.1956586180351446
slit_dec_x_b = 0.175
slit_dec_y_b = -1.886438940981682e-96
slit_defocus = 0.02133984384243778
slit_tilt_x = 1.114048527008458
slit_tilt_y = -8.538387717050838
slit_tilt_z = -8.991655530209444
d_slit_col = 1594.3099584591864
coll_tilt_x = 0.11318496748937361
coll_tilt_y = -0.028876878888661764
ech_G = 31.61323020995618
ech_blaze = -74.97483549740095
ech_gamma = 1.1389728011294409
echelle_z = 0.0747763193388798
d_col_trf = -1588.0172283648449
trf_mirror_tilt_x = 0.026283818142842596
trf_mirror_tilt_y = 0.1621326898766057
d_col_grm = -0.004812103814001154
grism_dec_x = 236.4232673303601
grism_dec_y = 0.03814942229314726
grm_tilt_x = -0.014053442264233116
grm_tilt_y = 2.3052790151874807
grm_G = 222.82400396150527
grm_apex = 17.79101868926995
d_grm_cam  = 21.60981996887075
cam_dec_x = -0.30950422568624236
cam_dec_y = 0.2472139055117107
cam_tilt_x = -0.011073835428072104
cam_tilt_y = 0.0037616506988512885
d_cam_ff  = -160.05732234052834
ccd_ff_dec_x = -0.002603760454583168
ccd_ff_dec_y = 0.05303023123693669
ccd_ff_tilt_x = 0.019543228399069624
ccd_ff_tilt_y = -0.5727964361313019
ccd_ff_tilt_z = 0.18005527818172798
d_ff_ccd  = -4.83891101984392
ccd_dec_x = 0.6214019390501672
ccd_dec_y = 5.157143265941993
ccd_defocus = 0.28068061080705997
ccd_tilt_x = 0.005081215645518256
ccd_tilt_y = -0.010918403025027428
ccd_tilt_z = 5.050527818543956e-06
p = 0.0001