slit_dec_x_a = -0.181778666534
slit_dec_y_a = -0.18243150017
slit_dec_x_b = 0.14512077562974193
slit_dec_y_b = -0.05510809031835813
slit_defocus = -0.013800735925220412
slit_tilt_x = 1.0541162908872974
slit_tilt_y = -8.559964451223212
slit_tilt_z = -9.026912012392932
d_slit_col = 1594.2902894615208
coll_tilt_x = 0.12146898911424582
coll_tilt_y = -0.02650563564088283
ech_G = 31.61456341117475
ech_blaze = -74.9948866223923
ech_gamma = 1.1556399427928705
echelle_z = 0.05700940496033722
d_col_trf = -1588.0163640994608
trf_mirror_tilt_x = 0.007282023398630601
trf_mirror_tilt_y = 0.15541429332948914
d_col_grm = 0.03568373524589819
grism_dec_x = 236.38320708062884
grism_dec_y = 0.009166362182898279
grm_tilt_x = -0.023509603749106947
grm_tilt_y = 2.3257909085116304
grm_G = 222.78406950268314
grm_apex = 17.766475400086282
d_grm_cam  = 21.60470378860892
cam_dec_x = -0.2710299360578013
cam_dec_y = 0.2908664399836177
cam_tilt_x = 0.012509666525492952
cam_tilt_y = 0.008858129498931102
d_cam_ff  = -160.0770514212044
ccd_ff_dec_x = -0.023804188627429747
ccd_ff_dec_y = 0.042057440477783654
ccd_ff_tilt_x = 0.033572725544324854
ccd_ff_tilt_y = -0.5909769500630516
ccd_ff_tilt_z = 0.17191630106270772
d_ff_ccd  = -4.815949935898191
ccd_dec_x = 0.5532926545292003
ccd_dec_y = 5.107634010752006
ccd_defocus = 0.2857922423173286
ccd_tilt_x = 0.032621768198829795
ccd_tilt_y = -0.0021613242695205934
ccd_tilt_z = 4.702391288435525e-06
p = 0.0001