slit_dec_x_a = -0.1704010755187174
slit_dec_y_a = -0.1956586180351446
slit_dec_x_b = 0.175
slit_dec_y_b = -1.8046978705116177e-96
slit_defocus = 0.021407365968828272
slit_tilt_x = 1.1139773858629818
slit_tilt_y = -8.538357101534363
slit_tilt_z = -8.991588505569553
d_slit_col = 1594.3099769386145
coll_tilt_x = 0.11322111259172686
coll_tilt_y = -0.02891133922849499
ech_G = 31.61323121841752
ech_blaze = -74.9748321258899
ech_gamma = 1.1389773100792193
echelle_z = 0.0747739096706968
d_col_trf = -1588.017235224957
trf_mirror_tilt_x = 0.026248121216299127
trf_mirror_tilt_y = 0.16223092422615495
d_col_grm = -0.004867414144458876
grism_dec_x = 236.42331811586732
grism_dec_y = 0.03822429032260288
grm_tilt_x = -0.014050465589185167
grm_tilt_y = 2.305275203233835
grm_G = 222.82400195026756
grm_apex = 17.790989877970805
d_grm_cam  = 21.609817057755592
cam_dec_x = -0.30949132539063706
cam_dec_y = 0.24731428064759417
cam_tilt_x = -0.011077752164282566
cam_tilt_y = 0.0038026916051311023
d_cam_ff  = -160.05733866758297
ccd_ff_dec_x = -0.002599202788159512
ccd_ff_dec_y = 0.052999106303791815
ccd_ff_tilt_x = 0.01949215453024904
ccd_ff_tilt_y = -0.572803077011868
ccd_ff_tilt_z = 0.18005789497415087
d_ff_ccd  = -4.839003473281313
ccd_dec_x = 0.6214057282911039
ccd_dec_y = 5.157147656474202
ccd_defocus = 0.2807337110638904
ccd_tilt_x = 0.005047349530157039
ccd_tilt_y = -0.010917538878784107
ccd_tilt_z = 5.002520852362178e-06
p = 0.0001