slit_dec_x_a = -0.1704010755187174
slit_dec_y_a = -0.1956586180351446
slit_dec_x_b = 0.175
slit_dec_y_b = -1.819384231886373e-96
slit_defocus = 0.02136016496754779
slit_tilt_x = 1.1140120747435809
slit_tilt_y = -8.538439026666605
slit_tilt_z = -8.991625980858258
d_slit_col = 1594.3099663029664
coll_tilt_x = 0.11325649103922995
coll_tilt_y = -0.028885084976159686
ech_G = 31.613234271938154
ech_blaze = -74.97482856415988
ech_gamma = 1.138970973041959
echelle_z = 0.07477454493320233
d_col_trf = -1588.0172292480065
trf_mirror_tilt_x = 0.026295684554851387
trf_mirror_tilt_y = 0.16220988159006597
d_col_grm = -0.004834845538078485
grism_dec_x = 236.42337267300329
grism_dec_y = 0.038181169727362824
grm_tilt_x = -0.014053841471575707
grm_tilt_y = 2.305271361321706
grm_G = 222.8240036299535
grm_apex = 17.791018971447635
d_grm_cam  = 21.609818520730027
cam_dec_x = -0.30958287997334105
cam_dec_y = 0.24729232940343204
cam_tilt_x = -0.011090317146614388
cam_tilt_y = 0.00375194130349956
d_cam_ff  = -160.05756898345314
ccd_ff_dec_x = -0.0025992418250568605
ccd_ff_dec_y = 0.05304270451278074
ccd_ff_tilt_x = 0.019502334386307447
ccd_ff_tilt_y = -0.57280589839974
ccd_ff_tilt_z = 0.18005676146377084
d_ff_ccd  = -4.838942658164185
ccd_dec_x = 0.6213999427483311
ccd_dec_y = 5.1571531081158515
ccd_defocus = 0.2807176551942018
ccd_tilt_x = 0.00495407826954549
ccd_tilt_y = -0.010953678996081571
ccd_tilt_z = 5.057835022694871e-06
p = 0.0001