slit_dec_x_a = -0.181778666534
slit_dec_y_a = -0.18243150017
slit_dec_x_b = 0.14512077562974193
slit_dec_y_b = -0.05510809031835813
slit_defocus = -0.013772379662833506
slit_tilt_x = 1.0540911884012105
slit_tilt_y = -8.55998317177166
slit_tilt_z = -9.02687956944473
d_slit_col = 1594.2902747361852
coll_tilt_x = 0.12141871217148094
coll_tilt_y = -0.026497117010447147
ech_G = 31.61456767774331
ech_blaze = -74.99488557780244
ech_gamma = 1.1556395018262118
echelle_z = 0.05700038945752153
d_col_trf = -1588.0163703637402
trf_mirror_tilt_x = 0.007297972761876609
trf_mirror_tilt_y = 0.15537641709768807
d_col_grm = 0.0355436190403178
grism_dec_x = 236.3831827375641
grism_dec_y = 0.009193723877014899
grm_tilt_x = -0.023501249707319077
grm_tilt_y = 2.325788505673969
grm_G = 222.7840694334741
grm_apex = 17.76639273235355
d_grm_cam  = 21.60470407027924
cam_dec_x = -0.27109047596257374
cam_dec_y = 0.2908899710593232
cam_tilt_x = 0.012392542635673902
cam_tilt_y = 0.008839391872957084
d_cam_ff  = -160.0769534683214
ccd_ff_dec_x = -0.023804732253900403
ccd_ff_dec_y = 0.04204043311290641
ccd_ff_tilt_x = 0.03347278022613334
ccd_ff_tilt_y = -0.5909803176950162
ccd_ff_tilt_z = 0.17191587262221736
d_ff_ccd  = -4.815995411098063
ccd_dec_x = 0.5532913035588891
ccd_dec_y = 5.107631759286244
ccd_defocus = 0.2857522475301811
ccd_tilt_x = 0.03257304187394762
ccd_tilt_y = -0.002235664437885744
ccd_tilt_z = 4.664083776134792e-06
p = 0.0001