slit_dec_x_a = -0.181778666534
slit_dec_y_a = -0.18243150017
slit_dec_x_b = 0.14512077562974193
slit_dec_y_b = -0.05510809031835813
slit_defocus = -0.01381358029398167
slit_tilt_x = 1.054140238596825
slit_tilt_y = -8.55999846422017
slit_tilt_z = -9.026885741088632
d_slit_col = 1594.290245256443
coll_tilt_x = 0.12148073520233112
coll_tilt_y = -0.026435759305655285
ech_G = 31.61456152252835
ech_blaze = -74.99488787692579
ech_gamma = 1.1556432371043495
echelle_z = 0.05700467713132325
d_col_trf = -1588.0163642366333
trf_mirror_tilt_x = 0.007307019296221822
trf_mirror_tilt_y = 0.15552297953188365
d_col_grm = 0.03566419471860451
grism_dec_x = 236.38332220163184
grism_dec_y = 0.009233708307470008
grm_tilt_x = -0.023512187165269347
grm_tilt_y = 2.325789416447316
grm_G = 222.78407042121765
grm_apex = 17.766521463634447
d_grm_cam  = 21.604704408743416
cam_dec_x = -0.27110116821122004
cam_dec_y = 0.29080818486606197
cam_tilt_x = 0.012529254119838962
cam_tilt_y = 0.008818259488870314
d_cam_ff  = -160.07731627462366
ccd_ff_dec_x = -0.023798974389753785
ccd_ff_dec_y = 0.04206123824151523
ccd_ff_tilt_x = 0.03352441549834055
ccd_ff_tilt_y = -0.5909816581307604
ccd_ff_tilt_z = 0.17191287883567385
d_ff_ccd  = -4.815998445017934
ccd_dec_x = 0.5532987439744538
ccd_dec_y = 5.107634239280246
ccd_defocus = 0.28574116627065144
ccd_tilt_x = 0.0326565037463139
ccd_tilt_y = -0.0021507171330528525
ccd_tilt_z = 4.682758692072491e-06
p = 0.0001