slit_dec_x_a = -0.1704010755187174
slit_dec_y_a = -0.1956586180351446
slit_dec_x_b = 0.175
slit_dec_y_b = -1.80674276307288e-96
slit_defocus = 0.021310190307982816
slit_tilt_x = 1.1140638310995645
slit_tilt_y = -8.53847967830079
slit_tilt_z = -8.99162737376406
d_slit_col = 1594.3099947062076
coll_tilt_x = 0.11313399743065165
coll_tilt_y = -0.02887488822932827
ech_G = 31.613232505975233
ech_blaze = -74.97483111487189
ech_gamma = 1.1389710945653024
echelle_z = 0.07477361470203066
d_col_trf = -1588.017231826296
trf_mirror_tilt_x = 0.0263469152399928
trf_mirror_tilt_y = 0.16221586209486863
d_col_grm = -0.00485364991228684
grism_dec_x = 236.42331721711815
grism_dec_y = 0.038178754044271575
grm_tilt_x = -0.014052875418114672
grm_tilt_y = 2.3052742374466235
grm_G = 222.82400563806684
grm_apex = 17.791051677896096
d_grm_cam  = 21.609822198270095
cam_dec_x = -0.30951193768569857
cam_dec_y = 0.24728092190473355
cam_tilt_x = -0.011128286051754407
cam_tilt_y = 0.0037893243388631486
d_cam_ff  = -160.05763350516025
ccd_ff_dec_x = -0.0025926007427752315
ccd_ff_dec_y = 0.053013761164642514
ccd_ff_tilt_x = 0.019485120007253966
ccd_ff_tilt_y = -0.5728017099027961
ccd_ff_tilt_z = 0.1800564900015595
d_ff_ccd  = -4.83894282684623
ccd_dec_x = 0.6214051221155638
ccd_dec_y = 5.157152957816576
ccd_defocus = 0.2807651723712043
ccd_tilt_x = 0.005000968659340245
ccd_tilt_y = -0.01090142923466175
ccd_tilt_z = 5.083552138902162e-06
p = 0.0001