slit_dec_x_a = -0.1704010755187174
slit_dec_y_a = -0.1956586180351446
slit_dec_x_b = 0.175
slit_dec_y_b = -1.8686789980516175e-96
slit_defocus = 0.02142977236931746
slit_tilt_x = 1.114032758966748
slit_tilt_y = -8.538396105566608
slit_tilt_z = -8.991596621426591
d_slit_col = 1594.309941983541
coll_tilt_x = 0.11320476495854237
coll_tilt_y = -0.028887884507920205
ech_G = 31.613220502899768
ech_blaze = -74.9748296660835
ech_gamma = 1.1389791262386306
echelle_z = 0.07476447180181646
d_col_trf = -1588.0172307192881
trf_mirror_tilt_x = 0.026312985214551034
trf_mirror_tilt_y = 0.16221148915655578
d_col_grm = -0.004809518764411867
grism_dec_x = 236.42336718051658
grism_dec_y = 0.03816599351600268
grm_tilt_x = -0.014048991749078173
grm_tilt_y = 2.305273344928783
grm_G = 222.82400199110174
grm_apex = 17.79103605762275
d_grm_cam  = 21.60981985789861
cam_dec_x = -0.3094890824829546
cam_dec_y = 0.24724036544256608
cam_tilt_x = -0.010959956101441293
cam_tilt_y = 0.0038032871839058344
d_cam_ff  = -160.0571765156356
ccd_ff_dec_x = -0.0026004876211120696
ccd_ff_dec_y = 0.053068694090761946
ccd_ff_tilt_x = 0.019511674179225107
ccd_ff_tilt_y = -0.5728052946304809
ccd_ff_tilt_z = 0.1800512400360778
d_ff_ccd  = -4.838989797524365
ccd_dec_x = 0.6214003634728472
ccd_dec_y = 5.157147807326183
ccd_defocus = 0.28074492375544713
ccd_tilt_x = 0.005083780655259994
ccd_tilt_y = -0.010838182775914739
ccd_tilt_z = 5.043183185183021e-06
p = 0.0001