slit_dec_x_a = -0.181778666534
slit_dec_y_a = -0.18243150017
slit_dec_x_b = 0.14512077562974193
slit_dec_y_b = -0.05510809031835813
slit_defocus = -0.013808702975209093
slit_tilt_x = 1.0540964741963221
slit_tilt_y = -8.559922453726568
slit_tilt_z = -9.026862374531733
d_slit_col = 1594.2903141036052
coll_tilt_x = 0.12145032474106932
coll_tilt_y = -0.026441788939850105
ech_G = 31.61455710894352
ech_blaze = -74.99488449457695
ech_gamma = 1.1556426646738822
echelle_z = 0.056996919890066
d_col_trf = -1588.0163616436146
trf_mirror_tilt_x = 0.0073292845559108
trf_mirror_tilt_y = 0.1554451158730333
d_col_grm = 0.0356747486671209
grism_dec_x = 236.38316739902928
grism_dec_y = 0.00923464800795256
grm_tilt_x = -0.023502855150083924
grm_tilt_y = 2.3257855241268754
grm_G = 222.78407176322932
grm_apex = 17.766484964589278
d_grm_cam  = 21.60469941521546
cam_dec_x = -0.2711436591815684
cam_dec_y = 0.2909020798907029
cam_tilt_x = 0.012484139748786371
cam_tilt_y = 0.008853255317422832
d_cam_ff  = -160.07702786370356
ccd_ff_dec_x = -0.023800204892522308
ccd_ff_dec_y = 0.04209607157217001
ccd_ff_tilt_x = 0.033487096227872735
ccd_ff_tilt_y = -0.5909809240121536
ccd_ff_tilt_z = 0.17191736074218641
d_ff_ccd  = -4.8159765080468775
ccd_dec_x = 0.5532997698338669
ccd_dec_y = 5.107628732993195
ccd_defocus = 0.28577607095202195
ccd_tilt_x = 0.03261885296636252
ccd_tilt_y = -0.0021196532606389865
ccd_tilt_z = 4.696195591488416e-06
p = 0.0001