slit_dec_x_a = -0.181778666534
slit_dec_y_a = -0.18243150017
slit_dec_x_b = 0.14512077562974193
slit_dec_y_b = -0.05510809031835813
slit_defocus = -0.01383439388757721
slit_tilt_x = 1.054098935749808
slit_tilt_y = -8.559974577723889
slit_tilt_z = -9.026833130214706
d_slit_col = 1594.2902274505525
coll_tilt_x = 0.12147356924217713
coll_tilt_y = -0.02649678706987774
ech_G = 31.61456323992598
ech_blaze = -74.99488644154415
ech_gamma = 1.1556391250133238
echelle_z = 0.057002097788982235
d_col_trf = -1588.0163628047806
trf_mirror_tilt_x = 0.007341416932963769
trf_mirror_tilt_y = 0.15544526187174468
d_col_grm = 0.03562088291218067
grism_dec_x = 236.3832439073989
grism_dec_y = 0.00924662520876251
grm_tilt_x = -0.023507871532992705
grm_tilt_y = 2.3257855202981763
grm_G = 222.78406659862267
grm_apex = 17.766462585417717
d_grm_cam  = 21.604702266914565
cam_dec_x = -0.27112467965626047
cam_dec_y = 0.29087234813059254
cam_tilt_x = 0.012432886431644774
cam_tilt_y = 0.00880734007530357
d_cam_ff  = -160.07749816756885
ccd_ff_dec_x = -0.0238045639909336
ccd_ff_dec_y = 0.042058367695758395
ccd_ff_tilt_x = 0.033584954146428744
ccd_ff_tilt_y = -0.5909742359498513
ccd_ff_tilt_z = 0.17192440732738054
d_ff_ccd  = -4.8159510296471675
ccd_dec_x = 0.5533007597552573
ccd_dec_y = 5.107636650324662
ccd_defocus = 0.2857735598708909
ccd_tilt_x = 0.03253809818946138
ccd_tilt_y = -0.0021755917105330197
ccd_tilt_z = 4.675018389379869e-06
p = 0.0001