slit_dec_x_a = -0.1704010755187174
slit_dec_y_a = -0.1956586180351446
slit_dec_x_b = 0.175
slit_dec_y_b = -1.796603084501166e-96
slit_defocus = 0.021404929034681237
slit_tilt_x = 1.1140411598849473
slit_tilt_y = -8.538475419921344
slit_tilt_z = -8.991662989171177
d_slit_col = 1594.3098528023559
coll_tilt_x = 0.11315776709061763
coll_tilt_y = -0.02894312255485261
ech_G = 31.613231212856604
ech_blaze = -74.97482716342576
ech_gamma = 1.1389679078772712
echelle_z = 0.07477025542872638
d_col_trf = -1588.0172334840684
trf_mirror_tilt_x = 0.026353805457310156
trf_mirror_tilt_y = 0.16221615890971586
d_col_grm = -0.004857529394242429
grism_dec_x = 236.42328554608983
grism_dec_y = 0.03819331051412113
grm_tilt_x = -0.014051009762525013
grm_tilt_y = 2.3052809701033943
grm_G = 222.8240045962289
grm_apex = 17.791047964549122
d_grm_cam  = 21.609822403379248
cam_dec_x = -0.30957489392976034
cam_dec_y = 0.2472833242106807
cam_tilt_x = -0.011066266018588828
cam_tilt_y = 0.0037414572805725007
d_cam_ff  = -160.05733269090604
ccd_ff_dec_x = -0.0025986393998187396
ccd_ff_dec_y = 0.0529894170755818
ccd_ff_tilt_x = 0.019520081761701547
ccd_ff_tilt_y = -0.5727981203449817
ccd_ff_tilt_z = 0.1800468240989862
d_ff_ccd  = -4.838970173053832
ccd_dec_x = 0.6214071541426233
ccd_dec_y = 5.157149473760566
ccd_defocus = 0.28071852030522326
ccd_tilt_x = 0.0050691779315253285
ccd_tilt_y = -0.010981796596212564
ccd_tilt_z = 5.11763535425937e-06
p = 0.0001