slit_dec_x_a = -0.181778666534
slit_dec_y_a = -0.18243150017
slit_dec_x_b = 0.14512077562974193
slit_dec_y_b = -0.05510809031835813
slit_defocus = -0.013756742788164337
slit_tilt_x = 1.0540517157304818
slit_tilt_y = -8.559981593426778
slit_tilt_z = -9.026901107719835
d_slit_col = 1594.2902819756073
coll_tilt_x = 0.12142510582671222
coll_tilt_y = -0.026607426238121467
ech_G = 31.61456506787867
ech_blaze = -74.99488593804173
ech_gamma = 1.1556364442245615
echelle_z = 0.05700345731632845
d_col_trf = -1588.0163625130774
trf_mirror_tilt_x = 0.007290068684087451
trf_mirror_tilt_y = 0.15545754844740822
d_col_grm = 0.03568289276538994
grism_dec_x = 236.38318128618025
grism_dec_y = 0.009229216724296442
grm_tilt_x = -0.02350524733746673
grm_tilt_y = 2.325791950835022
grm_G = 222.78407363592507
grm_apex = 17.766578631483476
d_grm_cam  = 21.60469904326916
cam_dec_x = -0.2711443187916576
cam_dec_y = 0.2908272682193181
cam_tilt_x = 0.012339818510294396
cam_tilt_y = 0.008852735200686832
d_cam_ff  = -160.07683810460526
ccd_ff_dec_x = -0.02379880681121595
ccd_ff_dec_y = 0.04205576740441917
ccd_ff_tilt_x = 0.03344911670846679
ccd_ff_tilt_y = -0.5909809634739394
ccd_ff_tilt_z = 0.17191936228930818
d_ff_ccd  = -4.815921525867346
ccd_dec_x = 0.5533046376748654
ccd_dec_y = 5.107633934669527
ccd_defocus = 0.28574305575032094
ccd_tilt_x = 0.03266735441617422
ccd_tilt_y = -0.002124643290927821
ccd_tilt_z = 4.620522344216814e-06
p = 0.0001