slit_dec_x_a = -0.181778666534
slit_dec_y_a = -0.18243150017
slit_dec_x_b = 0.14512077562974193
slit_dec_y_b = -0.05510809031835813
slit_defocus = -0.013820726504953362
slit_tilt_x = 1.0540310572414398
slit_tilt_y = -8.559946740119598
slit_tilt_z = -9.026851495537958
d_slit_col = 1594.2903167849256
coll_tilt_x = 0.12144030673167668
coll_tilt_y = -0.026429978956353774
ech_G = 31.614559050491483
ech_blaze = -74.99489381729329
ech_gamma = 1.1556438604173984
echelle_z = 0.05700973765937023
d_col_trf = -1588.016357360716
trf_mirror_tilt_x = 0.007279424654494461
trf_mirror_tilt_y = 0.15543497818157276
d_col_grm = 0.03567443948377835
grism_dec_x = 236.38328031461518
grism_dec_y = 0.009158495365604674
grm_tilt_x = -0.023504770916117333
grm_tilt_y = 2.3257927481062506
grm_G = 222.78406755507135
grm_apex = 17.766481808180096
d_grm_cam  = 21.604698225098904
cam_dec_x = -0.2710928782999203
cam_dec_y = 0.29089906402518656
cam_tilt_x = 0.01244710701456649
cam_tilt_y = 0.00885551839427221
d_cam_ff  = -160.0767772649795
ccd_ff_dec_x = -0.023803783763082766
ccd_ff_dec_y = 0.042080519228692076
ccd_ff_tilt_x = 0.033501532404248954
ccd_ff_tilt_y = -0.5909763025814414
ccd_ff_tilt_z = 0.17192309602910122
d_ff_ccd  = -4.815982607130974
ccd_dec_x = 0.5532948034124769
ccd_dec_y = 5.107632380607123
ccd_defocus = 0.2857418040965393
ccd_tilt_x = 0.032601996754492976
ccd_tilt_y = -0.0021615742184874403
ccd_tilt_z = 4.69154433776258e-06
p = 0.0001