slit_dec_x_a = -0.1704010755187174
slit_dec_y_a = -0.1956586180351446
slit_dec_x_b = 0.175
slit_dec_y_b = -1.8024267038397124e-96
slit_defocus = 0.02141959588324701
slit_tilt_x = 1.1140362500965821
slit_tilt_y = -8.538437967663976
slit_tilt_z = -8.991657799525838
d_slit_col = 1594.3099145670728
coll_tilt_x = 0.1131816334092911
coll_tilt_y = -0.028902216554498504
ech_G = 31.613219836997665
ech_blaze = -74.97483261572805
ech_gamma = 1.1389767677341966
echelle_z = 0.07476964985130757
d_col_trf = -1588.0172354185368
trf_mirror_tilt_x = 0.02631336002868241
trf_mirror_tilt_y = 0.1621394585788591
d_col_grm = -0.004818179276727587
grism_dec_x = 236.42331669733593
grism_dec_y = 0.03821662739525537
grm_tilt_x = -0.014053873505599484
grm_tilt_y = 2.305278800603418
grm_G = 222.82400396618024
grm_apex = 17.791012489068898
d_grm_cam  = 21.60980748451605
cam_dec_x = -0.30954466867239394
cam_dec_y = 0.24721315640443828
cam_tilt_x = -0.011024233586839271
cam_tilt_y = 0.0037515513189091644
d_cam_ff  = -160.05749218213057
ccd_ff_dec_x = -0.002596644836746723
ccd_ff_dec_y = 0.05301574775288956
ccd_ff_tilt_x = 0.019534075076892813
ccd_ff_tilt_y = -0.5728008885538333
ccd_ff_tilt_z = 0.18005641915790227
d_ff_ccd  = -4.838885185129141
ccd_dec_x = 0.6214077944691934
ccd_dec_y = 5.157151541084305
ccd_defocus = 0.28073158564402145
ccd_tilt_x = 0.0050686434911088275
ccd_tilt_y = -0.010914959657536765
ccd_tilt_z = 5.060449842469991e-06
p = 0.0001