slit_dec_x_a = -0.181778666534
slit_dec_y_a = -0.18243150017
slit_dec_x_b = 0.14512077562974193
slit_dec_y_b = -0.05510809031835813
slit_defocus = -0.013820186723234701
slit_tilt_x = 1.0540996864804535
slit_tilt_y = -8.559999512972109
slit_tilt_z = -9.02684801368205
d_slit_col = 1594.2902388981859
coll_tilt_x = 0.12142495039181792
coll_tilt_y = -0.026457025812318326
ech_G = 31.61455960569725
ech_blaze = -74.99488489149346
ech_gamma = 1.1556350727952862
echelle_z = 0.05700763131434211
d_col_trf = -1588.016358344437
trf_mirror_tilt_x = 0.007266644587261753
trf_mirror_tilt_y = 0.15546581166700532
d_col_grm = 0.03566177690605177
grism_dec_x = 236.3832738019545
grism_dec_y = 0.009300289897947324
grm_tilt_x = -0.023513218633637673
grm_tilt_y = 2.3257885657969286
grm_G = 222.78406801926243
grm_apex = 17.76650406116121
d_grm_cam  = 21.604700148007396
cam_dec_x = -0.2710302283598979
cam_dec_y = 0.29088999607138055
cam_tilt_x = 0.012478382746758665
cam_tilt_y = 0.008850058099625224
d_cam_ff  = -160.0768531215823
ccd_ff_dec_x = -0.02380010440590129
ccd_ff_dec_y = 0.042077035959069226
ccd_ff_tilt_x = 0.033435224854977984
ccd_ff_tilt_y = -0.5909807581386253
ccd_ff_tilt_z = 0.17191939117621952
d_ff_ccd  = -4.815991303328284
ccd_dec_x = 0.5533041955601784
ccd_dec_y = 5.107635768266382
ccd_defocus = 0.2858151662746707
ccd_tilt_x = 0.03263798912501768
ccd_tilt_y = -0.0021714959754117213
ccd_tilt_z = 4.707096712830776e-06
p = 0.0001