slit_dec_x_a = -0.1704010755187174
slit_dec_y_a = -0.1956586180351446
slit_dec_x_b = 0.175
slit_dec_y_b = -1.9233571644543372e-96
slit_defocus = 0.021443046009045005
slit_tilt_x = 1.1140305515615383
slit_tilt_y = -8.538505069040587
slit_tilt_z = -8.991636079460347
d_slit_col = 1594.310004798769
coll_tilt_x = 0.11323045786267082
coll_tilt_y = -0.02890282327215038
ech_G = 31.613226839042547
ech_blaze = -74.9748285281844
ech_gamma = 1.1389721496432874
echelle_z = 0.07476519381453531
d_col_trf = -1588.0172346238974
trf_mirror_tilt_x = 0.026299805028643614
trf_mirror_tilt_y = 0.16215048054632558
d_col_grm = -0.004824540743377847
grism_dec_x = 236.42325293557138
grism_dec_y = 0.03821560293167145
grm_tilt_x = -0.014047613555099104
grm_tilt_y = 2.3052779632137828
grm_G = 222.8240074177206
grm_apex = 17.791031811403617
d_grm_cam  = 21.60981491960321
cam_dec_x = -0.3094921774007141
cam_dec_y = 0.24731120380764635
cam_tilt_x = -0.01104444467533898
cam_tilt_y = 0.003802917652880973
d_cam_ff  = -160.05729938966292
ccd_ff_dec_x = -0.002602134272624616
ccd_ff_dec_y = 0.05302035849814115
ccd_ff_tilt_x = 0.019545386111707478
ccd_ff_tilt_y = -0.572804007910275
ccd_ff_tilt_z = 0.18004701318166533
d_ff_ccd  = -4.838884562305658
ccd_dec_x = 0.6214035533117976
ccd_dec_y = 5.157148803752812
ccd_defocus = 0.2807259012274228
ccd_tilt_x = 0.005057302089419705
ccd_tilt_y = -0.010900716664111985
ccd_tilt_z = 5.062685622183569e-06
p = 0.0001