slit_dec_x_a = -0.1704010755187174
slit_dec_y_a = -0.1956586180351446
slit_dec_x_b = 0.175
slit_dec_y_b = -1.8753802268488054e-96
slit_defocus = 0.02139382817275985
slit_tilt_x = 1.1140061391921825
slit_tilt_y = -8.538479440853854
slit_tilt_z = -8.991560269522335
d_slit_col = 1594.3099493633429
coll_tilt_x = 0.11312524672283816
coll_tilt_y = -0.028902214023261406
ech_G = 31.613230227139812
ech_blaze = -74.97483691674803
ech_gamma = 1.1389724592327508
echelle_z = 0.07477197496555156
d_col_trf = -1588.0172304363018
trf_mirror_tilt_x = 0.026284388676249104
trf_mirror_tilt_y = 0.16219162375105806
d_col_grm = -0.004879527739419713
grism_dec_x = 236.42327653986203
grism_dec_y = 0.03814695296866225
grm_tilt_x = -0.014052931911383607
grm_tilt_y = 2.3052773036162106
grm_G = 222.82400515632202
grm_apex = 17.79098074205244
d_grm_cam  = 21.609817155481135
cam_dec_x = -0.30960149779140544
cam_dec_y = 0.24728073133896872
cam_tilt_x = -0.011123568107722328
cam_tilt_y = 0.0037357599267284834
d_cam_ff  = -160.05759414585702
ccd_ff_dec_x = -0.002607383584688444
ccd_ff_dec_y = 0.05308063668737426
ccd_ff_tilt_x = 0.0194918792597761
ccd_ff_tilt_y = -0.5728105356170209
ccd_ff_tilt_z = 0.18004997221115276
d_ff_ccd  = -4.838994535687919
ccd_dec_x = 0.6214046171986433
ccd_dec_y = 5.157143832638459
ccd_defocus = 0.28075058491915456
ccd_tilt_x = 0.00507820948427645
ccd_tilt_y = -0.010920059352629052
ccd_tilt_z = 5.084669301423945e-06
p = 0.0001