slit_dec_x_a = -0.1704010755187174
slit_dec_y_a = -0.1956586180351446
slit_dec_x_b = 0.175
slit_dec_y_b = -1.8518281709187806e-96
slit_defocus = 0.02137784262676305
slit_tilt_x = 1.1140181800967328
slit_tilt_y = -8.53841463013077
slit_tilt_z = -8.991637270957098
d_slit_col = 1594.310004544893
coll_tilt_x = 0.11323180314755424
coll_tilt_y = -0.02892674099650005
ech_G = 31.613239803066016
ech_blaze = -74.97482928187416
ech_gamma = 1.138978706396644
echelle_z = 0.07476542877734636
d_col_trf = -1588.0172259205779
trf_mirror_tilt_x = 0.02631458676951263
trf_mirror_tilt_y = 0.16218978359914066
d_col_grm = -0.004810264259342077
grism_dec_x = 236.42336336153892
grism_dec_y = 0.038137987187850525
grm_tilt_x = -0.01405001086733621
grm_tilt_y = 2.3052705833061005
grm_G = 222.82400616856236
grm_apex = 17.791053031822536
d_grm_cam  = 21.609818656735012
cam_dec_x = -0.3095179322160537
cam_dec_y = 0.24733049474592408
cam_tilt_x = -0.011052275610718722
cam_tilt_y = 0.0037514806886683955
d_cam_ff  = -160.05750353177365
ccd_ff_dec_x = -0.002598402002964982
ccd_ff_dec_y = 0.05306699222199881
ccd_ff_tilt_x = 0.019483544533067183
ccd_ff_tilt_y = -0.5728118593610323
ccd_ff_tilt_z = 0.18005724746261248
d_ff_ccd  = -4.838920626031838
ccd_dec_x = 0.621404403513897
ccd_dec_y = 5.157152149003114
ccd_defocus = 0.28076721631891965
ccd_tilt_x = 0.005004985500325276
ccd_tilt_y = -0.010866435651627685
ccd_tilt_z = 5.088862522504566e-06
p = 0.0001