slit_dec_x_a = -0.1704010755187174
slit_dec_y_a = -0.1956586180351446
slit_dec_x_b = 0.175
slit_dec_y_b = -1.7961221937403892e-96
slit_defocus = 0.021369761765028177
slit_tilt_x = 1.1139838640703181
slit_tilt_y = -8.538446270095921
slit_tilt_z = -8.99164724402387
d_slit_col = 1594.3099629866535
coll_tilt_x = 0.11327254164793976
coll_tilt_y = -0.028945994506121082
ech_G = 31.613227765526798
ech_blaze = -74.9748336415274
ech_gamma = 1.1389774118405467
echelle_z = 0.07476188993212425
d_col_trf = -1588.0172299026628
trf_mirror_tilt_x = 0.02631036669597032
trf_mirror_tilt_y = 0.16219757997507483
d_col_grm = -0.004879513100467899
grism_dec_x = 236.42334890613924
grism_dec_y = 0.038115983806859245
grm_tilt_x = -0.014049403150680337
grm_tilt_y = 2.305284703133368
grm_G = 222.82401038056506
grm_apex = 17.79110166643154
d_grm_cam  = 21.60981831961913
cam_dec_x = -0.3095054727618663
cam_dec_y = 0.24731352133233797
cam_tilt_x = -0.010999738349436128
cam_tilt_y = 0.0037787767249696067
d_cam_ff  = -160.05753737422145
ccd_ff_dec_x = -0.0026032698606613504
ccd_ff_dec_y = 0.05306614373495173
ccd_ff_tilt_x = 0.019482501348384394
ccd_ff_tilt_y = -0.5728054980318334
ccd_ff_tilt_z = 0.1800544047540407
d_ff_ccd  = -4.838939907211376
ccd_dec_x = 0.6214020097082652
ccd_dec_y = 5.157156502254106
ccd_defocus = 0.2807302015588864
ccd_tilt_x = 0.005001463089542587
ccd_tilt_y = -0.010859296601463422
ccd_tilt_z = 5.070908715427675e-06
p = 0.0001