slit_dec_x_a = -0.181778666534
slit_dec_y_a = -0.18243150017
slit_dec_x_b = 0.14512077562974193
slit_dec_y_b = -0.05510809031835813
slit_defocus = -0.013736102417335595
slit_tilt_x = 1.0541039823973697
slit_tilt_y = -8.55996561850315
slit_tilt_z = -9.026876344292882
d_slit_col = 1594.2903451438224
coll_tilt_x = 0.1213853584222233
coll_tilt_y = -0.026523173755995527
ech_G = 31.61456151760074
ech_blaze = -74.99488821380399
ech_gamma = 1.1556341884754104
echelle_z = 0.057002475200217874
d_col_trf = -1588.0163597045641
trf_mirror_tilt_x = 0.007357975746375328
trf_mirror_tilt_y = 0.15537690557341843
d_col_grm = 0.03570019858177293
grism_dec_x = 236.38315461749747
grism_dec_y = 0.009197104003960576
grm_tilt_x = -0.023507275691586078
grm_tilt_y = 2.3257880886711275
grm_G = 222.78406487305517
grm_apex = 17.76651786480382
d_grm_cam  = 21.604702869780134
cam_dec_x = -0.27106355197994436
cam_dec_y = 0.29092075979432813
cam_tilt_x = 0.012395827767975999
cam_tilt_y = 0.008865956036884481
d_cam_ff  = -160.07725039192314
ccd_ff_dec_x = -0.023803671296428866
ccd_ff_dec_y = 0.04209161931412951
ccd_ff_tilt_x = 0.033506701371638414
ccd_ff_tilt_y = -0.590981205662637
ccd_ff_tilt_z = 0.1719167441631869
d_ff_ccd  = -4.815933446797415
ccd_dec_x = 0.553302938566984
ccd_dec_y = 5.107633483559506
ccd_defocus = 0.28572342096703496
ccd_tilt_x = 0.032563886449321296
ccd_tilt_y = -0.002102400644034865
ccd_tilt_z = 4.664267693756422e-06
p = 0.0001