slit_dec_x_a = -0.1704010755187174
slit_dec_y_a = -0.1956586180351446
slit_dec_x_b = 0.175
slit_dec_y_b = -1.8185959807146013e-96
slit_defocus = 0.021392115467077907
slit_tilt_x = 1.114019361405678
slit_tilt_y = -8.538441645517219
slit_tilt_z = -8.991613646248753
d_slit_col = 1594.3100333328616
coll_tilt_x = 0.11322173619566767
coll_tilt_y = -0.028844414816426085
ech_G = 31.613229104512474
ech_blaze = -74.97482766262235
ech_gamma = 1.1389746044207278
echelle_z = 0.07477186582456309
d_col_trf = -1588.0172280950892
trf_mirror_tilt_x = 0.02633697421507999
trf_mirror_tilt_y = 0.16218694230518388
d_col_grm = -0.004864632665209391
grism_dec_x = 236.42326545337335
grism_dec_y = 0.03815955502494642
grm_tilt_x = -0.014047852465432619
grm_tilt_y = 2.3052730948570015
grm_G = 222.82400574698806
grm_apex = 17.791005912806604
d_grm_cam  = 21.609816263960916
cam_dec_x = -0.309497646138227
cam_dec_y = 0.24724245687317362
cam_tilt_x = -0.011059282757907183
cam_tilt_y = 0.003797111486039743
d_cam_ff  = -160.05732060365287
ccd_ff_dec_x = -0.002600730376884419
ccd_ff_dec_y = 0.053035825997252074
ccd_ff_tilt_x = 0.019540413643557557
ccd_ff_tilt_y = -0.5728029601507489
ccd_ff_tilt_z = 0.1800524485132829
d_ff_ccd  = -4.838950716989869
ccd_dec_x = 0.6214088517328274
ccd_dec_y = 5.157149456851985
ccd_defocus = 0.2808338771439174
ccd_tilt_x = 0.0050736399590080436
ccd_tilt_y = -0.010904311946410585
ccd_tilt_z = 5.064524494970836e-06
p = 0.0001