slit_dec_x_a = -0.1704010755187174
slit_dec_y_a = -0.1956586180351446
slit_dec_x_b = 0.175
slit_dec_y_b = -1.8992281741956208e-96
slit_defocus = 0.02138230533579404
slit_tilt_x = 1.1141191896954246
slit_tilt_y = -8.538370893265684
slit_tilt_z = -8.991633027777494
d_slit_col = 1594.3099195266861
coll_tilt_x = 0.11319531926409576
coll_tilt_y = -0.028916594226694962
ech_G = 31.613232148732752
ech_blaze = -74.97482858426218
ech_gamma = 1.1389755755062925
echelle_z = 0.07476673030583644
d_col_trf = -1588.017228493419
trf_mirror_tilt_x = 0.02624805510891307
trf_mirror_tilt_y = 0.1621861840394506
d_col_grm = -0.004874403923452467
grism_dec_x = 236.42332157690197
grism_dec_y = 0.03817829757663666
grm_tilt_x = -0.014043486014442332
grm_tilt_y = 2.3052831670754745
grm_G = 222.8240036250432
grm_apex = 17.791005015650406
d_grm_cam  = 21.60981897252477
cam_dec_x = -0.30950441504867177
cam_dec_y = 0.24729659149069166
cam_tilt_x = -0.01106167753842757
cam_tilt_y = 0.003841200335695627
d_cam_ff  = -160.05724084782403
ccd_ff_dec_x = -0.0026016995383457762
ccd_ff_dec_y = 0.05305223854391351
ccd_ff_tilt_x = 0.019537440098019495
ccd_ff_tilt_y = -0.5728074099867053
ccd_ff_tilt_z = 0.18005272806621228
d_ff_ccd  = -4.838987885369676
ccd_dec_x = 0.6214075281285972
ccd_dec_y = 5.157155288306962
ccd_defocus = 0.2807056515462034
ccd_tilt_x = 0.005057847306806914
ccd_tilt_y = -0.010910248749317357
ccd_tilt_z = 5.096091840907477e-06
p = 0.0001