slit_dec_x_a = -0.1704010755187174
slit_dec_y_a = -0.1956586180351446
slit_dec_x_b = 0.175
slit_dec_y_b = -1.885555167718799e-96
slit_defocus = 0.021320229158170216
slit_tilt_x = 1.1140155210254914
slit_tilt_y = -8.538402674983061
slit_tilt_z = -8.991661116201213
d_slit_col = 1594.3099288935475
coll_tilt_x = 0.11318486363691657
coll_tilt_y = -0.028906961693123463
ech_G = 31.61323095392695
ech_blaze = -74.9748342574315
ech_gamma = 1.1389766769337086
echelle_z = 0.07477042622656177
d_col_trf = -1588.0172317364804
trf_mirror_tilt_x = 0.026290309440368222
trf_mirror_tilt_y = 0.162240148677531
d_col_grm = -0.004784154919267464
grism_dec_x = 236.42339493510778
grism_dec_y = 0.03816405108207528
grm_tilt_x = -0.014058096599842028
grm_tilt_y = 2.305270980223946
grm_G = 222.8240073497057
grm_apex = 17.791066407561683
d_grm_cam  = 21.609819411060524
cam_dec_x = -0.3095078184707137
cam_dec_y = 0.2472415976449111
cam_tilt_x = -0.011087591826437423
cam_tilt_y = 0.0038568018257680676
d_cam_ff  = -160.05755895254978
ccd_ff_dec_x = -0.002589522025968626
ccd_ff_dec_y = 0.05305766143211763
ccd_ff_tilt_x = 0.019515183356367587
ccd_ff_tilt_y = -0.5728000956277963
ccd_ff_tilt_z = 0.1800516857311562
d_ff_ccd  = -4.838913607034365
ccd_dec_x = 0.6214019500603962
ccd_dec_y = 5.157154118674176
ccd_defocus = 0.2807423572506129
ccd_tilt_x = 0.005082353036941912
ccd_tilt_y = -0.010847839748840342
ccd_tilt_z = 5.09105695190539e-06
p = 0.0001