slit_dec_x_a = -0.181778666534
slit_dec_y_a = -0.18243150017
slit_dec_x_b = 0.14512077562974193
slit_dec_y_b = -0.05510809031835813
slit_defocus = -0.013809353127720511
slit_tilt_x = 1.054168384819635
slit_tilt_y = -8.559889064946681
slit_tilt_z = -9.026860517677628
d_slit_col = 1594.2903306422036
coll_tilt_x = 0.12139337330179463
coll_tilt_y = -0.02641910959700035
ech_G = 31.614566010873155
ech_blaze = -74.99489069539186
ech_gamma = 1.155639536771584
echelle_z = 0.05700369897471867
d_col_trf = -1588.0163606195122
trf_mirror_tilt_x = 0.007263886471588828
trf_mirror_tilt_y = 0.15547155389108727
d_col_grm = 0.03563402333279454
grism_dec_x = 236.38330500857742
grism_dec_y = 0.00930153985019765
grm_tilt_x = -0.023501092289014494
grm_tilt_y = 2.325789368158534
grm_G = 222.7840727911695
grm_apex = 17.766545716958305
d_grm_cam  = 21.604703014925743
cam_dec_x = -0.2710785480125616
cam_dec_y = 0.29084417983377514
cam_tilt_x = 0.01239200058227531
cam_tilt_y = 0.00879702452325621
d_cam_ff  = -160.07725929463876
ccd_ff_dec_x = -0.023802807559651893
ccd_ff_dec_y = 0.04204180782440592
ccd_ff_tilt_x = 0.03348355050187511
ccd_ff_tilt_y = -0.5909790803718799
ccd_ff_tilt_z = 0.17191066379345746
d_ff_ccd  = -4.815991508171344
ccd_dec_x = 0.5533003486965592
ccd_dec_y = 5.107627995120609
ccd_defocus = 0.28573993436649037
ccd_tilt_x = 0.03261083976826131
ccd_tilt_y = -0.0021622828392774433
ccd_tilt_z = 4.682817356870416e-06
p = 0.0001