slit_dec_x_a = -0.181778666534
slit_dec_y_a = -0.18243150017
slit_dec_x_b = 0.14512077562974193
slit_dec_y_b = -0.05510809031835813
slit_defocus = -0.01385026055870969
slit_tilt_x = 1.0540634336741292
slit_tilt_y = -8.559961618233155
slit_tilt_z = -9.02688010532588
d_slit_col = 1594.2902977778501
coll_tilt_x = 0.12147073643266088
coll_tilt_y = -0.02653023206646442
ech_G = 31.614562679240876
ech_blaze = -74.99488637485928
ech_gamma = 1.1556408589603548
echelle_z = 0.05699890990057444
d_col_trf = -1588.0163606436545
trf_mirror_tilt_x = 0.007267718014215423
trf_mirror_tilt_y = 0.15545737390765596
d_col_grm = 0.03573397836696867
grism_dec_x = 236.38314867653492
grism_dec_y = 0.009213961413179235
grm_tilt_x = -0.023513253822044968
grm_tilt_y = 2.3257874506886416
grm_G = 222.78406324704378
grm_apex = 17.766596432454733
d_grm_cam  = 21.60470079279089
cam_dec_x = -0.2711438881968343
cam_dec_y = 0.2909337534188746
cam_tilt_x = 0.012427213048307406
cam_tilt_y = 0.008793427633308685
d_cam_ff  = -160.07675503677814
ccd_ff_dec_x = -0.023801228996858544
ccd_ff_dec_y = 0.042043716093948365
ccd_ff_tilt_x = 0.03348591480195771
ccd_ff_tilt_y = -0.5909806366961625
ccd_ff_tilt_z = 0.17191710639009006
d_ff_ccd  = -4.816031185134969
ccd_dec_x = 0.5532907233138653
ccd_dec_y = 5.107631106851215
ccd_defocus = 0.2857810484383403
ccd_tilt_x = 0.03261390938917365
ccd_tilt_y = -0.0021151775519234082
ccd_tilt_z = 4.6809045612209344e-06
p = 0.0001