slit_dec_x_a = -0.1704010755187174
slit_dec_y_a = -0.1956586180351446
slit_dec_x_b = 0.175
slit_dec_y_b = -1.8325534227693686e-96
slit_defocus = 0.021360714654742083
slit_tilt_x = 1.1139719610907202
slit_tilt_y = -8.538447119887191
slit_tilt_z = -8.991665051798316
d_slit_col = 1594.3099509766164
coll_tilt_x = 0.11321628499817404
coll_tilt_y = -0.028827552707718217
ech_G = 31.613228856152105
ech_blaze = -74.9748307678545
ech_gamma = 1.1389701403157964
echelle_z = 0.07477431715799293
d_col_trf = -1588.0172327076973
trf_mirror_tilt_x = 0.02635760912074109
trf_mirror_tilt_y = 0.16224626340050796
d_col_grm = -0.004822873712159475
grism_dec_x = 236.42328990403706
grism_dec_y = 0.038179994866746815
grm_tilt_x = -0.014056302969131245
grm_tilt_y = 2.3052746067636507
grm_G = 222.82400627879144
grm_apex = 17.791053251578038
d_grm_cam  = 21.609817703685536
cam_dec_x = -0.3095179896574402
cam_dec_y = 0.2472798209721573
cam_tilt_x = -0.011009524999362204
cam_tilt_y = 0.0037600943067731397
d_cam_ff  = -160.05776707537694
ccd_ff_dec_x = -0.00259962132910535
ccd_ff_dec_y = 0.05301053655938738
ccd_ff_tilt_x = 0.01954744159917347
ccd_ff_tilt_y = -0.5728015386956417
ccd_ff_tilt_z = 0.1800555873682939
d_ff_ccd  = -4.838953653545358
ccd_dec_x = 0.6214030840691693
ccd_dec_y = 5.157147979340697
ccd_defocus = 0.2807722306649179
ccd_tilt_x = 0.005035660418697267
ccd_tilt_y = -0.01090192254128107
ccd_tilt_z = 5.059887027583718e-06
p = 0.0001