slit_dec_x_a = -0.1704010755187174
slit_dec_y_a = -0.1956586180351446
slit_dec_x_b = 0.175
slit_dec_y_b = -1.8367986425334789e-96
slit_defocus = 0.021448344910476425
slit_tilt_x = 1.1140656614500308
slit_tilt_y = -8.538465994693016
slit_tilt_z = -8.991639424652263
d_slit_col = 1594.3099662491468
coll_tilt_x = 0.11318594238787692
coll_tilt_y = -0.02883863840481784
ech_G = 31.613223680292
ech_blaze = -74.97482968430012
ech_gamma = 1.1389764670191398
echelle_z = 0.07477232022469742
d_col_trf = -1588.0172311917263
trf_mirror_tilt_x = 0.026285063247364664
trf_mirror_tilt_y = 0.16223072696991633
d_col_grm = -0.004823056287075783
grism_dec_x = 236.42333959969886
grism_dec_y = 0.038147009628392785
grm_tilt_x = -0.014052604107002062
grm_tilt_y = 2.3052770059900136
grm_G = 222.82400421215894
grm_apex = 17.791067056016132
d_grm_cam  = 21.609815959204205
cam_dec_x = -0.30950325913686455
cam_dec_y = 0.24736184976126885
cam_tilt_x = -0.01099144694309768
cam_tilt_y = 0.0037587128639027323
d_cam_ff  = -160.05778302472686
ccd_ff_dec_x = -0.002607079284608437
ccd_ff_dec_y = 0.053014454012641314
ccd_ff_tilt_x = 0.01960435352955677
ccd_ff_tilt_y = -0.5728038973343386
ccd_ff_tilt_z = 0.18005376029915168
d_ff_ccd  = -4.838976381812457
ccd_dec_x = 0.6214047034080414
ccd_dec_y = 5.157150136588384
ccd_defocus = 0.28075851801481994
ccd_tilt_x = 0.005041421364094852
ccd_tilt_y = -0.010869810126012583
ccd_tilt_z = 5.0926488777277516e-06
p = 0.0001