slit_dec_x_a = -0.1704010755187174
slit_dec_y_a = -0.1956586180351446
slit_dec_x_b = 0.175
slit_dec_y_b = -1.8189576400145831e-96
slit_defocus = 0.02137501786511576
slit_tilt_x = 1.1139827151156827
slit_tilt_y = -8.538423533919886
slit_tilt_z = -8.99165894186092
d_slit_col = 1594.3100129705012
coll_tilt_x = 0.11321784986993981
coll_tilt_y = -0.02887738433977509
ech_G = 31.613234920013138
ech_blaze = -74.97483172305681
ech_gamma = 1.1389734897851183
echelle_z = 0.07477659369422782
d_col_trf = -1588.0172253409803
trf_mirror_tilt_x = 0.02631372320733514
trf_mirror_tilt_y = 0.1621796979050413
d_col_grm = -0.0048310797418893246
grism_dec_x = 236.42328914180234
grism_dec_y = 0.03816275407331404
grm_tilt_x = -0.014048385199392312
grm_tilt_y = 2.3052694136070766
grm_G = 222.82399881132707
grm_apex = 17.79105591159144
d_grm_cam  = 21.609815974318348
cam_dec_x = -0.3095104777544347
cam_dec_y = 0.24727973313763696
cam_tilt_x = -0.011066616719291919
cam_tilt_y = 0.003887626063832155
d_cam_ff  = -160.05728580043177
ccd_ff_dec_x = -0.0026012102469269984
ccd_ff_dec_y = 0.05297467323490779
ccd_ff_tilt_x = 0.019520034055258075
ccd_ff_tilt_y = -0.5728001408250185
ccd_ff_tilt_z = 0.18004840402087308
d_ff_ccd  = -4.838947520240721
ccd_dec_x = 0.6213996968972288
ccd_dec_y = 5.157152902692421
ccd_defocus = 0.280699961939625
ccd_tilt_x = 0.005028121990225618
ccd_tilt_y = -0.010888410857842257
ccd_tilt_z = 5.029797446827361e-06
p = 0.0001