slit_dec_x_a = -0.181778666534
slit_dec_y_a = -0.18243150017
slit_dec_x_b = 0.14512077562974193
slit_dec_y_b = -0.05510809031835813
slit_defocus = -0.01377488461803124
slit_tilt_x = 1.0541874811854806
slit_tilt_y = -8.559935339429908
slit_tilt_z = -9.02689121541686
d_slit_col = 1594.2902069613472
coll_tilt_x = 0.12144239340070882
coll_tilt_y = -0.026504827018352967
ech_G = 31.614569549772096
ech_blaze = -74.99488788891126
ech_gamma = 1.1556362946812155
echelle_z = 0.05700006182753562
d_col_trf = -1588.0163614147652
trf_mirror_tilt_x = 0.007239398886373979
trf_mirror_tilt_y = 0.15548637666185974
d_col_grm = 0.03566280422030737
grism_dec_x = 236.38317341419489
grism_dec_y = 0.009268409283584448
grm_tilt_x = -0.02350553784879887
grm_tilt_y = 2.3257856783263757
grm_G = 222.78406898134304
grm_apex = 17.766517758071124
d_grm_cam  = 21.604702568543413
cam_dec_x = -0.2711623377916559
cam_dec_y = 0.29091488075515753
cam_tilt_x = 0.012417406937753383
cam_tilt_y = 0.008818572863630905
d_cam_ff  = -160.07688382926088
ccd_ff_dec_x = -0.023800518944978085
ccd_ff_dec_y = 0.0420562290940711
ccd_ff_tilt_x = 0.03344226592308829
ccd_ff_tilt_y = -0.5909757331908089
ccd_ff_tilt_z = 0.17192185219808148
d_ff_ccd  = -4.815968244043696
ccd_dec_x = 0.5532990204827968
ccd_dec_y = 5.107630163743951
ccd_defocus = 0.2857323552860113
ccd_tilt_x = 0.03271530723863654
ccd_tilt_y = -0.0021233194639085156
ccd_tilt_z = 4.664720104030569e-06
p = 0.0001