slit_dec_x_a = -0.181778666534
slit_dec_y_a = -0.18243150017
slit_dec_x_b = 0.14512077562974193
slit_dec_y_b = -0.05510809031835813
slit_defocus = -0.01382378875146995
slit_tilt_x = 1.0541387385601546
slit_tilt_y = -8.55996327531172
slit_tilt_z = -9.026915587901916
d_slit_col = 1594.2903312825244
coll_tilt_x = 0.12141812534337407
coll_tilt_y = -0.026433789959352572
ech_G = 31.614561650322734
ech_blaze = -74.99488290631511
ech_gamma = 1.1556412526583566
echelle_z = 0.05700396727245252
d_col_trf = -1588.0163593160678
trf_mirror_tilt_x = 0.0073509238575267
trf_mirror_tilt_y = 0.15543815073433387
d_col_grm = 0.03565030438067373
grism_dec_x = 236.3832468998162
grism_dec_y = 0.009208815715360337
grm_tilt_x = -0.023507672873617064
grm_tilt_y = 2.3257892731401824
grm_G = 222.7840755895756
grm_apex = 17.766508993252213
d_grm_cam  = 21.604700157949754
cam_dec_x = -0.27112090399007444
cam_dec_y = 0.2908976934255299
cam_tilt_x = 0.012470223248694784
cam_tilt_y = 0.008824819542323486
d_cam_ff  = -160.07720681594307
ccd_ff_dec_x = -0.023800589195423837
ccd_ff_dec_y = 0.04203473879641509
ccd_ff_tilt_x = 0.03343227571830063
ccd_ff_tilt_y = -0.5909881480382315
ccd_ff_tilt_z = 0.17191796847711277
d_ff_ccd  = -4.8159848208458635
ccd_dec_x = 0.5532967342763022
ccd_dec_y = 5.107636174850441
ccd_defocus = 0.28575681980689877
ccd_tilt_x = 0.03259533942370657
ccd_tilt_y = -0.002070196935212139
ccd_tilt_z = 4.699557585890239e-06
p = 0.0001