slit_dec_x_a = -0.181778666534
slit_dec_y_a = -0.18243150017
slit_dec_x_b = 0.14512077562974193
slit_dec_y_b = -0.05510809031835813
slit_defocus = -0.013771663549128916
slit_tilt_x = 1.0540606083095647
slit_tilt_y = -8.559977152690964
slit_tilt_z = -9.026850854140935
d_slit_col = 1594.2902462954103
coll_tilt_x = 0.12138413654430938
coll_tilt_y = -0.026546319669135055
ech_G = 31.61456316326857
ech_blaze = -74.99488663025633
ech_gamma = 1.1556414350216757
echelle_z = 0.05700482807904674
d_col_trf = -1588.016366066433
trf_mirror_tilt_x = 0.007252620386951739
trf_mirror_tilt_y = 0.15549451206294726
d_col_grm = 0.03567931861600072
grism_dec_x = 236.38318967591098
grism_dec_y = 0.00928176916200464
grm_tilt_x = -0.023503579746074543
grm_tilt_y = 2.3257862540481886
grm_G = 222.78406676443964
grm_apex = 17.766498695142943
d_grm_cam  = 21.604692568629858
cam_dec_x = -0.27111285619935344
cam_dec_y = 0.29081356815936255
cam_tilt_x = 0.012379515581467658
cam_tilt_y = 0.00881895180917206
d_cam_ff  = -160.07692414517894
ccd_ff_dec_x = -0.02380669569496312
ccd_ff_dec_y = 0.04202212724291451
ccd_ff_tilt_x = 0.03345764949981938
ccd_ff_tilt_y = -0.5909881630011093
ccd_ff_tilt_z = 0.1719194382307405
d_ff_ccd  = -4.815971874377074
ccd_dec_x = 0.5532981665533117
ccd_dec_y = 5.107634390843583
ccd_defocus = 0.2857735114577218
ccd_tilt_x = 0.032590833556722945
ccd_tilt_y = -0.0021434197078328
ccd_tilt_z = 4.67882215109963e-06
p = 0.0001