slit_dec_x_a = -0.181778666534
slit_dec_y_a = -0.18243150017
slit_dec_x_b = 0.14512077562974193
slit_dec_y_b = -0.05510809031835813
slit_defocus = -0.013854107517956798
slit_tilt_x = 1.0540366217758714
slit_tilt_y = -8.55994205835642
slit_tilt_z = -9.026900786925076
d_slit_col = 1594.2901952754937
coll_tilt_x = 0.12144648468472535
coll_tilt_y = -0.026512267146021493
ech_G = 31.614561385145215
ech_blaze = -74.99489332665063
ech_gamma = 1.155639224074436
echelle_z = 0.05700351013345364
d_col_trf = -1588.0163663971955
trf_mirror_tilt_x = 0.007308927184272806
trf_mirror_tilt_y = 0.15543786269033374
d_col_grm = 0.035731210195033176
grism_dec_x = 236.38320916350924
grism_dec_y = 0.009148231027098145
grm_tilt_x = -0.023501023705513362
grm_tilt_y = 2.3257917024383814
grm_G = 222.7840705092384
grm_apex = 17.766481530258055
d_grm_cam  = 21.60470095927389
cam_dec_x = -0.2711112087568734
cam_dec_y = 0.2909058956281997
cam_tilt_x = 0.012424821844639371
cam_tilt_y = 0.008817600967114404
d_cam_ff  = -160.07714073346708
ccd_ff_dec_x = -0.023807348696717568
ccd_ff_dec_y = 0.04205387095785113
ccd_ff_tilt_x = 0.03352123269860703
ccd_ff_tilt_y = -0.5909807679768622
ccd_ff_tilt_z = 0.1719155171479366
d_ff_ccd  = -4.81602196471204
ccd_dec_x = 0.5532955488867368
ccd_dec_y = 5.107629694712893
ccd_defocus = 0.28570005346564914
ccd_tilt_x = 0.032541263341581986
ccd_tilt_y = -0.0021061148634052254
ccd_tilt_z = 4.6701780243344735e-06
p = 0.0001