slit_dec_x_a = -0.181778666534
slit_dec_y_a = -0.18243150017
slit_dec_x_b = 0.14512077562974193
slit_dec_y_b = -0.05510809031835813
slit_defocus = -0.013810933020195527
slit_tilt_x = 1.054018465345196
slit_tilt_y = -8.55996467401952
slit_tilt_z = -9.026899529664126
d_slit_col = 1594.290226751786
coll_tilt_x = 0.12151468020002434
coll_tilt_y = -0.026470388727119293
ech_G = 31.614565864556155
ech_blaze = -74.99489158615391
ech_gamma = 1.1556459610770529
echelle_z = 0.05700309423938173
d_col_trf = -1588.0163619765021
trf_mirror_tilt_x = 0.00736263247760008
trf_mirror_tilt_y = 0.15545310759979974
d_col_grm = 0.03573434826785864
grism_dec_x = 236.38325205708546
grism_dec_y = 0.00930220301337576
grm_tilt_x = -0.023509587115117022
grm_tilt_y = 2.3257970555181915
grm_G = 222.7840731410323
grm_apex = 17.76656319657087
d_grm_cam  = 21.60470700119321
cam_dec_x = -0.2710947265478882
cam_dec_y = 0.29085844338521377
cam_tilt_x = 0.012465647330512931
cam_tilt_y = 0.008899284627912995
d_cam_ff  = -160.07718695336055
ccd_ff_dec_x = -0.023797414220859844
ccd_ff_dec_y = 0.0420511495196934
ccd_ff_tilt_x = 0.03344814597220804
ccd_ff_tilt_y = -0.5909782484517856
ccd_ff_tilt_z = 0.17192360700922812
d_ff_ccd  = -4.816042287526869
ccd_dec_x = 0.5532925129107443
ccd_dec_y = 5.107635165529334
ccd_defocus = 0.2858158791101412
ccd_tilt_x = 0.03256342625985367
ccd_tilt_y = -0.002076124583247758
ccd_tilt_z = 4.659826919976652e-06
p = 0.0001