slit_dec_x_a = -0.1704010755187174
slit_dec_y_a = -0.1956586180351446
slit_dec_x_b = 0.175
slit_dec_y_b = -1.8123695386862789e-96
slit_defocus = 0.02137491156411653
slit_tilt_x = 1.1139888297638414
slit_tilt_y = -8.538380498418547
slit_tilt_z = -8.99155669059074
d_slit_col = 1594.3099493438776
coll_tilt_x = 0.11316333606472748
coll_tilt_y = -0.028919371343860828
ech_G = 31.61323245568645
ech_blaze = -74.97483220005685
ech_gamma = 1.138969547542237
echelle_z = 0.0747723277385335
d_col_trf = -1588.0172320547283
trf_mirror_tilt_x = 0.026335452566574588
trf_mirror_tilt_y = 0.16223573491042548
d_col_grm = -0.004857998809266624
grism_dec_x = 236.42327324172854
grism_dec_y = 0.03814120330692105
grm_tilt_x = -0.014051422964385265
grm_tilt_y = 2.305277548638514
grm_G = 222.8240043406148
grm_apex = 17.791069328929627
d_grm_cam  = 21.60982302613909
cam_dec_x = -0.309541048177761
cam_dec_y = 0.2472250391655466
cam_tilt_x = -0.011071876144409434
cam_tilt_y = 0.0037359175604959396
d_cam_ff  = -160.05769770368548
ccd_ff_dec_x = -0.0026008655545288863
ccd_ff_dec_y = 0.053026846345017045
ccd_ff_tilt_x = 0.019531453168550872
ccd_ff_tilt_y = -0.5728014807912978
ccd_ff_tilt_z = 0.18004588144713107
d_ff_ccd  = -4.83890856994634
ccd_dec_x = 0.6214100456368464
ccd_dec_y = 5.157148382586098
ccd_defocus = 0.28076697896866243
ccd_tilt_x = 0.005049274235650353
ccd_tilt_y = -0.010921201007524894
ccd_tilt_z = 5.119358730712922e-06
p = 0.0001