slit_dec_x_a = -0.181778666534
slit_dec_y_a = -0.18243150017
slit_dec_x_b = 0.14512077562974193
slit_dec_y_b = -0.05510809031835813
slit_defocus = -0.01379004286795676
slit_tilt_x = 1.0541163669010394
slit_tilt_y = -8.560016391943563
slit_tilt_z = -9.026859722300822
d_slit_col = 1594.2903630845874
coll_tilt_x = 0.12146602737095478
coll_tilt_y = -0.02644369508115231
ech_G = 31.614565760948775
ech_blaze = -74.99489245582434
ech_gamma = 1.1556424945801096
echelle_z = 0.05699955532841695
d_col_trf = -1588.0163616917741
trf_mirror_tilt_x = 0.00733316422148646
trf_mirror_tilt_y = 0.15547097155012882
d_col_grm = 0.03560153177373537
grism_dec_x = 236.38314849977542
grism_dec_y = 0.009199958888992398
grm_tilt_x = -0.02350479052816291
grm_tilt_y = 2.3257949269095604
grm_G = 222.78406543746468
grm_apex = 17.76654821811492
d_grm_cam  = 21.604700505043773
cam_dec_x = -0.27108343702817456
cam_dec_y = 0.29089657113651163
cam_tilt_x = 0.012448568581016861
cam_tilt_y = 0.008845803744063269
d_cam_ff  = -160.0773366297735
ccd_ff_dec_x = -0.02380373161125777
ccd_ff_dec_y = 0.04202038540876277
ccd_ff_tilt_x = 0.033412549333217634
ccd_ff_tilt_y = -0.5909871031134087
ccd_ff_tilt_z = 0.17191584576081495
d_ff_ccd  = -4.815930579141952
ccd_dec_x = 0.5532980080407787
ccd_dec_y = 5.107629537288574
ccd_defocus = 0.2858459399626522
ccd_tilt_x = 0.03263410962789186
ccd_tilt_y = -0.002176368881567276
ccd_tilt_z = 4.703956347565992e-06
p = 0.0001