slit_dec_x_a = -0.1704010755187174
slit_dec_y_a = -0.1956586180351446
slit_dec_x_b = 0.175
slit_dec_y_b = -1.8165857330367987e-96
slit_defocus = 0.02150376959784948
slit_tilt_x = 1.1139640269126518
slit_tilt_y = -8.538457091930542
slit_tilt_z = -8.991613395453776
d_slit_col = 1594.3099533618447
coll_tilt_x = 0.11316224911957347
coll_tilt_y = -0.028910105784463173
ech_G = 31.613229319440144
ech_blaze = -74.97483753632478
ech_gamma = 1.1389758771709073
echelle_z = 0.07476994199834562
d_col_trf = -1588.0172270474168
trf_mirror_tilt_x = 0.02629248214318616
trf_mirror_tilt_y = 0.1622727147435066
d_col_grm = -0.0048482396944454055
grism_dec_x = 236.42331008437475
grism_dec_y = 0.03818916784536806
grm_tilt_x = -0.014057086328763194
grm_tilt_y = 2.3052776004162956
grm_G = 222.82400398171032
grm_apex = 17.79102164899759
d_grm_cam  = 21.60981635299444
cam_dec_x = -0.3095122126361705
cam_dec_y = 0.24727008095549688
cam_tilt_x = -0.01106132621464455
cam_tilt_y = 0.003796447353270776
d_cam_ff  = -160.05726366035995
ccd_ff_dec_x = -0.0026022473066201293
ccd_ff_dec_y = 0.05300007964415057
ccd_ff_tilt_x = 0.019472083706371855
ccd_ff_tilt_y = -0.5728001756336605
ccd_ff_tilt_z = 0.180053626815418
d_ff_ccd  = -4.838945592380474
ccd_dec_x = 0.6214104854022898
ccd_dec_y = 5.157150475445704
ccd_defocus = 0.28076518674816847
ccd_tilt_x = 0.005030756203528313
ccd_tilt_y = -0.010924677459539794
ccd_tilt_z = 5.071715588002646e-06
p = 0.0001