slit_dec_x_a = -0.181778666534
slit_dec_y_a = -0.18243150017
slit_dec_x_b = 0.14512077562974193
slit_dec_y_b = -0.05510809031835813
slit_defocus = -0.013827778979139869
slit_tilt_x = 1.0540746309487288
slit_tilt_y = -8.559972616508006
slit_tilt_z = -9.026854574952381
d_slit_col = 1594.290299777627
coll_tilt_x = 0.12146856242686213
coll_tilt_y = -0.026500955895316983
ech_G = 31.614560858521763
ech_blaze = -74.99489161326119
ech_gamma = 1.1556409148164506
echelle_z = 0.05699694206931086
d_col_trf = -1588.0163645627597
trf_mirror_tilt_x = 0.007281583612426059
trf_mirror_tilt_y = 0.15546926529706856
d_col_grm = 0.03567949547057209
grism_dec_x = 236.38316920012088
grism_dec_y = 0.009295467522443169
grm_tilt_x = -0.02349923430505694
grm_tilt_y = 2.325789072426841
grm_G = 222.7840685756231
grm_apex = 17.766601761162697
d_grm_cam  = 21.604700940987346
cam_dec_x = -0.27110069938677445
cam_dec_y = 0.2909354627001692
cam_tilt_x = 0.012450330297742026
cam_tilt_y = 0.008827616654554275
d_cam_ff  = -160.07694882726236
ccd_ff_dec_x = -0.023804477598400105
ccd_ff_dec_y = 0.042088452175900445
ccd_ff_tilt_x = 0.03347194239828026
ccd_ff_tilt_y = -0.590979010614033
ccd_ff_tilt_z = 0.1719241327045129
d_ff_ccd  = -4.8159682809331805
ccd_dec_x = 0.5532911837882041
ccd_dec_y = 5.107637322584925
ccd_defocus = 0.285735957308508
ccd_tilt_x = 0.032610357373177176
ccd_tilt_y = -0.0021706575307080173
ccd_tilt_z = 4.685175833614711e-06
p = 0.0001