slit_dec_x_a = -0.1704010755187174
slit_dec_y_a = -0.1956586180351446
slit_dec_x_b = 0.175
slit_dec_y_b = -1.83684841411782e-96
slit_defocus = 0.02137673580331697
slit_tilt_x = 1.11402462024369
slit_tilt_y = -8.53835368226312
slit_tilt_z = -8.991602601760412
d_slit_col = 1594.3099595443175
coll_tilt_x = 0.11316592085903601
coll_tilt_y = -0.028896998725304976
ech_G = 31.61322929074929
ech_blaze = -74.97482792375826
ech_gamma = 1.1389713357506959
echelle_z = 0.07477623273542053
d_col_trf = -1588.01723019671
trf_mirror_tilt_x = 0.026301884776781397
trf_mirror_tilt_y = 0.1622149079765922
d_col_grm = -0.004864941401531884
grism_dec_x = 236.42328106484342
grism_dec_y = 0.038194752370435195
grm_tilt_x = -0.014057002791031533
grm_tilt_y = 2.305270505773389
grm_G = 222.82400274068416
grm_apex = 17.791065062138856
d_grm_cam  = 21.609814570216265
cam_dec_x = -0.30953763858715017
cam_dec_y = 0.2472267478252532
cam_tilt_x = -0.011086758678530446
cam_tilt_y = 0.003787465381554275
d_cam_ff  = -160.0575038212768
ccd_ff_dec_x = -0.0025992577452868815
ccd_ff_dec_y = 0.05299014960260933
ccd_ff_tilt_x = 0.019520302891008028
ccd_ff_tilt_y = -0.5728021775881389
ccd_ff_tilt_z = 0.1800544563692109
d_ff_ccd  = -4.838954590402377
ccd_dec_x = 0.6214108499710489
ccd_dec_y = 5.157145352029343
ccd_defocus = 0.28072015893379126
ccd_tilt_x = 0.005084888895158216
ccd_tilt_y = -0.010902008070790416
ccd_tilt_z = 5.02598521156591e-06
p = 0.0001