slit_dec_x_a = -0.1704010755187174
slit_dec_y_a = -0.1956586180351446
slit_dec_x_b = 0.175
slit_dec_y_b = -1.812637948691812e-96
slit_defocus = 0.021364205116870958
slit_tilt_x = 1.1139854442301014
slit_tilt_y = -8.538415127992767
slit_tilt_z = -8.991627247686324
d_slit_col = 1594.3100185090448
coll_tilt_x = 0.11324417719011536
coll_tilt_y = -0.028850144021706867
ech_G = 31.61323138577348
ech_blaze = -74.97482896190782
ech_gamma = 1.1389811976337973
echelle_z = 0.07477087913182709
d_col_trf = -1588.0172367352977
trf_mirror_tilt_x = 0.02627763544168359
trf_mirror_tilt_y = 0.1621930549082868
d_col_grm = -0.004875483462877413
grism_dec_x = 236.42333268833536
grism_dec_y = 0.038136342236506124
grm_tilt_x = -0.01405766990865632
grm_tilt_y = 2.305263871367135
grm_G = 222.8239981990478
grm_apex = 17.79109926664548
d_grm_cam  = 21.609810423382342
cam_dec_x = -0.3095947041382257
cam_dec_y = 0.24723986578096696
cam_tilt_x = -0.011060631912510862
cam_tilt_y = 0.0038091737533267928
d_cam_ff  = -160.05725060220328
ccd_ff_dec_x = -0.0025971989561887616
ccd_ff_dec_y = 0.05300035449749448
ccd_ff_tilt_x = 0.019490909192185914
ccd_ff_tilt_y = -0.5728024142714886
ccd_ff_tilt_z = 0.18005184869517435
d_ff_ccd  = -4.838981289030789
ccd_dec_x = 0.621396718314407
ccd_dec_y = 5.157148335417909
ccd_defocus = 0.2807224217291253
ccd_tilt_x = 0.005060310103885247
ccd_tilt_y = -0.010952845964364098
ccd_tilt_z = 5.069161089539207e-06
p = 0.0001