slit_dec_x_a = -0.181778666534
slit_dec_y_a = -0.18243150017
slit_dec_x_b = 0.14512077562974193
slit_dec_y_b = -0.05510809031835813
slit_defocus = -0.013775205490227663
slit_tilt_x = 1.0541182223858434
slit_tilt_y = -8.560007263315875
slit_tilt_z = -9.026915602913821
d_slit_col = 1594.2903446058651
coll_tilt_x = 0.12142466254445089
coll_tilt_y = -0.02646696286654731
ech_G = 31.61456410783388
ech_blaze = -74.9948827175869
ech_gamma = 1.1556429887349287
echelle_z = 0.05699891846482157
d_col_trf = -1588.016363405943
trf_mirror_tilt_x = 0.007284809895755814
trf_mirror_tilt_y = 0.1554927971000523
d_col_grm = 0.03563114972033391
grism_dec_x = 236.38323797758596
grism_dec_y = 0.009238704526670876
grm_tilt_x = -0.023508581022870748
grm_tilt_y = 2.3257839716371063
grm_G = 222.78406895642772
grm_apex = 17.7665366077008
d_grm_cam  = 21.604703774314764
cam_dec_x = -0.2711046249666668
cam_dec_y = 0.29092672344891807
cam_tilt_x = 0.012435126713135595
cam_tilt_y = 0.008790301057195023
d_cam_ff  = -160.07709654117937
ccd_ff_dec_x = -0.023799407609686924
ccd_ff_dec_y = 0.041982016090256064
ccd_ff_tilt_x = 0.03347362690532539
ccd_ff_tilt_y = -0.5909799064423616
ccd_ff_tilt_z = 0.17192292604856185
d_ff_ccd  = -4.815969140999097
ccd_dec_x = 0.5532939172004551
ccd_dec_y = 5.107628937975183
ccd_defocus = 0.2858150333853895
ccd_tilt_x = 0.03259164372934137
ccd_tilt_y = -0.0022064325444433462
ccd_tilt_z = 4.69188855973536e-06
p = 0.0001