slit_dec_x_a = -0.181778666534
slit_dec_y_a = -0.18243150017
slit_dec_x_b = 0.14512077562974193
slit_dec_y_b = -0.05510809031835813
slit_defocus = -0.013772007582481241
slit_tilt_x = 1.0541015765480015
slit_tilt_y = -8.559972813891788
slit_tilt_z = -9.026906525977308
d_slit_col = 1594.290297476321
coll_tilt_x = 0.12150163288394181
coll_tilt_y = -0.026489682220349264
ech_G = 31.614560360070932
ech_blaze = -74.99488349459419
ech_gamma = 1.1556459231271303
echelle_z = 0.057004392907418294
d_col_trf = -1588.0163664579588
trf_mirror_tilt_x = 0.007325108020341999
trf_mirror_tilt_y = 0.15545030996957548
d_col_grm = 0.03559051420603336
grism_dec_x = 236.38324391987152
grism_dec_y = 0.009207565951353686
grm_tilt_x = -0.023509981301263427
grm_tilt_y = 2.3257791550663343
grm_G = 222.7840717583105
grm_apex = 17.76643608877274
d_grm_cam  = 21.60470716223767
cam_dec_x = -0.27108249880069285
cam_dec_y = 0.2908678533223923
cam_tilt_x = 0.0125286601041104
cam_tilt_y = 0.008818088202790092
d_cam_ff  = -160.07699598609693
ccd_ff_dec_x = -0.02380668877813407
ccd_ff_dec_y = 0.041972729807560574
ccd_ff_tilt_x = 0.03351825177861945
ccd_ff_tilt_y = -0.5909827413979705
ccd_ff_tilt_z = 0.17192069499422363
d_ff_ccd  = -4.815998899191829
ccd_dec_x = 0.5533004391153886
ccd_dec_y = 5.107629452950587
ccd_defocus = 0.28574807752319237
ccd_tilt_x = 0.03258736133987071
ccd_tilt_y = -0.002194414141357009
ccd_tilt_z = 4.734523694570931e-06
p = 0.0001