slit_dec_x_a = -0.181778666534
slit_dec_y_a = -0.18243150017
slit_dec_x_b = 0.14512077562974193
slit_dec_y_b = -0.05510809031835813
slit_defocus = -0.013786182191906702
slit_tilt_x = 1.0540598977780549
slit_tilt_y = -8.559939758642033
slit_tilt_z = -9.026913893615465
d_slit_col = 1594.2902878269456
coll_tilt_x = 0.12140864993019138
coll_tilt_y = -0.026471065433095086
ech_G = 31.614563725728203
ech_blaze = -74.99488786162685
ech_gamma = 1.155642338369191
echelle_z = 0.05700434289579285
d_col_trf = -1588.0163679043312
trf_mirror_tilt_x = 0.007356175704066226
trf_mirror_tilt_y = 0.15547759402810207
d_col_grm = 0.035638965470922664
grism_dec_x = 236.38323886825907
grism_dec_y = 0.009266182112940856
grm_tilt_x = -0.02350386859818685
grm_tilt_y = 2.3257942452617666
grm_G = 222.78406692671533
grm_apex = 17.766476686147094
d_grm_cam  = 21.604696621399896
cam_dec_x = -0.27102640673736167
cam_dec_y = 0.2908460966766607
cam_tilt_x = 0.012409217178025097
cam_tilt_y = 0.008792207859496555
d_cam_ff  = -160.07714945619276
ccd_ff_dec_x = -0.023801214100755756
ccd_ff_dec_y = 0.042043194236065694
ccd_ff_tilt_x = 0.03349383524487097
ccd_ff_tilt_y = -0.5909794704122415
ccd_ff_tilt_z = 0.17191725531283786
d_ff_ccd  = -4.815965478900747
ccd_dec_x = 0.5532957949627056
ccd_dec_y = 5.107634110224355
ccd_defocus = 0.28575328834938585
ccd_tilt_x = 0.032559329112066444
ccd_tilt_y = -0.002174821779406401
ccd_tilt_z = 4.6933798549289984e-06
p = 0.0001