slit_dec_x_a = -0.181778666534
slit_dec_y_a = -0.18243150017
slit_dec_x_b = 0.14512077562974193
slit_dec_y_b = -0.05510809031835813
slit_defocus = -0.013786379924092696
slit_tilt_x = 1.0541150886376227
slit_tilt_y = -8.560014176840987
slit_tilt_z = -9.026780109927591
d_slit_col = 1594.2903266233648
coll_tilt_x = 0.1214721205566132
coll_tilt_y = -0.026518600137325897
ech_G = 31.614566211445588
ech_blaze = -74.99489031261652
ech_gamma = 1.1556408336760524
echelle_z = 0.05700012722506719
d_col_trf = -1588.0163632460583
trf_mirror_tilt_x = 0.00729362204728428
trf_mirror_tilt_y = 0.15554107655946875
d_col_grm = 0.035657541057569346
grism_dec_x = 236.3831901497741
grism_dec_y = 0.00928797520981643
grm_tilt_x = -0.023509029505915827
grm_tilt_y = 2.3257889081516354
grm_G = 222.78407031329638
grm_apex = 17.76655777597712
d_grm_cam  = 21.604699402380177
cam_dec_x = -0.2711186843798056
cam_dec_y = 0.29086629084410437
cam_tilt_x = 0.012362619270965875
cam_tilt_y = 0.008860615657506612
d_cam_ff  = -160.0770528028201
ccd_ff_dec_x = -0.023802070644413205
ccd_ff_dec_y = 0.04208876592384593
ccd_ff_tilt_x = 0.03347923793109201
ccd_ff_tilt_y = -0.5909839412137956
ccd_ff_tilt_z = 0.17191914313317955
d_ff_ccd  = -4.815958695218392
ccd_dec_x = 0.5533014803900146
ccd_dec_y = 5.107638611693297
ccd_defocus = 0.28578049589024085
ccd_tilt_x = 0.03260172624753741
ccd_tilt_y = -0.002144421453027146
ccd_tilt_z = 4.610364087098274e-06
p = 0.0001