slit_dec_x_a = -0.1704010755187174
slit_dec_y_a = -0.1956586180351446
slit_dec_x_b = 0.175
slit_dec_y_b = -1.7996386398645995e-96
slit_defocus = 0.02135288593466912
slit_tilt_x = 1.1140831147532348
slit_tilt_y = -8.538381027391301
slit_tilt_z = -8.991689756116411
d_slit_col = 1594.31004774865
coll_tilt_x = 0.11320649847502268
coll_tilt_y = -0.028895127447851335
ech_G = 31.613228211258484
ech_blaze = -74.97483298105328
ech_gamma = 1.1389742253930915
echelle_z = 0.07476874624557332
d_col_trf = -1588.0172330618977
trf_mirror_tilt_x = 0.02629036124932661
trf_mirror_tilt_y = 0.16221123030511145
d_col_grm = -0.004829008778469661
grism_dec_x = 236.42336823950626
grism_dec_y = 0.038139749804464336
grm_tilt_x = -0.014059160193267355
grm_tilt_y = 2.3052750535880318
grm_G = 222.82400560644507
grm_apex = 17.791010527633762
d_grm_cam  = 21.609813556258835
cam_dec_x = -0.3096255972590856
cam_dec_y = 0.24727200779788652
cam_tilt_x = -0.011047211374758094
cam_tilt_y = 0.003773906257392957
d_cam_ff  = -160.05768823638934
ccd_ff_dec_x = -0.0025948942317219463
ccd_ff_dec_y = 0.05305674263831208
ccd_ff_tilt_x = 0.019413659766442215
ccd_ff_tilt_y = -0.5728083242871166
ccd_ff_tilt_z = 0.1800496094912689
d_ff_ccd  = -4.839008574237222
ccd_dec_x = 0.6214059065313684
ccd_dec_y = 5.157151790784132
ccd_defocus = 0.2807456341958936
ccd_tilt_x = 0.0049501832521262395
ccd_tilt_y = -0.010872963723077953
ccd_tilt_z = 5.094160950917777e-06
p = 0.0001