slit_dec_x_a = -0.1704010755187174
slit_dec_y_a = -0.1956586180351446
slit_dec_x_b = 0.175
slit_dec_y_b = -1.7623176444122973e-96
slit_defocus = 0.021353634675439676
slit_tilt_x = 1.1139849229062184
slit_tilt_y = -8.53842428214253
slit_tilt_z = -8.99164449617203
d_slit_col = 1594.3099229574598
coll_tilt_x = 0.11319007086891009
coll_tilt_y = -0.02885281692985109
ech_G = 31.613232482461036
ech_blaze = -74.97482875867749
ech_gamma = 1.1389686125737912
echelle_z = 0.07476863099285841
d_col_trf = -1588.0172278503503
trf_mirror_tilt_x = 0.026293495908686466
trf_mirror_tilt_y = 0.1622261095700962
d_col_grm = -0.004814541404830168
grism_dec_x = 236.4233225346693
grism_dec_y = 0.03814982903320894
grm_tilt_x = -0.014054023392362938
grm_tilt_y = 2.3052742955921026
grm_G = 222.82399856540727
grm_apex = 17.79107605663483
d_grm_cam  = 21.609817075026868
cam_dec_x = -0.3095012892192089
cam_dec_y = 0.2473043973504722
cam_tilt_x = -0.011136265111080498
cam_tilt_y = 0.0037609986761744933
d_cam_ff  = -160.0573165569251
ccd_ff_dec_x = -0.002597137858468318
ccd_ff_dec_y = 0.05303737189079472
ccd_ff_tilt_x = 0.01959045137567737
ccd_ff_tilt_y = -0.5728022030235881
ccd_ff_tilt_z = 0.18004251389170253
d_ff_ccd  = -4.83892551323743
ccd_dec_x = 0.6214002160517633
ccd_dec_y = 5.157150820973063
ccd_defocus = 0.28078714712717445
ccd_tilt_x = 0.004970783767449898
ccd_tilt_y = -0.010900082457804178
ccd_tilt_z = 5.15202085810442e-06
p = 0.0001