slit_dec_x_a = -0.1704010755187174
slit_dec_y_a = -0.1956586180351446
slit_dec_x_b = 0.175
slit_dec_y_b = -1.90765452172821e-96
slit_defocus = 0.02135094651009211
slit_tilt_x = 1.1139940759071412
slit_tilt_y = -8.538424543306435
slit_tilt_z = -8.991559415866638
d_slit_col = 1594.3100233815474
coll_tilt_x = 0.11321650325028242
coll_tilt_y = -0.028899174984730696
ech_G = 31.613223993315575
ech_blaze = -74.97482652920198
ech_gamma = 1.1389726693645492
echelle_z = 0.07476833838362176
d_col_trf = -1588.0172326300835
trf_mirror_tilt_x = 0.026381201606866935
trf_mirror_tilt_y = 0.16220789542608732
d_col_grm = -0.004818395271903823
grism_dec_x = 236.42332841365229
grism_dec_y = 0.03818951761912217
grm_tilt_x = -0.014058017398415555
grm_tilt_y = 2.3052779781532444
grm_G = 222.82400404053425
grm_apex = 17.79097758225613
d_grm_cam  = 21.609816498773288
cam_dec_x = -0.3096328820833719
cam_dec_y = 0.24727919891846983
cam_tilt_x = -0.011040882225838995
cam_tilt_y = 0.0037488393373244803
d_cam_ff  = -160.05718061256692
ccd_ff_dec_x = -0.0026009324154934008
ccd_ff_dec_y = 0.0530458955896507
ccd_ff_tilt_x = 0.01950136326661116
ccd_ff_tilt_y = -0.5728021079840829
ccd_ff_tilt_z = 0.18005521601681845
d_ff_ccd  = -4.838918710601213
ccd_dec_x = 0.6214065397803292
ccd_dec_y = 5.157145079914047
ccd_defocus = 0.28070287783078907
ccd_tilt_x = 0.005071694533427014
ccd_tilt_y = -0.01094686912047762
ccd_tilt_z = 5.05961383889013e-06
p = 0.0001