slit_dec_x_a = -0.1704010755187174
slit_dec_y_a = -0.1956586180351446
slit_dec_x_b = 0.175
slit_dec_y_b = -1.8062692213205576e-96
slit_defocus = 0.021396436504379564
slit_tilt_x = 1.1139515224618324
slit_tilt_y = -8.53841155782289
slit_tilt_z = -8.9915747616335
d_slit_col = 1594.309991242616
coll_tilt_x = 0.11319499384083084
coll_tilt_y = -0.028919029295614764
ech_G = 31.613234591233088
ech_blaze = -74.97482382798636
ech_gamma = 1.1389681931002102
echelle_z = 0.07477298461612149
d_col_trf = -1588.0172278995954
trf_mirror_tilt_x = 0.02632204663570163
trf_mirror_tilt_y = 0.1622604825391418
d_col_grm = -0.00477722772144898
grism_dec_x = 236.42332850586365
grism_dec_y = 0.03816309705548082
grm_tilt_x = -0.0140578693943099
grm_tilt_y = 2.305278966094123
grm_G = 222.82401018873216
grm_apex = 17.79106052770194
d_grm_cam  = 21.609816977866544
cam_dec_x = -0.3095812355881766
cam_dec_y = 0.2473679894236565
cam_tilt_x = -0.011055387398498113
cam_tilt_y = 0.0037975940672098905
d_cam_ff  = -160.05737410410046
ccd_ff_dec_x = -0.0025937686041834817
ccd_ff_dec_y = 0.05302762314994184
ccd_ff_tilt_x = 0.019486168378949006
ccd_ff_tilt_y = -0.5728020116255098
ccd_ff_tilt_z = 0.1800488118577781
d_ff_ccd  = -4.838938560351785
ccd_dec_x = 0.6214053251707813
ccd_dec_y = 5.157144470175052
ccd_defocus = 0.2806991253292735
ccd_tilt_x = 0.005033158342239851
ccd_tilt_y = -0.010965438577654066
ccd_tilt_z = 5.128642054308727e-06
p = 0.0001