slit_dec_x_a = -0.181778666534
slit_dec_y_a = -0.18243150017
slit_dec_x_b = 0.14512077562974193
slit_dec_y_b = -0.05510809031835813
slit_defocus = -0.013818562613443441
slit_tilt_x = 1.05406924800185
slit_tilt_y = -8.559851865600287
slit_tilt_z = -9.026909495726418
d_slit_col = 1594.2902766520954
coll_tilt_x = 0.12143792042185021
coll_tilt_y = -0.026469879208183708
ech_G = 31.61456347007309
ech_blaze = -74.99488489699259
ech_gamma = 1.155645756781891
echelle_z = 0.05699875744887937
d_col_trf = -1588.0163621851013
trf_mirror_tilt_x = 0.0073028475073599625
trf_mirror_tilt_y = 0.15542572258824738
d_col_grm = 0.03569285390598177
grism_dec_x = 236.38321648637907
grism_dec_y = 0.009206018026170725
grm_tilt_x = -0.02350276133444774
grm_tilt_y = 2.325787933029799
grm_G = 222.7840719113821
grm_apex = 17.766569882702186
d_grm_cam  = 21.6047037523511
cam_dec_x = -0.2710807403160332
cam_dec_y = 0.2908458446034319
cam_tilt_x = 0.012400491810994133
cam_tilt_y = 0.00880855670730629
d_cam_ff  = -160.07713383328263
ccd_ff_dec_x = -0.023800443095232243
ccd_ff_dec_y = 0.04205361724499636
ccd_ff_tilt_x = 0.033550834579001175
ccd_ff_tilt_y = -0.5909811873873024
ccd_ff_tilt_z = 0.1719186727077706
d_ff_ccd  = -4.8160703614788565
ccd_dec_x = 0.5532926102787674
ccd_dec_y = 5.107635897173657
ccd_defocus = 0.2858039986687365
ccd_tilt_x = 0.032600025409618816
ccd_tilt_y = -0.002115413213070487
ccd_tilt_z = 4.690751284726087e-06
p = 0.0001