slit_dec_x_a = -0.1704010755187174
slit_dec_y_a = -0.1956586180351446
slit_dec_x_b = 0.175
slit_dec_y_b = -1.8642451765724332e-96
slit_defocus = 0.0214097483023447
slit_tilt_x = 1.1138984917879875
slit_tilt_y = -8.538455836001653
slit_tilt_z = -8.991583498000136
d_slit_col = 1594.3100444807346
coll_tilt_x = 0.11317079890112393
coll_tilt_y = -0.02894389051193802
ech_G = 31.613228379553142
ech_blaze = -74.97482794812399
ech_gamma = 1.1389751495780276
echelle_z = 0.07477332970615509
d_col_trf = -1588.017229959584
trf_mirror_tilt_x = 0.026321384613567672
trf_mirror_tilt_y = 0.16228497336791145
d_col_grm = -0.004834146041221389
grism_dec_x = 236.42329447876577
grism_dec_y = 0.03818535043841994
grm_tilt_x = -0.014056778777296764
grm_tilt_y = 2.3052717056428054
grm_G = 222.8240006077246
grm_apex = 17.791023756201383
d_grm_cam  = 21.609810467322443
cam_dec_x = -0.3095792948298068
cam_dec_y = 0.24727895109526263
cam_tilt_x = -0.011102921034199536
cam_tilt_y = 0.0038359311659690817
d_cam_ff  = -160.05741953188027
ccd_ff_dec_x = -0.002604975966014819
ccd_ff_dec_y = 0.053032853473114934
ccd_ff_tilt_x = 0.01952578957379254
ccd_ff_tilt_y = -0.5728046800431961
ccd_ff_tilt_z = 0.18006101712552428
d_ff_ccd  = -4.838895701507099
ccd_dec_x = 0.6213922244884887
ccd_dec_y = 5.157154570046712
ccd_defocus = 0.280758338868142
ccd_tilt_x = 0.005047496828854664
ccd_tilt_y = -0.01094165095307431
ccd_tilt_z = 5.068786157391684e-06
p = 0.0001