slit_dec_x_a = -0.181778666534
slit_dec_y_a = -0.18243150017
slit_dec_x_b = 0.14512077562974193
slit_dec_y_b = -0.05510809031835813
slit_defocus = -0.013824336126086866
slit_tilt_x = 1.0540918775574093
slit_tilt_y = -8.560008029890984
slit_tilt_z = -9.02684983770589
d_slit_col = 1594.2902114935212
coll_tilt_x = 0.12146475616121923
coll_tilt_y = -0.02656656230158455
ech_G = 31.61455728826409
ech_blaze = -74.99487851279302
ech_gamma = 1.1556379994289452
echelle_z = 0.057003759737979685
d_col_trf = -1588.0163605101957
trf_mirror_tilt_x = 0.007250894632170306
trf_mirror_tilt_y = 0.15547132819036594
d_col_grm = 0.035661470385857666
grism_dec_x = 236.383262951944
grism_dec_y = 0.00926583027295432
grm_tilt_x = -0.023503270183578243
grm_tilt_y = 2.325786849284087
grm_G = 222.7840662138041
grm_apex = 17.76649374557768
d_grm_cam  = 21.604694305901855
cam_dec_x = -0.27119941946220594
cam_dec_y = 0.2908338973957612
cam_tilt_x = 0.012460734454603523
cam_tilt_y = 0.008797685191652553
d_cam_ff  = -160.07717317601376
ccd_ff_dec_x = -0.023799084594677635
ccd_ff_dec_y = 0.04207222680418675
ccd_ff_tilt_x = 0.0333794524006673
ccd_ff_tilt_y = -0.5909840151170568
ccd_ff_tilt_z = 0.17192191771240417
d_ff_ccd  = -4.816016751334781
ccd_dec_x = 0.5532983764360202
ccd_dec_y = 5.107630147734271
ccd_defocus = 0.28571893904306783
ccd_tilt_x = 0.0325338507039152
ccd_tilt_y = -0.0021179872013459802
ccd_tilt_z = 4.674985197266049e-06
p = 0.0001