slit_dec_x_a = -0.181778666534
slit_dec_y_a = -0.18243150017
slit_dec_x_b = 0.14512077562974193
slit_dec_y_b = -0.05510809031835813
slit_defocus = -0.013791054104667112
slit_tilt_x = 1.0541190719074518
slit_tilt_y = -8.559920546965511
slit_tilt_z = -9.026900946882966
d_slit_col = 1594.2903769804857
coll_tilt_x = 0.12146561964428111
coll_tilt_y = -0.026493204546577206
ech_G = 31.614559176036057
ech_blaze = -74.99488543372013
ech_gamma = 1.1556422037024452
echelle_z = 0.057007301137621896
d_col_trf = -1588.0163599520183
trf_mirror_tilt_x = 0.0072847806884602725
trf_mirror_tilt_y = 0.15551383080096565
d_col_grm = 0.03562273451142764
grism_dec_x = 236.38319782452405
grism_dec_y = 0.009264301276337369
grm_tilt_x = -0.02350582837460688
grm_tilt_y = 2.325791743377045
grm_G = 222.784069346258
grm_apex = 17.766519581287366
d_grm_cam  = 21.60470127559181
cam_dec_x = -0.27111149727399797
cam_dec_y = 0.29094850530646343
cam_tilt_x = 0.01244489698193231
cam_tilt_y = 0.008883589926183029
d_cam_ff  = -160.07724495781116
ccd_ff_dec_x = -0.023801897791229914
ccd_ff_dec_y = 0.042017415341806676
ccd_ff_tilt_x = 0.03345741176354871
ccd_ff_tilt_y = -0.5909753651303619
ccd_ff_tilt_z = 0.17191638867961492
d_ff_ccd  = -4.816013829476446
ccd_dec_x = 0.5532977650022619
ccd_dec_y = 5.10763421240567
ccd_defocus = 0.2857875017845977
ccd_tilt_x = 0.03257646925880518
ccd_tilt_y = -0.002112081776500772
ccd_tilt_z = 4.660562691464289e-06
p = 0.0001