slit_dec_x_a = -0.181778666534
slit_dec_y_a = -0.18243150017
slit_dec_x_b = 0.14512077562974193
slit_dec_y_b = -0.05510809031835813
slit_defocus = -0.013807191506334601
slit_tilt_x = 1.0540771233196558
slit_tilt_y = -8.559979479293016
slit_tilt_z = -9.026871636696887
d_slit_col = 1594.2902579607094
coll_tilt_x = 0.12148781956913378
coll_tilt_y = -0.026460120813697037
ech_G = 31.614565764958368
ech_blaze = -74.99489173231045
ech_gamma = 1.155643277524083
echelle_z = 0.057005342492748516
d_col_trf = -1588.0163663136163
trf_mirror_tilt_x = 0.007345079138075589
trf_mirror_tilt_y = 0.15548373926280032
d_col_grm = 0.035672758045177326
grism_dec_x = 236.38320014377283
grism_dec_y = 0.009274370888990231
grm_tilt_x = -0.0235106555888149
grm_tilt_y = 2.3257902491946614
grm_G = 222.78407523001363
grm_apex = 17.766552654421005
d_grm_cam  = 21.604698633346704
cam_dec_x = -0.27106101420451534
cam_dec_y = 0.29090227717765477
cam_tilt_x = 0.012468942714077492
cam_tilt_y = 0.008760024954024446
d_cam_ff  = -160.07730907898565
ccd_ff_dec_x = -0.023799989721039753
ccd_ff_dec_y = 0.041984916323976426
ccd_ff_tilt_x = 0.03350878623847496
ccd_ff_tilt_y = -0.590983862957359
ccd_ff_tilt_z = 0.17191898831190294
d_ff_ccd  = -4.816026731861567
ccd_dec_x = 0.5532890671167903
ccd_dec_y = 5.10763460517985
ccd_defocus = 0.2857087755483234
ccd_tilt_x = 0.032571986388325556
ccd_tilt_y = -0.002121272224409267
ccd_tilt_z = 4.688812149630955e-06
p = 0.0001