slit_dec_x_a = -0.1704010755187174
slit_dec_y_a = -0.1956586180351446
slit_dec_x_b = 0.175
slit_dec_y_b = -1.8705557665926063e-96
slit_defocus = 0.02139420600016404
slit_tilt_x = 1.1140042615169992
slit_tilt_y = -8.53836768609384
slit_tilt_z = -8.991689228565813
d_slit_col = 1594.3099566842445
coll_tilt_x = 0.11320092746098137
coll_tilt_y = -0.028913764233018825
ech_G = 31.61323740096674
ech_blaze = -74.97483220592744
ech_gamma = 1.1389807906221319
echelle_z = 0.07477766744845553
d_col_trf = -1588.0172360217152
trf_mirror_tilt_x = 0.02626807288617543
trf_mirror_tilt_y = 0.16227280875739367
d_col_grm = -0.004871033114249955
grism_dec_x = 236.4233064061895
grism_dec_y = 0.03817589424392182
grm_tilt_x = -0.014050568421584789
grm_tilt_y = 2.3052744019384677
grm_G = 222.82400298624935
grm_apex = 17.791057300063954
d_grm_cam  = 21.60981454746302
cam_dec_x = -0.3095018880580431
cam_dec_y = 0.24733565438693877
cam_tilt_x = -0.011089745473416634
cam_tilt_y = 0.0037620534629460843
d_cam_ff  = -160.05718545452186
ccd_ff_dec_x = -0.002594350345960299
ccd_ff_dec_y = 0.05304515788688135
ccd_ff_tilt_x = 0.01952885228134422
ccd_ff_tilt_y = -0.572799695521776
ccd_ff_tilt_z = 0.18005729889585764
d_ff_ccd  = -4.838907982945795
ccd_dec_x = 0.6214040170679485
ccd_dec_y = 5.157149251850919
ccd_defocus = 0.2807160277253279
ccd_tilt_x = 0.005077334184921713
ccd_tilt_y = -0.010872993665911245
ccd_tilt_z = 5.085502764795443e-06
p = 0.0001