slit_dec_x_a = -0.1704010755187174
slit_dec_y_a = -0.1956586180351446
slit_dec_x_b = 0.175
slit_dec_y_b = -1.8366020730592368e-96
slit_defocus = 0.021381297651866173
slit_tilt_x = 1.11393870197692
slit_tilt_y = -8.538409702739933
slit_tilt_z = -8.991617736695597
d_slit_col = 1594.309923564346
coll_tilt_x = 0.11320753408148108
coll_tilt_y = -0.02892650557346283
ech_G = 31.61323264456568
ech_blaze = -74.97483373534017
ech_gamma = 1.1389698427678208
echelle_z = 0.07477772748880553
d_col_trf = -1588.0172315686539
trf_mirror_tilt_x = 0.026305217689043453
trf_mirror_tilt_y = 0.16217854956368655
d_col_grm = -0.004823044861616219
grism_dec_x = 236.423221969955
grism_dec_y = 0.038206041207869225
grm_tilt_x = -0.014050696811136007
grm_tilt_y = 2.305280328807306
grm_G = 222.82399784888366
grm_apex = 17.791036367835776
d_grm_cam  = 21.609808666161463
cam_dec_x = -0.3095419623652578
cam_dec_y = 0.24728095294941188
cam_tilt_x = -0.011067069306497925
cam_tilt_y = 0.003791029552856935
d_cam_ff  = -160.05757450085324
ccd_ff_dec_x = -0.0026098946770156516
ccd_ff_dec_y = 0.05302482686073108
ccd_ff_tilt_x = 0.019562260569452376
ccd_ff_tilt_y = -0.5728073768008658
ccd_ff_tilt_z = 0.18005096194202627
d_ff_ccd  = -4.838938987866017
ccd_dec_x = 0.6214052287458237
ccd_dec_y = 5.157146113788655
ccd_defocus = 0.28070687793014865
ccd_tilt_x = 0.005069983134373297
ccd_tilt_y = -0.010899728693922814
ccd_tilt_z = 5.048005789091623e-06
p = 0.0001