slit_dec_x_a = -0.181778666534
slit_dec_y_a = -0.18243150017
slit_dec_x_b = 0.14512077562974193
slit_dec_y_b = -0.05510809031835813
slit_defocus = -0.013777970639584754
slit_tilt_x = 1.0540650357459256
slit_tilt_y = -8.559971285459277
slit_tilt_z = -9.026883510159573
d_slit_col = 1594.2903188756998
coll_tilt_x = 0.12141004047390132
coll_tilt_y = -0.026431000087246942
ech_G = 31.614563543416335
ech_blaze = -74.99488495795916
ech_gamma = 1.1556336815347534
echelle_z = 0.0570063912665172
d_col_trf = -1588.016367648069
trf_mirror_tilt_x = 0.007287767616014213
trf_mirror_tilt_y = 0.15548054526659036
d_col_grm = 0.03560522272563116
grism_dec_x = 236.38322177330485
grism_dec_y = 0.009288000782597226
grm_tilt_x = -0.023506233630852438
grm_tilt_y = 2.3257884253449728
grm_G = 222.78407111408822
grm_apex = 17.766542873184036
d_grm_cam  = 21.604700509106006
cam_dec_x = -0.2711579419149187
cam_dec_y = 0.2908781382210463
cam_tilt_x = 0.012431239862467358
cam_tilt_y = 0.008799127965513721
d_cam_ff  = -160.07659967148413
ccd_ff_dec_x = -0.02380684404440689
ccd_ff_dec_y = 0.04200583942261441
ccd_ff_tilt_x = 0.03352802785330219
ccd_ff_tilt_y = -0.5909798803604639
ccd_ff_tilt_z = 0.17191345763735263
d_ff_ccd  = -4.815958110740275
ccd_dec_x = 0.5533042747467474
ccd_dec_y = 5.107633912877676
ccd_defocus = 0.28578595531227347
ccd_tilt_x = 0.03260538369573747
ccd_tilt_y = -0.0021615091147054225
ccd_tilt_z = 4.628465803311594e-06
p = 0.0001