slit_dec_x_a = -0.181778666534
slit_dec_y_a = -0.18243150017
slit_dec_x_b = 0.14512077562974193
slit_dec_y_b = -0.05510809031835813
slit_defocus = -0.013843139211802092
slit_tilt_x = 1.0541337416157455
slit_tilt_y = -8.55995187301898
slit_tilt_z = -9.026848830698503
d_slit_col = 1594.2902801729665
coll_tilt_x = 0.12142421583424227
coll_tilt_y = -0.02650832759691745
ech_G = 31.614561188782865
ech_blaze = -74.99488922991733
ech_gamma = 1.1556437982189194
echelle_z = 0.05701152233627864
d_col_trf = -1588.0163638628312
trf_mirror_tilt_x = 0.007264387143886564
trf_mirror_tilt_y = 0.1554046371276775
d_col_grm = 0.03562806061788532
grism_dec_x = 236.38321068142048
grism_dec_y = 0.0092423778571375
grm_tilt_x = -0.023510367504140563
grm_tilt_y = 2.325792068563956
grm_G = 222.78406805179648
grm_apex = 17.766507648773036
d_grm_cam  = 21.604698447385054
cam_dec_x = -0.27115303385582723
cam_dec_y = 0.2909442915407107
cam_tilt_x = 0.012404951749509974
cam_tilt_y = 0.008791928702463885
d_cam_ff  = -160.07710104683926
ccd_ff_dec_x = -0.02380128940208465
ccd_ff_dec_y = 0.04195906333602911
ccd_ff_tilt_x = 0.03344153385105095
ccd_ff_tilt_y = -0.5909819669357056
ccd_ff_tilt_z = 0.17191741575624753
d_ff_ccd  = -4.816012133399472
ccd_dec_x = 0.5532990763464367
ccd_dec_y = 5.107630877397987
ccd_defocus = 0.2857310863724053
ccd_tilt_x = 0.032590337419496275
ccd_tilt_y = -0.0021429141924897244
ccd_tilt_z = 4.697684223300784e-06
p = 0.0001