slit_dec_x_a = -0.1704010755187174
slit_dec_y_a = -0.1956586180351446
slit_dec_x_b = 0.175
slit_dec_y_b = -1.8101992148171332e-96
slit_defocus = 0.021408453822759455
slit_tilt_x = 1.1140059506286828
slit_tilt_y = -8.53839750539578
slit_tilt_z = -8.991624998508156
d_slit_col = 1594.309988936754
coll_tilt_x = 0.11316558943780891
coll_tilt_y = -0.028916432734128916
ech_G = 31.613232327655066
ech_blaze = -74.97483334117896
ech_gamma = 1.1389783646633247
echelle_z = 0.07477780405222306
d_col_trf = -1588.0172340655718
trf_mirror_tilt_x = 0.026302539734115532
trf_mirror_tilt_y = 0.16232072788331262
d_col_grm = -0.004856248790342464
grism_dec_x = 236.4233739915704
grism_dec_y = 0.03819234194167187
grm_tilt_x = -0.014061514341457262
grm_tilt_y = 2.3052751909539677
grm_G = 222.8240018556556
grm_apex = 17.791061522364114
d_grm_cam  = 21.609821110278943
cam_dec_x = -0.3095484762621266
cam_dec_y = 0.24727258845819386
cam_tilt_x = -0.01105881516689851
cam_tilt_y = 0.0037409693226669624
d_cam_ff  = -160.0574716058337
ccd_ff_dec_x = -0.0025991781083171926
ccd_ff_dec_y = 0.05298484435681824
ccd_ff_tilt_x = 0.019512279157664146
ccd_ff_tilt_y = -0.5728065462847379
ccd_ff_tilt_z = 0.18005353603793353
d_ff_ccd  = -4.838891370322758
ccd_dec_x = 0.6214012652163857
ccd_dec_y = 5.157149030195785
ccd_defocus = 0.2807601269380843
ccd_tilt_x = 0.00500353022844004
ccd_tilt_y = -0.010895447198579216
ccd_tilt_z = 5.0939704265635166e-06
p = 0.0001