slit_dec_x_a = -0.181778666534
slit_dec_y_a = -0.18243150017
slit_dec_x_b = 0.14512077562974193
slit_dec_y_b = -0.05510809031835813
slit_defocus = -0.013802432628010255
slit_tilt_x = 1.0540809875793236
slit_tilt_y = -8.559960361494973
slit_tilt_z = -9.026874205478254
d_slit_col = 1594.2902794478114
coll_tilt_x = 0.12148851874532042
coll_tilt_y = -0.026445849733608372
ech_G = 31.61456857355539
ech_blaze = -74.99488383253043
ech_gamma = 1.1556423286508262
echelle_z = 0.05700129773290297
d_col_trf = -1588.0163694651208
trf_mirror_tilt_x = 0.0073701777767760865
trf_mirror_tilt_y = 0.15548363324125755
d_col_grm = 0.03565463814663102
grism_dec_x = 236.38319982849282
grism_dec_y = 0.009287124535593305
grm_tilt_x = -0.023509658108115818
grm_tilt_y = 2.3257902045319043
grm_G = 222.7840683711027
grm_apex = 17.76647272967427
d_grm_cam  = 21.60469962823095
cam_dec_x = -0.2711059605160093
cam_dec_y = 0.29089770058328196
cam_tilt_x = 0.012446415163209762
cam_tilt_y = 0.008854332403781721
d_cam_ff  = -160.07704371330644
ccd_ff_dec_x = -0.023800171096087303
ccd_ff_dec_y = 0.04204323344155976
ccd_ff_tilt_x = 0.033466516612758006
ccd_ff_tilt_y = -0.590981713138945
ccd_ff_tilt_z = 0.1719198971038929
d_ff_ccd  = -4.8160603278413925
ccd_dec_x = 0.5533045621774785
ccd_dec_y = 5.107626345713185
ccd_defocus = 0.28572388643910474
ccd_tilt_x = 0.03263937308113612
ccd_tilt_y = -0.0021517154281123683
ccd_tilt_z = 4.724031213234336e-06
p = 0.0001