slit_dec_x_a = -0.1704010755187174
slit_dec_y_a = -0.1956586180351446
slit_dec_x_b = 0.175
slit_dec_y_b = -1.8312706649023905e-96
slit_defocus = 0.0213985550960535
slit_tilt_x = 1.1140113598841193
slit_tilt_y = -8.53843256231722
slit_tilt_z = -8.991672312814913
d_slit_col = 1594.3099985352214
coll_tilt_x = 0.11319670369454385
coll_tilt_y = -0.02879289639175687
ech_G = 31.613232096565845
ech_blaze = -74.97483492874248
ech_gamma = 1.1389732960711967
echelle_z = 0.07477081620632134
d_col_trf = -1588.0172289190305
trf_mirror_tilt_x = 0.0263006625214142
trf_mirror_tilt_y = 0.1622114102617616
d_col_grm = -0.004838236695409274
grism_dec_x = 236.4231980085787
grism_dec_y = 0.03823239557146862
grm_tilt_x = -0.014055115316336114
grm_tilt_y = 2.3052775428232537
grm_G = 222.82400272413975
grm_apex = 17.791058028273145
d_grm_cam  = 21.609815495119907
cam_dec_x = -0.30950700331391284
cam_dec_y = 0.2472713572917786
cam_tilt_x = -0.01102544494375711
cam_tilt_y = 0.003836574090683577
d_cam_ff  = -160.0574798824607
ccd_ff_dec_x = -0.00259984252502949
ccd_ff_dec_y = 0.05299060469777384
ccd_ff_tilt_x = 0.019523460376066445
ccd_ff_tilt_y = -0.572799137372023
ccd_ff_tilt_z = 0.18005211684978764
d_ff_ccd  = -4.838963645574554
ccd_dec_x = 0.6214042198803893
ccd_dec_y = 5.157148095007228
ccd_defocus = 0.2807912920675151
ccd_tilt_x = 0.005029177834290926
ccd_tilt_y = -0.010950774672438155
ccd_tilt_z = 5.058894578541412e-06
p = 0.0001