slit_dec_x_a = -0.181778666534
slit_dec_y_a = -0.18243150017
slit_dec_x_b = 0.14512077562974193
slit_dec_y_b = -0.05510809031835813
slit_defocus = -0.013832930130925536
slit_tilt_x = 1.054092079657214
slit_tilt_y = -8.559990665590728
slit_tilt_z = -9.026816187892027
d_slit_col = 1594.29027473952
coll_tilt_x = 0.12142979760564271
coll_tilt_y = -0.02644980787393428
ech_G = 31.61456625959715
ech_blaze = -74.99488328223919
ech_gamma = 1.1556421793648541
echelle_z = 0.05700602071919765
d_col_trf = -1588.0163647794855
trf_mirror_tilt_x = 0.007323618598709286
trf_mirror_tilt_y = 0.15543488132762712
d_col_grm = 0.035666498042569064
grism_dec_x = 236.38324067333193
grism_dec_y = 0.009198281443067082
grm_tilt_x = -0.023510711699527075
grm_tilt_y = 2.3257961207863844
grm_G = 222.78406683569796
grm_apex = 17.76649756571326
d_grm_cam  = 21.604704204272664
cam_dec_x = -0.27113471594035365
cam_dec_y = 0.2908883619617092
cam_tilt_x = 0.01242541862094303
cam_tilt_y = 0.008817320090437508
d_cam_ff  = -160.07733722365577
ccd_ff_dec_x = -0.023801708849521493
ccd_ff_dec_y = 0.04202363691984968
ccd_ff_tilt_x = 0.033492983100113165
ccd_ff_tilt_y = -0.5909806440362827
ccd_ff_tilt_z = 0.17192017634215426
d_ff_ccd  = -4.816011507178331
ccd_dec_x = 0.5533019407186547
ccd_dec_y = 5.10763001892429
ccd_defocus = 0.285728670415934
ccd_tilt_x = 0.032546804749589764
ccd_tilt_y = -0.002115412220295486
ccd_tilt_z = 4.702455488165793e-06
p = 0.0001