slit_dec_x_a = -0.1704010755187174
slit_dec_y_a = -0.1956586180351446
slit_dec_x_b = 0.175
slit_dec_y_b = -1.8165191495913224e-96
slit_defocus = 0.021387101841934823
slit_tilt_x = 1.1140659000446014
slit_tilt_y = -8.538389315128207
slit_tilt_z = -8.991629332086731
d_slit_col = 1594.3099689734017
coll_tilt_x = 0.11311668198279577
coll_tilt_y = -0.02887957865943625
ech_G = 31.613229157688068
ech_blaze = -74.97482889820142
ech_gamma = 1.1389765811019925
echelle_z = 0.07476955431691458
d_col_trf = -1588.0172295967966
trf_mirror_tilt_x = 0.026286028268698997
trf_mirror_tilt_y = 0.16221318980412194
d_col_grm = -0.004891583090012419
grism_dec_x = 236.4232573141147
grism_dec_y = 0.03816728225013361
grm_tilt_x = -0.014062642460841036
grm_tilt_y = 2.305277014626653
grm_G = 222.82399644513717
grm_apex = 17.790952040053156
d_grm_cam  = 21.609815512079617
cam_dec_x = -0.30950725314854055
cam_dec_y = 0.24735890301933128
cam_tilt_x = -0.011111945512215298
cam_tilt_y = 0.0037905618087376147
d_cam_ff  = -160.0570081878732
ccd_ff_dec_x = -0.00260020926999343
ccd_ff_dec_y = 0.05303415663744724
ccd_ff_tilt_x = 0.019491803091520165
ccd_ff_tilt_y = -0.5728020354754189
ccd_ff_tilt_z = 0.1800538887992326
d_ff_ccd  = -4.838976064533634
ccd_dec_x = 0.6213979621239029
ccd_dec_y = 5.15714663450971
ccd_defocus = 0.280657274350256
ccd_tilt_x = 0.005009465911064187
ccd_tilt_y = -0.01089233007255711
ccd_tilt_z = 5.0971666928957085e-06
p = 0.0001