slit_dec_x_a = -0.1704010755187174
slit_dec_y_a = -0.1956586180351446
slit_dec_x_b = 0.175
slit_dec_y_b = -1.8548310320606042e-96
slit_defocus = 0.021345788722173447
slit_tilt_x = 1.1140156299850597
slit_tilt_y = -8.538401281735062
slit_tilt_z = -8.991632261213372
d_slit_col = 1594.3099798931316
coll_tilt_x = 0.1132207664172053
coll_tilt_y = -0.028923847618769923
ech_G = 31.613229024646035
ech_blaze = -74.97482793054199
ech_gamma = 1.1389720848923777
echelle_z = 0.07477393815581851
d_col_trf = -1588.0172341410666
trf_mirror_tilt_x = 0.02627415771852873
trf_mirror_tilt_y = 0.16223677642135592
d_col_grm = -0.004941981779156902
grism_dec_x = 236.4232719946043
grism_dec_y = 0.0381685302162777
grm_tilt_x = -0.01405529326956669
grm_tilt_y = 2.3052737268605767
grm_G = 222.82400565512037
grm_apex = 17.790997982075027
d_grm_cam  = 21.609825075192735
cam_dec_x = -0.30950317936935057
cam_dec_y = 0.2472734101051412
cam_tilt_x = -0.010980571807878642
cam_tilt_y = 0.003743137554880383
d_cam_ff  = -160.05738663967819
ccd_ff_dec_x = -0.0025959226131926764
ccd_ff_dec_y = 0.05303468840446117
ccd_ff_tilt_x = 0.01950648564494871
ccd_ff_tilt_y = -0.5728029795269722
ccd_ff_tilt_z = 0.1800496450576167
d_ff_ccd  = -4.838989544933333
ccd_dec_x = 0.6214063260705518
ccd_dec_y = 5.157150754400723
ccd_defocus = 0.2807456067082409
ccd_tilt_x = 0.005092365805940824
ccd_tilt_y = -0.01095032282641418
ccd_tilt_z = 5.069122402361288e-06
p = 0.0001