slit_dec_x_a = -0.181778666534
slit_dec_y_a = -0.18243150017
slit_dec_x_b = 0.14512077562974193
slit_dec_y_b = -0.05510809031835813
slit_defocus = -0.013678482235629848
slit_tilt_x = 1.0540899851996686
slit_tilt_y = -8.559968286743947
slit_tilt_z = -9.026846608843474
d_slit_col = 1594.2902431151376
coll_tilt_x = 0.12148626684748885
coll_tilt_y = -0.02650995341270363
ech_G = 31.614566786487686
ech_blaze = -74.99488542180819
ech_gamma = 1.1556413929088112
echelle_z = 0.056999726832689696
d_col_trf = -1588.0163597430274
trf_mirror_tilt_x = 0.007299808507590037
trf_mirror_tilt_y = 0.15545046731770615
d_col_grm = 0.03563995084633556
grism_dec_x = 236.38326044681926
grism_dec_y = 0.009181139005868774
grm_tilt_x = -0.023506423141317324
grm_tilt_y = 2.3257833047133865
grm_G = 222.78406885094822
grm_apex = 17.76650464908581
d_grm_cam  = 21.60469640679622
cam_dec_x = -0.2711308769369371
cam_dec_y = 0.29090146265089234
cam_tilt_x = 0.012443012443839252
cam_tilt_y = 0.008878109804401749
d_cam_ff  = -160.07714373044283
ccd_ff_dec_x = -0.023810359016841826
ccd_ff_dec_y = 0.04202351439457565
ccd_ff_tilt_x = 0.03344809243672424
ccd_ff_tilt_y = -0.5909766762908114
ccd_ff_tilt_z = 0.17191421630668638
d_ff_ccd  = -4.816047923996147
ccd_dec_x = 0.5532932701791745
ccd_dec_y = 5.107627663100396
ccd_defocus = 0.28572529110243283
ccd_tilt_x = 0.03256842500475179
ccd_tilt_y = -0.002156072917175344
ccd_tilt_z = 4.704981052853514e-06
p = 0.0001