slit_dec_x_a = -0.181778666534
slit_dec_y_a = -0.18243150017
slit_dec_x_b = 0.14512077562974193
slit_dec_y_b = -0.05510809031835813
slit_defocus = -0.013881535980250001
slit_tilt_x = 1.0540614916200568
slit_tilt_y = -8.559995022248053
slit_tilt_z = -9.026805041305389
d_slit_col = 1594.2902982312619
coll_tilt_x = 0.12149616080596011
coll_tilt_y = -0.026484746216083554
ech_G = 31.61456835974098
ech_blaze = -74.99488114864286
ech_gamma = 1.1556425404098527
echelle_z = 0.05699507622738786
d_col_trf = -1588.0163706325616
trf_mirror_tilt_x = 0.0073101774603973185
trf_mirror_tilt_y = 0.15546498126448507
d_col_grm = 0.03563898144270181
grism_dec_x = 236.3832417660278
grism_dec_y = 0.009225569624937108
grm_tilt_x = -0.023509063187368475
grm_tilt_y = 2.325785311353181
grm_G = 222.78406607905342
grm_apex = 17.766539209903872
d_grm_cam  = 21.604706425249855
cam_dec_x = -0.2711349682208733
cam_dec_y = 0.290861230801568
cam_tilt_x = 0.012474293174617374
cam_tilt_y = 0.008828256259011503
d_cam_ff  = -160.0768298009435
ccd_ff_dec_x = -0.023800614947725358
ccd_ff_dec_y = 0.04205747296643178
ccd_ff_tilt_x = 0.03347288280434447
ccd_ff_tilt_y = -0.5909835602252784
ccd_ff_tilt_z = 0.17191794985478134
d_ff_ccd  = -4.8159399593388255
ccd_dec_x = 0.5532992687998902
ccd_dec_y = 5.107637882092051
ccd_defocus = 0.28574608117255074
ccd_tilt_x = 0.03259324657621992
ccd_tilt_y = -0.0020999291985433362
ccd_tilt_z = 4.660952408184137e-06
p = 0.0001