slit_dec_x_a = -0.181778666534
slit_dec_y_a = -0.18243150017
slit_dec_x_b = 0.14512077562974193
slit_dec_y_b = -0.05510809031835813
slit_defocus = -0.013811367862030983
slit_tilt_x = 1.0541394246989015
slit_tilt_y = -8.559950591097422
slit_tilt_z = -9.026958534687436
d_slit_col = 1594.290240295714
coll_tilt_x = 0.12145999719538549
coll_tilt_y = -0.026467354240446023
ech_G = 31.614564626516923
ech_blaze = -74.99489103690783
ech_gamma = 1.1556457925371264
echelle_z = 0.05700687906071448
d_col_trf = -1588.016366192785
trf_mirror_tilt_x = 0.007303172896463268
trf_mirror_tilt_y = 0.15553856612686515
d_col_grm = 0.03571890309285967
grism_dec_x = 236.3831765084014
grism_dec_y = 0.009192928132538799
grm_tilt_x = -0.02351088000954581
grm_tilt_y = 2.3257915969036627
grm_G = 222.78406336088602
grm_apex = 17.76658001101357
d_grm_cam  = 21.604700961954038
cam_dec_x = -0.27114208939332635
cam_dec_y = 0.29087895248243617
cam_tilt_x = 0.012468185417447332
cam_tilt_y = 0.008788580186685636
d_cam_ff  = -160.07746508791504
ccd_ff_dec_x = -0.023802914552555145
ccd_ff_dec_y = 0.042076295858253364
ccd_ff_tilt_x = 0.03349987465850265
ccd_ff_tilt_y = -0.5909799129248191
ccd_ff_tilt_z = 0.17191930920810605
d_ff_ccd  = -4.8159868615557935
ccd_dec_x = 0.5533032337299167
ccd_dec_y = 5.107637803578434
ccd_defocus = 0.2857144676238042
ccd_tilt_x = 0.03254509962091311
ccd_tilt_y = -0.002186437586472468
ccd_tilt_z = 4.7314140176377265e-06
p = 0.0001