slit_dec_x_a = -0.181778666534
slit_dec_y_a = -0.18243150017
slit_dec_x_b = 0.14512077562974193
slit_dec_y_b = -0.05510809031835813
slit_defocus = -0.013888877981086248
slit_tilt_x = 1.0541272986762311
slit_tilt_y = -8.560001767797285
slit_tilt_z = -9.026880148969544
d_slit_col = 1594.2902231037365
coll_tilt_x = 0.1214289914513834
coll_tilt_y = -0.026457075570028053
ech_G = 31.61456279504212
ech_blaze = -74.99488973022542
ech_gamma = 1.1556392354235645
echelle_z = 0.057012180681606774
d_col_trf = -1588.016362676776
trf_mirror_tilt_x = 0.007254499969681329
trf_mirror_tilt_y = 0.15545445935249805
d_col_grm = 0.03566148522722971
grism_dec_x = 236.38322955955474
grism_dec_y = 0.0092763361529386
grm_tilt_x = -0.023511707147017696
grm_tilt_y = 2.325787868741572
grm_G = 222.78406499309514
grm_apex = 17.76654157662769
d_grm_cam  = 21.604695466924287
cam_dec_x = -0.27111128292589237
cam_dec_y = 0.29090445740035753
cam_tilt_x = 0.012462031331616307
cam_tilt_y = 0.008823596790925071
d_cam_ff  = -160.0773146989841
ccd_ff_dec_x = -0.02379743010596154
ccd_ff_dec_y = 0.04207581236964168
ccd_ff_tilt_x = 0.03350441175960503
ccd_ff_tilt_y = -0.5909802433491068
ccd_ff_tilt_z = 0.17192129899689715
d_ff_ccd  = -4.8160279815921845
ccd_dec_x = 0.5532987502138157
ccd_dec_y = 5.107629263535896
ccd_defocus = 0.28575156239332
ccd_tilt_x = 0.032615351887937245
ccd_tilt_y = -0.002112684342168794
ccd_tilt_z = 4.715071036627887e-06
p = 0.0001