slit_dec_x_a = -0.181778666534
slit_dec_y_a = -0.18243150017
slit_dec_x_b = 0.14512077562974193
slit_dec_y_b = -0.05510809031835813
slit_defocus = -0.013780909241670056
slit_tilt_x = 1.0540895205694383
slit_tilt_y = -8.559981220304035
slit_tilt_z = -9.02690029131636
d_slit_col = 1594.290309758384
coll_tilt_x = 0.12146179287778364
coll_tilt_y = -0.026493512642608723
ech_G = 31.61456732579816
ech_blaze = -74.99488267256378
ech_gamma = 1.1556319018052943
echelle_z = 0.05699962936340709
d_col_trf = -1588.0163654299233
trf_mirror_tilt_x = 0.007320643418089589
trf_mirror_tilt_y = 0.15540205076780159
d_col_grm = 0.03566943457806284
grism_dec_x = 236.38323347443762
grism_dec_y = 0.009219996530614004
grm_tilt_x = -0.023511102458289846
grm_tilt_y = 2.325790121772591
grm_G = 222.78407241855095
grm_apex = 17.766555368143123
d_grm_cam  = 21.60470574383173
cam_dec_x = -0.27107922603004553
cam_dec_y = 0.29094096403255615
cam_tilt_x = 0.012455610473680406
cam_tilt_y = 0.00885831014190554
d_cam_ff  = -160.0771619841956
ccd_ff_dec_x = -0.02380100423117154
ccd_ff_dec_y = 0.042013172408381365
ccd_ff_tilt_x = 0.033510953499944
ccd_ff_tilt_y = -0.5909851375368786
ccd_ff_tilt_z = 0.17191586168605494
d_ff_ccd  = -4.816004749041576
ccd_dec_x = 0.5533019394748959
ccd_dec_y = 5.107630710438724
ccd_defocus = 0.2857373564986957
ccd_tilt_x = 0.03260167263307343
ccd_tilt_y = -0.002136658446907948
ccd_tilt_z = 4.712723448445658e-06
p = 0.0001