slit_dec_x_a = -0.1704010755187174
slit_dec_y_a = -0.1956586180351446
slit_dec_x_b = 0.175
slit_dec_y_b = -1.783790937040033e-96
slit_defocus = 0.021457479770181677
slit_tilt_x = 1.1139856765913831
slit_tilt_y = -8.53835014083088
slit_tilt_z = -8.991623351733079
d_slit_col = 1594.3099939644385
coll_tilt_x = 0.11321371566589143
coll_tilt_y = -0.028934821053761262
ech_G = 31.61322801512842
ech_blaze = -74.97483447623104
ech_gamma = 1.1389734255562447
echelle_z = 0.07477095055588226
d_col_trf = -1588.0172299721382
trf_mirror_tilt_x = 0.0263013465883669
trf_mirror_tilt_y = 0.16220633997512318
d_col_grm = -0.0048722285835920785
grism_dec_x = 236.42329938967083
grism_dec_y = 0.03822934647100285
grm_tilt_x = -0.014052136837765149
grm_tilt_y = 2.3052754679151284
grm_G = 222.82400484196123
grm_apex = 17.791086840589525
d_grm_cam  = 21.609825277449396
cam_dec_x = -0.3095023572325375
cam_dec_y = 0.24728595736691905
cam_tilt_x = -0.011025022967884638
cam_tilt_y = 0.003782329435172882
d_cam_ff  = -160.05751282605866
ccd_ff_dec_x = -0.0025936236396181538
ccd_ff_dec_y = 0.05310557579208571
ccd_ff_tilt_x = 0.01947947313142944
ccd_ff_tilt_y = -0.5727987572818313
ccd_ff_tilt_z = 0.18004844664198075
d_ff_ccd  = -4.838947048483565
ccd_dec_x = 0.6213940444551554
ccd_dec_y = 5.157150100988723
ccd_defocus = 0.28073176599446387
ccd_tilt_x = 0.005094333630167423
ccd_tilt_y = -0.010886298033785711
ccd_tilt_z = 5.054949575496939e-06
p = 0.0001