slit_dec_x_a = -0.1704010755187174
slit_dec_y_a = -0.1956586180351446
slit_dec_x_b = 0.175
slit_dec_y_b = -1.8030943595672252e-96
slit_defocus = 0.021351341412441716
slit_tilt_x = 1.113973632082136
slit_tilt_y = -8.538475104153859
slit_tilt_z = -8.99169179634006
d_slit_col = 1594.309913208935
coll_tilt_x = 0.11319396789299517
coll_tilt_y = -0.028874062068597474
ech_G = 31.61323324031758
ech_blaze = -74.97483514401907
ech_gamma = 1.1389762529139233
echelle_z = 0.07476468897171382
d_col_trf = -1588.0172319833514
trf_mirror_tilt_x = 0.026311549446829455
trf_mirror_tilt_y = 0.16225255275234102
d_col_grm = -0.004852719364519828
grism_dec_x = 236.42330034094735
grism_dec_y = 0.03812205709738053
grm_tilt_x = -0.014051956023700924
grm_tilt_y = 2.305277548230178
grm_G = 222.82399935450007
grm_apex = 17.79105980154189
d_grm_cam  = 21.60982273413682
cam_dec_x = -0.309507173457895
cam_dec_y = 0.24720379430701003
cam_tilt_x = -0.011148577313623956
cam_tilt_y = 0.00380802890817933
d_cam_ff  = -160.05725641906696
ccd_ff_dec_x = -0.0026015425169530226
ccd_ff_dec_y = 0.05301414050564258
ccd_ff_tilt_x = 0.019550438952059157
ccd_ff_tilt_y = -0.572806314050553
ccd_ff_tilt_z = 0.18004666482956846
d_ff_ccd  = -4.838937171946065
ccd_dec_x = 0.6214063598436934
ccd_dec_y = 5.157143293752061
ccd_defocus = 0.2807749302184665
ccd_tilt_x = 0.004998762128097841
ccd_tilt_y = -0.010951259061210899
ccd_tilt_z = 5.177613281992102e-06
p = 0.0001