slit_dec_x_a = -0.1704010755187174
slit_dec_y_a = -0.1956586180351446
slit_dec_x_b = 0.175
slit_dec_y_b = -1.819108116861058e-96
slit_defocus = 0.021383358423678032
slit_tilt_x = 1.114018293144755
slit_tilt_y = -8.538448419598655
slit_tilt_z = -8.991618059949735
d_slit_col = 1594.3099924689227
coll_tilt_x = 0.11316294361250706
coll_tilt_y = -0.028924764737710815
ech_G = 31.613226724669072
ech_blaze = -74.97484214047196
ech_gamma = 1.1389751798151833
echelle_z = 0.07477751100693508
d_col_trf = -1588.0172352080278
trf_mirror_tilt_x = 0.026288236999059626
trf_mirror_tilt_y = 0.1622042878198483
d_col_grm = -0.0048707756266745525
grism_dec_x = 236.42329318265962
grism_dec_y = 0.0382328198908216
grm_tilt_x = -0.014053907858114984
grm_tilt_y = 2.3052788540631464
grm_G = 222.82400538320204
grm_apex = 17.791020846574447
d_grm_cam  = 21.60980894375647
cam_dec_x = -0.30952247720322595
cam_dec_y = 0.24731448089429467
cam_tilt_x = -0.011059293176890505
cam_tilt_y = 0.0037912143394601768
d_cam_ff  = -160.05748440802472
ccd_ff_dec_x = -0.002596555643296658
ccd_ff_dec_y = 0.05306914762770415
ccd_ff_tilt_x = 0.01950147024202958
ccd_ff_tilt_y = -0.5728081142342867
ccd_ff_tilt_z = 0.18005016854223477
d_ff_ccd  = -4.83885489827415
ccd_dec_x = 0.6214044373231937
ccd_dec_y = 5.157150141026575
ccd_defocus = 0.28076903082836974
ccd_tilt_x = 0.0050212799817779645
ccd_tilt_y = -0.010846341126015215
ccd_tilt_z = 5.056191694280107e-06
p = 0.0001