slit_dec_x_a = -0.181778666534
slit_dec_y_a = -0.18243150017
slit_dec_x_b = 0.14512077562974193
slit_dec_y_b = -0.05510809031835813
slit_defocus = -0.013750009140258803
slit_tilt_x = 1.0540535434868121
slit_tilt_y = -8.559927342718606
slit_tilt_z = -9.026890663535271
d_slit_col = 1594.29029782064
coll_tilt_x = 0.12143009769399599
coll_tilt_y = -0.0264267684657709
ech_G = 31.614562330708868
ech_blaze = -74.9948905429656
ech_gamma = 1.1556380934231874
echelle_z = 0.05700362239570209
d_col_trf = -1588.0163665232765
trf_mirror_tilt_x = 0.007281272016962576
trf_mirror_tilt_y = 0.1554271482101782
d_col_grm = 0.035667191065544425
grism_dec_x = 236.38320976183525
grism_dec_y = 0.00926952582764496
grm_tilt_x = -0.023505576223668192
grm_tilt_y = 2.325783009547483
grm_G = 222.78407456140332
grm_apex = 17.766513066949912
d_grm_cam  = 21.604701728466363
cam_dec_x = -0.2711385464476115
cam_dec_y = 0.2908632406616619
cam_tilt_x = 0.012487619482720126
cam_tilt_y = 0.008895598372155816
d_cam_ff  = -160.0771061132884
ccd_ff_dec_x = -0.023800583913507273
ccd_ff_dec_y = 0.042044848516351985
ccd_ff_tilt_x = 0.033484127966024
ccd_ff_tilt_y = -0.5909846145909542
ccd_ff_tilt_z = 0.1719203492746963
d_ff_ccd  = -4.815940264450523
ccd_dec_x = 0.5532973947203024
ccd_dec_y = 5.107631885851225
ccd_defocus = 0.28574075342006805
ccd_tilt_x = 0.03262311129724669
ccd_tilt_y = -0.0022286178504334433
ccd_tilt_z = 4.707426227280226e-06
p = 0.0001