slit_dec_x_a = -0.1704010755187174
slit_dec_y_a = -0.1956586180351446
slit_dec_x_b = 0.175
slit_dec_y_b = -1.7601138303344392e-96
slit_defocus = 0.0213623864209269
slit_tilt_x = 1.1140304380595798
slit_tilt_y = -8.538465084047882
slit_tilt_z = -8.991597768062364
d_slit_col = 1594.309975540829
coll_tilt_x = 0.11315960476246803
coll_tilt_y = -0.028844677939502638
ech_G = 31.61323307801109
ech_blaze = -74.9748328079742
ech_gamma = 1.138978337035504
echelle_z = 0.07476940861733751
d_col_trf = -1588.0172312248621
trf_mirror_tilt_x = 0.026334110754440993
trf_mirror_tilt_y = 0.162235732948196
d_col_grm = -0.004924618185557994
grism_dec_x = 236.42332854470683
grism_dec_y = 0.038173518165710824
grm_tilt_x = -0.014054607675199431
grm_tilt_y = 2.305275373813691
grm_G = 222.8239960846388
grm_apex = 17.791002317391303
d_grm_cam  = 21.609814151528845
cam_dec_x = -0.3095603207668679
cam_dec_y = 0.24730089038641276
cam_tilt_x = -0.011106133277902035
cam_tilt_y = 0.0037566730585368094
d_cam_ff  = -160.0578892549984
ccd_ff_dec_x = -0.002595866177775163
ccd_ff_dec_y = 0.05307878074570184
ccd_ff_tilt_x = 0.019534824001380374
ccd_ff_tilt_y = -0.5728039850780593
ccd_ff_tilt_z = 0.18004988444292988
d_ff_ccd  = -4.83892239847537
ccd_dec_x = 0.6214049172811371
ccd_dec_y = 5.157146073839575
ccd_defocus = 0.28076732005913047
ccd_tilt_x = 0.005102901405048837
ccd_tilt_y = -0.010958276766776505
ccd_tilt_z = 5.030390011961601e-06
p = 0.0001