slit_dec_x_a = -0.1704010755187174
slit_dec_y_a = -0.1956586180351446
slit_dec_x_b = 0.175
slit_dec_y_b = -1.8162269792191854e-96
slit_defocus = 0.021394365233376456
slit_tilt_x = 1.1140562284280917
slit_tilt_y = -8.538350768708645
slit_tilt_z = -8.991602369975976
d_slit_col = 1594.3099713768102
coll_tilt_x = 0.11321620826154269
coll_tilt_y = -0.028910511497069805
ech_G = 31.613231600671494
ech_blaze = -74.97483524495725
ech_gamma = 1.1389731913845402
echelle_z = 0.0747638035181674
d_col_trf = -1588.0172314146878
trf_mirror_tilt_x = 0.0263087270529844
trf_mirror_tilt_y = 0.16218814579484575
d_col_grm = -0.0048405851184531706
grism_dec_x = 236.42328770585183
grism_dec_y = 0.03816927686481059
grm_tilt_x = -0.014058409549191726
grm_tilt_y = 2.305282583526272
grm_G = 222.82400408079536
grm_apex = 17.791023434039236
d_grm_cam  = 21.609825411989107
cam_dec_x = -0.3094851830117882
cam_dec_y = 0.24731368014205932
cam_tilt_x = -0.011029305519045542
cam_tilt_y = 0.0037802755994951116
d_cam_ff  = -160.0575109939304
ccd_ff_dec_x = -0.002601317274191007
ccd_ff_dec_y = 0.052987768253916594
ccd_ff_tilt_x = 0.019518611198790493
ccd_ff_tilt_y = -0.57280494918799
ccd_ff_tilt_z = 0.18004687392534302
d_ff_ccd  = -4.8390039610766955
ccd_dec_x = 0.6214042570835103
ccd_dec_y = 5.1571552682603645
ccd_defocus = 0.28076566413836795
ccd_tilt_x = 0.004955885511809486
ccd_tilt_y = -0.010865533872774103
ccd_tilt_z = 5.04640996458083e-06
p = 0.0001