slit_dec_x_a = -0.1704010755187174
slit_dec_y_a = -0.1956586180351446
slit_dec_x_b = 0.175
slit_dec_y_b = -1.9040324177569555e-96
slit_defocus = 0.021417158389595327
slit_tilt_x = 1.113973855698945
slit_tilt_y = -8.53846216270263
slit_tilt_z = -8.991662117371988
d_slit_col = 1594.3099831981463
coll_tilt_x = 0.11315398099205798
coll_tilt_y = -0.028838153623928813
ech_G = 31.61322655251192
ech_blaze = -74.97483309808699
ech_gamma = 1.1389786850947285
echelle_z = 0.0747754253081001
d_col_trf = -1588.0172310566168
trf_mirror_tilt_x = 0.026297353214796156
trf_mirror_tilt_y = 0.1622031825830724
d_col_grm = -0.004800947991688377
grism_dec_x = 236.42333510892388
grism_dec_y = 0.0381578872035577
grm_tilt_x = -0.014056730652709045
grm_tilt_y = 2.305277757840978
grm_G = 222.82400986678672
grm_apex = 17.791023716155888
d_grm_cam  = 21.609815556545765
cam_dec_x = -0.3095189337608132
cam_dec_y = 0.24732840966609348
cam_tilt_x = -0.011037955706047601
cam_tilt_y = 0.0037762641916411327
d_cam_ff  = -160.05750591491332
ccd_ff_dec_x = -0.0025961647813666925
ccd_ff_dec_y = 0.0530004509543152
ccd_ff_tilt_x = 0.019478524338713315
ccd_ff_tilt_y = -0.5727960939864504
ccd_ff_tilt_z = 0.1800525267074739
d_ff_ccd  = -4.83896491177584
ccd_dec_x = 0.6214044479738166
ccd_dec_y = 5.157151581859556
ccd_defocus = 0.28077010456621154
ccd_tilt_x = 0.005097615636666856
ccd_tilt_y = -0.010871362025929105
ccd_tilt_z = 5.037547118593163e-06
p = 0.0001