slit_dec_x_a = -0.181778666534
slit_dec_y_a = -0.18243150017
slit_dec_x_b = 0.14512077562974193
slit_dec_y_b = -0.05510809031835813
slit_defocus = -0.013814405212331444
slit_tilt_x = 1.0541173984970331
slit_tilt_y = -8.559936262818402
slit_tilt_z = -9.026965926020962
d_slit_col = 1594.2903081547408
coll_tilt_x = 0.12147531745349636
coll_tilt_y = -0.02647540210363066
ech_G = 31.61456454023225
ech_blaze = -74.99488341911425
ech_gamma = 1.1556405622703216
echelle_z = 0.0570073533324346
d_col_trf = -1588.016369327552
trf_mirror_tilt_x = 0.007297278774200446
trf_mirror_tilt_y = 0.15543537273084598
d_col_grm = 0.03566485210151473
grism_dec_x = 236.3832084854919
grism_dec_y = 0.009307504433129913
grm_tilt_x = -0.02350145996197477
grm_tilt_y = 2.325782427432725
grm_G = 222.78406842624577
grm_apex = 17.7665470223644
d_grm_cam  = 21.604700740561896
cam_dec_x = -0.27114356996537936
cam_dec_y = 0.2908511084249465
cam_tilt_x = 0.012425449834505218
cam_tilt_y = 0.008786286669368846
d_cam_ff  = -160.07702093953176
ccd_ff_dec_x = -0.02380307136118256
ccd_ff_dec_y = 0.041997019680638535
ccd_ff_tilt_x = 0.03348244967114586
ccd_ff_tilt_y = -0.5909834851829507
ccd_ff_tilt_z = 0.17191940073035897
d_ff_ccd  = -4.815969738818426
ccd_dec_x = 0.5532976374066416
ccd_dec_y = 5.1076310858809295
ccd_defocus = 0.28578421521238595
ccd_tilt_x = 0.03260350425481457
ccd_tilt_y = -0.00206967436170875
ccd_tilt_z = 4.642457346066322e-06
p = 0.0001