slit_dec_x_a = -0.1704010755187174
slit_dec_y_a = -0.1956586180351446
slit_dec_x_b = 0.175
slit_dec_y_b = -1.7933890711704813e-96
slit_defocus = 0.021346048306191332
slit_tilt_x = 1.1140874525941464
slit_tilt_y = -8.53836449528799
slit_tilt_z = -8.991655841649557
d_slit_col = 1594.309896926305
coll_tilt_x = 0.11322470199862586
coll_tilt_y = -0.028923588699355535
ech_G = 31.613227950402113
ech_blaze = -74.97483312692148
ech_gamma = 1.1389737835531053
echelle_z = 0.07476980291430889
d_col_trf = -1588.0172308162823
trf_mirror_tilt_x = 0.026348163688399488
trf_mirror_tilt_y = 0.16216079131437106
d_col_grm = -0.004724794864536598
grism_dec_x = 236.42338491710166
grism_dec_y = 0.03819470720125674
grm_tilt_x = -0.014055016555936634
grm_tilt_y = 2.3052721428083474
grm_G = 222.82399377072952
grm_apex = 17.79099048961509
d_grm_cam  = 21.609816481242454
cam_dec_x = -0.30954017628017716
cam_dec_y = 0.24729900026349513
cam_tilt_x = -0.011032126039269502
cam_tilt_y = 0.0037640577458337757
d_cam_ff  = -160.05740999719606
ccd_ff_dec_x = -0.0026021603005483116
ccd_ff_dec_y = 0.05297864250572082
ccd_ff_tilt_x = 0.01953773925370543
ccd_ff_tilt_y = -0.5728096274696951
ccd_ff_tilt_z = 0.1800502542958471
d_ff_ccd  = -4.838931422538118
ccd_dec_x = 0.6214038251369165
ccd_dec_y = 5.157147074604909
ccd_defocus = 0.280761231560322
ccd_tilt_x = 0.005032319906569365
ccd_tilt_y = -0.010892365156883762
ccd_tilt_z = 5.039053336688356e-06
p = 0.0001