slit_dec_x_a = -0.181778666534
slit_dec_y_a = -0.18243150017
slit_dec_x_b = 0.14512077562974193
slit_dec_y_b = -0.05510809031835813
slit_defocus = -0.013817820402679237
slit_tilt_x = 1.0541416275314655
slit_tilt_y = -8.560004943630487
slit_tilt_z = -9.026877817863511
d_slit_col = 1594.290270515146
coll_tilt_x = 0.12142806345611132
coll_tilt_y = -0.026471481008107138
ech_G = 31.614569952770907
ech_blaze = -74.99489150851537
ech_gamma = 1.1556404465673893
echelle_z = 0.05700424398877994
d_col_trf = -1588.016373836576
trf_mirror_tilt_x = 0.0073019867319005834
trf_mirror_tilt_y = 0.15542941869646493
d_col_grm = 0.0356592782664794
grism_dec_x = 236.3832141425232
grism_dec_y = 0.009241855047355451
grm_tilt_x = -0.023497278466987466
grm_tilt_y = 2.325790000592911
grm_G = 222.784071848758
grm_apex = 17.766587911124823
d_grm_cam  = 21.604702821716604
cam_dec_x = -0.27116276315500365
cam_dec_y = 0.29091378903461856
cam_tilt_x = 0.01240517022543803
cam_tilt_y = 0.008837617227368552
d_cam_ff  = -160.07692087822764
ccd_ff_dec_x = -0.023804130372117933
ccd_ff_dec_y = 0.04198335994639342
ccd_ff_tilt_x = 0.033437150416539704
ccd_ff_tilt_y = -0.5909859437192441
ccd_ff_tilt_z = 0.17191956023200283
d_ff_ccd  = -4.815983564540545
ccd_dec_x = 0.5532969432063766
ccd_dec_y = 5.107635111943533
ccd_defocus = 0.2858600768371027
ccd_tilt_x = 0.032611025377266754
ccd_tilt_y = -0.0021499145767691313
ccd_tilt_z = 4.65907563025572e-06
p = 0.0001