slit_dec_x_a = -0.181778666534
slit_dec_y_a = -0.18243150017
slit_dec_x_b = 0.14512077562974193
slit_dec_y_b = -0.05510809031835813
slit_defocus = -0.013796592216943371
slit_tilt_x = 1.0540339663243508
slit_tilt_y = -8.559943236672586
slit_tilt_z = -9.026884183406223
d_slit_col = 1594.2903009649488
coll_tilt_x = 0.12152475873536292
coll_tilt_y = -0.026554007047781956
ech_G = 31.614568785731176
ech_blaze = -74.99488305579818
ech_gamma = 1.1556434946003677
echelle_z = 0.05699842327729826
d_col_trf = -1588.0163622861016
trf_mirror_tilt_x = 0.007341477687960027
trf_mirror_tilt_y = 0.15546494993589471
d_col_grm = 0.035552166176112676
grism_dec_x = 236.38324718456096
grism_dec_y = 0.009264248548235344
grm_tilt_x = -0.023508302601431257
grm_tilt_y = 2.3257896493206727
grm_G = 222.78407976046384
grm_apex = 17.76654116715617
d_grm_cam  = 21.60469768460842
cam_dec_x = -0.27114800846641873
cam_dec_y = 0.29089690861903184
cam_tilt_x = 0.012459044067301065
cam_tilt_y = 0.008915334560005301
d_cam_ff  = -160.07696351339376
ccd_ff_dec_x = -0.02380126481846972
ccd_ff_dec_y = 0.04209314001392761
ccd_ff_tilt_x = 0.03349139688552558
ccd_ff_tilt_y = -0.590976982359204
ccd_ff_tilt_z = 0.17191485174202828
d_ff_ccd  = -4.816017621369188
ccd_dec_x = 0.553294354920353
ccd_dec_y = 5.107632122836918
ccd_defocus = 0.2857812416225967
ccd_tilt_x = 0.03257136810106267
ccd_tilt_y = -0.002108594174762884
ccd_tilt_z = 4.711236264293622e-06
p = 0.0001