slit_dec_x_a = -0.181778666534
slit_dec_y_a = -0.18243150017
slit_dec_x_b = 0.14512077562974193
slit_dec_y_b = -0.05510809031835813
slit_defocus = -0.013797382097233123
slit_tilt_x = 1.0541448884353941
slit_tilt_y = -8.559948686045775
slit_tilt_z = -9.026920903770261
d_slit_col = 1594.2902891833521
coll_tilt_x = 0.12142625870997804
coll_tilt_y = -0.026438820262300593
ech_G = 31.614560597529344
ech_blaze = -74.99488341074033
ech_gamma = 1.1556435971700303
echelle_z = 0.057002466841189765
d_col_trf = -1588.016361721902
trf_mirror_tilt_x = 0.00729537342102826
trf_mirror_tilt_y = 0.155422177003487
d_col_grm = 0.03567221604011262
grism_dec_x = 236.3832124618921
grism_dec_y = 0.009258194951009279
grm_tilt_x = -0.023508527026857153
grm_tilt_y = 2.325790554844175
grm_G = 222.7840701348257
grm_apex = 17.766507483874488
d_grm_cam  = 21.604703940284164
cam_dec_x = -0.27109768405240287
cam_dec_y = 0.29086796821574007
cam_tilt_x = 0.012444552249007278
cam_tilt_y = 0.008818622959585869
d_cam_ff  = -160.07702296495373
ccd_ff_dec_x = -0.023801458928051862
ccd_ff_dec_y = 0.042081014021151456
ccd_ff_tilt_x = 0.03351428894355843
ccd_ff_tilt_y = -0.590977350836542
ccd_ff_tilt_z = 0.17191571259510072
d_ff_ccd  = -4.815978858497948
ccd_dec_x = 0.5532981535803955
ccd_dec_y = 5.107631646878296
ccd_defocus = 0.285799152012057
ccd_tilt_x = 0.03261390297407895
ccd_tilt_y = -0.0021157646216657363
ccd_tilt_z = 4.703257184691285e-06
p = 0.0001