slit_dec_x_a = -0.1704010755187174
slit_dec_y_a = -0.1956586180351446
slit_dec_x_b = 0.175
slit_dec_y_b = -1.8567502796596396e-96
slit_defocus = 0.02138587080609427
slit_tilt_x = 1.1140806532444651
slit_tilt_y = -8.538379374191408
slit_tilt_z = -8.991666758478935
d_slit_col = 1594.3099453232908
coll_tilt_x = 0.11320619347682473
coll_tilt_y = -0.028951321059531878
ech_G = 31.61322905092208
ech_blaze = -74.97482925121977
ech_gamma = 1.1389779249867507
echelle_z = 0.07477241948740601
d_col_trf = -1588.0172381622508
trf_mirror_tilt_x = 0.026368110656316484
trf_mirror_tilt_y = 0.16223620973622976
d_col_grm = -0.00487122099986359
grism_dec_x = 236.42329504912152
grism_dec_y = 0.038169918504648126
grm_tilt_x = -0.014057423557294065
grm_tilt_y = 2.30528257145324
grm_G = 222.8239964845838
grm_apex = 17.79102914529879
d_grm_cam  = 21.609821051975675
cam_dec_x = -0.3095818364369336
cam_dec_y = 0.24730509120960964
cam_tilt_x = -0.011097948599708021
cam_tilt_y = 0.0037098941155930903
d_cam_ff  = -160.0576975802573
ccd_ff_dec_x = -0.0025983494095359614
ccd_ff_dec_y = 0.05302217889719903
ccd_ff_tilt_x = 0.019581542079157674
ccd_ff_tilt_y = -0.5728004098416326
ccd_ff_tilt_z = 0.18005465034587798
d_ff_ccd  = -4.838963944322552
ccd_dec_x = 0.6214056736428855
ccd_dec_y = 5.157153352646096
ccd_defocus = 0.2807745973334608
ccd_tilt_x = 0.005020250407822575
ccd_tilt_y = -0.010958841756212012
ccd_tilt_z = 5.04481929893213e-06
p = 0.0001