slit_dec_x_a = -0.181778666534
slit_dec_y_a = -0.18243150017
slit_dec_x_b = 0.14512077562974193
slit_dec_y_b = -0.05510809031835813
slit_defocus = -0.013793952605270145
slit_tilt_x = 1.0540669236870763
slit_tilt_y = -8.560008359904131
slit_tilt_z = -9.026884302472002
d_slit_col = 1594.2902932157092
coll_tilt_x = 0.12141763010783119
coll_tilt_y = -0.026485674271429522
ech_G = 31.614563353104458
ech_blaze = -74.99489094213608
ech_gamma = 1.1556421235143297
echelle_z = 0.05699914279686763
d_col_trf = -1588.0163614226728
trf_mirror_tilt_x = 0.007316222262846265
trf_mirror_tilt_y = 0.15547247422221375
d_col_grm = 0.035708284588749584
grism_dec_x = 236.38321650262608
grism_dec_y = 0.009303086676594914
grm_tilt_x = -0.023506403806540066
grm_tilt_y = 2.325788486524113
grm_G = 222.78406937628043
grm_apex = 17.7665328002686
d_grm_cam  = 21.60470125928389
cam_dec_x = -0.27104723050819246
cam_dec_y = 0.2908770399023202
cam_tilt_x = 0.012434824592544212
cam_tilt_y = 0.008880331189335433
d_cam_ff  = -160.07710739897257
ccd_ff_dec_x = -0.02379935510956432
ccd_ff_dec_y = 0.04202757259262385
ccd_ff_tilt_x = 0.03345810627116679
ccd_ff_tilt_y = -0.5909724468213258
ccd_ff_tilt_z = 0.1719149656939311
d_ff_ccd  = -4.816006553326525
ccd_dec_x = 0.5533003653227323
ccd_dec_y = 5.107635667936311
ccd_defocus = 0.285777960466536
ccd_tilt_x = 0.03263921637273737
ccd_tilt_y = -0.002154565933696969
ccd_tilt_z = 4.710994768342848e-06
p = 0.0001