slit_dec_x_a = -0.181778666534
slit_dec_y_a = -0.18243150017
slit_dec_x_b = 0.14512077562974193
slit_dec_y_b = -0.05510809031835813
slit_defocus = -0.013770797014284892
slit_tilt_x = 1.0540639680800932
slit_tilt_y = -8.560003169910166
slit_tilt_z = -9.026857335012796
d_slit_col = 1594.2903287220408
coll_tilt_x = 0.12146076695071488
coll_tilt_y = -0.026523745381622492
ech_G = 31.614563989960708
ech_blaze = -74.99488837468924
ech_gamma = 1.1556365557424764
echelle_z = 0.05700228924878232
d_col_trf = -1588.0163566716597
trf_mirror_tilt_x = 0.007272517107407573
trf_mirror_tilt_y = 0.1554458321512486
d_col_grm = 0.03565429137328303
grism_dec_x = 236.38321841655943
grism_dec_y = 0.009301053424746492
grm_tilt_x = -0.023505109686554396
grm_tilt_y = 2.325790101167772
grm_G = 222.78407030037852
grm_apex = 17.766502999935707
d_grm_cam  = 21.604700121366704
cam_dec_x = -0.27113588571390035
cam_dec_y = 0.29089668638869726
cam_tilt_x = 0.012452808808927653
cam_tilt_y = 0.008784156987645834
d_cam_ff  = -160.07700640392983
ccd_ff_dec_x = -0.02380147768059695
ccd_ff_dec_y = 0.04207225523076687
ccd_ff_tilt_x = 0.03347736181880066
ccd_ff_tilt_y = -0.5909794773902295
ccd_ff_tilt_z = 0.17192029883989232
d_ff_ccd  = -4.815949058267765
ccd_dec_x = 0.5532970355694465
ccd_dec_y = 5.1076320530421
ccd_defocus = 0.2857208905447799
ccd_tilt_x = 0.0326111777215491
ccd_tilt_y = -0.0021341562418690824
ccd_tilt_z = 4.691996267885097e-06
p = 0.0001