slit_dec_x_a = -0.181778666534
slit_dec_y_a = -0.18243150017
slit_dec_x_b = 0.14512077562974193
slit_dec_y_b = -0.05510809031835813
slit_defocus = -0.013839687116957454
slit_tilt_x = 1.0541043213399819
slit_tilt_y = -8.559924188986987
slit_tilt_z = -9.026906356706899
d_slit_col = 1594.2902862958836
coll_tilt_x = 0.12145621016151055
coll_tilt_y = -0.026479159135780948
ech_G = 31.61456684630047
ech_blaze = -74.99488960299014
ech_gamma = 1.1556418125597947
echelle_z = 0.05700597516434321
d_col_trf = -1588.0163663406177
trf_mirror_tilt_x = 0.007254988990039263
trf_mirror_tilt_y = 0.1554784648348099
d_col_grm = 0.03563900244873517
grism_dec_x = 236.38324338144852
grism_dec_y = 0.009245673207471175
grm_tilt_x = -0.023507316368992927
grm_tilt_y = 2.3257940469733938
grm_G = 222.78407003123107
grm_apex = 17.766451595436457
d_grm_cam  = 21.604702746447632
cam_dec_x = -0.2710919520655056
cam_dec_y = 0.29088934464838245
cam_tilt_x = 0.012424805563267381
cam_tilt_y = 0.008878334480889687
d_cam_ff  = -160.07733460344784
ccd_ff_dec_x = -0.023800172471945356
ccd_ff_dec_y = 0.04204975230006096
ccd_ff_tilt_x = 0.033474685458854805
ccd_ff_tilt_y = -0.5909804944294587
ccd_ff_tilt_z = 0.1719134624715328
d_ff_ccd  = -4.815959233836786
ccd_dec_x = 0.5532880212552594
ccd_dec_y = 5.107632787784087
ccd_defocus = 0.28579369040545116
ccd_tilt_x = 0.03257546445894235
ccd_tilt_y = -0.0021308442956044344
ccd_tilt_z = 4.685146866652758e-06
p = 0.0001