slit_dec_x_a = -0.181778666534
slit_dec_y_a = -0.18243150017
slit_dec_x_b = 0.14512077562974193
slit_dec_y_b = -0.05510809031835813
slit_defocus = -0.013811250174476061
slit_tilt_x = 1.054070883864742
slit_tilt_y = -8.559929983998993
slit_tilt_z = -9.026837543475382
d_slit_col = 1594.2902982787516
coll_tilt_x = 0.12142847836903933
coll_tilt_y = -0.026471815707258636
ech_G = 31.61456575604773
ech_blaze = -74.99488038758793
ech_gamma = 1.155645415094362
echelle_z = 0.057002452878835194
d_col_trf = -1588.0163665895213
trf_mirror_tilt_x = 0.007255716383044012
trf_mirror_tilt_y = 0.15540121963637535
d_col_grm = 0.03565057352593948
grism_dec_x = 236.3832544490235
grism_dec_y = 0.009212914045736582
grm_tilt_x = -0.02350385369690668
grm_tilt_y = 2.325792332316117
grm_G = 222.78406590752746
grm_apex = 17.766534410084752
d_grm_cam  = 21.604701922612975
cam_dec_x = -0.2711748827750804
cam_dec_y = 0.2910220242325937
cam_tilt_x = 0.012438606358192952
cam_tilt_y = 0.008876120544364003
d_cam_ff  = -160.0769254401201
ccd_ff_dec_x = -0.02380059664645081
ccd_ff_dec_y = 0.04206133015856735
ccd_ff_tilt_x = 0.033487376205411645
ccd_ff_tilt_y = -0.5909794993729591
ccd_ff_tilt_z = 0.1719149591861989
d_ff_ccd  = -4.816073331602832
ccd_dec_x = 0.5532961383962738
ccd_dec_y = 5.107631948450257
ccd_defocus = 0.2857538573600491
ccd_tilt_x = 0.0325699487962633
ccd_tilt_y = -0.0021186905685943664
ccd_tilt_z = 4.658521942527296e-06
p = 0.0001