slit_dec_x_a = -0.1704010755187174
slit_dec_y_a = -0.1956586180351446
slit_dec_x_b = 0.175
slit_dec_y_b = -1.816474206771518e-96
slit_defocus = 0.021396552787854517
slit_tilt_x = 1.1140213296401935
slit_tilt_y = -8.53841807825735
slit_tilt_z = -8.991655030424695
d_slit_col = 1594.3099791394689
coll_tilt_x = 0.11324467127699805
coll_tilt_y = -0.028953755636058977
ech_G = 31.613233901753638
ech_blaze = -74.97483054538743
ech_gamma = 1.138968280296024
echelle_z = 0.07476804030128616
d_col_trf = -1588.0172322279059
trf_mirror_tilt_x = 0.026315069455169603
trf_mirror_tilt_y = 0.16223518499199716
d_col_grm = -0.004873292085665832
grism_dec_x = 236.42333096249263
grism_dec_y = 0.03822145860751149
grm_tilt_x = -0.014051663485008073
grm_tilt_y = 2.3052823001754437
grm_G = 222.82400811821105
grm_apex = 17.791038641932822
d_grm_cam  = 21.609823226621874
cam_dec_x = -0.30953924965515706
cam_dec_y = 0.24728990833786937
cam_tilt_x = -0.011028351539665634
cam_tilt_y = 0.003728177702946275
d_cam_ff  = -160.05704295722632
ccd_ff_dec_x = -0.0026005400282426575
ccd_ff_dec_y = 0.05304661308613187
ccd_ff_tilt_x = 0.019511841503222604
ccd_ff_tilt_y = -0.572800841825514
ccd_ff_tilt_z = 0.18005630916543758
d_ff_ccd  = -4.838939519364678
ccd_dec_x = 0.6214043104207619
ccd_dec_y = 5.157149324456475
ccd_defocus = 0.2807850909759059
ccd_tilt_x = 0.005027940150698634
ccd_tilt_y = -0.010841504181391112
ccd_tilt_z = 5.0281519489956366e-06
p = 0.0001