slit_dec_x_a = -0.1704010755187174
slit_dec_y_a = -0.1956586180351446
slit_dec_x_b = 0.175
slit_dec_y_b = -1.8190040176902785e-96
slit_defocus = 0.021358819678455997
slit_tilt_x = 1.1139960895455285
slit_tilt_y = -8.538446406545718
slit_tilt_z = -8.991677676066892
d_slit_col = 1594.3099366714007
coll_tilt_x = 0.11317602885083859
coll_tilt_y = -0.028926553366987084
ech_G = 31.61323127983783
ech_blaze = -74.97482837119186
ech_gamma = 1.1389789795147722
echelle_z = 0.07477169748247532
d_col_trf = -1588.0172376269245
trf_mirror_tilt_x = 0.026289806846582775
trf_mirror_tilt_y = 0.16225526361337206
d_col_grm = -0.004824373637394386
grism_dec_x = 236.42331223573876
grism_dec_y = 0.03820188262201344
grm_tilt_x = -0.014060040965423268
grm_tilt_y = 2.3052746603881444
grm_G = 222.82400717037976
grm_apex = 17.791032659168238
d_grm_cam  = 21.609811183994356
cam_dec_x = -0.30953358321712676
cam_dec_y = 0.24726215508013732
cam_tilt_x = -0.01104525268776969
cam_tilt_y = 0.0037949803046254007
d_cam_ff  = -160.05754644532425
ccd_ff_dec_x = -0.0026012194184475987
ccd_ff_dec_y = 0.05303815208656479
ccd_ff_tilt_x = 0.01953678258756103
ccd_ff_tilt_y = -0.5728077384503117
ccd_ff_tilt_z = 0.18004954429823394
d_ff_ccd  = -4.838958342901481
ccd_dec_x = 0.621403222723565
ccd_dec_y = 5.157149908083663
ccd_defocus = 0.28066579993158564
ccd_tilt_x = 0.0050549029743784685
ccd_tilt_y = -0.01091380242190539
ccd_tilt_z = 5.115477398107094e-06
p = 0.0001