slit_dec_x_a = -0.1704010755187174
slit_dec_y_a = -0.1956586180351446
slit_dec_x_b = 0.175
slit_dec_y_b = -1.8348419103864864e-96
slit_defocus = 0.021331672853870578
slit_tilt_x = 1.1139568559108388
slit_tilt_y = -8.538389662151339
slit_tilt_z = -8.991681426707089
d_slit_col = 1594.309972988468
coll_tilt_x = 0.11319758856299203
coll_tilt_y = -0.02887692674032903
ech_G = 31.613227605360134
ech_blaze = -74.97483145272963
ech_gamma = 1.1389730323502316
echelle_z = 0.07477124784694973
d_col_trf = -1588.017232168465
trf_mirror_tilt_x = 0.02627313169078539
trf_mirror_tilt_y = 0.16220915340690464
d_col_grm = -0.004757914375179226
grism_dec_x = 236.42334003160553
grism_dec_y = 0.03816977067751925
grm_tilt_x = -0.014058160997195358
grm_tilt_y = 2.3052821945280217
grm_G = 222.8240034364374
grm_apex = 17.7909776083218
d_grm_cam  = 21.60982219527822
cam_dec_x = -0.30953244386214446
cam_dec_y = 0.24730303962959105
cam_tilt_x = -0.011070902252654788
cam_tilt_y = 0.003778477738518548
d_cam_ff  = -160.05764933767873
ccd_ff_dec_x = -0.0025994460810845324
ccd_ff_dec_y = 0.0530357207875562
ccd_ff_tilt_x = 0.019501712726116203
ccd_ff_tilt_y = -0.5728098319342902
ccd_ff_tilt_z = 0.18004776931633973
d_ff_ccd  = -4.839024622170607
ccd_dec_x = 0.621406625046843
ccd_dec_y = 5.157148785851911
ccd_defocus = 0.2807430865103769
ccd_tilt_x = 0.005075780701666559
ccd_tilt_y = -0.010871806763481717
ccd_tilt_z = 5.060568706709537e-06
p = 0.0001