slit_dec_x_a = -0.181778666534
slit_dec_y_a = -0.18243150017
slit_dec_x_b = 0.14512077562974193
slit_dec_y_b = -0.05510809031835813
slit_defocus = -0.013790413690049583
slit_tilt_x = 1.0541061597463826
slit_tilt_y = -8.55992263478325
slit_tilt_z = -9.026874523186535
d_slit_col = 1594.2902865343974
coll_tilt_x = 0.12147213466923704
coll_tilt_y = -0.02650239624236993
ech_G = 31.614561693002525
ech_blaze = -74.99488949583908
ech_gamma = 1.1556445300012077
echelle_z = 0.05700119175608557
d_col_trf = -1588.0163620574056
trf_mirror_tilt_x = 0.007313838897808592
trf_mirror_tilt_y = 0.15548631715457348
d_col_grm = 0.03561351055851838
grism_dec_x = 236.38322804048008
grism_dec_y = 0.009167754612866385
grm_tilt_x = -0.023508214068358457
grm_tilt_y = 2.3257872193465636
grm_G = 222.78406687947137
grm_apex = 17.766528595786227
d_grm_cam  = 21.604700053557472
cam_dec_x = -0.2710767141493144
cam_dec_y = 0.29083212231538386
cam_tilt_x = 0.012475267057321875
cam_tilt_y = 0.008799351579301406
d_cam_ff  = -160.07707897372427
ccd_ff_dec_x = -0.023796716460060145
ccd_ff_dec_y = 0.042002295769878926
ccd_ff_tilt_x = 0.03346306226790935
ccd_ff_tilt_y = -0.5909819785680173
ccd_ff_tilt_z = 0.17191214466606902
d_ff_ccd  = -4.816011074884827
ccd_dec_x = 0.5533077227910426
ccd_dec_y = 5.107635064379268
ccd_defocus = 0.2857268247876602
ccd_tilt_x = 0.03258108769536476
ccd_tilt_y = -0.00215664401446356
ccd_tilt_z = 4.707774570207623e-06
p = 0.0001