slit_dec_x_a = -0.1704010755187174
slit_dec_y_a = -0.1956586180351446
slit_dec_x_b = 0.175
slit_dec_y_b = -1.790393519084111e-96
slit_defocus = 0.02142902541284675
slit_tilt_x = 1.1140093947646315
slit_tilt_y = -8.538459722626953
slit_tilt_z = -8.991653918312254
d_slit_col = 1594.3099608599716
coll_tilt_x = 0.11323206881602026
coll_tilt_y = -0.0289414946477108
ech_G = 31.613227220274904
ech_blaze = -74.97483371283305
ech_gamma = 1.1389742348037337
echelle_z = 0.07477236919462614
d_col_trf = -1588.017232326647
trf_mirror_tilt_x = 0.026341298346656352
trf_mirror_tilt_y = 0.16222272937761337
d_col_grm = -0.004858213786913228
grism_dec_x = 236.42334149951182
grism_dec_y = 0.038229040360275045
grm_tilt_x = -0.014055983006712111
grm_tilt_y = 2.3052779154058154
grm_G = 222.82400563951396
grm_apex = 17.791011059379382
d_grm_cam  = 21.609821287230304
cam_dec_x = -0.30953364774477615
cam_dec_y = 0.24732738174989524
cam_tilt_x = -0.011030426825745464
cam_tilt_y = 0.0037797489386607445
d_cam_ff  = -160.0575429406913
ccd_ff_dec_x = -0.0025974045964277668
ccd_ff_dec_y = 0.053062235719648056
ccd_ff_tilt_x = 0.01952157532180171
ccd_ff_tilt_y = -0.5728006500066272
ccd_ff_tilt_z = 0.18005365483323552
d_ff_ccd  = -4.839014322105022
ccd_dec_x = 0.6214111637031726
ccd_dec_y = 5.157152444073787
ccd_defocus = 0.2807810015094778
ccd_tilt_x = 0.004981383867541929
ccd_tilt_y = -0.010890832882441255
ccd_tilt_z = 5.043016613905527e-06
p = 0.0001