slit_dec_x_a = -0.181778666534
slit_dec_y_a = -0.18243150017
slit_dec_x_b = 0.14512077562974193
slit_dec_y_b = -0.05510809031835813
slit_defocus = -0.013739281520874079
slit_tilt_x = 1.0540787974100745
slit_tilt_y = -8.55995316249907
slit_tilt_z = -9.026882932476331
d_slit_col = 1594.2902419738923
coll_tilt_x = 0.12145195169544408
coll_tilt_y = -0.026517191536408868
ech_G = 31.614563956972898
ech_blaze = -74.99488538399538
ech_gamma = 1.155643472697461
echelle_z = 0.0570044576219227
d_col_trf = -1588.016367036111
trf_mirror_tilt_x = 0.007273097107565731
trf_mirror_tilt_y = 0.15549507291601522
d_col_grm = 0.035610093381271246
grism_dec_x = 236.3832580686695
grism_dec_y = 0.009259271440359257
grm_tilt_x = -0.023505266178038643
grm_tilt_y = 2.3257869864522522
grm_G = 222.78407129680818
grm_apex = 17.766502038782836
d_grm_cam  = 21.60470413715917
cam_dec_x = -0.2711347816177629
cam_dec_y = 0.29084841829570435
cam_tilt_x = 0.012454911974975159
cam_tilt_y = 0.008844009730862605
d_cam_ff  = -160.07719126363335
ccd_ff_dec_x = -0.023805154448041682
ccd_ff_dec_y = 0.04206626913960378
ccd_ff_tilt_x = 0.033507349127545084
ccd_ff_tilt_y = -0.590979362685496
ccd_ff_tilt_z = 0.17192024217757043
d_ff_ccd  = -4.815940419303642
ccd_dec_x = 0.5532953001130588
ccd_dec_y = 5.1076328329693546
ccd_defocus = 0.28577522158075985
ccd_tilt_x = 0.0325756884625607
ccd_tilt_y = -0.0021665110520957664
ccd_tilt_z = 4.717735940634154e-06
p = 0.0001