slit_dec_x_a = -0.1704010755187174
slit_dec_y_a = -0.1956586180351446
slit_dec_x_b = 0.175
slit_dec_y_b = -1.7943421407818545e-96
slit_defocus = 0.021337643265958998
slit_tilt_x = 1.1140073943683537
slit_tilt_y = -8.538410251301647
slit_tilt_z = -8.99168521821102
d_slit_col = 1594.3100382121793
coll_tilt_x = 0.11319752018231996
coll_tilt_y = -0.028882621012934016
ech_G = 31.6132271921771
ech_blaze = -74.97483383084494
ech_gamma = 1.1389715872020403
echelle_z = 0.07477177914838383
d_col_trf = -1588.0172331028848
trf_mirror_tilt_x = 0.026307864730470077
trf_mirror_tilt_y = 0.16221532654176182
d_col_grm = -0.004819198885332983
grism_dec_x = 236.42322541222856
grism_dec_y = 0.03819196948215343
grm_tilt_x = -0.014052608178176511
grm_tilt_y = 2.30528198129664
grm_G = 222.8240120945855
grm_apex = 17.791035190786793
d_grm_cam  = 21.6098169347277
cam_dec_x = -0.30957768919886863
cam_dec_y = 0.24728075726874957
cam_tilt_x = -0.011084799763739198
cam_tilt_y = 0.003788658561117755
d_cam_ff  = -160.05753223196322
ccd_ff_dec_x = -0.0025948985889081193
ccd_ff_dec_y = 0.05300491261328194
ccd_ff_tilt_x = 0.019539128532900463
ccd_ff_tilt_y = -0.5728051307648331
ccd_ff_tilt_z = 0.1800514926739779
d_ff_ccd  = -4.838864528497447
ccd_dec_x = 0.6214060230932353
ccd_dec_y = 5.157147861729742
ccd_defocus = 0.28071741986358
ccd_tilt_x = 0.005036253905701577
ccd_tilt_y = -0.010896970596540344
ccd_tilt_z = 5.072072592604059e-06
p = 0.0001