slit_dec_x_a = -0.1704010755187174
slit_dec_y_a = -0.1956586180351446
slit_dec_x_b = 0.175
slit_dec_y_b = -1.8654073569023008e-96
slit_defocus = 0.021396807587084114
slit_tilt_x = 1.1139992848480287
slit_tilt_y = -8.53843065099869
slit_tilt_z = -8.99160720383597
d_slit_col = 1594.310040316007
coll_tilt_x = 0.1131986325220334
coll_tilt_y = -0.028861610053127044
ech_G = 31.613229392812425
ech_blaze = -74.97484120429026
ech_gamma = 1.1389821813617105
echelle_z = 0.07477540349457688
d_col_trf = -1588.0172339391004
trf_mirror_tilt_x = 0.026308391868393816
trf_mirror_tilt_y = 0.16220735290213725
d_col_grm = -0.004815856569493849
grism_dec_x = 236.42330957390797
grism_dec_y = 0.03817741286108624
grm_tilt_x = -0.014052140845253646
grm_tilt_y = 2.3052741044587157
grm_G = 222.8240047636907
grm_apex = 17.791013634733996
d_grm_cam  = 21.60982085200079
cam_dec_x = -0.30949364032117793
cam_dec_y = 0.24731641710459315
cam_tilt_x = -0.011036384014817272
cam_tilt_y = 0.0037775244687271482
d_cam_ff  = -160.05780744926847
ccd_ff_dec_x = -0.002598319130508603
ccd_ff_dec_y = 0.05298949365564768
ccd_ff_tilt_x = 0.01954307545188373
ccd_ff_tilt_y = -0.5728034437319535
ccd_ff_tilt_z = 0.1800518144819813
d_ff_ccd  = -4.838979309156272
ccd_dec_x = 0.621396940354417
ccd_dec_y = 5.157149106963018
ccd_defocus = 0.28075486620091894
ccd_tilt_x = 0.005000089807166504
ccd_tilt_y = -0.010972268561294615
ccd_tilt_z = 5.073001016201294e-06
p = 0.0001