slit_dec_x_a = -0.181778666534
slit_dec_y_a = -0.18243150017
slit_dec_x_b = 0.14512077562974193
slit_dec_y_b = -0.05510809031835813
slit_defocus = -0.013774883194438071
slit_tilt_x = 1.0540483403298069
slit_tilt_y = -8.559847512558527
slit_tilt_z = -9.026832638250838
d_slit_col = 1594.2903465806685
coll_tilt_x = 0.12144734888663415
coll_tilt_y = -0.026474269114751026
ech_G = 31.614568113492997
ech_blaze = -74.99489004961801
ech_gamma = 1.1556415991585633
echelle_z = 0.057005672922592
d_col_trf = -1588.0163635060433
trf_mirror_tilt_x = 0.00733147109293989
trf_mirror_tilt_y = 0.15543940062623246
d_col_grm = 0.03560803434921066
grism_dec_x = 236.3832056818352
grism_dec_y = 0.009297788698515448
grm_tilt_x = -0.023509676504775538
grm_tilt_y = 2.3257812941258287
grm_G = 222.7840701973147
grm_apex = 17.7664955367359
d_grm_cam  = 21.60469800401826
cam_dec_x = -0.2710432324163298
cam_dec_y = 0.2909198067327824
cam_tilt_x = 0.012430052890275892
cam_tilt_y = 0.008860614125283363
d_cam_ff  = -160.07723691302704
ccd_ff_dec_x = -0.023810682213100703
ccd_ff_dec_y = 0.04204490742335367
ccd_ff_tilt_x = 0.033485900225253516
ccd_ff_tilt_y = -0.5909829076269315
ccd_ff_tilt_z = 0.17191940293093805
d_ff_ccd  = -4.815944002055328
ccd_dec_x = 0.5532974867615886
ccd_dec_y = 5.107635274213287
ccd_defocus = 0.28577438763382546
ccd_tilt_x = 0.03257705616857177
ccd_tilt_y = -0.0021295319429587506
ccd_tilt_z = 4.716292038221212e-06
p = 0.0001