slit_dec_x_a = -0.1704010755187174
slit_dec_y_a = -0.1956586180351446
slit_dec_x_b = 0.175
slit_dec_y_b = -1.8369753079829822e-96
slit_defocus = 0.02145766279624483
slit_tilt_x = 1.1140936924867275
slit_tilt_y = -8.538399205614315
slit_tilt_z = -8.991683127603338
d_slit_col = 1594.3099903478774
coll_tilt_x = 0.11320345145299418
coll_tilt_y = -0.02890066012068392
ech_G = 31.61323180269253
ech_blaze = -74.97482879076159
ech_gamma = 1.1389790421465618
echelle_z = 0.07476596529068776
d_col_trf = -1588.0172338174632
trf_mirror_tilt_x = 0.02635906892704347
trf_mirror_tilt_y = 0.16224259276596198
d_col_grm = -0.004857309888125391
grism_dec_x = 236.4232875067712
grism_dec_y = 0.03822955470975173
grm_tilt_x = -0.014045069663097001
grm_tilt_y = 2.305275366289899
grm_G = 222.82400021495937
grm_apex = 17.79103339872584
d_grm_cam  = 21.60982253378145
cam_dec_x = -0.309463133746774
cam_dec_y = 0.2472503854787157
cam_tilt_x = -0.011058422829904026
cam_tilt_y = 0.003767979623294626
d_cam_ff  = -160.05731534649493
ccd_ff_dec_x = -0.002592624900377203
ccd_ff_dec_y = 0.053046600907476926
ccd_ff_tilt_x = 0.019489732513284622
ccd_ff_tilt_y = -0.5728013705315123
ccd_ff_tilt_z = 0.18004868010556455
d_ff_ccd  = -4.838993039278246
ccd_dec_x = 0.6214028707540847
ccd_dec_y = 5.157149261227424
ccd_defocus = 0.2807944395878123
ccd_tilt_x = 0.0050913058484112405
ccd_tilt_y = -0.010894588661184515
ccd_tilt_z = 5.1006584343112e-06
p = 0.0001