slit_dec_x_a = -0.1704010755187174
slit_dec_y_a = -0.1956586180351446
slit_dec_x_b = 0.175
slit_dec_y_b = -1.81705030946407e-96
slit_defocus = 0.021369650727359895
slit_tilt_x = 1.1140027944956798
slit_tilt_y = -8.538501885498482
slit_tilt_z = -8.991583746340318
d_slit_col = 1594.3099949793466
coll_tilt_x = 0.11324941215053273
coll_tilt_y = -0.02890769115928477
ech_G = 31.613234781864513
ech_blaze = -74.9748332000013
ech_gamma = 1.1389799829674248
echelle_z = 0.07476869144706565
d_col_trf = -1588.0172277844192
trf_mirror_tilt_x = 0.026346434912272673
trf_mirror_tilt_y = 0.16219844880320444
d_col_grm = -0.004813014183840504
grism_dec_x = 236.423314821552
grism_dec_y = 0.038196042393648766
grm_tilt_x = -0.014057933941543187
grm_tilt_y = 2.3052748968354564
grm_G = 222.82400587805589
grm_apex = 17.791080854718324
d_grm_cam  = 21.609816039571307
cam_dec_x = -0.3095047135026231
cam_dec_y = 0.24720616680137258
cam_tilt_x = -0.011062581649106392
cam_tilt_y = 0.0038475707139678347
d_cam_ff  = -160.05738169441415
ccd_ff_dec_x = -0.002599182012098581
ccd_ff_dec_y = 0.053036849248970466
ccd_ff_tilt_x = 0.019481231197236326
ccd_ff_tilt_y = -0.5728039659764198
ccd_ff_tilt_z = 0.18005409112456777
d_ff_ccd  = -4.838961046513262
ccd_dec_x = 0.621397597154726
ccd_dec_y = 5.157152480637628
ccd_defocus = 0.2807863598258992
ccd_tilt_x = 0.005115440040401177
ccd_tilt_y = -0.010912511611021644
ccd_tilt_z = 5.102996204824635e-06
p = 0.0001