slit_dec_x_a = -0.1704010755187174
slit_dec_y_a = -0.1956586180351446
slit_dec_x_b = 0.175
slit_dec_y_b = -1.8975758991274886e-96
slit_defocus = 0.021411906650882273
slit_tilt_x = 1.1140387432276726
slit_tilt_y = -8.538472658659195
slit_tilt_z = -8.991603556768197
d_slit_col = 1594.310014496826
coll_tilt_x = 0.11323478675872328
coll_tilt_y = -0.028904368936384733
ech_G = 31.613232023363476
ech_blaze = -74.97483516457574
ech_gamma = 1.1389665599739451
echelle_z = 0.07477179259939762
d_col_trf = -1588.0172300171425
trf_mirror_tilt_x = 0.026305329453137113
trf_mirror_tilt_y = 0.16219532558915495
d_col_grm = -0.004894518783929873
grism_dec_x = 236.42335706335047
grism_dec_y = 0.03813531936685843
grm_tilt_x = -0.014057199874309527
grm_tilt_y = 2.3052784275920555
grm_G = 222.8239999374895
grm_apex = 17.791093627455396
d_grm_cam  = 21.609818339182407
cam_dec_x = -0.30958264820119424
cam_dec_y = 0.24728302607634642
cam_tilt_x = -0.011044063272849378
cam_tilt_y = 0.0038041930485002884
d_cam_ff  = -160.05742357275085
ccd_ff_dec_x = -0.0026073097139448745
ccd_ff_dec_y = 0.05306520604451182
ccd_ff_tilt_x = 0.01954514137946602
ccd_ff_tilt_y = -0.5728077395173073
ccd_ff_tilt_z = 0.18004448887734975
d_ff_ccd  = -4.83887484063398
ccd_dec_x = 0.6214072887915215
ccd_dec_y = 5.157150192744712
ccd_defocus = 0.2806984313910838
ccd_tilt_x = 0.0050064347443449205
ccd_tilt_y = -0.01090874321415503
ccd_tilt_z = 5.052236033308307e-06
p = 0.0001