slit_dec_x_a = -0.1704010755187174
slit_dec_y_a = -0.1956586180351446
slit_dec_x_b = 0.175
slit_dec_y_b = -1.7971940215322872e-96
slit_defocus = 0.021351034129627883
slit_tilt_x = 1.1139823590849252
slit_tilt_y = -8.538428133219764
slit_tilt_z = -8.99162250997027
d_slit_col = 1594.309914252387
coll_tilt_x = 0.11322348695261576
coll_tilt_y = -0.028922383627069646
ech_G = 31.613234283589094
ech_blaze = -74.97483066278123
ech_gamma = 1.1389655778374659
echelle_z = 0.07477449935233983
d_col_trf = -1588.0172313039698
trf_mirror_tilt_x = 0.0263478025340937
trf_mirror_tilt_y = 0.16221287453075045
d_col_grm = -0.0048835787330348155
grism_dec_x = 236.42330713982903
grism_dec_y = 0.03814485504041344
grm_tilt_x = -0.014053796031154663
grm_tilt_y = 2.305281091804135
grm_G = 222.824003554461
grm_apex = 17.791082510948936
d_grm_cam  = 21.609819203526207
cam_dec_x = -0.3095297791078889
cam_dec_y = 0.24729736394756074
cam_tilt_x = -0.01105005735216039
cam_tilt_y = 0.003813680218988969
d_cam_ff  = -160.05720651857877
ccd_ff_dec_x = -0.0025966965873811627
ccd_ff_dec_y = 0.05310360808772731
ccd_ff_tilt_x = 0.01952846714509902
ccd_ff_tilt_y = -0.572803532251283
ccd_ff_tilt_z = 0.1800557234340848
d_ff_ccd  = -4.838966794988064
ccd_dec_x = 0.6214074160021655
ccd_dec_y = 5.157146015229045
ccd_defocus = 0.28071019191854113
ccd_tilt_x = 0.005016302295873032
ccd_tilt_y = -0.010887801646414308
ccd_tilt_z = 5.064155321430334e-06
p = 0.0001