slit_dec_x_a = -0.1704010755187174
slit_dec_y_a = -0.1956586180351446
slit_dec_x_b = 0.175
slit_dec_y_b = -1.8711035093295761e-96
slit_defocus = 0.02138425600731698
slit_tilt_x = 1.1140346436182627
slit_tilt_y = -8.538504322525176
slit_tilt_z = -8.991691153860096
d_slit_col = 1594.3099028774163
coll_tilt_x = 0.11315344760220818
coll_tilt_y = -0.028857244949091275
ech_G = 31.61323504112491
ech_blaze = -74.9748340393565
ech_gamma = 1.1389767329817213
echelle_z = 0.0747763988978012
d_col_trf = -1588.017231208338
trf_mirror_tilt_x = 0.026316940168200038
trf_mirror_tilt_y = 0.16221102787427338
d_col_grm = -0.004820340713798746
grism_dec_x = 236.42336249153163
grism_dec_y = 0.03810146199470105
grm_tilt_x = -0.014055107209888685
grm_tilt_y = 2.305283315320352
grm_G = 222.82400349094158
grm_apex = 17.790981876856137
d_grm_cam  = 21.60982773452569
cam_dec_x = -0.3095340895757582
cam_dec_y = 0.24736467803595066
cam_tilt_x = -0.011123281650562816
cam_tilt_y = 0.0038196505528437317
d_cam_ff  = -160.057155918226
ccd_ff_dec_x = -0.002602544245415919
ccd_ff_dec_y = 0.05309142187933943
ccd_ff_tilt_x = 0.019528489973385296
ccd_ff_tilt_y = -0.5727977200421204
ccd_ff_tilt_z = 0.18005086799244338
d_ff_ccd  = -4.838925059560303
ccd_dec_x = 0.6214021550279195
ccd_dec_y = 5.157151532075925
ccd_defocus = 0.28073247750553587
ccd_tilt_x = 0.005068409904643298
ccd_tilt_y = -0.01097991601095794
ccd_tilt_z = 5.0959590835855445e-06
p = 0.0001