slit_dec_x_a = -0.181778666534
slit_dec_y_a = -0.18243150017
slit_dec_x_b = 0.14512077562974193
slit_dec_y_b = -0.05510809031835813
slit_defocus = -0.013776414376672746
slit_tilt_x = 1.0540840565411713
slit_tilt_y = -8.559915697388256
slit_tilt_z = -9.026975679666894
d_slit_col = 1594.2903008798262
coll_tilt_x = 0.12147630042005932
coll_tilt_y = -0.026473988003841157
ech_G = 31.614568154991755
ech_blaze = -74.9948823412696
ech_gamma = 1.1556442145241166
echelle_z = 0.05700823075167315
d_col_trf = -1588.0163603990602
trf_mirror_tilt_x = 0.007264039694492005
trf_mirror_tilt_y = 0.15544636599240713
d_col_grm = 0.03569464886262031
grism_dec_x = 236.3831945035224
grism_dec_y = 0.009161469393511952
grm_tilt_x = -0.023499151473162526
grm_tilt_y = 2.325784063078451
grm_G = 222.7840695596983
grm_apex = 17.76651445870853
d_grm_cam  = 21.604698405948035
cam_dec_x = -0.2709960135310739
cam_dec_y = 0.2909128607754107
cam_tilt_x = 0.012398037659466139
cam_tilt_y = 0.008801548987755582
d_cam_ff  = -160.0769935971938
ccd_ff_dec_x = -0.023797232370112695
ccd_ff_dec_y = 0.04199484437966632
ccd_ff_tilt_x = 0.03348496691928237
ccd_ff_tilt_y = -0.5909801467834714
ccd_ff_tilt_z = 0.1719109282737722
d_ff_ccd  = -4.81594412191413
ccd_dec_x = 0.5532978159216366
ccd_dec_y = 5.1076313365820685
ccd_defocus = 0.2858082680443598
ccd_tilt_x = 0.03256927555498731
ccd_tilt_y = -0.00214477597452516
ccd_tilt_z = 4.721567008580497e-06
p = 0.0001