slit_dec_x_a = -0.181778666534
slit_dec_y_a = -0.18243150017
slit_dec_x_b = 0.14512077562974193
slit_dec_y_b = -0.05510809031835813
slit_defocus = -0.01383572851856511
slit_tilt_x = 1.0540335997612063
slit_tilt_y = -8.55995491647821
slit_tilt_z = -9.026880479654169
d_slit_col = 1594.2903308600396
coll_tilt_x = 0.12146303638817676
coll_tilt_y = -0.026515034665927105
ech_G = 31.614560296342482
ech_blaze = -74.99488827592138
ech_gamma = 1.1556524452185843
echelle_z = 0.057006287605930434
d_col_trf = -1588.0163588816818
trf_mirror_tilt_x = 0.007287154193835258
trf_mirror_tilt_y = 0.155459363825331
d_col_grm = 0.035723489552428725
grism_dec_x = 236.3832483862989
grism_dec_y = 0.009278957069454457
grm_tilt_x = -0.023508304544162167
grm_tilt_y = 2.3257900433055045
grm_G = 222.7840681181071
grm_apex = 17.766560575866798
d_grm_cam  = 21.604708644660644
cam_dec_x = -0.2711295146982333
cam_dec_y = 0.2908845939639933
cam_tilt_x = 0.012501241747507715
cam_tilt_y = 0.008842724125694363
d_cam_ff  = -160.07694153121201
ccd_ff_dec_x = -0.023805006212045125
ccd_ff_dec_y = 0.042054560318707745
ccd_ff_tilt_x = 0.03346081993144581
ccd_ff_tilt_y = -0.5909763319445079
ccd_ff_tilt_z = 0.17191581466647798
d_ff_ccd  = -4.815953173822181
ccd_dec_x = 0.5532994747380968
ccd_dec_y = 5.107633673666686
ccd_defocus = 0.2857269852431272
ccd_tilt_x = 0.03257917173185227
ccd_tilt_y = -0.0021173580863056984
ccd_tilt_z = 4.688046209572027e-06
p = 0.0001