slit_dec_x_a = -0.1704010755187174
slit_dec_y_a = -0.1956586180351446
slit_dec_x_b = 0.175
slit_dec_y_b = -1.764173901922656e-96
slit_defocus = 0.02135573177182711
slit_tilt_x = 1.1140270805540897
slit_tilt_y = -8.53843470774063
slit_tilt_z = -8.991678187609688
d_slit_col = 1594.3099996271064
coll_tilt_x = 0.11314936662985055
coll_tilt_y = -0.02884962757968478
ech_G = 31.61323001497894
ech_blaze = -74.97483106264833
ech_gamma = 1.1389703067722006
echelle_z = 0.0747707295093804
d_col_trf = -1588.0172271479657
trf_mirror_tilt_x = 0.02630196584161136
trf_mirror_tilt_y = 0.1622656149495195
d_col_grm = -0.004815312783465994
grism_dec_x = 236.42336809555007
grism_dec_y = 0.03817454853766989
grm_tilt_x = -0.014053548000310037
grm_tilt_y = 2.305275677684249
grm_G = 222.82400969909875
grm_apex = 17.791041262133035
d_grm_cam  = 21.609815769097203
cam_dec_x = -0.30955229603051404
cam_dec_y = 0.24726803814926807
cam_tilt_x = -0.01106842398976619
cam_tilt_y = 0.003804529026828426
d_cam_ff  = -160.05780896447294
ccd_ff_dec_x = -0.002600706887423986
ccd_ff_dec_y = 0.05301416687434698
ccd_ff_tilt_x = 0.01954613202646044
ccd_ff_tilt_y = -0.5727998097766529
ccd_ff_tilt_z = 0.18004662363909202
d_ff_ccd  = -4.838916777232821
ccd_dec_x = 0.6213984768541093
ccd_dec_y = 5.157152889059561
ccd_defocus = 0.28072184722972904
ccd_tilt_x = 0.005038524767815754
ccd_tilt_y = -0.010871231958444832
ccd_tilt_z = 5.103299224198938e-06
p = 0.0001