slit_dec_x_a = -0.181778666534
slit_dec_y_a = -0.18243150017
slit_dec_x_b = 0.14512077562974193
slit_dec_y_b = -0.05510809031835813
slit_defocus = -0.013764672920458486
slit_tilt_x = 1.054127987300599
slit_tilt_y = -8.559983429632764
slit_tilt_z = -9.02692391168181
d_slit_col = 1594.290254215326
coll_tilt_x = 0.1214404616846457
coll_tilt_y = -0.02644741061175395
ech_G = 31.61456784455306
ech_blaze = -74.99489663223142
ech_gamma = 1.155633484149589
echelle_z = 0.057001922144278856
d_col_trf = -1588.0163638083347
trf_mirror_tilt_x = 0.00725507979555737
trf_mirror_tilt_y = 0.15550588206993218
d_col_grm = 0.03564165615913168
grism_dec_x = 236.38322214058132
grism_dec_y = 0.009236971786152771
grm_tilt_x = -0.023505442602158987
grm_tilt_y = 2.325785653649816
grm_G = 222.7840663588571
grm_apex = 17.766522396917164
d_grm_cam  = 21.604695845969246
cam_dec_x = -0.2710886694455868
cam_dec_y = 0.29092064945292184
cam_tilt_x = 0.012457794472915083
cam_tilt_y = 0.008798272778504835
d_cam_ff  = -160.07698362669316
ccd_ff_dec_x = -0.02380408687263642
ccd_ff_dec_y = 0.042051305058367835
ccd_ff_tilt_x = 0.033500231100785594
ccd_ff_tilt_y = -0.5909837965207272
ccd_ff_tilt_z = 0.1719183155863319
d_ff_ccd  = -4.816033121153065
ccd_dec_x = 0.5532949035247697
ccd_dec_y = 5.107632764759812
ccd_defocus = 0.2857290405603353
ccd_tilt_x = 0.032597561731888915
ccd_tilt_y = -0.0021678541485065776
ccd_tilt_z = 4.693792537040813e-06
p = 0.0001