slit_dec_x_a = -0.1704010755187174
slit_dec_y_a = -0.1956586180351446
slit_dec_x_b = 0.175
slit_dec_y_b = -1.8176039230803135e-96
slit_defocus = 0.02141157060476297
slit_tilt_x = 1.1140249085110683
slit_tilt_y = -8.538421220986054
slit_tilt_z = -8.991667302837618
d_slit_col = 1594.3099264468574
coll_tilt_x = 0.11319745190361409
coll_tilt_y = -0.028928847146145045
ech_G = 31.61323414014987
ech_blaze = -74.97483179517364
ech_gamma = 1.1389743097198368
echelle_z = 0.07477097317241697
d_col_trf = -1588.0172293252688
trf_mirror_tilt_x = 0.026294983546962955
trf_mirror_tilt_y = 0.1622285176517106
d_col_grm = -0.004882605190191074
grism_dec_x = 236.42331261204737
grism_dec_y = 0.03813686521070459
grm_tilt_x = -0.014054247330473708
grm_tilt_y = 2.305274451733269
grm_G = 222.82400583159765
grm_apex = 17.791017972083214
d_grm_cam  = 21.60981792156096
cam_dec_x = -0.30961767110077626
cam_dec_y = 0.24727304559755897
cam_tilt_x = -0.011045778181035104
cam_tilt_y = 0.0038041087194783164
d_cam_ff  = -160.05715618545167
ccd_ff_dec_x = -0.0025981229074272813
ccd_ff_dec_y = 0.05301626362007368
ccd_ff_tilt_x = 0.019596143172938448
ccd_ff_tilt_y = -0.5727997215671013
ccd_ff_tilt_z = 0.18005824281282626
d_ff_ccd  = -4.838949834401454
ccd_dec_x = 0.6214093991907366
ccd_dec_y = 5.157150396220607
ccd_defocus = 0.2807040889181964
ccd_tilt_x = 0.004991244999608033
ccd_tilt_y = -0.010960613846470242
ccd_tilt_z = 5.090869902920998e-06
p = 0.0001