slit_dec_x_a = -0.1704010755187174
slit_dec_y_a = -0.1956586180351446
slit_dec_x_b = 0.175
slit_dec_y_b = -1.8484867291417586e-96
slit_defocus = 0.02139357019556433
slit_tilt_x = 1.1140558483000251
slit_tilt_y = -8.538403718495081
slit_tilt_z = -8.991624656647538
d_slit_col = 1594.3100250922032
coll_tilt_x = 0.1132002958940291
coll_tilt_y = -0.02889992344567639
ech_G = 31.61323357285299
ech_blaze = -74.97483422331898
ech_gamma = 1.1389740557159436
echelle_z = 0.07477194057571851
d_col_trf = -1588.017238322192
trf_mirror_tilt_x = 0.026282717489299858
trf_mirror_tilt_y = 0.1622533135440253
d_col_grm = -0.004749522973430426
grism_dec_x = 236.42335760025463
grism_dec_y = 0.03810563944543481
grm_tilt_x = -0.014057240903844253
grm_tilt_y = 2.305275707798457
grm_G = 222.8239919982258
grm_apex = 17.791059200033466
d_grm_cam  = 21.609815280288558
cam_dec_x = -0.3095437391147153
cam_dec_y = 0.24727263544484043
cam_tilt_x = -0.011059534253956234
cam_tilt_y = 0.003801866715490554
d_cam_ff  = -160.057641613154
ccd_ff_dec_x = -0.002598700763511081
ccd_ff_dec_y = 0.0530031959501652
ccd_ff_tilt_x = 0.019466226461480635
ccd_ff_tilt_y = -0.5728034639475844
ccd_ff_tilt_z = 0.1800513464169953
d_ff_ccd  = -4.83898803384903
ccd_dec_x = 0.621404346408312
ccd_dec_y = 5.157153223308821
ccd_defocus = 0.2807974622786407
ccd_tilt_x = 0.005032918941085694
ccd_tilt_y = -0.010898426946098744
ccd_tilt_z = 5.057300626076258e-06
p = 0.0001