slit_dec_x_a = -0.181778666534
slit_dec_y_a = -0.18243150017
slit_dec_x_b = 0.14512077562974193
slit_dec_y_b = -0.05510809031835813
slit_defocus = -0.013802453339638922
slit_tilt_x = 1.0540808840932152
slit_tilt_y = -8.55997945568661
slit_tilt_z = -9.026795067194337
d_slit_col = 1594.2902685080962
coll_tilt_x = 0.1214740332744261
coll_tilt_y = -0.026451643422373095
ech_G = 31.614561304705944
ech_blaze = -74.9948829554135
ech_gamma = 1.1556387842073066
echelle_z = 0.05700136492250553
d_col_trf = -1588.016361747134
trf_mirror_tilt_x = 0.00725485414067663
trf_mirror_tilt_y = 0.15540001254494956
d_col_grm = 0.035609776379647705
grism_dec_x = 236.3832075049665
grism_dec_y = 0.00933230222347822
grm_tilt_x = -0.023513433254162316
grm_tilt_y = 2.325783995494433
grm_G = 222.78407431567217
grm_apex = 17.766537990316223
d_grm_cam  = 21.60469804745506
cam_dec_x = -0.27109570810972866
cam_dec_y = 0.2909534637837032
cam_tilt_x = 0.012452102598491973
cam_tilt_y = 0.008795677751977003
d_cam_ff  = -160.0772442816987
ccd_ff_dec_x = -0.02379629506054645
ccd_ff_dec_y = 0.042090016190899374
ccd_ff_tilt_x = 0.033467757610917456
ccd_ff_tilt_y = -0.5909771462501828
ccd_ff_tilt_z = 0.17191967312946427
d_ff_ccd  = -4.81589243867333
ccd_dec_x = 0.5532969144570785
ccd_dec_y = 5.1076344548984745
ccd_defocus = 0.28576193550191653
ccd_tilt_x = 0.03256960511890978
ccd_tilt_y = -0.002140440979819503
ccd_tilt_z = 4.688915913727183e-06
p = 0.0001