slit_dec_x_a = -0.1704010755187174
slit_dec_y_a = -0.1956586180351446
slit_dec_x_b = 0.175
slit_dec_y_b = -1.8517654731370995e-96
slit_defocus = 0.021379856051504904
slit_tilt_x = 1.1140215331675332
slit_tilt_y = -8.538469378892117
slit_tilt_z = -8.991669837722789
d_slit_col = 1594.3099949055766
coll_tilt_x = 0.11318111022963982
coll_tilt_y = -0.028912617753606786
ech_G = 31.613232135279645
ech_blaze = -74.97482923796233
ech_gamma = 1.1389773573035245
echelle_z = 0.07476956174697806
d_col_trf = -1588.017229646683
trf_mirror_tilt_x = 0.02635177385714013
trf_mirror_tilt_y = 0.1621764583726141
d_col_grm = -0.004868803439536654
grism_dec_x = 236.4232716583796
grism_dec_y = 0.0381856593988418
grm_tilt_x = -0.014048923476352854
grm_tilt_y = 2.3052778981474455
grm_G = 222.82399994845633
grm_apex = 17.79101292488497
d_grm_cam  = 21.609821743416923
cam_dec_x = -0.3095264376869751
cam_dec_y = 0.24728197781721653
cam_tilt_x = -0.011045144332487749
cam_tilt_y = 0.003823314678931714
d_cam_ff  = -160.05752236301697
ccd_ff_dec_x = -0.002598788920932117
ccd_ff_dec_y = 0.05299726624697183
ccd_ff_tilt_x = 0.019536915101521304
ccd_ff_tilt_y = -0.5728038237478571
ccd_ff_tilt_z = 0.18005284465937335
d_ff_ccd  = -4.838993687544791
ccd_dec_x = 0.6214031891706188
ccd_dec_y = 5.1571495177263085
ccd_defocus = 0.28073008466903804
ccd_tilt_x = 0.005020389473232641
ccd_tilt_y = -0.010946366095039805
ccd_tilt_z = 5.0938575737003774e-06
p = 0.0001