slit_dec_x_a = -0.181778666534
slit_dec_y_a = -0.18243150017
slit_dec_x_b = 0.14512077562974193
slit_dec_y_b = -0.05510809031835813
slit_defocus = -0.01381571461883094
slit_tilt_x = 1.0540577527022232
slit_tilt_y = -8.55992389282607
slit_tilt_z = -9.026934147759604
d_slit_col = 1594.2902304627328
coll_tilt_x = 0.12144137294794806
coll_tilt_y = -0.026453898459713975
ech_G = 31.614560421768346
ech_blaze = -74.99489401050033
ech_gamma = 1.1556387525615128
echelle_z = 0.05700153756322073
d_col_trf = -1588.0163658298484
trf_mirror_tilt_x = 0.007230606560165549
trf_mirror_tilt_y = 0.1555202998787721
d_col_grm = 0.03568013450423501
grism_dec_x = 236.38321726195235
grism_dec_y = 0.009263758461514594
grm_tilt_x = -0.02350840956645813
grm_tilt_y = 2.3257870434657324
grm_G = 222.78407359309662
grm_apex = 17.766565952133956
d_grm_cam  = 21.604698970208535
cam_dec_x = -0.2710740667521754
cam_dec_y = 0.29087862817266014
cam_tilt_x = 0.01249161206081884
cam_tilt_y = 0.008826191889682769
d_cam_ff  = -160.07702310121314
ccd_ff_dec_x = -0.023803643579158453
ccd_ff_dec_y = 0.04205116165481684
ccd_ff_tilt_x = 0.03342727127508876
ccd_ff_tilt_y = -0.590984518243199
ccd_ff_tilt_z = 0.17191767836534713
d_ff_ccd  = -4.815992208376401
ccd_dec_x = 0.553299681205442
ccd_dec_y = 5.1076362708252
ccd_defocus = 0.28575572838288527
ccd_tilt_x = 0.03260528187174631
ccd_tilt_y = -0.002183929488231452
ccd_tilt_z = 4.708429641018128e-06
p = 0.0001