slit_dec_x_a = -0.181778666534
slit_dec_y_a = -0.18243150017
slit_dec_x_b = 0.14512077562974193
slit_dec_y_b = -0.05510809031835813
slit_defocus = -0.01384372578691873
slit_tilt_x = 1.054048075529147
slit_tilt_y = -8.559933343603609
slit_tilt_z = -9.02682586917974
d_slit_col = 1594.2903359272213
coll_tilt_x = 0.12146704963474465
coll_tilt_y = -0.026450211434509284
ech_G = 31.61456222900353
ech_blaze = -74.9948859458405
ech_gamma = 1.1556396977071672
echelle_z = 0.05700309038222469
d_col_trf = -1588.0163667235636
trf_mirror_tilt_x = 0.007280344588974516
trf_mirror_tilt_y = 0.15538939114677028
d_col_grm = 0.035656887923876016
grism_dec_x = 236.38324701979502
grism_dec_y = 0.009215393654467493
grm_tilt_x = -0.023508434106904348
grm_tilt_y = 2.3257887626736675
grm_G = 222.78407072385085
grm_apex = 17.766484775168202
d_grm_cam  = 21.604703372440852
cam_dec_x = -0.27108686423193357
cam_dec_y = 0.29084989672305134
cam_tilt_x = 0.012422489004569994
cam_tilt_y = 0.008906153503574236
d_cam_ff  = -160.07683099721064
ccd_ff_dec_x = -0.02379762076127018
ccd_ff_dec_y = 0.04209159150805455
ccd_ff_tilt_x = 0.03351759288233242
ccd_ff_tilt_y = -0.5909785711387266
ccd_ff_tilt_z = 0.171919606053726
d_ff_ccd  = -4.81601375600081
ccd_dec_x = 0.5533002080931942
ccd_dec_y = 5.107629570997739
ccd_defocus = 0.28574535771106135
ccd_tilt_x = 0.03259932494270465
ccd_tilt_y = -0.002181193308462462
ccd_tilt_z = 4.709060435167548e-06
p = 0.0001