slit_dec_x_a = -0.1704010755187174
slit_dec_y_a = -0.1956586180351446
slit_dec_x_b = 0.175
slit_dec_y_b = -1.879412426629443e-96
slit_defocus = 0.0213727018212383
slit_tilt_x = 1.114054345167124
slit_tilt_y = -8.538438686742692
slit_tilt_z = -8.991618989651055
d_slit_col = 1594.310003962274
coll_tilt_x = 0.11319762369223024
coll_tilt_y = -0.028895219188508414
ech_G = 31.613227243796906
ech_blaze = -74.97482883236574
ech_gamma = 1.138980040512571
echelle_z = 0.07476857738566714
d_col_trf = -1588.0172271518538
trf_mirror_tilt_x = 0.026277769041293995
trf_mirror_tilt_y = 0.1622060625709931
d_col_grm = -0.004824163834172925
grism_dec_x = 236.4232519392532
grism_dec_y = 0.038208168346531124
grm_tilt_x = -0.014054068780643214
grm_tilt_y = 2.3052727356956257
grm_G = 222.82400796197888
grm_apex = 17.790997780772905
d_grm_cam  = 21.609817177100876
cam_dec_x = -0.30954807068552087
cam_dec_y = 0.2472245103606329
cam_tilt_x = -0.011009806375127884
cam_tilt_y = 0.00375545353375505
d_cam_ff  = -160.05772415113282
ccd_ff_dec_x = -0.0026005195108699613
ccd_ff_dec_y = 0.05303970971350426
ccd_ff_tilt_x = 0.019515523739659278
ccd_ff_tilt_y = -0.5728089210215617
ccd_ff_tilt_z = 0.18005249922435423
d_ff_ccd  = -4.8389240442754025
ccd_dec_x = 0.6213998501107411
ccd_dec_y = 5.157146405457846
ccd_defocus = 0.2807213719865249
ccd_tilt_x = 0.005077359620041675
ccd_tilt_y = -0.010894634839417308
ccd_tilt_z = 5.013753972571164e-06
p = 0.0001