slit_dec_x_a = -0.1704010755187174
slit_dec_y_a = -0.1956586180351446
slit_dec_x_b = 0.175
slit_dec_y_b = -1.8259704801225975e-96
slit_defocus = 0.021432913206186153
slit_tilt_x = 1.1140284188694993
slit_tilt_y = -8.538428703943909
slit_tilt_z = -8.991687529894897
d_slit_col = 1594.3099176263681
coll_tilt_x = 0.1132130040137969
coll_tilt_y = -0.02888698589820533
ech_G = 31.61323030584887
ech_blaze = -74.97483262109881
ech_gamma = 1.1389724121338662
echelle_z = 0.07477284420867775
d_col_trf = -1588.0172257221805
trf_mirror_tilt_x = 0.026283553043944998
trf_mirror_tilt_y = 0.16226738685564865
d_col_grm = -0.004817589885474773
grism_dec_x = 236.42337927584606
grism_dec_y = 0.03822060581012565
grm_tilt_x = -0.014051346733405577
grm_tilt_y = 2.3052782061846226
grm_G = 222.82400881533567
grm_apex = 17.790966405219542
d_grm_cam  = 21.609826504305303
cam_dec_x = -0.30950015434397615
cam_dec_y = 0.2472594453880851
cam_tilt_x = -0.011096681535280765
cam_tilt_y = 0.003780154259965744
d_cam_ff  = -160.05766647183748
ccd_ff_dec_x = -0.0026006937823175283
ccd_ff_dec_y = 0.05304857867040819
ccd_ff_tilt_x = 0.019514348710117556
ccd_ff_tilt_y = -0.5728038459129938
ccd_ff_tilt_z = 0.18005416156041876
d_ff_ccd  = -4.838917423291857
ccd_dec_x = 0.6214014765547392
ccd_dec_y = 5.1571514516551895
ccd_defocus = 0.28078986400037
ccd_tilt_x = 0.005048631333891133
ccd_tilt_y = -0.010931657814627106
ccd_tilt_z = 5.012943601674113e-06
p = 0.0001