slit_dec_x_a = -0.1704010755187174
slit_dec_y_a = -0.1956586180351446
slit_dec_x_b = 0.175
slit_dec_y_b = -1.827283999666957e-96
slit_defocus = 0.021383051098112237
slit_tilt_x = 1.113955380331845
slit_tilt_y = -8.53842377786763
slit_tilt_z = -8.991633436911254
d_slit_col = 1594.3099815369224
coll_tilt_x = 0.11318319788755954
coll_tilt_y = -0.02888735948391152
ech_G = 31.613232348987957
ech_blaze = -74.97483210466766
ech_gamma = 1.1389726359442895
echelle_z = 0.0747709281268952
d_col_trf = -1588.017231275728
trf_mirror_tilt_x = 0.02625231539391373
trf_mirror_tilt_y = 0.1622435736822938
d_col_grm = -0.004809131481458945
grism_dec_x = 236.42333876611218
grism_dec_y = 0.03819310790675985
grm_tilt_x = -0.01404849700394891
grm_tilt_y = 2.3052727125547476
grm_G = 222.824001849709
grm_apex = 17.791067041729736
d_grm_cam  = 21.60981439543313
cam_dec_x = -0.30947770713848727
cam_dec_y = 0.24729432975748616
cam_tilt_x = -0.011059951098586698
cam_tilt_y = 0.0037289743418834637
d_cam_ff  = -160.05755175811055
ccd_ff_dec_x = -0.002599302850334796
ccd_ff_dec_y = 0.053007417037392805
ccd_ff_tilt_x = 0.01948765648804792
ccd_ff_tilt_y = -0.5727998775837669
ccd_ff_tilt_z = 0.18004856088797647
d_ff_ccd  = -4.838939082597211
ccd_dec_x = 0.6214071445384713
ccd_dec_y = 5.157147915113057
ccd_defocus = 0.28068377881621315
ccd_tilt_x = 0.005027297674484013
ccd_tilt_y = -0.010874642657179981
ccd_tilt_z = 5.10499291237964e-06
p = 0.0001