slit_dec_x_a = -0.181778666534
slit_dec_y_a = -0.18243150017
slit_dec_x_b = 0.14512077562974193
slit_dec_y_b = -0.05510809031835813
slit_defocus = -0.013846590032014234
slit_tilt_x = 1.0541675182154193
slit_tilt_y = -8.559986743204812
slit_tilt_z = -9.026888765815501
d_slit_col = 1594.2902811082993
coll_tilt_x = 0.1213949795559983
coll_tilt_y = -0.026501042328174174
ech_G = 31.61456594390999
ech_blaze = -74.99488821496865
ech_gamma = 1.155639551215649
echelle_z = 0.05700290777901167
d_col_trf = -1588.0163596973305
trf_mirror_tilt_x = 0.007301604237341307
trf_mirror_tilt_y = 0.15547664867097655
d_col_grm = 0.035657294769211575
grism_dec_x = 236.38322639365452
grism_dec_y = 0.009233902032302902
grm_tilt_x = -0.02350442832905735
grm_tilt_y = 2.325786450897144
grm_G = 222.7840714365744
grm_apex = 17.766516796216546
d_grm_cam  = 21.604705001399946
cam_dec_x = -0.2711451678779976
cam_dec_y = 0.29087388291439686
cam_tilt_x = 0.012376047423465797
cam_tilt_y = 0.008907382545859505
d_cam_ff  = -160.077263895001
ccd_ff_dec_x = -0.023799135178880198
ccd_ff_dec_y = 0.04207187790260647
ccd_ff_tilt_x = 0.0334455386071307
ccd_ff_tilt_y = -0.5909716584218617
ccd_ff_tilt_z = 0.17191994315797396
d_ff_ccd  = -4.815984612362255
ccd_dec_x = 0.553304809895276
ccd_dec_y = 5.107626960668892
ccd_defocus = 0.28575595873872545
ccd_tilt_x = 0.03260286623645019
ccd_tilt_y = -0.0021853364824637855
ccd_tilt_z = 4.6691271476499015e-06
p = 0.0001