slit_dec_x_a = -0.1704010755187174
slit_dec_y_a = -0.1956586180351446
slit_dec_x_b = 0.175
slit_dec_y_b = -1.8528271697491968e-96
slit_defocus = 0.021352909460006658
slit_tilt_x = 1.1140398847936168
slit_tilt_y = -8.538482097422529
slit_tilt_z = -8.991618966166635
d_slit_col = 1594.3099314679293
coll_tilt_x = 0.11319958828304429
coll_tilt_y = -0.028848891112419922
ech_G = 31.613228752904075
ech_blaze = -74.97482548888384
ech_gamma = 1.1389797710048328
echelle_z = 0.07477166695261371
d_col_trf = -1588.0172346446964
trf_mirror_tilt_x = 0.02627787732251757
trf_mirror_tilt_y = 0.16221017006661365
d_col_grm = -0.004827872618596403
grism_dec_x = 236.4233531477982
grism_dec_y = 0.03815601834349716
grm_tilt_x = -0.014053341227270765
grm_tilt_y = 2.305270842592399
grm_G = 222.82399872578316
grm_apex = 17.791070937901896
d_grm_cam  = 21.609820161514115
cam_dec_x = -0.30952720588664845
cam_dec_y = 0.24729408265691905
cam_tilt_x = -0.011082400571319652
cam_tilt_y = 0.0036970508584801116
d_cam_ff  = -160.05738562742238
ccd_ff_dec_x = -0.0026054727052304033
ccd_ff_dec_y = 0.053049517379989954
ccd_ff_tilt_x = 0.019522364198369755
ccd_ff_tilt_y = -0.5727991679114742
ccd_ff_tilt_z = 0.18005622466527835
d_ff_ccd  = -4.838967419718635
ccd_dec_x = 0.6214096753490497
ccd_dec_y = 5.157146875251567
ccd_defocus = 0.2807019282137534
ccd_tilt_x = 0.0050700442633953915
ccd_tilt_y = -0.010885049601921156
ccd_tilt_z = 5.054377085764536e-06
p = 0.0001