slit_dec_x_a = -0.1704010755187174
slit_dec_y_a = -0.1956586180351446
slit_dec_x_b = 0.175
slit_dec_y_b = -1.8715024006720064e-96
slit_defocus = 0.021353382478215166
slit_tilt_x = 1.1140115054662052
slit_tilt_y = -8.538405842067458
slit_tilt_z = -8.991647602554757
d_slit_col = 1594.3099312652187
coll_tilt_x = 0.11323045645839563
coll_tilt_y = -0.028924735611183614
ech_G = 31.613233940167014
ech_blaze = -74.97482801394824
ech_gamma = 1.1389738830525387
echelle_z = 0.07477229722236242
d_col_trf = -1588.0172370998605
trf_mirror_tilt_x = 0.02627948028645201
trf_mirror_tilt_y = 0.16223341967060267
d_col_grm = -0.004830359152126407
grism_dec_x = 236.42330585571645
grism_dec_y = 0.03821224738764273
grm_tilt_x = -0.014051279587674482
grm_tilt_y = 2.3052799807503868
grm_G = 222.82400156899374
grm_apex = 17.7910939100394
d_grm_cam  = 21.60981384495263
cam_dec_x = -0.30957969118264594
cam_dec_y = 0.24726059225387445
cam_tilt_x = -0.011059266238766208
cam_tilt_y = 0.0038205417662760055
d_cam_ff  = -160.05740485681602
ccd_ff_dec_x = -0.002602481965320192
ccd_ff_dec_y = 0.05300761981125375
ccd_ff_tilt_x = 0.01951483947171713
ccd_ff_tilt_y = -0.5728024891709868
ccd_ff_tilt_z = 0.18005436347390205
d_ff_ccd  = -4.8389400841501
ccd_dec_x = 0.6214096071386732
ccd_dec_y = 5.157149598633492
ccd_defocus = 0.28073671284870666
ccd_tilt_x = 0.005040926916259424
ccd_tilt_y = -0.010989178778734883
ccd_tilt_z = 5.041685591232645e-06
p = 0.0001