slit_dec_x_a = -0.181778666534
slit_dec_y_a = -0.18243150017
slit_dec_x_b = 0.14512077562974193
slit_dec_y_b = -0.05510809031835813
slit_defocus = -0.013796772452131243
slit_tilt_x = 1.0540495369349747
slit_tilt_y = -8.559941278412799
slit_tilt_z = -9.026892058223126
d_slit_col = 1594.2903080912972
coll_tilt_x = 0.1214834773394951
coll_tilt_y = -0.026529811309937226
ech_G = 31.614562515722422
ech_blaze = -74.99488650008034
ech_gamma = 1.15564090760494
echelle_z = 0.056995440631751916
d_col_trf = -1588.0163649975632
trf_mirror_tilt_x = 0.0073431535277492885
trf_mirror_tilt_y = 0.15545945896197325
d_col_grm = 0.035656416191156774
grism_dec_x = 236.3832643376776
grism_dec_y = 0.009253980360036284
grm_tilt_x = -0.023506802621667336
grm_tilt_y = 2.325784671858657
grm_G = 222.7840707327322
grm_apex = 17.76651878886009
d_grm_cam  = 21.604703240226403
cam_dec_x = -0.2711275650821573
cam_dec_y = 0.2909447979626642
cam_tilt_x = 0.012426753679043325
cam_tilt_y = 0.008850141957845914
d_cam_ff  = -160.07697331420798
ccd_ff_dec_x = -0.02380454143392915
ccd_ff_dec_y = 0.041997232693046775
ccd_ff_tilt_x = 0.03352941470408903
ccd_ff_tilt_y = -0.5909760596768479
ccd_ff_tilt_z = 0.17191498730095658
d_ff_ccd  = -4.816006946255634
ccd_dec_x = 0.5532959485838613
ccd_dec_y = 5.107632683652191
ccd_defocus = 0.2857865844646303
ccd_tilt_x = 0.03262292817013176
ccd_tilt_y = -0.0021604387862720303
ccd_tilt_z = 4.657243254534241e-06
p = 0.0001