slit_dec_x_a = -0.181778666534
slit_dec_y_a = -0.18243150017
slit_dec_x_b = 0.14512077562974193
slit_dec_y_b = -0.05510809031835813
slit_defocus = -0.013799911967265134
slit_tilt_x = 1.0540888445286762
slit_tilt_y = -8.559951266707039
slit_tilt_z = -9.026922334761602
d_slit_col = 1594.2902483605299
coll_tilt_x = 0.12146255875981937
coll_tilt_y = -0.026525765230661053
ech_G = 31.614569375088212
ech_blaze = -74.9948898457381
ech_gamma = 1.155635813301791
echelle_z = 0.05700254110613769
d_col_trf = -1588.0163580367023
trf_mirror_tilt_x = 0.007295568116204944
trf_mirror_tilt_y = 0.15547566799002613
d_col_grm = 0.0357161112657417
grism_dec_x = 236.38319845897638
grism_dec_y = 0.009333558176813764
grm_tilt_x = -0.023506162394070645
grm_tilt_y = 2.3257838288609336
grm_G = 222.78406644383585
grm_apex = 17.766552188701905
d_grm_cam  = 21.604698966123987
cam_dec_x = -0.27109276727301446
cam_dec_y = 0.2909385618243174
cam_tilt_x = 0.012403964430532542
cam_tilt_y = 0.008867430859997768
d_cam_ff  = -160.07695624266594
ccd_ff_dec_x = -0.023808593325056217
ccd_ff_dec_y = 0.042109322108837124
ccd_ff_tilt_x = 0.03349121929278702
ccd_ff_tilt_y = -0.5909784393232477
ccd_ff_tilt_z = 0.1719121383295345
d_ff_ccd  = -4.815953263385452
ccd_dec_x = 0.5533000595741364
ccd_dec_y = 5.107636691415629
ccd_defocus = 0.28574775029739313
ccd_tilt_x = 0.032551638144338695
ccd_tilt_y = -0.0021371198606345157
ccd_tilt_z = 4.634561527863517e-06
p = 0.0001