slit_dec_x_a = -0.1704010755187174
slit_dec_y_a = -0.1956586180351446
slit_dec_x_b = 0.175
slit_dec_y_b = -1.7966501887744904e-96
slit_defocus = 0.021392361804813853
slit_tilt_x = 1.1140020349550581
slit_tilt_y = -8.538493143510092
slit_tilt_z = -8.991650513723123
d_slit_col = 1594.309962197593
coll_tilt_x = 0.11319839840366355
coll_tilt_y = -0.02898709334775227
ech_G = 31.613228937343465
ech_blaze = -74.97483653634944
ech_gamma = 1.1389716381614485
echelle_z = 0.0747671207795787
d_col_trf = -1588.0172369791064
trf_mirror_tilt_x = 0.02639394887150251
trf_mirror_tilt_y = 0.1621859741612396
d_col_grm = -0.004829170826240217
grism_dec_x = 236.42333756771964
grism_dec_y = 0.03813781799445681
grm_tilt_x = -0.01405507034072769
grm_tilt_y = 2.3052802048292875
grm_G = 222.82400464629964
grm_apex = 17.791055688966747
d_grm_cam  = 21.609817182819096
cam_dec_x = -0.3095080509659873
cam_dec_y = 0.2473106040956181
cam_tilt_x = -0.011098391596862002
cam_tilt_y = 0.0037395103289553913
d_cam_ff  = -160.05765017284807
ccd_ff_dec_x = -0.002599153755864635
ccd_ff_dec_y = 0.0531142288233687
ccd_ff_tilt_x = 0.01956026936689365
ccd_ff_tilt_y = -0.5727992351486934
ccd_ff_tilt_z = 0.18005883069309134
d_ff_ccd  = -4.838939033574762
ccd_dec_x = 0.6214039894276264
ccd_dec_y = 5.157155218684235
ccd_defocus = 0.28077484124342394
ccd_tilt_x = 0.005066198678022945
ccd_tilt_y = -0.010912377828493386
ccd_tilt_z = 5.065397841750632e-06
p = 0.0001