slit_dec_x_a = -0.181778666534
slit_dec_y_a = -0.18243150017
slit_dec_x_b = 0.14512077562974193
slit_dec_y_b = -0.05510809031835813
slit_defocus = -0.01376651294745604
slit_tilt_x = 1.05411074928117
slit_tilt_y = -8.559933206097472
slit_tilt_z = -9.026834518863582
d_slit_col = 1594.290286378921
coll_tilt_x = 0.12146386073903624
coll_tilt_y = -0.026503514469713906
ech_G = 31.614562034351685
ech_blaze = -74.9948909696097
ech_gamma = 1.1556369264204869
echelle_z = 0.056998703345017276
d_col_trf = -1588.0163616057
trf_mirror_tilt_x = 0.007291649924930297
trf_mirror_tilt_y = 0.15546273930133914
d_col_grm = 0.03564161893100232
grism_dec_x = 236.38322336174488
grism_dec_y = 0.009321383605346258
grm_tilt_x = -0.023502084989541035
grm_tilt_y = 2.3257950962606313
grm_G = 222.78406771555402
grm_apex = 17.766542827598048
d_grm_cam  = 21.604705621495526
cam_dec_x = -0.27111848487001755
cam_dec_y = 0.29089924723335825
cam_tilt_x = 0.012462623822613324
cam_tilt_y = 0.008901361266029586
d_cam_ff  = -160.07695990534498
ccd_ff_dec_x = -0.02380022349191393
ccd_ff_dec_y = 0.04206547786115786
ccd_ff_tilt_x = 0.03352425004195013
ccd_ff_tilt_y = -0.5909776417309347
ccd_ff_tilt_z = 0.17191846207118858
d_ff_ccd  = -4.815972266363863
ccd_dec_x = 0.5532966950146437
ccd_dec_y = 5.107628149007573
ccd_defocus = 0.2856340625784461
ccd_tilt_x = 0.0325888101502999
ccd_tilt_y = -0.0020978749504198062
ccd_tilt_z = 4.665830316840041e-06
p = 0.0001