slit_dec_x_a = -0.1704010755187174
slit_dec_y_a = -0.1956586180351446
slit_dec_x_b = 0.175
slit_dec_y_b = -1.8072325183341141e-96
slit_defocus = 0.021391274877556495
slit_tilt_x = 1.1140045664297604
slit_tilt_y = -8.53845385605002
slit_tilt_z = -8.991597357325093
d_slit_col = 1594.3100038446391
coll_tilt_x = 0.11319331411916488
coll_tilt_y = -0.02890322183814646
ech_G = 31.613233660906456
ech_blaze = -74.97482935979956
ech_gamma = 1.1389700215488663
echelle_z = 0.07476751094531746
d_col_trf = -1588.0172370586924
trf_mirror_tilt_x = 0.026231388625870718
trf_mirror_tilt_y = 0.16217132301503828
d_col_grm = -0.004886385709971101
grism_dec_x = 236.4232505370134
grism_dec_y = 0.038198960064011266
grm_tilt_x = -0.014055879268919215
grm_tilt_y = 2.3052746629221774
grm_G = 222.82400473388708
grm_apex = 17.7910719604935
d_grm_cam  = 21.609812058556432
cam_dec_x = -0.3096048026832928
cam_dec_y = 0.2472425864822677
cam_tilt_x = -0.011071151240018144
cam_tilt_y = 0.003736662558658974
d_cam_ff  = -160.0573161019946
ccd_ff_dec_x = -0.0025975851887307874
ccd_ff_dec_y = 0.05301291273487901
ccd_ff_tilt_x = 0.019553571656364156
ccd_ff_tilt_y = -0.5727955738944188
ccd_ff_tilt_z = 0.18004679414627361
d_ff_ccd  = -4.8389944974998516
ccd_dec_x = 0.6214020314449149
ccd_dec_y = 5.157151863434136
ccd_defocus = 0.280625674499235
ccd_tilt_x = 0.004978945693849997
ccd_tilt_y = -0.010884953935894462
ccd_tilt_z = 5.102747757746747e-06
p = 0.0001