slit_dec_x_a = -0.181778666534
slit_dec_y_a = -0.18243150017
slit_dec_x_b = 0.14512077562974193
slit_dec_y_b = -0.05510809031835813
slit_defocus = -0.013854231937381705
slit_tilt_x = 1.0540841008789619
slit_tilt_y = -8.55999173349348
slit_tilt_z = -9.02684818254224
d_slit_col = 1594.2902807817093
coll_tilt_x = 0.12138353102522516
coll_tilt_y = -0.026450029545037872
ech_G = 31.61456180607354
ech_blaze = -74.99488958267695
ech_gamma = 1.1556393862908152
echelle_z = 0.05700837435498473
d_col_trf = -1588.0163629770836
trf_mirror_tilt_x = 0.0073347488256881735
trf_mirror_tilt_y = 0.1554666582162475
d_col_grm = 0.03567844571333809
grism_dec_x = 236.3832527559279
grism_dec_y = 0.009189893098009667
grm_tilt_x = -0.023513611961075813
grm_tilt_y = 2.325781153719516
grm_G = 222.78407090551838
grm_apex = 17.766553276468347
d_grm_cam  = 21.60469323915429
cam_dec_x = -0.27116279244050295
cam_dec_y = 0.2908642699340425
cam_tilt_x = 0.012431679183669412
cam_tilt_y = 0.008855857867266425
d_cam_ff  = -160.07704256929412
ccd_ff_dec_x = -0.023805792669032717
ccd_ff_dec_y = 0.04210629285738533
ccd_ff_tilt_x = 0.03344063048271705
ccd_ff_tilt_y = -0.5909836418523275
ccd_ff_tilt_z = 0.17191990202850901
d_ff_ccd  = -4.815972233148557
ccd_dec_x = 0.5532917194759498
ccd_dec_y = 5.107629624959567
ccd_defocus = 0.28581102085215765
ccd_tilt_x = 0.03258279901095385
ccd_tilt_y = -0.002158981371793525
ccd_tilt_z = 4.6744224932367904e-06
p = 0.0001