slit_dec_x_a = -0.1704010755187174
slit_dec_y_a = -0.1956586180351446
slit_dec_x_b = 0.175
slit_dec_y_b = -1.8103564731440094e-96
slit_defocus = 0.02137752939122694
slit_tilt_x = 1.1139839565427787
slit_tilt_y = -8.538431053384707
slit_tilt_z = -8.991650895108279
d_slit_col = 1594.3099592417886
coll_tilt_x = 0.11320216050689683
coll_tilt_y = -0.028877273044006672
ech_G = 31.61323390727952
ech_blaze = -74.97482956294004
ech_gamma = 1.1389771063389948
echelle_z = 0.07476883034749096
d_col_trf = -1588.0172309916502
trf_mirror_tilt_x = 0.026330907301598847
trf_mirror_tilt_y = 0.16229628283117764
d_col_grm = -0.004835880024521466
grism_dec_x = 236.42327125383696
grism_dec_y = 0.03813650031090784
grm_tilt_x = -0.014055327296918252
grm_tilt_y = 2.3052845861229194
grm_G = 222.82400961403107
grm_apex = 17.791073827207953
d_grm_cam  = 21.60981778853863
cam_dec_x = -0.3095459579790864
cam_dec_y = 0.24728377639895763
cam_tilt_x = -0.011027231147571568
cam_tilt_y = 0.0038068899592212982
d_cam_ff  = -160.05745691851868
ccd_ff_dec_x = -0.002602527804746783
ccd_ff_dec_y = 0.05302192053224455
ccd_ff_tilt_x = 0.019549316896668827
ccd_ff_tilt_y = -0.5728069270439128
ccd_ff_tilt_z = 0.180055240074481
d_ff_ccd  = -4.838975954971749
ccd_dec_x = 0.6214046785009228
ccd_dec_y = 5.157151784841746
ccd_defocus = 0.28072314527304815
ccd_tilt_x = 0.005086697338823142
ccd_tilt_y = -0.010922689060938344
ccd_tilt_z = 5.1116301540875716e-06
p = 0.0001