slit_dec_x_a = -0.1704010755187174
slit_dec_y_a = -0.1956586180351446
slit_dec_x_b = 0.175
slit_dec_y_b = -1.7990771975698407e-96
slit_defocus = 0.021396336613401994
slit_tilt_x = 1.1140266600954325
slit_tilt_y = -8.538440006573275
slit_tilt_z = -8.991569398523277
d_slit_col = 1594.3099615098317
coll_tilt_x = 0.11321210619967102
coll_tilt_y = -0.028817070059467167
ech_G = 31.61322919391511
ech_blaze = -74.97482633975238
ech_gamma = 1.138972943346992
echelle_z = 0.07476697479057974
d_col_trf = -1588.017229630669
trf_mirror_tilt_x = 0.026297231714795467
trf_mirror_tilt_y = 0.1622115032752773
d_col_grm = -0.004857509068590498
grism_dec_x = 236.42328574809352
grism_dec_y = 0.03815453909258306
grm_tilt_x = -0.014052593208099252
grm_tilt_y = 2.3052730734402544
grm_G = 222.82399963370534
grm_apex = 17.791110699631865
d_grm_cam  = 21.609819645458604
cam_dec_x = -0.3095303423550107
cam_dec_y = 0.2472955428162142
cam_tilt_x = -0.011058810476561985
cam_tilt_y = 0.0038372009826584137
d_cam_ff  = -160.05756446867537
ccd_ff_dec_x = -0.0026018558818413423
ccd_ff_dec_y = 0.0530347996630295
ccd_ff_tilt_x = 0.019527437893745836
ccd_ff_tilt_y = -0.5727991485135872
ccd_ff_tilt_z = 0.18005553330121749
d_ff_ccd  = -4.838897877708045
ccd_dec_x = 0.6214014772770224
ccd_dec_y = 5.157153326102782
ccd_defocus = 0.2807007674671571
ccd_tilt_x = 0.005042022291695063
ccd_tilt_y = -0.010901911082973332
ccd_tilt_z = 5.052205845023258e-06
p = 0.0001