slit_dec_x_a = -0.1704010755187174
slit_dec_y_a = -0.1956586180351446
slit_dec_x_b = 0.175
slit_dec_y_b = -1.807850986109209e-96
slit_defocus = 0.021388063702960498
slit_tilt_x = 1.1140302576418533
slit_tilt_y = -8.538367441379204
slit_tilt_z = -8.99161864509849
d_slit_col = 1594.3099279097112
coll_tilt_x = 0.1132190176979929
coll_tilt_y = -0.028875860282944647
ech_G = 31.613233674020925
ech_blaze = -74.97483069812155
ech_gamma = 1.1389744134637765
echelle_z = 0.07477040966673326
d_col_trf = -1588.01723770494
trf_mirror_tilt_x = 0.026340614351269977
trf_mirror_tilt_y = 0.1622566426514183
d_col_grm = -0.004783405583681132
grism_dec_x = 236.4233005935366
grism_dec_y = 0.03815685277249543
grm_tilt_x = -0.014055218104150531
grm_tilt_y = 2.305278163180319
grm_G = 222.8240037212149
grm_apex = 17.790977964527908
d_grm_cam  = 21.60981507014869
cam_dec_x = -0.3096611560072781
cam_dec_y = 0.24729521501951662
cam_tilt_x = -0.01104835521708761
cam_tilt_y = 0.003795482901386084
d_cam_ff  = -160.05751434521508
ccd_ff_dec_x = -0.0026017479726731167
ccd_ff_dec_y = 0.05300622489802303
ccd_ff_tilt_x = 0.019498476493539744
ccd_ff_tilt_y = -0.5728068739853015
ccd_ff_tilt_z = 0.1800466279768024
d_ff_ccd  = -4.838911777447763
ccd_dec_x = 0.6214067419417582
ccd_dec_y = 5.15715150387307
ccd_defocus = 0.2807265301598275
ccd_tilt_x = 0.0050949266723510364
ccd_tilt_y = -0.010881443057146452
ccd_tilt_z = 5.036789097622831e-06
p = 0.0001