slit_dec_x_a = -0.181778666534
slit_dec_y_a = -0.18243150017
slit_dec_x_b = 0.14512077562974193
slit_dec_y_b = -0.05510809031835813
slit_defocus = -0.013813166658809387
slit_tilt_x = 1.0541135789853868
slit_tilt_y = -8.560011582532463
slit_tilt_z = -9.026871705246084
d_slit_col = 1594.2902810541052
coll_tilt_x = 0.12144102493674203
coll_tilt_y = -0.02651643718874553
ech_G = 31.614567865076115
ech_blaze = -74.99488423999219
ech_gamma = 1.1556448714685104
echelle_z = 0.05700299286852033
d_col_trf = -1588.0163642839739
trf_mirror_tilt_x = 0.00730108366455465
trf_mirror_tilt_y = 0.15546060310426982
d_col_grm = 0.0356532593649866
grism_dec_x = 236.38319831265153
grism_dec_y = 0.009199949958600918
grm_tilt_x = -0.023505481673833272
grm_tilt_y = 2.3257835596908345
grm_G = 222.78407584191945
grm_apex = 17.766458893428382
d_grm_cam  = 21.60469722611113
cam_dec_x = -0.27102656980703455
cam_dec_y = 0.29078477604615305
cam_tilt_x = 0.012436451394600367
cam_tilt_y = 0.008806031259809305
d_cam_ff  = -160.07711452759983
ccd_ff_dec_x = -0.023793417347092876
ccd_ff_dec_y = 0.041985723597406675
ccd_ff_tilt_x = 0.0334234793933233
ccd_ff_tilt_y = -0.5909808821088034
ccd_ff_tilt_z = 0.17191945761419034
d_ff_ccd  = -4.816001659429866
ccd_dec_x = 0.5533010692648712
ccd_dec_y = 5.107629446789242
ccd_defocus = 0.28585311044689427
ccd_tilt_x = 0.03256450605664155
ccd_tilt_y = -0.0021160659129496667
ccd_tilt_z = 4.679141787996674e-06
p = 0.0001