slit_dec_x_a = -0.1704010755187174
slit_dec_y_a = -0.1956586180351446
slit_dec_x_b = 0.175
slit_dec_y_b = -1.8815572741365855e-96
slit_defocus = 0.02143225504523754
slit_tilt_x = 1.114021641283369
slit_tilt_y = -8.538396762388269
slit_tilt_z = -8.991582372195898
d_slit_col = 1594.309918312295
coll_tilt_x = 0.1131768848639443
coll_tilt_y = -0.02891273380980035
ech_G = 31.613231127987557
ech_blaze = -74.97483397056992
ech_gamma = 1.1389784820116533
echelle_z = 0.07477254990920379
d_col_trf = -1588.0172346246109
trf_mirror_tilt_x = 0.02627951871249623
trf_mirror_tilt_y = 0.16220837171570338
d_col_grm = -0.004805726228332171
grism_dec_x = 236.4233249878868
grism_dec_y = 0.03822040960116642
grm_tilt_x = -0.014053773545639444
grm_tilt_y = 2.30528244186417
grm_G = 222.82400445083556
grm_apex = 17.791016049170533
d_grm_cam  = 21.609816088782644
cam_dec_x = -0.30948021691949107
cam_dec_y = 0.24726296052230556
cam_tilt_x = -0.011055109695211413
cam_tilt_y = 0.0037873503287374067
d_cam_ff  = -160.0575776783756
ccd_ff_dec_x = -0.0026026119209304767
ccd_ff_dec_y = 0.05305406970465808
ccd_ff_tilt_x = 0.019449989915955358
ccd_ff_tilt_y = -0.5728013400144899
ccd_ff_tilt_z = 0.18005720073630543
d_ff_ccd  = -4.838930449498705
ccd_dec_x = 0.6214090458046662
ccd_dec_y = 5.157152840940631
ccd_defocus = 0.28076079555126304
ccd_tilt_x = 0.005065927864111896
ccd_tilt_y = -0.01089110632792639
ccd_tilt_z = 5.098413634935455e-06
p = 0.0001