slit_dec_x_a = -0.181778666534
slit_dec_y_a = -0.18243150017
slit_dec_x_b = 0.14512077562974193
slit_dec_y_b = -0.05510809031835813
slit_defocus = -0.013794237786819548
slit_tilt_x = 1.0540397306881726
slit_tilt_y = -8.559933453625149
slit_tilt_z = -9.0269270210294
d_slit_col = 1594.2902592502546
coll_tilt_x = 0.12148731916041232
coll_tilt_y = -0.026419716493299626
ech_G = 31.61455935457915
ech_blaze = -74.99488826906338
ech_gamma = 1.15564028898367
echelle_z = 0.057000707403989756
d_col_trf = -1588.0163690418035
trf_mirror_tilt_x = 0.0073284316977113365
trf_mirror_tilt_y = 0.1553904735503559
d_col_grm = 0.03570271385783286
grism_dec_x = 236.3832262319955
grism_dec_y = 0.009217656364697072
grm_tilt_x = -0.023506279074395387
grm_tilt_y = 2.3257887069104948
grm_G = 222.7840728915243
grm_apex = 17.766535647675795
d_grm_cam  = 21.60470779257075
cam_dec_x = -0.27108052703714636
cam_dec_y = 0.2909203460702008
cam_tilt_x = 0.012490176352424122
cam_tilt_y = 0.008806437511722899
d_cam_ff  = -160.0772081794944
ccd_ff_dec_x = -0.0237995592652754
ccd_ff_dec_y = 0.042067548319065326
ccd_ff_tilt_x = 0.03353049491328104
ccd_ff_tilt_y = -0.5909840974018051
ccd_ff_tilt_z = 0.17191396902020903
d_ff_ccd  = -4.816017410944427
ccd_dec_x = 0.5533006207985325
ccd_dec_y = 5.107632487144705
ccd_defocus = 0.285817516394426
ccd_tilt_x = 0.032526951322917975
ccd_tilt_y = -0.0021980406144481417
ccd_tilt_z = 4.674234193840111e-06
p = 0.0001