slit_dec_x_a = -0.1704010755187174
slit_dec_y_a = -0.1956586180351446
slit_dec_x_b = 0.175
slit_dec_y_b = -1.845818773986105e-96
slit_defocus = 0.021349307167949926
slit_tilt_x = 1.1139903778788667
slit_tilt_y = -8.538404162327744
slit_tilt_z = -8.991624890439553
d_slit_col = 1594.309913395078
coll_tilt_x = 0.11317897918092257
coll_tilt_y = -0.028966171576434302
ech_G = 31.613236789537975
ech_blaze = -74.97483492253927
ech_gamma = 1.138973336501842
echelle_z = 0.0747738146752868
d_col_trf = -1588.0172396959233
trf_mirror_tilt_x = 0.02622468050235553
trf_mirror_tilt_y = 0.1621823743657494
d_col_grm = -0.004831597676451804
grism_dec_x = 236.42329739993133
grism_dec_y = 0.03821669733633879
grm_tilt_x = -0.014057595902842487
grm_tilt_y = 2.305274027002874
grm_G = 222.82400910131622
grm_apex = 17.79092910428257
d_grm_cam  = 21.609820932986143
cam_dec_x = -0.3094765971489307
cam_dec_y = 0.2472064085998246
cam_tilt_x = -0.011111039842937908
cam_tilt_y = 0.003805053034090594
d_cam_ff  = -160.05759037318128
ccd_ff_dec_x = -0.0025995091754433433
ccd_ff_dec_y = 0.05307340521242736
ccd_ff_tilt_x = 0.019528235857570606
ccd_ff_tilt_y = -0.5728028439832847
ccd_ff_tilt_z = 0.1800539243092134
d_ff_ccd  = -4.838959216002015
ccd_dec_x = 0.6214048105753809
ccd_dec_y = 5.1571495624017025
ccd_defocus = 0.2807705477111287
ccd_tilt_x = 0.005029157771559589
ccd_tilt_y = -0.010959536368382554
ccd_tilt_z = 5.093115811067641e-06
p = 0.0001