slit_dec_x_a = -0.1704010755187174
slit_dec_y_a = -0.1956586180351446
slit_dec_x_b = 0.175
slit_dec_y_b = -1.8102311611637098e-96
slit_defocus = 0.021409155183209034
slit_tilt_x = 1.114027912200996
slit_tilt_y = -8.538391137602883
slit_tilt_z = -8.99165327191429
d_slit_col = 1594.3099477813557
coll_tilt_x = 0.1132400816884553
coll_tilt_y = -0.028863527694276955
ech_G = 31.613226344582625
ech_blaze = -74.97482784929154
ech_gamma = 1.1389772987073148
echelle_z = 0.07476550770155568
d_col_trf = -1588.0172309633624
trf_mirror_tilt_x = 0.026308573067649797
trf_mirror_tilt_y = 0.16225940963147145
d_col_grm = -0.00473043807426375
grism_dec_x = 236.42331604553772
grism_dec_y = 0.038203707665640026
grm_tilt_x = -0.014053980908605103
grm_tilt_y = 2.3052721439416852
grm_G = 222.82400828327363
grm_apex = 17.791006136563485
d_grm_cam  = 21.6098186827726
cam_dec_x = -0.30946749235186655
cam_dec_y = 0.2472207205124196
cam_tilt_x = -0.01100794819100884
cam_tilt_y = 0.0037619909621577543
d_cam_ff  = -160.05732242767237
ccd_ff_dec_x = -0.00260197395691837
ccd_ff_dec_y = 0.053084143984217534
ccd_ff_tilt_x = 0.019558526789897907
ccd_ff_tilt_y = -0.5727962179667955
ccd_ff_tilt_z = 0.1800526566193225
d_ff_ccd  = -4.838957087680503
ccd_dec_x = 0.621409973752227
ccd_dec_y = 5.157145668681563
ccd_defocus = 0.2807593533533695
ccd_tilt_x = 0.005054931415501602
ccd_tilt_y = -0.010888622864920615
ccd_tilt_z = 5.099691402368036e-06
p = 0.0001