slit_dec_x_a = -0.1704010755187174
slit_dec_y_a = -0.1956586180351446
slit_dec_x_b = 0.175
slit_dec_y_b = -1.7847492124306447e-96
slit_defocus = 0.02137953632246285
slit_tilt_x = 1.1139448126561964
slit_tilt_y = -8.53840005616112
slit_tilt_z = -8.991724993271433
d_slit_col = 1594.3099877627083
coll_tilt_x = 0.11319268214849461
coll_tilt_y = -0.02893033914837518
ech_G = 31.613227681925654
ech_blaze = -74.97482506526951
ech_gamma = 1.1389741155298185
echelle_z = 0.0747692181215271
d_col_trf = -1588.017236942288
trf_mirror_tilt_x = 0.02633999510974766
trf_mirror_tilt_y = 0.16221092022447114
d_col_grm = -0.004874434800671881
grism_dec_x = 236.4233955201335
grism_dec_y = 0.03817833778228982
grm_tilt_x = -0.014052027265789475
grm_tilt_y = 2.3052726827142735
grm_G = 222.82400280922587
grm_apex = 17.79102451816158
d_grm_cam  = 21.609819712671133
cam_dec_x = -0.30956569159682795
cam_dec_y = 0.2472908883385683
cam_tilt_x = -0.011076519939155935
cam_tilt_y = 0.0037662474678928776
d_cam_ff  = -160.05731032297354
ccd_ff_dec_x = -0.0025941873555536165
ccd_ff_dec_y = 0.05313023710733783
ccd_ff_tilt_x = 0.01951043547595727
ccd_ff_tilt_y = -0.5728069848402162
ccd_ff_tilt_z = 0.1800519532407443
d_ff_ccd  = -4.838949353584848
ccd_dec_x = 0.6214065668465222
ccd_dec_y = 5.157148564012341
ccd_defocus = 0.2807560596550102
ccd_tilt_x = 0.005038025122997432
ccd_tilt_y = -0.010890538233243539
ccd_tilt_z = 5.07144935301776e-06
p = 0.0001