slit_dec_x_a = -0.181778666534
slit_dec_y_a = -0.18243150017
slit_dec_x_b = 0.14512077562974193
slit_dec_y_b = -0.05510809031835813
slit_defocus = -0.01377952769509538
slit_tilt_x = 1.0541045371684759
slit_tilt_y = -8.55998799380738
slit_tilt_z = -9.026847974878583
d_slit_col = 1594.2903195216445
coll_tilt_x = 0.12143885783698448
coll_tilt_y = -0.026481112499185954
ech_G = 31.614565328040605
ech_blaze = -74.994889469997
ech_gamma = 1.15564030875346
echelle_z = 0.05700341183142747
d_col_trf = -1588.0163687241602
trf_mirror_tilt_x = 0.007289146704391565
trf_mirror_tilt_y = 0.1554156618298906
d_col_grm = 0.03563923522264695
grism_dec_x = 236.383198593964
grism_dec_y = 0.009214674907082974
grm_tilt_x = -0.023508052983768384
grm_tilt_y = 2.3257832466988746
grm_G = 222.78406784077114
grm_apex = 17.76658437743529
d_grm_cam  = 21.60470132149198
cam_dec_x = -0.2710672834572361
cam_dec_y = 0.29085820552175096
cam_tilt_x = 0.012452455541556526
cam_tilt_y = 0.008796617736353325
d_cam_ff  = -160.07668663211757
ccd_ff_dec_x = -0.02379966146078372
ccd_ff_dec_y = 0.04199799042320716
ccd_ff_tilt_x = 0.03354463058134896
ccd_ff_tilt_y = -0.5909787726276082
ccd_ff_tilt_z = 0.1719180653180124
d_ff_ccd  = -4.816003397664665
ccd_dec_x = 0.5532965571705712
ccd_dec_y = 5.107627282594936
ccd_defocus = 0.2857634542829509
ccd_tilt_x = 0.03259071050754144
ccd_tilt_y = -0.002112683708030536
ccd_tilt_z = 4.673277347024607e-06
p = 0.0001