slit_dec_x_a = -0.1704010755187174
slit_dec_y_a = -0.1956586180351446
slit_dec_x_b = 0.175
slit_dec_y_b = -1.8668836035488023e-96
slit_defocus = 0.02145248407618183
slit_tilt_x = 1.1139819698417692
slit_tilt_y = -8.538406811572978
slit_tilt_z = -8.991607997161003
d_slit_col = 1594.3099228648794
coll_tilt_x = 0.1132476555479854
coll_tilt_y = -0.02888841680944691
ech_G = 31.61323319395514
ech_blaze = -74.97483394942773
ech_gamma = 1.1389724481698145
echelle_z = 0.07477319617201944
d_col_trf = -1588.0172340832437
trf_mirror_tilt_x = 0.026347283564052013
trf_mirror_tilt_y = 0.1622482450238783
d_col_grm = -0.004898910170021692
grism_dec_x = 236.423370762068
grism_dec_y = 0.03817732603277667
grm_tilt_x = -0.014057756348064776
grm_tilt_y = 2.3052778471007103
grm_G = 222.8240066992943
grm_apex = 17.79102245643239
d_grm_cam  = 21.609813692215823
cam_dec_x = -0.3095440042296633
cam_dec_y = 0.24728340445328176
cam_tilt_x = -0.011006259731794664
cam_tilt_y = 0.0038117948494167694
d_cam_ff  = -160.05732231773771
ccd_ff_dec_x = -0.0026100193448809887
ccd_ff_dec_y = 0.05302652855142279
ccd_ff_tilt_x = 0.019561339633863046
ccd_ff_tilt_y = -0.5728089027467805
ccd_ff_tilt_z = 0.18005361895623515
d_ff_ccd  = -4.838903031852087
ccd_dec_x = 0.6214054441147497
ccd_dec_y = 5.157152221099397
ccd_defocus = 0.28077023380425664
ccd_tilt_x = 0.0050665523530507815
ccd_tilt_y = -0.010889484427424264
ccd_tilt_z = 5.093333412886698e-06
p = 0.0001