slit_dec_x_a = -0.181778666534
slit_dec_y_a = -0.18243150017
slit_dec_x_b = 0.14512077562974193
slit_dec_y_b = -0.05510809031835813
slit_defocus = -0.01384195629920128
slit_tilt_x = 1.054095336987542
slit_tilt_y = -8.559979695958576
slit_tilt_z = -9.026785980409176
d_slit_col = 1594.2902139920345
coll_tilt_x = 0.12138655111972788
coll_tilt_y = -0.026498454993058265
ech_G = 31.614564697836904
ech_blaze = -74.99488933940572
ech_gamma = 1.1556479351766802
echelle_z = 0.057006336638079615
d_col_trf = -1588.0163634261585
trf_mirror_tilt_x = 0.007405178258069795
trf_mirror_tilt_y = 0.1554254617159207
d_col_grm = 0.03565403199448941
grism_dec_x = 236.3832131223144
grism_dec_y = 0.00928102816308206
grm_tilt_x = -0.023513932066903935
grm_tilt_y = 2.3257890271492907
grm_G = 222.7840755654261
grm_apex = 17.766473745293712
d_grm_cam  = 21.6046951974932
cam_dec_x = -0.271161582146128
cam_dec_y = 0.2908871890303517
cam_tilt_x = 0.012384003511032094
cam_tilt_y = 0.008887609783139907
d_cam_ff  = -160.07730628251522
ccd_ff_dec_x = -0.023802344669049638
ccd_ff_dec_y = 0.04197597096884908
ccd_ff_tilt_x = 0.03358309824853568
ccd_ff_tilt_y = -0.5909852518541073
ccd_ff_tilt_z = 0.17191617933226086
d_ff_ccd  = -4.816038075537582
ccd_dec_x = 0.5533019337234699
ccd_dec_y = 5.107632475023414
ccd_defocus = 0.28570373407210514
ccd_tilt_x = 0.03258599910757025
ccd_tilt_y = -0.0020824518942883
ccd_tilt_z = 4.662340333696219e-06
p = 0.0001