slit_dec_x_a = -0.181778666534
slit_dec_y_a = -0.18243150017
slit_dec_x_b = 0.14512077562974193
slit_dec_y_b = -0.05510809031835813
slit_defocus = -0.01383742433581753
slit_tilt_x = 1.0540534639535355
slit_tilt_y = -8.559919812282903
slit_tilt_z = -9.026852755026214
d_slit_col = 1594.2903551896115
coll_tilt_x = 0.1214284129469488
coll_tilt_y = -0.026509656328640194
ech_G = 31.614558373478427
ech_blaze = -74.9948867201677
ech_gamma = 1.1556397407057382
echelle_z = 0.05699779636367463
d_col_trf = -1588.0163672072536
trf_mirror_tilt_x = 0.007302283831084527
trf_mirror_tilt_y = 0.15546251267032055
d_col_grm = 0.035715408301153904
grism_dec_x = 236.38315176250674
grism_dec_y = 0.009275546153746735
grm_tilt_x = -0.023505290854333893
grm_tilt_y = 2.325792455881707
grm_G = 222.78407098952144
grm_apex = 17.766537847000773
d_grm_cam  = 21.60470311746213
cam_dec_x = -0.27107838739572593
cam_dec_y = 0.2909027725264805
cam_tilt_x = 0.012430974714854222
cam_tilt_y = 0.008808454409730961
d_cam_ff  = -160.07738882594168
ccd_ff_dec_x = -0.023797749293324805
ccd_ff_dec_y = 0.042059539218894
ccd_ff_tilt_x = 0.033493300495356704
ccd_ff_tilt_y = -0.59098216408991
ccd_ff_tilt_z = 0.17192771163143336
d_ff_ccd  = -4.816014427899655
ccd_dec_x = 0.5532972464097056
ccd_dec_y = 5.107634767695018
ccd_defocus = 0.2857782048295381
ccd_tilt_x = 0.0325438196143372
ccd_tilt_y = -0.002090557267284958
ccd_tilt_z = 4.715779555326075e-06
p = 0.0001