slit_dec_x_a = -0.1704010755187174
slit_dec_y_a = -0.1956586180351446
slit_dec_x_b = 0.175
slit_dec_y_b = -1.8249273023931223e-96
slit_defocus = 0.02137021467696149
slit_tilt_x = 1.1140343952557599
slit_tilt_y = -8.5384256827416
slit_tilt_z = -8.991705149600895
d_slit_col = 1594.309898434329
coll_tilt_x = 0.11314598525569103
coll_tilt_y = -0.028845712611876233
ech_G = 31.61322963289359
ech_blaze = -74.97482928554145
ech_gamma = 1.1389720293574586
echelle_z = 0.07476813789444242
d_col_trf = -1588.0172321901173
trf_mirror_tilt_x = 0.026326727157885556
trf_mirror_tilt_y = 0.1621780706780092
d_col_grm = -0.004809596215634389
grism_dec_x = 236.42335182707714
grism_dec_y = 0.03818903762597044
grm_tilt_x = -0.01405844254569333
grm_tilt_y = 2.3052818062390372
grm_G = 222.82400627088285
grm_apex = 17.79098899502172
d_grm_cam  = 21.6098172468836
cam_dec_x = -0.30956064893251983
cam_dec_y = 0.24727915073320383
cam_tilt_x = -0.01112635348571724
cam_tilt_y = 0.0037721036162078115
d_cam_ff  = -160.05732000219928
ccd_ff_dec_x = -0.0026026712982383975
ccd_ff_dec_y = 0.05305669335803976
ccd_ff_tilt_x = 0.019553035975197284
ccd_ff_tilt_y = -0.5728013753054354
ccd_ff_tilt_z = 0.18005433747985
d_ff_ccd  = -4.838851776131052
ccd_dec_x = 0.6214025354467984
ccd_dec_y = 5.15715314220206
ccd_defocus = 0.2806860550231773
ccd_tilt_x = 0.00509096545088005
ccd_tilt_y = -0.010854638111740008
ccd_tilt_z = 5.096157761831124e-06
p = 0.0001