slit_dec_x_a = -0.181778666534
slit_dec_y_a = -0.18243150017
slit_dec_x_b = 0.14512077562974193
slit_dec_y_b = -0.05510809031835813
slit_defocus = -0.01383009319699042
slit_tilt_x = 1.0541545358485147
slit_tilt_y = -8.559933404662631
slit_tilt_z = -9.0268761806039
d_slit_col = 1594.2902474823982
coll_tilt_x = 0.12144817442033586
coll_tilt_y = -0.02657235593124785
ech_G = 31.614552924260973
ech_blaze = -74.99488504846352
ech_gamma = 1.1556368523257674
echelle_z = 0.05700481524980732
d_col_trf = -1588.0163659443247
trf_mirror_tilt_x = 0.0072868516834666995
trf_mirror_tilt_y = 0.15549757024297348
d_col_grm = 0.03567205360786206
grism_dec_x = 236.38320893780823
grism_dec_y = 0.00926668718078966
grm_tilt_x = -0.023506964002953414
grm_tilt_y = 2.32578496403415
grm_G = 222.78406724641812
grm_apex = 17.766499397145264
d_grm_cam  = 21.604702093946777
cam_dec_x = -0.2710884816408111
cam_dec_y = 0.29087628825376277
cam_tilt_x = 0.012464326804054467
cam_tilt_y = 0.008813721902778128
d_cam_ff  = -160.07695859884825
ccd_ff_dec_x = -0.023806060190607575
ccd_ff_dec_y = 0.04203020667382755
ccd_ff_tilt_x = 0.0335232122621134
ccd_ff_tilt_y = -0.590976533736871
ccd_ff_tilt_z = 0.17191916714183572
d_ff_ccd  = -4.816017252257955
ccd_dec_x = 0.5532868023615027
ccd_dec_y = 5.107634070420132
ccd_defocus = 0.2858408059776332
ccd_tilt_x = 0.03252931070021199
ccd_tilt_y = -0.002202732428896391
ccd_tilt_z = 4.682451698488374e-06
p = 0.0001