slit_dec_x_a = -0.1704010755187174
slit_dec_y_a = -0.1956586180351446
slit_dec_x_b = 0.175
slit_dec_y_b = -1.8666797148540805e-96
slit_defocus = 0.021452093020377084
slit_tilt_x = 1.1140953774642375
slit_tilt_y = -8.538450790669328
slit_tilt_z = -8.991646038945182
d_slit_col = 1594.3099298094949
coll_tilt_x = 0.11321303135571854
coll_tilt_y = -0.028970155681449332
ech_G = 31.613225576856866
ech_blaze = -74.97483932283662
ech_gamma = 1.1389816884094552
echelle_z = 0.07476984212746868
d_col_trf = -1588.0172329037002
trf_mirror_tilt_x = 0.026279559246806333
trf_mirror_tilt_y = 0.16225167994903858
d_col_grm = -0.004812798897924979
grism_dec_x = 236.4232922727952
grism_dec_y = 0.03817338128772464
grm_tilt_x = -0.014060793044174518
grm_tilt_y = 2.3052761029277007
grm_G = 222.82401120924047
grm_apex = 17.791055321823272
d_grm_cam  = 21.609818764452058
cam_dec_x = -0.309516088579334
cam_dec_y = 0.24733549958414727
cam_tilt_x = -0.010992984464757643
cam_tilt_y = 0.003819138530545134
d_cam_ff  = -160.0571072290823
ccd_ff_dec_x = -0.002600536320020936
ccd_ff_dec_y = 0.05308482009055366
ccd_ff_tilt_x = 0.019601011120982864
ccd_ff_tilt_y = -0.5728087225562832
ccd_ff_tilt_z = 0.18004952628272747
d_ff_ccd  = -4.8389227611367875
ccd_dec_x = 0.6214042998891924
ccd_dec_y = 5.15715314758213
ccd_defocus = 0.28078789577625834
ccd_tilt_x = 0.005078598260877141
ccd_tilt_y = -0.010914697900038267
ccd_tilt_z = 5.061238616305717e-06
p = 0.0001