slit_dec_x_a = -0.181778666534
slit_dec_y_a = -0.18243150017
slit_dec_x_b = 0.14512077562974193
slit_dec_y_b = -0.05510809031835813
slit_defocus = -0.013774179576017032
slit_tilt_x = 1.0540659602811522
slit_tilt_y = -8.559956138583967
slit_tilt_z = -9.02684153486129
d_slit_col = 1594.2902671191898
coll_tilt_x = 0.12149815807093751
coll_tilt_y = -0.026523832237831033
ech_G = 31.61456422901432
ech_blaze = -74.99489277288156
ech_gamma = 1.155642821784016
echelle_z = 0.057007010622470995
d_col_trf = -1588.0163701862575
trf_mirror_tilt_x = 0.007251240133725874
trf_mirror_tilt_y = 0.15537869216093994
d_col_grm = 0.03565903363292013
grism_dec_x = 236.38320746322074
grism_dec_y = 0.009195970494046777
grm_tilt_x = -0.023499361465069372
grm_tilt_y = 2.325789514969365
grm_G = 222.78406760114873
grm_apex = 17.76656480682842
d_grm_cam  = 21.604707490993235
cam_dec_x = -0.27113245702090233
cam_dec_y = 0.29089971864938974
cam_tilt_x = 0.01248320770879601
cam_tilt_y = 0.008893904283911364
d_cam_ff  = -160.07714951830644
ccd_ff_dec_x = -0.023798962033701448
ccd_ff_dec_y = 0.042040711026124195
ccd_ff_tilt_x = 0.03350277012258741
ccd_ff_tilt_y = -0.5909816721952916
ccd_ff_tilt_z = 0.17192223868026224
d_ff_ccd  = -4.815957535514008
ccd_dec_x = 0.5532963503825208
ccd_dec_y = 5.107627501703497
ccd_defocus = 0.2858093317216193
ccd_tilt_x = 0.032514562652768385
ccd_tilt_y = -0.002128250990182078
ccd_tilt_z = 4.684980959900112e-06
p = 0.0001