slit_dec_x_a = -0.181778666534
slit_dec_y_a = -0.18243150017
slit_dec_x_b = 0.14512077562974193
slit_dec_y_b = -0.05510809031835813
slit_defocus = -0.013824227195636758
slit_tilt_x = 1.0540455860918447
slit_tilt_y = -8.560035299462847
slit_tilt_z = -9.026860849259966
d_slit_col = 1594.2903148536561
coll_tilt_x = 0.12143359583499837
coll_tilt_y = -0.026550837792602068
ech_G = 31.6145606643686
ech_blaze = -74.99489057325627
ech_gamma = 1.155636827353838
echelle_z = 0.05700351130739251
d_col_trf = -1588.0163611440153
trf_mirror_tilt_x = 0.007367729469080625
trf_mirror_tilt_y = 0.15544535415988162
d_col_grm = 0.03567179529376924
grism_dec_x = 236.38318805542272
grism_dec_y = 0.009246547896740972
grm_tilt_x = -0.023503862372942892
grm_tilt_y = 2.3257900953739776
grm_G = 222.78406514090233
grm_apex = 17.766522481011307
d_grm_cam  = 21.604703698575765
cam_dec_x = -0.27117809909804436
cam_dec_y = 0.2909268400815764
cam_tilt_x = 0.012454914999563865
cam_tilt_y = 0.008833859356701572
d_cam_ff  = -160.07736432533278
ccd_ff_dec_x = -0.023799231799613994
ccd_ff_dec_y = 0.04209676511147636
ccd_ff_tilt_x = 0.03350169984422428
ccd_ff_tilt_y = -0.5909784498350288
ccd_ff_tilt_z = 0.17191823780311893
d_ff_ccd  = -4.8160208863024065
ccd_dec_x = 0.5532918391427488
ccd_dec_y = 5.107630722259007
ccd_defocus = 0.2858107457407011
ccd_tilt_x = 0.03262125172142809
ccd_tilt_y = -0.0021113427523205062
ccd_tilt_z = 4.686607307078709e-06
p = 0.0001