slit_dec_x_a = -0.181778666534
slit_dec_y_a = -0.18243150017
slit_dec_x_b = 0.14512077562974193
slit_dec_y_b = -0.05510809031835813
slit_defocus = -0.013761799863890301
slit_tilt_x = 1.0540918491223403
slit_tilt_y = -8.559881067189334
slit_tilt_z = -9.026887894154951
d_slit_col = 1594.2903190593124
coll_tilt_x = 0.12140030124544457
coll_tilt_y = -0.026439788915766795
ech_G = 31.614560820691416
ech_blaze = -74.99489083254493
ech_gamma = 1.155636752804717
echelle_z = 0.05700613920827763
d_col_trf = -1588.016367124391
trf_mirror_tilt_x = 0.007323833835336792
trf_mirror_tilt_y = 0.15541805643855489
d_col_grm = 0.03567908422899338
grism_dec_x = 236.38327358882972
grism_dec_y = 0.00926039228059815
grm_tilt_x = -0.0234989143099197
grm_tilt_y = 2.3257870012518818
grm_G = 222.78407267656553
grm_apex = 17.766492256908077
d_grm_cam  = 21.604696193501415
cam_dec_x = -0.2711366507369124
cam_dec_y = 0.2908797789714594
cam_tilt_x = 0.012449817942447464
cam_tilt_y = 0.008804756884648289
d_cam_ff  = -160.07740630149976
ccd_ff_dec_x = -0.023802506923147643
ccd_ff_dec_y = 0.04198418151970435
ccd_ff_tilt_x = 0.03350134385548652
ccd_ff_tilt_y = -0.5909782628115438
ccd_ff_tilt_z = 0.17192030791760168
d_ff_ccd  = -4.815972339838542
ccd_dec_x = 0.5532946040739103
ccd_dec_y = 5.107624939577681
ccd_defocus = 0.28570885404794466
ccd_tilt_x = 0.032528135708856674
ccd_tilt_y = -0.002119991719334216
ccd_tilt_z = 4.719560814801434e-06
p = 0.0001