slit_dec_x_a = -0.181778666534
slit_dec_y_a = -0.18243150017
slit_dec_x_b = 0.14512077562974193
slit_dec_y_b = -0.05510809031835813
slit_defocus = -0.013745318351099092
slit_tilt_x = 1.0540720669136316
slit_tilt_y = -8.559962803502724
slit_tilt_z = -9.026890837214225
d_slit_col = 1594.2902769529603
coll_tilt_x = 0.12144662615420793
coll_tilt_y = -0.026521223506263396
ech_G = 31.614564436910065
ech_blaze = -74.9948918021577
ech_gamma = 1.1556438897242107
echelle_z = 0.0570016639879153
d_col_trf = -1588.016362962698
trf_mirror_tilt_x = 0.00727569677136861
trf_mirror_tilt_y = 0.15541874269791223
d_col_grm = 0.03567723625094128
grism_dec_x = 236.38312821936248
grism_dec_y = 0.009273897540287094
grm_tilt_x = -0.023511152134069707
grm_tilt_y = 2.325787476978807
grm_G = 222.78407091871446
grm_apex = 17.766432300750253
d_grm_cam  = 21.604700213772567
cam_dec_x = -0.27106949222211496
cam_dec_y = 0.2908756366416865
cam_tilt_x = 0.012412807611134582
cam_tilt_y = 0.008867073477904906
d_cam_ff  = -160.07724398673028
ccd_ff_dec_x = -0.023806536288723312
ccd_ff_dec_y = 0.042117548905279835
ccd_ff_tilt_x = 0.03350421528815622
ccd_ff_tilt_y = -0.5909746834494419
ccd_ff_tilt_z = 0.1719119947124956
d_ff_ccd  = -4.815987784728061
ccd_dec_x = 0.553302827183109
ccd_dec_y = 5.107632385741074
ccd_defocus = 0.28568843223700435
ccd_tilt_x = 0.03264542844637006
ccd_tilt_y = -0.0020962041985592384
ccd_tilt_z = 4.736954337690331e-06
p = 0.0001