slit_dec_x_a = -0.181778666534
slit_dec_y_a = -0.18243150017
slit_dec_x_b = 0.14512077562974193
slit_dec_y_b = -0.05510809031835813
slit_defocus = -0.013807876437517925
slit_tilt_x = 1.0539859365897166
slit_tilt_y = -8.559917367506026
slit_tilt_z = -9.026917392274298
d_slit_col = 1594.2903136842722
coll_tilt_x = 0.12138647559792283
coll_tilt_y = -0.026473392197636992
ech_G = 31.614564170167796
ech_blaze = -74.99488590051789
ech_gamma = 1.1556403589193027
echelle_z = 0.056996050045446514
d_col_trf = -1588.0163632998235
trf_mirror_tilt_x = 0.007331461918246054
trf_mirror_tilt_y = 0.15544057065518013
d_col_grm = 0.035669991139480224
grism_dec_x = 236.38326188231198
grism_dec_y = 0.009274356338816838
grm_tilt_x = -0.023507502991386073
grm_tilt_y = 2.3257867540062795
grm_G = 222.78407487400776
grm_apex = 17.766478018179708
d_grm_cam  = 21.604699907916782
cam_dec_x = -0.27112290045881215
cam_dec_y = 0.29092852247704903
cam_tilt_x = 0.012374921525156856
cam_tilt_y = 0.008865224326284903
d_cam_ff  = -160.07713666542057
ccd_ff_dec_x = -0.023802733980698057
ccd_ff_dec_y = 0.0420135912376569
ccd_ff_tilt_x = 0.03347651961798197
ccd_ff_tilt_y = -0.590978155214494
ccd_ff_tilt_z = 0.17192082458511754
d_ff_ccd  = -4.81594171482947
ccd_dec_x = 0.5532991995282854
ccd_dec_y = 5.107631724783553
ccd_defocus = 0.2857354121249388
ccd_tilt_x = 0.032578733710995574
ccd_tilt_y = -0.002150646997895256
ccd_tilt_z = 4.668964268227098e-06
p = 0.0001