slit_dec_x_a = -0.181778666534
slit_dec_y_a = -0.18243150017
slit_dec_x_b = 0.14512077562974193
slit_dec_y_b = -0.05510809031835813
slit_defocus = -0.013811917928342068
slit_tilt_x = 1.0541183223109254
slit_tilt_y = -8.559932283715137
slit_tilt_z = -9.026846682813355
d_slit_col = 1594.290286611198
coll_tilt_x = 0.12149714959791315
coll_tilt_y = -0.02643946189155746
ech_G = 31.614562269269875
ech_blaze = -74.9948920486243
ech_gamma = 1.1556399245567246
echelle_z = 0.05700139174081142
d_col_trf = -1588.0163543533938
trf_mirror_tilt_x = 0.007315301167761662
trf_mirror_tilt_y = 0.15542035506411178
d_col_grm = 0.03564171342506256
grism_dec_x = 236.38324292255396
grism_dec_y = 0.009186850098190886
grm_tilt_x = -0.0234993553214384
grm_tilt_y = 2.3257925621117517
grm_G = 222.7840681057384
grm_apex = 17.766505032052244
d_grm_cam  = 21.604701759629254
cam_dec_x = -0.2710990132798212
cam_dec_y = 0.29083431554235956
cam_tilt_x = 0.012459977083721473
cam_tilt_y = 0.008882725836148261
d_cam_ff  = -160.07707788460124
ccd_ff_dec_x = -0.02380444175094277
ccd_ff_dec_y = 0.042081703058887934
ccd_ff_tilt_x = 0.033489581592763586
ccd_ff_tilt_y = -0.5909776183393034
ccd_ff_tilt_z = 0.1719196792777439
d_ff_ccd  = -4.8159261751416835
ccd_dec_x = 0.55329683517301
ccd_dec_y = 5.107635763819463
ccd_defocus = 0.2858302724592143
ccd_tilt_x = 0.03253332015531696
ccd_tilt_y = -0.002197084217667609
ccd_tilt_z = 4.673269110584342e-06
p = 0.0001