slit_dec_x_a = -0.1704010755187174
slit_dec_y_a = -0.1956586180351446
slit_dec_x_b = 0.175
slit_dec_y_b = -1.8518180322824362e-96
slit_defocus = 0.021444174224182364
slit_tilt_x = 1.1139646226051854
slit_tilt_y = -8.538425834424354
slit_tilt_z = -8.991683315459237
d_slit_col = 1594.3099164852936
coll_tilt_x = 0.11321519140902332
coll_tilt_y = -0.028892609955012506
ech_G = 31.613228030999874
ech_blaze = -74.97483166185219
ech_gamma = 1.1389818775270464
echelle_z = 0.07477033074689396
d_col_trf = -1588.0172309588306
trf_mirror_tilt_x = 0.0263671694580867
trf_mirror_tilt_y = 0.16224935124714646
d_col_grm = -0.004848064258557176
grism_dec_x = 236.4233400280191
grism_dec_y = 0.038152615282831204
grm_tilt_x = -0.014063276142819246
grm_tilt_y = 2.3052799969865387
grm_G = 222.8240049913314
grm_apex = 17.791032859791784
d_grm_cam  = 21.60982065840642
cam_dec_x = -0.30950052453576943
cam_dec_y = 0.24727881997398726
cam_tilt_x = -0.01103127805913663
cam_tilt_y = 0.0037606810251246455
d_cam_ff  = -160.05772088539678
ccd_ff_dec_x = -0.0026019443412219332
ccd_ff_dec_y = 0.053083702630882655
ccd_ff_tilt_x = 0.01951120548243206
ccd_ff_tilt_y = -0.5728025353834891
ccd_ff_tilt_z = 0.1800479586334818
d_ff_ccd  = -4.838956740760907
ccd_dec_x = 0.6214074776195996
ccd_dec_y = 5.157153808861853
ccd_defocus = 0.2808089503396259
ccd_tilt_x = 0.005030087131037994
ccd_tilt_y = -0.01091323155747809
ccd_tilt_z = 5.04864568923432e-06
p = 0.0001