slit_dec_x_a = -0.1704010755187174
slit_dec_y_a = -0.1956586180351446
slit_dec_x_b = 0.175
slit_dec_y_b = -1.8251702603442544e-96
slit_defocus = 0.02134386603424645
slit_tilt_x = 1.114057202787116
slit_tilt_y = -8.538416962692523
slit_tilt_z = -8.991618371706197
d_slit_col = 1594.310021112805
coll_tilt_x = 0.11323317106249675
coll_tilt_y = -0.028895903582974242
ech_G = 31.613226199113388
ech_blaze = -74.97483422387052
ech_gamma = 1.1389736673013877
echelle_z = 0.07476607595753426
d_col_trf = -1588.0172310750472
trf_mirror_tilt_x = 0.026285949555081404
trf_mirror_tilt_y = 0.16213897038480193
d_col_grm = -0.004848339310102296
grism_dec_x = 236.42331983417276
grism_dec_y = 0.03814804337285166
grm_tilt_x = -0.014049568142934624
grm_tilt_y = 2.3052722787006408
grm_G = 222.8240117683721
grm_apex = 17.790972774414225
d_grm_cam  = 21.60981830814941
cam_dec_x = -0.30948234676207137
cam_dec_y = 0.24724697298665324
cam_tilt_x = -0.010952393654404358
cam_tilt_y = 0.0038432210737484947
d_cam_ff  = -160.05726807748988
ccd_ff_dec_x = -0.002599714020146324
ccd_ff_dec_y = 0.053059544468445206
ccd_ff_tilt_x = 0.019548676918711014
ccd_ff_tilt_y = -0.5728040974174082
ccd_ff_tilt_z = 0.18004984335922733
d_ff_ccd  = -4.838920362963198
ccd_dec_x = 0.6214049983981427
ccd_dec_y = 5.15714258462685
ccd_defocus = 0.28078104676201265
ccd_tilt_x = 0.005049532539299982
ccd_tilt_y = -0.010867114282759112
ccd_tilt_z = 5.064048086253676e-06
p = 0.0001