slit_dec_x_a = -0.1704010755187174
slit_dec_y_a = -0.1956586180351446
slit_dec_x_b = 0.175
slit_dec_y_b = -1.8444046902434199e-96
slit_defocus = 0.021383639267905964
slit_tilt_x = 1.1140543205769509
slit_tilt_y = -8.538394398451786
slit_tilt_z = -8.991676804682013
d_slit_col = 1594.3099481355878
coll_tilt_x = 0.11326910666620786
coll_tilt_y = -0.028843421814910692
ech_G = 31.613234122511123
ech_blaze = -74.97482986363157
ech_gamma = 1.1389718042329042
echelle_z = 0.07477129560445979
d_col_trf = -1588.0172300699362
trf_mirror_tilt_x = 0.02630205796997806
trf_mirror_tilt_y = 0.1621868436332161
d_col_grm = -0.0048602948041841666
grism_dec_x = 236.4232769204715
grism_dec_y = 0.03813401907994376
grm_tilt_x = -0.014056958802160688
grm_tilt_y = 2.3052720332163332
grm_G = 222.82400548626123
grm_apex = 17.790999901372494
d_grm_cam  = 21.6098148333173
cam_dec_x = -0.3095431065177723
cam_dec_y = 0.24732030118477882
cam_tilt_x = -0.011008318262594225
cam_tilt_y = 0.0038176673927392234
d_cam_ff  = -160.05763530617128
ccd_ff_dec_x = -0.002603152024141299
ccd_ff_dec_y = 0.0529983864607254
ccd_ff_tilt_x = 0.019522752048561316
ccd_ff_tilt_y = -0.572802146321439
ccd_ff_tilt_z = 0.1800592409401332
d_ff_ccd  = -4.838943689449244
ccd_dec_x = 0.6214011787552441
ccd_dec_y = 5.157147097850782
ccd_defocus = 0.28068935139697015
ccd_tilt_x = 0.005082451525760257
ccd_tilt_y = -0.010847890112015143
ccd_tilt_z = 5.063914885593388e-06
p = 0.0001