slit_dec_x_a = -0.1704010755187174
slit_dec_y_a = -0.1956586180351446
slit_dec_x_b = 0.175
slit_dec_y_b = -1.792837218691517e-96
slit_defocus = 0.021399696695196493
slit_tilt_x = 1.1139133711926503
slit_tilt_y = -8.538418229416557
slit_tilt_z = -8.991651726971012
d_slit_col = 1594.310010480602
coll_tilt_x = 0.11316553363768464
coll_tilt_y = -0.028868397865984382
ech_G = 31.613233726338155
ech_blaze = -74.97483024568302
ech_gamma = 1.1389817855595212
echelle_z = 0.07477222919034068
d_col_trf = -1588.0172316764397
trf_mirror_tilt_x = 0.026299610750286317
trf_mirror_tilt_y = 0.16215597652501662
d_col_grm = -0.004841600595867113
grism_dec_x = 236.42335420142302
grism_dec_y = 0.03823629832458809
grm_tilt_x = -0.01405413931440619
grm_tilt_y = 2.3052786888048216
grm_G = 222.82400150292258
grm_apex = 17.791045878853954
d_grm_cam  = 21.60981896770962
cam_dec_x = -0.3095442229402374
cam_dec_y = 0.24723062611243715
cam_tilt_x = -0.011070456149291598
cam_tilt_y = 0.0037585208667601164
d_cam_ff  = -160.05750228450415
ccd_ff_dec_x = -0.002602512410596399
ccd_ff_dec_y = 0.05301025451634506
ccd_ff_tilt_x = 0.019482507850218683
ccd_ff_tilt_y = -0.5728028135967939
ccd_ff_tilt_z = 0.18004842246459218
d_ff_ccd  = -4.83896844770997
ccd_dec_x = 0.6213987767438061
ccd_dec_y = 5.157147328702632
ccd_defocus = 0.28067685190118924
ccd_tilt_x = 0.005092197390319238
ccd_tilt_y = -0.010904843190368337
ccd_tilt_z = 5.115780979447914e-06
p = 0.0001