slit_dec_x_a = -0.181778666534
slit_dec_y_a = -0.18243150017
slit_dec_x_b = 0.14512077562974193
slit_dec_y_b = -0.05510809031835813
slit_defocus = -0.013744952544228452
slit_tilt_x = 1.0540766182018555
slit_tilt_y = -8.56000040859542
slit_tilt_z = -9.026863217476771
d_slit_col = 1594.2903016092594
coll_tilt_x = 0.1213961536261083
coll_tilt_y = -0.026514169824746095
ech_G = 31.614560152649663
ech_blaze = -74.99488929836309
ech_gamma = 1.155641077454649
echelle_z = 0.057001471317484655
d_col_trf = -1588.016367234283
trf_mirror_tilt_x = 0.007305466529964577
trf_mirror_tilt_y = 0.15545524248457798
d_col_grm = 0.035657146989557624
grism_dec_x = 236.38320149657795
grism_dec_y = 0.009225504414400766
grm_tilt_x = -0.02350259383918233
grm_tilt_y = 2.325785391598945
grm_G = 222.7840677900878
grm_apex = 17.76647357397742
d_grm_cam  = 21.6046971043998
cam_dec_x = -0.2711608026036057
cam_dec_y = 0.2908680539094385
cam_tilt_x = 0.012416429886003638
cam_tilt_y = 0.008835237880334215
d_cam_ff  = -160.07711482469213
ccd_ff_dec_x = -0.02380061406132699
ccd_ff_dec_y = 0.04212528997941866
ccd_ff_tilt_x = 0.033529439949704615
ccd_ff_tilt_y = -0.5909821606576724
ccd_ff_tilt_z = 0.171915529480908
d_ff_ccd  = -4.816010316586936
ccd_dec_x = 0.5532940925899973
ccd_dec_y = 5.107636984359607
ccd_defocus = 0.2856896322275084
ccd_tilt_x = 0.03260023501245821
ccd_tilt_y = -0.002134884187362961
ccd_tilt_z = 4.69248353677683e-06
p = 0.0001