slit_dec_x_a = -0.1704010755187174
slit_dec_y_a = -0.1956586180351446
slit_dec_x_b = 0.175
slit_dec_y_b = -1.8127148419855506e-96
slit_defocus = 0.021384528582483468
slit_tilt_x = 1.114012394219891
slit_tilt_y = -8.538400297683761
slit_tilt_z = -8.991618879313707
d_slit_col = 1594.309948783604
coll_tilt_x = 0.11321679537624169
coll_tilt_y = -0.02889082446785028
ech_G = 31.613225128132243
ech_blaze = -74.97482463564377
ech_gamma = 1.138975144963901
echelle_z = 0.07477024409350497
d_col_trf = -1588.0172322251208
trf_mirror_tilt_x = 0.02634296216695584
trf_mirror_tilt_y = 0.162171920802522
d_col_grm = -0.0048816957709284505
grism_dec_x = 236.42328025629809
grism_dec_y = 0.03811673843897762
grm_tilt_x = -0.014058377905695198
grm_tilt_y = 2.305278115382443
grm_G = 222.8240064724531
grm_apex = 17.790973996450052
d_grm_cam  = 21.609823959914895
cam_dec_x = -0.3095272048782534
cam_dec_y = 0.24726042223301825
cam_tilt_x = -0.011059446462412801
cam_tilt_y = 0.0037350676957685325
d_cam_ff  = -160.05765081364942
ccd_ff_dec_x = -0.0026010568200852294
ccd_ff_dec_y = 0.05304218217735007
ccd_ff_tilt_x = 0.019522570907897385
ccd_ff_tilt_y = -0.5728054890499659
ccd_ff_tilt_z = 0.1800515722137305
d_ff_ccd  = -4.838893192029506
ccd_dec_x = 0.6214041179804631
ccd_dec_y = 5.157147018548823
ccd_defocus = 0.28070969700913023
ccd_tilt_x = 0.00501041397533713
ccd_tilt_y = -0.010888903703943834
ccd_tilt_z = 5.05557893904329e-06
p = 0.0001