slit_dec_x_a = -0.1704010755187174
slit_dec_y_a = -0.1956586180351446
slit_dec_x_b = 0.175
slit_dec_y_b = -1.85672616255895e-96
slit_defocus = 0.021418427513121736
slit_tilt_x = 1.114017860528592
slit_tilt_y = -8.538447962735027
slit_tilt_z = -8.991590542026639
d_slit_col = 1594.3099220995464
coll_tilt_x = 0.1131847483209155
coll_tilt_y = -0.028904225199307815
ech_G = 31.613232047941615
ech_blaze = -74.97483989508015
ech_gamma = 1.1389696688728381
echelle_z = 0.07476394984659315
d_col_trf = -1588.0172293633998
trf_mirror_tilt_x = 0.02630214496417317
trf_mirror_tilt_y = 0.16227274475634254
d_col_grm = -0.004770227188819326
grism_dec_x = 236.42330777306293
grism_dec_y = 0.038179222535477154
grm_tilt_x = -0.014060464594120211
grm_tilt_y = 2.305281897830258
grm_G = 222.8240034321858
grm_apex = 17.791012530997698
d_grm_cam  = 21.60981432061175
cam_dec_x = -0.3095197510706054
cam_dec_y = 0.24735983433297692
cam_tilt_x = -0.011035358759963657
cam_tilt_y = 0.0037942624988049995
d_cam_ff  = -160.0573231245271
ccd_ff_dec_x = -0.0025983576162862156
ccd_ff_dec_y = 0.053023964968942384
ccd_ff_tilt_x = 0.019559108937481137
ccd_ff_tilt_y = -0.5728043577904904
ccd_ff_tilt_z = 0.18004508733434005
d_ff_ccd  = -4.838934787357442
ccd_dec_x = 0.6214088598467599
ccd_dec_y = 5.1571464405638014
ccd_defocus = 0.280667930639636
ccd_tilt_x = 0.005076990718924132
ccd_tilt_y = -0.01087244504573211
ccd_tilt_z = 5.086060475385172e-06
p = 0.0001