slit_dec_x_a = -0.181778666534
slit_dec_y_a = -0.18243150017
slit_dec_x_b = 0.14512077562974193
slit_dec_y_b = -0.05510809031835813
slit_defocus = -0.013786896582780291
slit_tilt_x = 1.054049232677882
slit_tilt_y = -8.55991699436792
slit_tilt_z = -9.02681568601422
d_slit_col = 1594.2903077111662
coll_tilt_x = 0.12147416059133907
coll_tilt_y = -0.026469365494497854
ech_G = 31.614564358970846
ech_blaze = -74.99488352576017
ech_gamma = 1.155640983159663
echelle_z = 0.05700327723249763
d_col_trf = -1588.0163693014463
trf_mirror_tilt_x = 0.007290369857710214
trf_mirror_tilt_y = 0.15541387996909517
d_col_grm = 0.03566213130460562
grism_dec_x = 236.38316832676057
grism_dec_y = 0.009219761099767399
grm_tilt_x = -0.023506262682056283
grm_tilt_y = 2.32578870922641
grm_G = 222.78407181501987
grm_apex = 17.76654732001729
d_grm_cam  = 21.60470266913971
cam_dec_x = -0.2710848021413136
cam_dec_y = 0.29091642473981283
cam_tilt_x = 0.012465459731767214
cam_tilt_y = 0.008771159649175957
d_cam_ff  = -160.0771264494052
ccd_ff_dec_x = -0.02379877612063435
ccd_ff_dec_y = 0.04202238539800719
ccd_ff_tilt_x = 0.03349263866597009
ccd_ff_tilt_y = -0.5909758691845622
ccd_ff_tilt_z = 0.1719191561968047
d_ff_ccd  = -4.815981225921325
ccd_dec_x = 0.5532982784329068
ccd_dec_y = 5.107626352589915
ccd_defocus = 0.2857793701029858
ccd_tilt_x = 0.03260860932609745
ccd_tilt_y = -0.002159684935479954
ccd_tilt_z = 4.679442667590005e-06
p = 0.0001