slit_dec_x_a = -0.181778666534
slit_dec_y_a = -0.18243150017
slit_dec_x_b = 0.14512077562974193
slit_dec_y_b = -0.05510809031835813
slit_defocus = -0.013770284251354833
slit_tilt_x = 1.0540473703938835
slit_tilt_y = -8.560007963250527
slit_tilt_z = -9.026867804531467
d_slit_col = 1594.2902615515725
coll_tilt_x = 0.12143094531256589
coll_tilt_y = -0.026556807160189662
ech_G = 31.614558625548163
ech_blaze = -74.99489263918176
ech_gamma = 1.1556419002365743
echelle_z = 0.056998914114381474
d_col_trf = -1588.0163635851322
trf_mirror_tilt_x = 0.0073063886555798175
trf_mirror_tilt_y = 0.1553962467853706
d_col_grm = 0.035612363847585655
grism_dec_x = 236.38326837347284
grism_dec_y = 0.009218497699742718
grm_tilt_x = -0.02350811228832515
grm_tilt_y = 2.3257933719365322
grm_G = 222.7840761565008
grm_apex = 17.766563146441026
d_grm_cam  = 21.6047006265633
cam_dec_x = -0.27107440374266406
cam_dec_y = 0.29087291082016825
cam_tilt_x = 0.012343928336258836
cam_tilt_y = 0.008796040788565163
d_cam_ff  = -160.07723579087607
ccd_ff_dec_x = -0.0238041404681725
ccd_ff_dec_y = 0.04209413289952194
ccd_ff_tilt_x = 0.03350980315159208
ccd_ff_tilt_y = -0.5909820478593455
ccd_ff_tilt_z = 0.17191132015786942
d_ff_ccd  = -4.815965886667917
ccd_dec_x = 0.5532993531249398
ccd_dec_y = 5.107629303944781
ccd_defocus = 0.28574120602689046
ccd_tilt_x = 0.03261890389436881
ccd_tilt_y = -0.0021568672215435
ccd_tilt_z = 4.633378561968508e-06
p = 0.0001