slit_dec_x_a = -0.1704010755187174
slit_dec_y_a = -0.1956586180351446
slit_dec_x_b = 0.175
slit_dec_y_b = -1.8245151101362199e-96
slit_defocus = 0.021426975826347495
slit_tilt_x = 1.1140081809540578
slit_tilt_y = -8.538463509865341
slit_tilt_z = -8.99170569229474
d_slit_col = 1594.3100256709524
coll_tilt_x = 0.11323869373277351
coll_tilt_y = -0.028939803783948934
ech_G = 31.613233976742123
ech_blaze = -74.97482756980175
ech_gamma = 1.1389750971876884
echelle_z = 0.0747749596060916
d_col_trf = -1588.017232581751
trf_mirror_tilt_x = 0.026301797380557785
trf_mirror_tilt_y = 0.16220565471685883
d_col_grm = -0.004793895599929521
grism_dec_x = 236.42334391471073
grism_dec_y = 0.0381806384756279
grm_tilt_x = -0.014058212655140189
grm_tilt_y = 2.305280658056461
grm_G = 222.82400199905328
grm_apex = 17.79105047515034
d_grm_cam  = 21.60981431497544
cam_dec_x = -0.30948795445264815
cam_dec_y = 0.24724733383185168
cam_tilt_x = -0.011023333014587074
cam_tilt_y = 0.003742618250013385
d_cam_ff  = -160.0573036018158
ccd_ff_dec_x = -0.002600216761561958
ccd_ff_dec_y = 0.0530097233259074
ccd_ff_tilt_x = 0.01949148051024158
ccd_ff_tilt_y = -0.5728065807368885
ccd_ff_tilt_z = 0.18004754461920833
d_ff_ccd  = -4.8390008159561795
ccd_dec_x = 0.6214005987831186
ccd_dec_y = 5.15714844634007
ccd_defocus = 0.2807723147614884
ccd_tilt_x = 0.005065842502052294
ccd_tilt_y = -0.010959649630986747
ccd_tilt_z = 5.05607982541265e-06
p = 0.0001