slit_dec_x_a = -0.1704010755187174
slit_dec_y_a = -0.1956586180351446
slit_dec_x_b = 0.175
slit_dec_y_b = -1.849823860072744e-96
slit_defocus = 0.02134137952395179
slit_tilt_x = 1.1140250800431473
slit_tilt_y = -8.53841769616641
slit_tilt_z = -8.99161128754283
d_slit_col = 1594.3100012483071
coll_tilt_x = 0.1131630894697895
coll_tilt_y = -0.02891729374395678
ech_G = 31.61323062301224
ech_blaze = -74.97482778470248
ech_gamma = 1.138981081273912
echelle_z = 0.0747729884019847
d_col_trf = -1588.0172305764597
trf_mirror_tilt_x = 0.026293153206212318
trf_mirror_tilt_y = 0.16213438932613006
d_col_grm = -0.00484459935573278
grism_dec_x = 236.4232731347582
grism_dec_y = 0.038224484330489
grm_tilt_x = -0.014053571623513474
grm_tilt_y = 2.305278383292065
grm_G = 222.8240063628013
grm_apex = 17.79102313147176
d_grm_cam  = 21.609811531900487
cam_dec_x = -0.30953090577171904
cam_dec_y = 0.2472514034593599
cam_tilt_x = -0.011085883006140239
cam_tilt_y = 0.003765052067377676
d_cam_ff  = -160.05738604831345
ccd_ff_dec_x = -0.002599264240353293
ccd_ff_dec_y = 0.05305927550406306
ccd_ff_tilt_x = 0.019508528993134232
ccd_ff_tilt_y = -0.5728075483041634
ccd_ff_tilt_z = 0.1800607342977594
d_ff_ccd  = -4.838982552607384
ccd_dec_x = 0.6214054930337294
ccd_dec_y = 5.157148246981544
ccd_defocus = 0.2807008352153256
ccd_tilt_x = 0.005031138398241951
ccd_tilt_y = -0.010974846432637266
ccd_tilt_z = 5.109363642046332e-06
p = 0.0001