slit_dec_x_a = -0.1704010755187174
slit_dec_y_a = -0.1956586180351446
slit_dec_x_b = 0.175
slit_dec_y_b = -1.8482165045173505e-96
slit_defocus = 0.021404430737627902
slit_tilt_x = 1.1139701034805747
slit_tilt_y = -8.538456169964054
slit_tilt_z = -8.99166179540757
d_slit_col = 1594.3099284523264
coll_tilt_x = 0.1131978053931721
coll_tilt_y = -0.028883491987779814
ech_G = 31.61323734577437
ech_blaze = -74.9748321448718
ech_gamma = 1.1389787012622699
echelle_z = 0.07477490342507596
d_col_trf = -1588.0172330243238
trf_mirror_tilt_x = 0.02631248908838864
trf_mirror_tilt_y = 0.1622439726874484
d_col_grm = -0.004867841696054145
grism_dec_x = 236.4233114669726
grism_dec_y = 0.03820006397082972
grm_tilt_x = -0.014047498804111807
grm_tilt_y = 2.3052748211777576
grm_G = 222.82399724746648
grm_apex = 17.791080315591167
d_grm_cam  = 21.609823083025006
cam_dec_x = -0.30951795942541316
cam_dec_y = 0.24731050762724419
cam_tilt_x = -0.011117132541301943
cam_tilt_y = 0.0037700208963197886
d_cam_ff  = -160.0575648589382
ccd_ff_dec_x = -0.002600085741802631
ccd_ff_dec_y = 0.05297474788744376
ccd_ff_tilt_x = 0.01953276778977608
ccd_ff_tilt_y = -0.5728022948853971
ccd_ff_tilt_z = 0.18005666861126227
d_ff_ccd  = -4.838919549273556
ccd_dec_x = 0.6214064129674639
ccd_dec_y = 5.1571474219223346
ccd_defocus = 0.2806935176043409
ccd_tilt_x = 0.004963111713625531
ccd_tilt_y = -0.010864613383452393
ccd_tilt_z = 5.043129389585834e-06
p = 0.0001