slit_dec_x_a = -0.181778666534
slit_dec_y_a = -0.18243150017
slit_dec_x_b = 0.14512077562974193
slit_dec_y_b = -0.05510809031835813
slit_defocus = -0.013762768215574931
slit_tilt_x = 1.0540707186636715
slit_tilt_y = -8.55998045821774
slit_tilt_z = -9.026829999378746
d_slit_col = 1594.2902593785711
coll_tilt_x = 0.12144059051207971
coll_tilt_y = -0.026453384517428215
ech_G = 31.61456179441158
ech_blaze = -74.99488693361458
ech_gamma = 1.1556410155643733
echelle_z = 0.05700136036956084
d_col_trf = -1588.0163691527118
trf_mirror_tilt_x = 0.00728672469135081
trf_mirror_tilt_y = 0.15549093952505927
d_col_grm = 0.03565952542072615
grism_dec_x = 236.38320903056055
grism_dec_y = 0.009235101440201255
grm_tilt_x = -0.023505174348876664
grm_tilt_y = 2.3257797215922658
grm_G = 222.78407040750926
grm_apex = 17.76652025944075
d_grm_cam  = 21.604693041619186
cam_dec_x = -0.27110380327996153
cam_dec_y = 0.2909787151973478
cam_tilt_x = 0.012404699401322078
cam_tilt_y = 0.00878671503713188
d_cam_ff  = -160.07697567024564
ccd_ff_dec_x = -0.023795673914210592
ccd_ff_dec_y = 0.04199746569230848
ccd_ff_tilt_x = 0.03346728782482821
ccd_ff_tilt_y = -0.5909831074800661
ccd_ff_tilt_z = 0.1719176334709963
d_ff_ccd  = -4.8158648273863145
ccd_dec_x = 0.5532968663064461
ccd_dec_y = 5.107636966134281
ccd_defocus = 0.2856860567521543
ccd_tilt_x = 0.03259262517689177
ccd_tilt_y = -0.002149709009957968
ccd_tilt_z = 4.6816499070095665e-06
p = 0.0001