slit_dec_x_a = -0.1704010755187174
slit_dec_y_a = -0.1956586180351446
slit_dec_x_b = 0.175
slit_dec_y_b = -1.8824807714230982e-96
slit_defocus = 0.021383595442465153
slit_tilt_x = 1.114021809793135
slit_tilt_y = -8.538490746155347
slit_tilt_z = -8.991665804790012
d_slit_col = 1594.309974671701
coll_tilt_x = 0.11324194914761175
coll_tilt_y = -0.028860488746949933
ech_G = 31.61323175428969
ech_blaze = -74.97483643142075
ech_gamma = 1.1389764114112997
echelle_z = 0.07477243488919795
d_col_trf = -1588.0172322380843
trf_mirror_tilt_x = 0.02621793197173359
trf_mirror_tilt_y = 0.1622196754347152
d_col_grm = -0.00478393309006961
grism_dec_x = 236.42329477057658
grism_dec_y = 0.03816820527354372
grm_tilt_x = -0.014050645693124577
grm_tilt_y = 2.3052778001545158
grm_G = 222.82400792872951
grm_apex = 17.791027501495645
d_grm_cam  = 21.60982065536193
cam_dec_x = -0.3095217980382823
cam_dec_y = 0.2471911171771253
cam_tilt_x = -0.01099993681284181
cam_tilt_y = 0.003730433427298169
d_cam_ff  = -160.0576562169747
ccd_ff_dec_x = -0.0026046468009244105
ccd_ff_dec_y = 0.053052037554313924
ccd_ff_tilt_x = 0.01953295412789275
ccd_ff_tilt_y = -0.572802934656713
ccd_ff_tilt_z = 0.18004844007012677
d_ff_ccd  = -4.838910610764996
ccd_dec_x = 0.6214067163441449
ccd_dec_y = 5.157148922455592
ccd_defocus = 0.280687748299269
ccd_tilt_x = 0.00502565810369305
ccd_tilt_y = -0.010932447973142228
ccd_tilt_z = 5.078334104290956e-06
p = 0.0001