slit_dec_x_a = -0.181778666534
slit_dec_y_a = -0.18243150017
slit_dec_x_b = 0.14512077562974193
slit_dec_y_b = -0.05510809031835813
slit_defocus = -0.013814174071829973
slit_tilt_x = 1.054144090160177
slit_tilt_y = -8.560019145626704
slit_tilt_z = -9.026892242622997
d_slit_col = 1594.2903335415092
coll_tilt_x = 0.12137340827375015
coll_tilt_y = -0.0264475355365572
ech_G = 31.614556164271196
ech_blaze = -74.99489077262571
ech_gamma = 1.1556477530450604
echelle_z = 0.05700403570367096
d_col_trf = -1588.0163605538326
trf_mirror_tilt_x = 0.007354207837793413
trf_mirror_tilt_y = 0.1554491095646248
d_col_grm = 0.035683206080486585
grism_dec_x = 236.38318386874468
grism_dec_y = 0.009283713695337384
grm_tilt_x = -0.02349419562556415
grm_tilt_y = 2.3257921418919323
grm_G = 222.78407501322022
grm_apex = 17.766551926202567
d_grm_cam  = 21.604700972073033
cam_dec_x = -0.2710498158081491
cam_dec_y = 0.2908211345860423
cam_tilt_x = 0.012425884835632672
cam_tilt_y = 0.008759755446780223
d_cam_ff  = -160.07700266821928
ccd_ff_dec_x = -0.02380377867691431
ccd_ff_dec_y = 0.04207462147968934
ccd_ff_tilt_x = 0.033440558791390365
ccd_ff_tilt_y = -0.5909782178268226
ccd_ff_tilt_z = 0.17191816145636105
d_ff_ccd  = -4.815946596318871
ccd_dec_x = 0.5533048224299444
ccd_dec_y = 5.107630873907599
ccd_defocus = 0.2857859522129526
ccd_tilt_x = 0.032566182603521954
ccd_tilt_y = -0.002206839178342784
ccd_tilt_z = 4.643790719815352e-06
p = 0.0001