slit_dec_x_a = -0.1704010755187174
slit_dec_y_a = -0.1956586180351446
slit_dec_x_b = 0.175
slit_dec_y_b = -1.8757925823345946e-96
slit_defocus = 0.021385583850194585
slit_tilt_x = 1.1139890438560107
slit_tilt_y = -8.538427356871367
slit_tilt_z = -8.991642389370861
d_slit_col = 1594.309988986235
coll_tilt_x = 0.11319046320383026
coll_tilt_y = -0.028878149054539105
ech_G = 31.613231104739906
ech_blaze = -74.97483654643855
ech_gamma = 1.1389763267382402
echelle_z = 0.07477329017299286
d_col_trf = -1588.0172291216286
trf_mirror_tilt_x = 0.02629960931784154
trf_mirror_tilt_y = 0.16219266419523096
d_col_grm = -0.004838110877078217
grism_dec_x = 236.42327612000122
grism_dec_y = 0.03817960732167891
grm_tilt_x = -0.014052991952062261
grm_tilt_y = 2.3052795860161477
grm_G = 222.82400363704974
grm_apex = 17.79097039136572
d_grm_cam  = 21.609820401405088
cam_dec_x = -0.30953741442110594
cam_dec_y = 0.24731879399305426
cam_tilt_x = -0.01103361943135387
cam_tilt_y = 0.00378900616246472
d_cam_ff  = -160.0575963861857
ccd_ff_dec_x = -0.0026068565696500223
ccd_ff_dec_y = 0.05301261678643467
ccd_ff_tilt_x = 0.01953259106217235
ccd_ff_tilt_y = -0.5728046053134315
ccd_ff_tilt_z = 0.1800477550318897
d_ff_ccd  = -4.8389503148327195
ccd_dec_x = 0.6214052414571722
ccd_dec_y = 5.157151641015376
ccd_defocus = 0.2807545346801317
ccd_tilt_x = 0.005053991434425056
ccd_tilt_y = -0.010899081076471313
ccd_tilt_z = 5.074065905886518e-06
p = 0.0001