slit_dec_x_a = -0.181778666534
slit_dec_y_a = -0.18243150017
slit_dec_x_b = 0.14512077562974193
slit_dec_y_b = -0.05510809031835813
slit_defocus = -0.013790707767369839
slit_tilt_x = 1.0540901654887551
slit_tilt_y = -8.559902298392426
slit_tilt_z = -9.026813315004473
d_slit_col = 1594.290266024491
coll_tilt_x = 0.12139844487172531
coll_tilt_y = -0.02648551179106117
ech_G = 31.614563969891496
ech_blaze = -74.99488956047654
ech_gamma = 1.1556434106347986
echelle_z = 0.05700411257484932
d_col_trf = -1588.0163653124143
trf_mirror_tilt_x = 0.007289312833936329
trf_mirror_tilt_y = 0.15543651205803696
d_col_grm = 0.035628067061485504
grism_dec_x = 236.3832002788038
grism_dec_y = 0.009259483322807238
grm_tilt_x = -0.02350305727778037
grm_tilt_y = 2.3257889471462967
grm_G = 222.7840743306732
grm_apex = 17.76650182638948
d_grm_cam  = 21.604702955392106
cam_dec_x = -0.2711212529674995
cam_dec_y = 0.2908795798037617
cam_tilt_x = 0.0124021506615174
cam_tilt_y = 0.008871683906482948
d_cam_ff  = -160.07697842976643
ccd_ff_dec_x = -0.023807276919868767
ccd_ff_dec_y = 0.04210164908810861
ccd_ff_tilt_x = 0.03356011751264377
ccd_ff_tilt_y = -0.5909770863890776
ccd_ff_tilt_z = 0.17191624888319618
d_ff_ccd  = -4.815988769287719
ccd_dec_x = 0.5532938221406476
ccd_dec_y = 5.107629397551054
ccd_defocus = 0.2858022244719815
ccd_tilt_x = 0.032622808363214365
ccd_tilt_y = -0.0021331655280993522
ccd_tilt_z = 4.681304748225778e-06
p = 0.0001