slit_dec_x_a = -0.181778666534
slit_dec_y_a = -0.18243150017
slit_dec_x_b = 0.14512077562974193
slit_dec_y_b = -0.05510809031835813
slit_defocus = -0.013792657872256303
slit_tilt_x = 1.054114108085149
slit_tilt_y = -8.559966646297271
slit_tilt_z = -9.026885117444197
d_slit_col = 1594.290336142215
coll_tilt_x = 0.12147311262422947
coll_tilt_y = -0.02652555101820691
ech_G = 31.614567075895764
ech_blaze = -74.99488534680425
ech_gamma = 1.1556344392165072
echelle_z = 0.056995601979943016
d_col_trf = -1588.0163645533933
trf_mirror_tilt_x = 0.007243702753549826
trf_mirror_tilt_y = 0.15549941629469183
d_col_grm = 0.03568117010375895
grism_dec_x = 236.38324755019613
grism_dec_y = 0.009202258108854099
grm_tilt_x = -0.023500858495271844
grm_tilt_y = 2.325786810748722
grm_G = 222.78406734809732
grm_apex = 17.766513333814114
d_grm_cam  = 21.60469910983378
cam_dec_x = -0.2710928281986799
cam_dec_y = 0.2908825307288125
cam_tilt_x = 0.012451062183442553
cam_tilt_y = 0.00881612028409382
d_cam_ff  = -160.07728686850865
ccd_ff_dec_x = -0.023799134292496988
ccd_ff_dec_y = 0.04205601871877271
ccd_ff_tilt_x = 0.03351587118808396
ccd_ff_tilt_y = -0.5909756732339426
ccd_ff_tilt_z = 0.17191417496373654
d_ff_ccd  = -4.815979899075923
ccd_dec_x = 0.5532915605053693
ccd_dec_y = 5.10763128325165
ccd_defocus = 0.2857429142570323
ccd_tilt_x = 0.03255225158926729
ccd_tilt_y = -0.002113480426588116
ccd_tilt_z = 4.714041051713091e-06
p = 0.0001