slit_dec_x_a = -0.181778666534
slit_dec_y_a = -0.18243150017
slit_dec_x_b = 0.14512077562974193
slit_dec_y_b = -0.05510809031835813
slit_defocus = -0.013819641847098527
slit_tilt_x = 1.0540198928881546
slit_tilt_y = -8.559931625442104
slit_tilt_z = -9.026782257504927
d_slit_col = 1594.2903045933033
coll_tilt_x = 0.12145575379243818
coll_tilt_y = -0.026453810190257634
ech_G = 31.61456068544668
ech_blaze = -74.99489401221845
ech_gamma = 1.155639966139518
echelle_z = 0.05699540576558857
d_col_trf = -1588.0163640486023
trf_mirror_tilt_x = 0.007395996794936595
trf_mirror_tilt_y = 0.15538059807452978
d_col_grm = 0.03566578456929109
grism_dec_x = 236.38326307556483
grism_dec_y = 0.009224573672051671
grm_tilt_x = -0.023511222358271324
grm_tilt_y = 2.325789753604093
grm_G = 222.78407307492319
grm_apex = 17.766525826024345
d_grm_cam  = 21.604700290018332
cam_dec_x = -0.27111190983540945
cam_dec_y = 0.2908479378887374
cam_tilt_x = 0.012463957638292356
cam_tilt_y = 0.008871499393316017
d_cam_ff  = -160.0770858273556
ccd_ff_dec_x = -0.02380117599963475
ccd_ff_dec_y = 0.04206505426645082
ccd_ff_tilt_x = 0.033525242523697575
ccd_ff_tilt_y = -0.5909779409406539
ccd_ff_tilt_z = 0.17191607819517735
d_ff_ccd  = -4.815977302573355
ccd_dec_x = 0.5532999489586841
ccd_dec_y = 5.107622986406457
ccd_defocus = 0.28579259150178543
ccd_tilt_x = 0.03259687620524434
ccd_tilt_y = -0.002154149610466859
ccd_tilt_z = 4.696579101517693e-06
p = 0.0001