slit_dec_x_a = -0.181778666534
slit_dec_y_a = -0.18243150017
slit_dec_x_b = 0.14512077562974193
slit_dec_y_b = -0.05510809031835813
slit_defocus = -0.01377761553431612
slit_tilt_x = 1.054092129097391
slit_tilt_y = -8.559936853583668
slit_tilt_z = -9.026831119169078
d_slit_col = 1594.290214382903
coll_tilt_x = 0.12147148541192353
coll_tilt_y = -0.02655905938989759
ech_G = 31.614566467022396
ech_blaze = -74.99489459828597
ech_gamma = 1.1556394997436272
echelle_z = 0.057003842597711525
d_col_trf = -1588.016358575263
trf_mirror_tilt_x = 0.007362701013367821
trf_mirror_tilt_y = 0.15552638686933862
d_col_grm = 0.03563780517798162
grism_dec_x = 236.3831899995813
grism_dec_y = 0.009188770458100414
grm_tilt_x = -0.02350724650445946
grm_tilt_y = 2.3257908085695806
grm_G = 222.78406693974944
grm_apex = 17.766542278390403
d_grm_cam  = 21.604707306058643
cam_dec_x = -0.27106502710640357
cam_dec_y = 0.29082867102442744
cam_tilt_x = 0.012478916073781732
cam_tilt_y = 0.008845574070550075
d_cam_ff  = -160.07696475362116
ccd_ff_dec_x = -0.023801067894621275
ccd_ff_dec_y = 0.042009402106763974
ccd_ff_tilt_x = 0.03350261567189903
ccd_ff_tilt_y = -0.590975538259691
ccd_ff_tilt_z = 0.1719232355079036
d_ff_ccd  = -4.815929846013024
ccd_dec_x = 0.5532967860411562
ccd_dec_y = 5.107626454884003
ccd_defocus = 0.28576405326272014
ccd_tilt_x = 0.03261986373546845
ccd_tilt_y = -0.0021176226633613554
ccd_tilt_z = 4.711085917808744e-06
p = 0.0001