slit_dec_x_a = -0.181778666534
slit_dec_y_a = -0.18243150017
slit_dec_x_b = 0.14512077562974193
slit_dec_y_b = -0.05510809031835813
slit_defocus = -0.013791831569029859
slit_tilt_x = 1.0541303180124573
slit_tilt_y = -8.559954332137895
slit_tilt_z = -9.02688831841022
d_slit_col = 1594.2903234900753
coll_tilt_x = 0.12143228790955436
coll_tilt_y = -0.026486048439551726
ech_G = 31.614559530930094
ech_blaze = -74.9948945180199
ech_gamma = 1.1556412596567835
echelle_z = 0.05699783637700039
d_col_trf = -1588.0163600246858
trf_mirror_tilt_x = 0.00727375342499694
trf_mirror_tilt_y = 0.15543269191833028
d_col_grm = 0.03564350605591437
grism_dec_x = 236.3832531126282
grism_dec_y = 0.009274463163572761
grm_tilt_x = -0.02350612306002881
grm_tilt_y = 2.3257828751654697
grm_G = 222.78407164249387
grm_apex = 17.76657652983076
d_grm_cam  = 21.60469286154248
cam_dec_x = -0.2711132733682667
cam_dec_y = 0.2909007148444364
cam_tilt_x = 0.012463523934398571
cam_tilt_y = 0.00880886147194397
d_cam_ff  = -160.07743428191876
ccd_ff_dec_x = -0.023797479557592212
ccd_ff_dec_y = 0.04205241668581226
ccd_ff_tilt_x = 0.03353388803839355
ccd_ff_tilt_y = -0.5909854352406972
ccd_ff_tilt_z = 0.1719208751515191
d_ff_ccd  = -4.815972219756331
ccd_dec_x = 0.5532911504523347
ccd_dec_y = 5.107637120652004
ccd_defocus = 0.2857783436299255
ccd_tilt_x = 0.03264345147357101
ccd_tilt_y = -0.0021948588724910673
ccd_tilt_z = 4.683954765905206e-06
p = 0.0001