slit_dec_x_a = -0.1704010755187174
slit_dec_y_a = -0.1956586180351446
slit_dec_x_b = 0.175
slit_dec_y_b = -1.8478211656529012e-96
slit_defocus = 0.02134086764717911
slit_tilt_x = 1.114056990589696
slit_tilt_y = -8.538400606577909
slit_tilt_z = -8.991694212494211
d_slit_col = 1594.310002183665
coll_tilt_x = 0.11322437267905186
coll_tilt_y = -0.028936964397649926
ech_G = 31.61322759587824
ech_blaze = -74.97483072221459
ech_gamma = 1.1389760659868935
echelle_z = 0.0747591833225458
d_col_trf = -1588.0172262658539
trf_mirror_tilt_x = 0.026239225278368482
trf_mirror_tilt_y = 0.1622361378568766
d_col_grm = -0.004837223763232401
grism_dec_x = 236.42332996951532
grism_dec_y = 0.03816370806627013
grm_tilt_x = -0.014056600184716654
grm_tilt_y = 2.305280171526996
grm_G = 222.82400022116835
grm_apex = 17.791061122440716
d_grm_cam  = 21.609819018217372
cam_dec_x = -0.3095265051428447
cam_dec_y = 0.24725244511652825
cam_tilt_x = -0.011042206949083696
cam_tilt_y = 0.0038183430664335276
d_cam_ff  = -160.05748234578948
ccd_ff_dec_x = -0.0025992813250389074
ccd_ff_dec_y = 0.05304986298028838
ccd_ff_tilt_x = 0.01952444548178341
ccd_ff_tilt_y = -0.5728004242374615
ccd_ff_tilt_z = 0.18005620239640707
d_ff_ccd  = -4.83900980333084
ccd_dec_x = 0.6214083051566545
ccd_dec_y = 5.157138350860617
ccd_defocus = 0.2807666589863532
ccd_tilt_x = 0.005124893105540107
ccd_tilt_y = -0.01096393442560795
ccd_tilt_z = 5.016892635669593e-06
p = 0.0001