slit_dec_x_a = -0.181778666534
slit_dec_y_a = -0.18243150017
slit_dec_x_b = 0.14512077562974193
slit_dec_y_b = -0.05510809031835813
slit_defocus = -0.013775829650957232
slit_tilt_x = 1.0540141176166038
slit_tilt_y = -8.5599508056053
slit_tilt_z = -9.02688741931945
d_slit_col = 1594.2903674232941
coll_tilt_x = 0.12148433224171365
coll_tilt_y = -0.026540067231493245
ech_G = 31.614565177569173
ech_blaze = -74.99488766372727
ech_gamma = 1.1556407318587862
echelle_z = 0.05700334763823382
d_col_trf = -1588.0163619873344
trf_mirror_tilt_x = 0.007332026936076857
trf_mirror_tilt_y = 0.15541887220921274
d_col_grm = 0.03563458384450607
grism_dec_x = 236.38321146337717
grism_dec_y = 0.009261326897351707
grm_tilt_x = -0.023506347937021232
grm_tilt_y = 2.3257900039959836
grm_G = 222.7840716664053
grm_apex = 17.766448450762656
d_grm_cam  = 21.604696151299777
cam_dec_x = -0.27110366459589874
cam_dec_y = 0.29091072610699076
cam_tilt_x = 0.012404666696782767
cam_tilt_y = 0.008769656358113068
d_cam_ff  = -160.07730522626
ccd_ff_dec_x = -0.023798749807847134
ccd_ff_dec_y = 0.04215474494830473
ccd_ff_tilt_x = 0.03355788911898583
ccd_ff_tilt_y = -0.5909757758260329
ccd_ff_tilt_z = 0.171920351341706
d_ff_ccd  = -4.815981463522452
ccd_dec_x = 0.5532991319600024
ccd_dec_y = 5.107625150400079
ccd_defocus = 0.2858041001213153
ccd_tilt_x = 0.03260409070702701
ccd_tilt_y = -0.0021862953155424034
ccd_tilt_z = 4.7241487679723275e-06
p = 0.0001