slit_dec_x_a = -0.181778666534
slit_dec_y_a = -0.18243150017
slit_dec_x_b = 0.14512077562974193
slit_dec_y_b = -0.05510809031835813
slit_defocus = -0.01371162909800096
slit_tilt_x = 1.0540469408597741
slit_tilt_y = -8.559996620792184
slit_tilt_z = -9.026861221482367
d_slit_col = 1594.2903174854496
coll_tilt_x = 0.12140876245534915
coll_tilt_y = -0.02645572369668405
ech_G = 31.61456332402468
ech_blaze = -74.9948891664039
ech_gamma = 1.155642262304349
echelle_z = 0.057005926816022325
d_col_trf = -1588.0163656912655
trf_mirror_tilt_x = 0.007286673340739124
trf_mirror_tilt_y = 0.15544658583706625
d_col_grm = 0.03562222452397344
grism_dec_x = 236.38321801721528
grism_dec_y = 0.009227057755456408
grm_tilt_x = -0.023511905783502703
grm_tilt_y = 2.3257859251994404
grm_G = 222.784068805168
grm_apex = 17.76650513106061
d_grm_cam  = 21.60469589909409
cam_dec_x = -0.2711245690219419
cam_dec_y = 0.29085883228333176
cam_tilt_x = 0.01245022434196261
cam_tilt_y = 0.008759127938779062
d_cam_ff  = -160.07734907518866
ccd_ff_dec_x = -0.023800115885011238
ccd_ff_dec_y = 0.042023082013985275
ccd_ff_tilt_x = 0.03347374855361223
ccd_ff_tilt_y = -0.5909863105114895
ccd_ff_tilt_z = 0.17192032266422383
d_ff_ccd  = -4.815972843540387
ccd_dec_x = 0.553301396901718
ccd_dec_y = 5.107630411509478
ccd_defocus = 0.28575463314296434
ccd_tilt_x = 0.03251789137434625
ccd_tilt_y = -0.002140436860070354
ccd_tilt_z = 4.689880645607781e-06
p = 0.0001