slit_dec_x_a = -0.181778666534
slit_dec_y_a = -0.18243150017
slit_dec_x_b = 0.14512077562974193
slit_dec_y_b = -0.05510809031835813
slit_defocus = -0.013749356031075969
slit_tilt_x = 1.0541147661765864
slit_tilt_y = -8.559939765473507
slit_tilt_z = -9.026920943448367
d_slit_col = 1594.2902813693424
coll_tilt_x = 0.1214364967001594
coll_tilt_y = -0.026480507035926117
ech_G = 31.61455996860794
ech_blaze = -74.99488771754504
ech_gamma = 1.1556376174755711
echelle_z = 0.05700546513670638
d_col_trf = -1588.01636183707
trf_mirror_tilt_x = 0.007239535761757824
trf_mirror_tilt_y = 0.15547829523478815
d_col_grm = 0.03564028048718061
grism_dec_x = 236.38317550214265
grism_dec_y = 0.009216874854755771
grm_tilt_x = -0.023504379431238107
grm_tilt_y = 2.3257934197817565
grm_G = 222.78407849636818
grm_apex = 17.766487981291803
d_grm_cam  = 21.604697783876762
cam_dec_x = -0.27107885559114525
cam_dec_y = 0.2908673997629369
cam_tilt_x = 0.012449250025240024
cam_tilt_y = 0.008792990695781893
d_cam_ff  = -160.07735747776525
ccd_ff_dec_x = -0.02379945603281207
ccd_ff_dec_y = 0.042075151685024466
ccd_ff_tilt_x = 0.03346791337068568
ccd_ff_tilt_y = -0.5909710039953546
ccd_ff_tilt_z = 0.17192442676782027
d_ff_ccd  = -4.815989948346641
ccd_dec_x = 0.5532997004775088
ccd_dec_y = 5.107625462392936
ccd_defocus = 0.2857240788796394
ccd_tilt_x = 0.03259360607831213
ccd_tilt_y = -0.0021117877469112984
ccd_tilt_z = 4.7214186338873445e-06
p = 0.0001