slit_dec_x_a = -0.181778666534
slit_dec_y_a = -0.18243150017
slit_dec_x_b = 0.14512077562974193
slit_dec_y_b = -0.05510809031835813
slit_defocus = -0.013782595155342301
slit_tilt_x = 1.0540466359632326
slit_tilt_y = -8.559970565407545
slit_tilt_z = -9.026939774844788
d_slit_col = 1594.2902586649188
coll_tilt_x = 0.12141195045079742
coll_tilt_y = -0.0264396706152479
ech_G = 31.61456459574155
ech_blaze = -74.99488932515507
ech_gamma = 1.1556423793332418
echelle_z = 0.05700383988767641
d_col_trf = -1588.016364458041
trf_mirror_tilt_x = 0.007354501296322821
trf_mirror_tilt_y = 0.15547140911168836
d_col_grm = 0.03562053400151617
grism_dec_x = 236.38315902874666
grism_dec_y = 0.009257222959927867
grm_tilt_x = -0.023500968709064415
grm_tilt_y = 2.3257879981420277
grm_G = 222.78406675818724
grm_apex = 17.76651805086691
d_grm_cam  = 21.604694912887627
cam_dec_x = -0.27107555385065085
cam_dec_y = 0.29094358765721906
cam_tilt_x = 0.012419033521179582
cam_tilt_y = 0.008755269681275081
d_cam_ff  = -160.0772781490266
ccd_ff_dec_x = -0.023797100538256132
ccd_ff_dec_y = 0.0420701920951781
ccd_ff_tilt_x = 0.03345944900870699
ccd_ff_tilt_y = -0.5909763811717323
ccd_ff_tilt_z = 0.1719173388118928
d_ff_ccd  = -4.815984662683185
ccd_dec_x = 0.5532928458664574
ccd_dec_y = 5.107636129361873
ccd_defocus = 0.28570350283054646
ccd_tilt_x = 0.032644661476222324
ccd_tilt_y = -0.002128862702005357
ccd_tilt_z = 4.724434010211128e-06
p = 0.0001