slit_dec_x_a = -0.1704010755187174
slit_dec_y_a = -0.1956586180351446
slit_dec_x_b = 0.175
slit_dec_y_b = -1.8314765465465311e-96
slit_defocus = 0.021361403145479563
slit_tilt_x = 1.1140528581785705
slit_tilt_y = -8.538428703343728
slit_tilt_z = -8.99162421890098
d_slit_col = 1594.3099836508989
coll_tilt_x = 0.11320764742931681
coll_tilt_y = -0.028919089472489966
ech_G = 31.613227478989774
ech_blaze = -74.97483153226727
ech_gamma = 1.1389771226442154
echelle_z = 0.07477272444181113
d_col_trf = -1588.0172284316925
trf_mirror_tilt_x = 0.026253561454204592
trf_mirror_tilt_y = 0.1622557087571392
d_col_grm = -0.004784791672394987
grism_dec_x = 236.4233050893295
grism_dec_y = 0.038211619155124825
grm_tilt_x = -0.014048533785884845
grm_tilt_y = 2.305273382526731
grm_G = 222.82399934252987
grm_apex = 17.79096860226175
d_grm_cam  = 21.609819142272624
cam_dec_x = -0.3094818236678745
cam_dec_y = 0.2473925074298426
cam_tilt_x = -0.011073597220529233
cam_tilt_y = 0.0038007567856375196
d_cam_ff  = -160.0575015810931
ccd_ff_dec_x = -0.002592873441918458
ccd_ff_dec_y = 0.05305943573727503
ccd_ff_tilt_x = 0.019526411654374437
ccd_ff_tilt_y = -0.5728035205599101
ccd_ff_tilt_z = 0.18005495816428402
d_ff_ccd  = -4.838965844294994
ccd_dec_x = 0.6214075883888636
ccd_dec_y = 5.157148802453539
ccd_defocus = 0.280752388056404
ccd_tilt_x = 0.005059923096584073
ccd_tilt_y = -0.010813605355419876
ccd_tilt_z = 5.055570682381696e-06
p = 0.0001