slit_dec_x_a = -0.1704010755187174
slit_dec_y_a = -0.1956586180351446
slit_dec_x_b = 0.175
slit_dec_y_b = -1.8346376191244923e-96
slit_defocus = 0.021344983358647377
slit_tilt_x = 1.1140177101225752
slit_tilt_y = -8.53841607331847
slit_tilt_z = -8.991641732992514
d_slit_col = 1594.3100161500488
coll_tilt_x = 0.1132323867217919
coll_tilt_y = -0.028854120088671772
ech_G = 31.61323162622518
ech_blaze = -74.9748271758363
ech_gamma = 1.1389767360566834
echelle_z = 0.07476944191217172
d_col_trf = -1588.0172280113477
trf_mirror_tilt_x = 0.02629624505706801
trf_mirror_tilt_y = 0.16231263939767496
d_col_grm = -0.0048600377671741335
grism_dec_x = 236.42328504764816
grism_dec_y = 0.03820485217416193
grm_tilt_x = -0.014041900967073508
grm_tilt_y = 2.305269397494159
grm_G = 222.82400250840388
grm_apex = 17.790994424369217
d_grm_cam  = 21.60981750873381
cam_dec_x = -0.3095850052022291
cam_dec_y = 0.2472458971257008
cam_tilt_x = -0.011078296169880679
cam_tilt_y = 0.003762505520297881
d_cam_ff  = -160.05737159830076
ccd_ff_dec_x = -0.002601992587923452
ccd_ff_dec_y = 0.05300866768141186
ccd_ff_tilt_x = 0.01956467616964877
ccd_ff_tilt_y = -0.5728050968103633
ccd_ff_tilt_z = 0.18005293536075448
d_ff_ccd  = -4.838956838450332
ccd_dec_x = 0.6214055605317612
ccd_dec_y = 5.1571443383882976
ccd_defocus = 0.28071855254776457
ccd_tilt_x = 0.005025359901372118
ccd_tilt_y = -0.010958143494981868
ccd_tilt_z = 5.063632880082238e-06
p = 0.0001