slit_dec_x_a = -0.181778666534
slit_dec_y_a = -0.18243150017
slit_dec_x_b = 0.14512077562974193
slit_dec_y_b = -0.05510809031835813
slit_defocus = -0.013799087780183208
slit_tilt_x = 1.0540480387089735
slit_tilt_y = -8.559926194947721
slit_tilt_z = -9.026912458606938
d_slit_col = 1594.290297053108
coll_tilt_x = 0.12141983454375974
coll_tilt_y = -0.026437047821478144
ech_G = 31.614567556869176
ech_blaze = -74.99488717713712
ech_gamma = 1.1556403307492844
echelle_z = 0.05700543047203755
d_col_trf = -1588.0163643247745
trf_mirror_tilt_x = 0.007300223500218777
trf_mirror_tilt_y = 0.1554854715693473
d_col_grm = 0.035642984656164695
grism_dec_x = 236.38318846308582
grism_dec_y = 0.00926413767045513
grm_tilt_x = -0.023509360811345848
grm_tilt_y = 2.325793931710358
grm_G = 222.784066793725
grm_apex = 17.766540903533553
d_grm_cam  = 21.604695900850345
cam_dec_x = -0.2711855865820333
cam_dec_y = 0.29090804323588854
cam_tilt_x = 0.012423538812940315
cam_tilt_y = 0.008783041211269807
d_cam_ff  = -160.077107570682
ccd_ff_dec_x = -0.02380426868691938
ccd_ff_dec_y = 0.042057615623583844
ccd_ff_tilt_x = 0.033422895420086106
ccd_ff_tilt_y = -0.5909788428688106
ccd_ff_tilt_z = 0.17191095333013787
d_ff_ccd  = -4.8159734437875406
ccd_dec_x = 0.5533009693909664
ccd_dec_y = 5.1076323903017675
ccd_defocus = 0.28583570493551447
ccd_tilt_x = 0.032624566487451344
ccd_tilt_y = -0.0021217720365068592
ccd_tilt_z = 4.690773779848354e-06
p = 0.0001