slit_dec_x_a = -0.1704010755187174
slit_dec_y_a = -0.1956586180351446
slit_dec_x_b = 0.175
slit_dec_y_b = -1.8675732297106174e-96
slit_defocus = 0.02141428833149834
slit_tilt_x = 1.1139865335846104
slit_tilt_y = -8.538446287999406
slit_tilt_z = -8.991671066795162
d_slit_col = 1594.3099867230378
coll_tilt_x = 0.11322711193807275
coll_tilt_y = -0.02890366717273318
ech_G = 31.61323305903534
ech_blaze = -74.97484018173341
ech_gamma = 1.1389744250179274
echelle_z = 0.07477484424558674
d_col_trf = -1588.0172260195284
trf_mirror_tilt_x = 0.02631184873779839
trf_mirror_tilt_y = 0.16222991612061288
d_col_grm = -0.004890891486996019
grism_dec_x = 236.42333126183505
grism_dec_y = 0.0381629763826189
grm_tilt_x = -0.014050602303628184
grm_tilt_y = 2.3052742717132495
grm_G = 222.8240006488368
grm_apex = 17.79105527739197
d_grm_cam  = 21.609818878071774
cam_dec_x = -0.3095588974319586
cam_dec_y = 0.24726489251862632
cam_tilt_x = -0.011052376936086421
cam_tilt_y = 0.0037500045796320194
d_cam_ff  = -160.05743566267967
ccd_ff_dec_x = -0.002602806851289534
ccd_ff_dec_y = 0.053049355105151595
ccd_ff_tilt_x = 0.019545273722238778
ccd_ff_tilt_y = -0.5728029456768275
ccd_ff_tilt_z = 0.18004803989357207
d_ff_ccd  = -4.838944710600396
ccd_dec_x = 0.6214002473764748
ccd_dec_y = 5.15715059964446
ccd_defocus = 0.28072421113234736
ccd_tilt_x = 0.005087129801090239
ccd_tilt_y = -0.010918304619557043
ccd_tilt_z = 5.127442879066103e-06
p = 0.0001