slit_dec_x_a = -0.181778666534
slit_dec_y_a = -0.18243150017
slit_dec_x_b = 0.14512077562974193
slit_dec_y_b = -0.05510809031835813
slit_defocus = -0.01386207203782724
slit_tilt_x = 1.054114774605063
slit_tilt_y = -8.559980992101554
slit_tilt_z = -9.026838960801356
d_slit_col = 1594.290297358532
coll_tilt_x = 0.12138391209168227
coll_tilt_y = -0.026480862837154652
ech_G = 31.614560427585648
ech_blaze = -74.99489130910972
ech_gamma = 1.1556430420348618
echelle_z = 0.05700308050930212
d_col_trf = -1588.0163609663953
trf_mirror_tilt_x = 0.007311560675958372
trf_mirror_tilt_y = 0.15546193718442938
d_col_grm = 0.03571170562481607
grism_dec_x = 236.38322945450167
grism_dec_y = 0.009271007309775373
grm_tilt_x = -0.02350726933182227
grm_tilt_y = 2.3257841015728933
grm_G = 222.78407405923733
grm_apex = 17.766506818693497
d_grm_cam  = 21.60470363176985
cam_dec_x = -0.2710880655123162
cam_dec_y = 0.2908649221980413
cam_tilt_x = 0.012432276943395961
cam_tilt_y = 0.008853431222259556
d_cam_ff  = -160.07721942293458
ccd_ff_dec_x = -0.0238040139689239
ccd_ff_dec_y = 0.042070744564879914
ccd_ff_tilt_x = 0.033441522827371895
ccd_ff_tilt_y = -0.5909788315672064
ccd_ff_tilt_z = 0.1719194463294524
d_ff_ccd  = -4.816022008030958
ccd_dec_x = 0.5532947341929652
ccd_dec_y = 5.107634173436427
ccd_defocus = 0.28580531304706713
ccd_tilt_x = 0.032606069312477934
ccd_tilt_y = -0.0020901493788235245
ccd_tilt_z = 4.6667288092827315e-06
p = 0.0001