slit_dec_x_a = -0.1704010755187174
slit_dec_y_a = -0.1956586180351446
slit_dec_x_b = 0.175
slit_dec_y_b = -1.7907324346696942e-96
slit_defocus = 0.02136942397245117
slit_tilt_x = 1.1139829833410253
slit_tilt_y = -8.53843516104189
slit_tilt_z = -8.9916430047338
d_slit_col = 1594.3099948944043
coll_tilt_x = 0.1132167692984171
coll_tilt_y = -0.028846926305594954
ech_G = 31.613233407992688
ech_blaze = -74.97483130446409
ech_gamma = 1.138979201536635
echelle_z = 0.07477144336075672
d_col_trf = -1588.0172314167555
trf_mirror_tilt_x = 0.026321652567861672
trf_mirror_tilt_y = 0.162222998341453
d_col_grm = -0.004812524369989093
grism_dec_x = 236.4232632365541
grism_dec_y = 0.03824238409006283
grm_tilt_x = -0.014052829569861558
grm_tilt_y = 2.3052793409665937
grm_G = 222.82401279099707
grm_apex = 17.79108511940175
d_grm_cam  = 21.609808783509465
cam_dec_x = -0.309524094162431
cam_dec_y = 0.24729599439917663
cam_tilt_x = -0.011040716470877508
cam_tilt_y = 0.00379319202897386
d_cam_ff  = -160.05723919268806
ccd_ff_dec_x = -0.002600309814810624
ccd_ff_dec_y = 0.05300410702652379
ccd_ff_tilt_x = 0.019565619583358243
ccd_ff_tilt_y = -0.5728093687702142
ccd_ff_tilt_z = 0.1800481066206128
d_ff_ccd  = -4.838971943378492
ccd_dec_x = 0.6214014264501954
ccd_dec_y = 5.157151690656482
ccd_defocus = 0.2807382245624529
ccd_tilt_x = 0.005109314307443044
ccd_tilt_y = -0.010887478132451821
ccd_tilt_z = 5.077352559063754e-06
p = 0.0001