slit_dec_x_a = -0.1704010755187174
slit_dec_y_a = -0.1956586180351446
slit_dec_x_b = 0.175
slit_dec_y_b = -1.8761087562078593e-96
slit_defocus = 0.021405929139002505
slit_tilt_x = 1.1139850782083685
slit_tilt_y = -8.538435824651197
slit_tilt_z = -8.991619812632345
d_slit_col = 1594.3099323926976
coll_tilt_x = 0.1131935865796857
coll_tilt_y = -0.02884457330319391
ech_G = 31.61322779439821
ech_blaze = -74.97482980075718
ech_gamma = 1.1389760505334603
echelle_z = 0.07476860644047911
d_col_trf = -1588.0172295540783
trf_mirror_tilt_x = 0.02628516365970148
trf_mirror_tilt_y = 0.16216901103552916
d_col_grm = -0.004781805955138475
grism_dec_x = 236.4232884585497
grism_dec_y = 0.0381871996198298
grm_tilt_x = -0.014060178769218192
grm_tilt_y = 2.3052718108639345
grm_G = 222.8239995473332
grm_apex = 17.79106201328628
d_grm_cam  = 21.60982444546319
cam_dec_x = -0.30958523383337166
cam_dec_y = 0.24726399687047848
cam_tilt_x = -0.011027227948192947
cam_tilt_y = 0.003783648373804423
d_cam_ff  = -160.05731319766682
ccd_ff_dec_x = -0.002600986168810682
ccd_ff_dec_y = 0.053095943735689585
ccd_ff_tilt_x = 0.019452008475693276
ccd_ff_tilt_y = -0.5727995382960865
ccd_ff_tilt_z = 0.18005325760546792
d_ff_ccd  = -4.838962088078896
ccd_dec_x = 0.6214015098845821
ccd_dec_y = 5.1571544242785015
ccd_defocus = 0.2807619644489876
ccd_tilt_x = 0.005077211485389405
ccd_tilt_y = -0.01092936775367999
ccd_tilt_z = 5.062479491498666e-06
p = 0.0001