slit_dec_x_a = -0.181778666534
slit_dec_y_a = -0.18243150017
slit_dec_x_b = 0.14512077562974193
slit_dec_y_b = -0.05510809031835813
slit_defocus = -0.013739606987669082
slit_tilt_x = 1.0541630859904472
slit_tilt_y = -8.560024195836338
slit_tilt_z = -9.026913875393841
d_slit_col = 1594.2902847265223
coll_tilt_x = 0.12143864682102158
coll_tilt_y = -0.02641264611391132
ech_G = 31.61456507353998
ech_blaze = -74.99488748174242
ech_gamma = 1.1556398505529455
echelle_z = 0.05700358420531498
d_col_trf = -1588.0163627542395
trf_mirror_tilt_x = 0.007253551983482026
trf_mirror_tilt_y = 0.15542395166632003
d_col_grm = 0.03566757210651602
grism_dec_x = 236.38324132439246
grism_dec_y = 0.009298717947008511
grm_tilt_x = -0.023509593434631236
grm_tilt_y = 2.3257863863762775
grm_G = 222.78407373049626
grm_apex = 17.766561573932016
d_grm_cam  = 21.60470312598461
cam_dec_x = -0.2711448741562427
cam_dec_y = 0.29085904585697736
cam_tilt_x = 0.012468462441333586
cam_tilt_y = 0.008916639793129077
d_cam_ff  = -160.07733104776221
ccd_ff_dec_x = -0.023799417713826744
ccd_ff_dec_y = 0.041983214751617794
ccd_ff_tilt_x = 0.03348463886696217
ccd_ff_tilt_y = -0.5909829543471169
ccd_ff_tilt_z = 0.17191766840794537
d_ff_ccd  = -4.815979571429957
ccd_dec_x = 0.5532909066925965
ccd_dec_y = 5.107628892963802
ccd_defocus = 0.2857532389130792
ccd_tilt_x = 0.03257825631866905
ccd_tilt_y = -0.002148570632820533
ccd_tilt_z = 4.732743649438531e-06
p = 0.0001