slit_dec_x_a = -0.1704010755187174
slit_dec_y_a = -0.1956586180351446
slit_dec_x_b = 0.175
slit_dec_y_b = -1.8311650529607738e-96
slit_defocus = 0.02143087823103174
slit_tilt_x = 1.1140422923217514
slit_tilt_y = -8.538479121705153
slit_tilt_z = -8.991588322225999
d_slit_col = 1594.309978391384
coll_tilt_x = 0.11317079176786272
coll_tilt_y = -0.029001991268694315
ech_G = 31.61323069095351
ech_blaze = -74.97483458589018
ech_gamma = 1.1389691048231116
echelle_z = 0.07477046097965774
d_col_trf = -1588.017234274308
trf_mirror_tilt_x = 0.026269183311057903
trf_mirror_tilt_y = 0.16220377773944067
d_col_grm = -0.004791930967306249
grism_dec_x = 236.42329194781135
grism_dec_y = 0.03817009010157862
grm_tilt_x = -0.01405389914656526
grm_tilt_y = 2.305272301853799
grm_G = 222.8240010626856
grm_apex = 17.791061263674322
d_grm_cam  = 21.60981371942573
cam_dec_x = -0.30954862653569576
cam_dec_y = 0.24729644662323483
cam_tilt_x = -0.01107368734326685
cam_tilt_y = 0.0037553213166131015
d_cam_ff  = -160.05748134080517
ccd_ff_dec_x = -0.0025969973648653794
ccd_ff_dec_y = 0.05310337421441387
ccd_ff_tilt_x = 0.01950811132708894
ccd_ff_tilt_y = -0.5728038180789947
ccd_ff_tilt_z = 0.18005479231209104
d_ff_ccd  = -4.8389225022772315
ccd_dec_x = 0.6214062614071227
ccd_dec_y = 5.15714529742966
ccd_defocus = 0.280696106580753
ccd_tilt_x = 0.005072959688044914
ccd_tilt_y = -0.01089495690899267
ccd_tilt_z = 5.081957719652778e-06
p = 0.0001