slit_dec_x_a = -0.181778666534
slit_dec_y_a = -0.18243150017
slit_dec_x_b = 0.14512077562974193
slit_dec_y_b = -0.05510809031835813
slit_defocus = -0.013739217302394961
slit_tilt_x = 1.0540741884294327
slit_tilt_y = -8.55996825080006
slit_tilt_z = -9.02694705487844
d_slit_col = 1594.2902641823894
coll_tilt_x = 0.12139975539628471
coll_tilt_y = -0.026575610713968866
ech_G = 31.61456244463244
ech_blaze = -74.99488967969879
ech_gamma = 1.1556387968728652
echelle_z = 0.05700829764412429
d_col_trf = -1588.016362042196
trf_mirror_tilt_x = 0.0073451316983709995
trf_mirror_tilt_y = 0.15553494689233446
d_col_grm = 0.03564242362748437
grism_dec_x = 236.38320681035728
grism_dec_y = 0.009240255864473593
grm_tilt_x = -0.023508149614451922
grm_tilt_y = 2.3257873239736595
grm_G = 222.78406892483187
grm_apex = 17.766469868509006
d_grm_cam  = 21.604700051174472
cam_dec_x = -0.27114858624907295
cam_dec_y = 0.29085322538185104
cam_tilt_x = 0.012401726055659734
cam_tilt_y = 0.008793165257279752
d_cam_ff  = -160.07719190106346
ccd_ff_dec_x = -0.023799060935967727
ccd_ff_dec_y = 0.04205767918759869
ccd_ff_tilt_x = 0.033540557264324596
ccd_ff_tilt_y = -0.590978466476438
ccd_ff_tilt_z = 0.1719128856206628
d_ff_ccd  = -4.815974006656376
ccd_dec_x = 0.5532981340198331
ccd_dec_y = 5.10763756062772
ccd_defocus = 0.2857836950397796
ccd_tilt_x = 0.03254921580252087
ccd_tilt_y = -0.0021527173818721057
ccd_tilt_z = 4.687554356877858e-06
p = 0.0001