slit_dec_x_a = -0.1704010755187174
slit_dec_y_a = -0.1956586180351446
slit_dec_x_b = 0.175
slit_dec_y_b = -1.8096136416236506e-96
slit_defocus = 0.02147343510820314
slit_tilt_x = 1.1140058543091245
slit_tilt_y = -8.538453802371622
slit_tilt_z = -8.991572118395622
d_slit_col = 1594.3099897773864
coll_tilt_x = 0.11325671355058857
coll_tilt_y = -0.02890541142133209
ech_G = 31.6132324520325
ech_blaze = -74.9748300039353
ech_gamma = 1.1389732288784862
echelle_z = 0.07477248425734745
d_col_trf = -1588.0172291384897
trf_mirror_tilt_x = 0.026279934837456827
trf_mirror_tilt_y = 0.16221322031954125
d_col_grm = -0.004847251364649495
grism_dec_x = 236.42323699062752
grism_dec_y = 0.03813636406747877
grm_tilt_x = -0.014058105930290662
grm_tilt_y = 2.3052719568030517
grm_G = 222.8240074552212
grm_apex = 17.79100085394815
d_grm_cam  = 21.609816494244868
cam_dec_x = -0.30952520883629064
cam_dec_y = 0.24731976320339308
cam_tilt_x = -0.011095598566832563
cam_tilt_y = 0.00378914158299255
d_cam_ff  = -160.05764111075518
ccd_ff_dec_x = -0.002595680061478696
ccd_ff_dec_y = 0.05309354254256679
ccd_ff_tilt_x = 0.01953679868494929
ccd_ff_tilt_y = -0.5728061731767135
ccd_ff_tilt_z = 0.18005067710929964
d_ff_ccd  = -4.838993470551161
ccd_dec_x = 0.6214071059477825
ccd_dec_y = 5.157147748530141
ccd_defocus = 0.2807569449635836
ccd_tilt_x = 0.005082943602467439
ccd_tilt_y = -0.010844163373653027
ccd_tilt_z = 4.974412522337453e-06
p = 0.0001