slit_dec_x_a = -0.1704010755187174
slit_dec_y_a = -0.1956586180351446
slit_dec_x_b = 0.175
slit_dec_y_b = -1.8098770949682548e-96
slit_defocus = 0.021317311755131824
slit_tilt_x = 1.1139597788942632
slit_tilt_y = -8.53842866275734
slit_tilt_z = -8.991578083644596
d_slit_col = 1594.3099056945516
coll_tilt_x = 0.11323896936989719
coll_tilt_y = -0.028913457366137076
ech_G = 31.613232224657995
ech_blaze = -74.97483443345101
ech_gamma = 1.1389758586541525
echelle_z = 0.07477182997201966
d_col_trf = -1588.01723622661
trf_mirror_tilt_x = 0.02630261795342445
trf_mirror_tilt_y = 0.16218169740337582
d_col_grm = -0.004837388008805119
grism_dec_x = 236.4232832457441
grism_dec_y = 0.03817870416280207
grm_tilt_x = -0.014050399284390898
grm_tilt_y = 2.305276177769616
grm_G = 222.8240058334171
grm_apex = 17.791036120126535
d_grm_cam  = 21.60981471525589
cam_dec_x = -0.30958834083486647
cam_dec_y = 0.24730436517639232
cam_tilt_x = -0.011001676351926996
cam_tilt_y = 0.003741046592120335
d_cam_ff  = -160.0574925889654
ccd_ff_dec_x = -0.0026019982720468468
ccd_ff_dec_y = 0.05306587502235235
ccd_ff_tilt_x = 0.019499875620249463
ccd_ff_tilt_y = -0.5728067075459218
ccd_ff_tilt_z = 0.1800531332135827
d_ff_ccd  = -4.838950118878091
ccd_dec_x = 0.6214129115333366
ccd_dec_y = 5.157151312021262
ccd_defocus = 0.28071865826720716
ccd_tilt_x = 0.005066457875652572
ccd_tilt_y = -0.01092876351845477
ccd_tilt_z = 5.076881044804539e-06
p = 0.0001