slit_dec_x_a = -0.1704010755187174
slit_dec_y_a = -0.1956586180351446
slit_dec_x_b = 0.175
slit_dec_y_b = -1.7894028440497142e-96
slit_defocus = 0.021380609861069096
slit_tilt_x = 1.1140298703366507
slit_tilt_y = -8.538413202468838
slit_tilt_z = -8.99166062759304
d_slit_col = 1594.3099419702664
coll_tilt_x = 0.11316416603407094
coll_tilt_y = -0.02889913022861855
ech_G = 31.613229808226038
ech_blaze = -74.97482623031033
ech_gamma = 1.1389695476439932
echelle_z = 0.07476411961643005
d_col_trf = -1588.0172346395188
trf_mirror_tilt_x = 0.026274409179475128
trf_mirror_tilt_y = 0.16220397599677402
d_col_grm = -0.004881846797298214
grism_dec_x = 236.42336127904275
grism_dec_y = 0.03820274937303986
grm_tilt_x = -0.014054493642676573
grm_tilt_y = 2.305270967487529
grm_G = 222.8240073952374
grm_apex = 17.79096854895601
d_grm_cam  = 21.60981368062307
cam_dec_x = -0.30949885072146677
cam_dec_y = 0.2472845744999078
cam_tilt_x = -0.011100044911163584
cam_tilt_y = 0.0037919993392582043
d_cam_ff  = -160.05751807412994
ccd_ff_dec_x = -0.00260314847396493
ccd_ff_dec_y = 0.05303893084145992
ccd_ff_tilt_x = 0.01950418992952402
ccd_ff_tilt_y = -0.5728024418203377
ccd_ff_tilt_z = 0.18004661428815402
d_ff_ccd  = -4.838919306738784
ccd_dec_x = 0.6214123837177921
ccd_dec_y = 5.157158032816616
ccd_defocus = 0.28070250496480387
ccd_tilt_x = 0.005042806732616175
ccd_tilt_y = -0.010906526713767548
ccd_tilt_z = 5.066573881933469e-06
p = 0.0001