slit_dec_x_a = -0.181778666534
slit_dec_y_a = -0.18243150017
slit_dec_x_b = 0.14512077562974193
slit_dec_y_b = -0.05510809031835813
slit_defocus = -0.013786224421307712
slit_tilt_x = 1.0541549797255882
slit_tilt_y = -8.559886070005705
slit_tilt_z = -9.026874875726238
d_slit_col = 1594.2902938644563
coll_tilt_x = 0.1214221287111403
coll_tilt_y = -0.026440168280256336
ech_G = 31.61456057585976
ech_blaze = -74.99489695662392
ech_gamma = 1.1556405233765445
echelle_z = 0.05700468119219934
d_col_trf = -1588.016365380177
trf_mirror_tilt_x = 0.0073212139114311415
trf_mirror_tilt_y = 0.155460595251099
d_col_grm = 0.03564304777814199
grism_dec_x = 236.38322600566937
grism_dec_y = 0.00922226355532071
grm_tilt_x = -0.0235068214838827
grm_tilt_y = 2.3257892537527565
grm_G = 222.78407193308362
grm_apex = 17.766529355802348
d_grm_cam  = 21.6046999720993
cam_dec_x = -0.27110324411244746
cam_dec_y = 0.29089413471625225
cam_tilt_x = 0.012479430719575706
cam_tilt_y = 0.008761283174550945
d_cam_ff  = -160.07741375144707
ccd_ff_dec_x = -0.023799492926045045
ccd_ff_dec_y = 0.04209704749090271
ccd_ff_tilt_x = 0.033532835056481344
ccd_ff_tilt_y = -0.5909811707494017
ccd_ff_tilt_z = 0.17191151235003493
d_ff_ccd  = -4.815938522017887
ccd_dec_x = 0.5532927603849895
ccd_dec_y = 5.107636200765425
ccd_defocus = 0.2857461817986201
ccd_tilt_x = 0.0325535096209703
ccd_tilt_y = -0.0021459872672181
ccd_tilt_z = 4.716779677191869e-06
p = 0.0001