slit_dec_x_a = -0.1704010755187174
slit_dec_y_a = -0.1956586180351446
slit_dec_x_b = 0.175
slit_dec_y_b = -1.8742482333696384e-96
slit_defocus = 0.021392053492438213
slit_tilt_x = 1.1140213207146827
slit_tilt_y = -8.538393679004388
slit_tilt_z = -8.991682802397658
d_slit_col = 1594.3100182554597
coll_tilt_x = 0.11322253859343662
coll_tilt_y = -0.028929284843746458
ech_G = 31.613234199990597
ech_blaze = -74.97483517255036
ech_gamma = 1.1389684610354949
echelle_z = 0.07477421573730744
d_col_trf = -1588.0172306917545
trf_mirror_tilt_x = 0.02631677330879822
trf_mirror_tilt_y = 0.1622944170467499
d_col_grm = -0.0048059800781489435
grism_dec_x = 236.42327314904648
grism_dec_y = 0.03819514317030328
grm_tilt_x = -0.0140568420799891
grm_tilt_y = 2.3052778751030476
grm_G = 222.82400194426768
grm_apex = 17.79103614517831
d_grm_cam  = 21.609817337896533
cam_dec_x = -0.30953841888137223
cam_dec_y = 0.24716998862604395
cam_tilt_x = -0.011083970688989489
cam_tilt_y = 0.0038324908248668936
d_cam_ff  = -160.05753477790162
ccd_ff_dec_x = -0.002600411450779421
ccd_ff_dec_y = 0.05305159985584623
ccd_ff_tilt_x = 0.01954611221726557
ccd_ff_tilt_y = -0.5728028667458069
ccd_ff_tilt_z = 0.1800472161319134
d_ff_ccd  = -4.838905753139833
ccd_dec_x = 0.6214098553954942
ccd_dec_y = 5.157153304168067
ccd_defocus = 0.2807504774775953
ccd_tilt_x = 0.005054259495742668
ccd_tilt_y = -0.010897308139567389
ccd_tilt_z = 5.065320912006845e-06
p = 0.0001