slit_dec_x_a = -0.1704010755187174
slit_dec_y_a = -0.1956586180351446
slit_dec_x_b = 0.175
slit_dec_y_b = -1.8087879546062318e-96
slit_defocus = 0.021324534267448583
slit_tilt_x = 1.114042872121116
slit_tilt_y = -8.53845675830959
slit_tilt_z = -8.991638879076728
d_slit_col = 1594.3099975197154
coll_tilt_x = 0.11323564011747436
coll_tilt_y = -0.028918187479048982
ech_G = 31.613233234686774
ech_blaze = -74.97482434150285
ech_gamma = 1.138980959683231
echelle_z = 0.07477084596281781
d_col_trf = -1588.017236849574
trf_mirror_tilt_x = 0.02627562543503699
trf_mirror_tilt_y = 0.16227562743465684
d_col_grm = -0.004800824129947915
grism_dec_x = 236.42322940748832
grism_dec_y = 0.03818179921120921
grm_tilt_x = -0.014050406619583334
grm_tilt_y = 2.3052764073873067
grm_G = 222.8239973201303
grm_apex = 17.790993743764727
d_grm_cam  = 21.60982053342728
cam_dec_x = -0.30952483062078145
cam_dec_y = 0.24723893997756316
cam_tilt_x = -0.0110229597199493
cam_tilt_y = 0.0038018307175702315
d_cam_ff  = -160.05791530663313
ccd_ff_dec_x = -0.002601708434652482
ccd_ff_dec_y = 0.05303644665349782
ccd_ff_tilt_x = 0.019471943712533628
ccd_ff_tilt_y = -0.5728080403827822
ccd_ff_tilt_z = 0.18005038709401397
d_ff_ccd  = -4.8389519817909505
ccd_dec_x = 0.6214018089887277
ccd_dec_y = 5.1571465021361
ccd_defocus = 0.280781410083663
ccd_tilt_x = 0.005048257186636751
ccd_tilt_y = -0.010891568050096844
ccd_tilt_z = 5.052106436378449e-06
p = 0.0001