slit_dec_x_a = -0.1704010755187174
slit_dec_y_a = -0.1956586180351446
slit_dec_x_b = 0.175
slit_dec_y_b = -1.7016635578106788e-96
slit_defocus = 0.021301970543115306
slit_tilt_x = 1.1140109196007848
slit_tilt_y = -8.538404581877954
slit_tilt_z = -8.991643046537098
d_slit_col = 1594.3099042413594
coll_tilt_x = 0.11319208553476313
coll_tilt_y = -0.028856304419347445
ech_G = 31.613227306232346
ech_blaze = -74.97482702628444
ech_gamma = 1.1389796151894118
echelle_z = 0.0747738861009534
d_col_trf = -1588.0172255389357
trf_mirror_tilt_x = 0.026232344719311712
trf_mirror_tilt_y = 0.1622189440984412
d_col_grm = -0.0048905671409365725
grism_dec_x = 236.42332820906685
grism_dec_y = 0.038174764454307376
grm_tilt_x = -0.014052191747546306
grm_tilt_y = 2.305280339374486
grm_G = 222.82400258958924
grm_apex = 17.791019893952857
d_grm_cam  = 21.609811643069893
cam_dec_x = -0.3095264553559804
cam_dec_y = 0.2472484034932091
cam_tilt_x = -0.011073799614935325
cam_tilt_y = 0.003735231069329961
d_cam_ff  = -160.05723079737297
ccd_ff_dec_x = -0.0025970764518704666
ccd_ff_dec_y = 0.053005356241168436
ccd_ff_tilt_x = 0.019513734766666877
ccd_ff_tilt_y = -0.5728051680344254
ccd_ff_tilt_z = 0.18005128358944109
d_ff_ccd  = -4.83897889827858
ccd_dec_x = 0.6214061141927085
ccd_dec_y = 5.157154298248513
ccd_defocus = 0.28073974538798824
ccd_tilt_x = 0.005029306828906572
ccd_tilt_y = -0.010915085333123027
ccd_tilt_z = 5.060997753637193e-06
p = 0.0001