slit_dec_x_a = -0.181778666534
slit_dec_y_a = -0.18243150017
slit_dec_x_b = 0.14512077562974193
slit_dec_y_b = -0.05510809031835813
slit_defocus = -0.013774610768786102
slit_tilt_x = 1.0541139245376492
slit_tilt_y = -8.559910861837524
slit_tilt_z = -9.026930224392206
d_slit_col = 1594.2903218635506
coll_tilt_x = 0.1214272229851637
coll_tilt_y = -0.026466582066100988
ech_G = 31.61456356697454
ech_blaze = -74.99488741662314
ech_gamma = 1.1556445152723027
echelle_z = 0.05700486605150072
d_col_trf = -1588.0163707235813
trf_mirror_tilt_x = 0.007288894211262777
trf_mirror_tilt_y = 0.1554660464852411
d_col_grm = 0.035668427240563065
grism_dec_x = 236.38320309190254
grism_dec_y = 0.009261208927379302
grm_tilt_x = -0.023510456303108426
grm_tilt_y = 2.3257821083657864
grm_G = 222.78407028860977
grm_apex = 17.76655498168963
d_grm_cam  = 21.604704956679303
cam_dec_x = -0.2711983148292276
cam_dec_y = 0.2908506063455414
cam_tilt_x = 0.012363585530475176
cam_tilt_y = 0.008836538569378953
d_cam_ff  = -160.07724183309634
ccd_ff_dec_x = -0.02380641420018455
ccd_ff_dec_y = 0.04198856617827119
ccd_ff_tilt_x = 0.03349755538232391
ccd_ff_tilt_y = -0.5909820867431947
ccd_ff_tilt_z = 0.17191327846351864
d_ff_ccd  = -4.815990180909963
ccd_dec_x = 0.5533008665394351
ccd_dec_y = 5.107632495812265
ccd_defocus = 0.2857609166396809
ccd_tilt_x = 0.03260673050665412
ccd_tilt_y = -0.0021296232027452453
ccd_tilt_z = 4.682769922590158e-06
p = 0.0001