slit_dec_x_a = -0.181778666534
slit_dec_y_a = -0.18243150017
slit_dec_x_b = 0.14512077562974193
slit_dec_y_b = -0.05510809031835813
slit_defocus = -0.01379321024155971
slit_tilt_x = 1.054120736915958
slit_tilt_y = -8.559966583348373
slit_tilt_z = -9.026825316870404
d_slit_col = 1594.2903132503636
coll_tilt_x = 0.12148641717151575
coll_tilt_y = -0.02649879983036949
ech_G = 31.61456536756249
ech_blaze = -74.99489008390844
ech_gamma = 1.1556381995688272
echelle_z = 0.057006518595858376
d_col_trf = -1588.0163642116986
trf_mirror_tilt_x = 0.0072508360988736255
trf_mirror_tilt_y = 0.15544019402174936
d_col_grm = 0.03564596042710504
grism_dec_x = 236.38327012915428
grism_dec_y = 0.009286405246736221
grm_tilt_x = -0.023509603686754366
grm_tilt_y = 2.325785838404795
grm_G = 222.78406988811633
grm_apex = 17.766507707045005
d_grm_cam  = 21.60470149008357
cam_dec_x = -0.27113696819753447
cam_dec_y = 0.2908957000667105
cam_tilt_x = 0.012432850326128016
cam_tilt_y = 0.008817988547429188
d_cam_ff  = -160.07713728710212
ccd_ff_dec_x = -0.023809752805187438
ccd_ff_dec_y = 0.04210042470996707
ccd_ff_tilt_x = 0.03344935599410849
ccd_ff_tilt_y = -0.5909773723297468
ccd_ff_tilt_z = 0.17191976123575675
d_ff_ccd  = -4.815968525128014
ccd_dec_x = 0.55329936121283
ccd_dec_y = 5.107630544219322
ccd_defocus = 0.2858145642391673
ccd_tilt_x = 0.032583585597005686
ccd_tilt_y = -0.002175664180673875
ccd_tilt_z = 4.679195124550999e-06
p = 0.0001