slit_dec_x_a = -0.1704010755187174
slit_dec_y_a = -0.1956586180351446
slit_dec_x_b = 0.175
slit_dec_y_b = -1.8768499968659006e-96
slit_defocus = 0.021395783580890847
slit_tilt_x = 1.1141299081576086
slit_tilt_y = -8.5384629208604
slit_tilt_z = -8.991664370849543
d_slit_col = 1594.3099718776339
coll_tilt_x = 0.113187018483088
coll_tilt_y = -0.028872815030918465
ech_G = 31.61323243875698
ech_blaze = -74.97482720102671
ech_gamma = 1.138972495238916
echelle_z = 0.07476294579740522
d_col_trf = -1588.0172323123797
trf_mirror_tilt_x = 0.02634328003498128
trf_mirror_tilt_y = 0.16224532880617593
d_col_grm = -0.004756207744170981
grism_dec_x = 236.42322509456696
grism_dec_y = 0.038246943084494514
grm_tilt_x = -0.014050665549581037
grm_tilt_y = 2.30527540189996
grm_G = 222.8240007668556
grm_apex = 17.791017029334643
d_grm_cam  = 21.60982017868767
cam_dec_x = -0.3095782130122345
cam_dec_y = 0.24718996632397178
cam_tilt_x = -0.011047528447311526
cam_tilt_y = 0.003801493667641299
d_cam_ff  = -160.05761562767165
ccd_ff_dec_x = -0.0025969270244371734
ccd_ff_dec_y = 0.05303932010959331
ccd_ff_tilt_x = 0.019517457582498607
ccd_ff_tilt_y = -0.5728039976788878
ccd_ff_tilt_z = 0.18005475103854737
d_ff_ccd  = -4.838901974166889
ccd_dec_x = 0.6214009403055054
ccd_dec_y = 5.157145894552823
ccd_defocus = 0.2807162595451427
ccd_tilt_x = 0.004987038769576924
ccd_tilt_y = -0.010867143566121446
ccd_tilt_z = 5.0771150691251055e-06
p = 0.0001