slit_dec_x_a = -0.1704010755187174
slit_dec_y_a = -0.1956586180351446
slit_dec_x_b = 0.175
slit_dec_y_b = -1.8579436513043083e-96
slit_defocus = 0.02143451771509643
slit_tilt_x = 1.1140021888053453
slit_tilt_y = -8.538433162017746
slit_tilt_z = -8.991609668280699
d_slit_col = 1594.309935720829
coll_tilt_x = 0.11315982535365686
coll_tilt_y = -0.028887709005802807
ech_G = 31.6132305593907
ech_blaze = -74.97482970999668
ech_gamma = 1.1389753041765558
echelle_z = 0.07477150171534824
d_col_trf = -1588.017235215276
trf_mirror_tilt_x = 0.026319356196302875
trf_mirror_tilt_y = 0.162206935123577
d_col_grm = -0.004812282819883196
grism_dec_x = 236.42328475161122
grism_dec_y = 0.03821956299092144
grm_tilt_x = -0.014063453554294825
grm_tilt_y = 2.305276094951735
grm_G = 222.82400104795985
grm_apex = 17.791033070847785
d_grm_cam  = 21.60981683745645
cam_dec_x = -0.3095561159320866
cam_dec_y = 0.24728522138329379
cam_tilt_x = -0.011053842813213002
cam_tilt_y = 0.0037492870888887852
d_cam_ff  = -160.0577700910206
ccd_ff_dec_x = -0.0026007664569137764
ccd_ff_dec_y = 0.053057196251847315
ccd_ff_tilt_x = 0.01955119384038848
ccd_ff_tilt_y = -0.572807805991585
ccd_ff_tilt_z = 0.18005236813168313
d_ff_ccd  = -4.838897349179252
ccd_dec_x = 0.6214008671790917
ccd_dec_y = 5.157144394193764
ccd_defocus = 0.28076373995508785
ccd_tilt_x = 0.00505532404490236
ccd_tilt_y = -0.01092618219211511
ccd_tilt_z = 5.114693167801709e-06
p = 0.0001