slit_dec_x_a = -0.1704010755187174
slit_dec_y_a = -0.1956586180351446
slit_dec_x_b = 0.175
slit_dec_y_b = -1.826215955083112e-96
slit_defocus = 0.02135527697336086
slit_tilt_x = 1.1139706186444098
slit_tilt_y = -8.538495601916113
slit_tilt_z = -8.991612462365001
d_slit_col = 1594.309968201056
coll_tilt_x = 0.11318902900885755
coll_tilt_y = -0.028854243933096997
ech_G = 31.613230136103574
ech_blaze = -74.97482505234859
ech_gamma = 1.1389774348064992
echelle_z = 0.07477784523559185
d_col_trf = -1588.0172252302207
trf_mirror_tilt_x = 0.026265346091402474
trf_mirror_tilt_y = 0.16220001732603453
d_col_grm = -0.0048034541971085035
grism_dec_x = 236.42328623310775
grism_dec_y = 0.038222092158501475
grm_tilt_x = -0.0140598521105621
grm_tilt_y = 2.305280299592493
grm_G = 222.8240030997558
grm_apex = 17.791079468060065
d_grm_cam  = 21.609814528475848
cam_dec_x = -0.3095445154502711
cam_dec_y = 0.24731267757701292
cam_tilt_x = -0.011036872102493843
cam_tilt_y = 0.003796173456837863
d_cam_ff  = -160.05760624628806
ccd_ff_dec_x = -0.002593648496390662
ccd_ff_dec_y = 0.05302415332932938
ccd_ff_tilt_x = 0.019542385357428454
ccd_ff_tilt_y = -0.5728033959682055
ccd_ff_tilt_z = 0.1800545789829811
d_ff_ccd  = -4.838903600179226
ccd_dec_x = 0.6214079175417955
ccd_dec_y = 5.1571524060917975
ccd_defocus = 0.280796514558615
ccd_tilt_x = 0.005019250348887161
ccd_tilt_y = -0.01088720550921358
ccd_tilt_z = 5.062175196669527e-06
p = 0.0001