slit_dec_x_a = -0.1704010755187174
slit_dec_y_a = -0.1956586180351446
slit_dec_x_b = 0.175
slit_dec_y_b = -1.914481465735395e-96
slit_defocus = 0.021392370151856487
slit_tilt_x = 1.1139098201640605
slit_tilt_y = -8.538450083267922
slit_tilt_z = -8.99165025538488
d_slit_col = 1594.3099574200119
coll_tilt_x = 0.11318660176737694
coll_tilt_y = -0.028909227202364447
ech_G = 31.613228158313262
ech_blaze = -74.97482601302414
ech_gamma = 1.1389808253655882
echelle_z = 0.07477242623762281
d_col_trf = -1588.0172311622675
trf_mirror_tilt_x = 0.02636232726063324
trf_mirror_tilt_y = 0.16214355876734626
d_col_grm = -0.0048755471357867265
grism_dec_x = 236.42332432964164
grism_dec_y = 0.03818960963668144
grm_tilt_x = -0.014051586066370473
grm_tilt_y = 2.305276847672685
grm_G = 222.82400905825068
grm_apex = 17.791049412289386
d_grm_cam  = 21.609819755892794
cam_dec_x = -0.3095163482827671
cam_dec_y = 0.24722490975843744
cam_tilt_x = -0.011055742151249534
cam_tilt_y = 0.0037552018600675477
d_cam_ff  = -160.05760261820066
ccd_ff_dec_x = -0.002597427950832797
ccd_ff_dec_y = 0.05305633143200365
ccd_ff_tilt_x = 0.01948519241676493
ccd_ff_tilt_y = -0.5728001219696949
ccd_ff_tilt_z = 0.18005992882216687
d_ff_ccd  = -4.8388939580937835
ccd_dec_x = 0.6214006251151722
ccd_dec_y = 5.157144569461486
ccd_defocus = 0.28069123652426503
ccd_tilt_x = 0.0050875168889637805
ccd_tilt_y = -0.010909286261131423
ccd_tilt_z = 5.058135703308769e-06
p = 0.0001