slit_dec_x_a = -0.181778666534
slit_dec_y_a = -0.18243150017
slit_dec_x_b = 0.14512077562974193
slit_dec_y_b = -0.05510809031835813
slit_defocus = -0.01378743050873478
slit_tilt_x = 1.054056716870898
slit_tilt_y = -8.559940747872309
slit_tilt_z = -9.026881537305648
d_slit_col = 1594.2902853112107
coll_tilt_x = 0.12145047460348941
coll_tilt_y = -0.026486426998038694
ech_G = 31.61456363799345
ech_blaze = -74.99488244085873
ech_gamma = 1.1556399535770263
echelle_z = 0.05700035929962659
d_col_trf = -1588.0163663491674
trf_mirror_tilt_x = 0.007339401677304569
trf_mirror_tilt_y = 0.15541788818883542
d_col_grm = 0.03567041421305809
grism_dec_x = 236.38319351890246
grism_dec_y = 0.009184968045598197
grm_tilt_x = -0.02350932523052648
grm_tilt_y = 2.3257841386443516
grm_G = 222.78407339766494
grm_apex = 17.766529165393916
d_grm_cam  = 21.60469650494575
cam_dec_x = -0.27111060387989
cam_dec_y = 0.2908398876439475
cam_tilt_x = 0.012441631066811091
cam_tilt_y = 0.008808974659505241
d_cam_ff  = -160.07701434553078
ccd_ff_dec_x = -0.023799752844806555
ccd_ff_dec_y = 0.04204805318327302
ccd_ff_tilt_x = 0.03349808977555071
ccd_ff_tilt_y = -0.5909752077318408
ccd_ff_tilt_z = 0.1719201223005853
d_ff_ccd  = -4.815961000429956
ccd_dec_x = 0.5532910540736912
ccd_dec_y = 5.107626560278417
ccd_defocus = 0.2856835058902748
ccd_tilt_x = 0.03259153255585432
ccd_tilt_y = -0.002150219919081766
ccd_tilt_z = 4.712431530301181e-06
p = 0.0001