slit_dec_x_a = -0.1704010755187174
slit_dec_y_a = -0.1956586180351446
slit_dec_x_b = 0.175
slit_dec_y_b = -1.7965798717013314e-96
slit_defocus = 0.02135411680087126
slit_tilt_x = 1.1140015960063154
slit_tilt_y = -8.538555286741806
slit_tilt_z = -8.991604683363649
d_slit_col = 1594.3099746849123
coll_tilt_x = 0.11324246408135143
coll_tilt_y = -0.028911997066008624
ech_G = 31.613235433433086
ech_blaze = -74.97482611367555
ech_gamma = 1.1389764582933333
echelle_z = 0.07476558144778901
d_col_trf = -1588.017231759839
trf_mirror_tilt_x = 0.0262603672563327
trf_mirror_tilt_y = 0.16218686225091022
d_col_grm = -0.0048010068921951424
grism_dec_x = 236.4232695497208
grism_dec_y = 0.03819118710180674
grm_tilt_x = -0.014060439232593624
grm_tilt_y = 2.3052779270983152
grm_G = 222.82400748447174
grm_apex = 17.791095273692363
d_grm_cam  = 21.609814937134683
cam_dec_x = -0.30943528598560005
cam_dec_y = 0.24735200418589914
cam_tilt_x = -0.011045646659056064
cam_tilt_y = 0.0038014815019285263
d_cam_ff  = -160.05749323174408
ccd_ff_dec_x = -0.0025978415327436327
ccd_ff_dec_y = 0.05306266629959706
ccd_ff_tilt_x = 0.019563529258141546
ccd_ff_tilt_y = -0.5728008091080362
ccd_ff_tilt_z = 0.1800546361988442
d_ff_ccd  = -4.83899078762451
ccd_dec_x = 0.6214039699268273
ccd_dec_y = 5.157153329246962
ccd_defocus = 0.2807847765365681
ccd_tilt_x = 0.0050733276863415356
ccd_tilt_y = -0.010967818170501166
ccd_tilt_z = 5.066210056873864e-06
p = 0.0001