slit_dec_x_a = -0.1704010755187174
slit_dec_y_a = -0.1956586180351446
slit_dec_x_b = 0.175
slit_dec_y_b = -1.8696846612858593e-96
slit_defocus = 0.021373953472701303
slit_tilt_x = 1.114017679728329
slit_tilt_y = -8.538375703184386
slit_tilt_z = -8.991665953213378
d_slit_col = 1594.3099990198573
coll_tilt_x = 0.11317971386542545
coll_tilt_y = -0.02890991168511341
ech_G = 31.613228285919437
ech_blaze = -74.97483308875408
ech_gamma = 1.138973036480693
echelle_z = 0.07476596542439946
d_col_trf = -1588.0172312539335
trf_mirror_tilt_x = 0.026304867747045296
trf_mirror_tilt_y = 0.1622317789366294
d_col_grm = -0.00486701804210252
grism_dec_x = 236.42334734560228
grism_dec_y = 0.0381743836914706
grm_tilt_x = -0.014046986363022337
grm_tilt_y = 2.305271131051958
grm_G = 222.82400800176814
grm_apex = 17.791061480299582
d_grm_cam  = 21.60982069248086
cam_dec_x = -0.30953308355728965
cam_dec_y = 0.24725046366220188
cam_tilt_x = -0.011011623511590763
cam_tilt_y = 0.0038417568367933143
d_cam_ff  = -160.0573519517365
ccd_ff_dec_x = -0.0025946975187373135
ccd_ff_dec_y = 0.05311384646913397
ccd_ff_tilt_x = 0.019532656663395615
ccd_ff_tilt_y = -0.572803503024551
ccd_ff_tilt_z = 0.18004997819141802
d_ff_ccd  = -4.838971308651104
ccd_dec_x = 0.6214041802925131
ccd_dec_y = 5.157148139530696
ccd_defocus = 0.2807864681826352
ccd_tilt_x = 0.005080369826050847
ccd_tilt_y = -0.010842895102304989
ccd_tilt_z = 5.072678705570163e-06
p = 0.0001