slit_dec_x_a = -0.181778666534
slit_dec_y_a = -0.18243150017
slit_dec_x_b = 0.14512077562974193
slit_dec_y_b = -0.05510809031835813
slit_defocus = -0.013839115459560063
slit_tilt_x = 1.05406814081569
slit_tilt_y = -8.559978448849723
slit_tilt_z = -9.026904205786684
d_slit_col = 1594.290294209733
coll_tilt_x = 0.12140611547137155
coll_tilt_y = -0.026488910047442978
ech_G = 31.614558116787002
ech_blaze = -74.99488942679938
ech_gamma = 1.155641882790144
echelle_z = 0.057000637295265
d_col_trf = -1588.016368349664
trf_mirror_tilt_x = 0.007226854002020207
trf_mirror_tilt_y = 0.15540487826922664
d_col_grm = 0.03565386702124644
grism_dec_x = 236.3832057873217
grism_dec_y = 0.009247195300893617
grm_tilt_x = -0.02350844323744967
grm_tilt_y = 2.325791946158428
grm_G = 222.7840643946355
grm_apex = 17.766484126680446
d_grm_cam  = 21.60469895757702
cam_dec_x = -0.27105085731372686
cam_dec_y = 0.29088553773612275
cam_tilt_x = 0.012479154169172906
cam_tilt_y = 0.008843135108010795
d_cam_ff  = -160.07718915646808
ccd_ff_dec_x = -0.02380171180149432
ccd_ff_dec_y = 0.04204843023507947
ccd_ff_tilt_x = 0.03351123316655321
ccd_ff_tilt_y = -0.5909808437173171
ccd_ff_tilt_z = 0.17192126382929776
d_ff_ccd  = -4.815972443594718
ccd_dec_x = 0.5532946227863422
ccd_dec_y = 5.107625952432606
ccd_defocus = 0.2857383194846617
ccd_tilt_x = 0.03256998788810419
ccd_tilt_y = -0.002206161279921074
ccd_tilt_z = 4.715025395389897e-06
p = 0.0001