slit_dec_x_a = -0.181778666534
slit_dec_y_a = -0.18243150017
slit_dec_x_b = 0.14512077562974193
slit_dec_y_b = -0.05510809031835813
slit_defocus = -0.013846039625246373
slit_tilt_x = 1.0540946185258209
slit_tilt_y = -8.559956859911217
slit_tilt_z = -9.02685290283542
d_slit_col = 1594.2902565773716
coll_tilt_x = 0.12140324450754054
coll_tilt_y = -0.026504806332621676
ech_G = 31.614562706983506
ech_blaze = -74.99489032763586
ech_gamma = 1.155641006113665
echelle_z = 0.05700022667354533
d_col_trf = -1588.0163682127543
trf_mirror_tilt_x = 0.007212264478291332
trf_mirror_tilt_y = 0.1554533604698975
d_col_grm = 0.03568841387641623
grism_dec_x = 236.38319033237707
grism_dec_y = 0.00923685262693569
grm_tilt_x = -0.02350911743436402
grm_tilt_y = 2.325792875645248
grm_G = 222.78407253465656
grm_apex = 17.76652860296158
d_grm_cam  = 21.604699699154203
cam_dec_x = -0.27113764044407657
cam_dec_y = 0.2908557100017995
cam_tilt_x = 0.012478119374763381
cam_tilt_y = 0.008778465980204323
d_cam_ff  = -160.0771750509887
ccd_ff_dec_x = -0.023809525420684322
ccd_ff_dec_y = 0.042125137446323346
ccd_ff_tilt_x = 0.03345940376869838
ccd_ff_tilt_y = -0.5909815480457088
ccd_ff_tilt_z = 0.17191273438944166
d_ff_ccd  = -4.815949446623084
ccd_dec_x = 0.5533001693854953
ccd_dec_y = 5.107633713030337
ccd_defocus = 0.28586838980842616
ccd_tilt_x = 0.032639102184281746
ccd_tilt_y = -0.002141878659527737
ccd_tilt_z = 4.700704145900695e-06
p = 0.0001