slit_dec_x_a = -0.181778666534
slit_dec_y_a = -0.18243150017
slit_dec_x_b = 0.14512077562974193
slit_dec_y_b = -0.05510809031835813
slit_defocus = -0.013805245996126592
slit_tilt_x = 1.0540713098993093
slit_tilt_y = -8.559966873475702
slit_tilt_z = -9.026875622758118
d_slit_col = 1594.2902677380948
coll_tilt_x = 0.12145548561129911
coll_tilt_y = -0.02652299972089371
ech_G = 31.614562366519557
ech_blaze = -74.9948918881351
ech_gamma = 1.1556384635768857
echelle_z = 0.05700056979055284
d_col_trf = -1588.0163646847352
trf_mirror_tilt_x = 0.007294602810205227
trf_mirror_tilt_y = 0.1554377085330066
d_col_grm = 0.0356453454774379
grism_dec_x = 236.3832343826274
grism_dec_y = 0.00920211978773252
grm_tilt_x = -0.02351091103763292
grm_tilt_y = 2.325785878691763
grm_G = 222.78406858655012
grm_apex = 17.7665698005333
d_grm_cam  = 21.60469903617165
cam_dec_x = -0.27108201934722587
cam_dec_y = 0.2908752699967174
cam_tilt_x = 0.012477805355171767
cam_tilt_y = 0.008802826643829618
d_cam_ff  = -160.07702051445747
ccd_ff_dec_x = -0.023802024976168432
ccd_ff_dec_y = 0.0421137798881921
ccd_ff_tilt_x = 0.033501140676001025
ccd_ff_tilt_y = -0.5909852857839109
ccd_ff_tilt_z = 0.17191979500947407
d_ff_ccd  = -4.816000866760377
ccd_dec_x = 0.553298880082848
ccd_dec_y = 5.107631464713703
ccd_defocus = 0.2857498154978013
ccd_tilt_x = 0.03261928919320149
ccd_tilt_y = -0.0021784085451891115
ccd_tilt_z = 4.698143965583521e-06
p = 0.0001