slit_dec_x_a = -0.1704010755187174
slit_dec_y_a = -0.1956586180351446
slit_dec_x_b = 0.175
slit_dec_y_b = -1.8270508361864735e-96
slit_defocus = 0.021387425558677228
slit_tilt_x = 1.1139856627235865
slit_tilt_y = -8.538441986357409
slit_tilt_z = -8.99162281650425
d_slit_col = 1594.3099433283217
coll_tilt_x = 0.11312738079204268
coll_tilt_y = -0.028962040190959958
ech_G = 31.61323218827436
ech_blaze = -74.97483794969654
ech_gamma = 1.1389738918467809
echelle_z = 0.07476797575868531
d_col_trf = -1588.017236338337
trf_mirror_tilt_x = 0.026233139047370332
trf_mirror_tilt_y = 0.16220759346588814
d_col_grm = -0.004827672722355461
grism_dec_x = 236.42324227715395
grism_dec_y = 0.03818668967658662
grm_tilt_x = -0.01405803364342152
grm_tilt_y = 2.3052750234662946
grm_G = 222.82400000417374
grm_apex = 17.790949978498485
d_grm_cam  = 21.60981672903295
cam_dec_x = -0.30947318315356914
cam_dec_y = 0.24729387152555454
cam_tilt_x = -0.011094526887235695
cam_tilt_y = 0.0037691691968292163
d_cam_ff  = -160.05731277107336
ccd_ff_dec_x = -0.0026042479083578083
ccd_ff_dec_y = 0.05311335551324661
ccd_ff_tilt_x = 0.019532586194971426
ccd_ff_tilt_y = -0.5728042184897659
ccd_ff_tilt_z = 0.18004830073962844
d_ff_ccd  = -4.838915147838941
ccd_dec_x = 0.6214009852606407
ccd_dec_y = 5.157149789168379
ccd_defocus = 0.2807330441831249
ccd_tilt_x = 0.0049972269323399435
ccd_tilt_y = -0.010972471932709622
ccd_tilt_z = 5.089061280316642e-06
p = 0.0001