slit_dec_x_a = -0.181778666534
slit_dec_y_a = -0.18243150017
slit_dec_x_b = 0.14512077562974193
slit_dec_y_b = -0.05510809031835813
slit_defocus = -0.013782655953432959
slit_tilt_x = 1.0540751176177912
slit_tilt_y = -8.559935281608634
slit_tilt_z = -9.026899725871402
d_slit_col = 1594.2902390677448
coll_tilt_x = 0.1214459359378274
coll_tilt_y = -0.026496259674102636
ech_G = 31.614567345414926
ech_blaze = -74.99488445545923
ech_gamma = 1.1556351749012232
echelle_z = 0.05700606133296072
d_col_trf = -1588.0163669423373
trf_mirror_tilt_x = 0.00732152276805729
trf_mirror_tilt_y = 0.15547154958744397
d_col_grm = 0.035715140320131726
grism_dec_x = 236.38321762582723
grism_dec_y = 0.00927879671235557
grm_tilt_x = -0.023504127859704873
grm_tilt_y = 2.325786501143936
grm_G = 222.78406521672989
grm_apex = 17.76651461870787
d_grm_cam  = 21.604699338475346
cam_dec_x = -0.2710946624219625
cam_dec_y = 0.2908722437769618
cam_tilt_x = 0.012489689482895023
cam_tilt_y = 0.008841598632571196
d_cam_ff  = -160.07717317025862
ccd_ff_dec_x = -0.02380165382186742
ccd_ff_dec_y = 0.04210553371989047
ccd_ff_tilt_x = 0.033413334616476366
ccd_ff_tilt_y = -0.5909871102009268
ccd_ff_tilt_z = 0.17192177562367164
d_ff_ccd  = -4.816002544075965
ccd_dec_x = 0.5532963065549003
ccd_dec_y = 5.107637911024943
ccd_defocus = 0.28577779182009616
ccd_tilt_x = 0.032614879750582595
ccd_tilt_y = -0.002088973270004429
ccd_tilt_z = 4.740569182684307e-06
p = 0.0001