slit_dec_x_a = -0.1704010755187174
slit_dec_y_a = -0.1956586180351446
slit_dec_x_b = 0.175
slit_dec_y_b = -1.8092343878761813e-96
slit_defocus = 0.0213253903889003
slit_tilt_x = 1.1140022782594294
slit_tilt_y = -8.538421162914128
slit_tilt_z = -8.991653639597239
d_slit_col = 1594.3099327787982
coll_tilt_x = 0.11315349111642264
coll_tilt_y = -0.028914456498750827
ech_G = 31.61322647090564
ech_blaze = -74.97482136324787
ech_gamma = 1.1389749976869097
echelle_z = 0.07477350831510382
d_col_trf = -1588.0172375801865
trf_mirror_tilt_x = 0.02630524298380876
trf_mirror_tilt_y = 0.16223812371259055
d_col_grm = -0.004837833373431142
grism_dec_x = 236.42323071253404
grism_dec_y = 0.03817501158425118
grm_tilt_x = -0.014052497531071769
grm_tilt_y = 2.305278696134308
grm_G = 222.82400179359968
grm_apex = 17.790989823092623
d_grm_cam  = 21.609816439144392
cam_dec_x = -0.3094943093549991
cam_dec_y = 0.2473201378201572
cam_tilt_x = -0.011049214975240222
cam_tilt_y = 0.003778222134392761
d_cam_ff  = -160.0572713309097
ccd_ff_dec_x = -0.0026017206005233113
ccd_ff_dec_y = 0.05305308995405344
ccd_ff_tilt_x = 0.01947301443570156
ccd_ff_tilt_y = -0.5728072192923712
ccd_ff_tilt_z = 0.180051267589896
d_ff_ccd  = -4.838942407499467
ccd_dec_x = 0.621416272475233
ccd_dec_y = 5.157149472622291
ccd_defocus = 0.28079398307146397
ccd_tilt_x = 0.004999541444095549
ccd_tilt_y = -0.010965371949232066
ccd_tilt_z = 5.054176394140065e-06
p = 0.0001