slit_dec_x_a = -0.181778666534
slit_dec_y_a = -0.18243150017
slit_dec_x_b = 0.14512077562974193
slit_dec_y_b = -0.05510809031835813
slit_defocus = -0.013771330161003938
slit_tilt_x = 1.0540685607501556
slit_tilt_y = -8.559982684052795
slit_tilt_z = -9.026863883405335
d_slit_col = 1594.2902625910276
coll_tilt_x = 0.12142797130632815
coll_tilt_y = -0.02645703994579742
ech_G = 31.61456743465511
ech_blaze = -74.99488828711011
ech_gamma = 1.155641596918607
echelle_z = 0.05699944018817706
d_col_trf = -1588.0163637951428
trf_mirror_tilt_x = 0.007265241044625711
trf_mirror_tilt_y = 0.15537769362259002
d_col_grm = 0.035710755820384445
grism_dec_x = 236.38322913824527
grism_dec_y = 0.009284519953469463
grm_tilt_x = -0.02350486141696158
grm_tilt_y = 2.325788707189374
grm_G = 222.78406561706018
grm_apex = 17.766594019374786
d_grm_cam  = 21.604698007194305
cam_dec_x = -0.2711351472257562
cam_dec_y = 0.2908318620271144
cam_tilt_x = 0.01233965133384103
cam_tilt_y = 0.008828223884984455
d_cam_ff  = -160.07671394637944
ccd_ff_dec_x = -0.023803881416549155
ccd_ff_dec_y = 0.04202961572799098
ccd_ff_tilt_x = 0.03345674968896346
ccd_ff_tilt_y = -0.5909819114957031
ccd_ff_tilt_z = 0.17192328606076987
d_ff_ccd  = -4.8160336381314846
ccd_dec_x = 0.5532922603832742
ccd_dec_y = 5.107624896303287
ccd_defocus = 0.28577151710016924
ccd_tilt_x = 0.032563179854882676
ccd_tilt_y = -0.0021755315260734522
ccd_tilt_z = 4.698008167814613e-06
p = 0.0001