slit_dec_x_a = -0.1704010755187174
slit_dec_y_a = -0.1956586180351446
slit_dec_x_b = 0.175
slit_dec_y_b = -1.8170668631987154e-96
slit_defocus = 0.021384682927799326
slit_tilt_x = 1.1139873532828266
slit_tilt_y = -8.538424114094832
slit_tilt_z = -8.991580119007331
d_slit_col = 1594.3099857443924
coll_tilt_x = 0.11312711870452942
coll_tilt_y = -0.028950785020164
ech_G = 31.613226131832754
ech_blaze = -74.97484078603492
ech_gamma = 1.1389720364803881
echelle_z = 0.07477182813504032
d_col_trf = -1588.0172314639158
trf_mirror_tilt_x = 0.026264619767050607
trf_mirror_tilt_y = 0.1622212093489647
d_col_grm = -0.00479306067977063
grism_dec_x = 236.4233681876182
grism_dec_y = 0.03824010868867749
grm_tilt_x = -0.014052330390536992
grm_tilt_y = 2.305274777859141
grm_G = 222.82400829160056
grm_apex = 17.79103970326734
d_grm_cam  = 21.60981644218341
cam_dec_x = -0.3096239405709729
cam_dec_y = 0.24732378302204835
cam_tilt_x = -0.011032561043737177
cam_tilt_y = 0.003787382876293556
d_cam_ff  = -160.05761409912407
ccd_ff_dec_x = -0.002595531747878229
ccd_ff_dec_y = 0.05298548757541016
ccd_ff_tilt_x = 0.019576283640671502
ccd_ff_tilt_y = -0.5728014160331236
ccd_ff_tilt_z = 0.18004969993027
d_ff_ccd  = -4.838930338431565
ccd_dec_x = 0.621406685251044
ccd_dec_y = 5.157148114790077
ccd_defocus = 0.28073367855003295
ccd_tilt_x = 0.004958068978622743
ccd_tilt_y = -0.010870552853412058
ccd_tilt_z = 5.071371658807978e-06
p = 0.0001