slit_dec_x_a = -0.1704010755187174
slit_dec_y_a = -0.1956586180351446
slit_dec_x_b = 0.175
slit_dec_y_b = -1.8543874839388913e-96
slit_defocus = 0.021393259637220968
slit_tilt_x = 1.114003525508421
slit_tilt_y = -8.538465132684935
slit_tilt_z = -8.99160497875577
d_slit_col = 1594.3100385507682
coll_tilt_x = 0.11320470176421883
coll_tilt_y = -0.028853538008647484
ech_G = 31.613227561857336
ech_blaze = -74.97483007703082
ech_gamma = 1.138985230329306
echelle_z = 0.0747670773113991
d_col_trf = -1588.0172292749496
trf_mirror_tilt_x = 0.026252492092430788
trf_mirror_tilt_y = 0.16215549566358498
d_col_grm = -0.004837307105342033
grism_dec_x = 236.42325244794625
grism_dec_y = 0.03818133652500428
grm_tilt_x = -0.014050487108760265
grm_tilt_y = 2.305280183727009
grm_G = 222.82401367620977
grm_apex = 17.790910253580478
d_grm_cam  = 21.609813037524596
cam_dec_x = -0.3095408515427475
cam_dec_y = 0.24732110634823795
cam_tilt_x = -0.011019018584593735
cam_tilt_y = 0.003803241969001608
d_cam_ff  = -160.05750464099
ccd_ff_dec_x = -0.002594687672540425
ccd_ff_dec_y = 0.05301248361589635
ccd_ff_tilt_x = 0.019550883566802613
ccd_ff_tilt_y = -0.5727958690816577
ccd_ff_tilt_z = 0.18004650553464016
d_ff_ccd  = -4.838921261026063
ccd_dec_x = 0.6214022910021895
ccd_dec_y = 5.157144176438725
ccd_defocus = 0.28067470903359676
ccd_tilt_x = 0.005051412465877673
ccd_tilt_y = -0.010939060616649007
ccd_tilt_z = 5.061281361702825e-06
p = 0.0001