slit_dec_x_a = -0.1704010755187174
slit_dec_y_a = -0.1956586180351446
slit_dec_x_b = 0.175
slit_dec_y_b = -1.790428271742725e-96
slit_defocus = 0.02135299073825506
slit_tilt_x = 1.1139787766980633
slit_tilt_y = -8.53845038616853
slit_tilt_z = -8.991611982446502
d_slit_col = 1594.3099068238512
coll_tilt_x = 0.11317294261318067
coll_tilt_y = -0.02891237578946309
ech_G = 31.613235953645585
ech_blaze = -74.97482915018988
ech_gamma = 1.1389671256596277
echelle_z = 0.07476333527060118
d_col_trf = -1588.0172336543262
trf_mirror_tilt_x = 0.02631179061661469
trf_mirror_tilt_y = 0.16224914883272118
d_col_grm = -0.004800552000882652
grism_dec_x = 236.42334827948628
grism_dec_y = 0.038195384849859904
grm_tilt_x = -0.014057125616524977
grm_tilt_y = 2.3052851802187475
grm_G = 222.82400450251447
grm_apex = 17.791034714398386
d_grm_cam  = 21.60981357011274
cam_dec_x = -0.3095052659017447
cam_dec_y = 0.2472714705067588
cam_tilt_x = -0.011077159146722679
cam_tilt_y = 0.003718991170776755
d_cam_ff  = -160.05732108560258
ccd_ff_dec_x = -0.002598442113975491
ccd_ff_dec_y = 0.05306985447337748
ccd_ff_tilt_x = 0.01944798421664367
ccd_ff_tilt_y = -0.57280201261479
ccd_ff_tilt_z = 0.18005243222671977
d_ff_ccd  = -4.838941258513955
ccd_dec_x = 0.6214053217389094
ccd_dec_y = 5.157146744436488
ccd_defocus = 0.2807099377047389
ccd_tilt_x = 0.004994622599345865
ccd_tilt_y = -0.010966067455144638
ccd_tilt_z = 5.0851788360275895e-06
p = 0.0001