slit_dec_x_a = -0.1704010755187174
slit_dec_y_a = -0.1956586180351446
slit_dec_x_b = 0.175
slit_dec_y_b = -1.780583986192177e-96
slit_defocus = 0.02133194808158283
slit_tilt_x = 1.1139874013011588
slit_tilt_y = -8.538435133426098
slit_tilt_z = -8.991663966683294
d_slit_col = 1594.3099486285457
coll_tilt_x = 0.11317351262176281
coll_tilt_y = -0.028950452289684358
ech_G = 31.613230764906785
ech_blaze = -74.97483179890533
ech_gamma = 1.138979161160816
echelle_z = 0.07476611914883932
d_col_trf = -1588.0172277394588
trf_mirror_tilt_x = 0.02627776114293159
trf_mirror_tilt_y = 0.1623083590630132
d_col_grm = -0.004821439042504667
grism_dec_x = 236.4232759812312
grism_dec_y = 0.038179521875648
grm_tilt_x = -0.014057186805020227
grm_tilt_y = 2.30527965882129
grm_G = 222.82400175870526
grm_apex = 17.791004525542437
d_grm_cam  = 21.609815608491154
cam_dec_x = -0.3095257256921684
cam_dec_y = 0.24736920204937873
cam_tilt_x = -0.011106585634121764
cam_tilt_y = 0.0037670821544992755
d_cam_ff  = -160.05752899076236
ccd_ff_dec_x = -0.0025996975021783967
ccd_ff_dec_y = 0.05316326354030953
ccd_ff_tilt_x = 0.019543745099718783
ccd_ff_tilt_y = -0.5728019645250872
ccd_ff_tilt_z = 0.18005176628450667
d_ff_ccd  = -4.838968540061034
ccd_dec_x = 0.6214002098393869
ccd_dec_y = 5.15715274411659
ccd_defocus = 0.2807255003288607
ccd_tilt_x = 0.004972960594423921
ccd_tilt_y = -0.010919485339033664
ccd_tilt_z = 5.149858734269523e-06
p = 0.0001