slit_dec_x_a = -0.181778666534
slit_dec_y_a = -0.18243150017
slit_dec_x_b = 0.14512077562974193
slit_dec_y_b = -0.05510809031835813
slit_defocus = -0.01372362019585902
slit_tilt_x = 1.0541322766861245
slit_tilt_y = -8.560029731325654
slit_tilt_z = -9.026861780640923
d_slit_col = 1594.2902754147149
coll_tilt_x = 0.12140851969688941
coll_tilt_y = -0.026435662623403876
ech_G = 31.61456559039276
ech_blaze = -74.99489124004896
ech_gamma = 1.1556382908596614
echelle_z = 0.05699986393302261
d_col_trf = -1588.0163534014073
trf_mirror_tilt_x = 0.007233922297752774
trf_mirror_tilt_y = 0.15546692090439823
d_col_grm = 0.035666910142786355
grism_dec_x = 236.3832775485873
grism_dec_y = 0.009251122057127161
grm_tilt_x = -0.023503194071821817
grm_tilt_y = 2.325787475857286
grm_G = 222.78407123732848
grm_apex = 17.766531045105022
d_grm_cam  = 21.604698586191287
cam_dec_x = -0.27114583616523513
cam_dec_y = 0.29086231452743005
cam_tilt_x = 0.01242004919402386
cam_tilt_y = 0.008794586083789626
d_cam_ff  = -160.07729847974642
ccd_ff_dec_x = -0.023803129819469047
ccd_ff_dec_y = 0.04207411525795865
ccd_ff_tilt_x = 0.03348648686939189
ccd_ff_tilt_y = -0.5909790558515736
ccd_ff_tilt_z = 0.17191879167112176
d_ff_ccd  = -4.81601149291978
ccd_dec_x = 0.5532999272080115
ccd_dec_y = 5.10762919640782
ccd_defocus = 0.2857912106529217
ccd_tilt_x = 0.032586125161317356
ccd_tilt_y = -0.0021366791767267004
ccd_tilt_z = 4.700211014028088e-06
p = 0.0001