slit_dec_x_a = -0.181778666534
slit_dec_y_a = -0.18243150017
slit_dec_x_b = 0.14512077562974193
slit_dec_y_b = -0.05510809031835813
slit_defocus = -0.013752195379305427
slit_tilt_x = 1.05413794007304
slit_tilt_y = -8.559939237083944
slit_tilt_z = -9.02692344623983
d_slit_col = 1594.2903046072495
coll_tilt_x = 0.12145454047413239
coll_tilt_y = -0.026460127407573135
ech_G = 31.614570870656678
ech_blaze = -74.99488747687894
ech_gamma = 1.1556414347117319
echelle_z = 0.05700141660153029
d_col_trf = -1588.016357763692
trf_mirror_tilt_x = 0.007303303958732864
trf_mirror_tilt_y = 0.15538069751398886
d_col_grm = 0.035726506341693796
grism_dec_x = 236.38321502689746
grism_dec_y = 0.009244707398175598
grm_tilt_x = -0.023505633271155613
grm_tilt_y = 2.3257923840348362
grm_G = 222.78406227304905
grm_apex = 17.7664930792877
d_grm_cam  = 21.604701106245678
cam_dec_x = -0.27113066823824533
cam_dec_y = 0.2909015306885211
cam_tilt_x = 0.012421844846638214
cam_tilt_y = 0.008794210169049835
d_cam_ff  = -160.07690843715613
ccd_ff_dec_x = -0.02380029751193964
ccd_ff_dec_y = 0.041985131189716265
ccd_ff_tilt_x = 0.033472038033932436
ccd_ff_tilt_y = -0.5909815298948553
ccd_ff_tilt_z = 0.1719150137264597
d_ff_ccd  = -4.8159909346631995
ccd_dec_x = 0.5533003404053266
ccd_dec_y = 5.1076261878332305
ccd_defocus = 0.2857738625121793
ccd_tilt_x = 0.03259690342837714
ccd_tilt_y = -0.002180142963090627
ccd_tilt_z = 4.70182376627516e-06
p = 0.0001