slit_dec_x_a = -0.181778666534
slit_dec_y_a = -0.18243150017
slit_dec_x_b = 0.14512077562974193
slit_dec_y_b = -0.05510809031835813
slit_defocus = -0.013733377264773928
slit_tilt_x = 1.05404826748016
slit_tilt_y = -8.55996552952949
slit_tilt_z = -9.02680876472573
d_slit_col = 1594.2903125816028
coll_tilt_x = 0.12141160401775415
coll_tilt_y = -0.02649554364491362
ech_G = 31.614565800873894
ech_blaze = -74.99489069645159
ech_gamma = 1.1556345621781503
echelle_z = 0.057008421169072454
d_col_trf = -1588.0163583963906
trf_mirror_tilt_x = 0.007289455378222673
trf_mirror_tilt_y = 0.15552172764700617
d_col_grm = 0.035703769522604255
grism_dec_x = 236.383269546318
grism_dec_y = 0.009222782016949605
grm_tilt_x = -0.023507883036891962
grm_tilt_y = 2.325783028755314
grm_G = 222.7840656762241
grm_apex = 17.766513675391547
d_grm_cam  = 21.604698820120937
cam_dec_x = -0.27111044108721805
cam_dec_y = 0.2909815673915611
cam_tilt_x = 0.012432846428439637
cam_tilt_y = 0.008843402103335212
d_cam_ff  = -160.07707840619847
ccd_ff_dec_x = -0.02380305282331595
ccd_ff_dec_y = 0.04208379479857808
ccd_ff_tilt_x = 0.03346280095701377
ccd_ff_tilt_y = -0.5909874640082365
ccd_ff_tilt_z = 0.17192373134804817
d_ff_ccd  = -4.815963197495779
ccd_dec_x = 0.553302962300534
ccd_dec_y = 5.107625342783839
ccd_defocus = 0.2856978903648653
ccd_tilt_x = 0.03261538450757273
ccd_tilt_y = -0.0022025257445482294
ccd_tilt_z = 4.669249401949069e-06
p = 0.0001