slit_dec_x_a = -0.1704010755187174
slit_dec_y_a = -0.1956586180351446
slit_dec_x_b = 0.175
slit_dec_y_b = -1.8259512340442773e-96
slit_defocus = 0.02137431233577689
slit_tilt_x = 1.1140153677036906
slit_tilt_y = -8.538465210443881
slit_tilt_z = -8.991651634020858
d_slit_col = 1594.3099646234793
coll_tilt_x = 0.11319236781291367
coll_tilt_y = -0.02892279777726845
ech_G = 31.613232096891153
ech_blaze = -74.97483038680423
ech_gamma = 1.1389783801580016
echelle_z = 0.07477020534474214
d_col_trf = -1588.0172299589633
trf_mirror_tilt_x = 0.02626338285017494
trf_mirror_tilt_y = 0.16227450294117152
d_col_grm = -0.00483880962141238
grism_dec_x = 236.42326543591372
grism_dec_y = 0.038186497010963674
grm_tilt_x = -0.014057088127822625
grm_tilt_y = 2.305276742896055
grm_G = 222.8240035699998
grm_apex = 17.791015471751454
d_grm_cam  = 21.609821403570653
cam_dec_x = -0.30949424036265133
cam_dec_y = 0.24728054283081394
cam_tilt_x = -0.011033779144724176
cam_tilt_y = 0.003776148922594407
d_cam_ff  = -160.05748843321464
ccd_ff_dec_x = -0.002603028065948717
ccd_ff_dec_y = 0.05306961532443674
ccd_ff_tilt_x = 0.01954838308204904
ccd_ff_tilt_y = -0.5728039563172301
ccd_ff_tilt_z = 0.18005339830185438
d_ff_ccd  = -4.838864531921908
ccd_dec_x = 0.6214130392267646
ccd_dec_y = 5.157151186625403
ccd_defocus = 0.2806857831803428
ccd_tilt_x = 0.004962076461864411
ccd_tilt_y = -0.010909202919007191
ccd_tilt_z = 5.098793420229317e-06
p = 0.0001