slit_dec_x_a = -0.181778666534
slit_dec_y_a = -0.18243150017
slit_dec_x_b = 0.14512077562974193
slit_dec_y_b = -0.05510809031835813
slit_defocus = -0.013771099487740001
slit_tilt_x = 1.0540243760973398
slit_tilt_y = -8.559960507588046
slit_tilt_z = -9.026925006989893
d_slit_col = 1594.2903237897924
coll_tilt_x = 0.12143197787372813
coll_tilt_y = -0.026561064742492025
ech_G = 31.61456501569238
ech_blaze = -74.99489385629725
ech_gamma = 1.1556425355784645
echelle_z = 0.05699866437081724
d_col_trf = -1588.0163693622117
trf_mirror_tilt_x = 0.007278318210544814
trf_mirror_tilt_y = 0.15546170317941832
d_col_grm = 0.035670945049549874
grism_dec_x = 236.38315978936384
grism_dec_y = 0.009223951762394182
grm_tilt_x = -0.023504097887960942
grm_tilt_y = 2.325783989593378
grm_G = 222.78407367215928
grm_apex = 17.766579015998623
d_grm_cam  = 21.604702927713095
cam_dec_x = -0.271104108037602
cam_dec_y = 0.29087014539397915
cam_tilt_x = 0.012469292998074177
cam_tilt_y = 0.008806721078466095
d_cam_ff  = -160.0773917546137
ccd_ff_dec_x = -0.023797920223398796
ccd_ff_dec_y = 0.041985092406988514
ccd_ff_tilt_x = 0.033545946399767525
ccd_ff_tilt_y = -0.5909786749404173
ccd_ff_tilt_z = 0.1719205903146588
d_ff_ccd  = -4.8159665822457045
ccd_dec_x = 0.5532987074538372
ccd_dec_y = 5.107631994124847
ccd_defocus = 0.2857450368421896
ccd_tilt_x = 0.032562721272442044
ccd_tilt_y = -0.0021191272628468386
ccd_tilt_z = 4.693593675040501e-06
p = 0.0001