slit_dec_x_a = -0.1704010755187174
slit_dec_y_a = -0.1956586180351446
slit_dec_x_b = 0.175
slit_dec_y_b = -1.890881054562721e-96
slit_defocus = 0.021397893930742345
slit_tilt_x = 1.113885831301026
slit_tilt_y = -8.538424115993463
slit_tilt_z = -8.991705914573046
d_slit_col = 1594.3100248316866
coll_tilt_x = 0.11316018607534366
coll_tilt_y = -0.028905126629229047
ech_G = 31.61323228550715
ech_blaze = -74.97483312721897
ech_gamma = 1.1389706002285567
echelle_z = 0.07477115338775553
d_col_trf = -1588.0172298246866
trf_mirror_tilt_x = 0.026330666947696243
trf_mirror_tilt_y = 0.1622017366588013
d_col_grm = -0.004845358968017186
grism_dec_x = 236.423339504097
grism_dec_y = 0.03812429588146127
grm_tilt_x = -0.014052368485175652
grm_tilt_y = 2.305273019878599
grm_G = 222.8240033453462
grm_apex = 17.791013518694346
d_grm_cam  = 21.609817568523763
cam_dec_x = -0.30954058893834224
cam_dec_y = 0.24724023419035912
cam_tilt_x = -0.011094785333062714
cam_tilt_y = 0.0037558400260344037
d_cam_ff  = -160.0579848177478
ccd_ff_dec_x = -0.002603403596491428
ccd_ff_dec_y = 0.05308027854053203
ccd_ff_tilt_x = 0.019552320946900868
ccd_ff_tilt_y = -0.5728080597418505
ccd_ff_tilt_z = 0.18005697785893224
d_ff_ccd  = -4.838942605028416
ccd_dec_x = 0.6214082799083886
ccd_dec_y = 5.157152404601
ccd_defocus = 0.28064300228111155
ccd_tilt_x = 0.0050001890224223204
ccd_tilt_y = -0.010832875610948221
ccd_tilt_z = 5.130830214704825e-06
p = 0.0001