slit_dec_x_a = -0.1704010755187174
slit_dec_y_a = -0.1956586180351446
slit_dec_x_b = 0.175
slit_dec_y_b = -1.8430054709758413e-96
slit_defocus = 0.021375984368001717
slit_tilt_x = 1.1140340808405398
slit_tilt_y = -8.538405710646249
slit_tilt_z = -8.991636980986165
d_slit_col = 1594.310005318577
coll_tilt_x = 0.11315252778236319
coll_tilt_y = -0.028881425013190302
ech_G = 31.613234693347874
ech_blaze = -74.97483156112997
ech_gamma = 1.1389723694159555
echelle_z = 0.07477524715394107
d_col_trf = -1588.0172379057167
trf_mirror_tilt_x = 0.026308757661720802
trf_mirror_tilt_y = 0.16218866957014957
d_col_grm = -0.004807913150773301
grism_dec_x = 236.42332634120925
grism_dec_y = 0.038139013138586315
grm_tilt_x = -0.014058518679386315
grm_tilt_y = 2.3052718767235336
grm_G = 222.82400934469024
grm_apex = 17.791041377573517
d_grm_cam  = 21.60981631773444
cam_dec_x = -0.30953016758786134
cam_dec_y = 0.24725562287159453
cam_tilt_x = -0.011127038602772596
cam_tilt_y = 0.0037990681227651575
d_cam_ff  = -160.05732487944812
ccd_ff_dec_x = -0.0026042885202037093
ccd_ff_dec_y = 0.05300480028905445
ccd_ff_tilt_x = 0.019494186282194948
ccd_ff_tilt_y = -0.5728026122721539
ccd_ff_tilt_z = 0.180051856971866
d_ff_ccd  = -4.838978185016392
ccd_dec_x = 0.6214030283918217
ccd_dec_y = 5.157156222251612
ccd_defocus = 0.28073156124671594
ccd_tilt_x = 0.004980840076897231
ccd_tilt_y = -0.010929086269020435
ccd_tilt_z = 5.082723440010851e-06
p = 0.0001