slit_dec_x_a = -0.181778666534
slit_dec_y_a = -0.18243150017
slit_dec_x_b = 0.14512077562974193
slit_dec_y_b = -0.05510809031835813
slit_defocus = -0.013777184019722997
slit_tilt_x = 1.0540282856515553
slit_tilt_y = -8.559911816846457
slit_tilt_z = -9.026909452389377
d_slit_col = 1594.2903083999915
coll_tilt_x = 0.1214088742065473
coll_tilt_y = -0.026456961540596853
ech_G = 31.614565247419375
ech_blaze = -74.99488728763507
ech_gamma = 1.1556337500502385
echelle_z = 0.05700582216894363
d_col_trf = -1588.0163700567402
trf_mirror_tilt_x = 0.007263023967678441
trf_mirror_tilt_y = 0.1554373269739804
d_col_grm = 0.035623795704897494
grism_dec_x = 236.38322298168356
grism_dec_y = 0.009231785593068014
grm_tilt_x = -0.023504924881318657
grm_tilt_y = 2.325791741303991
grm_G = 222.78407209165462
grm_apex = 17.766527872799053
d_grm_cam  = 21.604695463412753
cam_dec_x = -0.27104213939917116
cam_dec_y = 0.29089850841704673
cam_tilt_x = 0.012425001257582866
cam_tilt_y = 0.008810528491813229
d_cam_ff  = -160.0770185268202
ccd_ff_dec_x = -0.023810956106762995
ccd_ff_dec_y = 0.04209520955233047
ccd_ff_tilt_x = 0.033510828052276995
ccd_ff_tilt_y = -0.5909783903398635
ccd_ff_tilt_z = 0.1719182070640945
d_ff_ccd  = -4.815951001157086
ccd_dec_x = 0.5532897105559398
ccd_dec_y = 5.107624568086834
ccd_defocus = 0.28573121383192546
ccd_tilt_x = 0.0326245736843282
ccd_tilt_y = -0.002176999940786384
ccd_tilt_z = 4.72937120649067e-06
p = 0.0001