slit_dec_x_a = -0.181778666534
slit_dec_y_a = -0.18243150017
slit_dec_x_b = 0.14512077562974193
slit_dec_y_b = -0.05510809031835813
slit_defocus = -0.013799473741457237
slit_tilt_x = 1.0540924295416783
slit_tilt_y = -8.55999703332548
slit_tilt_z = -9.02686010128962
d_slit_col = 1594.2903200655953
coll_tilt_x = 0.1213852623091955
coll_tilt_y = -0.026469021634346532
ech_G = 31.61456169661385
ech_blaze = -74.99488828732511
ech_gamma = 1.1556373341173067
echelle_z = 0.05700370425522532
d_col_trf = -1588.0163617236474
trf_mirror_tilt_x = 0.007287792014357113
trf_mirror_tilt_y = 0.15545124538942418
d_col_grm = 0.03571404851660167
grism_dec_x = 236.38322311790355
grism_dec_y = 0.009279560563723319
grm_tilt_x = -0.02350786198148795
grm_tilt_y = 2.325791517334623
grm_G = 222.78406988498645
grm_apex = 17.76651240116899
d_grm_cam  = 21.604694076684762
cam_dec_x = -0.27111354003189353
cam_dec_y = 0.2908939998685858
cam_tilt_x = 0.012462078291404562
cam_tilt_y = 0.00886012888239871
d_cam_ff  = -160.07700327013052
ccd_ff_dec_x = -0.02380553918187847
ccd_ff_dec_y = 0.042069733449237846
ccd_ff_tilt_x = 0.03346871198349335
ccd_ff_tilt_y = -0.590981493483287
ccd_ff_tilt_z = 0.17192013633577657
d_ff_ccd  = -4.8159406898182215
ccd_dec_x = 0.553300530740485
ccd_dec_y = 5.10763490072309
ccd_defocus = 0.285672795770892
ccd_tilt_x = 0.03260267439793421
ccd_tilt_y = -0.00212439069143854
ccd_tilt_z = 4.701517609066777e-06
p = 0.0001