slit_dec_x_a = -0.181778666534
slit_dec_y_a = -0.18243150017
slit_dec_x_b = 0.14512077562974193
slit_dec_y_b = -0.05510809031835813
slit_defocus = -0.013728406358308303
slit_tilt_x = 1.0540283771622205
slit_tilt_y = -8.559977266756059
slit_tilt_z = -9.02689909632907
d_slit_col = 1594.2903356034142
coll_tilt_x = 0.12138890958640083
coll_tilt_y = -0.02651754719358902
ech_G = 31.614563549676987
ech_blaze = -74.99488575987358
ech_gamma = 1.1556351764214923
echelle_z = 0.057006183136024666
d_col_trf = -1588.0163657049986
trf_mirror_tilt_x = 0.007331989334252076
trf_mirror_tilt_y = 0.15540563239504024
d_col_grm = 0.03566169092103809
grism_dec_x = 236.38329419790347
grism_dec_y = 0.009217957376402606
grm_tilt_x = -0.02350479046322981
grm_tilt_y = 2.325785358461998
grm_G = 222.78406574504692
grm_apex = 17.766527268662195
d_grm_cam  = 21.604700792562014
cam_dec_x = -0.27117592875212543
cam_dec_y = 0.2908787655880036
cam_tilt_x = 0.012402854509442595
cam_tilt_y = 0.008829530727315838
d_cam_ff  = -160.0773039264855
ccd_ff_dec_x = -0.023809438577772627
ccd_ff_dec_y = 0.04205185924690953
ccd_ff_tilt_x = 0.0334173936088751
ccd_ff_tilt_y = -0.5909792710363976
ccd_ff_tilt_z = 0.1719136531660979
d_ff_ccd  = -4.815968909692872
ccd_dec_x = 0.553293514729558
ccd_dec_y = 5.107635019163791
ccd_defocus = 0.28578627039539256
ccd_tilt_x = 0.03260867306115073
ccd_tilt_y = -0.0022017848683996985
ccd_tilt_z = 4.6505669225250885e-06
p = 0.0001