slit_dec_x_a = -0.1704010755187174
slit_dec_y_a = -0.1956586180351446
slit_dec_x_b = 0.175
slit_dec_y_b = -1.8389762960270705e-96
slit_defocus = 0.021341303164642438
slit_tilt_x = 1.113986497429708
slit_tilt_y = -8.53845881782876
slit_tilt_z = -8.991576335452603
d_slit_col = 1594.3099772491073
coll_tilt_x = 0.11315323289706701
coll_tilt_y = -0.02883040481603329
ech_G = 31.613234851315028
ech_blaze = -74.97483039026966
ech_gamma = 1.1389770743986374
echelle_z = 0.07476918094673977
d_col_trf = -1588.0172304382845
trf_mirror_tilt_x = 0.026286720147342946
trf_mirror_tilt_y = 0.16226285506459956
d_col_grm = -0.004799315397721037
grism_dec_x = 236.42336536323526
grism_dec_y = 0.0381675224600418
grm_tilt_x = -0.014051944495266321
grm_tilt_y = 2.3052757133575357
grm_G = 222.82399630633512
grm_apex = 17.791094960495997
d_grm_cam  = 21.609818422433253
cam_dec_x = -0.3095279784038883
cam_dec_y = 0.2472608222096265
cam_tilt_x = -0.011134124271839508
cam_tilt_y = 0.003760666193116178
d_cam_ff  = -160.05776750656773
ccd_ff_dec_x = -0.0026000091645664563
ccd_ff_dec_y = 0.05303416737456636
ccd_ff_tilt_x = 0.019518399967688588
ccd_ff_tilt_y = -0.572805713879252
ccd_ff_tilt_z = 0.1800551385943652
d_ff_ccd  = -4.838965235458594
ccd_dec_x = 0.6214066434011831
ccd_dec_y = 5.157150411123558
ccd_defocus = 0.2807814584019075
ccd_tilt_x = 0.004977409566177941
ccd_tilt_y = -0.010899136599491707
ccd_tilt_z = 5.086743571094843e-06
p = 0.0001