slit_dec_x_a = -0.1704010755187174
slit_dec_y_a = -0.1956586180351446
slit_dec_x_b = 0.175
slit_dec_y_b = -1.8589452279244843e-96
slit_defocus = 0.021376406009048204
slit_tilt_x = 1.1140603674793266
slit_tilt_y = -8.538436175346723
slit_tilt_z = -8.99155422258128
d_slit_col = 1594.309942032282
coll_tilt_x = 0.11311133419359753
coll_tilt_y = -0.028911822597292625
ech_G = 31.613234479938168
ech_blaze = -74.9748391667256
ech_gamma = 1.1389802247586835
echelle_z = 0.07477637440286826
d_col_trf = -1588.0172291264296
trf_mirror_tilt_x = 0.02632660866890964
trf_mirror_tilt_y = 0.1622463868831295
d_col_grm = -0.004796571538897186
grism_dec_x = 236.4233112604283
grism_dec_y = 0.038214730158397596
grm_tilt_x = -0.01405692460049881
grm_tilt_y = 2.305278429509315
grm_G = 222.82400175436686
grm_apex = 17.79106824284364
d_grm_cam  = 21.6098163783712
cam_dec_x = -0.3095108966877388
cam_dec_y = 0.24726671613117515
cam_tilt_x = -0.011212393641493157
cam_tilt_y = 0.003741412181516327
d_cam_ff  = -160.05718474899214
ccd_ff_dec_x = -0.002595295877240962
ccd_ff_dec_y = 0.05306410966475378
ccd_ff_tilt_x = 0.019540146186187934
ccd_ff_tilt_y = -0.5728012662582045
ccd_ff_tilt_z = 0.18004408021873047
d_ff_ccd  = -4.838968406129531
ccd_dec_x = 0.6214055853574917
ccd_dec_y = 5.157153763947607
ccd_defocus = 0.28075978640644284
ccd_tilt_x = 0.00506910792875474
ccd_tilt_y = -0.010901618891706275
ccd_tilt_z = 5.181430840109426e-06
p = 0.0001