slit_dec_x_a = -0.1704010755187174
slit_dec_y_a = -0.1956586180351446
slit_dec_x_b = 0.175
slit_dec_y_b = -1.8302978330719935e-96
slit_defocus = 0.021384353621866397
slit_tilt_x = 1.114003514143356
slit_tilt_y = -8.538408396444071
slit_tilt_z = -8.991624209297564
d_slit_col = 1594.3100640728148
coll_tilt_x = 0.11320922769035685
coll_tilt_y = -0.028848034856739285
ech_G = 31.613235005838572
ech_blaze = -74.97482515307429
ech_gamma = 1.1389783631611612
echelle_z = 0.07476855697559942
d_col_trf = -1588.0172410589796
trf_mirror_tilt_x = 0.026237941873221034
trf_mirror_tilt_y = 0.16223335297670155
d_col_grm = -0.004813455401012727
grism_dec_x = 236.4232945063562
grism_dec_y = 0.03815198145532273
grm_tilt_x = -0.014055269677177313
grm_tilt_y = 2.3052792569582463
grm_G = 222.8239993601316
grm_apex = 17.790982638225884
d_grm_cam  = 21.60981298622497
cam_dec_x = -0.30952830007663595
cam_dec_y = 0.24733361450609362
cam_tilt_x = -0.011024397982583893
cam_tilt_y = 0.0038074826703369327
d_cam_ff  = -160.05729615528938
ccd_ff_dec_x = -0.002598820838099915
ccd_ff_dec_y = 0.053030195453455435
ccd_ff_tilt_x = 0.019537788307971017
ccd_ff_tilt_y = -0.5728004854472256
ccd_ff_tilt_z = 0.18006096290008525
d_ff_ccd  = -4.838949499054641
ccd_dec_x = 0.6214079486023805
ccd_dec_y = 5.15715243787287
ccd_defocus = 0.28071852897677385
ccd_tilt_x = 0.005047860371761581
ccd_tilt_y = -0.01093225900436798
ccd_tilt_z = 5.066270424682339e-06
p = 0.0001