slit_dec_x_a = -0.181778666534
slit_dec_y_a = -0.18243150017
slit_dec_x_b = 0.14512077562974193
slit_dec_y_b = -0.05510809031835813
slit_defocus = -0.01382709082755122
slit_tilt_x = 1.0540066881901373
slit_tilt_y = -8.55991706527457
slit_tilt_z = -9.02690821002914
d_slit_col = 1594.2903514178074
coll_tilt_x = 0.12136223394308222
coll_tilt_y = -0.02648276614106784
ech_G = 31.614560671847816
ech_blaze = -74.99488541093177
ech_gamma = 1.1556439833093817
echelle_z = 0.05700468894606687
d_col_trf = -1588.0163628317014
trf_mirror_tilt_x = 0.0073461751311567226
trf_mirror_tilt_y = 0.1554617501751386
d_col_grm = 0.035674456610084566
grism_dec_x = 236.38318011956767
grism_dec_y = 0.009260461399110817
grm_tilt_x = -0.02350665581780399
grm_tilt_y = 2.325794871534732
grm_G = 222.78406753414527
grm_apex = 17.766518135186068
d_grm_cam  = 21.60470393378608
cam_dec_x = -0.27108968164247876
cam_dec_y = 0.2908907468920051
cam_tilt_x = 0.012424286005391257
cam_tilt_y = 0.008819548141135983
d_cam_ff  = -160.0769666553216
ccd_ff_dec_x = -0.02380232748805089
ccd_ff_dec_y = 0.04198834071104758
ccd_ff_tilt_x = 0.033466616816930896
ccd_ff_tilt_y = -0.5909818865023011
ccd_ff_tilt_z = 0.1719172268576811
d_ff_ccd  = -4.816021214521622
ccd_dec_x = 0.5532970571598278
ccd_dec_y = 5.107634185296059
ccd_defocus = 0.28576121786469716
ccd_tilt_x = 0.032589612389287176
ccd_tilt_y = -0.002170643258103434
ccd_tilt_z = 4.705551700731616e-06
p = 0.0001