slit_dec_x_a = -0.1704010755187174
slit_dec_y_a = -0.1956586180351446
slit_dec_x_b = 0.175
slit_dec_y_b = -1.8226765644048114e-96
slit_defocus = 0.021392339830989177
slit_tilt_x = 1.1140154284719221
slit_tilt_y = -8.538439582768701
slit_tilt_z = -8.991618193253581
d_slit_col = 1594.309992508605
coll_tilt_x = 0.11324511606674546
coll_tilt_y = -0.028896003819596998
ech_G = 31.613234143413933
ech_blaze = -74.97483425335582
ech_gamma = 1.1389690409290225
echelle_z = 0.07476992335551322
d_col_trf = -1588.0172304368298
trf_mirror_tilt_x = 0.02633370145046774
trf_mirror_tilt_y = 0.16221214707390394
d_col_grm = -0.004885944257560914
grism_dec_x = 236.4233077933439
grism_dec_y = 0.03818171861700415
grm_tilt_x = -0.014054529132746664
grm_tilt_y = 2.3052807635863046
grm_G = 222.82400435624385
grm_apex = 17.791070747459663
d_grm_cam  = 21.60982105444902
cam_dec_x = -0.30957175499777556
cam_dec_y = 0.24735612774052626
cam_tilt_x = -0.011004384557313
cam_tilt_y = 0.0037734386156476306
d_cam_ff  = -160.05767880888646
ccd_ff_dec_x = -0.0026009427421308227
ccd_ff_dec_y = 0.05305686132315948
ccd_ff_tilt_x = 0.01950423017508529
ccd_ff_tilt_y = -0.5728103824816987
ccd_ff_tilt_z = 0.1800482424056952
d_ff_ccd  = -4.838915567576561
ccd_dec_x = 0.6214049350531583
ccd_dec_y = 5.157157541039173
ccd_defocus = 0.2807820067040299
ccd_tilt_x = 0.0050245549540879186
ccd_tilt_y = -0.010908363855514028
ccd_tilt_z = 5.068202628001719e-06
p = 0.0001