slit_dec_x_a = -0.1704010755187174
slit_dec_y_a = -0.1956586180351446
slit_dec_x_b = 0.175
slit_dec_y_b = -1.8490823884420543e-96
slit_defocus = 0.0213796627939932
slit_tilt_x = 1.114010195356417
slit_tilt_y = -8.538423715554536
slit_tilt_z = -8.991584915994084
d_slit_col = 1594.309926001755
coll_tilt_x = 0.11321308619676013
coll_tilt_y = -0.02892591397875793
ech_G = 31.613235174997737
ech_blaze = -74.97482371287226
ech_gamma = 1.1389722273782996
echelle_z = 0.07476790861267653
d_col_trf = -1588.0172256111
trf_mirror_tilt_x = 0.02628806947109861
trf_mirror_tilt_y = 0.1622900085510516
d_col_grm = -0.0048164591990771215
grism_dec_x = 236.42338588187897
grism_dec_y = 0.03813525205416779
grm_tilt_x = -0.014057688681808591
grm_tilt_y = 2.3052768913296284
grm_G = 222.8240025625393
grm_apex = 17.791063472183332
d_grm_cam  = 21.609821354408997
cam_dec_x = -0.309546070270643
cam_dec_y = 0.24727419410039395
cam_tilt_x = -0.011031367998289491
cam_tilt_y = 0.003813171207401737
d_cam_ff  = -160.05764054950419
ccd_ff_dec_x = -0.0026065553668227696
ccd_ff_dec_y = 0.05302245323963377
ccd_ff_tilt_x = 0.019471247563236826
ccd_ff_tilt_y = -0.5727982445387819
ccd_ff_tilt_z = 0.1800536460635402
d_ff_ccd  = -4.838963273563719
ccd_dec_x = 0.621407538792591
ccd_dec_y = 5.1571545240977
ccd_defocus = 0.2807503758502308
ccd_tilt_x = 0.00507486553820379
ccd_tilt_y = -0.010867959431834648
ccd_tilt_z = 5.090780473947229e-06
p = 0.0001