slit_dec_x_a = -0.181778666534
slit_dec_y_a = -0.18243150017
slit_dec_x_b = 0.14512077562974193
slit_dec_y_b = -0.05510809031835813
slit_defocus = -0.013745656597781715
slit_tilt_x = 1.0541377303886423
slit_tilt_y = -8.56002776752888
slit_tilt_z = -9.026832991857292
d_slit_col = 1594.2903142370806
coll_tilt_x = 0.1214310199668414
coll_tilt_y = -0.026490601345925343
ech_G = 31.614570630344076
ech_blaze = -74.99488934694249
ech_gamma = 1.1556379374222543
echelle_z = 0.05699658433165431
d_col_trf = -1588.0163634356397
trf_mirror_tilt_x = 0.007280304600589196
trf_mirror_tilt_y = 0.1554979331976552
d_col_grm = 0.03559722516922905
grism_dec_x = 236.3832149140508
grism_dec_y = 0.009287284182978613
grm_tilt_x = -0.0235112582373825
grm_tilt_y = 2.3257889222110215
grm_G = 222.78407083353412
grm_apex = 17.766481459124062
d_grm_cam  = 21.60469958576645
cam_dec_x = -0.2710862146143416
cam_dec_y = 0.2908920719253774
cam_tilt_x = 0.012389535675033916
cam_tilt_y = 0.008852111107747774
d_cam_ff  = -160.07746077100742
ccd_ff_dec_x = -0.023808342894666264
ccd_ff_dec_y = 0.0419901202394142
ccd_ff_tilt_x = 0.033493884411841535
ccd_ff_tilt_y = -0.590988171047001
ccd_ff_tilt_z = 0.17192134167814427
d_ff_ccd  = -4.81597109499331
ccd_dec_x = 0.5532960595996178
ccd_dec_y = 5.107632920591112
ccd_defocus = 0.2857891179204681
ccd_tilt_x = 0.03256248394442516
ccd_tilt_y = -0.0021718077579237563
ccd_tilt_z = 4.686983215419759e-06
p = 0.0001