slit_dec_x_a = -0.181778666534
slit_dec_y_a = -0.18243150017
slit_dec_x_b = 0.14512077562974193
slit_dec_y_b = -0.05510809031835813
slit_defocus = -0.013765357194122056
slit_tilt_x = 1.0541029993385649
slit_tilt_y = -8.559946524537565
slit_tilt_z = -9.026868194783509
d_slit_col = 1594.2902719241674
coll_tilt_x = 0.12144376764985025
coll_tilt_y = -0.02653766131843267
ech_G = 31.614562993782393
ech_blaze = -74.99488563187603
ech_gamma = 1.1556421264182777
echelle_z = 0.05700384621923565
d_col_trf = -1588.0163575419376
trf_mirror_tilt_x = 0.007270683716650573
trf_mirror_tilt_y = 0.1555256644372238
d_col_grm = 0.03559752065654365
grism_dec_x = 236.38323582055432
grism_dec_y = 0.009279458310370999
grm_tilt_x = -0.023507619572220462
grm_tilt_y = 2.3257861026079047
grm_G = 222.78407459529987
grm_apex = 17.766486661779172
d_grm_cam  = 21.604695546952968
cam_dec_x = -0.27117548600144514
cam_dec_y = 0.2908846340675499
cam_tilt_x = 0.012505335724555311
cam_tilt_y = 0.008871617151896886
d_cam_ff  = -160.07718170653774
ccd_ff_dec_x = -0.023804378007324323
ccd_ff_dec_y = 0.042104307601182715
ccd_ff_tilt_x = 0.03341799650616577
ccd_ff_tilt_y = -0.5909796556746445
ccd_ff_tilt_z = 0.17191024928504353
d_ff_ccd  = -4.8160016006579305
ccd_dec_x = 0.5532947087989781
ccd_dec_y = 5.10763303526579
ccd_defocus = 0.28573734324417754
ccd_tilt_x = 0.03252237150872933
ccd_tilt_y = -0.002166181184264702
ccd_tilt_z = 4.714608864890032e-06
p = 0.0001