slit_dec_x_a = -0.181778666534
slit_dec_y_a = -0.18243150017
slit_dec_x_b = 0.14512077562974193
slit_dec_y_b = -0.05510809031835813
slit_defocus = -0.013768727793935821
slit_tilt_x = 1.0541356285541017
slit_tilt_y = -8.559941175275352
slit_tilt_z = -9.026921603648715
d_slit_col = 1594.2903264146378
coll_tilt_x = 0.1214334717662962
coll_tilt_y = -0.026501593716578016
ech_G = 31.614566002169052
ech_blaze = -74.99488983498394
ech_gamma = 1.1556462765472169
echelle_z = 0.057005126621025894
d_col_trf = -1588.016362978105
trf_mirror_tilt_x = 0.007301022776225534
trf_mirror_tilt_y = 0.1554534407006684
d_col_grm = 0.03559854890608295
grism_dec_x = 236.38317433880766
grism_dec_y = 0.009237234230950436
grm_tilt_x = -0.02350613490091412
grm_tilt_y = 2.325789000847539
grm_G = 222.7840654739385
grm_apex = 17.766503860837794
d_grm_cam  = 21.604703679088352
cam_dec_x = -0.2710698957031373
cam_dec_y = 0.2907862933113727
cam_tilt_x = 0.01247633925221843
cam_tilt_y = 0.008802998845517215
d_cam_ff  = -160.07711089723708
ccd_ff_dec_x = -0.023794042941727878
ccd_ff_dec_y = 0.04205061099097292
ccd_ff_tilt_x = 0.033448517700974977
ccd_ff_tilt_y = -0.5909821121866179
ccd_ff_tilt_z = 0.17191404895183354
d_ff_ccd  = -4.815990848715835
ccd_dec_x = 0.5532979835747839
ccd_dec_y = 5.107629834853765
ccd_defocus = 0.2857840004149399
ccd_tilt_x = 0.03256749056980716
ccd_tilt_y = -0.0021768701518797787
ccd_tilt_z = 4.703186796585425e-06
p = 0.0001