slit_dec_x_a = -0.181778666534
slit_dec_y_a = -0.18243150017
slit_dec_x_b = 0.14512077562974193
slit_dec_y_b = -0.05510809031835813
slit_defocus = -0.01384860118086249
slit_tilt_x = 1.0540857724835073
slit_tilt_y = -8.559954600973109
slit_tilt_z = -9.02688180821871
d_slit_col = 1594.2903055476354
coll_tilt_x = 0.12145646671059511
coll_tilt_y = -0.02649214802011971
ech_G = 31.614565455904664
ech_blaze = -74.99488935355146
ech_gamma = 1.1556403796637218
echelle_z = 0.05700459203119599
d_col_trf = -1588.0163657049889
trf_mirror_tilt_x = 0.0072682665915762765
trf_mirror_tilt_y = 0.15547340601802256
d_col_grm = 0.03572823166598146
grism_dec_x = 236.38324780977962
grism_dec_y = 0.00926412145489954
grm_tilt_x = -0.023502990854284166
grm_tilt_y = 2.3257894148049214
grm_G = 222.78406753949676
grm_apex = 17.766531782499484
d_grm_cam  = 21.604694750817142
cam_dec_x = -0.27113748782475944
cam_dec_y = 0.2909136565945452
cam_tilt_x = 0.012459545249248244
cam_tilt_y = 0.008828951366101654
d_cam_ff  = -160.0773395971697
ccd_ff_dec_x = -0.023797271642713478
ccd_ff_dec_y = 0.04206689266619088
ccd_ff_tilt_x = 0.03348753508291648
ccd_ff_tilt_y = -0.5909777037824029
ccd_ff_tilt_z = 0.1719251905794354
d_ff_ccd  = -4.815969214255956
ccd_dec_x = 0.5532991200140162
ccd_dec_y = 5.107637418796928
ccd_defocus = 0.2857711862994619
ccd_tilt_x = 0.032571206732122486
ccd_tilt_y = -0.0021288009014791475
ccd_tilt_z = 4.7034277526923965e-06
p = 0.0001