slit_dec_x_a = -0.181778666534
slit_dec_y_a = -0.18243150017
slit_dec_x_b = 0.14512077562974193
slit_dec_y_b = -0.05510809031835813
slit_defocus = -0.013821358955407169
slit_tilt_x = 1.0540631179430198
slit_tilt_y = -8.560040830805736
slit_tilt_z = -9.02686640276228
d_slit_col = 1594.290287110261
coll_tilt_x = 0.12143464088201028
coll_tilt_y = -0.0264786661736548
ech_G = 31.61457003353382
ech_blaze = -74.99488742031592
ech_gamma = 1.15564164101568
echelle_z = 0.05700209408960232
d_col_trf = -1588.0163675387282
trf_mirror_tilt_x = 0.007246417280332554
trf_mirror_tilt_y = 0.15543800456866796
d_col_grm = 0.03565376620461696
grism_dec_x = 236.38323390620258
grism_dec_y = 0.009192370201445345
grm_tilt_x = -0.02350090609639524
grm_tilt_y = 2.3257872643463844
grm_G = 222.78407199751084
grm_apex = 17.76650656216253
d_grm_cam  = 21.60469652849857
cam_dec_x = -0.2711258833242721
cam_dec_y = 0.29085775694238947
cam_tilt_x = 0.012382234106151814
cam_tilt_y = 0.008809143155550168
d_cam_ff  = -160.07710590743244
ccd_ff_dec_x = -0.02380758256660829
ccd_ff_dec_y = 0.04205327454287151
ccd_ff_tilt_x = 0.03349078838267865
ccd_ff_tilt_y = -0.5909893292381262
ccd_ff_tilt_z = 0.17192412570333385
d_ff_ccd  = -4.815953188164852
ccd_dec_x = 0.5532974170022741
ccd_dec_y = 5.107635038098528
ccd_defocus = 0.28580587002325836
ccd_tilt_x = 0.03253428325895668
ccd_tilt_y = -0.0021852506364717123
ccd_tilt_z = 4.705725289312645e-06
p = 0.0001