slit_dec_x_a = -0.181778666534
slit_dec_y_a = -0.18243150017
slit_dec_x_b = 0.14512077562974193
slit_dec_y_b = -0.05510809031835813
slit_defocus = -0.013818240706524515
slit_tilt_x = 1.0540999119716836
slit_tilt_y = -8.559974000575556
slit_tilt_z = -9.026818367353354
d_slit_col = 1594.2902518677606
coll_tilt_x = 0.12150085541844396
coll_tilt_y = -0.02647700452694809
ech_G = 31.614567209259864
ech_blaze = -74.99489029589945
ech_gamma = 1.1556400462111382
echelle_z = 0.05700389281087559
d_col_trf = -1588.0163659087384
trf_mirror_tilt_x = 0.007296027051762463
trf_mirror_tilt_y = 0.15542385394889646
d_col_grm = 0.03570238930492342
grism_dec_x = 236.38321510212813
grism_dec_y = 0.009187609029074732
grm_tilt_x = -0.02351100956593739
grm_tilt_y = 2.325786861474063
grm_G = 222.7840756483455
grm_apex = 17.76655733816432
d_grm_cam  = 21.604698212735755
cam_dec_x = -0.2710930596113326
cam_dec_y = 0.290891489001323
cam_tilt_x = 0.012493900531612027
cam_tilt_y = 0.008826148125773264
d_cam_ff  = -160.07704423881881
ccd_ff_dec_x = -0.023795842115788036
ccd_ff_dec_y = 0.04202856561004091
ccd_ff_tilt_x = 0.03349445465608933
ccd_ff_tilt_y = -0.5909846454402005
ccd_ff_tilt_z = 0.17191721071439883
d_ff_ccd  = -4.815966606316012
ccd_dec_x = 0.5532966880723711
ccd_dec_y = 5.107632302537059
ccd_defocus = 0.28574652629331776
ccd_tilt_x = 0.03253839726873227
ccd_tilt_y = -0.0020843427302760795
ccd_tilt_z = 4.720401991378302e-06
p = 0.0001