slit_dec_x_a = -0.181778666534
slit_dec_y_a = -0.18243150017
slit_dec_x_b = 0.14512077562974193
slit_dec_y_b = -0.05510809031835813
slit_defocus = -0.01384620378123152
slit_tilt_x = 1.0540811560280334
slit_tilt_y = -8.559946651795896
slit_tilt_z = -9.026852332294048
d_slit_col = 1594.2903038971988
coll_tilt_x = 0.12142525406895988
coll_tilt_y = -0.026486956353556374
ech_G = 31.61456317185102
ech_blaze = -74.99489126560078
ech_gamma = 1.1556402901715224
echelle_z = 0.05700384166768331
d_col_trf = -1588.0163626390129
trf_mirror_tilt_x = 0.007220984582354748
trf_mirror_tilt_y = 0.15551295560895362
d_col_grm = 0.03563143215937358
grism_dec_x = 236.38319884768927
grism_dec_y = 0.009295315108555826
grm_tilt_x = -0.02350268846267807
grm_tilt_y = 2.3257909106128425
grm_G = 222.78406790784922
grm_apex = 17.766522178008504
d_grm_cam  = 21.604702798854674
cam_dec_x = -0.27108328579468627
cam_dec_y = 0.2908366968288594
cam_tilt_x = 0.012483034826201816
cam_tilt_y = 0.008839842062719384
d_cam_ff  = -160.07708637553765
ccd_ff_dec_x = -0.02380174053336038
ccd_ff_dec_y = 0.04204732056481805
ccd_ff_tilt_x = 0.033496729153417684
ccd_ff_tilt_y = -0.5909825248100272
ccd_ff_tilt_z = 0.17192709449460175
d_ff_ccd  = -4.816026459056731
ccd_dec_x = 0.5532901033717867
ccd_dec_y = 5.107632679963446
ccd_defocus = 0.2858091626126464
ccd_tilt_x = 0.03258805915476915
ccd_tilt_y = -0.0021552675141015705
ccd_tilt_z = 4.650900386211438e-06
p = 0.0001