slit_dec_x_a = -0.1704010755187174
slit_dec_y_a = -0.1956586180351446
slit_dec_x_b = 0.175
slit_dec_y_b = -1.833091397241045e-96
slit_defocus = 0.021383524992737057
slit_tilt_x = 1.1140374631125374
slit_tilt_y = -8.538384991850391
slit_tilt_z = -8.991569848800852
d_slit_col = 1594.3099094681618
coll_tilt_x = 0.11317496550779466
coll_tilt_y = -0.028876805253953943
ech_G = 31.61323241537788
ech_blaze = -74.9748258271369
ech_gamma = 1.1389807471503912
echelle_z = 0.07476979694925874
d_col_trf = -1588.0172319681935
trf_mirror_tilt_x = 0.02628823874995011
trf_mirror_tilt_y = 0.16221339208584823
d_col_grm = -0.004812103125364115
grism_dec_x = 236.42332237903668
grism_dec_y = 0.038160409976324
grm_tilt_x = -0.014049327103667077
grm_tilt_y = 2.3052771015626927
grm_G = 222.8240050782354
grm_apex = 17.7909805626316
d_grm_cam  = 21.609814536786217
cam_dec_x = -0.30957988370339606
cam_dec_y = 0.24722404186290692
cam_tilt_x = -0.011058366603350744
cam_tilt_y = 0.00374144811187174
d_cam_ff  = -160.05755939981813
ccd_ff_dec_x = -0.002595730512107159
ccd_ff_dec_y = 0.05303872087249985
ccd_ff_tilt_x = 0.01950184693738763
ccd_ff_tilt_y = -0.572809756666832
ccd_ff_tilt_z = 0.18004704147586612
d_ff_ccd  = -4.839006245703308
ccd_dec_x = 0.6213987179007419
ccd_dec_y = 5.157144737671249
ccd_defocus = 0.2807367896226481
ccd_tilt_x = 0.005002515941546606
ccd_tilt_y = -0.010832406487776888
ccd_tilt_z = 5.0836227248039196e-06
p = 0.0001