slit_dec_x_a = -0.1704010755187174
slit_dec_y_a = -0.1956586180351446
slit_dec_x_b = 0.175
slit_dec_y_b = -1.8365657929378622e-96
slit_defocus = 0.02135924980342947
slit_tilt_x = 1.11394336716806
slit_tilt_y = -8.538432932735144
slit_tilt_z = -8.99161381777965
d_slit_col = 1594.3099918786704
coll_tilt_x = 0.1132239453053844
coll_tilt_y = -0.028927297330710217
ech_G = 31.613236129624262
ech_blaze = -74.97483365964317
ech_gamma = 1.1389722854551871
echelle_z = 0.07476978154796278
d_col_trf = -1588.0172324666898
trf_mirror_tilt_x = 0.026299291085943113
trf_mirror_tilt_y = 0.16232937478119405
d_col_grm = -0.004821405600191831
grism_dec_x = 236.4232879707693
grism_dec_y = 0.03816249047399715
grm_tilt_x = -0.014051786366532622
grm_tilt_y = 2.30527707428642
grm_G = 222.82399971459355
grm_apex = 17.791005785002604
d_grm_cam  = 21.609822849535792
cam_dec_x = -0.3095436786281313
cam_dec_y = 0.24733942151278088
cam_tilt_x = -0.010996883530829763
cam_tilt_y = 0.003853066759071927
d_cam_ff  = -160.05739765900827
ccd_ff_dec_x = -0.0025976303952152786
ccd_ff_dec_y = 0.05304982334499348
ccd_ff_tilt_x = 0.01948579548314349
ccd_ff_tilt_y = -0.5728026648315951
ccd_ff_tilt_z = 0.18004880997751696
d_ff_ccd  = -4.838933382682797
ccd_dec_x = 0.6214008434448666
ccd_dec_y = 5.157143849612581
ccd_defocus = 0.2807508620642571
ccd_tilt_x = 0.005029972739018292
ccd_tilt_y = -0.010871125134373681
ccd_tilt_z = 5.0874354085549306e-06
p = 0.0001