slit_dec_x_a = -0.1704010755187174
slit_dec_y_a = -0.1956586180351446
slit_dec_x_b = 0.175
slit_dec_y_b = -1.8474987101071033e-96
slit_defocus = 0.021350991950005324
slit_tilt_x = 1.113984865733962
slit_tilt_y = -8.538417721875973
slit_tilt_z = -8.991688094753826
d_slit_col = 1594.3099877257348
coll_tilt_x = 0.11316173005660184
coll_tilt_y = -0.02881564581021438
ech_G = 31.613234044252177
ech_blaze = -74.97483395216781
ech_gamma = 1.1389748636489838
echelle_z = 0.07477452666059532
d_col_trf = -1588.0172283626107
trf_mirror_tilt_x = 0.02634346009267078
trf_mirror_tilt_y = 0.16218368241041015
d_col_grm = -0.004853963106240271
grism_dec_x = 236.42334292872565
grism_dec_y = 0.038233733016800324
grm_tilt_x = -0.01405792676984184
grm_tilt_y = 2.30527724966727
grm_G = 222.82400212905267
grm_apex = 17.79111070793885
d_grm_cam  = 21.609814768824947
cam_dec_x = -0.3095211893591848
cam_dec_y = 0.24724219284704482
cam_tilt_x = -0.011082116196777826
cam_tilt_y = 0.0038175613662577274
d_cam_ff  = -160.0574025610768
ccd_ff_dec_x = -0.0026040554144387325
ccd_ff_dec_y = 0.05303234054579889
ccd_ff_tilt_x = 0.019526136336295328
ccd_ff_tilt_y = -0.5728038585969211
ccd_ff_tilt_z = 0.18005211990212272
d_ff_ccd  = -4.838977741385718
ccd_dec_x = 0.6213987875114801
ccd_dec_y = 5.157150898750325
ccd_defocus = 0.2807876958362289
ccd_tilt_x = 0.005036172965325167
ccd_tilt_y = -0.010973844740612028
ccd_tilt_z = 5.136030227719164e-06
p = 0.0001