slit_dec_x_a = -0.1704010755187174
slit_dec_y_a = -0.1956586180351446
slit_dec_x_b = 0.175
slit_dec_y_b = -1.8104086133914011e-96
slit_defocus = 0.021479769120950943
slit_tilt_x = 1.1140156565195376
slit_tilt_y = -8.538493350276324
slit_tilt_z = -8.991655846417375
d_slit_col = 1594.3099982967037
coll_tilt_x = 0.11319661996849817
coll_tilt_y = -0.028981260868028998
ech_G = 31.613225614191574
ech_blaze = -74.97483043623691
ech_gamma = 1.1389811881270497
echelle_z = 0.0747724283101679
d_col_trf = -1588.0172318042578
trf_mirror_tilt_x = 0.026319845697770575
trf_mirror_tilt_y = 0.1621966524154028
d_col_grm = -0.004820341228762936
grism_dec_x = 236.42329703962733
grism_dec_y = 0.0381605552601031
grm_tilt_x = -0.014055739585205397
grm_tilt_y = 2.3052788928209935
grm_G = 222.82400693722008
grm_apex = 17.791019068114075
d_grm_cam  = 21.609817472239587
cam_dec_x = -0.3095628804483836
cam_dec_y = 0.2472802190050678
cam_tilt_x = -0.011009656162170723
cam_tilt_y = 0.0037591983057272092
d_cam_ff  = -160.05756617818457
ccd_ff_dec_x = -0.002597358172843094
ccd_ff_dec_y = 0.05309898362835199
ccd_ff_tilt_x = 0.019551804682603337
ccd_ff_tilt_y = -0.5728003479441279
ccd_ff_tilt_z = 0.18004773284335668
d_ff_ccd  = -4.838944145147757
ccd_dec_x = 0.6213983419355789
ccd_dec_y = 5.157161320641404
ccd_defocus = 0.2807997515933097
ccd_tilt_x = 0.005012072326144824
ccd_tilt_y = -0.010851174351423963
ccd_tilt_z = 5.05623386265743e-06
p = 0.0001