slit_dec_x_a = -0.181778666534
slit_dec_y_a = -0.18243150017
slit_dec_x_b = 0.14512077562974193
slit_dec_y_b = -0.05510809031835813
slit_defocus = -0.01377147887813053
slit_tilt_x = 1.0540338858300269
slit_tilt_y = -8.559932701005478
slit_tilt_z = -9.026916618708938
d_slit_col = 1594.2902782907906
coll_tilt_x = 0.12146020321877984
coll_tilt_y = -0.026484768136885183
ech_G = 31.614567618730106
ech_blaze = -74.99488955316218
ech_gamma = 1.1556375048354872
echelle_z = 0.05700105061879321
d_col_trf = -1588.016367928495
trf_mirror_tilt_x = 0.007293306762249254
trf_mirror_tilt_y = 0.15547451755691813
d_col_grm = 0.03558833126805105
grism_dec_x = 236.3832211162151
grism_dec_y = 0.009250884142704337
grm_tilt_x = -0.023507330960818584
grm_tilt_y = 2.325784272710134
grm_G = 222.78407040809836
grm_apex = 17.766532348766336
d_grm_cam  = 21.604703232062896
cam_dec_x = -0.27106612606377745
cam_dec_y = 0.29090990132139494
cam_tilt_x = 0.012499101300489115
cam_tilt_y = 0.008832549141604166
d_cam_ff  = -160.07717188059337
ccd_ff_dec_x = -0.023802569716908625
ccd_ff_dec_y = 0.04205706636853383
ccd_ff_tilt_x = 0.03347026759727354
ccd_ff_tilt_y = -0.59098110616135
ccd_ff_tilt_z = 0.17191334039741743
d_ff_ccd  = -4.8159529372907635
ccd_dec_x = 0.5532931997038447
ccd_dec_y = 5.107631377010481
ccd_defocus = 0.2857927152127746
ccd_tilt_x = 0.032604245364257316
ccd_tilt_y = -0.0021969737136753927
ccd_tilt_z = 4.716608166916899e-06
p = 0.0001