slit_dec_x_a = -0.1704010755187174
slit_dec_y_a = -0.1956586180351446
slit_dec_x_b = 0.175
slit_dec_y_b = -1.8125110164551794e-96
slit_defocus = 0.0213351264215409
slit_tilt_x = 1.11404589182392
slit_tilt_y = -8.53841179714097
slit_tilt_z = -8.99163955921817
d_slit_col = 1594.3099949664947
coll_tilt_x = 0.11319320843658917
coll_tilt_y = -0.02894031454528585
ech_G = 31.61323377184358
ech_blaze = -74.97482846989712
ech_gamma = 1.1389745321233884
echelle_z = 0.07477715929328894
d_col_trf = -1588.0172351598637
trf_mirror_tilt_x = 0.026288074220484105
trf_mirror_tilt_y = 0.16224298617793623
d_col_grm = -0.004822546649588513
grism_dec_x = 236.4233393568031
grism_dec_y = 0.038157462016172095
grm_tilt_x = -0.014052227683383718
grm_tilt_y = 2.305276218728781
grm_G = 222.8240112090856
grm_apex = 17.791047047124557
d_grm_cam  = 21.60980765263794
cam_dec_x = -0.3095177785926059
cam_dec_y = 0.24724135589162619
cam_tilt_x = -0.0110596876981966
cam_tilt_y = 0.0037585125154985127
d_cam_ff  = -160.05713940912534
ccd_ff_dec_x = -0.0026013496669938753
ccd_ff_dec_y = 0.053031330009921905
ccd_ff_tilt_x = 0.01950504038154283
ccd_ff_tilt_y = -0.5728010264144612
ccd_ff_tilt_z = 0.18005707396878032
d_ff_ccd  = -4.838988288773262
ccd_dec_x = 0.6214096361896224
ccd_dec_y = 5.157150572250668
ccd_defocus = 0.2808086066660271
ccd_tilt_x = 0.00503921644356828
ccd_tilt_y = -0.01093542360546375
ccd_tilt_z = 5.065945993781742e-06
p = 0.0001