slit_dec_x_a = -0.181778666534
slit_dec_y_a = -0.18243150017
slit_dec_x_b = 0.14512077562974193
slit_dec_y_b = -0.05510809031835813
slit_defocus = -0.01379016444029796
slit_tilt_x = 1.0541156583472513
slit_tilt_y = -8.559976901529776
slit_tilt_z = -9.02688588515123
d_slit_col = 1594.2903368271307
coll_tilt_x = 0.12136956569153495
coll_tilt_y = -0.026440156048144425
ech_G = 31.614562834660322
ech_blaze = -74.99488884197031
ech_gamma = 1.1556437570933864
echelle_z = 0.0569980966594821
d_col_trf = -1588.016364021766
trf_mirror_tilt_x = 0.0073011359425485586
trf_mirror_tilt_y = 0.15547128390657092
d_col_grm = 0.03566421170252024
grism_dec_x = 236.38321899914533
grism_dec_y = 0.00924210851654082
grm_tilt_x = -0.023504263186288933
grm_tilt_y = 2.3257891707906224
grm_G = 222.78406729632096
grm_apex = 17.76650649252495
d_grm_cam  = 21.60470575964079
cam_dec_x = -0.27112836512025706
cam_dec_y = 0.29089283323427345
cam_tilt_x = 0.012379563156175622
cam_tilt_y = 0.008801277315870696
d_cam_ff  = -160.07700038129718
ccd_ff_dec_x = -0.023799819463674942
ccd_ff_dec_y = 0.04196378450231223
ccd_ff_tilt_x = 0.03345189862014806
ccd_ff_tilt_y = -0.5909754049125024
ccd_ff_tilt_z = 0.171923220632409
d_ff_ccd  = -4.815937126195172
ccd_dec_x = 0.5532916751249467
ccd_dec_y = 5.107626535343548
ccd_defocus = 0.28575510289752987
ccd_tilt_x = 0.032585212236759635
ccd_tilt_y = -0.0022310443148541286
ccd_tilt_z = 4.683558053710884e-06
p = 0.0001