slit_dec_x_a = -0.1704010755187174
slit_dec_y_a = -0.1956586180351446
slit_dec_x_b = 0.175
slit_dec_y_b = -1.7672693904988034e-96
slit_defocus = 0.021448469232552187
slit_tilt_x = 1.1139862290787137
slit_tilt_y = -8.538472749047722
slit_tilt_z = -8.991595913264208
d_slit_col = 1594.3099940254808
coll_tilt_x = 0.11319594398381251
coll_tilt_y = -0.02896186532377912
ech_G = 31.613233761270163
ech_blaze = -74.97483404785895
ech_gamma = 1.138974725599199
echelle_z = 0.07477664377957541
d_col_trf = -1588.017230387806
trf_mirror_tilt_x = 0.02618185075502907
trf_mirror_tilt_y = 0.16218881853930014
d_col_grm = -0.004830156067845035
grism_dec_x = 236.4232568935949
grism_dec_y = 0.03811936554775556
grm_tilt_x = -0.014057161305357566
grm_tilt_y = 2.305274453711184
grm_G = 222.8240100116783
grm_apex = 17.790995430641374
d_grm_cam  = 21.609813822155232
cam_dec_x = -0.30954004856538503
cam_dec_y = 0.24731649213082837
cam_tilt_x = -0.011048462256253744
cam_tilt_y = 0.00376059471489342
d_cam_ff  = -160.0573023809267
ccd_ff_dec_x = -0.0025989651488645886
ccd_ff_dec_y = 0.0530619446858475
ccd_ff_tilt_x = 0.019539328398223362
ccd_ff_tilt_y = -0.5728082619273086
ccd_ff_tilt_z = 0.1800458964734992
d_ff_ccd  = -4.838942776444344
ccd_dec_x = 0.621403949369995
ccd_dec_y = 5.157154718413432
ccd_defocus = 0.2806743759221618
ccd_tilt_x = 0.005045072301202064
ccd_tilt_y = -0.010940339035655501
ccd_tilt_z = 5.111766794750354e-06
p = 0.0001