slit_dec_x_a = -0.181778666534
slit_dec_y_a = -0.18243150017
slit_dec_x_b = 0.14512077562974193
slit_dec_y_b = -0.05510809031835813
slit_defocus = -0.01373431961365831
slit_tilt_x = 1.0540385702880117
slit_tilt_y = -8.559913655520297
slit_tilt_z = -9.026865871264505
d_slit_col = 1594.29031186491
coll_tilt_x = 0.12141696076452438
coll_tilt_y = -0.02643431144263094
ech_G = 31.614566955813274
ech_blaze = -74.9948920532727
ech_gamma = 1.1556422085738298
echelle_z = 0.057002716740722464
d_col_trf = -1588.0163651698151
trf_mirror_tilt_x = 0.007264407210702768
trf_mirror_tilt_y = 0.1554280512560226
d_col_grm = 0.03566714145804415
grism_dec_x = 236.38326388840034
grism_dec_y = 0.00922118526489386
grm_tilt_x = -0.02350824768993888
grm_tilt_y = 2.3257860220784643
grm_G = 222.78406936800474
grm_apex = 17.76655355995926
d_grm_cam  = 21.60469920224977
cam_dec_x = -0.27112515523406605
cam_dec_y = 0.2908367116565387
cam_tilt_x = 0.012427030487923929
cam_tilt_y = 0.008872399061390455
d_cam_ff  = -160.077069856171
ccd_ff_dec_x = -0.023804916930564485
ccd_ff_dec_y = 0.042081942934304915
ccd_ff_tilt_x = 0.033447122959282545
ccd_ff_tilt_y = -0.5909831287774084
ccd_ff_tilt_z = 0.17191877367323175
d_ff_ccd  = -4.816069128919973
ccd_dec_x = 0.5532962602940298
ccd_dec_y = 5.107636026642867
ccd_defocus = 0.28574950757821127
ccd_tilt_x = 0.03259551622589818
ccd_tilt_y = -0.002180369246167373
ccd_tilt_z = 4.673862171518043e-06
p = 0.0001