slit_dec_x_a = -0.1704010755187174
slit_dec_y_a = -0.1956586180351446
slit_dec_x_b = 0.175
slit_dec_y_b = -1.8623464212573495e-96
slit_defocus = 0.021417051322808564
slit_tilt_x = 1.114069786211859
slit_tilt_y = -8.538386996939245
slit_tilt_z = -8.991677779946135
d_slit_col = 1594.310011812761
coll_tilt_x = 0.11314871040743944
coll_tilt_y = -0.028959152351144546
ech_G = 31.613228308305185
ech_blaze = -74.97483679578461
ech_gamma = 1.13897721179168
echelle_z = 0.07476531099056462
d_col_trf = -1588.0172295925372
trf_mirror_tilt_x = 0.026366157057876833
trf_mirror_tilt_y = 0.16225357962178982
d_col_grm = -0.004835245551682667
grism_dec_x = 236.4233195439317
grism_dec_y = 0.03814730092811883
grm_tilt_x = -0.014059013478349331
grm_tilt_y = 2.3052773777717257
grm_G = 222.82400382844418
grm_apex = 17.79097010802487
d_grm_cam  = 21.609821869090748
cam_dec_x = -0.3095501200970608
cam_dec_y = 0.24728761634846239
cam_tilt_x = -0.01113227579717704
cam_tilt_y = 0.0037506966704576
d_cam_ff  = -160.05727356334677
ccd_ff_dec_x = -0.002599201672588591
ccd_ff_dec_y = 0.052964617649801406
ccd_ff_tilt_x = 0.019520156587931877
ccd_ff_tilt_y = -0.5728062080095989
ccd_ff_tilt_z = 0.1800483085997255
d_ff_ccd  = -4.839006522794237
ccd_dec_x = 0.6213984915070935
ccd_dec_y = 5.157155714370643
ccd_defocus = 0.2807335113186957
ccd_tilt_x = 0.005091015787457446
ccd_tilt_y = -0.010894676415041151
ccd_tilt_z = 5.137936817213094e-06
p = 0.0001