slit_dec_x_a = -0.1704010755187174
slit_dec_y_a = -0.1956586180351446
slit_dec_x_b = 0.175
slit_dec_y_b = -1.8337344662602111e-96
slit_defocus = 0.021389825797463905
slit_tilt_x = 1.113955774714674
slit_tilt_y = -8.53844937196466
slit_tilt_z = -8.99159381770972
d_slit_col = 1594.3099827440954
coll_tilt_x = 0.11315628015356495
coll_tilt_y = -0.028905340440940543
ech_G = 31.613233286288388
ech_blaze = -74.97483098107662
ech_gamma = 1.1389771690033241
echelle_z = 0.07476909737764045
d_col_trf = -1588.017237155993
trf_mirror_tilt_x = 0.026318154500689563
trf_mirror_tilt_y = 0.1621773479217793
d_col_grm = -0.004825738101233296
grism_dec_x = 236.42334599811917
grism_dec_y = 0.0381129949021206
grm_tilt_x = -0.014051545080278761
grm_tilt_y = 2.3052724754386524
grm_G = 222.82400569687445
grm_apex = 17.79098889194947
d_grm_cam  = 21.6098195411071
cam_dec_x = -0.30952283016747306
cam_dec_y = 0.24721427785932223
cam_tilt_x = -0.011062873940908166
cam_tilt_y = 0.003739034284148695
d_cam_ff  = -160.05769412999987
ccd_ff_dec_x = -0.002598760434380937
ccd_ff_dec_y = 0.05304927935754547
ccd_ff_tilt_x = 0.019525633511424004
ccd_ff_tilt_y = -0.572810465790851
ccd_ff_tilt_z = 0.1800552784973131
d_ff_ccd  = -4.83894406072393
ccd_dec_x = 0.6214017368859776
ccd_dec_y = 5.157142902463256
ccd_defocus = 0.2807424842353049
ccd_tilt_x = 0.0050494995922970255
ccd_tilt_y = -0.010925257701577804
ccd_tilt_z = 5.0782625625654916e-06
p = 0.0001