slit_dec_x_a = -0.1704010755187174
slit_dec_y_a = -0.1956586180351446
slit_dec_x_b = 0.175
slit_dec_y_b = -1.8119236236410889e-96
slit_defocus = 0.021363380335471277
slit_tilt_x = 1.1140006282798822
slit_tilt_y = -8.538451359118858
slit_tilt_z = -8.99164004461025
d_slit_col = 1594.3099191496817
coll_tilt_x = 0.11317423360650158
coll_tilt_y = -0.028917297283448818
ech_G = 31.613230593975477
ech_blaze = -74.97482490893206
ech_gamma = 1.138971456736508
echelle_z = 0.07476551860055324
d_col_trf = -1588.0172317363792
trf_mirror_tilt_x = 0.026318433165101598
trf_mirror_tilt_y = 0.16219133819953205
d_col_grm = -0.004819072175013562
grism_dec_x = 236.42336203077448
grism_dec_y = 0.03819072125602908
grm_tilt_x = -0.014052129943514029
grm_tilt_y = 2.30527350840813
grm_G = 222.82400676927855
grm_apex = 17.79105165516628
d_grm_cam  = 21.60981402412084
cam_dec_x = -0.30957729658348393
cam_dec_y = 0.24729237716537733
cam_tilt_x = -0.011045520935356443
cam_tilt_y = 0.0037586534567457175
d_cam_ff  = -160.05772674056422
ccd_ff_dec_x = -0.0025999204508154196
ccd_ff_dec_y = 0.05299689559360582
ccd_ff_tilt_x = 0.019503168504062484
ccd_ff_tilt_y = -0.572801377713087
ccd_ff_tilt_z = 0.18005215380209907
d_ff_ccd  = -4.838920397846623
ccd_dec_x = 0.6214033230855375
ccd_dec_y = 5.157149545608912
ccd_defocus = 0.28085746425042885
ccd_tilt_x = 0.004998617841061084
ccd_tilt_y = -0.010942095307306008
ccd_tilt_z = 5.046307848730032e-06
p = 0.0001