slit_dec_x_a = -0.1704010755187174
slit_dec_y_a = -0.1956586180351446
slit_dec_x_b = 0.175
slit_dec_y_b = -1.863694790587925e-96
slit_defocus = 0.021428292355631907
slit_tilt_x = 1.114022869790137
slit_tilt_y = -8.53836973874401
slit_tilt_z = -8.991702589180647
d_slit_col = 1594.3099536206423
coll_tilt_x = 0.11317895080833261
coll_tilt_y = -0.02883489543257589
ech_G = 31.613234242183996
ech_blaze = -74.97483316093664
ech_gamma = 1.1389758412138793
echelle_z = 0.07477110397701986
d_col_trf = -1588.0172311946342
trf_mirror_tilt_x = 0.02625895687988404
trf_mirror_tilt_y = 0.1622270450628237
d_col_grm = -0.0048620674106626014
grism_dec_x = 236.42330988390003
grism_dec_y = 0.038213087556170665
grm_tilt_x = -0.014056732983510286
grm_tilt_y = 2.305265194198289
grm_G = 222.82400657343547
grm_apex = 17.791014429809003
d_grm_cam  = 21.609813451649703
cam_dec_x = -0.3096041803195631
cam_dec_y = 0.24730676191606285
cam_tilt_x = -0.011032697978513039
cam_tilt_y = 0.00380621792579551
d_cam_ff  = -160.05760074139172
ccd_ff_dec_x = -0.0026006256532595533
ccd_ff_dec_y = 0.053028510989731235
ccd_ff_tilt_x = 0.019518518221865993
ccd_ff_tilt_y = -0.5728015579554809
ccd_ff_tilt_z = 0.18005390131485002
d_ff_ccd  = -4.839004655952531
ccd_dec_x = 0.6214055497490478
ccd_dec_y = 5.157150098439534
ccd_defocus = 0.28068465343224547
ccd_tilt_x = 0.00501348860870393
ccd_tilt_y = -0.010893550115328622
ccd_tilt_z = 5.060542014730993e-06
p = 0.0001