slit_dec_x_a = -0.181778666534
slit_dec_y_a = -0.18243150017
slit_dec_x_b = 0.14512077562974193
slit_dec_y_b = -0.05510809031835813
slit_defocus = -0.013865029075345448
slit_tilt_x = 1.0540681341014908
slit_tilt_y = -8.55996672548434
slit_tilt_z = -9.026863812484441
d_slit_col = 1594.2903188723374
coll_tilt_x = 0.12143049420050364
coll_tilt_y = -0.02644211767693587
ech_G = 31.614562008801524
ech_blaze = -74.99489104393466
ech_gamma = 1.1556423762874652
echelle_z = 0.05700323014794091
d_col_trf = -1588.0163720820804
trf_mirror_tilt_x = 0.007301024626077395
trf_mirror_tilt_y = 0.1555053261448711
d_col_grm = 0.03570174393458368
grism_dec_x = 236.38329513652718
grism_dec_y = 0.009282518638362961
grm_tilt_x = -0.02349866718173213
grm_tilt_y = 2.3257881987786457
grm_G = 222.78407279488266
grm_apex = 17.766563402043364
d_grm_cam  = 21.604701249083856
cam_dec_x = -0.27106896007627634
cam_dec_y = 0.29094545642980196
cam_tilt_x = 0.012463030636824905
cam_tilt_y = 0.008835529126462282
d_cam_ff  = -160.07689890533294
ccd_ff_dec_x = -0.023807821742502604
ccd_ff_dec_y = 0.04207797362397427
ccd_ff_tilt_x = 0.033441825354058985
ccd_ff_tilt_y = -0.5909833320757928
ccd_ff_tilt_z = 0.17191568174481145
d_ff_ccd  = -4.815936448342566
ccd_dec_x = 0.5532950488437648
ccd_dec_y = 5.10763409447512
ccd_defocus = 0.28576744667024534
ccd_tilt_x = 0.03255011547068954
ccd_tilt_y = -0.0021569752270604496
ccd_tilt_z = 4.656631384612751e-06
p = 0.0001