slit_dec_x_a = -0.1704010755187174
slit_dec_y_a = -0.1956586180351446
slit_dec_x_b = 0.175
slit_dec_y_b = -1.8003718910705175e-96
slit_defocus = 0.021367131616414983
slit_tilt_x = 1.113993949881512
slit_tilt_y = -8.538358068163543
slit_tilt_z = -8.991581140939264
d_slit_col = 1594.3099338160825
coll_tilt_x = 0.11315085655742711
coll_tilt_y = -0.028889143415067618
ech_G = 31.613229357221876
ech_blaze = -74.97482425983335
ech_gamma = 1.138978729899262
echelle_z = 0.07476883474077729
d_col_trf = -1588.0172298015473
trf_mirror_tilt_x = 0.026296678829645165
trf_mirror_tilt_y = 0.1622261921688797
d_col_grm = -0.004853455673049617
grism_dec_x = 236.4233322855282
grism_dec_y = 0.038178086909351275
grm_tilt_x = -0.014058238048385767
grm_tilt_y = 2.3052752628104467
grm_G = 222.82400678317555
grm_apex = 17.79105866252904
d_grm_cam  = 21.609817961071276
cam_dec_x = -0.3095267252922208
cam_dec_y = 0.24727281251089467
cam_tilt_x = -0.01107289257092597
cam_tilt_y = 0.003805040323929256
d_cam_ff  = -160.05755921917915
ccd_ff_dec_x = -0.0026021673578074337
ccd_ff_dec_y = 0.05305725247811722
ccd_ff_tilt_x = 0.01947069101976619
ccd_ff_tilt_y = -0.5728061378130908
ccd_ff_tilt_z = 0.18005833339335572
d_ff_ccd  = -4.838883568942662
ccd_dec_x = 0.621406403179954
ccd_dec_y = 5.157148662611906
ccd_defocus = 0.28068744222798153
ccd_tilt_x = 0.005075220226923127
ccd_tilt_y = -0.010902316800282787
ccd_tilt_z = 5.1262856285824405e-06
p = 0.0001