slit_dec_x_a = -0.181778666534
slit_dec_y_a = -0.18243150017
slit_dec_x_b = 0.14512077562974193
slit_dec_y_b = -0.05510809031835813
slit_defocus = -0.013737338384970895
slit_tilt_x = 1.0540276477334871
slit_tilt_y = -8.55996598909187
slit_tilt_z = -9.026841271340015
d_slit_col = 1594.2902844659682
coll_tilt_x = 0.12144325721495995
coll_tilt_y = -0.026527068992281914
ech_G = 31.614564704887176
ech_blaze = -74.99488173879644
ech_gamma = 1.1556353804531065
echelle_z = 0.05700764446299024
d_col_trf = -1588.0163683919764
trf_mirror_tilt_x = 0.007354038068364927
trf_mirror_tilt_y = 0.15544330845483273
d_col_grm = 0.03565591584747343
grism_dec_x = 236.38318793601343
grism_dec_y = 0.009239183183851708
grm_tilt_x = -0.02351021898936052
grm_tilt_y = 2.3257891723475987
grm_G = 222.78406802578792
grm_apex = 17.766542492353057
d_grm_cam  = 21.60470113693144
cam_dec_x = -0.2710910503956481
cam_dec_y = 0.2908741330993602
cam_tilt_x = 0.01247736081185083
cam_tilt_y = 0.008806562601113666
d_cam_ff  = -160.07713135589145
ccd_ff_dec_x = -0.02380077887276294
ccd_ff_dec_y = 0.04199780881689795
ccd_ff_tilt_x = 0.03350644614713099
ccd_ff_tilt_y = -0.590978299587694
ccd_ff_tilt_z = 0.17191569016291192
d_ff_ccd  = -4.815988379524333
ccd_dec_x = 0.5532984686356193
ccd_dec_y = 5.107626496309972
ccd_defocus = 0.2857504949768327
ccd_tilt_x = 0.03260152264358186
ccd_tilt_y = -0.0020681798336881006
ccd_tilt_z = 4.698673309105462e-06
p = 0.0001