slit_dec_x_a = -0.1704010755187174
slit_dec_y_a = -0.1956586180351446
slit_dec_x_b = 0.175
slit_dec_y_b = -1.8610488308898606e-96
slit_defocus = 0.02140567570969222
slit_tilt_x = 1.1139807710625622
slit_tilt_y = -8.538443580882376
slit_tilt_z = -8.991653930020762
d_slit_col = 1594.3099767129243
coll_tilt_x = 0.1131440851659731
coll_tilt_y = -0.028896992908732305
ech_G = 31.61322884945402
ech_blaze = -74.97482651864694
ech_gamma = 1.1389747062932785
echelle_z = 0.07476943878259987
d_col_trf = -1588.0172296455723
trf_mirror_tilt_x = 0.02630587096293406
trf_mirror_tilt_y = 0.16219013188904793
d_col_grm = -0.004793917624612045
grism_dec_x = 236.42326646315797
grism_dec_y = 0.03817939564659939
grm_tilt_x = -0.01404708314757741
grm_tilt_y = 2.3052733440102666
grm_G = 222.8240064272197
grm_apex = 17.791028131347705
d_grm_cam  = 21.609815637430135
cam_dec_x = -0.309554485617407
cam_dec_y = 0.24719725136792614
cam_tilt_x = -0.011076092329180406
cam_tilt_y = 0.0038100378013393066
d_cam_ff  = -160.05785273589592
ccd_ff_dec_x = -0.0026035384664741144
ccd_ff_dec_y = 0.05301197545035035
ccd_ff_tilt_x = 0.019533860776682434
ccd_ff_tilt_y = -0.5728047459402458
ccd_ff_tilt_z = 0.1800492441171545
d_ff_ccd  = -4.838882874153255
ccd_dec_x = 0.6214039742786281
ccd_dec_y = 5.157152087596434
ccd_defocus = 0.2807664140788607
ccd_tilt_x = 0.00503071776757783
ccd_tilt_y = -0.01091877020134215
ccd_tilt_z = 5.1391261592582826e-06
p = 0.0001