slit_dec_x_a = -0.181778666534
slit_dec_y_a = -0.18243150017
slit_dec_x_b = 0.14512077562974193
slit_dec_y_b = -0.05510809031835813
slit_defocus = -0.013792836773088334
slit_tilt_x = 1.054107493015042
slit_tilt_y = -8.559971773839907
slit_tilt_z = -9.026955972926645
d_slit_col = 1594.2902679090005
coll_tilt_x = 0.1214182590287746
coll_tilt_y = -0.026504710093994917
ech_G = 31.61456362774228
ech_blaze = -74.99489262805795
ech_gamma = 1.1556324491565122
echelle_z = 0.057001208322390924
d_col_trf = -1588.016366021809
trf_mirror_tilt_x = 0.00726652797957831
trf_mirror_tilt_y = 0.1554249401259533
d_col_grm = 0.03566079505484166
grism_dec_x = 236.38314968605826
grism_dec_y = 0.009207912328573355
grm_tilt_x = -0.02350433092543585
grm_tilt_y = 2.325785759779594
grm_G = 222.78408346114122
grm_apex = 17.76657851013956
d_grm_cam  = 21.60470056690674
cam_dec_x = -0.2710385631577799
cam_dec_y = 0.2909340858339028
cam_tilt_x = 0.012434475447376475
cam_tilt_y = 0.008828456885402623
d_cam_ff  = -160.07713508749305
ccd_ff_dec_x = -0.023805465394153135
ccd_ff_dec_y = 0.04201489289572814
ccd_ff_tilt_x = 0.033443416389330786
ccd_ff_tilt_y = -0.5909858633246872
ccd_ff_tilt_z = 0.17191781159814815
d_ff_ccd  = -4.8160200703237965
ccd_dec_x = 0.5532920110719942
ccd_dec_y = 5.107629529711136
ccd_defocus = 0.2857263870650741
ccd_tilt_x = 0.032593227942526705
ccd_tilt_y = -0.002184615617244217
ccd_tilt_z = 4.685311212369463e-06
p = 0.0001