slit_dec_x_a = -0.181778666534
slit_dec_y_a = -0.18243150017
slit_dec_x_b = 0.14512077562974193
slit_dec_y_b = -0.05510809031835813
slit_defocus = -0.013734029654743308
slit_tilt_x = 1.0540863098299265
slit_tilt_y = -8.560023684603836
slit_tilt_z = -9.026846629588194
d_slit_col = 1594.2901958410837
coll_tilt_x = 0.12146975581504879
coll_tilt_y = -0.02651510305672003
ech_G = 31.614571134517746
ech_blaze = -74.99488601506657
ech_gamma = 1.155644609365275
echelle_z = 0.0570096964945046
d_col_trf = -1588.016359522459
trf_mirror_tilt_x = 0.00730199496641837
trf_mirror_tilt_y = 0.1554173970227345
d_col_grm = 0.035670876461041244
grism_dec_x = 236.38320514622376
grism_dec_y = 0.009344012724420106
grm_tilt_x = -0.023502294423057683
grm_tilt_y = 2.325790545691122
grm_G = 222.78406561682755
grm_apex = 17.766516269231957
d_grm_cam  = 21.60469660001603
cam_dec_x = -0.27116804699203245
cam_dec_y = 0.2908530471270599
cam_tilt_x = 0.012441758033898593
cam_tilt_y = 0.008789570835060443
d_cam_ff  = -160.07713832229123
ccd_ff_dec_x = -0.023799307066714057
ccd_ff_dec_y = 0.04203580284585982
ccd_ff_tilt_x = 0.033454368868951534
ccd_ff_tilt_y = -0.5909839338472989
ccd_ff_tilt_z = 0.17191913093818573
d_ff_ccd  = -4.815997004082112
ccd_dec_x = 0.5533010823766605
ccd_dec_y = 5.10763324369862
ccd_defocus = 0.2857394044550663
ccd_tilt_x = 0.03258012958875167
ccd_tilt_y = -0.002147866383660744
ccd_tilt_z = 4.649415821128896e-06
p = 0.0001