slit_dec_x_a = -0.1704010755187174
slit_dec_y_a = -0.1956586180351446
slit_dec_x_b = 0.175
slit_dec_y_b = -1.8674412907396574e-96
slit_defocus = 0.021416593738592733
slit_tilt_x = 1.1139966010890063
slit_tilt_y = -8.538448974257191
slit_tilt_z = -8.991623090537733
d_slit_col = 1594.309987811072
coll_tilt_x = 0.11317347228227115
coll_tilt_y = -0.02888362115411475
ech_G = 31.61323211679035
ech_blaze = -74.97483010074326
ech_gamma = 1.1389764593613743
echelle_z = 0.07477527313261097
d_col_trf = -1588.0172296490434
trf_mirror_tilt_x = 0.02633635082362425
trf_mirror_tilt_y = 0.1622073772729142
d_col_grm = -0.00484244617794193
grism_dec_x = 236.42329282666893
grism_dec_y = 0.038084111984567376
grm_tilt_x = -0.01404532835921849
grm_tilt_y = 2.3052744366296856
grm_G = 222.82400493601716
grm_apex = 17.79104434782357
d_grm_cam  = 21.60981744426138
cam_dec_x = -0.3096137201139947
cam_dec_y = 0.24732547666216054
cam_tilt_x = -0.01106626516690304
cam_tilt_y = 0.003841074557588791
d_cam_ff  = -160.05728316657155
ccd_ff_dec_x = -0.0026038844826321112
ccd_ff_dec_y = 0.053099340979098755
ccd_ff_tilt_x = 0.019543337958148797
ccd_ff_tilt_y = -0.572796459243502
ccd_ff_tilt_z = 0.18005105752644576
d_ff_ccd  = -4.838891479521495
ccd_dec_x = 0.6214039968209699
ccd_dec_y = 5.1571463178519625
ccd_defocus = 0.2807095454503242
ccd_tilt_x = 0.0049675552026260915
ccd_tilt_y = -0.010908415628840484
ccd_tilt_z = 5.079052621670359e-06
p = 0.0001