slit_dec_x_a = -0.181778666534
slit_dec_y_a = -0.18243150017
slit_dec_x_b = 0.14512077562974193
slit_dec_y_b = -0.05510809031835813
slit_defocus = -0.013732807597448325
slit_tilt_x = 1.0540952317155716
slit_tilt_y = -8.559980900004696
slit_tilt_z = -9.02690418972795
d_slit_col = 1594.2902613614942
coll_tilt_x = 0.12146817270239502
coll_tilt_y = -0.02651156004784032
ech_G = 31.614564157065093
ech_blaze = -74.99489296533578
ech_gamma = 1.1556408067468595
echelle_z = 0.05700226662981045
d_col_trf = -1588.0163663954136
trf_mirror_tilt_x = 0.007303093166850803
trf_mirror_tilt_y = 0.15543779018701026
d_col_grm = 0.035665072269990765
grism_dec_x = 236.38319642179033
grism_dec_y = 0.009241967625782374
grm_tilt_x = -0.023505585607798155
grm_tilt_y = 2.325791650970947
grm_G = 222.78407399489396
grm_apex = 17.766521614522603
d_grm_cam  = 21.60470203148388
cam_dec_x = -0.2711300676806743
cam_dec_y = 0.29088493870370546
cam_tilt_x = 0.012465961138150707
cam_tilt_y = 0.008754950734304594
d_cam_ff  = -160.07708161196766
ccd_ff_dec_x = -0.023802892271908002
ccd_ff_dec_y = 0.04200875387565616
ccd_ff_tilt_x = 0.0335469492413043
ccd_ff_tilt_y = -0.5909873711663208
ccd_ff_tilt_z = 0.1719210182370531
d_ff_ccd  = -4.815973927636076
ccd_dec_x = 0.5533036053310592
ccd_dec_y = 5.107636324932151
ccd_defocus = 0.28574553589666024
ccd_tilt_x = 0.032554398263591404
ccd_tilt_y = -0.002186508809586418
ccd_tilt_z = 4.736843924033414e-06
p = 0.0001