slit_dec_x_a = -0.181778666534
slit_dec_y_a = -0.18243150017
slit_dec_x_b = 0.14512077562974193
slit_dec_y_b = -0.05510809031835813
slit_defocus = -0.01371773597556977
slit_tilt_x = 1.0541192509283928
slit_tilt_y = -8.560023807642613
slit_tilt_z = -9.026809330171925
d_slit_col = 1594.2903173340076
coll_tilt_x = 0.12144739335940177
coll_tilt_y = -0.026493830013825097
ech_G = 31.614568508129192
ech_blaze = -74.99488128595198
ech_gamma = 1.1556377017322783
echelle_z = 0.05700197737271123
d_col_trf = -1588.0163657500123
trf_mirror_tilt_x = 0.007347665814868116
trf_mirror_tilt_y = 0.15549150397673497
d_col_grm = 0.035703606748378365
grism_dec_x = 236.3831669030768
grism_dec_y = 0.009239072801893632
grm_tilt_x = -0.02350664174619518
grm_tilt_y = 2.325787586583286
grm_G = 222.78407021955522
grm_apex = 17.766525743475533
d_grm_cam  = 21.60469953332929
cam_dec_x = -0.27110368443841076
cam_dec_y = 0.2908726275171865
cam_tilt_x = 0.012418364114433594
cam_tilt_y = 0.008820401602967376
d_cam_ff  = -160.07707886933224
ccd_ff_dec_x = -0.023802251937335293
ccd_ff_dec_y = 0.042024045464582674
ccd_ff_tilt_x = 0.033517606614395165
ccd_ff_tilt_y = -0.5909823395978006
ccd_ff_tilt_z = 0.17192295543416186
d_ff_ccd  = -4.8159973302774866
ccd_dec_x = 0.5533052655549405
ccd_dec_y = 5.107634107495756
ccd_defocus = 0.28587139477835705
ccd_tilt_x = 0.0325196849641406
ccd_tilt_y = -0.0021756509765535007
ccd_tilt_z = 4.689768756736715e-06
p = 0.0001