slit_dec_x_a = -0.181778666534
slit_dec_y_a = -0.18243150017
slit_dec_x_b = 0.14512077562974193
slit_dec_y_b = -0.05510809031835813
slit_defocus = -0.013756983350016901
slit_tilt_x = 1.0540439895451996
slit_tilt_y = -8.559942360719754
slit_tilt_z = -9.02687641343561
d_slit_col = 1594.2903310304182
coll_tilt_x = 0.12140983796861692
coll_tilt_y = -0.026545756642532007
ech_G = 31.614561610581926
ech_blaze = -74.99488844571243
ech_gamma = 1.1556416281212272
echelle_z = 0.0570003037937282
d_col_trf = -1588.016363135244
trf_mirror_tilt_x = 0.007262124462310643
trf_mirror_tilt_y = 0.15548520607525015
d_col_grm = 0.03565512830379652
grism_dec_x = 236.38324742886874
grism_dec_y = 0.009258357239170078
grm_tilt_x = -0.023503312267352458
grm_tilt_y = 2.32578587123737
grm_G = 222.78407486326824
grm_apex = 17.7664890805346
d_grm_cam  = 21.60470041430176
cam_dec_x = -0.2710919908748528
cam_dec_y = 0.2908857981958855
cam_tilt_x = 0.012448026741864146
cam_tilt_y = 0.008817820480862793
d_cam_ff  = -160.07731212298575
ccd_ff_dec_x = -0.02380720147760083
ccd_ff_dec_y = 0.042065574568411944
ccd_ff_tilt_x = 0.03345705985711735
ccd_ff_tilt_y = -0.5909750655814978
ccd_ff_tilt_z = 0.1719156516548537
d_ff_ccd  = -4.816007087662238
ccd_dec_x = 0.5532990732147182
ccd_dec_y = 5.1076310017053865
ccd_defocus = 0.2857843595262552
ccd_tilt_x = 0.03263064985389393
ccd_tilt_y = -0.0021915156309171547
ccd_tilt_z = 4.702716632821327e-06
p = 0.0001