slit_dec_x_a = -0.1704010755187174
slit_dec_y_a = -0.1956586180351446
slit_dec_x_b = 0.175
slit_dec_y_b = -1.7833501999008754e-96
slit_defocus = 0.0213881328281767
slit_tilt_x = 1.1139920516365516
slit_tilt_y = -8.53847555897732
slit_tilt_z = -8.991567821287555
d_slit_col = 1594.3099768649513
coll_tilt_x = 0.11317292161438072
coll_tilt_y = -0.02888793749862973
ech_G = 31.61323468910714
ech_blaze = -74.9748311682796
ech_gamma = 1.1389724135735357
echelle_z = 0.07477177238042569
d_col_trf = -1588.0172312131124
trf_mirror_tilt_x = 0.02627730075549424
trf_mirror_tilt_y = 0.16218254060268225
d_col_grm = -0.004815112746133031
grism_dec_x = 236.4233319561129
grism_dec_y = 0.03815193449893927
grm_tilt_x = -0.01405804421466153
grm_tilt_y = 2.3052675312536284
grm_G = 222.82399997788843
grm_apex = 17.790949814152608
d_grm_cam  = 21.609819736415034
cam_dec_x = -0.3096274618623993
cam_dec_y = 0.24731850450708645
cam_tilt_x = -0.011088548075377392
cam_tilt_y = 0.003768472126397923
d_cam_ff  = -160.05754112467122
ccd_ff_dec_x = -0.0025982880639082947
ccd_ff_dec_y = 0.05306880936666706
ccd_ff_tilt_x = 0.01945397893713979
ccd_ff_tilt_y = -0.5728044787127504
ccd_ff_tilt_z = 0.18004776910944162
d_ff_ccd  = -4.8389466572105855
ccd_dec_x = 0.6214114180984377
ccd_dec_y = 5.157143684652161
ccd_defocus = 0.28076365263629954
ccd_tilt_x = 0.005083057069510306
ccd_tilt_y = -0.0109588820967171
ccd_tilt_z = 5.122076784888869e-06
p = 0.0001