slit_dec_x_a = -0.181778666534
slit_dec_y_a = -0.18243150017
slit_dec_x_b = 0.14512077562974193
slit_dec_y_b = -0.05510809031835813
slit_defocus = -0.013741101635214394
slit_tilt_x = 1.0540793281142462
slit_tilt_y = -8.559946847600312
slit_tilt_z = -9.026865272298734
d_slit_col = 1594.2902764753305
coll_tilt_x = 0.12145190649331788
coll_tilt_y = -0.026426138051915044
ech_G = 31.61456400755643
ech_blaze = -74.994886999936
ech_gamma = 1.1556339884245732
echelle_z = 0.05700364437466601
d_col_trf = -1588.016358666382
trf_mirror_tilt_x = 0.007312291048221357
trf_mirror_tilt_y = 0.15530528271884406
d_col_grm = 0.03567962603574141
grism_dec_x = 236.383169858819
grism_dec_y = 0.009223368827081684
grm_tilt_x = -0.0235055963142815
grm_tilt_y = 2.3257872692795263
grm_G = 222.78406958719395
grm_apex = 17.76656589328224
d_grm_cam  = 21.604695826146035
cam_dec_x = -0.2710661904285564
cam_dec_y = 0.29088111629593505
cam_tilt_x = 0.012466746055799739
cam_tilt_y = 0.00884283366834421
d_cam_ff  = -160.0770896268145
ccd_ff_dec_x = -0.02379975199759597
ccd_ff_dec_y = 0.04205127159037981
ccd_ff_tilt_x = 0.03351828393098849
ccd_ff_tilt_y = -0.5909808202523988
ccd_ff_tilt_z = 0.17191750059701938
d_ff_ccd  = -4.816005541001784
ccd_dec_x = 0.5532953145443301
ccd_dec_y = 5.107631858855257
ccd_defocus = 0.28576979685279924
ccd_tilt_x = 0.03254814681405642
ccd_tilt_y = -0.0021318660925439274
ccd_tilt_z = 4.763968503077053e-06
p = 0.0001