slit_dec_x_a = -0.1704010755187174
slit_dec_y_a = -0.1956586180351446
slit_dec_x_b = 0.175
slit_dec_y_b = -1.886601131051849e-96
slit_defocus = 0.02136584965871705
slit_tilt_x = 1.1140117404657481
slit_tilt_y = -8.538480548204475
slit_tilt_z = -8.991601271690195
d_slit_col = 1594.3099972492728
coll_tilt_x = 0.11320008170575743
coll_tilt_y = -0.028900503877949995
ech_G = 31.61323594841158
ech_blaze = -74.97483295094092
ech_gamma = 1.1389749577450328
echelle_z = 0.07477043447355035
d_col_trf = -1588.0172327406976
trf_mirror_tilt_x = 0.02633184164343571
trf_mirror_tilt_y = 0.16217832719672903
d_col_grm = -0.004791344125972846
grism_dec_x = 236.42329163989476
grism_dec_y = 0.038119661388361994
grm_tilt_x = -0.014053389541907059
grm_tilt_y = 2.3052737560793473
grm_G = 222.82400911283256
grm_apex = 17.791082572915098
d_grm_cam  = 21.609818544235154
cam_dec_x = -0.3095491580566304
cam_dec_y = 0.24729985694316206
cam_tilt_x = -0.01110035138919325
cam_tilt_y = 0.0038178037020433803
d_cam_ff  = -160.05747688992332
ccd_ff_dec_x = -0.002600514173659851
ccd_ff_dec_y = 0.053065734796187654
ccd_ff_tilt_x = 0.01952368796580244
ccd_ff_tilt_y = -0.5728019351871717
ccd_ff_tilt_z = 0.18005320832374702
d_ff_ccd  = -4.8389415351049445
ccd_dec_x = 0.6214066021643129
ccd_dec_y = 5.157154057399813
ccd_defocus = 0.28070839497275135
ccd_tilt_x = 0.0050027771097699075
ccd_tilt_y = -0.010894962835724052
ccd_tilt_z = 5.035251598929409e-06
p = 0.0001