slit_dec_x_a = -0.1704010755187174
slit_dec_y_a = -0.1956586180351446
slit_dec_x_b = 0.175
slit_dec_y_b = -1.8626714962859529e-96
slit_defocus = 0.021417838028893698
slit_tilt_x = 1.1139884698949463
slit_tilt_y = -8.538376202201054
slit_tilt_z = -8.991658447268568
d_slit_col = 1594.3100028124763
coll_tilt_x = 0.11320603841487742
coll_tilt_y = -0.02888256342883103
ech_G = 31.613235236689512
ech_blaze = -74.97483452518688
ech_gamma = 1.138981348614767
echelle_z = 0.07477420273848308
d_col_trf = -1588.0172322403257
trf_mirror_tilt_x = 0.026313444344789806
trf_mirror_tilt_y = 0.16230422714561546
d_col_grm = -0.0048815348799508395
grism_dec_x = 236.42334896766747
grism_dec_y = 0.03814907528904565
grm_tilt_x = -0.01405640225297811
grm_tilt_y = 2.305278772161518
grm_G = 222.82400299923123
grm_apex = 17.791034141950842
d_grm_cam  = 21.609815736874896
cam_dec_x = -0.30951799878309366
cam_dec_y = 0.2472520571644854
cam_tilt_x = -0.010998078151938262
cam_tilt_y = 0.0037743624703811237
d_cam_ff  = -160.05773816086608
ccd_ff_dec_x = -0.0025991655068034417
ccd_ff_dec_y = 0.05306440016208083
ccd_ff_tilt_x = 0.019471119118999985
ccd_ff_tilt_y = -0.5727950344334399
ccd_ff_tilt_z = 0.18005577480829643
d_ff_ccd  = -4.838949042361045
ccd_dec_x = 0.6214052460299605
ccd_dec_y = 5.157146091891788
ccd_defocus = 0.2807083597184706
ccd_tilt_x = 0.005022154137444173
ccd_tilt_y = -0.01092703805695481
ccd_tilt_z = 5.076176048536895e-06
p = 0.0001