slit_dec_x_a = -0.1704010755187174
slit_dec_y_a = -0.1956586180351446
slit_dec_x_b = 0.175
slit_dec_y_b = -1.8625854090850098e-96
slit_defocus = 0.021420781611464268
slit_tilt_x = 1.113972970775109
slit_tilt_y = -8.538445322895994
slit_tilt_z = -8.991678873169196
d_slit_col = 1594.3099120495929
coll_tilt_x = 0.11316677401949933
coll_tilt_y = -0.02889312881187265
ech_G = 31.61323127819215
ech_blaze = -74.97483279225547
ech_gamma = 1.1389748356030358
echelle_z = 0.07476943307322893
d_col_trf = -1588.0172351393783
trf_mirror_tilt_x = 0.02631077584837752
trf_mirror_tilt_y = 0.16221012709720492
d_col_grm = -0.00477682132553325
grism_dec_x = 236.4232951850584
grism_dec_y = 0.03821932402492489
grm_tilt_x = -0.014050744087032847
grm_tilt_y = 2.305279208070325
grm_G = 222.82400376481007
grm_apex = 17.7909974118931
d_grm_cam  = 21.609813007914294
cam_dec_x = -0.30956984695726036
cam_dec_y = 0.24726613380902338
cam_tilt_x = -0.011076256096866223
cam_tilt_y = 0.003768303352700084
d_cam_ff  = -160.05752260139795
ccd_ff_dec_x = -0.0026025651791987655
ccd_ff_dec_y = 0.053081049252676406
ccd_ff_tilt_x = 0.019589043515979794
ccd_ff_tilt_y = -0.5728028607858503
ccd_ff_tilt_z = 0.1800466607866398
d_ff_ccd  = -4.838916064899355
ccd_dec_x = 0.6213979026490501
ccd_dec_y = 5.157143035251397
ccd_defocus = 0.280755327375208
ccd_tilt_x = 0.005038833836543352
ccd_tilt_y = -0.010874827719729929
ccd_tilt_z = 5.104279847354209e-06
p = 0.0001