slit_dec_x_a = -0.181778666534
slit_dec_y_a = -0.18243150017
slit_dec_x_b = 0.14512077562974193
slit_dec_y_b = -0.05510809031835813
slit_defocus = -0.01380249650178433
slit_tilt_x = 1.0540898884749414
slit_tilt_y = -8.559946201094755
slit_tilt_z = -9.026885150725382
d_slit_col = 1594.2902266095407
coll_tilt_x = 0.12139102780079095
coll_tilt_y = -0.026544844226918673
ech_G = 31.614562389582638
ech_blaze = -74.99488480369675
ech_gamma = 1.1556422524000356
echelle_z = 0.057007447053165836
d_col_trf = -1588.0163675735669
trf_mirror_tilt_x = 0.007281195680250687
trf_mirror_tilt_y = 0.1554423806772178
d_col_grm = 0.03560240140655183
grism_dec_x = 236.3831881125997
grism_dec_y = 0.009297565654727264
grm_tilt_x = -0.023512777911401748
grm_tilt_y = 2.325780138644801
grm_G = 222.7840665018732
grm_apex = 17.766451965430832
d_grm_cam  = 21.604698837435798
cam_dec_x = -0.27105751606064804
cam_dec_y = 0.2909013753131134
cam_tilt_x = 0.012453120427164541
cam_tilt_y = 0.008802012247622903
d_cam_ff  = -160.07723036391806
ccd_ff_dec_x = -0.02380710738797965
ccd_ff_dec_y = 0.0419664128265618
ccd_ff_tilt_x = 0.03351085349495811
ccd_ff_tilt_y = -0.5909863576732637
ccd_ff_tilt_z = 0.17191524665779567
d_ff_ccd  = -4.816036083265555
ccd_dec_x = 0.55329404879346
ccd_dec_y = 5.107625752680706
ccd_defocus = 0.2857705852958252
ccd_tilt_x = 0.03254606639787524
ccd_tilt_y = -0.0021148292822260255
ccd_tilt_z = 4.6945987785851764e-06
p = 0.0001