slit_dec_x_a = -0.1704010755187174
slit_dec_y_a = -0.1956586180351446
slit_dec_x_b = 0.175
slit_dec_y_b = -1.7828307584058448e-96
slit_defocus = 0.021362328306920277
slit_tilt_x = 1.1140042118209095
slit_tilt_y = -8.538457425531936
slit_tilt_z = -8.991661482148812
d_slit_col = 1594.309914287503
coll_tilt_x = 0.11320490421880718
coll_tilt_y = -0.028961079201354722
ech_G = 31.61323453931118
ech_blaze = -74.97483025568833
ech_gamma = 1.138977898657928
echelle_z = 0.07477725988308555
d_col_trf = -1588.017234415828
trf_mirror_tilt_x = 0.026252912253212853
trf_mirror_tilt_y = 0.1622248806489709
d_col_grm = -0.004844743866844192
grism_dec_x = 236.42326111451672
grism_dec_y = 0.038200081180855106
grm_tilt_x = -0.014053732269671814
grm_tilt_y = 2.3052775030549295
grm_G = 222.82400684916706
grm_apex = 17.791083442653115
d_grm_cam  = 21.609821394568453
cam_dec_x = -0.3094998034137011
cam_dec_y = 0.2472423316222719
cam_tilt_x = -0.01102411944988048
cam_tilt_y = 0.0037630056793866553
d_cam_ff  = -160.05755682883776
ccd_ff_dec_x = -0.002600905710036255
ccd_ff_dec_y = 0.05297961318015941
ccd_ff_tilt_x = 0.01947588414576504
ccd_ff_tilt_y = -0.5728096120212778
ccd_ff_tilt_z = 0.18005369039541613
d_ff_ccd  = -4.838910064557281
ccd_dec_x = 0.6214096255935081
ccd_dec_y = 5.157147913708063
ccd_defocus = 0.28064842022930514
ccd_tilt_x = 0.005073130394519727
ccd_tilt_y = -0.010952760944740769
ccd_tilt_z = 5.154337819267309e-06
p = 0.0001