slit_dec_x_a = -0.1704010755187174
slit_dec_y_a = -0.1956586180351446
slit_dec_x_b = 0.175
slit_dec_y_b = -1.8005334011728525e-96
slit_defocus = 0.021345958725174884
slit_tilt_x = 1.1139999159739653
slit_tilt_y = -8.538450536685895
slit_tilt_z = -8.991656671522026
d_slit_col = 1594.3100085238345
coll_tilt_x = 0.11319561640397317
coll_tilt_y = -0.02894383845883732
ech_G = 31.613236622946662
ech_blaze = -74.97482869433217
ech_gamma = 1.1389773325727148
echelle_z = 0.0747688137073115
d_col_trf = -1588.0172338867067
trf_mirror_tilt_x = 0.026319147736697992
trf_mirror_tilt_y = 0.16226210438518948
d_col_grm = -0.004810179273940264
grism_dec_x = 236.4233223965935
grism_dec_y = 0.03817514504696326
grm_tilt_x = -0.014049831833628523
grm_tilt_y = 2.305277382953336
grm_G = 222.82400475760315
grm_apex = 17.791018019657425
d_grm_cam  = 21.609814523642164
cam_dec_x = -0.3095546350804024
cam_dec_y = 0.2472305266347301
cam_tilt_x = -0.011102965538605578
cam_tilt_y = 0.00378541384634754
d_cam_ff  = -160.05759424817288
ccd_ff_dec_x = -0.002603493208056689
ccd_ff_dec_y = 0.05299791960379491
ccd_ff_tilt_x = 0.01952709346226459
ccd_ff_tilt_y = -0.5727940717758571
ccd_ff_tilt_z = 0.18005144001667528
d_ff_ccd  = -4.838952733190917
ccd_dec_x = 0.6214027820103322
ccd_dec_y = 5.157146607245686
ccd_defocus = 0.2807008081265548
ccd_tilt_x = 0.00507900746058875
ccd_tilt_y = -0.010905020629445436
ccd_tilt_z = 5.1073745077069155e-06
p = 0.0001