slit_dec_x_a = -0.181778666534
slit_dec_y_a = -0.18243150017
slit_dec_x_b = 0.14512077562974193
slit_dec_y_b = -0.05510809031835813
slit_defocus = -0.013862017485334305
slit_tilt_x = 1.0540357543815155
slit_tilt_y = -8.559973660992226
slit_tilt_z = -9.026899607519189
d_slit_col = 1594.290257686997
coll_tilt_x = 0.12135671115547236
coll_tilt_y = -0.026505777029077006
ech_G = 31.614559787180873
ech_blaze = -74.99489189910113
ech_gamma = 1.1556429929348007
echelle_z = 0.057009370738149684
d_col_trf = -1588.0163629183708
trf_mirror_tilt_x = 0.00734974406746565
trf_mirror_tilt_y = 0.1554279710749267
d_col_grm = 0.035708902970764254
grism_dec_x = 236.38319093983722
grism_dec_y = 0.009187695346565387
grm_tilt_x = -0.023508289811889575
grm_tilt_y = 2.3257898006559588
grm_G = 222.78407021265954
grm_apex = 17.766506981823163
d_grm_cam  = 21.604697885960594
cam_dec_x = -0.2711275546927673
cam_dec_y = 0.29096690110902074
cam_tilt_x = 0.01237777055481947
cam_tilt_y = 0.008851278129519502
d_cam_ff  = -160.07707114775886
ccd_ff_dec_x = -0.023803283832207135
ccd_ff_dec_y = 0.042038863942695064
ccd_ff_tilt_x = 0.03348922014582913
ccd_ff_tilt_y = -0.5909829295138107
ccd_ff_tilt_z = 0.17191485698172176
d_ff_ccd  = -4.815992715567918
ccd_dec_x = 0.5533054554879071
ccd_dec_y = 5.107630814080824
ccd_defocus = 0.2857261169916009
ccd_tilt_x = 0.0325382329353778
ccd_tilt_y = -0.0021934203647391605
ccd_tilt_z = 4.633171840751291e-06
p = 0.0001