slit_dec_x_a = -0.181778666534
slit_dec_y_a = -0.18243150017
slit_dec_x_b = 0.14512077562974193
slit_dec_y_b = -0.05510809031835813
slit_defocus = -0.013841792914174622
slit_tilt_x = 1.054144950517833
slit_tilt_y = -8.559987338383758
slit_tilt_z = -9.0269453439101
d_slit_col = 1594.2903458395856
coll_tilt_x = 0.12140428468215599
coll_tilt_y = -0.02651297314421068
ech_G = 31.61456211164837
ech_blaze = -74.99488564016285
ech_gamma = 1.1556384452998951
echelle_z = 0.057006024743817864
d_col_trf = -1588.016371234716
trf_mirror_tilt_x = 0.0073569129044409615
trf_mirror_tilt_y = 0.15545832946944813
d_col_grm = 0.03570174307662475
grism_dec_x = 236.38322375918372
grism_dec_y = 0.009291531396050616
grm_tilt_x = -0.023503496109769713
grm_tilt_y = 2.325797921449727
grm_G = 222.78407675690167
grm_apex = 17.76657010826709
d_grm_cam  = 21.60470565353323
cam_dec_x = -0.27113159052326546
cam_dec_y = 0.29089572336882574
cam_tilt_x = 0.012485520031742258
cam_tilt_y = 0.008896693927460746
d_cam_ff  = -160.077353496133
ccd_ff_dec_x = -0.023798556215238624
ccd_ff_dec_y = 0.04202052366310148
ccd_ff_tilt_x = 0.03344180507645227
ccd_ff_tilt_y = -0.5909776059182672
ccd_ff_tilt_z = 0.17192050214532256
d_ff_ccd  = -4.816047134407806
ccd_dec_x = 0.5532904294936963
ccd_dec_y = 5.107638515562248
ccd_defocus = 0.2857922587407064
ccd_tilt_x = 0.03263612094564663
ccd_tilt_y = -0.0020934233377138513
ccd_tilt_z = 4.705094673715218e-06
p = 0.0001