slit_dec_x_a = -0.1704010755187174
slit_dec_y_a = -0.1956586180351446
slit_dec_x_b = 0.175
slit_dec_y_b = -1.8293498055228991e-96
slit_defocus = 0.02138958479646884
slit_tilt_x = 1.1139369940792068
slit_tilt_y = -8.53848991970178
slit_tilt_z = -8.991647650957248
d_slit_col = 1594.3100248962746
coll_tilt_x = 0.11315932320246563
coll_tilt_y = -0.028862854481550123
ech_G = 31.613231416886258
ech_blaze = -74.97483312262038
ech_gamma = 1.13898206926025
echelle_z = 0.07477789870974227
d_col_trf = -1588.0172273992166
trf_mirror_tilt_x = 0.026306985414400397
trf_mirror_tilt_y = 0.16221341662020072
d_col_grm = -0.004796770141858699
grism_dec_x = 236.4233500020413
grism_dec_y = 0.03824965054376778
grm_tilt_x = -0.014058259631369014
grm_tilt_y = 2.3052793810871286
grm_G = 222.82400145164195
grm_apex = 17.79108926344735
d_grm_cam  = 21.609813862985753
cam_dec_x = -0.30951015407769517
cam_dec_y = 0.24721886485610228
cam_tilt_x = -0.011067765065419777
cam_tilt_y = 0.003757160963880519
d_cam_ff  = -160.05709373388805
ccd_ff_dec_x = -0.002601105453232072
ccd_ff_dec_y = 0.05302877125926325
ccd_ff_tilt_x = 0.019495152357047223
ccd_ff_tilt_y = -0.5728028124002617
ccd_ff_tilt_z = 0.18004919967400002
d_ff_ccd  = -4.838905710129736
ccd_dec_x = 0.6214098109445761
ccd_dec_y = 5.157145943819723
ccd_defocus = 0.280773766829495
ccd_tilt_x = 0.005057110069396558
ccd_tilt_y = -0.010930260713949959
ccd_tilt_z = 5.147563943955086e-06
p = 0.0001