slit_dec_x_a = -0.1704010755187174
slit_dec_y_a = -0.1956586180351446
slit_dec_x_b = 0.175
slit_dec_y_b = -1.8361071284242339e-96
slit_defocus = 0.021482984803322096
slit_tilt_x = 1.1140858233706816
slit_tilt_y = -8.538431549349282
slit_tilt_z = -8.991671446418879
d_slit_col = 1594.3099785879067
coll_tilt_x = 0.11319037363670376
coll_tilt_y = -0.028867551378682948
ech_G = 31.61323545945288
ech_blaze = -74.97483466343768
ech_gamma = 1.1389757258502489
echelle_z = 0.0747694728760655
d_col_trf = -1588.0172312479015
trf_mirror_tilt_x = 0.026316511897435942
trf_mirror_tilt_y = 0.16226526230595992
d_col_grm = -0.004797493685394323
grism_dec_x = 236.42329588389353
grism_dec_y = 0.03816917022123917
grm_tilt_x = -0.01405700202837812
grm_tilt_y = 2.305275365813642
grm_G = 222.8240001181652
grm_apex = 17.790995248943922
d_grm_cam  = 21.609813841277575
cam_dec_x = -0.309571511429347
cam_dec_y = 0.24730821525110097
cam_tilt_x = -0.011033970946203122
cam_tilt_y = 0.0038251545586460286
d_cam_ff  = -160.05730866482375
ccd_ff_dec_x = -0.002604665698004028
ccd_ff_dec_y = 0.05308249096798425
ccd_ff_tilt_x = 0.019476355948303083
ccd_ff_tilt_y = -0.5727994893358624
ccd_ff_tilt_z = 0.18005143977886154
d_ff_ccd  = -4.838926557581816
ccd_dec_x = 0.6214099755295159
ccd_dec_y = 5.157152269113306
ccd_defocus = 0.2807007612859526
ccd_tilt_x = 0.005039697465001937
ccd_tilt_y = -0.010888398165850485
ccd_tilt_z = 5.092493383703209e-06
p = 0.0001