slit_dec_x_a = -0.1704010755187174
slit_dec_y_a = -0.1956586180351446
slit_dec_x_b = 0.175
slit_dec_y_b = -1.839376539155018e-96
slit_defocus = 0.021399579842108798
slit_tilt_x = 1.1140131938604545
slit_tilt_y = -8.538409508097324
slit_tilt_z = -8.99164105915688
d_slit_col = 1594.3099776593501
coll_tilt_x = 0.1131396417808981
coll_tilt_y = -0.02887954099263774
ech_G = 31.61323329939718
ech_blaze = -74.97483211441322
ech_gamma = 1.1389750201925712
echelle_z = 0.07477066431063338
d_col_trf = -1588.0172298278078
trf_mirror_tilt_x = 0.026254202182782505
trf_mirror_tilt_y = 0.1621710197527854
d_col_grm = -0.004793984474518974
grism_dec_x = 236.42333287971184
grism_dec_y = 0.038180059958643785
grm_tilt_x = -0.01406154535934734
grm_tilt_y = 2.305274077481717
grm_G = 222.8240012436462
grm_apex = 17.79101336614841
d_grm_cam  = 21.609821742773413
cam_dec_x = -0.30950265874274985
cam_dec_y = 0.24726331106035934
cam_tilt_x = -0.011091677695354877
cam_tilt_y = 0.0037786122313319907
d_cam_ff  = -160.0577826135414
ccd_ff_dec_x = -0.002593227287267986
ccd_ff_dec_y = 0.05301406939994782
ccd_ff_tilt_x = 0.019553003421242037
ccd_ff_tilt_y = -0.572804817181357
ccd_ff_tilt_z = 0.18005423931645187
d_ff_ccd  = -4.838939024379557
ccd_dec_x = 0.6214046035209824
ccd_dec_y = 5.1571455151292565
ccd_defocus = 0.2807624073658847
ccd_tilt_x = 0.005071916089373425
ccd_tilt_y = -0.010907245958059242
ccd_tilt_z = 5.078300730628964e-06
p = 0.0001