slit_dec_x_a = -0.1704010755187174
slit_dec_y_a = -0.1956586180351446
slit_dec_x_b = 0.175
slit_dec_y_b = -1.836580317653267e-96
slit_defocus = 0.02137207398824355
slit_tilt_x = 1.1139652825180952
slit_tilt_y = -8.538435849851938
slit_tilt_z = -8.991683253753
d_slit_col = 1594.3099892466585
coll_tilt_x = 0.11317584077877398
coll_tilt_y = -0.028905781504716482
ech_G = 31.613234057890168
ech_blaze = -74.97482750462848
ech_gamma = 1.138972089626775
echelle_z = 0.07477535997880569
d_col_trf = -1588.017233534876
trf_mirror_tilt_x = 0.026313547413778726
trf_mirror_tilt_y = 0.16223449452140334
d_col_grm = -0.004892366926484366
grism_dec_x = 236.42331124553883
grism_dec_y = 0.03813183076066099
grm_tilt_x = -0.014051418467333062
grm_tilt_y = 2.305276131776181
grm_G = 222.82400312768655
grm_apex = 17.79106116667405
d_grm_cam  = 21.6098198054979
cam_dec_x = -0.30958292652671443
cam_dec_y = 0.2472645827218213
cam_tilt_x = -0.01107720492762887
cam_tilt_y = 0.003734821747922321
d_cam_ff  = -160.05782054140354
ccd_ff_dec_x = -0.002597772340945125
ccd_ff_dec_y = 0.053017703679446304
ccd_ff_tilt_x = 0.01945047726929586
ccd_ff_tilt_y = -0.5728049459153308
ccd_ff_tilt_z = 0.1800563673731114
d_ff_ccd  = -4.838942256240485
ccd_dec_x = 0.6214016217508483
ccd_dec_y = 5.157143175170032
ccd_defocus = 0.2807806733459787
ccd_tilt_x = 0.005026490226267438
ccd_tilt_y = -0.010888475908237518
ccd_tilt_z = 5.0686539193619995e-06
p = 0.0001