slit_dec_x_a = -0.1704010755187174
slit_dec_y_a = -0.1956586180351446
slit_dec_x_b = 0.175
slit_dec_y_b = -1.8594128919280444e-96
slit_defocus = 0.02136664365278344
slit_tilt_x = 1.1140762437931344
slit_tilt_y = -8.538454838642949
slit_tilt_z = -8.991619199170826
d_slit_col = 1594.3099858888936
coll_tilt_x = 0.11315526656894617
coll_tilt_y = -0.02887488645216524
ech_G = 31.613232459068836
ech_blaze = -74.97483480432544
ech_gamma = 1.1389726113624967
echelle_z = 0.0747684563691065
d_col_trf = -1588.0172331896904
trf_mirror_tilt_x = 0.02628795795240268
trf_mirror_tilt_y = 0.16223172331934263
d_col_grm = -0.004868663156852313
grism_dec_x = 236.42329923161262
grism_dec_y = 0.0381367150285756
grm_tilt_x = -0.014054492247320676
grm_tilt_y = 2.305283081830474
grm_G = 222.82400869832978
grm_apex = 17.79106216648301
d_grm_cam  = 21.609813425841153
cam_dec_x = -0.3096226586478083
cam_dec_y = 0.2472930644167487
cam_tilt_x = -0.011051209880176932
cam_tilt_y = 0.003795110180759948
d_cam_ff  = -160.05729331512012
ccd_ff_dec_x = -0.0025958039147770413
ccd_ff_dec_y = 0.05304621693092155
ccd_ff_tilt_x = 0.019536377660871514
ccd_ff_tilt_y = -0.5728051707308331
ccd_ff_tilt_z = 0.18004695032784643
d_ff_ccd  = -4.8389379407134605
ccd_dec_x = 0.6214042880461953
ccd_dec_y = 5.1571446024095975
ccd_defocus = 0.2806677422841601
ccd_tilt_x = 0.0050441725501216015
ccd_tilt_y = -0.010981745027188653
ccd_tilt_z = 5.110052673802449e-06
p = 0.0001