slit_dec_x_a = -0.1704010755187174
slit_dec_y_a = -0.1956586180351446
slit_dec_x_b = 0.175
slit_dec_y_b = -1.8702738863661543e-96
slit_defocus = 0.0214098223902899
slit_tilt_x = 1.113966435585519
slit_tilt_y = -8.538448811244141
slit_tilt_z = -8.991617213966036
d_slit_col = 1594.3099698613937
coll_tilt_x = 0.11325534704876213
coll_tilt_y = -0.028890504816255977
ech_G = 31.61323459158419
ech_blaze = -74.97482689818519
ech_gamma = 1.1389750786118864
echelle_z = 0.07477014779241066
d_col_trf = -1588.0172316061871
trf_mirror_tilt_x = 0.026309125929615988
trf_mirror_tilt_y = 0.16229456208781798
d_col_grm = -0.004850010149666022
grism_dec_x = 236.4233039209729
grism_dec_y = 0.03822647391729521
grm_tilt_x = -0.014054544915795445
grm_tilt_y = 2.3052821403476784
grm_G = 222.823997208104
grm_apex = 17.791018064415113
d_grm_cam  = 21.609811339526797
cam_dec_x = -0.3095621015573773
cam_dec_y = 0.24722819529426615
cam_tilt_x = -0.011031043039333884
cam_tilt_y = 0.0038031570000703397
d_cam_ff  = -160.05730150712134
ccd_ff_dec_x = -0.002595938651912141
ccd_ff_dec_y = 0.053071501853740544
ccd_ff_tilt_x = 0.01952341420739165
ccd_ff_tilt_y = -0.5727975859165562
ccd_ff_tilt_z = 0.18004837377753274
d_ff_ccd  = -4.839011640876397
ccd_dec_x = 0.6214078449229744
ccd_dec_y = 5.157155761229859
ccd_defocus = 0.28066966365379314
ccd_tilt_x = 0.0050809377372481165
ccd_tilt_y = -0.010935786135954237
ccd_tilt_z = 5.053248057017293e-06
p = 0.0001