slit_dec_x_a = -0.1704010755187174
slit_dec_y_a = -0.1956586180351446
slit_dec_x_b = 0.175
slit_dec_y_b = -1.7814459074975704e-96
slit_defocus = 0.02143478642960465
slit_tilt_x = 1.1140340409773266
slit_tilt_y = -8.538465530874035
slit_tilt_z = -8.991755839434578
d_slit_col = 1594.309945713549
coll_tilt_x = 0.1131579797166212
coll_tilt_y = -0.02884738734287987
ech_G = 31.613236369874713
ech_blaze = -74.97483206980723
ech_gamma = 1.138975117995856
echelle_z = 0.07476844161974976
d_col_trf = -1588.0172341527896
trf_mirror_tilt_x = 0.026326384282717503
trf_mirror_tilt_y = 0.16218795724922372
d_col_grm = -0.004814151529459892
grism_dec_x = 236.4233115626023
grism_dec_y = 0.03818741112003008
grm_tilt_x = -0.01405405151341548
grm_tilt_y = 2.3052750993715416
grm_G = 222.8240023356055
grm_apex = 17.791006936111856
d_grm_cam  = 21.60981714909224
cam_dec_x = -0.3095416753195972
cam_dec_y = 0.24723491822791913
cam_tilt_x = -0.01105803419550677
cam_tilt_y = 0.0037490783006544335
d_cam_ff  = -160.057649797027
ccd_ff_dec_x = -0.0026011980552524583
ccd_ff_dec_y = 0.05300928868147109
ccd_ff_tilt_x = 0.019492348125564055
ccd_ff_tilt_y = -0.5728063652156798
ccd_ff_tilt_z = 0.180052215040537
d_ff_ccd  = -4.8389228995087326
ccd_dec_x = 0.6214075365382329
ccd_dec_y = 5.157148170354234
ccd_defocus = 0.28078864860403824
ccd_tilt_x = 0.005097538174736864
ccd_tilt_y = -0.010882664054250823
ccd_tilt_z = 5.111697472522014e-06
p = 0.0001