slit_dec_x_a = -0.1704010755187174
slit_dec_y_a = -0.1956586180351446
slit_dec_x_b = 0.175
slit_dec_y_b = -1.891548621888184e-96
slit_defocus = 0.021283892791053964
slit_tilt_x = 1.1139972137090155
slit_tilt_y = -8.538392591323564
slit_tilt_z = -8.991676325640965
d_slit_col = 1594.3099244578295
coll_tilt_x = 0.11317596350013212
coll_tilt_y = -0.02889572603518339
ech_G = 31.613236023138782
ech_blaze = -74.97484285300476
ech_gamma = 1.1389715180150586
echelle_z = 0.07477062033100274
d_col_trf = -1588.0172307124267
trf_mirror_tilt_x = 0.0263550913629292
trf_mirror_tilt_y = 0.16224219625468708
d_col_grm = -0.004863787397774939
grism_dec_x = 236.4233477927882
grism_dec_y = 0.03817687272124432
grm_tilt_x = -0.01405359749451081
grm_tilt_y = 2.3052767080613816
grm_G = 222.8240018759573
grm_apex = 17.791046806477755
d_grm_cam  = 21.60982121617907
cam_dec_x = -0.30945342298589706
cam_dec_y = 0.24736035281924407
cam_tilt_x = -0.011089524982053726
cam_tilt_y = 0.003876594116120261
d_cam_ff  = -160.05737342843426
ccd_ff_dec_x = -0.0026005793166253436
ccd_ff_dec_y = 0.05296560863151003
ccd_ff_tilt_x = 0.019545684329216214
ccd_ff_tilt_y = -0.5728025759164507
ccd_ff_tilt_z = 0.18005172815825307
d_ff_ccd  = -4.838934654086783
ccd_dec_x = 0.6214015912833234
ccd_dec_y = 5.157156705480972
ccd_defocus = 0.28079866313616414
ccd_tilt_x = 0.005004115066530753
ccd_tilt_y = -0.010935217333936265
ccd_tilt_z = 5.099476909449869e-06
p = 0.0001