slit_dec_x_a = -0.181778666534
slit_dec_y_a = -0.18243150017
slit_dec_x_b = 0.14512077562974193
slit_dec_y_b = -0.05510809031835813
slit_defocus = -0.013805653502176952
slit_tilt_x = 1.0540171479134859
slit_tilt_y = -8.559940573378626
slit_tilt_z = -9.026871310260312
d_slit_col = 1594.2902945496226
coll_tilt_x = 0.12138460461612195
coll_tilt_y = -0.026500119814025624
ech_G = 31.614555827149232
ech_blaze = -74.99488783329176
ech_gamma = 1.1556417930842497
echelle_z = 0.056993530575929006
d_col_trf = -1588.016368178571
trf_mirror_tilt_x = 0.007320245018403766
trf_mirror_tilt_y = 0.15545728112509302
d_col_grm = 0.03565513328311141
grism_dec_x = 236.38323450627567
grism_dec_y = 0.009247260229418016
grm_tilt_x = -0.02350126455359377
grm_tilt_y = 2.325788390758044
grm_G = 222.78407163633824
grm_apex = 17.76652051725661
d_grm_cam  = 21.604703981476423
cam_dec_x = -0.2710908891655666
cam_dec_y = 0.29091699537273513
cam_tilt_x = 0.01245869508354779
cam_tilt_y = 0.00878973892192384
d_cam_ff  = -160.07691275950293
ccd_ff_dec_x = -0.023807582516343143
ccd_ff_dec_y = 0.042031240973454544
ccd_ff_tilt_x = 0.03349883381166643
ccd_ff_tilt_y = -0.5909818901930008
ccd_ff_tilt_z = 0.17191857255973003
d_ff_ccd  = -4.816051432559491
ccd_dec_x = 0.5532980099836158
ccd_dec_y = 5.107628527974402
ccd_defocus = 0.28573451754838075
ccd_tilt_x = 0.03264616358949736
ccd_tilt_y = -0.002163206517168261
ccd_tilt_z = 4.716086309101365e-06
p = 0.0001