slit_dec_x_a = -0.181778666534
slit_dec_y_a = -0.18243150017
slit_dec_x_b = 0.14512077562974193
slit_dec_y_b = -0.05510809031835813
slit_defocus = -0.013735122065390092
slit_tilt_x = 1.0541034618087435
slit_tilt_y = -8.559969244872658
slit_tilt_z = -9.02685882303056
d_slit_col = 1594.2902287143393
coll_tilt_x = 0.121424554827031
coll_tilt_y = -0.026496415900739815
ech_G = 31.614565466598936
ech_blaze = -74.99489345800946
ech_gamma = 1.1556412567963554
echelle_z = 0.05699876672134089
d_col_trf = -1588.016362567613
trf_mirror_tilt_x = 0.007335124300518851
trf_mirror_tilt_y = 0.15546201408582794
d_col_grm = 0.03567577870289947
grism_dec_x = 236.38314775982022
grism_dec_y = 0.009202516083111668
grm_tilt_x = -0.0235109441330514
grm_tilt_y = 2.3257891862315008
grm_G = 222.78407260941586
grm_apex = 17.766527193839
d_grm_cam  = 21.604703046838814
cam_dec_x = -0.27110945856288543
cam_dec_y = 0.29090309802956743
cam_tilt_x = 0.012429407552751516
cam_tilt_y = 0.008886887043040838
d_cam_ff  = -160.07712388881177
ccd_ff_dec_x = -0.0238075683802733
ccd_ff_dec_y = 0.04212082180534837
ccd_ff_tilt_x = 0.033436661885094004
ccd_ff_tilt_y = -0.5909775372387464
ccd_ff_tilt_z = 0.17191743733061224
d_ff_ccd  = -4.816012123604767
ccd_dec_x = 0.5533017042789544
ccd_dec_y = 5.107629695655236
ccd_defocus = 0.28575018470291796
ccd_tilt_x = 0.03258634849642487
ccd_tilt_y = -0.0021764173118609563
ccd_tilt_z = 4.68484948811764e-06
p = 0.0001