slit_dec_x_a = -0.1704010755187174
slit_dec_y_a = -0.1956586180351446
slit_dec_x_b = 0.175
slit_dec_y_b = -1.7540414151179923e-96
slit_defocus = 0.021357612795862645
slit_tilt_x = 1.1139684893664337
slit_tilt_y = -8.53841888723864
slit_tilt_z = -8.991623379344842
d_slit_col = 1594.3099840252432
coll_tilt_x = 0.11317891011222103
coll_tilt_y = -0.028932305322068964
ech_G = 31.613229541926234
ech_blaze = -74.97483560026913
ech_gamma = 1.1389720679566018
echelle_z = 0.07477252227795361
d_col_trf = -1588.0172401259922
trf_mirror_tilt_x = 0.02634330606972283
trf_mirror_tilt_y = 0.16222928467770723
d_col_grm = -0.004755663145775187
grism_dec_x = 236.4233354422112
grism_dec_y = 0.0382774756833517
grm_tilt_x = -0.01405620456504542
grm_tilt_y = 2.305279550456988
grm_G = 222.8240062649305
grm_apex = 17.79100508623109
d_grm_cam  = 21.609820291980522
cam_dec_x = -0.30952327784591027
cam_dec_y = 0.24726003012636802
cam_tilt_x = -0.01102299802524495
cam_tilt_y = 0.0038643298267270953
d_cam_ff  = -160.05746830640354
ccd_ff_dec_x = -0.0026054046938641653
ccd_ff_dec_y = 0.05299815127303899
ccd_ff_tilt_x = 0.019525330430101046
ccd_ff_tilt_y = -0.5728030515913078
ccd_ff_tilt_z = 0.18006357059422903
d_ff_ccd  = -4.838994588063451
ccd_dec_x = 0.6214047744007681
ccd_dec_y = 5.157148292542783
ccd_defocus = 0.28069902023474497
ccd_tilt_x = 0.00508247840919318
ccd_tilt_y = -0.010896339586932488
ccd_tilt_z = 5.119105756273062e-06
p = 0.0001