slit_dec_x_a = -0.181778666534
slit_dec_y_a = -0.18243150017
slit_dec_x_b = 0.14512077562974193
slit_dec_y_b = -0.05510809031835813
slit_defocus = -0.01373568655236582
slit_tilt_x = 1.0540926316268353
slit_tilt_y = -8.559930608162057
slit_tilt_z = -9.026882818283553
d_slit_col = 1594.2903384453803
coll_tilt_x = 0.12140304485313574
coll_tilt_y = -0.026488803072232878
ech_G = 31.614564085301296
ech_blaze = -74.99489387302516
ech_gamma = 1.1556352166321537
echelle_z = 0.057005766654425694
d_col_trf = -1588.0163676844968
trf_mirror_tilt_x = 0.0072790127713242905
trf_mirror_tilt_y = 0.15545865018116567
d_col_grm = 0.03562338779730569
grism_dec_x = 236.3831549691778
grism_dec_y = 0.009212924739029555
grm_tilt_x = -0.023507257797428415
grm_tilt_y = 2.3257956874547694
grm_G = 222.78407339472452
grm_apex = 17.7665465538716
d_grm_cam  = 21.6046981128627
cam_dec_x = -0.2711164554182504
cam_dec_y = 0.2909158387467195
cam_tilt_x = 0.012456355810871657
cam_tilt_y = 0.008846826394665473
d_cam_ff  = -160.07678022395783
ccd_ff_dec_x = -0.023804039732569535
ccd_ff_dec_y = 0.04207331394061705
ccd_ff_tilt_x = 0.03355949438528094
ccd_ff_tilt_y = -0.5909776299363736
ccd_ff_tilt_z = 0.17191502244327536
d_ff_ccd  = -4.815933449328538
ccd_dec_x = 0.553296127472395
ccd_dec_y = 5.107626057259315
ccd_defocus = 0.28578484095554196
ccd_tilt_x = 0.0326198030541904
ccd_tilt_y = -0.002165777832897785
ccd_tilt_z = 4.7045843594987046e-06
p = 0.0001