slit_dec_x_a = -0.181778666534
slit_dec_y_a = -0.18243150017
slit_dec_x_b = 0.14512077562974193
slit_dec_y_b = -0.05510809031835813
slit_defocus = -0.013824593739908034
slit_tilt_x = 1.05421493291576
slit_tilt_y = -8.55996266538186
slit_tilt_z = -9.026893204220299
d_slit_col = 1594.2902806637132
coll_tilt_x = 0.12139003791467193
coll_tilt_y = -0.026537476708944092
ech_G = 31.61456034512439
ech_blaze = -74.99489096255469
ech_gamma = 1.1556310905970764
echelle_z = 0.05699876275058181
d_col_trf = -1588.0163635266088
trf_mirror_tilt_x = 0.00727209206761859
trf_mirror_tilt_y = 0.1553864503118727
d_col_grm = 0.035625360982584516
grism_dec_x = 236.38319210755267
grism_dec_y = 0.00926509576439449
grm_tilt_x = -0.023507253969954317
grm_tilt_y = 2.32579170188964
grm_G = 222.78406875018666
grm_apex = 17.76654168602012
d_grm_cam  = 21.604695571849383
cam_dec_x = -0.27107650720477316
cam_dec_y = 0.29092370475146
cam_tilt_x = 0.012430738306079726
cam_tilt_y = 0.008865012848286025
d_cam_ff  = -160.07724522416146
ccd_ff_dec_x = -0.023802016082780052
ccd_ff_dec_y = 0.042048548953735033
ccd_ff_tilt_x = 0.03345103651859845
ccd_ff_tilt_y = -0.5909751895025691
ccd_ff_tilt_z = 0.1719221857474164
d_ff_ccd  = -4.815984547667304
ccd_dec_x = 0.5532963279589599
ccd_dec_y = 5.1076326700853025
ccd_defocus = 0.2857357217462991
ccd_tilt_x = 0.03263760770514199
ccd_tilt_y = -0.0021485751110936206
ccd_tilt_z = 4.74166619243988e-06
p = 0.0001