slit_dec_x_a = -0.181778666534
slit_dec_y_a = -0.18243150017
slit_dec_x_b = 0.14512077562974193
slit_dec_y_b = -0.05510809031835813
slit_defocus = -0.013829483120748247
slit_tilt_x = 1.0540878352149718
slit_tilt_y = -8.559983741950976
slit_tilt_z = -9.026932559142491
d_slit_col = 1594.2902907022053
coll_tilt_x = 0.12145636125839661
coll_tilt_y = -0.026487309125333557
ech_G = 31.614564998643253
ech_blaze = -74.99488855875471
ech_gamma = 1.1556396095240062
echelle_z = 0.05700795399959173
d_col_trf = -1588.016364861998
trf_mirror_tilt_x = 0.0073188738748440315
trf_mirror_tilt_y = 0.15547826781945528
d_col_grm = 0.03569266545372731
grism_dec_x = 236.38323604742007
grism_dec_y = 0.009223499283697253
grm_tilt_x = -0.023498564448565375
grm_tilt_y = 2.325790498004362
grm_G = 222.78407157824566
grm_apex = 17.76648269731539
d_grm_cam  = 21.604699169141604
cam_dec_x = -0.27109629853372064
cam_dec_y = 0.29086026435960805
cam_tilt_x = 0.012509986336707019
cam_tilt_y = 0.00877916864270523
d_cam_ff  = -160.0770161769439
ccd_ff_dec_x = -0.023798773007140166
ccd_ff_dec_y = 0.04203135921964913
ccd_ff_tilt_x = 0.03346148974157724
ccd_ff_tilt_y = -0.590978471607879
ccd_ff_tilt_z = 0.17192063886514627
d_ff_ccd  = -4.81596123050186
ccd_dec_x = 0.5532953905756973
ccd_dec_y = 5.107623822909677
ccd_defocus = 0.2857984797447746
ccd_tilt_x = 0.032627337670936736
ccd_tilt_y = -0.0020920114842130346
ccd_tilt_z = 4.673875939849873e-06
p = 0.0001