slit_dec_x_a = -0.1704010755187174
slit_dec_y_a = -0.1956586180351446
slit_dec_x_b = 0.175
slit_dec_y_b = -1.8150198627359777e-96
slit_defocus = 0.021391534565853552
slit_tilt_x = 1.1140598574741494
slit_tilt_y = -8.538460915302585
slit_tilt_z = -8.991570409127917
d_slit_col = 1594.3100038631078
coll_tilt_x = 0.11318119841991549
coll_tilt_y = -0.02888130191731503
ech_G = 31.61323727941367
ech_blaze = -74.97482732366964
ech_gamma = 1.138975643532173
echelle_z = 0.07476885036716749
d_col_trf = -1588.0172353897499
trf_mirror_tilt_x = 0.026363661635387604
trf_mirror_tilt_y = 0.1622004295099538
d_col_grm = -0.004815868899273721
grism_dec_x = 236.42323217655925
grism_dec_y = 0.03817357516250516
grm_tilt_x = -0.014050794019369872
grm_tilt_y = 2.305279431592431
grm_G = 222.82400113546672
grm_apex = 17.791099940089257
d_grm_cam  = 21.60981912430182
cam_dec_x = -0.30951684684721886
cam_dec_y = 0.2472988854341396
cam_tilt_x = -0.011116454003025779
cam_tilt_y = 0.003795644246027663
d_cam_ff  = -160.05766526938143
ccd_ff_dec_x = -0.0025976705029061254
ccd_ff_dec_y = 0.05305625993119246
ccd_ff_tilt_x = 0.01953843654450931
ccd_ff_tilt_y = -0.5728007634059428
ccd_ff_tilt_z = 0.1800550589900507
d_ff_ccd  = -4.838955213577039
ccd_dec_x = 0.6214042202911806
ccd_dec_y = 5.157152521621911
ccd_defocus = 0.28072278080952534
ccd_tilt_x = 0.005106525946838797
ccd_tilt_y = -0.010905529943150341
ccd_tilt_z = 5.061338993275923e-06
p = 0.0001