slit_dec_x_a = -0.181778666534
slit_dec_y_a = -0.18243150017
slit_dec_x_b = 0.14512077562974193
slit_dec_y_b = -0.05510809031835813
slit_defocus = -0.01378293995563565
slit_tilt_x = 1.054097446509481
slit_tilt_y = -8.559989427720978
slit_tilt_z = -9.026844085676878
d_slit_col = 1594.2902726359061
coll_tilt_x = 0.12145311768371742
coll_tilt_y = -0.02648796161279778
ech_G = 31.6145688928555
ech_blaze = -74.99489413583659
ech_gamma = 1.1556455743398364
echelle_z = 0.05700796576951574
d_col_trf = -1588.0163617962453
trf_mirror_tilt_x = 0.007301357766709979
trf_mirror_tilt_y = 0.15541796649073472
d_col_grm = 0.035743361966516625
grism_dec_x = 236.38326065483346
grism_dec_y = 0.009259939001641633
grm_tilt_x = -0.023509063981210058
grm_tilt_y = 2.325789606996734
grm_G = 222.7840687160005
grm_apex = 17.766557069891288
d_grm_cam  = 21.60470012755103
cam_dec_x = -0.2711586279836588
cam_dec_y = 0.29082008627045003
cam_tilt_x = 0.012457025670899895
cam_tilt_y = 0.008876566129524893
d_cam_ff  = -160.0770387432491
ccd_ff_dec_x = -0.023806433035856295
ccd_ff_dec_y = 0.042034259669923274
ccd_ff_tilt_x = 0.03348982056079595
ccd_ff_tilt_y = -0.5909855914508441
ccd_ff_tilt_z = 0.17191893813354156
d_ff_ccd  = -4.816024205925452
ccd_dec_x = 0.5532983731436181
ccd_dec_y = 5.107630883958441
ccd_defocus = 0.2857580396118404
ccd_tilt_x = 0.03250639426301574
ccd_tilt_y = -0.002187806371854525
ccd_tilt_z = 4.6894255709670505e-06
p = 0.0001