slit_dec_x_a = -0.1704010755187174
slit_dec_y_a = -0.1956586180351446
slit_dec_x_b = 0.175
slit_dec_y_b = -1.7899031856128583e-96
slit_defocus = 0.02132824307661381
slit_tilt_x = 1.1139959321899515
slit_tilt_y = -8.538442604173717
slit_tilt_z = -8.991604330663579
d_slit_col = 1594.3099908909824
coll_tilt_x = 0.11313359189208642
coll_tilt_y = -0.02885586550907633
ech_G = 31.613226968478383
ech_blaze = -74.97483139608411
ech_gamma = 1.1389827458501962
echelle_z = 0.07477376345889473
d_col_trf = -1588.017234969459
trf_mirror_tilt_x = 0.026273555754844528
trf_mirror_tilt_y = 0.16222276707909006
d_col_grm = -0.004810798741682513
grism_dec_x = 236.42332020383915
grism_dec_y = 0.038169691119829055
grm_tilt_x = -0.014053441572409404
grm_tilt_y = 2.3052774529943245
grm_G = 222.82400309965723
grm_apex = 17.7909964447938
d_grm_cam  = 21.609818469166054
cam_dec_x = -0.3095420209186513
cam_dec_y = 0.2473040563082891
cam_tilt_x = -0.011033444700119579
cam_tilt_y = 0.00381722613521747
d_cam_ff  = -160.05715569967754
ccd_ff_dec_x = -0.002597768809952169
ccd_ff_dec_y = 0.053055014589493105
ccd_ff_tilt_x = 0.019485871898548012
ccd_ff_tilt_y = -0.5728062782348408
ccd_ff_tilt_z = 0.1800480487382963
d_ff_ccd  = -4.838937738847269
ccd_dec_x = 0.6214037495234066
ccd_dec_y = 5.157147289061648
ccd_defocus = 0.2807339090800558
ccd_tilt_x = 0.00503697974506866
ccd_tilt_y = -0.010987069852573238
ccd_tilt_z = 5.083629046594015e-06
p = 0.0001