slit_dec_x_a = -0.1704010755187174
slit_dec_y_a = -0.1956586180351446
slit_dec_x_b = 0.175
slit_dec_y_b = -1.86010889398671e-96
slit_defocus = 0.021382333295695412
slit_tilt_x = 1.1140677357140014
slit_tilt_y = -8.538499167714924
slit_tilt_z = -8.991625439110011
d_slit_col = 1594.309921916222
coll_tilt_x = 0.11316746809732472
coll_tilt_y = -0.02889982043758281
ech_G = 31.61322978982621
ech_blaze = -74.97483370025142
ech_gamma = 1.1389759895597433
echelle_z = 0.07477000493612217
d_col_trf = -1588.017234715446
trf_mirror_tilt_x = 0.026302334656939
trf_mirror_tilt_y = 0.16223237617134822
d_col_grm = -0.004886494553842041
grism_dec_x = 236.4233950771644
grism_dec_y = 0.038246574930856314
grm_tilt_x = -0.014059087507883835
grm_tilt_y = 2.305272876638028
grm_G = 222.82400744236165
grm_apex = 17.79106380212722
d_grm_cam  = 21.609816070882587
cam_dec_x = -0.3094854333925437
cam_dec_y = 0.2472508200003634
cam_tilt_x = -0.011023649731789919
cam_tilt_y = 0.003798334666072905
d_cam_ff  = -160.05762255961855
ccd_ff_dec_x = -0.00259936981394538
ccd_ff_dec_y = 0.05297135555382232
ccd_ff_tilt_x = 0.01949334854091231
ccd_ff_tilt_y = -0.5728029811771759
ccd_ff_tilt_z = 0.1800530237213417
d_ff_ccd  = -4.838902396824071
ccd_dec_x = 0.621406559654801
ccd_dec_y = 5.157154000245918
ccd_defocus = 0.28074649210477226
ccd_tilt_x = 0.005051810267477948
ccd_tilt_y = -0.010902514916004257
ccd_tilt_z = 5.074428582026103e-06
p = 0.0001