slit_dec_x_a = -0.1704010755187174
slit_dec_y_a = -0.1956586180351446
slit_dec_x_b = 0.175
slit_dec_y_b = -1.8503804137684818e-96
slit_defocus = 0.021393122634050524
slit_tilt_x = 1.1139750013134608
slit_tilt_y = -8.538514283890155
slit_tilt_z = -8.99166008843296
d_slit_col = 1594.3099073947542
coll_tilt_x = 0.11315237647235026
coll_tilt_y = -0.028917891261439777
ech_G = 31.613231556355764
ech_blaze = -74.97483079220723
ech_gamma = 1.1389762630231905
echelle_z = 0.07477033185858878
d_col_trf = -1588.0172383875417
trf_mirror_tilt_x = 0.026239457652758435
trf_mirror_tilt_y = 0.16225242449763128
d_col_grm = -0.004773324591354109
grism_dec_x = 236.42336306025592
grism_dec_y = 0.038150553085207844
grm_tilt_x = -0.014057084297725977
grm_tilt_y = 2.305274782499462
grm_G = 222.82399909355033
grm_apex = 17.790938770623143
d_grm_cam  = 21.609815156652765
cam_dec_x = -0.3095594538732144
cam_dec_y = 0.24726966945465695
cam_tilt_x = -0.011088186521978466
cam_tilt_y = 0.003714275750985366
d_cam_ff  = -160.05735732601374
ccd_ff_dec_x = -0.002601463406408454
ccd_ff_dec_y = 0.053048529775671344
ccd_ff_tilt_x = 0.01954470031736804
ccd_ff_tilt_y = -0.5728065627860752
ccd_ff_tilt_z = 0.18004900090351098
d_ff_ccd  = -4.838988058496127
ccd_dec_x = 0.6214002491645787
ccd_dec_y = 5.157153743844292
ccd_defocus = 0.280763385126635
ccd_tilt_x = 0.005085419467662961
ccd_tilt_y = -0.010908849056093
ccd_tilt_z = 5.0662514047921355e-06
p = 0.0001