slit_dec_x_a = -0.181778666534
slit_dec_y_a = -0.18243150017
slit_dec_x_b = 0.14512077562974193
slit_dec_y_b = -0.05510809031835813
slit_defocus = -0.013738555286261963
slit_tilt_x = 1.0540702491936613
slit_tilt_y = -8.559904842803842
slit_tilt_z = -9.026868559638716
d_slit_col = 1594.2902670880746
coll_tilt_x = 0.12140872765883719
coll_tilt_y = -0.026475179260150698
ech_G = 31.614567861572702
ech_blaze = -74.9948865779286
ech_gamma = 1.1556376999809521
echelle_z = 0.05700174614871899
d_col_trf = -1588.0163569172457
trf_mirror_tilt_x = 0.007297835635086003
trf_mirror_tilt_y = 0.15543847460880045
d_col_grm = 0.03568587951071166
grism_dec_x = 236.38316867562352
grism_dec_y = 0.009149941040714036
grm_tilt_x = -0.02350503708746422
grm_tilt_y = 2.32578651716699
grm_G = 222.78407314746835
grm_apex = 17.766560067766992
d_grm_cam  = 21.604697471546327
cam_dec_x = -0.27114435249214835
cam_dec_y = 0.290842835295647
cam_tilt_x = 0.012365466319920894
cam_tilt_y = 0.008850072195526878
d_cam_ff  = -160.07736908803147
ccd_ff_dec_x = -0.023797862618156664
ccd_ff_dec_y = 0.0420529670165347
ccd_ff_tilt_x = 0.03353577094048881
ccd_ff_tilt_y = -0.5909845748174731
ccd_ff_tilt_z = 0.17191727620957553
d_ff_ccd  = -4.815929269124789
ccd_dec_x = 0.5532991290399105
ccd_dec_y = 5.1076317480093785
ccd_defocus = 0.28569365491117044
ccd_tilt_x = 0.032539887392387126
ccd_tilt_y = -0.0020990961386098306
ccd_tilt_z = 4.719842058915108e-06
p = 0.0001