slit_dec_x_a = -0.181778666534
slit_dec_y_a = -0.18243150017
slit_dec_x_b = 0.14512077562974193
slit_dec_y_b = -0.05510809031835813
slit_defocus = -0.01383765610338065
slit_tilt_x = 1.0541263700852281
slit_tilt_y = -8.559957936296769
slit_tilt_z = -9.02687049916604
d_slit_col = 1594.2902913945823
coll_tilt_x = 0.12143517142131624
coll_tilt_y = -0.02653163044705918
ech_G = 31.6145661902298
ech_blaze = -74.9948889958653
ech_gamma = 1.1556345134818584
echelle_z = 0.05700117218308694
d_col_trf = -1588.0163601647998
trf_mirror_tilt_x = 0.007295414990972042
trf_mirror_tilt_y = 0.15547534758892473
d_col_grm = 0.03568305859570832
grism_dec_x = 236.38319804461946
grism_dec_y = 0.009219096509358203
grm_tilt_x = -0.023511173908320245
grm_tilt_y = 2.32578401276715
grm_G = 222.78407038494007
grm_apex = 17.766557236119567
d_grm_cam  = 21.60470195248024
cam_dec_x = -0.2710828629334293
cam_dec_y = 0.2909178129271215
cam_tilt_x = 0.01239997905559613
cam_tilt_y = 0.008898146548525243
d_cam_ff  = -160.0767919052728
ccd_ff_dec_x = -0.023808993283775053
ccd_ff_dec_y = 0.04208386399189687
ccd_ff_tilt_x = 0.03348244188432865
ccd_ff_tilt_y = -0.5909789656622768
ccd_ff_tilt_z = 0.17191940187508
d_ff_ccd  = -4.815955698663698
ccd_dec_x = 0.553301644490226
ccd_dec_y = 5.107634332128127
ccd_defocus = 0.28575032392057126
ccd_tilt_x = 0.03252440210864921
ccd_tilt_y = -0.002101852611654129
ccd_tilt_z = 4.719091219084143e-06
p = 0.0001