slit_dec_x_a = -0.1704010755187174
slit_dec_y_a = -0.1956586180351446
slit_dec_x_b = 0.175
slit_dec_y_b = -1.888172522267957e-96
slit_defocus = 0.021395778245311952
slit_tilt_x = 1.1140467712185878
slit_tilt_y = -8.53844887620172
slit_tilt_z = -8.991550949473332
d_slit_col = 1594.3099716940048
coll_tilt_x = 0.1131951116099613
coll_tilt_y = -0.028893189079362305
ech_G = 31.613227112142468
ech_blaze = -74.97482958286325
ech_gamma = 1.1389769401016148
echelle_z = 0.07477078394212665
d_col_trf = -1588.0172315748878
trf_mirror_tilt_x = 0.02636272485556049
trf_mirror_tilt_y = 0.16226384979972766
d_col_grm = -0.004780185994633026
grism_dec_x = 236.4232901880745
grism_dec_y = 0.03822651379258145
grm_tilt_x = -0.014052023648515745
grm_tilt_y = 2.305273216673453
grm_G = 222.82400592310105
grm_apex = 17.791029824566994
d_grm_cam  = 21.609811472732616
cam_dec_x = -0.30958565159401213
cam_dec_y = 0.2472786035805308
cam_tilt_x = -0.010991447630703812
cam_tilt_y = 0.003743769400395111
d_cam_ff  = -160.05762321536878
ccd_ff_dec_x = -0.0026027615418402817
ccd_ff_dec_y = 0.05296161454561187
ccd_ff_tilt_x = 0.019551299666443603
ccd_ff_tilt_y = -0.5728066551656875
ccd_ff_tilt_z = 0.18004783802783583
d_ff_ccd  = -4.838892284831536
ccd_dec_x = 0.6214101556261162
ccd_dec_y = 5.157145035766752
ccd_defocus = 0.2807162589851632
ccd_tilt_x = 0.0050474404230237266
ccd_tilt_y = -0.010971436812073403
ccd_tilt_z = 5.068796940526033e-06
p = 0.0001