slit_dec_x_a = -0.1704010755187174
slit_dec_y_a = -0.1956586180351446
slit_dec_x_b = 0.175
slit_dec_y_b = -1.8143217807355722e-96
slit_defocus = 0.02147978616802071
slit_tilt_x = 1.1140125284835773
slit_tilt_y = -8.538445998653751
slit_tilt_z = -8.991648303064485
d_slit_col = 1594.3100102700212
coll_tilt_x = 0.11318036598079986
coll_tilt_y = -0.028876403896818816
ech_G = 31.613237185472578
ech_blaze = -74.97482727349266
ech_gamma = 1.1389701931162588
echelle_z = 0.07476330321852939
d_col_trf = -1588.0172310182982
trf_mirror_tilt_x = 0.02637912003536131
trf_mirror_tilt_y = 0.1622181623243144
d_col_grm = -0.004808383032372284
grism_dec_x = 236.42333743193737
grism_dec_y = 0.03819802378971256
grm_tilt_x = -0.014064306702256123
grm_tilt_y = 2.3052748341789084
grm_G = 222.82400168886167
grm_apex = 17.791044588827166
d_grm_cam  = 21.609822446232037
cam_dec_x = -0.30949195694784976
cam_dec_y = 0.24731121475798878
cam_tilt_x = -0.011198006111996131
cam_tilt_y = 0.0037995327431766986
d_cam_ff  = -160.05701686937564
ccd_ff_dec_x = -0.0026025773957808135
ccd_ff_dec_y = 0.05307334439184731
ccd_ff_tilt_x = 0.019516761681647576
ccd_ff_tilt_y = -0.5728048714941278
ccd_ff_tilt_z = 0.18005188151604645
d_ff_ccd  = -4.838903905810013
ccd_dec_x = 0.6214066277120615
ccd_dec_y = 5.157156081047521
ccd_defocus = 0.280764521725804
ccd_tilt_x = 0.005039207156033211
ccd_tilt_y = -0.01094440150035651
ccd_tilt_z = 5.172167210647375e-06
p = 0.0001