slit_dec_x_a = -0.1704010755187174
slit_dec_y_a = -0.1956586180351446
slit_dec_x_b = 0.175
slit_dec_y_b = -1.8460308272008805e-96
slit_defocus = 0.021412911808156042
slit_tilt_x = 1.1140027729596644
slit_tilt_y = -8.538451388500373
slit_tilt_z = -8.991698828450907
d_slit_col = 1594.3099510441261
coll_tilt_x = 0.1131977562140315
coll_tilt_y = -0.028936865199046105
ech_G = 31.613231290216465
ech_blaze = -74.97482734131516
ech_gamma = 1.138972584986093
echelle_z = 0.07477472479428852
d_col_trf = -1588.0172354490203
trf_mirror_tilt_x = 0.02628539828211574
trf_mirror_tilt_y = 0.16222580862173375
d_col_grm = -0.004825535472774283
grism_dec_x = 236.42334603474146
grism_dec_y = 0.038162223676706235
grm_tilt_x = -0.01405535654725094
grm_tilt_y = 2.305271531226508
grm_G = 222.82399762789723
grm_apex = 17.79097426012961
d_grm_cam  = 21.609812124054336
cam_dec_x = -0.30957491651433183
cam_dec_y = 0.24722212463894622
cam_tilt_x = -0.011029371257462225
cam_tilt_y = 0.003725333073080121
d_cam_ff  = -160.05752370727987
ccd_ff_dec_x = -0.002593977522146622
ccd_ff_dec_y = 0.0530024815562252
ccd_ff_tilt_x = 0.019558345593617806
ccd_ff_tilt_y = -0.5727987598726052
ccd_ff_tilt_z = 0.18005641041675932
d_ff_ccd  = -4.838905904707935
ccd_dec_x = 0.6214041392049133
ccd_dec_y = 5.1571501239155495
ccd_defocus = 0.2808001479200176
ccd_tilt_x = 0.005095978133065617
ccd_tilt_y = -0.01090012971107499
ccd_tilt_z = 5.057026855947252e-06
p = 0.0001