slit_dec_x_a = -0.1704010755187174
slit_dec_y_a = -0.1956586180351446
slit_dec_x_b = 0.175
slit_dec_y_b = -1.8313864465952346e-96
slit_defocus = 0.02137775225507808
slit_tilt_x = 1.114032689929098
slit_tilt_y = -8.538439889108838
slit_tilt_z = -8.99166448574352
d_slit_col = 1594.310042429873
coll_tilt_x = 0.11322280778841409
coll_tilt_y = -0.0288766927395704
ech_G = 31.613236945578645
ech_blaze = -74.97483171717978
ech_gamma = 1.1389786715836419
echelle_z = 0.07476812239094757
d_col_trf = -1588.0172330405308
trf_mirror_tilt_x = 0.026375706614117263
trf_mirror_tilt_y = 0.16224463428103983
d_col_grm = -0.004879852614162409
grism_dec_x = 236.42335417593756
grism_dec_y = 0.03820101415562312
grm_tilt_x = -0.014051800071783306
grm_tilt_y = 2.3052712195574414
grm_G = 222.82400292201388
grm_apex = 17.79095633840686
d_grm_cam  = 21.60981700601291
cam_dec_x = -0.3095107615544565
cam_dec_y = 0.24728106234652067
cam_tilt_x = -0.011064506562243887
cam_tilt_y = 0.003816499611797074
d_cam_ff  = -160.05771069023018
ccd_ff_dec_x = -0.002601259558369943
ccd_ff_dec_y = 0.053049737916407894
ccd_ff_tilt_x = 0.019425558047634014
ccd_ff_tilt_y = -0.5728095882588786
ccd_ff_tilt_z = 0.18005153698385118
d_ff_ccd  = -4.838919909575148
ccd_dec_x = 0.6214033878143328
ccd_dec_y = 5.157144275216332
ccd_defocus = 0.2807127704319742
ccd_tilt_x = 0.005036147595110094
ccd_tilt_y = -0.010811894581278533
ccd_tilt_z = 5.059979330508218e-06
p = 0.0001