slit_dec_x_a = -0.181778666534
slit_dec_y_a = -0.18243150017
slit_dec_x_b = 0.14512077562974193
slit_dec_y_b = -0.05510809031835813
slit_defocus = -0.013798529317902214
slit_tilt_x = 1.054118489880893
slit_tilt_y = -8.55996348407845
slit_tilt_z = -9.026913457257548
d_slit_col = 1594.2903006250333
coll_tilt_x = 0.12143109446218847
coll_tilt_y = -0.02646917375128095
ech_G = 31.614566428879197
ech_blaze = -74.99488941121753
ech_gamma = 1.1556482006544153
echelle_z = 0.057008660014958586
d_col_trf = -1588.016367081982
trf_mirror_tilt_x = 0.007311880920479911
trf_mirror_tilt_y = 0.155429560751378
d_col_grm = 0.03565702568839345
grism_dec_x = 236.3832685813165
grism_dec_y = 0.009283953778065266
grm_tilt_x = -0.023505660891786212
grm_tilt_y = 2.3257866182786353
grm_G = 222.784072001404
grm_apex = 17.76651640282866
d_grm_cam  = 21.60469224435137
cam_dec_x = -0.27102415357099074
cam_dec_y = 0.2909319843697268
cam_tilt_x = 0.012480406091509412
cam_tilt_y = 0.008827978834208501
d_cam_ff  = -160.07707963540565
ccd_ff_dec_x = -0.023806480525696987
ccd_ff_dec_y = 0.042112786469509854
ccd_ff_tilt_x = 0.03353198264001121
ccd_ff_tilt_y = -0.5909813783877509
ccd_ff_tilt_z = 0.171911942145455
d_ff_ccd  = -4.8160135406546445
ccd_dec_x = 0.5532984374741717
ccd_dec_y = 5.107627076489153
ccd_defocus = 0.2857777778291977
ccd_tilt_x = 0.03255048109972656
ccd_tilt_y = -0.002065602375450243
ccd_tilt_z = 4.734167874556571e-06
p = 0.0001