slit_dec_x_a = -0.1704010755187174
slit_dec_y_a = -0.1956586180351446
slit_dec_x_b = 0.175
slit_dec_y_b = -1.8134774101465277e-96
slit_defocus = 0.021373391343656248
slit_tilt_x = 1.1140324244558157
slit_tilt_y = -8.538471936219215
slit_tilt_z = -8.991691836840767
d_slit_col = 1594.3099706768978
coll_tilt_x = 0.11321529737607737
coll_tilt_y = -0.0289244514827352
ech_G = 31.61323145107398
ech_blaze = -74.97482789285557
ech_gamma = 1.1389743678150577
echelle_z = 0.07477474860087656
d_col_trf = -1588.0172350257537
trf_mirror_tilt_x = 0.026284380972751646
trf_mirror_tilt_y = 0.16219151782299174
d_col_grm = -0.004858219203690914
grism_dec_x = 236.42331596154187
grism_dec_y = 0.03815196158730107
grm_tilt_x = -0.01404972044786432
grm_tilt_y = 2.305279828559929
grm_G = 222.82399782310927
grm_apex = 17.791024344523827
d_grm_cam  = 21.609811963613407
cam_dec_x = -0.309495911538016
cam_dec_y = 0.24723896515125482
cam_tilt_x = -0.010995543539384577
cam_tilt_y = 0.0037554372652383703
d_cam_ff  = -160.05751819023374
ccd_ff_dec_x = -0.0025990940061721927
ccd_ff_dec_y = 0.05292175581852814
ccd_ff_tilt_x = 0.019512208117331262
ccd_ff_tilt_y = -0.5728071309119299
ccd_ff_tilt_z = 0.18005537664014065
d_ff_ccd  = -4.838965681960078
ccd_dec_x = 0.6214038563095774
ccd_dec_y = 5.15714963111278
ccd_defocus = 0.2807606237897576
ccd_tilt_x = 0.00504842737048913
ccd_tilt_y = -0.010917818347834092
ccd_tilt_z = 5.027129418618569e-06
p = 0.0001