slit_dec_x_a = -0.181778666534
slit_dec_y_a = -0.18243150017
slit_dec_x_b = 0.14512077562974193
slit_dec_y_b = -0.05510809031835813
slit_defocus = -0.013754519553133213
slit_tilt_x = 1.0540985668897733
slit_tilt_y = -8.559939279469386
slit_tilt_z = -9.02689584820712
d_slit_col = 1594.2903336646568
coll_tilt_x = 0.12143650440642031
coll_tilt_y = -0.026494564761854154
ech_G = 31.614567844043172
ech_blaze = -74.99489753402763
ech_gamma = 1.1556414692637562
echelle_z = 0.057005684775191474
d_col_trf = -1588.0163641525469
trf_mirror_tilt_x = 0.007287459172071385
trf_mirror_tilt_y = 0.15548098633424484
d_col_grm = 0.03570781297090285
grism_dec_x = 236.38320079847202
grism_dec_y = 0.009199667713443162
grm_tilt_x = -0.023513028917003465
grm_tilt_y = 2.3257873584830087
grm_G = 222.78407068380866
grm_apex = 17.76646090281943
d_grm_cam  = 21.60469578168321
cam_dec_x = -0.271045787565695
cam_dec_y = 0.2909027317302067
cam_tilt_x = 0.012448546110112832
cam_tilt_y = 0.008920619933098709
d_cam_ff  = -160.07728201968254
ccd_ff_dec_x = -0.023805631806637972
ccd_ff_dec_y = 0.04203633097646408
ccd_ff_tilt_x = 0.033467974453661946
ccd_ff_tilt_y = -0.5909864286191151
ccd_ff_tilt_z = 0.1719221606416217
d_ff_ccd  = -4.8159249973300255
ccd_dec_x = 0.553300015431068
ccd_dec_y = 5.107627055937237
ccd_defocus = 0.28567492142848383
ccd_tilt_x = 0.032608563703016936
ccd_tilt_y = -0.0021668170703373333
ccd_tilt_z = 4.7000174127934055e-06
p = 0.0001