slit_dec_x_a = -0.181778666534
slit_dec_y_a = -0.18243150017
slit_dec_x_b = 0.14512077562974193
slit_dec_y_b = -0.05510809031835813
slit_defocus = -0.013821406327898359
slit_tilt_x = 1.054094608530375
slit_tilt_y = -8.559968993629424
slit_tilt_z = -9.026932856910788
d_slit_col = 1594.2902469955618
coll_tilt_x = 0.12143243703150151
coll_tilt_y = -0.026496252474703785
ech_G = 31.61456692977471
ech_blaze = -74.99488506083549
ech_gamma = 1.1556400517302856
echelle_z = 0.05700192305728268
d_col_trf = -1588.0163612977155
trf_mirror_tilt_x = 0.007314568278752626
trf_mirror_tilt_y = 0.1554832897302103
d_col_grm = 0.035660655605825854
grism_dec_x = 236.38323589961956
grism_dec_y = 0.00923651646908719
grm_tilt_x = -0.023502930440576088
grm_tilt_y = 2.3257850432740605
grm_G = 222.784070932433
grm_apex = 17.766585456999408
d_grm_cam  = 21.604699061257723
cam_dec_x = -0.27118358869016485
cam_dec_y = 0.29084917217437606
cam_tilt_x = 0.012403706023061819
cam_tilt_y = 0.008870997404999102
d_cam_ff  = -160.07736561034227
ccd_ff_dec_x = -0.023808354853183715
ccd_ff_dec_y = 0.04205268716126506
ccd_ff_tilt_x = 0.03350171754077827
ccd_ff_tilt_y = -0.5909835128930179
ccd_ff_tilt_z = 0.171912448238619
d_ff_ccd  = -4.815999091591729
ccd_dec_x = 0.5532927153918998
ccd_dec_y = 5.107636613089589
ccd_defocus = 0.2858015206911347
ccd_tilt_x = 0.03257978760485286
ccd_tilt_y = -0.0021187879555873957
ccd_tilt_z = 4.656447810072734e-06
p = 0.0001