slit_dec_x_a = -0.181778666534
slit_dec_y_a = -0.18243150017
slit_dec_x_b = 0.14512077562974193
slit_dec_y_b = -0.05510809031835813
slit_defocus = -0.013807630892463134
slit_tilt_x = 1.0540831632067205
slit_tilt_y = -8.559910149057753
slit_tilt_z = -9.026917721682572
d_slit_col = 1594.2902970525436
coll_tilt_x = 0.12144003269389565
coll_tilt_y = -0.02655385345337459
ech_G = 31.6145673647248
ech_blaze = -74.99489305565156
ech_gamma = 1.155635923274902
echelle_z = 0.05699068834620597
d_col_trf = -1588.0163598053282
trf_mirror_tilt_x = 0.007333407543521128
trf_mirror_tilt_y = 0.155474884640541
d_col_grm = 0.0356476944391766
grism_dec_x = 236.38321305287315
grism_dec_y = 0.009242491460424922
grm_tilt_x = -0.02350481430548237
grm_tilt_y = 2.3257843274430643
grm_G = 222.78406808625303
grm_apex = 17.766509288951866
d_grm_cam  = 21.604704208855512
cam_dec_x = -0.2711529383660324
cam_dec_y = 0.29089542918332073
cam_tilt_x = 0.012422086620459767
cam_tilt_y = 0.008841235285106103
d_cam_ff  = -160.07682069976275
ccd_ff_dec_x = -0.02380397771815263
ccd_ff_dec_y = 0.04197323929270892
ccd_ff_tilt_x = 0.03349285127069295
ccd_ff_tilt_y = -0.5909809847030497
ccd_ff_tilt_z = 0.17192086424865566
d_ff_ccd  = -4.8160031287750815
ccd_dec_x = 0.5533004492553416
ccd_dec_y = 5.107629991235116
ccd_defocus = 0.28575655709572106
ccd_tilt_x = 0.032591067638454096
ccd_tilt_y = -0.0021419336224512892
ccd_tilt_z = 4.707762840402221e-06
p = 0.0001