slit_dec_x_a = -0.181778666534
slit_dec_y_a = -0.18243150017
slit_dec_x_b = 0.14512077562974193
slit_dec_y_b = -0.05510809031835813
slit_defocus = -0.013788105888784206
slit_tilt_x = 1.0541071132054949
slit_tilt_y = -8.559978911391331
slit_tilt_z = -9.026893728406446
d_slit_col = 1594.290335208614
coll_tilt_x = 0.12146802157028788
coll_tilt_y = -0.02652240041347806
ech_G = 31.614565317427125
ech_blaze = -74.99488862373784
ech_gamma = 1.1556389780408909
echelle_z = 0.05700473282273041
d_col_trf = -1588.0163661284023
trf_mirror_tilt_x = 0.00731685582859955
trf_mirror_tilt_y = 0.15556296306816442
d_col_grm = 0.035618143849407514
grism_dec_x = 236.3832091727991
grism_dec_y = 0.009235105026873408
grm_tilt_x = -0.02350828691257645
grm_tilt_y = 2.3257836703451376
grm_G = 222.78407302435303
grm_apex = 17.766483484647615
d_grm_cam  = 21.60469433483796
cam_dec_x = -0.271112496001622
cam_dec_y = 0.29090802460355963
cam_tilt_x = 0.012489903709403604
cam_tilt_y = 0.008789091142923068
d_cam_ff  = -160.07695170914153
ccd_ff_dec_x = -0.02380115044461732
ccd_ff_dec_y = 0.042083288879679666
ccd_ff_tilt_x = 0.03350633237895459
ccd_ff_tilt_y = -0.5909783203770766
ccd_ff_tilt_z = 0.17191267949686326
d_ff_ccd  = -4.816014233702288
ccd_dec_x = 0.5532945664657024
ccd_dec_y = 5.107634771814758
ccd_defocus = 0.2857469550707322
ccd_tilt_x = 0.032582768261056924
ccd_tilt_y = -0.00214911987759988
ccd_tilt_z = 4.6335419462566706e-06
p = 0.0001