slit_dec_x_a = -0.181778666534
slit_dec_y_a = -0.18243150017
slit_dec_x_b = 0.14512077562974193
slit_dec_y_b = -0.05510809031835813
slit_defocus = -0.013848378239372763
slit_tilt_x = 1.054059306417081
slit_tilt_y = -8.559918820794238
slit_tilt_z = -9.026846711554924
d_slit_col = 1594.29028534083
coll_tilt_x = 0.12140209350185699
coll_tilt_y = -0.02647068580956264
ech_G = 31.614562700961347
ech_blaze = -74.99489031992557
ech_gamma = 1.1556448879429457
echelle_z = 0.05700134553303084
d_col_trf = -1588.0163596143066
trf_mirror_tilt_x = 0.007299137216141388
trf_mirror_tilt_y = 0.15551108479061784
d_col_grm = 0.03575724242962306
grism_dec_x = 236.3832834871339
grism_dec_y = 0.009242548383171116
grm_tilt_x = -0.023509167574936953
grm_tilt_y = 2.325787506662734
grm_G = 222.78406891777334
grm_apex = 17.766473255992654
d_grm_cam  = 21.60470164762615
cam_dec_x = -0.27104794758869794
cam_dec_y = 0.29082050541412974
cam_tilt_x = 0.012437969515414642
cam_tilt_y = 0.008808596042405662
d_cam_ff  = -160.0770902743572
ccd_ff_dec_x = -0.023802270899751208
ccd_ff_dec_y = 0.04211788165812393
ccd_ff_tilt_x = 0.03348000177464984
ccd_ff_tilt_y = -0.5909783406571621
ccd_ff_tilt_z = 0.17192189667708602
d_ff_ccd  = -4.81596469478987
ccd_dec_x = 0.5532969062010331
ccd_dec_y = 5.107628366491147
ccd_defocus = 0.28578468935738915
ccd_tilt_x = 0.032652426885564724
ccd_tilt_y = -0.0021410409074043985
ccd_tilt_z = 4.697618072216975e-06
p = 0.0001