slit_dec_x_a = -0.181778666534
slit_dec_y_a = -0.18243150017
slit_dec_x_b = 0.14512077562974193
slit_dec_y_b = -0.05510809031835813
slit_defocus = -0.013790992863346074
slit_tilt_x = 1.0540813197123216
slit_tilt_y = -8.559996227276065
slit_tilt_z = -9.026869987825057
d_slit_col = 1594.2902178403103
coll_tilt_x = 0.12141612899749063
coll_tilt_y = -0.02646291494736744
ech_G = 31.61456500848213
ech_blaze = -74.994888206876
ech_gamma = 1.1556435847059485
echelle_z = 0.05700054156957507
d_col_trf = -1588.0163691036653
trf_mirror_tilt_x = 0.007371359540634076
trf_mirror_tilt_y = 0.15546311446580996
d_col_grm = 0.03560195437434219
grism_dec_x = 236.3832853330852
grism_dec_y = 0.009206476652440026
grm_tilt_x = -0.02350518394883802
grm_tilt_y = 2.3257843304263486
grm_G = 222.78407047268087
grm_apex = 17.76660624830607
d_grm_cam  = 21.604702868250712
cam_dec_x = -0.2710944851762928
cam_dec_y = 0.2908618158789906
cam_tilt_x = 0.012408891234437966
cam_tilt_y = 0.008844186286224217
d_cam_ff  = -160.0774657902271
ccd_ff_dec_x = -0.02380388864536419
ccd_ff_dec_y = 0.04207854469133169
ccd_ff_tilt_x = 0.03350514475765036
ccd_ff_tilt_y = -0.59097936302353
ccd_ff_tilt_z = 0.171919335185667
d_ff_ccd  = -4.815967371537464
ccd_dec_x = 0.5532935135879684
ccd_dec_y = 5.107628709600951
ccd_defocus = 0.28576441483031195
ccd_tilt_x = 0.032585235209209217
ccd_tilt_y = -0.0021278014147219654
ccd_tilt_z = 4.700341983083769e-06
p = 0.0001