slit_dec_x_a = -0.1704010755187174
slit_dec_y_a = -0.1956586180351446
slit_dec_x_b = 0.175
slit_dec_y_b = -1.8185290823460472e-96
slit_defocus = 0.02134703016580034
slit_tilt_x = 1.1139878418037972
slit_tilt_y = -8.538385874481143
slit_tilt_z = -8.991673608573645
d_slit_col = 1594.3099589905437
coll_tilt_x = 0.1131913819096862
coll_tilt_y = -0.028910801533329398
ech_G = 31.613230038941584
ech_blaze = -74.97482726481316
ech_gamma = 1.138979528855233
echelle_z = 0.07477295718103946
d_col_trf = -1588.0172320570125
trf_mirror_tilt_x = 0.02620245120591056
trf_mirror_tilt_y = 0.16220872872555753
d_col_grm = -0.004834941271445086
grism_dec_x = 236.4232915403966
grism_dec_y = 0.038144364985733654
grm_tilt_x = -0.014046235028713125
grm_tilt_y = 2.3052811708472034
grm_G = 222.82400734741037
grm_apex = 17.79106852782156
d_grm_cam  = 21.609818402240634
cam_dec_x = -0.30952720974912784
cam_dec_y = 0.24723140176428238
cam_tilt_x = -0.011026306388921651
cam_tilt_y = 0.0037656465959005
d_cam_ff  = -160.05712206359598
ccd_ff_dec_x = -0.002601264910837273
ccd_ff_dec_y = 0.05308998086057537
ccd_ff_tilt_x = 0.019517362999891007
ccd_ff_tilt_y = -0.5728033492555484
ccd_ff_tilt_z = 0.18005303724011124
d_ff_ccd  = -4.838961066713316
ccd_dec_x = 0.6214015975029564
ccd_dec_y = 5.157153619703198
ccd_defocus = 0.28070836176240244
ccd_tilt_x = 0.005023574795862661
ccd_tilt_y = -0.010933569839312098
ccd_tilt_z = 5.074532388699347e-06
p = 0.0001