slit_dec_x_a = -0.1704010755187174
slit_dec_y_a = -0.1956586180351446
slit_dec_x_b = 0.175
slit_dec_y_b = -1.841345097160281e-96
slit_defocus = 0.021388645713175374
slit_tilt_x = 1.1139318470078918
slit_tilt_y = -8.538509270324669
slit_tilt_z = -8.991616987282855
d_slit_col = 1594.3099371393782
coll_tilt_x = 0.1131715642566781
coll_tilt_y = -0.028917237399653857
ech_G = 31.61323200157155
ech_blaze = -74.97482973661063
ech_gamma = 1.138972604032757
echelle_z = 0.07477215025509763
d_col_trf = -1588.0172245783128
trf_mirror_tilt_x = 0.026257450401912727
trf_mirror_tilt_y = 0.162250390124749
d_col_grm = -0.004869045613893583
grism_dec_x = 236.42332844606076
grism_dec_y = 0.038194631667272924
grm_tilt_x = -0.01406143105716274
grm_tilt_y = 2.3052776716075734
grm_G = 222.82400808785673
grm_apex = 17.79103982044949
d_grm_cam  = 21.60982364530112
cam_dec_x = -0.30954541739040736
cam_dec_y = 0.2472934507551157
cam_tilt_x = -0.011071839513755968
cam_tilt_y = 0.0038161835180329736
d_cam_ff  = -160.0576081955237
ccd_ff_dec_x = -0.0025970024474553785
ccd_ff_dec_y = 0.05303417359506938
ccd_ff_tilt_x = 0.019548514420335616
ccd_ff_tilt_y = -0.5728027020158499
ccd_ff_tilt_z = 0.18005293741725278
d_ff_ccd  = -4.839020398500459
ccd_dec_x = 0.621409815524981
ccd_dec_y = 5.157149043502078
ccd_defocus = 0.28068543482575764
ccd_tilt_x = 0.005019801665587736
ccd_tilt_y = -0.010959639933969761
ccd_tilt_z = 5.129787843870797e-06
p = 0.0001