slit_dec_x_a = -0.181778666534
slit_dec_y_a = -0.18243150017
slit_dec_x_b = 0.14512077562974193
slit_dec_y_b = -0.05510809031835813
slit_defocus = -0.013799441451863407
slit_tilt_x = 1.0540575309379836
slit_tilt_y = -8.559921141568994
slit_tilt_z = -9.026915044190982
d_slit_col = 1594.2902896727298
coll_tilt_x = 0.12145288729836143
coll_tilt_y = -0.02647514915288662
ech_G = 31.61456693468742
ech_blaze = -74.99489315547041
ech_gamma = 1.1556405556848894
echelle_z = 0.057002628547532
d_col_trf = -1588.0163601890526
trf_mirror_tilt_x = 0.007381738879033274
trf_mirror_tilt_y = 0.15545758958906403
d_col_grm = 0.03564072083645251
grism_dec_x = 236.38325268495961
grism_dec_y = 0.009243537062756161
grm_tilt_x = -0.023506894564455365
grm_tilt_y = 2.325791726406433
grm_G = 222.7840729192311
grm_apex = 17.76653592524917
d_grm_cam  = 21.604703745786583
cam_dec_x = -0.27112343982174075
cam_dec_y = 0.2909085126014667
cam_tilt_x = 0.01249708110198075
cam_tilt_y = 0.008856352958613124
d_cam_ff  = -160.07694680014833
ccd_ff_dec_x = -0.023805360877079344
ccd_ff_dec_y = 0.04199329686312755
ccd_ff_tilt_x = 0.03347832577450104
ccd_ff_tilt_y = -0.5909835066851239
ccd_ff_tilt_z = 0.17191866382185425
d_ff_ccd  = -4.816009040377761
ccd_dec_x = 0.5532952726538013
ccd_dec_y = 5.107629491644226
ccd_defocus = 0.2857570485769301
ccd_tilt_x = 0.0326012610528763
ccd_tilt_y = -0.002117382541425341
ccd_tilt_z = 4.682606799055661e-06
p = 0.0001