slit_dec_x_a = -0.1704010755187174
slit_dec_y_a = -0.1956586180351446
slit_dec_x_b = 0.175
slit_dec_y_b = -1.8388928095256099e-96
slit_defocus = 0.0214427840341109
slit_tilt_x = 1.1139994864274096
slit_tilt_y = -8.53840928682983
slit_tilt_z = -8.99165381374256
d_slit_col = 1594.3099106235281
coll_tilt_x = 0.11315296122543864
coll_tilt_y = -0.02891183557925522
ech_G = 31.61322935197576
ech_blaze = -74.97482408640644
ech_gamma = 1.1389809410445901
echelle_z = 0.0747778616225304
d_col_trf = -1588.0172316164553
trf_mirror_tilt_x = 0.02630455964148337
trf_mirror_tilt_y = 0.16225722047698396
d_col_grm = -0.0048723275053331174
grism_dec_x = 236.42328090460356
grism_dec_y = 0.03817013121994354
grm_tilt_x = -0.014058995142844396
grm_tilt_y = 2.3052743330541876
grm_G = 222.82400028023008
grm_apex = 17.791093393310998
d_grm_cam  = 21.60981772145956
cam_dec_x = -0.30952321026956525
cam_dec_y = 0.24737788672760114
cam_tilt_x = -0.011090169039976578
cam_tilt_y = 0.0038026448520496244
d_cam_ff  = -160.05735527686406
ccd_ff_dec_x = -0.0025951773172312917
ccd_ff_dec_y = 0.05310248850285314
ccd_ff_tilt_x = 0.01954117422941518
ccd_ff_tilt_y = -0.5728045679353595
ccd_ff_tilt_z = 0.1800534449057113
d_ff_ccd  = -4.838886565334809
ccd_dec_x = 0.6214024146592008
ccd_dec_y = 5.157149576182683
ccd_defocus = 0.28065272395561747
ccd_tilt_x = 0.005031969654953866
ccd_tilt_y = -0.010883049619268755
ccd_tilt_z = 5.122809629688584e-06
p = 0.0001