slit_dec_x_a = -0.1704010755187174
slit_dec_y_a = -0.1956586180351446
slit_dec_x_b = 0.175
slit_dec_y_b = -1.8917699320656276e-96
slit_defocus = 0.021360199343618796
slit_tilt_x = 1.1140525495473637
slit_tilt_y = -8.538457131947307
slit_tilt_z = -8.991606492057013
d_slit_col = 1594.3099859164586
coll_tilt_x = 0.1131584953114953
coll_tilt_y = -0.028907861262083275
ech_G = 31.613233239962543
ech_blaze = -74.97482912760005
ech_gamma = 1.1389707830889335
echelle_z = 0.07477340754307127
d_col_trf = -1588.0172356320948
trf_mirror_tilt_x = 0.02626021053578193
trf_mirror_tilt_y = 0.16226123967584372
d_col_grm = -0.00486308235823415
grism_dec_x = 236.42329588217027
grism_dec_y = 0.03812763395992026
grm_tilt_x = -0.01405796019425959
grm_tilt_y = 2.305284047433601
grm_G = 222.82400007227898
grm_apex = 17.791050806279546
d_grm_cam  = 21.60981777757705
cam_dec_x = -0.3095549418027909
cam_dec_y = 0.2472447528949559
cam_tilt_x = -0.011107092913302233
cam_tilt_y = 0.0037599186642249733
d_cam_ff  = -160.0574820568248
ccd_ff_dec_x = -0.002598528901756661
ccd_ff_dec_y = 0.052991661038102385
ccd_ff_tilt_x = 0.019534792937852877
ccd_ff_tilt_y = -0.5728123097143217
ccd_ff_tilt_z = 0.18004827775806284
d_ff_ccd  = -4.8389529463784635
ccd_dec_x = 0.6213972278351478
ccd_dec_y = 5.157146801821727
ccd_defocus = 0.2807373517931712
ccd_tilt_x = 0.005050947734572442
ccd_tilt_y = -0.01097668948714781
ccd_tilt_z = 5.124363095888097e-06
p = 0.0001