slit_dec_x_a = -0.181778666534
slit_dec_y_a = -0.18243150017
slit_dec_x_b = 0.14512077562974193
slit_dec_y_b = -0.05510809031835813
slit_defocus = -0.01384550174986067
slit_tilt_x = 1.0541663366989662
slit_tilt_y = -8.559939560575836
slit_tilt_z = -9.026868214232824
d_slit_col = 1594.2903521960102
coll_tilt_x = 0.12147617962189702
coll_tilt_y = -0.02648510634897641
ech_G = 31.61456746615092
ech_blaze = -74.99488883229763
ech_gamma = 1.1556406583990426
echelle_z = 0.05700538331851129
d_col_trf = -1588.0163664629995
trf_mirror_tilt_x = 0.007284553877816045
trf_mirror_tilt_y = 0.1554622193954871
d_col_grm = 0.035619181921564845
grism_dec_x = 236.383233837746
grism_dec_y = 0.009283756969525358
grm_tilt_x = -0.023501587205601627
grm_tilt_y = 2.3257887245686137
grm_G = 222.78406973875192
grm_apex = 17.766518566282144
d_grm_cam  = 21.60470096781271
cam_dec_x = -0.2711564802028442
cam_dec_y = 0.29084974142387876
cam_tilt_x = 0.012477465321244038
cam_tilt_y = 0.008886011471230665
d_cam_ff  = -160.07686497511926
ccd_ff_dec_x = -0.023806298163413935
ccd_ff_dec_y = 0.04206780652395755
ccd_ff_tilt_x = 0.03350738113822472
ccd_ff_tilt_y = -0.5909840769947655
ccd_ff_tilt_z = 0.17192496364253995
d_ff_ccd  = -4.815990596772182
ccd_dec_x = 0.5533007645270189
ccd_dec_y = 5.10762944692588
ccd_defocus = 0.28574396368553606
ccd_tilt_x = 0.03260004915776769
ccd_tilt_y = -0.0021689925971771296
ccd_tilt_z = 4.685243028868857e-06
p = 0.0001