slit_dec_x_a = -0.1704010755187174
slit_dec_y_a = -0.1956586180351446
slit_dec_x_b = 0.175
slit_dec_y_b = -1.8556875444599734e-96
slit_defocus = 0.02129916449785377
slit_tilt_x = 1.114022561498606
slit_tilt_y = -8.538408300818439
slit_tilt_z = -8.991641986546083
d_slit_col = 1594.3099241379173
coll_tilt_x = 0.11315678230662006
coll_tilt_y = -0.028886622318639435
ech_G = 31.61323387335475
ech_blaze = -74.9748256800791
ech_gamma = 1.1389713743939354
echelle_z = 0.07477222875928519
d_col_trf = -1588.0172315204736
trf_mirror_tilt_x = 0.02632503563323507
trf_mirror_tilt_y = 0.16223863152282078
d_col_grm = -0.004762885563555574
grism_dec_x = 236.423356537547
grism_dec_y = 0.0381351272931338
grm_tilt_x = -0.014052201234858916
grm_tilt_y = 2.3052795756317686
grm_G = 222.8239963743771
grm_apex = 17.7909892199729
d_grm_cam  = 21.60981209184046
cam_dec_x = -0.3095948109314608
cam_dec_y = 0.24727944372729158
cam_tilt_x = -0.01112638216673
cam_tilt_y = 0.0037942592426099655
d_cam_ff  = -160.0576757244321
ccd_ff_dec_x = -0.0026010171941308158
ccd_ff_dec_y = 0.053013683820790365
ccd_ff_tilt_x = 0.019505826245128585
ccd_ff_tilt_y = -0.5728075509840583
ccd_ff_tilt_z = 0.18005284163542218
d_ff_ccd  = -4.838974766400059
ccd_dec_x = 0.6214069788110177
ccd_dec_y = 5.157144046185187
ccd_defocus = 0.2807334349451527
ccd_tilt_x = 0.005023214582255492
ccd_tilt_y = -0.010987331300665131
ccd_tilt_z = 5.1275926622314286e-06
p = 0.0001