slit_dec_x_a = -0.1704010755187174
slit_dec_y_a = -0.1956586180351446
slit_dec_x_b = 0.175
slit_dec_y_b = -1.8174408051151062e-96
slit_defocus = 0.021399770227484682
slit_tilt_x = 1.1140056922728816
slit_tilt_y = -8.538482447196102
slit_tilt_z = -8.991585191508806
d_slit_col = 1594.309973527887
coll_tilt_x = 0.11314431673845701
coll_tilt_y = -0.02888215610475796
ech_G = 31.61323104549567
ech_blaze = -74.97483580459657
ech_gamma = 1.1389730358651444
echelle_z = 0.07477151857536976
d_col_trf = -1588.0172281665061
trf_mirror_tilt_x = 0.026294518620543626
trf_mirror_tilt_y = 0.16228094059793116
d_col_grm = -0.004857824953146518
grism_dec_x = 236.42330352333758
grism_dec_y = 0.038192376599095704
grm_tilt_x = -0.014049379592520408
grm_tilt_y = 2.305275575632181
grm_G = 222.82400894527325
grm_apex = 17.79104580668507
d_grm_cam  = 21.609814317103854
cam_dec_x = -0.3094714852027612
cam_dec_y = 0.24726208078933284
cam_tilt_x = -0.011071185797593325
cam_tilt_y = 0.0037733883107173645
d_cam_ff  = -160.05759261973773
ccd_ff_dec_x = -0.0025981493414131535
ccd_ff_dec_y = 0.05309070224620926
ccd_ff_tilt_x = 0.019550358014129944
ccd_ff_tilt_y = -0.5727979598667479
ccd_ff_tilt_z = 0.18005480225757897
d_ff_ccd  = -4.83899243215728
ccd_dec_x = 0.6214061474984269
ccd_dec_y = 5.157142041313108
ccd_defocus = 0.28076615531667454
ccd_tilt_x = 0.005032075576031746
ccd_tilt_y = -0.010920601238177152
ccd_tilt_z = 5.081858305620326e-06
p = 0.0001