slit_dec_x_a = -0.1704010755187174
slit_dec_y_a = -0.1956586180351446
slit_dec_x_b = 0.175
slit_dec_y_b = -1.8640937374328934e-96
slit_defocus = 0.021384041804964057
slit_tilt_x = 1.1140088108494235
slit_tilt_y = -8.538475429808878
slit_tilt_z = -8.991653341338823
d_slit_col = 1594.309982381959
coll_tilt_x = 0.11318645811098911
coll_tilt_y = -0.02895612035956128
ech_G = 31.61322564512507
ech_blaze = -74.97483545802746
ech_gamma = 1.1389761470129875
echelle_z = 0.07477590414298801
d_col_trf = -1588.0172328637752
trf_mirror_tilt_x = 0.026332432718810507
trf_mirror_tilt_y = 0.1622214045292171
d_col_grm = -0.004811631440725274
grism_dec_x = 236.4233169969959
grism_dec_y = 0.038171646225656906
grm_tilt_x = -0.014055898688224313
grm_tilt_y = 2.3052855594793957
grm_G = 222.82400173253987
grm_apex = 17.790979712759565
d_grm_cam  = 21.609821103580117
cam_dec_x = -0.3095112219013033
cam_dec_y = 0.24726583900078028
cam_tilt_x = -0.011013391610756412
cam_tilt_y = 0.00378223777495155
d_cam_ff  = -160.05750953818188
ccd_ff_dec_x = -0.0025986612646407363
ccd_ff_dec_y = 0.05294703445641859
ccd_ff_tilt_x = 0.019482538124364377
ccd_ff_tilt_y = -0.5728000506948242
ccd_ff_tilt_z = 0.1800525254117472
d_ff_ccd  = -4.838957159008722
ccd_dec_x = 0.6214058808765729
ccd_dec_y = 5.157145144649866
ccd_defocus = 0.2808249323487198
ccd_tilt_x = 0.005016616454483217
ccd_tilt_y = -0.010916521888012726
ccd_tilt_z = 5.034737611143336e-06
p = 0.0001