slit_dec_x_a = -0.181778666534
slit_dec_y_a = -0.18243150017
slit_dec_x_b = 0.14512077562974193
slit_dec_y_b = -0.05510809031835813
slit_defocus = -0.013812145294049196
slit_tilt_x = 1.0541465352572101
slit_tilt_y = -8.559951969541277
slit_tilt_z = -9.026879885199687
d_slit_col = 1594.2902858080463
coll_tilt_x = 0.12143208880485329
coll_tilt_y = -0.02658182417956734
ech_G = 31.61456651499445
ech_blaze = -74.99489539174303
ech_gamma = 1.15563513011107
echelle_z = 0.05700188212110683
d_col_trf = -1588.0163641225736
trf_mirror_tilt_x = 0.007322547236829612
trf_mirror_tilt_y = 0.15543452061592017
d_col_grm = 0.03564462182052754
grism_dec_x = 236.383233970734
grism_dec_y = 0.009223081474823728
grm_tilt_x = -0.023510930345724598
grm_tilt_y = 2.3257876434429967
grm_G = 222.7840651249647
grm_apex = 17.766501928328072
d_grm_cam  = 21.604696850054232
cam_dec_x = -0.27112892894123697
cam_dec_y = 0.2908572094148179
cam_tilt_x = 0.012417765403368536
cam_tilt_y = 0.008852774320888096
d_cam_ff  = -160.07703098789906
ccd_ff_dec_x = -0.023808209702433285
ccd_ff_dec_y = 0.0420126954550769
ccd_ff_tilt_x = 0.033459439203265225
ccd_ff_tilt_y = -0.590976170444856
ccd_ff_tilt_z = 0.1719131724466664
d_ff_ccd  = -4.816000347127646
ccd_dec_x = 0.5533030253086427
ccd_dec_y = 5.107629369714069
ccd_defocus = 0.285773455284332
ccd_tilt_x = 0.032558056835460106
ccd_tilt_y = -0.002179948900770795
ccd_tilt_z = 4.694743263405211e-06
p = 0.0001