slit_dec_x_a = -0.1704010755187174
slit_dec_y_a = -0.1956586180351446
slit_dec_x_b = 0.175
slit_dec_y_b = -1.8365532517936503e-96
slit_defocus = 0.0213583086869539
slit_tilt_x = 1.1139983593580358
slit_tilt_y = -8.53848722470596
slit_tilt_z = -8.991645866693144
d_slit_col = 1594.310030576081
coll_tilt_x = 0.11317361655710104
coll_tilt_y = -0.028897204192661678
ech_G = 31.613233574739702
ech_blaze = -74.9748275007857
ech_gamma = 1.1389744268057056
echelle_z = 0.07477732329145648
d_col_trf = -1588.0172279336539
trf_mirror_tilt_x = 0.026370901980080862
trf_mirror_tilt_y = 0.16226982924990924
d_col_grm = -0.004776740369582517
grism_dec_x = 236.4232832392048
grism_dec_y = 0.03822352777452277
grm_tilt_x = -0.014052254449536486
grm_tilt_y = 2.305278447443337
grm_G = 222.82400269274675
grm_apex = 17.791004948960694
d_grm_cam  = 21.60981901776412
cam_dec_x = -0.3096106619540947
cam_dec_y = 0.2472724861024493
cam_tilt_x = -0.01108951694918642
cam_tilt_y = 0.0037896972231190027
d_cam_ff  = -160.0573965958975
ccd_ff_dec_x = -0.002598512281304911
ccd_ff_dec_y = 0.053047509371655824
ccd_ff_tilt_x = 0.019464607176590987
ccd_ff_tilt_y = -0.5728035783075078
ccd_ff_tilt_z = 0.18005517868409043
d_ff_ccd  = -4.83888853587447
ccd_dec_x = 0.6214099745456788
ccd_dec_y = 5.157146364928871
ccd_defocus = 0.2808120389001373
ccd_tilt_x = 0.005064145840705893
ccd_tilt_y = -0.010909998194292569
ccd_tilt_z = 5.109905134149572e-06
p = 0.0001