slit_dec_x_a = -0.1704010755187174
slit_dec_y_a = -0.1956586180351446
slit_dec_x_b = 0.175
slit_dec_y_b = -1.7657959675699707e-96
slit_defocus = 0.02138542070384237
slit_tilt_x = 1.113999785937905
slit_tilt_y = -8.538427200034793
slit_tilt_z = -8.991644049751509
d_slit_col = 1594.3099926620373
coll_tilt_x = 0.113156924805114
coll_tilt_y = -0.028918234194130914
ech_G = 31.61323798511754
ech_blaze = -74.97483695920592
ech_gamma = 1.1389743498720875
echelle_z = 0.07476739169941542
d_col_trf = -1588.0172296220703
trf_mirror_tilt_x = 0.026256623629372745
trf_mirror_tilt_y = 0.16227563646025278
d_col_grm = -0.004745296507373462
grism_dec_x = 236.42335244731547
grism_dec_y = 0.03817093352427416
grm_tilt_x = -0.014050538725992318
grm_tilt_y = 2.3052763754288623
grm_G = 222.82400366680102
grm_apex = 17.791065610144223
d_grm_cam  = 21.609824141185516
cam_dec_x = -0.3095671224865001
cam_dec_y = 0.2472641313382036
cam_tilt_x = -0.011114044935526233
cam_tilt_y = 0.0037805479406128185
d_cam_ff  = -160.05775802937612
ccd_ff_dec_x = -0.00260733845855791
ccd_ff_dec_y = 0.05305636605349461
ccd_ff_tilt_x = 0.019571371305978934
ccd_ff_tilt_y = -0.5728062621349063
ccd_ff_tilt_z = 0.18005315952120593
d_ff_ccd  = -4.838975456735421
ccd_dec_x = 0.6214110575946976
ccd_dec_y = 5.157149330505619
ccd_defocus = 0.2807203405572835
ccd_tilt_x = 0.005020224130491338
ccd_tilt_y = -0.010945853740628052
ccd_tilt_z = 5.10920820623651e-06
p = 0.0001