slit_dec_x_a = -0.181778666534
slit_dec_y_a = -0.18243150017
slit_dec_x_b = 0.14512077562974193
slit_dec_y_b = -0.05510809031835813
slit_defocus = -0.013756445823974109
slit_tilt_x = 1.0540959313512495
slit_tilt_y = -8.559981203482591
slit_tilt_z = -9.02690676318985
d_slit_col = 1594.290232013182
coll_tilt_x = 0.12137947521782672
coll_tilt_y = -0.02643124618819195
ech_G = 31.61456383414469
ech_blaze = -74.99489058750471
ech_gamma = 1.1556382732162263
echelle_z = 0.057004276698263134
d_col_trf = -1588.0163627878533
trf_mirror_tilt_x = 0.007360822321365776
trf_mirror_tilt_y = 0.1554986886686266
d_col_grm = 0.03563051593912499
grism_dec_x = 236.3831827643802
grism_dec_y = 0.009207115728100327
grm_tilt_x = -0.023506578195972294
grm_tilt_y = 2.3257838822492185
grm_G = 222.7840681516582
grm_apex = 17.76649378404465
d_grm_cam  = 21.60470397206723
cam_dec_x = -0.27111761885928376
cam_dec_y = 0.29086110696093714
cam_tilt_x = 0.012390478834436046
cam_tilt_y = 0.008755062974174605
d_cam_ff  = -160.07747398354294
ccd_ff_dec_x = -0.023805548032902846
ccd_ff_dec_y = 0.04199587754846243
ccd_ff_tilt_x = 0.03345173216358307
ccd_ff_tilt_y = -0.590988687751245
ccd_ff_tilt_z = 0.17191681542237913
d_ff_ccd  = -4.81598154730483
ccd_dec_x = 0.5533012115255869
ccd_dec_y = 5.107630927847205
ccd_defocus = 0.2858181121153791
ccd_tilt_x = 0.032599256225649645
ccd_tilt_y = -0.0021319029063562368
ccd_tilt_z = 4.687226211428732e-06
p = 0.0001