slit_dec_x_a = -0.1704010755187174
slit_dec_y_a = -0.1956586180351446
slit_dec_x_b = 0.175
slit_dec_y_b = -1.8149903482293816e-96
slit_defocus = 0.0213051217783486
slit_tilt_x = 1.1140164469570089
slit_tilt_y = -8.538383794970862
slit_tilt_z = -8.991600998781747
d_slit_col = 1594.3099752079272
coll_tilt_x = 0.11316761829122551
coll_tilt_y = -0.02889975832964316
ech_G = 31.613234420115294
ech_blaze = -74.97482430069083
ech_gamma = 1.1389746828682763
echelle_z = 0.07477082633074449
d_col_trf = -1588.0172308018255
trf_mirror_tilt_x = 0.026206657936233262
trf_mirror_tilt_y = 0.1622113868477815
d_col_grm = -0.004823066163704837
grism_dec_x = 236.42331715204762
grism_dec_y = 0.038248350034417976
grm_tilt_x = -0.014058035658199809
grm_tilt_y = 2.3052761787250717
grm_G = 222.82400565503377
grm_apex = 17.79106135896257
d_grm_cam  = 21.609819099487172
cam_dec_x = -0.30952702023974343
cam_dec_y = 0.24732156050192233
cam_tilt_x = -0.011098507783027657
cam_tilt_y = 0.0037864832927991835
d_cam_ff  = -160.0575989090164
ccd_ff_dec_x = -0.002600487300155602
ccd_ff_dec_y = 0.052975666312093876
ccd_ff_tilt_x = 0.01948471021948765
ccd_ff_tilt_y = -0.5728083198241511
ccd_ff_tilt_z = 0.18005335239702164
d_ff_ccd  = -4.838965530932005
ccd_dec_x = 0.6214026065273555
ccd_dec_y = 5.1571522561286045
ccd_defocus = 0.28074614685229926
ccd_tilt_x = 0.005002041439388616
ccd_tilt_y = -0.010872625123675888
ccd_tilt_z = 5.051908425842706e-06
p = 0.0001