slit_dec_x_a = -0.1704010755187174
slit_dec_y_a = -0.1956586180351446
slit_dec_x_b = 0.175
slit_dec_y_b = -1.7907540191105998e-96
slit_defocus = 0.021373712715681545
slit_tilt_x = 1.1139671195418184
slit_tilt_y = -8.538510169722688
slit_tilt_z = -8.991591724381196
d_slit_col = 1594.3099628840957
coll_tilt_x = 0.11321425701038891
coll_tilt_y = -0.028885882061281763
ech_G = 31.61323043730093
ech_blaze = -74.97482609752394
ech_gamma = 1.1389701595271027
echelle_z = 0.07477319448436281
d_col_trf = -1588.017232382679
trf_mirror_tilt_x = 0.02626550048468941
trf_mirror_tilt_y = 0.16227178742480314
d_col_grm = -0.004802802597358958
grism_dec_x = 236.42334643951966
grism_dec_y = 0.03815023033286165
grm_tilt_x = -0.014055790903399683
grm_tilt_y = 2.305271504184798
grm_G = 222.82400460089147
grm_apex = 17.791042191934665
d_grm_cam  = 21.60981124990045
cam_dec_x = -0.3095859293147593
cam_dec_y = 0.24730328403337834
cam_tilt_x = -0.01096824923314077
cam_tilt_y = 0.003758645777281435
d_cam_ff  = -160.05751370839093
ccd_ff_dec_x = -0.0026007689762900894
ccd_ff_dec_y = 0.053046387175212005
ccd_ff_tilt_x = 0.01952373803017104
ccd_ff_tilt_y = -0.5728031672228195
ccd_ff_tilt_z = 0.1800548240342762
d_ff_ccd  = -4.838952030019392
ccd_dec_x = 0.621412114641895
ccd_dec_y = 5.157152265041127
ccd_defocus = 0.2806928818034362
ccd_tilt_x = 0.0050591105325427516
ccd_tilt_y = -0.010872776946203888
ccd_tilt_z = 5.079952259389878e-06
p = 0.0001