slit_dec_x_a = -0.181778666534
slit_dec_y_a = -0.18243150017
slit_dec_x_b = 0.14512077562974193
slit_dec_y_b = -0.05510809031835813
slit_defocus = -0.013790554850067832
slit_tilt_x = 1.0540737729402951
slit_tilt_y = -8.559932841324414
slit_tilt_z = -9.02689757264121
d_slit_col = 1594.2902926830611
coll_tilt_x = 0.12142468567616754
coll_tilt_y = -0.026522677296394768
ech_G = 31.614564675514167
ech_blaze = -74.99488483881456
ech_gamma = 1.1556369317913566
echelle_z = 0.057001862902124764
d_col_trf = -1588.016361678866
trf_mirror_tilt_x = 0.007296270138551292
trf_mirror_tilt_y = 0.15543612261252926
d_col_grm = 0.035679630587083615
grism_dec_x = 236.38319787304854
grism_dec_y = 0.009268411896672941
grm_tilt_x = -0.023510817827727667
grm_tilt_y = 2.3257901840009017
grm_G = 222.7840712878875
grm_apex = 17.76650445072897
d_grm_cam  = 21.604708043441615
cam_dec_x = -0.27113917232791074
cam_dec_y = 0.2909254589105298
cam_tilt_x = 0.012480119017860586
cam_tilt_y = 0.008788295770076992
d_cam_ff  = -160.07736753354612
ccd_ff_dec_x = -0.02379847292723063
ccd_ff_dec_y = 0.04205494401477752
ccd_ff_tilt_x = 0.033419876844949216
ccd_ff_tilt_y = -0.5909736489482058
ccd_ff_tilt_z = 0.17192302217899083
d_ff_ccd  = -4.8160072770410745
ccd_dec_x = 0.5533039183362668
ccd_dec_y = 5.1076262974423825
ccd_defocus = 0.2857739418183911
ccd_tilt_x = 0.03258164435981476
ccd_tilt_y = -0.002157920626990156
ccd_tilt_z = 4.690164634842791e-06
p = 0.0001