slit_dec_x_a = -0.181778666534
slit_dec_y_a = -0.18243150017
slit_dec_x_b = 0.14512077562974193
slit_dec_y_b = -0.05510809031835813
slit_defocus = -0.013793765523973345
slit_tilt_x = 1.0541130839083586
slit_tilt_y = -8.559938984331398
slit_tilt_z = -9.026874981551835
d_slit_col = 1594.2902829863133
coll_tilt_x = 0.12141119979820249
coll_tilt_y = -0.026456944542104854
ech_G = 31.614565783361883
ech_blaze = -74.99488825528714
ech_gamma = 1.155639286525233
echelle_z = 0.05699894231093443
d_col_trf = -1588.016363429099
trf_mirror_tilt_x = 0.00732734634333851
trf_mirror_tilt_y = 0.15541440287628377
d_col_grm = 0.03566226024135204
grism_dec_x = 236.3831813556457
grism_dec_y = 0.009180644727292823
grm_tilt_x = -0.023507089797047194
grm_tilt_y = 2.3257875365419207
grm_G = 222.78407150761743
grm_apex = 17.766507408021255
d_grm_cam  = 21.604694693999814
cam_dec_x = -0.2711692445497562
cam_dec_y = 0.29090404414382937
cam_tilt_x = 0.012462039929022074
cam_tilt_y = 0.008844707395525394
d_cam_ff  = -160.077362472265
ccd_ff_dec_x = -0.023805995431168337
ccd_ff_dec_y = 0.04204099792926403
ccd_ff_tilt_x = 0.03344446790845776
ccd_ff_tilt_y = -0.5909781321405353
ccd_ff_tilt_z = 0.17192073463278373
d_ff_ccd  = -4.815954075109995
ccd_dec_x = 0.553303665762612
ccd_dec_y = 5.1076310922780825
ccd_defocus = 0.28577309512482196
ccd_tilt_x = 0.03258259081645838
ccd_tilt_y = -0.002142270995128821
ccd_tilt_z = 4.698111420833565e-06
p = 0.0001