slit_dec_x_a = -0.181778666534
slit_dec_y_a = -0.18243150017
slit_dec_x_b = 0.14512077562974193
slit_dec_y_b = -0.05510809031835813
slit_defocus = -0.013817545710664623
slit_tilt_x = 1.054076491530124
slit_tilt_y = -8.559985715758241
slit_tilt_z = -9.026917484663437
d_slit_col = 1594.2903391064667
coll_tilt_x = 0.12139129356373485
coll_tilt_y = -0.026513597404707222
ech_G = 31.61456753832094
ech_blaze = -74.99488967254463
ech_gamma = 1.1556373281595687
echelle_z = 0.05699797250791507
d_col_trf = -1588.0163586253852
trf_mirror_tilt_x = 0.007232755331453561
trf_mirror_tilt_y = 0.15544283097312372
d_col_grm = 0.035651539264713594
grism_dec_x = 236.38323432697612
grism_dec_y = 0.009171238047276195
grm_tilt_x = -0.023505445242501324
grm_tilt_y = 2.3257877174265005
grm_G = 222.78407658011844
grm_apex = 17.766472140020415
d_grm_cam  = 21.604702169766984
cam_dec_x = -0.2710470987426171
cam_dec_y = 0.29086679141881094
cam_tilt_x = 0.012404256169775993
cam_tilt_y = 0.008812166053307336
d_cam_ff  = -160.07709203339624
ccd_ff_dec_x = -0.023798786021067338
ccd_ff_dec_y = 0.042031963359551866
ccd_ff_tilt_x = 0.033500933253251285
ccd_ff_tilt_y = -0.5909804233190765
ccd_ff_tilt_z = 0.17192145263038977
d_ff_ccd  = -4.816013791756251
ccd_dec_x = 0.5533058321140151
ccd_dec_y = 5.107630762296867
ccd_defocus = 0.2857746118308746
ccd_tilt_x = 0.03251903260832783
ccd_tilt_y = -0.002119910248995556
ccd_tilt_z = 4.681041371453685e-06
p = 0.0001