slit_dec_x_a = -0.181778666534
slit_dec_y_a = -0.18243150017
slit_dec_x_b = 0.14512077562974193
slit_dec_y_b = -0.05510809031835813
slit_defocus = -0.013771234209523971
slit_tilt_x = 1.054157345831977
slit_tilt_y = -8.559954052095774
slit_tilt_z = -9.026815845799167
d_slit_col = 1594.2903482892575
coll_tilt_x = 0.12140123529923699
coll_tilt_y = -0.026535590825232172
ech_G = 31.61455952899678
ech_blaze = -74.9948917412992
ech_gamma = 1.1556467835669013
echelle_z = 0.05700031076503972
d_col_trf = -1588.016363134329
trf_mirror_tilt_x = 0.0073137000927216075
trf_mirror_tilt_y = 0.1554483226445484
d_col_grm = 0.03557214756354048
grism_dec_x = 236.38332770510527
grism_dec_y = 0.009237004372677843
grm_tilt_x = -0.02350614196358186
grm_tilt_y = 2.325788958064955
grm_G = 222.78406733519446
grm_apex = 17.766494990025947
d_grm_cam  = 21.604704289102173
cam_dec_x = -0.27108872177495325
cam_dec_y = 0.2909020311085093
cam_tilt_x = 0.012437688707088947
cam_tilt_y = 0.008799979342139271
d_cam_ff  = -160.07685468222056
ccd_ff_dec_x = -0.02380088961525903
ccd_ff_dec_y = 0.04203940540435342
ccd_ff_tilt_x = 0.03347783782339931
ccd_ff_tilt_y = -0.5909832832966342
ccd_ff_tilt_z = 0.17191186623116425
d_ff_ccd  = -4.815984203693138
ccd_dec_x = 0.5532961084675158
ccd_dec_y = 5.1076345656303435
ccd_defocus = 0.28582685438440125
ccd_tilt_x = 0.03260798488467873
ccd_tilt_y = -0.002131897768558383
ccd_tilt_z = 4.711606657089981e-06
p = 0.0001