slit_dec_x_a = -0.181778666534
slit_dec_y_a = -0.18243150017
slit_dec_x_b = 0.14512077562974193
slit_dec_y_b = -0.05510809031835813
slit_defocus = -0.013788624397499128
slit_tilt_x = 1.054134675039866
slit_tilt_y = -8.559982080264577
slit_tilt_z = -9.026936664153496
d_slit_col = 1594.2902937065267
coll_tilt_x = 0.12146088789127098
coll_tilt_y = -0.026472369182936117
ech_G = 31.61456374093542
ech_blaze = -74.99489107692443
ech_gamma = 1.1556394426142964
echelle_z = 0.05700244366597328
d_col_trf = -1588.0163669823498
trf_mirror_tilt_x = 0.007222638784720182
trf_mirror_tilt_y = 0.1554976066129058
d_col_grm = 0.03569677992823074
grism_dec_x = 236.38322803420974
grism_dec_y = 0.009215295110338525
grm_tilt_x = -0.023506144200491033
grm_tilt_y = 2.325790705266433
grm_G = 222.78407337241575
grm_apex = 17.766538177946245
d_grm_cam  = 21.604698115014937
cam_dec_x = -0.2711309691078755
cam_dec_y = 0.290877494197949
cam_tilt_x = 0.012483199769969533
cam_tilt_y = 0.008861657524526575
d_cam_ff  = -160.07701755810865
ccd_ff_dec_x = -0.023800648298193693
ccd_ff_dec_y = 0.04207316383993737
ccd_ff_tilt_x = 0.03348886055105113
ccd_ff_tilt_y = -0.5909814511994463
ccd_ff_tilt_z = 0.17192211522680556
d_ff_ccd  = -4.815936952796488
ccd_dec_x = 0.5532977822453767
ccd_dec_y = 5.107629505521321
ccd_defocus = 0.2857878960745839
ccd_tilt_x = 0.03259081584133692
ccd_tilt_y = -0.0022064717997605757
ccd_tilt_z = 4.700404887097864e-06
p = 0.0001