slit_dec_x_a = -0.1704010755187174
slit_dec_y_a = -0.1956586180351446
slit_dec_x_b = 0.175
slit_dec_y_b = -1.899288726573857e-96
slit_defocus = 0.02141032046358071
slit_tilt_x = 1.1139293966682189
slit_tilt_y = -8.53838726679196
slit_tilt_z = -8.991657128215454
d_slit_col = 1594.309956705413
coll_tilt_x = 0.11318952146186201
coll_tilt_y = -0.02887496095291521
ech_G = 31.613236372368792
ech_blaze = -74.97482675636006
ech_gamma = 1.1389711492007786
echelle_z = 0.07477015911774644
d_col_trf = -1588.0172323256786
trf_mirror_tilt_x = 0.026278923281737355
trf_mirror_tilt_y = 0.162261152288087
d_col_grm = -0.004828671371698697
grism_dec_x = 236.42331507686268
grism_dec_y = 0.03813428225409541
grm_tilt_x = -0.014055772754601735
grm_tilt_y = 2.3052740887444094
grm_G = 222.82400492805485
grm_apex = 17.791055508404856
d_grm_cam  = 21.60982374206067
cam_dec_x = -0.30958833451115164
cam_dec_y = 0.24723632514747335
cam_tilt_x = -0.011076722392043098
cam_tilt_y = 0.0037604292905917703
d_cam_ff  = -160.05733628157813
ccd_ff_dec_x = -0.0026022115924509755
ccd_ff_dec_y = 0.052990336670070734
ccd_ff_tilt_x = 0.01946524615170994
ccd_ff_tilt_y = -0.5727973911075784
ccd_ff_tilt_z = 0.18005101456039932
d_ff_ccd  = -4.8389549491414225
ccd_dec_x = 0.6214063888702382
ccd_dec_y = 5.157148951747655
ccd_defocus = 0.2807249553101965
ccd_tilt_x = 0.005070060310106329
ccd_tilt_y = -0.010812749247144458
ccd_tilt_z = 5.138415858422147e-06
p = 0.0001