slit_dec_x_a = -0.181778666534
slit_dec_y_a = -0.18243150017
slit_dec_x_b = 0.14512077562974193
slit_dec_y_b = -0.05510809031835813
slit_defocus = -0.013785471445699866
slit_tilt_x = 1.0541068341803328
slit_tilt_y = -8.559987964469943
slit_tilt_z = -9.02687490153743
d_slit_col = 1594.2903026462334
coll_tilt_x = 0.12139204303389342
coll_tilt_y = -0.026455794226814627
ech_G = 31.61456037666187
ech_blaze = -74.99489203406145
ech_gamma = 1.1556405831234595
echelle_z = 0.0570058253202795
d_col_trf = -1588.016367336259
trf_mirror_tilt_x = 0.007248457032618233
trf_mirror_tilt_y = 0.15547203370951912
d_col_grm = 0.03561631111056477
grism_dec_x = 236.38323332328483
grism_dec_y = 0.009286117493799886
grm_tilt_x = -0.02350504982051063
grm_tilt_y = 2.325790091362677
grm_G = 222.78407118520997
grm_apex = 17.76648008268692
d_grm_cam  = 21.604704185563005
cam_dec_x = -0.27116832332991114
cam_dec_y = 0.2908812202382393
cam_tilt_x = 0.01247124222694254
cam_tilt_y = 0.008814176069489322
d_cam_ff  = -160.07742167948112
ccd_ff_dec_x = -0.023801278751975824
ccd_ff_dec_y = 0.04200484319843956
ccd_ff_tilt_x = 0.033474182228293854
ccd_ff_tilt_y = -0.5909823078103807
ccd_ff_tilt_z = 0.17191555785103746
d_ff_ccd  = -4.815968114712127
ccd_dec_x = 0.5532984972546934
ccd_dec_y = 5.107626843696245
ccd_defocus = 0.2857252452289702
ccd_tilt_x = 0.03265175775786368
ccd_tilt_y = -0.0021128790978101426
ccd_tilt_z = 4.655607197568244e-06
p = 0.0001