slit_dec_x_a = -0.1704010755187174
slit_dec_y_a = -0.1956586180351446
slit_dec_x_b = 0.175
slit_dec_y_b = -1.8486350135822325e-96
slit_defocus = 0.021404610039457816
slit_tilt_x = 1.1140370804308668
slit_tilt_y = -8.538446980321044
slit_tilt_z = -8.991594348822005
d_slit_col = 1594.3099130109808
coll_tilt_x = 0.11317086826464523
coll_tilt_y = -0.028810098526711844
ech_G = 31.613232193240908
ech_blaze = -74.97482972660181
ech_gamma = 1.1389743130502767
echelle_z = 0.07476759232946706
d_col_trf = -1588.017238310031
trf_mirror_tilt_x = 0.026317298605012796
trf_mirror_tilt_y = 0.16223234246469717
d_col_grm = -0.004876626862119736
grism_dec_x = 236.42331486349173
grism_dec_y = 0.03815975797359689
grm_tilt_x = -0.014055800852385433
grm_tilt_y = 2.3052833162651054
grm_G = 222.8239974275186
grm_apex = 17.791007364560137
d_grm_cam  = 21.609821523394736
cam_dec_x = -0.30948159938358577
cam_dec_y = 0.2472775938548391
cam_tilt_x = -0.011048415423972094
cam_tilt_y = 0.003857702905377237
d_cam_ff  = -160.0576347816869
ccd_ff_dec_x = -0.0026010794060152926
ccd_ff_dec_y = 0.05307094454610152
ccd_ff_tilt_x = 0.01954825658318112
ccd_ff_tilt_y = -0.5728040919308732
ccd_ff_tilt_z = 0.18005147215908965
d_ff_ccd  = -4.838950023667486
ccd_dec_x = 0.6214026903328851
ccd_dec_y = 5.157147088525558
ccd_defocus = 0.2807240234576131
ccd_tilt_x = 0.005021580132208616
ccd_tilt_y = -0.010905382964237254
ccd_tilt_z = 5.077465141411173e-06
p = 0.0001