slit_dec_x_a = -0.1704010755187174
slit_dec_y_a = -0.1956586180351446
slit_dec_x_b = 0.175
slit_dec_y_b = -1.83893964421253e-96
slit_defocus = 0.021367725824318572
slit_tilt_x = 1.1140205483404912
slit_tilt_y = -8.538438726082802
slit_tilt_z = -8.991639662732247
d_slit_col = 1594.3099886048376
coll_tilt_x = 0.11320505516442318
coll_tilt_y = -0.028913017063864677
ech_G = 31.61323326080972
ech_blaze = -74.97483856519383
ech_gamma = 1.138976483218192
echelle_z = 0.07477560420016309
d_col_trf = -1588.017237083024
trf_mirror_tilt_x = 0.02630642006842462
trf_mirror_tilt_y = 0.16225107898040625
d_col_grm = -0.004799956036798339
grism_dec_x = 236.42330898614406
grism_dec_y = 0.03814109763151529
grm_tilt_x = -0.014048403936988349
grm_tilt_y = 2.305282596180793
grm_G = 222.82400729440994
grm_apex = 17.79102901476688
d_grm_cam  = 21.609813668933302
cam_dec_x = -0.30955099997001856
cam_dec_y = 0.24729425980777997
cam_tilt_x = -0.011018963096545997
cam_tilt_y = 0.003701492690420071
d_cam_ff  = -160.0575724162721
ccd_ff_dec_x = -0.0025959787373670586
ccd_ff_dec_y = 0.05296236451599355
ccd_ff_tilt_x = 0.019521454505359713
ccd_ff_tilt_y = -0.5728014316357372
ccd_ff_tilt_z = 0.18004933883726323
d_ff_ccd  = -4.838942265695494
ccd_dec_x = 0.6214038244484887
ccd_dec_y = 5.15715873817471
ccd_defocus = 0.28078253457541513
ccd_tilt_x = 0.004998716717061119
ccd_tilt_y = -0.010920369489325161
ccd_tilt_z = 5.0882477467196e-06
p = 0.0001