slit_dec_x_a = -0.181778666534
slit_dec_y_a = -0.18243150017
slit_dec_x_b = 0.14512077562974193
slit_dec_y_b = -0.05510809031835813
slit_defocus = -0.013745565763068096
slit_tilt_x = 1.0541017835972863
slit_tilt_y = -8.559923068178051
slit_tilt_z = -9.026895534770148
d_slit_col = 1594.2902807474948
coll_tilt_x = 0.12143907761328515
coll_tilt_y = -0.026500102920929414
ech_G = 31.614562477661675
ech_blaze = -74.99488398017847
ech_gamma = 1.155643610521535
echelle_z = 0.0569988845248907
d_col_trf = -1588.01636684631
trf_mirror_tilt_x = 0.007335518987187575
trf_mirror_tilt_y = 0.15546592707612322
d_col_grm = 0.035663352538406606
grism_dec_x = 236.38325784904475
grism_dec_y = 0.009307083968053152
grm_tilt_x = -0.023505241939381617
grm_tilt_y = 2.3257897822290645
grm_G = 222.784070120869
grm_apex = 17.76653908335517
d_grm_cam  = 21.60469971863502
cam_dec_x = -0.27119296934845305
cam_dec_y = 0.29082409990412084
cam_tilt_x = 0.01246208655732418
cam_tilt_y = 0.008794918721888045
d_cam_ff  = -160.07715821269116
ccd_ff_dec_x = -0.023798093392329897
ccd_ff_dec_y = 0.042036685642085486
ccd_ff_tilt_x = 0.033552374860291515
ccd_ff_tilt_y = -0.5909832452693792
ccd_ff_tilt_z = 0.17191870726093847
d_ff_ccd  = -4.816041008063519
ccd_dec_x = 0.5533012456333228
ccd_dec_y = 5.107636133456756
ccd_defocus = 0.2857719099626479
ccd_tilt_x = 0.03256382880429772
ccd_tilt_y = -0.0021196296596502824
ccd_tilt_z = 4.704203310311005e-06
p = 0.0001