slit_dec_x_a = -0.181778666534
slit_dec_y_a = -0.18243150017
slit_dec_x_b = 0.14512077562974193
slit_dec_y_b = -0.05510809031835813
slit_defocus = -0.013755287338112683
slit_tilt_x = 1.0541365014754842
slit_tilt_y = -8.559966265657545
slit_tilt_z = -9.026856994785442
d_slit_col = 1594.2902837205008
coll_tilt_x = 0.12142735044856652
coll_tilt_y = -0.026507923317665872
ech_G = 31.614567206627598
ech_blaze = -74.99489072322348
ech_gamma = 1.155637017189229
echelle_z = 0.057011709724152856
d_col_trf = -1588.0163605991904
trf_mirror_tilt_x = 0.0073069065621169365
trf_mirror_tilt_y = 0.15542526850670207
d_col_grm = 0.035632938199648724
grism_dec_x = 236.38328137720902
grism_dec_y = 0.009192130815807569
grm_tilt_x = -0.023509415252720166
grm_tilt_y = 2.3257869782435474
grm_G = 222.78407638296633
grm_apex = 17.766438380854563
d_grm_cam  = 21.604698415487807
cam_dec_x = -0.27104281206731706
cam_dec_y = 0.29089203320590323
cam_tilt_x = 0.012408943792130157
cam_tilt_y = 0.008871397193837005
d_cam_ff  = -160.07680194712378
ccd_ff_dec_x = -0.023799650451796193
ccd_ff_dec_y = 0.04205525193731105
ccd_ff_tilt_x = 0.03349263947638381
ccd_ff_tilt_y = -0.5909842686967898
ccd_ff_tilt_z = 0.1719170523242972
d_ff_ccd  = -4.816006574846132
ccd_dec_x = 0.5532934315910372
ccd_dec_y = 5.107629331476195
ccd_defocus = 0.2857885353931272
ccd_tilt_x = 0.03261475829744835
ccd_tilt_y = -0.0021333687558953715
ccd_tilt_z = 4.651843350976503e-06
p = 0.0001