slit_dec_x_a = -0.1704010755187174
slit_dec_y_a = -0.1956586180351446
slit_dec_x_b = 0.175
slit_dec_y_b = -1.8834207981996646e-96
slit_defocus = 0.02140065702322847
slit_tilt_x = 1.11402552924683
slit_tilt_y = -8.538440433389058
slit_tilt_z = -8.99165361990901
d_slit_col = 1594.3099320226174
coll_tilt_x = 0.11320738388501611
coll_tilt_y = -0.02889300710863974
ech_G = 31.613234428482937
ech_blaze = -74.97482445681233
ech_gamma = 1.1389736915713102
echelle_z = 0.07476686515909854
d_col_trf = -1588.017235080486
trf_mirror_tilt_x = 0.026322489291741503
trf_mirror_tilt_y = 0.16223921312057216
d_col_grm = -0.004832439883730671
grism_dec_x = 236.42333500784653
grism_dec_y = 0.03812805373448144
grm_tilt_x = -0.014052815636608476
grm_tilt_y = 2.3052713174586406
grm_G = 222.82400368103828
grm_apex = 17.791034320437475
d_grm_cam  = 21.60981765740047
cam_dec_x = -0.30960634270508436
cam_dec_y = 0.24730234378844235
cam_tilt_x = -0.01102560384287441
cam_tilt_y = 0.003829949818160979
d_cam_ff  = -160.05764247191598
ccd_ff_dec_x = -0.0026016534077942088
ccd_ff_dec_y = 0.0530000039993788
ccd_ff_tilt_x = 0.019488426526893424
ccd_ff_tilt_y = -0.5727988427901181
ccd_ff_tilt_z = 0.1800505418871711
d_ff_ccd  = -4.838892640780115
ccd_dec_x = 0.6214012216529594
ccd_dec_y = 5.157146551496382
ccd_defocus = 0.28073692238403103
ccd_tilt_x = 0.004994962846197456
ccd_tilt_y = -0.010908672054333162
ccd_tilt_z = 5.072993793414553e-06
p = 0.0001