slit_dec_x_a = -0.1704010755187174
slit_dec_y_a = -0.1956586180351446
slit_dec_x_b = 0.175
slit_dec_y_b = -1.741623564138558e-96
slit_defocus = 0.02135392537055198
slit_tilt_x = 1.1139507615943793
slit_tilt_y = -8.538422894610953
slit_tilt_z = -8.991648790907979
d_slit_col = 1594.3099893794663
coll_tilt_x = 0.11317679017066196
coll_tilt_y = -0.02891386531102389
ech_G = 31.613235641275853
ech_blaze = -74.97482937628556
ech_gamma = 1.1389808031369058
echelle_z = 0.07476884362270611
d_col_trf = -1588.0172299300793
trf_mirror_tilt_x = 0.02630761922837556
trf_mirror_tilt_y = 0.16221051502677844
d_col_grm = -0.004786812275693645
grism_dec_x = 236.42329535848452
grism_dec_y = 0.038153209385204806
grm_tilt_x = -0.014058875083352343
grm_tilt_y = 2.3052785643242677
grm_G = 222.82400047718127
grm_apex = 17.79104095926657
d_grm_cam  = 21.609820227776158
cam_dec_x = -0.3095045886909328
cam_dec_y = 0.24727469941712224
cam_tilt_x = -0.01109870653386911
cam_tilt_y = 0.003787455144344393
d_cam_ff  = -160.057369976904
ccd_ff_dec_x = -0.0026021069910024466
ccd_ff_dec_y = 0.05297075476859875
ccd_ff_tilt_x = 0.019497866778873055
ccd_ff_tilt_y = -0.5728011336818918
ccd_ff_tilt_z = 0.1800575819771838
d_ff_ccd  = -4.838950297938751
ccd_dec_x = 0.6214063395950593
ccd_dec_y = 5.157153168148807
ccd_defocus = 0.28075394927368713
ccd_tilt_x = 0.00503391578688845
ccd_tilt_y = -0.010892727679145769
ccd_tilt_z = 5.125969062738738e-06
p = 0.0001