slit_dec_x_a = -0.1704010755187174
slit_dec_y_a = -0.1956586180351446
slit_dec_x_b = 0.175
slit_dec_y_b = -1.837595820209911e-96
slit_defocus = 0.02132544468518555
slit_tilt_x = 1.1140506533499783
slit_tilt_y = -8.53841873545749
slit_tilt_z = -8.99163637215091
d_slit_col = 1594.3099840927728
coll_tilt_x = 0.11313008000288206
coll_tilt_y = -0.028908366964129028
ech_G = 31.613229752890103
ech_blaze = -74.97482571170634
ech_gamma = 1.1389728159894887
echelle_z = 0.07477788805423778
d_col_trf = -1588.0172315420468
trf_mirror_tilt_x = 0.026223333326652457
trf_mirror_tilt_y = 0.16224955965063584
d_col_grm = -0.004830544320531627
grism_dec_x = 236.42328917536744
grism_dec_y = 0.03815616490256627
grm_tilt_x = -0.014056982411697786
grm_tilt_y = 2.3052746004335134
grm_G = 222.82400368382247
grm_apex = 17.79105924793008
d_grm_cam  = 21.60982571549936
cam_dec_x = -0.30960421426222273
cam_dec_y = 0.2472843854982946
cam_tilt_x = -0.011066050664074097
cam_tilt_y = 0.0038015386523360985
d_cam_ff  = -160.05732544833197
ccd_ff_dec_x = -0.002598282321457338
ccd_ff_dec_y = 0.053112755208511796
ccd_ff_tilt_x = 0.019489606891947692
ccd_ff_tilt_y = -0.5728017339487732
ccd_ff_tilt_z = 0.18005609722769209
d_ff_ccd  = -4.838929608796604
ccd_dec_x = 0.621402583956416
ccd_dec_y = 5.157147685821867
ccd_defocus = 0.2806896230870031
ccd_tilt_x = 0.005052669468648864
ccd_tilt_y = -0.010919024694825091
ccd_tilt_z = 5.115473468483024e-06
p = 0.0001