slit_dec_x_a = -0.1704010755187174
slit_dec_y_a = -0.1956586180351446
slit_dec_x_b = 0.175
slit_dec_y_b = -1.8285330247689753e-96
slit_defocus = 0.021378246577531075
slit_tilt_x = 1.1140258988312075
slit_tilt_y = -8.538436740328622
slit_tilt_z = -8.991657077639015
d_slit_col = 1594.309960674465
coll_tilt_x = 0.1132041423925778
coll_tilt_y = -0.028926134103258696
ech_G = 31.61323681840102
ech_blaze = -74.97482871965401
ech_gamma = 1.138971983317179
echelle_z = 0.07477155475668049
d_col_trf = -1588.0172292940667
trf_mirror_tilt_x = 0.026371640203609287
trf_mirror_tilt_y = 0.1621603870286588
d_col_grm = -0.004785533709361389
grism_dec_x = 236.423304753446
grism_dec_y = 0.03820701129288563
grm_tilt_x = -0.014052482852320698
grm_tilt_y = 2.305273582484764
grm_G = 222.8240062289753
grm_apex = 17.791085928470324
d_grm_cam  = 21.609819096568188
cam_dec_x = -0.30953871109449876
cam_dec_y = 0.2472375440984113
cam_tilt_x = -0.01107585617924058
cam_tilt_y = 0.003879528229241943
d_cam_ff  = -160.05749766864975
ccd_ff_dec_x = -0.002600444380805157
ccd_ff_dec_y = 0.053006664753211453
ccd_ff_tilt_x = 0.019517384890053457
ccd_ff_tilt_y = -0.5727994458915712
ccd_ff_tilt_z = 0.18005476650381502
d_ff_ccd  = -4.838925119839551
ccd_dec_x = 0.6214081916533435
ccd_dec_y = 5.157144007956087
ccd_defocus = 0.28072059186287895
ccd_tilt_x = 0.005061603436082597
ccd_tilt_y = -0.01093194283599059
ccd_tilt_z = 5.094194289287671e-06
p = 0.0001