slit_dec_x_a = -0.1704010755187174
slit_dec_y_a = -0.1956586180351446
slit_dec_x_b = 0.175
slit_dec_y_b = -1.8071459332056747e-96
slit_defocus = 0.021388102972276456
slit_tilt_x = 1.1140622863337406
slit_tilt_y = -8.538365763189981
slit_tilt_z = -8.99163701259415
d_slit_col = 1594.3100195596478
coll_tilt_x = 0.11315400923188229
coll_tilt_y = -0.028902129756706713
ech_G = 31.613231781082686
ech_blaze = -74.97482452607372
ech_gamma = 1.1389791443325479
echelle_z = 0.07477113493081484
d_col_trf = -1588.017237092757
trf_mirror_tilt_x = 0.026203259488109424
trf_mirror_tilt_y = 0.16216599606564047
d_col_grm = -0.004795387123538107
grism_dec_x = 236.4233164571579
grism_dec_y = 0.038197484394204374
grm_tilt_x = -0.014059133152653254
grm_tilt_y = 2.305270406788868
grm_G = 222.82400411920008
grm_apex = 17.790983443679956
d_grm_cam  = 21.609817657537057
cam_dec_x = -0.3096013049322682
cam_dec_y = 0.24731947861133632
cam_tilt_x = -0.011064757355404513
cam_tilt_y = 0.0037900213754459614
d_cam_ff  = -160.0576153603543
ccd_ff_dec_x = -0.0026020365445990332
ccd_ff_dec_y = 0.05298124406447207
ccd_ff_tilt_x = 0.019428425636959085
ccd_ff_tilt_y = -0.5728007712928522
ccd_ff_tilt_z = 0.18004964083210842
d_ff_ccd  = -4.838951373631922
ccd_dec_x = 0.6214080401332366
ccd_dec_y = 5.157149387386041
ccd_defocus = 0.280761061101774
ccd_tilt_x = 0.005037050144607398
ccd_tilt_y = -0.010873966594164728
ccd_tilt_z = 5.073597815444417e-06
p = 0.0001