slit_dec_x_a = -0.181778666534
slit_dec_y_a = -0.18243150017
slit_dec_x_b = 0.14512077562974193
slit_dec_y_b = -0.05510809031835813
slit_defocus = -0.013723011748935457
slit_tilt_x = 1.0540693652115827
slit_tilt_y = -8.560002068129545
slit_tilt_z = -9.026887959106903
d_slit_col = 1594.2902303766016
coll_tilt_x = 0.12144686979464013
coll_tilt_y = -0.026561226247235597
ech_G = 31.614569212223614
ech_blaze = -74.99489456443206
ech_gamma = 1.1556390917240045
echelle_z = 0.05700375646013731
d_col_trf = -1588.0163598448994
trf_mirror_tilt_x = 0.0073125502881655645
trf_mirror_tilt_y = 0.1554601909602326
d_col_grm = 0.03567904921779512
grism_dec_x = 236.38319224683497
grism_dec_y = 0.009255943754797045
grm_tilt_x = -0.023508607862438507
grm_tilt_y = 2.325789678911823
grm_G = 222.78406854647145
grm_apex = 17.76650863021955
d_grm_cam  = 21.60470161787952
cam_dec_x = -0.2711135494783232
cam_dec_y = 0.29084508124362785
cam_tilt_x = 0.012444034279008346
cam_tilt_y = 0.008919926364846202
d_cam_ff  = -160.0771799713942
ccd_ff_dec_x = -0.02379778326869724
ccd_ff_dec_y = 0.04204154053660675
ccd_ff_tilt_x = 0.03348197066237393
ccd_ff_tilt_y = -0.5909843628812593
ccd_ff_tilt_z = 0.17192725439057827
d_ff_ccd  = -4.816021171993185
ccd_dec_x = 0.5532980312422261
ccd_dec_y = 5.107635251829157
ccd_defocus = 0.2857439208410383
ccd_tilt_x = 0.03258782452940916
ccd_tilt_y = -0.002095432507372397
ccd_tilt_z = 4.64834341061879e-06
p = 0.0001