slit_dec_x_a = -0.181778666534
slit_dec_y_a = -0.18243150017
slit_dec_x_b = 0.14512077562974193
slit_dec_y_b = -0.05510809031835813
slit_defocus = -0.013793653896951776
slit_tilt_x = 1.0540357872440655
slit_tilt_y = -8.559920223614231
slit_tilt_z = -9.026905569686074
d_slit_col = 1594.290328917558
coll_tilt_x = 0.12142236246056363
coll_tilt_y = -0.02643311390000393
ech_G = 31.614564850184873
ech_blaze = -74.99488427854065
ech_gamma = 1.1556306579868922
echelle_z = 0.057003609978138435
d_col_trf = -1588.0163677545331
trf_mirror_tilt_x = 0.007328062649844915
trf_mirror_tilt_y = 0.1554381180461069
d_col_grm = 0.035661250340536764
grism_dec_x = 236.38323799538168
grism_dec_y = 0.00924931760531175
grm_tilt_x = -0.02351454375060256
grm_tilt_y = 2.3257849835145645
grm_G = 222.78407455238798
grm_apex = 17.766515426264217
d_grm_cam  = 21.604697522528596
cam_dec_x = -0.27111087808628537
cam_dec_y = 0.29087718116223704
cam_tilt_x = 0.01248531831559327
cam_tilt_y = 0.008756740041116602
d_cam_ff  = -160.07729512943214
ccd_ff_dec_x = -0.023797189462154103
ccd_ff_dec_y = 0.04206826215127898
ccd_ff_tilt_x = 0.03346091787532358
ccd_ff_tilt_y = -0.590985051988404
ccd_ff_tilt_z = 0.17191790799837475
d_ff_ccd  = -4.81599341332762
ccd_dec_x = 0.55329428175392
ccd_dec_y = 5.107628664145897
ccd_defocus = 0.285765435381926
ccd_tilt_x = 0.032656775850610824
ccd_tilt_y = -0.0021388282173796166
ccd_tilt_z = 4.7262934357891755e-06
p = 0.0001