slit_dec_x_a = -0.1704010755187174
slit_dec_y_a = -0.1956586180351446
slit_dec_x_b = 0.175
slit_dec_y_b = -1.8653879168543919e-96
slit_defocus = 0.02149611805766295
slit_tilt_x = 1.1139967552199102
slit_tilt_y = -8.538449673143306
slit_tilt_z = -8.991669902646043
d_slit_col = 1594.309989223807
coll_tilt_x = 0.11312544114988181
coll_tilt_y = -0.02881333528610978
ech_G = 31.61322739019031
ech_blaze = -74.97483413492729
ech_gamma = 1.138972125444205
echelle_z = 0.07477391281606624
d_col_trf = -1588.0172354390495
trf_mirror_tilt_x = 0.02635213897540219
trf_mirror_tilt_y = 0.16218511670100033
d_col_grm = -0.004804508934474145
grism_dec_x = 236.42334262767946
grism_dec_y = 0.0381644921509791
grm_tilt_x = -0.014057257891639696
grm_tilt_y = 2.3052822555030295
grm_G = 222.82400385997613
grm_apex = 17.791026976634114
d_grm_cam  = 21.60981584293053
cam_dec_x = -0.30955375033863786
cam_dec_y = 0.24729939336221146
cam_tilt_x = -0.011088347523222549
cam_tilt_y = 0.0037907125559923324
d_cam_ff  = -160.0573267592946
ccd_ff_dec_x = -0.002601683599684908
ccd_ff_dec_y = 0.053069552121727155
ccd_ff_tilt_x = 0.01952684464024212
ccd_ff_tilt_y = -0.572803232362781
ccd_ff_tilt_z = 0.18005136145342285
d_ff_ccd  = -4.838919084163711
ccd_dec_x = 0.6214174796750591
ccd_dec_y = 5.1571457640463905
ccd_defocus = 0.2808021852482319
ccd_tilt_x = 0.005013922662077628
ccd_tilt_y = -0.01090592922119144
ccd_tilt_z = 5.057588324599448e-06
p = 0.0001