slit_dec_x_a = -0.1704010755187174
slit_dec_y_a = -0.1956586180351446
slit_dec_x_b = 0.175
slit_dec_y_b = -1.9316795353581034e-96
slit_defocus = 0.02145353338743171
slit_tilt_x = 1.1139152929246876
slit_tilt_y = -8.538347149468859
slit_tilt_z = -8.991604147312986
d_slit_col = 1594.3100158403686
coll_tilt_x = 0.11315909762059895
coll_tilt_y = -0.028928615069826514
ech_G = 31.613234638788978
ech_blaze = -74.97483069506315
ech_gamma = 1.138975453135644
echelle_z = 0.07476889599932175
d_col_trf = -1588.0172314384295
trf_mirror_tilt_x = 0.02628021933408073
trf_mirror_tilt_y = 0.16216218919173805
d_col_grm = -0.004879019319913976
grism_dec_x = 236.4232817796596
grism_dec_y = 0.03820675619882353
grm_tilt_x = -0.014061631774871181
grm_tilt_y = 2.3052741862626682
grm_G = 222.82400912699458
grm_apex = 17.79097173270983
d_grm_cam  = 21.609821040702695
cam_dec_x = -0.3095369379111154
cam_dec_y = 0.24726311294518005
cam_tilt_x = -0.01107005764137667
cam_tilt_y = 0.003750578313878975
d_cam_ff  = -160.05782998896072
ccd_ff_dec_x = -0.002599886346064785
ccd_ff_dec_y = 0.053010397185344366
ccd_ff_tilt_x = 0.019476321513166844
ccd_ff_tilt_y = -0.5728025097844333
ccd_ff_tilt_z = 0.18004798780182266
d_ff_ccd  = -4.838870370181107
ccd_dec_x = 0.6214030173977152
ccd_dec_y = 5.157140245846779
ccd_defocus = 0.2807557912351239
ccd_tilt_x = 0.005037043319770254
ccd_tilt_y = -0.010933953649393842
ccd_tilt_z = 5.094100507571176e-06
p = 0.0001