slit_dec_x_a = -0.1704010755187174
slit_dec_y_a = -0.1956586180351446
slit_dec_x_b = 0.175
slit_dec_y_b = -1.8610568148775707e-96
slit_defocus = 0.021418557851995926
slit_tilt_x = 1.1139711644442578
slit_tilt_y = -8.538466062687764
slit_tilt_z = -8.991646976320887
d_slit_col = 1594.3099552874487
coll_tilt_x = 0.11317185870321923
coll_tilt_y = -0.028895537822077336
ech_G = 31.613233375592948
ech_blaze = -74.97482943996731
ech_gamma = 1.1389762940825292
echelle_z = 0.07476926475565437
d_col_trf = -1588.017235615196
trf_mirror_tilt_x = 0.026320254142588248
trf_mirror_tilt_y = 0.16218989246068047
d_col_grm = -0.004804239719814058
grism_dec_x = 236.42334263206405
grism_dec_y = 0.038163014125351565
grm_tilt_x = -0.014046616212149778
grm_tilt_y = 2.305274065826422
grm_G = 222.82399263235388
grm_apex = 17.791049978286907
d_grm_cam  = 21.60981454405798
cam_dec_x = -0.3095184037549316
cam_dec_y = 0.24727128000217233
cam_tilt_x = -0.011077246284535417
cam_tilt_y = 0.0038175373854876394
d_cam_ff  = -160.0575885813158
ccd_ff_dec_x = -0.0025952715270032714
ccd_ff_dec_y = 0.05297692379533894
ccd_ff_tilt_x = 0.019529657275660438
ccd_ff_tilt_y = -0.5728022520477718
ccd_ff_tilt_z = 0.18005184402439803
d_ff_ccd  = -4.838910842109628
ccd_dec_x = 0.6214080199870083
ccd_dec_y = 5.157146963009788
ccd_defocus = 0.28073704812993244
ccd_tilt_x = 0.005016499002510505
ccd_tilt_y = -0.010892035953327424
ccd_tilt_z = 5.064483573830952e-06
p = 0.0001