slit_dec_x_a = -0.181778666534
slit_dec_y_a = -0.18243150017
slit_dec_x_b = 0.14512077562974193
slit_dec_y_b = -0.05510809031835813
slit_defocus = -0.013825879854726508
slit_tilt_x = 1.0540328986056602
slit_tilt_y = -8.559986860328179
slit_tilt_z = -9.026933628441924
d_slit_col = 1594.2902756325086
coll_tilt_x = 0.12148721076559464
coll_tilt_y = -0.026503235815894446
ech_G = 31.614568622562317
ech_blaze = -74.99488878080713
ech_gamma = 1.1556503244317209
echelle_z = 0.05700014620922172
d_col_trf = -1588.0163638029503
trf_mirror_tilt_x = 0.007298444387119939
trf_mirror_tilt_y = 0.1555121196988395
d_col_grm = 0.03570745185715965
grism_dec_x = 236.383214913449
grism_dec_y = 0.009252954821663542
grm_tilt_x = -0.023508418012720265
grm_tilt_y = 2.325785035223638
grm_G = 222.78406930401025
grm_apex = 17.76651165223996
d_grm_cam  = 21.60469538767254
cam_dec_x = -0.2710618604636224
cam_dec_y = 0.2908639819117785
cam_tilt_x = 0.012495691380032946
cam_tilt_y = 0.008871968234046113
d_cam_ff  = -160.07704903584124
ccd_ff_dec_x = -0.02380149529726314
ccd_ff_dec_y = 0.042045611407468854
ccd_ff_tilt_x = 0.03347548573905905
ccd_ff_tilt_y = -0.590983132460315
ccd_ff_tilt_z = 0.171915068361243
d_ff_ccd  = -4.815932367052617
ccd_dec_x = 0.553294096162805
ccd_dec_y = 5.107639193337975
ccd_defocus = 0.28577208425357864
ccd_tilt_x = 0.032655655357707404
ccd_tilt_y = -0.00212067451060175
ccd_tilt_z = 4.713226999485559e-06
p = 0.0001