slit_dec_x_a = -0.1704010755187174
slit_dec_y_a = -0.1956586180351446
slit_dec_x_b = 0.175
slit_dec_y_b = -1.875192156714315e-96
slit_defocus = 0.02133475742963665
slit_tilt_x = 1.1139886121986544
slit_tilt_y = -8.53843454779065
slit_tilt_z = -8.991676419602676
d_slit_col = 1594.309909117931
coll_tilt_x = 0.1131695653621484
coll_tilt_y = -0.029000271217167462
ech_G = 31.613231078560847
ech_blaze = -74.97483100613461
ech_gamma = 1.1389752229983077
echelle_z = 0.07477074220375818
d_col_trf = -1588.017230486132
trf_mirror_tilt_x = 0.026220735318575557
trf_mirror_tilt_y = 0.16218506381971518
d_col_grm = -0.004879551671641261
grism_dec_x = 236.42328506954948
grism_dec_y = 0.03819923293710255
grm_tilt_x = -0.01405854546544464
grm_tilt_y = 2.305279978089626
grm_G = 222.82401119222075
grm_apex = 17.79097345852758
d_grm_cam  = 21.609809177744204
cam_dec_x = -0.30953452241097273
cam_dec_y = 0.24734587676287265
cam_tilt_x = -0.01104893240206668
cam_tilt_y = 0.0038209532147466473
d_cam_ff  = -160.0575871341381
ccd_ff_dec_x = -0.002598764109493842
ccd_ff_dec_y = 0.05300697519063391
ccd_ff_tilt_x = 0.019428592277318992
ccd_ff_tilt_y = -0.5728028545964066
ccd_ff_tilt_z = 0.18005520729242178
d_ff_ccd  = -4.838960748357698
ccd_dec_x = 0.6214036189453143
ccd_dec_y = 5.157147797693001
ccd_defocus = 0.2807147806357702
ccd_tilt_x = 0.005042824662920234
ccd_tilt_y = -0.010854293256263279
ccd_tilt_z = 5.1018667401726535e-06
p = 0.0001