slit_dec_x_a = -0.1704010755187174
slit_dec_y_a = -0.1956586180351446
slit_dec_x_b = 0.175
slit_dec_y_b = -1.870435044509535e-96
slit_defocus = 0.02137720144085719
slit_tilt_x = 1.1139646880553724
slit_tilt_y = -8.53841464155904
slit_tilt_z = -8.991711484582957
d_slit_col = 1594.3100471073333
coll_tilt_x = 0.11320780181831189
coll_tilt_y = -0.028933609412807964
ech_G = 31.61323027289376
ech_blaze = -74.97483328876835
ech_gamma = 1.1389716287351261
echelle_z = 0.07477362486399045
d_col_trf = -1588.017237530911
trf_mirror_tilt_x = 0.026274936872379764
trf_mirror_tilt_y = 0.16222659701371073
d_col_grm = -0.004794924118019435
grism_dec_x = 236.4233012485334
grism_dec_y = 0.038072852731574194
grm_tilt_x = -0.014054576145882364
grm_tilt_y = 2.305275122907228
grm_G = 222.82400676579016
grm_apex = 17.79104350067104
d_grm_cam  = 21.609816748598902
cam_dec_x = -0.30953847282221064
cam_dec_y = 0.24724446482629203
cam_tilt_x = -0.011033871119460319
cam_tilt_y = 0.003792687115792775
d_cam_ff  = -160.05753899909976
ccd_ff_dec_x = -0.0025975367927641583
ccd_ff_dec_y = 0.05305862806050297
ccd_ff_tilt_x = 0.0194732172550903
ccd_ff_tilt_y = -0.57280058900256
ccd_ff_tilt_z = 0.18005755225026832
d_ff_ccd  = -4.838959885560831
ccd_dec_x = 0.6213989629523594
ccd_dec_y = 5.157149100217639
ccd_defocus = 0.2807139346481836
ccd_tilt_x = 0.005050683384085492
ccd_tilt_y = -0.010858870179370796
ccd_tilt_z = 5.0565880800248206e-06
p = 0.0001