slit_dec_x_a = -0.181778666534
slit_dec_y_a = -0.18243150017
slit_dec_x_b = 0.14512077562974193
slit_dec_y_b = -0.05510809031835813
slit_defocus = -0.01383571842023335
slit_tilt_x = 1.0541316228498425
slit_tilt_y = -8.560036331863696
slit_tilt_z = -9.026910416642878
d_slit_col = 1594.290358612568
coll_tilt_x = 0.12143114375889622
coll_tilt_y = -0.02646774697930181
ech_G = 31.614567716743533
ech_blaze = -74.99489246257905
ech_gamma = 1.1556427682423427
echelle_z = 0.05700906219145978
d_col_trf = -1588.0163628861358
trf_mirror_tilt_x = 0.007327349595468281
trf_mirror_tilt_y = 0.15550400095722436
d_col_grm = 0.03562241383386259
grism_dec_x = 236.383197193546
grism_dec_y = 0.009275978554429892
grm_tilt_x = -0.023503602821042826
grm_tilt_y = 2.3257907560864517
grm_G = 222.7840652858036
grm_apex = 17.7665446644564
d_grm_cam  = 21.604696791977357
cam_dec_x = -0.27107491612792306
cam_dec_y = 0.2908557525211826
cam_tilt_x = 0.012436837578213946
cam_tilt_y = 0.008760479980238572
d_cam_ff  = -160.0770831732642
ccd_ff_dec_x = -0.023806901997554974
ccd_ff_dec_y = 0.04204588520480711
ccd_ff_tilt_x = 0.03348120163744642
ccd_ff_tilt_y = -0.5909831552660502
ccd_ff_tilt_z = 0.17191929710435538
d_ff_ccd  = -4.816010692462718
ccd_dec_x = 0.5533003600309444
ccd_dec_y = 5.107630728643884
ccd_defocus = 0.28582576042179586
ccd_tilt_x = 0.032513637244848514
ccd_tilt_y = -0.0021530313697984854
ccd_tilt_z = 4.684075510473719e-06
p = 0.0001