slit_dec_x_a = -0.1704010755187174
slit_dec_y_a = -0.1956586180351446
slit_dec_x_b = 0.175
slit_dec_y_b = -1.814265529131376e-96
slit_defocus = 0.021364478347924775
slit_tilt_x = 1.114035043295279
slit_tilt_y = -8.538452045499238
slit_tilt_z = -8.991631758102475
d_slit_col = 1594.3099700537132
coll_tilt_x = 0.11318835119322017
coll_tilt_y = -0.028915484853323733
ech_G = 31.61323086094989
ech_blaze = -74.97482585212632
ech_gamma = 1.138970807131403
echelle_z = 0.07477226108469828
d_col_trf = -1588.0172259166213
trf_mirror_tilt_x = 0.026256546157938744
trf_mirror_tilt_y = 0.16226085015989639
d_col_grm = -0.004785665875510963
grism_dec_x = 236.423337040295
grism_dec_y = 0.03819654638593488
grm_tilt_x = -0.014057263401223607
grm_tilt_y = 2.3052864528395673
grm_G = 222.82401116089054
grm_apex = 17.791089999727244
d_grm_cam  = 21.60981606473466
cam_dec_x = -0.30954998264489353
cam_dec_y = 0.24724753986371767
cam_tilt_x = -0.011026480965032547
cam_tilt_y = 0.0037684434067763277
d_cam_ff  = -160.05734084828237
ccd_ff_dec_x = -0.002604293114386965
ccd_ff_dec_y = 0.0530870524652001
ccd_ff_tilt_x = 0.0195055321270853
ccd_ff_tilt_y = -0.5728030974341842
ccd_ff_tilt_z = 0.18006055711193095
d_ff_ccd  = -4.8389486055211774
ccd_dec_x = 0.6214021723382808
ccd_dec_y = 5.157149890513009
ccd_defocus = 0.2807877669726256
ccd_tilt_x = 0.005019625580029528
ccd_tilt_y = -0.010875768054260932
ccd_tilt_z = 5.079754898786803e-06
p = 0.0001