slit_dec_x_a = -0.181778666534
slit_dec_y_a = -0.18243150017
slit_dec_x_b = 0.14512077562974193
slit_dec_y_b = -0.05510809031835813
slit_defocus = -0.013784256384481762
slit_tilt_x = 1.0540948598937951
slit_tilt_y = -8.55991975461479
slit_tilt_z = -9.026834817163477
d_slit_col = 1594.2902865925832
coll_tilt_x = 0.12144458412948966
coll_tilt_y = -0.026449801271202087
ech_G = 31.614568126271603
ech_blaze = -74.99489309846882
ech_gamma = 1.1556348266020178
echelle_z = 0.05700238537970083
d_col_trf = -1588.0163626273193
trf_mirror_tilt_x = 0.007268588055462511
trf_mirror_tilt_y = 0.1554239826537507
d_col_grm = 0.035682451624267364
grism_dec_x = 236.3832108466424
grism_dec_y = 0.009194786337722662
grm_tilt_x = -0.023506998110296752
grm_tilt_y = 2.3257927431732037
grm_G = 222.7840672252469
grm_apex = 17.766530897401047
d_grm_cam  = 21.604697797428674
cam_dec_x = -0.2711673370191729
cam_dec_y = 0.29093447015250795
cam_tilt_x = 0.012366124563867391
cam_tilt_y = 0.008755687225529633
d_cam_ff  = -160.07707857402303
ccd_ff_dec_x = -0.023797906593875925
ccd_ff_dec_y = 0.04202680419647188
ccd_ff_tilt_x = 0.033472308572353275
ccd_ff_tilt_y = -0.5909776683806691
ccd_ff_tilt_z = 0.17191633455216676
d_ff_ccd  = -4.815985047308071
ccd_dec_x = 0.553297861967131
ccd_dec_y = 5.107633937366586
ccd_defocus = 0.2857765047971404
ccd_tilt_x = 0.0325611575529983
ccd_tilt_y = -0.0021455078537626986
ccd_tilt_z = 4.662841332966818e-06
p = 0.0001