slit_dec_x_a = -0.1704010755187174
slit_dec_y_a = -0.1956586180351446
slit_dec_x_b = 0.175
slit_dec_y_b = -1.8782923228773215e-96
slit_defocus = 0.021418789018194974
slit_tilt_x = 1.1140026106026304
slit_tilt_y = -8.538402670056092
slit_tilt_z = -8.991651393583636
d_slit_col = 1594.3099663498865
coll_tilt_x = 0.11315703932275416
coll_tilt_y = -0.028877013664228235
ech_G = 31.613236549304304
ech_blaze = -74.9748390596412
ech_gamma = 1.13897444909161
echelle_z = 0.07477155702093055
d_col_trf = -1588.017234312907
trf_mirror_tilt_x = 0.02632939447336515
trf_mirror_tilt_y = 0.16222551871529506
d_col_grm = -0.004828427128862004
grism_dec_x = 236.42334792541055
grism_dec_y = 0.03813904898991412
grm_tilt_x = -0.014053728523957327
grm_tilt_y = 2.305276110221224
grm_G = 222.82400751371733
grm_apex = 17.79108839833408
d_grm_cam  = 21.609821284274666
cam_dec_x = -0.3095739921991618
cam_dec_y = 0.24727596006594257
cam_tilt_x = -0.011061615095189645
cam_tilt_y = 0.0037885382783298884
d_cam_ff  = -160.05745210403128
ccd_ff_dec_x = -0.0026001247198876474
ccd_ff_dec_y = 0.05304493196121159
ccd_ff_tilt_x = 0.01953549512056518
ccd_ff_tilt_y = -0.5728045717520525
ccd_ff_tilt_z = 0.18005146223437846
d_ff_ccd  = -4.83890103000849
ccd_dec_x = 0.6214023420907937
ccd_dec_y = 5.15714975685076
ccd_defocus = 0.2807298038200708
ccd_tilt_x = 0.0049680024167223545
ccd_tilt_y = -0.010930503168308365
ccd_tilt_z = 5.093563605047083e-06
p = 0.0001