slit_dec_x_a = -0.181778666534
slit_dec_y_a = -0.18243150017
slit_dec_x_b = 0.14512077562974193
slit_dec_y_b = -0.05510809031835813
slit_defocus = -0.013877227444125843
slit_tilt_x = 1.0540950580524786
slit_tilt_y = -8.559941102553347
slit_tilt_z = -9.026859939796086
d_slit_col = 1594.2903081661445
coll_tilt_x = 0.12146473356740684
coll_tilt_y = -0.02653253815491314
ech_G = 31.61457184641933
ech_blaze = -74.99488705387265
ech_gamma = 1.1556427168752461
echelle_z = 0.056997122910635904
d_col_trf = -1588.016362408009
trf_mirror_tilt_x = 0.007304170037141644
trf_mirror_tilt_y = 0.15538442693620239
d_col_grm = 0.03561388574406123
grism_dec_x = 236.3832843177522
grism_dec_y = 0.00930947687749944
grm_tilt_x = -0.02351135528777399
grm_tilt_y = 2.3257831668142224
grm_G = 222.78407011192854
grm_apex = 17.766503804389963
d_grm_cam  = 21.60469934479251
cam_dec_x = -0.27108280100753673
cam_dec_y = 0.2908528686340007
cam_tilt_x = 0.012438564637069126
cam_tilt_y = 0.008811701096050069
d_cam_ff  = -160.0771747740307
ccd_ff_dec_x = -0.02379715833082466
ccd_ff_dec_y = 0.04208741778965643
ccd_ff_tilt_x = 0.03349471141384465
ccd_ff_tilt_y = -0.5909763482267146
ccd_ff_tilt_z = 0.17192057156091056
d_ff_ccd  = -4.815945825066964
ccd_dec_x = 0.5532992897694773
ccd_dec_y = 5.107631525279049
ccd_defocus = 0.2857860889468578
ccd_tilt_x = 0.03263327497731803
ccd_tilt_y = -0.0020700113564092247
ccd_tilt_z = 4.717223892006019e-06
p = 0.0001