slit_dec_x_a = -0.1704010755187174
slit_dec_y_a = -0.1956586180351446
slit_dec_x_b = 0.175
slit_dec_y_b = -1.8686691241766932e-96
slit_defocus = 0.021456772759526493
slit_tilt_x = 1.114028218321114
slit_tilt_y = -8.53840716363529
slit_tilt_z = -8.99170264269556
d_slit_col = 1594.3099315590255
coll_tilt_x = 0.11316800378778662
coll_tilt_y = -0.02891024568348402
ech_G = 31.613231687751252
ech_blaze = -74.97482910775682
ech_gamma = 1.13897472726034
echelle_z = 0.07477095355305197
d_col_trf = -1588.017226163822
trf_mirror_tilt_x = 0.02638397163798479
trf_mirror_tilt_y = 0.16221564458310173
d_col_grm = -0.0048832857624030584
grism_dec_x = 236.4233285919508
grism_dec_y = 0.03811949685545983
grm_tilt_x = -0.014056711513587524
grm_tilt_y = 2.305274906333697
grm_G = 222.82400521789938
grm_apex = 17.79103936575104
d_grm_cam  = 21.60981833796175
cam_dec_x = -0.30955353288362764
cam_dec_y = 0.24735757732646768
cam_tilt_x = -0.011054800206612734
cam_tilt_y = 0.0037180292448880845
d_cam_ff  = -160.05739977878048
ccd_ff_dec_x = -0.002595321208861863
ccd_ff_dec_y = 0.05302523323936747
ccd_ff_tilt_x = 0.019466989401909354
ccd_ff_tilt_y = -0.5728085306524655
ccd_ff_tilt_z = 0.18005279974404761
d_ff_ccd  = -4.838955319637977
ccd_dec_x = 0.6214074789703147
ccd_dec_y = 5.1571487196058206
ccd_defocus = 0.28071214491413277
ccd_tilt_x = 0.005052876861399884
ccd_tilt_y = -0.010911182629945027
ccd_tilt_z = 5.0932018725206515e-06
p = 0.0001