slit_dec_x_a = -0.181778666534
slit_dec_y_a = -0.18243150017
slit_dec_x_b = 0.14512077562974193
slit_dec_y_b = -0.05510809031835813
slit_defocus = -0.01377847505758128
slit_tilt_x = 1.0540919987293995
slit_tilt_y = -8.559993141014576
slit_tilt_z = -9.026799012632146
d_slit_col = 1594.2902930433436
coll_tilt_x = 0.12146883843937253
coll_tilt_y = -0.02649918352199001
ech_G = 31.614566450884208
ech_blaze = -74.99489324217464
ech_gamma = 1.1556395885058843
echelle_z = 0.05700388555630204
d_col_trf = -1588.016364512435
trf_mirror_tilt_x = 0.007298272038327823
trf_mirror_tilt_y = 0.15544614822409913
d_col_grm = 0.03572632811291342
grism_dec_x = 236.38321047443003
grism_dec_y = 0.009256814471262467
grm_tilt_x = -0.023509833970633238
grm_tilt_y = 2.325789583454698
grm_G = 222.78407149253772
grm_apex = 17.76655344038077
d_grm_cam  = 21.604701601768582
cam_dec_x = -0.27109282272769214
cam_dec_y = 0.2908426152783773
cam_tilt_x = 0.012509518025870083
cam_tilt_y = 0.008819841381932677
d_cam_ff  = -160.07709600736732
ccd_ff_dec_x = -0.023805731443473626
ccd_ff_dec_y = 0.042035672525151904
ccd_ff_tilt_x = 0.03345705800309824
ccd_ff_tilt_y = -0.5909715220277058
ccd_ff_tilt_z = 0.17191614467561042
d_ff_ccd  = -4.815938366525185
ccd_dec_x = 0.553296899817784
ccd_dec_y = 5.10763765706226
ccd_defocus = 0.28580527155517693
ccd_tilt_x = 0.032513207304563745
ccd_tilt_y = -0.0020707956293901453
ccd_tilt_z = 4.683530418218715e-06
p = 0.0001