slit_dec_x_a = -0.1704010755187174
slit_dec_y_a = -0.1956586180351446
slit_dec_x_b = 0.175
slit_dec_y_b = -1.7963485846372708e-96
slit_defocus = 0.02135058655138167
slit_tilt_x = 1.1140480019358308
slit_tilt_y = -8.538513092252918
slit_tilt_z = -8.991618495706774
d_slit_col = 1594.3100418473562
coll_tilt_x = 0.11320662485485818
coll_tilt_y = -0.028885056192361234
ech_G = 31.613234486632564
ech_blaze = -74.97482991117752
ech_gamma = 1.1389830566838988
echelle_z = 0.07477546829875399
d_col_trf = -1588.017226484784
trf_mirror_tilt_x = 0.026319633095697122
trf_mirror_tilt_y = 0.16221206455375825
d_col_grm = -0.004880012936899834
grism_dec_x = 236.42325684674992
grism_dec_y = 0.038201129899346556
grm_tilt_x = -0.014049332660508122
grm_tilt_y = 2.305276743941405
grm_G = 222.82400536638661
grm_apex = 17.791025755931493
d_grm_cam  = 21.609814149027823
cam_dec_x = -0.3094935921843879
cam_dec_y = 0.24734529696566943
cam_tilt_x = -0.011044894829367812
cam_tilt_y = 0.003825831505648594
d_cam_ff  = -160.05733422527106
ccd_ff_dec_x = -0.0026006566784486126
ccd_ff_dec_y = 0.05299980283890184
ccd_ff_tilt_x = 0.019474439454200843
ccd_ff_tilt_y = -0.5728052113451333
ccd_ff_tilt_z = 0.18005570975460117
d_ff_ccd  = -4.838919206494486
ccd_dec_x = 0.6214011508606776
ccd_dec_y = 5.157152158810719
ccd_defocus = 0.2807948751596162
ccd_tilt_x = 0.005067599058606678
ccd_tilt_y = -0.010847862848563594
ccd_tilt_z = 5.041884246347372e-06
p = 0.0001