slit_dec_x_a = -0.181778666534
slit_dec_y_a = -0.18243150017
slit_dec_x_b = 0.14512077562974193
slit_dec_y_b = -0.05510809031835813
slit_defocus = -0.013789445140558928
slit_tilt_x = 1.0541119279905193
slit_tilt_y = -8.559953050742626
slit_tilt_z = -9.026908620010815
d_slit_col = 1594.2903144233835
coll_tilt_x = 0.12143308565674783
coll_tilt_y = -0.026427579073047693
ech_G = 31.61456773089908
ech_blaze = -74.99488890389382
ech_gamma = 1.1556316993105995
echelle_z = 0.05700015650910022
d_col_trf = -1588.0163620809744
trf_mirror_tilt_x = 0.007298999854109486
trf_mirror_tilt_y = 0.1554152461804012
d_col_grm = 0.03568069098011121
grism_dec_x = 236.38322440120479
grism_dec_y = 0.009256143411763933
grm_tilt_x = -0.023502767958323553
grm_tilt_y = 2.325785494801937
grm_G = 222.7840756199567
grm_apex = 17.766502192774936
d_grm_cam  = 21.604705198929455
cam_dec_x = -0.27113816728814294
cam_dec_y = 0.2908329449961003
cam_tilt_x = 0.012427676473210417
cam_tilt_y = 0.008828806442506082
d_cam_ff  = -160.0772267817479
ccd_ff_dec_x = -0.023804713008493926
ccd_ff_dec_y = 0.042077008906405665
ccd_ff_tilt_x = 0.0334727552210525
ccd_ff_tilt_y = -0.5909840068006115
ccd_ff_tilt_z = 0.17191390897483308
d_ff_ccd  = -4.816011654396481
ccd_dec_x = 0.5532935041170876
ccd_dec_y = 5.107632912837252
ccd_defocus = 0.28572015988910765
ccd_tilt_x = 0.03261610925925442
ccd_tilt_y = -0.0022049632857586354
ccd_tilt_z = 4.706817105561631e-06
p = 0.0001