slit_dec_x_a = -0.181778666534
slit_dec_y_a = -0.18243150017
slit_dec_x_b = 0.14512077562974193
slit_dec_y_b = -0.05510809031835813
slit_defocus = -0.013758856078973576
slit_tilt_x = 1.0540711944551473
slit_tilt_y = -8.55990496458982
slit_tilt_z = -9.026883770870072
d_slit_col = 1594.2902951515907
coll_tilt_x = 0.1214314331164685
coll_tilt_y = -0.026450842925589222
ech_G = 31.614566963812923
ech_blaze = -74.99489004686939
ech_gamma = 1.1556422943488105
echelle_z = 0.05699617352416198
d_col_trf = -1588.0163679248328
trf_mirror_tilt_x = 0.007275599716599544
trf_mirror_tilt_y = 0.155438429506404
d_col_grm = 0.03564826061666961
grism_dec_x = 236.38321168351177
grism_dec_y = 0.009217972839459023
grm_tilt_x = -0.02351037220810261
grm_tilt_y = 2.3257886383705184
grm_G = 222.7840678601923
grm_apex = 17.766514105599224
d_grm_cam  = 21.604700354919764
cam_dec_x = -0.2710575748843953
cam_dec_y = 0.2908951593573386
cam_tilt_x = 0.01247042631617386
cam_tilt_y = 0.008897612919428352
d_cam_ff  = -160.07705970606114
ccd_ff_dec_x = -0.023807105626357555
ccd_ff_dec_y = 0.041997653077707
ccd_ff_tilt_x = 0.033453674129471055
ccd_ff_tilt_y = -0.5909811202163705
ccd_ff_tilt_z = 0.17191801745187002
d_ff_ccd  = -4.815995532589744
ccd_dec_x = 0.5533033995358463
ccd_dec_y = 5.10763616592632
ccd_defocus = 0.2857478708094384
ccd_tilt_x = 0.03256374185675124
ccd_tilt_y = -0.0021034299718465797
ccd_tilt_z = 4.705552691542334e-06
p = 0.0001