slit_dec_x_a = -0.1704010755187174
slit_dec_y_a = -0.1956586180351446
slit_dec_x_b = 0.175
slit_dec_y_b = -1.82937608594732e-96
slit_defocus = 0.021440245480596844
slit_tilt_x = 1.1139987789935213
slit_tilt_y = -8.53839309663023
slit_tilt_z = -8.991662488720461
d_slit_col = 1594.3099705815052
coll_tilt_x = 0.1131838269725653
coll_tilt_y = -0.02896402799965636
ech_G = 31.61322771159091
ech_blaze = -74.97482817081455
ech_gamma = 1.1389724567045065
echelle_z = 0.07477471354193423
d_col_trf = -1588.0172299139638
trf_mirror_tilt_x = 0.02633205328533046
trf_mirror_tilt_y = 0.1622133251602527
d_col_grm = -0.004878562684212491
grism_dec_x = 236.42326931316882
grism_dec_y = 0.03814182002058796
grm_tilt_x = -0.014050768614021056
grm_tilt_y = 2.3052811725759157
grm_G = 222.82400366047236
grm_apex = 17.790991309525545
d_grm_cam  = 21.60981724730838
cam_dec_x = -0.3095214273977009
cam_dec_y = 0.2473300550442388
cam_tilt_x = -0.011028025584934462
cam_tilt_y = 0.003791400501422708
d_cam_ff  = -160.05726366651248
ccd_ff_dec_x = -0.0026001309047806193
ccd_ff_dec_y = 0.05305545138063321
ccd_ff_tilt_x = 0.019513035633290286
ccd_ff_tilt_y = -0.5728036005820478
ccd_ff_tilt_z = 0.18004545736295002
d_ff_ccd  = -4.838947014847613
ccd_dec_x = 0.6214047613131567
ccd_dec_y = 5.157157068897783
ccd_defocus = 0.2807524623450473
ccd_tilt_x = 0.005083049333673221
ccd_tilt_y = -0.010911063006226237
ccd_tilt_z = 5.032325257538788e-06
p = 0.0001