slit_dec_x_a = -0.181778666534
slit_dec_y_a = -0.18243150017
slit_dec_x_b = 0.14512077562974193
slit_dec_y_b = -0.05510809031835813
slit_defocus = -0.013704588972180576
slit_tilt_x = 1.0541137821431352
slit_tilt_y = -8.559949575311053
slit_tilt_z = -9.026855713371473
d_slit_col = 1594.2902633836782
coll_tilt_x = 0.12139437062978997
coll_tilt_y = -0.026514956275046107
ech_G = 31.614560626406522
ech_blaze = -74.99488507964655
ech_gamma = 1.1556388061122893
echelle_z = 0.05700231301855005
d_col_trf = -1588.016367954828
trf_mirror_tilt_x = 0.00732222247709356
trf_mirror_tilt_y = 0.15550843068800133
d_col_grm = 0.03569203072403731
grism_dec_x = 236.38328949584613
grism_dec_y = 0.009325253261322239
grm_tilt_x = -0.0235081139265189
grm_tilt_y = 2.3257795973261084
grm_G = 222.78406721777884
grm_apex = 17.76644814440846
d_grm_cam  = 21.60469743077286
cam_dec_x = -0.27110253613337254
cam_dec_y = 0.2908332471328512
cam_tilt_x = 0.012455898921917237
cam_tilt_y = 0.00885866775349169
d_cam_ff  = -160.0772989828124
ccd_ff_dec_x = -0.02380730101960109
ccd_ff_dec_y = 0.04207927239760203
ccd_ff_tilt_x = 0.033475396336283464
ccd_ff_tilt_y = -0.5909789531990495
ccd_ff_tilt_z = 0.17191608999631572
d_ff_ccd  = -4.815948217702208
ccd_dec_x = 0.55329644440666
ccd_dec_y = 5.1076292655602815
ccd_defocus = 0.2858090945593092
ccd_tilt_x = 0.03261507078436306
ccd_tilt_y = -0.002174464991538983
ccd_tilt_z = 4.758637209895915e-06
p = 0.0001