slit_dec_x_a = -0.181778666534
slit_dec_y_a = -0.18243150017
slit_dec_x_b = 0.14512077562974193
slit_dec_y_b = -0.05510809031835813
slit_defocus = -0.013765511767916976
slit_tilt_x = 1.0541134467802586
slit_tilt_y = -8.559965385077273
slit_tilt_z = -9.026840966680648
d_slit_col = 1594.290275961781
coll_tilt_x = 0.1214333940586517
coll_tilt_y = -0.02650325604107207
ech_G = 31.614569302849702
ech_blaze = -74.99487972688812
ech_gamma = 1.1556395055827444
echelle_z = 0.05700380284291482
d_col_trf = -1588.0163646971835
trf_mirror_tilt_x = 0.00732983737383306
trf_mirror_tilt_y = 0.1554232518620335
d_col_grm = 0.035657473142202384
grism_dec_x = 236.38321493340393
grism_dec_y = 0.009266645351755386
grm_tilt_x = -0.023503510182609214
grm_tilt_y = 2.3257884897089913
grm_G = 222.7840699715636
grm_apex = 17.76652636128415
d_grm_cam  = 21.604705777535095
cam_dec_x = -0.27105510714576675
cam_dec_y = 0.2908917964421508
cam_tilt_x = 0.012392468086649377
cam_tilt_y = 0.008854291292373395
d_cam_ff  = -160.07631276373874
ccd_ff_dec_x = -0.023803915822944017
ccd_ff_dec_y = 0.042056325714023325
ccd_ff_tilt_x = 0.03349149499097743
ccd_ff_tilt_y = -0.5909821381450574
ccd_ff_tilt_z = 0.17191376057971106
d_ff_ccd  = -4.8159355816325515
ccd_dec_x = 0.5532987978664179
ccd_dec_y = 5.107635510620457
ccd_defocus = 0.28575980988870947
ccd_tilt_x = 0.03257868149666691
ccd_tilt_y = -0.00211236128404979
ccd_tilt_z = 4.754390073727322e-06
p = 0.0001