slit_dec_x_a = -0.181778666534
slit_dec_y_a = -0.18243150017
slit_dec_x_b = 0.14512077562974193
slit_dec_y_b = -0.05510809031835813
slit_defocus = -0.013774301136405535
slit_tilt_x = 1.054061631443612
slit_tilt_y = -8.560000605975489
slit_tilt_z = -9.026853237945083
d_slit_col = 1594.2902805010187
coll_tilt_x = 0.12140210476476787
coll_tilt_y = -0.02653025102768243
ech_G = 31.614564106583494
ech_blaze = -74.99489372076617
ech_gamma = 1.1556369313151065
echelle_z = 0.057015706858670724
d_col_trf = -1588.01635891037
trf_mirror_tilt_x = 0.007297950760039403
trf_mirror_tilt_y = 0.15542485856619528
d_col_grm = 0.035700159196514133
grism_dec_x = 236.3831806516255
grism_dec_y = 0.009278493027421572
grm_tilt_x = -0.02350676092330313
grm_tilt_y = 2.325789197968872
grm_G = 222.78407244976262
grm_apex = 17.7665215049823
d_grm_cam  = 21.604698911972896
cam_dec_x = -0.27112212381678136
cam_dec_y = 0.29084886745006316
cam_tilt_x = 0.012411510117285189
cam_tilt_y = 0.008822826318847357
d_cam_ff  = -160.07734083882613
ccd_ff_dec_x = -0.02379545736148887
ccd_ff_dec_y = 0.04207300743399725
ccd_ff_tilt_x = 0.03349463320525537
ccd_ff_tilt_y = -0.5909823293906483
ccd_ff_tilt_z = 0.1719218258691281
d_ff_ccd  = -4.815998232070681
ccd_dec_x = 0.5533022442834817
ccd_dec_y = 5.107633890428402
ccd_defocus = 0.28574572331446424
ccd_tilt_x = 0.03266639388335616
ccd_tilt_y = -0.002130196913932209
ccd_tilt_z = 4.689037833848782e-06
p = 0.0001