slit_dec_x_a = -0.181778666534
slit_dec_y_a = -0.18243150017
slit_dec_x_b = 0.14512077562974193
slit_dec_y_b = -0.05510809031835813
slit_defocus = -0.013853936596911138
slit_tilt_x = 1.0540959467177056
slit_tilt_y = -8.559917301148552
slit_tilt_z = -9.026871591412052
d_slit_col = 1594.2903009066229
coll_tilt_x = 0.12148362208982866
coll_tilt_y = -0.026519575237780278
ech_G = 31.614564343707386
ech_blaze = -74.99487767884652
ech_gamma = 1.1556394069881848
echelle_z = 0.05700131039401931
d_col_trf = -1588.0163733008244
trf_mirror_tilt_x = 0.007311062810787541
trf_mirror_tilt_y = 0.15546131724881132
d_col_grm = 0.03569440180495857
grism_dec_x = 236.38320990608227
grism_dec_y = 0.009250830357282747
grm_tilt_x = -0.023508111765883504
grm_tilt_y = 2.3257836411954482
grm_G = 222.7840713652051
grm_apex = 17.76651895449862
d_grm_cam  = 21.604701605689517
cam_dec_x = -0.27109475355439666
cam_dec_y = 0.29081034079851553
cam_tilt_x = 0.012480166436269684
cam_tilt_y = 0.00883300719514803
d_cam_ff  = -160.077157296576
ccd_ff_dec_x = -0.023799801306314285
ccd_ff_dec_y = 0.04206083049004516
ccd_ff_tilt_x = 0.0335119895494092
ccd_ff_tilt_y = -0.5909773988251036
ccd_ff_tilt_z = 0.17191780655396163
d_ff_ccd  = -4.815997592865582
ccd_dec_x = 0.5532988797762274
ccd_dec_y = 5.107625537597998
ccd_defocus = 0.285735302245782
ccd_tilt_x = 0.03257477609267784
ccd_tilt_y = -0.002159409233191775
ccd_tilt_z = 4.707322331993992e-06
p = 0.0001