slit_dec_x_a = -0.181778666534
slit_dec_y_a = -0.18243150017
slit_dec_x_b = 0.14512077562974193
slit_dec_y_b = -0.05510809031835813
slit_defocus = -0.013816346128923249
slit_tilt_x = 1.0540385659536373
slit_tilt_y = -8.559948046168865
slit_tilt_z = -9.026898529724251
d_slit_col = 1594.2902867732216
coll_tilt_x = 0.12140665811875832
coll_tilt_y = -0.026495185049918536
ech_G = 31.614567996223602
ech_blaze = -74.99489076799593
ech_gamma = 1.1556428563191137
echelle_z = 0.05700060889990362
d_col_trf = -1588.0163666318504
trf_mirror_tilt_x = 0.007299560851665367
trf_mirror_tilt_y = 0.15547842138647133
d_col_grm = 0.03567018165097813
grism_dec_x = 236.3832144742319
grism_dec_y = 0.009230680468508744
grm_tilt_x = -0.023510907435483577
grm_tilt_y = 2.3257886839022492
grm_G = 222.78406243693456
grm_apex = 17.766547633449683
d_grm_cam  = 21.604701445415447
cam_dec_x = -0.27109745008977415
cam_dec_y = 0.2908474207421519
cam_tilt_x = 0.012388270155677972
cam_tilt_y = 0.008890649877894449
d_cam_ff  = -160.07710957522454
ccd_ff_dec_x = -0.023799081161665143
ccd_ff_dec_y = 0.041987936099788375
ccd_ff_tilt_x = 0.03353478263925802
ccd_ff_tilt_y = -0.5909842118606067
ccd_ff_tilt_z = 0.17191743203427767
d_ff_ccd  = -4.815997830045768
ccd_dec_x = 0.5532990528635452
ccd_dec_y = 5.107630823109314
ccd_defocus = 0.28575342963737826
ccd_tilt_x = 0.032593002334338164
ccd_tilt_y = -0.0021505454415595704
ccd_tilt_z = 4.6907708059653405e-06
p = 0.0001