slit_dec_x_a = -0.1704010755187174
slit_dec_y_a = -0.1956586180351446
slit_dec_x_b = 0.175
slit_dec_y_b = -1.8819793703386103e-96
slit_defocus = 0.02143261691576787
slit_tilt_x = 1.1140370138469542
slit_tilt_y = -8.538449680151517
slit_tilt_z = -8.991633716277668
d_slit_col = 1594.3099910733408
coll_tilt_x = 0.1131112602392613
coll_tilt_y = -0.028862341058777708
ech_G = 31.613231247439746
ech_blaze = -74.97483483132922
ech_gamma = 1.1389734661500284
echelle_z = 0.0747715276438185
d_col_trf = -1588.0172394426952
trf_mirror_tilt_x = 0.02622037312150864
trf_mirror_tilt_y = 0.1622450929108727
d_col_grm = -0.0048627012444759565
grism_dec_x = 236.4233272178687
grism_dec_y = 0.03818655395298775
grm_tilt_x = -0.014052178999043027
grm_tilt_y = 2.305275071117469
grm_G = 222.82400107688687
grm_apex = 17.79104235372447
d_grm_cam  = 21.60981316076961
cam_dec_x = -0.30962300402840404
cam_dec_y = 0.24726188700852264
cam_tilt_x = -0.01114586324082579
cam_tilt_y = 0.0038284193450360865
d_cam_ff  = -160.05765919121865
ccd_ff_dec_x = -0.0026009117349957075
ccd_ff_dec_y = 0.05313859101276892
ccd_ff_tilt_x = 0.019555975368793787
ccd_ff_tilt_y = -0.5728068533909476
ccd_ff_tilt_z = 0.18005398918777682
d_ff_ccd  = -4.838975487289369
ccd_dec_x = 0.6214073703991962
ccd_dec_y = 5.157151192441829
ccd_defocus = 0.28075019595868683
ccd_tilt_x = 0.005065434067799417
ccd_tilt_y = -0.010966043598010655
ccd_tilt_z = 5.054104503585365e-06
p = 0.0001