slit_dec_x_a = -0.1704010755187174
slit_dec_y_a = -0.1956586180351446
slit_dec_x_b = 0.175
slit_dec_y_b = -1.8133075238753553e-96
slit_defocus = 0.021402888237329075
slit_tilt_x = 1.1140402904278042
slit_tilt_y = -8.538426253396318
slit_tilt_z = -8.991610427062897
d_slit_col = 1594.3099907054113
coll_tilt_x = 0.1131607258029728
coll_tilt_y = -0.02893544873142321
ech_G = 31.613234585856567
ech_blaze = -74.97483642267454
ech_gamma = 1.1389725452919812
echelle_z = 0.07476855102730472
d_col_trf = -1588.0172298843688
trf_mirror_tilt_x = 0.026357411874541
trf_mirror_tilt_y = 0.16220805464979043
d_col_grm = -0.004867800239017744
grism_dec_x = 236.4233091020227
grism_dec_y = 0.03817844666010973
grm_tilt_x = -0.014060608358238445
grm_tilt_y = 2.3052795516849924
grm_G = 222.824002923829
grm_apex = 17.791021033676074
d_grm_cam  = 21.609816934943744
cam_dec_x = -0.3095875124196184
cam_dec_y = 0.24728245524265827
cam_tilt_x = -0.011105748442178221
cam_tilt_y = 0.003785550897501459
d_cam_ff  = -160.05772736726868
ccd_ff_dec_x = -0.002598710843287141
ccd_ff_dec_y = 0.053026193811454105
ccd_ff_tilt_x = 0.019564201380241834
ccd_ff_tilt_y = -0.5728004838927997
ccd_ff_tilt_z = 0.18005453611038857
d_ff_ccd  = -4.838952744365343
ccd_dec_x = 0.6214041824836184
ccd_dec_y = 5.157153449997452
ccd_defocus = 0.28069053370431296
ccd_tilt_x = 0.00503535619702404
ccd_tilt_y = -0.01089362086151524
ccd_tilt_z = 5.128320700548945e-06
p = 0.0001