slit_dec_x_a = -0.181778666534
slit_dec_y_a = -0.18243150017
slit_dec_x_b = 0.14512077562974193
slit_dec_y_b = -0.05510809031835813
slit_defocus = -0.013834427521382748
slit_tilt_x = 1.0541822344041205
slit_tilt_y = -8.559967535362343
slit_tilt_z = -9.026888904525409
d_slit_col = 1594.2903098073527
coll_tilt_x = 0.12140324554072801
coll_tilt_y = -0.026529255102227353
ech_G = 31.61456604387823
ech_blaze = -74.99488583330485
ech_gamma = 1.1556344414992832
echelle_z = 0.057008762949340604
d_col_trf = -1588.0163650308252
trf_mirror_tilt_x = 0.007333541640175218
trf_mirror_tilt_y = 0.15539222853553997
d_col_grm = 0.03564581701343655
grism_dec_x = 236.38316440652852
grism_dec_y = 0.009258055352469381
grm_tilt_x = -0.023513273121712804
grm_tilt_y = 2.32578905642371
grm_G = 222.78407133308806
grm_apex = 17.766442724129114
d_grm_cam  = 21.604706723809585
cam_dec_x = -0.2710662149520355
cam_dec_y = 0.2908476289061866
cam_tilt_x = 0.0123693601842906
cam_tilt_y = 0.008848607526107853
d_cam_ff  = -160.07710097412505
ccd_ff_dec_x = -0.02379988634156386
ccd_ff_dec_y = 0.04202439961808493
ccd_ff_tilt_x = 0.033486733356330255
ccd_ff_tilt_y = -0.5909840068329673
ccd_ff_tilt_z = 0.17191321644069027
d_ff_ccd  = -4.8160178182721785
ccd_dec_x = 0.5532967626507582
ccd_dec_y = 5.107631808835367
ccd_defocus = 0.2857490195104576
ccd_tilt_x = 0.03258772135018944
ccd_tilt_y = -0.0021327180693169598
ccd_tilt_z = 4.687067477240263e-06
p = 0.0001