slit_dec_x_a = -0.181778666534
slit_dec_y_a = -0.18243150017
slit_dec_x_b = 0.14512077562974193
slit_dec_y_b = -0.05510809031835813
slit_defocus = -0.013754047052822118
slit_tilt_x = 1.0540469534430825
slit_tilt_y = -8.559966373946066
slit_tilt_z = -9.026922116899907
d_slit_col = 1594.2902765755766
coll_tilt_x = 0.12138208053268479
coll_tilt_y = -0.02648463854408055
ech_G = 31.614558353527563
ech_blaze = -74.99488488993134
ech_gamma = 1.1556460962252584
echelle_z = 0.0569980461467838
d_col_trf = -1588.0163641283157
trf_mirror_tilt_x = 0.007285844327799588
trf_mirror_tilt_y = 0.15547952685556135
d_col_grm = 0.03571330667870447
grism_dec_x = 236.38326653116405
grism_dec_y = 0.009324665320561335
grm_tilt_x = -0.023513862086353008
grm_tilt_y = 2.3257824415343777
grm_G = 222.78407383411547
grm_apex = 17.766527206994372
d_grm_cam  = 21.604699882350012
cam_dec_x = -0.2711649733162884
cam_dec_y = 0.29094003536686636
cam_tilt_x = 0.012490808648592918
cam_tilt_y = 0.008816020413089421
d_cam_ff  = -160.07709820602628
ccd_ff_dec_x = -0.02380659787478202
ccd_ff_dec_y = 0.04200852425375868
ccd_ff_tilt_x = 0.033527852059465374
ccd_ff_tilt_y = -0.5909824565418728
ccd_ff_tilt_z = 0.17191240622546902
d_ff_ccd  = -4.815965334574493
ccd_dec_x = 0.5532930892285023
ccd_dec_y = 5.107633619378191
ccd_defocus = 0.2857913637847738
ccd_tilt_x = 0.03260253613217666
ccd_tilt_y = -0.00214626177395831
ccd_tilt_z = 4.706153625501953e-06
p = 0.0001