slit_dec_x_a = -0.181778666534
slit_dec_y_a = -0.18243150017
slit_dec_x_b = 0.14512077562974193
slit_dec_y_b = -0.05510809031835813
slit_defocus = -0.01377463790932764
slit_tilt_x = 1.0541226887474369
slit_tilt_y = -8.559914333029264
slit_tilt_z = -9.02687117543636
d_slit_col = 1594.2902699943568
coll_tilt_x = 0.12144527681901932
coll_tilt_y = -0.026471807671102257
ech_G = 31.61456775499148
ech_blaze = -74.99489229622057
ech_gamma = 1.155639657933428
echelle_z = 0.05700172336179179
d_col_trf = -1588.0163694464918
trf_mirror_tilt_x = 0.007366904928905488
trf_mirror_tilt_y = 0.1555088368709716
d_col_grm = 0.03567911648879647
grism_dec_x = 236.38329800652585
grism_dec_y = 0.009194281080870764
grm_tilt_x = -0.023510217623554625
grm_tilt_y = 2.325791457654981
grm_G = 222.78407037535678
grm_apex = 17.76654844614213
d_grm_cam  = 21.60470437768718
cam_dec_x = -0.27106246739036516
cam_dec_y = 0.2908874833177375
cam_tilt_x = 0.012474616598453555
cam_tilt_y = 0.00883054590111244
d_cam_ff  = -160.0769867905017
ccd_ff_dec_x = -0.023804045934037333
ccd_ff_dec_y = 0.04205817764524869
ccd_ff_tilt_x = 0.03346581926225596
ccd_ff_tilt_y = -0.5909834192663075
ccd_ff_tilt_z = 0.17192446090247035
d_ff_ccd  = -4.815990234068934
ccd_dec_x = 0.5532955955429091
ccd_dec_y = 5.107632847894452
ccd_defocus = 0.2858258111952765
ccd_tilt_x = 0.03258752356831969
ccd_tilt_y = -0.0021759742765468716
ccd_tilt_z = 4.701250868833845e-06
p = 0.0001