slit_dec_x_a = -0.1704010755187174
slit_dec_y_a = -0.1956586180351446
slit_dec_x_b = 0.175
slit_dec_y_b = -1.803514327411753e-96
slit_defocus = 0.02133980998666923
slit_tilt_x = 1.1140106535808842
slit_tilt_y = -8.538401758730208
slit_tilt_z = -8.991679237631077
d_slit_col = 1594.3099776717004
coll_tilt_x = 0.1131589260429584
coll_tilt_y = -0.028938138043360793
ech_G = 31.613229673822975
ech_blaze = -74.97483475232083
ech_gamma = 1.1389763375467223
echelle_z = 0.07478114992229229
d_col_trf = -1588.0172323366012
trf_mirror_tilt_x = 0.02631132315844078
trf_mirror_tilt_y = 0.1622157631119155
d_col_grm = -0.004768875351028683
grism_dec_x = 236.42326407763446
grism_dec_y = 0.03815565705461571
grm_tilt_x = -0.014054543127123858
grm_tilt_y = 2.3052764625054523
grm_G = 222.82400541030557
grm_apex = 17.79100404730589
d_grm_cam  = 21.60981445293323
cam_dec_x = -0.30958214827044206
cam_dec_y = 0.24734598213237008
cam_tilt_x = -0.011051851431497792
cam_tilt_y = 0.0037723261187987485
d_cam_ff  = -160.05734351662602
ccd_ff_dec_x = -0.002598539972206519
ccd_ff_dec_y = 0.05300792852235298
ccd_ff_tilt_x = 0.019518523115527483
ccd_ff_tilt_y = -0.5728048679358088
ccd_ff_tilt_z = 0.18005040212050527
d_ff_ccd  = -4.838963562017251
ccd_dec_x = 0.6213978947684514
ccd_dec_y = 5.157149714552704
ccd_defocus = 0.2807639548732163
ccd_tilt_x = 0.00498255071300217
ccd_tilt_y = -0.010860905017401914
ccd_tilt_z = 5.134927742662611e-06
p = 0.0001