slit_dec_x_a = -0.181778666534
slit_dec_y_a = -0.18243150017
slit_dec_x_b = 0.14512077562974193
slit_dec_y_b = -0.05510809031835813
slit_defocus = -0.013794815312403544
slit_tilt_x = 1.0540690689651704
slit_tilt_y = -8.559993670311743
slit_tilt_z = -9.026858980286926
d_slit_col = 1594.2902844595806
coll_tilt_x = 0.12147922580171672
coll_tilt_y = -0.02645781681479193
ech_G = 31.614566330703116
ech_blaze = -74.9948828911901
ech_gamma = 1.1556430016656767
echelle_z = 0.05701075559696361
d_col_trf = -1588.016359576542
trf_mirror_tilt_x = 0.007270274294020008
trf_mirror_tilt_y = 0.1554946190283485
d_col_grm = 0.03560850887700951
grism_dec_x = 236.38322514584496
grism_dec_y = 0.00923451031639857
grm_tilt_x = -0.023495225266143706
grm_tilt_y = 2.325788835941769
grm_G = 222.78406532014566
grm_apex = 17.76654765668521
d_grm_cam  = 21.60470115409294
cam_dec_x = -0.27110017727811314
cam_dec_y = 0.29087688398828493
cam_tilt_x = 0.012497864652141345
cam_tilt_y = 0.008821363690664346
d_cam_ff  = -160.07721393073845
ccd_ff_dec_x = -0.023802852708057164
ccd_ff_dec_y = 0.042083815285733246
ccd_ff_tilt_x = 0.03351528761395135
ccd_ff_tilt_y = -0.5909851249399923
ccd_ff_tilt_z = 0.1719130141575972
d_ff_ccd  = -4.816012274224749
ccd_dec_x = 0.5532939822081674
ccd_dec_y = 5.107625696959097
ccd_defocus = 0.2857707055398872
ccd_tilt_x = 0.03256150150762469
ccd_tilt_y = -0.0021444530159201274
ccd_tilt_z = 4.72205052927043e-06
p = 0.0001