slit_dec_x_a = -0.181778666534
slit_dec_y_a = -0.18243150017
slit_dec_x_b = 0.14512077562974193
slit_dec_y_b = -0.05510809031835813
slit_defocus = -0.013815211277064341
slit_tilt_x = 1.0541610620413724
slit_tilt_y = -8.56000220235848
slit_tilt_z = -9.026892102781455
d_slit_col = 1594.2902561578426
coll_tilt_x = 0.12143639102421183
coll_tilt_y = -0.026555606822014917
ech_G = 31.614565699547324
ech_blaze = -74.99489272279585
ech_gamma = 1.1556360239369163
echelle_z = 0.05700896931001197
d_col_trf = -1588.0163635714573
trf_mirror_tilt_x = 0.007277292683902972
trf_mirror_tilt_y = 0.15544077367522952
d_col_grm = 0.035707980203132664
grism_dec_x = 236.38323722691658
grism_dec_y = 0.009260477090565237
grm_tilt_x = -0.02350652757289602
grm_tilt_y = 2.325781946767344
grm_G = 222.78407492031613
grm_apex = 17.7664512186849
d_grm_cam  = 21.60470023606873
cam_dec_x = -0.27107626894529363
cam_dec_y = 0.29089745235775727
cam_tilt_x = 0.012458955652652592
cam_tilt_y = 0.0087980142557849
d_cam_ff  = -160.07740165919535
ccd_ff_dec_x = -0.02380464172785127
ccd_ff_dec_y = 0.042052126357557736
ccd_ff_tilt_x = 0.03347958996086811
ccd_ff_tilt_y = -0.5909883449233753
ccd_ff_tilt_z = 0.17191600107385047
d_ff_ccd  = -4.816019044078101
ccd_dec_x = 0.5532977790715508
ccd_dec_y = 5.107632232894764
ccd_defocus = 0.2857653783670652
ccd_tilt_x = 0.03258637677181174
ccd_tilt_y = -0.0021364343127906467
ccd_tilt_z = 4.720030837091375e-06
p = 0.0001