slit_dec_x_a = -0.1704010755187174
slit_dec_y_a = -0.1956586180351446
slit_dec_x_b = 0.175
slit_dec_y_b = -1.7751041759662676e-96
slit_defocus = 0.021318448594539307
slit_tilt_x = 1.1139995671897882
slit_tilt_y = -8.538481134914594
slit_tilt_z = -8.99161411449931
d_slit_col = 1594.3099835459072
coll_tilt_x = 0.11320649370089378
coll_tilt_y = -0.028890661806726645
ech_G = 31.613234719613285
ech_blaze = -74.97483256784552
ech_gamma = 1.1389707337569674
echelle_z = 0.07477112003348733
d_col_trf = -1588.0172313945404
trf_mirror_tilt_x = 0.026335563204016678
trf_mirror_tilt_y = 0.16220912402779075
d_col_grm = -0.004797683992534172
grism_dec_x = 236.4233141257593
grism_dec_y = 0.038193485733648426
grm_tilt_x = -0.01405631072002349
grm_tilt_y = 2.305278097735579
grm_G = 222.82400445857954
grm_apex = 17.7910907144096
d_grm_cam  = 21.609818619251396
cam_dec_x = -0.3095362608275686
cam_dec_y = 0.24726503526435248
cam_tilt_x = -0.011022139969702891
cam_tilt_y = 0.0037674608933176332
d_cam_ff  = -160.0573937531527
ccd_ff_dec_x = -0.0025961349875575205
ccd_ff_dec_y = 0.05307428564332196
ccd_ff_tilt_x = 0.01952755830229325
ccd_ff_tilt_y = -0.5728015838506086
ccd_ff_tilt_z = 0.18006114474765092
d_ff_ccd  = -4.838956923109568
ccd_dec_x = 0.6213965488297378
ccd_dec_y = 5.157150352387441
ccd_defocus = 0.2807487360043148
ccd_tilt_x = 0.0050446453250969385
ccd_tilt_y = -0.01089914009271909
ccd_tilt_z = 5.095486086629558e-06
p = 0.0001