slit_dec_x_a = -0.1704010755187174
slit_dec_y_a = -0.1956586180351446
slit_dec_x_b = 0.175
slit_dec_y_b = -1.8744964280066966e-96
slit_defocus = 0.021427297979240305
slit_tilt_x = 1.114002484311036
slit_tilt_y = -8.538451510970088
slit_tilt_z = -8.991623980290074
d_slit_col = 1594.3099430547388
coll_tilt_x = 0.11321084210809641
coll_tilt_y = -0.02890760957001686
ech_G = 31.613233886683712
ech_blaze = -74.97483065797505
ech_gamma = 1.1389697704647728
echelle_z = 0.07477163889646309
d_col_trf = -1588.017236837376
trf_mirror_tilt_x = 0.026212442019286897
trf_mirror_tilt_y = 0.16217747476762442
d_col_grm = -0.004862189077564159
grism_dec_x = 236.42327151793583
grism_dec_y = 0.0381930697301475
grm_tilt_x = -0.014050100519099868
grm_tilt_y = 2.3052822929667283
grm_G = 222.82400925145487
grm_apex = 17.791057983717337
d_grm_cam  = 21.609820330316822
cam_dec_x = -0.3096410892644955
cam_dec_y = 0.2472686391313903
cam_tilt_x = -0.011039745597735889
cam_tilt_y = 0.00379926884718727
d_cam_ff  = -160.05764003857487
ccd_ff_dec_x = -0.0025977978917445126
ccd_ff_dec_y = 0.05301956123726033
ccd_ff_tilt_x = 0.019555360569807296
ccd_ff_tilt_y = -0.5728120405811923
ccd_ff_tilt_z = 0.18005212957167288
d_ff_ccd  = -4.838938329987024
ccd_dec_x = 0.6214038319428836
ccd_dec_y = 5.157148044758815
ccd_defocus = 0.2807228884932723
ccd_tilt_x = 0.005092154869392096
ccd_tilt_y = -0.010897822660736065
ccd_tilt_z = 5.076568625328779e-06
p = 0.0001