slit_dec_x_a = -0.181778666534
slit_dec_y_a = -0.18243150017
slit_dec_x_b = 0.14512077562974193
slit_dec_y_b = -0.05510809031835813
slit_defocus = -0.013750915096226418
slit_tilt_x = 1.05407771977796
slit_tilt_y = -8.559890676629509
slit_tilt_z = -9.026917232633437
d_slit_col = 1594.2902953936446
coll_tilt_x = 0.12140131782655257
coll_tilt_y = -0.026465008337032078
ech_G = 31.61456286235324
ech_blaze = -74.9948872954364
ech_gamma = 1.1556397170666821
echelle_z = 0.05700614614366109
d_col_trf = -1588.016373955891
trf_mirror_tilt_x = 0.007324651917512586
trf_mirror_tilt_y = 0.15548526231738935
d_col_grm = 0.03568153228454251
grism_dec_x = 236.3832005552083
grism_dec_y = 0.009245399142229145
grm_tilt_x = -0.023511838246938185
grm_tilt_y = 2.3257830691850545
grm_G = 222.78406775004814
grm_apex = 17.766494882437087
d_grm_cam  = 21.60469429693403
cam_dec_x = -0.2711035376720439
cam_dec_y = 0.29095727415362993
cam_tilt_x = 0.012419196766585747
cam_tilt_y = 0.008858599861222984
d_cam_ff  = -160.07686812887047
ccd_ff_dec_x = -0.023804934909229334
ccd_ff_dec_y = 0.04198303324175837
ccd_ff_tilt_x = 0.03345082744982858
ccd_ff_tilt_y = -0.5909795527796416
ccd_ff_tilt_z = 0.17190924738195545
d_ff_ccd  = -4.816010881299748
ccd_dec_x = 0.5532994566495708
ccd_dec_y = 5.107626497057637
ccd_defocus = 0.2857558314456517
ccd_tilt_x = 0.03251841499278892
ccd_tilt_y = -0.00220509762538908
ccd_tilt_z = 4.699749204597626e-06
p = 0.0001