slit_dec_x_a = -0.181778666534
slit_dec_y_a = -0.18243150017
slit_dec_x_b = 0.14512077562974193
slit_dec_y_b = -0.05510809031835813
slit_defocus = -0.013797643352063828
slit_tilt_x = 1.0540344489568454
slit_tilt_y = -8.559926230840171
slit_tilt_z = -9.026852979927778
d_slit_col = 1594.2902734454738
coll_tilt_x = 0.12143315114548019
coll_tilt_y = -0.026475169061785448
ech_G = 31.614566265600278
ech_blaze = -74.994886136841
ech_gamma = 1.1556418751876536
echelle_z = 0.05699722220547275
d_col_trf = -1588.0163613725183
trf_mirror_tilt_x = 0.007242001760661462
trf_mirror_tilt_y = 0.1554458783246648
d_col_grm = 0.03566347950712731
grism_dec_x = 236.3831775242297
grism_dec_y = 0.00924460480662412
grm_tilt_x = -0.02350987540878435
grm_tilt_y = 2.325786543409024
grm_G = 222.7840771491739
grm_apex = 17.766494760371675
d_grm_cam  = 21.604703745387813
cam_dec_x = -0.2711025588789703
cam_dec_y = 0.29085059797250273
cam_tilt_x = 0.012465313239833093
cam_tilt_y = 0.008848413986687453
d_cam_ff  = -160.0769145179197
ccd_ff_dec_x = -0.023804428712733156
ccd_ff_dec_y = 0.042052171285986484
ccd_ff_tilt_x = 0.03344387716791814
ccd_ff_tilt_y = -0.5909748739100333
ccd_ff_tilt_z = 0.17191777682222945
d_ff_ccd  = -4.816058763834119
ccd_dec_x = 0.5532942298360467
ccd_dec_y = 5.107631329930927
ccd_defocus = 0.28570591789961497
ccd_tilt_x = 0.03262545714149867
ccd_tilt_y = -0.002222254925366452
ccd_tilt_z = 4.70235089056926e-06
p = 0.0001