slit_dec_x_a = -0.181778666534
slit_dec_y_a = -0.18243150017
slit_dec_x_b = 0.14512077562974193
slit_dec_y_b = -0.05510809031835813
slit_defocus = -0.013769909666196994
slit_tilt_x = 1.0540884568027915
slit_tilt_y = -8.559940366080985
slit_tilt_z = -9.026871179562786
d_slit_col = 1594.2902726726663
coll_tilt_x = 0.12144949961777642
coll_tilt_y = -0.026529378382663806
ech_G = 31.614566675479555
ech_blaze = -74.9948788646489
ech_gamma = 1.1556408404003784
echelle_z = 0.057001009221286425
d_col_trf = -1588.0163674415433
trf_mirror_tilt_x = 0.007246115538926652
trf_mirror_tilt_y = 0.15544998703525875
d_col_grm = 0.03560936771922959
grism_dec_x = 236.38319800045204
grism_dec_y = 0.00919138005694721
grm_tilt_x = -0.023510922408645284
grm_tilt_y = 2.325787117323265
grm_G = 222.7840731905073
grm_apex = 17.76652161878709
d_grm_cam  = 21.604700589441848
cam_dec_x = -0.2711024598318043
cam_dec_y = 0.2908787934092615
cam_tilt_x = 0.01245522206864812
cam_tilt_y = 0.008815831215400598
d_cam_ff  = -160.07734951688641
ccd_ff_dec_x = -0.02380347720803777
ccd_ff_dec_y = 0.04202869441451093
ccd_ff_tilt_x = 0.033569928811777186
ccd_ff_tilt_y = -0.5909845171461588
ccd_ff_tilt_z = 0.17191553092626224
d_ff_ccd  = -4.81602005469313
ccd_dec_x = 0.5532893713292192
ccd_dec_y = 5.1076359173798185
ccd_defocus = 0.2858182957002961
ccd_tilt_x = 0.032586202881767966
ccd_tilt_y = -0.002169667193727204
ccd_tilt_z = 4.6810673373195164e-06
p = 0.0001