slit_dec_x_a = -0.181778666534
slit_dec_y_a = -0.18243150017
slit_dec_x_b = 0.14512077562974193
slit_dec_y_b = -0.05510809031835813
slit_defocus = -0.013850050803207429
slit_tilt_x = 1.0540825472789614
slit_tilt_y = -8.55994755389291
slit_tilt_z = -9.026916420901387
d_slit_col = 1594.29033697104
coll_tilt_x = 0.12142773517065857
coll_tilt_y = -0.02646639903814341
ech_G = 31.614563622297613
ech_blaze = -74.99488783023686
ech_gamma = 1.1556426439346854
echelle_z = 0.05700081092431527
d_col_trf = -1588.0163601617364
trf_mirror_tilt_x = 0.007287952412467105
trf_mirror_tilt_y = 0.15544704047103278
d_col_grm = 0.03568991148473476
grism_dec_x = 236.38324543682458
grism_dec_y = 0.009289815368172725
grm_tilt_x = -0.023505324690475046
grm_tilt_y = 2.3257953391527972
grm_G = 222.78406817597437
grm_apex = 17.766529709111982
d_grm_cam  = 21.6046993071303
cam_dec_x = -0.2711253899608127
cam_dec_y = 0.2908652604365024
cam_tilt_x = 0.012460265978441217
cam_tilt_y = 0.008801619391849034
d_cam_ff  = -160.0771762765697
ccd_ff_dec_x = -0.023806931362309054
ccd_ff_dec_y = 0.04208028605511638
ccd_ff_tilt_x = 0.033436263440375105
ccd_ff_tilt_y = -0.5909769693398479
ccd_ff_tilt_z = 0.17191842075987748
d_ff_ccd  = -4.8159962493224695
ccd_dec_x = 0.5532894632808171
ccd_dec_y = 5.107630449639049
ccd_defocus = 0.28577573064162437
ccd_tilt_x = 0.032563487518608256
ccd_tilt_y = -0.002098283616377382
ccd_tilt_z = 4.669638668082341e-06
p = 0.0001