slit_dec_x_a = -0.181778666534
slit_dec_y_a = -0.18243150017
slit_dec_x_b = 0.14512077562974193
slit_dec_y_b = -0.05510809031835813
slit_defocus = -0.013867074827857229
slit_tilt_x = 1.0541059120217815
slit_tilt_y = -8.559942783501777
slit_tilt_z = -9.026885102860117
d_slit_col = 1594.2902980728818
coll_tilt_x = 0.12142075337053929
coll_tilt_y = -0.02646781424667778
ech_G = 31.614565770077892
ech_blaze = -74.9948829597072
ech_gamma = 1.1556329382768595
echelle_z = 0.05699399097578899
d_col_trf = -1588.0163695304223
trf_mirror_tilt_x = 0.007283599852009408
trf_mirror_tilt_y = 0.15545183987979597
d_col_grm = 0.03570667278775604
grism_dec_x = 236.38322556484692
grism_dec_y = 0.009167532562179571
grm_tilt_x = -0.023508108393475426
grm_tilt_y = 2.3257840029398786
grm_G = 222.78407010508997
grm_apex = 17.766523429021294
d_grm_cam  = 21.604704634451334
cam_dec_x = -0.27109375259147156
cam_dec_y = 0.29087884131065367
cam_tilt_x = 0.012483925690364894
cam_tilt_y = 0.0088989063153264
d_cam_ff  = -160.07694604268994
ccd_ff_dec_x = -0.023803414659359423
ccd_ff_dec_y = 0.04201601856542451
ccd_ff_tilt_x = 0.03348182745343131
ccd_ff_tilt_y = -0.5909796069899419
ccd_ff_tilt_z = 0.1719180255849021
d_ff_ccd  = -4.816007833652131
ccd_dec_x = 0.5532962831217592
ccd_dec_y = 5.107633665481902
ccd_defocus = 0.2857210634267156
ccd_tilt_x = 0.03256916154550522
ccd_tilt_y = -0.0021584364445542546
ccd_tilt_z = 4.69424041136614e-06
p = 0.0001