slit_dec_x_a = -0.1704010755187174
slit_dec_y_a = -0.1956586180351446
slit_dec_x_b = 0.175
slit_dec_y_b = -1.8138922917923238e-96
slit_defocus = 0.021393582424693885
slit_tilt_x = 1.1139363746036335
slit_tilt_y = -8.538409226820972
slit_tilt_z = -8.991613243659396
d_slit_col = 1594.3100394359878
coll_tilt_x = 0.11321283397982577
coll_tilt_y = -0.028924506908922117
ech_G = 31.61323424015761
ech_blaze = -74.97483327705712
ech_gamma = 1.1389698207929546
echelle_z = 0.07477903269511814
d_col_trf = -1588.0172214674874
trf_mirror_tilt_x = 0.026325687294876263
trf_mirror_tilt_y = 0.1622240644234963
d_col_grm = -0.004843783157173185
grism_dec_x = 236.4232319771271
grism_dec_y = 0.03817405922941792
grm_tilt_x = -0.01405529353962381
grm_tilt_y = 2.3052769589183084
grm_G = 222.82400195452712
grm_apex = 17.79104354841705
d_grm_cam  = 21.609817191731185
cam_dec_x = -0.3095238818621722
cam_dec_y = 0.2472966214972363
cam_tilt_x = -0.011010954869582704
cam_tilt_y = 0.003783052431086345
d_cam_ff  = -160.0575445914493
ccd_ff_dec_x = -0.0026041936908440338
ccd_ff_dec_y = 0.053083827392927385
ccd_ff_tilt_x = 0.0194907381088396
ccd_ff_tilt_y = -0.572808382984846
ccd_ff_tilt_z = 0.18004640193161434
d_ff_ccd  = -4.838945678006583
ccd_dec_x = 0.6214088810165659
ccd_dec_y = 5.15714035122634
ccd_defocus = 0.280754539412509
ccd_tilt_x = 0.005014961782672485
ccd_tilt_y = -0.010895293307308032
ccd_tilt_z = 5.090497785377541e-06
p = 0.0001