slit_dec_x_a = -0.181778666534
slit_dec_y_a = -0.18243150017
slit_dec_x_b = 0.14512077562974193
slit_dec_y_b = -0.05510809031835813
slit_defocus = -0.013780643210451672
slit_tilt_x = 1.054108411354995
slit_tilt_y = -8.559979044574751
slit_tilt_z = -9.026939643712565
d_slit_col = 1594.2902801072921
coll_tilt_x = 0.12143342707721609
coll_tilt_y = -0.026480176624129166
ech_G = 31.614565646307224
ech_blaze = -74.99488301781211
ech_gamma = 1.1556381972823786
echelle_z = 0.05700107457082108
d_col_trf = -1588.016359974351
trf_mirror_tilt_x = 0.007234290564941189
trf_mirror_tilt_y = 0.15551022312953858
d_col_grm = 0.03565915654997005
grism_dec_x = 236.3831638038752
grism_dec_y = 0.009284135253505674
grm_tilt_x = -0.023512155341170217
grm_tilt_y = 2.3257879323189647
grm_G = 222.78407113219802
grm_apex = 17.76645943524159
d_grm_cam  = 21.604704881724995
cam_dec_x = -0.2711107866544477
cam_dec_y = 0.2908686837808745
cam_tilt_x = 0.012444628331492708
cam_tilt_y = 0.008815981077771156
d_cam_ff  = -160.0769839291865
ccd_ff_dec_x = -0.023805151894739127
ccd_ff_dec_y = 0.04209964868563331
ccd_ff_tilt_x = 0.033470051148284434
ccd_ff_tilt_y = -0.5909851039226022
ccd_ff_tilt_z = 0.17191733484424568
d_ff_ccd  = -4.816037154549814
ccd_dec_x = 0.553293580822256
ccd_dec_y = 5.107635657643308
ccd_defocus = 0.28575661485477016
ccd_tilt_x = 0.03257762749948349
ccd_tilt_y = -0.002127270336772239
ccd_tilt_z = 4.663667010909318e-06
p = 0.0001