slit_dec_x_a = -0.181778666534
slit_dec_y_a = -0.18243150017
slit_dec_x_b = 0.14512077562974193
slit_dec_y_b = -0.05510809031835813
slit_defocus = -0.01383267596501217
slit_tilt_x = 1.0541099074230793
slit_tilt_y = -8.559991273212438
slit_tilt_z = -9.026933069179808
d_slit_col = 1594.2902301885952
coll_tilt_x = 0.12143859111130798
coll_tilt_y = -0.026515200800397553
ech_G = 31.614566848635828
ech_blaze = -74.9948866375502
ech_gamma = 1.155643656144767
echelle_z = 0.05700507871131449
d_col_trf = -1588.0163651976163
trf_mirror_tilt_x = 0.007363302190454721
trf_mirror_tilt_y = 0.15546481611909213
d_col_grm = 0.03562035200261759
grism_dec_x = 236.38322342411627
grism_dec_y = 0.009241467421107376
grm_tilt_x = -0.02350333651740445
grm_tilt_y = 2.3257895123743864
grm_G = 222.78407066346742
grm_apex = 17.766498193464862
d_grm_cam  = 21.604700068038312
cam_dec_x = -0.27114681565275156
cam_dec_y = 0.2908943804525132
cam_tilt_x = 0.012442734362869431
cam_tilt_y = 0.008879488097688275
d_cam_ff  = -160.07706360123404
ccd_ff_dec_x = -0.023800410738152596
ccd_ff_dec_y = 0.04211175603328804
ccd_ff_tilt_x = 0.033516741059531376
ccd_ff_tilt_y = -0.5909817653552177
ccd_ff_tilt_z = 0.17191261828617632
d_ff_ccd  = -4.815971294610075
ccd_dec_x = 0.5533028763371892
ccd_dec_y = 5.107631499281996
ccd_defocus = 0.28573089911872396
ccd_tilt_x = 0.03261328482281246
ccd_tilt_y = -0.0021191304124748866
ccd_tilt_z = 4.725711360080906e-06
p = 0.0001