slit_dec_x_a = -0.1704010755187174
slit_dec_y_a = -0.1956586180351446
slit_dec_x_b = 0.175
slit_dec_y_b = -1.8141023880233444e-96
slit_defocus = 0.0214137870025322
slit_tilt_x = 1.1140439042571935
slit_tilt_y = -8.538410524455163
slit_tilt_z = -8.991627744469724
d_slit_col = 1594.3100230549924
coll_tilt_x = 0.11315890870813433
coll_tilt_y = -0.028923154817282557
ech_G = 31.6132266397343
ech_blaze = -74.9748244617058
ech_gamma = 1.1389739836060222
echelle_z = 0.07476715524875537
d_col_trf = -1588.0172272555108
trf_mirror_tilt_x = 0.02631128417950451
trf_mirror_tilt_y = 0.1621819822738194
d_col_grm = -0.004850091958459634
grism_dec_x = 236.42331560945408
grism_dec_y = 0.03817415066853636
grm_tilt_x = -0.014055043033828166
grm_tilt_y = 2.3052851191896897
grm_G = 222.8240080146196
grm_apex = 17.790994051375478
d_grm_cam  = 21.609816250698305
cam_dec_x = -0.30950945310858663
cam_dec_y = 0.24731724760471296
cam_tilt_x = -0.011035608525020153
cam_tilt_y = 0.0037488022003081454
d_cam_ff  = -160.05775152296246
ccd_ff_dec_x = -0.002600325444929133
ccd_ff_dec_y = 0.05303954899040735
ccd_ff_tilt_x = 0.01955231683031071
ccd_ff_tilt_y = -0.5728066906076864
ccd_ff_tilt_z = 0.18004973943708497
d_ff_ccd  = -4.838945536398461
ccd_dec_x = 0.6214058279071527
ccd_dec_y = 5.1571526304224395
ccd_defocus = 0.28074566851656607
ccd_tilt_x = 0.00502436551244136
ccd_tilt_y = -0.010876633922254424
ccd_tilt_z = 5.100591825737127e-06
p = 0.0001