slit_dec_x_a = -0.1704010755187174
slit_dec_y_a = -0.1956586180351446
slit_dec_x_b = 0.175
slit_dec_y_b = -1.8245347081081782e-96
slit_defocus = 0.021412668520305576
slit_tilt_x = 1.113971587150357
slit_tilt_y = -8.5384273184985
slit_tilt_z = -8.99158420620497
d_slit_col = 1594.3100452017557
coll_tilt_x = 0.11316385881356748
coll_tilt_y = -0.028943585774263442
ech_G = 31.61323054950805
ech_blaze = -74.97483327506627
ech_gamma = 1.138977625628346
echelle_z = 0.07477334278719702
d_col_trf = -1588.017232286794
trf_mirror_tilt_x = 0.02623050067760648
trf_mirror_tilt_y = 0.16216786245479325
d_col_grm = -0.004783797567925028
grism_dec_x = 236.42323538741834
grism_dec_y = 0.038179135465517225
grm_tilt_x = -0.014050094531264433
grm_tilt_y = 2.3052748838612342
grm_G = 222.82399333855125
grm_apex = 17.79096760539121
d_grm_cam  = 21.60982486893991
cam_dec_x = -0.3095513900937534
cam_dec_y = 0.2472815402033517
cam_tilt_x = -0.011061903151101152
cam_tilt_y = 0.0038105130124563894
d_cam_ff  = -160.05783245493865
ccd_ff_dec_x = -0.0025983933676207707
ccd_ff_dec_y = 0.05308064864934393
ccd_ff_tilt_x = 0.0195349378369506
ccd_ff_tilt_y = -0.5727964087601572
ccd_ff_tilt_z = 0.18005445947345766
d_ff_ccd  = -4.83893217960302
ccd_dec_x = 0.6214057964246968
ccd_dec_y = 5.15714882508734
ccd_defocus = 0.28075678622716355
ccd_tilt_x = 0.0049669674163561805
ccd_tilt_y = -0.010937337015742319
ccd_tilt_z = 5.071724074879413e-06
p = 0.0001