slit_dec_x_a = -0.181778666534
slit_dec_y_a = -0.18243150017
slit_dec_x_b = 0.14512077562974193
slit_dec_y_b = -0.05510809031835813
slit_defocus = -0.013837095868592312
slit_tilt_x = 1.054027964405477
slit_tilt_y = -8.559951941213335
slit_tilt_z = -9.026851485275333
d_slit_col = 1594.290266208311
coll_tilt_x = 0.12142443845852717
coll_tilt_y = -0.026431481493233155
ech_G = 31.614561590969256
ech_blaze = -74.99488494538399
ech_gamma = 1.1556419852932738
echelle_z = 0.05700308365104474
d_col_trf = -1588.0163630309517
trf_mirror_tilt_x = 0.007265397559427592
trf_mirror_tilt_y = 0.15544844805240624
d_col_grm = 0.035634665933947526
grism_dec_x = 236.38316177827664
grism_dec_y = 0.00922589043153342
grm_tilt_x = -0.023504632913161554
grm_tilt_y = 2.3257797387431745
grm_G = 222.78406715750293
grm_apex = 17.7665448864712
d_grm_cam  = 21.60470225447679
cam_dec_x = -0.2711094352447891
cam_dec_y = 0.29090017036093363
cam_tilt_x = 0.012517915148818155
cam_tilt_y = 0.008824859729419661
d_cam_ff  = -160.07712327875146
ccd_ff_dec_x = -0.023802772450670584
ccd_ff_dec_y = 0.0420194240757485
ccd_ff_tilt_x = 0.03348061979054447
ccd_ff_tilt_y = -0.5909795115843958
ccd_ff_tilt_z = 0.1719164584243782
d_ff_ccd  = -4.815951071719741
ccd_dec_x = 0.5533051189997983
ccd_dec_y = 5.107632520570688
ccd_defocus = 0.28579876761169126
ccd_tilt_x = 0.032615683239843325
ccd_tilt_y = -0.0021553957930549937
ccd_tilt_z = 4.706102311077898e-06
p = 0.0001