slit_dec_x_a = -0.181778666534
slit_dec_y_a = -0.18243150017
slit_dec_x_b = 0.14512077562974193
slit_dec_y_b = -0.05510809031835813
slit_defocus = -0.013804695966407559
slit_tilt_x = 1.0540869721721915
slit_tilt_y = -8.559968046855825
slit_tilt_z = -9.026926957834725
d_slit_col = 1594.290267757353
coll_tilt_x = 0.12145040691279772
coll_tilt_y = -0.02647289282544331
ech_G = 31.61456669278554
ech_blaze = -74.9948860154359
ech_gamma = 1.1556416927839126
echelle_z = 0.05700237419813016
d_col_trf = -1588.016367684899
trf_mirror_tilt_x = 0.007336637238397185
trf_mirror_tilt_y = 0.1554326757753196
d_col_grm = 0.03564161261930932
grism_dec_x = 236.3832120832022
grism_dec_y = 0.009233983061558178
grm_tilt_x = -0.023510848298427207
grm_tilt_y = 2.3257847357445534
grm_G = 222.78407608391728
grm_apex = 17.76649617561187
d_grm_cam  = 21.604701658485236
cam_dec_x = -0.27107123498505986
cam_dec_y = 0.29085360790936304
cam_tilt_x = 0.012516927733540321
cam_tilt_y = 0.008862734167943346
d_cam_ff  = -160.0768689110783
ccd_ff_dec_x = -0.023799440434568414
ccd_ff_dec_y = 0.04198698207858696
ccd_ff_tilt_x = 0.03346562131599911
ccd_ff_tilt_y = -0.5909843466112484
ccd_ff_tilt_z = 0.1719182850131255
d_ff_ccd  = -4.815948619452097
ccd_dec_x = 0.5532979984194528
ccd_dec_y = 5.107632899237585
ccd_defocus = 0.28576663292291293
ccd_tilt_x = 0.03254448344674532
ccd_tilt_y = -0.0021613432335353573
ccd_tilt_z = 4.704847437284702e-06
p = 0.0001