slit_dec_x_a = -0.181778666534
slit_dec_y_a = -0.18243150017
slit_dec_x_b = 0.14512077562974193
slit_dec_y_b = -0.05510809031835813
slit_defocus = -0.013741603381200168
slit_tilt_x = 1.0540567147867048
slit_tilt_y = -8.560000292174454
slit_tilt_z = -9.026973246510716
d_slit_col = 1594.2903099128846
coll_tilt_x = 0.12140661631720696
coll_tilt_y = -0.026479589562152947
ech_G = 31.614568528327432
ech_blaze = -74.99488147514148
ech_gamma = 1.1556349313052008
echelle_z = 0.057007270002031436
d_col_trf = -1588.0163645123362
trf_mirror_tilt_x = 0.007305917811270313
trf_mirror_tilt_y = 0.15543312676236987
d_col_grm = 0.03563573087798313
grism_dec_x = 236.3831857434986
grism_dec_y = 0.00927494669921258
grm_tilt_x = -0.023509227969223806
grm_tilt_y = 2.325787151102264
grm_G = 222.78406036611477
grm_apex = 17.7665211064991
d_grm_cam  = 21.604704850001216
cam_dec_x = -0.2711454340695978
cam_dec_y = 0.29088928116971513
cam_tilt_x = 0.012425616554881171
cam_tilt_y = 0.008868038972755976
d_cam_ff  = -160.07711201523912
ccd_ff_dec_x = -0.023804572205000003
ccd_ff_dec_y = 0.04205061569349307
ccd_ff_tilt_x = 0.03354781286704819
ccd_ff_tilt_y = -0.5909776056291892
ccd_ff_tilt_z = 0.17192120670332597
d_ff_ccd  = -4.816029344646923
ccd_dec_x = 0.5532997093099643
ccd_dec_y = 5.107622944272189
ccd_defocus = 0.28575461441191824
ccd_tilt_x = 0.03264313143480605
ccd_tilt_y = -0.002187875262952071
ccd_tilt_z = 4.664772808117792e-06
p = 0.0001