slit_dec_x_a = -0.1704010755187174
slit_dec_y_a = -0.1956586180351446
slit_dec_x_b = 0.175
slit_dec_y_b = -1.8274408806561476e-96
slit_defocus = 0.02137691696552517
slit_tilt_x = 1.1140020831980757
slit_tilt_y = -8.5384271569122
slit_tilt_z = -8.99172314896693
d_slit_col = 1594.3099487485388
coll_tilt_x = 0.11319642557680294
coll_tilt_y = -0.028881196428028326
ech_G = 31.61323625055294
ech_blaze = -74.9748314817611
ech_gamma = 1.1389771000419082
echelle_z = 0.07477590229198419
d_col_trf = -1588.017222334344
trf_mirror_tilt_x = 0.026372675849655025
trf_mirror_tilt_y = 0.16228114853889586
d_col_grm = -0.004825114201511672
grism_dec_x = 236.4232954158058
grism_dec_y = 0.038122525127973296
grm_tilt_x = -0.014055463195355302
grm_tilt_y = 2.3052743812638283
grm_G = 222.82400944722903
grm_apex = 17.79105323630231
d_grm_cam  = 21.609818806884068
cam_dec_x = -0.30954683110998127
cam_dec_y = 0.24725436732567635
cam_tilt_x = -0.011037478033808541
cam_tilt_y = 0.003789871676453172
d_cam_ff  = -160.0575097468279
ccd_ff_dec_x = -0.0026048954536696815
ccd_ff_dec_y = 0.05299773243807054
ccd_ff_tilt_x = 0.01952884516334286
ccd_ff_tilt_y = -0.5727980269493147
ccd_ff_tilt_z = 0.1800571316401501
d_ff_ccd  = -4.838946605401261
ccd_dec_x = 0.6213994986206747
ccd_dec_y = 5.157145344121628
ccd_defocus = 0.2807770462805661
ccd_tilt_x = 0.005056146779874691
ccd_tilt_y = -0.01082607826997826
ccd_tilt_z = 5.100716173545144e-06
p = 0.0001