slit_dec_x_a = -0.181778666534
slit_dec_y_a = -0.18243150017
slit_dec_x_b = 0.14512077562974193
slit_dec_y_b = -0.05510809031835813
slit_defocus = -0.013762964342023726
slit_tilt_x = 1.0540630891364553
slit_tilt_y = -8.559923472176065
slit_tilt_z = -9.026888988797817
d_slit_col = 1594.290300194507
coll_tilt_x = 0.12142168427759496
coll_tilt_y = -0.026459812292283672
ech_G = 31.6145650957149
ech_blaze = -74.9948936473019
ech_gamma = 1.1556379657803617
echelle_z = 0.057002530273229574
d_col_trf = -1588.0163570198445
trf_mirror_tilt_x = 0.007306195938313933
trf_mirror_tilt_y = 0.15548159400774111
d_col_grm = 0.03560250028814796
grism_dec_x = 236.38322465930528
grism_dec_y = 0.009240379323126033
grm_tilt_x = -0.023503623468963578
grm_tilt_y = 2.3257881762736172
grm_G = 222.78407088643362
grm_apex = 17.76652721604501
d_grm_cam  = 21.604704248229545
cam_dec_x = -0.27109605675503423
cam_dec_y = 0.290927180669909
cam_tilt_x = 0.01245451848072308
cam_tilt_y = 0.008798100627743919
d_cam_ff  = -160.0771972816628
ccd_ff_dec_x = -0.023801281660560183
ccd_ff_dec_y = 0.04210756364517175
ccd_ff_tilt_x = 0.033437215011944056
ccd_ff_tilt_y = -0.5909800280153996
ccd_ff_tilt_z = 0.17191416085060393
d_ff_ccd  = -4.815991856435009
ccd_dec_x = 0.5532985305087732
ccd_dec_y = 5.107627551083753
ccd_defocus = 0.2858269403173579
ccd_tilt_x = 0.032568809815635424
ccd_tilt_y = -0.0022526267626666297
ccd_tilt_z = 4.746949519999253e-06
p = 0.0001