slit_dec_x_a = -0.181778666534
slit_dec_y_a = -0.18243150017
slit_dec_x_b = 0.14512077562974193
slit_dec_y_b = -0.05510809031835813
slit_defocus = -0.013791683920781235
slit_tilt_x = 1.0540791094110453
slit_tilt_y = -8.559955937909283
slit_tilt_z = -9.02687810264411
d_slit_col = 1594.290287109474
coll_tilt_x = 0.12139506340730666
coll_tilt_y = -0.026458857553893763
ech_G = 31.61456303085669
ech_blaze = -74.99488430575077
ech_gamma = 1.1556411949776861
echelle_z = 0.05700108301989511
d_col_trf = -1588.016368727919
trf_mirror_tilt_x = 0.007264640606750017
trf_mirror_tilt_y = 0.15547618912852448
d_col_grm = 0.03562319708369925
grism_dec_x = 236.38322104536968
grism_dec_y = 0.009214980171886765
grm_tilt_x = -0.023512235345042425
grm_tilt_y = 2.3257877671542526
grm_G = 222.7840711915764
grm_apex = 17.766492573329234
d_grm_cam  = 21.60470054815592
cam_dec_x = -0.2711426443146395
cam_dec_y = 0.29098870651003766
cam_tilt_x = 0.012440797376849664
cam_tilt_y = 0.008867913198637977
d_cam_ff  = -160.0774207491968
ccd_ff_dec_x = -0.02380741006409672
ccd_ff_dec_y = 0.042033956122060505
ccd_ff_tilt_x = 0.033546279540738744
ccd_ff_tilt_y = -0.5909852697806118
ccd_ff_tilt_z = 0.171915911903803
d_ff_ccd  = -4.815983271759525
ccd_dec_x = 0.5532965975462164
ccd_dec_y = 5.107631012262255
ccd_defocus = 0.28579052835346974
ccd_tilt_x = 0.03262197443779032
ccd_tilt_y = -0.0021378899295818425
ccd_tilt_z = 4.691493014779414e-06
p = 0.0001