slit_dec_x_a = -0.1704010755187174
slit_dec_y_a = -0.1956586180351446
slit_dec_x_b = 0.175
slit_dec_y_b = -1.7989889131497619e-96
slit_defocus = 0.02145913541712198
slit_tilt_x = 1.1140054518034745
slit_tilt_y = -8.538406833250813
slit_tilt_z = -8.991708448905296
d_slit_col = 1594.3099559297277
coll_tilt_x = 0.11316211386331915
coll_tilt_y = -0.028834917253287063
ech_G = 31.613234278465907
ech_blaze = -74.97483784624421
ech_gamma = 1.1389726183370377
echelle_z = 0.07477750003770683
d_col_trf = -1588.017225118145
trf_mirror_tilt_x = 0.026346964997882985
trf_mirror_tilt_y = 0.1621641324333715
d_col_grm = -0.004898139845223624
grism_dec_x = 236.4233377613114
grism_dec_y = 0.038179244996043575
grm_tilt_x = -0.014054168853977513
grm_tilt_y = 2.3052818877247083
grm_G = 222.8239989885283
grm_apex = 17.79106606321015
d_grm_cam  = 21.609819325795883
cam_dec_x = -0.3095493859747655
cam_dec_y = 0.24724662431060238
cam_tilt_x = -0.011070051071403212
cam_tilt_y = 0.0038206732392342116
d_cam_ff  = -160.05767522149068
ccd_ff_dec_x = -0.0026021382814538484
ccd_ff_dec_y = 0.05301496859786663
ccd_ff_tilt_x = 0.019492382219020426
ccd_ff_tilt_y = -0.5728034490004408
ccd_ff_tilt_z = 0.18004939794191246
d_ff_ccd  = -4.838928964586694
ccd_dec_x = 0.6214021311605421
ccd_dec_y = 5.1571567004983185
ccd_defocus = 0.28072635574242777
ccd_tilt_x = 0.004999840122158858
ccd_tilt_y = -0.010878131099719805
ccd_tilt_z = 5.10675307416259e-06
p = 0.0001