slit_dec_x_a = -0.1704010755187174
slit_dec_y_a = -0.1956586180351446
slit_dec_x_b = 0.175
slit_dec_y_b = -1.9187546754245195e-96
slit_defocus = 0.021424286423237307
slit_tilt_x = 1.1139529795779632
slit_tilt_y = -8.538489676075335
slit_tilt_z = -8.99165449128297
d_slit_col = 1594.3100277016047
coll_tilt_x = 0.11318948898671043
coll_tilt_y = -0.028942269951940495
ech_G = 31.613234196055156
ech_blaze = -74.97482997111591
ech_gamma = 1.1389741777963027
echelle_z = 0.07477013465760533
d_col_trf = -1588.0172269146972
trf_mirror_tilt_x = 0.026304640589780933
trf_mirror_tilt_y = 0.16222403972664534
d_col_grm = -0.004921278506913737
grism_dec_x = 236.42331303718078
grism_dec_y = 0.038115292016433905
grm_tilt_x = -0.014054056664968015
grm_tilt_y = 2.305272846164177
grm_G = 222.82399823271035
grm_apex = 17.79100154274294
d_grm_cam  = 21.60981729142062
cam_dec_x = -0.30948651302662555
cam_dec_y = 0.2472935191144556
cam_tilt_x = -0.011071774999475552
cam_tilt_y = 0.0037940590871293443
d_cam_ff  = -160.0577486304655
ccd_ff_dec_x = -0.0026010741433421655
ccd_ff_dec_y = 0.0530335979938494
ccd_ff_tilt_x = 0.019495997638025703
ccd_ff_tilt_y = -0.5727963148108538
ccd_ff_tilt_z = 0.1800513196109878
d_ff_ccd  = -4.838926590941784
ccd_dec_x = 0.621408087548387
ccd_dec_y = 5.15714867346041
ccd_defocus = 0.28075278876676596
ccd_tilt_x = 0.005026586555168009
ccd_tilt_y = -0.010888163460589996
ccd_tilt_z = 5.132763191188182e-06
p = 0.0001