slit_dec_x_a = -0.1704010755187174
slit_dec_y_a = -0.1956586180351446
slit_dec_x_b = 0.175
slit_dec_y_b = -1.7814195969255905e-96
slit_defocus = 0.021350602193273477
slit_tilt_x = 1.1140028937416262
slit_tilt_y = -8.538478544096147
slit_tilt_z = -8.991598320359751
d_slit_col = 1594.310018863836
coll_tilt_x = 0.11318209800353554
coll_tilt_y = -0.02879790533555054
ech_G = 31.613235708608283
ech_blaze = -74.9748309148151
ech_gamma = 1.1389727790211266
echelle_z = 0.07477405274006595
d_col_trf = -1588.0172325751344
trf_mirror_tilt_x = 0.026243784989268024
trf_mirror_tilt_y = 0.16223805751051368
d_col_grm = -0.004860792693928948
grism_dec_x = 236.42333837941646
grism_dec_y = 0.03817819038175847
grm_tilt_x = -0.01404978082182227
grm_tilt_y = 2.3052764780801294
grm_G = 222.82400420617492
grm_apex = 17.791030504498405
d_grm_cam  = 21.609821278790083
cam_dec_x = -0.3095573802671065
cam_dec_y = 0.2472558903588308
cam_tilt_x = -0.011065199017784171
cam_tilt_y = 0.0037978941919614814
d_cam_ff  = -160.05778169402623
ccd_ff_dec_x = -0.002599074308248965
ccd_ff_dec_y = 0.052969388997940965
ccd_ff_tilt_x = 0.01951162179204983
ccd_ff_tilt_y = -0.5727992465751091
ccd_ff_tilt_z = 0.1800568440517328
d_ff_ccd  = -4.838943471659218
ccd_dec_x = 0.6214072514706247
ccd_dec_y = 5.157149210763206
ccd_defocus = 0.28075590241321935
ccd_tilt_x = 0.004999422401606876
ccd_tilt_y = -0.010931916515071766
ccd_tilt_z = 5.123563106485078e-06
p = 0.0001