slit_dec_x_a = -0.181778666534
slit_dec_y_a = -0.18243150017
slit_dec_x_b = 0.14512077562974193
slit_dec_y_b = -0.05510809031835813
slit_defocus = -0.01369986417202934
slit_tilt_x = 1.0540302206645185
slit_tilt_y = -8.55995742144762
slit_tilt_z = -9.026833581256211
d_slit_col = 1594.2902236922619
coll_tilt_x = 0.12146732356042356
coll_tilt_y = -0.026463613925993706
ech_G = 31.614566565763955
ech_blaze = -74.99488557959243
ech_gamma = 1.155645415322004
echelle_z = 0.05700030481978326
d_col_trf = -1588.0163756845611
trf_mirror_tilt_x = 0.007341375647423723
trf_mirror_tilt_y = 0.15540986231345183
d_col_grm = 0.03560289949283258
grism_dec_x = 236.38325369391507
grism_dec_y = 0.009227590690703238
grm_tilt_x = -0.0235020986294841
grm_tilt_y = 2.3257857092800993
grm_G = 222.78406971815622
grm_apex = 17.766505877448914
d_grm_cam  = 21.604700188540175
cam_dec_x = -0.27114393120758584
cam_dec_y = 0.290904366759855
cam_tilt_x = 0.012461229379993376
cam_tilt_y = 0.008861535419808997
d_cam_ff  = -160.07708744312896
ccd_ff_dec_x = -0.023807226802286925
ccd_ff_dec_y = 0.04199914940131929
ccd_ff_tilt_x = 0.03351769969609516
ccd_ff_tilt_y = -0.5909807452856782
ccd_ff_tilt_z = 0.171921749405597
d_ff_ccd  = -4.816016111554268
ccd_dec_x = 0.5532909046732533
ccd_dec_y = 5.107626794220935
ccd_defocus = 0.28580829948808323
ccd_tilt_x = 0.032577900520727815
ccd_tilt_y = -0.002116199261433794
ccd_tilt_z = 4.700988990894739e-06
p = 0.0001