slit_dec_x_a = -0.181778666534
slit_dec_y_a = -0.18243150017
slit_dec_x_b = 0.14512077562974193
slit_dec_y_b = -0.05510809031835813
slit_defocus = -0.013758740691746261
slit_tilt_x = 1.0541879239368415
slit_tilt_y = -8.559930574736372
slit_tilt_z = -9.02692939602611
d_slit_col = 1594.2902941279108
coll_tilt_x = 0.12147868499612628
coll_tilt_y = -0.026455715944315606
ech_G = 31.614565746000384
ech_blaze = -74.99488973760712
ech_gamma = 1.1556347774347122
echelle_z = 0.05700049457455522
d_col_trf = -1588.0163643521992
trf_mirror_tilt_x = 0.0073506177950338385
trf_mirror_tilt_y = 0.1554419638691414
d_col_grm = 0.03566678224792943
grism_dec_x = 236.38322875105865
grism_dec_y = 0.00921835376263187
grm_tilt_x = -0.023505435597276855
grm_tilt_y = 2.3257886278552244
grm_G = 222.7840741364728
grm_apex = 17.76648419274781
d_grm_cam  = 21.604697485245705
cam_dec_x = -0.27114036802495983
cam_dec_y = 0.29083766798189004
cam_tilt_x = 0.012508471120758737
cam_tilt_y = 0.00879014835190737
d_cam_ff  = -160.07691280397853
ccd_ff_dec_x = -0.023805896001491664
ccd_ff_dec_y = 0.04205294598639901
ccd_ff_tilt_x = 0.03346992371196845
ccd_ff_tilt_y = -0.5909784830603292
ccd_ff_tilt_z = 0.17192098094131547
d_ff_ccd  = -4.81597160656138
ccd_dec_x = 0.5533091469131436
ccd_dec_y = 5.10763056495431
ccd_defocus = 0.285776296201899
ccd_tilt_x = 0.03263833761618016
ccd_tilt_y = -0.002190805261779548
ccd_tilt_z = 4.684591552982916e-06
p = 0.0001