slit_dec_x_a = -0.181778666534
slit_dec_y_a = -0.18243150017
slit_dec_x_b = 0.14512077562974193
slit_dec_y_b = -0.05510809031835813
slit_defocus = -0.013779159683067602
slit_tilt_x = 1.0540944853265477
slit_tilt_y = -8.559984722090984
slit_tilt_z = -9.026883572417423
d_slit_col = 1594.2903371876487
coll_tilt_x = 0.12143602511920436
coll_tilt_y = -0.026487089965481166
ech_G = 31.614565712894105
ech_blaze = -74.99488889727438
ech_gamma = 1.1556406232655247
echelle_z = 0.057003191475859555
d_col_trf = -1588.0163623539154
trf_mirror_tilt_x = 0.007244666491109553
trf_mirror_tilt_y = 0.1554197165552852
d_col_grm = 0.035624072303929055
grism_dec_x = 236.38323733217536
grism_dec_y = 0.009221739097335301
grm_tilt_x = -0.02350466583175068
grm_tilt_y = 2.325793173053198
grm_G = 222.78407602159353
grm_apex = 17.76659013742029
d_grm_cam  = 21.60470337382992
cam_dec_x = -0.2710342863674329
cam_dec_y = 0.29086666021363333
cam_tilt_x = 0.012470073399501683
cam_tilt_y = 0.00886286347926294
d_cam_ff  = -160.07736642491787
ccd_ff_dec_x = -0.023809718966520333
ccd_ff_dec_y = 0.04205786931968512
ccd_ff_tilt_x = 0.03346437130448347
ccd_ff_tilt_y = -0.5909801947481007
ccd_ff_tilt_z = 0.17192641202039685
d_ff_ccd  = -4.816030632410007
ccd_dec_x = 0.5532974932147449
ccd_dec_y = 5.10763887255381
ccd_defocus = 0.2856990794959619
ccd_tilt_x = 0.03258126202343591
ccd_tilt_y = -0.002210388920031773
ccd_tilt_z = 4.70938714606122e-06
p = 0.0001