slit_dec_x_a = -0.181778666534
slit_dec_y_a = -0.18243150017
slit_dec_x_b = 0.14512077562974193
slit_dec_y_b = -0.05510809031835813
slit_defocus = -0.013812851173695236
slit_tilt_x = 1.054081878033407
slit_tilt_y = -8.55996800989813
slit_tilt_z = -9.026851760906045
d_slit_col = 1594.2902807358375
coll_tilt_x = 0.1214286966509524
coll_tilt_y = -0.02658247722042767
ech_G = 31.614562065613242
ech_blaze = -74.99488507293407
ech_gamma = 1.1556436182499277
echelle_z = 0.057004148319818475
d_col_trf = -1588.0163666483554
trf_mirror_tilt_x = 0.007313662310272968
trf_mirror_tilt_y = 0.15543742507458375
d_col_grm = 0.0357083771341237
grism_dec_x = 236.3832299453083
grism_dec_y = 0.00924381740412281
grm_tilt_x = -0.023503365457908404
grm_tilt_y = 2.3257876648703517
grm_G = 222.78407007628553
grm_apex = 17.766467261791426
d_grm_cam  = 21.604693247244363
cam_dec_x = -0.27113384390104234
cam_dec_y = 0.2908724451154604
cam_tilt_x = 0.0124439070843344
cam_tilt_y = 0.008832724263891393
d_cam_ff  = -160.07687538497743
ccd_ff_dec_x = -0.023798721566513855
ccd_ff_dec_y = 0.04207773780717505
ccd_ff_tilt_x = 0.033516585716664105
ccd_ff_tilt_y = -0.5909804204388137
ccd_ff_tilt_z = 0.1719164672217115
d_ff_ccd  = -4.816011926454648
ccd_dec_x = 0.5532964462965975
ccd_dec_y = 5.107631157131068
ccd_defocus = 0.28575528585179943
ccd_tilt_x = 0.032496534129959086
ccd_tilt_y = -0.002154317384684778
ccd_tilt_z = 4.6976936309516634e-06
p = 0.0001