slit_dec_x_a = -0.181778666534
slit_dec_y_a = -0.18243150017
slit_dec_x_b = 0.14512077562974193
slit_dec_y_b = -0.05510809031835813
slit_defocus = -0.013806521272296134
slit_tilt_x = 1.0541133551393382
slit_tilt_y = -8.559984045473955
slit_tilt_z = -9.026826372731474
d_slit_col = 1594.290272614116
coll_tilt_x = 0.1214096332735449
coll_tilt_y = -0.02649761847804434
ech_G = 31.614562985624882
ech_blaze = -74.99488865709645
ech_gamma = 1.1556426021703015
echelle_z = 0.05701374487232174
d_col_trf = -1588.0163631758621
trf_mirror_tilt_x = 0.0073314625493442285
trf_mirror_tilt_y = 0.15533617563965252
d_col_grm = 0.03561879049385496
grism_dec_x = 236.3832511646194
grism_dec_y = 0.009228696570266563
grm_tilt_x = -0.023513796257424516
grm_tilt_y = 2.3257886512039896
grm_G = 222.7840741366139
grm_apex = 17.766581635521376
d_grm_cam  = 21.604703819791915
cam_dec_x = -0.2711324402364046
cam_dec_y = 0.2909275845718251
cam_tilt_x = 0.012432801686813415
cam_tilt_y = 0.00887717786513336
d_cam_ff  = -160.07719167002256
ccd_ff_dec_x = -0.023801781395777835
ccd_ff_dec_y = 0.04204559332658622
ccd_ff_tilt_x = 0.03345166261147336
ccd_ff_tilt_y = -0.5909814374383268
ccd_ff_tilt_z = 0.17191939085276423
d_ff_ccd  = -4.816004408871887
ccd_dec_x = 0.5532978271046481
ccd_dec_y = 5.107635011232488
ccd_defocus = 0.2858225730436813
ccd_tilt_x = 0.032606041970605695
ccd_tilt_y = -0.0021359225066893426
ccd_tilt_z = 4.71242012447315e-06
p = 0.0001