slit_dec_x_a = -0.181778666534
slit_dec_y_a = -0.18243150017
slit_dec_x_b = 0.14512077562974193
slit_dec_y_b = -0.05510809031835813
slit_defocus = -0.01377888866422156
slit_tilt_x = 1.0540655229529916
slit_tilt_y = -8.559992284397866
slit_tilt_z = -9.02681162248706
d_slit_col = 1594.2903252298117
coll_tilt_x = 0.12145586756323228
coll_tilt_y = -0.02654388249435119
ech_G = 31.614563107528124
ech_blaze = -74.99488414492097
ech_gamma = 1.1556444018143757
echelle_z = 0.05700567193915718
d_col_trf = -1588.0163598621002
trf_mirror_tilt_x = 0.007329168225977007
trf_mirror_tilt_y = 0.15548625583849815
d_col_grm = 0.03565106438547234
grism_dec_x = 236.38316825456263
grism_dec_y = 0.009245869308812611
grm_tilt_x = -0.023506119392731332
grm_tilt_y = 2.3257831413688144
grm_G = 222.78406755178403
grm_apex = 17.76649279375465
d_grm_cam  = 21.60469773500272
cam_dec_x = -0.27110394621269956
cam_dec_y = 0.2908701719775456
cam_tilt_x = 0.01251721729163122
cam_tilt_y = 0.008814479925953625
d_cam_ff  = -160.07716960070212
ccd_ff_dec_x = -0.02380468970319984
ccd_ff_dec_y = 0.04203384682909605
ccd_ff_tilt_x = 0.03350410448075487
ccd_ff_tilt_y = -0.5909784907796902
ccd_ff_tilt_z = 0.1719140908665185
d_ff_ccd  = -4.816013080545789
ccd_dec_x = 0.5532932649940913
ccd_dec_y = 5.107634870855738
ccd_defocus = 0.28578784459103096
ccd_tilt_x = 0.032602652364710584
ccd_tilt_y = -0.002183187300796004
ccd_tilt_z = 4.682761845396191e-06
p = 0.0001