slit_dec_x_a = -0.181778666534
slit_dec_y_a = -0.18243150017
slit_dec_x_b = 0.14512077562974193
slit_dec_y_b = -0.05510809031835813
slit_defocus = -0.013745384885938051
slit_tilt_x = 1.054130442293258
slit_tilt_y = -8.559994592039388
slit_tilt_z = -9.02696112361476
d_slit_col = 1594.2902783771103
coll_tilt_x = 0.12143005738200746
coll_tilt_y = -0.026450260206629186
ech_G = 31.61456760793062
ech_blaze = -74.99489378195705
ech_gamma = 1.1556382673023802
echelle_z = 0.057009158576097715
d_col_trf = -1588.0163589106005
trf_mirror_tilt_x = 0.007283295152985807
trf_mirror_tilt_y = 0.1554416105347809
d_col_grm = 0.035627394719744306
grism_dec_x = 236.38321319006263
grism_dec_y = 0.009230188045857285
grm_tilt_x = -0.023508479481055784
grm_tilt_y = 2.3257906961252797
grm_G = 222.7840712818497
grm_apex = 17.766487750992283
d_grm_cam  = 21.60469346535673
cam_dec_x = -0.27111251308355144
cam_dec_y = 0.2909246331828375
cam_tilt_x = 0.012479492955228499
cam_tilt_y = 0.008798697838831858
d_cam_ff  = -160.07677382795873
ccd_ff_dec_x = -0.023802263047813268
ccd_ff_dec_y = 0.04202490981096805
ccd_ff_tilt_x = 0.03346934974689667
ccd_ff_tilt_y = -0.5909843760190049
ccd_ff_tilt_z = 0.1719176995497177
d_ff_ccd  = -4.815961819488947
ccd_dec_x = 0.5532882754286527
ccd_dec_y = 5.107636570738175
ccd_defocus = 0.28574208468046924
ccd_tilt_x = 0.032527926439682435
ccd_tilt_y = -0.0020886653624700197
ccd_tilt_z = 4.713163704132352e-06
p = 0.0001