slit_dec_x_a = -0.181778666534
slit_dec_y_a = -0.18243150017
slit_dec_x_b = 0.14512077562974193
slit_dec_y_b = -0.05510809031835813
slit_defocus = -0.013758663228760926
slit_tilt_x = 1.0541127640620183
slit_tilt_y = -8.559994721510124
slit_tilt_z = -9.026876378348884
d_slit_col = 1594.2903067215814
coll_tilt_x = 0.12138876358254087
coll_tilt_y = -0.026533606609613746
ech_G = 31.61456571871147
ech_blaze = -74.99488448865205
ech_gamma = 1.1556434418599706
echelle_z = 0.05700591373730627
d_col_trf = -1588.016371632928
trf_mirror_tilt_x = 0.00726782930595005
trf_mirror_tilt_y = 0.15547098212899335
d_col_grm = 0.03571855320067569
grism_dec_x = 236.383225290531
grism_dec_y = 0.009244346715701235
grm_tilt_x = -0.023513375183623467
grm_tilt_y = 2.3257943752775208
grm_G = 222.78406249172207
grm_apex = 17.76649747695689
d_grm_cam  = 21.604699819458535
cam_dec_x = -0.2710923889700315
cam_dec_y = 0.2908840071762211
cam_tilt_x = 0.012417719381357722
cam_tilt_y = 0.008851399050197991
d_cam_ff  = -160.07741798033038
ccd_ff_dec_x = -0.0237965161022892
ccd_ff_dec_y = 0.042047724401747276
ccd_ff_tilt_x = 0.033508244695347834
ccd_ff_tilt_y = -0.5909781620042853
ccd_ff_tilt_z = 0.17191491160689656
d_ff_ccd  = -4.815993329354743
ccd_dec_x = 0.5532883224610821
ccd_dec_y = 5.107635415485458
ccd_defocus = 0.28572632498009753
ccd_tilt_x = 0.032590559638610885
ccd_tilt_y = -0.002144785014530209
ccd_tilt_z = 4.680843562136198e-06
p = 0.0001