slit_dec_x_a = -0.181778666534
slit_dec_y_a = -0.18243150017
slit_dec_x_b = 0.14512077562974193
slit_dec_y_b = -0.05510809031835813
slit_defocus = -0.013736273065630274
slit_tilt_x = 1.0541499355563995
slit_tilt_y = -8.560000934827485
slit_tilt_z = -9.026871345219766
d_slit_col = 1594.290360200263
coll_tilt_x = 0.12138118959528732
coll_tilt_y = -0.026510304621724497
ech_G = 31.614561796279432
ech_blaze = -74.99488490375664
ech_gamma = 1.155641521845252
echelle_z = 0.056997827099138164
d_col_trf = -1588.0163588397984
trf_mirror_tilt_x = 0.007295310944645501
trf_mirror_tilt_y = 0.15549734658019235
d_col_grm = 0.035612219014391926
grism_dec_x = 236.38322745795054
grism_dec_y = 0.009225757436157412
grm_tilt_x = -0.023508193575941742
grm_tilt_y = 2.3257914066063834
grm_G = 222.78406783492844
grm_apex = 17.766524164424336
d_grm_cam  = 21.604695684664684
cam_dec_x = -0.27112680867990996
cam_dec_y = 0.2908838381960062
cam_tilt_x = 0.012436595338805473
cam_tilt_y = 0.008852135888800051
d_cam_ff  = -160.07735905352175
ccd_ff_dec_x = -0.023797620359792996
ccd_ff_dec_y = 0.04203901178923393
ccd_ff_tilt_x = 0.03347444830501185
ccd_ff_tilt_y = -0.5909820990184369
ccd_ff_tilt_z = 0.17192080255969322
d_ff_ccd  = -4.815959704185261
ccd_dec_x = 0.5532993458374108
ccd_dec_y = 5.107631345609549
ccd_defocus = 0.2857636579855707
ccd_tilt_x = 0.0325680103123034
ccd_tilt_y = -0.002128026904135447
ccd_tilt_z = 4.7021775449346275e-06
p = 0.0001