slit_dec_x_a = -0.181778666534
slit_dec_y_a = -0.18243150017
slit_dec_x_b = 0.14512077562974193
slit_dec_y_b = -0.05510809031835813
slit_defocus = -0.013855606406624582
slit_tilt_x = 1.0540955293554932
slit_tilt_y = -8.559996085637382
slit_tilt_z = -9.026883361430357
d_slit_col = 1594.290230326055
coll_tilt_x = 0.12140090580501013
coll_tilt_y = -0.026475505408166688
ech_G = 31.614566578955298
ech_blaze = -74.99489001621994
ech_gamma = 1.1556464931028256
echelle_z = 0.0570075797455832
d_col_trf = -1588.01636110288
trf_mirror_tilt_x = 0.007270812185411365
trf_mirror_tilt_y = 0.15543188456843995
d_col_grm = 0.035617094306026116
grism_dec_x = 236.3832164641083
grism_dec_y = 0.009267994662629888
grm_tilt_x = -0.023503570942399087
grm_tilt_y = 2.3257879705950284
grm_G = 222.78406495230203
grm_apex = 17.766489358747336
d_grm_cam  = 21.60470258611619
cam_dec_x = -0.2710398184247636
cam_dec_y = 0.29089274370519586
cam_tilt_x = 0.012400402247709861
cam_tilt_y = 0.00882852979781307
d_cam_ff  = -160.07710840293973
ccd_ff_dec_x = -0.023805891359877585
ccd_ff_dec_y = 0.04202366930885666
ccd_ff_tilt_x = 0.03347195651394794
ccd_ff_tilt_y = -0.5909814832453736
ccd_ff_tilt_z = 0.17191811192004627
d_ff_ccd  = -4.816000887071127
ccd_dec_x = 0.5532962150874964
ccd_dec_y = 5.107639055523694
ccd_defocus = 0.28578608121458166
ccd_tilt_x = 0.03262275471354396
ccd_tilt_y = -0.0021880691552068343
ccd_tilt_z = 4.648060374646805e-06
p = 0.0001