slit_dec_x_a = -0.181778666534
slit_dec_y_a = -0.18243150017
slit_dec_x_b = 0.14512077562974193
slit_dec_y_b = -0.05510809031835813
slit_defocus = -0.013782462917349506
slit_tilt_x = 1.054079364471848
slit_tilt_y = -8.559933007268228
slit_tilt_z = -9.026911382814232
d_slit_col = 1594.290278605792
coll_tilt_x = 0.12139756838283908
coll_tilt_y = -0.026493405949374445
ech_G = 31.61456346030847
ech_blaze = -74.9948882814863
ech_gamma = 1.15563989667574
echelle_z = 0.05700069464383007
d_col_trf = -1588.0163630592965
trf_mirror_tilt_x = 0.00725354542667961
trf_mirror_tilt_y = 0.1554552889281077
d_col_grm = 0.03568824152734955
grism_dec_x = 236.3832103311827
grism_dec_y = 0.009238058134941001
grm_tilt_x = -0.023509111205340816
grm_tilt_y = 2.3257887912484323
grm_G = 222.78407765529505
grm_apex = 17.766513349738215
d_grm_cam  = 21.6047031897551
cam_dec_x = -0.27111935844673357
cam_dec_y = 0.29090085606539723
cam_tilt_x = 0.012447933409282345
cam_tilt_y = 0.008784000996744897
d_cam_ff  = -160.07698262634668
ccd_ff_dec_x = -0.023797351571050892
ccd_ff_dec_y = 0.042009023522736354
ccd_ff_tilt_x = 0.033439835834951324
ccd_ff_tilt_y = -0.5909802421275421
ccd_ff_tilt_z = 0.17191879002547877
d_ff_ccd  = -4.816013131823887
ccd_dec_x = 0.5533055685905107
ccd_dec_y = 5.1076298258364705
ccd_defocus = 0.2857300618839619
ccd_tilt_x = 0.03259042857732215
ccd_tilt_y = -0.002150019223333001
ccd_tilt_z = 4.747625390878346e-06
p = 0.0001