slit_dec_x_a = -0.1704010755187174
slit_dec_y_a = -0.1956586180351446
slit_dec_x_b = 0.175
slit_dec_y_b = -1.7954343506507196e-96
slit_defocus = 0.02139873225078436
slit_tilt_x = 1.1140489636140816
slit_tilt_y = -8.538468146212736
slit_tilt_z = -8.991613579265717
d_slit_col = 1594.309973272614
coll_tilt_x = 0.11322668387586005
coll_tilt_y = -0.028881503848908016
ech_G = 31.613234893144348
ech_blaze = -74.97482815227637
ech_gamma = 1.1389805847972545
echelle_z = 0.0747757589139591
d_col_trf = -1588.01722634884
trf_mirror_tilt_x = 0.026394079764339183
trf_mirror_tilt_y = 0.16223041407972896
d_col_grm = -0.004833538158781384
grism_dec_x = 236.42340074543543
grism_dec_y = 0.038193549750884674
grm_tilt_x = -0.014056422717274685
grm_tilt_y = 2.3052741476072995
grm_G = 222.82400052139764
grm_apex = 17.79108093875418
d_grm_cam  = 21.60982260726071
cam_dec_x = -0.30958260768659
cam_dec_y = 0.24729064496713618
cam_tilt_x = -0.01103075507358115
cam_tilt_y = 0.0037570796840630145
d_cam_ff  = -160.05709616478904
ccd_ff_dec_x = -0.0026001471217597326
ccd_ff_dec_y = 0.05306808051041462
ccd_ff_tilt_x = 0.019534745954608992
ccd_ff_tilt_y = -0.5728109469603181
ccd_ff_tilt_z = 0.1800555184176791
d_ff_ccd  = -4.838870259728888
ccd_dec_x = 0.6214084780536019
ccd_dec_y = 5.15714653505885
ccd_defocus = 0.28074530743570325
ccd_tilt_x = 0.005040616756041793
ccd_tilt_y = -0.010930854243556396
ccd_tilt_z = 5.114813108924702e-06
p = 0.0001