slit_dec_x_a = -0.1704010755187174
slit_dec_y_a = -0.1956586180351446
slit_dec_x_b = 0.175
slit_dec_y_b = -1.8606419451645227e-96
slit_defocus = 0.02141956767432443
slit_tilt_x = 1.1139516294860796
slit_tilt_y = -8.538359415752511
slit_tilt_z = -8.991674440348092
d_slit_col = 1594.3099742862184
coll_tilt_x = 0.11320179096683851
coll_tilt_y = -0.028909843314833015
ech_G = 31.613232285140676
ech_blaze = -74.97483371472181
ech_gamma = 1.1389790082569182
echelle_z = 0.07476745470263123
d_col_trf = -1588.0172364906095
trf_mirror_tilt_x = 0.02627942854976774
trf_mirror_tilt_y = 0.16224495626331478
d_col_grm = -0.004829089273913471
grism_dec_x = 236.42333868002103
grism_dec_y = 0.03818366048808974
grm_tilt_x = -0.014051584017193555
grm_tilt_y = 2.3052796011054077
grm_G = 222.82401052889912
grm_apex = 17.791030658300357
d_grm_cam  = 21.60981463245495
cam_dec_x = -0.3094818867982476
cam_dec_y = 0.24724770761701254
cam_tilt_x = -0.010995708517442434
cam_tilt_y = 0.0037791269086915684
d_cam_ff  = -160.0573640758664
ccd_ff_dec_x = -0.002598064770592853
ccd_ff_dec_y = 0.05307198690744733
ccd_ff_tilt_x = 0.019516617970647146
ccd_ff_tilt_y = -0.5728029959695896
ccd_ff_tilt_z = 0.18004838211674026
d_ff_ccd  = -4.838955126615152
ccd_dec_x = 0.6214049618297847
ccd_dec_y = 5.157148580380251
ccd_defocus = 0.2807939281503953
ccd_tilt_x = 0.005007633290604471
ccd_tilt_y = -0.010865346353061299
ccd_tilt_z = 5.089591758362354e-06
p = 0.0001