slit_dec_x_a = -0.1704010755187174
slit_dec_y_a = -0.1956586180351446
slit_dec_x_b = 0.175
slit_dec_y_b = -1.8198085634647272e-96
slit_defocus = 0.021375254513024484
slit_tilt_x = 1.1140026247381418
slit_tilt_y = -8.538451297125988
slit_tilt_z = -8.991627043171333
d_slit_col = 1594.3099950515887
coll_tilt_x = 0.11312963332336591
coll_tilt_y = -0.02885261971874247
ech_G = 31.613229784402808
ech_blaze = -74.97483640905399
ech_gamma = 1.1389792265427252
echelle_z = 0.07478113920627417
d_col_trf = -1588.0172287203322
trf_mirror_tilt_x = 0.02622664530552143
trf_mirror_tilt_y = 0.16220361350418436
d_col_grm = -0.004793499865467207
grism_dec_x = 236.42337480505435
grism_dec_y = 0.038176133494586525
grm_tilt_x = -0.014051707601305264
grm_tilt_y = 2.3052793622708587
grm_G = 222.82400107242424
grm_apex = 17.790991158418823
d_grm_cam  = 21.609821464443584
cam_dec_x = -0.3095487289274296
cam_dec_y = 0.24732249631914985
cam_tilt_x = -0.011084740579940452
cam_tilt_y = 0.003790318626110057
d_cam_ff  = -160.0573751361731
ccd_ff_dec_x = -0.0025946081514517196
ccd_ff_dec_y = 0.052954530629265986
ccd_ff_tilt_x = 0.019539628206917417
ccd_ff_tilt_y = -0.5728108235014914
ccd_ff_tilt_z = 0.18005068859029574
d_ff_ccd  = -4.838952693126467
ccd_dec_x = 0.6213995105520198
ccd_dec_y = 5.1571512611728565
ccd_defocus = 0.28074994365888717
ccd_tilt_x = 0.005037901027087893
ccd_tilt_y = -0.010933304103481225
ccd_tilt_z = 5.135780394969847e-06
p = 0.0001