slit_dec_x_a = -0.181778666534
slit_dec_y_a = -0.18243150017
slit_dec_x_b = 0.14512077562974193
slit_dec_y_b = -0.05510809031835813
slit_defocus = -0.013794011093079579
slit_tilt_x = 1.0540778275001603
slit_tilt_y = -8.560007425790683
slit_tilt_z = -9.026847969190477
d_slit_col = 1594.2903371690668
coll_tilt_x = 0.1215081429872326
coll_tilt_y = -0.026538627368459865
ech_G = 31.614562942746634
ech_blaze = -74.99488026107666
ech_gamma = 1.1556452826397219
echelle_z = 0.05700390966513614
d_col_trf = -1588.016365255498
trf_mirror_tilt_x = 0.007274270758655432
trf_mirror_tilt_y = 0.15546905353320867
d_col_grm = 0.03566080396061734
grism_dec_x = 236.38325051164674
grism_dec_y = 0.00927810158312339
grm_tilt_x = -0.023505324839086177
grm_tilt_y = 2.325790484708723
grm_G = 222.7840667955494
grm_apex = 17.766482936726327
d_grm_cam  = 21.6046947675386
cam_dec_x = -0.27104586771578154
cam_dec_y = 0.2909568198258728
cam_tilt_x = 0.012515347553676667
cam_tilt_y = 0.008848008849744383
d_cam_ff  = -160.0768552768088
ccd_ff_dec_x = -0.02380324969598153
ccd_ff_dec_y = 0.04204032740953681
ccd_ff_tilt_x = 0.033502615178211965
ccd_ff_tilt_y = -0.5909828133010848
ccd_ff_tilt_z = 0.17191920437231922
d_ff_ccd  = -4.815961392657873
ccd_dec_x = 0.5532917231251285
ccd_dec_y = 5.107630455367742
ccd_defocus = 0.2856964242695675
ccd_tilt_x = 0.03254083248474655
ccd_tilt_y = -0.0021902178337875997
ccd_tilt_z = 4.777029182778527e-06
p = 0.0001