slit_dec_x_a = -0.181778666534
slit_dec_y_a = -0.18243150017
slit_dec_x_b = 0.14512077562974193
slit_dec_y_b = -0.05510809031835813
slit_defocus = -0.013773158891856093
slit_tilt_x = 1.0540740937267457
slit_tilt_y = -8.559994625360005
slit_tilt_z = -9.02682186880982
d_slit_col = 1594.2902892983618
coll_tilt_x = 0.12141911585614083
coll_tilt_y = -0.026507763459013314
ech_G = 31.614565005171762
ech_blaze = -74.99488787485056
ech_gamma = 1.1556423716297426
echelle_z = 0.05700213864107527
d_col_trf = -1588.0163589341491
trf_mirror_tilt_x = 0.007307472391029695
trf_mirror_tilt_y = 0.1554640650723372
d_col_grm = 0.035622296982720125
grism_dec_x = 236.3832231587759
grism_dec_y = 0.00926078665372468
grm_tilt_x = -0.023508794228702803
grm_tilt_y = 2.325782628328344
grm_G = 222.78406769898743
grm_apex = 17.766539133792747
d_grm_cam  = 21.604695970019286
cam_dec_x = -0.2710772823651343
cam_dec_y = 0.29097023167985087
cam_tilt_x = 0.012408729158915182
cam_tilt_y = 0.008823771530810556
d_cam_ff  = -160.07696754107985
ccd_ff_dec_x = -0.023807690740245
ccd_ff_dec_y = 0.04211681406444175
ccd_ff_tilt_x = 0.03355246725962164
ccd_ff_tilt_y = -0.5909780551120625
ccd_ff_tilt_z = 0.17192639101992174
d_ff_ccd  = -4.816003837967436
ccd_dec_x = 0.5532937868650979
ccd_dec_y = 5.10762923023347
ccd_defocus = 0.28577750890547887
ccd_tilt_x = 0.03265207360726122
ccd_tilt_y = -0.0021435479598887774
ccd_tilt_z = 4.691583165304186e-06
p = 0.0001