slit_dec_x_a = -0.181778666534
slit_dec_y_a = -0.18243150017
slit_dec_x_b = 0.14512077562974193
slit_dec_y_b = -0.05510809031835813
slit_defocus = -0.013805147687346201
slit_tilt_x = 1.054096941980562
slit_tilt_y = -8.55995483283379
slit_tilt_z = -9.026819255488315
d_slit_col = 1594.2903385018762
coll_tilt_x = 0.12146392810580892
coll_tilt_y = -0.026550191999074983
ech_G = 31.61456356034345
ech_blaze = -74.99488534744769
ech_gamma = 1.1556469977939627
echelle_z = 0.0570019036791083
d_col_trf = -1588.016361926335
trf_mirror_tilt_x = 0.007272743431959197
trf_mirror_tilt_y = 0.1554237177139052
d_col_grm = 0.03560970556643428
grism_dec_x = 236.38320724485467
grism_dec_y = 0.009231884515432099
grm_tilt_x = -0.02351094954651577
grm_tilt_y = 2.3257853559153983
grm_G = 222.7840668697506
grm_apex = 17.766465561102567
d_grm_cam  = 21.604697343194243
cam_dec_x = -0.27113225107582983
cam_dec_y = 0.2909604354559669
cam_tilt_x = 0.012482283866559031
cam_tilt_y = 0.008893518625443244
d_cam_ff  = -160.07693625064633
ccd_ff_dec_x = -0.023803803885776027
ccd_ff_dec_y = 0.04203470798965843
ccd_ff_tilt_x = 0.033489905480300466
ccd_ff_tilt_y = -0.5909728384757389
ccd_ff_tilt_z = 0.17191930346603934
d_ff_ccd  = -4.815965139111518
ccd_dec_x = 0.5532980585288666
ccd_dec_y = 5.1076289898823095
ccd_defocus = 0.2858297407605519
ccd_tilt_x = 0.03257287817984727
ccd_tilt_y = -0.0022536491776008675
ccd_tilt_z = 4.679079602560951e-06
p = 0.0001