slit_dec_x_a = -0.1704010755187174
slit_dec_y_a = -0.1956586180351446
slit_dec_x_b = 0.175
slit_dec_y_b = -1.8120269878355725e-96
slit_defocus = 0.02140322489549405
slit_tilt_x = 1.1140530948624994
slit_tilt_y = -8.538442741317619
slit_tilt_z = -8.991647701619325
d_slit_col = 1594.3099281433704
coll_tilt_x = 0.11311166919456714
coll_tilt_y = -0.02890059775803277
ech_G = 31.613228205744836
ech_blaze = -74.97482687180577
ech_gamma = 1.1389784989504355
echelle_z = 0.0747807462679261
d_col_trf = -1588.0172327751886
trf_mirror_tilt_x = 0.02633042528417675
trf_mirror_tilt_y = 0.16222506365477848
d_col_grm = -0.00483873637662059
grism_dec_x = 236.42331794398987
grism_dec_y = 0.038191882144956314
grm_tilt_x = -0.014051804615993214
grm_tilt_y = 2.305274503469734
grm_G = 222.8240049181554
grm_apex = 17.791073297736855
d_grm_cam  = 21.609821795445338
cam_dec_x = -0.3094816211043766
cam_dec_y = 0.24729530994080207
cam_tilt_x = -0.011096082982595953
cam_tilt_y = 0.003736883941639746
d_cam_ff  = -160.05766409812125
ccd_ff_dec_x = -0.0025948846824530377
ccd_ff_dec_y = 0.05297926826180719
ccd_ff_tilt_x = 0.019612113691189207
ccd_ff_tilt_y = -0.5728130385477243
ccd_ff_tilt_z = 0.180048135017432
d_ff_ccd  = -4.838891759641402
ccd_dec_x = 0.6214038909901346
ccd_dec_y = 5.15715179886039
ccd_defocus = 0.28075910228389067
ccd_tilt_x = 0.005086980200815384
ccd_tilt_y = -0.010943605427238535
ccd_tilt_z = 5.0587952424678934e-06
p = 0.0001