slit_dec_x_a = -0.1704010755187174
slit_dec_y_a = -0.1956586180351446
slit_dec_x_b = 0.175
slit_dec_y_b = -1.8476432852097522e-96
slit_defocus = 0.021413865640680627
slit_tilt_x = 1.1140816298985934
slit_tilt_y = -8.538440447834978
slit_tilt_z = -8.991616990966284
d_slit_col = 1594.309969223648
coll_tilt_x = 0.11315692118472748
coll_tilt_y = -0.02888114170073885
ech_G = 31.61323077479656
ech_blaze = -74.97483200388446
ech_gamma = 1.138969827783132
echelle_z = 0.0747736506092983
d_col_trf = -1588.0172304130333
trf_mirror_tilt_x = 0.026310842074337797
trf_mirror_tilt_y = 0.1622517434509166
d_col_grm = -0.004841717051745114
grism_dec_x = 236.42334799178033
grism_dec_y = 0.03816115628672814
grm_tilt_x = -0.01405022286677431
grm_tilt_y = 2.305277485555341
grm_G = 222.82399875917105
grm_apex = 17.791102397043527
d_grm_cam  = 21.60981682100013
cam_dec_x = -0.3095275446584112
cam_dec_y = 0.24724165027408132
cam_tilt_x = -0.011064198293354878
cam_tilt_y = 0.0037489069541979505
d_cam_ff  = -160.0574315009023
ccd_ff_dec_x = -0.0026005435175814246
ccd_ff_dec_y = 0.05303035022904413
ccd_ff_tilt_x = 0.019582125225054425
ccd_ff_tilt_y = -0.5728015376439567
ccd_ff_tilt_z = 0.18006088082677385
d_ff_ccd  = -4.838939693717512
ccd_dec_x = 0.6214038778755337
ccd_dec_y = 5.15715083907814
ccd_defocus = 0.280704361685422
ccd_tilt_x = 0.005110792211499154
ccd_tilt_y = -0.010905679439123857
ccd_tilt_z = 5.065945268163751e-06
p = 0.0001