slit_dec_x_a = -0.1704010755187174
slit_dec_y_a = -0.1956586180351446
slit_dec_x_b = 0.175
slit_dec_y_b = -1.9325519305046933e-96
slit_defocus = 0.021336985791689612
slit_tilt_x = 1.1140242471728432
slit_tilt_y = -8.538401002850467
slit_tilt_z = -8.99167837533201
d_slit_col = 1594.3099462028122
coll_tilt_x = 0.1131048448728259
coll_tilt_y = -0.02887684284902359
ech_G = 31.613229147285427
ech_blaze = -74.97483681149014
ech_gamma = 1.1389730242044638
echelle_z = 0.07477037577109977
d_col_trf = -1588.0172303913675
trf_mirror_tilt_x = 0.02633898183330211
trf_mirror_tilt_y = 0.16220785119626135
d_col_grm = -0.004871930005681037
grism_dec_x = 236.42334790984475
grism_dec_y = 0.038136030611454964
grm_tilt_x = -0.01405886488136177
grm_tilt_y = 2.305271404578176
grm_G = 222.82400001881487
grm_apex = 17.79104495778558
d_grm_cam  = 21.609818820243465
cam_dec_x = -0.30955170893561185
cam_dec_y = 0.24726918796170158
cam_tilt_x = -0.011064124192148955
cam_tilt_y = 0.003797896515535035
d_cam_ff  = -160.05752456141016
ccd_ff_dec_x = -0.0026066462393535515
ccd_ff_dec_y = 0.05301847701085356
ccd_ff_tilt_x = 0.019513685727138918
ccd_ff_tilt_y = -0.572802180776903
ccd_ff_tilt_z = 0.18005337323062617
d_ff_ccd  = -4.838935882190692
ccd_dec_x = 0.621403835437787
ccd_dec_y = 5.157147411377697
ccd_defocus = 0.28074412481560573
ccd_tilt_x = 0.00506182587595832
ccd_tilt_y = -0.010894124760792137
ccd_tilt_z = 5.103813007102982e-06
p = 0.0001