slit_dec_x_a = -0.181778666534
slit_dec_y_a = -0.18243150017
slit_dec_x_b = 0.14512077562974193
slit_dec_y_b = -0.05510809031835813
slit_defocus = -0.013735402370569855
slit_tilt_x = 1.0541153842146815
slit_tilt_y = -8.56002311957366
slit_tilt_z = -9.02679303577534
d_slit_col = 1594.2903303174678
coll_tilt_x = 0.12141494497289235
coll_tilt_y = -0.026459764907658775
ech_G = 31.614564571370558
ech_blaze = -74.99489180770335
ech_gamma = 1.1556377775333313
echelle_z = 0.05700085076580692
d_col_trf = -1588.0163579050802
trf_mirror_tilt_x = 0.0073499900775259525
trf_mirror_tilt_y = 0.15543285554754296
d_col_grm = 0.03563136738143071
grism_dec_x = 236.38321824112631
grism_dec_y = 0.009310993331843964
grm_tilt_x = -0.02350683684033577
grm_tilt_y = 2.32578399679849
grm_G = 222.7840751065048
grm_apex = 17.766585271461036
d_grm_cam  = 21.604703639753925
cam_dec_x = -0.271049191188748
cam_dec_y = 0.29079584457214847
cam_tilt_x = 0.012453887576417409
cam_tilt_y = 0.00888879212201864
d_cam_ff  = -160.0769438066315
ccd_ff_dec_x = -0.023792618995116005
ccd_ff_dec_y = 0.04207301429584182
ccd_ff_tilt_x = 0.03343650229893736
ccd_ff_tilt_y = -0.5909816343085844
ccd_ff_tilt_z = 0.17192127406219368
d_ff_ccd  = -4.815943876145842
ccd_dec_x = 0.5532921242610993
ccd_dec_y = 5.107625604546408
ccd_defocus = 0.2857868579119299
ccd_tilt_x = 0.03264667511863763
ccd_tilt_y = -0.002184394905905901
ccd_tilt_z = 4.712048898769113e-06
p = 0.0001