slit_dec_x_a = -0.1704010755187174
slit_dec_y_a = -0.1956586180351446
slit_dec_x_b = 0.175
slit_dec_y_b = -1.8919713792531545e-96
slit_defocus = 0.02138719138038972
slit_tilt_x = 1.114055697919069
slit_tilt_y = -8.538469448314398
slit_tilt_z = -8.991563237707759
d_slit_col = 1594.3099004284256
coll_tilt_x = 0.11321002888309853
coll_tilt_y = -0.028884446687965866
ech_G = 31.613233588040284
ech_blaze = -74.9748346673858
ech_gamma = 1.1389703850782662
echelle_z = 0.07477159248927821
d_col_trf = -1588.0172283274017
trf_mirror_tilt_x = 0.02632061690437077
trf_mirror_tilt_y = 0.162203557972096
d_col_grm = -0.00486967801891886
grism_dec_x = 236.42330646184033
grism_dec_y = 0.03816029997286389
grm_tilt_x = -0.014048131147575431
grm_tilt_y = 2.305282434118997
grm_G = 222.82400270868797
grm_apex = 17.79097035699277
d_grm_cam  = 21.609818344202232
cam_dec_x = -0.3095439708447481
cam_dec_y = 0.2473132056097026
cam_tilt_x = -0.010970835851241824
cam_tilt_y = 0.003808392620915732
d_cam_ff  = -160.0576333223041
ccd_ff_dec_x = -0.0026067127282166504
ccd_ff_dec_y = 0.053061401959433464
ccd_ff_tilt_x = 0.01953523144024067
ccd_ff_tilt_y = -0.57279799055812
ccd_ff_tilt_z = 0.18004965852356883
d_ff_ccd  = -4.838898713608765
ccd_dec_x = 0.6214051483636472
ccd_dec_y = 5.157146662461751
ccd_defocus = 0.2807722772644449
ccd_tilt_x = 0.005040044234449743
ccd_tilt_y = -0.010877216647289972
ccd_tilt_z = 5.084005177620462e-06
p = 0.0001