slit_dec_x_a = -0.181778666534
slit_dec_y_a = -0.18243150017
slit_dec_x_b = 0.14512077562974193
slit_dec_y_b = -0.05510809031835813
slit_defocus = -0.013793417539797178
slit_tilt_x = 1.0540778376696143
slit_tilt_y = -8.560019310097374
slit_tilt_z = -9.026929642121425
d_slit_col = 1594.2903565112333
coll_tilt_x = 0.12142251931937817
coll_tilt_y = -0.02646243236476715
ech_G = 31.614565158084886
ech_blaze = -74.99489434997896
ech_gamma = 1.155638049715677
echelle_z = 0.057008405860489116
d_col_trf = -1588.0163612676513
trf_mirror_tilt_x = 0.007367742102272018
trf_mirror_tilt_y = 0.15547762447636093
d_col_grm = 0.03565052461810987
grism_dec_x = 236.38319854895286
grism_dec_y = 0.009221501928238618
grm_tilt_x = -0.023509001187311532
grm_tilt_y = 2.3257890067453015
grm_G = 222.784072287346
grm_apex = 17.766537437695835
d_grm_cam  = 21.60470207575462
cam_dec_x = -0.2711004753992912
cam_dec_y = 0.29090231599779337
cam_tilt_x = 0.012468083432773256
cam_tilt_y = 0.008813542283053678
d_cam_ff  = -160.07707840244422
ccd_ff_dec_x = -0.023805964843776208
ccd_ff_dec_y = 0.042074518588045
ccd_ff_tilt_x = 0.0334916243326694
ccd_ff_tilt_y = -0.5909812028740097
ccd_ff_tilt_z = 0.17192110017063128
d_ff_ccd  = -4.815967827383296
ccd_dec_x = 0.5533022537397874
ccd_dec_y = 5.107630284504992
ccd_defocus = 0.28573015797089474
ccd_tilt_x = 0.032607236119999515
ccd_tilt_y = -0.002141857835308568
ccd_tilt_z = 4.68813540803702e-06
p = 0.0001