slit_dec_x_a = -0.181778666534
slit_dec_y_a = -0.18243150017
slit_dec_x_b = 0.14512077562974193
slit_dec_y_b = -0.05510809031835813
slit_defocus = -0.013819096697648983
slit_tilt_x = 1.054192136238841
slit_tilt_y = -8.559906013220578
slit_tilt_z = -9.0268774550663
d_slit_col = 1594.2902703235736
coll_tilt_x = 0.12145976936439154
coll_tilt_y = -0.02646543130176837
ech_G = 31.614565842492
ech_blaze = -74.99488489298948
ech_gamma = 1.1556373436585452
echelle_z = 0.057011726773525305
d_col_trf = -1588.0163611463292
trf_mirror_tilt_x = 0.007339689682018808
trf_mirror_tilt_y = 0.15541960037206537
d_col_grm = 0.03567384898230338
grism_dec_x = 236.3831414827169
grism_dec_y = 0.009310633219765798
grm_tilt_x = -0.0235052633802685
grm_tilt_y = 2.3257860645664628
grm_G = 222.7840688369477
grm_apex = 17.76653888655529
d_grm_cam  = 21.604695574248456
cam_dec_x = -0.2711017992422524
cam_dec_y = 0.2908745006502649
cam_tilt_x = 0.012469156755399759
cam_tilt_y = 0.008864596665426987
d_cam_ff  = -160.07704978233394
ccd_ff_dec_x = -0.02379731743717558
ccd_ff_dec_y = 0.042029625780566
ccd_ff_tilt_x = 0.03352802708300277
ccd_ff_tilt_y = -0.5909752083367068
ccd_ff_tilt_z = 0.1719139853418825
d_ff_ccd  = -4.8159862760676395
ccd_dec_x = 0.5532935450789668
ccd_dec_y = 5.107634331781785
ccd_defocus = 0.28581639412033494
ccd_tilt_x = 0.0325312042972025
ccd_tilt_y = -0.0021280191880667042
ccd_tilt_z = 4.717460762426287e-06
p = 0.0001