slit_dec_x_a = -0.1704010755187174
slit_dec_y_a = -0.1956586180351446
slit_dec_x_b = 0.175
slit_dec_y_b = -1.829196201657208e-96
slit_defocus = 0.02143271039548233
slit_tilt_x = 1.1140323369557987
slit_tilt_y = -8.53845071900213
slit_tilt_z = -8.99163803297918
d_slit_col = 1594.3099259221428
coll_tilt_x = 0.11317287329053487
coll_tilt_y = -0.028923554638617198
ech_G = 31.613237655561292
ech_blaze = -74.97483640584453
ech_gamma = 1.1389794195845364
echelle_z = 0.07477065464123418
d_col_trf = -1588.0172299962899
trf_mirror_tilt_x = 0.026262565208570805
trf_mirror_tilt_y = 0.1622667754502994
d_col_grm = -0.004870903590875269
grism_dec_x = 236.42326407623221
grism_dec_y = 0.03815812649767877
grm_tilt_x = -0.014055124177253426
grm_tilt_y = 2.3052770694669573
grm_G = 222.82400922227484
grm_apex = 17.79096744853479
d_grm_cam  = 21.60982170001127
cam_dec_x = -0.30953045965982423
cam_dec_y = 0.24723898247464035
cam_tilt_x = -0.011137263294996388
cam_tilt_y = 0.003793308120703778
d_cam_ff  = -160.05754925223113
ccd_ff_dec_x = -0.002602609415410946
ccd_ff_dec_y = 0.05300928643098034
ccd_ff_tilt_x = 0.01955516162036712
ccd_ff_tilt_y = -0.5728043896301045
ccd_ff_tilt_z = 0.18005066320152538
d_ff_ccd  = -4.838940644163907
ccd_dec_x = 0.6214062975771515
ccd_dec_y = 5.157147185914494
ccd_defocus = 0.28077395519843307
ccd_tilt_x = 0.00501770868902325
ccd_tilt_y = -0.010895775316979764
ccd_tilt_z = 5.1382610937213525e-06
p = 0.0001