slit_dec_x_a = -0.1704010755187174
slit_dec_y_a = -0.1956586180351446
slit_dec_x_b = 0.175
slit_dec_y_b = -1.828510187035037e-96
slit_defocus = 0.02135454718256236
slit_tilt_x = 1.1140221541157869
slit_tilt_y = -8.538424189425877
slit_tilt_z = -8.991633215988404
d_slit_col = 1594.309986238785
coll_tilt_x = 0.11314441184149257
coll_tilt_y = -0.028930323696019493
ech_G = 31.613235137014843
ech_blaze = -74.97482571380795
ech_gamma = 1.1389799254490698
echelle_z = 0.07477633963740454
d_col_trf = -1588.0172320257154
trf_mirror_tilt_x = 0.026293020111221102
trf_mirror_tilt_y = 0.1622214393643346
d_col_grm = -0.0048700414122240295
grism_dec_x = 236.4232950422021
grism_dec_y = 0.03813132166708007
grm_tilt_x = -0.014057208600268597
grm_tilt_y = 2.3052702738089947
grm_G = 222.82400613504518
grm_apex = 17.79097494818999
d_grm_cam  = 21.609818132723912
cam_dec_x = -0.3095148984303524
cam_dec_y = 0.2473641284756179
cam_tilt_x = -0.01108575779636252
cam_tilt_y = 0.0037869053316765895
d_cam_ff  = -160.05759803708892
ccd_ff_dec_x = -0.0025867733069516743
ccd_ff_dec_y = 0.05297719531570023
ccd_ff_tilt_x = 0.019498867733647195
ccd_ff_tilt_y = -0.5728047362738844
ccd_ff_tilt_z = 0.18005383085125215
d_ff_ccd  = -4.838908691968527
ccd_dec_x = 0.621404027529216
ccd_dec_y = 5.157154277781855
ccd_defocus = 0.2807083111387815
ccd_tilt_x = 0.005077096048953201
ccd_tilt_y = -0.010936986494333148
ccd_tilt_z = 5.116385627916939e-06
p = 0.0001