slit_dec_x_a = -0.181778666534
slit_dec_y_a = -0.18243150017
slit_dec_x_b = 0.14512077562974193
slit_dec_y_b = -0.05510809031835813
slit_defocus = -0.01375176800287433
slit_tilt_x = 1.0541193099186725
slit_tilt_y = -8.559969406057263
slit_tilt_z = -9.02693774092961
d_slit_col = 1594.2903176885281
coll_tilt_x = 0.12139322448595448
coll_tilt_y = -0.02649956258722345
ech_G = 31.61456321856875
ech_blaze = -74.99488839995017
ech_gamma = 1.1556332965827933
echelle_z = 0.05700119117696613
d_col_trf = -1588.0163623332028
trf_mirror_tilt_x = 0.007386021414571002
trf_mirror_tilt_y = 0.15547740039708477
d_col_grm = 0.035718149958162033
grism_dec_x = 236.38316503224414
grism_dec_y = 0.009268206395833525
grm_tilt_x = -0.02350887158417411
grm_tilt_y = 2.3257914425064454
grm_G = 222.78407328142845
grm_apex = 17.766596452400574
d_grm_cam  = 21.604700955374533
cam_dec_x = -0.2711237694843295
cam_dec_y = 0.2908394983413792
cam_tilt_x = 0.012452297384632225
cam_tilt_y = 0.00878574006552641
d_cam_ff  = -160.0772189922039
ccd_ff_dec_x = -0.023795630095365086
ccd_ff_dec_y = 0.042070522859848726
ccd_ff_tilt_x = 0.03340447648424829
ccd_ff_tilt_y = -0.5909854819743582
ccd_ff_tilt_z = 0.17191690060752168
d_ff_ccd  = -4.815983624108115
ccd_dec_x = 0.5533012033422733
ccd_dec_y = 5.107630467615734
ccd_defocus = 0.28576394212018336
ccd_tilt_x = 0.032651177481572584
ccd_tilt_y = -0.002162022894334718
ccd_tilt_z = 4.712594763988272e-06
p = 0.0001