slit_dec_x_a = -0.181778666534
slit_dec_y_a = -0.18243150017
slit_dec_x_b = 0.14512077562974193
slit_dec_y_b = -0.05510809031835813
slit_defocus = -0.013865363952060764
slit_tilt_x = 1.0540392139375447
slit_tilt_y = -8.559960557569067
slit_tilt_z = -9.026859708095085
d_slit_col = 1594.2903245734844
coll_tilt_x = 0.12148193136223558
coll_tilt_y = -0.026561240696315963
ech_G = 31.614560926963797
ech_blaze = -74.994886097718
ech_gamma = 1.1556355676587409
echelle_z = 0.05700189505572337
d_col_trf = -1588.0163715082056
trf_mirror_tilt_x = 0.00732598651817661
trf_mirror_tilt_y = 0.15539207469466754
d_col_grm = 0.035643315687256934
grism_dec_x = 236.38318251217788
grism_dec_y = 0.009178070236841515
grm_tilt_x = -0.023504525471243487
grm_tilt_y = 2.3257876113698543
grm_G = 222.78407486677497
grm_apex = 17.766438940089945
d_grm_cam  = 21.604693714066077
cam_dec_x = -0.27106314120659764
cam_dec_y = 0.29089848152174064
cam_tilt_x = 0.012537773056291475
cam_tilt_y = 0.008885138658723488
d_cam_ff  = -160.07718724141637
ccd_ff_dec_x = -0.023795643087784528
ccd_ff_dec_y = 0.04201526844661892
ccd_ff_tilt_x = 0.0334762396599356
ccd_ff_tilt_y = -0.5909740683021926
ccd_ff_tilt_z = 0.17191749166918843
d_ff_ccd  = -4.81598755493541
ccd_dec_x = 0.5532965353405779
ccd_dec_y = 5.107636100040667
ccd_defocus = 0.2857721608766178
ccd_tilt_x = 0.032641076666024046
ccd_tilt_y = -0.0021672626332362
ccd_tilt_z = 4.701127989566624e-06
p = 0.0001