slit_dec_x_a = -0.1704010755187174
slit_dec_y_a = -0.1956586180351446
slit_dec_x_b = 0.175
slit_dec_y_b = -1.8683641071959023e-96
slit_defocus = 0.021334074924016504
slit_tilt_x = 1.1139629417647867
slit_tilt_y = -8.538468069944072
slit_tilt_z = -8.991647264069432
d_slit_col = 1594.3099439340788
coll_tilt_x = 0.1131576609954912
coll_tilt_y = -0.028887909959871606
ech_G = 31.613235557767197
ech_blaze = -74.97483796625393
ech_gamma = 1.138973652822082
echelle_z = 0.07476578720907731
d_col_trf = -1588.0172279586395
trf_mirror_tilt_x = 0.026304376693527327
trf_mirror_tilt_y = 0.1622372892364499
d_col_grm = -0.004734468335410476
grism_dec_x = 236.42333558866923
grism_dec_y = 0.03816087274984783
grm_tilt_x = -0.014058386012678338
grm_tilt_y = 2.3052707222585838
grm_G = 222.8240085820197
grm_apex = 17.791026730712154
d_grm_cam  = 21.609817686038642
cam_dec_x = -0.3096069466773155
cam_dec_y = 0.24726106819609645
cam_tilt_x = -0.01109516242538303
cam_tilt_y = 0.0037722355048774607
d_cam_ff  = -160.05746131469667
ccd_ff_dec_x = -0.0025950279029810573
ccd_ff_dec_y = 0.053067326672263694
ccd_ff_tilt_x = 0.019491519157903092
ccd_ff_tilt_y = -0.5728042818969546
ccd_ff_tilt_z = 0.18004372053796439
d_ff_ccd  = -4.838916685230411
ccd_dec_x = 0.621397443525757
ccd_dec_y = 5.157145380896439
ccd_defocus = 0.280860216650298
ccd_tilt_x = 0.005053961594480657
ccd_tilt_y = -0.010910795976227346
ccd_tilt_z = 5.058579278309575e-06
p = 0.0001