slit_dec_x_a = -0.181778666534
slit_dec_y_a = -0.18243150017
slit_dec_x_b = 0.14512077562974193
slit_dec_y_b = -0.05510809031835813
slit_defocus = -0.013758872027964062
slit_tilt_x = 1.0541578793354438
slit_tilt_y = -8.559934901828713
slit_tilt_z = -9.02686730653976
d_slit_col = 1594.2902891872166
coll_tilt_x = 0.12141003124753287
coll_tilt_y = -0.026517875556836188
ech_G = 31.614567093026583
ech_blaze = -74.99489413706725
ech_gamma = 1.1556395456652397
echelle_z = 0.05699508043945311
d_col_trf = -1588.016361184836
trf_mirror_tilt_x = 0.00729505482610064
trf_mirror_tilt_y = 0.1554411388164676
d_col_grm = 0.03566939147072183
grism_dec_x = 236.38315417793098
grism_dec_y = 0.009244434791120045
grm_tilt_x = -0.023497245809896546
grm_tilt_y = 2.325785407898812
grm_G = 222.7840654170236
grm_apex = 17.76653173241432
d_grm_cam  = 21.60470578506772
cam_dec_x = -0.2711240548145906
cam_dec_y = 0.29090638430911814
cam_tilt_x = 0.012396000991953794
cam_tilt_y = 0.00885985141903963
d_cam_ff  = -160.0772944727077
ccd_ff_dec_x = -0.023799478423200033
ccd_ff_dec_y = 0.042111545261978994
ccd_ff_tilt_x = 0.03349808512727722
ccd_ff_tilt_y = -0.5909792220769834
ccd_ff_tilt_z = 0.17192178379627743
d_ff_ccd  = -4.815962835494531
ccd_dec_x = 0.5532968863617838
ccd_dec_y = 5.1076300324196975
ccd_defocus = 0.2857512764948576
ccd_tilt_x = 0.03262833133120302
ccd_tilt_y = -0.002131438471314909
ccd_tilt_z = 4.698775114864013e-06
p = 0.0001