slit_dec_x_a = -0.1704010755187174
slit_dec_y_a = -0.1956586180351446
slit_dec_x_b = 0.175
slit_dec_y_b = -1.826923773883982e-96
slit_defocus = 0.021402618684171554
slit_tilt_x = 1.1140153448937276
slit_tilt_y = -8.53849242735859
slit_tilt_z = -8.991670762196472
d_slit_col = 1594.3100004119685
coll_tilt_x = 0.11318715662032432
coll_tilt_y = -0.028873222855217654
ech_G = 31.613232702143144
ech_blaze = -74.97482732081933
ech_gamma = 1.1389745688070287
echelle_z = 0.07476619931902027
d_col_trf = -1588.0172377773613
trf_mirror_tilt_x = 0.026305508995100348
trf_mirror_tilt_y = 0.16219193433127205
d_col_grm = -0.0047442162923984205
grism_dec_x = 236.42333266517468
grism_dec_y = 0.03820668446327788
grm_tilt_x = -0.014059174579062092
grm_tilt_y = 2.305282198794163
grm_G = 222.82400242955794
grm_apex = 17.791017671333606
d_grm_cam  = 21.609818868563423
cam_dec_x = -0.30952234260691924
cam_dec_y = 0.24725776021788592
cam_tilt_x = -0.011024784396782008
cam_tilt_y = 0.003797660952025394
d_cam_ff  = -160.05755777942719
ccd_ff_dec_x = -0.00259852175223037
ccd_ff_dec_y = 0.05306315155471686
ccd_ff_tilt_x = 0.01947786639128743
ccd_ff_tilt_y = -0.5728048282630639
ccd_ff_tilt_z = 0.1800468835057593
d_ff_ccd  = -4.838905618669168
ccd_dec_x = 0.62140717372701
ccd_dec_y = 5.157148672901476
ccd_defocus = 0.28078691094595604
ccd_tilt_x = 0.005040813930693457
ccd_tilt_y = -0.010828050698469422
ccd_tilt_z = 5.116036106833569e-06
p = 0.0001