slit_dec_x_a = -0.181778666534
slit_dec_y_a = -0.18243150017
slit_dec_x_b = 0.14512077562974193
slit_dec_y_b = -0.05510809031835813
slit_defocus = -0.013805547600753707
slit_tilt_x = 1.0540734760301556
slit_tilt_y = -8.559968035596388
slit_tilt_z = -9.02688573007012
d_slit_col = 1594.2902885646301
coll_tilt_x = 0.1214866148753938
coll_tilt_y = -0.0265268679990817
ech_G = 31.61457110580759
ech_blaze = -74.99489302851832
ech_gamma = 1.1556442290927438
echelle_z = 0.057002831062583886
d_col_trf = -1588.0163703613669
trf_mirror_tilt_x = 0.007274391534648669
trf_mirror_tilt_y = 0.1553805826022744
d_col_grm = 0.03566878078539048
grism_dec_x = 236.38319401455212
grism_dec_y = 0.009239039713315736
grm_tilt_x = -0.023506607917054844
grm_tilt_y = 2.3257795876388294
grm_G = 222.78407146221969
grm_apex = 17.76655146020279
d_grm_cam  = 21.604697425470587
cam_dec_x = -0.2710713345183162
cam_dec_y = 0.2908510440724276
cam_tilt_x = 0.01248235624450888
cam_tilt_y = 0.008848199906242101
d_cam_ff  = -160.07699526878585
ccd_ff_dec_x = -0.023810005696396137
ccd_ff_dec_y = 0.042070175191630255
ccd_ff_tilt_x = 0.033545516617223936
ccd_ff_tilt_y = -0.5909765178090284
ccd_ff_tilt_z = 0.17191501213330568
d_ff_ccd  = -4.815955865938697
ccd_dec_x = 0.5532982207704696
ccd_dec_y = 5.1076387825879435
ccd_defocus = 0.2857477678645201
ccd_tilt_x = 0.032596529891680305
ccd_tilt_y = -0.002186238960876807
ccd_tilt_z = 4.696253625660274e-06
p = 0.0001