slit_dec_x_a = -0.181778666534
slit_dec_y_a = -0.18243150017
slit_dec_x_b = 0.14512077562974193
slit_dec_y_b = -0.05510809031835813
slit_defocus = -0.013776306316269383
slit_tilt_x = 1.054077677537471
slit_tilt_y = -8.559930095499745
slit_tilt_z = -9.0269203692754
d_slit_col = 1594.2903264673446
coll_tilt_x = 0.12138662346626179
coll_tilt_y = -0.02651349215925704
ech_G = 31.614564510265943
ech_blaze = -74.99488728332643
ech_gamma = 1.1556404774673892
echelle_z = 0.05700528036675889
d_col_trf = -1588.0163699708903
trf_mirror_tilt_x = 0.007310842589208619
trf_mirror_tilt_y = 0.15544907502405764
d_col_grm = 0.03568055394028101
grism_dec_x = 236.38318548944574
grism_dec_y = 0.009272301354960719
grm_tilt_x = -0.0235090902862245
grm_tilt_y = 2.325790511071134
grm_G = 222.78406804646156
grm_apex = 17.766502043942616
d_grm_cam  = 21.604701482773173
cam_dec_x = -0.271119592172595
cam_dec_y = 0.29084260104544457
cam_tilt_x = 0.012415223180819812
cam_tilt_y = 0.00885450228463727
d_cam_ff  = -160.0771738871241
ccd_ff_dec_x = -0.023801946773155
ccd_ff_dec_y = 0.0420892743928302
ccd_ff_tilt_x = 0.03345269521052572
ccd_ff_tilt_y = -0.5909792275904483
ccd_ff_tilt_z = 0.17190408358702713
d_ff_ccd  = -4.815971083671546
ccd_dec_x = 0.5533022783069009
ccd_dec_y = 5.1076372632342055
ccd_defocus = 0.2858129723003967
ccd_tilt_x = 0.03265417019995321
ccd_tilt_y = -0.0021617011784190784
ccd_tilt_z = 4.681211180933056e-06
p = 0.0001