slit_dec_x_a = -0.181778666534
slit_dec_y_a = -0.18243150017
slit_dec_x_b = 0.14512077562974193
slit_dec_y_b = -0.05510809031835813
slit_defocus = -0.013845043066731486
slit_tilt_x = 1.0540532652451362
slit_tilt_y = -8.55995257861713
slit_tilt_z = -9.026893288479776
d_slit_col = 1594.2902620779778
coll_tilt_x = 0.12142225404384371
coll_tilt_y = -0.0265571516744671
ech_G = 31.614564792011475
ech_blaze = -74.99488633804569
ech_gamma = 1.1556428094921543
echelle_z = 0.05699959043601659
d_col_trf = -1588.0163667806382
trf_mirror_tilt_x = 0.007290976183620663
trf_mirror_tilt_y = 0.15547340058833725
d_col_grm = 0.035721385675594255
grism_dec_x = 236.3832558941906
grism_dec_y = 0.009253561474415126
grm_tilt_x = -0.02350299355364133
grm_tilt_y = 2.3257888602703995
grm_G = 222.78406841834078
grm_apex = 17.766525127188476
d_grm_cam  = 21.60470417225423
cam_dec_x = -0.2710964450354214
cam_dec_y = 0.29096056414777294
cam_tilt_x = 0.012422168056477926
cam_tilt_y = 0.008829314104451329
d_cam_ff  = -160.07683445504426
ccd_ff_dec_x = -0.02380246086575604
ccd_ff_dec_y = 0.04200525856114998
ccd_ff_tilt_x = 0.03347783187600073
ccd_ff_tilt_y = -0.5909817882395967
ccd_ff_tilt_z = 0.17191105539236803
d_ff_ccd  = -4.815963048005167
ccd_dec_x = 0.5533041825714798
ccd_dec_y = 5.10763457719124
ccd_defocus = 0.2857829255548231
ccd_tilt_x = 0.032612063285600935
ccd_tilt_y = -0.0021276433170256586
ccd_tilt_z = 4.713784493196377e-06
p = 0.0001