slit_dec_x_a = -0.181778666534
slit_dec_y_a = -0.18243150017
slit_dec_x_b = 0.14512077562974193
slit_dec_y_b = -0.05510809031835813
slit_defocus = -0.013784374008022368
slit_tilt_x = 1.0540709549183231
slit_tilt_y = -8.559987370969308
slit_tilt_z = -9.02690263163451
d_slit_col = 1594.2903173258019
coll_tilt_x = 0.12141330474552127
coll_tilt_y = -0.026470459982338868
ech_G = 31.614562731928483
ech_blaze = -74.99488753727793
ech_gamma = 1.1556371613301422
echelle_z = 0.05700518017809616
d_col_trf = -1588.0163629803371
trf_mirror_tilt_x = 0.007312154621315768
trf_mirror_tilt_y = 0.15532307688548247
d_col_grm = 0.03570405709894267
grism_dec_x = 236.38313271609985
grism_dec_y = 0.00923377745091872
grm_tilt_x = -0.02350696291590255
grm_tilt_y = 2.3257894954994582
grm_G = 222.78407335447218
grm_apex = 17.766486605539942
d_grm_cam  = 21.604700674403347
cam_dec_x = -0.2711101893386873
cam_dec_y = 0.29092526280062403
cam_tilt_x = 0.012465649811967785
cam_tilt_y = 0.008776781519945626
d_cam_ff  = -160.07691665544135
ccd_ff_dec_x = -0.023805480800268133
ccd_ff_dec_y = 0.04209591141987919
ccd_ff_tilt_x = 0.033500597408586484
ccd_ff_tilt_y = -0.5909805530721635
ccd_ff_tilt_z = 0.1719086156277665
d_ff_ccd  = -4.816004353905585
ccd_dec_x = 0.5532990883728625
ccd_dec_y = 5.1076359468601416
ccd_defocus = 0.2857291944834428
ccd_tilt_x = 0.03257873877094395
ccd_tilt_y = -0.0021303067609593027
ccd_tilt_z = 4.720229736126685e-06
p = 0.0001