slit_dec_x_a = -0.1704010755187174
slit_dec_y_a = -0.1956586180351446
slit_dec_x_b = 0.175
slit_dec_y_b = -1.8277775641445724e-96
slit_defocus = 0.02139275247602502
slit_tilt_x = 1.114041055219166
slit_tilt_y = -8.538466129575651
slit_tilt_z = -8.991633073076777
d_slit_col = 1594.3099784611443
coll_tilt_x = 0.1132359397632814
coll_tilt_y = -0.028934228204091493
ech_G = 31.61323272269447
ech_blaze = -74.97483195185245
ech_gamma = 1.1389763802435369
echelle_z = 0.07477639177808044
d_col_trf = -1588.0172316263381
trf_mirror_tilt_x = 0.02635347574743461
trf_mirror_tilt_y = 0.1622597038908092
d_col_grm = -0.004880550690133567
grism_dec_x = 236.42333499005733
grism_dec_y = 0.03819382131181257
grm_tilt_x = -0.014054232312708997
grm_tilt_y = 2.305275562192819
grm_G = 222.8240116063101
grm_apex = 17.791052576445566
d_grm_cam  = 21.60982276060304
cam_dec_x = -0.309548210094301
cam_dec_y = 0.2473571064430531
cam_tilt_x = -0.010995440496847496
cam_tilt_y = 0.0038405988412032266
d_cam_ff  = -160.05733874310252
ccd_ff_dec_x = -0.0026061749263992834
ccd_ff_dec_y = 0.05307649976688684
ccd_ff_tilt_x = 0.019496698868434716
ccd_ff_tilt_y = -0.5728075382615447
ccd_ff_tilt_z = 0.18005381719525032
d_ff_ccd  = -4.838949837847576
ccd_dec_x = 0.6214053931275009
ccd_dec_y = 5.157146672164018
ccd_defocus = 0.280724500438744
ccd_tilt_x = 0.005040734013830845
ccd_tilt_y = -0.010890660479760707
ccd_tilt_z = 5.08404632697589e-06
p = 0.0001