slit_dec_x_a = -0.181778666534
slit_dec_y_a = -0.18243150017
slit_dec_x_b = 0.14512077562974193
slit_dec_y_b = -0.05510809031835813
slit_defocus = -0.013743708361180227
slit_tilt_x = 1.0541210969122388
slit_tilt_y = -8.559977421084405
slit_tilt_z = -9.026874396499029
d_slit_col = 1594.2903141450527
coll_tilt_x = 0.12139846905945713
coll_tilt_y = -0.026427806142075155
ech_G = 31.61456821701299
ech_blaze = -74.99488837390449
ech_gamma = 1.1556361512151094
echelle_z = 0.05700525636025827
d_col_trf = -1588.0163585793994
trf_mirror_tilt_x = 0.007298350372201587
trf_mirror_tilt_y = 0.1555117216525025
d_col_grm = 0.03569931284242992
grism_dec_x = 236.38320170383204
grism_dec_y = 0.00923282308327259
grm_tilt_x = -0.023507472314764292
grm_tilt_y = 2.3257850130785496
grm_G = 222.78407609952257
grm_apex = 17.766581961674778
d_grm_cam  = 21.604697804967984
cam_dec_x = -0.2711029645821879
cam_dec_y = 0.2908630431566746
cam_tilt_x = 0.012382462422215211
cam_tilt_y = 0.008829699779896484
d_cam_ff  = -160.07703543342856
ccd_ff_dec_x = -0.0238046920776383
ccd_ff_dec_y = 0.04207610067470926
ccd_ff_tilt_x = 0.0335750343702703
ccd_ff_tilt_y = -0.5909768805537614
ccd_ff_tilt_z = 0.17191913791907668
d_ff_ccd  = -4.81596152067124
ccd_dec_x = 0.553293893097835
ccd_dec_y = 5.107629862456441
ccd_defocus = 0.285780460965689
ccd_tilt_x = 0.0325806324888664
ccd_tilt_y = -0.0021173337955060225
ccd_tilt_z = 4.6535705158957e-06
p = 0.0001