slit_dec_x_a = -0.181778666534
slit_dec_y_a = -0.18243150017
slit_dec_x_b = 0.14512077562974193
slit_dec_y_b = -0.05510809031835813
slit_defocus = -0.013841716387261388
slit_tilt_x = 1.0540625081352066
slit_tilt_y = -8.56003076817382
slit_tilt_z = -9.026901015305782
d_slit_col = 1594.2902267972643
coll_tilt_x = 0.12143147398659865
coll_tilt_y = -0.02645466964976437
ech_G = 31.614565949166582
ech_blaze = -74.9948917191363
ech_gamma = 1.1556332904279285
echelle_z = 0.05700925057549982
d_col_trf = -1588.016358466301
trf_mirror_tilt_x = 0.007349974189914319
trf_mirror_tilt_y = 0.15544682917582914
d_col_grm = 0.035646943901580186
grism_dec_x = 236.3832245403846
grism_dec_y = 0.009267986533400809
grm_tilt_x = -0.023499627191572964
grm_tilt_y = 2.3257903400105704
grm_G = 222.78406520813573
grm_apex = 17.766524233284116
d_grm_cam  = 21.60470574585338
cam_dec_x = -0.27108936553832286
cam_dec_y = 0.29090365674364527
cam_tilt_x = 0.012440812403067266
cam_tilt_y = 0.008829695806382125
d_cam_ff  = -160.07710029761756
ccd_ff_dec_x = -0.023802639928197058
ccd_ff_dec_y = 0.042111690888427304
ccd_ff_tilt_x = 0.033487137398865115
ccd_ff_tilt_y = -0.5909795540643799
ccd_ff_tilt_z = 0.17191226389749592
d_ff_ccd  = -4.8159646743289235
ccd_dec_x = 0.553301945603411
ccd_dec_y = 5.107627229579455
ccd_defocus = 0.28570842334700647
ccd_tilt_x = 0.03260263604149808
ccd_tilt_y = -0.0022021357701301953
ccd_tilt_z = 4.6723043197116434e-06
p = 0.0001