slit_dec_x_a = -0.1704010755187174
slit_dec_y_a = -0.1956586180351446
slit_dec_x_b = 0.175
slit_dec_y_b = -1.8840794023751518e-96
slit_defocus = 0.021420245156522813
slit_tilt_x = 1.1140032060330074
slit_tilt_y = -8.538471713526473
slit_tilt_z = -8.99162227644091
d_slit_col = 1594.309965792714
coll_tilt_x = 0.11315619148913145
coll_tilt_y = -0.0288808529915672
ech_G = 31.61323036353916
ech_blaze = -74.97483398055729
ech_gamma = 1.1389769214308199
echelle_z = 0.0747724863714705
d_col_trf = -1588.0172332288341
trf_mirror_tilt_x = 0.02629701529942535
trf_mirror_tilt_y = 0.1621815020599012
d_col_grm = -0.004796213401281185
grism_dec_x = 236.42337678274254
grism_dec_y = 0.03821037299114775
grm_tilt_x = -0.014056237777778655
grm_tilt_y = 2.305275990079368
grm_G = 222.8240073602644
grm_apex = 17.791053288887976
d_grm_cam  = 21.609813576684545
cam_dec_x = -0.30954037292924064
cam_dec_y = 0.2472843650307833
cam_tilt_x = -0.011081743081370927
cam_tilt_y = 0.0037314571701128644
d_cam_ff  = -160.05756997349172
ccd_ff_dec_x = -0.002602366013799037
ccd_ff_dec_y = 0.05310836512783297
ccd_ff_tilt_x = 0.019519231559088166
ccd_ff_tilt_y = -0.5728074856034217
ccd_ff_tilt_z = 0.18005247286220055
d_ff_ccd  = -4.838934987893969
ccd_dec_x = 0.6214150257414562
ccd_dec_y = 5.157148459230102
ccd_defocus = 0.2807015989773558
ccd_tilt_x = 0.005022628109243507
ccd_tilt_y = -0.010902015283450474
ccd_tilt_z = 5.039558318455478e-06
p = 0.0001