slit_dec_x_a = -0.1704010755187174
slit_dec_y_a = -0.1956586180351446
slit_dec_x_b = 0.175
slit_dec_y_b = -1.851071841259373e-96
slit_defocus = 0.021347708781077508
slit_tilt_x = 1.1140314219460756
slit_tilt_y = -8.538446637284093
slit_tilt_z = -8.991625041165472
d_slit_col = 1594.3100218256732
coll_tilt_x = 0.11316390575925006
coll_tilt_y = -0.028891886017733653
ech_G = 31.61323342914465
ech_blaze = -74.9748313480506
ech_gamma = 1.1389699106609272
echelle_z = 0.07476623963562272
d_col_trf = -1588.0172346443835
trf_mirror_tilt_x = 0.026252568485722824
trf_mirror_tilt_y = 0.1621799920548291
d_col_grm = -0.004822266690008359
grism_dec_x = 236.4233237816225
grism_dec_y = 0.03815888808643959
grm_tilt_x = -0.014048331839653806
grm_tilt_y = 2.3052700835459308
grm_G = 222.8240031601394
grm_apex = 17.791033506147485
d_grm_cam  = 21.609813850443395
cam_dec_x = -0.3095326152480847
cam_dec_y = 0.247309758357782
cam_tilt_x = -0.011096653975765881
cam_tilt_y = 0.003799113353028134
d_cam_ff  = -160.05697006652073
ccd_ff_dec_x = -0.0026049249953257704
ccd_ff_dec_y = 0.05306585229502907
ccd_ff_tilt_x = 0.01952512959976437
ccd_ff_tilt_y = -0.5728078977866129
ccd_ff_tilt_z = 0.18005525711399917
d_ff_ccd  = -4.838943187756243
ccd_dec_x = 0.6214073659251488
ccd_dec_y = 5.157147274279077
ccd_defocus = 0.28077421851991996
ccd_tilt_x = 0.005027406171315924
ccd_tilt_y = -0.010925789037861637
ccd_tilt_z = 5.0877145150922e-06
p = 0.0001