slit_dec_x_a = -0.181778666534
slit_dec_y_a = -0.18243150017
slit_dec_x_b = 0.14512077562974193
slit_dec_y_b = -0.05510809031835813
slit_defocus = -0.013826870145486536
slit_tilt_x = 1.0540791658847395
slit_tilt_y = -8.55999876281906
slit_tilt_z = -9.026856072973223
d_slit_col = 1594.2902092321967
coll_tilt_x = 0.12140844202413185
coll_tilt_y = -0.02646669107200811
ech_G = 31.61456363130809
ech_blaze = -74.99488574371553
ech_gamma = 1.1556358172616266
echelle_z = 0.05699510975178543
d_col_trf = -1588.0163573894192
trf_mirror_tilt_x = 0.00723999954776131
trf_mirror_tilt_y = 0.15548900720760475
d_col_grm = 0.035653807352655026
grism_dec_x = 236.38319367384622
grism_dec_y = 0.009275002276293855
grm_tilt_x = -0.02349771641653564
grm_tilt_y = 2.3257856065698372
grm_G = 222.78407320608943
grm_apex = 17.76642409872454
d_grm_cam  = 21.60469921192445
cam_dec_x = -0.27113221445130503
cam_dec_y = 0.2908194204213329
cam_tilt_x = 0.012441732805454053
cam_tilt_y = 0.008872712202885685
d_cam_ff  = -160.07695985756988
ccd_ff_dec_x = -0.02380485158177882
ccd_ff_dec_y = 0.042070764572850375
ccd_ff_tilt_x = 0.033521027878952156
ccd_ff_tilt_y = -0.5909821403707698
ccd_ff_tilt_z = 0.17191681558765262
d_ff_ccd  = -4.815957381970795
ccd_dec_x = 0.5532937196296247
ccd_dec_y = 5.107638106093175
ccd_defocus = 0.2857514462763297
ccd_tilt_x = 0.03257274947869701
ccd_tilt_y = -0.002191408979669736
ccd_tilt_z = 4.715219390009867e-06
p = 0.0001