slit_dec_x_a = -0.1704010755187174
slit_dec_y_a = -0.1956586180351446
slit_dec_x_b = 0.175
slit_dec_y_b = -1.8008724787516457e-96
slit_defocus = 0.021348445278153695
slit_tilt_x = 1.1139899613200774
slit_tilt_y = -8.5384231482211
slit_tilt_z = -8.991673853811456
d_slit_col = 1594.309927158569
coll_tilt_x = 0.11325262236143314
coll_tilt_y = -0.028904871785223975
ech_G = 31.61322941037019
ech_blaze = -74.97483068836307
ech_gamma = 1.138977620512376
echelle_z = 0.07476691027514662
d_col_trf = -1588.0172312764394
trf_mirror_tilt_x = 0.026326015285486726
trf_mirror_tilt_y = 0.16216546801672843
d_col_grm = -0.004844121851813643
grism_dec_x = 236.4233337699139
grism_dec_y = 0.03813139269225239
grm_tilt_x = -0.014058093869901887
grm_tilt_y = 2.3052804725559777
grm_G = 222.82400006848314
grm_apex = 17.79098159511918
d_grm_cam  = 21.609816892392573
cam_dec_x = -0.30955773082128796
cam_dec_y = 0.24730487794504175
cam_tilt_x = -0.01093510379890974
cam_tilt_y = 0.003741653857065758
d_cam_ff  = -160.05749379426126
ccd_ff_dec_x = -0.002604011953782884
ccd_ff_dec_y = 0.05307102060072031
ccd_ff_tilt_x = 0.019489081772277105
ccd_ff_tilt_y = -0.5728007259328176
ccd_ff_tilt_z = 0.1800584312283759
d_ff_ccd  = -4.838916590709942
ccd_dec_x = 0.6214078165027902
ccd_dec_y = 5.157155493383881
ccd_defocus = 0.2806649106907535
ccd_tilt_x = 0.005069004349653265
ccd_tilt_y = -0.01094494332822619
ccd_tilt_z = 5.063628137030138e-06
p = 0.0001