slit_dec_x_a = -0.181778666534
slit_dec_y_a = -0.18243150017
slit_dec_x_b = 0.14512077562974193
slit_dec_y_b = -0.05510809031835813
slit_defocus = -0.013804132411919528
slit_tilt_x = 1.054048451936549
slit_tilt_y = -8.559969994796706
slit_tilt_z = -9.026945696110213
d_slit_col = 1594.2902140194026
coll_tilt_x = 0.1213909787021293
coll_tilt_y = -0.026493552648545284
ech_G = 31.614559963498152
ech_blaze = -74.99488714257087
ech_gamma = 1.1556392973044043
echelle_z = 0.057003497246082786
d_col_trf = -1588.0163629793599
trf_mirror_tilt_x = 0.007239924590183727
trf_mirror_tilt_y = 0.155426302761021
d_col_grm = 0.03570293893918771
grism_dec_x = 236.38321398851625
grism_dec_y = 0.00927303909930963
grm_tilt_x = -0.023506404913382906
grm_tilt_y = 2.3257877003742404
grm_G = 222.78406552567736
grm_apex = 17.766497808135192
d_grm_cam  = 21.604704210210528
cam_dec_x = -0.2711282924968441
cam_dec_y = 0.29087877111697386
cam_tilt_x = 0.012467937026705277
cam_tilt_y = 0.008797652029684222
d_cam_ff  = -160.0773395394314
ccd_ff_dec_x = -0.023807423561635656
ccd_ff_dec_y = 0.04206122851409247
ccd_ff_tilt_x = 0.033428375769798575
ccd_ff_tilt_y = -0.590982158624239
ccd_ff_tilt_z = 0.17191381672210804
d_ff_ccd  = -4.8160485878733885
ccd_dec_x = 0.5532995340719429
ccd_dec_y = 5.107636454531741
ccd_defocus = 0.28577200613761883
ccd_tilt_x = 0.03262091454998682
ccd_tilt_y = -0.002120473940214231
ccd_tilt_z = 4.6985973129308526e-06
p = 0.0001