slit_dec_x_a = -0.1704010755187174
slit_dec_y_a = -0.1956586180351446
slit_dec_x_b = 0.175
slit_dec_y_b = -1.8026165240172246e-96
slit_defocus = 0.021325248000046135
slit_tilt_x = 1.114085951670421
slit_tilt_y = -8.538445491197313
slit_tilt_z = -8.991597163310244
d_slit_col = 1594.310010840399
coll_tilt_x = 0.11316806442703635
coll_tilt_y = -0.028873782348551705
ech_G = 31.61323279106911
ech_blaze = -74.97483371384462
ech_gamma = 1.1389791323216787
echelle_z = 0.07476957432389059
d_col_trf = -1588.0172294282697
trf_mirror_tilt_x = 0.026269128391942124
trf_mirror_tilt_y = 0.16222678059278525
d_col_grm = -0.004855611129963897
grism_dec_x = 236.4232857628104
grism_dec_y = 0.03814028170458307
grm_tilt_x = -0.014059485832476532
grm_tilt_y = 2.3052779277071807
grm_G = 222.82400215574123
grm_apex = 17.791032314869273
d_grm_cam  = 21.60981945634129
cam_dec_x = -0.30952427617149
cam_dec_y = 0.24734673966980017
cam_tilt_x = -0.011052047975823097
cam_tilt_y = 0.0037924517708333664
d_cam_ff  = -160.05718743167648
ccd_ff_dec_x = -0.0026064394829771235
ccd_ff_dec_y = 0.053025814892909355
ccd_ff_tilt_x = 0.019538049151005557
ccd_ff_tilt_y = -0.572800773545236
ccd_ff_tilt_z = 0.18004994403197022
d_ff_ccd  = -4.838934055395921
ccd_dec_x = 0.6214027826735342
ccd_dec_y = 5.1571520069328605
ccd_defocus = 0.2806893675033577
ccd_tilt_x = 0.0049876848945977605
ccd_tilt_y = -0.01087170228285218
ccd_tilt_z = 5.07536044323483e-06
p = 0.0001