slit_dec_x_a = -0.181778666534
slit_dec_y_a = -0.18243150017
slit_dec_x_b = 0.14512077562974193
slit_dec_y_b = -0.05510809031835813
slit_defocus = -0.013764597648492655
slit_tilt_x = 1.054093757963839
slit_tilt_y = -8.559867477531773
slit_tilt_z = -9.026832570428994
d_slit_col = 1594.2902366592216
coll_tilt_x = 0.12139103365193432
coll_tilt_y = -0.026476227889248978
ech_G = 31.614567102615354
ech_blaze = -74.99489118546153
ech_gamma = 1.1556441460500129
echelle_z = 0.05700449386374117
d_col_trf = -1588.0163676117265
trf_mirror_tilt_x = 0.007239083544812705
trf_mirror_tilt_y = 0.1554398950861724
d_col_grm = 0.035644356056740885
grism_dec_x = 236.3832703047359
grism_dec_y = 0.009235328070996321
grm_tilt_x = -0.02350385913530209
grm_tilt_y = 2.3257897331963595
grm_G = 222.78406798483434
grm_apex = 17.766499675231263
d_grm_cam  = 21.604698122890163
cam_dec_x = -0.2711585877188038
cam_dec_y = 0.2907977969467441
cam_tilt_x = 0.01241406918007914
cam_tilt_y = 0.008795661625543783
d_cam_ff  = -160.07714793553023
ccd_ff_dec_x = -0.02380104266786174
ccd_ff_dec_y = 0.04205928336290422
ccd_ff_tilt_x = 0.03348778413387292
ccd_ff_tilt_y = -0.5909788198005755
ccd_ff_tilt_z = 0.1719175712118102
d_ff_ccd  = -4.816021598469499
ccd_dec_x = 0.5532987187362557
ccd_dec_y = 5.10763029970714
ccd_defocus = 0.2857616498384412
ccd_tilt_x = 0.03261093519543606
ccd_tilt_y = -0.002150296035186128
ccd_tilt_z = 4.672201356321506e-06
p = 0.0001