slit_dec_x_a = -0.1704010755187174
slit_dec_y_a = -0.1956586180351446
slit_dec_x_b = 0.175
slit_dec_y_b = -1.768207656071664e-96
slit_defocus = 0.021354171449447363
slit_tilt_x = 1.1139809928771898
slit_tilt_y = -8.538429099110004
slit_tilt_z = -8.991704245452958
d_slit_col = 1594.3100035023779
coll_tilt_x = 0.1132091668079204
coll_tilt_y = -0.02887833204583819
ech_G = 31.613236976294434
ech_blaze = -74.97483064595929
ech_gamma = 1.1389763866591345
echelle_z = 0.0747649742936988
d_col_trf = -1588.0172314906179
trf_mirror_tilt_x = 0.026298555096677476
trf_mirror_tilt_y = 0.16224157789508545
d_col_grm = -0.004879381266722307
grism_dec_x = 236.4233084112522
grism_dec_y = 0.038119779768601286
grm_tilt_x = -0.01404925310002785
grm_tilt_y = 2.305277369864886
grm_G = 222.8240052868059
grm_apex = 17.791007184471432
d_grm_cam  = 21.60981856380934
cam_dec_x = -0.30960107724871383
cam_dec_y = 0.2473073950562747
cam_tilt_x = -0.011048372193888687
cam_tilt_y = 0.003760920383223848
d_cam_ff  = -160.05754780136277
ccd_ff_dec_x = -0.002597821619001821
ccd_ff_dec_y = 0.05302868422192359
ccd_ff_tilt_x = 0.019564378118449667
ccd_ff_tilt_y = -0.5727946905948526
ccd_ff_tilt_z = 0.18005315002809405
d_ff_ccd  = -4.838877232626546
ccd_dec_x = 0.6214029224440621
ccd_dec_y = 5.157151264905358
ccd_defocus = 0.2807285847757386
ccd_tilt_x = 0.005031572244232271
ccd_tilt_y = -0.010951462735477275
ccd_tilt_z = 5.045062899068976e-06
p = 0.0001