slit_dec_x_a = -0.1704010755187174
slit_dec_y_a = -0.1956586180351446
slit_dec_x_b = 0.175
slit_dec_y_b = -1.861689023781748e-96
slit_defocus = 0.02133030923539511
slit_tilt_x = 1.113966432635223
slit_tilt_y = -8.538380027964848
slit_tilt_z = -8.9916285101318
d_slit_col = 1594.3099478149918
coll_tilt_x = 0.1132210756314392
coll_tilt_y = -0.02895214489281202
ech_G = 31.613231563625813
ech_blaze = -74.97483441119128
ech_gamma = 1.1389797881055053
echelle_z = 0.07477414587045515
d_col_trf = -1588.0172312213656
trf_mirror_tilt_x = 0.026373323623562886
trf_mirror_tilt_y = 0.1621960976078779
d_col_grm = -0.0048673332914003385
grism_dec_x = 236.42330186567494
grism_dec_y = 0.03816968857815301
grm_tilt_x = -0.014052732264086598
grm_tilt_y = 2.305272376919113
grm_G = 222.82399726204918
grm_apex = 17.790979717110712
d_grm_cam  = 21.609820486439357
cam_dec_x = -0.3095020601457932
cam_dec_y = 0.24728336406618617
cam_tilt_x = -0.010968294014851552
cam_tilt_y = 0.003787898042489198
d_cam_ff  = -160.0574454552005
ccd_ff_dec_x = -0.0026085535065410986
ccd_ff_dec_y = 0.053039921615485604
ccd_ff_tilt_x = 0.019556540253006148
ccd_ff_tilt_y = -0.5728041723030607
ccd_ff_tilt_z = 0.18005258736758328
d_ff_ccd  = -4.838908775786915
ccd_dec_x = 0.621402257895067
ccd_dec_y = 5.157142474403905
ccd_defocus = 0.280721454019341
ccd_tilt_x = 0.005036491292070481
ccd_tilt_y = -0.010906105516702801
ccd_tilt_z = 5.093701716222306e-06
p = 0.0001