slit_dec_x_a = -0.1704010755187174
slit_dec_y_a = -0.1956586180351446
slit_dec_x_b = 0.175
slit_dec_y_b = -1.8243547923028254e-96
slit_defocus = 0.021351181489050255
slit_tilt_x = 1.1140454127515957
slit_tilt_y = -8.538439910021205
slit_tilt_z = -8.9916474986982
d_slit_col = 1594.310055088498
coll_tilt_x = 0.1131770297800117
coll_tilt_y = -0.028944386168390346
ech_G = 31.613231028852056
ech_blaze = -74.97483017975985
ech_gamma = 1.1389748000949578
echelle_z = 0.0747693975967548
d_col_trf = -1588.017228743018
trf_mirror_tilt_x = 0.026313087538619894
trf_mirror_tilt_y = 0.16218418529415773
d_col_grm = -0.004823685750717143
grism_dec_x = 236.4232492191817
grism_dec_y = 0.0381434206177411
grm_tilt_x = -0.01405209553490591
grm_tilt_y = 2.305273960354214
grm_G = 222.8240051804764
grm_apex = 17.79108434001595
d_grm_cam  = 21.609821009383726
cam_dec_x = -0.3095768133042108
cam_dec_y = 0.2473260952744773
cam_tilt_x = -0.01104294125497051
cam_tilt_y = 0.0037929561465944615
d_cam_ff  = -160.05730044015627
ccd_ff_dec_x = -0.002600708403886202
ccd_ff_dec_y = 0.05306668574919818
ccd_ff_tilt_x = 0.019511153354937937
ccd_ff_tilt_y = -0.572806774509055
ccd_ff_tilt_z = 0.18005264688144987
d_ff_ccd  = -4.83894777574015
ccd_dec_x = 0.6214056441430686
ccd_dec_y = 5.157150846706537
ccd_defocus = 0.2806952068536024
ccd_tilt_x = 0.004989179813094838
ccd_tilt_y = -0.010917311528852166
ccd_tilt_z = 5.111938743516782e-06
p = 0.0001