slit_dec_x_a = -0.181778666534
slit_dec_y_a = -0.18243150017
slit_dec_x_b = 0.14512077562974193
slit_dec_y_b = -0.05510809031835813
slit_defocus = -0.01384276255760281
slit_tilt_x = 1.0540641957849974
slit_tilt_y = -8.559950760104831
slit_tilt_z = -9.026831241600298
d_slit_col = 1594.2903047734383
coll_tilt_x = 0.12142198084651677
coll_tilt_y = -0.026488780135638185
ech_G = 31.614565594578302
ech_blaze = -74.99488479066781
ech_gamma = 1.15564344802715
echelle_z = 0.05700046163734277
d_col_trf = -1588.016357479824
trf_mirror_tilt_x = 0.007241046701810561
trf_mirror_tilt_y = 0.155457655362189
d_col_grm = 0.03563529556377424
grism_dec_x = 236.38326768796156
grism_dec_y = 0.00927220252645092
grm_tilt_x = -0.0235106973211307
grm_tilt_y = 2.325786304370985
grm_G = 222.78406319637944
grm_apex = 17.76652306579961
d_grm_cam  = 21.60470916502297
cam_dec_x = -0.2710650596130625
cam_dec_y = 0.2909551975277792
cam_tilt_x = 0.012466338446130163
cam_tilt_y = 0.008791740864421803
d_cam_ff  = -160.07692409099056
ccd_ff_dec_x = -0.023808824495111625
ccd_ff_dec_y = 0.04206807271521541
ccd_ff_tilt_x = 0.03342420149161686
ccd_ff_tilt_y = -0.590978157773225
ccd_ff_tilt_z = 0.17191250843663702
d_ff_ccd  = -4.816068642501367
ccd_dec_x = 0.5533012974802263
ccd_dec_y = 5.107629284643332
ccd_defocus = 0.28574585863130525
ccd_tilt_x = 0.032514080902138524
ccd_tilt_y = -0.002136367053158149
ccd_tilt_z = 4.731923670816086e-06
p = 0.0001