slit_dec_x_a = -0.1704010755187174
slit_dec_y_a = -0.1956586180351446
slit_dec_x_b = 0.175
slit_dec_y_b = -1.8113138397303473e-96
slit_defocus = 0.021310081463084593
slit_tilt_x = 1.1139787582127423
slit_tilt_y = -8.538422652701747
slit_tilt_z = -8.991664859549386
d_slit_col = 1594.3099677695684
coll_tilt_x = 0.11313394283184305
coll_tilt_y = -0.028962803182681074
ech_G = 31.613238395351978
ech_blaze = -74.97484351881648
ech_gamma = 1.1389732013486709
echelle_z = 0.07477413749012043
d_col_trf = -1588.0172279320986
trf_mirror_tilt_x = 0.026312621604992304
trf_mirror_tilt_y = 0.16231932914812067
d_col_grm = -0.004851138208158641
grism_dec_x = 236.42325794444827
grism_dec_y = 0.03810890228455423
grm_tilt_x = -0.01405199898793361
grm_tilt_y = 2.305279365402572
grm_G = 222.82399786416013
grm_apex = 17.791076402580885
d_grm_cam  = 21.609818265388224
cam_dec_x = -0.3094740950536694
cam_dec_y = 0.24724092069732456
cam_tilt_x = -0.011243226998473842
cam_tilt_y = 0.0037128036451176787
d_cam_ff  = -160.05710903977607
ccd_ff_dec_x = -0.0026086776454210996
ccd_ff_dec_y = 0.05300268933642586
ccd_ff_tilt_x = 0.01949325405910095
ccd_ff_tilt_y = -0.5728030269814153
ccd_ff_tilt_z = 0.18005019638767672
d_ff_ccd  = -4.838958754355996
ccd_dec_x = 0.6214064356571691
ccd_dec_y = 5.157148168071953
ccd_defocus = 0.28083683246105556
ccd_tilt_x = 0.0051156606651331996
ccd_tilt_y = -0.010935875367130561
ccd_tilt_z = 5.205652441116348e-06
p = 0.0001