slit_dec_x_a = -0.1704010755187174
slit_dec_y_a = -0.1956586180351446
slit_dec_x_b = 0.175
slit_dec_y_b = -1.8767122629314137e-96
slit_defocus = 0.021367954078120522
slit_tilt_x = 1.1140168305721725
slit_tilt_y = -8.538409409748139
slit_tilt_z = -8.991588035188276
d_slit_col = 1594.3099683630128
coll_tilt_x = 0.11309769632654577
coll_tilt_y = -0.028937532182332203
ech_G = 31.61322314039921
ech_blaze = -74.97483693184235
ech_gamma = 1.1389715798225917
echelle_z = 0.07476792359326923
d_col_trf = -1588.0172341231012
trf_mirror_tilt_x = 0.026295711047829646
trf_mirror_tilt_y = 0.16223060298806827
d_col_grm = -0.004800526314953623
grism_dec_x = 236.42332406321938
grism_dec_y = 0.03815912458404507
grm_tilt_x = -0.0140545185178053
grm_tilt_y = 2.305275438745049
grm_G = 222.82400486503778
grm_apex = 17.791053124196733
d_grm_cam  = 21.6098213861122
cam_dec_x = -0.30965811491011813
cam_dec_y = 0.24730636561751848
cam_tilt_x = -0.011101993468028874
cam_tilt_y = 0.0037489152408325507
d_cam_ff  = -160.05745139163685
ccd_ff_dec_x = -0.0025976135212056194
ccd_ff_dec_y = 0.053024229955263937
ccd_ff_tilt_x = 0.019485471211613866
ccd_ff_tilt_y = -0.5727992031997492
ccd_ff_tilt_z = 0.18004647418095218
d_ff_ccd  = -4.838922102565349
ccd_dec_x = 0.6214056925903604
ccd_dec_y = 5.157150719930099
ccd_defocus = 0.28085720515250545
ccd_tilt_x = 0.00510352301047109
ccd_tilt_y = -0.010918936612912076
ccd_tilt_z = 5.102025125729697e-06
p = 0.0001