slit_dec_x_a = -0.181778666534
slit_dec_y_a = -0.18243150017
slit_dec_x_b = 0.14512077562974193
slit_dec_y_b = -0.05510809031835813
slit_defocus = -0.013757476970091408
slit_tilt_x = 1.0540941874174252
slit_tilt_y = -8.560010383937506
slit_tilt_z = -9.026959522138062
d_slit_col = 1594.2903287385832
coll_tilt_x = 0.12142574726121191
coll_tilt_y = -0.0264978310112072
ech_G = 31.61456138090966
ech_blaze = -74.99488430079036
ech_gamma = 1.1556374464587638
echelle_z = 0.057001639217225154
d_col_trf = -1588.0163664123722
trf_mirror_tilt_x = 0.007328837981490155
trf_mirror_tilt_y = 0.15544217926114529
d_col_grm = 0.03562861506528001
grism_dec_x = 236.38323802748408
grism_dec_y = 0.009186824171527866
grm_tilt_x = -0.023507849839870826
grm_tilt_y = 2.325788741601195
grm_G = 222.78406839120953
grm_apex = 17.766525676706642
d_grm_cam  = 21.604695357328865
cam_dec_x = -0.2711259367012199
cam_dec_y = 0.29091794546264466
cam_tilt_x = 0.0124753819901885
cam_tilt_y = 0.008846588534816699
d_cam_ff  = -160.07715836339162
ccd_ff_dec_x = -0.023803861132978662
ccd_ff_dec_y = 0.04209622242712591
ccd_ff_tilt_x = 0.03354744975093484
ccd_ff_tilt_y = -0.5909888757536802
ccd_ff_tilt_z = 0.17192143585353628
d_ff_ccd  = -4.816045767954319
ccd_dec_x = 0.5532942479188221
ccd_dec_y = 5.107627604840136
ccd_defocus = 0.28577515268586295
ccd_tilt_x = 0.03258900971788206
ccd_tilt_y = -0.002187501398902332
ccd_tilt_z = 4.642672712592654e-06
p = 0.0001