slit_dec_x_a = -0.181778666534
slit_dec_y_a = -0.18243150017
slit_dec_x_b = 0.14512077562974193
slit_dec_y_b = -0.05510809031835813
slit_defocus = -0.013838820513524076
slit_tilt_x = 1.054123854982182
slit_tilt_y = -8.559952633853202
slit_tilt_z = -9.026873980475514
d_slit_col = 1594.2903350431486
coll_tilt_x = 0.12142207695695863
coll_tilt_y = -0.026485705095184556
ech_G = 31.614565819596713
ech_blaze = -74.99488318559274
ech_gamma = 1.155638195357062
echelle_z = 0.056997956487147304
d_col_trf = -1588.0163650307763
trf_mirror_tilt_x = 0.007249752632952147
trf_mirror_tilt_y = 0.15539840776554567
d_col_grm = 0.03568679864233038
grism_dec_x = 236.38320845654215
grism_dec_y = 0.009198119929794942
grm_tilt_x = -0.023501094774490878
grm_tilt_y = 2.3257834004377664
grm_G = 222.78406787802956
grm_apex = 17.76656038890005
d_grm_cam  = 21.6047030738288
cam_dec_x = -0.27106302080618
cam_dec_y = 0.2908556495168261
cam_tilt_x = 0.012428086088332738
cam_tilt_y = 0.008870648692685617
d_cam_ff  = -160.07691756898507
ccd_ff_dec_x = -0.023800915897827152
ccd_ff_dec_y = 0.04207209079786552
ccd_ff_tilt_x = 0.033482650847219735
ccd_ff_tilt_y = -0.5909805717291535
ccd_ff_tilt_z = 0.1719190774241147
d_ff_ccd  = -4.8159295456220335
ccd_dec_x = 0.553302065279286
ccd_dec_y = 5.107641567675706
ccd_defocus = 0.28583444977803907
ccd_tilt_x = 0.032598525328344556
ccd_tilt_y = -0.0021659335472734823
ccd_tilt_z = 4.714775692179638e-06
p = 0.0001