slit_dec_x_a = -0.181778666534
slit_dec_y_a = -0.18243150017
slit_dec_x_b = 0.14512077562974193
slit_dec_y_b = -0.05510809031835813
slit_defocus = -0.013808567194599684
slit_tilt_x = 1.0540929304061086
slit_tilt_y = -8.560010117710899
slit_tilt_z = -9.026868716568597
d_slit_col = 1594.2902867356809
coll_tilt_x = 0.12147363037420297
coll_tilt_y = -0.02650668806043027
ech_G = 31.614571015474812
ech_blaze = -74.9948807223771
ech_gamma = 1.155640845954334
echelle_z = 0.057007714558494814
d_col_trf = -1588.016366394645
trf_mirror_tilt_x = 0.007332132711794491
trf_mirror_tilt_y = 0.1554678812692215
d_col_grm = 0.03563802322852369
grism_dec_x = 236.38319768471015
grism_dec_y = 0.00930137637297145
grm_tilt_x = -0.023499377326534416
grm_tilt_y = 2.325780693317711
grm_G = 222.78407141784908
grm_apex = 17.766504919265437
d_grm_cam  = 21.60470089963723
cam_dec_x = -0.2711579620371282
cam_dec_y = 0.29084571824025046
cam_tilt_x = 0.012430604396451194
cam_tilt_y = 0.008884336218235016
d_cam_ff  = -160.07697262750554
ccd_ff_dec_x = -0.02379550147014793
ccd_ff_dec_y = 0.04208186603471884
ccd_ff_tilt_x = 0.03350401553048964
ccd_ff_tilt_y = -0.5909808647766135
ccd_ff_tilt_z = 0.17191726053176648
d_ff_ccd  = -4.816032685466661
ccd_dec_x = 0.5532935568132582
ccd_dec_y = 5.107633526642033
ccd_defocus = 0.28567908178006335
ccd_tilt_x = 0.032583007342903265
ccd_tilt_y = -0.0020608312679964275
ccd_tilt_z = 4.664725760917981e-06
p = 0.0001