slit_dec_x_a = -0.181778666534
slit_dec_y_a = -0.18243150017
slit_dec_x_b = 0.14512077562974193
slit_dec_y_b = -0.05510809031835813
slit_defocus = -0.013753251273089056
slit_tilt_x = 1.054095729344945
slit_tilt_y = -8.560034573249013
slit_tilt_z = -9.02688974425191
d_slit_col = 1594.2902506574628
coll_tilt_x = 0.12142737820870479
coll_tilt_y = -0.026477391287532362
ech_G = 31.614567306544075
ech_blaze = -74.99488839490434
ech_gamma = 1.1556468397237898
echelle_z = 0.05699513154350132
d_col_trf = -1588.0163654896853
trf_mirror_tilt_x = 0.007280403620676554
trf_mirror_tilt_y = 0.1555232938464637
d_col_grm = 0.03569537848802884
grism_dec_x = 236.38327258224328
grism_dec_y = 0.009260770723603127
grm_tilt_x = -0.023506224216870562
grm_tilt_y = 2.325785867261497
grm_G = 222.78406986120382
grm_apex = 17.766472081144467
d_grm_cam  = 21.604697203357073
cam_dec_x = -0.27108078639468736
cam_dec_y = 0.29083423892601173
cam_tilt_x = 0.012435065432404155
cam_tilt_y = 0.00884619192402888
d_cam_ff  = -160.07708887988412
ccd_ff_dec_x = -0.023800460925621034
ccd_ff_dec_y = 0.0420585502604976
ccd_ff_tilt_x = 0.033466929324892085
ccd_ff_tilt_y = -0.5909875349010077
ccd_ff_tilt_z = 0.17191778463105648
d_ff_ccd  = -4.81597793189385
ccd_dec_x = 0.5532971934159152
ccd_dec_y = 5.107638046853856
ccd_defocus = 0.2856765771878919
ccd_tilt_x = 0.03263230299426643
ccd_tilt_y = -0.0021865374036053645
ccd_tilt_z = 4.707814937798427e-06
p = 0.0001