slit_dec_x_a = -0.181778666534
slit_dec_y_a = -0.18243150017
slit_dec_x_b = 0.14512077562974193
slit_dec_y_b = -0.05510809031835813
slit_defocus = -0.013799758217152213
slit_tilt_x = 1.054062890970915
slit_tilt_y = -8.559969429508625
slit_tilt_z = -9.026827644943287
d_slit_col = 1594.2902892002792
coll_tilt_x = 0.12141813154582455
coll_tilt_y = -0.02646012831770236
ech_G = 31.614568096219916
ech_blaze = -74.99488554080382
ech_gamma = 1.1556438070206252
echelle_z = 0.057004998467975486
d_col_trf = -1588.0163602458133
trf_mirror_tilt_x = 0.007293926453323846
trf_mirror_tilt_y = 0.15544549478815273
d_col_grm = 0.03556510925628063
grism_dec_x = 236.38323225123844
grism_dec_y = 0.009296765849828251
grm_tilt_x = -0.023502372563834976
grm_tilt_y = 2.3257904658396367
grm_G = 222.7840729156367
grm_apex = 17.766501031401305
d_grm_cam  = 21.604697768425666
cam_dec_x = -0.271064778458003
cam_dec_y = 0.2908679607809185
cam_tilt_x = 0.01239804689894098
cam_tilt_y = 0.008756319948085149
d_cam_ff  = -160.07711558885072
ccd_ff_dec_x = -0.02380475325428191
ccd_ff_dec_y = 0.04203953631464355
ccd_ff_tilt_x = 0.033519367104964524
ccd_ff_tilt_y = -0.5909782557841847
ccd_ff_tilt_z = 0.17192067913075632
d_ff_ccd  = -4.815979199757776
ccd_dec_x = 0.5533000588511638
ccd_dec_y = 5.107632184933378
ccd_defocus = 0.2858012058228298
ccd_tilt_x = 0.0326219935311955
ccd_tilt_y = -0.0021843420424354884
ccd_tilt_z = 4.692925721733287e-06
p = 0.0001