slit_dec_x_a = -0.1704010755187174
slit_dec_y_a = -0.1956586180351446
slit_dec_x_b = 0.175
slit_dec_y_b = -1.873427204845436e-96
slit_defocus = 0.021316107454035713
slit_tilt_x = 1.1139929631482948
slit_tilt_y = -8.538464858093505
slit_tilt_z = -8.991697199526724
d_slit_col = 1594.3099666334563
coll_tilt_x = 0.11313867661657936
coll_tilt_y = -0.028891804812157026
ech_G = 31.61323429750618
ech_blaze = -74.97482697901351
ech_gamma = 1.138976106542341
echelle_z = 0.07476944355727975
d_col_trf = -1588.017234181265
trf_mirror_tilt_x = 0.026312391485897996
trf_mirror_tilt_y = 0.16220423971650047
d_col_grm = -0.004865665284620894
grism_dec_x = 236.42326508002878
grism_dec_y = 0.03817892822227507
grm_tilt_x = -0.014052127586192842
grm_tilt_y = 2.305277939342946
grm_G = 222.82399849476246
grm_apex = 17.791075932873856
d_grm_cam  = 21.609820340051325
cam_dec_x = -0.3095721258108214
cam_dec_y = 0.24724778836884756
cam_tilt_x = -0.011098592283496637
cam_tilt_y = 0.0037301040016995703
d_cam_ff  = -160.05776573382366
ccd_ff_dec_x = -0.0026023153916862277
ccd_ff_dec_y = 0.05306137537015248
ccd_ff_tilt_x = 0.01949188988804294
ccd_ff_tilt_y = -0.5727994746423883
ccd_ff_tilt_z = 0.18005404101266204
d_ff_ccd  = -4.838975865834803
ccd_dec_x = 0.6213967078835745
ccd_dec_y = 5.157156773148707
ccd_defocus = 0.28073922994013645
ccd_tilt_x = 0.005037716854567863
ccd_tilt_y = -0.010959014715795147
ccd_tilt_z = 5.087968606625887e-06
p = 0.0001