slit_dec_x_a = -0.1704010755187174
slit_dec_y_a = -0.1956586180351446
slit_dec_x_b = 0.175
slit_dec_y_b = -1.8302366295872374e-96
slit_defocus = 0.021393127599925444
slit_tilt_x = 1.1139555410259376
slit_tilt_y = -8.538438891937574
slit_tilt_z = -8.991625908274857
d_slit_col = 1594.3100053288583
coll_tilt_x = 0.11314415041572866
coll_tilt_y = -0.02887784500523272
ech_G = 31.613225917281557
ech_blaze = -74.97482901949883
ech_gamma = 1.1389781740102947
echelle_z = 0.07476785812245265
d_col_trf = -1588.0172366916206
trf_mirror_tilt_x = 0.02628867680085768
trf_mirror_tilt_y = 0.16220151882889478
d_col_grm = -0.004824075483255922
grism_dec_x = 236.42331402115457
grism_dec_y = 0.038173902840289126
grm_tilt_x = -0.01404855059687367
grm_tilt_y = 2.3052726778750197
grm_G = 222.82400444178774
grm_apex = 17.79108513123766
d_grm_cam  = 21.60981757750265
cam_dec_x = -0.30958956483715344
cam_dec_y = 0.2473202155530256
cam_tilt_x = -0.011031492670606111
cam_tilt_y = 0.0038306447725446457
d_cam_ff  = -160.05755482188673
ccd_ff_dec_x = -0.0026009997310970524
ccd_ff_dec_y = 0.0530276202768462
ccd_ff_tilt_x = 0.019496012600842102
ccd_ff_tilt_y = -0.5728040443806894
ccd_ff_tilt_z = 0.18005069504816232
d_ff_ccd  = -4.838944108954666
ccd_dec_x = 0.6214054537351767
ccd_dec_y = 5.157142270937899
ccd_defocus = 0.2806815902774343
ccd_tilt_x = 0.005087748111555961
ccd_tilt_y = -0.010971456176704801
ccd_tilt_z = 5.086208732173311e-06
p = 0.0001