slit_dec_x_a = -0.181778666534
slit_dec_y_a = -0.18243150017
slit_dec_x_b = 0.14512077562974193
slit_dec_y_b = -0.05510809031835813
slit_defocus = -0.01377094517813627
slit_tilt_x = 1.0540900341317812
slit_tilt_y = -8.559983017026651
slit_tilt_z = -9.026902892322038
d_slit_col = 1594.2902870212479
coll_tilt_x = 0.12141327388584246
coll_tilt_y = -0.026460895152884047
ech_G = 31.61455906595565
ech_blaze = -74.99488628195053
ech_gamma = 1.1556421066218032
echelle_z = 0.05701221982862968
d_col_trf = -1588.0163710023428
trf_mirror_tilt_x = 0.007256408273124178
trf_mirror_tilt_y = 0.15549521734905264
d_col_grm = 0.035654167199229994
grism_dec_x = 236.38327024668064
grism_dec_y = 0.009256314796316839
grm_tilt_x = -0.023508491772110854
grm_tilt_y = 2.3257933235318102
grm_G = 222.78407527190828
grm_apex = 17.766528141684304
d_grm_cam  = 21.60469908288701
cam_dec_x = -0.2710861335028512
cam_dec_y = 0.2909442290136973
cam_tilt_x = 0.01249364275736224
cam_tilt_y = 0.00880012798589043
d_cam_ff  = -160.0767412616344
ccd_ff_dec_x = -0.02380532575839284
ccd_ff_dec_y = 0.04204776398881473
ccd_ff_tilt_x = 0.033469881902773266
ccd_ff_tilt_y = -0.590981012817567
ccd_ff_tilt_z = 0.17191544400557482
d_ff_ccd  = -4.815962159459439
ccd_dec_x = 0.5532945898866691
ccd_dec_y = 5.10762992923896
ccd_defocus = 0.2857477651422302
ccd_tilt_x = 0.03260773094672545
ccd_tilt_y = -0.002200600229037906
ccd_tilt_z = 4.68034818740447e-06
p = 0.0001