slit_dec_x_a = -0.181778666534
slit_dec_y_a = -0.18243150017
slit_dec_x_b = 0.14512077562974193
slit_dec_y_b = -0.05510809031835813
slit_defocus = -0.013787684605873813
slit_tilt_x = 1.054108932592781
slit_tilt_y = -8.559902775820676
slit_tilt_z = -9.02683978144453
d_slit_col = 1594.290292857385
coll_tilt_x = 0.12143506988012596
coll_tilt_y = -0.02644307507195094
ech_G = 31.6145637938798
ech_blaze = -74.99489151568979
ech_gamma = 1.1556419422310258
echelle_z = 0.05699791772764986
d_col_trf = -1588.0163555685422
trf_mirror_tilt_x = 0.0072405770300005565
trf_mirror_tilt_y = 0.15542999544008007
d_col_grm = 0.03567889516253324
grism_dec_x = 236.3832501832597
grism_dec_y = 0.009244481714877085
grm_tilt_x = -0.02350749966957337
grm_tilt_y = 2.3257913746790697
grm_G = 222.78406970892846
grm_apex = 17.76655010458524
d_grm_cam  = 21.604696382783352
cam_dec_x = -0.27113311972767357
cam_dec_y = 0.2909286845024394
cam_tilt_x = 0.012501856172349283
cam_tilt_y = 0.008844933642622461
d_cam_ff  = -160.07732715621248
ccd_ff_dec_x = -0.023798119433522374
ccd_ff_dec_y = 0.04203861814090325
ccd_ff_tilt_x = 0.03346072413672625
ccd_ff_tilt_y = -0.5909882910450517
ccd_ff_tilt_z = 0.17191852958840198
d_ff_ccd  = -4.815960400006021
ccd_dec_x = 0.5532894454838868
ccd_dec_y = 5.107633573719933
ccd_defocus = 0.2857349543497142
ccd_tilt_x = 0.032595374617602826
ccd_tilt_y = -0.002202572449300092
ccd_tilt_z = 4.709830739023597e-06
p = 0.0001