slit_dec_x_a = -0.1704010755187174
slit_dec_y_a = -0.1956586180351446
slit_dec_x_b = 0.175
slit_dec_y_b = -1.8743718403517343e-96
slit_defocus = 0.021334070986272782
slit_tilt_x = 1.1140082742847606
slit_tilt_y = -8.538486708865108
slit_tilt_z = -8.9916516526675
d_slit_col = 1594.309988077662
coll_tilt_x = 0.11316768571688046
coll_tilt_y = -0.028883239455602606
ech_G = 31.613228475752365
ech_blaze = -74.97482950275095
ech_gamma = 1.138974324303352
echelle_z = 0.07477220155863214
d_col_trf = -1588.0172366440609
trf_mirror_tilt_x = 0.026267242187101386
trf_mirror_tilt_y = 0.1622249014776361
d_col_grm = -0.00485541885938378
grism_dec_x = 236.42328483548928
grism_dec_y = 0.038247523927070454
grm_tilt_x = -0.014055474500489374
grm_tilt_y = 2.3052831549416704
grm_G = 222.8240017127749
grm_apex = 17.79106042712385
d_grm_cam  = 21.60981444153926
cam_dec_x = -0.30955390986277265
cam_dec_y = 0.24725074247401646
cam_tilt_x = -0.011036822838552026
cam_tilt_y = 0.003775688121588204
d_cam_ff  = -160.05752514144388
ccd_ff_dec_x = -0.0025989374738538676
ccd_ff_dec_y = 0.052986709465689445
ccd_ff_tilt_x = 0.01953097914467503
ccd_ff_tilt_y = -0.5728001469396093
ccd_ff_tilt_z = 0.18004851399240002
d_ff_ccd  = -4.838974813409996
ccd_dec_x = 0.6213973922214467
ccd_dec_y = 5.157151701736214
ccd_defocus = 0.28069838308012884
ccd_tilt_x = 0.004977088383212778
ccd_tilt_y = -0.010914336638924795
ccd_tilt_z = 5.089636560538708e-06
p = 0.0001