slit_dec_x_a = -0.181778666534
slit_dec_y_a = -0.18243150017
slit_dec_x_b = 0.14512077562974193
slit_dec_y_b = -0.05510809031835813
slit_defocus = -0.013809217975061957
slit_tilt_x = 1.0541732814475266
slit_tilt_y = -8.559885997051124
slit_tilt_z = -9.026780363237904
d_slit_col = 1594.2902292508743
coll_tilt_x = 0.12142802128010817
coll_tilt_y = -0.02647805397676196
ech_G = 31.61456835779431
ech_blaze = -74.99488851131993
ech_gamma = 1.1556393343268516
echelle_z = 0.05700850443152572
d_col_trf = -1588.0163671792645
trf_mirror_tilt_x = 0.007277331705420614
trf_mirror_tilt_y = 0.1554215427214039
d_col_grm = 0.0356701524856675
grism_dec_x = 236.38316843765335
grism_dec_y = 0.009218949253440797
grm_tilt_x = -0.023501432058222617
grm_tilt_y = 2.3257862734987422
grm_G = 222.78407683376793
grm_apex = 17.766562591073622
d_grm_cam  = 21.604700114153037
cam_dec_x = -0.27116181493451563
cam_dec_y = 0.29082669556848184
cam_tilt_x = 0.012443372318810814
cam_tilt_y = 0.008810590629313032
d_cam_ff  = -160.0769617270845
ccd_ff_dec_x = -0.023806570416210295
ccd_ff_dec_y = 0.042020781055110756
ccd_ff_tilt_x = 0.03342853870222147
ccd_ff_tilt_y = -0.5909790392278128
ccd_ff_tilt_z = 0.1719164563839846
d_ff_ccd  = -4.816064333995517
ccd_dec_x = 0.5532983958970245
ccd_dec_y = 5.107628455950679
ccd_defocus = 0.2858059331467089
ccd_tilt_x = 0.0325845973519534
ccd_tilt_y = -0.0021340077017909017
ccd_tilt_z = 4.703084884340131e-06
p = 0.0001