slit_dec_x_a = -0.181778666534
slit_dec_y_a = -0.18243150017
slit_dec_x_b = 0.14512077562974193
slit_dec_y_b = -0.05510809031835813
slit_defocus = -0.01380615007325033
slit_tilt_x = 1.0541500513837034
slit_tilt_y = -8.559984302143642
slit_tilt_z = -9.026902740443044
d_slit_col = 1594.2902592753358
coll_tilt_x = 0.12143604091775051
coll_tilt_y = -0.02648798051898364
ech_G = 31.614563537153444
ech_blaze = -74.99489812637667
ech_gamma = 1.155633896184958
echelle_z = 0.05699814387938809
d_col_trf = -1588.0163617463456
trf_mirror_tilt_x = 0.007296446200942285
trf_mirror_tilt_y = 0.15548660517246485
d_col_grm = 0.03569595663965108
grism_dec_x = 236.38323915033806
grism_dec_y = 0.009318737090912941
grm_tilt_x = -0.023511920597967573
grm_tilt_y = 2.325787310087404
grm_G = 222.78406713301683
grm_apex = 17.76658712227469
d_grm_cam  = 21.604702463579617
cam_dec_x = -0.2711413930423557
cam_dec_y = 0.2908694264192626
cam_tilt_x = 0.012474832658309029
cam_tilt_y = 0.0088555171830801
d_cam_ff  = -160.07701019703384
ccd_ff_dec_x = -0.023797321091152766
ccd_ff_dec_y = 0.04209193608394963
ccd_ff_tilt_x = 0.03347571368960589
ccd_ff_tilt_y = -0.5909747068003104
ccd_ff_tilt_z = 0.17192509975043396
d_ff_ccd  = -4.815972026661762
ccd_dec_x = 0.5533001723253599
ccd_dec_y = 5.107631549630096
ccd_defocus = 0.2856947243356311
ccd_tilt_x = 0.03259224362062617
ccd_tilt_y = -0.0022498629013464637
ccd_tilt_z = 4.703712672163489e-06
p = 0.0001