slit_dec_x_a = -0.181778666534
slit_dec_y_a = -0.18243150017
slit_dec_x_b = 0.14512077562974193
slit_dec_y_b = -0.05510809031835813
slit_defocus = -0.013823807173085203
slit_tilt_x = 1.0540710496672003
slit_tilt_y = -8.55996814403233
slit_tilt_z = -9.026884235122338
d_slit_col = 1594.290295951413
coll_tilt_x = 0.1214307212331504
coll_tilt_y = -0.026445768949306697
ech_G = 31.614567156143778
ech_blaze = -74.99488567241347
ech_gamma = 1.1556364524401803
echelle_z = 0.057005999598290114
d_col_trf = -1588.0163621873955
trf_mirror_tilt_x = 0.007271631847713492
trf_mirror_tilt_y = 0.1554471469794178
d_col_grm = 0.035675651881523024
grism_dec_x = 236.383230214027
grism_dec_y = 0.009315362906503252
grm_tilt_x = -0.02350330312750292
grm_tilt_y = 2.3257862011774946
grm_G = 222.78406924430678
grm_apex = 17.766550288866647
d_grm_cam  = 21.60470428232875
cam_dec_x = -0.271128893774242
cam_dec_y = 0.2908469797293715
cam_tilt_x = 0.012410991040051379
cam_tilt_y = 0.008896537027783522
d_cam_ff  = -160.07700320396756
ccd_ff_dec_x = -0.023805475654008524
ccd_ff_dec_y = 0.042093642679496404
ccd_ff_tilt_x = 0.033474015674844856
ccd_ff_tilt_y = -0.590983366507788
ccd_ff_tilt_z = 0.1719205345545686
d_ff_ccd  = -4.8159743690332455
ccd_dec_x = 0.5532947933300943
ccd_dec_y = 5.107633422474771
ccd_defocus = 0.2857410534004114
ccd_tilt_x = 0.03265981924330061
ccd_tilt_y = -0.0021872089930046403
ccd_tilt_z = 4.692238895909302e-06
p = 0.0001