slit_dec_x_a = -0.1704010755187174
slit_dec_y_a = -0.1956586180351446
slit_dec_x_b = 0.175
slit_dec_y_b = -1.8269197076814134e-96
slit_defocus = 0.02137726726640253
slit_tilt_x = 1.1140548048345917
slit_tilt_y = -8.538466922821039
slit_tilt_z = -8.991628330286721
d_slit_col = 1594.3099272008892
coll_tilt_x = 0.11316255660140362
coll_tilt_y = -0.028934856164195902
ech_G = 31.613229782561177
ech_blaze = -74.97483198223946
ech_gamma = 1.1389796695203056
echelle_z = 0.07476574643184987
d_col_trf = -1588.0172263025888
trf_mirror_tilt_x = 0.026336038715744272
trf_mirror_tilt_y = 0.1622526220082781
d_col_grm = -0.004815933639404379
grism_dec_x = 236.4232736586082
grism_dec_y = 0.03817993517626048
grm_tilt_x = -0.014058976630349211
grm_tilt_y = 2.305281613409105
grm_G = 222.82400463880344
grm_apex = 17.79108168516294
d_grm_cam  = 21.609820760098348
cam_dec_x = -0.30951250931713686
cam_dec_y = 0.24735141596991514
cam_tilt_x = -0.011033662988257515
cam_tilt_y = 0.003757090975577032
d_cam_ff  = -160.05750308945682
ccd_ff_dec_x = -0.002599478476834879
ccd_ff_dec_y = 0.052981057129964274
ccd_ff_tilt_x = 0.019497885319616062
ccd_ff_tilt_y = -0.5728040747545875
ccd_ff_tilt_z = 0.1800621564094033
d_ff_ccd  = -4.838943021907968
ccd_dec_x = 0.6214047055438284
ccd_dec_y = 5.15715377588278
ccd_defocus = 0.2806705272575984
ccd_tilt_x = 0.005034705152375494
ccd_tilt_y = -0.01090752130229257
ccd_tilt_z = 5.15043294538732e-06
p = 0.0001