slit_dec_x_a = -0.1704010755187174
slit_dec_y_a = -0.1956586180351446
slit_dec_x_b = 0.175
slit_dec_y_b = -1.8778018497185806e-96
slit_defocus = 0.02134269028278346
slit_tilt_x = 1.1139820063687886
slit_tilt_y = -8.53849108037866
slit_tilt_z = -8.991648569358263
d_slit_col = 1594.30995149159
coll_tilt_x = 0.11314367495773596
coll_tilt_y = -0.028813243561994616
ech_G = 31.61322986909074
ech_blaze = -74.9748328319065
ech_gamma = 1.1389722454470088
echelle_z = 0.07476775994416612
d_col_trf = -1588.0172340467664
trf_mirror_tilt_x = 0.026244130897273104
trf_mirror_tilt_y = 0.16222045034074575
d_col_grm = -0.004802499414590661
grism_dec_x = 236.42328014364045
grism_dec_y = 0.038161539187740026
grm_tilt_x = -0.014058424176028952
grm_tilt_y = 2.305273336680831
grm_G = 222.82400740350755
grm_apex = 17.791057405862333
d_grm_cam  = 21.609819766177502
cam_dec_x = -0.30951726100605653
cam_dec_y = 0.24729508078710516
cam_tilt_x = -0.01100867231948921
cam_tilt_y = 0.0037609048096184723
d_cam_ff  = -160.0577883012836
ccd_ff_dec_x = -0.002606477843466158
ccd_ff_dec_y = 0.05304749899735003
ccd_ff_tilt_x = 0.019583484838257708
ccd_ff_tilt_y = -0.5728042331479138
ccd_ff_tilt_z = 0.18004894627601425
d_ff_ccd  = -4.838923633589316
ccd_dec_x = 0.6214122372801091
ccd_dec_y = 5.1571493938851924
ccd_defocus = 0.28066607374849806
ccd_tilt_x = 0.00508449319555493
ccd_tilt_y = -0.010903538670555773
ccd_tilt_z = 5.101555984756272e-06
p = 0.0001