slit_dec_x_a = -0.181778666534
slit_dec_y_a = -0.18243150017
slit_dec_x_b = 0.14512077562974193
slit_dec_y_b = -0.05510809031835813
slit_defocus = -0.013825173586731215
slit_tilt_x = 1.0541147402455522
slit_tilt_y = -8.559943337537222
slit_tilt_z = -9.026877117558827
d_slit_col = 1594.2903115724396
coll_tilt_x = 0.1214837002379487
coll_tilt_y = -0.02655513608070246
ech_G = 31.614571980149975
ech_blaze = -74.99488619482686
ech_gamma = 1.1556408502332867
echelle_z = 0.057000590439092336
d_col_trf = -1588.0163546084657
trf_mirror_tilt_x = 0.007307202244636654
trf_mirror_tilt_y = 0.15546974786832699
d_col_grm = 0.03562431088385732
grism_dec_x = 236.38321798546053
grism_dec_y = 0.009195828334979894
grm_tilt_x = -0.023507298885018787
grm_tilt_y = 2.325785590653378
grm_G = 222.7840689402691
grm_apex = 17.766517863105207
d_grm_cam  = 21.6047052023802
cam_dec_x = -0.27107343165677494
cam_dec_y = 0.2908615328331957
cam_tilt_x = 0.01245395637674986
cam_tilt_y = 0.008862369532276516
d_cam_ff  = -160.07685757060753
ccd_ff_dec_x = -0.023798425045012048
ccd_ff_dec_y = 0.04201723887716546
ccd_ff_tilt_x = 0.03344997101489572
ccd_ff_tilt_y = -0.5909780235611382
ccd_ff_tilt_z = 0.17191831267492408
d_ff_ccd  = -4.8160060102208755
ccd_dec_x = 0.5532972794280658
ccd_dec_y = 5.107632344460232
ccd_defocus = 0.2857457725920395
ccd_tilt_x = 0.032584698684491306
ccd_tilt_y = -0.0022105887434212997
ccd_tilt_z = 4.719934102758066e-06
p = 0.0001