slit_dec_x_a = -0.181778666534
slit_dec_y_a = -0.18243150017
slit_dec_x_b = 0.14512077562974193
slit_dec_y_b = -0.05510809031835813
slit_defocus = -0.013820457563509483
slit_tilt_x = 1.0540833736224517
slit_tilt_y = -8.559896484964387
slit_tilt_z = -9.02691095035676
d_slit_col = 1594.2902937818335
coll_tilt_x = 0.12143094261578456
coll_tilt_y = -0.02648514805092907
ech_G = 31.61456609867311
ech_blaze = -74.994887611995
ech_gamma = 1.1556426341571637
echelle_z = 0.057005076190960534
d_col_trf = -1588.0163606764252
trf_mirror_tilt_x = 0.007306772555046485
trf_mirror_tilt_y = 0.15544768997136868
d_col_grm = 0.03558406116572917
grism_dec_x = 236.38324374889453
grism_dec_y = 0.009222404552917722
grm_tilt_x = -0.02351269084102351
grm_tilt_y = 2.3257929316235484
grm_G = 222.7840724041329
grm_apex = 17.76653431196727
d_grm_cam  = 21.604701684213023
cam_dec_x = -0.27107106292091876
cam_dec_y = 0.2909083927199454
cam_tilt_x = 0.012463794937409558
cam_tilt_y = 0.008862439402843285
d_cam_ff  = -160.07715863228538
ccd_ff_dec_x = -0.023808518746519246
ccd_ff_dec_y = 0.04209309101755036
ccd_ff_tilt_x = 0.03347925883744426
ccd_ff_tilt_y = -0.5909788429659376
ccd_ff_tilt_z = 0.17191581623229385
d_ff_ccd  = -4.815990345356801
ccd_dec_x = 0.5533017481620338
ccd_dec_y = 5.107628314243411
ccd_defocus = 0.2857560810246393
ccd_tilt_x = 0.032586073015775936
ccd_tilt_y = -0.002130255847252937
ccd_tilt_z = 4.705386193788532e-06
p = 0.0001