slit_dec_x_a = -0.1704010755187174
slit_dec_y_a = -0.1956586180351446
slit_dec_x_b = 0.175
slit_dec_y_b = -1.9032500495684843e-96
slit_defocus = 0.02141402182234027
slit_tilt_x = 1.1140426503617398
slit_tilt_y = -8.538426240552203
slit_tilt_z = -8.991589261333095
d_slit_col = 1594.3099016918616
coll_tilt_x = 0.11320903242124067
coll_tilt_y = -0.028910700539856986
ech_G = 31.613233239700786
ech_blaze = -74.974836722895
ech_gamma = 1.1389775945657126
echelle_z = 0.07477057117590322
d_col_trf = -1588.017230377169
trf_mirror_tilt_x = 0.02637761776629904
trf_mirror_tilt_y = 0.16219550278046013
d_col_grm = -0.0048599206014846375
grism_dec_x = 236.42331759126066
grism_dec_y = 0.03825795895695416
grm_tilt_x = -0.01405920989047624
grm_tilt_y = 2.305276047840667
grm_G = 222.82401035959325
grm_apex = 17.791054479192198
d_grm_cam  = 21.60981904351815
cam_dec_x = -0.30951034557343443
cam_dec_y = 0.24725997386860063
cam_tilt_x = -0.011005041475732573
cam_tilt_y = 0.003769144461301423
d_cam_ff  = -160.05770843260095
ccd_ff_dec_x = -0.002598525492843883
ccd_ff_dec_y = 0.05305148640383932
ccd_ff_tilt_x = 0.01955734135613227
ccd_ff_tilt_y = -0.5728007325320585
ccd_ff_tilt_z = 0.18006286817145434
d_ff_ccd  = -4.838943229659547
ccd_dec_x = 0.6214102448140517
ccd_dec_y = 5.157148958752781
ccd_defocus = 0.2807546273111282
ccd_tilt_x = 0.005052726128996214
ccd_tilt_y = -0.010921343313214583
ccd_tilt_z = 5.0639009031719955e-06
p = 0.0001