slit_dec_x_a = -0.181778666534
slit_dec_y_a = -0.18243150017
slit_dec_x_b = 0.14512077562974193
slit_dec_y_b = -0.05510809031835813
slit_defocus = -0.0137827128144908
slit_tilt_x = 1.0541141444981321
slit_tilt_y = -8.56005802199165
slit_tilt_z = -9.02685899801962
d_slit_col = 1594.2902576305014
coll_tilt_x = 0.12138842922498218
coll_tilt_y = -0.026482319672560803
ech_G = 31.614561598489054
ech_blaze = -74.99488502210406
ech_gamma = 1.1556405594831822
echelle_z = 0.05700924387949191
d_col_trf = -1588.0163616269629
trf_mirror_tilt_x = 0.007311158992157134
trf_mirror_tilt_y = 0.15542470678969997
d_col_grm = 0.03566669654537321
grism_dec_x = 236.38329069889238
grism_dec_y = 0.009233976821930067
grm_tilt_x = -0.023509940931529975
grm_tilt_y = 2.325784260234844
grm_G = 222.78407243823577
grm_apex = 17.766483460279467
d_grm_cam  = 21.60470134330403
cam_dec_x = -0.2710961487817992
cam_dec_y = 0.2908793463259728
cam_tilt_x = 0.012414800776508026
cam_tilt_y = 0.00883865277787906
d_cam_ff  = -160.07699739416626
ccd_ff_dec_x = -0.023794424333223114
ccd_ff_dec_y = 0.0420578407472298
ccd_ff_tilt_x = 0.03347288301441192
ccd_ff_tilt_y = -0.5909824539514178
ccd_ff_tilt_z = 0.1719079153477482
d_ff_ccd  = -4.815935791564654
ccd_dec_x = 0.5532995289757086
ccd_dec_y = 5.107625930160493
ccd_defocus = 0.28577412936656854
ccd_tilt_x = 0.03262784420724457
ccd_tilt_y = -0.0020633450745521
ccd_tilt_z = 4.6867511390335184e-06
p = 0.0001