slit_dec_x_a = -0.181778666534
slit_dec_y_a = -0.18243150017
slit_dec_x_b = 0.14512077562974193
slit_dec_y_b = -0.05510809031835813
slit_defocus = -0.013802292388249652
slit_tilt_x = 1.0540558730494305
slit_tilt_y = -8.559941035521014
slit_tilt_z = -9.02687270270539
d_slit_col = 1594.2902972723052
coll_tilt_x = 0.12142668029373269
coll_tilt_y = -0.026477118392699537
ech_G = 31.614562118155767
ech_blaze = -74.99488742143977
ech_gamma = 1.1556432189653212
echelle_z = 0.05700886778235478
d_col_trf = -1588.016365220608
trf_mirror_tilt_x = 0.0073091209686871736
trf_mirror_tilt_y = 0.15541645254447847
d_col_grm = 0.03571530658595984
grism_dec_x = 236.38318778391658
grism_dec_y = 0.009252143933077763
grm_tilt_x = -0.023508260370267955
grm_tilt_y = 2.325787133464741
grm_G = 222.7840689994508
grm_apex = 17.766473723351027
d_grm_cam  = 21.60470277565605
cam_dec_x = -0.271149250628947
cam_dec_y = 0.2908846782019288
cam_tilt_x = 0.012467190007417465
cam_tilt_y = 0.008846285868171069
d_cam_ff  = -160.0767192253136
ccd_ff_dec_x = -0.02379688091142737
ccd_ff_dec_y = 0.042061916654502145
ccd_ff_tilt_x = 0.033521800975683934
ccd_ff_tilt_y = -0.5909819446131079
ccd_ff_tilt_z = 0.1719195675567736
d_ff_ccd  = -4.816015253968143
ccd_dec_x = 0.5532999374953593
ccd_dec_y = 5.107630419346097
ccd_defocus = 0.2857413779672161
ccd_tilt_x = 0.03262856653480027
ccd_tilt_y = -0.002159941132942936
ccd_tilt_z = 4.684456517309535e-06
p = 0.0001