slit_dec_x_a = -0.1704010755187174
slit_dec_y_a = -0.1956586180351446
slit_dec_x_b = 0.175
slit_dec_y_b = -1.8631354919118431e-96
slit_defocus = 0.021357712652559813
slit_tilt_x = 1.1140370076028951
slit_tilt_y = -8.538431217661863
slit_tilt_z = -8.991636096700448
d_slit_col = 1594.3099870795531
coll_tilt_x = 0.11321260518716054
coll_tilt_y = -0.028853916443290894
ech_G = 31.61322895335293
ech_blaze = -74.97483145287643
ech_gamma = 1.1389745435109524
echelle_z = 0.07477688968427355
d_col_trf = -1588.0172325604046
trf_mirror_tilt_x = 0.0262326077497491
trf_mirror_tilt_y = 0.162251335901089
d_col_grm = -0.004796455715493299
grism_dec_x = 236.42326839293338
grism_dec_y = 0.03813226842904348
grm_tilt_x = -0.014051946188639329
grm_tilt_y = 2.3052721573058492
grm_G = 222.8239972832223
grm_apex = 17.791027654383797
d_grm_cam  = 21.609814611525767
cam_dec_x = -0.3095315918396016
cam_dec_y = 0.24737086931953559
cam_tilt_x = -0.010999066172535309
cam_tilt_y = 0.0038132204892967316
d_cam_ff  = -160.057422015401
ccd_ff_dec_x = -0.002604022744324496
ccd_ff_dec_y = 0.05303212981768338
ccd_ff_tilt_x = 0.0194815941290732
ccd_ff_tilt_y = -0.5728014213643012
ccd_ff_tilt_z = 0.1800429626694334
d_ff_ccd  = -4.838957946021588
ccd_dec_x = 0.6214050850147058
ccd_dec_y = 5.157151842769089
ccd_defocus = 0.28074118573104473
ccd_tilt_x = 0.005006343788160338
ccd_tilt_y = -0.010868532739415083
ccd_tilt_z = 5.072144202551896e-06
p = 0.0001