slit_dec_x_a = -0.181778666534
slit_dec_y_a = -0.18243150017
slit_dec_x_b = 0.14512077562974193
slit_dec_y_b = -0.05510809031835813
slit_defocus = -0.01380579063528545
slit_tilt_x = 1.0540756302054604
slit_tilt_y = -8.560050302731318
slit_tilt_z = -9.026864180337627
d_slit_col = 1594.2903281762015
coll_tilt_x = 0.12146954966313454
coll_tilt_y = -0.02646908613973106
ech_G = 31.61456772903975
ech_blaze = -74.99488698319274
ech_gamma = 1.1556386219847967
echelle_z = 0.056997299188006036
d_col_trf = -1588.0163607186105
trf_mirror_tilt_x = 0.00730883506114097
trf_mirror_tilt_y = 0.15548965214424298
d_col_grm = 0.035637275336153094
grism_dec_x = 236.3831722864834
grism_dec_y = 0.009269729351420682
grm_tilt_x = -0.023506914623684462
grm_tilt_y = 2.3257916107163856
grm_G = 222.78406703287857
grm_apex = 17.766464986959132
d_grm_cam  = 21.604705295068218
cam_dec_x = -0.271147148147974
cam_dec_y = 0.29088328615790804
cam_tilt_x = 0.012464285253351385
cam_tilt_y = 0.008751599157839143
d_cam_ff  = -160.07747349648145
ccd_ff_dec_x = -0.023806636063614547
ccd_ff_dec_y = 0.04208425343719248
ccd_ff_tilt_x = 0.03345741061883122
ccd_ff_tilt_y = -0.5909755585072892
ccd_ff_tilt_z = 0.1719138134773924
d_ff_ccd  = -4.815980132096687
ccd_dec_x = 0.5532921036990676
ccd_dec_y = 5.107638914201639
ccd_defocus = 0.2857443383775317
ccd_tilt_x = 0.032540169229611886
ccd_tilt_y = -0.002176415335385902
ccd_tilt_z = 4.733247459147332e-06
p = 0.0001