slit_dec_x_a = -0.181778666534
slit_dec_y_a = -0.18243150017
slit_dec_x_b = 0.14512077562974193
slit_dec_y_b = -0.05510809031835813
slit_defocus = -0.013765647610243329
slit_tilt_x = 1.054100854863222
slit_tilt_y = -8.55993935933977
slit_tilt_z = -9.026880663104588
d_slit_col = 1594.2903085638588
coll_tilt_x = 0.12143901460826957
coll_tilt_y = -0.02647133633537898
ech_G = 31.61456932925799
ech_blaze = -74.99489754917049
ech_gamma = 1.155636219814105
echelle_z = 0.057005861021450756
d_col_trf = -1588.0163672839556
trf_mirror_tilt_x = 0.007264153904310471
trf_mirror_tilt_y = 0.1554656230248948
d_col_grm = 0.03566337526750543
grism_dec_x = 236.38321271537131
grism_dec_y = 0.00922430898136
grm_tilt_x = -0.02350974452591819
grm_tilt_y = 2.3257910704677687
grm_G = 222.78406684356446
grm_apex = 17.766585317269108
d_grm_cam  = 21.60470058208504
cam_dec_x = -0.27103849134780894
cam_dec_y = 0.2909504706851541
cam_tilt_x = 0.01243098210555885
cam_tilt_y = 0.008812922123263388
d_cam_ff  = -160.07730695203693
ccd_ff_dec_x = -0.023801466821781487
ccd_ff_dec_y = 0.042109679381131394
ccd_ff_tilt_x = 0.033493466780114466
ccd_ff_tilt_y = -0.590981898177184
ccd_ff_tilt_z = 0.17191748221528597
d_ff_ccd  = -4.816035985396029
ccd_dec_x = 0.5532955605749846
ccd_dec_y = 5.107630029230308
ccd_defocus = 0.2857564587814408
ccd_tilt_x = 0.03253827758423318
ccd_tilt_y = -0.0021942537931302452
ccd_tilt_z = 4.693793664183348e-06
p = 0.0001