slit_dec_x_a = -0.1704010755187174
slit_dec_y_a = -0.1956586180351446
slit_dec_x_b = 0.175
slit_dec_y_b = -1.8659897849844083e-96
slit_defocus = 0.021439143483532843
slit_tilt_x = 1.1140329859714295
slit_tilt_y = -8.538385727449148
slit_tilt_z = -8.991601703908126
d_slit_col = 1594.310037839347
coll_tilt_x = 0.11320039252826755
coll_tilt_y = -0.028874920118386584
ech_G = 31.613234399628016
ech_blaze = -74.97483342609557
ech_gamma = 1.1389771730501688
echelle_z = 0.07476655579215474
d_col_trf = -1588.0172332345267
trf_mirror_tilt_x = 0.02624132577950239
trf_mirror_tilt_y = 0.16217123389556196
d_col_grm = -0.00489392948180272
grism_dec_x = 236.42338012507844
grism_dec_y = 0.03814979327504948
grm_tilt_x = -0.014051567073259575
grm_tilt_y = 2.305279559849643
grm_G = 222.824002553146
grm_apex = 17.791013811399374
d_grm_cam  = 21.609819225782637
cam_dec_x = -0.30954739725166647
cam_dec_y = 0.24724921588043658
cam_tilt_x = -0.011018350846165051
cam_tilt_y = 0.003762365387322728
d_cam_ff  = -160.05748029005437
ccd_ff_dec_x = -0.002600366204354381
ccd_ff_dec_y = 0.05297099522167631
ccd_ff_tilt_x = 0.019481339903884228
ccd_ff_tilt_y = -0.5728031838103057
ccd_ff_tilt_z = 0.18005180085172012
d_ff_ccd  = -4.838994428806081
ccd_dec_x = 0.6214074420467689
ccd_dec_y = 5.157147011191899
ccd_defocus = 0.28068706148862327
ccd_tilt_x = 0.005002468557864764
ccd_tilt_y = -0.0109109607884555
ccd_tilt_z = 5.079876543916539e-06
p = 0.0001