slit_dec_x_a = -0.181778666534
slit_dec_y_a = -0.18243150017
slit_dec_x_b = 0.14512077562974193
slit_dec_y_b = -0.05510809031835813
slit_defocus = -0.013785621019737418
slit_tilt_x = 1.054099845240101
slit_tilt_y = -8.559915507950574
slit_tilt_z = -9.02689459439098
d_slit_col = 1594.2902942964474
coll_tilt_x = 0.1214205958553107
coll_tilt_y = -0.02645825297429169
ech_G = 31.614566268871474
ech_blaze = -74.99488699990358
ech_gamma = 1.1556451053287793
echelle_z = 0.056998953741398406
d_col_trf = -1588.016357719243
trf_mirror_tilt_x = 0.007322862941598171
trf_mirror_tilt_y = 0.15542824241019018
d_col_grm = 0.03572123887411934
grism_dec_x = 236.3831916742572
grism_dec_y = 0.009258099845916752
grm_tilt_x = -0.02350590676334117
grm_tilt_y = 2.325788251971256
grm_G = 222.78406720034317
grm_apex = 17.76653051218663
d_grm_cam  = 21.604693550909783
cam_dec_x = -0.27114280218347997
cam_dec_y = 0.2908657479322721
cam_tilt_x = 0.01237843750832517
cam_tilt_y = 0.008855643983700758
d_cam_ff  = -160.07715757665295
ccd_ff_dec_x = -0.023803951394722505
ccd_ff_dec_y = 0.042061907835121884
ccd_ff_tilt_x = 0.03348096562564993
ccd_ff_tilt_y = -0.5909800531451227
ccd_ff_tilt_z = 0.17192604714763268
d_ff_ccd  = -4.815985079753396
ccd_dec_x = 0.5532956605278074
ccd_dec_y = 5.107635094471591
ccd_defocus = 0.28578060347525075
ccd_tilt_x = 0.03264412157417027
ccd_tilt_y = -0.002201642295100903
ccd_tilt_z = 4.665197313257201e-06
p = 0.0001