slit_dec_x_a = -0.181778666534
slit_dec_y_a = -0.18243150017
slit_dec_x_b = 0.14512077562974193
slit_dec_y_b = -0.05510809031835813
slit_defocus = -0.013760782009409861
slit_tilt_x = 1.0540630013420356
slit_tilt_y = -8.559938662538089
slit_tilt_z = -9.026854939653209
d_slit_col = 1594.2902533313925
coll_tilt_x = 0.12140428874231637
coll_tilt_y = -0.026467664920498707
ech_G = 31.61456136046665
ech_blaze = -74.99489146317957
ech_gamma = 1.1556378757624899
echelle_z = 0.0570049445632459
d_col_trf = -1588.016361609033
trf_mirror_tilt_x = 0.007337204937644269
trf_mirror_tilt_y = 0.15547492425246584
d_col_grm = 0.035711472075490185
grism_dec_x = 236.38314684611314
grism_dec_y = 0.00920006292179273
grm_tilt_x = -0.02350632438765268
grm_tilt_y = 2.3257909681061175
grm_G = 222.7840701195452
grm_apex = 17.76650185918354
d_grm_cam  = 21.60469596566593
cam_dec_x = -0.2711305038145727
cam_dec_y = 0.29086635210015
cam_tilt_x = 0.012499132925362958
cam_tilt_y = 0.008822810711549927
d_cam_ff  = -160.07706802150895
ccd_ff_dec_x = -0.023810507251448166
ccd_ff_dec_y = 0.04199720553534137
ccd_ff_tilt_x = 0.0334512048002523
ccd_ff_tilt_y = -0.5909847927079028
ccd_ff_tilt_z = 0.17192004814807413
d_ff_ccd  = -4.815967770499685
ccd_dec_x = 0.553302193474636
ccd_dec_y = 5.107636718787851
ccd_defocus = 0.2857606250525117
ccd_tilt_x = 0.032622700076199516
ccd_tilt_y = -0.0021968702642743703
ccd_tilt_z = 4.7031194447803636e-06
p = 0.0001