slit_dec_x_a = -0.181778666534
slit_dec_y_a = -0.18243150017
slit_dec_x_b = 0.14512077562974193
slit_dec_y_b = -0.05510809031835813
slit_defocus = -0.013804733792296457
slit_tilt_x = 1.0540875581992022
slit_tilt_y = -8.55992329986428
slit_tilt_z = -9.02693653160534
d_slit_col = 1594.2903678558978
coll_tilt_x = 0.12141808287355181
coll_tilt_y = -0.02650681383477467
ech_G = 31.61456429174943
ech_blaze = -74.99488223049865
ech_gamma = 1.1556369570635994
echelle_z = 0.05700871776112201
d_col_trf = -1588.016366828601
trf_mirror_tilt_x = 0.007290493745065968
trf_mirror_tilt_y = 0.15542234487405862
d_col_grm = 0.03572899858868036
grism_dec_x = 236.38319645808866
grism_dec_y = 0.009240055668793563
grm_tilt_x = -0.02349973969392779
grm_tilt_y = 2.3257893359963764
grm_G = 222.7840717714041
grm_apex = 17.766523958458478
d_grm_cam  = 21.60469902139417
cam_dec_x = -0.271082256470589
cam_dec_y = 0.290837998658427
cam_tilt_x = 0.01236531919011536
cam_tilt_y = 0.008836155855145472
d_cam_ff  = -160.07727807217657
ccd_ff_dec_x = -0.023802515829946767
ccd_ff_dec_y = 0.04203370820822235
ccd_ff_tilt_x = 0.0335043181179614
ccd_ff_tilt_y = -0.5909831375239369
ccd_ff_tilt_z = 0.17191508372873957
d_ff_ccd  = -4.81601083057241
ccd_dec_x = 0.5533034795912242
ccd_dec_y = 5.107631353595772
ccd_defocus = 0.2857456234398182
ccd_tilt_x = 0.03257903537553997
ccd_tilt_y = -0.0021349890631081137
ccd_tilt_z = 4.661946715733143e-06
p = 0.0001