slit_dec_x_a = -0.1704010755187174
slit_dec_y_a = -0.1956586180351446
slit_dec_x_b = 0.175
slit_dec_y_b = -1.8337897263319848e-96
slit_defocus = 0.021451580364761556
slit_tilt_x = 1.1140087332970838
slit_tilt_y = -8.53849029745723
slit_tilt_z = -8.991588549358807
d_slit_col = 1594.310027108402
coll_tilt_x = 0.11312088494589731
coll_tilt_y = -0.028881305745248994
ech_G = 31.61322713305164
ech_blaze = -74.97482544300028
ech_gamma = 1.1389798011426213
echelle_z = 0.07476566003126511
d_col_trf = -1588.0172280657869
trf_mirror_tilt_x = 0.02632433259137267
trf_mirror_tilt_y = 0.16216690266238593
d_col_grm = -0.004903079215689737
grism_dec_x = 236.42328938835865
grism_dec_y = 0.03821390545473837
grm_tilt_x = -0.01405556658602167
grm_tilt_y = 2.3052750363277523
grm_G = 222.82400357030872
grm_apex = 17.791057864825564
d_grm_cam  = 21.609819715160896
cam_dec_x = -0.3095081560734628
cam_dec_y = 0.24719901687912174
cam_tilt_x = -0.01107132243017866
cam_tilt_y = 0.003756998632835132
d_cam_ff  = -160.0572407961499
ccd_ff_dec_x = -0.0025993182932989366
ccd_ff_dec_y = 0.053013524309680454
ccd_ff_tilt_x = 0.019509078053821915
ccd_ff_tilt_y = -0.5727995551919753
ccd_ff_tilt_z = 0.18005471353119104
d_ff_ccd  = -4.838979166153294
ccd_dec_x = 0.6214070149824354
ccd_dec_y = 5.157151814977958
ccd_defocus = 0.28073804058346014
ccd_tilt_x = 0.0050659645652283295
ccd_tilt_y = -0.010901093817146986
ccd_tilt_z = 5.0814415498111425e-06
p = 0.0001