slit_dec_x_a = -0.181778666534
slit_dec_y_a = -0.18243150017
slit_dec_x_b = 0.14512077562974193
slit_dec_y_b = -0.05510809031835813
slit_defocus = -0.013802321628800872
slit_tilt_x = 1.0541269879858908
slit_tilt_y = -8.560009442734811
slit_tilt_z = -9.026936022999678
d_slit_col = 1594.290270845923
coll_tilt_x = 0.12144536586252126
coll_tilt_y = -0.026469859932485348
ech_G = 31.61456247276429
ech_blaze = -74.9948867479338
ech_gamma = 1.1556420913089585
echelle_z = 0.0569985418593929
d_col_trf = -1588.016360317226
trf_mirror_tilt_x = 0.007322768417863342
trf_mirror_tilt_y = 0.15542641562845397
d_col_grm = 0.03565811969922891
grism_dec_x = 236.38321982434607
grism_dec_y = 0.009269669840019517
grm_tilt_x = -0.023508295997506697
grm_tilt_y = 2.3257872105212787
grm_G = 222.7840772992411
grm_apex = 17.7664176461604
d_grm_cam  = 21.60470512034496
cam_dec_x = -0.27103074431075774
cam_dec_y = 0.29089387549449885
cam_tilt_x = 0.012477899729935668
cam_tilt_y = 0.008757387737321726
d_cam_ff  = -160.07719294342627
ccd_ff_dec_x = -0.023800820746654117
ccd_ff_dec_y = 0.04206214804547453
ccd_ff_tilt_x = 0.033458734449308414
ccd_ff_tilt_y = -0.5909778081504128
ccd_ff_tilt_z = 0.17191662179890302
d_ff_ccd  = -4.815992468248052
ccd_dec_x = 0.5532951832972683
ccd_dec_y = 5.107633244442663
ccd_defocus = 0.2857490859334934
ccd_tilt_x = 0.03257293612424018
ccd_tilt_y = -0.0021140850268906
ccd_tilt_z = 4.693205277635697e-06
p = 0.0001