slit_dec_x_a = -0.1704010755187174
slit_dec_y_a = -0.1956586180351446
slit_dec_x_b = 0.175
slit_dec_y_b = -1.8775147618529398e-96
slit_defocus = 0.021388799509697957
slit_tilt_x = 1.1140072969497365
slit_tilt_y = -8.538479064541164
slit_tilt_z = -8.991685762324984
d_slit_col = 1594.3099562713473
coll_tilt_x = 0.11319199602676525
coll_tilt_y = -0.028864960034303767
ech_G = 31.613233385884843
ech_blaze = -74.97482967457755
ech_gamma = 1.1389797065453235
echelle_z = 0.07476423348650259
d_col_trf = -1588.017225886272
trf_mirror_tilt_x = 0.02637440665383323
trf_mirror_tilt_y = 0.1622507073142562
d_col_grm = -0.004846114019998843
grism_dec_x = 236.42327062611025
grism_dec_y = 0.03815676200619499
grm_tilt_x = -0.014054249824989365
grm_tilt_y = 2.305273739774669
grm_G = 222.824012821102
grm_apex = 17.791010247482788
d_grm_cam  = 21.609814433484292
cam_dec_x = -0.30957463608665653
cam_dec_y = 0.2473095744606733
cam_tilt_x = -0.01104156772517278
cam_tilt_y = 0.0038210253031834168
d_cam_ff  = -160.05741636910687
ccd_ff_dec_x = -0.0026071085472313712
ccd_ff_dec_y = 0.053109495534559396
ccd_ff_tilt_x = 0.019499671861175173
ccd_ff_tilt_y = -0.5727998465085802
ccd_ff_tilt_z = 0.18005062440281897
d_ff_ccd  = -4.838928669345825
ccd_dec_x = 0.6214044440809886
ccd_dec_y = 5.157149947606282
ccd_defocus = 0.28072963834487646
ccd_tilt_x = 0.005034929318766584
ccd_tilt_y = -0.01094523863480673
ccd_tilt_z = 5.093576862805169e-06
p = 0.0001