slit_dec_x_a = -0.1704010755187174
slit_dec_y_a = -0.1956586180351446
slit_dec_x_b = 0.175
slit_dec_y_b = -1.8813976467076526e-96
slit_defocus = 0.021394835067985802
slit_tilt_x = 1.1139703792635818
slit_tilt_y = -8.53853304523328
slit_tilt_z = -8.991665426452155
d_slit_col = 1594.3099996590524
coll_tilt_x = 0.11321376643594501
coll_tilt_y = -0.028946736991682275
ech_G = 31.613230089206695
ech_blaze = -74.97482917939519
ech_gamma = 1.1389727607923361
echelle_z = 0.07476685904380563
d_col_trf = -1588.0172313314167
trf_mirror_tilt_x = 0.026191430589658546
trf_mirror_tilt_y = 0.1622200291451788
d_col_grm = -0.004885448089109951
grism_dec_x = 236.42334730564812
grism_dec_y = 0.03816018795948031
grm_tilt_x = -0.014051563782461972
grm_tilt_y = 2.3052767651464685
grm_G = 222.82400450636013
grm_apex = 17.79107257772036
d_grm_cam  = 21.609816164912147
cam_dec_x = -0.30952752275878664
cam_dec_y = 0.24726732793933828
cam_tilt_x = -0.010958600623357451
cam_tilt_y = 0.0037921349816518388
d_cam_ff  = -160.05771468099545
ccd_ff_dec_x = -0.00259959769987059
ccd_ff_dec_y = 0.05302010008420176
ccd_ff_tilt_x = 0.01957357465779426
ccd_ff_tilt_y = -0.5728001250001794
ccd_ff_tilt_z = 0.18005694162003255
d_ff_ccd  = -4.838950661643674
ccd_dec_x = 0.6214078292884988
ccd_dec_y = 5.157153844176361
ccd_defocus = 0.2807218731554556
ccd_tilt_x = 0.005011570586597607
ccd_tilt_y = -0.010833583135430314
ccd_tilt_z = 5.093943584815029e-06
p = 0.0001