slit_dec_x_a = -0.1704010755187174
slit_dec_y_a = -0.1956586180351446
slit_dec_x_b = 0.175
slit_dec_y_b = -1.8656535481316401e-96
slit_defocus = 0.021355099267130775
slit_tilt_x = 1.1139842515279192
slit_tilt_y = -8.538468523008017
slit_tilt_z = -8.991612307934535
d_slit_col = 1594.3099226368806
coll_tilt_x = 0.11314285973667991
coll_tilt_y = -0.0289093210294639
ech_G = 31.613229353616543
ech_blaze = -74.9748368655703
ech_gamma = 1.1389777244809194
echelle_z = 0.07476797513703495
d_col_trf = -1588.0172300628124
trf_mirror_tilt_x = 0.026296387488051545
trf_mirror_tilt_y = 0.16225281335536262
d_col_grm = -0.004811225965258095
grism_dec_x = 236.42322891714377
grism_dec_y = 0.03816063721534277
grm_tilt_x = -0.01404877395588412
grm_tilt_y = 2.305272273222343
grm_G = 222.8240039512521
grm_apex = 17.791024297368192
d_grm_cam  = 21.609820989362564
cam_dec_x = -0.30951252034893384
cam_dec_y = 0.24729300652249162
cam_tilt_x = -0.011058935467645588
cam_tilt_y = 0.003822602463679311
d_cam_ff  = -160.05764233731216
ccd_ff_dec_x = -0.0025973446988790103
ccd_ff_dec_y = 0.052995553227008114
ccd_ff_tilt_x = 0.019456432395340378
ccd_ff_tilt_y = -0.5728039233103485
ccd_ff_tilt_z = 0.18005191752285857
d_ff_ccd  = -4.838994730184692
ccd_dec_x = 0.621401657615425
ccd_dec_y = 5.157147666876753
ccd_defocus = 0.28076733870342035
ccd_tilt_x = 0.005072695025668889
ccd_tilt_y = -0.010877751359857059
ccd_tilt_z = 5.0905463286670555e-06
p = 0.0001