slit_dec_x_a = -0.1704010755187174
slit_dec_y_a = -0.1956586180351446
slit_dec_x_b = 0.175
slit_dec_y_b = -1.844572334318102e-96
slit_defocus = 0.021420309215881696
slit_tilt_x = 1.114074769293949
slit_tilt_y = -8.538418524318919
slit_tilt_z = -8.991692356527631
d_slit_col = 1594.3099662923285
coll_tilt_x = 0.11318512590999186
coll_tilt_y = -0.028861865993185968
ech_G = 31.613234081403256
ech_blaze = -74.97483310895858
ech_gamma = 1.1389797668899906
echelle_z = 0.07477483691657244
d_col_trf = -1588.0172304368364
trf_mirror_tilt_x = 0.026247817332863795
trf_mirror_tilt_y = 0.16220818557817904
d_col_grm = -0.00482416093525554
grism_dec_x = 236.42326415811382
grism_dec_y = 0.038218427811908755
grm_tilt_x = -0.014056905261873793
grm_tilt_y = 2.3052744223839374
grm_G = 222.82400447171156
grm_apex = 17.790999261071036
d_grm_cam  = 21.60982048278886
cam_dec_x = -0.30955671040263083
cam_dec_y = 0.2472616612330906
cam_tilt_x = -0.011042632748653667
cam_tilt_y = 0.003751242060053643
d_cam_ff  = -160.05751890678573
ccd_ff_dec_x = -0.00260216605658744
ccd_ff_dec_y = 0.05306104635125387
ccd_ff_tilt_x = 0.019498721310415176
ccd_ff_tilt_y = -0.572808861379911
ccd_ff_tilt_z = 0.18005189737313632
d_ff_ccd  = -4.8389059291962875
ccd_dec_x = 0.6214044775602384
ccd_dec_y = 5.15714614242077
ccd_defocus = 0.28075697080410733
ccd_tilt_x = 0.0050397946281102255
ccd_tilt_y = -0.010924064363730631
ccd_tilt_z = 5.09514633983226e-06
p = 0.0001