slit_dec_x_a = -0.181778666534
slit_dec_y_a = -0.18243150017
slit_dec_x_b = 0.14512077562974193
slit_dec_y_b = -0.05510809031835813
slit_defocus = -0.013861718766532053
slit_tilt_x = 1.0540823426554553
slit_tilt_y = -8.559991343145132
slit_tilt_z = -9.02686409028427
d_slit_col = 1594.2902567613073
coll_tilt_x = 0.12140449337227943
coll_tilt_y = -0.026413928318027344
ech_G = 31.61456440963602
ech_blaze = -74.99489094188588
ech_gamma = 1.1556446355728311
echelle_z = 0.05700454403532318
d_col_trf = -1588.0163711581738
trf_mirror_tilt_x = 0.007324102094514168
trf_mirror_tilt_y = 0.1554360047284246
d_col_grm = 0.03563560541725649
grism_dec_x = 236.38325164787653
grism_dec_y = 0.009210326545972234
grm_tilt_x = -0.023512186768140625
grm_tilt_y = 2.325787297416218
grm_G = 222.7840720282588
grm_apex = 17.76654838922731
d_grm_cam  = 21.604704367174648
cam_dec_x = -0.2711276732888037
cam_dec_y = 0.2909496520581047
cam_tilt_x = 0.012453249999622237
cam_tilt_y = 0.00889181794851586
d_cam_ff  = -160.07708570325926
ccd_ff_dec_x = -0.023796299352434314
ccd_ff_dec_y = 0.04200876404609569
ccd_ff_tilt_x = 0.033525399585148746
ccd_ff_tilt_y = -0.590980063842258
ccd_ff_tilt_z = 0.17191846721232895
d_ff_ccd  = -4.815974664250901
ccd_dec_x = 0.5532991864574993
ccd_dec_y = 5.1076279757035215
ccd_defocus = 0.28570386907811385
ccd_tilt_x = 0.0325331587150308
ccd_tilt_y = -0.0022308351290981107
ccd_tilt_z = 4.6961950081448805e-06
p = 0.0001