slit_dec_x_a = -0.181778666534
slit_dec_y_a = -0.18243150017
slit_dec_x_b = 0.14512077562974193
slit_dec_y_b = -0.05510809031835813
slit_defocus = -0.013782902018554866
slit_tilt_x = 1.0541187741304145
slit_tilt_y = -8.55997627412129
slit_tilt_z = -9.02685624699352
d_slit_col = 1594.2902161378825
coll_tilt_x = 0.12144470288540435
coll_tilt_y = -0.026499451777215532
ech_G = 31.614568633757607
ech_blaze = -74.99489659764357
ech_gamma = 1.1556419460212681
echelle_z = 0.0569979557048638
d_col_trf = -1588.0163696081836
trf_mirror_tilt_x = 0.007276084902318427
trf_mirror_tilt_y = 0.15547280844584757
d_col_grm = 0.035649740023707244
grism_dec_x = 236.38324714701193
grism_dec_y = 0.009307613015921092
grm_tilt_x = -0.023509001749149484
grm_tilt_y = 2.325787363007733
grm_G = 222.784064988491
grm_apex = 17.76654277103001
d_grm_cam  = 21.60470708482704
cam_dec_x = -0.27119152785429873
cam_dec_y = 0.290756708092716
cam_tilt_x = 0.012443775184488703
cam_tilt_y = 0.00888146846463833
d_cam_ff  = -160.07687580742962
ccd_ff_dec_x = -0.023807866721830752
ccd_ff_dec_y = 0.042067093832789185
ccd_ff_tilt_x = 0.03342129249525495
ccd_ff_tilt_y = -0.5909870170942574
ccd_ff_tilt_z = 0.17191661806418296
d_ff_ccd  = -4.8159662474221525
ccd_dec_x = 0.5533007092394162
ccd_dec_y = 5.107630025657045
ccd_defocus = 0.2857963166239056
ccd_tilt_x = 0.032551105052673564
ccd_tilt_y = -0.0021187922080182324
ccd_tilt_z = 4.699399587421965e-06
p = 0.0001