slit_dec_x_a = -0.1704010755187174
slit_dec_y_a = -0.1956586180351446
slit_dec_x_b = 0.175
slit_dec_y_b = -1.8426880937923715e-96
slit_defocus = 0.02138674595383024
slit_tilt_x = 1.1140256441918466
slit_tilt_y = -8.53842247718332
slit_tilt_z = -8.991649490113963
d_slit_col = 1594.3099603015883
coll_tilt_x = 0.1132540447977608
coll_tilt_y = -0.028892091858166435
ech_G = 31.613237349153017
ech_blaze = -74.97483725687447
ech_gamma = 1.1389725074020833
echelle_z = 0.074769504935713
d_col_trf = -1588.0172311145343
trf_mirror_tilt_x = 0.026243334606459393
trf_mirror_tilt_y = 0.16220608939116984
d_col_grm = -0.004862852465975649
grism_dec_x = 236.42334821145022
grism_dec_y = 0.03813058296225375
grm_tilt_x = -0.014060761638683202
grm_tilt_y = 2.305273675998499
grm_G = 222.82400818897753
grm_apex = 17.791065822060634
d_grm_cam  = 21.60982604220829
cam_dec_x = -0.30950716087616925
cam_dec_y = 0.24724541066493527
cam_tilt_x = -0.01109700759066329
cam_tilt_y = 0.0038161862002976557
d_cam_ff  = -160.0571831381938
ccd_ff_dec_x = -0.002600465237004621
ccd_ff_dec_y = 0.05309256958276796
ccd_ff_tilt_x = 0.01957070944012366
ccd_ff_tilt_y = -0.5728068047240363
ccd_ff_tilt_z = 0.18004642764719067
d_ff_ccd  = -4.838982692569262
ccd_dec_x = 0.6214056528498989
ccd_dec_y = 5.157155913965378
ccd_defocus = 0.2808044049461602
ccd_tilt_x = 0.005028896718436893
ccd_tilt_y = -0.010905555162473064
ccd_tilt_z = 1.7526046774806788e-06
p = 0.0001