slit_dec_x_a = -0.181778666534
slit_dec_y_a = -0.18243150017
slit_dec_x_b = 0.14512077562974193
slit_dec_y_b = -0.05510809031835813
slit_defocus = -0.002184834608194797
slit_tilt_x = 1.1346568624093558
slit_tilt_y = -8.56823364847879
slit_tilt_z = -9.003636236541809
d_slit_col = 1594.3039490244407
coll_tilt_x = 0.0864523340640068
coll_tilt_y = -0.02198677109965397
ech_G = 31.610936074699264
ech_blaze = -74.99570361222146
ech_gamma = 1.157988811648607
echelle_z = 0.05757694301969085
d_col_trf = -1588.0161209669238
trf_mirror_tilt_x = 0.12250872498684894
trf_mirror_tilt_y = 0.0186364789752886
d_col_grm = 0.01511560181721029
grism_dec_x = 236.3974270697713
grism_dec_y = -0.00500827161192416
grm_tilt_x = -0.025123346593939125
grm_tilt_y = 2.326901232871574
grm_G = 222.78581071090872
grm_apex = 17.809192293851588
d_grm_cam  = 21.604618072910256
cam_dec_x = -0.28359870102520285
cam_dec_y = 0.2896609792724765
cam_tilt_x = 0.004255922196622477
cam_tilt_y = -0.02777214958262108
d_cam_ff  = -160.56961803309713
ccd_ff_dec_x = -0.022775546008484776
ccd_ff_dec_y = -0.04774923365892279
ccd_ff_tilt_x = 0.1650435113382271
ccd_ff_tilt_y = -0.5895273425719784
ccd_ff_tilt_z = 0.1716744121635979
d_ff_ccd  = -4.785456135825244
ccd_dec_x = 0.5520065014834461
ccd_dec_y = 5.106135928465909
ccd_defocus = 0.31578999213847936
ccd_tilt_x = 0.02129275731545068
ccd_tilt_y = -0.004209543138898338
ccd_tilt_z = 3.5589112360948106e-07
p = 2.05875e-06