slit_dec_x_a = -0.181778666534
slit_dec_y_a = -0.18243150017
slit_dec_x_b = 0.14512077562974193
slit_dec_y_b = -0.05510809031835813
slit_defocus = -0.002211273785561325
slit_tilt_x = 1.1347090406989475
slit_tilt_y = -8.568256994242809
slit_tilt_z = -9.003655678721541
d_slit_col = 1594.3039218953586
coll_tilt_x = 0.08643480858822455
coll_tilt_y = -0.022061810949225186
ech_G = 31.610885874170762
ech_blaze = -74.99554180798886
ech_gamma = 1.1581385736617649
echelle_z = 0.05738214710011933
d_col_trf = -1588.0163828193322
trf_mirror_tilt_x = 0.1225226578326941
trf_mirror_tilt_y = 0.018695908726489737
d_col_grm = 0.01502418818530365
grism_dec_x = 236.39747254309063
grism_dec_y = -0.005016650663634769
grm_tilt_x = -0.02477203593664072
grm_tilt_y = 2.327321841319083
grm_G = 222.78573509239848
grm_apex = 17.809161580321273
d_grm_cam  = 21.60428955222782
cam_dec_x = -0.28361654906630646
cam_dec_y = 0.2897162931141339
cam_tilt_x = 0.004334253684916778
cam_tilt_y = -0.0278020246357491
d_cam_ff  = -160.56963213279687
ccd_ff_dec_x = -0.022793773401613534
ccd_ff_dec_y = -0.04780251953213108
ccd_ff_tilt_x = 0.16503384303239504
ccd_ff_tilt_y = -0.589705805109001
ccd_ff_tilt_z = 0.17173021899291094
d_ff_ccd  = -4.78538118761754
ccd_dec_x = 0.5519222160618693
ccd_dec_y = 5.1062049415335
ccd_defocus = 0.3157972443696761
ccd_tilt_x = 0.021381491387679308
ccd_tilt_y = -0.0042109563177920506
ccd_tilt_z = 3.7894482623216476e-07
p = 6.489416666666667e-06