slit_dec_x_a = -0.181778666534
slit_dec_y_a = -0.18243150017
slit_dec_x_b = 0.14512077562974193
slit_dec_y_b = -0.05510809031835813
slit_defocus = -0.013746519582976189
slit_tilt_x = 1.054133770417143
slit_tilt_y = -8.559970530148243
slit_tilt_z = -9.026875489673616
d_slit_col = 1594.290328709809
coll_tilt_x = 0.12143076666852254
coll_tilt_y = -0.026457267119288166
ech_G = 31.614565155465286
ech_blaze = -74.99489097205125
ech_gamma = 1.1556414553512195
echelle_z = 0.0570005278719837
d_col_trf = -1588.016361505461
trf_mirror_tilt_x = 0.007320669494180885
trf_mirror_tilt_y = 0.15543550198573816
d_col_grm = 0.03577708305949503
grism_dec_x = 236.38320579215747
grism_dec_y = 0.0092941975170583
grm_tilt_x = -0.02351284765220132
grm_tilt_y = 2.3257890859742045
grm_G = 222.7840809780032
grm_apex = 17.766542497361662
d_grm_cam  = 21.60470365054985
cam_dec_x = -0.2710965591480152
cam_dec_y = 0.2908850149228703
cam_tilt_x = 0.012441675759575579
cam_tilt_y = 0.00882618688982297
d_cam_ff  = -160.07723512106548
ccd_ff_dec_x = -0.02379650255430601
ccd_ff_dec_y = 0.042076185551355706
ccd_ff_tilt_x = 0.03345025530342036
ccd_ff_tilt_y = -0.5909829272782771
ccd_ff_tilt_z = 0.17191764273143909
d_ff_ccd  = -4.815998621713221
ccd_dec_x = 0.5532978615946239
ccd_dec_y = 5.107633512148812
ccd_defocus = 0.28569795399609965
ccd_tilt_x = 0.032580235853534444
ccd_tilt_y = -0.0021334290709237643
ccd_tilt_z = 4.663480282111729e-06
p = 0.0001