slit_dec_x_a = -0.1704010755187174
slit_dec_y_a = -0.1956586180351446
slit_dec_x_b = 0.175
slit_dec_y_b = -1.8383749393031118e-96
slit_defocus = 0.021404969228967122
slit_tilt_x = 1.1139620527337522
slit_tilt_y = -8.538470583868978
slit_tilt_z = -8.991624796004498
d_slit_col = 1594.309969117429
coll_tilt_x = 0.11311986695375251
coll_tilt_y = -0.0288206121463076
ech_G = 31.613226679085873
ech_blaze = -74.97482994286783
ech_gamma = 1.1389812712780778
echelle_z = 0.07477520375111106
d_col_trf = -1588.017227720022
trf_mirror_tilt_x = 0.026258054668370733
trf_mirror_tilt_y = 0.16219728811422093
d_col_grm = -0.004759643978909183
grism_dec_x = 236.42333506976578
grism_dec_y = 0.038151959298247926
grm_tilt_x = -0.01405673470988381
grm_tilt_y = 2.3052756426113925
grm_G = 222.82400463309176
grm_apex = 17.791023683625347
d_grm_cam  = 21.609819065133696
cam_dec_x = -0.3095287461352265
cam_dec_y = 0.24728681738635708
cam_tilt_x = -0.011091599015314927
cam_tilt_y = 0.0038195175612126464
d_cam_ff  = -160.05733194236106
ccd_ff_dec_x = -0.002595888388560363
ccd_ff_dec_y = 0.0529983930164953
ccd_ff_tilt_x = 0.019486955227874844
ccd_ff_tilt_y = -0.5728027514451035
ccd_ff_tilt_z = 0.18005862165644992
d_ff_ccd  = -4.838929585676083
ccd_dec_x = 0.621415668157756
ccd_dec_y = 5.1571476363623905
ccd_defocus = 0.28076215681131667
ccd_tilt_x = 0.005032040374397333
ccd_tilt_y = -0.010940934998193774
ccd_tilt_z = 5.054930442300371e-06
p = 0.0001