slit_dec_x_a = -0.170388030888902
slit_dec_y_a = -0.19572459372815182
slit_dec_x_b = 0.175
slit_dec_y_b = -2.606054343530168e-96
slit_defocus = 0.0055236264363846994
slit_tilt_x = 1.1861133258101981
slit_tilt_y = -8.540129767347697
slit_tilt_z = -8.990818447656642
d_slit_col = 1594.29448529498
coll_tilt_x = 0.08858218417780876
coll_tilt_y = -0.03176714154913195
ech_G = 31.610674071425514
ech_blaze = -74.97713984400491
ech_gamma = 1.140504095267392
echelle_z = 0.07538543316540455
d_col_trf = -1588.018607626972
trf_mirror_tilt_x = 0.13866948259132275
trf_mirror_tilt_y = 0.07755350602331162
d_col_grm = -0.009540799035543708
grism_dec_x = 236.4343753198194
grism_dec_y = 0.03424669865811071
grm_tilt_x = -0.015747856468499386
grm_tilt_y = 2.3043493517268554
grm_G = 222.82521823112617
grm_apex = 17.815118498267452
d_grm_cam  = 21.60847741328894
cam_dec_x = -0.3021310563657175
cam_dec_y = 0.25033225448078605
cam_tilt_x = -0.01841081914259958
cam_tilt_y = -0.0150447210605515
d_cam_ff  = -160.40098812209493
ccd_ff_dec_x = -0.003533512018222213
ccd_ff_dec_y = 0.00016840557811994612
ccd_ff_tilt_x = 0.14600905328887248
ccd_ff_tilt_y = -0.5720322714618402
ccd_ff_tilt_z = 0.1725257337463591
d_ff_ccd  = -4.811236769273255
ccd_dec_x = 0.6206342770188852
ccd_dec_y = 5.155267469739777
ccd_defocus = 0.3163382063377077
ccd_tilt_x = 0.007804105548753818
ccd_tilt_y = -0.014020401202415201
ccd_tilt_z = 3.3488321858612557e-06
p = 3.5981818181818178e-06