slit_dec_x_a = -0.181778666534
slit_dec_y_a = -0.18243150017
slit_dec_x_b = 0.14512077562974193
slit_dec_y_b = -0.05510809031835813
slit_defocus = -0.002246769631363538
slit_tilt_x = 1.1347081573081583
slit_tilt_y = -8.568371581717711
slit_tilt_z = -9.003599656977242
d_slit_col = 1594.3039529439093
coll_tilt_x = 0.08649281292918479
coll_tilt_y = -0.022030162313777326
ech_G = 31.61093568414914
ech_blaze = -74.99580803226982
ech_gamma = 1.1582289593769401
echelle_z = 0.05648942955493923
d_col_trf = -1588.0163121095966
trf_mirror_tilt_x = 0.12245098713131408
trf_mirror_tilt_y = 0.01871252763903132
d_col_grm = 0.014944008395586789
grism_dec_x = 236.3974995100685
grism_dec_y = -0.00507633300190166
grm_tilt_x = -0.024757674125232974
grm_tilt_y = 2.327318350515011
grm_G = 222.78593053818182
grm_apex = 17.80906872236084
d_grm_cam  = 21.604816025142313
cam_dec_x = -0.2836220668986147
cam_dec_y = 0.28975521179302416
cam_tilt_x = 0.004347951778535221
cam_tilt_y = -0.027774436482142863
d_cam_ff  = -160.5696342777847
ccd_ff_dec_x = -0.022729214328954153
ccd_ff_dec_y = -0.04776631819630595
ccd_ff_tilt_x = 0.16502643494810945
ccd_ff_tilt_y = -0.5894001659750435
ccd_ff_tilt_z = 0.17186151934291352
d_ff_ccd  = -4.785431207952583
ccd_dec_x = 0.5518601321038012
ccd_dec_y = 5.10635056823205
ccd_defocus = 0.3158699377701308
ccd_tilt_x = 0.021379777531829423
ccd_tilt_y = -0.004194972980982267
ccd_tilt_z = 1.0888220813793208e-07
p = 3.5981818181818178e-06