slit_dec_x_a = -0.1704010755187174
slit_dec_y_a = -0.1956586180351446
slit_dec_x_b = 0.175
slit_dec_y_b = -1.8089895857222928e-96
slit_defocus = 0.021396019545115986
slit_tilt_x = 1.113967385715253
slit_tilt_y = -8.538451728311685
slit_tilt_z = -8.99157655115066
d_slit_col = 1594.3099223407453
coll_tilt_x = 0.11314185869749832
coll_tilt_y = -0.028835940813217872
ech_G = 31.61323115170412
ech_blaze = -74.9748286426574
ech_gamma = 1.1389800570998982
echelle_z = 0.07477382392098153
d_col_trf = -1588.0172365605913
trf_mirror_tilt_x = 0.026335856129899596
trf_mirror_tilt_y = 0.16219591416919504
d_col_grm = -0.0048249157671219
grism_dec_x = 236.42325678706717
grism_dec_y = 0.03815918905925344
grm_tilt_x = -0.014052049288879008
grm_tilt_y = 2.305272679482251
grm_G = 222.8240027742188
grm_apex = 17.7910109902336
d_grm_cam  = 21.609821951927657
cam_dec_x = -0.30955318537331583
cam_dec_y = 0.24725094696705605
cam_tilt_x = -0.011063418821853287
cam_tilt_y = 0.003816797597421049
d_cam_ff  = -160.05780233768076
ccd_ff_dec_x = -0.002594216414091152
ccd_ff_dec_y = 0.053106346562762266
ccd_ff_tilt_x = 0.0195150388630527
ccd_ff_tilt_y = -0.5728013007191544
ccd_ff_tilt_z = 0.18006080594993354
d_ff_ccd  = -4.83893873923805
ccd_dec_x = 0.6214066322334907
ccd_dec_y = 5.15714830979051
ccd_defocus = 0.28077801184910095
ccd_tilt_x = 0.005007041237478189
ccd_tilt_y = -0.010924150078860103
ccd_tilt_z = 5.078533535606426e-06
p = 0.0001