slit_dec_x_a = -0.1704010755187174
slit_dec_y_a = -0.1956586180351446
slit_dec_x_b = 0.175
slit_dec_y_b = -1.825591120550873e-96
slit_defocus = 0.021378961147553492
slit_tilt_x = 1.113974949455247
slit_tilt_y = -8.538440635640248
slit_tilt_z = -8.991663053271616
d_slit_col = 1594.309917693085
coll_tilt_x = 0.11321822025241515
coll_tilt_y = -0.02886275502106736
ech_G = 31.613227510217463
ech_blaze = -74.97483069223878
ech_gamma = 1.1389719061111303
echelle_z = 0.07476850099287122
d_col_trf = -1588.0172343691527
trf_mirror_tilt_x = 0.026302470068964516
trf_mirror_tilt_y = 0.1622665058665389
d_col_grm = -0.004860960465991559
grism_dec_x = 236.4232734785785
grism_dec_y = 0.03818211776782745
grm_tilt_x = -0.014054438555968147
grm_tilt_y = 2.305274045028755
grm_G = 222.8239998781054
grm_apex = 17.79101554600311
d_grm_cam  = 21.609818389881237
cam_dec_x = -0.3095169710877661
cam_dec_y = 0.24729710367406446
cam_tilt_x = -0.011065707457317673
cam_tilt_y = 0.0037217631271712175
d_cam_ff  = -160.05743086027027
ccd_ff_dec_x = -0.002595886113109309
ccd_ff_dec_y = 0.0530091020418642
ccd_ff_tilt_x = 0.01946756239866917
ccd_ff_tilt_y = -0.5728005393185033
ccd_ff_tilt_z = 0.18005309361593677
d_ff_ccd  = -4.838918535550323
ccd_dec_x = 0.6214042013035613
ccd_dec_y = 5.1571435051916845
ccd_defocus = 0.2807201264952396
ccd_tilt_x = 0.005025491011015254
ccd_tilt_y = -0.010930057940942045
ccd_tilt_z = 5.090520860339517e-06
p = 0.0001