slit_dec_x_a = -0.1703909855828566
slit_dec_y_a = -0.19588298726030373
slit_dec_x_b = 0.175
slit_dec_y_b = -1.4882511244211231e-96
slit_defocus = 0.005583683805434137
slit_tilt_x = 1.1861482826226044
slit_tilt_y = -8.540032534558993
slit_tilt_z = -8.99084238030514
d_slit_col = 1594.2944618820898
coll_tilt_x = 0.0887508846881015
coll_tilt_y = -0.03184844281673247
ech_G = 31.610655764846726
ech_blaze = -74.97684895700674
ech_gamma = 1.1403762171434095
echelle_z = 0.07477036502190289
d_col_trf = -1588.0185405373902
trf_mirror_tilt_x = 0.13866166856790618
trf_mirror_tilt_y = 0.07751766792690533
d_col_grm = -0.009537741647374977
grism_dec_x = 236.43433138760884
grism_dec_y = 0.034174641955977234
grm_tilt_x = -0.015790784359314972
grm_tilt_y = 2.3043801490409352
grm_G = 222.8251688893835
grm_apex = 17.815129422374007
d_grm_cam  = 21.608484441646972
cam_dec_x = -0.30211601675479627
cam_dec_y = 0.2503333173350994
cam_tilt_x = -0.01847045433819264
cam_tilt_y = -0.015084846411084006
d_cam_ff  = -160.4009524270659
ccd_ff_dec_x = -0.0035214403838712185
ccd_ff_dec_y = 0.00023029962483401482
ccd_ff_tilt_x = 0.1460392766358437
ccd_ff_tilt_y = -0.5720702029406329
ccd_ff_tilt_z = 0.1725636671237003
d_ff_ccd  = -4.811250941413056
ccd_dec_x = 0.620667432143336
ccd_dec_y = 5.155298042432271
ccd_defocus = 0.3162953206780256
ccd_tilt_x = 0.007724762071642361
ccd_tilt_y = -0.014093822808627723
ccd_tilt_z = 3.1367843385103415e-06
p = 1.686909090909091e-05