slit_dec_x_a = -0.181778666534
slit_dec_y_a = -0.18243150017
slit_dec_x_b = 0.14512077562974193
slit_dec_y_b = -0.05510809031835813
slit_defocus = -0.0022036721121299614
slit_tilt_x = 1.134673020384693
slit_tilt_y = -8.568236021835208
slit_tilt_z = -9.003645635600227
d_slit_col = 1594.3039734852407
coll_tilt_x = 0.0864598273350858
coll_tilt_y = -0.022012436439143777
ech_G = 31.610873755635907
ech_blaze = -74.99549609388349
ech_gamma = 1.158140941207282
echelle_z = 0.05759281592177271
d_col_trf = -1588.016272483124
trf_mirror_tilt_x = 0.12253599915579008
trf_mirror_tilt_y = 0.01866238982417426
d_col_grm = 0.01507095355581785
grism_dec_x = 236.3974585714642
grism_dec_y = -0.005032531017857717
grm_tilt_x = -0.024737631516660537
grm_tilt_y = 2.327306010355237
grm_G = 222.78574426355328
grm_apex = 17.809210109028527
d_grm_cam  = 21.604515081635487
cam_dec_x = -0.28357487435739526
cam_dec_y = 0.2897393319157234
cam_tilt_x = 0.004332647378231724
cam_tilt_y = -0.02782249768177119
d_cam_ff  = -160.56985604765444
ccd_ff_dec_x = -0.022808352838707215
ccd_ff_dec_y = -0.04779905898715283
ccd_ff_tilt_x = 0.16503458430178056
ccd_ff_tilt_y = -0.5896813036587504
ccd_ff_tilt_z = 0.1716868179647307
d_ff_ccd  = -4.785425528722128
ccd_dec_x = 0.5518591964350668
ccd_dec_y = 5.106123353733693
ccd_defocus = 0.31573485030825466
ccd_tilt_x = 0.021337771127356547
ccd_tilt_y = -0.0041993743304199775
ccd_tilt_z = 3.315064907391693e-07
p = 1.686909090909091e-05