slit_dec_x_a = -0.1704010755187174
slit_dec_y_a = -0.1956586180351446
slit_dec_x_b = 0.175
slit_dec_y_b = -1.8156666709283414e-96
slit_defocus = 0.021362115277298414
slit_tilt_x = 1.1140604842004191
slit_tilt_y = -8.538502781061233
slit_tilt_z = -8.991613629957023
d_slit_col = 1594.309937811836
coll_tilt_x = 0.1132551390108921
coll_tilt_y = -0.028840991042343736
ech_G = 31.61323017153369
ech_blaze = -74.97483064205667
ech_gamma = 1.1389777782721986
echelle_z = 0.07477628655655408
d_col_trf = -1588.0172307751516
trf_mirror_tilt_x = 0.026294536028559762
trf_mirror_tilt_y = 0.16216886764010993
d_col_grm = -0.004774635625944677
grism_dec_x = 236.4233937071137
grism_dec_y = 0.038145945570959794
grm_tilt_x = -0.014053444975827478
grm_tilt_y = 2.3052798769126897
grm_G = 222.82400663654488
grm_apex = 17.791005967745257
d_grm_cam  = 21.60981829466275
cam_dec_x = -0.30960687210965626
cam_dec_y = 0.24727488276844986
cam_tilt_x = -0.011063229233183458
cam_tilt_y = 0.003758679868415017
d_cam_ff  = -160.05745479833183
ccd_ff_dec_x = -0.0026053041583234625
ccd_ff_dec_y = 0.05307235778115318
ccd_ff_tilt_x = 0.019575811828322635
ccd_ff_tilt_y = -0.5728017429308029
ccd_ff_tilt_z = 0.18005081550126384
d_ff_ccd  = -4.838954389983204
ccd_dec_x = 0.6214032139366968
ccd_dec_y = 5.157146741542054
ccd_defocus = 0.28074576810661
ccd_tilt_x = 0.005085975220982079
ccd_tilt_y = -0.01086789028899653
ccd_tilt_z = 5.1124481786311035e-06
p = 0.0001