slit_dec_x_a = -0.181778666534
slit_dec_y_a = -0.18243150017
slit_dec_x_b = 0.14512077562974193
slit_dec_y_b = -0.05510809031835813
slit_defocus = -0.013760833072542045
slit_tilt_x = 1.0540556564121477
slit_tilt_y = -8.559954483931742
slit_tilt_z = -9.026884477280625
d_slit_col = 1594.2902843885477
coll_tilt_x = 0.12148622378281551
coll_tilt_y = -0.026497870627149717
ech_G = 31.61455869894875
ech_blaze = -74.99488856446561
ech_gamma = 1.1556467838233688
echelle_z = 0.057000315834107945
d_col_trf = -1588.0163694724263
trf_mirror_tilt_x = 0.007330594941678548
trf_mirror_tilt_y = 0.15539251728638914
d_col_grm = 0.035675828743147404
grism_dec_x = 236.3831597279384
grism_dec_y = 0.009284534570591824
grm_tilt_x = -0.023500551977731
grm_tilt_y = 2.3257926349230185
grm_G = 222.78406433348303
grm_apex = 17.766535279022623
d_grm_cam  = 21.604702845855183
cam_dec_x = -0.2711259731395764
cam_dec_y = 0.2908565036305576
cam_tilt_x = 0.012442333618305424
cam_tilt_y = 0.008898375953165862
d_cam_ff  = -160.07716194260442
ccd_ff_dec_x = -0.023795619740813918
ccd_ff_dec_y = 0.042020897645102924
ccd_ff_tilt_x = 0.03346676166992235
ccd_ff_tilt_y = -0.5909738907690127
ccd_ff_tilt_z = 0.1719248546727417
d_ff_ccd  = -4.815931085387648
ccd_dec_x = 0.553300437396196
ccd_dec_y = 5.1076280744031415
ccd_defocus = 0.2857648838741826
ccd_tilt_x = 0.032561300818261855
ccd_tilt_y = -0.0022153974160520097
ccd_tilt_z = 4.710839135269762e-06
p = 0.0001