slit_dec_x_a = -0.181778666534
slit_dec_y_a = -0.18243150017
slit_dec_x_b = 0.14512077562974193
slit_dec_y_b = -0.05510809031835813
slit_defocus = -0.002204160086375697
slit_tilt_x = 1.1346729172065648
slit_tilt_y = -8.568237820719881
slit_tilt_z = -9.003650762484897
d_slit_col = 1594.303973689158
coll_tilt_x = 0.08645783763363696
coll_tilt_y = -0.02200620597840412
ech_G = 31.610870636216784
ech_blaze = -74.99548224535764
ech_gamma = 1.1581348460215997
echelle_z = 0.057613866474818975
d_col_trf = -1588.01624680099
trf_mirror_tilt_x = 0.12253723324041402
trf_mirror_tilt_y = 0.018662455911674293
d_col_grm = 0.015068626725699493
grism_dec_x = 236.39746343837695
grism_dec_y = -0.005031893993986348
grm_tilt_x = -0.024760198028460554
grm_tilt_y = 2.3273033593484413
grm_G = 222.7857445484843
grm_apex = 17.809212879506443
d_grm_cam  = 21.604531397443523
cam_dec_x = -0.28357165677493973
cam_dec_y = 0.2897404292191618
cam_tilt_x = 0.004328952485906686
cam_tilt_y = -0.027824386142640035
d_cam_ff  = -160.5698480625172
ccd_ff_dec_x = -0.022812305842418275
ccd_ff_dec_y = -0.047801878370950686
ccd_ff_tilt_x = 0.16503194616334443
ccd_ff_tilt_y = -0.5896829149514192
ccd_ff_tilt_z = 0.17170387090528044
d_ff_ccd  = -4.785421645895957
ccd_dec_x = 0.5518513702008603
ccd_dec_y = 5.106088705325798
ccd_defocus = 0.3157350976370833
ccd_tilt_x = 0.02133739812615132
ccd_tilt_y = -0.0041986295232536875
ccd_tilt_z = 4.02555741184875e-07
p = 1.8984166666666663e-05