slit_dec_x_a = -0.17039602608823698
slit_dec_y_a = -0.1958998068002531
slit_dec_x_b = 0.175
slit_dec_y_b = -1.5285103780081267e-96
slit_defocus = 0.005587947805610159
slit_tilt_x = 1.1861393782412788
slit_tilt_y = -8.540023815983828
slit_tilt_z = -8.990837391161715
d_slit_col = 1594.2944686859912
coll_tilt_x = 0.08873592003104083
coll_tilt_y = -0.03187024701934759
ech_G = 31.610647350489188
ech_blaze = -74.97681970363875
ech_gamma = 1.1403439898209131
echelle_z = 0.07478246912983748
d_col_trf = -1588.018541112776
trf_mirror_tilt_x = 0.138648146252378
trf_mirror_tilt_y = 0.07751653541345477
d_col_grm = -0.009542128330577304
grism_dec_x = 236.43433281447207
grism_dec_y = 0.034183537624690126
grm_tilt_x = -0.015780335334907167
grm_tilt_y = 2.30437967564186
grm_G = 222.82515929184927
grm_apex = 17.81513007942474
d_grm_cam  = 21.608487959304362
cam_dec_x = -0.30211911134605646
cam_dec_y = 0.2503331405390049
cam_tilt_x = -0.018486346882099082
cam_tilt_y = -0.015084866602075996
d_cam_ff  = -160.40096223543182
ccd_ff_dec_x = -0.00352469545864051
ccd_ff_dec_y = 0.00023683765293801789
ccd_ff_tilt_x = 0.14604103300569582
ccd_ff_tilt_y = -0.5720723640229516
ccd_ff_tilt_z = 0.1725714568904082
d_ff_ccd  = -4.811252280422608
ccd_dec_x = 0.6206629543768458
ccd_dec_y = 5.155302672416338
ccd_defocus = 0.3162979772613422
ccd_tilt_x = 0.007717423206136919
ccd_tilt_y = -0.014097150340735908
ccd_tilt_z = 3.1152877999197e-06
p = 1.8984166666666663e-05