slit_dec_x_a = -0.1704010755187174
slit_dec_y_a = -0.1956586180351446
slit_dec_x_b = 0.175
slit_dec_y_b = -1.7975863094163554e-96
slit_defocus = 0.021330459668512772
slit_tilt_x = 1.114011841612901
slit_tilt_y = -8.53843083230932
slit_tilt_z = -8.9917034751775
d_slit_col = 1594.3099397467347
coll_tilt_x = 0.1132292684264326
coll_tilt_y = -0.028931588651167208
ech_G = 31.613228173953114
ech_blaze = -74.97483215201285
ech_gamma = 1.138977714866591
echelle_z = 0.07476553275520406
d_col_trf = -1588.0172364128903
trf_mirror_tilt_x = 0.026339400862344164
trf_mirror_tilt_y = 0.16217701513468327
d_col_grm = -0.004801270538258594
grism_dec_x = 236.4233340345144
grism_dec_y = 0.0382367631372429
grm_tilt_x = -0.014051041499737998
grm_tilt_y = 2.3052721327269934
grm_G = 222.82400116321782
grm_apex = 17.791021780642552
d_grm_cam  = 21.609819557972145
cam_dec_x = -0.30947584067589895
cam_dec_y = 0.24726517919443242
cam_tilt_x = -0.011024200329692382
cam_tilt_y = 0.0037603317064344257
d_cam_ff  = -160.05745349614432
ccd_ff_dec_x = -0.0026069379229235576
ccd_ff_dec_y = 0.05300304240983969
ccd_ff_tilt_x = 0.019502766454208363
ccd_ff_tilt_y = -0.5728067714293776
ccd_ff_tilt_z = 0.18005783549326024
d_ff_ccd  = -4.838987721691487
ccd_dec_x = 0.6214014309830058
ccd_dec_y = 5.15715361988657
ccd_defocus = 0.2807392996347143
ccd_tilt_x = 0.005027110397702622
ccd_tilt_y = -0.01092023586803193
ccd_tilt_z = 5.057597812154921e-06
p = 0.0001