slit_dec_x_a = -0.181778666534
slit_dec_y_a = -0.18243150017
slit_dec_x_b = 0.14512077562974193
slit_dec_y_b = -0.05510809031835813
slit_defocus = -0.0022068196671081865
slit_tilt_x = 1.1346879237903604
slit_tilt_y = -8.568230418821662
slit_tilt_z = -9.003673652210432
d_slit_col = 1594.3039383855998
coll_tilt_x = 0.08644557284598722
coll_tilt_y = -0.02205609808947984
ech_G = 31.61087622872982
ech_blaze = -74.99551928957922
ech_gamma = 1.1581100883390294
echelle_z = 0.05751844460229318
d_col_trf = -1588.016234097725
trf_mirror_tilt_x = 0.12253090711107537
trf_mirror_tilt_y = 0.018679327853947388
d_col_grm = 0.015062375115029874
grism_dec_x = 236.3974780677589
grism_dec_y = -0.005035514190212711
grm_tilt_x = -0.02472005874873662
grm_tilt_y = 2.3272643441442433
grm_G = 222.7858826443227
grm_apex = 17.80920378256006
d_grm_cam  = 21.604363399235524
cam_dec_x = -0.28358871210425224
cam_dec_y = 0.2897523343658105
cam_tilt_x = 0.004330643458215629
cam_tilt_y = -0.027815527360085236
d_cam_ff  = -160.5697877155478
ccd_ff_dec_x = -0.022701163584440374
ccd_ff_dec_y = -0.04779451291174683
ccd_ff_tilt_x = 0.16502149551630427
ccd_ff_tilt_y = -0.5896812143439998
ccd_ff_tilt_z = 0.17172940804067743
d_ff_ccd  = -4.785396460970063
ccd_dec_x = 0.5519896584179121
ccd_dec_y = 5.106078307234902
ccd_defocus = 0.3157515839892815
ccd_tilt_x = 0.02135091246626638
ccd_tilt_y = -0.004213965560730418
ccd_tilt_z = 3.940885026523914e-07
p = 2.101636363636364e-05