slit_dec_x_a = -0.17039512094173315
slit_dec_y_a = -0.1959648316636829
slit_dec_x_b = 0.175
slit_dec_y_b = -1.5735052815163733e-96
slit_defocus = 0.005570345998817376
slit_tilt_x = 1.1861843087294983
slit_tilt_y = -8.540022070098006
slit_tilt_z = -8.990839049674896
d_slit_col = 1594.2944480396143
coll_tilt_x = 0.08879122696103424
coll_tilt_y = -0.03183694343550577
ech_G = 31.610662842806363
ech_blaze = -74.97684466484554
ech_gamma = 1.140409443760537
echelle_z = 0.07490168042672095
d_col_trf = -1588.018525544204
trf_mirror_tilt_x = 0.13867639733617043
trf_mirror_tilt_y = 0.0775469590890596
d_col_grm = -0.009530420431906904
grism_dec_x = 236.43432373519192
grism_dec_y = 0.034178684736373394
grm_tilt_x = -0.015743693798811336
grm_tilt_y = 2.304361725057667
grm_G = 222.82518278335712
grm_apex = 17.81514437098965
d_grm_cam  = 21.60846155990221
cam_dec_x = -0.30212410561667796
cam_dec_y = 0.25032650369468523
cam_tilt_x = -0.01847993900607406
cam_tilt_y = -0.015063629706949378
d_cam_ff  = -160.40093424311976
ccd_ff_dec_x = -0.0035179043248792542
ccd_ff_dec_y = 0.00020992330854019753
ccd_ff_tilt_x = 0.14602702086376304
ccd_ff_tilt_y = -0.5720481065505342
ccd_ff_tilt_z = 0.17258990326603063
d_ff_ccd  = -4.8112675373282405
ccd_dec_x = 0.620687347326134
ccd_dec_y = 5.155329696655598
ccd_defocus = 0.31633114587867606
ccd_tilt_x = 0.007712245100734043
ccd_tilt_y = -0.014098537065580173
ccd_tilt_z = 3.158957870033351e-06
p = 2.101636363636364e-05