slit_dec_x_a = -0.181778666534
slit_dec_y_a = -0.18243150017
slit_dec_x_b = 0.14512077562974193
slit_dec_y_b = -0.05510809031835813
slit_defocus = -0.013754302787351964
slit_tilt_x = 1.0540942283862018
slit_tilt_y = -8.560034497786397
slit_tilt_z = -9.026881245600446
d_slit_col = 1594.290256855691
coll_tilt_x = 0.12138803068188074
coll_tilt_y = -0.026481175576553228
ech_G = 31.614557457097963
ech_blaze = -74.99488923997895
ech_gamma = 1.1556435871818844
echelle_z = 0.05700688114591531
d_col_trf = -1588.0163694329717
trf_mirror_tilt_x = 0.007245578670426196
trf_mirror_tilt_y = 0.15545571423558688
d_col_grm = 0.03568267367700088
grism_dec_x = 236.38319604128094
grism_dec_y = 0.009249405145767064
grm_tilt_x = -0.023505446852444743
grm_tilt_y = 2.325791041643705
grm_G = 222.7840799538315
grm_apex = 17.766523300460964
d_grm_cam  = 21.604702165589664
cam_dec_x = -0.2711128556411713
cam_dec_y = 0.29090949798649796
cam_tilt_x = 0.01249253865638385
cam_tilt_y = 0.00875904967913371
d_cam_ff  = -160.0772292477499
ccd_ff_dec_x = -0.023804516498425212
ccd_ff_dec_y = 0.04198649652840411
ccd_ff_tilt_x = 0.03347987812433289
ccd_ff_tilt_y = -0.5909791672544942
ccd_ff_tilt_z = 0.17192541317562163
d_ff_ccd  = -4.8159957611604876
ccd_dec_x = 0.5532956180205919
ccd_dec_y = 5.107635672202736
ccd_defocus = 0.2857349183210889
ccd_tilt_x = 0.03259199595635022
ccd_tilt_y = -0.0021882131569975435
ccd_tilt_z = 4.6425480651077555e-06
p = 0.0001