slit_dec_x_a = -0.17039282901612515
slit_dec_y_a = -0.19578838468728357
slit_dec_x_b = 0.175
slit_dec_y_b = -2.669518311594659e-96
slit_defocus = 0.005536544701189194
slit_tilt_x = 1.1861006691454425
slit_tilt_y = -8.540129521773315
slit_tilt_z = -8.990813726715288
d_slit_col = 1594.2944815314283
coll_tilt_x = 0.0884528347109022
coll_tilt_y = -0.03177891854291665
ech_G = 31.610659393345525
ech_blaze = -74.97713602530288
ech_gamma = 1.1405016752865105
echelle_z = 0.07548356453198506
d_col_trf = -1588.0186257536875
trf_mirror_tilt_x = 0.13865128478779307
trf_mirror_tilt_y = 0.07754642131835164
d_col_grm = -0.009544540389464876
grism_dec_x = 236.43438169846772
grism_dec_y = 0.03423940021913238
grm_tilt_x = -0.015790103166991757
grm_tilt_y = 2.3043531027985513
grm_G = 222.82519554978163
grm_apex = 17.815118266989888
d_grm_cam  = 21.608492088509745
cam_dec_x = -0.3021353575052324
cam_dec_y = 0.2503363973137039
cam_tilt_x = -0.018387556322224448
cam_tilt_y = -0.015039801681987515
d_cam_ff  = -160.4010040115695
ccd_ff_dec_x = -0.003518374625151547
ccd_ff_dec_y = 0.0001557031477867567
ccd_ff_tilt_x = 0.14602068329582904
ccd_ff_tilt_y = -0.5720484261866753
ccd_ff_tilt_z = 0.17252517746490761
d_ff_ccd  = -4.811219311843043
ccd_dec_x = 0.6206355907187316
ccd_dec_y = 5.155267390732467
ccd_defocus = 0.31633894845819077
ccd_tilt_x = 0.007809516669651956
ccd_tilt_y = -0.014029444766579309
ccd_tilt_z = 3.370291803701457e-06
p = 3.6890833333333333e-06