slit_dec_x_a = -0.181778666534
slit_dec_y_a = -0.18243150017
slit_dec_x_b = 0.14512077562974193
slit_dec_y_b = -0.05510809031835813
slit_defocus = -0.013739183382688891
slit_tilt_x = 1.0541131192278559
slit_tilt_y = -8.560036651597608
slit_tilt_z = -9.02690923421696
d_slit_col = 1594.2902514504362
coll_tilt_x = 0.12148685250773746
coll_tilt_y = -0.026434357556936953
ech_G = 31.61456049760952
ech_blaze = -74.99488701742769
ech_gamma = 1.1556396050049598
echelle_z = 0.05699921883293744
d_col_trf = -1588.016359834
trf_mirror_tilt_x = 0.007295150520154141
trf_mirror_tilt_y = 0.15542733293756367
d_col_grm = 0.03565533398804697
grism_dec_x = 236.38320112966298
grism_dec_y = 0.00923408008357272
grm_tilt_x = -0.02351189959918657
grm_tilt_y = 2.3257912808731778
grm_G = 222.78406907545568
grm_apex = 17.766500192700548
d_grm_cam  = 21.604703948942745
cam_dec_x = -0.27103700982404644
cam_dec_y = 0.29083044352119036
cam_tilt_x = 0.012501678043978247
cam_tilt_y = 0.008852498508772294
d_cam_ff  = -160.0775691900462
ccd_ff_dec_x = -0.023804192297441518
ccd_ff_dec_y = 0.04203125072438624
ccd_ff_tilt_x = 0.03354208478403944
ccd_ff_tilt_y = -0.5909838315845353
ccd_ff_tilt_z = 0.17192008415838403
d_ff_ccd  = -4.8160060717342885
ccd_dec_x = 0.5532935804068377
ccd_dec_y = 5.107634497688495
ccd_defocus = 0.2858466655293065
ccd_tilt_x = 0.03255205860197954
ccd_tilt_y = -0.0021255032757407145
ccd_tilt_z = 4.6832691316795886e-06
p = 0.0001