slit_dec_x_a = -0.1704010755187174
slit_dec_y_a = -0.1956586180351446
slit_dec_x_b = 0.175
slit_dec_y_b = -1.8416339938621138e-96
slit_defocus = 0.021412716020109114
slit_tilt_x = 1.1140654626298716
slit_tilt_y = -8.53847988197404
slit_tilt_z = -8.991660427606586
d_slit_col = 1594.3099065772685
coll_tilt_x = 0.11322933303343588
coll_tilt_y = -0.028876355008465516
ech_G = 31.61323016561869
ech_blaze = -74.97483605719377
ech_gamma = 1.13897929178607
echelle_z = 0.0747678122736555
d_col_trf = -1588.0172347545156
trf_mirror_tilt_x = 0.026293714099481665
trf_mirror_tilt_y = 0.16223016730776646
d_col_grm = -0.00472852918896295
grism_dec_x = 236.42333713891776
grism_dec_y = 0.03809564212186639
grm_tilt_x = -0.014054833128173787
grm_tilt_y = 2.3052706914626153
grm_G = 222.8240027879802
grm_apex = 17.791077287676984
d_grm_cam  = 21.60981508195657
cam_dec_x = -0.3094778540219205
cam_dec_y = 0.24731044773978508
cam_tilt_x = -0.011044889584640163
cam_tilt_y = 0.0037770535358367294
d_cam_ff  = -160.05773484517746
ccd_ff_dec_x = -0.0025982077554037074
ccd_ff_dec_y = 0.05298953916237476
ccd_ff_tilt_x = 0.019511688316313815
ccd_ff_tilt_y = -0.5728096962850764
ccd_ff_tilt_z = 0.18005237963031295
d_ff_ccd  = -4.838941362134552
ccd_dec_x = 0.6214071720715914
ccd_dec_y = 5.157153587781831
ccd_defocus = 0.2807280537015875
ccd_tilt_x = 0.005060833937644948
ccd_tilt_y = -0.010950935438029826
ccd_tilt_z = 5.067048783878226e-06
p = 0.0001