slit_dec_x_a = -0.181778666534
slit_dec_y_a = -0.18243150017
slit_dec_x_b = 0.14512077562974193
slit_dec_y_b = -0.05510809031835813
slit_defocus = -0.0022004928131483877
slit_tilt_x = 1.1346732281150016
slit_tilt_y = -8.56823331142728
slit_tilt_z = -9.003648761090766
d_slit_col = 1594.3039712106197
coll_tilt_x = 0.08645507064725946
coll_tilt_y = -0.02201296275748164
ech_G = 31.61087206003719
ech_blaze = -74.99549283230692
ech_gamma = 1.158152477662228
echelle_z = 0.05761124444185431
d_col_trf = -1588.0162519836356
trf_mirror_tilt_x = 0.1225354540572082
trf_mirror_tilt_y = 0.018665413559752833
d_col_grm = 0.01506807485107115
grism_dec_x = 236.39746139834932
grism_dec_y = -0.00503587057931075
grm_tilt_x = -0.024709260713092457
grm_tilt_y = 2.327318518089127
grm_G = 222.78576710468045
grm_apex = 17.80921342535787
d_grm_cam  = 21.60451157375881
cam_dec_x = -0.283573898225403
cam_dec_y = 0.2897463419018467
cam_tilt_x = 0.004332084947217095
cam_tilt_y = -0.027822407418700804
d_cam_ff  = -160.56985275086353
ccd_ff_dec_x = -0.02279657826601355
ccd_ff_dec_y = -0.04779959245314196
ccd_ff_tilt_x = 0.16503018988186216
ccd_ff_tilt_y = -0.5897011862914798
ccd_ff_tilt_z = 0.17166136346118538
d_ff_ccd  = -4.785420332253865
ccd_dec_x = 0.551846060551097
ccd_dec_y = 5.106141880540659
ccd_defocus = 0.31573410288553727
ccd_tilt_x = 0.021334921783278338
ccd_tilt_y = -0.004201503873266117
ccd_tilt_z = 4.300989297480994e-07
p = 1.7874545454545455e-05