slit_dec_x_a = -0.17039113726176733
slit_dec_y_a = -0.19585859206191927
slit_dec_x_b = 0.175
slit_dec_y_b = -1.5366066766553204e-96
slit_defocus = 0.0055885015101726195
slit_tilt_x = 1.1861503052861275
slit_tilt_y = -8.54003308209771
slit_tilt_z = -8.9908412144267
d_slit_col = 1594.294455083791
coll_tilt_x = 0.08876588658317637
coll_tilt_y = -0.031847940004401075
ech_G = 31.610656595304516
ech_blaze = -74.97683545621635
ech_gamma = 1.1403850731242577
echelle_z = 0.07479413842123882
d_col_trf = -1588.0185357904804
trf_mirror_tilt_x = 0.13866815609145924
trf_mirror_tilt_y = 0.07751924853030771
d_col_grm = -0.009539930379153858
grism_dec_x = 236.43433225538615
grism_dec_y = 0.0341727960829448
grm_tilt_x = -0.015798826443625513
grm_tilt_y = 2.3043742945515544
grm_G = 222.8251631703338
grm_apex = 17.815127472833595
d_grm_cam  = 21.608482668570606
cam_dec_x = -0.30211974873649794
cam_dec_y = 0.2503360664779852
cam_tilt_x = -0.018452940448553907
cam_tilt_y = -0.015084934093877525
d_cam_ff  = -160.40094527160736
ccd_ff_dec_x = -0.0035191988078658435
ccd_ff_dec_y = 0.00023206451548397935
ccd_ff_tilt_x = 0.14604096368876138
ccd_ff_tilt_y = -0.572072197342579
ccd_ff_tilt_z = 0.17256041728831495
d_ff_ccd  = -4.811250398035125
ccd_dec_x = 0.620671726053723
ccd_dec_y = 5.155303612959219
ccd_defocus = 0.3162994891338252
ccd_tilt_x = 0.007725369413094742
ccd_tilt_y = -0.014094372195723686
ccd_tilt_z = 3.134221558708002e-06
p = 1.7874545454545455e-05