slit_dec_x_a = -0.1704010755187174
slit_dec_y_a = -0.1956586180351446
slit_dec_x_b = 0.175
slit_dec_y_b = -1.8306268973919392e-96
slit_defocus = 0.021380704788243964
slit_tilt_x = 1.1140109795552495
slit_tilt_y = -8.538406541684678
slit_tilt_z = -8.991634133033363
d_slit_col = 1594.3100181993739
coll_tilt_x = 0.11322627627582553
coll_tilt_y = -0.02889230348955044
ech_G = 31.613230720120207
ech_blaze = -74.97483348282339
ech_gamma = 1.1389714792437722
echelle_z = 0.07477259891606447
d_col_trf = -1588.0172302500978
trf_mirror_tilt_x = 0.026292859002990242
trf_mirror_tilt_y = 0.16217906614362154
d_col_grm = -0.004833086740208454
grism_dec_x = 236.42330685572162
grism_dec_y = 0.038206379548378286
grm_tilt_x = -0.014052726180858443
grm_tilt_y = 2.305276831797637
grm_G = 222.82400880368883
grm_apex = 17.79100238304715
d_grm_cam  = 21.609814758942473
cam_dec_x = -0.30951804153689766
cam_dec_y = 0.24721241621376602
cam_tilt_x = -0.01104499220855264
cam_tilt_y = 0.0038426298393749647
d_cam_ff  = -160.05747446465742
ccd_ff_dec_x = -0.002598965981295886
ccd_ff_dec_y = 0.05305575746889633
ccd_ff_tilt_x = 0.019534806396851276
ccd_ff_tilt_y = -0.5728109950754169
ccd_ff_tilt_z = 0.1800522511207029
d_ff_ccd  = -4.838972645200353
ccd_dec_x = 0.6214048783132577
ccd_dec_y = 5.157145665384847
ccd_defocus = 0.2807043452489691
ccd_tilt_x = 0.005100917521133807
ccd_tilt_y = -0.010871801588107743
ccd_tilt_z = 5.05680893142035e-06
p = 0.0001