slit_dec_x_a = -0.17038677937195226
slit_dec_y_a = -0.19592394024174664
slit_dec_x_b = 0.175
slit_dec_y_b = -1.4795018345229404e-96
slit_defocus = 0.0055914784583877735
slit_tilt_x = 1.1861610350861282
slit_tilt_y = -8.540029572627537
slit_tilt_z = -8.990846933909356
d_slit_col = 1594.2944573694163
coll_tilt_x = 0.08876789826746836
coll_tilt_y = -0.031869029677041735
ech_G = 31.6106684676972
ech_blaze = -74.9768648088539
ech_gamma = 1.1403766353609535
echelle_z = 0.07475734485919
d_col_trf = -1588.0185372098351
trf_mirror_tilt_x = 0.13867504106330367
trf_mirror_tilt_y = 0.07752304575509503
d_col_grm = -0.00952139761999702
grism_dec_x = 236.4343236470684
grism_dec_y = 0.03416210537717395
grm_tilt_x = -0.015855161766171834
grm_tilt_y = 2.3043533111767087
grm_G = 222.82517741062796
grm_apex = 17.815130918906913
d_grm_cam  = 21.608481179447217
cam_dec_x = -0.3021306864178847
cam_dec_y = 0.2503220098328555
cam_tilt_x = -0.018456345946804262
cam_tilt_y = -0.015060822511159982
d_cam_ff  = -160.40094035486106
ccd_ff_dec_x = -0.003535721821812959
ccd_ff_dec_y = 0.00023285938082947326
ccd_ff_tilt_x = 0.14603460733685464
ccd_ff_tilt_y = -0.5720660527562114
ccd_ff_tilt_z = 0.17256976768302912
d_ff_ccd  = -4.811257560633893
ccd_dec_x = 0.6206819222316738
ccd_dec_y = 5.155309217029153
ccd_defocus = 0.31631124841666114
ccd_tilt_x = 0.007710389903953133
ccd_tilt_y = -0.014086272507635935
ccd_tilt_z = 3.1194175792678624e-06
p = 1.7920833333333333e-05