slit_dec_x_a = -0.181778666534
slit_dec_y_a = -0.18243150017
slit_dec_x_b = 0.14512077562974193
slit_dec_y_b = -0.05510809031835813
slit_defocus = -0.0022149158428400213
slit_tilt_x = 1.1346927367121442
slit_tilt_y = -8.56829923870188
slit_tilt_z = -9.00363264521484
d_slit_col = 1594.3039142714215
coll_tilt_x = 0.08643785477366075
coll_tilt_y = -0.022040455893223683
ech_G = 31.610921675957552
ech_blaze = -74.99575684019813
ech_gamma = 1.1581228674378543
echelle_z = 0.05721411666888324
d_col_trf = -1588.016182205084
trf_mirror_tilt_x = 0.12251133278058643
trf_mirror_tilt_y = 0.018682131097024424
d_col_grm = 0.014989985368784445
grism_dec_x = 236.39748546693662
grism_dec_y = -0.005039509822827967
grm_tilt_x = -0.024763140729210778
grm_tilt_y = 2.3274136472048483
grm_G = 222.78570053139498
grm_apex = 17.809187496979966
d_grm_cam  = 21.604407798305477
cam_dec_x = -0.283621111185215
cam_dec_y = 0.28971435989922856
cam_tilt_x = 0.00436165823714798
cam_tilt_y = -0.027812197409184426
d_cam_ff  = -160.56965268509472
ccd_ff_dec_x = -0.022940438143043994
ccd_ff_dec_y = -0.0477786807952922
ccd_ff_tilt_x = 0.16505287387477235
ccd_ff_tilt_y = -0.5895996749715932
ccd_ff_tilt_z = 0.17182410176821677
d_ff_ccd  = -4.785362026502867
ccd_dec_x = 0.5520075836027157
ccd_dec_y = 5.106451668665772
ccd_defocus = 0.3157975631291288
ccd_tilt_x = 0.021424654761624876
ccd_tilt_y = -0.004190181215607467
ccd_tilt_z = 2.8325411548563765e-07
p = 1.8517272727272727e-05