slit_dec_x_a = -0.1704010755187174
slit_dec_y_a = -0.1956586180351446
slit_dec_x_b = 0.175
slit_dec_y_b = -1.8524671138377118e-96
slit_defocus = 0.021413989384764853
slit_tilt_x = 1.1140237114928095
slit_tilt_y = -8.538447168179015
slit_tilt_z = -8.991620642508092
d_slit_col = 1594.3099604418671
coll_tilt_x = 0.11318555863805906
coll_tilt_y = -0.028906566320711157
ech_G = 31.613230698741702
ech_blaze = -74.97483353554266
ech_gamma = 1.1389709989424763
echelle_z = 0.0747748609545697
d_col_trf = -1588.0172350272717
trf_mirror_tilt_x = 0.026269484911865225
trf_mirror_tilt_y = 0.16219465180840822
d_col_grm = -0.004789679116747177
grism_dec_x = 236.42325119192162
grism_dec_y = 0.03819549028587028
grm_tilt_x = -0.014050437360464536
grm_tilt_y = 2.305273353718105
grm_G = 222.82400830108622
grm_apex = 17.790957958032273
d_grm_cam  = 21.609811969609257
cam_dec_x = -0.30946289363843815
cam_dec_y = 0.24732365471781095
cam_tilt_x = -0.011102153375904832
cam_tilt_y = 0.003811382791578665
d_cam_ff  = -160.05770306820352
ccd_ff_dec_x = -0.0025987861108354277
ccd_ff_dec_y = 0.05302295433869761
ccd_ff_tilt_x = 0.019548751420286982
ccd_ff_tilt_y = -0.5728035901036362
ccd_ff_tilt_z = 0.1800525081787174
d_ff_ccd  = -4.838943432094797
ccd_dec_x = 0.62140932298499
ccd_dec_y = 5.157150819104556
ccd_defocus = 0.2807642008476145
ccd_tilt_x = 0.004988280348742317
ccd_tilt_y = -0.010941570148603821
ccd_tilt_z = 5.070074815515014e-06
p = 0.0001