slit_dec_x_a = -0.181778666534
slit_dec_y_a = -0.18243150017
slit_dec_x_b = 0.14512077562974193
slit_dec_y_b = -0.05510809031835813
slit_defocus = -0.013842028517457534
slit_tilt_x = 1.0540264476248953
slit_tilt_y = -8.55995830147261
slit_tilt_z = -9.026866550804785
d_slit_col = 1594.2903240479445
coll_tilt_x = 0.12147428970713978
coll_tilt_y = -0.026498066544048883
ech_G = 31.614566773011155
ech_blaze = -74.99489277280301
ech_gamma = 1.1556388703643614
echelle_z = 0.05699650929154275
d_col_trf = -1588.0163672217009
trf_mirror_tilt_x = 0.007272218835775418
trf_mirror_tilt_y = 0.15536985023775537
d_col_grm = 0.03563183800725456
grism_dec_x = 236.38325327696268
grism_dec_y = 0.009243891376655794
grm_tilt_x = -0.02350981251136195
grm_tilt_y = 2.325781547959774
grm_G = 222.7840724748759
grm_apex = 17.76653726180911
d_grm_cam  = 21.60469590209445
cam_dec_x = -0.2711360496013178
cam_dec_y = 0.29085952704080204
cam_tilt_x = 0.012452397948832527
cam_tilt_y = 0.00880283067760432
d_cam_ff  = -160.0775441310993
ccd_ff_dec_x = -0.023797728258530618
ccd_ff_dec_y = 0.04204665941878188
ccd_ff_tilt_x = 0.03344219443129946
ccd_ff_tilt_y = -0.5909718439044542
ccd_ff_tilt_z = 0.171914916905037
d_ff_ccd  = -4.8159520711002894
ccd_dec_x = 0.5532969416998194
ccd_dec_y = 5.107629087805388
ccd_defocus = 0.28578014613082514
ccd_tilt_x = 0.032553561140948296
ccd_tilt_y = -0.0021585407598479797
ccd_tilt_z = 4.7186256870400966e-06
p = 0.0001