slit_dec_x_a = -0.17041751923912207
slit_dec_y_a = -0.19600027381467747
slit_dec_x_b = 0.175
slit_dec_y_b = -1.6240931382999902e-96
slit_defocus = 0.005558354564123648
slit_tilt_x = 1.1861510174886198
slit_tilt_y = -8.540014134931205
slit_tilt_z = -8.990837834363711
d_slit_col = 1594.2944703382211
coll_tilt_x = 0.08878382368962978
coll_tilt_y = -0.031809593291469596
ech_G = 31.61066724542143
ech_blaze = -74.97677004309442
ech_gamma = 1.1404166047845528
echelle_z = 0.07479315585420979
d_col_trf = -1588.0185281297101
trf_mirror_tilt_x = 0.1386639159521239
trf_mirror_tilt_y = 0.07757780856034968
d_col_grm = -0.009564373029084618
grism_dec_x = 236.43432812381047
grism_dec_y = 0.034193429497549416
grm_tilt_x = -0.015765719607759875
grm_tilt_y = 2.3043673644121303
grm_G = 222.82518799123116
grm_apex = 17.81512868871003
d_grm_cam  = 21.608443087508217
cam_dec_x = -0.30215022855006374
cam_dec_y = 0.25032616537526603
cam_tilt_x = -0.01863933802648823
cam_tilt_y = -0.015054950733174867
d_cam_ff  = -160.40093374013685
ccd_ff_dec_x = -0.003494164584502485
ccd_ff_dec_y = 0.00018201755764388664
ccd_ff_tilt_x = 0.14603567177415186
ccd_ff_tilt_y = -0.5720521015094193
ccd_ff_tilt_z = 0.17257535695176487
d_ff_ccd  = -4.811257939031458
ccd_dec_x = 0.6206984506324236
ccd_dec_y = 5.155318145826164
ccd_defocus = 0.3163063105364324
ccd_tilt_x = 0.007731836510604701
ccd_tilt_y = -0.014084351651622855
ccd_tilt_z = 3.1091979953074804e-06
p = 1.4817272727272728e-06