slit_dec_x_a = -0.181778666534
slit_dec_y_a = -0.18243150017
slit_dec_x_b = 0.14512077562974193
slit_dec_y_b = -0.05510809031835813
slit_defocus = -0.002207588400468942
slit_tilt_x = 1.1346991755592324
slit_tilt_y = -8.568224916540638
slit_tilt_z = -9.003673335288706
d_slit_col = 1594.3039235832414
coll_tilt_x = 0.08641541244207546
coll_tilt_y = -0.022065055038555752
ech_G = 31.61088414935984
ech_blaze = -74.99557943396577
ech_gamma = 1.1580756981737357
echelle_z = 0.05746204659716071
d_col_trf = -1588.0163506011672
trf_mirror_tilt_x = 0.12253175681691707
trf_mirror_tilt_y = 0.01867491054164609
d_col_grm = 0.015054485737597751
grism_dec_x = 236.3974636456577
grism_dec_y = -0.005011739803388586
grm_tilt_x = -0.024752319228861303
grm_tilt_y = 2.327265565754975
grm_G = 222.78572880117684
grm_apex = 17.8091782537056
d_grm_cam  = 21.604328456963568
cam_dec_x = -0.2835957838496281
cam_dec_y = 0.28971041940822306
cam_tilt_x = 0.004350719494021186
cam_tilt_y = -0.02781076501360433
d_cam_ff  = -160.56966766104156
ccd_ff_dec_x = -0.02269015548836265
ccd_ff_dec_y = -0.04779122246309238
ccd_ff_tilt_x = 0.16505514016560202
ccd_ff_tilt_y = -0.589805491145543
ccd_ff_tilt_z = 0.17174170544875617
d_ff_ccd  = -4.785365343285609
ccd_dec_x = 0.55205568380489
ccd_dec_y = 5.106118489998229
ccd_defocus = 0.3157510861784461
ccd_tilt_x = 0.021358553453003505
ccd_tilt_y = -0.004206501264213357
ccd_tilt_z = 3.5126427160367786e-07
p = 1.4817272727272728e-06