slit_dec_x_a = -0.17042943790276457
slit_dec_y_a = -0.19605856611976144
slit_dec_x_b = 0.175
slit_dec_y_b = -2.4369044477797136e-96
slit_defocus = 0.005518541419532245
slit_tilt_x = 1.1861064936224825
slit_tilt_y = -8.540096530077959
slit_tilt_z = -8.990862244202642
d_slit_col = 1594.2944604944494
coll_tilt_x = 0.08875295184536397
coll_tilt_y = -0.031772310609146495
ech_G = 31.61069370531094
ech_blaze = -74.97709579211504
ech_gamma = 1.140468724515235
echelle_z = 0.07535925842987881
d_col_trf = -1588.018542965059
trf_mirror_tilt_x = 0.13869394708030325
trf_mirror_tilt_y = 0.07754331520174729
d_col_grm = -0.009509428975745946
grism_dec_x = 236.43432124924462
grism_dec_y = 0.03424915856887126
grm_tilt_x = -0.015948222432297827
grm_tilt_y = 2.3043709052533585
grm_G = 222.8252047031993
grm_apex = 17.815139339683565
d_grm_cam  = 21.6084906954172
cam_dec_x = -0.3021132614229513
cam_dec_y = 0.2503450254402467
cam_tilt_x = -0.018126631412896874
cam_tilt_y = -0.01500337904991799
d_cam_ff  = -160.40095790521912
ccd_ff_dec_x = -0.003559559499741074
ccd_ff_dec_y = 0.0001252751831039624
ccd_ff_tilt_x = 0.14603525088759312
ccd_ff_tilt_y = -0.572049180572677
ccd_ff_tilt_z = 0.1725630408482853
d_ff_ccd  = -4.811228976675075
ccd_dec_x = 0.620662744730519
ccd_dec_y = 5.155280493792256
ccd_defocus = 0.31631817733579226
ccd_tilt_x = 0.007805943110890829
ccd_tilt_y = -0.014012578185417901
ccd_tilt_z = 3.2693615802307868e-06
p = 5.666909090909091e-06