slit_dec_x_a = -0.181778666534
slit_dec_y_a = -0.18243150017
slit_dec_x_b = 0.14512077562974193
slit_dec_y_b = -0.05510809031835813
slit_defocus = -0.0021985347015088565
slit_tilt_x = 1.1347074402849695
slit_tilt_y = -8.568332604571484
slit_tilt_z = -9.00361567312882
d_slit_col = 1594.3039525021643
coll_tilt_x = 0.08645405530622617
coll_tilt_y = -0.022043860213804098
ech_G = 31.610899534190732
ech_blaze = -74.99559378860033
ech_gamma = 1.1580825453050794
echelle_z = 0.05685886122967626
d_col_trf = -1588.0163191772517
trf_mirror_tilt_x = 0.12251097067957195
trf_mirror_tilt_y = 0.018714332022599377
d_col_grm = 0.014981328200601543
grism_dec_x = 236.3974786902499
grism_dec_y = -0.005022801215647155
grm_tilt_x = -0.024630578694531367
grm_tilt_y = 2.327202420704197
grm_G = 222.78577903977234
grm_apex = 17.80910575157591
d_grm_cam  = 21.604551383540123
cam_dec_x = -0.28363112945319224
cam_dec_y = 0.2897533796022759
cam_tilt_x = 0.004299026228759661
cam_tilt_y = -0.02779620127193233
d_cam_ff  = -160.56966615290955
ccd_ff_dec_x = -0.02283011943563471
ccd_ff_dec_y = -0.04778919297903175
ccd_ff_tilt_x = 0.1650411548646363
ccd_ff_tilt_y = -0.58948255928704
ccd_ff_tilt_z = 0.17184677934584197
d_ff_ccd  = -4.785372474691265
ccd_dec_x = 0.5518941051115412
ccd_dec_y = 5.106557144333972
ccd_defocus = 0.3158124740457976
ccd_tilt_x = 0.021413768746009504
ccd_tilt_y = -0.0042045375082259435
ccd_tilt_z = 2.3786389964752344e-07
p = 5.666909090909091e-06