slit_dec_x_a = -0.181778666534
slit_dec_y_a = -0.18243150017
slit_dec_x_b = 0.14512077562974193
slit_dec_y_b = -0.05510809031835813
slit_defocus = -0.0022158462202899374
slit_tilt_x = 1.1347006541911187
slit_tilt_y = -8.568373753815685
slit_tilt_z = -9.003583664238025
d_slit_col = 1594.3039579495714
coll_tilt_x = 0.08648600393288963
coll_tilt_y = -0.022044814965775043
ech_G = 31.61093505098173
ech_blaze = -74.99581786212057
ech_gamma = 1.1582526014249264
echelle_z = 0.05660346367060913
d_col_trf = -1588.0162742835137
trf_mirror_tilt_x = 0.12246290303424115
trf_mirror_tilt_y = 0.018708589870981944
d_col_grm = 0.014946587855126882
grism_dec_x = 236.39749056295
grism_dec_y = -0.005067511342836437
grm_tilt_x = -0.024714777970098748
grm_tilt_y = 2.327415662057512
grm_G = 222.78589233972298
grm_apex = 17.80906910203809
d_grm_cam  = 21.604893102692717
cam_dec_x = -0.2836249459175494
cam_dec_y = 0.28974478908021295
cam_tilt_x = 0.004357130468666807
cam_tilt_y = -0.0277756799529071
d_cam_ff  = -160.56966477306315
ccd_ff_dec_x = -0.022725213491036577
ccd_ff_dec_y = -0.04778498991235361
ccd_ff_tilt_x = 0.16503068332508317
ccd_ff_tilt_y = -0.5893422472731356
ccd_ff_tilt_z = 0.17187578312596444
d_ff_ccd  = -4.785431338938626
ccd_dec_x = 0.5518200189895046
ccd_dec_y = 5.106368665516607
ccd_defocus = 0.31585241167579303
ccd_tilt_x = 0.021361940739785288
ccd_tilt_y = -0.004176949591011059
ccd_tilt_z = 2.5414636738985537e-07
p = 2.3154999999999997e-06