slit_dec_x_a = -0.181778666534
slit_dec_y_a = -0.18243150017
slit_dec_x_b = 0.14512077562974193
slit_dec_y_b = -0.05510809031835813
slit_defocus = -0.01378840985331089
slit_tilt_x = 1.0540953576820205
slit_tilt_y = -8.55995315313524
slit_tilt_z = -9.026877255037455
d_slit_col = 1594.2903070504246
coll_tilt_x = 0.12146487153125488
coll_tilt_y = -0.02645914777432254
ech_G = 31.61455762925673
ech_blaze = -74.99488887150191
ech_gamma = 1.1556396534600628
echelle_z = 0.05699896646303209
d_col_trf = -1588.0163653991985
trf_mirror_tilt_x = 0.007301439919007998
trf_mirror_tilt_y = 0.15541123252416664
d_col_grm = 0.03564857993617093
grism_dec_x = 236.38317031075212
grism_dec_y = 0.009251692043130895
grm_tilt_x = -0.023505243506559585
grm_tilt_y = 2.325789056057457
grm_G = 222.78406972076482
grm_apex = 17.766479310403327
d_grm_cam  = 21.604697383485135
cam_dec_x = -0.2710806920853054
cam_dec_y = 0.2909530142327344
cam_tilt_x = 0.012517165007616298
cam_tilt_y = 0.008786508045264258
d_cam_ff  = -160.07716856183666
ccd_ff_dec_x = -0.023795683242473355
ccd_ff_dec_y = 0.04203939323935091
ccd_ff_tilt_x = 0.033489491178820455
ccd_ff_tilt_y = -0.5909798873651584
ccd_ff_tilt_z = 0.1719183552816476
d_ff_ccd  = -4.815948686806825
ccd_dec_x = 0.5532947544803203
ccd_dec_y = 5.107632866574466
ccd_defocus = 0.28571950415095565
ccd_tilt_x = 0.03257904255439631
ccd_tilt_y = -0.002144276559545088
ccd_tilt_z = 4.7105769981740145e-06
p = 0.0001