slit_dec_x_a = -0.1704010755187174
slit_dec_y_a = -0.1956586180351446
slit_dec_x_b = 0.175
slit_dec_y_b = -1.8733099149670718e-96
slit_defocus = 0.021432104591182447
slit_tilt_x = 1.1140271058656968
slit_tilt_y = -8.538428472610637
slit_tilt_z = -8.991611668498525
d_slit_col = 1594.3099859708711
coll_tilt_x = 0.1131941511757193
coll_tilt_y = -0.028830828804633033
ech_G = 31.613228974205935
ech_blaze = -74.97483468427686
ech_gamma = 1.1389689705830448
echelle_z = 0.07476747519156783
d_col_trf = -1588.0172327537607
trf_mirror_tilt_x = 0.026284873261984722
trf_mirror_tilt_y = 0.1621981180268049
d_col_grm = -0.004859073386387262
grism_dec_x = 236.42332888433037
grism_dec_y = 0.03816910224386839
grm_tilt_x = -0.014049230782127192
grm_tilt_y = 2.305281019251034
grm_G = 222.82400215181843
grm_apex = 17.791129151465327
d_grm_cam  = 21.609816445822506
cam_dec_x = -0.3095020678319724
cam_dec_y = 0.24728546507116425
cam_tilt_x = -0.011077497308206537
cam_tilt_y = 0.003752966179650086
d_cam_ff  = -160.05713198738198
ccd_ff_dec_x = -0.0026029721562007197
ccd_ff_dec_y = 0.05301042932288994
ccd_ff_tilt_x = 0.01947844921401902
ccd_ff_tilt_y = -0.5728112148174945
ccd_ff_tilt_z = 0.18005090147005567
d_ff_ccd  = -4.838993559975733
ccd_dec_x = 0.6214128144727197
ccd_dec_y = 5.157149857620756
ccd_defocus = 0.2807671777727204
ccd_tilt_x = 0.005090149774032302
ccd_tilt_y = -0.01092745135055004
ccd_tilt_z = 5.063808000441586e-06
p = 0.0001