slit_dec_x_a = -0.181778666534
slit_dec_y_a = -0.18243150017
slit_dec_x_b = 0.14512077562974193
slit_dec_y_b = -0.05510809031835813
slit_defocus = -0.002185097416662511
slit_tilt_x = 1.1347021324707123
slit_tilt_y = -8.568296215364605
slit_tilt_z = -9.00362303830267
d_slit_col = 1594.3039172145288
coll_tilt_x = 0.086439505210338
coll_tilt_y = -0.022053069832617834
ech_G = 31.610888958966637
ech_blaze = -74.99559445823044
ech_gamma = 1.1581964399676556
echelle_z = 0.05711682706737272
d_col_trf = -1588.0162627178088
trf_mirror_tilt_x = 0.12250709370060807
trf_mirror_tilt_y = 0.018690582532574038
d_col_grm = 0.014984908246645608
grism_dec_x = 236.39749243226123
grism_dec_y = -0.005053465695730244
grm_tilt_x = -0.02475829272553867
grm_tilt_y = 2.3274460591603905
grm_G = 222.78571588264353
grm_apex = 17.80917173175291
d_grm_cam  = 21.604521768803277
cam_dec_x = -0.28364738502264575
cam_dec_y = 0.2897305104712384
cam_tilt_x = 0.004374679832813923
cam_tilt_y = -0.02779560074235262
d_cam_ff  = -160.5695328481014
ccd_ff_dec_x = -0.023035261939983006
ccd_ff_dec_y = -0.04777919795599403
ccd_ff_tilt_x = 0.16502371742688837
ccd_ff_tilt_y = -0.5896589225844672
ccd_ff_tilt_z = 0.17179794099749504
d_ff_ccd  = -4.785363984682323
ccd_dec_x = 0.551933590028017
ccd_dec_y = 5.106588018607819
ccd_defocus = 0.3158476325002867
ccd_tilt_x = 0.021435163462533987
ccd_tilt_y = -0.004230047453259381
ccd_tilt_z = 3.226815889048249e-07
p = 3.94625e-06