slit_dec_x_a = -0.17046474112677784
slit_dec_y_a = -0.1961193415396847
slit_dec_x_b = 0.175
slit_dec_y_b = -2.0896747326459434e-96
slit_defocus = 0.00557000657202027
slit_tilt_x = 1.1861236921148284
slit_tilt_y = -8.54002060794827
slit_tilt_z = -8.990868604401392
d_slit_col = 1594.2944345803328
coll_tilt_x = 0.08872961883411327
coll_tilt_y = -0.03177474662435089
ech_G = 31.610686057141724
ech_blaze = -74.97717231325726
ech_gamma = 1.1405053247944694
echelle_z = 0.07495703067008727
d_col_trf = -1588.0185544671076
trf_mirror_tilt_x = 0.13871115826950428
trf_mirror_tilt_y = 0.07759052984175274
d_col_grm = -0.009526463853413271
grism_dec_x = 236.43429520459037
grism_dec_y = 0.034236101000613105
grm_tilt_x = -0.01579648145030541
grm_tilt_y = 2.304369244537497
grm_G = 222.82520938051388
grm_apex = 17.81510532452753
d_grm_cam  = 21.608480636827966
cam_dec_x = -0.30213300360074197
cam_dec_y = 0.25039479925516905
cam_tilt_x = -0.018192002864909986
cam_tilt_y = -0.015034333500465916
d_cam_ff  = -160.40095989578015
ccd_ff_dec_x = -0.003540870703354933
ccd_ff_dec_y = 0.00014482237509593333
ccd_ff_tilt_x = 0.14598074136087538
ccd_ff_tilt_y = -0.5720513227981976
ccd_ff_tilt_z = 0.17256579549976575
d_ff_ccd  = -4.8112296303008595
ccd_dec_x = 0.6206461359899942
ccd_dec_y = 5.155254917975902
ccd_defocus = 0.31631848839796145
ccd_tilt_x = 0.007740435378171072
ccd_tilt_y = -0.013999008630477252
ccd_tilt_z = 3.223191255454561e-06
p = 3.94625e-06