slit_dec_x_a = -0.181778666534
slit_dec_y_a = -0.18243150017
slit_dec_x_b = 0.14512077562974193
slit_dec_y_b = -0.05510809031835813
slit_defocus = -0.013807895768714896
slit_tilt_x = 1.0541081578246843
slit_tilt_y = -8.559999815927627
slit_tilt_z = -9.02694475901632
d_slit_col = 1594.2902417134546
coll_tilt_x = 0.12142719502873106
coll_tilt_y = -0.02647763153466975
ech_G = 31.614562689423703
ech_blaze = -74.99488918190632
ech_gamma = 1.155642318888335
echelle_z = 0.057001991206960985
d_col_trf = -1588.016363295961
trf_mirror_tilt_x = 0.007314776246149
trf_mirror_tilt_y = 0.1554315210370607
d_col_grm = 0.035614898055875074
grism_dec_x = 236.3832037200408
grism_dec_y = 0.009262011260247444
grm_tilt_x = -0.023502832848416776
grm_tilt_y = 2.325794208603492
grm_G = 222.78407209927326
grm_apex = 17.766514074147043
d_grm_cam  = 21.60469948327497
cam_dec_x = -0.2711002826998214
cam_dec_y = 0.29085835386741893
cam_tilt_x = 0.012407461591547249
cam_tilt_y = 0.008781849655604147
d_cam_ff  = -160.07698976731263
ccd_ff_dec_x = -0.023804559719090533
ccd_ff_dec_y = 0.042124866787908756
ccd_ff_tilt_x = 0.033500998214234495
ccd_ff_tilt_y = -0.5909803902934953
ccd_ff_tilt_z = 0.17191663508438934
d_ff_ccd  = -4.815989082866731
ccd_dec_x = 0.5532966943460906
ccd_dec_y = 5.107625291631742
ccd_defocus = 0.2857545539346792
ccd_tilt_x = 0.032643448267575856
ccd_tilt_y = -0.0022145289455809693
ccd_tilt_z = 4.707581794218793e-06
p = 0.0001