slit_dec_x_a = -0.181778666534
slit_dec_y_a = -0.18243150017
slit_dec_x_b = 0.14512077562974193
slit_dec_y_b = -0.05510809031835813
slit_defocus = -0.0021938016771365343
slit_tilt_x = 1.1347041451082966
slit_tilt_y = -8.568291144688583
slit_tilt_z = -9.003631738391466
d_slit_col = 1594.3039142459877
coll_tilt_x = 0.08643304463416827
coll_tilt_y = -0.02204085686975508
ech_G = 31.610901716175032
ech_blaze = -74.99562098240776
ech_gamma = 1.1581695970072445
echelle_z = 0.05710890691519777
d_col_trf = -1588.0162400116737
trf_mirror_tilt_x = 0.12249838059913043
trf_mirror_tilt_y = 0.018694820306269913
d_col_grm = 0.014985303504746899
grism_dec_x = 236.39748903994845
grism_dec_y = -0.005062461316103288
grm_tilt_x = -0.02480996522658303
grm_tilt_y = 2.327391395388459
grm_G = 222.78576645051686
grm_apex = 17.80918022899465
d_grm_cam  = 21.604587831285397
cam_dec_x = -0.28363889059757613
cam_dec_y = 0.28971829348181105
cam_tilt_x = 0.004352419872363359
cam_tilt_y = -0.02779140800054127
d_cam_ff  = -160.56957819533977
ccd_ff_dec_x = -0.023091208161772125
ccd_ff_dec_y = -0.047778831543261256
ccd_ff_tilt_x = 0.16503076986303858
ccd_ff_tilt_y = -0.5896246239346675
ccd_ff_tilt_z = 0.1718867194408349
d_ff_ccd  = -4.785368425013032
ccd_dec_x = 0.5519028950626275
ccd_dec_y = 5.106586480565633
ccd_defocus = 0.31582993036563134
ccd_tilt_x = 0.02142698412021751
ccd_tilt_y = -0.004211028253199138
ccd_tilt_z = 2.7334889239887586e-07
p = 3.008833333333333e-06