slit_dec_x_a = -0.1704605120750995
slit_dec_y_a = -0.19608048829298402
slit_dec_x_b = 0.175
slit_dec_y_b = -1.8468636919805638e-96
slit_defocus = 0.005567526126857464
slit_tilt_x = 1.1861491119268786
slit_tilt_y = -8.540013936096914
slit_tilt_z = -8.990852294394982
d_slit_col = 1594.2944198603586
coll_tilt_x = 0.08879512778285387
coll_tilt_y = -0.03176189388112182
ech_G = 31.610700692011328
ech_blaze = -74.97717823922272
ech_gamma = 1.1405079015698703
echelle_z = 0.07496321171174684
d_col_trf = -1588.0185516466574
trf_mirror_tilt_x = 0.13870858152099313
trf_mirror_tilt_y = 0.07758014948549827
d_col_grm = -0.009530449235233182
grism_dec_x = 236.43429330990898
grism_dec_y = 0.034247759083143293
grm_tilt_x = -0.015732702786651533
grm_tilt_y = 2.30437641327322
grm_G = 222.82517837713098
grm_apex = 17.815116731504354
d_grm_cam  = 21.608485849128186
cam_dec_x = -0.30211140398901815
cam_dec_y = 0.2503774374582786
cam_tilt_x = -0.018256478894410566
cam_tilt_y = -0.01503748932159053
d_cam_ff  = -160.40094812767495
ccd_ff_dec_x = -0.003538672446555517
ccd_ff_dec_y = 0.00014579896848756571
ccd_ff_tilt_x = 0.14599200223841435
ccd_ff_tilt_y = -0.5720772414007297
ccd_ff_tilt_z = 0.17254810046404692
d_ff_ccd  = -4.811227763805166
ccd_dec_x = 0.6206573023056947
ccd_dec_y = 5.155258306740596
ccd_defocus = 0.3163233789306348
ccd_tilt_x = 0.007756064056969063
ccd_tilt_y = -0.014008682966322947
ccd_tilt_z = 3.2270929926860492e-06
p = 3.008833333333333e-06