slit_dec_x_a = -0.181778666534
slit_dec_y_a = -0.18243150017
slit_dec_x_b = 0.14512077562974193
slit_dec_y_b = -0.05510809031835813
slit_defocus = -0.013737544702795373
slit_tilt_x = 1.0541158997324247
slit_tilt_y = -8.560037681050884
slit_tilt_z = -9.026838138131374
d_slit_col = 1594.2902210284437
coll_tilt_x = 0.121418517066978
coll_tilt_y = -0.026468207657239905
ech_G = 31.614559296863963
ech_blaze = -74.99489872629407
ech_gamma = 1.1556363489802277
echelle_z = 0.0570014136241126
d_col_trf = -1588.01636429196
trf_mirror_tilt_x = 0.007328713456645398
trf_mirror_tilt_y = 0.15550420647434673
d_col_grm = 0.03562341244132755
grism_dec_x = 236.383153153206
grism_dec_y = 0.009202454006562387
grm_tilt_x = -0.02350304760018174
grm_tilt_y = 2.3257880696256854
grm_G = 222.7840741254546
grm_apex = 17.766556327788436
d_grm_cam  = 21.60469799402096
cam_dec_x = -0.2711268618697299
cam_dec_y = 0.2908699353204212
cam_tilt_x = 0.012446817411192869
cam_tilt_y = 0.008832188971270197
d_cam_ff  = -160.07703434142545
ccd_ff_dec_x = -0.023798669957542633
ccd_ff_dec_y = 0.042028119650083386
ccd_ff_tilt_x = 0.03347930055775056
ccd_ff_tilt_y = -0.5909779697520279
ccd_ff_tilt_z = 0.1719158961853684
d_ff_ccd  = -4.816014043609671
ccd_dec_x = 0.5532912812715596
ccd_dec_y = 5.107627343980684
ccd_defocus = 0.2857503343286298
ccd_tilt_x = 0.032629284335544004
ccd_tilt_y = -0.0021391021303469025
ccd_tilt_z = 4.716709565315293e-06
p = 0.0001