slit_dec_x_a = -0.1704010755187174
slit_dec_y_a = -0.1956586180351446
slit_dec_x_b = 0.175
slit_dec_y_b = -1.8868776423239682e-96
slit_defocus = 0.02134675908643558
slit_tilt_x = 1.1140573167226289
slit_tilt_y = -8.538454687895264
slit_tilt_z = -8.991625963933776
d_slit_col = 1594.3099623152043
coll_tilt_x = 0.11318406185665297
coll_tilt_y = -0.028888030252363455
ech_G = 31.613228326766944
ech_blaze = -74.97482915997816
ech_gamma = 1.138974753741013
echelle_z = 0.07477197905192219
d_col_trf = -1588.017237567889
trf_mirror_tilt_x = 0.026306985743076897
trf_mirror_tilt_y = 0.16224627152554447
d_col_grm = -0.004836430378886538
grism_dec_x = 236.4232668287038
grism_dec_y = 0.03820495411475591
grm_tilt_x = -0.014059601182825125
grm_tilt_y = 2.305279874459331
grm_G = 222.82400384279393
grm_apex = 17.79108528564155
d_grm_cam  = 21.60981953151143
cam_dec_x = -0.3095429662611123
cam_dec_y = 0.2473400510267132
cam_tilt_x = -0.01107883895486449
cam_tilt_y = 0.0037806194020393144
d_cam_ff  = -160.05778368945312
ccd_ff_dec_x = -0.002596203494521541
ccd_ff_dec_y = 0.05302673464134457
ccd_ff_tilt_x = 0.01946332764403474
ccd_ff_tilt_y = -0.572797578180059
ccd_ff_tilt_z = 0.18005409858626023
d_ff_ccd  = -4.8389853451648275
ccd_dec_x = 0.6214041626837398
ccd_dec_y = 5.157151488363527
ccd_defocus = 0.2807502506894587
ccd_tilt_x = 0.005012849099369085
ccd_tilt_y = -0.010895025438660711
ccd_tilt_z = 5.022831294413566e-06
p = 0.0001