slit_dec_x_a = -0.181778666534
slit_dec_y_a = -0.18243150017
slit_dec_x_b = 0.14512077562974193
slit_dec_y_b = -0.05510809031835813
slit_defocus = -0.013761902485699331
slit_tilt_x = 1.054122238864251
slit_tilt_y = -8.55994937852839
slit_tilt_z = -9.026857822128001
d_slit_col = 1594.2903240946239
coll_tilt_x = 0.12141158396059906
coll_tilt_y = -0.026505523857544084
ech_G = 31.614566366126184
ech_blaze = -74.9948908406269
ech_gamma = 1.1556333893780275
echelle_z = 0.05700573446281951
d_col_trf = -1588.0163617006094
trf_mirror_tilt_x = 0.0073170365026237055
trf_mirror_tilt_y = 0.15541996283038328
d_col_grm = 0.03565503328572081
grism_dec_x = 236.38322259956152
grism_dec_y = 0.009228349283147719
grm_tilt_x = -0.02350594797421499
grm_tilt_y = 2.325784362194167
grm_G = 222.78405892884123
grm_apex = 17.76650195457122
d_grm_cam  = 21.604709541818835
cam_dec_x = -0.27112600356864885
cam_dec_y = 0.2909720283231814
cam_tilt_x = 0.01241034154068698
cam_tilt_y = 0.008832849344648251
d_cam_ff  = -160.07708863772118
ccd_ff_dec_x = -0.023798291566866987
ccd_ff_dec_y = 0.0420281634781661
ccd_ff_tilt_x = 0.033512288212738474
ccd_ff_tilt_y = -0.5909835733921316
ccd_ff_tilt_z = 0.17191476705542896
d_ff_ccd  = -4.815942634092502
ccd_dec_x = 0.5532973578751766
ccd_dec_y = 5.107630581248426
ccd_defocus = 0.2857680320563689
ccd_tilt_x = 0.032567610280269374
ccd_tilt_y = -0.0021694789866262363
ccd_tilt_z = 4.674256954183418e-06
p = 0.0001