slit_dec_x_a = -0.17044033798685088
slit_dec_y_a = -0.19586334370795946
slit_dec_x_b = 0.175
slit_dec_y_b = -2.198989351153389e-96
slit_defocus = 0.005554409671573244
slit_tilt_x = 1.186115294546272
slit_tilt_y = -8.54000007316527
slit_tilt_z = -8.990849364846124
d_slit_col = 1594.294458768197
coll_tilt_x = 0.08873896172047005
coll_tilt_y = -0.03172708694375793
ech_G = 31.610676453352685
ech_blaze = -74.97689533480491
ech_gamma = 1.1405027102332812
echelle_z = 0.07487256180877985
d_col_trf = -1588.0185757623424
trf_mirror_tilt_x = 0.1386588278056888
trf_mirror_tilt_y = 0.0775976969325165
d_col_grm = -0.009556100732774842
grism_dec_x = 236.43431035016758
grism_dec_y = 0.034213584201041515
grm_tilt_x = -0.015666619526843596
grm_tilt_y = 2.304380308070867
grm_G = 222.82518899353371
grm_apex = 17.81510849871247
d_grm_cam  = 21.608495283543682
cam_dec_x = -0.30216472379542625
cam_dec_y = 0.25035852311408024
cam_tilt_x = -0.01860147674273258
cam_tilt_y = -0.015052303320239498
d_cam_ff  = -160.40096184272596
ccd_ff_dec_x = -0.0035266879370901504
ccd_ff_dec_y = 0.00017324567359087303
ccd_ff_tilt_x = 0.14603215576258222
ccd_ff_tilt_y = -0.5720779453498112
ccd_ff_tilt_z = 0.17260011492229244
d_ff_ccd  = -4.81124614162497
ccd_dec_x = 0.6206914920398776
ccd_dec_y = 5.155293855909455
ccd_defocus = 0.3163111711985711
ccd_tilt_x = 0.007731540715477029
ccd_tilt_y = -0.014017606312997189
ccd_tilt_z = 3.1579739250183203e-06
p = 1.0067250000000001e-05