slit_dec_x_a = -0.181778666534
slit_dec_y_a = -0.18243150017
slit_dec_x_b = 0.14512077562974193
slit_dec_y_b = -0.05510809031835813
slit_defocus = -0.013778638110181464
slit_tilt_x = 1.054036963601665
slit_tilt_y = -8.560019484140785
slit_tilt_z = -9.026863414641417
d_slit_col = 1594.2902609265473
coll_tilt_x = 0.1214737740985733
coll_tilt_y = -0.02655804200172149
ech_G = 31.61456119199349
ech_blaze = -74.99488442380121
ech_gamma = 1.1556454163823566
echelle_z = 0.057002966216828044
d_col_trf = -1588.016368104942
trf_mirror_tilt_x = 0.007305132981144575
trf_mirror_tilt_y = 0.15539873960191378
d_col_grm = 0.035744798492606464
grism_dec_x = 236.38328469643676
grism_dec_y = 0.00929146332773844
grm_tilt_x = -0.023505058045577457
grm_tilt_y = 2.325788107513594
grm_G = 222.78407268556646
grm_apex = 17.766526109834622
d_grm_cam  = 21.60469997047387
cam_dec_x = -0.2711715022325342
cam_dec_y = 0.29092005556118194
cam_tilt_x = 0.01253245580062239
cam_tilt_y = 0.00888496187436689
d_cam_ff  = -160.07704051039104
ccd_ff_dec_x = -0.02379618822274195
ccd_ff_dec_y = 0.04196864911352165
ccd_ff_tilt_x = 0.033551646678570635
ccd_ff_tilt_y = -0.5909813543904213
ccd_ff_tilt_z = 0.17191552047360775
d_ff_ccd  = -4.816013954045052
ccd_dec_x = 0.5532991623624751
ccd_dec_y = 5.107628474647177
ccd_defocus = 0.2858158132265913
ccd_tilt_x = 0.03257048196373544
ccd_tilt_y = -0.002112048759559605
ccd_tilt_z = 4.685814791882722e-06
p = 0.0001