slit_dec_x_a = -0.181778666534
slit_dec_y_a = -0.18243150017
slit_dec_x_b = 0.14512077562974193
slit_dec_y_b = -0.05510809031835813
slit_defocus = -0.0021967252549774724
slit_tilt_x = 1.1346995566249756
slit_tilt_y = -8.568303319674719
slit_tilt_z = -9.0036060878169
d_slit_col = 1594.3039056428843
coll_tilt_x = 0.08644734798062442
coll_tilt_y = -0.022039389456757277
ech_G = 31.61090406107462
ech_blaze = -74.99560863728155
ech_gamma = 1.158213447274263
echelle_z = 0.05704959246429156
d_col_trf = -1588.0162280585673
trf_mirror_tilt_x = 0.12249057987006816
trf_mirror_tilt_y = 0.018696888222407657
d_col_grm = 0.014986619673212506
grism_dec_x = 236.3974799746904
grism_dec_y = -0.005065291352732909
grm_tilt_x = -0.02480994553749642
grm_tilt_y = 2.3274389662152717
grm_G = 222.7857848538657
grm_apex = 17.80916144900048
d_grm_cam  = 21.604509452506196
cam_dec_x = -0.28363592052068975
cam_dec_y = 0.2897458489958221
cam_tilt_x = 0.00433464315834958
cam_tilt_y = -0.027807117992689635
d_cam_ff  = -160.5695278422889
ccd_ff_dec_x = -0.02297747731387762
ccd_ff_dec_y = -0.047804640233464875
ccd_ff_tilt_x = 0.1650296777476224
ccd_ff_tilt_y = -0.5895382445284321
ccd_ff_tilt_z = 0.1717631298203499
d_ff_ccd  = -4.785376643283724
ccd_dec_x = 0.5519270465712528
ccd_dec_y = 5.106601937301712
ccd_defocus = 0.31583583692484396
ccd_tilt_x = 0.021424299038886114
ccd_tilt_y = -0.004240930764968517
ccd_tilt_z = 2.8388814651894456e-07
p = 6.300727272727274e-06