slit_dec_x_a = -0.1704010755187174
slit_dec_y_a = -0.1956586180351446
slit_dec_x_b = 0.175
slit_dec_y_b = -1.8268104025797955e-96
slit_defocus = 0.021377077292642155
slit_tilt_x = 1.1140480964203376
slit_tilt_y = -8.538412096088221
slit_tilt_z = -8.9916565780575
d_slit_col = 1594.309997978358
coll_tilt_x = 0.11314469982735934
coll_tilt_y = -0.028981917353994954
ech_G = 31.613231200414774
ech_blaze = -74.97483930594525
ech_gamma = 1.138974876650777
echelle_z = 0.074777154970791
d_col_trf = -1588.0172403719284
trf_mirror_tilt_x = 0.02633288396426221
trf_mirror_tilt_y = 0.162214977151956
d_col_grm = -0.004832276971169275
grism_dec_x = 236.42331181660313
grism_dec_y = 0.03817899657698069
grm_tilt_x = -0.014054706648099494
grm_tilt_y = 2.305275541410968
grm_G = 222.8240068463826
grm_apex = 17.791056025746638
d_grm_cam  = 21.60981906855442
cam_dec_x = -0.30955154568183363
cam_dec_y = 0.2472738765961077
cam_tilt_x = -0.011134762069725851
cam_tilt_y = 0.003721730586144011
d_cam_ff  = -160.0576368562907
ccd_ff_dec_x = -0.002599840666038573
ccd_ff_dec_y = 0.05303166585090829
ccd_ff_tilt_x = 0.019519934517276835
ccd_ff_tilt_y = -0.572801824956629
ccd_ff_tilt_z = 0.18004518346734516
d_ff_ccd  = -4.838902005766896
ccd_dec_x = 0.6214053476331483
ccd_dec_y = 5.157147722371994
ccd_defocus = 0.2807596602593722
ccd_tilt_x = 0.005005050587149419
ccd_tilt_y = -0.010890806390010553
ccd_tilt_z = 5.11611309009524e-06
p = 0.0001