slit_dec_x_a = -0.181778666534
slit_dec_y_a = -0.18243150017
slit_dec_x_b = 0.14512077562974193
slit_dec_y_b = -0.05510809031835813
slit_defocus = -0.002207571525112803
slit_tilt_x = 1.1346886448667235
slit_tilt_y = -8.56838286300707
slit_tilt_z = -9.00357777948068
d_slit_col = 1594.3039744768932
coll_tilt_x = 0.08648180630430018
coll_tilt_y = -0.022052408876605055
ech_G = 31.61093222428765
ech_blaze = -74.99581061091797
ech_gamma = 1.1582275458863898
echelle_z = 0.056700163028626634
d_col_trf = -1588.0162702320865
trf_mirror_tilt_x = 0.12248842349103724
trf_mirror_tilt_y = 0.018714258816899663
d_col_grm = 0.014953253999560651
grism_dec_x = 236.3974725887051
grism_dec_y = -0.0050651281979072794
grm_tilt_x = -0.024727591139233777
grm_tilt_y = 2.3273653721900605
grm_G = 222.7859045191763
grm_apex = 17.809081682917117
d_grm_cam  = 21.604928157207937
cam_dec_x = -0.2836329762537323
cam_dec_y = 0.2897612460737836
cam_tilt_x = 0.004350467281267564
cam_tilt_y = -0.027755853058962814
d_cam_ff  = -160.5695943119788
ccd_ff_dec_x = -0.022825152396851504
ccd_ff_dec_y = -0.047790723499601166
ccd_ff_tilt_x = 0.16502421014463176
ccd_ff_tilt_y = -0.5894195491929054
ccd_ff_tilt_z = 0.17182852059386317
d_ff_ccd  = -4.785407283606387
ccd_dec_x = 0.551905654844506
ccd_dec_y = 5.1063146122487835
ccd_defocus = 0.3158567782985822
ccd_tilt_x = 0.021384199895347168
ccd_tilt_y = -0.004193757489177002
ccd_tilt_z = 2.91308434541333e-07
p = 1.8873636363636363e-06