slit_dec_x_a = -0.181778666534
slit_dec_y_a = -0.18243150017
slit_dec_x_b = 0.14512077562974193
slit_dec_y_b = -0.05510809031835813
slit_defocus = -0.013800442382131017
slit_tilt_x = 1.0541038641663607
slit_tilt_y = -8.560021639381613
slit_tilt_z = -9.026882272329736
d_slit_col = 1594.2902088354463
coll_tilt_x = 0.12140047677025059
coll_tilt_y = -0.026481422803902477
ech_G = 31.61456653283748
ech_blaze = -74.99488821452788
ech_gamma = 1.1556394611550427
echelle_z = 0.05700329825850697
d_col_trf = -1588.0163667542279
trf_mirror_tilt_x = 0.007236478436068582
trf_mirror_tilt_y = 0.15547455209261496
d_col_grm = 0.03562263208935639
grism_dec_x = 236.38312294149267
grism_dec_y = 0.009188260619973469
grm_tilt_x = -0.023507325941152946
grm_tilt_y = 2.3257930328954535
grm_G = 222.78407425812475
grm_apex = 17.766618987953358
d_grm_cam  = 21.604698763656852
cam_dec_x = -0.27109845582011693
cam_dec_y = 0.2908817608827615
cam_tilt_x = 0.01238398329258069
cam_tilt_y = 0.008848492339900954
d_cam_ff  = -160.0771857540189
ccd_ff_dec_x = -0.02380517749568749
ccd_ff_dec_y = 0.04204762367048075
ccd_ff_tilt_x = 0.03346655808289714
ccd_ff_tilt_y = -0.5909827477681271
ccd_ff_tilt_z = 0.1719120404039871
d_ff_ccd  = -4.815987293151894
ccd_dec_x = 0.553296019216057
ccd_dec_y = 5.107628850005099
ccd_defocus = 0.2857026723143737
ccd_tilt_x = 0.03264280459122901
ccd_tilt_y = -0.002178119221677011
ccd_tilt_z = 4.690379134069141e-06
p = 0.0001