slit_dec_x_a = -0.1704378644352741
slit_dec_y_a = -0.19591294907786647
slit_dec_x_b = 0.175
slit_dec_y_b = -2.024976754833011e-96
slit_defocus = 0.005574502617614102
slit_tilt_x = 1.1860971101614888
slit_tilt_y = -8.5399883575246
slit_tilt_z = -8.990836110146914
d_slit_col = 1594.2944478671213
coll_tilt_x = 0.08864638666189946
coll_tilt_y = -0.03175199718189414
ech_G = 31.610680004876226
ech_blaze = -74.97698222605543
ech_gamma = 1.1404574633833067
echelle_z = 0.07484562789596524
d_col_trf = -1588.0185735271825
trf_mirror_tilt_x = 0.1386803169879477
trf_mirror_tilt_y = 0.07758261676386431
d_col_grm = -0.009551881447307271
grism_dec_x = 236.43430320029898
grism_dec_y = 0.034246333630048295
grm_tilt_x = -0.01573860282606116
grm_tilt_y = 2.304385157541097
grm_G = 222.8251799101123
grm_apex = 17.81511869811772
d_grm_cam  = 21.608482376577303
cam_dec_x = -0.30215438819437707
cam_dec_y = 0.25036589035865536
cam_tilt_x = -0.018603845939867424
cam_tilt_y = -0.015039240688628426
d_cam_ff  = -160.40098314712824
ccd_ff_dec_x = -0.003559841694362264
ccd_ff_dec_y = 0.0001684676105202608
ccd_ff_tilt_x = 0.14601194005767498
ccd_ff_tilt_y = -0.5720922392101147
ccd_ff_tilt_z = 0.17260168739690657
d_ff_ccd  = -4.811221273549479
ccd_dec_x = 0.6207054598348059
ccd_dec_y = 5.155299975104405
ccd_defocus = 0.31629349838967313
ccd_tilt_x = 0.007731083123709664
ccd_tilt_y = -0.014007588812272403
ccd_tilt_z = 3.111413621555273e-06
p = 1.0655454545454545e-05