slit_dec_x_a = -0.181778666534
slit_dec_y_a = -0.18243150017
slit_dec_x_b = 0.14512077562974193
slit_dec_y_b = -0.05510809031835813
slit_defocus = -0.002201806755486042
slit_tilt_x = 1.1346797952771723
slit_tilt_y = -8.568288561607343
slit_tilt_z = -9.00362372843896
d_slit_col = 1594.3039170586242
coll_tilt_x = 0.08642605379825148
coll_tilt_y = -0.022029241808931937
ech_G = 31.61092285710904
ech_blaze = -74.99578090152664
ech_gamma = 1.1581685158479724
echelle_z = 0.057206484865143445
d_col_trf = -1588.016268916711
trf_mirror_tilt_x = 0.1225265818591949
trf_mirror_tilt_y = 0.01868149273730534
d_col_grm = 0.014999594673102239
grism_dec_x = 236.39748658874956
grism_dec_y = -0.005034219977330534
grm_tilt_x = -0.02471837377376926
grm_tilt_y = 2.327441481163333
grm_G = 222.78571894715634
grm_apex = 17.809139515132085
d_grm_cam  = 21.604472590953073
cam_dec_x = -0.28362355741291684
cam_dec_y = 0.28972430630924406
cam_tilt_x = 0.004329465447513777
cam_tilt_y = -0.02780204952439594
d_cam_ff  = -160.56975999442747
ccd_ff_dec_x = -0.022844677277736963
ccd_ff_dec_y = -0.047783508961474035
ccd_ff_tilt_x = 0.16506196005880203
ccd_ff_tilt_y = -0.5895605967269862
ccd_ff_tilt_z = 0.17177606058008282
d_ff_ccd  = -4.785370208629796
ccd_dec_x = 0.5519365561222103
ccd_dec_y = 5.106385140589507
ccd_defocus = 0.31577888508258944
ccd_tilt_x = 0.021382598830560363
ccd_tilt_y = -0.004199028462182067
ccd_tilt_z = 3.6236606106989794e-07
p = 1.0655454545454545e-05