slit_dec_x_a = -0.181778666534
slit_dec_y_a = -0.18243150017
slit_dec_x_b = 0.14512077562974193
slit_dec_y_b = -0.05510809031835813
slit_defocus = -0.01381825801127824
slit_tilt_x = 1.0540280026431126
slit_tilt_y = -8.560006984292832
slit_tilt_z = -9.026889675584203
d_slit_col = 1594.2903041257862
coll_tilt_x = 0.12139932993972252
coll_tilt_y = -0.026590986622059797
ech_G = 31.614556454558276
ech_blaze = -74.99488145906304
ech_gamma = 1.1556400130982234
echelle_z = 0.05700230194508765
d_col_trf = -1588.0163617167593
trf_mirror_tilt_x = 0.0073282855691329096
trf_mirror_tilt_y = 0.15547846490068265
d_col_grm = 0.03566666644941104
grism_dec_x = 236.38323699664778
grism_dec_y = 0.009223478336510467
grm_tilt_x = -0.02350874367023622
grm_tilt_y = 2.3257911755952745
grm_G = 222.78406866802993
grm_apex = 17.766540664170908
d_grm_cam  = 21.60470304998237
cam_dec_x = -0.2710514296176347
cam_dec_y = 0.2908304687491366
cam_tilt_x = 0.012401300085191008
cam_tilt_y = 0.00873452932704931
d_cam_ff  = -160.07723545987423
ccd_ff_dec_x = -0.023807135254725307
ccd_ff_dec_y = 0.04207739942851815
ccd_ff_tilt_x = 0.03341977869569197
ccd_ff_tilt_y = -0.5909808646554525
ccd_ff_tilt_z = 0.171919662418816
d_ff_ccd  = -4.815923864874234
ccd_dec_x = 0.5532988799598096
ccd_dec_y = 5.107635510419408
ccd_defocus = 0.2857706681829167
ccd_tilt_x = 0.032616822363893516
ccd_tilt_y = -0.002163473021322609
ccd_tilt_z = 4.717513527205107e-06
p = 0.0001