slit_dec_x_a = -0.17045011510657354
slit_dec_y_a = -0.196082120793831
slit_dec_x_b = 0.175
slit_dec_y_b = -2.395947034518493e-96
slit_defocus = 0.005510928606173845
slit_tilt_x = 1.1861305669106443
slit_tilt_y = -8.540072203642008
slit_tilt_z = -8.990859658939266
d_slit_col = 1594.2944455835782
coll_tilt_x = 0.08883054915978042
coll_tilt_y = -0.031702636686650944
ech_G = 31.610681584870804
ech_blaze = -74.97700121012637
ech_gamma = 1.1405770552956709
echelle_z = 0.07519840090367329
d_col_trf = -1588.0185715157168
trf_mirror_tilt_x = 0.13871527183536606
trf_mirror_tilt_y = 0.07756979936236351
d_col_grm = -0.009544200714707626
grism_dec_x = 236.43431158285406
grism_dec_y = 0.03425235189538533
grm_tilt_x = -0.015860006935674128
grm_tilt_y = 2.304387825447052
grm_G = 222.82522014025184
grm_apex = 17.815107974175138
d_grm_cam  = 21.608477573053705
cam_dec_x = -0.30212331380842206
cam_dec_y = 0.25035673229951144
cam_tilt_x = -0.018139985131488377
cam_tilt_y = -0.014990248244456246
d_cam_ff  = -160.40094015104032
ccd_ff_dec_x = -0.0035680041721374337
ccd_ff_dec_y = 0.00012364164488796786
ccd_ff_tilt_x = 0.1460149205864691
ccd_ff_tilt_y = -0.5720438150949977
ccd_ff_tilt_z = 0.17256075558291673
d_ff_ccd  = -4.8112092089130245
ccd_dec_x = 0.6206307273187659
ccd_dec_y = 5.1552859144695145
ccd_defocus = 0.3163165781219832
ccd_tilt_x = 0.00782174500766664
ccd_tilt_y = -0.01401324228250239
ccd_tilt_z = 3.2415475496788827e-06
p = 1.1723333333333335e-05