slit_dec_x_a = -0.181778666534
slit_dec_y_a = -0.18243150017
slit_dec_x_b = 0.14512077562974193
slit_dec_y_b = -0.05510809031835813
slit_defocus = -0.0022012610808641087
slit_tilt_x = 1.1347088257161233
slit_tilt_y = -8.56833223839416
slit_tilt_z = -9.003605732606372
d_slit_col = 1594.3039200933777
coll_tilt_x = 0.08646689640817123
coll_tilt_y = -0.022059371757604453
ech_G = 31.61089171955553
ech_blaze = -74.9955561561344
ech_gamma = 1.1581817212612444
echelle_z = 0.05695147627702632
d_col_trf = -1588.0162171996212
trf_mirror_tilt_x = 0.12250654651485021
trf_mirror_tilt_y = 0.018741113935130966
d_col_grm = 0.015008520209650607
grism_dec_x = 236.39749831875898
grism_dec_y = -0.00507615918500286
grm_tilt_x = -0.024712933359658677
grm_tilt_y = 2.3274134518865295
grm_G = 222.7857840924883
grm_apex = 17.809138787864516
d_grm_cam  = 21.604550085944204
cam_dec_x = -0.283631633362395
cam_dec_y = 0.28975994756878526
cam_tilt_x = 0.004312206604519718
cam_tilt_y = -0.027793157409961404
d_cam_ff  = -160.56964155233783
ccd_ff_dec_x = -0.02284095154568646
ccd_ff_dec_y = -0.04777028870776023
ccd_ff_tilt_x = 0.1650286052944248
ccd_ff_tilt_y = -0.5894520390769175
ccd_ff_tilt_z = 0.1718110020352618
d_ff_ccd  = -4.785369109628752
ccd_dec_x = 0.5519072424478403
ccd_dec_y = 5.106433257171319
ccd_defocus = 0.31584261745630793
ccd_tilt_x = 0.021432702234409993
ccd_tilt_y = -0.004235605802846562
ccd_tilt_z = 2.702050894529271e-07
p = 1.1723333333333335e-05