slit_dec_x_a = -0.1704010755187174
slit_dec_y_a = -0.1956586180351446
slit_dec_x_b = 0.175
slit_dec_y_b = -1.8802597749509443e-96
slit_defocus = 0.0213372199534387
slit_tilt_x = 1.1139783132716425
slit_tilt_y = -8.538392341988942
slit_tilt_z = -8.99164353431675
d_slit_col = 1594.309961931167
coll_tilt_x = 0.11314237116590885
coll_tilt_y = -0.02890414125010055
ech_G = 31.613232010934606
ech_blaze = -74.97483907049427
ech_gamma = 1.1389726352220104
echelle_z = 0.07477088592098961
d_col_trf = -1588.0172250079038
trf_mirror_tilt_x = 0.026315918353618257
trf_mirror_tilt_y = 0.16216910060372278
d_col_grm = -0.004796772009874126
grism_dec_x = 236.42335751766242
grism_dec_y = 0.03822429296519267
grm_tilt_x = -0.014055596628343632
grm_tilt_y = 2.305280018248001
grm_G = 222.82400783418106
grm_apex = 17.79098818138604
d_grm_cam  = 21.609815120839013
cam_dec_x = -0.30953290021938995
cam_dec_y = 0.2472560982597213
cam_tilt_x = -0.011020487562196408
cam_tilt_y = 0.0038706864023309025
d_cam_ff  = -160.05761923919064
ccd_ff_dec_x = -0.002590763574365832
ccd_ff_dec_y = 0.05299198360506843
ccd_ff_tilt_x = 0.019582103841559385
ccd_ff_tilt_y = -0.572797487482972
ccd_ff_tilt_z = 0.18005527027775872
d_ff_ccd  = -4.838976255134653
ccd_dec_x = 0.6214012613251623
ccd_dec_y = 5.157137620792023
ccd_defocus = 0.28076562452388004
ccd_tilt_x = 0.005082982594576434
ccd_tilt_y = -0.010886870468495773
ccd_tilt_z = 5.103690922146256e-06
p = 0.0001