slit_dec_x_a = -0.181778666534
slit_dec_y_a = -0.18243150017
slit_dec_x_b = 0.14512077562974193
slit_dec_y_b = -0.05510809031835813
slit_defocus = -0.0022044112633783585
slit_tilt_x = 1.1346902567830763
slit_tilt_y = -8.568382954471693
slit_tilt_z = -9.003583119280316
d_slit_col = 1594.3040003189092
coll_tilt_x = 0.08647993857592376
coll_tilt_y = -0.02206175841474524
ech_G = 31.61092498811965
ech_blaze = -74.99572156345312
ech_gamma = 1.1581483513524318
echelle_z = 0.05677344690682074
d_col_trf = -1588.016336492398
trf_mirror_tilt_x = 0.12249558664368812
trf_mirror_tilt_y = 0.01871377594242549
d_col_grm = 0.014962833255467921
grism_dec_x = 236.397466924082
grism_dec_y = -0.005067118460816522
grm_tilt_x = -0.024669678270045715
grm_tilt_y = 2.3273772191775914
grm_G = 222.7857522499584
grm_apex = 17.809073134999878
d_grm_cam  = 21.60485423134912
cam_dec_x = -0.2836259163017878
cam_dec_y = 0.2897606232106524
cam_tilt_x = 0.004333548433883823
cam_tilt_y = -0.027778684873219123
d_cam_ff  = -160.5695042139095
ccd_ff_dec_x = -0.022864513098632914
ccd_ff_dec_y = -0.04776664783439263
ccd_ff_tilt_x = 0.1650296367967542
ccd_ff_tilt_y = -0.5893905344371256
ccd_ff_tilt_z = 0.17180246914482467
d_ff_ccd  = -4.785386277378887
ccd_dec_x = 0.5518215261578051
ccd_dec_y = 5.1064092345261916
ccd_defocus = 0.3158494938698638
ccd_tilt_x = 0.02137908576795174
ccd_tilt_y = -0.0042162265790653825
ccd_tilt_z = 3.103774714571448e-07
p = 1.3181818181818183e-05