slit_dec_x_a = -0.17039110423489692
slit_dec_y_a = -0.195750684199635
slit_dec_x_b = 0.175
slit_dec_y_b = -2.552325794187591e-96
slit_defocus = 0.005528091062077563
slit_tilt_x = 1.1861113835234531
slit_tilt_y = -8.540128806499457
slit_tilt_z = -8.990812576443515
d_slit_col = 1594.294478739097
coll_tilt_x = 0.08858525839022198
coll_tilt_y = -0.03177010423866925
ech_G = 31.610684062119372
ech_blaze = -74.97717653443345
ech_gamma = 1.1405020421940872
echelle_z = 0.07538013255008884
d_col_trf = -1588.0186145788055
trf_mirror_tilt_x = 0.1386735542602041
trf_mirror_tilt_y = 0.0775509484795629
d_col_grm = -0.009547626261267412
grism_dec_x = 236.43437120690604
grism_dec_y = 0.03424592944777308
grm_tilt_x = -0.015791233716080304
grm_tilt_y = 2.3043483984598208
grm_G = 222.82521046208265
grm_apex = 17.81511347253585
d_grm_cam  = 21.60847488843351
cam_dec_x = -0.3021232394175376
cam_dec_y = 0.2503252351933286
cam_tilt_x = -0.018406782778535354
cam_tilt_y = -0.015041971173664829
d_cam_ff  = -160.4009931351259
ccd_ff_dec_x = -0.003539404607121415
ccd_ff_dec_y = 0.00016305032352356276
ccd_ff_tilt_x = 0.1460065953967334
ccd_ff_tilt_y = -0.5720346040019245
ccd_ff_tilt_z = 0.17251822899075916
d_ff_ccd  = -4.811241246016207
ccd_dec_x = 0.620634367275622
ccd_dec_y = 5.155266701874768
ccd_defocus = 0.31633943278136395
ccd_tilt_x = 0.007803927235836676
ccd_tilt_y = -0.014020576617862731
ccd_tilt_z = 3.3464786315065144e-06
p = 3.0837500000000003e-06