slit_dec_x_a = -0.1704010755187174
slit_dec_y_a = -0.1956586180351446
slit_dec_x_b = 0.175
slit_dec_y_b = -1.8611497868793493e-96
slit_defocus = 0.021353856697029765
slit_tilt_x = 1.1139927755759131
slit_tilt_y = -8.5384685831783
slit_tilt_z = -8.99169021739481
d_slit_col = 1594.3099368707433
coll_tilt_x = 0.11316831732783826
coll_tilt_y = -0.02891400979691084
ech_G = 31.613230035771835
ech_blaze = -74.97483278904332
ech_gamma = 1.1389756707201386
echelle_z = 0.07476841637967697
d_col_trf = -1588.017227048417
trf_mirror_tilt_x = 0.026280490210717686
trf_mirror_tilt_y = 0.16216798820919234
d_col_grm = -0.004778527833139827
grism_dec_x = 236.42327955951518
grism_dec_y = 0.0380823095531715
grm_tilt_x = -0.014057716766077687
grm_tilt_y = 2.3052738344492427
grm_G = 222.82400689724903
grm_apex = 17.79105971313376
d_grm_cam  = 21.6098207916975
cam_dec_x = -0.3095970400005447
cam_dec_y = 0.24731364495329722
cam_tilt_x = -0.011052709185779717
cam_tilt_y = 0.00375480443111054
d_cam_ff  = -160.0574390344232
ccd_ff_dec_x = -0.0026033914485008663
ccd_ff_dec_y = 0.05302972129658131
ccd_ff_tilt_x = 0.019492228547034758
ccd_ff_tilt_y = -0.5728085716649474
ccd_ff_tilt_z = 0.18004767912012665
d_ff_ccd  = -4.838967845847497
ccd_dec_x = 0.621405110696082
ccd_dec_y = 5.157150877719801
ccd_defocus = 0.2806933668974426
ccd_tilt_x = 0.005069504006935487
ccd_tilt_y = -0.010879335152393721
ccd_tilt_z = 5.097299491839924e-06
p = 0.0001