slit_dec_x_a = -0.181778666534
slit_dec_y_a = -0.18243150017
slit_dec_x_b = 0.14512077562974193
slit_dec_y_b = -0.05510809031835813
slit_defocus = -0.0022149756679950613
slit_tilt_x = 1.1346803302714035
slit_tilt_y = -8.568300290853395
slit_tilt_z = -9.003626986330687
d_slit_col = 1594.303920116653
coll_tilt_x = 0.08644366612444737
coll_tilt_y = -0.022035589317033165
ech_G = 31.610923726614363
ech_blaze = -74.99574280250071
ech_gamma = 1.1581608857654802
echelle_z = 0.05722116598333052
d_col_trf = -1588.0162158130722
trf_mirror_tilt_x = 0.12251754898123317
trf_mirror_tilt_y = 0.018679014783855055
d_col_grm = 0.014992683594168214
grism_dec_x = 236.39747780429786
grism_dec_y = -0.005043844840746395
grm_tilt_x = -0.024815633313162288
grm_tilt_y = 2.3274372419759217
grm_G = 222.78568609745489
grm_apex = 17.809164140803517
d_grm_cam  = 21.604404116729718
cam_dec_x = -0.2836341612996004
cam_dec_y = 0.2897245089140805
cam_tilt_x = 0.0043478177015711505
cam_tilt_y = -0.027802068185191972
d_cam_ff  = -160.56960576662863
ccd_ff_dec_x = -0.022958019716614805
ccd_ff_dec_y = -0.04778506813412862
ccd_ff_tilt_x = 0.1650465813667453
ccd_ff_tilt_y = -0.5895413365266912
ccd_ff_tilt_z = 0.17174958850012847
d_ff_ccd  = -4.785361326104669
ccd_dec_x = 0.5520121337395786
ccd_dec_y = 5.106399263613847
ccd_defocus = 0.3158005786976306
ccd_tilt_x = 0.0214003780527895
ccd_tilt_y = -0.004190206898001731
ccd_tilt_z = 3.304040349303407e-07
p = 1.08975e-05