slit_dec_x_a = -0.17042741520085136
slit_dec_y_a = -0.19601205254429718
slit_dec_x_b = 0.175
slit_dec_y_b = -1.9307586839265456e-96
slit_defocus = 0.005567189054888337
slit_tilt_x = 1.1861224161266748
slit_tilt_y = -8.540003888643124
slit_tilt_z = -8.99085403189569
d_slit_col = 1594.294427405375
coll_tilt_x = 0.08866658483150741
coll_tilt_y = -0.03181098385179455
ech_G = 31.61068230383589
ech_blaze = -74.97706461092936
ech_gamma = 1.1404286934917214
echelle_z = 0.07494163552655571
d_col_trf = -1588.018559366304
trf_mirror_tilt_x = 0.13868842744827148
trf_mirror_tilt_y = 0.0776079772557548
d_col_grm = -0.009537580673851806
grism_dec_x = 236.43428183003692
grism_dec_y = 0.0342506991730741
grm_tilt_x = -0.015753031056769482
grm_tilt_y = 2.304368718463785
grm_G = 222.82517700527163
grm_apex = 17.815099796447836
d_grm_cam  = 21.608483639155878
cam_dec_x = -0.3021351071758397
cam_dec_y = 0.25036664743021403
cam_tilt_x = -0.01843210376892794
cam_tilt_y = -0.015016813664988292
d_cam_ff  = -160.40098206288266
ccd_ff_dec_x = -0.003547413563853812
ccd_ff_dec_y = 0.00015741817285542042
ccd_ff_tilt_x = 0.14599968792604567
ccd_ff_tilt_y = -0.5721121748108426
ccd_ff_tilt_z = 0.172576768543803
d_ff_ccd  = -4.811244317069438
ccd_dec_x = 0.6206704752351658
ccd_dec_y = 5.155295512004361
ccd_defocus = 0.31630103300154605
ccd_tilt_x = 0.007768839787305751
ccd_tilt_y = -0.014021834396574385
ccd_tilt_z = 3.1739806212797986e-06
p = 1.08975e-05