slit_dec_x_a = -0.17038443758654703
slit_dec_y_a = -0.19576086066032025
slit_dec_x_b = 0.175
slit_dec_y_b = -2.632144607226886e-96
slit_defocus = 0.005532737824390845
slit_tilt_x = 1.1861016749094178
slit_tilt_y = -8.540120478061208
slit_tilt_z = -8.990815148955331
d_slit_col = 1594.2944854524585
coll_tilt_x = 0.08850842301171233
coll_tilt_y = -0.031828488523177774
ech_G = 31.61066450720501
ech_blaze = -74.97714704695701
ech_gamma = 1.140452419318788
echelle_z = 0.07549995492295357
d_col_trf = -1588.018621283895
trf_mirror_tilt_x = 0.13865069553063905
trf_mirror_tilt_y = 0.07755430637390727
d_col_grm = -0.009538543594812088
grism_dec_x = 236.43437422123105
grism_dec_y = 0.03424768373034483
grm_tilt_x = -0.01577553492913722
grm_tilt_y = 2.3043592752962305
grm_G = 222.82520687473203
grm_apex = 17.815122444034316
d_grm_cam  = 21.608490528102333
cam_dec_x = -0.302125299134539
cam_dec_y = 0.2503363586874961
cam_tilt_x = -0.018342541758451163
cam_tilt_y = -0.015042592081859249
d_cam_ff  = -160.4010016423884
ccd_ff_dec_x = -0.0035278114659809553
ccd_ff_dec_y = 0.00015314970873673
ccd_ff_tilt_x = 0.14601510125994083
ccd_ff_tilt_y = -0.5720377280576039
ccd_ff_tilt_z = 0.17252823894325325
d_ff_ccd  = -4.811224517555862
ccd_dec_x = 0.6206357039949134
ccd_dec_y = 5.155273826631302
ccd_defocus = 0.3163343958989069
ccd_tilt_x = 0.007803566581685907
ccd_tilt_y = -0.014020175575508923
ccd_tilt_z = 3.3971885097274975e-06
p = 3.4006666666666665e-06