slit_dec_x_a = -0.181778666534
slit_dec_y_a = -0.18243150017
slit_dec_x_b = 0.14512077562974193
slit_dec_y_b = -0.05510809031835813
slit_defocus = -0.0137600440067828
slit_tilt_x = 1.0540920469434616
slit_tilt_y = -8.559953449319826
slit_tilt_z = -9.026899609476471
d_slit_col = 1594.2902359762732
coll_tilt_x = 0.12146125454207743
coll_tilt_y = -0.026414503407449618
ech_G = 31.614565957286736
ech_blaze = -74.99488647640727
ech_gamma = 1.155643330296289
echelle_z = 0.057004341377290615
d_col_trf = -1588.0163628063729
trf_mirror_tilt_x = 0.007280409833600845
trf_mirror_tilt_y = 0.1554603003781161
d_col_grm = 0.035627211625655415
grism_dec_x = 236.3832290011938
grism_dec_y = 0.009214052544703463
grm_tilt_x = -0.023510862745497667
grm_tilt_y = 2.3257877760991965
grm_G = 222.7840649257981
grm_apex = 17.76653165595637
d_grm_cam  = 21.604700618299443
cam_dec_x = -0.2710976900498746
cam_dec_y = 0.2908506280465627
cam_tilt_x = 0.01240901938590929
cam_tilt_y = 0.008784518816656931
d_cam_ff  = -160.07703708691454
ccd_ff_dec_x = -0.02380311546039946
ccd_ff_dec_y = 0.04209472366205156
ccd_ff_tilt_x = 0.03353749582045106
ccd_ff_tilt_y = -0.5909815383380851
ccd_ff_tilt_z = 0.1719180426405942
d_ff_ccd  = -4.8159533910404875
ccd_dec_x = 0.5532957678471772
ccd_dec_y = 5.107635209737666
ccd_defocus = 0.2857247685516552
ccd_tilt_x = 0.03261452300395718
ccd_tilt_y = -0.002058192258491631
ccd_tilt_z = 4.72830043413064e-06
p = 0.0001