slit_dec_x_a = -0.1704010755187174
slit_dec_y_a = -0.1956586180351446
slit_dec_x_b = 0.175
slit_dec_y_b = -1.8179116426751603e-96
slit_defocus = 0.02139973355441995
slit_tilt_x = 1.1139800464407128
slit_tilt_y = -8.538495101097661
slit_tilt_z = -8.991639769322585
d_slit_col = 1594.3099345108526
coll_tilt_x = 0.1132040418097501
coll_tilt_y = -0.02895078790958558
ech_G = 31.613226476741335
ech_blaze = -74.97483673864294
ech_gamma = 1.1389778194645637
echelle_z = 0.07476891455125416
d_col_trf = -1588.0172289863956
trf_mirror_tilt_x = 0.02631193818587546
trf_mirror_tilt_y = 0.16220757592819535
d_col_grm = -0.004847277341237439
grism_dec_x = 236.42331038328675
grism_dec_y = 0.038212138431436476
grm_tilt_x = -0.014044661883581229
grm_tilt_y = 2.3052780742747054
grm_G = 222.82400200773716
grm_apex = 17.791004318097567
d_grm_cam  = 21.60981370385153
cam_dec_x = -0.30956529436595054
cam_dec_y = 0.24734503360706722
cam_tilt_x = -0.011057284616502317
cam_tilt_y = 0.0037896221501418823
d_cam_ff  = -160.05772147824842
ccd_ff_dec_x = -0.002604431528259118
ccd_ff_dec_y = 0.05299025384138079
ccd_ff_tilt_x = 0.01954045692773139
ccd_ff_tilt_y = -0.5728072002328265
ccd_ff_tilt_z = 0.18004954747568327
d_ff_ccd  = -4.838979154798852
ccd_dec_x = 0.6214102196378977
ccd_dec_y = 5.157145672316839
ccd_defocus = 0.280793316451764
ccd_tilt_x = 0.00507857361430539
ccd_tilt_y = -0.010935373010674605
ccd_tilt_z = 5.042132228943017e-06
p = 0.0001