slit_dec_x_a = -0.181778666534
slit_dec_y_a = -0.18243150017
slit_dec_x_b = 0.14512077562974193
slit_dec_y_b = -0.05510809031835813
slit_defocus = -0.0022042271670713034
slit_tilt_x = 1.1346895565713642
slit_tilt_y = -8.568234219237238
slit_tilt_z = -9.003678287224776
d_slit_col = 1594.3039368897175
coll_tilt_x = 0.0864376672235126
coll_tilt_y = -0.022049167020343242
ech_G = 31.61089044006053
ech_blaze = -74.99561100019466
ech_gamma = 1.1581266690634209
echelle_z = 0.05755342529820101
d_col_trf = -1588.0162388610872
trf_mirror_tilt_x = 0.12252800805843463
trf_mirror_tilt_y = 0.018682260886315784
d_col_grm = 0.015060235542269604
grism_dec_x = 236.39747196767945
grism_dec_y = -0.005026287006481956
grm_tilt_x = -0.02479761633709118
grm_tilt_y = 2.32726101590067
grm_G = 222.78582043936174
grm_apex = 17.80920236540331
d_grm_cam  = 21.604315280801515
cam_dec_x = -0.28358500600511083
cam_dec_y = 0.2897398263755441
cam_tilt_x = 0.004354264675303476
cam_tilt_y = -0.02781371299090638
d_cam_ff  = -160.56968521278168
ccd_ff_dec_x = -0.02266355867981543
ccd_ff_dec_y = -0.04778959998550634
ccd_ff_tilt_x = 0.16503541774006192
ccd_ff_tilt_y = -0.5896717410219942
ccd_ff_tilt_z = 0.171702999695893
d_ff_ccd  = -4.785399594383574
ccd_dec_x = 0.5519539091264789
ccd_dec_y = 5.106074467764367
ccd_defocus = 0.31574925939545284
ccd_tilt_x = 0.02135916382935686
ccd_tilt_y = -0.004209404449886487
ccd_tilt_z = 4.0671708929538194e-07
p = 2.3275833333333335e-05