slit_dec_x_a = -0.17039493666456956
slit_dec_y_a = -0.19598402466419104
slit_dec_x_b = 0.175
slit_dec_y_b = -1.4996189017674961e-96
slit_defocus = 0.005561358019329737
slit_tilt_x = 1.186181315034438
slit_tilt_y = -8.540022176709936
slit_tilt_z = -8.990844463209234
d_slit_col = 1594.2944593949355
coll_tilt_x = 0.0888283255749633
coll_tilt_y = -0.03183219495484803
ech_G = 31.610674733330644
ech_blaze = -74.9768738374979
ech_gamma = 1.140435004630208
echelle_z = 0.07481564227821771
d_col_trf = -1588.0185334483776
trf_mirror_tilt_x = 0.13867047613212127
trf_mirror_tilt_y = 0.07755868224816441
d_col_grm = -0.00954403860723832
grism_dec_x = 236.4343172776267
grism_dec_y = 0.034183099782401416
grm_tilt_x = -0.015740345409633243
grm_tilt_y = 2.304367846968994
grm_G = 222.8251856226117
grm_apex = 17.815135003043356
d_grm_cam  = 21.60845023943219
cam_dec_x = -0.302133293060952
cam_dec_y = 0.2503248754161879
cam_tilt_x = -0.01851687165137613
cam_tilt_y = -0.01505696334552613
d_cam_ff  = -160.40093310052092
ccd_ff_dec_x = -0.0035178133793656923
ccd_ff_dec_y = 0.00021206881833009834
ccd_ff_tilt_x = 0.1460410907940007
ccd_ff_tilt_y = -0.572054860181089
ccd_ff_tilt_z = 0.17258845090972982
d_ff_ccd  = -4.811273677729057
ccd_dec_x = 0.6206879567725927
ccd_dec_y = 5.155318799558503
ccd_defocus = 0.31632265860839026
ccd_tilt_x = 0.0077074051296121176
ccd_tilt_y = -0.014090674521092314
ccd_tilt_z = 3.139005784473086e-06
p = 2.3275833333333335e-05