slit_dec_x_a = -0.17037072646031529
slit_dec_y_a = -0.19575087716811018
slit_dec_x_b = 0.175
slit_dec_y_b = -2.4487270607533678e-96
slit_defocus = 0.005536844286965169
slit_tilt_x = 1.1861213997574973
slit_tilt_y = -8.540124266585968
slit_tilt_z = -8.990828823041122
d_slit_col = 1594.2944712230174
coll_tilt_x = 0.08856193475159778
coll_tilt_y = -0.03176265163190149
ech_G = 31.6106814271005
ech_blaze = -74.97722308510374
ech_gamma = 1.1405178658356139
echelle_z = 0.07543511738752888
d_col_trf = -1588.0186071097194
trf_mirror_tilt_x = 0.13866322060585287
trf_mirror_tilt_y = 0.07754882329489834
d_col_grm = -0.009534243289006442
grism_dec_x = 236.4343551520607
grism_dec_y = 0.03424738625779084
grm_tilt_x = -0.01575182448402276
grm_tilt_y = 2.3043675006952733
grm_G = 222.82519949367497
grm_apex = 17.815119643259624
d_grm_cam  = 21.608474649301947
cam_dec_x = -0.30213014767527846
cam_dec_y = 0.2503351691645665
cam_tilt_x = -0.018345295728739792
cam_tilt_y = -0.01503198441976129
d_cam_ff  = -160.40098854253173
ccd_ff_dec_x = -0.003540936469152473
ccd_ff_dec_y = 0.00015936386188280784
ccd_ff_tilt_x = 0.14600881233107704
ccd_ff_tilt_y = -0.5720332376525483
ccd_ff_tilt_z = 0.17251771142675612
d_ff_ccd  = -4.811241133455811
ccd_dec_x = 0.6206494898624534
ccd_dec_y = 5.155279276375661
ccd_defocus = 0.31633843090720004
ccd_tilt_x = 0.0078090860486752685
ccd_tilt_y = -0.014005243268865286
ccd_tilt_z = 3.358407171423106e-06
p = 3.7652499999999992e-06