slit_dec_x_a = -0.1704010755187174
slit_dec_y_a = -0.1956586180351446
slit_dec_x_b = 0.175
slit_dec_y_b = -1.8501366013534739e-96
slit_defocus = 0.021359480680094602
slit_tilt_x = 1.1140447118136036
slit_tilt_y = -8.53839079621083
slit_tilt_z = -8.991646596327648
d_slit_col = 1594.3099565199348
coll_tilt_x = 0.11315541998322268
coll_tilt_y = -0.02887460778634372
ech_G = 31.613233491187348
ech_blaze = -74.97483431090336
ech_gamma = 1.1389730718203768
echelle_z = 0.07476465141285837
d_col_trf = -1588.0172353318117
trf_mirror_tilt_x = 0.026288690362732577
trf_mirror_tilt_y = 0.1622618697974981
d_col_grm = -0.0048251550930488085
grism_dec_x = 236.4233037070994
grism_dec_y = 0.03821550494944774
grm_tilt_x = -0.014055219430667001
grm_tilt_y = 2.3052795656967864
grm_G = 222.8240002243992
grm_apex = 17.791045782916452
d_grm_cam  = 21.609817792385478
cam_dec_x = -0.30954357277439154
cam_dec_y = 0.24729550079327284
cam_tilt_x = -0.011136812945267608
cam_tilt_y = 0.0038245289705562454
d_cam_ff  = -160.05750260456648
ccd_ff_dec_x = -0.002602867317076505
ccd_ff_dec_y = 0.05303294941143873
ccd_ff_tilt_x = 0.019541650107844314
ccd_ff_tilt_y = -0.5728115846146814
ccd_ff_tilt_z = 0.18005403499760822
d_ff_ccd  = -4.838904384077901
ccd_dec_x = 0.6214008078838836
ccd_dec_y = 5.157154513652325
ccd_defocus = 0.2806935129331862
ccd_tilt_x = 0.004998857021849663
ccd_tilt_y = -0.010949935280429144
ccd_tilt_z = 5.124378294786699e-06
p = 0.0001