slit_dec_x_a = -0.17040097128464382
slit_dec_y_a = -0.1958418613933117
slit_dec_x_b = 0.175
slit_dec_y_b = -2.6099275791721574e-96
slit_defocus = 0.005530638913479669
slit_tilt_x = 1.1861284718312977
slit_tilt_y = -8.540103975454407
slit_tilt_z = -8.990828065256148
d_slit_col = 1594.2944367226924
coll_tilt_x = 0.08857062882893282
coll_tilt_y = -0.031767392666557405
ech_G = 31.610674198766723
ech_blaze = -74.97707174348652
ech_gamma = 1.1405116834829556
echelle_z = 0.0754819290999629
d_col_trf = -1588.0185859441124
trf_mirror_tilt_x = 0.1386497013597134
trf_mirror_tilt_y = 0.07752794131962477
d_col_grm = -0.00954205132139323
grism_dec_x = 236.43430275964604
grism_dec_y = 0.03423950789791952
grm_tilt_x = -0.01594790251279619
grm_tilt_y = 2.3043744968917976
grm_G = 222.82518924647334
grm_apex = 17.815137308320175
d_grm_cam  = 21.60846555636341
cam_dec_x = -0.3021099626826171
cam_dec_y = 0.2503541415361901
cam_tilt_x = -0.018363061208373273
cam_tilt_y = -0.015021490152132437
d_cam_ff  = -160.40099525591467
ccd_ff_dec_x = -0.003548742003350701
ccd_ff_dec_y = 0.00015880289780920322
ccd_ff_tilt_x = 0.1460146166396795
ccd_ff_tilt_y = -0.5720169215081714
ccd_ff_tilt_z = 0.1725401308833579
d_ff_ccd  = -4.8112024378622955
ccd_dec_x = 0.6206435903039681
ccd_dec_y = 5.155303094856177
ccd_defocus = 0.31633235788262226
ccd_tilt_x = 0.007791609960714874
ccd_tilt_y = -0.014017614455150328
ccd_tilt_z = 3.367311100734595e-06
p = 1.8413333333333333e-06