slit_dec_x_a = -0.17042162829493782
slit_dec_y_a = -0.19585108853977123
slit_dec_x_b = 0.175
slit_dec_y_b = -2.3524122987757123e-96
slit_defocus = 0.005511273475077353
slit_tilt_x = 1.18612950892086
slit_tilt_y = -8.540102138115124
slit_tilt_z = -8.990836651169763
d_slit_col = 1594.294437434759
coll_tilt_x = 0.08855327272609732
coll_tilt_y = -0.031829356455647016
ech_G = 31.610653512802916
ech_blaze = -74.97700989225257
ech_gamma = 1.140406155121387
echelle_z = 0.07540561415961335
d_col_trf = -1588.0185867649884
trf_mirror_tilt_x = 0.13867134334988285
trf_mirror_tilt_y = 0.07753625653581879
d_col_grm = -0.009525772960965894
grism_dec_x = 236.43433682985597
grism_dec_y = 0.034243981344710135
grm_tilt_x = -0.015840826382765554
grm_tilt_y = 2.3043484221544874
grm_G = 222.82519132890283
grm_apex = 17.815122777045598
d_grm_cam  = 21.608487503978683
cam_dec_x = -0.30210813935602626
cam_dec_y = 0.2503497556100331
cam_tilt_x = -0.01825148959647342
cam_tilt_y = -0.015013891920439202
d_cam_ff  = -160.40097501459596
ccd_ff_dec_x = -0.0035332277641632937
ccd_ff_dec_y = 0.0001866241030447836
ccd_ff_tilt_x = 0.14601518710352873
ccd_ff_tilt_y = -0.5720122733132805
ccd_ff_tilt_z = 0.1725572577117668
d_ff_ccd  = -4.811223427770996
ccd_dec_x = 0.6206485876953416
ccd_dec_y = 5.155275292642034
ccd_defocus = 0.3163281299095487
ccd_tilt_x = 0.007790969404169988
ccd_tilt_y = -0.014002966110689992
ccd_tilt_z = 3.2963352451859444e-06
p = 8.239818181818183e-06