slit_dec_x_a = -0.181778666534
slit_dec_y_a = -0.18243150017
slit_dec_x_b = 0.14512077562974193
slit_dec_y_b = -0.05510809031835813
slit_defocus = -0.0022003077585974456
slit_tilt_x = 1.1346691537393692
slit_tilt_y = -8.568373327251592
slit_tilt_z = -9.003602239737297
d_slit_col = 1594.3039941316617
coll_tilt_x = 0.08646746242508979
coll_tilt_y = -0.022070221082670614
ech_G = 31.610906141805103
ech_blaze = -74.99562153612342
ech_gamma = 1.15813922916532
echelle_z = 0.056720486386148176
d_col_trf = -1588.0163705790217
trf_mirror_tilt_x = 0.12251451541927319
trf_mirror_tilt_y = 0.01869864191252228
d_col_grm = 0.014967083852293494
grism_dec_x = 236.39746728934472
grism_dec_y = -0.005075635108547601
grm_tilt_x = -0.024652323449366305
grm_tilt_y = 2.3273716453634803
grm_G = 222.7857337431049
grm_apex = 17.809092601343497
d_grm_cam  = 21.60484399618613
cam_dec_x = -0.2836206113107333
cam_dec_y = 0.2897594104659009
cam_tilt_x = 0.004325343165945708
cam_tilt_y = -0.02779279951491459
d_cam_ff  = -160.56950998383033
ccd_ff_dec_x = -0.022906710488901267
ccd_ff_dec_y = -0.04776637931383986
ccd_ff_tilt_x = 0.1650528463149629
ccd_ff_tilt_y = -0.5893826030222985
ccd_ff_tilt_z = 0.17187501699974575
d_ff_ccd  = -4.785381354265418
ccd_dec_x = 0.5518771456336778
ccd_dec_y = 5.106367182465557
ccd_defocus = 0.3158375078681229
ccd_tilt_x = 0.02138769530666657
ccd_tilt_y = -0.004225461691333482
ccd_tilt_z = 2.3923407261995713e-07
p = 8.239818181818183e-06