slit_dec_x_a = -0.17041837772316748
slit_dec_y_a = -0.19597572610506112
slit_dec_x_b = 0.175
slit_dec_y_b = -1.6374946450465184e-96
slit_defocus = 0.005560211932885771
slit_tilt_x = 1.186141718586592
slit_tilt_y = -8.540009907050493
slit_tilt_z = -8.99083540146177
d_slit_col = 1594.2944692912904
coll_tilt_x = 0.0887798120134249
coll_tilt_y = -0.03182891582924757
ech_G = 31.61066040793232
ech_blaze = -74.97678228379299
ech_gamma = 1.1404221853883016
echelle_z = 0.07478545661914832
d_col_trf = -1588.0185326638405
trf_mirror_tilt_x = 0.13866456981163702
trf_mirror_tilt_y = 0.07758242509544173
d_col_grm = -0.00956511358579951
grism_dec_x = 236.43431735989594
grism_dec_y = 0.03420254728245003
grm_tilt_x = -0.015728168043416615
grm_tilt_y = 2.3043688555164907
grm_G = 222.82518597486964
grm_apex = 17.815130368620324
d_grm_cam  = 21.60843488153624
cam_dec_x = -0.3021474806165985
cam_dec_y = 0.25033169670706285
cam_tilt_x = -0.018647744306726742
cam_tilt_y = -0.015055925846127102
d_cam_ff  = -160.40093338369275
ccd_ff_dec_x = -0.0034963748174150463
ccd_ff_dec_y = 0.00017598181509192597
ccd_ff_tilt_x = 0.1460283376754416
ccd_ff_tilt_y = -0.5720525062339893
ccd_ff_tilt_z = 0.172574038544621
d_ff_ccd  = -4.811258249595381
ccd_dec_x = 0.6206929721625252
ccd_dec_y = 5.155314954445625
ccd_defocus = 0.3163146238048543
ccd_tilt_x = 0.007726260581516764
ccd_tilt_y = -0.014072214397291314
ccd_tilt_z = 3.1365079060643983e-06
p = 1.6550909090909093e-06