slit_dec_x_a = -0.181778666534
slit_dec_y_a = -0.18243150017
slit_dec_x_b = 0.14512077562974193
slit_dec_y_b = -0.05510809031835813
slit_defocus = -0.002216279014033684
slit_tilt_x = 1.1346930704211913
slit_tilt_y = -8.56821540583278
slit_tilt_z = -9.003672420909053
d_slit_col = 1594.303918879647
coll_tilt_x = 0.08641728498295534
coll_tilt_y = -0.022066056910833853
ech_G = 31.610872149150076
ech_blaze = -74.99554602992983
ech_gamma = 1.158072343894108
echelle_z = 0.057405808901549275
d_col_trf = -1588.016362674065
trf_mirror_tilt_x = 0.12253066712411584
trf_mirror_tilt_y = 0.01867084590097815
d_col_grm = 0.015054674076041587
grism_dec_x = 236.39746781349564
grism_dec_y = -0.0050054496932799225
grm_tilt_x = -0.02469455321874423
grm_tilt_y = 2.3272107729053166
grm_G = 222.78574415255892
grm_apex = 17.809178342047044
d_grm_cam  = 21.604319269687913
cam_dec_x = -0.28359757196887386
cam_dec_y = 0.2897125083131671
cam_tilt_x = 0.004344797267355989
cam_tilt_y = -0.027797570680115107
d_cam_ff  = -160.5697165543878
ccd_ff_dec_x = -0.02270326627534447
ccd_ff_dec_y = -0.04779344642081357
ccd_ff_tilt_x = 0.1650549209642935
ccd_ff_tilt_y = -0.5897914408705189
ccd_ff_tilt_z = 0.1717658278745865
d_ff_ccd  = -4.785359265974889
ccd_dec_x = 0.5520819764497659
ccd_dec_y = 5.106125647331019
ccd_defocus = 0.315746012623983
ccd_tilt_x = 0.0213628731041555
ccd_tilt_y = -0.004203490273999412
ccd_tilt_z = 4.104070424947462e-07
p = 1.6550909090909093e-06