slit_dec_x_a = -0.17041675968853306
slit_dec_y_a = -0.1959540701003157
slit_dec_x_b = 0.175
slit_dec_y_b = -1.5823707058503032e-96
slit_defocus = 0.00558091690132481
slit_tilt_x = 1.1861269618012227
slit_tilt_y = -8.540033514789865
slit_tilt_z = -8.990862826373727
d_slit_col = 1594.2944860916762
coll_tilt_x = 0.08870267774678192
coll_tilt_y = -0.03190807446906926
ech_G = 31.61064582403039
ech_blaze = -74.97676755823223
ech_gamma = 1.14032582920431
echelle_z = 0.0748045559443703
d_col_trf = -1588.0185471550394
trf_mirror_tilt_x = 0.1386851807472365
trf_mirror_tilt_y = 0.07752940800042452
d_col_grm = -0.009547194304704985
grism_dec_x = 236.43433353173543
grism_dec_y = 0.03416215272080848
grm_tilt_x = -0.015912476906401844
grm_tilt_y = 2.304392157433636
grm_G = 222.82517750679114
grm_apex = 17.815115264421603
d_grm_cam  = 21.6084913871325
cam_dec_x = -0.30211472799180206
cam_dec_y = 0.25033899626778805
cam_tilt_x = -0.01844080678596735
cam_tilt_y = -0.015101004944492952
d_cam_ff  = -160.4009448350414
ccd_ff_dec_x = -0.003518860078824945
ccd_ff_dec_y = 0.0002562837851620406
ccd_ff_tilt_x = 0.1460399085872488
ccd_ff_tilt_y = -0.5720591862781366
ccd_ff_tilt_z = 0.17257666371151034
d_ff_ccd  = -4.811303785757739
ccd_dec_x = 0.6206942256877944
ccd_dec_y = 5.1552956189640335
ccd_defocus = 0.31627082069716117
ccd_tilt_x = 0.007739800518837499
ccd_tilt_y = -0.014140536283964491
ccd_tilt_z = 3.1161417598319965e-06
p = 8.346e-06