slit_dec_x_a = -0.181778666534
slit_dec_y_a = -0.18243150017
slit_dec_x_b = 0.14512077562974193
slit_dec_y_b = -0.05510809031835813
slit_defocus = -0.002200374435562623
slit_tilt_x = 1.1346561822720194
slit_tilt_y = -8.568227713504614
slit_tilt_z = -9.003635652187324
d_slit_col = 1594.30394077754
coll_tilt_x = 0.08648138064891649
coll_tilt_y = -0.02200126012535224
ech_G = 31.610909270383612
ech_blaze = -74.99560546557288
ech_gamma = 1.158112127490622
echelle_z = 0.05753623547693325
d_col_trf = -1588.0161396213816
trf_mirror_tilt_x = 0.12254061932671033
trf_mirror_tilt_y = 0.01862181995769
d_col_grm = 0.01509013658373928
grism_dec_x = 236.3974364995176
grism_dec_y = -0.005027219034084169
grm_tilt_x = -0.024915549517846136
grm_tilt_y = 2.3271670526006676
grm_G = 222.78571375728256
grm_apex = 17.809220476877144
d_grm_cam  = 21.604603781568503
cam_dec_x = -0.2835515917556296
cam_dec_y = 0.2897096445732256
cam_tilt_x = 0.004308702039271118
cam_tilt_y = -0.02779473079928802
d_cam_ff  = -160.56981326023558
ccd_ff_dec_x = -0.022747622182011196
ccd_ff_dec_y = -0.047793057568862124
ccd_ff_tilt_x = 0.1650429182975906
ccd_ff_tilt_y = -0.589619810416863
ccd_ff_tilt_z = 0.1717474519919689
d_ff_ccd  = -4.785410050741342
ccd_dec_x = 0.5517982841369391
ccd_dec_y = 5.106185693433056
ccd_defocus = 0.31573826261737026
ccd_tilt_x = 0.02132577610843264
ccd_tilt_y = -0.0042108287281094675
ccd_tilt_z = 3.3151342055211916e-07
p = 8.346e-06