slit_dec_x_a = -0.1704010755187174
slit_dec_y_a = -0.1956586180351446
slit_dec_x_b = 0.175
slit_dec_y_b = -1.809974585860081e-96
slit_defocus = 0.02134665457364369
slit_tilt_x = 1.1139791090488134
slit_tilt_y = -8.538497895373808
slit_tilt_z = -8.991632086451856
d_slit_col = 1594.3098540619512
coll_tilt_x = 0.11314702773192604
coll_tilt_y = -0.028855324856047998
ech_G = 31.613235166033196
ech_blaze = -74.97482980186568
ech_gamma = 1.1389751121654965
echelle_z = 0.07477138391255274
d_col_trf = -1588.0172263603451
trf_mirror_tilt_x = 0.02629323335983913
trf_mirror_tilt_y = 0.16216637841301748
d_col_grm = -0.0048339125703619245
grism_dec_x = 236.42336889169547
grism_dec_y = 0.038114064433422634
grm_tilt_x = -0.014050720278079347
grm_tilt_y = 2.305276393135549
grm_G = 222.8240074773994
grm_apex = 17.791010926982732
d_grm_cam  = 21.609817782874
cam_dec_x = -0.30957501674864885
cam_dec_y = 0.24726097767624008
cam_tilt_x = -0.011119113005688592
cam_tilt_y = 0.00374597115193757
d_cam_ff  = -160.05781300372942
ccd_ff_dec_x = -0.0025946644085945453
ccd_ff_dec_y = 0.053002441521066035
ccd_ff_tilt_x = 0.019496073169878222
ccd_ff_tilt_y = -0.5728002324510014
ccd_ff_tilt_z = 0.18005425189099059
d_ff_ccd  = -4.838898306798953
ccd_dec_x = 0.6214044753190759
ccd_dec_y = 5.157153651397778
ccd_defocus = 0.28080397917552263
ccd_tilt_x = 0.0050482910752197045
ccd_tilt_y = -0.01088234180574387
ccd_tilt_z = 5.070899698172046e-06
p = 0.0001