slit_dec_x_a = -0.181778666534
slit_dec_y_a = -0.18243150017
slit_dec_x_b = 0.14512077562974193
slit_dec_y_b = -0.05510809031835813
slit_defocus = -0.01382211198733675
slit_tilt_x = 1.0540700466994324
slit_tilt_y = -8.559963449181426
slit_tilt_z = -9.026819972216739
d_slit_col = 1594.2903330545662
coll_tilt_x = 0.1214359375703121
coll_tilt_y = -0.02649379669308635
ech_G = 31.614568524413446
ech_blaze = -74.99489591705102
ech_gamma = 1.1556443296753054
echelle_z = 0.05700231438766998
d_col_trf = -1588.0163659495697
trf_mirror_tilt_x = 0.007318985996837632
trf_mirror_tilt_y = 0.15544838883795506
d_col_grm = 0.03560871801010168
grism_dec_x = 236.38328440911627
grism_dec_y = 0.009328346055613326
grm_tilt_x = -0.023508602660729766
grm_tilt_y = 2.325784157708744
grm_G = 222.78406742916653
grm_apex = 17.76652581654857
d_grm_cam  = 21.604700948267507
cam_dec_x = -0.2711335843692583
cam_dec_y = 0.290894073446585
cam_tilt_x = 0.012444472901990357
cam_tilt_y = 0.008874149901468086
d_cam_ff  = -160.07692856148387
ccd_ff_dec_x = -0.023798561659535755
ccd_ff_dec_y = 0.04209561049596358
ccd_ff_tilt_x = 0.033441600254234864
ccd_ff_tilt_y = -0.5909783906249835
ccd_ff_tilt_z = 0.17191410801598841
d_ff_ccd  = -4.8159419585563
ccd_dec_x = 0.5532983186886322
ccd_dec_y = 5.1076338517634925
ccd_defocus = 0.28578688247077455
ccd_tilt_x = 0.0325921328013947
ccd_tilt_y = -0.002078194132222173
ccd_tilt_z = 4.6621986596672345e-06
p = 0.0001