slit_dec_x_a = -0.17038563994568323
slit_dec_y_a = -0.19575937634707813
slit_dec_x_b = 0.175
slit_dec_y_b = -2.639053548029854e-96
slit_defocus = 0.005532053539009406
slit_tilt_x = 1.1861018336245228
slit_tilt_y = -8.540120998356166
slit_tilt_z = -8.990815303431662
d_slit_col = 1594.2944861568233
coll_tilt_x = 0.0885088792898258
coll_tilt_y = -0.03183140060466378
ech_G = 31.610665282453763
ech_blaze = -74.97714314031863
ech_gamma = 1.1404474710445236
echelle_z = 0.07550059099516493
d_col_trf = -1588.0186213177399
trf_mirror_tilt_x = 0.13865077849565266
trf_mirror_tilt_y = 0.07755426937062879
d_col_grm = -0.009538611036362048
grism_dec_x = 236.4343744312886
grism_dec_y = 0.03424795872861445
grm_tilt_x = -0.015774959145636893
grm_tilt_y = 2.3043592354596574
grm_G = 222.82520775432556
grm_apex = 17.815121760426074
d_grm_cam  = 21.608490197899048
cam_dec_x = -0.30212557188388073
cam_dec_y = 0.25033565314753004
cam_tilt_x = -0.01834298764949839
cam_tilt_y = -0.015042648256121687
d_cam_ff  = -160.40100271542772
ccd_ff_dec_x = -0.003527955292852257
ccd_ff_dec_y = 0.00015316007629912425
ccd_ff_tilt_x = 0.1460159221120345
ccd_ff_tilt_y = -0.572037571711241
ccd_ff_tilt_z = 0.17252845218514723
d_ff_ccd  = -4.8112235616705235
ccd_dec_x = 0.6206355970686658
ccd_dec_y = 5.155273585094942
ccd_defocus = 0.31633442021968894
ccd_tilt_x = 0.00780378631494409
ccd_tilt_y = -0.014019926558537756
ccd_tilt_z = 3.4215024266737083e-06
p = 3.5100909090909087e-06