slit_dec_x_a = -0.181778666534
slit_dec_y_a = -0.18243150017
slit_dec_x_b = 0.14512077562974193
slit_dec_y_b = -0.05510809031835813
slit_defocus = -0.0022569132330500325
slit_tilt_x = 1.1347075066925298
slit_tilt_y = -8.568354514050094
slit_tilt_z = -9.00359035431762
d_slit_col = 1594.3039424315875
coll_tilt_x = 0.0864926469047123
coll_tilt_y = -0.022033800331771335
ech_G = 31.610937899984847
ech_blaze = -74.99582563749784
ech_gamma = 1.1582685062791767
echelle_z = 0.056486151490156844
d_col_trf = -1588.016405946508
trf_mirror_tilt_x = 0.12245608644598935
trf_mirror_tilt_y = 0.018692019071594068
d_col_grm = 0.014933686415523144
grism_dec_x = 236.39750143112707
grism_dec_y = -0.0050902119818256545
grm_tilt_x = -0.0246855279539727
grm_tilt_y = 2.3273984687306086
grm_G = 222.78591716552458
grm_apex = 17.80906334514104
d_grm_cam  = 21.60478996679035
cam_dec_x = -0.2836306049032704
cam_dec_y = 0.2897514217528966
cam_tilt_x = 0.004336359706981611
cam_tilt_y = -0.027769726335657222
d_cam_ff  = -160.56958788792542
ccd_ff_dec_x = -0.022707658920915277
ccd_ff_dec_y = -0.047779828025514774
ccd_ff_tilt_x = 0.16502356039313879
ccd_ff_tilt_y = -0.5894172432733384
ccd_ff_tilt_z = 0.1718510497388897
d_ff_ccd  = -4.785430986113824
ccd_dec_x = 0.551866646487587
ccd_dec_y = 5.106373578919034
ccd_defocus = 0.3158714557582614
ccd_tilt_x = 0.021388049951320782
ccd_tilt_y = -0.004196867662497835
ccd_tilt_z = 2.5588445803463323e-07
p = 3.5100909090909087e-06