slit_dec_x_a = -0.181778666534
slit_dec_y_a = -0.18243150017
slit_dec_x_b = 0.14512077562974193
slit_dec_y_b = -0.05510809031835813
slit_defocus = -0.013813789320668266
slit_tilt_x = 1.054082518350277
slit_tilt_y = -8.559896562198231
slit_tilt_z = -9.026869635028962
d_slit_col = 1594.2902907827777
coll_tilt_x = 0.12149779798086406
coll_tilt_y = -0.026468754655887092
ech_G = 31.61456285734197
ech_blaze = -74.99488895747017
ech_gamma = 1.1556425982325076
echelle_z = 0.057001113654756984
d_col_trf = -1588.0163591526791
trf_mirror_tilt_x = 0.00727919905292209
trf_mirror_tilt_y = 0.15544055085378522
d_col_grm = 0.03569392539325656
grism_dec_x = 236.38313542025708
grism_dec_y = 0.009255483489880085
grm_tilt_x = -0.023505607908118932
grm_tilt_y = 2.3257931329158668
grm_G = 222.78407138941552
grm_apex = 17.766578198305368
d_grm_cam  = 21.604701323822635
cam_dec_x = -0.27111602229632226
cam_dec_y = 0.2908884262991908
cam_tilt_x = 0.01246303888153989
cam_tilt_y = 0.00884104808853234
d_cam_ff  = -160.077127978306
ccd_ff_dec_x = -0.02379857733577004
ccd_ff_dec_y = 0.04205045700866561
ccd_ff_tilt_x = 0.033455290953674346
ccd_ff_tilt_y = -0.5909842889455312
ccd_ff_tilt_z = 0.17192017658714132
d_ff_ccd  = -4.815979633014925
ccd_dec_x = 0.553289044291431
ccd_dec_y = 5.107629585580796
ccd_defocus = 0.2858069794838738
ccd_tilt_x = 0.032619347861313805
ccd_tilt_y = -0.0021867920225477813
ccd_tilt_z = 4.653352126192201e-06
p = 0.0001