slit_dec_x_a = -0.1704010755187174
slit_dec_y_a = -0.1956586180351446
slit_dec_x_b = 0.175
slit_dec_y_b = -1.8259697000583502e-96
slit_defocus = 0.02141838401414121
slit_tilt_x = 1.1139779613276894
slit_tilt_y = -8.538438443817958
slit_tilt_z = -8.991674073349516
d_slit_col = 1594.3099816565366
coll_tilt_x = 0.11323354426289413
coll_tilt_y = -0.028964644629697448
ech_G = 31.61322876876443
ech_blaze = -74.97482859645008
ech_gamma = 1.1389768701147318
echelle_z = 0.07477737589814139
d_col_trf = -1588.0172316960975
trf_mirror_tilt_x = 0.026258536218649108
trf_mirror_tilt_y = 0.1621631374301422
d_col_grm = -0.00477506234105568
grism_dec_x = 236.4233016584031
grism_dec_y = 0.038130650593101986
grm_tilt_x = -0.014055662154700069
grm_tilt_y = 2.305277247519498
grm_G = 222.82399907681767
grm_apex = 17.791032205299203
d_grm_cam  = 21.609821530319554
cam_dec_x = -0.3095539854138745
cam_dec_y = 0.24726392730438468
cam_tilt_x = -0.01108749091519967
cam_tilt_y = 0.0037435682868554782
d_cam_ff  = -160.05763447875998
ccd_ff_dec_x = -0.0025975545759084973
ccd_ff_dec_y = 0.05303364391514288
ccd_ff_tilt_x = 0.01957804304895497
ccd_ff_tilt_y = -0.5728020468230497
ccd_ff_tilt_z = 0.18005522901531623
d_ff_ccd  = -4.838920891633224
ccd_dec_x = 0.6214041397313746
ccd_dec_y = 5.157150804629645
ccd_defocus = 0.2807397979177711
ccd_tilt_x = 0.005035182557939957
ccd_tilt_y = -0.01086448643179501
ccd_tilt_z = 4.963695478299277e-06
p = 0.0001