slit_dec_x_a = -0.17040969877593998
slit_dec_y_a = -0.19589603635033292
slit_dec_x_b = 0.175
slit_dec_y_b = -1.6804848788921281e-96
slit_defocus = 0.005588448083010898
slit_tilt_x = 1.1861309143171819
slit_tilt_y = -8.540016976551668
slit_tilt_z = -8.990854010963005
d_slit_col = 1594.2944735251108
coll_tilt_x = 0.0887203771185732
coll_tilt_y = -0.031988222016337095
ech_G = 31.610658421599496
ech_blaze = -74.97681577160948
ech_gamma = 1.1402546223160688
echelle_z = 0.07481833673161171
d_col_trf = -1588.018536607336
trf_mirror_tilt_x = 0.13869485136796594
trf_mirror_tilt_y = 0.07753496682066348
d_col_grm = -0.009541583115052566
grism_dec_x = 236.43435401050567
grism_dec_y = 0.034168702651407486
grm_tilt_x = -0.015982758981901074
grm_tilt_y = 2.304385131197641
grm_G = 222.82518824844416
grm_apex = 17.815104797726406
d_grm_cam  = 21.608501817494414
cam_dec_x = -0.30210583374376926
cam_dec_y = 0.2503320461414406
cam_tilt_x = -0.018475638445868428
cam_tilt_y = -0.015108025949592043
d_cam_ff  = -160.40096765577155
ccd_ff_dec_x = -0.00350694404209214
ccd_ff_dec_y = 0.0002627834878565692
ccd_ff_tilt_x = 0.1460446239069413
ccd_ff_tilt_y = -0.5720586861793912
ccd_ff_tilt_z = 0.17259006966475365
d_ff_ccd  = -4.811302673208546
ccd_dec_x = 0.6206944114550195
ccd_dec_y = 5.1552878697251066
ccd_defocus = 0.3162848011096478
ccd_tilt_x = 0.007748282583310951
ccd_tilt_y = -0.014118514795254156
ccd_tilt_z = 3.114330847776964e-06
p = 6.237090909090909e-06