slit_dec_x_a = -0.181778666534
slit_dec_y_a = -0.18243150017
slit_dec_x_b = 0.14512077562974193
slit_dec_y_b = -0.05510809031835813
slit_defocus = -0.002195318642690817
slit_tilt_x = 1.1346623571390946
slit_tilt_y = -8.568222463781364
slit_tilt_z = -9.003629956144671
d_slit_col = 1594.3039477648954
coll_tilt_x = 0.0864751578475128
coll_tilt_y = -0.0219760431500259
ech_G = 31.610908695128515
ech_blaze = -74.99563904894234
ech_gamma = 1.1580911576997597
echelle_z = 0.057574841842165346
d_col_trf = -1588.0162091007537
trf_mirror_tilt_x = 0.12251231773836285
trf_mirror_tilt_y = 0.018616426292469724
d_col_grm = 0.015105894454545497
grism_dec_x = 236.39743505346624
grism_dec_y = -0.005017230343044555
grm_tilt_x = -0.024863100153357985
grm_tilt_y = 2.3270823752383096
grm_G = 222.7856898805388
grm_apex = 17.809211509261736
d_grm_cam  = 21.604601861468623
cam_dec_x = -0.2835742999327873
cam_dec_y = 0.2896971544473297
cam_tilt_x = 0.004292013714262251
cam_tilt_y = -0.027791811867067973
d_cam_ff  = -160.56968710537546
ccd_ff_dec_x = -0.022865481688335947
ccd_ff_dec_y = -0.047783523346042314
ccd_ff_tilt_x = 0.1650367363573866
ccd_ff_tilt_y = -0.5896201450605885
ccd_ff_tilt_z = 0.17176500202862705
d_ff_ccd  = -4.785420601999029
ccd_dec_x = 0.551924555061021
ccd_dec_y = 5.10610511238177
ccd_defocus = 0.31575208869606064
ccd_tilt_x = 0.021329268271554104
ccd_tilt_y = -0.004221494651144275
ccd_tilt_z = 3.1836540687511275e-07
p = 6.237090909090909e-06