slit_dec_x_a = -0.17042316268452093
slit_dec_y_a = -0.19586437307433924
slit_dec_x_b = 0.175
slit_dec_y_b = -2.3132903874019224e-96
slit_defocus = 0.005512768913783018
slit_tilt_x = 1.1861294723356175
slit_tilt_y = -8.540110331637186
slit_tilt_z = -8.990841924355745
d_slit_col = 1594.2944444757672
coll_tilt_x = 0.08855751844903997
coll_tilt_y = -0.03176856062690678
ech_G = 31.610660348669146
ech_blaze = -74.97707782280467
ech_gamma = 1.1404880242436828
echelle_z = 0.07535648395359111
d_col_trf = -1588.018581907613
trf_mirror_tilt_x = 0.1386876046260976
trf_mirror_tilt_y = 0.07753958203826902
d_col_grm = -0.009522521449125073
grism_dec_x = 236.434323871773
grism_dec_y = 0.03423919309996765
grm_tilt_x = -0.015851803036699835
grm_tilt_y = 2.3043471042378227
grm_G = 222.82521260318455
grm_apex = 17.81513319690854
d_grm_cam  = 21.608493589988065
cam_dec_x = -0.302116894103603
cam_dec_y = 0.2503587766890949
cam_tilt_x = -0.018239049418024192
cam_tilt_y = -0.015008500882586515
d_cam_ff  = -160.40096423290734
ccd_ff_dec_x = -0.003557293186894142
ccd_ff_dec_y = 0.00016493125774099177
ccd_ff_tilt_x = 0.14603432156992874
ccd_ff_tilt_y = -0.5720216997704153
ccd_ff_tilt_z = 0.1725398631231409
d_ff_ccd  = -4.811248242290308
ccd_dec_x = 0.6206730698808525
ccd_dec_y = 5.155289926825711
ccd_defocus = 0.31632220730577787
ccd_tilt_x = 0.007794758506927164
ccd_tilt_y = -0.013987161495537798
ccd_tilt_z = 3.299414859936118e-06
p = 7.64175e-06