slit_dec_x_a = -0.181778666534
slit_dec_y_a = -0.18243150017
slit_dec_x_b = 0.14512077562974193
slit_dec_y_b = -0.05510809031835813
slit_defocus = -0.002203159010369307
slit_tilt_x = 1.134673842498451
slit_tilt_y = -8.56837001175907
slit_tilt_z = -9.003613995308225
d_slit_col = 1594.3039755361167
coll_tilt_x = 0.08645267915834365
coll_tilt_y = -0.0220635378452258
ech_G = 31.610883208755116
ech_blaze = -74.99550902785546
ech_gamma = 1.158157691652165
echelle_z = 0.05673921966818525
d_col_trf = -1588.016417921427
trf_mirror_tilt_x = 0.12252707828295098
trf_mirror_tilt_y = 0.01870093207127669
d_col_grm = 0.014991351487878295
grism_dec_x = 236.397469272903
grism_dec_y = -0.0050688127902279115
grm_tilt_x = -0.024642784655272414
grm_tilt_y = 2.327337511072531
grm_G = 222.7857658139523
grm_apex = 17.809097017787384
d_grm_cam  = 21.604758644528147
cam_dec_x = -0.2836249025092542
cam_dec_y = 0.28976782826973324
cam_tilt_x = 0.004320074378099396
cam_tilt_y = -0.027787452876719364
d_cam_ff  = -160.5695965246418
ccd_ff_dec_x = -0.022895179005841603
ccd_ff_dec_y = -0.04778251410880854
ccd_ff_tilt_x = 0.16504902444877642
ccd_ff_tilt_y = -0.5893501430812316
ccd_ff_tilt_z = 0.17187582792852776
d_ff_ccd  = -4.785361788530509
ccd_dec_x = 0.5518403115531714
ccd_dec_y = 5.106419799182507
ccd_defocus = 0.31582346947261786
ccd_tilt_x = 0.021399266939223262
ccd_tilt_y = -0.004225084704764151
ccd_tilt_z = 2.29864923858414e-07
p = 7.64175e-06