slit_dec_x_a = -0.181778666534
slit_dec_y_a = -0.18243150017
slit_dec_x_b = 0.14512077562974193
slit_dec_y_b = -0.05510809031835813
slit_defocus = -0.013841455999665636
slit_tilt_x = 1.0540736280985603
slit_tilt_y = -8.559998595595491
slit_tilt_z = -9.026843178545445
d_slit_col = 1594.2903021695874
coll_tilt_x = 0.1214424909125583
coll_tilt_y = -0.026467314207955332
ech_G = 31.61456423577926
ech_blaze = -74.99488545132884
ech_gamma = 1.155637069423209
echelle_z = 0.057008040150239574
d_col_trf = -1588.016366562488
trf_mirror_tilt_x = 0.0072357628844127
trf_mirror_tilt_y = 0.15545636026632775
d_col_grm = 0.03563930461318075
grism_dec_x = 236.38320123288702
grism_dec_y = 0.009234641990031087
grm_tilt_x = -0.02351252542823713
grm_tilt_y = 2.325788591664267
grm_G = 222.78407414113744
grm_apex = 17.76644383377016
d_grm_cam  = 21.60470508159706
cam_dec_x = -0.27117126652456525
cam_dec_y = 0.2908606658177784
cam_tilt_x = 0.012454264865908166
cam_tilt_y = 0.008822531181946923
d_cam_ff  = -160.0765596816065
ccd_ff_dec_x = -0.023799614725425564
ccd_ff_dec_y = 0.042012367314428735
ccd_ff_tilt_x = 0.03339315887684757
ccd_ff_tilt_y = -0.5909773542386269
ccd_ff_tilt_z = 0.17192104542290731
d_ff_ccd  = -4.81599643927794
ccd_dec_x = 0.553301379218569
ccd_dec_y = 5.107636184384074
ccd_defocus = 0.2857855899124771
ccd_tilt_x = 0.03268145382244956
ccd_tilt_y = -0.0022220598197391604
ccd_tilt_z = 4.724262392797495e-06
p = 0.0001