slit_dec_x_a = -0.17045830909344614
slit_dec_y_a = -0.19607256011229174
slit_dec_x_b = 0.175
slit_dec_y_b = -1.914097153027204e-96
slit_defocus = 0.00556690195788149
slit_tilt_x = 1.1861395275686866
slit_tilt_y = -8.540023766863957
slit_tilt_z = -8.990857048275592
d_slit_col = 1594.2944257481474
coll_tilt_x = 0.08877227463947901
coll_tilt_y = -0.03173992757175721
ech_G = 31.610694630023648
ech_blaze = -74.97713378225163
ech_gamma = 1.1405402393228854
echelle_z = 0.07496369133392931
d_col_trf = -1588.0185492611727
trf_mirror_tilt_x = 0.13871837159753356
trf_mirror_tilt_y = 0.07759197223553657
d_col_grm = -0.009525342600860744
grism_dec_x = 236.43429591306273
grism_dec_y = 0.03424696055554799
grm_tilt_x = -0.015797691490738206
grm_tilt_y = 2.304366891552464
grm_G = 222.82518835946078
grm_apex = 17.815110678014996
d_grm_cam  = 21.60847146379288
cam_dec_x = -0.3021274469203917
cam_dec_y = 0.25037769770042045
cam_tilt_x = -0.018238281838565615
cam_tilt_y = -0.015035278026044487
d_cam_ff  = -160.4009503075825
ccd_ff_dec_x = -0.0035455527835468077
ccd_ff_dec_y = 0.0001329351796078231
ccd_ff_tilt_x = 0.14598975672706266
ccd_ff_tilt_y = -0.5720659567355882
ccd_ff_tilt_z = 0.17256178803533379
d_ff_ccd  = -4.811226280877898
ccd_dec_x = 0.6206566439100268
ccd_dec_y = 5.1552527486126
ccd_defocus = 0.3163201433178724
ccd_tilt_x = 0.007745951025446121
ccd_tilt_y = -0.014004981287157317
ccd_tilt_z = 3.230470622188048e-06
p = 3.743833333333333e-06