slit_dec_x_a = -0.1704010755187174
slit_dec_y_a = -0.1956586180351446
slit_dec_x_b = 0.175
slit_dec_y_b = -1.800604127386326e-96
slit_defocus = 0.02142401446853211
slit_tilt_x = 1.1140198688603564
slit_tilt_y = -8.53847014043692
slit_tilt_z = -8.991581505995102
d_slit_col = 1594.3100117859608
coll_tilt_x = 0.11316669037144876
coll_tilt_y = -0.02889004941405451
ech_G = 31.613225827973306
ech_blaze = -74.9748292931286
ech_gamma = 1.1389783806590688
echelle_z = 0.07477095564128217
d_col_trf = -1588.0172326270254
trf_mirror_tilt_x = 0.026326619467125556
trf_mirror_tilt_y = 0.16219132804520695
d_col_grm = -0.004844919663689097
grism_dec_x = 236.42335949866575
grism_dec_y = 0.0381691116859149
grm_tilt_x = -0.014049510479435761
grm_tilt_y = 2.3052807744462984
grm_G = 222.82399914721464
grm_apex = 17.79112084850153
d_grm_cam  = 21.609818553676448
cam_dec_x = -0.3094896652182573
cam_dec_y = 0.247294972761223
cam_tilt_x = -0.011032258598113368
cam_tilt_y = 0.0038829093120338683
d_cam_ff  = -160.0576408180262
ccd_ff_dec_x = -0.002598657350868242
ccd_ff_dec_y = 0.0530856440299416
ccd_ff_tilt_x = 0.019514067248780638
ccd_ff_tilt_y = -0.5727996085281508
ccd_ff_tilt_z = 0.18004834310112247
d_ff_ccd  = -4.838939198894408
ccd_dec_x = 0.621404308583817
ccd_dec_y = 5.157145108934097
ccd_defocus = 0.2807226658896657
ccd_tilt_x = 0.005087598450549547
ccd_tilt_y = -0.010889988474608111
ccd_tilt_z = 5.08347141889526e-06
p = 0.0001