slit_dec_x_a = -0.17045180565078694
slit_dec_y_a = -0.19608091115314846
slit_dec_x_b = 0.175
slit_dec_y_b = -2.4289189045464814e-96
slit_defocus = 0.005512015496253914
slit_tilt_x = 1.1861304130933474
slit_tilt_y = -8.54007484914827
slit_tilt_z = -8.990858871187534
d_slit_col = 1594.294444830664
coll_tilt_x = 0.08883288753145915
coll_tilt_y = -0.03168735527604118
ech_G = 31.610684590452752
ech_blaze = -74.97700113155977
ech_gamma = 1.1405866570000243
echelle_z = 0.07519500159030577
d_col_trf = -1588.0185685039664
trf_mirror_tilt_x = 0.13871808282369671
trf_mirror_tilt_y = 0.07757579010037778
d_col_grm = -0.009547168549870609
grism_dec_x = 236.43431222824057
grism_dec_y = 0.03425113883839208
grm_tilt_x = -0.015853102723222257
grm_tilt_y = 2.304388419388591
grm_G = 222.8252203884182
grm_apex = 17.815110783152146
d_grm_cam  = 21.608479167058654
cam_dec_x = -0.30212655422771534
cam_dec_y = 0.25035650151723243
cam_tilt_x = -0.01813652684746378
cam_tilt_y = -0.014992810390600552
d_cam_ff  = -160.4009406252366
ccd_ff_dec_x = -0.0035686889845943136
ccd_ff_dec_y = 0.00012139239007622025
ccd_ff_tilt_x = 0.1460157768997519
ccd_ff_tilt_y = -0.5720434602790236
ccd_ff_tilt_z = 0.17255914029527428
d_ff_ccd  = -4.811211394590453
ccd_dec_x = 0.6206304308770335
ccd_dec_y = 5.1552856730786445
ccd_defocus = 0.31631645974796757
ccd_tilt_x = 0.007822062477986919
ccd_tilt_y = -0.014012366703844426
ccd_tilt_z = 3.199460597031465e-06
p = 1.222909090909091e-05