slit_dec_x_a = -0.181778666534
slit_dec_y_a = -0.18243150017
slit_dec_x_b = 0.14512077562974193
slit_dec_y_b = -0.05510809031835813
slit_defocus = -0.0022004302378061317
slit_tilt_x = 1.134707471416436
slit_tilt_y = -8.568327979421733
slit_tilt_z = -9.003610449829333
d_slit_col = 1594.303923923702
coll_tilt_x = 0.08646948498182286
coll_tilt_y = -0.022058882913253478
ech_G = 31.610899114253538
ech_blaze = -74.99557693567924
ech_gamma = 1.158157959282859
echelle_z = 0.05692933307142684
d_col_trf = -1588.0162098848293
trf_mirror_tilt_x = 0.12250176132301216
trf_mirror_tilt_y = 0.01873793511724541
d_col_grm = 0.015003384829745784
grism_dec_x = 236.39750199786883
grism_dec_y = -0.005077665539189253
grm_tilt_x = -0.024732277846829874
grm_tilt_y = 2.327397842121061
grm_G = 222.78579734903215
grm_apex = 17.809141791757675
d_grm_cam  = 21.604559620251287
cam_dec_x = -0.2836289212525657
cam_dec_y = 0.2897589171219448
cam_tilt_x = 0.004316005106084146
cam_tilt_y = -0.02779230006826957
d_cam_ff  = -160.5696393475384
ccd_ff_dec_x = -0.022824295450570697
ccd_ff_dec_y = -0.04777181760428206
ccd_ff_tilt_x = 0.16502544285453355
ccd_ff_tilt_y = -0.5894822659626056
ccd_ff_tilt_z = 0.17184525119448632
d_ff_ccd  = -4.785368294774037
ccd_dec_x = 0.5519014417811808
ccd_dec_y = 5.106426202627902
ccd_defocus = 0.31584412269130685
ccd_tilt_x = 0.021431496541916385
ccd_tilt_y = -0.004232704430663469
ccd_tilt_z = 2.1664334667763274e-07
p = 1.222909090909091e-05