slit_dec_x_a = -0.1704010755187174
slit_dec_y_a = -0.1956586180351446
slit_dec_x_b = 0.175
slit_dec_y_b = -1.83468547034623e-96
slit_defocus = 0.021382229825800188
slit_tilt_x = 1.114004724034085
slit_tilt_y = -8.538435208373466
slit_tilt_z = -8.991640843889833
d_slit_col = 1594.309969143857
coll_tilt_x = 0.11321042623191802
coll_tilt_y = -0.02889673783954091
ech_G = 31.613229854287376
ech_blaze = -74.97483239816998
ech_gamma = 1.138975217723679
echelle_z = 0.07477118684207783
d_col_trf = -1588.0172317571125
trf_mirror_tilt_x = 0.02629945743392854
trf_mirror_tilt_y = 0.16222572585639286
d_col_grm = -0.004832378538835292
grism_dec_x = 236.4233106520404
grism_dec_y = 0.038174588108733185
grm_tilt_x = -0.014055027328273238
grm_tilt_y = 2.305276272789962
grm_G = 222.82400385676226
grm_apex = 17.79103067221608
d_grm_cam  = 21.609818028236468
cam_dec_x = -0.309538947352034
cam_dec_y = 0.24727679232742364
cam_tilt_x = -0.011131103021554848
cam_tilt_y = 0.0037821595504896736
d_cam_ff  = -160.05749783212008
ccd_ff_dec_x = -0.002600448287543703
ccd_ff_dec_y = 0.05302978682849874
ccd_ff_tilt_x = 0.019512082023558208
ccd_ff_tilt_y = -0.5728034123643163
ccd_ff_tilt_z = 0.18005222080119276
d_ff_ccd  = -4.838942655090801
ccd_dec_x = 0.6214046170594726
ccd_dec_y = 5.157149431615555
ccd_defocus = 0.2807349901319751
ccd_tilt_x = 0.005040886589211735
ccd_tilt_y = -0.010908801279648321
ccd_tilt_z = 5.054313537282364e-06
p = 0.0001