slit_dec_x_a = -0.181778666534
slit_dec_y_a = -0.18243150017
slit_dec_x_b = 0.14512077562974193
slit_dec_y_b = -0.05510809031835813
slit_defocus = -0.013749414008580247
slit_tilt_x = 1.0540418585065288
slit_tilt_y = -8.559971837587373
slit_tilt_z = -9.026871078042616
d_slit_col = 1594.290279739557
coll_tilt_x = 0.12139261020047461
coll_tilt_y = -0.02647538529670463
ech_G = 31.61456329218137
ech_blaze = -74.99489492312003
ech_gamma = 1.1556417170856792
echelle_z = 0.057010394009944676
d_col_trf = -1588.0163701211318
trf_mirror_tilt_x = 0.007259419735232604
trf_mirror_tilt_y = 0.1554606352437351
d_col_grm = 0.035643359328800694
grism_dec_x = 236.38325107093723
grism_dec_y = 0.00917616143446347
grm_tilt_x = -0.02349768070222874
grm_tilt_y = 2.3257858910967593
grm_G = 222.7840691564211
grm_apex = 17.766467140967244
d_grm_cam  = 21.60470009909319
cam_dec_x = -0.2710740309026891
cam_dec_y = 0.2908118178880019
cam_tilt_x = 0.01238710422380983
cam_tilt_y = 0.008847759295073187
d_cam_ff  = -160.07708288323758
ccd_ff_dec_x = -0.023798839246313434
ccd_ff_dec_y = 0.04202583585144699
ccd_ff_tilt_x = 0.033521190901470856
ccd_ff_tilt_y = -0.5909780027055145
ccd_ff_tilt_z = 0.171915573194691
d_ff_ccd  = -4.816032125716728
ccd_dec_x = 0.5532945556222398
ccd_dec_y = 5.107633416735074
ccd_defocus = 0.28579286543269944
ccd_tilt_x = 0.03257540156988117
ccd_tilt_y = -0.0021322732205156405
ccd_tilt_z = 4.705828919610709e-06
p = 0.0001