slit_dec_x_a = -0.1704010755187174
slit_dec_y_a = -0.1956586180351446
slit_dec_x_b = 0.175
slit_dec_y_b = -1.9004212111130743e-96
slit_defocus = 0.02140657495150725
slit_tilt_x = 1.1139977994954584
slit_tilt_y = -8.538522275441226
slit_tilt_z = -8.991612447726663
d_slit_col = 1594.3099417090234
coll_tilt_x = 0.11315145573866608
coll_tilt_y = -0.028901362559820037
ech_G = 31.613230096262118
ech_blaze = -74.97482889400656
ech_gamma = 1.1389844174071277
echelle_z = 0.07476917850305632
d_col_trf = -1588.017235517617
trf_mirror_tilt_x = 0.026246040603774893
trf_mirror_tilt_y = 0.16230912031274491
d_col_grm = -0.004783996094121707
grism_dec_x = 236.4232700907797
grism_dec_y = 0.038173743969763675
grm_tilt_x = -0.014052453454220843
grm_tilt_y = 2.3052748506063323
grm_G = 222.82401233948957
grm_apex = 17.79102261259467
d_grm_cam  = 21.609817941891144
cam_dec_x = -0.3095351977894488
cam_dec_y = 0.24727754328737034
cam_tilt_x = -0.011100035623397075
cam_tilt_y = 0.0037534305155411426
d_cam_ff  = -160.05769079865394
ccd_ff_dec_x = -0.0026028876815581865
ccd_ff_dec_y = 0.05301208795878958
ccd_ff_tilt_x = 0.01947248075690547
ccd_ff_tilt_y = -0.5728000588408078
ccd_ff_tilt_z = 0.18005373243468586
d_ff_ccd  = -4.838985377564776
ccd_dec_x = 0.6214105566209754
ccd_dec_y = 5.157148089993546
ccd_defocus = 0.28072019372213
ccd_tilt_x = 0.0049663976452639395
ccd_tilt_y = -0.010914095987070662
ccd_tilt_z = 5.133672876830874e-06
p = 0.0001