slit_dec_x_a = -0.17040872597245196
slit_dec_y_a = -0.19576723117047592
slit_dec_x_b = 0.175
slit_dec_y_b = -2.5305861770124825e-96
slit_defocus = 0.005525661660758798
slit_tilt_x = 1.186130254099949
slit_tilt_y = -8.5401060407742
slit_tilt_z = -8.99082844901407
d_slit_col = 1594.2944375723935
coll_tilt_x = 0.08859450421308991
coll_tilt_y = -0.0317210904502685
ech_G = 31.61068762037449
ech_blaze = -74.977159390259
ech_gamma = 1.1405641376496596
echelle_z = 0.07552542468690256
d_col_trf = -1588.0185960254753
trf_mirror_tilt_x = 0.13864278919154704
trf_mirror_tilt_y = 0.07754001146300127
d_col_grm = -0.009536357736993864
grism_dec_x = 236.4343056437818
grism_dec_y = 0.03424778495823326
grm_tilt_x = -0.01588566106124348
grm_tilt_y = 2.3043724956120872
grm_G = 222.82519372174346
grm_apex = 17.815129105578595
d_grm_cam  = 21.60846490462079
cam_dec_x = -0.30211525404693307
cam_dec_y = 0.2503596522780192
cam_tilt_x = -0.018381764331880077
cam_tilt_y = -0.015021667440632538
d_cam_ff  = -160.40099112194218
ccd_ff_dec_x = -0.003541481371069611
ccd_ff_dec_y = 0.00015698453884870794
ccd_ff_tilt_x = 0.1460087110424545
ccd_ff_tilt_y = -0.572027529880171
ccd_ff_tilt_z = 0.17253825318200708
d_ff_ccd  = -4.811203679547629
ccd_dec_x = 0.6206515652061784
ccd_dec_y = 5.155299723096035
ccd_defocus = 0.3163374323626404
ccd_tilt_x = 0.007795339230070608
ccd_tilt_y = -0.014019854900144187
ccd_tilt_z = 3.385167435628368e-06
p = 1.9498333333333334e-06