slit_dec_x_a = -0.181778666534
slit_dec_y_a = -0.18243150017
slit_dec_x_b = 0.14512077562974193
slit_dec_y_b = -0.05510809031835813
slit_defocus = -0.0022161938515031184
slit_tilt_x = 1.134688351721207
slit_tilt_y = -8.568376432058216
slit_tilt_z = -9.003574773099416
d_slit_col = 1594.3039700745392
coll_tilt_x = 0.0864784694226538
coll_tilt_y = -0.022053478754434648
ech_G = 31.61093072198832
ech_blaze = -74.99579248781588
ech_gamma = 1.1582224510293688
echelle_z = 0.056662689813699686
d_col_trf = -1588.016261208664
trf_mirror_tilt_x = 0.12248914244328642
trf_mirror_tilt_y = 0.018715950869646534
d_col_grm = 0.014953819687176247
grism_dec_x = 236.39747685677116
grism_dec_y = -0.005065444162948081
grm_tilt_x = -0.024757324808261618
grm_tilt_y = 2.32736028381549
grm_G = 222.78592520789692
grm_apex = 17.80908104929625
d_grm_cam  = 21.604917365001615
cam_dec_x = -0.2836341046377252
cam_dec_y = 0.2897635812364792
cam_tilt_x = 0.004352149884127991
cam_tilt_y = -0.027755573406082458
d_cam_ff  = -160.56959514998886
ccd_ff_dec_x = -0.022801258276807727
ccd_ff_dec_y = -0.04779200222622965
ccd_ff_tilt_x = 0.16502751223761195
ccd_ff_tilt_y = -0.589406310276476
ccd_ff_tilt_z = 0.17183138522920877
d_ff_ccd  = -4.785406125036199
ccd_dec_x = 0.5518931694718965
ccd_dec_y = 5.106295908871105
ccd_defocus = 0.31585747846118506
ccd_tilt_x = 0.021380310471492345
ccd_tilt_y = -0.004190732569086395
ccd_tilt_z = 2.625404336230519e-07
p = 1.9498333333333334e-06