slit_dec_x_a = -0.1704010755187174
slit_dec_y_a = -0.1956586180351446
slit_dec_x_b = 0.175
slit_dec_y_b = -1.803335905130611e-96
slit_defocus = 0.02131597112951058
slit_tilt_x = 1.1140283845228276
slit_tilt_y = -8.53843727789248
slit_tilt_z = -8.991638552860998
d_slit_col = 1594.3100088035098
coll_tilt_x = 0.11318364930563521
coll_tilt_y = -0.0289122099527037
ech_G = 31.613238290474346
ech_blaze = -74.9748337560392
ech_gamma = 1.1389732804158745
echelle_z = 0.07477211053286488
d_col_trf = -1588.0172312176333
trf_mirror_tilt_x = 0.026320214332146017
trf_mirror_tilt_y = 0.16221298919970223
d_col_grm = -0.004839339037902288
grism_dec_x = 236.42337592855137
grism_dec_y = 0.03817171455638029
grm_tilt_x = -0.014052563520997804
grm_tilt_y = 2.3052759402046603
grm_G = 222.8240078218669
grm_apex = 17.79104013467509
d_grm_cam  = 21.609816384714875
cam_dec_x = -0.3094919238067464
cam_dec_y = 0.2472672256613634
cam_tilt_x = -0.01112082712412555
cam_tilt_y = 0.0038068174067680204
d_cam_ff  = -160.0575473046033
ccd_ff_dec_x = -0.0025950013931344885
ccd_ff_dec_y = 0.0530326400348456
ccd_ff_tilt_x = 0.01945946408549885
ccd_ff_tilt_y = -0.5727998644842601
ccd_ff_tilt_z = 0.18004929918067736
d_ff_ccd  = -4.838989766459699
ccd_dec_x = 0.6214010984243878
ccd_dec_y = 5.15715157866868
ccd_defocus = 0.28073641750898753
ccd_tilt_x = 0.005128025191242926
ccd_tilt_y = -0.010890428938619733
ccd_tilt_z = 5.107923987899952e-06
p = 0.0001