slit_dec_x_a = -0.17042905726298818
slit_dec_y_a = -0.19592110596797715
slit_dec_x_b = 0.175
slit_dec_y_b = -2.121777323707669e-96
slit_defocus = 0.005551445472409271
slit_tilt_x = 1.1861169987354336
slit_tilt_y = -8.539997950330365
slit_tilt_z = -8.990838719795695
d_slit_col = 1594.2944548502016
coll_tilt_x = 0.08872459276192687
coll_tilt_y = -0.031719104415342245
ech_G = 31.610676304227958
ech_blaze = -74.97690440082968
ech_gamma = 1.1405016146399933
echelle_z = 0.07482775005439847
d_col_trf = -1588.0185754305724
trf_mirror_tilt_x = 0.13866699269560945
trf_mirror_tilt_y = 0.07758481178579862
d_col_grm = -0.009547014794161887
grism_dec_x = 236.43431631319845
grism_dec_y = 0.03421213202043193
grm_tilt_x = -0.015679690347366146
grm_tilt_y = 2.3043857479977135
grm_G = 222.82519322061702
grm_apex = 17.81510926801794
d_grm_cam  = 21.60848462929433
cam_dec_x = -0.30216938775480223
cam_dec_y = 0.25036637092557923
cam_tilt_x = -0.018603287236873826
cam_tilt_y = -0.015046804749162129
d_cam_ff  = -160.40097249247026
ccd_ff_dec_x = -0.003538533128242766
ccd_ff_dec_y = 0.00016697628716640125
ccd_ff_tilt_x = 0.14603060782853367
ccd_ff_tilt_y = -0.5720829782449967
ccd_ff_tilt_z = 0.17261072088035345
d_ff_ccd  = -4.811247924386811
ccd_dec_x = 0.6207012702461362
ccd_dec_y = 5.155295317201999
ccd_defocus = 0.31631084276421606
ccd_tilt_x = 0.007734817102694256
ccd_tilt_y = -0.014009091507689031
ccd_tilt_z = 3.1237046836183675e-06
p = 1.0699166666666667e-05