slit_dec_x_a = -0.1704010755187174
slit_dec_y_a = -0.1956586180351446
slit_dec_x_b = 0.175
slit_dec_y_b = -1.7791422054458388e-96
slit_defocus = 0.021402730036438642
slit_tilt_x = 1.114028090012104
slit_tilt_y = -8.538411392840468
slit_tilt_z = -8.991631465948325
d_slit_col = 1594.3099672618748
coll_tilt_x = 0.11317271165360412
coll_tilt_y = -0.028944110557225834
ech_G = 31.61322696605429
ech_blaze = -74.97482812540761
ech_gamma = 1.1389833547016082
echelle_z = 0.07477635845908256
d_col_trf = -1588.0172276182852
trf_mirror_tilt_x = 0.026305350724840006
trf_mirror_tilt_y = 0.1622470937893689
d_col_grm = -0.004868073899001854
grism_dec_x = 236.42331493615472
grism_dec_y = 0.03817817543570539
grm_tilt_x = -0.01406132142926975
grm_tilt_y = 2.3052798508896943
grm_G = 222.82399650168406
grm_apex = 17.7910172348775
d_grm_cam  = 21.60981876922047
cam_dec_x = -0.3095359671548648
cam_dec_y = 0.24726187469746352
cam_tilt_x = -0.010997965045940564
cam_tilt_y = 0.0038513631676141183
d_cam_ff  = -160.0577443520251
ccd_ff_dec_x = -0.0026010719840656948
ccd_ff_dec_y = 0.053060151684154434
ccd_ff_tilt_x = 0.019433731278021175
ccd_ff_tilt_y = -0.572799678416474
ccd_ff_tilt_z = 0.18005505094526275
d_ff_ccd  = -4.8389643714704675
ccd_dec_x = 0.6214003150721835
ccd_dec_y = 5.157152699248054
ccd_defocus = 0.2807393016937954
ccd_tilt_x = 0.005095910911103612
ccd_tilt_y = -0.01097244374969822
ccd_tilt_z = 5.060485331355339e-06
p = 0.0001