slit_dec_x_a = -0.17039804997438823
slit_dec_y_a = -0.19590471961985037
slit_dec_x_b = 0.175
slit_dec_y_b = -2.4131526529408134e-96
slit_defocus = 0.00552357586703949
slit_tilt_x = 1.1861075586307872
slit_tilt_y = -8.540094626812314
slit_tilt_z = -8.990859394815566
d_slit_col = 1594.2944369766894
coll_tilt_x = 0.08858538735608802
coll_tilt_y = -0.031738516439044816
ech_G = 31.610649660325215
ech_blaze = -74.9770001160507
ech_gamma = 1.1405221487518131
echelle_z = 0.07537900161834216
d_col_trf = -1588.0185623121617
trf_mirror_tilt_x = 0.1386894690916443
trf_mirror_tilt_y = 0.07751901431125428
d_col_grm = -0.009528095303415526
grism_dec_x = 236.43432521475486
grism_dec_y = 0.03423922706151626
grm_tilt_x = -0.0158803674642253
grm_tilt_y = 2.3043764057113436
grm_G = 222.82520959789315
grm_apex = 17.8151428213186
d_grm_cam  = 21.60849634447453
cam_dec_x = -0.30211297885013005
cam_dec_y = 0.2503469711256881
cam_tilt_x = -0.018129540184367694
cam_tilt_y = -0.015012368564011735
d_cam_ff  = -160.40095211576977
ccd_ff_dec_x = -0.003566327094276394
ccd_ff_dec_y = 0.00013286970987380316
ccd_ff_tilt_x = 0.1460549611906358
ccd_ff_tilt_y = -0.5720304602132862
ccd_ff_tilt_z = 0.17254974713664492
d_ff_ccd  = -4.811228862170522
ccd_dec_x = 0.6206578795487105
ccd_dec_y = 5.155295660060228
ccd_defocus = 0.316307438069949
ccd_tilt_x = 0.007803416755021182
ccd_tilt_y = -0.014009659237626117
ccd_tilt_z = 3.300809290476215e-06
p = 7.435545454545455e-06