slit_dec_x_a = -0.17038871550226672
slit_dec_y_a = -0.1957168182854408
slit_dec_x_b = 0.175
slit_dec_y_b = -2.520866640507519e-96
slit_defocus = 0.005521247004735402
slit_tilt_x = 1.186139118665123
slit_tilt_y = -8.540115188698351
slit_tilt_z = -8.99081765122668
d_slit_col = 1594.2944445464907
coll_tilt_x = 0.08855323045850384
coll_tilt_y = -0.03175869896585006
ech_G = 31.610683898245217
ech_blaze = -74.97716198399759
ech_gamma = 1.140527937173335
echelle_z = 0.07546935403266032
d_col_trf = -1588.018599860874
trf_mirror_tilt_x = 0.13865032828496832
trf_mirror_tilt_y = 0.07753925591823937
d_col_grm = -0.009534720047941266
grism_dec_x = 236.43433012882852
grism_dec_y = 0.03424842126676914
grm_tilt_x = -0.01588475573089205
grm_tilt_y = 2.304369977680504
grm_G = 222.8251923704668
grm_apex = 17.81514640834803
d_grm_cam  = 21.60846273190819
cam_dec_x = -0.30211923833378607
cam_dec_y = 0.2503491599207104
cam_tilt_x = -0.01840141020027226
cam_tilt_y = -0.015012942451689576
d_cam_ff  = -160.40099209376515
ccd_ff_dec_x = -0.003526856035607732
ccd_ff_dec_y = 0.00016786031153971626
ccd_ff_tilt_x = 0.14600164088176196
ccd_ff_tilt_y = -0.5720283856612312
ccd_ff_tilt_z = 0.17253281528959682
d_ff_ccd  = -4.811217836285681
ccd_dec_x = 0.6206465254485568
ccd_dec_y = 5.15530600409602
ccd_defocus = 0.31632984106349654
ccd_tilt_x = 0.00778647949356729
ccd_tilt_y = -0.014023076380486653
ccd_tilt_z = 3.3719654637172373e-06
p = 2.1793333333333334e-06