slit_dec_x_a = -0.181778666534
slit_dec_y_a = -0.18243150017
slit_dec_x_b = 0.14512077562974193
slit_dec_y_b = -0.05510809031835813
slit_defocus = -0.013766983843135903
slit_tilt_x = 1.054164766942147
slit_tilt_y = -8.559960502258214
slit_tilt_z = -9.02688837069475
d_slit_col = 1594.2902768665688
coll_tilt_x = 0.12144943769980465
coll_tilt_y = -0.026439939706204438
ech_G = 31.614569239372276
ech_blaze = -74.99488842749317
ech_gamma = 1.1556404897850252
echelle_z = 0.05700740891736478
d_col_trf = -1588.0163684728132
trf_mirror_tilt_x = 0.007379160866019412
trf_mirror_tilt_y = 0.15547438861269414
d_col_grm = 0.03566185897484685
grism_dec_x = 236.3832241700808
grism_dec_y = 0.009202287550500201
grm_tilt_x = -0.02350408044927524
grm_tilt_y = 2.3257847245182934
grm_G = 222.78406756167377
grm_apex = 17.76654045221958
d_grm_cam  = 21.604701521995857
cam_dec_x = -0.2711715324459384
cam_dec_y = 0.2909663516077842
cam_tilt_x = 0.012437956294817198
cam_tilt_y = 0.008845243789332574
d_cam_ff  = -160.0769688133635
ccd_ff_dec_x = -0.02380655977377331
ccd_ff_dec_y = 0.04205528109793863
ccd_ff_tilt_x = 0.03348297307835713
ccd_ff_tilt_y = -0.590979562757943
ccd_ff_tilt_z = 0.17191681645644924
d_ff_ccd  = -4.81601989792636
ccd_dec_x = 0.5532955550869342
ccd_dec_y = 5.107635031315385
ccd_defocus = 0.2857773491773646
ccd_tilt_x = 0.03258043580667768
ccd_tilt_y = -0.0021456367769844727
ccd_tilt_z = 4.63815029683087e-06
p = 0.0001