slit_dec_x_a = -0.181778666534
slit_dec_y_a = -0.18243150017
slit_dec_x_b = 0.14512077562974193
slit_dec_y_b = -0.05510809031835813
slit_defocus = -0.0022196745061501006
slit_tilt_x = 1.134681157034614
slit_tilt_y = -8.568299996595595
slit_tilt_z = -9.00362557137897
d_slit_col = 1594.303922265208
coll_tilt_x = 0.08644338692125282
coll_tilt_y = -0.022035651185910807
ech_G = 31.61092342050996
ech_blaze = -74.99574344225036
ech_gamma = 1.1581390822951487
echelle_z = 0.05722992458368206
d_col_trf = -1588.0162324009355
trf_mirror_tilt_x = 0.12251042495228656
trf_mirror_tilt_y = 0.018680834583296148
d_col_grm = 0.01498864768023463
grism_dec_x = 236.39748409049807
grism_dec_y = -0.0050476722354329
grm_tilt_x = -0.024794482201322847
grm_tilt_y = 2.3274129145818225
grm_G = 222.7856961513516
grm_apex = 17.809172021580284
d_grm_cam  = 21.604414932226017
cam_dec_x = -0.2836364889596498
cam_dec_y = 0.28972350729435054
cam_tilt_x = 0.004345196118447917
cam_tilt_y = -0.027805047632205718
d_cam_ff  = -160.56963655629673
ccd_ff_dec_x = -0.022971829736476483
ccd_ff_dec_y = -0.04778425158142544
ccd_ff_tilt_x = 0.16504393129983597
ccd_ff_tilt_y = -0.5895474971737248
ccd_ff_tilt_z = 0.17178416692877965
d_ff_ccd  = -4.785361229716205
ccd_dec_x = 0.5520115638445289
ccd_dec_y = 5.1064166153679444
ccd_defocus = 0.3158030555683984
ccd_tilt_x = 0.021408323340842816
ccd_tilt_y = -0.004185080774303312
ccd_tilt_z = 3.1576325821189755e-07
p = 1.5043333333333334e-05