slit_dec_x_a = -0.1704010755187174
slit_dec_y_a = -0.1956586180351446
slit_dec_x_b = 0.175
slit_dec_y_b = -1.8568849508906123e-96
slit_defocus = 0.021385107552562458
slit_tilt_x = 1.1139932146185116
slit_tilt_y = -8.538417834701859
slit_tilt_z = -8.991622359201537
d_slit_col = 1594.3099413981279
coll_tilt_x = 0.11318806272397672
coll_tilt_y = -0.028845019274842405
ech_G = 31.61323317121549
ech_blaze = -74.9748271314781
ech_gamma = 1.1389742292508995
echelle_z = 0.0747716861097555
d_col_trf = -1588.0172302382127
trf_mirror_tilt_x = 0.0262790962428648
trf_mirror_tilt_y = 0.16221868876159903
d_col_grm = -0.004832786952261446
grism_dec_x = 236.4233235758089
grism_dec_y = 0.03817259072291368
grm_tilt_x = -0.014045603258173542
grm_tilt_y = 2.305283986629497
grm_G = 222.82400065231695
grm_apex = 17.791006549793472
d_grm_cam  = 21.60982483160554
cam_dec_x = -0.309533929253022
cam_dec_y = 0.24726401752423494
cam_tilt_x = -0.011038793920734957
cam_tilt_y = 0.0037386683139944694
d_cam_ff  = -160.05770009624092
ccd_ff_dec_x = -0.0026032635458086966
ccd_ff_dec_y = 0.05307325827421061
ccd_ff_tilt_x = 0.01946482068543711
ccd_ff_tilt_y = -0.5728112411249212
ccd_ff_tilt_z = 0.18005094121124884
d_ff_ccd  = -4.838939289517178
ccd_dec_x = 0.6214067198297787
ccd_dec_y = 5.1571506023232425
ccd_defocus = 0.2806830933309972
ccd_tilt_x = 0.005035662714794342
ccd_tilt_y = -0.01091030862264647
ccd_tilt_z = 5.107160252757621e-06
p = 0.0001