slit_dec_x_a = -0.1704374140501173
slit_dec_y_a = -0.1959076398405592
slit_dec_x_b = 0.175
slit_dec_y_b = -2.0115177986424697e-96
slit_defocus = 0.005572272961840505
slit_tilt_x = 1.1860969464230324
slit_tilt_y = -8.539988770824477
slit_tilt_z = -8.990836765412041
d_slit_col = 1594.294447747246
coll_tilt_x = 0.08863450556389584
coll_tilt_y = -0.03176119239520118
ech_G = 31.610681611794057
ech_blaze = -74.97700994805074
ech_gamma = 1.1404535954017923
echelle_z = 0.07483631297659957
d_col_trf = -1588.0185704185783
trf_mirror_tilt_x = 0.13867880385689024
trf_mirror_tilt_y = 0.07758110251836611
d_col_grm = -0.009553723473452411
grism_dec_x = 236.43430470748393
grism_dec_y = 0.03424552884956035
grm_tilt_x = -0.015735161910388627
grm_tilt_y = 2.304384452187928
grm_G = 222.82517790269728
grm_apex = 17.815119162755906
d_grm_cam  = 21.608481512114707
cam_dec_x = -0.3021535113742522
cam_dec_y = 0.25036699380901783
cam_tilt_x = -0.018602864963633246
cam_tilt_y = -0.01503928384969758
d_cam_ff  = -160.40097993792872
ccd_ff_dec_x = -0.003560061499139108
ccd_ff_dec_y = 0.0001656695196549159
ccd_ff_tilt_x = 0.14601116536636408
ccd_ff_tilt_y = -0.5720940201580091
ccd_ff_tilt_z = 0.17259889541793488
d_ff_ccd  = -4.811221679122196
ccd_dec_x = 0.6207056635748237
ccd_dec_y = 5.155297636596273
ccd_defocus = 0.3162912794119169
ccd_tilt_x = 0.007731768773919992
ccd_tilt_y = -0.014010579773487472
ccd_tilt_z = 3.141014821369129e-06
p = 1.3718333333333334e-05