slit_dec_x_a = -0.181778666534
slit_dec_y_a = -0.18243150017
slit_dec_x_b = 0.14512077562974193
slit_dec_y_b = -0.05510809031835813
slit_defocus = -0.002201535657186346
slit_tilt_x = 1.134688253763842
slit_tilt_y = -8.568295224603371
slit_tilt_z = -9.003625857329222
d_slit_col = 1594.3039149633248
coll_tilt_x = 0.08642667647567873
coll_tilt_y = -0.02203407735211798
ech_G = 31.61092174872019
ech_blaze = -74.99577095268216
ech_gamma = 1.1581609763475738
echelle_z = 0.05717682988504184
d_col_trf = -1588.016272181403
trf_mirror_tilt_x = 0.12252226277766204
trf_mirror_tilt_y = 0.01867768549833451
d_col_grm = 0.01499656195534447
grism_dec_x = 236.3974892413741
grism_dec_y = -0.005038778068350452
grm_tilt_x = -0.02473187953757412
grm_tilt_y = 2.327427818923558
grm_G = 222.7856761943515
grm_apex = 17.80914343853582
d_grm_cam  = 21.6044867280952
cam_dec_x = -0.28362447701491006
cam_dec_y = 0.2897277918312024
cam_tilt_x = 0.004329925766160763
cam_tilt_y = -0.027798995004500705
d_cam_ff  = -160.56976954763894
ccd_ff_dec_x = -0.022868597030734635
ccd_ff_dec_y = -0.047785854196181185
ccd_ff_tilt_x = 0.1650624471860003
ccd_ff_tilt_y = -0.5895539063297499
ccd_ff_tilt_z = 0.17177027470909711
d_ff_ccd  = -4.785370925982779
ccd_dec_x = 0.5519379626356974
ccd_dec_y = 5.106385999297824
ccd_defocus = 0.3157815510402125
ccd_tilt_x = 0.021388058582079397
ccd_tilt_y = -0.004197944034149163
ccd_tilt_z = 2.7682931897126477e-07
p = 1.3718333333333334e-05