slit_dec_x_a = -0.181778666534
slit_dec_y_a = -0.18243150017
slit_dec_x_b = 0.14512077562974193
slit_dec_y_b = -0.05510809031835813
slit_defocus = -0.002178738705492809
slit_tilt_x = 1.1346651859824433
slit_tilt_y = -8.568216051151861
slit_tilt_z = -9.00363632014565
d_slit_col = 1594.3039416822992
coll_tilt_x = 0.08646459373293486
coll_tilt_y = -0.02200422983859764
ech_G = 31.610911751950376
ech_blaze = -74.9956113151305
ech_gamma = 1.1580053611077994
echelle_z = 0.057569875743314666
d_col_trf = -1588.0161162570635
trf_mirror_tilt_x = 0.12251251975072554
trf_mirror_tilt_y = 0.01864015105704017
d_col_grm = 0.01508912641671715
grism_dec_x = 236.39744596364193
grism_dec_y = -0.005013452764582288
grm_tilt_x = -0.024968193435829233
grm_tilt_y = 2.326944621345233
grm_G = 222.78584992802948
grm_apex = 17.80919183487431
d_grm_cam  = 21.604710311264547
cam_dec_x = -0.28358093165393145
cam_dec_y = 0.2896971431955405
cam_tilt_x = 0.004274638369046417
cam_tilt_y = -0.027787038348102644
d_cam_ff  = -160.56963323454582
ccd_ff_dec_x = -0.02286347204321606
ccd_ff_dec_y = -0.0477717488514015
ccd_ff_tilt_x = 0.16504967478292165
ccd_ff_tilt_y = -0.5895662738582335
ccd_ff_tilt_z = 0.1717642586415754
d_ff_ccd  = -4.78544251398443
ccd_dec_x = 0.5519486860952736
ccd_dec_y = 5.106098000782401
ccd_defocus = 0.31577192237858726
ccd_tilt_x = 0.02132706674040984
ccd_tilt_y = -0.004222219597359795
ccd_tilt_z = 3.502682113965353e-07
p = 3.903666666666667e-06