slit_dec_x_a = -0.17038841376029115
slit_dec_y_a = -0.1957451875029786
slit_dec_x_b = 0.175
slit_dec_y_b = -1.6610326676560875e-96
slit_defocus = 0.005579305028256168
slit_tilt_x = 1.1861100944739251
slit_tilt_y = -8.539997145142824
slit_tilt_z = -8.990840769982603
d_slit_col = 1594.2944939889378
coll_tilt_x = 0.08871490680260967
coll_tilt_y = -0.03203382108921122
ech_G = 31.610670655840128
ech_blaze = -74.97693602044014
ech_gamma = 1.1402041641133334
echelle_z = 0.07474880716785164
d_col_trf = -1588.0185156237872
trf_mirror_tilt_x = 0.13870653298311927
trf_mirror_tilt_y = 0.07752285780075024
d_col_grm = -0.009511482852055301
grism_dec_x = 236.4343494463201
grism_dec_y = 0.0341706136655504
grm_tilt_x = -0.015815523422782918
grm_tilt_y = 2.304366443943231
grm_G = 222.82517538367412
grm_apex = 17.81509486517843
d_grm_cam  = 21.608489253319725
cam_dec_x = -0.30209730726564665
cam_dec_y = 0.2503224555612488
cam_tilt_x = -0.018629029713840378
cam_tilt_y = -0.015099820393787563
d_cam_ff  = -160.40095512877778
ccd_ff_dec_x = -0.003501472322731067
ccd_ff_dec_y = 0.00025993827383498114
ccd_ff_tilt_x = 0.14603028382748812
ccd_ff_tilt_y = -0.5720851629500568
ccd_ff_tilt_z = 0.17258864895977882
d_ff_ccd  = -4.811330570841375
ccd_dec_x = 0.6206795920922249
ccd_dec_y = 5.155274022784262
ccd_defocus = 0.3162614874570611
ccd_tilt_x = 0.007746769649193978
ccd_tilt_y = -0.014100573028966007
ccd_tilt_z = 3.1142890022856162e-06
p = 3.903666666666667e-06