slit_dec_x_a = -0.181778666534
slit_dec_y_a = -0.18243150017
slit_dec_x_b = 0.14512077562974193
slit_dec_y_b = -0.05510809031835813
slit_defocus = -0.0021909153631040376
slit_tilt_x = 1.1347038469706563
slit_tilt_y = -8.568301697053213
slit_tilt_z = -9.003628710524966
d_slit_col = 1594.303908050333
coll_tilt_x = 0.08644030848904152
coll_tilt_y = -0.02204158132847583
ech_G = 31.61089725338125
ech_blaze = -74.9956156801296
ech_gamma = 1.1582086973822496
echelle_z = 0.05704773573059924
d_col_trf = -1588.0162593962418
trf_mirror_tilt_x = 0.1225033655669189
trf_mirror_tilt_y = 0.018690559685377164
d_col_grm = 0.014977753954763633
grism_dec_x = 236.397487822988
grism_dec_y = -0.005059710008406048
grm_tilt_x = -0.02475093934196082
grm_tilt_y = 2.327458736347813
grm_G = 222.78576974317303
grm_apex = 17.809168940337507
d_grm_cam  = 21.604535116922026
cam_dec_x = -0.28365163659933557
cam_dec_y = 0.28973383208820436
cam_tilt_x = 0.004358292602492614
cam_tilt_y = -0.02779132568650784
d_cam_ff  = -160.56950435135656
ccd_ff_dec_x = -0.02306641233456535
ccd_ff_dec_y = -0.0477899115035943
ccd_ff_tilt_x = 0.16503143275027937
ccd_ff_tilt_y = -0.5896433044102168
ccd_ff_tilt_z = 0.17179062504763173
d_ff_ccd  = -4.785362826870899
ccd_dec_x = 0.5519236116602126
ccd_dec_y = 5.106562782551028
ccd_defocus = 0.31584353327232845
ccd_tilt_x = 0.021426555077670186
ccd_tilt_y = -0.004225426520984635
ccd_tilt_z = 2.90198472267788e-07
p = 4.381181818181818e-06