slit_dec_x_a = -0.181778666534
slit_dec_y_a = -0.18243150017
slit_dec_x_b = 0.14512077562974193
slit_dec_y_b = -0.05510809031835813
slit_defocus = -0.0137897077279664
slit_tilt_x = 1.0541159273148861
slit_tilt_y = -8.559818981498937
slit_tilt_z = -9.026898527644352
d_slit_col = 1594.2902973219889
coll_tilt_x = 0.12144489482299317
coll_tilt_y = -0.026508509478293786
ech_G = 31.61456334530685
ech_blaze = -74.9948835171862
ech_gamma = 1.155639523728072
echelle_z = 0.05700082729898696
d_col_trf = -1588.0163617408302
trf_mirror_tilt_x = 0.0072734963291298995
trf_mirror_tilt_y = 0.15544563996377178
d_col_grm = 0.03562953892668685
grism_dec_x = 236.3832216519833
grism_dec_y = 0.009287778177579515
grm_tilt_x = -0.023510179092263894
grm_tilt_y = 2.325789749754218
grm_G = 222.7840666565278
grm_apex = 17.766484882544976
d_grm_cam  = 21.60469950172402
cam_dec_x = -0.2711265780782023
cam_dec_y = 0.2908092121724619
cam_tilt_x = 0.012420265496641849
cam_tilt_y = 0.008804851809690673
d_cam_ff  = -160.07715515949593
ccd_ff_dec_x = -0.02380366667380384
ccd_ff_dec_y = 0.04207696081836714
ccd_ff_tilt_x = 0.03343355117743146
ccd_ff_tilt_y = -0.5909785019376651
ccd_ff_tilt_z = 0.17191991654707584
d_ff_ccd  = -4.816022256434226
ccd_dec_x = 0.5532902302623782
ccd_dec_y = 5.107627063936197
ccd_defocus = 0.2857366431092651
ccd_tilt_x = 0.03259352854503936
ccd_tilt_y = -0.0021704976939111737
ccd_tilt_z = 4.7104216891856705e-06
p = 0.0001