slit_dec_x_a = -0.1704010755187174
slit_dec_y_a = -0.1956586180351446
slit_dec_x_b = 0.175
slit_dec_y_b = -1.8792654090394925e-96
slit_defocus = 0.021456076202473754
slit_tilt_x = 1.113937747709848
slit_tilt_y = -8.538454221290145
slit_tilt_z = -8.99160612245647
d_slit_col = 1594.309961298295
coll_tilt_x = 0.11320724309400007
coll_tilt_y = -0.028831064690250395
ech_G = 31.61323102926492
ech_blaze = -74.97483304856199
ech_gamma = 1.1389753607013184
echelle_z = 0.07476664051917015
d_col_trf = -1588.017235311868
trf_mirror_tilt_x = 0.02637245322116831
trf_mirror_tilt_y = 0.16218674766084554
d_col_grm = -0.004786807190769774
grism_dec_x = 236.42329315264112
grism_dec_y = 0.03811790903592338
grm_tilt_x = -0.014057055745053315
grm_tilt_y = 2.3052765121752503
grm_G = 222.82400303269526
grm_apex = 17.79100597213426
d_grm_cam  = 21.609818327044998
cam_dec_x = -0.30954393135056535
cam_dec_y = 0.24732429895133218
cam_tilt_x = -0.011045446016875878
cam_tilt_y = 0.003854938984067035
d_cam_ff  = -160.05740993431377
ccd_ff_dec_x = -0.0026010418001166944
ccd_ff_dec_y = 0.05311964241137048
ccd_ff_tilt_x = 0.019542140934417272
ccd_ff_tilt_y = -0.5728033922059848
ccd_ff_tilt_z = 0.18005362367768465
d_ff_ccd  = -4.838866067472585
ccd_dec_x = 0.6214098393258131
ccd_dec_y = 5.157144095765957
ccd_defocus = 0.28073140593392065
ccd_tilt_x = 0.004973578091468323
ccd_tilt_y = -0.010866150126884
ccd_tilt_z = 5.05677425944375e-06
p = 0.0001