slit_dec_x_a = -0.170425275265726
slit_dec_y_a = -0.19606768526477358
slit_dec_x_b = 0.175
slit_dec_y_b = -1.8798849946900557e-96
slit_defocus = 0.005567126094080604
slit_tilt_x = 1.186141271912592
slit_tilt_y = -8.53999431633089
slit_tilt_z = -8.990840246608904
d_slit_col = 1594.2944578170816
coll_tilt_x = 0.08875216553731562
coll_tilt_y = -0.031759522423020256
ech_G = 31.61065997001999
ech_blaze = -74.97682511310317
ech_gamma = 1.1405202763764348
echelle_z = 0.07482855750644012
d_col_trf = -1588.0185429071596
trf_mirror_tilt_x = 0.13865057766766106
trf_mirror_tilt_y = 0.07758714386331195
d_col_grm = -0.009546496432537289
grism_dec_x = 236.43432980043565
grism_dec_y = 0.0341907088539202
grm_tilt_x = -0.015656062579810053
grm_tilt_y = 2.3043765832044247
grm_G = 222.82519661826134
grm_apex = 17.81511085591556
d_grm_cam  = 21.60846788230555
cam_dec_x = -0.30215277488428
cam_dec_y = 0.25036378619775446
cam_tilt_x = -0.01857485814124412
cam_tilt_y = -0.015033118691078774
d_cam_ff  = -160.40094837301808
ccd_ff_dec_x = -0.003500863788189771
ccd_ff_dec_y = 0.00018183024795386245
ccd_ff_tilt_x = 0.14603473474428755
ccd_ff_tilt_y = -0.5720763329003067
ccd_ff_tilt_z = 0.17258651947452194
d_ff_ccd  = -4.811249451373192
ccd_dec_x = 0.6206801202374753
ccd_dec_y = 5.155299826391308
ccd_defocus = 0.31629549427629206
ccd_tilt_x = 0.007745328451491003
ccd_tilt_y = -0.014062521550617565
ccd_tilt_z = 3.1554500205403317e-06
p = 3.994090909090909e-06