slit_dec_x_a = -0.181778666534
slit_dec_y_a = -0.18243150017
slit_dec_x_b = 0.14512077562974193
slit_dec_y_b = -0.05510809031835813
slit_defocus = -0.0022125418554494064
slit_tilt_x = 1.134696330945751
slit_tilt_y = -8.568221998172067
slit_tilt_z = -9.003649793434606
d_slit_col = 1594.3039017619822
coll_tilt_x = 0.08643570378837441
coll_tilt_y = -0.022076008451170113
ech_G = 31.610880650671202
ech_blaze = -74.9955179087245
ech_gamma = 1.1581059394501325
echelle_z = 0.05742684869689123
d_col_trf = -1588.0163700901674
trf_mirror_tilt_x = 0.12253319827570232
trf_mirror_tilt_y = 0.018678750549472326
d_col_grm = 0.015038001547986929
grism_dec_x = 236.39747600796554
grism_dec_y = -0.005008952905923954
grm_tilt_x = -0.0247632050040497
grm_tilt_y = 2.327281636133842
grm_G = 222.78575973605876
grm_apex = 17.809165018690795
d_grm_cam  = 21.60431566020743
cam_dec_x = -0.28361763330926576
cam_dec_y = 0.2897196298293563
cam_tilt_x = 0.004343803564796331
cam_tilt_y = -0.027799945323635798
d_cam_ff  = -160.56972585121966
ccd_ff_dec_x = -0.022766336049933663
ccd_ff_dec_y = -0.047802527869902994
ccd_ff_tilt_x = 0.16504531678557796
ccd_ff_tilt_y = -0.5897818197243521
ccd_ff_tilt_z = 0.17175442635673094
d_ff_ccd  = -4.785376484064428
ccd_dec_x = 0.5519865908234305
ccd_dec_y = 5.1061799345112
ccd_defocus = 0.31575806266769846
ccd_tilt_x = 0.021380481482937128
ccd_tilt_y = -0.004209965864584302
ccd_tilt_z = 3.746759919766788e-07
p = 3.994090909090909e-06