slit_dec_x_a = -0.181778666534
slit_dec_y_a = -0.18243150017
slit_dec_x_b = 0.14512077562974193
slit_dec_y_b = -0.05510809031835813
slit_defocus = -0.0022428191068894847
slit_tilt_x = 1.1347021912768849
slit_tilt_y = -8.56837251252899
slit_tilt_z = -9.003599181926127
d_slit_col = 1594.3039499612732
coll_tilt_x = 0.08648657941454885
coll_tilt_y = -0.022029707303059677
ech_G = 31.61093469479563
ech_blaze = -74.99582404693656
ech_gamma = 1.1582534657806935
echelle_z = 0.0564593402181703
d_col_trf = -1588.016324507046
trf_mirror_tilt_x = 0.12244744181690974
trf_mirror_tilt_y = 0.01870857121592964
d_col_grm = 0.014938442474305128
grism_dec_x = 236.39750264413905
grism_dec_y = -0.005084000926632262
grm_tilt_x = -0.024714410117546402
grm_tilt_y = 2.3273653086355526
grm_G = 222.7859052046364
grm_apex = 17.80907198081912
d_grm_cam  = 21.604831401218306
cam_dec_x = -0.2836227118850363
cam_dec_y = 0.2897511130182461
cam_tilt_x = 0.0043490767517437145
cam_tilt_y = -0.0277747352242621
d_cam_ff  = -160.5696325454902
ccd_ff_dec_x = -0.022704493980570735
ccd_ff_dec_y = -0.047765552943898865
ccd_ff_tilt_x = 0.16502048258744093
ccd_ff_tilt_y = -0.5893809354349895
ccd_ff_tilt_z = 0.17187339517990238
d_ff_ccd  = -4.785431649402927
ccd_dec_x = 0.5518731995815751
ccd_dec_y = 5.1063391397889
ccd_defocus = 0.3158668803879191
ccd_tilt_x = 0.021379035735004503
ccd_tilt_y = -0.004197863503468193
ccd_tilt_z = 1.9307136405079224e-07
p = 4.163916666666667e-06