slit_dec_x_a = -0.1704010755187174
slit_dec_y_a = -0.1956586180351446
slit_dec_x_b = 0.175
slit_dec_y_b = -1.8217207739898578e-96
slit_defocus = 0.021379342896075935
slit_tilt_x = 1.1140163519836006
slit_tilt_y = -8.538470085638941
slit_tilt_z = -8.991585125026496
d_slit_col = 1594.3099523687513
coll_tilt_x = 0.1132142067058769
coll_tilt_y = -0.028851617978839457
ech_G = 31.6132308082932
ech_blaze = -74.9748294865326
ech_gamma = 1.1389774641935693
echelle_z = 0.07476530350789128
d_col_trf = -1588.0172317158151
trf_mirror_tilt_x = 0.026308211382000443
trf_mirror_tilt_y = 0.16222795976035678
d_col_grm = -0.004875851400456275
grism_dec_x = 236.42325249905792
grism_dec_y = 0.03819368857213858
grm_tilt_x = -0.014051890620326569
grm_tilt_y = 2.305282238789551
grm_G = 222.82401221931252
grm_apex = 17.79106928860695
d_grm_cam  = 21.60981564937236
cam_dec_x = -0.3095317842840221
cam_dec_y = 0.247239959269309
cam_tilt_x = -0.011045734806649958
cam_tilt_y = 0.0038044295642635623
d_cam_ff  = -160.05750601680296
ccd_ff_dec_x = -0.0025989475190048373
ccd_ff_dec_y = 0.05307074897537449
ccd_ff_tilt_x = 0.019507818140106527
ccd_ff_tilt_y = -0.5728076326488448
ccd_ff_tilt_z = 0.18005455428348371
d_ff_ccd  = -4.838883234551977
ccd_dec_x = 0.6214056825014702
ccd_dec_y = 5.1571503723995
ccd_defocus = 0.28071384611575123
ccd_tilt_x = 0.005024316547540953
ccd_tilt_y = -0.01098141100158812
ccd_tilt_z = 5.051972545929432e-06
p = 0.0001