slit_dec_x_a = -0.181778666534
slit_dec_y_a = -0.18243150017
slit_dec_x_b = 0.14512077562974193
slit_dec_y_b = -0.05510809031835813
slit_defocus = -0.013756839639673495
slit_tilt_x = 1.0540355126935683
slit_tilt_y = -8.559921501989068
slit_tilt_z = -9.02688082407715
d_slit_col = 1594.2902006368201
coll_tilt_x = 0.12146732077520907
coll_tilt_y = -0.026448158125322765
ech_G = 31.614565863792222
ech_blaze = -74.99489354825852
ech_gamma = 1.1556371649340007
echelle_z = 0.0570020034751791
d_col_trf = -1588.016361041883
trf_mirror_tilt_x = 0.007273615040887595
trf_mirror_tilt_y = 0.15543439699086917
d_col_grm = 0.035658145155119884
grism_dec_x = 236.38322764243628
grism_dec_y = 0.009172428438430715
grm_tilt_x = -0.02351456839864732
grm_tilt_y = 2.3257896288163855
grm_G = 222.78407730332594
grm_apex = 17.766581264291975
d_grm_cam  = 21.604695908429402
cam_dec_x = -0.27100727265294083
cam_dec_y = 0.2908120614087069
cam_tilt_x = 0.012464605156269418
cam_tilt_y = 0.008798915708465454
d_cam_ff  = -160.07693243748014
ccd_ff_dec_x = -0.023797439598320633
ccd_ff_dec_y = 0.04207236800077705
ccd_ff_tilt_x = 0.033431666960638526
ccd_ff_tilt_y = -0.5909814417122895
ccd_ff_tilt_z = 0.1719128681237019
d_ff_ccd  = -4.815993533053664
ccd_dec_x = 0.5533011224350162
ccd_dec_y = 5.107630822920313
ccd_defocus = 0.2857106029068372
ccd_tilt_x = 0.03263706109215629
ccd_tilt_y = -0.0021960596192544825
ccd_tilt_z = 4.7147568031228285e-06
p = 0.0001