slit_dec_x_a = -0.1704034463654972
slit_dec_y_a = -0.1960038276859826
slit_dec_x_b = 0.175
slit_dec_y_b = -1.5818508184193973e-96
slit_defocus = 0.00555218774772773
slit_tilt_x = 1.1861457284943513
slit_tilt_y = -8.540016505878794
slit_tilt_z = -8.990833273855987
d_slit_col = 1594.2944603942174
coll_tilt_x = 0.08877871407483265
coll_tilt_y = -0.031841123779055486
ech_G = 31.610672805740208
ech_blaze = -74.9768253567547
ech_gamma = 1.1404141171952948
echelle_z = 0.07477429109464094
d_col_trf = -1588.018525465224
trf_mirror_tilt_x = 0.13866924517746249
trf_mirror_tilt_y = 0.07757798284158732
d_col_grm = -0.009563028345999551
grism_dec_x = 236.43432806647937
grism_dec_y = 0.034176969474835374
grm_tilt_x = -0.015753966600747113
grm_tilt_y = 2.304360071296351
grm_G = 222.82519055851202
grm_apex = 17.815134800771887
d_grm_cam  = 21.608452306200746
cam_dec_x = -0.30213892350191623
cam_dec_y = 0.25032177351436447
cam_tilt_x = -0.018626138379025634
cam_tilt_y = -0.015052107350834669
d_cam_ff  = -160.40093172571392
ccd_ff_dec_x = -0.0034947120561686093
ccd_ff_dec_y = 0.0001928821534055681
ccd_ff_tilt_x = 0.14603670041114103
ccd_ff_tilt_y = -0.5720404508977012
ccd_ff_tilt_z = 0.17258375747753546
d_ff_ccd  = -4.811271832272785
ccd_dec_x = 0.620705524501701
ccd_dec_y = 5.155319920468372
ccd_defocus = 0.3163110014968766
ccd_tilt_x = 0.0077319980769207045
ccd_tilt_y = -0.014080871494996837
ccd_tilt_z = 3.1403089158551137e-06
p = 9.443416666666666e-05