slit_dec_x_a = -0.181778666534
slit_dec_y_a = -0.18243150017
slit_dec_x_b = 0.14512077562974193
slit_dec_y_b = -0.05510809031835813
slit_defocus = -0.002218494002587359
slit_tilt_x = 1.134700938062736
slit_tilt_y = -8.568224637153913
slit_tilt_z = -9.003679003910785
d_slit_col = 1594.3039230812367
coll_tilt_x = 0.08642079347338065
coll_tilt_y = -0.022052157979398697
ech_G = 31.610884954984886
ech_blaze = -74.99556821619002
ech_gamma = 1.1580933962772608
echelle_z = 0.057499901564809504
d_col_trf = -1588.0162918461522
trf_mirror_tilt_x = 0.12251595402601502
trf_mirror_tilt_y = 0.018669194581089132
d_col_grm = 0.015052007580575894
grism_dec_x = 236.39745981329773
grism_dec_y = -0.005016759192528036
grm_tilt_x = -0.024778440865159086
grm_tilt_y = 2.327241371077396
grm_G = 222.78575067423745
grm_apex = 17.809181449314888
d_grm_cam  = 21.60433717267537
cam_dec_x = -0.28358718077462264
cam_dec_y = 0.2897297966028545
cam_tilt_x = 0.0043507991420095905
cam_tilt_y = -0.02781996769564293
d_cam_ff  = -160.56963914151237
ccd_ff_dec_x = -0.022683633162486037
ccd_ff_dec_y = -0.047785388337498624
ccd_ff_tilt_x = 0.1650397794493181
ccd_ff_tilt_y = -0.5897793037568707
ccd_ff_tilt_z = 0.1717424655338499
d_ff_ccd  = -4.785383322256404
ccd_dec_x = 0.5520574278270288
ccd_dec_y = 5.106073512492546
ccd_defocus = 0.3157629371850792
ccd_tilt_x = 0.02136061887259309
ccd_tilt_y = -0.004209977256866763
ccd_tilt_z = 3.861655070265414e-07
p = 9.443416666666666e-05