slit_dec_x_a = -0.1704010755187174
slit_dec_y_a = -0.1956586180351446
slit_dec_x_b = 0.175
slit_dec_y_b = -1.8524404898547552e-96
slit_defocus = 0.02140947503380582
slit_tilt_x = 1.1140198079122952
slit_tilt_y = -8.538459621285483
slit_tilt_z = -8.991658593774849
d_slit_col = 1594.3099462952339
coll_tilt_x = 0.11319542899905151
coll_tilt_y = -0.028927464300624893
ech_G = 31.613234600281547
ech_blaze = -74.97483415317052
ech_gamma = 1.138979077858282
echelle_z = 0.07478001836651446
d_col_trf = -1588.0172316224298
trf_mirror_tilt_x = 0.026349065954918573
trf_mirror_tilt_y = 0.1621677303756634
d_col_grm = -0.004774318618309375
grism_dec_x = 236.4232622919203
grism_dec_y = 0.03817463222108741
grm_tilt_x = -0.014054840290907873
grm_tilt_y = 2.305270003574716
grm_G = 222.82400865999452
grm_apex = 17.791098714913456
d_grm_cam  = 21.60981387407973
cam_dec_x = -0.3095411425452448
cam_dec_y = 0.24726860955704474
cam_tilt_x = -0.011047813053737055
cam_tilt_y = 0.0037713324513497844
d_cam_ff  = -160.05732867842866
ccd_ff_dec_x = -0.00259925431311657
ccd_ff_dec_y = 0.05302868525225451
ccd_ff_tilt_x = 0.019549237194494726
ccd_ff_tilt_y = -0.5727994222751119
ccd_ff_tilt_z = 0.18004619764768126
d_ff_ccd  = -4.838972372747252
ccd_dec_x = 0.6214035169157061
ccd_dec_y = 5.157157219554789
ccd_defocus = 0.2807692547654848
ccd_tilt_x = 0.005024264004880746
ccd_tilt_y = -0.010908810917465506
ccd_tilt_z = 5.0334498450412355e-06
p = 0.0001