slit_dec_x_a = -0.181778666534
slit_dec_y_a = -0.18243150017
slit_dec_x_b = 0.14512077562974193
slit_dec_y_b = -0.05510809031835813
slit_defocus = -0.0021968734471779217
slit_tilt_x = 1.1347120330508682
slit_tilt_y = -8.568327219681828
slit_tilt_z = -9.003609438240618
d_slit_col = 1594.3039256835746
coll_tilt_x = 0.08647577003243032
coll_tilt_y = -0.022051037307612778
ech_G = 31.610903429023995
ech_blaze = -74.99557405928061
ech_gamma = 1.1581621935456308
echelle_z = 0.0569178865125559
d_col_trf = -1588.0162383920242
trf_mirror_tilt_x = 0.12249994350950298
trf_mirror_tilt_y = 0.018745863528844664
d_col_grm = 0.015000541504462629
grism_dec_x = 236.3975047842949
grism_dec_y = -0.005070060122711104
grm_tilt_x = -0.024729384038228965
grm_tilt_y = 2.3273978544341483
grm_G = 222.78582332909036
grm_apex = 17.80914199161716
d_grm_cam  = 21.60458966379768
cam_dec_x = -0.28362664478939564
cam_dec_y = 0.2897638095053176
cam_tilt_x = 0.004305743633548529
cam_tilt_y = -0.027799832104661915
d_cam_ff  = -160.56963719160638
ccd_ff_dec_x = -0.022839821124170535
ccd_ff_dec_y = -0.04777327764128406
ccd_ff_tilt_x = 0.1650265678838159
ccd_ff_tilt_y = -0.5895122559998375
ccd_ff_tilt_z = 0.17186441899209673
d_ff_ccd  = -4.785365522144287
ccd_dec_x = 0.5519113824173084
ccd_dec_y = 5.106456913884417
ccd_defocus = 0.3158404532326334
ccd_tilt_x = 0.02143689187619545
ccd_tilt_y = -0.004234748571340556
ccd_tilt_z = 2.584763497847056e-07
p = 1.2744545454545455e-05