slit_dec_x_a = -0.17045574453462584
slit_dec_y_a = -0.1960859059533565
slit_dec_x_b = 0.175
slit_dec_y_b = -2.3970621022521826e-96
slit_defocus = 0.005515952153013315
slit_tilt_x = 1.1861294594580454
slit_tilt_y = -8.540069933648828
slit_tilt_z = -8.99085774640534
d_slit_col = 1594.29445173427
coll_tilt_x = 0.08877385035436405
coll_tilt_y = -0.0316965534948087
ech_G = 31.610677180146904
ech_blaze = -74.97701337285794
ech_gamma = 1.1405869886847428
echelle_z = 0.07521278485857345
d_col_trf = -1588.0185665033055
trf_mirror_tilt_x = 0.1387189357082108
trf_mirror_tilt_y = 0.07757940080027374
d_col_grm = -0.009540557971920495
grism_dec_x = 236.43432023516038
grism_dec_y = 0.034256514139762766
grm_tilt_x = -0.015856057092812178
grm_tilt_y = 2.3043932882987215
grm_G = 222.8252156370028
grm_apex = 17.81511758919088
d_grm_cam  = 21.608481205695384
cam_dec_x = -0.30211953071374975
cam_dec_y = 0.2503608262413715
cam_tilt_x = -0.018092432241107608
cam_tilt_y = -0.014990061711693946
d_cam_ff  = -160.40093676798026
ccd_ff_dec_x = -0.0035707158482234827
ccd_ff_dec_y = 0.0001222362885101389
ccd_ff_tilt_x = 0.14602043502711284
ccd_ff_tilt_y = -0.5720390142732078
ccd_ff_tilt_z = 0.17255733369320164
d_ff_ccd  = -4.811218813045606
ccd_dec_x = 0.6206337279329435
ccd_dec_y = 5.155281667878031
ccd_defocus = 0.31630851253623465
ccd_tilt_x = 0.007821962745543963
ccd_tilt_y = -0.014011723211239441
ccd_tilt_z = 3.2688416567323814e-06
p = 1.2744545454545455e-05