slit_dec_x_a = -0.181778666534
slit_dec_y_a = -0.18243150017
slit_dec_x_b = 0.14512077562974193
slit_dec_y_b = -0.05510809031835813
slit_defocus = -0.013855037599639613
slit_tilt_x = 1.054082749758691
slit_tilt_y = -8.559959085106131
slit_tilt_z = -9.026885774669314
d_slit_col = 1594.2903363394641
coll_tilt_x = 0.12148766761232611
coll_tilt_y = -0.026467023567170848
ech_G = 31.614565655186144
ech_blaze = -74.99488721384697
ech_gamma = 1.1556390154799732
echelle_z = 0.05700482608920246
d_col_trf = -1588.0163608827334
trf_mirror_tilt_x = 0.007263180407322822
trf_mirror_tilt_y = 0.15548258325738026
d_col_grm = 0.035617103873620284
grism_dec_x = 236.38324125717384
grism_dec_y = 0.009269519372220482
grm_tilt_x = -0.023503300315867098
grm_tilt_y = 2.325784841589982
grm_G = 222.78406743482773
grm_apex = 17.76651755308992
d_grm_cam  = 21.60469515938195
cam_dec_x = -0.27115880218933974
cam_dec_y = 0.29083771610300996
cam_tilt_x = 0.012450981246645135
cam_tilt_y = 0.008823048838539394
d_cam_ff  = -160.07719427913878
ccd_ff_dec_x = -0.02380417459760995
ccd_ff_dec_y = 0.04207043763247356
ccd_ff_tilt_x = 0.033491512682236345
ccd_ff_tilt_y = -0.5909818359131105
ccd_ff_tilt_z = 0.1719205038246902
d_ff_ccd  = -4.8159669959660185
ccd_dec_x = 0.5532964249447109
ccd_dec_y = 5.1076301990270405
ccd_defocus = 0.2857461520827105
ccd_tilt_x = 0.0325838339736165
ccd_tilt_y = -0.0021503504989268856
ccd_tilt_z = 4.706908215860282e-06
p = 0.0001