slit_dec_x_a = -0.1704691577347536
slit_dec_y_a = -0.19610981478698117
slit_dec_x_b = 0.175
slit_dec_y_b = -2.024170516480508e-96
slit_defocus = 0.005567092206151341
slit_tilt_x = 1.18612160634904
slit_tilt_y = -8.540023091138208
slit_tilt_z = -8.99086460764966
d_slit_col = 1594.2944335397897
coll_tilt_x = 0.08870907723217526
coll_tilt_y = -0.03176094202781145
ech_G = 31.610687912475107
ech_blaze = -74.97720924828197
ech_gamma = 1.1405332365119687
echelle_z = 0.07491242623377607
d_col_trf = -1588.018555784698
trf_mirror_tilt_x = 0.1387236482471172
trf_mirror_tilt_y = 0.07759506977888346
d_col_grm = -0.009526089819725638
grism_dec_x = 236.43428902323103
grism_dec_y = 0.03423099357246916
grm_tilt_x = -0.015797609012545608
grm_tilt_y = 2.3043755288858163
grm_G = 222.82520540813053
grm_apex = 17.81510763908831
d_grm_cam  = 21.608483671006063
cam_dec_x = -0.30212589575619336
cam_dec_y = 0.2503941292861369
cam_tilt_x = -0.018178410592278035
cam_tilt_y = -0.015032339980388509
d_cam_ff  = -160.4009580892735
ccd_ff_dec_x = -0.0035443296861999624
ccd_ff_dec_y = 0.00014621346859277427
ccd_ff_tilt_x = 0.1459779329233828
ccd_ff_tilt_y = -0.5720600407555494
ccd_ff_tilt_z = 0.17255988970078096
d_ff_ccd  = -4.81122728018807
ccd_dec_x = 0.6206502201264394
ccd_dec_y = 5.155258215106705
ccd_defocus = 0.31631566829183855
ccd_tilt_x = 0.007747359240967097
ccd_tilt_y = -0.014005158696336863
ccd_tilt_z = 3.2243067995515535e-06
p = 4.24375e-06