slit_dec_x_a = -0.181778666534
slit_dec_y_a = -0.18243150017
slit_dec_x_b = 0.14512077562974193
slit_dec_y_b = -0.05510809031835813
slit_defocus = -0.002192089647714378
slit_tilt_x = 1.1347016912930872
slit_tilt_y = -8.568300741318893
slit_tilt_z = -9.003629464099188
d_slit_col = 1594.303918787574
coll_tilt_x = 0.08644119213549871
coll_tilt_y = -0.02204798327877918
ech_G = 31.610889110985894
ech_blaze = -74.99558951396476
ech_gamma = 1.1582089422402533
echelle_z = 0.057089051239234516
d_col_trf = -1588.016258699104
trf_mirror_tilt_x = 0.12250813326747495
trf_mirror_tilt_y = 0.01868842959293213
d_col_grm = 0.014981655093795399
grism_dec_x = 236.3974902546515
grism_dec_y = -0.005057298524841328
grm_tilt_x = -0.024745069537112706
grm_tilt_y = 2.3274428709273507
grm_G = 222.78576122939882
grm_apex = 17.809169690890787
d_grm_cam  = 21.60451587367288
cam_dec_x = -0.2836471656182195
cam_dec_y = 0.2897348882458244
cam_tilt_x = 0.004364124197020123
cam_tilt_y = -0.027793810045932957
d_cam_ff  = -160.56951836522185
ccd_ff_dec_x = -0.023052272126189235
ccd_ff_dec_y = -0.0477843951888013
ccd_ff_tilt_x = 0.16502632946217505
ccd_ff_tilt_y = -0.589651368190632
ccd_ff_tilt_z = 0.17180748260059986
d_ff_ccd  = -4.785360048662198
ccd_dec_x = 0.5519140295755784
ccd_dec_y = 5.106567191070123
ccd_defocus = 0.31584456067657174
ccd_tilt_x = 0.02143124578207702
ccd_tilt_y = -0.004224736137601497
ccd_tilt_z = 3.076467033272231e-07
p = 4.24375e-06