slit_dec_x_a = -0.1704010755187174
slit_dec_y_a = -0.1956586180351446
slit_dec_x_b = 0.175
slit_dec_y_b = -1.8398704512545882e-96
slit_defocus = 0.021311841205109712
slit_tilt_x = 1.114047043489043
slit_tilt_y = -8.538449579153799
slit_tilt_z = -8.991670912226468
d_slit_col = 1594.3099175278833
coll_tilt_x = 0.11322681764237026
coll_tilt_y = -0.028951490940773306
ech_G = 31.613228921082527
ech_blaze = -74.97483558330501
ech_gamma = 1.1389721111247209
echelle_z = 0.07477788941870547
d_col_trf = -1588.017226673611
trf_mirror_tilt_x = 0.02628835200517557
trf_mirror_tilt_y = 0.16225714391087775
d_col_grm = -0.004819818919290011
grism_dec_x = 236.42340789899717
grism_dec_y = 0.038125484211253814
grm_tilt_x = -0.01405573438592331
grm_tilt_y = 2.305270821023457
grm_G = 222.82400990313513
grm_apex = 17.790979434048
d_grm_cam  = 21.609820351335433
cam_dec_x = -0.3095096172684294
cam_dec_y = 0.24734268739850543
cam_tilt_x = -0.011028172112980544
cam_tilt_y = 0.0037803191419684954
d_cam_ff  = -160.05745736677994
ccd_ff_dec_x = -0.0026024006239609714
ccd_ff_dec_y = 0.05306349296604408
ccd_ff_tilt_x = 0.019605008850364623
ccd_ff_tilt_y = -0.572812904765084
ccd_ff_tilt_z = 0.18005691065106216
d_ff_ccd  = -4.838916795022199
ccd_dec_x = 0.6214007802079878
ccd_dec_y = 5.15714675552173
ccd_defocus = 0.2807316288202415
ccd_tilt_x = 0.00498494494500197
ccd_tilt_y = -0.010979381498782921
ccd_tilt_z = 5.029725769330477e-06
p = 0.0001