slit_dec_x_a = -0.181778666534
slit_dec_y_a = -0.18243150017
slit_dec_x_b = 0.14512077562974193
slit_dec_y_b = -0.05510809031835813
slit_defocus = -0.002189477440318047
slit_tilt_x = 1.1347093785198008
slit_tilt_y = -8.5683035754815
slit_tilt_z = -9.003600896634628
d_slit_col = 1594.3039303378264
coll_tilt_x = 0.08646895260687656
coll_tilt_y = -0.022045230144583136
ech_G = 31.6109030105836
ech_blaze = -74.99560297708578
ech_gamma = 1.1582216267059442
echelle_z = 0.05695864761885265
d_col_trf = -1588.01623256971
trf_mirror_tilt_x = 0.12249597541539033
trf_mirror_tilt_y = 0.0186942525303237
d_col_grm = 0.014970950241355814
grism_dec_x = 236.39747747244263
grism_dec_y = -0.0050664251435611025
grm_tilt_x = -0.024817692686997732
grm_tilt_y = 2.327478560498647
grm_G = 222.7857131522273
grm_apex = 17.80916083523726
d_grm_cam  = 21.604530821560967
cam_dec_x = -0.2836470677707457
cam_dec_y = 0.2897479359629347
cam_tilt_x = 0.00433284309255204
cam_tilt_y = -0.027810013709658854
d_cam_ff  = -160.56957182305328
ccd_ff_dec_x = -0.02290394387694628
ccd_ff_dec_y = -0.04778325313927367
ccd_ff_tilt_x = 0.16503536288606518
ccd_ff_tilt_y = -0.5895926396756499
ccd_ff_tilt_z = 0.17168155480710276
d_ff_ccd  = -4.785389256205157
ccd_dec_x = 0.5519443805205658
ccd_dec_y = 5.106571800755622
ccd_defocus = 0.3158441848836435
ccd_tilt_x = 0.021427319630111224
ccd_tilt_y = -0.004218650297596199
ccd_tilt_z = 2.9500276830778696e-07
p = 7.739e-06