slit_dec_x_a = -0.1704618294805225
slit_dec_y_a = -0.1960570129531464
slit_dec_x_b = 0.175
slit_dec_y_b = -2.1039096073757876e-96
slit_defocus = 0.0055216937906750595
slit_tilt_x = 1.1861200117707322
slit_tilt_y = -8.540050641880041
slit_tilt_z = -8.99085827108492
d_slit_col = 1594.2944547996517
coll_tilt_x = 0.0887691302999276
coll_tilt_y = -0.03173101714675875
ech_G = 31.610668894418243
ech_blaze = -74.97704606225624
ech_gamma = 1.140563386144524
echelle_z = 0.07504314948226298
d_col_trf = -1588.0185577942195
trf_mirror_tilt_x = 0.13873038732612666
trf_mirror_tilt_y = 0.07757930990770656
d_col_grm = -0.009518346738533743
grism_dec_x = 236.43429523131684
grism_dec_y = 0.03422470796926599
grm_tilt_x = -0.015716077289868645
grm_tilt_y = 2.3043801308575036
grm_G = 222.8252193075441
grm_apex = 17.815095896247968
d_grm_cam  = 21.608488084751784
cam_dec_x = -0.30209867780278077
cam_dec_y = 0.2503880274124226
cam_tilt_x = -0.018179591185742985
cam_tilt_y = -0.015017103082538431
d_cam_ff  = -160.40093954749597
ccd_ff_dec_x = -0.003557158496105782
ccd_ff_dec_y = 0.00013730617184835376
ccd_ff_tilt_x = 0.14600391727437115
ccd_ff_tilt_y = -0.5720632337880757
ccd_ff_tilt_z = 0.17255319471388342
d_ff_ccd  = -4.811223187618995
ccd_dec_x = 0.6206435399701402
ccd_dec_y = 5.155276769163295
ccd_defocus = 0.3163393676936941
ccd_tilt_x = 0.0077712010747170305
ccd_tilt_y = -0.014003746118875575
ccd_tilt_z = 3.259579691620234e-06
p = 7.739e-06