slit_dec_x_a = -0.1704010755187174
slit_dec_y_a = -0.1956586180351446
slit_dec_x_b = 0.175
slit_dec_y_b = -1.8215518304207318e-96
slit_defocus = 0.021288515584476086
slit_tilt_x = 1.1140128884992326
slit_tilt_y = -8.538437013172238
slit_tilt_z = -8.991617429594658
d_slit_col = 1594.3099729144226
coll_tilt_x = 0.11320747758826853
coll_tilt_y = -0.02888155748404591
ech_G = 31.613231065165763
ech_blaze = -74.97482805174215
ech_gamma = 1.1389718862908405
echelle_z = 0.07476817006739167
d_col_trf = -1588.017235165039
trf_mirror_tilt_x = 0.02632380254322717
trf_mirror_tilt_y = 0.16219359719024917
d_col_grm = -0.004845869451058576
grism_dec_x = 236.4233298086955
grism_dec_y = 0.038147150422592264
grm_tilt_x = -0.014049527758917447
grm_tilt_y = 2.305275250523045
grm_G = 222.82400453120832
grm_apex = 17.791038067894124
d_grm_cam  = 21.609815814467648
cam_dec_x = -0.30960138136980386
cam_dec_y = 0.24730984292194674
cam_tilt_x = -0.011106522195481482
cam_tilt_y = 0.003759721519860108
d_cam_ff  = -160.05742915182987
ccd_ff_dec_x = -0.0025992424585877154
ccd_ff_dec_y = 0.052976605720214724
ccd_ff_tilt_x = 0.01949993569366191
ccd_ff_tilt_y = -0.5728005330443486
ccd_ff_tilt_z = 0.18005598950592533
d_ff_ccd  = -4.838880916450651
ccd_dec_x = 0.6214058829582226
ccd_dec_y = 5.15714091381911
ccd_defocus = 0.2807792052270422
ccd_tilt_x = 0.004975202813218643
ccd_tilt_y = -0.010967702077201089
ccd_tilt_z = 5.0565334895792024e-06
p = 0.0001