slit_dec_x_a = -0.181778666534
slit_dec_y_a = -0.18243150017
slit_dec_x_b = 0.14512077562974193
slit_dec_y_b = -0.05510809031835813
slit_defocus = -0.002222110053063238
slit_tilt_x = 1.1346901574624395
slit_tilt_y = -8.568232893637932
slit_tilt_z = -9.003674141658022
d_slit_col = 1594.3039431934023
coll_tilt_x = 0.0864499366030506
coll_tilt_y = -0.02205099576906582
ech_G = 31.61087909746026
ech_blaze = -74.99553287923212
ech_gamma = 1.1581308635252143
echelle_z = 0.05752734020748177
d_col_trf = -1588.016264322189
trf_mirror_tilt_x = 0.12253834276755157
trf_mirror_tilt_y = 0.018676295115643768
d_col_grm = 0.015059339129985718
grism_dec_x = 236.39747695351713
grism_dec_y = -0.005034986770076615
grm_tilt_x = -0.02473833388329694
grm_tilt_y = 2.3273215915254366
grm_G = 222.78584625633374
grm_apex = 17.80920558161939
d_grm_cam  = 21.604358973160025
cam_dec_x = -0.283584568665223
cam_dec_y = 0.2897590610911074
cam_tilt_x = 0.004338574540953232
cam_tilt_y = -0.02782342649303396
d_cam_ff  = -160.5698202701651
ccd_ff_dec_x = -0.022740539798370606
ccd_ff_dec_y = -0.047792226716769054
ccd_ff_tilt_x = 0.1650183301871924
ccd_ff_tilt_y = -0.5896912454890966
ccd_ff_tilt_z = 0.17172767263808367
d_ff_ccd  = -4.785395893429995
ccd_dec_x = 0.5519511975790096
ccd_dec_y = 5.10607036819304
ccd_defocus = 0.3157510173108413
ccd_tilt_x = 0.021351107630727527
ccd_tilt_y = -0.004223061571752644
ccd_tilt_z = 3.8547987500388963e-07
p = 2.1999999999999996e-05