slit_dec_x_a = -0.17039560815793914
slit_dec_y_a = -0.1959935711829826
slit_dec_x_b = 0.175
slit_dec_y_b = -1.6283109288453428e-96
slit_defocus = 0.005574417509811838
slit_tilt_x = 1.18617096876508
slit_tilt_y = -8.540017297347992
slit_tilt_z = -8.990842077804505
d_slit_col = 1594.2944581901427
coll_tilt_x = 0.08881883198616644
coll_tilt_y = -0.031818852587394655
ech_G = 31.610671518393985
ech_blaze = -74.9768718293543
ech_gamma = 1.1404245893434424
echelle_z = 0.07485927745999821
d_col_trf = -1588.0185230125517
trf_mirror_tilt_x = 0.1386732091073596
trf_mirror_tilt_y = 0.07753913905584754
d_col_grm = -0.00952491362741971
grism_dec_x = 236.4343286908255
grism_dec_y = 0.03418077454814583
grm_tilt_x = -0.015745237130528122
grm_tilt_y = 2.3043654792401154
grm_G = 222.82517806939177
grm_apex = 17.815144862857355
d_grm_cam  = 21.608474162665487
cam_dec_x = -0.30212157226001746
cam_dec_y = 0.25032352293666876
cam_tilt_x = -0.018479234208224265
cam_tilt_y = -0.015057813942916333
d_cam_ff  = -160.40093899974678
ccd_ff_dec_x = -0.00352432555854455
ccd_ff_dec_y = 0.00021352308161499858
ccd_ff_tilt_x = 0.14602949648431382
ccd_ff_tilt_y = -0.5720416497477339
ccd_ff_tilt_z = 0.17258951282070872
d_ff_ccd  = -4.811268201102429
ccd_dec_x = 0.6206956075055012
ccd_dec_y = 5.155321571401383
ccd_defocus = 0.3163241988875731
ccd_tilt_x = 0.007706678031219636
ccd_tilt_y = -0.014091169363618006
ccd_tilt_z = 3.1399529346448646e-06
p = 2.1999999999999996e-05