slit_dec_x_a = -0.181778666534
slit_dec_y_a = -0.18243150017
slit_dec_x_b = 0.14512077562974193
slit_dec_y_b = -0.05510809031835813
slit_defocus = -0.013809446267100579
slit_tilt_x = 1.0540892478813115
slit_tilt_y = -8.559970782445884
slit_tilt_z = -9.026921458386827
d_slit_col = 1594.2902614144075
coll_tilt_x = 0.12142029787024108
coll_tilt_y = -0.026466262136273812
ech_G = 31.6145641788824
ech_blaze = -74.99489243527907
ech_gamma = 1.155643327482717
echelle_z = 0.056999712861777005
d_col_trf = -1588.0163639850507
trf_mirror_tilt_x = 0.007260522820254921
trf_mirror_tilt_y = 0.155445443989331
d_col_grm = 0.035614544586551375
grism_dec_x = 236.3832456865425
grism_dec_y = 0.009221894513608726
grm_tilt_x = -0.023509368093248956
grm_tilt_y = 2.325792398865595
grm_G = 222.78407040115036
grm_apex = 17.766503733890726
d_grm_cam  = 21.60470096928906
cam_dec_x = -0.2711844766793378
cam_dec_y = 0.29092612477533975
cam_tilt_x = 0.012462873012981443
cam_tilt_y = 0.008845815682759313
d_cam_ff  = -160.0772910679937
ccd_ff_dec_x = -0.02380410724889379
ccd_ff_dec_y = 0.04200847675068264
ccd_ff_tilt_x = 0.03350429924649134
ccd_ff_tilt_y = -0.5909782373968715
ccd_ff_tilt_z = 0.17191222546129858
d_ff_ccd  = -4.816038878296941
ccd_dec_x = 0.5533030640053936
ccd_dec_y = 5.107632569315756
ccd_defocus = 0.28577747077376364
ccd_tilt_x = 0.03255638022657562
ccd_tilt_y = -0.002267453929979119
ccd_tilt_z = 4.691112593475615e-06
p = 0.0001