slit_dec_x_a = -0.1704010755187174
slit_dec_y_a = -0.1956586180351446
slit_dec_x_b = 0.175
slit_dec_y_b = -1.8732082521731266e-96
slit_defocus = 0.02133325465396052
slit_tilt_x = 1.1139811549545726
slit_tilt_y = -8.538422717455656
slit_tilt_z = -8.991692978774173
d_slit_col = 1594.3099759302459
coll_tilt_x = 0.1131413660795823
coll_tilt_y = -0.028942011987007618
ech_G = 31.613228761010323
ech_blaze = -74.97483254008888
ech_gamma = 1.1389734566071374
echelle_z = 0.0747793353065986
d_col_trf = -1588.0172304688288
trf_mirror_tilt_x = 0.026346060552594527
trf_mirror_tilt_y = 0.162288652427098
d_col_grm = -0.004907041268248161
grism_dec_x = 236.4233240361553
grism_dec_y = 0.03814248270553309
grm_tilt_x = -0.014057591024016262
grm_tilt_y = 2.3052739176859522
grm_G = 222.82401119826204
grm_apex = 17.7910799033047
d_grm_cam  = 21.60982092027377
cam_dec_x = -0.3095826826090952
cam_dec_y = 0.247245147816239
cam_tilt_x = -0.011095255556013796
cam_tilt_y = 0.0038459151279336646
d_cam_ff  = -160.05758986532945
ccd_ff_dec_x = -0.0026067803188757795
ccd_ff_dec_y = 0.05304537003966471
ccd_ff_tilt_x = 0.01951990197881617
ccd_ff_tilt_y = -0.5728073251899726
ccd_ff_tilt_z = 0.18004770598847164
d_ff_ccd  = -4.838899937561147
ccd_dec_x = 0.6214117020839853
ccd_dec_y = 5.157151678424312
ccd_defocus = 0.2807530665527489
ccd_tilt_x = 0.005062152829400296
ccd_tilt_y = -0.010904908343736499
ccd_tilt_z = 5.068984210240174e-06
p = 0.0001