slit_dec_x_a = -0.181778666534
slit_dec_y_a = -0.18243150017
slit_dec_x_b = 0.14512077562974193
slit_dec_y_b = -0.05510809031835813
slit_defocus = -0.002203484024897785
slit_tilt_x = 1.1347053067276407
slit_tilt_y = -8.568280094992794
slit_tilt_z = -9.003629566313599
d_slit_col = 1594.3039360915263
coll_tilt_x = 0.0864079026933676
coll_tilt_y = -0.022041093968356663
ech_G = 31.610898362827843
ech_blaze = -74.99562313243737
ech_gamma = 1.1581840509988324
echelle_z = 0.05728018450112062
d_col_trf = -1588.0162672464962
trf_mirror_tilt_x = 0.1225295778264265
trf_mirror_tilt_y = 0.018663440492037314
d_col_grm = 0.015017523348306435
grism_dec_x = 236.39747229172713
grism_dec_y = -0.005018910240409228
grm_tilt_x = -0.024740957848545023
grm_tilt_y = 2.3274228109368127
grm_G = 222.7857471386175
grm_apex = 17.80915395787794
d_grm_cam  = 21.604360581558517
cam_dec_x = -0.2836057901857442
cam_dec_y = 0.2897132200026667
cam_tilt_x = 0.004320573597327389
cam_tilt_y = -0.02777303864086875
d_cam_ff  = -160.56960295471984
ccd_ff_dec_x = -0.022767438274364542
ccd_ff_dec_y = -0.04780584901564272
ccd_ff_tilt_x = 0.16503323703090614
ccd_ff_tilt_y = -0.5896870505170696
ccd_ff_tilt_z = 0.17181504015816398
d_ff_ccd  = -4.785385244742344
ccd_dec_x = 0.5519834260223848
ccd_dec_y = 5.106355658958708
ccd_defocus = 0.31579046702998986
ccd_tilt_x = 0.021381813332300055
ccd_tilt_y = -0.0042001108826820914
ccd_tilt_z = 3.1941717772533725e-07
p = 1.1333636363636365e-05