slit_dec_x_a = -0.1704010755187174
slit_dec_y_a = -0.1956586180351446
slit_dec_x_b = 0.175
slit_dec_y_b = -1.7988466134751542e-96
slit_defocus = 0.021409248693354345
slit_tilt_x = 1.1139962264114285
slit_tilt_y = -8.538413508635099
slit_tilt_z = -8.991633523226918
d_slit_col = 1594.310048126575
coll_tilt_x = 0.11326629204677928
coll_tilt_y = -0.028937256526273183
ech_G = 31.613231313493344
ech_blaze = -74.97483006212055
ech_gamma = 1.1389795085390082
echelle_z = 0.07477128453140314
d_col_trf = -1588.0172345101396
trf_mirror_tilt_x = 0.02630547734853991
trf_mirror_tilt_y = 0.16227626020371863
d_col_grm = -0.004760379248942205
grism_dec_x = 236.4232994504394
grism_dec_y = 0.03817633693908337
grm_tilt_x = -0.014053690199277321
grm_tilt_y = 2.305276426834269
grm_G = 222.8240049283837
grm_apex = 17.791026014342297
d_grm_cam  = 21.609816070404563
cam_dec_x = -0.3095185508579364
cam_dec_y = 0.24726504865131949
cam_tilt_x = -0.011043714294770279
cam_tilt_y = 0.0037244494219877775
d_cam_ff  = -160.05759686265705
ccd_ff_dec_x = -0.002601838794975
ccd_ff_dec_y = 0.05307978238250281
ccd_ff_tilt_x = 0.019574196401644726
ccd_ff_tilt_y = -0.5728010177044155
ccd_ff_tilt_z = 0.18004647957956932
d_ff_ccd  = -4.838997038438861
ccd_dec_x = 0.621401029657154
ccd_dec_y = 5.157144874237995
ccd_defocus = 0.28073691117504407
ccd_tilt_x = 0.005016416780512629
ccd_tilt_y = -0.010941652239100345
ccd_tilt_z = 5.061292116320826e-06
p = 0.0001