slit_dec_x_a = -0.181778666534
slit_dec_y_a = -0.18243150017
slit_dec_x_b = 0.14512077562974193
slit_dec_y_b = -0.05510809031835813
slit_defocus = -0.002221008176520798
slit_tilt_x = 1.1346674797374612
slit_tilt_y = -8.568244617053379
slit_tilt_z = -9.003637626450352
d_slit_col = 1594.3039595344385
coll_tilt_x = 0.08648190444570147
coll_tilt_y = -0.02199629018673433
ech_G = 31.610891069341136
ech_blaze = -74.99551720172983
ech_gamma = 1.1581639353575859
echelle_z = 0.05760337198787858
d_col_trf = -1588.0162066485939
trf_mirror_tilt_x = 0.12254705091755579
trf_mirror_tilt_y = 0.01863658095238997
d_col_grm = 0.015085465375146507
grism_dec_x = 236.39743528966224
grism_dec_y = -0.005026479913329348
grm_tilt_x = -0.024873050759983542
grm_tilt_y = 2.3273049751368498
grm_G = 222.78566150509192
grm_apex = 17.80921985999767
d_grm_cam  = 21.604526367981162
cam_dec_x = -0.2835497085816324
cam_dec_y = 0.2897216067918071
cam_tilt_x = 0.004317468718763957
cam_tilt_y = -0.027814726822883076
d_cam_ff  = -160.5699281044271
ccd_ff_dec_x = -0.022769231567747576
ccd_ff_dec_y = -0.04779756627178903
ccd_ff_tilt_x = 0.16503152877096183
ccd_ff_tilt_y = -0.5896244590714259
ccd_ff_tilt_z = 0.1717333080659359
d_ff_ccd  = -4.785416971318524
ccd_dec_x = 0.551800443270265
ccd_dec_y = 5.106127700065948
ccd_defocus = 0.31574190621409026
ccd_tilt_x = 0.02133653645928594
ccd_tilt_y = -0.004205056326086258
ccd_tilt_z = 3.676398967424395e-07
p = 1.0715833333333335e-05