slit_dec_x_a = -0.17041331166273616
slit_dec_y_a = -0.1960740361883666
slit_dec_x_b = 0.175
slit_dec_y_b = -1.4935085619090634e-96
slit_defocus = 0.005579168475518964
slit_tilt_x = 1.1861425840436817
slit_tilt_y = -8.540053775071723
slit_tilt_z = -8.990855889257235
d_slit_col = 1594.2944866478217
coll_tilt_x = 0.08873324943474639
coll_tilt_y = -0.031846244627792
ech_G = 31.610656852947223
ech_blaze = -74.97681576482422
ech_gamma = 1.1403794732179595
echelle_z = 0.07479370212858306
d_col_trf = -1588.0185409974395
trf_mirror_tilt_x = 0.13866319935990581
trf_mirror_tilt_y = 0.07752218145912643
d_col_grm = -0.009543643794329853
grism_dec_x = 236.4343069612787
grism_dec_y = 0.03416984235828813
grm_tilt_x = -0.01588527573112119
grm_tilt_y = 2.304379717265253
grm_G = 222.82517085985037
grm_apex = 17.8151252714107
d_grm_cam  = 21.60848418197515
cam_dec_x = -0.30211934223567977
cam_dec_y = 0.250311631843565
cam_tilt_x = -0.018464565268660256
cam_tilt_y = -0.015088803638271918
d_cam_ff  = -160.40097485439966
ccd_ff_dec_x = -0.0035302716584310295
ccd_ff_dec_y = 0.0002557173232652418
ccd_ff_tilt_x = 0.14605063346430674
ccd_ff_tilt_y = -0.5720754583868923
ccd_ff_tilt_z = 0.17257124488444542
d_ff_ccd  = -4.811307620918767
ccd_dec_x = 0.6206635401526648
ccd_dec_y = 5.15529535303463
ccd_defocus = 0.3162823043259748
ccd_tilt_x = 0.007724260948939729
ccd_tilt_y = -0.014133183669003959
ccd_tilt_z = 3.1422056965455325e-06
p = 1.0715833333333335e-05