slit_dec_x_a = -0.17040838693414012
slit_dec_y_a = -0.19582934878844252
slit_dec_x_b = 0.175
slit_dec_y_b = -2.5480952118953403e-96
slit_defocus = 0.005513908799064078
slit_tilt_x = 1.1861164992226678
slit_tilt_y = -8.540108436794378
slit_tilt_z = -8.990826087980373
d_slit_col = 1594.294444351361
coll_tilt_x = 0.088539704563316
coll_tilt_y = -0.03181846342689334
ech_G = 31.61065630647239
ech_blaze = -74.9770621202864
ech_gamma = 1.1403894378892878
echelle_z = 0.07539237817742002
d_col_trf = -1588.0185983038714
trf_mirror_tilt_x = 0.1386610496850008
trf_mirror_tilt_y = 0.07753227640828662
d_col_grm = -0.009531086649563302
grism_dec_x = 236.43432165295027
grism_dec_y = 0.03423889426425073
grm_tilt_x = -0.015854225158216526
grm_tilt_y = 2.3043463821969885
grm_G = 222.82518548718036
grm_apex = 17.81513298665921
d_grm_cam  = 21.608493136838334
cam_dec_x = -0.30211151275360715
cam_dec_y = 0.2503445000819999
cam_tilt_x = -0.01821646359145064
cam_tilt_y = -0.015022401865158654
d_cam_ff  = -160.4009572068797
ccd_ff_dec_x = -0.003541282554575184
ccd_ff_dec_y = 0.00018987132981025814
ccd_ff_tilt_x = 0.14601454386453463
ccd_ff_tilt_y = -0.5720135284431433
ccd_ff_tilt_z = 0.17257114309518923
d_ff_ccd  = -4.811214402266592
ccd_dec_x = 0.6206421583968362
ccd_dec_y = 5.155284715199457
ccd_defocus = 0.3163074395205789
ccd_tilt_x = 0.0077906632218321835
ccd_tilt_y = -0.014015955277924253
ccd_tilt_z = 3.254109213882614e-06
p = 1.0880833333333334e-05