slit_dec_x_a = -0.181778666534
slit_dec_y_a = -0.18243150017
slit_dec_x_b = 0.14512077562974193
slit_dec_y_b = -0.05510809031835813
slit_defocus = -0.0021993113791814907
slit_tilt_x = 1.1346737056605116
slit_tilt_y = -8.5683704076207
slit_tilt_z = -9.003582893294586
d_slit_col = 1594.3039881652903
coll_tilt_x = 0.08647611461058377
coll_tilt_y = -0.02207240899643219
ech_G = 31.61090596842506
ech_blaze = -74.99561147803789
ech_gamma = 1.1580944677568423
echelle_z = 0.05675029241798798
d_col_trf = -1588.0163313332346
trf_mirror_tilt_x = 0.12249822662759467
trf_mirror_tilt_y = 0.018707041993077746
d_col_grm = 0.014966818888641435
grism_dec_x = 236.39746583143312
grism_dec_y = -0.005066875698905121
grm_tilt_x = -0.024677852838756672
grm_tilt_y = 2.327311754452122
grm_G = 222.78568207628854
grm_apex = 17.809087523379727
d_grm_cam  = 21.604813754919274
cam_dec_x = -0.2836313700095476
cam_dec_y = 0.28976203360407554
cam_tilt_x = 0.00433159067537336
cam_tilt_y = -0.027786086397721316
d_cam_ff  = -160.569476926181
ccd_ff_dec_x = -0.022861896410614275
ccd_ff_dec_y = -0.04776051427629108
ccd_ff_tilt_x = 0.16504297948808555
ccd_ff_tilt_y = -0.5894283620580728
ccd_ff_tilt_z = 0.17186922318946368
d_ff_ccd  = -4.785382968577115
ccd_dec_x = 0.5518564985924128
ccd_dec_y = 5.106386315624823
ccd_defocus = 0.3158445586306521
ccd_tilt_x = 0.021394984873672238
ccd_tilt_y = -0.004227101501042721
ccd_tilt_z = 2.1403332208669967e-07
p = 1.0880833333333334e-05