slit_dec_x_a = -0.181778666534
slit_dec_y_a = -0.18243150017
slit_dec_x_b = 0.14512077562974193
slit_dec_y_b = -0.05510809031835813
slit_defocus = -0.0022238884533843394
slit_tilt_x = 1.1346881057277602
slit_tilt_y = -8.568373404273617
slit_tilt_z = -9.003580294613121
d_slit_col = 1594.3039566187495
coll_tilt_x = 0.08647967350759822
coll_tilt_y = -0.02205008304539729
ech_G = 31.610936762640886
ech_blaze = -74.9958013207568
ech_gamma = 1.1582235741302978
echelle_z = 0.05668536182329146
d_col_trf = -1588.0162568855467
trf_mirror_tilt_x = 0.1224851351624812
trf_mirror_tilt_y = 0.018708243517933005
d_col_grm = 0.014942166495602205
grism_dec_x = 236.3974866810857
grism_dec_y = -0.005067640329623015
grm_tilt_x = -0.02479227784500901
grm_tilt_y = 2.327352164099926
grm_G = 222.7859437157432
grm_apex = 17.809072461584655
d_grm_cam  = 21.60492661096757
cam_dec_x = -0.28363475485551953
cam_dec_y = 0.2897571749424065
cam_tilt_x = 0.004347941934089627
cam_tilt_y = -0.027761750488167244
d_cam_ff  = -160.56960039416256
ccd_ff_dec_x = -0.02276418197485144
ccd_ff_dec_y = -0.04779088832626898
ccd_ff_tilt_x = 0.1650261973271712
ccd_ff_tilt_y = -0.5893712162459486
ccd_ff_tilt_z = 0.17185723235095762
d_ff_ccd  = -4.785411472977684
ccd_dec_x = 0.5519276301086318
ccd_dec_y = 5.106349805800513
ccd_defocus = 0.3158549472444812
ccd_tilt_x = 0.02137465821689614
ccd_tilt_y = -0.004191790668081487
ccd_tilt_z = 2.5452428266035446e-07
p = 2.006333333333333e-06