slit_dec_x_a = -0.181778666534
slit_dec_y_a = -0.18243150017
slit_dec_x_b = 0.14512077562974193
slit_dec_y_b = -0.05510809031835813
slit_defocus = -0.013836965473446379
slit_tilt_x = 1.0541273704412524
slit_tilt_y = -8.559968327899666
slit_tilt_z = -9.026876645583313
d_slit_col = 1594.2903405735346
coll_tilt_x = 0.12146312099438447
coll_tilt_y = -0.02654253064973622
ech_G = 31.614561193514035
ech_blaze = -74.99489125758213
ech_gamma = 1.155644104550657
echelle_z = 0.057001269096069396
d_col_trf = -1588.016363908471
trf_mirror_tilt_x = 0.007286167021044453
trf_mirror_tilt_y = 0.15546460843901538
d_col_grm = 0.03565997843430941
grism_dec_x = 236.383209074428
grism_dec_y = 0.00925416831829559
grm_tilt_x = -0.02351125899208733
grm_tilt_y = 2.32578001211776
grm_G = 222.78407418942322
grm_apex = 17.766538135305748
d_grm_cam  = 21.604696932849453
cam_dec_x = -0.2710888881444945
cam_dec_y = 0.2908950108988094
cam_tilt_x = 0.012459154055441067
cam_tilt_y = 0.008852217119609478
d_cam_ff  = -160.07700902339022
ccd_ff_dec_x = -0.02380351838050528
ccd_ff_dec_y = 0.04207013365219423
ccd_ff_tilt_x = 0.033536467419257275
ccd_ff_tilt_y = -0.5909856420860891
ccd_ff_tilt_z = 0.17191859646036003
d_ff_ccd  = -4.815977651381043
ccd_dec_x = 0.5532954844058455
ccd_dec_y = 5.107629748349407
ccd_defocus = 0.28579465264003123
ccd_tilt_x = 0.03260352089263503
ccd_tilt_y = -0.002175786957159495
ccd_tilt_z = 4.673984416772929e-06
p = 0.0001