slit_dec_x_a = -0.181778666534
slit_dec_y_a = -0.18243150017
slit_dec_x_b = 0.14512077562974193
slit_dec_y_b = -0.05510809031835813
slit_defocus = -0.002201265279504704
slit_tilt_x = 1.1346892284148242
slit_tilt_y = -8.568236580750902
slit_tilt_z = -9.00366771245004
d_slit_col = 1594.3039566990194
coll_tilt_x = 0.08643757950098406
coll_tilt_y = -0.022036111591729902
ech_G = 31.610878796352633
ech_blaze = -74.99553073151074
ech_gamma = 1.1581601455623005
echelle_z = 0.057524641307429146
d_col_trf = -1588.016288366816
trf_mirror_tilt_x = 0.12254555369979611
trf_mirror_tilt_y = 0.018674898057567155
d_col_grm = 0.015056604802483558
grism_dec_x = 236.397474254541
grism_dec_y = -0.0050308506596013335
grm_tilt_x = -0.02472136825656592
grm_tilt_y = 2.3273596817692526
grm_G = 222.78573640875567
grm_apex = 17.809212990502235
d_grm_cam  = 21.604376647689733
cam_dec_x = -0.28357547984960857
cam_dec_y = 0.28976075574438076
cam_tilt_x = 0.004336462756193171
cam_tilt_y = -0.027815763080700297
d_cam_ff  = -160.5698110171673
ccd_ff_dec_x = -0.0227261790742327
ccd_ff_dec_y = -0.0477941247214097
ccd_ff_tilt_x = 0.16502503019489034
ccd_ff_tilt_y = -0.5896928822369975
ccd_ff_tilt_z = 0.17170475211201486
d_ff_ccd  = -4.785401425146818
ccd_dec_x = 0.5518970375062248
ccd_dec_y = 5.1061569710848005
ccd_defocus = 0.3157503791163403
ccd_tilt_x = 0.021325606211724298
ccd_tilt_y = -0.00422027449166547
ccd_tilt_z = 3.9775949995311685e-07
p = 1.8915e-05