slit_dec_x_a = -0.1703930298098475
slit_dec_y_a = -0.1959452202297674
slit_dec_x_b = 0.175
slit_dec_y_b = -1.5426234691929963e-96
slit_defocus = 0.005590186314987876
slit_tilt_x = 1.1861755198314199
slit_tilt_y = -8.540031912631365
slit_tilt_z = -8.990845727424276
d_slit_col = 1594.2944581053503
coll_tilt_x = 0.08878290853556713
coll_tilt_y = -0.03184336139608381
ech_G = 31.610669631353886
ech_blaze = -74.97686360370044
ech_gamma = 1.1404009336444598
echelle_z = 0.0747639432582354
d_col_trf = -1588.0185363705755
trf_mirror_tilt_x = 0.13867098959977267
trf_mirror_tilt_y = 0.07752554438709927
d_col_grm = -0.009533113381521813
grism_dec_x = 236.43432267949467
grism_dec_y = 0.03416261446121611
grm_tilt_x = -0.01583745759747377
grm_tilt_y = 2.3043487881360796
grm_G = 222.82517888269192
grm_apex = 17.815128003845416
d_grm_cam  = 21.6084854113452
cam_dec_x = -0.3021222143265093
cam_dec_y = 0.2503202345980915
cam_tilt_x = -0.018438535376686317
cam_tilt_y = -0.015054459753317078
d_cam_ff  = -160.40093366468182
ccd_ff_dec_x = -0.0035375082364198325
ccd_ff_dec_y = 0.0002333229247409326
ccd_ff_tilt_x = 0.14602821391089213
ccd_ff_tilt_y = -0.5720721248304211
ccd_ff_tilt_z = 0.17256800322707544
d_ff_ccd  = -4.811253269488646
ccd_dec_x = 0.6206837282891986
ccd_dec_y = 5.155322246607586
ccd_defocus = 0.3163247195838552
ccd_tilt_x = 0.0077026598042738295
ccd_tilt_y = -0.014098483735795411
ccd_tilt_z = 3.1410980103696177e-06
p = 1.8915e-05