slit_dec_x_a = -0.1704010755187174
slit_dec_y_a = -0.1956586180351446
slit_dec_x_b = 0.175
slit_dec_y_b = -1.8655949635933645e-96
slit_defocus = 0.02138489025745125
slit_tilt_x = 1.1139913352734252
slit_tilt_y = -8.538422711341514
slit_tilt_z = -8.991655878946327
d_slit_col = 1594.3098882318773
coll_tilt_x = 0.1132181016523929
coll_tilt_y = -0.02887340885400091
ech_G = 31.61322811155481
ech_blaze = -74.97483129340988
ech_gamma = 1.1389798333845422
echelle_z = 0.07477202948717412
d_col_trf = -1588.0172287067794
trf_mirror_tilt_x = 0.02632822678134131
trf_mirror_tilt_y = 0.16223878680246392
d_col_grm = -0.004837850835805918
grism_dec_x = 236.4232529277553
grism_dec_y = 0.038205494322985145
grm_tilt_x = -0.014047201500750107
grm_tilt_y = 2.305279745069779
grm_G = 222.8240052755973
grm_apex = 17.79098710515079
d_grm_cam  = 21.609811227420128
cam_dec_x = -0.30951852374262495
cam_dec_y = 0.2472532431310103
cam_tilt_x = -0.011079521881529556
cam_tilt_y = 0.0038050580355561267
d_cam_ff  = -160.05723399572486
ccd_ff_dec_x = -0.0025967913474674374
ccd_ff_dec_y = 0.053058126232276785
ccd_ff_tilt_x = 0.019526886087275066
ccd_ff_tilt_y = -0.5728101574870426
ccd_ff_tilt_z = 0.18004733778397441
d_ff_ccd  = -4.838946388596709
ccd_dec_x = 0.6214049718181518
ccd_dec_y = 5.15715102662241
ccd_defocus = 0.2806641927310755
ccd_tilt_x = 0.005012658237053424
ccd_tilt_y = -0.010872704345879645
ccd_tilt_z = 4.985687942060565e-06
p = 0.0001