slit_dec_x_a = -0.17041176524303417
slit_dec_y_a = -0.19590758669730943
slit_dec_x_b = 0.175
slit_dec_y_b = -1.8023058419268355e-96
slit_defocus = 0.005595430633285415
slit_tilt_x = 1.186126781080533
slit_tilt_y = -8.540004161305434
slit_tilt_z = -8.990849850576861
d_slit_col = 1594.2944841001752
coll_tilt_x = 0.08869398116038849
coll_tilt_y = -0.03199986335513366
ech_G = 31.61064612819281
ech_blaze = -74.97677284464824
ech_gamma = 1.140240616155248
echelle_z = 0.07487577967977385
d_col_trf = -1588.018518733028
trf_mirror_tilt_x = 0.13870262118211096
trf_mirror_tilt_y = 0.07753582082897297
d_col_grm = -0.00953063842684232
grism_dec_x = 236.43436009446916
grism_dec_y = 0.03415836552206352
grm_tilt_x = -0.015909532862710057
grm_tilt_y = 2.304383194581814
grm_G = 222.825194344252
grm_apex = 17.815101684196577
d_grm_cam  = 21.60850423141392
cam_dec_x = -0.3021047528519477
cam_dec_y = 0.25033327825291546
cam_tilt_x = -0.018510943461155553
cam_tilt_y = -0.015112006701453302
d_cam_ff  = -160.4009587291887
ccd_ff_dec_x = -0.0035053212587579357
ccd_ff_dec_y = 0.00026035568557358416
ccd_ff_tilt_x = 0.1460426567779103
ccd_ff_tilt_y = -0.5720651967294897
ccd_ff_tilt_z = 0.17259951622969175
d_ff_ccd  = -4.81130825112806
ccd_dec_x = 0.6206960692878124
ccd_dec_y = 5.1552891010125945
ccd_defocus = 0.3162791505100948
ccd_tilt_x = 0.007752415463514739
ccd_tilt_y = -0.014114949381867362
ccd_tilt_z = 3.119369647636901e-06
p = 5.9090000000000005e-06