slit_dec_x_a = -0.181778666534
slit_dec_y_a = -0.18243150017
slit_dec_x_b = 0.14512077562974193
slit_dec_y_b = -0.05510809031835813
slit_defocus = -0.00219361461616195
slit_tilt_x = 1.1346638690832227
slit_tilt_y = -8.568223123908668
slit_tilt_z = -9.003622383312608
d_slit_col = 1594.3039474431578
coll_tilt_x = 0.0864704494547885
coll_tilt_y = -0.02196312583122609
ech_G = 31.61090422552013
ech_blaze = -74.9956140543931
ech_gamma = 1.1580764598178366
echelle_z = 0.057533742145067006
d_col_trf = -1588.0161597476842
trf_mirror_tilt_x = 0.12251067598549083
trf_mirror_tilt_y = 0.018627023751348344
d_col_grm = 0.015102853018712895
grism_dec_x = 236.3974257449483
grism_dec_y = -0.005020033325503102
grm_tilt_x = -0.024833145779196774
grm_tilt_y = 2.3270273995570983
grm_G = 222.7857223304535
grm_apex = 17.809205432297045
d_grm_cam  = 21.604599657747524
cam_dec_x = -0.28358685149840035
cam_dec_y = 0.28968634400445076
cam_tilt_x = 0.004282337937734915
cam_tilt_y = -0.02779033162171488
d_cam_ff  = -160.5696589477996
ccd_ff_dec_x = -0.022892325295878174
ccd_ff_dec_y = -0.047772711711444364
ccd_ff_tilt_x = 0.16504741362897674
ccd_ff_tilt_y = -0.5896191974710998
ccd_ff_tilt_z = 0.17173593851637117
d_ff_ccd  = -4.78541515110573
ccd_dec_x = 0.5519677817912293
ccd_dec_y = 5.106121988323827
ccd_defocus = 0.3157625526779803
ccd_tilt_x = 0.02132266514692126
ccd_tilt_y = -0.004213126524046102
ccd_tilt_z = 3.2306366267729785e-07
p = 5.9090000000000005e-06