slit_dec_x_a = -0.1704010755187174
slit_dec_y_a = -0.1956586180351446
slit_dec_x_b = 0.175
slit_dec_y_b = -1.8058350324362926e-96
slit_defocus = 0.021387470440579884
slit_tilt_x = 1.113987682738153
slit_tilt_y = -8.538354468285922
slit_tilt_z = -8.991651435267823
d_slit_col = 1594.3099771387479
coll_tilt_x = 0.11324926481783959
coll_tilt_y = -0.02889699524675364
ech_G = 31.61323210004317
ech_blaze = -74.97483392130403
ech_gamma = 1.1389723898218351
echelle_z = 0.07477203409335531
d_col_trf = -1588.0172342906628
trf_mirror_tilt_x = 0.026315599909741978
trf_mirror_tilt_y = 0.1622394340435089
d_col_grm = -0.004828744927906752
grism_dec_x = 236.42337375751075
grism_dec_y = 0.03820968469112672
grm_tilt_x = -0.014049972494678709
grm_tilt_y = 2.3052733419339573
grm_G = 222.82400587881042
grm_apex = 17.791093709048322
d_grm_cam  = 21.609822002856937
cam_dec_x = -0.3095853150743514
cam_dec_y = 0.24727640365104625
cam_tilt_x = -0.010991532649364512
cam_tilt_y = 0.0037607036773788546
d_cam_ff  = -160.05740456637815
ccd_ff_dec_x = -0.002597716356189943
ccd_ff_dec_y = 0.052986944498781434
ccd_ff_tilt_x = 0.019534246244104814
ccd_ff_tilt_y = -0.5728009602493023
ccd_ff_tilt_z = 0.1800551146869194
d_ff_ccd  = -4.8389572226266955
ccd_dec_x = 0.6214097983386765
ccd_dec_y = 5.157153771814293
ccd_defocus = 0.28071465865543005
ccd_tilt_x = 0.0050380147845130755
ccd_tilt_y = -0.010986315308176507
ccd_tilt_z = 5.114937224946563e-06
p = 0.0001