slit_dec_x_a = -0.17045890679306955
slit_dec_y_a = -0.19609138324991246
slit_dec_x_b = 0.175
slit_dec_y_b = -1.8145197435718635e-96
slit_defocus = 0.005564986816332344
slit_tilt_x = 1.186148394765991
slit_tilt_y = -8.54001395168871
slit_tilt_z = -8.990855050955249
d_slit_col = 1594.2944157420245
coll_tilt_x = 0.08882795551200873
coll_tilt_y = -0.031748181383803406
ech_G = 31.61069992929205
ech_blaze = -74.97716362520192
ech_gamma = 1.1405099198248654
echelle_z = 0.07496499745285343
d_col_trf = -1588.0185509904238
trf_mirror_tilt_x = 0.13870657326008662
trf_mirror_tilt_y = 0.07757968830000482
d_col_grm = -0.009526105324375228
grism_dec_x = 236.43429388710194
grism_dec_y = 0.0342479410667499
grm_tilt_x = -0.01573268691824228
grm_tilt_y = 2.304376773239458
grm_G = 222.8251774397625
grm_apex = 17.81511859375102
d_grm_cam  = 21.608479252791774
cam_dec_x = -0.30211542876843195
cam_dec_y = 0.2503748245880987
cam_tilt_x = -0.018241545281674407
cam_tilt_y = -0.01503407098187963
d_cam_ff  = -160.40095073497324
ccd_ff_dec_x = -0.0035388411566659294
ccd_ff_dec_y = 0.00014430237487918245
ccd_ff_tilt_x = 0.14599096779130138
ccd_ff_tilt_y = -0.5720771841554766
ccd_ff_tilt_z = 0.17254961879538927
d_ff_ccd  = -4.811227432951464
ccd_dec_x = 0.6206560268096648
ccd_dec_y = 5.155254841501222
ccd_defocus = 0.31631906864743875
ccd_tilt_x = 0.007753444075576671
ccd_tilt_y = -0.01400772698470705
ccd_tilt_z = 3.1825408411043755e-06
p = 3.309e-06