slit_dec_x_a = -0.181778666534
slit_dec_y_a = -0.18243150017
slit_dec_x_b = 0.14512077562974193
slit_dec_y_b = -0.05510809031835813
slit_defocus = -0.0021919294541740617
slit_tilt_x = 1.1347030939672302
slit_tilt_y = -8.568295028853651
slit_tilt_z = -9.003626947111943
d_slit_col = 1594.3039165100124
coll_tilt_x = 0.08643589168704298
coll_tilt_y = -0.022041885492098075
ech_G = 31.61089539984521
ech_blaze = -74.9955940374499
ech_gamma = 1.158172844500954
echelle_z = 0.05711743348257753
d_col_trf = -1588.0162554639112
trf_mirror_tilt_x = 0.12250587297557858
trf_mirror_tilt_y = 0.018693800644190375
d_col_grm = 0.014982594436180914
grism_dec_x = 236.3974892442149
grism_dec_y = -0.005055299921029216
grm_tilt_x = -0.024802837307644602
grm_tilt_y = 2.3274208003022334
grm_G = 222.78574770681593
grm_apex = 17.8091772598705
d_grm_cam  = 21.604595852278877
cam_dec_x = -0.2836435642602377
cam_dec_y = 0.28971971038292355
cam_tilt_x = 0.004353461786520279
cam_tilt_y = -0.02779499219653673
d_cam_ff  = -160.56958395363455
ccd_ff_dec_x = -0.023070795960805572
ccd_ff_dec_y = -0.04777712044442482
ccd_ff_tilt_x = 0.16502813677072095
ccd_ff_tilt_y = -0.5896448733525438
ccd_ff_tilt_z = 0.1718732726577084
d_ff_ccd  = -4.785368286895901
ccd_dec_x = 0.5519036766773777
ccd_dec_y = 5.1065885021509185
ccd_defocus = 0.3158292288575526
ccd_tilt_x = 0.021429229674106466
ccd_tilt_y = -0.0042128313342047015
ccd_tilt_z = 2.2691776531567244e-07
p = 3.309e-06