slit_dec_x_a = -0.181778666534
slit_dec_y_a = -0.18243150017
slit_dec_x_b = 0.14512077562974193
slit_dec_y_b = -0.05510809031835813
slit_defocus = -0.013770885514215537
slit_tilt_x = 1.0541129888413037
slit_tilt_y = -8.559963329139784
slit_tilt_z = -9.026845475697657
d_slit_col = 1594.2903219166449
coll_tilt_x = 0.12138141383964005
coll_tilt_y = -0.026495028308741165
ech_G = 31.61455954535437
ech_blaze = -74.99488392473495
ech_gamma = 1.1556421664128307
echelle_z = 0.05700974384948238
d_col_trf = -1588.016366645852
trf_mirror_tilt_x = 0.007276066558292102
trf_mirror_tilt_y = 0.15541675699787186
d_col_grm = 0.035699860640963296
grism_dec_x = 236.38319012961654
grism_dec_y = 0.009296321571003437
grm_tilt_x = -0.023499081680001723
grm_tilt_y = 2.3257876518026683
grm_G = 222.78406889094097
grm_apex = 17.766512733497862
d_grm_cam  = 21.604704815400297
cam_dec_x = -0.2710927727393671
cam_dec_y = 0.29088596758964513
cam_tilt_x = 0.012405811175612525
cam_tilt_y = 0.008819273539117526
d_cam_ff  = -160.07696641111147
ccd_ff_dec_x = -0.0237993378171218
ccd_ff_dec_y = 0.04195891113868558
ccd_ff_tilt_x = 0.033493739239810756
ccd_ff_tilt_y = -0.5909797346782247
ccd_ff_tilt_z = 0.1719193894413423
d_ff_ccd  = -4.816013606768639
ccd_dec_x = 0.5532952345531914
ccd_dec_y = 5.107632533719796
ccd_defocus = 0.2858058108839892
ccd_tilt_x = 0.03259079728615259
ccd_tilt_y = -0.002156651646335355
ccd_tilt_z = 4.691337734028114e-06
p = 0.0001