slit_dec_x_a = -0.1704010755187174
slit_dec_y_a = -0.1956586180351446
slit_dec_x_b = 0.175
slit_dec_y_b = -1.800012855960645e-96
slit_defocus = 0.02130232850790765
slit_tilt_x = 1.113992851422278
slit_tilt_y = -8.538486446955229
slit_tilt_z = -8.991643082224162
d_slit_col = 1594.3100556733214
coll_tilt_x = 0.11317287604788757
coll_tilt_y = -0.028895165559262366
ech_G = 31.613232779492
ech_blaze = -74.97483638562773
ech_gamma = 1.1389753838223131
echelle_z = 0.074766003783986
d_col_trf = -1588.0172301364619
trf_mirror_tilt_x = 0.026281446295139194
trf_mirror_tilt_y = 0.1622286301138212
d_col_grm = -0.004861634250655073
grism_dec_x = 236.42327025781952
grism_dec_y = 0.03820119763446374
grm_tilt_x = -0.014044908580051514
grm_tilt_y = 2.3052717032389056
grm_G = 222.8239993334871
grm_apex = 17.79104683953574
d_grm_cam  = 21.609815417671985
cam_dec_x = -0.3095723174825612
cam_dec_y = 0.2471991775668963
cam_tilt_x = -0.011076685650767528
cam_tilt_y = 0.003721513750011356
d_cam_ff  = -160.05723281382157
ccd_ff_dec_x = -0.0025998772230239127
ccd_ff_dec_y = 0.05301869521159792
ccd_ff_tilt_x = 0.019490456412685063
ccd_ff_tilt_y = -0.5728086093658404
ccd_ff_tilt_z = 0.18005165040177354
d_ff_ccd  = -4.838944873805173
ccd_dec_x = 0.621400415703883
ccd_dec_y = 5.15715245892173
ccd_defocus = 0.2807406669154873
ccd_tilt_x = 0.005073560614151968
ccd_tilt_y = -0.010842327699176127
ccd_tilt_z = 5.042306133962675e-06
p = 0.0001