slit_dec_x_a = -0.181778666534
slit_dec_y_a = -0.18243150017
slit_dec_x_b = 0.14512077562974193
slit_dec_y_b = -0.05510809031835813
slit_defocus = -0.013783401689270393
slit_tilt_x = 1.05409264417791
slit_tilt_y = -8.559957839543397
slit_tilt_z = -9.026926594502225
d_slit_col = 1594.2903157096696
coll_tilt_x = 0.1214054010263218
coll_tilt_y = -0.02652195076149101
ech_G = 31.61456237600958
ech_blaze = -74.99489253696507
ech_gamma = 1.1556374462889745
echelle_z = 0.05700508070333424
d_col_trf = -1588.0163665648602
trf_mirror_tilt_x = 0.007317413752584021
trf_mirror_tilt_y = 0.1554730237641133
d_col_grm = 0.03572486864108928
grism_dec_x = 236.38320257059073
grism_dec_y = 0.009249507376409283
grm_tilt_x = -0.023504345827007684
grm_tilt_y = 2.3257866094040467
grm_G = 222.78407130499366
grm_apex = 17.76653743252921
d_grm_cam  = 21.60470736746546
cam_dec_x = -0.2711006966906426
cam_dec_y = 0.2909255119289282
cam_tilt_x = 0.012422154624238683
cam_tilt_y = 0.008796028947962126
d_cam_ff  = -160.0771011721311
ccd_ff_dec_x = -0.023796289432023384
ccd_ff_dec_y = 0.0420497051958292
ccd_ff_tilt_x = 0.03349044790572843
ccd_ff_tilt_y = -0.5909766848517384
ccd_ff_tilt_z = 0.1719242254372829
d_ff_ccd  = -4.815978614616739
ccd_dec_x = 0.5532977841993285
ccd_dec_y = 5.107633740499663
ccd_defocus = 0.28571862638154627
ccd_tilt_x = 0.03253328806219561
ccd_tilt_y = -0.0021097749383881172
ccd_tilt_z = 4.638024348389906e-06
p = 0.0001