slit_dec_x_a = -0.181778666534
slit_dec_y_a = -0.18243150017
slit_dec_x_b = 0.14512077562974193
slit_dec_y_b = -0.05510809031835813
slit_defocus = -0.0022171362087479015
slit_tilt_x = 1.1346805326280354
slit_tilt_y = -8.568305683599101
slit_tilt_z = -9.00363066006048
d_slit_col = 1594.3039246576723
coll_tilt_x = 0.08643314019963032
coll_tilt_y = -0.02203615262802808
ech_G = 31.61092075513666
ech_blaze = -74.99574869793697
ech_gamma = 1.1581585269178678
echelle_z = 0.05719572225159288
d_col_trf = -1588.0162254102513
trf_mirror_tilt_x = 0.1225058924577654
trf_mirror_tilt_y = 0.018685546915057093
d_col_grm = 0.014992484682677183
grism_dec_x = 236.39748105431005
grism_dec_y = -0.00504469187492134
grm_tilt_x = -0.02477619167049988
grm_tilt_y = 2.3274585645729307
grm_G = 222.7857276516059
grm_apex = 17.80917315341297
d_grm_cam  = 21.60441403423541
cam_dec_x = -0.283631405472613
cam_dec_y = 0.2897188774643869
cam_tilt_x = 0.004349364494496206
cam_tilt_y = -0.02781048551620416
d_cam_ff  = -160.56965330495805
ccd_ff_dec_x = -0.022961620906547325
ccd_ff_dec_y = -0.04778336553489379
ccd_ff_tilt_x = 0.165047254572495
ccd_ff_tilt_y = -0.5895597772767863
ccd_ff_tilt_z = 0.17180192726108776
d_ff_ccd  = -4.785361474631217
ccd_dec_x = 0.5520170664659722
ccd_dec_y = 5.106408727384118
ccd_defocus = 0.3158054826641173
ccd_tilt_x = 0.021413899517453486
ccd_tilt_y = -0.004186151583135246
ccd_tilt_z = 3.0081139573099884e-07
p = 1.5575e-05