slit_dec_x_a = -0.17042011642596785
slit_dec_y_a = -0.195997593423444
slit_dec_x_b = 0.175
slit_dec_y_b = -1.977586549217371e-96
slit_defocus = 0.005575700208883584
slit_tilt_x = 1.1861259976965748
slit_tilt_y = -8.540004130825517
slit_tilt_z = -8.990854069269988
d_slit_col = 1594.2944276786989
coll_tilt_x = 0.08865954499368088
coll_tilt_y = -0.031810656041790744
ech_G = 31.610689306832178
ech_blaze = -74.9771134897499
ech_gamma = 1.1404282612444019
echelle_z = 0.07494432935707027
d_col_trf = -1588.0185611435372
trf_mirror_tilt_x = 0.13869208397911098
trf_mirror_tilt_y = 0.07760737651832476
d_col_grm = -0.009532566182607905
grism_dec_x = 236.4342788710235
grism_dec_y = 0.03424901652823359
grm_tilt_x = -0.01574247130186205
grm_tilt_y = 2.304373396228997
grm_G = 222.82517305359542
grm_apex = 17.815094358771834
d_grm_cam  = 21.60848702249386
cam_dec_x = -0.30213927384633327
cam_dec_y = 0.25035694217987164
cam_tilt_x = -0.01845823747326955
cam_tilt_y = -0.015017625727170858
d_cam_ff  = -160.40098364113982
ccd_ff_dec_x = -0.0035431194220146454
ccd_ff_dec_y = 0.00016250723662919006
ccd_ff_tilt_x = 0.14600878588390404
ccd_ff_tilt_y = -0.5721140675141337
ccd_ff_tilt_z = 0.1725745123089156
d_ff_ccd  = -4.811244002490936
ccd_dec_x = 0.620669624753478
ccd_dec_y = 5.155290283341665
ccd_defocus = 0.31629782586393296
ccd_tilt_x = 0.0077723860401675855
ccd_tilt_y = -0.014025949930939436
ccd_tilt_z = 3.16107251948973e-06
p = 1.5575e-05