slit_dec_x_a = -0.1704010755187174
slit_dec_y_a = -0.1956586180351446
slit_dec_x_b = 0.175
slit_dec_y_b = -1.8304319338475296e-96
slit_defocus = 0.021434580155447917
slit_tilt_x = 1.1140318124916189
slit_tilt_y = -8.538387487646927
slit_tilt_z = -8.991668121395591
d_slit_col = 1594.3100297716226
coll_tilt_x = 0.11316638540561393
coll_tilt_y = -0.02893489691368759
ech_G = 31.613232767972438
ech_blaze = -74.97483342356435
ech_gamma = 1.1389735485218533
echelle_z = 0.07477263235128292
d_col_trf = -1588.0172345498743
trf_mirror_tilt_x = 0.026344074391613688
trf_mirror_tilt_y = 0.16220468456102483
d_col_grm = -0.004845907142744849
grism_dec_x = 236.42334692367993
grism_dec_y = 0.038200579623461094
grm_tilt_x = -0.014054548259916866
grm_tilt_y = 2.305275177890718
grm_G = 222.82400625910455
grm_apex = 17.791047385668737
d_grm_cam  = 21.609813448296244
cam_dec_x = -0.3095402211492564
cam_dec_y = 0.2472580156482117
cam_tilt_x = -0.011064218613576888
cam_tilt_y = 0.003749921390707831
d_cam_ff  = -160.05779911497189
ccd_ff_dec_x = -0.002600706896172368
ccd_ff_dec_y = 0.05304748900933081
ccd_ff_tilt_x = 0.019545299040665116
ccd_ff_tilt_y = -0.5728022719805627
ccd_ff_tilt_z = 0.18005601797499707
d_ff_ccd  = -4.838929989159644
ccd_dec_x = 0.6214067723880717
ccd_dec_y = 5.157158453317419
ccd_defocus = 0.280690313707626
ccd_tilt_x = 0.005066087008353874
ccd_tilt_y = -0.010936936249037923
ccd_tilt_z = 5.060262374506046e-06
p = 0.0001