slit_dec_x_a = -0.181778666534
slit_dec_y_a = -0.18243150017
slit_dec_x_b = 0.14512077562974193
slit_dec_y_b = -0.05510809031835813
slit_defocus = -0.013774821526013847
slit_tilt_x = 1.0540581597223555
slit_tilt_y = -8.560006124208781
slit_tilt_z = -9.026825124324619
d_slit_col = 1594.2903546911787
coll_tilt_x = 0.12144475943501666
coll_tilt_y = -0.02653505718255666
ech_G = 31.614567643832103
ech_blaze = -74.99489175767727
ech_gamma = 1.1556468609989312
echelle_z = 0.0570081140664663
d_col_trf = -1588.016360040102
trf_mirror_tilt_x = 0.007301743552570094
trf_mirror_tilt_y = 0.15545296388955984
d_col_grm = 0.035700243406141606
grism_dec_x = 236.38314592658796
grism_dec_y = 0.009225740037513369
grm_tilt_x = -0.023509822513553158
grm_tilt_y = 2.3257872994264
grm_G = 222.78406874863848
grm_apex = 17.76652324282002
d_grm_cam  = 21.604705666205778
cam_dec_x = -0.2710665784076698
cam_dec_y = 0.2909152475349152
cam_tilt_x = 0.012449852962222964
cam_tilt_y = 0.008826400914961934
d_cam_ff  = -160.0770262848227
ccd_ff_dec_x = -0.023804992550445093
ccd_ff_dec_y = 0.042122033141294944
ccd_ff_tilt_x = 0.03348722545392722
ccd_ff_tilt_y = -0.5909814613410282
ccd_ff_tilt_z = 0.17191382535342503
d_ff_ccd  = -4.815947337306535
ccd_dec_x = 0.5532955614875416
ccd_dec_y = 5.1076233697598195
ccd_defocus = 0.28577018833589624
ccd_tilt_x = 0.0325449386699873
ccd_tilt_y = -0.002149917268418845
ccd_tilt_z = 4.641717390289246e-06
p = 0.0001