slit_dec_x_a = -0.17039071930725747
slit_dec_y_a = -0.195816906142107
slit_dec_x_b = 0.175
slit_dec_y_b = -2.6799277894333008e-96
slit_defocus = 0.00553246239054832
slit_tilt_x = 1.1860938586785392
slit_tilt_y = -8.54013215117898
slit_tilt_z = -8.990807651791256
d_slit_col = 1594.294484049245
coll_tilt_x = 0.08846157549228394
coll_tilt_y = -0.03177703657991399
ech_G = 31.610668511082757
ech_blaze = -74.97714874898237
ech_gamma = 1.140499990755731
echelle_z = 0.07549932589723443
d_col_trf = -1588.0186193649465
trf_mirror_tilt_x = 0.1386446480667384
trf_mirror_tilt_y = 0.0775517176720102
d_col_grm = -0.00954785242982608
grism_dec_x = 236.43438237061167
grism_dec_y = 0.03423404961215766
grm_tilt_x = -0.01583809112523431
grm_tilt_y = 2.3043561818987777
grm_G = 222.825201751934
grm_apex = 17.81511385691361
d_grm_cam  = 21.60849972000647
cam_dec_x = -0.30213180433703557
cam_dec_y = 0.2503288332379108
cam_tilt_x = -0.01841460830682873
cam_tilt_y = -0.015036251665811537
d_cam_ff  = -160.4010074741366
ccd_ff_dec_x = -0.003520857928656259
ccd_ff_dec_y = 0.00015591326494507845
ccd_ff_tilt_x = 0.14602495384457365
ccd_ff_tilt_y = -0.5720541629412875
ccd_ff_tilt_z = 0.1725290863119339
d_ff_ccd  = -4.811213207822308
ccd_dec_x = 0.6206342083236588
ccd_dec_y = 5.155262853844343
ccd_defocus = 0.3163442027977184
ccd_tilt_x = 0.007806445390427673
ccd_tilt_y = -0.014024200138453376
ccd_tilt_z = 3.3573683955013466e-06
p = 3.592749999999999e-06