slit_dec_x_a = -0.181778666534
slit_dec_y_a = -0.18243150017
slit_dec_x_b = 0.14512077562974193
slit_dec_y_b = -0.05510809031835813
slit_defocus = -0.0022538513946549674
slit_tilt_x = 1.134710670470152
slit_tilt_y = -8.568357873838789
slit_tilt_z = -9.0035912352091
d_slit_col = 1594.3039444551741
coll_tilt_x = 0.08649165986294968
coll_tilt_y = -0.022033734526897428
ech_G = 31.610934956800218
ech_blaze = -74.99582276856115
ech_gamma = 1.1582510591422837
echelle_z = 0.056511992567379175
d_col_trf = -1588.0164361915645
trf_mirror_tilt_x = 0.12245409691288807
trf_mirror_tilt_y = 0.01868154581291673
d_col_grm = 0.01493649129955781
grism_dec_x = 236.39750934118058
grism_dec_y = -0.005092047475339564
grm_tilt_x = -0.02464554038812707
grm_tilt_y = 2.3273894381561737
grm_G = 222.7858978170607
grm_apex = 17.80906216001527
d_grm_cam  = 21.60475489517292
cam_dec_x = -0.2836275297230414
cam_dec_y = 0.28975667188500964
cam_tilt_x = 0.004333434278183102
cam_tilt_y = -0.027768562070979275
d_cam_ff  = -160.56956839540464
ccd_ff_dec_x = -0.02266892002959988
ccd_ff_dec_y = -0.04778058477390238
ccd_ff_tilt_x = 0.16502147133443829
ccd_ff_tilt_y = -0.589451296170154
ccd_ff_tilt_z = 0.1718632290849033
d_ff_ccd  = -4.785423066132897
ccd_dec_x = 0.5519196198986991
ccd_dec_y = 5.106327683155603
ccd_defocus = 0.31587329553294335
ccd_tilt_x = 0.0213922174778992
ccd_tilt_y = -0.004191584261548882
ccd_tilt_z = 2.108485059892978e-07
p = 3.592749999999999e-06