slit_dec_x_a = -0.1704010755187174
slit_dec_y_a = -0.1956586180351446
slit_dec_x_b = 0.175
slit_dec_y_b = -1.8582495699180561e-96
slit_defocus = 0.021276993643950318
slit_tilt_x = 1.1140195019158394
slit_tilt_y = -8.5384899881382
slit_tilt_z = -8.991601604657692
d_slit_col = 1594.3100340791837
coll_tilt_x = 0.11316786374122421
coll_tilt_y = -0.028916183843816525
ech_G = 31.613234387128717
ech_blaze = -74.97482996346345
ech_gamma = 1.1389686003468977
echelle_z = 0.07477162721926749
d_col_trf = -1588.0172252697341
trf_mirror_tilt_x = 0.026276296525724305
trf_mirror_tilt_y = 0.162148769203029
d_col_grm = -0.004888374944237588
grism_dec_x = 236.42330366160348
grism_dec_y = 0.038188746256588246
grm_tilt_x = -0.014054388635122164
grm_tilt_y = 2.3052764922989155
grm_G = 222.82400547804863
grm_apex = 17.790994010798755
d_grm_cam  = 21.6098146824932
cam_dec_x = -0.3095230101476596
cam_dec_y = 0.2472520189381169
cam_tilt_x = -0.011069836827702356
cam_tilt_y = 0.0037386767660259356
d_cam_ff  = -160.05806907679002
ccd_ff_dec_x = -0.002601332765202368
ccd_ff_dec_y = 0.05306070522226823
ccd_ff_tilt_x = 0.019425818925596958
ccd_ff_tilt_y = -0.5728067268034817
ccd_ff_tilt_z = 0.18005150084759686
d_ff_ccd  = -4.838899708240047
ccd_dec_x = 0.6214060730649226
ccd_dec_y = 5.157153089258079
ccd_defocus = 0.28072084521092416
ccd_tilt_x = 0.00507877232610926
ccd_tilt_y = -0.010894339060494139
ccd_tilt_z = 5.083796876108732e-06
p = 0.0001