slit_dec_x_a = -0.181778666534
slit_dec_y_a = -0.18243150017
slit_dec_x_b = 0.14512077562974193
slit_dec_y_b = -0.05510809031835813
slit_defocus = -0.013766128160170718
slit_tilt_x = 1.0540831286580175
slit_tilt_y = -8.559972520449127
slit_tilt_z = -9.026965964472751
d_slit_col = 1594.2902709206587
coll_tilt_x = 0.12138398858132175
coll_tilt_y = -0.026414823190300654
ech_G = 31.614563667110907
ech_blaze = -74.99489382069686
ech_gamma = 1.155644585282835
echelle_z = 0.057010210999549095
d_col_trf = -1588.0163603094916
trf_mirror_tilt_x = 0.007328846039317365
trf_mirror_tilt_y = 0.1554993659624156
d_col_grm = 0.035646131524709766
grism_dec_x = 236.38321611603214
grism_dec_y = 0.0092582752373771
grm_tilt_x = -0.023505442236211555
grm_tilt_y = 2.325789178061394
grm_G = 222.78406459924813
grm_apex = 17.766550044647133
d_grm_cam  = 21.604694850334425
cam_dec_x = -0.2711683622048743
cam_dec_y = 0.29087024380361864
cam_tilt_x = 0.012454013303350334
cam_tilt_y = 0.008802875839648897
d_cam_ff  = -160.0765911653008
ccd_ff_dec_x = -0.023799733877840717
ccd_ff_dec_y = 0.04202759739267446
ccd_ff_tilt_x = 0.03345775895522041
ccd_ff_tilt_y = -0.5909803428887092
ccd_ff_tilt_z = 0.17191859116342234
d_ff_ccd  = -4.816014730826708
ccd_dec_x = 0.5532962399643404
ccd_dec_y = 5.1076293061166345
ccd_defocus = 0.2857335742836654
ccd_tilt_x = 0.03258961119483075
ccd_tilt_y = -0.0022128300178792847
ccd_tilt_z = 4.7061483120157375e-06
p = 0.0001