slit_dec_x_a = -0.181778666534
slit_dec_y_a = -0.18243150017
slit_dec_x_b = 0.14512077562974193
slit_dec_y_b = -0.05510809031835813
slit_defocus = -0.0021957723338064004
slit_tilt_x = 1.134707105382894
slit_tilt_y = -8.568325480207529
slit_tilt_z = -9.003611598483026
d_slit_col = 1594.3039590911771
coll_tilt_x = 0.0864664286038007
coll_tilt_y = -0.02203936729431027
ech_G = 31.61089354018511
ech_blaze = -74.9955333205682
ech_gamma = 1.1580829632299225
echelle_z = 0.05685164301632723
d_col_trf = -1588.0163141808032
trf_mirror_tilt_x = 0.12251291449050718
trf_mirror_tilt_y = 0.018723248987919903
d_col_grm = 0.01498424861453724
grism_dec_x = 236.39748780189635
grism_dec_y = -0.00502711288074244
grm_tilt_x = -0.024598890183685707
grm_tilt_y = 2.327204943651212
grm_G = 222.78578669219996
grm_apex = 17.809109205056515
d_grm_cam  = 21.604573051152936
cam_dec_x = -0.283632853364731
cam_dec_y = 0.2897631746798042
cam_tilt_x = 0.0042877116554234365
cam_tilt_y = -0.027795048780339737
d_cam_ff  = -160.56967024523843
ccd_ff_dec_x = -0.022837614144087078
ccd_ff_dec_y = -0.047793538156660986
ccd_ff_tilt_x = 0.16503882809115428
ccd_ff_tilt_y = -0.5894768001523067
ccd_ff_tilt_z = 0.1718345841123944
d_ff_ccd  = -4.785376842868249
ccd_dec_x = 0.5519298423700166
ccd_dec_y = 5.106554750962294
ccd_defocus = 0.31582018668855305
ccd_tilt_x = 0.0214083398602789
ccd_tilt_y = -0.00421434673049892
ccd_tilt_z = 2.4470179332440595e-07
p = 8.553583333333334e-06