slit_dec_x_a = -0.181778666534
slit_dec_y_a = -0.18243150017
slit_dec_x_b = 0.14512077562974193
slit_dec_y_b = -0.05510809031835813
slit_defocus = -0.0022142020829491525
slit_tilt_x = 1.1346922651153273
slit_tilt_y = -8.568214950255237
slit_tilt_z = -9.0036671484356
d_slit_col = 1594.3039175971223
coll_tilt_x = 0.08642947858364762
coll_tilt_y = -0.022064747471429613
ech_G = 31.61086825765598
ech_blaze = -74.99548760928316
ech_gamma = 1.1581205132902603
echelle_z = 0.05733699541058782
d_col_trf = -1588.01635339246
trf_mirror_tilt_x = 0.12253166247285245
trf_mirror_tilt_y = 0.018679378207407987
d_col_grm = 0.015055271248925674
grism_dec_x = 236.39747527055846
grism_dec_y = -0.005011063077679159
grm_tilt_x = -0.024702184692252813
grm_tilt_y = 2.327290505957596
grm_G = 222.78575806758704
grm_apex = 17.809171547397867
d_grm_cam  = 21.60433559744979
cam_dec_x = -0.28360249402736326
cam_dec_y = 0.2897142896056256
cam_tilt_x = 0.004352163471675206
cam_tilt_y = -0.027800543690565303
d_cam_ff  = -160.5697036540332
ccd_ff_dec_x = -0.022704100200987617
ccd_ff_dec_y = -0.047798384724148574
ccd_ff_tilt_x = 0.16504250722836053
ccd_ff_tilt_y = -0.589727748253615
ccd_ff_tilt_z = 0.17173439597233692
d_ff_ccd  = -4.785371577716766
ccd_dec_x = 0.5520257795950896
ccd_dec_y = 5.1061790872330945
ccd_defocus = 0.3157463230006787
ccd_tilt_x = 0.021371886360105345
ccd_tilt_y = -0.004206749498715396
ccd_tilt_z = 3.5640204170530033e-07
p = 2.066166666666667e-06