slit_dec_x_a = -0.181778666534
slit_dec_y_a = -0.18243150017
slit_dec_x_b = 0.14512077562974193
slit_dec_y_b = -0.05510809031835813
slit_defocus = -0.002202349844580295
slit_tilt_x = 1.1346593254957518
slit_tilt_y = -8.568231353098824
slit_tilt_z = -9.0036309571549
d_slit_col = 1594.3039427852473
coll_tilt_x = 0.08648381746373464
coll_tilt_y = -0.021992586047329243
ech_G = 31.61090664931634
ech_blaze = -74.99559403190476
ech_gamma = 1.1581202426368369
echelle_z = 0.05752472827952569
d_col_trf = -1588.0161795494635
trf_mirror_tilt_x = 0.12253568645259554
trf_mirror_tilt_y = 0.0186172809280664
d_col_grm = 0.015092726260852693
grism_dec_x = 236.39743906245567
grism_dec_y = -0.005023826759349464
grm_tilt_x = -0.02494542394087468
grm_tilt_y = 2.3271534215152796
grm_G = 222.78572443618927
grm_apex = 17.809224944270248
d_grm_cam  = 21.604588668641846
cam_dec_x = -0.28355849609718004
cam_dec_y = 0.289714046591618
cam_tilt_x = 0.004309446876600215
cam_tilt_y = -0.027793344504206393
d_cam_ff  = -160.569715547758
ccd_ff_dec_x = -0.022737977897135504
ccd_ff_dec_y = -0.04778735004297563
ccd_ff_tilt_x = 0.16503844520509567
ccd_ff_tilt_y = -0.5896352378861255
ccd_ff_tilt_z = 0.1717549936879312
d_ff_ccd  = -4.78541667407657
ccd_dec_x = 0.5518198072373562
ccd_dec_y = 5.106188427212634
ccd_defocus = 0.31573699593145566
ccd_tilt_x = 0.02132197171813649
ccd_tilt_y = -0.004213791871086472
ccd_tilt_z = 3.5554741526840597e-07
p = 9.361181818181817e-06