slit_dec_x_a = -0.1704425928422538
slit_dec_y_a = -0.1960707010622109
slit_dec_x_b = 0.175
slit_dec_y_b = -2.2652359661709767e-96
slit_defocus = 0.005507504661189059
slit_tilt_x = 1.186118958012875
slit_tilt_y = -8.54007206741284
slit_tilt_z = -8.990871327729929
d_slit_col = 1594.2944494138883
coll_tilt_x = 0.08882979828650737
coll_tilt_y = -0.03176909632758804
ech_G = 31.610692761796276
ech_blaze = -74.97704963653543
ech_gamma = 1.140515065343514
echelle_z = 0.07521897276744578
d_col_trf = -1588.018547748399
trf_mirror_tilt_x = 0.13870685261472407
trf_mirror_tilt_y = 0.07754694012827504
d_col_grm = -0.009520353337093567
grism_dec_x = 236.43432089258746
grism_dec_y = 0.034238092442616955
grm_tilt_x = -0.01593631794620161
grm_tilt_y = 2.3043871698998637
grm_G = 222.82519780286447
grm_apex = 17.815119396171585
d_grm_cam  = 21.608505696595874
cam_dec_x = -0.3021129203749816
cam_dec_y = 0.25034138628937835
cam_tilt_x = -0.018074497330871343
cam_tilt_y = -0.014986643785162814
d_cam_ff  = -160.40095672974707
ccd_ff_dec_x = -0.003551412022786594
ccd_ff_dec_y = 0.00012684251790753067
ccd_ff_tilt_x = 0.14604087550638176
ccd_ff_tilt_y = -0.5720454107436181
ccd_ff_tilt_z = 0.17255620312210865
d_ff_ccd  = -4.81122809635931
ccd_dec_x = 0.6206335321624225
ccd_dec_y = 5.15528136335254
ccd_defocus = 0.3163153443007688
ccd_tilt_x = 0.007820536867285713
ccd_tilt_y = -0.01401792769520838
ccd_tilt_z = 3.2206909267204628e-06
p = 1.2551666666666665e-05