slit_dec_x_a = -0.181778666534
slit_dec_y_a = -0.18243150017
slit_dec_x_b = 0.14512077562974193
slit_dec_y_b = -0.05510809031835813
slit_defocus = -0.002203639265946221
slit_tilt_x = 1.1347095077997602
slit_tilt_y = -8.568329605251936
slit_tilt_z = -9.00361652127312
d_slit_col = 1594.3039407340711
coll_tilt_x = 0.0864836168226322
coll_tilt_y = -0.02203108838177414
ech_G = 31.610893421486033
ech_blaze = -74.99552267453787
ech_gamma = 1.1581162997222376
echelle_z = 0.056890990423693416
d_col_trf = -1588.0162693736124
trf_mirror_tilt_x = 0.12252213168405297
trf_mirror_tilt_y = 0.018738875134153603
d_col_grm = 0.014990023243120501
grism_dec_x = 236.3974898931114
grism_dec_y = -0.005033141478630524
grm_tilt_x = -0.024633379667205343
grm_tilt_y = 2.327236941367999
grm_G = 222.78582179398006
grm_apex = 17.80911822715706
d_grm_cam  = 21.604583760617295
cam_dec_x = -0.2836237600061714
cam_dec_y = 0.28976093535336556
cam_tilt_x = 0.004278821628080227
cam_tilt_y = -0.027793338177579955
d_cam_ff  = -160.5696278787894
ccd_ff_dec_x = -0.022878466523118892
ccd_ff_dec_y = -0.047784206848815826
ccd_ff_tilt_x = 0.1650157474674597
ccd_ff_tilt_y = -0.589497660152702
ccd_ff_tilt_z = 0.17179002767812934
d_ff_ccd  = -4.785366547100103
ccd_dec_x = 0.5519234511736197
ccd_dec_y = 5.106538290253499
ccd_defocus = 0.3158303989256826
ccd_tilt_x = 0.021428843623023493
ccd_tilt_y = -0.004210430957948289
ccd_tilt_z = 2.4731873601649267e-07
p = 1.2551666666666665e-05