slit_dec_x_a = -0.1704010755187174
slit_dec_y_a = -0.1956586180351446
slit_dec_x_b = 0.175
slit_dec_y_b = -1.8138566483712742e-96
slit_defocus = 0.0214162972885287
slit_tilt_x = 1.1140231920979737
slit_tilt_y = -8.538396047033727
slit_tilt_z = -8.991705626672177
d_slit_col = 1594.3099732018024
coll_tilt_x = 0.11318575064151667
coll_tilt_y = -0.02886838454357787
ech_G = 31.613231236861406
ech_blaze = -74.9748316337307
ech_gamma = 1.138979427766726
echelle_z = 0.07477079768022243
d_col_trf = -1588.0172345791343
trf_mirror_tilt_x = 0.02627510321280014
trf_mirror_tilt_y = 0.1622512516666105
d_col_grm = -0.004864481127401848
grism_dec_x = 236.42330019371894
grism_dec_y = 0.038243925912509205
grm_tilt_x = -0.01405485168488081
grm_tilt_y = 2.305272128129964
grm_G = 222.82400525628609
grm_apex = 17.7911056771358
d_grm_cam  = 21.609818294853742
cam_dec_x = -0.30956380200268657
cam_dec_y = 0.24723929445397455
cam_tilt_x = -0.01104834760327604
cam_tilt_y = 0.003818038502713235
d_cam_ff  = -160.05765952140905
ccd_ff_dec_x = -0.0026000473108459643
ccd_ff_dec_y = 0.05307834388298921
ccd_ff_tilt_x = 0.01955378047835286
ccd_ff_tilt_y = -0.5728015579975095
ccd_ff_tilt_z = 0.18005508918329913
d_ff_ccd  = -4.838927768157507
ccd_dec_x = 0.6214052875019135
ccd_dec_y = 5.157151809380518
ccd_defocus = 0.28070265878152423
ccd_tilt_x = 0.004996499100199453
ccd_tilt_y = -0.010877973824127954
ccd_tilt_z = 5.09064175832703e-06
p = 0.0001