slit_dec_x_a = -0.181778666534
slit_dec_y_a = -0.18243150017
slit_dec_x_b = 0.14512077562974193
slit_dec_y_b = -0.05510809031835813
slit_defocus = -0.0021940639866035406
slit_tilt_x = 1.1347046707044253
slit_tilt_y = -8.568313003810276
slit_tilt_z = -9.00360488805474
d_slit_col = 1594.303913724468
coll_tilt_x = 0.08646557533514634
coll_tilt_y = -0.022049602855374172
ech_G = 31.610905781432603
ech_blaze = -74.99560775787927
ech_gamma = 1.158174958890027
echelle_z = 0.056948676848176526
d_col_trf = -1588.0162258528933
trf_mirror_tilt_x = 0.12250319711132575
trf_mirror_tilt_y = 0.018728827562573797
d_col_grm = 0.015002908189532083
grism_dec_x = 236.3974934040799
grism_dec_y = -0.005077226909990485
grm_tilt_x = -0.02478277578688371
grm_tilt_y = 2.327423395144182
grm_G = 222.78575188666824
grm_apex = 17.809145313262043
d_grm_cam  = 21.604574791783733
cam_dec_x = -0.28364247569277906
cam_dec_y = 0.2897571842379421
cam_tilt_x = 0.004324867968298855
cam_tilt_y = -0.027806265127829247
d_cam_ff  = -160.5696304981962
ccd_ff_dec_x = -0.022908148023270156
ccd_ff_dec_y = -0.047780059156732495
ccd_ff_tilt_x = 0.16503485251952202
ccd_ff_tilt_y = -0.5894995495512029
ccd_ff_tilt_z = 0.1717559076277387
d_ff_ccd  = -4.785374839947752
ccd_dec_x = 0.5518874235812502
ccd_dec_y = 5.106407669497733
ccd_defocus = 0.31583625331104026
ccd_tilt_x = 0.021423734101104396
ccd_tilt_y = -0.004221186027183198
ccd_tilt_z = 2.7523381433161443e-07
p = 1.0114636363636364e-05