slit_dec_x_a = -0.17045166195835756
slit_dec_y_a = -0.1960610818595804
slit_dec_x_b = 0.175
slit_dec_y_b = -2.350157222901212e-96
slit_defocus = 0.005514210952356296
slit_tilt_x = 1.1861410498283966
slit_tilt_y = -8.54006758091956
slit_tilt_z = -8.990860563377199
d_slit_col = 1594.2944531766568
coll_tilt_x = 0.08887007628751444
coll_tilt_y = -0.031701003022179146
ech_G = 31.610688149580135
ech_blaze = -74.97698901309197
ech_gamma = 1.1405863883996037
echelle_z = 0.07517309006297802
d_col_trf = -1588.0185720887457
trf_mirror_tilt_x = 0.13872401019253883
trf_mirror_tilt_y = 0.07755909497989807
d_col_grm = -0.009536765567596537
grism_dec_x = 236.43431775987406
grism_dec_y = 0.03424150949449409
grm_tilt_x = -0.01585806779631714
grm_tilt_y = 2.3043930365790293
grm_G = 222.82522841635887
grm_apex = 17.815102927196946
d_grm_cam  = 21.60849094999511
cam_dec_x = -0.3021121791279287
cam_dec_y = 0.2503642118593764
cam_tilt_x = -0.018140083476917646
cam_tilt_y = -0.014992792152625306
d_cam_ff  = -160.4009383757579
ccd_ff_dec_x = -0.0035716873679952224
ccd_ff_dec_y = 0.00013579290651168045
ccd_ff_tilt_x = 0.1460045470622299
ccd_ff_tilt_y = -0.5720456187471131
ccd_ff_tilt_z = 0.17256578646527843
d_ff_ccd  = -4.8112167395198755
ccd_dec_x = 0.6206306572061172
ccd_dec_y = 5.155291776282202
ccd_defocus = 0.3163214729978271
ccd_tilt_x = 0.007820647360331955
ccd_tilt_y = -0.014021700814842223
ccd_tilt_z = 3.2317122051746493e-06
p = 1.0114636363636364e-05