slit_dec_x_a = -0.17045121034785193
slit_dec_y_a = -0.19607367720305782
slit_dec_x_b = 0.175
slit_dec_y_b = -2.334792323302421e-96
slit_defocus = 0.005496143338961732
slit_tilt_x = 1.1861246927046138
slit_tilt_y = -8.540071818794809
slit_tilt_z = -8.990876077851606
d_slit_col = 1594.2944473840562
coll_tilt_x = 0.08878833435380909
coll_tilt_y = -0.03171545205394141
ech_G = 31.6106839602502
ech_blaze = -74.97703325340325
ech_gamma = 1.140575368682977
echelle_z = 0.07518436528908987
d_col_trf = -1588.0185410032902
trf_mirror_tilt_x = 0.13869474455721786
trf_mirror_tilt_y = 0.07756217928466416
d_col_grm = -0.00952464100596342
grism_dec_x = 236.4343248376855
grism_dec_y = 0.03424241353066062
grm_tilt_x = -0.015921860186430502
grm_tilt_y = 2.3043888228144334
grm_G = 222.82519567753093
grm_apex = 17.815114916483747
d_grm_cam  = 21.608507749447757
cam_dec_x = -0.30211680197174584
cam_dec_y = 0.2503586594661894
cam_tilt_x = -0.018062043257562114
cam_tilt_y = -0.014986302339449383
d_cam_ff  = -160.40095228014917
ccd_ff_dec_x = -0.00355829102089546
ccd_ff_dec_y = 0.0001301037811527279
ccd_ff_tilt_x = 0.1460405828284529
ccd_ff_tilt_y = -0.5720258234079142
ccd_ff_tilt_z = 0.1725576995085058
d_ff_ccd  = -4.811234098591729
ccd_dec_x = 0.6206420124415507
ccd_dec_y = 5.155279944641998
ccd_defocus = 0.31631573191008744
ccd_tilt_x = 0.007822330359354151
ccd_tilt_y = -0.014008115242372257
ccd_tilt_z = 3.230584776796144e-06
p = 1.5018181818181817e-05