slit_dec_x_a = -0.181778666534
slit_dec_y_a = -0.18243150017
slit_dec_x_b = 0.14512077562974193
slit_dec_y_b = -0.05510809031835813
slit_defocus = -0.002206783759488551
slit_tilt_x = 1.1347077719538572
slit_tilt_y = -8.568329094236914
slit_tilt_z = -9.00361156566265
d_slit_col = 1594.3039354873858
coll_tilt_x = 0.08647554433623535
coll_tilt_y = -0.0220376503129933
ech_G = 31.61089403524055
ech_blaze = -74.9955172982058
ech_gamma = 1.1581426048949777
echelle_z = 0.05693121593312979
d_col_trf = -1588.016320887115
trf_mirror_tilt_x = 0.12252083154440789
trf_mirror_tilt_y = 0.018748563425199052
d_col_grm = 0.014996600939880006
grism_dec_x = 236.39748943545126
grism_dec_y = -0.005046635163040489
grm_tilt_x = -0.024660141337789872
grm_tilt_y = 2.3272906733622576
grm_G = 222.7858640456796
grm_apex = 17.809121326075953
d_grm_cam  = 21.60455825508907
cam_dec_x = -0.2836206304752588
cam_dec_y = 0.28976300717690046
cam_tilt_x = 0.004281311814080116
cam_tilt_y = -0.02778791705506314
d_cam_ff  = -160.5696612020299
ccd_ff_dec_x = -0.022907821949336615
ccd_ff_dec_y = -0.047782196430417354
ccd_ff_tilt_x = 0.16502110289769936
ccd_ff_tilt_y = -0.5895086111213002
ccd_ff_tilt_z = 0.17180036700432022
d_ff_ccd  = -4.785358566609636
ccd_dec_x = 0.5518976626024501
ccd_dec_y = 5.106556586296287
ccd_defocus = 0.3158264409630649
ccd_tilt_x = 0.021430731419279876
ccd_tilt_y = -0.004206017400186002
ccd_tilt_z = 2.831101722129238e-07
p = 1.5018181818181817e-05