slit_dec_x_a = -0.1704010755187174
slit_dec_y_a = -0.1956586180351446
slit_dec_x_b = 0.175
slit_dec_y_b = -1.8194646782934897e-96
slit_defocus = 0.021395542789772036
slit_tilt_x = 1.114050803156824
slit_tilt_y = -8.538476458815115
slit_tilt_z = -8.991615395842693
d_slit_col = 1594.3099557494231
coll_tilt_x = 0.1132224111177714
coll_tilt_y = -0.028808635526594465
ech_G = 31.613234873772697
ech_blaze = -74.97483687114772
ech_gamma = 1.138979084086578
echelle_z = 0.07477600846783386
d_col_trf = -1588.0172322978494
trf_mirror_tilt_x = 0.026281087934429456
trf_mirror_tilt_y = 0.1622297986117688
d_col_grm = -0.004874237986483396
grism_dec_x = 236.42327747298845
grism_dec_y = 0.03823036289491233
grm_tilt_x = -0.014053971298471067
grm_tilt_y = 2.30528074917756
grm_G = 222.82400489010163
grm_apex = 17.791021853141267
d_grm_cam  = 21.609825795228783
cam_dec_x = -0.3094262736316133
cam_dec_y = 0.24720877828898172
cam_tilt_x = -0.01108192471736389
cam_tilt_y = 0.003799900923079227
d_cam_ff  = -160.05738552940565
ccd_ff_dec_x = -0.002603335230223636
ccd_ff_dec_y = 0.05312518151243554
ccd_ff_tilt_x = 0.019518996888030556
ccd_ff_tilt_y = -0.5728075041633699
ccd_ff_tilt_z = 0.1800527468027091
d_ff_ccd  = -4.838928564148062
ccd_dec_x = 0.6214007756492781
ccd_dec_y = 5.157149088822762
ccd_defocus = 0.2807164993354609
ccd_tilt_x = 0.005081132278055151
ccd_tilt_y = -0.010929280928358553
ccd_tilt_z = 5.062811870336745e-06
p = 0.0001