slit_dec_x_a = -0.181778666534
slit_dec_y_a = -0.18243150017
slit_dec_x_b = 0.14512077562974193
slit_dec_y_b = -0.05510809031835813
slit_defocus = -0.013811860366827914
slit_tilt_x = 1.0540039156027459
slit_tilt_y = -8.559999565619504
slit_tilt_z = -9.026863163532836
d_slit_col = 1594.290379960591
coll_tilt_x = 0.12144029216413654
coll_tilt_y = -0.02647589974956569
ech_G = 31.61456303587461
ech_blaze = -74.99488631241171
ech_gamma = 1.155635945879229
echelle_z = 0.05700282638186593
d_col_trf = -1588.016367204125
trf_mirror_tilt_x = 0.007324381226041368
trf_mirror_tilt_y = 0.15542742091494793
d_col_grm = 0.03567541605306329
grism_dec_x = 236.38319670123138
grism_dec_y = 0.009199464695066165
grm_tilt_x = -0.02351071074922397
grm_tilt_y = 2.3257870684463833
grm_G = 222.78407024107491
grm_apex = 17.76651840571818
d_grm_cam  = 21.60470521255527
cam_dec_x = -0.2711496570676899
cam_dec_y = 0.2908819207857894
cam_tilt_x = 0.012416505731059135
cam_tilt_y = 0.008830602666005202
d_cam_ff  = -160.077184206767
ccd_ff_dec_x = -0.023798296289044948
ccd_ff_dec_y = 0.0420006921128576
ccd_ff_tilt_x = 0.033428930162124226
ccd_ff_tilt_y = -0.5909766409056579
ccd_ff_tilt_z = 0.17191477522211468
d_ff_ccd  = -4.8160275781257145
ccd_dec_x = 0.5532954196119233
ccd_dec_y = 5.1076373864456475
ccd_defocus = 0.28573472544584055
ccd_tilt_x = 0.03256323362468265
ccd_tilt_y = -0.0021628029898814187
ccd_tilt_z = 4.664753374869612e-06
p = 0.0001