slit_dec_x_a = -0.1704149775067728
slit_dec_y_a = -0.1960553251853352
slit_dec_x_b = 0.175
slit_dec_y_b = -1.5820833024645653e-96
slit_defocus = 0.0055762003560433735
slit_tilt_x = 1.186123442019189
slit_tilt_y = -8.540038610221654
slit_tilt_z = -8.990856598196173
d_slit_col = 1594.2944966981422
coll_tilt_x = 0.08870630241803541
coll_tilt_y = -0.03190401033733573
ech_G = 31.610655238324142
ech_blaze = -74.97680546048063
ech_gamma = 1.1403408680814062
echelle_z = 0.07480357151571448
d_col_trf = -1588.0185424234253
trf_mirror_tilt_x = 0.13868696093202956
trf_mirror_tilt_y = 0.07752970596347147
d_col_grm = -0.009547872017448153
grism_dec_x = 236.43432815022592
grism_dec_y = 0.03417156820276866
grm_tilt_x = -0.0159183801449914
grm_tilt_y = 2.304386513182075
grm_G = 222.82516311993982
grm_apex = 17.815118975727106
d_grm_cam  = 21.608490282127196
cam_dec_x = -0.302123281623283
cam_dec_y = 0.2503290799438478
cam_tilt_x = -0.018437664832381018
cam_tilt_y = -0.015086589030543685
d_cam_ff  = -160.40095683533698
ccd_ff_dec_x = -0.0035208321671442375
ccd_ff_dec_y = 0.00025971783786312965
ccd_ff_tilt_x = 0.1460348107711293
ccd_ff_tilt_y = -0.5720573620138375
ccd_ff_tilt_z = 0.17257559069366943
d_ff_ccd  = -4.811295929451924
ccd_dec_x = 0.6206764952308144
ccd_dec_y = 5.155299702013652
ccd_defocus = 0.3162639572779008
ccd_tilt_x = 0.00774285964041671
ccd_tilt_y = -0.01414404727191131
ccd_tilt_z = 3.144758804785578e-06
p = 9.424083333333333e-06