slit_dec_x_a = -0.181778666534
slit_dec_y_a = -0.18243150017
slit_dec_x_b = 0.14512077562974193
slit_dec_y_b = -0.05510809031835813
slit_defocus = -0.01376095549112513
slit_tilt_x = 1.0540887962138137
slit_tilt_y = -8.559939724467283
slit_tilt_z = -9.02684570062766
d_slit_col = 1594.2903012346374
coll_tilt_x = 0.12141332997330999
coll_tilt_y = -0.02645435066829488
ech_G = 31.614565459846723
ech_blaze = -74.99489053588017
ech_gamma = 1.1556379436004827
echelle_z = 0.0569979934743277
d_col_trf = -1588.0163708669306
trf_mirror_tilt_x = 0.0073323412579189735
trf_mirror_tilt_y = 0.155497292367555
d_col_grm = 0.03569372376535803
grism_dec_x = 236.38320843037377
grism_dec_y = 0.009222712655376787
grm_tilt_x = -0.02350494612870712
grm_tilt_y = 2.325786208921228
grm_G = 222.78406989174334
grm_apex = 17.76644165091525
d_grm_cam  = 21.604704246231968
cam_dec_x = -0.27112704936535614
cam_dec_y = 0.2908382554802088
cam_tilt_x = 0.01241538527474202
cam_tilt_y = 0.008822083415564973
d_cam_ff  = -160.07673985087214
ccd_ff_dec_x = -0.023803624788416862
ccd_ff_dec_y = 0.04206204058946662
ccd_ff_tilt_x = 0.03353274190255375
ccd_ff_tilt_y = -0.5909828401845746
ccd_ff_tilt_z = 0.1719185707173621
d_ff_ccd  = -4.815922354269383
ccd_dec_x = 0.5532980260455211
ccd_dec_y = 5.107630316724471
ccd_defocus = 0.2858142864458802
ccd_tilt_x = 0.032572698495533584
ccd_tilt_y = -0.0021185650190713116
ccd_tilt_z = 4.675285956814278e-06
p = 0.0001