slit_dec_x_a = -0.1704010755187174
slit_dec_y_a = -0.1956586180351446
slit_dec_x_b = 0.175
slit_dec_y_b = -1.8662805493225616e-96
slit_defocus = 0.021383330884410627
slit_tilt_x = 1.1140375464281058
slit_tilt_y = -8.53843000543084
slit_tilt_z = -8.991681328829408
d_slit_col = 1594.310006611773
coll_tilt_x = 0.11317122776549716
coll_tilt_y = -0.028936244499224176
ech_G = 31.61322783523332
ech_blaze = -74.97483634357908
ech_gamma = 1.1389753979941162
echelle_z = 0.07477082552277435
d_col_trf = -1588.0172331044769
trf_mirror_tilt_x = 0.026263110961028027
trf_mirror_tilt_y = 0.16218506268107316
d_col_grm = -0.0048535490134112205
grism_dec_x = 236.4233685451709
grism_dec_y = 0.03814980252038365
grm_tilt_x = -0.014049418537689092
grm_tilt_y = 2.3052761311670222
grm_G = 222.82400208338055
grm_apex = 17.791069456839363
d_grm_cam  = 21.609818923372394
cam_dec_x = -0.30958278064510963
cam_dec_y = 0.24726567783224704
cam_tilt_x = -0.011014239909283952
cam_tilt_y = 0.0038231534623592808
d_cam_ff  = -160.0572742586892
ccd_ff_dec_x = -0.002601427185792638
ccd_ff_dec_y = 0.05304208624987926
ccd_ff_tilt_x = 0.01952389302693695
ccd_ff_tilt_y = -0.5728014293619574
ccd_ff_tilt_z = 0.18005519182699078
d_ff_ccd  = -4.838906408752847
ccd_dec_x = 0.6214076491909047
ccd_dec_y = 5.157152420125936
ccd_defocus = 0.28072928462993874
ccd_tilt_x = 0.005005883486265329
ccd_tilt_y = -0.010973615182771315
ccd_tilt_z = 5.094962872884698e-06
p = 0.0001