slit_dec_x_a = -0.181778666534
slit_dec_y_a = -0.18243150017
slit_dec_x_b = 0.14512077562974193
slit_dec_y_b = -0.05510809031835813
slit_defocus = -0.013806963124143208
slit_tilt_x = 1.0540713795340781
slit_tilt_y = -8.559944279213653
slit_tilt_z = -9.026859865283596
d_slit_col = 1594.2902216380674
coll_tilt_x = 0.12141088021399908
coll_tilt_y = -0.026461792383079105
ech_G = 31.614565456838665
ech_blaze = -74.99489050531609
ech_gamma = 1.1556444477630623
echelle_z = 0.05699561161394617
d_col_trf = -1588.0163621745507
trf_mirror_tilt_x = 0.00730973028636795
trf_mirror_tilt_y = 0.1553818587249861
d_col_grm = 0.03570741664598517
grism_dec_x = 236.38315431358268
grism_dec_y = 0.009244413741142257
grm_tilt_x = -0.02351039763251264
grm_tilt_y = 2.325783017466043
grm_G = 222.78407024644048
grm_apex = 17.766544348210164
d_grm_cam  = 21.604695623343314
cam_dec_x = -0.2711289974358215
cam_dec_y = 0.2907852166118437
cam_tilt_x = 0.012438318800115124
cam_tilt_y = 0.008892886011540806
d_cam_ff  = -160.07710562438425
ccd_ff_dec_x = -0.023809072246380843
ccd_ff_dec_y = 0.04211956392536517
ccd_ff_tilt_x = 0.033525458608121825
ccd_ff_tilt_y = -0.5909820102565734
ccd_ff_tilt_z = 0.17191822131067427
d_ff_ccd  = -4.815978247258417
ccd_dec_x = 0.5532982569029073
ccd_dec_y = 5.107630215003044
ccd_defocus = 0.2857643577894872
ccd_tilt_x = 0.03259008846532729
ccd_tilt_y = -0.002109862384198134
ccd_tilt_z = 4.665389203216664e-06
p = 0.0001