slit_dec_x_a = -0.1704010755187174
slit_dec_y_a = -0.1956586180351446
slit_dec_x_b = 0.175
slit_dec_y_b = -1.819770362293659e-96
slit_defocus = 0.02134539959666835
slit_tilt_x = 1.1140020138027396
slit_tilt_y = -8.538494928489493
slit_tilt_z = -8.991688650873142
d_slit_col = 1594.3099219597698
coll_tilt_x = 0.11315931176131613
coll_tilt_y = -0.02887829152099845
ech_G = 31.613234723687025
ech_blaze = -74.97483442570594
ech_gamma = 1.1389721495434961
echelle_z = 0.07476151704997432
d_col_trf = -1588.0172283476616
trf_mirror_tilt_x = 0.026271441695864692
trf_mirror_tilt_y = 0.16220271576995476
d_col_grm = -0.004844498091568405
grism_dec_x = 236.42322716770445
grism_dec_y = 0.0381482447992552
grm_tilt_x = -0.014052034685736346
grm_tilt_y = 2.305269706406323
grm_G = 222.82400309107632
grm_apex = 17.791045700964556
d_grm_cam  = 21.609821245717065
cam_dec_x = -0.3095989020775333
cam_dec_y = 0.24727985433097488
cam_tilt_x = -0.011086012761653713
cam_tilt_y = 0.003735345139457991
d_cam_ff  = -160.0576774352277
ccd_ff_dec_x = -0.0026024950342907337
ccd_ff_dec_y = 0.05305967703992594
ccd_ff_tilt_x = 0.019516189015995555
ccd_ff_tilt_y = -0.5728023618792009
ccd_ff_tilt_z = 0.18004875348375682
d_ff_ccd  = -4.838930332091204
ccd_dec_x = 0.6213991793740213
ccd_dec_y = 5.157158288233874
ccd_defocus = 0.2807504198248042
ccd_tilt_x = 0.004992896884302076
ccd_tilt_y = -0.010889324848102473
ccd_tilt_z = 5.098667173095059e-06
p = 0.0001