slit_dec_x_a = -0.181778666534
slit_dec_y_a = -0.18243150017
slit_dec_x_b = 0.14512077562974193
slit_dec_y_b = -0.05510809031835813
slit_defocus = -0.0021931052531251887
slit_tilt_x = 1.134698184979671
slit_tilt_y = -8.56828343515988
slit_tilt_z = -9.003603317035118
d_slit_col = 1594.3039276057166
coll_tilt_x = 0.08640520449972999
coll_tilt_y = -0.022038077944012375
ech_G = 31.610901388188086
ech_blaze = -74.99562559745638
ech_gamma = 1.1581702688395616
echelle_z = 0.05722011244787969
d_col_trf = -1588.0162699721322
trf_mirror_tilt_x = 0.12251261430309439
trf_mirror_tilt_y = 0.018667761269382084
d_col_grm = 0.015014142329905182
grism_dec_x = 236.397483848958
grism_dec_y = -0.005019006831717068
grm_tilt_x = -0.024753112303736426
grm_tilt_y = 2.3274197420490683
grm_G = 222.7857585464099
grm_apex = 17.809152317558695
d_grm_cam  = 21.60446992657886
cam_dec_x = -0.2836125929928292
cam_dec_y = 0.28970827620238787
cam_tilt_x = 0.004324987922915694
cam_tilt_y = -0.027786686705846015
d_cam_ff  = -160.5696807411748
ccd_ff_dec_x = -0.022759905764090683
ccd_ff_dec_y = -0.047790911307697734
ccd_ff_tilt_x = 0.16502759393421523
ccd_ff_tilt_y = -0.58958599168405
ccd_ff_tilt_z = 0.1718234007090671
d_ff_ccd  = -4.785378844427514
ccd_dec_x = 0.5519201518489982
ccd_dec_y = 5.106348368561093
ccd_defocus = 0.31578936266089586
ccd_tilt_x = 0.02138604841653371
ccd_tilt_y = -0.004206447389384655
ccd_tilt_z = 3.04806076246223e-07
p = 8.1025e-06