slit_dec_x_a = -0.181778666534
slit_dec_y_a = -0.18243150017
slit_dec_x_b = 0.14512077562974193
slit_dec_y_b = -0.05510809031835813
slit_defocus = -0.0022081969235584996
slit_tilt_x = 1.1347031487054
slit_tilt_y = -8.56826697902062
slit_tilt_z = -9.003664723620478
d_slit_col = 1594.3039261142505
coll_tilt_x = 0.08643524207413471
coll_tilt_y = -0.022063351017603774
ech_G = 31.61088336392767
ech_blaze = -74.99553705719501
ech_gamma = 1.1581306360465138
echelle_z = 0.05737969365821231
d_col_trf = -1588.0163595503045
trf_mirror_tilt_x = 0.12252330213392462
trf_mirror_tilt_y = 0.018693161761387432
d_col_grm = 0.01502207264591226
grism_dec_x = 236.39747556494243
grism_dec_y = -0.005019809890726649
grm_tilt_x = -0.024736395307400107
grm_tilt_y = 2.327310437641657
grm_G = 222.78572838032073
grm_apex = 17.80915667407257
d_grm_cam  = 21.60430620329462
cam_dec_x = -0.2836187995009632
cam_dec_y = 0.2897243231776169
cam_tilt_x = 0.004336965871096519
cam_tilt_y = -0.027805503304233477
d_cam_ff  = -160.56963578819474
ccd_ff_dec_x = -0.022783484812725338
ccd_ff_dec_y = -0.04779968007961134
ccd_ff_tilt_x = 0.16502885095402214
ccd_ff_tilt_y = -0.5897044745343518
ccd_ff_tilt_z = 0.1717526141488374
d_ff_ccd  = -4.7853817485044114
ccd_dec_x = 0.5519125907781263
ccd_dec_y = 5.106213816341847
ccd_defocus = 0.31579707599628637
ccd_tilt_x = 0.021370067438634722
ccd_tilt_y = -0.0042031587279301175
ccd_tilt_z = 3.405795237881043e-07
p = 4.9384166666666676e-06