slit_dec_x_a = -0.181778666534
slit_dec_y_a = -0.18243150017
slit_dec_x_b = 0.14512077562974193
slit_dec_y_b = -0.05510809031835813
slit_defocus = -0.013790928331569552
slit_tilt_x = 1.0541030751436078
slit_tilt_y = -8.560003129055728
slit_tilt_z = -9.026955321818825
d_slit_col = 1594.2903424020658
coll_tilt_x = 0.1214679229383342
coll_tilt_y = -0.026517718382336398
ech_G = 31.61456292153355
ech_blaze = -74.99488741239608
ech_gamma = 1.1556415413791172
echelle_z = 0.05700625920898591
d_col_trf = -1588.016358416365
trf_mirror_tilt_x = 0.007241465512900573
trf_mirror_tilt_y = 0.155453674544185
d_col_grm = 0.03566081946977264
grism_dec_x = 236.38320788752947
grism_dec_y = 0.009187107597668304
grm_tilt_x = -0.023504700119110572
grm_tilt_y = 2.3257810766423663
grm_G = 222.7840723245505
grm_apex = 17.766502908415152
d_grm_cam  = 21.604700079116974
cam_dec_x = -0.2711311617136995
cam_dec_y = 0.2909241352288421
cam_tilt_x = 0.012450186766940811
cam_tilt_y = 0.008810796387400566
d_cam_ff  = -160.07679371304218
ccd_ff_dec_x = -0.02379989925879702
ccd_ff_dec_y = 0.042042193779700254
ccd_ff_tilt_x = 0.0334915241816955
ccd_ff_tilt_y = -0.5909858609052097
ccd_ff_tilt_z = 0.17191195024785585
d_ff_ccd  = -4.815982889429594
ccd_dec_x = 0.5533047162666065
ccd_dec_y = 5.107634078040938
ccd_defocus = 0.28573161301643185
ccd_tilt_x = 0.03259206406327984
ccd_tilt_y = -0.002119196791143358
ccd_tilt_z = 4.700587452544703e-06
p = 0.0001