slit_dec_x_a = -0.1704010755187174
slit_dec_y_a = -0.1956586180351446
slit_dec_x_b = 0.175
slit_dec_y_b = -1.8199659788916482e-96
slit_defocus = 0.02138678294969273
slit_tilt_x = 1.113999456912487
slit_tilt_y = -8.53847751013034
slit_tilt_z = -8.99162846252527
d_slit_col = 1594.3099605047485
coll_tilt_x = 0.11322753525137019
coll_tilt_y = -0.02891483933566033
ech_G = 31.61322789643804
ech_blaze = -74.97483086993162
ech_gamma = 1.138977922029147
echelle_z = 0.07477001023136243
d_col_trf = -1588.0172310267421
trf_mirror_tilt_x = 0.02629420672440711
trf_mirror_tilt_y = 0.16221767102885154
d_col_grm = -0.004794504626934307
grism_dec_x = 236.4233088842053
grism_dec_y = 0.038210930879487265
grm_tilt_x = -0.014053073090745088
grm_tilt_y = 2.3052708289907735
grm_G = 222.8239978029845
grm_apex = 17.791005773393657
d_grm_cam  = 21.609816821632318
cam_dec_x = -0.30948864942471643
cam_dec_y = 0.24725782810629834
cam_tilt_x = -0.011001360006439415
cam_tilt_y = 0.0037748833823747796
d_cam_ff  = -160.05737703078339
ccd_ff_dec_x = -0.0026014883463506377
ccd_ff_dec_y = 0.053078299672253866
ccd_ff_tilt_x = 0.0195179902323229
ccd_ff_tilt_y = -0.5727969884733092
ccd_ff_tilt_z = 0.18004667326014068
d_ff_ccd  = -4.8389639830531275
ccd_dec_x = 0.6214039574683237
ccd_dec_y = 5.1571475379669875
ccd_defocus = 0.2807429761115804
ccd_tilt_x = 0.005059495076133016
ccd_tilt_y = -0.010979117050771118
ccd_tilt_z = 5.102973014401635e-06
p = 0.0001