slit_dec_x_a = -0.181778666534
slit_dec_y_a = -0.18243150017
slit_dec_x_b = 0.14512077562974193
slit_dec_y_b = -0.05510809031835813
slit_defocus = -0.0021962488850665197
slit_tilt_x = 1.1346912336890325
slit_tilt_y = -8.56829699130307
slit_tilt_z = -9.003627344394188
d_slit_col = 1594.303922581887
coll_tilt_x = 0.0864293818005298
coll_tilt_y = -0.02204715136836711
ech_G = 31.61090132992754
ech_blaze = -74.99564159321304
ech_gamma = 1.1581733780827985
echelle_z = 0.057149044477587986
d_col_trf = -1588.0162473953746
trf_mirror_tilt_x = 0.12250229533593171
trf_mirror_tilt_y = 0.018691718415752383
d_col_grm = 0.01499836885032459
grism_dec_x = 236.39749198956446
grism_dec_y = -0.005061139559464261
grm_tilt_x = -0.024825505182736053
grm_tilt_y = 2.327429560766473
grm_G = 222.78574624605602
grm_apex = 17.809162731467396
d_grm_cam  = 21.60457243116545
cam_dec_x = -0.2836290869519712
cam_dec_y = 0.28970816269834937
cam_tilt_x = 0.004360798686069284
cam_tilt_y = -0.027810514247029208
d_cam_ff  = -160.5696258158482
ccd_ff_dec_x = -0.023039622822745874
ccd_ff_dec_y = -0.04777171253690225
ccd_ff_tilt_x = 0.1650377208617559
ccd_ff_tilt_y = -0.5896354539082945
ccd_ff_tilt_z = 0.1719128768763453
d_ff_ccd  = -4.785363810083541
ccd_dec_x = 0.5519426967199128
ccd_dec_y = 5.106509475138356
ccd_defocus = 0.3158227314684825
ccd_tilt_x = 0.02142258806246274
ccd_tilt_y = -0.00418965623760467
ccd_tilt_z = 2.6053869284122097e-07
p = 2.018333333333333e-06