slit_dec_x_a = -0.1704595395359117
slit_dec_y_a = -0.19609161914198492
slit_dec_x_b = 0.175
slit_dec_y_b = -1.8572827609053975e-96
slit_defocus = 0.005578226518360478
slit_tilt_x = 1.1861341846462838
slit_tilt_y = -8.540005760258133
slit_tilt_z = -8.990847490865965
d_slit_col = 1594.294435859071
coll_tilt_x = 0.08873844525335212
coll_tilt_y = -0.031773892087608606
ech_G = 31.610681958311964
ech_blaze = -74.97704815666496
ech_gamma = 1.140500617969943
echelle_z = 0.07495795350367505
d_col_trf = -1588.0185628712431
trf_mirror_tilt_x = 0.13871852405525587
trf_mirror_tilt_y = 0.07758860713495266
d_col_grm = -0.009518541183888224
grism_dec_x = 236.43427115488265
grism_dec_y = 0.03424899977939601
grm_tilt_x = -0.01579872615652104
grm_tilt_y = 2.304366048807402
grm_G = 222.82516436744788
grm_apex = 17.815114858830153
d_grm_cam  = 21.608486551350325
cam_dec_x = -0.3021008759756851
cam_dec_y = 0.25038663395209676
cam_tilt_x = -0.018345040134526775
cam_tilt_y = -0.015032698111014254
d_cam_ff  = -160.40095536831691
ccd_ff_dec_x = -0.0035417705371871004
ccd_ff_dec_y = 0.00014600447677142373
ccd_ff_tilt_x = 0.14600934160180745
ccd_ff_tilt_y = -0.5720905853539695
ccd_ff_tilt_z = 0.17255144277347675
d_ff_ccd  = -4.811241359738956
ccd_dec_x = 0.6206705529948618
ccd_dec_y = 5.155261597273628
ccd_defocus = 0.3163254565781841
ccd_tilt_x = 0.007757029451256341
ccd_tilt_y = -0.014000792895002175
ccd_tilt_z = 3.2224874889733455e-06
p = 2.018333333333333e-06