slit_dec_x_a = -0.181778666534
slit_dec_y_a = -0.18243150017
slit_dec_x_b = 0.14512077562974193
slit_dec_y_b = -0.05510809031835813
slit_defocus = -0.0138087220851215
slit_tilt_x = 1.0541150721665868
slit_tilt_y = -8.560042739770491
slit_tilt_z = -9.026876534331556
d_slit_col = 1594.2902447880226
coll_tilt_x = 0.12142930953943852
coll_tilt_y = -0.02651707936120061
ech_G = 31.61456805534491
ech_blaze = -74.99488319972325
ech_gamma = 1.1556420451130545
echelle_z = 0.05700337979214102
d_col_trf = -1588.0163602217026
trf_mirror_tilt_x = 0.007293369502704607
trf_mirror_tilt_y = 0.1554655121936205
d_col_grm = 0.03567387159008646
grism_dec_x = 236.3832172950795
grism_dec_y = 0.009309386559935224
grm_tilt_x = -0.02350903228351526
grm_tilt_y = 2.3257879042543474
grm_G = 222.7840659198754
grm_apex = 17.76652406095707
d_grm_cam  = 21.60469577492564
cam_dec_x = -0.2711520783650301
cam_dec_y = 0.2909304451956242
cam_tilt_x = 0.012375425569996141
cam_tilt_y = 0.008809232072511199
d_cam_ff  = -160.07691041617588
ccd_ff_dec_x = -0.023807291787352764
ccd_ff_dec_y = 0.04205442048890984
ccd_ff_tilt_x = 0.03353565180422498
ccd_ff_tilt_y = -0.5909811499835064
ccd_ff_tilt_z = 0.17192350552823546
d_ff_ccd  = -4.8160113688636645
ccd_dec_x = 0.5532982441453539
ccd_dec_y = 5.107631300148161
ccd_defocus = 0.285759039867767
ccd_tilt_x = 0.03264068575740001
ccd_tilt_y = -0.0021010385680064847
ccd_tilt_z = 4.6846503771091e-06
p = 0.0001