slit_dec_x_a = -0.1704010755187174
slit_dec_y_a = -0.1956586180351446
slit_dec_x_b = 0.175
slit_dec_y_b = -1.8025142738823288e-96
slit_defocus = 0.021383845798999726
slit_tilt_x = 1.1140460402088916
slit_tilt_y = -8.538424483936435
slit_tilt_z = -8.99166421849005
d_slit_col = 1594.3099144130815
coll_tilt_x = 0.11317636560617662
coll_tilt_y = -0.028874019522074745
ech_G = 31.613233794151224
ech_blaze = -74.97483718212823
ech_gamma = 1.1389761338781978
echelle_z = 0.07477461853838267
d_col_trf = -1588.0172382065516
trf_mirror_tilt_x = 0.026254807922420822
trf_mirror_tilt_y = 0.16226781116052447
d_col_grm = -0.0047572046095418615
grism_dec_x = 236.42329779720697
grism_dec_y = 0.03817409425801578
grm_tilt_x = -0.014054069519005398
grm_tilt_y = 2.3052748475603595
grm_G = 222.82399866771232
grm_apex = 17.79100470925322
d_grm_cam  = 21.60981541810446
cam_dec_x = -0.3094780787297347
cam_dec_y = 0.24726784426240594
cam_tilt_x = -0.011064477791273956
cam_tilt_y = 0.003763351734672317
d_cam_ff  = -160.05737111718068
ccd_ff_dec_x = -0.0026038023528582566
ccd_ff_dec_y = 0.05303548609442485
ccd_ff_tilt_x = 0.019535043476435015
ccd_ff_tilt_y = -0.5728057584523759
ccd_ff_tilt_z = 0.1800569030957844
d_ff_ccd  = -4.838911120289888
ccd_dec_x = 0.6214005892833736
ccd_dec_y = 5.157157738840062
ccd_defocus = 0.28074283736617794
ccd_tilt_x = 0.005041103247320427
ccd_tilt_y = -0.010992880611918518
ccd_tilt_z = 5.127736156961846e-06
p = 0.0001