slit_dec_x_a = -0.181778666534
slit_dec_y_a = -0.18243150017
slit_dec_x_b = 0.14512077562974193
slit_dec_y_b = -0.05510809031835813
slit_defocus = -0.002182485613333907
slit_tilt_x = 1.1346523557803017
slit_tilt_y = -8.56822186240841
slit_tilt_z = -9.003639095699535
d_slit_col = 1594.3039411450352
coll_tilt_x = 0.08646004063791
coll_tilt_y = -0.02201358692385816
ech_G = 31.61092650318045
ech_blaze = -74.99566153104162
ech_gamma = 1.157977883717022
echelle_z = 0.05759840552839113
d_col_trf = -1588.016130492163
trf_mirror_tilt_x = 0.12251201602481201
trf_mirror_tilt_y = 0.018639956300086576
d_col_grm = 0.01511191093841285
grism_dec_x = 236.39742561987967
grism_dec_y = -0.0050177944354969735
grm_tilt_x = -0.025053852664767718
grm_tilt_y = 2.3269137964471187
grm_G = 222.7858225947144
grm_apex = 17.809187077885674
d_grm_cam  = 21.60468806825142
cam_dec_x = -0.28360749416212855
cam_dec_y = 0.2896681371949009
cam_tilt_x = 0.004248727145727089
cam_tilt_y = -0.027775311617612895
d_cam_ff  = -160.56964362110367
ccd_ff_dec_x = -0.022827654652547377
ccd_ff_dec_y = -0.04776793892949815
ccd_ff_tilt_x = 0.1650498495702845
ccd_ff_tilt_y = -0.5895605082076034
ccd_ff_tilt_z = 0.1717266606469218
d_ff_ccd  = -4.785447916433542
ccd_dec_x = 0.5519122639121069
ccd_dec_y = 5.106121190202174
ccd_defocus = 0.31578976266107894
ccd_tilt_x = 0.021310597343045936
ccd_tilt_y = -0.00420691170884727
ccd_tilt_z = 3.2787270426201487e-07
p = 3.047583333333333e-06