slit_dec_x_a = -0.17038806434483578
slit_dec_y_a = -0.1957023373260432
slit_dec_x_b = 0.175
slit_dec_y_b = -1.5457400396922002e-96
slit_defocus = 0.005572344557580922
slit_tilt_x = 1.1861028879119113
slit_tilt_y = -8.539995321236102
slit_tilt_z = -8.990844646200173
d_slit_col = 1594.2944974233365
coll_tilt_x = 0.08875384029598529
coll_tilt_y = -0.03196780024871178
ech_G = 31.61067484511219
ech_blaze = -74.97690681722312
ech_gamma = 1.1402447180111488
echelle_z = 0.07468576923044282
d_col_trf = -1588.0185233587931
trf_mirror_tilt_x = 0.13871385461273128
trf_mirror_tilt_y = 0.07751833844562239
d_col_grm = -0.009500948470001878
grism_dec_x = 236.43433942761186
grism_dec_y = 0.034164231311477236
grm_tilt_x = -0.01576884914723669
grm_tilt_y = 2.3043661355044476
grm_G = 222.8251762589074
grm_apex = 17.815111700256658
d_grm_cam  = 21.608485203878583
cam_dec_x = -0.30210517505856416
cam_dec_y = 0.2503167289236397
cam_tilt_x = -0.01867636543630338
cam_tilt_y = -0.015111687031890142
d_cam_ff  = -160.4009549474685
ccd_ff_dec_x = -0.003508659930892164
ccd_ff_dec_y = 0.0002640651187678046
ccd_ff_tilt_x = 0.1460450562594584
ccd_ff_tilt_y = -0.5720781780143525
ccd_ff_tilt_z = 0.172589168992902
d_ff_ccd  = -4.81133316369024
ccd_dec_x = 0.6206689582539611
ccd_dec_y = 5.155267600806682
ccd_defocus = 0.31626622423665074
ccd_tilt_x = 0.007752767980756049
ccd_tilt_y = -0.01410392209099432
ccd_tilt_z = 3.0957848038238866e-06
p = 3.047583333333333e-06