slit_dec_x_a = -0.17041914689538856
slit_dec_y_a = -0.19597525625953238
slit_dec_x_b = 0.175
slit_dec_y_b = -1.8264358847445235e-96
slit_defocus = 0.005562962890453796
slit_tilt_x = 1.1861545627754666
slit_tilt_y = -8.540004647584784
slit_tilt_z = -8.9908442623603
d_slit_col = 1594.2944629899987
coll_tilt_x = 0.08879118240251553
coll_tilt_y = -0.031804969118501156
ech_G = 31.610655983569004
ech_blaze = -74.97675028514617
ech_gamma = 1.140456687108482
echelle_z = 0.07486526623796363
d_col_trf = -1588.0185347539941
trf_mirror_tilt_x = 0.1386644775465868
trf_mirror_tilt_y = 0.07759007469348397
d_col_grm = -0.009556158556793728
grism_dec_x = 236.43432426414878
grism_dec_y = 0.034211693281729204
grm_tilt_x = -0.015691128551648302
grm_tilt_y = 2.3043658681566446
grm_G = 222.82518523444398
grm_apex = 17.81511442415665
d_grm_cam  = 21.608453974113488
cam_dec_x = -0.3021681872817411
cam_dec_y = 0.25033131602348213
cam_tilt_x = -0.018631669371655366
cam_tilt_y = -0.015051872275454936
d_cam_ff  = -160.40094341117577
ccd_ff_dec_x = -0.003504686874643409
ccd_ff_dec_y = 0.00018287950195139814
ccd_ff_tilt_x = 0.14602814360559704
ccd_ff_tilt_y = -0.5720544627960514
ccd_ff_tilt_z = 0.17259036797821942
d_ff_ccd  = -4.811261200150325
ccd_dec_x = 0.6206866937589965
ccd_dec_y = 5.155315987420032
ccd_defocus = 0.3163298903748501
ccd_tilt_x = 0.007726508429383325
ccd_tilt_y = -0.01406162994312287
ccd_tilt_z = 3.1503866618563805e-06
p = 2.2085454545454545e-06