slit_dec_x_a = -0.181778666534
slit_dec_y_a = -0.18243150017
slit_dec_x_b = 0.14512077562974193
slit_dec_y_b = -0.05510809031835813
slit_defocus = -0.0022141712978857035
slit_tilt_x = 1.1346916886011138
slit_tilt_y = -8.568215213647491
slit_tilt_z = -9.003667153902768
d_slit_col = 1594.303917889706
coll_tilt_x = 0.08642963125459552
coll_tilt_y = -0.022065101567498677
ech_G = 31.610866398217393
ech_blaze = -74.99548510541823
ech_gamma = 1.158117750716445
echelle_z = 0.05733695523082018
d_col_trf = -1588.0163542782275
trf_mirror_tilt_x = 0.12253169188028779
trf_mirror_tilt_y = 0.018679338704028745
d_col_grm = 0.01505516569657212
grism_dec_x = 236.39747505316234
grism_dec_y = -0.005011066869931939
grm_tilt_x = -0.02470300984975387
grm_tilt_y = 2.3272898199019947
grm_G = 222.78575641524196
grm_apex = 17.809172130647923
d_grm_cam  = 21.604336170617344
cam_dec_x = -0.2836034503837152
cam_dec_y = 0.28971408579785457
cam_tilt_x = 0.004352456945265077
cam_tilt_y = -0.02780086452654228
d_cam_ff  = -160.56970612957
ccd_ff_dec_x = -0.022705946685613
ccd_ff_dec_y = -0.047798428955332824
ccd_ff_tilt_x = 0.16504265957072725
ccd_ff_tilt_y = -0.5897272058664372
ccd_ff_tilt_z = 0.1717350401145052
d_ff_ccd  = -4.785371340244355
ccd_dec_x = 0.5520266939303518
ccd_dec_y = 5.106177214418031
ccd_defocus = 0.3157468487934281
ccd_tilt_x = 0.02137173106911128
ccd_tilt_y = -0.004206822273257468
ccd_tilt_z = 3.6524193131453967e-07
p = 2.2085454545454545e-06