slit_dec_x_a = -0.181778666534
slit_dec_y_a = -0.18243150017
slit_dec_x_b = 0.14512077562974193
slit_dec_y_b = -0.05510809031835813
slit_defocus = -0.013800811124458112
slit_tilt_x = 1.0540708000023153
slit_tilt_y = -8.559966592752307
slit_tilt_z = -9.026915215479317
d_slit_col = 1594.2902506814153
coll_tilt_x = 0.1214037822505912
coll_tilt_y = -0.026430275411699695
ech_G = 31.614564741139027
ech_blaze = -74.99488775602971
ech_gamma = 1.1556395112173692
echelle_z = 0.057000054298865045
d_col_trf = -1588.0163661412362
trf_mirror_tilt_x = 0.007287556587569751
trf_mirror_tilt_y = 0.15541427752991055
d_col_grm = 0.03563591007089625
grism_dec_x = 236.38321549957016
grism_dec_y = 0.009201481848930397
grm_tilt_x = -0.023502909557796065
grm_tilt_y = 2.325787278055107
grm_G = 222.78407000332146
grm_apex = 17.766571655755726
d_grm_cam  = 21.6046914578223
cam_dec_x = -0.2711299132860484
cam_dec_y = 0.2908840832405235
cam_tilt_x = 0.012423177763999422
cam_tilt_y = 0.008886627416730054
d_cam_ff  = -160.07695663051828
ccd_ff_dec_x = -0.023801746714011744
ccd_ff_dec_y = 0.04202552531937341
ccd_ff_tilt_x = 0.03349404822824765
ccd_ff_tilt_y = -0.5909861440706545
ccd_ff_tilt_z = 0.17191798942024553
d_ff_ccd  = -4.8159428969054
ccd_dec_x = 0.5532960393301392
ccd_dec_y = 5.107627728108753
ccd_defocus = 0.2857884224417157
ccd_tilt_x = 0.03260341256759063
ccd_tilt_y = -0.002170425089623683
ccd_tilt_z = 4.639512216169865e-06
p = 0.0001