slit_dec_x_a = -0.17038768473297722
slit_dec_y_a = -0.19579775917188366
slit_dec_x_b = 0.175
slit_dec_y_b = -2.6808401039509168e-96
slit_defocus = 0.0055323719502651785
slit_tilt_x = 1.1861033499359959
slit_tilt_y = -8.540128076315801
slit_tilt_z = -8.990816132411695
d_slit_col = 1594.2944810906088
coll_tilt_x = 0.088506302653408
coll_tilt_y = -0.03181362380440326
ech_G = 31.61067164523084
ech_blaze = -74.97718190097464
ech_gamma = 1.140463094925787
echelle_z = 0.07552374122848875
d_col_trf = -1588.0186281085184
trf_mirror_tilt_x = 0.13864991316461492
trf_mirror_tilt_y = 0.07755154475655095
d_col_grm = -0.009540527552660097
grism_dec_x = 236.43438307645837
grism_dec_y = 0.034241269424989465
grm_tilt_x = -0.01576936343400585
grm_tilt_y = 2.304356040566409
grm_G = 222.82520180118473
grm_apex = 17.81511672857552
d_grm_cam  = 21.608494759581166
cam_dec_x = -0.3021276879005779
cam_dec_y = 0.25034322259713776
cam_tilt_x = -0.018390939320630587
cam_tilt_y = -0.015036778394455342
d_cam_ff  = -160.40100778404943
ccd_ff_dec_x = -0.0035183449687613
ccd_ff_dec_y = 0.00015494578423280017
ccd_ff_tilt_x = 0.14602089259065618
ccd_ff_tilt_y = -0.5720447382320626
ccd_ff_tilt_z = 0.17252809700607957
d_ff_ccd  = -4.811222711682884
ccd_dec_x = 0.6206285166144161
ccd_dec_y = 5.155270024239499
ccd_defocus = 0.3163334373146027
ccd_tilt_x = 0.007803008684310642
ccd_tilt_y = -0.014028561033214407
ccd_tilt_z = 3.3936294529332453e-06
p = 3.4925454545454544e-06