slit_dec_x_a = -0.181778666534
slit_dec_y_a = -0.18243150017
slit_dec_x_b = 0.14512077562974193
slit_dec_y_b = -0.05510809031835813
slit_defocus = -0.002255187636250023
slit_tilt_x = 1.1347088464652908
slit_tilt_y = -8.56835513918347
slit_tilt_z = -9.003594281342673
d_slit_col = 1594.3039417883629
coll_tilt_x = 0.0864940932771861
coll_tilt_y = -0.022035510099805658
ech_G = 31.61093433539203
ech_blaze = -74.99582327548345
ech_gamma = 1.1582578381582527
echelle_z = 0.05649499353980307
d_col_trf = -1588.0164059393223
trf_mirror_tilt_x = 0.12244900919011106
trf_mirror_tilt_y = 0.018684266782588253
d_col_grm = 0.014940150537467028
grism_dec_x = 236.39750854094575
grism_dec_y = -0.005085825065647974
grm_tilt_x = -0.02466208165219315
grm_tilt_y = 2.327376805063129
grm_G = 222.78590156715282
grm_apex = 17.809061318957298
d_grm_cam  = 21.604772140688542
cam_dec_x = -0.28362638209389557
cam_dec_y = 0.289759972337087
cam_tilt_x = 0.004337383715450479
cam_tilt_y = -0.02776680263529576
d_cam_ff  = -160.569553109156
ccd_ff_dec_x = -0.022696975867970356
ccd_ff_dec_y = -0.047779085752451794
ccd_ff_tilt_x = 0.1650193290803034
ccd_ff_tilt_y = -0.589439139210781
ccd_ff_tilt_z = 0.1718657055131766
d_ff_ccd  = -4.785433194427446
ccd_dec_x = 0.5519046740097516
ccd_dec_y = 5.1063598612180385
ccd_defocus = 0.31587419320100185
ccd_tilt_x = 0.021395020733593614
ccd_tilt_y = -0.004196200749895215
ccd_tilt_z = 1.6107744897266992e-07
p = 3.4925454545454544e-06