slit_dec_x_a = -0.181778666534
slit_dec_y_a = -0.18243150017
slit_dec_x_b = 0.14512077562974193
slit_dec_y_b = -0.05510809031835813
slit_defocus = -0.013805212352796047
slit_tilt_x = 1.054096936286659
slit_tilt_y = -8.55996740068515
slit_tilt_z = -9.026885010257114
d_slit_col = 1594.2903177516566
coll_tilt_x = 0.12146031428020883
coll_tilt_y = -0.026494682601138058
ech_G = 31.61456151370764
ech_blaze = -74.99489646572054
ech_gamma = 1.1556407720394144
echelle_z = 0.05700290700359793
d_col_trf = -1588.016364366353
trf_mirror_tilt_x = 0.007323998549773999
trf_mirror_tilt_y = 0.1554354557697927
d_col_grm = 0.03562362636553892
grism_dec_x = 236.3832593830602
grism_dec_y = 0.009203966082041767
grm_tilt_x = -0.02350582099029675
grm_tilt_y = 2.3257897611004372
grm_G = 222.78407598517967
grm_apex = 17.76653254590894
d_grm_cam  = 21.604702754307965
cam_dec_x = -0.27117921029565495
cam_dec_y = 0.29085115694219876
cam_tilt_x = 0.012416475935645996
cam_tilt_y = 0.00888458161486374
d_cam_ff  = -160.07702303534862
ccd_ff_dec_x = -0.023803682310696416
ccd_ff_dec_y = 0.04201620217589006
ccd_ff_tilt_x = 0.03351736575461593
ccd_ff_tilt_y = -0.5909833715757666
ccd_ff_tilt_z = 0.1719170997275387
d_ff_ccd  = -4.815943113728385
ccd_dec_x = 0.5532937629279593
ccd_dec_y = 5.107628674885783
ccd_defocus = 0.2857809250436476
ccd_tilt_x = 0.03254311987998055
ccd_tilt_y = -0.0021037388552285845
ccd_tilt_z = 4.71414754811158e-06
p = 0.0001