slit_dec_x_a = -0.181778666534
slit_dec_y_a = -0.18243150017
slit_dec_x_b = 0.14512077562974193
slit_dec_y_b = -0.05510809031835813
slit_defocus = -0.002203575767500067
slit_tilt_x = 1.1346907981386807
slit_tilt_y = -8.56823783132131
slit_tilt_z = -9.003651358475965
d_slit_col = 1594.3039681507719
coll_tilt_x = 0.08644440463337796
coll_tilt_y = -0.022025294088519394
ech_G = 31.610873699965552
ech_blaze = -74.99550749139112
ech_gamma = 1.1581660891718486
echelle_z = 0.05759638830007472
d_col_trf = -1588.016272068413
trf_mirror_tilt_x = 0.12255208360523434
trf_mirror_tilt_y = 0.018666334850113396
d_col_grm = 0.01505578968879907
grism_dec_x = 236.39746576406512
grism_dec_y = -0.0050213946966749965
grm_tilt_x = -0.024762365071364936
grm_tilt_y = 2.3273393820218233
grm_G = 222.78575342177336
grm_apex = 17.809219875726576
d_grm_cam  = 21.604460201811605
cam_dec_x = -0.28356983769083693
cam_dec_y = 0.2897499377936836
cam_tilt_x = 0.004342231023028639
cam_tilt_y = -0.027815738226504485
d_cam_ff  = -160.56979531119958
ccd_ff_dec_x = -0.02277011284178022
ccd_ff_dec_y = -0.04779869545912722
ccd_ff_tilt_x = 0.16502869489220587
ccd_ff_tilt_y = -0.5897007718390413
ccd_ff_tilt_z = 0.17169323973236997
d_ff_ccd  = -4.7854165358795155
ccd_dec_x = 0.5518822280782247
ccd_dec_y = 5.106138213730037
ccd_defocus = 0.31574321488521634
ccd_tilt_x = 0.021327770565850595
ccd_tilt_y = -0.004209561902893327
ccd_tilt_z = 4.2024876982828705e-07
p = 1.874583333333333e-05