slit_dec_x_a = -0.17039072985808895
slit_dec_y_a = -0.19591104386212974
slit_dec_x_b = 0.175
slit_dec_y_b = -1.4725033290233142e-96
slit_defocus = 0.005587241770785505
slit_tilt_x = 1.1861639192045044
slit_tilt_y = -8.540037854777605
slit_tilt_z = -8.990849127274409
d_slit_col = 1594.2944561060613
coll_tilt_x = 0.08874973842501752
coll_tilt_y = -0.031890145138443446
ech_G = 31.61065979907145
ech_blaze = -74.9768746940732
ech_gamma = 1.1403584365680854
echelle_z = 0.0747719455602833
d_col_trf = -1588.0185335918236
trf_mirror_tilt_x = 0.13867359930989304
trf_mirror_tilt_y = 0.07751973165896489
d_col_grm = -0.00952718402930381
grism_dec_x = 236.43432747196093
grism_dec_y = 0.03416232297103332
grm_tilt_x = -0.01582675409229496
grm_tilt_y = 2.3043676350105557
grm_G = 222.82516530645216
grm_apex = 17.815127725368917
d_grm_cam  = 21.608479864971343
cam_dec_x = -0.3021276689290473
cam_dec_y = 0.25032862443018317
cam_tilt_x = -0.018439826651781017
cam_tilt_y = -0.015060074426024455
d_cam_ff  = -160.40094932041941
ccd_ff_dec_x = -0.0035310948494115427
ccd_ff_dec_y = 0.00022911048783416971
ccd_ff_tilt_x = 0.14604310389111702
ccd_ff_tilt_y = -0.5720609723016667
ccd_ff_tilt_z = 0.17256115299617839
d_ff_ccd  = -4.811257322786537
ccd_dec_x = 0.6206771679348485
ccd_dec_y = 5.1553100878872495
ccd_defocus = 0.31630271285460604
ccd_tilt_x = 0.0077109465116551555
ccd_tilt_y = -0.014092254076123936
ccd_tilt_z = 3.183071067761048e-06
p = 1.874583333333333e-05