slit_dec_x_a = -0.181778666534
slit_dec_y_a = -0.18243150017
slit_dec_x_b = 0.14512077562974193
slit_dec_y_b = -0.05510809031835813
slit_defocus = -0.002195846485954939
slit_tilt_x = 1.1347008174833249
slit_tilt_y = -8.568322467702076
slit_tilt_z = -9.003610831071414
d_slit_col = 1594.3039473023935
coll_tilt_x = 0.08646675672604666
coll_tilt_y = -0.022038649153355606
ech_G = 31.61089144450733
ech_blaze = -74.9955268149733
ech_gamma = 1.158093241695664
echelle_z = 0.05686767258050753
d_col_trf = -1588.01628434526
trf_mirror_tilt_x = 0.12251973109848706
trf_mirror_tilt_y = 0.01873238031267911
d_col_grm = 0.014997371325846633
grism_dec_x = 236.3974797400715
grism_dec_y = -0.005033645445182881
grm_tilt_x = -0.024610447492160566
grm_tilt_y = 2.327220377913482
grm_G = 222.7858146592035
grm_apex = 17.809122227581163
d_grm_cam  = 21.60453114030249
cam_dec_x = -0.28363321503135763
cam_dec_y = 0.28976486938984924
cam_tilt_x = 0.004278365713200232
cam_tilt_y = -0.027806344178498255
d_cam_ff  = -160.56963693013176
ccd_ff_dec_x = -0.022849996883790392
ccd_ff_dec_y = -0.047794453432088393
ccd_ff_tilt_x = 0.16502455118538534
ccd_ff_tilt_y = -0.5894946265908326
ccd_ff_tilt_z = 0.17184353436684044
d_ff_ccd  = -4.785383015297154
ccd_dec_x = 0.551918920896342
ccd_dec_y = 5.106531372740779
ccd_defocus = 0.3158151981726579
ccd_tilt_x = 0.021420748150650634
ccd_tilt_y = -0.004218465300853807
ccd_tilt_z = 2.229673560883099e-07
p = 4.886666666666667e-06