slit_dec_x_a = -0.17045032894787407
slit_dec_y_a = -0.1960929864502406
slit_dec_x_b = 0.175
slit_dec_y_b = -2.292599151222315e-96
slit_defocus = 0.005521187098887847
slit_tilt_x = 1.186107494166478
slit_tilt_y = -8.540078314694794
slit_tilt_z = -8.990858211171046
d_slit_col = 1594.2944500263736
coll_tilt_x = 0.08880793409121858
coll_tilt_y = -0.03173991760716025
ech_G = 31.61069847972699
ech_blaze = -74.97709669176899
ech_gamma = 1.1405242837771028
echelle_z = 0.07531763494753523
d_col_trf = -1588.018550487264
trf_mirror_tilt_x = 0.1386966869613542
trf_mirror_tilt_y = 0.07754962672041457
d_col_grm = -0.009509755170845909
grism_dec_x = 236.43431290344103
grism_dec_y = 0.034241366290421946
grm_tilt_x = -0.01594631803884878
grm_tilt_y = 2.3043734811996486
grm_G = 222.8252114016087
grm_apex = 17.815130882962507
d_grm_cam  = 21.608491270627642
cam_dec_x = -0.3021162244480926
cam_dec_y = 0.25035406619192596
cam_tilt_x = -0.018081724489730097
cam_tilt_y = -0.014995346640189706
d_cam_ff  = -160.40095581879632
ccd_ff_dec_x = -0.0035405343659278116
ccd_ff_dec_y = 0.00012577115131783017
ccd_ff_tilt_x = 0.1460428994815936
ccd_ff_tilt_y = -0.5720343136368575
ccd_ff_tilt_z = 0.17257460353476728
d_ff_ccd  = -4.811226152265858
ccd_dec_x = 0.6206495687972641
ccd_dec_y = 5.155281186447232
ccd_defocus = 0.31631779368196594
ccd_tilt_x = 0.007808711477695451
ccd_tilt_y = -0.014020721528741396
ccd_tilt_z = 3.282913643411592e-06
p = 4.886666666666667e-06