slit_dec_x_a = -0.181778666534
slit_dec_y_a = -0.18243150017
slit_dec_x_b = 0.14512077562974193
slit_dec_y_b = -0.05510809031835813
slit_defocus = -0.0021990567157700335
slit_tilt_x = 1.1347096079956844
slit_tilt_y = -8.568331518442065
slit_tilt_z = -9.003618520482163
d_slit_col = 1594.30392722574
coll_tilt_x = 0.08648260500342392
coll_tilt_y = -0.022043467012491557
ech_G = 31.610898423240855
ech_blaze = -74.99556170603714
ech_gamma = 1.1581427660138182
echelle_z = 0.056921183494548305
d_col_trf = -1588.0162918711774
trf_mirror_tilt_x = 0.12251710754611651
trf_mirror_tilt_y = 0.018750642314157354
d_col_grm = 0.014992258107919779
grism_dec_x = 236.39749243122293
grism_dec_y = -0.005053571073944647
grm_tilt_x = -0.024645180454407736
grm_tilt_y = 2.327307660554299
grm_G = 222.78586469294
grm_apex = 17.80912006968668
d_grm_cam  = 21.604577885726176
cam_dec_x = -0.28361555834827346
cam_dec_y = 0.28976443647704747
cam_tilt_x = 0.004295509186517933
cam_tilt_y = -0.02778204454114572
d_cam_ff  = -160.56963464062105
ccd_ff_dec_x = -0.022910890068850488
ccd_ff_dec_y = -0.047778384477062945
ccd_ff_tilt_x = 0.16502579333551096
ccd_ff_tilt_y = -0.5895049235587635
ccd_ff_tilt_z = 0.1718399787607959
d_ff_ccd  = -4.785358031461045
ccd_dec_x = 0.5519168832418945
ccd_dec_y = 5.106515359328612
ccd_defocus = 0.31582733235183424
ccd_tilt_x = 0.02142601141458555
ccd_tilt_y = -0.004218904386456912
ccd_tilt_z = 2.51019656179377e-07
p = 1.3969166666666667e-05