slit_dec_x_a = -0.181778666534
slit_dec_y_a = -0.18243150017
slit_dec_x_b = 0.14512077562974193
slit_dec_y_b = -0.05510809031835813
slit_defocus = -0.013736396807876987
slit_tilt_x = 1.0540286613295078
slit_tilt_y = -8.56002420454374
slit_tilt_z = -9.026807002686779
d_slit_col = 1594.2903103478018
coll_tilt_x = 0.12143896202902792
coll_tilt_y = -0.026475842208860543
ech_G = 31.614567969409723
ech_blaze = -74.9948880832786
ech_gamma = 1.155636580100304
echelle_z = 0.05699879469450956
d_col_trf = -1588.0163635177694
trf_mirror_tilt_x = 0.0073408499815313735
trf_mirror_tilt_y = 0.15541686041203234
d_col_grm = 0.035648900683426896
grism_dec_x = 236.38316912643282
grism_dec_y = 0.009222538648362083
grm_tilt_x = -0.02350320195846545
grm_tilt_y = 2.3257861633271086
grm_G = 222.7840660414337
grm_apex = 17.766622729817374
d_grm_cam  = 21.604694339302508
cam_dec_x = -0.271161245934026
cam_dec_y = 0.2909127864232571
cam_tilt_x = 0.012409308474030538
cam_tilt_y = 0.00878682742712932
d_cam_ff  = -160.0768744814126
ccd_ff_dec_x = -0.023800008597171136
ccd_ff_dec_y = 0.04205401495029913
ccd_ff_tilt_x = 0.03341141680444431
ccd_ff_tilt_y = -0.5909796739697308
ccd_ff_tilt_z = 0.17192303086672878
d_ff_ccd  = -4.8159782621894225
ccd_dec_x = 0.5533010313237761
ccd_dec_y = 5.107631882024127
ccd_defocus = 0.28578600512312674
ccd_tilt_x = 0.032611459072890626
ccd_tilt_y = -0.0021530725685145217
ccd_tilt_z = 4.667219521180762e-06
p = 0.0001