slit_dec_x_a = -0.1704010755187174
slit_dec_y_a = -0.1956586180351446
slit_dec_x_b = 0.175
slit_dec_y_b = -1.8574667946037367e-96
slit_defocus = 0.02140440898969217
slit_tilt_x = 1.1139658009435922
slit_tilt_y = -8.538448479080518
slit_tilt_z = -8.99161979177989
d_slit_col = 1594.3099313166367
coll_tilt_x = 0.11318897989076684
coll_tilt_y = -0.028929959797978896
ech_G = 31.613233986225122
ech_blaze = -74.97482736722442
ech_gamma = 1.1389736258587817
echelle_z = 0.07476922771722451
d_col_trf = -1588.0172348419742
trf_mirror_tilt_x = 0.02630582911630088
trf_mirror_tilt_y = 0.16223813807086182
d_col_grm = -0.004833435149127053
grism_dec_x = 236.42332854521456
grism_dec_y = 0.038160410174297714
grm_tilt_x = -0.014056322839858616
grm_tilt_y = 2.3052727864683513
grm_G = 222.8240024441511
grm_apex = 17.791029608545468
d_grm_cam  = 21.609816582825307
cam_dec_x = -0.30955362769663997
cam_dec_y = 0.24726327552832464
cam_tilt_x = -0.011090783464679248
cam_tilt_y = 0.0037491911783360064
d_cam_ff  = -160.05780153458895
ccd_ff_dec_x = -0.0026031455587347736
ccd_ff_dec_y = 0.053031050136800054
ccd_ff_tilt_x = 0.01954513241707454
ccd_ff_tilt_y = -0.5728049929159575
ccd_ff_tilt_z = 0.1800474119890558
d_ff_ccd  = -4.8389559175143715
ccd_dec_x = 0.6214061732114533
ccd_dec_y = 5.157149095332352
ccd_defocus = 0.2807519498040104
ccd_tilt_x = 0.005028315310244123
ccd_tilt_y = -0.010934224252176236
ccd_tilt_z = 5.04793562332463e-06
p = 0.0001