slit_dec_x_a = -0.181778666534
slit_dec_y_a = -0.18243150017
slit_dec_x_b = 0.14512077562974193
slit_dec_y_b = -0.05510809031835813
slit_defocus = -0.002239923566322
slit_tilt_x = 1.1347051421472525
slit_tilt_y = -8.568372392764338
slit_tilt_z = -9.003579419981289
d_slit_col = 1594.3039558675257
coll_tilt_x = 0.08648605822093829
coll_tilt_y = -0.022059855654801334
ech_G = 31.61092940456358
ech_blaze = -74.99580930240464
ech_gamma = 1.1582311470722269
echelle_z = 0.05645408119574391
d_col_trf = -1588.0164510119782
trf_mirror_tilt_x = 0.12244813871126142
trf_mirror_tilt_y = 0.018671403943592495
d_col_grm = 0.014937565308225778
grism_dec_x = 236.39751051966786
grism_dec_y = -0.00507193114867417
grm_tilt_x = -0.024666747501409677
grm_tilt_y = 2.327375263227743
grm_G = 222.78580809555675
grm_apex = 17.809052974535096
d_grm_cam  = 21.604753373571167
cam_dec_x = -0.2836333375246299
cam_dec_y = 0.28976461757908134
cam_tilt_x = 0.004326912993336959
cam_tilt_y = -0.027774137351537758
d_cam_ff  = -160.56955552834162
ccd_ff_dec_x = -0.022634391935131077
ccd_ff_dec_y = -0.04778854878320643
ccd_ff_tilt_x = 0.16502172064229742
ccd_ff_tilt_y = -0.5894948179427356
ccd_ff_tilt_z = 0.1717916325836839
d_ff_ccd  = -4.785428946807605
ccd_dec_x = 0.5519752757138299
ccd_dec_y = 5.106292879183701
ccd_defocus = 0.31588494095855146
ccd_tilt_x = 0.0213993133291136
ccd_tilt_y = -0.004191241760123865
ccd_tilt_z = 1.95204594993561e-07
p = 6.2468333333333335e-06