slit_dec_x_a = -0.17039294996178167
slit_dec_y_a = -0.19584410465043717
slit_dec_x_b = 0.175
slit_dec_y_b = -2.6400713049023184e-96
slit_defocus = 0.005528651404783945
slit_tilt_x = 1.1861059842399506
slit_tilt_y = -8.540131101491669
slit_tilt_z = -8.99080186780337
d_slit_col = 1594.2944931416912
coll_tilt_x = 0.08843174284628329
coll_tilt_y = -0.03174165107518619
ech_G = 31.610651676533084
ech_blaze = -74.97713104846163
ech_gamma = 1.1405434570960042
echelle_z = 0.075462520412403
d_col_trf = -1588.0186132658303
trf_mirror_tilt_x = 0.1386543681409445
trf_mirror_tilt_y = 0.07754818957612257
d_col_grm = -0.009543204687747513
grism_dec_x = 236.43439588300498
grism_dec_y = 0.034222076207454245
grm_tilt_x = -0.01583322489980411
grm_tilt_y = 2.3043642762448955
grm_G = 222.82519186627226
grm_apex = 17.815109702804
d_grm_cam  = 21.60851170923046
cam_dec_x = -0.30213020379059125
cam_dec_y = 0.2503315127897774
cam_tilt_x = -0.018309668163435967
cam_tilt_y = -0.015038683048121856
d_cam_ff  = -160.40101087317709
ccd_ff_dec_x = -0.00351267986115093
ccd_ff_dec_y = 0.00015908288066167106
ccd_ff_tilt_x = 0.14601634979894118
ccd_ff_tilt_y = -0.5720644108711508
ccd_ff_tilt_z = 0.17253826511517445
d_ff_ccd  = -4.811210006969576
ccd_dec_x = 0.6206403005161657
ccd_dec_y = 5.15526601967419
ccd_defocus = 0.31634211649292376
ccd_tilt_x = 0.007809148462893957
ccd_tilt_y = -0.014020642511142432
ccd_tilt_z = 3.3870043477897914e-06
p = 6.2468333333333335e-06