slit_dec_x_a = -0.181778666534
slit_dec_y_a = -0.18243150017
slit_dec_x_b = 0.14512077562974193
slit_dec_y_b = -0.05510809031835813
slit_defocus = -0.013741343156446123
slit_tilt_x = 1.0540796621581052
slit_tilt_y = -8.559997268088116
slit_tilt_z = -9.026798476194953
d_slit_col = 1594.2902451066032
coll_tilt_x = 0.12140548368732304
coll_tilt_y = -0.026475539913797117
ech_G = 31.61456092671751
ech_blaze = -74.99488989396885
ech_gamma = 1.1556424023093577
echelle_z = 0.05700351886790926
d_col_trf = -1588.0163655395006
trf_mirror_tilt_x = 0.0073145971126595145
trf_mirror_tilt_y = 0.15548565933540084
d_col_grm = 0.03574581886071627
grism_dec_x = 236.3832109901339
grism_dec_y = 0.009224315278812095
grm_tilt_x = -0.02350882328662435
grm_tilt_y = 2.325784897491687
grm_G = 222.78407685196186
grm_apex = 17.766569036732182
d_grm_cam  = 21.604701509906857
cam_dec_x = -0.2711381497553184
cam_dec_y = 0.29086723064915604
cam_tilt_x = 0.012463932664586317
cam_tilt_y = 0.008813491563175888
d_cam_ff  = -160.07716728649825
ccd_ff_dec_x = -0.023804866415239233
ccd_ff_dec_y = 0.04205027972446518
ccd_ff_tilt_x = 0.03344380821526402
ccd_ff_tilt_y = -0.5909786247927198
ccd_ff_tilt_z = 0.1719183337283452
d_ff_ccd  = -4.816002129432566
ccd_dec_x = 0.5532944155732697
ccd_dec_y = 5.107638494426867
ccd_defocus = 0.285755191008622
ccd_tilt_x = 0.03259683087562868
ccd_tilt_y = -0.0022065311278941626
ccd_tilt_z = 4.720960306827164e-06
p = 0.0001