slit_dec_x_a = -0.181778666534
slit_dec_y_a = -0.18243150017
slit_dec_x_b = 0.14512077562974193
slit_dec_y_b = -0.05510809031835813
slit_defocus = -0.002202492860849532
slit_tilt_x = 1.1347130874413214
slit_tilt_y = -8.568333284130375
slit_tilt_z = -9.003614400184034
d_slit_col = 1594.3039398261378
coll_tilt_x = 0.08648108761007718
coll_tilt_y = -0.0220309284669567
ech_G = 31.610896429817107
ech_blaze = -74.9955310262956
ech_gamma = 1.1581294128048907
echelle_z = 0.056901564332807957
d_col_trf = -1588.0162942966488
trf_mirror_tilt_x = 0.12252324359451222
trf_mirror_tilt_y = 0.01873959626756888
d_col_grm = 0.014991644806334506
grism_dec_x = 236.39748971737396
grism_dec_y = -0.0050382081420194055
grm_tilt_x = -0.024670953772852385
grm_tilt_y = 2.3272720566762017
grm_G = 222.78582626936344
grm_apex = 17.809119177022794
d_grm_cam  = 21.604556419018948
cam_dec_x = -0.2836242183700369
cam_dec_y = 0.2897565492167426
cam_tilt_x = 0.004281134438479274
cam_tilt_y = -0.027792031392552975
d_cam_ff  = -160.56965026212725
ccd_ff_dec_x = -0.02289252068592117
ccd_ff_dec_y = -0.047785981267872854
ccd_ff_tilt_x = 0.16501716942139757
ccd_ff_tilt_y = -0.5895010505880889
ccd_ff_tilt_z = 0.1717695714023824
d_ff_ccd  = -4.785357593623771
ccd_dec_x = 0.5519139280175007
ccd_dec_y = 5.106565176251024
ccd_defocus = 0.31582770092300055
ccd_tilt_x = 0.021432291335829114
ccd_tilt_y = -0.004207582687884805
ccd_tilt_z = 2.8112447040894675e-07
p = 1.5160833333333332e-05