slit_dec_x_a = -0.17044446342129205
slit_dec_y_a = -0.1960613292072045
slit_dec_x_b = 0.175
slit_dec_y_b = -2.3253607122796546e-96
slit_defocus = 0.005503776272620392
slit_tilt_x = 1.1861233453360331
slit_tilt_y = -8.540072835852998
slit_tilt_z = -8.99086548404533
d_slit_col = 1594.2944458026343
coll_tilt_x = 0.08881924839890307
coll_tilt_y = -0.031744534770283814
ech_G = 31.610687871847656
ech_blaze = -74.97702980518703
ech_gamma = 1.1405400836846127
echelle_z = 0.07522871585640577
d_col_trf = -1588.018549030756
trf_mirror_tilt_x = 0.13869800109611438
trf_mirror_tilt_y = 0.07754958187921776
d_col_grm = -0.009516970630043085
grism_dec_x = 236.43431903092187
grism_dec_y = 0.03423828647271432
grm_tilt_x = -0.01594756344039497
grm_tilt_y = 2.304379613171687
grm_G = 222.8251958758228
grm_apex = 17.815118849593556
d_grm_cam  = 21.608504177130868
cam_dec_x = -0.3021125298433912
cam_dec_y = 0.25034363794190523
cam_tilt_x = -0.018070440128750292
cam_tilt_y = -0.014987683598777257
d_cam_ff  = -160.40094755974837
ccd_ff_dec_x = -0.003549118431912976
ccd_ff_dec_y = 0.00012911115348978146
ccd_ff_tilt_x = 0.14603794475692689
ccd_ff_tilt_y = -0.5720435914803762
ccd_ff_tilt_z = 0.17255665146127364
d_ff_ccd  = -4.811230581829265
ccd_dec_x = 0.6206316839262355
ccd_dec_y = 5.155274009020842
ccd_defocus = 0.3163241139729352
ccd_tilt_x = 0.007821351741292198
ccd_tilt_y = -0.014012672078173017
ccd_tilt_z = 3.2562172909078818e-06
p = 1.5160833333333332e-05