slit_dec_x_a = -0.181778666534
slit_dec_y_a = -0.18243150017
slit_dec_x_b = 0.14512077562974193
slit_dec_y_b = -0.05510809031835813
slit_defocus = -0.002204507184936201
slit_tilt_x = 1.1347039455871537
slit_tilt_y = -8.568279535546585
slit_tilt_z = -9.003640835742056
d_slit_col = 1594.3039325620862
coll_tilt_x = 0.08642932082308923
coll_tilt_y = -0.022049862916169255
ech_G = 31.610894283449216
ech_blaze = -74.99563338265433
ech_gamma = 1.1581296934737584
echelle_z = 0.05735421949354042
d_col_trf = -1588.016343087856
trf_mirror_tilt_x = 0.1225351972072832
trf_mirror_tilt_y = 0.018689250707341846
d_col_grm = 0.015014390080748194
grism_dec_x = 236.39747306802798
grism_dec_y = -0.0050339272643661675
grm_tilt_x = -0.02465820311018316
grm_tilt_y = 2.3273349390679403
grm_G = 222.78572508276451
grm_apex = 17.809142546435222
d_grm_cam  = 21.604290048385604
cam_dec_x = -0.28362003406940567
cam_dec_y = 0.2897165017905037
cam_tilt_x = 0.004328366422089151
cam_tilt_y = -0.027794027228557745
d_cam_ff  = -160.5696150836914
ccd_ff_dec_x = -0.022802832516813372
ccd_ff_dec_y = -0.04779503171553807
ccd_ff_tilt_x = 0.1650334972209568
ccd_ff_tilt_y = -0.5897030485195183
ccd_ff_tilt_z = 0.17181984124843852
d_ff_ccd  = -4.785373476704175
ccd_dec_x = 0.5519798258779217
ccd_dec_y = 5.106246318798855
ccd_defocus = 0.31579865926057504
ccd_tilt_x = 0.02137506988911122
ccd_tilt_y = -0.004206175599433616
ccd_tilt_z = 3.6585772222780725e-07
p = 9.333363636363636e-06