slit_dec_x_a = -0.17043910221232028
slit_dec_y_a = -0.1959647775742762
slit_dec_x_b = 0.175
slit_dec_y_b = -2.188437898789212e-96
slit_defocus = 0.005547394030206174
slit_tilt_x = 1.1861172175905825
slit_tilt_y = -8.539991135101056
slit_tilt_z = -8.99085621993245
d_slit_col = 1594.2944609881727
coll_tilt_x = 0.08880413837332576
coll_tilt_y = -0.03172511114118637
ech_G = 31.610677034236605
ech_blaze = -74.97683581289395
ech_gamma = 1.1405126391465688
echelle_z = 0.07489594791935357
d_col_trf = -1588.018582970016
trf_mirror_tilt_x = 0.13865415763806344
trf_mirror_tilt_y = 0.07758898161685383
d_col_grm = -0.009557987317633354
grism_dec_x = 236.43431247290934
grism_dec_y = 0.034198767139979644
grm_tilt_x = -0.015711882863031455
grm_tilt_y = 2.304373055595853
grm_G = 222.82518833322098
grm_apex = 17.815113520519784
d_grm_cam  = 21.608483834846986
cam_dec_x = -0.30216621404969085
cam_dec_y = 0.2503667912959645
cam_tilt_x = -0.018593334096898857
cam_tilt_y = -0.015051454359448772
d_cam_ff  = -160.4009524449516
ccd_ff_dec_x = -0.0035242476883890574
ccd_ff_dec_y = 0.0001718083186220042
ccd_ff_tilt_x = 0.1460280575657565
ccd_ff_tilt_y = -0.5720776053905264
ccd_ff_tilt_z = 0.17259159981264294
d_ff_ccd  = -4.811248057300178
ccd_dec_x = 0.6206906344493535
ccd_dec_y = 5.1552849363867095
ccd_defocus = 0.31631478555737924
ccd_tilt_x = 0.007729412668120736
ccd_tilt_y = -0.014030028937725116
ccd_tilt_z = 3.1611363889258747e-06
p = 9.333363636363636e-06