slit_dec_x_a = -0.181778666534
slit_dec_y_a = -0.18243150017
slit_dec_x_b = 0.14512077562974193
slit_dec_y_b = -0.05510809031835813
slit_defocus = -0.0022105343573016233
slit_tilt_x = 1.1346655633259735
slit_tilt_y = -8.568364550191134
slit_tilt_z = -9.003608683297884
d_slit_col = 1594.3039805481894
coll_tilt_x = 0.0864598207306797
coll_tilt_y = -0.02206187359534556
ech_G = 31.610894766894088
ech_blaze = -74.99555548883721
ech_gamma = 1.1581620759078153
echelle_z = 0.056740754870162016
d_col_trf = -1588.016432185159
trf_mirror_tilt_x = 0.12253078813297832
trf_mirror_tilt_y = 0.018706768063938253
d_col_grm = 0.014986837715136212
grism_dec_x = 236.3974677183321
grism_dec_y = -0.005068161241663131
grm_tilt_x = -0.024654513451749387
grm_tilt_y = 2.3273867853795545
grm_G = 222.7857627219126
grm_apex = 17.809097345602645
d_grm_cam  = 21.604771270476157
cam_dec_x = -0.28363470226454435
cam_dec_y = 0.289758173714905
cam_tilt_x = 0.004313361260304985
cam_tilt_y = -0.027788551437458217
d_cam_ff  = -160.56957643803642
ccd_ff_dec_x = -0.022878738344721497
ccd_ff_dec_y = -0.04778756553797759
ccd_ff_tilt_x = 0.16505012854241632
ccd_ff_tilt_y = -0.589313942071908
ccd_ff_tilt_z = 0.17187691634958344
d_ff_ccd  = -4.785378921119606
ccd_dec_x = 0.5518600454809379
ccd_dec_y = 5.1064182376934655
ccd_defocus = 0.3158331143329085
ccd_tilt_x = 0.021387887613652314
ccd_tilt_y = -0.004222994068727519
ccd_tilt_z = 2.603750263975701e-07
p = 7.882249999999999e-06