slit_dec_x_a = -0.17041355596680197
slit_dec_y_a = -0.19584005986794067
slit_dec_x_b = 0.175
slit_dec_y_b = -2.3451112399607117e-96
slit_defocus = 0.005514403226292118
slit_tilt_x = 1.1861294481681004
slit_tilt_y = -8.540105374437767
slit_tilt_z = -8.99083852296455
d_slit_col = 1594.294444305587
coll_tilt_x = 0.08852669378300454
coll_tilt_y = -0.03180160348533681
ech_G = 31.610656448312145
ech_blaze = -74.97706315510143
ech_gamma = 1.1404324605098002
echelle_z = 0.0753555612624733
d_col_trf = -1588.01858219685
trf_mirror_tilt_x = 0.13868481464760116
trf_mirror_tilt_y = 0.07754321041995725
d_col_grm = -0.009517147972267307
grism_dec_x = 236.43433586487353
grism_dec_y = 0.034241376820887306
grm_tilt_x = -0.015822343509809038
grm_tilt_y = 2.304346612728174
grm_G = 222.8252030908708
grm_apex = 17.815124764655263
d_grm_cam  = 21.608492904271063
cam_dec_x = -0.30211937790561066
cam_dec_y = 0.25035933788053216
cam_tilt_x = -0.018283734040876333
cam_tilt_y = -0.015026985344245807
d_cam_ff  = -160.4009735390804
ccd_ff_dec_x = -0.003543313503735648
ccd_ff_dec_y = 0.00017530275133616712
ccd_ff_tilt_x = 0.1460262973968472
ccd_ff_tilt_y = -0.5720152299315698
ccd_ff_tilt_z = 0.1725420636459721
d_ff_ccd  = -4.811234236689627
ccd_dec_x = 0.6206664256064822
ccd_dec_y = 5.155278104278153
ccd_defocus = 0.31632238282272557
ccd_tilt_x = 0.007792028877934262
ccd_tilt_y = -0.013992199313809827
ccd_tilt_z = 3.288428358576807e-06
p = 7.882249999999999e-06