slit_dec_x_a = -0.1704010755187174
slit_dec_y_a = -0.1956586180351446
slit_dec_x_b = 0.175
slit_dec_y_b = -1.8275130078643017e-96
slit_defocus = 0.021392808157864512
slit_tilt_x = 1.114064046890491
slit_tilt_y = -8.538404041116
slit_tilt_z = -8.991589408400625
d_slit_col = 1594.309953776256
coll_tilt_x = 0.11322822110976301
coll_tilt_y = -0.028844135805866627
ech_G = 31.61323089140786
ech_blaze = -74.97483082593394
ech_gamma = 1.1389735846243338
echelle_z = 0.07477301126760867
d_col_trf = -1588.0172318934867
trf_mirror_tilt_x = 0.026305376868001107
trf_mirror_tilt_y = 0.16223205477081298
d_col_grm = -0.004875797404237662
grism_dec_x = 236.4233503670908
grism_dec_y = 0.038182236416356846
grm_tilt_x = -0.01405375053990987
grm_tilt_y = 2.305279008461557
grm_G = 222.8240008736118
grm_apex = 17.791034490180916
d_grm_cam  = 21.609822242595037
cam_dec_x = -0.30954462592076876
cam_dec_y = 0.24727481113332278
cam_tilt_x = -0.010946773989432564
cam_tilt_y = 0.0038032552114860363
d_cam_ff  = -160.05756473446615
ccd_ff_dec_x = -0.002597539349932704
ccd_ff_dec_y = 0.05302206578623978
ccd_ff_tilt_x = 0.019460920308155688
ccd_ff_tilt_y = -0.5727951837739408
ccd_ff_tilt_z = 0.18005732133475166
d_ff_ccd  = -4.83888508173276
ccd_dec_x = 0.6214090227626737
ccd_dec_y = 5.157149592873714
ccd_defocus = 0.28077801738235775
ccd_tilt_x = 0.005050426437447415
ccd_tilt_y = -0.010898262656957862
ccd_tilt_z = 5.103388377474922e-06
p = 0.0001