slit_dec_x_a = -0.17041880581384877
slit_dec_y_a = -0.19589629545062143
slit_dec_x_b = 0.175
slit_dec_y_b = -2.289427828154708e-96
slit_defocus = 0.005510913672134192
slit_tilt_x = 1.1861224884532238
slit_tilt_y = -8.540097621625996
slit_tilt_z = -8.990841209896962
d_slit_col = 1594.2944424252444
coll_tilt_x = 0.08857773811618985
coll_tilt_y = -0.03170196542262111
ech_G = 31.61066262375696
ech_blaze = -74.97708045129522
ech_gamma = 1.1405373922752637
echelle_z = 0.0753656190947954
d_col_trf = -1588.0185613167105
trf_mirror_tilt_x = 0.13868725510018393
trf_mirror_tilt_y = 0.0775360610207814
d_col_grm = -0.009535205524940995
grism_dec_x = 236.4343265615518
grism_dec_y = 0.034246220287593644
grm_tilt_x = -0.015887803040541507
grm_tilt_y = 2.3043449021024824
grm_G = 222.8252095231387
grm_apex = 17.81514394694274
d_grm_cam  = 21.608482987764127
cam_dec_x = -0.3021109408631532
cam_dec_y = 0.2503459695827205
cam_tilt_x = -0.01820919312275565
cam_tilt_y = -0.015013650661850066
d_cam_ff  = -160.4009510150337
ccd_ff_dec_x = -0.0035584590735554798
ccd_ff_dec_y = 0.00014909061722037404
ccd_ff_tilt_x = 0.1460357535349349
ccd_ff_tilt_y = -0.5720243797984169
ccd_ff_tilt_z = 0.17254478599368914
d_ff_ccd  = -4.81124458337886
ccd_dec_x = 0.6206731418945287
ccd_dec_y = 5.155292456398389
ccd_defocus = 0.316324245724807
ccd_tilt_x = 0.007815942279302254
ccd_tilt_y = -0.01400037983000044
ccd_tilt_z = 3.278023271844215e-06
p = 1.3140000000000001e-05