slit_dec_x_a = -0.1704010755187174
slit_dec_y_a = -0.1956586180351446
slit_dec_x_b = 0.175
slit_dec_y_b = -1.8763243209729966e-96
slit_defocus = 0.021426476956394835
slit_tilt_x = 1.113992399891993
slit_tilt_y = -8.538460297077952
slit_tilt_z = -8.991629896816319
d_slit_col = 1594.3099548283167
coll_tilt_x = 0.1131525399787198
coll_tilt_y = -0.028839538460042117
ech_G = 31.613227606257492
ech_blaze = -74.97482740996551
ech_gamma = 1.138971704847511
echelle_z = 0.074764533015713
d_col_trf = -1588.0172312251113
trf_mirror_tilt_x = 0.02631520752266949
trf_mirror_tilt_y = 0.1622506076127642
d_col_grm = -0.00483853451760388
grism_dec_x = 236.4233467310744
grism_dec_y = 0.03814326902028181
grm_tilt_x = -0.014050468393059479
grm_tilt_y = 2.3052738784060796
grm_G = 222.82400131774543
grm_apex = 17.79107469076248
d_grm_cam  = 21.609821597744393
cam_dec_x = -0.30952140837767506
cam_dec_y = 0.24722130772757153
cam_tilt_x = -0.011079201963590248
cam_tilt_y = 0.0037814361891064887
d_cam_ff  = -160.0576916226689
ccd_ff_dec_x = -0.0025969643484846337
ccd_ff_dec_y = 0.053050948106249225
ccd_ff_tilt_x = 0.019531247231376017
ccd_ff_tilt_y = -0.5728045233897351
ccd_ff_tilt_z = 0.18005693556275737
d_ff_ccd  = -4.8389796408644115
ccd_dec_x = 0.621410825021742
ccd_dec_y = 5.157146702053947
ccd_defocus = 0.28075660530926466
ccd_tilt_x = 0.005031113511529265
ccd_tilt_y = -0.010861506401991705
ccd_tilt_z = 5.101560374240073e-06
p = 0.0001