slit_dec_x_a = -0.181778666534
slit_dec_y_a = -0.18243150017
slit_dec_x_b = 0.14512077562974193
slit_dec_y_b = -0.05510809031835813
slit_defocus = -0.013712674622396505
slit_tilt_x = 1.0541469781213886
slit_tilt_y = -8.559963591286206
slit_tilt_z = -9.026880764886188
d_slit_col = 1594.2902729988984
coll_tilt_x = 0.12143926408522941
coll_tilt_y = -0.026392321302921986
ech_G = 31.61456658102017
ech_blaze = -74.9948902455878
ech_gamma = 1.1556395407358608
echelle_z = 0.05701080210796845
d_col_trf = -1588.0163641735444
trf_mirror_tilt_x = 0.0072482208074158
trf_mirror_tilt_y = 0.15550300789045599
d_col_grm = 0.035650929956947804
grism_dec_x = 236.38324976858746
grism_dec_y = 0.009223721736868052
grm_tilt_x = -0.02351381899375315
grm_tilt_y = 2.3257837887359294
grm_G = 222.78407060714812
grm_apex = 17.766536725273223
d_grm_cam  = 21.6047010214503
cam_dec_x = -0.27110432876835894
cam_dec_y = 0.29086188451162737
cam_tilt_x = 0.012450123729888714
cam_tilt_y = 0.008738771822010407
d_cam_ff  = -160.0769856033753
ccd_ff_dec_x = -0.023808394615424524
ccd_ff_dec_y = 0.042026854661616694
ccd_ff_tilt_x = 0.03348432633577139
ccd_ff_tilt_y = -0.5909765621965855
ccd_ff_tilt_z = 0.17191545294285995
d_ff_ccd  = -4.816018392178148
ccd_dec_x = 0.553292243088249
ccd_dec_y = 5.107635069835432
ccd_defocus = 0.28576753258933635
ccd_tilt_x = 0.032642147350519866
ccd_tilt_y = -0.0021775457026484623
ccd_tilt_z = 4.685469691591865e-06
p = 0.0001