slit_dec_x_a = -0.181778666534
slit_dec_y_a = -0.18243150017
slit_dec_x_b = 0.14512077562974193
slit_dec_y_b = -0.05510809031835813
slit_defocus = -0.0021912318774048125
slit_tilt_x = 1.1346924529386926
slit_tilt_y = -8.568284241761413
slit_tilt_z = -9.003643943431783
d_slit_col = 1594.3039376973963
coll_tilt_x = 0.08642339007432906
coll_tilt_y = -0.022048623584861742
ech_G = 31.610891823687965
ech_blaze = -74.99562724069986
ech_gamma = 1.1581290875472798
echelle_z = 0.05735699829165102
d_col_trf = -1588.0163655553467
trf_mirror_tilt_x = 0.12253653290752574
trf_mirror_tilt_y = 0.018674053159665686
d_col_grm = 0.015012308272055937
grism_dec_x = 236.3974591909216
grism_dec_y = -0.005032709421101803
grm_tilt_x = -0.024665997541155484
grm_tilt_y = 2.3273701735006025
grm_G = 222.78570087791852
grm_apex = 17.809143821966565
d_grm_cam  = 21.604298399460664
cam_dec_x = -0.2836153502695966
cam_dec_y = 0.2897169476599606
cam_tilt_x = 0.004334799495055407
cam_tilt_y = -0.02779523460845234
d_cam_ff  = -160.56962740835286
ccd_ff_dec_x = -0.022824696540666385
ccd_ff_dec_y = -0.04779271843557511
ccd_ff_tilt_x = 0.16503329321605226
ccd_ff_tilt_y = -0.5897411753159113
ccd_ff_tilt_z = 0.17181326423272514
d_ff_ccd  = -4.785373038306614
ccd_dec_x = 0.5520292661052384
ccd_dec_y = 5.106263142547967
ccd_defocus = 0.3158015216042018
ccd_tilt_x = 0.021376901990618515
ccd_tilt_y = -0.004199528181864809
ccd_tilt_z = 3.5220249921019647e-07
p = 9.986545454545455e-06