slit_dec_x_a = -0.1704010755187174
slit_dec_y_a = -0.1956586180351446
slit_dec_x_b = 0.175
slit_dec_y_b = -1.8752296474677094e-96
slit_defocus = 0.02133886988620011
slit_tilt_x = 1.114068319696574
slit_tilt_y = -8.538439574065285
slit_tilt_z = -8.991718215738786
d_slit_col = 1594.3098851103935
coll_tilt_x = 0.11320125240700932
coll_tilt_y = -0.028864677919047423
ech_G = 31.613231061466973
ech_blaze = -74.97483397404064
ech_gamma = 1.138979498729599
echelle_z = 0.07476579165815263
d_col_trf = -1588.0172320811632
trf_mirror_tilt_x = 0.026310884424091997
trf_mirror_tilt_y = 0.16219702248285597
d_col_grm = -0.004794167510316903
grism_dec_x = 236.42329580511796
grism_dec_y = 0.0381591028584498
grm_tilt_x = -0.01405741864630432
grm_tilt_y = 2.3052758967603517
grm_G = 222.82400107879832
grm_apex = 17.79097988739233
d_grm_cam  = 21.6098187180509
cam_dec_x = -0.3095235572576463
cam_dec_y = 0.24723306051080077
cam_tilt_x = -0.011024123547944754
cam_tilt_y = 0.0037967319750832535
d_cam_ff  = -160.05772233130986
ccd_ff_dec_x = -0.0025967960855679284
ccd_ff_dec_y = 0.05310809075759223
ccd_ff_tilt_x = 0.019565764006885887
ccd_ff_tilt_y = -0.5728069460679516
ccd_ff_tilt_z = 0.18005455999843878
d_ff_ccd  = -4.838921536526498
ccd_dec_x = 0.6214065032785538
ccd_dec_y = 5.157145776773908
ccd_defocus = 0.28072484550738286
ccd_tilt_x = 0.005090948844235995
ccd_tilt_y = -0.010906004173791803
ccd_tilt_z = 5.0913149098177905e-06
p = 0.0001