slit_dec_x_a = -0.181778666534
slit_dec_y_a = -0.18243150017
slit_dec_x_b = 0.14512077562974193
slit_dec_y_b = -0.05510809031835813
slit_defocus = -0.002197121926197911
slit_tilt_x = 1.1347059499368228
slit_tilt_y = -8.568323367403451
slit_tilt_z = -9.003622637778037
d_slit_col = 1594.303940501459
coll_tilt_x = 0.08647724144739101
coll_tilt_y = -0.022037206178386334
ech_G = 31.61088950296104
ech_blaze = -74.99551491535968
ech_gamma = 1.1581237651116065
echelle_z = 0.056869198734271
d_col_trf = -1588.016253535766
trf_mirror_tilt_x = 0.12252366724338117
trf_mirror_tilt_y = 0.01872974758102099
d_col_grm = 0.014997501485469543
grism_dec_x = 236.39748191596476
grism_dec_y = -0.005034218523815839
grm_tilt_x = -0.02463114753248971
grm_tilt_y = 2.327247325053748
grm_G = 222.78579922226186
grm_apex = 17.809120582611133
d_grm_cam  = 21.604561231047047
cam_dec_x = -0.28363107221431677
cam_dec_y = 0.2897693680354872
cam_tilt_x = 0.00427518118427898
cam_tilt_y = -0.027798616999103208
d_cam_ff  = -160.5696342504787
ccd_ff_dec_x = -0.022849850226065983
ccd_ff_dec_y = -0.04778715803336772
ccd_ff_tilt_x = 0.165011429434105
ccd_ff_tilt_y = -0.5894934599015162
ccd_ff_tilt_z = 0.17183349376301932
d_ff_ccd  = -4.7853799862597555
ccd_dec_x = 0.5518768209116086
ccd_dec_y = 5.106524119494635
ccd_defocus = 0.3158270587142824
ccd_tilt_x = 0.021420388667468492
ccd_tilt_y = -0.0042088882846332025
ccd_tilt_z = 2.970084546894197e-07
p = 6.135166666666666e-06