slit_dec_x_a = -0.17043586862586074
slit_dec_y_a = -0.19612496416737157
slit_dec_x_b = 0.175
slit_dec_y_b = -2.2064414928283916e-96
slit_defocus = 0.005515548379814272
slit_tilt_x = 1.1861150318753855
slit_tilt_y = -8.540075005520372
slit_tilt_z = -8.990875046471867
d_slit_col = 1594.2944551334397
coll_tilt_x = 0.0887917472656999
coll_tilt_y = -0.03177754042431753
ech_G = 31.610686560737733
ech_blaze = -74.97705624327688
ech_gamma = 1.140494342587412
echelle_z = 0.07530785374783651
d_col_trf = -1588.0185474358298
trf_mirror_tilt_x = 0.13870341862996519
trf_mirror_tilt_y = 0.07753132956305371
d_col_grm = -0.00953260665347471
grism_dec_x = 236.43431505721395
grism_dec_y = 0.034234007968945546
grm_tilt_x = -0.015975573264088907
grm_tilt_y = 2.30438053226041
grm_G = 222.82519881924856
grm_apex = 17.815139277096687
d_grm_cam  = 21.608493568911857
cam_dec_x = -0.3021119298336051
cam_dec_y = 0.250346366964389
cam_tilt_x = -0.018058556761556623
cam_tilt_y = -0.014992300190065247
d_cam_ff  = -160.4009516615568
ccd_ff_dec_x = -0.003547233452446788
ccd_ff_dec_y = 0.00012495686097413467
ccd_ff_tilt_x = 0.14604896401091913
ccd_ff_tilt_y = -0.5720495148723048
ccd_ff_tilt_z = 0.1725612549496391
d_ff_ccd  = -4.811227087018755
ccd_dec_x = 0.6206418559858601
ccd_dec_y = 5.155276740350478
ccd_defocus = 0.3163189617142025
ccd_tilt_x = 0.00781499912738703
ccd_tilt_y = -0.014022240078601693
ccd_tilt_z = 3.2427343575809866e-06
p = 6.135166666666666e-06