slit_dec_x_a = -0.181778666534
slit_dec_y_a = -0.18243150017
slit_dec_x_b = 0.14512077562974193
slit_dec_y_b = -0.05510809031835813
slit_defocus = -0.01378777378658482
slit_tilt_x = 1.0540576978819522
slit_tilt_y = -8.559910882417915
slit_tilt_z = -9.026884655635673
d_slit_col = 1594.2903312824835
coll_tilt_x = 0.1214448453872468
coll_tilt_y = -0.02643304172108239
ech_G = 31.61455777399142
ech_blaze = -74.99489343735692
ech_gamma = 1.1556465866462184
echelle_z = 0.0570035972817259
d_col_trf = -1588.0163646678707
trf_mirror_tilt_x = 0.007355662270954336
trf_mirror_tilt_y = 0.15551171797504268
d_col_grm = 0.03557551199288053
grism_dec_x = 236.38318989175687
grism_dec_y = 0.009218590721138379
grm_tilt_x = -0.02350429124788011
grm_tilt_y = 2.3257899461604294
grm_G = 222.78406695339282
grm_apex = 17.766604925554134
d_grm_cam  = 21.60470031262247
cam_dec_x = -0.2711264103686508
cam_dec_y = 0.29082576104265584
cam_tilt_x = 0.012479575731521586
cam_tilt_y = 0.008941112281627516
d_cam_ff  = -160.07729736155605
ccd_ff_dec_x = -0.023798653133020955
ccd_ff_dec_y = 0.042024397036431
ccd_ff_tilt_x = 0.03350425954650396
ccd_ff_tilt_y = -0.5909766593092909
ccd_ff_tilt_z = 0.17191902716078203
d_ff_ccd  = -4.816036595864362
ccd_dec_x = 0.5532946830953895
ccd_dec_y = 5.10763011788332
ccd_defocus = 0.28582215465729693
ccd_tilt_x = 0.0325474676856447
ccd_tilt_y = -0.002185214758891264
ccd_tilt_z = 4.6725287258160405e-06
p = 0.0001