slit_dec_x_a = -0.181778666534
slit_dec_y_a = -0.18243150017
slit_dec_x_b = 0.14512077562974193
slit_dec_y_b = -0.05510809031835813
slit_defocus = -0.002208685395814755
slit_tilt_x = 1.134688210848605
slit_tilt_y = -8.568227922020158
slit_tilt_z = -9.003678657486502
d_slit_col = 1594.3039217897606
coll_tilt_x = 0.08642388175435885
coll_tilt_y = -0.022048809948022493
ech_G = 31.610887062501153
ech_blaze = -74.99560286990375
ech_gamma = 1.1581111263252837
echelle_z = 0.057503867040355906
d_col_trf = -1588.0162560767956
trf_mirror_tilt_x = 0.12252465394405489
trf_mirror_tilt_y = 0.018682496602597992
d_col_grm = 0.015060858325894612
grism_dec_x = 236.39746784102985
grism_dec_y = -0.005023172454671963
grm_tilt_x = -0.02478597351832738
grm_tilt_y = 2.327245635294705
grm_G = 222.78580691378514
grm_apex = 17.809197213012766
d_grm_cam  = 21.604335984727978
cam_dec_x = -0.28358214494779216
cam_dec_y = 0.2897329783410437
cam_tilt_x = 0.004359306266233657
cam_tilt_y = -0.027813647756626515
d_cam_ff  = -160.5696950918896
ccd_ff_dec_x = -0.022663652333454607
ccd_ff_dec_y = -0.04779071901251383
ccd_ff_tilt_x = 0.16503980886063596
ccd_ff_tilt_y = -0.5897241941498785
ccd_ff_tilt_z = 0.17170489987274856
d_ff_ccd  = -4.785392487891852
ccd_dec_x = 0.5519517570068475
ccd_dec_y = 5.106079094867638
ccd_defocus = 0.31575497272807107
ccd_tilt_x = 0.021356210375302054
ccd_tilt_y = -0.004205918332774634
ccd_tilt_z = 4.245300625355149e-07
p = 2.4516666666666665e-05