slit_dec_x_a = -0.17039250696953903
slit_dec_y_a = -0.19596627891094218
slit_dec_x_b = 0.175
slit_dec_y_b = -1.5407785191715166e-96
slit_defocus = 0.005552170010313479
slit_tilt_x = 1.186171379876788
slit_tilt_y = -8.540020717446428
slit_tilt_z = -8.990837217439335
d_slit_col = 1594.2944529028125
coll_tilt_x = 0.0888400055028842
coll_tilt_y = -0.03186188231507497
ech_G = 31.61067774987503
ech_blaze = -74.97686064631544
ech_gamma = 1.1403903820713832
echelle_z = 0.0748156286648281
d_col_trf = -1588.0185301848148
trf_mirror_tilt_x = 0.13866981504836975
trf_mirror_tilt_y = 0.07756418919464772
d_col_grm = -0.009552688405550794
grism_dec_x = 236.4343283349072
grism_dec_y = 0.03417794956927608
grm_tilt_x = -0.015766984708925815
grm_tilt_y = 2.3043659872330746
grm_G = 222.82519362508162
grm_apex = 17.815138433517618
d_grm_cam  = 21.608453248928193
cam_dec_x = -0.3021307545566485
cam_dec_y = 0.25032908519956226
cam_tilt_x = -0.018551627660165496
cam_tilt_y = -0.01506366930601496
d_cam_ff  = -160.4009379306679
ccd_ff_dec_x = -0.0035120862059578855
ccd_ff_dec_y = 0.00020961110643592492
ccd_ff_tilt_x = 0.14604058473120649
ccd_ff_tilt_y = -0.5720575532412707
ccd_ff_tilt_z = 0.17258713391820776
d_ff_ccd  = -4.811281681975661
ccd_dec_x = 0.620703774648077
ccd_dec_y = 5.155323761669182
ccd_defocus = 0.31632789331165756
ccd_tilt_x = 0.007712497616433175
ccd_tilt_y = -0.01408057283145044
ccd_tilt_z = 3.1340440280147795e-06
p = 2.4516666666666665e-05