slit_dec_x_a = -0.181778666534
slit_dec_y_a = -0.18243150017
slit_dec_x_b = 0.14512077562974193
slit_dec_y_b = -0.05510809031835813
slit_defocus = -0.013759920936180413
slit_tilt_x = 1.0541467331899794
slit_tilt_y = -8.559984644554577
slit_tilt_z = -9.02681383930644
d_slit_col = 1594.290255757136
coll_tilt_x = 0.12146288496400617
coll_tilt_y = -0.026480857490875722
ech_G = 31.61456287566265
ech_blaze = -74.99488281069927
ech_gamma = 1.1556401206568077
echelle_z = 0.057006586741044314
d_col_trf = -1588.0163629197339
trf_mirror_tilt_x = 0.007332583950920251
trf_mirror_tilt_y = 0.15543579070097135
d_col_grm = 0.035681384544093885
grism_dec_x = 236.38324775346936
grism_dec_y = 0.00922872951230487
grm_tilt_x = -0.023502573894974392
grm_tilt_y = 2.325786935213633
grm_G = 222.7840612469891
grm_apex = 17.76653327678675
d_grm_cam  = 21.6047053303221
cam_dec_x = -0.27109767547618435
cam_dec_y = 0.2909120338922669
cam_tilt_x = 0.012478829118974225
cam_tilt_y = 0.008888440592092263
d_cam_ff  = -160.07714631176597
ccd_ff_dec_x = -0.023799481216264382
ccd_ff_dec_y = 0.04209204587249286
ccd_ff_tilt_x = 0.03347008033146633
ccd_ff_tilt_y = -0.5909837281948558
ccd_ff_tilt_z = 0.17192125243214362
d_ff_ccd  = -4.816032202578195
ccd_dec_x = 0.5533006625963733
ccd_dec_y = 5.107634639053851
ccd_defocus = 0.28577328786353895
ccd_tilt_x = 0.03261353888707024
ccd_tilt_y = -0.002107175362239762
ccd_tilt_z = 4.684069600249752e-06
p = 0.0001