slit_dec_x_a = -0.1704010755187174
slit_dec_y_a = -0.1956586180351446
slit_dec_x_b = 0.175
slit_dec_y_b = -1.7772534292581095e-96
slit_defocus = 0.021391623725005283
slit_tilt_x = 1.1140310112437188
slit_tilt_y = -8.538487196119242
slit_tilt_z = -8.991659097155427
d_slit_col = 1594.3099645673985
coll_tilt_x = 0.11318938298372157
coll_tilt_y = -0.028903230827521782
ech_G = 31.61323019449383
ech_blaze = -74.97483400297205
ech_gamma = 1.1389777027570487
echelle_z = 0.07476503441496067
d_col_trf = -1588.017234175326
trf_mirror_tilt_x = 0.026268960847707846
trf_mirror_tilt_y = 0.16217863074430028
d_col_grm = -0.004834654137456641
grism_dec_x = 236.42328045926874
grism_dec_y = 0.03819580390341038
grm_tilt_x = -0.014059707008500448
grm_tilt_y = 2.3052728654410286
grm_G = 222.82400283232008
grm_apex = 17.791010591879946
d_grm_cam  = 21.609823022330648
cam_dec_x = -0.3095735128066587
cam_dec_y = 0.24724723909775131
cam_tilt_x = -0.011039363782313077
cam_tilt_y = 0.0037924826782042742
d_cam_ff  = -160.05777540008643
ccd_ff_dec_x = -0.0025928342925683823
ccd_ff_dec_y = 0.053081327177070696
ccd_ff_tilt_x = 0.01946707114563077
ccd_ff_tilt_y = -0.5728079715705812
ccd_ff_tilt_z = 0.18005843597008545
d_ff_ccd  = -4.839003840220404
ccd_dec_x = 0.6214006131692221
ccd_dec_y = 5.157146632925119
ccd_defocus = 0.28073167831792184
ccd_tilt_x = 0.00502356330748709
ccd_tilt_y = -0.010915640177042425
ccd_tilt_z = 5.0265522725347395e-06
p = 0.0001