slit_dec_x_a = -0.170456138743046
slit_dec_y_a = -0.19604727908427078
slit_dec_x_b = 0.175
slit_dec_y_b = -2.049644297259378e-96
slit_defocus = 0.005534166383316454
slit_tilt_x = 1.1861247787280083
slit_tilt_y = -8.540047451347107
slit_tilt_z = -8.990860133524121
d_slit_col = 1594.2944429948839
coll_tilt_x = 0.08869428325071743
coll_tilt_y = -0.031746788617926285
ech_G = 31.61067536124169
ech_blaze = -74.97714514399374
ech_gamma = 1.1405619761544303
echelle_z = 0.07492814349145006
d_col_trf = -1588.0185521909955
trf_mirror_tilt_x = 0.13870954353599851
trf_mirror_tilt_y = 0.07760112762589107
d_col_grm = -0.009520586971133059
grism_dec_x = 236.43428194830852
grism_dec_y = 0.03422128951888461
grm_tilt_x = -0.015770201700330708
grm_tilt_y = 2.3043738329285146
grm_G = 222.8251968599062
grm_apex = 17.815096260277887
d_grm_cam  = 21.608483019799134
cam_dec_x = -0.3020960012997131
cam_dec_y = 0.2503795174284065
cam_tilt_x = -0.018115142664941363
cam_tilt_y = -0.015010328038415673
d_cam_ff  = -160.4009664073729
ccd_ff_dec_x = -0.003538311127848924
ccd_ff_dec_y = 0.00015087607008171976
ccd_ff_tilt_x = 0.1459875717070225
ccd_ff_tilt_y = -0.5720617495631516
ccd_ff_tilt_z = 0.17257048290297916
d_ff_ccd  = -4.811234835656906
ccd_dec_x = 0.6206463673793463
ccd_dec_y = 5.155253493214124
ccd_defocus = 0.31632467145136667
ccd_tilt_x = 0.007747378963598794
ccd_tilt_y = -0.014023437564281666
ccd_tilt_z = 3.2302486046249372e-06
p = 5.9254999999999994e-06