slit_dec_x_a = -0.181778666534
slit_dec_y_a = -0.18243150017
slit_dec_x_b = 0.14512077562974193
slit_dec_y_b = -0.05510809031835813
slit_defocus = -0.002191713336234094
slit_tilt_x = 1.1347010771683943
slit_tilt_y = -8.568304285890544
slit_tilt_z = -9.00361688863235
d_slit_col = 1594.3039028827882
coll_tilt_x = 0.08643867572296707
coll_tilt_y = -0.022029902037255987
ech_G = 31.610900610110317
ech_blaze = -74.99560582480372
ech_gamma = 1.158220052194571
echelle_z = 0.05703781237982599
d_col_trf = -1588.0162225152926
trf_mirror_tilt_x = 0.12250588992511548
trf_mirror_tilt_y = 0.018701244951428636
d_col_grm = 0.014990884891648536
grism_dec_x = 236.39748057613815
grism_dec_y = -0.005071771356367325
grm_tilt_x = -0.0247807614485527
grm_tilt_y = 2.327408744672647
grm_G = 222.78569611498892
grm_apex = 17.80915384275057
d_grm_cam  = 21.604530965830488
cam_dec_x = -0.28364277782376845
cam_dec_y = 0.28973920179823787
cam_tilt_x = 0.004346238722973278
cam_tilt_y = -0.027798111884469418
d_cam_ff  = -160.56952351545058
ccd_ff_dec_x = -0.022996054106362417
ccd_ff_dec_y = -0.04779650481990628
ccd_ff_tilt_x = 0.16502867689612075
ccd_ff_tilt_y = -0.5896119153712686
ccd_ff_tilt_z = 0.1717641352674882
d_ff_ccd  = -4.785387288818954
ccd_dec_x = 0.5519008105634887
ccd_dec_y = 5.106559578632769
ccd_defocus = 0.31583801289861024
ccd_tilt_x = 0.02142031066385316
ccd_tilt_y = -0.004236752982606442
ccd_tilt_z = 3.04315787646569e-07
p = 5.9254999999999994e-06