slit_dec_x_a = -0.181778666534
slit_dec_y_a = -0.18243150017
slit_dec_x_b = 0.14512077562974193
slit_dec_y_b = -0.05510809031835813
slit_defocus = -0.013805496409599511
slit_tilt_x = 1.054106288109223
slit_tilt_y = -8.559985736053772
slit_tilt_z = -9.026830396598317
d_slit_col = 1594.2902735050625
coll_tilt_x = 0.12146050444190745
coll_tilt_y = -0.02647441807551342
ech_G = 31.61456292367985
ech_blaze = -74.99488516644035
ech_gamma = 1.1556346628980536
echelle_z = 0.05700801694461827
d_col_trf = -1588.0163636152422
trf_mirror_tilt_x = 0.007279848236013227
trf_mirror_tilt_y = 0.15545231874094773
d_col_grm = 0.0356949326695794
grism_dec_x = 236.38315982666649
grism_dec_y = 0.009248556410834946
grm_tilt_x = -0.023510677992445665
grm_tilt_y = 2.3257835323618186
grm_G = 222.78407107988698
grm_apex = 17.766533273209177
d_grm_cam  = 21.604703366083882
cam_dec_x = -0.27121548784990873
cam_dec_y = 0.29090384659895674
cam_tilt_x = 0.012412571484884408
cam_tilt_y = 0.008815079137940897
d_cam_ff  = -160.07714037236056
ccd_ff_dec_x = -0.023808135847145955
ccd_ff_dec_y = 0.0420185442638982
ccd_ff_tilt_x = 0.03352589523857032
ccd_ff_tilt_y = -0.5909801116147229
ccd_ff_tilt_z = 0.17191971601574182
d_ff_ccd  = -4.815970824906742
ccd_dec_x = 0.5532939278160358
ccd_dec_y = 5.10762887710609
ccd_defocus = 0.2858043770996261
ccd_tilt_x = 0.032541101879038505
ccd_tilt_y = -0.0021008873072686706
ccd_tilt_z = 4.6966413676038505e-06
p = 0.0001