slit_dec_x_a = -0.181778666534
slit_dec_y_a = -0.18243150017
slit_dec_x_b = 0.14512077562974193
slit_dec_y_b = -0.05510809031835813
slit_defocus = -0.002205176032475307
slit_tilt_x = 1.1346665787873582
slit_tilt_y = -8.568227340528699
slit_tilt_z = -9.003637395665546
d_slit_col = 1594.303941454753
coll_tilt_x = 0.08647969115355636
coll_tilt_y = -0.021994602378202544
ech_G = 31.610907826101002
ech_blaze = -74.99560567184986
ech_gamma = 1.15813403936177
echelle_z = 0.05754998871573433
d_col_trf = -1588.0161163942644
trf_mirror_tilt_x = 0.12254171459158726
trf_mirror_tilt_y = 0.01863483184643805
d_col_grm = 0.01508484466157046
grism_dec_x = 236.39742873677667
grism_dec_y = -0.005029801947518483
grm_tilt_x = -0.02490487274075224
grm_tilt_y = 2.3271909537082087
grm_G = 222.7857042698207
grm_apex = 17.80922537575318
d_grm_cam  = 21.60458207531187
cam_dec_x = -0.2835570586234735
cam_dec_y = 0.2897145600356864
cam_tilt_x = 0.004308234141680699
cam_tilt_y = -0.02779431364593741
d_cam_ff  = -160.56984078350357
ccd_ff_dec_x = -0.02273247140176488
ccd_ff_dec_y = -0.04779407731015976
ccd_ff_tilt_x = 0.16504516743107667
ccd_ff_tilt_y = -0.5896350743836598
ccd_ff_tilt_z = 0.17174841356248902
d_ff_ccd  = -4.785409301255839
ccd_dec_x = 0.5517803224833656
ccd_dec_y = 5.106171780156109
ccd_defocus = 0.31573701073683635
ccd_tilt_x = 0.021333722160009463
ccd_tilt_y = -0.004212396209046432
ccd_tilt_z = 3.8799850106858e-07
p = 9.194250000000001e-06