slit_dec_x_a = -0.17041564754572297
slit_dec_y_a = -0.1959818667277147
slit_dec_x_b = 0.175
slit_dec_y_b = -1.576451259147672e-96
slit_defocus = 0.005579934583828913
slit_tilt_x = 1.1861185664891052
slit_tilt_y = -8.540029670857477
slit_tilt_z = -8.990860868991016
d_slit_col = 1594.2944857860173
coll_tilt_x = 0.08868707030719046
coll_tilt_y = -0.031918189566773315
ech_G = 31.61064944966971
ech_blaze = -74.97680253141182
ech_gamma = 1.1403319664747655
echelle_z = 0.07479954086673711
d_col_trf = -1588.0185437261568
trf_mirror_tilt_x = 0.13868372667533466
trf_mirror_tilt_y = 0.07752732328204939
d_col_grm = -0.009544916172112424
grism_dec_x = 236.4343366734321
grism_dec_y = 0.03416609538153965
grm_tilt_x = -0.01592700503336261
grm_tilt_y = 2.304394147507949
grm_G = 222.8251743142085
grm_apex = 17.8151182546397
d_grm_cam  = 21.608489252482705
cam_dec_x = -0.30211179141594924
cam_dec_y = 0.2503354463494731
cam_tilt_x = -0.01844476202531414
cam_tilt_y = -0.015094629204275824
d_cam_ff  = -160.40094675662215
ccd_ff_dec_x = -0.0035124782795697184
ccd_ff_dec_y = 0.00025221884277716735
ccd_ff_tilt_x = 0.14603835791222097
ccd_ff_tilt_y = -0.5720602610827237
ccd_ff_tilt_z = 0.17257401396602529
d_ff_ccd  = -4.811300568241958
ccd_dec_x = 0.6206959080901785
ccd_dec_y = 5.1552958209985285
ccd_defocus = 0.3162663885107437
ccd_tilt_x = 0.0077455630553154055
ccd_tilt_y = -0.014142745112577274
ccd_tilt_z = 3.134971721470854e-06
p = 9.194250000000001e-06