slit_dec_x_a = -0.181778666534
slit_dec_y_a = -0.18243150017
slit_dec_x_b = 0.14512077562974193
slit_dec_y_b = -0.05510809031835813
slit_defocus = -0.013758741601306888
slit_tilt_x = 1.0541495702384427
slit_tilt_y = -8.55997143710191
slit_tilt_z = -9.02690006293132
d_slit_col = 1594.2903373833672
coll_tilt_x = 0.12145207810258382
coll_tilt_y = -0.026557017705352286
ech_G = 31.61456349056883
ech_blaze = -74.99488924717382
ech_gamma = 1.1556459039565088
echelle_z = 0.05700808816775414
d_col_trf = -1588.0163660215544
trf_mirror_tilt_x = 0.007243899346641199
trf_mirror_tilt_y = 0.1554735165269225
d_col_grm = 0.035674732451208564
grism_dec_x = 236.38325600393884
grism_dec_y = 0.00926065088179782
grm_tilt_x = -0.023504124853745992
grm_tilt_y = 2.3257884488402714
grm_G = 222.78407232675144
grm_apex = 17.766526330525153
d_grm_cam  = 21.60469770073275
cam_dec_x = -0.2711092835787098
cam_dec_y = 0.29089858462960594
cam_tilt_x = 0.01245444553631284
cam_tilt_y = 0.008719875473457372
d_cam_ff  = -160.07697570965374
ccd_ff_dec_x = -0.023801031306447736
ccd_ff_dec_y = 0.04200351599958892
ccd_ff_tilt_x = 0.03344037376945311
ccd_ff_tilt_y = -0.5909761022012352
ccd_ff_tilt_z = 0.1719196384213021
d_ff_ccd  = -4.816014430981771
ccd_dec_x = 0.5532950995953901
ccd_dec_y = 5.10763231422661
ccd_defocus = 0.2857289073564656
ccd_tilt_x = 0.032645406372567354
ccd_tilt_y = -0.0022188553581817877
ccd_tilt_z = 4.711916552449158e-06
p = 0.0001