slit_dec_x_a = -0.1704010755187174
slit_dec_y_a = -0.1956586180351446
slit_dec_x_b = 0.175
slit_dec_y_b = -1.7917113956150487e-96
slit_defocus = 0.021363835892626182
slit_tilt_x = 1.1140072182040173
slit_tilt_y = -8.538451897514388
slit_tilt_z = -8.991608307870202
d_slit_col = 1594.3099968911392
coll_tilt_x = 0.11322720627193998
coll_tilt_y = -0.028892594915111577
ech_G = 31.613236567831112
ech_blaze = -74.97483441958467
ech_gamma = 1.1389732027746218
echelle_z = 0.0747684461528272
d_col_trf = -1588.017231101531
trf_mirror_tilt_x = 0.026288656151399054
trf_mirror_tilt_y = 0.16219861999476323
d_col_grm = -0.004750061117109566
grism_dec_x = 236.4232274790959
grism_dec_y = 0.0381606319965597
grm_tilt_x = -0.014055335742380534
grm_tilt_y = 2.305276959607016
grm_G = 222.82400454909205
grm_apex = 17.790983040178165
d_grm_cam  = 21.609819909154606
cam_dec_x = -0.3095477362801828
cam_dec_y = 0.24731227515060944
cam_tilt_x = -0.011052829746816113
cam_tilt_y = 0.0037952609219242773
d_cam_ff  = -160.05741611184192
ccd_ff_dec_x = -0.002600677128502549
ccd_ff_dec_y = 0.052979739488487596
ccd_ff_tilt_x = 0.019432944013783846
ccd_ff_tilt_y = -0.5728065104776461
ccd_ff_tilt_z = 0.18004748702455425
d_ff_ccd  = -4.8389226150741305
ccd_dec_x = 0.62139965363228
ccd_dec_y = 5.157153653514904
ccd_defocus = 0.28070493344404446
ccd_tilt_x = 0.005046779176432712
ccd_tilt_y = -0.010939169577526817
ccd_tilt_z = 5.010601852830947e-06
p = 0.0001