slit_dec_x_a = -0.1704282241650435
slit_dec_y_a = -0.19608681161234795
slit_dec_x_b = 0.175
slit_dec_y_b = -2.1850598272314836e-96
slit_defocus = 0.005560589266677614
slit_tilt_x = 1.186125069300966
slit_tilt_y = -8.540001811576436
slit_tilt_z = -8.990848051750342
d_slit_col = 1594.2944679160908
coll_tilt_x = 0.08881247449414449
coll_tilt_y = -0.03175668360401472
ech_G = 31.61067570425739
ech_blaze = -74.97683228355768
ech_gamma = 1.1405029479818471
echelle_z = 0.07481377599762883
d_col_trf = -1588.0185456723964
trf_mirror_tilt_x = 0.138652163199128
trf_mirror_tilt_y = 0.07759411371306363
d_col_grm = -0.009541411276542577
grism_dec_x = 236.43433328296152
grism_dec_y = 0.03420591638291151
grm_tilt_x = -0.0156617129540507
grm_tilt_y = 2.30436324022667
grm_G = 222.82520113606557
grm_apex = 17.81511424612479
d_grm_cam  = 21.608474490356816
cam_dec_x = -0.30215418304274544
cam_dec_y = 0.2503533479550679
cam_tilt_x = -0.018624514218846998
cam_tilt_y = -0.015038714528003512
d_cam_ff  = -160.4009521898879
ccd_ff_dec_x = -0.0034989627666871443
ccd_ff_dec_y = 0.00018164285928430615
ccd_ff_tilt_x = 0.1460388194475743
ccd_ff_tilt_y = -0.5720935097830334
ccd_ff_tilt_z = 0.1726055556952546
d_ff_ccd  = -4.811240118890784
ccd_dec_x = 0.620695202200377
ccd_dec_y = 5.1552888722269135
ccd_defocus = 0.3163032082813204
ccd_tilt_x = 0.007750114474603749
ccd_tilt_y = -0.014048472708248104
ccd_tilt_z = 3.134563094215293e-06
p = 4.1344545454545456e-06