slit_dec_x_a = -0.1704010755187174
slit_dec_y_a = -0.1956586180351446
slit_dec_x_b = 0.175
slit_dec_y_b = -1.7963276135607466e-96
slit_defocus = 0.02144095301395405
slit_tilt_x = 1.1140053313044131
slit_tilt_y = -8.538416673701462
slit_tilt_z = -8.991571367536775
d_slit_col = 1594.3099620628607
coll_tilt_x = 0.11313147166397627
coll_tilt_y = -0.028906796512372723
ech_G = 31.613229075831647
ech_blaze = -74.9748329456777
ech_gamma = 1.138972856322003
echelle_z = 0.07477206704302299
d_col_trf = -1588.0172358469833
trf_mirror_tilt_x = 0.026253413367013163
trf_mirror_tilt_y = 0.16223090375324054
d_col_grm = -0.004771829959457237
grism_dec_x = 236.4232837456858
grism_dec_y = 0.038152802970300354
grm_tilt_x = -0.014062031165746619
grm_tilt_y = 2.3052757252051146
grm_G = 222.82400441672343
grm_apex = 17.790983995096173
d_grm_cam  = 21.60981656792429
cam_dec_x = -0.3094800469428362
cam_dec_y = 0.24730501679618147
cam_tilt_x = -0.011069546360841743
cam_tilt_y = 0.003745197497865405
d_cam_ff  = -160.0574237366103
ccd_ff_dec_x = -0.0026002580369944863
ccd_ff_dec_y = 0.05305622236213536
ccd_ff_tilt_x = 0.019450470002684784
ccd_ff_tilt_y = -0.5728014416003976
ccd_ff_tilt_z = 0.18005373758554058
d_ff_ccd  = -4.838916140417213
ccd_dec_x = 0.6214055731458604
ccd_dec_y = 5.157154815340607
ccd_defocus = 0.28073691822072505
ccd_tilt_x = 0.005045506780274809
ccd_tilt_y = -0.010806444400014466
ccd_tilt_z = 5.110709525701178e-06
p = 0.0001