slit_dec_x_a = -0.181778666534
slit_dec_y_a = -0.18243150017
slit_dec_x_b = 0.14512077562974193
slit_dec_y_b = -0.05510809031835813
slit_defocus = -0.002196794240448098
slit_tilt_x = 1.134696588001065
slit_tilt_y = -8.568283181489328
slit_tilt_z = -9.003620020576191
d_slit_col = 1594.3039193551715
coll_tilt_x = 0.0864114052950082
coll_tilt_y = -0.02203455197608336
ech_G = 31.610915609280685
ech_blaze = -74.99574302770728
ech_gamma = 1.1581851190572712
echelle_z = 0.057195819457246964
d_col_trf = -1588.016247641135
trf_mirror_tilt_x = 0.12252039523272534
trf_mirror_tilt_y = 0.018665568223722402
d_col_grm = 0.015007608147263034
grism_dec_x = 236.3974957117296
grism_dec_y = -0.005029010333160081
grm_tilt_x = -0.024706194328898385
grm_tilt_y = 2.327454915179281
grm_G = 222.78579369496862
grm_apex = 17.80914816219414
d_grm_cam  = 21.604482484483498
cam_dec_x = -0.2836119344892234
cam_dec_y = 0.2897124412550481
cam_tilt_x = 0.004326723628949853
cam_tilt_y = -0.027785230497207963
d_cam_ff  = -160.56973926163846
ccd_ff_dec_x = -0.022772422610319264
ccd_ff_dec_y = -0.047786605288800806
ccd_ff_tilt_x = 0.1650458675192714
ccd_ff_tilt_y = -0.5895307417817948
ccd_ff_tilt_z = 0.17178097249634894
d_ff_ccd  = -4.785371117999098
ccd_dec_x = 0.5519438992117858
ccd_dec_y = 5.106391088835049
ccd_defocus = 0.3157925414494982
ccd_tilt_x = 0.021377915445999086
ccd_tilt_y = -0.004200543037160308
ccd_tilt_z = 2.850473495620842e-07
p = 1.2090909090909091e-05