slit_dec_x_a = -0.1704010755187174
slit_dec_y_a = -0.1956586180351446
slit_dec_x_b = 0.175
slit_dec_y_b = -1.8896263161627544e-96
slit_defocus = 0.021414432375470333
slit_tilt_x = 1.113969148563995
slit_tilt_y = -8.53842338643992
slit_tilt_z = -8.991588483005039
d_slit_col = 1594.3099617982925
coll_tilt_x = 0.11319045740763645
coll_tilt_y = -0.028932753609414167
ech_G = 31.613230142540225
ech_blaze = -74.97482990496873
ech_gamma = 1.1389712855347565
echelle_z = 0.07477533863822255
d_col_trf = -1588.0172255891675
trf_mirror_tilt_x = 0.02626600623714198
trf_mirror_tilt_y = 0.16222443882620338
d_col_grm = -0.004809967540582729
grism_dec_x = 236.42334343620576
grism_dec_y = 0.03807126650478556
grm_tilt_x = -0.014054267635338688
grm_tilt_y = 2.305276008983265
grm_G = 222.8240040149904
grm_apex = 17.791063764623473
d_grm_cam  = 21.60982269773448
cam_dec_x = -0.30957165496793915
cam_dec_y = 0.2473039159599449
cam_tilt_x = -0.01099045429151503
cam_tilt_y = 0.0037392518588263792
d_cam_ff  = -160.057217034177
ccd_ff_dec_x = -0.002601437322141188
ccd_ff_dec_y = 0.053034299627476446
ccd_ff_tilt_x = 0.019549485234027778
ccd_ff_tilt_y = -0.5727987390138699
ccd_ff_tilt_z = 0.1800546597885764
d_ff_ccd  = -4.838907266048266
ccd_dec_x = 0.6214006174768429
ccd_dec_y = 5.157146791597766
ccd_defocus = 0.28067286503183886
ccd_tilt_x = 0.005061332519609776
ccd_tilt_y = -0.010900163105003836
ccd_tilt_z = 5.089116476283656e-06
p = 0.0001