slit_dec_x_a = -0.1704017074089349
slit_dec_y_a = -0.19591399216025693
slit_dec_x_b = 0.175
slit_dec_y_b = -2.3565606369280173e-96
slit_defocus = 0.005519351563834863
slit_tilt_x = 1.186116389409908
slit_tilt_y = -8.540095003419946
slit_tilt_z = -8.990858005571503
d_slit_col = 1594.29443896736
coll_tilt_x = 0.08859400119709758
coll_tilt_y = -0.03172318618387535
ech_G = 31.61065091979561
ech_blaze = -74.97698700845856
ech_gamma = 1.1405315756400711
echelle_z = 0.0753467595083801
d_col_trf = -1588.0185650033175
trf_mirror_tilt_x = 0.13870166797550443
trf_mirror_tilt_y = 0.07752144146111392
d_col_grm = -0.009522860513298698
grism_dec_x = 236.43432790703324
grism_dec_y = 0.034243893755168044
grm_tilt_x = -0.01584603703646078
grm_tilt_y = 2.304368528760313
grm_G = 222.82521241571715
grm_apex = 17.815143551325004
d_grm_cam  = 21.60849333548378
cam_dec_x = -0.30211212837246537
cam_dec_y = 0.2503569752669926
cam_tilt_x = -0.018177778660339393
cam_tilt_y = -0.015019602099977625
d_cam_ff  = -160.4009474763826
ccd_ff_dec_x = -0.003557891616141181
ccd_ff_dec_y = 0.00013726165159045045
ccd_ff_tilt_x = 0.14605593400729466
ccd_ff_tilt_y = -0.572034258668318
ccd_ff_tilt_z = 0.172547342572162
d_ff_ccd  = -4.811235275205154
ccd_dec_x = 0.6206598661883991
ccd_dec_y = 5.155292484784856
ccd_defocus = 0.31631780886397964
ccd_tilt_x = 0.007813017184220668
ccd_tilt_y = -0.014001585300941439
ccd_tilt_z = 3.2954367254230357e-06
p = 9.598083333333334e-06