slit_dec_x_a = -0.181778666534
slit_dec_y_a = -0.18243150017
slit_dec_x_b = 0.14512077562974193
slit_dec_y_b = -0.05510809031835813
slit_defocus = -0.013771247697295907
slit_tilt_x = 1.0540818312091123
slit_tilt_y = -8.559969481234187
slit_tilt_z = -9.026904363350468
d_slit_col = 1594.2902345595176
coll_tilt_x = 0.12148944760725888
coll_tilt_y = -0.026497772708752754
ech_G = 31.614568997166625
ech_blaze = -74.99489070434005
ech_gamma = 1.155631873717929
echelle_z = 0.0569997490792515
d_col_trf = -1588.016368199646
trf_mirror_tilt_x = 0.007310304877685125
trf_mirror_tilt_y = 0.15547629771297766
d_col_grm = 0.03565810913808917
grism_dec_x = 236.38320125409692
grism_dec_y = 0.009318164791915778
grm_tilt_x = -0.023506386340885276
grm_tilt_y = 2.3257920520718818
grm_G = 222.78407184471743
grm_apex = 17.76656574655643
d_grm_cam  = 21.604700505521045
cam_dec_x = -0.27111688243526927
cam_dec_y = 0.2909103869297911
cam_tilt_x = 0.012484264134954626
cam_tilt_y = 0.008819612403001774
d_cam_ff  = -160.07703515563918
ccd_ff_dec_x = -0.023802059043836036
ccd_ff_dec_y = 0.04204861344244073
ccd_ff_tilt_x = 0.03347117458855362
ccd_ff_tilt_y = -0.59098102610293
ccd_ff_tilt_z = 0.17192078749818632
d_ff_ccd  = -4.816032760703809
ccd_dec_x = 0.5533003118454531
ccd_dec_y = 5.107629810541406
ccd_defocus = 0.2857246750973034
ccd_tilt_x = 0.03261118610975832
ccd_tilt_y = -0.00219111430846782
ccd_tilt_z = 4.730439354330623e-06
p = 0.0001