slit_dec_x_a = -0.181778666534
slit_dec_y_a = -0.18243150017
slit_dec_x_b = 0.14512077562974193
slit_dec_y_b = -0.05510809031835813
slit_defocus = -0.002190393245669201
slit_tilt_x = 1.1347062422774925
slit_tilt_y = -8.568303392271275
slit_tilt_z = -9.003627093174993
d_slit_col = 1594.3039082483017
coll_tilt_x = 0.08643151431231019
coll_tilt_y = -0.022037690463568998
ech_G = 31.610895767671206
ech_blaze = -74.9956043525251
ech_gamma = 1.158217765597871
echelle_z = 0.05703735443466425
d_col_trf = -1588.0162567013494
trf_mirror_tilt_x = 0.12250591354535761
trf_mirror_tilt_y = 0.018691550434280377
d_col_grm = 0.01497385590734754
grism_dec_x = 236.3974892684145
grism_dec_y = -0.005063382528656146
grm_tilt_x = -0.024747733683880654
grm_tilt_y = 2.3274305554443795
grm_G = 222.785747197883
grm_apex = 17.809159897804804
d_grm_cam  = 21.604511792369674
cam_dec_x = -0.2836484264946291
cam_dec_y = 0.2897334575374253
cam_tilt_x = 0.004356883727939035
cam_tilt_y = -0.0277900900840832
d_cam_ff  = -160.56949000021504
ccd_ff_dec_x = -0.02305875167070355
ccd_ff_dec_y = -0.04779431477409908
ccd_ff_tilt_x = 0.1650298661228665
ccd_ff_tilt_y = -0.5896333330399874
ccd_ff_tilt_z = 0.1717930494906485
d_ff_ccd  = -4.785367989990717
ccd_dec_x = 0.5518948785630748
ccd_dec_y = 5.106613049923524
ccd_defocus = 0.3158435604223515
ccd_tilt_x = 0.0214210291865307
ccd_tilt_y = -0.004225489868852446
ccd_tilt_z = 3.288603677089481e-07
p = 5.000545454545455e-06