slit_dec_x_a = -0.1704010755187174
slit_dec_y_a = -0.1956586180351446
slit_dec_x_b = 0.175
slit_dec_y_b = -1.8577176400908098e-96
slit_defocus = 0.021384322096300257
slit_tilt_x = 1.114014848487352
slit_tilt_y = -8.53847082027851
slit_tilt_z = -8.991646841226222
d_slit_col = 1594.310043103087
coll_tilt_x = 0.11319868368617068
coll_tilt_y = -0.028838473833477637
ech_G = 31.61323659315888
ech_blaze = -74.97482360853967
ech_gamma = 1.1389760433502165
echelle_z = 0.07477364039395716
d_col_trf = -1588.0172301512707
trf_mirror_tilt_x = 0.02633446311273775
trf_mirror_tilt_y = 0.16228691412021465
d_col_grm = -0.004858529386199709
grism_dec_x = 236.4232759368129
grism_dec_y = 0.038145060135114026
grm_tilt_x = -0.014060081927484152
grm_tilt_y = 2.3052754876035415
grm_G = 222.8240055201595
grm_apex = 17.79107390496516
d_grm_cam  = 21.609821928115437
cam_dec_x = -0.30952974879790573
cam_dec_y = 0.24728947614581134
cam_tilt_x = -0.011084315760720748
cam_tilt_y = 0.0037369202678272546
d_cam_ff  = -160.05752070303336
ccd_ff_dec_x = -0.0026008258901175346
ccd_ff_dec_y = 0.05302791190002112
ccd_ff_tilt_x = 0.0195767966773856
ccd_ff_tilt_y = -0.5728048493116925
ccd_ff_tilt_z = 0.18005248702815527
d_ff_ccd  = -4.838857459937788
ccd_dec_x = 0.6214067205176949
ccd_dec_y = 5.1571524564919855
ccd_defocus = 0.280719762845422
ccd_tilt_x = 0.00505259744889603
ccd_tilt_y = -0.01094313280737056
ccd_tilt_z = 5.053288822047912e-06
p = 0.0001