slit_dec_x_a = -0.181778666534
slit_dec_y_a = -0.18243150017
slit_dec_x_b = 0.14512077562974193
slit_dec_y_b = -0.05510809031835813
slit_defocus = -0.013763787156565779
slit_tilt_x = 1.0540803456205425
slit_tilt_y = -8.559890135750681
slit_tilt_z = -9.026928963509029
d_slit_col = 1594.2903177224368
coll_tilt_x = 0.12140697851074245
coll_tilt_y = -0.026503464331442503
ech_G = 31.614559400712455
ech_blaze = -74.99488972701141
ech_gamma = 1.1556481597269208
echelle_z = 0.05699978620793291
d_col_trf = -1588.0163620346175
trf_mirror_tilt_x = 0.00733700243479739
trf_mirror_tilt_y = 0.15552117863010173
d_col_grm = 0.03569608704531533
grism_dec_x = 236.38322192794695
grism_dec_y = 0.009222372661278193
grm_tilt_x = -0.023509811738654973
grm_tilt_y = 2.3257900003484613
grm_G = 222.7840773379303
grm_apex = 17.766560872607165
d_grm_cam  = 21.60469891743107
cam_dec_x = -0.2710935974264603
cam_dec_y = 0.29085036440964235
cam_tilt_x = 0.01246313839152013
cam_tilt_y = 0.00884895559163044
d_cam_ff  = -160.07726316501368
ccd_ff_dec_x = -0.023805087394101077
ccd_ff_dec_y = 0.04203082978451651
ccd_ff_tilt_x = 0.03358147196264338
ccd_ff_tilt_y = -0.5909803090387238
ccd_ff_tilt_z = 0.1719169067386859
d_ff_ccd  = -4.815977562134299
ccd_dec_x = 0.5533020055773837
ccd_dec_y = 5.107630104379715
ccd_defocus = 0.2857377908109561
ccd_tilt_x = 0.03258510965175581
ccd_tilt_y = -0.002129294437828615
ccd_tilt_z = 4.691802380124812e-06
p = 0.0001