slit_dec_x_a = -0.181778666534
slit_dec_y_a = -0.18243150017
slit_dec_x_b = 0.14512077562974193
slit_dec_y_b = -0.05510809031835813
slit_defocus = -0.0021952311810519293
slit_tilt_x = 1.1346772157498277
slit_tilt_y = -8.56821990537334
slit_tilt_z = -9.003628201513942
d_slit_col = 1594.3039386282737
coll_tilt_x = 0.0864652939943018
coll_tilt_y = -0.021983235760047057
ech_G = 31.610904209229474
ech_blaze = -74.9956162422534
ech_gamma = 1.1580617010474656
echelle_z = 0.05756179161021507
d_col_trf = -1588.0161182159584
trf_mirror_tilt_x = 0.12251018316915158
trf_mirror_tilt_y = 0.0186349778884548
d_col_grm = 0.015097454533222204
grism_dec_x = 236.39742806233184
grism_dec_y = -0.00502182688369034
grm_tilt_x = -0.024880952214990235
grm_tilt_y = 2.3270379827599683
grm_G = 222.78574845448813
grm_apex = 17.809194252162047
d_grm_cam  = 21.604660050520728
cam_dec_x = -0.28357886520832437
cam_dec_y = 0.2896846441900196
cam_tilt_x = 0.004284158615797247
cam_tilt_y = -0.027795852297607976
d_cam_ff  = -160.56963936096582
ccd_ff_dec_x = -0.02288129505848248
ccd_ff_dec_y = -0.04777439812297835
ccd_ff_tilt_x = 0.16504283066978528
ccd_ff_tilt_y = -0.5895741997361914
ccd_ff_tilt_z = 0.1717364160069475
d_ff_ccd  = -4.785415532166076
ccd_dec_x = 0.5519403546809556
ccd_dec_y = 5.106095666532021
ccd_defocus = 0.3157670185981772
ccd_tilt_x = 0.02131385909596775
ccd_tilt_y = -0.004215889185810863
ccd_tilt_z = 3.6019342202735405e-07
p = 5.994e-06