slit_dec_x_a = -0.1704010755187174
slit_dec_y_a = -0.1956586180351446
slit_dec_x_b = 0.175
slit_dec_y_b = -1.8544754464577296e-96
slit_defocus = 0.021376838514900107
slit_tilt_x = 1.1139620757507318
slit_tilt_y = -8.538402537788084
slit_tilt_z = -8.99165653478275
d_slit_col = 1594.3099499208897
coll_tilt_x = 0.11319945527118255
coll_tilt_y = -0.028929011791969262
ech_G = 31.61323454437742
ech_blaze = -74.97483439679286
ech_gamma = 1.138978130739116
echelle_z = 0.07477092771251916
d_col_trf = -1588.017235685434
trf_mirror_tilt_x = 0.02631498879357471
trf_mirror_tilt_y = 0.16228348607075782
d_col_grm = -0.004908258015661536
grism_dec_x = 236.4232806618428
grism_dec_y = 0.038141198391723675
grm_tilt_x = -0.014044983588284826
grm_tilt_y = 2.3052773722859725
grm_G = 222.8240022735891
grm_apex = 17.791022784014235
d_grm_cam  = 21.6098228513611
cam_dec_x = -0.30953044904930355
cam_dec_y = 0.2472040212551527
cam_tilt_x = -0.011042443958934061
cam_tilt_y = 0.0037957734751437235
d_cam_ff  = -160.05765537484277
ccd_ff_dec_x = -0.0026045526375559997
ccd_ff_dec_y = 0.05307581771239102
ccd_ff_tilt_x = 0.019511898949366665
ccd_ff_tilt_y = -0.572806639823308
ccd_ff_tilt_z = 0.1800507745310202
d_ff_ccd  = -4.839003226707239
ccd_dec_x = 0.6214041657809157
ccd_dec_y = 5.1571485700093485
ccd_defocus = 0.28069960399063376
ccd_tilt_x = 0.005021889144694278
ccd_tilt_y = -0.01096616625618335
ccd_tilt_z = 5.081820257432301e-06
p = 0.0001