slit_dec_x_a = -0.181778666534
slit_dec_y_a = -0.18243150017
slit_dec_x_b = 0.14512077562974193
slit_dec_y_b = -0.05510809031835813
slit_defocus = -0.013744339487709482
slit_tilt_x = 1.0540395985859277
slit_tilt_y = -8.559959012732634
slit_tilt_z = -9.026905942310757
d_slit_col = 1594.2903308560792
coll_tilt_x = 0.12137965418253496
coll_tilt_y = -0.02649125743415849
ech_G = 31.614564050249136
ech_blaze = -74.99488925076992
ech_gamma = 1.155640708374381
echelle_z = 0.05700915960229372
d_col_trf = -1588.01636118429
trf_mirror_tilt_x = 0.007369817177238532
trf_mirror_tilt_y = 0.1554324259867152
d_col_grm = 0.03562126340681789
grism_dec_x = 236.38322414710544
grism_dec_y = 0.009252338535213152
grm_tilt_x = -0.02350675597589446
grm_tilt_y = 2.325783980903161
grm_G = 222.78406702265949
grm_apex = 17.766530877568943
d_grm_cam  = 21.604692558614296
cam_dec_x = -0.27114171632977313
cam_dec_y = 0.2909143961610653
cam_tilt_x = 0.01239827654586618
cam_tilt_y = 0.008816192044637851
d_cam_ff  = -160.0773090400825
ccd_ff_dec_x = -0.023804710178886468
ccd_ff_dec_y = 0.04200023518802942
ccd_ff_tilt_x = 0.03350155568423633
ccd_ff_tilt_y = -0.5909826923325308
ccd_ff_tilt_z = 0.17192072982171175
d_ff_ccd  = -4.815985198372772
ccd_dec_x = 0.5533003764421613
ccd_dec_y = 5.107628298669916
ccd_defocus = 0.28577341803583556
ccd_tilt_x = 0.03261316202822855
ccd_tilt_y = -0.0020989321148836516
ccd_tilt_z = 4.762356024040162e-06
p = 0.0001