slit_dec_x_a = -0.17041675401169748
slit_dec_y_a = -0.1959835552221343
slit_dec_x_b = 0.175
slit_dec_y_b = -2.499511079020933e-96
slit_defocus = 0.00552438353278873
slit_tilt_x = 1.1861021950621042
slit_tilt_y = -8.540089531530214
slit_tilt_z = -8.990856631618456
d_slit_col = 1594.2944548822618
coll_tilt_x = 0.08866276208862268
coll_tilt_y = -0.03177702898801244
ech_G = 31.61066865635441
ech_blaze = -74.97699976417309
ech_gamma = 1.1404763228141293
echelle_z = 0.07539043931811698
d_col_trf = -1588.0185583465297
trf_mirror_tilt_x = 0.13869593785401724
trf_mirror_tilt_y = 0.07751872062588568
d_col_grm = -0.009523962234364594
grism_dec_x = 236.43432138777337
grism_dec_y = 0.03424807096163561
grm_tilt_x = -0.015939944710442508
grm_tilt_y = 2.3043754838405603
grm_G = 222.8252099083165
grm_apex = 17.815148682992533
d_grm_cam  = 21.608490542525953
cam_dec_x = -0.3021243792579216
cam_dec_y = 0.25035033226789954
cam_tilt_x = -0.018169357911308963
cam_tilt_y = -0.015007755699443782
d_cam_ff  = -160.4009621353086
ccd_ff_dec_x = -0.003566130199575313
ccd_ff_dec_y = 0.00013651889717407315
ccd_ff_tilt_x = 0.14602905947283504
ccd_ff_tilt_y = -0.5720440544548351
ccd_ff_tilt_z = 0.1725518669513465
d_ff_ccd  = -4.811229715771584
ccd_dec_x = 0.6206588157377427
ccd_dec_y = 5.155293258203119
ccd_defocus = 0.31631631959340767
ccd_tilt_x = 0.007801813570174299
ccd_tilt_y = -0.014008047969206057
ccd_tilt_z = 3.311971749179362e-06
p = 1.2065e-05