slit_dec_x_a = -0.181778666534
slit_dec_y_a = -0.18243150017
slit_dec_x_b = 0.14512077562974193
slit_dec_y_b = -0.05510809031835813
slit_defocus = -0.0022006010838267927
slit_tilt_x = 1.1346849549557345
slit_tilt_y = -8.568334066405168
slit_tilt_z = -9.003616626544545
d_slit_col = 1594.3039597391687
coll_tilt_x = 0.08644908540805418
coll_tilt_y = -0.02204485740656131
ech_G = 31.610893795660214
ech_blaze = -74.9955611834989
ech_gamma = 1.1580841654882132
echelle_z = 0.05681623631302137
d_col_trf = -1588.0163492476297
trf_mirror_tilt_x = 0.12250634533510094
trf_mirror_tilt_y = 0.018702140071930225
d_col_grm = 0.01497694284523889
grism_dec_x = 236.39747049403744
grism_dec_y = -0.005045553677704303
grm_tilt_x = -0.024632446284070762
grm_tilt_y = 2.327191178448059
grm_G = 222.78579505952817
grm_apex = 17.809110346368918
d_grm_cam  = 21.604617332892033
cam_dec_x = -0.2836470161689495
cam_dec_y = 0.2897605142959485
cam_tilt_x = 0.004301650204862437
cam_tilt_y = -0.027794466344198233
d_cam_ff  = -160.56962891717336
ccd_ff_dec_x = -0.02286463027509865
ccd_ff_dec_y = -0.04778060426738084
ccd_ff_tilt_x = 0.16504527891052853
ccd_ff_tilt_y = -0.5894412878557175
ccd_ff_tilt_z = 0.1718837327507315
d_ff_ccd  = -4.785382176364643
ccd_dec_x = 0.5519003056067753
ccd_dec_y = 5.1064747503132955
ccd_defocus = 0.31581429551830636
ccd_tilt_x = 0.02141750195615456
ccd_tilt_y = -0.004208595316045007
ccd_tilt_z = 2.2398248850791846e-07
p = 1.2065e-05