slit_dec_x_a = -0.1704010755187174
slit_dec_y_a = -0.1956586180351446
slit_dec_x_b = 0.175
slit_dec_y_b = -1.8450350114273668e-96
slit_defocus = 0.021370052294241527
slit_tilt_x = 1.113990007308645
slit_tilt_y = -8.538421877450611
slit_tilt_z = -8.991608965794745
d_slit_col = 1594.309922898056
coll_tilt_x = 0.11314392395866268
coll_tilt_y = -0.028941669967155262
ech_G = 31.613230407162984
ech_blaze = -74.97482943446079
ech_gamma = 1.1389777299944783
echelle_z = 0.07476774818869716
d_col_trf = -1588.017235113607
trf_mirror_tilt_x = 0.02637301311497125
trf_mirror_tilt_y = 0.16224701742594447
d_col_grm = -0.0048220845473816954
grism_dec_x = 236.42326846992407
grism_dec_y = 0.03818925213329638
grm_tilt_x = -0.014056011081064024
grm_tilt_y = 2.305272411572702
grm_G = 222.82400531389365
grm_apex = 17.790989209769865
d_grm_cam  = 21.60981661027003
cam_dec_x = -0.3096422887863849
cam_dec_y = 0.24727650365138454
cam_tilt_x = -0.01110690641622528
cam_tilt_y = 0.0037649342728390766
d_cam_ff  = -160.05760794179568
ccd_ff_dec_x = -0.0026068685103773164
ccd_ff_dec_y = 0.053023706232779855
ccd_ff_tilt_x = 0.019486638140441583
ccd_ff_tilt_y = -0.5728021542073166
ccd_ff_tilt_z = 0.18005027710713697
d_ff_ccd  = -4.838945457939318
ccd_dec_x = 0.6214007156618719
ccd_dec_y = 5.157150783454437
ccd_defocus = 0.28070279244494856
ccd_tilt_x = 0.00500183516257818
ccd_tilt_y = -0.010947416152748192
ccd_tilt_z = 5.054213549348286e-06
p = 0.0001