slit_dec_x_a = -0.181778666534
slit_dec_y_a = -0.18243150017
slit_dec_x_b = 0.14512077562974193
slit_dec_y_b = -0.05510809031835813
slit_defocus = -0.013759983197584622
slit_tilt_x = 1.054074400449238
slit_tilt_y = -8.559933161263627
slit_tilt_z = -9.026834202677815
d_slit_col = 1594.2902613190217
coll_tilt_x = 0.12139154693888743
coll_tilt_y = -0.026511329256824995
ech_G = 31.614559494877714
ech_blaze = -74.99488935219111
ech_gamma = 1.1556326764147287
echelle_z = 0.05700348636376534
d_col_trf = -1588.016368179501
trf_mirror_tilt_x = 0.0072960959483208436
trf_mirror_tilt_y = 0.15542251063504275
d_col_grm = 0.03571326640411445
grism_dec_x = 236.38322893633264
grism_dec_y = 0.009245756124292232
grm_tilt_x = -0.023508715947121877
grm_tilt_y = 2.325788642728459
grm_G = 222.78407077629936
grm_apex = 17.766484048825944
d_grm_cam  = 21.604696946835002
cam_dec_x = -0.2710567589416537
cam_dec_y = 0.2909073630940786
cam_tilt_x = 0.012442401895453151
cam_tilt_y = 0.008817254095817665
d_cam_ff  = -160.07703522563668
ccd_ff_dec_x = -0.0238030048801232
ccd_ff_dec_y = 0.04209621822524167
ccd_ff_tilt_x = 0.03349778075910162
ccd_ff_tilt_y = -0.5909773003721571
ccd_ff_tilt_z = 0.17191048035741227
d_ff_ccd  = -4.816025455595759
ccd_dec_x = 0.5532950317150597
ccd_dec_y = 5.107636350082532
ccd_defocus = 0.285758794411423
ccd_tilt_x = 0.032578692367194906
ccd_tilt_y = -0.0021454655709230515
ccd_tilt_z = 4.6507374080254885e-06
p = 0.0001