slit_dec_x_a = -0.181778666534
slit_dec_y_a = -0.18243150017
slit_dec_x_b = 0.14512077562974193
slit_dec_y_b = -0.05510809031835813
slit_defocus = -0.002204652594522344
slit_tilt_x = 1.134680424168761
slit_tilt_y = -8.568308901368564
slit_tilt_z = -9.003617680371173
d_slit_col = 1594.3039121615948
coll_tilt_x = 0.08643426358355497
coll_tilt_y = -0.02203636539102938
ech_G = 31.610917593746986
ech_blaze = -74.9957437743777
ech_gamma = 1.1581497224220716
echelle_z = 0.057217850252330824
d_col_trf = -1588.0163079287563
trf_mirror_tilt_x = 0.12251607776747463
trf_mirror_tilt_y = 0.018691749698776083
d_col_grm = 0.014998284236369975
grism_dec_x = 236.39748093223116
grism_dec_y = -0.005038758148563441
grm_tilt_x = -0.024709725715167382
grm_tilt_y = 2.3274033281773985
grm_G = 222.78575746824035
grm_apex = 17.80915038179681
d_grm_cam  = 21.60442331351523
cam_dec_x = -0.2836285139816454
cam_dec_y = 0.2897379598814711
cam_tilt_x = 0.00434407738547243
cam_tilt_y = -0.0278048952839003
d_cam_ff  = -160.56964657941913
ccd_ff_dec_x = -0.022945573446796864
ccd_ff_dec_y = -0.04778195906172228
ccd_ff_tilt_x = 0.1650525937612003
ccd_ff_tilt_y = -0.5895422294372658
ccd_ff_tilt_z = 0.1717490300612951
d_ff_ccd  = -4.785376519549416
ccd_dec_x = 0.5519135055283053
ccd_dec_y = 5.106433724583009
ccd_defocus = 0.31579298197608235
ccd_tilt_x = 0.021385021978156872
ccd_tilt_y = -0.0041874877457636775
ccd_tilt_z = 3.3795456056100406e-07
p = 1.47e-05