slit_dec_x_a = -0.1704286590108023
slit_dec_y_a = -0.19586530913990832
slit_dec_x_b = 0.175
slit_dec_y_b = -2.049195387079216e-96
slit_defocus = 0.005577984254256213
slit_tilt_x = 1.1861176142176204
slit_tilt_y = -8.539998354866688
slit_tilt_z = -8.990843426894786
d_slit_col = 1594.2944506869294
coll_tilt_x = 0.08866589919848938
coll_tilt_y = -0.03180114601168296
ech_G = 31.61067499080829
ech_blaze = -74.97699987051124
ech_gamma = 1.1404280801908775
echelle_z = 0.07491610210141854
d_col_trf = -1588.0185664942026
trf_mirror_tilt_x = 0.13868016911373215
trf_mirror_tilt_y = 0.07758368849258046
d_col_grm = -0.009548617846990681
grism_dec_x = 236.43430138891856
grism_dec_y = 0.034230143493624667
grm_tilt_x = -0.015711382849716238
grm_tilt_y = 2.304369903177346
grm_G = 222.8251804202841
grm_apex = 17.815111031731057
d_grm_cam  = 21.608490560165333
cam_dec_x = -0.3021463525619446
cam_dec_y = 0.25036379515731544
cam_tilt_x = -0.018503320712489828
cam_tilt_y = -0.015026105393772367
d_cam_ff  = -160.40099774687397
ccd_ff_dec_x = -0.003542039743017275
ccd_ff_dec_y = 0.00014714400259718794
ccd_ff_tilt_x = 0.14599756637119748
ccd_ff_tilt_y = -0.572110326164384
ccd_ff_tilt_z = 0.17260067818966726
d_ff_ccd  = -4.811227739457446
ccd_dec_x = 0.6206839006823686
ccd_dec_y = 5.155301474746376
ccd_defocus = 0.3162991772622164
ccd_tilt_x = 0.007744725818126954
ccd_tilt_y = -0.014016181174837885
ccd_tilt_z = 3.1512657401377776e-06
p = 1.47e-05