slit_dec_x_a = -0.181778666534
slit_dec_y_a = -0.18243150017
slit_dec_x_b = 0.14512077562974193
slit_dec_y_b = -0.05510809031835813
slit_defocus = -0.013782342727518935
slit_tilt_x = 1.0541468242503955
slit_tilt_y = -8.559935744970753
slit_tilt_z = -9.026821228960737
d_slit_col = 1594.2903194515482
coll_tilt_x = 0.12144804725895252
coll_tilt_y = -0.02650988501110091
ech_G = 31.614568251859907
ech_blaze = -74.99489242330694
ech_gamma = 1.1556402907165917
echelle_z = 0.05700127564394522
d_col_trf = -1588.016358315487
trf_mirror_tilt_x = 0.007286056853008951
trf_mirror_tilt_y = 0.15542443494072364
d_col_grm = 0.03561650350922477
grism_dec_x = 236.3832474205981
grism_dec_y = 0.009188454555473586
grm_tilt_x = -0.023504472889102422
grm_tilt_y = 2.3257919746140976
grm_G = 222.78407652766185
grm_apex = 17.766505747917954
d_grm_cam  = 21.6047020033213
cam_dec_x = -0.2711428606907579
cam_dec_y = 0.2909056708281612
cam_tilt_x = 0.012430612386582362
cam_tilt_y = 0.008786070485256791
d_cam_ff  = -160.07681242407998
ccd_ff_dec_x = -0.023802716771093045
ccd_ff_dec_y = 0.04205278612848618
ccd_ff_tilt_x = 0.03347727421708835
ccd_ff_tilt_y = -0.5909832309434396
ccd_ff_tilt_z = 0.1719159651620649
d_ff_ccd  = -4.81599908972671
ccd_dec_x = 0.5532955029860639
ccd_dec_y = 5.107630544073897
ccd_defocus = 0.28575979335297674
ccd_tilt_x = 0.0325589465876738
ccd_tilt_y = -0.0021931513003806947
ccd_tilt_z = 4.692191719845229e-06
p = 0.0001