slit_dec_x_a = -0.1704010755187174
slit_dec_y_a = -0.1956586180351446
slit_dec_x_b = 0.175
slit_dec_y_b = -1.8470278413863086e-96
slit_defocus = 0.021410102279071724
slit_tilt_x = 1.1139594525697236
slit_tilt_y = -8.538396697801343
slit_tilt_z = -8.991671195362024
d_slit_col = 1594.309976045558
coll_tilt_x = 0.1131345239596931
coll_tilt_y = -0.028829837034782105
ech_G = 31.6132307872598
ech_blaze = -74.97482861973782
ech_gamma = 1.1389780980595985
echelle_z = 0.07477380874407474
d_col_trf = -1588.0172300804886
trf_mirror_tilt_x = 0.026254169160442875
trf_mirror_tilt_y = 0.16221028027208728
d_col_grm = -0.0048911419584097985
grism_dec_x = 236.42331125707406
grism_dec_y = 0.03818666302596294
grm_tilt_x = -0.01405808731534015
grm_tilt_y = 2.3052780556290924
grm_G = 222.82400201413316
grm_apex = 17.791018325211297
d_grm_cam  = 21.60982471549649
cam_dec_x = -0.3095637322826245
cam_dec_y = 0.2472608611371338
cam_tilt_x = -0.011101593205829124
cam_tilt_y = 0.003776990196513681
d_cam_ff  = -160.05745918370457
ccd_ff_dec_x = -0.0026001937222806014
ccd_ff_dec_y = 0.05299436860677093
ccd_ff_tilt_x = 0.019544162585531606
ccd_ff_tilt_y = -0.572807649547586
ccd_ff_tilt_z = 0.1800473397039566
d_ff_ccd  = -4.8389595599615225
ccd_dec_x = 0.6214005306480421
ccd_dec_y = 5.1571492228040965
ccd_defocus = 0.28071475240868454
ccd_tilt_x = 0.005029788894374458
ccd_tilt_y = -0.010939205185666026
ccd_tilt_z = 5.14324553368771e-06
p = 0.0001