slit_dec_x_a = -0.181778666534
slit_dec_y_a = -0.18243150017
slit_dec_x_b = 0.14512077562974193
slit_dec_y_b = -0.05510809031835813
slit_defocus = -0.002203425124102777
slit_tilt_x = 1.1346896349801239
slit_tilt_y = -8.568381001523852
slit_tilt_z = -9.003580415375938
d_slit_col = 1594.3039788743138
coll_tilt_x = 0.08648719730912836
coll_tilt_y = -0.02205419248456018
ech_G = 31.610929958194664
ech_blaze = -74.99578528071807
ech_gamma = 1.158226124465119
echelle_z = 0.056702549880232454
d_col_trf = -1588.0162758961008
trf_mirror_tilt_x = 0.12248843644572172
trf_mirror_tilt_y = 0.018715899431885397
d_col_grm = 0.014953502329574936
grism_dec_x = 236.39747024584833
grism_dec_y = -0.005061346465461766
grm_tilt_x = -0.02471466724943519
grm_tilt_y = 2.327379992538461
grm_G = 222.7859033217875
grm_apex = 17.80908132100456
d_grm_cam  = 21.604957198223154
cam_dec_x = -0.28363510607243786
cam_dec_y = 0.2897665908391887
cam_tilt_x = 0.004345813838469238
cam_tilt_y = -0.027759769654639402
d_cam_ff  = -160.56959144526758
ccd_ff_dec_x = -0.022854532452262828
ccd_ff_dec_y = -0.04778862733106667
ccd_ff_tilt_x = 0.16502973165893836
ccd_ff_tilt_y = -0.5893802451787029
ccd_ff_tilt_z = 0.17183509903652489
d_ff_ccd  = -4.785405043870778
ccd_dec_x = 0.5519075785065184
ccd_dec_y = 5.106336444185158
ccd_defocus = 0.31586346141958566
ccd_tilt_x = 0.021378324814918845
ccd_tilt_y = -0.004193615822153737
ccd_tilt_z = 2.5449339646229627e-07
p = 1.9137272727272725e-06