slit_dec_x_a = -0.1704137934377091
slit_dec_y_a = -0.19594605904270387
slit_dec_x_b = 0.175
slit_dec_y_b = -2.522595359479066e-96
slit_defocus = 0.00551820961708851
slit_tilt_x = 1.1861028107590081
slit_tilt_y = -8.540087811095738
slit_tilt_z = -8.990859756255306
d_slit_col = 1594.2944506728459
coll_tilt_x = 0.08864429538846555
coll_tilt_y = -0.03176606178375053
ech_G = 31.61065898577862
ech_blaze = -74.9769814752232
ech_gamma = 1.1404905080101104
echelle_z = 0.07537401892025114
d_col_trf = -1588.0185530155557
trf_mirror_tilt_x = 0.13869493270997277
trf_mirror_tilt_y = 0.07750942616362846
d_col_grm = -0.009523870828219632
grism_dec_x = 236.43431923059381
grism_dec_y = 0.03424806998294867
grm_tilt_x = -0.015917470072012597
grm_tilt_y = 2.3043767493580516
grm_G = 222.825205236029
grm_apex = 17.815149736576867
d_grm_cam  = 21.608496409341956
cam_dec_x = -0.30212049534520047
cam_dec_y = 0.25034641774474714
cam_tilt_x = -0.018175815046982652
cam_tilt_y = -0.01500568780948189
d_cam_ff  = -160.40096377945633
ccd_ff_dec_x = -0.0035617016535465255
ccd_ff_dec_y = 0.00013939523404716547
ccd_ff_tilt_x = 0.14603666408688043
ccd_ff_tilt_y = -0.5720395430425013
ccd_ff_tilt_z = 0.17255393185520326
d_ff_ccd  = -4.811230618284269
ccd_dec_x = 0.6206601414208568
ccd_dec_y = 5.155295896058122
ccd_defocus = 0.31631454519482727
ccd_tilt_x = 0.007803443457655505
ccd_tilt_y = -0.014013099293636092
ccd_tilt_z = 3.299053968139159e-06
p = 5.318999999999999e-06