slit_dec_x_a = -0.181778666534
slit_dec_y_a = -0.18243150017
slit_dec_x_b = 0.14512077562974193
slit_dec_y_b = -0.05510809031835813
slit_defocus = -0.013778659308613255
slit_tilt_x = 1.054033557892067
slit_tilt_y = -8.560008949473259
slit_tilt_z = -9.026907098537805
d_slit_col = 1594.2902632594453
coll_tilt_x = 0.12147486440575785
coll_tilt_y = -0.026496704725990507
ech_G = 31.6145600791278
ech_blaze = -74.9948911891736
ech_gamma = 1.1556410566697903
echelle_z = 0.05700412525790865
d_col_trf = -1588.0163584726245
trf_mirror_tilt_x = 0.007270318043663953
trf_mirror_tilt_y = 0.15545015499199785
d_col_grm = 0.03569385339259703
grism_dec_x = 236.3832006422066
grism_dec_y = 0.009296659111780476
grm_tilt_x = -0.023503776980640288
grm_tilt_y = 2.3257903505783504
grm_G = 222.78406743520318
grm_apex = 17.766492260785082
d_grm_cam  = 21.60469994886901
cam_dec_x = -0.2710737011492672
cam_dec_y = 0.2909103952544365
cam_tilt_x = 0.012446454647637276
cam_tilt_y = 0.008814764971420695
d_cam_ff  = -160.077033489395
ccd_ff_dec_x = -0.02380289195369231
ccd_ff_dec_y = 0.042116292314909994
ccd_ff_tilt_x = 0.03346502545057608
ccd_ff_tilt_y = -0.5909764449503994
ccd_ff_tilt_z = 0.17191875629328987
d_ff_ccd  = -4.815917180823258
ccd_dec_x = 0.5532920936260773
ccd_dec_y = 5.107637466605296
ccd_defocus = 0.2858041869180521
ccd_tilt_x = 0.032624248489849815
ccd_tilt_y = -0.002160686797669366
ccd_tilt_z = 4.693648164916304e-06
p = 0.0001