slit_dec_x_a = -0.17039020077613623
slit_dec_y_a = -0.19587302828423853
slit_dec_x_b = 0.175
slit_dec_y_b = -1.5523034526145344e-96
slit_defocus = 0.005593403118790058
slit_tilt_x = 1.186152107819614
slit_tilt_y = -8.54004469090054
slit_tilt_z = -8.990849677591754
d_slit_col = 1594.2944616511013
coll_tilt_x = 0.08873470922135772
coll_tilt_y = -0.03186186093975944
ech_G = 31.61065487797858
ech_blaze = -74.97685334550863
ech_gamma = 1.1403780397570935
echelle_z = 0.07475708337004244
d_col_trf = -1588.0185349378257
trf_mirror_tilt_x = 0.13867457616929674
trf_mirror_tilt_y = 0.07752133808346547
d_col_grm = -0.009538153160294969
grism_dec_x = 236.4343353976664
grism_dec_y = 0.03416868651906901
grm_tilt_x = -0.015812342955375615
grm_tilt_y = 2.3043713759596147
grm_G = 222.82516200019023
grm_apex = 17.81512904311849
d_grm_cam  = 21.608478913028893
cam_dec_x = -0.30212814797114373
cam_dec_y = 0.2503330132682764
cam_tilt_x = -0.018454453184188084
cam_tilt_y = -0.015078976708851607
d_cam_ff  = -160.40094937128646
ccd_ff_dec_x = -0.003522026110850537
ccd_ff_dec_y = 0.00023840353437074084
ccd_ff_tilt_x = 0.14605255302959366
ccd_ff_tilt_y = -0.5720624702623959
ccd_ff_tilt_z = 0.17256149782695046
d_ff_ccd  = -4.811260568642321
ccd_dec_x = 0.6206764375461147
ccd_dec_y = 5.155306846553497
ccd_defocus = 0.31630059886275796
ccd_tilt_x = 0.007720001114571762
ccd_tilt_y = -0.014090516211367239
ccd_tilt_z = 3.1411322538980183e-06
p = 1.7968333333333336e-05