slit_dec_x_a = -0.181778666534
slit_dec_y_a = -0.18243150017
slit_dec_x_b = 0.14512077562974193
slit_dec_y_b = -0.05510809031835813
slit_defocus = -0.013831956224891025
slit_tilt_x = 1.054112200954176
slit_tilt_y = -8.559966873526674
slit_tilt_z = -9.026873826460982
d_slit_col = 1594.2902456546421
coll_tilt_x = 0.12139619741441689
coll_tilt_y = -0.026491619249953805
ech_G = 31.614566437968264
ech_blaze = -74.99489461575504
ech_gamma = 1.1556378907201927
echelle_z = 0.05701069465355427
d_col_trf = -1588.016367118315
trf_mirror_tilt_x = 0.0073363206552932
trf_mirror_tilt_y = 0.15539939563350016
d_col_grm = 0.03564668318008157
grism_dec_x = 236.38319302175267
grism_dec_y = 0.009264861389791525
grm_tilt_x = -0.02350599018630903
grm_tilt_y = 2.3257865415190655
grm_G = 222.78407363039605
grm_apex = 17.76653016119993
d_grm_cam  = 21.604692534195454
cam_dec_x = -0.27106491784902087
cam_dec_y = 0.2908907665889383
cam_tilt_x = 0.01239983840580259
cam_tilt_y = 0.00884961305533235
d_cam_ff  = -160.07717208636652
ccd_ff_dec_x = -0.02380277986471409
ccd_ff_dec_y = 0.04206811585526507
ccd_ff_tilt_x = 0.03354108907639816
ccd_ff_tilt_y = -0.5909787740209567
ccd_ff_tilt_z = 0.1719169872710918
d_ff_ccd  = -4.815983675572333
ccd_dec_x = 0.5532999169601835
ccd_dec_y = 5.107624611370728
ccd_defocus = 0.28572107637745287
ccd_tilt_x = 0.032645500652395576
ccd_tilt_y = -0.0021479393915578896
ccd_tilt_z = 4.6551166110366155e-06
p = 0.0001