slit_dec_x_a = -0.181778666534
slit_dec_y_a = -0.18243150017
slit_dec_x_b = 0.14512077562974193
slit_dec_y_b = -0.05510809031835813
slit_defocus = -0.002207832004091342
slit_tilt_x = 1.1346788743086054
slit_tilt_y = -8.568312852975067
slit_tilt_z = -9.003621555426799
d_slit_col = 1594.3039134984429
coll_tilt_x = 0.08644280435296271
coll_tilt_y = -0.02203687406169103
ech_G = 31.610918932355485
ech_blaze = -74.99571556434765
ech_gamma = 1.158147874313387
echelle_z = 0.057233668752370875
d_col_trf = -1588.0163188946221
trf_mirror_tilt_x = 0.12251739033382336
trf_mirror_tilt_y = 0.01868495616853225
d_col_grm = 0.015001237665901893
grism_dec_x = 236.39747885246743
grism_dec_y = -0.005039979486732976
grm_tilt_x = -0.024724955180638806
grm_tilt_y = 2.3274012165161855
grm_G = 222.78575184979735
grm_apex = 17.809153011607794
d_grm_cam  = 21.604393435986108
cam_dec_x = -0.28362249955409313
cam_dec_y = 0.28973593828107586
cam_tilt_x = 0.004349717575259962
cam_tilt_y = -0.027799581856552652
d_cam_ff  = -160.56961089875537
ccd_ff_dec_x = -0.022942860264033194
ccd_ff_dec_y = -0.04777443645917057
ccd_ff_tilt_x = 0.16505298381422207
ccd_ff_tilt_y = -0.589550419582724
ccd_ff_tilt_z = 0.17173560879135238
d_ff_ccd  = -4.7853770722855336
ccd_dec_x = 0.5519202086663678
ccd_dec_y = 5.1063938409371
ccd_defocus = 0.3157917899720528
ccd_tilt_x = 0.021390505046512492
ccd_tilt_y = -0.004194978872963853
ccd_tilt_z = 4.168101136121497e-07
p = 1.2257272727272728e-05