slit_dec_x_a = -0.1704187350130263
slit_dec_y_a = -0.19584655454356742
slit_dec_x_b = 0.175
slit_dec_y_b = -1.88401879036729e-96
slit_defocus = 0.005565069963918874
slit_tilt_x = 1.1861102235528467
slit_tilt_y = -8.540001264474103
slit_tilt_z = -8.990850083901455
d_slit_col = 1594.2944433813914
coll_tilt_x = 0.08859631721310675
coll_tilt_y = -0.031768203429374586
ech_G = 31.610672013785898
ech_blaze = -74.97702261208775
ech_gamma = 1.140456797779146
echelle_z = 0.07490509396180163
d_col_trf = -1588.0185564862236
trf_mirror_tilt_x = 0.1386789757796959
trf_mirror_tilt_y = 0.0776010599878104
d_col_grm = -0.009538095848485181
grism_dec_x = 236.4342906700198
grism_dec_y = 0.034232343025166714
grm_tilt_x = -0.0157408787940669
grm_tilt_y = 2.3043678798608114
grm_G = 222.8251770296423
grm_apex = 17.81510954829973
d_grm_cam  = 21.608482386606937
cam_dec_x = -0.30213773599488203
cam_dec_y = 0.2503737255152366
cam_tilt_x = -0.018476444054860028
cam_tilt_y = -0.015017758102704103
d_cam_ff  = -160.4010005804099
ccd_ff_dec_x = -0.0035550910885134837
ccd_ff_dec_y = 0.00014353830184532791
ccd_ff_tilt_x = 0.14600068443578046
ccd_ff_tilt_y = -0.5721052049018599
ccd_ff_tilt_z = 0.17259043007455926
d_ff_ccd  = -4.811236887126124
ccd_dec_x = 0.6206747090825422
ccd_dec_y = 5.155304406427882
ccd_defocus = 0.31630405197076267
ccd_tilt_x = 0.0077587840033541775
ccd_tilt_y = -0.014024027736995803
ccd_tilt_z = 3.1698207981726655e-06
p = 1.2257272727272728e-05