slit_dec_x_a = -0.181778666534
slit_dec_y_a = -0.18243150017
slit_dec_x_b = 0.14512077562974193
slit_dec_y_b = -0.05510809031835813
slit_defocus = -0.013776840144545508
slit_tilt_x = 1.0540393030063078
slit_tilt_y = -8.55997343266051
slit_tilt_z = -9.026867031730713
d_slit_col = 1594.2902459686754
coll_tilt_x = 0.12138629867284347
coll_tilt_y = -0.02652983948729348
ech_G = 31.61456286143629
ech_blaze = -74.99488704801985
ech_gamma = 1.1556402190387511
echelle_z = 0.057009519906512256
d_col_trf = -1588.0163593818186
trf_mirror_tilt_x = 0.007238776615536939
trf_mirror_tilt_y = 0.15547880325512045
d_col_grm = 0.035719740398597336
grism_dec_x = 236.38320952903527
grism_dec_y = 0.009272503030032474
grm_tilt_x = -0.023509983608356835
grm_tilt_y = 2.3257889689403974
grm_G = 222.78407264859803
grm_apex = 17.76654796731508
d_grm_cam  = 21.60470206629373
cam_dec_x = -0.2710671713918202
cam_dec_y = 0.29087506028651583
cam_tilt_x = 0.01239374747269624
cam_tilt_y = 0.008886652012786711
d_cam_ff  = -160.077083088032
ccd_ff_dec_x = -0.02380451266285968
ccd_ff_dec_y = 0.042032098737467695
ccd_ff_tilt_x = 0.03349780863655379
ccd_ff_tilt_y = -0.5909825696070568
ccd_ff_tilt_z = 0.17192069727300408
d_ff_ccd  = -4.8160171807025565
ccd_dec_x = 0.5533011470487271
ccd_dec_y = 5.107634479493477
ccd_defocus = 0.28579718416959227
ccd_tilt_x = 0.03258032905231487
ccd_tilt_y = -0.002090639969849989
ccd_tilt_z = 4.6634041194252075e-06
p = 0.0001