slit_dec_x_a = -0.1704010755187174
slit_dec_y_a = -0.1956586180351446
slit_dec_x_b = 0.175
slit_dec_y_b = -1.8419497908900513e-96
slit_defocus = 0.021301107763648356
slit_tilt_x = 1.1140076004624764
slit_tilt_y = -8.53840840675358
slit_tilt_z = -8.991640615524691
d_slit_col = 1594.3099569301212
coll_tilt_x = 0.11315062693343482
coll_tilt_y = -0.02886716087891981
ech_G = 31.61323151810364
ech_blaze = -74.97483491053634
ech_gamma = 1.1389765494440902
echelle_z = 0.074767046192437
d_col_trf = -1588.0172316794296
trf_mirror_tilt_x = 0.026283131527848478
trf_mirror_tilt_y = 0.1622444932617
d_col_grm = -0.004809428280704458
grism_dec_x = 236.4232068102351
grism_dec_y = 0.03817239168350034
grm_tilt_x = -0.014053377372537108
grm_tilt_y = 2.305277478163042
grm_G = 222.82400869727468
grm_apex = 17.79101992050413
d_grm_cam  = 21.609810538421076
cam_dec_x = -0.30954956129896466
cam_dec_y = 0.24727959886288833
cam_tilt_x = -0.011060120099947411
cam_tilt_y = 0.0038150441686295583
d_cam_ff  = -160.0577004203754
ccd_ff_dec_x = -0.0026007218955705425
ccd_ff_dec_y = 0.05299168550614692
ccd_ff_tilt_x = 0.019490510151579297
ccd_ff_tilt_y = -0.5728023224372152
ccd_ff_tilt_z = 0.18005123049705277
d_ff_ccd  = -4.838987992207946
ccd_dec_x = 0.6214019313882815
ccd_dec_y = 5.157151897702136
ccd_defocus = 0.28072360880172553
ccd_tilt_x = 0.005081565675718424
ccd_tilt_y = -0.010850242273397318
ccd_tilt_z = 5.099597584900331e-06
p = 0.0001