slit_dec_x_a = -0.181778666534
slit_dec_y_a = -0.18243150017
slit_dec_x_b = 0.14512077562974193
slit_dec_y_b = -0.05510809031835813
slit_defocus = -0.01383936508731802
slit_tilt_x = 1.0540585406875274
slit_tilt_y = -8.560006259706588
slit_tilt_z = -9.026956708348136
d_slit_col = 1594.2902578328174
coll_tilt_x = 0.12147595286143888
coll_tilt_y = -0.02647993688253845
ech_G = 31.61456454373682
ech_blaze = -74.99488992569911
ech_gamma = 1.155642514812776
echelle_z = 0.056997793055461723
d_col_trf = -1588.016367308298
trf_mirror_tilt_x = 0.007297831074833497
trf_mirror_tilt_y = 0.1554603767525864
d_col_grm = 0.035581991716196984
grism_dec_x = 236.38321790527664
grism_dec_y = 0.009247890148670017
grm_tilt_x = -0.023511167813238434
grm_tilt_y = 2.325792167323449
grm_G = 222.78407340920623
grm_apex = 17.76653269484293
d_grm_cam  = 21.604703751385625
cam_dec_x = -0.27110301539733506
cam_dec_y = 0.29086580418144126
cam_tilt_x = 0.01240258542803058
cam_tilt_y = 0.008792050129188447
d_cam_ff  = -160.0770077589433
ccd_ff_dec_x = -0.02380326389128526
ccd_ff_dec_y = 0.042100347759131185
ccd_ff_tilt_x = 0.03350391557906416
ccd_ff_tilt_y = -0.5909820705401769
ccd_ff_tilt_z = 0.17192184700273047
d_ff_ccd  = -4.816012932360175
ccd_dec_x = 0.5532899694881197
ccd_dec_y = 5.107632530592511
ccd_defocus = 0.28577419154015377
ccd_tilt_x = 0.03259212896662015
ccd_tilt_y = -0.0021782864900537413
ccd_tilt_z = 4.680998267421496e-06
p = 0.0001