slit_dec_x_a = -0.1704010755187174
slit_dec_y_a = -0.1956586180351446
slit_dec_x_b = 0.175
slit_dec_y_b = -1.8407367918133921e-96
slit_defocus = 0.02139972732590557
slit_tilt_x = 1.11401236172483
slit_tilt_y = -8.538544986023712
slit_tilt_z = -8.99165079693703
d_slit_col = 1594.3099723569576
coll_tilt_x = 0.11323252467062202
coll_tilt_y = -0.028892063366252524
ech_G = 31.61322978153459
ech_blaze = -74.97483244765722
ech_gamma = 1.1389748985453036
echelle_z = 0.07476647432225673
d_col_trf = -1588.0172376513324
trf_mirror_tilt_x = 0.02630579164987021
trf_mirror_tilt_y = 0.16215849204834312
d_col_grm = -0.004834322105662783
grism_dec_x = 236.4233212506574
grism_dec_y = 0.038139209738596476
grm_tilt_x = -0.014054457710906632
grm_tilt_y = 2.305279012621682
grm_G = 222.82400389655254
grm_apex = 17.790984815964034
d_grm_cam  = 21.609816048697063
cam_dec_x = -0.3095355957322154
cam_dec_y = 0.24728233595525584
cam_tilt_x = -0.011049118988075963
cam_tilt_y = 0.003852496689102503
d_cam_ff  = -160.0579315905199
ccd_ff_dec_x = -0.00260602694885876
ccd_ff_dec_y = 0.053016361581142014
ccd_ff_tilt_x = 0.01958085136984746
ccd_ff_tilt_y = -0.5728030100264554
ccd_ff_tilt_z = 0.18005566906807313
d_ff_ccd  = -4.838865186826691
ccd_dec_x = 0.6214094655365455
ccd_dec_y = 5.157149391528858
ccd_defocus = 0.2806620491084882
ccd_tilt_x = 0.005071918598232692
ccd_tilt_y = -0.010876267416534025
ccd_tilt_z = 5.099896295584616e-06
p = 0.0001