slit_dec_x_a = -0.181778666534
slit_dec_y_a = -0.18243150017
slit_dec_x_b = 0.14512077562974193
slit_dec_y_b = -0.05510809031835813
slit_defocus = -0.0021909573654297523
slit_tilt_x = 1.134659807041965
slit_tilt_y = -8.568210802885638
slit_tilt_z = -9.003636039838044
d_slit_col = 1594.3039349987585
coll_tilt_x = 0.08645780617302869
coll_tilt_y = -0.022009023772904916
ech_G = 31.61092183677811
ech_blaze = -74.9956715341887
ech_gamma = 1.1579953731427177
echelle_z = 0.05758479427470593
d_col_trf = -1588.016162499702
trf_mirror_tilt_x = 0.12250863527463528
trf_mirror_tilt_y = 0.018643325222617066
d_col_grm = 0.015104765463219752
grism_dec_x = 236.397432819463
grism_dec_y = -0.005015597519380075
grm_tilt_x = -0.024966272651577134
grm_tilt_y = 2.326950109374075
grm_G = 222.78581075065384
grm_apex = 17.809200797632183
d_grm_cam  = 21.604655831937833
cam_dec_x = -0.28359972308441933
cam_dec_y = 0.28967894004106337
cam_tilt_x = 0.004256918903539915
cam_tilt_y = -0.027778977687875326
d_cam_ff  = -160.56964391489387
ccd_ff_dec_x = -0.022874558339459783
ccd_ff_dec_y = -0.04777556112462691
ccd_ff_tilt_x = 0.16505942211874364
ccd_ff_tilt_y = -0.5895575935514888
ccd_ff_tilt_z = 0.17174322769836559
d_ff_ccd  = -4.785451975892168
ccd_dec_x = 0.5519026599318362
ccd_dec_y = 5.106108171283532
ccd_defocus = 0.31577734278866376
ccd_tilt_x = 0.021315165308304185
ccd_tilt_y = -0.004216942768933922
ccd_tilt_z = 3.5196197805272495e-07
p = 2.57025e-06