slit_dec_x_a = -0.181778666534
slit_dec_y_a = -0.18243150017
slit_dec_x_b = 0.14512077562974193
slit_dec_y_b = -0.05510809031835813
slit_defocus = -0.013804784001339557
slit_tilt_x = 1.0542022898376235
slit_tilt_y = -8.559942123736894
slit_tilt_z = -9.026826302471953
d_slit_col = 1594.2902806993523
coll_tilt_x = 0.12144561305765876
coll_tilt_y = -0.026559166181542356
ech_G = 31.614564148238358
ech_blaze = -74.99488339216491
ech_gamma = 1.1556464970623328
echelle_z = 0.05700605582175231
d_col_trf = -1588.0163638844015
trf_mirror_tilt_x = 0.007319836335756141
trf_mirror_tilt_y = 0.15550267694729056
d_col_grm = 0.035633629997716305
grism_dec_x = 236.38325029222162
grism_dec_y = 0.009221593568176825
grm_tilt_x = -0.023513637276364505
grm_tilt_y = 2.32579518363564
grm_G = 222.78407396895048
grm_apex = 17.766518507542482
d_grm_cam  = 21.604697619608512
cam_dec_x = -0.27108566035645854
cam_dec_y = 0.2908394330213935
cam_tilt_x = 0.012458623895932308
cam_tilt_y = 0.008832098571901197
d_cam_ff  = -160.076996914146
ccd_ff_dec_x = -0.02379840540240541
ccd_ff_dec_y = 0.04207513304669204
ccd_ff_tilt_x = 0.03348298277392522
ccd_ff_tilt_y = -0.5909872583874302
ccd_ff_tilt_z = 0.1719138818114866
d_ff_ccd  = -4.816000114281499
ccd_dec_x = 0.5532930243048415
ccd_dec_y = 5.1076297230890635
ccd_defocus = 0.2857716541124255
ccd_tilt_x = 0.03259584901344248
ccd_tilt_y = -0.002204822495199015
ccd_tilt_z = 4.664800265856396e-06
p = 0.0001