slit_dec_x_a = -0.181778666534
slit_dec_y_a = -0.18243150017
slit_dec_x_b = 0.14512077562974193
slit_dec_y_b = -0.05510809031835813
slit_defocus = -0.0022527079358459707
slit_tilt_x = 1.1346999421495418
slit_tilt_y = -8.568362767433781
slit_tilt_z = -9.003594602832738
d_slit_col = 1594.303951645025
coll_tilt_x = 0.08648766962121555
coll_tilt_y = -0.022028041634229594
ech_G = 31.61093773328798
ech_blaze = -74.99583825489027
ech_gamma = 1.1582714320163918
echelle_z = 0.05643941871170203
d_col_trf = -1588.0163810274476
trf_mirror_tilt_x = 0.12245125737505885
trf_mirror_tilt_y = 0.018705234074478275
d_col_grm = 0.014935745194992281
grism_dec_x = 236.39749853928336
grism_dec_y = -0.0050795835211027976
grm_tilt_x = -0.024693035255185278
grm_tilt_y = 2.32740068699149
grm_G = 222.78594644346214
grm_apex = 17.809065993273602
d_grm_cam  = 21.604817352747553
cam_dec_x = -0.2836300614144856
cam_dec_y = 0.2897520014986867
cam_tilt_x = 0.004334979126709618
cam_tilt_y = -0.027772940557212984
d_cam_ff  = -160.56959159124062
ccd_ff_dec_x = -0.02268098112602616
ccd_ff_dec_y = -0.047776044067247316
ccd_ff_tilt_x = 0.16501835882598376
ccd_ff_tilt_y = -0.5893818332750819
ccd_ff_tilt_z = 0.1718479525430409
d_ff_ccd  = -4.785424555874291
ccd_dec_x = 0.5518982836191046
ccd_dec_y = 5.106374721948823
ccd_defocus = 0.31586775567197245
ccd_tilt_x = 0.021388991980628914
ccd_tilt_y = -0.004200999224646432
ccd_tilt_z = 2.0499928337323773e-07
p = 2.971636363636364e-06