slit_dec_x_a = -0.181778666534
slit_dec_y_a = -0.18243150017
slit_dec_x_b = 0.14512077562974193
slit_dec_y_b = -0.05510809031835813
slit_defocus = -0.013799323222271214
slit_tilt_x = 1.0541083342384319
slit_tilt_y = -8.560010414180118
slit_tilt_z = -9.02687038617768
d_slit_col = 1594.2902570479393
coll_tilt_x = 0.12142164722464445
coll_tilt_y = -0.026579985159229998
ech_G = 31.614565628287536
ech_blaze = -74.99488740757968
ech_gamma = 1.1556405861061403
echelle_z = 0.05699831023617172
d_col_trf = -1588.0163666919145
trf_mirror_tilt_x = 0.007278989361229906
trf_mirror_tilt_y = 0.15540784784935985
d_col_grm = 0.035619522901070524
grism_dec_x = 236.383249046479
grism_dec_y = 0.009257322290153667
grm_tilt_x = -0.02350908257044981
grm_tilt_y = 2.3257902081933195
grm_G = 222.7840715296011
grm_apex = 17.766509125984026
d_grm_cam  = 21.60470125833946
cam_dec_x = -0.2711739803943241
cam_dec_y = 0.29087374842694813
cam_tilt_x = 0.012397219713092085
cam_tilt_y = 0.008806336695887991
d_cam_ff  = -160.07733358015395
ccd_ff_dec_x = -0.02380505216723562
ccd_ff_dec_y = 0.042051063620968686
ccd_ff_tilt_x = 0.033415546466172626
ccd_ff_tilt_y = -0.5909829428082286
ccd_ff_tilt_z = 0.17191731503031712
d_ff_ccd  = -4.815949416943888
ccd_dec_x = 0.5533030949840837
ccd_dec_y = 5.107640015257161
ccd_defocus = 0.2857357750681584
ccd_tilt_x = 0.032601462705824064
ccd_tilt_y = -0.0021386465894672893
ccd_tilt_z = 4.6253397515094584e-06
p = 0.0001