slit_dec_x_a = -0.1704235564001128
slit_dec_y_a = -0.19588803134138966
slit_dec_x_b = 0.175
slit_dec_y_b = -1.948389921622744e-96
slit_defocus = 0.0055653456671045844
slit_tilt_x = 1.1861154676070897
slit_tilt_y = -8.53999760264328
slit_tilt_z = -8.990852724406055
d_slit_col = 1594.294437329384
coll_tilt_x = 0.0885920775047052
coll_tilt_y = -0.0317728853041136
ech_G = 31.610666700174495
ech_blaze = -74.97703925562172
ech_gamma = 1.140451639323767
echelle_z = 0.07491037962921986
d_col_trf = -1588.018563995142
trf_mirror_tilt_x = 0.1386851628221189
trf_mirror_tilt_y = 0.07760170687574588
d_col_grm = -0.009535888246839559
grism_dec_x = 236.43428704615096
grism_dec_y = 0.034236658278489575
grm_tilt_x = -0.01571177482163069
grm_tilt_y = 2.3043712642146454
grm_G = 222.82518308869487
grm_apex = 17.815105078915654
d_grm_cam  = 21.60848314559463
cam_dec_x = -0.3021427027398433
cam_dec_y = 0.25037709766863836
cam_tilt_x = -0.01844009199969503
cam_tilt_y = -0.015015353562036282
d_cam_ff  = -160.40099255128865
ccd_ff_dec_x = -0.0035490182599240455
ccd_ff_dec_y = 0.00014238082620121384
ccd_ff_tilt_x = 0.1460015521711386
ccd_ff_tilt_y = -0.5721077070783659
ccd_ff_tilt_z = 0.1725847165322043
d_ff_ccd  = -4.811239547334507
ccd_dec_x = 0.6206787563193311
ccd_dec_y = 5.155293383970856
ccd_defocus = 0.31630992933294577
ccd_tilt_x = 0.00777391785352476
ccd_tilt_y = -0.01402871476790531
ccd_tilt_z = 3.208187638566355e-06
p = 1.3059999999999999e-05