slit_dec_x_a = -0.181778666534
slit_dec_y_a = -0.18243150017
slit_dec_x_b = 0.14512077562974193
slit_dec_y_b = -0.05510809031835813
slit_defocus = -0.0022051008049315734
slit_tilt_x = 1.1346857563421504
slit_tilt_y = -8.56830425920507
slit_tilt_z = -9.003630035542184
d_slit_col = 1594.303918294747
coll_tilt_x = 0.0864441073180401
coll_tilt_y = -0.02203739955286603
ech_G = 31.610912527182457
ech_blaze = -74.99568933152905
ech_gamma = 1.1581392125213477
echelle_z = 0.05723894053848671
d_col_trf = -1588.0162464809484
trf_mirror_tilt_x = 0.12251129973506661
trf_mirror_tilt_y = 0.018683581168308063
d_col_grm = 0.014990904380927423
grism_dec_x = 236.39748380251132
grism_dec_y = -0.0050395643272865024
grm_tilt_x = -0.024741828289178227
grm_tilt_y = 2.3274055747363493
grm_G = 222.7857214165709
grm_apex = 17.809155625630115
d_grm_cam  = 21.604376689823166
cam_dec_x = -0.28363080229193943
cam_dec_y = 0.2897295579111953
cam_tilt_x = 0.004347101816968994
cam_tilt_y = -0.027806377900705437
d_cam_ff  = -160.5696335390503
ccd_ff_dec_x = -0.02295240246932572
ccd_ff_dec_y = -0.04777769986289425
ccd_ff_tilt_x = 0.1650485627894163
ccd_ff_tilt_y = -0.5895236014676593
ccd_ff_tilt_z = 0.17171063903982448
d_ff_ccd  = -4.785365333104793
ccd_dec_x = 0.5519776478174674
ccd_dec_y = 5.106374124753146
ccd_defocus = 0.3157982009871317
ccd_tilt_x = 0.02139617944676056
ccd_tilt_y = -0.004190380798348584
ccd_tilt_z = 3.8914384128237983e-07
p = 1.3059999999999999e-05