slit_dec_x_a = -0.181778666534
slit_dec_y_a = -0.18243150017
slit_dec_x_b = 0.14512077562974193
slit_dec_y_b = -0.05510809031835813
slit_defocus = -0.013876316870064897
slit_tilt_x = 1.0540806553422608
slit_tilt_y = -8.559951183708558
slit_tilt_z = -9.026910237287769
d_slit_col = 1594.29026465198
coll_tilt_x = 0.12140545813286695
coll_tilt_y = -0.026473317690614732
ech_G = 31.614566729534598
ech_blaze = -74.99489217959699
ech_gamma = 1.1556421287796255
echelle_z = 0.05700552561057589
d_col_trf = -1588.0163669847266
trf_mirror_tilt_x = 0.007329719674628963
trf_mirror_tilt_y = 0.15542176168668229
d_col_grm = 0.035656294276765664
grism_dec_x = 236.38319805000816
grism_dec_y = 0.009288514828286914
grm_tilt_x = -0.02351377907753614
grm_tilt_y = 2.3257963129242913
grm_G = 222.78406844669215
grm_apex = 17.766505918754678
d_grm_cam  = 21.604701809178586
cam_dec_x = -0.27111158351944464
cam_dec_y = 0.29090107990592223
cam_tilt_x = 0.012420358963835082
cam_tilt_y = 0.00880104372729644
d_cam_ff  = -160.07731588975554
ccd_ff_dec_x = -0.023799555723550195
ccd_ff_dec_y = 0.042008083790779
ccd_ff_tilt_x = 0.03346506360218046
ccd_ff_tilt_y = -0.5909786538350358
ccd_ff_tilt_z = 0.17191913525702116
d_ff_ccd  = -4.81605538444096
ccd_dec_x = 0.5532951676938966
ccd_dec_y = 5.107632846356292
ccd_defocus = 0.2856890398213995
ccd_tilt_x = 0.03253993371895784
ccd_tilt_y = -0.0021325121753719037
ccd_tilt_z = 4.661393967184593e-06
p = 0.0001