slit_dec_x_a = -0.17039100038234273
slit_dec_y_a = -0.19575518470353362
slit_dec_x_b = 0.175
slit_dec_y_b = -2.6209261498858124e-96
slit_defocus = 0.005535128387847549
slit_tilt_x = 1.1860979123991549
slit_tilt_y = -8.540121722934943
slit_tilt_z = -8.990815553015052
d_slit_col = 1594.2944836519675
coll_tilt_x = 0.08848520726844979
coll_tilt_y = -0.03181758910932136
ech_G = 31.610661180026725
ech_blaze = -74.97713160533846
ech_gamma = 1.1404698757489586
echelle_z = 0.07548897274326132
d_col_trf = -1588.018621010552
trf_mirror_tilt_x = 0.13865376886682929
trf_mirror_tilt_y = 0.07754942264381075
d_col_grm = -0.009543781666798748
grism_dec_x = 236.4343740052375
grism_dec_y = 0.034250135021399744
grm_tilt_x = -0.015777924073033207
grm_tilt_y = 2.3043574368513795
grm_G = 222.82521199677592
grm_apex = 17.815120944291394
d_grm_cam  = 21.608487546816164
cam_dec_x = -0.3021247734475296
cam_dec_y = 0.25033822429721925
cam_tilt_x = -0.01837162170294673
cam_tilt_y = -0.01504022753119446
d_cam_ff  = -160.40100312519095
ccd_ff_dec_x = -0.0035295363192350284
ccd_ff_dec_y = 0.00015623027384839078
ccd_ff_tilt_x = 0.14601592961116178
ccd_ff_tilt_y = -0.5720313240091318
ccd_ff_tilt_z = 0.17252587040693307
d_ff_ccd  = -4.811229486446239
ccd_dec_x = 0.6206372576572924
ccd_dec_y = 5.15528019893545
ccd_defocus = 0.31633562174810703
ccd_tilt_x = 0.007803068373960741
ccd_tilt_y = -0.014018648871144675
ccd_tilt_z = 3.3772051866070596e-06
p = 3.3347272727272725e-06