slit_dec_x_a = -0.181778666534
slit_dec_y_a = -0.18243150017
slit_dec_x_b = 0.14512077562974193
slit_dec_y_b = -0.05510809031835813
slit_defocus = -0.0022568960039418546
slit_tilt_x = 1.1347083080993217
slit_tilt_y = -8.568353243659304
slit_tilt_z = -9.00358794427845
d_slit_col = 1594.3039424611227
coll_tilt_x = 0.08649206809493318
coll_tilt_y = -0.022033874875393246
ech_G = 31.610937055293366
ech_blaze = -74.9958259561531
ech_gamma = 1.1582735874835894
echelle_z = 0.0564885428487636
d_col_trf = -1588.0163972645942
trf_mirror_tilt_x = 0.12245656240479241
trf_mirror_tilt_y = 0.018691041761518288
d_col_grm = 0.014932951936405743
grism_dec_x = 236.39750168386354
grism_dec_y = -0.0050910264639613114
grm_tilt_x = -0.02468896092835077
grm_tilt_y = 2.3273992924464464
grm_G = 222.7859211448228
grm_apex = 17.809064396375305
d_grm_cam  = 21.60479446114163
cam_dec_x = -0.2836303075006724
cam_dec_y = 0.28975108510040426
cam_tilt_x = 0.004337599409192263
cam_tilt_y = -0.027770321200118426
d_cam_ff  = -160.5695891959962
ccd_ff_dec_x = -0.022704410228277527
ccd_ff_dec_y = -0.047779694508495424
ccd_ff_tilt_x = 0.16502300466803474
ccd_ff_tilt_y = -0.5894162237792403
ccd_ff_tilt_z = 0.17184914684017805
d_ff_ccd  = -4.7854312839617945
ccd_dec_x = 0.5518629264987096
ccd_dec_y = 5.10637193728969
ccd_defocus = 0.31587124339984396
ccd_tilt_x = 0.021388194169293908
ccd_tilt_y = -0.004198141551885725
ccd_tilt_z = 1.9730009204357298e-07
p = 3.3347272727272725e-06