slit_dec_x_a = -0.1704010755187174
slit_dec_y_a = -0.1956586180351446
slit_dec_x_b = 0.175
slit_dec_y_b = -1.833734510122685e-96
slit_defocus = 0.02138667550028424
slit_tilt_x = 1.1140442172769927
slit_tilt_y = -8.538457894777654
slit_tilt_z = -8.991586900390047
d_slit_col = 1594.3098695617873
coll_tilt_x = 0.11321234756789307
coll_tilt_y = -0.02885925335767961
ech_G = 31.613224248665674
ech_blaze = -74.97483327552662
ech_gamma = 1.1389728405500223
echelle_z = 0.07476901504942128
d_col_trf = -1588.0172275509062
trf_mirror_tilt_x = 0.026281247321464123
trf_mirror_tilt_y = 0.1621548259119149
d_col_grm = -0.004807647842312007
grism_dec_x = 236.42335558171303
grism_dec_y = 0.03822929439663274
grm_tilt_x = -0.014048953021005546
grm_tilt_y = 2.3052832362666367
grm_G = 222.82400740764496
grm_apex = 17.79101475814933
d_grm_cam  = 21.60982500259554
cam_dec_x = -0.30952512604135757
cam_dec_y = 0.24730419279865706
cam_tilt_x = -0.010968660037948596
cam_tilt_y = 0.003779136311263009
d_cam_ff  = -160.0573248869312
ccd_ff_dec_x = -0.0025993065934250444
ccd_ff_dec_y = 0.05304527625338087
ccd_ff_tilt_x = 0.019497577856920145
ccd_ff_tilt_y = -0.5728030753817129
ccd_ff_tilt_z = 0.18005777314492954
d_ff_ccd  = -4.838902492266775
ccd_dec_x = 0.6214062174306512
ccd_dec_y = 5.157149084802136
ccd_defocus = 0.28075861880637426
ccd_tilt_x = 0.0050213490271629295
ccd_tilt_y = -0.010895584212890807
ccd_tilt_z = 5.062630864169524e-06
p = 0.0001