slit_dec_x_a = -0.17044920090874746
slit_dec_y_a = -0.1960231573445064
slit_dec_x_b = 0.175
slit_dec_y_b = -2.2961327585512856e-96
slit_defocus = 0.005517621802083289
slit_tilt_x = 1.1861345223271773
slit_tilt_y = -8.540044863163063
slit_tilt_z = -8.990862625851735
d_slit_col = 1594.2944556269156
coll_tilt_x = 0.08883751743218891
coll_tilt_y = -0.03171391269409984
ech_G = 31.61067206772565
ech_blaze = -74.97698548106264
ech_gamma = 1.140611122821613
echelle_z = 0.07513380792736345
d_col_trf = -1588.0185700314232
trf_mirror_tilt_x = 0.1387300166711605
trf_mirror_tilt_y = 0.07757156843002704
d_col_grm = -0.009523722537646205
grism_dec_x = 236.43431003007368
grism_dec_y = 0.03423140705905984
grm_tilt_x = -0.015818563225661997
grm_tilt_y = 2.3043863943720138
grm_G = 222.82521893150565
grm_apex = 17.815111341958364
d_grm_cam  = 21.608490732135262
cam_dec_x = -0.3021054376590443
cam_dec_y = 0.2503730903867479
cam_tilt_x = -0.01811974502342246
cam_tilt_y = -0.014998089111513563
d_cam_ff  = -160.4009310407931
ccd_ff_dec_x = -0.00356238868921477
ccd_ff_dec_y = 0.00013739126129360982
ccd_ff_tilt_x = 0.14600525258439684
ccd_ff_tilt_y = -0.5720517977192866
ccd_ff_tilt_z = 0.17256909649266103
d_ff_ccd  = -4.811218200617337
ccd_dec_x = 0.6206413823382808
ccd_dec_y = 5.155276430048439
ccd_defocus = 0.316318634027836
ccd_tilt_x = 0.007813240766875236
ccd_tilt_y = -0.014017752155204795
ccd_tilt_z = 3.272287593540847e-06
p = 9.518666666666667e-06