slit_dec_x_a = -0.181778666534
slit_dec_y_a = -0.18243150017
slit_dec_x_b = 0.14512077562974193
slit_dec_y_b = -0.05510809031835813
slit_defocus = -0.0022004659137709894
slit_tilt_x = 1.1347139078216573
slit_tilt_y = -8.568297736266265
slit_tilt_z = -9.003597124855727
d_slit_col = 1594.3039195577642
coll_tilt_x = 0.0864672198396883
coll_tilt_y = -0.022052164527038818
ech_G = 31.610902758865045
ech_blaze = -74.99561841744365
ech_gamma = 1.1582373647082973
echelle_z = 0.0569625255739058
d_col_trf = -1588.0162001840913
trf_mirror_tilt_x = 0.12251076908054172
trf_mirror_tilt_y = 0.018716998024557653
d_col_grm = 0.014991025990187536
grism_dec_x = 236.3974769299904
grism_dec_y = -0.00506921799672552
grm_tilt_x = -0.024813882144249358
grm_tilt_y = 2.3274811518750496
grm_G = 222.78573395029258
grm_apex = 17.809151512349096
d_grm_cam  = 21.604594314873903
cam_dec_x = -0.28363651531134054
cam_dec_y = 0.2897520170383919
cam_tilt_x = 0.004326340133008557
cam_tilt_y = -0.02781352720448588
d_cam_ff  = -160.56962474440667
ccd_ff_dec_x = -0.02293620480049581
ccd_ff_dec_y = -0.047781489576777726
ccd_ff_tilt_x = 0.16504446134236508
ccd_ff_tilt_y = -0.5895210211472552
ccd_ff_tilt_z = 0.17165589840964765
d_ff_ccd  = -4.785380851233038
ccd_dec_x = 0.5519417905881591
ccd_dec_y = 5.106421992901274
ccd_defocus = 0.31584421884191427
ccd_tilt_x = 0.02142376104120075
ccd_tilt_y = -0.004230167480190504
ccd_tilt_z = 2.905798089061002e-07
p = 9.518666666666667e-06