slit_dec_x_a = -0.181778666534
slit_dec_y_a = -0.18243150017
slit_dec_x_b = 0.14512077562974193
slit_dec_y_b = -0.05510809031835813
slit_defocus = -0.002196326588084945
slit_tilt_x = 1.134672361565483
slit_tilt_y = -8.568233760431925
slit_tilt_z = -9.003641646157178
d_slit_col = 1594.3039813479472
coll_tilt_x = 0.08645785665268055
coll_tilt_y = -0.02200766817166441
ech_G = 31.610884183476966
ech_blaze = -74.99553047280816
ech_gamma = 1.158102049640805
echelle_z = 0.057570161238380255
d_col_trf = -1588.0162813586069
trf_mirror_tilt_x = 0.12252921470856011
trf_mirror_tilt_y = 0.018643110023554545
d_col_grm = 0.015090913907163923
grism_dec_x = 236.39745818688888
grism_dec_y = -0.00503255601764454
grm_tilt_x = -0.02478541588024495
grm_tilt_y = 2.3272874947680853
grm_G = 222.7857292801376
grm_apex = 17.809217715318713
d_grm_cam  = 21.604539320548916
cam_dec_x = -0.2835735847319351
cam_dec_y = 0.28973776486921105
cam_tilt_x = 0.004337690771626944
cam_tilt_y = -0.027830294522110548
d_cam_ff  = -160.56985060821614
ccd_ff_dec_x = -0.02279244575001877
ccd_ff_dec_y = -0.04779572442304872
ccd_ff_tilt_x = 0.16503532193348205
ccd_ff_tilt_y = -0.5897033074166714
ccd_ff_tilt_z = 0.17172648858673153
d_ff_ccd  = -4.785418900096751
ccd_dec_x = 0.551810300953171
ccd_dec_y = 5.106129001048472
ccd_defocus = 0.31573357395228524
ccd_tilt_x = 0.02133579251394302
ccd_tilt_y = -0.004201868862078322
ccd_tilt_z = 3.622665759623961e-07
p = 9.607333333333334e-06