slit_dec_x_a = -0.1703849642278798
slit_dec_y_a = -0.1959234981246876
slit_dec_x_b = 0.175
slit_dec_y_b = -1.5607286479330768e-96
slit_defocus = 0.005594787812479268
slit_tilt_x = 1.1861314499531614
slit_tilt_y = -8.540042741832398
slit_tilt_z = -8.990844280008956
d_slit_col = 1594.2944718376639
coll_tilt_x = 0.08870974873291305
coll_tilt_y = -0.03184494246220648
ech_G = 31.610645108378836
ech_blaze = -74.97678881768292
ech_gamma = 1.140319329346583
echelle_z = 0.0747463574591999
d_col_trf = -1588.0185427520307
trf_mirror_tilt_x = 0.13865904350944513
trf_mirror_tilt_y = 0.07751219649692315
d_col_grm = -0.009530718674599977
grism_dec_x = 236.43432112927746
grism_dec_y = 0.03416771589467612
grm_tilt_x = -0.015825100834004697
grm_tilt_y = 2.3043814699464824
grm_G = 222.82516076478808
grm_apex = 17.815124238416022
d_grm_cam  = 21.60847774626375
cam_dec_x = -0.30211770495667906
cam_dec_y = 0.2503182547333985
cam_tilt_x = -0.01845745382909545
cam_tilt_y = -0.015090492235664886
d_cam_ff  = -160.40096841418475
ccd_ff_dec_x = -0.003523510860052685
ccd_ff_dec_y = 0.00024384522098264448
ccd_ff_tilt_x = 0.1460459103890649
ccd_ff_tilt_y = -0.5720752105952907
ccd_ff_tilt_z = 0.17257087261268328
d_ff_ccd  = -4.8112647134288835
ccd_dec_x = 0.6206579403537426
ccd_dec_y = 5.1552966728567124
ccd_defocus = 0.31629277647935194
ccd_tilt_x = 0.00771373697948518
ccd_tilt_y = -0.014102384043976115
ccd_tilt_z = 3.1871765891865826e-06
p = 9.607333333333334e-06