slit_dec_x_a = -0.1704010755187174
slit_dec_y_a = -0.1956586180351446
slit_dec_x_b = 0.175
slit_dec_y_b = -1.8895973462832584e-96
slit_defocus = 0.021339844782733104
slit_tilt_x = 1.1140096049150414
slit_tilt_y = -8.538431011289033
slit_tilt_z = -8.991671519615043
d_slit_col = 1594.3100791930524
coll_tilt_x = 0.11320238715270797
coll_tilt_y = -0.02885668147936902
ech_G = 31.61323247668537
ech_blaze = -74.97483177616657
ech_gamma = 1.1389729126879604
echelle_z = 0.07477494283069248
d_col_trf = -1588.0172343169877
trf_mirror_tilt_x = 0.02632653693248942
trf_mirror_tilt_y = 0.16216863780075963
d_col_grm = -0.0048779823533419
grism_dec_x = 236.42333632851103
grism_dec_y = 0.03815497589252876
grm_tilt_x = -0.014056867602684691
grm_tilt_y = 2.3052710451666854
grm_G = 222.82400772020685
grm_apex = 17.791055990983306
d_grm_cam  = 21.609821652492553
cam_dec_x = -0.30949381658404085
cam_dec_y = 0.24729427830687922
cam_tilt_x = -0.010982969347564733
cam_tilt_y = 0.0037760224577378858
d_cam_ff  = -160.05718606666792
ccd_ff_dec_x = -0.002599723501711849
ccd_ff_dec_y = 0.0530296068376642
ccd_ff_tilt_x = 0.019512162458810232
ccd_ff_tilt_y = -0.5728033158453838
ccd_ff_tilt_z = 0.1800498492964095
d_ff_ccd  = -4.838955167168969
ccd_dec_x = 0.6214032653502559
ccd_dec_y = 5.157148668882003
ccd_defocus = 0.28070248673867176
ccd_tilt_x = 0.005075982102409668
ccd_tilt_y = -0.010889701087257796
ccd_tilt_z = 5.063878922339083e-06
p = 0.0001