slit_dec_x_a = -0.181778666534
slit_dec_y_a = -0.18243150017
slit_dec_x_b = 0.14512077562974193
slit_dec_y_b = -0.05510809031835813
slit_defocus = -0.013799558219981987
slit_tilt_x = 1.0540925451184553
slit_tilt_y = -8.559896902837185
slit_tilt_z = -9.026870115802431
d_slit_col = 1594.2903082363184
coll_tilt_x = 0.12142183362796152
coll_tilt_y = -0.026518863493058046
ech_G = 31.614564232130988
ech_blaze = -74.99489109275648
ech_gamma = 1.1556431057778978
echelle_z = 0.05701030356357017
d_col_trf = -1588.0163614239189
trf_mirror_tilt_x = 0.007261027899543419
trf_mirror_tilt_y = 0.15538253657269466
d_col_grm = 0.035632106621942695
grism_dec_x = 236.38330555191456
grism_dec_y = 0.009267243750987681
grm_tilt_x = -0.023508843103601396
grm_tilt_y = 2.3257867399887666
grm_G = 222.78406855117797
grm_apex = 17.766497688626337
d_grm_cam  = 21.60469810898333
cam_dec_x = -0.27116276800753697
cam_dec_y = 0.2908612027422467
cam_tilt_x = 0.012455996322917507
cam_tilt_y = 0.00876752480413674
d_cam_ff  = -160.07700860570597
ccd_ff_dec_x = -0.023798147502418224
ccd_ff_dec_y = 0.04207321312375049
ccd_ff_tilt_x = 0.03351365860694595
ccd_ff_tilt_y = -0.5909772761522123
ccd_ff_tilt_z = 0.17191743323240696
d_ff_ccd  = -4.8159904836448
ccd_dec_x = 0.5532963945609243
ccd_dec_y = 5.107633202912674
ccd_defocus = 0.28578727171628465
ccd_tilt_x = 0.032602354292689505
ccd_tilt_y = -0.0021483726943999455
ccd_tilt_z = 4.7293322640443734e-06
p = 0.0001