slit_dec_x_a = -0.17043956303410576
slit_dec_y_a = -0.19614398691116827
slit_dec_x_b = 0.175
slit_dec_y_b = -2.2057727870075805e-96
slit_defocus = 0.005522645290883741
slit_tilt_x = 1.1861106849840757
slit_tilt_y = -8.540064338781413
slit_tilt_z = -8.990868973911018
d_slit_col = 1594.2944573717543
coll_tilt_x = 0.08877774094125174
coll_tilt_y = -0.03178757414027305
ech_G = 31.610687135157605
ech_blaze = -74.97703754668794
ech_gamma = 1.1404921094088722
echelle_z = 0.07530286216372929
d_col_trf = -1588.0185480079244
trf_mirror_tilt_x = 0.1387031769919118
trf_mirror_tilt_y = 0.07754050607589912
d_col_grm = -0.009528017098196527
grism_dec_x = 236.43431933276116
grism_dec_y = 0.0342386730623459
grm_tilt_x = -0.015969076315642563
grm_tilt_y = 2.3043828493331846
grm_G = 222.82519812215756
grm_apex = 17.815133547301347
d_grm_cam  = 21.608497035297013
cam_dec_x = -0.3021114974729404
cam_dec_y = 0.25034258159120726
cam_tilt_x = -0.01808916390978222
cam_tilt_y = -0.01499587092651902
d_cam_ff  = -160.4009555418081
ccd_ff_dec_x = -0.003542200762658575
ccd_ff_dec_y = 0.0001322615942626218
ccd_ff_tilt_x = 0.1460537304967765
ccd_ff_tilt_y = -0.5720479678800815
ccd_ff_tilt_z = 0.17256320192224492
d_ff_ccd  = -4.8112253902737745
ccd_dec_x = 0.6206381558390183
ccd_dec_y = 5.155279561184519
ccd_defocus = 0.31631206802377676
ccd_tilt_x = 0.00781606191624131
ccd_tilt_y = -0.014020579705465898
ccd_tilt_z = 3.280902073586942e-06
p = 4.549454545454545e-06