slit_dec_x_a = -0.1704609310071369
slit_dec_y_a = -0.19606003840606046
slit_dec_x_b = 0.175
slit_dec_y_b = -2.176346171182516e-96
slit_defocus = 0.005528779216528018
slit_tilt_x = 1.1861258338024878
slit_tilt_y = -8.54005201535463
slit_tilt_z = -8.990857346428593
d_slit_col = 1594.2944549722226
coll_tilt_x = 0.08870123085612897
coll_tilt_y = -0.031729650048188625
ech_G = 31.610674744297704
ech_blaze = -74.97712604552447
ech_gamma = 1.140556222688792
echelle_z = 0.07499257642124786
d_col_trf = -1588.0185571258965
trf_mirror_tilt_x = 0.1387261615459929
trf_mirror_tilt_y = 0.07757891147856336
d_col_grm = -0.009518743141143643
grism_dec_x = 236.43430346927386
grism_dec_y = 0.03422751484116028
grm_tilt_x = -0.015787251307198328
grm_tilt_y = 2.30436463507768
grm_G = 222.82520693654507
grm_apex = 17.815101804642385
d_grm_cam  = 21.60848764537936
cam_dec_x = -0.3021052529484809
cam_dec_y = 0.2503885398135481
cam_tilt_x = -0.01811655062735699
cam_tilt_y = -0.015008014055275404
d_cam_ff  = -160.40095725567477
ccd_ff_dec_x = -0.003547046734366151
ccd_ff_dec_y = 0.00014080119366723307
ccd_ff_tilt_x = 0.14599867510555709
ccd_ff_tilt_y = -0.5720593640672906
ccd_ff_tilt_z = 0.17256447918174964
d_ff_ccd  = -4.811236135706162
ccd_dec_x = 0.6206375710633627
ccd_dec_y = 5.15527272325986
ccd_defocus = 0.31633020678856555
ccd_tilt_x = 0.007764887162983313
ccd_tilt_y = -0.01400808539592594
ccd_tilt_z = 3.2612900223384333e-06
p = 6.352749999999999e-06