slit_dec_x_a = -0.181778666534
slit_dec_y_a = -0.18243150017
slit_dec_x_b = 0.14512077562974193
slit_dec_y_b = -0.05510809031835813
slit_defocus = -0.002203107684631533
slit_tilt_x = 1.134702783791574
slit_tilt_y = -8.568299095726426
slit_tilt_z = -9.003606996798545
d_slit_col = 1594.3039123467702
coll_tilt_x = 0.08645533725340888
coll_tilt_y = -0.022036282158890492
ech_G = 31.61090680533746
ech_blaze = -74.99561549991665
ech_gamma = 1.15822451680115
echelle_z = 0.05699420885244893
d_col_trf = -1588.0162616648186
trf_mirror_tilt_x = 0.12249154364446838
trf_mirror_tilt_y = 0.018690168766099323
d_col_grm = 0.014977830740791469
grism_dec_x = 236.39748888182933
grism_dec_y = -0.005068276308120009
grm_tilt_x = -0.024813085477796253
grm_tilt_y = 2.3274502305917024
grm_G = 222.78576006745635
grm_apex = 17.809156534222744
d_grm_cam  = 21.604500855310132
cam_dec_x = -0.28363795081205095
cam_dec_y = 0.2897372486686419
cam_tilt_x = 0.004342708955419588
cam_tilt_y = -0.02781170512960137
d_cam_ff  = -160.569549753747
ccd_ff_dec_x = -0.022927463039661804
ccd_ff_dec_y = -0.04780062605102584
ccd_ff_tilt_x = 0.16502980996965
ccd_ff_tilt_y = -0.5895684867544106
ccd_ff_tilt_z = 0.17169381371570344
d_ff_ccd  = -4.785381688000605
ccd_dec_x = 0.5519323307665602
ccd_dec_y = 5.106598205463213
ccd_defocus = 0.3158374316202918
ccd_tilt_x = 0.021421859981798685
ccd_tilt_y = -0.00424066638455407
ccd_tilt_z = 3.139637240686999e-07
p = 6.352749999999999e-06