slit_dec_x_a = -0.1704010755187174
slit_dec_y_a = -0.1956586180351446
slit_dec_x_b = 0.175
slit_dec_y_b = -1.8225013050184412e-96
slit_defocus = 0.021400817536173282
slit_tilt_x = 1.113987159003452
slit_tilt_y = -8.53842416581387
slit_tilt_z = -8.991645145147832
d_slit_col = 1594.3100087815344
coll_tilt_x = 0.11317702354910665
coll_tilt_y = -0.02892115866842926
ech_G = 31.61322976672517
ech_blaze = -74.97483298201581
ech_gamma = 1.1389761484669372
echelle_z = 0.0747753112595112
d_col_trf = -1588.0172349849267
trf_mirror_tilt_x = 0.026331988006194237
trf_mirror_tilt_y = 0.16225936431496693
d_col_grm = -0.004914078105172127
grism_dec_x = 236.42332194892765
grism_dec_y = 0.038187802916041555
grm_tilt_x = -0.014056137865934919
grm_tilt_y = 2.305277900636176
grm_G = 222.82401030511244
grm_apex = 17.791034480587225
d_grm_cam  = 21.609820962872497
cam_dec_x = -0.3095489835711305
cam_dec_y = 0.24733337357833987
cam_tilt_x = -0.01102576680840755
cam_tilt_y = 0.0037270966752133722
d_cam_ff  = -160.0572116079759
ccd_ff_dec_x = -0.0026031672619776305
ccd_ff_dec_y = 0.05299791213268457
ccd_ff_tilt_x = 0.019507432271102153
ccd_ff_tilt_y = -0.5728034086317397
ccd_ff_tilt_z = 0.18005236738305785
d_ff_ccd  = -4.838935442349755
ccd_dec_x = 0.621410057124684
ccd_dec_y = 5.157143831612627
ccd_defocus = 0.28070951557022245
ccd_tilt_x = 0.005011619018422934
ccd_tilt_y = -0.010937498978835574
ccd_tilt_z = 5.074301821719431e-06
p = 0.0001