slit_dec_x_a = -0.181778666534
slit_dec_y_a = -0.18243150017
slit_dec_x_b = 0.14512077562974193
slit_dec_y_b = -0.05510809031835813
slit_defocus = -0.01379612513251791
slit_tilt_x = 1.0540656529807615
slit_tilt_y = -8.559906838531166
slit_tilt_z = -9.026886393874854
d_slit_col = 1594.2903248169766
coll_tilt_x = 0.12145737673872983
coll_tilt_y = -0.026465254716907596
ech_G = 31.614567851905893
ech_blaze = -74.99489509960993
ech_gamma = 1.1556416687588587
echelle_z = 0.05700446685173517
d_col_trf = -1588.0163618228744
trf_mirror_tilt_x = 0.007327262143970248
trf_mirror_tilt_y = 0.15544607292563603
d_col_grm = 0.035644697031179
grism_dec_x = 236.38323901599483
grism_dec_y = 0.00927806223484392
grm_tilt_x = -0.02351206417201182
grm_tilt_y = 2.3257889331024817
grm_G = 222.7840608593313
grm_apex = 17.766485549290095
d_grm_cam  = 21.604698436027597
cam_dec_x = -0.2710754524756305
cam_dec_y = 0.29090648321531926
cam_tilt_x = 0.012479618839976269
cam_tilt_y = 0.008843462240484741
d_cam_ff  = -160.07731332095614
ccd_ff_dec_x = -0.02379861873047956
ccd_ff_dec_y = 0.04207867336279253
ccd_ff_tilt_x = 0.033421327014158196
ccd_ff_tilt_y = -0.5909880181317797
ccd_ff_tilt_z = 0.17191653125310546
d_ff_ccd  = -4.815986743664118
ccd_dec_x = 0.5532937771798447
ccd_dec_y = 5.10762815846945
ccd_defocus = 0.28578268699158765
ccd_tilt_x = 0.032600719447157554
ccd_tilt_y = -0.002239114402631006
ccd_tilt_z = 4.61993028331857e-06
p = 0.0001