slit_dec_x_a = -0.1704010755187174
slit_dec_y_a = -0.1956586180351446
slit_dec_x_b = 0.175
slit_dec_y_b = -1.770084174800048e-96
slit_defocus = 0.021406967697813528
slit_tilt_x = 1.1140138792870167
slit_tilt_y = -8.53839292638462
slit_tilt_z = -8.991582555143328
d_slit_col = 1594.3099745594925
coll_tilt_x = 0.11314682921998816
coll_tilt_y = -0.028892442868237795
ech_G = 31.613228157717085
ech_blaze = -74.97483056429216
ech_gamma = 1.1389720832581816
echelle_z = 0.07477668527433047
d_col_trf = -1588.0172274747163
trf_mirror_tilt_x = 0.026324681504675686
trf_mirror_tilt_y = 0.1621930022363173
d_col_grm = -0.004841577368724115
grism_dec_x = 236.42331943864025
grism_dec_y = 0.038205232496092464
grm_tilt_x = -0.014055383139506744
grm_tilt_y = 2.3052787303393547
grm_G = 222.8240077451969
grm_apex = 17.791018316889822
d_grm_cam  = 21.60981947234801
cam_dec_x = -0.3095863156733872
cam_dec_y = 0.24733631864339373
cam_tilt_x = -0.011108754426456386
cam_tilt_y = 0.003736366461730841
d_cam_ff  = -160.0573012300266
ccd_ff_dec_x = -0.00260760454186773
ccd_ff_dec_y = 0.05302428559815421
ccd_ff_tilt_x = 0.019511298142297854
ccd_ff_tilt_y = -0.5728039441413173
ccd_ff_tilt_z = 0.18005975229815785
d_ff_ccd  = -4.838871735550652
ccd_dec_x = 0.6214053052765679
ccd_dec_y = 5.157146543405527
ccd_defocus = 0.2807566563099422
ccd_tilt_x = 0.005059072813661023
ccd_tilt_y = -0.01094788083178078
ccd_tilt_z = 5.052159488477232e-06
p = 0.0001