slit_dec_x_a = -0.17042484770138588
slit_dec_y_a = -0.1960608884194129
slit_dec_x_b = 0.175
slit_dec_y_b = -2.202005525149927e-96
slit_defocus = 0.005560656871074586
slit_tilt_x = 1.1861264656725965
slit_tilt_y = -8.540006693337585
slit_tilt_z = -8.990854149130556
d_slit_col = 1594.2944679898492
coll_tilt_x = 0.08879154028871836
coll_tilt_y = -0.03172670134974761
ech_G = 31.610665185759544
ech_blaze = -74.97678593056338
ech_gamma = 1.1405386947452445
echelle_z = 0.07483297425912293
d_col_trf = -1588.0185496511858
trf_mirror_tilt_x = 0.1386555396645159
trf_mirror_tilt_y = 0.07758669361851556
d_col_grm = -0.00954353249071891
grism_dec_x = 236.4343293827705
grism_dec_y = 0.0342106006259489
grm_tilt_x = -0.0156582392256328
grm_tilt_y = 2.3043683132338244
grm_G = 222.82519544746773
grm_apex = 17.81510948734913
d_grm_cam  = 21.60846900479891
cam_dec_x = -0.30215468070144347
cam_dec_y = 0.2503540891453878
cam_tilt_x = -0.01860664665646459
cam_tilt_y = -0.015044392875585604
d_cam_ff  = -160.40094999067406
ccd_ff_dec_x = -0.003505076942394345
ccd_ff_dec_y = 0.00018124659856365196
ccd_ff_tilt_x = 0.14603461258538603
ccd_ff_tilt_y = -0.5720805135986853
ccd_ff_tilt_z = 0.17260132440385603
d_ff_ccd  = -4.811243450446129
ccd_dec_x = 0.6206863123063167
ccd_dec_y = 5.155286565447677
ccd_defocus = 0.3163088636022408
ccd_tilt_x = 0.007747156999646979
ccd_tilt_y = -0.014044955601039473
ccd_tilt_z = 3.146404560195452e-06
p = 5.807363636363637e-06