slit_dec_x_a = -0.181778666534
slit_dec_y_a = -0.18243150017
slit_dec_x_b = 0.14512077562974193
slit_dec_y_b = -0.05510809031835813
slit_defocus = -0.002208302463231818
slit_tilt_x = 1.1347026712617496
slit_tilt_y = -8.568254447926538
slit_tilt_z = -9.003657065423642
d_slit_col = 1594.3039283354785
coll_tilt_x = 0.08642939464376194
coll_tilt_y = -0.022056964728363694
ech_G = 31.610881684350147
ech_blaze = -74.99553724403722
ech_gamma = 1.158101547572083
echelle_z = 0.05736202520936869
d_col_trf = -1588.0162991417476
trf_mirror_tilt_x = 0.12252246574607413
trf_mirror_tilt_y = 0.018692473153258515
d_col_grm = 0.015020878179895879
grism_dec_x = 236.39747256554224
grism_dec_y = -0.00502355748759766
grm_tilt_x = -0.024714214993022038
grm_tilt_y = 2.327259277620776
grm_G = 222.78573089347404
grm_apex = 17.80915666370217
d_grm_cam  = 21.604291035797065
cam_dec_x = -0.28361312124519933
cam_dec_y = 0.28971998364400225
cam_tilt_x = 0.004338481868019914
cam_tilt_y = -0.027814182104680184
d_cam_ff  = -160.56958681681633
ccd_ff_dec_x = -0.02280968514793399
ccd_ff_dec_y = -0.047803276475480064
ccd_ff_tilt_x = 0.16503019308979192
ccd_ff_tilt_y = -0.5897261068482732
ccd_ff_tilt_z = 0.1717710038610377
d_ff_ccd  = -4.78538555838993
ccd_dec_x = 0.551898156063445
ccd_dec_y = 5.106169023860774
ccd_defocus = 0.3157908876898497
ccd_tilt_x = 0.02137133355057431
ccd_tilt_y = -0.004205553085932039
ccd_tilt_z = 3.484397251138375e-07
p = 5.807363636363637e-06