slit_dec_x_a = -0.1704010755187174
slit_dec_y_a = -0.1956586180351446
slit_dec_x_b = 0.175
slit_dec_y_b = -1.886144417133175e-96
slit_defocus = 0.021358018343565984
slit_tilt_x = 1.114011456327885
slit_tilt_y = -8.538458588902792
slit_tilt_z = -8.99161189271263
d_slit_col = 1594.3099642571806
coll_tilt_x = 0.11321279927906903
coll_tilt_y = -0.02894290461942693
ech_G = 31.613237187235036
ech_blaze = -74.9748373479879
ech_gamma = 1.138981221053246
echelle_z = 0.07476756583276879
d_col_trf = -1588.0172329644356
trf_mirror_tilt_x = 0.02633235791760035
trf_mirror_tilt_y = 0.1622861399189407
d_col_grm = -0.0049179236295405805
grism_dec_x = 236.42326137530318
grism_dec_y = 0.038168660435271846
grm_tilt_x = -0.014051323541253026
grm_tilt_y = 2.3052767556300866
grm_G = 222.82400670032627
grm_apex = 17.79102332510479
d_grm_cam  = 21.60981293668323
cam_dec_x = -0.30958097507643156
cam_dec_y = 0.24718137021446498
cam_tilt_x = -0.011011918046335835
cam_tilt_y = 0.00370968144572468
d_cam_ff  = -160.05738273341268
ccd_ff_dec_x = -0.002591639298526286
ccd_ff_dec_y = 0.053028669221203424
ccd_ff_tilt_x = 0.01950378537701994
ccd_ff_tilt_y = -0.5727970089062305
ccd_ff_tilt_z = 0.18005436778186673
d_ff_ccd  = -4.838949779941095
ccd_dec_x = 0.6214018159468968
ccd_dec_y = 5.157156718139402
ccd_defocus = 0.28073791132244674
ccd_tilt_x = 0.0050099874496207855
ccd_tilt_y = -0.010919500450591766
ccd_tilt_z = 5.092039285566741e-06
p = 0.0001