slit_dec_x_a = -0.17044232653698668
slit_dec_y_a = -0.19606090966993128
slit_dec_x_b = 0.175
slit_dec_y_b = -2.3315372095997697e-96
slit_defocus = 0.005517900014184796
slit_tilt_x = 1.1861147870936102
slit_tilt_y = -8.540083845236762
slit_tilt_z = -8.990859344378793
d_slit_col = 1594.294453578762
coll_tilt_x = 0.08878722890800167
coll_tilt_y = -0.031759186939072204
ech_G = 31.610700210556903
ech_blaze = -74.97710992807369
ech_gamma = 1.1404902726412736
echelle_z = 0.07533832473397968
d_col_trf = -1588.018536880654
trf_mirror_tilt_x = 0.138697552570166
trf_mirror_tilt_y = 0.07755254601956231
d_col_grm = -0.009509100746301437
grism_dec_x = 236.4343200463537
grism_dec_y = 0.03425302567071907
grm_tilt_x = -0.01596242631316288
grm_tilt_y = 2.3043738206362496
grm_G = 222.8252084250371
grm_apex = 17.8151338047994
d_grm_cam  = 21.608495965676795
cam_dec_x = -0.30210701342879726
cam_dec_y = 0.25035672055493347
cam_tilt_x = -0.018078218908067104
cam_tilt_y = -0.014993302651466112
d_cam_ff  = -160.40095950301884
ccd_ff_dec_x = -0.0035520815625525335
ccd_ff_dec_y = 0.00013639553497081543
ccd_ff_tilt_x = 0.14603810118775123
ccd_ff_tilt_y = -0.5720368085643446
ccd_ff_tilt_z = 0.1725680383273048
d_ff_ccd  = -4.811230638686848
ccd_dec_x = 0.6206502307494526
ccd_dec_y = 5.155288302162108
ccd_defocus = 0.31631578810144656
ccd_tilt_x = 0.007810539091104169
ccd_tilt_y = -0.014023082408822638
ccd_tilt_z = 3.237934946330948e-06
p = 8.359363636363636e-06