slit_dec_x_a = -0.1704182321994435
slit_dec_y_a = -0.1958391585109371
slit_dec_x_b = 0.175
slit_dec_y_b = -2.378138846497288e-96
slit_defocus = 0.005515156440860282
slit_tilt_x = 1.1861323242545594
slit_tilt_y = -8.540103911428483
slit_tilt_z = -8.99084174020848
d_slit_col = 1594.2944370795155
coll_tilt_x = 0.08856904359697589
coll_tilt_y = -0.03183378253194032
ech_G = 31.610655487758752
ech_blaze = -74.97701752421098
ech_gamma = 1.1404118326750612
echelle_z = 0.07538763982965636
d_col_trf = -1588.018582145225
trf_mirror_tilt_x = 0.13867266819585458
trf_mirror_tilt_y = 0.07753663049256168
d_col_grm = -0.009524790755287784
grism_dec_x = 236.4343356209499
grism_dec_y = 0.034239078224854815
grm_tilt_x = -0.01584859804616295
grm_tilt_y = 2.304347794320573
grm_G = 222.82519437299007
grm_apex = 17.81512210893944
d_grm_cam  = 21.60848810855304
cam_dec_x = -0.3021132239235551
cam_dec_y = 0.2503529010433434
cam_tilt_x = -0.0182432614546768
cam_tilt_y = -0.01501546002656772
d_cam_ff  = -160.4009780587177
ccd_ff_dec_x = -0.0035431704577435137
ccd_ff_dec_y = 0.00017718068651033746
ccd_ff_tilt_x = 0.1460157305751461
ccd_ff_tilt_y = -0.5720142274797486
ccd_ff_tilt_z = 0.17255746242510314
d_ff_ccd  = -4.811222525782932
ccd_dec_x = 0.6206582931825668
ccd_dec_y = 5.1552777613728935
ccd_defocus = 0.3163273563237574
ccd_tilt_x = 0.007786556180381515
ccd_tilt_y = -0.014000110402114222
ccd_tilt_z = 3.326074550727191e-06
p = 9.10818181818182e-06