slit_dec_x_a = -0.181778666534
slit_dec_y_a = -0.18243150017
slit_dec_x_b = 0.14512077562974193
slit_dec_y_b = -0.05510809031835813
slit_defocus = -0.0021979370247671975
slit_tilt_x = 1.1346667595824547
slit_tilt_y = -8.568374014454426
slit_tilt_z = -9.003604281772205
d_slit_col = 1594.3039938829497
coll_tilt_x = 0.08646703831509997
coll_tilt_y = -0.022069032620332
ech_G = 31.61090093580235
ech_blaze = -74.9955931193875
ech_gamma = 1.1581504714612891
echelle_z = 0.05672168620307068
d_col_trf = -1588.0163939485237
trf_mirror_tilt_x = 0.1225132615664754
trf_mirror_tilt_y = 0.018697262412078773
d_col_grm = 0.01497133671273444
grism_dec_x = 236.39746721860558
grism_dec_y = -0.0050750718385348306
grm_tilt_x = -0.02465598581268054
grm_tilt_y = 2.3273724557473394
grm_G = 222.785727623393
grm_apex = 17.809096723901874
d_grm_cam  = 21.604832933315986
cam_dec_x = -0.28362679614247693
cam_dec_y = 0.28975807969106243
cam_tilt_x = 0.004320665367327908
cam_tilt_y = -0.02779024221666897
d_cam_ff  = -160.56951715235928
ccd_ff_dec_x = -0.022888586087571345
ccd_ff_dec_y = -0.047766824312375826
ccd_ff_tilt_x = 0.16505429478989117
ccd_ff_tilt_y = -0.5893684032152149
ccd_ff_tilt_z = 0.1718975993751857
d_ff_ccd  = -4.785382568873474
ccd_dec_x = 0.551881837671285
ccd_dec_y = 5.106369275836017
ccd_defocus = 0.3158404437940033
ccd_tilt_x = 0.021380446648364977
ccd_tilt_y = -0.0042309844809987176
ccd_tilt_z = 2.186542211411157e-07
p = 9.10818181818182e-06