slit_dec_x_a = -0.17041869416785316
slit_dec_y_a = -0.19592074775395873
slit_dec_x_b = 0.175
slit_dec_y_b = -1.6444573288574103e-96
slit_defocus = 0.005594472849511223
slit_tilt_x = 1.1861303719306369
slit_tilt_y = -8.54001867542646
slit_tilt_z = -8.99085544898808
d_slit_col = 1594.2944716350112
coll_tilt_x = 0.08874652945767456
coll_tilt_y = -0.03194776902319967
ech_G = 31.610658228633874
ech_blaze = -74.9768155090166
ech_gamma = 1.1402837895339408
echelle_z = 0.07481799519500146
d_col_trf = -1588.0185316033505
trf_mirror_tilt_x = 0.13869078508760047
trf_mirror_tilt_y = 0.07753962863698102
d_col_grm = -0.009543363285689591
grism_dec_x = 236.4343474039503
grism_dec_y = 0.034172239181648176
grm_tilt_x = -0.015991512969672814
grm_tilt_y = 2.3043841251469885
grm_G = 222.825187947478
grm_apex = 17.815115538435112
d_grm_cam  = 21.608488388269617
cam_dec_x = -0.3021063373957923
cam_dec_y = 0.2503369640737279
cam_tilt_x = -0.0184448438856501
cam_tilt_y = -0.015104325235522752
d_cam_ff  = -160.4009674984833
ccd_ff_dec_x = -0.003507896256796509
ccd_ff_dec_y = 0.0002684594655790247
ccd_ff_tilt_x = 0.1460435912780466
ccd_ff_tilt_y = -0.5720666456964748
ccd_ff_tilt_z = 0.1725849532924356
d_ff_ccd  = -4.8113052446907005
ccd_dec_x = 0.6206985386130895
ccd_dec_y = 5.155289793137905
ccd_defocus = 0.31628413437614383
ccd_tilt_x = 0.007739844977848867
ccd_tilt_y = -0.014123822189996827
ccd_tilt_z = 3.1416725768452673e-06
p = 8.703909090909091e-06