slit_dec_x_a = -0.181778666534
slit_dec_y_a = -0.18243150017
slit_dec_x_b = 0.14512077562974193
slit_dec_y_b = -0.05510809031835813
slit_defocus = -0.0021995320346209404
slit_tilt_x = 1.1346666349691736
slit_tilt_y = -8.568224962829511
slit_tilt_z = -9.003636683351111
d_slit_col = 1594.303954215421
coll_tilt_x = 0.08647112831090303
coll_tilt_y = -0.021982008320991956
ech_G = 31.61090696225832
ech_blaze = -74.99564006849019
ech_gamma = 1.1580797989120417
echelle_z = 0.05755210758029637
d_col_trf = -1588.0162211096467
trf_mirror_tilt_x = 0.1225145791003859
trf_mirror_tilt_y = 0.01861517798210055
d_col_grm = 0.015096996647636862
grism_dec_x = 236.39743989488986
grism_dec_y = -0.005017287262197619
grm_tilt_x = -0.02488608163957627
grm_tilt_y = 2.3270957607723326
grm_G = 222.78570794332038
grm_apex = 17.80922024354248
d_grm_cam  = 21.604581706795127
cam_dec_x = -0.2835609556468893
cam_dec_y = 0.28970727717425865
cam_tilt_x = 0.004300790723992294
cam_tilt_y = -0.027795974993652686
d_cam_ff  = -160.56970398900057
ccd_ff_dec_x = -0.02285000625272117
ccd_ff_dec_y = -0.04777876309800023
ccd_ff_tilt_x = 0.165039975158051
ccd_ff_tilt_y = -0.5896340636365514
ccd_ff_tilt_z = 0.17179546147182245
d_ff_ccd  = -4.785408606330676
ccd_dec_x = 0.5519107953987035
ccd_dec_y = 5.10616375610193
ccd_defocus = 0.31574349522402395
ccd_tilt_x = 0.02132759456401491
ccd_tilt_y = -0.004223641182476401
ccd_tilt_z = 3.4593880054478674e-07
p = 8.703909090909091e-06