slit_dec_x_a = -0.181778666534
slit_dec_y_a = -0.18243150017
slit_dec_x_b = 0.14512077562974193
slit_dec_y_b = -0.05510809031835813
slit_defocus = -0.01380073850709288
slit_tilt_x = 1.05414501429396
slit_tilt_y = -8.559933757558458
slit_tilt_z = -9.026887869997868
d_slit_col = 1594.2902998329678
coll_tilt_x = 0.12141017704428342
coll_tilt_y = -0.026446870000084294
ech_G = 31.614565587022685
ech_blaze = -74.99488217459195
ech_gamma = 1.155641212743058
echelle_z = 0.05700124882193863
d_col_trf = -1588.0163694128555
trf_mirror_tilt_x = 0.0072674660051714355
trf_mirror_tilt_y = 0.15545910889124706
d_col_grm = 0.035669143184122065
grism_dec_x = 236.3831415074784
grism_dec_y = 0.009227363916250647
grm_tilt_x = -0.023497247453230466
grm_tilt_y = 2.325782085411307
grm_G = 222.78407007019769
grm_apex = 17.766495737836635
d_grm_cam  = 21.6047014381102
cam_dec_x = -0.27104344801199554
cam_dec_y = 0.29088863938750514
cam_tilt_x = 0.01239830840987762
cam_tilt_y = 0.008843155887925625
d_cam_ff  = -160.07706609936886
ccd_ff_dec_x = -0.02380475104721765
ccd_ff_dec_y = 0.04207326734470294
ccd_ff_tilt_x = 0.0334625074624852
ccd_ff_tilt_y = -0.590984878353296
ccd_ff_tilt_z = 0.17191865844882
d_ff_ccd  = -4.815977342785125
ccd_dec_x = 0.5533014335874389
ccd_dec_y = 5.1076260718231
ccd_defocus = 0.2857079048507772
ccd_tilt_x = 0.03260939450115537
ccd_tilt_y = -0.002124530542489939
ccd_tilt_z = 4.6772226430349265e-06
p = 0.0001