slit_dec_x_a = -0.181778666534
slit_dec_y_a = -0.18243150017
slit_dec_x_b = 0.14512077562974193
slit_dec_y_b = -0.05510809031835813
slit_defocus = -0.002179972771457918
slit_tilt_x = 1.134698082810826
slit_tilt_y = -8.568285736715463
slit_tilt_z = -9.00363953429238
d_slit_col = 1594.3039281227777
coll_tilt_x = 0.08641798721863717
coll_tilt_y = -0.022039594434892736
ech_G = 31.610897231123552
ech_blaze = -74.9956229125825
ech_gamma = 1.158161990732023
echelle_z = 0.05735953509529302
d_col_trf = -1588.016315472949
trf_mirror_tilt_x = 0.12253571977494017
trf_mirror_tilt_y = 0.018673657193796836
d_col_grm = 0.015013615501475291
grism_dec_x = 236.39746166012569
grism_dec_y = -0.005016992569504368
grm_tilt_x = -0.024704002121760778
grm_tilt_y = 2.3274013937190223
grm_G = 222.785737429728
grm_apex = 17.80915074735728
d_grm_cam  = 21.604302728523013
cam_dec_x = -0.2836146543371676
cam_dec_y = 0.289723379822672
cam_tilt_x = 0.00432180310049359
cam_tilt_y = -0.027783529423813673
d_cam_ff  = -160.56964421462902
ccd_ff_dec_x = -0.022781084610236573
ccd_ff_dec_y = -0.04779935567663468
ccd_ff_tilt_x = 0.165037263184422
ccd_ff_tilt_y = -0.5897104716900724
ccd_ff_tilt_z = 0.17178292078771507
d_ff_ccd  = -4.7853726080777195
ccd_dec_x = 0.5520285681995
ccd_dec_y = 5.106264827822552
ccd_defocus = 0.31580181942908514
ccd_tilt_x = 0.021381240599034783
ccd_tilt_y = -0.004207699875461263
ccd_tilt_z = 3.010416254248196e-07
p = 9.801e-06