slit_dec_x_a = -0.1704010755187174
slit_dec_y_a = -0.1956586180351446
slit_dec_x_b = 0.175
slit_dec_y_b = -1.831083410360473e-96
slit_defocus = 0.021358495507325197
slit_tilt_x = 1.1139728027492395
slit_tilt_y = -8.538416767774212
slit_tilt_z = -8.99166456410563
d_slit_col = 1594.3099123758195
coll_tilt_x = 0.1132049991585886
coll_tilt_y = -0.028875680603712192
ech_G = 31.613228350642334
ech_blaze = -74.9748318152819
ech_gamma = 1.1389774598141622
echelle_z = 0.07477186319381057
d_col_trf = -1588.0172305513324
trf_mirror_tilt_x = 0.026269858374493107
trf_mirror_tilt_y = 0.16221323860607947
d_col_grm = -0.00484477228957231
grism_dec_x = 236.42337626160696
grism_dec_y = 0.038169719229785466
grm_tilt_x = -0.014050659384363555
grm_tilt_y = 2.3052786547384674
grm_G = 222.82400152790635
grm_apex = 17.790973156889486
d_grm_cam  = 21.6098190280721
cam_dec_x = -0.3095053132832143
cam_dec_y = 0.24724754611022962
cam_tilt_x = -0.011029948927690329
cam_tilt_y = 0.00375902133608664
d_cam_ff  = -160.05732717820106
ccd_ff_dec_x = -0.002600262572875086
ccd_ff_dec_y = 0.05306494940447926
ccd_ff_tilt_x = 0.01942690255510163
ccd_ff_tilt_y = -0.5728060978991221
ccd_ff_tilt_z = 0.1800534811235157
d_ff_ccd  = -4.838896805290054
ccd_dec_x = 0.6214029577424195
ccd_dec_y = 5.157149508995629
ccd_defocus = 0.2807629569691789
ccd_tilt_x = 0.005045071957651446
ccd_tilt_y = -0.01098417762321165
ccd_tilt_z = 5.060690688631236e-06
p = 0.0001