slit_dec_x_a = -0.181778666534
slit_dec_y_a = -0.18243150017
slit_dec_x_b = 0.14512077562974193
slit_dec_y_b = -0.05510809031835813
slit_defocus = -0.002211415137316427
slit_tilt_x = 1.1346995409122942
slit_tilt_y = -8.568232707479627
slit_tilt_z = -9.00365045253246
d_slit_col = 1594.3039085010837
coll_tilt_x = 0.08642258563989327
coll_tilt_y = -0.02207872453268865
ech_G = 31.610879388770446
ech_blaze = -74.99555038386302
ech_gamma = 1.158098792487159
echelle_z = 0.05740134005897826
d_col_trf = -1588.0163785410346
trf_mirror_tilt_x = 0.12252767218504068
trf_mirror_tilt_y = 0.01868268392223946
d_col_grm = 0.015030147122691568
grism_dec_x = 236.39747745459238
grism_dec_y = -0.0050198372776825905
grm_tilt_x = -0.02470615699013703
grm_tilt_y = 2.3273149578336825
grm_G = 222.78580554838172
grm_apex = 17.809164196427435
d_grm_cam  = 21.604301908983985
cam_dec_x = -0.2836184125165963
cam_dec_y = 0.28971374753591267
cam_tilt_x = 0.0043345723941385205
cam_tilt_y = -0.02780008804879258
d_cam_ff  = -160.56965707164167
ccd_ff_dec_x = -0.022849576156485047
ccd_ff_dec_y = -0.04781234801598554
ccd_ff_tilt_x = 0.16503548640330504
ccd_ff_tilt_y = -0.5897407838782827
ccd_ff_tilt_z = 0.17170498089945885
d_ff_ccd  = -4.7853680422244045
ccd_dec_x = 0.5519790666030984
ccd_dec_y = 5.106173872348015
ccd_defocus = 0.31578101327341834
ccd_tilt_x = 0.02137838571889688
ccd_tilt_y = -0.004206844551119412
ccd_tilt_z = 3.673822532928394e-07
p = 4.2431818181818175e-06