slit_dec_x_a = -0.1704010755187174
slit_dec_y_a = -0.1956586180351446
slit_dec_x_b = 0.175
slit_dec_y_b = -1.833907934629982e-96
slit_defocus = 0.021408558547941516
slit_tilt_x = 1.1140680069654236
slit_tilt_y = -8.538523982841255
slit_tilt_z = -8.991609901375014
d_slit_col = 1594.309930410697
coll_tilt_x = 0.1131793146270719
coll_tilt_y = -0.028857708686926324
ech_G = 31.613221572780475
ech_blaze = -74.974838497985
ech_gamma = 1.138973314963715
echelle_z = 0.07477149619911615
d_col_trf = -1588.017227122658
trf_mirror_tilt_x = 0.02631071876086547
trf_mirror_tilt_y = 0.1622254401048996
d_col_grm = -0.004788986488288986
grism_dec_x = 236.42331942363992
grism_dec_y = 0.03815246832491693
grm_tilt_x = -0.014058202095794408
grm_tilt_y = 2.3052816296803664
grm_G = 222.82400400353671
grm_apex = 17.79100931028201
d_grm_cam  = 21.609818455783486
cam_dec_x = -0.3095671373292915
cam_dec_y = 0.2472894636514584
cam_tilt_x = -0.011022760812075401
cam_tilt_y = 0.003803094659043268
d_cam_ff  = -160.0577255009418
ccd_ff_dec_x = -0.0026000040415038346
ccd_ff_dec_y = 0.0529567012945691
ccd_ff_tilt_x = 0.019513464159032528
ccd_ff_tilt_y = -0.5728033358359537
ccd_ff_tilt_z = 0.18005762373892054
d_ff_ccd  = -4.838891804921999
ccd_dec_x = 0.6214106109053682
ccd_dec_y = 5.157155028056345
ccd_defocus = 0.2806852530256105
ccd_tilt_x = 0.0050750806401294625
ccd_tilt_y = -0.010948693515537518
ccd_tilt_z = 5.031966491125831e-06
p = 0.0001