slit_dec_x_a = -0.181778666534
slit_dec_y_a = -0.18243150017
slit_dec_x_b = 0.14512077562974193
slit_dec_y_b = -0.05510809031835813
slit_defocus = -0.01375899624476824
slit_tilt_x = 1.0540893753555345
slit_tilt_y = -8.559947084340573
slit_tilt_z = -9.026879989959674
d_slit_col = 1594.290280796699
coll_tilt_x = 0.1214575448082172
coll_tilt_y = -0.026407764874228
ech_G = 31.614563702551347
ech_blaze = -74.99488955920096
ech_gamma = 1.1556361592805993
echelle_z = 0.056998679782505814
d_col_trf = -1588.0163644087645
trf_mirror_tilt_x = 0.007253823276348085
trf_mirror_tilt_y = 0.15546799208317272
d_col_grm = 0.035697021759245856
grism_dec_x = 236.38325895087667
grism_dec_y = 0.009247118686860258
grm_tilt_x = -0.023510841852665654
grm_tilt_y = 2.3257875902342655
grm_G = 222.7840738837819
grm_apex = 17.7664565030552
d_grm_cam  = 21.604698497532382
cam_dec_x = -0.2710859396041381
cam_dec_y = 0.29088052137405135
cam_tilt_x = 0.012410413813387738
cam_tilt_y = 0.00894305452140306
d_cam_ff  = -160.07741191420718
ccd_ff_dec_x = -0.023801778092206655
ccd_ff_dec_y = 0.0420151020826516
ccd_ff_tilt_x = 0.03345209722246315
ccd_ff_tilt_y = -0.5909853138909984
ccd_ff_tilt_z = 0.17191685530580916
d_ff_ccd  = -4.8160003994781535
ccd_dec_x = 0.5533017068332609
ccd_dec_y = 5.107633181517969
ccd_defocus = 0.2857337499520691
ccd_tilt_x = 0.03257079293372509
ccd_tilt_y = -0.0021885383616997026
ccd_tilt_z = 4.671588732543804e-06
p = 0.0001