slit_dec_x_a = -0.181778666534
slit_dec_y_a = -0.18243150017
slit_dec_x_b = 0.14512077562974193
slit_dec_y_b = -0.05510809031835813
slit_defocus = -0.013872985468007533
slit_tilt_x = 1.0540868541416057
slit_tilt_y = -8.559963956147856
slit_tilt_z = -9.026857265756409
d_slit_col = 1594.2902531436303
coll_tilt_x = 0.12143469488288165
coll_tilt_y = -0.026512918706946456
ech_G = 31.61456137371437
ech_blaze = -74.99488636112001
ech_gamma = 1.1556434629833836
echelle_z = 0.05699814125698071
d_col_trf = -1588.0163728455314
trf_mirror_tilt_x = 0.0072839766827970396
trf_mirror_tilt_y = 0.15545851930141677
d_col_grm = 0.03567406208984048
grism_dec_x = 236.38324701948858
grism_dec_y = 0.009198575471603984
grm_tilt_x = -0.023512113240807223
grm_tilt_y = 2.325786911196203
grm_G = 222.78406872409178
grm_apex = 17.76654058776002
d_grm_cam  = 21.60469756587624
cam_dec_x = -0.27108367695175684
cam_dec_y = 0.2907945593831432
cam_tilt_x = 0.012441741153156532
cam_tilt_y = 0.008818015889453001
d_cam_ff  = -160.07702258066124
ccd_ff_dec_x = -0.02380434407931334
ccd_ff_dec_y = 0.0420649660454242
ccd_ff_tilt_x = 0.03347955000388378
ccd_ff_tilt_y = -0.590979386054115
ccd_ff_tilt_z = 0.1719183426210318
d_ff_ccd  = -4.815975009188203
ccd_dec_x = 0.5533025194556
ccd_dec_y = 5.1076264308187636
ccd_defocus = 0.285844626239089
ccd_tilt_x = 0.03253730004868677
ccd_tilt_y = -0.0021116659070363596
ccd_tilt_z = 4.730495934359702e-06
p = 0.0001