slit_dec_x_a = -0.1704010755187174
slit_dec_y_a = -0.1956586180351446
slit_dec_x_b = 0.175
slit_dec_y_b = -1.8370218522730131e-96
slit_defocus = 0.021465594358720985
slit_tilt_x = 1.113978028776075
slit_tilt_y = -8.53840782116426
slit_tilt_z = -8.991731180590794
d_slit_col = 1594.3099220332913
coll_tilt_x = 0.11322222514053693
coll_tilt_y = -0.028876250659232914
ech_G = 31.6132301782942
ech_blaze = -74.97483739873692
ech_gamma = 1.1389757086706946
echelle_z = 0.07477235483323949
d_col_trf = -1588.0172351696187
trf_mirror_tilt_x = 0.02628138145828025
trf_mirror_tilt_y = 0.16215175237409699
d_col_grm = -0.004832649708591862
grism_dec_x = 236.42325876527346
grism_dec_y = 0.03816433923726135
grm_tilt_x = -0.014055196733860636
grm_tilt_y = 2.305273487693368
grm_G = 222.82400455402086
grm_apex = 17.79103830388182
d_grm_cam  = 21.60981615739961
cam_dec_x = -0.309517799935739
cam_dec_y = 0.2473072124595845
cam_tilt_x = -0.010987698945546678
cam_tilt_y = 0.0038039796461711004
d_cam_ff  = -160.05754559756127
ccd_ff_dec_x = -0.0026000659348278787
ccd_ff_dec_y = 0.05298675048274443
ccd_ff_tilt_x = 0.019467371747366725
ccd_ff_tilt_y = -0.5728023196344184
ccd_ff_tilt_z = 0.1800557324160605
d_ff_ccd  = -4.8390165766833775
ccd_dec_x = 0.6214039330138009
ccd_dec_y = 5.157154452293812
ccd_defocus = 0.2807195703566889
ccd_tilt_x = 0.005042053687591296
ccd_tilt_y = -0.010891869402910464
ccd_tilt_z = 5.0677729157316485e-06
p = 0.0001