slit_dec_x_a = -0.181778666534
slit_dec_y_a = -0.18243150017
slit_dec_x_b = 0.14512077562974193
slit_dec_y_b = -0.05510809031835813
slit_defocus = -0.002201487191423088
slit_tilt_x = 1.1347156730781038
slit_tilt_y = -8.568291438502214
slit_tilt_z = -9.003598430438192
d_slit_col = 1594.3039134047751
coll_tilt_x = 0.08646114320411108
coll_tilt_y = -0.022050902833340085
ech_G = 31.610903352433418
ech_blaze = -74.9956167565049
ech_gamma = 1.158229031246458
echelle_z = 0.056975106435676943
d_col_trf = -1588.0161965959978
trf_mirror_tilt_x = 0.12250951767676631
trf_mirror_tilt_y = 0.018721809556206257
d_col_grm = 0.014985905702292348
grism_dec_x = 236.39748065597414
grism_dec_y = -0.005068228885366504
grm_tilt_x = -0.02480096745160662
grm_tilt_y = 2.327450336568093
grm_G = 222.78573328328596
grm_apex = 17.80915821230458
d_grm_cam  = 21.60459254301095
cam_dec_x = -0.2836352858386706
cam_dec_y = 0.2897505931887983
cam_tilt_x = 0.0043282044276877745
cam_tilt_y = -0.027818224671273234
d_cam_ff  = -160.56964459942702
ccd_ff_dec_x = -0.02291975505837129
ccd_ff_dec_y = -0.04777312314554157
ccd_ff_tilt_x = 0.16503842151734296
ccd_ff_tilt_y = -0.5895214132312637
ccd_ff_tilt_z = 0.1716638924578079
d_ff_ccd  = -4.78538436475257
ccd_dec_x = 0.5519521622320411
ccd_dec_y = 5.106436752633794
ccd_defocus = 0.31584614083203255
ccd_tilt_x = 0.021417786367526562
ccd_tilt_y = -0.004235157180677654
ccd_tilt_z = 3.201602723171564e-07
p = 1.0682727272727273e-05