slit_dec_x_a = -0.17044801826833608
slit_dec_y_a = -0.1960201571393789
slit_dec_x_b = 0.175
slit_dec_y_b = -2.284276768765509e-96
slit_defocus = 0.0055205024076755566
slit_tilt_x = 1.1861310351644807
slit_tilt_y = -8.540044650253778
slit_tilt_z = -8.990864033807966
d_slit_col = 1594.2944562341193
coll_tilt_x = 0.08883453393097453
coll_tilt_y = -0.03170544473319905
ech_G = 31.610672974379646
ech_blaze = -74.97696470306975
ech_gamma = 1.1406260930092673
echelle_z = 0.07511786308115276
d_col_trf = -1588.018565128983
trf_mirror_tilt_x = 0.13873332987735285
trf_mirror_tilt_y = 0.07756729115578474
d_col_grm = -0.009524212630325279
grism_dec_x = 236.43430821248865
grism_dec_y = 0.03422839121440595
grm_tilt_x = -0.01583509279113498
grm_tilt_y = 2.3043829676740666
grm_G = 222.82521206842856
grm_apex = 17.815110405068967
d_grm_cam  = 21.60848930801878
cam_dec_x = -0.3021053229316177
cam_dec_y = 0.2503712063649024
cam_tilt_x = -0.018136284257114183
cam_tilt_y = -0.015001929872704314
d_cam_ff  = -160.40093891693476
ccd_ff_dec_x = -0.003561929418586718
ccd_ff_dec_y = 0.00013142166731163892
ccd_ff_tilt_x = 0.1460094408501678
ccd_ff_tilt_y = -0.572049997874461
ccd_ff_tilt_z = 0.17256584238596998
d_ff_ccd  = -4.811215318251487
ccd_dec_x = 0.6206405591920607
ccd_dec_y = 5.155273262522964
ccd_defocus = 0.316317488935311
ccd_tilt_x = 0.007808831466323956
ccd_tilt_y = -0.014020865688533437
ccd_tilt_z = 3.2630670186318554e-06
p = 1.0682727272727273e-05