slit_dec_x_a = -0.181778666534
slit_dec_y_a = -0.18243150017
slit_dec_x_b = 0.14512077562974193
slit_dec_y_b = -0.05510809031835813
slit_defocus = -0.013748559856022139
slit_tilt_x = 1.0541636855158443
slit_tilt_y = -8.559965033750425
slit_tilt_z = -9.026893110306068
d_slit_col = 1594.290286885189
coll_tilt_x = 0.12137890565556236
coll_tilt_y = -0.02648438429966803
ech_G = 31.61456239797655
ech_blaze = -74.99488738078796
ech_gamma = 1.1556439562554757
echelle_z = 0.05700386712030852
d_col_trf = -1588.0163649297845
trf_mirror_tilt_x = 0.007282688789472215
trf_mirror_tilt_y = 0.1553925861332246
d_col_grm = 0.03565058373416286
grism_dec_x = 236.38322478712277
grism_dec_y = 0.009246713804802293
grm_tilt_x = -0.023505122360625113
grm_tilt_y = 2.3257898727561077
grm_G = 222.78406615659162
grm_apex = 17.76654276671503
d_grm_cam  = 21.604703942326303
cam_dec_x = -0.27107827467206363
cam_dec_y = 0.2909709233379906
cam_tilt_x = 0.012390297310290774
cam_tilt_y = 0.008846901429361717
d_cam_ff  = -160.07690092243718
ccd_ff_dec_x = -0.023807452203500064
ccd_ff_dec_y = 0.04205985901761265
ccd_ff_tilt_x = 0.033521784771069235
ccd_ff_tilt_y = -0.5909827696429001
ccd_ff_tilt_z = 0.17191311185944366
d_ff_ccd  = -4.815954558573026
ccd_dec_x = 0.5532980765124695
ccd_dec_y = 5.1076255772297685
ccd_defocus = 0.2858304249743878
ccd_tilt_x = 0.03257821007953867
ccd_tilt_y = -0.002128843946890056
ccd_tilt_z = 4.676953181227849e-06
p = 0.0001