slit_dec_x_a = -0.1704010755187174
slit_dec_y_a = -0.1956586180351446
slit_dec_x_b = 0.175
slit_dec_y_b = -1.842999748191387e-96
slit_defocus = 0.021367393174656087
slit_tilt_x = 1.1140309291742967
slit_tilt_y = -8.53839908673953
slit_tilt_z = -8.991644924499298
d_slit_col = 1594.3099894750599
coll_tilt_x = 0.1131460114561119
coll_tilt_y = -0.02886141455405341
ech_G = 31.61323350733025
ech_blaze = -74.97482932137595
ech_gamma = 1.138975489661156
echelle_z = 0.07477181943270023
d_col_trf = -1588.017232399896
trf_mirror_tilt_x = 0.026339143091757
trf_mirror_tilt_y = 0.16226768630922056
d_col_grm = -0.0048218713587208206
grism_dec_x = 236.42323522121703
grism_dec_y = 0.03812423759960764
grm_tilt_x = -0.014055814581329864
grm_tilt_y = 2.3052798883637715
grm_G = 222.82400420242237
grm_apex = 17.790978074555596
d_grm_cam  = 21.609822083725376
cam_dec_x = -0.3095583531144603
cam_dec_y = 0.2472834073364696
cam_tilt_x = -0.01111186456036655
cam_tilt_y = 0.0037795001518358276
d_cam_ff  = -160.05728282702415
ccd_ff_dec_x = -0.002610078708017311
ccd_ff_dec_y = 0.0530022741693573
ccd_ff_tilt_x = 0.019581407787045205
ccd_ff_tilt_y = -0.5728043228119656
ccd_ff_tilt_z = 0.18005287343292162
d_ff_ccd  = -4.838974444793447
ccd_dec_x = 0.6214021252646088
ccd_dec_y = 5.157147855950702
ccd_defocus = 0.2807274282630079
ccd_tilt_x = 0.00512521964613545
ccd_tilt_y = -0.010926398882165565
ccd_tilt_z = 5.074841993620071e-06
p = 0.0001