slit_dec_x_a = -0.181778666534
slit_dec_y_a = -0.18243150017
slit_dec_x_b = 0.14512077562974193
slit_dec_y_b = -0.05510809031835813
slit_defocus = -0.0022012768713440666
slit_tilt_x = 1.1346974231688485
slit_tilt_y = -8.568280277669427
slit_tilt_z = -9.003611430723316
d_slit_col = 1594.3039368170214
coll_tilt_x = 0.08640295191585122
coll_tilt_y = -0.022045707117298294
ech_G = 31.610897094415222
ech_blaze = -74.99560272918018
ech_gamma = 1.1581644124497301
echelle_z = 0.057240474480239736
d_col_trf = -1588.016277703054
trf_mirror_tilt_x = 0.12251576706656783
trf_mirror_tilt_y = 0.01866641216767493
d_col_grm = 0.01502020284131478
grism_dec_x = 236.39747205468498
grism_dec_y = -0.005015126023241031
grm_tilt_x = -0.024754371315818743
grm_tilt_y = 2.3274004995640265
grm_G = 222.78573835548846
grm_apex = 17.809154826588546
d_grm_cam  = 21.60446126657758
cam_dec_x = -0.28360622238147043
cam_dec_y = 0.2897101170444365
cam_tilt_x = 0.0043190212379683145
cam_tilt_y = -0.02778260079762156
d_cam_ff  = -160.56965186797834
ccd_ff_dec_x = -0.022760014881910103
ccd_ff_dec_y = -0.04779666241641991
ccd_ff_tilt_x = 0.16503373216969694
ccd_ff_tilt_y = -0.58959619515741
ccd_ff_tilt_z = 0.17181015817771234
d_ff_ccd  = -4.785378830817741
ccd_dec_x = 0.5518997504013624
ccd_dec_y = 5.106342079501348
ccd_defocus = 0.315793086496109
ccd_tilt_x = 0.021382543972019684
ccd_tilt_y = -0.004202448700665896
ccd_tilt_z = 3.1252987993117047e-07
p = 1.0055750000000001e-05