slit_dec_x_a = -0.181778666534
slit_dec_y_a = -0.18243150017
slit_dec_x_b = 0.14512077562974193
slit_dec_y_b = -0.05510809031835813
slit_defocus = -0.013782280621234507
slit_tilt_x = 1.0540738792167939
slit_tilt_y = -8.559988578704417
slit_tilt_z = -9.026851152996846
d_slit_col = 1594.2903013824405
coll_tilt_x = 0.12143897784765441
coll_tilt_y = -0.026466678093312754
ech_G = 31.614562392726715
ech_blaze = -74.99489174214452
ech_gamma = 1.1556396832656899
echelle_z = 0.05700876272775236
d_col_trf = -1588.0163625950916
trf_mirror_tilt_x = 0.007328659062854095
trf_mirror_tilt_y = 0.1554200120967506
d_col_grm = 0.035640874657598784
grism_dec_x = 236.38326069662725
grism_dec_y = 0.009285668243380556
grm_tilt_x = -0.02350186119421523
grm_tilt_y = 2.3257929992437094
grm_G = 222.7840681125064
grm_apex = 17.766534719608323
d_grm_cam  = 21.60470453048192
cam_dec_x = -0.2710827996140296
cam_dec_y = 0.2909024906320326
cam_tilt_x = 0.012448510726235467
cam_tilt_y = 0.008844636424496982
d_cam_ff  = -160.07703921618395
ccd_ff_dec_x = -0.023802569876125206
ccd_ff_dec_y = 0.04208842853377268
ccd_ff_tilt_x = 0.03351336148459972
ccd_ff_tilt_y = -0.5909854094562595
ccd_ff_tilt_z = 0.17192166505180237
d_ff_ccd  = -4.815979379109554
ccd_dec_x = 0.5532991613314092
ccd_dec_y = 5.107635584757052
ccd_defocus = 0.2857247969815091
ccd_tilt_x = 0.03266743781422985
ccd_tilt_y = -0.0021424214135062655
ccd_tilt_z = 4.695400568875774e-06
p = 0.0001