slit_dec_x_a = -0.1704010755187174
slit_dec_y_a = -0.1956586180351446
slit_dec_x_b = 0.175
slit_dec_y_b = -1.8436663879782836e-96
slit_defocus = 0.021433836745210717
slit_tilt_x = 1.1139672561626326
slit_tilt_y = -8.538441081704182
slit_tilt_z = -8.99164642726222
d_slit_col = 1594.309953491595
coll_tilt_x = 0.11324652304296541
coll_tilt_y = -0.028928165180551718
ech_G = 31.613235995805777
ech_blaze = -74.9748272674092
ech_gamma = 1.1389742308878494
echelle_z = 0.07477313194298761
d_col_trf = -1588.0172295783877
trf_mirror_tilt_x = 0.02630175244495766
trf_mirror_tilt_y = 0.16227978678705557
d_col_grm = -0.004868142500639845
grism_dec_x = 236.42329016656572
grism_dec_y = 0.03813947009546016
grm_tilt_x = -0.014049606702023432
grm_tilt_y = 2.3052683080024092
grm_G = 222.82400458420219
grm_apex = 17.791065877022426
d_grm_cam  = 21.609819720566794
cam_dec_x = -0.30955699925179714
cam_dec_y = 0.24730855365607982
cam_tilt_x = -0.011056824756513182
cam_tilt_y = 0.003798187820038016
d_cam_ff  = -160.05752550470174
ccd_ff_dec_x = -0.0025989708866693247
ccd_ff_dec_y = 0.05301703439542511
ccd_ff_tilt_x = 0.019489187854387646
ccd_ff_tilt_y = -0.5728010315824433
ccd_ff_tilt_z = 0.18004922873364104
d_ff_ccd  = -4.838942739096522
ccd_dec_x = 0.6214096679532555
ccd_dec_y = 5.1571484466289155
ccd_defocus = 0.28073349634249495
ccd_tilt_x = 0.005028847458744955
ccd_tilt_y = -0.010948675268786104
ccd_tilt_z = 5.0607796915039245e-06
p = 0.0001