slit_dec_x_a = -0.181778666534
slit_dec_y_a = -0.18243150017
slit_dec_x_b = 0.14512077562974193
slit_dec_y_b = -0.05510809031835813
slit_defocus = -0.0022141521382457612
slit_tilt_x = 1.1347017972615683
slit_tilt_y = -8.568222316045087
slit_tilt_z = -9.003647812868564
d_slit_col = 1594.3039104988902
coll_tilt_x = 0.08643353220382491
coll_tilt_y = -0.022078911315555283
ech_G = 31.610877994077303
ech_blaze = -74.99548963491313
ech_gamma = 1.1580874956419753
echelle_z = 0.05740250388444938
d_col_trf = -1588.0163818524343
trf_mirror_tilt_x = 0.12252776547096349
trf_mirror_tilt_y = 0.01867896527591898
d_col_grm = 0.015044438713141825
grism_dec_x = 236.3974749133486
grism_dec_y = -0.0050101351302883615
grm_tilt_x = -0.024773967977234232
grm_tilt_y = 2.3272583567347893
grm_G = 222.7857602453592
grm_apex = 17.809168412872847
d_grm_cam  = 21.604310665640085
cam_dec_x = -0.2836170749758499
cam_dec_y = 0.289707284657642
cam_tilt_x = 0.00434119618533015
cam_tilt_y = -0.027796458619574107
d_cam_ff  = -160.56970298921783
ccd_ff_dec_x = -0.02275881498072688
ccd_ff_dec_y = -0.04780384832863068
ccd_ff_tilt_x = 0.16504382973676063
ccd_ff_tilt_y = -0.5897664607044458
ccd_ff_tilt_z = 0.17171158911609938
d_ff_ccd  = -4.785371773932961
ccd_dec_x = 0.5520251053810058
ccd_dec_y = 5.106187158638021
ccd_defocus = 0.315769001783354
ccd_tilt_x = 0.02137739564624163
ccd_tilt_y = -0.004208250990575914
ccd_tilt_z = 3.820021098838728e-07
p = 3.3145833333333333e-06