slit_dec_x_a = -0.1704010755187174
slit_dec_y_a = -0.1956586180351446
slit_dec_x_b = 0.175
slit_dec_y_b = -1.8717173350796995e-96
slit_defocus = 0.021348451355148134
slit_tilt_x = 1.1140412115523513
slit_tilt_y = -8.538390329435895
slit_tilt_z = -8.991669403107624
d_slit_col = 1594.3099538286733
coll_tilt_x = 0.11320185209877347
coll_tilt_y = -0.028835519219431296
ech_G = 31.613233045353084
ech_blaze = -74.97482974538005
ech_gamma = 1.1389816105971833
echelle_z = 0.07476843057797256
d_col_trf = -1588.0172296644448
trf_mirror_tilt_x = 0.02634963085238311
trf_mirror_tilt_y = 0.16220845397173295
d_col_grm = -0.004772667820974847
grism_dec_x = 236.4233238410423
grism_dec_y = 0.03824073643574872
grm_tilt_x = -0.014053150362493685
grm_tilt_y = 2.3052747627227763
grm_G = 222.82399677892218
grm_apex = 17.79102296718091
d_grm_cam  = 21.609821398233596
cam_dec_x = -0.3095529517909923
cam_dec_y = 0.2472662412202572
cam_tilt_x = -0.01102680889034073
cam_tilt_y = 0.003765051176462753
d_cam_ff  = -160.05763921657672
ccd_ff_dec_x = -0.002597003416322484
ccd_ff_dec_y = 0.05316094005383447
ccd_ff_tilt_x = 0.01951132630070471
ccd_ff_tilt_y = -0.5727955408689256
ccd_ff_tilt_z = 0.1800485181232919
d_ff_ccd  = -4.838975691948924
ccd_dec_x = 0.6214045110196793
ccd_dec_y = 5.157146438023032
ccd_defocus = 0.28070907611158175
ccd_tilt_x = 0.005004181376074151
ccd_tilt_y = -0.010910820761412535
ccd_tilt_z = 5.0823293356564554e-06
p = 0.0001