slit_dec_x_a = -0.181778666534
slit_dec_y_a = -0.18243150017
slit_dec_x_b = 0.14512077562974193
slit_dec_y_b = -0.05510809031835813
slit_defocus = -0.013713205152096343
slit_tilt_x = 1.0540943709002255
slit_tilt_y = -8.559954192516127
slit_tilt_z = -9.02686630937743
d_slit_col = 1594.2902143456233
coll_tilt_x = 0.1213911315787896
coll_tilt_y = -0.026448763244201843
ech_G = 31.61456345745267
ech_blaze = -74.99489254087791
ech_gamma = 1.155645548578034
echelle_z = 0.05699981147522593
d_col_trf = -1588.0163670006743
trf_mirror_tilt_x = 0.007340472877249949
trf_mirror_tilt_y = 0.15540169480300672
d_col_grm = 0.03563492074357864
grism_dec_x = 236.38315974325326
grism_dec_y = 0.009174966759750802
grm_tilt_x = -0.02350670689581954
grm_tilt_y = 2.3257937592675852
grm_G = 222.78407152382053
grm_apex = 17.766540486186756
d_grm_cam  = 21.60470325371612
cam_dec_x = -0.2711294003485023
cam_dec_y = 0.29087986666627436
cam_tilt_x = 0.012419834469832624
cam_tilt_y = 0.00879947758977148
d_cam_ff  = -160.07730903304562
ccd_ff_dec_x = -0.023800442959618924
ccd_ff_dec_y = 0.042047606908214796
ccd_ff_tilt_x = 0.033522735968694636
ccd_ff_tilt_y = -0.5909762219209727
ccd_ff_tilt_z = 0.17191352933605278
d_ff_ccd  = -4.816010129400263
ccd_dec_x = 0.5532991156908811
ccd_dec_y = 5.107639613410564
ccd_defocus = 0.285765999436637
ccd_tilt_x = 0.03265883304243143
ccd_tilt_y = -0.0021576662173218995
ccd_tilt_z = 4.719869579746352e-06
p = 0.0001