slit_dec_x_a = -0.1704537949742473
slit_dec_y_a = -0.19610566734372115
slit_dec_x_b = 0.175
slit_dec_y_b = -2.3284899354785636e-96
slit_defocus = 0.005496204835124465
slit_tilt_x = 1.186124688424105
slit_tilt_y = -8.540067371393857
slit_tilt_z = -8.990878114009
d_slit_col = 1594.2944469786237
coll_tilt_x = 0.08877704382987946
coll_tilt_y = -0.03168965292345993
ech_G = 31.61067932165755
ech_blaze = -74.97703054210794
ech_gamma = 1.140598743676004
echelle_z = 0.07521192116544062
d_col_trf = -1588.0185459916995
trf_mirror_tilt_x = 0.13869732257373646
trf_mirror_tilt_y = 0.07756755714326348
d_col_grm = -0.009523140492927186
grism_dec_x = 236.43432756510674
grism_dec_y = 0.03424245453736316
grm_tilt_x = -0.015889498554806602
grm_tilt_y = 2.3043885137711793
grm_G = 222.82519721384432
grm_apex = 17.815114459255785
d_grm_cam  = 21.60850762915346
cam_dec_x = -0.3021175731828009
cam_dec_y = 0.2503607754406273
cam_tilt_x = -0.018070213624303926
cam_tilt_y = -0.014979375534386477
d_cam_ff  = -160.40095135597252
ccd_ff_dec_x = -0.00355463679510122
ccd_ff_dec_y = 0.0001264595450362523
ccd_ff_tilt_x = 0.14603880923822782
ccd_ff_tilt_y = -0.5720272626410698
ccd_ff_tilt_z = 0.17255872692186494
d_ff_ccd  = -4.811236588614752
ccd_dec_x = 0.6206373757650251
ccd_dec_y = 5.155283969251239
ccd_defocus = 0.316317825754628
ccd_tilt_x = 0.007825609076544185
ccd_tilt_y = -0.01400601695366901
ccd_tilt_z = 3.2290974733000845e-06
p = 1.2071818181818183e-05