slit_dec_x_a = -0.181778666534
slit_dec_y_a = -0.18243150017
slit_dec_x_b = 0.14512077562974193
slit_dec_y_b = -0.05510809031835813
slit_defocus = -0.0022030387343561636
slit_tilt_x = 1.1347121297979752
slit_tilt_y = -8.56832924765337
slit_tilt_z = -9.003618818532914
d_slit_col = 1594.3039332067328
coll_tilt_x = 0.08647896685859786
coll_tilt_y = -0.022041384059082694
ech_G = 31.610892351161198
ech_blaze = -74.99552456088765
ech_gamma = 1.1581415900504806
echelle_z = 0.056936659017518626
d_col_trf = -1588.0162954331126
trf_mirror_tilt_x = 0.12251752238029143
trf_mirror_tilt_y = 0.018747622277676106
d_col_grm = 0.014992108366021953
grism_dec_x = 236.39749330124445
grism_dec_y = -0.005046228993497064
grm_tilt_x = -0.024644934296063407
grm_tilt_y = 2.3272930129742915
grm_G = 222.78590300190265
grm_apex = 17.80912506574789
d_grm_cam  = 21.60455907838879
cam_dec_x = -0.2836185579702445
cam_dec_y = 0.28975649722098734
cam_tilt_x = 0.004289171792334265
cam_tilt_y = -0.02778541597390397
d_cam_ff  = -160.56965454028924
ccd_ff_dec_x = -0.02289152293964484
ccd_ff_dec_y = -0.04778449495429353
ccd_ff_tilt_x = 0.16502301623391977
ccd_ff_tilt_y = -0.589499062258377
ccd_ff_tilt_z = 0.17182838674486706
d_ff_ccd  = -4.7853632962318855
ccd_dec_x = 0.5519135586802526
ccd_dec_y = 5.106531172161601
ccd_defocus = 0.315824716653089
ccd_tilt_x = 0.021427236352658124
ccd_tilt_y = -0.004211285141909912
ccd_tilt_z = 2.487802937765427e-07
p = 1.2071818181818183e-05