slit_dec_x_a = -0.181778666534
slit_dec_y_a = -0.18243150017
slit_dec_x_b = 0.14512077562974193
slit_dec_y_b = -0.05510809031835813
slit_defocus = -0.013841773140064113
slit_tilt_x = 1.0540964870095824
slit_tilt_y = -8.559975093494643
slit_tilt_z = -9.026876652802901
d_slit_col = 1594.29024932637
coll_tilt_x = 0.12142456711283882
coll_tilt_y = -0.02648975272508144
ech_G = 31.61456254425722
ech_blaze = -74.99488985956769
ech_gamma = 1.155635457034316
echelle_z = 0.05700810604881498
d_col_trf = -1588.0163645558187
trf_mirror_tilt_x = 0.0073284173290378936
trf_mirror_tilt_y = 0.15549566172043194
d_col_grm = 0.035652694262135416
grism_dec_x = 236.3832087231795
grism_dec_y = 0.009240111972924736
grm_tilt_x = -0.023510162381446445
grm_tilt_y = 2.325783358759963
grm_G = 222.78406822836226
grm_apex = 17.766506632526536
d_grm_cam  = 21.604696223128798
cam_dec_x = -0.2711132148270309
cam_dec_y = 0.2908882316520049
cam_tilt_x = 0.01243833619735121
cam_tilt_y = 0.008820280502686286
d_cam_ff  = -160.07705683532987
ccd_ff_dec_x = -0.0238012828849134
ccd_ff_dec_y = 0.04201764320320347
ccd_ff_tilt_x = 0.033462177246732734
ccd_ff_tilt_y = -0.5909784748058597
ccd_ff_tilt_z = 0.17191302450112486
d_ff_ccd  = -4.816024230395373
ccd_dec_x = 0.5532976620829901
ccd_dec_y = 5.107630835403829
ccd_defocus = 0.2856689415762273
ccd_tilt_x = 0.032555393050254455
ccd_tilt_y = -0.0021819019805645458
ccd_tilt_z = 4.7273767754751075e-06
p = 0.0001