slit_dec_x_a = -0.17045524497112752
slit_dec_y_a = -0.19605894583316127
slit_dec_x_b = 0.175
slit_dec_y_b = -2.011437284476743e-96
slit_defocus = 0.005534564669282068
slit_tilt_x = 1.1861209676191076
slit_tilt_y = -8.540046323878908
slit_tilt_z = -8.99086688717426
d_slit_col = 1594.2944474851467
coll_tilt_x = 0.08868647871157033
coll_tilt_y = -0.03176794298511026
ech_G = 31.61067123663135
ech_blaze = -74.97714346227961
ech_gamma = 1.1405337347286921
echelle_z = 0.07496733487472973
d_col_trf = -1588.018550260383
trf_mirror_tilt_x = 0.13871346568748674
trf_mirror_tilt_y = 0.07760282873085443
d_col_grm = -0.009516211150996356
grism_dec_x = 236.43428232385872
grism_dec_y = 0.03422295618243989
grm_tilt_x = -0.01575144568711872
grm_tilt_y = 2.304370811193296
grm_G = 222.82519338878026
grm_apex = 17.81509938709533
d_grm_cam  = 21.608484969891208
cam_dec_x = -0.30209836037150906
cam_dec_y = 0.250386502145099
cam_tilt_x = -0.01812297532564044
cam_tilt_y = -0.015012124304037245
d_cam_ff  = -160.40096766790327
ccd_ff_dec_x = -0.0035385849716310486
ccd_ff_dec_y = 0.0001504092799080627
ccd_ff_tilt_x = 0.14598614231474227
ccd_ff_tilt_y = -0.5720591259625655
ccd_ff_tilt_z = 0.17256328730431447
d_ff_ccd  = -4.811232118499016
ccd_dec_x = 0.6206450503447519
ccd_dec_y = 5.155248004325799
ccd_defocus = 0.3163275394788558
ccd_tilt_x = 0.007746657254658774
ccd_tilt_y = -0.014020752634552481
ccd_tilt_z = 3.2677679941896825e-06
p = 5.247727272727272e-06