slit_dec_x_a = -0.181778666534
slit_dec_y_a = -0.18243150017
slit_dec_x_b = 0.14512077562974193
slit_dec_y_b = -0.05510809031835813
slit_defocus = -0.0021902462183224333
slit_tilt_x = 1.1347017469830476
slit_tilt_y = -8.568305895298362
slit_tilt_z = -9.00361983137242
d_slit_col = 1594.303902339335
coll_tilt_x = 0.08643844132499956
coll_tilt_y = -0.022029744919467235
ech_G = 31.610896001393968
ech_blaze = -74.99559615819538
ech_gamma = 1.1582089046582493
echelle_z = 0.057029831157677784
d_col_trf = -1588.0161965372222
trf_mirror_tilt_x = 0.12251139722081007
trf_mirror_tilt_y = 0.018699731411892757
d_col_grm = 0.01499005749572618
grism_dec_x = 236.39747817478363
grism_dec_y = -0.005073691223900267
grm_tilt_x = -0.024761945453093275
grm_tilt_y = 2.327398691036673
grm_G = 222.7857149345443
grm_apex = 17.809158282919068
d_grm_cam  = 21.60451934722144
cam_dec_x = -0.28364124382138745
cam_dec_y = 0.2897421118957571
cam_tilt_x = 0.004351523542070407
cam_tilt_y = -0.02780007172205257
d_cam_ff  = -160.56951298745497
ccd_ff_dec_x = -0.022999521220631404
ccd_ff_dec_y = -0.04779410591079887
ccd_ff_tilt_x = 0.16503331571896002
ccd_ff_tilt_y = -0.589669463737001
ccd_ff_tilt_z = 0.17176551142110694
d_ff_ccd  = -4.785382939577152
ccd_dec_x = 0.5518804219144813
ccd_dec_y = 5.106574092852667
ccd_defocus = 0.31583904773568156
ccd_tilt_x = 0.021423378700849306
ccd_tilt_y = -0.004237757077498845
ccd_tilt_z = 3.116332469361439e-07
p = 5.247727272727272e-06