slit_dec_x_a = -0.1704010755187174
slit_dec_y_a = -0.1956586180351446
slit_dec_x_b = 0.175
slit_dec_y_b = -1.8822791681307965e-96
slit_defocus = 0.02139243863785148
slit_tilt_x = 1.1139329376716807
slit_tilt_y = -8.538488697443128
slit_tilt_z = -8.991598976738585
d_slit_col = 1594.3099618787978
coll_tilt_x = 0.11315429182899553
coll_tilt_y = -0.028855894582223166
ech_G = 31.613238176984623
ech_blaze = -74.9748398844688
ech_gamma = 1.1389679663469479
echelle_z = 0.07476721942468442
d_col_trf = -1588.0172329599723
trf_mirror_tilt_x = 0.02632255202722498
trf_mirror_tilt_y = 0.16221096807874963
d_col_grm = -0.004836223015050335
grism_dec_x = 236.42333908387218
grism_dec_y = 0.03820839085587842
grm_tilt_x = -0.014050634630589011
grm_tilt_y = 2.305278900121476
grm_G = 222.82400030530098
grm_apex = 17.791058209199335
d_grm_cam  = 21.60982256977463
cam_dec_x = -0.3094788012184183
cam_dec_y = 0.24720453767777192
cam_tilt_x = -0.011073914817642399
cam_tilt_y = 0.003755660690828393
d_cam_ff  = -160.05738045384552
ccd_ff_dec_x = -0.0025975826500861925
ccd_ff_dec_y = 0.05297566328708465
ccd_ff_tilt_x = 0.019463811174919056
ccd_ff_tilt_y = -0.5728036000773068
ccd_ff_tilt_z = 0.18005432688657336
d_ff_ccd  = -4.838946500537439
ccd_dec_x = 0.6214039689688968
ccd_dec_y = 5.157149684952572
ccd_defocus = 0.280747450280543
ccd_tilt_x = 0.005041664159943916
ccd_tilt_y = -0.010875782574344028
ccd_tilt_z = 5.107849465648815e-06
p = 0.0001