slit_dec_x_a = -0.181778666534
slit_dec_y_a = -0.18243150017
slit_dec_x_b = 0.14512077562974193
slit_dec_y_b = -0.05510809031835813
slit_defocus = -0.013736783187687392
slit_tilt_x = 1.0541081995080752
slit_tilt_y = -8.559941563643436
slit_tilt_z = -9.026931210378402
d_slit_col = 1594.290279142372
coll_tilt_x = 0.12139016145355583
coll_tilt_y = -0.02652650509473098
ech_G = 31.61456771120847
ech_blaze = -74.99488390869695
ech_gamma = 1.1556393751206275
echelle_z = 0.05700568060471014
d_col_trf = -1588.016360580108
trf_mirror_tilt_x = 0.007310838365687836
trf_mirror_tilt_y = 0.1554919462094092
d_col_grm = 0.03571110123239195
grism_dec_x = 236.38319830440616
grism_dec_y = 0.009276933995797373
grm_tilt_x = -0.0235024100113649
grm_tilt_y = 2.3257873001562324
grm_G = 222.78406692252108
grm_apex = 17.7665227420781
d_grm_cam  = 21.604697739529012
cam_dec_x = -0.2710707295756123
cam_dec_y = 0.29085449137937125
cam_tilt_x = 0.012382545214033421
cam_tilt_y = 0.00882923535276237
d_cam_ff  = -160.07711133792523
ccd_ff_dec_x = -0.023798841029288777
ccd_ff_dec_y = 0.0420265589082839
ccd_ff_tilt_x = 0.03345835807262517
ccd_ff_tilt_y = -0.5909871409150474
ccd_ff_tilt_z = 0.17191954442143692
d_ff_ccd  = -4.815977195711092
ccd_dec_x = 0.5532940709263662
ccd_dec_y = 5.107637087346209
ccd_defocus = 0.28575562798597803
ccd_tilt_x = 0.032597981472998326
ccd_tilt_y = -0.00216615459919897
ccd_tilt_z = 4.693027853084678e-06
p = 0.0001