slit_dec_x_a = -0.181778666534
slit_dec_y_a = -0.18243150017
slit_dec_x_b = 0.14512077562974193
slit_dec_y_b = -0.05510809031835813
slit_defocus = -0.0022087809980703395
slit_tilt_x = 1.1346894572069006
slit_tilt_y = -8.56837326692128
slit_tilt_z = -9.003569775968002
d_slit_col = 1594.3039934478377
coll_tilt_x = 0.08647648715347192
coll_tilt_y = -0.02206514115619945
ech_G = 31.610923684431736
ech_blaze = -74.99572353870441
ech_gamma = 1.1581173100993676
echelle_z = 0.056784164881614446
d_col_trf = -1588.0163233176738
trf_mirror_tilt_x = 0.12249527880455918
trf_mirror_tilt_y = 0.018715739724978704
d_col_grm = 0.014954970955360795
grism_dec_x = 236.39746421917775
grism_dec_y = -0.005063160881303879
grm_tilt_x = -0.02466710590878238
grm_tilt_y = 2.3273398025004206
grm_G = 222.78581474837245
grm_apex = 17.80907387866308
d_grm_cam  = 21.604801606999562
cam_dec_x = -0.2836292823011969
cam_dec_y = 0.28974733826419985
cam_tilt_x = 0.004332378797773122
cam_tilt_y = -0.02778342212564951
d_cam_ff  = -160.569538519031
ccd_ff_dec_x = -0.022861072339298957
ccd_ff_dec_y = -0.04776907163808549
ccd_ff_tilt_x = 0.16504270187121192
ccd_ff_tilt_y = -0.5893900670781747
ccd_ff_tilt_z = 0.17178778840964817
d_ff_ccd  = -4.7853918846999415
ccd_dec_x = 0.5518173724131453
ccd_dec_y = 5.106416514963471
ccd_defocus = 0.315852488279837
ccd_tilt_x = 0.02137195082251148
ccd_tilt_y = -0.004205810224002506
ccd_tilt_z = 2.4811938840769774e-07
p = 1.8029166666666667e-05