slit_dec_x_a = -0.17039873767128444
slit_dec_y_a = -0.19579497115903186
slit_dec_x_b = 0.175
slit_dec_y_b = -2.626233688457385e-96
slit_defocus = 0.005524890646787242
slit_tilt_x = 1.1861183621808322
slit_tilt_y = -8.540099548431982
slit_tilt_z = -8.990821322983322
d_slit_col = 1594.2944466648503
coll_tilt_x = 0.08854049586406043
coll_tilt_y = -0.031752092019917355
ech_G = 31.61067198274956
ech_blaze = -74.97710859429696
ech_gamma = 1.1404545836304012
echelle_z = 0.07542381147763161
d_col_trf = -1588.0186013223183
trf_mirror_tilt_x = 0.13865440613285474
trf_mirror_tilt_y = 0.07753601567795497
d_col_grm = -0.009543119614416019
grism_dec_x = 236.43431875874492
grism_dec_y = 0.034226306549763684
grm_tilt_x = -0.015876064933167292
grm_tilt_y = 2.304362261312433
grm_G = 222.8251839698096
grm_apex = 17.815119829541764
d_grm_cam  = 21.608482725519888
cam_dec_x = -0.3020920067187406
cam_dec_y = 0.25033339132601484
cam_tilt_x = -0.018281458568565175
cam_tilt_y = -0.015011741052182821
d_cam_ff  = -160.40096466327327
ccd_ff_dec_x = -0.003536720204950747
ccd_ff_dec_y = 0.00018325016009761118
ccd_ff_tilt_x = 0.1460143092976224
ccd_ff_tilt_y = -0.5720113517879435
ccd_ff_tilt_z = 0.17255979784494957
d_ff_ccd  = -4.8112047022317075
ccd_dec_x = 0.620631930529
ccd_dec_y = 5.155287740029609
ccd_defocus = 0.3163063961754943
ccd_tilt_x = 0.007792164811532161
ccd_tilt_y = -0.014016103492064605
ccd_tilt_z = 3.293259507999632e-06
p = 1.8029166666666667e-05