slit_dec_x_a = -0.181778666534
slit_dec_y_a = -0.18243150017
slit_dec_x_b = 0.14512077562974193
slit_dec_y_b = -0.05510809031835813
slit_defocus = -0.013733915354503495
slit_tilt_x = 1.0540703387636288
slit_tilt_y = -8.56008115471313
slit_tilt_z = -9.02681235647874
d_slit_col = 1594.2902950712842
coll_tilt_x = 0.12143754682379977
coll_tilt_y = -0.02644712034536157
ech_G = 31.614563742721018
ech_blaze = -74.99488910336997
ech_gamma = 1.1556428498348297
echelle_z = 0.05699767833325757
d_col_trf = -1588.0163614293438
trf_mirror_tilt_x = 0.0072878530607637755
trf_mirror_tilt_y = 0.155460809946444
d_col_grm = 0.035705857801181136
grism_dec_x = 236.38320339833786
grism_dec_y = 0.009196603038923862
grm_tilt_x = -0.023504679839975434
grm_tilt_y = 2.3257886015315123
grm_G = 222.78406699553545
grm_apex = 17.766495959688807
d_grm_cam  = 21.604701754220052
cam_dec_x = -0.2710526359806156
cam_dec_y = 0.29087140469572553
cam_tilt_x = 0.012502026811883395
cam_tilt_y = 0.008838877268616123
d_cam_ff  = -160.077132778879
ccd_ff_dec_x = -0.023806761802038966
ccd_ff_dec_y = 0.04208653275150261
ccd_ff_tilt_x = 0.03347736994065362
ccd_ff_tilt_y = -0.5909764048277104
ccd_ff_tilt_z = 0.1719183972152693
d_ff_ccd  = -4.815978156978139
ccd_dec_x = 0.5532970124298454
ccd_dec_y = 5.107634333138438
ccd_defocus = 0.28574881305048144
ccd_tilt_x = 0.032538056036516834
ccd_tilt_y = -0.0021658725555684776
ccd_tilt_z = 4.699539338116642e-06
p = 0.0001