slit_dec_x_a = -0.181778666534
slit_dec_y_a = -0.18243150017
slit_dec_x_b = 0.14512077562974193
slit_dec_y_b = -0.05510809031835813
slit_defocus = -0.0021994106038382057
slit_tilt_x = 1.1346780150606064
slit_tilt_y = -8.568352417250637
slit_tilt_z = -9.003619532274158
d_slit_col = 1594.303959428858
coll_tilt_x = 0.08644314606257901
coll_tilt_y = -0.02204300970920135
ech_G = 31.61088373244081
ech_blaze = -74.99553288680991
ech_gamma = 1.1581324974556102
echelle_z = 0.0567638234244951
d_col_trf = -1588.016371031761
trf_mirror_tilt_x = 0.12252288975279473
trf_mirror_tilt_y = 0.018699947795040275
d_col_grm = 0.014992486982816048
grism_dec_x = 236.39746639928754
grism_dec_y = -0.005059815044657791
grm_tilt_x = -0.024597605572151474
grm_tilt_y = 2.3272593513739226
grm_G = 222.7857891119414
grm_apex = 17.809108081413648
d_grm_cam  = 21.604694396346876
cam_dec_x = -0.28364251231386667
cam_dec_y = 0.28976492493520983
cam_tilt_x = 0.004316725533200324
cam_tilt_y = -0.027788499068426134
d_cam_ff  = -160.5696121162563
ccd_ff_dec_x = -0.022853692224414548
ccd_ff_dec_y = -0.047774430756886824
ccd_ff_tilt_x = 0.16504127631706908
ccd_ff_tilt_y = -0.5893610163061263
ccd_ff_tilt_z = 0.17197713902933878
d_ff_ccd  = -4.785382658202121
ccd_dec_x = 0.5519209387215384
ccd_dec_y = 5.106435140431555
ccd_defocus = 0.31581937361223744
ccd_tilt_x = 0.021404104484170117
ccd_tilt_y = -0.0042207462322604115
ccd_tilt_z = 2.6228114347956973e-07
p = 7.559666666666668e-06