slit_dec_x_a = -0.17040052820390397
slit_dec_y_a = -0.19588103421458677
slit_dec_x_b = 0.175
slit_dec_y_b = -2.3332935784191592e-96
slit_defocus = 0.005518505775479603
slit_tilt_x = 1.1861150644143208
slit_tilt_y = -8.540092456313381
slit_tilt_z = -8.990858574680388
d_slit_col = 1594.2944387127095
coll_tilt_x = 0.08858890848379329
coll_tilt_y = -0.031716798300839906
ech_G = 31.610651865752494
ech_blaze = -74.97701037906961
ech_gamma = 1.1405432219417488
echelle_z = 0.07536319930325361
d_col_trf = -1588.018568285747
trf_mirror_tilt_x = 0.13869929212020646
trf_mirror_tilt_y = 0.07752521931461012
d_col_grm = -0.009533179032221437
grism_dec_x = 236.4343274142921
grism_dec_y = 0.03424748013641392
grm_tilt_x = -0.015851335547919936
grm_tilt_y = 2.3043679017819167
grm_G = 222.82520897862068
grm_apex = 17.815141587747082
d_grm_cam  = 21.608491864541165
cam_dec_x = -0.3021126780754838
cam_dec_y = 0.2503522095150567
cam_tilt_x = -0.018171784211793218
cam_tilt_y = -0.015015479321693264
d_cam_ff  = -160.40094826168297
ccd_ff_dec_x = -0.003560997600436518
ccd_ff_dec_y = 0.00013478344903323947
ccd_ff_tilt_x = 0.14604940557232426
ccd_ff_tilt_y = -0.5720300713001406
ccd_ff_tilt_z = 0.17254914203106636
d_ff_ccd  = -4.811240635989757
ccd_dec_x = 0.620665506294499
ccd_dec_y = 5.155293230602982
ccd_defocus = 0.316319915760135
ccd_tilt_x = 0.007817970026856327
ccd_tilt_y = -0.013997526678938164
ccd_tilt_z = 3.2974656298885197e-06
p = 7.559666666666668e-06