slit_dec_x_a = -0.181778666534
slit_dec_y_a = -0.18243150017
slit_dec_x_b = 0.14512077562974193
slit_dec_y_b = -0.05510809031835813
slit_defocus = -0.0022075639425772346
slit_tilt_x = 1.1347115420838494
slit_tilt_y = -8.568327654091128
slit_tilt_z = -9.003615706032788
d_slit_col = 1594.303935616895
coll_tilt_x = 0.08647863485915039
coll_tilt_y = -0.022038105696775348
ech_G = 31.610893452031632
ech_blaze = -74.9955165962391
ech_gamma = 1.158138978358268
echelle_z = 0.05691450843775035
d_col_trf = -1588.0163314867302
trf_mirror_tilt_x = 0.12252319989087405
trf_mirror_tilt_y = 0.01874906833586988
d_col_grm = 0.014994405995117236
grism_dec_x = 236.3974915009166
grism_dec_y = -0.005039674198701422
grm_tilt_x = -0.024657737498446696
grm_tilt_y = 2.3272690408131074
grm_G = 222.7858629042467
grm_apex = 17.809116999689323
d_grm_cam  = 21.604560436153296
cam_dec_x = -0.2836207999924864
cam_dec_y = 0.28975990725433415
cam_tilt_x = 0.004283984680856613
cam_tilt_y = -0.027789172698689007
d_cam_ff  = -160.56965988023927
ccd_ff_dec_x = -0.02290818791149323
ccd_ff_dec_y = -0.04778086666042095
ccd_ff_tilt_x = 0.16502061871427895
ccd_ff_tilt_y = -0.5895180058641314
ccd_ff_tilt_z = 0.17177248872121254
d_ff_ccd  = -4.785354791063093
ccd_dec_x = 0.551910334975216
ccd_dec_y = 5.1065518537582655
ccd_defocus = 0.3158285188630929
ccd_tilt_x = 0.0214316649933
ccd_tilt_y = -0.004210115997099335
ccd_tilt_z = 2.5670738392147503e-07
p = 1.5314166666666666e-05