slit_dec_x_a = -0.17044720419694556
slit_dec_y_a = -0.19609162179195347
slit_dec_x_b = 0.175
slit_dec_y_b = -2.380640832012691e-96
slit_defocus = 0.005500131257359344
slit_tilt_x = 1.186124908467383
slit_tilt_y = -8.54007652499638
slit_tilt_z = -8.99087287412572
d_slit_col = 1594.294444495593
coll_tilt_x = 0.08879622442718832
coll_tilt_y = -0.03172968527080981
ech_G = 31.61068476012345
ech_blaze = -74.9770193501824
ech_gamma = 1.140561392184215
echelle_z = 0.07520435506763695
d_col_trf = -1588.0185394532916
trf_mirror_tilt_x = 0.13869303822770673
trf_mirror_tilt_y = 0.0775637213059961
d_col_grm = -0.009529110236380823
grism_dec_x = 236.43432369423496
grism_dec_y = 0.034244720789624664
grm_tilt_x = -0.015948860006267412
grm_tilt_y = 2.304387051801761
grm_G = 222.8251935965706
grm_apex = 17.81511464530927
d_grm_cam  = 21.608503143296634
cam_dec_x = -0.30211621380338505
cam_dec_y = 0.25035388838955297
cam_tilt_x = -0.01807107185666585
cam_tilt_y = -0.014986280156010988
d_cam_ff  = -160.400957352043
ccd_ff_dec_x = -0.0035586747724721942
ccd_ff_dec_y = 0.0001299997053437236
ccd_ff_tilt_x = 0.14604187770784569
ccd_ff_tilt_y = -0.57203520174256
ccd_ff_tilt_z = 0.17255362399300328
d_ff_ccd  = -4.811233047769438
ccd_dec_x = 0.6206391431105014
ccd_dec_y = 5.155279514460805
ccd_defocus = 0.31631524814120526
ccd_tilt_x = 0.007818115023061165
ccd_tilt_y = -0.014011689926065872
ccd_tilt_z = 3.2484176017891856e-06
p = 1.5314166666666666e-05