slit_dec_x_a = -0.181778666534
slit_dec_y_a = -0.18243150017
slit_dec_x_b = 0.14512077562974193
slit_dec_y_b = -0.05510809031835813
slit_defocus = -0.013782095288242407
slit_tilt_x = 1.0540757242401102
slit_tilt_y = -8.560032354558967
slit_tilt_z = -9.026901002185213
d_slit_col = 1594.2902860605773
coll_tilt_x = 0.12145090418904723
coll_tilt_y = -0.02652606904652285
ech_G = 31.614561012343863
ech_blaze = -74.99488588015328
ech_gamma = 1.1556428935568406
echelle_z = 0.056999697345929794
d_col_trf = -1588.0163655800818
trf_mirror_tilt_x = 0.007286073453832092
trf_mirror_tilt_y = 0.15544895697649624
d_col_grm = 0.035652060131803776
grism_dec_x = 236.38326786238727
grism_dec_y = 0.00922971244651902
grm_tilt_x = -0.023506260639509766
grm_tilt_y = 2.325789245439533
grm_G = 222.78406747287917
grm_apex = 17.766530571160192
d_grm_cam  = 21.604697097515928
cam_dec_x = -0.27115246514570174
cam_dec_y = 0.2908338757102704
cam_tilt_x = 0.012417645168584467
cam_tilt_y = 0.008868450705724614
d_cam_ff  = -160.07733688850854
ccd_ff_dec_x = -0.023806115225223363
ccd_ff_dec_y = 0.042097642212009144
ccd_ff_tilt_x = 0.03346751087531798
ccd_ff_tilt_y = -0.5909816566443706
ccd_ff_tilt_z = 0.17191831331061783
d_ff_ccd  = -4.815905634430762
ccd_dec_x = 0.5532983152974474
ccd_dec_y = 5.107635058181309
ccd_defocus = 0.28583360956731285
ccd_tilt_x = 0.032649910610249015
ccd_tilt_y = -0.0021457875448262784
ccd_tilt_z = 4.6788314671307835e-06
p = 0.0001