slit_dec_x_a = -0.181778666534
slit_dec_y_a = -0.18243150017
slit_dec_x_b = 0.14512077562974193
slit_dec_y_b = -0.05510809031835813
slit_defocus = -0.002212256210655846
slit_tilt_x = 1.1346603585721302
slit_tilt_y = -8.568237313513047
slit_tilt_z = -9.003629439933169
d_slit_col = 1594.3039516129452
coll_tilt_x = 0.08648839731057224
coll_tilt_y = -0.0219892852814418
ech_G = 31.61089675998934
ech_blaze = -74.99551543044598
ech_gamma = 1.1581606900830765
echelle_z = 0.05757695593479485
d_col_trf = -1588.0162224163498
trf_mirror_tilt_x = 0.12254879529433015
trf_mirror_tilt_y = 0.01864041453812072
d_col_grm = 0.015093511990498918
grism_dec_x = 236.39743147293933
grism_dec_y = -0.005033437794930839
grm_tilt_x = -0.024890668922538293
grm_tilt_y = 2.32726285817682
grm_G = 222.78565042996505
grm_apex = 17.809225792169194
d_grm_cam  = 21.60452202419073
cam_dec_x = -0.2835543585146854
cam_dec_y = 0.289717407980919
cam_tilt_x = 0.004316941246645074
cam_tilt_y = -0.027805767745341364
d_cam_ff  = -160.56990407802652
ccd_ff_dec_x = -0.022747919653486697
ccd_ff_dec_y = -0.04779916975589852
ccd_ff_tilt_x = 0.1650314413490265
ccd_ff_tilt_y = -0.5896435606652384
ccd_ff_tilt_z = 0.1717701717172699
d_ff_ccd  = -4.785399781627531
ccd_dec_x = 0.5517767996920133
ccd_dec_y = 5.106148914941685
ccd_defocus = 0.31574134640595564
ccd_tilt_x = 0.021337171469019235
ccd_tilt_y = -0.004206069450611457
ccd_tilt_z = 3.646547243819362e-07
p = 1.012690909090909e-05