slit_dec_x_a = -0.1704172378541169
slit_dec_y_a = -0.19605670727765862
slit_dec_x_b = 0.175
slit_dec_y_b = -1.5307828089013064e-96
slit_defocus = 0.005578569252267865
slit_tilt_x = 1.1861368592511892
slit_tilt_y = -8.540046631269123
slit_tilt_z = -8.99085957047468
d_slit_col = 1594.2944870757508
coll_tilt_x = 0.08874160523323571
coll_tilt_y = -0.03186481720771444
ech_G = 31.610658454842373
ech_blaze = -74.9768064951184
ech_gamma = 1.1403696369218557
echelle_z = 0.07481592018954435
d_col_trf = -1588.018539852894
trf_mirror_tilt_x = 0.13867211466335735
trf_mirror_tilt_y = 0.07752632788281309
d_col_grm = -0.009545852278121212
grism_dec_x = 236.4343200340982
grism_dec_y = 0.03415720896057863
grm_tilt_x = -0.01587208730805939
grm_tilt_y = 2.3043817435554574
grm_G = 222.82517615198122
grm_apex = 17.8151277834016
d_grm_cam  = 21.608489711451078
cam_dec_x = -0.3021163191347324
cam_dec_y = 0.2503166818132332
cam_tilt_x = -0.018453989929048557
cam_tilt_y = -0.015085809878095508
d_cam_ff  = -160.40097157582696
ccd_ff_dec_x = -0.0035312090541963262
ccd_ff_dec_y = 0.00025576440643110347
ccd_ff_tilt_x = 0.1460521674407016
ccd_ff_tilt_y = -0.5720667920042998
ccd_ff_tilt_z = 0.17257037648562415
d_ff_ccd  = -4.811305606835263
ccd_dec_x = 0.6206669117396124
ccd_dec_y = 5.155293056569513
ccd_defocus = 0.3162812631716692
ccd_tilt_x = 0.007735557547757953
ccd_tilt_y = -0.014141732245387655
ccd_tilt_z = 3.1267751654555677e-06
p = 1.012690909090909e-05