slit_dec_x_a = -0.181778666534
slit_dec_y_a = -0.18243150017
slit_dec_x_b = 0.14512077562974193
slit_dec_y_b = -0.05510809031835813
slit_defocus = -0.002192916611600667
slit_tilt_x = 1.1346547872217165
slit_tilt_y = -8.568225422229753
slit_tilt_z = -9.003637109024165
d_slit_col = 1594.303948544725
coll_tilt_x = 0.08648360090158567
coll_tilt_y = -0.021987332308247353
ech_G = 31.61091186363656
ech_blaze = -74.99558896150327
ech_gamma = 1.1581015549115152
echelle_z = 0.057497315193985515
d_col_trf = -1588.0161777508274
trf_mirror_tilt_x = 0.12253255490760674
trf_mirror_tilt_y = 0.018614592557041267
d_col_grm = 0.01509428737880879
grism_dec_x = 236.3974413204154
grism_dec_y = -0.005023345370249544
grm_tilt_x = -0.02495856765644103
grm_tilt_y = 2.3271211962030773
grm_G = 222.78569628642987
grm_apex = 17.80922503908093
d_grm_cam  = 21.60458220530332
cam_dec_x = -0.2835633982137808
cam_dec_y = 0.2897006644265398
cam_tilt_x = 0.004303459918468993
cam_tilt_y = -0.027794744943021886
d_cam_ff  = -160.56970304581213
ccd_ff_dec_x = -0.02280839226133663
ccd_ff_dec_y = -0.04778435112286796
ccd_ff_tilt_x = 0.16504285902297117
ccd_ff_tilt_y = -0.5896301874070856
ccd_ff_tilt_z = 0.1717943689281556
d_ff_ccd  = -4.785417440355132
ccd_dec_x = 0.5518531938891046
ccd_dec_y = 5.106181487923837
ccd_defocus = 0.31573390342142377
ccd_tilt_x = 0.021331489326154612
ccd_tilt_y = -0.004219641692554237
ccd_tilt_z = 2.959530306933447e-07
p = 8.892545454545454e-06