slit_dec_x_a = -0.1704010755187174
slit_dec_y_a = -0.1956586180351446
slit_dec_x_b = 0.175
slit_dec_y_b = -1.8330516606348802e-96
slit_defocus = 0.021374448787429938
slit_tilt_x = 1.1139897656707072
slit_tilt_y = -8.538372817285286
slit_tilt_z = -8.991647457338264
d_slit_col = 1594.3099619590334
coll_tilt_x = 0.11322162966456296
coll_tilt_y = -0.029031513521721113
ech_G = 31.613236929710272
ech_blaze = -74.97483303665602
ech_gamma = 1.1389718940160887
echelle_z = 0.07477552278020536
d_col_trf = -1588.0172270658256
trf_mirror_tilt_x = 0.026298863075663582
trf_mirror_tilt_y = 0.16218160477355203
d_col_grm = -0.004802953498367308
grism_dec_x = 236.42333136191036
grism_dec_y = 0.03823047702486164
grm_tilt_x = -0.014053020802399122
grm_tilt_y = 2.3052731246869773
grm_G = 222.82400970933693
grm_apex = 17.791095084837366
d_grm_cam  = 21.60981976025845
cam_dec_x = -0.3095255245907924
cam_dec_y = 0.24723286090432284
cam_tilt_x = -0.011172348464097906
cam_tilt_y = 0.003768485581806403
d_cam_ff  = -160.057265493902
ccd_ff_dec_x = -0.002594079800291121
ccd_ff_dec_y = 0.05300744976908113
ccd_ff_tilt_x = 0.019552104147385358
ccd_ff_tilt_y = -0.5728035107926392
ccd_ff_tilt_z = 0.18005429398702189
d_ff_ccd  = -4.838964882940097
ccd_dec_x = 0.6214070640839442
ccd_dec_y = 5.157146470550143
ccd_defocus = 0.2807507488774206
ccd_tilt_x = 0.00506576282007614
ccd_tilt_y = -0.010870133679679995
ccd_tilt_z = 5.132760837002013e-06
p = 0.0001