slit_dec_x_a = -0.181778666534
slit_dec_y_a = -0.18243150017
slit_dec_x_b = 0.14512077562974193
slit_dec_y_b = -0.05510809031835813
slit_defocus = -0.013790237328096987
slit_tilt_x = 1.0541360279567524
slit_tilt_y = -8.560038845526275
slit_tilt_z = -9.026880665489216
d_slit_col = 1594.2902515029748
coll_tilt_x = 0.12146230117538515
coll_tilt_y = -0.026517209421203343
ech_G = 31.61456427701779
ech_blaze = -74.9948925314376
ech_gamma = 1.1556369639366033
echelle_z = 0.05699983094833966
d_col_trf = -1588.0163628312318
trf_mirror_tilt_x = 0.007322124161654363
trf_mirror_tilt_y = 0.15547721005453807
d_col_grm = 0.035650648320510264
grism_dec_x = 236.38319926844224
grism_dec_y = 0.009303003235582016
grm_tilt_x = -0.02350476086250647
grm_tilt_y = 2.325794092208619
grm_G = 222.78406913803104
grm_apex = 17.76648477431164
d_grm_cam  = 21.60470129752206
cam_dec_x = -0.2710669005667859
cam_dec_y = 0.2908490998810295
cam_tilt_x = 0.01241148820059567
cam_tilt_y = 0.008753087451775002
d_cam_ff  = -160.0771833296938
ccd_ff_dec_x = -0.023808883771500235
ccd_ff_dec_y = 0.042069644497319876
ccd_ff_tilt_x = 0.03351296290494311
ccd_ff_tilt_y = -0.5909834239266618
ccd_ff_tilt_z = 0.1719158567694141
d_ff_ccd  = -4.816028519903944
ccd_dec_x = 0.5532949640440481
ccd_dec_y = 5.10763178769006
ccd_defocus = 0.28568749354721334
ccd_tilt_x = 0.03257962521634749
ccd_tilt_y = -0.0021327313861236653
ccd_tilt_z = 4.673225550884012e-06
p = 0.0001