slit_dec_x_a = -0.17043827494559372
slit_dec_y_a = -0.19606297881982968
slit_dec_x_b = 0.175
slit_dec_y_b = -1.8496874626578128e-96
slit_defocus = 0.0055696252971809005
slit_tilt_x = 1.1861182084957127
slit_tilt_y = -8.54001136749332
slit_tilt_z = -8.990857392953416
d_slit_col = 1594.2944363911931
coll_tilt_x = 0.0887313105123529
coll_tilt_y = -0.03175591487120247
ech_G = 31.61068498069739
ech_blaze = -74.97707441243533
ech_gamma = 1.1404351527100736
echelle_z = 0.07496614863297228
d_col_trf = -1588.0185623371285
trf_mirror_tilt_x = 0.13871437311580778
trf_mirror_tilt_y = 0.07758866595746161
d_col_grm = -0.00951428027962874
grism_dec_x = 236.4342750765165
grism_dec_y = 0.0342377960147392
grm_tilt_x = -0.015798192219522444
grm_tilt_y = 2.3043646409049257
grm_G = 222.82516613294192
grm_apex = 17.815113215921684
d_grm_cam  = 21.60848939677482
cam_dec_x = -0.3021160451144938
cam_dec_y = 0.2503806918584216
cam_tilt_x = -0.01834333659657209
cam_tilt_y = -0.015040098973748998
d_cam_ff  = -160.40095960942708
ccd_ff_dec_x = -0.0035389188448971816
ccd_ff_dec_y = 0.00014664503531972313
ccd_ff_tilt_x = 0.14601319323375048
ccd_ff_tilt_y = -0.5720984574280599
ccd_ff_tilt_z = 0.1725668291033281
d_ff_ccd  = -4.811227686710535
ccd_dec_x = 0.6206706964062856
ccd_dec_y = 5.15527271018713
ccd_defocus = 0.3163148035762192
ccd_tilt_x = 0.00776578787972163
ccd_tilt_y = -0.014007416731110627
ccd_tilt_z = 3.1524009163580646e-06
p = 1.4737272727272729e-06