slit_dec_x_a = -0.181778666534
slit_dec_y_a = -0.18243150017
slit_dec_x_b = 0.14512077562974193
slit_dec_y_b = -0.05510809031835813
slit_defocus = -0.002211859460830837
slit_tilt_x = 1.1346947654693145
slit_tilt_y = -8.568300910752978
slit_tilt_z = -9.003625314116992
d_slit_col = 1594.3039077876733
coll_tilt_x = 0.08643512311223857
coll_tilt_y = -0.02204634868098767
ech_G = 31.61090846771789
ech_blaze = -74.99570984414528
ech_gamma = 1.1581359187902533
echelle_z = 0.05718033185932913
d_col_trf = -1588.0161847096367
trf_mirror_tilt_x = 0.12249576775610466
trf_mirror_tilt_y = 0.018687816801480857
d_col_grm = 0.014983747822942171
grism_dec_x = 236.39749860593906
grism_dec_y = -0.005050707160897198
grm_tilt_x = -0.024785447059053115
grm_tilt_y = 2.327457009277889
grm_G = 222.7857234260417
grm_apex = 17.809176389726105
d_grm_cam  = 21.604460067851818
cam_dec_x = -0.28362930444941475
cam_dec_y = 0.28970859013109196
cam_tilt_x = 0.004364618270027527
cam_tilt_y = -0.027810640885476953
d_cam_ff  = -160.56965155032597
ccd_ff_dec_x = -0.02303448731558675
ccd_ff_dec_y = -0.04777302093596445
ccd_ff_tilt_x = 0.16505628139996936
ccd_ff_tilt_y = -0.5896323626417151
ccd_ff_tilt_z = 0.171811699818187
d_ff_ccd  = -4.785352656239352
ccd_dec_x = 0.5519464213219577
ccd_dec_y = 5.106474407792968
ccd_defocus = 0.3158113657141588
ccd_tilt_x = 0.021414720927647818
ccd_tilt_y = -0.0041856995764306786
ccd_tilt_z = 3.219915384690743e-07
p = 1.4737272727272729e-06