slit_dec_x_a = -0.1704010755187174
slit_dec_y_a = -0.1956586180351446
slit_dec_x_b = 0.175
slit_dec_y_b = -1.8542160329493787e-96
slit_defocus = 0.02131369111367957
slit_tilt_x = 1.1140154170838554
slit_tilt_y = -8.53844800574973
slit_tilt_z = -8.991623100633104
d_slit_col = 1594.3099697835294
coll_tilt_x = 0.11320528436623441
coll_tilt_y = -0.028924379493827305
ech_G = 31.613228065544913
ech_blaze = -74.97482608951731
ech_gamma = 1.1389748126121655
echelle_z = 0.07477733814431282
d_col_trf = -1588.0172338062503
trf_mirror_tilt_x = 0.026278161657158294
trf_mirror_tilt_y = 0.1621677585564966
d_col_grm = -0.004821262242230964
grism_dec_x = 236.42334131714375
grism_dec_y = 0.03814354218376538
grm_tilt_x = -0.014056600627819096
grm_tilt_y = 2.3052795574731015
grm_G = 222.82400269095956
grm_apex = 17.791079355441397
d_grm_cam  = 21.609819350253694
cam_dec_x = -0.3095914979200635
cam_dec_y = 0.24735916306982333
cam_tilt_x = -0.011119756178808156
cam_tilt_y = 0.0037361891989850867
d_cam_ff  = -160.05736163923024
ccd_ff_dec_x = -0.0026034278412618815
ccd_ff_dec_y = 0.05304220560416886
ccd_ff_tilt_x = 0.01945595323337848
ccd_ff_tilt_y = -0.5728021846159521
ccd_ff_tilt_z = 0.1800513189390227
d_ff_ccd  = -4.838957627516139
ccd_dec_x = 0.6214071828191097
ccd_dec_y = 5.1571484505704195
ccd_defocus = 0.2807338513605064
ccd_tilt_x = 0.005070072046174656
ccd_tilt_y = -0.0108832720901891
ccd_tilt_z = 5.1337428162659e-06
p = 0.0001