slit_dec_x_a = -0.17038261409277258
slit_dec_y_a = -0.19586613758916183
slit_dec_x_b = 0.175
slit_dec_y_b = -1.6135356553584009e-96
slit_defocus = 0.00559480138869177
slit_tilt_x = 1.1861337914311625
slit_tilt_y = -8.540039060215655
slit_tilt_z = -8.990839920886927
d_slit_col = 1594.2944681427796
coll_tilt_x = 0.08872660389920692
coll_tilt_y = -0.03185250205783751
ech_G = 31.610648986733874
ech_blaze = -74.97681155828968
ech_gamma = 1.1403010968936804
echelle_z = 0.07473151738318122
d_col_trf = -1588.0185494882187
trf_mirror_tilt_x = 0.1386611634835321
trf_mirror_tilt_y = 0.0775178667680552
d_col_grm = -0.009536338009001
grism_dec_x = 236.43431969234956
grism_dec_y = 0.03417753465089409
grm_tilt_x = -0.01583018986035432
grm_tilt_y = 2.3043847750993804
grm_G = 222.8251617223681
grm_apex = 17.815131358394
d_grm_cam  = 21.60848670823558
cam_dec_x = -0.3021247617233956
cam_dec_y = 0.2503253709483289
cam_tilt_x = -0.018447280509530106
cam_tilt_y = -0.015090229646674728
d_cam_ff  = -160.40096641768895
ccd_ff_dec_x = -0.003523732624474554
ccd_ff_dec_y = 0.0002467177078677211
ccd_ff_tilt_x = 0.14604310867356848
ccd_ff_tilt_y = -0.5720719080095684
ccd_ff_tilt_z = 0.17257004941236803
d_ff_ccd  = -4.811259359070931
ccd_dec_x = 0.6206634215033341
ccd_dec_y = 5.155298714725536
ccd_defocus = 0.3162986959133904
ccd_tilt_x = 0.0077212177326048
ccd_tilt_y = -0.014104397455088999
ccd_tilt_z = 3.1041809838248483e-06
p = 2.0022727272727273e-05