slit_dec_x_a = -0.181778666534
slit_dec_y_a = -0.18243150017
slit_dec_x_b = 0.14512077562974193
slit_dec_y_b = -0.05510809031835813
slit_defocus = -0.00220127825905579
slit_tilt_x = 1.1346713367794972
slit_tilt_y = -8.568234193760057
slit_tilt_z = -9.003645542786902
d_slit_col = 1594.303978917645
coll_tilt_x = 0.08645954804884623
coll_tilt_y = -0.022000855664424706
ech_G = 31.61088331409693
ech_blaze = -74.99554310479115
ech_gamma = 1.158101005402302
echelle_z = 0.05754498568796625
d_col_trf = -1588.0162587748061
trf_mirror_tilt_x = 0.12253142074764196
trf_mirror_tilt_y = 0.018646239210791404
d_col_grm = 0.015078691933147233
grism_dec_x = 236.3974589486946
grism_dec_y = -0.00503075072648463
grm_tilt_x = -0.024780904995660217
grm_tilt_y = 2.3273138395990083
grm_G = 222.78574113752498
grm_apex = 17.809221209571685
d_grm_cam  = 21.604522593854
cam_dec_x = -0.2835727968008846
cam_dec_y = 0.28973436721911283
cam_tilt_x = 0.0043392388723219495
cam_tilt_y = -0.027830242502974313
d_cam_ff  = -160.56983019373072
ccd_ff_dec_x = -0.022807901015356985
ccd_ff_dec_y = -0.04779587737977376
ccd_ff_tilt_x = 0.16503507800243575
ccd_ff_tilt_y = -0.5896904409638485
ccd_ff_tilt_z = 0.17170658417786366
d_ff_ccd  = -4.785423433366309
ccd_dec_x = 0.5518458346592419
ccd_dec_y = 5.106108699015086
ccd_defocus = 0.3157324326803927
ccd_tilt_x = 0.021339063384004965
ccd_tilt_y = -0.004200718380158831
ccd_tilt_z = 3.7290511523471525e-07
p = 2.0022727272727273e-05