slit_dec_x_a = -0.1704010755187174
slit_dec_y_a = -0.1956586180351446
slit_dec_x_b = 0.175
slit_dec_y_b = -1.8611704442970853e-96
slit_defocus = 0.021337260385890018
slit_tilt_x = 1.114009711741956
slit_tilt_y = -8.53844930018754
slit_tilt_z = -8.991631542967495
d_slit_col = 1594.3100102909916
coll_tilt_x = 0.11319641821324838
coll_tilt_y = -0.028834302167293532
ech_G = 31.613236570651736
ech_blaze = -74.97482862897162
ech_gamma = 1.1389764574394619
echelle_z = 0.0747812876707217
d_col_trf = -1588.0172387442778
trf_mirror_tilt_x = 0.02624596302033735
trf_mirror_tilt_y = 0.16224569698876112
d_col_grm = -0.004763953018627651
grism_dec_x = 236.4233474598928
grism_dec_y = 0.03812819051667931
grm_tilt_x = -0.014054122500004063
grm_tilt_y = 2.305279070207253
grm_G = 222.82400603739347
grm_apex = 17.7910037966135
d_grm_cam  = 21.60981739079948
cam_dec_x = -0.3094686536925218
cam_dec_y = 0.24722772251514516
cam_tilt_x = -0.011080334836989785
cam_tilt_y = 0.0037876938764947812
d_cam_ff  = -160.05731969775528
ccd_ff_dec_x = -0.0026057841781843907
ccd_ff_dec_y = 0.05309068559489172
ccd_ff_tilt_x = 0.01948312483813442
ccd_ff_tilt_y = -0.572805547308224
ccd_ff_tilt_z = 0.18004793011141493
d_ff_ccd  = -4.838926060767743
ccd_dec_x = 0.6214099964532962
ccd_dec_y = 5.157143935373069
ccd_defocus = 0.2807108574871188
ccd_tilt_x = 0.005114262253017685
ccd_tilt_y = -0.010909874316818094
ccd_tilt_z = 5.085176764317208e-06
p = 0.0001