slit_dec_x_a = -0.181778666534
slit_dec_y_a = -0.18243150017
slit_dec_x_b = 0.14512077562974193
slit_dec_y_b = -0.05510809031835813
slit_defocus = -0.013790719479152518
slit_tilt_x = 1.0540087612865878
slit_tilt_y = -8.559926663661017
slit_tilt_z = -9.026882859566474
d_slit_col = 1594.2902922274693
coll_tilt_x = 0.12141483407180056
coll_tilt_y = -0.026556070215896573
ech_G = 31.614561062139508
ech_blaze = -74.99488712335345
ech_gamma = 1.1556398978019498
echelle_z = 0.057000022668536134
d_col_trf = -1588.0163604817478
trf_mirror_tilt_x = 0.007273694869233518
trf_mirror_tilt_y = 0.1553772518038545
d_col_grm = 0.03571197962923719
grism_dec_x = 236.383187772012
grism_dec_y = 0.009293030832966521
grm_tilt_x = -0.023506371755537495
grm_tilt_y = 2.3257795115226934
grm_G = 222.78407221596575
grm_apex = 17.766533770795885
d_grm_cam  = 21.604697484453634
cam_dec_x = -0.2711182650081181
cam_dec_y = 0.2908662342613173
cam_tilt_x = 0.012447695181223946
cam_tilt_y = 0.008825300568519838
d_cam_ff  = -160.07716978357155
ccd_ff_dec_x = -0.023795491513153938
ccd_ff_dec_y = 0.04198760047587551
ccd_ff_tilt_x = 0.03346141734322111
ccd_ff_tilt_y = -0.590979025584021
ccd_ff_tilt_z = 0.17191577879216902
d_ff_ccd  = -4.816000020011223
ccd_dec_x = 0.5532923574695504
ccd_dec_y = 5.1076350892214775
ccd_defocus = 0.2857876469351924
ccd_tilt_x = 0.03264440328238842
ccd_tilt_y = -0.0021217464506755332
ccd_tilt_z = 4.680316681629402e-06
p = 0.0001