slit_dec_x_a = -0.17043120442504853
slit_dec_y_a = -0.1958509023806858
slit_dec_x_b = 0.175
slit_dec_y_b = -2.14485363367894e-96
slit_defocus = 0.005570429770886932
slit_tilt_x = 1.1861074709893469
slit_tilt_y = -8.540002282965663
slit_tilt_z = -8.990837669034242
d_slit_col = 1594.2944561498318
coll_tilt_x = 0.08866224073630358
coll_tilt_y = -0.031782562923375
ech_G = 31.610682969557743
ech_blaze = -74.97702484457903
ech_gamma = 1.1404475534762686
echelle_z = 0.07489533281983843
d_col_trf = -1588.018569836151
trf_mirror_tilt_x = 0.1386893819134146
trf_mirror_tilt_y = 0.07758041883057402
d_col_grm = -0.00955279478387011
grism_dec_x = 236.43430802051697
grism_dec_y = 0.0342393302943548
grm_tilt_x = -0.01572741453231114
grm_tilt_y = 2.3043752072965655
grm_G = 222.8251772173916
grm_apex = 17.81511503978876
d_grm_cam  = 21.608487068023994
cam_dec_x = -0.30215250252293635
cam_dec_y = 0.25036932076981677
cam_tilt_x = -0.018574562447801285
cam_tilt_y = -0.015033731902800622
d_cam_ff  = -160.4009906386791
ccd_ff_dec_x = -0.003554838261635541
ccd_ff_dec_y = 0.00014398407823339236
ccd_ff_tilt_x = 0.1459971691253136
ccd_ff_tilt_y = -0.5721012535883346
ccd_ff_tilt_z = 0.17260011134054282
d_ff_ccd  = -4.811221025913431
ccd_dec_x = 0.6206871956141284
ccd_dec_y = 5.155296267342097
ccd_defocus = 0.316296433040041
ccd_tilt_x = 0.007736103750812823
ccd_tilt_y = -0.01401247848709558
ccd_tilt_z = 3.136928158338056e-06
p = 1.2333636363636364e-05