slit_dec_x_a = -0.1704010755187174
slit_dec_y_a = -0.1956586180351446
slit_dec_x_b = 0.175
slit_dec_y_b = -1.9225629167284233e-96
slit_defocus = 0.021403362032359752
slit_tilt_x = 1.1140092103111954
slit_tilt_y = -8.538476614705782
slit_tilt_z = -8.99159070931582
d_slit_col = 1594.3099969998395
coll_tilt_x = 0.11319007858273326
coll_tilt_y = -0.02894399709469885
ech_G = 31.613235884656316
ech_blaze = -74.9748351502378
ech_gamma = 1.138976976333146
echelle_z = 0.07477135537806533
d_col_trf = -1588.0172223739764
trf_mirror_tilt_x = 0.02631142195128743
trf_mirror_tilt_y = 0.16225528272142445
d_col_grm = -0.0048188713795121255
grism_dec_x = 236.42330303124862
grism_dec_y = 0.03817421920618198
grm_tilt_x = -0.014057923699131234
grm_tilt_y = 2.30527351501008
grm_G = 222.82400660325254
grm_apex = 17.791044800854962
d_grm_cam  = 21.60981865057205
cam_dec_x = -0.3095324888742257
cam_dec_y = 0.24729460295069428
cam_tilt_x = -0.011037543115552165
cam_tilt_y = 0.0037909038100614563
d_cam_ff  = -160.05756818096322
ccd_ff_dec_x = -0.0025982213172701485
ccd_ff_dec_y = 0.053079551043048595
ccd_ff_tilt_x = 0.01952137075235213
ccd_ff_tilt_y = -0.572800699803849
ccd_ff_tilt_z = 0.18005238998359335
d_ff_ccd  = -4.838986822981394
ccd_dec_x = 0.621406893690175
ccd_dec_y = 5.1571451669445985
ccd_defocus = 0.280768415143012
ccd_tilt_x = 0.0050789043594708354
ccd_tilt_y = -0.010876935837180197
ccd_tilt_z = 5.116014772810832e-06
p = 0.0001