slit_dec_x_a = -0.17042422409768493
slit_dec_y_a = -0.19584951161767813
slit_dec_x_b = 0.175
slit_dec_y_b = -2.4726348290529026e-96
slit_defocus = 0.005512070616592886
slit_tilt_x = 1.1861231386795144
slit_tilt_y = -8.540102986430465
slit_tilt_z = -8.990835877345653
d_slit_col = 1594.294433823478
coll_tilt_x = 0.08853954712397835
coll_tilt_y = -0.031842852034750437
ech_G = 31.610652723486865
ech_blaze = -74.97700216185112
ech_gamma = 1.1403869054435503
echelle_z = 0.07539151756722132
d_col_trf = -1588.0185878703585
trf_mirror_tilt_x = 0.13866723270476541
trf_mirror_tilt_y = 0.07753203541005675
d_col_grm = -0.009526871688644177
grism_dec_x = 236.43433075337407
grism_dec_y = 0.03424573517692062
grm_tilt_x = -0.015874572410381444
grm_tilt_y = 2.304347242869932
grm_G = 222.82518903908138
grm_apex = 17.815119752277337
d_grm_cam  = 21.60848746487937
cam_dec_x = -0.3021060332125049
cam_dec_y = 0.2503528604097428
cam_tilt_x = -0.018258558557357113
cam_tilt_y = -0.015015512934954818
d_cam_ff  = -160.40096769751148
ccd_ff_dec_x = -0.0035326962885668853
ccd_ff_dec_y = 0.00018290344710915078
ccd_ff_tilt_x = 0.1460109417863727
ccd_ff_tilt_y = -0.5720057324837214
ccd_ff_tilt_z = 0.17255629678033382
d_ff_ccd  = -4.81122435794134
ccd_dec_x = 0.6206539954889506
ccd_dec_y = 5.155281022745825
ccd_defocus = 0.3163315064441131
ccd_tilt_x = 0.007789447126808957
ccd_tilt_y = -0.014004135692651338
ccd_tilt_z = 3.2863641058925306e-06
p = 1.0871818181818183e-05