slit_dec_x_a = -0.181778666534
slit_dec_y_a = -0.18243150017
slit_dec_x_b = 0.14512077562974193
slit_dec_y_b = -0.05510809031835813
slit_defocus = -0.013813317974350642
slit_tilt_x = 1.0540913337527031
slit_tilt_y = -8.559927005575801
slit_tilt_z = -9.026869564635323
d_slit_col = 1594.290281049266
coll_tilt_x = 0.1214849942171062
coll_tilt_y = -0.026505705745212382
ech_G = 31.61456415965307
ech_blaze = -74.99488632313461
ech_gamma = 1.1556413539403043
echelle_z = 0.05699875631950541
d_col_trf = -1588.0163636135803
trf_mirror_tilt_x = 0.00728761242607108
trf_mirror_tilt_y = 0.155407326129458
d_col_grm = 0.03566400567647027
grism_dec_x = 236.3832076209733
grism_dec_y = 0.009262820263113326
grm_tilt_x = -0.02350603084413094
grm_tilt_y = 2.325784452748392
grm_G = 222.784066059915
grm_apex = 17.76649444472056
d_grm_cam  = 21.604704483798518
cam_dec_x = -0.2711409907051675
cam_dec_y = 0.29087300994686255
cam_tilt_x = 0.01241731092788701
cam_tilt_y = 0.008848232028495348
d_cam_ff  = -160.07687541556334
ccd_ff_dec_x = -0.023810389944471176
ccd_ff_dec_y = 0.04200441739656406
ccd_ff_tilt_x = 0.033487169178601874
ccd_ff_tilt_y = -0.5909834596268781
ccd_ff_tilt_z = 0.1719170788657187
d_ff_ccd  = -4.815937030645271
ccd_dec_x = 0.5532999734404134
ccd_dec_y = 5.107631735094306
ccd_defocus = 0.28570181580285886
ccd_tilt_x = 0.032544850961198094
ccd_tilt_y = -0.00206106490286145
ccd_tilt_z = 4.6968010854346135e-06
p = 0.0001