slit_dec_x_a = -0.181778666534
slit_dec_y_a = -0.18243150017
slit_dec_x_b = 0.14512077562974193
slit_dec_y_b = -0.05510809031835813
slit_defocus = -0.002217344914248424
slit_tilt_x = 1.13469326144983
slit_tilt_y = -8.568215703687946
slit_tilt_z = -9.003672470274774
d_slit_col = 1594.303919149314
coll_tilt_x = 0.08641783090662059
coll_tilt_y = -0.022065730786701668
ech_G = 31.610871869172072
ech_blaze = -74.99554717173343
ech_gamma = 1.158066054008339
echelle_z = 0.05740859424563008
d_col_trf = -1588.0163579034604
trf_mirror_tilt_x = 0.12253098620405434
trf_mirror_tilt_y = 0.018671234975154324
d_col_grm = 0.015054665991845998
grism_dec_x = 236.39746812635823
grism_dec_y = -0.00500541528448234
grm_tilt_x = -0.02470316104294145
grm_tilt_y = 2.327211814216158
grm_G = 222.78574767944818
grm_apex = 17.809178881308494
d_grm_cam  = 21.60431628829084
cam_dec_x = -0.28359837611905675
cam_dec_y = 0.2897119923046002
cam_tilt_x = 0.004345239876151101
cam_tilt_y = -0.027797992370498993
d_cam_ff  = -160.5697159058319
ccd_ff_dec_x = -0.02270612348370409
ccd_ff_dec_y = -0.04779164663045805
ccd_ff_tilt_x = 0.16505573445955363
ccd_ff_tilt_y = -0.5897882132291368
ccd_ff_tilt_z = 0.17176860469501662
d_ff_ccd  = -4.785358584872985
ccd_dec_x = 0.5520762841899333
ccd_dec_y = 5.106123885287512
ccd_defocus = 0.315747503314317
ccd_tilt_x = 0.02136298764294627
ccd_tilt_y = -0.00420454169598343
ccd_tilt_z = 3.492710825728562e-07
p = 1.5667499999999999e-06