slit_dec_x_a = -0.181778666534
slit_dec_y_a = -0.18243150017
slit_dec_x_b = 0.14512077562974193
slit_dec_y_b = -0.05510809031835813
slit_defocus = -0.013839795524313171
slit_tilt_x = 1.054093695385191
slit_tilt_y = -8.560011631832136
slit_tilt_z = -9.026860400731586
d_slit_col = 1594.2902584433157
coll_tilt_x = 0.12141779877728652
coll_tilt_y = -0.026520705299364396
ech_G = 31.61456478758357
ech_blaze = -74.99488707186154
ech_gamma = 1.1556389646397398
echelle_z = 0.057004278774566514
d_col_trf = -1588.0163588068804
trf_mirror_tilt_x = 0.00733721310181454
trf_mirror_tilt_y = 0.15545779555512318
d_col_grm = 0.0356741414977183
grism_dec_x = 236.38316754057
grism_dec_y = 0.009272151766246762
grm_tilt_x = -0.02351148270892451
grm_tilt_y = 2.3257898634331053
grm_G = 222.78406512739627
grm_apex = 17.76652526843002
d_grm_cam  = 21.60470358032116
cam_dec_x = -0.2710916512232344
cam_dec_y = 0.29086130227736307
cam_tilt_x = 0.012430577526690464
cam_tilt_y = 0.00884671890724388
d_cam_ff  = -160.07688919163445
ccd_ff_dec_x = -0.023802531629864506
ccd_ff_dec_y = 0.041995535685119906
ccd_ff_tilt_x = 0.03349338814206887
ccd_ff_tilt_y = -0.5909791356800961
ccd_ff_tilt_z = 0.17191567660877016
d_ff_ccd  = -4.8159891641264565
ccd_dec_x = 0.5533033262764919
ccd_dec_y = 5.107629146514754
ccd_defocus = 0.2857784667005116
ccd_tilt_x = 0.032569898047150964
ccd_tilt_y = -0.002172532606963652
ccd_tilt_z = 4.675697633437385e-06
p = 0.0001