slit_dec_x_a = -0.17044503776516262
slit_dec_y_a = -0.19592317782836896
slit_dec_x_b = 0.175
slit_dec_y_b = -2.0623132052091783e-96
slit_defocus = 0.005550046352857182
slit_tilt_x = 1.186106775932021
slit_tilt_y = -8.540003417559545
slit_tilt_z = -8.990842169079283
d_slit_col = 1594.294459270627
coll_tilt_x = 0.08869608815219437
coll_tilt_y = -0.03175391553822157
ech_G = 31.610672111861874
ech_blaze = -74.97689526988229
ech_gamma = 1.1404762482812765
echelle_z = 0.07484809159961817
d_col_trf = -1588.018579560761
trf_mirror_tilt_x = 0.1386718521161614
trf_mirror_tilt_y = 0.07758123136416857
d_col_grm = -0.009551798886211951
grism_dec_x = 236.4343144650288
grism_dec_y = 0.03421481029716103
grm_tilt_x = -0.015703675804452456
grm_tilt_y = 2.304380829973997
grm_G = 222.8251861152773
grm_apex = 17.81510495465198
d_grm_cam  = 21.608486538188526
cam_dec_x = -0.30216284687896566
cam_dec_y = 0.2503564010123452
cam_tilt_x = -0.018599296329741104
cam_tilt_y = -0.015038492972045497
d_cam_ff  = -160.40096910210767
ccd_ff_dec_x = -0.003536080083519444
ccd_ff_dec_y = 0.0001648688810823041
ccd_ff_tilt_x = 0.14602739242722707
ccd_ff_tilt_y = -0.5720848547207787
ccd_ff_tilt_z = 0.17261135604135955
d_ff_ccd  = -4.811247381569392
ccd_dec_x = 0.6207012209209801
ccd_dec_y = 5.155297063706565
ccd_defocus = 0.31630343775201664
ccd_tilt_x = 0.007733141966428173
ccd_tilt_y = -0.014010121986293594
ccd_tilt_z = 3.1014416793371676e-06
p = 9.44281818181818e-06