slit_dec_x_a = -0.181778666534
slit_dec_y_a = -0.18243150017
slit_dec_x_b = 0.14512077562974193
slit_dec_y_b = -0.05510809031835813
slit_defocus = -0.0022014481867561196
slit_tilt_x = 1.1347036948892602
slit_tilt_y = -8.568275697333778
slit_tilt_z = -9.00362609104944
d_slit_col = 1594.3039370691743
coll_tilt_x = 0.08640384708573146
coll_tilt_y = -0.02203954457240902
ech_G = 31.610901666709815
ech_blaze = -74.9956460568862
ech_gamma = 1.1581830366018706
echelle_z = 0.05726317786778812
d_col_trf = -1588.0162627415937
trf_mirror_tilt_x = 0.12252385597828619
trf_mirror_tilt_y = 0.018668269934864184
d_col_grm = 0.015021702177645245
grism_dec_x = 236.39747614549975
grism_dec_y = -0.005012114475374074
grm_tilt_x = -0.024735870580799
grm_tilt_y = 2.3274110609920027
grm_G = 222.7857471736053
grm_apex = 17.809152718729035
d_grm_cam  = 21.604377946701664
cam_dec_x = -0.28360731126044053
cam_dec_y = 0.2897114672688179
cam_tilt_x = 0.0043196839378584085
cam_tilt_y = -0.0277732776324416
d_cam_ff  = -160.56959073137256
ccd_ff_dec_x = -0.022765269890450582
ccd_ff_dec_y = -0.0478013428554696
ccd_ff_tilt_x = 0.16503188484863435
ccd_ff_tilt_y = -0.5896621546748335
ccd_ff_tilt_z = 0.17184034646384574
d_ff_ccd  = -4.785381757646375
ccd_dec_x = 0.5519783343876912
ccd_dec_y = 5.106359795030308
ccd_defocus = 0.3157899951353402
ccd_tilt_x = 0.021381837089488948
ccd_tilt_y = -0.004200477584384516
ccd_tilt_z = 2.955763668316407e-07
p = 9.44281818181818e-06