slit_dec_x_a = -0.181778666534
slit_dec_y_a = -0.18243150017
slit_dec_x_b = 0.14512077562974193
slit_dec_y_b = -0.05510809031835813
slit_defocus = -0.013765305350536628
slit_tilt_x = 1.0541564022119507
slit_tilt_y = -8.55999436204242
slit_tilt_z = -9.026941800958761
d_slit_col = 1594.2902944636357
coll_tilt_x = 0.1213936975931906
coll_tilt_y = -0.02655348976023532
ech_G = 31.61455961179274
ech_blaze = -74.99489026498527
ech_gamma = 1.1556386354538055
echelle_z = 0.05700546057606749
d_col_trf = -1588.0163629606427
trf_mirror_tilt_x = 0.007275716890899155
trf_mirror_tilt_y = 0.15544081830676687
d_col_grm = 0.035661474320346255
grism_dec_x = 236.3832479881445
grism_dec_y = 0.009253618302813939
grm_tilt_x = -0.023512061288635405
grm_tilt_y = 2.325791368970015
grm_G = 222.78406157531018
grm_apex = 17.766472870567487
d_grm_cam  = 21.60469725675472
cam_dec_x = -0.27103061423147556
cam_dec_y = 0.2908119856240951
cam_tilt_x = 0.012466676149879738
cam_tilt_y = 0.00882189603643194
d_cam_ff  = -160.07727689354542
ccd_ff_dec_x = -0.023803784489964005
ccd_ff_dec_y = 0.04203585240137242
ccd_ff_tilt_x = 0.03354920423964814
ccd_ff_tilt_y = -0.5909796030775213
ccd_ff_tilt_z = 0.17191935891789167
d_ff_ccd  = -4.815996989953053
ccd_dec_x = 0.5532960842655259
ccd_dec_y = 5.1076351335161325
ccd_defocus = 0.2857717812521566
ccd_tilt_x = 0.032634596788656704
ccd_tilt_y = -0.0021836798876624804
ccd_tilt_z = 4.641254606062413e-06
p = 0.0001