slit_dec_x_a = -0.181778666534
slit_dec_y_a = -0.18243150017
slit_dec_x_b = 0.14512077562974193
slit_dec_y_b = -0.05510809031835813
slit_defocus = -0.002248188329955329
slit_tilt_x = 1.1347094822889048
slit_tilt_y = -8.56835978293752
slit_tilt_z = -9.003590117786041
d_slit_col = 1594.3039510061449
coll_tilt_x = 0.08648363432254934
coll_tilt_y = -0.02204470835845609
ech_G = 31.61093004377561
ech_blaze = -74.9957861626438
ech_gamma = 1.158231213958694
echelle_z = 0.05650515855767863
d_col_trf = -1588.016450605659
trf_mirror_tilt_x = 0.12245495093712239
trf_mirror_tilt_y = 0.018681506549126606
d_col_grm = 0.014938489403274496
grism_dec_x = 236.39752449939
grism_dec_y = -0.005081540722099021
grm_tilt_x = -0.024659193338594985
grm_tilt_y = 2.3273609928856827
grm_G = 222.78588079165064
grm_apex = 17.809063404831715
d_grm_cam  = 21.604737755019627
cam_dec_x = -0.2836301882482439
cam_dec_y = 0.2897638676396551
cam_tilt_x = 0.004328736718179138
cam_tilt_y = -0.027767245369016112
d_cam_ff  = -160.5695402427036
ccd_ff_dec_x = -0.022678273884691097
ccd_ff_dec_y = -0.047783025534605235
ccd_ff_tilt_x = 0.16502220825791455
ccd_ff_tilt_y = -0.5894557568190425
ccd_ff_tilt_z = 0.17183629197192135
d_ff_ccd  = -4.785424758585225
ccd_dec_x = 0.5519149092767935
ccd_dec_y = 5.106318736373363
ccd_defocus = 0.31587178853914966
ccd_tilt_x = 0.021398505366566737
ccd_tilt_y = -0.004185601468003273
ccd_tilt_z = 2.2330096579648904e-07
p = 4.538090909090909e-06