slit_dec_x_a = -0.181778666534
slit_dec_y_a = -0.18243150017
slit_dec_x_b = 0.14512077562974193
slit_dec_y_b = -0.05510809031835813
slit_defocus = -0.013783516376584612
slit_tilt_x = 1.0541141142349513
slit_tilt_y = -8.559969144422364
slit_tilt_z = -9.026798334163368
d_slit_col = 1594.2903685365707
coll_tilt_x = 0.12152473439128374
coll_tilt_y = -0.026497797874337245
ech_G = 31.614568816041327
ech_blaze = -74.994890269458
ech_gamma = 1.1556358140461396
echelle_z = 0.05700527680275145
d_col_trf = -1588.016368732601
trf_mirror_tilt_x = 0.007304133125320721
trf_mirror_tilt_y = 0.15543124140843834
d_col_grm = 0.03570002656921174
grism_dec_x = 236.38321465773623
grism_dec_y = 0.009244124394995301
grm_tilt_x = -0.023511015847915158
grm_tilt_y = 2.3257920105621754
grm_G = 222.78407414640756
grm_apex = 17.76654393530484
d_grm_cam  = 21.604701828000977
cam_dec_x = -0.2711382466473734
cam_dec_y = 0.29083860422769625
cam_tilt_x = 0.012470818707759507
cam_tilt_y = 0.008746885516730016
d_cam_ff  = -160.07713969033108
ccd_ff_dec_x = -0.023801947058006718
ccd_ff_dec_y = 0.042055742664169074
ccd_ff_tilt_x = 0.033490471274963685
ccd_ff_tilt_y = -0.5909790187124205
ccd_ff_tilt_z = 0.17192150755112587
d_ff_ccd  = -4.8159395471262325
ccd_dec_x = 0.5533016260996318
ccd_dec_y = 5.107632382375345
ccd_defocus = 0.2858009892114591
ccd_tilt_x = 0.03267704141648918
ccd_tilt_y = -0.0021341700607700924
ccd_tilt_z = 4.683166413548254e-06
p = 0.0001