slit_dec_x_a = -0.1704010755187174
slit_dec_y_a = -0.1956586180351446
slit_dec_x_b = 0.175
slit_dec_y_b = -1.811467550970292e-96
slit_defocus = 0.02138426581650439
slit_tilt_x = 1.1139669887520216
slit_tilt_y = -8.538497577638134
slit_tilt_z = -8.991630437066746
d_slit_col = 1594.3099534791227
coll_tilt_x = 0.11322594491016032
coll_tilt_y = -0.02890840739317238
ech_G = 31.6132288299654
ech_blaze = -74.97482619102237
ech_gamma = 1.1389727212495888
echelle_z = 0.07477726826531621
d_col_trf = -1588.0172348904352
trf_mirror_tilt_x = 0.026304045340993405
trf_mirror_tilt_y = 0.1622079194440229
d_col_grm = -0.004872366393669363
grism_dec_x = 236.4232648090577
grism_dec_y = 0.03819189963328474
grm_tilt_x = -0.014051508313073566
grm_tilt_y = 2.3052828269516175
grm_G = 222.82400376197333
grm_apex = 17.791065382824012
d_grm_cam  = 21.609817329561402
cam_dec_x = -0.3095723527591729
cam_dec_y = 0.24728401555963245
cam_tilt_x = -0.011057640322375599
cam_tilt_y = 0.003816608694526131
d_cam_ff  = -160.05761567242735
ccd_ff_dec_x = -0.0026053226591174145
ccd_ff_dec_y = 0.053031660305591845
ccd_ff_tilt_x = 0.019564601300968272
ccd_ff_tilt_y = -0.5728082146626194
ccd_ff_tilt_z = 0.1800599098794102
d_ff_ccd  = -4.838874495518594
ccd_dec_x = 0.6214007517362508
ccd_dec_y = 5.1571573706876
ccd_defocus = 0.28076646275597583
ccd_tilt_x = 0.004979844166448882
ccd_tilt_y = -0.01090590030210206
ccd_tilt_z = 5.06372508013247e-06
p = 0.0001