slit_dec_x_a = -0.17039646374612386
slit_dec_y_a = -0.1959290945795896
slit_dec_x_b = 0.175
slit_dec_y_b = -1.593097464214463e-96
slit_defocus = 0.005589058943353626
slit_tilt_x = 1.1861819214695215
slit_tilt_y = -8.540033438762688
slit_tilt_z = -8.99084447629233
d_slit_col = 1594.2944528517519
coll_tilt_x = 0.08878212146620701
coll_tilt_y = -0.03184956649844546
ech_G = 31.61066978568428
ech_blaze = -74.97688842721482
ech_gamma = 1.14038669795343
echelle_z = 0.07475186236548202
d_col_trf = -1588.0185349860133
trf_mirror_tilt_x = 0.1386730740308297
trf_mirror_tilt_y = 0.07752947147575145
d_col_grm = -0.009528457714167679
grism_dec_x = 236.43432156273835
grism_dec_y = 0.03416389082102009
grm_tilt_x = -0.015825057575879993
grm_tilt_y = 2.304342076410723
grm_G = 222.8251799854071
grm_apex = 17.81512975242216
d_grm_cam  = 21.608489034891846
cam_dec_x = -0.3021186699907337
cam_dec_y = 0.2503230047866938
cam_tilt_x = -0.018442179730437866
cam_tilt_y = -0.01505504755834872
d_cam_ff  = -160.40093333252784
ccd_ff_dec_x = -0.0035361863482735855
ccd_ff_dec_y = 0.00023398945412331657
ccd_ff_tilt_x = 0.1460334759839052
ccd_ff_tilt_y = -0.5720676064337938
ccd_ff_tilt_z = 0.17256776158678724
d_ff_ccd  = -4.811255762022033
ccd_dec_x = 0.6206853105474806
ccd_dec_y = 5.155321357108647
ccd_defocus = 0.3163234154887083
ccd_tilt_x = 0.007709836994087828
ccd_tilt_y = -0.014103840398430975
ccd_tilt_z = 3.1339276586730138e-06
p = 1.6290833333333333e-05