slit_dec_x_a = -0.181778666534
slit_dec_y_a = -0.18243150017
slit_dec_x_b = 0.14512077562974193
slit_dec_y_b = -0.05510809031835813
slit_defocus = -0.002201329551224239
slit_tilt_x = 1.1346888514614364
slit_tilt_y = -8.568236359371946
slit_tilt_z = -9.003667333981758
d_slit_col = 1594.303956043697
coll_tilt_x = 0.08643783089841493
coll_tilt_y = -0.022035818055466828
ech_G = 31.610875956267233
ech_blaze = -74.9955290596929
ech_gamma = 1.1581657136846577
echelle_z = 0.05752273726027522
d_col_trf = -1588.0162883027185
trf_mirror_tilt_x = 0.12254517530667815
trf_mirror_tilt_y = 0.01867488847831988
d_col_grm = 0.015056013051063397
grism_dec_x = 236.39747449657028
grism_dec_y = -0.005031467100462787
grm_tilt_x = -0.02472026903466592
grm_tilt_y = 2.3273597854820713
grm_G = 222.78573547653778
grm_apex = 17.809212426165058
d_grm_cam  = 21.604373858595167
cam_dec_x = -0.28357552250964996
cam_dec_y = 0.28976028206795074
cam_tilt_x = 0.0043361670238178576
cam_tilt_y = -0.02781556100468033
d_cam_ff  = -160.56981242567647
ccd_ff_dec_x = -0.022724491011807648
ccd_ff_dec_y = -0.047794832703596586
ccd_ff_tilt_x = 0.16502478411951876
ccd_ff_tilt_y = -0.5896915720589135
ccd_ff_tilt_z = 0.1717071220673787
d_ff_ccd  = -4.785402197229839
ccd_dec_x = 0.5518999787431365
ccd_dec_y = 5.106160223362071
ccd_defocus = 0.3157497642575615
ccd_tilt_x = 0.021325795860675272
ccd_tilt_y = -0.004221319632197946
ccd_tilt_z = 3.367060665631494e-07
p = 1.6290833333333333e-05