slit_dec_x_a = -0.181778666534
slit_dec_y_a = -0.18243150017
slit_dec_x_b = 0.14512077562974193
slit_dec_y_b = -0.05510809031835813
slit_defocus = -0.013777498205482337
slit_tilt_x = 1.054060345358464
slit_tilt_y = -8.559972931115054
slit_tilt_z = -9.026821109565777
d_slit_col = 1594.290237989945
coll_tilt_x = 0.12140977954519992
coll_tilt_y = -0.026562660107593398
ech_G = 31.614560221866913
ech_blaze = -74.99488481274119
ech_gamma = 1.155639184087994
echelle_z = 0.05700954367497558
d_col_trf = -1588.0163574419237
trf_mirror_tilt_x = 0.007283933251769165
trf_mirror_tilt_y = 0.15549730650372734
d_col_grm = 0.03565693457734868
grism_dec_x = 236.38323506210116
grism_dec_y = 0.009222075685051023
grm_tilt_x = -0.023512568889989843
grm_tilt_y = 2.3257849278759117
grm_G = 222.7840762315977
grm_apex = 17.766506217118955
d_grm_cam  = 21.604701703398135
cam_dec_x = -0.27108062194009536
cam_dec_y = 0.2909265676355054
cam_tilt_x = 0.012410028640936517
cam_tilt_y = 0.008815461598613615
d_cam_ff  = -160.07724997331005
ccd_ff_dec_x = -0.023798801969338913
ccd_ff_dec_y = 0.04212554134780798
ccd_ff_tilt_x = 0.033529257014135005
ccd_ff_tilt_y = -0.5909796876841302
ccd_ff_tilt_z = 0.1719144071162429
d_ff_ccd  = -4.8160558433576925
ccd_dec_x = 0.5532958711928757
ccd_dec_y = 5.1076285515887845
ccd_defocus = 0.2857385889849524
ccd_tilt_x = 0.0326210445560986
ccd_tilt_y = -0.0021692622027264723
ccd_tilt_z = 4.697808794809918e-06
p = 0.0001