slit_dec_x_a = -0.17044283257664677
slit_dec_y_a = -0.19587551580951618
slit_dec_x_b = 0.175
slit_dec_y_b = -2.194362006963878e-96
slit_defocus = 0.005553028798396097
slit_tilt_x = 1.1861079409833517
slit_tilt_y = -8.539999442412432
slit_tilt_z = -8.990851605392992
d_slit_col = 1594.2944602337284
coll_tilt_x = 0.08877380634892258
coll_tilt_y = -0.03172108281732486
ech_G = 31.61067461874393
ech_blaze = -74.9768535076794
ech_gamma = 1.1405021670828865
echelle_z = 0.07486267814623247
d_col_trf = -1588.018583834588
trf_mirror_tilt_x = 0.13865924272925378
trf_mirror_tilt_y = 0.07759116462129242
d_col_grm = -0.00955415914789046
grism_dec_x = 236.4343099841292
grism_dec_y = 0.0342102471238918
grm_tilt_x = -0.015688088426566715
grm_tilt_y = 2.3043786980543537
grm_G = 222.82519222134232
grm_apex = 17.81511466292928
d_grm_cam  = 21.60849348257258
cam_dec_x = -0.3021610976109581
cam_dec_y = 0.25036465592052093
cam_tilt_x = -0.018629831053385
cam_tilt_y = -0.015049300291819029
d_cam_ff  = -160.400963246299
ccd_ff_dec_x = -0.0035274918456101047
ccd_ff_dec_y = 0.000171837289950376
ccd_ff_tilt_x = 0.14603480986741119
ccd_ff_tilt_y = -0.5720766468620252
ccd_ff_tilt_z = 0.17260042874538453
d_ff_ccd  = -4.811245713323965
ccd_dec_x = 0.6206852161391662
ccd_dec_y = 5.155294781625934
ccd_defocus = 0.3163077184144968
ccd_tilt_x = 0.0077320411624846215
ccd_tilt_y = -0.014017813159098896
ccd_tilt_z = 3.120890387733634e-06
p = 1.0136333333333333e-05