slit_dec_x_a = -0.181778666534
slit_dec_y_a = -0.18243150017
slit_dec_x_b = 0.14512077562974193
slit_dec_y_b = -0.05510809031835813
slit_defocus = -0.0021841986785764976
slit_tilt_x = 1.1346948508571646
slit_tilt_y = -8.568285439067497
slit_tilt_z = -9.003634370421251
d_slit_col = 1594.3039394934879
coll_tilt_x = 0.08642176481351843
coll_tilt_y = -0.022044690878949873
ech_G = 31.610892518418325
ech_blaze = -74.99562711724805
ech_gamma = 1.1581483792991367
echelle_z = 0.057371448612651456
d_col_trf = -1588.0163263323168
trf_mirror_tilt_x = 0.12253840598024549
trf_mirror_tilt_y = 0.01866717153704075
d_col_grm = 0.015017924986233645
grism_dec_x = 236.39745982781528
grism_dec_y = -0.005028775255678564
grm_tilt_x = -0.02466377086664489
grm_tilt_y = 2.3273950837583604
grm_G = 222.78571389955363
grm_apex = 17.809146256655506
d_grm_cam  = 21.60431685708299
cam_dec_x = -0.28361320643080595
cam_dec_y = 0.289718201566132
cam_tilt_x = 0.004329105521925111
cam_tilt_y = -0.02779096519244052
d_cam_ff  = -160.56964301409167
ccd_ff_dec_x = -0.022841122310656332
ccd_ff_dec_y = -0.047795672230019175
ccd_ff_tilt_x = 0.16504049312840777
ccd_ff_tilt_y = -0.589729118220041
ccd_ff_tilt_z = 0.17180352978740143
d_ff_ccd  = -4.785376353055737
ccd_dec_x = 0.5520321444612295
ccd_dec_y = 5.106273894338907
ccd_defocus = 0.31580331443874143
ccd_tilt_x = 0.021376837992864203
ccd_tilt_y = -0.004204990584801288
ccd_tilt_z = 3.2778478653276444e-07
p = 1.0136333333333333e-05