slit_dec_x_a = -0.17043073146048018
slit_dec_y_a = -0.19587605133413183
slit_dec_x_b = 0.175
slit_dec_y_b = -2.039653912369969e-96
slit_defocus = 0.005571360113301553
slit_tilt_x = 1.1861018092058757
slit_tilt_y = -8.539993900487655
slit_tilt_z = -8.990842220675223
d_slit_col = 1594.2944560910473
coll_tilt_x = 0.08865548985416045
coll_tilt_y = -0.031774679112653484
ech_G = 31.610676809911446
ech_blaze = -74.97700611986306
ech_gamma = 1.1404593471310014
echelle_z = 0.074862783170676
d_col_trf = -1588.0185696428493
trf_mirror_tilt_x = 0.13868688522652234
trf_mirror_tilt_y = 0.07757876915066125
d_col_grm = -0.009550594261088676
grism_dec_x = 236.43430674995784
grism_dec_y = 0.03424523713469791
grm_tilt_x = -0.015707236819558597
grm_tilt_y = 2.3043845411453416
grm_G = 222.82517969751112
grm_apex = 17.815117521303574
d_grm_cam  = 21.608481177654763
cam_dec_x = -0.30215421406855625
cam_dec_y = 0.2503700373985388
cam_tilt_x = -0.01855610654190106
cam_tilt_y = -0.015035066745756113
d_cam_ff  = -160.4009889234383
ccd_ff_dec_x = -0.0035610683150866444
ccd_ff_dec_y = 0.00015170615935406484
ccd_ff_tilt_x = 0.14599978729886007
ccd_ff_tilt_y = -0.5721003266512426
ccd_ff_tilt_z = 0.17260518317107731
d_ff_ccd  = -4.811220898412592
ccd_dec_x = 0.6206895139772415
ccd_dec_y = 5.1552954647894325
ccd_defocus = 0.31629848348702716
ccd_tilt_x = 0.007731814745724856
ccd_tilt_y = -0.01400749490952156
ccd_tilt_z = 3.1392608697616817e-06
p = 1.5127499999999999e-05