slit_dec_x_a = -0.181778666534
slit_dec_y_a = -0.18243150017
slit_dec_x_b = 0.14512077562974193
slit_dec_y_b = -0.05510809031835813
slit_defocus = -0.0022152001907981876
slit_tilt_x = 1.1346801396143011
slit_tilt_y = -8.568309608394491
slit_tilt_z = -9.003624626677928
d_slit_col = 1594.303921112578
coll_tilt_x = 0.08643507342555805
coll_tilt_y = -0.022037736049852565
ech_G = 31.610920041057117
ech_blaze = -74.9957666531979
ech_gamma = 1.1581568224316656
echelle_z = 0.057223122735181715
d_col_trf = -1588.0163268075828
trf_mirror_tilt_x = 0.12252190506663437
trf_mirror_tilt_y = 0.018679210204576538
d_col_grm = 0.014999546872304507
grism_dec_x = 236.39748725558525
grism_dec_y = -0.005029216025982299
grm_tilt_x = -0.02472602466887948
grm_tilt_y = 2.327417966266746
grm_G = 222.7857215417516
grm_apex = 17.809148521735086
d_grm_cam  = 21.604445577543093
cam_dec_x = -0.2836208536729655
cam_dec_y = 0.2897346428360472
cam_tilt_x = 0.00434867633262994
cam_tilt_y = -0.02780690482002035
d_cam_ff  = -160.56969206712145
ccd_ff_dec_x = -0.02291008233347406
ccd_ff_dec_y = -0.04778936671250744
ccd_ff_tilt_x = 0.16504981912294678
ccd_ff_tilt_y = -0.5895537241930061
ccd_ff_tilt_z = 0.1717796875586616
d_ff_ccd  = -4.785368211885645
ccd_dec_x = 0.5519153047515916
ccd_dec_y = 5.106424454454892
ccd_defocus = 0.3157894456469368
ccd_tilt_x = 0.021389660812848776
ccd_tilt_y = -0.004193180246141834
ccd_tilt_z = 3.1696106481859826e-07
p = 1.5127499999999999e-05