slit_dec_x_a = -0.1704010755187174
slit_dec_y_a = -0.1956586180351446
slit_dec_x_b = 0.175
slit_dec_y_b = -1.848963697219957e-96
slit_defocus = 0.02137659653102227
slit_tilt_x = 1.11406800580402
slit_tilt_y = -8.538417703854424
slit_tilt_z = -8.991666248113427
d_slit_col = 1594.3099683586408
coll_tilt_x = 0.11319857068373078
coll_tilt_y = -0.028891995791970815
ech_G = 31.613226070710223
ech_blaze = -74.97483294851016
ech_gamma = 1.1389719333145587
echelle_z = 0.07477407105086813
d_col_trf = -1588.0172254782733
trf_mirror_tilt_x = 0.026308026819574747
trf_mirror_tilt_y = 0.1621827663307766
d_col_grm = -0.004799138408010005
grism_dec_x = 236.42328306532244
grism_dec_y = 0.038162389023166425
grm_tilt_x = -0.01405621197081889
grm_tilt_y = 2.3052765235738732
grm_G = 222.82400441941388
grm_apex = 17.790983812541885
d_grm_cam  = 21.60982189448706
cam_dec_x = -0.3095031353385638
cam_dec_y = 0.24727355674832677
cam_tilt_x = -0.011053372207855273
cam_tilt_y = 0.003802920883099994
d_cam_ff  = -160.05739133667598
ccd_ff_dec_x = -0.0025977892481037555
ccd_ff_dec_y = 0.053009963345294585
ccd_ff_tilt_x = 0.01950590974143827
ccd_ff_tilt_y = -0.5728018921669689
ccd_ff_tilt_z = 0.18004845236666459
d_ff_ccd  = -4.838923018472637
ccd_dec_x = 0.6214090205609365
ccd_dec_y = 5.157153825558799
ccd_defocus = 0.28075536489459857
ccd_tilt_x = 0.005011188752136498
ccd_tilt_y = -0.010933279053662742
ccd_tilt_z = 5.048311708690254e-06
p = 0.0001