slit_dec_x_a = -0.17041404558035675
slit_dec_y_a = -0.19602507728141377
slit_dec_x_b = 0.175
slit_dec_y_b = -1.5632925670343943e-96
slit_defocus = 0.005574230722600786
slit_tilt_x = 1.186119613190586
slit_tilt_y = -8.540032728777186
slit_tilt_z = -8.990862580230432
d_slit_col = 1594.2944885065258
coll_tilt_x = 0.08872556815643148
coll_tilt_y = -0.031933336639532205
ech_G = 31.61065334835874
ech_blaze = -74.9767787723834
ech_gamma = 1.1403192176291206
echelle_z = 0.0748022249427317
d_col_trf = -1588.0185467102715
trf_mirror_tilt_x = 0.1386799741377243
trf_mirror_tilt_y = 0.07752994251874241
d_col_grm = -0.009546586987504614
grism_dec_x = 236.4343277712789
grism_dec_y = 0.03417204718575803
grm_tilt_x = -0.015937757026972598
grm_tilt_y = 2.304396747741947
grm_G = 222.82517167890418
grm_apex = 17.81512209245134
d_grm_cam  = 21.60848901140318
cam_dec_x = -0.30211908178953284
cam_dec_y = 0.25033485655400556
cam_tilt_x = -0.018448626548409792
cam_tilt_y = -0.015092373281034093
d_cam_ff  = -160.40095460379314
ccd_ff_dec_x = -0.0035108077343495897
ccd_ff_dec_y = 0.0002482660177178628
ccd_ff_tilt_x = 0.14604354316305942
ccd_ff_tilt_y = -0.5720581025007009
ccd_ff_tilt_z = 0.1725691685584392
d_ff_ccd  = -4.811303350450094
ccd_dec_x = 0.6206841610921509
ccd_dec_y = 5.1552973116046
ccd_defocus = 0.31626469266831736
ccd_tilt_x = 0.007738738454620028
ccd_tilt_y = -0.014139043833468397
ccd_tilt_z = 3.125793031958096e-06
p = 9.104916666666668e-06