slit_dec_x_a = -0.181778666534
slit_dec_y_a = -0.18243150017
slit_dec_x_b = 0.14512077562974193
slit_dec_y_b = -0.05510809031835813
slit_defocus = -0.013861272022542564
slit_tilt_x = 1.0540612798603886
slit_tilt_y = -8.559960207200623
slit_tilt_z = -9.026874778336797
d_slit_col = 1594.2902865279132
coll_tilt_x = 0.12141581734706196
coll_tilt_y = -0.02651866592776346
ech_G = 31.61456533385907
ech_blaze = -74.99488868751479
ech_gamma = 1.1556424431388295
echelle_z = 0.05700769951543903
d_col_trf = -1588.0163659510774
trf_mirror_tilt_x = 0.007325863869913659
trf_mirror_tilt_y = 0.1554918060527136
d_col_grm = 0.03565732776435223
grism_dec_x = 236.3832163055583
grism_dec_y = 0.00927705439721626
grm_tilt_x = -0.02350733181054821
grm_tilt_y = 2.3257818570743924
grm_G = 222.78406823769967
grm_apex = 17.766507650105705
d_grm_cam  = 21.604689581934398
cam_dec_x = -0.27111217768162327
cam_dec_y = 0.290887047106706
cam_tilt_x = 0.012456068321222003
cam_tilt_y = 0.008780326044759968
d_cam_ff  = -160.0772915979602
ccd_ff_dec_x = -0.023807204309419364
ccd_ff_dec_y = 0.0421146299922089
ccd_ff_tilt_x = 0.03352547387586271
ccd_ff_tilt_y = -0.5909823471154951
ccd_ff_tilt_z = 0.17190811136373332
d_ff_ccd  = -4.815972109363884
ccd_dec_x = 0.5533014183588162
ccd_dec_y = 5.107628130007688
ccd_defocus = 0.2857370726465103
ccd_tilt_x = 0.032613832539662976
ccd_tilt_y = -0.002188167566624123
ccd_tilt_z = 4.6450609777423354e-06
p = 0.0001