slit_dec_x_a = -0.17039920098370945
slit_dec_y_a = -0.19579328701113072
slit_dec_x_b = 0.175
slit_dec_y_b = -2.623951216058167e-96
slit_defocus = 0.005524577152182818
slit_tilt_x = 1.1861176790700465
slit_tilt_y = -8.54009964530733
slit_tilt_z = -8.990822002274673
d_slit_col = 1594.294447203199
coll_tilt_x = 0.08853442621463901
coll_tilt_y = -0.031751796194054396
ech_G = 31.61067082432082
ech_blaze = -74.97710777022337
ech_gamma = 1.140457599392493
echelle_z = 0.07542268979785267
d_col_trf = -1588.0186004667785
trf_mirror_tilt_x = 0.1386554967119183
trf_mirror_tilt_y = 0.0775357838414619
d_col_grm = -0.009542894712380613
grism_dec_x = 236.43431915969248
grism_dec_y = 0.034226727736396255
grm_tilt_x = -0.015875787884228894
grm_tilt_y = 2.3043625702582173
grm_G = 222.8251833045203
grm_apex = 17.815119630441274
d_grm_cam  = 21.608482588918736
cam_dec_x = -0.3020905606518728
cam_dec_y = 0.250334105077497
cam_tilt_x = -0.01827650499356732
cam_tilt_y = -0.015011746348225042
d_cam_ff  = -160.4009643123057
ccd_ff_dec_x = -0.0035371826282017283
ccd_ff_dec_y = 0.00018229995728122176
ccd_ff_tilt_x = 0.14601402167312408
ccd_ff_tilt_y = -0.5720117902267648
ccd_ff_tilt_z = 0.17255995462994433
d_ff_ccd  = -4.811204582380177
ccd_dec_x = 0.6206313771512194
ccd_dec_y = 5.155287253694145
ccd_defocus = 0.31630691569409386
ccd_tilt_x = 0.00779207075578129
ccd_tilt_y = -0.014016094231581544
ccd_tilt_z = 3.2999396430713882e-06
p = 1.57225e-05