slit_dec_x_a = -0.181778666534
slit_dec_y_a = -0.18243150017
slit_dec_x_b = 0.14512077562974193
slit_dec_y_b = -0.05510809031835813
slit_defocus = -0.013798568673378756
slit_tilt_x = 1.0540832772694362
slit_tilt_y = -8.55991613562111
slit_tilt_z = -9.026851843287075
d_slit_col = 1594.2903218036574
coll_tilt_x = 0.12144258825679419
coll_tilt_y = -0.02648872953249584
ech_G = 31.61455911235905
ech_blaze = -74.99489515761668
ech_gamma = 1.1556399907106674
echelle_z = 0.05700210386110139
d_col_trf = -1588.0163638876209
trf_mirror_tilt_x = 0.007307808197247367
trf_mirror_tilt_y = 0.15548761053623703
d_col_grm = 0.035693324461458995
grism_dec_x = 236.38329639191863
grism_dec_y = 0.00934729575358366
grm_tilt_x = -0.023506038971856803
grm_tilt_y = 2.3257913280695295
grm_G = 222.78407207114438
grm_apex = 17.766504949732287
d_grm_cam  = 21.604707687362254
cam_dec_x = -0.2711121645349251
cam_dec_y = 0.2909124252526637
cam_tilt_x = 0.012420517736305916
cam_tilt_y = 0.008847284040641307
d_cam_ff  = -160.07741507093095
ccd_ff_dec_x = -0.023805739420848595
ccd_ff_dec_y = 0.04202755337481769
ccd_ff_tilt_x = 0.03353968362616456
ccd_ff_tilt_y = -0.5909844568540528
ccd_ff_tilt_z = 0.17191841943601774
d_ff_ccd  = -4.816042411316082
ccd_dec_x = 0.5533010461585832
ccd_dec_y = 5.107633480572842
ccd_defocus = 0.28574054042007235
ccd_tilt_x = 0.03264114002041605
ccd_tilt_y = -0.0021512753310341903
ccd_tilt_z = 4.696275447221662e-06
p = 0.0001