slit_dec_x_a = -0.1703978986349645
slit_dec_y_a = -0.19598235459260588
slit_dec_x_b = 0.175
slit_dec_y_b = -1.4946624861593358e-96
slit_defocus = 0.005585390591442844
slit_tilt_x = 1.1861734156094796
slit_tilt_y = -8.540028323726201
slit_tilt_z = -8.99083566613014
d_slit_col = 1594.2944537221563
coll_tilt_x = 0.08883884074280952
coll_tilt_y = -0.03183658705615172
ech_G = 31.610682422382943
ech_blaze = -74.97690188054528
ech_gamma = 1.140400561702714
echelle_z = 0.07481600627512344
d_col_trf = -1588.0185290228596
trf_mirror_tilt_x = 0.1386740556406355
trf_mirror_tilt_y = 0.07752564339172693
d_col_grm = -0.009519348572651276
grism_dec_x = 236.4343262010877
grism_dec_y = 0.034166415056348244
grm_tilt_x = -0.015839958662388246
grm_tilt_y = 2.304350273506244
grm_G = 222.82517424276074
grm_apex = 17.81513455773785
d_grm_cam  = 21.60848631175208
cam_dec_x = -0.30211843114906345
cam_dec_y = 0.2503267471401762
cam_tilt_x = -0.01848496205841643
cam_tilt_y = -0.015052324201875694
d_cam_ff  = -160.40093424722275
ccd_ff_dec_x = -0.0035384347226263954
ccd_ff_dec_y = 0.0002242976401603664
ccd_ff_tilt_x = 0.14603664818737058
ccd_ff_tilt_y = -0.5720607713850275
ccd_ff_tilt_z = 0.17257423801717597
d_ff_ccd  = -4.8112652844861366
ccd_dec_x = 0.6206855858077314
ccd_dec_y = 5.155331976628868
ccd_defocus = 0.3163241987953175
ccd_tilt_x = 0.007705718617171846
ccd_tilt_y = -0.014093053422277188
ccd_tilt_z = 3.149399025713811e-06
p = 1.781181818181818e-05