slit_dec_x_a = -0.181778666534
slit_dec_y_a = -0.18243150017
slit_dec_x_b = 0.14512077562974193
slit_dec_y_b = -0.05510809031835813
slit_defocus = -0.0021984094250313835
slit_tilt_x = 1.1346835970112785
slit_tilt_y = -8.568229219198086
slit_tilt_z = -9.003672287909952
d_slit_col = 1594.3039518693258
coll_tilt_x = 0.08643702083779532
coll_tilt_y = -0.02204489693396999
ech_G = 31.61087406462202
ech_blaze = -74.99554916479768
ech_gamma = 1.1581444149131215
echelle_z = 0.05753674762285263
d_col_trf = -1588.0162657002772
trf_mirror_tilt_x = 0.12254217524574562
trf_mirror_tilt_y = 0.018672121754488482
d_col_grm = 0.015061855914503569
grism_dec_x = 236.3974695402778
grism_dec_y = -0.005040082601692569
grm_tilt_x = -0.024693264406713194
grm_tilt_y = 2.3273368748153747
grm_G = 222.78580305473488
grm_apex = 17.80920921964047
d_grm_cam  = 21.60435848066921
cam_dec_x = -0.28358634246953884
cam_dec_y = 0.28975957865185825
cam_tilt_x = 0.0043419888181021144
cam_tilt_y = -0.027823480325809124
d_cam_ff  = -160.5698076707063
ccd_ff_dec_x = -0.022736958348840482
ccd_ff_dec_y = -0.04779010944165294
ccd_ff_tilt_x = 0.16502060261056908
ccd_ff_tilt_y = -0.5896817482605298
ccd_ff_tilt_z = 0.17173139242760982
d_ff_ccd  = -4.785397397717348
ccd_dec_x = 0.5519373802951425
ccd_dec_y = 5.106145820795829
ccd_defocus = 0.3157450566287638
ccd_tilt_x = 0.021335620866048628
ccd_tilt_y = -0.004225188909830793
ccd_tilt_z = 3.8627451150242435e-07
p = 1.781181818181818e-05