slit_dec_x_a = -0.1704010755187174
slit_dec_y_a = -0.1956586180351446
slit_dec_x_b = 0.175
slit_dec_y_b = -1.8525194465186936e-96
slit_defocus = 0.021333915667636476
slit_tilt_x = 1.1140475671000691
slit_tilt_y = -8.538357824918359
slit_tilt_z = -8.99165554028335
d_slit_col = 1594.3098994461825
coll_tilt_x = 0.11324293541848743
coll_tilt_y = -0.028887744821923852
ech_G = 31.61323241049665
ech_blaze = -74.97482867135854
ech_gamma = 1.138976417285195
echelle_z = 0.07477586071657662
d_col_trf = -1588.0172288889567
trf_mirror_tilt_x = 0.026298069700575563
trf_mirror_tilt_y = 0.16227614046779992
d_col_grm = -0.004779930354853732
grism_dec_x = 236.42331491006408
grism_dec_y = 0.03813707838102576
grm_tilt_x = -0.0140523116412125
grm_tilt_y = 2.3052788960437285
grm_G = 222.82400686730696
grm_apex = 17.79101000100829
d_grm_cam  = 21.609818615087306
cam_dec_x = -0.3096171965811813
cam_dec_y = 0.24725667575510143
cam_tilt_x = -0.011010097017960173
cam_tilt_y = 0.0038006235243634072
d_cam_ff  = -160.05741848442239
ccd_ff_dec_x = -0.002596092665359253
ccd_ff_dec_y = 0.05302029021937575
ccd_ff_tilt_x = 0.01943075789778323
ccd_ff_tilt_y = -0.5728069174451277
ccd_ff_tilt_z = 0.1800559327619652
d_ff_ccd  = -4.838931238318875
ccd_dec_x = 0.6213978590821437
ccd_dec_y = 5.157145915526499
ccd_defocus = 0.2807525550183998
ccd_tilt_x = 0.005051245856786115
ccd_tilt_y = -0.010985995986302746
ccd_tilt_z = 5.083433050347999e-06
p = 0.0001