slit_dec_x_a = -0.181778666534
slit_dec_y_a = -0.18243150017
slit_dec_x_b = 0.14512077562974193
slit_dec_y_b = -0.05510809031835813
slit_defocus = -0.002208666032680079
slit_tilt_x = 1.1346983838719522
slit_tilt_y = -8.568229302226237
slit_tilt_z = -9.0036532059146
d_slit_col = 1594.303913242091
coll_tilt_x = 0.08642463358535508
coll_tilt_y = -0.02207323719896297
ech_G = 31.610877104249376
ech_blaze = -74.9955451197476
ech_gamma = 1.158097684420693
echelle_z = 0.0573855129869667
d_col_trf = -1588.0163926615296
trf_mirror_tilt_x = 0.12252966987867432
trf_mirror_tilt_y = 0.018684195138477425
d_col_grm = 0.015034107550443623
grism_dec_x = 236.39747674230654
grism_dec_y = -0.005022371282141448
grm_tilt_x = -0.02468723787393386
grm_tilt_y = 2.3272946670514036
grm_G = 222.7857683790771
grm_apex = 17.809167587845195
d_grm_cam  = 21.60432940749423
cam_dec_x = -0.28361884026829554
cam_dec_y = 0.2897134460687257
cam_tilt_x = 0.004338867675498321
cam_tilt_y = -0.02780297326730976
d_cam_ff  = -160.56964350068458
ccd_ff_dec_x = -0.022839979471124795
ccd_ff_dec_y = -0.047804711732178665
ccd_ff_tilt_x = 0.16503584108399166
ccd_ff_tilt_y = -0.5897320343475619
ccd_ff_tilt_z = 0.17169225364612783
d_ff_ccd  = -4.785371876779576
ccd_dec_x = 0.5519658039386701
ccd_dec_y = 5.1061916986539515
ccd_defocus = 0.315782228982335
ccd_tilt_x = 0.02138046428949082
ccd_tilt_y = -0.004210338654591199
ccd_tilt_z = 3.6804749636628896e-07
p = 4.775333333333334e-06