slit_dec_x_a = -0.181778666534
slit_dec_y_a = -0.18243150017
slit_dec_x_b = 0.14512077562974193
slit_dec_y_b = -0.05510809031835813
slit_defocus = -0.0022057856974690856
slit_tilt_x = 1.1346900645789575
slit_tilt_y = -8.568231008547642
slit_tilt_z = -9.003679323673065
d_slit_col = 1594.3039342022
coll_tilt_x = 0.08644082307635942
coll_tilt_y = -0.0220508165761145
ech_G = 31.610888587777943
ech_blaze = -74.99558735739015
ech_gamma = 1.158103358627898
echelle_z = 0.05754490381286396
d_col_trf = -1588.0162224117198
trf_mirror_tilt_x = 0.12252514504042392
trf_mirror_tilt_y = 0.01868028532533471
d_col_grm = 0.015065881350749053
grism_dec_x = 236.39747855080722
grism_dec_y = -0.005032522787053253
grm_tilt_x = -0.024791198149213142
grm_tilt_y = 2.327222836154879
grm_G = 222.78582886154587
grm_apex = 17.809197370258165
d_grm_cam  = 21.60435281683055
cam_dec_x = -0.2835854625766361
cam_dec_y = 0.2897415973130802
cam_tilt_x = 0.004342858592941449
cam_tilt_y = -0.027808961882924386
d_cam_ff  = -160.56972005181524
ccd_ff_dec_x = -0.02265022974224879
ccd_ff_dec_y = -0.04778301355683384
ccd_ff_tilt_x = 0.16503496518134889
ccd_ff_tilt_y = -0.589683566364362
ccd_ff_tilt_z = 0.17168317802203972
d_ff_ccd  = -4.785397787139047
ccd_dec_x = 0.5519679610203414
ccd_dec_y = 5.106091752851696
ccd_defocus = 0.3157553757129092
ccd_tilt_x = 0.02136335776279141
ccd_tilt_y = -0.004210514506774015
ccd_tilt_z = 3.873042827817729e-07
p = 2.3305833333333333e-05