slit_dec_x_a = -0.1704010755187174
slit_dec_y_a = -0.1956586180351446
slit_dec_x_b = 0.175
slit_dec_y_b = -1.8076622559301294e-96
slit_defocus = 0.0213835871978146
slit_tilt_x = 1.11403159924386
slit_tilt_y = -8.538408990619887
slit_tilt_z = -8.991669533227315
d_slit_col = 1594.3099171757128
coll_tilt_x = 0.11320270097585049
coll_tilt_y = -0.028897444224783055
ech_G = 31.61323312558264
ech_blaze = -74.97482862940969
ech_gamma = 1.1389822165809553
echelle_z = 0.07476765448082207
d_col_trf = -1588.0172339743888
trf_mirror_tilt_x = 0.02637736222368129
trf_mirror_tilt_y = 0.1621854255901964
d_col_grm = -0.0048507105678970396
grism_dec_x = 236.42334217751173
grism_dec_y = 0.03824582943194016
grm_tilt_x = -0.01405800337034337
grm_tilt_y = 2.3052772165701816
grm_G = 222.82401069324868
grm_apex = 17.791033201531842
d_grm_cam  = 21.609810889598382
cam_dec_x = -0.30950039892558867
cam_dec_y = 0.24726433536409925
cam_tilt_x = -0.01105534201316563
cam_tilt_y = 0.0038218074942069696
d_cam_ff  = -160.05759979509386
ccd_ff_dec_x = -0.002600613848033828
ccd_ff_dec_y = 0.053089642159430066
ccd_ff_tilt_x = 0.019550410643046356
ccd_ff_tilt_y = -0.5727968011733396
ccd_ff_tilt_z = 0.18004588987945644
d_ff_ccd  = -4.838973260004207
ccd_dec_x = 0.6214070994281615
ccd_dec_y = 5.1571552482283565
ccd_defocus = 0.28070655743999984
ccd_tilt_x = 0.005031731708594789
ccd_tilt_y = -0.010893109246442299
ccd_tilt_z = 5.06456093266436e-06
p = 0.0001