slit_dec_x_a = -0.17042430419407362
slit_dec_y_a = -0.1960283508138891
slit_dec_x_b = 0.175
slit_dec_y_b = -2.1960204116961837e-96
slit_defocus = 0.0055532024766583215
slit_tilt_x = 1.1861235583837615
slit_tilt_y = -8.539998225593921
slit_tilt_z = -8.990847024227184
d_slit_col = 1594.2944614257729
coll_tilt_x = 0.08881503553496108
coll_tilt_y = -0.03173220848194598
ech_G = 31.61068125777659
ech_blaze = -74.97682814166542
ech_gamma = 1.1405124874349155
echelle_z = 0.0748555874817977
d_col_trf = -1588.0185783417064
trf_mirror_tilt_x = 0.13865583322666855
trf_mirror_tilt_y = 0.07759094969754038
d_col_grm = -0.009542394445780917
grism_dec_x = 236.43431644842667
grism_dec_y = 0.03420230925661536
grm_tilt_x = -0.015735786275140638
grm_tilt_y = 2.304371957514179
grm_G = 222.82518288440843
grm_apex = 17.815109835773104
d_grm_cam  = 21.608479193365824
cam_dec_x = -0.30217090966442434
cam_dec_y = 0.25036059102996916
cam_tilt_x = -0.018610067025073375
cam_tilt_y = -0.01504932556146022
d_cam_ff  = -160.4009470430835
ccd_ff_dec_x = -0.0035171844376371123
ccd_ff_dec_y = 0.00017847390996320587
ccd_ff_tilt_x = 0.14603483694983
ccd_ff_tilt_y = -0.5720795580352135
ccd_ff_tilt_z = 0.17260494279225772
d_ff_ccd  = -4.811255231261304
ccd_dec_x = 0.6206862430305358
ccd_dec_y = 5.155288335358311
ccd_defocus = 0.3163076749009833
ccd_tilt_x = 0.007736269085167714
ccd_tilt_y = -0.014035467191227516
ccd_tilt_z = 3.148859011690265e-06
p = 7.847333333333334e-06