slit_dec_x_a = -0.181778666534
slit_dec_y_a = -0.18243150017
slit_dec_x_b = 0.14512077562974193
slit_dec_y_b = -0.05510809031835813
slit_defocus = -0.013757270364008355
slit_tilt_x = 1.0540460502113287
slit_tilt_y = -8.560010878209022
slit_tilt_z = -9.026874924822454
d_slit_col = 1594.2903606804957
coll_tilt_x = 0.12149992486081035
coll_tilt_y = -0.026458373326313338
ech_G = 31.61456556244908
ech_blaze = -74.99488964424866
ech_gamma = 1.1556418863845956
echelle_z = 0.05700489919091076
d_col_trf = -1588.0163671047094
trf_mirror_tilt_x = 0.007314152455527145
trf_mirror_tilt_y = 0.15543131181129585
d_col_grm = 0.03566798802102879
grism_dec_x = 236.38326146541732
grism_dec_y = 0.009286369424790053
grm_tilt_x = -0.02350432983685747
grm_tilt_y = 2.3257858581868645
grm_G = 222.7840667255723
grm_apex = 17.766563518684674
d_grm_cam  = 21.60469621146602
cam_dec_x = -0.27110539361276165
cam_dec_y = 0.29091007637860833
cam_tilt_x = 0.012459655130335992
cam_tilt_y = 0.008825890048066162
d_cam_ff  = -160.0772481717766
ccd_ff_dec_x = -0.023801652771203156
ccd_ff_dec_y = 0.0421272862932369
ccd_ff_tilt_x = 0.03346294180871916
ccd_ff_tilt_y = -0.590988466012559
ccd_ff_tilt_z = 0.1719184583485389
d_ff_ccd  = -4.81605104498183
ccd_dec_x = 0.5533020158480569
ccd_dec_y = 5.107633518904758
ccd_defocus = 0.2857733880611802
ccd_tilt_x = 0.03260659800234514
ccd_tilt_y = -0.00213387186205416
ccd_tilt_z = 4.674486232759947e-06
p = 0.0001