slit_dec_x_a = -0.181778666534
slit_dec_y_a = -0.18243150017
slit_dec_x_b = 0.14512077562974193
slit_dec_y_b = -0.05510809031835813
slit_defocus = -0.00222162165064663
slit_tilt_x = 1.1346658864722434
slit_tilt_y = -8.568242661626025
slit_tilt_z = -9.003631863619445
d_slit_col = 1594.3039568595843
coll_tilt_x = 0.0864819345227331
coll_tilt_y = -0.021997684009941343
ech_G = 31.61089332871563
ech_blaze = -74.99550540966464
ech_gamma = 1.1581580630930928
echelle_z = 0.057602269057151954
d_col_trf = -1588.0161973122827
trf_mirror_tilt_x = 0.12254381750420593
trf_mirror_tilt_y = 0.01863720347502462
d_col_grm = 0.015089697382861969
grism_dec_x = 236.39743182391027
grism_dec_y = -0.005025774164098818
grm_tilt_x = -0.024900680212274557
grm_tilt_y = 2.3272798717305294
grm_G = 222.785652056762
grm_apex = 17.809220014328385
d_grm_cam  = 21.604525056571507
cam_dec_x = -0.28355051138135495
cam_dec_y = 0.28971651394993697
cam_tilt_x = 0.00431537503825752
cam_tilt_y = -0.027813765967140996
d_cam_ff  = -160.56990288252848
ccd_ff_dec_x = -0.022764665673294257
ccd_ff_dec_y = -0.04779923561486473
ccd_ff_tilt_x = 0.165029666127265
ccd_ff_tilt_y = -0.5896065952001265
ccd_ff_tilt_z = 0.17172305311130495
d_ff_ccd  = -4.785412737242123
ccd_dec_x = 0.5517688830289699
ccd_dec_y = 5.10613688346284
ccd_defocus = 0.31573622726714845
ccd_tilt_x = 0.021337038474992118
ccd_tilt_y = -0.004203858751259744
ccd_tilt_z = 3.4463215361259287e-07
p = 1.04525e-05