slit_dec_x_a = -0.1704010755187174
slit_dec_y_a = -0.1956586180351446
slit_dec_x_b = 0.175
slit_dec_y_b = -1.782036518234977e-96
slit_defocus = 0.02140268657565316
slit_tilt_x = 1.1139752543147081
slit_tilt_y = -8.53846202975459
slit_tilt_z = -8.99167839076557
d_slit_col = 1594.3098864087408
coll_tilt_x = 0.11318432200517016
coll_tilt_y = -0.028841670097546037
ech_G = 31.613224460397603
ech_blaze = -74.97483669013442
ech_gamma = 1.1389824631082361
echelle_z = 0.07476426672009805
d_col_trf = -1588.017226165575
trf_mirror_tilt_x = 0.02627377358290037
trf_mirror_tilt_y = 0.16222496912539325
d_col_grm = -0.004822778626071787
grism_dec_x = 236.42330498662153
grism_dec_y = 0.038164552590907334
grm_tilt_x = -0.014058607037465008
grm_tilt_y = 2.3052787421277032
grm_G = 222.82399992358134
grm_apex = 17.79098764079175
d_grm_cam  = 21.609818295430365
cam_dec_x = -0.30954264500805145
cam_dec_y = 0.24723023858627102
cam_tilt_x = -0.011058882365435114
cam_tilt_y = 0.0037714729011084965
d_cam_ff  = -160.05759729311643
ccd_ff_dec_x = -0.0026052624468631052
ccd_ff_dec_y = 0.05297041089134852
ccd_ff_tilt_x = 0.019538121557249537
ccd_ff_tilt_y = -0.5728036832464392
ccd_ff_tilt_z = 0.18004651730909307
d_ff_ccd  = -4.83896503428419
ccd_dec_x = 0.6214047319260487
ccd_dec_y = 5.1571479850552056
ccd_defocus = 0.2807116265702167
ccd_tilt_x = 0.00510242380922221
ccd_tilt_y = -0.010880717904510551
ccd_tilt_z = 5.086135706914489e-06
p = 0.0001