slit_dec_x_a = -0.17038793371711233
slit_dec_y_a = -0.19572046182355596
slit_dec_x_b = 0.175
slit_dec_y_b = -1.5477245211745556e-96
slit_defocus = 0.0055707505049852925
slit_tilt_x = 1.1861122594775886
slit_tilt_y = -8.53999774703848
slit_tilt_z = -8.990845004336451
d_slit_col = 1594.2945050963203
coll_tilt_x = 0.08877343973325284
coll_tilt_y = -0.031946727180265345
ech_G = 31.61067483940018
ech_blaze = -74.97688829759178
ech_gamma = 1.1402653564110186
echelle_z = 0.07471511079582928
d_col_trf = -1588.0185282894283
trf_mirror_tilt_x = 0.1387118405494184
trf_mirror_tilt_y = 0.07751107121340338
d_col_grm = -0.009502520251201683
grism_dec_x = 236.43434074977577
grism_dec_y = 0.03416713234859281
grm_tilt_x = -0.015748443010116887
grm_tilt_y = 2.304371129413969
grm_G = 222.8251763108741
grm_apex = 17.815115030230267
d_grm_cam  = 21.608484169133806
cam_dec_x = -0.30210372599838664
cam_dec_y = 0.2503226238822603
cam_tilt_x = -0.01869579695923715
cam_tilt_y = -0.015111729571649583
d_cam_ff  = -160.4009569708412
ccd_ff_dec_x = -0.0035061040284626584
ccd_ff_dec_y = 0.00025932206944289564
ccd_ff_tilt_x = 0.14604761312497022
ccd_ff_tilt_y = -0.5720890124519815
ccd_ff_tilt_z = 0.1725842801704967
d_ff_ccd  = -4.811323604861529
ccd_dec_x = 0.6206691740264219
ccd_dec_y = 5.155268050305994
ccd_defocus = 0.3162641253690045
ccd_tilt_x = 0.0077576309164892766
ccd_tilt_y = -0.014107971673351092
ccd_tilt_z = 3.0989091134006203e-06
p = 2.9433333333333332e-06