slit_dec_x_a = -0.181778666534
slit_dec_y_a = -0.18243150017
slit_dec_x_b = 0.14512077562974193
slit_dec_y_b = -0.05510809031835813
slit_defocus = -0.002181693454157517
slit_tilt_x = 1.1346531789637306
slit_tilt_y = -8.568227742059102
slit_tilt_z = -9.003640855214263
d_slit_col = 1594.303944073405
coll_tilt_x = 0.08646033215426353
coll_tilt_y = -0.022010026238835485
ech_G = 31.610926723912527
ech_blaze = -74.99566718033181
ech_gamma = 1.157998347305843
echelle_z = 0.05758148472000856
d_col_trf = -1588.0161506917257
trf_mirror_tilt_x = 0.1225099342122718
trf_mirror_tilt_y = 0.01863544604128226
d_col_grm = 0.015113686673287993
grism_dec_x = 236.39742488115303
grism_dec_y = -0.00502262540407693
grm_tilt_x = -0.025069272588010238
grm_tilt_y = 2.3269383899894445
grm_G = 222.7858292428034
grm_apex = 17.809185079453346
d_grm_cam  = 21.604675223766286
cam_dec_x = -0.2836029325854244
cam_dec_y = 0.28966860177262427
cam_tilt_x = 0.00425907411512211
cam_tilt_y = -0.027771881054655084
d_cam_ff  = -160.56964984419494
ccd_ff_dec_x = -0.022813874175743255
ccd_ff_dec_y = -0.04776338637812968
ccd_ff_tilt_x = 0.16504418630974207
ccd_ff_tilt_y = -0.5895353964155825
ccd_ff_tilt_z = 0.1716961709403341
d_ff_ccd  = -4.78545423514972
ccd_dec_x = 0.5519010080555116
ccd_dec_y = 5.106091375541569
ccd_defocus = 0.3157897808884308
ccd_tilt_x = 0.02130085179550738
ccd_tilt_y = -0.0042069040498519256
ccd_tilt_z = 3.882001324392915e-07
p = 2.9433333333333332e-06