slit_dec_x_a = -0.17040192927814968
slit_dec_y_a = -0.19599836896000478
slit_dec_x_b = 0.175
slit_dec_y_b = -1.5877583238009814e-96
slit_defocus = 0.005554287035075875
slit_tilt_x = 1.186144740520367
slit_tilt_y = -8.540016661551542
slit_tilt_z = -8.99083295157012
d_slit_col = 1594.2944600662265
coll_tilt_x = 0.08874307810510805
coll_tilt_y = -0.031821944629254396
ech_G = 31.61066989475014
ech_blaze = -74.97679472242856
ech_gamma = 1.140416172511152
echelle_z = 0.0747795440133279
d_col_trf = -1588.0185255262516
trf_mirror_tilt_x = 0.13867067017351606
trf_mirror_tilt_y = 0.07758044565403166
d_col_grm = -0.009562838684860443
grism_dec_x = 236.4343270319595
grism_dec_y = 0.03418191803442837
grm_tilt_x = -0.015763994634903387
grm_tilt_y = 2.304361206008547
grm_G = 222.8251856302241
grm_apex = 17.81513427869569
d_grm_cam  = 21.608451014916763
cam_dec_x = -0.30213783049178433
cam_dec_y = 0.2503203476675813
cam_tilt_x = -0.018631554994354933
cam_tilt_y = -0.015049341786715596
d_cam_ff  = -160.4009251431809
ccd_ff_dec_x = -0.0034892421162529825
ccd_ff_dec_y = 0.00018720719209226584
ccd_ff_tilt_x = 0.1460390848215652
ccd_ff_tilt_y = -0.5720385643260983
ccd_ff_tilt_z = 0.17258029760268784
d_ff_ccd  = -4.811273033139498
ccd_dec_x = 0.6207086757339888
ccd_dec_y = 5.155320640310887
ccd_defocus = 0.3163120600165101
ccd_tilt_x = 0.007729484029086681
ccd_tilt_y = -0.014078649606416319
ccd_tilt_z = 3.156237737761938e-06
p = 2.6319090909090906e-07