slit_dec_x_a = -0.181778666534
slit_dec_y_a = -0.18243150017
slit_dec_x_b = 0.14512077562974193
slit_dec_y_b = -0.05510809031835813
slit_defocus = -0.002219396805987252
slit_tilt_x = 1.1346961787354575
slit_tilt_y = -8.56822817349413
slit_tilt_z = -9.00367650691473
d_slit_col = 1594.303915037696
coll_tilt_x = 0.08641137043662339
coll_tilt_y = -0.022054411383271896
ech_G = 31.610886014203338
ech_blaze = -74.99553937009907
ech_gamma = 1.1580709024240685
echelle_z = 0.057520867805214065
d_col_trf = -1588.0162885870725
trf_mirror_tilt_x = 0.12253018479700642
trf_mirror_tilt_y = 0.018670275914681535
d_col_grm = 0.01505583039820997
grism_dec_x = 236.3974584267141
grism_dec_y = -0.005014389994988748
grm_tilt_x = -0.02478360071555331
grm_tilt_y = 2.327254847222759
grm_G = 222.78575035075204
grm_apex = 17.80917896149013
d_grm_cam  = 21.604308991282874
cam_dec_x = -0.2835865188526643
cam_dec_y = 0.2897217735319901
cam_tilt_x = 0.004348400282972118
cam_tilt_y = -0.027820176165545097
d_cam_ff  = -160.5696313850054
ccd_ff_dec_x = -0.02268233847882994
ccd_ff_dec_y = -0.04778556245872826
ccd_ff_tilt_x = 0.1650433457727675
ccd_ff_tilt_y = -0.5897746670355999
ccd_ff_tilt_z = 0.17174650171045092
d_ff_ccd  = -4.785383923595369
ccd_dec_x = 0.5520468582918725
ccd_dec_y = 5.106090165776396
ccd_defocus = 0.315760339259681
ccd_tilt_x = 0.021361334545578155
ccd_tilt_y = -0.004212346501987722
ccd_tilt_z = 3.72395633769216e-07
p = 2.6319090909090906e-07