slit_dec_x_a = -0.1704010755187174
slit_dec_y_a = -0.1956586180351446
slit_dec_x_b = 0.175
slit_dec_y_b = -1.849004262854915e-96
slit_defocus = 0.021354457014017652
slit_tilt_x = 1.1140344427454438
slit_tilt_y = -8.538440144272927
slit_tilt_z = -8.991623487054355
d_slit_col = 1594.3099585788773
coll_tilt_x = 0.11321220938665941
coll_tilt_y = -0.028901835002787448
ech_G = 31.613232615962897
ech_blaze = -74.97483049965236
ech_gamma = 1.138969904317659
echelle_z = 0.07476751131190443
d_col_trf = -1588.01723240749
trf_mirror_tilt_x = 0.026368479595379912
trf_mirror_tilt_y = 0.1621650669079487
d_col_grm = -0.004899107147079733
grism_dec_x = 236.42333567110603
grism_dec_y = 0.038167610713329886
grm_tilt_x = -0.014053426495950436
grm_tilt_y = 2.305280613105614
grm_G = 222.82399759265792
grm_apex = 17.79102575837751
d_grm_cam  = 21.609819170520115
cam_dec_x = -0.3095464497185835
cam_dec_y = 0.24730061131142042
cam_tilt_x = -0.011045096545968443
cam_tilt_y = 0.0037065187342731525
d_cam_ff  = -160.0577845530221
ccd_ff_dec_x = -0.002606739180622541
ccd_ff_dec_y = 0.052997575273309866
ccd_ff_tilt_x = 0.01945491159945763
ccd_ff_tilt_y = -0.5727981545123155
ccd_ff_tilt_z = 0.18004553984992736
d_ff_ccd  = -4.838886154535063
ccd_dec_x = 0.621405021208271
ccd_dec_y = 5.157152717674249
ccd_defocus = 0.2807749482640877
ccd_tilt_x = 0.004974838851470032
ccd_tilt_y = -0.010925681141982476
ccd_tilt_z = 5.032231301031874e-06
p = 0.0001