slit_dec_x_a = -0.181778666534
slit_dec_y_a = -0.18243150017
slit_dec_x_b = 0.14512077562974193
slit_dec_y_b = -0.05510809031835813
slit_defocus = -0.0021967242805143563
slit_tilt_x = 1.134699504692765
slit_tilt_y = -8.568303012154026
slit_tilt_z = -9.003606195499602
d_slit_col = 1594.3039052135337
coll_tilt_x = 0.08644704276317176
coll_tilt_y = -0.022039469167080026
ech_G = 31.610903972692114
ech_blaze = -74.99560818343878
ech_gamma = 1.1582147879760265
echelle_z = 0.057051259455606795
d_col_trf = -1588.0162289221573
trf_mirror_tilt_x = 0.12249057110090668
trf_mirror_tilt_y = 0.018696646823080955
d_col_grm = 0.014986567927586755
grism_dec_x = 236.39747991836435
grism_dec_y = -0.005065339949210746
grm_tilt_x = -0.024809470127966145
grm_tilt_y = 2.3274383491237245
grm_G = 222.78578417325613
grm_apex = 17.809161274911908
d_grm_cam  = 21.604509332269725
cam_dec_x = -0.28363561447908314
cam_dec_y = 0.2897459438099799
cam_tilt_x = 0.004334439741290276
cam_tilt_y = -0.027807109029245353
d_cam_ff  = -160.56952697452797
ccd_ff_dec_x = -0.022978171110063974
ccd_ff_dec_y = -0.04780458767361581
ccd_ff_tilt_x = 0.16502943983312218
ccd_ff_tilt_y = -0.5895394509599916
ccd_ff_tilt_z = 0.17176289282016313
d_ff_ccd  = -4.785376810474026
ccd_dec_x = 0.5519278505841174
ccd_dec_y = 5.106603219308458
ccd_defocus = 0.3158355788936527
ccd_tilt_x = 0.021424327613152747
ccd_tilt_y = -0.004240594282690651
ccd_tilt_z = 3.136231908142882e-07
p = 6.711454545454545e-06