slit_dec_x_a = -0.17046558576954357
slit_dec_y_a = -0.1960479847637144
slit_dec_x_b = 0.175
slit_dec_y_b = -2.1822891946881627e-96
slit_defocus = 0.005529940595380938
slit_tilt_x = 1.1861258538668944
slit_tilt_y = -8.540045489181335
slit_tilt_z = -8.99085978193115
d_slit_col = 1594.2944524069783
coll_tilt_x = 0.08870990644567885
coll_tilt_y = -0.03176204479338002
ech_G = 31.61067888247985
ech_blaze = -74.97715566276773
ech_gamma = 1.140540108767034
echelle_z = 0.0749611974809601
d_col_trf = -1588.0185580918285
trf_mirror_tilt_x = 0.1387152062666565
trf_mirror_tilt_y = 0.07758253369685676
d_col_grm = -0.009518745343916607
grism_dec_x = 236.43430232664738
grism_dec_y = 0.03422409637058043
grm_tilt_x = -0.01580516214653873
grm_tilt_y = 2.3043602045609974
grm_G = 222.82520404545943
grm_apex = 17.815097414207926
d_grm_cam  = 21.608484801037932
cam_dec_x = -0.302099583792407
cam_dec_y = 0.25038384848610046
cam_tilt_x = -0.018095205247631155
cam_tilt_y = -0.015007782562420677
d_cam_ff  = -160.40096183361103
ccd_ff_dec_x = -0.0035452519290249634
ccd_ff_dec_y = 0.0001453084756378116
ccd_ff_tilt_x = 0.14599841902324015
ccd_ff_tilt_y = -0.5720590185345688
ccd_ff_tilt_z = 0.17257039640293276
d_ff_ccd  = -4.8112328279290155
ccd_dec_x = 0.620644786279605
ccd_dec_y = 5.155268010539101
ccd_defocus = 0.3163217454898454
ccd_tilt_x = 0.007760276076594987
ccd_tilt_y = -0.014018536143627058
ccd_tilt_z = 3.2424825846945744e-06
p = 6.711454545454545e-06