slit_dec_x_a = -0.1704010755187174
slit_dec_y_a = -0.1956586180351446
slit_dec_x_b = 0.175
slit_dec_y_b = -1.8697357195440022e-96
slit_defocus = 0.021320596782668
slit_tilt_x = 1.1139989335296117
slit_tilt_y = -8.538444869659465
slit_tilt_z = -8.991614644076407
d_slit_col = 1594.309945483323
coll_tilt_x = 0.11321292333132224
coll_tilt_y = -0.02887901929931115
ech_G = 31.61322691697387
ech_blaze = -74.97483477431261
ech_gamma = 1.1389787725685108
echelle_z = 0.07477341520793959
d_col_trf = -1588.0172315836664
trf_mirror_tilt_x = 0.026248030302965873
trf_mirror_tilt_y = 0.1621430279825403
d_col_grm = -0.00480987638444668
grism_dec_x = 236.42335157367185
grism_dec_y = 0.038205376174368345
grm_tilt_x = -0.014055181717656202
grm_tilt_y = 2.3052784242663638
grm_G = 222.82399919054873
grm_apex = 17.790995921583914
d_grm_cam  = 21.609816214057062
cam_dec_x = -0.30956775536066417
cam_dec_y = 0.24721887596964928
cam_tilt_x = -0.011064782445528701
cam_tilt_y = 0.0038517428672201304
d_cam_ff  = -160.0575192894899
ccd_ff_dec_x = -0.0026007159976035024
ccd_ff_dec_y = 0.053048766625455664
ccd_ff_tilt_x = 0.019536313888980014
ccd_ff_tilt_y = -0.5728046503022812
ccd_ff_tilt_z = 0.1800475952436548
d_ff_ccd  = -4.838897245739326
ccd_dec_x = 0.6214073896563894
ccd_dec_y = 5.157142688903926
ccd_defocus = 0.28075553233002337
ccd_tilt_x = 0.004995331129839787
ccd_tilt_y = -0.010962381100006417
ccd_tilt_z = 5.067233553160887e-06
p = 0.0001