slit_dec_x_a = -0.17039308515653234
slit_dec_y_a = -0.1959303572762155
slit_dec_x_b = 0.175
slit_dec_y_b = -1.5058340879839646e-96
slit_defocus = 0.005587512571824973
slit_tilt_x = 1.1861798746662369
slit_tilt_y = -8.540030248920047
slit_tilt_z = -8.990845009590721
d_slit_col = 1594.294451036842
coll_tilt_x = 0.08878341338802664
coll_tilt_y = -0.03186341025320462
ech_G = 31.610671872556498
ech_blaze = -74.9768949237072
ech_gamma = 1.1403726492717154
echelle_z = 0.07479818122896521
d_col_trf = -1588.018528720164
trf_mirror_tilt_x = 0.13867382339926315
trf_mirror_tilt_y = 0.07753017883526597
d_col_grm = -0.009523722348502992
grism_dec_x = 236.43432847804843
grism_dec_y = 0.03416315531510712
grm_tilt_x = -0.015853487859621925
grm_tilt_y = 2.3043484125597278
grm_G = 222.82517703970098
grm_apex = 17.815131536309323
d_grm_cam  = 21.608483983155615
cam_dec_x = -0.3021185235918602
cam_dec_y = 0.2503257625499763
cam_tilt_x = -0.0184613451651352
cam_tilt_y = -0.015048556417755427
d_cam_ff  = -160.40093580742612
ccd_ff_dec_x = -0.0035376851252125643
ccd_ff_dec_y = 0.00022667967580968916
ccd_ff_tilt_x = 0.1460378144903482
ccd_ff_tilt_y = -0.5720675006656742
ccd_ff_tilt_z = 0.17257196421898063
d_ff_ccd  = -4.811263909615185
ccd_dec_x = 0.6206882491355432
ccd_dec_y = 5.15532606845207
ccd_defocus = 0.31632441961458446
ccd_tilt_x = 0.007702923394896583
ccd_tilt_y = -0.014103140449049494
ccd_tilt_z = 3.133429634555768e-06
p = 1.939166666666667e-05