slit_dec_x_a = -0.1704010755187174
slit_dec_y_a = -0.1956586180351446
slit_dec_x_b = 0.175
slit_dec_y_b = -1.798777644373824e-96
slit_defocus = 0.0213502280751289
slit_tilt_x = 1.1139482290861278
slit_tilt_y = -8.538483326740938
slit_tilt_z = -8.991629609218984
d_slit_col = 1594.3099478751715
coll_tilt_x = 0.11318149594513846
coll_tilt_y = -0.028867186608872036
ech_G = 31.613234410275624
ech_blaze = -74.97482586161875
ech_gamma = 1.1389757517248253
echelle_z = 0.07477382119935282
d_col_trf = -1588.0172308784406
trf_mirror_tilt_x = 0.026269824674705695
trf_mirror_tilt_y = 0.16221432351855575
d_col_grm = -0.004911083090204883
grism_dec_x = 236.42327395275885
grism_dec_y = 0.038159259467197885
grm_tilt_x = -0.014052933833247256
grm_tilt_y = 2.3052748757499155
grm_G = 222.82400327147718
grm_apex = 17.791025339496333
d_grm_cam  = 21.60982003775137
cam_dec_x = -0.30948431936535176
cam_dec_y = 0.2472972816076579
cam_tilt_x = -0.011082913580408527
cam_tilt_y = 0.003789740026444874
d_cam_ff  = -160.0575085945931
ccd_ff_dec_x = -0.002597948768869447
ccd_ff_dec_y = 0.05300773925357658
ccd_ff_tilt_x = 0.019504534298735648
ccd_ff_tilt_y = -0.572805955662604
ccd_ff_tilt_z = 0.1800510605431288
d_ff_ccd  = -4.838935492235713
ccd_dec_x = 0.6214014396415587
ccd_dec_y = 5.157156502622231
ccd_defocus = 0.2807407994378123
ccd_tilt_x = 0.00509711009012226
ccd_tilt_y = -0.010901000783973975
ccd_tilt_z = 5.120552973518988e-06
p = 0.0001