slit_dec_x_a = -0.17037716499336625
slit_dec_y_a = -0.19576390686237866
slit_dec_x_b = 0.175
slit_dec_y_b = -2.4920864173645082e-96
slit_defocus = 0.005534037550729744
slit_tilt_x = 1.186123846341917
slit_tilt_y = -8.5401233049972
slit_tilt_z = -8.990812867419566
d_slit_col = 1594.2944773775998
coll_tilt_x = 0.08861848547782895
coll_tilt_y = -0.03177028793834263
ech_G = 31.61069112820925
ech_blaze = -74.97720643749015
ech_gamma = 1.1405132180950792
echelle_z = 0.07540686942744235
d_col_trf = -1588.0186165890486
trf_mirror_tilt_x = 0.13866385502147105
trf_mirror_tilt_y = 0.07754712746652437
d_col_grm = -0.009539635246057292
grism_dec_x = 236.43436796889407
grism_dec_y = 0.03424692640916647
grm_tilt_x = -0.015786285456530436
grm_tilt_y = 2.304361364711203
grm_G = 222.825202792753
grm_apex = 17.815117616063464
d_grm_cam  = 21.608470649027726
cam_dec_x = -0.30213574120535663
cam_dec_y = 0.25032498158664673
cam_tilt_x = -0.018383822554297286
cam_tilt_y = -0.015027404472022056
d_cam_ff  = -160.40099485219127
ccd_ff_dec_x = -0.003543316402238674
ccd_ff_dec_y = 0.00016385509704018217
ccd_ff_tilt_x = 0.14602027090294908
ccd_ff_tilt_y = -0.5720301492948451
ccd_ff_tilt_z = 0.1725182580734555
d_ff_ccd  = -4.811237753374048
ccd_dec_x = 0.6206431344204324
ccd_dec_y = 5.155266547527175
ccd_defocus = 0.3163361212611953
ccd_tilt_x = 0.007801888015022159
ccd_tilt_y = -0.014015253536612468
ccd_tilt_z = 3.363344505925307e-06
p = 3.080454545454545e-06