slit_dec_x_a = -0.181778666534
slit_dec_y_a = -0.18243150017
slit_dec_x_b = 0.14512077562974193
slit_dec_y_b = -0.05510809031835813
slit_defocus = -0.0022322885982069152
slit_tilt_x = 1.1347050307423672
slit_tilt_y = -8.568367072442271
slit_tilt_z = -9.003596806130291
d_slit_col = 1594.3039503744205
coll_tilt_x = 0.08649633410113212
coll_tilt_y = -0.02203577632886012
ech_G = 31.610935123425783
ech_blaze = -74.99580500029234
ech_gamma = 1.158244210940034
echelle_z = 0.05653223258068075
d_col_trf = -1588.0163404822727
trf_mirror_tilt_x = 0.12245466507812586
trf_mirror_tilt_y = 0.018704430811342838
d_col_grm = 0.01494870204591003
grism_dec_x = 236.39749393423384
grism_dec_y = -0.005066574729324885
grm_tilt_x = -0.024752696629092345
grm_tilt_y = 2.327346662631196
grm_G = 222.78593367401794
grm_apex = 17.809059517511827
d_grm_cam  = 21.604848871411317
cam_dec_x = -0.28362729889845234
cam_dec_y = 0.2897569381398065
cam_tilt_x = 0.004355400903136341
cam_tilt_y = -0.02777372097395015
d_cam_ff  = -160.56967639503094
ccd_ff_dec_x = -0.022742174643045822
ccd_ff_dec_y = -0.04778188636581625
ccd_ff_tilt_x = 0.1650269977783013
ccd_ff_tilt_y = -0.589357409887284
ccd_ff_tilt_z = 0.17186546976758485
d_ff_ccd  = -4.7854384131866565
ccd_dec_x = 0.5518387009455212
ccd_dec_y = 5.106304459363373
ccd_defocus = 0.31586089424074254
ccd_tilt_x = 0.021371138432972454
ccd_tilt_y = -0.004189964003808435
ccd_tilt_z = 1.411553473254712e-07
p = 3.080454545454545e-06