slit_dec_x_a = -0.181778666534
slit_dec_y_a = -0.18243150017
slit_dec_x_b = 0.14512077562974193
slit_dec_y_b = -0.05510809031835813
slit_defocus = -0.013810466139567027
slit_tilt_x = 1.0540761607371567
slit_tilt_y = -8.559930268567124
slit_tilt_z = -9.026908011974854
d_slit_col = 1594.2902838657076
coll_tilt_x = 0.12141435631886327
coll_tilt_y = -0.026476643797173627
ech_G = 31.614566086117037
ech_blaze = -74.99489268501637
ech_gamma = 1.1556475588763073
echelle_z = 0.05700366242955612
d_col_trf = -1588.016361828249
trf_mirror_tilt_x = 0.007246822475307207
trf_mirror_tilt_y = 0.15549239882923255
d_col_grm = 0.035659568266989496
grism_dec_x = 236.38326628099466
grism_dec_y = 0.009259501907312727
grm_tilt_x = -0.023509891010348654
grm_tilt_y = 2.325794668042234
grm_G = 222.78406942056773
grm_apex = 17.766536665921503
d_grm_cam  = 21.604698638993245
cam_dec_x = -0.2711147512676099
cam_dec_y = 0.29091349503474284
cam_tilt_x = 0.012431551766246789
cam_tilt_y = 0.008824692809430596
d_cam_ff  = -160.0774921901954
ccd_ff_dec_x = -0.023801378126536033
ccd_ff_dec_y = 0.04207548179873348
ccd_ff_tilt_x = 0.03352871357131556
ccd_ff_tilt_y = -0.5909873178641192
ccd_ff_tilt_z = 0.1719187200518342
d_ff_ccd  = -4.815930032365357
ccd_dec_x = 0.5532991980797106
ccd_dec_y = 5.1076256480445394
ccd_defocus = 0.28575416047044955
ccd_tilt_x = 0.032603774537102684
ccd_tilt_y = -0.002172613586345014
ccd_tilt_z = 4.69353932012812e-06
p = 0.0001