slit_dec_x_a = -0.1704170297071115
slit_dec_y_a = -0.19582949348769782
slit_dec_x_b = 0.175
slit_dec_y_b = -2.487313215676856e-96
slit_defocus = 0.005519491223024596
slit_tilt_x = 1.1861184133335019
slit_tilt_y = -8.540103594515063
slit_tilt_z = -8.99082987660414
d_slit_col = 1594.2944325273434
coll_tilt_x = 0.0885370184785002
coll_tilt_y = -0.031828839861532905
ech_G = 31.61064881128338
ech_blaze = -74.97702966215252
ech_gamma = 1.1403885873370359
echelle_z = 0.07537109644256758
d_col_trf = -1588.0185886054671
trf_mirror_tilt_x = 0.13866228187376325
trf_mirror_tilt_y = 0.07752130516863223
d_col_grm = -0.009528044145424323
grism_dec_x = 236.43432525075227
grism_dec_y = 0.03424120697935493
grm_tilt_x = -0.01583358238126461
grm_tilt_y = 2.3043478260221635
grm_G = 222.8251848815692
grm_apex = 17.815120025749522
d_grm_cam  = 21.60849255576843
cam_dec_x = -0.30210646890136933
cam_dec_y = 0.25035579064427865
cam_tilt_x = -0.018234469845485678
cam_tilt_y = -0.015018936862856845
d_cam_ff  = -160.40096263441592
ccd_ff_dec_x = -0.003539561713311276
ccd_ff_dec_y = 0.00018723649503290862
ccd_ff_tilt_x = 0.14600288072003972
ccd_ff_tilt_y = -0.5720119590296957
ccd_ff_tilt_z = 0.17256205877939212
d_ff_ccd  = -4.811218492159677
ccd_dec_x = 0.6206480307073851
ccd_dec_y = 5.155281874232761
ccd_defocus = 0.3163182218404709
ccd_tilt_x = 0.007785672341961847
ccd_tilt_y = -0.013999284275302122
ccd_tilt_z = 3.188175671554117e-06
p = 7.852363636363636e-06