slit_dec_x_a = -0.181778666534
slit_dec_y_a = -0.18243150017
slit_dec_x_b = 0.14512077562974193
slit_dec_y_b = -0.05510809031835813
slit_defocus = -0.0022021732112063497
slit_tilt_x = 1.1346688695562934
slit_tilt_y = -8.568375981818816
slit_tilt_z = -9.003588422292177
d_slit_col = 1594.3039920420742
coll_tilt_x = 0.08646677936773467
coll_tilt_y = -0.02206720630954192
ech_G = 31.610904163109435
ech_blaze = -74.99561795358777
ech_gamma = 1.1581088307663714
echelle_z = 0.056732404761634034
d_col_trf = -1588.016349127137
trf_mirror_tilt_x = 0.1225074259828649
trf_mirror_tilt_y = 0.018702634735164432
d_col_grm = 0.014966761685572667
grism_dec_x = 236.3974754471899
grism_dec_y = -0.005073115287506163
grm_tilt_x = -0.024682222619664053
grm_tilt_y = 2.327306222605784
grm_G = 222.78570450856623
grm_apex = 17.809086208459377
d_grm_cam  = 21.60480999714982
cam_dec_x = -0.2836268777634191
cam_dec_y = 0.28976353714022646
cam_tilt_x = 0.004333402290333227
cam_tilt_y = -0.027781642511156033
d_cam_ff  = -160.5694984606115
ccd_ff_dec_x = -0.022894723727275194
ccd_ff_dec_y = -0.047765640857331586
ccd_ff_tilt_x = 0.16504962845044985
ccd_ff_tilt_y = -0.5893648911677071
ccd_ff_tilt_z = 0.17189119721470655
d_ff_ccd  = -4.785385538271295
ccd_dec_x = 0.5518819347563874
ccd_dec_y = 5.106390625564232
ccd_defocus = 0.315840000187002
ccd_tilt_x = 0.021395614324273934
ccd_tilt_y = -0.004223860834472142
ccd_tilt_z = 2.3216464833350322e-07
p = 7.852363636363636e-06