slit_dec_x_a = -0.181778666534
slit_dec_y_a = -0.18243150017
slit_dec_x_b = 0.14512077562974193
slit_dec_y_b = -0.05510809031835813
slit_defocus = -0.0022016461227715523
slit_tilt_x = 1.134689366719468
slit_tilt_y = -8.568231675466404
slit_tilt_z = -9.00367895135098
d_slit_col = 1594.303936724293
coll_tilt_x = 0.08643470325193044
coll_tilt_y = -0.02204986787176387
ech_G = 31.610886653730457
ech_blaze = -74.99559344489533
ech_gamma = 1.1581074437158627
echelle_z = 0.0575031115770417
d_col_trf = -1588.0162405594717
trf_mirror_tilt_x = 0.1225264968039987
trf_mirror_tilt_y = 0.018678129968101802
d_col_grm = 0.015065172619165604
grism_dec_x = 236.39747955921146
grism_dec_y = -0.00503354695589897
grm_tilt_x = -0.02475816442712487
grm_tilt_y = 2.3272461214027578
grm_G = 222.78584765726475
grm_apex = 17.80919680713487
d_grm_cam  = 21.60435963100013
cam_dec_x = -0.28357967862515615
cam_dec_y = 0.289742237024614
cam_tilt_x = 0.004336182552592463
cam_tilt_y = -0.027809307235748874
d_cam_ff  = -160.56972626028087
ccd_ff_dec_x = -0.02266923088728646
ccd_ff_dec_y = -0.04778724578103783
ccd_ff_tilt_x = 0.16503017176882379
ccd_ff_tilt_y = -0.5896618596752539
ccd_ff_tilt_z = 0.1717066054706177
d_ff_ccd  = -4.785396737916238
ccd_dec_x = 0.5519733951890656
ccd_dec_y = 5.106077573406704
ccd_defocus = 0.31575016813945356
ccd_tilt_x = 0.021357226972068266
ccd_tilt_y = -0.004213314392197787
ccd_tilt_z = 3.6565011694654597e-07
p = 1.9174166666666663e-05