slit_dec_x_a = -0.17039350231918945
slit_dec_y_a = -0.1959506413074162
slit_dec_x_b = 0.175
slit_dec_y_b = -1.4979468075922215e-96
slit_defocus = 0.00557264825059313
slit_tilt_x = 1.1861820690298692
slit_tilt_y = -8.540019647198637
slit_tilt_z = -8.99084778307186
d_slit_col = 1594.2944570943534
coll_tilt_x = 0.0888340579840961
coll_tilt_y = -0.03183334894564221
ech_G = 31.61066955453274
ech_blaze = -74.97685772859165
ech_gamma = 1.140415463101601
echelle_z = 0.07484465966922618
d_col_trf = -1588.0185321692568
trf_mirror_tilt_x = 0.13868266932137135
trf_mirror_tilt_y = 0.07754960915833571
d_col_grm = -0.009536390322675593
grism_dec_x = 236.43432268668232
grism_dec_y = 0.0341777380384008
grm_tilt_x = -0.015723626030754344
grm_tilt_y = 2.304367163011078
grm_G = 222.82518365165043
grm_apex = 17.81514184909998
d_grm_cam  = 21.60845893358774
cam_dec_x = -0.30212385785413726
cam_dec_y = 0.25032313367305675
cam_tilt_x = -0.01848908263024751
cam_tilt_y = -0.015060136341332278
d_cam_ff  = -160.40093108734598
ccd_ff_dec_x = -0.003518077483520334
ccd_ff_dec_y = 0.00020966073658873727
ccd_ff_tilt_x = 0.14602866487905758
ccd_ff_tilt_y = -0.5720533435059488
ccd_ff_tilt_z = 0.17258117854563912
d_ff_ccd  = -4.811268697621001
ccd_dec_x = 0.6206888251460381
ccd_dec_y = 5.15532200588071
ccd_defocus = 0.316326307384061
ccd_tilt_x = 0.0077006184300641555
ccd_tilt_y = -0.014092785448250761
ccd_tilt_z = 3.1703876772960925e-06
p = 1.9174166666666663e-05