slit_dec_x_a = -0.17038714115597106
slit_dec_y_a = -0.19575965715596816
slit_dec_x_b = 0.175
slit_dec_y_b = -2.6750020087204683e-96
slit_defocus = 0.005531143918663411
slit_tilt_x = 1.18610327507516
slit_tilt_y = -8.540122721498637
slit_tilt_z = -8.99081480821439
d_slit_col = 1594.2944863331109
coll_tilt_x = 0.08850255076350427
coll_tilt_y = -0.03181476644729073
ech_G = 31.610669657116045
ech_blaze = -74.97716719316162
ech_gamma = 1.1404576353828495
echelle_z = 0.07552504487700108
d_col_trf = -1588.0186288395462
trf_mirror_tilt_x = 0.13864266356698274
trf_mirror_tilt_y = 0.077553116860953
d_col_grm = -0.009543321067787316
grism_dec_x = 236.43437909073464
grism_dec_y = 0.03424427284076868
grm_tilt_x = -0.01579607338037974
grm_tilt_y = 2.304357733603393
grm_G = 222.82520550354613
grm_apex = 17.81511848160636
d_grm_cam  = 21.608490948257092
cam_dec_x = -0.3021234101175371
cam_dec_y = 0.2503404457099761
cam_tilt_x = -0.018368541197528492
cam_tilt_y = -0.015043507298317505
d_cam_ff  = -160.40100479619113
ccd_ff_dec_x = -0.0035258686235514237
ccd_ff_dec_y = 0.0001576644845755557
ccd_ff_tilt_x = 0.14601770120591806
ccd_ff_tilt_y = -0.572040248915229
ccd_ff_tilt_z = 0.17253259970230872
d_ff_ccd  = -4.811224005900219
ccd_dec_x = 0.620632975347364
ccd_dec_y = 5.15527752716829
ccd_defocus = 0.3163363274247708
ccd_tilt_x = 0.007800077075490979
ccd_tilt_y = -0.014027903332491131
ccd_tilt_z = 3.3543717236127593e-06
p = 3.110333333333333e-06