slit_dec_x_a = -0.181778666534
slit_dec_y_a = -0.18243150017
slit_dec_x_b = 0.14512077562974193
slit_dec_y_b = -0.05510809031835813
slit_defocus = -0.0022596951867434154
slit_tilt_x = 1.1347078685873715
slit_tilt_y = -8.568354543000584
slit_tilt_z = -9.003589006188749
d_slit_col = 1594.3039406431556
coll_tilt_x = 0.08649229057154018
coll_tilt_y = -0.022034486186166487
ech_G = 31.61093433522165
ech_blaze = -74.99581057583735
ech_gamma = 1.1582653098302078
echelle_z = 0.05647815948416948
d_col_trf = -1588.0164095611235
trf_mirror_tilt_x = 0.12245192187730931
trf_mirror_tilt_y = 0.01868681772303539
d_col_grm = 0.014930123252422418
grism_dec_x = 236.39750633772078
grism_dec_y = -0.005089352149520636
grm_tilt_x = -0.024672969873401156
grm_tilt_y = 2.327397030186275
grm_G = 222.78591285747692
grm_apex = 17.80906462073977
d_grm_cam  = 21.604808833736083
cam_dec_x = -0.283631401790017
cam_dec_y = 0.28975177131283214
cam_tilt_x = 0.004338111479227933
cam_tilt_y = -0.0277702471185444
d_cam_ff  = -160.56955515378726
ccd_ff_dec_x = -0.022695820657875957
ccd_ff_dec_y = -0.04778048113154542
ccd_ff_tilt_x = 0.16502178899908976
ccd_ff_tilt_y = -0.5894470777259977
ccd_ff_tilt_z = 0.17186794060646296
d_ff_ccd  = -4.785431345413842
ccd_dec_x = 0.551878831336153
ccd_dec_y = 5.106392590123181
ccd_defocus = 0.3158745896459923
ccd_tilt_x = 0.02138967763882493
ccd_tilt_y = -0.004196946591672009
ccd_tilt_z = 2.1939971969205208e-07
p = 3.110333333333333e-06