slit_dec_x_a = -0.1704010755187174
slit_dec_y_a = -0.1956586180351446
slit_dec_x_b = 0.175
slit_dec_y_b = -1.801908596045717e-96
slit_defocus = 0.02140411218199467
slit_tilt_x = 1.1140831611405317
slit_tilt_y = -8.538362330485462
slit_tilt_z = -8.991708478845755
d_slit_col = 1594.3100226378458
coll_tilt_x = 0.11320338994464149
coll_tilt_y = -0.028883265678542734
ech_G = 31.61322756207799
ech_blaze = -74.97483304255086
ech_gamma = 1.1389775943818552
echelle_z = 0.07476970515313955
d_col_trf = -1588.0172287890102
trf_mirror_tilt_x = 0.0262800211369839
trf_mirror_tilt_y = 0.16227053267403854
d_col_grm = -0.004889122158323992
grism_dec_x = 236.42327786302283
grism_dec_y = 0.03814346557086729
grm_tilt_x = -0.014054043304957334
grm_tilt_y = 2.305269895019841
grm_G = 222.82400120787108
grm_apex = 17.79105770178035
d_grm_cam  = 21.60981754685001
cam_dec_x = -0.3095440156641397
cam_dec_y = 0.24734673414027789
cam_tilt_x = -0.01099356495683113
cam_tilt_y = 0.0037818639370976754
d_cam_ff  = -160.057525304457
ccd_ff_dec_x = -0.002598906369789072
ccd_ff_dec_y = 0.053032108157081516
ccd_ff_tilt_x = 0.019549556183507295
ccd_ff_tilt_y = -0.5728100906421691
ccd_ff_tilt_z = 0.18004966559538918
d_ff_ccd  = -4.83901062880417
ccd_dec_x = 0.6213966199546376
ccd_dec_y = 5.1571493369111066
ccd_defocus = 0.28071113563349437
ccd_tilt_x = 0.005058175666592983
ccd_tilt_y = -0.010892066956885368
ccd_tilt_z = 5.024503457352253e-06
p = 0.0001