slit_dec_x_a = -0.170460520504911
slit_dec_y_a = -0.1960302909645984
slit_dec_x_b = 0.175
slit_dec_y_b = -2.208134511729249e-96
slit_defocus = 0.005528367226062406
slit_tilt_x = 1.18612693039752
slit_tilt_y = -8.540045010198074
slit_tilt_z = -8.990864614538443
d_slit_col = 1594.2944554896114
coll_tilt_x = 0.08879046030248221
coll_tilt_y = -0.031710833957136926
ech_G = 31.610677747507538
ech_blaze = -74.97703540431492
ech_gamma = 1.1405940066105802
echelle_z = 0.07504170621863868
d_col_trf = -1588.0185596304761
trf_mirror_tilt_x = 0.1387283286048183
trf_mirror_tilt_y = 0.07757509486388098
d_col_grm = -0.00952267779304374
grism_dec_x = 236.43430560249348
grism_dec_y = 0.03422230890510382
grm_tilt_x = -0.015780694671853567
grm_tilt_y = 2.3043755035287745
grm_G = 222.82522251239794
grm_apex = 17.815106454014412
d_grm_cam  = 21.608486943896413
cam_dec_x = -0.30209693240933905
cam_dec_y = 0.2503844762610765
cam_tilt_x = -0.018178441364319536
cam_tilt_y = -0.015009329476534584
d_cam_ff  = -160.400936754306
ccd_ff_dec_x = -0.003557420547909531
ccd_ff_dec_y = 0.00013719609537434015
ccd_ff_tilt_x = 0.14600784108698378
ccd_ff_tilt_y = -0.5720646956639205
ccd_ff_tilt_z = 0.17255696007918167
d_ff_ccd  = -4.811217320106687
ccd_dec_x = 0.6206390136563426
ccd_dec_y = 5.155270318243239
ccd_defocus = 0.31632347898663554
ccd_tilt_x = 0.007790749246640958
ccd_tilt_y = -0.014006515770515407
ccd_tilt_z = 3.235750663327644e-06
p = 8.940166666666666e-06