slit_dec_x_a = -0.181778666534
slit_dec_y_a = -0.18243150017
slit_dec_x_b = 0.14512077562974193
slit_dec_y_b = -0.05510809031835813
slit_defocus = -0.013808228597456418
slit_tilt_x = 1.0541023345622929
slit_tilt_y = -8.560032574665225
slit_tilt_z = -9.026863476671318
d_slit_col = 1594.2902878737966
coll_tilt_x = 0.12140393558922036
coll_tilt_y = -0.026453652973114854
ech_G = 31.61456420860704
ech_blaze = -74.99488547909588
ech_gamma = 1.1556424211578595
echelle_z = 0.05699777236146024
d_col_trf = -1588.0163640987496
trf_mirror_tilt_x = 0.007288445304060487
trf_mirror_tilt_y = 0.1554424470324866
d_col_grm = 0.03563776287028622
grism_dec_x = 236.38315710725414
grism_dec_y = 0.009246393783573505
grm_tilt_x = -0.02350606418292775
grm_tilt_y = 2.3257898643563406
grm_G = 222.78406998459553
grm_apex = 17.766472431545882
d_grm_cam  = 21.60469769314303
cam_dec_x = -0.2710765981884676
cam_dec_y = 0.29091155250927764
cam_tilt_x = 0.012439184341271056
cam_tilt_y = 0.008831374207325476
d_cam_ff  = -160.0772303822352
ccd_ff_dec_x = -0.02380498251101723
ccd_ff_dec_y = 0.04208308129251735
ccd_ff_tilt_x = 0.0334843671730499
ccd_ff_tilt_y = -0.5909799130298768
ccd_ff_tilt_z = 0.17191152158513606
d_ff_ccd  = -4.815989345687091
ccd_dec_x = 0.5532934601193761
ccd_dec_y = 5.10763280509017
ccd_defocus = 0.285783408007858
ccd_tilt_x = 0.03256817166421285
ccd_tilt_y = -0.0021484518399474605
ccd_tilt_z = 4.680791095012549e-06
p = 0.0001