slit_dec_x_a = -0.1704417136151628
slit_dec_y_a = -0.19585799896422293
slit_dec_x_b = 0.175
slit_dec_y_b = -2.2095763362342305e-96
slit_defocus = 0.005554491101116361
slit_tilt_x = 1.1861139359454662
slit_tilt_y = -8.539999288359738
slit_tilt_z = -8.990848532653427
d_slit_col = 1594.2944584126658
coll_tilt_x = 0.08874225142645831
coll_tilt_y = -0.03172438126544061
ech_G = 31.61067880499162
ech_blaze = -74.97690328055927
ech_gamma = 1.1404972123641413
echelle_z = 0.07487125346014441
d_col_trf = -1588.0185755915556
trf_mirror_tilt_x = 0.1386574181888732
trf_mirror_tilt_y = 0.0775972906499568
d_col_grm = -0.009556012900631319
grism_dec_x = 236.4343098030152
grism_dec_y = 0.034214350086178284
grm_tilt_x = -0.015673893062244867
grm_tilt_y = 2.3043814517524446
grm_G = 222.82518983517932
grm_apex = 17.81511041799057
d_grm_cam  = 21.608494738671176
cam_dec_x = -0.30216385044483157
cam_dec_y = 0.250359290520541
cam_tilt_x = -0.018599520112492742
cam_tilt_y = -0.0150531650002952
d_cam_ff  = -160.4009632244942
ccd_ff_dec_x = -0.0035284240962163817
ccd_ff_dec_y = 0.00017263730280933954
ccd_ff_tilt_x = 0.14603363617801632
ccd_ff_tilt_y = -0.5720778635794666
ccd_ff_tilt_z = 0.17259828492180948
d_ff_ccd  = -4.811245890955314
ccd_dec_x = 0.6206924040665901
ccd_dec_y = 5.155291115696199
ccd_defocus = 0.3163122867117496
ccd_tilt_x = 0.007731384923031161
ccd_tilt_y = -0.014017765666675069
ccd_tilt_z = 3.1150165686364006e-06
p = 9.400272727272728e-06