slit_dec_x_a = -0.181778666534
slit_dec_y_a = -0.18243150017
slit_dec_x_b = 0.14512077562974193
slit_dec_y_b = -0.05510809031835813
slit_defocus = -0.002184185976533532
slit_tilt_x = 1.1346977871337232
slit_tilt_y = -8.568287059298793
slit_tilt_z = -9.003639112878767
d_slit_col = 1594.3039331559762
coll_tilt_x = 0.08641953157483878
coll_tilt_y = -0.022043310750777013
ech_G = 31.610898918696247
ech_blaze = -74.99563480812247
ech_gamma = 1.1581552373304616
echelle_z = 0.05737960011574228
d_col_trf = -1588.0163060817113
trf_mirror_tilt_x = 0.12254304634912166
trf_mirror_tilt_y = 0.018670004042565476
d_col_grm = 0.015012945505901912
grism_dec_x = 236.3974644243996
grism_dec_y = -0.005022933922015084
grm_tilt_x = -0.024677319458376448
grm_tilt_y = 2.327389986564014
grm_G = 222.78571359870867
grm_apex = 17.80914269490867
d_grm_cam  = 21.604297703625157
cam_dec_x = -0.28361658287718067
cam_dec_y = 0.28971513474373595
cam_tilt_x = 0.0043280351021836765
cam_tilt_y = -0.027791950680231117
d_cam_ff  = -160.5696552288419
ccd_ff_dec_x = -0.022817574432341718
ccd_ff_dec_y = -0.047798689212397445
ccd_ff_tilt_x = 0.16503692996877356
ccd_ff_tilt_y = -0.5896944496798975
ccd_ff_tilt_z = 0.17180763615464292
d_ff_ccd  = -4.785377495640112
ccd_dec_x = 0.5520421420333355
ccd_dec_y = 5.106243397870585
ccd_defocus = 0.3157997768130426
ccd_tilt_x = 0.021374557908673555
ccd_tilt_y = -0.004199161042424097
ccd_tilt_z = 3.70114812006874e-07
p = 9.400272727272728e-06