slit_dec_x_a = -0.181778666534
slit_dec_y_a = -0.18243150017
slit_dec_x_b = 0.14512077562974193
slit_dec_y_b = -0.05510809031835813
slit_defocus = -0.013858331762009417
slit_tilt_x = 1.054091867839721
slit_tilt_y = -8.559946039715676
slit_tilt_z = -9.026886517348451
d_slit_col = 1594.290303812861
coll_tilt_x = 0.12145250873454712
coll_tilt_y = -0.026494847328513794
ech_G = 31.61455926210757
ech_blaze = -74.99489070892872
ech_gamma = 1.1556423296870135
echelle_z = 0.05700443030895821
d_col_trf = -1588.0163647297068
trf_mirror_tilt_x = 0.007337712704864727
trf_mirror_tilt_y = 0.1555038036419805
d_col_grm = 0.03566772938304838
grism_dec_x = 236.3832341801956
grism_dec_y = 0.009198735801041457
grm_tilt_x = -0.02350664792379323
grm_tilt_y = 2.325792554907192
grm_G = 222.78407189017906
grm_apex = 17.76652330487463
d_grm_cam  = 21.604699691140368
cam_dec_x = -0.2711611433145411
cam_dec_y = 0.2908607592078772
cam_tilt_x = 0.012453928273146474
cam_tilt_y = 0.008911394412047201
d_cam_ff  = -160.0772376752937
ccd_ff_dec_x = -0.02380633178472328
ccd_ff_dec_y = 0.04207103600683583
ccd_ff_tilt_x = 0.03353065150487327
ccd_ff_tilt_y = -0.5909781259684446
ccd_ff_tilt_z = 0.1719173957017126
d_ff_ccd  = -4.8159059419180155
ccd_dec_x = 0.5533014400382609
ccd_dec_y = 5.107631719647855
ccd_defocus = 0.2857571215528425
ccd_tilt_x = 0.03260089979065809
ccd_tilt_y = -0.002097676828692718
ccd_tilt_z = 4.672374266638079e-06
p = 0.0001