slit_dec_x_a = -0.1704010755187174
slit_dec_y_a = -0.1956586180351446
slit_dec_x_b = 0.175
slit_dec_y_b = -1.8790033765116857e-96
slit_defocus = 0.021358662263967685
slit_tilt_x = 1.114028489403463
slit_tilt_y = -8.538405555862008
slit_tilt_z = -8.991634020563518
d_slit_col = 1594.309964450763
coll_tilt_x = 0.11320464213958976
coll_tilt_y = -0.02891766525186798
ech_G = 31.61322839573007
ech_blaze = -74.97483437011252
ech_gamma = 1.1389743042641796
echelle_z = 0.07477437993778498
d_col_trf = -1588.0172306163759
trf_mirror_tilt_x = 0.026269105509601428
trf_mirror_tilt_y = 0.16217206100588
d_col_grm = -0.004852551114350563
grism_dec_x = 236.423288199236
grism_dec_y = 0.03810628483429231
grm_tilt_x = -0.014053198108081557
grm_tilt_y = 2.3052690002928315
grm_G = 222.82400122802304
grm_apex = 17.791050245281095
d_grm_cam  = 21.609817389114298
cam_dec_x = -0.3094534432031743
cam_dec_y = 0.24733016505953972
cam_tilt_x = -0.01107246193343686
cam_tilt_y = 0.003756382592103479
d_cam_ff  = -160.05763957350655
ccd_ff_dec_x = -0.002605810532572215
ccd_ff_dec_y = 0.05306264017575447
ccd_ff_tilt_x = 0.01953479776195855
ccd_ff_tilt_y = -0.5728063383006222
ccd_ff_tilt_z = 0.18005635833472536
d_ff_ccd  = -4.838925826945231
ccd_dec_x = 0.6214068199965174
ccd_dec_y = 5.1571533604434725
ccd_defocus = 0.28069598878530444
ccd_tilt_x = 0.0050517047533582575
ccd_tilt_y = -0.010910858280016525
ccd_tilt_z = 5.051499593142508e-06
p = 0.0001