slit_dec_x_a = -0.181778666534
slit_dec_y_a = -0.18243150017
slit_dec_x_b = 0.14512077562974193
slit_dec_y_b = -0.05510809031835813
slit_defocus = -0.0022048376490737417
slit_tilt_x = 1.1346905579878275
slit_tilt_y = -8.568238208273378
slit_tilt_z = -9.003651545266925
d_slit_col = 1594.3039679371745
coll_tilt_x = 0.08644351044495303
coll_tilt_y = -0.02202377795111832
ech_G = 31.61087833063051
ech_blaze = -74.99551831485509
ech_gamma = 1.158172141335972
echelle_z = 0.05760211791671689
d_col_trf = -1588.0162735427134
trf_mirror_tilt_x = 0.1225508533012973
trf_mirror_tilt_y = 0.018666982973993718
d_col_grm = 0.015055151466682255
grism_dec_x = 236.39746730458603
grism_dec_y = -0.005020888797378931
grm_tilt_x = -0.024764796223068472
grm_tilt_y = 2.3273471850810625
grm_G = 222.78574291035972
grm_apex = 17.809218700839835
d_grm_cam  = 21.60446589634387
cam_dec_x = -0.283571877109633
cam_dec_y = 0.2897499390625287
cam_tilt_x = 0.004344083217982881
cam_tilt_y = -0.027814540087195493
d_cam_ff  = -160.56979853559415
ccd_ff_dec_x = -0.02277290224950945
ccd_ff_dec_y = -0.04779825279240943
ccd_ff_tilt_x = 0.16502792078476028
ccd_ff_tilt_y = -0.5896999224962209
ccd_ff_tilt_z = 0.17169632859720466
d_ff_ccd  = -4.785415957506987
ccd_dec_x = 0.5518819886075078
ccd_dec_y = 5.106135611461961
ccd_defocus = 0.31574195367864616
ccd_tilt_x = 0.02132794971345409
ccd_tilt_y = -0.004209601006674794
ccd_tilt_z = 3.470174501654842e-07
p = 1.7254545454545454e-05