slit_dec_x_a = -0.17038885656463085
slit_dec_y_a = -0.19591405589651084
slit_dec_x_b = 0.175
slit_dec_y_b = -1.4528044357869076e-96
slit_defocus = 0.005588178762680792
slit_tilt_x = 1.1861645095927058
slit_tilt_y = -8.54003070408477
slit_tilt_z = -8.990844999607479
d_slit_col = 1594.2944615670126
coll_tilt_x = 0.08876525926137319
coll_tilt_y = -0.03186670533639421
ech_G = 31.610665922556876
ech_blaze = -74.97688400754427
ech_gamma = 1.1403772732961353
echelle_z = 0.07475505307752899
d_col_trf = -1588.0185345219559
trf_mirror_tilt_x = 0.13867222108639146
trf_mirror_tilt_y = 0.07751534314097727
d_col_grm = -0.009524320040205174
grism_dec_x = 236.4343247478373
grism_dec_y = 0.03416283562111348
grm_tilt_x = -0.01583597677366563
grm_tilt_y = 2.304359069495299
grm_G = 222.82517209505227
grm_apex = 17.815133688879687
d_grm_cam  = 21.608478531555306
cam_dec_x = -0.3021346944357423
cam_dec_y = 0.2503231087640022
cam_tilt_x = -0.018414118809232976
cam_tilt_y = -0.015057617987763582
d_cam_ff  = -160.40094407203685
ccd_ff_dec_x = -0.0035324862878355124
ccd_ff_dec_y = 0.00022899856343640558
ccd_ff_tilt_x = 0.14604237660637023
ccd_ff_tilt_y = -0.5720669340945291
ccd_ff_tilt_z = 0.172559809360236
d_ff_ccd  = -4.811256409667132
ccd_dec_x = 0.6206761326767193
ccd_dec_y = 5.155312411579855
ccd_defocus = 0.31630268081115875
ccd_tilt_x = 0.007710450236273811
ccd_tilt_y = -0.014091514665450847
ccd_tilt_z = 3.1380102774182113e-06
p = 1.7254545454545454e-05