slit_dec_x_a = -0.181778666534
slit_dec_y_a = -0.18243150017
slit_dec_x_b = 0.14512077562974193
slit_dec_y_b = -0.05510809031835813
slit_defocus = -0.013774447657680539
slit_tilt_x = 1.0541195584776828
slit_tilt_y = -8.560014236316052
slit_tilt_z = -9.026832931984886
d_slit_col = 1594.2902876950777
coll_tilt_x = 0.12143980218660126
coll_tilt_y = -0.026477243801896838
ech_G = 31.614566417095705
ech_blaze = -74.99488860337165
ech_gamma = 1.1556441345213646
echelle_z = 0.05700637885274534
d_col_trf = -1588.0163664268916
trf_mirror_tilt_x = 0.0072749769564169646
trf_mirror_tilt_y = 0.1554187148637802
d_col_grm = 0.03564495470192836
grism_dec_x = 236.38326727654083
grism_dec_y = 0.009209940588013894
grm_tilt_x = -0.02350867477394781
grm_tilt_y = 2.3257862434608754
grm_G = 222.78407131097134
grm_apex = 17.76658558834547
d_grm_cam  = 21.60469926861631
cam_dec_x = -0.27111816546411377
cam_dec_y = 0.29085899576961144
cam_tilt_x = 0.01240963222806708
cam_tilt_y = 0.008803297449598289
d_cam_ff  = -160.07703035950138
ccd_ff_dec_x = -0.023802613038701476
ccd_ff_dec_y = 0.04205518497544673
ccd_ff_tilt_x = 0.03350228350029004
ccd_ff_tilt_y = -0.5909800442040122
ccd_ff_tilt_z = 0.1719214237539608
d_ff_ccd  = -4.815994330686533
ccd_dec_x = 0.5532890215856616
ccd_dec_y = 5.107627821606573
ccd_defocus = 0.2857525695199817
ccd_tilt_x = 0.032581200969827064
ccd_tilt_y = -0.0021341766165062395
ccd_tilt_z = 4.711751149393712e-06
p = 0.0001