slit_dec_x_a = -0.181778666534
slit_dec_y_a = -0.18243150017
slit_dec_x_b = 0.14512077562974193
slit_dec_y_b = -0.05510809031835813
slit_defocus = -0.0022026188894829503
slit_tilt_x = 1.1346983699113422
slit_tilt_y = -8.568233502135934
slit_tilt_z = -9.003657855366578
d_slit_col = 1594.3039153479117
coll_tilt_x = 0.0864271784396432
coll_tilt_y = -0.022072288144671947
ech_G = 31.610882412815542
ech_blaze = -74.99553959144339
ech_gamma = 1.1581151346150633
echelle_z = 0.057370463134568485
d_col_trf = -1588.0164034747668
trf_mirror_tilt_x = 0.12252835993986051
trf_mirror_tilt_y = 0.018687830137082712
d_col_grm = 0.015030816980282196
grism_dec_x = 236.3974780700977
grism_dec_y = -0.005017856315425802
grm_tilt_x = -0.024737066250249566
grm_tilt_y = 2.327311259064475
grm_G = 222.78576735925765
grm_apex = 17.809163542347445
d_grm_cam  = 21.604335727770014
cam_dec_x = -0.2836177811764882
cam_dec_y = 0.28971224599329204
cam_tilt_x = 0.004340887176503981
cam_tilt_y = -0.027803923117447442
d_cam_ff  = -160.56966447834037
ccd_ff_dec_x = -0.0228138054149703
ccd_ff_dec_y = -0.047804916029471275
ccd_ff_tilt_x = 0.16503109470341734
ccd_ff_tilt_y = -0.5897134323296332
ccd_ff_tilt_z = 0.1717094261355501
d_ff_ccd  = -4.785369096259331
ccd_dec_x = 0.5519406571208363
ccd_dec_y = 5.106200996472588
ccd_defocus = 0.3157869298350826
ccd_tilt_x = 0.021376223459622534
ccd_tilt_y = -0.004209612012253177
ccd_tilt_z = 3.614827866371659e-07
p = 3.832583333333334e-06