slit_dec_x_a = -0.181778666534
slit_dec_y_a = -0.18243150017
slit_dec_x_b = 0.14512077562974193
slit_dec_y_b = -0.05510809031835813
slit_defocus = -0.013749019085569332
slit_tilt_x = 1.0540947023110698
slit_tilt_y = -8.559920568207763
slit_tilt_z = -9.026898821543393
d_slit_col = 1594.2902279336731
coll_tilt_x = 0.1214305183184439
coll_tilt_y = -0.0264293003967213
ech_G = 31.614563266202463
ech_blaze = -74.99488360296766
ech_gamma = 1.1556381864073804
echelle_z = 0.05700602426125719
d_col_trf = -1588.016363359245
trf_mirror_tilt_x = 0.007272176758633587
trf_mirror_tilt_y = 0.15547247957313268
d_col_grm = 0.035702869962849805
grism_dec_x = 236.38313940089517
grism_dec_y = 0.009181238527638627
grm_tilt_x = -0.023511735743225633
grm_tilt_y = 2.3257882086194837
grm_G = 222.7840618425671
grm_apex = 17.766484760001735
d_grm_cam  = 21.604692895597516
cam_dec_x = -0.2711716221744309
cam_dec_y = 0.29090556721090466
cam_tilt_x = 0.012453787165654122
cam_tilt_y = 0.008838064190112661
d_cam_ff  = -160.076908819826
ccd_ff_dec_x = -0.02380296933638542
ccd_ff_dec_y = 0.042050566923019964
ccd_ff_tilt_x = 0.03346145533974629
ccd_ff_tilt_y = -0.5909776055805038
ccd_ff_tilt_z = 0.17191778350069195
d_ff_ccd  = -4.815981990524424
ccd_dec_x = 0.5532958697699415
ccd_dec_y = 5.107636601431582
ccd_defocus = 0.2857611442261277
ccd_tilt_x = 0.032619054709547804
ccd_tilt_y = -0.002212836943325422
ccd_tilt_z = 4.7195521594237734e-06
p = 0.0001