slit_dec_x_a = -0.181778666534
slit_dec_y_a = -0.18243150017
slit_dec_x_b = 0.14512077562974193
slit_dec_y_b = -0.05510809031835813
slit_defocus = -0.0022023097788608456
slit_tilt_x = 1.1347007460586187
slit_tilt_y = -8.568301669780146
slit_tilt_z = -9.003605996117159
d_slit_col = 1594.3039167218828
coll_tilt_x = 0.08646286290600975
coll_tilt_y = -0.022040254104389437
ech_G = 31.610905591115728
ech_blaze = -74.99558982581624
ech_gamma = 1.158214328778249
echelle_z = 0.057021514158819835
d_col_trf = -1588.0162665159887
trf_mirror_tilt_x = 0.1224924043654134
trf_mirror_tilt_y = 0.01869310199812652
d_col_grm = 0.01497954197297657
grism_dec_x = 236.3974846975967
grism_dec_y = -0.005064726890168599
grm_tilt_x = -0.024845664836671263
grm_tilt_y = 2.327423492215958
grm_G = 222.7857605601111
grm_apex = 17.80915677129446
d_grm_cam  = 21.604525069871602
cam_dec_x = -0.2836383628290373
cam_dec_y = 0.2897447643288326
cam_tilt_x = 0.004341984210653819
cam_tilt_y = -0.027813930636274048
d_cam_ff  = -160.56955879041044
ccd_ff_dec_x = -0.022927608431887316
ccd_ff_dec_y = -0.04780099560238647
ccd_ff_tilt_x = 0.16503049192468328
ccd_ff_tilt_y = -0.5895750574324523
ccd_ff_tilt_z = 0.17167327874113894
d_ff_ccd  = -4.785384749497264
ccd_dec_x = 0.5519194879907857
ccd_dec_y = 5.106568101431207
ccd_defocus = 0.31583824147084455
ccd_tilt_x = 0.021430311073288792
ccd_tilt_y = -0.004238176714333824
ccd_tilt_z = 3.043999246101535e-07
p = 6.286545454545455e-06