slit_dec_x_a = -0.17046470546259598
slit_dec_y_a = -0.1960529248045835
slit_dec_x_b = 0.175
slit_dec_y_b = -2.1424244905429727e-96
slit_defocus = 0.00552812567961342
slit_tilt_x = 1.1861239196755438
slit_tilt_y = -8.54005635225311
slit_tilt_z = -8.990858199649747
d_slit_col = 1594.2944544140908
coll_tilt_x = 0.08871021894761734
coll_tilt_y = -0.03171536811972978
ech_G = 31.610675350790476
ech_blaze = -74.97713425806336
ech_gamma = 1.140584931802169
echelle_z = 0.07497285015139757
d_col_trf = -1588.0185615501439
trf_mirror_tilt_x = 0.13872709166367592
trf_mirror_tilt_y = 0.07757627918811101
d_col_grm = -0.009517172508171733
grism_dec_x = 236.4343040032261
grism_dec_y = 0.03423463158977069
grm_tilt_x = -0.015748348820519693
grm_tilt_y = 2.304368793517161
grm_G = 222.82520752357857
grm_apex = 17.815100358429746
d_grm_cam  = 21.608490266339842
cam_dec_x = -0.3021049399602039
cam_dec_y = 0.25038351416840726
cam_tilt_x = -0.018120224991866874
cam_tilt_y = -0.01501179348984861
d_cam_ff  = -160.40095061267462
ccd_ff_dec_x = -0.0035505742816907262
ccd_ff_dec_y = 0.00013966906791639948
ccd_ff_tilt_x = 0.14600070685481673
ccd_ff_tilt_y = -0.5720560845941808
ccd_ff_tilt_z = 0.17256701779878664
d_ff_ccd  = -4.81123273669391
ccd_dec_x = 0.6206389905061453
ccd_dec_y = 5.155276937869495
ccd_defocus = 0.316328165962805
ccd_tilt_x = 0.007767771089818363
ccd_tilt_y = -0.014012100395803584
ccd_tilt_z = 3.2768590053297577e-06
p = 6.286545454545455e-06