slit_dec_x_a = -0.1704010755187174
slit_dec_y_a = -0.1956586180351446
slit_dec_x_b = 0.175
slit_dec_y_b = -1.8097221000813416e-96
slit_defocus = 0.02132628066280471
slit_tilt_x = 1.1139740362268644
slit_tilt_y = -8.538377130802983
slit_tilt_z = -8.991688754500519
d_slit_col = 1594.3099834775562
coll_tilt_x = 0.1131907772873348
coll_tilt_y = -0.0289795662619658
ech_G = 31.61323459785909
ech_blaze = -74.97483095530528
ech_gamma = 1.1389706563562136
echelle_z = 0.07476673052525049
d_col_trf = -1588.0172315570737
trf_mirror_tilt_x = 0.02628883579579246
trf_mirror_tilt_y = 0.16217876658445662
d_col_grm = -0.004864424993644406
grism_dec_x = 236.42328450644754
grism_dec_y = 0.03818895299003579
grm_tilt_x = -0.014061018021604981
grm_tilt_y = 2.3052761959115045
grm_G = 222.82400966846015
grm_apex = 17.791029962443087
d_grm_cam  = 21.60981801695682
cam_dec_x = -0.3095456133091054
cam_dec_y = 0.24727823384489875
cam_tilt_x = -0.011050679924257772
cam_tilt_y = 0.0037654884634932832
d_cam_ff  = -160.05754150702114
ccd_ff_dec_x = -0.0026062938573096985
ccd_ff_dec_y = 0.05307950943340886
ccd_ff_tilt_x = 0.019512534900654292
ccd_ff_tilt_y = -0.5727995634300015
ccd_ff_tilt_z = 0.18004826858433523
d_ff_ccd  = -4.838984773182863
ccd_dec_x = 0.6214013914149223
ccd_dec_y = 5.157153342522391
ccd_defocus = 0.2806844731807033
ccd_tilt_x = 0.005042755412134478
ccd_tilt_y = -0.010899406837417254
ccd_tilt_z = 5.099543135152158e-06
p = 0.0001