slit_dec_x_a = -0.181778666534
slit_dec_y_a = -0.18243150017
slit_dec_x_b = 0.14512077562974193
slit_dec_y_b = -0.05510809031835813
slit_defocus = -0.01382005485249729
slit_tilt_x = 1.0540254919350507
slit_tilt_y = -8.559970766522511
slit_tilt_z = -9.026845655737453
d_slit_col = 1594.2902752779103
coll_tilt_x = 0.12144725887467783
coll_tilt_y = -0.026501003479432485
ech_G = 31.61456726735712
ech_blaze = -74.99488828142628
ech_gamma = 1.1556406477584598
echelle_z = 0.057001146931670764
d_col_trf = -1588.0163599842301
trf_mirror_tilt_x = 0.007320003734710021
trf_mirror_tilt_y = 0.15543622843333205
d_col_grm = 0.03570369339408892
grism_dec_x = 236.38320490483466
grism_dec_y = 0.009251857968124371
grm_tilt_x = -0.023506879055057894
grm_tilt_y = 2.325792098407445
grm_G = 222.7840749077409
grm_apex = 17.76655222592164
d_grm_cam  = 21.604703506635932
cam_dec_x = -0.27105673058023866
cam_dec_y = 0.2908989700475371
cam_tilt_x = 0.012482199547428838
cam_tilt_y = 0.008844118381873609
d_cam_ff  = -160.07698874317975
ccd_ff_dec_x = -0.023797805315959195
ccd_ff_dec_y = 0.042097761879294454
ccd_ff_tilt_x = 0.033462981119959406
ccd_ff_tilt_y = -0.5909853052586684
ccd_ff_tilt_z = 0.17191555144470747
d_ff_ccd  = -4.816015765236448
ccd_dec_x = 0.5533029279873707
ccd_dec_y = 5.107627563847031
ccd_defocus = 0.2857222995430728
ccd_tilt_x = 0.03264377408348221
ccd_tilt_y = -0.0020574175441059293
ccd_tilt_z = 4.717877109441004e-06
p = 0.0001