slit_dec_x_a = -0.181778666534
slit_dec_y_a = -0.18243150017
slit_dec_x_b = 0.14512077562974193
slit_dec_y_b = -0.05510809031835813
slit_defocus = -0.002198664084010189
slit_tilt_x = 1.1347018408144312
slit_tilt_y = -8.568324588870754
slit_tilt_z = -9.003616507851836
d_slit_col = 1594.3039508660795
coll_tilt_x = 0.08647177049326954
coll_tilt_y = -0.02204119619005761
ech_G = 31.610895655332595
ech_blaze = -74.99554699296003
ech_gamma = 1.1580884359077068
echelle_z = 0.0568727040235737
d_col_trf = -1588.0163200726709
trf_mirror_tilt_x = 0.12251930615264528
trf_mirror_tilt_y = 0.01872787391771867
d_col_grm = 0.014990019416195976
grism_dec_x = 236.3974869631915
grism_dec_y = -0.005033361773349993
grm_tilt_x = -0.02460934457155073
grm_tilt_y = 2.3272130219225433
grm_G = 222.78578645488747
grm_apex = 17.8091126964457
d_grm_cam  = 21.604560722115124
cam_dec_x = -0.2836337573420202
cam_dec_y = 0.2897612301741892
cam_tilt_x = 0.004285198446212076
cam_tilt_y = -0.027792342849868697
d_cam_ff  = -160.5696764821449
ccd_ff_dec_x = -0.022802855822963576
ccd_ff_dec_y = -0.04778986109964169
ccd_ff_tilt_x = 0.1650336919072715
ccd_ff_tilt_y = -0.5894584903104235
ccd_ff_tilt_z = 0.1718352517509811
d_ff_ccd  = -4.785377645968254
ccd_dec_x = 0.5519209918696595
ccd_dec_y = 5.106553408384553
ccd_defocus = 0.3158224933128655
ccd_tilt_x = 0.021411950137339927
ccd_tilt_y = -0.004215456790849923
ccd_tilt_z = 2.2002536012963294e-07
p = 7.650363636363637e-06