slit_dec_x_a = -0.1704440819679386
slit_dec_y_a = -0.19607793343387903
slit_dec_x_b = 0.175
slit_dec_y_b = -2.318004155039534e-96
slit_defocus = 0.0055170569508692984
slit_tilt_x = 1.1861117922605735
slit_tilt_y = -8.54008236071033
slit_tilt_z = -8.990859775316956
d_slit_col = 1594.2944528184344
coll_tilt_x = 0.08878128393099645
coll_tilt_y = -0.03175629544546181
ech_G = 31.610698066401028
ech_blaze = -74.97709904196815
ech_gamma = 1.140495277096136
echelle_z = 0.07534968399137262
d_col_trf = -1588.0185372077685
trf_mirror_tilt_x = 0.13869718751538124
trf_mirror_tilt_y = 0.07755215945122718
d_col_grm = -0.009508515845472717
grism_dec_x = 236.43431481210416
grism_dec_y = 0.03424871834582703
grm_tilt_x = -0.015952491511927867
grm_tilt_y = 2.3043707705078336
grm_G = 222.8252099879937
grm_apex = 17.815130113585752
d_grm_cam  = 21.608492588303434
cam_dec_x = -0.302114521602433
cam_dec_y = 0.25035774271725314
cam_tilt_x = -0.01810031458363402
cam_tilt_y = -0.014996157165811728
d_cam_ff  = -160.4009514029955
ccd_ff_dec_x = -0.0035444447885477313
ccd_ff_dec_y = 0.00013814983060027357
ccd_ff_tilt_x = 0.1460367885224963
ccd_ff_tilt_y = -0.5720359154018185
ccd_ff_tilt_z = 0.1725713509577767
d_ff_ccd  = -4.811227784264116
ccd_dec_x = 0.6206469308706901
ccd_dec_y = 5.155285367289059
ccd_defocus = 0.3163179187651164
ccd_tilt_x = 0.007810881811166877
ccd_tilt_y = -0.014021351521228251
ccd_tilt_z = 3.248808509021373e-06
p = 7.650363636363637e-06