slit_dec_x_a = -0.1704010755187174
slit_dec_y_a = -0.1956586180351446
slit_dec_x_b = 0.175
slit_dec_y_b = -1.835869808756171e-96
slit_defocus = 0.0213701271366326
slit_tilt_x = 1.1140128161018683
slit_tilt_y = -8.53842843487239
slit_tilt_z = -8.991660291211554
d_slit_col = 1594.3100242451897
coll_tilt_x = 0.1132360926016856
coll_tilt_y = -0.028885730443414453
ech_G = 31.613227572490427
ech_blaze = -74.97483162664408
ech_gamma = 1.1389732629342044
echelle_z = 0.074777148960163
d_col_trf = -1588.0172396906319
trf_mirror_tilt_x = 0.026367001804312735
trf_mirror_tilt_y = 0.16222781739391634
d_col_grm = -0.00485499651480431
grism_dec_x = 236.42333393071482
grism_dec_y = 0.03813691855410632
grm_tilt_x = -0.014053693881099713
grm_tilt_y = 2.3052727476325474
grm_G = 222.82400227831064
grm_apex = 17.791042941481212
d_grm_cam  = 21.609820686721
cam_dec_x = -0.3095186346656563
cam_dec_y = 0.24727217125384274
cam_tilt_x = -0.011063058223405038
cam_tilt_y = 0.003800385668428525
d_cam_ff  = -160.05751597147722
ccd_ff_dec_x = -0.002600774697187088
ccd_ff_dec_y = 0.05312053369694729
ccd_ff_tilt_x = 0.0194965253581441
ccd_ff_tilt_y = -0.5727978488763992
ccd_ff_tilt_z = 0.18005061183707524
d_ff_ccd  = -4.838948739281202
ccd_dec_x = 0.6214104901603165
ccd_dec_y = 5.157139761995912
ccd_defocus = 0.2807145333649707
ccd_tilt_x = 0.005061130548299442
ccd_tilt_y = -0.010951928205117636
ccd_tilt_z = 5.059237877631316e-06
p = 0.0001