slit_dec_x_a = -0.181778666534
slit_dec_y_a = -0.18243150017
slit_dec_x_b = 0.14512077562974193
slit_dec_y_b = -0.05510809031835813
slit_defocus = -0.0021810573889616152
slit_tilt_x = 1.1346683843672347
slit_tilt_y = -8.568220237127333
slit_tilt_z = -9.003638711109636
d_slit_col = 1594.3039455005046
coll_tilt_x = 0.08646151823079108
coll_tilt_y = -0.022005849850244518
ech_G = 31.610915503577584
ech_blaze = -74.9956562268887
ech_gamma = 1.1580066848961612
echelle_z = 0.057579418691278646
d_col_trf = -1588.0161147360698
trf_mirror_tilt_x = 0.12251075169311312
trf_mirror_tilt_y = 0.01863955411550052
d_col_grm = 0.015091591513329427
grism_dec_x = 236.39744119814006
grism_dec_y = -0.0050121084658398905
grm_tilt_x = -0.024964130219761172
grm_tilt_y = 2.3269402704033046
grm_G = 222.78586106651622
grm_apex = 17.809198606019052
d_grm_cam  = 21.604693256297203
cam_dec_x = -0.2835851365676802
cam_dec_y = 0.2896963609690753
cam_tilt_x = 0.0042717974039770635
cam_tilt_y = -0.02778203411009702
d_cam_ff  = -160.56962795165995
ccd_ff_dec_x = -0.022861257848794902
ccd_ff_dec_y = -0.04777331731187796
ccd_ff_tilt_x = 0.16504858702648953
ccd_ff_tilt_y = -0.589566381867005
ccd_ff_tilt_z = 0.1717447630421886
d_ff_ccd  = -4.785447355520868
ccd_dec_x = 0.5519316772946068
ccd_dec_y = 5.106114433866999
ccd_defocus = 0.31577425031835665
ccd_tilt_x = 0.021324262471665523
ccd_tilt_y = -0.004220045551702789
ccd_tilt_z = 3.7864139561346704e-07
p = 3.616272727272727e-06