slit_dec_x_a = -0.181778666534
slit_dec_y_a = -0.18243150017
slit_dec_x_b = 0.14512077562974193
slit_dec_y_b = -0.05510809031835813
slit_defocus = -0.013782889816140306
slit_tilt_x = 1.0540250157959195
slit_tilt_y = -8.560039614401667
slit_tilt_z = -9.026871857372926
d_slit_col = 1594.2902429234052
coll_tilt_x = 0.12152097892987392
coll_tilt_y = -0.026477991254048913
ech_G = 31.61456855326904
ech_blaze = -74.99488255491823
ech_gamma = 1.155642539630552
echelle_z = 0.05699950172382814
d_col_trf = -1588.0163649759784
trf_mirror_tilt_x = 0.0073040490059152925
trf_mirror_tilt_y = 0.15540375438273718
d_col_grm = 0.03567179836103298
grism_dec_x = 236.38320435309737
grism_dec_y = 0.009266559709137376
grm_tilt_x = -0.02350337815378533
grm_tilt_y = 2.3257937966860447
grm_G = 222.78407020725194
grm_apex = 17.766531937755826
d_grm_cam  = 21.604692722727165
cam_dec_x = -0.27110616297801543
cam_dec_y = 0.29082537855486806
cam_tilt_x = 0.01246538584883789
cam_tilt_y = 0.008884862271266846
d_cam_ff  = -160.07695975412537
ccd_ff_dec_x = -0.02380344935395904
ccd_ff_dec_y = 0.04203473850992849
ccd_ff_tilt_x = 0.03349596530480206
ccd_ff_tilt_y = -0.5909788830714124
ccd_ff_tilt_z = 0.1719228258665988
d_ff_ccd  = -4.816038275180787
ccd_dec_x = 0.553296052741442
ccd_dec_y = 5.107629003713204
ccd_defocus = 0.28583175573578395
ccd_tilt_x = 0.0325595950459571
ccd_tilt_y = -0.0021478567768612403
ccd_tilt_z = 4.705836569587247e-06
p = 0.0001