slit_dec_x_a = -0.17040727734843877
slit_dec_y_a = -0.19605320592646916
slit_dec_x_b = 0.175
slit_dec_y_b = -1.480319814133317e-96
slit_defocus = 0.005581901547527781
slit_tilt_x = 1.1861477915556355
slit_tilt_y = -8.540056164681138
slit_tilt_z = -8.990851801658097
d_slit_col = 1594.2944827804804
coll_tilt_x = 0.08871156964035157
coll_tilt_y = -0.03183450350080868
ech_G = 31.610656937066526
ech_blaze = -74.97681986942031
ech_gamma = 1.1403957278763588
echelle_z = 0.07479632144059734
d_col_trf = -1588.0185434833909
trf_mirror_tilt_x = 0.13866310290626585
trf_mirror_tilt_y = 0.07752104246493853
d_col_grm = -0.00953398796290892
grism_dec_x = 236.43430943380014
grism_dec_y = 0.03417220406682161
grm_tilt_x = -0.015872472593451745
grm_tilt_y = 2.3043811115078148
grm_G = 222.82516910743476
grm_apex = 17.81512003115274
d_grm_cam  = 21.60848347510785
cam_dec_x = -0.30212517805231914
cam_dec_y = 0.25031902853562293
cam_tilt_x = -0.018473999881035034
cam_tilt_y = -0.015083201043404632
d_cam_ff  = -160.4009814141646
ccd_ff_dec_x = -0.0035311086489017746
ccd_ff_dec_y = 0.00025571015182214294
ccd_ff_tilt_x = 0.14604990447444208
ccd_ff_tilt_y = -0.5720757085918788
ccd_ff_tilt_z = 0.17257315326794787
d_ff_ccd  = -4.811308874743066
ccd_dec_x = 0.6206597469470586
ccd_dec_y = 5.155297469486294
ccd_defocus = 0.31628921160007295
ccd_tilt_x = 0.007717006247620117
ccd_tilt_y = -0.014133405688565484
ccd_tilt_z = 3.1095228122290523e-06
p = 1.2125454545454546e-05