slit_dec_x_a = -0.181778666534
slit_dec_y_a = -0.18243150017
slit_dec_x_b = 0.14512077562974193
slit_dec_y_b = -0.05510809031835813
slit_defocus = -0.0022136795967810942
slit_tilt_x = 1.1346699136662826
slit_tilt_y = -8.56824207804498
slit_tilt_z = -9.003629117520552
d_slit_col = 1594.3039649954176
coll_tilt_x = 0.08647935334311287
coll_tilt_y = -0.02200097964935423
ech_G = 31.610892948945665
ech_blaze = -74.99550718176323
ech_gamma = 1.158141671199996
echelle_z = 0.05758682615827746
d_col_trf = -1588.0162440086867
trf_mirror_tilt_x = 0.12254192020987115
trf_mirror_tilt_y = 0.018637994660794813
d_col_grm = 0.015088173268477778
grism_dec_x = 236.39743658514445
grism_dec_y = -0.005026144493130216
grm_tilt_x = -0.024891511580218177
grm_tilt_y = 2.3272859638505086
grm_G = 222.785673859613
grm_apex = 17.809222413021526
d_grm_cam  = 21.604530435468735
cam_dec_x = -0.28355895864581937
cam_dec_y = 0.28972306011136645
cam_tilt_x = 0.004321365675641578
cam_tilt_y = -0.027825336603837663
d_cam_ff  = -160.5699230927099
ccd_ff_dec_x = -0.02281839258379243
ccd_ff_dec_y = -0.04779939628115578
ccd_ff_tilt_x = 0.1650281868984856
ccd_ff_tilt_y = -0.589662648357507
ccd_ff_tilt_z = 0.17173490373075004
d_ff_ccd  = -4.785415404137564
ccd_dec_x = 0.5517869689520697
ccd_dec_y = 5.106089786862754
ccd_defocus = 0.31574225039025827
ccd_tilt_x = 0.02133984505002973
ccd_tilt_y = -0.0042009469939731856
ccd_tilt_z = 3.6527838157148456e-07
p = 1.2125454545454546e-05