slit_dec_x_a = -0.181778666534
slit_dec_y_a = -0.18243150017
slit_dec_x_b = 0.14512077562974193
slit_dec_y_b = -0.05510809031835813
slit_defocus = -0.013750212995182705
slit_tilt_x = 1.0540708961653011
slit_tilt_y = -8.559934494156606
slit_tilt_z = -9.026869985144678
d_slit_col = 1594.290324684758
coll_tilt_x = 0.12146286945289896
coll_tilt_y = -0.026459984072121478
ech_G = 31.614571883119677
ech_blaze = -74.9948915573763
ech_gamma = 1.1556428806318422
echelle_z = 0.057000223507792616
d_col_trf = -1588.0163676602524
trf_mirror_tilt_x = 0.007320646199316485
trf_mirror_tilt_y = 0.1554944496938317
d_col_grm = 0.03567893688078363
grism_dec_x = 236.3832643416397
grism_dec_y = 0.009254886478562669
grm_tilt_x = -0.023507957345816583
grm_tilt_y = 2.3257871091079294
grm_G = 222.7840728479351
grm_apex = 17.766522069136748
d_grm_cam  = 21.60469855214262
cam_dec_x = -0.27109216326823643
cam_dec_y = 0.29087582128224204
cam_tilt_x = 0.012451518806964665
cam_tilt_y = 0.008864264286976288
d_cam_ff  = -160.07718899219006
ccd_ff_dec_x = -0.023802788549750216
ccd_ff_dec_y = 0.04200699397631481
ccd_ff_tilt_x = 0.033458202113899105
ccd_ff_tilt_y = -0.5909806532639829
ccd_ff_tilt_z = 0.17191966422381863
d_ff_ccd  = -4.815962874043591
ccd_dec_x = 0.553296335159672
ccd_dec_y = 5.107639066467823
ccd_defocus = 0.28576052540726776
ccd_tilt_x = 0.03261212436327511
ccd_tilt_y = -0.002171096565506949
ccd_tilt_z = 4.664114137646355e-06
p = 0.0001