slit_dec_x_a = -0.17038416075070237
slit_dec_y_a = -0.1957234207090833
slit_dec_x_b = 0.175
slit_dec_y_b = -2.591981925253892e-96
slit_defocus = 0.005541594156480569
slit_tilt_x = 1.186112077449833
slit_tilt_y = -8.540128174809563
slit_tilt_z = -8.990812223215894
d_slit_col = 1594.2944793633728
coll_tilt_x = 0.08853953725148121
coll_tilt_y = -0.03178393524670289
ech_G = 31.610666620287578
ech_blaze = -74.9771541484061
ech_gamma = 1.1404988152690436
echelle_z = 0.07540265438652831
d_col_trf = -1588.018606211509
trf_mirror_tilt_x = 0.13866549946757875
trf_mirror_tilt_y = 0.07755845154342834
d_col_grm = -0.009543922592171428
grism_dec_x = 236.4343696917915
grism_dec_y = 0.0342517037249168
grm_tilt_x = -0.015716584014006156
grm_tilt_y = 2.3043588461485442
grm_G = 222.82522675435692
grm_apex = 17.81512297487232
d_grm_cam  = 21.60848033183527
cam_dec_x = -0.30213533314979646
cam_dec_y = 0.2503376060400725
cam_tilt_x = -0.01836546811248559
cam_tilt_y = -0.015036173220246538
d_cam_ff  = -160.40099185872148
ccd_ff_dec_x = -0.003541978714763581
ccd_ff_dec_y = 0.00016081405903400518
ccd_ff_tilt_x = 0.14600878796330966
ccd_ff_tilt_y = -0.5720306583259999
ccd_ff_tilt_z = 0.17251995192539205
d_ff_ccd  = -4.811239678573145
ccd_dec_x = 0.6206415127407994
ccd_dec_y = 5.155266147962086
ccd_defocus = 0.31634232111517163
ccd_tilt_x = 0.007806935864342199
ccd_tilt_y = -0.014021270833693695
ccd_tilt_z = 3.3581129313396243e-06
p = 4.2489090909090915e-06