slit_dec_x_a = -0.1704010755187174
slit_dec_y_a = -0.1956586180351446
slit_dec_x_b = 0.175
slit_dec_y_b = -1.8062941146544753e-96
slit_defocus = 0.021365120133312376
slit_tilt_x = 1.114044290398066
slit_tilt_y = -8.538461993562121
slit_tilt_z = -8.991630431079615
d_slit_col = 1594.3099987397025
coll_tilt_x = 0.11325687544513025
coll_tilt_y = -0.028930082818498713
ech_G = 31.613235093631754
ech_blaze = -74.97483074727812
ech_gamma = 1.1389778422053887
echelle_z = 0.07477213061437597
d_col_trf = -1588.0172257799766
trf_mirror_tilt_x = 0.026313117346050467
trf_mirror_tilt_y = 0.16225401325336966
d_col_grm = -0.004794374215283426
grism_dec_x = 236.4232547576625
grism_dec_y = 0.03817236965806337
grm_tilt_x = -0.014058293627814814
grm_tilt_y = 2.30527690691295
grm_G = 222.82400173399682
grm_apex = 17.791043554062654
d_grm_cam  = 21.609816558303912
cam_dec_x = -0.3095639616701833
cam_dec_y = 0.24723633029951053
cam_tilt_x = -0.011043008974212825
cam_tilt_y = 0.0037295672328580536
d_cam_ff  = -160.05733021632136
ccd_ff_dec_x = -0.002601325314062017
ccd_ff_dec_y = 0.05294681737940537
ccd_ff_tilt_x = 0.019558273590877997
ccd_ff_tilt_y = -0.572801142400081
ccd_ff_tilt_z = 0.1800480111774471
d_ff_ccd  = -4.838973635802765
ccd_dec_x = 0.6214032643683047
ccd_dec_y = 5.157146030270192
ccd_defocus = 0.28082266034522174
ccd_tilt_x = 0.005030166153795757
ccd_tilt_y = -0.010988720613154038
ccd_tilt_z = 5.063486228417446e-06
p = 0.0001