slit_dec_x_a = -0.1704651439763844
slit_dec_y_a = -0.1960414471944157
slit_dec_x_b = 0.175
slit_dec_y_b = -2.048411972928219e-96
slit_defocus = 0.005519487174037766
slit_tilt_x = 1.1861199523454962
slit_tilt_y = -8.540058544731627
slit_tilt_z = -8.990855334095713
d_slit_col = 1594.294452807614
coll_tilt_x = 0.08870572765624854
coll_tilt_y = -0.03171454329400952
ech_G = 31.610665547383515
ech_blaze = -74.977095089788
ech_gamma = 1.1405739346685482
echelle_z = 0.0750178896570412
d_col_trf = -1588.0185605982817
trf_mirror_tilt_x = 0.13873152342674208
trf_mirror_tilt_y = 0.07757848185330682
d_col_grm = -0.0095161201380075
grism_dec_x = 236.4342975520611
grism_dec_y = 0.03423091640761297
grm_tilt_x = -0.01571723746020911
grm_tilt_y = 2.3043765352360213
grm_G = 222.82521661225783
grm_apex = 17.815096058225972
d_grm_cam  = 21.608496144931326
cam_dec_x = -0.3021035184424848
cam_dec_y = 0.2503787333721214
cam_tilt_x = -0.018169170262451205
cam_tilt_y = -0.015027443885553082
d_cam_ff  = -160.4009488934489
ccd_ff_dec_x = -0.003557371437698903
ccd_ff_dec_y = 0.00014963155076979786
ccd_ff_tilt_x = 0.14600122250371247
ccd_ff_tilt_y = -0.5720600187748269
ccd_ff_tilt_z = 0.1725618522743032
d_ff_ccd  = -4.811224368838385
ccd_dec_x = 0.6206406981450153
ccd_dec_y = 5.155271577559249
ccd_defocus = 0.3163356193965742
ccd_tilt_x = 0.007773022623972264
ccd_tilt_y = -0.014004382259359866
ccd_tilt_z = 3.239453697304973e-06
p = 7.646727272727273e-06