slit_dec_x_a = -0.181778666534
slit_dec_y_a = -0.18243150017
slit_dec_x_b = 0.14512077562974193
slit_dec_y_b = -0.05510809031835813
slit_defocus = -0.0021897821840419465
slit_tilt_x = 1.1347066939583288
slit_tilt_y = -8.568304159142953
slit_tilt_z = -9.003606063757285
d_slit_col = 1594.3039274083048
coll_tilt_x = 0.08646840701861662
coll_tilt_y = -0.022042958780900984
ech_G = 31.61090386974244
ech_blaze = -74.99560199505719
ech_gamma = 1.158214258911354
echelle_z = 0.056954153305212724
d_col_trf = -1588.0162594763274
trf_mirror_tilt_x = 0.12249815552787087
trf_mirror_tilt_y = 0.018698279412181273
d_col_grm = 0.01497264969607202
grism_dec_x = 236.39747520981604
grism_dec_y = -0.005068291325218618
grm_tilt_x = -0.02484021146740558
grm_tilt_y = 2.327465461522126
grm_G = 222.785702160486
grm_apex = 17.809161527018556
d_grm_cam  = 21.604523326383138
cam_dec_x = -0.283647794867794
cam_dec_y = 0.28975214587242226
cam_tilt_x = 0.004336691494035765
cam_tilt_y = -0.027812853349023472
d_cam_ff  = -160.5695628218585
ccd_ff_dec_x = -0.022899074684674715
ccd_ff_dec_y = -0.047784985810296554
ccd_ff_tilt_x = 0.16503989611272596
ccd_ff_tilt_y = -0.589610764925479
ccd_ff_tilt_z = 0.17169024549779793
d_ff_ccd  = -4.785394570520231
ccd_dec_x = 0.5519521274281425
ccd_dec_y = 5.106586748983548
ccd_defocus = 0.31584392988716203
ccd_tilt_x = 0.021428069049232275
ccd_tilt_y = -0.004226836384386133
ccd_tilt_z = 3.149222186215737e-07
p = 7.646727272727273e-06