slit_dec_x_a = -0.181778666534
slit_dec_y_a = -0.18243150017
slit_dec_x_b = 0.14512077562974193
slit_dec_y_b = -0.05510809031835813
slit_defocus = -0.013804979516843714
slit_tilt_x = 1.0540313486374042
slit_tilt_y = -8.559952690770665
slit_tilt_z = -9.026824436179783
d_slit_col = 1594.290271974112
coll_tilt_x = 0.12146071366051538
coll_tilt_y = -0.026470028866383388
ech_G = 31.6145691571633
ech_blaze = -74.99488596440773
ech_gamma = 1.1556344752725285
echelle_z = 0.05700602897604911
d_col_trf = -1588.0163583310589
trf_mirror_tilt_x = 0.007247226740407544
trf_mirror_tilt_y = 0.1554610990650976
d_col_grm = 0.035627323094937303
grism_dec_x = 236.38323669032707
grism_dec_y = 0.00919855211340629
grm_tilt_x = -0.023506450359543813
grm_tilt_y = 2.325786604759636
grm_G = 222.78406991527558
grm_apex = 17.766546480272826
d_grm_cam  = 21.60470438966807
cam_dec_x = -0.27113262476056016
cam_dec_y = 0.29093814973680254
cam_tilt_x = 0.012486312201564575
cam_tilt_y = 0.008801868777346893
d_cam_ff  = -160.07713867974007
ccd_ff_dec_x = -0.023796256135005894
ccd_ff_dec_y = 0.042060097880969566
ccd_ff_tilt_x = 0.03349326700252967
ccd_ff_tilt_y = -0.5909863834429897
ccd_ff_tilt_z = 0.17191878309974723
d_ff_ccd  = -4.816001161005852
ccd_dec_x = 0.5533041166830449
ccd_dec_y = 5.107633168205692
ccd_defocus = 0.285777180662657
ccd_tilt_x = 0.03257603682947863
ccd_tilt_y = -0.0021418808596370647
ccd_tilt_z = 4.691504673980917e-06
p = 0.0001