slit_dec_x_a = -0.181778666534
slit_dec_y_a = -0.18243150017
slit_dec_x_b = 0.14512077562974193
slit_dec_y_b = -0.05510809031835813
slit_defocus = -0.002198870821049449
slit_tilt_x = 1.1346738678523016
slit_tilt_y = -8.568373965076336
slit_tilt_z = -9.003584930022635
d_slit_col = 1594.3039880432916
coll_tilt_x = 0.08647572040756261
coll_tilt_y = -0.022071393036665176
ech_G = 31.610905230236714
ech_blaze = -74.99561856106678
ech_gamma = 1.1581161727443208
echelle_z = 0.05674007758484469
d_col_trf = -1588.0163651939606
trf_mirror_tilt_x = 0.12249993079935258
trf_mirror_tilt_y = 0.01870714108967204
d_col_grm = 0.014963565915019836
grism_dec_x = 236.39747238505208
grism_dec_y = -0.005071054372944451
grm_tilt_x = -0.024668323305961512
grm_tilt_y = 2.3273372129776813
grm_G = 222.78567835991382
grm_apex = 17.809088422626218
d_grm_cam  = 21.604797262245867
cam_dec_x = -0.28363039420974806
cam_dec_y = 0.28976453644319755
cam_tilt_x = 0.004331285583897918
cam_tilt_y = -0.027780011914455807
d_cam_ff  = -160.56947050856698
ccd_ff_dec_x = -0.022884045545316062
ccd_ff_dec_y = -0.04776088558521177
ccd_ff_tilt_x = 0.16504511799563293
ccd_ff_tilt_y = -0.5894090710866571
ccd_ff_tilt_z = 0.1718959486373668
d_ff_ccd  = -4.7853900992821075
ccd_dec_x = 0.5518747170470084
ccd_dec_y = 5.10638652400612
ccd_defocus = 0.31584478573941005
ccd_tilt_x = 0.021393480349525158
ccd_tilt_y = -0.004231352869218116
ccd_tilt_z = 2.1361475746877476e-07
p = 1.1632727272727274e-05