slit_dec_x_a = -0.1704096192651861
slit_dec_y_a = -0.19585158388586396
slit_dec_x_b = 0.175
slit_dec_y_b = -2.544010460022431e-96
slit_defocus = 0.005516339364521783
slit_tilt_x = 1.1861167729723414
slit_tilt_y = -8.54011247997102
slit_tilt_z = -8.990824700473638
d_slit_col = 1594.2944420585072
coll_tilt_x = 0.08852550150293417
coll_tilt_y = -0.031848674885551743
ech_G = 31.6106541534409
ech_blaze = -74.97707424402033
ech_gamma = 1.1403649395355384
echelle_z = 0.0753802833397391
d_col_trf = -1588.0185962998323
trf_mirror_tilt_x = 0.13865975868220634
trf_mirror_tilt_y = 0.07752682525274666
d_col_grm = -0.009530714705588401
grism_dec_x = 236.43432118941868
grism_dec_y = 0.03423818534499223
grm_tilt_x = -0.015853327704461642
grm_tilt_y = 2.304345710817029
grm_G = 222.82518377298283
grm_apex = 17.815129106463008
d_grm_cam  = 21.60849540196179
cam_dec_x = -0.3021104610138955
cam_dec_y = 0.2503423765325672
cam_tilt_x = -0.018205892632764464
cam_tilt_y = -0.015022236344626771
d_cam_ff  = -160.40095580273217
ccd_ff_dec_x = -0.0035383538374849067
ccd_ff_dec_y = 0.0001861917595784558
ccd_ff_tilt_x = 0.1460093081358955
ccd_ff_tilt_y = -0.5720119692816149
ccd_ff_tilt_z = 0.17257429320288542
d_ff_ccd  = -4.811216344565172
ccd_dec_x = 0.6206420492128233
ccd_dec_y = 5.155284011375441
ccd_defocus = 0.3163175753401098
ccd_tilt_x = 0.007794089398038318
ccd_tilt_y = -0.014005249153395743
ccd_tilt_z = 3.272312716549817e-06
p = 1.1632727272727274e-05