slit_dec_x_a = -0.181778666534
slit_dec_y_a = -0.18243150017
slit_dec_x_b = 0.14512077562974193
slit_dec_y_b = -0.05510809031835813
slit_defocus = -0.002198950428564091
slit_tilt_x = 1.1347015537376204
slit_tilt_y = -8.568302193889409
slit_tilt_z = -9.003610471138428
d_slit_col = 1594.3039132629199
coll_tilt_x = 0.08645144271432109
coll_tilt_y = -0.022036977382901966
ech_G = 31.61090318157828
ech_blaze = -74.99561655455324
ech_gamma = 1.1582326299433852
echelle_z = 0.05702469967365517
d_col_trf = -1588.0162646405136
trf_mirror_tilt_x = 0.12249513313909476
trf_mirror_tilt_y = 0.018691304029072226
d_col_grm = 0.014985332282895026
grism_dec_x = 236.39748532601573
grism_dec_y = -0.005063225347474672
grm_tilt_x = -0.02481296982211575
grm_tilt_y = 2.327468097266848
grm_G = 222.7858051111168
grm_apex = 17.809155821297878
d_grm_cam  = 21.604488694187495
cam_dec_x = -0.28364105627713193
cam_dec_y = 0.28973880492197324
cam_tilt_x = 0.004340156298484956
cam_tilt_y = -0.027809764572161933
d_cam_ff  = -160.56956010696967
ccd_ff_dec_x = -0.02294260712465428
ccd_ff_dec_y = -0.04780610126330878
ccd_ff_tilt_x = 0.1650310944345741
ccd_ff_tilt_y = -0.5895569300809057
ccd_ff_tilt_z = 0.17170477496018663
d_ff_ccd  = -4.785381520486288
ccd_dec_x = 0.5519354054449254
ccd_dec_y = 5.106597556129059
ccd_defocus = 0.3158381531503282
ccd_tilt_x = 0.021424527644640496
ccd_tilt_y = -0.004239221987841101
ccd_tilt_z = 3.068028558585584e-07
p = 5.905181818181818e-06