slit_dec_x_a = -0.1704586969111255
slit_dec_y_a = -0.19604681179363542
slit_dec_x_b = 0.175
slit_dec_y_b = -2.2066182237224358e-96
slit_defocus = 0.005526620162289223
slit_tilt_x = 1.1861228279485792
slit_tilt_y = -8.540050236493236
slit_tilt_z = -8.990862030208636
d_slit_col = 1594.2944541789034
coll_tilt_x = 0.08871659541067702
coll_tilt_y = -0.03173058775541358
ech_G = 31.61068017734324
ech_blaze = -74.97715779085162
ech_gamma = 1.140555543987933
echelle_z = 0.07501462511466761
d_col_trf = -1588.0185553055035
trf_mirror_tilt_x = 0.13872055322701304
trf_mirror_tilt_y = 0.07758285350498204
d_col_grm = -0.009521500122597802
grism_dec_x = 236.434312722106
grism_dec_y = 0.03422327690864968
grm_tilt_x = -0.015822486679687452
grm_tilt_y = 2.304359176305677
grm_G = 222.82520859002298
grm_apex = 17.81509928753314
d_grm_cam  = 21.608484094367967
cam_dec_x = -0.30210001416783777
cam_dec_y = 0.25039154668313296
cam_tilt_x = -0.018107842453616116
cam_tilt_y = -0.015013869276914674
d_cam_ff  = -160.40095454870948
ccd_ff_dec_x = -0.0035417168110867974
ccd_ff_dec_y = 0.00013806000745038264
ccd_ff_tilt_x = 0.14599567948014985
ccd_ff_tilt_y = -0.5720609164426165
ccd_ff_tilt_z = 0.17256712400255106
d_ff_ccd  = -4.811236729853411
ccd_dec_x = 0.620643019378047
ccd_dec_y = 5.155270409911614
ccd_defocus = 0.31633030163892195
ccd_tilt_x = 0.007764336034752531
ccd_tilt_y = -0.014006550386290204
ccd_tilt_z = 3.2288928195449103e-06
p = 5.905181818181818e-06