slit_dec_x_a = -0.181778666534
slit_dec_y_a = -0.18243150017
slit_dec_x_b = 0.14512077562974193
slit_dec_y_b = -0.05510809031835813
slit_defocus = -0.002176285404615407
slit_tilt_x = 1.134668572591845
slit_tilt_y = -8.568217280937267
slit_tilt_z = -9.003637214044257
d_slit_col = 1594.3039374368948
coll_tilt_x = 0.08646404424455563
coll_tilt_y = -0.02199622888271341
ech_G = 31.61091250442887
ech_blaze = -74.99564422681505
ech_gamma = 1.158039055944024
echelle_z = 0.057559269193521126
d_col_trf = -1588.0161230480176
trf_mirror_tilt_x = 0.12251524404147561
trf_mirror_tilt_y = 0.01864415657136035
d_col_grm = 0.015094359345637718
grism_dec_x = 236.3974416937211
grism_dec_y = -0.005002810732607705
grm_tilt_x = -0.024918343419985053
grm_tilt_y = 2.326974673377795
grm_G = 222.7858123589293
grm_apex = 17.809182930479924
d_grm_cam  = 21.60471809091255
cam_dec_x = -0.2835829821513624
cam_dec_y = 0.28969418971617134
cam_tilt_x = 0.0042846813955636194
cam_tilt_y = -0.027792588957085945
d_cam_ff  = -160.5696740527225
ccd_ff_dec_x = -0.022877680014103414
ccd_ff_dec_y = -0.04777463186320514
ccd_ff_tilt_x = 0.16504568112983384
ccd_ff_tilt_y = -0.5895406516986064
ccd_ff_tilt_z = 0.1717778165173497
d_ff_ccd  = -4.785430279592862
ccd_dec_x = 0.5519168493203471
ccd_dec_y = 5.10610333148206
ccd_defocus = 0.315762760556767
ccd_tilt_x = 0.02132966596151421
ccd_tilt_y = -0.004221766697395088
ccd_tilt_z = 3.417801868252769e-07
p = 4.349583333333334e-06