slit_dec_x_a = -0.1704010755187174
slit_dec_y_a = -0.1956586180351446
slit_dec_x_b = 0.175
slit_dec_y_b = -1.8442642191361175e-96
slit_defocus = 0.02137335584546026
slit_tilt_x = 1.1140169344339317
slit_tilt_y = -8.53843162871003
slit_tilt_z = -8.991667417112113
d_slit_col = 1594.310010781904
coll_tilt_x = 0.11325989134766881
coll_tilt_y = -0.02895941411799259
ech_G = 31.613227349156293
ech_blaze = -74.97483739472203
ech_gamma = 1.138978206001793
echelle_z = 0.07477248225049622
d_col_trf = -1588.0172344335863
trf_mirror_tilt_x = 0.02634038432734864
trf_mirror_tilt_y = 0.1622212329684223
d_col_grm = -0.004854795283942854
grism_dec_x = 236.42335909281746
grism_dec_y = 0.03815828470939486
grm_tilt_x = -0.014060131626339317
grm_tilt_y = 2.305272506213565
grm_G = 222.82400706500968
grm_apex = 17.79102599824933
d_grm_cam  = 21.609816851557785
cam_dec_x = -0.30958906175603107
cam_dec_y = 0.2473075669167277
cam_tilt_x = -0.01104367934259581
cam_tilt_y = 0.0037308717740305287
d_cam_ff  = -160.05770517276332
ccd_ff_dec_x = -0.0025999020082089716
ccd_ff_dec_y = 0.05305139336757383
ccd_ff_tilt_x = 0.019534488738363776
ccd_ff_tilt_y = -0.572796387962918
ccd_ff_tilt_z = 0.18005285502103238
d_ff_ccd  = -4.838960499547015
ccd_dec_x = 0.6214069933542394
ccd_dec_y = 5.157143630820165
ccd_defocus = 0.2807869519254969
ccd_tilt_x = 0.004954248787393464
ccd_tilt_y = -0.010904405648246287
ccd_tilt_z = 5.0707833966121856e-06
p = 0.0001