slit_dec_x_a = -0.17038740734115992
slit_dec_y_a = -0.19573204686166215
slit_dec_x_b = 0.175
slit_dec_y_b = -1.682542878760467e-96
slit_defocus = 0.005572010662443024
slit_tilt_x = 1.1861039788229555
slit_tilt_y = -8.539991768070221
slit_tilt_z = -8.990837391930091
d_slit_col = 1594.2944905696424
coll_tilt_x = 0.08874201256603872
coll_tilt_y = -0.03205356218348687
ech_G = 31.610669110235996
ech_blaze = -74.97691900117523
ech_gamma = 1.140178809317083
echelle_z = 0.07472877674767522
d_col_trf = -1588.0185128399212
trf_mirror_tilt_x = 0.1387067772260941
trf_mirror_tilt_y = 0.07751730167005659
d_col_grm = -0.009502928782106863
grism_dec_x = 236.43435304188122
grism_dec_y = 0.034175783675791584
grm_tilt_x = -0.01581687506068331
grm_tilt_y = 2.3043755155653693
grm_G = 222.82517696380705
grm_apex = 17.81511001191764
d_grm_cam  = 21.608487195620224
cam_dec_x = -0.30210609365812907
cam_dec_y = 0.25032631106766356
cam_tilt_x = -0.01862986954312947
cam_tilt_y = -0.015096652935081813
d_cam_ff  = -160.40095322486334
ccd_ff_dec_x = -0.003501582103652987
ccd_ff_dec_y = 0.00026351085977630706
ccd_ff_tilt_x = 0.14603015842811723
ccd_ff_tilt_y = -0.5720881503166872
ccd_ff_tilt_z = 0.17258700448846395
d_ff_ccd  = -4.811323037664232
ccd_dec_x = 0.6206796785296675
ccd_dec_y = 5.155273049439636
ccd_defocus = 0.3162642494792441
ccd_tilt_x = 0.007748346002884786
ccd_tilt_y = -0.014103730514945427
ccd_tilt_z = 3.0746645499615857e-06
p = 3.7364545454545453e-06