slit_dec_x_a = -0.181778666534
slit_dec_y_a = -0.18243150017
slit_dec_x_b = 0.14512077562974193
slit_dec_y_b = -0.05510809031835813
slit_defocus = -0.0021820861342217147
slit_tilt_x = 1.134667625492409
slit_tilt_y = -8.568220871113564
slit_tilt_z = -9.003634353663145
d_slit_col = 1594.3039420632006
coll_tilt_x = 0.08645875062230926
coll_tilt_y = -0.022007594810943925
ech_G = 31.610917897846008
ech_blaze = -74.99567748780416
ech_gamma = 1.1580054918433504
echelle_z = 0.05756158937003579
d_col_trf = -1588.0161110373879
trf_mirror_tilt_x = 0.12250715290507154
trf_mirror_tilt_y = 0.01863794599781701
d_col_grm = 0.01509463842482936
grism_dec_x = 236.39743906297537
grism_dec_y = -0.005016437974932756
grm_tilt_x = -0.02498605769071315
grm_tilt_y = 2.326941767812613
grm_G = 222.78582511383675
grm_apex = 17.809202521103824
d_grm_cam  = 21.604685376036358
cam_dec_x = -0.2835916930914988
cam_dec_y = 0.2896905469333057
cam_tilt_x = 0.004270067691060511
cam_tilt_y = -0.0277793289382575
d_cam_ff  = -160.56962609369862
ccd_ff_dec_x = -0.022872956740112894
ccd_ff_dec_y = -0.047776411653818296
ccd_ff_tilt_x = 0.16505304191568806
ccd_ff_tilt_y = -0.5895508604579109
ccd_ff_tilt_z = 0.17177705728445486
d_ff_ccd  = -4.785445694905317
ccd_dec_x = 0.5519015971069284
ccd_dec_y = 5.106112180087051
ccd_defocus = 0.3157737181356176
ccd_tilt_x = 0.021319166330559497
ccd_tilt_y = -0.004218235462360307
ccd_tilt_z = 3.580242069723766e-07
p = 3.7364545454545453e-06