slit_dec_x_a = -0.1703818292510866
slit_dec_y_a = -0.19569957704097699
slit_dec_x_b = 0.175
slit_dec_y_b = -1.6537137578287926e-96
slit_defocus = 0.005567081787103616
slit_tilt_x = 1.1861039086012555
slit_tilt_y = -8.539994498376432
slit_tilt_z = -8.990843177758371
d_slit_col = 1594.2945113736528
coll_tilt_x = 0.08879372743009888
coll_tilt_y = -0.03193143780148064
ech_G = 31.610682803895884
ech_blaze = -74.97689803181822
ech_gamma = 1.1402789171851435
echelle_z = 0.07469805913225687
d_col_trf = -1588.018526669665
trf_mirror_tilt_x = 0.13872135965401977
trf_mirror_tilt_y = 0.07750255479089234
d_col_grm = -0.009506223806106377
grism_dec_x = 236.4343451747573
grism_dec_y = 0.03416967971109582
grm_tilt_x = -0.015794563994680117
grm_tilt_y = 2.3043685015243778
grm_G = 222.82517936535933
grm_apex = 17.81510977300847
d_grm_cam  = 21.60848317784322
cam_dec_x = -0.3021073976853173
cam_dec_y = 0.25031614532522883
cam_tilt_x = -0.01867820539863745
cam_tilt_y = -0.01510746629518957
d_cam_ff  = -160.40095195595808
ccd_ff_dec_x = -0.003498330957880588
ccd_ff_dec_y = 0.000262323037148082
ccd_ff_tilt_x = 0.14604363991553215
ccd_ff_tilt_y = -0.5720836604183631
ccd_ff_tilt_z = 0.17258423978267606
d_ff_ccd  = -4.8113226256853885
ccd_dec_x = 0.6206675394529609
ccd_dec_y = 5.155278925066343
ccd_defocus = 0.31626859402576357
ccd_tilt_x = 0.007759653898790712
ccd_tilt_y = -0.014108848607304117
ccd_tilt_z = 3.1098971347975866e-06
p = 2.6001666666666663e-06