slit_dec_x_a = -0.1704010755187174
slit_dec_y_a = -0.1956586180351446
slit_dec_x_b = 0.175
slit_dec_y_b = -1.8187745800280699e-96
slit_defocus = 0.021432693041237252
slit_tilt_x = 1.1140462577268768
slit_tilt_y = -8.538478297493977
slit_tilt_z = -8.991613686796564
d_slit_col = 1594.3099860578986
coll_tilt_x = 0.11317425203224124
coll_tilt_y = -0.028893691151180286
ech_G = 31.613232060649896
ech_blaze = -74.97483263448915
ech_gamma = 1.138967279585873
echelle_z = 0.07477038363187297
d_col_trf = -1588.0172300026368
trf_mirror_tilt_x = 0.026238389460195185
trf_mirror_tilt_y = 0.16222307234145034
d_col_grm = -0.004825169014514123
grism_dec_x = 236.42336043439934
grism_dec_y = 0.038162734741586817
grm_tilt_x = -0.01405854069918532
grm_tilt_y = 2.3052731925467467
grm_G = 222.82400778179644
grm_apex = 17.79100646135811
d_grm_cam  = 21.609823026855327
cam_dec_x = -0.30950756245233385
cam_dec_y = 0.24735753205249916
cam_tilt_x = -0.011020480627568255
cam_tilt_y = 0.0037600356762594422
d_cam_ff  = -160.05749244843838
ccd_ff_dec_x = -0.0025993955931146533
ccd_ff_dec_y = 0.052967359274747244
ccd_ff_tilt_x = 0.019504809909771145
ccd_ff_tilt_y = -0.572796937542682
ccd_ff_tilt_z = 0.18004919832607622
d_ff_ccd  = -4.83897927553534
ccd_dec_x = 0.6214084144788867
ccd_dec_y = 5.157155096106094
ccd_defocus = 0.2807897875263317
ccd_tilt_x = 0.005074478943574781
ccd_tilt_y = -0.010847592006327287
ccd_tilt_z = 5.086262662800968e-06
p = 0.0001