slit_dec_x_a = -0.181778666534
slit_dec_y_a = -0.18243150017
slit_dec_x_b = 0.14512077562974193
slit_dec_y_b = -0.05510809031835813
slit_defocus = -0.002195021663595854
slit_tilt_x = 1.1346973709540296
slit_tilt_y = -8.568329368022654
slit_tilt_z = -9.003608770115246
d_slit_col = 1594.3039608295314
coll_tilt_x = 0.08645947933226027
coll_tilt_y = -0.02204237839126284
ech_G = 31.610903348522854
ech_blaze = -74.99561257838427
ech_gamma = 1.1580737553687754
echelle_z = 0.056859505737673476
d_col_trf = -1588.0163592697654
trf_mirror_tilt_x = 0.12251299749668487
trf_mirror_tilt_y = 0.018710620995743915
d_col_grm = 0.014978083813451308
grism_dec_x = 236.39746878958977
grism_dec_y = -0.005031963761043919
grm_tilt_x = -0.02463322505730073
grm_tilt_y = 2.32718910931639
grm_G = 222.78576161743806
grm_apex = 17.809105118209654
d_grm_cam  = 21.6045580535285
cam_dec_x = -0.2836420251981613
cam_dec_y = 0.28975666330159744
cam_tilt_x = 0.004296556706549469
cam_tilt_y = -0.027801490444781085
d_cam_ff  = -160.56960597622617
ccd_ff_dec_x = -0.022842975305055475
ccd_ff_dec_y = -0.047793420813807753
ccd_ff_tilt_x = 0.16504071958011537
ccd_ff_tilt_y = -0.5894529203234203
ccd_ff_tilt_z = 0.17180480261296208
d_ff_ccd  = -4.7853747121434145
ccd_dec_x = 0.5519025676537677
ccd_dec_y = 5.106493205070692
ccd_defocus = 0.3158032722899138
ccd_tilt_x = 0.021418488396541372
ccd_tilt_y = -0.004196151828007922
ccd_tilt_z = 2.570937898672981e-07
p = 9.120583333333334e-06