slit_dec_x_a = -0.17042580605813437
slit_dec_y_a = -0.19606852551655995
slit_dec_x_b = 0.175
slit_dec_y_b = -2.4058439577118376e-96
slit_defocus = 0.005526681678673295
slit_tilt_x = 1.1861002778365566
slit_tilt_y = -8.540099650650244
slit_tilt_z = -8.990860843218039
d_slit_col = 1594.2944593098377
coll_tilt_x = 0.08870097816520982
coll_tilt_y = -0.03177368434308581
ech_G = 31.610683632696826
ech_blaze = -74.97706819410182
ech_gamma = 1.1404685587095373
echelle_z = 0.07535099494535695
d_col_trf = -1588.0185482467557
trf_mirror_tilt_x = 0.13869050763326168
trf_mirror_tilt_y = 0.07753312640215035
d_col_grm = -0.00950988166435025
grism_dec_x = 236.43431847393427
grism_dec_y = 0.03425213714033633
grm_tilt_x = -0.015950363030257847
grm_tilt_y = 2.3043754531222764
grm_G = 222.82520754720065
grm_apex = 17.815143647962522
d_grm_cam  = 21.60848897276651
cam_dec_x = -0.3021200869585275
cam_dec_y = 0.25034476971119496
cam_tilt_x = -0.018139625413600806
cam_tilt_y = -0.015003507450535618
d_cam_ff  = -160.40095211595485
ccd_ff_dec_x = -0.003562602418769391
ccd_ff_dec_y = 0.00012863674846148542
ccd_ff_tilt_x = 0.14602890494940274
ccd_ff_tilt_y = -0.5720485019088294
ccd_ff_tilt_z = 0.1725600575000441
d_ff_ccd  = -4.811241002744514
ccd_dec_x = 0.6206598615247005
ccd_dec_y = 5.15528279740175
ccd_defocus = 0.3163166299014895
ccd_tilt_x = 0.007805682892398119
ccd_tilt_y = -0.014011936808161509
ccd_tilt_z = 3.2551424442380906e-06
p = 9.120583333333334e-06