slit_dec_x_a = -0.1704010755187174
slit_dec_y_a = -0.1956586180351446
slit_dec_x_b = 0.175
slit_dec_y_b = -1.7492300145980591e-96
slit_defocus = 0.021390114837408488
slit_tilt_x = 1.1139546873455937
slit_tilt_y = -8.53847205792913
slit_tilt_z = -8.991605676957297
d_slit_col = 1594.3099133931566
coll_tilt_x = 0.11319596310420797
coll_tilt_y = -0.028862384628379825
ech_G = 31.61323327636633
ech_blaze = -74.97482901039733
ech_gamma = 1.1389775146587207
echelle_z = 0.07476618495357222
d_col_trf = -1588.0172297307104
trf_mirror_tilt_x = 0.02629471396641879
trf_mirror_tilt_y = 0.16221362815208376
d_col_grm = -0.004863525054153403
grism_dec_x = 236.42332232330443
grism_dec_y = 0.03815974541855873
grm_tilt_x = -0.014050504471140694
grm_tilt_y = 2.305281730393294
grm_G = 222.82399257725197
grm_apex = 17.79103991108563
d_grm_cam  = 21.60981930816416
cam_dec_x = -0.30953894637932416
cam_dec_y = 0.24732277835109417
cam_tilt_x = -0.011079474054841656
cam_tilt_y = 0.003768601521360674
d_cam_ff  = -160.05743517686673
ccd_ff_dec_x = -0.0026052393833958143
ccd_ff_dec_y = 0.053025746255524565
ccd_ff_tilt_x = 0.01949904280996362
ccd_ff_tilt_y = -0.5727996401565476
ccd_ff_tilt_z = 0.1800590173350053
d_ff_ccd  = -4.838886266342777
ccd_dec_x = 0.6214065839794848
ccd_dec_y = 5.157153098274118
ccd_defocus = 0.2807145659451932
ccd_tilt_x = 0.005060987299368957
ccd_tilt_y = -0.01090257323316771
ccd_tilt_z = 5.046913568312159e-06
p = 0.0001