slit_dec_x_a = -0.17045085366325885
slit_dec_y_a = -0.1960559266240228
slit_dec_x_b = 0.175
slit_dec_y_b = -2.353989483305175e-96
slit_defocus = 0.005512389161015616
slit_tilt_x = 1.1861338724788268
slit_tilt_y = -8.540057096984174
slit_tilt_z = -8.990865991199353
d_slit_col = 1594.294451925501
coll_tilt_x = 0.08886998998062727
coll_tilt_y = -0.03171038067996076
ech_G = 31.61068600609807
ech_blaze = -74.97699983291874
ech_gamma = 1.14057777027245
echelle_z = 0.07513306686144666
d_col_trf = -1588.0185704010044
trf_mirror_tilt_x = 0.13873325770635647
trf_mirror_tilt_y = 0.0775651823341916
d_col_grm = -0.009531702748073032
grism_dec_x = 236.43431274897316
grism_dec_y = 0.0342389214151157
grm_tilt_x = -0.015790970163032998
grm_tilt_y = 2.3043911257052563
grm_G = 222.8252213688484
grm_apex = 17.815114395904395
d_grm_cam  = 21.6084995021426
cam_dec_x = -0.30210584229246934
cam_dec_y = 0.2503677679376653
cam_tilt_x = -0.0181748304487559
cam_tilt_y = -0.015000559375098753
d_cam_ff  = -160.4009319139848
ccd_ff_dec_x = -0.0035674864482027327
ccd_ff_dec_y = 0.00013650775787743527
ccd_ff_tilt_x = 0.1460023453359883
ccd_ff_tilt_y = -0.5720457540388716
ccd_ff_tilt_z = 0.17256308727581451
d_ff_ccd  = -4.811215623592601
ccd_dec_x = 0.6206385978970437
ccd_dec_y = 5.15527185093731
ccd_defocus = 0.31632290270164964
ccd_tilt_x = 0.007821157547187997
ccd_tilt_y = -0.014019662556478369
ccd_tilt_z = 3.237273215551999e-06
p = 1.0189166666666667e-05