slit_dec_x_a = -0.181778666534
slit_dec_y_a = -0.18243150017
slit_dec_x_b = 0.14512077562974193
slit_dec_y_b = -0.05510809031835813
slit_defocus = -0.002200045257382394
slit_tilt_x = 1.1347105425927648
slit_tilt_y = -8.568309405904126
slit_tilt_z = -9.0035974497474
d_slit_col = 1594.3039125358775
coll_tilt_x = 0.08646843448077027
coll_tilt_y = -0.02205656859210817
ech_G = 31.61090352875352
ech_blaze = -74.99561064602555
ech_gamma = 1.1581874031410662
echelle_z = 0.05695743599146974
d_col_trf = -1588.016228138796
trf_mirror_tilt_x = 0.1225037934819475
trf_mirror_tilt_y = 0.018726291463150184
d_col_grm = 0.014998555746063449
grism_dec_x = 236.39749419760793
grism_dec_y = -0.005071739014184698
grm_tilt_x = -0.024759553761558136
grm_tilt_y = 2.327447437442703
grm_G = 222.7857673923758
grm_apex = 17.8091427364416
d_grm_cam  = 21.604557886760727
cam_dec_x = -0.28363388053864785
cam_dec_y = 0.2897557851234197
cam_tilt_x = 0.004324832799052524
cam_tilt_y = -0.027806991398764556
d_cam_ff  = -160.56967136371614
ccd_ff_dec_x = -0.022898266267569994
ccd_ff_dec_y = -0.04777981798188899
ccd_ff_tilt_x = 0.1650446775229056
ccd_ff_tilt_y = -0.589518021728619
ccd_ff_tilt_z = 0.17173589016627658
d_ff_ccd  = -4.7853718612397955
ccd_dec_x = 0.5519151630479727
ccd_dec_y = 5.106413926991846
ccd_defocus = 0.31584071394687396
ccd_tilt_x = 0.021428945320706806
ccd_tilt_y = -0.004225249483189264
ccd_tilt_z = 2.929423431454355e-07
p = 1.0189166666666667e-05