slit_dec_x_a = -0.1704010755187174
slit_dec_y_a = -0.1956586180351446
slit_dec_x_b = 0.175
slit_dec_y_b = -1.8460553251546765e-96
slit_defocus = 0.02133936900120749
slit_tilt_x = 1.1140234975130232
slit_tilt_y = -8.538448891322346
slit_tilt_z = -8.99166058868692
d_slit_col = 1594.309988905363
coll_tilt_x = 0.11320453245153878
coll_tilt_y = -0.028904580522380804
ech_G = 31.613239510845187
ech_blaze = -74.97483852977115
ech_gamma = 1.1389800296659418
echelle_z = 0.0747728054412938
d_col_trf = -1588.0172364580094
trf_mirror_tilt_x = 0.026270781012675028
trf_mirror_tilt_y = 0.16224530631535974
d_col_grm = -0.004827930021318583
grism_dec_x = 236.4233366441794
grism_dec_y = 0.038170490627310066
grm_tilt_x = -0.014050865802543982
grm_tilt_y = 2.3052832517218054
grm_G = 222.82400660473965
grm_apex = 17.791007686933014
d_grm_cam  = 21.609814143996132
cam_dec_x = -0.3094885613879309
cam_dec_y = 0.24731531357979525
cam_tilt_x = -0.01108943975105838
cam_tilt_y = 0.0037619027895362
d_cam_ff  = -160.057494392985
ccd_ff_dec_x = -0.0025973545341345717
ccd_ff_dec_y = 0.05306298831728606
ccd_ff_tilt_x = 0.019569431488058932
ccd_ff_tilt_y = -0.5728017460386521
ccd_ff_tilt_z = 0.18004876064772712
d_ff_ccd  = -4.8389842583909175
ccd_dec_x = 0.6214058647840895
ccd_dec_y = 5.1571520071735195
ccd_defocus = 0.2807528993140136
ccd_tilt_x = 0.004987131546834104
ccd_tilt_y = -0.01097216206949681
ccd_tilt_z = 5.108777063647255e-06
p = 0.0001