slit_dec_x_a = -0.181778666534
slit_dec_y_a = -0.18243150017
slit_dec_x_b = 0.14512077562974193
slit_dec_y_b = -0.05510809031835813
slit_defocus = -0.013894186178277309
slit_tilt_x = 1.0541185506381479
slit_tilt_y = -8.559944895091004
slit_tilt_z = -9.02691343458143
d_slit_col = 1594.2903076380237
coll_tilt_x = 0.12144879597709221
coll_tilt_y = -0.026555342696093907
ech_G = 31.614570046388568
ech_blaze = -74.99489430547284
ech_gamma = 1.155642224483295
echelle_z = 0.057000036495467865
d_col_trf = -1588.0163718261351
trf_mirror_tilt_x = 0.0073130363992097444
trf_mirror_tilt_y = 0.1554652966582241
d_col_grm = 0.03565789393749623
grism_dec_x = 236.3832304449331
grism_dec_y = 0.009190066384822577
grm_tilt_x = -0.023503133735131836
grm_tilt_y = 2.325788125719142
grm_G = 222.78406515757732
grm_apex = 17.766511275543625
d_grm_cam  = 21.60470443917415
cam_dec_x = -0.2710954390458532
cam_dec_y = 0.2909143439164263
cam_tilt_x = 0.012416926969082549
cam_tilt_y = 0.00886092396795585
d_cam_ff  = -160.07710712089144
ccd_ff_dec_x = -0.02380599954193313
ccd_ff_dec_y = 0.042004453142032876
ccd_ff_tilt_x = 0.0334954488716109
ccd_ff_tilt_y = -0.5909788767220557
ccd_ff_tilt_z = 0.17191881803902784
d_ff_ccd  = -4.8160555311106
ccd_dec_x = 0.5532993625231702
ccd_dec_y = 5.1076338386116475
ccd_defocus = 0.28575219170790056
ccd_tilt_x = 0.03252396718811293
ccd_tilt_y = -0.002142973121889611
ccd_tilt_z = 4.711809809876442e-06
p = 0.0001