slit_dec_x_a = -0.181778666534
slit_dec_y_a = -0.18243150017
slit_dec_x_b = 0.14512077562974193
slit_dec_y_b = -0.05510809031835813
slit_defocus = -0.0022527367218267156
slit_tilt_x = 1.1346969494565322
slit_tilt_y = -8.5683602499058
slit_tilt_z = -9.003597098855002
d_slit_col = 1594.303954217843
coll_tilt_x = 0.08648727648704116
coll_tilt_y = -0.022031074565205346
ech_G = 31.610939270079292
ech_blaze = -74.99583978141258
ech_gamma = 1.1582594751510853
echelle_z = 0.05644409342693569
d_col_trf = -1588.0163705509167
trf_mirror_tilt_x = 0.1224479323265462
trf_mirror_tilt_y = 0.018704632984988718
d_col_grm = 0.014935732638781996
grism_dec_x = 236.39749592125943
grism_dec_y = -0.0050855306778134855
grm_tilt_x = -0.02471329826738792
grm_tilt_y = 2.327374485349778
grm_G = 222.78594411959725
grm_apex = 17.809064045291514
d_grm_cam  = 21.60481732928048
cam_dec_x = -0.2836255224623078
cam_dec_y = 0.2897540562639415
cam_tilt_x = 0.004341728782930926
cam_tilt_y = -0.027773911114953226
d_cam_ff  = -160.56961897078264
ccd_ff_dec_x = -0.02268451087723924
ccd_ff_dec_y = -0.04776950348776525
ccd_ff_tilt_x = 0.16502246028639556
ccd_ff_tilt_y = -0.5893729465742301
ccd_ff_tilt_z = 0.17185702799936056
d_ff_ccd  = -4.7854220736834545
ccd_dec_x = 0.5518747194565856
ccd_dec_y = 5.106366200100682
ccd_defocus = 0.31586981004287323
ccd_tilt_x = 0.02138720915538233
ccd_tilt_y = -0.004203374070767951
ccd_tilt_z = 1.8911921959328275e-07
p = 2.9259090909090908e-06