slit_dec_x_a = -0.17038722442833673
slit_dec_y_a = -0.19575228345900353
slit_dec_x_b = 0.175
slit_dec_y_b = -2.610049506540534e-96
slit_defocus = 0.005539822654060751
slit_tilt_x = 1.186104708453228
slit_tilt_y = -8.540124701721304
slit_tilt_z = -8.990814612923208
d_slit_col = 1594.2944831245734
coll_tilt_x = 0.08849857512894578
coll_tilt_y = -0.03180256706993635
ech_G = 31.610659420208453
ech_blaze = -74.97713516204885
ech_gamma = 1.1404713175575332
echelle_z = 0.07544882379394219
d_col_trf = -1588.018611828906
trf_mirror_tilt_x = 0.13865586912477293
trf_mirror_tilt_y = 0.077552634014692
d_col_grm = -0.009543287514637682
grism_dec_x = 236.43436925780665
grism_dec_y = 0.03424656408573834
grm_tilt_x = -0.01570083471385624
grm_tilt_y = 2.3043594801569967
grm_G = 222.8252086666657
grm_apex = 17.815123112212863
d_grm_cam  = 21.608497474549146
cam_dec_x = -0.3021313674300065
cam_dec_y = 0.25033583891843963
cam_tilt_x = -0.018401009088671937
cam_tilt_y = -0.01504841776688167
d_cam_ff  = -160.40100192827393
ccd_ff_dec_x = -0.0035302681152523416
ccd_ff_dec_y = 0.0001449627502041262
ccd_ff_tilt_x = 0.14601577117343995
ccd_ff_tilt_y = -0.5720337110524746
ccd_ff_tilt_z = 0.17252371688703522
d_ff_ccd  = -4.8112322602298985
ccd_dec_x = 0.6206415201787241
ccd_dec_y = 5.155269032577255
ccd_defocus = 0.3163419198635711
ccd_tilt_x = 0.007810688027904029
ccd_tilt_y = -0.01400610928340392
ccd_tilt_z = 3.3873502409485993e-06
p = 2.9259090909090908e-06