slit_dec_x_a = -0.181778666534
slit_dec_y_a = -0.18243150017
slit_dec_x_b = 0.14512077562974193
slit_dec_y_b = -0.05510809031835813
slit_defocus = -0.013844024761472942
slit_tilt_x = 1.0540649526786074
slit_tilt_y = -8.559930756056477
slit_tilt_z = -9.026873314558182
d_slit_col = 1594.2902821907448
coll_tilt_x = 0.12140299285269597
coll_tilt_y = -0.02646897950378713
ech_G = 31.614563851568455
ech_blaze = -74.99488466982184
ech_gamma = 1.1556407710493257
echelle_z = 0.057006577087449564
d_col_trf = -1588.0163646359317
trf_mirror_tilt_x = 0.00732843919897201
trf_mirror_tilt_y = 0.15546807459311324
d_col_grm = 0.03565799428578248
grism_dec_x = 236.38321844640703
grism_dec_y = 0.009173333943279172
grm_tilt_x = -0.023506963480497318
grm_tilt_y = 2.32578603511167
grm_G = 222.78406871042202
grm_apex = 17.76644314937344
d_grm_cam  = 21.604701058761382
cam_dec_x = -0.271101404430386
cam_dec_y = 0.29095357211013834
cam_tilt_x = 0.012419485576156438
cam_tilt_y = 0.008825228667793866
d_cam_ff  = -160.0771170481817
ccd_ff_dec_x = -0.023808357946134947
ccd_ff_dec_y = 0.042036313956756985
ccd_ff_tilt_x = 0.033470407453331054
ccd_ff_tilt_y = -0.5909775386794781
ccd_ff_tilt_z = 0.17192047980667144
d_ff_ccd  = -4.816047531862214
ccd_dec_x = 0.5532938944048342
ccd_dec_y = 5.107635749399761
ccd_defocus = 0.285699515397154
ccd_tilt_x = 0.03257992987513994
ccd_tilt_y = -0.002171476771416934
ccd_tilt_z = 4.655792538691871e-06
p = 0.0001