slit_dec_x_a = -0.1704010755187174
slit_dec_y_a = -0.1956586180351446
slit_dec_x_b = 0.175
slit_dec_y_b = -1.8577960619444803e-96
slit_defocus = 0.021388269595827937
slit_tilt_x = 1.1140028312433383
slit_tilt_y = -8.538422743363201
slit_tilt_z = -8.991627162640281
d_slit_col = 1594.3099610956021
coll_tilt_x = 0.11319994170941389
coll_tilt_y = -0.028871862890980607
ech_G = 31.61323358782186
ech_blaze = -74.97483034035672
ech_gamma = 1.1389682360124558
echelle_z = 0.07476859700895867
d_col_trf = -1588.0172284116486
trf_mirror_tilt_x = 0.026324383770538806
trf_mirror_tilt_y = 0.16209162325244783
d_col_grm = -0.0048344768784758406
grism_dec_x = 236.42333505423258
grism_dec_y = 0.038140244063982386
grm_tilt_x = -0.014058917170339509
grm_tilt_y = 2.3052827552139443
grm_G = 222.82400627466404
grm_apex = 17.791094570260192
d_grm_cam  = 21.609816800504678
cam_dec_x = -0.30949692506355814
cam_dec_y = 0.2472079762864512
cam_tilt_x = -0.011069624428469867
cam_tilt_y = 0.003832131153576784
d_cam_ff  = -160.05768895731094
ccd_ff_dec_x = -0.0026035139896121023
ccd_ff_dec_y = 0.053016840982966516
ccd_ff_tilt_x = 0.019528394937076143
ccd_ff_tilt_y = -0.5727976892165302
ccd_ff_tilt_z = 0.18005055198086273
d_ff_ccd  = -4.838970375293894
ccd_dec_x = 0.6214018725441768
ccd_dec_y = 5.157150751417441
ccd_defocus = 0.28069706173029235
ccd_tilt_x = 0.005035755618898147
ccd_tilt_y = -0.010935609282407924
ccd_tilt_z = 5.118640000009419e-06
p = 0.0001