slit_dec_x_a = -0.1704010755187174
slit_dec_y_a = -0.1956586180351446
slit_dec_x_b = 0.175
slit_dec_y_b = -1.8765022672465627e-96
slit_defocus = 0.02141536986427784
slit_tilt_x = 1.113940073013268
slit_tilt_y = -8.53841226868792
slit_tilt_z = -8.991568964276098
d_slit_col = 1594.3099715530382
coll_tilt_x = 0.11316547480550222
coll_tilt_y = -0.028886779777115068
ech_G = 31.613232145723018
ech_blaze = -74.97483183765556
ech_gamma = 1.138978129806533
echelle_z = 0.07476564021161526
d_col_trf = -1588.0172308895144
trf_mirror_tilt_x = 0.026320840715662396
trf_mirror_tilt_y = 0.16217231480289232
d_col_grm = -0.0048890881580339355
grism_dec_x = 236.42333693411857
grism_dec_y = 0.038172612699329325
grm_tilt_x = -0.01404950581109565
grm_tilt_y = 2.305278621331091
grm_G = 222.8240084584913
grm_apex = 17.791004835268932
d_grm_cam  = 21.609814455906744
cam_dec_x = -0.3095276565229684
cam_dec_y = 0.24727204401201874
cam_tilt_x = -0.011067472286502863
cam_tilt_y = 0.003797178140995016
d_cam_ff  = -160.05750814134447
ccd_ff_dec_x = -0.0026004341183615202
ccd_ff_dec_y = 0.05302553236105488
ccd_ff_tilt_x = 0.019506433903218198
ccd_ff_tilt_y = -0.5728084264991958
ccd_ff_tilt_z = 0.18005320148159057
d_ff_ccd  = -4.838884564129306
ccd_dec_x = 0.6214015815439464
ccd_dec_y = 5.157146396786852
ccd_defocus = 0.28076260847180046
ccd_tilt_x = 0.005086110357107516
ccd_tilt_y = -0.010904869918544374
ccd_tilt_z = 5.09668755840565e-06
p = 0.0001