slit_dec_x_a = -0.181778666534
slit_dec_y_a = -0.18243150017
slit_dec_x_b = 0.14512077562974193
slit_dec_y_b = -0.05510809031835813
slit_defocus = -0.0022088788728600486
slit_tilt_x = 1.1346731862413433
slit_tilt_y = -8.568366974963276
slit_tilt_z = -9.003607622925049
d_slit_col = 1594.303974548921
coll_tilt_x = 0.08645740942170593
coll_tilt_y = -0.02206246517237829
ech_G = 31.610885370289704
ech_blaze = -74.99549866874644
ech_gamma = 1.1581440911059517
echelle_z = 0.05674729455658024
d_col_trf = -1588.0164033292858
trf_mirror_tilt_x = 0.1225300844969206
trf_mirror_tilt_y = 0.018698763328988836
d_col_grm = 0.014994708822195914
grism_dec_x = 236.39746843689957
grism_dec_y = -0.005068298016733467
grm_tilt_x = -0.024660922601981793
grm_tilt_y = 2.3272976047853144
grm_G = 222.78574748284458
grm_apex = 17.80909651110809
d_grm_cam  = 21.60475492155261
cam_dec_x = -0.28362647285316306
cam_dec_y = 0.28977105423093547
cam_tilt_x = 0.004318761972504562
cam_tilt_y = -0.02778212919042013
d_cam_ff  = -160.56960507816123
ccd_ff_dec_x = -0.022896973854118347
ccd_ff_dec_y = -0.04777617298704726
ccd_ff_tilt_x = 0.1650488801929866
ccd_ff_tilt_y = -0.5893576753658248
ccd_ff_tilt_z = 0.1718914715351181
d_ff_ccd  = -4.785364331339462
ccd_dec_x = 0.5518357880146206
ccd_dec_y = 5.106430305852094
ccd_defocus = 0.31582095120142495
ccd_tilt_x = 0.02139827549864759
ccd_tilt_y = -0.004213510015955577
ccd_tilt_z = 2.6063114798802937e-07
p = 7.257454545454546e-06