slit_dec_x_a = -0.1704010755187174
slit_dec_y_a = -0.1956586180351446
slit_dec_x_b = 0.175
slit_dec_y_b = -1.904806310932141e-96
slit_defocus = 0.021381287337347624
slit_tilt_x = 1.113964410388343
slit_tilt_y = -8.53846879712003
slit_tilt_z = -8.991685551211
d_slit_col = 1594.3100066947347
coll_tilt_x = 0.11321964616543762
coll_tilt_y = -0.028930406449221794
ech_G = 31.613231561715207
ech_blaze = -74.97482899083806
ech_gamma = 1.1389731820632454
echelle_z = 0.07477031074548966
d_col_trf = -1588.0172360385297
trf_mirror_tilt_x = 0.026238878655351634
trf_mirror_tilt_y = 0.16217199520262465
d_col_grm = -0.0048984017015109285
grism_dec_x = 236.42332079056152
grism_dec_y = 0.038210882412220745
grm_tilt_x = -0.01405751986565411
grm_tilt_y = 2.305278634559471
grm_G = 222.823999373999
grm_apex = 17.79101917496686
d_grm_cam  = 21.609813965004015
cam_dec_x = -0.30957976778821183
cam_dec_y = 0.24729125594626059
cam_tilt_x = -0.011022920066790814
cam_tilt_y = 0.0037172587245967955
d_cam_ff  = -160.0577919182388
ccd_ff_dec_x = -0.0025990347441777325
ccd_ff_dec_y = 0.05302252347442976
ccd_ff_tilt_x = 0.01953041710452323
ccd_ff_tilt_y = -0.5727989387868759
ccd_ff_tilt_z = 0.1800540288311702
d_ff_ccd  = -4.83893834021675
ccd_dec_x = 0.6214014612708327
ccd_dec_y = 5.157149029061421
ccd_defocus = 0.2807610712342968
ccd_tilt_x = 0.005004524829566912
ccd_tilt_y = -0.010917422993286376
ccd_tilt_z = 5.138192131690429e-06
p = 0.0001