slit_dec_x_a = -0.181778666534
slit_dec_y_a = -0.18243150017
slit_dec_x_b = 0.14512077562974193
slit_dec_y_b = -0.05510809031835813
slit_defocus = -0.0022133448173036756
slit_tilt_x = 1.1346904752056859
slit_tilt_y = -8.568301194502698
slit_tilt_z = -9.003628400673486
d_slit_col = 1594.3039145399623
coll_tilt_x = 0.0864336208186805
coll_tilt_y = -0.02203945445724076
ech_G = 31.610917109959967
ech_blaze = -74.995762300693
ech_gamma = 1.1581311516203396
echelle_z = 0.05720744920290476
d_col_trf = -1588.0161919890736
trf_mirror_tilt_x = 0.1225066775120373
trf_mirror_tilt_y = 0.01868553555878707
d_col_grm = 0.014988438824026435
grism_dec_x = 236.397485417217
grism_dec_y = -0.005038331669600491
grm_tilt_x = -0.024744486207785625
grm_tilt_y = 2.327438980340163
grm_G = 222.7856949650553
grm_apex = 17.80918338304022
d_grm_cam  = 21.604419636059227
cam_dec_x = -0.2836277979353182
cam_dec_y = 0.2897155933174311
cam_tilt_x = 0.004357068158776506
cam_tilt_y = -0.027820913696820857
d_cam_ff  = -160.56965612384667
ccd_ff_dec_x = -0.02295936589385087
ccd_ff_dec_y = -0.047775981829938356
ccd_ff_tilt_x = 0.1650493435788481
ccd_ff_tilt_y = -0.5895932657204226
ccd_ff_tilt_z = 0.17180964226011308
d_ff_ccd  = -4.785362591151046
ccd_dec_x = 0.552010404148541
ccd_dec_y = 5.106461045057944
ccd_defocus = 0.31579628551062777
ccd_tilt_x = 0.021419445774986758
ccd_tilt_y = -0.004188484646125568
ccd_tilt_z = 3.0438204777084794e-07
p = 1.7125833333333335e-05