slit_dec_x_a = -0.17042885407485403
slit_dec_y_a = -0.1960114790149263
slit_dec_x_b = 0.175
slit_dec_y_b = -1.948401282201851e-96
slit_defocus = 0.00557565302416571
slit_tilt_x = 1.186121485395318
slit_tilt_y = -8.54000450395907
slit_tilt_z = -8.990855121239527
d_slit_col = 1594.2944306390277
coll_tilt_x = 0.08870363080111032
coll_tilt_y = -0.031782562705230825
ech_G = 31.61068245175239
ech_blaze = -74.9770857040635
ech_gamma = 1.1404415783373008
echelle_z = 0.07496522995182334
d_col_trf = -1588.0185555407345
trf_mirror_tilt_x = 0.1387069275322676
trf_mirror_tilt_y = 0.07759513615037344
d_col_grm = -0.009532354342950015
grism_dec_x = 236.43428836568566
grism_dec_y = 0.034246325973694466
grm_tilt_x = -0.01571683538928605
grm_tilt_y = 2.3043742606041833
grm_G = 222.82516845984162
grm_apex = 17.815105658094527
d_grm_cam  = 21.608485886089607
cam_dec_x = -0.30213081995408375
cam_dec_y = 0.2503687513261259
cam_tilt_x = -0.018390293221035768
cam_tilt_y = -0.015036743326731907
d_cam_ff  = -160.40098228338178
ccd_ff_dec_x = -0.0035380977989824297
ccd_ff_dec_y = 0.00015224340615644933
ccd_ff_tilt_x = 0.14601631840601606
ccd_ff_tilt_y = -0.5721079699554691
ccd_ff_tilt_z = 0.17257659273757886
d_ff_ccd  = -4.811233678690391
ccd_dec_x = 0.6206804487141263
ccd_dec_y = 5.155282318005494
ccd_defocus = 0.3162989908275286
ccd_tilt_x = 0.007767056705498136
ccd_tilt_y = -0.014022717561163566
ccd_tilt_z = 3.155077152543658e-06
p = 1.7125833333333335e-05