slit_dec_x_a = -0.181778666534
slit_dec_y_a = -0.18243150017
slit_dec_x_b = 0.14512077562974193
slit_dec_y_b = -0.05510809031835813
slit_defocus = -0.002205039129378089
slit_tilt_x = 1.1346769342479577
slit_tilt_y = -8.568381762271988
slit_tilt_z = -9.003580886917373
d_slit_col = 1594.3039952610145
coll_tilt_x = 0.08647830616942047
coll_tilt_y = -0.022056392067062953
ech_G = 31.61091788923431
ech_blaze = -74.99569492906373
ech_gamma = 1.1581360372575442
echelle_z = 0.05674557420685114
d_col_trf = -1588.0163193557185
trf_mirror_tilt_x = 0.1224944775372321
trf_mirror_tilt_y = 0.018705076805004984
d_col_grm = 0.014957331017602086
grism_dec_x = 236.39747306018887
grism_dec_y = -0.0050706076495712306
grm_tilt_x = -0.024664964754955887
grm_tilt_y = 2.3273123525039754
grm_G = 222.78574896437735
grm_apex = 17.80907454756808
d_grm_cam  = 21.604837951742304
cam_dec_x = -0.28362652656009557
cam_dec_y = 0.2897635418081651
cam_tilt_x = 0.004334225505039037
cam_tilt_y = -0.027780976910230508
d_cam_ff  = -160.56947322866776
ccd_ff_dec_x = -0.02283677733980549
ccd_ff_dec_y = -0.04776445679581159
ccd_ff_tilt_x = 0.1650308702224678
ccd_ff_tilt_y = -0.5894157129797047
ccd_ff_tilt_z = 0.17183115771719823
d_ff_ccd  = -4.785377975422098
ccd_dec_x = 0.5518117711779628
ccd_dec_y = 5.1064646810245025
ccd_defocus = 0.3158444071030261
ccd_tilt_x = 0.02138587271046446
ccd_tilt_y = -0.00421815617917961
ccd_tilt_z = 2.3028360132374264e-07
p = 9.220090909090909e-06