slit_dec_x_a = -0.17040201812224418
slit_dec_y_a = -0.19581078174780223
slit_dec_x_b = 0.175
slit_dec_y_b = -2.5670408242515452e-96
slit_defocus = 0.005512890343773738
slit_tilt_x = 1.1861251721279955
slit_tilt_y = -8.54010734459441
slit_tilt_z = -8.990825181737494
d_slit_col = 1594.2944438623094
coll_tilt_x = 0.0885551813466417
coll_tilt_y = -0.031786854159995305
ech_G = 31.61066636518067
ech_blaze = -74.97709487990915
ech_gamma = 1.1404246943120957
echelle_z = 0.07540358208369838
d_col_trf = -1588.0186041327725
trf_mirror_tilt_x = 0.13865468396034686
trf_mirror_tilt_y = 0.07753333905990584
d_col_grm = -0.009537882881089354
grism_dec_x = 236.43432120106615
grism_dec_y = 0.03423167123006461
grm_tilt_x = -0.015852668343672157
grm_tilt_y = 2.304354082794913
grm_G = 222.8251781287723
grm_apex = 17.815129821271903
d_grm_cam  = 21.60848690800131
cam_dec_x = -0.3020936943133422
cam_dec_y = 0.25033758850115795
cam_tilt_x = -0.018251122841670207
cam_tilt_y = -0.015024250981804266
d_cam_ff  = -160.4009600350353
ccd_ff_dec_x = -0.0035373844051617065
ccd_ff_dec_y = 0.00018642232806236178
ccd_ff_tilt_x = 0.1460128035345634
ccd_ff_tilt_y = -0.5720114425561856
ccd_ff_tilt_z = 0.17256992144340577
d_ff_ccd  = -4.811214096251352
ccd_dec_x = 0.6206331457757892
ccd_dec_y = 5.155282645839432
ccd_defocus = 0.31631130988799666
ccd_tilt_x = 0.007786257692204223
ccd_tilt_y = -0.01400846336220507
ccd_tilt_z = 3.2614808205384253e-06
p = 9.220090909090909e-06