slit_dec_x_a = -0.17040807799916038
slit_dec_y_a = -0.19590195965679533
slit_dec_x_b = 0.175
slit_dec_y_b = -1.7965220438797564e-96
slit_defocus = 0.005600896713537499
slit_tilt_x = 1.1861250606968443
slit_tilt_y = -8.540003469774353
slit_tilt_z = -8.990853421132408
d_slit_col = 1594.2944809331475
coll_tilt_x = 0.08868718731600828
coll_tilt_y = -0.03200797242363893
ech_G = 31.610646042107888
ech_blaze = -74.9767934034817
ech_gamma = 1.1402332339079035
echelle_z = 0.07487409281189226
d_col_trf = -1588.018518976759
trf_mirror_tilt_x = 0.13870130757116164
trf_mirror_tilt_y = 0.07753372578140187
d_col_grm = -0.009534928102078002
grism_dec_x = 236.43435641558608
grism_dec_y = 0.03415749212510057
grm_tilt_x = -0.015908841993385374
grm_tilt_y = 2.304381113714159
grm_G = 222.82519121676876
grm_apex = 17.81509776289538
d_grm_cam  = 21.608503024848773
cam_dec_x = -0.30210637656870776
cam_dec_y = 0.2503373035626555
cam_tilt_x = -0.018495267543867842
cam_tilt_y = -0.015110855025784704
d_cam_ff  = -160.4009653917981
ccd_ff_dec_x = -0.003505122796322956
ccd_ff_dec_y = 0.0002615911499505041
ccd_ff_tilt_x = 0.14604362517648467
ccd_ff_tilt_y = -0.5720625155332424
ccd_ff_tilt_z = 0.17260039587257925
d_ff_ccd  = -4.8113120045490945
ccd_dec_x = 0.6206915472521037
ccd_dec_y = 5.155289996850622
ccd_defocus = 0.31628521658266084
ccd_tilt_x = 0.007751766367767638
ccd_tilt_y = -0.01411092940365626
ccd_tilt_z = 3.104885957862034e-06
p = 5.828545454545455e-06