slit_dec_x_a = -0.181778666534
slit_dec_y_a = -0.18243150017
slit_dec_x_b = 0.14512077562974193
slit_dec_y_b = -0.05510809031835813
slit_defocus = -0.002193094233921823
slit_tilt_x = 1.1346698100845596
slit_tilt_y = -8.568225021249502
slit_tilt_z = -9.00362094200307
d_slit_col = 1594.3039464745307
coll_tilt_x = 0.08647221294371521
coll_tilt_y = -0.021971219956133305
ech_G = 31.61090476658708
ech_blaze = -74.99562421762404
ech_gamma = 1.1580882541244655
echelle_z = 0.057524471568829436
d_col_trf = -1588.0161825709279
trf_mirror_tilt_x = 0.12251369768442555
trf_mirror_tilt_y = 0.018626973534291758
d_col_grm = 0.01510818363326364
grism_dec_x = 236.39743058379491
grism_dec_y = -0.005015925259895765
grm_tilt_x = -0.02484048780206215
grm_tilt_y = 2.3270750230228825
grm_G = 222.78569481119135
grm_apex = 17.80920885595549
d_grm_cam  = 21.60460270807293
cam_dec_x = -0.2835830130564171
cam_dec_y = 0.28968449796365425
cam_tilt_x = 0.004286180635852874
cam_tilt_y = -0.02779469196537039
d_cam_ff  = -160.56967552209693
ccd_ff_dec_x = -0.02289592125350497
ccd_ff_dec_y = -0.047770069247074595
ccd_ff_tilt_x = 0.1650451513510468
ccd_ff_tilt_y = -0.5896488151602508
ccd_ff_tilt_z = 0.17172748503955518
d_ff_ccd  = -4.7854224370383
ccd_dec_x = 0.5519477905559333
ccd_dec_y = 5.106123882880283
ccd_defocus = 0.3157592123597596
ccd_tilt_x = 0.021320266500981476
ccd_tilt_y = -0.004215812354427418
ccd_tilt_z = 3.4428077327153034e-07
p = 5.828545454545455e-06