slit_dec_x_a = -0.1704010755187174
slit_dec_y_a = -0.1956586180351446
slit_dec_x_b = 0.175
slit_dec_y_b = -1.8916340247236075e-96
slit_defocus = 0.02134653545932432
slit_tilt_x = 1.1140250908853728
slit_tilt_y = -8.538480953086081
slit_tilt_z = -8.991612520218094
d_slit_col = 1594.3100198795846
coll_tilt_x = 0.11321866689858709
coll_tilt_y = -0.028870368129651918
ech_G = 31.61323179851259
ech_blaze = -74.97482658080257
ech_gamma = 1.1389751858876793
echelle_z = 0.07477486843055225
d_col_trf = -1588.0172293236353
trf_mirror_tilt_x = 0.02623052370478391
trf_mirror_tilt_y = 0.1621846883486944
d_col_grm = -0.004828894462803591
grism_dec_x = 236.42329001704937
grism_dec_y = 0.03821776302342701
grm_tilt_x = -0.01405391674447431
grm_tilt_y = 2.305270540490968
grm_G = 222.8240065032457
grm_apex = 17.79098361752251
d_grm_cam  = 21.60982202797907
cam_dec_x = -0.30952137495947457
cam_dec_y = 0.2472724132744925
cam_tilt_x = -0.011127381351696922
cam_tilt_y = 0.0037733197663472667
d_cam_ff  = -160.05753147332814
ccd_ff_dec_x = -0.002589276868912312
ccd_ff_dec_y = 0.053035942603520375
ccd_ff_tilt_x = 0.01945884636294381
ccd_ff_tilt_y = -0.5728042927798839
ccd_ff_tilt_z = 0.18004592628876712
d_ff_ccd  = -4.838946018715551
ccd_dec_x = 0.6213984636899891
ccd_dec_y = 5.157154743929409
ccd_defocus = 0.28078539110877215
ccd_tilt_x = 0.005056772026582539
ccd_tilt_y = -0.010894579893575115
ccd_tilt_z = 5.04486350459804e-06
p = 0.0001