slit_dec_x_a = -0.181778666534
slit_dec_y_a = -0.18243150017
slit_dec_x_b = 0.14512077562974193
slit_dec_y_b = -0.05510809031835813
slit_defocus = -0.01378699835115859
slit_tilt_x = 1.0541181339666366
slit_tilt_y = -8.559898723291322
slit_tilt_z = -9.026919627565082
d_slit_col = 1594.2903584484652
coll_tilt_x = 0.12150061639381478
coll_tilt_y = -0.026418469490477603
ech_G = 31.61456517695698
ech_blaze = -74.99488121960529
ech_gamma = 1.1556339334309536
echelle_z = 0.0570000535089998
d_col_trf = -1588.016363019843
trf_mirror_tilt_x = 0.007307055470856405
trf_mirror_tilt_y = 0.15549660158247813
d_col_grm = 0.03569705310782721
grism_dec_x = 236.3832389939159
grism_dec_y = 0.009269645619193871
grm_tilt_x = -0.023505645320558485
grm_tilt_y = 2.3257919447123685
grm_G = 222.7840701143449
grm_apex = 17.76654210447309
d_grm_cam  = 21.60470716036309
cam_dec_x = -0.2711345436782625
cam_dec_y = 0.2909429099710988
cam_tilt_x = 0.01244244478314304
cam_tilt_y = 0.00876721008200137
d_cam_ff  = -160.07710013052977
ccd_ff_dec_x = -0.023804518415840425
ccd_ff_dec_y = 0.04209207421482495
ccd_ff_tilt_x = 0.03348640661885567
ccd_ff_tilt_y = -0.5909808614131761
ccd_ff_tilt_z = 0.17191120811333502
d_ff_ccd  = -4.8159936403999515
ccd_dec_x = 0.5533001710349608
ccd_dec_y = 5.107634067713028
ccd_defocus = 0.2857274184007722
ccd_tilt_x = 0.03259076567639784
ccd_tilt_y = -0.0021784785679022397
ccd_tilt_z = 4.686143135924076e-06
p = 0.0001