slit_dec_x_a = -0.181778666534
slit_dec_y_a = -0.18243150017
slit_dec_x_b = 0.14512077562974193
slit_dec_y_b = -0.05510809031835813
slit_defocus = -0.0022163257009191356
slit_tilt_x = 1.134699540730371
slit_tilt_y = -8.568214962646366
slit_tilt_z = -9.003674347861528
d_slit_col = 1594.3039173672444
coll_tilt_x = 0.08641727144528903
coll_tilt_y = -0.02206577377539002
ech_G = 31.610871289326287
ech_blaze = -74.99553512644904
ech_gamma = 1.1580860119353773
echelle_z = 0.05738952364844883
d_col_trf = -1588.016392713381
trf_mirror_tilt_x = 0.12253233667923501
trf_mirror_tilt_y = 0.018679648818891646
d_col_grm = 0.015058265478867508
grism_dec_x = 236.39746958063748
grism_dec_y = -0.005010275588624007
grm_tilt_x = -0.024710237901568625
grm_tilt_y = 2.3272323584059786
grm_G = 222.78573422722943
grm_apex = 17.80917997741639
d_grm_cam  = 21.60430940315064
cam_dec_x = -0.2836055507675795
cam_dec_y = 0.28970750235007037
cam_tilt_x = 0.004344222494647089
cam_tilt_y = -0.02779486717732302
d_cam_ff  = -160.5697193653551
ccd_ff_dec_x = -0.022699939308167827
ccd_ff_dec_y = -0.04779271228487187
ccd_ff_tilt_x = 0.16505143561607183
ccd_ff_tilt_y = -0.5897910701844636
ccd_ff_tilt_z = 0.1717767844898927
d_ff_ccd  = -4.785353560894217
ccd_dec_x = 0.5520887012153923
ccd_dec_y = 5.10616979652946
ccd_defocus = 0.3157421101542946
ccd_tilt_x = 0.021362230943013188
ccd_tilt_y = -0.004203451126231968
ccd_tilt_z = 3.6190078752257817e-07
p = 1.7294545454545455e-06