slit_dec_x_a = -0.1704182647897319
slit_dec_y_a = -0.19600619767766284
slit_dec_x_b = 0.175
slit_dec_y_b = -1.6583800167016642e-96
slit_defocus = 0.005562885866453373
slit_tilt_x = 1.1861438221060312
slit_tilt_y = -8.540010376493127
slit_tilt_z = -8.990842723498899
d_slit_col = 1594.294472617404
coll_tilt_x = 0.08875813033646031
coll_tilt_y = -0.03184193914178688
ech_G = 31.610652939964947
ech_blaze = -74.97676084780493
ech_gamma = 1.140427110689802
echelle_z = 0.07477573261192202
d_col_trf = -1588.0185389816927
trf_mirror_tilt_x = 0.1386624216110413
trf_mirror_tilt_y = 0.07758383858849233
d_col_grm = -0.009568391540343222
grism_dec_x = 236.4343185989768
grism_dec_y = 0.03420013864193515
grm_tilt_x = -0.015717308649590218
grm_tilt_y = 2.304369956253693
grm_G = 222.82518890692168
grm_apex = 17.815130912417636
d_grm_cam  = 21.608442502754365
cam_dec_x = -0.30214906646021894
cam_dec_y = 0.250335127875563
cam_tilt_x = -0.018629639092665757
cam_tilt_y = -0.01505343579480832
d_cam_ff  = -160.40093181869508
ccd_ff_dec_x = -0.00349680487279852
ccd_ff_dec_y = 0.0001791288718922597
ccd_ff_tilt_x = 0.14603299521920585
ccd_ff_tilt_y = -0.5720517280598253
ccd_ff_tilt_z = 0.1725809682340696
d_ff_ccd  = -4.811258567185659
ccd_dec_x = 0.6206850440443789
ccd_dec_y = 5.155312036192091
ccd_defocus = 0.3163147827819242
ccd_tilt_x = 0.007727100952302761
ccd_tilt_y = -0.014072128047395646
ccd_tilt_z = 3.1623890251440713e-06
p = 1.7294545454545455e-06