slit_dec_x_a = -0.17042861846373922
slit_dec_y_a = -0.19606458466571136
slit_dec_x_b = 0.175
slit_dec_y_b = -1.8675670314151126e-96
slit_defocus = 0.005568608397015809
slit_tilt_x = 1.186120636785518
slit_tilt_y = -8.5400144577076
slit_tilt_z = -8.990857394819804
d_slit_col = 1594.2944415618774
coll_tilt_x = 0.08871575986569827
coll_tilt_y = -0.03179032355973107
ech_G = 31.61070082489528
ech_blaze = -74.97715488038912
ech_gamma = 1.1404147912553535
echelle_z = 0.07492900083419804
d_col_trf = -1588.0185589634352
trf_mirror_tilt_x = 0.13870866211419622
trf_mirror_tilt_y = 0.077597491286108
d_col_grm = -0.009527067036964041
grism_dec_x = 236.43428021441977
grism_dec_y = 0.03424059825885095
grm_tilt_x = -0.015770344249540002
grm_tilt_y = 2.304366695270734
grm_G = 222.82516553504388
grm_apex = 17.8151167139309
d_grm_cam  = 21.60848500741614
cam_dec_x = -0.3021237490205667
cam_dec_y = 0.2503739684848492
cam_tilt_x = -0.01837984732065252
cam_tilt_y = -0.015030588833193704
d_cam_ff  = -160.40096780380054
ccd_ff_dec_x = -0.003538897138603425
ccd_ff_dec_y = 0.00014871516695118232
ccd_ff_tilt_x = 0.1460218093759681
ccd_ff_tilt_y = -0.57210345464603
ccd_ff_tilt_z = 0.1725720882934855
d_ff_ccd  = -4.811231072503852
ccd_dec_x = 0.6206679294599431
ccd_dec_y = 5.155268489594057
ccd_defocus = 0.31631042431308465
ccd_tilt_x = 0.007758882007184423
ccd_tilt_y = -0.014015648738183258
ccd_tilt_z = 3.227531005282678e-06
p = 1.339916666666667e-06