slit_dec_x_a = -0.181778666534
slit_dec_y_a = -0.18243150017
slit_dec_x_b = 0.14512077562974193
slit_dec_y_b = -0.05510809031835813
slit_defocus = -0.002212619954141792
slit_tilt_x = 1.1346911675962272
slit_tilt_y = -8.568302873756862
slit_tilt_z = -9.0036243916327
d_slit_col = 1594.3039106219117
coll_tilt_x = 0.08643557719227879
coll_tilt_y = -0.02204302286470866
ech_G = 31.610918097558812
ech_blaze = -74.99571579659447
ech_gamma = 1.1581130381608566
echelle_z = 0.05722195693245271
d_col_trf = -1588.0161795075371
trf_mirror_tilt_x = 0.122503627335744
trf_mirror_tilt_y = 0.01868515301091414
d_col_grm = 0.014988270232043828
grism_dec_x = 236.3974908845236
grism_dec_y = -0.005050778132634352
grm_tilt_x = -0.02481597321105882
grm_tilt_y = 2.327425205829541
grm_G = 222.78567560563786
grm_apex = 17.809179737474743
d_grm_cam  = 21.604454623013766
cam_dec_x = -0.2836318199280951
cam_dec_y = 0.2897129069659146
cam_tilt_x = 0.004360520087194765
cam_tilt_y = -0.0278105285619473
d_cam_ff  = -160.56966094181226
ccd_ff_dec_x = -0.023017363678650843
ccd_ff_dec_y = -0.04777672008828569
ccd_ff_tilt_x = 0.16505078807924708
ccd_ff_tilt_y = -0.5895965484511997
ccd_ff_tilt_z = 0.17183704688413273
d_ff_ccd  = -4.785358265949118
ccd_dec_x = 0.5519579094762204
ccd_dec_y = 5.106453050743812
ccd_defocus = 0.3157983220344943
ccd_tilt_x = 0.02142981663582638
ccd_tilt_y = -0.0041899386371717475
ccd_tilt_z = 2.6896555652779595e-07
p = 1.339916666666667e-06