slit_dec_x_a = -0.181778666534
slit_dec_y_a = -0.18243150017
slit_dec_x_b = 0.14512077562974193
slit_dec_y_b = -0.05510809031835813
slit_defocus = -0.013793463413714364
slit_tilt_x = 1.0540842862355035
slit_tilt_y = -8.559931893104029
slit_tilt_z = -9.02686422318278
d_slit_col = 1594.2902884031275
coll_tilt_x = 0.1214148202638078
coll_tilt_y = -0.02654085416038212
ech_G = 31.61456566139432
ech_blaze = -74.99489408016262
ech_gamma = 1.1556455772074923
echelle_z = 0.05700275190995999
d_col_trf = -1588.0163673240154
trf_mirror_tilt_x = 0.007305663013882085
trf_mirror_tilt_y = 0.1555147529210743
d_col_grm = 0.03567125763680367
grism_dec_x = 236.3832600071854
grism_dec_y = 0.009249831341295475
grm_tilt_x = -0.023509008617365906
grm_tilt_y = 2.3257980775320224
grm_G = 222.7840695804418
grm_apex = 17.7665239093438
d_grm_cam  = 21.60469641250003
cam_dec_x = -0.2710979959678961
cam_dec_y = 0.2908693626060754
cam_tilt_x = 0.012422448430314668
cam_tilt_y = 0.0088735466076648
d_cam_ff  = -160.0768355145443
ccd_ff_dec_x = -0.02380498362085203
ccd_ff_dec_y = 0.04201846556446835
ccd_ff_tilt_x = 0.03346503281072021
ccd_ff_tilt_y = -0.5909770840598605
ccd_ff_tilt_z = 0.1719166234207465
d_ff_ccd  = -4.815887131375184
ccd_dec_x = 0.5532986219631363
ccd_dec_y = 5.107632024236765
ccd_defocus = 0.28580083226918984
ccd_tilt_x = 0.032583141921360956
ccd_tilt_y = -0.0021289088198465514
ccd_tilt_z = 4.681568507147965e-06
p = 0.0001