slit_dec_x_a = -0.1704010755187174
slit_dec_y_a = -0.1956586180351446
slit_dec_x_b = 0.175
slit_dec_y_b = -1.8298291173373781e-96
slit_defocus = 0.02135681851706968
slit_tilt_x = 1.1139847007714827
slit_tilt_y = -8.538438123348284
slit_tilt_z = -8.991696329169518
d_slit_col = 1594.3099889017226
coll_tilt_x = 0.11319048432994736
coll_tilt_y = -0.028963895281200917
ech_G = 31.613235519930775
ech_blaze = -74.97483135397822
ech_gamma = 1.1389729862844085
echelle_z = 0.07477484169458332
d_col_trf = -1588.0172378086536
trf_mirror_tilt_x = 0.026259405775084458
trf_mirror_tilt_y = 0.16227471644842212
d_col_grm = -0.004749012464284337
grism_dec_x = 236.423281823637
grism_dec_y = 0.038217971818791004
grm_tilt_x = -0.014052289243206112
grm_tilt_y = 2.3052774268742304
grm_G = 222.82400311193106
grm_apex = 17.791018040220006
d_grm_cam  = 21.60982235685151
cam_dec_x = -0.3095448281061875
cam_dec_y = 0.24727231855752857
cam_tilt_x = -0.01108014271176034
cam_tilt_y = 0.003790565942762119
d_cam_ff  = -160.05762221151028
ccd_ff_dec_x = -0.0026055295471808233
ccd_ff_dec_y = 0.05304931491734956
ccd_ff_tilt_x = 0.01951544936857036
ccd_ff_tilt_y = -0.5728025558837099
ccd_ff_tilt_z = 0.18004863545615304
d_ff_ccd  = -4.838961899736839
ccd_dec_x = 0.621406403693154
ccd_dec_y = 5.157152867931092
ccd_defocus = 0.28077756757528105
ccd_tilt_x = 0.00501186035139665
ccd_tilt_y = -0.010898386024507573
ccd_tilt_z = 5.114863035841281e-06
p = 0.0001