slit_dec_x_a = -0.181778666534
slit_dec_y_a = -0.18243150017
slit_dec_x_b = 0.14512077562974193
slit_dec_y_b = -0.05510809031835813
slit_defocus = -0.002196725613062748
slit_tilt_x = 1.1347026651194527
slit_tilt_y = -8.568281595553868
slit_tilt_z = -9.00360697185648
d_slit_col = 1594.3039288869704
coll_tilt_x = 0.08640685450525053
coll_tilt_y = -0.022040449702882776
ech_G = 31.61091157381173
ech_blaze = -74.99569745965778
ech_gamma = 1.1581711288111727
echelle_z = 0.05719749281508652
d_col_trf = -1588.0162060374403
trf_mirror_tilt_x = 0.12252802652879374
trf_mirror_tilt_y = 0.01866183327202398
d_col_grm = 0.015017017564747052
grism_dec_x = 236.39748709050636
grism_dec_y = -0.005028326050939801
grm_tilt_x = -0.02475633141897251
grm_tilt_y = 2.32742914494484
grm_G = 222.785756791453
grm_apex = 17.809156796496598
d_grm_cam  = 21.60446622220573
cam_dec_x = -0.28360943772223435
cam_dec_y = 0.28970872461783537
cam_tilt_x = 0.004323325090002552
cam_tilt_y = -0.027784742488046698
d_cam_ff  = -160.56969577697615
ccd_ff_dec_x = -0.022781250953993314
ccd_ff_dec_y = -0.047784204631678394
ccd_ff_tilt_x = 0.1650372291478759
ccd_ff_tilt_y = -0.5895923923996964
ccd_ff_tilt_z = 0.1718318055750048
d_ff_ccd  = -4.785378085568226
ccd_dec_x = 0.5519279218726978
ccd_dec_y = 5.106344269598088
ccd_defocus = 0.3157891164873671
ccd_tilt_x = 0.021383847506191288
ccd_tilt_y = -0.004197088016015105
ccd_tilt_z = 2.6993676396747405e-07
p = 9.966545454545454e-06