slit_dec_x_a = -0.1704010755187174
slit_dec_y_a = -0.1956586180351446
slit_dec_x_b = 0.175
slit_dec_y_b = -1.8792422109533113e-96
slit_defocus = 0.02136857891462516
slit_tilt_x = 1.1140478707424364
slit_tilt_y = -8.53848581614224
slit_tilt_z = -8.99161781518287
d_slit_col = 1594.3100427632696
coll_tilt_x = 0.11314027199247945
coll_tilt_y = -0.02890679393789953
ech_G = 31.6132333913115
ech_blaze = -74.97483214100644
ech_gamma = 1.1389747837645914
echelle_z = 0.07477556045529231
d_col_trf = -1588.0172336006224
trf_mirror_tilt_x = 0.02631718871341605
trf_mirror_tilt_y = 0.16220161335306216
d_col_grm = -0.004792570858143516
grism_dec_x = 236.42327606718672
grism_dec_y = 0.038180966988712574
grm_tilt_x = -0.014055756288691946
grm_tilt_y = 2.3052786763072333
grm_G = 222.82401064260947
grm_apex = 17.791059091491874
d_grm_cam  = 21.60981134790545
cam_dec_x = -0.3095243736303623
cam_dec_y = 0.24729091313380724
cam_tilt_x = -0.011076077290347361
cam_tilt_y = 0.0038096525297616705
d_cam_ff  = -160.05745810565105
ccd_ff_dec_x = -0.0025977076895866594
ccd_ff_dec_y = 0.053036239196754854
ccd_ff_tilt_x = 0.01954787984423618
ccd_ff_tilt_y = -0.5728074068453941
ccd_ff_tilt_z = 0.18004962045555006
d_ff_ccd  = -4.838956580084181
ccd_dec_x = 0.6214104950779069
ccd_dec_y = 5.157147173070753
ccd_defocus = 0.280700920483732
ccd_tilt_x = 0.005070543777475941
ccd_tilt_y = -0.010974892026073461
ccd_tilt_z = 5.127591722008626e-06
p = 0.0001