slit_dec_x_a = -0.181778666534
slit_dec_y_a = -0.18243150017
slit_dec_x_b = 0.14512077562974193
slit_dec_y_b = -0.05510809031835813
slit_defocus = -0.002208171654871971
slit_tilt_x = 1.1346888543724534
slit_tilt_y = -8.568369845190343
slit_tilt_z = -9.003570975070271
d_slit_col = 1594.3039954005224
coll_tilt_x = 0.08647940124746595
coll_tilt_y = -0.022065923869314007
ech_G = 31.610925109523627
ech_blaze = -74.99571848494686
ech_gamma = 1.1581106715015135
echelle_z = 0.05674698232136024
d_col_trf = -1588.0163292165732
trf_mirror_tilt_x = 0.12249097428319707
trf_mirror_tilt_y = 0.01871924229044156
d_col_grm = 0.014956476894690277
grism_dec_x = 236.39746402365006
grism_dec_y = -0.0050566168061551165
grm_tilt_x = -0.024692805163381997
grm_tilt_y = 2.3273373663605894
grm_G = 222.78583962633587
grm_apex = 17.80907723367912
d_grm_cam  = 21.604791266200795
cam_dec_x = -0.2836316266575201
cam_dec_y = 0.28974848756898297
cam_tilt_x = 0.0043304494609265115
cam_tilt_y = -0.027782886518964645
d_cam_ff  = -160.5695085255108
ccd_ff_dec_x = -0.022865047311170703
ccd_ff_dec_y = -0.047773863323448795
ccd_ff_tilt_x = 0.16504510008206294
ccd_ff_tilt_y = -0.5893795736758429
ccd_ff_tilt_z = 0.17178732368875535
d_ff_ccd  = -4.78539408039178
ccd_dec_x = 0.5518448861643825
ccd_dec_y = 5.106399966453852
ccd_defocus = 0.31585505901823835
ccd_tilt_x = 0.021367932757774523
ccd_tilt_y = -0.004202299709368199
ccd_tilt_z = 2.3702601531957298e-07
p = 1.0645454545454545e-05