slit_dec_x_a = -0.17040244589609196
slit_dec_y_a = -0.19580634826188947
slit_dec_x_b = 0.175
slit_dec_y_b = -2.6716967405777905e-96
slit_defocus = 0.0055222155157187685
slit_tilt_x = 1.1861168051159854
slit_tilt_y = -8.540097486007276
slit_tilt_z = -8.990816772999091
d_slit_col = 1594.2944431370677
coll_tilt_x = 0.08851663197839174
coll_tilt_y = -0.031747062045874457
ech_G = 31.610668481816724
ech_blaze = -74.97709866267628
ech_gamma = 1.140458809810073
echelle_z = 0.07543047562601031
d_col_trf = -1588.018601412662
trf_mirror_tilt_x = 0.13865809230717738
trf_mirror_tilt_y = 0.07753852064628529
d_col_grm = -0.009543100073608087
grism_dec_x = 236.43431248062163
grism_dec_y = 0.034226790085909106
grm_tilt_x = -0.01590656528250327
grm_tilt_y = 2.3043661864613
grm_G = 222.82518876361837
grm_apex = 17.81511704250057
d_grm_cam  = 21.608482512907333
cam_dec_x = -0.3020962729014329
cam_dec_y = 0.25033777854301703
cam_tilt_x = -0.018272831520155
cam_tilt_y = -0.015011670742968686
d_cam_ff  = -160.40095923210407
ccd_ff_dec_x = -0.0035359419820319895
ccd_ff_dec_y = 0.00018072957316770153
ccd_ff_tilt_x = 0.1460150113461688
ccd_ff_tilt_y = -0.5720101049889542
ccd_ff_tilt_z = 0.17255541563711593
d_ff_ccd  = -4.811202627985495
ccd_dec_x = 0.6206312886027834
ccd_dec_y = 5.155293158263861
ccd_defocus = 0.3163153272411673
ccd_tilt_x = 0.007794686395452136
ccd_tilt_y = -0.014016447591709244
ccd_tilt_z = 3.2856454457419707e-06
p = 1.0645454545454545e-05