slit_dec_x_a = -0.1704010755187174
slit_dec_y_a = -0.1956586180351446
slit_dec_x_b = 0.175
slit_dec_y_b = -1.8678892397354904e-96
slit_defocus = 0.021375764665562097
slit_tilt_x = 1.1139495691217018
slit_tilt_y = -8.538440520814135
slit_tilt_z = -8.991655465593402
d_slit_col = 1594.3099675892456
coll_tilt_x = 0.11319623988907972
coll_tilt_y = -0.028878104489840017
ech_G = 31.613237540361595
ech_blaze = -74.97482862789849
ech_gamma = 1.138973834432895
echelle_z = 0.07477240900012506
d_col_trf = -1588.0172310672056
trf_mirror_tilt_x = 0.02633616726455974
trf_mirror_tilt_y = 0.16216652384367813
d_col_grm = -0.004792611387180223
grism_dec_x = 236.42319445830987
grism_dec_y = 0.03814098421214786
grm_tilt_x = -0.014040185442977849
grm_tilt_y = 2.3052771034081867
grm_G = 222.82400997107283
grm_apex = 17.791045267495512
d_grm_cam  = 21.60981957448491
cam_dec_x = -0.3094792437835244
cam_dec_y = 0.24725766578739056
cam_tilt_x = -0.011125431256556816
cam_tilt_y = 0.0037958961392886978
d_cam_ff  = -160.05724787989874
ccd_ff_dec_x = -0.0026011459086250108
ccd_ff_dec_y = 0.0530137951521325
ccd_ff_tilt_x = 0.019503944245535604
ccd_ff_tilt_y = -0.5728047606977955
ccd_ff_tilt_z = 0.1800505712531683
d_ff_ccd  = -4.838928473909724
ccd_dec_x = 0.6214057815177003
ccd_dec_y = 5.157150669653231
ccd_defocus = 0.28076234967462615
ccd_tilt_x = 0.00506622992267334
ccd_tilt_y = -0.01093772808196732
ccd_tilt_z = 5.079334526702523e-06
p = 0.0001