slit_dec_x_a = -0.181778666534
slit_dec_y_a = -0.18243150017
slit_dec_x_b = 0.14512077562974193
slit_dec_y_b = -0.05510809031835813
slit_defocus = -0.0021952503792281855
slit_tilt_x = 1.1346953141040073
slit_tilt_y = -8.568285624087268
slit_tilt_z = -9.003644372188832
d_slit_col = 1594.3039367748809
coll_tilt_x = 0.08642538883346872
coll_tilt_y = -0.022048532989565574
ech_G = 31.610893748670374
ech_blaze = -74.99563136637623
ech_gamma = 1.1581348181111115
echelle_z = 0.05736321513417333
d_col_trf = -1588.016355690515
trf_mirror_tilt_x = 0.12253849240671383
trf_mirror_tilt_y = 0.018677219388729533
d_col_grm = 0.015016629365615914
grism_dec_x = 236.397461335401
grism_dec_y = -0.005031211284377699
grm_tilt_x = -0.024660152294456093
grm_tilt_y = 2.327370875130462
grm_G = 222.7857365367939
grm_apex = 17.809141381345402
d_grm_cam  = 21.60431579747751
cam_dec_x = -0.28361976900883706
cam_dec_y = 0.289715539960633
cam_tilt_x = 0.004336935101604659
cam_tilt_y = -0.02779788230786476
d_cam_ff  = -160.5696257128079
ccd_ff_dec_x = -0.022809949950629186
ccd_ff_dec_y = -0.047795581788390704
ccd_ff_tilt_x = 0.16503142175608854
ccd_ff_tilt_y = -0.5897270477100167
ccd_ff_tilt_z = 0.17181129846143386
d_ff_ccd  = -4.785377661260194
ccd_dec_x = 0.5520426996133231
ccd_dec_y = 5.106256995824973
ccd_defocus = 0.31579836378348314
ccd_tilt_x = 0.021377257188308144
ccd_tilt_y = -0.004199868991318656
ccd_tilt_z = 3.2363570591203424e-07
p = 1.02075e-05