slit_dec_x_a = -0.17043841125218925
slit_dec_y_a = -0.1959247817396
slit_dec_x_b = 0.175
slit_dec_y_b = -2.150966823078219e-96
slit_defocus = 0.005548845641030376
slit_tilt_x = 1.1861115668189424
slit_tilt_y = -8.539992915327463
slit_tilt_z = -8.990859481863984
d_slit_col = 1594.2944567052284
coll_tilt_x = 0.08878350152782173
coll_tilt_y = -0.031725214135183276
ech_G = 31.610675678559545
ech_blaze = -74.97683785250189
ech_gamma = 1.140505288682958
echelle_z = 0.07484951143099665
d_col_trf = -1588.0185828213007
trf_mirror_tilt_x = 0.1386609768737759
trf_mirror_tilt_y = 0.0775863064977805
d_col_grm = -0.009557359925012065
grism_dec_x = 236.4343091814798
grism_dec_y = 0.03420467338658577
grm_tilt_x = -0.015685431282398302
grm_tilt_y = 2.304381078709542
grm_G = 222.82519291641168
grm_apex = 17.815112217376875
d_grm_cam  = 21.608491084727934
cam_dec_x = -0.3021641871945193
cam_dec_y = 0.2503670672007975
cam_tilt_x = -0.01862847306866425
cam_tilt_y = -0.01505081459537672
d_cam_ff  = -160.4009612692613
ccd_ff_dec_x = -0.003527754357031746
ccd_ff_dec_y = 0.00017578595449583488
ccd_ff_tilt_x = 0.14603033308335917
ccd_ff_tilt_y = -0.5720761676683594
ccd_ff_tilt_z = 0.17259681615632858
d_ff_ccd  = -4.811252302243458
ccd_dec_x = 0.6206897515589659
ccd_dec_y = 5.155294613193312
ccd_defocus = 0.31630836796071554
ccd_tilt_x = 0.007732053728477867
ccd_tilt_y = -0.014024703435262468
ccd_tilt_z = 3.125210249989407e-06
p = 1.02075e-05