slit_dec_x_a = -0.1704010755187174
slit_dec_y_a = -0.1956586180351446
slit_dec_x_b = 0.175
slit_dec_y_b = -1.7580015248806047e-96
slit_defocus = 0.021387425304559237
slit_tilt_x = 1.1140010418558879
slit_tilt_y = -8.53846210670409
slit_tilt_z = -8.99165395774778
d_slit_col = 1594.3099494605062
coll_tilt_x = 0.11319241882598521
coll_tilt_y = -0.028834792699785967
ech_G = 31.613224552208365
ech_blaze = -74.97483034054143
ech_gamma = 1.1389747146908595
echelle_z = 0.07477082976369001
d_col_trf = -1588.0172320329298
trf_mirror_tilt_x = 0.026332575279788294
trf_mirror_tilt_y = 0.16217402683298063
d_col_grm = -0.004884038431466224
grism_dec_x = 236.42330780406138
grism_dec_y = 0.03811795088585968
grm_tilt_x = -0.01404863653430224
grm_tilt_y = 2.3052645940348646
grm_G = 222.82400378235965
grm_apex = 17.790999475972832
d_grm_cam  = 21.60981962255527
cam_dec_x = -0.30956234448594516
cam_dec_y = 0.24727013822810864
cam_tilt_x = -0.01108358364965369
cam_tilt_y = 0.003723801217470059
d_cam_ff  = -160.05798300720235
ccd_ff_dec_x = -0.002599110810899667
ccd_ff_dec_y = 0.05301902039490085
ccd_ff_tilt_x = 0.019519013012221597
ccd_ff_tilt_y = -0.5728061911676819
ccd_ff_tilt_z = 0.1800598843087805
d_ff_ccd  = -4.838964516521494
ccd_dec_x = 0.6214081475856393
ccd_dec_y = 5.157149514642118
ccd_defocus = 0.28073252595355735
ccd_tilt_x = 0.004996511507967516
ccd_tilt_y = -0.010898965913082424
ccd_tilt_z = 5.0199740438304355e-06
p = 0.0001