slit_dec_x_a = -0.17042043419312805
slit_dec_y_a = -0.19591052007439805
slit_dec_x_b = 0.175
slit_dec_y_b = -1.6505603534266389e-96
slit_defocus = 0.005588201234980616
slit_tilt_x = 1.1861350774058157
slit_tilt_y = -8.540031391506567
slit_tilt_z = -8.990860182189449
d_slit_col = 1594.2944804845492
coll_tilt_x = 0.08873967831813007
coll_tilt_y = -0.03190383486176386
ech_G = 31.61064760860441
ech_blaze = -74.97676553528103
ech_gamma = 1.140317296788749
echelle_z = 0.07480711663594626
d_col_trf = -1588.0185466145713
trf_mirror_tilt_x = 0.13868306040753656
trf_mirror_tilt_y = 0.07753100706961126
d_col_grm = -0.00954401090039142
grism_dec_x = 236.43433432118758
grism_dec_y = 0.03416451066936131
grm_tilt_x = -0.01591139794104155
grm_tilt_y = 2.3043870329391916
grm_G = 222.82517966541175
grm_apex = 17.81511708221024
d_grm_cam  = 21.608495113433104
cam_dec_x = -0.3021173180405172
cam_dec_y = 0.25033679019579447
cam_tilt_x = -0.018448117693006357
cam_tilt_y = -0.015106193632791802
d_cam_ff  = -160.4009407463859
ccd_ff_dec_x = -0.0035182413519485043
ccd_ff_dec_y = 0.00025934486951873615
ccd_ff_tilt_x = 0.1460379102244531
ccd_ff_tilt_y = -0.5720630427951844
ccd_ff_tilt_z = 0.17258221638994148
d_ff_ccd  = -4.811307357209995
ccd_dec_x = 0.6206968048334044
ccd_dec_y = 5.15529238464641
ccd_defocus = 0.3162694855030346
ccd_tilt_x = 0.007743236474994675
ccd_tilt_y = -0.014138623337930558
ccd_tilt_z = 3.0991248039317333e-06
p = 8.52575e-06