slit_dec_x_a = -0.181778666534
slit_dec_y_a = -0.18243150017
slit_dec_x_b = 0.14512077562974193
slit_dec_y_b = -0.05510809031835813
slit_defocus = -0.00219829218916046
slit_tilt_x = 1.1346501796567825
slit_tilt_y = -8.568227445881092
slit_tilt_z = -9.00363018853714
d_slit_col = 1594.3039393130562
coll_tilt_x = 0.08647909828431476
coll_tilt_y = -0.021997616172901868
ech_G = 31.61090476732591
ech_blaze = -74.99559558850363
ech_gamma = 1.158100431429529
echelle_z = 0.05752808629696219
d_col_trf = -1588.0161504593427
trf_mirror_tilt_x = 0.1225396683125547
trf_mirror_tilt_y = 0.018624262043562236
d_col_grm = 0.015086241397535732
grism_dec_x = 236.39743764536166
grism_dec_y = -0.005024605136495816
grm_tilt_x = -0.024924342829986266
grm_tilt_y = 2.3271636883421944
grm_G = 222.78571080804537
grm_apex = 17.809219914579046
d_grm_cam  = 21.604607696266527
cam_dec_x = -0.2835526587893724
cam_dec_y = 0.28971196090343876
cam_tilt_x = 0.004310362203713899
cam_tilt_y = -0.02779362921833881
d_cam_ff  = -160.5697809205768
ccd_ff_dec_x = -0.02275279999667924
ccd_ff_dec_y = -0.047794413869720484
ccd_ff_tilt_x = 0.1650402995087938
ccd_ff_tilt_y = -0.589612713795483
ccd_ff_tilt_z = 0.17177257864799386
d_ff_ccd  = -4.785414831145331
ccd_dec_x = 0.5517942849307432
ccd_dec_y = 5.106159570148105
ccd_defocus = 0.3157377531247597
ccd_tilt_x = 0.02132659255236867
ccd_tilt_y = -0.004207403851068204
ccd_tilt_z = 3.3432545593442656e-07
p = 8.52575e-06