slit_dec_x_a = -0.181778666534
slit_dec_y_a = -0.18243150017
slit_dec_x_b = 0.14512077562974193
slit_dec_y_b = -0.05510809031835813
slit_defocus = -0.013830131531092658
slit_tilt_x = 1.0540721781179423
slit_tilt_y = -8.55993227027611
slit_tilt_z = -9.026939407864544
d_slit_col = 1594.2902721240034
coll_tilt_x = 0.12143122497097318
coll_tilt_y = -0.026424382889855765
ech_G = 31.614557566967534
ech_blaze = -74.9948906459545
ech_gamma = 1.1556401014078308
echelle_z = 0.057003873444920534
d_col_trf = -1588.0163613101984
trf_mirror_tilt_x = 0.007373335854173919
trf_mirror_tilt_y = 0.15548597000157638
d_col_grm = 0.03567406368446838
grism_dec_x = 236.38334605961552
grism_dec_y = 0.00926877133989555
grm_tilt_x = -0.02351956126204253
grm_tilt_y = 2.3257838233431944
grm_G = 222.7840734009047
grm_apex = 17.766524762236074
d_grm_cam  = 21.604698245139183
cam_dec_x = -0.2711652902164908
cam_dec_y = 0.2909204962325958
cam_tilt_x = 0.0124472799003007
cam_tilt_y = 0.00878759492616588
d_cam_ff  = -160.07740957384237
ccd_ff_dec_x = -0.023802739493929217
ccd_ff_dec_y = 0.04203271110265176
ccd_ff_tilt_x = 0.03343866524669212
ccd_ff_tilt_y = -0.5909748690962434
ccd_ff_tilt_z = 0.17191312641614764
d_ff_ccd  = -4.8159717126180475
ccd_dec_x = 0.5532980202352392
ccd_dec_y = 5.10763287978668
ccd_defocus = 0.2857362058785718
ccd_tilt_x = 0.032625231864000896
ccd_tilt_y = -0.0021472141776219325
ccd_tilt_z = 4.67712889694089e-06
p = 0.0001