slit_dec_x_a = -0.181778666534
slit_dec_y_a = -0.18243150017
slit_dec_x_b = 0.14512077562974193
slit_dec_y_b = -0.05510809031835813
slit_defocus = -0.002178085949045567
slit_tilt_x = 1.134666951683734
slit_tilt_y = -8.568218576438392
slit_tilt_z = -9.003634499700604
d_slit_col = 1594.3039384267465
coll_tilt_x = 0.08646392331416311
coll_tilt_y = -0.021996221221089147
ech_G = 31.61091071101309
ech_blaze = -74.99562884673931
ech_gamma = 1.1580332814480276
echelle_z = 0.05755110617056139
d_col_trf = -1588.0160966309293
trf_mirror_tilt_x = 0.12251095067160814
trf_mirror_tilt_y = 0.018642736799455113
d_col_grm = 0.015094114391019698
grism_dec_x = 236.39743799010526
grism_dec_y = -0.005000966367183659
grm_tilt_x = -0.024914839606838813
grm_tilt_y = 2.326977747448925
grm_G = 222.78577828747265
grm_apex = 17.809186256031676
d_grm_cam  = 21.60472004083366
cam_dec_x = -0.28358140000333065
cam_dec_y = 0.2896966335133055
cam_tilt_x = 0.004281440488320875
cam_tilt_y = -0.02779324787594629
d_cam_ff  = -160.56968567431417
ccd_ff_dec_x = -0.0229052989418879
ccd_ff_dec_y = -0.047772035503737806
ccd_ff_tilt_x = 0.16504368408961403
ccd_ff_tilt_y = -0.5895510003398867
ccd_ff_tilt_z = 0.1718102058970902
d_ff_ccd  = -4.785424754260541
ccd_dec_x = 0.5519356360737822
ccd_dec_y = 5.106091561987962
ccd_defocus = 0.31576652844109
ccd_tilt_x = 0.02133036077574362
ccd_tilt_y = -0.004222352243080374
ccd_tilt_z = 3.5197357872251323e-07
p = 4.869749999999999e-06