slit_dec_x_a = -0.181778666534
slit_dec_y_a = -0.18243150017
slit_dec_x_b = 0.14512077562974193
slit_dec_y_b = -0.05510809031835813
slit_defocus = -0.013835566605881396
slit_tilt_x = 1.0540962412887447
slit_tilt_y = -8.560008091782544
slit_tilt_z = -9.026888784336192
d_slit_col = 1594.2903090735035
coll_tilt_x = 0.12142140672318079
coll_tilt_y = -0.026521260583412882
ech_G = 31.614565066967636
ech_blaze = -74.99489341787664
ech_gamma = 1.1556385308316228
echelle_z = 0.05700222409258856
d_col_trf = -1588.0163607960947
trf_mirror_tilt_x = 0.007265858981857731
trf_mirror_tilt_y = 0.1554866814161624
d_col_grm = 0.03567482222895569
grism_dec_x = 236.3831678815342
grism_dec_y = 0.009272832910647505
grm_tilt_x = -0.02351140331786125
grm_tilt_y = 2.3257880874344248
grm_G = 222.78406863306765
grm_apex = 17.76655690725419
d_grm_cam  = 21.604700280656978
cam_dec_x = -0.27114511121282686
cam_dec_y = 0.2908756561783693
cam_tilt_x = 0.012406797650672326
cam_tilt_y = 0.008805535416178204
d_cam_ff  = -160.07707920002485
ccd_ff_dec_x = -0.023803423898250714
ccd_ff_dec_y = 0.042043126632264546
ccd_ff_tilt_x = 0.033453088176167226
ccd_ff_tilt_y = -0.5909787125534208
ccd_ff_tilt_z = 0.17191770712974178
d_ff_ccd  = -4.815996615178034
ccd_dec_x = 0.5532981684345664
ccd_dec_y = 5.107635387562322
ccd_defocus = 0.2857674453233995
ccd_tilt_x = 0.032617770045989855
ccd_tilt_y = -0.002124670750852055
ccd_tilt_z = 4.715543689815267e-06
p = 0.0001