slit_dec_x_a = -0.1704010755187174
slit_dec_y_a = -0.1956586180351446
slit_dec_x_b = 0.175
slit_dec_y_b = -1.9113576125159034e-96
slit_defocus = 0.021371358679548397
slit_tilt_x = 1.1139183599811497
slit_tilt_y = -8.53848977892333
slit_tilt_z = -8.991596516266588
d_slit_col = 1594.309951460657
coll_tilt_x = 0.11316325519812237
coll_tilt_y = -0.028904288870837964
ech_G = 31.613233401135307
ech_blaze = -74.97482896041231
ech_gamma = 1.1389693127630645
echelle_z = 0.07477430382949397
d_col_trf = -1588.0172296293194
trf_mirror_tilt_x = 0.026297484287366238
trf_mirror_tilt_y = 0.16216156549460475
d_col_grm = -0.004867002292777077
grism_dec_x = 236.42336988651917
grism_dec_y = 0.0381436816928133
grm_tilt_x = -0.014052603256954423
grm_tilt_y = 2.305267703958529
grm_G = 222.82400704330817
grm_apex = 17.791015622851386
d_grm_cam  = 21.60981165845097
cam_dec_x = -0.30950207060216806
cam_dec_y = 0.2472288017686089
cam_tilt_x = -0.011132847933369171
cam_tilt_y = 0.0037313931782903646
d_cam_ff  = -160.0577240651604
ccd_ff_dec_x = -0.0025993959585251594
ccd_ff_dec_y = 0.053017137280388676
ccd_ff_tilt_x = 0.01948734415579317
ccd_ff_tilt_y = -0.5728071043969272
ccd_ff_tilt_z = 0.18004867822413267
d_ff_ccd  = -4.838917660931237
ccd_dec_x = 0.6214016426434701
ccd_dec_y = 5.1571538817889
ccd_defocus = 0.28074791865869947
ccd_tilt_x = 0.005008725988424508
ccd_tilt_y = -0.010904502788419142
ccd_tilt_z = 5.131799881868489e-06
p = 0.0001