slit_dec_x_a = -0.181778666534
slit_dec_y_a = -0.18243150017
slit_dec_x_b = 0.14512077562974193
slit_dec_y_b = -0.05510809031835813
slit_defocus = -0.002218302419957328
slit_tilt_x = 1.1346861425913357
slit_tilt_y = -8.568381284129197
slit_tilt_z = -9.003572934581968
d_slit_col = 1594.3039667368187
coll_tilt_x = 0.0864817837698781
coll_tilt_y = -0.022053039757407196
ech_G = 31.61093414280353
ech_blaze = -74.99580840417676
ech_gamma = 1.1582042345204835
echelle_z = 0.056660229950512585
d_col_trf = -1588.0162549147246
trf_mirror_tilt_x = 0.12248897225740084
trf_mirror_tilt_y = 0.0187150438370359
d_col_grm = 0.014949525776383778
grism_dec_x = 236.39747916286206
grism_dec_y = -0.005068425735018221
grm_tilt_x = -0.024775396312255678
grm_tilt_y = 2.3273294961852433
grm_G = 222.78591800632987
grm_apex = 17.809079680506013
d_grm_cam  = 21.604925060644344
cam_dec_x = -0.28363486783573083
cam_dec_y = 0.28976325583945955
cam_tilt_x = 0.004350465790720277
cam_tilt_y = -0.027762141401671415
d_cam_ff  = -160.56960599403345
ccd_ff_dec_x = -0.022763797509963563
ccd_ff_dec_y = -0.04778992315942885
ccd_ff_tilt_x = 0.1650291235252296
ccd_ff_tilt_y = -0.5893604090171057
ccd_ff_tilt_z = 0.17183962272775535
d_ff_ccd  = -4.7854085960584944
ccd_dec_x = 0.5519087207644735
ccd_dec_y = 5.106314598231943
ccd_defocus = 0.31585449604999816
ccd_tilt_x = 0.02137607030968792
ccd_tilt_y = -0.004188472959651331
ccd_tilt_z = 2.4414758943351264e-07
p = 1.9123636363636367e-06