slit_dec_x_a = -0.17040204335394157
slit_dec_y_a = -0.19574798292837028
slit_dec_x_b = 0.175
slit_dec_y_b = -2.5799707701316278e-96
slit_defocus = 0.005524930934002565
slit_tilt_x = 1.1861323281400995
slit_tilt_y = -8.5401098528432
slit_tilt_z = -8.990828463914546
d_slit_col = 1594.2944457341086
coll_tilt_x = 0.08856638567306116
coll_tilt_y = -0.03172442299416759
ech_G = 31.610681159361214
ech_blaze = -74.9771557081719
ech_gamma = 1.1405621893816007
echelle_z = 0.07552368876530235
d_col_trf = -1588.0185947725035
trf_mirror_tilt_x = 0.1386409295861948
trf_mirror_tilt_y = 0.07753481559715654
d_col_grm = -0.009538627624940337
grism_dec_x = 236.4343061525043
grism_dec_y = 0.03424972378465292
grm_tilt_x = -0.01588255450395359
grm_tilt_y = 2.304374656693692
grm_G = 222.82519185874716
grm_apex = 17.815141832307667
d_grm_cam  = 21.608461924946802
cam_dec_x = -0.30211465556771455
cam_dec_y = 0.2503589337465941
cam_tilt_x = -0.01837763603070633
cam_tilt_y = -0.015012173354440895
d_cam_ff  = -160.4009951027482
ccd_ff_dec_x = -0.0035336126144993253
ccd_ff_dec_y = 0.00016169435980456628
ccd_ff_tilt_x = 0.1460074816434808
ccd_ff_tilt_y = -0.5720288445926942
ccd_ff_tilt_z = 0.17253873860343016
d_ff_ccd  = -4.811207088427176
ccd_dec_x = 0.6206557595356459
ccd_dec_y = 5.1553017901034
ccd_defocus = 0.31633488820138683
ccd_tilt_x = 0.0077916197031541986
ccd_tilt_y = -0.014024870916331483
ccd_tilt_z = 3.3516143458060498e-06
p = 1.9123636363636367e-06