slit_dec_x_a = -0.181778666534
slit_dec_y_a = -0.18243150017
slit_dec_x_b = 0.14512077562974193
slit_dec_y_b = -0.05510809031835813
slit_defocus = -0.013776877801962099
slit_tilt_x = 1.0540993237961762
slit_tilt_y = -8.56000584439339
slit_tilt_z = -9.02684704387935
d_slit_col = 1594.2903313599531
coll_tilt_x = 0.12145088886374736
coll_tilt_y = -0.02652339020138031
ech_G = 31.61455966880996
ech_blaze = -74.99488877125145
ech_gamma = 1.155632595644636
echelle_z = 0.057002890258822624
d_col_trf = -1588.0163606181222
trf_mirror_tilt_x = 0.0073072895860494275
trf_mirror_tilt_y = 0.155460110248958
d_col_grm = 0.03569539629058664
grism_dec_x = 236.3832029357496
grism_dec_y = 0.009270829903483714
grm_tilt_x = -0.023504358411691833
grm_tilt_y = 2.32578671763909
grm_G = 222.78407216542772
grm_apex = 17.766536529417404
d_grm_cam  = 21.604699795156286
cam_dec_x = -0.27111141604036665
cam_dec_y = 0.29089638506280824
cam_tilt_x = 0.01239353842052735
cam_tilt_y = 0.008877893645361826
d_cam_ff  = -160.0772598811762
ccd_ff_dec_x = -0.023797254262572922
ccd_ff_dec_y = 0.04198768423469401
ccd_ff_tilt_x = 0.03351017717940375
ccd_ff_tilt_y = -0.5909814491618061
ccd_ff_tilt_z = 0.17192199196878072
d_ff_ccd  = -4.8159163733015875
ccd_dec_x = 0.5532925101619114
ccd_dec_y = 5.10763064920502
ccd_defocus = 0.285716190258386
ccd_tilt_x = 0.03260305187578714
ccd_tilt_y = -0.002178212500213707
ccd_tilt_z = 4.654806044024437e-06
p = 0.0001