slit_dec_x_a = -0.1704010755187174
slit_dec_y_a = -0.1956586180351446
slit_dec_x_b = 0.175
slit_dec_y_b = -1.8429120393667174e-96
slit_defocus = 0.021296305957394505
slit_tilt_x = 1.114059548993094
slit_tilt_y = -8.538455612303478
slit_tilt_z = -8.99163243455652
d_slit_col = 1594.309940240273
coll_tilt_x = 0.11319283519982068
coll_tilt_y = -0.028868406479652796
ech_G = 31.61322848653823
ech_blaze = -74.97483160537286
ech_gamma = 1.1389699628727363
echelle_z = 0.07476794516951196
d_col_trf = -1588.0172361131802
trf_mirror_tilt_x = 0.026321659471074912
trf_mirror_tilt_y = 0.16222323447320097
d_col_grm = -0.004825522812371282
grism_dec_x = 236.42328896455084
grism_dec_y = 0.038226726621089085
grm_tilt_x = -0.014051487046782307
grm_tilt_y = 2.3052790618159578
grm_G = 222.82400509845695
grm_apex = 17.791067019160693
d_grm_cam  = 21.609818616640954
cam_dec_x = -0.30954810379319614
cam_dec_y = 0.24726537271800217
cam_tilt_x = -0.0111248933362447
cam_tilt_y = 0.0038173908203537692
d_cam_ff  = -160.05730799270137
ccd_ff_dec_x = -0.0026004044873842408
ccd_ff_dec_y = 0.052978891296541895
ccd_ff_tilt_x = 0.019510141165881484
ccd_ff_tilt_y = -0.5728050191347985
ccd_ff_tilt_z = 0.18004910208088137
d_ff_ccd  = -4.838851662716939
ccd_dec_x = 0.6214055263917638
ccd_dec_y = 5.157149585888805
ccd_defocus = 0.28073317036607537
ccd_tilt_x = 0.005081918161345377
ccd_tilt_y = -0.010910883242710048
ccd_tilt_z = 5.070653698462547e-06
p = 0.0001