slit_dec_x_a = -0.181778666534
slit_dec_y_a = -0.18243150017
slit_dec_x_b = 0.14512077562974193
slit_dec_y_b = -0.05510809031835813
slit_defocus = -0.013740202628435231
slit_tilt_x = 1.0540497310528094
slit_tilt_y = -8.559955108019079
slit_tilt_z = -9.026876715155382
d_slit_col = 1594.2902733714418
coll_tilt_x = 0.1214619613527146
coll_tilt_y = -0.026488912976384872
ech_G = 31.614567851219785
ech_blaze = -74.99488343839576
ech_gamma = 1.1556449613653552
echelle_z = 0.05699606986896129
d_col_trf = -1588.016368645296
trf_mirror_tilt_x = 0.00729349647194229
trf_mirror_tilt_y = 0.15543420937897207
d_col_grm = 0.035730466208150076
grism_dec_x = 236.38324017945283
grism_dec_y = 0.009207241350499306
grm_tilt_x = -0.02350638122280605
grm_tilt_y = 2.3257832069411717
grm_G = 222.78406435880848
grm_apex = 17.76649070190073
d_grm_cam  = 21.604705420316026
cam_dec_x = -0.2710965562550563
cam_dec_y = 0.29086218492548394
cam_tilt_x = 0.012468924659932112
cam_tilt_y = 0.00879947343198962
d_cam_ff  = -160.0771048686208
ccd_ff_dec_x = -0.023807581720459735
ccd_ff_dec_y = 0.0421041294037859
ccd_ff_tilt_x = 0.03349351975266674
ccd_ff_tilt_y = -0.5909820709438682
ccd_ff_tilt_z = 0.1719176666891435
d_ff_ccd  = -4.816001585006129
ccd_dec_x = 0.5533008602661958
ccd_dec_y = 5.10763488780978
ccd_defocus = 0.2857289976804478
ccd_tilt_x = 0.03257659394677913
ccd_tilt_y = -0.002232242027402588
ccd_tilt_z = 4.679906840347493e-06
p = 0.0001