slit_dec_x_a = -0.1704010755187174
slit_dec_y_a = -0.1956586180351446
slit_dec_x_b = 0.175
slit_dec_y_b = -1.8074269843865316e-96
slit_defocus = 0.021364261550403902
slit_tilt_x = 1.1139653363320074
slit_tilt_y = -8.538366223238768
slit_tilt_z = -8.99168930095205
d_slit_col = 1594.3100297334709
coll_tilt_x = 0.11316575233367542
coll_tilt_y = -0.028971851042221067
ech_G = 31.613233241612782
ech_blaze = -74.97482759594912
ech_gamma = 1.138974855131445
echelle_z = 0.07477290966346152
d_col_trf = -1588.0172339987355
trf_mirror_tilt_x = 0.02631348446950344
trf_mirror_tilt_y = 0.16222174332120814
d_col_grm = -0.004802667445646914
grism_dec_x = 236.42331434118276
grism_dec_y = 0.03821750623391932
grm_tilt_x = -0.014056290350468544
grm_tilt_y = 2.3052776071199927
grm_G = 222.82400294927484
grm_apex = 17.791016153480992
d_grm_cam  = 21.609806794028533
cam_dec_x = -0.30955526412989504
cam_dec_y = 0.2473152287056383
cam_tilt_x = -0.011115478749566487
cam_tilt_y = 0.0038259174911851016
d_cam_ff  = -160.0574606294663
ccd_ff_dec_x = -0.0026040790325232823
ccd_ff_dec_y = 0.05303689595224993
ccd_ff_tilt_x = 0.019556742238619463
ccd_ff_tilt_y = -0.5727985101179736
ccd_ff_tilt_z = 0.18005299387460336
d_ff_ccd  = -4.838947505370314
ccd_dec_x = 0.6214034251418132
ccd_dec_y = 5.157150548306586
ccd_defocus = 0.2807140140963619
ccd_tilt_x = 0.005089888533405988
ccd_tilt_y = -0.010952918357172112
ccd_tilt_z = 5.106608423949611e-06
p = 0.0001