slit_dec_x_a = -0.17039283423893567
slit_dec_y_a = -0.19576875999555307
slit_dec_x_b = 0.175
slit_dec_y_b = -2.6390121001142618e-96
slit_defocus = 0.0055361806640325025
slit_tilt_x = 1.1860969717669942
slit_tilt_y = -8.540126703418085
slit_tilt_z = -8.990814155100477
d_slit_col = 1594.2944886193004
coll_tilt_x = 0.08848411650699388
coll_tilt_y = -0.031813589332697026
ech_G = 31.610655641932198
ech_blaze = -74.97711494794369
ech_gamma = 1.1404632858501615
echelle_z = 0.07546939259505824
d_col_trf = -1588.0186141844151
trf_mirror_tilt_x = 0.13865290621494214
trf_mirror_tilt_y = 0.07755455109052503
d_col_grm = -0.009545144470738372
grism_dec_x = 236.434374484277
grism_dec_y = 0.034253021238443725
grm_tilt_x = -0.015751076085241296
grm_tilt_y = 2.304359381645874
grm_G = 222.8252085981399
grm_apex = 17.815119987040593
d_grm_cam  = 21.608495655194368
cam_dec_x = -0.3021258887567799
cam_dec_y = 0.25033092666561996
cam_tilt_x = -0.018370476979110362
cam_tilt_y = -0.015042222612955734
d_cam_ff  = -160.4010024335229
ccd_ff_dec_x = -0.0035319781113935544
ccd_ff_dec_y = 0.00014862210694302329
ccd_ff_tilt_x = 0.1460177347589313
ccd_ff_tilt_y = -0.5720305255249686
ccd_ff_tilt_z = 0.17252774560275433
d_ff_ccd  = -4.811233787757636
ccd_dec_x = 0.6206380196791499
ccd_dec_y = 5.155273593244714
ccd_defocus = 0.31633969281633284
ccd_tilt_x = 0.0078096145714808595
ccd_tilt_y = -0.014010782007972159
ccd_tilt_z = 3.3772044352843605e-06
p = 2.992090909090909e-06