slit_dec_x_a = -0.181778666534
slit_dec_y_a = -0.18243150017
slit_dec_x_b = 0.14512077562974193
slit_dec_y_b = -0.05510809031835813
slit_defocus = -0.0022549064327774247
slit_tilt_x = 1.1347033511302873
slit_tilt_y = -8.56836309146994
slit_tilt_z = -9.003594350259448
d_slit_col = 1594.303948815541
coll_tilt_x = 0.08649030992897842
coll_tilt_y = -0.022025986723705832
ech_G = 31.610939539970563
ech_blaze = -74.99583646905133
ech_gamma = 1.1582755832039353
echelle_z = 0.05647345118773159
d_col_trf = -1588.0163752347885
trf_mirror_tilt_x = 0.12245415554181957
trf_mirror_tilt_y = 0.018699261080464574
d_col_grm = 0.01493111696536591
grism_dec_x = 236.39749990014775
grism_dec_y = -0.005086291912121742
grm_tilt_x = -0.024701983733771953
grm_tilt_y = 2.32740137644944
grm_G = 222.78594282579965
grm_apex = 17.809067352854658
d_grm_cam  = 21.604786669609762
cam_dec_x = -0.2836278276183427
cam_dec_y = 0.28974886380822096
cam_tilt_x = 0.004331922766687727
cam_tilt_y = -0.02777103749041452
d_cam_ff  = -160.56959551088988
ccd_ff_dec_x = -0.02268765678353355
ccd_ff_dec_y = -0.047778366371569486
ccd_ff_tilt_x = 0.16502371176546055
ccd_ff_tilt_y = -0.5893918225831235
ccd_ff_tilt_z = 0.1718623726281837
d_ff_ccd  = -4.785432726913628
ccd_dec_x = 0.5518826459653509
ccd_dec_y = 5.106375212984169
ccd_defocus = 0.31587120870897845
ccd_tilt_x = 0.02138141460403009
ccd_tilt_y = -0.004201286764274725
ccd_tilt_z = 2.1160849902647032e-07
p = 2.992090909090909e-06