slit_dec_x_a = -0.181778666534
slit_dec_y_a = -0.18243150017
slit_dec_x_b = 0.14512077562974193
slit_dec_y_b = -0.05510809031835813
slit_defocus = -0.002207206569998308
slit_tilt_x = 1.1346977766389412
slit_tilt_y = -8.568241501167819
slit_tilt_z = -9.003661466363933
d_slit_col = 1594.3039616953042
coll_tilt_x = 0.08644377135898007
coll_tilt_y = -0.022026263126138954
ech_G = 31.610874948182957
ech_blaze = -74.99550659308008
ech_gamma = 1.1581742299198845
echelle_z = 0.05754564430331637
d_col_trf = -1588.0162623900333
trf_mirror_tilt_x = 0.12254981590950549
trf_mirror_tilt_y = 0.018678447682719534
d_col_grm = 0.015058064017625194
grism_dec_x = 236.39747595263066
grism_dec_y = -0.00502947046772133
grm_tilt_x = -0.024748572399824864
grm_tilt_y = 2.327347637000351
grm_G = 222.78568659823588
grm_apex = 17.809212112517862
d_grm_cam  = 21.604412263604313
cam_dec_x = -0.2835763293333457
cam_dec_y = 0.2897578055935971
cam_tilt_x = 0.004346237444709834
cam_tilt_y = -0.027823354825696957
d_cam_ff  = -160.5698184832992
ccd_ff_dec_x = -0.022734466812622176
ccd_ff_dec_y = -0.04779804563686225
ccd_ff_tilt_x = 0.1650278932381793
ccd_ff_tilt_y = -0.5897199151237186
ccd_ff_tilt_z = 0.17171258789906105
d_ff_ccd  = -4.785409209590456
ccd_dec_x = 0.5518911667311704
ccd_dec_y = 5.106129744348169
ccd_defocus = 0.3157476770674369
ccd_tilt_x = 0.021321793294077036
ccd_tilt_y = -0.004215095059634534
ccd_tilt_z = 4.0501806034662024e-07
p = 1.8977272727272726e-05