slit_dec_x_a = -0.181778666534
slit_dec_y_a = -0.18243150017
slit_dec_x_b = 0.14512077562974193
slit_dec_y_b = -0.05510809031835813
slit_defocus = -0.013835517137472709
slit_tilt_x = 1.0541154088421698
slit_tilt_y = -8.559916122878954
slit_tilt_z = -9.026937067369614
d_slit_col = 1594.2902697880538
coll_tilt_x = 0.12141233456360982
coll_tilt_y = -0.026521030313739962
ech_G = 31.61455943419318
ech_blaze = -74.99489303934969
ech_gamma = 1.1556431732833072
echelle_z = 0.05700163571985986
d_col_trf = -1588.016363209648
trf_mirror_tilt_x = 0.007279554464962757
trf_mirror_tilt_y = 0.15552411064767752
d_col_grm = 0.03572321207324269
grism_dec_x = 236.3831803232003
grism_dec_y = 0.009252156731341117
grm_tilt_x = -0.02351195177011786
grm_tilt_y = 2.325791412781161
grm_G = 222.78407173026446
grm_apex = 17.76653869254189
d_grm_cam  = 21.604699183673194
cam_dec_x = -0.27110341742268373
cam_dec_y = 0.29089101908580806
cam_tilt_x = 0.012493311231970238
cam_tilt_y = 0.008830694463509463
d_cam_ff  = -160.07683333062877
ccd_ff_dec_x = -0.023800911599719074
ccd_ff_dec_y = 0.042076448715222876
ccd_ff_tilt_x = 0.033483829189014915
ccd_ff_tilt_y = -0.5909847000844032
ccd_ff_tilt_z = 0.17191753190103123
d_ff_ccd  = -4.815986216350915
ccd_dec_x = 0.5532994305459381
ccd_dec_y = 5.107632361580602
ccd_defocus = 0.28575320820644234
ccd_tilt_x = 0.032514752419305015
ccd_tilt_y = -0.0022096603506249236
ccd_tilt_z = 4.7047856979805215e-06
p = 0.0001