slit_dec_x_a = -0.1704010755187174
slit_dec_y_a = -0.1956586180351446
slit_dec_x_b = 0.175
slit_dec_y_b = -1.822500698575178e-96
slit_defocus = 0.02138019484914364
slit_tilt_x = 1.1140496191978373
slit_tilt_y = -8.538422403119341
slit_tilt_z = -8.991616751056371
d_slit_col = 1594.3099741781436
coll_tilt_x = 0.11316485291563584
coll_tilt_y = -0.02889118671140478
ech_G = 31.613232760584424
ech_blaze = -74.9748301017167
ech_gamma = 1.1389770687356908
echelle_z = 0.07476756737970731
d_col_trf = -1588.0172284626792
trf_mirror_tilt_x = 0.026238379769148775
trf_mirror_tilt_y = 0.1622691368126833
d_col_grm = -0.004833504187085419
grism_dec_x = 236.42327553043356
grism_dec_y = 0.0381716594131079
grm_tilt_x = -0.014051802033572645
grm_tilt_y = 2.305278218015216
grm_G = 222.82400224056533
grm_apex = 17.79103068273986
d_grm_cam  = 21.609821632438376
cam_dec_x = -0.3095382330152757
cam_dec_y = 0.2472307397377242
cam_tilt_x = -0.011090745398861757
cam_tilt_y = 0.0038218222304129365
d_cam_ff  = -160.05715947476378
ccd_ff_dec_x = -0.0026069997000535117
ccd_ff_dec_y = 0.05303076653084332
ccd_ff_tilt_x = 0.019511919398599045
ccd_ff_tilt_y = -0.5727964936117761
ccd_ff_tilt_z = 0.18005995176918213
d_ff_ccd  = -4.83895511701896
ccd_dec_x = 0.6214003549621279
ccd_dec_y = 5.157152337343998
ccd_defocus = 0.28075094394387745
ccd_tilt_x = 0.005028809500180659
ccd_tilt_y = -0.010922622391379009
ccd_tilt_z = 5.082545699106724e-06
p = 0.0001