slit_dec_x_a = -0.1704310370935398
slit_dec_y_a = -0.1958504505110856
slit_dec_x_b = 0.175
slit_dec_y_b = -2.1397238979856707e-96
slit_defocus = 0.005570532161397374
slit_tilt_x = 1.1861072060761546
slit_tilt_y = -8.540001954006177
slit_tilt_z = -8.990837506779597
d_slit_col = 1594.2944564490797
coll_tilt_x = 0.08865974859122833
coll_tilt_y = -0.03178061500253654
ech_G = 31.61068387051043
ech_blaze = -74.97702461893348
ech_gamma = 1.1404499873177405
echelle_z = 0.07489658617047164
d_col_trf = -1588.0185695196938
trf_mirror_tilt_x = 0.13868908973936422
trf_mirror_tilt_y = 0.07758054315587279
d_col_grm = -0.009552421048853597
grism_dec_x = 236.43430819117063
grism_dec_y = 0.03423901172732431
grm_tilt_x = -0.015728293650569176
grm_tilt_y = 2.3043753309886896
grm_G = 222.8251776581685
grm_apex = 17.815115395067554
d_grm_cam  = 21.60848720165956
cam_dec_x = -0.302152333136026
cam_dec_y = 0.25036881075691836
cam_tilt_x = -0.018575179445051486
cam_tilt_y = -0.015034339555838272
d_cam_ff  = -160.40099055641383
ccd_ff_dec_x = -0.003554861053188109
ccd_ff_dec_y = 0.00014383286817801856
ccd_ff_tilt_x = 0.14599692125475403
ccd_ff_tilt_y = -0.5721015831796917
ccd_ff_tilt_z = 0.17259963062707517
d_ff_ccd  = -4.81122105923037
ccd_dec_x = 0.6206868492871369
ccd_dec_y = 5.155296079297216
ccd_defocus = 0.3162960687238011
ccd_tilt_x = 0.007735724800041309
ccd_tilt_y = -0.014012261112895191
ccd_tilt_z = 3.1440886603360976e-06
p = 1.2846666666666667e-05