slit_dec_x_a = -0.181778666534
slit_dec_y_a = -0.18243150017
slit_dec_x_b = 0.14512077562974193
slit_dec_y_b = -0.05510809031835813
slit_defocus = -0.0022106266510625223
slit_tilt_x = 1.134677400420589
slit_tilt_y = -8.56831089171887
slit_tilt_z = -9.003620090303926
d_slit_col = 1594.3039148209718
coll_tilt_x = 0.08643880817868935
coll_tilt_y = -0.022038417107195573
ech_G = 31.61092201980606
ech_blaze = -74.99575550869557
ech_gamma = 1.158158661321693
echelle_z = 0.05720268145196746
d_col_trf = -1588.0163199454316
trf_mirror_tilt_x = 0.1225167377236502
trf_mirror_tilt_y = 0.01868395853845242
d_col_grm = 0.015002143395663439
grism_dec_x = 236.3974846495295
grism_dec_y = -0.005031976053682562
grm_tilt_x = -0.024768135423794285
grm_tilt_y = 2.327409436851688
grm_G = 222.78574147176715
grm_apex = 17.809155371952023
d_grm_cam  = 21.604424115412982
cam_dec_x = -0.2836278703340744
cam_dec_y = 0.2897318669512302
cam_tilt_x = 0.004355059372703403
cam_tilt_y = -0.0278053042112627
d_cam_ff  = -160.5696526681716
ccd_ff_dec_x = -0.022937317556511433
ccd_ff_dec_y = -0.04778778769697785
ccd_ff_tilt_x = 0.16505443328375022
ccd_ff_tilt_y = -0.5895453256503997
ccd_ff_tilt_z = 0.17178163608724634
d_ff_ccd  = -4.785373196252592
ccd_dec_x = 0.5519164224147828
ccd_dec_y = 5.106430715130504
ccd_defocus = 0.3157895505397484
ccd_tilt_x = 0.0213909200895028
ccd_tilt_y = -0.0041946279525452235
ccd_tilt_z = 3.0748393933074095e-07
p = 1.2846666666666667e-05