p0,p1,p2,p3,p4
3.481209e-15,-3.384426e-11,1.067867e-07,-1.192406e-04,3.448651e-02