slit_dec_x_a = -0.1704010755187174
slit_dec_y_a = -0.1956586180351446
slit_dec_x_b = 0.175
slit_dec_y_b = -1.78014810465025e-96
slit_defocus = 0.021422035465118526
slit_tilt_x = 1.1139872121144911
slit_tilt_y = -8.538405870618135
slit_tilt_z = -8.991593400883357
d_slit_col = 1594.30999283526
coll_tilt_x = 0.11320600976020641
coll_tilt_y = -0.028936828708664906
ech_G = 31.61323691787264
ech_blaze = -74.97483767337866
ech_gamma = 1.1389793749615447
echelle_z = 0.07476765237501581
d_col_trf = -1588.017232519814
trf_mirror_tilt_x = 0.026308770383162358
trf_mirror_tilt_y = 0.162208880627913
d_col_grm = -0.004843326555497152
grism_dec_x = 236.4233373185396
grism_dec_y = 0.03816094192528146
grm_tilt_x = -0.014054374788794293
grm_tilt_y = 2.3052795067677643
grm_G = 222.82400356902934
grm_apex = 17.7909762960611
d_grm_cam  = 21.609825933257458
cam_dec_x = -0.3095215355034532
cam_dec_y = 0.2472454053097368
cam_tilt_x = -0.01108900875317919
cam_tilt_y = 0.0037724508553157936
d_cam_ff  = -160.05723275251557
ccd_ff_dec_x = -0.002603868905570237
ccd_ff_dec_y = 0.05305142851756463
ccd_ff_tilt_x = 0.019562141253126757
ccd_ff_tilt_y = -0.5728002335892565
ccd_ff_tilt_z = 0.1800570330860934
d_ff_ccd  = -4.838976419089657
ccd_dec_x = 0.62141023091417
ccd_dec_y = 5.157149354478943
ccd_defocus = 0.280742526166871
ccd_tilt_x = 0.005045850160707626
ccd_tilt_y = -0.01093428377058454
ccd_tilt_z = 5.052714970949203e-06
p = 0.0001