slit_dec_x_a = -0.1704247031276912
slit_dec_y_a = -0.1960268830332192
slit_dec_x_b = 0.175
slit_dec_y_b = -2.200370674426785e-96
slit_defocus = 0.005545379848818654
slit_tilt_x = 1.1861235198213702
slit_tilt_y = -8.539997996332902
slit_tilt_z = -8.99085007039937
d_slit_col = 1594.2944654381445
coll_tilt_x = 0.08881066637664309
coll_tilt_y = -0.0317415070894244
ech_G = 31.610678401228338
ech_blaze = -74.97681081436734
ech_gamma = 1.1405110173882878
echelle_z = 0.07482881046476829
d_col_trf = -1588.0185729535733
trf_mirror_tilt_x = 0.1386568807217328
trf_mirror_tilt_y = 0.07759675582625408
d_col_grm = -0.009543988209597789
grism_dec_x = 236.43432208913518
grism_dec_y = 0.034201192880745725
grm_tilt_x = -0.015737945171914753
grm_tilt_y = 2.3043732695515082
grm_G = 222.8251860337483
grm_apex = 17.815106032599076
d_grm_cam  = 21.60847842805398
cam_dec_x = -0.3021682190521922
cam_dec_y = 0.2503646144794939
cam_tilt_x = -0.018608453441635177
cam_tilt_y = -0.015048938885728462
d_cam_ff  = -160.40095426928357
ccd_ff_dec_x = -0.0035123320520841265
ccd_ff_dec_y = 0.0001791190162509807
ccd_ff_tilt_x = 0.1460345277247617
ccd_ff_tilt_y = -0.5720811233342002
ccd_ff_tilt_z = 0.1726044016307027
d_ff_ccd  = -4.8112539393906415
ccd_dec_x = 0.6206834166534153
ccd_dec_y = 5.155280280023857
ccd_defocus = 0.31631103897329027
ccd_tilt_x = 0.007733554991135718
ccd_tilt_y = -0.014040711174786733
ccd_tilt_z = 3.141306605363018e-06
p = 7.954583333333332e-06