slit_dec_x_a = -0.181778666534
slit_dec_y_a = -0.18243150017
slit_dec_x_b = 0.14512077562974193
slit_dec_y_b = -0.05510809031835813
slit_defocus = -0.002208683094819821
slit_tilt_x = 1.1347020014439906
slit_tilt_y = -8.568268686386379
slit_tilt_z = -9.003650243501912
d_slit_col = 1594.3039316378315
coll_tilt_x = 0.08642770279200963
coll_tilt_y = -0.022051103847279492
ech_G = 31.610888219853795
ech_blaze = -74.99556607069333
ech_gamma = 1.1581353336348588
echelle_z = 0.05735128053759913
d_col_trf = -1588.0163611770397
trf_mirror_tilt_x = 0.12252900739917044
trf_mirror_tilt_y = 0.01869181110266146
d_col_grm = 0.015018668335169908
grism_dec_x = 236.39746808673698
grism_dec_y = -0.005022242092909347
grm_tilt_x = -0.024720057210858074
grm_tilt_y = 2.327319076686575
grm_G = 222.7857464080528
grm_apex = 17.809144734599418
d_grm_cam  = 21.60431945661877
cam_dec_x = -0.2836185102227191
cam_dec_y = 0.2897234767704848
cam_tilt_x = 0.004335425104036023
cam_tilt_y = -0.027800955261020645
d_cam_ff  = -160.5695875806953
ccd_ff_dec_x = -0.022806096335295616
ccd_ff_dec_y = -0.047794512459761886
ccd_ff_tilt_x = 0.16502882085996343
ccd_ff_tilt_y = -0.5897443199942889
ccd_ff_tilt_z = 0.17176603866674064
d_ff_ccd  = -4.785377985858724
ccd_dec_x = 0.5519618858503713
ccd_dec_y = 5.106230261466702
ccd_defocus = 0.315798359579238
ccd_tilt_x = 0.0213773454762205
ccd_tilt_y = -0.004206710898185428
ccd_tilt_z = 3.383169079808929e-07
p = 7.954583333333332e-06