slit_dec_x_a = -0.181778666534
slit_dec_y_a = -0.18243150017
slit_dec_x_b = 0.14512077562974193
slit_dec_y_b = -0.05510809031835813
slit_defocus = -0.0022083750583252824
slit_tilt_x = 1.1347105630098204
slit_tilt_y = -8.568324775821706
slit_tilt_z = -9.003612749974183
d_slit_col = 1594.30393956553
coll_tilt_x = 0.08647697047674734
coll_tilt_y = -0.02203194251049783
ech_G = 31.61089484774967
ech_blaze = -74.99552618049069
ech_gamma = 1.1581321517173484
echelle_z = 0.056886702313304775
d_col_trf = -1588.0163132156504
trf_mirror_tilt_x = 0.1225225951385305
trf_mirror_tilt_y = 0.018745423800008897
d_col_grm = 0.014989423545212058
grism_dec_x = 236.39749095938546
grism_dec_y = -0.005038802218137771
grm_tilt_x = -0.024656594948891063
grm_tilt_y = 2.3272592158584637
grm_G = 222.78586197665388
grm_apex = 17.809120509580936
d_grm_cam  = 21.604551933827363
cam_dec_x = -0.2836220753357561
cam_dec_y = 0.28975845479964846
cam_tilt_x = 0.0042840672465700915
cam_tilt_y = -0.027786799522138396
d_cam_ff  = -160.56966851678317
ccd_ff_dec_x = -0.022889833886497363
ccd_ff_dec_y = -0.047782208038605986
ccd_ff_tilt_x = 0.1650210867298388
ccd_ff_tilt_y = -0.5895246295384493
ccd_ff_tilt_z = 0.17177012338541636
d_ff_ccd  = -4.7853579923129015
ccd_dec_x = 0.5518922936679662
ccd_dec_y = 5.106548592814045
ccd_defocus = 0.31582789586241844
ccd_tilt_x = 0.021429931213581273
ccd_tilt_y = -0.004209196213803463
ccd_tilt_z = 2.3059225549266774e-07
p = 1.4575e-05