slit_dec_x_a = -0.1704010755187174
slit_dec_y_a = -0.1956586180351446
slit_dec_x_b = 0.175
slit_dec_y_b = -1.8117442599781065e-96
slit_defocus = 0.021423464052402457
slit_tilt_x = 1.113925482159231
slit_tilt_y = -8.538437093451309
slit_tilt_z = -8.991654008918086
d_slit_col = 1594.3099705224017
coll_tilt_x = 0.1131523272949684
coll_tilt_y = -0.028929068925114397
ech_G = 31.613228237228697
ech_blaze = -74.97482999197778
ech_gamma = 1.1389778362320884
echelle_z = 0.07476261298678473
d_col_trf = -1588.0172291087495
trf_mirror_tilt_x = 0.026230538122372492
trf_mirror_tilt_y = 0.16220590856920233
d_col_grm = -0.0048094831694911674
grism_dec_x = 236.42330651600446
grism_dec_y = 0.03817032244036444
grm_tilt_x = -0.014059525605503963
grm_tilt_y = 2.3052823952913046
grm_G = 222.82400245492886
grm_apex = 17.791045211374108
d_grm_cam  = 21.6098232452394
cam_dec_x = -0.3095183318760027
cam_dec_y = 0.24718059482034369
cam_tilt_x = -0.011035414514182901
cam_tilt_y = 0.003793610676443105
d_cam_ff  = -160.05744586896031
ccd_ff_dec_x = -0.0026021359088305505
ccd_ff_dec_y = 0.05301832341838259
ccd_ff_tilt_x = 0.019487127009322938
ccd_ff_tilt_y = -0.5727991676089662
ccd_ff_tilt_z = 0.18005544815772445
d_ff_ccd  = -4.838908326244478
ccd_dec_x = 0.6214039221035427
ccd_dec_y = 5.157150800547851
ccd_defocus = 0.28078659422835667
ccd_tilt_x = 0.005034504569913475
ccd_tilt_y = -0.0108898896054759
ccd_tilt_z = 5.054309155441097e-06
p = 0.0001