slit_dec_x_a = -0.17042148294515377
slit_dec_y_a = -0.19586842716768746
slit_dec_x_b = 0.175
slit_dec_y_b = -2.3106958882854186e-96
slit_defocus = 0.005509059352812607
slit_tilt_x = 1.1861307671648484
slit_tilt_y = -8.54011050780736
slit_tilt_z = -8.990844892180059
d_slit_col = 1594.294445467343
coll_tilt_x = 0.0885421843996501
coll_tilt_y = -0.03174071505266033
ech_G = 31.610657755807807
ech_blaze = -74.97706865460725
ech_gamma = 1.140506008579346
echelle_z = 0.0753737768823862
d_col_trf = -1588.0185720713903
trf_mirror_tilt_x = 0.13868391212032494
trf_mirror_tilt_y = 0.0775422934291049
d_col_grm = -0.00953219407350911
grism_dec_x = 236.43432680816235
grism_dec_y = 0.03424576371831599
grm_tilt_x = -0.015855614874365914
grm_tilt_y = 2.304347053211669
grm_G = 222.82521327958383
grm_apex = 17.815138516418372
d_grm_cam  = 21.608488903951915
cam_dec_x = -0.3021195132281861
cam_dec_y = 0.2503558281092978
cam_tilt_x = -0.01822272040901601
cam_tilt_y = -0.015007927976918623
d_cam_ff  = -160.40096209279693
ccd_ff_dec_x = -0.00355275740734765
ccd_ff_dec_y = 0.00016214830485473925
ccd_ff_tilt_x = 0.1460340202187369
ccd_ff_tilt_y = -0.5720259014550935
ccd_ff_tilt_z = 0.17254480793933494
d_ff_ccd  = -4.811241967873539
ccd_dec_x = 0.62067604400998
ccd_dec_y = 5.155283461011749
ccd_defocus = 0.31632289802577973
ccd_tilt_x = 0.007805351058886562
ccd_tilt_y = -0.013983922828714242
ccd_tilt_z = 3.2894027505198896e-06
p = 0.00013099636363636362