slit_dec_x_a = -0.1704010755187174
slit_dec_y_a = -0.1956586180351446
slit_dec_x_b = 0.175
slit_dec_y_b = -1.8574620767057632e-96
slit_defocus = 0.02141400711249028
slit_tilt_x = 1.114002172423191
slit_tilt_y = -8.538415777099408
slit_tilt_z = -8.991615629731482
d_slit_col = 1594.3099299967262
coll_tilt_x = 0.1131715594008536
coll_tilt_y = -0.028897030553066493
ech_G = 31.61323497843696
ech_blaze = -74.9748342841424
ech_gamma = 1.1389729141410547
echelle_z = 0.07477063406504647
d_col_trf = -1588.017233440639
trf_mirror_tilt_x = 0.026278294436488055
trf_mirror_tilt_y = 0.16220199138130206
d_col_grm = -0.0047905126693057664
grism_dec_x = 236.4232700708851
grism_dec_y = 0.03818969051552601
grm_tilt_x = -0.014057346323666549
grm_tilt_y = 2.305275262912874
grm_G = 222.82400271053712
grm_apex = 17.79099511586634
d_grm_cam  = 21.609817356241294
cam_dec_x = -0.30954091648810483
cam_dec_y = 0.24734528267244202
cam_tilt_x = -0.011066716789199776
cam_tilt_y = 0.0037563382433133665
d_cam_ff  = -160.0576044319501
ccd_ff_dec_x = -0.00260288964010444
ccd_ff_dec_y = 0.0530270193639742
ccd_ff_tilt_x = 0.019476145294126845
ccd_ff_tilt_y = -0.5728000671597029
ccd_ff_tilt_z = 0.18005053775242133
d_ff_ccd  = -4.838902468331345
ccd_dec_x = 0.6214063054713515
ccd_dec_y = 5.1571475872633386
ccd_defocus = 0.2807109978463102
ccd_tilt_x = 0.005074435290397265
ccd_tilt_y = -0.01084335523205152
ccd_tilt_z = 5.1523084064615025e-06
p = 0.0001