slit_dec_x_a = -0.181778666534
slit_dec_y_a = -0.18243150017
slit_dec_x_b = 0.14512077562974193
slit_dec_y_b = -0.05510809031835813
slit_defocus = -0.013819415721219183
slit_tilt_x = 1.0540770901243786
slit_tilt_y = -8.55995270422116
slit_tilt_z = -9.02684776348335
d_slit_col = 1594.2902759945296
coll_tilt_x = 0.12141307320318573
coll_tilt_y = -0.026528936901959937
ech_G = 31.61456449367524
ech_blaze = -74.99488380365919
ech_gamma = 1.1556356717925043
echelle_z = 0.05701028200730704
d_col_trf = -1588.0163633287357
trf_mirror_tilt_x = 0.007315081907961546
trf_mirror_tilt_y = 0.15546702432928797
d_col_grm = 0.03567970426549404
grism_dec_x = 236.38320751270734
grism_dec_y = 0.009276816245037376
grm_tilt_x = -0.02350274675989704
grm_tilt_y = 2.3257876733522083
grm_G = 222.78406582217931
grm_apex = 17.766488669360864
d_grm_cam  = 21.604693884385327
cam_dec_x = -0.2711459171581515
cam_dec_y = 0.2908357755540005
cam_tilt_x = 0.012416899059809612
cam_tilt_y = 0.008848116086581407
d_cam_ff  = -160.07710203280297
ccd_ff_dec_x = -0.02380595709106015
ccd_ff_dec_y = 0.04206394013054105
ccd_ff_tilt_x = 0.03346815510162659
ccd_ff_tilt_y = -0.590987085828065
ccd_ff_tilt_z = 0.17191536244140004
d_ff_ccd  = -4.815977769614111
ccd_dec_x = 0.5533065629900956
ccd_dec_y = 5.107631809712067
ccd_defocus = 0.2857257301169265
ccd_tilt_x = 0.03251841816978313
ccd_tilt_y = -0.0021091352024289953
ccd_tilt_z = 4.703257733860007e-06
p = 0.0001