slit_dec_x_a = -0.181778666534
slit_dec_y_a = -0.18243150017
slit_dec_x_b = 0.14512077562974193
slit_dec_y_b = -0.05510809031835813
slit_defocus = -0.0022237703140517697
slit_tilt_x = 1.1346977619959293
slit_tilt_y = -8.568361739914591
slit_tilt_z = -9.003594446489373
d_slit_col = 1594.3039520833697
coll_tilt_x = 0.08648949112581393
coll_tilt_y = -0.02203932210842882
ech_G = 31.610934926049747
ech_blaze = -74.99580269845809
ech_gamma = 1.1582515420230415
echelle_z = 0.05655782438081205
d_col_trf = -1588.0163300144557
trf_mirror_tilt_x = 0.12245954366008797
trf_mirror_tilt_y = 0.01869920438813778
d_col_grm = 0.014945363076801518
grism_dec_x = 236.39749006145507
grism_dec_y = -0.005061158064303618
grm_tilt_x = -0.02471694642171565
grm_tilt_y = 2.327394366099174
grm_G = 222.78592214685037
grm_apex = 17.809068569417903
d_grm_cam  = 21.604865128943832
cam_dec_x = -0.2836299164165206
cam_dec_y = 0.2897478203856243
cam_tilt_x = 0.0043495041977293725
cam_tilt_y = -0.027778070923332822
d_cam_ff  = -160.56970191220933
ccd_ff_dec_x = -0.022726331398027676
ccd_ff_dec_y = -0.047793198676572654
ccd_ff_tilt_x = 0.1650310019111576
ccd_ff_tilt_y = -0.5893327672946009
ccd_ff_tilt_z = 0.17182276782411063
d_ff_ccd  = -4.785428331599805
ccd_dec_x = 0.5518318312325733
ccd_dec_y = 5.106346785833452
ccd_defocus = 0.3158581416048876
ccd_tilt_x = 0.021369521949999935
ccd_tilt_y = -0.004184674404798867
ccd_tilt_z = 2.2532671869683878e-07
p = 2.4736363636363634e-06