slit_dec_x_a = -0.181778666534
slit_dec_y_a = -0.18243150017
slit_dec_x_b = 0.14512077562974193
slit_dec_y_b = -0.05510809031835813
slit_defocus = -0.0022143131986599495
slit_tilt_x = 1.1346918505344838
slit_tilt_y = -8.568300896795384
slit_tilt_z = -9.003624730958744
d_slit_col = 1594.3039075792215
coll_tilt_x = 0.08643900285827208
coll_tilt_y = -0.022046456391769918
ech_G = 31.61090998383415
ech_blaze = -74.99571608503568
ech_gamma = 1.1581206527802617
echelle_z = 0.05719914150314967
d_col_trf = -1588.0161849177673
trf_mirror_tilt_x = 0.12249898883857673
trf_mirror_tilt_y = 0.018680789518682708
d_col_grm = 0.014987676923502226
grism_dec_x = 236.39749448446554
grism_dec_y = -0.005049236744189091
grm_tilt_x = -0.024805340942643805
grm_tilt_y = 2.3274594738897045
grm_G = 222.78570839731626
grm_apex = 17.809178890496398
d_grm_cam  = 21.604442919349133
cam_dec_x = -0.28362639213082913
cam_dec_y = 0.2897123187262685
cam_tilt_x = 0.004364622330102589
cam_tilt_y = -0.027811518066825348
d_cam_ff  = -160.5696510023723
ccd_ff_dec_x = -0.023025387243458074
ccd_ff_dec_y = -0.04777285726579842
ccd_ff_tilt_x = 0.16505801392196734
ccd_ff_tilt_y = -0.5895973201989413
ccd_ff_tilt_z = 0.17182822142177204
d_ff_ccd  = -4.785357383532008
ccd_dec_x = 0.5519684306527465
ccd_dec_y = 5.106449989478977
ccd_defocus = 0.3158047750508074
ccd_tilt_x = 0.021422006518035646
ccd_tilt_y = -0.004187071602999353
ccd_tilt_z = 3.191464281334041e-07
p = 1.481e-06