slit_dec_x_a = -0.17043439064696383
slit_dec_y_a = -0.19607634781197314
slit_dec_x_b = 0.175
slit_dec_y_b = -1.8456519933851546e-96
slit_defocus = 0.005572954108752921
slit_tilt_x = 1.1861204968231325
slit_tilt_y = -8.540009006953047
slit_tilt_z = -8.990852869021062
d_slit_col = 1594.2944437421238
coll_tilt_x = 0.08874453778038592
coll_tilt_y = -0.031769533408207894
ech_G = 31.610691793931355
ech_blaze = -74.97710381499869
ech_gamma = 1.140419373986558
echelle_z = 0.07494780279870454
d_col_trf = -1588.0185649117745
trf_mirror_tilt_x = 0.13871267911400342
trf_mirror_tilt_y = 0.07759104845606793
d_col_grm = -0.009517865410053167
grism_dec_x = 236.43427375535856
grism_dec_y = 0.03424180776242082
grm_tilt_x = -0.015808809071208834
grm_tilt_y = 2.30436465021706
grm_G = 222.8251646848309
grm_apex = 17.815114673546862
d_grm_cam  = 21.60848794044212
cam_dec_x = -0.3021183237152924
cam_dec_y = 0.25038032147489797
cam_tilt_x = -0.018357611667141203
cam_tilt_y = -0.015032504809640242
d_cam_ff  = -160.4009591524928
ccd_ff_dec_x = -0.0035329501946211165
ccd_ff_dec_y = 0.0001465145491550208
ccd_ff_tilt_x = 0.14601331775622214
ccd_ff_tilt_y = -0.5721011813412061
ccd_ff_tilt_z = 0.17256809610102422
d_ff_ccd  = -4.811228659459524
ccd_dec_x = 0.6206722239729974
ccd_dec_y = 5.155275146803595
ccd_defocus = 0.31631651111179143
ccd_tilt_x = 0.00776281089674709
ccd_tilt_y = -0.014010166730884888
ccd_tilt_z = 3.17462243735042e-06
p = 1.481e-06