slit_dec_x_a = -0.181778666534
slit_dec_y_a = -0.18243150017
slit_dec_x_b = 0.14512077562974193
slit_dec_y_b = -0.05510809031835813
slit_defocus = -0.0021886162110487267
slit_tilt_x = 1.134699937121929
slit_tilt_y = -8.568304477554076
slit_tilt_z = -9.003622344369546
d_slit_col = 1594.3039077831118
coll_tilt_x = 0.08643766399665703
coll_tilt_y = -0.02203229241512391
ech_G = 31.61089977368444
ech_blaze = -74.99560555300123
ech_gamma = 1.1582203549074985
echelle_z = 0.05702421219188738
d_col_trf = -1588.0162169543296
trf_mirror_tilt_x = 0.12250593504174782
trf_mirror_tilt_y = 0.01870399255063467
d_col_grm = 0.014986426740815628
grism_dec_x = 236.39747363946816
grism_dec_y = -0.005073241164017228
grm_tilt_x = -0.02479513909973825
grm_tilt_y = 2.327410030952554
grm_G = 222.78570645288744
grm_apex = 17.809155628555096
d_grm_cam  = 21.604511389606934
cam_dec_x = -0.2836440673078597
cam_dec_y = 0.2897399861475197
cam_tilt_x = 0.004351942607629995
cam_tilt_y = -0.02779563812295839
d_cam_ff  = -160.56955093319624
ccd_ff_dec_x = -0.0230274366422981
ccd_ff_dec_y = -0.047792900202451326
ccd_ff_tilt_x = 0.1650345412774341
ccd_ff_tilt_y = -0.5896553271704867
ccd_ff_tilt_z = 0.17176508899627874
d_ff_ccd  = -4.785380688910252
ccd_dec_x = 0.5518745424493322
ccd_dec_y = 5.106581516128628
ccd_defocus = 0.31584337473768365
ccd_tilt_x = 0.021421581202865952
ccd_tilt_y = -0.004230396750589635
ccd_tilt_z = 2.6713978855233364e-07
p = 5.699e-06