slit_dec_x_a = -0.1704578556536293
slit_dec_y_a = -0.19604714904812848
slit_dec_x_b = 0.175
slit_dec_y_b = -2.014501538113683e-96
slit_defocus = 0.005537303963123069
slit_tilt_x = 1.1861223825797402
slit_tilt_y = -8.540045112741154
slit_tilt_z = -8.990866643300247
d_slit_col = 1594.2944431008548
coll_tilt_x = 0.08868129536353433
coll_tilt_y = -0.031763831501475596
ech_G = 31.610671206801214
ech_blaze = -74.97713090079108
ech_gamma = 1.140539938409763
echelle_z = 0.07495923284478753
d_col_trf = -1588.018557889158
trf_mirror_tilt_x = 0.1387167182264516
trf_mirror_tilt_y = 0.07760385319394643
d_col_grm = -0.009519881482797624
grism_dec_x = 236.43428238378155
grism_dec_y = 0.034221457374444715
grm_tilt_x = -0.015759324418012546
grm_tilt_y = 2.3043682022200214
grm_G = 222.82519705695802
grm_apex = 17.815103716782875
d_grm_cam  = 21.608479163112357
cam_dec_x = -0.30210094659440856
cam_dec_y = 0.25039222133228867
cam_tilt_x = -0.018147327094481684
cam_tilt_y = -0.015008228689952321
d_cam_ff  = -160.40096421174079
ccd_ff_dec_x = -0.003536131145016706
ccd_ff_dec_y = 0.00014950243556399026
ccd_ff_tilt_x = 0.14597815900921798
ccd_ff_tilt_y = -0.5720612867206203
ccd_ff_tilt_z = 0.1725597064208121
d_ff_ccd  = -4.811233456428438
ccd_dec_x = 0.6206392543393815
ccd_dec_y = 5.155247366301813
ccd_defocus = 0.31632229652763744
ccd_tilt_x = 0.007746181788497034
ccd_tilt_y = -0.01401536090201216
ccd_tilt_z = 3.231629049157095e-06
p = 5.699e-06