slit_dec_x_a = -0.1704010755187174
slit_dec_y_a = -0.1956586180351446
slit_dec_x_b = 0.175
slit_dec_y_b = -1.8001702867311865e-96
slit_defocus = 0.02138905484766087
slit_tilt_x = 1.1139994452349995
slit_tilt_y = -8.538414272194577
slit_tilt_z = -8.991589718777993
d_slit_col = 1594.3099574334462
coll_tilt_x = 0.11317323345628214
coll_tilt_y = -0.028858426533137176
ech_G = 31.61323379037129
ech_blaze = -74.97483259467617
ech_gamma = 1.1389745857099753
echelle_z = 0.07476727234527003
d_col_trf = -1588.0172243724567
trf_mirror_tilt_x = 0.026300653071834282
trf_mirror_tilt_y = 0.16218526196286998
d_col_grm = -0.0048708954358616715
grism_dec_x = 236.42327948895544
grism_dec_y = 0.03819579094108786
grm_tilt_x = -0.014058600901994348
grm_tilt_y = 2.3052794781086985
grm_G = 222.82400088810638
grm_apex = 17.791065084720554
d_grm_cam  = 21.609821317594015
cam_dec_x = -0.30952228572140944
cam_dec_y = 0.24729907248277574
cam_tilt_x = -0.01107708924974648
cam_tilt_y = 0.0037937224393984363
d_cam_ff  = -160.05738073899408
ccd_ff_dec_x = -0.0025922822092108422
ccd_ff_dec_y = 0.05304419121466579
ccd_ff_tilt_x = 0.019569043638047005
ccd_ff_tilt_y = -0.5728103117580947
ccd_ff_tilt_z = 0.18005263701367205
d_ff_ccd  = -4.838996735931198
ccd_dec_x = 0.6214019988050706
ccd_dec_y = 5.157151260568363
ccd_defocus = 0.28077112399204707
ccd_tilt_x = 0.005052895435229085
ccd_tilt_y = -0.010895753900878692
ccd_tilt_z = 5.140732778366259e-06
p = 0.0001