slit_dec_x_a = -0.181778666534
slit_dec_y_a = -0.18243150017
slit_dec_x_b = 0.14512077562974193
slit_dec_y_b = -0.05510809031835813
slit_defocus = -0.0022248802873960985
slit_tilt_x = 1.1346940719165537
slit_tilt_y = -8.568371728403894
slit_tilt_z = -9.003578610499751
d_slit_col = 1594.3039568612246
coll_tilt_x = 0.08648166785599173
coll_tilt_y = -0.02205245895478393
ech_G = 31.610939414636224
ech_blaze = -74.99583654301715
ech_gamma = 1.1582206473870547
echelle_z = 0.05666557983921276
d_col_trf = -1588.0162572439708
trf_mirror_tilt_x = 0.12247431177737057
trf_mirror_tilt_y = 0.018707279124296206
d_col_grm = 0.01494452406098118
grism_dec_x = 236.39749004898
grism_dec_y = -0.005065937644125156
grm_tilt_x = -0.02476632839783666
grm_tilt_y = 2.3273463073595657
grm_G = 222.78595354767836
grm_apex = 17.809070658116944
d_grm_cam  = 21.6049145766707
cam_dec_x = -0.28363843395732213
cam_dec_y = 0.2897582018146388
cam_tilt_x = 0.004345791261462325
cam_tilt_y = -0.02776584617543144
d_cam_ff  = -160.56960869833918
ccd_ff_dec_x = -0.022771604042024527
ccd_ff_dec_y = -0.04778645921778685
ccd_ff_tilt_x = 0.16502831091705972
ccd_ff_tilt_y = -0.5893765169477089
ccd_ff_tilt_z = 0.1718653904059473
d_ff_ccd  = -4.785410590898133
ccd_dec_x = 0.5519394472201039
ccd_dec_y = 5.106338669454414
ccd_defocus = 0.315854834066221
ccd_tilt_x = 0.021378724233264836
ccd_tilt_y = -0.004183451649975264
ccd_tilt_z = 2.485994916056639e-07
p = 1.992909090909091e-06