slit_dec_x_a = -0.17039421458035992
slit_dec_y_a = -0.19570389024957355
slit_dec_x_b = 0.175
slit_dec_y_b = -2.5538552032541667e-96
slit_defocus = 0.005522913713229816
slit_tilt_x = 1.1861380843175797
slit_tilt_y = -8.540101761489138
slit_tilt_z = -8.99082587719076
d_slit_col = 1594.2944351911524
coll_tilt_x = 0.08856826218217304
coll_tilt_y = -0.03173897663657103
ech_G = 31.610680885104685
ech_blaze = -74.97715247322257
ech_gamma = 1.140544342575392
echelle_z = 0.07547480801851374
d_col_trf = -1588.0185950717346
trf_mirror_tilt_x = 0.13864456237179876
trf_mirror_tilt_y = 0.07753538872292828
d_col_grm = -0.009534171317612366
grism_dec_x = 236.43431853797085
grism_dec_y = 0.03425209896813427
grm_tilt_x = -0.015836243116887236
grm_tilt_y = 2.304365882963475
grm_G = 222.82519264179913
grm_apex = 17.815142827213656
d_grm_cam  = 21.608466932041047
cam_dec_x = -0.30211788209106605
cam_dec_y = 0.2503567377743547
cam_tilt_x = -0.018401589821212178
cam_tilt_y = -0.015010073515436026
d_cam_ff  = -160.40099054407577
ccd_ff_dec_x = -0.0035241664387680163
ccd_ff_dec_y = 0.00016736925782378714
ccd_ff_tilt_x = 0.14600441295003821
ccd_ff_tilt_y = -0.5720308270383107
ccd_ff_tilt_z = 0.17253282137771112
d_ff_ccd  = -4.811213142499151
ccd_dec_x = 0.6206506888405913
ccd_dec_y = 5.1553052194799704
ccd_defocus = 0.31632581762280937
ccd_tilt_x = 0.007790806180709722
ccd_tilt_y = -0.014021681877484997
ccd_tilt_z = 3.379600217729909e-06
p = 1.992909090909091e-06