slit_dec_x_a = -0.181778666534
slit_dec_y_a = -0.18243150017
slit_dec_x_b = 0.14512077562974193
slit_dec_y_b = -0.05510809031835813
slit_defocus = -0.0022108713449921144
slit_tilt_x = 1.1346640304032907
slit_tilt_y = -8.568367696035937
slit_tilt_z = -9.003607968247548
d_slit_col = 1594.3039839643366
coll_tilt_x = 0.08646410737949822
coll_tilt_y = -0.02206118663314775
ech_G = 31.610898243009746
ech_blaze = -74.99557728411443
ech_gamma = 1.1581664778146747
echelle_z = 0.056730069348018344
d_col_trf = -1588.0164376025966
trf_mirror_tilt_x = 0.12252775415097952
trf_mirror_tilt_y = 0.018701987369637144
d_col_grm = 0.014984779309397402
grism_dec_x = 236.39746922491292
grism_dec_y = -0.005069582085739569
grm_tilt_x = -0.024661404546646976
grm_tilt_y = 2.327391756867276
grm_G = 222.78572913782634
grm_apex = 17.809102682771716
d_grm_cam  = 21.604770555607207
cam_dec_x = -0.28363721805793307
cam_dec_y = 0.289761877625661
cam_tilt_x = 0.0043135739483470825
cam_tilt_y = -0.027782132839981707
d_cam_ff  = -160.56957761003545
ccd_ff_dec_x = -0.022868508080473113
ccd_ff_dec_y = -0.04777707468523728
ccd_ff_tilt_x = 0.1650540226220616
ccd_ff_tilt_y = -0.5893112008540564
ccd_ff_tilt_z = 0.17185786175365392
d_ff_ccd  = -4.7853842015260595
ccd_dec_x = 0.5518845406701105
ccd_dec_y = 5.106418798296822
ccd_defocus = 0.31583301503933825
ccd_tilt_x = 0.02139277291358294
ccd_tilt_y = -0.004221871247357229
ccd_tilt_z = 2.2928423561752922e-07
p = 1.2020000000000002e-05