slit_dec_x_a = -0.181778666534
slit_dec_y_a = -0.18243150017
slit_dec_x_b = 0.14512077562974193
slit_dec_y_b = -0.05510809031835813
slit_defocus = -0.013838368090208839
slit_tilt_x = 1.0540568219263724
slit_tilt_y = -8.559950481890207
slit_tilt_z = -9.026833572734386
d_slit_col = 1594.2902432111525
coll_tilt_x = 0.12147162489339369
coll_tilt_y = -0.02653000246342874
ech_G = 31.614563349396317
ech_blaze = -74.99488527376646
ech_gamma = 1.1556415335990429
echelle_z = 0.05700255201188647
d_col_trf = -1588.0163686748267
trf_mirror_tilt_x = 0.007324953580576011
trf_mirror_tilt_y = 0.15544942868072556
d_col_grm = 0.03565086871235276
grism_dec_x = 236.38323488167683
grism_dec_y = 0.009240355951759536
grm_tilt_x = -0.023509919830149127
grm_tilt_y = 2.325791364909595
grm_G = 222.78407015308227
grm_apex = 17.766426625339612
d_grm_cam  = 21.604693079205937
cam_dec_x = -0.27105160254951505
cam_dec_y = 0.29085946151023745
cam_tilt_x = 0.012452455069963468
cam_tilt_y = 0.008851433992598643
d_cam_ff  = -160.07698619437522
ccd_ff_dec_x = -0.023797940318919433
ccd_ff_dec_y = 0.04204565737119844
ccd_ff_tilt_x = 0.0334849525377449
ccd_ff_tilt_y = -0.5909814987290254
ccd_ff_tilt_z = 0.17191813381621893
d_ff_ccd  = -4.815972555834549
ccd_dec_x = 0.5532941944056965
ccd_dec_y = 5.107630896837253
ccd_defocus = 0.2858535861622314
ccd_tilt_x = 0.03254356174820928
ccd_tilt_y = -0.0021718163995618385
ccd_tilt_z = 4.711293525088223e-06
p = 0.0001