slit_dec_x_a = -0.1704010755187174
slit_dec_y_a = -0.1956586180351446
slit_dec_x_b = 0.175
slit_dec_y_b = -1.7790290579673098e-96
slit_defocus = 0.02137020237991973
slit_tilt_x = 1.1140491750512687
slit_tilt_y = -8.538486385626971
slit_tilt_z = -8.991687601255109
d_slit_col = 1594.3100000104937
coll_tilt_x = 0.1132291960904794
coll_tilt_y = -0.02890779291476665
ech_G = 31.61322962600299
ech_blaze = -74.9748264339601
ech_gamma = 1.1389768634582351
echelle_z = 0.07477175723265558
d_col_trf = -1588.0172357818185
trf_mirror_tilt_x = 0.026364714968696096
trf_mirror_tilt_y = 0.16227723520657492
d_col_grm = -0.004835184640876662
grism_dec_x = 236.4233309178935
grism_dec_y = 0.03821626382476498
grm_tilt_x = -0.014058986921217365
grm_tilt_y = 2.305283946490145
grm_G = 222.8240044456341
grm_apex = 17.791009992421305
d_grm_cam  = 21.609817665986935
cam_dec_x = -0.3095618602588657
cam_dec_y = 0.24726251754592962
cam_tilt_x = -0.011012442352948907
cam_tilt_y = 0.0038460432100010235
d_cam_ff  = -160.05802180613765
ccd_ff_dec_x = -0.002599051959445754
ccd_ff_dec_y = 0.05301331412351157
ccd_ff_tilt_x = 0.019511763961908707
ccd_ff_tilt_y = -0.5728055160444229
ccd_ff_tilt_z = 0.18005719672470208
d_ff_ccd  = -4.838945136743448
ccd_dec_x = 0.621404736325117
ccd_dec_y = 5.157147156149724
ccd_defocus = 0.2807280702811037
ccd_tilt_x = 0.005044214327115187
ccd_tilt_y = -0.010915072738299024
ccd_tilt_z = 5.089452797103487e-06
p = 0.0001