slit_dec_x_a = -0.1704594555710465
slit_dec_y_a = -0.19607916052082955
slit_dec_x_b = 0.175
slit_dec_y_b = -1.880893064231688e-96
slit_defocus = 0.005565486908779942
slit_tilt_x = 1.186143295724603
slit_tilt_y = -8.540011729942522
slit_tilt_z = -8.9908448056099
d_slit_col = 1594.2944296086027
coll_tilt_x = 0.08877716632356157
coll_tilt_y = -0.031739597512147444
ech_G = 31.610692446538046
ech_blaze = -74.97712031132255
ech_gamma = 1.1405353414203903
echelle_z = 0.07497143880986805
d_col_trf = -1588.0185580795471
trf_mirror_tilt_x = 0.1387084991613897
trf_mirror_tilt_y = 0.07758604379138989
d_col_grm = -0.009521866995978782
grism_dec_x = 236.43429556908688
grism_dec_y = 0.034253208114602446
grm_tilt_x = -0.01575975545027571
grm_tilt_y = 2.304370584598499
grm_G = 222.82517653879464
grm_apex = 17.815116645425512
d_grm_cam  = 21.608489796716512
cam_dec_x = -0.30210813137017173
cam_dec_y = 0.25036910912891774
cam_tilt_x = -0.01829614360655339
cam_tilt_y = -0.015033649905902894
d_cam_ff  = -160.40094092033848
ccd_ff_dec_x = -0.0035314962992828345
ccd_ff_dec_y = 0.00014395460445954149
ccd_ff_tilt_x = 0.1459942075269827
ccd_ff_tilt_y = -0.5720865202180876
ccd_ff_tilt_z = 0.17254756250661904
d_ff_ccd  = -4.811234823804988
ccd_dec_x = 0.6206596917571854
ccd_dec_y = 5.15525579259273
ccd_defocus = 0.3163228974011345
ccd_tilt_x = 0.007749102332453223
ccd_tilt_y = -0.014002764557856437
ccd_tilt_z = 3.2115623337998176e-06
p = 2.3169090909090908e-06