slit_dec_x_a = -0.181778666534
slit_dec_y_a = -0.18243150017
slit_dec_x_b = 0.14512077562974193
slit_dec_y_b = -0.05510809031835813
slit_defocus = -0.013846000837754445
slit_tilt_x = 1.0541176751677952
slit_tilt_y = -8.559950595794326
slit_tilt_z = -9.026863241304998
d_slit_col = 1594.290272089006
coll_tilt_x = 0.12146271635855885
coll_tilt_y = -0.02656834692824594
ech_G = 31.61456638653709
ech_blaze = -74.9948880057705
ech_gamma = 1.1556426251638152
echelle_z = 0.05699875077597307
d_col_trf = -1588.016364983747
trf_mirror_tilt_x = 0.0072983700779488256
trf_mirror_tilt_y = 0.1555227671525204
d_col_grm = 0.03562327743608472
grism_dec_x = 236.38315831951473
grism_dec_y = 0.009281891110525632
grm_tilt_x = -0.023508230242237638
grm_tilt_y = 2.3257924566325103
grm_G = 222.78406376803466
grm_apex = 17.76656098231131
d_grm_cam  = 21.604693153626908
cam_dec_x = -0.2710157544691213
cam_dec_y = 0.29089432751336936
cam_tilt_x = 0.012458313613431402
cam_tilt_y = 0.008803954516605136
d_cam_ff  = -160.0766884171849
ccd_ff_dec_x = -0.023799233019198517
ccd_ff_dec_y = 0.04208814268942358
ccd_ff_tilt_x = 0.03343379818574331
ccd_ff_tilt_y = -0.5909798880091531
ccd_ff_tilt_z = 0.17191647443499508
d_ff_ccd  = -4.816024167475654
ccd_dec_x = 0.5533050836229153
ccd_dec_y = 5.107628127776662
ccd_defocus = 0.28572751123176593
ccd_tilt_x = 0.032605676732241094
ccd_tilt_y = -0.0021810927718566046
ccd_tilt_z = 4.676768628460215e-06
p = 0.0001