slit_dec_x_a = -0.17043157123008013
slit_dec_y_a = -0.1958940566252463
slit_dec_x_b = 0.175
slit_dec_y_b = -2.1711854593830492e-96
slit_defocus = 0.005552211776568945
slit_tilt_x = 1.186121604360687
slit_tilt_y = -8.54000167857925
slit_tilt_z = -8.990840062718247
d_slit_col = 1594.2944555999852
coll_tilt_x = 0.0887034094376532
coll_tilt_y = -0.03171065484339308
ech_G = 31.610672356993103
ech_blaze = -74.97689518097229
ech_gamma = 1.1404986026386543
echelle_z = 0.07486020661878398
d_col_trf = -1588.018577224248
trf_mirror_tilt_x = 0.13866418191793986
trf_mirror_tilt_y = 0.0775882596971193
d_col_grm = -0.009554819302336927
grism_dec_x = 236.43431725589483
grism_dec_y = 0.03421100319094926
grm_tilt_x = -0.015696379380373077
grm_tilt_y = 2.304378346938801
grm_G = 222.82519482875372
grm_apex = 17.81511088849674
d_grm_cam  = 21.608487744696404
cam_dec_x = -0.3021620146979858
cam_dec_y = 0.250362378890582
cam_tilt_x = -0.018599467557415303
cam_tilt_y = -0.015049392320626952
d_cam_ff  = -160.4009740283954
ccd_ff_dec_x = -0.0035391152124368535
ccd_ff_dec_y = 0.00016559882585078593
ccd_ff_tilt_x = 0.1460327893319814
ccd_ff_tilt_y = -0.5720806206539123
ccd_ff_tilt_z = 0.17261170817465407
d_ff_ccd  = -4.8112476287372825
ccd_dec_x = 0.6207022839203861
ccd_dec_y = 5.155295388014864
ccd_defocus = 0.3163138171331531
ccd_tilt_x = 0.007733435494833567
ccd_tilt_y = -0.014015731416569237
ccd_tilt_z = 3.141829573510797e-06
p = 9.782363636363636e-06