slit_dec_x_a = -0.181778666534
slit_dec_y_a = -0.18243150017
slit_dec_x_b = 0.14512077562974193
slit_dec_y_b = -0.05510809031835813
slit_defocus = -0.0021937717827879583
slit_tilt_x = 1.1346936146476767
slit_tilt_y = -8.56827592873087
slit_tilt_z = -9.003636576910749
d_slit_col = 1594.303929258494
coll_tilt_x = 0.08641436218481474
coll_tilt_y = -0.022043610614389645
ech_G = 31.610898559616086
ech_blaze = -74.99562119018144
ech_gamma = 1.1581600814113517
echelle_z = 0.057312791632283866
d_col_trf = -1588.0162884981262
trf_mirror_tilt_x = 0.12252063959235096
trf_mirror_tilt_y = 0.0186623612402937
d_col_grm = 0.015011516902519624
grism_dec_x = 236.39746777575743
grism_dec_y = -0.0050108266377905525
grm_tilt_x = -0.024736908764045745
grm_tilt_y = 2.3274080103139436
grm_G = 222.7857260194164
grm_apex = 17.809153674886716
d_grm_cam  = 21.604334313830797
cam_dec_x = -0.28360423360051856
cam_dec_y = 0.28972355142091144
cam_tilt_x = 0.0043195609444205765
cam_tilt_y = -0.02777891766391122
d_cam_ff  = -160.5696526581313
ccd_ff_dec_x = -0.022793552759747468
ccd_ff_dec_y = -0.047797541004685286
ccd_ff_tilt_x = 0.16502762828821063
ccd_ff_tilt_y = -0.5896658999442485
ccd_ff_tilt_z = 0.1717915236215945
d_ff_ccd  = -4.78537533223846
ccd_dec_x = 0.552010644539319
ccd_dec_y = 5.106288245432714
ccd_defocus = 0.3158002555540828
ccd_tilt_x = 0.0213864096512641
ccd_tilt_y = -0.004202309852419412
ccd_tilt_z = 3.112857572063493e-07
p = 9.782363636363636e-06