slit_dec_x_a = -0.181778666534
slit_dec_y_a = -0.18243150017
slit_dec_x_b = 0.14512077562974193
slit_dec_y_b = -0.05510809031835813
slit_defocus = -0.0021964665124750943
slit_tilt_x = 1.1346807913470527
slit_tilt_y = -8.56833922048879
slit_tilt_z = -9.003620418681878
d_slit_col = 1594.3039627447645
coll_tilt_x = 0.08643927481766601
coll_tilt_y = -0.022039717536160554
ech_G = 31.61089221559514
ech_blaze = -74.99556632347874
ech_gamma = 1.1580967700523013
echelle_z = 0.05680900013991061
d_col_trf = -1588.0163116833842
trf_mirror_tilt_x = 0.1225177957457493
trf_mirror_tilt_y = 0.018709569994943484
d_col_grm = 0.014980922148882247
grism_dec_x = 236.39746648075968
grism_dec_y = -0.00505123878910207
grm_tilt_x = -0.024642008003707055
grm_tilt_y = 2.3271967407909835
grm_G = 222.7857936819068
grm_apex = 17.809112099340034
d_grm_cam  = 21.60461769761786
cam_dec_x = -0.2836445185648244
cam_dec_y = 0.28976069271170196
cam_tilt_x = 0.004312748833888313
cam_tilt_y = -0.02779651448175896
d_cam_ff  = -160.56962202268755
ccd_ff_dec_x = -0.022864527132907268
ccd_ff_dec_y = -0.047778109855201964
ccd_ff_tilt_x = 0.16504290926225718
ccd_ff_tilt_y = -0.5894486447498981
ccd_ff_tilt_z = 0.17196951957397769
d_ff_ccd  = -4.785376861816136
ccd_dec_x = 0.5519117176146283
ccd_dec_y = 5.106461388488076
ccd_defocus = 0.31581873703407587
ccd_tilt_x = 0.02141120623138743
ccd_tilt_y = -0.004207386265140729
ccd_tilt_z = 2.0276393468316638e-07
p = 6.290499999999999e-06