slit_dec_x_a = -0.17040637194162994
slit_dec_y_a = -0.19592106007428722
slit_dec_x_b = 0.175
slit_dec_y_b = -2.4212928816121483e-96
slit_defocus = 0.005516787442351613
slit_tilt_x = 1.1861060656738274
slit_tilt_y = -8.540091488776362
slit_tilt_z = -8.990856381503052
d_slit_col = 1594.294446007155
coll_tilt_x = 0.08860047053590435
coll_tilt_y = -0.031763758941865686
ech_G = 31.610647083810324
ech_blaze = -74.97697894029814
ech_gamma = 1.1404983972540272
echelle_z = 0.07535538957965009
d_col_trf = -1588.0185543623777
trf_mirror_tilt_x = 0.13869794685327724
trf_mirror_tilt_y = 0.07752253253426815
d_col_grm = -0.009522889289053685
grism_dec_x = 236.4343175092045
grism_dec_y = 0.034241903218029654
grm_tilt_x = -0.0158857759888633
grm_tilt_y = 2.3043764286962376
grm_G = 222.82520752630904
grm_apex = 17.815143543465638
d_grm_cam  = 21.608498266938337
cam_dec_x = -0.30212083187221284
cam_dec_y = 0.2503435300335468
cam_tilt_x = -0.018100315133871316
cam_tilt_y = -0.015015988185276153
d_cam_ff  = -160.40095437613363
ccd_ff_dec_x = -0.003562541749608132
ccd_ff_dec_y = 0.00013451896479299238
ccd_ff_tilt_x = 0.1460462136510215
ccd_ff_tilt_y = -0.5720389495389906
ccd_ff_tilt_z = 0.17254631916711863
d_ff_ccd  = -4.811231543380332
ccd_dec_x = 0.6206555901179265
ccd_dec_y = 5.155296939340323
ccd_defocus = 0.3163094976982497
ccd_tilt_x = 0.0078036941165306505
ccd_tilt_y = -0.01400700669650501
ccd_tilt_z = 3.3029985577207485e-06
p = 6.290499999999999e-06