slit_dec_x_a = -0.17039381020864136
slit_dec_y_a = -0.19594808281619422
slit_dec_x_b = 0.175
slit_dec_y_b = -1.5233258223701958e-96
slit_defocus = 0.005572512223396907
slit_tilt_x = 1.1861849372634137
slit_tilt_y = -8.540022833134516
slit_tilt_z = -8.99084384810554
d_slit_col = 1594.29445405999
coll_tilt_x = 0.08882465731435663
coll_tilt_y = -0.031821075394734784
ech_G = 31.610661912327767
ech_blaze = -74.97683118880147
ech_gamma = 1.1404215283441763
echelle_z = 0.07486454896364618
d_col_trf = -1588.018533788793
trf_mirror_tilt_x = 0.13868062474816326
trf_mirror_tilt_y = 0.0775409326529778
d_col_grm = -0.009537337598155995
grism_dec_x = 236.4343240523598
grism_dec_y = 0.03417598398826138
grm_tilt_x = -0.015718210085307504
grm_tilt_y = 2.3043654033909817
grm_G = 222.82518397893088
grm_apex = 17.815143804653925
d_grm_cam  = 21.60846228388284
cam_dec_x = -0.302122723631185
cam_dec_y = 0.25032171905329803
cam_tilt_x = -0.018501206987627833
cam_tilt_y = -0.015063774946555298
d_cam_ff  = -160.40092720065624
ccd_ff_dec_x = -0.0035217321746998285
ccd_ff_dec_y = 0.00021341065879395583
ccd_ff_tilt_x = 0.14602463883070096
ccd_ff_tilt_y = -0.5720511770818798
ccd_ff_tilt_z = 0.17258941821105533
d_ff_ccd  = -4.811266490138972
ccd_dec_x = 0.620691404356678
ccd_dec_y = 5.155329724368131
ccd_defocus = 0.3163255321359548
ccd_tilt_x = 0.007702734086773559
ccd_tilt_y = -0.014093127039885744
ccd_tilt_z = 3.1738209102216887e-06
p = 2.0012727272727275e-05