slit_dec_x_a = -0.181778666534
slit_dec_y_a = -0.18243150017
slit_dec_x_b = 0.14512077562974193
slit_dec_y_b = -0.05510809031835813
slit_defocus = -0.0022011404250292144
slit_tilt_x = 1.1346848187394178
slit_tilt_y = -8.568235630180764
slit_tilt_z = -9.00367534883695
d_slit_col = 1594.3039381121825
coll_tilt_x = 0.08644094418665754
coll_tilt_y = -0.022053154464956374
ech_G = 31.61087965324718
ech_blaze = -74.99557569148602
ech_gamma = 1.1581035631685765
echelle_z = 0.05748706160305739
d_col_trf = -1588.0162391930264
trf_mirror_tilt_x = 0.12252531648112458
trf_mirror_tilt_y = 0.018685601225140753
d_col_grm = 0.015063440658961907
grism_dec_x = 236.39748368381927
grism_dec_y = -0.005031299444729455
grm_tilt_x = -0.024726093707878066
grm_tilt_y = 2.3272446739413213
grm_G = 222.78585010331363
grm_apex = 17.809196191177772
d_grm_cam  = 21.604359658063608
cam_dec_x = -0.2835833856317389
cam_dec_y = 0.2897500576681969
cam_tilt_x = 0.00433798201159073
cam_tilt_y = -0.027812461853948235
d_cam_ff  = -160.5697567475258
ccd_ff_dec_x = -0.022673396828968736
ccd_ff_dec_y = -0.04778779516587437
ccd_ff_tilt_x = 0.165026708711591
ccd_ff_tilt_y = -0.589688540587147
ccd_ff_tilt_z = 0.17170103388846703
d_ff_ccd  = -4.7854011743658
ccd_dec_x = 0.551986371451407
ccd_dec_y = 5.106094220194576
ccd_defocus = 0.31574715141880505
ccd_tilt_x = 0.021357880919621295
ccd_tilt_y = -0.004210983452474918
ccd_tilt_z = 3.583319209896721e-07
p = 2.0012727272727275e-05