slit_dec_x_a = -0.17041948985754196
slit_dec_y_a = -0.19593224478001525
slit_dec_x_b = 0.175
slit_dec_y_b = -1.6671083294244121e-96
slit_defocus = 0.005588432435177195
slit_tilt_x = 1.1861319443515381
slit_tilt_y = -8.540020727682183
slit_tilt_z = -8.990855557333111
d_slit_col = 1594.2944764464796
coll_tilt_x = 0.08875406189519308
coll_tilt_y = -0.03196337528740304
ech_G = 31.610665956216142
ech_blaze = -74.97682720442602
ech_gamma = 1.1402779915823649
echelle_z = 0.07481669062477314
d_col_trf = -1588.0185314349649
trf_mirror_tilt_x = 0.13869304108273295
trf_mirror_tilt_y = 0.07753991520110128
d_col_grm = -0.009544189247263036
grism_dec_x = 236.43434721381507
grism_dec_y = 0.03417341652934113
grm_tilt_x = -0.01600108439680603
grm_tilt_y = 2.3043811213784084
grm_G = 222.82518072881143
grm_apex = 17.815110473414023
d_grm_cam  = 21.608493150776166
cam_dec_x = -0.3021100395874626
cam_dec_y = 0.25033887069021854
cam_tilt_x = -0.018468031377341574
cam_tilt_y = -0.015099697797608518
d_cam_ff  = -160.40096911802024
ccd_ff_dec_x = -0.003502450663433813
ccd_ff_dec_y = 0.0002633787559813268
ccd_ff_tilt_x = 0.1460426708814335
ccd_ff_tilt_y = -0.5720628990188923
ccd_ff_tilt_z = 0.17258620084636997
d_ff_ccd  = -4.8113060637944045
ccd_dec_x = 0.6206934518684236
ccd_dec_y = 5.155285673161444
ccd_defocus = 0.3162889531327742
ccd_tilt_x = 0.007745968416700445
ccd_tilt_y = -0.01412745074448099
ccd_tilt_z = 3.089057802723212e-06
p = 7.58025e-06