slit_dec_x_a = -0.1704010755187174
slit_dec_y_a = -0.1956586180351446
slit_dec_x_b = 0.175
slit_dec_y_b = -1.8148427356067498e-96
slit_defocus = 0.021360704198334225
slit_tilt_x = 1.1141330923812256
slit_tilt_y = -8.538400270335996
slit_tilt_z = -8.99164519755939
d_slit_col = 1594.3099625700738
coll_tilt_x = 0.11315614256271979
coll_tilt_y = -0.028881352177565347
ech_G = 31.61322561455849
ech_blaze = -74.97482935567915
ech_gamma = 1.1389793353138356
echelle_z = 0.07477299319926377
d_col_trf = -1588.0172282074602
trf_mirror_tilt_x = 0.02629898911760408
trf_mirror_tilt_y = 0.16225902322873115
d_col_grm = -0.004799751001610575
grism_dec_x = 236.42328734306847
grism_dec_y = 0.03814371529624308
grm_tilt_x = -0.0140490886212423
grm_tilt_y = 2.3052756357882243
grm_G = 222.82400874929203
grm_apex = 17.791056132758463
d_grm_cam  = 21.609819597971487
cam_dec_x = -0.30954598814329365
cam_dec_y = 0.24724114526537622
cam_tilt_x = -0.011095912683695763
cam_tilt_y = 0.003827368537479273
d_cam_ff  = -160.05734199634068
ccd_ff_dec_x = -0.0025944261883211837
ccd_ff_dec_y = 0.05300253290278699
ccd_ff_tilt_x = 0.019499774445358473
ccd_ff_tilt_y = -0.572805190385034
ccd_ff_tilt_z = 0.1800588493249742
d_ff_ccd  = -4.838958364210543
ccd_dec_x = 0.6214072649216487
ccd_dec_y = 5.157143701695335
ccd_defocus = 0.2807436980057537
ccd_tilt_x = 0.005050346112793119
ccd_tilt_y = -0.010949130049069965
ccd_tilt_z = 5.035093012472858e-06
p = 0.0001