slit_dec_x_a = -0.181778666534
slit_dec_y_a = -0.18243150017
slit_dec_x_b = 0.14512077562974193
slit_dec_y_b = -0.05510809031835813
slit_defocus = -0.002213994631928396
slit_tilt_x = 1.1347008392445843
slit_tilt_y = -8.568225753717497
slit_tilt_z = -9.003677374777444
d_slit_col = 1594.3039229863641
coll_tilt_x = 0.08641625929193132
coll_tilt_y = -0.022059254943184285
ech_G = 31.610880726942565
ech_blaze = -74.99555418939322
ech_gamma = 1.1580774239995357
echelle_z = 0.05746500513623374
d_col_trf = -1588.0163347980674
trf_mirror_tilt_x = 0.12253801929752488
trf_mirror_tilt_y = 0.018674710848878017
d_col_grm = 0.015051806870059551
grism_dec_x = 236.39746387005505
grism_dec_y = -0.0050117926140232265
grm_tilt_x = -0.024746083703830135
grm_tilt_y = 2.327246461509672
grm_G = 222.78573060372509
grm_apex = 17.809180015804117
d_grm_cam  = 21.604324394238137
cam_dec_x = -0.28359547177717775
cam_dec_y = 0.28971169096306926
cam_tilt_x = 0.004347859849517561
cam_tilt_y = -0.027811553529220233
d_cam_ff  = -160.56965414079247
ccd_ff_dec_x = -0.022693220776750945
ccd_ff_dec_y = -0.047785964680146
ccd_ff_tilt_x = 0.1650478708943271
ccd_ff_tilt_y = -0.589793666723828
ccd_ff_tilt_z = 0.17175275171930846
d_ff_ccd  = -4.785365092188576
ccd_dec_x = 0.5520401108660291
ccd_dec_y = 5.1060949169444685
ccd_defocus = 0.31575808921122017
ccd_tilt_x = 0.021362274487510186
ccd_tilt_y = -0.004214949015432048
ccd_tilt_z = 3.84190105228622e-07
p = 1.4586666666666667e-06