slit_dec_x_a = -0.17040916001533954
slit_dec_y_a = -0.1960102185285614
slit_dec_x_b = 0.175
slit_dec_y_b = -1.647783838040141e-96
slit_defocus = 0.005560230953304172
slit_tilt_x = 1.186153705797241
slit_tilt_y = -8.540017529961018
slit_tilt_z = -8.990836878788793
d_slit_col = 1594.2944697390917
coll_tilt_x = 0.08877336633235607
coll_tilt_y = -0.031814816506639955
ech_G = 31.610669090330003
ech_blaze = -74.97676411028179
ech_gamma = 1.1404083674290646
echelle_z = 0.07480202653014645
d_col_trf = -1588.0185239183766
trf_mirror_tilt_x = 0.13866774845381682
trf_mirror_tilt_y = 0.07758153280326531
d_col_grm = -0.009557810991702656
grism_dec_x = 236.4343278792542
grism_dec_y = 0.03418937909726448
grm_tilt_x = -0.015789016975235614
grm_tilt_y = 2.304364063457709
grm_G = 222.82519012465696
grm_apex = 17.815124225297907
d_grm_cam  = 21.608447576478174
cam_dec_x = -0.3021453454865945
cam_dec_y = 0.2503254336139625
cam_tilt_x = -0.01867362374529501
cam_tilt_y = -0.015055137629914546
d_cam_ff  = -160.40093314559135
ccd_ff_dec_x = -0.0034883393902255034
ccd_ff_dec_y = 0.0001866157294020437
ccd_ff_tilt_x = 0.1460358927874064
ccd_ff_tilt_y = -0.5720501195886909
ccd_ff_tilt_z = 0.17257180993507637
d_ff_ccd  = -4.811259392782279
ccd_dec_x = 0.6207006639419972
ccd_dec_y = 5.155315568138959
ccd_defocus = 0.31630655178201594
ccd_tilt_x = 0.007732261762055181
ccd_tilt_y = -0.01408122963313202
ccd_tilt_z = 3.1060308978938605e-06
p = 1.4586666666666667e-06