slit_dec_x_a = -0.181778666534
slit_dec_y_a = -0.18243150017
slit_dec_x_b = 0.14512077562974193
slit_dec_y_b = -0.05510809031835813
slit_defocus = -0.002248591825202488
slit_tilt_x = 1.1346996360567674
slit_tilt_y = -8.568369967483
slit_tilt_z = -9.003600654236596
d_slit_col = 1594.303952877463
coll_tilt_x = 0.08649264579282272
coll_tilt_y = -0.022025876543543595
ech_G = 31.61094034277828
ech_blaze = -74.9958394299086
ech_gamma = 1.158257453804011
echelle_z = 0.056476404145939615
d_col_trf = -1588.016347080142
trf_mirror_tilt_x = 0.12244892877117897
trf_mirror_tilt_y = 0.018709868403655253
d_col_grm = 0.014934709674049319
grism_dec_x = 236.39750048312888
grism_dec_y = -0.005082151126227575
grm_tilt_x = -0.024721913777211703
grm_tilt_y = 2.3273553053960008
grm_G = 222.78592256643603
grm_apex = 17.809067898582068
d_grm_cam  = 21.604837145060575
cam_dec_x = -0.28362066532642255
cam_dec_y = 0.28975716173577726
cam_tilt_x = 0.0043474675882450645
cam_tilt_y = -0.027772893159226923
d_cam_ff  = -160.5696189210104
ccd_ff_dec_x = -0.022704048169549493
ccd_ff_dec_y = -0.047765666062790355
ccd_ff_tilt_x = 0.1650201029762666
ccd_ff_tilt_y = -0.5893740334290567
ccd_ff_tilt_z = 0.17188617224415026
d_ff_ccd  = -4.785423048760773
ccd_dec_x = 0.551877970105515
ccd_dec_y = 5.106344097103529
ccd_defocus = 0.3158673230421285
ccd_tilt_x = 0.021384900163558967
ccd_tilt_y = -0.004201260755055074
ccd_tilt_z = 1.951243668903968e-07
p = 5.087083333333333e-06