slit_dec_x_a = -0.17038646747802982
slit_dec_y_a = -0.19572862330896992
slit_dec_x_b = 0.175
slit_dec_y_b = -2.5574956480361925e-96
slit_defocus = 0.005546490293104005
slit_tilt_x = 1.1861109880224774
slit_tilt_y = -8.54012872373239
slit_tilt_z = -8.990808536950146
d_slit_col = 1594.2944779383733
coll_tilt_x = 0.08852024163017279
coll_tilt_y = -0.03179615472366719
ech_G = 31.610665108194414
ech_blaze = -74.97714704997767
ech_gamma = 1.1404851152991262
echelle_z = 0.0754157949818194
d_col_trf = -1588.018607197324
trf_mirror_tilt_x = 0.1386646204467551
trf_mirror_tilt_y = 0.07756005688000879
d_col_grm = -0.009543924330520336
grism_dec_x = 236.43436295700005
grism_dec_y = 0.03424937868364654
grm_tilt_x = -0.015721885313618327
grm_tilt_y = 2.304360408375415
grm_G = 222.82521652318187
grm_apex = 17.815125467661982
d_grm_cam  = 21.60848945675528
cam_dec_x = -0.3021341655133619
cam_dec_y = 0.2503365515958134
cam_tilt_x = -0.018388472957738856
cam_tilt_y = -0.015040763033856906
d_cam_ff  = -160.40099490185625
ccd_ff_dec_x = -0.003540505040431741
ccd_ff_dec_y = 0.00015908754940887292
ccd_ff_tilt_x = 0.14600631388261467
ccd_ff_tilt_y = -0.5720306180193504
ccd_ff_tilt_z = 0.17252302098617656
d_ff_ccd  = -4.8112391687273535
ccd_dec_x = 0.6206412419508165
ccd_dec_y = 5.15526654499279
ccd_defocus = 0.31634154784942886
ccd_tilt_x = 0.007801049304355517
ccd_tilt_y = -0.01402242347927096
ccd_tilt_z = 3.3885795973817108e-06
p = 5.087083333333333e-06