slit_dec_x_a = -0.17045040143503576
slit_dec_y_a = -0.19609368795026896
slit_dec_x_b = 0.175
slit_dec_y_b = -2.293073228078694e-96
slit_defocus = 0.005521016631796382
slit_tilt_x = 1.1861076021881498
slit_tilt_y = -8.54007856123238
slit_tilt_z = -8.990858169833826
d_slit_col = 1594.2944500791098
coll_tilt_x = 0.08880831434637566
coll_tilt_y = -0.03173970799349456
ech_G = 31.61069831790118
ech_blaze = -74.97709657957294
ech_gamma = 1.1405246632770423
echelle_z = 0.07531758071118565
d_col_trf = -1588.018550366388
trf_mirror_tilt_x = 0.13869660731698538
trf_mirror_tilt_y = 0.07754967627905662
d_col_grm = -0.009509782683148145
grism_dec_x = 236.4343129834906
grism_dec_y = 0.03424130398274177
grm_tilt_x = -0.015946388783927144
grm_tilt_y = 2.304373670636154
grm_G = 222.82521143938465
grm_apex = 17.815130845542487
d_grm_cam  = 21.608491252472273
cam_dec_x = -0.302116165190914
cam_dec_y = 0.25035431057046986
cam_tilt_x = -0.018081162183450128
cam_tilt_y = -0.014995240661031785
d_cam_ff  = -160.40095581781722
ccd_ff_dec_x = -0.003540603177278158
ccd_ff_dec_y = 0.00012595814926079954
ccd_ff_tilt_x = 0.1460429302866373
ccd_ff_tilt_y = -0.5720344689727874
ccd_ff_tilt_z = 0.17257465360591603
d_ff_ccd  = -4.811226078797549
ccd_dec_x = 0.6206497006161491
ccd_dec_y = 5.1552811394445115
ccd_defocus = 0.31631780424670225
ccd_tilt_x = 0.00780875038777179
ccd_tilt_y = -0.014020560695000357
ccd_tilt_z = 3.241944539640491e-06
p = 6.322000000000001e-06