slit_dec_x_a = -0.181778666534
slit_dec_y_a = -0.18243150017
slit_dec_x_b = 0.14512077562974193
slit_dec_y_b = -0.05510809031835813
slit_defocus = -0.002197343511841644
slit_tilt_x = 1.1346985325396821
slit_tilt_y = -8.568323730376044
slit_tilt_z = -9.003611494549336
d_slit_col = 1594.3039510398562
coll_tilt_x = 0.08646843740212072
coll_tilt_y = -0.022040146795119384
ech_G = 31.610896425480725
ech_blaze = -74.99557245052081
ech_gamma = 1.1580837533869952
echelle_z = 0.0568915218451225
d_col_trf = -1588.0162719256352
trf_mirror_tilt_x = 0.12251617309386366
trf_mirror_tilt_y = 0.018731058301504924
d_col_grm = 0.01499906325973196
grism_dec_x = 236.39748680145087
grism_dec_y = -0.005031074037072495
grm_tilt_x = -0.02460160674429876
grm_tilt_y = 2.327201674933746
grm_G = 222.78579417827316
grm_apex = 17.80911833878833
d_grm_cam  = 21.60456310749086
cam_dec_x = -0.28362996062273055
cam_dec_y = 0.28975865450032856
cam_tilt_x = 0.004282820623959017
cam_tilt_y = -0.027803624405132944
d_cam_ff  = -160.56964880043373
ccd_ff_dec_x = -0.022826065458904945
ccd_ff_dec_y = -0.047792775431994276
ccd_ff_tilt_x = 0.16502864422180677
ccd_ff_tilt_y = -0.5895038755043123
ccd_ff_tilt_z = 0.17181831318817184
d_ff_ccd  = -4.7853799680483595
ccd_dec_x = 0.551943802235347
ccd_dec_y = 5.106524474272875
ccd_defocus = 0.31581895855551523
ccd_tilt_x = 0.021414813454690252
ccd_tilt_y = -0.004215907660118172
ccd_tilt_z = 2.687872752227331e-07
p = 6.322000000000001e-06