slit_dec_x_a = -0.1704010755187174
slit_dec_y_a = -0.1956586180351446
slit_dec_x_b = 0.175
slit_dec_y_b = -1.7912880550703536e-96
slit_defocus = 0.021418105053894354
slit_tilt_x = 1.1139987935450437
slit_tilt_y = -8.538479403193127
slit_tilt_z = -8.99161248548498
d_slit_col = 1594.3099034305405
coll_tilt_x = 0.11319452866424985
coll_tilt_y = -0.02890389638605235
ech_G = 31.613232862544155
ech_blaze = -74.97483166839385
ech_gamma = 1.1389770538467086
echelle_z = 0.07477381855733475
d_col_trf = -1588.0172314006165
trf_mirror_tilt_x = 0.026278484033838253
trf_mirror_tilt_y = 0.1622238816103163
d_col_grm = -0.004885470778671023
grism_dec_x = 236.42329087309528
grism_dec_y = 0.03819981455415515
grm_tilt_x = -0.014052031568935579
grm_tilt_y = 2.3052788765667795
grm_G = 222.8240048713615
grm_apex = 17.791055122570725
d_grm_cam  = 21.60982301974226
cam_dec_x = -0.30951740444116865
cam_dec_y = 0.24731241669443796
cam_tilt_x = -0.011014790081123365
cam_tilt_y = 0.003722367736627552
d_cam_ff  = -160.0577127917914
ccd_ff_dec_x = -0.002593786969711833
ccd_ff_dec_y = 0.05306537562103728
ccd_ff_tilt_x = 0.019532916783370192
ccd_ff_tilt_y = -0.5728099155582511
ccd_ff_tilt_z = 0.18004942867001789
d_ff_ccd  = -4.8389705985054094
ccd_dec_x = 0.6214034034175759
ccd_dec_y = 5.1571496541324136
ccd_defocus = 0.28069869757813765
ccd_tilt_x = 0.0050540553942988835
ccd_tilt_y = -0.010914212777492518
ccd_tilt_z = 5.097695222239469e-06
p = 0.0001