slit_dec_x_a = -0.181778666534
slit_dec_y_a = -0.18243150017
slit_dec_x_b = 0.14512077562974193
slit_dec_y_b = -0.05510809031835813
slit_defocus = -0.0021933415883353064
slit_tilt_x = 1.1346735366805059
slit_tilt_y = -8.568347720017062
slit_tilt_z = -9.003616353768342
d_slit_col = 1594.3039585526253
coll_tilt_x = 0.08644026477165924
coll_tilt_y = -0.022045882172522395
ech_G = 31.61088778167369
ech_blaze = -74.99554696974018
ech_gamma = 1.1581024423407245
echelle_z = 0.056801819642932315
d_col_trf = -1588.0163394689655
trf_mirror_tilt_x = 0.12252197948058419
trf_mirror_tilt_y = 0.018701551495761064
d_col_grm = 0.014989196746212134
grism_dec_x = 236.39746809278427
grism_dec_y = -0.0050528978536803675
grm_tilt_x = -0.024615013197481283
grm_tilt_y = 2.3272176033672665
grm_G = 222.78582209100816
grm_apex = 17.809110677082934
d_grm_cam  = 21.60466808211621
cam_dec_x = -0.2836384388068506
cam_dec_y = 0.28976136624975907
cam_tilt_x = 0.004313651675654195
cam_tilt_y = -0.02778615129819204
d_cam_ff  = -160.56961657080672
ccd_ff_dec_x = -0.02286539264789241
ccd_ff_dec_y = -0.04777789814404198
ccd_ff_tilt_x = 0.16504300710829353
ccd_ff_tilt_y = -0.5894154260608616
ccd_ff_tilt_z = 0.17197384018573925
d_ff_ccd  = -4.785379554348825
ccd_dec_x = 0.5519289955797514
ccd_dec_y = 5.106431971715935
ccd_defocus = 0.315819605946542
ccd_tilt_x = 0.02140333654507708
ccd_tilt_y = -0.004216035897688569
ccd_tilt_z = 1.82638866416453e-07
p = 8.648636363636363e-06