slit_dec_x_a = -0.1704010755187174
slit_dec_y_a = -0.1956586180351446
slit_dec_x_b = 0.175
slit_dec_y_b = -1.835091427120921e-96
slit_defocus = 0.021377738874254443
slit_tilt_x = 1.1139866346385954
slit_tilt_y = -8.538444806022506
slit_tilt_z = -8.991594965481356
d_slit_col = 1594.309995421488
coll_tilt_x = 0.11312701328881024
coll_tilt_y = -0.028915247217924014
ech_G = 31.6132320409569
ech_blaze = -74.97483119197233
ech_gamma = 1.1389789649506303
echelle_z = 0.0747721198768689
d_col_trf = -1588.0172333679895
trf_mirror_tilt_x = 0.026244881403914854
trf_mirror_tilt_y = 0.16221577562309175
d_col_grm = -0.004878055789528195
grism_dec_x = 236.4232505029811
grism_dec_y = 0.03809335454008862
grm_tilt_x = -0.014050085704505296
grm_tilt_y = 2.305277250105327
grm_G = 222.82400569529176
grm_apex = 17.79106933297177
d_grm_cam  = 21.609824283194275
cam_dec_x = -0.3094434658853073
cam_dec_y = 0.24724352625014187
cam_tilt_x = -0.011195618615725107
cam_tilt_y = 0.0037280978665912624
d_cam_ff  = -160.0575206823551
ccd_ff_dec_x = -0.002602862021885843
ccd_ff_dec_y = 0.05304375386079451
ccd_ff_tilt_x = 0.019465553668798385
ccd_ff_tilt_y = -0.5728067746680153
ccd_ff_tilt_z = 0.1800499384973769
d_ff_ccd  = -4.838997205829201
ccd_dec_x = 0.6214080502836579
ccd_dec_y = 5.157147890606891
ccd_defocus = 0.2807488692549017
ccd_tilt_x = 0.005082144827598047
ccd_tilt_y = -0.010958116786347175
ccd_tilt_z = 5.19571796738162e-06
p = 0.0001