slit_dec_x_a = -0.17039739785434782
slit_dec_y_a = -0.1958387573064544
slit_dec_x_b = 0.175
slit_dec_y_b = -2.5722135360038707e-96
slit_defocus = 0.00552266403432633
slit_tilt_x = 1.1861224884670345
slit_tilt_y = -8.540088097752724
slit_tilt_z = -8.990828581771488
d_slit_col = 1594.2944369425134
coll_tilt_x = 0.0885272148369749
coll_tilt_y = -0.03170078834377117
ech_G = 31.610671369902274
ech_blaze = -74.97708138536385
ech_gamma = 1.1404956132270492
echelle_z = 0.07543399923004653
d_col_trf = -1588.0185892430964
trf_mirror_tilt_x = 0.13865115196094877
trf_mirror_tilt_y = 0.07753670322670972
d_col_grm = -0.00953855795130644
grism_dec_x = 236.43431443640466
grism_dec_y = 0.034236189395947934
grm_tilt_x = -0.015965161928451176
grm_tilt_y = 2.304370144939188
grm_G = 222.8251944028544
grm_apex = 17.81512754989686
d_grm_cam  = 21.60848423152298
cam_dec_x = -0.3021081704718083
cam_dec_y = 0.25033436886888666
cam_tilt_x = -0.0183651076483935
cam_tilt_y = -0.015019516895096037
d_cam_ff  = -160.4009689010772
ccd_ff_dec_x = -0.0035443431280091733
ccd_ff_dec_y = 0.0001673990583378129
ccd_ff_tilt_x = 0.14600623556031833
ccd_ff_tilt_y = -0.5720202077804178
ccd_ff_tilt_z = 0.17254923862551855
d_ff_ccd  = -4.811196952418487
ccd_dec_x = 0.62063565078143
ccd_dec_y = 5.155299218943296
ccd_defocus = 0.3163362217924998
ccd_tilt_x = 0.007803469166116477
ccd_tilt_y = -0.014020254936128023
ccd_tilt_z = 3.2969960279467855e-06
p = 1.6839999999999997e-06