slit_dec_x_a = -0.181778666534
slit_dec_y_a = -0.18243150017
slit_dec_x_b = 0.14512077562974193
slit_dec_y_b = -0.05510809031835813
slit_defocus = -0.002213675174564225
slit_tilt_x = 1.134690253956553
slit_tilt_y = -8.568368914578619
slit_tilt_z = -9.003571453101907
d_slit_col = 1594.3039886706981
coll_tilt_x = 0.08648351451315794
coll_tilt_y = -0.022059460392506898
ech_G = 31.61092015174087
ech_blaze = -74.99575394272915
ech_gamma = 1.1581179939419795
echelle_z = 0.05673661538609741
d_col_trf = -1588.0163412512352
trf_mirror_tilt_x = 0.12249764068340216
trf_mirror_tilt_y = 0.01872307931251924
d_col_grm = 0.014941216312810143
grism_dec_x = 236.39747193203505
grism_dec_y = -0.0050588566949451045
grm_tilt_x = -0.024662583728578893
grm_tilt_y = 2.3273421523982343
grm_G = 222.7859111396541
grm_apex = 17.809071202978036
d_grm_cam  = 21.60487268355641
cam_dec_x = -0.28363611932635263
cam_dec_y = 0.28975373639464547
cam_tilt_x = 0.0043251199655678025
cam_tilt_y = -0.027772980135720837
d_cam_ff  = -160.5695533092894
ccd_ff_dec_x = -0.022868450206956718
ccd_ff_dec_y = -0.047780503814399224
ccd_ff_tilt_x = 0.16503649341551743
ccd_ff_tilt_y = -0.5893641173583787
ccd_ff_tilt_z = 0.17176808294309787
d_ff_ccd  = -4.785403018884109
ccd_dec_x = 0.5518514454979175
ccd_dec_y = 5.1063382923701415
ccd_defocus = 0.31585570199201285
ccd_tilt_x = 0.021366125542922658
ccd_tilt_y = -0.004192898098565453
ccd_tilt_z = 2.8555187489458986e-07
p = 1.6839999999999997e-06