slit_dec_x_a = -0.181778666534
slit_dec_y_a = -0.18243150017
slit_dec_x_b = 0.14512077562974193
slit_dec_y_b = -0.05510809031835813
slit_defocus = -0.013822773672934567
slit_tilt_x = 1.0540798628789145
slit_tilt_y = -8.559935438956751
slit_tilt_z = -9.026858143916622
d_slit_col = 1594.290272089511
coll_tilt_x = 0.12141202069460603
coll_tilt_y = -0.026484863355858434
ech_G = 31.61456051178189
ech_blaze = -74.99488666759324
ech_gamma = 1.1556428914239656
echelle_z = 0.05700598561000905
d_col_trf = -1588.0163622049186
trf_mirror_tilt_x = 0.007262396689166224
trf_mirror_tilt_y = 0.1554912513964959
d_col_grm = 0.03568632229661617
grism_dec_x = 236.38324541979387
grism_dec_y = 0.009231150372075475
grm_tilt_x = -0.023507852328280412
grm_tilt_y = 2.3257860661362373
grm_G = 222.7840674349945
grm_apex = 17.76653546662814
d_grm_cam  = 21.6047023662368
cam_dec_x = -0.27114635618419336
cam_dec_y = 0.29087108249696386
cam_tilt_x = 0.012435195092657439
cam_tilt_y = 0.008819928889681675
d_cam_ff  = -160.07725373691906
ccd_ff_dec_x = -0.023803776148684806
ccd_ff_dec_y = 0.04194702348187892
ccd_ff_tilt_x = 0.03359013836101704
ccd_ff_tilt_y = -0.5909783503679991
ccd_ff_tilt_z = 0.1719210345833012
d_ff_ccd  = -4.815938240760465
ccd_dec_x = 0.5533002811326155
ccd_dec_y = 5.107631310405975
ccd_defocus = 0.2857936739262238
ccd_tilt_x = 0.032593397990966916
ccd_tilt_y = -0.002150557288509431
ccd_tilt_z = 4.714410670863233e-06
p = 0.0001