slit_dec_x_a = -0.17043015974079964
slit_dec_y_a = -0.19606779972889798
slit_dec_x_b = 0.175
slit_dec_y_b = -2.1885727470335126e-96
slit_defocus = 0.005569239741196257
slit_tilt_x = 1.186125850318804
slit_tilt_y = -8.539999969455973
slit_tilt_z = -8.990851504502757
d_slit_col = 1594.2944659780835
coll_tilt_x = 0.08877767655333982
coll_tilt_y = -0.031761820965843034
ech_G = 31.610668981415955
ech_blaze = -74.97684302986562
ech_gamma = 1.140503852302047
echelle_z = 0.07480349451122241
d_col_trf = -1588.0185454261975
trf_mirror_tilt_x = 0.13864684367960403
trf_mirror_tilt_y = 0.077591939362531
d_col_grm = -0.009543118311275276
grism_dec_x = 236.4343371082153
grism_dec_y = 0.034211244063113024
grm_tilt_x = -0.015651845392446382
grm_tilt_y = 2.3043664984613015
grm_G = 222.82520521414068
grm_apex = 17.815114691383293
d_grm_cam  = 21.60847659695099
cam_dec_x = -0.3021524364661346
cam_dec_y = 0.25035229661918035
cam_tilt_x = -0.018605790831438134
cam_tilt_y = -0.015037870160423171
d_cam_ff  = -160.40095207928624
ccd_ff_dec_x = -0.0034933451856737014
ccd_ff_dec_y = 0.00017949872871579124
ccd_ff_tilt_x = 0.1460433839301429
ccd_ff_tilt_y = -0.5720914224774399
ccd_ff_tilt_z = 0.17260668333529047
d_ff_ccd  = -4.811239936562098
ccd_dec_x = 0.6206929635680051
ccd_dec_y = 5.155285708326591
ccd_defocus = 0.3163015728480417
ccd_tilt_x = 0.007748104665609593
ccd_tilt_y = -0.014046159058155872
ccd_tilt_z = 3.142993250643286e-06
p = 6.4859166666666676e-06