slit_dec_x_a = -0.17044481987519405
slit_dec_y_a = -0.19593342821599904
slit_dec_x_b = 0.175
slit_dec_y_b = -2.0549919022153083e-96
slit_defocus = 0.005552483325354077
slit_tilt_x = 1.1861021121130226
slit_tilt_y = -8.539995154531276
slit_tilt_z = -8.990846826525688
d_slit_col = 1594.2944570162792
coll_tilt_x = 0.0886854037155873
coll_tilt_y = -0.03176155274870065
ech_G = 31.610678321569694
ech_blaze = -74.97693555210425
ech_gamma = 1.1404510888620318
echelle_z = 0.07481028452403811
d_col_trf = -1588.0185707042008
trf_mirror_tilt_x = 0.13867395605971755
trf_mirror_tilt_y = 0.07758971614616067
d_col_grm = -0.009547887403252827
grism_dec_x = 236.43431262609013
grism_dec_y = 0.03423342632238397
grm_tilt_x = -0.015704682390619663
grm_tilt_y = 2.3043905805962246
grm_G = 222.82517330369328
grm_apex = 17.81511979118155
d_grm_cam  = 21.60849064362951
cam_dec_x = -0.3021622766306563
cam_dec_y = 0.25036092608764593
cam_tilt_x = -0.01861852763352201
cam_tilt_y = -0.015040320776170088
d_cam_ff  = -160.4009773556735
ccd_ff_dec_x = -0.003531308269208425
ccd_ff_dec_y = 0.0001709028389011988
ccd_ff_tilt_x = 0.14602395314494485
ccd_ff_tilt_y = -0.5720895694532564
ccd_ff_tilt_z = 0.17260806708359616
d_ff_ccd  = -4.8112376463186655
ccd_dec_x = 0.6207024322295256
ccd_dec_y = 5.155290210530077
ccd_defocus = 0.31630658840858195
ccd_tilt_x = 0.007739194601111836
ccd_tilt_y = -0.014006533231458406
ccd_tilt_z = 3.0833964727919325e-06
p = 9.139999999999999e-06