slit_dec_x_a = -0.181778666534
slit_dec_y_a = -0.18243150017
slit_dec_x_b = 0.14512077562974193
slit_dec_y_b = -0.05510809031835813
slit_defocus = -0.0022006759747728436
slit_tilt_x = 1.1347007614968965
slit_tilt_y = -8.568282492947828
slit_tilt_z = -9.003604088288704
d_slit_col = 1594.3039261026229
coll_tilt_x = 0.08639843309352048
coll_tilt_y = -0.022040918692266764
ech_G = 31.610906746356658
ech_blaze = -74.99567603237651
ech_gamma = 1.1581634010482331
echelle_z = 0.057183663087889865
d_col_trf = -1588.0162041938795
trf_mirror_tilt_x = 0.12251806061925427
trf_mirror_tilt_y = 0.01865956931802305
d_col_grm = 0.015013891028798148
grism_dec_x = 236.39748997689438
grism_dec_y = -0.005026866768934893
grm_tilt_x = -0.0247686521808891
grm_tilt_y = 2.3274170867080053
grm_G = 222.78576617501986
grm_apex = 17.809161249528522
d_grm_cam  = 21.604482523848993
cam_dec_x = -0.2836129780954644
cam_dec_y = 0.28970894096718447
cam_tilt_x = 0.004330810222923872
cam_tilt_y = -0.02778391171512582
d_cam_ff  = -160.56966617322033
ccd_ff_dec_x = -0.022773232113695824
ccd_ff_dec_y = -0.04778293245848111
ccd_ff_tilt_x = 0.16503118795258404
ccd_ff_tilt_y = -0.5896029027873002
ccd_ff_tilt_z = 0.17184856286929098
d_ff_ccd  = -4.7853769898201985
ccd_dec_x = 0.5519317700943313
ccd_dec_y = 5.106334946978871
ccd_defocus = 0.315789137240053
ccd_tilt_x = 0.021385371281949384
ccd_tilt_y = -0.004200534655515559
ccd_tilt_z = 2.547905781748185e-07
p = 9.139999999999999e-06