slit_dec_x_a = -0.1704010755187174
slit_dec_y_a = -0.1956586180351446
slit_dec_x_b = 0.175
slit_dec_y_b = -1.790786099019282e-96
slit_defocus = 0.02139148441927248
slit_tilt_x = 1.1140128946367664
slit_tilt_y = -8.538446745645812
slit_tilt_z = -8.991685387370199
d_slit_col = 1594.3099826307443
coll_tilt_x = 0.11325393436726673
coll_tilt_y = -0.02891067225340663
ech_G = 31.61323618963157
ech_blaze = -74.97482748861816
ech_gamma = 1.138973540404325
echelle_z = 0.0747702151596633
d_col_trf = -1588.0172291348485
trf_mirror_tilt_x = 0.026234801625861625
trf_mirror_tilt_y = 0.16225192342571862
d_col_grm = -0.004747460744048508
grism_dec_x = 236.42335340304277
grism_dec_y = 0.038163522232928904
grm_tilt_x = -0.014052969716871535
grm_tilt_y = 2.305277046283619
grm_G = 222.82400485694072
grm_apex = 17.79104279700313
d_grm_cam  = 21.60981857228395
cam_dec_x = -0.3095062421387956
cam_dec_y = 0.24728315703916617
cam_tilt_x = -0.011135169937000198
cam_tilt_y = 0.0037580447271680834
d_cam_ff  = -160.05749815522952
ccd_ff_dec_x = -0.0025998848058533456
ccd_ff_dec_y = 0.05301424834977591
ccd_ff_tilt_x = 0.019544411427947158
ccd_ff_tilt_y = -0.5728020823875511
ccd_ff_tilt_z = 0.18005500992994736
d_ff_ccd  = -4.838912250756178
ccd_dec_x = 0.621407028393673
ccd_dec_y = 5.157150290786686
ccd_defocus = 0.2807949857775828
ccd_tilt_x = 0.005075604733068137
ccd_tilt_y = -0.010868485457093508
ccd_tilt_z = 5.070034169824436e-06
p = 0.0001