slit_dec_x_a = -0.17039184931806067
slit_dec_y_a = -0.1957664000775143
slit_dec_x_b = 0.175
slit_dec_y_b = -1.7003655230333324e-96
slit_defocus = 0.00558640393545298
slit_tilt_x = 1.1861168775776036
slit_tilt_y = -8.539993848894534
slit_tilt_z = -8.99084045618399
d_slit_col = 1594.2944950923836
coll_tilt_x = 0.08870496224338283
coll_tilt_y = -0.0320098655013603
ech_G = 31.610663032121373
ech_blaze = -74.9768941307808
ech_gamma = 1.1402394897938632
echelle_z = 0.07475573467429455
d_col_trf = -1588.0185157470842
trf_mirror_tilt_x = 0.13870508125519135
trf_mirror_tilt_y = 0.07752758372029034
d_col_grm = -0.00951230705020401
grism_dec_x = 236.43435223622217
grism_dec_y = 0.0341753055240398
grm_tilt_x = -0.01583679385423875
grm_tilt_y = 2.304372353186518
grm_G = 222.8251791111077
grm_apex = 17.81509244686496
d_grm_cam  = 21.608495789010732
cam_dec_x = -0.3021005588195225
cam_dec_y = 0.25033181168113794
cam_tilt_x = -0.018591152910813254
cam_tilt_y = -0.015099909434569018
d_cam_ff  = -160.40095585138127
ccd_ff_dec_x = -0.003502213260816325
ccd_ff_dec_y = 0.00025805034093858293
ccd_ff_tilt_x = 0.14602789209535574
ccd_ff_tilt_y = -0.5720812253972873
ccd_ff_tilt_z = 0.1725882501843263
d_ff_ccd  = -4.8113286061601555
ccd_dec_x = 0.620678623607283
ccd_dec_y = 5.155274049674091
ccd_defocus = 0.316260894191093
ccd_tilt_x = 0.00774237747842948
ccd_tilt_y = -0.01410264128042262
ccd_tilt_z = 3.133020306552775e-06
p = 4.29825e-06