slit_dec_x_a = -0.181778666534
slit_dec_y_a = -0.18243150017
slit_dec_x_b = 0.14512077562974193
slit_dec_y_b = -0.05510809031835813
slit_defocus = -0.0021787052061350387
slit_tilt_x = 1.1346683100422672
slit_tilt_y = -8.568221105530174
slit_tilt_z = -9.003634579834298
d_slit_col = 1594.3039361670212
coll_tilt_x = 0.08646422024700177
coll_tilt_y = -0.0219984127753053
ech_G = 31.610913089398704
ech_blaze = -74.99563466515183
ech_gamma = 1.1580325584181919
echelle_z = 0.05755517463280586
d_col_trf = -1588.0161158266635
trf_mirror_tilt_x = 0.12251370643200461
trf_mirror_tilt_y = 0.01864681187138519
d_col_grm = 0.015091849321776254
grism_dec_x = 236.39744362374694
grism_dec_y = -0.005009029899279009
grm_tilt_x = -0.024958623861502237
grm_tilt_y = 2.326973599872808
grm_G = 222.78580984071132
grm_apex = 17.809191981558705
d_grm_cam  = 21.604719517657507
cam_dec_x = -0.283586228362516
cam_dec_y = 0.28969591590540794
cam_tilt_x = 0.004282725155244998
cam_tilt_y = -0.02778662165907967
d_cam_ff  = -160.56963752837805
ccd_ff_dec_x = -0.02287063790772197
ccd_ff_dec_y = -0.047776571482078034
ccd_ff_tilt_x = 0.1650511412916059
ccd_ff_tilt_y = -0.5895418624637846
ccd_ff_tilt_z = 0.17178464066163224
d_ff_ccd  = -4.785435639591585
ccd_dec_x = 0.5519407733123695
ccd_dec_y = 5.106104842426679
ccd_defocus = 0.3157710885003907
ccd_tilt_x = 0.021329236739127042
ccd_tilt_y = -0.004227133423960088
ccd_tilt_z = 3.2067907629912325e-07
p = 4.29825e-06