slit_dec_x_a = -0.181778666534
slit_dec_y_a = -0.18243150017
slit_dec_x_b = 0.14512077562974193
slit_dec_y_b = -0.05510809031835813
slit_defocus = -0.0022055899707804755
slit_tilt_x = 1.1347125699515632
slit_tilt_y = -8.568331136113175
slit_tilt_z = -9.003618973077446
d_slit_col = 1594.3039329127344
coll_tilt_x = 0.08647950175460112
coll_tilt_y = -0.022046541404470037
ech_G = 31.61090017752657
ech_blaze = -74.99557962930207
ech_gamma = 1.158135037924701
echelle_z = 0.05693883655452583
d_col_trf = -1588.0162913923027
trf_mirror_tilt_x = 0.122518379672888
trf_mirror_tilt_y = 0.018746907976865155
d_col_grm = 0.014993034018357021
grism_dec_x = 236.3974977914133
grism_dec_y = -0.0050545352297775075
grm_tilt_x = -0.024645862081742926
grm_tilt_y = 2.327319820722751
grm_G = 222.78587594516023
grm_apex = 17.809126315598668
d_grm_cam  = 21.60456829495995
cam_dec_x = -0.2836152262798283
cam_dec_y = 0.28976841207555726
cam_tilt_x = 0.00430080867184278
cam_tilt_y = -0.027785145950728205
d_cam_ff  = -160.56962436138346
ccd_ff_dec_x = -0.022889308361866822
ccd_ff_dec_y = -0.04777217567919476
ccd_ff_tilt_x = 0.1650203751799438
ccd_ff_tilt_y = -0.5895087131609084
ccd_ff_tilt_z = 0.17185072996239006
d_ff_ccd  = -4.785359296940096
ccd_dec_x = 0.5519096757204422
ccd_dec_y = 5.106492961780519
ccd_defocus = 0.31582585484043735
ccd_tilt_x = 0.021424445456682137
ccd_tilt_y = -0.004222376827229542
ccd_tilt_z = 2.0934772119991462e-07
p = 1.1704166666666664e-05