slit_dec_x_a = -0.181778666534
slit_dec_y_a = -0.18243150017
slit_dec_x_b = 0.14512077562974193
slit_dec_y_b = -0.05510809031835813
slit_defocus = -0.013760012832251488
slit_tilt_x = 1.0541691807295335
slit_tilt_y = -8.559927649091492
slit_tilt_z = -9.026935628114177
d_slit_col = 1594.2902320264575
coll_tilt_x = 0.12149583701338064
coll_tilt_y = -0.026472565898398623
ech_G = 31.614560518446176
ech_blaze = -74.99488397379676
ech_gamma = 1.1556381174197692
echelle_z = 0.05700279102627496
d_col_trf = -1588.0163680056003
trf_mirror_tilt_x = 0.00734644395120632
trf_mirror_tilt_y = 0.15539180287727947
d_col_grm = 0.03565241884032495
grism_dec_x = 236.38327213070218
grism_dec_y = 0.00926827353840564
grm_tilt_x = -0.02351198799556513
grm_tilt_y = 2.3257841639750754
grm_G = 222.7840631596523
grm_apex = 17.766574588472377
d_grm_cam  = 21.604698186077634
cam_dec_x = -0.27110555975326794
cam_dec_y = 0.2909239692373376
cam_tilt_x = 0.012474887872029808
cam_tilt_y = 0.008789439503093872
d_cam_ff  = -160.07695584094492
ccd_ff_dec_x = -0.023798078245255285
ccd_ff_dec_y = 0.04203277819366963
ccd_ff_tilt_x = 0.03346885877937599
ccd_ff_tilt_y = -0.5909813724650913
ccd_ff_tilt_z = 0.1719163099395856
d_ff_ccd  = -4.81604300279027
ccd_dec_x = 0.5532938833378862
ccd_dec_y = 5.10763327536189
ccd_defocus = 0.2858040959378835
ccd_tilt_x = 0.03259697748683437
ccd_tilt_y = -0.0021349223314252454
ccd_tilt_z = 4.716857920620832e-06
p = 0.0001