slit_dec_x_a = -0.17040342106179682
slit_dec_y_a = -0.19601461809696616
slit_dec_x_b = 0.175
slit_dec_y_b = -1.5382946220171897e-96
slit_defocus = 0.0055534253943824346
slit_tilt_x = 1.1861526534679656
slit_tilt_y = -8.540018283964324
slit_tilt_z = -8.99083386879073
d_slit_col = 1594.2944576228197
coll_tilt_x = 0.08878315086279781
coll_tilt_y = -0.03182291183969003
ech_G = 31.61066983114879
ech_blaze = -74.97684352591813
ech_gamma = 1.140425969468185
echelle_z = 0.07476705851681992
d_col_trf = -1588.018533949006
trf_mirror_tilt_x = 0.13866835174618028
trf_mirror_tilt_y = 0.07758030054895372
d_col_grm = -0.00956050033365846
grism_dec_x = 236.43432491888348
grism_dec_y = 0.03417950659761357
grm_tilt_x = -0.015772211825515452
grm_tilt_y = 2.304359260317886
grm_G = 222.82519107230047
grm_apex = 17.815138389535743
d_grm_cam  = 21.608454863541695
cam_dec_x = -0.30213498929950583
cam_dec_y = 0.2503246432737021
cam_tilt_x = -0.01861962135568806
cam_tilt_y = -0.015049705124820682
d_cam_ff  = -160.40093321141222
ccd_ff_dec_x = -0.003498501597509183
ccd_ff_dec_y = 0.00019975932994307547
ccd_ff_tilt_x = 0.14603152507164718
ccd_ff_tilt_y = -0.5720458113748457
ccd_ff_tilt_z = 0.17257969347774502
d_ff_ccd  = -4.811274866094608
ccd_dec_x = 0.620703500095132
ccd_dec_y = 5.1553143890302
ccd_defocus = 0.3163167416721013
ccd_tilt_x = 0.0077241841132280374
ccd_tilt_y = -0.014080113927175158
ccd_tilt_z = 3.1555651826338725e-06
p = 2.2554545454545454e-05