slit_dec_x_a = -0.181778666534
slit_dec_y_a = -0.18243150017
slit_dec_x_b = 0.14512077562974193
slit_dec_y_b = -0.05510809031835813
slit_defocus = -0.0022133615753034156
slit_tilt_x = 1.1346969959185333
slit_tilt_y = -8.56822827699069
slit_tilt_z = -9.003680934987923
d_slit_col = 1594.3039258547224
coll_tilt_x = 0.08642291138763046
coll_tilt_y = -0.022054003053280476
ech_G = 31.61087642072445
ech_blaze = -74.9955615457765
ech_gamma = 1.1580997994696904
echelle_z = 0.05750234817111515
d_col_trf = -1588.016272076289
trf_mirror_tilt_x = 0.12251828628586785
trf_mirror_tilt_y = 0.018675710110661662
d_col_grm = 0.01505407737209083
grism_dec_x = 236.39746036930725
grism_dec_y = -0.005013083564703234
grm_tilt_x = -0.024763574226738014
grm_tilt_y = 2.3272583499783326
grm_G = 222.78574516374093
grm_apex = 17.809183560851164
d_grm_cam  = 21.60432577888908
cam_dec_x = -0.2835880244683205
cam_dec_y = 0.2897288289644375
cam_tilt_x = 0.004349094104715263
cam_tilt_y = -0.02782079636471123
d_cam_ff  = -160.56967731418712
ccd_ff_dec_x = -0.02268988503875528
ccd_ff_dec_y = -0.047787230067221007
ccd_ff_tilt_x = 0.16504226032511674
ccd_ff_tilt_y = -0.589769638455473
ccd_ff_tilt_z = 0.17173990046280999
d_ff_ccd  = -4.785383421236738
ccd_dec_x = 0.5520274487126409
ccd_dec_y = 5.106076002322908
ccd_defocus = 0.3157601338944407
ccd_tilt_x = 0.021360459505995983
ccd_tilt_y = -0.00420550525160555
ccd_tilt_z = 3.948597580956647e-07
p = 2.2554545454545454e-05