slit_dec_x_a = -0.181778666534
slit_dec_y_a = -0.18243150017
slit_dec_x_b = 0.14512077562974193
slit_dec_y_b = -0.05510809031835813
slit_defocus = -0.013766480437441227
slit_tilt_x = 1.0540964963018222
slit_tilt_y = -8.55989163029732
slit_tilt_z = -9.026857175718064
d_slit_col = 1594.2902709802966
coll_tilt_x = 0.12144098740089809
coll_tilt_y = -0.02646702035709422
ech_G = 31.614569666855687
ech_blaze = -74.99488738237432
ech_gamma = 1.1556439926678421
echelle_z = 0.05699863480891384
d_col_trf = -1588.0163664509873
trf_mirror_tilt_x = 0.007305708288600529
trf_mirror_tilt_y = 0.15545168976506923
d_col_grm = 0.035592341940267475
grism_dec_x = 236.3832783613115
grism_dec_y = 0.00925759199580626
grm_tilt_x = -0.02349782356201903
grm_tilt_y = 2.3257839743986284
grm_G = 222.78406306584012
grm_apex = 17.766595177879655
d_grm_cam  = 21.604698559335812
cam_dec_x = -0.2711501434698446
cam_dec_y = 0.29088500970750036
cam_tilt_x = 0.01243060669690096
cam_tilt_y = 0.008881070608117797
d_cam_ff  = -160.0771658366715
ccd_ff_dec_x = -0.023801044269290042
ccd_ff_dec_y = 0.04203193562558638
ccd_ff_tilt_x = 0.03351716731671396
ccd_ff_tilt_y = -0.5909752600741346
ccd_ff_tilt_z = 0.1719182663843643
d_ff_ccd  = -4.815956091475555
ccd_dec_x = 0.5533020521229195
ccd_dec_y = 5.10763156977436
ccd_defocus = 0.2857809317051927
ccd_tilt_x = 0.03258754110126476
ccd_tilt_y = -0.002124710984929295
ccd_tilt_z = 4.629212510693723e-06
p = 0.0001