slit_dec_x_a = -0.17039709124648178
slit_dec_y_a = -0.19581337804736754
slit_dec_x_b = 0.175
slit_dec_y_b = -2.621668046075286e-96
slit_defocus = 0.005528555966400583
slit_tilt_x = 1.1860955010897605
slit_tilt_y = -8.540132545788383
slit_tilt_z = -8.990806199761309
d_slit_col = 1594.2944886840558
coll_tilt_x = 0.08848799187443375
coll_tilt_y = -0.03176629285694983
ech_G = 31.61066563024566
ech_blaze = -74.97714312557349
ech_gamma = 1.1405150483347122
echelle_z = 0.07545458011009996
d_col_trf = -1588.0186213337106
trf_mirror_tilt_x = 0.13864267944731964
trf_mirror_tilt_y = 0.07754955132469091
d_col_grm = -0.009546042714178454
grism_dec_x = 236.4343924550974
grism_dec_y = 0.03422846513842063
grm_tilt_x = -0.015792938982183865
grm_tilt_y = 2.304360953511631
grm_G = 222.82519021640957
grm_apex = 17.815107266388033
d_grm_cam  = 21.60850111580099
cam_dec_x = -0.30213844635974424
cam_dec_y = 0.25033400479406404
cam_tilt_x = -0.018360298503174683
cam_tilt_y = -0.01502413292660714
d_cam_ff  = -160.40101275287077
ccd_ff_dec_x = -0.0035201029199055933
ccd_ff_dec_y = 0.00015943334732643208
ccd_ff_tilt_x = 0.14601896538037296
ccd_ff_tilt_y = -0.5720568429276648
ccd_ff_tilt_z = 0.17252791175756726
d_ff_ccd  = -4.811214844459365
ccd_dec_x = 0.6206331173557098
ccd_dec_y = 5.1552644391503
ccd_defocus = 0.31635286963723414
ccd_tilt_x = 0.007804356169306486
ccd_tilt_y = -0.014020295758473841
ccd_tilt_z = 3.36336548125513e-06
p = 3.7344545454545447e-06