slit_dec_x_a = -0.181778666534
slit_dec_y_a = -0.18243150017
slit_dec_x_b = 0.14512077562974193
slit_dec_y_b = -0.05510809031835813
slit_defocus = -0.0022474005900997916
slit_tilt_x = 1.134710324041275
slit_tilt_y = -8.568368646987373
slit_tilt_z = -9.003588544059989
d_slit_col = 1594.3039475816547
coll_tilt_x = 0.08648425277163453
coll_tilt_y = -0.022045623148952004
ech_G = 31.610932107237215
ech_blaze = -74.99580013451303
ech_gamma = 1.158221300149466
echelle_z = 0.05648416997117582
d_col_trf = -1588.0164263124443
trf_mirror_tilt_x = 0.12245487575603477
trf_mirror_tilt_y = 0.01867839161326636
d_col_grm = 0.01493899980931685
grism_dec_x = 236.39751791623078
grism_dec_y = -0.005083102394365952
grm_tilt_x = -0.024668943664725045
grm_tilt_y = 2.327360754027502
grm_G = 222.78585939665624
grm_apex = 17.80906306756061
d_grm_cam  = 21.60474005300705
cam_dec_x = -0.283626909228184
cam_dec_y = 0.2897640417507769
cam_tilt_x = 0.004323969076339275
cam_tilt_y = -0.027776570050822447
d_cam_ff  = -160.56950922616318
ccd_ff_dec_x = -0.022650476182121588
ccd_ff_dec_y = -0.04778785639651858
ccd_ff_tilt_x = 0.16502079860723837
ccd_ff_tilt_y = -0.5894583721942079
ccd_ff_tilt_z = 0.17184843966861849
d_ff_ccd  = -4.785421387918277
ccd_dec_x = 0.5519439749710863
ccd_dec_y = 5.106284886176199
ccd_defocus = 0.3158767270833845
ccd_tilt_x = 0.021398446085216006
ccd_tilt_y = -0.004189193802568546
ccd_tilt_z = 1.983951827000995e-07
p = 3.7344545454545447e-06