slit_dec_x_a = -0.17041725515519582
slit_dec_y_a = -0.195974560517846
slit_dec_x_b = 0.175
slit_dec_y_b = -1.859050025709549e-96
slit_defocus = 0.005558338524670901
slit_tilt_x = 1.1861548326367994
slit_tilt_y = -8.539994895493617
slit_tilt_z = -8.990839242187471
d_slit_col = 1594.294462102287
coll_tilt_x = 0.08875931086529637
coll_tilt_y = -0.03176726078362808
ech_G = 31.61064801005574
ech_blaze = -74.97671095307703
ech_gamma = 1.140506053296709
echelle_z = 0.07484954564129308
d_col_trf = -1588.018533987399
trf_mirror_tilt_x = 0.13866233223408853
trf_mirror_tilt_y = 0.07758929627890128
d_col_grm = -0.00954787424852874
grism_dec_x = 236.43433454904078
grism_dec_y = 0.03420089416653123
grm_tilt_x = -0.015649713334638247
grm_tilt_y = 2.304368302514969
grm_G = 222.82518415528656
grm_apex = 17.815105097813056
d_grm_cam  = 21.608456263811576
cam_dec_x = -0.30216249662933387
cam_dec_y = 0.2503471235007693
cam_tilt_x = -0.0186524420873492
cam_tilt_y = -0.015048669414958256
d_cam_ff  = -160.40095405188436
ccd_ff_dec_x = -0.0035038420301413678
ccd_ff_dec_y = 0.00018938554427683148
ccd_ff_tilt_x = 0.14603234767010964
ccd_ff_tilt_y = -0.5720593106601563
ccd_ff_tilt_z = 0.17258295931897796
d_ff_ccd  = -4.811249679871729
ccd_dec_x = 0.620681363775049
ccd_dec_y = 5.155301383354923
ccd_defocus = 0.31632677056475006
ccd_tilt_x = 0.0077362478476625885
ccd_tilt_y = -0.014052275013796798
ccd_tilt_z = 3.1624586663536697e-06
p = 3.3396666666666674e-06