slit_dec_x_a = -0.181778666534
slit_dec_y_a = -0.18243150017
slit_dec_x_b = 0.14512077562974193
slit_dec_y_b = -0.05510809031835813
slit_defocus = -0.0022080752204692135
slit_tilt_x = 1.134690935523942
slit_tilt_y = -8.568224850898646
slit_tilt_z = -9.003667514779451
d_slit_col = 1594.3039083071255
coll_tilt_x = 0.08642940640396304
coll_tilt_y = -0.0220723262308905
ech_G = 31.610872445353973
ech_blaze = -74.99547388104887
ech_gamma = 1.1581052092410413
echelle_z = 0.057400041841601544
d_col_trf = -1588.0163812799253
trf_mirror_tilt_x = 0.12253162593409615
trf_mirror_tilt_y = 0.018668409910386628
d_col_grm = 0.015051675709685776
grism_dec_x = 236.39746882570918
grism_dec_y = -0.005004915055665371
grm_tilt_x = -0.02477273138195166
grm_tilt_y = 2.327263937928757
grm_G = 222.78578233802492
grm_apex = 17.80916425540735
d_grm_cam  = 21.604340332106258
cam_dec_x = -0.283610249745375
cam_dec_y = 0.2897127918771849
cam_tilt_x = 0.004354058348509105
cam_tilt_y = -0.027797536705659303
d_cam_ff  = -160.56968796020456
ccd_ff_dec_x = -0.022743020629675054
ccd_ff_dec_y = -0.04780194385766743
ccd_ff_tilt_x = 0.1650390341830093
ccd_ff_tilt_y = -0.5897406072935016
ccd_ff_tilt_z = 0.17173322162952878
d_ff_ccd  = -4.785371413906743
ccd_dec_x = 0.5519951013652268
ccd_dec_y = 5.106159146823788
ccd_defocus = 0.3157507061981046
ccd_tilt_x = 0.021391332957402812
ccd_tilt_y = -0.004212497407079524
ccd_tilt_z = 3.8670581770074884e-07
p = 3.3396666666666674e-06