slit_dec_x_a = -0.1704241703451334
slit_dec_y_a = -0.1960526537476147
slit_dec_x_b = 0.175
slit_dec_y_b = -1.9176891085059853e-96
slit_defocus = 0.005572174900281343
slit_tilt_x = 1.186108083992684
slit_tilt_y = -8.540000220573065
slit_tilt_z = -8.99086172009935
d_slit_col = 1594.294433014306
coll_tilt_x = 0.08871114056856685
coll_tilt_y = -0.03181290354823421
ech_G = 31.610685474227495
ech_blaze = -74.97707219574384
ech_gamma = 1.1404129630902868
echelle_z = 0.07495756866185783
d_col_trf = -1588.0185502762654
trf_mirror_tilt_x = 0.1386993525130559
trf_mirror_tilt_y = 0.07758915082622565
d_col_grm = -0.009532869861462689
grism_dec_x = 236.43428115540735
grism_dec_y = 0.03424318377557839
grm_tilt_x = -0.01574948530767899
grm_tilt_y = 2.304361394253336
grm_G = 222.82516865478053
grm_apex = 17.815107104968636
d_grm_cam  = 21.608487213669743
cam_dec_x = -0.30213287799196054
cam_dec_y = 0.25037236813044234
cam_tilt_x = -0.01837441089558364
cam_tilt_y = -0.015027890789843032
d_cam_ff  = -160.40097462076648
ccd_ff_dec_x = -0.003540870072553719
ccd_ff_dec_y = 0.00015338193565186178
ccd_ff_tilt_x = 0.1460159616063791
ccd_ff_tilt_y = -0.5721117706356781
ccd_ff_tilt_z = 0.17257197508641142
d_ff_ccd  = -4.811224521154912
ccd_dec_x = 0.6206724314544863
ccd_dec_y = 5.155270407053878
ccd_defocus = 0.3163001860878913
ccd_tilt_x = 0.007768889998618578
ccd_tilt_y = -0.014020630498440186
ccd_tilt_z = 3.195641086138638e-06
p = 1.6525833333333334e-05