slit_dec_x_a = -0.181778666534
slit_dec_y_a = -0.18243150017
slit_dec_x_b = 0.14512077562974193
slit_dec_y_b = -0.05510809031835813
slit_defocus = -0.002209930358392631
slit_tilt_x = 1.1346936501450084
slit_tilt_y = -8.568298759255335
slit_tilt_z = -9.003631010224554
d_slit_col = 1594.3039094358614
coll_tilt_x = 0.08643913784622795
coll_tilt_y = -0.022042946311981098
ech_G = 31.610921284030812
ech_blaze = -74.99573110128817
ech_gamma = 1.1581247706820463
echelle_z = 0.05721428703227421
d_col_trf = -1588.016205932178
trf_mirror_tilt_x = 0.12250419777779659
trf_mirror_tilt_y = 0.01868674208720789
d_col_grm = 0.014990005488838469
grism_dec_x = 236.39748441908307
grism_dec_y = -0.005039353595353294
grm_tilt_x = -0.024808957830430557
grm_tilt_y = 2.327406530538337
grm_G = 222.78569438861672
grm_apex = 17.809184080212038
d_grm_cam  = 21.604422895592275
cam_dec_x = -0.2836230923218749
cam_dec_y = 0.28971087129254686
cam_tilt_x = 0.004355326106743749
cam_tilt_y = -0.0278110293761327
d_cam_ff  = -160.56968748029087
ccd_ff_dec_x = -0.022982422774994675
ccd_ff_dec_y = -0.04777824298637744
ccd_ff_tilt_x = 0.16505505343303498
ccd_ff_tilt_y = -0.5896092801556612
ccd_ff_tilt_z = 0.1718292211669959
d_ff_ccd  = -4.785362619695054
ccd_dec_x = 0.5520115058448364
ccd_dec_y = 5.106478842347943
ccd_defocus = 0.3157984597943998
ccd_tilt_x = 0.021421704036572002
ccd_tilt_y = -0.0041879430527875
ccd_tilt_z = 3.386141690656227e-07
p = 1.6525833333333334e-05