slit_dec_x_a = -0.181778666534
slit_dec_y_a = -0.18243150017
slit_dec_x_b = 0.14512077562974193
slit_dec_y_b = -0.05510809031835813
slit_defocus = -0.013865609911953715
slit_tilt_x = 1.0540749793265116
slit_tilt_y = -8.559986927325616
slit_tilt_z = -9.02690229684134
d_slit_col = 1594.2902606838247
coll_tilt_x = 0.12145463783328675
coll_tilt_y = -0.026527754380182626
ech_G = 31.614564581644807
ech_blaze = -74.99489219627245
ech_gamma = 1.1556465489890622
echelle_z = 0.05700650095292228
d_col_trf = -1588.0163658003285
trf_mirror_tilt_x = 0.007294415611025754
trf_mirror_tilt_y = 0.15543691328386258
d_col_grm = 0.035711247591960156
grism_dec_x = 236.38324586291927
grism_dec_y = 0.009274285962972646
grm_tilt_x = -0.02351124849262615
grm_tilt_y = 2.3257875419494907
grm_G = 222.7840746979361
grm_apex = 17.76647860690327
d_grm_cam  = 21.604701441067686
cam_dec_x = -0.271126714897423
cam_dec_y = 0.29085110425294297
cam_tilt_x = 0.012340742449251922
cam_tilt_y = 0.008788630821082128
d_cam_ff  = -160.0768881173161
ccd_ff_dec_x = -0.02379860576911936
ccd_ff_dec_y = 0.04203854139060753
ccd_ff_tilt_x = 0.03350725296527764
ccd_ff_tilt_y = -0.5909824609333388
ccd_ff_tilt_z = 0.17192205542308686
d_ff_ccd  = -4.815932846925622
ccd_dec_x = 0.5532987145275196
ccd_dec_y = 5.1076351132821785
ccd_defocus = 0.2856809117209594
ccd_tilt_x = 0.03261490154742448
ccd_tilt_y = -0.0021101893769466824
ccd_tilt_z = 4.656240127137913e-06
p = 0.0001