slit_dec_x_a = -0.181778666534
slit_dec_y_a = -0.18243150017
slit_dec_x_b = 0.14512077562974193
slit_dec_y_b = -0.05510809031835813
slit_defocus = -0.01375136211114155
slit_tilt_x = 1.054069616939406
slit_tilt_y = -8.559971142499494
slit_tilt_z = -9.026839859862939
d_slit_col = 1594.290243812695
coll_tilt_x = 0.12144309654932134
coll_tilt_y = -0.026518508998542342
ech_G = 31.614556175564314
ech_blaze = -74.99488678979962
ech_gamma = 1.1556421307961537
echelle_z = 0.057004730782406726
d_col_trf = -1588.0163642009447
trf_mirror_tilt_x = 0.00733387021309245
trf_mirror_tilt_y = 0.15550843968513825
d_col_grm = 0.03558092421594609
grism_dec_x = 236.38319705276896
grism_dec_y = 0.009223474682919931
grm_tilt_x = -0.023503122319012935
grm_tilt_y = 2.325782254792422
grm_G = 222.78406767059525
grm_apex = 17.766548233890713
d_grm_cam  = 21.60469991604019
cam_dec_x = -0.27109356539705676
cam_dec_y = 0.2908307257072497
cam_tilt_x = 0.012413172371606827
cam_tilt_y = 0.00884762587273883
d_cam_ff  = -160.07683713223892
ccd_ff_dec_x = -0.02380952158676002
ccd_ff_dec_y = 0.04209298011564329
ccd_ff_tilt_x = 0.033445991441261445
ccd_ff_tilt_y = -0.5909772407743613
ccd_ff_tilt_z = 0.17191565795673755
d_ff_ccd  = -4.815982623639086
ccd_dec_x = 0.5532980049813884
ccd_dec_y = 5.107630876760653
ccd_defocus = 0.2857803739228264
ccd_tilt_x = 0.03264244627633001
ccd_tilt_y = -0.002164086851277233
ccd_tilt_z = 4.684054886523746e-06
p = 0.0001