slit_dec_x_a = -0.17039961102028997
slit_dec_y_a = -0.1959766670184635
slit_dec_x_b = 0.175
slit_dec_y_b = -1.4929989143510248e-96
slit_defocus = 0.005601763270118526
slit_tilt_x = 1.1861420755379943
slit_tilt_y = -8.540049316889814
slit_tilt_z = -8.990842098224292
d_slit_col = 1594.294482336955
coll_tilt_x = 0.08873795927229933
coll_tilt_y = -0.03186313629079958
ech_G = 31.610657209741536
ech_blaze = -74.97685034572281
ech_gamma = 1.1403764389282154
echelle_z = 0.07477250440361335
d_col_trf = -1588.018550531167
trf_mirror_tilt_x = 0.13866030314416872
trf_mirror_tilt_y = 0.07750891655120853
d_col_grm = -0.009520541689932806
grism_dec_x = 236.43431520570311
grism_dec_y = 0.03416918451389433
grm_tilt_x = -0.015851418792451763
grm_tilt_y = 2.304377774271036
grm_G = 222.82517316121812
grm_apex = 17.815119699327973
d_grm_cam  = 21.608482401382336
cam_dec_x = -0.30212288991605246
cam_dec_y = 0.25031114426230733
cam_tilt_x = -0.01844373830081488
cam_tilt_y = -0.015075382639164274
d_cam_ff  = -160.4009709310853
ccd_ff_dec_x = -0.003519063077475856
ccd_ff_dec_y = 0.00024834886238756025
ccd_ff_tilt_x = 0.14605482786018884
ccd_ff_tilt_y = -0.5720712928737302
ccd_ff_tilt_z = 0.17257665103170658
d_ff_ccd  = -4.811283431250102
ccd_dec_x = 0.620661725086445
ccd_dec_y = 5.155288890691201
ccd_defocus = 0.31628052171693277
ccd_tilt_x = 0.007708357613589878
ccd_tilt_y = -0.01412445957954835
ccd_tilt_z = 3.1349513268429264e-06
p = 1.1967272727272727e-05