slit_dec_x_a = -0.181778666534
slit_dec_y_a = -0.18243150017
slit_dec_x_b = 0.14512077562974193
slit_dec_y_b = -0.05510809031835813
slit_defocus = -0.002209243974002224
slit_tilt_x = 1.1346650271049832
slit_tilt_y = -8.56824194809249
slit_tilt_z = -9.003628484076716
d_slit_col = 1594.3039781512546
coll_tilt_x = 0.0864615778885279
coll_tilt_y = -0.021998299179413382
ech_G = 31.610887460805102
ech_blaze = -74.99552185899039
ech_gamma = 1.1581531560344835
echelle_z = 0.05760247943915905
d_col_trf = -1588.0162362451422
trf_mirror_tilt_x = 0.1225299665799286
trf_mirror_tilt_y = 0.018635259069465556
d_col_grm = 0.015081550703493079
grism_dec_x = 236.39743938575955
grism_dec_y = -0.005019160232053022
grm_tilt_x = -0.024870973725124427
grm_tilt_y = 2.327288201008857
grm_G = 222.78570611092417
grm_apex = 17.809222763641248
d_grm_cam  = 21.604518900330046
cam_dec_x = -0.2835690937994962
cam_dec_y = 0.28972903990288384
cam_tilt_x = 0.004322187630933355
cam_tilt_y = -0.02781965835340131
d_cam_ff  = -160.56990599190624
ccd_ff_dec_x = -0.022831678824994508
ccd_ff_dec_y = -0.047798599879141854
ccd_ff_tilt_x = 0.16503145630728813
ccd_ff_tilt_y = -0.589720581446714
ccd_ff_tilt_z = 0.17171305671106554
d_ff_ccd  = -4.785421067740887
ccd_dec_x = 0.5517970593745813
ccd_dec_y = 5.106102977233284
ccd_defocus = 0.31573631084073867
ccd_tilt_x = 0.02133971904201938
ccd_tilt_y = -0.004199253851631408
ccd_tilt_z = 3.7831378492163036e-07
p = 1.1967272727272727e-05