slit_dec_x_a = -0.1704010755187174
slit_dec_y_a = -0.1956586180351446
slit_dec_x_b = 0.175
slit_dec_y_b = -1.8342884578509468e-96
slit_defocus = 0.021406602040432002
slit_tilt_x = 1.1139770463731813
slit_tilt_y = -8.538438744411476
slit_tilt_z = -8.991588369502923
d_slit_col = 1594.3099001164828
coll_tilt_x = 0.11310293576999468
coll_tilt_y = -0.028834368230068186
ech_G = 31.613229813194234
ech_blaze = -74.97482716885537
ech_gamma = 1.1389765651602253
echelle_z = 0.07477076585952266
d_col_trf = -1588.017233189953
trf_mirror_tilt_x = 0.02637400749999068
trf_mirror_tilt_y = 0.16230273971686626
d_col_grm = -0.004869899197808192
grism_dec_x = 236.42333728358295
grism_dec_y = 0.03815834367535045
grm_tilt_x = -0.014060384498189337
grm_tilt_y = 2.305272019364787
grm_G = 222.82400399570236
grm_apex = 17.791016476680117
d_grm_cam  = 21.609821160029167
cam_dec_x = -0.30946478658196314
cam_dec_y = 0.24730255304747037
cam_tilt_x = -0.011103995536337822
cam_tilt_y = 0.0038079702123108615
d_cam_ff  = -160.05751610292637
ccd_ff_dec_x = -0.002600630847287744
ccd_ff_dec_y = 0.053006518570905825
ccd_ff_tilt_x = 0.019473284044824325
ccd_ff_tilt_y = -0.5728006750387327
ccd_ff_tilt_z = 0.18005315522651294
d_ff_ccd  = -4.838902946204952
ccd_dec_x = 0.6214078039124074
ccd_dec_y = 5.1571486221589025
ccd_defocus = 0.28078374700308006
ccd_tilt_x = 0.005000556101800494
ccd_tilt_y = -0.010844405136881275
ccd_tilt_z = 5.086746688158376e-06
p = 0.0001