slit_dec_x_a = -0.181778666534
slit_dec_y_a = -0.18243150017
slit_dec_x_b = 0.14512077562974193
slit_dec_y_b = -0.05510809031835813
slit_defocus = -0.013790056210023065
slit_tilt_x = 1.0540778670513136
slit_tilt_y = -8.559971017820981
slit_tilt_z = -9.026836812567367
d_slit_col = 1594.2902939790888
coll_tilt_x = 0.12141691745051983
coll_tilt_y = -0.02647313954866203
ech_G = 31.614568423725675
ech_blaze = -74.99489212604834
ech_gamma = 1.1556365427221034
echelle_z = 0.05701001912450699
d_col_trf = -1588.0163674740838
trf_mirror_tilt_x = 0.007331117322667501
trf_mirror_tilt_y = 0.15539803207560537
d_col_grm = 0.03562062546702426
grism_dec_x = 236.38327774973706
grism_dec_y = 0.00926060317330408
grm_tilt_x = -0.023507465798167662
grm_tilt_y = 2.325793485971929
grm_G = 222.7840720237565
grm_apex = 17.766539641883348
d_grm_cam  = 21.604703807958494
cam_dec_x = -0.2710640429515468
cam_dec_y = 0.2908326491023006
cam_tilt_x = 0.012443365399065197
cam_tilt_y = 0.008840136833536261
d_cam_ff  = -160.07687819087963
ccd_ff_dec_x = -0.02380027485734839
ccd_ff_dec_y = 0.042028418872945554
ccd_ff_tilt_x = 0.033475099505255665
ccd_ff_tilt_y = -0.5909762401763861
ccd_ff_tilt_z = 0.17191760066677406
d_ff_ccd  = -4.815929600431417
ccd_dec_x = 0.553294594356744
ccd_dec_y = 5.107627838339187
ccd_defocus = 0.2857735142660219
ccd_tilt_x = 0.03252229166754536
ccd_tilt_y = -0.002142185475844031
ccd_tilt_z = 4.7100735715499615e-06
p = 0.0001