slit_dec_x_a = -0.17041270474418707
slit_dec_y_a = -0.19585445761307804
slit_dec_x_b = 0.175
slit_dec_y_b = -2.5134728724033916e-96
slit_defocus = 0.005527018518338168
slit_tilt_x = 1.1861188480516627
slit_tilt_y = -8.540105291633978
slit_tilt_z = -8.990827500365263
d_slit_col = 1594.2944336734058
coll_tilt_x = 0.08852673486720145
coll_tilt_y = -0.031838671018329136
ech_G = 31.61065143424673
ech_blaze = -74.97703908243948
ech_gamma = 1.1403771489502255
echelle_z = 0.0753792325895825
d_col_trf = -1588.0185939522003
trf_mirror_tilt_x = 0.13866053269283357
trf_mirror_tilt_y = 0.07752330583563806
d_col_grm = -0.009525777692506246
grism_dec_x = 236.43432731750735
grism_dec_y = 0.03423914938616623
grm_tilt_x = -0.015836322265877775
grm_tilt_y = 2.304346736448234
grm_G = 222.82518273822075
grm_apex = 17.815124775042513
d_grm_cam  = 21.60849336851865
cam_dec_x = -0.30210927127374454
cam_dec_y = 0.2503525030352046
cam_tilt_x = -0.018229234692655777
cam_tilt_y = -0.015020096377869024
d_cam_ff  = -160.40095479985945
ccd_ff_dec_x = -0.003536052102605503
ccd_ff_dec_y = 0.0001877038475841168
ccd_ff_tilt_x = 0.14600547569013428
ccd_ff_tilt_y = -0.5720162989242683
ccd_ff_tilt_z = 0.17256509925375307
d_ff_ccd  = -4.811217004919968
ccd_dec_x = 0.6206436611540702
ccd_dec_y = 5.155285655859489
ccd_defocus = 0.3163195546472635
ccd_tilt_x = 0.007789170079806141
ccd_tilt_y = -0.01399859681226464
ccd_tilt_z = 3.2864546829024513e-06
p = 7.917454545454545e-06