slit_dec_x_a = -0.181778666534
slit_dec_y_a = -0.18243150017
slit_dec_x_b = 0.14512077562974193
slit_dec_y_b = -0.05510809031835813
slit_defocus = -0.002200960310631776
slit_tilt_x = 1.134672029500163
slit_tilt_y = -8.568372290703746
slit_tilt_z = -9.003583871607075
d_slit_col = 1594.3039889468164
coll_tilt_x = 0.08647196598249303
coll_tilt_y = -0.022069802837358786
ech_G = 31.610906962481362
ech_blaze = -74.9956173955562
ech_gamma = 1.1581125695398775
echelle_z = 0.0567537461182629
d_col_trf = -1588.0163592133613
trf_mirror_tilt_x = 0.12250381764451763
trf_mirror_tilt_y = 0.01870308811146855
d_col_grm = 0.01496787340850472
grism_dec_x = 236.39747271496708
grism_dec_y = -0.005076032950874001
grm_tilt_x = -0.024683259714712226
grm_tilt_y = 2.3273227598291557
grm_G = 222.78571078139578
grm_apex = 17.809087878209116
d_grm_cam  = 21.604804748269192
cam_dec_x = -0.2836303445558101
cam_dec_y = 0.2897628760993727
cam_tilt_x = 0.004333706761530841
cam_tilt_y = -0.02777720635889777
d_cam_ff  = -160.56948810328316
ccd_ff_dec_x = -0.022889708501331686
ccd_ff_dec_y = -0.04776575771035273
ccd_ff_tilt_x = 0.16505046646551205
ccd_ff_tilt_y = -0.5893675989149754
ccd_ff_tilt_z = 0.1719123944965729
d_ff_ccd  = -4.7853878192274175
ccd_dec_x = 0.5518869372738455
ccd_dec_y = 5.106399666324327
ccd_defocus = 0.315842032843462
ccd_tilt_x = 0.02139343003960232
ccd_tilt_y = -0.004226199435366941
ccd_tilt_z = 1.9801157655959468e-07
p = 7.917454545454545e-06