slit_dec_x_a = -0.181778666534
slit_dec_y_a = -0.18243150017
slit_dec_x_b = 0.14512077562974193
slit_dec_y_b = -0.05510809031835813
slit_defocus = -0.013830524569125249
slit_tilt_x = 1.0541322990961082
slit_tilt_y = -8.560001394305877
slit_tilt_z = -9.026881298102607
d_slit_col = 1594.2902968200062
coll_tilt_x = 0.12146336445143702
coll_tilt_y = -0.026477027337542224
ech_G = 31.61456867286237
ech_blaze = -74.99488624300406
ech_gamma = 1.1556295900767133
echelle_z = 0.05701047960327336
d_col_trf = -1588.0163697096627
trf_mirror_tilt_x = 0.007294275719056458
trf_mirror_tilt_y = 0.15548503320900545
d_col_grm = 0.03563582367446856
grism_dec_x = 236.38319467552057
grism_dec_y = 0.009298211623591308
grm_tilt_x = -0.023504842818143058
grm_tilt_y = 2.3257852519449496
grm_G = 222.78406874813336
grm_apex = 17.766496001498634
d_grm_cam  = 21.604701693106026
cam_dec_x = -0.27109306004961553
cam_dec_y = 0.2908239428277727
cam_tilt_x = 0.012468520708988998
cam_tilt_y = 0.008860417527934155
d_cam_ff  = -160.0768257887587
ccd_ff_dec_x = -0.02380442932414506
ccd_ff_dec_y = 0.04213323775865996
ccd_ff_tilt_x = 0.03348635366629383
ccd_ff_tilt_y = -0.5909790430565018
ccd_ff_tilt_z = 0.17191175490847885
d_ff_ccd  = -4.815999818343714
ccd_dec_x = 0.5532964658128101
ccd_dec_y = 5.107634166161826
ccd_defocus = 0.28578142541017487
ccd_tilt_x = 0.03261451381606477
ccd_tilt_y = -0.002102994468583979
ccd_tilt_z = 4.670036303880412e-06
p = 0.0001