slit_dec_x_a = -0.17040097868567264
slit_dec_y_a = -0.1959078965085601
slit_dec_x_b = 0.175
slit_dec_y_b = -2.4044441574502873e-96
slit_defocus = 0.005518504277663089
slit_tilt_x = 1.186106215964008
slit_tilt_y = -8.540094159587241
slit_tilt_z = -8.990860540696834
d_slit_col = 1594.2944351977076
coll_tilt_x = 0.08859161983346382
coll_tilt_y = -0.031729823257456054
ech_G = 31.61064683165461
ech_blaze = -74.97695861780443
ech_gamma = 1.140532903893146
echelle_z = 0.07535883614243039
d_col_trf = -1588.018563229352
trf_mirror_tilt_x = 0.13869336109092695
trf_mirror_tilt_y = 0.07751961239210446
d_col_grm = -0.009530026904367103
grism_dec_x = 236.43432626775058
grism_dec_y = 0.03424368623911075
grm_tilt_x = -0.015880834482183654
grm_tilt_y = 2.3043711472834065
grm_G = 222.82521349662807
grm_apex = 17.815141109147024
d_grm_cam  = 21.60849466989314
cam_dec_x = -0.3021108310784229
cam_dec_y = 0.25034948097730114
cam_tilt_x = -0.018163589233885842
cam_tilt_y = -0.015019578959257554
d_cam_ff  = -160.40095247339843
ccd_ff_dec_x = -0.003567949307097814
ccd_ff_dec_y = 0.00013392276402995196
ccd_ff_tilt_x = 0.1460573761884354
ccd_ff_tilt_y = -0.5720312950962254
ccd_ff_tilt_z = 0.17254489430562606
d_ff_ccd  = -4.81123257930826
ccd_dec_x = 0.6206572577527771
ccd_dec_y = 5.1552950218532345
ccd_defocus = 0.3163119491641141
ccd_tilt_x = 0.007806599750000602
ccd_tilt_y = -0.014007857610117785
ccd_tilt_z = 3.3187598658318934e-06
p = 5.971916666666666e-06