slit_dec_x_a = -0.181778666534
slit_dec_y_a = -0.18243150017
slit_dec_x_b = 0.14512077562974193
slit_dec_y_b = -0.05510809031835813
slit_defocus = -0.0022004926021349154
slit_tilt_x = 1.1346753840775223
slit_tilt_y = -8.568344535825362
slit_tilt_z = -9.003621042171785
d_slit_col = 1594.3039600513132
coll_tilt_x = 0.08643693535080682
coll_tilt_y = -0.022041817552163914
ech_G = 31.610889440655175
ech_blaze = -74.99556192063832
ech_gamma = 1.1581067986105507
echelle_z = 0.05679636577245545
d_col_trf = -1588.0163205804502
trf_mirror_tilt_x = 0.12252183651092477
trf_mirror_tilt_y = 0.018706052056340246
d_col_grm = 0.01498576058687464
grism_dec_x = 236.39746512501745
grism_dec_y = -0.005050518099458869
grm_tilt_x = -0.024621451406197595
grm_tilt_y = 2.327214045288622
grm_G = 222.78580617625954
grm_apex = 17.80911573157713
d_grm_cam  = 21.604650535934493
cam_dec_x = -0.2836410824588811
cam_dec_y = 0.289763799630797
cam_tilt_x = 0.004313762939292742
cam_tilt_y = -0.027787569446192237
d_cam_ff  = -160.5696039631091
ccd_ff_dec_x = -0.02285177992613508
ccd_ff_dec_y = -0.047778707709652174
ccd_ff_tilt_x = 0.16504543103560604
ccd_ff_tilt_y = -0.5894229644698689
ccd_ff_tilt_z = 0.17195629318825756
d_ff_ccd  = -4.7853797263669655
ccd_dec_x = 0.551940730452657
ccd_dec_y = 5.106433121748397
ccd_defocus = 0.3158182278708979
ccd_tilt_x = 0.02140554966134857
ccd_tilt_y = -0.004212340406795068
ccd_tilt_z = 2.2756161226017057e-07
p = 5.971916666666666e-06