slit_dec_x_a = -0.1704010755187174
slit_dec_y_a = -0.1956586180351446
slit_dec_x_b = 0.175
slit_dec_y_b = -1.8425044867987007e-96
slit_defocus = 0.021261813766966054
slit_tilt_x = 1.1140020178834698
slit_tilt_y = -8.53848110531379
slit_tilt_z = -8.991641296434414
d_slit_col = 1594.309970168247
coll_tilt_x = 0.11320422157381718
coll_tilt_y = -0.02889652093960058
ech_G = 31.613234910792446
ech_blaze = -74.97483319422253
ech_gamma = 1.1389685111335675
echelle_z = 0.07476485019798022
d_col_trf = -1588.0172368592766
trf_mirror_tilt_x = 0.02634308171858772
trf_mirror_tilt_y = 0.16218606234268193
d_col_grm = -0.004810506740545397
grism_dec_x = 236.42328280802136
grism_dec_y = 0.038202432123643576
grm_tilt_x = -0.014061363586962491
grm_tilt_y = 2.3052786862148
grm_G = 222.824006680848
grm_apex = 17.79097750624854
d_grm_cam  = 21.609825773109662
cam_dec_x = -0.30956141707800716
cam_dec_y = 0.24724373955472242
cam_tilt_x = -0.011060782341862543
cam_tilt_y = 0.003789122484862114
d_cam_ff  = -160.05754928066096
ccd_ff_dec_x = -0.0026043899122262164
ccd_ff_dec_y = 0.053005309302179615
ccd_ff_tilt_x = 0.019498185079682314
ccd_ff_tilt_y = -0.5728034718979019
ccd_ff_tilt_z = 0.1800498408916155
d_ff_ccd  = -4.838924799381002
ccd_dec_x = 0.6213990204420478
ccd_dec_y = 5.157151663255932
ccd_defocus = 0.2807132035184474
ccd_tilt_x = 0.005101796136650608
ccd_tilt_y = -0.010930748121104547
ccd_tilt_z = 5.067934356606257e-06
p = 0.0001