slit_dec_x_a = -0.181778666534
slit_dec_y_a = -0.18243150017
slit_dec_x_b = 0.14512077562974193
slit_dec_y_b = -0.05510809031835813
slit_defocus = -0.013853722044245918
slit_tilt_x = 1.054148698602309
slit_tilt_y = -8.560002842545117
slit_tilt_z = -9.026927759932251
d_slit_col = 1594.2903011437852
coll_tilt_x = 0.12143707945221893
coll_tilt_y = -0.02648892320907347
ech_G = 31.614566019635056
ech_blaze = -74.99489257060479
ech_gamma = 1.1556400046516264
echelle_z = 0.057003683650059644
d_col_trf = -1588.0163686346966
trf_mirror_tilt_x = 0.00728378437620421
trf_mirror_tilt_y = 0.15542390806244125
d_col_grm = 0.0356201101274583
grism_dec_x = 236.38326379892845
grism_dec_y = 0.009266972707454591
grm_tilt_x = -0.023510853569292025
grm_tilt_y = 2.325796570609058
grm_G = 222.78407087882044
grm_apex = 17.76649106954491
d_grm_cam  = 21.604700704250963
cam_dec_x = -0.271109625752917
cam_dec_y = 0.29091745009455877
cam_tilt_x = 0.012433081953868316
cam_tilt_y = 0.008869279280133474
d_cam_ff  = -160.07682253713358
ccd_ff_dec_x = -0.023798363328287095
ccd_ff_dec_y = 0.042056542605670544
ccd_ff_tilt_x = 0.03348624930150377
ccd_ff_tilt_y = -0.590978780922929
ccd_ff_tilt_z = 0.1719232532924714
d_ff_ccd  = -4.815967888935264
ccd_dec_x = 0.5533032823183918
ccd_dec_y = 5.107637237063055
ccd_defocus = 0.2857911283396132
ccd_tilt_x = 0.03251694885120633
ccd_tilt_y = -0.002170715177454443
ccd_tilt_z = 4.712060872042072e-06
p = 0.0001