slit_dec_x_a = -0.181778666534
slit_dec_y_a = -0.18243150017
slit_dec_x_b = 0.14512077562974193
slit_dec_y_b = -0.05510809031835813
slit_defocus = -0.002212086219562036
slit_tilt_x = 1.134706927915929
slit_tilt_y = -8.5682694874655
slit_tilt_z = -9.00365130447887
d_slit_col = 1594.3039243689734
coll_tilt_x = 0.08642988603494263
coll_tilt_y = -0.022051457022235106
ech_G = 31.610883722617547
ech_blaze = -74.99552667244737
ech_gamma = 1.1581335113898907
echelle_z = 0.0573778744276527
d_col_trf = -1588.0163442040814
trf_mirror_tilt_x = 0.12253317652227357
trf_mirror_tilt_y = 0.018691850532703537
d_col_grm = 0.015023071451189146
grism_dec_x = 236.39746697397524
grism_dec_y = -0.005017793078638972
grm_tilt_x = -0.02474186445022689
grm_tilt_y = 2.3273043610726245
grm_G = 222.78573344017354
grm_apex = 17.809154277951414
d_grm_cam  = 21.60429887418544
cam_dec_x = -0.28361559909484235
cam_dec_y = 0.28971476819514214
cam_tilt_x = 0.004333642003429505
cam_tilt_y = -0.02780519596349962
d_cam_ff  = -160.56958676635537
ccd_ff_dec_x = -0.02276550001787422
ccd_ff_dec_y = -0.04779533252056408
ccd_ff_tilt_x = 0.1650214393349117
ccd_ff_tilt_y = -0.589718426443804
ccd_ff_tilt_z = 0.17178122542893323
d_ff_ccd  = -4.78538669426788
ccd_dec_x = 0.5519219962809668
ccd_dec_y = 5.106208176960592
ccd_defocus = 0.3157984285152775
ccd_tilt_x = 0.021378327342738326
ccd_tilt_y = -0.004204281498448401
ccd_tilt_z = 3.1925605128472016e-07
p = 6.647916666666665e-06