slit_dec_x_a = -0.181778666534
slit_dec_y_a = -0.18243150017
slit_dec_x_b = 0.14512077562974193
slit_dec_y_b = -0.05510809031835813
slit_defocus = -0.002215030247727399
slit_tilt_x = 1.134694737311612
slit_tilt_y = -8.568217734530693
slit_tilt_z = -9.003673274783623
d_slit_col = 1594.3039167265456
coll_tilt_x = 0.08642332238611786
coll_tilt_y = -0.022064544366160472
ech_G = 31.610870335765856
ech_blaze = -74.99552693410386
ech_gamma = 1.1580923623406936
echelle_z = 0.057353646349415026
d_col_trf = -1588.0163792860187
trf_mirror_tilt_x = 0.12253509890143578
trf_mirror_tilt_y = 0.018677104511853396
d_col_grm = 0.01505584546843583
grism_dec_x = 236.39747415770518
grism_dec_y = -0.005011644952967463
grm_tilt_x = -0.02470468113710813
grm_tilt_y = 2.327243341428891
grm_G = 222.7857217747037
grm_apex = 17.809173358147913
d_grm_cam  = 21.604328426523164
cam_dec_x = -0.28360892353760575
cam_dec_y = 0.289710825107325
cam_tilt_x = 0.004348772668575473
cam_tilt_y = -0.027799855512762362
d_cam_ff  = -160.56972753659716
ccd_ff_dec_x = -0.022704844310578735
ccd_ff_dec_y = -0.04779121593554779
ccd_ff_tilt_x = 0.16505262467961637
ccd_ff_tilt_y = -0.5897764769578994
ccd_ff_tilt_z = 0.17177135572174723
d_ff_ccd  = -4.785351860004719
ccd_dec_x = 0.5520691416719701
ccd_dec_y = 5.1061604126468705
ccd_defocus = 0.3157388691097757
ccd_tilt_x = 0.02136478504749454
ccd_tilt_y = -0.004204382510237608
ccd_tilt_z = 3.664052326918509e-07
p = 1.9614545454545454e-06