slit_dec_x_a = -0.17041888540717334
slit_dec_y_a = -0.19600647426287784
slit_dec_x_b = 0.175
slit_dec_y_b = -1.6821532730844633e-96
slit_defocus = 0.005564716359219414
slit_tilt_x = 1.186143994475031
slit_tilt_y = -8.540011925584833
slit_tilt_z = -8.990845395299777
d_slit_col = 1594.2944693501704
coll_tilt_x = 0.0887615007551145
coll_tilt_y = -0.031823260052360886
ech_G = 31.6106500184533
ech_blaze = -74.97674706082499
ech_gamma = 1.1404474365674218
echelle_z = 0.07477635399001437
d_col_trf = -1588.0185415860337
trf_mirror_tilt_x = 0.13866135320081607
trf_mirror_tilt_y = 0.07758106684908633
d_col_grm = -0.009565764060468558
grism_dec_x = 236.43431720763098
grism_dec_y = 0.03419598309318926
grm_tilt_x = -0.015702766516095163
grm_tilt_y = 2.304369332454315
grm_G = 222.82518258249766
grm_apex = 17.815128898956992
d_grm_cam  = 21.60843995834831
cam_dec_x = -0.30214770952564907
cam_dec_y = 0.25033051261221606
cam_tilt_x = -0.018620153133235038
cam_tilt_y = -0.015047745392046372
d_cam_ff  = -160.40092881515497
ccd_ff_dec_x = -0.0035004033814958393
ccd_ff_dec_y = 0.00017979975563695531
ccd_ff_tilt_x = 0.14602923987539457
ccd_ff_tilt_y = -0.5720516006351103
ccd_ff_tilt_z = 0.1725840799970241
d_ff_ccd  = -4.811260833624553
ccd_dec_x = 0.6206856045176681
ccd_dec_y = 5.155316692343841
ccd_defocus = 0.3163184765950109
ccd_tilt_x = 0.0077226863053349495
ccd_tilt_y = -0.014072408640239497
ccd_tilt_z = 3.142981401307786e-06
p = 1.9614545454545454e-06