slit_dec_x_a = -0.1704010755187174
slit_dec_y_a = -0.1956586180351446
slit_dec_x_b = 0.175
slit_dec_y_b = -1.8344349085139766e-96
slit_defocus = 0.021394903280182776
slit_tilt_x = 1.1140536666085574
slit_tilt_y = -8.538422725124587
slit_tilt_z = -8.991654969970806
d_slit_col = 1594.3099914308757
coll_tilt_x = 0.1132527464828387
coll_tilt_y = -0.028829538794980847
ech_G = 31.61323005199228
ech_blaze = -74.97483044544002
ech_gamma = 1.1389796154847431
echelle_z = 0.07476466441337766
d_col_trf = -1588.0172311176386
trf_mirror_tilt_x = 0.02624404624010235
trf_mirror_tilt_y = 0.16217760256046734
d_col_grm = -0.00483679123438594
grism_dec_x = 236.42336466205913
grism_dec_y = 0.03820532155350225
grm_tilt_x = -0.014047850397457713
grm_tilt_y = 2.305276742236813
grm_G = 222.82400709646714
grm_apex = 17.79100996845522
d_grm_cam  = 21.609820307927187
cam_dec_x = -0.30953845325258206
cam_dec_y = 0.24727474948507944
cam_tilt_x = -0.010992707377997046
cam_tilt_y = 0.003800312825813442
d_cam_ff  = -160.05732499621573
ccd_ff_dec_x = -0.0025944879876486937
ccd_ff_dec_y = 0.05302796055050885
ccd_ff_tilt_x = 0.019558654923081915
ccd_ff_tilt_y = -0.5727992515505157
ccd_ff_tilt_z = 0.18005174109849761
d_ff_ccd  = -4.838999030743294
ccd_dec_x = 0.6214078024541568
ccd_dec_y = 5.157146157858286
ccd_defocus = 0.2807602700243533
ccd_tilt_x = 0.005067123257453382
ccd_tilt_y = -0.01094733795965325
ccd_tilt_z = 5.093398049874153e-06
p = 0.0001