slit_dec_x_a = -0.17046843865741607
slit_dec_y_a = -0.19610298776525295
slit_dec_x_b = 0.175
slit_dec_y_b = -2.0292291491456823e-96
slit_defocus = 0.00556759383029453
slit_tilt_x = 1.1861250941286117
slit_tilt_y = -8.540021945378754
slit_tilt_z = -8.990865701298997
d_slit_col = 1594.294436947816
coll_tilt_x = 0.08872872872740212
coll_tilt_y = -0.031765557911851504
ech_G = 31.610686671314276
ech_blaze = -74.97719043506214
ech_gamma = 1.1405256128290842
echelle_z = 0.0749315867862151
d_col_trf = -1588.0185540533594
trf_mirror_tilt_x = 0.13872051239441652
trf_mirror_tilt_y = 0.07759451295280656
d_col_grm = -0.009524910834794105
grism_dec_x = 236.43429342931117
grism_dec_y = 0.034229713676953995
grm_tilt_x = -0.015798791304361955
grm_tilt_y = 2.304375669650484
grm_G = 222.82520876022832
grm_apex = 17.815111142689386
d_grm_cam  = 21.60848103199702
cam_dec_x = -0.3021299312992258
cam_dec_y = 0.2503913637565873
cam_tilt_x = -0.018179753492906882
cam_tilt_y = -0.015032694999863242
d_cam_ff  = -160.40095694833883
ccd_ff_dec_x = -0.003544526118666739
ccd_ff_dec_y = 0.00015108068261357916
ccd_ff_tilt_x = 0.14597925300108333
ccd_ff_tilt_y = -0.5720523250103348
ccd_ff_tilt_z = 0.17256263688917206
d_ff_ccd  = -4.811227420191338
ccd_dec_x = 0.6206491855588918
ccd_dec_y = 5.155258024214832
ccd_defocus = 0.31631723908054404
ccd_tilt_x = 0.007741719779762247
ccd_tilt_y = -0.014006892357825568
ccd_tilt_z = 3.226051617288202e-06
p = 4.0718181818181825e-06