slit_dec_x_a = -0.1704010755187174
slit_dec_y_a = -0.1956586180351446
slit_dec_x_b = 0.175
slit_dec_y_b = -1.7713460105104305e-96
slit_defocus = 0.02138774150067781
slit_tilt_x = 1.1139713956165942
slit_tilt_y = -8.538438914797814
slit_tilt_z = -8.9916381625353
d_slit_col = 1594.3100156267076
coll_tilt_x = 0.11319980125067698
coll_tilt_y = -0.028918844053607146
ech_G = 31.613228940800973
ech_blaze = -74.97483034159606
ech_gamma = 1.1389766831533372
echelle_z = 0.07477188656980245
d_col_trf = -1588.0172330322866
trf_mirror_tilt_x = 0.02624715879688233
trf_mirror_tilt_y = 0.1622627405405004
d_col_grm = -0.00480225017250331
grism_dec_x = 236.42327985157004
grism_dec_y = 0.038183417808266784
grm_tilt_x = -0.014054115207852998
grm_tilt_y = 2.305271748110315
grm_G = 222.8240075729762
grm_apex = 17.79106291188426
d_grm_cam  = 21.609817208647176
cam_dec_x = -0.3095605834973456
cam_dec_y = 0.24722799931567904
cam_tilt_x = -0.011049127766468362
cam_tilt_y = 0.0037933187563831154
d_cam_ff  = -160.0575524125645
ccd_ff_dec_x = -0.002603952704505213
ccd_ff_dec_y = 0.05305988054452198
ccd_ff_tilt_x = 0.019502774822133775
ccd_ff_tilt_y = -0.5727982224020588
ccd_ff_tilt_z = 0.18005067791291257
d_ff_ccd  = -4.8389592252818945
ccd_dec_x = 0.6214051014021523
ccd_dec_y = 5.157143307354921
ccd_defocus = 0.280793051898518
ccd_tilt_x = 0.005035859366149292
ccd_tilt_y = -0.010978239589942363
ccd_tilt_z = 5.0269388984252406e-06
p = 0.0001