slit_dec_x_a = -0.17046144098572424
slit_dec_y_a = -0.19602099079964247
slit_dec_x_b = 0.175
slit_dec_y_b = -2.1936398193137892e-96
slit_defocus = 0.005527749006392982
slit_tilt_x = 1.1861271523997567
slit_tilt_y = -8.540045859955745
slit_tilt_z = -8.99086568914419
d_slit_col = 1594.2944572678723
coll_tilt_x = 0.08878976471752802
coll_tilt_y = -0.031714348949656024
ech_G = 31.61067556139884
ech_blaze = -74.97703156122752
ech_gamma = 1.1405907041155408
echelle_z = 0.0750473692326616
d_col_trf = -1588.0185598968992
trf_mirror_tilt_x = 0.13872859103228347
trf_mirror_tilt_y = 0.07757557359622196
d_col_grm = -0.009522846233454578
grism_dec_x = 236.4343064821808
grism_dec_y = 0.03422247119563341
grm_tilt_x = -0.01578321853792027
grm_tilt_y = 2.304377234033239
grm_G = 222.8252225388338
grm_apex = 17.81510536043089
d_grm_cam  = 21.608487009214112
cam_dec_x = -0.30209795531391026
cam_dec_y = 0.2503844264873003
cam_tilt_x = -0.018173493410321716
cam_tilt_y = -0.015008188490264524
d_cam_ff  = -160.4009370066808
ccd_ff_dec_x = -0.0035580748092879605
ccd_ff_dec_y = 0.0001377385487944463
ccd_ff_tilt_x = 0.1460067474560957
ccd_ff_tilt_y = -0.5720646386595509
ccd_ff_tilt_z = 0.17255738055279016
d_ff_ccd  = -4.811216677765798
ccd_dec_x = 0.6206384969638759
ccd_dec_y = 5.155271492826061
ccd_defocus = 0.31632384920043527
ccd_tilt_x = 0.007790805513351677
ccd_tilt_y = -0.014006405352940943
ccd_tilt_z = 3.3356330442741226e-06
p = 9.983545454545454e-06