slit_dec_x_a = -0.181778666534
slit_dec_y_a = -0.18243150017
slit_dec_x_b = 0.14512077562974193
slit_dec_y_b = -0.05510809031835813
slit_defocus = -0.013798066498604045
slit_tilt_x = 1.0540856059285346
slit_tilt_y = -8.559997861559035
slit_tilt_z = -9.026815363427904
d_slit_col = 1594.2903074022347
coll_tilt_x = 0.12138739235066588
coll_tilt_y = -0.02650583317048321
ech_G = 31.61455924554972
ech_blaze = -74.9948903584833
ech_gamma = 1.1556454591763996
echelle_z = 0.05700559599567286
d_col_trf = -1588.0163685444736
trf_mirror_tilt_x = 0.007299544306207399
trf_mirror_tilt_y = 0.15544677392520853
d_col_grm = 0.03564342064239371
grism_dec_x = 236.3831885475923
grism_dec_y = 0.009207803589407579
grm_tilt_x = -0.02350776637615499
grm_tilt_y = 2.325792438327609
grm_G = 222.78406594392982
grm_apex = 17.766513632018647
d_grm_cam  = 21.604702706218767
cam_dec_x = -0.2711363407208072
cam_dec_y = 0.29090013632475054
cam_tilt_x = 0.012425293718780341
cam_tilt_y = 0.008866179847377828
d_cam_ff  = -160.0773353587046
ccd_ff_dec_x = -0.02380334193502568
ccd_ff_dec_y = 0.042065917148475365
ccd_ff_tilt_x = 0.03344444108907856
ccd_ff_tilt_y = -0.5909832334487947
ccd_ff_tilt_z = 0.17191917111030297
d_ff_ccd  = -4.816039658725498
ccd_dec_x = 0.5533024748215806
ccd_dec_y = 5.10763428979225
ccd_defocus = 0.2857378135925019
ccd_tilt_x = 0.03260981711820476
ccd_tilt_y = -0.0021769675771132427
ccd_tilt_z = 4.690122020459804e-06
p = 0.0001