slit_dec_x_a = -0.17043779550528648
slit_dec_y_a = -0.19594560551975246
slit_dec_x_b = 0.175
slit_dec_y_b = -2.2187655970813676e-96
slit_defocus = 0.005547308158354672
slit_tilt_x = 1.1861125895524167
slit_tilt_y = -8.53999451826552
slit_tilt_z = -8.990856352240618
d_slit_col = 1594.294455446903
coll_tilt_x = 0.08879199948927577
coll_tilt_y = -0.031728925571023664
ech_G = 31.61067493688804
ech_blaze = -74.97682464412689
ech_gamma = 1.1404997742166156
echelle_z = 0.07486592071498659
d_col_trf = -1588.0185824056814
trf_mirror_tilt_x = 0.1386579233667828
trf_mirror_tilt_y = 0.07758920273084446
d_col_grm = -0.00955716902722592
grism_dec_x = 236.43431030810274
grism_dec_y = 0.03420195741940361
grm_tilt_x = -0.015698687278439996
grm_tilt_y = 2.304373831580005
grm_G = 222.82519256505861
grm_apex = 17.815111576712376
d_grm_cam  = 21.608491349143183
cam_dec_x = -0.3021621601743274
cam_dec_y = 0.25036376613091305
cam_tilt_x = -0.01861343638509626
cam_tilt_y = -0.01505048529700632
d_cam_ff  = -160.40095548812664
ccd_ff_dec_x = -0.0035284870645271617
ccd_ff_dec_y = 0.00017843214910962665
ccd_ff_tilt_x = 0.14602931884794812
ccd_ff_tilt_y = -0.5720780624547606
ccd_ff_tilt_z = 0.17259310162675467
d_ff_ccd  = -4.811247895249483
ccd_dec_x = 0.6206860490308783
ccd_dec_y = 5.155286345040445
ccd_defocus = 0.3163075491573792
ccd_tilt_x = 0.007732073819008561
ccd_tilt_y = -0.014024677103958534
ccd_tilt_z = 3.1525595350490046e-06
p = 6.670416666666667e-06