slit_dec_x_a = -0.181778666534
slit_dec_y_a = -0.18243150017
slit_dec_x_b = 0.14512077562974193
slit_dec_y_b = -0.05510809031835813
slit_defocus = -0.0021986150321444556
slit_tilt_x = 1.134700607301174
slit_tilt_y = -8.56828136206548
slit_tilt_z = -9.003642756384759
d_slit_col = 1594.303939359766
coll_tilt_x = 0.08643185830452715
coll_tilt_y = -0.022050436648980192
ech_G = 31.61089653691968
ech_blaze = -74.9956435464608
ech_gamma = 1.1581428702750107
echelle_z = 0.057357636820616266
d_col_trf = -1588.016327416408
trf_mirror_tilt_x = 0.12253842569321091
trf_mirror_tilt_y = 0.01868071801390267
d_col_grm = 0.015015118611980651
grism_dec_x = 236.39746771528706
grism_dec_y = -0.005033052178074952
grm_tilt_x = -0.024664382932334115
grm_tilt_y = 2.327366816572722
grm_G = 222.78574169646916
grm_apex = 17.809143073025968
d_grm_cam  = 21.604303654400912
cam_dec_x = -0.28362058286711844
cam_dec_y = 0.28971588208336757
cam_tilt_x = 0.00433449365853914
cam_tilt_y = -0.027794518363501285
d_cam_ff  = -160.56963036975426
ccd_ff_dec_x = -0.022805997618179023
ccd_ff_dec_y = -0.04779352066667579
ccd_ff_tilt_x = 0.1650304128508542
ccd_ff_tilt_y = -0.5897126543595763
ccd_ff_tilt_z = 0.1718082946863814
d_ff_ccd  = -4.785376137257327
ccd_dec_x = 0.5520154643366485
ccd_dec_y = 5.10627350989594
ccd_defocus = 0.31579868761889024
ccd_tilt_x = 0.021380904150970215
ccd_tilt_y = -0.004199753461371708
ccd_tilt_z = 3.7035478002557135e-07
p = 6.670416666666667e-06