slit_dec_x_a = -0.1704010755187174
slit_dec_y_a = -0.1956586180351446
slit_dec_x_b = 0.175
slit_dec_y_b = -1.845112270670498e-96
slit_defocus = 0.021402168828708636
slit_tilt_x = 1.1140239398979708
slit_tilt_y = -8.538452914995366
slit_tilt_z = -8.991596717990534
d_slit_col = 1594.3099860954476
coll_tilt_x = 0.11324369967964683
coll_tilt_y = -0.028895578077431972
ech_G = 31.613232478053924
ech_blaze = -74.97483045944418
ech_gamma = 1.1389760014787438
echelle_z = 0.07477041426638513
d_col_trf = -1588.017238344824
trf_mirror_tilt_x = 0.026358717955610615
trf_mirror_tilt_y = 0.16219701457215205
d_col_grm = -0.0048084752182858854
grism_dec_x = 236.42330618044863
grism_dec_y = 0.03815688947695141
grm_tilt_x = -0.014052546654014945
grm_tilt_y = 2.305276251767396
grm_G = 222.8240036125289
grm_apex = 17.79109286740302
d_grm_cam  = 21.609820706251373
cam_dec_x = -0.30956179923845795
cam_dec_y = 0.2472946587121293
cam_tilt_x = -0.011118875276689042
cam_tilt_y = 0.003915118661660046
d_cam_ff  = -160.05740456429143
ccd_ff_dec_x = -0.0026049951760846175
ccd_ff_dec_y = 0.05303929205116214
ccd_ff_tilt_x = 0.019476644054595503
ccd_ff_tilt_y = -0.5728050139363304
ccd_ff_tilt_z = 0.180046219775503
d_ff_ccd  = -4.838969101978009
ccd_dec_x = 0.6214031123376749
ccd_dec_y = 5.157145960449524
ccd_defocus = 0.2807815379725184
ccd_tilt_x = 0.005047245293352787
ccd_tilt_y = -0.010923154149349277
ccd_tilt_z = 4.9629612994455665e-06
p = 0.0001