slit_dec_x_a = -0.181778666534
slit_dec_y_a = -0.18243150017
slit_dec_x_b = 0.14512077562974193
slit_dec_y_b = -0.05510809031835813
slit_defocus = -0.0022081088984962347
slit_tilt_x = 1.1346821031163554
slit_tilt_y = -8.568300893851031
slit_tilt_z = -9.00363039423576
d_slit_col = 1594.3039172593988
coll_tilt_x = 0.08644944456206956
coll_tilt_y = -0.02203873559790256
ech_G = 31.610917400896025
ech_blaze = -74.99573395015122
ech_gamma = 1.1581375199783817
echelle_z = 0.05724181854482774
d_col_trf = -1588.0162384835992
trf_mirror_tilt_x = 0.12250977131353356
trf_mirror_tilt_y = 0.018684215973695725
d_col_grm = 0.014989969356006456
grism_dec_x = 236.39748173422808
grism_dec_y = -0.005044047278220792
grm_tilt_x = -0.024751675173377938
grm_tilt_y = 2.3274058536552586
grm_G = 222.78571507767677
grm_apex = 17.809161242899336
d_grm_cam  = 21.604382255592917
cam_dec_x = -0.28363374669914626
cam_dec_y = 0.2897291882955467
cam_tilt_x = 0.004348125827010418
cam_tilt_y = -0.02779949603006691
d_cam_ff  = -160.56962826081087
ccd_ff_dec_x = -0.022959062760178877
ccd_ff_dec_y = -0.04777833935832461
ccd_ff_tilt_x = 0.16504687205715787
ccd_ff_tilt_y = -0.5895132681881073
ccd_ff_tilt_z = 0.17170151460817995
d_ff_ccd  = -4.785366339697608
ccd_dec_x = 0.5519842786112434
ccd_dec_y = 5.10636439962227
ccd_defocus = 0.3158018651649169
ccd_tilt_x = 0.021398730419404273
ccd_tilt_y = -0.004193160538863144
ccd_tilt_z = 3.5624994214921087e-07
p = 1.623666666666667e-05