slit_dec_x_a = -0.17042848214525344
slit_dec_y_a = -0.19592828393441938
slit_dec_x_b = 0.175
slit_dec_y_b = -1.9216463412660244e-96
slit_defocus = 0.0055687183197022415
slit_tilt_x = 1.1861198228819387
slit_tilt_y = -8.540007267793717
slit_tilt_z = -8.990852574167686
d_slit_col = 1594.2944367758637
coll_tilt_x = 0.08862314136649166
coll_tilt_y = -0.03176923570685167
ech_G = 31.610671333792304
ech_blaze = -74.97704807527258
ech_gamma = 1.1404619512596372
echelle_z = 0.07493943448982064
d_col_trf = -1588.0185663921532
trf_mirror_tilt_x = 0.13868699081100397
trf_mirror_tilt_y = 0.07760284703195812
d_col_grm = -0.009532280098453175
grism_dec_x = 236.43428039693651
grism_dec_y = 0.03423955641105797
grm_tilt_x = -0.01572974679768232
grm_tilt_y = 2.3043652512496657
grm_G = 222.82518415714128
grm_apex = 17.815099036775564
d_grm_cam  = 21.608482566429252
cam_dec_x = -0.30213918684481106
cam_dec_y = 0.25037294743594646
cam_tilt_x = -0.018438180451930814
cam_tilt_y = -0.015014434475173375
d_cam_ff  = -160.40098402633095
ccd_ff_dec_x = -0.003549579764815981
ccd_ff_dec_y = 0.0001482900332135074
ccd_ff_tilt_x = 0.14599857386143344
ccd_ff_tilt_y = -0.5721112592153634
ccd_ff_tilt_z = 0.17257904791615797
d_ff_ccd  = -4.811245996975755
ccd_dec_x = 0.6206690608231246
ccd_dec_y = 5.155291194551703
ccd_defocus = 0.3163089325303854
ccd_tilt_x = 0.00777555828495078
ccd_tilt_y = -0.014025487067107257
ccd_tilt_z = 3.1950311820244184e-06
p = 1.623666666666667e-05