slit_dec_x_a = -0.1704010755187174
slit_dec_y_a = -0.1956586180351446
slit_dec_x_b = 0.175
slit_dec_y_b = -1.8309212215542356e-96
slit_defocus = 0.021348525488590255
slit_tilt_x = 1.1139861547765793
slit_tilt_y = -8.538429561836745
slit_tilt_z = -8.991689109581815
d_slit_col = 1594.3100031012086
coll_tilt_x = 0.11322958668669192
coll_tilt_y = -0.028969672229972813
ech_G = 31.613228446708554
ech_blaze = -74.97483220350671
ech_gamma = 1.1389690547215263
echelle_z = 0.07477136504112322
d_col_trf = -1588.0172341974655
trf_mirror_tilt_x = 0.026305668740997813
trf_mirror_tilt_y = 0.16230332540366485
d_col_grm = -0.00485276062025912
grism_dec_x = 236.4232503289671
grism_dec_y = 0.03818352610129199
grm_tilt_x = -0.01405435497501458
grm_tilt_y = 2.3052864750996904
grm_G = 222.8240023384137
grm_apex = 17.790955088234032
d_grm_cam  = 21.609817516161918
cam_dec_x = -0.3095593222791548
cam_dec_y = 0.2473145890539247
cam_tilt_x = -0.011057624585514797
cam_tilt_y = 0.003741058259123776
d_cam_ff  = -160.05753534296542
ccd_ff_dec_x = -0.002600152599026443
ccd_ff_dec_y = 0.05306159293430978
ccd_ff_tilt_x = 0.01953028997463541
ccd_ff_tilt_y = -0.5728062803035856
ccd_ff_tilt_z = 0.1800557158584873
d_ff_ccd  = -4.83896604953015
ccd_dec_x = 0.6214076977468938
ccd_dec_y = 5.157147040349677
ccd_defocus = 0.2807238923379925
ccd_tilt_x = 0.005051063979653614
ccd_tilt_y = -0.010838112092572273
ccd_tilt_z = 5.0495947103714735e-06
p = 0.0001