slit_dec_x_a = -0.17039832857320678
slit_dec_y_a = -0.19596625431064152
slit_dec_x_b = 0.175
slit_dec_y_b = -1.4725219227009019e-96
slit_defocus = 0.005597829342864119
slit_tilt_x = 1.186140694363158
slit_tilt_y = -8.540043988236945
slit_tilt_z = -8.990846499300007
d_slit_col = 1594.2944820486189
coll_tilt_x = 0.08870043052456635
coll_tilt_y = -0.03189370357158875
ech_G = 31.610656227027366
ech_blaze = -74.97685703458806
ech_gamma = 1.1403509657850175
echelle_z = 0.07471693749410417
d_col_trf = -1588.018546801707
trf_mirror_tilt_x = 0.1386640120068438
trf_mirror_tilt_y = 0.07750983777322197
d_col_grm = -0.00952668322148731
grism_dec_x = 236.4343185267173
grism_dec_y = 0.03416949209905577
grm_tilt_x = -0.01586829070707082
grm_tilt_y = 2.304389639115214
grm_G = 222.825165370442
grm_apex = 17.81511862868199
d_grm_cam  = 21.608480177992405
cam_dec_x = -0.3021194622032751
cam_dec_y = 0.2503135270109691
cam_tilt_x = -0.0184490365572206
cam_tilt_y = -0.015075032762510121
d_cam_ff  = -160.4009703611705
ccd_ff_dec_x = -0.003519024325063426
ccd_ff_dec_y = 0.00024010464378835907
ccd_ff_tilt_x = 0.14605766782953467
ccd_ff_tilt_y = -0.5720738763831836
ccd_ff_tilt_z = 0.17257820479385733
d_ff_ccd  = -4.8112794465311195
ccd_dec_x = 0.6206592566612096
ccd_dec_y = 5.155298767606995
ccd_defocus = 0.3162890679223067
ccd_tilt_x = 0.007715256452905557
ccd_tilt_y = -0.014114277761489555
ccd_tilt_z = 3.098142651767589e-06
p = 1.22525e-05