slit_dec_x_a = -0.17039296643831864
slit_dec_y_a = -0.19584477991646357
slit_dec_x_b = 0.175
slit_dec_y_b = -2.642624513451276e-96
slit_defocus = 0.005528506291263397
slit_tilt_x = 1.1861057639349595
slit_tilt_y = -8.540130858538523
slit_tilt_z = -8.990801836895878
d_slit_col = 1594.2944928347667
coll_tilt_x = 0.0884297705498332
coll_tilt_y = -0.03174188485476895
ech_G = 31.61065200981802
ech_blaze = -74.9771321662271
ech_gamma = 1.140543276796367
echelle_z = 0.07546318438187825
d_col_trf = -1588.0186133743873
trf_mirror_tilt_x = 0.13865432166480285
trf_mirror_tilt_y = 0.077548159543938
d_col_grm = -0.009543398581756828
grism_dec_x = 236.43439591273895
grism_dec_y = 0.03422198799611035
grm_tilt_x = -0.015833372059595705
grm_tilt_y = 2.3043641813248583
grm_G = 222.82519171816162
grm_apex = 17.81510973191383
d_grm_cam  = 21.60851170959015
cam_dec_x = -0.3021302548240307
cam_dec_y = 0.2503316788611773
cam_tilt_x = -0.018309437343559252
cam_tilt_y = -0.015038694470501525
d_cam_ff  = -160.4010107195668
ccd_ff_dec_x = -0.003512680409335673
ccd_ff_dec_y = 0.00015903892844496305
ccd_ff_tilt_x = 0.14601665993947546
ccd_ff_tilt_y = -0.5720644588974692
ccd_ff_tilt_z = 0.17253822846194988
d_ff_ccd  = -4.811209970262802
ccd_dec_x = 0.6206404478098447
ccd_dec_y = 5.155266162915594
ccd_defocus = 0.3163420868770761
ccd_tilt_x = 0.007809129782169315
ccd_tilt_y = -0.01402078757493072
ccd_tilt_z = 3.3699233200710123e-06
p = 6.573545454545455e-06