slit_dec_x_a = -0.181778666534
slit_dec_y_a = -0.18243150017
slit_dec_x_b = 0.14512077562974193
slit_dec_y_b = -0.05510809031835813
slit_defocus = -0.0022486222687636286
slit_tilt_x = 1.1347051587570933
slit_tilt_y = -8.56837028779256
slit_tilt_z = -9.003574020906541
d_slit_col = 1594.3039566417776
coll_tilt_x = 0.08648573596381989
coll_tilt_y = -0.02205655960307227
ech_G = 31.610932341792466
ech_blaze = -74.99582246971062
ech_gamma = 1.1582316159801715
echelle_z = 0.05645210541548392
d_col_trf = -1588.0164503822102
trf_mirror_tilt_x = 0.12244635436042432
trf_mirror_tilt_y = 0.01867414286502164
d_col_grm = 0.014942017914592062
grism_dec_x = 236.39751012820432
grism_dec_y = -0.005078100371400832
grm_tilt_x = -0.024663503804586862
grm_tilt_y = 2.327363799035368
grm_G = 222.7858044486037
grm_apex = 17.809049098994322
d_grm_cam  = 21.60475348955127
cam_dec_x = -0.28363610709706466
cam_dec_y = 0.28976760907353954
cam_tilt_x = 0.004328465946329401
cam_tilt_y = -0.027770673426567923
d_cam_ff  = -160.56957557409365
ccd_ff_dec_x = -0.02260765561921801
ccd_ff_dec_y = -0.04779513313955936
ccd_ff_tilt_x = 0.16502061097560258
ccd_ff_tilt_y = -0.5894971541971945
ccd_ff_tilt_z = 0.17180874161063522
d_ff_ccd  = -4.785424457182254
ccd_dec_x = 0.55198853831316
ccd_dec_y = 5.10630037085936
ccd_defocus = 0.3158847636543601
ccd_tilt_x = 0.02139983160987733
ccd_tilt_y = -0.004195078391903691
ccd_tilt_z = 2.4049707183645407e-07
p = 6.573545454545455e-06