slit_dec_x_a = -0.1704010755187174
slit_dec_y_a = -0.1956586180351446
slit_dec_x_b = 0.175
slit_dec_y_b = -1.8518375659498106e-96
slit_defocus = 0.02133755164866796
slit_tilt_x = 1.1139992468629718
slit_tilt_y = -8.538419209720685
slit_tilt_z = -8.991694212116478
d_slit_col = 1594.3099825329607
coll_tilt_x = 0.11320046104563303
coll_tilt_y = -0.028944093787122562
ech_G = 31.61323007091379
ech_blaze = -74.97482906446547
ech_gamma = 1.1389788922946074
echelle_z = 0.07477616368691621
d_col_trf = -1588.0172275018188
trf_mirror_tilt_x = 0.026274910799913297
trf_mirror_tilt_y = 0.16220954069837784
d_col_grm = -0.004765433316005964
grism_dec_x = 236.42330081108744
grism_dec_y = 0.038166281695719194
grm_tilt_x = -0.014061189513810603
grm_tilt_y = 2.305281833572187
grm_G = 222.82400623425522
grm_apex = 17.791007044815675
d_grm_cam  = 21.609822438301883
cam_dec_x = -0.30953713077983314
cam_dec_y = 0.24719653443881323
cam_tilt_x = -0.011014472597676477
cam_tilt_y = 0.0037036206731110234
d_cam_ff  = -160.05753840699938
ccd_ff_dec_x = -0.002597603292251274
ccd_ff_dec_y = 0.05301963334831533
ccd_ff_tilt_x = 0.01944702398432006
ccd_ff_tilt_y = -0.5728028344570176
ccd_ff_tilt_z = 0.18005136175827594
d_ff_ccd  = -4.838927114070222
ccd_dec_x = 0.6214126123462677
ccd_dec_y = 5.157146470250573
ccd_defocus = 0.28080323459562795
ccd_tilt_x = 0.005023776092391269
ccd_tilt_y = -0.010933657818400808
ccd_tilt_z = 5.071654528653868e-06
p = 0.0001