slit_dec_x_a = -0.17042335651557425
slit_dec_y_a = -0.19601363545664724
slit_dec_x_b = 0.175
slit_dec_y_b = -2.2181648756457584e-96
slit_defocus = 0.0055502062006623646
slit_tilt_x = 1.1861228149180176
slit_tilt_y = -8.540000048268366
slit_tilt_z = -8.990854976584119
d_slit_col = 1594.2944663912558
coll_tilt_x = 0.08881338939448744
coll_tilt_y = -0.03174234584024259
ech_G = 31.610677368363834
ech_blaze = -74.97682722121513
ech_gamma = 1.1405136772575122
echelle_z = 0.07484088775265398
d_col_trf = -1588.0185660281227
trf_mirror_tilt_x = 0.13865595938657144
trf_mirror_tilt_y = 0.07759805910446935
d_col_grm = -0.009545236073497224
grism_dec_x = 236.43432279980365
grism_dec_y = 0.0342073269713297
grm_tilt_x = -0.01569510218987822
grm_tilt_y = 2.3043728122443605
grm_G = 222.82518682923336
grm_apex = 17.815107305731136
d_grm_cam  = 21.608476116647722
cam_dec_x = -0.3021596516775426
cam_dec_y = 0.2503606899650288
cam_tilt_x = -0.018604152834496235
cam_tilt_y = -0.015051538788296927
d_cam_ff  = -160.40095166101227
ccd_ff_dec_x = -0.0035081807060397016
ccd_ff_dec_y = 0.0001767955843319048
ccd_ff_tilt_x = 0.14603859502319777
ccd_ff_tilt_y = -0.5720768929084817
ccd_ff_tilt_z = 0.17260445775108263
d_ff_ccd  = -4.811251704145398
ccd_dec_x = 0.620687720721852
ccd_dec_y = 5.155281889842364
ccd_defocus = 0.3163098182301
ccd_tilt_x = 0.007736487023180342
ccd_tilt_y = -0.014044827994018025
ccd_tilt_z = 3.1596735150476746e-06
p = 6.852333333333333e-06