slit_dec_x_a = -0.17045341162525068
slit_dec_y_a = -0.1960770077466035
slit_dec_x_b = 0.175
slit_dec_y_b = -2.341473520800035e-96
slit_defocus = 0.005502145299237972
slit_tilt_x = 1.1861177806405707
slit_tilt_y = -8.54006579154635
slit_tilt_z = -8.990880648118212
d_slit_col = 1594.2944409107645
coll_tilt_x = 0.08878915219219302
coll_tilt_y = -0.03168703744656719
ech_G = 31.61067516997426
ech_blaze = -74.97700955934914
ech_gamma = 1.1405942887528255
echelle_z = 0.07519902243068821
d_col_trf = -1588.0185507726521
trf_mirror_tilt_x = 0.1387044289833378
trf_mirror_tilt_y = 0.07757427753892637
d_col_grm = -0.009520772794959132
grism_dec_x = 236.4343251672927
grism_dec_y = 0.03424504331630587
grm_tilt_x = -0.015863063160977464
grm_tilt_y = 2.3043908794909385
grm_G = 222.825199227217
grm_apex = 17.815116147000502
d_grm_cam  = 21.608499375389595
cam_dec_x = -0.3021147226392455
cam_dec_y = 0.2503647162140467
cam_tilt_x = -0.01807676710503219
cam_tilt_y = -0.014980341010224503
d_cam_ff  = -160.40094503776913
ccd_ff_dec_x = -0.003558964514084033
ccd_ff_dec_y = 0.00012171807995936065
ccd_ff_tilt_x = 0.1460395127400873
ccd_ff_tilt_y = -0.572033135335105
ccd_ff_tilt_z = 0.17256473909875242
d_ff_ccd  = -4.811233898857876
ccd_dec_x = 0.6206352422421905
ccd_dec_y = 5.155281114854652
ccd_defocus = 0.3163179334074241
ccd_tilt_x = 0.007822344264230383
ccd_tilt_y = -0.014009654531441647
ccd_tilt_z = 3.2406060942000122e-06
p = 1.3394545454545456e-05