slit_dec_x_a = -0.181778666534
slit_dec_y_a = -0.18243150017
slit_dec_x_b = 0.14512077562974193
slit_dec_y_b = -0.05510809031835813
slit_defocus = -0.002201121206331375
slit_tilt_x = 1.1347112962863775
slit_tilt_y = -8.568329025632002
slit_tilt_z = -9.003618715364723
d_slit_col = 1594.3039308297134
coll_tilt_x = 0.08647523667610249
coll_tilt_y = -0.022045107808417258
ech_G = 31.61089268715877
ech_blaze = -74.99556549899587
ech_gamma = 1.1581321966715008
echelle_z = 0.056914335642512436
d_col_trf = -1588.0162749887402
trf_mirror_tilt_x = 0.12251131463533245
trf_mirror_tilt_y = 0.018748940318742194
d_col_grm = 0.014994947052468913
grism_dec_x = 236.39750156668526
grism_dec_y = -0.005062729031160124
grm_tilt_x = -0.02462466740929271
grm_tilt_y = 2.3272961673023
grm_G = 222.78586811809072
grm_apex = 17.809127738358033
d_grm_cam  = 21.604551687184426
cam_dec_x = -0.2836223997683297
cam_dec_y = 0.2897700799121068
cam_tilt_x = 0.004302347081693834
cam_tilt_y = -0.027784101036351573
d_cam_ff  = -160.56960587506532
ccd_ff_dec_x = -0.022878812020325316
ccd_ff_dec_y = -0.04776972918358108
ccd_ff_tilt_x = 0.16502191577668837
ccd_ff_tilt_y = -0.5894854640599559
ccd_ff_tilt_z = 0.1718456798286377
d_ff_ccd  = -4.785360320229265
ccd_dec_x = 0.5518912897150355
ccd_dec_y = 5.106517309612548
ccd_defocus = 0.31582614078860444
ccd_tilt_x = 0.021423952600080374
ccd_tilt_y = -0.004220474919202956
ccd_tilt_z = 2.319502343157482e-07
p = 1.3394545454545456e-05