slit_dec_x_a = -0.1704010755187174
slit_dec_y_a = -0.1956586180351446
slit_dec_x_b = 0.175
slit_dec_y_b = -1.8559162459852175e-96
slit_defocus = 0.02132373941822738
slit_tilt_x = 1.1139802309101068
slit_tilt_y = -8.53848566808184
slit_tilt_z = -8.991684783322684
d_slit_col = 1594.309920960212
coll_tilt_x = 0.11314770188730038
coll_tilt_y = -0.028874791863890747
ech_G = 31.61322848353695
ech_blaze = -74.97482923690907
ech_gamma = 1.1389782363560033
echelle_z = 0.07477649632596033
d_col_trf = -1588.0172291347335
trf_mirror_tilt_x = 0.02633479522130301
trf_mirror_tilt_y = 0.162188223625044
d_col_grm = -0.004762233827848131
grism_dec_x = 236.42327365376508
grism_dec_y = 0.0381815569199177
grm_tilt_x = -0.0140555306311552
grm_tilt_y = 2.305272706825473
grm_G = 222.82400476970872
grm_apex = 17.79104696159644
d_grm_cam  = 21.60981877487372
cam_dec_x = -0.30952381476815727
cam_dec_y = 0.24723207727559818
cam_tilt_x = -0.011042378411299006
cam_tilt_y = 0.003737876281864153
d_cam_ff  = -160.05746042141294
ccd_ff_dec_x = -0.0025980885163386647
ccd_ff_dec_y = 0.0529643408158266
ccd_ff_tilt_x = 0.019536397874606155
ccd_ff_tilt_y = -0.5728011672471773
ccd_ff_tilt_z = 0.18005679378668904
d_ff_ccd  = -4.838911777629477
ccd_dec_x = 0.6214033575357688
ccd_dec_y = 5.157149992425619
ccd_defocus = 0.2807368437004755
ccd_tilt_x = 0.005007471819633857
ccd_tilt_y = -0.010902224864275775
ccd_tilt_z = 5.1195246662410116e-06
p = 0.0001