slit_dec_x_a = -0.181778666534
slit_dec_y_a = -0.18243150017
slit_dec_x_b = 0.14512077562974193
slit_dec_y_b = -0.05510809031835813
slit_defocus = -0.002193124970015663
slit_tilt_x = 1.1346879696351697
slit_tilt_y = -8.56829121426302
slit_tilt_z = -9.003623991884806
d_slit_col = 1594.3039180940139
coll_tilt_x = 0.08642551120841337
coll_tilt_y = -0.022031196497661314
ech_G = 31.610925228466204
ech_blaze = -74.9957913705691
ech_gamma = 1.1581649197283963
echelle_z = 0.057229560973515704
d_col_trf = -1588.0162644923118
trf_mirror_tilt_x = 0.1225187797455616
trf_mirror_tilt_y = 0.01867099417947559
d_col_grm = 0.015005668775469196
grism_dec_x = 236.3974933551495
grism_dec_y = -0.005030503007698406
grm_tilt_x = -0.02472629159178915
grm_tilt_y = 2.327425294983428
grm_G = 222.78575239453085
grm_apex = 17.80914250502817
d_grm_cam  = 21.604461530641295
cam_dec_x = -0.2836224568353249
cam_dec_y = 0.28971512229814544
cam_tilt_x = 0.0043227189692590755
cam_tilt_y = -0.027798524196279942
d_cam_ff  = -160.5697534413918
ccd_ff_dec_x = -0.022817387014558047
ccd_ff_dec_y = -0.0477838198391775
ccd_ff_tilt_x = 0.16505727730329312
ccd_ff_tilt_y = -0.589557429570068
ccd_ff_tilt_z = 0.17179283166954795
d_ff_ccd  = -4.78538444689807
ccd_dec_x = 0.5519062042696191
ccd_dec_y = 5.106373325501253
ccd_defocus = 0.31578400814517693
ccd_tilt_x = 0.021378967617304758
ccd_tilt_y = -0.004199102952946544
ccd_tilt_z = 3.2516554228243665e-07
p = 1.4226666666666665e-05