slit_dec_x_a = -0.17042755428950468
slit_dec_y_a = -0.19592653028229626
slit_dec_x_b = 0.175
slit_dec_y_b = -2.0098582685520933e-96
slit_defocus = 0.005573650859284199
slit_tilt_x = 1.1860963350558202
slit_tilt_y = -8.539988037627408
slit_tilt_z = -8.990833499084337
d_slit_col = 1594.294455788699
coll_tilt_x = 0.08866754714966942
coll_tilt_y = -0.03176389059932722
ech_G = 31.61068562806898
ech_blaze = -74.97699739449422
ech_gamma = 1.1404414056007646
echelle_z = 0.07486136183094158
d_col_trf = -1588.0185752537088
trf_mirror_tilt_x = 0.13868066061915563
trf_mirror_tilt_y = 0.077592039322328
d_col_grm = -0.009551548735276392
grism_dec_x = 236.43431516936536
grism_dec_y = 0.03424594626811805
grm_tilt_x = -0.01571082005301503
grm_tilt_y = 2.304391090905485
grm_G = 222.82517649345994
grm_apex = 17.815117697705496
d_grm_cam  = 21.608476466322557
cam_dec_x = -0.3021549851903572
cam_dec_y = 0.25036372419745706
cam_tilt_x = -0.018638688388443722
cam_tilt_y = -0.015047681590393287
d_cam_ff  = -160.4009814031303
ccd_ff_dec_x = -0.003556247393579697
ccd_ff_dec_y = 0.00017052543771227597
ccd_ff_tilt_x = 0.14600726824423949
ccd_ff_tilt_y = -0.5720956261943444
ccd_ff_tilt_z = 0.17261032028455803
d_ff_ccd  = -4.811217488543793
ccd_dec_x = 0.6207125056895108
ccd_dec_y = 5.155298441072131
ccd_defocus = 0.31629617415164674
ccd_tilt_x = 0.007734599313468451
ccd_tilt_y = -0.01400857478340732
ccd_tilt_z = 3.105964578907231e-06
p = 1.4226666666666665e-05