slit_dec_x_a = -0.181778666534
slit_dec_y_a = -0.18243150017
slit_dec_x_b = 0.14512077562974193
slit_dec_y_b = -0.05510809031835813
slit_defocus = -0.013804251216054456
slit_tilt_x = 1.0541732520352882
slit_tilt_y = -8.559948155939638
slit_tilt_z = -9.026903269279357
d_slit_col = 1594.2903171914563
coll_tilt_x = 0.12145328698242802
coll_tilt_y = -0.026485298201829963
ech_G = 31.614572065561227
ech_blaze = -74.99489304321654
ech_gamma = 1.1556375185427044
echelle_z = 0.05700670141087482
d_col_trf = -1588.0163690619274
trf_mirror_tilt_x = 0.0072782362340238025
trf_mirror_tilt_y = 0.1554620735975561
d_col_grm = 0.03566683521681162
grism_dec_x = 236.38318368578464
grism_dec_y = 0.009236382901699241
grm_tilt_x = -0.023505444948447807
grm_tilt_y = 2.325783695554529
grm_G = 222.78407693207615
grm_apex = 17.76646797186123
d_grm_cam  = 21.60469517029214
cam_dec_x = -0.2710732159886391
cam_dec_y = 0.29084307445742824
cam_tilt_x = 0.01243657100341173
cam_tilt_y = 0.008852326650634445
d_cam_ff  = -160.07693126453012
ccd_ff_dec_x = -0.023802631529443792
ccd_ff_dec_y = 0.04204919630884837
ccd_ff_tilt_x = 0.03351150387336759
ccd_ff_tilt_y = -0.5909794959980341
ccd_ff_tilt_z = 0.17192208056872899
d_ff_ccd  = -4.815986409254309
ccd_dec_x = 0.553296591823288
ccd_dec_y = 5.107627881924905
ccd_defocus = 0.28583604269946344
ccd_tilt_x = 0.032557250506269335
ccd_tilt_y = -0.0022022580595786384
ccd_tilt_z = 4.721913582196563e-06
p = 0.0001