slit_dec_x_a = -0.1704010755187174
slit_dec_y_a = -0.1956586180351446
slit_dec_x_b = 0.175
slit_dec_y_b = -1.834984925009357e-96
slit_defocus = 0.021414234176495198
slit_tilt_x = 1.1140009066961467
slit_tilt_y = -8.538456684641377
slit_tilt_z = -8.991597187717339
d_slit_col = 1594.3099662532766
coll_tilt_x = 0.11314070034405639
coll_tilt_y = -0.028903148942529294
ech_G = 31.613225040256715
ech_blaze = -74.97483060740923
ech_gamma = 1.138973381545404
echelle_z = 0.07476830289345503
d_col_trf = -1588.0172254841266
trf_mirror_tilt_x = 0.026355545161661647
trf_mirror_tilt_y = 0.16222225937354787
d_col_grm = -0.004827027528088263
grism_dec_x = 236.42332486848724
grism_dec_y = 0.03823157528681692
grm_tilt_x = -0.014056519870053675
grm_tilt_y = 2.3052775305192643
grm_G = 222.82400202026346
grm_apex = 17.791017441645156
d_grm_cam  = 21.609818937962814
cam_dec_x = -0.3095237661255085
cam_dec_y = 0.24720975311309445
cam_tilt_x = -0.010997849271611205
cam_tilt_y = 0.0037601352497142367
d_cam_ff  = -160.05790746501197
ccd_ff_dec_x = -0.0026061698874930692
ccd_ff_dec_y = 0.05297703086776033
ccd_ff_tilt_x = 0.01950350623616272
ccd_ff_tilt_y = -0.5728075543556611
ccd_ff_tilt_z = 0.1800518157305986
d_ff_ccd  = -4.838905172764801
ccd_dec_x = 0.6214066728624026
ccd_dec_y = 5.157149736521826
ccd_defocus = 0.2807242118041486
ccd_tilt_x = 0.00503969022557142
ccd_tilt_y = -0.01087225287263106
ccd_tilt_z = 5.096816781687662e-06
p = 0.0001