slit_dec_x_a = -0.181778666534
slit_dec_y_a = -0.18243150017
slit_dec_x_b = 0.14512077562974193
slit_dec_y_b = -0.05510809031835813
slit_defocus = -0.0021992044967026883
slit_tilt_x = 1.1346786248704672
slit_tilt_y = -8.568355358037337
slit_tilt_z = -9.003623079977517
d_slit_col = 1594.3039572259815
coll_tilt_x = 0.0864444553670955
coll_tilt_y = -0.02205805358579777
ech_G = 31.6108798709575
ech_blaze = -74.99548344370508
ech_gamma = 1.1581447004785468
echelle_z = 0.056787337435566354
d_col_trf = -1588.016413115991
trf_mirror_tilt_x = 0.12253070557744968
trf_mirror_tilt_y = 0.01870400315732545
d_col_grm = 0.015005340737136458
grism_dec_x = 236.39747397416517
grism_dec_y = -0.005062844227104601
grm_tilt_x = -0.02462671302075524
grm_tilt_y = 2.3273059591121394
grm_G = 222.78574751985585
grm_apex = 17.809104639615615
d_grm_cam  = 21.604746318011227
cam_dec_x = -0.28364342933646064
cam_dec_y = 0.289773675982567
cam_tilt_x = 0.0043221267826920986
cam_tilt_y = -0.02778387447454469
d_cam_ff  = -160.56965625126338
ccd_ff_dec_x = -0.022898031784180938
ccd_ff_dec_y = -0.04776824395399769
ccd_ff_tilt_x = 0.1650394105399247
ccd_ff_tilt_y = -0.5893795743801193
ccd_ff_tilt_z = 0.17187271508426885
d_ff_ccd  = -4.785371068493204
ccd_dec_x = 0.5518506713589177
ccd_dec_y = 5.106472398588974
ccd_defocus = 0.315818560912783
ccd_tilt_x = 0.021393355559659554
ccd_tilt_y = -0.004209436520884194
ccd_tilt_z = 2.4531492471519675e-07
p = 1.191909090909091e-05