slit_dec_x_a = -0.17041708060590866
slit_dec_y_a = -0.1958976777293393
slit_dec_x_b = 0.175
slit_dec_y_b = -2.2930774839602353e-96
slit_defocus = 0.005511585988099895
slit_tilt_x = 1.1861243292095631
slit_tilt_y = -8.540104121087737
slit_tilt_z = -8.990847653910249
d_slit_col = 1594.2944440587698
coll_tilt_x = 0.0885469630969721
coll_tilt_y = -0.031727711657780856
ech_G = 31.61066364264709
ech_blaze = -74.97709647369487
ech_gamma = 1.1405163839621486
echelle_z = 0.07537217197924924
d_col_trf = -1588.0185572429696
trf_mirror_tilt_x = 0.1386897876883628
trf_mirror_tilt_y = 0.07753921327895999
d_col_grm = -0.009535515459841905
grism_dec_x = 236.4343294727986
grism_dec_y = 0.034246628338866464
grm_tilt_x = -0.015874805611134284
grm_tilt_y = 2.3043470001182116
grm_G = 222.8252098436078
grm_apex = 17.815145403395974
d_grm_cam  = 21.60848405256512
cam_dec_x = -0.30211155711198845
cam_dec_y = 0.2503555109357086
cam_tilt_x = -0.018205432380038446
cam_tilt_y = -0.015015545024345935
d_cam_ff  = -160.4009571336835
ccd_ff_dec_x = -0.003553635189772263
ccd_ff_dec_y = 0.00015031987754294344
ccd_ff_tilt_x = 0.14603616828254803
ccd_ff_tilt_y = -0.5720266668358942
ccd_ff_tilt_z = 0.1725432507408702
d_ff_ccd  = -4.811241008981414
ccd_dec_x = 0.6206751763864226
ccd_dec_y = 5.1552909997633565
ccd_defocus = 0.31632418683116303
ccd_tilt_x = 0.007808537515094579
ccd_tilt_y = -0.013997621205175559
ccd_tilt_z = 3.2979652564256287e-06
p = 1.191909090909091e-05