slit_dec_x_a = -0.1704010755187174
slit_dec_y_a = -0.1956586180351446
slit_dec_x_b = 0.175
slit_dec_y_b = -1.7927012474670855e-96
slit_defocus = 0.02136123668365032
slit_tilt_x = 1.114004851068451
slit_tilt_y = -8.538529914886702
slit_tilt_z = -8.991579479555908
d_slit_col = 1594.3100040738154
coll_tilt_x = 0.11314211886526675
coll_tilt_y = -0.028883409042897885
ech_G = 31.613231347129897
ech_blaze = -74.97483288466759
ech_gamma = 1.1389814965662235
echelle_z = 0.07477806277643773
d_col_trf = -1588.0172321283521
trf_mirror_tilt_x = 0.026320314968821503
trf_mirror_tilt_y = 0.16220116970052306
d_col_grm = -0.00485770978355482
grism_dec_x = 236.4233711255833
grism_dec_y = 0.03821195507770348
grm_tilt_x = -0.014057829450085444
grm_tilt_y = 2.305277741858724
grm_G = 222.8240016792433
grm_apex = 17.791031417851254
d_grm_cam  = 21.609823913024794
cam_dec_x = -0.30957048730014336
cam_dec_y = 0.24732651177534434
cam_tilt_x = -0.011062451445502516
cam_tilt_y = 0.0037800214840931017
d_cam_ff  = -160.05723464635878
ccd_ff_dec_x = -0.002596024817531384
ccd_ff_dec_y = 0.05301625315978688
ccd_ff_tilt_x = 0.019544949788375093
ccd_ff_tilt_y = -0.5728054692188569
ccd_ff_tilt_z = 0.18005103203160377
d_ff_ccd  = -4.838961645582179
ccd_dec_x = 0.6213985109753453
ccd_dec_y = 5.157143630931308
ccd_defocus = 0.2807400181210504
ccd_tilt_x = 0.005103979499368818
ccd_tilt_y = -0.010890932140264218
ccd_tilt_z = 5.075759937652022e-06
p = 0.0001