slit_dec_x_a = -0.17041992260032154
slit_dec_y_a = -0.19585464731334357
slit_dec_x_b = 0.175
slit_dec_y_b = -2.311480910379398e-96
slit_defocus = 0.005514479372324533
slit_tilt_x = 1.1861312431005444
slit_tilt_y = -8.540105049548936
slit_tilt_z = -8.990832416416598
d_slit_col = 1594.294441205956
coll_tilt_x = 0.08852023786744197
coll_tilt_y = -0.03179332725103812
ech_G = 31.610656900935588
ech_blaze = -74.9770567728421
ech_gamma = 1.1404569064429886
echelle_z = 0.07533412602008085
d_col_trf = -1588.0185826027239
trf_mirror_tilt_x = 0.13868002522837788
trf_mirror_tilt_y = 0.07753432451477543
d_col_grm = -0.009519957478554608
grism_dec_x = 236.43433042149596
grism_dec_y = 0.034243159809226965
grm_tilt_x = -0.015853111737604873
grm_tilt_y = 2.3043521650183694
grm_G = 222.82520389004665
grm_apex = 17.815131896132062
d_grm_cam  = 21.608490880315603
cam_dec_x = -0.30211833286169243
cam_dec_y = 0.25036203634161486
cam_tilt_x = -0.018269639457477622
cam_tilt_y = -0.015016099636760835
d_cam_ff  = -160.40096863270338
ccd_ff_dec_x = -0.003552231507284324
ccd_ff_dec_y = 0.00016759090509536903
ccd_ff_tilt_x = 0.1460244936427467
ccd_ff_tilt_y = -0.5720186563784452
ccd_ff_tilt_z = 0.1725398391283734
d_ff_ccd  = -4.811241120788843
ccd_dec_x = 0.6206704359034
ccd_dec_y = 5.155279230977341
ccd_defocus = 0.31632566822739616
ccd_tilt_x = 0.007793674208166945
ccd_tilt_y = -0.01398834366885419
ccd_tilt_z = 3.3119552654866616e-06
p = 1.2758181818181818e-05