slit_dec_x_a = -0.1704010755187174
slit_dec_y_a = -0.1956586180351446
slit_dec_x_b = 0.175
slit_dec_y_b = -1.8669485255720118e-96
slit_defocus = 0.021397122861003
slit_tilt_x = 1.1139198810103472
slit_tilt_y = -8.538380362054248
slit_tilt_z = -8.99157784517324
d_slit_col = 1594.3099496887135
coll_tilt_x = 0.11317061155149387
coll_tilt_y = -0.028893042484656874
ech_G = 31.61322944875732
ech_blaze = -74.97482906401402
ech_gamma = 1.1389762121588638
echelle_z = 0.07476949418606348
d_col_trf = -1588.0172275203656
trf_mirror_tilt_x = 0.02628489418826121
trf_mirror_tilt_y = 0.1622593778185433
d_col_grm = -0.004803972896069221
grism_dec_x = 236.4231853028679
grism_dec_y = 0.03821139917419918
grm_tilt_x = -0.014057490682217207
grm_tilt_y = 2.305278263612775
grm_G = 222.82399487832976
grm_apex = 17.79106305431697
d_grm_cam  = 21.60981697728068
cam_dec_x = -0.309539008049987
cam_dec_y = 0.24726386553564278
cam_tilt_x = -0.01101860224746263
cam_tilt_y = 0.0037149135864663597
d_cam_ff  = -160.05752958445797
ccd_ff_dec_x = -0.0026011876886932435
ccd_ff_dec_y = 0.05303750074799661
ccd_ff_tilt_x = 0.019528503339681143
ccd_ff_tilt_y = -0.5728080223927948
ccd_ff_tilt_z = 0.18004548691102462
d_ff_ccd  = -4.838946983512094
ccd_dec_x = 0.621407451780937
ccd_dec_y = 5.157143038888131
ccd_defocus = 0.2807685723070521
ccd_tilt_x = 0.005065538114073278
ccd_tilt_y = -0.010896934873959955
ccd_tilt_z = 5.116326989945257e-06
p = 0.0001