slit_dec_x_a = -0.17040945242622327
slit_dec_y_a = -0.19591309666946222
slit_dec_x_b = 0.175
slit_dec_y_b = -2.471579102842352e-96
slit_defocus = 0.005516768287268904
slit_tilt_x = 1.1861084743389005
slit_tilt_y = -8.54008994745077
slit_tilt_z = -8.990860466984644
d_slit_col = 1594.294451120771
coll_tilt_x = 0.08862169218708814
coll_tilt_y = -0.03178034458538767
ech_G = 31.610653514843307
ech_blaze = -74.97698601283328
ech_gamma = 1.1404742508157892
echelle_z = 0.07538290548793665
d_col_trf = -1588.0185559588904
trf_mirror_tilt_x = 0.13869885143913924
trf_mirror_tilt_y = 0.07752050242767532
d_col_grm = -0.009520305133862981
grism_dec_x = 236.43431810330054
grism_dec_y = 0.03424424515735286
grm_tilt_x = -0.01586977542795632
grm_tilt_y = 2.304375978651934
grm_G = 222.82520522191854
grm_apex = 17.815143519647037
d_grm_cam  = 21.608496006222335
cam_dec_x = -0.3021210882014532
cam_dec_y = 0.2503462235910409
cam_tilt_x = -0.018146769375519532
cam_tilt_y = -0.015010951147196635
d_cam_ff  = -160.40095733864374
ccd_ff_dec_x = -0.0035601717765567126
ccd_ff_dec_y = 0.00013389558268438043
ccd_ff_tilt_x = 0.14604397914623848
ccd_ff_tilt_y = -0.5720356644646372
ccd_ff_tilt_z = 0.17254586095663102
d_ff_ccd  = -4.811227296215513
ccd_dec_x = 0.620659477246068
ccd_dec_y = 5.155294692693182
ccd_defocus = 0.31631180668094055
ccd_tilt_x = 0.007804805274639595
ccd_tilt_y = -0.014003944405725386
ccd_tilt_z = 3.332362213317705e-06
p = 6.348916666666667e-06