slit_dec_x_a = -0.181778666534
slit_dec_y_a = -0.18243150017
slit_dec_x_b = 0.14512077562974193
slit_dec_y_b = -0.05510809031835813
slit_defocus = -0.0021990526538161396
slit_tilt_x = 1.1346804123665024
slit_tilt_y = -8.56833767131071
slit_tilt_z = -9.003622734283486
d_slit_col = 1594.303963184236
coll_tilt_x = 0.08644451063355033
coll_tilt_y = -0.022039896390416543
ech_G = 31.610893916055964
ech_blaze = -74.99557193896493
ech_gamma = 1.158089086049845
echelle_z = 0.056816441977618745
d_col_trf = -1588.016325039021
trf_mirror_tilt_x = 0.12251619566334723
trf_mirror_tilt_y = 0.018707436665042286
d_col_grm = 0.014982575992278884
grism_dec_x = 236.3974665500185
grism_dec_y = -0.005053291998175672
grm_tilt_x = -0.024668921713134416
grm_tilt_y = 2.327188876566435
grm_G = 222.78578905954203
grm_apex = 17.809112275080203
d_grm_cam  = 21.60461301286294
cam_dec_x = -0.2836435476093803
cam_dec_y = 0.28975877532300515
cam_tilt_x = 0.004311678602339833
cam_tilt_y = -0.02779650283005694
d_cam_ff  = -160.56962231924726
ccd_ff_dec_x = -0.022854223480299328
ccd_ff_dec_y = -0.04777155360763662
ccd_ff_tilt_x = 0.16504543706207675
ccd_ff_tilt_y = -0.5894321697264915
ccd_ff_tilt_z = 0.17195622767303348
d_ff_ccd  = -4.785380261601413
ccd_dec_x = 0.551902664768263
ccd_dec_y = 5.106492911650091
ccd_defocus = 0.315813792398522
ccd_tilt_x = 0.021417721789830316
ccd_tilt_y = -0.004207628261024802
ccd_tilt_z = 2.124818608104424e-07
p = 6.348916666666667e-06