slit_dec_x_a = -0.181778666534
slit_dec_y_a = -0.18243150017
slit_dec_x_b = 0.14512077562974193
slit_dec_y_b = -0.05510809031835813
slit_defocus = -0.01381552796844748
slit_tilt_x = 1.0541142466984461
slit_tilt_y = -8.559927263825497
slit_tilt_z = -9.02687121457914
d_slit_col = 1594.2902690559383
coll_tilt_x = 0.1214575533247198
coll_tilt_y = -0.026455650720622524
ech_G = 31.61456310185835
ech_blaze = -74.99488461121193
ech_gamma = 1.1556428719141252
echelle_z = 0.05699904115322293
d_col_trf = -1588.0163665156215
trf_mirror_tilt_x = 0.007301087581747094
trf_mirror_tilt_y = 0.15543867058825434
d_col_grm = 0.03566053216566673
grism_dec_x = 236.3831631093006
grism_dec_y = 0.009201320838667142
grm_tilt_x = -0.02350416352561106
grm_tilt_y = 2.325783740867127
grm_G = 222.78406696619132
grm_apex = 17.76656595833934
d_grm_cam  = 21.604697992404642
cam_dec_x = -0.27111890667392113
cam_dec_y = 0.29089051319876946
cam_tilt_x = 0.012452290634639014
cam_tilt_y = 0.008811170951880573
d_cam_ff  = -160.07682780075956
ccd_ff_dec_x = -0.023809841108047524
ccd_ff_dec_y = 0.04202990308436025
ccd_ff_tilt_x = 0.03349527791601058
ccd_ff_tilt_y = -0.590973069547296
ccd_ff_tilt_z = 0.1719175954109309
d_ff_ccd  = -4.81593876572032
ccd_dec_x = 0.5533022320155561
ccd_dec_y = 5.107629615266331
ccd_defocus = 0.2857448144890896
ccd_tilt_x = 0.03256363812502742
ccd_tilt_y = -0.0021659571358412237
ccd_tilt_z = 4.71045728341888e-06
p = 0.0001