slit_dec_x_a = -0.1704010755187174
slit_dec_y_a = -0.1956586180351446
slit_dec_x_b = 0.175
slit_dec_y_b = -1.833743136233681e-96
slit_defocus = 0.02142566649198225
slit_tilt_x = 1.113883126399852
slit_tilt_y = -8.538422202494141
slit_tilt_z = -8.991587102217418
d_slit_col = 1594.3099666216006
coll_tilt_x = 0.11323479356941298
coll_tilt_y = -0.028936121856649392
ech_G = 31.613233902393148
ech_blaze = -74.97482907191072
ech_gamma = 1.1389683288141905
echelle_z = 0.0747711092147098
d_col_trf = -1588.0172320214251
trf_mirror_tilt_x = 0.02641523884428243
trf_mirror_tilt_y = 0.1621869176361049
d_col_grm = -0.0048430319867586
grism_dec_x = 236.4233019105963
grism_dec_y = 0.03820395461797911
grm_tilt_x = -0.014054622588254776
grm_tilt_y = 2.305273340074748
grm_G = 222.8239990047404
grm_apex = 17.790992639897542
d_grm_cam  = 21.60982254827514
cam_dec_x = -0.3095335770627727
cam_dec_y = 0.24727250398571
cam_tilt_x = -0.011070268959639864
cam_tilt_y = 0.0038051841678236023
d_cam_ff  = -160.0574244860205
ccd_ff_dec_x = -0.0025987959975134365
ccd_ff_dec_y = 0.05302983234371063
ccd_ff_tilt_x = 0.01951691307376169
ccd_ff_tilt_y = -0.5728007012269509
ccd_ff_tilt_z = 0.18005586817190902
d_ff_ccd  = -4.838904929962377
ccd_dec_x = 0.6214099091106389
ccd_dec_y = 5.157143984546788
ccd_defocus = 0.28073740674524045
ccd_tilt_x = 0.004961932832906337
ccd_tilt_y = -0.01089989406589756
ccd_tilt_z = 5.0434149479514255e-06
p = 0.0001