slit_dec_x_a = -0.181778666534
slit_dec_y_a = -0.18243150017
slit_dec_x_b = 0.14512077562974193
slit_dec_y_b = -0.05510809031835813
slit_defocus = -0.0022077514789538297
slit_tilt_x = 1.1346922950314218
slit_tilt_y = -8.568226513185577
slit_tilt_z = -9.00366328042918
d_slit_col = 1594.3039125355906
coll_tilt_x = 0.08643353061822437
coll_tilt_y = -0.022073181451035123
ech_G = 31.610873864449665
ech_blaze = -74.99547906648688
ech_gamma = 1.1581063743760314
echelle_z = 0.05739272662619263
d_col_trf = -1588.0163964864537
trf_mirror_tilt_x = 0.12253447093259243
trf_mirror_tilt_y = 0.018675633547508477
d_col_grm = 0.015046830248682728
grism_dec_x = 236.39746882767477
grism_dec_y = -0.005007374829560068
grm_tilt_x = -0.02477479668372832
grm_tilt_y = 2.327266305465912
grm_G = 222.78576541998473
grm_apex = 17.809161840454315
d_grm_cam  = 21.604349240457008
cam_dec_x = -0.283614805302075
cam_dec_y = 0.28971576018875245
cam_tilt_x = 0.004354937727664491
cam_tilt_y = -0.02779909143604033
d_cam_ff  = -160.5696704762595
ccd_ff_dec_x = -0.022741023229800112
ccd_ff_dec_y = -0.04780120992633289
ccd_ff_tilt_x = 0.16503199386089867
ccd_ff_tilt_y = -0.5897395042496724
ccd_ff_tilt_z = 0.1717390201392263
d_ff_ccd  = -4.78536889265339
ccd_dec_x = 0.551973141940947
ccd_dec_y = 5.1061670672216035
ccd_defocus = 0.3157544106018799
ccd_tilt_x = 0.021392604274786946
ccd_tilt_y = -0.004212422404802623
ccd_tilt_z = 3.858108533044517e-07
p = 2.1702727272727277e-06