slit_dec_x_a = -0.1704010755187174
slit_dec_y_a = -0.1956586180351446
slit_dec_x_b = 0.175
slit_dec_y_b = -1.854308450370014e-96
slit_defocus = 0.02141562137290815
slit_tilt_x = 1.1140305652746405
slit_tilt_y = -8.538464333516037
slit_tilt_z = -8.991650831218154
d_slit_col = 1594.3099252352276
coll_tilt_x = 0.11317652162218543
coll_tilt_y = -0.02886389571392386
ech_G = 31.613233322982122
ech_blaze = -74.97483599070586
ech_gamma = 1.1389702252486598
echelle_z = 0.0747695802784034
d_col_trf = -1588.0172298023854
trf_mirror_tilt_x = 0.026306513198125225
trf_mirror_tilt_y = 0.16217941764358082
d_col_grm = -0.004910275807172988
grism_dec_x = 236.42337126896788
grism_dec_y = 0.038114869916806814
grm_tilt_x = -0.014059833556663874
grm_tilt_y = 2.3052712848380614
grm_G = 222.82400156323212
grm_apex = 17.791011969962113
d_grm_cam  = 21.60981207611352
cam_dec_x = -0.30951820093710736
cam_dec_y = 0.2472483917960908
cam_tilt_x = -0.011016962215385603
cam_tilt_y = 0.0038771493402082456
d_cam_ff  = -160.05712468063442
ccd_ff_dec_x = -0.0025975367219157196
ccd_ff_dec_y = 0.053024331682068965
ccd_ff_tilt_x = 0.01949967273596082
ccd_ff_tilt_y = -0.5728052244200689
ccd_ff_tilt_z = 0.1800502742778486
d_ff_ccd  = -4.839025085858999
ccd_dec_x = 0.6214052851925316
ccd_dec_y = 5.157148765567275
ccd_defocus = 0.2807331937522685
ccd_tilt_x = 0.0049749663670087185
ccd_tilt_y = -0.010942122795373885
ccd_tilt_z = 5.118368560104011e-06
p = 0.0001