slit_dec_x_a = -0.181778666534
slit_dec_y_a = -0.18243150017
slit_dec_x_b = 0.14512077562974193
slit_dec_y_b = -0.05510809031835813
slit_defocus = -0.002201875207947957
slit_tilt_x = 1.134668997766818
slit_tilt_y = -8.56837674843549
slit_tilt_z = -9.003578574500997
d_slit_col = 1594.3039927899667
coll_tilt_x = 0.08647889367772527
coll_tilt_y = -0.02206743047252098
ech_G = 31.61091412701855
ech_blaze = -74.9956837920843
ech_gamma = 1.1581179476174086
echelle_z = 0.05675204460609911
d_col_trf = -1588.016332518593
trf_mirror_tilt_x = 0.12249582465408299
trf_mirror_tilt_y = 0.018700807241776484
d_col_grm = 0.014962784312580985
grism_dec_x = 236.39746895317245
grism_dec_y = -0.005071049716640254
grm_tilt_x = -0.024652590250423472
grm_tilt_y = 2.32731930212612
grm_G = 222.78574487081713
grm_apex = 17.809079049844676
d_grm_cam  = 21.60479964153637
cam_dec_x = -0.28363027461241047
cam_dec_y = 0.289765827290757
cam_tilt_x = 0.0043318718959957404
cam_tilt_y = -0.027781777815983164
d_cam_ff  = -160.56946914247084
ccd_ff_dec_x = -0.022855699090009774
ccd_ff_dec_y = -0.04776606719892286
ccd_ff_tilt_x = 0.16503312747211216
ccd_ff_tilt_y = -0.5894139698185573
ccd_ff_tilt_z = 0.1718452589382186
d_ff_ccd  = -4.785374300789619
ccd_dec_x = 0.5518004620186249
ccd_dec_y = 5.10643587541521
ccd_defocus = 0.3158432015386469
ccd_tilt_x = 0.02138691888337826
ccd_tilt_y = -0.00421993184914557
ccd_tilt_z = 1.9161915493660816e-07
p = 9.671333333333332e-06