slit_dec_x_a = -0.17040540199930004
slit_dec_y_a = -0.19578961614167478
slit_dec_x_b = 0.175
slit_dec_y_b = -2.4879297714705243e-96
slit_defocus = 0.005512184018878125
slit_tilt_x = 1.1861227538455292
slit_tilt_y = -8.54010897850945
slit_tilt_z = -8.9908249020989
d_slit_col = 1594.2944462467224
coll_tilt_x = 0.08856510074431236
coll_tilt_y = -0.03179997079603961
ech_G = 31.610665239174455
ech_blaze = -74.97711150866178
ech_gamma = 1.1404117150379878
echelle_z = 0.07540340101351703
d_col_trf = -1588.0186035183908
trf_mirror_tilt_x = 0.13865458557489374
trf_mirror_tilt_y = 0.07752996385598106
d_col_grm = -0.009539758942192278
grism_dec_x = 236.43432344816816
grism_dec_y = 0.03423235192006062
grm_tilt_x = -0.015848411992594562
grm_tilt_y = 2.3043512035113305
grm_G = 222.8251840081065
grm_apex = 17.815130816262958
d_grm_cam  = 21.608490474509498
cam_dec_x = -0.30209786554440154
cam_dec_y = 0.2503409004174726
cam_tilt_x = -0.018210560181698577
cam_tilt_y = -0.01502238970840861
d_cam_ff  = -160.4009556399672
ccd_ff_dec_x = -0.003537833151058251
ccd_ff_dec_y = 0.0001886088085912994
ccd_ff_tilt_x = 0.14601685791064262
ccd_ff_tilt_y = -0.5720151591162967
ccd_ff_tilt_z = 0.17257224720411996
d_ff_ccd  = -4.811215006474344
ccd_dec_x = 0.6206335215251266
ccd_dec_y = 5.155283872270279
ccd_defocus = 0.31631105460145986
ccd_tilt_x = 0.0077887002964191
ccd_tilt_y = -0.01401922100921208
ccd_tilt_z = 3.2800677142189505e-06
p = 9.671333333333332e-06