slit_dec_x_a = -0.1704010755187174
slit_dec_y_a = -0.1956586180351446
slit_dec_x_b = 0.175
slit_dec_y_b = -1.8298838838141739e-96
slit_defocus = 0.021367425051930185
slit_tilt_x = 1.114002318774851
slit_tilt_y = -8.538449931856285
slit_tilt_z = -8.991673068205746
d_slit_col = 1594.3099108967413
coll_tilt_x = 0.11317018945450559
coll_tilt_y = -0.028876498665937816
ech_G = 31.613235216022833
ech_blaze = -74.97483366870377
ech_gamma = 1.1389753906715272
echelle_z = 0.07477049737879203
d_col_trf = -1588.0172289512286
trf_mirror_tilt_x = 0.026284129427033776
trf_mirror_tilt_y = 0.16216596985990722
d_col_grm = -0.004842207712598287
grism_dec_x = 236.42333742339005
grism_dec_y = 0.03817280442007972
grm_tilt_x = -0.014048377666733817
grm_tilt_y = 2.3052775549607207
grm_G = 222.82400649168974
grm_apex = 17.791008401740875
d_grm_cam  = 21.609820784090793
cam_dec_x = -0.3095510117730961
cam_dec_y = 0.2472803826480357
cam_tilt_x = -0.011065442605594443
cam_tilt_y = 0.0037911935414527177
d_cam_ff  = -160.05731626265444
ccd_ff_dec_x = -0.0025997388126210797
ccd_ff_dec_y = 0.05303455298569923
ccd_ff_tilt_x = 0.019541109338852048
ccd_ff_tilt_y = -0.5728075021102548
ccd_ff_tilt_z = 0.1800546650153699
d_ff_ccd  = -4.838943845616834
ccd_dec_x = 0.6213979632921811
ccd_dec_y = 5.157148726257669
ccd_defocus = 0.2807858911106509
ccd_tilt_x = 0.005032349052788325
ccd_tilt_y = -0.010878030038508783
ccd_tilt_z = 5.053894885436489e-06
p = 0.0001