slit_dec_x_a = -0.17041094425166717
slit_dec_y_a = -0.1958244103683937
slit_dec_x_b = 0.175
slit_dec_y_b = -2.2798041931079623e-96
slit_defocus = 0.005512316128095374
slit_tilt_x = 1.1861215567417807
slit_tilt_y = -8.54010318185688
slit_tilt_z = -8.99084329565594
d_slit_col = 1594.2944408442456
coll_tilt_x = 0.08856531251591357
coll_tilt_y = -0.031814029706258816
ech_G = 31.610657606481528
ech_blaze = -74.97705191392582
ech_gamma = 1.1404132293667193
echelle_z = 0.07538031639881142
d_col_trf = -1588.0185806478776
trf_mirror_tilt_x = 0.13867376042627552
trf_mirror_tilt_y = 0.07753810707421595
d_col_grm = -0.009527671771297328
grism_dec_x = 236.43433556827503
grism_dec_y = 0.034252086296680105
grm_tilt_x = -0.015800009104833975
grm_tilt_y = 2.30434698182506
grm_G = 222.82519811068312
grm_apex = 17.815122183371823
d_grm_cam  = 21.608489389031703
cam_dec_x = -0.3021167621332092
cam_dec_y = 0.2503511680654972
cam_tilt_x = -0.01825687478110471
cam_tilt_y = -0.015023179403077546
d_cam_ff  = -160.40097252154885
ccd_ff_dec_x = -0.003543455731215071
ccd_ff_dec_y = 0.00018082422103400677
ccd_ff_tilt_x = 0.14602818233503911
ccd_ff_tilt_y = -0.5720057971087328
ccd_ff_tilt_z = 0.17254409091817163
d_ff_ccd  = -4.811231989308641
ccd_dec_x = 0.6206668295778794
ccd_dec_y = 5.155280561501255
ccd_defocus = 0.31632088994489915
ccd_tilt_x = 0.007783448115721598
ccd_tilt_y = -0.013996901725299703
ccd_tilt_z = 3.290719642629093e-06
p = 1.4910833333333333e-05