slit_dec_x_a = -0.181778666534
slit_dec_y_a = -0.18243150017
slit_dec_x_b = 0.14512077562974193
slit_dec_y_b = -0.05510809031835813
slit_defocus = -0.002203877267799336
slit_tilt_x = 1.134673011956673
slit_tilt_y = -8.568369118222972
slit_tilt_z = -9.003608084292638
d_slit_col = 1594.3039933120835
coll_tilt_x = 0.08646871771379765
coll_tilt_y = -0.02206656199336042
ech_G = 31.61089717075324
ech_blaze = -74.99556187854003
ech_gamma = 1.158155775539726
echelle_z = 0.05673418349390941
d_col_trf = -1588.0163989072573
trf_mirror_tilt_x = 0.12251710774285439
trf_mirror_tilt_y = 0.018699013085074972
d_col_grm = 0.014982783395994426
grism_dec_x = 236.39746628490275
grism_dec_y = -0.005064075470523724
grm_tilt_x = -0.024655197372216428
grm_tilt_y = 2.3273717692035643
grm_G = 222.78574576254488
grm_apex = 17.80909611484044
d_grm_cam  = 21.604835267112
cam_dec_x = -0.28362441525149124
cam_dec_y = 0.28975571249225057
cam_tilt_x = 0.004313276522544782
cam_tilt_y = -0.027782352495753282
d_cam_ff  = -160.56952799324932
ccd_ff_dec_x = -0.022891261762892263
ccd_ff_dec_y = -0.04777888500761258
ccd_ff_tilt_x = 0.16505684383921065
ccd_ff_tilt_y = -0.5893254389775898
ccd_ff_tilt_z = 0.1719064004316527
d_ff_ccd  = -4.785383941776385
ccd_dec_x = 0.5518482972405948
ccd_dec_y = 5.106394955879986
ccd_defocus = 0.3158397168972036
ccd_tilt_x = 0.021380306847979317
ccd_tilt_y = -0.004233077685313468
ccd_tilt_z = 2.2019914933820055e-07
p = 1.4910833333333333e-05