slit_dec_x_a = -0.1704010755187174
slit_dec_y_a = -0.1956586180351446
slit_dec_x_b = 0.175
slit_dec_y_b = -1.7820981523100763e-96
slit_defocus = 0.021410758587512662
slit_tilt_x = 1.1140175892838953
slit_tilt_y = -8.538460356844103
slit_tilt_z = -8.991620890905837
d_slit_col = 1594.3099694516682
coll_tilt_x = 0.11314737684759604
coll_tilt_y = -0.02889991730361712
ech_G = 31.613232403609175
ech_blaze = -74.9748284666452
ech_gamma = 1.1389760417166748
echelle_z = 0.07477469832944458
d_col_trf = -1588.017229052456
trf_mirror_tilt_x = 0.026302516758438702
trf_mirror_tilt_y = 0.16221420375812393
d_col_grm = -0.004785399460364225
grism_dec_x = 236.42327343810143
grism_dec_y = 0.038190717704715424
grm_tilt_x = -0.01405408848472443
grm_tilt_y = 2.305277931475005
grm_G = 222.82400863614157
grm_apex = 17.791001811623527
d_grm_cam  = 21.609815081102674
cam_dec_x = -0.30955363014040754
cam_dec_y = 0.24722674187240018
cam_tilt_x = -0.011116887365070275
cam_tilt_y = 0.003788976537903699
d_cam_ff  = -160.05758269780864
ccd_ff_dec_x = -0.002598208963518934
ccd_ff_dec_y = 0.05309468113200409
ccd_ff_tilt_x = 0.019498486663659494
ccd_ff_tilt_y = -0.5728059785024006
ccd_ff_tilt_z = 0.18005311032109944
d_ff_ccd  = -4.838933921190621
ccd_dec_x = 0.621405567926751
ccd_dec_y = 5.157149821951983
ccd_defocus = 0.28072495278856013
ccd_tilt_x = 0.005047590189141621
ccd_tilt_y = -0.010948655172967192
ccd_tilt_z = 5.108406722223615e-06
p = 0.0001