slit_dec_x_a = -0.17037645904793225
slit_dec_y_a = -0.19578476556042268
slit_dec_x_b = 0.175
slit_dec_y_b = -2.505220631926376e-96
slit_defocus = 0.005527713187628694
slit_tilt_x = 1.1861333740001623
slit_tilt_y = -8.540120672036428
slit_tilt_z = -8.990821361355126
d_slit_col = 1594.2944685324412
coll_tilt_x = 0.0885557774430787
coll_tilt_y = -0.031764979457387425
ech_G = 31.610690246225783
ech_blaze = -74.97720773848297
ech_gamma = 1.140507494697896
echelle_z = 0.07547676450568477
d_col_trf = -1588.0185987946104
trf_mirror_tilt_x = 0.13865184496041166
trf_mirror_tilt_y = 0.07754424276158267
d_col_grm = -0.009517379259624505
grism_dec_x = 236.43434586318645
grism_dec_y = 0.03425236094359458
grm_tilt_x = -0.01584621829406375
grm_tilt_y = 2.304368861199603
grm_G = 222.82519613092128
grm_apex = 17.815138373186294
d_grm_cam  = 21.608485676238093
cam_dec_x = -0.30211900454146523
cam_dec_y = 0.2503404201213709
cam_tilt_x = -0.018412191369143287
cam_tilt_y = -0.015027812626021979
d_cam_ff  = -160.40098976611552
ccd_ff_dec_x = -0.003546792552776335
ccd_ff_dec_y = 0.00016883805978673726
ccd_ff_tilt_x = 0.14602176581441983
ccd_ff_tilt_y = -0.5720233599839856
ccd_ff_tilt_z = 0.17252771255493168
d_ff_ccd  = -4.811229421972333
ccd_dec_x = 0.6206412239817969
ccd_dec_y = 5.155302353945171
ccd_defocus = 0.31632785309901396
ccd_tilt_x = 0.0077931879398857665
ccd_tilt_y = -0.014008104097854723
ccd_tilt_z = 3.3444321718637555e-06
p = 2.4402499999999996e-06