slit_dec_x_a = -0.181778666534
slit_dec_y_a = -0.18243150017
slit_dec_x_b = 0.14512077562974193
slit_dec_y_b = -0.05510809031835813
slit_defocus = -0.0022172093950524377
slit_tilt_x = 1.1346976467396712
slit_tilt_y = -8.56836807717129
slit_tilt_z = -9.003589938107329
d_slit_col = 1594.3039560681711
coll_tilt_x = 0.08648397495901566
coll_tilt_y = -0.022037613532355105
ech_G = 31.610934879379215
ech_blaze = -74.99581843795774
ech_gamma = 1.158248454043061
echelle_z = 0.05658826558106722
d_col_trf = -1588.0162827764098
trf_mirror_tilt_x = 0.12246885286883076
trf_mirror_tilt_y = 0.018703805800469667
d_col_grm = 0.014946968099385937
grism_dec_x = 236.39749238722302
grism_dec_y = -0.005068767627828214
grm_tilt_x = -0.02470764028782047
grm_tilt_y = 2.3273809851545564
grm_G = 222.7858884702218
grm_apex = 17.80906937938917
d_grm_cam  = 21.60487878117582
cam_dec_x = -0.28362772533047337
cam_dec_y = 0.28974369471839534
cam_tilt_x = 0.004356502937299675
cam_tilt_y = -0.02777763358399829
d_cam_ff  = -160.56969469924505
ccd_ff_dec_x = -0.022719251132388242
ccd_ff_dec_y = -0.04778741609702004
ccd_ff_tilt_x = 0.1650360519125845
ccd_ff_tilt_y = -0.5893335553598978
ccd_ff_tilt_z = 0.17183638915925625
d_ff_ccd  = -4.785427484162547
ccd_dec_x = 0.5517996810332076
ccd_dec_y = 5.106356825822007
ccd_defocus = 0.315852793208988
ccd_tilt_x = 0.021364900740880637
ccd_tilt_y = -0.004182101272568103
ccd_tilt_z = 2.5406797724758484e-07
p = 2.4402499999999996e-06