slit_dec_x_a = -0.17044948986640748
slit_dec_y_a = -0.1960835422800703
slit_dec_x_b = 0.175
slit_dec_y_b = -2.3578081271469427e-96
slit_defocus = 0.005512039678952217
slit_tilt_x = 1.1861354741774919
slit_tilt_y = -8.540066923474313
slit_tilt_z = -8.990859862875213
d_slit_col = 1594.2944477419685
coll_tilt_x = 0.08883791912764491
coll_tilt_y = -0.03170181845027911
ech_G = 31.61068430101098
ech_blaze = -74.97698808733682
ech_gamma = 1.140586564412692
echelle_z = 0.07518675522493833
d_col_trf = -1588.0185782192302
trf_mirror_tilt_x = 0.13871525323415088
trf_mirror_tilt_y = 0.07756567106102975
d_col_grm = -0.009543236169068105
grism_dec_x = 236.4343122339158
grism_dec_y = 0.03425088846960512
grm_tilt_x = -0.015839558953208994
grm_tilt_y = 2.3043965737550263
grm_G = 222.8252173496752
grm_apex = 17.81510279103395
d_grm_cam  = 21.608483865587697
cam_dec_x = -0.3021163669882323
cam_dec_y = 0.2503570608704997
cam_tilt_x = -0.01816328468856725
cam_tilt_y = -0.014989360703108199
d_cam_ff  = -160.40094063102097
ccd_ff_dec_x = -0.0035763088321419533
ccd_ff_dec_y = 0.00012482921228457598
ccd_ff_tilt_x = 0.14601057914270116
ccd_ff_tilt_y = -0.5720399412602499
ccd_ff_tilt_z = 0.17255840366322
d_ff_ccd  = -4.811214058715696
ccd_dec_x = 0.6206262738353
ccd_dec_y = 5.155289011001915
ccd_defocus = 0.31632102706915116
ccd_tilt_x = 0.007818214877445644
ccd_tilt_y = -0.014015016305988923
ccd_tilt_z = 3.2288225278882402e-06
p = 1.0294454545454546e-05