slit_dec_x_a = -0.181778666534
slit_dec_y_a = -0.18243150017
slit_dec_x_b = 0.14512077562974193
slit_dec_y_b = -0.05510809031835813
slit_defocus = -0.0022029238881637304
slit_tilt_x = 1.1347097836640758
slit_tilt_y = -8.568318372404152
slit_tilt_z = -9.003600884850258
d_slit_col = 1594.3039127476577
coll_tilt_x = 0.08646293036518046
coll_tilt_y = -0.022054507681850258
ech_G = 31.610896190138906
ech_blaze = -74.99557012980442
ech_gamma = 1.158174165420489
echelle_z = 0.05695983650880244
d_col_trf = -1588.016208245276
trf_mirror_tilt_x = 0.12250477091593953
trf_mirror_tilt_y = 0.01873759116114434
d_col_grm = 0.015005743193958011
grism_dec_x = 236.39748995558585
grism_dec_y = -0.005074108434899408
grm_tilt_x = -0.024709105211461684
grm_tilt_y = 2.327424528648841
grm_G = 222.78574539753916
grm_apex = 17.80914506441861
d_grm_cam  = 21.604603619537993
cam_dec_x = -0.28363776969833354
cam_dec_y = 0.289762245676551
cam_tilt_x = 0.0043157105566410895
cam_tilt_y = -0.02780149863118174
d_cam_ff  = -160.5696578601384
ccd_ff_dec_x = -0.022857184646126915
ccd_ff_dec_y = -0.04777853578620825
ccd_ff_tilt_x = 0.16503036326740236
ccd_ff_tilt_y = -0.5894803991810792
ccd_ff_tilt_z = 0.1718136313459509
d_ff_ccd  = -4.785366505131752
ccd_dec_x = 0.5519052197221751
ccd_dec_y = 5.106416057952633
ccd_defocus = 0.3158342052548777
ccd_tilt_x = 0.021425712384941224
ccd_tilt_y = -0.0042261248642480745
ccd_tilt_z = 2.5759663652271843e-07
p = 1.0294454545454546e-05