slit_dec_x_a = -0.1704291291343144
slit_dec_y_a = -0.1958598414317232
slit_dec_x_b = 0.175
slit_dec_y_b = -2.057908509663341e-96
slit_defocus = 0.005567184592168195
slit_tilt_x = 1.1861080592083357
slit_tilt_y = -8.539999904067695
slit_tilt_z = -8.990838235630973
d_slit_col = 1594.2944565671285
coll_tilt_x = 0.08865193032692575
coll_tilt_y = -0.03178255832856559
ech_G = 31.610678989382876
ech_blaze = -74.97701932343695
ech_gamma = 1.1404522531503345
echelle_z = 0.07488365229032225
d_col_trf = -1588.0185709285668
trf_mirror_tilt_x = 0.1386867110229459
trf_mirror_tilt_y = 0.07757922359044266
d_col_grm = -0.009551169553764715
grism_dec_x = 236.43430724377126
grism_dec_y = 0.03424470018032966
grm_tilt_x = -0.015703233749432853
grm_tilt_y = 2.304384111519572
grm_G = 222.82517847919098
grm_apex = 17.815114733086126
d_grm_cam  = 21.60848108310942
cam_dec_x = -0.30215603755786424
cam_dec_y = 0.2503675246944116
cam_tilt_x = -0.018561422056563165
cam_tilt_y = -0.015031230035432077
d_cam_ff  = -160.40099063736957
ccd_ff_dec_x = -0.0035626388225151353
ccd_ff_dec_y = 0.00014938156870758035
ccd_ff_tilt_x = 0.14599553166188747
ccd_ff_tilt_y = -0.5721011886595346
ccd_ff_tilt_z = 0.17260637587043595
d_ff_ccd  = -4.8112153643881195
ccd_dec_x = 0.6206864178593506
ccd_dec_y = 5.155296966885654
ccd_defocus = 0.3162950599725659
ccd_tilt_x = 0.007733481974617444
ccd_tilt_y = -0.014007402945254951
ccd_tilt_z = 3.144292613759441e-06
p = 1.3092500000000002e-05