slit_dec_x_a = -0.181778666534
slit_dec_y_a = -0.18243150017
slit_dec_x_b = 0.14512077562974193
slit_dec_y_b = -0.05510809031835813
slit_defocus = -0.0021962054710228515
slit_tilt_x = 1.1347058198888191
slit_tilt_y = -8.568323429907844
slit_tilt_z = -9.003622751760552
d_slit_col = 1594.303941486835
coll_tilt_x = 0.08647707829264797
coll_tilt_y = -0.02203706251120502
ech_G = 31.61089336737771
ech_blaze = -74.99551398529196
ech_gamma = 1.1581223410820933
echelle_z = 0.05686903849735547
d_col_trf = -1588.01625459281
trf_mirror_tilt_x = 0.12252309586000233
trf_mirror_tilt_y = 0.01872973155473025
d_col_grm = 0.014997705284800274
grism_dec_x = 236.3974825508391
grism_dec_y = -0.005034250482069315
grm_tilt_x = -0.02463195762755429
grm_tilt_y = 2.327248589506933
grm_G = 222.7858020832466
grm_apex = 17.809120197300782
d_grm_cam  = 21.60455996419328
cam_dec_x = -0.28363070055917333
cam_dec_y = 0.28976933484312967
cam_tilt_x = 0.0042753459632262234
cam_tilt_y = -0.02779892916780678
d_cam_ff  = -160.56963343867707
ccd_ff_dec_x = -0.02285055130577802
ccd_ff_dec_y = -0.04778711619273008
ccd_ff_tilt_x = 0.1650121107558569
ccd_ff_tilt_y = -0.5894969515262783
ccd_ff_tilt_z = 0.17183228178028673
d_ff_ccd  = -4.78537962333299
ccd_dec_x = 0.5518751511696249
ccd_dec_y = 5.106522642991673
ccd_defocus = 0.31582693729288974
ccd_tilt_x = 0.02142084441581142
ccd_tilt_y = -0.0042090887767450924
ccd_tilt_z = 3.301537175708343e-07
p = 5.61825e-06