slit_dec_x_a = -0.17043786801468094
slit_dec_y_a = -0.19612325838157244
slit_dec_x_b = 0.175
slit_dec_y_b = -2.201912322454167e-96
slit_defocus = 0.005520963767873867
slit_tilt_x = 1.1861135980971727
slit_tilt_y = -8.540067591697877
slit_tilt_z = -8.99087503864968
d_slit_col = 1594.2944550844586
coll_tilt_x = 0.08879828210837015
coll_tilt_y = -0.03177138960199534
ech_G = 31.610690357800827
ech_blaze = -74.97703119317936
ech_gamma = 1.1405002888587816
echelle_z = 0.07529437142778819
d_col_trf = -1588.0185500764962
trf_mirror_tilt_x = 0.13870218472860346
trf_mirror_tilt_y = 0.07753948472277897
d_col_grm = -0.0095311623158358
grism_dec_x = 236.43432012458044
grism_dec_y = 0.03423507401123677
grm_tilt_x = -0.01599080333148532
grm_tilt_y = 2.3043885610612924
grm_G = 222.82519453188414
grm_apex = 17.815136249305997
d_grm_cam  = 21.6084966794577
cam_dec_x = -0.30211341927116603
cam_dec_y = 0.2503461263009458
cam_tilt_x = -0.018075128596383022
cam_tilt_y = -0.014994574746594975
d_cam_ff  = -160.40095217057294
ccd_ff_dec_x = -0.0035437957877526177
ccd_ff_dec_y = 0.00012604933351136432
ccd_ff_tilt_x = 0.1460486426870211
ccd_ff_tilt_y = -0.5720468720423358
ccd_ff_tilt_z = 0.17255987183795382
d_ff_ccd  = -4.8112280018860645
ccd_dec_x = 0.6206420277003653
ccd_dec_y = 5.155286451643744
ccd_defocus = 0.31631493706123887
ccd_tilt_x = 0.00781603941618619
ccd_tilt_y = -0.014021036550977433
ccd_tilt_z = 3.264874054577282e-06
p = 5.61825e-06