slit_dec_x_a = -0.1704010755187174
slit_dec_y_a = -0.1956586180351446
slit_dec_x_b = 0.175
slit_dec_y_b = -1.8683637720927926e-96
slit_defocus = 0.02141612340788463
slit_tilt_x = 1.1139517346817758
slit_tilt_y = -8.538467645253128
slit_tilt_z = -8.991710718123251
d_slit_col = 1594.3099694930877
coll_tilt_x = 0.11316885170951228
coll_tilt_y = -0.02888142046280217
ech_G = 31.613231564502243
ech_blaze = -74.97483593243979
ech_gamma = 1.1389783897227173
echelle_z = 0.07476367391923275
d_col_trf = -1588.0172303860452
trf_mirror_tilt_x = 0.02630009920629741
trf_mirror_tilt_y = 0.16217415148454464
d_col_grm = -0.004855267805744041
grism_dec_x = 236.42327696052465
grism_dec_y = 0.038158236545630705
grm_tilt_x = -0.01405039199734729
grm_tilt_y = 2.3052804910483062
grm_G = 222.82400470170793
grm_apex = 17.791076894728338
d_grm_cam  = 21.60982304528758
cam_dec_x = -0.30953733518345916
cam_dec_y = 0.24727684682733264
cam_tilt_x = -0.011053205910407754
cam_tilt_y = 0.0037344123550583793
d_cam_ff  = -160.05743143628072
ccd_ff_dec_x = -0.002604213121566118
ccd_ff_dec_y = 0.05305999389475753
ccd_ff_tilt_x = 0.019508465165331355
ccd_ff_tilt_y = -0.5728012485069659
ccd_ff_tilt_z = 0.1800515309938375
d_ff_ccd  = -4.838981235462526
ccd_dec_x = 0.6214041551295382
ccd_dec_y = 5.157148448502038
ccd_defocus = 0.2807620532596864
ccd_tilt_x = 0.005006937747801278
ccd_tilt_y = -0.010924134827082712
ccd_tilt_z = 5.071767569666832e-06
p = 0.0001