slit_dec_x_a = -0.17038611945498186
slit_dec_y_a = -0.19573129338686246
slit_dec_x_b = 0.175
slit_dec_y_b = -2.5712904939540834e-96
slit_defocus = 0.00554078513212084
slit_tilt_x = 1.1861095288458545
slit_tilt_y = -8.540129704202274
slit_tilt_z = -8.99080994632637
d_slit_col = 1594.2944789390492
coll_tilt_x = 0.08853321720351166
coll_tilt_y = -0.03179486168923953
ech_G = 31.61067193986715
ech_blaze = -74.97717272784259
ech_gamma = 1.1404898398141474
echelle_z = 0.07541396774652154
d_col_trf = -1588.0186097233143
trf_mirror_tilt_x = 0.13866196598996877
trf_mirror_tilt_y = 0.0775560822003369
d_col_grm = -0.00954806598207959
grism_dec_x = 236.43436636963614
grism_dec_y = 0.03424806215705549
grm_tilt_x = -0.01572938636669053
grm_tilt_y = 2.3043587059609307
grm_G = 222.82521143639622
grm_apex = 17.815121496277072
d_grm_cam  = 21.608495450151946
cam_dec_x = -0.30213379301266907
cam_dec_y = 0.2503356759225811
cam_tilt_x = -0.018407616096152955
cam_tilt_y = -0.015039700088514619
d_cam_ff  = -160.40099746078485
ccd_ff_dec_x = -0.0035430303533323334
ccd_ff_dec_y = 0.00015221451312716976
ccd_ff_tilt_x = 0.14601003037804391
ccd_ff_tilt_y = -0.5720303412411314
ccd_ff_tilt_z = 0.172525566188778
d_ff_ccd  = -4.811233275617216
ccd_dec_x = 0.6206429150539124
ccd_dec_y = 5.1552660275840365
ccd_defocus = 0.3163435590429552
ccd_tilt_x = 0.0078024778876323655
ccd_tilt_y = -0.014022050873342597
ccd_tilt_z = 3.370989976844694e-06
p = 4.929333333333333e-06