slit_dec_x_a = -0.181778666534
slit_dec_y_a = -0.18243150017
slit_dec_x_b = 0.14512077562974193
slit_dec_y_b = -0.05510809031835813
slit_defocus = -0.002247248700700543
slit_tilt_x = 1.1346998632449543
slit_tilt_y = -8.568364191058908
slit_tilt_z = -9.00359473901603
d_slit_col = 1594.3039510919566
coll_tilt_x = 0.08648533698503444
coll_tilt_y = -0.02203348097826308
ech_G = 31.610938769207984
ech_blaze = -74.99584079480955
ech_gamma = 1.1582524828740497
echelle_z = 0.056459537230620215
d_col_trf = -1588.0163735385363
trf_mirror_tilt_x = 0.12244798613768147
trf_mirror_tilt_y = 0.018707249441889732
d_col_grm = 0.014929179800287271
grism_dec_x = 236.39749685790272
grism_dec_y = -0.005084847813355825
grm_tilt_x = -0.02470789310855971
grm_tilt_y = 2.3273541036280254
grm_G = 222.7859327398035
grm_apex = 17.80906789361798
d_grm_cam  = 21.604841462525417
cam_dec_x = -0.2836239745508933
cam_dec_y = 0.28975617955496075
cam_tilt_x = 0.004340509948643491
cam_tilt_y = -0.02776781915102977
d_cam_ff  = -160.56959885330429
ccd_ff_dec_x = -0.022690808489133314
ccd_ff_dec_y = -0.04776971949245275
ccd_ff_tilt_x = 0.16502051305221324
ccd_ff_tilt_y = -0.5893795675321621
ccd_ff_tilt_z = 0.17186689730675345
d_ff_ccd  = -4.785424080651075
ccd_dec_x = 0.5518726174577896
ccd_dec_y = 5.106360953039974
ccd_defocus = 0.3158698961923745
ccd_tilt_x = 0.021386660010533656
ccd_tilt_y = -0.004200005557599677
ccd_tilt_z = 2.188384753034619e-07
p = 4.929333333333333e-06