slit_dec_x_a = -0.1704010755187174
slit_dec_y_a = -0.1956586180351446
slit_dec_x_b = 0.175
slit_dec_y_b = -1.7727934470929814e-96
slit_defocus = 0.021431223955877134
slit_tilt_x = 1.1139846789949126
slit_tilt_y = -8.53848575134078
slit_tilt_z = -8.991618876789849
d_slit_col = 1594.310033276571
coll_tilt_x = 0.11317339551042366
coll_tilt_y = -0.028968347051900732
ech_G = 31.61323516943508
ech_blaze = -74.97483000520555
ech_gamma = 1.1389750576123436
echelle_z = 0.07477312374652603
d_col_trf = -1588.0172263544955
trf_mirror_tilt_x = 0.02630482047660562
trf_mirror_tilt_y = 0.16226132273428132
d_col_grm = -0.0047965362427097044
grism_dec_x = 236.42328675203638
grism_dec_y = 0.03819494708720546
grm_tilt_x = -0.014062004789338285
grm_tilt_y = 2.3052790662996734
grm_G = 222.82399978980078
grm_apex = 17.79108839868095
d_grm_cam  = 21.609817163448987
cam_dec_x = -0.30953244639600647
cam_dec_y = 0.24726032348601423
cam_tilt_x = -0.011106871301077736
cam_tilt_y = 0.003749503993378207
d_cam_ff  = -160.05741907596013
ccd_ff_dec_x = -0.0025989705202252218
ccd_ff_dec_y = 0.053075250679585524
ccd_ff_tilt_x = 0.019558207519057094
ccd_ff_tilt_y = -0.5727983950727332
ccd_ff_tilt_z = 0.18005435944325657
d_ff_ccd  = -4.838959640900316
ccd_dec_x = 0.6214011966030594
ccd_dec_y = 5.157146994697694
ccd_defocus = 0.2807377832672405
ccd_tilt_x = 0.005029535644026502
ccd_tilt_y = -0.010894599380768647
ccd_tilt_z = 5.1096145848297684e-06
p = 0.0001