slit_dec_x_a = -0.181778666534
slit_dec_y_a = -0.18243150017
slit_dec_x_b = 0.14512077562974193
slit_dec_y_b = -0.05510809031835813
slit_defocus = -0.0021968009342277217
slit_tilt_x = 1.1346952199676699
slit_tilt_y = -8.568289616644583
slit_tilt_z = -9.003620358850773
d_slit_col = 1594.3039162867094
coll_tilt_x = 0.08641036857670377
coll_tilt_y = -0.022025748193641562
ech_G = 31.610920824200004
ech_blaze = -74.99576801263713
ech_gamma = 1.1581894490609344
echelle_z = 0.05721356726733823
d_col_trf = -1588.0162384614614
trf_mirror_tilt_x = 0.12251510197164847
trf_mirror_tilt_y = 0.01866701425201862
d_col_grm = 0.01500409359188291
grism_dec_x = 236.3974998362289
grism_dec_y = -0.005036885627558097
grm_tilt_x = -0.024721769167315753
grm_tilt_y = 2.327454411819566
grm_G = 222.7857681753268
grm_apex = 17.80914569147706
d_grm_cam  = 21.604484506738086
cam_dec_x = -0.28361335228222706
cam_dec_y = 0.28971312401243976
cam_tilt_x = 0.0043235251732252795
cam_tilt_y = -0.027795283697816184
d_cam_ff  = -160.5697610362072
ccd_ff_dec_x = -0.022797925972509386
ccd_ff_dec_y = -0.04778340268002451
ccd_ff_tilt_x = 0.16505206292683877
ccd_ff_tilt_y = -0.5895420712063201
ccd_ff_tilt_z = 0.17180988785176537
d_ff_ccd  = -4.7853818588614585
ccd_dec_x = 0.5519049949352285
ccd_dec_y = 5.106391235952457
ccd_defocus = 0.3157924199008806
ccd_tilt_x = 0.021380761515660263
ccd_tilt_y = -0.0041968477228688855
ccd_tilt_z = 1.9698656038261075e-07
p = 1.3950833333333334e-05