slit_dec_x_a = -0.17044066323759174
slit_dec_y_a = -0.19595736661634605
slit_dec_x_b = 0.175
slit_dec_y_b = -2.002115482877354e-96
slit_defocus = 0.0055704791695374975
slit_tilt_x = 1.186091561754934
slit_tilt_y = -8.539993988942362
slit_tilt_z = -8.990839951509306
d_slit_col = 1594.2944640907167
coll_tilt_x = 0.0886492200971937
coll_tilt_y = -0.031753107034357526
ech_G = 31.61068360582351
ech_blaze = -74.97699497522338
ech_gamma = 1.1404547411831483
echelle_z = 0.07482117645436424
d_col_trf = -1588.0185717382997
trf_mirror_tilt_x = 0.13867922819951886
trf_mirror_tilt_y = 0.07758566012773287
d_col_grm = -0.009562191780777043
grism_dec_x = 236.43431184159354
grism_dec_y = 0.034240869076418955
grm_tilt_x = -0.015698382932072333
grm_tilt_y = 2.304394604019957
grm_G = 222.82516707492783
grm_apex = 17.815114282947548
d_grm_cam  = 21.60847336067363
cam_dec_x = -0.30216225099736527
cam_dec_y = 0.2503743501009766
cam_tilt_x = -0.018640044943898055
cam_tilt_y = -0.01504368684372238
d_cam_ff  = -160.40097818895995
ccd_ff_dec_x = -0.0035373337593463906
ccd_ff_dec_y = 0.00016892182336878563
ccd_ff_tilt_x = 0.1460193429805076
ccd_ff_tilt_y = -0.5720874625876653
ccd_ff_tilt_z = 0.1726065777505268
d_ff_ccd  = -4.811215323942522
ccd_dec_x = 0.6207092190190011
ccd_dec_y = 5.155294903799424
ccd_defocus = 0.3162965384085919
ccd_tilt_x = 0.00773008990796746
ccd_tilt_y = -0.014012385647997018
ccd_tilt_z = 3.0363740375071085e-06
p = 1.3950833333333334e-05