slit_dec_x_a = -0.1704010755187174
slit_dec_y_a = -0.1956586180351446
slit_dec_x_b = 0.175
slit_dec_y_b = -1.8119370276466532e-96
slit_defocus = 0.02132879881628541
slit_tilt_x = 1.1140216773413754
slit_tilt_y = -8.538373914722337
slit_tilt_z = -8.991594829754565
d_slit_col = 1594.3099951917177
coll_tilt_x = 0.1131919945082679
coll_tilt_y = -0.028864480188217554
ech_G = 31.613235987075193
ech_blaze = -74.97482521811084
ech_gamma = 1.1389712172513797
echelle_z = 0.07477974472978327
d_col_trf = -1588.0172325106155
trf_mirror_tilt_x = 0.026359442706378643
trf_mirror_tilt_y = 0.16227338634899224
d_col_grm = -0.004831725154398325
grism_dec_x = 236.423264572134
grism_dec_y = 0.038141494775740824
grm_tilt_x = -0.014052469150124775
grm_tilt_y = 2.305266822456127
grm_G = 222.82400294771617
grm_apex = 17.791084449475484
d_grm_cam  = 21.609821177133917
cam_dec_x = -0.30949928217914363
cam_dec_y = 0.24719427998727922
cam_tilt_x = -0.011076500725382866
cam_tilt_y = 0.0037226664164959357
d_cam_ff  = -160.05746395827572
ccd_ff_dec_x = -0.002601451361447162
ccd_ff_dec_y = 0.052992583400547834
ccd_ff_tilt_x = 0.019577941687520195
ccd_ff_tilt_y = -0.57280587975312
ccd_ff_tilt_z = 0.1800565111701486
d_ff_ccd  = -4.838916489151481
ccd_dec_x = 0.6213996694585534
ccd_dec_y = 5.15714810855627
ccd_defocus = 0.28072485706761185
ccd_tilt_x = 0.005038105776439932
ccd_tilt_y = -0.010894795941914469
ccd_tilt_z = 5.074153904393884e-06
p = 0.0001