slit_dec_x_a = -0.181778666534
slit_dec_y_a = -0.18243150017
slit_dec_x_b = 0.14512077562974193
slit_dec_y_b = -0.05510809031835813
slit_defocus = -0.013732942716893152
slit_tilt_x = 1.054058510667988
slit_tilt_y = -8.55990569142279
slit_tilt_z = -9.026835760801585
d_slit_col = 1594.2902606210969
coll_tilt_x = 0.1214287960513173
coll_tilt_y = -0.026476285981484347
ech_G = 31.614564845345768
ech_blaze = -74.99489000589182
ech_gamma = 1.155643870059095
echelle_z = 0.05700476151710723
d_col_trf = -1588.0163693437187
trf_mirror_tilt_x = 0.007246648755398728
trf_mirror_tilt_y = 0.15536160836327692
d_col_grm = 0.03566265315096755
grism_dec_x = 236.38321714491238
grism_dec_y = 0.009299217705495187
grm_tilt_x = -0.02350205541220763
grm_tilt_y = 2.325790487862075
grm_G = 222.78406966287088
grm_apex = 17.766521469638246
d_grm_cam  = 21.604694147052715
cam_dec_x = -0.27106180951166187
cam_dec_y = 0.2909286904964434
cam_tilt_x = 0.012452514120330667
cam_tilt_y = 0.008818979384587188
d_cam_ff  = -160.07693297988953
ccd_ff_dec_x = -0.02380432681469681
ccd_ff_dec_y = 0.04206503042815484
ccd_ff_tilt_x = 0.033538261886877016
ccd_ff_tilt_y = -0.5909767222703796
ccd_ff_tilt_z = 0.17191367760316853
d_ff_ccd  = -4.816025226914026
ccd_dec_x = 0.5532954722038435
ccd_dec_y = 5.107629920585419
ccd_defocus = 0.2858073086093693
ccd_tilt_x = 0.03252311659251389
ccd_tilt_y = -0.0021328284307975055
ccd_tilt_z = 4.678516671587182e-06
p = 0.0001