slit_dec_x_a = -0.181778666534
slit_dec_y_a = -0.18243150017
slit_dec_x_b = 0.14512077562974193
slit_dec_y_b = -0.05510809031835813
slit_defocus = -0.0022029506097683872
slit_tilt_x = 1.134689020595033
slit_tilt_y = -8.568295683598686
slit_tilt_z = -9.003624418885662
d_slit_col = 1594.3039129965516
coll_tilt_x = 0.08642843833055602
coll_tilt_y = -0.022033413973957902
ech_G = 31.61092155478867
ech_blaze = -74.99576661207367
ech_gamma = 1.1581679085782248
echelle_z = 0.05717294946739023
d_col_trf = -1588.0162674653454
trf_mirror_tilt_x = 0.12252201143116943
trf_mirror_tilt_y = 0.018678161690240794
d_col_grm = 0.014996469495090939
grism_dec_x = 236.397488767011
grism_dec_y = -0.005037976596319885
grm_tilt_x = -0.024729838064568115
grm_tilt_y = 2.3274316256658785
grm_G = 222.78567397503326
grm_apex = 17.809143517086405
d_grm_cam  = 21.604483853572997
cam_dec_x = -0.2836248775854839
cam_dec_y = 0.28972733041011883
cam_tilt_x = 0.004330935616173445
cam_tilt_y = -0.027799783256919685
d_cam_ff  = -160.56976407006323
ccd_ff_dec_x = -0.022862910089396764
ccd_ff_dec_y = -0.04778470669875176
ccd_ff_tilt_x = 0.16506075357442673
ccd_ff_tilt_y = -0.5895519410650454
ccd_ff_tilt_z = 0.17177503002119107
d_ff_ccd  = -4.785371677332098
ccd_dec_x = 0.5519400860261414
ccd_dec_y = 5.106392378931568
ccd_defocus = 0.31578201914725523
ccd_tilt_x = 0.021389182961303956
ccd_tilt_y = -0.004198999869214457
ccd_tilt_z = 1.9372889398797895e-07
p = 1.3970000000000002e-05