slit_dec_x_a = -0.17043715752730457
slit_dec_y_a = -0.1959074188032293
slit_dec_x_b = 0.175
slit_dec_y_b = -2.0039158796049738e-96
slit_defocus = 0.005572868057022098
slit_tilt_x = 1.1860964045923321
slit_tilt_y = -8.539988782445734
slit_tilt_z = -8.990837229309914
d_slit_col = 1594.2944490425516
coll_tilt_x = 0.08863820490902005
coll_tilt_y = -0.031762173212363
ech_G = 31.61068168016929
ech_blaze = -74.97700697932062
ech_gamma = 1.1404542698090951
echelle_z = 0.07483700434824718
d_col_trf = -1588.018570723011
trf_mirror_tilt_x = 0.1386787800877716
trf_mirror_tilt_y = 0.0775811791541343
d_col_grm = -0.009554276575639394
grism_dec_x = 236.43430457427317
grism_dec_y = 0.03424581298312666
grm_tilt_x = -0.0157356942631015
grm_tilt_y = 2.304384755292772
grm_G = 222.8251778978768
grm_apex = 17.815118428218735
d_grm_cam  = 21.608482174825948
cam_dec_x = -0.3021530525794642
cam_dec_y = 0.2503659497852531
cam_tilt_x = -0.01860606277803348
cam_tilt_y = -0.015039988760409566
d_cam_ff  = -160.40097971767798
ccd_ff_dec_x = -0.003560484860906284
ccd_ff_dec_y = 0.00016569866394339992
ccd_ff_tilt_x = 0.14601077595283496
ccd_ff_tilt_y = -0.5720943457714412
ccd_ff_tilt_z = 0.1725994219228507
d_ff_ccd  = -4.811221884919855
ccd_dec_x = 0.6207044827587406
ccd_dec_y = 5.1552971209155425
ccd_defocus = 0.3162912040438659
ccd_tilt_x = 0.007731436498699817
ccd_tilt_y = -0.014010074328882275
ccd_tilt_z = 3.0779048966918326e-06
p = 1.3970000000000002e-05