slit_dec_x_a = -0.1704010755187174
slit_dec_y_a = -0.1956586180351446
slit_dec_x_b = 0.175
slit_dec_y_b = -1.814005697727677e-96
slit_defocus = 0.021399012116242795
slit_tilt_x = 1.1140095977680038
slit_tilt_y = -8.538394116685817
slit_tilt_z = -8.991724805010586
d_slit_col = 1594.3098970098977
coll_tilt_x = 0.11319777203796333
coll_tilt_y = -0.028890986127458232
ech_G = 31.613225845814696
ech_blaze = -74.97482819212524
ech_gamma = 1.1389807607128413
echelle_z = 0.07476309364936089
d_col_trf = -1588.017238746611
trf_mirror_tilt_x = 0.026299588089150592
trf_mirror_tilt_y = 0.16222419852096495
d_col_grm = -0.00484889478830247
grism_dec_x = 236.42331437931196
grism_dec_y = 0.038166261506958156
grm_tilt_x = -0.014057220365092672
grm_tilt_y = 2.305270289568339
grm_G = 222.82399977228394
grm_apex = 17.791066832959917
d_grm_cam  = 21.60981949772598
cam_dec_x = -0.30955790428056534
cam_dec_y = 0.24725520595152092
cam_tilt_x = -0.011028139843252176
cam_tilt_y = 0.0037945999755470377
d_cam_ff  = -160.05749706231018
ccd_ff_dec_x = -0.0026032435511861795
ccd_ff_dec_y = 0.05303215139842232
ccd_ff_tilt_x = 0.0195091076017849
ccd_ff_tilt_y = -0.5727979391148803
ccd_ff_tilt_z = 0.18004419061521745
d_ff_ccd  = -4.838985484720851
ccd_dec_x = 0.6214040184509664
ccd_dec_y = 5.157146765721738
ccd_defocus = 0.28066560665338064
ccd_tilt_x = 0.005063294065012931
ccd_tilt_y = -0.010861643562345993
ccd_tilt_z = 5.064704228561447e-06
p = 0.0001