slit_dec_x_a = -0.1704623660313324
slit_dec_y_a = -0.19604348996175283
slit_dec_x_b = 0.175
slit_dec_y_b = -2.133103321840888e-96
slit_defocus = 0.005535529720195761
slit_tilt_x = 1.186125169309996
slit_tilt_y = -8.540052748165065
slit_tilt_z = -8.990866354232812
d_slit_col = 1594.294456765867
coll_tilt_x = 0.08868994449081918
coll_tilt_y = -0.031752271599152684
ech_G = 31.610667755309894
ech_blaze = -74.97712980667959
ech_gamma = 1.1405409941314417
echelle_z = 0.07497437182801349
d_col_trf = -1588.0185552529854
trf_mirror_tilt_x = 0.1387158283232209
trf_mirror_tilt_y = 0.07759262516861332
d_col_grm = -0.009518486611219738
grism_dec_x = 236.43429274175958
grism_dec_y = 0.03422153771008706
grm_tilt_x = -0.015809368597030894
grm_tilt_y = 2.304368273921032
grm_G = 222.82520233826008
grm_apex = 17.815094769773914
d_grm_cam  = 21.608481221219698
cam_dec_x = -0.3020959667138831
cam_dec_y = 0.2503788563037985
cam_tilt_x = -0.018073548119391474
cam_tilt_y = -0.015007547989063511
d_cam_ff  = -160.40096350675148
ccd_ff_dec_x = -0.003534758195731226
ccd_ff_dec_y = 0.00015310828824743156
ccd_ff_tilt_x = 0.1459951486794819
ccd_ff_tilt_y = -0.5720659700604207
ccd_ff_tilt_z = 0.172567619725445
d_ff_ccd  = -4.811231680104239
ccd_dec_x = 0.6206419991219122
ccd_dec_y = 5.155253785639895
ccd_defocus = 0.3163225017054287
ccd_tilt_x = 0.007761952665327526
ccd_tilt_y = -0.014019040763005126
ccd_tilt_z = 3.174021369541039e-06
p = 6.122454545454546e-06