slit_dec_x_a = -0.181778666534
slit_dec_y_a = -0.18243150017
slit_dec_x_b = 0.14512077562974193
slit_dec_y_b = -0.05510809031835813
slit_defocus = -0.002193552745424458
slit_tilt_x = 1.134704576996784
slit_tilt_y = -8.568299401133729
slit_tilt_z = -9.003616594343693
d_slit_col = 1594.3038998596046
coll_tilt_x = 0.08644266238131414
coll_tilt_y = -0.022033143285623787
ech_G = 31.610899643710006
ech_blaze = -74.99561927391726
ech_gamma = 1.158216605161633
echelle_z = 0.057043950943785865
d_col_trf = -1588.0162453859084
trf_mirror_tilt_x = 0.12249602469033942
trf_mirror_tilt_y = 0.01870462301565664
d_col_grm = 0.014987967271039454
grism_dec_x = 236.39748220404917
grism_dec_y = -0.005078898314817326
grm_tilt_x = -0.024801982362491086
grm_tilt_y = 2.3274184470395327
grm_G = 222.78573020781127
grm_apex = 17.80916161590489
d_grm_cam  = 21.604554079528388
cam_dec_x = -0.283637204098529
cam_dec_y = 0.289743638916178
cam_tilt_x = 0.004343109230600392
cam_tilt_y = -0.027799128552122743
d_cam_ff  = -160.56953357909313
ccd_ff_dec_x = -0.023007790633045505
ccd_ff_dec_y = -0.04780267516377054
ccd_ff_tilt_x = 0.16502328783699094
ccd_ff_tilt_y = -0.5895767644604517
ccd_ff_tilt_z = 0.171753322678679
d_ff_ccd  = -4.7853885001879455
ccd_dec_x = 0.5518998826529725
ccd_dec_y = 5.106537228857815
ccd_defocus = 0.31584115697201365
ccd_tilt_x = 0.021419872133111258
ccd_tilt_y = -0.0042368448952967265
ccd_tilt_z = 2.4292017940931027e-07
p = 6.122454545454546e-06