slit_dec_x_a = -0.181778666534
slit_dec_y_a = -0.18243150017
slit_dec_x_b = 0.14512077562974193
slit_dec_y_b = -0.05510809031835813
slit_defocus = -0.013808831317725284
slit_tilt_x = 1.0540878373135132
slit_tilt_y = -8.559948487730612
slit_tilt_z = -9.0269189951442
d_slit_col = 1594.2902725109113
coll_tilt_x = 0.12148418830667052
coll_tilt_y = -0.0264501207553584
ech_G = 31.614566760265394
ech_blaze = -74.99488659361994
ech_gamma = 1.155643599704196
echelle_z = 0.057003135894722355
d_col_trf = -1588.0163614702399
trf_mirror_tilt_x = 0.007301358498493028
trf_mirror_tilt_y = 0.15538763026864152
d_col_grm = 0.035750321139437026
grism_dec_x = 236.38321245678102
grism_dec_y = 0.009141686549826698
grm_tilt_x = -0.023508480166525476
grm_tilt_y = 2.325782632330326
grm_G = 222.7840743806227
grm_apex = 17.766541248868176
d_grm_cam  = 21.604695638762276
cam_dec_x = -0.2711012318774983
cam_dec_y = 0.2909096625136886
cam_tilt_x = 0.012470530584978603
cam_tilt_y = 0.008802720928595019
d_cam_ff  = -160.07725159686373
ccd_ff_dec_x = -0.023804010311392787
ccd_ff_dec_y = 0.042046529116555584
ccd_ff_tilt_x = 0.03343009361779972
ccd_ff_tilt_y = -0.5909753742819892
ccd_ff_tilt_z = 0.17192586657701936
d_ff_ccd  = -4.815968761084637
ccd_dec_x = 0.5533015628285237
ccd_dec_y = 5.107634301244518
ccd_defocus = 0.28571594966750785
ccd_tilt_x = 0.03261507672705432
ccd_tilt_y = -0.0021397156369572473
ccd_tilt_z = 4.686183870718322e-06
p = 0.0001