slit_dec_x_a = -0.181778666534
slit_dec_y_a = -0.18243150017
slit_dec_x_b = 0.14512077562974193
slit_dec_y_b = -0.05510809031835813
slit_defocus = -0.002199418215028688
slit_tilt_x = 1.134713304706019
slit_tilt_y = -8.56830292306773
slit_tilt_z = -9.003600523583685
d_slit_col = 1594.3039158120887
coll_tilt_x = 0.08646862193450922
coll_tilt_y = -0.022055004217065324
ech_G = 31.610901800356007
ech_blaze = -74.99561560479172
ech_gamma = 1.1582133873117817
echelle_z = 0.05696130598371954
d_col_trf = -1588.016203034965
trf_mirror_tilt_x = 0.12250850745744622
trf_mirror_tilt_y = 0.018718061687799964
d_col_grm = 0.014990399559807764
grism_dec_x = 236.3974878374261
grism_dec_y = -0.00506894144651481
grm_tilt_x = -0.024770034810209184
grm_tilt_y = 2.32745854874721
grm_G = 222.78577172066906
grm_apex = 17.80914518410117
d_grm_cam  = 21.604563402394668
cam_dec_x = -0.2836373954496707
cam_dec_y = 0.28974882633105936
cam_tilt_x = 0.004324542292215328
cam_tilt_y = -0.02781070938135164
d_cam_ff  = -160.56967629891724
ccd_ff_dec_x = -0.022898946629743053
ccd_ff_dec_y = -0.04777856096589059
ccd_ff_tilt_x = 0.16504719941355278
ccd_ff_tilt_y = -0.5895085597766526
ccd_ff_tilt_z = 0.17171996962641078
d_ff_ccd  = -4.7853783314362115
ccd_dec_x = 0.5519232881199507
ccd_dec_y = 5.106398645996232
ccd_defocus = 0.31584350251465604
ccd_tilt_x = 0.021426185912289807
ccd_tilt_y = -0.004228289967681778
ccd_tilt_z = 3.0508501842711866e-07
p = 1.1122727272727275e-05