slit_dec_x_a = -0.17044795735384574
slit_dec_y_a = -0.19603817341879665
slit_dec_x_b = 0.175
slit_dec_y_b = -2.3559941685939905e-96
slit_defocus = 0.005515156783449655
slit_tilt_x = 1.1861346860220765
slit_tilt_y = -8.540049687903277
slit_tilt_z = -8.990864129136726
d_slit_col = 1594.2944536631512
coll_tilt_x = 0.08887578101837033
coll_tilt_y = -0.0317095404433658
ech_G = 31.610685758302708
ech_blaze = -74.97703721541329
ech_gamma = 1.1405892827796564
echelle_z = 0.07512695830561651
d_col_trf = -1588.0185698960206
trf_mirror_tilt_x = 0.1387326662794311
trf_mirror_tilt_y = 0.0775725466212667
d_col_grm = -0.009524681271927755
grism_dec_x = 236.43431498731232
grism_dec_y = 0.03423555632667694
grm_tilt_x = -0.015788757741704088
grm_tilt_y = 2.3043861103301317
grm_G = 222.82522655077065
grm_apex = 17.815119794709965
d_grm_cam  = 21.608491361223773
cam_dec_x = -0.3021043768598908
cam_dec_y = 0.2503667142639211
cam_tilt_x = -0.018135320542435374
cam_tilt_y = -0.014997205814798157
d_cam_ff  = -160.40093245616848
ccd_ff_dec_x = -0.0035584802741029918
ccd_ff_dec_y = 0.0001418908100698708
ccd_ff_tilt_x = 0.14600010765236163
ccd_ff_tilt_y = -0.5720495860585315
ccd_ff_tilt_z = 0.1725667174365
d_ff_ccd  = -4.811215502368815
ccd_dec_x = 0.6206410397962456
ccd_dec_y = 5.155273117606802
ccd_defocus = 0.3163223008893894
ccd_tilt_x = 0.007820225693614513
ccd_tilt_y = -0.014019996452405446
ccd_tilt_z = 3.240848254625133e-06
p = 1.1122727272727275e-05