slit_dec_x_a = -0.181778666534
slit_dec_y_a = -0.18243150017
slit_dec_x_b = 0.14512077562974193
slit_dec_y_b = -0.05510809031835813
slit_defocus = -0.013841923825094736
slit_tilt_x = 1.0540254504873203
slit_tilt_y = -8.559959029530434
slit_tilt_z = -9.026879900448089
d_slit_col = 1594.2903177756505
coll_tilt_x = 0.12137859537469961
coll_tilt_y = -0.026493607516188566
ech_G = 31.614566575389226
ech_blaze = -74.99489263948652
ech_gamma = 1.1556388583297286
echelle_z = 0.05700661098883176
d_col_trf = -1588.0163604223346
trf_mirror_tilt_x = 0.0072503734360669205
trf_mirror_tilt_y = 0.1554277599476139
d_col_grm = 0.03567775699472432
grism_dec_x = 236.38324313421504
grism_dec_y = 0.00924382439973169
grm_tilt_x = -0.023508100833708984
grm_tilt_y = 2.325791672629704
grm_G = 222.7840638597759
grm_apex = 17.76652436452408
d_grm_cam  = 21.604702779890985
cam_dec_x = -0.2711283021849243
cam_dec_y = 0.290852162041414
cam_tilt_x = 0.012402587373584729
cam_tilt_y = 0.008830185797318353
d_cam_ff  = -160.0771213413446
ccd_ff_dec_x = -0.023798232915583244
ccd_ff_dec_y = 0.04205581150054962
ccd_ff_tilt_x = 0.03341800995750815
ccd_ff_tilt_y = -0.5909870025014375
ccd_ff_tilt_z = 0.17192023325651037
d_ff_ccd  = -4.8160445101864395
ccd_dec_x = 0.5532987640137257
ccd_dec_y = 5.1076311489334545
ccd_defocus = 0.2857288478778513
ccd_tilt_x = 0.032576107677590345
ccd_tilt_y = -0.0021543218546621434
ccd_tilt_z = 4.713744980849742e-06
p = 0.0001