slit_dec_x_a = -0.1704010755187174
slit_dec_y_a = -0.1956586180351446
slit_dec_x_b = 0.175
slit_dec_y_b = -1.8745874310300505e-96
slit_defocus = 0.02138980251027808
slit_tilt_x = 1.114022383017379
slit_tilt_y = -8.538391537454027
slit_tilt_z = -8.991639035841985
d_slit_col = 1594.3099501950412
coll_tilt_x = 0.11313918208959177
coll_tilt_y = -0.028896912874009383
ech_G = 31.61323416902986
ech_blaze = -74.9748261141699
ech_gamma = 1.1389768690904742
echelle_z = 0.07477093506865984
d_col_trf = -1588.0172335293662
trf_mirror_tilt_x = 0.02628498230260929
trf_mirror_tilt_y = 0.16226433368459525
d_col_grm = -0.004852062473197816
grism_dec_x = 236.423342716514
grism_dec_y = 0.03816869304386325
grm_tilt_x = -0.014059745174995062
grm_tilt_y = 2.3052729693642964
grm_G = 222.82400225763092
grm_apex = 17.791022385439167
d_grm_cam  = 21.60981488561035
cam_dec_x = -0.3095254259609465
cam_dec_y = 0.24730616126863328
cam_tilt_x = -0.011100697791187091
cam_tilt_y = 0.0037600333929747494
d_cam_ff  = -160.0571906113139
ccd_ff_dec_x = -0.002598928844034901
ccd_ff_dec_y = 0.053024828446555906
ccd_ff_tilt_x = 0.019545021106116993
ccd_ff_tilt_y = -0.5727991302876053
ccd_ff_tilt_z = 0.18005113466992728
d_ff_ccd  = -4.8389264733648325
ccd_dec_x = 0.621403798602335
ccd_dec_y = 5.157151349979608
ccd_defocus = 0.28071809798374575
ccd_tilt_x = 0.0050878087161734175
ccd_tilt_y = -0.01087798637146098
ccd_tilt_z = 5.116000880013103e-06
p = 0.0001