slit_dec_x_a = -0.181778666534
slit_dec_y_a = -0.18243150017
slit_dec_x_b = 0.14512077562974193
slit_dec_y_b = -0.05510809031835813
slit_defocus = -0.0022070053912501097
slit_tilt_x = 1.1346889371530016
slit_tilt_y = -8.56837334175384
slit_tilt_z = -9.003566254478047
d_slit_col = 1594.3040007134941
coll_tilt_x = 0.08647669264124341
coll_tilt_y = -0.022057985012502904
ech_G = 31.610923735021142
ech_blaze = -74.99571559739502
ech_gamma = 1.1581212365669917
echelle_z = 0.056740405645895914
d_col_trf = -1588.0163498141926
trf_mirror_tilt_x = 0.12248896472483914
trf_mirror_tilt_y = 0.01871443693240163
d_col_grm = 0.01494831303016878
grism_dec_x = 236.39746747871123
grism_dec_y = -0.005057853113345391
grm_tilt_x = -0.02468200118357874
grm_tilt_y = 2.3273359501711086
grm_G = 222.78585369661167
grm_apex = 17.809071541296305
d_grm_cam  = 21.60482106503423
cam_dec_x = -0.2836317884218466
cam_dec_y = 0.28974672700595816
cam_tilt_x = 0.004328934681568955
cam_tilt_y = -0.027778934335168533
d_cam_ff  = -160.56949297715707
ccd_ff_dec_x = -0.022832666163736255
ccd_ff_dec_y = -0.047774947124587505
ccd_ff_tilt_x = 0.16504449859495762
ccd_ff_tilt_y = -0.5893566828493326
ccd_ff_tilt_z = 0.17176899082675776
d_ff_ccd  = -4.785403286696437
ccd_dec_x = 0.5518168893502059
ccd_dec_y = 5.106405726578242
ccd_defocus = 0.3158511658812535
ccd_tilt_x = 0.02136505557916389
ccd_tilt_y = -0.004196907281372069
ccd_tilt_z = 2.6451802299172477e-07
p = 1.844454545454545e-05