slit_dec_x_a = -0.17040491274803823
slit_dec_y_a = -0.1958308314323235
slit_dec_x_b = 0.175
slit_dec_y_b = -2.6637258852108224e-96
slit_defocus = 0.005517474133183771
slit_tilt_x = 1.1861148402203252
slit_tilt_y = -8.540101757393478
slit_tilt_z = -8.990819467089908
d_slit_col = 1594.294439773315
coll_tilt_x = 0.08852719115543639
coll_tilt_y = -0.03172132448120347
ech_G = 31.610673998105838
ech_blaze = -74.97709698502698
ech_gamma = 1.1404776508599375
echelle_z = 0.07545093472947235
d_col_trf = -1588.0185951943658
trf_mirror_tilt_x = 0.13865686543000025
trf_mirror_tilt_y = 0.07753861905061772
d_col_grm = -0.009545321536279489
grism_dec_x = 236.4343139749377
grism_dec_y = 0.03423115259459105
grm_tilt_x = -0.015930004960360962
grm_tilt_y = 2.3043682896376496
grm_G = 222.82518647109066
grm_apex = 17.8151232467477
d_grm_cam  = 21.60848307334156
cam_dec_x = -0.3020914019154125
cam_dec_y = 0.250338339384469
cam_tilt_x = -0.018306529507941538
cam_tilt_y = -0.015009817897277653
d_cam_ff  = -160.4009655374261
ccd_ff_dec_x = -0.0035345531480415597
ccd_ff_dec_y = 0.00016890421287647404
ccd_ff_tilt_x = 0.14601488486554356
ccd_ff_tilt_y = -0.5720136594023818
ccd_ff_tilt_z = 0.17255785932658085
d_ff_ccd  = -4.811200810499082
ccd_dec_x = 0.6206377917614179
ccd_dec_y = 5.155290739349178
ccd_defocus = 0.31631748264933246
ccd_tilt_x = 0.00779301066880182
ccd_tilt_y = -0.014014228662198149
ccd_tilt_z = 3.297368228855206e-06
p = 1.844454545454545e-05