slit_dec_x_a = -0.1704010755187174
slit_dec_y_a = -0.1956586180351446
slit_dec_x_b = 0.175
slit_dec_y_b = -1.7187590860923577e-96
slit_defocus = 0.005376538839911091
slit_tilt_x = 1.1861924672478934
slit_tilt_y = -8.540237468200733
slit_tilt_z = -8.990634251540156
d_slit_col = 1594.2944164899345
coll_tilt_x = 0.0886753101297048
coll_tilt_y = -0.03191276380243619
ech_G = 31.610665750958077
ech_blaze = -74.97694180798709
ech_gamma = 1.1402116928638997
echelle_z = 0.0746760208021367
d_col_trf = -1588.0185074505637
trf_mirror_tilt_x = 0.13891423071164608
trf_mirror_tilt_y = 0.07772737045613974
d_col_grm = -0.009632858533842726
grism_dec_x = 236.4341963675983
grism_dec_y = 0.034131441122323455
grm_tilt_x = -0.015772622353396864
grm_tilt_y = 2.304370852709704
grm_G = 222.82517007614217
grm_apex = 17.815221329798213
d_grm_cam  = 21.608469528778162
cam_dec_x = -0.30212168829299985
cam_dec_y = 0.2503511852115445
cam_tilt_x = -0.01865448898674096
cam_tilt_y = -0.015293712858789011
d_cam_ff  = -160.40164085395477
ccd_ff_dec_x = -0.0035048358867964557
ccd_ff_dec_y = 0.0003478596405887927
ccd_ff_tilt_x = 0.1459918069991106
ccd_ff_tilt_y = -0.5720725529579925
ccd_ff_tilt_z = 0.172561076024651
d_ff_ccd  = -4.811515720401516
ccd_dec_x = 0.6206273090996075
ccd_dec_y = 5.155289061886614
ccd_defocus = 0.316261228569171
ccd_tilt_x = 0.007549598920571971
ccd_tilt_y = -0.01421931461020904
ccd_tilt_z = 3.093151011537058e-06
p = 0.0001