slit_dec_x_a = -0.1704010755187174
slit_dec_y_a = -0.1956586180351446
slit_dec_x_b = 0.175
slit_dec_y_b = -1.8544136408573143e-96
slit_defocus = 0.005481555331283204
slit_tilt_x = 1.1860750663948367
slit_tilt_y = -8.539996332005972
slit_tilt_z = -8.990700836912488
d_slit_col = 1594.2945256436356
coll_tilt_x = 0.08854518958061891
coll_tilt_y = -0.03193492447681793
ech_G = 31.610642625100017
ech_blaze = -74.97694720515813
ech_gamma = 1.140197814158997
echelle_z = 0.07465633979422422
d_col_trf = -1588.0185179790203
trf_mirror_tilt_x = 0.138899411340344
trf_mirror_tilt_y = 0.0776609382113458
d_col_grm = -0.00941496479735352
grism_dec_x = 236.43445791178806
grism_dec_y = 0.03420798000356547
grm_tilt_x = -0.01576280211844278
grm_tilt_y = 2.304362179711897
grm_G = 222.8251724602788
grm_apex = 17.81517294684453
d_grm_cam  = 21.608489157909816
cam_dec_x = -0.30223678194200965
cam_dec_y = 0.2506313263921977
cam_tilt_x = -0.01859492655410049
cam_tilt_y = -0.015271405679167325
d_cam_ff  = -160.4009613785637
ccd_ff_dec_x = -0.0035019928074791306
ccd_ff_dec_y = 0.00028334809469929826
ccd_ff_tilt_x = 0.14607892228250216
ccd_ff_tilt_y = -0.572085926298521
ccd_ff_tilt_z = 0.1725519132488805
d_ff_ccd  = -4.811447305848622
ccd_dec_x = 0.6206592889842537
ccd_dec_y = 5.155268464150624
ccd_defocus = 0.3164655925318142
ccd_tilt_x = 0.007522933458694973
ccd_tilt_y = -0.01398679461816142
ccd_tilt_z = 3.106883051469596e-06
p = 0.0001