slit_dec_x_a = -0.1704010755187174
slit_dec_y_a = -0.1956586180351446
slit_dec_x_b = 0.175
slit_dec_y_b = -1.736177631001792e-96
slit_defocus = 0.005448302792690587
slit_tilt_x = 1.1859565352649157
slit_tilt_y = -8.540082147710363
slit_tilt_z = -8.990745393064577
d_slit_col = 1594.2943707838804
coll_tilt_x = 0.08863634650113726
coll_tilt_y = -0.03196886866149276
ech_G = 31.610662094282382
ech_blaze = -74.97693990033628
ech_gamma = 1.1402145655642661
echelle_z = 0.07468970594997057
d_col_trf = -1588.018536451605
trf_mirror_tilt_x = 0.1387964302210146
trf_mirror_tilt_y = 0.077580747049137
d_col_grm = -0.009663259125295648
grism_dec_x = 236.4343358310643
grism_dec_y = 0.034080903486772667
grm_tilt_x = -0.015757534307737887
grm_tilt_y = 2.3043670198527884
grm_G = 222.82517635863925
grm_apex = 17.815076055330728
d_grm_cam  = 21.608506789068343
cam_dec_x = -0.3020146863288633
cam_dec_y = 0.25028172791890974
cam_tilt_x = -0.018664002014689443
cam_tilt_y = -0.015235630783710203
d_cam_ff  = -160.40072706014948
ccd_ff_dec_x = -0.0034851045909374922
ccd_ff_dec_y = 0.00019762514981626147
ccd_ff_tilt_x = 0.14599044293942604
ccd_ff_tilt_y = -0.5720887061719395
ccd_ff_tilt_z = 0.17257575301653327
d_ff_ccd  = -4.81133151439263
ccd_dec_x = 0.6206607705871086
ccd_dec_y = 5.155277216521864
ccd_defocus = 0.31632039115278876
ccd_tilt_x = 0.007665516634897226
ccd_tilt_y = -0.014149357579543113
ccd_tilt_z = 3.059787296772838e-06
p = 0.0001