slit_dec_x_a = -0.1704010755187174
slit_dec_y_a = -0.1956586180351446
slit_dec_x_b = 0.175
slit_dec_y_b = -1.5990917994189816e-96
slit_defocus = 0.005630943958874199
slit_tilt_x = 1.1860887340221409
slit_tilt_y = -8.539974893930838
slit_tilt_z = -8.990695597293112
d_slit_col = 1594.294676644494
coll_tilt_x = 0.08856709019573264
coll_tilt_y = -0.03202244964677805
ech_G = 31.610664103708697
ech_blaze = -74.9769439183666
ech_gamma = 1.1402019686906957
echelle_z = 0.07468586783626652
d_col_trf = -1588.018514949014
trf_mirror_tilt_x = 0.13873557749768906
trf_mirror_tilt_y = 0.07759915413622084
d_col_grm = -0.009561505339449125
grism_dec_x = 236.43438916500483
grism_dec_y = 0.03421654312405377
grm_tilt_x = -0.015770756691881705
grm_tilt_y = 2.3043524650513763
grm_G = 222.82518101508347
grm_apex = 17.815052286128136
d_grm_cam  = 21.60849289343489
cam_dec_x = -0.30193896401974174
cam_dec_y = 0.25027798155070236
cam_tilt_x = -0.018867318666221447
cam_tilt_y = -0.01511234952661279
d_cam_ff  = -160.40051768963554
ccd_ff_dec_x = -0.003510849338787644
ccd_ff_dec_y = 0.0002755993675917493
ccd_ff_tilt_x = 0.1459386966861657
ccd_ff_tilt_y = -0.5720864759521387
ccd_ff_tilt_z = 0.17256930253542133
d_ff_ccd  = -4.8115391257913975
ccd_dec_x = 0.6206544976022773
ccd_dec_y = 5.155287488496431
ccd_defocus = 0.31636927109974833
ccd_tilt_x = 0.007781542431038305
ccd_tilt_y = -0.014119602957935861
ccd_tilt_z = 3.0864770774792874e-06
p = 0.0001