slit_dec_x_a = -0.1704010755187174
slit_dec_y_a = -0.1956586180351446
slit_dec_x_b = 0.175
slit_dec_y_b = -1.7268047181662923e-96
slit_defocus = 0.005345258673237863
slit_tilt_x = 1.1861645432816381
slit_tilt_y = -8.539922371315281
slit_tilt_z = -8.990816841745092
d_slit_col = 1594.294723327427
coll_tilt_x = 0.08869399510096197
coll_tilt_y = -0.03195012192806974
ech_G = 31.610665013064388
ech_blaze = -74.97693390977807
ech_gamma = 1.1402145123615695
echelle_z = 0.07466262291173408
d_col_trf = -1588.0185188215924
trf_mirror_tilt_x = 0.1388622287445542
trf_mirror_tilt_y = 0.07743160705389755
d_col_grm = -0.009520246310253494
grism_dec_x = 236.43435309091637
grism_dec_y = 0.03410954552124393
grm_tilt_x = -0.015762622190540126
grm_tilt_y = 2.3043405967401975
grm_G = 222.82517601723367
grm_apex = 17.81515820441702
d_grm_cam  = 21.60849359956936
cam_dec_x = -0.3020202260240047
cam_dec_y = 0.250258153817132
cam_tilt_x = -0.018668703740146533
cam_tilt_y = -0.015207508232974204
d_cam_ff  = -160.40182624276207
ccd_ff_dec_x = -0.0034957779650797664
ccd_ff_dec_y = 0.0004035966361909612
ccd_ff_tilt_x = 0.14606621600830993
ccd_ff_tilt_y = -0.5720847427310619
ccd_ff_tilt_z = 0.1725871773270552
d_ff_ccd  = -4.811395665502377
ccd_dec_x = 0.620656121330056
ccd_dec_y = 5.15528643689042
ccd_defocus = 0.3165321347838517
ccd_tilt_x = 0.0078041412880285824
ccd_tilt_y = -0.013893462374080064
ccd_tilt_z = 3.06216489368919e-06
p = 0.0001