slit_dec_x_a = -0.1704010755187174
slit_dec_y_a = -0.1956586180351446
slit_dec_x_b = 0.175
slit_dec_y_b = -1.690455088371796e-96
slit_defocus = 0.005199585096796686
slit_tilt_x = 1.18621412922192
slit_tilt_y = -8.540190794113807
slit_tilt_z = -8.990896350049198
d_slit_col = 1594.2945813311226
coll_tilt_x = 0.08873071899294652
coll_tilt_y = -0.03195106937579108
ech_G = 31.610664396964804
ech_blaze = -74.97693996308969
ech_gamma = 1.1402141197329312
echelle_z = 0.07468171894057477
d_col_trf = -1588.0185261899098
trf_mirror_tilt_x = 0.13902283555888467
trf_mirror_tilt_y = 0.07767903404587885
d_col_grm = -0.009484914035530796
grism_dec_x = 236.43414414861678
grism_dec_y = 0.034194796673091374
grm_tilt_x = -0.015784497366129194
grm_tilt_y = 2.304362225193229
grm_G = 222.8251915402284
grm_apex = 17.815082320575293
d_grm_cam  = 21.60847933567797
cam_dec_x = -0.30201841359956116
cam_dec_y = 0.25044218607502644
cam_tilt_x = -0.01854700763887569
cam_tilt_y = -0.015279144337264017
d_cam_ff  = -160.40138230787485
ccd_ff_dec_x = -0.003513483517718995
ccd_ff_dec_y = 0.0002925343959684641
ccd_ff_tilt_x = 0.1459807513110436
ccd_ff_tilt_y = -0.572080258720517
ccd_ff_tilt_z = 0.1725821285976206
d_ff_ccd  = -4.811467366511901
ccd_dec_x = 0.6206637988301567
ccd_dec_y = 5.155271461204666
ccd_defocus = 0.3163228204817036
ccd_tilt_x = 0.007732403593021345
ccd_tilt_y = -0.01407308455881456
ccd_tilt_z = 3.086913021688677e-06
p = 0.0001