slit_dec_x_a = -0.1704010755187174
slit_dec_y_a = -0.1956586180351446
slit_dec_x_b = 0.175
slit_dec_y_b = -1.7549676506655978e-96
slit_defocus = 0.005548599382726388
slit_tilt_x = 1.1861762653455157
slit_tilt_y = -8.540087159568605
slit_tilt_z = -8.99070127119594
d_slit_col = 1594.2946013227709
coll_tilt_x = 0.08871200558501224
coll_tilt_y = -0.031995533173027425
ech_G = 31.610680360980016
ech_blaze = -74.97694214542466
ech_gamma = 1.1402071347371858
echelle_z = 0.07465805949591471
d_col_trf = -1588.018522370835
trf_mirror_tilt_x = 0.13881838467911237
trf_mirror_tilt_y = 0.07765444489577597
d_col_grm = -0.009509901159967365
grism_dec_x = 236.4342179080272
grism_dec_y = 0.03414847720801473
grm_tilt_x = -0.015776251803109133
grm_tilt_y = 2.3043508787365226
grm_G = 222.82517499051886
grm_apex = 17.815190674190998
d_grm_cam  = 21.608487322764702
cam_dec_x = -0.3019159930062276
cam_dec_y = 0.2503893116589481
cam_tilt_x = -0.01876312618036527
cam_tilt_y = -0.015094850166456689
d_cam_ff  = -160.40140709819383
ccd_ff_dec_x = -0.0035020871136636354
ccd_ff_dec_y = 0.00022572126378288577
ccd_ff_tilt_x = 0.14597671779482724
ccd_ff_tilt_y = -0.5720877036110129
ccd_ff_tilt_z = 0.17256570669022656
d_ff_ccd  = -4.811474098981641
ccd_dec_x = 0.6206684388530476
ccd_dec_y = 5.155290314262495
ccd_defocus = 0.31641856106722127
ccd_tilt_x = 0.0075919135393787635
ccd_tilt_y = -0.014064176811566447
ccd_tilt_z = 3.088289625556946e-06
p = 0.0001