slit_dec_x_a = -0.1704010755187174
slit_dec_y_a = -0.1956586180351446
slit_dec_x_b = 0.175
slit_dec_y_b = -1.7262426855335377e-96
slit_defocus = 0.005462246747358218
slit_tilt_x = 1.1861247133894164
slit_tilt_y = -8.54001915693831
slit_tilt_z = -8.990672525836855
d_slit_col = 1594.2946522016098
coll_tilt_x = 0.08870545122254084
coll_tilt_y = -0.03199239199351627
ech_G = 31.610666697341326
ech_blaze = -74.97694384703946
ech_gamma = 1.1402039762260836
echelle_z = 0.07469546375357557
d_col_trf = -1588.0185201872375
trf_mirror_tilt_x = 0.13867843027020066
trf_mirror_tilt_y = 0.077526581493844
d_col_grm = -0.009540023930144458
grism_dec_x = 236.43405732926212
grism_dec_y = 0.034143273593845475
grm_tilt_x = -0.015763691781994375
grm_tilt_y = 2.3043656676093263
grm_G = 222.82516372588256
grm_apex = 17.815003153627778
d_grm_cam  = 21.608490851745678
cam_dec_x = -0.30187274428096744
cam_dec_y = 0.2504993359623069
cam_tilt_x = -0.018647001782312055
cam_tilt_y = -0.01524979751024312
d_cam_ff  = -160.40198178606093
ccd_ff_dec_x = -0.0035004518109346522
ccd_ff_dec_y = 0.00034565063952596124
ccd_ff_tilt_x = 0.1460007819314307
ccd_ff_tilt_y = -0.5720844533299692
ccd_ff_tilt_z = 0.17256447445924164
d_ff_ccd  = -4.811344880810045
ccd_dec_x = 0.6206608686198221
ccd_dec_y = 5.155302387190523
ccd_defocus = 0.31646338175352434
ccd_tilt_x = 0.007725329925465982
ccd_tilt_y = -0.01409589412382616
ccd_tilt_z = 3.118412622215216e-06
p = 0.0001