slit_dec_x_a = -0.1704010755187174
slit_dec_y_a = -0.1956586180351446
slit_dec_x_b = 0.175
slit_dec_y_b = -1.7325669631962091e-96
slit_defocus = 0.005332141917668316
slit_tilt_x = 1.1860304650374351
slit_tilt_y = -8.540060767893944
slit_tilt_z = -8.991021353925543
d_slit_col = 1594.2944547842835
coll_tilt_x = 0.08847302514184902
coll_tilt_y = -0.032040185378379354
ech_G = 31.61064781525907
ech_blaze = -74.97693863583373
ech_gamma = 1.1402151644211307
echelle_z = 0.07469883957329451
d_col_trf = -1588.0185219198538
trf_mirror_tilt_x = 0.13893777261708964
trf_mirror_tilt_y = 0.07760133220880529
d_col_grm = -0.009535284597548049
grism_dec_x = 236.43414924326848
grism_dec_y = 0.03416056799448681
grm_tilt_x = -0.015780959975551657
grm_tilt_y = 2.3043619621689353
grm_G = 222.8251669993853
grm_apex = 17.81498272746488
d_grm_cam  = 21.608491112045858
cam_dec_x = -0.30203220324615837
cam_dec_y = 0.25026901368839766
cam_tilt_x = -0.01885803739384596
cam_tilt_y = -0.01511653564922362
d_cam_ff  = -160.4015755510198
ccd_ff_dec_x = -0.003526308877964537
ccd_ff_dec_y = 0.00044027875961061996
ccd_ff_tilt_x = 0.14607088569479196
ccd_ff_tilt_y = -0.5720775853509182
ccd_ff_tilt_z = 0.1725774071298619
d_ff_ccd  = -4.8113037214947125
ccd_dec_x = 0.6206669029307403
ccd_dec_y = 5.1552982491770365
ccd_defocus = 0.31634188412617986
ccd_tilt_x = 0.00770969689099791
ccd_tilt_y = -0.014309918696707084
ccd_tilt_z = 3.1591160276793223e-06
p = 0.0001