slit_dec_x_a = -0.1618030611923369
slit_dec_y_a = -0.1979296885721006
slit_dec_x_b = 0.175
slit_dec_y_b = -1.4426717919069873e-96
slit_defocus = 0.004992246175513657
slit_tilt_x = 1.191118238414054
slit_tilt_y = -8.540024886355232
slit_tilt_z = -8.992631779880433
d_slit_col = 1594.2971528529783
coll_tilt_x = 0.09196164645506427
coll_tilt_y = -0.033662227917875175
ech_G = 31.611039056622907
ech_blaze = -74.97657422623412
ech_gamma = 1.1403279839178893
echelle_z = 0.07433154814573811
d_col_trf = -1588.018813982863
trf_mirror_tilt_x = 0.1427711926207034
trf_mirror_tilt_y = 0.08425084551775966
d_col_grm = -0.006182117120917143
grism_dec_x = 236.43041577899626
grism_dec_y = 0.028957403788406846
grm_tilt_x = -0.0158043138745877
grm_tilt_y = 2.304238897970653
grm_G = 222.8245519117684
grm_apex = 17.79830563370319
d_grm_cam  = 21.6096891411875
cam_dec_x = -0.30332025770344495
cam_dec_y = 0.2504146216901729
cam_tilt_x = -0.01797788915684731
cam_tilt_y = -0.02225665652656804
d_cam_ff  = -160.41670763898895
ccd_ff_dec_x = -0.0035191857605835846
ccd_ff_dec_y = 6.688903335529482e-05
ccd_ff_tilt_x = 0.14999300580462172
ccd_ff_tilt_y = -0.5727353591589535
ccd_ff_tilt_z = 0.17988476160985684
d_ff_ccd  = -4.813481337530869
ccd_dec_x = 0.6198918284334718
ccd_dec_y = 5.155161187850032
ccd_defocus = 0.3076818964203069
ccd_tilt_x = 0.004600090842710286
ccd_tilt_y = -0.01060410763670236
ccd_tilt_z = 7.902370417331064e-07
p = 0.0001