slit_dec_x_a = -0.1704010755187174
slit_dec_y_a = -0.1956586180351446
slit_dec_x_b = 0.175
slit_dec_y_b = -1.619589959439684e-96
slit_defocus = 0.005434434949019894
slit_tilt_x = 1.1860120474514189
slit_tilt_y = -8.54035059871926
slit_tilt_z = -8.990636949215666
d_slit_col = 1594.2945759059276
coll_tilt_x = 0.08856739963097301
coll_tilt_y = -0.03196673547776927
ech_G = 31.610666167942473
ech_blaze = -74.97694367804392
ech_gamma = 1.1402121862694397
echelle_z = 0.07467371285855515
d_col_trf = -1588.0185141011339
trf_mirror_tilt_x = 0.13882903262765142
trf_mirror_tilt_y = 0.07756805017451494
d_col_grm = -0.009529833257764736
grism_dec_x = 236.43436751469588
grism_dec_y = 0.03422934214018283
grm_tilt_x = -0.0157736716482243
grm_tilt_y = 2.3043610814940054
grm_G = 222.82516287789718
grm_apex = 17.814935480780825
d_grm_cam  = 21.608495099301276
cam_dec_x = -0.3020643816788424
cam_dec_y = 0.25044862022437625
cam_tilt_x = -0.018843489186747275
cam_tilt_y = -0.015298837580053796
d_cam_ff  = -160.40208943880964
ccd_ff_dec_x = -0.0034984453341584663
ccd_ff_dec_y = 0.0002116810224420534
ccd_ff_tilt_x = 0.14617740175290503
ccd_ff_tilt_y = -0.5720947847571674
ccd_ff_tilt_z = 0.17257025352391656
d_ff_ccd  = -4.811504260554603
ccd_dec_x = 0.6206569283076164
ccd_dec_y = 5.155296615162631
ccd_defocus = 0.31644569099305137
ccd_tilt_x = 0.007638049659456942
ccd_tilt_y = -0.014119854739790163
ccd_tilt_z = 3.1510177379510772e-06
p = 0.0001