slit_dec_x_a = -0.181778666534
slit_dec_y_a = -0.18243150017
slit_dec_x_b = 0.13971189918120702
slit_dec_y_b = -0.05510837163381987
slit_defocus = -0.0086080064068403
slit_tilt_x = 1.1407631153485973
slit_tilt_y = -8.559905120944265
slit_tilt_z = -9.003816647803704
d_slit_col = 1594.3001907555915
coll_tilt_x = 0.0913047762962207
coll_tilt_y = -0.03364239600585392
ech_G = 31.611048503392574
ech_blaze = -74.99548602303722
ech_gamma = 1.1587420701694908
echelle_z = 0.05875203655817942
d_col_trf = -1588.016137147997
trf_mirror_tilt_x = 0.12403942657496451
trf_mirror_tilt_y = 0.052564529036769676
d_col_grm = 0.021674479693779773
grism_dec_x = 236.39702680733055
grism_dec_y = 0.0046203700201107225
grm_tilt_x = -0.024845019210244793
grm_tilt_y = 2.3263144089428462
grm_G = 222.78607114997737
grm_apex = 17.761851051799
d_grm_cam  = 21.604320338732446
cam_dec_x = -0.2903450768960904
cam_dec_y = 0.28740749898725565
cam_tilt_x = 0.006267683599438114
cam_tilt_y = -0.030122257310664063
d_cam_ff  = -160.50553077224632
ccd_ff_dec_x = -0.023436431974850944
ccd_ff_dec_y = -0.04184946552681993
ccd_ff_tilt_x = 0.17225822641611224
ccd_ff_tilt_y = -0.5897767327617649
ccd_ff_tilt_z = 0.17310373232019471
d_ff_ccd  = -4.800300341428212
ccd_dec_x = 0.5522870607660968
ccd_dec_y = 5.105803436070774
ccd_defocus = 0.3055642244172183
ccd_tilt_x = 0.020586232036626944
ccd_tilt_y = 0.0027779491299023636
ccd_tilt_z = -1.206320303671372e-06
p = 0.0001