slit_dec_x_a = -0.1704010755187174
slit_dec_y_a = -0.1956586180351446
slit_dec_x_b = 0.175
slit_dec_y_b = -1.6355620215441718e-96
slit_defocus = 0.005533508549565236
slit_tilt_x = 1.1860556599336907
slit_tilt_y = -8.540092821349404
slit_tilt_z = -8.99068347381739
d_slit_col = 1594.2946997881538
coll_tilt_x = 0.08869901718688497
coll_tilt_y = -0.03201893551379378
ech_G = 31.610667871096982
ech_blaze = -74.97693130128026
ech_gamma = 1.1402111951743943
echelle_z = 0.07466760394981972
d_col_trf = -1588.0185179809287
trf_mirror_tilt_x = 0.13895269678452296
trf_mirror_tilt_y = 0.07764141991755552
d_col_grm = -0.009558363125405341
grism_dec_x = 236.43423021235037
grism_dec_y = 0.03404768792673394
grm_tilt_x = -0.015780810589920438
grm_tilt_y = 2.30437447590504
grm_G = 222.82517747214095
grm_apex = 17.815027504720312
d_grm_cam  = 21.60848449450406
cam_dec_x = -0.30189849768370164
cam_dec_y = 0.25030704022013506
cam_tilt_x = -0.01864733531394796
cam_tilt_y = -0.015187421607988427
d_cam_ff  = -160.4010039070643
ccd_ff_dec_x = -0.0035151962892375865
ccd_ff_dec_y = 0.00023480072236081932
ccd_ff_tilt_x = 0.14588296784017799
ccd_ff_tilt_y = -0.5720851665425987
ccd_ff_tilt_z = 0.17256749643986943
d_ff_ccd  = -4.811555980592106
ccd_dec_x = 0.6206453290538666
ccd_dec_y = 5.1552761458255665
ccd_defocus = 0.31642995358627796
ccd_tilt_x = 0.007444906732272668
ccd_tilt_y = -0.014205638633428132
ccd_tilt_z = 3.1110522493909668e-06
p = 0.0001