slit_dec_x_a = -0.1704010755187174
slit_dec_y_a = -0.1956586180351446
slit_dec_x_b = 0.175
slit_dec_y_b = -1.3895741415259834e-96
slit_defocus = 0.005013013357309671
slit_tilt_x = 1.1911362190902812
slit_tilt_y = -8.540003302912327
slit_tilt_z = -8.992624491760989
d_slit_col = 1594.2971710977554
coll_tilt_x = 0.09204234062465723
coll_tilt_y = -0.033663132146986414
ech_G = 31.611032980594775
ech_blaze = -74.97660716719793
ech_gamma = 1.1403252475572339
echelle_z = 0.07433016079199525
d_col_trf = -1588.018814627785
trf_mirror_tilt_x = 0.14277514143150305
trf_mirror_tilt_y = 0.08424378358066328
d_col_grm = -0.006186897215752615
grism_dec_x = 236.43043833535683
grism_dec_y = 0.02898299763887039
grm_tilt_x = -0.015807500808269925
grm_tilt_y = 2.304237239548844
grm_G = 222.82455086135954
grm_apex = 17.798325303758443
d_grm_cam  = 21.60969079469685
cam_dec_x = -0.3033215911079923
cam_dec_y = 0.25040134700903866
cam_tilt_x = -0.01796198737887629
cam_tilt_y = -0.022273450937415215
d_cam_ff  = -160.41671767284382
ccd_ff_dec_x = -0.0035192750081863788
ccd_ff_dec_y = 3.539204386877289e-05
ccd_ff_tilt_x = 0.1500043091850922
ccd_ff_tilt_y = -0.5727355045492867
ccd_ff_tilt_z = 0.17988340125732252
d_ff_ccd  = -4.813461370771647
ccd_dec_x = 0.6198878121020737
ccd_dec_y = 5.155139285584978
ccd_defocus = 0.3076676048402799
ccd_tilt_x = 0.00457672300123331
ccd_tilt_y = -0.010593015821755359
ccd_tilt_z = 8.674860947569103e-07
p = 0.0001