slit_dec_x_a = -0.1704010755187174
slit_dec_y_a = -0.1956586180351446
slit_dec_x_b = 0.175
slit_dec_y_b = -1.6468912151028382e-96
slit_defocus = 0.005577031229015587
slit_tilt_x = 1.186180472429014
slit_tilt_y = -8.540065292022753
slit_tilt_z = -8.9906367462223
d_slit_col = 1594.2945753021258
coll_tilt_x = 0.08867903833416288
coll_tilt_y = -0.03197966797022691
ech_G = 31.61067099503698
ech_blaze = -74.97696557073141
ech_gamma = 1.1401923481750016
echelle_z = 0.07466898165855342
d_col_trf = -1588.0185286708518
trf_mirror_tilt_x = 0.13880716697268478
trf_mirror_tilt_y = 0.07770498867790321
d_col_grm = -0.00960819088585837
grism_dec_x = 236.43441723997879
grism_dec_y = 0.0341335777907457
grm_tilt_x = -0.01579438674895926
grm_tilt_y = 2.3043553261642113
grm_G = 222.8251788819253
grm_apex = 17.815207043694976
d_grm_cam  = 21.60849915850986
cam_dec_x = -0.301852071387802
cam_dec_y = 0.2502241776117555
cam_tilt_x = -0.018659920708942852
cam_tilt_y = -0.01515663927560783
d_cam_ff  = -160.40191403284302
ccd_ff_dec_x = -0.0035257806605612863
ccd_ff_dec_y = 0.0004311561232893639
ccd_ff_tilt_x = 0.14595139903140056
ccd_ff_tilt_y = -0.5720797925614064
ccd_ff_tilt_z = 0.17257527817942853
d_ff_ccd  = -4.81136735614239
ccd_dec_x = 0.6206455930730209
ccd_dec_y = 5.155287933498414
ccd_defocus = 0.31639131069303494
ccd_tilt_x = 0.0076306784803928515
ccd_tilt_y = -0.014067018521483886
ccd_tilt_z = 3.112075740911498e-06
p = 0.0001