slit_dec_x_a = -0.1704010755187174
slit_dec_y_a = -0.1956586180351446
slit_dec_x_b = 0.175
slit_dec_y_b = -1.164702226461249e-96
slit_defocus = 0.004922233065954708
slit_tilt_x = 1.1812691508420008
slit_tilt_y = -8.542037389203694
slit_tilt_z = -8.990439801399905
d_slit_col = 1594.2944741949816
coll_tilt_x = 0.08680451080535016
coll_tilt_y = -0.030591022905347733
ech_G = 31.610466345891826
ech_blaze = -74.97700057428628
ech_gamma = 1.1400999409422043
echelle_z = 0.0749794850137907
d_col_trf = -1588.0183958384528
trf_mirror_tilt_x = 0.1390887163888641
trf_mirror_tilt_y = 0.07782063200591262
d_col_grm = -0.01044527123997755
grism_dec_x = 236.43354292081193
grism_dec_y = 0.03531080192145733
grm_tilt_x = -0.015760906376844297
grm_tilt_y = 2.304302158740106
grm_G = 222.82503005749376
grm_apex = 17.818732361837288
d_grm_cam  = 21.608421123588396
cam_dec_x = -0.3005621427202905
cam_dec_y = 0.2507217577443345
cam_tilt_x = -0.018885596180497448
cam_tilt_y = -0.01610884849774265
d_cam_ff  = -160.42611273470877
ccd_ff_dec_x = -0.0035595625748538434
ccd_ff_dec_y = 0.00023150344351295678
ccd_ff_tilt_x = 0.1435145433609906
ccd_ff_tilt_y = -0.5719265765413621
ccd_ff_tilt_z = 0.17254748600009912
d_ff_ccd  = -4.806577188706646
ccd_dec_x = 0.6206966818759422
ccd_dec_y = 5.155198046461473
ccd_defocus = 0.3225360089244885
ccd_tilt_x = 0.007500670901490663
ccd_tilt_y = -0.013898908004423744
ccd_tilt_z = 3.2792281622718978e-06
p = 0.0001