slit_dec_x_a = -0.1704010755187174
slit_dec_y_a = -0.1956586180351446
slit_dec_x_b = 0.175
slit_dec_y_b = -1.7880178138046945e-96
slit_defocus = 0.005380353116633468
slit_tilt_x = 1.1860568716748483
slit_tilt_y = -8.539988361440008
slit_tilt_z = -8.990923802031414
d_slit_col = 1594.294612323229
coll_tilt_x = 0.08877312198799424
coll_tilt_y = -0.03200700165059909
ech_G = 31.610675217990927
ech_blaze = -74.9769495791335
ech_gamma = 1.1402078054475673
echelle_z = 0.07467453413571043
d_col_trf = -1588.0184986858221
trf_mirror_tilt_x = 0.1389572523193096
trf_mirror_tilt_y = 0.07775668825095
d_col_grm = -0.009456835762672021
grism_dec_x = 236.4341562715983
grism_dec_y = 0.03419515705378406
grm_tilt_x = -0.015778411440642653
grm_tilt_y = 2.304345230476057
grm_G = 222.82517008390045
grm_apex = 17.815046346583667
d_grm_cam  = 21.6084965970426
cam_dec_x = -0.3019300300261908
cam_dec_y = 0.2504742106490663
cam_tilt_x = -0.018576429062723325
cam_tilt_y = -0.015150466695921952
d_cam_ff  = -160.4009138984171
ccd_ff_dec_x = -0.0035144804445736795
ccd_ff_dec_y = 0.00031067041205011455
ccd_ff_tilt_x = 0.14597149627894207
ccd_ff_tilt_y = -0.5721052608687217
ccd_ff_tilt_z = 0.17255944284247415
d_ff_ccd  = -4.8114644271227265
ccd_dec_x = 0.6206627486927108
ccd_dec_y = 5.155302431592291
ccd_defocus = 0.31631591407344334
ccd_tilt_x = 0.007639935531112106
ccd_tilt_y = -0.014098695471153194
ccd_tilt_z = 3.0646412590704318e-06
p = 0.0001