slit_dec_x_a = -0.1704010755187174
slit_dec_y_a = -0.1956586180351446
slit_dec_x_b = 0.175
slit_dec_y_b = -1.6237552145812568e-96
slit_defocus = 0.005562551250145774
slit_tilt_x = 1.1860721117265405
slit_tilt_y = -8.54006509250957
slit_tilt_z = -8.990843823212508
d_slit_col = 1594.2945711008783
coll_tilt_x = 0.08869589754287106
coll_tilt_y = -0.03191429607856531
ech_G = 31.610665382999095
ech_blaze = -74.97693811495265
ech_gamma = 1.140208766382759
echelle_z = 0.07467362948541773
d_col_trf = -1588.0185215059403
trf_mirror_tilt_x = 0.1387492738389881
trf_mirror_tilt_y = 0.07756042875128662
d_col_grm = -0.009486697287989615
grism_dec_x = 236.43427254500529
grism_dec_y = 0.03413551703473482
grm_tilt_x = -0.01577149270880141
grm_tilt_y = 2.304340647822763
grm_G = 222.8251727439778
grm_apex = 17.815205844129224
d_grm_cam  = 21.608488161826273
cam_dec_x = -0.30204509012687353
cam_dec_y = 0.2502980824994528
cam_tilt_x = -0.01860364372058812
cam_tilt_y = -0.01526368870935854
d_cam_ff  = -160.4012684491864
ccd_ff_dec_x = -0.0035109057888579225
ccd_ff_dec_y = 0.0003247714918312649
ccd_ff_tilt_x = 0.14602445250872695
ccd_ff_tilt_y = -0.5720997895260472
ccd_ff_tilt_z = 0.17255449943472242
d_ff_ccd  = -4.811398727525602
ccd_dec_x = 0.6206582968522187
ccd_dec_y = 5.155288051215511
ccd_defocus = 0.3162018780148965
ccd_tilt_x = 0.0077730196984756444
ccd_tilt_y = -0.01432253030204157
ccd_tilt_z = 3.1457144376648243e-06
p = 0.0001