slit_dec_x_a = -0.1704010755187174
slit_dec_y_a = -0.1956586180351446
slit_dec_x_b = 0.175
slit_dec_y_b = -1.8376194317889986e-96
slit_defocus = 0.005568829128126419
slit_tilt_x = 1.1861507673829719
slit_tilt_y = -8.540040677089321
slit_tilt_z = -8.990744064784135
d_slit_col = 1594.2946773985955
coll_tilt_x = 0.0886284173947696
coll_tilt_y = -0.0320055647559512
ech_G = 31.610662696570902
ech_blaze = -74.97694708580556
ech_gamma = 1.1402011274039787
echelle_z = 0.07467168636567496
d_col_trf = -1588.0185206279443
trf_mirror_tilt_x = 0.13903527380604944
trf_mirror_tilt_y = 0.07746943923048655
d_col_grm = -0.009394757355411936
grism_dec_x = 236.43425935112387
grism_dec_y = 0.033934611540877
grm_tilt_x = -0.01578003952183654
grm_tilt_y = 2.3043415042451705
grm_G = 222.82517698478122
grm_apex = 17.81518375589557
d_grm_cam  = 21.60848332681775
cam_dec_x = -0.30194784781767364
cam_dec_y = 0.25050799454639694
cam_tilt_x = -0.018720760361591305
cam_tilt_y = -0.015111425516969524
d_cam_ff  = -160.40105461274536
ccd_ff_dec_x = -0.0035084502733931256
ccd_ff_dec_y = 0.0003909783422496284
ccd_ff_tilt_x = 0.1459924204797087
ccd_ff_tilt_y = -0.5720845470453283
ccd_ff_tilt_z = 0.17256016087123588
d_ff_ccd  = -4.81147460740975
ccd_dec_x = 0.6206548536000676
ccd_dec_y = 5.1552846659609335
ccd_defocus = 0.3162964605070381
ccd_tilt_x = 0.007744781241286137
ccd_tilt_y = -0.014220764221980037
ccd_tilt_z = 3.079892043402073e-06
p = 0.0001