slit_dec_x_a = -0.1704010755187174
slit_dec_y_a = -0.1956586180351446
slit_dec_x_b = 0.175
slit_dec_y_b = -1.7096606666955672e-96
slit_defocus = 0.005585725950606775
slit_tilt_x = 1.1862888626901686
slit_tilt_y = -8.54010833442563
slit_tilt_z = -8.990782969040369
d_slit_col = 1594.2946475376414
coll_tilt_x = 0.08856757048986269
coll_tilt_y = -0.03196616041029357
ech_G = 31.61066534502486
ech_blaze = -74.97693986647796
ech_gamma = 1.1401875468878089
echelle_z = 0.07467377638179416
d_col_trf = -1588.0185155228794
trf_mirror_tilt_x = 0.13890872445898708
trf_mirror_tilt_y = 0.07769311541152568
d_col_grm = -0.009616481034771246
grism_dec_x = 236.4342697780819
grism_dec_y = 0.0341497739803868
grm_tilt_x = -0.01577553720190499
grm_tilt_y = 2.304345830500812
grm_G = 222.82516553286615
grm_apex = 17.815147332688504
d_grm_cam  = 21.608501290772388
cam_dec_x = -0.30210972284232795
cam_dec_y = 0.25033572325248327
cam_tilt_x = -0.018871258901739157
cam_tilt_y = -0.015206960355877992
d_cam_ff  = -160.40137272055549
ccd_ff_dec_x = -0.003521079253956289
ccd_ff_dec_y = 0.0003689591643124776
ccd_ff_tilt_x = 0.1459599723386124
ccd_ff_tilt_y = -0.5720960054096866
ccd_ff_tilt_z = 0.1725677054522399
d_ff_ccd  = -4.811399731622207
ccd_dec_x = 0.620653064016009
ccd_dec_y = 5.155288281198627
ccd_defocus = 0.31635091663091225
ccd_tilt_x = 0.007468431739116912
ccd_tilt_y = -0.014092550666373766
ccd_tilt_z = 3.0962424068991128e-06
p = 0.0001