slit_dec_x_a = -0.1704010755187174
slit_dec_y_a = -0.1956586180351446
slit_dec_x_b = 0.175
slit_dec_y_b = -1.830429247665741e-96
slit_defocus = 0.005414043860161414
slit_tilt_x = 1.1861340882194258
slit_tilt_y = -8.539992245445793
slit_tilt_z = -8.990600596509744
d_slit_col = 1594.2945880331258
coll_tilt_x = 0.08872909292285543
coll_tilt_y = -0.03191682620221067
ech_G = 31.61067331469057
ech_blaze = -74.97695322221796
ech_gamma = 1.1402027107651267
echelle_z = 0.07467742847651168
d_col_trf = -1588.0185216853565
trf_mirror_tilt_x = 0.1386664411311912
trf_mirror_tilt_y = 0.07749033954984184
d_col_grm = -0.009543898798752127
grism_dec_x = 236.43421427675463
grism_dec_y = 0.034280760586220545
grm_tilt_x = -0.01576327076609314
grm_tilt_y = 2.3043425969697315
grm_G = 222.8251982198874
grm_apex = 17.815130125054658
d_grm_cam  = 21.608486355825985
cam_dec_x = -0.3021032046888853
cam_dec_y = 0.2505609041749623
cam_tilt_x = -0.018640999527066143
cam_tilt_y = -0.015317349251684495
d_cam_ff  = -160.40105039990704
ccd_ff_dec_x = -0.0034995818870912835
ccd_ff_dec_y = 0.00020651889789867335
ccd_ff_tilt_x = 0.1458352519840993
ccd_ff_tilt_y = -0.5720969225023365
ccd_ff_tilt_z = 0.1725742934773538
d_ff_ccd  = -4.8113419401674165
ccd_dec_x = 0.6206503430839199
ccd_dec_y = 5.155290688183611
ccd_defocus = 0.31636107885010273
ccd_tilt_x = 0.007716256695198513
ccd_tilt_y = -0.014168482865616833
ccd_tilt_z = 3.096134504584745e-06
p = 0.0001