slit_dec_x_a = -0.1704010755187174
slit_dec_y_a = -0.1956586180351446
slit_dec_x_b = 0.175
slit_dec_y_b = -1.6184328147041786e-96
slit_defocus = 0.005522037446322254
slit_tilt_x = 1.1860956783430792
slit_tilt_y = -8.540052315674199
slit_tilt_z = -8.99080315296089
d_slit_col = 1594.2946386855529
coll_tilt_x = 0.08868830768404282
coll_tilt_y = -0.0319330551596587
ech_G = 31.610683388920474
ech_blaze = -74.97694211275353
ech_gamma = 1.1402159569075547
echelle_z = 0.07467752696719979
d_col_trf = -1588.0185185610237
trf_mirror_tilt_x = 0.13887207945834595
trf_mirror_tilt_y = 0.07758777810719288
d_col_grm = -0.00956416253790343
grism_dec_x = 236.43404343199677
grism_dec_y = 0.03404516487291127
grm_tilt_x = -0.01577387794924031
grm_tilt_y = 2.304345488822132
grm_G = 222.82518709643978
grm_apex = 17.815149461096837
d_grm_cam  = 21.608480855960476
cam_dec_x = -0.3019949888939771
cam_dec_y = 0.2504964810334796
cam_tilt_x = -0.018870563930082893
cam_tilt_y = -0.015212481798433852
d_cam_ff  = -160.40202952429243
ccd_ff_dec_x = -0.003502002855513316
ccd_ff_dec_y = 0.00042297656553019064
ccd_ff_tilt_x = 0.1460527712176072
ccd_ff_tilt_y = -0.5720975824609268
ccd_ff_tilt_z = 0.17257764445626342
d_ff_ccd  = -4.81128805094669
ccd_dec_x = 0.6206565340664568
ccd_dec_y = 5.155274765289299
ccd_defocus = 0.31627857569121925
ccd_tilt_x = 0.007759116312227896
ccd_tilt_y = -0.014114501487314442
ccd_tilt_z = 3.090180103551316e-06
p = 0.0001