slit_dec_x_a = -0.1704010755187174
slit_dec_y_a = -0.1956586180351446
slit_dec_x_b = 0.175
slit_dec_y_b = -1.7509707328760865e-96
slit_defocus = 0.005445305166661053
slit_tilt_x = 1.1862956663585817
slit_tilt_y = -8.540061808794773
slit_tilt_z = -8.99079872818118
d_slit_col = 1594.2946679133834
coll_tilt_x = 0.08867762827383435
coll_tilt_y = -0.031901679843893804
ech_G = 31.61066803574873
ech_blaze = -74.97694744266376
ech_gamma = 1.1402216671762129
echelle_z = 0.07466577125354161
d_col_trf = -1588.0185080266892
trf_mirror_tilt_x = 0.13883908508266044
trf_mirror_tilt_y = 0.07742280139873926
d_col_grm = -0.009540760293450726
grism_dec_x = 236.43419845211238
grism_dec_y = 0.03403330613629538
grm_tilt_x = -0.01576294598927425
grm_tilt_y = 2.3043467908593245
grm_G = 222.82520164562405
grm_apex = 17.815227759491705
d_grm_cam  = 21.608490018588522
cam_dec_x = -0.30183936462843486
cam_dec_y = 0.25038197609817114
cam_tilt_x = -0.01864250245206975
cam_tilt_y = -0.015255819717282716
d_cam_ff  = -160.40166453813268
ccd_ff_dec_x = -0.003500089967506466
ccd_ff_dec_y = 0.0003706348144750173
ccd_ff_tilt_x = 0.14604847027083417
ccd_ff_tilt_y = -0.5720760185885578
ccd_ff_tilt_z = 0.1725594342132354
d_ff_ccd  = -4.811645727801
ccd_dec_x = 0.6206740203207668
ccd_dec_y = 5.155277078517444
ccd_defocus = 0.3161825508268726
ccd_tilt_x = 0.007629819076312853
ccd_tilt_y = -0.014171811751847568
ccd_tilt_z = 3.154253608729977e-06
p = 0.0001