slit_dec_x_a = -0.1704010755187174
slit_dec_y_a = -0.1956586180351446
slit_dec_x_b = 0.175
slit_dec_y_b = -1.760444915317312e-96
slit_defocus = 0.005612580422255419
slit_tilt_x = 1.186117865989458
slit_tilt_y = -8.540062120175483
slit_tilt_z = -8.990635466131712
d_slit_col = 1594.2945720682835
coll_tilt_x = 0.08873140736540303
coll_tilt_y = -0.03198068283683806
ech_G = 31.61066962307716
ech_blaze = -74.97692972931293
ech_gamma = 1.1402067295881502
echelle_z = 0.07467201017901477
d_col_trf = -1588.0185161742477
trf_mirror_tilt_x = 0.13869511505714327
trf_mirror_tilt_y = 0.07739614430438985
d_col_grm = -0.00945194584895974
grism_dec_x = 236.43412847017527
grism_dec_y = 0.034332425609479675
grm_tilt_x = -0.015781259343904327
grm_tilt_y = 2.3043732947305045
grm_G = 222.82517700850516
grm_apex = 17.81517873015974
d_grm_cam  = 21.608482314248537
cam_dec_x = -0.3021627650534603
cam_dec_y = 0.2502648583155473
cam_tilt_x = -0.01862960055184183
cam_tilt_y = -0.015176003172146896
d_cam_ff  = -160.40164300864708
ccd_ff_dec_x = -0.003505909657989512
ccd_ff_dec_y = 0.00029970117456747466
ccd_ff_tilt_x = 0.14606550074073038
ccd_ff_tilt_y = -0.5720967672404209
ccd_ff_tilt_z = 0.17256174781470396
d_ff_ccd  = -4.81140733819582
ccd_dec_x = 0.6206510730493382
ccd_dec_y = 5.1553054789472155
ccd_defocus = 0.3162660607338114
ccd_tilt_x = 0.007629412520343134
ccd_tilt_y = -0.014149430518658026
ccd_tilt_z = 3.0550022764620096e-06
p = 0.0001