slit_dec_x_a = -0.1738299550804222
slit_dec_y_a = -0.19516538443655282
slit_dec_x_b = 0.175
slit_dec_y_b = -1.4388448466703669e-96
slit_defocus = 0.005006743905204879
slit_tilt_x = 1.1911218141628568
slit_tilt_y = -8.54000086472571
slit_tilt_z = -8.992632579448442
d_slit_col = 1594.2971726157552
coll_tilt_x = 0.09209173515851313
coll_tilt_y = -0.033654661078936686
ech_G = 31.611029875719694
ech_blaze = -74.97659323575944
ech_gamma = 1.1403245765042835
echelle_z = 0.07433011461269765
d_col_trf = -1588.0188091483012
trf_mirror_tilt_x = 0.14278124046330834
trf_mirror_tilt_y = 0.08423632103672432
d_col_grm = -0.006182636968960683
grism_dec_x = 236.430442714805
grism_dec_y = 0.028982675510295777
grm_tilt_x = -0.015806628152821398
grm_tilt_y = 2.304238166087498
grm_G = 222.82455133696308
grm_apex = 17.798332166894784
d_grm_cam  = 21.609686534695758
cam_dec_x = -0.3033179384807851
cam_dec_y = 0.25039190137929973
cam_tilt_x = -0.017917703047367426
cam_tilt_y = -0.02226949889241108
d_cam_ff  = -160.4167218138142
ccd_ff_dec_x = -0.0035178326674939818
ccd_ff_dec_y = 4.010803278302601e-05
ccd_ff_tilt_x = 0.15001675781353602
ccd_ff_tilt_y = -0.5727348096268922
ccd_ff_tilt_z = 0.1798827593813552
d_ff_ccd  = -4.813469343930833
ccd_dec_x = 0.6198964353157808
ccd_dec_y = 5.155126918824801
ccd_defocus = 0.30766459857060247
ccd_tilt_x = 0.004576185056900624
ccd_tilt_y = -0.010584710908271237
ccd_tilt_z = 8.762263151621035e-07
p = 0.0001