slit_dec_x_a = -0.1704010755187174
slit_dec_y_a = -0.1956586180351446
slit_dec_x_b = 0.175
slit_dec_y_b = -1.7319981160090698e-96
slit_defocus = 0.0054485134341174715
slit_tilt_x = 1.186176308087721
slit_tilt_y = -8.540050758674608
slit_tilt_z = -8.990631114083891
d_slit_col = 1594.2945996893586
coll_tilt_x = 0.08863989631818156
coll_tilt_y = -0.03195555591563361
ech_G = 31.610666396818786
ech_blaze = -74.976938592211
ech_gamma = 1.1402001352812958
echelle_z = 0.07466843327584127
d_col_trf = -1588.018531862889
trf_mirror_tilt_x = 0.1388075325285161
trf_mirror_tilt_y = 0.07750403695593533
d_col_grm = -0.009438424346807714
grism_dec_x = 236.43418010684022
grism_dec_y = 0.03402961758514209
grm_tilt_x = -0.01577899567981718
grm_tilt_y = 2.3043549650583826
grm_G = 222.82516693424145
grm_apex = 17.81514773265623
d_grm_cam  = 21.608482011128487
cam_dec_x = -0.3018773050220318
cam_dec_y = 0.2505447673657552
cam_tilt_x = -0.01873688316725447
cam_tilt_y = -0.015204849603023245
d_cam_ff  = -160.40237794632944
ccd_ff_dec_x = -0.003497536781812604
ccd_ff_dec_y = 0.00030878166880268386
ccd_ff_tilt_x = 0.14603124758907488
ccd_ff_tilt_y = -0.5720724946199721
ccd_ff_tilt_z = 0.17257009798018697
d_ff_ccd  = -4.811424949410842
ccd_dec_x = 0.6206574635217329
ccd_dec_y = 5.155299437432027
ccd_defocus = 0.31619526489418254
ccd_tilt_x = 0.007734579880910599
ccd_tilt_y = -0.014109160169408963
ccd_tilt_z = 3.0443500973799495e-06
p = 0.0001