slit_dec_x_a = -0.181778666534
slit_dec_y_a = -0.18243150017
slit_dec_x_b = 0.14512077562974193
slit_dec_y_b = -0.05510809031835813
slit_defocus = -0.002197986479767033
slit_tilt_x = 1.1346639704074621
slit_tilt_y = -8.568231909189945
slit_tilt_z = -9.003643862737473
d_slit_col = 1594.3039496044983
coll_tilt_x = 0.0864574611060019
coll_tilt_y = -0.021962648224496083
ech_G = 31.61095024307691
ech_blaze = -74.9957620372972
ech_gamma = 1.1579425108323367
echelle_z = 0.05759133782193571
d_col_trf = -1588.0160887939915
trf_mirror_tilt_x = 0.12252668605938476
trf_mirror_tilt_y = 0.018655007811468095
d_col_grm = 0.015112441716586829
grism_dec_x = 236.3974259595878
grism_dec_y = -0.005011246308830435
grm_tilt_x = -0.02520534947428056
grm_tilt_y = 2.3269041405475086
grm_G = 222.78582818751153
grm_apex = 17.80919182757856
d_grm_cam  = 21.604631598622515
cam_dec_x = -0.28360764457427384
cam_dec_y = 0.2896538886727467
cam_tilt_x = 0.004248524433181884
cam_tilt_y = -0.02779000828125208
d_cam_ff  = -160.56964363979156
ccd_ff_dec_x = -0.022794421363856843
ccd_ff_dec_y = -0.04775820330545608
ccd_ff_tilt_x = 0.1650410516530485
ccd_ff_tilt_y = -0.5895334879873269
ccd_ff_tilt_z = 0.17170414617631063
d_ff_ccd  = -4.785459632249313
ccd_dec_x = 0.5520095023833003
ccd_dec_y = 5.106164513583322
ccd_defocus = 0.31577910201998044
ccd_tilt_x = 0.021283108275509617
ccd_tilt_y = -0.004204398971827752
ccd_tilt_z = -6.881365908392541e-07
p = 0.0001