slit_dec_x_a = -0.1704010755187174
slit_dec_y_a = -0.1956586180351446
slit_dec_x_b = 0.175
slit_dec_y_b = -1.6919007465542251e-96
slit_defocus = 0.005544818308631829
slit_tilt_x = 1.1860985903472783
slit_tilt_y = -8.540030044977831
slit_tilt_z = -8.990836721783447
d_slit_col = 1594.2946948641502
coll_tilt_x = 0.08861458374760622
coll_tilt_y = -0.031908464759839605
ech_G = 31.610664999929792
ech_blaze = -74.9769460789287
ech_gamma = 1.1402126385605098
echelle_z = 0.07468790280040735
d_col_trf = -1588.0185211933292
trf_mirror_tilt_x = 0.13877431914170266
trf_mirror_tilt_y = 0.07747010310363626
d_col_grm = -0.009576085562955236
grism_dec_x = 236.4343214191777
grism_dec_y = 0.034147522997587616
grm_tilt_x = -0.01577163339008757
grm_tilt_y = 2.304340144016422
grm_G = 222.8251735786465
grm_apex = 17.815132204531885
d_grm_cam  = 21.60849699398545
cam_dec_x = -0.3019700050114557
cam_dec_y = 0.2503593999730045
cam_tilt_x = -0.018718427435864285
cam_tilt_y = -0.01531099912723468
d_cam_ff  = -160.4008580481627
ccd_ff_dec_x = -0.0034930311960284094
ccd_ff_dec_y = 7.748581986863683e-05
ccd_ff_tilt_x = 0.14595042908619987
ccd_ff_tilt_y = -0.5720748235635689
ccd_ff_tilt_z = 0.1725766143886755
d_ff_ccd  = -4.811463985063511
ccd_dec_x = 0.6206645754149601
ccd_dec_y = 5.155269667431423
ccd_defocus = 0.31631163132113305
ccd_tilt_x = 0.007722909969470286
ccd_tilt_y = -0.014261764325742495
ccd_tilt_z = 3.0744519135595236e-06
p = 0.0001