slit_dec_x_a = -0.1704010755187174
slit_dec_y_a = -0.1956586180351446
slit_dec_x_b = 0.175
slit_dec_y_b = -1.7075417003641015e-96
slit_defocus = 0.005432259765606458
slit_tilt_x = 1.1861534950900865
slit_tilt_y = -8.539969652606928
slit_tilt_z = -8.990724866919168
d_slit_col = 1594.2946735391254
coll_tilt_x = 0.08880030419398352
coll_tilt_y = -0.031992110954426264
ech_G = 31.610682859153606
ech_blaze = -74.97694129818414
ech_gamma = 1.1401992474317115
echelle_z = 0.07467980708564358
d_col_trf = -1588.0185167081115
trf_mirror_tilt_x = 0.13893990323034075
trf_mirror_tilt_y = 0.07758495096550579
d_col_grm = -0.009493478442203952
grism_dec_x = 236.43416744047246
grism_dec_y = 0.034224789501494005
grm_tilt_x = -0.015771667659164018
grm_tilt_y = 2.304346617719078
grm_G = 222.82518965327336
grm_apex = 17.815004826860406
d_grm_cam  = 21.60847968432542
cam_dec_x = -0.3018913350327117
cam_dec_y = 0.25045493405270886
cam_tilt_x = -0.018655628154324606
cam_tilt_y = -0.015248021786602334
d_cam_ff  = -160.4006794811195
ccd_ff_dec_x = -0.003502238743807002
ccd_ff_dec_y = 0.00038162972253354507
ccd_ff_tilt_x = 0.1458934414189709
ccd_ff_tilt_y = -0.5720822529132668
ccd_ff_tilt_z = 0.17255185325037076
d_ff_ccd  = -4.81153622690329
ccd_dec_x = 0.6206578423874295
ccd_dec_y = 5.1552832300491716
ccd_defocus = 0.31630320858374145
ccd_tilt_x = 0.007853397120332728
ccd_tilt_y = -0.014038482415225064
ccd_tilt_z = 3.041054234127733e-06
p = 0.0001