slit_dec_x_a = -0.1704010755187174
slit_dec_y_a = -0.1956586180351446
slit_dec_x_b = 0.175
slit_dec_y_b = -1.7410076469958894e-96
slit_defocus = 0.005640852134486236
slit_tilt_x = 1.1859981366628687
slit_tilt_y = -8.54000706200281
slit_tilt_z = -8.990785474219559
d_slit_col = 1594.2948145744488
coll_tilt_x = 0.08870697879961695
coll_tilt_y = -0.03208464022073876
ech_G = 31.610661115431228
ech_blaze = -74.97695164486821
ech_gamma = 1.1402075664779352
echelle_z = 0.0746622161990167
d_col_trf = -1588.0185086586218
trf_mirror_tilt_x = 0.13874509052621145
trf_mirror_tilt_y = 0.07756983899285186
d_col_grm = -0.009601329743799167
grism_dec_x = 236.4344403812446
grism_dec_y = 0.03414195988668807
grm_tilt_x = -0.015753113090080886
grm_tilt_y = 2.304357555393256
grm_G = 222.82518073192173
grm_apex = 17.815124668883538
d_grm_cam  = 21.608483757272847
cam_dec_x = -0.30193057106006255
cam_dec_y = 0.25057033544537505
cam_tilt_x = -0.018537551783085335
cam_tilt_y = -0.01500548508933282
d_cam_ff  = -160.40030807876528
ccd_ff_dec_x = -0.003506763149911977
ccd_ff_dec_y = 0.00012809344132120196
ccd_ff_tilt_x = 0.14616907254721143
ccd_ff_tilt_y = -0.5720664721142236
ccd_ff_tilt_z = 0.17256656257807484
d_ff_ccd  = -4.811370507339697
ccd_dec_x = 0.6206720973219989
ccd_dec_y = 5.155265400959293
ccd_defocus = 0.31627907911117015
ccd_tilt_x = 0.007745267177725148
ccd_tilt_y = -0.014161169915097437
ccd_tilt_z = 3.0411189728466698e-06
p = 0.0001