slit_dec_x_a = -0.1704010755187174
slit_dec_y_a = -0.1956586180351446
slit_dec_x_b = 0.175
slit_dec_y_b = -1.709676399291087e-96
slit_defocus = 0.0055426994796596634
slit_tilt_x = 1.1861277997868391
slit_tilt_y = -8.53995460639744
slit_tilt_z = -8.990665221878176
d_slit_col = 1594.2945271475403
coll_tilt_x = 0.08872284076089788
coll_tilt_y = -0.03200424562929391
ech_G = 31.610665628312336
ech_blaze = -74.97694669595796
ech_gamma = 1.1402081948959502
echelle_z = 0.0746733700406227
d_col_trf = -1588.0185123283159
trf_mirror_tilt_x = 0.13865846316263802
trf_mirror_tilt_y = 0.07745555641859908
d_col_grm = -0.009535231388753715
grism_dec_x = 236.43440039192697
grism_dec_y = 0.03413403747822415
grm_tilt_x = -0.015784105482271202
grm_tilt_y = 2.304356696231596
grm_G = 222.82516822087356
grm_apex = 17.815041739512168
d_grm_cam  = 21.60848217685995
cam_dec_x = -0.30182264972566425
cam_dec_y = 0.25047500340378925
cam_tilt_x = -0.018608481676893354
cam_tilt_y = -0.015197205681315763
d_cam_ff  = -160.40047386677273
ccd_ff_dec_x = -0.003514119274766659
ccd_ff_dec_y = 0.0003486716298516465
ccd_ff_tilt_x = 0.14609760468232752
ccd_ff_tilt_y = -0.572090715787369
ccd_ff_tilt_z = 0.17257474266491685
d_ff_ccd  = -4.8114578594629105
ccd_dec_x = 0.6206483893595217
ccd_dec_y = 5.155277936645359
ccd_defocus = 0.31650477460955184
ccd_tilt_x = 0.007646692391413792
ccd_tilt_y = -0.014157307867581468
ccd_tilt_z = 3.064718223694264e-06
p = 0.0001