slit_dec_x_a = -0.1704010755187174
slit_dec_y_a = -0.1956586180351446
slit_dec_x_b = 0.175
slit_dec_y_b = -1.777847550741019e-96
slit_defocus = 0.005429633635503351
slit_tilt_x = 1.1861229182412865
slit_tilt_y = -8.539996657596522
slit_tilt_z = -8.990827269722951
d_slit_col = 1594.2946937644235
coll_tilt_x = 0.08856464202969132
coll_tilt_y = -0.0320103428569529
ech_G = 31.61066448699445
ech_blaze = -74.97694815682732
ech_gamma = 1.1402041718260008
echelle_z = 0.07466765170846593
d_col_trf = -1588.0185162037278
trf_mirror_tilt_x = 0.13876173201259254
trf_mirror_tilt_y = 0.07763783067500468
d_col_grm = -0.009542667345789976
grism_dec_x = 236.43423963164153
grism_dec_y = 0.03414713333557292
grm_tilt_x = -0.015762493741502563
grm_tilt_y = 2.3043432529063694
grm_G = 222.8251717195054
grm_apex = 17.815176333759428
d_grm_cam  = 21.60849600019099
cam_dec_x = -0.3019706354297432
cam_dec_y = 0.25047277710617105
cam_tilt_x = -0.018856923661597268
cam_tilt_y = -0.015057936373988359
d_cam_ff  = -160.40187646925406
ccd_ff_dec_x = -0.0034925444510928473
ccd_ff_dec_y = 0.00031480893814507006
ccd_ff_tilt_x = 0.14591069712933577
ccd_ff_tilt_y = -0.5720730209708873
ccd_ff_tilt_z = 0.1725670222378777
d_ff_ccd  = -4.811531919473807
ccd_dec_x = 0.6206525398452184
ccd_dec_y = 5.155288032819412
ccd_defocus = 0.31643849802431623
ccd_tilt_x = 0.007697337313197797
ccd_tilt_y = -0.01413144125980971
ccd_tilt_z = 3.0971723919391945e-06
p = 0.0001