slit_dec_x_a = -0.1704010755187174
slit_dec_y_a = -0.1956586180351446
slit_dec_x_b = 0.175
slit_dec_y_b = -1.7102262320919654e-96
slit_defocus = 0.005513882904478369
slit_tilt_x = 1.1861213301479432
slit_tilt_y = -8.540045497168167
slit_tilt_z = -8.990795970786522
d_slit_col = 1594.2945753127046
coll_tilt_x = 0.08866458415988628
coll_tilt_y = -0.03194243146566805
ech_G = 31.61068376238459
ech_blaze = -74.97694060251156
ech_gamma = 1.1402056436562378
echelle_z = 0.074665437201719
d_col_trf = -1588.0185252926112
trf_mirror_tilt_x = 0.13876081125680476
trf_mirror_tilt_y = 0.07759776897693424
d_col_grm = -0.009493423034352503
grism_dec_x = 236.4342040850967
grism_dec_y = 0.03419659502614106
grm_tilt_x = -0.015770420627411963
grm_tilt_y = 2.30435954364719
grm_G = 222.82518226475818
grm_apex = 17.815186307916008
d_grm_cam  = 21.608494201434794
cam_dec_x = -0.3019995493934582
cam_dec_y = 0.2503109996612101
cam_tilt_x = -0.018918993734377092
cam_tilt_y = -0.015194824500064834
d_cam_ff  = -160.40128072336597
ccd_ff_dec_x = -0.0035060821434883672
ccd_ff_dec_y = 0.00034427860049553307
ccd_ff_tilt_x = 0.1459893216868635
ccd_ff_tilt_y = -0.5720797838434573
ccd_ff_tilt_z = 0.17255987998890654
d_ff_ccd  = -4.811456650174359
ccd_dec_x = 0.6206650087010608
ccd_dec_y = 5.155285762771206
ccd_defocus = 0.3163405226462608
ccd_tilt_x = 0.007715229589317397
ccd_tilt_y = -0.014214852922971572
ccd_tilt_z = 3.0971718386536463e-06
p = 0.0001