slit_dec_x_a = -0.1704010755187174
slit_dec_y_a = -0.1956586180351446
slit_dec_x_b = 0.175
slit_dec_y_b = -1.8254227089745567e-96
slit_defocus = 0.005312816178367335
slit_tilt_x = 1.1862808458930165
slit_tilt_y = -8.54004763468762
slit_tilt_z = -8.990660036419621
d_slit_col = 1594.2947056735723
coll_tilt_x = 0.08869873566575019
coll_tilt_y = -0.03201603982001448
ech_G = 31.61066165996795
ech_blaze = -74.9769365690457
ech_gamma = 1.1402047327069655
echelle_z = 0.07467008484476312
d_col_trf = -1588.018520930803
trf_mirror_tilt_x = 0.1389062230437059
trf_mirror_tilt_y = 0.07750430235422527
d_col_grm = -0.009373407878509205
grism_dec_x = 236.43417875945573
grism_dec_y = 0.03427532214885091
grm_tilt_x = -0.015791658914110992
grm_tilt_y = 2.304342821934863
grm_G = 222.8251716106824
grm_apex = 17.815202008504464
d_grm_cam  = 21.608491038203912
cam_dec_x = -0.3020427671722391
cam_dec_y = 0.250379364069911
cam_tilt_x = -0.018522461620698486
cam_tilt_y = -0.015057076254899607
d_cam_ff  = -160.40187231147289
ccd_ff_dec_x = -0.0034963707198289715
ccd_ff_dec_y = 0.00014552269946658926
ccd_ff_tilt_x = 0.14600669861070445
ccd_ff_tilt_y = -0.5720967058615375
ccd_ff_tilt_z = 0.17257781468782366
d_ff_ccd  = -4.811424163583039
ccd_dec_x = 0.6206510118686288
ccd_dec_y = 5.15527835535539
ccd_defocus = 0.31632606465398067
ccd_tilt_x = 0.007744972462150237
ccd_tilt_y = -0.014032604373846645
ccd_tilt_z = 2.960745976460021e-06
p = 0.0001