slit_dec_x_a = -0.1704010755187174
slit_dec_y_a = -0.1956586180351446
slit_dec_x_b = 0.175
slit_dec_y_b = -1.6688051102607241e-96
slit_defocus = 0.00526570043641704
slit_tilt_x = 1.1860242002160102
slit_tilt_y = -8.540123293920239
slit_tilt_z = -8.990743702523996
d_slit_col = 1594.2945423138458
coll_tilt_x = 0.08868316059334452
coll_tilt_y = -0.0320109797800632
ech_G = 31.61066985352443
ech_blaze = -74.97694285036856
ech_gamma = 1.140216873728417
echelle_z = 0.07467218619876445
d_col_trf = -1588.0185131733247
trf_mirror_tilt_x = 0.13885267896793899
trf_mirror_tilt_y = 0.07762391256094206
d_col_grm = -0.009590535914338942
grism_dec_x = 236.43422857315312
grism_dec_y = 0.034138824364046035
grm_tilt_x = -0.015785247441991942
grm_tilt_y = 2.3043609411790293
grm_G = 222.8251692788698
grm_apex = 17.815191350824186
d_grm_cam  = 21.608477342613515
cam_dec_x = -0.3019171347610382
cam_dec_y = 0.25038224592144714
cam_tilt_x = -0.018653016585437453
cam_tilt_y = -0.015090414718290998
d_cam_ff  = -160.40146109872805
ccd_ff_dec_x = -0.003510064391520858
ccd_ff_dec_y = 0.0002818022247271547
ccd_ff_tilt_x = 0.1460211817500872
ccd_ff_tilt_y = -0.5721023914424668
ccd_ff_tilt_z = 0.17256823584161865
d_ff_ccd  = -4.811476508301039
ccd_dec_x = 0.6206468069255541
ccd_dec_y = 5.155289560242635
ccd_defocus = 0.31650422804811723
ccd_tilt_x = 0.007759020113320315
ccd_tilt_y = -0.014156369099559096
ccd_tilt_z = 3.068730142599098e-06
p = 0.0001