slit_dec_x_a = -0.1704010755187174
slit_dec_y_a = -0.1956586180351446
slit_dec_x_b = 0.175
slit_dec_y_b = -1.6813753452561186e-96
slit_defocus = 0.005440203351561578
slit_tilt_x = 1.1860744310192903
slit_tilt_y = -8.54015120253688
slit_tilt_z = -8.990768599700415
d_slit_col = 1594.2946028917831
coll_tilt_x = 0.08871245453915948
coll_tilt_y = -0.032039572056741315
ech_G = 31.61067533813239
ech_blaze = -74.97694165536048
ech_gamma = 1.1401980031621235
echelle_z = 0.07465199731169847
d_col_trf = -1588.0185212795266
trf_mirror_tilt_x = 0.13880908165205288
trf_mirror_tilt_y = 0.0775574154206081
d_col_grm = -0.009493805679553624
grism_dec_x = 236.43439427436337
grism_dec_y = 0.034051876082270276
grm_tilt_x = -0.015786218373153558
grm_tilt_y = 2.3043583975215665
grm_G = 222.82518267601154
grm_apex = 17.815029492259146
d_grm_cam  = 21.608487507394692
cam_dec_x = -0.3020290453611975
cam_dec_y = 0.25040276411660156
cam_tilt_x = -0.018704990605584716
cam_tilt_y = -0.015142943270660188
d_cam_ff  = -160.40210141729523
ccd_ff_dec_x = -0.003511429408773964
ccd_ff_dec_y = 0.0002167785303180229
ccd_ff_tilt_x = 0.1458766444761073
ccd_ff_tilt_y = -0.5720790871634128
ccd_ff_tilt_z = 0.17256255560440192
d_ff_ccd  = -4.811349740009347
ccd_dec_x = 0.6206569128418005
ccd_dec_y = 5.1552937491831194
ccd_defocus = 0.3162122069529537
ccd_tilt_x = 0.007693719375678267
ccd_tilt_y = -0.014272317523309323
ccd_tilt_z = 3.021546774188589e-06
p = 0.0001