slit_dec_x_a = -0.1704010755187174
slit_dec_y_a = -0.1956586180351446
slit_dec_x_b = 0.175
slit_dec_y_b = -1.6248791329096845e-96
slit_defocus = 0.0055589178223199205
slit_tilt_x = 1.1860008864480214
slit_tilt_y = -8.540049647649125
slit_tilt_z = -8.990662789507418
d_slit_col = 1594.294703306522
coll_tilt_x = 0.08874822443029085
coll_tilt_y = -0.031954151281702765
ech_G = 31.610672979443013
ech_blaze = -74.97693678309604
ech_gamma = 1.140209990513421
echelle_z = 0.07466723221558112
d_col_trf = -1588.0185100938832
trf_mirror_tilt_x = 0.13883647913199584
trf_mirror_tilt_y = 0.07763182869068654
d_col_grm = -0.009520296776254898
grism_dec_x = 236.43426551262783
grism_dec_y = 0.03408868135878516
grm_tilt_x = -0.015776337179044482
grm_tilt_y = 2.3043531462072893
grm_G = 222.82517407462782
grm_apex = 17.815161595250522
d_grm_cam  = 21.608495106356315
cam_dec_x = -0.3019055417370251
cam_dec_y = 0.2503664539432341
cam_tilt_x = -0.018618418652978627
cam_tilt_y = -0.015239085484734193
d_cam_ff  = -160.40173601003463
ccd_ff_dec_x = -0.003500819558841722
ccd_ff_dec_y = 0.00029142241330760494
ccd_ff_tilt_x = 0.14595384153389704
ccd_ff_tilt_y = -0.5720842348239034
ccd_ff_tilt_z = 0.17255093222171336
d_ff_ccd  = -4.811354654472607
ccd_dec_x = 0.620648706941698
ccd_dec_y = 5.155292489319973
ccd_defocus = 0.31642828496093867
ccd_tilt_x = 0.0076319147361650665
ccd_tilt_y = -0.014185468921254711
ccd_tilt_z = 3.0882974239371397e-06
p = 0.0001