slit_dec_x_a = -0.1704010755187174
slit_dec_y_a = -0.1956586180351446
slit_dec_x_b = 0.175
slit_dec_y_b = -1.7057742671919575e-96
slit_defocus = 0.0056027860504627314
slit_tilt_x = 1.185997277889178
slit_tilt_y = -8.540114185989742
slit_tilt_z = -8.99075968026213
d_slit_col = 1594.2945601180543
coll_tilt_x = 0.08859889933422958
coll_tilt_y = -0.03209399725968548
ech_G = 31.610664736888268
ech_blaze = -74.9769235723791
ech_gamma = 1.1402109930619975
echelle_z = 0.07467972137451087
d_col_trf = -1588.0185071355825
trf_mirror_tilt_x = 0.13870240418747748
trf_mirror_tilt_y = 0.0775571829156546
d_col_grm = -0.00951136544062835
grism_dec_x = 236.43422597571086
grism_dec_y = 0.03412596312459075
grm_tilt_x = -0.015776943772930065
grm_tilt_y = 2.304347845395662
grm_G = 222.82518206194314
grm_apex = 17.815013079661217
d_grm_cam  = 21.608487834306484
cam_dec_x = -0.3019509586396549
cam_dec_y = 0.2503772768539481
cam_tilt_x = -0.018865816837699213
cam_tilt_y = -0.014971474424501275
d_cam_ff  = -160.40150743466185
ccd_ff_dec_x = -0.003501851273111033
ccd_ff_dec_y = 0.00024407458383798506
ccd_ff_tilt_x = 0.14599862981359296
ccd_ff_tilt_y = -0.5720873935154626
ccd_ff_tilt_z = 0.17256786021252818
d_ff_ccd  = -4.811293952242317
ccd_dec_x = 0.620668081509033
ccd_dec_y = 5.155278270320806
ccd_defocus = 0.31630984456390787
ccd_tilt_x = 0.007716423725792492
ccd_tilt_y = -0.014183053265929862
ccd_tilt_z = 3.083081162992786e-06
p = 0.0001