slit_dec_x_a = -0.1704010755187174
slit_dec_y_a = -0.1956586180351446
slit_dec_x_b = 0.175
slit_dec_y_b = -1.746229503600119e-96
slit_defocus = 0.005528686367613732
slit_tilt_x = 1.1860548132398148
slit_tilt_y = -8.539964079273899
slit_tilt_z = -8.990705203939005
d_slit_col = 1594.2946455519814
coll_tilt_x = 0.08868775634813073
coll_tilt_y = -0.0319673036623895
ech_G = 31.610671476795105
ech_blaze = -74.97693726565515
ech_gamma = 1.1402105846098747
echelle_z = 0.07466895713563071
d_col_trf = -1588.0185031766555
trf_mirror_tilt_x = 0.13888319506414315
trf_mirror_tilt_y = 0.07749299554468506
d_col_grm = -0.009481994272277918
grism_dec_x = 236.43449184458964
grism_dec_y = 0.034243959079091314
grm_tilt_x = -0.01578590796378114
grm_tilt_y = 2.3043563618552025
grm_G = 222.82518105015436
grm_apex = 17.81506578164687
d_grm_cam  = 21.608499854080687
cam_dec_x = -0.3019465661575488
cam_dec_y = 0.2505089141923351
cam_tilt_x = -0.01870399126387411
cam_tilt_y = -0.015211836477678788
d_cam_ff  = -160.40107065087776
ccd_ff_dec_x = -0.003520735303878235
ccd_ff_dec_y = 0.0002256821214613105
ccd_ff_tilt_x = 0.14591689672431124
ccd_ff_tilt_y = -0.5720811536731449
ccd_ff_tilt_z = 0.17255700796513468
d_ff_ccd  = -4.811346027049473
ccd_dec_x = 0.6206679453239696
ccd_dec_y = 5.155279286313564
ccd_defocus = 0.31640525064368
ccd_tilt_x = 0.007532184571733519
ccd_tilt_y = -0.014139407233153191
ccd_tilt_z = 3.09847777140182e-06
p = 0.0001