slit_dec_x_a = -0.1704010755187174
slit_dec_y_a = -0.1956586180351446
slit_dec_x_b = 0.175
slit_dec_y_b = -1.7015973064987918e-96
slit_defocus = 0.005590234840796471
slit_tilt_x = 1.1860954368849221
slit_tilt_y = -8.53998558958279
slit_tilt_z = -8.990704099850609
d_slit_col = 1594.2945090244204
coll_tilt_x = 0.08857203906820114
coll_tilt_y = -0.032014740872486944
ech_G = 31.61066325872928
ech_blaze = -74.97695101392348
ech_gamma = 1.1401941834820204
echelle_z = 0.07466908801041339
d_col_trf = -1588.0185287050729
trf_mirror_tilt_x = 0.13877977061763813
trf_mirror_tilt_y = 0.07770692861275161
d_col_grm = -0.00950879615263955
grism_dec_x = 236.4342614653217
grism_dec_y = 0.034177826604190296
grm_tilt_x = -0.015777681298472394
grm_tilt_y = 2.304357165297617
grm_G = 222.82516949161388
grm_apex = 17.815117829624718
d_grm_cam  = 21.608483253921303
cam_dec_x = -0.3018800229307398
cam_dec_y = 0.2502949451323128
cam_tilt_x = -0.01882485277056906
cam_tilt_y = -0.015111403173245483
d_cam_ff  = -160.40112367778053
ccd_ff_dec_x = -0.0035078474550853363
ccd_ff_dec_y = 0.00022001731064815898
ccd_ff_tilt_x = 0.14604533747300252
ccd_ff_tilt_y = -0.572086056218705
ccd_ff_tilt_z = 0.17256743328074675
d_ff_ccd  = -4.8114040229279045
ccd_dec_x = 0.6206647380533683
ccd_dec_y = 5.155281145512928
ccd_defocus = 0.3161414267559382
ccd_tilt_x = 0.007746509634518926
ccd_tilt_y = -0.014089794145040045
ccd_tilt_z = 3.05947002868682e-06
p = 0.0001