slit_dec_x_a = -0.1704010755187174
slit_dec_y_a = -0.1956586180351446
slit_dec_x_b = 0.175
slit_dec_y_b = -1.5558849201221368e-96
slit_defocus = 0.005479576203955198
slit_tilt_x = 1.1861315341175587
slit_tilt_y = -8.540182378636187
slit_tilt_z = -8.990643122613196
d_slit_col = 1594.2946318419692
coll_tilt_x = 0.08874333890111928
coll_tilt_y = -0.03200765854065017
ech_G = 31.61067592053597
ech_blaze = -74.97693957912205
ech_gamma = 1.1402040534700413
echelle_z = 0.07466702726594418
d_col_trf = -1588.01852832746
trf_mirror_tilt_x = 0.13885491850210546
trf_mirror_tilt_y = 0.07762250268521918
d_col_grm = -0.009455884173601306
grism_dec_x = 236.43422777064245
grism_dec_y = 0.03418720629546996
grm_tilt_x = -0.01578273747151216
grm_tilt_y = 2.3043538077858963
grm_G = 222.8251794183251
grm_apex = 17.815207452628343
d_grm_cam  = 21.608508801717896
cam_dec_x = -0.30203866519068684
cam_dec_y = 0.2503800025049288
cam_tilt_x = -0.018680720172956234
cam_tilt_y = -0.015077610679596648
d_cam_ff  = -160.40083316060745
ccd_ff_dec_x = -0.0035125916971281124
ccd_ff_dec_y = 0.0002697001421628904
ccd_ff_tilt_x = 0.1460467802387994
ccd_ff_tilt_y = -0.5720885917451438
ccd_ff_tilt_z = 0.1725548342326684
d_ff_ccd  = -4.811614937992224
ccd_dec_x = 0.6206449115550234
ccd_dec_y = 5.155295518099452
ccd_defocus = 0.3162693825818369
ccd_tilt_x = 0.007680063321963856
ccd_tilt_y = -0.014212435095291256
ccd_tilt_z = 3.09195695893747e-06
p = 0.0001