slit_dec_x_a = -0.181778666534
slit_dec_y_a = -0.18243150017
slit_dec_x_b = 0.14512077562974193
slit_dec_y_b = -0.05510809031835813
slit_defocus = -0.008605599055574115
slit_tilt_x = 1.1407540272774925
slit_tilt_y = -8.55990950838221
slit_tilt_z = -9.003810281478081
d_slit_col = 1594.3001868282863
coll_tilt_x = 0.09126528100823275
coll_tilt_y = -0.03364299670266851
ech_G = 31.611050726426004
ech_blaze = -74.99551787076042
ech_gamma = 1.1587413734940462
echelle_z = 0.05875282469670209
d_col_trf = -1588.0161389117761
trf_mirror_tilt_x = 0.12404020646200735
trf_mirror_tilt_y = 0.05256803222712456
d_col_grm = 0.021687145134663677
grism_dec_x = 236.3970332148087
grism_dec_y = 0.004615586601034353
grm_tilt_x = -0.024845066827880787
grm_tilt_y = 2.3263150611073486
grm_G = 222.7860707539623
grm_apex = 17.761857279094396
d_grm_cam  = 21.604317260670488
cam_dec_x = -0.2903384890582531
cam_dec_y = 0.28739472913982345
cam_tilt_x = 0.006222088880658551
cam_tilt_y = -0.030120662716645652
d_cam_ff  = -160.50556273100295
ccd_ff_dec_x = -0.023436396089146144
ccd_ff_dec_y = -0.041867030668804935
ccd_ff_tilt_x = 0.17225122013642485
ccd_ff_tilt_y = -0.5897772877730225
ccd_ff_tilt_z = 0.17310269003707843
d_ff_ccd  = -4.800310881422152
ccd_dec_x = 0.5522975758619816
ccd_dec_y = 5.105802766603685
ccd_defocus = 0.30556573837301493
ccd_tilt_x = 0.02059034013017812
ccd_tilt_y = 0.002782765160014653
ccd_tilt_z = -1.2496541390895386e-06
p = 0.0001