slit_dec_x_a = -0.1704010755187174
slit_dec_y_a = -0.1956586180351446
slit_dec_x_b = 0.175
slit_dec_y_b = -1.7583704513528924e-96
slit_defocus = 0.0055729781463731455
slit_tilt_x = 1.1860866482262162
slit_tilt_y = -8.540167423553061
slit_tilt_z = -8.990793492564046
d_slit_col = 1594.2947390717866
coll_tilt_x = 0.08871802518245328
coll_tilt_y = -0.03206969966462242
ech_G = 31.610670217205346
ech_blaze = -74.97692918117001
ech_gamma = 1.1402033903564326
echelle_z = 0.07466257341911169
d_col_trf = -1588.0185359561433
trf_mirror_tilt_x = 0.13880910812484154
trf_mirror_tilt_y = 0.07754136026200613
d_col_grm = -0.009560009301525728
grism_dec_x = 236.43417656946698
grism_dec_y = 0.034304110968095006
grm_tilt_x = -0.01577654943150813
grm_tilt_y = 2.304372932844206
grm_G = 222.82517730507715
grm_apex = 17.8150565717749
d_grm_cam  = 21.608482093449734
cam_dec_x = -0.3019500469919848
cam_dec_y = 0.2504998067191605
cam_tilt_x = -0.01866668283138589
cam_tilt_y = -0.015076377343579283
d_cam_ff  = -160.401491041937
ccd_ff_dec_x = -0.003504877475594071
ccd_ff_dec_y = 0.0003563897159991061
ccd_ff_tilt_x = 0.14598894397210246
ccd_ff_tilt_y = -0.5720943055356744
ccd_ff_tilt_z = 0.172562834804798
d_ff_ccd  = -4.811374239001375
ccd_dec_x = 0.6206865889762145
ccd_dec_y = 5.155280713361291
ccd_defocus = 0.3165230999608546
ccd_tilt_x = 0.007640454598611503
ccd_tilt_y = -0.01407671801204327
ccd_tilt_z = 3.0254321434730362e-06
p = 0.0001