slit_dec_x_a = -0.1704010755187174
slit_dec_y_a = -0.1956586180351446
slit_dec_x_b = 0.175
slit_dec_y_b = -1.7813404171864267e-96
slit_defocus = 0.005416624777743503
slit_tilt_x = 1.1859754794021278
slit_tilt_y = -8.539933370132628
slit_tilt_z = -8.990672842275599
d_slit_col = 1594.2946883736347
coll_tilt_x = 0.0887039080473937
coll_tilt_y = -0.03196910830975151
ech_G = 31.61067040966956
ech_blaze = -74.97694816337845
ech_gamma = 1.1401878939407344
echelle_z = 0.07466789222851017
d_col_trf = -1588.0185233509696
trf_mirror_tilt_x = 0.1388734239549713
trf_mirror_tilt_y = 0.07747109449564886
d_col_grm = -0.009503796971957064
grism_dec_x = 236.4343295696562
grism_dec_y = 0.034144415492775436
grm_tilt_x = -0.015766760329922837
grm_tilt_y = 2.304352786659861
grm_G = 222.82518403458687
grm_apex = 17.815019986655464
d_grm_cam  = 21.60846664049629
cam_dec_x = -0.30182558655768404
cam_dec_y = 0.25024313731316894
cam_tilt_x = -0.01864464386223982
cam_tilt_y = -0.015316622682011154
d_cam_ff  = -160.40021045815632
ccd_ff_dec_x = -0.0035193034062197585
ccd_ff_dec_y = 0.00019009288468331147
ccd_ff_tilt_x = 0.14614682851861932
ccd_ff_tilt_y = -0.5720907101674354
ccd_ff_tilt_z = 0.17256569947614064
d_ff_ccd  = -4.811193965688063
ccd_dec_x = 0.6206542083146278
ccd_dec_y = 5.155276674978397
ccd_defocus = 0.3162427304862708
ccd_tilt_x = 0.007691788778641162
ccd_tilt_y = -0.01406222243642834
ccd_tilt_z = 3.097910357500752e-06
p = 0.0001