slit_dec_x_a = -0.1704010755187174
slit_dec_y_a = -0.1956586180351446
slit_dec_x_b = 0.175
slit_dec_y_b = -1.7157293210773483e-96
slit_defocus = 0.0054317399209594585
slit_tilt_x = 1.1861538205691822
slit_tilt_y = -8.54001825687627
slit_tilt_z = -8.990812687087727
d_slit_col = 1594.2947218857569
coll_tilt_x = 0.08880285998752227
coll_tilt_y = -0.03200168889769851
ech_G = 31.610680268551377
ech_blaze = -74.97694721291754
ech_gamma = 1.1402015686351232
echelle_z = 0.07465676407080166
d_col_trf = -1588.018503050777
trf_mirror_tilt_x = 0.13882465695644067
trf_mirror_tilt_y = 0.07750863896730156
d_col_grm = -0.00937793421994051
grism_dec_x = 236.43439886710578
grism_dec_y = 0.03425720298476962
grm_tilt_x = -0.01576049633179555
grm_tilt_y = 2.304349505118321
grm_G = 222.82517597178958
grm_apex = 17.815234089816578
d_grm_cam  = 21.608480419688593
cam_dec_x = -0.30191426365417556
cam_dec_y = 0.2504351583126884
cam_tilt_x = -0.01859801241175743
cam_tilt_y = -0.015111911025996955
d_cam_ff  = -160.40066434026136
ccd_ff_dec_x = -0.0035073032516006663
ccd_ff_dec_y = 0.00018276542520755844
ccd_ff_tilt_x = 0.14614296401398352
ccd_ff_tilt_y = -0.5720710812972352
ccd_ff_tilt_z = 0.17258023971009473
d_ff_ccd  = -4.8113101618180325
ccd_dec_x = 0.6206512979459994
ccd_dec_y = 5.1552641630288925
ccd_defocus = 0.31647674962997707
ccd_tilt_x = 0.007684719871356971
ccd_tilt_y = -0.014104707925283413
ccd_tilt_z = 3.0757779995947236e-06
p = 0.0001