slit_dec_x_a = -0.181778666534
slit_dec_y_a = -0.18243150017
slit_dec_x_b = 0.1578859018282061
slit_dec_y_b = -0.05772540107256179
slit_defocus = -0.008590270962436568
slit_tilt_x = 1.1407575580511427
slit_tilt_y = -8.559928573563559
slit_tilt_z = -9.003808014991373
d_slit_col = 1594.3001765488343
coll_tilt_x = 0.09116137530731505
coll_tilt_y = -0.03364990321735557
ech_G = 31.61105631479343
ech_blaze = -74.99548859090156
ech_gamma = 1.1587419813884563
echelle_z = 0.058753208996699786
d_col_trf = -1588.0161613045134
trf_mirror_tilt_x = 0.12403732201266673
trf_mirror_tilt_y = 0.05255383710101668
d_col_grm = 0.021679637574574917
grism_dec_x = 236.39701359705214
grism_dec_y = 0.004614993920614801
grm_tilt_x = -0.024844903623933552
grm_tilt_y = 2.3263130330950483
grm_G = 222.78607151736688
grm_apex = 17.761839681446435
d_grm_cam  = 21.60433037700012
cam_dec_x = -0.29036756401712116
cam_dec_y = 0.28739522668971335
cam_tilt_x = 0.006216252021681561
cam_tilt_y = -0.03012141584384122
d_cam_ff  = -160.50559653959672
ccd_ff_dec_x = -0.023437331221584524
ccd_ff_dec_y = -0.041849885932490144
ccd_ff_tilt_x = 0.17223400855755902
ccd_ff_tilt_y = -0.5897754006546344
ccd_ff_tilt_z = 0.17310097874653968
d_ff_ccd  = -4.800324844495255
ccd_dec_x = 0.5522947157617605
ccd_dec_y = 5.105800597683905
ccd_defocus = 0.3055851234667808
ccd_tilt_x = 0.020593491532819908
ccd_tilt_y = 0.002777622665947487
ccd_tilt_z = -1.309539580638847e-06
p = 0.0001