slit_dec_x_a = -0.1704010755187174
slit_dec_y_a = -0.1956586180351446
slit_dec_x_b = 0.175
slit_dec_y_b = -1.7477439217644706e-96
slit_defocus = 0.00553206951601121
slit_tilt_x = 1.1860917305890313
slit_tilt_y = -8.540079623474256
slit_tilt_z = -8.990746251263445
d_slit_col = 1594.2946171526637
coll_tilt_x = 0.08868227218885154
coll_tilt_y = -0.03199144896019581
ech_G = 31.610682743566215
ech_blaze = -74.9769410924551
ech_gamma = 1.1402068223126745
echelle_z = 0.0746690072463464
d_col_trf = -1588.0185221087709
trf_mirror_tilt_x = 0.13888805978466537
trf_mirror_tilt_y = 0.07752677826931843
d_col_grm = -0.009390330679445936
grism_dec_x = 236.43430739418255
grism_dec_y = 0.03422746982768514
grm_tilt_x = -0.015779415089857342
grm_tilt_y = 2.304367437743515
grm_G = 222.82518306895918
grm_apex = 17.815088114212134
d_grm_cam  = 21.608483281598136
cam_dec_x = -0.3019967069980111
cam_dec_y = 0.25020974961344267
cam_tilt_x = -0.01886411184274353
cam_tilt_y = -0.015160946133260278
d_cam_ff  = -160.40119223981333
ccd_ff_dec_x = -0.0034954503140983834
ccd_ff_dec_y = 0.0002702155109218755
ccd_ff_tilt_x = 0.14601605500259887
ccd_ff_tilt_y = -0.5720861941930764
ccd_ff_tilt_z = 0.17255919236152675
d_ff_ccd  = -4.811382426991913
ccd_dec_x = 0.6206578550067945
ccd_dec_y = 5.155289273237128
ccd_defocus = 0.3164195879705886
ccd_tilt_x = 0.007750620604389887
ccd_tilt_y = -0.014105119791395821
ccd_tilt_z = 3.1033386435752198e-06
p = 0.0001