slit_dec_x_a = -0.1704010755187174
slit_dec_y_a = -0.1956586180351446
slit_dec_x_b = 0.175
slit_dec_y_b = -1.7049919711089531e-96
slit_defocus = 0.005474285197715443
slit_tilt_x = 1.1862210176851486
slit_tilt_y = -8.540105458212652
slit_tilt_z = -8.990775231149726
d_slit_col = 1594.2944862015424
coll_tilt_x = 0.0887105302554669
coll_tilt_y = -0.03198268670112948
ech_G = 31.61067452388964
ech_blaze = -74.97693605663143
ech_gamma = 1.1402045729134958
echelle_z = 0.07466435108744084
d_col_trf = -1588.0185227997974
trf_mirror_tilt_x = 0.13883112903817116
trf_mirror_tilt_y = 0.07763539592725238
d_col_grm = -0.009667836785250185
grism_dec_x = 236.43417981077573
grism_dec_y = 0.03404130075036116
grm_tilt_x = -0.015782503906048986
grm_tilt_y = 2.304354195272472
grm_G = 222.82517157377873
grm_apex = 17.815195768009794
d_grm_cam  = 21.60847686577839
cam_dec_x = -0.3018937876821458
cam_dec_y = 0.2503065164932086
cam_tilt_x = -0.018714508290957547
cam_tilt_y = -0.0151583897100243
d_cam_ff  = -160.40094669189634
ccd_ff_dec_x = -0.0035015250860455996
ccd_ff_dec_y = 0.00039898374546847785
ccd_ff_tilt_x = 0.1459215354339247
ccd_ff_tilt_y = -0.5720923359353586
ccd_ff_tilt_z = 0.17256089041832814
d_ff_ccd  = -4.811435046729192
ccd_dec_x = 0.6206603730684624
ccd_dec_y = 5.15529221708459
ccd_defocus = 0.3162055925734063
ccd_tilt_x = 0.007695477348967285
ccd_tilt_y = -0.014013530998838555
ccd_tilt_z = 3.1204837040916386e-06
p = 0.0001