slit_dec_x_a = -0.181778666534
slit_dec_y_a = -0.18243150017
slit_dec_x_b = 0.14512077562974193
slit_dec_y_b = -0.05510809031835813
slit_defocus = -0.0010870891918401658
slit_tilt_x = 1.1279064780406596
slit_tilt_y = -8.575222307568497
slit_tilt_z = -9.004205283839903
d_slit_col = 1594.3043798602719
coll_tilt_x = 0.0871319227365263
coll_tilt_y = -0.024342510275243867
ech_G = 31.610922486967564
ech_blaze = -74.99561928289711
ech_gamma = 1.1577216938562838
echelle_z = 0.05751617025530769
d_col_trf = -1588.01603764212
trf_mirror_tilt_x = 0.11823239958674107
trf_mirror_tilt_y = 0.030582953636204294
d_col_grm = 0.014499329538312926
grism_dec_x = 236.3957956730705
grism_dec_y = -0.003784124104404023
grm_tilt_x = -0.025275785220570987
grm_tilt_y = 2.327146124000539
grm_G = 222.785523399197
grm_apex = 17.80900270252594
d_grm_cam  = 21.604624599265442
cam_dec_x = -0.2835029563981162
cam_dec_y = 0.28994610564259893
cam_tilt_x = 0.005550258752879327
cam_tilt_y = -0.023829454869543173
d_cam_ff  = -160.62181160206882
ccd_ff_dec_x = -0.02274023776875625
ccd_ff_dec_y = -0.047595638919820465
ccd_ff_tilt_x = 0.16181865368990014
ccd_ff_tilt_y = -0.5894317887612689
ccd_ff_tilt_z = 0.17177791629807412
d_ff_ccd  = -4.776350734259664
ccd_dec_x = 0.5521294419512585
ccd_dec_y = 5.106328297024642
ccd_defocus = 0.3255777123956074
ccd_tilt_x = 0.020116849332195173
ccd_tilt_y = -0.0037497411438182048
ccd_tilt_z = -1.0476488429663074e-07
p = 0.0001