slit_dec_x_a = -0.1704010755187174
slit_dec_y_a = -0.1956586180351446
slit_dec_x_b = 0.175
slit_dec_y_b = -1.7033173947446528e-96
slit_defocus = 0.0055811362183793255
slit_tilt_x = 1.1861360546923372
slit_tilt_y = -8.539923807089368
slit_tilt_z = -8.990787917926465
d_slit_col = 1594.2946428664122
coll_tilt_x = 0.08872315216522396
coll_tilt_y = -0.032033053124491666
ech_G = 31.610669429203643
ech_blaze = -74.97697971464892
ech_gamma = 1.1402127901986612
echelle_z = 0.0746736365502553
d_col_trf = -1588.0184976664807
trf_mirror_tilt_x = 0.13888825244631106
trf_mirror_tilt_y = 0.07767733469691016
d_col_grm = -0.009543780373984234
grism_dec_x = 236.43426411273762
grism_dec_y = 0.03419001091154025
grm_tilt_x = -0.01578720545438443
grm_tilt_y = 2.30432822749009
grm_G = 222.8251746265562
grm_apex = 17.81491074597357
d_grm_cam  = 21.608474435210137
cam_dec_x = -0.3019464246645888
cam_dec_y = 0.25032190783480907
cam_tilt_x = -0.018567452872040004
cam_tilt_y = -0.015154415893170224
d_cam_ff  = -160.400863963211
ccd_ff_dec_x = -0.003507932220070848
ccd_ff_dec_y = -5.138427763054533e-05
ccd_ff_tilt_x = 0.14598660216381856
ccd_ff_tilt_y = -0.5720893760915121
ccd_ff_tilt_z = 0.17257897562398192
d_ff_ccd  = -4.811636223141122
ccd_dec_x = 0.6206511447750221
ccd_dec_y = 5.155285996853636
ccd_defocus = 0.3164300365576792
ccd_tilt_x = 0.0077280235056936715
ccd_tilt_y = -0.014199144613383669
ccd_tilt_z = 3.0387821545972373e-06
p = 0.0001