slit_dec_x_a = -0.1704010755187174
slit_dec_y_a = -0.1956586180351446
slit_dec_x_b = 0.175
slit_dec_y_b = -1.738999757386858e-96
slit_defocus = 0.00568935693120333
slit_tilt_x = 1.186121417825205
slit_tilt_y = -8.5402961672236
slit_tilt_z = -8.990767779769067
d_slit_col = 1594.2946097797483
coll_tilt_x = 0.08871602194575004
coll_tilt_y = -0.03195418626024814
ech_G = 31.61065878290788
ech_blaze = -74.97692580494689
ech_gamma = 1.1402129381776667
echelle_z = 0.07469103637806683
d_col_trf = -1588.0185234577905
trf_mirror_tilt_x = 0.13884206188792766
trf_mirror_tilt_y = 0.07766790370877537
d_col_grm = -0.009554000017447262
grism_dec_x = 236.43412495843924
grism_dec_y = 0.03411486628229406
grm_tilt_x = -0.015764285958190218
grm_tilt_y = 2.304354517351533
grm_G = 222.8251745709504
grm_apex = 17.815027275853573
d_grm_cam  = 21.608503153151045
cam_dec_x = -0.30190804043733366
cam_dec_y = 0.25041530993685734
cam_tilt_x = -0.01849671130549296
cam_tilt_y = -0.015274295807810475
d_cam_ff  = -160.4013535479189
ccd_ff_dec_x = -0.0035105830529810187
ccd_ff_dec_y = 0.0004502711000284229
ccd_ff_tilt_x = 0.14592430222280606
ccd_ff_tilt_y = -0.5720777040688567
ccd_ff_tilt_z = 0.17253802266745719
d_ff_ccd  = -4.811393632929832
ccd_dec_x = 0.6206774621888059
ccd_dec_y = 5.155295859065908
ccd_defocus = 0.3163394134827641
ccd_tilt_x = 0.00793598785059956
ccd_tilt_y = -0.014188828557108122
ccd_tilt_z = 3.032713992312161e-06
p = 0.0001