slit_dec_x_a = -0.1704010755187174
slit_dec_y_a = -0.1956586180351446
slit_dec_x_b = 0.175
slit_dec_y_b = -1.8422991151073196e-96
slit_defocus = 0.005429132706113166
slit_tilt_x = 1.186035489936319
slit_tilt_y = -8.540116456387853
slit_tilt_z = -8.990915468875407
d_slit_col = 1594.294749478681
coll_tilt_x = 0.08874448598406982
coll_tilt_y = -0.03202628236877471
ech_G = 31.610674412945336
ech_blaze = -74.97694272553956
ech_gamma = 1.1402045156923892
echelle_z = 0.07464849986186528
d_col_trf = -1588.0185135117001
trf_mirror_tilt_x = 0.13873917346786924
trf_mirror_tilt_y = 0.0776845473014518
d_col_grm = -0.00946914752958127
grism_dec_x = 236.43419781853405
grism_dec_y = 0.03414045922154134
grm_tilt_x = -0.015777251645489095
grm_tilt_y = 2.30435573103402
grm_G = 222.82516741678955
grm_apex = 17.8152159174711
d_grm_cam  = 21.6084901195302
cam_dec_x = -0.30195571448254777
cam_dec_y = 0.25044325789794936
cam_tilt_x = -0.018691466355155763
cam_tilt_y = -0.015031892896994433
d_cam_ff  = -160.40116309384868
ccd_ff_dec_x = -0.003515092214077507
ccd_ff_dec_y = 0.0003364602749430458
ccd_ff_tilt_x = 0.14609218357289863
ccd_ff_tilt_y = -0.572095307591009
ccd_ff_tilt_z = 0.17257411750850077
d_ff_ccd  = -4.811477958347568
ccd_dec_x = 0.6206472051628683
ccd_dec_y = 5.155282170831143
ccd_defocus = 0.3162330748964664
ccd_tilt_x = 0.007739535922254038
ccd_tilt_y = -0.014168022429514801
ccd_tilt_z = 3.014774919641246e-06
p = 0.0001