slit_dec_x_a = -0.1704010755187174
slit_dec_y_a = -0.1956586180351446
slit_dec_x_b = 0.175
slit_dec_y_b = -1.5881335010195728e-96
slit_defocus = 0.005555222855499227
slit_tilt_x = 1.186104968408742
slit_tilt_y = -8.540136357946178
slit_tilt_z = -8.990650592184824
d_slit_col = 1594.2945289928693
coll_tilt_x = 0.08862954741563979
coll_tilt_y = -0.03198191603246088
ech_G = 31.61067431094566
ech_blaze = -74.97694879101391
ech_gamma = 1.140220481790834
echelle_z = 0.07467236829681288
d_col_trf = -1588.0185110775976
trf_mirror_tilt_x = 0.1388331803734866
trf_mirror_tilt_y = 0.07767818737514987
d_col_grm = -0.009426752273790012
grism_dec_x = 236.4341606098901
grism_dec_y = 0.034154567694239614
grm_tilt_x = -0.01577200890478908
grm_tilt_y = 2.3043575266605556
grm_G = 222.82516620161354
grm_apex = 17.815095131720962
d_grm_cam  = 21.608481087880918
cam_dec_x = -0.30186878580009824
cam_dec_y = 0.25048200562535666
cam_tilt_x = -0.018852896640576104
cam_tilt_y = -0.015138397921779886
d_cam_ff  = -160.4015834467647
ccd_ff_dec_x = -0.0035027033973170207
ccd_ff_dec_y = 0.0003327753442349083
ccd_ff_tilt_x = 0.14603017000718357
ccd_ff_tilt_y = -0.5720892921660469
ccd_ff_tilt_z = 0.17257672899936372
d_ff_ccd  = -4.811432019341696
ccd_dec_x = 0.6206598232844285
ccd_dec_y = 5.155277991788492
ccd_defocus = 0.3164291627058049
ccd_tilt_x = 0.007679491177786183
ccd_tilt_y = -0.014081547882606335
ccd_tilt_z = 3.0890388668476586e-06
p = 0.0001