slit_dec_x_a = -0.1704010755187174
slit_dec_y_a = -0.1956586180351446
slit_dec_x_b = 0.175
slit_dec_y_b = -1.5472053304560914e-96
slit_defocus = 0.0053406184164879736
slit_tilt_x = 1.1861882691704495
slit_tilt_y = -8.540188526427366
slit_tilt_z = -8.990727424590727
d_slit_col = 1594.2944929049538
coll_tilt_x = 0.08856407494610821
coll_tilt_y = -0.032050623648037034
ech_G = 31.61064984090118
ech_blaze = -74.9769533287156
ech_gamma = 1.1401972873998663
echelle_z = 0.07466023372007181
d_col_trf = -1588.0185046602796
trf_mirror_tilt_x = 0.1389293970910867
trf_mirror_tilt_y = 0.07747361830313204
d_col_grm = -0.009752639148198936
grism_dec_x = 236.4342477297924
grism_dec_y = 0.03407656054301062
grm_tilt_x = -0.015769828314932684
grm_tilt_y = 2.3043796793192994
grm_G = 222.82517425127068
grm_apex = 17.815254786810872
d_grm_cam  = 21.60847161321512
cam_dec_x = -0.3020072681883273
cam_dec_y = 0.25055047702829214
cam_tilt_x = -0.01860734832901727
cam_tilt_y = -0.015037661020289934
d_cam_ff  = -160.40207102412415
ccd_ff_dec_x = -0.00348655218882196
ccd_ff_dec_y = 6.906094434566732e-05
ccd_ff_tilt_x = 0.14589857873858628
ccd_ff_tilt_y = -0.5720779692919314
ccd_ff_tilt_z = 0.17256882566571732
d_ff_ccd  = -4.811466332243742
ccd_dec_x = 0.6206667430777703
ccd_dec_y = 5.155278702823651
ccd_defocus = 0.31647782029292654
ccd_tilt_x = 0.007694046695239464
ccd_tilt_y = -0.014055657219508896
ccd_tilt_z = 3.1318739612306466e-06
p = 0.0001