slit_dec_x_a = -0.1704010755187174
slit_dec_y_a = -0.1956586180351446
slit_dec_x_b = 0.175
slit_dec_y_b = -1.7876285946765967e-96
slit_defocus = 0.005485289135897802
slit_tilt_x = 1.1860274115401255
slit_tilt_y = -8.539947783933945
slit_tilt_z = -8.990789217583114
d_slit_col = 1594.2945917884408
coll_tilt_x = 0.08856402590589368
coll_tilt_y = -0.03203775889627136
ech_G = 31.610649651537855
ech_blaze = -74.97695901547768
ech_gamma = 1.140204235163883
echelle_z = 0.07466853415178733
d_col_trf = -1588.0185257377702
trf_mirror_tilt_x = 0.13879694164769213
trf_mirror_tilt_y = 0.07765988942331126
d_col_grm = -0.009613963682881818
grism_dec_x = 236.43428841387046
grism_dec_y = 0.03413118263012714
grm_tilt_x = -0.015769262074423623
grm_tilt_y = 2.3043608793546504
grm_G = 222.82519161218642
grm_apex = 17.81512946527022
d_grm_cam  = 21.608487886757604
cam_dec_x = -0.30189087841821993
cam_dec_y = 0.25034696102844134
cam_tilt_x = -0.01866457099958253
cam_tilt_y = -0.015090203912437188
d_cam_ff  = -160.40065542604816
ccd_ff_dec_x = -0.0035068795568017233
ccd_ff_dec_y = 0.00036196592062882226
ccd_ff_tilt_x = 0.14593941114009026
ccd_ff_tilt_y = -0.5720870854989436
ccd_ff_tilt_z = 0.17256644261729992
d_ff_ccd  = -4.811385652448893
ccd_dec_x = 0.6206416845820697
ccd_dec_y = 5.155282009993821
ccd_defocus = 0.31643708523837827
ccd_tilt_x = 0.007753277030456413
ccd_tilt_y = -0.01416978090604324
ccd_tilt_z = 3.0930091017100048e-06
p = 0.0001