slit_dec_x_a = -0.1704010755187174
slit_dec_y_a = -0.1956586180351446
slit_dec_x_b = 0.175
slit_dec_y_b = -1.857132522207313e-96
slit_defocus = 0.005571399051512315
slit_tilt_x = 1.185973551448429
slit_tilt_y = -8.54005980966117
slit_tilt_z = -8.990698142379241
d_slit_col = 1594.2945123200395
coll_tilt_x = 0.08872434345555637
coll_tilt_y = -0.031990835714860964
ech_G = 31.610673074384874
ech_blaze = -74.97694029627905
ech_gamma = 1.1402097444190566
echelle_z = 0.07466218680524597
d_col_trf = -1588.018518689039
trf_mirror_tilt_x = 0.13891369384078217
trf_mirror_tilt_y = 0.07753588942527391
d_col_grm = -0.009529959268201556
grism_dec_x = 236.43418081922258
grism_dec_y = 0.0341761153223008
grm_tilt_x = -0.015780125428971205
grm_tilt_y = 2.3043596346037956
grm_G = 222.82516962035308
grm_apex = 17.81513847037521
d_grm_cam  = 21.60847928543313
cam_dec_x = -0.30194342637250543
cam_dec_y = 0.25024070623298517
cam_tilt_x = -0.018683660149389887
cam_tilt_y = -0.015142098952548826
d_cam_ff  = -160.4009626323555
ccd_ff_dec_x = -0.0034893846539529407
ccd_ff_dec_y = 0.00033456366305854455
ccd_ff_tilt_x = 0.14604065258424043
ccd_ff_tilt_y = -0.5720867838573547
ccd_ff_tilt_z = 0.17254090404308287
d_ff_ccd  = -4.811379438332966
ccd_dec_x = 0.6206644303537168
ccd_dec_y = 5.155285178844498
ccd_defocus = 0.31638753285843807
ccd_tilt_x = 0.007653621197805625
ccd_tilt_y = -0.014171831948493571
ccd_tilt_z = 3.0805283185536085e-06
p = 0.0001