slit_dec_x_a = -0.1704010755187174
slit_dec_y_a = -0.1956586180351446
slit_dec_x_b = 0.175
slit_dec_y_b = -1.7147654176229152e-96
slit_defocus = 0.005643787302901939
slit_tilt_x = 1.1860387659564942
slit_tilt_y = -8.540136681714003
slit_tilt_z = -8.99062844300932
d_slit_col = 1594.2944739997686
coll_tilt_x = 0.08869118760087047
coll_tilt_y = -0.031939364477723296
ech_G = 31.610664210796784
ech_blaze = -74.97695422794808
ech_gamma = 1.140208964395649
echelle_z = 0.07467969437934488
d_col_trf = -1588.0185347559327
trf_mirror_tilt_x = 0.13870500943622305
trf_mirror_tilt_y = 0.07748579325029593
d_col_grm = -0.009424057857142903
grism_dec_x = 236.43413037670348
grism_dec_y = 0.03423626677383075
grm_tilt_x = -0.015766124767820886
grm_tilt_y = 2.304347382786109
grm_G = 222.82517039715987
grm_apex = 17.81519579544459
d_grm_cam  = 21.608493742235282
cam_dec_x = -0.30177865945981613
cam_dec_y = 0.25037985481180774
cam_tilt_x = -0.01859159401981283
cam_tilt_y = -0.01520554665284131
d_cam_ff  = -160.40193600868938
ccd_ff_dec_x = -0.0034968580569079612
ccd_ff_dec_y = 0.00047387842792030055
ccd_ff_tilt_x = 0.14598098090698527
ccd_ff_tilt_y = -0.572089387570774
ccd_ff_tilt_z = 0.17256219449883423
d_ff_ccd  = -4.8113991427624665
ccd_dec_x = 0.6206553683026722
ccd_dec_y = 5.155287365812492
ccd_defocus = 0.31627976973543265
ccd_tilt_x = 0.007748405417243552
ccd_tilt_y = -0.014173936835302655
ccd_tilt_z = 3.120169031491297e-06
p = 0.0001