slit_dec_x_a = -0.1704010755187174
slit_dec_y_a = -0.1956586180351446
slit_dec_x_b = 0.175
slit_dec_y_b = -1.7746072174860242e-96
slit_defocus = 0.005311462698931684
slit_tilt_x = 1.1860879099688313
slit_tilt_y = -8.540073417909253
slit_tilt_z = -8.990753180874616
d_slit_col = 1594.2943568924572
coll_tilt_x = 0.08859760741293206
coll_tilt_y = -0.031943982223137275
ech_G = 31.61064676806454
ech_blaze = -74.97693409280929
ech_gamma = 1.1401980582656936
echelle_z = 0.07468609017905793
d_col_trf = -1588.0185228168189
trf_mirror_tilt_x = 0.1386803874592943
trf_mirror_tilt_y = 0.07769459640370759
d_col_grm = -0.009642734690930313
grism_dec_x = 236.43439314897603
grism_dec_y = 0.03407701096294298
grm_tilt_x = -0.015774957211154773
grm_tilt_y = 2.304353958058945
grm_G = 222.82517983382996
grm_apex = 17.815183534726334
d_grm_cam  = 21.608502198248427
cam_dec_x = -0.3017231386646223
cam_dec_y = 0.2502287083294624
cam_tilt_x = -0.018592558118987596
cam_tilt_y = -0.015231837035328561
d_cam_ff  = -160.40084477349612
ccd_ff_dec_x = -0.0035102281299170673
ccd_ff_dec_y = 0.0003736527440862801
ccd_ff_tilt_x = 0.14616868978360967
ccd_ff_tilt_y = -0.5720954947769695
ccd_ff_tilt_z = 0.17254517585172593
d_ff_ccd  = -4.811559697584152
ccd_dec_x = 0.6206602058575116
ccd_dec_y = 5.155287920434833
ccd_defocus = 0.31638594496286104
ccd_tilt_x = 0.007777925832632516
ccd_tilt_y = -0.014025417333243709
ccd_tilt_z = 3.1463174546699716e-06
p = 0.0001