slit_dec_x_a = -0.1704010755187174
slit_dec_y_a = -0.1956586180351446
slit_dec_x_b = 0.175
slit_dec_y_b = -1.7630907882988084e-96
slit_defocus = 0.005434507948834766
slit_tilt_x = 1.1860507917153265
slit_tilt_y = -8.539956021858213
slit_tilt_z = -8.990572375619315
d_slit_col = 1594.2944261659886
coll_tilt_x = 0.08879595518771333
coll_tilt_y = -0.032083393145219075
ech_G = 31.61067950480697
ech_blaze = -74.97694486855849
ech_gamma = 1.1401891821916044
echelle_z = 0.07468146460938674
d_col_trf = -1588.0185153430903
trf_mirror_tilt_x = 0.13871476153521534
trf_mirror_tilt_y = 0.07738697098823166
d_col_grm = -0.00950988145828391
grism_dec_x = 236.4341725120502
grism_dec_y = 0.034117383533899835
grm_tilt_x = -0.015781765686170457
grm_tilt_y = 2.3043453949347037
grm_G = 222.82515912550926
grm_apex = 17.815051202140488
d_grm_cam  = 21.60847480707147
cam_dec_x = -0.3019357894902688
cam_dec_y = 0.250320466600021
cam_tilt_x = -0.018514706712998097
cam_tilt_y = -0.01506510486960717
d_cam_ff  = -160.40195148178617
ccd_ff_dec_x = -0.0035147333722377423
ccd_ff_dec_y = 0.00020118617662281927
ccd_ff_tilt_x = 0.14596515335765178
ccd_ff_tilt_y = -0.572058147994361
ccd_ff_tilt_z = 0.17257963195363063
d_ff_ccd  = -4.811471795299598
ccd_dec_x = 0.620653199260997
ccd_dec_y = 5.155274506217676
ccd_defocus = 0.3162326090283549
ccd_tilt_x = 0.007783035704285635
ccd_tilt_y = -0.01421973477976353
ccd_tilt_z = 3.085229292248366e-06
p = 0.0001