slit_dec_x_a = -0.1704010755187174
slit_dec_y_a = -0.1956586180351446
slit_dec_x_b = 0.175
slit_dec_y_b = -1.7212828295022724e-96
slit_defocus = 0.005616859428807885
slit_tilt_x = 1.1862085864946845
slit_tilt_y = -8.539903707781212
slit_tilt_z = -8.990728243757623
d_slit_col = 1594.2946531810724
coll_tilt_x = 0.08873320815072457
coll_tilt_y = -0.03198753985856819
ech_G = 31.610667626994907
ech_blaze = -74.97691632351
ech_gamma = 1.140207450081838
echelle_z = 0.07468997967642707
d_col_trf = -1588.0185340464557
trf_mirror_tilt_x = 0.13890131945745796
trf_mirror_tilt_y = 0.07760601056488464
d_col_grm = -0.009361259789509009
grism_dec_x = 236.43432026715774
grism_dec_y = 0.03404971867847806
grm_tilt_x = -0.015768408517549137
grm_tilt_y = 2.304378364391311
grm_G = 222.82516219881074
grm_apex = 17.815339332229087
d_grm_cam  = 21.60849913264661
cam_dec_x = -0.3019663818337453
cam_dec_y = 0.2502655879543776
cam_tilt_x = -0.018601853553120235
cam_tilt_y = -0.0150883508501862
d_cam_ff  = -160.40220699301716
ccd_ff_dec_x = -0.0035073185019454307
ccd_ff_dec_y = 0.00020837780850346642
ccd_ff_tilt_x = 0.14617764986609802
ccd_ff_tilt_y = -0.5720921782033459
ccd_ff_tilt_z = 0.17257757911596872
d_ff_ccd  = -4.811226011805042
ccd_dec_x = 0.6206657801477321
ccd_dec_y = 5.155296081430595
ccd_defocus = 0.31621220978555414
ccd_tilt_x = 0.007746188911583148
ccd_tilt_y = -0.014207647404370707
ccd_tilt_z = 3.099702696725918e-06
p = 0.0001