slit_dec_x_a = -0.1704010755187174
slit_dec_y_a = -0.1956586180351446
slit_dec_x_b = 0.175
slit_dec_y_b = -1.824818281535729e-96
slit_defocus = 0.005589226338352244
slit_tilt_x = 1.1860935302659048
slit_tilt_y = -8.540170636935137
slit_tilt_z = -8.990759705788438
d_slit_col = 1594.2945984567252
coll_tilt_x = 0.08857432059240633
coll_tilt_y = -0.031941919193112546
ech_G = 31.610670544512796
ech_blaze = -74.97694066671384
ech_gamma = 1.1402163751010215
echelle_z = 0.07467772166485931
d_col_trf = -1588.0185212294332
trf_mirror_tilt_x = 0.1388607147293108
trf_mirror_tilt_y = 0.07754993629281477
d_col_grm = -0.009445535729366858
grism_dec_x = 236.43421874072558
grism_dec_y = 0.03420688401075156
grm_tilt_x = -0.015755411040924077
grm_tilt_y = 2.304346342144071
grm_G = 222.8251718822633
grm_apex = 17.815122633919966
d_grm_cam  = 21.608462256297887
cam_dec_x = -0.30197404714998266
cam_dec_y = 0.250207267555344
cam_tilt_x = -0.0189085397705906
cam_tilt_y = -0.015004987750962793
d_cam_ff  = -160.400424284172
ccd_ff_dec_x = -0.0034962554894754447
ccd_ff_dec_y = 0.0002920652639584119
ccd_ff_tilt_x = 0.14595507063570773
ccd_ff_tilt_y = -0.5720953794222812
ccd_ff_tilt_z = 0.17257204095573989
d_ff_ccd  = -4.811437562055896
ccd_dec_x = 0.6206709645246143
ccd_dec_y = 5.155283283202069
ccd_defocus = 0.3162191239839436
ccd_tilt_x = 0.00763534707032272
ccd_tilt_y = -0.014021139986058691
ccd_tilt_z = 3.088997644730029e-06
p = 0.0001