slit_dec_x_a = -0.1704010755187174
slit_dec_y_a = -0.1956586180351446
slit_dec_x_b = 0.175
slit_dec_y_b = -1.9114208465687277e-96
slit_defocus = 0.005327329346282619
slit_tilt_x = 1.1861092115656258
slit_tilt_y = -8.539997162797608
slit_tilt_z = -8.990589117313366
d_slit_col = 1594.2944782590864
coll_tilt_x = 0.08885163757249034
coll_tilt_y = -0.03207349280676643
ech_G = 31.610681644923734
ech_blaze = -74.97692798076794
ech_gamma = 1.1402077564170916
echelle_z = 0.0746662126879086
d_col_trf = -1588.0185157642215
trf_mirror_tilt_x = 0.13877089541558832
trf_mirror_tilt_y = 0.07742446218162921
d_col_grm = -0.009542307665071904
grism_dec_x = 236.43418077781396
grism_dec_y = 0.03431149746740069
grm_tilt_x = -0.015762316339328643
grm_tilt_y = 2.304346988794606
grm_G = 222.82516874551192
grm_apex = 17.8151434217114
d_grm_cam  = 21.608500867673794
cam_dec_x = -0.3019423170160699
cam_dec_y = 0.25029279773533925
cam_tilt_x = -0.018512870669177523
cam_tilt_y = -0.014997529600010995
d_cam_ff  = -160.40099032077205
ccd_ff_dec_x = -0.0035074577191161163
ccd_ff_dec_y = 0.0002770337398423235
ccd_ff_tilt_x = 0.14609360869211852
ccd_ff_tilt_y = -0.5720734604236336
ccd_ff_tilt_z = 0.1725619566153007
d_ff_ccd  = -4.8111892189415375
ccd_dec_x = 0.6206602567161609
ccd_dec_y = 5.155280047200739
ccd_defocus = 0.3162837525307108
ccd_tilt_x = 0.007582317730281149
ccd_tilt_y = -0.014155194372546627
ccd_tilt_z = 3.133177556839749e-06
p = 0.0001