slit_dec_x_a = -0.1704010755187174
slit_dec_y_a = -0.1956586180351446
slit_dec_x_b = 0.175
slit_dec_y_b = -1.6848597832386307e-96
slit_defocus = 0.005549546921253866
slit_tilt_x = 1.1860275456033638
slit_tilt_y = -8.540148280526173
slit_tilt_z = -8.990707444931823
d_slit_col = 1594.2946171723565
coll_tilt_x = 0.08869371155478598
coll_tilt_y = -0.03193657207375089
ech_G = 31.61067410364075
ech_blaze = -74.97694171014737
ech_gamma = 1.1402121024379819
echelle_z = 0.0746757184141954
d_col_trf = -1588.0185193082907
trf_mirror_tilt_x = 0.1387252940188557
trf_mirror_tilt_y = 0.07757356562639522
d_col_grm = -0.009627198812181723
grism_dec_x = 236.43435610659503
grism_dec_y = 0.034216977075774944
grm_tilt_x = -0.01576445631638187
grm_tilt_y = 2.304365373819007
grm_G = 222.82517632404802
grm_apex = 17.815171148667908
d_grm_cam  = 21.608483148069148
cam_dec_x = -0.30179005666311376
cam_dec_y = 0.2504749485263364
cam_tilt_x = -0.018649727670707595
cam_tilt_y = -0.015234842917200989
d_cam_ff  = -160.40181713231806
ccd_ff_dec_x = -0.0034985027145301665
ccd_ff_dec_y = 0.0002747084025455809
ccd_ff_tilt_x = 0.1460133571535747
ccd_ff_tilt_y = -0.5720810503120857
ccd_ff_tilt_z = 0.17256233234436869
d_ff_ccd  = -4.811516777222755
ccd_dec_x = 0.6206666279304853
ccd_dec_y = 5.155297392821381
ccd_defocus = 0.3162706928114839
ccd_tilt_x = 0.007713237138827035
ccd_tilt_y = -0.014104994514644033
ccd_tilt_z = 3.156727621815627e-06
p = 0.0001