slit_dec_x_a = -0.1704010755187174
slit_dec_y_a = -0.1956586180351446
slit_dec_x_b = 0.175
slit_dec_y_b = -1.6445362670464478e-96
slit_defocus = 0.005461760160471347
slit_tilt_x = 1.1858567927810466
slit_tilt_y = -8.540178339892991
slit_tilt_z = -8.990863090080907
d_slit_col = 1594.2945027967855
coll_tilt_x = 0.08867109277291291
coll_tilt_y = -0.0319808428054396
ech_G = 31.610659166237117
ech_blaze = -74.97694048539383
ech_gamma = 1.1401962330880977
echelle_z = 0.07466983957919827
d_col_trf = -1588.0185089526044
trf_mirror_tilt_x = 0.13886937293904866
trf_mirror_tilt_y = 0.07743033829352838
d_col_grm = -0.009541357802826628
grism_dec_x = 236.43424635631672
grism_dec_y = 0.03417926568454648
grm_tilt_x = -0.01578025519030296
grm_tilt_y = 2.304357528418175
grm_G = 222.82518009679094
grm_apex = 17.815219594104757
d_grm_cam  = 21.60848310254361
cam_dec_x = -0.30207891912705276
cam_dec_y = 0.2504111783015386
cam_tilt_x = -0.0184364027620122
cam_tilt_y = -0.015208315920099575
d_cam_ff  = -160.40150003061314
ccd_ff_dec_x = -0.0035018048788485173
ccd_ff_dec_y = 0.0002472719121748971
ccd_ff_tilt_x = 0.14599347886737102
ccd_ff_tilt_y = -0.572085075550473
ccd_ff_tilt_z = 0.1725727546226428
d_ff_ccd  = -4.8114621641804325
ccd_dec_x = 0.6206598971371333
ccd_dec_y = 5.155283331873039
ccd_defocus = 0.31617747635535043
ccd_tilt_x = 0.007790495495752346
ccd_tilt_y = -0.014119935619102814
ccd_tilt_z = 3.2106115349230473e-06
p = 0.0001