slit_dec_x_a = -0.1704010755187174
slit_dec_y_a = -0.1956586180351446
slit_dec_x_b = 0.175
slit_dec_y_b = -1.6975647614060057e-96
slit_defocus = 0.005414889799863937
slit_tilt_x = 1.1862147970083663
slit_tilt_y = -8.540027087716354
slit_tilt_z = -8.990794019232546
d_slit_col = 1594.2945562564946
coll_tilt_x = 0.08862480889449237
coll_tilt_y = -0.03190721728750798
ech_G = 31.6106566179815
ech_blaze = -74.97695278499037
ech_gamma = 1.1402055347791813
echelle_z = 0.07469216956513791
d_col_trf = -1588.0185313770685
trf_mirror_tilt_x = 0.13859711735924568
trf_mirror_tilt_y = 0.0774679643562124
d_col_grm = -0.009555495590860698
grism_dec_x = 236.43429685636715
grism_dec_y = 0.03418771001610025
grm_tilt_x = -0.015763482771317325
grm_tilt_y = 2.304371718201382
grm_G = 222.82515562733425
grm_apex = 17.815175666361288
d_grm_cam  = 21.608489117906032
cam_dec_x = -0.3016936884957546
cam_dec_y = 0.2505209243899544
cam_tilt_x = -0.01861480291496637
cam_tilt_y = -0.01532992156124139
d_cam_ff  = -160.40126487306947
ccd_ff_dec_x = -0.003512623092051893
ccd_ff_dec_y = 0.0004330839127358658
ccd_ff_tilt_x = 0.14598977888431794
ccd_ff_tilt_y = -0.5720831908125785
ccd_ff_tilt_z = 0.17257412208613887
d_ff_ccd  = -4.811329457610859
ccd_dec_x = 0.6206396168444074
ccd_dec_y = 5.155274326127434
ccd_defocus = 0.3164774530719917
ccd_tilt_x = 0.007772555754822628
ccd_tilt_y = -0.014228461953526481
ccd_tilt_z = 3.1294848865774803e-06
p = 0.0001