slit_dec_x_a = -0.1704010755187174
slit_dec_y_a = -0.1956586180351446
slit_dec_x_b = 0.175
slit_dec_y_b = -1.7972898823875172e-96
slit_defocus = 0.005503816357735283
slit_tilt_x = 1.1860965366506482
slit_tilt_y = -8.540133100076085
slit_tilt_z = -8.990666269975645
d_slit_col = 1594.2944051607258
coll_tilt_x = 0.08871892624292746
coll_tilt_y = -0.03195048876485364
ech_G = 31.610675059041984
ech_blaze = -74.9769604524457
ech_gamma = 1.1401948347091049
echelle_z = 0.07466825717990504
d_col_trf = -1588.0185011506783
trf_mirror_tilt_x = 0.13877284258297784
trf_mirror_tilt_y = 0.07751891852740232
d_col_grm = -0.009549765778427706
grism_dec_x = 236.43428861930894
grism_dec_y = 0.03420350250268837
grm_tilt_x = -0.01577012558849784
grm_tilt_y = 2.304360997329408
grm_G = 222.8251856465786
grm_apex = 17.81514320592354
d_grm_cam  = 21.608495081385804
cam_dec_x = -0.3017711052946503
cam_dec_y = 0.2503505565501606
cam_tilt_x = -0.018567970366577598
cam_tilt_y = -0.015280545317430633
d_cam_ff  = -160.40188249586606
ccd_ff_dec_x = -0.003497621340128546
ccd_ff_dec_y = 0.000379677862845283
ccd_ff_tilt_x = 0.1463576218163786
ccd_ff_tilt_y = -0.5720986341381004
ccd_ff_tilt_z = 0.17257144016156298
d_ff_ccd  = -4.811629849417627
ccd_dec_x = 0.6206586209900011
ccd_dec_y = 5.155282158303817
ccd_defocus = 0.3164297103685073
ccd_tilt_x = 0.007790739513089001
ccd_tilt_y = -0.014116779337380524
ccd_tilt_z = 3.157360489828487e-06
p = 0.0001