slit_dec_x_a = -0.1704010755187174
slit_dec_y_a = -0.1956586180351446
slit_dec_x_b = 0.175
slit_dec_y_b = -1.5620534568786907e-96
slit_defocus = 0.005371054197125394
slit_tilt_x = 1.1859955936819946
slit_tilt_y = -8.540063763935523
slit_tilt_z = -8.990856107495427
d_slit_col = 1594.294594428221
coll_tilt_x = 0.0886875907535553
coll_tilt_y = -0.03203197063730823
ech_G = 31.61066061188802
ech_blaze = -74.9769288633778
ech_gamma = 1.1402032526773733
echelle_z = 0.0746592349639901
d_col_trf = -1588.01851526213
trf_mirror_tilt_x = 0.1388281104952324
trf_mirror_tilt_y = 0.07745209951839176
d_col_grm = -0.009510851969157644
grism_dec_x = 236.43439444517787
grism_dec_y = 0.033953318286275166
grm_tilt_x = -0.01576831003539092
grm_tilt_y = 2.3043603862215134
grm_G = 222.82518447460757
grm_apex = 17.815024486386363
d_grm_cam  = 21.608468153421438
cam_dec_x = -0.3018127269481912
cam_dec_y = 0.25039675129493444
cam_tilt_x = -0.018590870376526767
cam_tilt_y = -0.015153410778219656
d_cam_ff  = -160.4014876759349
ccd_ff_dec_x = -0.0034916232267313612
ccd_ff_dec_y = 0.00043305294886878835
ccd_ff_tilt_x = 0.14603203100470857
ccd_ff_tilt_y = -0.572099867556105
ccd_ff_tilt_z = 0.17257508191035284
d_ff_ccd  = -4.811390258676734
ccd_dec_x = 0.6206825251694967
ccd_dec_y = 5.155292596902521
ccd_defocus = 0.3163939273728036
ccd_tilt_x = 0.00790814006575915
ccd_tilt_y = -0.013975833145934391
ccd_tilt_z = 3.124284522409497e-06
p = 0.0001