slit_dec_x_a = -0.1704010755187174
slit_dec_y_a = -0.1956586180351446
slit_dec_x_b = 0.175
slit_dec_y_b = -1.7273888753082902e-96
slit_defocus = 0.005438651196645744
slit_tilt_x = 1.1861438126847876
slit_tilt_y = -8.54030864345643
slit_tilt_z = -8.99054443251398
d_slit_col = 1594.2947284516845
coll_tilt_x = 0.08866091751452551
coll_tilt_y = -0.03196688970180688
ech_G = 31.610658685326317
ech_blaze = -74.9769477913176
ech_gamma = 1.1402035740328866
echelle_z = 0.07467084314562736
d_col_trf = -1588.0185236442703
trf_mirror_tilt_x = 0.13888577259503765
trf_mirror_tilt_y = 0.077415592248156
d_col_grm = -0.009675668307270183
grism_dec_x = 236.43434977731965
grism_dec_y = 0.034236471017429285
grm_tilt_x = -0.015782624774761857
grm_tilt_y = 2.3043527167232485
grm_G = 222.82516209281425
grm_apex = 17.815006805096047
d_grm_cam  = 21.608492924024983
cam_dec_x = -0.3018698796140682
cam_dec_y = 0.25049497622376543
cam_tilt_x = -0.018580733285930764
cam_tilt_y = -0.015292879919214302
d_cam_ff  = -160.40090822652527
ccd_ff_dec_x = -0.0035032469289869605
ccd_ff_dec_y = 0.00045687087152636503
ccd_ff_tilt_x = 0.1459772313425077
ccd_ff_tilt_y = -0.5720856843588478
ccd_ff_tilt_z = 0.17257586546436182
d_ff_ccd  = -4.811586024381646
ccd_dec_x = 0.6206751024881406
ccd_dec_y = 5.155288161069835
ccd_defocus = 0.3162929471774595
ccd_tilt_x = 0.007640993309839126
ccd_tilt_y = -0.014210246904118668
ccd_tilt_z = 3.1322613256874293e-06
p = 0.0001