slit_dec_x_a = -0.1704010755187174
slit_dec_y_a = -0.1956586180351446
slit_dec_x_b = 0.175
slit_dec_y_b = -1.5297354454854629e-96
slit_defocus = 0.005419815735707291
slit_tilt_x = 1.1861771572961048
slit_tilt_y = -8.540098927896976
slit_tilt_z = -8.99081818318575
d_slit_col = 1594.2945641296799
coll_tilt_x = 0.08863018940521233
coll_tilt_y = -0.031982383044091706
ech_G = 31.610674978444408
ech_blaze = -74.97695004427669
ech_gamma = 1.140216047085019
echelle_z = 0.07467713644953192
d_col_trf = -1588.0185051379929
trf_mirror_tilt_x = 0.13897449428188027
trf_mirror_tilt_y = 0.07759421928003309
d_col_grm = -0.009494110261384095
grism_dec_x = 236.43437054665316
grism_dec_y = 0.03425358678136146
grm_tilt_x = -0.01576862902661269
grm_tilt_y = 2.3043522839984174
grm_G = 222.8251613665048
grm_apex = 17.815093422344923
d_grm_cam  = 21.608483580404
cam_dec_x = -0.30202106986984756
cam_dec_y = 0.25031133636187985
cam_tilt_x = -0.018751871866204424
cam_tilt_y = -0.015083786273633966
d_cam_ff  = -160.40183493341968
ccd_ff_dec_x = -0.003511386180810078
ccd_ff_dec_y = 0.00016337651990221168
ccd_ff_tilt_x = 0.1459604665403595
ccd_ff_tilt_y = -0.5720848889085179
ccd_ff_tilt_z = 0.17256170547234084
d_ff_ccd  = -4.811480906509716
ccd_dec_x = 0.6206617571153733
ccd_dec_y = 5.155277362705622
ccd_defocus = 0.31648026348578356
ccd_tilt_x = 0.0076704106844198774
ccd_tilt_y = -0.014170609725955999
ccd_tilt_z = 3.102187272559764e-06
p = 0.0001