slit_dec_x_a = -0.1704010755187174
slit_dec_y_a = -0.1956586180351446
slit_dec_x_b = 0.175
slit_dec_y_b = -1.5313196725659991e-96
slit_defocus = 0.005457503769188608
slit_tilt_x = 1.1861382292974296
slit_tilt_y = -8.539978906619815
slit_tilt_z = -8.990719728863715
d_slit_col = 1594.2948076304303
coll_tilt_x = 0.08871417784809216
coll_tilt_y = -0.03205002021350777
ech_G = 31.610667744613664
ech_blaze = -74.97692472975142
ech_gamma = 1.1402054586611068
echelle_z = 0.07466833173468101
d_col_trf = -1588.0185214284984
trf_mirror_tilt_x = 0.13893545498397653
trf_mirror_tilt_y = 0.07756614821724296
d_col_grm = -0.009479692377356158
grism_dec_x = 236.43412217099757
grism_dec_y = 0.033991551720188376
grm_tilt_x = -0.015771346830082248
grm_tilt_y = 2.3043541513935364
grm_G = 222.82519113610826
grm_apex = 17.814991177103046
d_grm_cam  = 21.608472389130476
cam_dec_x = -0.3020783225314002
cam_dec_y = 0.25043888175905954
cam_tilt_x = -0.018578807408527936
cam_tilt_y = -0.015148610956531425
d_cam_ff  = -160.40087685662934
ccd_ff_dec_x = -0.0035115435416211054
ccd_ff_dec_y = 0.0002623001692645959
ccd_ff_tilt_x = 0.14619018358183405
ccd_ff_tilt_y = -0.5720804797310105
ccd_ff_tilt_z = 0.17257649575296818
d_ff_ccd  = -4.8113135141801475
ccd_dec_x = 0.6206688118554159
ccd_dec_y = 5.15527574840422
ccd_defocus = 0.3165081320168817
ccd_tilt_x = 0.0076695045455225
ccd_tilt_y = -0.01405154303878039
ccd_tilt_z = 3.1496439344446205e-06
p = 0.0001