slit_dec_x_a = -0.1704010755187174
slit_dec_y_a = -0.1956586180351446
slit_dec_x_b = 0.175
slit_dec_y_b = -1.784933347613068e-96
slit_defocus = 0.005576189107507835
slit_tilt_x = 1.1857793162931838
slit_tilt_y = -8.540257521022554
slit_tilt_z = -8.990787333488328
d_slit_col = 1594.2946286928081
coll_tilt_x = 0.08869914311982363
coll_tilt_y = -0.031961226824132
ech_G = 31.61066417624581
ech_blaze = -74.97691596775768
ech_gamma = 1.1402210719698804
echelle_z = 0.07467922954145763
d_col_trf = -1588.0185021634895
trf_mirror_tilt_x = 0.13877158343441215
trf_mirror_tilt_y = 0.07767538887228442
d_col_grm = -0.009701319716127149
grism_dec_x = 236.43427567252382
grism_dec_y = 0.034216548775466
grm_tilt_x = -0.015770790231303868
grm_tilt_y = 2.3043631603455608
grm_G = 222.82516086706568
grm_apex = 17.815079972691755
d_grm_cam  = 21.608491023698782
cam_dec_x = -0.30198046895399583
cam_dec_y = 0.2504128922936835
cam_tilt_x = -0.018566399680291435
cam_tilt_y = -0.015232834058820255
d_cam_ff  = -160.40120306109853
ccd_ff_dec_x = -0.0035136976537439714
ccd_ff_dec_y = 0.0004789511993192066
ccd_ff_tilt_x = 0.14593856985958975
ccd_ff_tilt_y = -0.5720625946908435
ccd_ff_tilt_z = 0.1725687753176659
d_ff_ccd  = -4.811339780028263
ccd_dec_x = 0.620668665763005
ccd_dec_y = 5.155292713551381
ccd_defocus = 0.3164824627024448
ccd_tilt_x = 0.0076951655639478315
ccd_tilt_y = -0.014210128207588262
ccd_tilt_z = 3.1416789827781164e-06
p = 0.0001