slit_dec_x_a = -0.1704010755187174
slit_dec_y_a = -0.1956586180351446
slit_dec_x_b = 0.175
slit_dec_y_b = -1.8003001182686445e-96
slit_defocus = 0.005599476069314702
slit_tilt_x = 1.1860061808553994
slit_tilt_y = -8.54001069654955
slit_tilt_z = -8.990779652995638
d_slit_col = 1594.2946113929231
coll_tilt_x = 0.08857121194095882
coll_tilt_y = -0.03206454696045426
ech_G = 31.610666116167014
ech_blaze = -74.9769394420112
ech_gamma = 1.140203150524142
echelle_z = 0.0746724837740813
d_col_trf = -1588.0185165265207
trf_mirror_tilt_x = 0.13889368928401402
trf_mirror_tilt_y = 0.07774780620371133
d_col_grm = -0.009608786583552105
grism_dec_x = 236.43440324725742
grism_dec_y = 0.03420478151512052
grm_tilt_x = -0.015780199217883747
grm_tilt_y = 2.3043629581930807
grm_G = 222.82518247932032
grm_apex = 17.815023840262494
d_grm_cam  = 21.608491103538224
cam_dec_x = -0.30191354336836695
cam_dec_y = 0.25039158990174165
cam_tilt_x = -0.01873396780619894
cam_tilt_y = -0.014988452748326277
d_cam_ff  = -160.40170892242006
ccd_ff_dec_x = -0.0035192151772281345
ccd_ff_dec_y = 0.00024031613235062248
ccd_ff_tilt_x = 0.14604786914839674
ccd_ff_tilt_y = -0.5720754616016143
ccd_ff_tilt_z = 0.17256546721312616
d_ff_ccd  = -4.811352542236489
ccd_dec_x = 0.6206426812374052
ccd_dec_y = 5.15527488524855
ccd_defocus = 0.3163265447643619
ccd_tilt_x = 0.007774721163428091
ccd_tilt_y = -0.014125239063582668
ccd_tilt_z = 3.103986561192307e-06
p = 0.0001