slit_dec_x_a = -0.1704010755187174
slit_dec_y_a = -0.1956586180351446
slit_dec_x_b = 0.175
slit_dec_y_b = -1.742266489811195e-96
slit_defocus = 0.005559496132443543
slit_tilt_x = 1.1860610675043166
slit_tilt_y = -8.540113705100977
slit_tilt_z = -8.990687897970693
d_slit_col = 1594.294859403291
coll_tilt_x = 0.08884900519096102
coll_tilt_y = -0.03211276442593212
ech_G = 31.610681855628616
ech_blaze = -74.97695162900496
ech_gamma = 1.1402003316181277
echelle_z = 0.07468208210268597
d_col_trf = -1588.0185159125433
trf_mirror_tilt_x = 0.13879508525365455
trf_mirror_tilt_y = 0.07766365509618589
d_col_grm = -0.00940707562437446
grism_dec_x = 236.43413610556917
grism_dec_y = 0.03423220903819386
grm_tilt_x = -0.015757734783663123
grm_tilt_y = 2.304391641900601
grm_G = 222.82516698137746
grm_apex = 17.81510661118359
d_grm_cam  = 21.608494129121834
cam_dec_x = -0.3019770058005747
cam_dec_y = 0.2503569182448977
cam_tilt_x = -0.018514011498282808
cam_tilt_y = -0.014996552822399391
d_cam_ff  = -160.40147617066435
ccd_ff_dec_x = -0.0035228186592315526
ccd_ff_dec_y = 0.0005146116612131668
ccd_ff_tilt_x = 0.14584622330163774
ccd_ff_tilt_y = -0.5720917248752335
ccd_ff_tilt_z = 0.17257949635969677
d_ff_ccd  = -4.811402846309407
ccd_dec_x = 0.6206552014690938
ccd_dec_y = 5.155275379347471
ccd_defocus = 0.3164291039314938
ccd_tilt_x = 0.007730368933619242
ccd_tilt_y = -0.014258715213372302
ccd_tilt_z = 3.0910079589618106e-06
p = 0.0001