slit_dec_x_a = -0.1704010755187174
slit_dec_y_a = -0.1956586180351446
slit_dec_x_b = 0.175
slit_dec_y_b = -1.5513460642755265e-96
slit_defocus = 0.005658272582820934
slit_tilt_x = 1.1861526637903634
slit_tilt_y = -8.540004863940075
slit_tilt_z = -8.990630235974951
d_slit_col = 1594.2946724681694
coll_tilt_x = 0.08868047587448373
coll_tilt_y = -0.03194959175778063
ech_G = 31.610672713461767
ech_blaze = -74.9769542571316
ech_gamma = 1.140214989804924
echelle_z = 0.0746636703196733
d_col_trf = -1588.0185061081436
trf_mirror_tilt_x = 0.13861450769233094
trf_mirror_tilt_y = 0.07765204192120469
d_col_grm = -0.00941954357240672
grism_dec_x = 236.43442086420848
grism_dec_y = 0.034075998587440995
grm_tilt_x = -0.015784663146245773
grm_tilt_y = 2.304355475933927
grm_G = 222.82516495194332
grm_apex = 17.815027358357426
d_grm_cam  = 21.608491414653937
cam_dec_x = -0.30202160153639485
cam_dec_y = 0.2503639270224797
cam_tilt_x = -0.01856872072029734
cam_tilt_y = -0.01531173069606127
d_cam_ff  = -160.40169768783042
ccd_ff_dec_x = -0.00351495204045098
ccd_ff_dec_y = 0.00035733364029195226
ccd_ff_tilt_x = 0.14590200604437253
ccd_ff_tilt_y = -0.5720899756590621
ccd_ff_tilt_z = 0.17255667267284833
d_ff_ccd  = -4.811527318924526
ccd_dec_x = 0.6206492818018724
ccd_dec_y = 5.155287279243464
ccd_defocus = 0.31636216986522847
ccd_tilt_x = 0.007639226210587747
ccd_tilt_y = -0.014203454775860163
ccd_tilt_z = 3.1872814240258073e-06
p = 0.0001