slit_dec_x_a = -0.1704010755187174
slit_dec_y_a = -0.1956586180351446
slit_dec_x_b = 0.175
slit_dec_y_b = -1.6798515659246307e-96
slit_defocus = 0.005597644205748014
slit_tilt_x = 1.186145904250781
slit_tilt_y = -8.540053354311867
slit_tilt_z = -8.99088112685945
d_slit_col = 1594.2944744629647
coll_tilt_x = 0.08874961669115067
coll_tilt_y = -0.03198893609847041
ech_G = 31.61068051237033
ech_blaze = -74.97694184012143
ech_gamma = 1.1401939302239512
echelle_z = 0.07465447579955903
d_col_trf = -1588.0185156323394
trf_mirror_tilt_x = 0.1387744086708136
trf_mirror_tilt_y = 0.07769894608637405
d_col_grm = -0.009526917865284154
grism_dec_x = 236.43427191123865
grism_dec_y = 0.03422430451284839
grm_tilt_x = -0.01577359921571596
grm_tilt_y = 2.304349881079113
grm_G = 222.82516842830768
grm_apex = 17.815247981667213
d_grm_cam  = 21.608494552483254
cam_dec_x = -0.3018675786315673
cam_dec_y = 0.25041555010799077
cam_tilt_x = -0.018578355822261885
cam_tilt_y = -0.015124469377673515
d_cam_ff  = -160.401534619543
ccd_ff_dec_x = -0.003513367709733399
ccd_ff_dec_y = 0.0003772113806070059
ccd_ff_tilt_x = 0.1458705225168187
ccd_ff_tilt_y = -0.5720918511202991
ccd_ff_tilt_z = 0.17256814115865998
d_ff_ccd  = -4.811559944167065
ccd_dec_x = 0.6206489192093176
ccd_dec_y = 5.155307380996259
ccd_defocus = 0.3164718073949742
ccd_tilt_x = 0.007645795226209607
ccd_tilt_y = -0.014048235791395672
ccd_tilt_z = 3.074780002498385e-06
p = 0.0001