slit_dec_x_a = -0.1704010755187174
slit_dec_y_a = -0.1956586180351446
slit_dec_x_b = 0.175
slit_dec_y_b = -1.8332630243979295e-96
slit_defocus = 0.005481030012894338
slit_tilt_x = 1.1860832101515542
slit_tilt_y = -8.539979962452948
slit_tilt_z = -8.990801819001904
d_slit_col = 1594.2944570090183
coll_tilt_x = 0.08866867959627425
coll_tilt_y = -0.032026306635655435
ech_G = 31.61066404601107
ech_blaze = -74.97694989569271
ech_gamma = 1.140207455530754
echelle_z = 0.07468527805350163
d_col_trf = -1588.0185218622178
trf_mirror_tilt_x = 0.13885188753156313
trf_mirror_tilt_y = 0.07769610242599295
d_col_grm = -0.009460024966259951
grism_dec_x = 236.43419957893596
grism_dec_y = 0.03415891355553755
grm_tilt_x = -0.015766965439058755
grm_tilt_y = 2.3043701491481716
grm_G = 222.82518001721678
grm_apex = 17.815081592516577
d_grm_cam  = 21.608508001108746
cam_dec_x = -0.3019966526357061
cam_dec_y = 0.25045712746935145
cam_tilt_x = -0.018555782331160436
cam_tilt_y = -0.015143382322916515
d_cam_ff  = -160.40164702384126
ccd_ff_dec_x = -0.0034872650212048103
ccd_ff_dec_y = 0.0002454391209689012
ccd_ff_tilt_x = 0.14626660650415216
ccd_ff_tilt_y = -0.5720939774456542
ccd_ff_tilt_z = 0.17258345425206037
d_ff_ccd  = -4.811348321509738
ccd_dec_x = 0.6206652164751957
ccd_dec_y = 5.155292658958619
ccd_defocus = 0.31629925881937887
ccd_tilt_x = 0.0078494289233359
ccd_tilt_y = -0.014011856214559526
ccd_tilt_z = 3.110929329513113e-06
p = 0.0001