slit_dec_x_a = -0.1704010755187174
slit_dec_y_a = -0.1956586180351446
slit_dec_x_b = 0.175
slit_dec_y_b = -1.7507023333096459e-96
slit_defocus = 0.005555940465786007
slit_tilt_x = 1.1860414792106428
slit_tilt_y = -8.540163204866904
slit_tilt_z = -8.990784489183673
d_slit_col = 1594.2945294650826
coll_tilt_x = 0.08875090432018272
coll_tilt_y = -0.031948991482813764
ech_G = 31.610668306057853
ech_blaze = -74.97694197415167
ech_gamma = 1.1402211305070467
echelle_z = 0.07467380384111613
d_col_trf = -1588.0185236141836
trf_mirror_tilt_x = 0.13868975712184972
trf_mirror_tilt_y = 0.07748214267238919
d_col_grm = -0.009448650283774502
grism_dec_x = 236.43430527221764
grism_dec_y = 0.03419772991131445
grm_tilt_x = -0.01576466806370342
grm_tilt_y = 2.30434231783445
grm_G = 222.825161000448
grm_apex = 17.81521914386343
d_grm_cam  = 21.608473880424594
cam_dec_x = -0.30205577004832873
cam_dec_y = 0.25028590752745106
cam_tilt_x = -0.018537895955721462
cam_tilt_y = -0.015135673462688574
d_cam_ff  = -160.40162370604435
ccd_ff_dec_x = -0.0035042467731656204
ccd_ff_dec_y = 0.00014843541354748167
ccd_ff_tilt_x = 0.14627798436396688
ccd_ff_tilt_y = -0.5720987496268245
ccd_ff_tilt_z = 0.17256583358773972
d_ff_ccd  = -4.8113970801973585
ccd_dec_x = 0.6206443097514819
ccd_dec_y = 5.155289687510552
ccd_defocus = 0.3162434814752897
ccd_tilt_x = 0.007643273255194702
ccd_tilt_y = -0.01396211899142929
ccd_tilt_z = 3.1252502441835795e-06
p = 0.0001