slit_dec_x_a = -0.1704010755187174
slit_dec_y_a = -0.1956586180351446
slit_dec_x_b = 0.175
slit_dec_y_b = -1.5759237878495147e-96
slit_defocus = 0.0055038940321752395
slit_tilt_x = 1.185976502068078
slit_tilt_y = -8.54029664016681
slit_tilt_z = -8.990568023898751
d_slit_col = 1594.294590681718
coll_tilt_x = 0.08868437938141141
coll_tilt_y = -0.03204429023972205
ech_G = 31.61065857928036
ech_blaze = -74.97693268657042
ech_gamma = 1.1402027949432676
echelle_z = 0.07466784400172935
d_col_trf = -1588.01850649233
trf_mirror_tilt_x = 0.13869681260290434
trf_mirror_tilt_y = 0.07770531769056027
d_col_grm = -0.009687402979245164
grism_dec_x = 236.43424362605882
grism_dec_y = 0.0342471687674732
grm_tilt_x = -0.01578258270568968
grm_tilt_y = 2.304352390481958
grm_G = 222.82517392809322
grm_apex = 17.815085248118706
d_grm_cam  = 21.60849618636781
cam_dec_x = -0.30202961770355335
cam_dec_y = 0.25014741914449085
cam_tilt_x = -0.018545859739504563
cam_tilt_y = -0.015106904518043975
d_cam_ff  = -160.40085122875033
ccd_ff_dec_x = -0.003481979536271459
ccd_ff_dec_y = 0.00027065256295698894
ccd_ff_tilt_x = 0.1459858848216366
ccd_ff_tilt_y = -0.5720735440696386
ccd_ff_tilt_z = 0.1725652612119069
d_ff_ccd  = -4.811371378556838
ccd_dec_x = 0.6206505102026068
ccd_dec_y = 5.155262444376585
ccd_defocus = 0.31619452336346165
ccd_tilt_x = 0.007662163529265302
ccd_tilt_y = -0.014193310844763819
ccd_tilt_z = 3.106979316582355e-06
p = 0.0001