slit_dec_x_a = -0.1704010755187174
slit_dec_y_a = -0.1956586180351446
slit_dec_x_b = 0.175
slit_dec_y_b = -1.7884746447215126e-96
slit_defocus = 0.005597879478297925
slit_tilt_x = 1.1861370187019238
slit_tilt_y = -8.539947893285731
slit_tilt_z = -8.990719608560067
d_slit_col = 1594.294578626036
coll_tilt_x = 0.08881243567429464
coll_tilt_y = -0.03200750643682317
ech_G = 31.610671256360924
ech_blaze = -74.97694042980376
ech_gamma = 1.1401943009857947
echelle_z = 0.07468554620680173
d_col_trf = -1588.0185190039517
trf_mirror_tilt_x = 0.13898110380779946
trf_mirror_tilt_y = 0.07764526407159834
d_col_grm = -0.009541166274760857
grism_dec_x = 236.434157595373
grism_dec_y = 0.03439410963579406
grm_tilt_x = -0.01575275998025761
grm_tilt_y = 2.3043596720984536
grm_G = 222.8251775035111
grm_apex = 17.815137301979952
d_grm_cam  = 21.608492394257468
cam_dec_x = -0.3018771676583392
cam_dec_y = 0.25023371430846075
cam_tilt_x = -0.018472631464574295
cam_tilt_y = -0.015156266148552226
d_cam_ff  = -160.4008961345165
ccd_ff_dec_x = -0.003487171979713392
ccd_ff_dec_y = 0.0005229905961529865
ccd_ff_tilt_x = 0.1459606625669099
ccd_ff_tilt_y = -0.5720889472480194
ccd_ff_tilt_z = 0.17256908635484108
d_ff_ccd  = -4.811370791528619
ccd_dec_x = 0.6206504637559564
ccd_dec_y = 5.155310458453051
ccd_defocus = 0.3164553571434555
ccd_tilt_x = 0.007594222066060433
ccd_tilt_y = -0.014051005958233293
ccd_tilt_z = 3.144908729562312e-06
p = 0.0001