slit_dec_x_a = -0.1704010755187174
slit_dec_y_a = -0.1956586180351446
slit_dec_x_b = 0.175
slit_dec_y_b = -1.6451880222808302e-96
slit_defocus = 0.005452467065951775
slit_tilt_x = 1.186094155222386
slit_tilt_y = -8.540145522528391
slit_tilt_z = -8.990765192647734
d_slit_col = 1594.2945648008154
coll_tilt_x = 0.08871049250394365
coll_tilt_y = -0.032030206459512364
ech_G = 31.610673810491207
ech_blaze = -74.9769564411153
ech_gamma = 1.140202497814465
echelle_z = 0.07467466059369084
d_col_trf = -1588.0184999478618
trf_mirror_tilt_x = 0.13878040664013
trf_mirror_tilt_y = 0.07750499496157917
d_col_grm = -0.009342827049643367
grism_dec_x = 236.43421488009005
grism_dec_y = 0.034189933882322276
grm_tilt_x = -0.015775677566659718
grm_tilt_y = 2.304378883815775
grm_G = 222.82515671436454
grm_apex = 17.81513029200764
d_grm_cam  = 21.60849474457799
cam_dec_x = -0.30198165092424967
cam_dec_y = 0.25042482133354216
cam_tilt_x = -0.018613082219160648
cam_tilt_y = -0.015129798337379355
d_cam_ff  = -160.40185392117613
ccd_ff_dec_x = -0.0035231445330157745
ccd_ff_dec_y = 0.0002134281296145743
ccd_ff_tilt_x = 0.14611709818696064
ccd_ff_tilt_y = -0.5720703211971448
ccd_ff_tilt_z = 0.1725821222944014
d_ff_ccd  = -4.811242309786067
ccd_dec_x = 0.6206600111995643
ccd_dec_y = 5.1552803872803565
ccd_defocus = 0.3164542138160235
ccd_tilt_x = 0.007817454740665487
ccd_tilt_y = -0.014253629289518552
ccd_tilt_z = 3.154342037628733e-06
p = 0.0001