slit_dec_x_a = -0.1704010755187174
slit_dec_y_a = -0.1956586180351446
slit_dec_x_b = 0.175
slit_dec_y_b = -1.7950843313918288e-96
slit_defocus = 0.00548722519498813
slit_tilt_x = 1.1860606168602175
slit_tilt_y = -8.540098517036814
slit_tilt_z = -8.990895771791589
d_slit_col = 1594.2946571068696
coll_tilt_x = 0.08877542060868636
coll_tilt_y = -0.03197388538343844
ech_G = 31.61069099822963
ech_blaze = -74.97694166010062
ech_gamma = 1.1401995165006793
echelle_z = 0.074674556536315
d_col_trf = -1588.0185109599595
trf_mirror_tilt_x = 0.13886162493336537
trf_mirror_tilt_y = 0.07760392781727084
d_col_grm = -0.009565301677697731
grism_dec_x = 236.43437365386862
grism_dec_y = 0.03411590761539671
grm_tilt_x = -0.015785262700772254
grm_tilt_y = 2.3043544998104086
grm_G = 222.8251541931329
grm_apex = 17.815230349639656
d_grm_cam  = 21.608476766104026
cam_dec_x = -0.30193139032349847
cam_dec_y = 0.25057567972502487
cam_tilt_x = -0.01865794475210699
cam_tilt_y = -0.015119898549377885
d_cam_ff  = -160.40094023616965
ccd_ff_dec_x = -0.0035030627867038175
ccd_ff_dec_y = 0.0003513714860001381
ccd_ff_tilt_x = 0.14600398045990523
ccd_ff_tilt_y = -0.5720933716472466
ccd_ff_tilt_z = 0.17257089495784572
d_ff_ccd  = -4.811259303318393
ccd_dec_x = 0.6206689341755232
ccd_dec_y = 5.155290424468513
ccd_defocus = 0.316162264414818
ccd_tilt_x = 0.007559491268327955
ccd_tilt_y = -0.014075786796226437
ccd_tilt_z = 3.143177401696387e-06
p = 0.0001