slit_dec_x_a = -0.1704010755187174
slit_dec_y_a = -0.1956586180351446
slit_dec_x_b = 0.175
slit_dec_y_b = -1.7780802866994457e-96
slit_defocus = 0.005304235462072585
slit_tilt_x = 1.1859674985700595
slit_tilt_y = -8.540133793049542
slit_tilt_z = -8.990730471568924
d_slit_col = 1594.2947289898916
coll_tilt_x = 0.08867110518414728
coll_tilt_y = -0.03211110969520814
ech_G = 31.610665161352838
ech_blaze = -74.9769408324873
ech_gamma = 1.1401953868556012
echelle_z = 0.0746879088493338
d_col_trf = -1588.0185077911851
trf_mirror_tilt_x = 0.138911636740533
trf_mirror_tilt_y = 0.07763567648782135
d_col_grm = -0.009446697334397836
grism_dec_x = 236.43417424640361
grism_dec_y = 0.034003411778277336
grm_tilt_x = -0.015783604470659893
grm_tilt_y = 2.304355844092076
grm_G = 222.8251802954819
grm_apex = 17.815125129181443
d_grm_cam  = 21.608499283948543
cam_dec_x = -0.30191345570859807
cam_dec_y = 0.25032764115962375
cam_tilt_x = -0.018577795718198585
cam_tilt_y = -0.014978916619401067
d_cam_ff  = -160.4007204136863
ccd_ff_dec_x = -0.0035072783800449087
ccd_ff_dec_y = 0.0004148963910498925
ccd_ff_tilt_x = 0.14592765868851834
ccd_ff_tilt_y = -0.572102728831519
ccd_ff_tilt_z = 0.17256178002803557
d_ff_ccd  = -4.811422435710548
ccd_dec_x = 0.6206503855755753
ccd_dec_y = 5.155273700006559
ccd_defocus = 0.3164081790797887
ccd_tilt_x = 0.007853340029423865
ccd_tilt_y = -0.014031853937767735
ccd_tilt_z = 3.110167996196727e-06
p = 0.0001