slit_dec_x_a = -0.1704010755187174
slit_dec_y_a = -0.1956586180351446
slit_dec_x_b = 0.175
slit_dec_y_b = -1.709065092740092e-96
slit_defocus = 0.005557127306864615
slit_tilt_x = 1.1862561265748974
slit_tilt_y = -8.540059983144605
slit_tilt_z = -8.990649542881094
d_slit_col = 1594.2947064360114
coll_tilt_x = 0.08850694560583681
coll_tilt_y = -0.03196450803543788
ech_G = 31.610662113659735
ech_blaze = -74.97693462318215
ech_gamma = 1.1402060517204742
echelle_z = 0.0746636906428928
d_col_trf = -1588.0185215470938
trf_mirror_tilt_x = 0.13886586979375287
trf_mirror_tilt_y = 0.07761404660319124
d_col_grm = -0.00946627121325796
grism_dec_x = 236.4343463926908
grism_dec_y = 0.03408782806251214
grm_tilt_x = -0.01578035320373282
grm_tilt_y = 2.304347487720067
grm_G = 222.82517495436844
grm_apex = 17.815232224945177
d_grm_cam  = 21.60847525803522
cam_dec_x = -0.3019710588512167
cam_dec_y = 0.2503914158952062
cam_tilt_x = -0.018800882508558794
cam_tilt_y = -0.015068109614549052
d_cam_ff  = -160.40081187898696
ccd_ff_dec_x = -0.003504026959931466
ccd_ff_dec_y = 0.00032505417957829984
ccd_ff_tilt_x = 0.14593944709180837
ccd_ff_tilt_y = -0.5720836538380661
ccd_ff_tilt_z = 0.1725737755041134
d_ff_ccd  = -4.811368675111327
ccd_dec_x = 0.6206502473280027
ccd_dec_y = 5.155274825457038
ccd_defocus = 0.3163199832706356
ccd_tilt_x = 0.00769201912292674
ccd_tilt_y = -0.01420917309475442
ccd_tilt_z = 3.1066225825386016e-06
p = 0.0001