slit_dec_x_a = -0.1704010755187174
slit_dec_y_a = -0.1956586180351446
slit_dec_x_b = 0.175
slit_dec_y_b = -1.7215292869058408e-96
slit_defocus = 0.005491337100473822
slit_tilt_x = 1.1862310162968033
slit_tilt_y = -8.539868855485794
slit_tilt_z = -8.990862894937678
d_slit_col = 1594.2946226746399
coll_tilt_x = 0.0886470959812115
coll_tilt_y = -0.03203436048640224
ech_G = 31.610664606005667
ech_blaze = -74.97694814402288
ech_gamma = 1.1401988895217363
echelle_z = 0.07466991481415605
d_col_trf = -1588.0185300373237
trf_mirror_tilt_x = 0.13867356893905064
trf_mirror_tilt_y = 0.07760701598810801
d_col_grm = -0.00954553721402773
grism_dec_x = 236.43416216728582
grism_dec_y = 0.03407235773136033
grm_tilt_x = -0.015785424170108243
grm_tilt_y = 2.3043555756085943
grm_G = 222.82517481555973
grm_apex = 17.815199361355294
d_grm_cam  = 21.608492754734993
cam_dec_x = -0.3020996021467258
cam_dec_y = 0.2502674601012744
cam_tilt_x = -0.018586488151956654
cam_tilt_y = -0.01506616793019085
d_cam_ff  = -160.40089232410023
ccd_ff_dec_x = -0.0034982312882374913
ccd_ff_dec_y = 0.00019482089366872803
ccd_ff_tilt_x = 0.14604818809367637
ccd_ff_tilt_y = -0.57208357383764
ccd_ff_tilt_z = 0.17256222206991417
d_ff_ccd  = -4.81136740944445
ccd_dec_x = 0.6206529318259436
ccd_dec_y = 5.155280463760388
ccd_defocus = 0.3164288792116178
ccd_tilt_x = 0.00770354921024511
ccd_tilt_y = -0.014228331351626256
ccd_tilt_z = 3.128106033174594e-06
p = 0.0001