slit_dec_x_a = -0.1704010755187174
slit_dec_y_a = -0.1956586180351446
slit_dec_x_b = 0.175
slit_dec_y_b = -1.5456786846918304e-96
slit_defocus = 0.005544962917430218
slit_tilt_x = 1.1857849119643318
slit_tilt_y = -8.540089399172142
slit_tilt_z = -8.990643565106259
d_slit_col = 1594.2946006878603
coll_tilt_x = 0.08870363880815953
coll_tilt_y = -0.031966702907127935
ech_G = 31.61066609056007
ech_blaze = -74.97693157601122
ech_gamma = 1.1402083404758614
echelle_z = 0.07467620929761533
d_col_trf = -1588.0185072599497
trf_mirror_tilt_x = 0.13874862721289555
trf_mirror_tilt_y = 0.07763901344884787
d_col_grm = -0.009576783097861018
grism_dec_x = 236.43438332584418
grism_dec_y = 0.034242325669573484
grm_tilt_x = -0.01577005268802423
grm_tilt_y = 2.3043808019313543
grm_G = 222.8251766452735
grm_apex = 17.8151589241804
d_grm_cam  = 21.60850590222681
cam_dec_x = -0.30178550170193374
cam_dec_y = 0.25038299260157726
cam_tilt_x = -0.018516815513577648
cam_tilt_y = -0.015212645776265249
d_cam_ff  = -160.400850256145
ccd_ff_dec_x = -0.003524241665067357
ccd_ff_dec_y = 2.4121422328208773e-05
ccd_ff_tilt_x = 0.14602269646256297
ccd_ff_tilt_y = -0.5720778153651332
ccd_ff_tilt_z = 0.1725580584495851
d_ff_ccd  = -4.811290379648495
ccd_dec_x = 0.6206669605313543
ccd_dec_y = 5.155270215426118
ccd_defocus = 0.3163421413152033
ccd_tilt_x = 0.007878960063929796
ccd_tilt_y = -0.013884446857505952
ccd_tilt_z = 3.154545803971749e-06
p = 0.0001