slit_dec_x_a = -0.1704010755187174
slit_dec_y_a = -0.1956586180351446
slit_dec_x_b = 0.175
slit_dec_y_b = -1.7465633770130412e-96
slit_defocus = 0.005634700989596186
slit_tilt_x = 1.1861449750513495
slit_tilt_y = -8.540043131275928
slit_tilt_z = -8.990662373947174
d_slit_col = 1594.2945847685933
coll_tilt_x = 0.0886964263053997
coll_tilt_y = -0.03200305908530189
ech_G = 31.610661426211692
ech_blaze = -74.9769557700436
ech_gamma = 1.1402028296750093
echelle_z = 0.07467240142019427
d_col_trf = -1588.0185218048487
trf_mirror_tilt_x = 0.13864258867012136
trf_mirror_tilt_y = 0.07773615469297382
d_col_grm = -0.009535496483271372
grism_dec_x = 236.4342863300152
grism_dec_y = 0.03416800427346637
grm_tilt_x = -0.015779816761237686
grm_tilt_y = 2.3043481266887893
grm_G = 222.82517954083255
grm_apex = 17.815200728977008
d_grm_cam  = 21.608479899348715
cam_dec_x = -0.30203320475005596
cam_dec_y = 0.2506518453227601
cam_tilt_x = -0.018539374006056653
cam_tilt_y = -0.015089822371893737
d_cam_ff  = -160.40091970209807
ccd_ff_dec_x = -0.0035030897339016465
ccd_ff_dec_y = 0.00021222455848927325
ccd_ff_tilt_x = 0.14597636574433642
ccd_ff_tilt_y = -0.5720702524481487
ccd_ff_tilt_z = 0.17255842577984717
d_ff_ccd  = -4.811215398258978
ccd_dec_x = 0.6206564265084579
ccd_dec_y = 5.155291068929959
ccd_defocus = 0.3163754412242735
ccd_tilt_x = 0.007702611871721914
ccd_tilt_y = -0.014253206185722641
ccd_tilt_z = 3.0733015719476598e-06
p = 0.0001