slit_dec_x_a = -0.1704010755187174
slit_dec_y_a = -0.1956586180351446
slit_dec_x_b = 0.175
slit_dec_y_b = -1.7942300451581882e-96
slit_defocus = 0.0054897702707360115
slit_tilt_x = 1.1859221876049502
slit_tilt_y = -8.540093779109844
slit_tilt_z = -8.99083666353741
d_slit_col = 1594.2946677064504
coll_tilt_x = 0.08875821552077293
coll_tilt_y = -0.03204659711940247
ech_G = 31.610672608173072
ech_blaze = -74.97693371017306
ech_gamma = 1.1401997504956118
echelle_z = 0.07467494589691853
d_col_trf = -1588.018518864032
trf_mirror_tilt_x = 0.13868577248105007
trf_mirror_tilt_y = 0.07753980539895632
d_col_grm = -0.009517110391082583
grism_dec_x = 236.43422804201148
grism_dec_y = 0.033976092627927945
grm_tilt_x = -0.015794909231764645
grm_tilt_y = 2.304359231965392
grm_G = 222.8251821225228
grm_apex = 17.815065440657186
d_grm_cam  = 21.608494367356137
cam_dec_x = -0.30186211532719126
cam_dec_y = 0.2503927565030818
cam_tilt_x = -0.018546009502466355
cam_tilt_y = -0.015119906889605503
d_cam_ff  = -160.40132697551036
ccd_ff_dec_x = -0.0035094101706208856
ccd_ff_dec_y = 0.0004924659026207173
ccd_ff_tilt_x = 0.14604503238842528
ccd_ff_tilt_y = -0.5720967120877885
ccd_ff_tilt_z = 0.17258656485223559
d_ff_ccd  = -4.811462460608383
ccd_dec_x = 0.6206613057515784
ccd_dec_y = 5.155284449569244
ccd_defocus = 0.31647239351620654
ccd_tilt_x = 0.007599550017465527
ccd_tilt_y = -0.014184790004641862
ccd_tilt_z = 3.1104565938857416e-06
p = 0.0001