slit_dec_x_a = -0.1704010755187174
slit_dec_y_a = -0.1956586180351446
slit_dec_x_b = 0.175
slit_dec_y_b = -1.5632116328443532e-96
slit_defocus = 0.005433251696544943
slit_tilt_x = 1.186055241480459
slit_tilt_y = -8.540156509861232
slit_tilt_z = -8.990818825618357
d_slit_col = 1594.2947055399331
coll_tilt_x = 0.08866155501927558
coll_tilt_y = -0.031896193128522994
ech_G = 31.610659560390953
ech_blaze = -74.97693293960863
ech_gamma = 1.140207059061254
echelle_z = 0.074669608934344
d_col_trf = -1588.018526100715
trf_mirror_tilt_x = 0.13884669769809113
trf_mirror_tilt_y = 0.07749314442816452
d_col_grm = -0.009676979516369425
grism_dec_x = 236.4342663980032
grism_dec_y = 0.034239630943207366
grm_tilt_x = -0.015774856842213438
grm_tilt_y = 2.304330625645561
grm_G = 222.8251746192407
grm_apex = 17.81521732318083
d_grm_cam  = 21.608478679689135
cam_dec_x = -0.3020455286413257
cam_dec_y = 0.2502953432537325
cam_tilt_x = -0.018583158292987945
cam_tilt_y = -0.015267214762770804
d_cam_ff  = -160.40122727352605
ccd_ff_dec_x = -0.003503150422850778
ccd_ff_dec_y = 0.0002889689468333451
ccd_ff_tilt_x = 0.14607809134469654
ccd_ff_tilt_y = -0.5721068444511134
ccd_ff_tilt_z = 0.17256733304149757
d_ff_ccd  = -4.811375114116424
ccd_dec_x = 0.6206601352372981
ccd_dec_y = 5.155293814294092
ccd_defocus = 0.3163723781579172
ccd_tilt_x = 0.00772457087068352
ccd_tilt_y = -0.014048510915259093
ccd_tilt_z = 3.1256079626592886e-06
p = 0.0001