slit_dec_x_a = -0.1704010755187174
slit_dec_y_a = -0.1956586180351446
slit_dec_x_b = 0.175
slit_dec_y_b = -1.7239263460718568e-96
slit_defocus = 0.005519090715978124
slit_tilt_x = 1.1860391431691852
slit_tilt_y = -8.540057188063518
slit_tilt_z = -8.990738334194933
d_slit_col = 1594.2946924719934
coll_tilt_x = 0.08869083795757216
coll_tilt_y = -0.03200513800150647
ech_G = 31.61066868692347
ech_blaze = -74.97694316246202
ech_gamma = 1.1402021381612906
echelle_z = 0.07467345252599213
d_col_trf = -1588.018509632834
trf_mirror_tilt_x = 0.13882451109294047
trf_mirror_tilt_y = 0.07749733195962595
d_col_grm = -0.009568975061023135
grism_dec_x = 236.43415862893528
grism_dec_y = 0.034079812941481366
grm_tilt_x = -0.01577355390902867
grm_tilt_y = 2.3043622652110614
grm_G = 222.825182981058
grm_apex = 17.815121691092923
d_grm_cam  = 21.60849246275905
cam_dec_x = -0.3019789493999333
cam_dec_y = 0.2505153066573084
cam_tilt_x = -0.01866959526430713
cam_tilt_y = -0.015156307595834943
d_cam_ff  = -160.40134604252125
ccd_ff_dec_x = -0.0035060207371513776
ccd_ff_dec_y = 0.0003320009253565954
ccd_ff_tilt_x = 0.1460039278157428
ccd_ff_tilt_y = -0.5720832462860057
ccd_ff_tilt_z = 0.17256522815810377
d_ff_ccd  = -4.811277577231174
ccd_dec_x = 0.6206577256316567
ccd_dec_y = 5.155273522309294
ccd_defocus = 0.3162102468357978
ccd_tilt_x = 0.007680628221261873
ccd_tilt_y = -0.014001329460150544
ccd_tilt_z = 3.1336680563737164e-06
p = 0.0001