slit_dec_x_a = -0.1704010755187174
slit_dec_y_a = -0.1956586180351446
slit_dec_x_b = 0.175
slit_dec_y_b = -1.5703858344079413e-96
slit_defocus = 0.005574361657658435
slit_tilt_x = 1.1859282739944745
slit_tilt_y = -8.54017106175298
slit_tilt_z = -8.990754507618446
d_slit_col = 1594.294708395079
coll_tilt_x = 0.08860832500970857
coll_tilt_y = -0.03192137251032001
ech_G = 31.610658228079952
ech_blaze = -74.97693144860084
ech_gamma = 1.1402130908249373
echelle_z = 0.07466662536756088
d_col_trf = -1588.018523423461
trf_mirror_tilt_x = 0.1387736196982333
trf_mirror_tilt_y = 0.0774880537565296
d_col_grm = -0.00943356946884016
grism_dec_x = 236.43451579737567
grism_dec_y = 0.03416461259617057
grm_tilt_x = -0.015765214363806013
grm_tilt_y = 2.304359029853832
grm_G = 222.82517671382192
grm_apex = 17.815246103870706
d_grm_cam  = 21.608477192744164
cam_dec_x = -0.3020742718904107
cam_dec_y = 0.2501809847868974
cam_tilt_x = -0.018688017124500914
cam_tilt_y = -0.01522572687560319
d_cam_ff  = -160.40108317460692
ccd_ff_dec_x = -0.0034970842118288107
ccd_ff_dec_y = 0.0003401775070932536
ccd_ff_tilt_x = 0.14594460484194763
ccd_ff_tilt_y = -0.5720804442888425
ccd_ff_tilt_z = 0.17256386855632283
d_ff_ccd  = -4.811260948816202
ccd_dec_x = 0.6206566785515927
ccd_dec_y = 5.155275050794485
ccd_defocus = 0.3164069306905872
ccd_tilt_x = 0.007767368932471981
ccd_tilt_y = -0.014061259406116147
ccd_tilt_z = 3.167873066001247e-06
p = 0.0001