slit_dec_x_a = -0.1704010755187174
slit_dec_y_a = -0.1956586180351446
slit_dec_x_b = 0.175
slit_dec_y_b = -1.6983663328715706e-96
slit_defocus = 0.005457015701980503
slit_tilt_x = 1.1861615506572127
slit_tilt_y = -8.540117907783333
slit_tilt_z = -8.99072815750546
d_slit_col = 1594.294729716813
coll_tilt_x = 0.08858784627276052
coll_tilt_y = -0.03202913785757619
ech_G = 31.61066956674284
ech_blaze = -74.97694003934295
ech_gamma = 1.1402087463720636
echelle_z = 0.07467888476649552
d_col_trf = -1588.0185216409627
trf_mirror_tilt_x = 0.13874542129244152
trf_mirror_tilt_y = 0.07746898294866865
d_col_grm = -0.00948070492387165
grism_dec_x = 236.43444721528604
grism_dec_y = 0.0339984629040369
grm_tilt_x = -0.01576975221360498
grm_tilt_y = 2.3043454909660226
grm_G = 222.82516840907604
grm_apex = 17.815265989598345
d_grm_cam  = 21.60848625609485
cam_dec_x = -0.30199242773797225
cam_dec_y = 0.25026878488972926
cam_tilt_x = -0.01873075643649771
cam_tilt_y = -0.014914762062639562
d_cam_ff  = -160.40152709669653
ccd_ff_dec_x = -0.0035180702369611537
ccd_ff_dec_y = 0.00029629141433971376
ccd_ff_tilt_x = 0.14572998866511594
ccd_ff_tilt_y = -0.5720864375973748
ccd_ff_tilt_z = 0.17256801199631788
d_ff_ccd  = -4.811462915650121
ccd_dec_x = 0.6206595212220711
ccd_dec_y = 5.155282317148028
ccd_defocus = 0.31623109321559756
ccd_tilt_x = 0.007665828974358595
ccd_tilt_y = -0.014188324105993315
ccd_tilt_z = 3.1173263529784993e-06
p = 0.0001