slit_dec_x_a = -0.1704010755187174
slit_dec_y_a = -0.1956586180351446
slit_dec_x_b = 0.175
slit_dec_y_b = -1.7403035650681543e-96
slit_defocus = 0.005415041607925425
slit_tilt_x = 1.1862527546645627
slit_tilt_y = -8.539995002036024
slit_tilt_z = -8.990715264305225
d_slit_col = 1594.2945994594177
coll_tilt_x = 0.08863049462605671
coll_tilt_y = -0.03195857355859165
ech_G = 31.61065795155082
ech_blaze = -74.9769532489201
ech_gamma = 1.1402042154933225
echelle_z = 0.07467833366990259
d_col_trf = -1588.018510127452
trf_mirror_tilt_x = 0.13862112237446264
trf_mirror_tilt_y = 0.0775813542317174
d_col_grm = -0.009550571147903104
grism_dec_x = 236.43422759632918
grism_dec_y = 0.03409598233436044
grm_tilt_x = -0.015767776069235497
grm_tilt_y = 2.304350541794702
grm_G = 222.82516775878887
grm_apex = 17.81522152565373
d_grm_cam  = 21.608491008132063
cam_dec_x = -0.30171663196809095
cam_dec_y = 0.25046625999430483
cam_tilt_x = -0.01847575347579553
cam_tilt_y = -0.01523395154595749
d_cam_ff  = -160.40141968375946
ccd_ff_dec_x = -0.0035053509102546884
ccd_ff_dec_y = 0.0003084515911717188
ccd_ff_tilt_x = 0.1459584680115879
ccd_ff_tilt_y = -0.5720843517823495
ccd_ff_tilt_z = 0.17256046498338712
d_ff_ccd  = -4.811476341305271
ccd_dec_x = 0.6206669908601652
ccd_dec_y = 5.155286984519946
ccd_defocus = 0.3164710262246457
ccd_tilt_x = 0.007679703073290424
ccd_tilt_y = -0.014322461118365666
ccd_tilt_z = 3.1688985116228717e-06
p = 0.0001