slit_dec_x_a = -0.1704010755187174
slit_dec_y_a = -0.1956586180351446
slit_dec_x_b = 0.175
slit_dec_y_b = -1.792902719021384e-96
slit_defocus = 0.005427262986548535
slit_tilt_x = 1.1860428236701943
slit_tilt_y = -8.540120103880668
slit_tilt_z = -8.990759825025975
d_slit_col = 1594.2946653574206
coll_tilt_x = 0.0886183959981766
coll_tilt_y = -0.03195571059516977
ech_G = 31.61067813067404
ech_blaze = -74.97694440570812
ech_gamma = 1.1402139731831227
echelle_z = 0.07468179400080537
d_col_trf = -1588.0185127351074
trf_mirror_tilt_x = 0.13879075084969755
trf_mirror_tilt_y = 0.07758013768202307
d_col_grm = -0.009566935449946903
grism_dec_x = 236.4342808436434
grism_dec_y = 0.034166989245791694
grm_tilt_x = -0.01577300059077248
grm_tilt_y = 2.304371916206527
grm_G = 222.8251674763856
grm_apex = 17.81507018767362
d_grm_cam  = 21.608486284933917
cam_dec_x = -0.301992754748787
cam_dec_y = 0.250450371933343
cam_tilt_x = -0.01878583827957648
cam_tilt_y = -0.015192678838256883
d_cam_ff  = -160.40168488649425
ccd_ff_dec_x = -0.003501138034597015
ccd_ff_dec_y = 0.0003282000744934702
ccd_ff_tilt_x = 0.14592725252320274
ccd_ff_tilt_y = -0.5720861388016638
ccd_ff_tilt_z = 0.17256898863960415
d_ff_ccd  = -4.811486450191525
ccd_dec_x = 0.6206494908971786
ccd_dec_y = 5.155277681261734
ccd_defocus = 0.31639936481895686
ccd_tilt_x = 0.007836460822210456
ccd_tilt_y = -0.014313238102119194
ccd_tilt_z = 3.1165446696044998e-06
p = 0.0001