slit_dec_x_a = -0.1704010755187174
slit_dec_y_a = -0.1956586180351446
slit_dec_x_b = 0.175
slit_dec_y_b = -1.674445558137811e-96
slit_defocus = 0.005516580167949331
slit_tilt_x = 1.1862307819519624
slit_tilt_y = -8.540367884578652
slit_tilt_z = -8.99102328981154
d_slit_col = 1594.294576270034
coll_tilt_x = 0.08879240863269512
coll_tilt_y = -0.031891508051637145
ech_G = 31.61068047970344
ech_blaze = -74.97692555196278
ech_gamma = 1.140196760166161
echelle_z = 0.07466467277757582
d_col_trf = -1588.018498924667
trf_mirror_tilt_x = 0.1388925356704621
trf_mirror_tilt_y = 0.07757204123969043
d_col_grm = -0.00960435394821364
grism_dec_x = 236.43431805893792
grism_dec_y = 0.03408072895809223
grm_tilt_x = -0.015779048668749955
grm_tilt_y = 2.3043387066741494
grm_G = 222.82516984718495
grm_apex = 17.814958995412624
d_grm_cam  = 21.60848624357264
cam_dec_x = -0.3020745051733686
cam_dec_y = 0.25026787301242576
cam_tilt_x = -0.018532436277567385
cam_tilt_y = -0.015488459326989314
d_cam_ff  = -160.40066869730543
ccd_ff_dec_x = -0.003500054851038749
ccd_ff_dec_y = 0.00039411307161330505
ccd_ff_tilt_x = 0.14611010425906204
ccd_ff_tilt_y = -0.5720952018355272
ccd_ff_tilt_z = 0.17257841767364876
d_ff_ccd  = -4.811394599577926
ccd_dec_x = 0.6206673344583931
ccd_dec_y = 5.155266312571292
ccd_defocus = 0.31651312003709403
ccd_tilt_x = 0.0077714669747877725
ccd_tilt_y = -0.014070459522483696
ccd_tilt_z = 3.1122933850953605e-06
p = 0.0001