slit_dec_x_a = -0.1704010755187174
slit_dec_y_a = -0.1956586180351446
slit_dec_x_b = 0.175
slit_dec_y_b = -1.7839683629097682e-96
slit_defocus = 0.005446596225051282
slit_tilt_x = 1.1860708292261852
slit_tilt_y = -8.54009299719636
slit_tilt_z = -8.990833433080208
d_slit_col = 1594.2946640974726
coll_tilt_x = 0.08865112590877537
coll_tilt_y = -0.03198229188830544
ech_G = 31.6106844772008
ech_blaze = -74.97695143223876
ech_gamma = 1.1401984533906697
echelle_z = 0.07469171478251013
d_col_trf = -1588.0185109975205
trf_mirror_tilt_x = 0.13880193922656345
trf_mirror_tilt_y = 0.07759186955084389
d_col_grm = -0.009560928279017967
grism_dec_x = 236.4341996965837
grism_dec_y = 0.03409860105267304
grm_tilt_x = -0.015768746973518995
grm_tilt_y = 2.304353352048538
grm_G = 222.82518105078225
grm_apex = 17.8151598858267
d_grm_cam  = 21.608487709528912
cam_dec_x = -0.3019578925588828
cam_dec_y = 0.2504027550922589
cam_tilt_x = -0.01877604794512178
cam_tilt_y = -0.015100745803641987
d_cam_ff  = -160.40135873214598
ccd_ff_dec_x = -0.0035032646370477018
ccd_ff_dec_y = 0.0003015697032513602
ccd_ff_tilt_x = 0.1459702606948334
ccd_ff_tilt_y = -0.5720886659839507
ccd_ff_tilt_z = 0.1725632490521874
d_ff_ccd  = -4.811393136064621
ccd_dec_x = 0.6206631317757587
ccd_dec_y = 5.1552732361891005
ccd_defocus = 0.3163818085915082
ccd_tilt_x = 0.007749968911862258
ccd_tilt_y = -0.014140337090002937
ccd_tilt_z = 3.099405458978335e-06
p = 0.0001