slit_dec_x_a = -0.1704010755187174
slit_dec_y_a = -0.1956586180351446
slit_dec_x_b = 0.175
slit_dec_y_b = -1.6665844133659542e-96
slit_defocus = 0.005406487182703369
slit_tilt_x = 1.186067175185403
slit_tilt_y = -8.540070331890275
slit_tilt_z = -8.990722277095221
d_slit_col = 1594.2946600141222
coll_tilt_x = 0.08859802173085235
coll_tilt_y = -0.03193080743730197
ech_G = 31.61067912457885
ech_blaze = -74.97694037740514
ech_gamma = 1.1402091764054032
echelle_z = 0.07466852969530342
d_col_trf = -1588.018519570283
trf_mirror_tilt_x = 0.1389298059618167
trf_mirror_tilt_y = 0.07760738057278244
d_col_grm = -0.009448736515979772
grism_dec_x = 236.43433475267022
grism_dec_y = 0.03416505387247338
grm_tilt_x = -0.015773964673448243
grm_tilt_y = 2.3043507540568102
grm_G = 222.82517772439766
grm_apex = 17.815233265055372
d_grm_cam  = 21.60848783398377
cam_dec_x = -0.30188969035455127
cam_dec_y = 0.2503694573701034
cam_tilt_x = -0.018816433277621277
cam_tilt_y = -0.015108471777674734
d_cam_ff  = -160.40125966079728
ccd_ff_dec_x = -0.0035064083810427945
ccd_ff_dec_y = 0.0002850292631413343
ccd_ff_tilt_x = 0.14593778657436474
ccd_ff_tilt_y = -0.5720901921657433
ccd_ff_tilt_z = 0.17255860839501233
d_ff_ccd  = -4.811330174811155
ccd_dec_x = 0.6206644542151288
ccd_dec_y = 5.155286925784496
ccd_defocus = 0.316261943485391
ccd_tilt_x = 0.007796065057391073
ccd_tilt_y = -0.01400654394855307
ccd_tilt_z = 3.1134237117874385e-06
p = 0.0001