slit_dec_x_a = -0.1704010755187174
slit_dec_y_a = -0.1956586180351446
slit_dec_x_b = 0.175
slit_dec_y_b = -1.808338492148354e-96
slit_defocus = 0.005324588194278466
slit_tilt_x = 1.1861383306668023
slit_tilt_y = -8.539972505277499
slit_tilt_z = -8.990790372921131
d_slit_col = 1594.2944114854663
coll_tilt_x = 0.08869117591592302
coll_tilt_y = -0.0321074774940422
ech_G = 31.610670916088495
ech_blaze = -74.97693089319905
ech_gamma = 1.1402179019321126
echelle_z = 0.0746696748412173
d_col_trf = -1588.0185373987042
trf_mirror_tilt_x = 0.1386610637226678
trf_mirror_tilt_y = 0.07750155532907083
d_col_grm = -0.009486476516299651
grism_dec_x = 236.4343618128908
grism_dec_y = 0.034343271034631036
grm_tilt_x = -0.015778223238926747
grm_tilt_y = 2.304355215451632
grm_G = 222.825189472995
grm_apex = 17.81502152608314
d_grm_cam  = 21.608491459806782
cam_dec_x = -0.3019988714067334
cam_dec_y = 0.2502249768687611
cam_tilt_x = -0.01868273542442689
cam_tilt_y = -0.014974028236219735
d_cam_ff  = -160.40103565649505
ccd_ff_dec_x = -0.0035099333070669632
ccd_ff_dec_y = 0.0002610730925975448
ccd_ff_tilt_x = 0.14604106271984196
ccd_ff_tilt_y = -0.5720908800154796
ccd_ff_tilt_z = 0.1725677234410196
d_ff_ccd  = -4.811457568965332
ccd_dec_x = 0.6206577699083938
ccd_dec_y = 5.155305819751297
ccd_defocus = 0.3162758501680926
ccd_tilt_x = 0.007649913659861654
ccd_tilt_y = -0.014282245511102038
ccd_tilt_z = 3.0685399558840675e-06
p = 0.0001