slit_dec_x_a = -0.1704010755187174
slit_dec_y_a = -0.1956586180351446
slit_dec_x_b = 0.175
slit_dec_y_b = -1.8028738884866665e-96
slit_defocus = 0.005589887720330703
slit_tilt_x = 1.1861791451025965
slit_tilt_y = -8.540027833148104
slit_tilt_z = -8.990792198168236
d_slit_col = 1594.2946118559535
coll_tilt_x = 0.0884225177846963
coll_tilt_y = -0.03200658617054117
ech_G = 31.610652485852295
ech_blaze = -74.97693310032282
ech_gamma = 1.1402094115378536
echelle_z = 0.07467171898759882
d_col_trf = -1588.0185057753754
trf_mirror_tilt_x = 0.1389052525728844
trf_mirror_tilt_y = 0.07773639713095855
d_col_grm = -0.009491542508453833
grism_dec_x = 236.43433899395748
grism_dec_y = 0.03420730208651451
grm_tilt_x = -0.015780329614495936
grm_tilt_y = 2.3043737594890343
grm_G = 222.8251593961041
grm_apex = 17.815143499684954
d_grm_cam  = 21.608486927052148
cam_dec_x = -0.3020356775601122
cam_dec_y = 0.25043650940956363
cam_tilt_x = -0.018815462534153816
cam_tilt_y = -0.015034080561561596
d_cam_ff  = -160.40177402487913
ccd_ff_dec_x = -0.0034841151699819993
ccd_ff_dec_y = 0.00017201846475614903
ccd_ff_tilt_x = 0.14591948205614075
ccd_ff_tilt_y = -0.5720824295898413
ccd_ff_tilt_z = 0.17257057221776634
d_ff_ccd  = -4.811329851844444
ccd_dec_x = 0.6206605606761564
ccd_dec_y = 5.1552834171783015
ccd_defocus = 0.3163464056209352
ccd_tilt_x = 0.007680554484248087
ccd_tilt_y = -0.0141911207003684
ccd_tilt_z = 3.1189515714650405e-06
p = 0.0001