slit_dec_x_a = -0.1704010755187174
slit_dec_y_a = -0.1956586180351446
slit_dec_x_b = 0.175
slit_dec_y_b = -1.647512996062754e-96
slit_defocus = 0.005601414797281982
slit_tilt_x = 1.1859947844397283
slit_tilt_y = -8.540080406001318
slit_tilt_z = -8.990856304582358
d_slit_col = 1594.2945933236692
coll_tilt_x = 0.08880754281562152
coll_tilt_y = -0.03195352890468889
ech_G = 31.610681464606166
ech_blaze = -74.97693461360174
ech_gamma = 1.1401916691038636
echelle_z = 0.07465490099070611
d_col_trf = -1588.0185180394144
trf_mirror_tilt_x = 0.13892645015467364
trf_mirror_tilt_y = 0.07750013715381426
d_col_grm = -0.009591987547986403
grism_dec_x = 236.43398984136198
grism_dec_y = 0.034055125455421845
grm_tilt_x = -0.015774539149137616
grm_tilt_y = 2.3043529018840747
grm_G = 222.8251771042296
grm_apex = 17.815211219974127
d_grm_cam  = 21.60846853404489
cam_dec_x = -0.30202993850970583
cam_dec_y = 0.2503708718466259
cam_tilt_x = -0.01852156105560845
cam_tilt_y = -0.015235990562807035
d_cam_ff  = -160.40060502889432
ccd_ff_dec_x = -0.003517541338379154
ccd_ff_dec_y = 0.00038280943076421923
ccd_ff_tilt_x = 0.14606618050704387
ccd_ff_tilt_y = -0.5720766836292189
ccd_ff_tilt_z = 0.1725558463981519
d_ff_ccd  = -4.811371061090479
ccd_dec_x = 0.6206432267604327
ccd_dec_y = 5.1552995401422
ccd_defocus = 0.3163599207597458
ccd_tilt_x = 0.00764948304703291
ccd_tilt_y = -0.01396100334699551
ccd_tilt_z = 3.0839627347721618e-06
p = 0.0001