slit_dec_x_a = -0.1704010755187174
slit_dec_y_a = -0.1956586180351446
slit_dec_x_b = 0.175
slit_dec_y_b = -1.578247998504204e-96
slit_defocus = 0.005446126870526792
slit_tilt_x = 1.1860415490198468
slit_tilt_y = -8.53995284908041
slit_tilt_z = -8.990972421687333
d_slit_col = 1594.2944948995082
coll_tilt_x = 0.08871594213704953
coll_tilt_y = -0.03194000027365265
ech_G = 31.610667785821487
ech_blaze = -74.97695868639723
ech_gamma = 1.140209843017138
echelle_z = 0.07465395820917527
d_col_trf = -1588.0184980214842
trf_mirror_tilt_x = 0.13881876704064305
trf_mirror_tilt_y = 0.07746668023738636
d_col_grm = -0.009428214845966381
grism_dec_x = 236.43431177083502
grism_dec_y = 0.03401564558093753
grm_tilt_x = -0.015778946754224043
grm_tilt_y = 2.304369931559033
grm_G = 222.8251568228442
grm_apex = 17.81527173104154
d_grm_cam  = 21.60849617832122
cam_dec_x = -0.30188095649203467
cam_dec_y = 0.25019855179963885
cam_tilt_x = -0.018494375728945883
cam_tilt_y = -0.015227488360117086
d_cam_ff  = -160.40165810382047
ccd_ff_dec_x = -0.00351197638652809
ccd_ff_dec_y = 0.000335402480422136
ccd_ff_tilt_x = 0.14596690565273285
ccd_ff_tilt_y = -0.5720995000682989
ccd_ff_tilt_z = 0.17257470421099858
d_ff_ccd  = -4.811485496658798
ccd_dec_x = 0.6206496523274514
ccd_dec_y = 5.155286972395799
ccd_defocus = 0.31631220321226455
ccd_tilt_x = 0.00776936235001852
ccd_tilt_y = -0.014009312109354627
ccd_tilt_z = 3.1417372586322154e-06
p = 0.0001