slit_dec_x_a = -0.1704010755187174
slit_dec_y_a = -0.1956586180351446
slit_dec_x_b = 0.175
slit_dec_y_b = -1.873402760628461e-96
slit_defocus = 0.005591861690822675
slit_tilt_x = 1.1861332171483765
slit_tilt_y = -8.540163968032077
slit_tilt_z = -8.990808678287804
d_slit_col = 1594.2945175239493
coll_tilt_x = 0.08868970671934678
coll_tilt_y = -0.03200510809536948
ech_G = 31.61067067396533
ech_blaze = -74.97693712308819
ech_gamma = 1.140205019062621
echelle_z = 0.07467639104533005
d_col_trf = -1588.0185058912987
trf_mirror_tilt_x = 0.13907782786889408
trf_mirror_tilt_y = 0.07745856103006672
d_col_grm = -0.009676992940061893
grism_dec_x = 236.43434695430187
grism_dec_y = 0.033970661972433924
grm_tilt_x = -0.01576986760360705
grm_tilt_y = 2.304341626801327
grm_G = 222.82517759524924
grm_apex = 17.814998254969307
d_grm_cam  = 21.608489949272748
cam_dec_x = -0.3020397794828116
cam_dec_y = 0.2503455448420966
cam_tilt_x = -0.018628892881241938
cam_tilt_y = -0.015211750756152567
d_cam_ff  = -160.40132616469396
ccd_ff_dec_x = -0.0034889342406191296
ccd_ff_dec_y = 0.00029677343641166344
ccd_ff_tilt_x = 0.14617885811005288
ccd_ff_tilt_y = -0.5720817655016218
ccd_ff_tilt_z = 0.17255459282488092
d_ff_ccd  = -4.811302777395827
ccd_dec_x = 0.620647854167619
ccd_dec_y = 5.155283391573408
ccd_defocus = 0.3162516296394798
ccd_tilt_x = 0.00764153852821521
ccd_tilt_y = -0.014237036755940728
ccd_tilt_z = 3.1767621783253403e-06
p = 0.0001