slit_dec_x_a = -0.1704010755187174
slit_dec_y_a = -0.1956586180351446
slit_dec_x_b = 0.175
slit_dec_y_b = -1.5927911476119279e-96
slit_defocus = 0.005351735288759925
slit_tilt_x = 1.1862233825208552
slit_tilt_y = -8.540270851546847
slit_tilt_z = -8.990709739116118
d_slit_col = 1594.29462446226
coll_tilt_x = 0.08867973394395892
coll_tilt_y = -0.03196935261644031
ech_G = 31.610660755679692
ech_blaze = -74.97694691443255
ech_gamma = 1.1402056570469932
echelle_z = 0.07465344080958629
d_col_trf = -1588.0185123672406
trf_mirror_tilt_x = 0.13874172795915804
trf_mirror_tilt_y = 0.07755087048736661
d_col_grm = -0.009389970495421897
grism_dec_x = 236.43428558498667
grism_dec_y = 0.03413300203140471
grm_tilt_x = -0.015780973768123048
grm_tilt_y = 2.3043543808459575
grm_G = 222.82518489836954
grm_apex = 17.81517395701335
d_grm_cam  = 21.608491136704142
cam_dec_x = -0.301849044134713
cam_dec_y = 0.2503848924784092
cam_tilt_x = -0.018500058095901852
cam_tilt_y = -0.015178318019727443
d_cam_ff  = -160.40153548538163
ccd_ff_dec_x = -0.0035025445600736114
ccd_ff_dec_y = 0.0003511533070935366
ccd_ff_tilt_x = 0.14607809454486792
ccd_ff_tilt_y = -0.572087393272998
ccd_ff_tilt_z = 0.17257398094977824
d_ff_ccd  = -4.811514237090325
ccd_dec_x = 0.6206641402760642
ccd_dec_y = 5.155298405579754
ccd_defocus = 0.31645856578332454
ccd_tilt_x = 0.007733472930505067
ccd_tilt_y = -0.014212422674486297
ccd_tilt_z = 3.1383565883120977e-06
p = 0.0001