slit_dec_x_a = -0.1704010755187174
slit_dec_y_a = -0.1956586180351446
slit_dec_x_b = 0.175
slit_dec_y_b = -1.8519702443890036e-96
slit_defocus = 0.005427102945670341
slit_tilt_x = 1.1859768243700943
slit_tilt_y = -8.539871611989438
slit_tilt_z = -8.990735903998324
d_slit_col = 1594.2947147875957
coll_tilt_x = 0.08863966569349611
coll_tilt_y = -0.03199094576996646
ech_G = 31.61066136831502
ech_blaze = -74.97693316392117
ech_gamma = 1.1402201444192608
echelle_z = 0.07468550943997365
d_col_trf = -1588.0185374343575
trf_mirror_tilt_x = 0.13903077927482146
trf_mirror_tilt_y = 0.07785363064387125
d_col_grm = -0.009434852298481674
grism_dec_x = 236.43432336335832
grism_dec_y = 0.034211915423900785
grm_tilt_x = -0.015769364583527266
grm_tilt_y = 2.3043526266635075
grm_G = 222.82517552293677
grm_apex = 17.81519632309648
d_grm_cam  = 21.608495532042095
cam_dec_x = -0.3019835577037089
cam_dec_y = 0.2504339443189826
cam_tilt_x = -0.018649170705304068
cam_tilt_y = -0.015117647276164124
d_cam_ff  = -160.40111387514509
ccd_ff_dec_x = -0.003507873659070121
ccd_ff_dec_y = 0.0001819612403372213
ccd_ff_tilt_x = 0.1460611202013965
ccd_ff_tilt_y = -0.5720782391942464
ccd_ff_tilt_z = 0.17255961786709464
d_ff_ccd  = -4.811652066098465
ccd_dec_x = 0.6206316387572421
ccd_dec_y = 5.1552677760162
ccd_defocus = 0.31637300466952234
ccd_tilt_x = 0.007651291038862347
ccd_tilt_y = -0.014016759785161299
ccd_tilt_z = 3.1835442385979094e-06
p = 0.0001