slit_dec_x_a = -0.1704010755187174
slit_dec_y_a = -0.1956586180351446
slit_dec_x_b = 0.175
slit_dec_y_b = -1.5730139451546335e-96
slit_defocus = 0.005395069329785607
slit_tilt_x = 1.1860549656209367
slit_tilt_y = -8.539931016995858
slit_tilt_z = -8.990763419870138
d_slit_col = 1594.2946168227775
coll_tilt_x = 0.08877026024778448
coll_tilt_y = -0.03202214640022922
ech_G = 31.61066918298941
ech_blaze = -74.97693456118871
ech_gamma = 1.1401928056936717
echelle_z = 0.07465455495500599
d_col_trf = -1588.0185170733973
trf_mirror_tilt_x = 0.13871003605579152
trf_mirror_tilt_y = 0.07754071251105213
d_col_grm = -0.009607766735107008
grism_dec_x = 236.43426623948395
grism_dec_y = 0.034202955461966895
grm_tilt_x = -0.015796887703612438
grm_tilt_y = 2.30435784137541
grm_G = 222.8251715293165
grm_apex = 17.8150166941816
d_grm_cam  = 21.608464008180672
cam_dec_x = -0.3018350381668548
cam_dec_y = 0.25034247661294456
cam_tilt_x = -0.018529880284572958
cam_tilt_y = -0.015163994756580083
d_cam_ff  = -160.4018797206578
ccd_ff_dec_x = -0.0035032186641903618
ccd_ff_dec_y = 0.00017034312822373156
ccd_ff_tilt_x = 0.14588550496646246
ccd_ff_tilt_y = -0.5720689624130639
ccd_ff_tilt_z = 0.17255902309290932
d_ff_ccd  = -4.811266336894394
ccd_dec_x = 0.6206611742777031
ccd_dec_y = 5.155285293203654
ccd_defocus = 0.3162778158129411
ccd_tilt_x = 0.007659080768410605
ccd_tilt_y = -0.014163666744720645
ccd_tilt_z = 3.112169100920936e-06
p = 0.0001