slit_dec_x_a = -0.1704010755187174
slit_dec_y_a = -0.1956586180351446
slit_dec_x_b = 0.175
slit_dec_y_b = -1.9091037831402272e-96
slit_defocus = 0.005212515648652221
slit_tilt_x = 1.1862666393046533
slit_tilt_y = -8.53998862335996
slit_tilt_z = -8.990834220239213
d_slit_col = 1594.2946768216482
coll_tilt_x = 0.08870751029788405
coll_tilt_y = -0.031878654793120687
ech_G = 31.61066740597651
ech_blaze = -74.97693127133363
ech_gamma = 1.140197686265822
echelle_z = 0.0746693915034099
d_col_trf = -1588.0185065003698
trf_mirror_tilt_x = 0.13892001148816535
trf_mirror_tilt_y = 0.07755536171248054
d_col_grm = -0.009466169622660342
grism_dec_x = 236.43425587941852
grism_dec_y = 0.0342174962438501
grm_tilt_x = -0.015752902713111538
grm_tilt_y = 2.304362123980392
grm_G = 222.8251819913453
grm_apex = 17.815100131436136
d_grm_cam  = 21.608491918984345
cam_dec_x = -0.3020260032314851
cam_dec_y = 0.25039670205530146
cam_tilt_x = -0.01861820282660684
cam_tilt_y = -0.015418991777510622
d_cam_ff  = -160.40177142212025
ccd_ff_dec_x = -0.0034944452944555707
ccd_ff_dec_y = 0.0003033928568542063
ccd_ff_tilt_x = 0.14599958068768448
ccd_ff_tilt_y = -0.5720643825653123
ccd_ff_tilt_z = 0.17256019081088916
d_ff_ccd  = -4.811240532682894
ccd_dec_x = 0.6206393243772201
ccd_dec_y = 5.1552926796371805
ccd_defocus = 0.31653267612178615
ccd_tilt_x = 0.007823068840658053
ccd_tilt_y = -0.01404377873029303
ccd_tilt_z = 3.0813031053909847e-06
p = 0.0001