slit_dec_x_a = -0.1704010755187174
slit_dec_y_a = -0.1956586180351446
slit_dec_x_b = 0.175
slit_dec_y_b = -1.919992316389319e-96
slit_defocus = 0.005517222410328367
slit_tilt_x = 1.1862838433137204
slit_tilt_y = -8.539995149002023
slit_tilt_z = -8.990936413648601
d_slit_col = 1594.2944953484557
coll_tilt_x = 0.0887390456108558
coll_tilt_y = -0.03208743989839376
ech_G = 31.610675822866167
ech_blaze = -74.97694269851924
ech_gamma = 1.1402052202744752
echelle_z = 0.07466553776324504
d_col_trf = -1588.0185323263322
trf_mirror_tilt_x = 0.1388182907372018
trf_mirror_tilt_y = 0.07753323235782494
d_col_grm = -0.009505430412856557
grism_dec_x = 236.4341210467196
grism_dec_y = 0.0343229142632061
grm_tilt_x = -0.015771055440059304
grm_tilt_y = 2.3043488936589243
grm_G = 222.82518509499698
grm_apex = 17.815030519540066
d_grm_cam  = 21.608503526324032
cam_dec_x = -0.3017624816692617
cam_dec_y = 0.2503790498358675
cam_tilt_x = -0.018580956235613802
cam_tilt_y = -0.015037379580315442
d_cam_ff  = -160.40144188339727
ccd_ff_dec_x = -0.00351318523834411
ccd_ff_dec_y = 0.0001969368313621827
ccd_ff_tilt_x = 0.14613883598314859
ccd_ff_tilt_y = -0.5720846381617893
ccd_ff_tilt_z = 0.17258614642903233
d_ff_ccd  = -4.811263243458466
ccd_dec_x = 0.620656566863345
ccd_dec_y = 5.155282953507328
ccd_defocus = 0.3164067486667569
ccd_tilt_x = 0.00782078817097216
ccd_tilt_y = -0.014079665231466316
ccd_tilt_z = 3.185520896506537e-06
p = 0.0001