slit_dec_x_a = -0.1704010755187174
slit_dec_y_a = -0.1956586180351446
slit_dec_x_b = 0.175
slit_dec_y_b = -1.8253597220870014e-96
slit_defocus = 0.005505443833432409
slit_tilt_x = 1.186261078889087
slit_tilt_y = -8.540099246708097
slit_tilt_z = -8.990828919760219
d_slit_col = 1594.2945173863966
coll_tilt_x = 0.08862936110591632
coll_tilt_y = -0.03195531723343367
ech_G = 31.610678144111265
ech_blaze = -74.97695634194272
ech_gamma = 1.1402060593675452
echelle_z = 0.07470345544169116
d_col_trf = -1588.0185219562961
trf_mirror_tilt_x = 0.13891879411194055
trf_mirror_tilt_y = 0.07778718834600873
d_col_grm = -0.00958271526942893
grism_dec_x = 236.43429039032634
grism_dec_y = 0.03408601916359806
grm_tilt_x = -0.015795950816961977
grm_tilt_y = 2.3043594512904395
grm_G = 222.82516335489242
grm_apex = 17.815038754487606
d_grm_cam  = 21.60847878304686
cam_dec_x = -0.3019144581605146
cam_dec_y = 0.2504848846547808
cam_tilt_x = -0.01871766442259281
cam_tilt_y = -0.015211848540225508
d_cam_ff  = -160.4007127941782
ccd_ff_dec_x = -0.003510010220441493
ccd_ff_dec_y = 0.000325329265915145
ccd_ff_tilt_x = 0.14594914748624632
ccd_ff_tilt_y = -0.5720938372243599
ccd_ff_tilt_z = 0.17256094094032612
d_ff_ccd  = -4.81143608734573
ccd_dec_x = 0.6206579298805479
ccd_dec_y = 5.155286414488547
ccd_defocus = 0.316468016595225
ccd_tilt_x = 0.007720117820064709
ccd_tilt_y = -0.013926580260380154
ccd_tilt_z = 3.124872576412786e-06
p = 0.0001