slit_dec_x_a = -0.1704010755187174
slit_dec_y_a = -0.1956586180351446
slit_dec_x_b = 0.175
slit_dec_y_b = -1.8491090595713077e-96
slit_defocus = 0.005430520080540531
slit_tilt_x = 1.18593594329326
slit_tilt_y = -8.540053139967291
slit_tilt_z = -8.990694652674911
d_slit_col = 1594.2945053856106
coll_tilt_x = 0.08869725069703073
coll_tilt_y = -0.03208947677695716
ech_G = 31.61066440359168
ech_blaze = -74.97696498034053
ech_gamma = 1.140189457662346
echelle_z = 0.0746745459056595
d_col_trf = -1588.018518494633
trf_mirror_tilt_x = 0.13897140692287818
trf_mirror_tilt_y = 0.07759819565786524
d_col_grm = -0.00966759445642686
grism_dec_x = 236.43427813285044
grism_dec_y = 0.033921340510884634
grm_tilt_x = -0.015770539519041376
grm_tilt_y = 2.3043517514715983
grm_G = 222.8251697084991
grm_apex = 17.815082847693382
d_grm_cam  = 21.608479817136764
cam_dec_x = -0.3020666889682372
cam_dec_y = 0.25036521526405087
cam_tilt_x = -0.01847359539675489
cam_tilt_y = -0.015043023926611342
d_cam_ff  = -160.40147677538468
ccd_ff_dec_x = -0.003512488300273785
ccd_ff_dec_y = 0.0001675381325459244
ccd_ff_tilt_x = 0.14588402089927
ccd_ff_tilt_y = -0.5720876012072219
ccd_ff_tilt_z = 0.17254498580614658
d_ff_ccd  = -4.811592381859624
ccd_dec_x = 0.6206571780298856
ccd_dec_y = 5.155288027759903
ccd_defocus = 0.31633662284895353
ccd_tilt_x = 0.007893930525633207
ccd_tilt_y = -0.014132535941024718
ccd_tilt_z = 3.1644699605681234e-06
p = 0.0001