slit_dec_x_a = -0.1704010755187174
slit_dec_y_a = -0.1956586180351446
slit_dec_x_b = 0.175
slit_dec_y_b = -1.6143920027224295e-96
slit_defocus = 0.005421212669915772
slit_tilt_x = 1.186025045282356
slit_tilt_y = -8.54011546859726
slit_tilt_z = -8.99081157633777
d_slit_col = 1594.294781623915
coll_tilt_x = 0.08860989459431474
coll_tilt_y = -0.032035688694704884
ech_G = 31.61067014249931
ech_blaze = -74.97693851523239
ech_gamma = 1.1402051782428466
echelle_z = 0.07467365881862521
d_col_trf = -1588.0185101204438
trf_mirror_tilt_x = 0.13892495917946288
trf_mirror_tilt_y = 0.07762411940752159
d_col_grm = -0.009548489470326493
grism_dec_x = 236.43433791644694
grism_dec_y = 0.03414172738354496
grm_tilt_x = -0.015774114990478993
grm_tilt_y = 2.30436986151015
grm_G = 222.82517904843212
grm_apex = 17.814982486549827
d_grm_cam  = 21.608491144559625
cam_dec_x = -0.30198732789949817
cam_dec_y = 0.2504524843745297
cam_tilt_x = -0.018737056235242407
cam_tilt_y = -0.015098725241179735
d_cam_ff  = -160.4010989311462
ccd_ff_dec_x = -0.0035004682701455458
ccd_ff_dec_y = 0.00021683824519818233
ccd_ff_tilt_x = 0.1460735366956338
ccd_ff_tilt_y = -0.5720908578865105
ccd_ff_tilt_z = 0.1725629548021121
d_ff_ccd  = -4.811489265455905
ccd_dec_x = 0.6206540284461884
ccd_dec_y = 5.155279667463627
ccd_defocus = 0.31630522085584156
ccd_tilt_x = 0.007781373617696519
ccd_tilt_y = -0.014061585479290211
ccd_tilt_z = 3.1238420724644157e-06
p = 0.0001