slit_dec_x_a = -0.1704010755187174
slit_dec_y_a = -0.1956586180351446
slit_dec_x_b = 0.175
slit_dec_y_b = -1.7720786129405592e-96
slit_defocus = 0.005476817905981363
slit_tilt_x = 1.186179026626386
slit_tilt_y = -8.540021548892566
slit_tilt_z = -8.990691146644554
d_slit_col = 1594.2945465272517
coll_tilt_x = 0.08858420559413516
coll_tilt_y = -0.03200693299326553
ech_G = 31.61067162381405
ech_blaze = -74.97695346226375
ech_gamma = 1.1402047217014193
echelle_z = 0.07467479199295039
d_col_trf = -1588.0185153235598
trf_mirror_tilt_x = 0.1388066411511531
trf_mirror_tilt_y = 0.07758018467432418
d_col_grm = -0.009543880730931159
grism_dec_x = 236.43429082126406
grism_dec_y = 0.03417044081831489
grm_tilt_x = -0.01577822905683058
grm_tilt_y = 2.3043573508401023
grm_G = 222.8251723444934
grm_apex = 17.81507918949322
d_grm_cam  = 21.60847888279474
cam_dec_x = -0.302022887187817
cam_dec_y = 0.2504036151609847
cam_tilt_x = -0.018844282271964143
cam_tilt_y = -0.015071146873236385
d_cam_ff  = -160.40116595554744
ccd_ff_dec_x = -0.0035032726414482907
ccd_ff_dec_y = 0.00025168515705157777
ccd_ff_tilt_x = 0.14600916426681995
ccd_ff_tilt_y = -0.5720890743364733
ccd_ff_tilt_z = 0.17256977807655616
d_ff_ccd  = -4.811483192623686
ccd_dec_x = 0.620658449886659
ccd_dec_y = 5.155287403313053
ccd_defocus = 0.3162299286521682
ccd_tilt_x = 0.007670029998777916
ccd_tilt_y = -0.014113580037594648
ccd_tilt_z = 3.15516535424111e-06
p = 0.0001