slit_dec_x_a = -0.1704010755187174
slit_dec_y_a = -0.1956586180351446
slit_dec_x_b = 0.175
slit_dec_y_b = -1.9096459480512264e-96
slit_defocus = 0.005441795898724635
slit_tilt_x = 1.1861888268885221
slit_tilt_y = -8.54017086754788
slit_tilt_z = -8.990872968100769
d_slit_col = 1594.2945714731775
coll_tilt_x = 0.08872980034923104
coll_tilt_y = -0.03202019577224039
ech_G = 31.610673112457476
ech_blaze = -74.97695730586089
ech_gamma = 1.140198626945595
echelle_z = 0.07466683680421778
d_col_trf = -1588.0185005299923
trf_mirror_tilt_x = 0.1388177880153135
trf_mirror_tilt_y = 0.07755075655919934
d_col_grm = -0.00944973200665994
grism_dec_x = 236.434212699865
grism_dec_y = 0.03414366642193088
grm_tilt_x = -0.0157833992990997
grm_tilt_y = 2.304342154810003
grm_G = 222.82516325193
grm_apex = 17.81516818461019
d_grm_cam  = 21.608482781681513
cam_dec_x = -0.30189487376890106
cam_dec_y = 0.25035567443034307
cam_tilt_x = -0.018592337796916696
cam_tilt_y = -0.015074197305657172
d_cam_ff  = -160.40210404205968
ccd_ff_dec_x = -0.003518035697655543
ccd_ff_dec_y = 0.0002828870105011026
ccd_ff_tilt_x = 0.1459829594341081
ccd_ff_tilt_y = -0.5720789557884308
ccd_ff_tilt_z = 0.17258206219570368
d_ff_ccd  = -4.8113262248466615
ccd_dec_x = 0.6206570695781849
ccd_dec_y = 5.1552772356126
ccd_defocus = 0.31642748214430266
ccd_tilt_x = 0.007885497740031113
ccd_tilt_y = -0.014131280159980728
ccd_tilt_z = 3.100779051593545e-06
p = 0.0001