slit_dec_x_a = -0.1704010755187174
slit_dec_y_a = -0.1956586180351446
slit_dec_x_b = 0.175
slit_dec_y_b = -1.7828597109456296e-96
slit_defocus = 0.005796059113521868
slit_tilt_x = 1.1861444783748634
slit_tilt_y = -8.540026490639017
slit_tilt_z = -8.990853113164816
d_slit_col = 1594.2946388090645
coll_tilt_x = 0.08871528165427549
coll_tilt_y = -0.03196281663480134
ech_G = 31.610670784840938
ech_blaze = -74.9769513136538
ech_gamma = 1.1402154114487157
echelle_z = 0.07467104589424736
d_col_trf = -1588.0185191327823
trf_mirror_tilt_x = 0.13871724452550954
trf_mirror_tilt_y = 0.07751145740987103
d_col_grm = -0.009656498058231119
grism_dec_x = 236.43436634231074
grism_dec_y = 0.034102229739467756
grm_tilt_x = -0.015776878805855196
grm_tilt_y = 2.304356524621178
grm_G = 222.82517931394617
grm_apex = 17.815087256769246
d_grm_cam  = 21.608502488354794
cam_dec_x = -0.30193604624899906
cam_dec_y = 0.250468915265405
cam_tilt_x = -0.018557838365576
cam_tilt_y = -0.015236467079333908
d_cam_ff  = -160.40147390925537
ccd_ff_dec_x = -0.0034941157547307158
ccd_ff_dec_y = 0.00014537700402490592
ccd_ff_tilt_x = 0.14607860126842862
ccd_ff_tilt_y = -0.5720867503790654
ccd_ff_tilt_z = 0.1725818710972507
d_ff_ccd  = -4.811332739198581
ccd_dec_x = 0.6206648180895585
ccd_dec_y = 5.155279474002257
ccd_defocus = 0.31636616306542864
ccd_tilt_x = 0.007757866807194337
ccd_tilt_y = -0.014118519865216348
ccd_tilt_z = 3.1153342369499925e-06
p = 0.0001