slit_dec_x_a = -0.1704010755187174
slit_dec_y_a = -0.1956586180351446
slit_dec_x_b = 0.175
slit_dec_y_b = -1.7534027555796187e-96
slit_defocus = 0.005508927624574807
slit_tilt_x = 1.1862091303718365
slit_tilt_y = -8.539923066766738
slit_tilt_z = -8.990977897646728
d_slit_col = 1594.2947023982802
coll_tilt_x = 0.08874294573686116
coll_tilt_y = -0.03195942333790512
ech_G = 31.610675842791146
ech_blaze = -74.97693121946722
ech_gamma = 1.1401922900482195
echelle_z = 0.07468918154387007
d_col_trf = -1588.018522772535
trf_mirror_tilt_x = 0.13880823469849363
trf_mirror_tilt_y = 0.07757055843612136
d_col_grm = -0.00935675233453185
grism_dec_x = 236.4342869322066
grism_dec_y = 0.034212786461425705
grm_tilt_x = -0.015769676693851025
grm_tilt_y = 2.3043509131704814
grm_G = 222.82519077688784
grm_apex = 17.815088974010486
d_grm_cam  = 21.608494794906278
cam_dec_x = -0.30206928647372816
cam_dec_y = 0.25060004536235303
cam_tilt_x = -0.01864083303544034
cam_tilt_y = -0.015280234675594423
d_cam_ff  = -160.4014918092033
ccd_ff_dec_x = -0.0035009006059640705
ccd_ff_dec_y = 0.0001990011006713207
ccd_ff_tilt_x = 0.14595530037582255
ccd_ff_tilt_y = -0.5721052391890942
ccd_ff_tilt_z = 0.17256538469641466
d_ff_ccd  = -4.811370396462494
ccd_dec_x = 0.6206598939872036
ccd_dec_y = 5.155294650903668
ccd_defocus = 0.3164217763951215
ccd_tilt_x = 0.007744907280297582
ccd_tilt_y = -0.014006634697457587
ccd_tilt_z = 3.1448637619315074e-06
p = 0.0001