slit_dec_x_a = -0.1704010755187174
slit_dec_y_a = -0.1956586180351446
slit_dec_x_b = 0.175
slit_dec_y_b = -1.7439769588676297e-96
slit_defocus = 0.005360622934532437
slit_tilt_x = 1.1858062736131358
slit_tilt_y = -8.540122474753753
slit_tilt_z = -8.990798196279743
d_slit_col = 1594.2945580616085
coll_tilt_x = 0.08872501755076173
coll_tilt_y = -0.03206592393396265
ech_G = 31.610664409339382
ech_blaze = -74.97694400960282
ech_gamma = 1.1401844056747317
echelle_z = 0.07467788719469079
d_col_trf = -1588.0185039771911
trf_mirror_tilt_x = 0.1386796841008783
trf_mirror_tilt_y = 0.07772132208523808
d_col_grm = -0.009484616949287443
grism_dec_x = 236.43440233852445
grism_dec_y = 0.03437228117077054
grm_tilt_x = -0.01576113777505098
grm_tilt_y = 2.304344498550649
grm_G = 222.82516614376812
grm_apex = 17.815096746992854
d_grm_cam  = 21.608518633481445
cam_dec_x = -0.30191443614374114
cam_dec_y = 0.2504970366782385
cam_tilt_x = -0.01853893112688353
cam_tilt_y = -0.015053825369333577
d_cam_ff  = -160.40245955143226
ccd_ff_dec_x = -0.0034961925218926077
ccd_ff_dec_y = 0.0003479377589674471
ccd_ff_tilt_x = 0.14595621338757878
ccd_ff_tilt_y = -0.5721055116777213
ccd_ff_tilt_z = 0.17257031660683175
d_ff_ccd  = -4.811414273870761
ccd_dec_x = 0.6206733780883489
ccd_dec_y = 5.155273813820476
ccd_defocus = 0.3164463880521313
ccd_tilt_x = 0.007791745005083069
ccd_tilt_y = -0.014146943638887773
ccd_tilt_z = 3.0896699968225307e-06
p = 0.0001