slit_dec_x_a = -0.1704010755187174
slit_dec_y_a = -0.1956586180351446
slit_dec_x_b = 0.175
slit_dec_y_b = -1.6561546997140992e-96
slit_defocus = 0.005426685273938006
slit_tilt_x = 1.1860646811958477
slit_tilt_y = -8.540208919113033
slit_tilt_z = -8.990706718223741
d_slit_col = 1594.294599049742
coll_tilt_x = 0.08876769398305555
coll_tilt_y = -0.03205396346672109
ech_G = 31.6106784616073
ech_blaze = -74.97692361222907
ech_gamma = 1.140197936997898
echelle_z = 0.07465533879559548
d_col_trf = -1588.01851422106
trf_mirror_tilt_x = 0.13882021421356813
trf_mirror_tilt_y = 0.07771162599627342
d_col_grm = -0.009557300419594943
grism_dec_x = 236.4342597255036
grism_dec_y = 0.03425001018497202
grm_tilt_x = -0.015794460918752966
grm_tilt_y = 2.304360313085245
grm_G = 222.82515797246086
grm_apex = 17.815229000249584
d_grm_cam  = 21.608493734445478
cam_dec_x = -0.30203184029156294
cam_dec_y = 0.25033371941365046
cam_tilt_x = -0.018617794473177414
cam_tilt_y = -0.015021264222195537
d_cam_ff  = -160.40126708174122
ccd_ff_dec_x = -0.003496311894293323
ccd_ff_dec_y = 0.0004707470573127377
ccd_ff_tilt_x = 0.14588055041394582
ccd_ff_tilt_y = -0.5720925458245825
ccd_ff_tilt_z = 0.17257501982601742
d_ff_ccd  = -4.811612069738423
ccd_dec_x = 0.6206619648569293
ccd_dec_y = 5.155272337869087
ccd_defocus = 0.316372891633616
ccd_tilt_x = 0.007807004048057294
ccd_tilt_y = -0.014084251410102628
ccd_tilt_z = 3.1326749162503297e-06
p = 0.0001