slit_dec_x_a = -0.1704010755187174
slit_dec_y_a = -0.1956586180351446
slit_dec_x_b = 0.175
slit_dec_y_b = -1.76282866572089e-96
slit_defocus = 0.005524984744804032
slit_tilt_x = 1.1859593618130186
slit_tilt_y = -8.539955013284322
slit_tilt_z = -8.990753997787275
d_slit_col = 1594.2944578420725
coll_tilt_x = 0.08852083195667679
coll_tilt_y = -0.03204119094727679
ech_G = 31.610659442648235
ech_blaze = -74.9769360031203
ech_gamma = 1.1402037412255925
echelle_z = 0.0746949982822199
d_col_trf = -1588.0185282589987
trf_mirror_tilt_x = 0.13876708418994146
trf_mirror_tilt_y = 0.07741522993484654
d_col_grm = -0.009656096577000539
grism_dec_x = 236.43445260972894
grism_dec_y = 0.034271138610786754
grm_tilt_x = -0.015765601043954053
grm_tilt_y = 2.3043603027712973
grm_G = 222.82518372722245
grm_apex = 17.81510805774732
d_grm_cam  = 21.608486315607827
cam_dec_x = -0.30194213497114913
cam_dec_y = 0.25049359727066384
cam_tilt_x = -0.018780940658250256
cam_tilt_y = -0.015004484479518826
d_cam_ff  = -160.40053721974377
ccd_ff_dec_x = -0.003488409639851562
ccd_ff_dec_y = 0.00032065015778457063
ccd_ff_tilt_x = 0.14592827970652464
ccd_ff_tilt_y = -0.572095357673569
ccd_ff_tilt_z = 0.17256285159454962
d_ff_ccd  = -4.8112739482999745
ccd_dec_x = 0.6206709476591028
ccd_dec_y = 5.155278586972382
ccd_defocus = 0.3162519252661436
ccd_tilt_x = 0.007695475614871663
ccd_tilt_y = -0.014167769680106447
ccd_tilt_z = 3.106211674958117e-06
p = 0.0001