slit_dec_x_a = -0.1704010755187174
slit_dec_y_a = -0.1956586180351446
slit_dec_x_b = 0.175
slit_dec_y_b = -1.6408836073674775e-96
slit_defocus = 0.005520244084273345
slit_tilt_x = 1.1861018875220088
slit_tilt_y = -8.540059675248015
slit_tilt_z = -8.99091091611196
d_slit_col = 1594.2945207866894
coll_tilt_x = 0.08854905256097637
coll_tilt_y = -0.03189582010730111
ech_G = 31.610643521159616
ech_blaze = -74.97692531129005
ech_gamma = 1.1401926965223474
echelle_z = 0.07468753258793956
d_col_trf = -1588.0185101021038
trf_mirror_tilt_x = 0.13873485183818476
trf_mirror_tilt_y = 0.07743007513541926
d_col_grm = -0.009395257855543921
grism_dec_x = 236.4343774866145
grism_dec_y = 0.03420917561931979
grm_tilt_x = -0.01578732297106376
grm_tilt_y = 2.3043398773493213
grm_G = 222.825181138841
grm_apex = 17.81525653664589
d_grm_cam  = 21.60848509087556
cam_dec_x = -0.3021364498849814
cam_dec_y = 0.2504364879484835
cam_tilt_x = -0.018519208683647415
cam_tilt_y = -0.015301122610445307
d_cam_ff  = -160.40181026194912
ccd_ff_dec_x = -0.0034942955032959532
ccd_ff_dec_y = 9.340216992443609e-05
ccd_ff_tilt_x = 0.1458770815972669
ccd_ff_tilt_y = -0.5720852559494598
ccd_ff_tilt_z = 0.17257553138771284
d_ff_ccd  = -4.811614197898815
ccd_dec_x = 0.6206682054866518
ccd_dec_y = 5.155287014378797
ccd_defocus = 0.3165328569667639
ccd_tilt_x = 0.0077492009047435235
ccd_tilt_y = -0.014025613537539018
ccd_tilt_z = 3.125759287760336e-06
p = 0.0001