slit_dec_x_a = -0.1704010755187174
slit_dec_y_a = -0.1956586180351446
slit_dec_x_b = 0.175
slit_dec_y_b = -1.7447889194347775e-96
slit_defocus = 0.005372814342602855
slit_tilt_x = 1.1860795951378522
slit_tilt_y = -8.540154091286484
slit_tilt_z = -8.990713469880513
d_slit_col = 1594.2945026029201
coll_tilt_x = 0.08857644481672157
coll_tilt_y = -0.03205129800123193
ech_G = 31.61067925170837
ech_blaze = -74.97694146472898
ech_gamma = 1.1402047135059936
echelle_z = 0.07467746212852848
d_col_trf = -1588.0185215349263
trf_mirror_tilt_x = 0.1387719973748826
trf_mirror_tilt_y = 0.07752913342410907
d_col_grm = -0.009638163951282454
grism_dec_x = 236.4342940945558
grism_dec_y = 0.034120373155441336
grm_tilt_x = -0.015779183613334805
grm_tilt_y = 2.3043670837965915
grm_G = 222.82516298094902
grm_apex = 17.814871918737193
d_grm_cam  = 21.608492455109353
cam_dec_x = -0.3018354784111628
cam_dec_y = 0.25036362706951837
cam_tilt_x = -0.01901773495525951
cam_tilt_y = -0.014961094182066337
d_cam_ff  = -160.40106192134007
ccd_ff_dec_x = -0.003513615476212383
ccd_ff_dec_y = 6.66387232268225e-05
ccd_ff_tilt_x = 0.1459886833738594
ccd_ff_tilt_y = -0.5720771748353067
ccd_ff_tilt_z = 0.1725672834943697
d_ff_ccd  = -4.8114399939634405
ccd_dec_x = 0.6206611953017694
ccd_dec_y = 5.1552751202648635
ccd_defocus = 0.3162884756313939
ccd_tilt_x = 0.007718198038933821
ccd_tilt_y = -0.014021027257536145
ccd_tilt_z = 3.148815125893635e-06
p = 0.0001