slit_dec_x_a = -0.1704010755187174
slit_dec_y_a = -0.1956586180351446
slit_dec_x_b = 0.175
slit_dec_y_b = -1.7917766720895809e-96
slit_defocus = 0.005593948984253
slit_tilt_x = 1.1860733659167229
slit_tilt_y = -8.540153165304499
slit_tilt_z = -8.990789356754195
d_slit_col = 1594.2945799292208
coll_tilt_x = 0.088602751861378
coll_tilt_y = -0.0319861044039835
ech_G = 31.61067311716823
ech_blaze = -74.9769302153238
ech_gamma = 1.1402009617091968
echelle_z = 0.07468128354780501
d_col_trf = -1588.0185029812076
trf_mirror_tilt_x = 0.13886344465501718
trf_mirror_tilt_y = 0.07756127451224963
d_col_grm = -0.009451846673372297
grism_dec_x = 236.4342517435435
grism_dec_y = 0.034040666358616106
grm_tilt_x = -0.015770259560209637
grm_tilt_y = 2.304349496606452
grm_G = 222.8251675840954
grm_apex = 17.815162005945158
d_grm_cam  = 21.60847740018568
cam_dec_x = -0.3019519137991241
cam_dec_y = 0.25047995218005503
cam_tilt_x = -0.018784006472690053
cam_tilt_y = -0.01507227393137966
d_cam_ff  = -160.4016542364467
ccd_ff_dec_x = -0.0035144497931820424
ccd_ff_dec_y = 0.00029560667759717256
ccd_ff_tilt_x = 0.14604492701979557
ccd_ff_tilt_y = -0.5720878133235093
ccd_ff_tilt_z = 0.17256775071468167
d_ff_ccd  = -4.811447724220659
ccd_dec_x = 0.6206576189566907
ccd_dec_y = 5.155289930204889
ccd_defocus = 0.31621020400302713
ccd_tilt_x = 0.007627050516810738
ccd_tilt_y = -0.013924412928238317
ccd_tilt_z = 3.0718643936000094e-06
p = 0.0001