slit_dec_x_a = -0.1704010755187174
slit_dec_y_a = -0.1956586180351446
slit_dec_x_b = 0.175
slit_dec_y_b = -1.6447663776037057e-96
slit_defocus = 0.005469869157705379
slit_tilt_x = 1.1860712073206472
slit_tilt_y = -8.5402653272086
slit_tilt_z = -8.990718103953283
d_slit_col = 1594.2944968526185
coll_tilt_x = 0.0886189457876573
coll_tilt_y = -0.032015896405695646
ech_G = 31.6106619599951
ech_blaze = -74.97693164111467
ech_gamma = 1.140208719844888
echelle_z = 0.07469598211118503
d_col_trf = -1588.0185052072684
trf_mirror_tilt_x = 0.13871196421492263
trf_mirror_tilt_y = 0.0774595027381296
d_col_grm = -0.009500589749450745
grism_dec_x = 236.43405718311556
grism_dec_y = 0.034138211022691635
grm_tilt_x = -0.01576050499853962
grm_tilt_y = 2.3043515704338584
grm_G = 222.82518054348466
grm_apex = 17.815135505634654
d_grm_cam  = 21.608476587888028
cam_dec_x = -0.30183617346384656
cam_dec_y = 0.2503751887164482
cam_tilt_x = -0.018645647660595854
cam_tilt_y = -0.015105077674082855
d_cam_ff  = -160.40008656542548
ccd_ff_dec_x = -0.0035209211591743944
ccd_ff_dec_y = 0.000296723557656204
ccd_ff_tilt_x = 0.14605817495366166
ccd_ff_tilt_y = -0.572070910150861
ccd_ff_tilt_z = 0.1725775555551311
d_ff_ccd  = -4.811223268831498
ccd_dec_x = 0.6206517313795787
ccd_dec_y = 5.155262736734609
ccd_defocus = 0.31629862966958344
ccd_tilt_x = 0.007675509607303844
ccd_tilt_y = -0.014060670506759245
ccd_tilt_z = 3.1064553317031166e-06
p = 0.0001