slit_dec_x_a = -0.1704010755187174
slit_dec_y_a = -0.1956586180351446
slit_dec_x_b = 0.175
slit_dec_y_b = -1.5315566032001042e-96
slit_defocus = 0.005674887156551537
slit_tilt_x = 1.1860386102735052
slit_tilt_y = -8.540067940969248
slit_tilt_z = -8.990781277340764
d_slit_col = 1594.2943868858151
coll_tilt_x = 0.08865522031864972
coll_tilt_y = -0.032043016268032895
ech_G = 31.610676854072107
ech_blaze = -74.9769440168081
ech_gamma = 1.140194798019086
echelle_z = 0.07468459719098866
d_col_trf = -1588.0185058321672
trf_mirror_tilt_x = 0.13894290124956263
trf_mirror_tilt_y = 0.07763303758433325
d_col_grm = -0.009509582498052525
grism_dec_x = 236.43421725803762
grism_dec_y = 0.03409395145559941
grm_tilt_x = -0.01576720259062083
grm_tilt_y = 2.3043422353787077
grm_G = 222.82515618793644
grm_apex = 17.81504142554605
d_grm_cam  = 21.60848333332155
cam_dec_x = -0.30190913191652846
cam_dec_y = 0.2505006331206895
cam_tilt_x = -0.018703193831349368
cam_tilt_y = -0.015001968314311408
d_cam_ff  = -160.4006217389268
ccd_ff_dec_x = -0.003508922783274692
ccd_ff_dec_y = 0.0002458677329564582
ccd_ff_tilt_x = 0.14590873532543383
ccd_ff_tilt_y = -0.5720834400411069
ccd_ff_tilt_z = 0.172554019393381
d_ff_ccd  = -4.811560942656912
ccd_dec_x = 0.6206699501691937
ccd_dec_y = 5.1552871813613015
ccd_defocus = 0.3162275721737643
ccd_tilt_x = 0.007875911084394355
ccd_tilt_y = -0.014132309403151787
ccd_tilt_z = 3.1288620006626026e-06
p = 0.0001