slit_dec_x_a = -0.1704010755187174
slit_dec_y_a = -0.1956586180351446
slit_dec_x_b = 0.175
slit_dec_y_b = -1.6758013757879244e-96
slit_defocus = 0.005563243928229214
slit_tilt_x = 1.1860035601281032
slit_tilt_y = -8.540129873012113
slit_tilt_z = -8.990788088994567
d_slit_col = 1594.294512065269
coll_tilt_x = 0.08860853799656605
coll_tilt_y = -0.031959499624778974
ech_G = 31.61068161224799
ech_blaze = -74.97693938513335
ech_gamma = 1.140211903511165
echelle_z = 0.07467521020848894
d_col_trf = -1588.0185244790412
trf_mirror_tilt_x = 0.13899286300692554
trf_mirror_tilt_y = 0.07765087613403508
d_col_grm = -0.009441763674398177
grism_dec_x = 236.43428006605333
grism_dec_y = 0.0340575976327842
grm_tilt_x = -0.015797089452759365
grm_tilt_y = 2.3043632519673074
grm_G = 222.82518447828593
grm_apex = 17.815188484299178
d_grm_cam  = 21.608483527126968
cam_dec_x = -0.3020371283255748
cam_dec_y = 0.2503460232315992
cam_tilt_x = -0.018802170031425428
cam_tilt_y = -0.015087559215160803
d_cam_ff  = -160.40096004917342
ccd_ff_dec_x = -0.0034989176113904862
ccd_ff_dec_y = 0.0002542363039127595
ccd_ff_tilt_x = 0.14600490482722164
ccd_ff_tilt_y = -0.5720674258988653
ccd_ff_tilt_z = 0.1725571293317636
d_ff_ccd  = -4.811458578265284
ccd_dec_x = 0.6206662088199988
ccd_dec_y = 5.1552706300209685
ccd_defocus = 0.31642994954813924
ccd_tilt_x = 0.007593405877645436
ccd_tilt_y = -0.014082971236082174
ccd_tilt_z = 3.1157513189864386e-06
p = 0.0001