slit_dec_x_a = -0.1704010755187174
slit_dec_y_a = -0.1956586180351446
slit_dec_x_b = 0.175
slit_dec_y_b = -1.6664845828357352e-96
slit_defocus = 0.005589623750903668
slit_tilt_x = 1.1862343002510434
slit_tilt_y = -8.53989507620143
slit_tilt_z = -8.990781146903686
d_slit_col = 1594.2948000695972
coll_tilt_x = 0.08879324465336204
coll_tilt_y = -0.032062489184307826
ech_G = 31.610674026325587
ech_blaze = -74.97693813306458
ech_gamma = 1.1402077230429417
echelle_z = 0.07465944043393069
d_col_trf = -1588.0185241071008
trf_mirror_tilt_x = 0.13876241026216962
trf_mirror_tilt_y = 0.07751177862812475
d_col_grm = -0.009494577316568293
grism_dec_x = 236.43438192501353
grism_dec_y = 0.03415531110919969
grm_tilt_x = -0.015765716176440115
grm_tilt_y = 2.304367583287181
grm_G = 222.82516125322897
grm_apex = 17.815065109062353
d_grm_cam  = 21.608501729720416
cam_dec_x = -0.3019834694346839
cam_dec_y = 0.2504901460593721
cam_tilt_x = -0.018503562243319126
cam_tilt_y = -0.015078534794772776
d_cam_ff  = -160.40150802314935
ccd_ff_dec_x = -0.003500907994881007
ccd_ff_dec_y = 0.00022703349433419095
ccd_ff_tilt_x = 0.14602094392417253
ccd_ff_tilt_y = -0.5720856190875451
ccd_ff_tilt_z = 0.17256591713882805
d_ff_ccd  = -4.811302463396679
ccd_dec_x = 0.6206495968019924
ccd_dec_y = 5.155287509490316
ccd_defocus = 0.3162966044973521
ccd_tilt_x = 0.007735396574435385
ccd_tilt_y = -0.0140579202120188
ccd_tilt_z = 3.0798877250849377e-06
p = 0.0001