slit_dec_x_a = -0.1704010755187174
slit_dec_y_a = -0.1956586180351446
slit_dec_x_b = 0.175
slit_dec_y_b = -1.7211063821243592e-96
slit_defocus = 0.00541687886388931
slit_tilt_x = 1.186075825489139
slit_tilt_y = -8.539981560260655
slit_tilt_z = -8.990574166086203
d_slit_col = 1594.2946939908004
coll_tilt_x = 0.08876810040895353
coll_tilt_y = -0.031965283507442106
ech_G = 31.61067882761512
ech_blaze = -74.97692746430465
ech_gamma = 1.1402205630001316
echelle_z = 0.07468467173058838
d_col_trf = -1588.0185172001293
trf_mirror_tilt_x = 0.13882464168897882
trf_mirror_tilt_y = 0.07777151057290678
d_col_grm = -0.009431528520815765
grism_dec_x = 236.43418529499598
grism_dec_y = 0.0340299892752025
grm_tilt_x = -0.015791765105207092
grm_tilt_y = 2.3043624231898225
grm_G = 222.82516798876964
grm_apex = 17.81500739344352
d_grm_cam  = 21.608474479543787
cam_dec_x = -0.30193660531731226
cam_dec_y = 0.25030276330343765
cam_tilt_x = -0.01857849509591122
cam_tilt_y = -0.015262002146177579
d_cam_ff  = -160.40129141035607
ccd_ff_dec_x = -0.00351609429021518
ccd_ff_dec_y = 0.00027629550523393165
ccd_ff_tilt_x = 0.14593822393355985
ccd_ff_tilt_y = -0.5720933031958387
ccd_ff_tilt_z = 0.1725639602701362
d_ff_ccd  = -4.81127673350467
ccd_dec_x = 0.6206490295458775
ccd_dec_y = 5.155276501400211
ccd_defocus = 0.31646145780053025
ccd_tilt_x = 0.007755012935948353
ccd_tilt_y = -0.014202721870668119
ccd_tilt_z = 3.1294365743529975e-06
p = 0.0001