slit_dec_x_a = -0.1704010755187174
slit_dec_y_a = -0.1956586180351446
slit_dec_x_b = 0.175
slit_dec_y_b = -1.6723523733684702e-96
slit_defocus = 0.005443004644727803
slit_tilt_x = 1.1861088871804784
slit_tilt_y = -8.540178280110835
slit_tilt_z = -8.990657305865184
d_slit_col = 1594.2945910220265
coll_tilt_x = 0.08859578314452037
coll_tilt_y = -0.03207464195758502
ech_G = 31.610653103042306
ech_blaze = -74.97693570730425
ech_gamma = 1.140200970886789
echelle_z = 0.07468437937217026
d_col_trf = -1588.0185088156315
trf_mirror_tilt_x = 0.13885983374504526
trf_mirror_tilt_y = 0.0777645715529818
d_col_grm = -0.009580458265188047
grism_dec_x = 236.4342036827777
grism_dec_y = 0.03409034088256667
grm_tilt_x = -0.015784380599865987
grm_tilt_y = 2.3043529743579705
grm_G = 222.8251781798476
grm_apex = 17.81510573148013
d_grm_cam  = 21.608496582630174
cam_dec_x = -0.3019892716985097
cam_dec_y = 0.25039494971626663
cam_tilt_x = -0.018587104712084943
cam_tilt_y = -0.01504075495256811
d_cam_ff  = -160.40091347490633
ccd_ff_dec_x = -0.0035013026783971214
ccd_ff_dec_y = 0.0004762906821983537
ccd_ff_tilt_x = 0.1460644083064989
ccd_ff_tilt_y = -0.5720899007528203
ccd_ff_tilt_z = 0.1725583948317452
d_ff_ccd  = -4.81150089436696
ccd_dec_x = 0.6206439496587121
ccd_dec_y = 5.15527952148661
ccd_defocus = 0.3163570074534288
ccd_tilt_x = 0.0077292554777707535
ccd_tilt_y = -0.014323749806446332
ccd_tilt_z = 3.1019698615148105e-06
p = 0.0001