slit_dec_x_a = -0.1704010755187174
slit_dec_y_a = -0.1956586180351446
slit_dec_x_b = 0.175
slit_dec_y_b = -1.738577356199167e-96
slit_defocus = 0.0055408127553413815
slit_tilt_x = 1.1862987162301393
slit_tilt_y = -8.540166595967056
slit_tilt_z = -8.99059743974383
d_slit_col = 1594.2946137706263
coll_tilt_x = 0.08867090725615095
coll_tilt_y = -0.03205716829551661
ech_G = 31.610656469371968
ech_blaze = -74.97693878693003
ech_gamma = 1.1401937554407968
echelle_z = 0.07467257619520835
d_col_trf = -1588.0185352041592
trf_mirror_tilt_x = 0.1385771317427458
trf_mirror_tilt_y = 0.07748538270903653
d_col_grm = -0.009461393746738576
grism_dec_x = 236.4342154538347
grism_dec_y = 0.03405388798096887
grm_tilt_x = -0.01578756910860253
grm_tilt_y = 2.3043769457839542
grm_G = 222.82519210273506
grm_apex = 17.815065337205642
d_grm_cam  = 21.608492447506695
cam_dec_x = -0.3019132224318561
cam_dec_y = 0.2504175931666025
cam_tilt_x = -0.018504407273253955
cam_tilt_y = -0.015124012367942818
d_cam_ff  = -160.40123927584483
ccd_ff_dec_x = -0.0035041349119662984
ccd_ff_dec_y = 0.00033981109853829415
ccd_ff_tilt_x = 0.1459393758111688
ccd_ff_tilt_y = -0.5720836966800118
ccd_ff_tilt_z = 0.17257946405518546
d_ff_ccd  = -4.8115171167675035
ccd_dec_x = 0.6206696681247661
ccd_dec_y = 5.15528347846482
ccd_defocus = 0.3164767125108207
ccd_tilt_x = 0.007739718775181761
ccd_tilt_y = -0.01410232856544897
ccd_tilt_z = 3.06081064087048e-06
p = 0.0001