slit_dec_x_a = -0.1704010755187174
slit_dec_y_a = -0.1956586180351446
slit_dec_x_b = 0.175
slit_dec_y_b = -1.7544751388250972e-96
slit_defocus = 0.005568367052786547
slit_tilt_x = 1.1861358903321442
slit_tilt_y = -8.540112447469802
slit_tilt_z = -8.990715945575554
d_slit_col = 1594.2945377845524
coll_tilt_x = 0.08857274004867102
coll_tilt_y = -0.031960952671843984
ech_G = 31.610672369683154
ech_blaze = -74.97694679945327
ech_gamma = 1.140210440816379
echelle_z = 0.07467116664747044
d_col_trf = -1588.0185180591254
trf_mirror_tilt_x = 0.13882493055693285
trf_mirror_tilt_y = 0.07752244787663737
d_col_grm = -0.00947390338233798
grism_dec_x = 236.43426427968632
grism_dec_y = 0.03416656436667882
grm_tilt_x = -0.01577677102151945
grm_tilt_y = 2.304357900594769
grm_G = 222.82518008547189
grm_apex = 17.815123008688712
d_grm_cam  = 21.60849119674422
cam_dec_x = -0.3019431421608695
cam_dec_y = 0.2503933261412602
cam_tilt_x = -0.018775305185177244
cam_tilt_y = -0.015137303153343605
d_cam_ff  = -160.40134012804447
ccd_ff_dec_x = -0.0035080285941438793
ccd_ff_dec_y = 0.0003074737317676498
ccd_ff_tilt_x = 0.14606542363696556
ccd_ff_tilt_y = -0.5720904691520431
ccd_ff_tilt_z = 0.17257252946608234
d_ff_ccd  = -4.811293780053332
ccd_dec_x = 0.6206638284805602
ccd_dec_y = 5.155285448629997
ccd_defocus = 0.31628839707535356
ccd_tilt_x = 0.0077007458614853416
ccd_tilt_y = -0.014082459342927305
ccd_tilt_z = 3.1048529765677444e-06
p = 0.0001