slit_dec_x_a = -0.1704010755187174
slit_dec_y_a = -0.1956586180351446
slit_dec_x_b = 0.175
slit_dec_y_b = -1.5569186612792324e-96
slit_defocus = 0.0056527326529433085
slit_tilt_x = 1.185930043305432
slit_tilt_y = -8.540091305656468
slit_tilt_z = -8.990530609498613
d_slit_col = 1594.2944611653213
coll_tilt_x = 0.0887076331496206
coll_tilt_y = -0.032000480505379396
ech_G = 31.610665558661726
ech_blaze = -74.97694001599336
ech_gamma = 1.1401996492429751
echelle_z = 0.07466860365537425
d_col_trf = -1588.0185264396941
trf_mirror_tilt_x = 0.13865196775305838
trf_mirror_tilt_y = 0.07743523958659788
d_col_grm = -0.0096014439634782
grism_dec_x = 236.43450159686512
grism_dec_y = 0.03416427128699888
grm_tilt_x = -0.01576581840149112
grm_tilt_y = 2.3043648286187937
grm_G = 222.82518743937646
grm_apex = 17.815159535025305
d_grm_cam  = 21.608488941573338
cam_dec_x = -0.30200645374888946
cam_dec_y = 0.2503372081391858
cam_tilt_x = -0.018568956320749678
cam_tilt_y = -0.01517575101885857
d_cam_ff  = -160.40211996213688
ccd_ff_dec_x = -0.003507779080865791
ccd_ff_dec_y = 0.0003395993405540042
ccd_ff_tilt_x = 0.14600928894673015
ccd_ff_tilt_y = -0.5720781732002155
ccd_ff_tilt_z = 0.1725723991646281
d_ff_ccd  = -4.811335940287489
ccd_dec_x = 0.6206504356116042
ccd_dec_y = 5.155291347340095
ccd_defocus = 0.316276196479065
ccd_tilt_x = 0.007667538896850556
ccd_tilt_y = -0.01408709837675481
ccd_tilt_z = 3.130217602297897e-06
p = 0.0001