slit_dec_x_a = -0.1704010755187174
slit_dec_y_a = -0.1956586180351446
slit_dec_x_b = 0.175
slit_dec_y_b = -1.8449519441588185e-96
slit_defocus = 0.005483291114479733
slit_tilt_x = 1.1861527105285212
slit_tilt_y = -8.54011278069417
slit_tilt_z = -8.99074548524272
d_slit_col = 1594.2945144970445
coll_tilt_x = 0.08853827590257332
coll_tilt_y = -0.03201538904240093
ech_G = 31.610647852361947
ech_blaze = -74.97693341890675
ech_gamma = 1.140210476377982
echelle_z = 0.07469577806727869
d_col_trf = -1588.0185217488136
trf_mirror_tilt_x = 0.13884748440338945
trf_mirror_tilt_y = 0.07766241676492289
d_col_grm = -0.009553586086683798
grism_dec_x = 236.43416099249478
grism_dec_y = 0.034114921091514275
grm_tilt_x = -0.01577954089260496
grm_tilt_y = 2.3043456242043443
grm_G = 222.8251711763211
grm_apex = 17.815070592189567
d_grm_cam  = 21.608486489144354
cam_dec_x = -0.3020306607872517
cam_dec_y = 0.2503608131702466
cam_tilt_x = -0.018696823844147562
cam_tilt_y = -0.01513159636133024
d_cam_ff  = -160.40145780534436
ccd_ff_dec_x = -0.003508413539233869
ccd_ff_dec_y = 0.00015423025890515366
ccd_ff_tilt_x = 0.14588551778125625
ccd_ff_tilt_y = -0.5720831304937208
ccd_ff_tilt_z = 0.17257488579248745
d_ff_ccd  = -4.811495048120256
ccd_dec_x = 0.620666193956804
ccd_dec_y = 5.155289763889758
ccd_defocus = 0.31631685373663704
ccd_tilt_x = 0.0076588220372132134
ccd_tilt_y = -0.014216037832526077
ccd_tilt_z = 3.1425608595350557e-06
p = 0.0001