slit_dec_x_a = -0.1704010755187174
slit_dec_y_a = -0.1956586180351446
slit_dec_x_b = 0.175
slit_dec_y_b = -1.802722487898101e-96
slit_defocus = 0.005578895036477823
slit_tilt_x = 1.1860121024333927
slit_tilt_y = -8.540149341912432
slit_tilt_z = -8.99090406137194
d_slit_col = 1594.2949896386178
coll_tilt_x = 0.08871081472978636
coll_tilt_y = -0.03195537542283445
ech_G = 31.61066524294025
ech_blaze = -74.97694097192068
ech_gamma = 1.1402020956442882
echelle_z = 0.07467007826992184
d_col_trf = -1588.0185076964513
trf_mirror_tilt_x = 0.13885033453987447
trf_mirror_tilt_y = 0.0777003711197192
d_col_grm = -0.009497310829405263
grism_dec_x = 236.4342008345944
grism_dec_y = 0.034007291109034485
grm_tilt_x = -0.015770012308165132
grm_tilt_y = 2.304349075255148
grm_G = 222.82517387342034
grm_apex = 17.815119236980692
d_grm_cam  = 21.60848695739013
cam_dec_x = -0.30193478451754374
cam_dec_y = 0.25034560253910876
cam_tilt_x = -0.018524094102644363
cam_tilt_y = -0.015260493624674928
d_cam_ff  = -160.40152088746885
ccd_ff_dec_x = -0.0035109578544873917
ccd_ff_dec_y = 0.0004008076188459872
ccd_ff_tilt_x = 0.1461487445883812
ccd_ff_tilt_y = -0.5720710498322408
ccd_ff_tilt_z = 0.172567911377614
d_ff_ccd  = -4.811600044062598
ccd_dec_x = 0.6206532079886561
ccd_dec_y = 5.155280304517616
ccd_defocus = 0.31635400584108375
ccd_tilt_x = 0.007728481277819504
ccd_tilt_y = -0.014260932565040126
ccd_tilt_z = 3.0953210814655733e-06
p = 0.0001