slit_dec_x_a = -0.1704010755187174
slit_dec_y_a = -0.1956586180351446
slit_dec_x_b = 0.175
slit_dec_y_b = -1.842310746070395e-96
slit_defocus = 0.0053818738019494
slit_tilt_x = 1.1861736042573474
slit_tilt_y = -8.540113567332241
slit_tilt_z = -8.990608059306687
d_slit_col = 1594.294556046383
coll_tilt_x = 0.08873474746367623
coll_tilt_y = -0.032013942499811224
ech_G = 31.61066657862864
ech_blaze = -74.97695239141245
ech_gamma = 1.1402061401303154
echelle_z = 0.07465525801855481
d_col_trf = -1588.018496847003
trf_mirror_tilt_x = 0.13876631097001757
trf_mirror_tilt_y = 0.07763239330631547
d_col_grm = -0.009415116371356233
grism_dec_x = 236.43442895127978
grism_dec_y = 0.033941960626740146
grm_tilt_x = -0.01578899760033386
grm_tilt_y = 2.3043575700437193
grm_G = 222.82517885459663
grm_apex = 17.815227281475
d_grm_cam  = 21.60849222301792
cam_dec_x = -0.3019835701863492
cam_dec_y = 0.250371490240897
cam_tilt_x = -0.018472078624246487
cam_tilt_y = -0.015044502586339692
d_cam_ff  = -160.40104651973988
ccd_ff_dec_x = -0.003500633335895854
ccd_ff_dec_y = 0.00037879276969725404
ccd_ff_tilt_x = 0.14609521110145676
ccd_ff_tilt_y = -0.5720750233899827
ccd_ff_tilt_z = 0.1725831119439733
d_ff_ccd  = -4.811457715932431
ccd_dec_x = 0.6206696392946199
ccd_dec_y = 5.155281635509951
ccd_defocus = 0.31635518879547625
ccd_tilt_x = 0.007634916304291861
ccd_tilt_y = -0.01418314385465342
ccd_tilt_z = 3.1087649074041415e-06
p = 0.0001