slit_dec_x_a = -0.1704010755187174
slit_dec_y_a = -0.1956586180351446
slit_dec_x_b = 0.175
slit_dec_y_b = -1.8457515228771071e-96
slit_defocus = 0.005493907920877009
slit_tilt_x = 1.185975324288017
slit_tilt_y = -8.539966324146736
slit_tilt_z = -8.990690318255696
d_slit_col = 1594.2946500188443
coll_tilt_x = 0.08876877933921203
coll_tilt_y = -0.031997937672847365
ech_G = 31.610669569908783
ech_blaze = -74.97691664113918
ech_gamma = 1.1402017251582925
echelle_z = 0.07467680163077114
d_col_trf = -1588.0185112119948
trf_mirror_tilt_x = 0.1389237472356826
trf_mirror_tilt_y = 0.07746751174875932
d_col_grm = -0.009433053804569592
grism_dec_x = 236.43428228297938
grism_dec_y = 0.034133410129295896
grm_tilt_x = -0.015776910534851963
grm_tilt_y = 2.3043531081113597
grm_G = 222.82517000139373
grm_apex = 17.81510451522825
d_grm_cam  = 21.608472898330835
cam_dec_x = -0.30173274314203175
cam_dec_y = 0.2504137523679525
cam_tilt_x = -0.01856876548362774
cam_tilt_y = -0.01515872467354958
d_cam_ff  = -160.40178468166175
ccd_ff_dec_x = -0.0034960670871252452
ccd_ff_dec_y = 0.0002699717577439549
ccd_ff_tilt_x = 0.14608410205364963
ccd_ff_tilt_y = -0.572090720335843
ccd_ff_tilt_z = 0.17257944338139666
d_ff_ccd  = -4.8114081984888175
ccd_dec_x = 0.620669721122009
ccd_dec_y = 5.155288951407263
ccd_defocus = 0.3164329418501514
ccd_tilt_x = 0.007577942216268329
ccd_tilt_y = -0.014090948353679801
ccd_tilt_z = 3.12848611984866e-06
p = 0.0001