slit_dec_x_a = -0.1704010755187174
slit_dec_y_a = -0.1956586180351446
slit_dec_x_b = 0.175
slit_dec_y_b = -1.8998240395508117e-96
slit_defocus = 0.005456000739892457
slit_tilt_x = 1.1861186920010678
slit_tilt_y = -8.539891276239683
slit_tilt_z = -8.990777152665812
d_slit_col = 1594.2945575499914
coll_tilt_x = 0.08865161950995626
coll_tilt_y = -0.03187051278757885
ech_G = 31.610659314883623
ech_blaze = -74.97693286286398
ech_gamma = 1.140203054984864
echelle_z = 0.0746849024810197
d_col_trf = -1588.0185010958694
trf_mirror_tilt_x = 0.1386343648220245
trf_mirror_tilt_y = 0.07756309118487481
d_col_grm = -0.009449484618610813
grism_dec_x = 236.43440238574124
grism_dec_y = 0.03421915137691142
grm_tilt_x = -0.015763268145695165
grm_tilt_y = 2.3043534149738862
grm_G = 222.82518367438925
grm_apex = 17.815206503612448
d_grm_cam  = 21.608471008864846
cam_dec_x = -0.30185422964816677
cam_dec_y = 0.25041489180181775
cam_tilt_x = -0.018547340332997868
cam_tilt_y = -0.015379898254943753
d_cam_ff  = -160.40135089750314
ccd_ff_dec_x = -0.003507961907287418
ccd_ff_dec_y = 0.000301707903147013
ccd_ff_tilt_x = 0.14589815969164643
ccd_ff_tilt_y = -0.572073523132327
ccd_ff_tilt_z = 0.17254907857450968
d_ff_ccd  = -4.811479223970658
ccd_dec_x = 0.6206533714639221
ccd_dec_y = 5.15527805912619
ccd_defocus = 0.31645777418847504
ccd_tilt_x = 0.007977570830279586
ccd_tilt_y = -0.014089702054955147
ccd_tilt_z = 3.1403799763411733e-06
p = 0.0001