slit_dec_x_a = -0.1704010755187174
slit_dec_y_a = -0.1956586180351446
slit_dec_x_b = 0.175
slit_dec_y_b = -1.5396659576385883e-96
slit_defocus = 0.005644083188142557
slit_tilt_x = 1.1863731728495657
slit_tilt_y = -8.540067377578426
slit_tilt_z = -8.99071570351491
d_slit_col = 1594.2945900157615
coll_tilt_x = 0.08875755583663943
coll_tilt_y = -0.03203111425876117
ech_G = 31.610675685946763
ech_blaze = -74.97694832355153
ech_gamma = 1.1401880753668912
echelle_z = 0.07466879619769572
d_col_trf = -1588.0185260193539
trf_mirror_tilt_x = 0.13882687000106633
trf_mirror_tilt_y = 0.07761913677648279
d_col_grm = -0.009710659637227252
grism_dec_x = 236.43414331186466
grism_dec_y = 0.03421030842540783
grm_tilt_x = -0.015760564554005967
grm_tilt_y = 2.304337209441921
grm_G = 222.82517205802134
grm_apex = 17.81515412407465
d_grm_cam  = 21.60850029573286
cam_dec_x = -0.3018316649372538
cam_dec_y = 0.25038734463328416
cam_tilt_x = -0.018542803449725784
cam_tilt_y = -0.015120974207549405
d_cam_ff  = -160.40062743857519
ccd_ff_dec_x = -0.0035197476146597946
ccd_ff_dec_y = 0.00032429616197857884
ccd_ff_tilt_x = 0.14611040825864977
ccd_ff_tilt_y = -0.5720661233868858
ccd_ff_tilt_z = 0.1725633415728309
d_ff_ccd  = -4.811389491161657
ccd_dec_x = 0.6206523987430032
ccd_dec_y = 5.155268618424377
ccd_defocus = 0.3165123026180869
ccd_tilt_x = 0.007671301081993333
ccd_tilt_y = -0.014339280820877185
ccd_tilt_z = 3.106133521501629e-06
p = 0.0001