slit_dec_x_a = -0.1704010755187174
slit_dec_y_a = -0.1956586180351446
slit_dec_x_b = 0.175
slit_dec_y_b = -1.8571010738395734e-96
slit_defocus = 0.00556218958154813
slit_tilt_x = 1.1860727973954541
slit_tilt_y = -8.539984754971321
slit_tilt_z = -8.990856881917443
d_slit_col = 1594.2946247548905
coll_tilt_x = 0.08879560152272362
coll_tilt_y = -0.03205041077345705
ech_G = 31.61068005045919
ech_blaze = -74.97694437817529
ech_gamma = 1.140198248996323
echelle_z = 0.07469113564371095
d_col_trf = -1588.018499366773
trf_mirror_tilt_x = 0.13900208523761168
trf_mirror_tilt_y = 0.07761899804273546
d_col_grm = -0.00934056436188374
grism_dec_x = 236.4344007914014
grism_dec_y = 0.0342763586727883
grm_tilt_x = -0.01575834025072827
grm_tilt_y = 2.304361481161454
grm_G = 222.82518365831018
grm_apex = 17.815081007572104
d_grm_cam  = 21.60849845563829
cam_dec_x = -0.3019084260159296
cam_dec_y = 0.2504602261814659
cam_tilt_x = -0.018562759750553
cam_tilt_y = -0.01508285076010469
d_cam_ff  = -160.4019046968373
ccd_ff_dec_x = -0.003537174770246782
ccd_ff_dec_y = 0.00014670430158593913
ccd_ff_tilt_x = 0.14589448382051262
ccd_ff_tilt_y = -0.5720817318955932
ccd_ff_tilt_z = 0.17256473192293742
d_ff_ccd  = -4.8113843656744715
ccd_dec_x = 0.620675472787753
ccd_dec_y = 5.15527740430029
ccd_defocus = 0.3161905187337277
ccd_tilt_x = 0.007761785309619048
ccd_tilt_y = -0.014158952271043955
ccd_tilt_z = 3.097331867876592e-06
p = 0.0001