slit_dec_x_a = -0.1704010755187174
slit_dec_y_a = -0.1956586180351446
slit_dec_x_b = 0.175
slit_dec_y_b = -1.8662945165505558e-96
slit_defocus = 0.00540291380319789
slit_tilt_x = 1.185892200627073
slit_tilt_y = -8.540169863895626
slit_tilt_z = -8.990944930666977
d_slit_col = 1594.2946021705318
coll_tilt_x = 0.08856367970885681
coll_tilt_y = -0.03195566365566974
ech_G = 31.610647135389208
ech_blaze = -74.97694506494396
ech_gamma = 1.1402099079615795
echelle_z = 0.07467439521762809
d_col_trf = -1588.0185114050494
trf_mirror_tilt_x = 0.13866640692403093
trf_mirror_tilt_y = 0.07773003738753072
d_col_grm = -0.009480300234373542
grism_dec_x = 236.43447095119572
grism_dec_y = 0.034144544969432
grm_tilt_x = -0.015775671330033506
grm_tilt_y = 2.304348453478704
grm_G = 222.8251804381463
grm_apex = 17.815227580479245
d_grm_cam  = 21.608479357137202
cam_dec_x = -0.30203437803394617
cam_dec_y = 0.25024264954907854
cam_tilt_x = -0.018533132684069812
cam_tilt_y = -0.015166688077712012
d_cam_ff  = -160.40080915521287
ccd_ff_dec_x = -0.003497193349607698
ccd_ff_dec_y = 0.00022916694396608726
ccd_ff_tilt_x = 0.1459953611561265
ccd_ff_tilt_y = -0.5720760277105963
ccd_ff_tilt_z = 0.17258778726858048
d_ff_ccd  = -4.811550466000183
ccd_dec_x = 0.6206417741172982
ccd_dec_y = 5.1552806047130515
ccd_defocus = 0.3163774599593187
ccd_tilt_x = 0.007666479346332323
ccd_tilt_y = -0.0141184207782552
ccd_tilt_z = 3.0876211791179804e-06
p = 0.0001