slit_dec_x_a = -0.1704010755187174
slit_dec_y_a = -0.1956586180351446
slit_dec_x_b = 0.175
slit_dec_y_b = -1.9644122494214063e-96
slit_defocus = 0.005544855942165426
slit_tilt_x = 1.1862372222394362
slit_tilt_y = -8.539921408321922
slit_tilt_z = -8.99059901002913
d_slit_col = 1594.29439072168
coll_tilt_x = 0.08855431723236702
coll_tilt_y = -0.03193215509527008
ech_G = 31.610683595599763
ech_blaze = -74.97694156319017
ech_gamma = 1.1402067399499387
echelle_z = 0.07466527874630961
d_col_trf = -1588.0185177968601
trf_mirror_tilt_x = 0.13886383704508143
trf_mirror_tilt_y = 0.07757896677001733
d_col_grm = -0.00954960779084112
grism_dec_x = 236.4344244972624
grism_dec_y = 0.03413862226895877
grm_tilt_x = -0.015765189032307197
grm_tilt_y = 2.304354846406028
grm_G = 222.82518258365573
grm_apex = 17.815407436485234
d_grm_cam  = 21.608490174719545
cam_dec_x = -0.30171174063987466
cam_dec_y = 0.2503356892209103
cam_tilt_x = -0.019012604476625238
cam_tilt_y = -0.014937626613147995
d_cam_ff  = -160.40134388180533
ccd_ff_dec_x = -0.0035042706098454925
ccd_ff_dec_y = 0.0001763472991986265
ccd_ff_tilt_x = 0.14607281396933997
ccd_ff_tilt_y = -0.5720589045779267
ccd_ff_tilt_z = 0.1725689151929623
d_ff_ccd  = -4.811447745648132
ccd_dec_x = 0.6206754246805851
ccd_dec_y = 5.155296270722432
ccd_defocus = 0.3163507729783343
ccd_tilt_x = 0.007704816876027466
ccd_tilt_y = -0.014214447512962644
ccd_tilt_z = 3.14595094601271e-06
p = 0.0001