slit_dec_x_a = -0.1704010755187174
slit_dec_y_a = -0.1956586180351446
slit_dec_x_b = 0.175
slit_dec_y_b = -1.7482432392420146e-96
slit_defocus = 0.005548372333140208
slit_tilt_x = 1.1861296079436852
slit_tilt_y = -8.539977599318409
slit_tilt_z = -8.990672638193042
d_slit_col = 1594.2946468114444
coll_tilt_x = 0.08860722060949718
coll_tilt_y = -0.031987828777005206
ech_G = 31.61065487748336
ech_blaze = -74.97694342090188
ech_gamma = 1.1402112487798262
echelle_z = 0.07466063027706568
d_col_trf = -1588.0185114462795
trf_mirror_tilt_x = 0.13881144476487478
trf_mirror_tilt_y = 0.07772327528287169
d_col_grm = -0.009518373377812134
grism_dec_x = 236.43433950149068
grism_dec_y = 0.03420377985388385
grm_tilt_x = -0.015777642095943255
grm_tilt_y = 2.3043599218723534
grm_G = 222.82518804124
grm_apex = 17.815029318057007
d_grm_cam  = 21.608468467687583
cam_dec_x = -0.3019985173058377
cam_dec_y = 0.250318083360484
cam_tilt_x = -0.018628657973721496
cam_tilt_y = -0.015261413799936568
d_cam_ff  = -160.40010147953308
ccd_ff_dec_x = -0.0035051528492200962
ccd_ff_dec_y = 0.0004884092756688368
ccd_ff_tilt_x = 0.14596945003427717
ccd_ff_tilt_y = -0.5720930654704595
ccd_ff_tilt_z = 0.17255262938728497
d_ff_ccd  = -4.811434815827407
ccd_dec_x = 0.6206348822679449
ccd_dec_y = 5.155283330691492
ccd_defocus = 0.31619264225884264
ccd_tilt_x = 0.007685624237289098
ccd_tilt_y = -0.014108962406860213
ccd_tilt_z = 3.1191117577655015e-06
p = 0.0001