slit_dec_x_a = -0.1704010755187174
slit_dec_y_a = -0.1956586180351446
slit_dec_x_b = 0.175
slit_dec_y_b = -1.7288297480814192e-96
slit_defocus = 0.005537169146068437
slit_tilt_x = 1.1859911247425878
slit_tilt_y = -8.540144477783311
slit_tilt_z = -8.990760233848373
d_slit_col = 1594.294657836607
coll_tilt_x = 0.08866794914664636
coll_tilt_y = -0.032004919596173714
ech_G = 31.610670173472293
ech_blaze = -74.97692335504384
ech_gamma = 1.140199936723135
echelle_z = 0.07466835649974209
d_col_trf = -1588.0185131764863
trf_mirror_tilt_x = 0.13883777474739725
trf_mirror_tilt_y = 0.07761032568576727
d_col_grm = -0.009532752111921373
grism_dec_x = 236.43423223151657
grism_dec_y = 0.0340726417625508
grm_tilt_x = -0.015759105352832873
grm_tilt_y = 2.3043640574135846
grm_G = 222.82518096700022
grm_apex = 17.815006712778633
d_grm_cam  = 21.608486422144882
cam_dec_x = -0.30191330353438284
cam_dec_y = 0.25045439136109815
cam_tilt_x = -0.018669860993790924
cam_tilt_y = -0.015213411557053053
d_cam_ff  = -160.40112670761968
ccd_ff_dec_x = -0.003518186760156916
ccd_ff_dec_y = 0.0002965211429352397
ccd_ff_tilt_x = 0.1459212358941351
ccd_ff_tilt_y = -0.5720808105949103
ccd_ff_tilt_z = 0.17257146872533405
d_ff_ccd  = -4.811395650328025
ccd_dec_x = 0.6206651058436874
ccd_dec_y = 5.155272464652344
ccd_defocus = 0.3163618916508691
ccd_tilt_x = 0.007594273045044413
ccd_tilt_y = -0.014047027214569857
ccd_tilt_z = 3.065788343930933e-06
p = 0.0001