slit_dec_x_a = -0.1704010755187174
slit_dec_y_a = -0.1956586180351446
slit_dec_x_b = 0.175
slit_dec_y_b = -1.5452650400628202e-96
slit_defocus = 0.005613017831670016
slit_tilt_x = 1.1861074845789625
slit_tilt_y = -8.540105688352535
slit_tilt_z = -8.990771961717876
d_slit_col = 1594.294789329661
coll_tilt_x = 0.08871054829113631
coll_tilt_y = -0.03205119722119762
ech_G = 31.6106711761199
ech_blaze = -74.97695968893478
ech_gamma = 1.1402051304778478
echelle_z = 0.07467374604675514
d_col_trf = -1588.0185088766018
trf_mirror_tilt_x = 0.13886077762840476
trf_mirror_tilt_y = 0.0777962833498177
d_col_grm = -0.00941666860405254
grism_dec_x = 236.43436835603154
grism_dec_y = 0.03421873487335696
grm_tilt_x = -0.01578539736922611
grm_tilt_y = 2.304353786722491
grm_G = 222.82515496345843
grm_apex = 17.81506481190187
d_grm_cam  = 21.608476936992215
cam_dec_x = -0.3017672300135296
cam_dec_y = 0.2503909962861934
cam_tilt_x = -0.01855833598053866
cam_tilt_y = -0.01508455669732339
d_cam_ff  = -160.4020682714105
ccd_ff_dec_x = -0.0034824651832270122
ccd_ff_dec_y = 0.0003750217591502459
ccd_ff_tilt_x = 0.14597123915975094
ccd_ff_tilt_y = -0.5720884754253398
ccd_ff_tilt_z = 0.17256538496737311
d_ff_ccd  = -4.8113982314302595
ccd_dec_x = 0.6206428020742446
ccd_dec_y = 5.155269236599731
ccd_defocus = 0.3165630784643205
ccd_tilt_x = 0.0074731661213957796
ccd_tilt_y = -0.014302155061104582
ccd_tilt_z = 3.0885429848676127e-06
p = 0.0001