slit_dec_x_a = -0.1704010755187174
slit_dec_y_a = -0.1956586180351446
slit_dec_x_b = 0.175
slit_dec_y_b = -1.5814844334091452e-96
slit_defocus = 0.005474446595564191
slit_tilt_x = 1.1859377763752503
slit_tilt_y = -8.540012199243026
slit_tilt_z = -8.990818651804716
d_slit_col = 1594.2943321556932
coll_tilt_x = 0.08870453401876943
coll_tilt_y = -0.032051221413098664
ech_G = 31.610667719984114
ech_blaze = -74.97692722580437
ech_gamma = 1.140208419215271
echelle_z = 0.0746741879895931
d_col_trf = -1588.018504599694
trf_mirror_tilt_x = 0.13888608228827465
trf_mirror_tilt_y = 0.07764633579927861
d_col_grm = -0.009545309117798025
grism_dec_x = 236.43438787663132
grism_dec_y = 0.034290839873287314
grm_tilt_x = -0.015764995158794707
grm_tilt_y = 2.3043552536617087
grm_G = 222.82514856619503
grm_apex = 17.815082203717008
d_grm_cam  = 21.608491827595323
cam_dec_x = -0.3020656977244336
cam_dec_y = 0.2505282994918418
cam_tilt_x = -0.018682894712496283
cam_tilt_y = -0.015070747558009214
d_cam_ff  = -160.40215312758798
ccd_ff_dec_x = -0.0035105356918376323
ccd_ff_dec_y = 0.00035578203456719797
ccd_ff_tilt_x = 0.14616908465132886
ccd_ff_tilt_y = -0.5721004783268314
ccd_ff_tilt_z = 0.17257017549945353
d_ff_ccd  = -4.8113936079239075
ccd_dec_x = 0.620647630935253
ccd_dec_y = 5.155290201421196
ccd_defocus = 0.3162732460165154
ccd_tilt_x = 0.0077991356626641835
ccd_tilt_y = -0.014143472256109966
ccd_tilt_z = 3.13477935381249e-06
p = 0.0001