slit_dec_x_a = -0.1704010755187174
slit_dec_y_a = -0.1956586180351446
slit_dec_x_b = 0.175
slit_dec_y_b = -1.7395971950582735e-96
slit_defocus = 0.00534916929982054
slit_tilt_x = 1.1861545745804576
slit_tilt_y = -8.540278292532507
slit_tilt_z = -8.990712602525026
d_slit_col = 1594.2945890800142
coll_tilt_x = 0.08878764748766889
coll_tilt_y = -0.03209693257307547
ech_G = 31.610674056415892
ech_blaze = -74.97692881786458
ech_gamma = 1.1401923409037933
echelle_z = 0.0746818879714206
d_col_trf = -1588.01851807214
trf_mirror_tilt_x = 0.13875661034287062
trf_mirror_tilt_y = 0.07757932810223385
d_col_grm = -0.009424678308588558
grism_dec_x = 236.434191881841
grism_dec_y = 0.034248799507438844
grm_tilt_x = -0.01577315018436837
grm_tilt_y = 2.3043679860777364
grm_G = 222.8251866984285
grm_apex = 17.815117299063612
d_grm_cam  = 21.608484779424128
cam_dec_x = -0.3018417118146567
cam_dec_y = 0.25043269468700563
cam_tilt_x = -0.018584050388450405
cam_tilt_y = -0.015011063556539991
d_cam_ff  = -160.4013312972201
ccd_ff_dec_x = -0.0034958833116353542
ccd_ff_dec_y = 0.00030857597141456273
ccd_ff_tilt_x = 0.14586010666494922
ccd_ff_tilt_y = -0.5720749636926455
ccd_ff_tilt_z = 0.17255108924885734
d_ff_ccd  = -4.811584760436873
ccd_dec_x = 0.6206731782108489
ccd_dec_y = 5.1552849610696745
ccd_defocus = 0.3163140308738404
ccd_tilt_x = 0.007750442192283515
ccd_tilt_y = -0.0140655108183104
ccd_tilt_z = 3.133616380856456e-06
p = 0.0001