slit_dec_x_a = -0.1704010755187174
slit_dec_y_a = -0.1956586180351446
slit_dec_x_b = 0.175
slit_dec_y_b = -1.794654012309882e-96
slit_defocus = 0.005708861596700117
slit_tilt_x = 1.1860929607233226
slit_tilt_y = -8.540048034055788
slit_tilt_z = -8.99075869383001
d_slit_col = 1594.294539992399
coll_tilt_x = 0.08877878818494167
coll_tilt_y = -0.032022123553013294
ech_G = 31.61067168070921
ech_blaze = -74.9769217156769
ech_gamma = 1.140202578034843
echelle_z = 0.07467510876282403
d_col_trf = -1588.0185399610136
trf_mirror_tilt_x = 0.1387294935638513
trf_mirror_tilt_y = 0.07764179546035292
d_col_grm = -0.00920276244886722
grism_dec_x = 236.43431416824188
grism_dec_y = 0.03422808704085441
grm_tilt_x = -0.015770418759441514
grm_tilt_y = 2.304359115955976
grm_G = 222.8251824853714
grm_apex = 17.815070879398995
d_grm_cam  = 21.608491872186605
cam_dec_x = -0.3019340256230925
cam_dec_y = 0.25031716760510725
cam_tilt_x = -0.018557112131881628
cam_tilt_y = -0.015152729919783411
d_cam_ff  = -160.40180638259764
ccd_ff_dec_x = -0.003511974054964724
ccd_ff_dec_y = 0.0004414566722843845
ccd_ff_tilt_x = 0.1462051602227399
ccd_ff_tilt_y = -0.572085166740819
ccd_ff_tilt_z = 0.17256609340121426
d_ff_ccd  = -4.811460664439774
ccd_dec_x = 0.6206693449629284
ccd_dec_y = 5.155282853025365
ccd_defocus = 0.3163048945514787
ccd_tilt_x = 0.007633772926445367
ccd_tilt_y = -0.013999155877364177
ccd_tilt_z = 3.1540385222864093e-06
p = 0.0001