slit_dec_x_a = -0.1704010755187174
slit_dec_y_a = -0.1956586180351446
slit_dec_x_b = 0.175
slit_dec_y_b = -1.723998909404944e-96
slit_defocus = 0.005323949652690553
slit_tilt_x = 1.185949574801974
slit_tilt_y = -8.540074166712849
slit_tilt_z = -8.990719707132858
d_slit_col = 1594.2947048077087
coll_tilt_x = 0.0886969005140631
coll_tilt_y = -0.032132623095689726
ech_G = 31.610676772628292
ech_blaze = -74.9769555924295
ech_gamma = 1.1402095494936917
echelle_z = 0.07468382661048076
d_col_trf = -1588.018510314815
trf_mirror_tilt_x = 0.13871957576479224
trf_mirror_tilt_y = 0.0775046446453541
d_col_grm = -0.00960541472111761
grism_dec_x = 236.4342380654243
grism_dec_y = 0.03420397370973692
grm_tilt_x = -0.015766002314587062
grm_tilt_y = 2.3043460506495657
grm_G = 222.82517660094965
grm_apex = 17.81497167601066
d_grm_cam  = 21.608480195204415
cam_dec_x = -0.3019083265210816
cam_dec_y = 0.25048511166164344
cam_tilt_x = -0.01864879019934202
cam_tilt_y = -0.014922404837756371
d_cam_ff  = -160.40179340621626
ccd_ff_dec_x = -0.003501142986271993
ccd_ff_dec_y = 0.00030126393290498494
ccd_ff_tilt_x = 0.14591140389094984
ccd_ff_tilt_y = -0.5720882443147107
ccd_ff_tilt_z = 0.17256216956723036
d_ff_ccd  = -4.811393228383347
ccd_dec_x = 0.6206559582372001
ccd_dec_y = 5.155294945434615
ccd_defocus = 0.31643637009271114
ccd_tilt_x = 0.007702750632961819
ccd_tilt_y = -0.014306175195970655
ccd_tilt_z = 3.133561705089154e-06
p = 0.0001