slit_dec_x_a = -0.1704010755187174
slit_dec_y_a = -0.1956586180351446
slit_dec_x_b = 0.175
slit_dec_y_b = -1.7452626992333306e-96
slit_defocus = 0.005471985562268795
slit_tilt_x = 1.186116605183009
slit_tilt_y = -8.540071691365055
slit_tilt_z = -8.99084840491458
d_slit_col = 1594.2946154189558
coll_tilt_x = 0.08869003127697732
coll_tilt_y = -0.03197909584256444
ech_G = 31.610662634749968
ech_blaze = -74.97694454714005
ech_gamma = 1.140200119057395
echelle_z = 0.07465679422981435
d_col_trf = -1588.0184930833898
trf_mirror_tilt_x = 0.13897642174263095
trf_mirror_tilt_y = 0.07758176196488897
d_col_grm = -0.009466376821270935
grism_dec_x = 236.43439885906068
grism_dec_y = 0.03407321054450658
grm_tilt_x = -0.01578011391996707
grm_tilt_y = 2.30434561100268
grm_G = 222.82517954881544
grm_apex = 17.814945610499127
d_grm_cam  = 21.608507851437764
cam_dec_x = -0.302124334155045
cam_dec_y = 0.25035413453864275
cam_tilt_x = -0.018535011550591906
cam_tilt_y = -0.015301205627345427
d_cam_ff  = -160.40057686625647
ccd_ff_dec_x = -0.0035120473481010336
ccd_ff_dec_y = 0.00022850655476749023
ccd_ff_tilt_x = 0.14607758368075408
ccd_ff_tilt_y = -0.5720690358596177
ccd_ff_tilt_z = 0.17257398776890662
d_ff_ccd  = -4.811371534416503
ccd_dec_x = 0.6206584955845197
ccd_dec_y = 5.155264270343444
ccd_defocus = 0.3164113657978163
ccd_tilt_x = 0.007660567037433961
ccd_tilt_y = -0.014045865697347905
ccd_tilt_z = 3.1185130608497666e-06
p = 0.0001