slit_dec_x_a = -0.1704010755187174
slit_dec_y_a = -0.1956586180351446
slit_dec_x_b = 0.175
slit_dec_y_b = -1.855700435454922e-96
slit_defocus = 0.0055092378770490716
slit_tilt_x = 1.1862283165050984
slit_tilt_y = -8.54014907758472
slit_tilt_z = -8.990763449141992
d_slit_col = 1594.2947433993804
coll_tilt_x = 0.08875394464853008
coll_tilt_y = -0.03187720573254955
ech_G = 31.61067613956055
ech_blaze = -74.97693902816032
ech_gamma = 1.1402006095508057
echelle_z = 0.07465992045780584
d_col_trf = -1588.0185184689544
trf_mirror_tilt_x = 0.13899355358983675
trf_mirror_tilt_y = 0.07771519936533104
d_col_grm = -0.009469737467939067
grism_dec_x = 236.43423137604574
grism_dec_y = 0.0342433993673175
grm_tilt_x = -0.015776941555798816
grm_tilt_y = 2.3043597511617273
grm_G = 222.82517323841122
grm_apex = 17.815266966801417
d_grm_cam  = 21.60848758039221
cam_dec_x = -0.30189092503508624
cam_dec_y = 0.2504454355607666
cam_tilt_x = -0.018475380450261033
cam_tilt_y = -0.01536434461933417
d_cam_ff  = -160.40073305828548
ccd_ff_dec_x = -0.003514408359250928
ccd_ff_dec_y = 0.00022082105136905157
ccd_ff_tilt_x = 0.14596657147388703
ccd_ff_tilt_y = -0.5720858508538084
ccd_ff_tilt_z = 0.17256965482168743
d_ff_ccd  = -4.811643937125547
ccd_dec_x = 0.620643873497318
ccd_dec_y = 5.155293656788821
ccd_defocus = 0.31637591462865927
ccd_tilt_x = 0.007723766214442231
ccd_tilt_y = -0.014261143402949284
ccd_tilt_z = 3.152715367006393e-06
p = 0.0001