slit_dec_x_a = -0.1704010755187174
slit_dec_y_a = -0.1956586180351446
slit_dec_x_b = 0.175
slit_dec_y_b = -1.8291712573784324e-96
slit_defocus = 0.005519540071283221
slit_tilt_x = 1.1860989021559423
slit_tilt_y = -8.54001003579537
slit_tilt_z = -8.990711960909676
d_slit_col = 1594.2945190607995
coll_tilt_x = 0.08866280166686431
coll_tilt_y = -0.032061571945910104
ech_G = 31.61066324688159
ech_blaze = -74.9769466096621
ech_gamma = 1.1402043404859996
echelle_z = 0.07466719099454801
d_col_trf = -1588.0185164792451
trf_mirror_tilt_x = 0.13882510330280623
trf_mirror_tilt_y = 0.07760764700686902
d_col_grm = -0.00947737990626755
grism_dec_x = 236.43426819141666
grism_dec_y = 0.0340829883766279
grm_tilt_x = -0.01577255953180619
grm_tilt_y = 2.3043505459535374
grm_G = 222.82517175366448
grm_apex = 17.815204761671325
d_grm_cam  = 21.608480749152168
cam_dec_x = -0.3020024689220789
cam_dec_y = 0.2503601949735623
cam_tilt_x = -0.018547841137428602
cam_tilt_y = -0.015005656348205746
d_cam_ff  = -160.40122322584224
ccd_ff_dec_x = -0.0035151080561377558
ccd_ff_dec_y = 0.0003459106802932603
ccd_ff_tilt_x = 0.1460078570514837
ccd_ff_tilt_y = -0.5720983141319333
ccd_ff_tilt_z = 0.1725703547889035
d_ff_ccd  = -4.8112960008873396
ccd_dec_x = 0.6206590619605437
ccd_dec_y = 5.155276409342092
ccd_defocus = 0.3163248368203487
ccd_tilt_x = 0.007847818813889814
ccd_tilt_y = -0.014107581174688253
ccd_tilt_z = 3.072928023668054e-06
p = 0.0001