slit_dec_x_a = -0.1704010755187174
slit_dec_y_a = -0.1956586180351446
slit_dec_x_b = 0.175
slit_dec_y_b = -1.7602595551245132e-96
slit_defocus = 0.005477506642760408
slit_tilt_x = 1.186020351697484
slit_tilt_y = -8.54004288858958
slit_tilt_z = -8.99073711959591
d_slit_col = 1594.2945632781348
coll_tilt_x = 0.08869110650209058
coll_tilt_y = -0.03192892310232483
ech_G = 31.610680713799006
ech_blaze = -74.97693674100964
ech_gamma = 1.14021469105469
echelle_z = 0.07468235955662163
d_col_trf = -1588.0185167509742
trf_mirror_tilt_x = 0.13872958852585499
trf_mirror_tilt_y = 0.07763986753483118
d_col_grm = -0.00946726891439066
grism_dec_x = 236.43422552690825
grism_dec_y = 0.03411588259768835
grm_tilt_x = -0.01577039408838763
grm_tilt_y = 2.3043514522949295
grm_G = 222.82517654830778
grm_apex = 17.815139977218884
d_grm_cam  = 21.608483448839504
cam_dec_x = -0.3018824003385491
cam_dec_y = 0.2503255884571091
cam_tilt_x = -0.018694547958915054
cam_tilt_y = -0.015191918317620649
d_cam_ff  = -160.40132670710472
ccd_ff_dec_x = -0.0034935656858243293
ccd_ff_dec_y = 0.00031678421244851215
ccd_ff_tilt_x = 0.14600505612991374
ccd_ff_tilt_y = -0.5720809074751005
ccd_ff_tilt_z = 0.172564410810944
d_ff_ccd  = -4.8114576495787755
ccd_dec_x = 0.6206567128752671
ccd_dec_y = 5.155270947360695
ccd_defocus = 0.3163046733602076
ccd_tilt_x = 0.007696640584997985
ccd_tilt_y = -0.014160967747746656
ccd_tilt_z = 3.103660170143902e-06
p = 0.0001