slit_dec_x_a = -0.1704010755187174
slit_dec_y_a = -0.1956586180351446
slit_dec_x_b = 0.175
slit_dec_y_b = -1.7192246954275111e-96
slit_defocus = 0.005552914718048416
slit_tilt_x = 1.1862303351019023
slit_tilt_y = -8.540052693187615
slit_tilt_z = -8.990902521338676
d_slit_col = 1594.2946587912477
coll_tilt_x = 0.08855148406132955
coll_tilt_y = -0.032043735706727
ech_G = 31.610668746655115
ech_blaze = -74.9769489242755
ech_gamma = 1.140198836763029
echelle_z = 0.07467644782005921
d_col_trf = -1588.018520797868
trf_mirror_tilt_x = 0.13886323579213122
trf_mirror_tilt_y = 0.07763069054780197
d_col_grm = -0.00945943817592175
grism_dec_x = 236.43425177970838
grism_dec_y = 0.03421663162242254
grm_tilt_x = -0.01578039000554794
grm_tilt_y = 2.304357237618455
grm_G = 222.82517837211995
grm_apex = 17.815082205310677
d_grm_cam  = 21.608481091824054
cam_dec_x = -0.3020048085547615
cam_dec_y = 0.25049747907043196
cam_tilt_x = -0.018799585799389944
cam_tilt_y = -0.014987288263700783
d_cam_ff  = -160.40103323928386
ccd_ff_dec_x = -0.003496907919481743
ccd_ff_dec_y = 0.00035448637252576587
ccd_ff_tilt_x = 0.14606822712628506
ccd_ff_tilt_y = -0.5721009400864447
ccd_ff_tilt_z = 0.1725680727668174
d_ff_ccd  = -4.8114126050240635
ccd_dec_x = 0.6206567292434302
ccd_dec_y = 5.155288255203173
ccd_defocus = 0.3162131573556387
ccd_tilt_x = 0.007798616057702133
ccd_tilt_y = -0.01403152340585315
ccd_tilt_z = 3.1114836472176484e-06
p = 0.0001