slit_dec_x_a = -0.1704010755187174
slit_dec_y_a = -0.1956586180351446
slit_dec_x_b = 0.175
slit_dec_y_b = -1.8516960485994684e-96
slit_defocus = 0.005601662222146264
slit_tilt_x = 1.1860169632267865
slit_tilt_y = -8.540233735900236
slit_tilt_z = -8.990820689037712
d_slit_col = 1594.294413429917
coll_tilt_x = 0.08864584903661826
coll_tilt_y = -0.03194967044823957
ech_G = 31.610659739446167
ech_blaze = -74.97691924310703
ech_gamma = 1.1402184621316866
echelle_z = 0.07467277769489772
d_col_trf = -1588.0185091351652
trf_mirror_tilt_x = 0.13875340963481975
trf_mirror_tilt_y = 0.07771461346800428
d_col_grm = -0.009545233491092025
grism_dec_x = 236.43437950741148
grism_dec_y = 0.03419569960222422
grm_tilt_x = -0.015787176069907944
grm_tilt_y = 2.3043635855552407
grm_G = 222.82515865526324
grm_apex = 17.815054912928066
d_grm_cam  = 21.608502994292284
cam_dec_x = -0.30211369080687256
cam_dec_y = 0.25030271999394504
cam_tilt_x = -0.01865708669990827
cam_tilt_y = -0.015286302669699563
d_cam_ff  = -160.40124221280144
ccd_ff_dec_x = -0.0035006529695624524
ccd_ff_dec_y = 0.000201119266429137
ccd_ff_tilt_x = 0.1460947003531622
ccd_ff_tilt_y = -0.5720798539979071
ccd_ff_tilt_z = 0.1725795453737205
d_ff_ccd  = -4.811391217535434
ccd_dec_x = 0.6206587834029267
ccd_dec_y = 5.155297926715393
ccd_defocus = 0.31644936452523875
ccd_tilt_x = 0.007715948805307438
ccd_tilt_y = -0.014152648538695937
ccd_tilt_z = 3.1073484277303384e-06
p = 0.0001