slit_dec_x_a = -0.1704010755187174
slit_dec_y_a = -0.1956586180351446
slit_dec_x_b = 0.175
slit_dec_y_b = -1.7621046552150574e-96
slit_defocus = 0.005625339039463224
slit_tilt_x = 1.1860569674183976
slit_tilt_y = -8.53999067112973
slit_tilt_z = -8.990765253051626
d_slit_col = 1594.2947322140853
coll_tilt_x = 0.08854219766669684
coll_tilt_y = -0.03197828384855704
ech_G = 31.61067061134495
ech_blaze = -74.97694046737952
ech_gamma = 1.1401995710812733
echelle_z = 0.07467656537974744
d_col_trf = -1588.018521130897
trf_mirror_tilt_x = 0.13879973065590484
trf_mirror_tilt_y = 0.0777440610019758
d_col_grm = -0.00957329724269722
grism_dec_x = 236.4343380694551
grism_dec_y = 0.03416201276460488
grm_tilt_x = -0.01576353221647547
grm_tilt_y = 2.304354888261759
grm_G = 222.82517699749573
grm_apex = 17.81516579155529
d_grm_cam  = 21.608490384948265
cam_dec_x = -0.3018734698500357
cam_dec_y = 0.25036480560062807
cam_tilt_x = -0.018825508304839107
cam_tilt_y = -0.01506563057253736
d_cam_ff  = -160.40178659129157
ccd_ff_dec_x = -0.003507677584346107
ccd_ff_dec_y = 0.00026375098585863907
ccd_ff_tilt_x = 0.14605249677701296
ccd_ff_tilt_y = -0.5720679332952494
ccd_ff_tilt_z = 0.17255657517860898
d_ff_ccd  = -4.811422233745136
ccd_dec_x = 0.6206543368849099
ccd_dec_y = 5.1552843248187505
ccd_defocus = 0.31633317172584324
ccd_tilt_x = 0.007751436657529901
ccd_tilt_y = -0.014082882455783536
ccd_tilt_z = 3.105596213201898e-06
p = 0.0001