slit_dec_x_a = -0.1704010755187174
slit_dec_y_a = -0.1956586180351446
slit_dec_x_b = 0.175
slit_dec_y_b = -1.7084722440004823e-96
slit_defocus = 0.005444405764485876
slit_tilt_x = 1.1860293484943516
slit_tilt_y = -8.540087641159756
slit_tilt_z = -8.990854541729602
d_slit_col = 1594.2945969581178
coll_tilt_x = 0.08858270232594835
coll_tilt_y = -0.03200897629108401
ech_G = 31.61066708653878
ech_blaze = -74.97694686408671
ech_gamma = 1.1402117716186755
echelle_z = 0.07467041563768036
d_col_trf = -1588.0185233385594
trf_mirror_tilt_x = 0.13896874853835656
trf_mirror_tilt_y = 0.07753724759561968
d_col_grm = -0.0094344196106269
grism_dec_x = 236.4344323360106
grism_dec_y = 0.0340907429794715
grm_tilt_x = -0.015789652113628472
grm_tilt_y = 2.3043580689721
grm_G = 222.82517007051715
grm_apex = 17.814994976462533
d_grm_cam  = 21.60848968033216
cam_dec_x = -0.3020526332961022
cam_dec_y = 0.2503580276986365
cam_tilt_x = -0.018730245602576218
cam_tilt_y = -0.0151211053724991
d_cam_ff  = -160.40126077388967
ccd_ff_dec_x = -0.003501682428125038
ccd_ff_dec_y = 0.0003589486789337477
ccd_ff_tilt_x = 0.1461005248121718
ccd_ff_tilt_y = -0.5720851567863808
ccd_ff_tilt_z = 0.17256619871258783
d_ff_ccd  = -4.811507687825443
ccd_dec_x = 0.6206470619445066
ccd_dec_y = 5.155284135205376
ccd_defocus = 0.31651029619029375
ccd_tilt_x = 0.007567667435001056
ccd_tilt_y = -0.014198458993935917
ccd_tilt_z = 3.1356258020106217e-06
p = 0.0001