slit_dec_x_a = -0.1704010755187174
slit_dec_y_a = -0.1956586180351446
slit_dec_x_b = 0.175
slit_dec_y_b = -1.6927184071792205e-96
slit_defocus = 0.005599849279690805
slit_tilt_x = 1.1862466097664146
slit_tilt_y = -8.539968417227797
slit_tilt_z = -8.990735874673799
d_slit_col = 1594.2945417933774
coll_tilt_x = 0.08866726562207022
coll_tilt_y = -0.031932475451198615
ech_G = 31.610667407922627
ech_blaze = -74.97692245518354
ech_gamma = 1.1401956403617155
echelle_z = 0.07466399490128689
d_col_trf = -1588.0185177870194
trf_mirror_tilt_x = 0.13862911228138206
trf_mirror_tilt_y = 0.07755386132961632
d_col_grm = -0.009523298831626012
grism_dec_x = 236.43420433763862
grism_dec_y = 0.034103277802701025
grm_tilt_x = -0.015777013105919963
grm_tilt_y = 2.304359807207861
grm_G = 222.8251766239543
grm_apex = 17.815146676556918
d_grm_cam  = 21.608492401795957
cam_dec_x = -0.3019557976922997
cam_dec_y = 0.25039714788158773
cam_tilt_x = -0.01872785277342543
cam_tilt_y = -0.015215737587200986
d_cam_ff  = -160.40120020661595
ccd_ff_dec_x = -0.0035096219241628505
ccd_ff_dec_y = 7.932382842331138e-05
ccd_ff_tilt_x = 0.1460122365012904
ccd_ff_tilt_y = -0.572077824680666
ccd_ff_tilt_z = 0.17256849480461242
d_ff_ccd  = -4.811402120204685
ccd_dec_x = 0.6206605425284909
ccd_dec_y = 5.155270515713796
ccd_defocus = 0.3163610846904514
ccd_tilt_x = 0.007724146338575105
ccd_tilt_y = -0.014082181825908582
ccd_tilt_z = 3.0737101305286523e-06
p = 0.0001