slit_dec_x_a = -0.1704010755187174
slit_dec_y_a = -0.1956586180351446
slit_dec_x_b = 0.175
slit_dec_y_b = -1.6962046930974343e-96
slit_defocus = 0.005559530435279834
slit_tilt_x = 1.1861022319238332
slit_tilt_y = -8.540107268234395
slit_tilt_z = -8.99063122512987
d_slit_col = 1594.2945683924072
coll_tilt_x = 0.0886315967888622
coll_tilt_y = -0.03197603411380215
ech_G = 31.610662423206573
ech_blaze = -74.97694997462102
ech_gamma = 1.1402092861176265
echelle_z = 0.07468388308213322
d_col_trf = -1588.0185237284545
trf_mirror_tilt_x = 0.13883852736770141
trf_mirror_tilt_y = 0.0776552812063731
d_col_grm = -0.00960851100096992
grism_dec_x = 236.43431128482868
grism_dec_y = 0.03415179845050875
grm_tilt_x = -0.015777406900478463
grm_tilt_y = 2.304365457499289
grm_G = 222.82517688632365
grm_apex = 17.815118597436722
d_grm_cam  = 21.608479060921866
cam_dec_x = -0.3018874179679249
cam_dec_y = 0.2503429660727582
cam_tilt_x = -0.018601103423487687
cam_tilt_y = -0.015168495106911649
d_cam_ff  = -160.4018878737764
ccd_ff_dec_x = -0.0035093074958056783
ccd_ff_dec_y = 0.00018441494144543467
ccd_ff_tilt_x = 0.14594831586024412
ccd_ff_tilt_y = -0.572087793066724
ccd_ff_tilt_z = 0.1725737028591287
d_ff_ccd  = -4.811441752791158
ccd_dec_x = 0.6206547238407197
ccd_dec_y = 5.155275945951408
ccd_defocus = 0.31640189258376417
ccd_tilt_x = 0.007678328683999237
ccd_tilt_y = -0.014304217742975653
ccd_tilt_z = 3.0870630279855773e-06
p = 0.0001