slit_dec_x_a = -0.1704010755187174
slit_dec_y_a = -0.1956586180351446
slit_dec_x_b = 0.175
slit_dec_y_b = -1.7867823331698386e-96
slit_defocus = 0.005447032730066382
slit_tilt_x = 1.186132606713101
slit_tilt_y = -8.539997264260204
slit_tilt_z = -8.99064134093304
d_slit_col = 1594.2946579524605
coll_tilt_x = 0.08852732824441496
coll_tilt_y = -0.03196742656984533
ech_G = 31.61066748810789
ech_blaze = -74.97693576613993
ech_gamma = 1.1402048971745589
echelle_z = 0.07467245652079543
d_col_trf = -1588.018508608007
trf_mirror_tilt_x = 0.13889516309246014
trf_mirror_tilt_y = 0.0775077105723028
d_col_grm = -0.009616884880697871
grism_dec_x = 236.4342030234756
grism_dec_y = 0.03411975951176905
grm_tilt_x = -0.015770330450467367
grm_tilt_y = 2.3043645753491155
grm_G = 222.82518918493858
grm_apex = 17.815153799726595
d_grm_cam  = 21.608489524455422
cam_dec_x = -0.30199580857512043
cam_dec_y = 0.2503303549463867
cam_tilt_x = -0.018831370402391558
cam_tilt_y = -0.015091985985315599
d_cam_ff  = -160.40125305841494
ccd_ff_dec_x = -0.0034911565388926176
ccd_ff_dec_y = 0.00029432932653974985
ccd_ff_tilt_x = 0.14596699578942382
ccd_ff_tilt_y = -0.5720941036979615
ccd_ff_tilt_z = 0.172571647719583
d_ff_ccd  = -4.811404719425184
ccd_dec_x = 0.6206635392084918
ccd_dec_y = 5.155288779834801
ccd_defocus = 0.31633324464500334
ccd_tilt_x = 0.007682951631326783
ccd_tilt_y = -0.014255937056203231
ccd_tilt_z = 3.1581504476899355e-06
p = 0.0001