slit_dec_x_a = -0.1704010755187174
slit_dec_y_a = -0.1956586180351446
slit_dec_x_b = 0.175
slit_dec_y_b = -1.751860762255971e-96
slit_defocus = 0.0055732954730057455
slit_tilt_x = 1.1861266057867481
slit_tilt_y = -8.540050743323674
slit_tilt_z = -8.990727324532793
d_slit_col = 1594.294785730106
coll_tilt_x = 0.08861726282287065
coll_tilt_y = -0.0320581176517227
ech_G = 31.610653746955155
ech_blaze = -74.97693172847845
ech_gamma = 1.140188267646361
echelle_z = 0.07467604617370271
d_col_trf = -1588.0185224620025
trf_mirror_tilt_x = 0.13881562650131027
trf_mirror_tilt_y = 0.077597951710446
d_col_grm = -0.009401687293808681
grism_dec_x = 236.43408892922707
grism_dec_y = 0.03411235679671678
grm_tilt_x = -0.015779627428573355
grm_tilt_y = 2.3043699755561975
grm_G = 222.82516318496778
grm_apex = 17.814955481367054
d_grm_cam  = 21.608490281263446
cam_dec_x = -0.30192445596829365
cam_dec_y = 0.2504889278821815
cam_tilt_x = -0.018597783463679973
cam_tilt_y = -0.015202599554588223
d_cam_ff  = -160.40173001027762
ccd_ff_dec_x = -0.003507627052870841
ccd_ff_dec_y = 0.0002632419032746654
ccd_ff_tilt_x = 0.14610091410515846
ccd_ff_tilt_y = -0.5720960738252139
ccd_ff_tilt_z = 0.1725536752610471
d_ff_ccd  = -4.811554903714744
ccd_dec_x = 0.6206583781856819
ccd_dec_y = 5.155274290385395
ccd_defocus = 0.3161028033768654
ccd_tilt_x = 0.007482999520601089
ccd_tilt_y = -0.014048904317041488
ccd_tilt_z = 3.0899221815819935e-06
p = 0.0001