slit_dec_x_a = -0.1704010755187174
slit_dec_y_a = -0.1956586180351446
slit_dec_x_b = 0.175
slit_dec_y_b = -1.6283518129558626e-96
slit_defocus = 0.005503311529680866
slit_tilt_x = 1.1861351770682458
slit_tilt_y = -8.540331981844412
slit_tilt_z = -8.990799905938871
d_slit_col = 1594.2946334767087
coll_tilt_x = 0.0886260739847282
coll_tilt_y = -0.031962537502669516
ech_G = 31.610675082574186
ech_blaze = -74.9769464423038
ech_gamma = 1.1401924576217095
echelle_z = 0.07467378727935926
d_col_trf = -1588.018521266068
trf_mirror_tilt_x = 0.1388133979291929
trf_mirror_tilt_y = 0.0774709455253425
d_col_grm = -0.00937608228083673
grism_dec_x = 236.4342125638269
grism_dec_y = 0.034038880146696635
grm_tilt_x = -0.015792042539673864
grm_tilt_y = 2.3043540864776846
grm_G = 222.82515377537214
grm_apex = 17.815087165606027
d_grm_cam  = 21.608500451790974
cam_dec_x = -0.30202477417163115
cam_dec_y = 0.250410030691102
cam_tilt_x = -0.018705330321647524
cam_tilt_y = -0.015185485763748207
d_cam_ff  = -160.4011920042839
ccd_ff_dec_x = -0.0035230141933050426
ccd_ff_dec_y = 0.0001966509009068211
ccd_ff_tilt_x = 0.14594447086743076
ccd_ff_tilt_y = -0.5720745349214731
ccd_ff_tilt_z = 0.17256056140572756
d_ff_ccd  = -4.811385484561587
ccd_dec_x = 0.6206406120181789
ccd_dec_y = 5.155289556107248
ccd_defocus = 0.316326209484136
ccd_tilt_x = 0.007695648082435837
ccd_tilt_y = -0.01419203013917923
ccd_tilt_z = 3.0812044156707737e-06
p = 0.0001