slit_dec_x_a = -0.1704010755187174
slit_dec_y_a = -0.1956586180351446
slit_dec_x_b = 0.175
slit_dec_y_b = -1.6237215122386185e-96
slit_defocus = 0.005469122762149497
slit_tilt_x = 1.1861566818657339
slit_tilt_y = -8.540067887244179
slit_tilt_z = -8.9906347874001
d_slit_col = 1594.2945921149994
coll_tilt_x = 0.08853163948500085
coll_tilt_y = -0.03196260764008744
ech_G = 31.61066245728087
ech_blaze = -74.97693548991121
ech_gamma = 1.140196758589528
echelle_z = 0.07467444975937491
d_col_trf = -1588.0185194951193
trf_mirror_tilt_x = 0.13886226944040453
trf_mirror_tilt_y = 0.0775059072364234
d_col_grm = -0.009490913026019189
grism_dec_x = 236.43425120212487
grism_dec_y = 0.034080165161264594
grm_tilt_x = -0.015787040363236964
grm_tilt_y = 2.3043546856536232
grm_G = 222.8251804323495
grm_apex = 17.81531016949238
d_grm_cam  = 21.60849122186845
cam_dec_x = -0.30201497930644744
cam_dec_y = 0.25031980908187546
cam_tilt_x = -0.018725726684656958
cam_tilt_y = -0.015071594470742088
d_cam_ff  = -160.40183795653036
ccd_ff_dec_x = -0.003514748433716053
ccd_ff_dec_y = 0.000378092848006971
ccd_ff_tilt_x = 0.14602030251806303
ccd_ff_tilt_y = -0.5720905776172288
ccd_ff_tilt_z = 0.17256842651906767
d_ff_ccd  = -4.811320441815141
ccd_dec_x = 0.6206561828981444
ccd_dec_y = 5.155283350448895
ccd_defocus = 0.31626697303667084
ccd_tilt_x = 0.007622744262012085
ccd_tilt_y = -0.01418048000592448
ccd_tilt_z = 3.173783911145566e-06
p = 0.0001