slit_dec_x_a = -0.1704010755187174
slit_dec_y_a = -0.1956586180351446
slit_dec_x_b = 0.175
slit_dec_y_b = -1.7584644397207124e-96
slit_defocus = 0.005502517571213031
slit_tilt_x = 1.1863730465234148
slit_tilt_y = -8.540047084746456
slit_tilt_z = -8.990882010279062
d_slit_col = 1594.2945770619901
coll_tilt_x = 0.0887618216623119
coll_tilt_y = -0.03201863781535065
ech_G = 31.61066413881694
ech_blaze = -74.97692593813694
ech_gamma = 1.140210439079681
echelle_z = 0.07467612399477722
d_col_trf = -1588.0185266566975
trf_mirror_tilt_x = 0.13887095035679983
trf_mirror_tilt_y = 0.07761907381429363
d_col_grm = -0.009381734767847
grism_dec_x = 236.4341912187998
grism_dec_y = 0.03416846805198823
grm_tilt_x = -0.01576925979883212
grm_tilt_y = 2.3043512222411935
grm_G = 222.8251857634507
grm_apex = 17.815125016360795
d_grm_cam  = 21.60849789310737
cam_dec_x = -0.3019055317852079
cam_dec_y = 0.250359867503983
cam_tilt_x = -0.018552259228325332
cam_tilt_y = -0.015084482803702906
d_cam_ff  = -160.4005581926314
ccd_ff_dec_x = -0.0035168022353140034
ccd_ff_dec_y = 0.0002568193342117707
ccd_ff_tilt_x = 0.14597966500576026
ccd_ff_tilt_y = -0.5720849693553203
ccd_ff_tilt_z = 0.1725715382800724
d_ff_ccd  = -4.8114157710040955
ccd_dec_x = 0.6206612569255369
ccd_dec_y = 5.155300725982033
ccd_defocus = 0.316429946563684
ccd_tilt_x = 0.007728983575062253
ccd_tilt_y = -0.014192344144145021
ccd_tilt_z = 3.082223941141555e-06
p = 0.0001