slit_dec_x_a = -0.1704010755187174
slit_dec_y_a = -0.1956586180351446
slit_dec_x_b = 0.175
slit_dec_y_b = -1.520786223406974e-96
slit_defocus = 0.005683043811140435
slit_tilt_x = 1.1861220967737518
slit_tilt_y = -8.540141697876834
slit_tilt_z = -8.99053031391942
d_slit_col = 1594.2946322318621
coll_tilt_x = 0.0886380983115474
coll_tilt_y = -0.03193200377363504
ech_G = 31.610661440118413
ech_blaze = -74.97693939167242
ech_gamma = 1.1402073733560683
echelle_z = 0.07467106949212968
d_col_trf = -1588.018528543987
trf_mirror_tilt_x = 0.13882736173743082
trf_mirror_tilt_y = 0.0775235716680473
d_col_grm = -0.009566273762397144
grism_dec_x = 236.43415912467154
grism_dec_y = 0.034241358280212304
grm_tilt_x = -0.01577104813149656
grm_tilt_y = 2.3043917394431612
grm_G = 222.82517349472016
grm_apex = 17.815201350248557
d_grm_cam  = 21.608494063746974
cam_dec_x = -0.3021960738412026
cam_dec_y = 0.25040306101789817
cam_tilt_x = -0.018605228195979758
cam_tilt_y = -0.015229930614399721
d_cam_ff  = -160.40147584436252
ccd_ff_dec_x = -0.003487292774812605
ccd_ff_dec_y = 0.00011771388790892771
ccd_ff_tilt_x = 0.1462251431729658
ccd_ff_tilt_y = -0.5720682534349957
ccd_ff_tilt_z = 0.1725626539092267
d_ff_ccd  = -4.811365502134583
ccd_dec_x = 0.6206646859778722
ccd_dec_y = 5.155279652795666
ccd_defocus = 0.3164216353919645
ccd_tilt_x = 0.007843553753053015
ccd_tilt_y = -0.013997556012293955
ccd_tilt_z = 3.09651307405394e-06
p = 0.0001