slit_dec_x_a = -0.1704010755187174
slit_dec_y_a = -0.1956586180351446
slit_dec_x_b = 0.175
slit_dec_y_b = -1.7148203229596157e-96
slit_defocus = 0.005606247157695072
slit_tilt_x = 1.1861293361935228
slit_tilt_y = -8.54021574340954
slit_tilt_z = -8.990574051147851
d_slit_col = 1594.2947278800166
coll_tilt_x = 0.08877263115581226
coll_tilt_y = -0.031984459153637415
ech_G = 31.610673669694794
ech_blaze = -74.9769370367886
ech_gamma = 1.1401993663925036
echelle_z = 0.07468294860539203
d_col_trf = -1588.0185239439006
trf_mirror_tilt_x = 0.13895129760390518
trf_mirror_tilt_y = 0.07750635130148457
d_col_grm = -0.00948923037449057
grism_dec_x = 236.43416144724713
grism_dec_y = 0.03412382529669133
grm_tilt_x = -0.015770073076505083
grm_tilt_y = 2.3043509636956276
grm_G = 222.82518058496518
grm_apex = 17.815082712101045
d_grm_cam  = 21.60847440096271
cam_dec_x = -0.30190724505892086
cam_dec_y = 0.25046904219217275
cam_tilt_x = -0.018618904355727137
cam_tilt_y = -0.015173263907309914
d_cam_ff  = -160.40147827279617
ccd_ff_dec_x = -0.0035008335972535267
ccd_ff_dec_y = 0.00020737254899147684
ccd_ff_tilt_x = 0.1460695565658651
ccd_ff_tilt_y = -0.5720803477138736
ccd_ff_tilt_z = 0.17257600226662376
d_ff_ccd  = -4.811286977269349
ccd_dec_x = 0.6206728438687753
ccd_dec_y = 5.1552898531731985
ccd_defocus = 0.316181475295842
ccd_tilt_x = 0.00769203238593559
ccd_tilt_y = -0.01412270286896577
ccd_tilt_z = 3.1040255766702185e-06
p = 0.0001