slit_dec_x_a = -0.1704010755187174
slit_dec_y_a = -0.1956586180351446
slit_dec_x_b = 0.175
slit_dec_y_b = -1.7123821504972432e-96
slit_defocus = 0.005330509263624213
slit_tilt_x = 1.1861365603369187
slit_tilt_y = -8.540377233387366
slit_tilt_z = -8.990567186022544
d_slit_col = 1594.2944640197322
coll_tilt_x = 0.0887172991814226
coll_tilt_y = -0.032046063895255175
ech_G = 31.61067077876306
ech_blaze = -74.97694446106904
ech_gamma = 1.1402024525378631
echelle_z = 0.07467852569470725
d_col_trf = -1588.0185283803003
trf_mirror_tilt_x = 0.1388100941113686
trf_mirror_tilt_y = 0.07750785576085412
d_col_grm = -0.009437584999683047
grism_dec_x = 236.4343740743678
grism_dec_y = 0.03433036502312413
grm_tilt_x = -0.015764567776672133
grm_tilt_y = 2.304360943705463
grm_G = 222.82520290704198
grm_apex = 17.815051059022583
d_grm_cam  = 21.608496953150286
cam_dec_x = -0.3020355382993295
cam_dec_y = 0.2504695455326566
cam_tilt_x = -0.01854506249101013
cam_tilt_y = -0.015162068676105487
d_cam_ff  = -160.401406627897
ccd_ff_dec_x = -0.003478663405556273
ccd_ff_dec_y = 0.0002960474228166651
ccd_ff_tilt_x = 0.1459954432819454
ccd_ff_tilt_y = -0.5720833539811246
ccd_ff_tilt_z = 0.1725687649858123
d_ff_ccd  = -4.8113488123088315
ccd_dec_x = 0.6206588288944526
ccd_dec_y = 5.155274227398095
ccd_defocus = 0.31617043754122987
ccd_tilt_x = 0.00778949062193945
ccd_tilt_y = -0.013883135959783069
ccd_tilt_z = 3.1878319838761877e-06
p = 0.0001