slit_dec_x_a = -0.1704010755187174
slit_dec_y_a = -0.1956586180351446
slit_dec_x_b = 0.175
slit_dec_y_b = -1.567407192545602e-96
slit_defocus = 0.005554457504975671
slit_tilt_x = 1.1859578108006807
slit_tilt_y = -8.540040339589318
slit_tilt_z = -8.990632932103253
d_slit_col = 1594.2946348340317
coll_tilt_x = 0.08861795862400226
coll_tilt_y = -0.031949561107253395
ech_G = 31.610669410841474
ech_blaze = -74.9769423906868
ech_gamma = 1.140207325247153
echelle_z = 0.07464990650135048
d_col_trf = -1588.0185019135563
trf_mirror_tilt_x = 0.13886294201240804
trf_mirror_tilt_y = 0.07750702108201857
d_col_grm = -0.009575396566707335
grism_dec_x = 236.43425415788062
grism_dec_y = 0.034124403226555695
grm_tilt_x = -0.015765394431992624
grm_tilt_y = 2.3043683609838377
grm_G = 222.82518415333354
grm_apex = 17.815232526286625
d_grm_cam  = 21.608483829871872
cam_dec_x = -0.30206567424286185
cam_dec_y = 0.2504753140081172
cam_tilt_x = -0.018731938012395352
cam_tilt_y = -0.015108912146932548
d_cam_ff  = -160.40140806866083
ccd_ff_dec_x = -0.0035159998599772527
ccd_ff_dec_y = 0.00039289673455146403
ccd_ff_tilt_x = 0.14597587213372876
ccd_ff_tilt_y = -0.5720696423369718
ccd_ff_tilt_z = 0.1725688098428535
d_ff_ccd  = -4.811364867237892
ccd_dec_x = 0.6206554139621395
ccd_dec_y = 5.155291417688199
ccd_defocus = 0.3165683511088274
ccd_tilt_x = 0.007804398888130851
ccd_tilt_y = -0.014105084357465271
ccd_tilt_z = 3.1387083621123286e-06
p = 0.0001