slit_dec_x_a = -0.1704010755187174
slit_dec_y_a = -0.1956586180351446
slit_dec_x_b = 0.175
slit_dec_y_b = -1.585930467319355e-96
slit_defocus = 0.005558789217678527
slit_tilt_x = 1.185932177029628
slit_tilt_y = -8.540221730573284
slit_tilt_z = -8.990785100164201
d_slit_col = 1594.294641640073
coll_tilt_x = 0.08869657473022624
coll_tilt_y = -0.031928365662974204
ech_G = 31.610683859299417
ech_blaze = -74.97693418522245
ech_gamma = 1.140197611856516
echelle_z = 0.07467923036480457
d_col_trf = -1588.0185109983443
trf_mirror_tilt_x = 0.13900876571314388
trf_mirror_tilt_y = 0.07763851611789782
d_col_grm = -0.009575581068337124
grism_dec_x = 236.43414315412826
grism_dec_y = 0.03418994547196645
grm_tilt_x = -0.0157772381333688
grm_tilt_y = 2.3043555938956155
grm_G = 222.82518137461608
grm_apex = 17.815181092644526
d_grm_cam  = 21.608470009798
cam_dec_x = -0.30189309956641336
cam_dec_y = 0.25021400816426115
cam_tilt_x = -0.01882051675933214
cam_tilt_y = -0.01521103346573953
d_cam_ff  = -160.4009867438057
ccd_ff_dec_x = -0.003510300008239548
ccd_ff_dec_y = 0.000304958387315146
ccd_ff_tilt_x = 0.14605518890811506
ccd_ff_tilt_y = -0.5720806442558592
ccd_ff_tilt_z = 0.1725708179349293
d_ff_ccd  = -4.811375950096729
ccd_dec_x = 0.6206695321245049
ccd_dec_y = 5.155265468716209
ccd_defocus = 0.3163340650927921
ccd_tilt_x = 0.007678963548576717
ccd_tilt_y = -0.014006932272121572
ccd_tilt_z = 3.1851335266004363e-06
p = 0.0001