slit_dec_x_a = -0.1704010755187174
slit_dec_y_a = -0.1956586180351446
slit_dec_x_b = 0.175
slit_dec_y_b = -1.8566927109385212e-96
slit_defocus = 0.005589897582541357
slit_tilt_x = 1.1862188730276615
slit_tilt_y = -8.540071077119427
slit_tilt_z = -8.990779146811425
d_slit_col = 1594.2947089466625
coll_tilt_x = 0.08876270757374528
coll_tilt_y = -0.032027390594524606
ech_G = 31.610673623799592
ech_blaze = -74.97695151574953
ech_gamma = 1.1401933228764944
echelle_z = 0.07468465896006925
d_col_trf = -1588.018514699482
trf_mirror_tilt_x = 0.13888206844039863
trf_mirror_tilt_y = 0.07761903771287808
d_col_grm = -0.009372789135394416
grism_dec_x = 236.43423671965138
grism_dec_y = 0.03426761412458607
grm_tilt_x = -0.015755812374591543
grm_tilt_y = 2.304350399836509
grm_G = 222.82517993768707
grm_apex = 17.815098782304393
d_grm_cam  = 21.608499881149406
cam_dec_x = -0.3023056343401612
cam_dec_y = 0.25049538292574913
cam_tilt_x = -0.018591534349794377
cam_tilt_y = -0.015116464547889326
d_cam_ff  = -160.40179567885443
ccd_ff_dec_x = -0.0035189897660866487
ccd_ff_dec_y = 0.00046211920090127043
ccd_ff_tilt_x = 0.14598719418432193
ccd_ff_tilt_y = -0.5721010187672734
ccd_ff_tilt_z = 0.17257519603303575
d_ff_ccd  = -4.811534642254137
ccd_dec_x = 0.6206533720533753
ccd_dec_y = 5.155299470463335
ccd_defocus = 0.3162616561142591
ccd_tilt_x = 0.007687442769861847
ccd_tilt_y = -0.014125930719090806
ccd_tilt_z = 3.0856275715924008e-06
p = 0.0001