slit_dec_x_a = -0.1704010755187174
slit_dec_y_a = -0.1956586180351446
slit_dec_x_b = 0.175
slit_dec_y_b = -1.5759180184247131e-96
slit_defocus = 0.00553718427898424
slit_tilt_x = 1.1862680437630664
slit_tilt_y = -8.540141666849557
slit_tilt_z = -8.990809650214933
d_slit_col = 1594.2947053207868
coll_tilt_x = 0.08872154951713475
coll_tilt_y = -0.03198153900212156
ech_G = 31.610669211488407
ech_blaze = -74.97694543320011
ech_gamma = 1.1402102882438707
echelle_z = 0.07467443054544562
d_col_trf = -1588.0185153070872
trf_mirror_tilt_x = 0.13893506793705257
trf_mirror_tilt_y = 0.07758059776956663
d_col_grm = -0.009410215995511641
grism_dec_x = 236.43448830074155
grism_dec_y = 0.03407420019038746
grm_tilt_x = -0.015775091229036715
grm_tilt_y = 2.304346955936836
grm_G = 222.82515711158885
grm_apex = 17.815194705526736
d_grm_cam  = 21.608493246612106
cam_dec_x = -0.3017757776579023
cam_dec_y = 0.25044776770829286
cam_tilt_x = -0.018562720205100417
cam_tilt_y = -0.015114221602596971
d_cam_ff  = -160.4014817941046
ccd_ff_dec_x = -0.003514276028402162
ccd_ff_dec_y = 0.000372487769973529
ccd_ff_tilt_x = 0.14598385937832953
ccd_ff_tilt_y = -0.5720813387559094
ccd_ff_tilt_z = 0.17256481543342395
d_ff_ccd  = -4.811508780275044
ccd_dec_x = 0.6206538432543701
ccd_dec_y = 5.15526450782937
ccd_defocus = 0.31637833074514915
ccd_tilt_x = 0.007656591412606913
ccd_tilt_y = -0.014031371938451258
ccd_tilt_z = 3.081382353170194e-06
p = 0.0001