slit_dec_x_a = -0.1704010755187174
slit_dec_y_a = -0.1956586180351446
slit_dec_x_b = 0.175
slit_dec_y_b = -1.7548875633415725e-96
slit_defocus = 0.005523586344068938
slit_tilt_x = 1.1861699908403651
slit_tilt_y = -8.540124452327174
slit_tilt_z = -8.990854606063294
d_slit_col = 1594.2947065522167
coll_tilt_x = 0.08865608895641164
coll_tilt_y = -0.03194825490268987
ech_G = 31.6106618676427
ech_blaze = -74.97694315965671
ech_gamma = 1.1402027727894162
echelle_z = 0.07465810111895237
d_col_trf = -1588.018534561789
trf_mirror_tilt_x = 0.1388076087593792
trf_mirror_tilt_y = 0.07754394645964462
d_col_grm = -0.00948403835972861
grism_dec_x = 236.434299541085
grism_dec_y = 0.03415698755951519
grm_tilt_x = -0.015772624104327906
grm_tilt_y = 2.3043484120842845
grm_G = 222.8251764475933
grm_apex = 17.81524742391053
d_grm_cam  = 21.608482111721116
cam_dec_x = -0.30198056030860604
cam_dec_y = 0.250402247268836
cam_tilt_x = -0.018604850509367186
cam_tilt_y = -0.015194326300843749
d_cam_ff  = -160.40122615304335
ccd_ff_dec_x = -0.0035104091504474825
ccd_ff_dec_y = 0.0003605268044228495
ccd_ff_tilt_x = 0.14603749249594114
ccd_ff_tilt_y = -0.5720898598527029
ccd_ff_tilt_z = 0.172573372337157
d_ff_ccd  = -4.8113483669222905
ccd_dec_x = 0.6206496554017009
ccd_dec_y = 5.155287790274094
ccd_defocus = 0.3163863924530415
ccd_tilt_x = 0.007906622623278936
ccd_tilt_y = -0.014344495285848856
ccd_tilt_z = 3.0845609906730365e-06
p = 0.0001