slit_dec_x_a = -0.1704010755187174
slit_dec_y_a = -0.1956586180351446
slit_dec_x_b = 0.175
slit_dec_y_b = -1.6797866609519386e-96
slit_defocus = 0.005522442140275381
slit_tilt_x = 1.1858771633615113
slit_tilt_y = -8.540113828917207
slit_tilt_z = -8.990684803876059
d_slit_col = 1594.2944681007725
coll_tilt_x = 0.08863898143462477
coll_tilt_y = -0.031989085890426136
ech_G = 31.61066326746112
ech_blaze = -74.97693511833955
ech_gamma = 1.1401923438104553
echelle_z = 0.07466746642288856
d_col_trf = -1588.018514633484
trf_mirror_tilt_x = 0.1389651710804912
trf_mirror_tilt_y = 0.07741293459736981
d_col_grm = -0.009355356958057457
grism_dec_x = 236.43419701060523
grism_dec_y = 0.03407483697223226
grm_tilt_x = -0.015781075013402316
grm_tilt_y = 2.3043567336683997
grm_G = 222.82518742525036
grm_apex = 17.815087761185
d_grm_cam  = 21.608490067462714
cam_dec_x = -0.3018105805210759
cam_dec_y = 0.2503335682654061
cam_tilt_x = -0.018625914190616006
cam_tilt_y = -0.01521758149892019
d_cam_ff  = -160.40103178894483
ccd_ff_dec_x = -0.0034950649648322536
ccd_ff_dec_y = 0.00019512495938450437
ccd_ff_tilt_x = 0.1459693870819154
ccd_ff_tilt_y = -0.5721011985379724
ccd_ff_tilt_z = 0.17256660849750186
d_ff_ccd  = -4.811516408050568
ccd_dec_x = 0.6206647361236413
ccd_dec_y = 5.15527682929842
ccd_defocus = 0.3163109919993292
ccd_tilt_x = 0.007751673964460186
ccd_tilt_y = -0.014112046260850173
ccd_tilt_z = 3.173084130482455e-06
p = 0.0001