slit_dec_x_a = -0.1704010755187174
slit_dec_y_a = -0.1956586180351446
slit_dec_x_b = 0.175
slit_dec_y_b = -1.8009323419757793e-96
slit_defocus = 0.005586426119460213
slit_tilt_x = 1.1861244292696622
slit_tilt_y = -8.540284109354952
slit_tilt_z = -8.990796589413993
d_slit_col = 1594.2945488152739
coll_tilt_x = 0.08857641274620201
coll_tilt_y = -0.03197168634375843
ech_G = 31.610664259261394
ech_blaze = -74.9769316302775
ech_gamma = 1.140186959573301
echelle_z = 0.07466436060803257
d_col_trf = -1588.018517913292
trf_mirror_tilt_x = 0.13885417090671567
trf_mirror_tilt_y = 0.07750097987227877
d_col_grm = -0.009676413012944309
grism_dec_x = 236.43441983529013
grism_dec_y = 0.03419111780913412
grm_tilt_x = -0.0157794654651941
grm_tilt_y = 2.304355457326082
grm_G = 222.82517474944612
grm_apex = 17.815192386117797
d_grm_cam  = 21.60847009783155
cam_dec_x = -0.30192855131199364
cam_dec_y = 0.2504786347224791
cam_tilt_x = -0.018743288670837514
cam_tilt_y = -0.015143423719459322
d_cam_ff  = -160.40006050779976
ccd_ff_dec_x = -0.0035050811950894955
ccd_ff_dec_y = 0.000443712907442358
ccd_ff_tilt_x = 0.14614237039401776
ccd_ff_tilt_y = -0.5720952566389318
ccd_ff_tilt_z = 0.17257048705246752
d_ff_ccd  = -4.8114138804331645
ccd_dec_x = 0.6206442246499659
ccd_dec_y = 5.155270242316202
ccd_defocus = 0.3164465874650018
ccd_tilt_x = 0.0076536664072562625
ccd_tilt_y = -0.014108615074746275
ccd_tilt_z = 3.1232896575222304e-06
p = 0.0001