slit_dec_x_a = -0.1704010755187174
slit_dec_y_a = -0.1956586180351446
slit_dec_x_b = 0.175
slit_dec_y_b = -1.6902284438668981e-96
slit_defocus = 0.005463857636098535
slit_tilt_x = 1.1858546252003592
slit_tilt_y = -8.540069753021484
slit_tilt_z = -8.990742403212566
d_slit_col = 1594.2945412425336
coll_tilt_x = 0.08873526804646606
coll_tilt_y = -0.03200123978491487
ech_G = 31.610674436934172
ech_blaze = -74.97693863805232
ech_gamma = 1.1402362080996093
echelle_z = 0.07467802117744166
d_col_trf = -1588.018524631826
trf_mirror_tilt_x = 0.13877612162716682
trf_mirror_tilt_y = 0.07753312563139277
d_col_grm = -0.00955181164585785
grism_dec_x = 236.43425914879174
grism_dec_y = 0.03430625165299591
grm_tilt_x = -0.015767998723361477
grm_tilt_y = 2.30436153407348
grm_G = 222.8251677934071
grm_apex = 17.81503204907715
d_grm_cam  = 21.608493061265552
cam_dec_x = -0.30203000535771074
cam_dec_y = 0.25049999724112215
cam_tilt_x = -0.018633838528189596
cam_tilt_y = -0.015154301655579898
d_cam_ff  = -160.40053330114696
ccd_ff_dec_x = -0.0034948748456748125
ccd_ff_dec_y = 0.00027116783897577503
ccd_ff_tilt_x = 0.1459234948228182
ccd_ff_tilt_y = -0.572074525789549
ccd_ff_tilt_z = 0.1725677370427047
d_ff_ccd  = -4.811281261013537
ccd_dec_x = 0.6206550280165991
ccd_dec_y = 5.155281305698407
ccd_defocus = 0.3162003020505514
ccd_tilt_x = 0.007707683688595536
ccd_tilt_y = -0.014193192485808201
ccd_tilt_z = 3.0723377794986086e-06
p = 0.0001