slit_dec_x_a = -0.1704010755187174
slit_dec_y_a = -0.1956586180351446
slit_dec_x_b = 0.175
slit_dec_y_b = -1.677159935307855e-96
slit_defocus = 0.005445758398146367
slit_tilt_x = 1.1860733446301164
slit_tilt_y = -8.540134908809577
slit_tilt_z = -8.990723708633137
d_slit_col = 1594.294609388822
coll_tilt_x = 0.08870159510521135
coll_tilt_y = -0.03206968709828191
ech_G = 31.610672153148993
ech_blaze = -74.97694542248756
ech_gamma = 1.140194104987891
echelle_z = 0.07467718522834889
d_col_trf = -1588.0185163682845
trf_mirror_tilt_x = 0.1388138315726159
trf_mirror_tilt_y = 0.07767758741732932
d_col_grm = -0.009471272808343898
grism_dec_x = 236.43429398070728
grism_dec_y = 0.034058094555702474
grm_tilt_x = -0.015788818916470018
grm_tilt_y = 2.304354469553768
grm_G = 222.82519237703968
grm_apex = 17.815111696889293
d_grm_cam  = 21.60847724490657
cam_dec_x = -0.30198660529477245
cam_dec_y = 0.2503923528446055
cam_tilt_x = -0.018627310950289144
cam_tilt_y = -0.015055859136803752
d_cam_ff  = -160.40117772790487
ccd_ff_dec_x = -0.0035006464435266837
ccd_ff_dec_y = 0.00033842676988502
ccd_ff_tilt_x = 0.14611215516635448
ccd_ff_tilt_y = -0.5720822925465161
ccd_ff_tilt_z = 0.17255102099731479
d_ff_ccd  = -4.811387472071488
ccd_dec_x = 0.6206595194601533
ccd_dec_y = 5.155290085770583
ccd_defocus = 0.31630891412194223
ccd_tilt_x = 0.0075899569159499185
ccd_tilt_y = -0.01407964152573573
ccd_tilt_z = 3.121379128862969e-06
p = 0.0001