slit_dec_x_a = -0.1704010755187174
slit_dec_y_a = -0.1956586180351446
slit_dec_x_b = 0.175
slit_dec_y_b = -1.6021680293325662e-96
slit_defocus = 0.005347224316501002
slit_tilt_x = 1.1861106830184438
slit_tilt_y = -8.540074563566296
slit_tilt_z = -8.990782047647103
d_slit_col = 1594.2945675448952
coll_tilt_x = 0.088748954274415
coll_tilt_y = -0.03200044918035333
ech_G = 31.610674559191995
ech_blaze = -74.97695048289866
ech_gamma = 1.140206968665647
echelle_z = 0.07466243820873958
d_col_trf = -1588.0185163762624
trf_mirror_tilt_x = 0.138788247197011
trf_mirror_tilt_y = 0.07760207841787711
d_col_grm = -0.009429464322111085
grism_dec_x = 236.43416369746902
grism_dec_y = 0.03397801460041129
grm_tilt_x = -0.01575263210472408
grm_tilt_y = 2.3043602580173483
grm_G = 222.82516376686937
grm_apex = 17.815163920353612
d_grm_cam  = 21.60847898736086
cam_dec_x = -0.3019177855157609
cam_dec_y = 0.25039257913257457
cam_tilt_x = -0.0185722437553425
cam_tilt_y = -0.015150828354385184
d_cam_ff  = -160.40131439365544
ccd_ff_dec_x = -0.00349507754149823
ccd_ff_dec_y = 0.0003105764000560578
ccd_ff_tilt_x = 0.14598433233417055
ccd_ff_tilt_y = -0.5720892007311708
ccd_ff_tilt_z = 0.17256219321543842
d_ff_ccd  = -4.811663993376307
ccd_dec_x = 0.6206531847714518
ccd_dec_y = 5.1552954932936945
ccd_defocus = 0.31627645900677404
ccd_tilt_x = 0.007649334288384112
ccd_tilt_y = -0.014082251880413498
ccd_tilt_z = 3.124700816843815e-06
p = 0.0001