slit_dec_x_a = -0.1704010755187174
slit_dec_y_a = -0.1956586180351446
slit_dec_x_b = 0.175
slit_dec_y_b = -1.6833607013401419e-96
slit_defocus = 0.005428173482645776
slit_tilt_x = 1.186117936931224
slit_tilt_y = -8.540000204647754
slit_tilt_z = -8.990786427706686
d_slit_col = 1594.2945425250412
coll_tilt_x = 0.08850359798358232
coll_tilt_y = -0.03202818457609169
ech_G = 31.61066907737223
ech_blaze = -74.97696081225085
ech_gamma = 1.140205303887467
echelle_z = 0.07467323441450621
d_col_trf = -1588.0185183965634
trf_mirror_tilt_x = 0.13888439324997257
trf_mirror_tilt_y = 0.07760096779639039
d_col_grm = -0.009456533193457968
grism_dec_x = 236.43442015016532
grism_dec_y = 0.03427692208450942
grm_tilt_x = -0.01578293095459821
grm_tilt_y = 2.3043672085192015
grm_G = 222.82516972634434
grm_apex = 17.814972630816147
d_grm_cam  = 21.608491346013807
cam_dec_x = -0.3018889047825657
cam_dec_y = 0.25031925586718023
cam_tilt_x = -0.01883542150423836
cam_tilt_y = -0.01508045263004661
d_cam_ff  = -160.40215406188273
ccd_ff_dec_x = -0.003502945012158655
ccd_ff_dec_y = 0.0003492732496289661
ccd_ff_tilt_x = 0.14575639140038446
ccd_ff_tilt_y = -0.5720767293803093
ccd_ff_tilt_z = 0.17257509776130692
d_ff_ccd  = -4.811479934633776
ccd_dec_x = 0.6206541289324404
ccd_dec_y = 5.155280969747589
ccd_defocus = 0.31624229460974407
ccd_tilt_x = 0.007642682919845122
ccd_tilt_y = -0.014053844568964333
ccd_tilt_z = 3.144909543757078e-06
p = 0.0001