slit_dec_x_a = -0.1704010755187174
slit_dec_y_a = -0.1956586180351446
slit_dec_x_b = 0.175
slit_dec_y_b = -1.778314349010319e-96
slit_defocus = 0.005462650495402206
slit_tilt_x = 1.1861524627236397
slit_tilt_y = -8.540032363413902
slit_tilt_z = -8.99069013953483
d_slit_col = 1594.294559934304
coll_tilt_x = 0.08873310035165233
coll_tilt_y = -0.031946521698022215
ech_G = 31.61067798015448
ech_blaze = -74.97694929708835
ech_gamma = 1.1402072625092525
echelle_z = 0.07466231723154645
d_col_trf = -1588.0185213144841
trf_mirror_tilt_x = 0.13881770695815612
trf_mirror_tilt_y = 0.07760351541653443
d_col_grm = -0.00957108636029891
grism_dec_x = 236.4342568953346
grism_dec_y = 0.03411778113496104
grm_tilt_x = -0.015781313622168117
grm_tilt_y = 2.304357006658498
grm_G = 222.82517128884086
grm_apex = 17.815150131599545
d_grm_cam  = 21.608481976485525
cam_dec_x = -0.30193550017145676
cam_dec_y = 0.25036204430127046
cam_tilt_x = -0.018572745645332
cam_tilt_y = -0.015274538783413045
d_cam_ff  = -160.4014631800471
ccd_ff_dec_x = -0.003506840642196482
ccd_ff_dec_y = 0.00039511768019304
ccd_ff_tilt_x = 0.14595051046825258
ccd_ff_tilt_y = -0.5720926044101504
ccd_ff_tilt_z = 0.1725612359532932
d_ff_ccd  = -4.811474233208625
ccd_dec_x = 0.6206694860057314
ccd_dec_y = 5.155289797734038
ccd_defocus = 0.31633002385039866
ccd_tilt_x = 0.007695873469974764
ccd_tilt_y = -0.014057565275141272
ccd_tilt_z = 3.1412347789905795e-06
p = 0.0001