slit_dec_x_a = -0.1704010755187174
slit_dec_y_a = -0.1956586180351446
slit_dec_x_b = 0.175
slit_dec_y_b = -1.7177743327312438e-96
slit_defocus = 0.005376301167250802
slit_tilt_x = 1.1861173425416676
slit_tilt_y = -8.540123355147374
slit_tilt_z = -8.99066646959
d_slit_col = 1594.2945530249672
coll_tilt_x = 0.08869661594476615
coll_tilt_y = -0.03202088246693368
ech_G = 31.610662995446894
ech_blaze = -74.97692886408022
ech_gamma = 1.1402040447469024
echelle_z = 0.07465606889571134
d_col_trf = -1588.0184965296944
trf_mirror_tilt_x = 0.1388065468895699
trf_mirror_tilt_y = 0.07740141919670002
d_col_grm = -0.00965263520205218
grism_dec_x = 236.43432664985974
grism_dec_y = 0.034169374955050555
grm_tilt_x = -0.015754932383515254
grm_tilt_y = 2.304363665659411
grm_G = 222.82519315233688
grm_apex = 17.815241970628158
d_grm_cam  = 21.608482870512564
cam_dec_x = -0.30208802246546446
cam_dec_y = 0.2504296889623862
cam_tilt_x = -0.018500761810139255
cam_tilt_y = -0.015097982679067192
d_cam_ff  = -160.4020860717858
ccd_ff_dec_x = -0.0035162985652835784
ccd_ff_dec_y = 0.00036362479329472657
ccd_ff_tilt_x = 0.14596493286644385
ccd_ff_tilt_y = -0.5720909953792659
ccd_ff_tilt_z = 0.17256166113738378
d_ff_ccd  = -4.811360148762284
ccd_dec_x = 0.6206544903537778
ccd_dec_y = 5.15528147945291
ccd_defocus = 0.31632382775334017
ccd_tilt_x = 0.007834373011452997
ccd_tilt_y = -0.014255439859025044
ccd_tilt_z = 3.116642342060743e-06
p = 0.0001