slit_dec_x_a = -0.1704010755187174
slit_dec_y_a = -0.1956586180351446
slit_dec_x_b = 0.175
slit_dec_y_b = -1.6922471480756678e-96
slit_defocus = 0.0054484798581448035
slit_tilt_x = 1.186165947128943
slit_tilt_y = -8.540084621982077
slit_tilt_z = -8.990869911030144
d_slit_col = 1594.2944649601454
coll_tilt_x = 0.08865272561744843
coll_tilt_y = -0.031984673066185576
ech_G = 31.610670244492134
ech_blaze = -74.97694315632613
ech_gamma = 1.1401900966955136
echelle_z = 0.0746612921636949
d_col_trf = -1588.0185217538058
trf_mirror_tilt_x = 0.13886618248444443
trf_mirror_tilt_y = 0.07765782536300635
d_col_grm = -0.009584077994540688
grism_dec_x = 236.43422477010637
grism_dec_y = 0.03390040104873
grm_tilt_x = -0.01575797910669409
grm_tilt_y = 2.304349280585453
grm_G = 222.82516595926964
grm_apex = 17.815168005328662
d_grm_cam  = 21.60846551162799
cam_dec_x = -0.3019217449113814
cam_dec_y = 0.2502502541617392
cam_tilt_x = -0.01865438070342693
cam_tilt_y = -0.015193615494902299
d_cam_ff  = -160.4017746882422
ccd_ff_dec_x = -0.003520911050501814
ccd_ff_dec_y = 0.0002016591595222903
ccd_ff_tilt_x = 0.1460490315575723
ccd_ff_tilt_y = -0.5720889504020458
ccd_ff_tilt_z = 0.1725836121327252
d_ff_ccd  = -4.81141567685886
ccd_dec_x = 0.6206450321509087
ccd_dec_y = 5.15528553623488
ccd_defocus = 0.31639658149905775
ccd_tilt_x = 0.007693601531930996
ccd_tilt_y = -0.01420147000030266
ccd_tilt_z = 3.097258015581002e-06
p = 0.0001