slit_dec_x_a = -0.1704010755187174
slit_dec_y_a = -0.1956586180351446
slit_dec_x_b = 0.175
slit_dec_y_b = -1.8368927120090894e-96
slit_defocus = 0.005547109465624687
slit_tilt_x = 1.1861000526026162
slit_tilt_y = -8.53994726798965
slit_tilt_z = -8.990869450270312
d_slit_col = 1594.294528523861
coll_tilt_x = 0.08861137284216605
coll_tilt_y = -0.03205717617775065
ech_G = 31.610644885653247
ech_blaze = -74.97694008328556
ech_gamma = 1.1401949363099901
echelle_z = 0.07467250821505544
d_col_trf = -1588.0185211528044
trf_mirror_tilt_x = 0.13866823826827404
trf_mirror_tilt_y = 0.07750074629746555
d_col_grm = -0.009569503718048725
grism_dec_x = 236.4344019356892
grism_dec_y = 0.03415017968638492
grm_tilt_x = -0.01578215016377124
grm_tilt_y = 2.3043512516899582
grm_G = 222.82518101387257
grm_apex = 17.81512795980825
d_grm_cam  = 21.608481860194818
cam_dec_x = -0.30193606876078427
cam_dec_y = 0.2504379728995436
cam_tilt_x = -0.018519549739067182
cam_tilt_y = -0.015059839086740466
d_cam_ff  = -160.40028369757906
ccd_ff_dec_x = -0.0034994186785145555
ccd_ff_dec_y = 0.00026749929617636293
ccd_ff_tilt_x = 0.14610330326860374
ccd_ff_tilt_y = -0.5720824889263678
ccd_ff_tilt_z = 0.17258160415000195
d_ff_ccd  = -4.8114583263375765
ccd_dec_x = 0.6206663718380591
ccd_dec_y = 5.155282984108691
ccd_defocus = 0.3163411951175142
ccd_tilt_x = 0.007584138891146598
ccd_tilt_y = -0.014091592690643853
ccd_tilt_z = 3.0815381840362675e-06
p = 0.0001