slit_dec_x_a = -0.1704010755187174
slit_dec_y_a = -0.1956586180351446
slit_dec_x_b = 0.175
slit_dec_y_b = -1.8108160668813792e-96
slit_defocus = 0.0056256107773762516
slit_tilt_x = 1.1861452928160043
slit_tilt_y = -8.540112813315947
slit_tilt_z = -8.990662154803477
d_slit_col = 1594.2946258593602
coll_tilt_x = 0.08856612082226366
coll_tilt_y = -0.03192013359403569
ech_G = 31.61066807335352
ech_blaze = -74.97694611006848
ech_gamma = 1.1401826076579686
echelle_z = 0.0746720351497383
d_col_trf = -1588.0185167555396
trf_mirror_tilt_x = 0.1388835098197415
trf_mirror_tilt_y = 0.07762244680911179
d_col_grm = -0.009530322302599141
grism_dec_x = 236.43434307524703
grism_dec_y = 0.03410020972116653
grm_tilt_x = -0.015776738787164988
grm_tilt_y = 2.304362994767653
grm_G = 222.82516746214299
grm_apex = 17.815146152886893
d_grm_cam  = 21.608485293109734
cam_dec_x = -0.3020802646357163
cam_dec_y = 0.2502950423433909
cam_tilt_x = -0.018758716457640587
cam_tilt_y = -0.015255480597590696
d_cam_ff  = -160.4014036010846
ccd_ff_dec_x = -0.00350201397323782
ccd_ff_dec_y = 0.00035022613503956815
ccd_ff_tilt_x = 0.1460101558325116
ccd_ff_tilt_y = -0.5720906308079986
ccd_ff_tilt_z = 0.17255337962452888
d_ff_ccd  = -4.811428946985067
ccd_dec_x = 0.620663708369207
ccd_dec_y = 5.155287112726165
ccd_defocus = 0.3163698441870128
ccd_tilt_x = 0.007639976067255834
ccd_tilt_y = -0.014131416480927006
ccd_tilt_z = 3.0781216004674764e-06
p = 0.0001