slit_dec_x_a = -0.1704010755187174
slit_dec_y_a = -0.1956586180351446
slit_dec_x_b = 0.175
slit_dec_y_b = -1.6347602026155855e-96
slit_defocus = 0.0055564017625814996
slit_tilt_x = 1.1861232997900046
slit_tilt_y = -8.540115736446175
slit_tilt_z = -8.990859458672208
d_slit_col = 1594.2947272091942
coll_tilt_x = 0.08851655306088925
coll_tilt_y = -0.031897513201459636
ech_G = 31.610664750462117
ech_blaze = -74.97693988235064
ech_gamma = 1.140208517405587
echelle_z = 0.07467245287686637
d_col_trf = -1588.0185349941055
trf_mirror_tilt_x = 0.13860698595724905
trf_mirror_tilt_y = 0.07755846777059752
d_col_grm = -0.009467035643316683
grism_dec_x = 236.43436109062904
grism_dec_y = 0.03411016708261324
grm_tilt_x = -0.01578839047253622
grm_tilt_y = 2.3043568631549864
grm_G = 222.8251865020085
grm_apex = 17.81516194404863
d_grm_cam  = 21.60846945851599
cam_dec_x = -0.30205357074860517
cam_dec_y = 0.25041118193862777
cam_tilt_x = -0.01886698362290365
cam_tilt_y = -0.01519945355932083
d_cam_ff  = -160.40160571931162
ccd_ff_dec_x = -0.0035102547351576105
ccd_ff_dec_y = 0.00020996251925364074
ccd_ff_tilt_x = 0.14591478435333177
ccd_ff_tilt_y = -0.5720796964203838
ccd_ff_tilt_z = 0.17256202293171605
d_ff_ccd  = -4.811516211155058
ccd_dec_x = 0.6206566193891407
ccd_dec_y = 5.155296389652178
ccd_defocus = 0.3162443757518794
ccd_tilt_x = 0.007640161987943279
ccd_tilt_y = -0.013915300914928222
ccd_tilt_z = 3.125762240049236e-06
p = 0.0001