slit_dec_x_a = -0.1704010755187174
slit_dec_y_a = -0.1956586180351446
slit_dec_x_b = 0.175
slit_dec_y_b = -1.6748613303375622e-96
slit_defocus = 0.005538785137318382
slit_tilt_x = 1.1861519905843791
slit_tilt_y = -8.54008077486219
slit_tilt_z = -8.990798244275501
d_slit_col = 1594.2945535777915
coll_tilt_x = 0.08862059275669273
coll_tilt_y = -0.03202305016131974
ech_G = 31.610671610730822
ech_blaze = -74.97693994722468
ech_gamma = 1.1402078800132815
echelle_z = 0.07467339574947468
d_col_trf = -1588.0185275520025
trf_mirror_tilt_x = 0.13900308723635185
trf_mirror_tilt_y = 0.07757195838648814
d_col_grm = -0.009465737039809892
grism_dec_x = 236.43427076082068
grism_dec_y = 0.034201159096945655
grm_tilt_x = -0.015772522550037537
grm_tilt_y = 2.3043600735530125
grm_G = 222.8251820307362
grm_apex = 17.815096418081588
d_grm_cam  = 21.60848872611909
cam_dec_x = -0.30190937739449836
cam_dec_y = 0.2504068034587394
cam_tilt_x = -0.018797261872100512
cam_tilt_y = -0.015020938663076315
d_cam_ff  = -160.40085726438969
ccd_ff_dec_x = -0.0035102058421727362
ccd_ff_dec_y = 0.00039178655277282933
ccd_ff_tilt_x = 0.14595481277399383
ccd_ff_tilt_y = -0.5720866596601243
ccd_ff_tilt_z = 0.17255811958121947
d_ff_ccd  = -4.811472621322541
ccd_dec_x = 0.6206617770474129
ccd_dec_y = 5.15528355257635
ccd_defocus = 0.31623267409059774
ccd_tilt_x = 0.00766291622491424
ccd_tilt_y = -0.014200014696167084
ccd_tilt_z = 3.1054257199004614e-06
p = 0.0001