slit_dec_x_a = -0.1704010755187174
slit_dec_y_a = -0.1956586180351446
slit_dec_x_b = 0.175
slit_dec_y_b = -2.0945528181523422e-96
slit_defocus = 0.005452299838887199
slit_tilt_x = 1.1861032396788833
slit_tilt_y = -8.539917815269572
slit_tilt_z = -8.990892743540034
d_slit_col = 1594.2946665889647
coll_tilt_x = 0.08871077360724827
coll_tilt_y = -0.032000873730268595
ech_G = 31.61066394809865
ech_blaze = -74.97693918677217
ech_gamma = 1.1402053898416702
echelle_z = 0.07465515863498155
d_col_trf = -1588.0185076083244
trf_mirror_tilt_x = 0.1387178437463185
trf_mirror_tilt_y = 0.0778362282968419
d_col_grm = -0.009600203770303767
grism_dec_x = 236.43430886605222
grism_dec_y = 0.03417220085208819
grm_tilt_x = -0.01575952065885831
grm_tilt_y = 2.3043527883386448
grm_G = 222.82516801333705
grm_apex = 17.81520324283648
d_grm_cam  = 21.608478597192203
cam_dec_x = -0.3019732391501764
cam_dec_y = 0.2505689962461094
cam_tilt_x = -0.018536127755516642
cam_tilt_y = -0.015115172002827292
d_cam_ff  = -160.40097720966943
ccd_ff_dec_x = -0.003510501348167044
ccd_ff_dec_y = 0.00029994607279123673
ccd_ff_tilt_x = 0.14597777939501833
ccd_ff_tilt_y = -0.572070175337597
ccd_ff_tilt_z = 0.1725951114655548
d_ff_ccd  = -4.811270840469219
ccd_dec_x = 0.6206550522256047
ccd_dec_y = 5.155269896272813
ccd_defocus = 0.31630732095560055
ccd_tilt_x = 0.007619989272815361
ccd_tilt_y = -0.014244111312394581
ccd_tilt_z = 3.140982446112232e-06
p = 0.0001