slit_dec_x_a = -0.1704010755187174
slit_dec_y_a = -0.1956586180351446
slit_dec_x_b = 0.175
slit_dec_y_b = -1.7535076152293995e-96
slit_defocus = 0.005551662915991536
slit_tilt_x = 1.1861820681583979
slit_tilt_y = -8.540118884068097
slit_tilt_z = -8.99073116141895
d_slit_col = 1594.294657819669
coll_tilt_x = 0.08871103281916543
coll_tilt_y = -0.03202184623317104
ech_G = 31.61066501449132
ech_blaze = -74.97695393537023
ech_gamma = 1.1402115163439526
echelle_z = 0.0746687812062333
d_col_trf = -1588.018531094574
trf_mirror_tilt_x = 0.13866905485154948
trf_mirror_tilt_y = 0.0776339849863942
d_col_grm = -0.00941155116295455
grism_dec_x = 236.43407935520406
grism_dec_y = 0.034064156763536496
grm_tilt_x = -0.01578615740720523
grm_tilt_y = 2.304342666581081
grm_G = 222.82518529315286
grm_apex = 17.815068599834625
d_grm_cam  = 21.60847868555312
cam_dec_x = -0.3019529078213386
cam_dec_y = 0.2505077084304006
cam_tilt_x = -0.01849713370256751
cam_tilt_y = -0.015123536311615133
d_cam_ff  = -160.40149893870765
ccd_ff_dec_x = -0.0034747542013807246
ccd_ff_dec_y = 0.00040926922249313614
ccd_ff_tilt_x = 0.14621332667041634
ccd_ff_tilt_y = -0.5721021438650986
ccd_ff_tilt_z = 0.17256915413538806
d_ff_ccd  = -4.811468271892853
ccd_dec_x = 0.6206640392737277
ccd_dec_y = 5.155295281089891
ccd_defocus = 0.31630178719370855
ccd_tilt_x = 0.007830350001086417
ccd_tilt_y = -0.014087905846665649
ccd_tilt_z = 3.111813905101234e-06
p = 0.0001