slit_dec_x_a = -0.1704010755187174
slit_dec_y_a = -0.1956586180351446
slit_dec_x_b = 0.175
slit_dec_y_b = -1.7155329499046059e-96
slit_defocus = 0.005368438746216698
slit_tilt_x = 1.1862295138453156
slit_tilt_y = -8.54011171323102
slit_tilt_z = -8.990841744673983
d_slit_col = 1594.2946933812918
coll_tilt_x = 0.08865507942329082
coll_tilt_y = -0.03201066966494779
ech_G = 31.61066349826703
ech_blaze = -74.9769352698619
ech_gamma = 1.1401975440583207
echelle_z = 0.0746787337903217
d_col_trf = -1588.018518183703
trf_mirror_tilt_x = 0.13884632180021306
trf_mirror_tilt_y = 0.07751710229039059
d_col_grm = -0.009601649746461929
grism_dec_x = 236.43425485195002
grism_dec_y = 0.03423331551685318
grm_tilt_x = -0.015767716555878462
grm_tilt_y = 2.30435084973929
grm_G = 222.82517900556024
grm_apex = 17.81515591826139
d_grm_cam  = 21.60849819899655
cam_dec_x = -0.30181906371348655
cam_dec_y = 0.2504769881064368
cam_tilt_x = -0.018677700227300517
cam_tilt_y = -0.015113420458712747
d_cam_ff  = -160.4024111102513
ccd_ff_dec_x = -0.0035021581047792053
ccd_ff_dec_y = 0.00036782975729412283
ccd_ff_tilt_x = 0.14610936163169505
ccd_ff_tilt_y = -0.5720821161030706
ccd_ff_tilt_z = 0.17257237870505684
d_ff_ccd  = -4.811456445880171
ccd_dec_x = 0.6206536880593251
ccd_dec_y = 5.155281618931462
ccd_defocus = 0.3164955319362546
ccd_tilt_x = 0.007702600363357432
ccd_tilt_y = -0.014039574013575803
ccd_tilt_z = 3.1157743140529223e-06
p = 0.0001