slit_dec_x_a = -0.1704010755187174
slit_dec_y_a = -0.1956586180351446
slit_dec_x_b = 0.175
slit_dec_y_b = -1.785834477187582e-96
slit_defocus = 0.005688388477135971
slit_tilt_x = 1.1860543711762974
slit_tilt_y = -8.540013334089371
slit_tilt_z = -8.990755265231014
d_slit_col = 1594.2945919249964
coll_tilt_x = 0.0886673097411708
coll_tilt_y = -0.03201374678748733
ech_G = 31.610675460010988
ech_blaze = -74.97695613191158
ech_gamma = 1.1401844811150397
echelle_z = 0.0746748269321789
d_col_trf = -1588.0185063667127
trf_mirror_tilt_x = 0.13888901123812086
trf_mirror_tilt_y = 0.07761849002724401
d_col_grm = -0.009549532988854696
grism_dec_x = 236.43420019239568
grism_dec_y = 0.03427513038911555
grm_tilt_x = -0.015768883123501092
grm_tilt_y = 2.304350082310085
grm_G = 222.82518821291313
grm_apex = 17.81508312572442
d_grm_cam  = 21.608477178051746
cam_dec_x = -0.30175212964396403
cam_dec_y = 0.2503391823843951
cam_tilt_x = -0.018704141065865806
cam_tilt_y = -0.015188122184973495
d_cam_ff  = -160.40139736936072
ccd_ff_dec_x = -0.0035077103658647953
ccd_ff_dec_y = 0.00045616473955493515
ccd_ff_tilt_x = 0.14597097429550712
ccd_ff_tilt_y = -0.5720728523290242
ccd_ff_tilt_z = 0.17256997463776833
d_ff_ccd  = -4.811360128018573
ccd_dec_x = 0.6206735248065094
ccd_dec_y = 5.155286976097982
ccd_defocus = 0.31644600055131117
ccd_tilt_x = 0.00786214595408088
ccd_tilt_y = -0.014289609247351188
ccd_tilt_z = 3.154734091273133e-06
p = 0.0001