slit_dec_x_a = -0.1704010755187174
slit_dec_y_a = -0.1956586180351446
slit_dec_x_b = 0.175
slit_dec_y_b = -1.8684532436674918e-96
slit_defocus = 0.005659884653997811
slit_tilt_x = 1.1862047896225962
slit_tilt_y = -8.540067487974431
slit_tilt_z = -8.990829711583379
d_slit_col = 1594.2946523669837
coll_tilt_x = 0.08870286019833143
coll_tilt_y = -0.03198578747148871
ech_G = 31.610668451733257
ech_blaze = -74.97693799832626
ech_gamma = 1.140211136507815
echelle_z = 0.07466337919468335
d_col_trf = -1588.0185178329007
trf_mirror_tilt_x = 0.1388064618769803
trf_mirror_tilt_y = 0.07753099932162538
d_col_grm = -0.009375013425833396
grism_dec_x = 236.43431568962075
grism_dec_y = 0.034282938380841906
grm_tilt_x = -0.0157730943128961
grm_tilt_y = 2.3043634963706086
grm_G = 222.82517154240338
grm_apex = 17.81523902041902
d_grm_cam  = 21.608495077398032
cam_dec_x = -0.3017167479197452
cam_dec_y = 0.2505639445319724
cam_tilt_x = -0.018612603182195805
cam_tilt_y = -0.015142973597051612
d_cam_ff  = -160.40136046277027
ccd_ff_dec_x = -0.003499903268497683
ccd_ff_dec_y = 0.00013942589498855702
ccd_ff_tilt_x = 0.14600596032613591
ccd_ff_tilt_y = -0.5720751090395887
ccd_ff_tilt_z = 0.1725538115664529
d_ff_ccd  = -4.811308084238595
ccd_dec_x = 0.6206602353904215
ccd_dec_y = 5.155277112342857
ccd_defocus = 0.3163662507112447
ccd_tilt_x = 0.007745677144255468
ccd_tilt_y = -0.0140531779321775
ccd_tilt_z = 3.1198389347072773e-06
p = 0.0001