slit_dec_x_a = -0.1704010755187174
slit_dec_y_a = -0.1956586180351446
slit_dec_x_b = 0.175
slit_dec_y_b = -1.810358598921386e-96
slit_defocus = 0.005504732475050276
slit_tilt_x = 1.1861161672987353
slit_tilt_y = -8.540141644011417
slit_tilt_z = -8.990505909468114
d_slit_col = 1594.2944156323322
coll_tilt_x = 0.08876906101152729
coll_tilt_y = -0.03195666830648609
ech_G = 31.610670098634454
ech_blaze = -74.97693834619282
ech_gamma = 1.14021488790637
echelle_z = 0.07467112159713024
d_col_trf = -1588.0185252232677
trf_mirror_tilt_x = 0.13860707462204236
trf_mirror_tilt_y = 0.07750232378810878
d_col_grm = -0.00956040401490266
grism_dec_x = 236.43430170661034
grism_dec_y = 0.034022438792049976
grm_tilt_x = -0.015785403071519807
grm_tilt_y = 2.304379240411604
grm_G = 222.82518033868197
grm_apex = 17.815047958625378
d_grm_cam  = 21.60849855512664
cam_dec_x = -0.30183464841600965
cam_dec_y = 0.25032612577007074
cam_tilt_x = -0.01847832674704262
cam_tilt_y = -0.015279352812735148
d_cam_ff  = -160.40107663021496
ccd_ff_dec_x = -0.0035000881753102977
ccd_ff_dec_y = 0.00031319220931732655
ccd_ff_tilt_x = 0.14592578692751665
ccd_ff_tilt_y = -0.5720947324237574
ccd_ff_tilt_z = 0.17255861894559266
d_ff_ccd  = -4.811402377392586
ccd_dec_x = 0.6206547598707496
ccd_dec_y = 5.15528703670043
ccd_defocus = 0.3163578443607996
ccd_tilt_x = 0.007561962161014857
ccd_tilt_y = -0.014104594711361843
ccd_tilt_z = 3.041068790926434e-06
p = 0.0001