slit_dec_x_a = -0.1704010755187174
slit_dec_y_a = -0.1956586180351446
slit_dec_x_b = 0.175
slit_dec_y_b = -1.770989906697809e-96
slit_defocus = 0.005432466053211511
slit_tilt_x = 1.1861069174019068
slit_tilt_y = -8.539963157958347
slit_tilt_z = -8.990708073878789
d_slit_col = 1594.2946324627042
coll_tilt_x = 0.08857664312389411
coll_tilt_y = -0.03195660213683447
ech_G = 31.610651318690813
ech_blaze = -74.97692921044157
ech_gamma = 1.1402171439719284
echelle_z = 0.07466927676399536
d_col_trf = -1588.018500986497
trf_mirror_tilt_x = 0.13868198727741712
trf_mirror_tilt_y = 0.07759257544906341
d_col_grm = -0.009880558142869242
grism_dec_x = 236.43429482609582
grism_dec_y = 0.03420071850215302
grm_tilt_x = -0.015775832504695404
grm_tilt_y = 2.3043382664369485
grm_G = 222.82515914557436
grm_apex = 17.815010884695916
d_grm_cam  = 21.608480123406327
cam_dec_x = -0.3018523246868298
cam_dec_y = 0.2503254866673109
cam_tilt_x = -0.018653019021169174
cam_tilt_y = -0.015274083960336648
d_cam_ff  = -160.40184991219203
ccd_ff_dec_x = -0.003508286607417777
ccd_ff_dec_y = 0.00029593035752559536
ccd_ff_tilt_x = 0.14615307259126797
ccd_ff_tilt_y = -0.5720946483010483
ccd_ff_tilt_z = 0.17256562928504607
d_ff_ccd  = -4.811433273068239
ccd_dec_x = 0.620664541388767
ccd_dec_y = 5.155282795304173
ccd_defocus = 0.31640848322793486
ccd_tilt_x = 0.007747867335718553
ccd_tilt_y = -0.013958766969208995
ccd_tilt_z = 3.1530389981536606e-06
p = 0.0001