slit_dec_x_a = -0.1704010755187174
slit_dec_y_a = -0.1956586180351446
slit_dec_x_b = 0.175
slit_dec_y_b = -1.6643671877734453e-96
slit_defocus = 0.005540657615675904
slit_tilt_x = 1.186015439327064
slit_tilt_y = -8.540144807921479
slit_tilt_z = -8.990636502784906
d_slit_col = 1594.2946055267205
coll_tilt_x = 0.088562467057838
coll_tilt_y = -0.032030143212187806
ech_G = 31.610672134207075
ech_blaze = -74.976943833975
ech_gamma = 1.1401963347296116
echelle_z = 0.07466542106888932
d_col_trf = -1588.0185046118197
trf_mirror_tilt_x = 0.13882670183914084
trf_mirror_tilt_y = 0.07759021030923963
d_col_grm = -0.00940813119814785
grism_dec_x = 236.4342234379533
grism_dec_y = 0.03403730189233929
grm_tilt_x = -0.015787739981899283
grm_tilt_y = 2.304361731157249
grm_G = 222.82517801551398
grm_apex = 17.81509253200957
d_grm_cam  = 21.608495392332276
cam_dec_x = -0.30188308071813036
cam_dec_y = 0.2504070191684885
cam_tilt_x = -0.018803977302139018
cam_tilt_y = -0.015042900247154243
d_cam_ff  = -160.40140851822923
ccd_ff_dec_x = -0.003506335972829571
ccd_ff_dec_y = 0.00019376459966962035
ccd_ff_tilt_x = 0.14611182555261712
ccd_ff_tilt_y = -0.5720724956068024
ccd_ff_tilt_z = 0.1725749431675385
d_ff_ccd  = -4.811427112917138
ccd_dec_x = 0.620658404062358
ccd_dec_y = 5.155293093135933
ccd_defocus = 0.3165602696400131
ccd_tilt_x = 0.007825524697887394
ccd_tilt_y = -0.014068242026344172
ccd_tilt_z = 3.1349489025219074e-06
p = 0.0001