slit_dec_x_a = -0.1704010755187174
slit_dec_y_a = -0.1956586180351446
slit_dec_x_b = 0.175
slit_dec_y_b = -1.795500490991874e-96
slit_defocus = 0.005400120432394189
slit_tilt_x = 1.1862318120840296
slit_tilt_y = -8.540082836041984
slit_tilt_z = -8.991082804460948
d_slit_col = 1594.2946152779189
coll_tilt_x = 0.08869650083805254
coll_tilt_y = -0.03206700305460195
ech_G = 31.61065911252243
ech_blaze = -74.97695196595642
ech_gamma = 1.1402042213392265
echelle_z = 0.07466494710269475
d_col_trf = -1588.018515182363
trf_mirror_tilt_x = 0.13883775420397532
trf_mirror_tilt_y = 0.07788453569405963
d_col_grm = -0.009384165412107258
grism_dec_x = 236.4342687773327
grism_dec_y = 0.0341458464026738
grm_tilt_x = -0.015774684841459188
grm_tilt_y = 2.304353580658537
grm_G = 222.82517980288415
grm_apex = 17.815149358313306
d_grm_cam  = 21.608486956625736
cam_dec_x = -0.3019520658652415
cam_dec_y = 0.25033931211122445
cam_tilt_x = -0.018531142743879903
cam_tilt_y = -0.014997908891164645
d_cam_ff  = -160.4014274679939
ccd_ff_dec_x = -0.003497115503852589
ccd_ff_dec_y = 0.00012937300632063264
ccd_ff_tilt_x = 0.14597857934027994
ccd_ff_tilt_y = -0.5720926330166122
ccd_ff_tilt_z = 0.17256553531776495
d_ff_ccd  = -4.811410046351828
ccd_dec_x = 0.6206665801946866
ccd_dec_y = 5.155279369274051
ccd_defocus = 0.31636896192934494
ccd_tilt_x = 0.007657994715139157
ccd_tilt_y = -0.014047357467650482
ccd_tilt_z = 3.0560951073413704e-06
p = 0.0001