slit_dec_x_a = -0.1704010755187174
slit_dec_y_a = -0.1956586180351446
slit_dec_x_b = 0.175
slit_dec_y_b = -1.7991861373259613e-96
slit_defocus = 0.00551868794908827
slit_tilt_x = 1.186119264401521
slit_tilt_y = -8.53992690906465
slit_tilt_z = -8.990659301622268
d_slit_col = 1594.2946975996758
coll_tilt_x = 0.08865688784217692
coll_tilt_y = -0.03201410574260661
ech_G = 31.610669984381772
ech_blaze = -74.97693623438771
ech_gamma = 1.1402123130609316
echelle_z = 0.07467628147261872
d_col_trf = -1588.0185071137323
trf_mirror_tilt_x = 0.1388990700776351
trf_mirror_tilt_y = 0.07751719383459976
d_col_grm = -0.009603189781650515
grism_dec_x = 236.43425256839132
grism_dec_y = 0.03406608068795547
grm_tilt_x = -0.015766953485367653
grm_tilt_y = 2.3043841168805157
grm_G = 222.82515983870616
grm_apex = 17.815120769406256
d_grm_cam  = 21.608485218630427
cam_dec_x = -0.30190329830353674
cam_dec_y = 0.2503189886697798
cam_tilt_x = -0.018666490587854703
cam_tilt_y = -0.015125131677380244
d_cam_ff  = -160.40192663252782
ccd_ff_dec_x = -0.003507210220422216
ccd_ff_dec_y = 0.0003642722057257023
ccd_ff_tilt_x = 0.146069810846084
ccd_ff_tilt_y = -0.5720754904222065
ccd_ff_tilt_z = 0.17255414455734258
d_ff_ccd  = -4.811418003356777
ccd_dec_x = 0.620653182949556
ccd_dec_y = 5.155273555814293
ccd_defocus = 0.3163353571426032
ccd_tilt_x = 0.007819045158853259
ccd_tilt_y = -0.014136771740118034
ccd_tilt_z = 3.1182319409838066e-06
p = 0.0001