slit_dec_x_a = -0.1704010755187174
slit_dec_y_a = -0.1956586180351446
slit_dec_x_b = 0.175
slit_dec_y_b = -1.7124141556452775e-96
slit_defocus = 0.00558652509363056
slit_tilt_x = 1.1860838832814942
slit_tilt_y = -8.540105199544017
slit_tilt_z = -8.99103570717197
d_slit_col = 1594.2946205700694
coll_tilt_x = 0.08867760390518084
coll_tilt_y = -0.03200613169027891
ech_G = 31.610668294202156
ech_blaze = -74.97694988979515
ech_gamma = 1.1402157963722082
echelle_z = 0.07468252838638711
d_col_trf = -1588.018528107053
trf_mirror_tilt_x = 0.13874881463334024
trf_mirror_tilt_y = 0.07751483659054674
d_col_grm = -0.00947063022949171
grism_dec_x = 236.43424090376664
grism_dec_y = 0.034052054656935726
grm_tilt_x = -0.01576812123187448
grm_tilt_y = 2.3043691468474674
grm_G = 222.82517868640056
grm_apex = 17.815050584343478
d_grm_cam  = 21.608497019995795
cam_dec_x = -0.3019963608902508
cam_dec_y = 0.2503822570392905
cam_tilt_x = -0.018612910845927567
cam_tilt_y = -0.015160510753869195
d_cam_ff  = -160.40202375264218
ccd_ff_dec_x = -0.0035102196484342357
ccd_ff_dec_y = 0.00023461309014349106
ccd_ff_tilt_x = 0.1459168620050248
ccd_ff_tilt_y = -0.5720869864645559
ccd_ff_tilt_z = 0.17257760830831664
d_ff_ccd  = -4.811465117028039
ccd_dec_x = 0.6206789887124247
ccd_dec_y = 5.1552882784857195
ccd_defocus = 0.31631530717004025
ccd_tilt_x = 0.007768665442753861
ccd_tilt_y = -0.014055128185630447
ccd_tilt_z = 3.141797454861034e-06
p = 0.0001