slit_dec_x_a = -0.1704010755187174
slit_dec_y_a = -0.1956586180351446
slit_dec_x_b = 0.175
slit_dec_y_b = -1.7299189269242053e-96
slit_defocus = 0.005490398539899273
slit_tilt_x = 1.1861558542511557
slit_tilt_y = -8.53995626220572
slit_tilt_z = -8.990765358833759
d_slit_col = 1594.2945169419131
coll_tilt_x = 0.08856826762395402
coll_tilt_y = -0.031927316455326364
ech_G = 31.61067693345224
ech_blaze = -74.97694146919437
ech_gamma = 1.1402122560712307
echelle_z = 0.07466948929334402
d_col_trf = -1588.0185077637047
trf_mirror_tilt_x = 0.13882436798991313
trf_mirror_tilt_y = 0.07754924210080558
d_col_grm = -0.00952062947814632
grism_dec_x = 236.43426483511752
grism_dec_y = 0.034204723942137305
grm_tilt_x = -0.01577024245827396
grm_tilt_y = 2.304357025630864
grm_G = 222.82518425542642
grm_apex = 17.815086195157974
d_grm_cam  = 21.60848941324351
cam_dec_x = -0.30206855254913256
cam_dec_y = 0.250393886665891
cam_tilt_x = -0.018849423889638735
cam_tilt_y = -0.015191124480688996
d_cam_ff  = -160.40132334215284
ccd_ff_dec_x = -0.0035164667407417563
ccd_ff_dec_y = 0.00041413537977931226
ccd_ff_tilt_x = 0.1458986297365193
ccd_ff_tilt_y = -0.5720872582127389
ccd_ff_tilt_z = 0.17257845273483638
d_ff_ccd  = -4.811318553887993
ccd_dec_x = 0.6206663596639174
ccd_dec_y = 5.1552860955327136
ccd_defocus = 0.3161530252196404
ccd_tilt_x = 0.007595500628498691
ccd_tilt_y = -0.01409605135549926
ccd_tilt_z = 3.1175850159702e-06
p = 0.0001