slit_dec_x_a = -0.1704010755187174
slit_dec_y_a = -0.1956586180351446
slit_dec_x_b = 0.175
slit_dec_y_b = -1.996474794170348e-96
slit_defocus = 0.005420328253028096
slit_tilt_x = 1.1860268623191694
slit_tilt_y = -8.540121157236959
slit_tilt_z = -8.990735930126672
d_slit_col = 1594.2947689948026
coll_tilt_x = 0.08873372429438
coll_tilt_y = -0.03206860618747176
ech_G = 31.610677626607277
ech_blaze = -74.97694105788688
ech_gamma = 1.1402014488992982
echelle_z = 0.0746640948127484
d_col_trf = -1588.0185103281153
trf_mirror_tilt_x = 0.13890491006146055
trf_mirror_tilt_y = 0.07760435527390934
d_col_grm = -0.009486806389936792
grism_dec_x = 236.43424432698166
grism_dec_y = 0.0340312442761766
grm_tilt_x = -0.015760571514432064
grm_tilt_y = 2.304340597222215
grm_G = 222.8251750583296
grm_apex = 17.81488210850784
d_grm_cam  = 21.608492739303784
cam_dec_x = -0.3019420983682031
cam_dec_y = 0.2501383001462988
cam_tilt_x = -0.01863722332351738
cam_tilt_y = -0.015144445438479042
d_cam_ff  = -160.40086526228205
ccd_ff_dec_x = -0.003510796237524229
ccd_ff_dec_y = 0.00036408044146642616
ccd_ff_tilt_x = 0.14623484477182563
ccd_ff_tilt_y = -0.5720762715811817
ccd_ff_tilt_z = 0.17255925718500245
d_ff_ccd  = -4.811316963756008
ccd_dec_x = 0.6206569406115334
ccd_dec_y = 5.155287885188359
ccd_defocus = 0.3163783507301193
ccd_tilt_x = 0.007629629411214357
ccd_tilt_y = -0.014085030070789633
ccd_tilt_z = 3.130956829493755e-06
p = 0.0001