slit_dec_x_a = -0.1704010755187174
slit_dec_y_a = -0.1956586180351446
slit_dec_x_b = 0.175
slit_dec_y_b = -1.6944042843814101e-96
slit_defocus = 0.00555972632094573
slit_tilt_x = 1.186172308369171
slit_tilt_y = -8.540300039939677
slit_tilt_z = -8.990586811754135
d_slit_col = 1594.2947573037504
coll_tilt_x = 0.08880637073491719
coll_tilt_y = -0.03210665551724027
ech_G = 31.610671530691217
ech_blaze = -74.97694931428966
ech_gamma = 1.1401888756574796
echelle_z = 0.07467303104895431
d_col_trf = -1588.0185053496587
trf_mirror_tilt_x = 0.1387064885517888
trf_mirror_tilt_y = 0.07751410719603645
d_col_grm = -0.009658749131839605
grism_dec_x = 236.43435682048872
grism_dec_y = 0.0342157824337716
grm_tilt_x = -0.015770265427425934
grm_tilt_y = 2.3043792097370397
grm_G = 222.82517434081095
grm_apex = 17.814961850755143
d_grm_cam  = 21.6084798939668
cam_dec_x = -0.3019098719762872
cam_dec_y = 0.2504444375940178
cam_tilt_x = -0.018496508596635496
cam_tilt_y = -0.015092384755654711
d_cam_ff  = -160.401755834088
ccd_ff_dec_x = -0.003493952082519412
ccd_ff_dec_y = 0.0002765571341315184
ccd_ff_tilt_x = 0.14591122466247758
ccd_ff_tilt_y = -0.5720905628125824
ccd_ff_tilt_z = 0.17255310367100776
d_ff_ccd  = -4.811335599925125
ccd_dec_x = 0.6206560626722409
ccd_dec_y = 5.1552689271428305
ccd_defocus = 0.3163324021255637
ccd_tilt_x = 0.007777560128842674
ccd_tilt_y = -0.014079183756080162
ccd_tilt_z = 3.1179625024784493e-06
p = 0.0001