slit_dec_x_a = -0.1704010755187174
slit_dec_y_a = -0.1956586180351446
slit_dec_x_b = 0.175
slit_dec_y_b = -1.7621727859631016e-96
slit_defocus = 0.005556864254464987
slit_tilt_x = 1.1861084328197427
slit_tilt_y = -8.540166791681369
slit_tilt_z = -8.990943459087875
d_slit_col = 1594.294651665034
coll_tilt_x = 0.08863461728670381
coll_tilt_y = -0.03201522370584962
ech_G = 31.610660673292642
ech_blaze = -74.97692139459187
ech_gamma = 1.140178697100622
echelle_z = 0.0746614420088188
d_col_trf = -1588.0185190399106
trf_mirror_tilt_x = 0.13894179538972792
trf_mirror_tilt_y = 0.07751944260785566
d_col_grm = -0.009506803045330792
grism_dec_x = 236.43426829611965
grism_dec_y = 0.03433894154215879
grm_tilt_x = -0.015776229730489737
grm_tilt_y = 2.3043504679363447
grm_G = 222.82517987232308
grm_apex = 17.815117979266216
d_grm_cam  = 21.60849969494987
cam_dec_x = -0.3019978298182446
cam_dec_y = 0.2501818462142759
cam_tilt_x = -0.018601544346093644
cam_tilt_y = -0.01516702501666131
d_cam_ff  = -160.4008321839545
ccd_ff_dec_x = -0.0035199072434837575
ccd_ff_dec_y = 0.00037555148187906574
ccd_ff_tilt_x = 0.14594782409996868
ccd_ff_tilt_y = -0.572089853574842
ccd_ff_tilt_z = 0.1725605071445174
d_ff_ccd  = -4.8115095891661115
ccd_dec_x = 0.6206514603291997
ccd_dec_y = 5.1552708435825485
ccd_defocus = 0.31629904073552134
ccd_tilt_x = 0.007694749646696169
ccd_tilt_y = -0.013946383089966045
ccd_tilt_z = 3.1545937582737185e-06
p = 0.0001