slit_dec_x_a = -0.1704010755187174
slit_dec_y_a = -0.1956586180351446
slit_dec_x_b = 0.175
slit_dec_y_b = -1.6207157772982455e-96
slit_defocus = 0.005634125644561757
slit_tilt_x = 1.186266568040659
slit_tilt_y = -8.540098849107464
slit_tilt_z = -8.990667913300225
d_slit_col = 1594.294759315241
coll_tilt_x = 0.0885720796158603
coll_tilt_y = -0.0319154116921214
ech_G = 31.610655650987237
ech_blaze = -74.97694201044425
ech_gamma = 1.1402219248601648
echelle_z = 0.07467688296401571
d_col_trf = -1588.0185251673236
trf_mirror_tilt_x = 0.1389629035047619
trf_mirror_tilt_y = 0.077537243490069
d_col_grm = -0.009499331788929992
grism_dec_x = 236.4341843619605
grism_dec_y = 0.034193904464879826
grm_tilt_x = -0.015774618533611506
grm_tilt_y = 2.3043631521547736
grm_G = 222.82518494595934
grm_apex = 17.815215258259798
d_grm_cam  = 21.608480032458047
cam_dec_x = -0.3019350835769568
cam_dec_y = 0.25033996606411546
cam_tilt_x = -0.01868593943057021
cam_tilt_y = -0.01524147004218361
d_cam_ff  = -160.40086649171957
ccd_ff_dec_x = -0.003505360804346317
ccd_ff_dec_y = 0.00046144930275293227
ccd_ff_tilt_x = 0.14609398793686987
ccd_ff_tilt_y = -0.5720968992551283
ccd_ff_tilt_z = 0.17257465158398938
d_ff_ccd  = -4.81150136391045
ccd_dec_x = 0.6206378934980524
ccd_dec_y = 5.155280672789748
ccd_defocus = 0.3164084805258
ccd_tilt_x = 0.0078072307504881274
ccd_tilt_y = -0.014085630170861748
ccd_tilt_z = 3.1052937534590608e-06
p = 0.0001