slit_dec_x_a = -0.1704010755187174
slit_dec_y_a = -0.1956586180351446
slit_dec_x_b = 0.175
slit_dec_y_b = -1.8673448130606465e-96
slit_defocus = 0.005444364645569802
slit_tilt_x = 1.1862762921495777
slit_tilt_y = -8.540057961353707
slit_tilt_z = -8.990816787372522
d_slit_col = 1594.2946775064577
coll_tilt_x = 0.08870839161366548
coll_tilt_y = -0.03212259222474114
ech_G = 31.61067121975955
ech_blaze = -74.9769361164382
ech_gamma = 1.1401981280473814
echelle_z = 0.07465759825640263
d_col_trf = -1588.018504044865
trf_mirror_tilt_x = 0.13891071620335135
trf_mirror_tilt_y = 0.07773419523646563
d_col_grm = -0.009413591807087613
grism_dec_x = 236.43424008481634
grism_dec_y = 0.03423875212119256
grm_tilt_x = -0.01577084524629056
grm_tilt_y = 2.3043642679559935
grm_G = 222.8251853403586
grm_apex = 17.815018718396054
d_grm_cam  = 21.60847320205526
cam_dec_x = -0.30206658973653416
cam_dec_y = 0.2503625917806332
cam_tilt_x = -0.018659330640767354
cam_tilt_y = -0.014970075351295862
d_cam_ff  = -160.40111878473692
ccd_ff_dec_x = -0.0035225296940126186
ccd_ff_dec_y = 0.000402031573913717
ccd_ff_tilt_x = 0.146074485898179
ccd_ff_tilt_y = -0.5720694179209035
ccd_ff_tilt_z = 0.17255577155276117
d_ff_ccd  = -4.811549174669251
ccd_dec_x = 0.620650830025117
ccd_dec_y = 5.155285433716136
ccd_defocus = 0.3164227178387236
ccd_tilt_x = 0.007514977698764198
ccd_tilt_y = -0.014164612600205382
ccd_tilt_z = 3.086018452891723e-06
p = 0.0001