slit_dec_x_a = -0.1704010755187174
slit_dec_y_a = -0.1956586180351446
slit_dec_x_b = 0.175
slit_dec_y_b = -1.747704109176535e-96
slit_defocus = 0.005503381018030676
slit_tilt_x = 1.1861957348549164
slit_tilt_y = -8.54009419828372
slit_tilt_z = -8.990765847610316
d_slit_col = 1594.2945315049626
coll_tilt_x = 0.08879242700172967
coll_tilt_y = -0.03202731473751866
ech_G = 31.61067981106499
ech_blaze = -74.97695345979811
ech_gamma = 1.1401972966561038
echelle_z = 0.07467516368318358
d_col_trf = -1588.018509363364
trf_mirror_tilt_x = 0.13874455809779015
trf_mirror_tilt_y = 0.07747689940682306
d_col_grm = -0.009504507398704655
grism_dec_x = 236.43439893318308
grism_dec_y = 0.03405422854493187
grm_tilt_x = -0.015759457528333135
grm_tilt_y = 2.304380147746156
grm_G = 222.82519466006045
grm_apex = 17.815311437258632
d_grm_cam  = 21.608465865729656
cam_dec_x = -0.3020865619101878
cam_dec_y = 0.25038469520650625
cam_tilt_x = -0.01857636683557074
cam_tilt_y = -0.015033115123246609
d_cam_ff  = -160.4010951956726
ccd_ff_dec_x = -0.003507422478905995
ccd_ff_dec_y = 0.00024239833985682352
ccd_ff_tilt_x = 0.145907590449747
ccd_ff_tilt_y = -0.5720838544137725
ccd_ff_tilt_z = 0.1725723906794846
d_ff_ccd  = -4.811315971869895
ccd_dec_x = 0.6206692996479651
ccd_dec_y = 5.15529575603098
ccd_defocus = 0.31643069357983983
ccd_tilt_x = 0.007533558132559201
ccd_tilt_y = -0.014182025132635195
ccd_tilt_z = 3.098500285928369e-06
p = 0.0001