slit_dec_x_a = -0.1704010755187174
slit_dec_y_a = -0.1956586180351446
slit_dec_x_b = 0.175
slit_dec_y_b = -1.763454985162827e-96
slit_defocus = 0.005333672926690516
slit_tilt_x = 1.1860863498765963
slit_tilt_y = -8.54011895535434
slit_tilt_z = -8.990537682289908
d_slit_col = 1594.2944170322505
coll_tilt_x = 0.08867272418235984
coll_tilt_y = -0.031949503129412804
ech_G = 31.610664455806806
ech_blaze = -74.97694484036626
ech_gamma = 1.1402140808811683
echelle_z = 0.0746593292413269
d_col_trf = -1588.018520997245
trf_mirror_tilt_x = 0.13881864271648045
trf_mirror_tilt_y = 0.07760676668701859
d_col_grm = -0.009510761452640026
grism_dec_x = 236.434380325685
grism_dec_y = 0.03424904981906821
grm_tilt_x = -0.015770465330715102
grm_tilt_y = 2.3043549787542026
grm_G = 222.82517418153515
grm_apex = 17.81507809958959
d_grm_cam  = 21.608477061370976
cam_dec_x = -0.30187984601236145
cam_dec_y = 0.25031049187579807
cam_tilt_x = -0.018571663107813767
cam_tilt_y = -0.015246132043574721
d_cam_ff  = -160.400453455752
ccd_ff_dec_x = -0.0035095661349075886
ccd_ff_dec_y = 0.0004404488536701604
ccd_ff_tilt_x = 0.14611542916872367
ccd_ff_tilt_y = -0.5720967935052653
ccd_ff_tilt_z = 0.17256728243246724
d_ff_ccd  = -4.811560925263414
ccd_dec_x = 0.6206555061439529
ccd_dec_y = 5.155306903213606
ccd_defocus = 0.3162943155618685
ccd_tilt_x = 0.007749938162540468
ccd_tilt_y = -0.014136797720529568
ccd_tilt_z = 3.110437558240677e-06
p = 0.0001