slit_dec_x_a = -0.1704010755187174
slit_dec_y_a = -0.1956586180351446
slit_dec_x_b = 0.175
slit_dec_y_b = -1.839299153125472e-96
slit_defocus = 0.00536332430539661
slit_tilt_x = 1.1861963328320018
slit_tilt_y = -8.540133417945958
slit_tilt_z = -8.990797686630165
d_slit_col = 1594.2945773337487
coll_tilt_x = 0.08868595839987803
coll_tilt_y = -0.03205101247503966
ech_G = 31.610663105587367
ech_blaze = -74.9769356597546
ech_gamma = 1.1401981134263417
echelle_z = 0.07466965590383252
d_col_trf = -1588.0185038306386
trf_mirror_tilt_x = 0.1388662531203325
trf_mirror_tilt_y = 0.07774132970568545
d_col_grm = -0.009563703608662648
grism_dec_x = 236.43426853825406
grism_dec_y = 0.03416576241564957
grm_tilt_x = -0.015774054773313725
grm_tilt_y = 2.30436051218671
grm_G = 222.8251640646994
grm_apex = 17.81519678515639
d_grm_cam  = 21.608495268894533
cam_dec_x = -0.30188051496398105
cam_dec_y = 0.2503676085598078
cam_tilt_x = -0.01858767403295078
cam_tilt_y = -0.015056535477539658
d_cam_ff  = -160.40102404338646
ccd_ff_dec_x = -0.0035005729698446603
ccd_ff_dec_y = 0.00021895250977732765
ccd_ff_tilt_x = 0.14592762546845056
ccd_ff_tilt_y = -0.5720994800630766
ccd_ff_tilt_z = 0.17256370683849323
d_ff_ccd  = -4.811446011632798
ccd_dec_x = 0.6206564700803966
ccd_dec_y = 5.155285219517312
ccd_defocus = 0.3163765059781599
ccd_tilt_x = 0.007786592065197985
ccd_tilt_y = -0.014079528722461045
ccd_tilt_z = 3.140757473468245e-06
p = 0.0001