slit_dec_x_a = -0.1704010755187174
slit_dec_y_a = -0.1956586180351446
slit_dec_x_b = 0.175
slit_dec_y_b = -1.7265003336082271e-96
slit_defocus = 0.005590828287613245
slit_tilt_x = 1.1861388091255058
slit_tilt_y = -8.540177225127744
slit_tilt_z = -8.990605721171962
d_slit_col = 1594.2947038668399
coll_tilt_x = 0.08860789368046623
coll_tilt_y = -0.03202974123926077
ech_G = 31.610661872604616
ech_blaze = -74.97693493871465
ech_gamma = 1.1402010405371579
echelle_z = 0.07468299582621472
d_col_trf = -1588.0185335405567
trf_mirror_tilt_x = 0.1388099233309593
trf_mirror_tilt_y = 0.07768581208804129
d_col_grm = -0.009356039972873112
grism_dec_x = 236.43429725037623
grism_dec_y = 0.03421042507565124
grm_tilt_x = -0.015752612725883124
grm_tilt_y = 2.3043390244189923
grm_G = 222.8251900643674
grm_apex = 17.815179767106393
d_grm_cam  = 21.608509106586684
cam_dec_x = -0.301915849962627
cam_dec_y = 0.25038549800586846
cam_tilt_x = -0.018666278335232243
cam_tilt_y = -0.015068309997844755
d_cam_ff  = -160.40007344631363
ccd_ff_dec_x = -0.0035043206764918426
ccd_ff_dec_y = 0.00018247261383886075
ccd_ff_tilt_x = 0.14615297259973145
ccd_ff_tilt_y = -0.5721029699956394
ccd_ff_tilt_z = 0.17255040648813388
d_ff_ccd  = -4.811321818724343
ccd_dec_x = 0.620655162961693
ccd_dec_y = 5.155281640659245
ccd_defocus = 0.3162709366838699
ccd_tilt_x = 0.00769110806913486
ccd_tilt_y = -0.014163316513607357
ccd_tilt_z = 3.1327199774715077e-06
p = 0.0001