slit_dec_x_a = -0.1704010755187174
slit_dec_y_a = -0.1956586180351446
slit_dec_x_b = 0.175
slit_dec_y_b = -1.7462900295464521e-96
slit_defocus = 0.00560795182137059
slit_tilt_x = 1.1862409627620374
slit_tilt_y = -8.5399633786817
slit_tilt_z = -8.990736527122515
d_slit_col = 1594.2946471327468
coll_tilt_x = 0.08850591688110132
coll_tilt_y = -0.03197365253095029
ech_G = 31.61066041202796
ech_blaze = -74.97694183693791
ech_gamma = 1.140202938329067
echelle_z = 0.07466574282898734
d_col_trf = -1588.0185101863665
trf_mirror_tilt_x = 0.1388789671513857
trf_mirror_tilt_y = 0.0775289921585914
d_col_grm = -0.009540448939623131
grism_dec_x = 236.43428484921824
grism_dec_y = 0.03416778486923281
grm_tilt_x = -0.01578118153314032
grm_tilt_y = 2.304352680628846
grm_G = 222.8251739054088
grm_apex = 17.81518261089374
d_grm_cam  = 21.608488101076507
cam_dec_x = -0.30191825571614844
cam_dec_y = 0.2503927868437805
cam_tilt_x = -0.01873491793628165
cam_tilt_y = -0.015084475636952059
d_cam_ff  = -160.4017748145607
ccd_ff_dec_x = -0.003505037157082034
ccd_ff_dec_y = 0.0001622189311740027
ccd_ff_tilt_x = 0.14607940881305562
ccd_ff_tilt_y = -0.5720854409731724
ccd_ff_tilt_z = 0.17256563154611204
d_ff_ccd  = -4.81138707248828
ccd_dec_x = 0.6206510677415562
ccd_dec_y = 5.155291170709798
ccd_defocus = 0.3162763793354336
ccd_tilt_x = 0.0075888573913744815
ccd_tilt_y = -0.014127285172011865
ccd_tilt_z = 3.09686358706831e-06
p = 0.0001