slit_dec_x_a = -0.1704010755187174
slit_dec_y_a = -0.1956586180351446
slit_dec_x_b = 0.175
slit_dec_y_b = -1.7021768842358938e-96
slit_defocus = 0.0055446392374883195
slit_tilt_x = 1.1861477202501243
slit_tilt_y = -8.54010560591784
slit_tilt_z = -8.990710171701163
d_slit_col = 1594.2946625737359
coll_tilt_x = 0.08861970897897417
coll_tilt_y = -0.031941962834923156
ech_G = 31.610675549089677
ech_blaze = -74.97695096577053
ech_gamma = 1.140196336802874
echelle_z = 0.07467115759050817
d_col_trf = -1588.0185104319078
trf_mirror_tilt_x = 0.13877885434676965
trf_mirror_tilt_y = 0.07759577008696518
d_col_grm = -0.009459488848480802
grism_dec_x = 236.4342310219874
grism_dec_y = 0.034132748546557914
grm_tilt_x = -0.015785558083046835
grm_tilt_y = 2.304360929418186
grm_G = 222.82517453173105
grm_apex = 17.815095751207927
d_grm_cam  = 21.60848383196032
cam_dec_x = -0.30199227070484397
cam_dec_y = 0.25028619913908
cam_tilt_x = -0.01879457840151799
cam_tilt_y = -0.015261214195538775
d_cam_ff  = -160.4012308043434
ccd_ff_dec_x = -0.003496979324283803
ccd_ff_dec_y = 0.0002474367887157588
ccd_ff_tilt_x = 0.14607743496911516
ccd_ff_tilt_y = -0.5720844695494179
ccd_ff_tilt_z = 0.17256175946555244
d_ff_ccd  = -4.811433492452697
ccd_dec_x = 0.6206584708336773
ccd_dec_y = 5.155280928483449
ccd_defocus = 0.3163590930116437
ccd_tilt_x = 0.007834470796293682
ccd_tilt_y = -0.014132521764668716
ccd_tilt_z = 3.20296050609807e-06
p = 0.0001