slit_dec_x_a = -0.1704010755187174
slit_dec_y_a = -0.1956586180351446
slit_dec_x_b = 0.175
slit_dec_y_b = -1.6336294947896502e-96
slit_defocus = 0.005457301835903483
slit_tilt_x = 1.1860405836721013
slit_tilt_y = -8.539939811869777
slit_tilt_z = -8.990659164384349
d_slit_col = 1594.2945248045328
coll_tilt_x = 0.08862869750308837
coll_tilt_y = -0.0320075153146179
ech_G = 31.610666826777507
ech_blaze = -74.97693574436703
ech_gamma = 1.1402145594084285
echelle_z = 0.07466515049986622
d_col_trf = -1588.0185193006434
trf_mirror_tilt_x = 0.13887645677414007
trf_mirror_tilt_y = 0.07746381053223649
d_col_grm = -0.009513313078760063
grism_dec_x = 236.43434822421483
grism_dec_y = 0.03411395817336461
grm_tilt_x = -0.01577102911672762
grm_tilt_y = 2.30436918793429
grm_G = 222.82517881806493
grm_apex = 17.815131693849683
d_grm_cam  = 21.608495861354445
cam_dec_x = -0.30205452846391406
cam_dec_y = 0.2504738298121364
cam_tilt_x = -0.01866420979307637
cam_tilt_y = -0.015119279797823156
d_cam_ff  = -160.4013598328065
ccd_ff_dec_x = -0.0035099985388650458
ccd_ff_dec_y = 0.0002482973203378022
ccd_ff_tilt_x = 0.146072717609853
ccd_ff_tilt_y = -0.5720799859661931
ccd_ff_tilt_z = 0.1725740764947126
d_ff_ccd  = -4.811370992250493
ccd_dec_x = 0.6206743974663445
ccd_dec_y = 5.155276258064048
ccd_defocus = 0.3163227630540275
ccd_tilt_x = 0.007791058828954274
ccd_tilt_y = -0.014147223377544774
ccd_tilt_z = 3.1783956149626736e-06
p = 0.0001