slit_dec_x_a = -0.1704010755187174
slit_dec_y_a = -0.1956586180351446
slit_dec_x_b = 0.175
slit_dec_y_b = -1.799056434359589e-96
slit_defocus = 0.005290813617831555
slit_tilt_x = 1.1862754717710238
slit_tilt_y = -8.539956774051177
slit_tilt_z = -8.990743891406808
d_slit_col = 1594.2943570629927
coll_tilt_x = 0.08866862736225728
coll_tilt_y = -0.031976792563375114
ech_G = 31.610664292394198
ech_blaze = -74.97693241110497
ech_gamma = 1.1402061032046626
echelle_z = 0.07467765953560924
d_col_trf = -1588.018522654032
trf_mirror_tilt_x = 0.13899664530844463
trf_mirror_tilt_y = 0.07765535393439651
d_col_grm = -0.009470230018342877
grism_dec_x = 236.43448479057318
grism_dec_y = 0.03416514796703339
grm_tilt_x = -0.015778241221479816
grm_tilt_y = 2.3043476683787456
grm_G = 222.82516657941022
grm_apex = 17.81505839454258
d_grm_cam  = 21.60847249144803
cam_dec_x = -0.30214115632614563
cam_dec_y = 0.2503818498410571
cam_tilt_x = -0.01859527124003886
cam_tilt_y = -0.015234697027042134
d_cam_ff  = -160.40176572841708
ccd_ff_dec_x = -0.0035017522887627697
ccd_ff_dec_y = 0.0003757660967902351
ccd_ff_tilt_x = 0.14578082908913065
ccd_ff_tilt_y = -0.5720905368672915
ccd_ff_tilt_z = 0.17256998155362654
d_ff_ccd  = -4.8113678627987415
ccd_dec_x = 0.6206484583278127
ccd_dec_y = 5.1552888538766295
ccd_defocus = 0.3165474543103273
ccd_tilt_x = 0.007665841960517434
ccd_tilt_y = -0.014212315465789617
ccd_tilt_z = 3.1084690184217763e-06
p = 0.0001