slit_dec_x_a = -0.1704010755187174
slit_dec_y_a = -0.1956586180351446
slit_dec_x_b = 0.175
slit_dec_y_b = -1.7996078078538261e-96
slit_defocus = 0.005588134902317279
slit_tilt_x = 1.185965066406747
slit_tilt_y = -8.540100861507735
slit_tilt_z = -8.990938599213678
d_slit_col = 1594.2945527023198
coll_tilt_x = 0.0886445117806565
coll_tilt_y = -0.03200666148658404
ech_G = 31.610666835705295
ech_blaze = -74.97695531610228
ech_gamma = 1.140201711085558
echelle_z = 0.07468546159160076
d_col_trf = -1588.0185040168199
trf_mirror_tilt_x = 0.13903050555352653
trf_mirror_tilt_y = 0.07741476150450625
d_col_grm = -0.009485475593741485
grism_dec_x = 236.4342296857163
grism_dec_y = 0.03422849876916594
grm_tilt_x = -0.01577500937392046
grm_tilt_y = 2.304372484626666
grm_G = 222.82518150617645
grm_apex = 17.81522427600702
d_grm_cam  = 21.60850292878902
cam_dec_x = -0.3020219294384366
cam_dec_y = 0.2503923856673987
cam_tilt_x = -0.018625209339621168
cam_tilt_y = -0.015120160400333992
d_cam_ff  = -160.40087578562526
ccd_ff_dec_x = -0.0035291953096994125
ccd_ff_dec_y = 0.0002850959287238453
ccd_ff_tilt_x = 0.14601985801628872
ccd_ff_tilt_y = -0.5720949195909603
ccd_ff_tilt_z = 0.17257077071676447
d_ff_ccd  = -4.811474497895085
ccd_dec_x = 0.6206521123502127
ccd_dec_y = 5.155294682136252
ccd_defocus = 0.3163798123614393
ccd_tilt_x = 0.00787825436852865
ccd_tilt_y = -0.014099003084688044
ccd_tilt_z = 3.1551941715379456e-06
p = 0.0001