slit_dec_x_a = -0.1704010755187174
slit_dec_y_a = -0.1956586180351446
slit_dec_x_b = 0.175
slit_dec_y_b = -1.845777741811974e-96
slit_defocus = 0.005559380801605737
slit_tilt_x = 1.1861777031090757
slit_tilt_y = -8.540041223929007
slit_tilt_z = -8.990611344109317
d_slit_col = 1594.2946962849883
coll_tilt_x = 0.08877979620658026
coll_tilt_y = -0.03200171674869371
ech_G = 31.61067386838267
ech_blaze = -74.97693538911079
ech_gamma = 1.1402060049784903
echelle_z = 0.07467046162815981
d_col_trf = -1588.0185228695027
trf_mirror_tilt_x = 0.13874236662044756
trf_mirror_tilt_y = 0.07747939500328127
d_col_grm = -0.009479469794073358
grism_dec_x = 236.43435572316264
grism_dec_y = 0.03445404912358989
grm_tilt_x = -0.015763506813338452
grm_tilt_y = 2.304355866265329
grm_G = 222.82517255093418
grm_apex = 17.815114332929404
d_grm_cam  = 21.608492611449442
cam_dec_x = -0.30196786621799715
cam_dec_y = 0.250303544784858
cam_tilt_x = -0.018491421792381217
cam_tilt_y = -0.015157462354223468
d_cam_ff  = -160.40072799146913
ccd_ff_dec_x = -0.003496917483963343
ccd_ff_dec_y = 0.0003409131442597156
ccd_ff_tilt_x = 0.14601475926093707
ccd_ff_tilt_y = -0.5721099741057956
ccd_ff_tilt_z = 0.17258022917591376
d_ff_ccd  = -4.811520950397807
ccd_dec_x = 0.6206610219724008
ccd_dec_y = 5.155280244529399
ccd_defocus = 0.31633030462111517
ccd_tilt_x = 0.007516256793203921
ccd_tilt_y = -0.014200246147043544
ccd_tilt_z = 3.0936830024023018e-06
p = 0.0001