slit_dec_x_a = -0.1704010755187174
slit_dec_y_a = -0.1956586180351446
slit_dec_x_b = 0.175
slit_dec_y_b = -1.6875882473818286e-96
slit_defocus = 0.005608557768278364
slit_tilt_x = 1.1861415115372604
slit_tilt_y = -8.53998495761484
slit_tilt_z = -8.990674405220853
d_slit_col = 1594.294690177791
coll_tilt_x = 0.0885239715074603
coll_tilt_y = -0.03194205428066417
ech_G = 31.610668643778574
ech_blaze = -74.9769512325995
ech_gamma = 1.1402062873225833
echelle_z = 0.07467209995250013
d_col_trf = -1588.0185104106954
trf_mirror_tilt_x = 0.13889223697300687
trf_mirror_tilt_y = 0.07759836031578299
d_col_grm = -0.009579938206456787
grism_dec_x = 236.4343064142171
grism_dec_y = 0.034151322352601744
grm_tilt_x = -0.01579142105102686
grm_tilt_y = 2.3043398665294994
grm_G = 222.8251631728985
grm_apex = 17.81520914956124
d_grm_cam  = 21.608480664175186
cam_dec_x = -0.3019552570242857
cam_dec_y = 0.25030523275223726
cam_tilt_x = -0.018772189241539967
cam_tilt_y = -0.015117169439435032
d_cam_ff  = -160.40202733839598
ccd_ff_dec_x = -0.003513411415251802
ccd_ff_dec_y = 0.0003875716854603393
ccd_ff_tilt_x = 0.14595809483603586
ccd_ff_tilt_y = -0.5720779443168011
ccd_ff_tilt_z = 0.17256172762121594
d_ff_ccd  = -4.811435851135108
ccd_dec_x = 0.6206549706939217
ccd_dec_y = 5.155286667093742
ccd_defocus = 0.3163868366893509
ccd_tilt_x = 0.007813968882053329
ccd_tilt_y = -0.014138977884417878
ccd_tilt_z = 3.1264668065648407e-06
p = 0.0001