slit_dec_x_a = -0.1704010755187174
slit_dec_y_a = -0.1956586180351446
slit_dec_x_b = 0.175
slit_dec_y_b = -1.6984509274819805e-96
slit_defocus = 0.005567641661735858
slit_tilt_x = 1.1860822020312198
slit_tilt_y = -8.54001929002751
slit_tilt_z = -8.990847020349516
d_slit_col = 1594.2945166443483
coll_tilt_x = 0.0887628553571692
coll_tilt_y = -0.03203141669363113
ech_G = 31.610681006514124
ech_blaze = -74.97693817910904
ech_gamma = 1.1402110169232818
echelle_z = 0.07467300033367112
d_col_trf = -1588.0185079771932
trf_mirror_tilt_x = 0.13871767223383458
trf_mirror_tilt_y = 0.07749415462748484
d_col_grm = -0.009505348004265076
grism_dec_x = 236.43434012220686
grism_dec_y = 0.03417129961269988
grm_tilt_x = -0.015772888975141737
grm_tilt_y = 2.30436180429458
grm_G = 222.8251756196074
grm_apex = 17.815107054204322
d_grm_cam  = 21.608491076350784
cam_dec_x = -0.3021047957034821
cam_dec_y = 0.25030182665946804
cam_tilt_x = -0.018607742816394386
cam_tilt_y = -0.01510378435570718
d_cam_ff  = -160.40094110517057
ccd_ff_dec_x = -0.0034926453404057335
ccd_ff_dec_y = 0.00027212267402024166
ccd_ff_tilt_x = 0.1460466671567768
ccd_ff_tilt_y = -0.5720960778739124
ccd_ff_tilt_z = 0.1725797661369221
d_ff_ccd  = -4.811308961906921
ccd_dec_x = 0.620651934394767
ccd_dec_y = 5.15528202848832
ccd_defocus = 0.31627089735082264
ccd_tilt_x = 0.0077494400291629245
ccd_tilt_y = -0.014108286338870013
ccd_tilt_z = 3.123904069187425e-06
p = 0.0001