slit_dec_x_a = -0.1704010755187174
slit_dec_y_a = -0.1956586180351446
slit_dec_x_b = 0.175
slit_dec_y_b = -1.770793410582191e-96
slit_defocus = 0.00547691016975117
slit_tilt_x = 1.186056670803322
slit_tilt_y = -8.540055507494554
slit_tilt_z = -8.990704208873275
d_slit_col = 1594.2944790306208
coll_tilt_x = 0.08863438124095782
coll_tilt_y = -0.031974522014291566
ech_G = 31.610676855453647
ech_blaze = -74.9769469986955
ech_gamma = 1.1402051583070953
echelle_z = 0.07467314612320583
d_col_trf = -1588.0185174487872
trf_mirror_tilt_x = 0.13891352919380234
trf_mirror_tilt_y = 0.0777273663396619
d_col_grm = -0.009553469944556655
grism_dec_x = 236.43442649071798
grism_dec_y = 0.03410212090911565
grm_tilt_x = -0.015764212456308394
grm_tilt_y = 2.3043590988179385
grm_G = 222.82517610585109
grm_apex = 17.815184496872565
d_grm_cam  = 21.6084867421359
cam_dec_x = -0.30186087206814194
cam_dec_y = 0.2504218638503439
cam_tilt_x = -0.018743073868533706
cam_tilt_y = -0.015084413917752167
d_cam_ff  = -160.4010569322824
ccd_ff_dec_x = -0.00350379069785033
ccd_ff_dec_y = 0.0002947872191543378
ccd_ff_tilt_x = 0.14588607266822395
ccd_ff_tilt_y = -0.57208583177168
ccd_ff_tilt_z = 0.17255961306086806
d_ff_ccd  = -4.811332637702261
ccd_dec_x = 0.620660894648335
ccd_dec_y = 5.1552808913773465
ccd_defocus = 0.3163538770785571
ccd_tilt_x = 0.007679142841475587
ccd_tilt_y = -0.014111872578301116
ccd_tilt_z = 3.0708752056502255e-06
p = 0.0001