slit_dec_x_a = -0.1704010755187174
slit_dec_y_a = -0.1956586180351446
slit_dec_x_b = 0.175
slit_dec_y_b = -1.7846793151552454e-96
slit_defocus = 0.0054504917724817695
slit_tilt_x = 1.1861610744395097
slit_tilt_y = -8.540138572081494
slit_tilt_z = -8.990860967831011
d_slit_col = 1594.2945725864902
coll_tilt_x = 0.08864216518697496
coll_tilt_y = -0.031895255761559944
ech_G = 31.610670157180515
ech_blaze = -74.97694171579487
ech_gamma = 1.1402027924246803
echelle_z = 0.0746631220762065
d_col_trf = -1588.018532638067
trf_mirror_tilt_x = 0.1388670878845094
trf_mirror_tilt_y = 0.07766758817269076
d_col_grm = -0.009390301045371393
grism_dec_x = 236.43429847783895
grism_dec_y = 0.03421360302951482
grm_tilt_x = -0.01577981380602574
grm_tilt_y = 2.304346997792169
grm_G = 222.8251788512673
grm_apex = 17.815140419228456
d_grm_cam  = 21.60849131902738
cam_dec_x = -0.301889443776462
cam_dec_y = 0.25048052951508876
cam_tilt_x = -0.01877464699625784
cam_tilt_y = -0.0152491042362527
d_cam_ff  = -160.40114876718405
ccd_ff_dec_x = -0.0035030192904814956
ccd_ff_dec_y = 0.0002551652356941336
ccd_ff_tilt_x = 0.14607905058629195
ccd_ff_tilt_y = -0.5720947377561573
ccd_ff_tilt_z = 0.172559208644653
d_ff_ccd  = -4.811456532694904
ccd_dec_x = 0.6206708739108924
ccd_dec_y = 5.15527134766902
ccd_defocus = 0.31627351347801336
ccd_tilt_x = 0.007708722041412063
ccd_tilt_y = -0.014211168705546135
ccd_tilt_z = 3.124036752050329e-06
p = 0.0001