slit_dec_x_a = -0.1704010755187174
slit_dec_y_a = -0.1956586180351446
slit_dec_x_b = 0.175
slit_dec_y_b = -1.7894350547452659e-96
slit_defocus = 0.0054215597254590785
slit_tilt_x = 1.1861653656448234
slit_tilt_y = -8.53993709937422
slit_tilt_z = -8.99076816686533
d_slit_col = 1594.2945417888216
coll_tilt_x = 0.08867676826900325
coll_tilt_y = -0.0319487040421221
ech_G = 31.610665800896445
ech_blaze = -74.97693758585359
ech_gamma = 1.1402030038055908
echelle_z = 0.07470393937405145
d_col_trf = -1588.018541491983
trf_mirror_tilt_x = 0.13874197151122272
trf_mirror_tilt_y = 0.07757822008805282
d_col_grm = -0.00931974730237256
grism_dec_x = 236.4343531055491
grism_dec_y = 0.03426053601955952
grm_tilt_x = -0.01576176477654723
grm_tilt_y = 2.3043391915148335
grm_G = 222.82516590692293
grm_apex = 17.815211107342115
d_grm_cam  = 21.608486386830037
cam_dec_x = -0.30219130103007474
cam_dec_y = 0.2504152872886602
cam_tilt_x = -0.018582691916167494
cam_tilt_y = -0.015214150416946074
d_cam_ff  = -160.40126065564044
ccd_ff_dec_x = -0.0035037036176231023
ccd_ff_dec_y = 0.00020571126710908954
ccd_ff_tilt_x = 0.1460176312534998
ccd_ff_tilt_y = -0.5720793954807869
ccd_ff_tilt_z = 0.1725624061808055
d_ff_ccd  = -4.811494997716708
ccd_dec_x = 0.6206500612707943
ccd_dec_y = 5.1552789274263615
ccd_defocus = 0.31639035514537867
ccd_tilt_x = 0.007801874623187222
ccd_tilt_y = -0.014052041768434697
ccd_tilt_z = 3.1272446070039845e-06
p = 0.0001