slit_dec_x_a = -0.1704010755187174
slit_dec_y_a = -0.1956586180351446
slit_dec_x_b = 0.175
slit_dec_y_b = -1.5426525683729255e-96
slit_defocus = 0.005560004045146592
slit_tilt_x = 1.1861443364429556
slit_tilt_y = -8.540105815000873
slit_tilt_z = -8.99079801056543
d_slit_col = 1594.2946180562515
coll_tilt_x = 0.08865211901209133
coll_tilt_y = -0.031906428351806515
ech_G = 31.610680066940084
ech_blaze = -74.97694354418944
ech_gamma = 1.1402118585946992
echelle_z = 0.07467977053875166
d_col_trf = -1588.0185254424919
trf_mirror_tilt_x = 0.1387467610025733
trf_mirror_tilt_y = 0.07756869097091443
d_col_grm = -0.009481447050137166
grism_dec_x = 236.43428322632727
grism_dec_y = 0.03395536460819777
grm_tilt_x = -0.01577709962413454
grm_tilt_y = 2.3043533577052635
grm_G = 222.82517378280284
grm_apex = 17.815223807350577
d_grm_cam  = 21.608483967594022
cam_dec_x = -0.30200833083920553
cam_dec_y = 0.2502880840050421
cam_tilt_x = -0.018715780055865192
cam_tilt_y = -0.015170646285865558
d_cam_ff  = -160.40114391311903
ccd_ff_dec_x = -0.003498645907279542
ccd_ff_dec_y = 0.0003052157679946709
ccd_ff_tilt_x = 0.14597559502211763
ccd_ff_tilt_y = -0.572088553268287
ccd_ff_tilt_z = 0.1725657920356099
d_ff_ccd  = -4.8114261130986495
ccd_dec_x = 0.6206611517929028
ccd_dec_y = 5.155296279670656
ccd_defocus = 0.3163318712356013
ccd_tilt_x = 0.007692127294767316
ccd_tilt_y = -0.014069241925432852
ccd_tilt_z = 3.0861811305822205e-06
p = 0.0001