slit_dec_x_a = -0.1704010755187174
slit_dec_y_a = -0.1956586180351446
slit_dec_x_b = 0.175
slit_dec_y_b = -1.8022416440626979e-96
slit_defocus = 0.0055590224406338075
slit_tilt_x = 1.1861109518265887
slit_tilt_y = -8.539984339833438
slit_tilt_z = -8.99071182246272
d_slit_col = 1594.2945864516923
coll_tilt_x = 0.0887042217136405
coll_tilt_y = -0.0320472177613907
ech_G = 31.61066692332191
ech_blaze = -74.97693091729764
ech_gamma = 1.1401987272647651
echelle_z = 0.07470089086249493
d_col_trf = -1588.018515043149
trf_mirror_tilt_x = 0.13882270536460703
trf_mirror_tilt_y = 0.07758613132693173
d_col_grm = -0.00957558584130533
grism_dec_x = 236.43418726385912
grism_dec_y = 0.034298101125415446
grm_tilt_x = -0.01575957456854746
grm_tilt_y = 2.304352400935445
grm_G = 222.8251739538582
grm_apex = 17.8150528264946
d_grm_cam  = 21.608502993866498
cam_dec_x = -0.30172310924434076
cam_dec_y = 0.25065493221311014
cam_tilt_x = -0.018625363322173086
cam_tilt_y = -0.015120561362065386
d_cam_ff  = -160.40180315384066
ccd_ff_dec_x = -0.0035122859404719104
ccd_ff_dec_y = 0.00012681917445457177
ccd_ff_tilt_x = 0.14616371300107578
ccd_ff_tilt_y = -0.5720907804438785
ccd_ff_tilt_z = 0.17257205243711365
d_ff_ccd  = -4.811349474611079
ccd_dec_x = 0.6206551254702076
ccd_dec_y = 5.155294964171325
ccd_defocus = 0.3163407503334284
ccd_tilt_x = 0.007734493016746627
ccd_tilt_y = -0.01415809454055152
ccd_tilt_z = 3.1437214997581163e-06
p = 0.0001