slit_dec_x_a = -0.1704010755187174
slit_dec_y_a = -0.1956586180351446
slit_dec_x_b = 0.175
slit_dec_y_b = -1.6723765237305417e-96
slit_defocus = 0.00545642093683984
slit_tilt_x = 1.1861308212669015
slit_tilt_y = -8.54014270044462
slit_tilt_z = -8.99083337463788
d_slit_col = 1594.2945176067449
coll_tilt_x = 0.08861235161458392
coll_tilt_y = -0.0320201142291565
ech_G = 31.61065145944885
ech_blaze = -74.9769355393946
ech_gamma = 1.140195366798905
echelle_z = 0.07467774909244106
d_col_trf = -1588.0185074250337
trf_mirror_tilt_x = 0.1386771802089408
trf_mirror_tilt_y = 0.07760631136587674
d_col_grm = -0.009448057670583359
grism_dec_x = 236.4343021862602
grism_dec_y = 0.03419755031048763
grm_tilt_x = -0.015774482900301125
grm_tilt_y = 2.3043394116228093
grm_G = 222.82517891407974
grm_apex = 17.81512183841182
d_grm_cam  = 21.608484695406887
cam_dec_x = -0.3019761726880419
cam_dec_y = 0.2503384444554288
cam_tilt_x = -0.018630099827841272
cam_tilt_y = -0.015112418928478595
d_cam_ff  = -160.40155744802183
ccd_ff_dec_x = -0.003498280196850361
ccd_ff_dec_y = 0.0002457535787309902
ccd_ff_tilt_x = 0.14613195878484522
ccd_ff_tilt_y = -0.572095431011753
ccd_ff_tilt_z = 0.17255867858999266
d_ff_ccd  = -4.811322598701157
ccd_dec_x = 0.6206514934199454
ccd_dec_y = 5.155281575998729
ccd_defocus = 0.31638698673725535
ccd_tilt_x = 0.007738456514340136
ccd_tilt_y = -0.014216021511205369
ccd_tilt_z = 3.077344856052043e-06
p = 0.0001