slit_dec_x_a = -0.1704010755187174
slit_dec_y_a = -0.1956586180351446
slit_dec_x_b = 0.175
slit_dec_y_b = -1.6994248744001474e-96
slit_defocus = 0.005492123441179801
slit_tilt_x = 1.1859508935223895
slit_tilt_y = -8.540043690688625
slit_tilt_z = -8.990797614195008
d_slit_col = 1594.2945187584553
coll_tilt_x = 0.08871333590434924
coll_tilt_y = -0.03203408484084211
ech_G = 31.61067011933659
ech_blaze = -74.97692895978878
ech_gamma = 1.1401976616366398
echelle_z = 0.07467425282535871
d_col_trf = -1588.0185216991717
trf_mirror_tilt_x = 0.13871863891740208
trf_mirror_tilt_y = 0.07761133665435609
d_col_grm = -0.009545761856487457
grism_dec_x = 236.43416156803715
grism_dec_y = 0.034191389598005176
grm_tilt_x = -0.015772668367226978
grm_tilt_y = 2.304359291009016
grm_G = 222.82517360096278
grm_apex = 17.815075604361677
d_grm_cam  = 21.608497170633434
cam_dec_x = -0.3020154360359593
cam_dec_y = 0.2505086872406843
cam_tilt_x = -0.018650732152016007
cam_tilt_y = -0.015125584431038862
d_cam_ff  = -160.40133274149665
ccd_ff_dec_x = -0.00350937804019865
ccd_ff_dec_y = 0.0003502698009618959
ccd_ff_tilt_x = 0.14600328286388248
ccd_ff_tilt_y = -0.5721010772845683
ccd_ff_tilt_z = 0.1725751600871854
d_ff_ccd  = -4.811330745790649
ccd_dec_x = 0.6206721780578849
ccd_dec_y = 5.155302835887021
ccd_defocus = 0.316392738654346
ccd_tilt_x = 0.007684142340521702
ccd_tilt_y = -0.014149590275287956
ccd_tilt_z = 3.0989677255627624e-06
p = 0.0001