slit_dec_x_a = -0.1704010755187174
slit_dec_y_a = -0.1956586180351446
slit_dec_x_b = 0.175
slit_dec_y_b = -1.6602377229855158e-96
slit_defocus = 0.005549678896859265
slit_tilt_x = 1.186227483562577
slit_tilt_y = -8.540024015364233
slit_tilt_z = -8.990686612768448
d_slit_col = 1594.2945713876663
coll_tilt_x = 0.08856276823532941
coll_tilt_y = -0.031989423071512736
ech_G = 31.61067272141532
ech_blaze = -74.97694587175089
ech_gamma = 1.140208267544061
echelle_z = 0.07467491327528976
d_col_trf = -1588.0185249964309
trf_mirror_tilt_x = 0.1388357024993533
trf_mirror_tilt_y = 0.07760799664705009
d_col_grm = -0.009677196582415878
grism_dec_x = 236.4342165831848
grism_dec_y = 0.03418818329326281
grm_tilt_x = -0.01577556688818954
grm_tilt_y = 2.3043544176965733
grm_G = 222.82517854259353
grm_apex = 17.815132464773544
d_grm_cam  = 21.60849337578395
cam_dec_x = -0.30191817493961326
cam_dec_y = 0.25054360891186067
cam_tilt_x = -0.018810085439192308
cam_tilt_y = -0.01503909759534368
d_cam_ff  = -160.4020371988536
ccd_ff_dec_x = -0.003496045556077187
ccd_ff_dec_y = 0.0002768795833506856
ccd_ff_tilt_x = 0.14604205568004425
ccd_ff_tilt_y = -0.5720977061741974
ccd_ff_tilt_z = 0.17256611887753906
d_ff_ccd  = -4.811342115372151
ccd_dec_x = 0.620657962736345
ccd_dec_y = 5.15528210335677
ccd_defocus = 0.3163232708793115
ccd_tilt_x = 0.007683323349426837
ccd_tilt_y = -0.014159850272569403
ccd_tilt_z = 3.1111981840317342e-06
p = 0.0001