slit_dec_x_a = -0.1704010755187174
slit_dec_y_a = -0.1956586180351446
slit_dec_x_b = 0.175
slit_dec_y_b = -1.8169544339333551e-96
slit_defocus = 0.005466269867318402
slit_tilt_x = 1.1862139866684502
slit_tilt_y = -8.540085958243615
slit_tilt_z = -8.99090587648371
d_slit_col = 1594.2947397563642
coll_tilt_x = 0.08869690786845624
coll_tilt_y = -0.03200021160226248
ech_G = 31.610667912357087
ech_blaze = -74.9769257117271
ech_gamma = 1.140211216882484
echelle_z = 0.0746691631297019
d_col_trf = -1588.0185153106263
trf_mirror_tilt_x = 0.13885387558505655
trf_mirror_tilt_y = 0.07756230903893886
d_col_grm = -0.009458728068031195
grism_dec_x = 236.43424699443534
grism_dec_y = 0.03396705989307431
grm_tilt_x = -0.015780372484852558
grm_tilt_y = 2.3043638567755247
grm_G = 222.82517086920117
grm_apex = 17.81523015820905
d_grm_cam  = 21.608473989991335
cam_dec_x = -0.30189140250310337
cam_dec_y = 0.25015958121854354
cam_tilt_x = -0.018542756198022498
cam_tilt_y = -0.015092725004644718
d_cam_ff  = -160.4013930254832
ccd_ff_dec_x = -0.003502783844987619
ccd_ff_dec_y = 0.00012068657264973006
ccd_ff_tilt_x = 0.14612470717933493
ccd_ff_tilt_y = -0.5720941575525731
ccd_ff_tilt_z = 0.17257504527121909
d_ff_ccd  = -4.8112263153434505
ccd_dec_x = 0.6206616872093892
ccd_dec_y = 5.155285018914828
ccd_defocus = 0.3161187478772519
ccd_tilt_x = 0.007613408602544834
ccd_tilt_y = -0.014043461509928096
ccd_tilt_z = 3.091705174124177e-06
p = 0.0001