slit_dec_x_a = -0.1704010755187174
slit_dec_y_a = -0.1956586180351446
slit_dec_x_b = 0.175
slit_dec_y_b = -1.7052091217616122e-96
slit_defocus = 0.005623883463376401
slit_tilt_x = 1.1859787420730232
slit_tilt_y = -8.540036780257047
slit_tilt_z = -8.990795332692795
d_slit_col = 1594.2943268541496
coll_tilt_x = 0.0887078282212911
coll_tilt_y = -0.031967675511047136
ech_G = 31.610665178752647
ech_blaze = -74.97693621026927
ech_gamma = 1.1402032979240277
echelle_z = 0.07466504845238572
d_col_trf = -1588.0185110203079
trf_mirror_tilt_x = 0.13895357399540248
trf_mirror_tilt_y = 0.07774331366582567
d_col_grm = -0.009250289792689437
grism_dec_x = 236.43418488146
grism_dec_y = 0.03404544058352089
grm_tilt_x = -0.015781049375644732
grm_tilt_y = 2.304350609868334
grm_G = 222.82517147917426
grm_apex = 17.81508827847974
d_grm_cam  = 21.6084815319279
cam_dec_x = -0.30199148844368
cam_dec_y = 0.2501911465249463
cam_tilt_x = -0.018542227888577487
cam_tilt_y = -0.015223237436375235
d_cam_ff  = -160.40151282894678
ccd_ff_dec_x = -0.003483466332501078
ccd_ff_dec_y = 0.00013378616706309366
ccd_ff_tilt_x = 0.14618628716205015
ccd_ff_tilt_y = -0.5720899593742367
ccd_ff_tilt_z = 0.17255913555069435
d_ff_ccd  = -4.811443505693042
ccd_dec_x = 0.6206612976816867
ccd_dec_y = 5.155279750508081
ccd_defocus = 0.3164486241312321
ccd_tilt_x = 0.0076679880605782106
ccd_tilt_y = -0.014119976740208153
ccd_tilt_z = 3.1328077138635524e-06
p = 0.0001