slit_dec_x_a = -0.1704010755187174
slit_dec_y_a = -0.1956586180351446
slit_dec_x_b = 0.175
slit_dec_y_b = -1.8579552752130712e-96
slit_defocus = 0.005281879327102941
slit_tilt_x = 1.186112127689713
slit_tilt_y = -8.540214967443053
slit_tilt_z = -8.990499982506575
d_slit_col = 1594.2946043970003
coll_tilt_x = 0.08865577512762494
coll_tilt_y = -0.032049863699467517
ech_G = 31.610653896793167
ech_blaze = -74.97693041364343
ech_gamma = 1.1402108756801834
echelle_z = 0.0746623425487963
d_col_trf = -1588.0185230431173
trf_mirror_tilt_x = 0.1387082404266774
trf_mirror_tilt_y = 0.07763144046609544
d_col_grm = -0.009573640087297624
grism_dec_x = 236.43418676302372
grism_dec_y = 0.03433482228865187
grm_tilt_x = -0.015776258270746867
grm_tilt_y = 2.3043779495094876
grm_G = 222.82517092397802
grm_apex = 17.815097973783324
d_grm_cam  = 21.608478437498682
cam_dec_x = -0.3017759677468399
cam_dec_y = 0.25006125154977216
cam_tilt_x = -0.018532273946716384
cam_tilt_y = -0.015073656694757897
d_cam_ff  = -160.40216952808063
ccd_ff_dec_x = -0.003503634491446126
ccd_ff_dec_y = 0.00021635356360339217
ccd_ff_tilt_x = 0.14600428524444245
ccd_ff_tilt_y = -0.5720959209162139
ccd_ff_tilt_z = 0.1725508547933164
d_ff_ccd  = -4.81127428589466
ccd_dec_x = 0.6206752922904296
ccd_dec_y = 5.155288715400825
ccd_defocus = 0.31645664683625624
ccd_tilt_x = 0.007685169594864537
ccd_tilt_y = -0.0140634593631607
ccd_tilt_z = 3.10743507462755e-06
p = 0.0001