slit_dec_x_a = -0.1704010755187174
slit_dec_y_a = -0.1956586180351446
slit_dec_x_b = 0.175
slit_dec_y_b = -1.8489394989171304e-96
slit_defocus = 0.005589931102707872
slit_tilt_x = 1.1858240268652858
slit_tilt_y = -8.539943346341555
slit_tilt_z = -8.990616861629873
d_slit_col = 1594.2946956966432
coll_tilt_x = 0.08861328145990112
coll_tilt_y = -0.03201840590949977
ech_G = 31.61065282853134
ech_blaze = -74.97692154773414
ech_gamma = 1.1401896577274153
echelle_z = 0.0746595353641888
d_col_trf = -1588.0184987478187
trf_mirror_tilt_x = 0.13878642163930757
trf_mirror_tilt_y = 0.07778005699889737
d_col_grm = -0.009404606922398842
grism_dec_x = 236.4344679523092
grism_dec_y = 0.03415041404810303
grm_tilt_x = -0.01577770863372321
grm_tilt_y = 2.30434867515904
grm_G = 222.82517112848512
grm_apex = 17.81509463413711
d_grm_cam  = 21.608506103705636
cam_dec_x = -0.30196748568134085
cam_dec_y = 0.25028539670642963
cam_tilt_x = -0.018627848561228483
cam_tilt_y = -0.015132799342598499
d_cam_ff  = -160.4014134180636
ccd_ff_dec_x = -0.0035037131587021112
ccd_ff_dec_y = 0.0003705592748462663
ccd_ff_tilt_x = 0.14611979320808444
ccd_ff_tilt_y = -0.5720779599848379
ccd_ff_tilt_z = 0.17254690539083847
d_ff_ccd  = -4.811410528211209
ccd_dec_x = 0.6206733890900902
ccd_dec_y = 5.155281745415912
ccd_defocus = 0.31634173819710953
ccd_tilt_x = 0.007616151531518055
ccd_tilt_y = -0.014042057996417185
ccd_tilt_z = 3.113133961527666e-06
p = 0.0001