slit_dec_x_a = -0.1704010755187174
slit_dec_y_a = -0.1956586180351446
slit_dec_x_b = 0.175
slit_dec_y_b = -1.9943711358770525e-96
slit_defocus = 0.005421049181333176
slit_tilt_x = 1.1861813271968542
slit_tilt_y = -8.540101212828588
slit_tilt_z = -8.990684704878175
d_slit_col = 1594.2946348064086
coll_tilt_x = 0.0886853380381426
coll_tilt_y = -0.032031450419157136
ech_G = 31.61067179313801
ech_blaze = -74.97695350300336
ech_gamma = 1.1402069487801687
echelle_z = 0.07468407157029887
d_col_trf = -1588.0185429201042
trf_mirror_tilt_x = 0.1388401974994426
trf_mirror_tilt_y = 0.07751503871387955
d_col_grm = -0.00939008851425411
grism_dec_x = 236.43426219312312
grism_dec_y = 0.034081162773025586
grm_tilt_x = -0.015770688876570307
grm_tilt_y = 2.304359177842998
grm_G = 222.82518055228007
grm_apex = 17.815137920962428
d_grm_cam  = 21.608504198293673
cam_dec_x = -0.30187393472838864
cam_dec_y = 0.2502056974352556
cam_tilt_x = -0.018633496603029136
cam_tilt_y = -0.015100116780136298
d_cam_ff  = -160.40119465178668
ccd_ff_dec_x = -0.003511740661565652
ccd_ff_dec_y = 0.00027289720313021867
ccd_ff_tilt_x = 0.14599567752148787
ccd_ff_tilt_y = -0.5720971295945221
ccd_ff_tilt_z = 0.17256699234735837
d_ff_ccd  = -4.8113805546258455
ccd_dec_x = 0.6206398910945146
ccd_dec_y = 5.155298894332742
ccd_defocus = 0.31626005032621185
ccd_tilt_x = 0.007709994147047039
ccd_tilt_y = -0.014123522178343088
ccd_tilt_z = 3.1547760552496527e-06
p = 0.0001