slit_dec_x_a = -0.1704010755187174
slit_dec_y_a = -0.1956586180351446
slit_dec_x_b = 0.175
slit_dec_y_b = -1.760671662358598e-96
slit_defocus = 0.005386504230956569
slit_tilt_x = 1.186042454763264
slit_tilt_y = -8.539962512008309
slit_tilt_z = -8.990798510058909
d_slit_col = 1594.294596925673
coll_tilt_x = 0.08855986290539634
coll_tilt_y = -0.0320140023212526
ech_G = 31.610665104058135
ech_blaze = -74.97694794919856
ech_gamma = 1.140204580147641
echelle_z = 0.0746928304611669
d_col_trf = -1588.0185256563116
trf_mirror_tilt_x = 0.13867361326030223
trf_mirror_tilt_y = 0.07754643334341119
d_col_grm = -0.009569855212881477
grism_dec_x = 236.43434086175495
grism_dec_y = 0.034082510802559175
grm_tilt_x = -0.015782197424863562
grm_tilt_y = 2.3043554048005324
grm_G = 222.82517671760678
grm_apex = 17.815028133733684
d_grm_cam  = 21.608483424090565
cam_dec_x = -0.3019761186689471
cam_dec_y = 0.2505058454438957
cam_tilt_x = -0.018708910866645934
cam_tilt_y = -0.015102888633377528
d_cam_ff  = -160.40141916134732
ccd_ff_dec_x = -0.003491813048832817
ccd_ff_dec_y = 0.00022889550402686553
ccd_ff_tilt_x = 0.1460276485432555
ccd_ff_tilt_y = -0.5720752231943863
ccd_ff_tilt_z = 0.1725513823130482
d_ff_ccd  = -4.811550596271493
ccd_dec_x = 0.6206651883804677
ccd_dec_y = 5.1552693842318105
ccd_defocus = 0.31622195801435987
ccd_tilt_x = 0.007626765943182147
ccd_tilt_y = -0.014212407974232307
ccd_tilt_z = 3.112241681795973e-06
p = 0.0001