slit_dec_x_a = -0.1704010755187174
slit_dec_y_a = -0.1956586180351446
slit_dec_x_b = 0.175
slit_dec_y_b = -1.7133393917641425e-96
slit_defocus = 0.005421993215176655
slit_tilt_x = 1.1861240313645898
slit_tilt_y = -8.539971487934665
slit_tilt_z = -8.990670340807911
d_slit_col = 1594.2946142936744
coll_tilt_x = 0.08863094018078468
coll_tilt_y = -0.031986876350578064
ech_G = 31.610672828154073
ech_blaze = -74.97695426348396
ech_gamma = 1.1401966475859118
echelle_z = 0.07466819018928487
d_col_trf = -1588.0185063558524
trf_mirror_tilt_x = 0.13868675478634496
trf_mirror_tilt_y = 0.07760811540318666
d_col_grm = -0.009501268966903594
grism_dec_x = 236.43436363612776
grism_dec_y = 0.03410161540054938
grm_tilt_x = -0.015773918245422156
grm_tilt_y = 2.3043466024567727
grm_G = 222.8251645772453
grm_apex = 17.815100109839364
d_grm_cam  = 21.60849490560658
cam_dec_x = -0.3018555138241731
cam_dec_y = 0.2504382151815167
cam_tilt_x = -0.01874754395904861
cam_tilt_y = -0.015128560674332388
d_cam_ff  = -160.4008461808269
ccd_ff_dec_x = -0.0035108991687981387
ccd_ff_dec_y = 0.0003200703067379944
ccd_ff_tilt_x = 0.14599425708235797
ccd_ff_tilt_y = -0.5720904842803636
ccd_ff_tilt_z = 0.17255206277854207
d_ff_ccd  = -4.811345586045115
ccd_dec_x = 0.6206654771577581
ccd_dec_y = 5.15527674363945
ccd_defocus = 0.3164772073197179
ccd_tilt_x = 0.007589642485072473
ccd_tilt_y = -0.013941779323697367
ccd_tilt_z = 3.114090650704062e-06
p = 0.0001