slit_dec_x_a = -0.1704010755187174
slit_dec_y_a = -0.1956586180351446
slit_dec_x_b = 0.175
slit_dec_y_b = -1.5699113831544502e-96
slit_defocus = 0.00542895994608244
slit_tilt_x = 1.1860816213871854
slit_tilt_y = -8.540215245488007
slit_tilt_z = -8.990772252357546
d_slit_col = 1594.294485458337
coll_tilt_x = 0.08866509493310196
coll_tilt_y = -0.032027021159524716
ech_G = 31.6106606981354
ech_blaze = -74.97694299860699
ech_gamma = 1.1402142844404457
echelle_z = 0.07465881141941967
d_col_trf = -1588.018512894098
trf_mirror_tilt_x = 0.13883630084366594
trf_mirror_tilt_y = 0.07758199674006337
d_col_grm = -0.009648690801310826
grism_dec_x = 236.4343397429566
grism_dec_y = 0.03430205183345164
grm_tilt_x = -0.015775860984555717
grm_tilt_y = 2.3043569390222314
grm_G = 222.8251712073596
grm_apex = 17.815268195101098
d_grm_cam  = 21.608497505064534
cam_dec_x = -0.30216403098333877
cam_dec_y = 0.25035614717305965
cam_tilt_x = -0.01861707358321315
cam_tilt_y = -0.01497569364463901
d_cam_ff  = -160.40178554609017
ccd_ff_dec_x = -0.0035044640447995617
ccd_ff_dec_y = 0.00026837371907838714
ccd_ff_tilt_x = 0.14578345849041527
ccd_ff_tilt_y = -0.5721032796970291
ccd_ff_tilt_z = 0.17257554486169965
d_ff_ccd  = -4.811198230241915
ccd_dec_x = 0.620661078636108
ccd_dec_y = 5.155268514427405
ccd_defocus = 0.31646342211501516
ccd_tilt_x = 0.007620826767667832
ccd_tilt_y = -0.014067979666208345
ccd_tilt_z = 3.1455326106847886e-06
p = 0.0001