slit_dec_x_a = -0.1704010755187174
slit_dec_y_a = -0.1956586180351446
slit_dec_x_b = 0.175
slit_dec_y_b = -1.7103929677085689e-96
slit_defocus = 0.00555921000232156
slit_tilt_x = 1.186134207104719
slit_tilt_y = -8.540085252381171
slit_tilt_z = -8.990820293801512
d_slit_col = 1594.2945524987535
coll_tilt_x = 0.08869104881214902
coll_tilt_y = -0.03196548057799484
ech_G = 31.61066667581135
ech_blaze = -74.97694638059417
ech_gamma = 1.1402025413817347
echelle_z = 0.07466148634029414
d_col_trf = -1588.018498081516
trf_mirror_tilt_x = 0.13876630567370765
trf_mirror_tilt_y = 0.07744851186895017
d_col_grm = -0.009639836381459686
grism_dec_x = 236.4341976948798
grism_dec_y = 0.034205752731093046
grm_tilt_x = -0.01576559330247955
grm_tilt_y = 2.304358673890111
grm_G = 222.82515474526687
grm_apex = 17.815187732912023
d_grm_cam  = 21.608483970833866
cam_dec_x = -0.30187035463173556
cam_dec_y = 0.2502754399048866
cam_tilt_x = -0.018564114746012404
cam_tilt_y = -0.01519908543134164
d_cam_ff  = -160.40136595724576
ccd_ff_dec_x = -0.003505673725930697
ccd_ff_dec_y = 0.00037755383701486365
ccd_ff_tilt_x = 0.14612503613549158
ccd_ff_tilt_y = -0.5720712682265677
ccd_ff_tilt_z = 0.17255279635568302
d_ff_ccd  = -4.811469667272626
ccd_dec_x = 0.6206555051339306
ccd_dec_y = 5.1552914990214544
ccd_defocus = 0.316236274883014
ccd_tilt_x = 0.007816313702215291
ccd_tilt_y = -0.014220589859087985
ccd_tilt_z = 3.07966703686379e-06
p = 0.0001