slit_dec_x_a = -0.1704010755187174
slit_dec_y_a = -0.1956586180351446
slit_dec_x_b = 0.175
slit_dec_y_b = -1.702102417755698e-96
slit_defocus = 0.005570798484695539
slit_tilt_x = 1.1861687068282145
slit_tilt_y = -8.540115253198913
slit_tilt_z = -8.99079445488371
d_slit_col = 1594.2945408938613
coll_tilt_x = 0.08858192930995884
coll_tilt_y = -0.03194199654027883
ech_G = 31.610677482023092
ech_blaze = -74.97695434294725
ech_gamma = 1.140200383774869
echelle_z = 0.07467208426438536
d_col_trf = -1588.018526823939
trf_mirror_tilt_x = 0.13899945477264247
trf_mirror_tilt_y = 0.07755740277671055
d_col_grm = -0.009490560838867696
grism_dec_x = 236.43433138662127
grism_dec_y = 0.03421089567926734
grm_tilt_x = -0.01577824630500481
grm_tilt_y = 2.304345521673748
grm_G = 222.8251666408485
grm_apex = 17.8153168381737
d_grm_cam  = 21.6085008845166
cam_dec_x = -0.30183238152259456
cam_dec_y = 0.2503255979333024
cam_tilt_x = -0.01881462000612547
cam_tilt_y = -0.015066911094090953
d_cam_ff  = -160.40197704239242
ccd_ff_dec_x = -0.003502219893323121
ccd_ff_dec_y = 0.00034876383706124235
ccd_ff_tilt_x = 0.14601862770042948
ccd_ff_tilt_y = -0.5720881776104184
ccd_ff_tilt_z = 0.1725565337314049
d_ff_ccd  = -4.8112705519137755
ccd_dec_x = 0.6206658207527077
ccd_dec_y = 5.155285949706657
ccd_defocus = 0.3163270851172482
ccd_tilt_x = 0.007619006422527414
ccd_tilt_y = -0.014098999272156685
ccd_tilt_z = 3.084202177722149e-06
p = 0.0001