slit_dec_x_a = -0.1704010755187174
slit_dec_y_a = -0.1956586180351446
slit_dec_x_b = 0.175
slit_dec_y_b = -1.7604896051138096e-96
slit_defocus = 0.005475651865771147
slit_tilt_x = 1.1861001596760024
slit_tilt_y = -8.540085892837023
slit_tilt_z = -8.990650011017863
d_slit_col = 1594.294606768386
coll_tilt_x = 0.08876971243669861
coll_tilt_y = -0.032022136155360204
ech_G = 31.61067408410238
ech_blaze = -74.97693102825984
ech_gamma = 1.1402050690816408
echelle_z = 0.07466158544608051
d_col_trf = -1588.0185378498322
trf_mirror_tilt_x = 0.13886978449802445
trf_mirror_tilt_y = 0.07767217389545378
d_col_grm = -0.009412591866371249
grism_dec_x = 236.4343958650632
grism_dec_y = 0.0342162658421901
grm_tilt_x = -0.015779763048334904
grm_tilt_y = 2.3043475947260164
grm_G = 222.8251804422098
grm_apex = 17.81510889065181
d_grm_cam  = 21.608489072400317
cam_dec_x = -0.30187944960157914
cam_dec_y = 0.25048721202054597
cam_tilt_x = -0.01853990255375098
cam_tilt_y = -0.015139302065060827
d_cam_ff  = -160.3998133927648
ccd_ff_dec_x = -0.0035042311183980327
ccd_ff_dec_y = 0.00036493504874010856
ccd_ff_tilt_x = 0.1458593687196202
ccd_ff_tilt_y = -0.572092838356407
ccd_ff_tilt_z = 0.17258264521062924
d_ff_ccd  = -4.811404276063219
ccd_dec_x = 0.6206572924016718
ccd_dec_y = 5.155284880176101
ccd_defocus = 0.3163139655335803
ccd_tilt_x = 0.007718457575849913
ccd_tilt_y = -0.014073171461485947
ccd_tilt_z = 3.139092489243885e-06
p = 0.0001