slit_dec_x_a = -0.1704010755187174
slit_dec_y_a = -0.1956586180351446
slit_dec_x_b = 0.175
slit_dec_y_b = -1.6699265460141154e-96
slit_defocus = 0.00554652161556693
slit_tilt_x = 1.1861136865001227
slit_tilt_y = -8.540106586760109
slit_tilt_z = -8.9907943673354
d_slit_col = 1594.29474939802
coll_tilt_x = 0.08859831393010234
coll_tilt_y = -0.03197000727312888
ech_G = 31.610672414992603
ech_blaze = -74.9769343887843
ech_gamma = 1.1401973927295637
echelle_z = 0.0746634779086536
d_col_trf = -1588.0185080030158
trf_mirror_tilt_x = 0.13893849441184966
trf_mirror_tilt_y = 0.07766047307886303
d_col_grm = -0.009382694463803555
grism_dec_x = 236.43439108285733
grism_dec_y = 0.03417746052623134
grm_tilt_x = -0.01577589330794824
grm_tilt_y = 2.3043458105674883
grm_G = 222.82517516720281
grm_apex = 17.815176409366714
d_grm_cam  = 21.60849502173412
cam_dec_x = -0.3020024313646314
cam_dec_y = 0.25042290906374376
cam_tilt_x = -0.01874911747420475
cam_tilt_y = -0.01509563198286454
d_cam_ff  = -160.4013872760312
ccd_ff_dec_x = -0.0035101043121294204
ccd_ff_dec_y = 0.00024578999523319675
ccd_ff_tilt_x = 0.14595295401047773
ccd_ff_tilt_y = -0.5720922822449854
ccd_ff_tilt_z = 0.1725784980422192
d_ff_ccd  = -4.811394904718689
ccd_dec_x = 0.6206483541736293
ccd_dec_y = 5.155290013275701
ccd_defocus = 0.31645818095576317
ccd_tilt_x = 0.007809572789650045
ccd_tilt_y = -0.014061537537504706
ccd_tilt_z = 3.063260993668387e-06
p = 0.0001