slit_dec_x_a = -0.1704010755187174
slit_dec_y_a = -0.1956586180351446
slit_dec_x_b = 0.175
slit_dec_y_b = -1.674418633215806e-96
slit_defocus = 0.00539115949341622
slit_tilt_x = 1.186204469496603
slit_tilt_y = -8.539864568384708
slit_tilt_z = -8.990695243286728
d_slit_col = 1594.294655154846
coll_tilt_x = 0.08847649182432175
coll_tilt_y = -0.03197215352642041
ech_G = 31.610665615143038
ech_blaze = -74.97694879591961
ech_gamma = 1.14019994836384
echelle_z = 0.07468876146197016
d_col_trf = -1588.0185181207319
trf_mirror_tilt_x = 0.13901794370087417
trf_mirror_tilt_y = 0.07760711791688295
d_col_grm = -0.00942647962354027
grism_dec_x = 236.43428162853857
grism_dec_y = 0.03389132021988512
grm_tilt_x = -0.015787456199777745
grm_tilt_y = 2.304361462626472
grm_G = 222.82518203255762
grm_apex = 17.815113821726463
d_grm_cam  = 21.608482748097646
cam_dec_x = -0.3019547159917118
cam_dec_y = 0.2503233378334739
cam_tilt_x = -0.01884188173392378
cam_tilt_y = -0.015123738432104052
d_cam_ff  = -160.40244605277758
ccd_ff_dec_x = -0.0035084871373992016
ccd_ff_dec_y = 0.00027009630845959196
ccd_ff_tilt_x = 0.14597466165668052
ccd_ff_tilt_y = -0.5720906246439335
ccd_ff_tilt_z = 0.17255742689736656
d_ff_ccd  = -4.811373497846701
ccd_dec_x = 0.6206663595929761
ccd_dec_y = 5.155274925042974
ccd_defocus = 0.31627071489115827
ccd_tilt_x = 0.007631780198290712
ccd_tilt_y = -0.014166691251454862
ccd_tilt_z = 3.1406720527023835e-06
p = 0.0001