slit_dec_x_a = -0.1704010755187174
slit_dec_y_a = -0.1956586180351446
slit_dec_x_b = 0.175
slit_dec_y_b = -1.6474376884346303e-96
slit_defocus = 0.005637668864591539
slit_tilt_x = 1.1860363855349003
slit_tilt_y = -8.540192744162635
slit_tilt_z = -8.99064531885812
d_slit_col = 1594.29463858333
coll_tilt_x = 0.08875988493770263
coll_tilt_y = -0.03208752956651699
ech_G = 31.610669887278675
ech_blaze = -74.97691556893668
ech_gamma = 1.1402078291135571
echelle_z = 0.07468192069762669
d_col_trf = -1588.0185233719942
trf_mirror_tilt_x = 0.13884073870954172
trf_mirror_tilt_y = 0.07753186070648059
d_col_grm = -0.009551018583694884
grism_dec_x = 236.43428406196344
grism_dec_y = 0.0343360722314195
grm_tilt_x = -0.015770795040659476
grm_tilt_y = 2.30433340569681
grm_G = 222.82517207764408
grm_apex = 17.815202342926305
d_grm_cam  = 21.608502784844898
cam_dec_x = -0.3017394129560326
cam_dec_y = 0.2504135285166788
cam_tilt_x = -0.01860395317083196
cam_tilt_y = -0.014896978285902815
d_cam_ff  = -160.40028126829293
ccd_ff_dec_x = -0.0035011786082339157
ccd_ff_dec_y = 1.279061296240151e-05
ccd_ff_tilt_x = 0.14608760710134935
ccd_ff_tilt_y = -0.5720700000416563
ccd_ff_tilt_z = 0.17256464013680484
d_ff_ccd  = -4.811301396955122
ccd_dec_x = 0.6206611578363057
ccd_dec_y = 5.155263226138663
ccd_defocus = 0.3164997112975766
ccd_tilt_x = 0.007785271009664404
ccd_tilt_y = -0.01419350727976665
ccd_tilt_z = 3.1724655900043436e-06
p = 0.0001