slit_dec_x_a = -0.1704010755187174
slit_dec_y_a = -0.1956586180351446
slit_dec_x_b = 0.175
slit_dec_y_b = -1.640236156059264e-96
slit_defocus = 0.005484312331508511
slit_tilt_x = 1.186108747556661
slit_tilt_y = -8.540021496508311
slit_tilt_z = -8.990785109804133
d_slit_col = 1594.294660788156
coll_tilt_x = 0.08857491538562857
coll_tilt_y = -0.03194377885811835
ech_G = 31.61067232841243
ech_blaze = -74.97694726807936
ech_gamma = 1.1402076938140797
echelle_z = 0.07467708259327356
d_col_trf = -1588.0185198527993
trf_mirror_tilt_x = 0.13880087307017622
trf_mirror_tilt_y = 0.07761567350112052
d_col_grm = -0.009544587543308398
grism_dec_x = 236.43425655243766
grism_dec_y = 0.03415315785994276
grm_tilt_x = -0.015774044769994916
grm_tilt_y = 2.3043488534668857
grm_G = 222.82517007432662
grm_apex = 17.815196397811228
d_grm_cam  = 21.608480678588926
cam_dec_x = -0.3019536316539785
cam_dec_y = 0.2503504621011885
cam_tilt_x = -0.018752109112195135
cam_tilt_y = -0.015131641301260167
d_cam_ff  = -160.40153775386668
ccd_ff_dec_x = -0.0035034685742889255
ccd_ff_dec_y = 0.00019492505227817987
ccd_ff_tilt_x = 0.14600586820622996
ccd_ff_tilt_y = -0.5720793677825711
ccd_ff_tilt_z = 0.17256059173232235
d_ff_ccd  = -4.81141453528308
ccd_dec_x = 0.6206640474684114
ccd_dec_y = 5.155289372134995
ccd_defocus = 0.31638969206782414
ccd_tilt_x = 0.007593539821841594
ccd_tilt_y = -0.014055693726360579
ccd_tilt_z = 3.126033708810694e-06
p = 0.0001