slit_dec_x_a = -0.1704010755187174
slit_dec_y_a = -0.1956586180351446
slit_dec_x_b = 0.175
slit_dec_y_b = -1.7225939105163252e-96
slit_defocus = 0.005576502539662712
slit_tilt_x = 1.186166555852109
slit_tilt_y = -8.540044546259812
slit_tilt_z = -8.990552477747759
d_slit_col = 1594.2945526980234
coll_tilt_x = 0.08851097441910911
coll_tilt_y = -0.031961082980878415
ech_G = 31.610660694434717
ech_blaze = -74.97692942134748
ech_gamma = 1.1401953279516734
echelle_z = 0.0746723928881816
d_col_trf = -1588.018528082338
trf_mirror_tilt_x = 0.1389962430137225
trf_mirror_tilt_y = 0.07746834928039689
d_col_grm = -0.009424555883274491
grism_dec_x = 236.43430503316668
grism_dec_y = 0.034103909747513025
grm_tilt_x = -0.015780980167519734
grm_tilt_y = 2.3043550607798586
grm_G = 222.82519840868338
grm_apex = 17.81519481128083
d_grm_cam  = 21.608478441034915
cam_dec_x = -0.301941306128533
cam_dec_y = 0.25029793254405625
cam_tilt_x = -0.0188035406649282
cam_tilt_y = -0.015127920495183585
d_cam_ff  = -160.40122762860216
ccd_ff_dec_x = -0.0035175181750817736
ccd_ff_dec_y = 0.00039920783413543217
ccd_ff_tilt_x = 0.14600018852290242
ccd_ff_tilt_y = -0.5721082985381895
ccd_ff_tilt_z = 0.1725467756971867
d_ff_ccd  = -4.811239405342027
ccd_dec_x = 0.6206604436177041
ccd_dec_y = 5.155298043961935
ccd_defocus = 0.31611345073279357
ccd_tilt_x = 0.007736847612288525
ccd_tilt_y = -0.014124031675129035
ccd_tilt_z = 3.117959910227008e-06
p = 0.0001