slit_dec_x_a = -0.1704010755187174
slit_dec_y_a = -0.1956586180351446
slit_dec_x_b = 0.175
slit_dec_y_b = -1.7202126677754187e-96
slit_defocus = 0.005335257960076591
slit_tilt_x = 1.1861098514982147
slit_tilt_y = -8.540155890660392
slit_tilt_z = -8.990684928544857
d_slit_col = 1594.2946778611413
coll_tilt_x = 0.08862340853904609
coll_tilt_y = -0.03201447254859081
ech_G = 31.610659601293705
ech_blaze = -74.97693134258718
ech_gamma = 1.1402020686064989
echelle_z = 0.07465548624394167
d_col_trf = -1588.0185230579189
trf_mirror_tilt_x = 0.13883684674893937
trf_mirror_tilt_y = 0.0775654567005022
d_col_grm = -0.009576354059993774
grism_dec_x = 236.43442003409854
grism_dec_y = 0.03431516530988996
grm_tilt_x = -0.015773703037253787
grm_tilt_y = 2.304339367041188
grm_G = 222.82517206544554
grm_apex = 17.815178127359232
d_grm_cam  = 21.60849910132224
cam_dec_x = -0.30204656398380564
cam_dec_y = 0.25043632903593166
cam_tilt_x = -0.01863666803126192
cam_tilt_y = -0.015057920198877332
d_cam_ff  = -160.40102449294318
ccd_ff_dec_x = -0.003525235612792935
ccd_ff_dec_y = 9.603821933163043e-05
ccd_ff_tilt_x = 0.14587223623888051
ccd_ff_tilt_y = -0.5720914241394505
ccd_ff_tilt_z = 0.17255833370458426
d_ff_ccd  = -4.811404430344294
ccd_dec_x = 0.620664600582055
ccd_dec_y = 5.155284808841542
ccd_defocus = 0.31650659348063204
ccd_tilt_x = 0.0076992011142333954
ccd_tilt_y = -0.014162632672300687
ccd_tilt_z = 3.134088013761403e-06
p = 0.0001