slit_dec_x_a = -0.17040209352875252
slit_dec_y_a = -0.19571681879064787
slit_dec_x_b = 0.175
slit_dec_y_b = -1.816466988143062e-96
slit_defocus = 0.00489731685783619
slit_tilt_x = 1.186164293336518
slit_tilt_y = -8.540266051329912
slit_tilt_z = -8.991300262529357
d_slit_col = 1594.2946822464883
coll_tilt_x = 0.08876704892728418
coll_tilt_y = -0.03191276902195894
ech_G = 31.61066743880135
ech_blaze = -74.9769128127828
ech_gamma = 1.1401675710344026
echelle_z = 0.07462950984796543
d_col_trf = -1588.018493963721
trf_mirror_tilt_x = 0.13888672952274142
trf_mirror_tilt_y = 0.07727533385251645
d_col_grm = -0.009838995551182101
grism_dec_x = 236.43446889866183
grism_dec_y = 0.034839638090627914
grm_tilt_x = -0.01579880816029186
grm_tilt_y = 2.3043914263964025
grm_G = 222.8252087232131
grm_apex = 17.81488382673263
d_grm_cam  = 21.60849965487683
cam_dec_x = -0.30221794841254973
cam_dec_y = 0.2503393973810436
cam_tilt_x = -0.018483754358749625
cam_tilt_y = -0.015632625286578893
d_cam_ff  = -160.40111007543553
ccd_ff_dec_x = -0.0034670081048732565
ccd_ff_dec_y = 0.0010091483509929817
ccd_ff_tilt_x = 0.14625154641773533
ccd_ff_tilt_y = -0.5720662130698929
ccd_ff_tilt_z = 0.17256128227841058
d_ff_ccd  = -4.811128660044142
ccd_dec_x = 0.6206781770325981
ccd_dec_y = 5.155330895387605
ccd_defocus = 0.3162765816378066
ccd_tilt_x = 0.007468654828592927
ccd_tilt_y = -0.014090280713215435
ccd_tilt_z = 3.1389614978125014e-06
p = 0.0001