slit_dec_x_a = -0.1704010755187174
slit_dec_y_a = -0.1956586180351446
slit_dec_x_b = 0.175
slit_dec_y_b = -1.6415527692650049e-96
slit_defocus = 0.005438835449301012
slit_tilt_x = 1.1858856386115855
slit_tilt_y = -8.540091810025636
slit_tilt_z = -8.990500574517931
d_slit_col = 1594.2947899603234
coll_tilt_x = 0.08862945214456876
coll_tilt_y = -0.03200811150795248
ech_G = 31.610661139004442
ech_blaze = -74.97693425379937
ech_gamma = 1.1402174234710527
echelle_z = 0.07468540911565882
d_col_trf = -1588.01850611123
trf_mirror_tilt_x = 0.13881749241602537
trf_mirror_tilt_y = 0.07753537754298417
d_col_grm = -0.009640198867970544
grism_dec_x = 236.43424784270283
grism_dec_y = 0.034029608488075284
grm_tilt_x = -0.015786644857882115
grm_tilt_y = 2.3043472799776734
grm_G = 222.82515961205524
grm_apex = 17.81502615896635
d_grm_cam  = 21.608482020651635
cam_dec_x = -0.30206915973374565
cam_dec_y = 0.2504994954720135
cam_tilt_x = -0.01868704701265885
cam_tilt_y = -0.015120748802874184
d_cam_ff  = -160.40153525009305
ccd_ff_dec_x = -0.0035139006225154692
ccd_ff_dec_y = 0.00021099748498069066
ccd_ff_tilt_x = 0.14577689088206203
ccd_ff_tilt_y = -0.5720860584764649
ccd_ff_tilt_z = 0.1725652938184682
d_ff_ccd  = -4.811464075657219
ccd_dec_x = 0.6206585742929757
ccd_dec_y = 5.15529574510826
ccd_defocus = 0.31620390097816725
ccd_tilt_x = 0.007589240547998294
ccd_tilt_y = -0.014272186973607864
ccd_tilt_z = 3.1121200614154596e-06
p = 0.0001