slit_dec_x_a = -0.1704010755187174
slit_dec_y_a = -0.1956586180351446
slit_dec_x_b = 0.175
slit_dec_y_b = -1.7985284171564516e-96
slit_defocus = 0.005516801498783092
slit_tilt_x = 1.1860299053165864
slit_tilt_y = -8.540009636887259
slit_tilt_z = -8.990671976856465
d_slit_col = 1594.294668915092
coll_tilt_x = 0.08850387295155036
coll_tilt_y = -0.03192242676351167
ech_G = 31.610670009653663
ech_blaze = -74.97693581009767
ech_gamma = 1.1402088035200566
echelle_z = 0.07467305079085282
d_col_trf = -1588.0185136257899
trf_mirror_tilt_x = 0.13890008129969938
trf_mirror_tilt_y = 0.07759807663957172
d_col_grm = -0.009514485874786257
grism_dec_x = 236.434221302879
grism_dec_y = 0.03429516218250602
grm_tilt_x = -0.01578985652501409
grm_tilt_y = 2.3043548093586126
grm_G = 222.82516901617274
grm_apex = 17.81517086938933
d_grm_cam  = 21.608481384975487
cam_dec_x = -0.302033932460531
cam_dec_y = 0.2502908239166019
cam_tilt_x = -0.018843587525101485
cam_tilt_y = -0.015153163986737151
d_cam_ff  = -160.40209657513986
ccd_ff_dec_x = -0.0035162808392822853
ccd_ff_dec_y = 0.00028918477362127674
ccd_ff_tilt_x = 0.1459515926681728
ccd_ff_tilt_y = -0.5720905530127208
ccd_ff_tilt_z = 0.17256602829771187
d_ff_ccd  = -4.8115665533898255
ccd_dec_x = 0.6206447844621232
ccd_dec_y = 5.155281783083412
ccd_defocus = 0.3162807081532981
ccd_tilt_x = 0.007713058276781739
ccd_tilt_y = -0.014129614482918858
ccd_tilt_z = 3.114802625851312e-06
p = 0.0001