slit_dec_x_a = -0.1704010755187174
slit_dec_y_a = -0.1956586180351446
slit_dec_x_b = 0.175
slit_dec_y_b = -1.742462564941056e-96
slit_defocus = 0.005484696111216677
slit_tilt_x = 1.18612780984244
slit_tilt_y = -8.540172132046564
slit_tilt_z = -8.990776595817167
d_slit_col = 1594.294548426392
coll_tilt_x = 0.0885737778546178
coll_tilt_y = -0.031951160814896
ech_G = 31.61066954276007
ech_blaze = -74.9769371809001
ech_gamma = 1.1402001150313201
echelle_z = 0.07467891762412714
d_col_trf = -1588.018528042901
trf_mirror_tilt_x = 0.13882051138704116
trf_mirror_tilt_y = 0.07761650549577268
d_col_grm = -0.009485638960788585
grism_dec_x = 236.4342057952233
grism_dec_y = 0.03406157904172427
grm_tilt_x = -0.01578236275625087
grm_tilt_y = 2.3043540270371876
grm_G = 222.82517990732117
grm_apex = 17.815140939173684
d_grm_cam  = 21.608469773466986
cam_dec_x = -0.30184036589173374
cam_dec_y = 0.2504827392858795
cam_tilt_x = -0.018779456998987986
cam_tilt_y = -0.015143532655301975
d_cam_ff  = -160.40172605202497
ccd_ff_dec_x = -0.0035038177796271903
ccd_ff_dec_y = 0.00024712223090015166
ccd_ff_tilt_x = 0.14598979629799144
ccd_ff_tilt_y = -0.5720990671631213
ccd_ff_tilt_z = 0.17257097392703366
d_ff_ccd  = -4.811370840163907
ccd_dec_x = 0.620651966331338
ccd_dec_y = 5.155273726287539
ccd_defocus = 0.31638059787938627
ccd_tilt_x = 0.007706644466101734
ccd_tilt_y = -0.014110845299000762
ccd_tilt_z = 3.05571845836402e-06
p = 0.0001