slit_dec_x_a = -0.1704010755187174
slit_dec_y_a = -0.1956586180351446
slit_dec_x_b = 0.175
slit_dec_y_b = -2.018047061686101e-96
slit_defocus = 0.005320651083317515
slit_tilt_x = 1.1860343974073755
slit_tilt_y = -8.540121909523068
slit_tilt_z = -8.990569744511745
d_slit_col = 1594.294702727605
coll_tilt_x = 0.08873007948755561
coll_tilt_y = -0.03201829454161226
ech_G = 31.610677230278192
ech_blaze = -74.97694711398127
ech_gamma = 1.1402121988920015
echelle_z = 0.07467976711175395
d_col_trf = -1588.0185223255983
trf_mirror_tilt_x = 0.13879036569377956
trf_mirror_tilt_y = 0.07763606589261404
d_col_grm = -0.009593308048433802
grism_dec_x = 236.43433225215955
grism_dec_y = 0.034182939867326914
grm_tilt_x = -0.015763136393662756
grm_tilt_y = 2.304337944334557
grm_G = 222.82516753895248
grm_apex = 17.814998924986828
d_grm_cam  = 21.608504783905843
cam_dec_x = -0.3020821641151059
cam_dec_y = 0.25061169446635806
cam_tilt_x = -0.018623424924210517
cam_tilt_y = -0.015119106721325524
d_cam_ff  = -160.4008874707859
ccd_ff_dec_x = -0.0034977817104393386
ccd_ff_dec_y = 0.00018150512846756855
ccd_ff_tilt_x = 0.14589996877006614
ccd_ff_tilt_y = -0.5720807185158697
ccd_ff_tilt_z = 0.1725602940792676
d_ff_ccd  = -4.811438208909657
ccd_dec_x = 0.6206533517722725
ccd_dec_y = 5.155274281597339
ccd_defocus = 0.3163603379955743
ccd_tilt_x = 0.0076540261845626165
ccd_tilt_y = -0.014204154887713788
ccd_tilt_z = 3.137096351993684e-06
p = 0.0001