slit_dec_x_a = -0.1704010755187174
slit_dec_y_a = -0.1956586180351446
slit_dec_x_b = 0.175
slit_dec_y_b = -1.7477743278991137e-96
slit_defocus = 0.0054798076327003
slit_tilt_x = 1.1861740286152112
slit_tilt_y = -8.540214769540535
slit_tilt_z = -8.99070727100883
d_slit_col = 1594.2946236625612
coll_tilt_x = 0.08870446790393471
coll_tilt_y = -0.03190247951493113
ech_G = 31.610681678349227
ech_blaze = -74.97695358279124
ech_gamma = 1.1402038495226023
echelle_z = 0.07468893749616755
d_col_trf = -1588.0185129656873
trf_mirror_tilt_x = 0.1387031318985485
trf_mirror_tilt_y = 0.07763482291027485
d_col_grm = -0.009395767189789137
grism_dec_x = 236.43433689321077
grism_dec_y = 0.03410057314279783
grm_tilt_x = -0.01578102457098921
grm_tilt_y = 2.3043613574839568
grm_G = 222.82516472672054
grm_apex = 17.815280549163703
d_grm_cam  = 21.608493421937183
cam_dec_x = -0.3019070159895179
cam_dec_y = 0.25051069243652035
cam_tilt_x = -0.018637523533871495
cam_tilt_y = -0.015202406856894337
d_cam_ff  = -160.40188931590595
ccd_ff_dec_x = -0.003498543792681045
ccd_ff_dec_y = 0.00027561763687460603
ccd_ff_tilt_x = 0.14590591460382413
ccd_ff_tilt_y = -0.5720841475467905
ccd_ff_tilt_z = 0.17257735929296777
d_ff_ccd  = -4.811520055951318
ccd_dec_x = 0.6206592148091857
ccd_dec_y = 5.155290443703757
ccd_defocus = 0.3165079682482285
ccd_tilt_x = 0.007597077685598247
ccd_tilt_y = -0.014077280013962865
ccd_tilt_z = 3.1168752136546806e-06
p = 0.0001