slit_dec_x_a = -0.1704010755187174
slit_dec_y_a = -0.1956586180351446
slit_dec_x_b = 0.175
slit_dec_y_b = -1.7291514110180645e-96
slit_defocus = 0.005522515887591595
slit_tilt_x = 1.1859960917094905
slit_tilt_y = -8.540031404321828
slit_tilt_z = -8.99087291957676
d_slit_col = 1594.2944656547982
coll_tilt_x = 0.08864259877931642
coll_tilt_y = -0.032044231175655497
ech_G = 31.610658444834844
ech_blaze = -74.9769519287904
ech_gamma = 1.1401975092073167
echelle_z = 0.07468441262650084
d_col_trf = -1588.0185147666762
trf_mirror_tilt_x = 0.1388203254055562
trf_mirror_tilt_y = 0.07755145389446122
d_col_grm = -0.009450870165955933
grism_dec_x = 236.43436633157293
grism_dec_y = 0.03405612113015546
grm_tilt_x = -0.015758431142485384
grm_tilt_y = 2.3043483544005663
grm_G = 222.8251642575001
grm_apex = 17.815154204600926
d_grm_cam  = 21.608479385088277
cam_dec_x = -0.30178607120543066
cam_dec_y = 0.2504275922307929
cam_tilt_x = -0.018592660546690187
cam_tilt_y = -0.015065660112732577
d_cam_ff  = -160.4013936190977
ccd_ff_dec_x = -0.003511000220071325
ccd_ff_dec_y = 0.00027421239262759414
ccd_ff_tilt_x = 0.14596561282475692
ccd_ff_tilt_y = -0.5720825408326664
ccd_ff_tilt_z = 0.17255391609805687
d_ff_ccd  = -4.811406809632516
ccd_dec_x = 0.6206519279728594
ccd_dec_y = 5.15527978059658
ccd_defocus = 0.3163315530208242
ccd_tilt_x = 0.007635111793399122
ccd_tilt_y = -0.014119926479607579
ccd_tilt_z = 3.143252924783148e-06
p = 0.0001