slit_dec_x_a = -0.1704010755187174
slit_dec_y_a = -0.1956586180351446
slit_dec_x_b = 0.175
slit_dec_y_b = -1.8618841413823045e-96
slit_defocus = 0.005426774206592857
slit_tilt_x = 1.186055656889797
slit_tilt_y = -8.53997352535141
slit_tilt_z = -8.990588245862119
d_slit_col = 1594.294545145027
coll_tilt_x = 0.08854728258185197
coll_tilt_y = -0.03194987717905834
ech_G = 31.61065636983948
ech_blaze = -74.9769221104364
ech_gamma = 1.1401890006059652
echelle_z = 0.07465747171954684
d_col_trf = -1588.0185190723398
trf_mirror_tilt_x = 0.13883524668220237
trf_mirror_tilt_y = 0.07777742208077693
d_col_grm = -0.009525077704543144
grism_dec_x = 236.4342433434071
grism_dec_y = 0.03409049341623943
grm_tilt_x = -0.015760758689020694
grm_tilt_y = 2.3043659156487943
grm_G = 222.82516836609182
grm_apex = 17.81521743802284
d_grm_cam  = 21.608503712486918
cam_dec_x = -0.30173522230672145
cam_dec_y = 0.2503385729223597
cam_tilt_x = -0.01867542820000124
cam_tilt_y = -0.015205970537298531
d_cam_ff  = -160.4010490192929
ccd_ff_dec_x = -0.0035052586382542526
ccd_ff_dec_y = 0.00028817971594300226
ccd_ff_tilt_x = 0.14599133092574418
ccd_ff_tilt_y = -0.5720858140710106
ccd_ff_tilt_z = 0.17257345559890055
d_ff_ccd  = -4.811397978091211
ccd_dec_x = 0.6206532773133892
ccd_dec_y = 5.155279382522306
ccd_defocus = 0.3164055989935319
ccd_tilt_x = 0.007607472658386703
ccd_tilt_y = -0.014074622739061158
ccd_tilt_z = 3.1602365909210816e-06
p = 0.0001