slit_dec_x_a = -0.1704010755187174
slit_dec_y_a = -0.1956586180351446
slit_dec_x_b = 0.175
slit_dec_y_b = -1.6300943581464283e-96
slit_defocus = 0.005663324511306732
slit_tilt_x = 1.1859899513130412
slit_tilt_y = -8.540065044321704
slit_tilt_z = -8.990744657178295
d_slit_col = 1594.294448107987
coll_tilt_x = 0.08875840201262604
coll_tilt_y = -0.03204243724320331
ech_G = 31.61067007288363
ech_blaze = -74.97692520443545
ech_gamma = 1.140200220299067
echelle_z = 0.07468238850259211
d_col_trf = -1588.018513700164
trf_mirror_tilt_x = 0.13880252299367563
trf_mirror_tilt_y = 0.07756998761534052
d_col_grm = -0.009602051982913888
grism_dec_x = 236.43443639680612
grism_dec_y = 0.03403235102310357
grm_tilt_x = -0.015748933659623557
grm_tilt_y = 2.304352916858024
grm_G = 222.8251478175923
grm_apex = 17.815091890770514
d_grm_cam  = 21.608472675173267
cam_dec_x = -0.3019686139031081
cam_dec_y = 0.25045824212147005
cam_tilt_x = -0.018550776712892007
cam_tilt_y = -0.0151128190145244
d_cam_ff  = -160.40129662240716
ccd_ff_dec_x = -0.0035045391833634885
ccd_ff_dec_y = 0.00023261359769338112
ccd_ff_tilt_x = 0.14611529386424674
ccd_ff_tilt_y = -0.572090100937436
ccd_ff_tilt_z = 0.17257004236091494
d_ff_ccd  = -4.8114198398362795
ccd_dec_x = 0.6206631427350167
ccd_dec_y = 5.15530302866386
ccd_defocus = 0.3165085153906158
ccd_tilt_x = 0.0076781786195639565
ccd_tilt_y = -0.01405688936858942
ccd_tilt_z = 3.166663487597737e-06
p = 0.0001