slit_dec_x_a = -0.1704010755187174
slit_dec_y_a = -0.1956586180351446
slit_dec_x_b = 0.175
slit_dec_y_b = -1.7941280279073423e-96
slit_defocus = 0.005504360960850797
slit_tilt_x = 1.185864995603039
slit_tilt_y = -8.53990487882101
slit_tilt_z = -8.990671111058624
d_slit_col = 1594.2946169907218
coll_tilt_x = 0.08853989825398595
coll_tilt_y = -0.03191458841353356
ech_G = 31.61066259629582
ech_blaze = -74.97693241278803
ech_gamma = 1.1402137433824167
echelle_z = 0.07467436714674555
d_col_trf = -1588.0185053648008
trf_mirror_tilt_x = 0.13869266015191498
trf_mirror_tilt_y = 0.07750019856072343
d_col_grm = -0.009536045043304053
grism_dec_x = 236.43427241027825
grism_dec_y = 0.03403809825660728
grm_tilt_x = -0.015765755055797918
grm_tilt_y = 2.304360750310652
grm_G = 222.82517241223348
grm_apex = 17.815189467183675
d_grm_cam  = 21.608488871682862
cam_dec_x = -0.3020247172234101
cam_dec_y = 0.2503385584930103
cam_tilt_x = -0.018781180464603493
cam_tilt_y = -0.015191885261271701
d_cam_ff  = -160.4008560272931
ccd_ff_dec_x = -0.0035231955046589195
ccd_ff_dec_y = 0.0003740634552388907
ccd_ff_tilt_x = 0.14595314764924458
ccd_ff_tilt_y = -0.5720835658216405
ccd_ff_tilt_z = 0.1725587061055431
d_ff_ccd  = -4.811347920355182
ccd_dec_x = 0.6206739849772525
ccd_dec_y = 5.155277503418701
ccd_defocus = 0.31632780825232054
ccd_tilt_x = 0.007721527023649459
ccd_tilt_y = -0.014083102568938785
ccd_tilt_z = 3.1307282294806914e-06
p = 0.0001