slit_dec_x_a = -0.1704010755187174
slit_dec_y_a = -0.1956586180351446
slit_dec_x_b = 0.175
slit_dec_y_b = -1.7804454816788298e-96
slit_defocus = 0.0054698580648762825
slit_tilt_x = 1.186065687718186
slit_tilt_y = -8.540056522481361
slit_tilt_z = -8.990701436697906
d_slit_col = 1594.2943513929156
coll_tilt_x = 0.08860652889681665
coll_tilt_y = -0.03190519074390672
ech_G = 31.610675928996443
ech_blaze = -74.97694197680666
ech_gamma = 1.14021756731274
echelle_z = 0.07467364510857688
d_col_trf = -1588.0185097328813
trf_mirror_tilt_x = 0.13879873194536507
trf_mirror_tilt_y = 0.07759796013195018
d_col_grm = -0.009682502928288803
grism_dec_x = 236.43411287536688
grism_dec_y = 0.03415218189208908
grm_tilt_x = -0.0157710134310145
grm_tilt_y = 2.304358540200358
grm_G = 222.82516578399847
grm_apex = 17.815216168215976
d_grm_cam  = 21.608492320545214
cam_dec_x = -0.30205916196061855
cam_dec_y = 0.25032252177757985
cam_tilt_x = -0.01892199805904712
cam_tilt_y = -0.015124362402047547
d_cam_ff  = -160.40148824576585
ccd_ff_dec_x = -0.0034963966480762976
ccd_ff_dec_y = 0.0002588037047070831
ccd_ff_tilt_x = 0.14597135934880331
ccd_ff_tilt_y = -0.5720774356077565
ccd_ff_tilt_z = 0.1725681199441245
d_ff_ccd  = -4.811444024626358
ccd_dec_x = 0.6206827129163769
ccd_dec_y = 5.155283205505855
ccd_defocus = 0.31633821778818366
ccd_tilt_x = 0.007728418420646886
ccd_tilt_y = -0.014168950234169326
ccd_tilt_z = 3.125539409393682e-06
p = 0.0001