slit_dec_x_a = -0.1704010755187174
slit_dec_y_a = -0.1956586180351446
slit_dec_x_b = 0.175
slit_dec_y_b = -1.7580152468980156e-96
slit_defocus = 0.005474758486506096
slit_tilt_x = 1.186394355113173
slit_tilt_y = -8.540265836049473
slit_tilt_z = -8.990755673385383
d_slit_col = 1594.2946334060323
coll_tilt_x = 0.08865096740008656
coll_tilt_y = -0.03202557479439822
ech_G = 31.610668932922522
ech_blaze = -74.97695259134922
ech_gamma = 1.1402151271685224
echelle_z = 0.07467688405275624
d_col_trf = -1588.0185242766413
trf_mirror_tilt_x = 0.13869950659088703
trf_mirror_tilt_y = 0.07738037394897748
d_col_grm = -0.009533570137383146
grism_dec_x = 236.4343244877376
grism_dec_y = 0.03419339120577975
grm_tilt_x = -0.015770905554683384
grm_tilt_y = 2.3043522178287055
grm_G = 222.8251755021533
grm_apex = 17.814906868642694
d_grm_cam  = 21.608505226043857
cam_dec_x = -0.3018262350190403
cam_dec_y = 0.25032750423003597
cam_tilt_x = -0.018629988370191853
cam_tilt_y = -0.015203688188250665
d_cam_ff  = -160.40123558589988
ccd_ff_dec_x = -0.0035092150896145233
ccd_ff_dec_y = 0.00021408228589395853
ccd_ff_tilt_x = 0.14611389111735457
ccd_ff_tilt_y = -0.5720840642473364
ccd_ff_tilt_z = 0.17256585378941472
d_ff_ccd  = -4.811315567912489
ccd_dec_x = 0.6206647694752764
ccd_dec_y = 5.155277637351135
ccd_defocus = 0.31628570684238916
ccd_tilt_x = 0.007859957016103486
ccd_tilt_y = -0.014314427232240367
ccd_tilt_z = 3.1115285059034785e-06
p = 0.0001