slit_dec_x_a = -0.1704010755187174
slit_dec_y_a = -0.1956586180351446
slit_dec_x_b = 0.175
slit_dec_y_b = -1.6929401313685332e-96
slit_defocus = 0.005447288896485035
slit_tilt_x = 1.1861822151220656
slit_tilt_y = -8.54011455265277
slit_tilt_z = -8.990654005702028
d_slit_col = 1594.2946407270788
coll_tilt_x = 0.08863585146931334
coll_tilt_y = -0.03200200823029442
ech_G = 31.610659327634174
ech_blaze = -74.97694639834614
ech_gamma = 1.1401875845216378
echelle_z = 0.07466091731611713
d_col_trf = -1588.01850437716
trf_mirror_tilt_x = 0.13878294325987378
trf_mirror_tilt_y = 0.07756146714206674
d_col_grm = -0.009438024076261146
grism_dec_x = 236.43419585666703
grism_dec_y = 0.03424225217781868
grm_tilt_x = -0.015757761546840266
grm_tilt_y = 2.3043400525064963
grm_G = 222.8251808254065
grm_apex = 17.8151426801928
d_grm_cam  = 21.60848660332833
cam_dec_x = -0.3018482816766833
cam_dec_y = 0.25034529702163344
cam_tilt_x = -0.01856960570836578
cam_tilt_y = -0.015185934830595459
d_cam_ff  = -160.40063501853345
ccd_ff_dec_x = -0.0034846468225315595
ccd_ff_dec_y = 0.0004481051770428455
ccd_ff_tilt_x = 0.14599743387370398
ccd_ff_tilt_y = -0.5720807225718251
ccd_ff_tilt_z = 0.17257718368336314
d_ff_ccd  = -4.8116002215349
ccd_dec_x = 0.6206652450874842
ccd_dec_y = 5.155282267623684
ccd_defocus = 0.31659559945490195
ccd_tilt_x = 0.007548650243521961
ccd_tilt_y = -0.014136520534661435
ccd_tilt_z = 3.0666717559343073e-06
p = 0.0001