slit_dec_x_a = -0.1704010755187174
slit_dec_y_a = -0.1956586180351446
slit_dec_x_b = 0.175
slit_dec_y_b = -1.8507448828411449e-96
slit_defocus = 0.005434725367808414
slit_tilt_x = 1.1861274523399021
slit_tilt_y = -8.540002889014193
slit_tilt_z = -8.990928786283128
d_slit_col = 1594.2947583924235
coll_tilt_x = 0.08849123831404866
coll_tilt_y = -0.03199717388345724
ech_G = 31.6106612631924
ech_blaze = -74.97694704734248
ech_gamma = 1.1401996619733372
echelle_z = 0.07466992728441946
d_col_trf = -1588.018515267089
trf_mirror_tilt_x = 0.13882759735154201
trf_mirror_tilt_y = 0.07743400922884602
d_col_grm = -0.009625479401555724
grism_dec_x = 236.4342168134948
grism_dec_y = 0.034090397149911106
grm_tilt_x = -0.015766369253977255
grm_tilt_y = 2.3043597701444365
grm_G = 222.82517771544224
grm_apex = 17.815172000466344
d_grm_cam  = 21.608480414935066
cam_dec_x = -0.30185261749666137
cam_dec_y = 0.25057505024019616
cam_tilt_x = -0.01882320630126333
cam_tilt_y = -0.015076536140222826
d_cam_ff  = -160.4013871780018
ccd_ff_dec_x = -0.0034877837582292445
ccd_ff_dec_y = 0.00020687704349342808
ccd_ff_tilt_x = 0.1461132479967672
ccd_ff_tilt_y = -0.5720670024848805
ccd_ff_tilt_z = 0.17256068548092324
d_ff_ccd  = -4.811346265391332
ccd_dec_x = 0.620667194233306
ccd_dec_y = 5.155275742665262
ccd_defocus = 0.3162105604409806
ccd_tilt_x = 0.007650386781207573
ccd_tilt_y = -0.014144888639531637
ccd_tilt_z = 3.155749937782164e-06
p = 0.0001