slit_dec_x_a = -0.1704010755187174
slit_dec_y_a = -0.1956586180351446
slit_dec_x_b = 0.175
slit_dec_y_b = -1.6995680881788538e-96
slit_defocus = 0.005485949755150911
slit_tilt_x = 1.1860570569041293
slit_tilt_y = -8.540009105914429
slit_tilt_z = -8.990769744346123
d_slit_col = 1594.2945922450472
coll_tilt_x = 0.08856088545897076
coll_tilt_y = -0.03196064500681955
ech_G = 31.610669507133082
ech_blaze = -74.97694556223273
ech_gamma = 1.1402117994078314
echelle_z = 0.0746784174556957
d_col_trf = -1588.0185168065693
trf_mirror_tilt_x = 0.13885559840742234
trf_mirror_tilt_y = 0.07763219122479328
d_col_grm = -0.009442866944935253
grism_dec_x = 236.43433848761796
grism_dec_y = 0.034190787388088714
grm_tilt_x = -0.01578277000953845
grm_tilt_y = 2.304361988547761
grm_G = 222.82516519644912
grm_apex = 17.815117895388926
d_grm_cam  = 21.608489380109383
cam_dec_x = -0.3019192221693842
cam_dec_y = 0.25034988976041833
cam_tilt_x = -0.01875565949820585
cam_tilt_y = -0.015110695565842215
d_cam_ff  = -160.4015619715963
ccd_ff_dec_x = -0.003507504532249845
ccd_ff_dec_y = 0.0003376254258252965
ccd_ff_tilt_x = 0.1459429487380604
ccd_ff_tilt_y = -0.5720894658265516
ccd_ff_tilt_z = 0.17257454940307282
d_ff_ccd  = -4.811464064670954
ccd_dec_x = 0.6206669132117532
ccd_dec_y = 5.1552822299357
ccd_defocus = 0.3163634674133838
ccd_tilt_x = 0.007607236524126743
ccd_tilt_y = -0.01406096695242502
ccd_tilt_z = 3.1031469031467794e-06
p = 0.0001