slit_dec_x_a = -0.1704010755187174
slit_dec_y_a = -0.1956586180351446
slit_dec_x_b = 0.175
slit_dec_y_b = -1.8543310839098172e-96
slit_defocus = 0.005664770372516069
slit_tilt_x = 1.1860230291865668
slit_tilt_y = -8.540058175803974
slit_tilt_z = -8.990725020068677
d_slit_col = 1594.2945646924684
coll_tilt_x = 0.08854115587275625
coll_tilt_y = -0.03189157215584936
ech_G = 31.610671448464192
ech_blaze = -74.97693905585977
ech_gamma = 1.1402244134970634
echelle_z = 0.07469116278344079
d_col_trf = -1588.0185120336232
trf_mirror_tilt_x = 0.13888528060809535
trf_mirror_tilt_y = 0.07775622891234976
d_col_grm = -0.00950970448089363
grism_dec_x = 236.43424829987455
grism_dec_y = 0.034031277533860434
grm_tilt_x = -0.015780238868875016
grm_tilt_y = 2.304352582590166
grm_G = 222.82516999489937
grm_apex = 17.815179864561287
d_grm_cam  = 21.60848455458263
cam_dec_x = -0.30185448401842385
cam_dec_y = 0.25033808438521665
cam_tilt_x = -0.018927334222885773
cam_tilt_y = -0.015134672667804492
d_cam_ff  = -160.40112965245032
ccd_ff_dec_x = -0.0035058405178101763
ccd_ff_dec_y = 0.00016343207449721453
ccd_ff_tilt_x = 0.1458549801987268
ccd_ff_tilt_y = -0.5720953602246878
ccd_ff_tilt_z = 0.17255027966488912
d_ff_ccd  = -4.811446713197652
ccd_dec_x = 0.6206474673891474
ccd_dec_y = 5.155289179153794
ccd_defocus = 0.31631410633368556
ccd_tilt_x = 0.0076939829298090685
ccd_tilt_y = -0.014140611024463933
ccd_tilt_z = 3.1778941887097926e-06
p = 0.0001