slit_dec_x_a = -0.1704010755187174
slit_dec_y_a = -0.1956586180351446
slit_dec_x_b = 0.175
slit_dec_y_b = -1.8543773172227831e-96
slit_defocus = 0.005321421258303061
slit_tilt_x = 1.1863723314176893
slit_tilt_y = -8.540204289370253
slit_tilt_z = -8.991008629221298
d_slit_col = 1594.2946112789548
coll_tilt_x = 0.08868385866346157
coll_tilt_y = -0.03201324961781262
ech_G = 31.6106705173959
ech_blaze = -74.97693195440392
ech_gamma = 1.140200355468131
echelle_z = 0.07467871383784475
d_col_trf = -1588.0185224892593
trf_mirror_tilt_x = 0.13869961987945417
trf_mirror_tilt_y = 0.07746570007532481
d_col_grm = -0.009787736379347446
grism_dec_x = 236.43455972615527
grism_dec_y = 0.03425537821738098
grm_tilt_x = -0.01579514027602283
grm_tilt_y = 2.304354253292827
grm_G = 222.82516938249245
grm_apex = 17.815222625410737
d_grm_cam  = 21.60850640668635
cam_dec_x = -0.3018834433659077
cam_dec_y = 0.25059721084169645
cam_tilt_x = -0.018592082793675625
cam_tilt_y = -0.015104825832281506
d_cam_ff  = -160.40122055633918
ccd_ff_dec_x = -0.0035138278766238635
ccd_ff_dec_y = 0.00034459401254147826
ccd_ff_tilt_x = 0.14590083728510686
ccd_ff_tilt_y = -0.572070621650667
ccd_ff_tilt_z = 0.1725755282880734
d_ff_ccd  = -4.811411344917605
ccd_dec_x = 0.6206712371155056
ccd_dec_y = 5.155271930510601
ccd_defocus = 0.3164142629154233
ccd_tilt_x = 0.007734112581266968
ccd_tilt_y = -0.014142838813314067
ccd_tilt_z = 3.100129901183007e-06
p = 0.0001