slit_dec_x_a = -0.1704010755187174
slit_dec_y_a = -0.1956586180351446
slit_dec_x_b = 0.175
slit_dec_y_b = -1.8595401803467847e-96
slit_defocus = 0.005398812848021242
slit_tilt_x = 1.185975243229514
slit_tilt_y = -8.540273220599325
slit_tilt_z = -8.990797289596461
d_slit_col = 1594.2947676533133
coll_tilt_x = 0.08873750863014528
coll_tilt_y = -0.031995991318503
ech_G = 31.610663532266795
ech_blaze = -74.9769291313307
ech_gamma = 1.1402073366239007
echelle_z = 0.07466983472387899
d_col_trf = -1588.0185160349229
trf_mirror_tilt_x = 0.13877851387507564
trf_mirror_tilt_y = 0.07764691537289017
d_col_grm = -0.009580953870922008
grism_dec_x = 236.43413397494317
grism_dec_y = 0.034136952013318705
grm_tilt_x = -0.015788360318467573
grm_tilt_y = 2.3043657112758167
grm_G = 222.82516560537474
grm_apex = 17.815125271431683
d_grm_cam  = 21.608477015755724
cam_dec_x = -0.3020099622622282
cam_dec_y = 0.25047692798514687
cam_tilt_x = -0.01843322891083338
cam_tilt_y = -0.015186264678097307
d_cam_ff  = -160.40133006928994
ccd_ff_dec_x = -0.00348935058112851
ccd_ff_dec_y = 0.00022368341838379193
ccd_ff_tilt_x = 0.1461127291260189
ccd_ff_tilt_y = -0.5720881835664455
ccd_ff_tilt_z = 0.172587178091421
d_ff_ccd  = -4.811480517375414
ccd_dec_x = 0.6206553563563602
ccd_dec_y = 5.155284405728657
ccd_defocus = 0.31634329376622167
ccd_tilt_x = 0.007840590988639434
ccd_tilt_y = -0.013951412032149129
ccd_tilt_z = 3.126313498713269e-06
p = 0.0001