slit_dec_x_a = -0.181778666534
slit_dec_y_a = -0.18243150017
slit_dec_x_b = 0.14512077562974193
slit_dec_y_b = -0.05510809031835813
slit_defocus = -0.0022425959831263867
slit_tilt_x = 1.1346924437021622
slit_tilt_y = -8.568157252294517
slit_tilt_z = -9.003556439468497
d_slit_col = 1594.3038984808093
coll_tilt_x = 0.08644474986972842
coll_tilt_y = -0.021984751800198217
ech_G = 31.610942033321535
ech_blaze = -74.99578555558628
ech_gamma = 1.1579278032258118
echelle_z = 0.05761405105219355
d_col_trf = -1588.0161143674477
trf_mirror_tilt_x = 0.12248056566394984
trf_mirror_tilt_y = 0.01863267634436171
d_col_grm = 0.015194220694478297
grism_dec_x = 236.39735252778345
grism_dec_y = -0.005080324327631997
grm_tilt_x = -0.0251196364768842
grm_tilt_y = 2.326914302834317
grm_G = 222.78535836703944
grm_apex = 17.809178316626515
d_grm_cam  = 21.604631162611796
cam_dec_x = -0.28346828937226537
cam_dec_y = 0.28965353042963843
cam_tilt_x = 0.004383996331871545
cam_tilt_y = -0.027845596656941588
d_cam_ff  = -160.5691925392538
ccd_ff_dec_x = -0.022992264601150003
ccd_ff_dec_y = -0.047735577085952996
ccd_ff_tilt_x = 0.16514551675579228
ccd_ff_tilt_y = -0.5894290302421907
ccd_ff_tilt_z = 0.1715413555799814
d_ff_ccd  = -4.7854304364944396
ccd_dec_x = 0.5520246817492691
ccd_dec_y = 5.10617179364066
ccd_defocus = 0.3166937396879714
ccd_tilt_x = 0.021288523175025525
ccd_tilt_y = -0.004257602079114384
ccd_tilt_z = -6.685159981001026e-07
p = 0.0001