slit_dec_x_a = -0.1704010755187174
slit_dec_y_a = -0.1956586180351446
slit_dec_x_b = 0.175
slit_dec_y_b = -1.7245574754170219e-96
slit_defocus = 0.005659061352194075
slit_tilt_x = 1.186143102389331
slit_tilt_y = -8.539982285000866
slit_tilt_z = -8.990668614421422
d_slit_col = 1594.2945563482208
coll_tilt_x = 0.08868812625256077
coll_tilt_y = -0.03199991540533447
ech_G = 31.610672811418628
ech_blaze = -74.9769555023078
ech_gamma = 1.1401980068539126
echelle_z = 0.07466689199491601
d_col_trf = -1588.0185281637962
trf_mirror_tilt_x = 0.13880765247061835
trf_mirror_tilt_y = 0.07739715045390302
d_col_grm = -0.009517452808020526
grism_dec_x = 236.43433382551976
grism_dec_y = 0.034350940869193713
grm_tilt_x = -0.015786528537378663
grm_tilt_y = 2.3043436746033534
grm_G = 222.8251882134651
grm_apex = 17.815141904591467
d_grm_cam  = 21.60848666669933
cam_dec_x = -0.3018157975687233
cam_dec_y = 0.25043559008714683
cam_tilt_x = -0.018586197163338484
cam_tilt_y = -0.01514138523716432
d_cam_ff  = -160.4016745906485
ccd_ff_dec_x = -0.0035229713716749883
ccd_ff_dec_y = 0.0002551519439902467
ccd_ff_tilt_x = 0.14592649106239736
ccd_ff_tilt_y = -0.5720996586302666
ccd_ff_tilt_z = 0.17257590231129008
d_ff_ccd  = -4.811330982937104
ccd_dec_x = 0.6206497237978386
ccd_dec_y = 5.155271693538239
ccd_defocus = 0.31631544694232144
ccd_tilt_x = 0.007632170522069009
ccd_tilt_y = -0.014210891006501145
ccd_tilt_z = 3.0903452952873356e-06
p = 0.0001