slit_dec_x_a = -0.1704010755187174
slit_dec_y_a = -0.1956586180351446
slit_dec_x_b = 0.175
slit_dec_y_b = -1.6350337663581109e-96
slit_defocus = 0.005530938622328208
slit_tilt_x = 1.1861272722090235
slit_tilt_y = -8.539983301274377
slit_tilt_z = -8.990771271201526
d_slit_col = 1594.2945930300232
coll_tilt_x = 0.08865960488072669
coll_tilt_y = -0.03202648671606186
ech_G = 31.61066832043416
ech_blaze = -74.97693652752024
ech_gamma = 1.140198781312856
echelle_z = 0.07467279663876807
d_col_trf = -1588.0184993249952
trf_mirror_tilt_x = 0.13890382097553577
trf_mirror_tilt_y = 0.07765771648857457
d_col_grm = -0.009609569209515749
grism_dec_x = 236.4342778320934
grism_dec_y = 0.03420970246927917
grm_tilt_x = -0.015785701372497855
grm_tilt_y = 2.3043453431941603
grm_G = 222.82516938635132
grm_apex = 17.815139709781974
d_grm_cam  = 21.60848680599518
cam_dec_x = -0.3019200569233286
cam_dec_y = 0.2504134559208475
cam_tilt_x = -0.01868844333032745
cam_tilt_y = -0.015107199926283415
d_cam_ff  = -160.40131238480214
ccd_ff_dec_x = -0.0034942682353265374
ccd_ff_dec_y = 0.0001820199758489046
ccd_ff_tilt_x = 0.14604324946782665
ccd_ff_tilt_y = -0.5720938550885839
ccd_ff_tilt_z = 0.17256644099893056
d_ff_ccd  = -4.81143049544362
ccd_dec_x = 0.6206645407240731
ccd_dec_y = 5.155275461555969
ccd_defocus = 0.3165363436423249
ccd_tilt_x = 0.0076708925067850795
ccd_tilt_y = -0.014151617343445694
ccd_tilt_z = 3.196800921160401e-06
p = 0.0001