slit_dec_x_a = -0.1704010755187174
slit_dec_y_a = -0.1956586180351446
slit_dec_x_b = 0.175
slit_dec_y_b = -1.9717245698286966e-96
slit_defocus = 0.0054507543690478005
slit_tilt_x = 1.1859881606591127
slit_tilt_y = -8.540123603284908
slit_tilt_z = -8.990664952308572
d_slit_col = 1594.2945109642014
coll_tilt_x = 0.08874303589960196
coll_tilt_y = -0.032054590048071444
ech_G = 31.61067400446624
ech_blaze = -74.97694835032466
ech_gamma = 1.140215541797393
echelle_z = 0.07467207047566066
d_col_trf = -1588.0185261691288
trf_mirror_tilt_x = 0.1389144303552908
trf_mirror_tilt_y = 0.07745819094916784
d_col_grm = -0.009509157836210778
grism_dec_x = 236.43427667984994
grism_dec_y = 0.03425060022096454
grm_tilt_x = -0.01577397465321507
grm_tilt_y = 2.304349051890682
grm_G = 222.82517971593455
grm_apex = 17.815128537317083
d_grm_cam  = 21.608494347481624
cam_dec_x = -0.3019356076586896
cam_dec_y = 0.2502620188303376
cam_tilt_x = -0.01860573549092472
cam_tilt_y = -0.015015582728443694
d_cam_ff  = -160.40254734139137
ccd_ff_dec_x = -0.0035375048770644505
ccd_ff_dec_y = 0.0003932925533809321
ccd_ff_tilt_x = 0.14592728661399598
ccd_ff_tilt_y = -0.5720866303175788
ccd_ff_tilt_z = 0.17256921375812434
d_ff_ccd  = -4.811562918142121
ccd_dec_x = 0.6206827624167176
ccd_dec_y = 5.155300628546657
ccd_defocus = 0.3162004335497321
ccd_tilt_x = 0.007696224100854454
ccd_tilt_y = -0.014141900560630914
ccd_tilt_z = 3.1761994216650933e-06
p = 0.0001