slit_dec_x_a = -0.1704010755187174
slit_dec_y_a = -0.1956586180351446
slit_dec_x_b = 0.175
slit_dec_y_b = -1.8815821404860326e-96
slit_defocus = 0.005636476194489556
slit_tilt_x = 1.186074820640502
slit_tilt_y = -8.54007258344954
slit_tilt_z = -8.990609872357894
d_slit_col = 1594.294599320318
coll_tilt_x = 0.08868766067044281
coll_tilt_y = -0.03202884773090153
ech_G = 31.610656858998478
ech_blaze = -74.97693498903102
ech_gamma = 1.1402045140256416
echelle_z = 0.0746702018513578
d_col_trf = -1588.0184832863567
trf_mirror_tilt_x = 0.13889457290131438
trf_mirror_tilt_y = 0.07751933820784626
d_col_grm = -0.009500267698325272
grism_dec_x = 236.43436902566546
grism_dec_y = 0.03404128949578025
grm_tilt_x = -0.015777431625359207
grm_tilt_y = 2.304354615178182
grm_G = 222.82515205098034
grm_apex = 17.81478303410428
d_grm_cam  = 21.60847832542208
cam_dec_x = -0.301901574373079
cam_dec_y = 0.2501796198777037
cam_tilt_x = -0.01844999274231385
cam_tilt_y = -0.015295510249630948
d_cam_ff  = -160.40097706924425
ccd_ff_dec_x = -0.003505348671833553
ccd_ff_dec_y = 0.00014916702503916607
ccd_ff_tilt_x = 0.14597923101683433
ccd_ff_tilt_y = -0.57207867439429
ccd_ff_tilt_z = 0.17257766639412778
d_ff_ccd  = -4.811542694816731
ccd_dec_x = 0.62064769703043
ccd_dec_y = 5.155259347549397
ccd_defocus = 0.31639014438115093
ccd_tilt_x = 0.007749912335181315
ccd_tilt_y = -0.013924860997312697
ccd_tilt_z = 3.135330676988483e-06
p = 0.0001