slit_dec_x_a = -0.1704010755187174
slit_dec_y_a = -0.1956586180351446
slit_dec_x_b = 0.175
slit_dec_y_b = -1.788731306791584e-96
slit_defocus = 0.005399584033477084
slit_tilt_x = 1.1861117272785866
slit_tilt_y = -8.540240220581161
slit_tilt_z = -8.990704028402602
d_slit_col = 1594.2946009330221
coll_tilt_x = 0.08866936391546026
coll_tilt_y = -0.03197697441570046
ech_G = 31.610667033259478
ech_blaze = -74.97694438797275
ech_gamma = 1.1402063773785873
echelle_z = 0.07468261876876875
d_col_trf = -1588.0185336793368
trf_mirror_tilt_x = 0.1386123450583472
trf_mirror_tilt_y = 0.0774342027306408
d_col_grm = -0.009560714095337004
grism_dec_x = 236.43442847811409
grism_dec_y = 0.0340499296318639
grm_tilt_x = -0.015783521376070902
grm_tilt_y = 2.30434529944328
grm_G = 222.82515764040429
grm_apex = 17.815178731827213
d_grm_cam  = 21.608485580336954
cam_dec_x = -0.3018715509241307
cam_dec_y = 0.25043731814196535
cam_tilt_x = -0.018611623926176893
cam_tilt_y = -0.015164999472758204
d_cam_ff  = -160.40163128781265
ccd_ff_dec_x = -0.0035005990858131206
ccd_ff_dec_y = 0.0003282042077647396
ccd_ff_tilt_x = 0.1460447409804932
ccd_ff_tilt_y = -0.5720816283044377
ccd_ff_tilt_z = 0.1725824599457393
d_ff_ccd  = -4.8112263115199205
ccd_dec_x = 0.6206529436306332
ccd_dec_y = 5.155283258288258
ccd_defocus = 0.31618100329420606
ccd_tilt_x = 0.007697882456499404
ccd_tilt_y = -0.014159392686642153
ccd_tilt_z = 3.113601135635203e-06
p = 0.0001