slit_dec_x_a = -0.1704010755187174
slit_dec_y_a = -0.1956586180351446
slit_dec_x_b = 0.175
slit_dec_y_b = -1.7511647661171569e-96
slit_defocus = 0.005503871053783308
slit_tilt_x = 1.1858727725535572
slit_tilt_y = -8.540125926139998
slit_tilt_z = -8.990719531396564
d_slit_col = 1594.294542612705
coll_tilt_x = 0.08875783131902716
coll_tilt_y = -0.03190459989286317
ech_G = 31.61067295704195
ech_blaze = -74.97692531823733
ech_gamma = 1.1402212570614318
echelle_z = 0.07465029732255488
d_col_trf = -1588.0185249227134
trf_mirror_tilt_x = 0.138725732195702
trf_mirror_tilt_y = 0.07742563247626309
d_col_grm = -0.009565840990893075
grism_dec_x = 236.43400771008686
grism_dec_y = 0.03429645926286013
grm_tilt_x = -0.015776080157599
grm_tilt_y = 2.304359809475624
grm_G = 222.82517513515054
grm_apex = 17.815057800873504
d_grm_cam  = 21.608490155138398
cam_dec_x = -0.30186490267467353
cam_dec_y = 0.2504974526371289
cam_tilt_x = -0.01860252604949886
cam_tilt_y = -0.015357180909680692
d_cam_ff  = -160.40044683011826
ccd_ff_dec_x = -0.0035069797777452657
ccd_ff_dec_y = 0.0002846091642786225
ccd_ff_tilt_x = 0.14608273029104202
ccd_ff_tilt_y = -0.5720801095416702
ccd_ff_tilt_z = 0.17256043565181559
d_ff_ccd  = -4.811284221979819
ccd_dec_x = 0.6206514694540115
ccd_dec_y = 5.155285595078586
ccd_defocus = 0.3162947306945071
ccd_tilt_x = 0.007973794670554183
ccd_tilt_y = -0.01418097426489044
ccd_tilt_z = 3.1016729998503214e-06
p = 0.0001