slit_dec_x_a = -0.1704010755187174
slit_dec_y_a = -0.1956586180351446
slit_dec_x_b = 0.175
slit_dec_y_b = -1.711129606841767e-96
slit_defocus = 0.005393133943471967
slit_tilt_x = 1.1859866369408865
slit_tilt_y = -8.540104007291523
slit_tilt_z = -8.990791902479984
d_slit_col = 1594.2946700167195
coll_tilt_x = 0.08865142659853696
coll_tilt_y = -0.0319037506956439
ech_G = 31.61067740692458
ech_blaze = -74.97693594475572
ech_gamma = 1.1402056161071388
echelle_z = 0.07467143214434943
d_col_trf = -1588.018551517282
trf_mirror_tilt_x = 0.1388504857475681
trf_mirror_tilt_y = 0.07768964164953143
d_col_grm = -0.009410211738055372
grism_dec_x = 236.43412674102726
grism_dec_y = 0.03405387492748786
grm_tilt_x = -0.015773952864277897
grm_tilt_y = 2.304352593577386
grm_G = 222.8251835316953
grm_apex = 17.81513012482209
d_grm_cam  = 21.60848782731397
cam_dec_x = -0.3017574570221782
cam_dec_y = 0.2502293780877691
cam_tilt_x = -0.018762236642404135
cam_tilt_y = -0.01531002646308145
d_cam_ff  = -160.40110688921607
ccd_ff_dec_x = -0.003510016787198511
ccd_ff_dec_y = 0.00016850275960614703
ccd_ff_tilt_x = 0.14598052758159832
ccd_ff_tilt_y = -0.5720823793673125
ccd_ff_tilt_z = 0.17255277031333088
d_ff_ccd  = -4.811244148696203
ccd_dec_x = 0.6206738386515197
ccd_dec_y = 5.1552679545056534
ccd_defocus = 0.31642011290291316
ccd_tilt_x = 0.007748985707104236
ccd_tilt_y = -0.01424103743912031
ccd_tilt_z = 3.1969728768431535e-06
p = 0.0001