slit_dec_x_a = -0.1704010755187174
slit_dec_y_a = -0.1956586180351446
slit_dec_x_b = 0.175
slit_dec_y_b = -1.7123602292707087e-96
slit_defocus = 0.005395651826553147
slit_tilt_x = 1.1861582205174428
slit_tilt_y = -8.540090623591116
slit_tilt_z = -8.990841174831933
d_slit_col = 1594.294535770293
coll_tilt_x = 0.08860428653592216
coll_tilt_y = -0.03188453220025253
ech_G = 31.610677773427298
ech_blaze = -74.97693504602651
ech_gamma = 1.1402150221185745
echelle_z = 0.07468658378711934
d_col_trf = -1588.0185210702764
trf_mirror_tilt_x = 0.13883355261310126
trf_mirror_tilt_y = 0.07757126221349453
d_col_grm = -0.009541021673506761
grism_dec_x = 236.43412084602343
grism_dec_y = 0.034148739610527924
grm_tilt_x = -0.015773799977067984
grm_tilt_y = 2.3043525669258775
grm_G = 222.825167061509
grm_apex = 17.81525869058488
d_grm_cam  = 21.6084736366176
cam_dec_x = -0.30198855392533985
cam_dec_y = 0.25043647414123915
cam_tilt_x = -0.018800097824750627
cam_tilt_y = -0.015200649828019611
d_cam_ff  = -160.40171672901675
ccd_ff_dec_x = -0.0035091744081541683
ccd_ff_dec_y = 0.00032091789408086825
ccd_ff_tilt_x = 0.1460819208842042
ccd_ff_tilt_y = -0.5720800670241947
ccd_ff_tilt_z = 0.1725653977357943
d_ff_ccd  = -4.811367697346185
ccd_dec_x = 0.6206508010660825
ccd_dec_y = 5.155293227343038
ccd_defocus = 0.31641524463321763
ccd_tilt_x = 0.0078281379280676
ccd_tilt_y = -0.014130557307363421
ccd_tilt_z = 3.110392159365454e-06
p = 0.0001