slit_dec_x_a = -0.1704010755187174
slit_dec_y_a = -0.1956586180351446
slit_dec_x_b = 0.175
slit_dec_y_b = -1.7193048830203055e-96
slit_defocus = 0.00533421192814344
slit_tilt_x = 1.1859583521743682
slit_tilt_y = -8.540038592160641
slit_tilt_z = -8.990678968295715
d_slit_col = 1594.294619474743
coll_tilt_x = 0.08870845536406986
coll_tilt_y = -0.03200127489469028
ech_G = 31.610680466866302
ech_blaze = -74.97693745750739
ech_gamma = 1.140211138780736
echelle_z = 0.07468856776884969
d_col_trf = -1588.0185084614957
trf_mirror_tilt_x = 0.13885676088888593
trf_mirror_tilt_y = 0.07741599103343623
d_col_grm = -0.009494085535552622
grism_dec_x = 236.4344595220314
grism_dec_y = 0.03413703737082589
grm_tilt_x = -0.01578142023716926
grm_tilt_y = 2.3043562058263674
grm_G = 222.82517373188725
grm_apex = 17.815092078809705
d_grm_cam  = 21.608489734915718
cam_dec_x = -0.30186293468923553
cam_dec_y = 0.2503383861085862
cam_tilt_x = -0.018703823654509365
cam_tilt_y = -0.015154741063029985
d_cam_ff  = -160.4020205155932
ccd_ff_dec_x = -0.0035159714221321752
ccd_ff_dec_y = 0.0002963597385592824
ccd_ff_tilt_x = 0.1460831077749856
ccd_ff_tilt_y = -0.5720833234631457
ccd_ff_tilt_z = 0.17256955963587478
d_ff_ccd  = -4.811393109084365
ccd_dec_x = 0.6206496950479384
ccd_dec_y = 5.155275448236445
ccd_defocus = 0.3163094160428629
ccd_tilt_x = 0.007646835865406157
ccd_tilt_y = -0.014136691228244591
ccd_tilt_z = 3.175685570721624e-06
p = 0.0001