slit_dec_x_a = -0.1704010755187174
slit_dec_y_a = -0.1956586180351446
slit_dec_x_b = 0.175
slit_dec_y_b = -1.7678207525118655e-96
slit_defocus = 0.00569744398865576
slit_tilt_x = 1.1862380823287462
slit_tilt_y = -8.540025343822004
slit_tilt_z = -8.990716175531379
d_slit_col = 1594.2947258890747
coll_tilt_x = 0.0886064138884806
coll_tilt_y = -0.032069998705496545
ech_G = 31.610669625361293
ech_blaze = -74.9769452936824
ech_gamma = 1.140202677120307
echelle_z = 0.07467566912143545
d_col_trf = -1588.0185315359274
trf_mirror_tilt_x = 0.13896980873861375
trf_mirror_tilt_y = 0.0775412313579176
d_col_grm = -0.009573673239747293
grism_dec_x = 236.43435178532278
grism_dec_y = 0.03407368148847556
grm_tilt_x = -0.015756425908885145
grm_tilt_y = 2.304352375722539
grm_G = 222.82516932908806
grm_apex = 17.815027031806466
d_grm_cam  = 21.60846994542367
cam_dec_x = -0.3020360110051245
cam_dec_y = 0.25054679892844717
cam_tilt_x = -0.018766864581088137
cam_tilt_y = -0.015016004337983214
d_cam_ff  = -160.4010434722608
ccd_ff_dec_x = -0.0035144046142836145
ccd_ff_dec_y = 0.0003216079862092885
ccd_ff_tilt_x = 0.14602124581031453
ccd_ff_tilt_y = -0.5720921205260181
ccd_ff_tilt_z = 0.17256605670967928
d_ff_ccd  = -4.811273868984778
ccd_dec_x = 0.6206497360851677
ccd_dec_y = 5.155293063414234
ccd_defocus = 0.31643235437495526
ccd_tilt_x = 0.007789531035024599
ccd_tilt_y = -0.014191888023308313
ccd_tilt_z = 3.16220857637057e-06
p = 0.0001