slit_dec_x_a = -0.1704010755187174
slit_dec_y_a = -0.1956586180351446
slit_dec_x_b = 0.175
slit_dec_y_b = -1.8437453594430393e-96
slit_defocus = 0.005457941302932239
slit_tilt_x = 1.185937444570951
slit_tilt_y = -8.53991152894413
slit_tilt_z = -8.990661863779005
d_slit_col = 1594.294505968011
coll_tilt_x = 0.08858991549761289
coll_tilt_y = -0.03192534182800434
ech_G = 31.610668149535645
ech_blaze = -74.97694197118153
ech_gamma = 1.1402029280249446
echelle_z = 0.0746848322492269
d_col_trf = -1588.0185193830475
trf_mirror_tilt_x = 0.13885563767626988
trf_mirror_tilt_y = 0.07768225505051521
d_col_grm = -0.009610039093193443
grism_dec_x = 236.4343385193705
grism_dec_y = 0.03415093460080709
grm_tilt_x = -0.015773550209230734
grm_tilt_y = 2.304344705860398
grm_G = 222.82517868260598
grm_apex = 17.815231076228123
d_grm_cam  = 21.60848222077976
cam_dec_x = -0.3018455058307886
cam_dec_y = 0.2503102019199899
cam_tilt_x = -0.018692262158672555
cam_tilt_y = -0.015161672778942372
d_cam_ff  = -160.40080521108408
ccd_ff_dec_x = -0.0034997212507572057
ccd_ff_dec_y = 0.00033162609780882095
ccd_ff_tilt_x = 0.14584815048686414
ccd_ff_tilt_y = -0.5720716967442182
ccd_ff_tilt_z = 0.17256275801155493
d_ff_ccd  = -4.811548185538326
ccd_dec_x = 0.6206581443993623
ccd_dec_y = 5.155288598541237
ccd_defocus = 0.3163071248399812
ccd_tilt_x = 0.007592031067598711
ccd_tilt_y = -0.014109814094042775
ccd_tilt_z = 3.0939187491755513e-06
p = 0.0001