slit_dec_x_a = -0.1704010755187174
slit_dec_y_a = -0.1956586180351446
slit_dec_x_b = 0.175
slit_dec_y_b = -1.792064972542934e-96
slit_defocus = 0.00542986665387349
slit_tilt_x = 1.1858396395228374
slit_tilt_y = -8.539897005695332
slit_tilt_z = -8.990723943397517
d_slit_col = 1594.2946138311656
coll_tilt_x = 0.0886508177704828
coll_tilt_y = -0.0320452691360035
ech_G = 31.610679611392396
ech_blaze = -74.97695707197438
ech_gamma = 1.1401931953690756
echelle_z = 0.07467829905872672
d_col_trf = -1588.018511277476
trf_mirror_tilt_x = 0.13878447330250673
trf_mirror_tilt_y = 0.07755692699181906
d_col_grm = -0.009521652123294033
grism_dec_x = 236.43431718366236
grism_dec_y = 0.03418269800422114
grm_tilt_x = -0.01577692413483682
grm_tilt_y = 2.3043509634671833
grm_G = 222.82516455207494
grm_apex = 17.815182881152875
d_grm_cam  = 21.608483793425513
cam_dec_x = -0.30184082985172656
cam_dec_y = 0.25029173873470856
cam_tilt_x = -0.018747476583985054
cam_tilt_y = -0.014955503325015317
d_cam_ff  = -160.4006595482031
ccd_ff_dec_x = -0.0034917090756786395
ccd_ff_dec_y = 0.0003407138279287946
ccd_ff_tilt_x = 0.1459014939133575
ccd_ff_tilt_y = -0.57207317042283
ccd_ff_tilt_z = 0.17258069973004186
d_ff_ccd  = -4.811484981598491
ccd_dec_x = 0.6206565362061921
ccd_dec_y = 5.155291804252058
ccd_defocus = 0.3163970892211618
ccd_tilt_x = 0.007756104704791932
ccd_tilt_y = -0.014116290373992958
ccd_tilt_z = 3.0513030292689755e-06
p = 0.0001