slit_dec_x_a = -0.1704010755187174
slit_dec_y_a = -0.1956586180351446
slit_dec_x_b = 0.175
slit_dec_y_b = -1.899506502344574e-96
slit_defocus = 0.005512384162449976
slit_tilt_x = 1.1861864292140747
slit_tilt_y = -8.540145266476097
slit_tilt_z = -8.99102067811353
d_slit_col = 1594.2944266889601
coll_tilt_x = 0.08860711540269829
coll_tilt_y = -0.031970622710335
ech_G = 31.610652235082945
ech_blaze = -74.97693090308934
ech_gamma = 1.1402030688378681
echelle_z = 0.0746761958951113
d_col_trf = -1588.0185356029947
trf_mirror_tilt_x = 0.13882578043763663
trf_mirror_tilt_y = 0.07761394869190014
d_col_grm = -0.009580442553235523
grism_dec_x = 236.43444136124666
grism_dec_y = 0.034051526110861194
grm_tilt_x = -0.015782004576105194
grm_tilt_y = 2.3043449567392784
grm_G = 222.8251628925086
grm_apex = 17.815030995995176
d_grm_cam  = 21.608490331857414
cam_dec_x = -0.3020140569031391
cam_dec_y = 0.2502549608938022
cam_tilt_x = -0.01856382614112371
cam_tilt_y = -0.015271615226658573
d_cam_ff  = -160.40120504337625
ccd_ff_dec_x = -0.003510261179622058
ccd_ff_dec_y = 0.00022805531803020586
ccd_ff_tilt_x = 0.1459205161927916
ccd_ff_tilt_y = -0.5720910747820962
ccd_ff_tilt_z = 0.17256668429409672
d_ff_ccd  = -4.811400759263621
ccd_dec_x = 0.6206713049506796
ccd_dec_y = 5.155279380381982
ccd_defocus = 0.3164241782839697
ccd_tilt_x = 0.007757109283014205
ccd_tilt_y = -0.01412353152135635
ccd_tilt_z = 3.147407272937138e-06
p = 0.0001