slit_dec_x_a = -0.1704010755187174
slit_dec_y_a = -0.1956586180351446
slit_dec_x_b = 0.175
slit_dec_y_b = -1.7168202838137396e-96
slit_defocus = 0.005618125094146304
slit_tilt_x = 1.186100965540335
slit_tilt_y = -8.540071909312523
slit_tilt_z = -8.990705981940181
d_slit_col = 1594.294580495706
coll_tilt_x = 0.0886827010130021
coll_tilt_y = -0.031891378379033546
ech_G = 31.6106771412762
ech_blaze = -74.97695928883327
ech_gamma = 1.140218340177195
echelle_z = 0.07467217899182971
d_col_trf = -1588.0185072363179
trf_mirror_tilt_x = 0.1387280325868657
trf_mirror_tilt_y = 0.07751404831027783
d_col_grm = -0.00955635373059368
grism_dec_x = 236.43438062621183
grism_dec_y = 0.034183960699888306
grm_tilt_x = -0.015773992152225122
grm_tilt_y = 2.3043588049719403
grm_G = 222.82518064773276
grm_apex = 17.815317513020275
d_grm_cam  = 21.60849032028297
cam_dec_x = -0.3020752872391965
cam_dec_y = 0.2503195104264292
cam_tilt_x = -0.018689021823227146
cam_tilt_y = -0.015241374132176005
d_cam_ff  = -160.40083931997626
ccd_ff_dec_x = -0.0034879573711449445
ccd_ff_dec_y = 0.0002993138745714293
ccd_ff_tilt_x = 0.1461314270352111
ccd_ff_tilt_y = -0.572083464891103
ccd_ff_tilt_z = 0.17256275257704387
d_ff_ccd  = -4.811616236561905
ccd_dec_x = 0.6206400274733784
ccd_dec_y = 5.155285373566545
ccd_defocus = 0.3164752224988436
ccd_tilt_x = 0.007503397195869728
ccd_tilt_y = -0.014053210925972824
ccd_tilt_z = 3.15357880444178e-06
p = 0.0001