slit_dec_x_a = -0.1704010755187174
slit_dec_y_a = -0.1956586180351446
slit_dec_x_b = 0.175
slit_dec_y_b = -1.7298866124760618e-96
slit_defocus = 0.005347804992306064
slit_tilt_x = 1.1860397659937776
slit_tilt_y = -8.540139056844724
slit_tilt_z = -8.990824516240599
d_slit_col = 1594.2945204279545
coll_tilt_x = 0.08870882190831153
coll_tilt_y = -0.03200758063448851
ech_G = 31.610664087524356
ech_blaze = -74.97693182514189
ech_gamma = 1.14019650613298
echelle_z = 0.07465945960966014
d_col_trf = -1588.0185110827051
trf_mirror_tilt_x = 0.13878778680242604
trf_mirror_tilt_y = 0.0777469366264763
d_col_grm = -0.00936148786695431
grism_dec_x = 236.43414800800358
grism_dec_y = 0.03414949089082408
grm_tilt_x = -0.015768306834831415
grm_tilt_y = 2.3043386911229096
grm_G = 222.82516633187004
grm_apex = 17.81517753101265
d_grm_cam  = 21.60848659533228
cam_dec_x = -0.3018903573377702
cam_dec_y = 0.25032581905025897
cam_tilt_x = -0.018489366365880895
cam_tilt_y = -0.015154514477892124
d_cam_ff  = -160.40097522020918
ccd_ff_dec_x = -0.0034895231179389577
ccd_ff_dec_y = 0.00038488118736248247
ccd_ff_tilt_x = 0.14602904947588488
ccd_ff_tilt_y = -0.5720734371074602
ccd_ff_tilt_z = 0.17256208451814395
d_ff_ccd  = -4.811519112942575
ccd_dec_x = 0.6206484595427634
ccd_dec_y = 5.155286297219843
ccd_defocus = 0.3165038735517317
ccd_tilt_x = 0.007543418230645595
ccd_tilt_y = -0.014109874505906552
ccd_tilt_z = 3.0995002585855586e-06
p = 0.0001