slit_dec_x_a = -0.1704010755187174
slit_dec_y_a = -0.1956586180351446
slit_dec_x_b = 0.175
slit_dec_y_b = -1.6426939534144235e-96
slit_defocus = 0.005551019230002174
slit_tilt_x = 1.1861818225345653
slit_tilt_y = -8.540102046664432
slit_tilt_z = -8.990670825694401
d_slit_col = 1594.294618137997
coll_tilt_x = 0.08856967796332621
coll_tilt_y = -0.031996923486079985
ech_G = 31.610647473053252
ech_blaze = -74.97694298114632
ech_gamma = 1.1402030151790405
echelle_z = 0.07466119107739252
d_col_trf = -1588.0185295727158
trf_mirror_tilt_x = 0.13887220624685273
trf_mirror_tilt_y = 0.0776481191364802
d_col_grm = -0.009359505911642111
grism_dec_x = 236.43425916087605
grism_dec_y = 0.03414377391340978
grm_tilt_x = -0.01576518013833619
grm_tilt_y = 2.3043713320037007
grm_G = 222.82514697141048
grm_apex = 17.815319701961386
d_grm_cam  = 21.60848637405299
cam_dec_x = -0.30181484360259897
cam_dec_y = 0.2503397983471311
cam_tilt_x = -0.018545745355312077
cam_tilt_y = -0.015078987927516038
d_cam_ff  = -160.4018964894252
ccd_ff_dec_x = -0.003498674897688474
ccd_ff_dec_y = 0.00032759939856720835
ccd_ff_tilt_x = 0.1457374054141381
ccd_ff_tilt_y = -0.5720791329830436
ccd_ff_tilt_z = 0.17256457357512597
d_ff_ccd  = -4.811506230371223
ccd_dec_x = 0.6206610637988492
ccd_dec_y = 5.155275059209419
ccd_defocus = 0.31620008926198784
ccd_tilt_x = 0.007754137753788031
ccd_tilt_y = -0.014047753171899343
ccd_tilt_z = 3.128946805719587e-06
p = 0.0001