slit_dec_x_a = -0.1704010755187174
slit_dec_y_a = -0.1956586180351446
slit_dec_x_b = 0.175
slit_dec_y_b = -1.6377412550533079e-96
slit_defocus = 0.005418412511275745
slit_tilt_x = 1.1861611359107809
slit_tilt_y = -8.540109795930894
slit_tilt_z = -8.990759097146213
d_slit_col = 1594.2946053222554
coll_tilt_x = 0.08866307598006341
coll_tilt_y = -0.03202632210910681
ech_G = 31.610670153449465
ech_blaze = -74.97693232463054
ech_gamma = 1.1402018344016942
echelle_z = 0.07467004398015248
d_col_trf = -1588.0185421008437
trf_mirror_tilt_x = 0.1386770928900843
trf_mirror_tilt_y = 0.07744371799533241
d_col_grm = -0.009314892018921824
grism_dec_x = 236.43434471932565
grism_dec_y = 0.03413971185293543
grm_tilt_x = -0.015750003731405723
grm_tilt_y = 2.3043540989564666
grm_G = 222.82518169987068
grm_apex = 17.815095067177968
d_grm_cam  = 21.608491294504336
cam_dec_x = -0.30200671589352795
cam_dec_y = 0.2504227467235985
cam_tilt_x = -0.01865269625890611
cam_tilt_y = -0.015093824133320445
d_cam_ff  = -160.40158144791826
ccd_ff_dec_x = -0.003503075121945044
ccd_ff_dec_y = 0.00030485273796174503
ccd_ff_tilt_x = 0.14597271080542074
ccd_ff_tilt_y = -0.5720892672717997
ccd_ff_tilt_z = 0.1725806245397178
d_ff_ccd  = -4.8114156516540065
ccd_dec_x = 0.6206701855447548
ccd_dec_y = 5.155283528763202
ccd_defocus = 0.31633359813706496
ccd_tilt_x = 0.007586519986649491
ccd_tilt_y = -0.014042395450159659
ccd_tilt_z = 3.1453333574801736e-06
p = 0.0001