slit_dec_x_a = -0.1704010755187174
slit_dec_y_a = -0.1956586180351446
slit_dec_x_b = 0.175
slit_dec_y_b = -1.6944536672304094e-96
slit_defocus = 0.005390099280026672
slit_tilt_x = 1.185993919225479
slit_tilt_y = -8.539994095489316
slit_tilt_z = -8.990754212834327
d_slit_col = 1594.2945848458398
coll_tilt_x = 0.08866549042539507
coll_tilt_y = -0.03205419920650807
ech_G = 31.610667943656114
ech_blaze = -74.97694415079192
ech_gamma = 1.1402095495594415
echelle_z = 0.07466742571149143
d_col_trf = -1588.0185239894306
trf_mirror_tilt_x = 0.1388167036047753
trf_mirror_tilt_y = 0.07766380848915815
d_col_grm = -0.00944768049978526
grism_dec_x = 236.43430992255705
grism_dec_y = 0.0341542263215255
grm_tilt_x = -0.01578391707402678
grm_tilt_y = 2.3043657073953874
grm_G = 222.82518548082874
grm_apex = 17.81509611450416
d_grm_cam  = 21.608467171020873
cam_dec_x = -0.3021479778707213
cam_dec_y = 0.2503937427060504
cam_tilt_x = -0.018621137784638073
cam_tilt_y = -0.015061485031366138
d_cam_ff  = -160.400998279429
ccd_ff_dec_x = -0.003501471908871147
ccd_ff_dec_y = 0.0003532436476177917
ccd_ff_tilt_x = 0.14596617048398935
ccd_ff_tilt_y = -0.5720921870158342
ccd_ff_tilt_z = 0.17256894476164353
d_ff_ccd  = -4.811266669189678
ccd_dec_x = 0.6206587775275043
ccd_dec_y = 5.155289548062378
ccd_defocus = 0.31645420257436835
ccd_tilt_x = 0.007875466466347781
ccd_tilt_y = -0.014164202562186118
ccd_tilt_z = 3.1512406071965638e-06
p = 0.0001