slit_dec_x_a = -0.1704010755187174
slit_dec_y_a = -0.1956586180351446
slit_dec_x_b = 0.175
slit_dec_y_b = -1.7010543715184354e-96
slit_defocus = 0.005422590079396052
slit_tilt_x = 1.1860985299510098
slit_tilt_y = -8.540026473404803
slit_tilt_z = -8.990803811792823
d_slit_col = 1594.2945314402866
coll_tilt_x = 0.08854440771362823
coll_tilt_y = -0.03190697600766773
ech_G = 31.61067665648457
ech_blaze = -74.97695653862434
ech_gamma = 1.1402176661372694
echelle_z = 0.07467344124927808
d_col_trf = -1588.0185276920574
trf_mirror_tilt_x = 0.13895543300282967
trf_mirror_tilt_y = 0.07756982490021275
d_col_grm = -0.009414925698640381
grism_dec_x = 236.43418639398928
grism_dec_y = 0.03416610089187994
grm_tilt_x = -0.015764411534375765
grm_tilt_y = 2.3043705229297085
grm_G = 222.82517138366583
grm_apex = 17.815183204772584
d_grm_cam  = 21.608481105851713
cam_dec_x = -0.3019028974183069
cam_dec_y = 0.25030980286589916
cam_tilt_x = -0.018845936739959004
cam_tilt_y = -0.015179189818103922
d_cam_ff  = -160.40104053730562
ccd_ff_dec_x = -0.003493845986229702
ccd_ff_dec_y = 0.0001889097154158615
ccd_ff_tilt_x = 0.1460273667111479
ccd_ff_tilt_y = -0.5720933802183449
ccd_ff_tilt_z = 0.17257243368895858
d_ff_ccd  = -4.811325218477117
ccd_dec_x = 0.6206721416783582
ccd_dec_y = 5.155272947467228
ccd_defocus = 0.31648011695591116
ccd_tilt_x = 0.0076453629719093925
ccd_tilt_y = -0.014094096619112761
ccd_tilt_z = 3.1544349154193427e-06
p = 0.0001