slit_dec_x_a = -0.1704010755187174
slit_dec_y_a = -0.1956586180351446
slit_dec_x_b = 0.175
slit_dec_y_b = -1.7343307915271508e-96
slit_defocus = 0.005576723766437043
slit_tilt_x = 1.18632480537834
slit_tilt_y = -8.540102534725065
slit_tilt_z = -8.990914364548008
d_slit_col = 1594.2946470557092
coll_tilt_x = 0.08868908265273463
coll_tilt_y = -0.03204633579335404
ech_G = 31.610664387909427
ech_blaze = -74.97692988487779
ech_gamma = 1.140203158026163
echelle_z = 0.07468677652565085
d_col_trf = -1588.0185225700432
trf_mirror_tilt_x = 0.13881106534797505
trf_mirror_tilt_y = 0.07755454326052975
d_col_grm = -0.00951231151115892
grism_dec_x = 236.43440018562404
grism_dec_y = 0.03420190891194495
grm_tilt_x = -0.015771980860398944
grm_tilt_y = 2.3043520396750052
grm_G = 222.8251706729808
grm_apex = 17.81509891663979
d_grm_cam  = 21.60849542000979
cam_dec_x = -0.30204257710190635
cam_dec_y = 0.2503383333144372
cam_tilt_x = -0.01855297399799063
cam_tilt_y = -0.015072953167629282
d_cam_ff  = -160.40037287916053
ccd_ff_dec_x = -0.0034975160914670306
ccd_ff_dec_y = 0.00024398000557733068
ccd_ff_tilt_x = 0.1461216257099317
ccd_ff_tilt_y = -0.5721040445325024
ccd_ff_tilt_z = 0.17257118014893424
d_ff_ccd  = -4.811254656419204
ccd_dec_x = 0.6206585773307903
ccd_dec_y = 5.155296762602083
ccd_defocus = 0.31648180892129607
ccd_tilt_x = 0.007878576195064534
ccd_tilt_y = -0.01417285740507892
ccd_tilt_z = 3.0842826871458157e-06
p = 0.0001