slit_dec_x_a = -0.1704010755187174
slit_dec_y_a = -0.1956586180351446
slit_dec_x_b = 0.175
slit_dec_y_b = -1.8201983632980709e-96
slit_defocus = 0.005590229751809562
slit_tilt_x = 1.1862917077414217
slit_tilt_y = -8.540106882173873
slit_tilt_z = -8.99073211738682
d_slit_col = 1594.2944298244843
coll_tilt_x = 0.08862876849409636
coll_tilt_y = -0.03192104620451588
ech_G = 31.6106569268199
ech_blaze = -74.97695082805215
ech_gamma = 1.140196031434507
echelle_z = 0.07467567227114304
d_col_trf = -1588.018514587779
trf_mirror_tilt_x = 0.13874702285066615
trf_mirror_tilt_y = 0.07753550972961365
d_col_grm = -0.009565805942997822
grism_dec_x = 236.4344197307051
grism_dec_y = 0.03424606116553566
grm_tilt_x = -0.015783176772930736
grm_tilt_y = 2.3043652413225573
grm_G = 222.82517132529512
grm_apex = 17.815198167170276
d_grm_cam  = 21.608478769380724
cam_dec_x = -0.3018076497155602
cam_dec_y = 0.2502077054378928
cam_tilt_x = -0.01849015908907171
cam_tilt_y = -0.015300019469468967
d_cam_ff  = -160.401297947036
ccd_ff_dec_x = -0.003494586932949936
ccd_ff_dec_y = 0.00020259242994638698
ccd_ff_tilt_x = 0.14593567688914336
ccd_ff_tilt_y = -0.5720808637255136
ccd_ff_tilt_z = 0.1725578142480426
d_ff_ccd  = -4.8115694021200985
ccd_dec_x = 0.6206710106684185
ccd_dec_y = 5.155276499992933
ccd_defocus = 0.3164733570846244
ccd_tilt_x = 0.007533974655121349
ccd_tilt_y = -0.014255562388500967
ccd_tilt_z = 3.1042101418925213e-06
p = 0.0001