slit_dec_x_a = -0.1704010755187174
slit_dec_y_a = -0.1956586180351446
slit_dec_x_b = 0.175
slit_dec_y_b = -1.9206825660996816e-96
slit_defocus = 0.005575727497041688
slit_tilt_x = 1.186061989345865
slit_tilt_y = -8.540051895429292
slit_tilt_z = -8.99091153350099
d_slit_col = 1594.2944429584763
coll_tilt_x = 0.0887387536722507
coll_tilt_y = -0.031957022940772996
ech_G = 31.610671710618718
ech_blaze = -74.9769452712382
ech_gamma = 1.140207775894373
echelle_z = 0.0746772761189921
d_col_trf = -1588.0185192689526
trf_mirror_tilt_x = 0.1387594238764544
trf_mirror_tilt_y = 0.07760863786433363
d_col_grm = -0.009698350267760369
grism_dec_x = 236.43430052553026
grism_dec_y = 0.03431341949893104
grm_tilt_x = -0.015764746160493455
grm_tilt_y = 2.304349014765327
grm_G = 222.82517863928493
grm_apex = 17.814967436690306
d_grm_cam  = 21.608494404610244
cam_dec_x = -0.30209632781616763
cam_dec_y = 0.25024318587432665
cam_tilt_x = -0.018557519863756713
cam_tilt_y = -0.015334079930369325
d_cam_ff  = -160.40140830512192
ccd_ff_dec_x = -0.0035192697797511957
ccd_ff_dec_y = 0.0002726438389938446
ccd_ff_tilt_x = 0.14583078190998663
ccd_ff_tilt_y = -0.5720791796213907
ccd_ff_tilt_z = 0.1725798889999302
d_ff_ccd  = -4.811331141140214
ccd_dec_x = 0.6206718651051243
ccd_dec_y = 5.1552904374580875
ccd_defocus = 0.31637743129624013
ccd_tilt_x = 0.00744851336909916
ccd_tilt_y = -0.014078562336181053
ccd_tilt_z = 3.1280057175115556e-06
p = 0.0001