slit_dec_x_a = -0.1704010755187174
slit_dec_y_a = -0.1956586180351446
slit_dec_x_b = 0.175
slit_dec_y_b = -1.8060697695964384e-96
slit_defocus = 0.005432589596593323
slit_tilt_x = 1.1861723910776891
slit_tilt_y = -8.540095917296052
slit_tilt_z = -8.990674221718335
d_slit_col = 1594.294574150585
coll_tilt_x = 0.08875930594494306
coll_tilt_y = -0.03197663604683339
ech_G = 31.610678418843996
ech_blaze = -74.97692323885744
ech_gamma = 1.1401928212388794
echelle_z = 0.07467790686958112
d_col_trf = -1588.0185233430145
trf_mirror_tilt_x = 0.13902024274739974
trf_mirror_tilt_y = 0.07757526232452522
d_col_grm = -0.00966315312256501
grism_dec_x = 236.43418338797662
grism_dec_y = 0.03421588242878921
grm_tilt_x = -0.015784518740912773
grm_tilt_y = 2.3043591746118075
grm_G = 222.82517384836396
grm_apex = 17.81503098784628
d_grm_cam  = 21.60847204052826
cam_dec_x = -0.30177424880161097
cam_dec_y = 0.2503793821927864
cam_tilt_x = -0.018643065560220443
cam_tilt_y = -0.01526543482469993
d_cam_ff  = -160.40146427292038
ccd_ff_dec_x = -0.0034940481725678272
ccd_ff_dec_y = 0.0003469884867229433
ccd_ff_tilt_x = 0.1459079156539622
ccd_ff_tilt_y = -0.5720791585844808
ccd_ff_tilt_z = 0.17255938320631625
d_ff_ccd  = -4.811338786518893
ccd_dec_x = 0.6206674553343098
ccd_dec_y = 5.155281347178929
ccd_defocus = 0.316502278384366
ccd_tilt_x = 0.00763882763391028
ccd_tilt_y = -0.013873785479039811
ccd_tilt_z = 3.1089709879064423e-06
p = 0.0001