slit_dec_x_a = -0.1704010755187174
slit_dec_y_a = -0.1956586180351446
slit_dec_x_b = 0.175
slit_dec_y_b = -1.7424388032209066e-96
slit_defocus = 0.005352469453947718
slit_tilt_x = 1.1861217636278643
slit_tilt_y = -8.540084656397818
slit_tilt_z = -8.990860109699824
d_slit_col = 1594.2943359669057
coll_tilt_x = 0.0887284173294646
coll_tilt_y = -0.031941069148231784
ech_G = 31.610673673040008
ech_blaze = -74.97693271192745
ech_gamma = 1.140219928184211
echelle_z = 0.07467716352947054
d_col_trf = -1588.0185164238312
trf_mirror_tilt_x = 0.13903918772630475
trf_mirror_tilt_y = 0.0776187172423995
d_col_grm = -0.009472578525096044
grism_dec_x = 236.43412552359362
grism_dec_y = 0.03405705867378043
grm_tilt_x = -0.01579697107168261
grm_tilt_y = 2.3043296584716977
grm_G = 222.82517956900165
grm_apex = 17.81503447485389
d_grm_cam  = 21.608473350743477
cam_dec_x = -0.3020255203354929
cam_dec_y = 0.2505822263117036
cam_tilt_x = -0.018581076788882288
cam_tilt_y = -0.015269776689044135
d_cam_ff  = -160.40088735095034
ccd_ff_dec_x = -0.003506939780431039
ccd_ff_dec_y = 0.0003835351785685422
ccd_ff_tilt_x = 0.1459108551470451
ccd_ff_tilt_y = -0.5720940698635507
ccd_ff_tilt_z = 0.1725827072998816
d_ff_ccd  = -4.8116234793194534
ccd_dec_x = 0.6206580345730441
ccd_dec_y = 5.1553044339130345
ccd_defocus = 0.3164985372322377
ccd_tilt_x = 0.007651606370478616
ccd_tilt_y = -0.014192726249954738
ccd_tilt_z = 3.1330240773500456e-06
p = 0.0001