slit_dec_x_a = -0.1704010755187174
slit_dec_y_a = -0.1956586180351446
slit_dec_x_b = 0.175
slit_dec_y_b = -1.6688567255483785e-96
slit_defocus = 0.005446141833760509
slit_tilt_x = 1.1863221538748652
slit_tilt_y = -8.540203334905895
slit_tilt_z = -8.990795496864521
d_slit_col = 1594.2946946935497
coll_tilt_x = 0.08844758274956144
coll_tilt_y = -0.031987704726719905
ech_G = 31.61065268750179
ech_blaze = -74.97694410807827
ech_gamma = 1.1401698435584389
echelle_z = 0.07468639217976303
d_col_trf = -1588.018517101088
trf_mirror_tilt_x = 0.13897045364937094
trf_mirror_tilt_y = 0.07758330387796562
d_col_grm = -0.009701307915317385
grism_dec_x = 236.43442378210835
grism_dec_y = 0.03417522286824012
grm_tilt_x = -0.01576533208673327
grm_tilt_y = 2.304364596726666
grm_G = 222.82517340778682
grm_apex = 17.815348489675085
d_grm_cam  = 21.608496150584617
cam_dec_x = -0.302001306680924
cam_dec_y = 0.250209246044342
cam_tilt_x = -0.01878790247761132
cam_tilt_y = -0.015059747803096721
d_cam_ff  = -160.40184819219934
ccd_ff_dec_x = -0.00348745704131025
ccd_ff_dec_y = 0.00034659889561608335
ccd_ff_tilt_x = 0.1458187372595818
ccd_ff_tilt_y = -0.5720995900059915
ccd_ff_tilt_z = 0.1725526731643803
d_ff_ccd  = -4.811471982934303
ccd_dec_x = 0.6206525163579838
ccd_dec_y = 5.155273611883792
ccd_defocus = 0.3163114949231245
ccd_tilt_x = 0.007704850063239377
ccd_tilt_y = -0.01418166986495898
ccd_tilt_z = 3.1093340265361155e-06
p = 0.0001