slit_dec_x_a = -0.1704010755187174
slit_dec_y_a = -0.1956586180351446
slit_dec_x_b = 0.175
slit_dec_y_b = -1.7715337820910867e-96
slit_defocus = 0.005505679321419352
slit_tilt_x = 1.1860181156875584
slit_tilt_y = -8.540020265902935
slit_tilt_z = -8.99074693551607
d_slit_col = 1594.294467157358
coll_tilt_x = 0.08873277036980176
coll_tilt_y = -0.03195478293915768
ech_G = 31.610669982727817
ech_blaze = -74.976931435513
ech_gamma = 1.1402211768402095
echelle_z = 0.07466238177978407
d_col_trf = -1588.0185122499895
trf_mirror_tilt_x = 0.13846895975107607
trf_mirror_tilt_y = 0.07771549763553223
d_col_grm = -0.009228252756141793
grism_dec_x = 236.43418674855923
grism_dec_y = 0.03429729513710921
grm_tilt_x = -0.01577871749722301
grm_tilt_y = 2.304340857799132
grm_G = 222.8251806597667
grm_apex = 17.815013806579113
d_grm_cam  = 21.608487744462984
cam_dec_x = -0.3019398803514692
cam_dec_y = 0.2505086428472721
cam_tilt_x = -0.018603048559563476
cam_tilt_y = -0.015270600902039902
d_cam_ff  = -160.40078374698717
ccd_ff_dec_x = -0.003508991802675937
ccd_ff_dec_y = 0.00039307048427473764
ccd_ff_tilt_x = 0.14615055234851002
ccd_ff_tilt_y = -0.5720922643848984
ccd_ff_tilt_z = 0.17257318505260946
d_ff_ccd  = -4.8112906008901035
ccd_dec_x = 0.6206620043566425
ccd_dec_y = 5.155285594355205
ccd_defocus = 0.31651475467508444
ccd_tilt_x = 0.007888669202857704
ccd_tilt_y = -0.014294097828253615
ccd_tilt_z = 3.099485400143206e-06
p = 0.0001