slit_dec_x_a = -0.1704010755187174
slit_dec_y_a = -0.1956586180351446
slit_dec_x_b = 0.175
slit_dec_y_b = -1.5145356996236686e-96
slit_defocus = 0.0056179799826279785
slit_tilt_x = 1.1859128583009493
slit_tilt_y = -8.540135170453935
slit_tilt_z = -8.990667565302912
d_slit_col = 1594.2946432473502
coll_tilt_x = 0.08859553000781896
coll_tilt_y = -0.03200547839706182
ech_G = 31.610673646224758
ech_blaze = -74.97693588709609
ech_gamma = 1.1401885802263707
echelle_z = 0.07468092840860827
d_col_trf = -1588.0184992689747
trf_mirror_tilt_x = 0.13882754943583353
trf_mirror_tilt_y = 0.07753515816845817
d_col_grm = -0.00946669455662992
grism_dec_x = 236.4344367977341
grism_dec_y = 0.03416804828263156
grm_tilt_x = -0.015776201093582142
grm_tilt_y = 2.304347648349109
grm_G = 222.8251799464586
grm_apex = 17.815127571550743
d_grm_cam  = 21.608489029033485
cam_dec_x = -0.30211143141680113
cam_dec_y = 0.2505071390367736
cam_tilt_x = -0.018767407888593747
cam_tilt_y = -0.015209433800681434
d_cam_ff  = -160.40113989187049
ccd_ff_dec_x = -0.0035059758379117857
ccd_ff_dec_y = 0.00017899458801069604
ccd_ff_tilt_x = 0.14601840547309689
ccd_ff_tilt_y = -0.5720796197515426
ccd_ff_tilt_z = 0.17256904321991243
d_ff_ccd  = -4.811345952480615
ccd_dec_x = 0.6206572208159531
ccd_dec_y = 5.155279969554361
ccd_defocus = 0.31636821622236955
ccd_tilt_x = 0.007700081410473797
ccd_tilt_y = -0.014099966022225255
ccd_tilt_z = 3.165905787855076e-06
p = 0.0001