slit_dec_x_a = -0.1704010755187174
slit_dec_y_a = -0.1956586180351446
slit_dec_x_b = 0.175
slit_dec_y_b = -1.8056563126192818e-96
slit_defocus = 0.005512727395900697
slit_tilt_x = 1.1861968596042072
slit_tilt_y = -8.540121674721414
slit_tilt_z = -8.990830310430033
d_slit_col = 1594.294635940171
coll_tilt_x = 0.08853678208927153
coll_tilt_y = -0.03200369908826631
ech_G = 31.61066980572035
ech_blaze = -74.97693832330562
ech_gamma = 1.1402015079073162
echelle_z = 0.07465858748196158
d_col_trf = -1588.0185195647948
trf_mirror_tilt_x = 0.138957302010493
trf_mirror_tilt_y = 0.07768953430078782
d_col_grm = -0.009511916020034553
grism_dec_x = 236.43418344919704
grism_dec_y = 0.03422130090983016
grm_tilt_x = -0.01576246826694174
grm_tilt_y = 2.3043776270348113
grm_G = 222.82516931619693
grm_apex = 17.815234709751167
d_grm_cam  = 21.608488235868407
cam_dec_x = -0.30181297338569024
cam_dec_y = 0.2504866156864697
cam_tilt_x = -0.018836476024721303
cam_tilt_y = -0.015113633308467114
d_cam_ff  = -160.40154618969652
ccd_ff_dec_x = -0.003523422730167466
ccd_ff_dec_y = 0.0003186610267178495
ccd_ff_tilt_x = 0.1460342946594967
ccd_ff_tilt_y = -0.5721103876774359
ccd_ff_tilt_z = 0.17256622308837063
d_ff_ccd  = -4.811424000087653
ccd_dec_x = 0.6206677674189663
ccd_dec_y = 5.155282468973635
ccd_defocus = 0.31636930034904015
ccd_tilt_x = 0.007723795247390253
ccd_tilt_y = -0.014274013486306707
ccd_tilt_z = 3.1919856219185614e-06
p = 0.0001