slit_dec_x_a = -0.1704010755187174
slit_dec_y_a = -0.1956586180351446
slit_dec_x_b = 0.175
slit_dec_y_b = -1.5473113695530404e-96
slit_defocus = 0.005417525076332666
slit_tilt_x = 1.1858483016069203
slit_tilt_y = -8.54012322620101
slit_tilt_z = -8.990830029314544
d_slit_col = 1594.2944562451453
coll_tilt_x = 0.08849456955173032
coll_tilt_y = -0.03193459941151853
ech_G = 31.61066396920237
ech_blaze = -74.97693277609726
ech_gamma = 1.1401964989749769
echelle_z = 0.07466445727385725
d_col_trf = -1588.0185199800442
trf_mirror_tilt_x = 0.13882936696087728
trf_mirror_tilt_y = 0.07761572717076749
d_col_grm = -0.009505315381214985
grism_dec_x = 236.43428625771543
grism_dec_y = 0.03408309506775333
grm_tilt_x = -0.015778146503539647
grm_tilt_y = 2.3043591682741607
grm_G = 222.8251767356776
grm_apex = 17.815244456607704
d_grm_cam  = 21.608474074385324
cam_dec_x = -0.30191438161280815
cam_dec_y = 0.2503867636879961
cam_tilt_x = -0.018819061417119844
cam_tilt_y = -0.015248602946493736
d_cam_ff  = -160.40098233806094
ccd_ff_dec_x = -0.003512100951480849
ccd_ff_dec_y = 0.0003136696437778571
ccd_ff_tilt_x = 0.14592557352450622
ccd_ff_tilt_y = -0.5720875719441734
ccd_ff_tilt_z = 0.17256345838679465
d_ff_ccd  = -4.8114877136152465
ccd_dec_x = 0.620650959884814
ccd_dec_y = 5.155299713655422
ccd_defocus = 0.31634914899022704
ccd_tilt_x = 0.007833314708660187
ccd_tilt_y = -0.014169332243036634
ccd_tilt_z = 3.1478895301975627e-06
p = 0.0001