slit_dec_x_a = -0.1704010755187174
slit_dec_y_a = -0.1956586180351446
slit_dec_x_b = 0.175
slit_dec_y_b = -1.6560530505883e-96
slit_defocus = 0.0055728847481533
slit_tilt_x = 1.186173196797751
slit_tilt_y = -8.540040616442973
slit_tilt_z = -8.990863741706297
d_slit_col = 1594.2946851429863
coll_tilt_x = 0.08866615428743545
coll_tilt_y = -0.03195711011885109
ech_G = 31.610666083715056
ech_blaze = -74.97694478538958
ech_gamma = 1.1402066943874627
echelle_z = 0.07467947643021419
d_col_trf = -1588.018512503571
trf_mirror_tilt_x = 0.13876199003655323
trf_mirror_tilt_y = 0.07731418094939231
d_col_grm = -0.009651634357713578
grism_dec_x = 236.4343417020475
grism_dec_y = 0.03429544200163845
grm_tilt_x = -0.015788895758953144
grm_tilt_y = 2.304353470727433
grm_G = 222.8251775243716
grm_apex = 17.81522756779794
d_grm_cam  = 21.608491860325977
cam_dec_x = -0.30213972653581656
cam_dec_y = 0.25037079447191296
cam_tilt_x = -0.018505104516189294
cam_tilt_y = -0.015196666627057724
d_cam_ff  = -160.4010808124299
ccd_ff_dec_x = -0.0035172707200526914
ccd_ff_dec_y = 0.0001460952964162606
ccd_ff_tilt_x = 0.14590014032442783
ccd_ff_tilt_y = -0.5720795169850189
ccd_ff_tilt_z = 0.1725840639031286
d_ff_ccd  = -4.811351625559315
ccd_dec_x = 0.6206699215072511
ccd_dec_y = 5.155298454677512
ccd_defocus = 0.31623422241489463
ccd_tilt_x = 0.007574816522572704
ccd_tilt_y = -0.014159524084578927
ccd_tilt_z = 3.0758515798977968e-06
p = 0.0001