slit_dec_x_a = -0.1704010755187174
slit_dec_y_a = -0.1956586180351446
slit_dec_x_b = 0.175
slit_dec_y_b = -1.6960931562106385e-96
slit_defocus = 0.0056347217669934875
slit_tilt_x = 1.1861943556081305
slit_tilt_y = -8.54014028112127
slit_tilt_z = -8.990806326594441
d_slit_col = 1594.2945997756703
coll_tilt_x = 0.08870230880688883
coll_tilt_y = -0.03198059552516558
ech_G = 31.61067439995872
ech_blaze = -74.97696769193159
ech_gamma = 1.1402151724716978
echelle_z = 0.07468222304047875
d_col_trf = -1588.018529326771
trf_mirror_tilt_x = 0.1389086629997538
trf_mirror_tilt_y = 0.07768532168258879
d_col_grm = -0.009614180466421294
grism_dec_x = 236.4342886756778
grism_dec_y = 0.03425204003350069
grm_tilt_x = -0.01579028322997654
grm_tilt_y = 2.3043449059931533
grm_G = 222.82519679804994
grm_apex = 17.815189414067646
d_grm_cam  = 21.608486692293482
cam_dec_x = -0.30184356715647326
cam_dec_y = 0.2503270039706016
cam_tilt_x = -0.018499558201654907
cam_tilt_y = -0.015100884182490993
d_cam_ff  = -160.40133677044517
ccd_ff_dec_x = -0.0035044736507009997
ccd_ff_dec_y = 0.0003168062920159944
ccd_ff_tilt_x = 0.14615592170280362
ccd_ff_tilt_y = -0.5720659529849323
ccd_ff_tilt_z = 0.17256732993118
d_ff_ccd  = -4.811255972524448
ccd_dec_x = 0.620638880055188
ccd_dec_y = 5.155284173792593
ccd_defocus = 0.31620435808862424
ccd_tilt_x = 0.007716242928977482
ccd_tilt_y = -0.014211252830787714
ccd_tilt_z = 3.117543510137778e-06
p = 0.0001