slit_dec_x_a = -0.1704010755187174
slit_dec_y_a = -0.1956586180351446
slit_dec_x_b = 0.175
slit_dec_y_b = -1.6211921151212012e-96
slit_defocus = 0.00546499206983299
slit_tilt_x = 1.186249430227733
slit_tilt_y = -8.540295160845787
slit_tilt_z = -8.990757794214488
d_slit_col = 1594.2945277340518
coll_tilt_x = 0.08858162442729832
coll_tilt_y = -0.0319944093397676
ech_G = 31.610655525878045
ech_blaze = -74.97693865971449
ech_gamma = 1.1402174313915951
echelle_z = 0.07466925771817146
d_col_trf = -1588.0185297846808
trf_mirror_tilt_x = 0.13860064480895823
trf_mirror_tilt_y = 0.07748390118088866
d_col_grm = -0.009510639529091007
grism_dec_x = 236.43422968150045
grism_dec_y = 0.03414272888967758
grm_tilt_x = -0.015771756383067787
grm_tilt_y = 2.3043427797238727
grm_G = 222.82516797420664
grm_apex = 17.8150383716045
d_grm_cam  = 21.60847871929749
cam_dec_x = -0.30179685429811076
cam_dec_y = 0.25049512653712747
cam_tilt_x = -0.018611546709642043
cam_tilt_y = -0.01512407229576099
d_cam_ff  = -160.40138140476702
ccd_ff_dec_x = -0.00349923716849597
ccd_ff_dec_y = 0.00025907678805552645
ccd_ff_tilt_x = 0.14600328459819256
ccd_ff_tilt_y = -0.5720860770760745
ccd_ff_tilt_z = 0.17256083836823424
d_ff_ccd  = -4.811381854954721
ccd_dec_x = 0.6206484852681949
ccd_dec_y = 5.155296297765431
ccd_defocus = 0.3163909082667
ccd_tilt_x = 0.007914577692678712
ccd_tilt_y = -0.014092652721666741
ccd_tilt_z = 3.1313356773541315e-06
p = 0.0001