slit_dec_x_a = -0.1704010755187174
slit_dec_y_a = -0.1956586180351446
slit_dec_x_b = 0.175
slit_dec_y_b = -1.792998129942033e-96
slit_defocus = 0.005692585767705928
slit_tilt_x = 1.1859885648356396
slit_tilt_y = -8.539908535673394
slit_tilt_z = -8.99077381519197
d_slit_col = 1594.2942469901236
coll_tilt_x = 0.08868029994764984
coll_tilt_y = -0.031987527372347876
ech_G = 31.610675840253673
ech_blaze = -74.97694140679654
ech_gamma = 1.1402146521754752
echelle_z = 0.07467892908283612
d_col_trf = -1588.0185280167175
trf_mirror_tilt_x = 0.13887838862967705
trf_mirror_tilt_y = 0.07761274350309064
d_col_grm = -0.009374731413555668
grism_dec_x = 236.43430931836855
grism_dec_y = 0.034109128091333575
grm_tilt_x = -0.0157873723148777
grm_tilt_y = 2.3043353056766662
grm_G = 222.82516830986947
grm_apex = 17.815107734701925
d_grm_cam  = 21.6084804670608
cam_dec_x = -0.30181374966299457
cam_dec_y = 0.2502025614345048
cam_tilt_x = -0.018595538034898277
cam_tilt_y = -0.015076292886756899
d_cam_ff  = -160.40101354456087
ccd_ff_dec_x = -0.003506591524841019
ccd_ff_dec_y = 0.0003055818693341554
ccd_ff_tilt_x = 0.14608263777670202
ccd_ff_tilt_y = -0.5720954102183766
ccd_ff_tilt_z = 0.17256742849390058
d_ff_ccd  = -4.81140492820889
ccd_dec_x = 0.6206571921278684
ccd_dec_y = 5.155286952071907
ccd_defocus = 0.316473107592536
ccd_tilt_x = 0.007719979261919796
ccd_tilt_y = -0.01419777379870201
ccd_tilt_z = 3.1464137572586723e-06
p = 0.0001