slit_dec_x_a = -0.1704010755187174
slit_dec_y_a = -0.1956586180351446
slit_dec_x_b = 0.175
slit_dec_y_b = -1.6595052674371541e-96
slit_defocus = 0.005442495807102707
slit_tilt_x = 1.1860986812820677
slit_tilt_y = -8.540131626316118
slit_tilt_z = -8.990864143517955
d_slit_col = 1594.2945016016643
coll_tilt_x = 0.0885248505865472
coll_tilt_y = -0.03202884215437706
ech_G = 31.610664201701834
ech_blaze = -74.97693899495623
ech_gamma = 1.1402046447193013
echelle_z = 0.07467084079438085
d_col_trf = -1588.018510848282
trf_mirror_tilt_x = 0.13864755234984433
trf_mirror_tilt_y = 0.07758307113233769
d_col_grm = -0.009604285436853346
grism_dec_x = 236.4342715799103
grism_dec_y = 0.03431133966989579
grm_tilt_x = -0.015787990370219197
grm_tilt_y = 2.304363972223563
grm_G = 222.82517592978488
grm_apex = 17.815084659115733
d_grm_cam  = 21.60848554721494
cam_dec_x = -0.30204171816434044
cam_dec_y = 0.2504839485450944
cam_tilt_x = -0.018777877978834505
cam_tilt_y = -0.01512741585009898
d_cam_ff  = -160.40116356512704
ccd_ff_dec_x = -0.0034979067156761592
ccd_ff_dec_y = 0.0001651982213623935
ccd_ff_tilt_x = 0.14596989796885543
ccd_ff_tilt_y = -0.5720846568348643
ccd_ff_tilt_z = 0.17254938993373772
d_ff_ccd  = -4.81147371168411
ccd_dec_x = 0.6206497603655529
ccd_dec_y = 5.155285247163487
ccd_defocus = 0.3164154063044923
ccd_tilt_x = 0.007801409047587111
ccd_tilt_y = -0.014125933720030244
ccd_tilt_z = 3.1860462479490875e-06
p = 0.0001