slit_dec_x_a = -0.1704010755187174
slit_dec_y_a = -0.1956586180351446
slit_dec_x_b = 0.175
slit_dec_y_b = -1.7474027624186566e-96
slit_defocus = 0.005320409714894576
slit_tilt_x = 1.1860813387653784
slit_tilt_y = -8.54004027579521
slit_tilt_z = -8.990695007046874
d_slit_col = 1594.2944460493623
coll_tilt_x = 0.0885173359497356
coll_tilt_y = -0.03193311207143096
ech_G = 31.610663243220888
ech_blaze = -74.97694276575076
ech_gamma = 1.1402143383970451
echelle_z = 0.07467866746602426
d_col_trf = -1588.0185028075143
trf_mirror_tilt_x = 0.13895281487967306
trf_mirror_tilt_y = 0.07751454817945418
d_col_grm = -0.009526774010807131
grism_dec_x = 236.43419360044726
grism_dec_y = 0.03403717563221317
grm_tilt_x = -0.015786424126517512
grm_tilt_y = 2.3043393578362386
grm_G = 222.8251680732015
grm_apex = 17.81512551503563
d_grm_cam  = 21.608467733929274
cam_dec_x = -0.3017367058053057
cam_dec_y = 0.25029310688193174
cam_tilt_x = -0.018729032796276916
cam_tilt_y = -0.015145976425983138
d_cam_ff  = -160.40147635692705
ccd_ff_dec_x = -0.0035229962497653824
ccd_ff_dec_y = 0.0004617279710439573
ccd_ff_tilt_x = 0.14596008197462307
ccd_ff_tilt_y = -0.5720926395995743
ccd_ff_tilt_z = 0.1725792552573744
d_ff_ccd  = -4.811232783356152
ccd_dec_x = 0.620652601974461
ccd_dec_y = 5.155297195564288
ccd_defocus = 0.3163837214194444
ccd_tilt_x = 0.007737654900011443
ccd_tilt_y = -0.014119396568057566
ccd_tilt_z = 3.1332928492117904e-06
p = 0.0001