slit_dec_x_a = -0.1704010755187174
slit_dec_y_a = -0.1956586180351446
slit_dec_x_b = 0.175
slit_dec_y_b = -1.8750012883185936e-96
slit_defocus = 0.00553651088991827
slit_tilt_x = 1.186124117230774
slit_tilt_y = -8.540112783223899
slit_tilt_z = -8.990739887847859
d_slit_col = 1594.2946278267086
coll_tilt_x = 0.0887754522032849
coll_tilt_y = -0.032005711358661114
ech_G = 31.610678433072817
ech_blaze = -74.97694436885004
ech_gamma = 1.1401987402562106
echelle_z = 0.074673193689632
d_col_trf = -1588.0185234182927
trf_mirror_tilt_x = 0.13886209338007285
trf_mirror_tilt_y = 0.07754026964372131
d_col_grm = -0.009498935591619453
grism_dec_x = 236.434231409707
grism_dec_y = 0.03415755297873553
grm_tilt_x = -0.015772500981573713
grm_tilt_y = 2.3043555266975475
grm_G = 222.82517220632263
grm_apex = 17.814964014040374
d_grm_cam  = 21.608476255010547
cam_dec_x = -0.30183183439887173
cam_dec_y = 0.2503840810075464
cam_tilt_x = -0.01843223687076554
cam_tilt_y = -0.015219385315390252
d_cam_ff  = -160.4018902186959
ccd_ff_dec_x = -0.003514660248570796
ccd_ff_dec_y = 0.00018388910963128833
ccd_ff_tilt_x = 0.1459089494806043
ccd_ff_tilt_y = -0.5720632680775076
ccd_ff_tilt_z = 0.17256208331311412
d_ff_ccd  = -4.811409664869933
ccd_dec_x = 0.6206614511939295
ccd_dec_y = 5.155297441270161
ccd_defocus = 0.31623430740221425
ccd_tilt_x = 0.007828295819042522
ccd_tilt_y = -0.014056851023291518
ccd_tilt_z = 3.1379309140072593e-06
p = 0.0001