slit_dec_x_a = -0.1704010755187174
slit_dec_y_a = -0.1956586180351446
slit_dec_x_b = 0.175
slit_dec_y_b = -1.7910153533251819e-96
slit_defocus = 0.005279850784769884
slit_tilt_x = 1.1861936438893164
slit_tilt_y = -8.54021245670716
slit_tilt_z = -8.990926240132039
d_slit_col = 1594.2946925563167
coll_tilt_x = 0.08869572811110564
coll_tilt_y = -0.03203735985343975
ech_G = 31.610661251253628
ech_blaze = -74.97692832904454
ech_gamma = 1.1402225703843447
echelle_z = 0.07465982606128548
d_col_trf = -1588.0185200961976
trf_mirror_tilt_x = 0.1388538158350789
trf_mirror_tilt_y = 0.07753677008402476
d_col_grm = -0.009593913326948339
grism_dec_x = 236.43448460740302
grism_dec_y = 0.03432771518500269
grm_tilt_x = -0.015766103536544725
grm_tilt_y = 2.3043755646769073
grm_G = 222.8251836739471
grm_apex = 17.81515940034959
d_grm_cam  = 21.608479079659443
cam_dec_x = -0.3019106082439165
cam_dec_y = 0.2502821162060316
cam_tilt_x = -0.01854984160994375
cam_tilt_y = -0.015063068655135065
d_cam_ff  = -160.40137871997405
ccd_ff_dec_x = -0.0035093361286020366
ccd_ff_dec_y = 0.000426016702109129
ccd_ff_tilt_x = 0.14605657309910342
ccd_ff_tilt_y = -0.5720886379360954
ccd_ff_tilt_z = 0.17256162218471338
d_ff_ccd  = -4.811344513827308
ccd_dec_x = 0.6206689274331662
ccd_dec_y = 5.1552911281490195
ccd_defocus = 0.3164352974889241
ccd_tilt_x = 0.007637061415080235
ccd_tilt_y = -0.014128974559109844
ccd_tilt_z = 3.104031440109354e-06
p = 0.0001