slit_dec_x_a = -0.1704010755187174
slit_dec_y_a = -0.1956586180351446
slit_dec_x_b = 0.175
slit_dec_y_b = -1.7234483465287847e-96
slit_defocus = 0.0055213221223445776
slit_tilt_x = 1.1860108586233455
slit_tilt_y = -8.540016988132919
slit_tilt_z = -8.9907654927066
d_slit_col = 1594.2947232603146
coll_tilt_x = 0.08859659213630698
coll_tilt_y = -0.03200427687676185
ech_G = 31.610673333113454
ech_blaze = -74.97694391680368
ech_gamma = 1.1402109584426738
echelle_z = 0.07468685673628714
d_col_trf = -1588.0185217796168
trf_mirror_tilt_x = 0.138620686851002
trf_mirror_tilt_y = 0.07763435515633163
d_col_grm = -0.009407154598792827
grism_dec_x = 236.43422314331752
grism_dec_y = 0.034204636705565804
grm_tilt_x = -0.01577563965712055
grm_tilt_y = 2.3043436730552163
grm_G = 222.82517922614952
grm_apex = 17.81508932657821
d_grm_cam  = 21.60849439430418
cam_dec_x = -0.3020096444223927
cam_dec_y = 0.25032964625688015
cam_tilt_x = -0.018766103254432523
cam_tilt_y = -0.015175913964954848
d_cam_ff  = -160.40100716537665
ccd_ff_dec_x = -0.0035059804581778525
ccd_ff_dec_y = 0.0003893604651305043
ccd_ff_tilt_x = 0.1460299733164899
ccd_ff_tilt_y = -0.5720834825603435
ccd_ff_tilt_z = 0.17255596318854236
d_ff_ccd  = -4.811430326753115
ccd_dec_x = 0.620663335421776
ccd_dec_y = 5.1552726125541355
ccd_defocus = 0.3162122922094429
ccd_tilt_x = 0.007886849468929445
ccd_tilt_y = -0.014011929505280813
ccd_tilt_z = 3.1303627877814327e-06
p = 0.0001