slit_dec_x_a = -0.1704010755187174
slit_dec_y_a = -0.1956586180351446
slit_dec_x_b = 0.175
slit_dec_y_b = -1.7713050980599546e-96
slit_defocus = 0.005525462874571859
slit_tilt_x = 1.1860898855840811
slit_tilt_y = -8.540052163221656
slit_tilt_z = -8.990619677594367
d_slit_col = 1594.2945254521176
coll_tilt_x = 0.0885478766751636
coll_tilt_y = -0.03207388711084943
ech_G = 31.610669869520542
ech_blaze = -74.97694756185422
ech_gamma = 1.1402067600687849
echelle_z = 0.07467959416121624
d_col_trf = -1588.0185226517008
trf_mirror_tilt_x = 0.13876099103828493
trf_mirror_tilt_y = 0.07766978743061673
d_col_grm = -0.009524535425746872
grism_dec_x = 236.4342833955433
grism_dec_y = 0.03428021581888892
grm_tilt_x = -0.015769806712603078
grm_tilt_y = 2.304369822619468
grm_G = 222.82517221624627
grm_apex = 17.815007679343832
d_grm_cam  = 21.60848445161629
cam_dec_x = -0.30194561371114326
cam_dec_y = 0.2502711532150625
cam_tilt_x = -0.018819291965702364
cam_tilt_y = -0.015103935915512953
d_cam_ff  = -160.4016546810344
ccd_ff_dec_x = -0.003515615259414264
ccd_ff_dec_y = 0.0003764124441857447
ccd_ff_tilt_x = 0.14609437877684342
ccd_ff_tilt_y = -0.5720905739027057
ccd_ff_tilt_z = 0.17257205817794113
d_ff_ccd  = -4.811445770515818
ccd_dec_x = 0.620658786331718
ccd_dec_y = 5.155274461306562
ccd_defocus = 0.31625859262626693
ccd_tilt_x = 0.007548600192845
ccd_tilt_y = -0.014053386644961726
ccd_tilt_z = 3.1327792106489213e-06
p = 0.0001