slit_dec_x_a = -0.1704010755187174
slit_dec_y_a = -0.1956586180351446
slit_dec_x_b = 0.175
slit_dec_y_b = -1.5884907781095268e-96
slit_defocus = 0.0054905877724099345
slit_tilt_x = 1.1861318136466683
slit_tilt_y = -8.539932788285503
slit_tilt_z = -8.990806810734284
d_slit_col = 1594.2945689050357
coll_tilt_x = 0.0885747885564984
coll_tilt_y = -0.032023724962493116
ech_G = 31.610672248803517
ech_blaze = -74.9769392252778
ech_gamma = 1.140205113861021
echelle_z = 0.07467284932583264
d_col_trf = -1588.018510144451
trf_mirror_tilt_x = 0.1388551231121399
trf_mirror_tilt_y = 0.07758253710502831
d_col_grm = -0.009560211687851186
grism_dec_x = 236.4344490929534
grism_dec_y = 0.03407682614604323
grm_tilt_x = -0.01577946041770369
grm_tilt_y = 2.3043699425018973
grm_G = 222.8251622941199
grm_apex = 17.815054287071053
d_grm_cam  = 21.608491603035414
cam_dec_x = -0.30181953033343856
cam_dec_y = 0.25041972687516567
cam_tilt_x = -0.01881468778465829
cam_tilt_y = -0.015188162642919768
d_cam_ff  = -160.4007153020085
ccd_ff_dec_x = -0.0035073160759381715
ccd_ff_dec_y = 0.000303782358439239
ccd_ff_tilt_x = 0.14612409282330985
ccd_ff_tilt_y = -0.5720734041345102
ccd_ff_tilt_z = 0.1725739748883565
d_ff_ccd  = -4.811418433162036
ccd_dec_x = 0.6206638320801007
ccd_dec_y = 5.155289446124139
ccd_defocus = 0.31653487944144604
ccd_tilt_x = 0.007568174137950813
ccd_tilt_y = -0.013946688222988135
ccd_tilt_z = 3.2101522404494816e-06
p = 0.0001