slit_dec_x_a = -0.1704010755187174
slit_dec_y_a = -0.1956586180351446
slit_dec_x_b = 0.175
slit_dec_y_b = -1.8475709254948137e-96
slit_defocus = 0.005535005218049926
slit_tilt_x = 1.186212289347206
slit_tilt_y = -8.54046127061272
slit_tilt_z = -8.990753022790114
d_slit_col = 1594.2947660142645
coll_tilt_x = 0.0886015024412664
coll_tilt_y = -0.031955064363380796
ech_G = 31.61065684396626
ech_blaze = -74.97693044751071
ech_gamma = 1.1402081945375109
echelle_z = 0.07468021785023869
d_col_trf = -1588.0185199657099
trf_mirror_tilt_x = 0.13917133935669299
trf_mirror_tilt_y = 0.07753243155802172
d_col_grm = -0.009327395713598067
grism_dec_x = 236.4344103012009
grism_dec_y = 0.034311069297786406
grm_tilt_x = -0.01576375035370199
grm_tilt_y = 2.304367988840404
grm_G = 222.82516546360387
grm_apex = 17.815392585720318
d_grm_cam  = 21.608493932070914
cam_dec_x = -0.3018952845571517
cam_dec_y = 0.2505781838200245
cam_tilt_x = -0.018548645146910778
cam_tilt_y = -0.01505954571532351
d_cam_ff  = -160.40194999538394
ccd_ff_dec_x = -0.00351200217574462
ccd_ff_dec_y = 0.00017280380294029703
ccd_ff_tilt_x = 0.14583683376029707
ccd_ff_tilt_y = -0.572081261492633
ccd_ff_tilt_z = 0.172576735223925
d_ff_ccd  = -4.811254723308407
ccd_dec_x = 0.6206725951330127
ccd_dec_y = 5.155286269473976
ccd_defocus = 0.31619258137367323
ccd_tilt_x = 0.007827687835441813
ccd_tilt_y = -0.014026825551805193
ccd_tilt_z = 3.1358000686122824e-06
p = 0.0001