slit_dec_x_a = -0.1704010755187174
slit_dec_y_a = -0.1956586180351446
slit_dec_x_b = 0.175
slit_dec_y_b = -1.7070467002363987e-96
slit_defocus = 0.005556857687491798
slit_tilt_x = 1.1859245494894117
slit_tilt_y = -8.54001948341564
slit_tilt_z = -8.990824055310346
d_slit_col = 1594.2945769900107
coll_tilt_x = 0.08856294526929047
coll_tilt_y = -0.0319316941164852
ech_G = 31.610680523378882
ech_blaze = -74.97694863528164
ech_gamma = 1.1402081456928184
echelle_z = 0.07466484226918381
d_col_trf = -1588.0185126644603
trf_mirror_tilt_x = 0.13876681441231042
trf_mirror_tilt_y = 0.07766630914200813
d_col_grm = -0.009520733666443269
grism_dec_x = 236.4342407702618
grism_dec_y = 0.034167687271579504
grm_tilt_x = -0.015786494456037813
grm_tilt_y = 2.304352910093044
grm_G = 222.82518173150092
grm_apex = 17.81523241593052
d_grm_cam  = 21.608478165925337
cam_dec_x = -0.301920317723898
cam_dec_y = 0.25041525977715634
cam_tilt_x = -0.01888346820305634
cam_tilt_y = -0.01524943287959211
d_cam_ff  = -160.4015560390118
ccd_ff_dec_x = -0.003500207848963217
ccd_ff_dec_y = 0.0004014723480921995
ccd_ff_tilt_x = 0.14599144961212684
ccd_ff_tilt_y = -0.5721077779178532
ccd_ff_tilt_z = 0.1725586323098414
d_ff_ccd  = -4.811494915630225
ccd_dec_x = 0.62064998422107
ccd_dec_y = 5.155291723436976
ccd_defocus = 0.3163259075031546
ccd_tilt_x = 0.007868048543018622
ccd_tilt_y = -0.014148892588376668
ccd_tilt_z = 3.2259449690329473e-06
p = 0.0001