slit_dec_x_a = -0.1704010755187174
slit_dec_y_a = -0.1956586180351446
slit_dec_x_b = 0.175
slit_dec_y_b = -1.7848838417226656e-96
slit_defocus = 0.005540734481321634
slit_tilt_x = 1.186028389091108
slit_tilt_y = -8.539982764441952
slit_tilt_z = -8.990670147627801
d_slit_col = 1594.2946190874316
coll_tilt_x = 0.08857662515716788
coll_tilt_y = -0.032053385119967165
ech_G = 31.610662336671954
ech_blaze = -74.97693825203032
ech_gamma = 1.1402041798552323
echelle_z = 0.0746741546083335
d_col_trf = -1588.0185290906181
trf_mirror_tilt_x = 0.13877464561235026
trf_mirror_tilt_y = 0.07768590412944945
d_col_grm = -0.009439914992150574
grism_dec_x = 236.43419861786396
grism_dec_y = 0.03401135602506229
grm_tilt_x = -0.015778287488937563
grm_tilt_y = 2.3043459694038293
grm_G = 222.82517153081722
grm_apex = 17.815193869271354
d_grm_cam  = 21.608488439626573
cam_dec_x = -0.3019642398173275
cam_dec_y = 0.25032467804587033
cam_tilt_x = -0.01865223817985854
cam_tilt_y = -0.014968018845943992
d_cam_ff  = -160.39995910512155
ccd_ff_dec_x = -0.0035228081588985706
ccd_ff_dec_y = 0.0002021893215314038
ccd_ff_tilt_x = 0.14589448046892736
ccd_ff_tilt_y = -0.5720747742061719
ccd_ff_tilt_z = 0.17256638482876052
d_ff_ccd  = -4.811226083831457
ccd_dec_x = 0.6206639237037466
ccd_dec_y = 5.155268335593563
ccd_defocus = 0.3164331889144397
ccd_tilt_x = 0.0076361897036036006
ccd_tilt_y = -0.014019232659357353
ccd_tilt_z = 3.1458901864442006e-06
p = 0.0001