slit_dec_x_a = -0.1704010755187174
slit_dec_y_a = -0.1956586180351446
slit_dec_x_b = 0.175
slit_dec_y_b = -1.7801477942336897e-96
slit_defocus = 0.005634777600625209
slit_tilt_x = 1.186050785600724
slit_tilt_y = -8.539971682735908
slit_tilt_z = -8.990725718367258
d_slit_col = 1594.2945236328007
coll_tilt_x = 0.08861668080186398
coll_tilt_y = -0.03207146293580737
ech_G = 31.610675882533844
ech_blaze = -74.97694323850462
ech_gamma = 1.140207737905925
echelle_z = 0.07467164865976764
d_col_trf = -1588.0185165629757
trf_mirror_tilt_x = 0.13898486460749318
trf_mirror_tilt_y = 0.07765797084071707
d_col_grm = -0.009480969155600283
grism_dec_x = 236.43420222999052
grism_dec_y = 0.034144320557732435
grm_tilt_x = -0.01577360727599051
grm_tilt_y = 2.304357812622892
grm_G = 222.82517145433636
grm_apex = 17.8150756580161
d_grm_cam  = 21.608473714406824
cam_dec_x = -0.3018056191530852
cam_dec_y = 0.2503167111400681
cam_tilt_x = -0.018782249266807365
cam_tilt_y = -0.01506902660681809
d_cam_ff  = -160.40164391655654
ccd_ff_dec_x = -0.003490416704636511
ccd_ff_dec_y = 0.00020477287731262157
ccd_ff_tilt_x = 0.1459557784959209
ccd_ff_tilt_y = -0.572083741027448
ccd_ff_tilt_z = 0.17256934808235191
d_ff_ccd  = -4.811494621278335
ccd_dec_x = 0.6206574099776616
ccd_dec_y = 5.1552890317869675
ccd_defocus = 0.3165062683095818
ccd_tilt_x = 0.007682915411780457
ccd_tilt_y = -0.014128841692010377
ccd_tilt_z = 3.2090006331884832e-06
p = 0.0001