slit_dec_x_a = -0.1704010755187174
slit_dec_y_a = -0.1956586180351446
slit_dec_x_b = 0.175
slit_dec_y_b = -1.785776556795121e-96
slit_defocus = 0.00538995978538467
slit_tilt_x = 1.1861007570825297
slit_tilt_y = -8.540093312946256
slit_tilt_z = -8.990580635244012
d_slit_col = 1594.294524071711
coll_tilt_x = 0.08864179052243808
coll_tilt_y = -0.031980940525876904
ech_G = 31.61067077989555
ech_blaze = -74.97693987926641
ech_gamma = 1.1401996482348533
echelle_z = 0.07467780300635182
d_col_trf = -1588.0185094792416
trf_mirror_tilt_x = 0.13886517704540544
trf_mirror_tilt_y = 0.07752406131668323
d_col_grm = -0.009399206759317286
grism_dec_x = 236.43433567498093
grism_dec_y = 0.03420104257117574
grm_tilt_x = -0.015762045445348007
grm_tilt_y = 2.304360690851822
grm_G = 222.82516094805638
grm_apex = 17.815232810785126
d_grm_cam  = 21.608483398986493
cam_dec_x = -0.3019539330564379
cam_dec_y = 0.2503168089385815
cam_tilt_x = -0.018629961925307192
cam_tilt_y = -0.01509392632212083
d_cam_ff  = -160.40104948759753
ccd_ff_dec_x = -0.003486226333292512
ccd_ff_dec_y = 0.00014786031975896555
ccd_ff_tilt_x = 0.14593776517751603
ccd_ff_tilt_y = -0.5720947415140496
ccd_ff_tilt_z = 0.17257266865991303
d_ff_ccd  = -4.811289718010577
ccd_dec_x = 0.6206601111026926
ccd_dec_y = 5.155287204582967
ccd_defocus = 0.3162563681529191
ccd_tilt_x = 0.007818754923301283
ccd_tilt_y = -0.014236463985836134
ccd_tilt_z = 3.0980737185502946e-06
p = 0.0001