slit_dec_x_a = -0.1704010755187174
slit_dec_y_a = -0.1956586180351446
slit_dec_x_b = 0.175
slit_dec_y_b = -1.691883983009498e-96
slit_defocus = 0.00544823723801122
slit_tilt_x = 1.185983685313532
slit_tilt_y = -8.540181978137989
slit_tilt_z = -8.99075839239616
d_slit_col = 1594.2946259240632
coll_tilt_x = 0.08859003914519414
coll_tilt_y = -0.032002640641169776
ech_G = 31.610660886429464
ech_blaze = -74.97695931934287
ech_gamma = 1.140202133654329
echelle_z = 0.0746666299266827
d_col_trf = -1588.018498900123
trf_mirror_tilt_x = 0.13879707330446192
trf_mirror_tilt_y = 0.07748893692121468
d_col_grm = -0.0094819756203379
grism_dec_x = 236.43427724633796
grism_dec_y = 0.034054703485549745
grm_tilt_x = -0.015776307588812568
grm_tilt_y = 2.304334520531057
grm_G = 222.82517475688277
grm_apex = 17.81526852651422
d_grm_cam  = 21.60847761968855
cam_dec_x = -0.3020378187574066
cam_dec_y = 0.25030678725500727
cam_tilt_x = -0.0185662752428594
cam_tilt_y = -0.015023725594524792
d_cam_ff  = -160.4022207946383
ccd_ff_dec_x = -0.0034942549679368553
ccd_ff_dec_y = 0.000340705116486585
ccd_ff_tilt_x = 0.14598905634144002
ccd_ff_tilt_y = -0.5721050012494222
ccd_ff_tilt_z = 0.17258010076345034
d_ff_ccd  = -4.8116433167985715
ccd_dec_x = 0.6206574003576356
ccd_dec_y = 5.155289648121699
ccd_defocus = 0.31633691392477975
ccd_tilt_x = 0.007749174993584005
ccd_tilt_y = -0.01409149378393509
ccd_tilt_z = 3.125849032269625e-06
p = 0.0001