slit_dec_x_a = -0.1704010755187174
slit_dec_y_a = -0.1956586180351446
slit_dec_x_b = 0.175
slit_dec_y_b = -1.7161383599256788e-96
slit_defocus = 0.005584344906916542
slit_tilt_x = 1.1860644725571792
slit_tilt_y = -8.540019520656221
slit_tilt_z = -8.99086589656878
d_slit_col = 1594.2946020753607
coll_tilt_x = 0.08855965103265527
coll_tilt_y = -0.03201424249209921
ech_G = 31.610668530868047
ech_blaze = -74.97693337276975
ech_gamma = 1.1402124153284583
echelle_z = 0.07467697154677955
d_col_trf = -1588.0184981975071
trf_mirror_tilt_x = 0.13884863353286417
trf_mirror_tilt_y = 0.07757990416389039
d_col_grm = -0.009633776887913606
grism_dec_x = 236.4342642865414
grism_dec_y = 0.03424261788135205
grm_tilt_x = -0.015766668681205243
grm_tilt_y = 2.3043475206811337
grm_G = 222.8251753006631
grm_apex = 17.815166902097356
d_grm_cam  = 21.608487082259085
cam_dec_x = -0.3019564977057553
cam_dec_y = 0.2503790226874544
cam_tilt_x = -0.018812739484547886
cam_tilt_y = -0.015104232174942642
d_cam_ff  = -160.40110804010902
ccd_ff_dec_x = -0.0034920128673505925
ccd_ff_dec_y = 0.0003066336795416228
ccd_ff_tilt_x = 0.1460038130283945
ccd_ff_tilt_y = -0.5720764354818689
ccd_ff_tilt_z = 0.17256275713874925
d_ff_ccd  = -4.811425915192182
ccd_dec_x = 0.6206628418134779
ccd_dec_y = 5.155284089421038
ccd_defocus = 0.31628306017013763
ccd_tilt_x = 0.0076798711406711375
ccd_tilt_y = -0.014081911931984006
ccd_tilt_z = 3.1946494512189332e-06
p = 0.0001