slit_dec_x_a = -0.1704010755187174
slit_dec_y_a = -0.1956586180351446
slit_dec_x_b = 0.175
slit_dec_y_b = -1.6638948374390666e-96
slit_defocus = 0.0057917566063557585
slit_tilt_x = 1.185896021587655
slit_tilt_y = -8.539889198251593
slit_tilt_z = -8.990761481704402
d_slit_col = 1594.2945370001462
coll_tilt_x = 0.08850274731042451
coll_tilt_y = -0.032047979950937305
ech_G = 31.61064889814665
ech_blaze = -74.9769431602549
ech_gamma = 1.1402141167816213
echelle_z = 0.07465024235200748
d_col_trf = -1588.0185214363155
trf_mirror_tilt_x = 0.13906957855783653
trf_mirror_tilt_y = 0.0775638015745645
d_col_grm = -0.009381911469515516
grism_dec_x = 236.4343320291962
grism_dec_y = 0.034306028362118074
grm_tilt_x = -0.015771584636327374
grm_tilt_y = 2.3043677107254807
grm_G = 222.82516913457823
grm_apex = 17.814899359228363
d_grm_cam  = 21.608468730930184
cam_dec_x = -0.30182474347736354
cam_dec_y = 0.25033861229793347
cam_tilt_x = -0.01863093714520837
cam_tilt_y = -0.015151713771947751
d_cam_ff  = -160.40127245555504
ccd_ff_dec_x = -0.003503884898170217
ccd_ff_dec_y = 0.00037468756904965013
ccd_ff_tilt_x = 0.1458648782154289
ccd_ff_tilt_y = -0.5720885323003962
ccd_ff_tilt_z = 0.17256228942350746
d_ff_ccd  = -4.811306839461179
ccd_dec_x = 0.6206635786285182
ccd_dec_y = 5.155267502437512
ccd_defocus = 0.3164633109661412
ccd_tilt_x = 0.00772195899470536
ccd_tilt_y = -0.014083474677200608
ccd_tilt_z = 3.149389936833754e-06
p = 0.0001