slit_dec_x_a = -0.1704010755187174
slit_dec_y_a = -0.1956586180351446
slit_dec_x_b = 0.175
slit_dec_y_b = -1.782784277438643e-96
slit_defocus = 0.005677346682102864
slit_tilt_x = 1.1860082288599014
slit_tilt_y = -8.539999599768223
slit_tilt_z = -8.990824014169698
d_slit_col = 1594.2945583307746
coll_tilt_x = 0.0885814073461498
coll_tilt_y = -0.03192965509982816
ech_G = 31.61067991598246
ech_blaze = -74.97693652802475
ech_gamma = 1.1402131750603164
echelle_z = 0.07466129583236926
d_col_trf = -1588.0185145165467
trf_mirror_tilt_x = 0.13891692982687043
trf_mirror_tilt_y = 0.07776680626388155
d_col_grm = -0.009535362876647073
grism_dec_x = 236.43431203230455
grism_dec_y = 0.034149644195870375
grm_tilt_x = -0.015782321688000867
grm_tilt_y = 2.304342646663254
grm_G = 222.82518809921945
grm_apex = 17.815145793775272
d_grm_cam  = 21.60848435827101
cam_dec_x = -0.30189441791641314
cam_dec_y = 0.2503303971795399
cam_tilt_x = -0.01880132718355799
cam_tilt_y = -0.015135958746290708
d_cam_ff  = -160.40138293688193
ccd_ff_dec_x = -0.0035050878046527234
ccd_ff_dec_y = 0.00027604233554270766
ccd_ff_tilt_x = 0.1459915033707368
ccd_ff_tilt_y = -0.5720770772028866
ccd_ff_tilt_z = 0.1725728208313226
d_ff_ccd  = -4.811427094889167
ccd_dec_x = 0.6206449621910374
ccd_dec_y = 5.155279902160689
ccd_defocus = 0.316452909177433
ccd_tilt_x = 0.007653095110747314
ccd_tilt_y = -0.014295792542115014
ccd_tilt_z = 3.1380361654394573e-06
p = 0.0001