slit_dec_x_a = -0.1704010755187174
slit_dec_y_a = -0.1956586180351446
slit_dec_x_b = 0.175
slit_dec_y_b = -1.8075626648992156e-96
slit_defocus = 0.005544832671481067
slit_tilt_x = 1.1860246456675754
slit_tilt_y = -8.540058517583725
slit_tilt_z = -8.990901908680119
d_slit_col = 1594.294649298768
coll_tilt_x = 0.08861823748599013
coll_tilt_y = -0.031969261105841085
ech_G = 31.610678059893296
ech_blaze = -74.97695392173816
ech_gamma = 1.140199511209277
echelle_z = 0.07467099952160355
d_col_trf = -1588.0185151370727
trf_mirror_tilt_x = 0.13885121476427553
trf_mirror_tilt_y = 0.07759456136798212
d_col_grm = -0.009589070084280287
grism_dec_x = 236.43439961857325
grism_dec_y = 0.03429063009660984
grm_tilt_x = -0.015783189084529123
grm_tilt_y = 2.3043578304959995
grm_G = 222.8251693975383
grm_apex = 17.8151836312549
d_grm_cam  = 21.60848246036453
cam_dec_x = -0.3018500248371619
cam_dec_y = 0.2503961891659337
cam_tilt_x = -0.018699993177218543
cam_tilt_y = -0.015210631843001192
d_cam_ff  = -160.40135484124465
ccd_ff_dec_x = -0.003488416056629637
ccd_ff_dec_y = 0.00015973190673989262
ccd_ff_tilt_x = 0.14591755124062392
ccd_ff_tilt_y = -0.5720841567770333
ccd_ff_tilt_z = 0.17258576840958437
d_ff_ccd  = -4.811496476235891
ccd_dec_x = 0.620656115319029
ccd_dec_y = 5.1552877241676125
ccd_defocus = 0.3164731523594753
ccd_tilt_x = 0.007592568921631225
ccd_tilt_y = -0.014169287256732903
ccd_tilt_z = 3.1948321940965194e-06
p = 0.0001