slit_dec_x_a = -0.1704010755187174
slit_dec_y_a = -0.1956586180351446
slit_dec_x_b = 0.175
slit_dec_y_b = -1.7231562165136561e-96
slit_defocus = 0.005511407893282509
slit_tilt_x = 1.1860606194427663
slit_tilt_y = -8.540042580607695
slit_tilt_z = -8.990720562716929
d_slit_col = 1594.2945548116422
coll_tilt_x = 0.08862722998588901
coll_tilt_y = -0.032049625835385114
ech_G = 31.61067960806395
ech_blaze = -74.97694392130991
ech_gamma = 1.1402091077579808
echelle_z = 0.0746633602903053
d_col_trf = -1588.018524187287
trf_mirror_tilt_x = 0.13880957617608256
trf_mirror_tilt_y = 0.07756136353251826
d_col_grm = -0.009575927741882928
grism_dec_x = 236.43420783601982
grism_dec_y = 0.034140561741463946
grm_tilt_x = -0.015783851753434865
grm_tilt_y = 2.3043616015725226
grm_G = 222.82517835529092
grm_apex = 17.815075619503066
d_grm_cam  = 21.608489503810947
cam_dec_x = -0.30186297517319544
cam_dec_y = 0.25037276049227397
cam_tilt_x = -0.01878854661537839
cam_tilt_y = -0.015110138661545591
d_cam_ff  = -160.401277786448
ccd_ff_dec_x = -0.0035051352980498022
ccd_ff_dec_y = 0.00037472791786099364
ccd_ff_tilt_x = 0.14602384579243285
ccd_ff_tilt_y = -0.5720876536141407
ccd_ff_tilt_z = 0.17256312051764205
d_ff_ccd  = -4.811450863785076
ccd_dec_x = 0.6206573392994218
ccd_dec_y = 5.155288666062927
ccd_defocus = 0.31637438002685786
ccd_tilt_x = 0.0077148226043076635
ccd_tilt_y = -0.014133520470394541
ccd_tilt_z = 3.1630982302580926e-06
p = 0.0001