slit_dec_x_a = -0.1704010755187174
slit_dec_y_a = -0.1956586180351446
slit_dec_x_b = 0.175
slit_dec_y_b = -1.6661634420057558e-96
slit_defocus = 0.005542219612631024
slit_tilt_x = 1.1859914328756642
slit_tilt_y = -8.540123008355092
slit_tilt_z = -8.990732056624047
d_slit_col = 1594.294603320938
coll_tilt_x = 0.08855354607158976
coll_tilt_y = -0.032037736134509345
ech_G = 31.610673036629922
ech_blaze = -74.97693460400622
ech_gamma = 1.1402009667833448
echelle_z = 0.07466877720105695
d_col_trf = -1588.018509984345
trf_mirror_tilt_x = 0.13881690203665992
trf_mirror_tilt_y = 0.07752531223522738
d_col_grm = -0.009595347987959746
grism_dec_x = 236.43429201693246
grism_dec_y = 0.0341511336856731
grm_tilt_x = -0.015779975606617435
grm_tilt_y = 2.304357128310104
grm_G = 222.82516480370572
grm_apex = 17.81507950706617
d_grm_cam  = 21.608497188015335
cam_dec_x = -0.3019348417149246
cam_dec_y = 0.25047450172834157
cam_tilt_x = -0.018858927842758454
cam_tilt_y = -0.015141344582298882
d_cam_ff  = -160.40146756257005
ccd_ff_dec_x = -0.0035030534842294256
ccd_ff_dec_y = 0.00026409614915988384
ccd_ff_tilt_x = 0.1459949527057978
ccd_ff_tilt_y = -0.5720866483778302
ccd_ff_tilt_z = 0.1725735572349278
d_ff_ccd  = -4.811396713330402
ccd_dec_x = 0.6206668929027992
ccd_dec_y = 5.155288440322664
ccd_defocus = 0.3163149300867097
ccd_tilt_x = 0.00769348357688432
ccd_tilt_y = -0.014163456354436638
ccd_tilt_z = 3.2631200501847746e-06
p = 0.0001