slit_dec_x_a = -0.1704010755187174
slit_dec_y_a = -0.1956586180351446
slit_dec_x_b = 0.175
slit_dec_y_b = -1.6021987741312157e-96
slit_defocus = 0.005584434244991935
slit_tilt_x = 1.1859020937434392
slit_tilt_y = -8.540146726761542
slit_tilt_z = -8.990585390290361
d_slit_col = 1594.2945258866785
coll_tilt_x = 0.08860643523511864
coll_tilt_y = -0.03196416850211305
ech_G = 31.61066313443831
ech_blaze = -74.97692926322439
ech_gamma = 1.140208357234362
echelle_z = 0.07465451771901163
d_col_trf = -1588.0185297116627
trf_mirror_tilt_x = 0.13891140486380874
trf_mirror_tilt_y = 0.07755001957539708
d_col_grm = -0.009417329811290806
grism_dec_x = 236.4342844526692
grism_dec_y = 0.034096382961519164
grm_tilt_x = -0.01578932174148653
grm_tilt_y = 2.304342041796504
grm_G = 222.82518466670012
grm_apex = 17.815077580099192
d_grm_cam  = 21.608488401248167
cam_dec_x = -0.3019148547983342
cam_dec_y = 0.2503544139450883
cam_tilt_x = -0.018605486723301916
cam_tilt_y = -0.015192407964733307
d_cam_ff  = -160.40158688656027
ccd_ff_dec_x = -0.0035025405729039844
ccd_ff_dec_y = 0.00037450337054481335
ccd_ff_tilt_x = 0.14602810577099942
ccd_ff_tilt_y = -0.572069732449379
ccd_ff_tilt_z = 0.17257277427237203
d_ff_ccd  = -4.811239634501655
ccd_dec_x = 0.6206650839237676
ccd_dec_y = 5.155280111447021
ccd_defocus = 0.31625769472903326
ccd_tilt_x = 0.0077206137729724286
ccd_tilt_y = -0.014035536918684545
ccd_tilt_z = 3.0845730533520668e-06
p = 0.0001