slit_dec_x_a = -0.1704010755187174
slit_dec_y_a = -0.1956586180351446
slit_dec_x_b = 0.175
slit_dec_y_b = -1.5032739626205682e-96
slit_defocus = 0.00555323289096346
slit_tilt_x = 1.1860274113681681
slit_tilt_y = -8.540122361299758
slit_tilt_z = -8.99096845219883
d_slit_col = 1594.29467407764
coll_tilt_x = 0.08867468261933223
coll_tilt_y = -0.03194660404729485
ech_G = 31.61067167783787
ech_blaze = -74.9769364389572
ech_gamma = 1.140222736480401
echelle_z = 0.0746703456405663
d_col_trf = -1588.0185137939689
trf_mirror_tilt_x = 0.1389233763394394
trf_mirror_tilt_y = 0.0776248396389017
d_col_grm = -0.009514814131697987
grism_dec_x = 236.434220236795
grism_dec_y = 0.034112978654181406
grm_tilt_x = -0.01578045512902032
grm_tilt_y = 2.3043556292568583
grm_G = 222.82516290453492
grm_apex = 17.815160443353786
d_grm_cam  = 21.60847511505947
cam_dec_x = -0.30189650093600245
cam_dec_y = 0.25049496975410385
cam_tilt_x = -0.01860724899280994
cam_tilt_y = -0.015164135369298363
d_cam_ff  = -160.4010141244822
ccd_ff_dec_x = -0.003503275588825747
ccd_ff_dec_y = 0.00045076279971244666
ccd_ff_tilt_x = 0.14596695887699435
ccd_ff_tilt_y = -0.57207428434822
ccd_ff_tilt_z = 0.1725588892484871
d_ff_ccd  = -4.811369957007738
ccd_dec_x = 0.6206744740915129
ccd_dec_y = 5.155286233100626
ccd_defocus = 0.3164839400979286
ccd_tilt_x = 0.007769759938883198
ccd_tilt_y = -0.014011714120763153
ccd_tilt_z = 3.137619383732224e-06
p = 0.0001