slit_dec_x_a = -0.1704010755187174
slit_dec_y_a = -0.1956586180351446
slit_dec_x_b = 0.175
slit_dec_y_b = -1.6882476181833376e-96
slit_defocus = 0.0055108063376217
slit_tilt_x = 1.1861186796164658
slit_tilt_y = -8.540050500392622
slit_tilt_z = -8.990792955176696
d_slit_col = 1594.2945241978953
coll_tilt_x = 0.08859343825668294
coll_tilt_y = -0.03207752141595059
ech_G = 31.61067471922945
ech_blaze = -74.97693345297712
ech_gamma = 1.1402116244250744
echelle_z = 0.07467122838852336
d_col_trf = -1588.0185125784394
trf_mirror_tilt_x = 0.13871336370713172
trf_mirror_tilt_y = 0.0775087964880374
d_col_grm = -0.009451136208039659
grism_dec_x = 236.4342003166638
grism_dec_y = 0.03423805328303993
grm_tilt_x = -0.01577097168941506
grm_tilt_y = 2.304359879676263
grm_G = 222.82515367271185
grm_apex = 17.8151305061153
d_grm_cam  = 21.60847743879534
cam_dec_x = -0.3018883477213018
cam_dec_y = 0.25042492829488366
cam_tilt_x = -0.018812377577496327
cam_tilt_y = -0.015022511038601565
d_cam_ff  = -160.40199058757588
ccd_ff_dec_x = -0.0035073187613734783
ccd_ff_dec_y = 0.0002037761027568116
ccd_ff_tilt_x = 0.14596028114317408
ccd_ff_tilt_y = -0.5720854161858231
ccd_ff_tilt_z = 0.1725461129766827
d_ff_ccd  = -4.811329909541008
ccd_dec_x = 0.6206462028594223
ccd_dec_y = 5.155292436113979
ccd_defocus = 0.3163991242742674
ccd_tilt_x = 0.00779646267100523
ccd_tilt_y = -0.014160793427553752
ccd_tilt_z = 3.199148671881792e-06
p = 0.0001