slit_dec_x_a = -0.1704010755187174
slit_dec_y_a = -0.1956586180351446
slit_dec_x_b = 0.175
slit_dec_y_b = -1.610733029611272e-96
slit_defocus = 0.005439639417221568
slit_tilt_x = 1.1860315095404148
slit_tilt_y = -8.539994804429815
slit_tilt_z = -8.990715750728224
d_slit_col = 1594.2943659566436
coll_tilt_x = 0.08849718285173043
coll_tilt_y = -0.03206794667220221
ech_G = 31.610662545090314
ech_blaze = -74.97693865397021
ech_gamma = 1.1402042337161635
echelle_z = 0.07465899757222265
d_col_trf = -1588.0185172776273
trf_mirror_tilt_x = 0.13887692226770995
trf_mirror_tilt_y = 0.07760522857961452
d_col_grm = -0.009624629360634972
grism_dec_x = 236.43432820595595
grism_dec_y = 0.034137746329411106
grm_tilt_x = -0.015768607718352385
grm_tilt_y = 2.304352454143355
grm_G = 222.82517760429113
grm_apex = 17.81504461405056
d_grm_cam  = 21.60848536798293
cam_dec_x = -0.30203879453506954
cam_dec_y = 0.25034583662788484
cam_tilt_x = -0.018861598827858116
cam_tilt_y = -0.01507147070148664
d_cam_ff  = -160.40160675084763
ccd_ff_dec_x = -0.003493769850402547
ccd_ff_dec_y = 0.00029897298890342887
ccd_ff_tilt_x = 0.1460517228341859
ccd_ff_tilt_y = -0.5720751975958221
ccd_ff_tilt_z = 0.17257353394478842
d_ff_ccd  = -4.81132604514982
ccd_dec_x = 0.6206422143492236
ccd_dec_y = 5.155270626999911
ccd_defocus = 0.31631385890432373
ccd_tilt_x = 0.007634658091328146
ccd_tilt_y = -0.014099536854688316
ccd_tilt_z = 3.192380728230287e-06
p = 0.0001