slit_dec_x_a = -0.1704010755187174
slit_dec_y_a = -0.1956586180351446
slit_dec_x_b = 0.175
slit_dec_y_b = -1.6334614401520893e-96
slit_defocus = 0.005489109903402881
slit_tilt_x = 1.1861314520671715
slit_tilt_y = -8.54014927421411
slit_tilt_z = -8.990717541698473
d_slit_col = 1594.2945561260285
coll_tilt_x = 0.08863716818161162
coll_tilt_y = -0.03202130062484618
ech_G = 31.61066336021468
ech_blaze = -74.97695191742014
ech_gamma = 1.1401872140994047
echelle_z = 0.07465864660257518
d_col_trf = -1588.0185285370528
trf_mirror_tilt_x = 0.13886181538203637
trf_mirror_tilt_y = 0.07741231874503195
d_col_grm = -0.009530642051805833
grism_dec_x = 236.43425970189907
grism_dec_y = 0.03410871260090956
grm_tilt_x = -0.015775617438112125
grm_tilt_y = 2.3043410906213446
grm_G = 222.82517439307122
grm_apex = 17.815205524524057
d_grm_cam  = 21.608485443592212
cam_dec_x = -0.3019892125151588
cam_dec_y = 0.2505683786985521
cam_tilt_x = -0.01853299708040046
cam_tilt_y = -0.015052959071018397
d_cam_ff  = -160.40090215347473
ccd_ff_dec_x = -0.0034980238579198505
ccd_ff_dec_y = 0.000216143923919682
ccd_ff_tilt_x = 0.1459764235835235
ccd_ff_tilt_y = -0.5720929412531632
ccd_ff_tilt_z = 0.17257522601903683
d_ff_ccd  = -4.811344809097189
ccd_dec_x = 0.6206688287489173
ccd_dec_y = 5.155294651248338
ccd_defocus = 0.3164288926863249
ccd_tilt_x = 0.007545090077243758
ccd_tilt_y = -0.014167810193314142
ccd_tilt_z = 3.1221933119580797e-06
p = 0.0001