slit_dec_x_a = -0.1704010755187174
slit_dec_y_a = -0.1956586180351446
slit_dec_x_b = 0.175
slit_dec_y_b = -1.7249601045588568e-96
slit_defocus = 0.005568532894567039
slit_tilt_x = 1.1861182070309648
slit_tilt_y = -8.53999743753354
slit_tilt_z = -8.990753017974525
d_slit_col = 1594.294676245467
coll_tilt_x = 0.08882540669801703
coll_tilt_y = -0.03197264553669438
ech_G = 31.61069247382347
ech_blaze = -74.97693479016988
ech_gamma = 1.1402015755414352
echelle_z = 0.07468025885697929
d_col_trf = -1588.0185045908997
trf_mirror_tilt_x = 0.13884958257335644
trf_mirror_tilt_y = 0.07752141202673112
d_col_grm = -0.009429145694098324
grism_dec_x = 236.43442601548233
grism_dec_y = 0.034190785948340435
grm_tilt_x = -0.015786768017458187
grm_tilt_y = 2.304350762644348
grm_G = 222.82517112432132
grm_apex = 17.815198953940186
d_grm_cam  = 21.608496507144796
cam_dec_x = -0.30192692048425257
cam_dec_y = 0.25033477214897715
cam_tilt_x = -0.018541228825149077
cam_tilt_y = -0.015136636441936479
d_cam_ff  = -160.40180029379198
ccd_ff_dec_x = -0.003517067453451036
ccd_ff_dec_y = 0.0002793374581877434
ccd_ff_tilt_x = 0.14615422893164864
ccd_ff_tilt_y = -0.5720908211196254
ccd_ff_tilt_z = 0.17256203690665498
d_ff_ccd  = -4.8113274705197995
ccd_dec_x = 0.6206610130024452
ccd_dec_y = 5.155301506359643
ccd_defocus = 0.3161649115223411
ccd_tilt_x = 0.007543668989135236
ccd_tilt_y = -0.014130395534275376
ccd_tilt_z = 3.096063323317736e-06
p = 0.0001