slit_dec_x_a = -0.1704010755187174
slit_dec_y_a = -0.1956586180351446
slit_dec_x_b = 0.175
slit_dec_y_b = -1.5725208825044945e-96
slit_defocus = 0.0054502501222269675
slit_tilt_x = 1.1859337462081896
slit_tilt_y = -8.53997404638364
slit_tilt_z = -8.990713909035998
d_slit_col = 1594.2945290988455
coll_tilt_x = 0.0885492399911591
coll_tilt_y = -0.03203216431314576
ech_G = 31.61066480426669
ech_blaze = -74.9769364279988
ech_gamma = 1.1402015513693142
echelle_z = 0.07466937062933944
d_col_trf = -1588.0185108676244
trf_mirror_tilt_x = 0.13888000933724312
trf_mirror_tilt_y = 0.0775280219278783
d_col_grm = -0.009541466373450288
grism_dec_x = 236.43439448409177
grism_dec_y = 0.03423938373318049
grm_tilt_x = -0.015771438370120728
grm_tilt_y = 2.3043543751175894
grm_G = 222.82517379324838
grm_apex = 17.81503908890966
d_grm_cam  = 21.608470020218196
cam_dec_x = -0.3020194134126846
cam_dec_y = 0.25052895781330214
cam_tilt_x = -0.018736568846570347
cam_tilt_y = -0.01503792754270474
d_cam_ff  = -160.40127892080736
ccd_ff_dec_x = -0.0035065923750915947
ccd_ff_dec_y = 0.00036965049093263326
ccd_ff_tilt_x = 0.14591010973073967
ccd_ff_tilt_y = -0.5720831440810249
ccd_ff_tilt_z = 0.1725671805836157
d_ff_ccd  = -4.811496252238485
ccd_dec_x = 0.6206594369037075
ccd_dec_y = 5.155291857508418
ccd_defocus = 0.3162795620327443
ccd_tilt_x = 0.007672723604606593
ccd_tilt_y = -0.014108829380703649
ccd_tilt_z = 3.1349411187214973e-06
p = 0.0001