slit_dec_x_a = -0.1704010755187174
slit_dec_y_a = -0.1956586180351446
slit_dec_x_b = 0.175
slit_dec_y_b = -1.6775350330409035e-96
slit_defocus = 0.0055028867235634975
slit_tilt_x = 1.18605810395124
slit_tilt_y = -8.54006195062633
slit_tilt_z = -8.990742286861272
d_slit_col = 1594.2946022924034
coll_tilt_x = 0.08867506203829378
coll_tilt_y = -0.03198930921271682
ech_G = 31.610692206931457
ech_blaze = -74.97695138442822
ech_gamma = 1.1402019861930826
echelle_z = 0.07467691403010863
d_col_trf = -1588.0185079912717
trf_mirror_tilt_x = 0.13892874051762424
trf_mirror_tilt_y = 0.07755348834166084
d_col_grm = -0.00957158129788639
grism_dec_x = 236.43419396823322
grism_dec_y = 0.03416421910731533
grm_tilt_x = -0.015781494543411767
grm_tilt_y = 2.304362728880186
grm_G = 222.8251845214777
grm_apex = 17.815123395677514
d_grm_cam  = 21.60849177554289
cam_dec_x = -0.3019569739632162
cam_dec_y = 0.2503134744081486
cam_tilt_x = -0.018833164096364197
cam_tilt_y = -0.015213461207478539
d_cam_ff  = -160.4018559307616
ccd_ff_dec_x = -0.0035029983426904596
ccd_ff_dec_y = 0.00023439823428751742
ccd_ff_tilt_x = 0.1460556927525503
ccd_ff_tilt_y = -0.5720908963724193
ccd_ff_tilt_z = 0.17255884432337434
d_ff_ccd  = -4.811484592211937
ccd_dec_x = 0.6206659058399544
ccd_dec_y = 5.155276589974534
ccd_defocus = 0.3162405738431013
ccd_tilt_x = 0.007784533907585287
ccd_tilt_y = -0.014040043845826227
ccd_tilt_z = 3.1866092633426404e-06
p = 0.0001