slit_dec_x_a = -0.1704010755187174
slit_dec_y_a = -0.1956586180351446
slit_dec_x_b = 0.175
slit_dec_y_b = -1.6418162474360574e-96
slit_defocus = 0.005457509805525815
slit_tilt_x = 1.1861518089904426
slit_tilt_y = -8.539979384703717
slit_tilt_z = -8.990897644278084
d_slit_col = 1594.2947012468983
coll_tilt_x = 0.08882252991476045
coll_tilt_y = -0.032010708103623976
ech_G = 31.610672004065478
ech_blaze = -74.97693862153861
ech_gamma = 1.140202383808647
echelle_z = 0.07467152859466902
d_col_trf = -1588.0185264231684
trf_mirror_tilt_x = 0.13890974415538623
trf_mirror_tilt_y = 0.07749187345654862
d_col_grm = -0.009662717499397828
grism_dec_x = 236.43427203588698
grism_dec_y = 0.03439239956451541
grm_tilt_x = -0.015781501869438226
grm_tilt_y = 2.3043424234353385
grm_G = 222.82516694319702
grm_apex = 17.814944723485304
d_grm_cam  = 21.608472799967185
cam_dec_x = -0.30201177469437407
cam_dec_y = 0.25018125577828443
cam_tilt_x = -0.01838168377636345
cam_tilt_y = -0.015251535010554774
d_cam_ff  = -160.40222286174023
ccd_ff_dec_x = -0.003520430967041824
ccd_ff_dec_y = 0.0004236211218634003
ccd_ff_tilt_x = 0.14596557825261117
ccd_ff_tilt_y = -0.5720931232276406
ccd_ff_tilt_z = 0.17255145841627104
d_ff_ccd  = -4.811379263246079
ccd_dec_x = 0.6206601436453653
ccd_dec_y = 5.155268762716608
ccd_defocus = 0.3164381583774654
ccd_tilt_x = 0.007757069279066488
ccd_tilt_y = -0.014054062114551135
ccd_tilt_z = 3.1699797493996274e-06
p = 0.0001