slit_dec_x_a = -0.1704010755187174
slit_dec_y_a = -0.1956586180351446
slit_dec_x_b = 0.175
slit_dec_y_b = -1.7966710182266965e-96
slit_defocus = 0.00544094119541851
slit_tilt_x = 1.1861105182156535
slit_tilt_y = -8.540262073360417
slit_tilt_z = -8.990618400483562
d_slit_col = 1594.2945351511016
coll_tilt_x = 0.08864470471415171
coll_tilt_y = -0.0320153276527115
ech_G = 31.610668757437306
ech_blaze = -74.97694246019776
ech_gamma = 1.1402121265132354
echelle_z = 0.07467516362581446
d_col_trf = -1588.0185046661575
trf_mirror_tilt_x = 0.1388580406649653
trf_mirror_tilt_y = 0.0775737055240876
d_col_grm = -0.00944406849498967
grism_dec_x = 236.4341688829905
grism_dec_y = 0.034062961848297615
grm_tilt_x = -0.015779669411335934
grm_tilt_y = 2.304361010587178
grm_G = 222.82518561312898
grm_apex = 17.81511373268048
d_grm_cam  = 21.60848316333314
cam_dec_x = -0.30207354381733975
cam_dec_y = 0.2503155855020137
cam_tilt_x = -0.01858298948498075
cam_tilt_y = -0.015065732249240175
d_cam_ff  = -160.40244016630132
ccd_ff_dec_x = -0.003504288665602967
ccd_ff_dec_y = 0.00036846885728650686
ccd_ff_tilt_x = 0.1461423673223352
ccd_ff_tilt_y = -0.5720958374009371
ccd_ff_tilt_z = 0.17256999222438374
d_ff_ccd  = -4.811415650698674
ccd_dec_x = 0.6206630434865402
ccd_dec_y = 5.155269362060321
ccd_defocus = 0.31637549633029577
ccd_tilt_x = 0.007692527527268474
ccd_tilt_y = -0.014189287568343952
ccd_tilt_z = 3.0950714095825623e-06
p = 0.0001