slit_dec_x_a = -0.1704010755187174
slit_dec_y_a = -0.1956586180351446
slit_dec_x_b = 0.175
slit_dec_y_b = -1.70235202899771e-96
slit_defocus = 0.00560442996811654
slit_tilt_x = 1.1861329965038452
slit_tilt_y = -8.540078677722148
slit_tilt_z = -8.990853068274038
d_slit_col = 1594.2945725986608
coll_tilt_x = 0.08866218124705133
coll_tilt_y = -0.0319965493584053
ech_G = 31.610674477938822
ech_blaze = -74.97694261712759
ech_gamma = 1.1402011956786742
echelle_z = 0.07465932128922713
d_col_trf = -1588.0185063845524
trf_mirror_tilt_x = 0.1389487250252004
trf_mirror_tilt_y = 0.07748151638501687
d_col_grm = -0.00953830970583515
grism_dec_x = 236.43437881568454
grism_dec_y = 0.03418737357051724
grm_tilt_x = -0.015780721435059666
grm_tilt_y = 2.304360477237253
grm_G = 222.82518356445084
grm_apex = 17.815219850259886
d_grm_cam  = 21.608491452539862
cam_dec_x = -0.3019389939139416
cam_dec_y = 0.2503675723658594
cam_tilt_x = -0.018634338778320887
cam_tilt_y = -0.01510367372578951
d_cam_ff  = -160.40087114817285
ccd_ff_dec_x = -0.0035011965080929976
ccd_ff_dec_y = 0.00040921299538159
ccd_ff_tilt_x = 0.14605545833618458
ccd_ff_tilt_y = -0.5720920675390397
ccd_ff_tilt_z = 0.17257176676557395
d_ff_ccd  = -4.811381967076251
ccd_dec_x = 0.6206627326301776
ccd_dec_y = 5.155285390997951
ccd_defocus = 0.31644234801643234
ccd_tilt_x = 0.007733628421675995
ccd_tilt_y = -0.014086779143413478
ccd_tilt_z = 3.1964350635623065e-06
p = 0.0001