slit_dec_x_a = -0.1704010755187174
slit_dec_y_a = -0.1956586180351446
slit_dec_x_b = 0.175
slit_dec_y_b = -1.8770367356573016e-96
slit_defocus = 0.0055507114057128
slit_tilt_x = 1.1860325895736497
slit_tilt_y = -8.540106739642498
slit_tilt_z = -8.990682163943468
d_slit_col = 1594.2946958785315
coll_tilt_x = 0.0887028527434479
coll_tilt_y = -0.0319008231473432
ech_G = 31.610681041328153
ech_blaze = -74.9769606821129
ech_gamma = 1.1401983920526646
echelle_z = 0.0746652982217112
d_col_trf = -1588.0185152679435
trf_mirror_tilt_x = 0.13873811146163467
trf_mirror_tilt_y = 0.07754611090844009
d_col_grm = -0.009424276812504531
grism_dec_x = 236.4341760380404
grism_dec_y = 0.0342209074284665
grm_tilt_x = -0.01578941600580187
grm_tilt_y = 2.304357294608571
grm_G = 222.82517601355462
grm_apex = 17.815237328895066
d_grm_cam  = 21.608493570117332
cam_dec_x = -0.30193742832386
cam_dec_y = 0.2504435644087974
cam_tilt_x = -0.018524619298343502
cam_tilt_y = -0.015252379694712144
d_cam_ff  = -160.40150741795057
ccd_ff_dec_x = -0.0035004721158115393
ccd_ff_dec_y = 0.00030687630319486633
ccd_ff_tilt_x = 0.1461283967814465
ccd_ff_tilt_y = -0.5720979076812914
ccd_ff_tilt_z = 0.17256212425803474
d_ff_ccd  = -4.811527160819995
ccd_dec_x = 0.6206621389732896
ccd_dec_y = 5.155288193688586
ccd_defocus = 0.31644019391155603
ccd_tilt_x = 0.007623607258920925
ccd_tilt_y = -0.014161184605666788
ccd_tilt_z = 3.1631684271154747e-06
p = 0.0001