slit_dec_x_a = -0.1704010755187174
slit_dec_y_a = -0.1956586180351446
slit_dec_x_b = 0.175
slit_dec_y_b = -1.7879324389149719e-96
slit_defocus = 0.005622112480517326
slit_tilt_x = 1.1860187948438825
slit_tilt_y = -8.540149942720594
slit_tilt_z = -8.990760776643574
d_slit_col = 1594.2946307213833
coll_tilt_x = 0.08875317908618315
coll_tilt_y = -0.03202794977981038
ech_G = 31.610682559803205
ech_blaze = -74.97694408440839
ech_gamma = 1.140199623994136
echelle_z = 0.0746602168699319
d_col_trf = -1588.0185036574817
trf_mirror_tilt_x = 0.13873342666833194
trf_mirror_tilt_y = 0.07757060729370692
d_col_grm = -0.009545055795580409
grism_dec_x = 236.4343865639085
grism_dec_y = 0.03414766817519492
grm_tilt_x = -0.0157896351491332
grm_tilt_y = 2.3043537662337927
grm_G = 222.82517690854118
grm_apex = 17.815126574630995
d_grm_cam  = 21.60849278025701
cam_dec_x = -0.30197938117530115
cam_dec_y = 0.2504796899183506
cam_tilt_x = -0.018557203061274008
cam_tilt_y = -0.015074562805201815
d_cam_ff  = -160.40112410881486
ccd_ff_dec_x = -0.0035077045343551937
ccd_ff_dec_y = 0.0003109450166748458
ccd_ff_tilt_x = 0.1460143657887662
ccd_ff_tilt_y = -0.5720909136276268
ccd_ff_tilt_z = 0.17257427828371674
d_ff_ccd  = -4.811462303951006
ccd_dec_x = 0.6206632212971415
ccd_dec_y = 5.1552767320184385
ccd_defocus = 0.31637030488990164
ccd_tilt_x = 0.007852224288128503
ccd_tilt_y = -0.014182317158873423
ccd_tilt_z = 3.133510880644377e-06
p = 0.0001