slit_dec_x_a = -0.1704010755187174
slit_dec_y_a = -0.1956586180351446
slit_dec_x_b = 0.175
slit_dec_y_b = -1.650890162775742e-96
slit_defocus = 0.005455095843987147
slit_tilt_x = 1.1859155345418937
slit_tilt_y = -8.540170584976513
slit_tilt_z = -8.990702255409676
d_slit_col = 1594.294540809008
coll_tilt_x = 0.08867763908788052
coll_tilt_y = -0.031992774829716616
ech_G = 31.610667324266622
ech_blaze = -74.97693114405432
ech_gamma = 1.1401854390890789
echelle_z = 0.07468148140973682
d_col_trf = -1588.0184995620666
trf_mirror_tilt_x = 0.13877606155098438
trf_mirror_tilt_y = 0.07755907260216786
d_col_grm = -0.009467326143907058
grism_dec_x = 236.4341506765986
grism_dec_y = 0.034358089669778547
grm_tilt_x = -0.015782449162794025
grm_tilt_y = 2.3043334960670214
grm_G = 222.8251629298816
grm_apex = 17.81518803259175
d_grm_cam  = 21.608487508257262
cam_dec_x = -0.30205429508569676
cam_dec_y = 0.25025717474001064
cam_tilt_x = -0.018488091216730368
cam_tilt_y = -0.015126515958563768
d_cam_ff  = -160.401236982305
ccd_ff_dec_x = -0.0035034516348868908
ccd_ff_dec_y = 0.00023827624469693618
ccd_ff_tilt_x = 0.14589710171568607
ccd_ff_tilt_y = -0.5720991578540108
ccd_ff_tilt_z = 0.17257910608546242
d_ff_ccd  = -4.81129247642212
ccd_dec_x = 0.6206497341466266
ccd_dec_y = 5.155286960384637
ccd_defocus = 0.3164087645244373
ccd_tilt_x = 0.007691443284015924
ccd_tilt_y = -0.014075099980139285
ccd_tilt_z = 3.1620916804821727e-06
p = 0.0001