slit_dec_x_a = -0.1704010755187174
slit_dec_y_a = -0.1956586180351446
slit_dec_x_b = 0.175
slit_dec_y_b = -1.54394268131967e-96
slit_defocus = 0.005474254494705928
slit_tilt_x = 1.18608352197866
slit_tilt_y = -8.539786791815063
slit_tilt_z = -8.990686694611746
d_slit_col = 1594.2945809976213
coll_tilt_x = 0.08860571685155513
coll_tilt_y = -0.032073013762494315
ech_G = 31.610677101374673
ech_blaze = -74.97694184520576
ech_gamma = 1.140205411632804
echelle_z = 0.07467883524559488
d_col_trf = -1588.0185222910986
trf_mirror_tilt_x = 0.13901780552519014
trf_mirror_tilt_y = 0.07767347986846437
d_col_grm = -0.009655893299641491
grism_dec_x = 236.43421405071672
grism_dec_y = 0.03420512817986668
grm_tilt_x = -0.01576567025166561
grm_tilt_y = 2.304357743450803
grm_G = 222.82517764011692
grm_apex = 17.815056473440396
d_grm_cam  = 21.60850346334823
cam_dec_x = -0.30192382097802967
cam_dec_y = 0.25039703132176944
cam_tilt_x = -0.01879162381369442
cam_tilt_y = -0.015055395745048255
d_cam_ff  = -160.40212937577485
ccd_ff_dec_x = -0.0035084953165324365
ccd_ff_dec_y = 0.00021688976966302524
ccd_ff_tilt_x = 0.14590522510081178
ccd_ff_tilt_y = -0.5720836821739214
ccd_ff_tilt_z = 0.17256153383860198
d_ff_ccd  = -4.811433896251845
ccd_dec_x = 0.6206744736004605
ccd_dec_y = 5.155287362299341
ccd_defocus = 0.31608967963133405
ccd_tilt_x = 0.007680298346500457
ccd_tilt_y = -0.014344340684149857
ccd_tilt_z = 3.1839095250900378e-06
p = 0.0001