slit_dec_x_a = -0.1704010755187174
slit_dec_y_a = -0.1956586180351446
slit_dec_x_b = 0.175
slit_dec_y_b = -1.5783084265724739e-96
slit_defocus = 0.005692159362934247
slit_tilt_x = 1.1860825567140556
slit_tilt_y = -8.53995754159885
slit_tilt_z = -8.990693970816869
d_slit_col = 1594.2943331601243
coll_tilt_x = 0.0886189166448379
coll_tilt_y = -0.03190658724980905
ech_G = 31.610699464277786
ech_blaze = -74.97693709215743
ech_gamma = 1.1402053562615992
echelle_z = 0.07467972222148661
d_col_trf = -1588.0185226325639
trf_mirror_tilt_x = 0.13885621794473843
trf_mirror_tilt_y = 0.0777200282671947
d_col_grm = -0.009595405600817656
grism_dec_x = 236.43420579634892
grism_dec_y = 0.034042900327843725
grm_tilt_x = -0.015762564947021992
grm_tilt_y = 2.3043658659674455
grm_G = 222.82518430129048
grm_apex = 17.815221388226387
d_grm_cam  = 21.60849254020416
cam_dec_x = -0.3018136414956579
cam_dec_y = 0.25045140676212857
cam_tilt_x = -0.019114530813439178
cam_tilt_y = -0.01510493662248011
d_cam_ff  = -160.4008813040024
ccd_ff_dec_x = -0.0034965999546304827
ccd_ff_dec_y = 0.00028529175290585286
ccd_ff_tilt_x = 0.14610508957752744
ccd_ff_tilt_y = -0.5721152957418842
ccd_ff_tilt_z = 0.1725399745972822
d_ff_ccd  = -4.811482687495174
ccd_dec_x = 0.6206641558536252
ccd_dec_y = 5.15528267947021
ccd_defocus = 0.31629475268450497
ccd_tilt_x = 0.007787825666252506
ccd_tilt_y = -0.014188808574857789
ccd_tilt_z = 3.1524440564096965e-06
p = 0.0001