slit_dec_x_a = -0.1704010755187174
slit_dec_y_a = -0.1956586180351446
slit_dec_x_b = 0.175
slit_dec_y_b = -1.695765177040629e-96
slit_defocus = 0.005480236326984353
slit_tilt_x = 1.1859940937929718
slit_tilt_y = -8.540100105837722
slit_tilt_z = -8.990639774993149
d_slit_col = 1594.2945574729897
coll_tilt_x = 0.08865199745006667
coll_tilt_y = -0.03200016923275819
ech_G = 31.610667892718613
ech_blaze = -74.9769331312693
ech_gamma = 1.1402008424081205
echelle_z = 0.07466004411331123
d_col_trf = -1588.0185197787123
trf_mirror_tilt_x = 0.1389858341532384
trf_mirror_tilt_y = 0.07746070494891702
d_col_grm = -0.009681647419351465
grism_dec_x = 236.43420895881906
grism_dec_y = 0.034171326573630784
grm_tilt_x = -0.01577756176525075
grm_tilt_y = 2.304351220336751
grm_G = 222.82518221808414
grm_apex = 17.81499079446888
d_grm_cam  = 21.608500381042944
cam_dec_x = -0.30208878598559186
cam_dec_y = 0.25034385213330734
cam_tilt_x = -0.018578130096350242
cam_tilt_y = -0.015204085530487639
d_cam_ff  = -160.40042829110962
ccd_ff_dec_x = -0.0035098036920721953
ccd_ff_dec_y = 0.0002679579909166564
ccd_ff_tilt_x = 0.14601738613498164
ccd_ff_tilt_y = -0.5720902540465866
ccd_ff_tilt_z = 0.17257508973889082
d_ff_ccd  = -4.811402680733689
ccd_dec_x = 0.6206667942825186
ccd_dec_y = 5.155283827202266
ccd_defocus = 0.31642123872198646
ccd_tilt_x = 0.007816932969428357
ccd_tilt_y = -0.013980788170102287
ccd_tilt_z = 3.1523714575225425e-06
p = 0.0001