slit_dec_x_a = -0.1704010755187174
slit_dec_y_a = -0.1956586180351446
slit_dec_x_b = 0.175
slit_dec_y_b = -1.5415678067964678e-96
slit_defocus = 0.0055498445478523555
slit_tilt_x = 1.1863389314514317
slit_tilt_y = -8.540204182868369
slit_tilt_z = -8.990751676574275
d_slit_col = 1594.294642892706
coll_tilt_x = 0.08855037682090093
coll_tilt_y = -0.03205291813257953
ech_G = 31.610660008090417
ech_blaze = -74.97695334272365
ech_gamma = 1.1402238692129
echelle_z = 0.07465675694683947
d_col_trf = -1588.0185091858827
trf_mirror_tilt_x = 0.1387851343975511
trf_mirror_tilt_y = 0.07779041683347084
d_col_grm = -0.009511489493518908
grism_dec_x = 236.43437198894762
grism_dec_y = 0.03406727434452227
grm_tilt_x = -0.01575686819240571
grm_tilt_y = 2.3043472351183647
grm_G = 222.82516143870023
grm_apex = 17.815163196712124
d_grm_cam  = 21.608492288720303
cam_dec_x = -0.30194609308933595
cam_dec_y = 0.25036625675647173
cam_tilt_x = -0.018665487824143467
cam_tilt_y = -0.014943941053044621
d_cam_ff  = -160.40140145147868
ccd_ff_dec_x = -0.0035066551011718535
ccd_ff_dec_y = 0.0004354826794653886
ccd_ff_tilt_x = 0.1461285295262302
ccd_ff_tilt_y = -0.5720785244541318
ccd_ff_tilt_z = 0.1725656328151386
d_ff_ccd  = -4.81138334759401
ccd_dec_x = 0.6206507424131813
ccd_dec_y = 5.155274836454633
ccd_defocus = 0.3163255818679497
ccd_tilt_x = 0.007739008236902682
ccd_tilt_y = -0.0140794037515539
ccd_tilt_z = 3.123312295404426e-06
p = 0.0001