slit_dec_x_a = -0.1704010755187174
slit_dec_y_a = -0.1956586180351446
slit_dec_x_b = 0.175
slit_dec_y_b = -1.6512644284663083e-96
slit_defocus = 0.005326976126794926
slit_tilt_x = 1.1861830903417376
slit_tilt_y = -8.540116329855982
slit_tilt_z = -8.990727973258132
d_slit_col = 1594.2946337900603
coll_tilt_x = 0.08875957840358832
coll_tilt_y = -0.03204280629114131
ech_G = 31.610677681302082
ech_blaze = -74.97691775461365
ech_gamma = 1.1401971335568488
echelle_z = 0.07466863009334648
d_col_trf = -1588.0185190471966
trf_mirror_tilt_x = 0.1386353846994581
trf_mirror_tilt_y = 0.07748161166355874
d_col_grm = -0.009421860476905913
grism_dec_x = 236.43423809522182
grism_dec_y = 0.03423101239845984
grm_tilt_x = -0.015772834116550314
grm_tilt_y = 2.3043542692271415
grm_G = 222.82516787178966
grm_apex = 17.815187327897394
d_grm_cam  = 21.60848988839401
cam_dec_x = -0.302100266258253
cam_dec_y = 0.2505443657583672
cam_tilt_x = -0.018566511995357145
cam_tilt_y = -0.015022432048662554
d_cam_ff  = -160.40105648927377
ccd_ff_dec_x = -0.0035026736542361444
ccd_ff_dec_y = 0.00029556039909343603
ccd_ff_tilt_x = 0.1461273751168007
ccd_ff_tilt_y = -0.5720834866388655
ccd_ff_tilt_z = 0.1725661297746588
d_ff_ccd  = -4.811529500946546
ccd_dec_x = 0.6206599372735
ccd_dec_y = 5.155260129354855
ccd_defocus = 0.31626826799466556
ccd_tilt_x = 0.00783009681583587
ccd_tilt_y = -0.014200073973873753
ccd_tilt_z = 3.093540379163044e-06
p = 0.0001