slit_dec_x_a = -0.1704010755187174
slit_dec_y_a = -0.1956586180351446
slit_dec_x_b = 0.175
slit_dec_y_b = -1.7980945603392917e-96
slit_defocus = 0.005507191757883163
slit_tilt_x = 1.1860616871080514
slit_tilt_y = -8.539996769116122
slit_tilt_z = -8.990815165271362
d_slit_col = 1594.294479488842
coll_tilt_x = 0.08864928594584076
coll_tilt_y = -0.031976292875790936
ech_G = 31.610678061315348
ech_blaze = -74.97693519884857
ech_gamma = 1.1401884673248899
echelle_z = 0.07467598325944007
d_col_trf = -1588.0185158941943
trf_mirror_tilt_x = 0.13877415045969832
trf_mirror_tilt_y = 0.07753530217560599
d_col_grm = -0.009579279458172855
grism_dec_x = 236.43418279805618
grism_dec_y = 0.03412418273152265
grm_tilt_x = -0.015789423856082663
grm_tilt_y = 2.3043629067390397
grm_G = 222.8251670003392
grm_apex = 17.81511843072112
d_grm_cam  = 21.60847430123054
cam_dec_x = -0.30204421065818954
cam_dec_y = 0.25028766776531414
cam_tilt_x = -0.018663836725303782
cam_tilt_y = -0.015153196412319835
d_cam_ff  = -160.40125291140143
ccd_ff_dec_x = -0.0035005025294651037
ccd_ff_dec_y = 0.0003076177854078512
ccd_ff_tilt_x = 0.1459233489945533
ccd_ff_tilt_y = -0.5720834563221966
ccd_ff_tilt_z = 0.1725580797919353
d_ff_ccd  = -4.811415802657528
ccd_dec_x = 0.6206625827777601
ccd_dec_y = 5.155287304414497
ccd_defocus = 0.31627782680716293
ccd_tilt_x = 0.007643782172835444
ccd_tilt_y = -0.014200873375988054
ccd_tilt_z = 3.156478788801007e-06
p = 0.0001