slit_dec_x_a = -0.1704010755187174
slit_dec_y_a = -0.1956586180351446
slit_dec_x_b = 0.175
slit_dec_y_b = -1.7954129055562274e-96
slit_defocus = 0.005562255202233932
slit_tilt_x = 1.1862597009075453
slit_tilt_y = -8.540025236063682
slit_tilt_z = -8.99073412198338
d_slit_col = 1594.294535274852
coll_tilt_x = 0.08858402310436082
coll_tilt_y = -0.03199890551368943
ech_G = 31.61067413614125
ech_blaze = -74.97693739233102
ech_gamma = 1.140206451222799
echelle_z = 0.07467260871629565
d_col_trf = -1588.0185144441632
trf_mirror_tilt_x = 0.13882730697527562
trf_mirror_tilt_y = 0.0775328177109364
d_col_grm = -0.009473360425202316
grism_dec_x = 236.43420397724594
grism_dec_y = 0.03419906958846016
grm_tilt_x = -0.01577945917014397
grm_tilt_y = 2.304365639306647
grm_G = 222.82516860406054
grm_apex = 17.81514118489815
d_grm_cam  = 21.60848247946544
cam_dec_x = -0.3019314433628012
cam_dec_y = 0.25031669629412295
cam_tilt_x = -0.018809496356614427
cam_tilt_y = -0.015168747128533545
d_cam_ff  = -160.40161642832834
ccd_ff_dec_x = -0.003507965517067635
ccd_ff_dec_y = 0.00036025275546261714
ccd_ff_tilt_x = 0.14598690344827853
ccd_ff_tilt_y = -0.5720928712747021
ccd_ff_tilt_z = 0.17256137365564397
d_ff_ccd  = -4.811376132668701
ccd_dec_x = 0.6206578848334272
ccd_dec_y = 5.15528530314367
ccd_defocus = 0.31629113153355
ccd_tilt_x = 0.007927745688864356
ccd_tilt_y = -0.01411231487364226
ccd_tilt_z = 3.1271426903408496e-06
p = 0.0001