slit_dec_x_a = -0.1704010755187174
slit_dec_y_a = -0.1956586180351446
slit_dec_x_b = 0.175
slit_dec_y_b = -1.5185030190315972e-96
slit_defocus = 0.005474343429789672
slit_tilt_x = 1.1861113213372838
slit_tilt_y = -8.540212488211056
slit_tilt_z = -8.99080181396899
d_slit_col = 1594.2946495775475
coll_tilt_x = 0.08873228341254105
coll_tilt_y = -0.031930740350414225
ech_G = 31.610677735613987
ech_blaze = -74.97693905598793
ech_gamma = 1.1402021264506637
echelle_z = 0.07466833985580434
d_col_trf = -1588.018525230141
trf_mirror_tilt_x = 0.13879425715790897
trf_mirror_tilt_y = 0.07747154736914867
d_col_grm = -0.009252205275527408
grism_dec_x = 236.4343300117353
grism_dec_y = 0.03432769246634378
grm_tilt_x = -0.015775085596336842
grm_tilt_y = 2.3043607806159483
grm_G = 222.8251806328617
grm_apex = 17.815170103318597
d_grm_cam  = 21.60846617822426
cam_dec_x = -0.3018490834567652
cam_dec_y = 0.25035040423153276
cam_tilt_x = -0.018560226968922917
cam_tilt_y = -0.015236727974673216
d_cam_ff  = -160.4004293812233
ccd_ff_dec_x = -0.0035377753478033017
ccd_ff_dec_y = 0.00023881577413746488
ccd_ff_tilt_x = 0.1459547720133685
ccd_ff_tilt_y = -0.5720824731215838
ccd_ff_tilt_z = 0.17258821734918384
d_ff_ccd  = -4.8114860823894725
ccd_dec_x = 0.6206590931321052
ccd_dec_y = 5.155286922590607
ccd_defocus = 0.316377064559777
ccd_tilt_x = 0.007617740150356248
ccd_tilt_y = -0.01398391649654026
ccd_tilt_z = 3.1119290998062445e-06
p = 0.0001