slit_dec_x_a = -0.1704010755187174
slit_dec_y_a = -0.1956586180351446
slit_dec_x_b = 0.175
slit_dec_y_b = -1.8909781921792316e-96
slit_defocus = 0.005546007459346715
slit_tilt_x = 1.1861496260104294
slit_tilt_y = -8.539898323098667
slit_tilt_z = -8.990840339401444
d_slit_col = 1594.2945102037713
coll_tilt_x = 0.0887143161881573
coll_tilt_y = -0.03204573256612585
ech_G = 31.61066858543958
ech_blaze = -74.97692562609207
ech_gamma = 1.1402100326798106
echelle_z = 0.07465931205577489
d_col_trf = -1588.0185427307097
trf_mirror_tilt_x = 0.1386577987839948
trf_mirror_tilt_y = 0.07753425588451002
d_col_grm = -0.009339306929975102
grism_dec_x = 236.43427753987916
grism_dec_y = 0.03419268516657454
grm_tilt_x = -0.015773122876306795
grm_tilt_y = 2.304356057088528
grm_G = 222.82517191850692
grm_apex = 17.81512026034469
d_grm_cam  = 21.60847696004602
cam_dec_x = -0.30182990524571385
cam_dec_y = 0.25057302387955155
cam_tilt_x = -0.01862212596037383
cam_tilt_y = -0.01510405170973855
d_cam_ff  = -160.40091521876553
ccd_ff_dec_x = -0.0034997174123039014
ccd_ff_dec_y = 0.00040207097074671335
ccd_ff_tilt_x = 0.14604127463544742
ccd_ff_tilt_y = -0.5720897375545302
ccd_ff_tilt_z = 0.1725638967426544
d_ff_ccd  = -4.811523824780726
ccd_dec_x = 0.6206619010525821
ccd_dec_y = 5.155263429283376
ccd_defocus = 0.3166337573704455
ccd_tilt_x = 0.007850648341118644
ccd_tilt_y = -0.014114639758733219
ccd_tilt_z = 3.1345305072848687e-06
p = 0.0001