slit_dec_x_a = -0.1704010755187174
slit_dec_y_a = -0.1956586180351446
slit_dec_x_b = 0.175
slit_dec_y_b = -1.7305702852594508e-96
slit_defocus = 0.005525449730413119
slit_tilt_x = 1.1860383058863324
slit_tilt_y = -8.540140268892054
slit_tilt_z = -8.99073422706116
d_slit_col = 1594.2946800085983
coll_tilt_x = 0.08856467080338354
coll_tilt_y = -0.031995491147646056
ech_G = 31.610676406247038
ech_blaze = -74.97693754230171
ech_gamma = 1.140202227816817
echelle_z = 0.07468275363131333
d_col_trf = -1588.0185121454708
trf_mirror_tilt_x = 0.13884227193105547
trf_mirror_tilt_y = 0.0776892739827077
d_col_grm = -0.009374971749635383
grism_dec_x = 236.43432749322886
grism_dec_y = 0.03424067978203731
grm_tilt_x = -0.01578025639293956
grm_tilt_y = 2.3043501399598543
grm_G = 222.8251611107447
grm_apex = 17.81520099489954
d_grm_cam  = 21.608478890067367
cam_dec_x = -0.30200778993131705
cam_dec_y = 0.2504018964705547
cam_tilt_x = -0.01888794875256256
cam_tilt_y = -0.015141723866262925
d_cam_ff  = -160.40072530356616
ccd_ff_dec_x = -0.0034831096223486534
ccd_ff_dec_y = 0.0003278339031875705
ccd_ff_tilt_x = 0.14584920152618994
ccd_ff_tilt_y = -0.5720794823534809
ccd_ff_tilt_z = 0.17257650983476913
d_ff_ccd  = -4.811460796203035
ccd_dec_x = 0.6206561022194927
ccd_dec_y = 5.155281691533315
ccd_defocus = 0.3164389918315177
ccd_tilt_x = 0.00756162310498914
ccd_tilt_y = -0.01414098980272015
ccd_tilt_z = 3.2055154100395715e-06
p = 0.0001