slit_dec_x_a = -0.1704010755187174
slit_dec_y_a = -0.1956586180351446
slit_dec_x_b = 0.175
slit_dec_y_b = -1.7943202635188113e-96
slit_defocus = 0.0053408679628250315
slit_tilt_x = 1.186123732631286
slit_tilt_y = -8.540186879938167
slit_tilt_z = -8.990774881912571
d_slit_col = 1594.2945509175715
coll_tilt_x = 0.08864063429973484
coll_tilt_y = -0.031996181077386415
ech_G = 31.610684608564753
ech_blaze = -74.97692789848955
ech_gamma = 1.1402181456190275
echelle_z = 0.07468378674625419
d_col_trf = -1588.0185326345722
trf_mirror_tilt_x = 0.13894874745368804
trf_mirror_tilt_y = 0.07757684012479613
d_col_grm = -0.009482121299514432
grism_dec_x = 236.43432799454988
grism_dec_y = 0.034192527810056
grm_tilt_x = -0.015774535437122376
grm_tilt_y = 2.304361767784543
grm_G = 222.82517369311626
grm_apex = 17.815238319506342
d_grm_cam  = 21.60848436184499
cam_dec_x = -0.3018419346293481
cam_dec_y = 0.25041523222458995
cam_tilt_x = -0.018867839814570023
cam_tilt_y = -0.015106829614607884
d_cam_ff  = -160.40105263655514
ccd_ff_dec_x = -0.0035122500498584418
ccd_ff_dec_y = 0.00026836248322664274
ccd_ff_tilt_x = 0.14601261878074925
ccd_ff_tilt_y = -0.5720963887810201
ccd_ff_tilt_z = 0.17256962627436395
d_ff_ccd  = -4.811502587053215
ccd_dec_x = 0.6206615256921187
ccd_dec_y = 5.155282862251213
ccd_defocus = 0.31638150029572126
ccd_tilt_x = 0.0076602676048417905
ccd_tilt_y = -0.01403208378947464
ccd_tilt_z = 3.1745096496786542e-06
p = 0.0001