slit_dec_x_a = -0.1704010755187174
slit_dec_y_a = -0.1956586180351446
slit_dec_x_b = 0.175
slit_dec_y_b = -1.8532972657497434e-96
slit_defocus = 0.005334706115859934
slit_tilt_x = 1.1860791223265383
slit_tilt_y = -8.540112370612652
slit_tilt_z = -8.990725871563287
d_slit_col = 1594.29451387075
coll_tilt_x = 0.08862392855143407
coll_tilt_y = -0.03202928455687637
ech_G = 31.610677877999688
ech_blaze = -74.97693613402835
ech_gamma = 1.1401976079040357
echelle_z = 0.07467359257609307
d_col_trf = -1588.0185144612724
trf_mirror_tilt_x = 0.13872531430748156
trf_mirror_tilt_y = 0.07761354328252469
d_col_grm = -0.009509555350303506
grism_dec_x = 236.43429004095526
grism_dec_y = 0.034238969226534084
grm_tilt_x = -0.015785647761084983
grm_tilt_y = 2.3043442176160234
grm_G = 222.82516965804405
grm_apex = 17.814982571203245
d_grm_cam  = 21.60848642540792
cam_dec_x = -0.30185473546843883
cam_dec_y = 0.2504084533820028
cam_tilt_x = -0.018741669450339487
cam_tilt_y = -0.01521271494808253
d_cam_ff  = -160.40148772380647
ccd_ff_dec_x = -0.0035187612366182693
ccd_ff_dec_y = 0.0001371045981285464
ccd_ff_tilt_x = 0.14582274477947374
ccd_ff_tilt_y = -0.5720989081958177
ccd_ff_tilt_z = 0.17256215916575462
d_ff_ccd  = -4.811402907737928
ccd_dec_x = 0.6206515483665015
ccd_dec_y = 5.155280323619606
ccd_defocus = 0.316505017608032
ccd_tilt_x = 0.0077329774381525015
ccd_tilt_y = -0.014082473193878266
ccd_tilt_z = 3.1979419948638055e-06
p = 0.0001