slit_dec_x_a = -0.1704010755187174
slit_dec_y_a = -0.1956586180351446
slit_dec_x_b = 0.175
slit_dec_y_b = -1.6926599926945031e-96
slit_defocus = 0.005267212793545815
slit_tilt_x = 1.1861813580842726
slit_tilt_y = -8.539808688020555
slit_tilt_z = -8.990737899061742
d_slit_col = 1594.2946390058767
coll_tilt_x = 0.08852325983697851
coll_tilt_y = -0.03194458704668153
ech_G = 31.610688148393976
ech_blaze = -74.9769437318516
ech_gamma = 1.140227293985363
echelle_z = 0.0746591200017622
d_col_trf = -1588.018522301316
trf_mirror_tilt_x = 0.1387628527571493
trf_mirror_tilt_y = 0.07746833770823307
d_col_grm = -0.009498443710961892
grism_dec_x = 236.43406179878343
grism_dec_y = 0.03425722680172202
grm_tilt_x = -0.015797277515471133
grm_tilt_y = 2.3043613555076545
grm_G = 222.82515407813185
grm_apex = 17.81491897171272
d_grm_cam  = 21.608487218703015
cam_dec_x = -0.3018350502945549
cam_dec_y = 0.25061409936424417
cam_tilt_x = -0.01908615126935067
cam_tilt_y = -0.015074098172636972
d_cam_ff  = -160.4016585061049
ccd_ff_dec_x = -0.003499840942143877
ccd_ff_dec_y = 5.9287982534332084e-06
ccd_ff_tilt_x = 0.145764095181717
ccd_ff_tilt_y = -0.572059397232562
ccd_ff_tilt_z = 0.17257510272948134
d_ff_ccd  = -4.811421096977642
ccd_dec_x = 0.6206655729859865
ccd_dec_y = 5.155276632815159
ccd_defocus = 0.31621575571293753
ccd_tilt_x = 0.007784506306184087
ccd_tilt_y = -0.013910608819702412
ccd_tilt_z = 3.115371340959491e-06
p = 0.0001