slit_dec_x_a = -0.1704010755187174
slit_dec_y_a = -0.1956586180351446
slit_dec_x_b = 0.175
slit_dec_y_b = -1.863383318218106e-96
slit_defocus = 0.005485513666532218
slit_tilt_x = 1.186212378221032
slit_tilt_y = -8.539913063940823
slit_tilt_z = -8.990797119132349
d_slit_col = 1594.294687234145
coll_tilt_x = 0.08864212620686596
coll_tilt_y = -0.03206481033118559
ech_G = 31.610687553656533
ech_blaze = -74.97693746234681
ech_gamma = 1.1402025616146134
echelle_z = 0.07466800230908614
d_col_trf = -1588.0185055401957
trf_mirror_tilt_x = 0.13884191605409307
trf_mirror_tilt_y = 0.07756859299042863
d_col_grm = -0.00957575917625965
grism_dec_x = 236.4342888872837
grism_dec_y = 0.034095320027689606
grm_tilt_x = -0.01578159789651583
grm_tilt_y = 2.3043528142897283
grm_G = 222.82517756999462
grm_apex = 17.815086416370484
d_grm_cam  = 21.608471125333296
cam_dec_x = -0.3019000581751795
cam_dec_y = 0.2504873372635364
cam_tilt_x = -0.018857768811277664
cam_tilt_y = -0.015073614212702943
d_cam_ff  = -160.4022390816969
ccd_ff_dec_x = -0.0035144830704053553
ccd_ff_dec_y = 0.00019030119138621412
ccd_ff_tilt_x = 0.14601504450048206
ccd_ff_tilt_y = -0.572075391092658
ccd_ff_tilt_z = 0.1725732799735489
d_ff_ccd  = -4.811382830204821
ccd_dec_x = 0.6206647182776968
ccd_dec_y = 5.155275734369134
ccd_defocus = 0.3164909851982107
ccd_tilt_x = 0.00784054223298332
ccd_tilt_y = -0.014225624195310127
ccd_tilt_z = 3.1984417049312304e-06
p = 0.0001