slit_dec_x_a = -0.1704010755187174
slit_dec_y_a = -0.1956586180351446
slit_dec_x_b = 0.175
slit_dec_y_b = -1.705601173128651e-96
slit_defocus = 0.005486261492285918
slit_tilt_x = 1.1863025799122469
slit_tilt_y = -8.540050795953517
slit_tilt_z = -8.990667085372252
d_slit_col = 1594.2946534869163
coll_tilt_x = 0.08864110069747695
coll_tilt_y = -0.03196184450429101
ech_G = 31.61066656974802
ech_blaze = -74.97694632389812
ech_gamma = 1.1402200519581884
echelle_z = 0.07466191346395548
d_col_trf = -1588.0185295982103
trf_mirror_tilt_x = 0.1388361335125108
trf_mirror_tilt_y = 0.07750816668370827
d_col_grm = -0.009457874776215805
grism_dec_x = 236.43452011479312
grism_dec_y = 0.03418827811855835
grm_tilt_x = -0.015754440009506626
grm_tilt_y = 2.3043347451125453
grm_G = 222.82517280190186
grm_apex = 17.815116677451964
d_grm_cam  = 21.608486188658333
cam_dec_x = -0.30186198076447557
cam_dec_y = 0.25023999485014026
cam_tilt_x = -0.018589730840512592
cam_tilt_y = -0.015148017676151471
d_cam_ff  = -160.40113329319556
ccd_ff_dec_x = -0.003503378651085245
ccd_ff_dec_y = 0.00037274344028968853
ccd_ff_tilt_x = 0.1459326304699669
ccd_ff_tilt_y = -0.5721043512193467
ccd_ff_tilt_z = 0.17257948575918522
d_ff_ccd  = -4.811529892219186
ccd_dec_x = 0.6206393309925784
ccd_dec_y = 5.155284074100318
ccd_defocus = 0.31649566599394285
ccd_tilt_x = 0.00765878807924149
ccd_tilt_y = -0.014191129781474028
ccd_tilt_z = 3.1360985973808165e-06
p = 0.0001