slit_dec_x_a = -0.1704010755187174
slit_dec_y_a = -0.1956586180351446
slit_dec_x_b = 0.175
slit_dec_y_b = -1.6978933729012065e-96
slit_defocus = 0.0054748913890165785
slit_tilt_x = 1.186186961132818
slit_tilt_y = -8.540224308969343
slit_tilt_z = -8.990798253225867
d_slit_col = 1594.2947089091767
coll_tilt_x = 0.08859627120463558
coll_tilt_y = -0.03199450733774059
ech_G = 31.610667508108058
ech_blaze = -74.97692645291006
ech_gamma = 1.1402077903177887
echelle_z = 0.07466204380383
d_col_trf = -1588.0185149837835
trf_mirror_tilt_x = 0.13871301690559032
trf_mirror_tilt_y = 0.07756031885185921
d_col_grm = -0.009476379678841865
grism_dec_x = 236.43432871346687
grism_dec_y = 0.03418341978291045
grm_tilt_x = -0.015776822080107136
grm_tilt_y = 2.304361551986821
grm_G = 222.82518066815976
grm_apex = 17.81508711176251
d_grm_cam  = 21.608489910357175
cam_dec_x = -0.30198498799035933
cam_dec_y = 0.25045591451872434
cam_tilt_x = -0.018654936691567755
cam_tilt_y = -0.015111345555936158
d_cam_ff  = -160.40155918992474
ccd_ff_dec_x = -0.003504252916255091
ccd_ff_dec_y = 0.00023240057541877574
ccd_ff_tilt_x = 0.14601611473374065
ccd_ff_tilt_y = -0.5720906556886592
ccd_ff_tilt_z = 0.17256137984271006
d_ff_ccd  = -4.811329561999965
ccd_dec_x = 0.6206585513281819
ccd_dec_y = 5.155264433936207
ccd_defocus = 0.31631936397831584
ccd_tilt_x = 0.0077114339049891385
ccd_tilt_y = -0.014099319857231753
ccd_tilt_z = 3.139718756699643e-06
p = 0.0001