slit_dec_x_a = -0.1704010755187174
slit_dec_y_a = -0.1956586180351446
slit_dec_x_b = 0.175
slit_dec_y_b = -1.7870740883290217e-96
slit_defocus = 0.005532808770275611
slit_tilt_x = 1.186048315431596
slit_tilt_y = -8.54010339888674
slit_tilt_z = -8.990716471802093
d_slit_col = 1594.2946179904586
coll_tilt_x = 0.08862689084705842
coll_tilt_y = -0.032023250513738534
ech_G = 31.610681994856574
ech_blaze = -74.97694669182157
ech_gamma = 1.1402149329602391
echelle_z = 0.07468509129594308
d_col_trf = -1588.0185266593203
trf_mirror_tilt_x = 0.1386568546563972
trf_mirror_tilt_y = 0.07761263928682464
d_col_grm = -0.00940553780433943
grism_dec_x = 236.43415070308535
grism_dec_y = 0.03422573967661007
grm_tilt_x = -0.015775533930643723
grm_tilt_y = 2.3043628262940143
grm_G = 222.8251797211268
grm_apex = 17.815028862998364
d_grm_cam  = 21.608486881476466
cam_dec_x = -0.3019348599164297
cam_dec_y = 0.25038467578895934
cam_tilt_x = -0.018808685810790163
cam_tilt_y = -0.01515559805855465
d_cam_ff  = -160.40192248354052
ccd_ff_dec_x = -0.003511556697474411
ccd_ff_dec_y = 0.0003203669557307177
ccd_ff_tilt_x = 0.1459921873309074
ccd_ff_tilt_y = -0.5720648576741738
ccd_ff_tilt_z = 0.1725761101929288
d_ff_ccd  = -4.811513087513072
ccd_dec_x = 0.6206612013712283
ccd_dec_y = 5.155267254118498
ccd_defocus = 0.316301388378729
ccd_tilt_x = 0.007619485869570949
ccd_tilt_y = -0.014080486697662436
ccd_tilt_z = 3.1949799114551e-06
p = 0.0001