slit_dec_x_a = -0.181778666534
slit_dec_y_a = -0.18243150017
slit_dec_x_b = 0.14531931128634662
slit_dec_y_b = -0.055166023491689274
slit_defocus = -0.008602346608973953
slit_tilt_x = 1.1407491714602531
slit_tilt_y = -8.559906771721764
slit_tilt_z = -9.00381553993378
d_slit_col = 1594.3001897425509
coll_tilt_x = 0.0912677488023443
coll_tilt_y = -0.03364351484301984
ech_G = 31.611050998815696
ech_blaze = -74.99551320282636
ech_gamma = 1.1587416604281962
echelle_z = 0.058753109299421236
d_col_trf = -1588.0161390028682
trf_mirror_tilt_x = 0.12403942549795355
trf_mirror_tilt_y = 0.052564506623666366
d_col_grm = 0.021687432437090884
grism_dec_x = 236.39702790895635
grism_dec_y = 0.004622713443387571
grm_tilt_x = -0.024845149841583095
grm_tilt_y = 2.3263153489090778
grm_G = 222.7860704719125
grm_apex = 17.761858779197436
d_grm_cam  = 21.604313557111666
cam_dec_x = -0.29033859410625673
cam_dec_y = 0.2873939574892504
cam_tilt_x = 0.006225874990397081
cam_tilt_y = -0.030121211034237382
d_cam_ff  = -160.5055584496092
ccd_ff_dec_x = -0.02343686818438153
ccd_ff_dec_y = -0.04186367303039243
ccd_ff_tilt_x = 0.17225550713282983
ccd_ff_tilt_y = -0.5897767636574155
ccd_ff_tilt_z = 0.1731028409973057
d_ff_ccd  = -4.800304571998812
ccd_dec_x = 0.5522970754680097
ccd_dec_y = 5.105798944021034
ccd_defocus = 0.3055663608827732
ccd_tilt_x = 0.020597666361714676
ccd_tilt_y = 0.002780972222288471
ccd_tilt_z = -1.2156957938567132e-06
p = 0.0001