slit_dec_x_a = -0.1704010755187174
slit_dec_y_a = -0.1956586180351446
slit_dec_x_b = 0.175
slit_dec_y_b = -1.728562954789421e-96
slit_defocus = 0.005651196082121155
slit_tilt_x = 1.1859981891243598
slit_tilt_y = -8.540242407460669
slit_tilt_z = -8.99078238215199
d_slit_col = 1594.294710899747
coll_tilt_x = 0.0886925038928511
coll_tilt_y = -0.03195672079261282
ech_G = 31.6106745738479
ech_blaze = -74.97693302384111
ech_gamma = 1.140210752486918
echelle_z = 0.07466423520236434
d_col_trf = -1588.0185012778988
trf_mirror_tilt_x = 0.13887586728753756
trf_mirror_tilt_y = 0.07747353860446403
d_col_grm = -0.009607282467542775
grism_dec_x = 236.434310297178
grism_dec_y = 0.03424397252664224
grm_tilt_x = -0.01576033798914343
grm_tilt_y = 2.3043651546835875
grm_G = 222.82517963589564
grm_apex = 17.815067896295645
d_grm_cam  = 21.60849474574575
cam_dec_x = -0.3019232808415196
cam_dec_y = 0.2502416648349437
cam_tilt_x = -0.018607025071544152
cam_tilt_y = -0.015209129438145104
d_cam_ff  = -160.4012831298108
ccd_ff_dec_x = -0.003511819793946508
ccd_ff_dec_y = 0.0002869825469042538
ccd_ff_tilt_x = 0.145885433910817
ccd_ff_tilt_y = -0.5720864876556311
ccd_ff_tilt_z = 0.17254096176836203
d_ff_ccd  = -4.811549920264805
ccd_dec_x = 0.6206587871969012
ccd_dec_y = 5.155268525574958
ccd_defocus = 0.31636344416541573
ccd_tilt_x = 0.007770782019684981
ccd_tilt_y = -0.014251280603637654
ccd_tilt_z = 3.1205809858123154e-06
p = 0.0001