slit_dec_x_a = -0.1704010755187174
slit_dec_y_a = -0.1956586180351446
slit_dec_x_b = 0.175
slit_dec_y_b = -1.6276543272361145e-96
slit_defocus = 0.005488858707833816
slit_tilt_x = 1.1861388441234848
slit_tilt_y = -8.539977582455702
slit_tilt_z = -8.990839549063484
d_slit_col = 1594.2944543470264
coll_tilt_x = 0.08875282121987585
coll_tilt_y = -0.031961187384176665
ech_G = 31.610687110551044
ech_blaze = -74.97695719942907
ech_gamma = 1.1402035358837521
echelle_z = 0.07468813001594743
d_col_trf = -1588.0185111588055
trf_mirror_tilt_x = 0.13885110344347304
trf_mirror_tilt_y = 0.07747526527249929
d_col_grm = -0.009528844188757216
grism_dec_x = 236.4341813966996
grism_dec_y = 0.03400651988583859
grm_tilt_x = -0.01576590537775406
grm_tilt_y = 2.304357337380197
grm_G = 222.8251957589072
grm_apex = 17.815142936330403
d_grm_cam  = 21.608484488581382
cam_dec_x = -0.301851338816282
cam_dec_y = 0.25042040843817887
cam_tilt_x = -0.01857864672838771
cam_tilt_y = -0.015168461994869207
d_cam_ff  = -160.4013760833965
ccd_ff_dec_x = -0.0035026616316863545
ccd_ff_dec_y = 0.00028290831189938973
ccd_ff_tilt_x = 0.1457345719743844
ccd_ff_tilt_y = -0.5720958711658327
ccd_ff_tilt_z = 0.17257653032623035
d_ff_ccd  = -4.811387245152943
ccd_dec_x = 0.620657790823641
ccd_dec_y = 5.1552768014013886
ccd_defocus = 0.31628424766779717
ccd_tilt_x = 0.007746163499718065
ccd_tilt_y = -0.014143185607094348
ccd_tilt_z = 3.078295809421622e-06
p = 0.0001