slit_dec_x_a = -0.1704010755187174
slit_dec_y_a = -0.1956586180351446
slit_dec_x_b = 0.175
slit_dec_y_b = -1.7664159892158786e-96
slit_defocus = 0.0055549865925144885
slit_tilt_x = 1.1862429786550992
slit_tilt_y = -8.539966879647476
slit_tilt_z = -8.990691467589581
d_slit_col = 1594.2946401606778
coll_tilt_x = 0.0885045409636033
coll_tilt_y = -0.03199255737493344
ech_G = 31.610669256931086
ech_blaze = -74.9769520139551
ech_gamma = 1.1402011900451814
echelle_z = 0.0746693732134656
d_col_trf = -1588.0185125914861
trf_mirror_tilt_x = 0.13877552956194797
trf_mirror_tilt_y = 0.07760600684916041
d_col_grm = -0.009561230277865863
grism_dec_x = 236.43414015950032
grism_dec_y = 0.03412477450571691
grm_tilt_x = -0.015777700628193878
grm_tilt_y = 2.3043559454120137
grm_G = 222.82517710404662
grm_apex = 17.815289895031878
d_grm_cam  = 21.6084990081789
cam_dec_x = -0.30190798839519795
cam_dec_y = 0.2503938995002172
cam_tilt_x = -0.0188756566243386
cam_tilt_y = -0.015108653744811384
d_cam_ff  = -160.40185469007145
ccd_ff_dec_x = -0.003514975697005015
ccd_ff_dec_y = 0.000352340655047924
ccd_ff_tilt_x = 0.1460719810190347
ccd_ff_tilt_y = -0.5720818386765453
ccd_ff_tilt_z = 0.1725556073001052
d_ff_ccd  = -4.811302867971152
ccd_dec_x = 0.6206639177351843
ccd_dec_y = 5.155273661444969
ccd_defocus = 0.31631188655280096
ccd_tilt_x = 0.007585238350059344
ccd_tilt_y = -0.013811794586291072
ccd_tilt_z = 3.171387088815719e-06
p = 0.0001