slit_dec_x_a = -0.1704010755187174
slit_dec_y_a = -0.1956586180351446
slit_dec_x_b = 0.175
slit_dec_y_b = -1.7465254541800663e-96
slit_defocus = 0.005493989144958872
slit_tilt_x = 1.1862755902919075
slit_tilt_y = -8.53995058070598
slit_tilt_z = -8.990844673313596
d_slit_col = 1594.2946780856637
coll_tilt_x = 0.0885730594420818
coll_tilt_y = -0.031955491639959345
ech_G = 31.610683390493747
ech_blaze = -74.97692669359182
ech_gamma = 1.1402008084411421
echelle_z = 0.07466802129626011
d_col_trf = -1588.0185112528031
trf_mirror_tilt_x = 0.13894949039070137
trf_mirror_tilt_y = 0.07759621165458293
d_col_grm = -0.00929537014630612
grism_dec_x = 236.43445395820876
grism_dec_y = 0.03420348888983059
grm_tilt_x = -0.01576824885400844
grm_tilt_y = 2.3043643799729
grm_G = 222.8251772339937
grm_apex = 17.81522372960182
d_grm_cam  = 21.608478442877644
cam_dec_x = -0.30203102846013113
cam_dec_y = 0.2501224183176449
cam_tilt_x = -0.018906805454252055
cam_tilt_y = -0.015068144515330235
d_cam_ff  = -160.40135758960204
ccd_ff_dec_x = -0.003490812166925136
ccd_ff_dec_y = 0.00024246905134414577
ccd_ff_tilt_x = 0.1461771156107818
ccd_ff_tilt_y = -0.5721064951983778
ccd_ff_tilt_z = 0.17259662811994542
d_ff_ccd  = -4.811393786038156
ccd_dec_x = 0.6206534600082837
ccd_dec_y = 5.155294432794379
ccd_defocus = 0.31629061206820847
ccd_tilt_x = 0.007662371056440148
ccd_tilt_y = -0.014144918970752257
ccd_tilt_z = 3.1429468802332464e-06
p = 0.0001