slit_dec_x_a = -0.1704010755187174
slit_dec_y_a = -0.1956586180351446
slit_dec_x_b = 0.175
slit_dec_y_b = -1.4472285326068054e-96
slit_defocus = 0.00558429559963093
slit_tilt_x = 1.1860657181468202
slit_tilt_y = -8.539866980660724
slit_tilt_z = -8.99086668089071
d_slit_col = 1594.2945250576904
coll_tilt_x = 0.08879469767556894
coll_tilt_y = -0.031933396085374745
ech_G = 31.610675025351583
ech_blaze = -74.97692309470764
ech_gamma = 1.1402225273315791
echelle_z = 0.07466451359133779
d_col_trf = -1588.0185078322097
trf_mirror_tilt_x = 0.1387409769551775
trf_mirror_tilt_y = 0.07752992564679058
d_col_grm = -0.009725826245219641
grism_dec_x = 236.43423810834966
grism_dec_y = 0.033970655203986386
grm_tilt_x = -0.015768092337698724
grm_tilt_y = 2.304349407783944
grm_G = 222.82516646479544
grm_apex = 17.815186788171115
d_grm_cam  = 21.608490801564944
cam_dec_x = -0.30209850271093047
cam_dec_y = 0.25025081167691815
cam_tilt_x = -0.018475505616293096
cam_tilt_y = -0.01523438974671312
d_cam_ff  = -160.40223336242073
ccd_ff_dec_x = -0.003521284568737819
ccd_ff_dec_y = 0.000443723638027315
ccd_ff_tilt_x = 0.14603286444942395
ccd_ff_tilt_y = -0.572091130780422
ccd_ff_tilt_z = 0.17255288378030195
d_ff_ccd  = -4.811153933732766
ccd_dec_x = 0.6206589796556944
ccd_dec_y = 5.155286324411714
ccd_defocus = 0.3161375318770408
ccd_tilt_x = 0.0074620440722095
ccd_tilt_y = -0.01404138415086853
ccd_tilt_z = 3.1026609274337073e-06
p = 0.0001