slit_dec_x_a = -0.1704010755187174
slit_dec_y_a = -0.1956586180351446
slit_dec_x_b = 0.175
slit_dec_y_b = -1.754668032984271e-96
slit_defocus = 0.00556068463249907
slit_tilt_x = 1.1860756770375471
slit_tilt_y = -8.540066965147824
slit_tilt_z = -8.99079262351518
d_slit_col = 1594.2945542969273
coll_tilt_x = 0.08865600342646571
coll_tilt_y = -0.032021518383896795
ech_G = 31.610683097171904
ech_blaze = -74.97694417706673
ech_gamma = 1.1402048243040015
echelle_z = 0.07467901428200564
d_col_trf = -1588.0185216136003
trf_mirror_tilt_x = 0.1388117372018576
trf_mirror_tilt_y = 0.07761758510373791
d_col_grm = -0.009562164994400782
grism_dec_x = 236.43429793059983
grism_dec_y = 0.03413672977774934
grm_tilt_x = -0.01577346414932591
grm_tilt_y = 2.304349128437976
grm_G = 222.8251779015006
grm_apex = 17.815061542930902
d_grm_cam  = 21.608488104319377
cam_dec_x = -0.30199977676669887
cam_dec_y = 0.25043511063557844
cam_tilt_x = -0.01875110973739963
cam_tilt_y = -0.015067891290928084
d_cam_ff  = -160.40131623484118
ccd_ff_dec_x = -0.0035036579211687583
ccd_ff_dec_y = 0.0003709291121886226
ccd_ff_tilt_x = 0.14596559430734943
ccd_ff_tilt_y = -0.5720902630448006
ccd_ff_tilt_z = 0.17256329528532685
d_ff_ccd  = -4.811416713401149
ccd_dec_x = 0.6206588286848604
ccd_dec_y = 5.1552804482738255
ccd_defocus = 0.3163359540504938
ccd_tilt_x = 0.007750765608771816
ccd_tilt_y = -0.014048638962647084
ccd_tilt_z = 3.142679744877936e-06
p = 0.0001