slit_dec_x_a = -0.1704010755187174
slit_dec_y_a = -0.1956586180351446
slit_dec_x_b = 0.175
slit_dec_y_b = -2.06030248963977e-96
slit_defocus = 0.0055633173900312746
slit_tilt_x = 1.186088805252952
slit_tilt_y = -8.54014138343717
slit_tilt_z = -8.99096984912008
d_slit_col = 1594.2945788485615
coll_tilt_x = 0.08854943984134721
coll_tilt_y = -0.0319491138607222
ech_G = 31.61067514516649
ech_blaze = -74.97694148639108
ech_gamma = 1.1402057376867731
echelle_z = 0.07467985904932514
d_col_trf = -1588.018502117194
trf_mirror_tilt_x = 0.13897136343561145
trf_mirror_tilt_y = 0.07745647487143827
d_col_grm = -0.009666353365572913
grism_dec_x = 236.4341588354498
grism_dec_y = 0.03424621975705697
grm_tilt_x = -0.015761366098318238
grm_tilt_y = 2.304345176542385
grm_G = 222.82515642589172
grm_apex = 17.815115916486114
d_grm_cam  = 21.608477792623514
cam_dec_x = -0.3020355540800574
cam_dec_y = 0.25036013265808477
cam_tilt_x = -0.018925887836758266
cam_tilt_y = -0.015262690803379397
d_cam_ff  = -160.40038724044584
ccd_ff_dec_x = -0.0035002332331361885
ccd_ff_dec_y = 0.00036559180423161757
ccd_ff_tilt_x = 0.14591989198829503
ccd_ff_tilt_y = -0.5720881274489132
ccd_ff_tilt_z = 0.17255700440937471
d_ff_ccd  = -4.811475012410376
ccd_dec_x = 0.6206518698855993
ccd_dec_y = 5.155288469761521
ccd_defocus = 0.3161840512921102
ccd_tilt_x = 0.007501388704568118
ccd_tilt_y = -0.013897957734741942
ccd_tilt_z = 3.2167849960624374e-06
p = 0.0001