slit_dec_x_a = -0.1704010755187174
slit_dec_y_a = -0.1956586180351446
slit_dec_x_b = 0.175
slit_dec_y_b = -1.6821690649610863e-96
slit_defocus = 0.0055396657963081
slit_tilt_x = 1.1861145414516925
slit_tilt_y = -8.540166057783683
slit_tilt_z = -8.990785152429265
d_slit_col = 1594.2946280014069
coll_tilt_x = 0.08865798763077208
coll_tilt_y = -0.03197534126073434
ech_G = 31.610678282530206
ech_blaze = -74.9769441219222
ech_gamma = 1.1402042312309428
echelle_z = 0.07467339267915254
d_col_trf = -1588.0185188521843
trf_mirror_tilt_x = 0.13891488358004983
trf_mirror_tilt_y = 0.07749955006333775
d_col_grm = -0.009518124813011883
grism_dec_x = 236.43428504381498
grism_dec_y = 0.034014699715933495
grm_tilt_x = -0.015770964044280845
grm_tilt_y = 2.3043453746525904
grm_G = 222.8251755531908
grm_apex = 17.81513250594094
d_grm_cam  = 21.60846574028876
cam_dec_x = -0.301970855024231
cam_dec_y = 0.25021272399155337
cam_tilt_x = -0.018685108501198488
cam_tilt_y = -0.0150968253610337
d_cam_ff  = -160.40183202787247
ccd_ff_dec_x = -0.0034972266814738188
ccd_ff_dec_y = 0.00027628040056785596
ccd_ff_tilt_x = 0.1460231878896194
ccd_ff_tilt_y = -0.5720847738821391
ccd_ff_tilt_z = 0.1725694956888322
d_ff_ccd  = -4.81134158837068
ccd_dec_x = 0.6206519248556335
ccd_dec_y = 5.155281504201478
ccd_defocus = 0.3163824714143062
ccd_tilt_x = 0.007683663295739916
ccd_tilt_y = -0.014243018462478921
ccd_tilt_z = 3.1229653745110687e-06
p = 0.0001