slit_dec_x_a = -0.1704010755187174
slit_dec_y_a = -0.1956586180351446
slit_dec_x_b = 0.175
slit_dec_y_b = -1.536415152445558e-96
slit_defocus = 0.005528508423155552
slit_tilt_x = 1.1861570808645363
slit_tilt_y = -8.54002237310214
slit_tilt_z = -8.990808984336267
d_slit_col = 1594.2945807793094
coll_tilt_x = 0.08865192701082196
coll_tilt_y = -0.03196717559095762
ech_G = 31.610672984281493
ech_blaze = -74.97695822321401
ech_gamma = 1.140200400799683
echelle_z = 0.07466535444505142
d_col_trf = -1588.0185231591317
trf_mirror_tilt_x = 0.13898727820674725
trf_mirror_tilt_y = 0.07756240798729494
d_col_grm = -0.009410766401157324
grism_dec_x = 236.43444615410726
grism_dec_y = 0.034294540245849096
grm_tilt_x = -0.015777771737652792
grm_tilt_y = 2.3043561580253122
grm_G = 222.8251680054138
grm_apex = 17.81515949011209
d_grm_cam  = 21.60849249992985
cam_dec_x = -0.3018961222145155
cam_dec_y = 0.25035372176720383
cam_tilt_x = -0.018612880442363897
cam_tilt_y = -0.01517580595036066
d_cam_ff  = -160.4011730007444
ccd_ff_dec_x = -0.0034934164433319146
ccd_ff_dec_y = 0.00045353772153780553
ccd_ff_tilt_x = 0.14597966146386906
ccd_ff_tilt_y = -0.5720855813504988
ccd_ff_tilt_z = 0.17256433945595376
d_ff_ccd  = -4.811516494209923
ccd_dec_x = 0.6206713926724055
ccd_dec_y = 5.155293405872135
ccd_defocus = 0.316463655196696
ccd_tilt_x = 0.007709852099167167
ccd_tilt_y = -0.014208548143252816
ccd_tilt_z = 3.1653766277879903e-06
p = 0.0001