slit_dec_x_a = -0.1704010755187174
slit_dec_y_a = -0.1956586180351446
slit_dec_x_b = 0.175
slit_dec_y_b = -1.822937122267608e-96
slit_defocus = 0.00541979351390673
slit_tilt_x = 1.1861253465824908
slit_tilt_y = -8.540056734735034
slit_tilt_z = -8.990688681215241
d_slit_col = 1594.2946191009967
coll_tilt_x = 0.08852764374932397
coll_tilt_y = -0.03197897988218193
ech_G = 31.610687921199847
ech_blaze = -74.97697682650414
ech_gamma = 1.1402000332914104
echelle_z = 0.07466338602062918
d_col_trf = -1588.01850704378
trf_mirror_tilt_x = 0.1386972671468453
trf_mirror_tilt_y = 0.07768438915058526
d_col_grm = -0.009420105696276984
grism_dec_x = 236.43427194349172
grism_dec_y = 0.034151439777517806
grm_tilt_x = -0.01580421350756
grm_tilt_y = 2.3043626831736788
grm_G = 222.8251788171239
grm_apex = 17.81518275330679
d_grm_cam  = 21.608461570177592
cam_dec_x = -0.3020976438079859
cam_dec_y = 0.250356129490803
cam_tilt_x = -0.01903152229750128
cam_tilt_y = -0.01505357920614266
d_cam_ff  = -160.40249596761734
ccd_ff_dec_x = -0.003494440403015643
ccd_ff_dec_y = 0.00024740568677358946
ccd_ff_tilt_x = 0.14591871259024963
ccd_ff_tilt_y = -0.5720964450844199
ccd_ff_tilt_z = 0.17255969766142804
d_ff_ccd  = -4.811356368347629
ccd_dec_x = 0.6206509468895551
ccd_dec_y = 5.155283766204651
ccd_defocus = 0.31650635948155503
ccd_tilt_x = 0.007746218670606295
ccd_tilt_y = -0.014220682619400883
ccd_tilt_z = 3.1806767811865953e-06
p = 0.0001