slit_dec_x_a = -0.1704010755187174
slit_dec_y_a = -0.1956586180351446
slit_dec_x_b = 0.175
slit_dec_y_b = -1.823662868661373e-96
slit_defocus = 0.005622580794076706
slit_tilt_x = 1.1862363676416101
slit_tilt_y = -8.540007432832828
slit_tilt_z = -8.990834863655948
d_slit_col = 1594.294632403787
coll_tilt_x = 0.08864838025543369
coll_tilt_y = -0.03205865125890172
ech_G = 31.610669607269102
ech_blaze = -74.97693771026705
ech_gamma = 1.1402058835415858
echelle_z = 0.07467882607319416
d_col_trf = -1588.018521405017
trf_mirror_tilt_x = 0.13879541314510144
trf_mirror_tilt_y = 0.07753106341508652
d_col_grm = -0.009530762614131267
grism_dec_x = 236.43432384596073
grism_dec_y = 0.034213144087445316
grm_tilt_x = -0.01578726505215593
grm_tilt_y = 2.3043448350766087
grm_G = 222.8251665914942
grm_apex = 17.81497302795293
d_grm_cam  = 21.60846833877924
cam_dec_x = -0.3019235693956416
cam_dec_y = 0.25040230972142785
cam_tilt_x = -0.018622192459855504
cam_tilt_y = -0.015089969559870037
d_cam_ff  = -160.40203427324707
ccd_ff_dec_x = -0.003499488079285016
ccd_ff_dec_y = 0.00043136633224374866
ccd_ff_tilt_x = 0.14603115069528005
ccd_ff_tilt_y = -0.5720733153749148
ccd_ff_tilt_z = 0.17256213915146493
d_ff_ccd  = -4.811425309280058
ccd_dec_x = 0.6206545861532268
ccd_dec_y = 5.155269969877939
ccd_defocus = 0.3164491928743765
ccd_tilt_x = 0.007686209105149438
ccd_tilt_y = -0.014280418632853667
ccd_tilt_z = 3.1731901271401003e-06
p = 0.0001