slit_dec_x_a = -0.1704010755187174
slit_dec_y_a = -0.1956586180351446
slit_dec_x_b = 0.175
slit_dec_y_b = -1.7522085380414446e-96
slit_defocus = 0.0054238473794297
slit_tilt_x = 1.1861186423842833
slit_tilt_y = -8.540043548156468
slit_tilt_z = -8.990775726370881
d_slit_col = 1594.2946234660005
coll_tilt_x = 0.08857179985693166
coll_tilt_y = -0.0320192041044025
ech_G = 31.610674431530988
ech_blaze = -74.97694489396115
ech_gamma = 1.1401920735151139
echelle_z = 0.07466693719336427
d_col_trf = -1588.018523533485
trf_mirror_tilt_x = 0.13876521842868667
trf_mirror_tilt_y = 0.0777035409076664
d_col_grm = -0.009503868568258116
grism_dec_x = 236.43420871935677
grism_dec_y = 0.03407846289060785
grm_tilt_x = -0.01577551145920078
grm_tilt_y = 2.3043506691596436
grm_G = 222.82517126038815
grm_apex = 17.815086769394192
d_grm_cam  = 21.60848631376027
cam_dec_x = -0.3019732751773616
cam_dec_y = 0.2503841178289661
cam_tilt_x = -0.01878999517192659
cam_tilt_y = -0.015173144214024145
d_cam_ff  = -160.40108893899736
ccd_ff_dec_x = -0.00350738506191378
ccd_ff_dec_y = 0.0001978041511657448
ccd_ff_tilt_x = 0.14594502610630614
ccd_ff_tilt_y = -0.5720864601503182
ccd_ff_tilt_z = 0.17257022551845333
d_ff_ccd  = -4.811489784514504
ccd_dec_x = 0.6206498501380785
ccd_dec_y = 5.155284740179896
ccd_defocus = 0.3164182499257805
ccd_tilt_x = 0.007757197269361826
ccd_tilt_y = -0.014186541162585263
ccd_tilt_z = 3.1328121209046894e-06
p = 0.0001