slit_dec_x_a = -0.1704010755187174
slit_dec_y_a = -0.1956586180351446
slit_dec_x_b = 0.175
slit_dec_y_b = -1.6888205033976605e-96
slit_defocus = 0.005550688734260625
slit_tilt_x = 1.1861882935516044
slit_tilt_y = -8.540097302447148
slit_tilt_z = -8.99081100046779
d_slit_col = 1594.2946208556154
coll_tilt_x = 0.08867271363470257
coll_tilt_y = -0.03197240784241815
ech_G = 31.6106558608422
ech_blaze = -74.97692326415589
ech_gamma = 1.1402111027346626
echelle_z = 0.07464671625413692
d_col_trf = -1588.0185183920482
trf_mirror_tilt_x = 0.13883744039314835
trf_mirror_tilt_y = 0.07746289342259113
d_col_grm = -0.0095428044746197
grism_dec_x = 236.43417918430424
grism_dec_y = 0.03424696462335485
grm_tilt_x = -0.01575107439280608
grm_tilt_y = 2.3043710853649473
grm_G = 222.82517448041733
grm_apex = 17.81514030956941
d_grm_cam  = 21.608485914595637
cam_dec_x = -0.30197958338771613
cam_dec_y = 0.25029611904005705
cam_tilt_x = -0.018439460812548294
cam_tilt_y = -0.01523399996325404
d_cam_ff  = -160.40129704531645
ccd_ff_dec_x = -0.0034801181726266447
ccd_ff_dec_y = 0.000145382724889725
ccd_ff_tilt_x = 0.145894060369683
ccd_ff_tilt_y = -0.5720734901566514
ccd_ff_tilt_z = 0.172549148929424
d_ff_ccd  = -4.811404251491686
ccd_dec_x = 0.6206423791415221
ccd_dec_y = 5.155282807155302
ccd_defocus = 0.3160979171025306
ccd_tilt_x = 0.0076691803747301265
ccd_tilt_y = -0.013891244597270359
ccd_tilt_z = 3.139365520083088e-06
p = 0.0001