slit_dec_x_a = -0.1704010755187174
slit_dec_y_a = -0.1956586180351446
slit_dec_x_b = 0.175
slit_dec_y_b = -1.6250048843612903e-96
slit_defocus = 0.005404381556304886
slit_tilt_x = 1.1860734264480706
slit_tilt_y = -8.540095766533286
slit_tilt_z = -8.990684039339719
d_slit_col = 1594.2946568150305
coll_tilt_x = 0.08860966486618867
coll_tilt_y = -0.032079690653718164
ech_G = 31.610673716508845
ech_blaze = -74.97693712585702
ech_gamma = 1.1402161474554051
echelle_z = 0.07466424782602728
d_col_trf = -1588.0185224726188
trf_mirror_tilt_x = 0.13888339897069707
trf_mirror_tilt_y = 0.07747964816915343
d_col_grm = -0.00934629163759579
grism_dec_x = 236.43434087150357
grism_dec_y = 0.03419673907337042
grm_tilt_x = -0.01578088956981042
grm_tilt_y = 2.30436112444167
grm_G = 222.8251676581316
grm_apex = 17.815096330258505
d_grm_cam  = 21.60847379514714
cam_dec_x = -0.30181647224627434
cam_dec_y = 0.25034846502483193
cam_tilt_x = -0.01876157479364132
cam_tilt_y = -0.015023301643246431
d_cam_ff  = -160.40162959062567
ccd_ff_dec_x = -0.003509746140095574
ccd_ff_dec_y = 0.00021477601207712298
ccd_ff_tilt_x = 0.1459729651573249
ccd_ff_tilt_y = -0.57209621088336
ccd_ff_tilt_z = 0.1725597004549065
d_ff_ccd  = -4.811416712429286
ccd_dec_x = 0.6206541258710455
ccd_dec_y = 5.155289824444921
ccd_defocus = 0.3164127183984967
ccd_tilt_x = 0.007563920539684167
ccd_tilt_y = -0.01414469692633679
ccd_tilt_z = 3.1212838463339094e-06
p = 0.0001