slit_dec_x_a = -0.1704010755187174
slit_dec_y_a = -0.1956586180351446
slit_dec_x_b = 0.175
slit_dec_y_b = -1.6208771517244687e-96
slit_defocus = 0.005622377450193174
slit_tilt_x = 1.186051712181718
slit_tilt_y = -8.54004395045494
slit_tilt_z = -8.990730950624085
d_slit_col = 1594.2946103449715
coll_tilt_x = 0.08849714642289104
coll_tilt_y = -0.03191578432087712
ech_G = 31.61066873531659
ech_blaze = -74.97694365131633
ech_gamma = 1.140209968999366
echelle_z = 0.07465891098848472
d_col_trf = -1588.0185182059427
trf_mirror_tilt_x = 0.13886703642862164
trf_mirror_tilt_y = 0.07759919067833283
d_col_grm = -0.009466108743530618
grism_dec_x = 236.43428652385336
grism_dec_y = 0.034127740354881954
grm_tilt_x = -0.015780991944185984
grm_tilt_y = 2.3043488005983814
grm_G = 222.8251748597239
grm_apex = 17.81517216918568
d_grm_cam  = 21.60849016571378
cam_dec_x = -0.3019236345023976
cam_dec_y = 0.2503459989188949
cam_tilt_x = -0.01888429531316497
cam_tilt_y = -0.015288015919186762
d_cam_ff  = -160.40094833418695
ccd_ff_dec_x = -0.0035087579539708953
ccd_ff_dec_y = 0.00014966691818082885
ccd_ff_tilt_x = 0.1459541760842769
ccd_ff_tilt_y = -0.5720889334463367
ccd_ff_tilt_z = 0.17256136328276378
d_ff_ccd  = -4.811436487642835
ccd_dec_x = 0.6206588388410901
ccd_dec_y = 5.1552804232499945
ccd_defocus = 0.31645960036195914
ccd_tilt_x = 0.007739257331238941
ccd_tilt_y = -0.014079119729821005
ccd_tilt_z = 3.216593122892719e-06
p = 0.0001