slit_dec_x_a = -0.1704010755187174
slit_dec_y_a = -0.1956586180351446
slit_dec_x_b = 0.175
slit_dec_y_b = -1.5707915564865326e-96
slit_defocus = 0.005690289301022397
slit_tilt_x = 1.1861226853130953
slit_tilt_y = -8.540056738970804
slit_tilt_z = -8.990676285857713
d_slit_col = 1594.2945249487143
coll_tilt_x = 0.08883509580173743
coll_tilt_y = -0.032042091262580716
ech_G = 31.61068743290857
ech_blaze = -74.97693519853833
ech_gamma = 1.1401970083779882
echelle_z = 0.07466164128787317
d_col_trf = -1588.0185078662041
trf_mirror_tilt_x = 0.13881843247382247
trf_mirror_tilt_y = 0.0774992802380261
d_col_grm = -0.009835533665079381
grism_dec_x = 236.43411824618957
grism_dec_y = 0.03412487441359396
grm_tilt_x = -0.01575868708410468
grm_tilt_y = 2.304349566767825
grm_G = 222.82516970876227
grm_apex = 17.815004694427085
d_grm_cam  = 21.60848321098087
cam_dec_x = -0.30209301010767126
cam_dec_y = 0.25040037719703395
cam_tilt_x = -0.01851642028635464
cam_tilt_y = -0.01509920518414865
d_cam_ff  = -160.40188353632797
ccd_ff_dec_x = -0.003525551698231984
ccd_ff_dec_y = 0.0001475585283635409
ccd_ff_tilt_x = 0.1459902233904462
ccd_ff_tilt_y = -0.5720808525236938
ccd_ff_tilt_z = 0.17256711783742126
d_ff_ccd  = -4.811433877726566
ccd_dec_x = 0.6206603146073988
ccd_dec_y = 5.155272628993564
ccd_defocus = 0.3164616861512993
ccd_tilt_x = 0.007760107758135177
ccd_tilt_y = -0.014071134868369549
ccd_tilt_z = 3.0864881676378357e-06
p = 0.0001