slit_dec_x_a = -0.1704010755187174
slit_dec_y_a = -0.1956586180351446
slit_dec_x_b = 0.175
slit_dec_y_b = -1.5520930309487478e-96
slit_defocus = 0.005540308582361705
slit_tilt_x = 1.1860199163657137
slit_tilt_y = -8.540109680438736
slit_tilt_z = -8.990918198427137
d_slit_col = 1594.2944932688742
coll_tilt_x = 0.08857907047246201
coll_tilt_y = -0.03194827470855261
ech_G = 31.6106805635752
ech_blaze = -74.97695004389892
ech_gamma = 1.140201205122401
echelle_z = 0.07467513589505513
d_col_trf = -1588.0185176612017
trf_mirror_tilt_x = 0.13886577677943596
trf_mirror_tilt_y = 0.07754800361756649
d_col_grm = -0.009725319657293641
grism_dec_x = 236.43440364954762
grism_dec_y = 0.034181348186415994
grm_tilt_x = -0.015769088782327807
grm_tilt_y = 2.3043565078756503
grm_G = 222.82518419819405
grm_apex = 17.815257532174044
d_grm_cam  = 21.608484144164276
cam_dec_x = -0.30182944012081614
cam_dec_y = 0.2503943062606105
cam_tilt_x = -0.018967514182510407
cam_tilt_y = -0.015144991302670718
d_cam_ff  = -160.40069001852603
ccd_ff_dec_x = -0.003506339989901971
ccd_ff_dec_y = 0.00030443696659881265
ccd_ff_tilt_x = 0.1459230461351523
ccd_ff_tilt_y = -0.5720785416647461
ccd_ff_tilt_z = 0.17255724334431785
d_ff_ccd  = -4.811311623229303
ccd_dec_x = 0.6206464079310933
ccd_dec_y = 5.155290377626184
ccd_defocus = 0.31630937511950735
ccd_tilt_x = 0.0077319513611895305
ccd_tilt_y = -0.014151335600605513
ccd_tilt_z = 3.2011754033808372e-06
p = 0.0001