slit_dec_x_a = -0.1704010755187174
slit_dec_y_a = -0.1956586180351446
slit_dec_x_b = 0.175
slit_dec_y_b = -1.593696411486888e-96
slit_defocus = 0.00558198363896389
slit_tilt_x = 1.186100662895358
slit_tilt_y = -8.54002679201924
slit_tilt_z = -8.990658447533482
d_slit_col = 1594.294620023522
coll_tilt_x = 0.08868353926461346
coll_tilt_y = -0.031959120375560854
ech_G = 31.610672698401448
ech_blaze = -74.97693439116627
ech_gamma = 1.1402035885733481
echelle_z = 0.0746799720292669
d_col_trf = -1588.0185059667615
trf_mirror_tilt_x = 0.13881106550470912
trf_mirror_tilt_y = 0.07739917130802852
d_col_grm = -0.009540776820512043
grism_dec_x = 236.43445591486875
grism_dec_y = 0.03425097529070575
grm_tilt_x = -0.015784444755043123
grm_tilt_y = 2.304355907925758
grm_G = 222.82517035933017
grm_apex = 17.814936236204947
d_grm_cam  = 21.608508117420783
cam_dec_x = -0.30184928136646005
cam_dec_y = 0.2504006503428592
cam_tilt_x = -0.01859846035454907
cam_tilt_y = -0.015292594341887822
d_cam_ff  = -160.40249536255456
ccd_ff_dec_x = -0.00349276067758324
ccd_ff_dec_y = 0.00034595630398834694
ccd_ff_tilt_x = 0.1459219712965741
ccd_ff_tilt_y = -0.5720924825186692
ccd_ff_tilt_z = 0.1725796133852933
d_ff_ccd  = -4.811533015425696
ccd_dec_x = 0.6206645524592426
ccd_dec_y = 5.155300525135574
ccd_defocus = 0.31643618972864695
ccd_tilt_x = 0.007619807645012483
ccd_tilt_y = -0.013986528340209914
ccd_tilt_z = 3.082074304393839e-06
p = 0.0001