slit_dec_x_a = -0.1704010755187174
slit_dec_y_a = -0.1956586180351446
slit_dec_x_b = 0.175
slit_dec_y_b = -1.7123222606931005e-96
slit_defocus = 0.005471164867815331
slit_tilt_x = 1.186157915601674
slit_tilt_y = -8.540001287538573
slit_tilt_z = -8.990694254655654
d_slit_col = 1594.2947418331014
coll_tilt_x = 0.08861197528418632
coll_tilt_y = -0.03204326205559682
ech_G = 31.610681374589582
ech_blaze = -74.97694502038658
ech_gamma = 1.1402056519151813
echelle_z = 0.07467276381220761
d_col_trf = -1588.01852298356
trf_mirror_tilt_x = 0.13886157950099784
trf_mirror_tilt_y = 0.0776923354222961
d_col_grm = -0.009560964000749097
grism_dec_x = 236.43433374549835
grism_dec_y = 0.03415667559948853
grm_tilt_x = -0.015778870662190744
grm_tilt_y = 2.304357868497654
grm_G = 222.82519105102938
grm_apex = 17.815099297962153
d_grm_cam  = 21.608479844909148
cam_dec_x = -0.30198550455937184
cam_dec_y = 0.2504001177017055
cam_tilt_x = -0.01885955092107165
cam_tilt_y = -0.015110674470182942
d_cam_ff  = -160.40142357576102
ccd_ff_dec_x = -0.0035034099098855145
ccd_ff_dec_y = 0.0002988921898915581
ccd_ff_tilt_x = 0.14600157385868717
ccd_ff_tilt_y = -0.5720802036526217
ccd_ff_tilt_z = 0.17256646223096136
d_ff_ccd  = -4.811445945458315
ccd_dec_x = 0.6206660228445208
ccd_dec_y = 5.155292023633519
ccd_defocus = 0.316371127289321
ccd_tilt_x = 0.007649525041288687
ccd_tilt_y = -0.014115503662310654
ccd_tilt_z = 3.2157198036465876e-06
p = 0.0001