slit_dec_x_a = -0.1704010755187174
slit_dec_y_a = -0.1956586180351446
slit_dec_x_b = 0.175
slit_dec_y_b = -1.6170639909388108e-96
slit_defocus = 0.005479074248418225
slit_tilt_x = 1.1860785611515707
slit_tilt_y = -8.540164085905973
slit_tilt_z = -8.990717468298138
d_slit_col = 1594.2945890394094
coll_tilt_x = 0.08850760022366023
coll_tilt_y = -0.03189736869799148
ech_G = 31.610652275356458
ech_blaze = -74.97692837032025
ech_gamma = 1.140229512666325
echelle_z = 0.07468137530944241
d_col_trf = -1588.018516360492
trf_mirror_tilt_x = 0.13902641365004395
trf_mirror_tilt_y = 0.07761716744501257
d_col_grm = -0.009590256235991836
grism_dec_x = 236.4343111459165
grism_dec_y = 0.03422910582483177
grm_tilt_x = -0.015750135930953285
grm_tilt_y = 2.304342740638145
grm_G = 222.82518862035778
grm_apex = 17.81510279636056
d_grm_cam  = 21.608501194638066
cam_dec_x = -0.3019935857738925
cam_dec_y = 0.2505278773183538
cam_tilt_x = -0.01865174962030122
cam_tilt_y = -0.015248087182774164
d_cam_ff  = -160.40157763249738
ccd_ff_dec_x = -0.003513498894897411
ccd_ff_dec_y = 0.00033471280941458595
ccd_ff_tilt_x = 0.14614301578394812
ccd_ff_tilt_y = -0.5720822605060583
ccd_ff_tilt_z = 0.17256915786625895
d_ff_ccd  = -4.811437898813123
ccd_dec_x = 0.6206680650437146
ccd_dec_y = 5.155295903330172
ccd_defocus = 0.31620760994582636
ccd_tilt_x = 0.007849717774718764
ccd_tilt_y = -0.014218265000092215
ccd_tilt_z = 3.1351494400978074e-06
p = 0.0001