slit_dec_x_a = -0.1704010755187174
slit_dec_y_a = -0.1956586180351446
slit_dec_x_b = 0.175
slit_dec_y_b = -1.86454334907128e-96
slit_defocus = 0.005537848094723086
slit_tilt_x = 1.1860777357867485
slit_tilt_y = -8.540027767504615
slit_tilt_z = -8.990742771829936
d_slit_col = 1594.2946258553698
coll_tilt_x = 0.08854571594537107
coll_tilt_y = -0.0320336169910939
ech_G = 31.610666262252103
ech_blaze = -74.97692747158675
ech_gamma = 1.1402099935522156
echelle_z = 0.07468158600191363
d_col_trf = -1588.0185143042
trf_mirror_tilt_x = 0.1388699206256179
trf_mirror_tilt_y = 0.07770276325320158
d_col_grm = -0.009575276814433212
grism_dec_x = 236.43423032962292
grism_dec_y = 0.03414264907949699
grm_tilt_x = -0.01577991748672362
grm_tilt_y = 2.304351858059536
grm_G = 222.82518492210104
grm_apex = 17.815003108284746
d_grm_cam  = 21.608473495453445
cam_dec_x = -0.30176949394643304
cam_dec_y = 0.25025067957941693
cam_tilt_x = -0.018786205931855104
cam_tilt_y = -0.015175310788192549
d_cam_ff  = -160.40177705872716
ccd_ff_dec_x = -0.0034886259672769694
ccd_ff_dec_y = 0.00019489547696742362
ccd_ff_tilt_x = 0.14609899869976586
ccd_ff_tilt_y = -0.5720754501635337
ccd_ff_tilt_z = 0.17255284317273692
d_ff_ccd  = -4.811360497629437
ccd_dec_x = 0.6206660302767426
ccd_dec_y = 5.155296518869385
ccd_defocus = 0.3163671653655196
ccd_tilt_x = 0.007779159668486325
ccd_tilt_y = -0.014229324979490062
ccd_tilt_z = 3.249289198850894e-06
p = 0.0001