slit_dec_x_a = -0.1704010755187174
slit_dec_y_a = -0.1956586180351446
slit_dec_x_b = 0.175
slit_dec_y_b = -1.7620823081648603e-96
slit_defocus = 0.005613565811078856
slit_tilt_x = 1.186106734798645
slit_tilt_y = -8.540001436717299
slit_tilt_z = -8.990816197022324
d_slit_col = 1594.294602575424
coll_tilt_x = 0.08866329199956241
coll_tilt_y = -0.0320549758861754
ech_G = 31.61067307796428
ech_blaze = -74.97694219807775
ech_gamma = 1.1402047036725005
echelle_z = 0.0746914632022249
d_col_trf = -1588.018519545548
trf_mirror_tilt_x = 0.1387125302774005
trf_mirror_tilt_y = 0.07768354851506168
d_col_grm = -0.009563236901266663
grism_dec_x = 236.43427998499928
grism_dec_y = 0.03427392662919792
grm_tilt_x = -0.015766154693987858
grm_tilt_y = 2.304352516438469
grm_G = 222.82517488637933
grm_apex = 17.8149149507032
d_grm_cam  = 21.608492452579327
cam_dec_x = -0.30191099727347354
cam_dec_y = 0.2505050921889456
cam_tilt_x = -0.018644440481779382
cam_tilt_y = -0.015142379685904952
d_cam_ff  = -160.40051221593004
ccd_ff_dec_x = -0.0035011262154838107
ccd_ff_dec_y = 0.0003540677179913366
ccd_ff_tilt_x = 0.14604243527952548
ccd_ff_tilt_y = -0.572084956040509
ccd_ff_tilt_z = 0.17256176149757846
d_ff_ccd  = -4.8114771482613765
ccd_dec_x = 0.6206527110839467
ccd_dec_y = 5.155282759424292
ccd_defocus = 0.3163411016130128
ccd_tilt_x = 0.007647986093879657
ccd_tilt_y = -0.014115293137184019
ccd_tilt_z = 3.1149879278239083e-06
p = 0.0001