slit_dec_x_a = -0.1704010755187174
slit_dec_y_a = -0.1956586180351446
slit_dec_x_b = 0.175
slit_dec_y_b = -1.6626408534478742e-96
slit_defocus = 0.005518348643423158
slit_tilt_x = 1.1862210118382108
slit_tilt_y = -8.539991815799679
slit_tilt_z = -8.99069458875739
d_slit_col = 1594.2945657754187
coll_tilt_x = 0.08860647203041375
coll_tilt_y = -0.03207506640121925
ech_G = 31.61066130434783
ech_blaze = -74.97694777888508
ech_gamma = 1.1401940163714566
echelle_z = 0.07467602342834663
d_col_trf = -1588.018508329592
trf_mirror_tilt_x = 0.1387791320639723
trf_mirror_tilt_y = 0.0775082698264261
d_col_grm = -0.009527168462988534
grism_dec_x = 236.43425833262577
grism_dec_y = 0.034080561547626176
grm_tilt_x = -0.01576749590815955
grm_tilt_y = 2.304351928713014
grm_G = 222.82519807854527
grm_apex = 17.815060135457472
d_grm_cam  = 21.608474586243965
cam_dec_x = -0.3018096940936157
cam_dec_y = 0.250467256251046
cam_tilt_x = -0.018626068995029506
cam_tilt_y = -0.015014469536556444
d_cam_ff  = -160.40084982275593
ccd_ff_dec_x = -0.0034900707804976
ccd_ff_dec_y = 0.0003441799386748941
ccd_ff_tilt_x = 0.14608943346108774
ccd_ff_tilt_y = -0.572082134010879
ccd_ff_tilt_z = 0.1725602417945423
d_ff_ccd  = -4.811420978082568
ccd_dec_x = 0.6206744689676499
ccd_dec_y = 5.1552916949726795
ccd_defocus = 0.3163051588122353
ccd_tilt_x = 0.0078015244107089215
ccd_tilt_y = -0.01425825430645234
ccd_tilt_z = 3.1129278807631896e-06
p = 0.0001