slit_dec_x_a = -0.1704010755187174
slit_dec_y_a = -0.1956586180351446
slit_dec_x_b = 0.175
slit_dec_y_b = -1.7587232840609186e-96
slit_defocus = 0.0056502741580889025
slit_tilt_x = 1.1861801574444446
slit_tilt_y = -8.540160753961297
slit_tilt_z = -8.990838132962585
d_slit_col = 1594.2946550355805
coll_tilt_x = 0.08861067908459672
coll_tilt_y = -0.03193383257529541
ech_G = 31.61066444199462
ech_blaze = -74.97693994111503
ech_gamma = 1.140206795437556
echelle_z = 0.07466682710475717
d_col_trf = -1588.0185243795036
trf_mirror_tilt_x = 0.1388739402307947
trf_mirror_tilt_y = 0.07752829832003952
d_col_grm = -0.009301177547256687
grism_dec_x = 236.43423439373473
grism_dec_y = 0.034204981720511306
grm_tilt_x = -0.015778333225741206
grm_tilt_y = 2.30435614934715
grm_G = 222.82518855846283
grm_apex = 17.815217326666996
d_grm_cam  = 21.608491999605448
cam_dec_x = -0.3018804196918869
cam_dec_y = 0.25036738513588336
cam_tilt_x = -0.018552740399102072
cam_tilt_y = -0.015195402544932846
d_cam_ff  = -160.4009043554837
ccd_ff_dec_x = -0.0035037473446571307
ccd_ff_dec_y = 0.0003001905771294704
ccd_ff_tilt_x = 0.145800708641667
ccd_ff_tilt_y = -0.5720809772298533
ccd_ff_tilt_z = 0.17256647633416425
d_ff_ccd  = -4.811478842897306
ccd_dec_x = 0.6206543213514892
ccd_dec_y = 5.155285083825516
ccd_defocus = 0.3164005464553926
ccd_tilt_x = 0.007615984310074608
ccd_tilt_y = -0.014126310428952819
ccd_tilt_z = 3.1470514056781e-06
p = 0.0001