slit_dec_x_a = -0.1704010755187174
slit_dec_y_a = -0.1956586180351446
slit_dec_x_b = 0.175
slit_dec_y_b = -1.7458485829266903e-96
slit_defocus = 0.00555627237840382
slit_tilt_x = 1.1860189472039688
slit_tilt_y = -8.540094127854655
slit_tilt_z = -8.990684485831805
d_slit_col = 1594.2946237020042
coll_tilt_x = 0.08859831452200571
coll_tilt_y = -0.032015845596588044
ech_G = 31.610678059150455
ech_blaze = -74.97693950941908
ech_gamma = 1.1402053583001357
echelle_z = 0.0746680121785754
d_col_trf = -1588.0185123775539
trf_mirror_tilt_x = 0.13879425204714538
trf_mirror_tilt_y = 0.07754467082558698
d_col_grm = -0.009502096834991031
grism_dec_x = 236.43427138761345
grism_dec_y = 0.03421193140859158
grm_tilt_x = -0.015769088493649854
grm_tilt_y = 2.3043580438906415
grm_G = 222.82517925821753
grm_apex = 17.81512962421938
d_grm_cam  = 21.6084786080484
cam_dec_x = -0.3019636026875576
cam_dec_y = 0.25043327089315526
cam_tilt_x = -0.018839894321616816
cam_tilt_y = -0.015146581189830243
d_cam_ff  = -160.4014534575797
ccd_ff_dec_x = -0.0035069906919580024
ccd_ff_dec_y = 0.0002671018397182563
ccd_ff_tilt_x = 0.14604478136162147
ccd_ff_tilt_y = -0.5720828729125035
ccd_ff_tilt_z = 0.17256446210903184
d_ff_ccd  = -4.811476617492994
ccd_dec_x = 0.6206597438101819
ccd_dec_y = 5.155284375761317
ccd_defocus = 0.31635145878540727
ccd_tilt_x = 0.007670848170378168
ccd_tilt_y = -0.01409827604118971
ccd_tilt_z = 3.2250849804134444e-06
p = 0.0001