slit_dec_x_a = -0.1704010755187174
slit_dec_y_a = -0.1956586180351446
slit_dec_x_b = 0.175
slit_dec_y_b = -1.5862976318937709e-96
slit_defocus = 0.005378674354001023
slit_tilt_x = 1.1861491882012418
slit_tilt_y = -8.540115921133749
slit_tilt_z = -8.990758577629922
d_slit_col = 1594.2944621083348
coll_tilt_x = 0.08864974108649643
coll_tilt_y = -0.032069605958964756
ech_G = 31.610664633345902
ech_blaze = -74.97693117688789
ech_gamma = 1.1402050136842357
echelle_z = 0.07467614491357188
d_col_trf = -1588.018519624048
trf_mirror_tilt_x = 0.13876821183876453
trf_mirror_tilt_y = 0.07764823803165752
d_col_grm = -0.009459888844156715
grism_dec_x = 236.4342643995559
grism_dec_y = 0.03422356801753994
grm_tilt_x = -0.01578943507242016
grm_tilt_y = 2.3043800588728884
grm_G = 222.82518049556683
grm_apex = 17.81493101924022
d_grm_cam  = 21.608489151471144
cam_dec_x = -0.30202457396565524
cam_dec_y = 0.25050545901559224
cam_tilt_x = -0.018584777449445904
cam_tilt_y = -0.015104510095899772
d_cam_ff  = -160.40151525039408
ccd_ff_dec_x = -0.0035101679860487394
ccd_ff_dec_y = 0.0002585452611908907
ccd_ff_tilt_x = 0.14594212549277832
ccd_ff_tilt_y = -0.5720881396547134
ccd_ff_tilt_z = 0.1725647397651265
d_ff_ccd  = -4.811394457641113
ccd_dec_x = 0.620658124675173
ccd_dec_y = 5.155272859146495
ccd_defocus = 0.31625401231419586
ccd_tilt_x = 0.007730408430665255
ccd_tilt_y = -0.014073657581789049
ccd_tilt_z = 3.122346995466221e-06
p = 0.0001