slit_dec_x_a = -0.1704010755187174
slit_dec_y_a = -0.1956586180351446
slit_dec_x_b = 0.175
slit_dec_y_b = -1.6988502404602332e-96
slit_defocus = 0.005466998204023352
slit_tilt_x = 1.1861176032321095
slit_tilt_y = -8.540088386992455
slit_tilt_z = -8.99078580787744
d_slit_col = 1594.2945882202876
coll_tilt_x = 0.08845397076451916
coll_tilt_y = -0.03199802124359324
ech_G = 31.61065978183891
ech_blaze = -74.97693174260372
ech_gamma = 1.1402086172679347
echelle_z = 0.07468979374110546
d_col_trf = -1588.0185256743364
trf_mirror_tilt_x = 0.13878272522893806
trf_mirror_tilt_y = 0.07772125930484111
d_col_grm = -0.009557190241842345
grism_dec_x = 236.43436240445322
grism_dec_y = 0.03409060117596896
grm_tilt_x = -0.01577529667681443
grm_tilt_y = 2.3043502544241514
grm_G = 222.82516478416997
grm_apex = 17.815136848269532
d_grm_cam  = 21.608488637724573
cam_dec_x = -0.3018785832913798
cam_dec_y = 0.2505141159142096
cam_tilt_x = -0.018905762259562232
cam_tilt_y = -0.015165746066511483
d_cam_ff  = -160.4008920801305
ccd_ff_dec_x = -0.003533982460781471
ccd_ff_dec_y = 0.0003695054743132165
ccd_ff_tilt_x = 0.14584865798466898
ccd_ff_tilt_y = -0.5720643769707847
ccd_ff_tilt_z = 0.1725601074350692
d_ff_ccd  = -4.811290550889088
ccd_dec_x = 0.620652263559834
ccd_dec_y = 5.155282190412004
ccd_defocus = 0.3163192163917378
ccd_tilt_x = 0.007795946274648429
ccd_tilt_y = -0.014058132160485926
ccd_tilt_z = 3.194216116985267e-06
p = 0.0001