slit_dec_x_a = -0.1704010755187174
slit_dec_y_a = -0.1956586180351446
slit_dec_x_b = 0.175
slit_dec_y_b = -1.6612692546374915e-96
slit_defocus = 0.005469144821741309
slit_tilt_x = 1.1860124899061515
slit_tilt_y = -8.540292650939783
slit_tilt_z = -8.990898676000887
d_slit_col = 1594.2946397078617
coll_tilt_x = 0.08864240822119902
coll_tilt_y = -0.03192066593867216
ech_G = 31.61067517853812
ech_blaze = -74.97694572904166
ech_gamma = 1.1401921311105616
echelle_z = 0.07467782665358472
d_col_trf = -1588.01851884245
trf_mirror_tilt_x = 0.13879150830700862
trf_mirror_tilt_y = 0.07746133279874173
d_col_grm = -0.009358356308629193
grism_dec_x = 236.43415918804544
grism_dec_y = 0.03408034720612158
grm_tilt_x = -0.01577993967345288
grm_tilt_y = 2.304354394603269
grm_G = 222.82517003104536
grm_apex = 17.815234641227697
d_grm_cam  = 21.608485148223465
cam_dec_x = -0.3020077266503994
cam_dec_y = 0.25043064305080487
cam_tilt_x = -0.018613921723851738
cam_tilt_y = -0.015204954864655748
d_cam_ff  = -160.4016420734517
ccd_ff_dec_x = -0.003500703706228738
ccd_ff_dec_y = 0.0003678810265562056
ccd_ff_tilt_x = 0.1458435327516009
ccd_ff_tilt_y = -0.57208049076227
ccd_ff_tilt_z = 0.17256687800304255
d_ff_ccd  = -4.81147733821614
ccd_dec_x = 0.6206482850388764
ccd_dec_y = 5.1552954183889685
ccd_defocus = 0.3162679960303583
ccd_tilt_x = 0.007682147138303461
ccd_tilt_y = -0.014054567147834934
ccd_tilt_z = 3.1211695418579163e-06
p = 0.0001