slit_dec_x_a = -0.1704010755187174
slit_dec_y_a = -0.1956586180351446
slit_dec_x_b = 0.175
slit_dec_y_b = -1.5981577718715943e-96
slit_defocus = 0.005652401595604035
slit_tilt_x = 1.1859357326154847
slit_tilt_y = -8.54013685617228
slit_tilt_z = -8.990672231179763
d_slit_col = 1594.294598122352
coll_tilt_x = 0.08860484945111213
coll_tilt_y = -0.03192670256486635
ech_G = 31.61066423815527
ech_blaze = -74.97694749507899
ech_gamma = 1.1402155221583008
echelle_z = 0.07467099023024847
d_col_trf = -1588.0185164157874
trf_mirror_tilt_x = 0.13874893717110698
trf_mirror_tilt_y = 0.07746006699672942
d_col_grm = -0.00958381202290935
grism_dec_x = 236.43434631308534
grism_dec_y = 0.03429403675593952
grm_tilt_x = -0.015797920124763047
grm_tilt_y = 2.304338413969954
grm_G = 222.825183888827
grm_apex = 17.81511761788988
d_grm_cam  = 21.608505097529026
cam_dec_x = -0.30217656233247353
cam_dec_y = 0.25034416338704285
cam_tilt_x = -0.018527267958281066
cam_tilt_y = -0.015241882979267948
d_cam_ff  = -160.40145733563804
ccd_ff_dec_x = -0.0035040638145409585
ccd_ff_dec_y = 0.00021531529938297766
ccd_ff_tilt_x = 0.14602951460798533
ccd_ff_tilt_y = -0.5720835904731074
ccd_ff_tilt_z = 0.17255463729662057
d_ff_ccd  = -4.811599592938817
ccd_dec_x = 0.6206453892450768
ccd_dec_y = 5.155281251125095
ccd_defocus = 0.31628016407934634
ccd_tilt_x = 0.007644568218714829
ccd_tilt_y = -0.014394217533674985
ccd_tilt_z = 3.2060383400969845e-06
p = 0.0001