slit_dec_x_a = -0.1704010755187174
slit_dec_y_a = -0.1956586180351446
slit_dec_x_b = 0.175
slit_dec_y_b = -1.6764870933895434e-96
slit_defocus = 0.005550264765258766
slit_tilt_x = 1.186142716559184
slit_tilt_y = -8.539976290994383
slit_tilt_z = -8.99074347264808
d_slit_col = 1594.2946345911885
coll_tilt_x = 0.08859666912575359
coll_tilt_y = -0.031969460580738525
ech_G = 31.610680505176088
ech_blaze = -74.97694604331957
ech_gamma = 1.1402045546837083
echelle_z = 0.07466295075143185
d_col_trf = -1588.018511909226
trf_mirror_tilt_x = 0.1389731204194022
trf_mirror_tilt_y = 0.07761041129385628
d_col_grm = -0.009590272490927775
grism_dec_x = 236.43429213709462
grism_dec_y = 0.03426076573172655
grm_tilt_x = -0.01577353098125785
grm_tilt_y = 2.304356975512798
grm_G = 222.8251869497519
grm_apex = 17.81521191434935
d_grm_cam  = 21.60848872136236
cam_dec_x = -0.30199385116101685
cam_dec_y = 0.2504559764946426
cam_tilt_x = -0.018815295064903266
cam_tilt_y = -0.015185346309304184
d_cam_ff  = -160.40176759967179
ccd_ff_dec_x = -0.0035003497680514382
ccd_ff_dec_y = 0.00018185231856324277
ccd_ff_tilt_x = 0.14585506154894903
ccd_ff_tilt_y = -0.5720845013526141
ccd_ff_tilt_z = 0.17257296376209186
d_ff_ccd  = -4.811526843904895
ccd_dec_x = 0.6206666237829057
ccd_dec_y = 5.155292554384055
ccd_defocus = 0.31634847898983093
ccd_tilt_x = 0.007760035746510294
ccd_tilt_y = -0.014064031869738041
ccd_tilt_z = 3.1754404249445644e-06
p = 0.0001