slit_dec_x_a = -0.1704010755187174
slit_dec_y_a = -0.1956586180351446
slit_dec_x_b = 0.175
slit_dec_y_b = -1.7845028283147978e-96
slit_defocus = 0.005544335654985566
slit_tilt_x = 1.186099481318098
slit_tilt_y = -8.540212125095696
slit_tilt_z = -8.990687037530181
d_slit_col = 1594.294586565856
coll_tilt_x = 0.08872082111362171
coll_tilt_y = -0.03199757700755178
ech_G = 31.610675238254228
ech_blaze = -74.97693202463701
ech_gamma = 1.1402218809862756
echelle_z = 0.07466606010485682
d_col_trf = -1588.0185069815425
trf_mirror_tilt_x = 0.13851974739906572
trf_mirror_tilt_y = 0.07766114192017524
d_col_grm = -0.009380442179648897
grism_dec_x = 236.43434138717606
grism_dec_y = 0.034323851616533424
grm_tilt_x = -0.01577648615461604
grm_tilt_y = 2.3043595666434915
grm_G = 222.82518631844704
grm_apex = 17.81506688449209
d_grm_cam  = 21.608476808480233
cam_dec_x = -0.3021651701302041
cam_dec_y = 0.25044812810173983
cam_tilt_x = -0.01855349103891782
cam_tilt_y = -0.015127940049142825
d_cam_ff  = -160.40185457857172
ccd_ff_dec_x = -0.0035000447854636645
ccd_ff_dec_y = 0.000328006290818071
ccd_ff_tilt_x = 0.14605316764664267
ccd_ff_tilt_y = -0.5720927931420828
ccd_ff_tilt_z = 0.1725647635949845
d_ff_ccd  = -4.811428597187312
ccd_dec_x = 0.6206578074868726
ccd_dec_y = 5.155296930706682
ccd_defocus = 0.31650965072868825
ccd_tilt_x = 0.007644115792750414
ccd_tilt_y = -0.014116109801861445
ccd_tilt_z = 3.1546561634777397e-06
p = 0.0001