slit_dec_x_a = -0.1704010755187174
slit_dec_y_a = -0.1956586180351446
slit_dec_x_b = 0.175
slit_dec_y_b = -1.7990611778927539e-96
slit_defocus = 0.005209219010899667
slit_tilt_x = 1.1859636499736572
slit_tilt_y = -8.540065012392825
slit_tilt_z = -8.990522782507213
d_slit_col = 1594.294563365111
coll_tilt_x = 0.08878554596397153
coll_tilt_y = -0.03201346136783189
ech_G = 31.61068557215488
ech_blaze = -74.97694931549677
ech_gamma = 1.1402005787348473
echelle_z = 0.07468081144626279
d_col_trf = -1588.0185306238864
trf_mirror_tilt_x = 0.1389064327309918
trf_mirror_tilt_y = 0.07761746424956782
d_col_grm = -0.009579409250942741
grism_dec_x = 236.43454656243793
grism_dec_y = 0.034224454490493515
grm_tilt_x = -0.015770389365166282
grm_tilt_y = 2.3043385512383403
grm_G = 222.8251784430984
grm_apex = 17.81499582351588
d_grm_cam  = 21.60848946133525
cam_dec_x = -0.3019906562437104
cam_dec_y = 0.25055897883034367
cam_tilt_x = -0.018527260523950578
cam_tilt_y = -0.01517359965183106
d_cam_ff  = -160.4013526673684
ccd_ff_dec_x = -0.0034861968669018676
ccd_ff_dec_y = 0.00021180196848239263
ccd_ff_tilt_x = 0.1459997088512151
ccd_ff_tilt_y = -0.5720970228133073
ccd_ff_tilt_z = 0.17257475972875624
d_ff_ccd  = -4.811637155138477
ccd_dec_x = 0.6206615801220692
ccd_dec_y = 5.155297460914877
ccd_defocus = 0.3162188679816654
ccd_tilt_x = 0.007724749262639153
ccd_tilt_y = -0.014001131980572191
ccd_tilt_z = 3.1132169538984776e-06
p = 0.0001