slit_dec_x_a = -0.1704010755187174
slit_dec_y_a = -0.1956586180351446
slit_dec_x_b = 0.175
slit_dec_y_b = -1.807402251634864e-96
slit_defocus = 0.005555444094166634
slit_tilt_x = 1.1861124064829676
slit_tilt_y = -8.540058344289001
slit_tilt_z = -8.9908108814364
d_slit_col = 1594.2945340984757
coll_tilt_x = 0.0886049312833301
coll_tilt_y = -0.03200639875457947
ech_G = 31.610672724382134
ech_blaze = -74.97692748405862
ech_gamma = 1.1402095753958181
echelle_z = 0.07466765164223751
d_col_trf = -1588.0185208354014
trf_mirror_tilt_x = 0.13894007337764339
trf_mirror_tilt_y = 0.07759324964228981
d_col_grm = -0.009417402509032809
grism_dec_x = 236.4343416126084
grism_dec_y = 0.03410288335599321
grm_tilt_x = -0.01577617908936717
grm_tilt_y = 2.304352692352828
grm_G = 222.82518358463452
grm_apex = 17.81508271080761
d_grm_cam  = 21.608489652683758
cam_dec_x = -0.30195810838704396
cam_dec_y = 0.2504266819893229
cam_tilt_x = -0.01875427426612733
cam_tilt_y = -0.015080450914331115
d_cam_ff  = -160.40209677409584
ccd_ff_dec_x = -0.0035001576302067573
ccd_ff_dec_y = 0.00034333193957849253
ccd_ff_tilt_x = 0.14594955096730103
ccd_ff_tilt_y = -0.5720907622974944
ccd_ff_tilt_z = 0.1725817830333104
d_ff_ccd  = -4.8113643948679075
ccd_dec_x = 0.6206551631233075
ccd_dec_y = 5.155291726095154
ccd_defocus = 0.3162478836022471
ccd_tilt_x = 0.007637983596872935
ccd_tilt_y = -0.01411874321707043
ccd_tilt_z = 3.1728602398397154e-06
p = 0.0001