slit_dec_x_a = -0.1704010755187174
slit_dec_y_a = -0.1956586180351446
slit_dec_x_b = 0.175
slit_dec_y_b = -1.7139383564279521e-96
slit_defocus = 0.005403285148382321
slit_tilt_x = 1.1861077932609525
slit_tilt_y = -8.540118521972358
slit_tilt_z = -8.990797307184192
d_slit_col = 1594.2942899935078
coll_tilt_x = 0.08874212240911576
coll_tilt_y = -0.03198659500632953
ech_G = 31.610675860342234
ech_blaze = -74.97693758351178
ech_gamma = 1.1402161277872755
echelle_z = 0.0746513529574197
d_col_trf = -1588.018514679035
trf_mirror_tilt_x = 0.13862967781878735
trf_mirror_tilt_y = 0.07765737792906717
d_col_grm = -0.009657515582342865
grism_dec_x = 236.43434236245042
grism_dec_y = 0.03411193037109854
grm_tilt_x = -0.01578346334127941
grm_tilt_y = 2.304357679603189
grm_G = 222.82517694633782
grm_apex = 17.81527777541189
d_grm_cam  = 21.608474587628617
cam_dec_x = -0.3020006806878588
cam_dec_y = 0.25034226778163643
cam_tilt_x = -0.018518847187031357
cam_tilt_y = -0.01504442721022558
d_cam_ff  = -160.40197193869628
ccd_ff_dec_x = -0.0035076344135216977
ccd_ff_dec_y = 0.0002938464090305701
ccd_ff_tilt_x = 0.14598060473682548
ccd_ff_tilt_y = -0.5721114340235851
ccd_ff_tilt_z = 0.17255316372600538
d_ff_ccd  = -4.8112835542199965
ccd_dec_x = 0.6206651100222244
ccd_dec_y = 5.155291942070134
ccd_defocus = 0.3162683012391178
ccd_tilt_x = 0.007718631808172783
ccd_tilt_y = -0.014195198277200094
ccd_tilt_z = 3.1715596080241543e-06
p = 0.0001