slit_dec_x_a = -0.1704010755187174
slit_dec_y_a = -0.1956586180351446
slit_dec_x_b = 0.175
slit_dec_y_b = -1.6645096217974145e-96
slit_defocus = 0.005449608593106009
slit_tilt_x = 1.186125601388943
slit_tilt_y = -8.540123389507047
slit_tilt_z = -8.990545027071668
d_slit_col = 1594.2945765440325
coll_tilt_x = 0.08854973846906646
coll_tilt_y = -0.032088326298631634
ech_G = 31.610673085886805
ech_blaze = -74.9769450137564
ech_gamma = 1.140195787037052
echelle_z = 0.07468038350700852
d_col_trf = -1588.018519842131
trf_mirror_tilt_x = 0.13874020976014229
trf_mirror_tilt_y = 0.07758887018385696
d_col_grm = -0.00940306303635774
grism_dec_x = 236.434344288342
grism_dec_y = 0.034106708054442034
grm_tilt_x = -0.01576280393299275
grm_tilt_y = 2.3043557671165873
grm_G = 222.82519402244205
grm_apex = 17.814988708083945
d_grm_cam  = 21.608494523491302
cam_dec_x = -0.30200843756680673
cam_dec_y = 0.25045621231363296
cam_tilt_x = -0.0188663238359105
cam_tilt_y = -0.015086118679869837
d_cam_ff  = -160.40139908469828
ccd_ff_dec_x = -0.003508341904340372
ccd_ff_dec_y = 0.00030454550842107925
ccd_ff_tilt_x = 0.14600447369242964
ccd_ff_tilt_y = -0.5720798909271486
ccd_ff_tilt_z = 0.1725715562257271
d_ff_ccd  = -4.811359053119611
ccd_dec_x = 0.6206649740027007
ccd_dec_y = 5.155278419941793
ccd_defocus = 0.3165770338796964
ccd_tilt_x = 0.00783493864838801
ccd_tilt_y = -0.014214407820991112
ccd_tilt_z = 3.139793527284695e-06
p = 0.0001