slit_dec_x_a = -0.1704010755187174
slit_dec_y_a = -0.1956586180351446
slit_dec_x_b = 0.175
slit_dec_y_b = -1.8452218093344185e-96
slit_defocus = 0.005663319512474311
slit_tilt_x = 1.1861422097656675
slit_tilt_y = -8.540105320013815
slit_tilt_z = -8.99065467192632
d_slit_col = 1594.2946106915724
coll_tilt_x = 0.0886512531010506
coll_tilt_y = -0.032003169852551146
ech_G = 31.610684221824812
ech_blaze = -74.9769345183037
ech_gamma = 1.1402126405716164
echelle_z = 0.07468182637383267
d_col_trf = -1588.0185193111438
trf_mirror_tilt_x = 0.13883975247942013
trf_mirror_tilt_y = 0.07762648252998659
d_col_grm = -0.009507516370069507
grism_dec_x = 236.43431969530312
grism_dec_y = 0.03406359236276624
grm_tilt_x = -0.015782770072377977
grm_tilt_y = 2.304349401355931
grm_G = 222.82518518369585
grm_apex = 17.815117611931605
d_grm_cam  = 21.60848629931714
cam_dec_x = -0.3019375794529378
cam_dec_y = 0.25041858635637193
cam_tilt_x = -0.018799393114607266
cam_tilt_y = -0.015163245904940656
d_cam_ff  = -160.40185771448552
ccd_ff_dec_x = -0.003496384645158265
ccd_ff_dec_y = 0.00014977564758310267
ccd_ff_tilt_x = 0.14599259951298624
ccd_ff_tilt_y = -0.5720979683123469
ccd_ff_tilt_z = 0.17256717286816206
d_ff_ccd  = -4.811408751575273
ccd_dec_x = 0.6206592025031465
ccd_dec_y = 5.155279705065134
ccd_defocus = 0.316280653072552
ccd_tilt_x = 0.00764779974903302
ccd_tilt_y = -0.014268903374524545
ccd_tilt_z = 3.2562300825134747e-06
p = 0.0001