slit_dec_x_a = -0.1704010755187174
slit_dec_y_a = -0.1956586180351446
slit_dec_x_b = 0.175
slit_dec_y_b = -1.7393219084994305e-96
slit_defocus = 0.0054467956387116755
slit_tilt_x = 1.1858609375978988
slit_tilt_y = -8.540194354841049
slit_tilt_z = -8.990736948151534
d_slit_col = 1594.294655656245
coll_tilt_x = 0.08869787110619809
coll_tilt_y = -0.03192944626679685
ech_G = 31.610678140179708
ech_blaze = -74.97693753748096
ech_gamma = 1.1402116737374126
echelle_z = 0.07467646817383862
d_col_trf = -1588.0185156684179
trf_mirror_tilt_x = 0.1388125461487421
trf_mirror_tilt_y = 0.0775903244884344
d_col_grm = -0.00948643473184674
grism_dec_x = 236.43415025583283
grism_dec_y = 0.03413819743361192
grm_tilt_x = -0.01577523986616043
grm_tilt_y = 2.304349096413919
grm_G = 222.82516222987874
grm_apex = 17.81512445494898
d_grm_cam  = 21.60849166998847
cam_dec_x = -0.30185265928899646
cam_dec_y = 0.2503768297886882
cam_tilt_x = -0.018581506036434263
cam_tilt_y = -0.015218422405011546
d_cam_ff  = -160.40122996654603
ccd_ff_dec_x = -0.0035037976575733112
ccd_ff_dec_y = 0.00023485235528612663
ccd_ff_tilt_x = 0.14591106154685024
ccd_ff_tilt_y = -0.5720905059096336
ccd_ff_tilt_z = 0.17257287988187664
d_ff_ccd  = -4.811423215717575
ccd_dec_x = 0.6206581180228897
ccd_dec_y = 5.155283347159541
ccd_defocus = 0.31630409871564263
ccd_tilt_x = 0.0076417627684285325
ccd_tilt_y = -0.014046604219374337
ccd_tilt_z = 3.1358035496997743e-06
p = 0.0001