slit_dec_x_a = -0.1704010755187174
slit_dec_y_a = -0.1956586180351446
slit_dec_x_b = 0.175
slit_dec_y_b = -1.7135552265246007e-96
slit_defocus = 0.005450105897474539
slit_tilt_x = 1.1861087093068075
slit_tilt_y = -8.540288726591056
slit_tilt_z = -8.990768929238685
d_slit_col = 1594.2944715440597
coll_tilt_x = 0.08857731675727935
coll_tilt_y = -0.032047838342227776
ech_G = 31.610679617627913
ech_blaze = -74.97695551904773
ech_gamma = 1.1402022448987839
echelle_z = 0.07466342150814752
d_col_trf = -1588.0185162913858
trf_mirror_tilt_x = 0.13883321271777563
trf_mirror_tilt_y = 0.07764761650058387
d_col_grm = -0.009419192868561936
grism_dec_x = 236.43422444796622
grism_dec_y = 0.03408076314707923
grm_tilt_x = -0.015767561893357433
grm_tilt_y = 2.304350525715454
grm_G = 222.82519118302696
grm_apex = 17.815157312235726
d_grm_cam  = 21.60849470167836
cam_dec_x = -0.3019136687092591
cam_dec_y = 0.25039509796658826
cam_tilt_x = -0.018870619200289207
cam_tilt_y = -0.015048026096909693
d_cam_ff  = -160.40193819084098
ccd_ff_dec_x = -0.0035163652728537093
ccd_ff_dec_y = 0.00013751087178363617
ccd_ff_tilt_x = 0.1461428095864015
ccd_ff_tilt_y = -0.5720722362014703
ccd_ff_tilt_z = 0.17255546866797045
d_ff_ccd  = -4.811302684499642
ccd_dec_x = 0.6206580018228901
ccd_dec_y = 5.155267123467241
ccd_defocus = 0.31631134252688775
ccd_tilt_x = 0.007630210442978737
ccd_tilt_y = -0.014045888942045035
ccd_tilt_z = 3.190869493392364e-06
p = 0.0001