slit_dec_x_a = -0.1704010755187174
slit_dec_y_a = -0.1956586180351446
slit_dec_x_b = 0.175
slit_dec_y_b = -1.6705673593856845e-96
slit_defocus = 0.005877247207899631
slit_tilt_x = 1.1861541248310539
slit_tilt_y = -8.540140922142687
slit_tilt_z = -8.990782223024528
d_slit_col = 1594.294558378983
coll_tilt_x = 0.08871078119558214
coll_tilt_y = -0.0320112763278051
ech_G = 31.61067908596704
ech_blaze = -74.97692463292483
ech_gamma = 1.1402113860664749
echelle_z = 0.07466345052712073
d_col_trf = -1588.0185235740105
trf_mirror_tilt_x = 0.1388034390664873
trf_mirror_tilt_y = 0.07748401825653867
d_col_grm = -0.009665006582005425
grism_dec_x = 236.43426352150644
grism_dec_y = 0.034166602948044786
grm_tilt_x = -0.01577361175682027
grm_tilt_y = 2.3043560150006415
grm_G = 222.82516691647766
grm_apex = 17.815187363150436
d_grm_cam  = 21.60847950881276
cam_dec_x = -0.3020943574365871
cam_dec_y = 0.25048498515071227
cam_tilt_x = -0.01863127437343253
cam_tilt_y = -0.015036861123851055
d_cam_ff  = -160.40187779856907
ccd_ff_dec_x = -0.0034963931085065596
ccd_ff_dec_y = 0.00034026135119933043
ccd_ff_tilt_x = 0.14582864150458122
ccd_ff_tilt_y = -0.5720792357734428
ccd_ff_tilt_z = 0.1725615345038902
d_ff_ccd  = -4.8113951480343315
ccd_dec_x = 0.6206627107729392
ccd_dec_y = 5.15530256940024
ccd_defocus = 0.3163331799429018
ccd_tilt_x = 0.007757952627892677
ccd_tilt_y = -0.01415190703085786
ccd_tilt_z = 3.1244363305492725e-06
p = 0.0001