slit_dec_x_a = -0.1704010755187174
slit_dec_y_a = -0.1956586180351446
slit_dec_x_b = 0.175
slit_dec_y_b = -1.6682539830377706e-96
slit_defocus = 0.005467592953775658
slit_tilt_x = 1.186095719718533
slit_tilt_y = -8.540211308768038
slit_tilt_z = -8.990744313130715
d_slit_col = 1594.2945653117297
coll_tilt_x = 0.08859794415930108
coll_tilt_y = -0.03197319845448887
ech_G = 31.610678821214268
ech_blaze = -74.9769352692533
ech_gamma = 1.1402027868768407
echelle_z = 0.07467854149113728
d_col_trf = -1588.0185189403248
trf_mirror_tilt_x = 0.13897277712646566
trf_mirror_tilt_y = 0.07749376376872023
d_col_grm = -0.009472724492196447
grism_dec_x = 236.43434058707382
grism_dec_y = 0.034049621005637284
grm_tilt_x = -0.015778244204287764
grm_tilt_y = 2.3043536342069886
grm_G = 222.82517009805832
grm_apex = 17.81512232682901
d_grm_cam  = 21.608489231985473
cam_dec_x = -0.30201708860158644
cam_dec_y = 0.25042128246413353
cam_tilt_x = -0.01885572052839859
cam_tilt_y = -0.015226892621631474
d_cam_ff  = -160.40104688082303
ccd_ff_dec_x = -0.003505696144401058
ccd_ff_dec_y = 0.00010215489198959342
ccd_ff_tilt_x = 0.145964421155959
ccd_ff_tilt_y = -0.5720828510160048
ccd_ff_tilt_z = 0.1725563045781571
d_ff_ccd  = -4.811423195932719
ccd_dec_x = 0.6206528371117592
ccd_dec_y = 5.15528673312157
ccd_defocus = 0.316365038447057
ccd_tilt_x = 0.007609043129732523
ccd_tilt_y = -0.014194349737732781
ccd_tilt_z = 3.183996609985781e-06
p = 0.0001