slit_dec_x_a = -0.1704010755187174
slit_dec_y_a = -0.1956586180351446
slit_dec_x_b = 0.175
slit_dec_y_b = -1.7224548674366247e-96
slit_defocus = 0.005477302199847256
slit_tilt_x = 1.1861537889435683
slit_tilt_y = -8.539965421597923
slit_tilt_z = -8.990804113246156
d_slit_col = 1594.2945555989315
coll_tilt_x = 0.08873485293244672
coll_tilt_y = -0.03204555076896126
ech_G = 31.610671489140646
ech_blaze = -74.97694423640434
ech_gamma = 1.1402104287250503
echelle_z = 0.07468473039036189
d_col_trf = -1588.0185243272988
trf_mirror_tilt_x = 0.13866814729121618
trf_mirror_tilt_y = 0.07755207834273566
d_col_grm = -0.009502261398421039
grism_dec_x = 236.43414752887867
grism_dec_y = 0.03410610168654781
grm_tilt_x = -0.015750353374107233
grm_tilt_y = 2.3043651075888727
grm_G = 222.82518595827898
grm_apex = 17.81502120172273
d_grm_cam  = 21.60849815567836
cam_dec_x = -0.302024682124286
cam_dec_y = 0.2504522709182673
cam_tilt_x = -0.018545131468862174
cam_tilt_y = -0.015157960118558576
d_cam_ff  = -160.4017655679776
ccd_ff_dec_x = -0.00348328088552711
ccd_ff_dec_y = 0.00040143114530789164
ccd_ff_tilt_x = 0.14586504909568757
ccd_ff_tilt_y = -0.572081823087035
ccd_ff_tilt_z = 0.17256168656509302
d_ff_ccd  = -4.8114842848304455
ccd_dec_x = 0.6206763684644866
ccd_dec_y = 5.1552860343631055
ccd_defocus = 0.3162040946462793
ccd_tilt_x = 0.00765722306032935
ccd_tilt_y = -0.014186061590293845
ccd_tilt_z = 3.156379782600806e-06
p = 0.0001