slit_dec_x_a = -0.1704010755187174
slit_dec_y_a = -0.1956586180351446
slit_dec_x_b = 0.175
slit_dec_y_b = -1.7260294903970174e-96
slit_defocus = 0.005505841944673216
slit_tilt_x = 1.186106230954817
slit_tilt_y = -8.54007469902407
slit_tilt_z = -8.990743038348114
d_slit_col = 1594.294587186388
coll_tilt_x = 0.0886213395939661
coll_tilt_y = -0.0319703353144652
ech_G = 31.610677343932696
ech_blaze = -74.97694199062083
ech_gamma = 1.1402047668892372
echelle_z = 0.07467143791987885
d_col_trf = -1588.0185177582557
trf_mirror_tilt_x = 0.13879917965890495
trf_mirror_tilt_y = 0.0775973668406719
d_col_grm = -0.009522063658165398
grism_dec_x = 236.4342737548066
grism_dec_y = 0.03415770398269317
grm_tilt_x = -0.0157765023334418
grm_tilt_y = 2.3043554139025457
grm_G = 222.82517549718747
grm_apex = 17.81512511230535
d_grm_cam  = 21.6084871966632
cam_dec_x = -0.30194713797724787
cam_dec_y = 0.250382798106279
cam_tilt_x = -0.0188159522877132
cam_tilt_y = -0.0151170903475262
d_cam_ff  = -160.4012604220489
ccd_ff_dec_x = -0.0035059178494657606
ccd_ff_dec_y = 0.00027247695979976577
ccd_ff_tilt_x = 0.1459850902857423
ccd_ff_tilt_y = -0.5720870507282815
ccd_ff_tilt_z = 0.1725656005415238
d_ff_ccd  = -4.81143922470616
ccd_dec_x = 0.6206587208672921
ccd_dec_y = 5.155284592408082
ccd_defocus = 0.3163315709476391
ccd_tilt_x = 0.007699362524822983
ccd_tilt_y = -0.014119788524548711
ccd_tilt_z = 3.081883581592339e-06
p = 0.0001