slit_dec_x_a = -0.1704010755187174
slit_dec_y_a = -0.1956586180351446
slit_dec_x_b = 0.175
slit_dec_y_b = -1.4954085366076176e-96
slit_defocus = 0.005581990868888675
slit_tilt_x = 1.1860484976118937
slit_tilt_y = -8.54023197092667
slit_tilt_z = -8.99060445351087
d_slit_col = 1594.2948652567532
coll_tilt_x = 0.08866271716842537
coll_tilt_y = -0.03201220588200711
ech_G = 31.6106822510858
ech_blaze = -74.97695752452252
ech_gamma = 1.1402196350835054
echelle_z = 0.07467574146128816
d_col_trf = -1588.0185169596693
trf_mirror_tilt_x = 0.13878073874397542
trf_mirror_tilt_y = 0.0776368907665144
d_col_grm = -0.009669093406332886
grism_dec_x = 236.4343276002816
grism_dec_y = 0.034220304203063004
grm_tilt_x = -0.0157746248194735
grm_tilt_y = 2.3043578355579073
grm_G = 222.82518089724576
grm_apex = 17.815162601533615
d_grm_cam  = 21.6084725586685
cam_dec_x = -0.30196926295429216
cam_dec_y = 0.25052257950531354
cam_tilt_x = -0.01871792601251915
cam_tilt_y = -0.015128218576258692
d_cam_ff  = -160.40190361960737
ccd_ff_dec_x = -0.003510331401243039
ccd_ff_dec_y = 0.0003265222496939966
ccd_ff_tilt_x = 0.14600252570412628
ccd_ff_tilt_y = -0.5720797533321599
ccd_ff_tilt_z = 0.1725772314518162
d_ff_ccd  = -4.811288300448459
ccd_dec_x = 0.6206628644374204
ccd_dec_y = 5.155287452566026
ccd_defocus = 0.31629601353510695
ccd_tilt_x = 0.007821548836374766
ccd_tilt_y = -0.0141913054463573
ccd_tilt_z = 3.1618175808346707e-06
p = 0.0001