slit_dec_x_a = -0.1704010755187174
slit_dec_y_a = -0.1956586180351446
slit_dec_x_b = 0.175
slit_dec_y_b = -1.8654776867445738e-96
slit_defocus = 0.005543806416518055
slit_tilt_x = 1.1860843509830667
slit_tilt_y = -8.540059909311978
slit_tilt_z = -8.99075849068678
d_slit_col = 1594.2946357090277
coll_tilt_x = 0.08855309222111224
coll_tilt_y = -0.03194645700391591
ech_G = 31.610678709067926
ech_blaze = -74.97694612508894
ech_gamma = 1.1402145847500371
echelle_z = 0.07467611212275256
d_col_trf = -1588.01852370683
trf_mirror_tilt_x = 0.1389071874146963
trf_mirror_tilt_y = 0.07753638306686822
d_col_grm = -0.009601757445122382
grism_dec_x = 236.43432140945274
grism_dec_y = 0.03410447651815865
grm_tilt_x = -0.015783688731217375
grm_tilt_y = 2.3043494933605615
grm_G = 222.8251722863238
grm_apex = 17.81513159407742
d_grm_cam  = 21.608484556705303
cam_dec_x = -0.30191076755586693
cam_dec_y = 0.25030646853386634
cam_tilt_x = -0.01882685862033894
cam_tilt_y = -0.015092288386190027
d_cam_ff  = -160.40135554167065
ccd_ff_dec_x = -0.0035112746387343857
ccd_ff_dec_y = 0.00028018155723847694
ccd_ff_tilt_x = 0.1459467314844787
ccd_ff_tilt_y = -0.5720871828775462
ccd_ff_tilt_z = 0.17256285234857405
d_ff_ccd  = -4.81157575924227
ccd_dec_x = 0.6206543901909056
ccd_dec_y = 5.155284041182409
ccd_defocus = 0.31644759902230085
ccd_tilt_x = 0.00758878249230057
ccd_tilt_y = -0.014027774200668707
ccd_tilt_z = 3.111589386049068e-06
p = 0.0001