slit_dec_x_a = -0.1704010755187174
slit_dec_y_a = -0.1956586180351446
slit_dec_x_b = 0.175
slit_dec_y_b = -1.6506615655788295e-96
slit_defocus = 0.005571415169317791
slit_tilt_x = 1.1860961328252795
slit_tilt_y = -8.540080812962511
slit_tilt_z = -8.990639885532659
d_slit_col = 1594.2946261598045
coll_tilt_x = 0.08881955177794176
coll_tilt_y = -0.03197756894966105
ech_G = 31.610682231819638
ech_blaze = -74.97694995567493
ech_gamma = 1.1402302721087276
echelle_z = 0.07467102490402654
d_col_trf = -1588.0185311395098
trf_mirror_tilt_x = 0.1387344986753072
trf_mirror_tilt_y = 0.07749327626549411
d_col_grm = -0.009620865134846375
grism_dec_x = 236.4341326695109
grism_dec_y = 0.034028900310439474
grm_tilt_x = -0.015778123198739332
grm_tilt_y = 2.3043519026337846
grm_G = 222.8251793316287
grm_apex = 17.81516450708076
d_grm_cam  = 21.608477891273544
cam_dec_x = -0.3019810247120618
cam_dec_y = 0.25027688721404245
cam_tilt_x = -0.01847101357507647
cam_tilt_y = -0.01512892740969503
d_cam_ff  = -160.40267877365227
ccd_ff_dec_x = -0.0035109632300270107
ccd_ff_dec_y = 0.00033880044330104116
ccd_ff_tilt_x = 0.14605304162458232
ccd_ff_tilt_y = -0.5721025727243844
ccd_ff_tilt_z = 0.1725832695968975
d_ff_ccd  = -4.811478951080589
ccd_dec_x = 0.6206736166819854
ccd_dec_y = 5.155280671668186
ccd_defocus = 0.3162958308998863
ccd_tilt_x = 0.007713608795282321
ccd_tilt_y = -0.014086439969182457
ccd_tilt_z = 3.122842346046765e-06
p = 0.0001