slit_dec_x_a = -0.1704010755187174
slit_dec_y_a = -0.1956586180351446
slit_dec_x_b = 0.175
slit_dec_y_b = -1.754639265279272e-96
slit_defocus = 0.005528753999068452
slit_tilt_x = 1.1860465928326176
slit_tilt_y = -8.540096772615705
slit_tilt_z = -8.990694904984146
d_slit_col = 1594.2946702325098
coll_tilt_x = 0.08851271815630044
coll_tilt_y = -0.0320724626978799
ech_G = 31.61066440475048
ech_blaze = -74.97695084025304
ech_gamma = 1.1401980417890887
echelle_z = 0.07467197332690502
d_col_trf = -1588.018517242101
trf_mirror_tilt_x = 0.13876731019138513
trf_mirror_tilt_y = 0.07765794122064643
d_col_grm = -0.009571625003338606
grism_dec_x = 236.4343008255373
grism_dec_y = 0.03407301262772121
grm_tilt_x = -0.01577512865174621
grm_tilt_y = 2.304361135052058
grm_G = 222.82517798887218
grm_apex = 17.815095869044278
d_grm_cam  = 21.608484121080348
cam_dec_x = -0.30204528613471415
cam_dec_y = 0.25032725684359736
cam_tilt_x = -0.018813104266766894
cam_tilt_y = -0.015070604903793184
d_cam_ff  = -160.40151837680023
ccd_ff_dec_x = -0.003498065945091476
ccd_ff_dec_y = 0.00023985872357831567
ccd_ff_tilt_x = 0.14592445173374047
ccd_ff_tilt_y = -0.5720881150520712
ccd_ff_tilt_z = 0.17256657239500187
d_ff_ccd  = -4.811366060066147
ccd_dec_x = 0.6206725777030697
ccd_dec_y = 5.1552752553895
ccd_defocus = 0.31628955883431886
ccd_tilt_x = 0.007686019659168954
ccd_tilt_y = -0.014097884125128433
ccd_tilt_z = 3.204980861645256e-06
p = 0.0001