slit_dec_x_a = -0.1704010755187174
slit_dec_y_a = -0.1956586180351446
slit_dec_x_b = 0.175
slit_dec_y_b = -1.7260974287252185e-96
slit_defocus = 0.005467442832115151
slit_tilt_x = 1.186160597630166
slit_tilt_y = -8.540255219309577
slit_tilt_z = -8.990763108870961
d_slit_col = 1594.2945857203654
coll_tilt_x = 0.08872194362548885
coll_tilt_y = -0.03198618934385537
ech_G = 31.610675105976313
ech_blaze = -74.97694596885239
ech_gamma = 1.1402165449410067
echelle_z = 0.07468599107311209
d_col_trf = -1588.0185174479343
trf_mirror_tilt_x = 0.13881899310883922
trf_mirror_tilt_y = 0.07756880007019347
d_col_grm = -0.009569632174829807
grism_dec_x = 236.43415591380702
grism_dec_y = 0.03411194939984918
grm_tilt_x = -0.015772420672704294
grm_tilt_y = 2.304355605819243
grm_G = 222.8251907522868
grm_apex = 17.81504370712417
d_grm_cam  = 21.608473176811493
cam_dec_x = -0.3016579899098226
cam_dec_y = 0.2504637731057294
cam_tilt_x = -0.01853511159425062
cam_tilt_y = -0.015171721093814488
d_cam_ff  = -160.40127112293584
ccd_ff_dec_x = -0.0035142361393766526
ccd_ff_dec_y = 0.00045450793740308386
ccd_ff_tilt_x = 0.14604006328195046
ccd_ff_tilt_y = -0.5720893943031333
ccd_ff_tilt_z = 0.17257822619942675
d_ff_ccd  = -4.811400415168257
ccd_dec_x = 0.6206461325440685
ccd_dec_y = 5.155278897147607
ccd_defocus = 0.31631747064207216
ccd_tilt_x = 0.0076280779033207294
ccd_tilt_y = -0.013980924147763413
ccd_tilt_z = 3.123685261154893e-06
p = 0.0001