slit_dec_x_a = -0.1704010755187174
slit_dec_y_a = -0.1956586180351446
slit_dec_x_b = 0.175
slit_dec_y_b = -1.791797970849497e-96
slit_defocus = 0.005425505562633296
slit_tilt_x = 1.1861260454711136
slit_tilt_y = -8.54005582651184
slit_tilt_z = -8.990630913913842
d_slit_col = 1594.2944797811856
coll_tilt_x = 0.08876439292564267
coll_tilt_y = -0.03194827074675883
ech_G = 31.610683632955382
ech_blaze = -74.97695804912358
ech_gamma = 1.140202208868683
echelle_z = 0.07466762770734903
d_col_trf = -1588.0185082968055
trf_mirror_tilt_x = 0.13864019662736826
trf_mirror_tilt_y = 0.07770517646882812
d_col_grm = -0.009407926251767876
grism_dec_x = 236.4343978479689
grism_dec_y = 0.034260395602274174
grm_tilt_x = -0.015790958195668937
grm_tilt_y = 2.304364468627452
grm_G = 222.82517454917635
grm_apex = 17.815177218562905
d_grm_cam  = 21.60849015592372
cam_dec_x = -0.3019449762834489
cam_dec_y = 0.2503600279255686
cam_tilt_x = -0.018491539041319626
cam_tilt_y = -0.015205527668105385
d_cam_ff  = -160.4012712615423
ccd_ff_dec_x = -0.0035071993665846055
ccd_ff_dec_y = 0.0003827189858881759
ccd_ff_tilt_x = 0.14584942536185894
ccd_ff_tilt_y = -0.5720693733960901
ccd_ff_tilt_z = 0.1725466765469979
d_ff_ccd  = -4.811427859534205
ccd_dec_x = 0.6206621171084807
ccd_dec_y = 5.155270342359485
ccd_defocus = 0.31628512685137206
ccd_tilt_x = 0.007562953080637519
ccd_tilt_y = -0.014071860980853385
ccd_tilt_z = 3.1489703858208023e-06
p = 0.0001