slit_dec_x_a = -0.1704010755187174
slit_dec_y_a = -0.1956586180351446
slit_dec_x_b = 0.175
slit_dec_y_b = -1.7385692459497986e-96
slit_defocus = 0.005520273266068068
slit_tilt_x = 1.1859091085207407
slit_tilt_y = -8.540118865081054
slit_tilt_z = -8.990763037342374
d_slit_col = 1594.2945834822574
coll_tilt_x = 0.08860831031190813
coll_tilt_y = -0.03204339822105172
ech_G = 31.61068929951449
ech_blaze = -74.97694685215527
ech_gamma = 1.1401950785309174
echelle_z = 0.07468884055513167
d_col_trf = -1588.0185138331747
trf_mirror_tilt_x = 0.13873537384341272
trf_mirror_tilt_y = 0.07782865837354136
d_col_grm = -0.009489768297945823
grism_dec_x = 236.43427052332217
grism_dec_y = 0.034082243010870816
grm_tilt_x = -0.015777647083795306
grm_tilt_y = 2.3043478536139808
grm_G = 222.82519227451166
grm_apex = 17.815090158097878
d_grm_cam  = 21.608480069752783
cam_dec_x = -0.3021369922538154
cam_dec_y = 0.2503393222494845
cam_tilt_x = -0.019035249403130755
cam_tilt_y = -0.01501688058333841
d_cam_ff  = -160.40084959655448
ccd_ff_dec_x = -0.0035060384896499195
ccd_ff_dec_y = 0.00014687117688233357
ccd_ff_tilt_x = 0.14594789220072862
ccd_ff_tilt_y = -0.5720851134896963
ccd_ff_tilt_z = 0.1725721106500965
d_ff_ccd  = -4.811616130259672
ccd_dec_x = 0.6206717730274504
ccd_dec_y = 5.155305530968538
ccd_defocus = 0.3161802381285634
ccd_tilt_x = 0.007885746247946957
ccd_tilt_y = -0.014281317865933594
ccd_tilt_z = 3.1694323617424918e-06
p = 0.0001