slit_dec_x_a = -0.1704010755187174
slit_dec_y_a = -0.1956586180351446
slit_dec_x_b = 0.175
slit_dec_y_b = -1.698659409929183e-96
slit_defocus = 0.00551911479210502
slit_tilt_x = 1.1862045173846223
slit_tilt_y = -8.54020008573789
slit_tilt_z = -8.990722419283466
d_slit_col = 1594.2946297163976
coll_tilt_x = 0.08865199525707235
coll_tilt_y = -0.03203471066166144
ech_G = 31.61066282403289
ech_blaze = -74.97694958896003
ech_gamma = 1.140211480397379
echelle_z = 0.07467873180725333
d_col_trf = -1588.0185325391224
trf_mirror_tilt_x = 0.13873955008711214
trf_mirror_tilt_y = 0.07752405007495576
d_col_grm = -0.009558073751233962
grism_dec_x = 236.43429263726057
grism_dec_y = 0.03416464587691193
grm_tilt_x = -0.0157753024578205
grm_tilt_y = 2.30435459934973
grm_G = 222.8251712655845
grm_apex = 17.815104530724394
d_grm_cam  = 21.608483130865565
cam_dec_x = -0.30207686465109723
cam_dec_y = 0.2504841529570763
cam_tilt_x = -0.01850814943810048
cam_tilt_y = -0.015038349254089617
d_cam_ff  = -160.40138444105995
ccd_ff_dec_x = -0.003504990617840746
ccd_ff_dec_y = 0.00021481769318730667
ccd_ff_tilt_x = 0.14589150140848323
ccd_ff_tilt_y = -0.5720875428925593
ccd_ff_tilt_z = 0.17256370177564564
d_ff_ccd  = -4.8113882878893275
ccd_dec_x = 0.6206706203173904
ccd_dec_y = 5.155290377568669
ccd_defocus = 0.3163715785081075
ccd_tilt_x = 0.00773426531302012
ccd_tilt_y = -0.014190046562630064
ccd_tilt_z = 3.0889659754832542e-06
p = 0.0001