slit_dec_x_a = -0.1704010755187174
slit_dec_y_a = -0.1956586180351446
slit_dec_x_b = 0.175
slit_dec_y_b = -1.641055537726371e-96
slit_defocus = 0.005521693589480854
slit_tilt_x = 1.1860291927681237
slit_tilt_y = -8.540207976783812
slit_tilt_z = -8.990548534012499
d_slit_col = 1594.2946498001756
coll_tilt_x = 0.08867071485616973
coll_tilt_y = -0.03196323016251643
ech_G = 31.610667037686483
ech_blaze = -74.97694555556512
ech_gamma = 1.140203047767127
echelle_z = 0.0746729189914216
d_col_trf = -1588.0185202029263
trf_mirror_tilt_x = 0.13868557636716208
trf_mirror_tilt_y = 0.07755920835426462
d_col_grm = -0.009301860353029174
grism_dec_x = 236.43424764063377
grism_dec_y = 0.03394542908671857
grm_tilt_x = -0.01577474190049732
grm_tilt_y = 2.304323470401551
grm_G = 222.82518925004757
grm_apex = 17.815270984259698
d_grm_cam  = 21.608497120592478
cam_dec_x = -0.301841705247257
cam_dec_y = 0.2502796799550651
cam_tilt_x = -0.018524401649761442
cam_tilt_y = -0.015068824907114437
d_cam_ff  = -160.401724974527
ccd_ff_dec_x = -0.0035253929905599687
ccd_ff_dec_y = 0.0003355292713646086
ccd_ff_tilt_x = 0.1460432438770845
ccd_ff_tilt_y = -0.5720826823883571
ccd_ff_tilt_z = 0.1725569522318166
d_ff_ccd  = -4.811441285240289
ccd_dec_x = 0.6206332022083508
ccd_dec_y = 5.1552573649151565
ccd_defocus = 0.3162626019132343
ccd_tilt_x = 0.007689772706478663
ccd_tilt_y = -0.014036303688352073
ccd_tilt_z = 3.0994915696970657e-06
p = 0.0001