slit_dec_x_a = -0.1704010755187174
slit_dec_y_a = -0.1956586180351446
slit_dec_x_b = 0.175
slit_dec_y_b = -1.8411897350755404e-96
slit_defocus = 0.005435024418530896
slit_tilt_x = 1.1861172968655107
slit_tilt_y = -8.540185382122058
slit_tilt_z = -8.990792753661108
d_slit_col = 1594.2947007081116
coll_tilt_x = 0.08863033330593668
coll_tilt_y = -0.03197082745710633
ech_G = 31.61068493809205
ech_blaze = -74.9769370201689
ech_gamma = 1.1401969384128452
echelle_z = 0.07466471951586796
d_col_trf = -1588.0185159432513
trf_mirror_tilt_x = 0.13895777445676233
trf_mirror_tilt_y = 0.07755709575957677
d_col_grm = -0.009491495038865044
grism_dec_x = 236.43423927845734
grism_dec_y = 0.0341253822926681
grm_tilt_x = -0.015780639003934078
grm_tilt_y = 2.3043569351549995
grm_G = 222.82518806874532
grm_apex = 17.815077729552492
d_grm_cam  = 21.60848550145821
cam_dec_x = -0.3020106632824337
cam_dec_y = 0.25037435302574584
cam_tilt_x = -0.01877546717635103
cam_tilt_y = -0.015150584407235487
d_cam_ff  = -160.40139024794038
ccd_ff_dec_x = -0.003522282140444822
ccd_ff_dec_y = 0.00024459373715842467
ccd_ff_tilt_x = 0.1460306057906662
ccd_ff_tilt_y = -0.5720781775580062
ccd_ff_tilt_z = 0.17257307094107172
d_ff_ccd  = -4.811398252544554
ccd_dec_x = 0.6206581445976507
ccd_dec_y = 5.155281927706773
ccd_defocus = 0.31641382579813165
ccd_tilt_x = 0.007752916455063913
ccd_tilt_y = -0.014029954046126948
ccd_tilt_z = 3.144072023895522e-06
p = 0.0001