slit_dec_x_a = -0.1704010755187174
slit_dec_y_a = -0.1956586180351446
slit_dec_x_b = 0.175
slit_dec_y_b = -1.5960354761899234e-96
slit_defocus = 0.005444816713170332
slit_tilt_x = 1.1860962643451287
slit_tilt_y = -8.540108360620446
slit_tilt_z = -8.990880276949667
d_slit_col = 1594.2945570665743
coll_tilt_x = 0.08854666157454168
coll_tilt_y = -0.031937874571375584
ech_G = 31.610656951552123
ech_blaze = -74.97693745856833
ech_gamma = 1.1402093945954428
echelle_z = 0.07467840490363138
d_col_trf = -1588.018516996048
trf_mirror_tilt_x = 0.13876155039683336
trf_mirror_tilt_y = 0.07746399347689645
d_col_grm = -0.00946758529681626
grism_dec_x = 236.43410430690128
grism_dec_y = 0.03424417920604095
grm_tilt_x = -0.015765589203824846
grm_tilt_y = 2.3043473620475656
grm_G = 222.82517849493146
grm_apex = 17.81522012077303
d_grm_cam  = 21.608488488749924
cam_dec_x = -0.3017168046662346
cam_dec_y = 0.25038906742603634
cam_tilt_x = -0.01863036815018737
cam_tilt_y = -0.015159423145450086
d_cam_ff  = -160.40112874581368
ccd_ff_dec_x = -0.003501763860729999
ccd_ff_dec_y = 0.00042414411389001243
ccd_ff_tilt_x = 0.14595694258809697
ccd_ff_tilt_y = -0.5720800616265802
ccd_ff_tilt_z = 0.17259116909734643
d_ff_ccd  = -4.811395732273031
ccd_dec_x = 0.6206629878833907
ccd_dec_y = 5.155272941986861
ccd_defocus = 0.31642360639401707
ccd_tilt_x = 0.007763949129251046
ccd_tilt_y = -0.014056404073555002
ccd_tilt_z = 3.144787549263244e-06
p = 0.0001