slit_dec_x_a = -0.1704010755187174
slit_dec_y_a = -0.1956586180351446
slit_dec_x_b = 0.175
slit_dec_y_b = -1.8779146388713643e-96
slit_defocus = 0.005537729107100003
slit_tilt_x = 1.1860870973288664
slit_tilt_y = -8.540067052236699
slit_tilt_z = -8.990674273583794
d_slit_col = 1594.2946163902004
coll_tilt_x = 0.08855624486037572
coll_tilt_y = -0.032028591975702264
ech_G = 31.610667983652306
ech_blaze = -74.97694380765303
ech_gamma = 1.1401998791384502
echelle_z = 0.07466618469108376
d_col_trf = -1588.018506884869
trf_mirror_tilt_x = 0.13885729341007028
trf_mirror_tilt_y = 0.0775820735349531
d_col_grm = -0.009417922274458977
grism_dec_x = 236.43427179922537
grism_dec_y = 0.03417481473654266
grm_tilt_x = -0.01578426631275671
grm_tilt_y = 2.304340777090699
grm_G = 222.82517316254635
grm_apex = 17.815030403680424
d_grm_cam  = 21.608495203178094
cam_dec_x = -0.3020623127550685
cam_dec_y = 0.2504151632485189
cam_tilt_x = -0.01875797581478278
cam_tilt_y = -0.015176448866747527
d_cam_ff  = -160.4020464785441
ccd_ff_dec_x = -0.0035040232333704933
ccd_ff_dec_y = 0.0002573501843880827
ccd_ff_tilt_x = 0.14591540900314054
ccd_ff_tilt_y = -0.5720831652268262
ccd_ff_tilt_z = 0.17255937527461385
d_ff_ccd  = -4.811347318771659
ccd_dec_x = 0.620668891477859
ccd_dec_y = 5.155291862496569
ccd_defocus = 0.31627052973638686
ccd_tilt_x = 0.0076774596218405974
ccd_tilt_y = -0.01391789529454196
ccd_tilt_z = 3.1398852205225316e-06
p = 0.0001