slit_dec_x_a = -0.1704010755187174
slit_dec_y_a = -0.1956586180351446
slit_dec_x_b = 0.175
slit_dec_y_b = -1.7585922455433037e-96
slit_defocus = 0.005576861192545091
slit_tilt_x = 1.186075372590793
slit_tilt_y = -8.540033057445989
slit_tilt_z = -8.990711403259578
d_slit_col = 1594.2944220901804
coll_tilt_x = 0.08836760250052589
coll_tilt_y = -0.03199047860814654
ech_G = 31.610650136714504
ech_blaze = -74.97694223174112
ech_gamma = 1.1402217459783304
echelle_z = 0.07467221373098425
d_col_trf = -1588.0185021522022
trf_mirror_tilt_x = 0.1390008850583111
trf_mirror_tilt_y = 0.07755542201026289
d_col_grm = -0.009507448393328843
grism_dec_x = 236.43421325010814
grism_dec_y = 0.03417991656055441
grm_tilt_x = -0.01577190396550476
grm_tilt_y = 2.304360652408493
grm_G = 222.82516599480786
grm_apex = 17.81492035079352
d_grm_cam  = 21.608471136034417
cam_dec_x = -0.3020133327002041
cam_dec_y = 0.2504643043466957
cam_tilt_x = -0.018832352571645665
cam_tilt_y = -0.015126940857271839
d_cam_ff  = -160.40132538414173
ccd_ff_dec_x = -0.0035069492040900097
ccd_ff_dec_y = 0.00023597490257561737
ccd_ff_tilt_x = 0.145827595511753
ccd_ff_tilt_y = -0.572092825418849
ccd_ff_tilt_z = 0.17256358903778066
d_ff_ccd  = -4.811443362170622
ccd_dec_x = 0.6206534989049269
ccd_dec_y = 5.155295313222493
ccd_defocus = 0.31633018900088583
ccd_tilt_x = 0.007551189795753476
ccd_tilt_y = -0.014117198975290868
ccd_tilt_z = 3.1778695859657283e-06
p = 0.0001