slit_dec_x_a = -0.1704010755187174
slit_dec_y_a = -0.1956586180351446
slit_dec_x_b = 0.175
slit_dec_y_b = -1.8035600074059199e-96
slit_defocus = 0.005449802788727993
slit_tilt_x = 1.185974750217511
slit_tilt_y = -8.540194355168724
slit_tilt_z = -8.990736586409282
d_slit_col = 1594.2946379625114
coll_tilt_x = 0.08856066075212188
coll_tilt_y = -0.03198405161787063
ech_G = 31.61066936472618
ech_blaze = -74.97694266213047
ech_gamma = 1.1401984848546212
echelle_z = 0.07468278049974558
d_col_trf = -1588.0185228778523
trf_mirror_tilt_x = 0.13878658723880438
trf_mirror_tilt_y = 0.07768457048155639
d_col_grm = -0.00961197498881353
grism_dec_x = 236.43414379234827
grism_dec_y = 0.03399607792698168
grm_tilt_x = -0.01577540054206632
grm_tilt_y = 2.3043612841019048
grm_G = 222.82517046648772
grm_apex = 17.815303909033318
d_grm_cam  = 21.60850173867782
cam_dec_x = -0.30200502961515646
cam_dec_y = 0.25034626867723775
cam_tilt_x = -0.01874774884448087
cam_tilt_y = -0.015140089179849466
d_cam_ff  = -160.40086384822442
ccd_ff_dec_x = -0.0035143112730038214
ccd_ff_dec_y = 0.0001943091903362545
ccd_ff_tilt_x = 0.1459386724782589
ccd_ff_tilt_y = -0.5720906043831151
ccd_ff_tilt_z = 0.17256082954054605
d_ff_ccd  = -4.811426280086776
ccd_dec_x = 0.6206534743238634
ccd_dec_y = 5.155294374033338
ccd_defocus = 0.3163922749676837
ccd_tilt_x = 0.0078052639359650474
ccd_tilt_y = -0.014141142693756582
ccd_tilt_z = 3.1686689770165746e-06
p = 0.0001