slit_dec_x_a = -0.1704010755187174
slit_dec_y_a = -0.1956586180351446
slit_dec_x_b = 0.175
slit_dec_y_b = -1.6949146439481953e-96
slit_defocus = 0.005401161132823519
slit_tilt_x = 1.1861179607310481
slit_tilt_y = -8.540128950373107
slit_tilt_z = -8.990742990689302
d_slit_col = 1594.294594524322
coll_tilt_x = 0.08857659687114926
coll_tilt_y = -0.03195405359973851
ech_G = 31.610673394685723
ech_blaze = -74.97694092524551
ech_gamma = 1.1402069870195835
echelle_z = 0.07466337476908122
d_col_trf = -1588.0185205652585
trf_mirror_tilt_x = 0.13881927808478434
trf_mirror_tilt_y = 0.07748848110295806
d_col_grm = -0.0095101038416132
grism_dec_x = 236.43433941267276
grism_dec_y = 0.034172674277044436
grm_tilt_x = -0.015780728420325647
grm_tilt_y = 2.304349695895827
grm_G = 222.82517680329184
grm_apex = 17.814976425150924
d_grm_cam  = 21.608492278064734
cam_dec_x = -0.30191303506642564
cam_dec_y = 0.2503246074528884
cam_tilt_x = -0.018789362749337086
cam_tilt_y = -0.015344864692374907
d_cam_ff  = -160.4008260579312
ccd_ff_dec_x = -0.0035107557235680995
ccd_ff_dec_y = 0.00015319061762517305
ccd_ff_tilt_x = 0.14615953154212527
ccd_ff_tilt_y = -0.5720753576226153
ccd_ff_tilt_z = 0.17257603870909186
d_ff_ccd  = -4.811316345256207
ccd_dec_x = 0.6206576094303845
ccd_dec_y = 5.155286544986831
ccd_defocus = 0.31621447641269546
ccd_tilt_x = 0.007803447097102174
ccd_tilt_y = -0.014183768957301827
ccd_tilt_z = 3.156369545322708e-06
p = 0.0001