slit_dec_x_a = -0.1704010755187174
slit_dec_y_a = -0.1956586180351446
slit_dec_x_b = 0.175
slit_dec_y_b = -1.5797336550421647e-96
slit_defocus = 0.005441863714654172
slit_tilt_x = 1.186166858547987
slit_tilt_y = -8.540086648548465
slit_tilt_z = -8.99083558739265
d_slit_col = 1594.2944934183924
coll_tilt_x = 0.08871170881260652
coll_tilt_y = -0.031896482835663376
ech_G = 31.610669094394165
ech_blaze = -74.97695466118779
ech_gamma = 1.1401994159798767
echelle_z = 0.07466404842668187
d_col_trf = -1588.0185159522102
trf_mirror_tilt_x = 0.13872363086648182
trf_mirror_tilt_y = 0.07763375429902454
d_col_grm = -0.009594263177162905
grism_dec_x = 236.43416291023598
grism_dec_y = 0.03420041128205892
grm_tilt_x = -0.015767990391985356
grm_tilt_y = 2.304353222193197
grm_G = 222.8251804128974
grm_apex = 17.81531672349258
d_grm_cam  = 21.60849700106444
cam_dec_x = -0.3019320025520813
cam_dec_y = 0.2503956787377592
cam_tilt_x = -0.018465080431945897
cam_tilt_y = -0.01524184176228387
d_cam_ff  = -160.4011856370482
ccd_ff_dec_x = -0.0035155370306680835
ccd_ff_dec_y = 0.0001887510067805513
ccd_ff_tilt_x = 0.14596498828734988
ccd_ff_tilt_y = -0.5720920777137612
ccd_ff_tilt_z = 0.17257292090595686
d_ff_ccd  = -4.811299141524145
ccd_dec_x = 0.6206490039242806
ccd_dec_y = 5.155298743959954
ccd_defocus = 0.3163748569905473
ccd_tilt_x = 0.007646820827121561
ccd_tilt_y = -0.014286277959231684
ccd_tilt_z = 3.1312612630867325e-06
p = 0.0001