slit_dec_x_a = -0.1704010755187174
slit_dec_y_a = -0.1956586180351446
slit_dec_x_b = 0.175
slit_dec_y_b = -1.957127225145289e-96
slit_defocus = 0.005540793213237208
slit_tilt_x = 1.1860549467713681
slit_tilt_y = -8.540182153017932
slit_tilt_z = -8.990750504952713
d_slit_col = 1594.2945921291114
coll_tilt_x = 0.08864117213112448
coll_tilt_y = -0.032010595863931776
ech_G = 31.61066908541512
ech_blaze = -74.97696611080677
ech_gamma = 1.140188571088709
echelle_z = 0.07467162684974304
d_col_trf = -1588.0185180604478
trf_mirror_tilt_x = 0.13887150867112952
trf_mirror_tilt_y = 0.07745904202162773
d_col_grm = -0.00964074314317223
grism_dec_x = 236.4345055433149
grism_dec_y = 0.03412514020812962
grm_tilt_x = -0.01576601074292656
grm_tilt_y = 2.304349730235072
grm_G = 222.82518273154258
grm_apex = 17.815025031205323
d_grm_cam  = 21.608475102008633
cam_dec_x = -0.301815453124293
cam_dec_y = 0.2502632113593378
cam_tilt_x = -0.018581821729224526
cam_tilt_y = -0.015155551999194366
d_cam_ff  = -160.40155048957016
ccd_ff_dec_x = -0.00350743311989933
ccd_ff_dec_y = 0.0004419344591411906
ccd_ff_tilt_x = 0.1458113373336699
ccd_ff_tilt_y = -0.5720907173517663
ccd_ff_tilt_z = 0.17256076628593167
d_ff_ccd  = -4.8114539963176295
ccd_dec_x = 0.6206471762863791
ccd_dec_y = 5.155286631514603
ccd_defocus = 0.3164452340138042
ccd_tilt_x = 0.00777045118112048
ccd_tilt_y = -0.01422876935590039
ccd_tilt_z = 3.107414089936089e-06
p = 0.0001