slit_dec_x_a = -0.1704010755187174
slit_dec_y_a = -0.1956586180351446
slit_dec_x_b = 0.175
slit_dec_y_b = -1.6747228518371731e-96
slit_defocus = 0.005490771324025665
slit_tilt_x = 1.186008951945075
slit_tilt_y = -8.540182035655663
slit_tilt_z = -8.990725563465332
d_slit_col = 1594.2947039087219
coll_tilt_x = 0.08870359439036456
coll_tilt_y = -0.03196095741417803
ech_G = 31.610667665483987
ech_blaze = -74.97690947845041
ech_gamma = 1.1402126984497172
echelle_z = 0.07467774306584124
d_col_trf = -1588.0185303897786
trf_mirror_tilt_x = 0.1386565780875664
trf_mirror_tilt_y = 0.07751598369198825
d_col_grm = -0.009419951946778799
grism_dec_x = 236.4343291652734
grism_dec_y = 0.034248064687680844
grm_tilt_x = -0.01574946461728037
grm_tilt_y = 2.304350479038972
grm_G = 222.8251621311472
grm_apex = 17.815237505446564
d_grm_cam  = 21.608499812107627
cam_dec_x = -0.3020831460926951
cam_dec_y = 0.25028306534916445
cam_tilt_x = -0.01855493774855605
cam_tilt_y = -0.015113241319101234
d_cam_ff  = -160.40092985397803
ccd_ff_dec_x = -0.0035092179491743
ccd_ff_dec_y = 0.0003356612421855192
ccd_ff_tilt_x = 0.1458911997845754
ccd_ff_tilt_y = -0.5720985677159135
ccd_ff_tilt_z = 0.17256176563135148
d_ff_ccd  = -4.811540377213159
ccd_dec_x = 0.6206464324357922
ccd_dec_y = 5.155293532276316
ccd_defocus = 0.31620409241145175
ccd_tilt_x = 0.007663679092169634
ccd_tilt_y = -0.013966281866644892
ccd_tilt_z = 3.126080420916907e-06
p = 0.0001