slit_dec_x_a = -0.1704010755187174
slit_dec_y_a = -0.1956586180351446
slit_dec_x_b = 0.175
slit_dec_y_b = -1.7703166467449824e-96
slit_defocus = 0.005554489758365614
slit_tilt_x = 1.1861281976668918
slit_tilt_y = -8.540140266697328
slit_tilt_z = -8.990751538756188
d_slit_col = 1594.2947355486908
coll_tilt_x = 0.0886252921552908
coll_tilt_y = -0.03203129078359959
ech_G = 31.610673621791715
ech_blaze = -74.97694610848147
ech_gamma = 1.1401898168180633
echelle_z = 0.07466880127728164
d_col_trf = -1588.018531656077
trf_mirror_tilt_x = 0.13880126216695568
trf_mirror_tilt_y = 0.07748812381865205
d_col_grm = -0.009486456851906864
grism_dec_x = 236.4342008635192
grism_dec_y = 0.03414385603383461
grm_tilt_x = -0.015775149580422587
grm_tilt_y = 2.304358988603439
grm_G = 222.8251757305296
grm_apex = 17.815090935089295
d_grm_cam  = 21.60848491894214
cam_dec_x = -0.30199848821373115
cam_dec_y = 0.2503625198959823
cam_tilt_x = -0.018719548287141938
cam_tilt_y = -0.015170304616700008
d_cam_ff  = -160.40153205699843
ccd_ff_dec_x = -0.0034986029448134275
ccd_ff_dec_y = 0.0003107401342328311
ccd_ff_tilt_x = 0.14606884104373213
ccd_ff_tilt_y = -0.5720836722654089
ccd_ff_tilt_z = 0.1725690550465399
d_ff_ccd  = -4.811454521322903
ccd_dec_x = 0.6206455484078922
ccd_dec_y = 5.155283118354695
ccd_defocus = 0.31632772056732933
ccd_tilt_x = 0.007718561018050644
ccd_tilt_y = -0.014226509227395876
ccd_tilt_z = 3.1380320150551538e-06
p = 0.0001