slit_dec_x_a = -0.1704010755187174
slit_dec_y_a = -0.1956586180351446
slit_dec_x_b = 0.175
slit_dec_y_b = -1.7093635455982751e-96
slit_defocus = 0.005543237159076894
slit_tilt_x = 1.1861367310910642
slit_tilt_y = -8.539999907977597
slit_tilt_z = -8.99061867293379
d_slit_col = 1594.2946780735967
coll_tilt_x = 0.08875801252804018
coll_tilt_y = -0.03204032145844284
ech_G = 31.610676392166216
ech_blaze = -74.97694540765005
ech_gamma = 1.140209668605192
echelle_z = 0.07469333513836203
d_col_trf = -1588.0185118512466
trf_mirror_tilt_x = 0.13883402221372715
trf_mirror_tilt_y = 0.07763846011958069
d_col_grm = -0.009306694679942638
grism_dec_x = 236.4343760906937
grism_dec_y = 0.03401808111096576
grm_tilt_x = -0.015777705347989526
grm_tilt_y = 2.3043446810641752
grm_G = 222.8251746577331
grm_apex = 17.815074466752787
d_grm_cam  = 21.608494326543756
cam_dec_x = -0.30168771468906563
cam_dec_y = 0.2503326783236109
cam_tilt_x = -0.018487012817897885
cam_tilt_y = -0.015032325531747758
d_cam_ff  = -160.40211418858874
ccd_ff_dec_x = -0.0035139014697006346
ccd_ff_dec_y = 0.00025716158476927543
ccd_ff_tilt_x = 0.14597415805017416
ccd_ff_tilt_y = -0.5720763413832776
ccd_ff_tilt_z = 0.17254016435097422
d_ff_ccd  = -4.8114603646727865
ccd_dec_x = 0.6206531242093711
ccd_dec_y = 5.155285558108118
ccd_defocus = 0.31639920095933655
ccd_tilt_x = 0.007675477743107326
ccd_tilt_y = -0.014207565983285934
ccd_tilt_z = 3.100574033626778e-06
p = 0.0001