slit_dec_x_a = -0.1704010755187174
slit_dec_y_a = -0.1956586180351446
slit_dec_x_b = 0.175
slit_dec_y_b = -1.7472865443615852e-96
slit_defocus = 0.005456570017977289
slit_tilt_x = 1.1861090193282378
slit_tilt_y = -8.540115115734897
slit_tilt_z = -8.990738292692678
d_slit_col = 1594.294472839304
coll_tilt_x = 0.08856205815349474
coll_tilt_y = -0.03197129041610792
ech_G = 31.610684837219917
ech_blaze = -74.97693798432564
ech_gamma = 1.1401994461579787
echelle_z = 0.07468400670329672
d_col_trf = -1588.0185103354065
trf_mirror_tilt_x = 0.1388172444098088
trf_mirror_tilt_y = 0.0775132830564528
d_col_grm = -0.009394230256159472
grism_dec_x = 236.43421641605923
grism_dec_y = 0.034260703397913636
grm_tilt_x = -0.015770301442437157
grm_tilt_y = 2.3043449709469948
grm_G = 222.8251680866541
grm_apex = 17.81522237478825
d_grm_cam  = 21.608475856670612
cam_dec_x = -0.30219319790971916
cam_dec_y = 0.2503693189430302
cam_tilt_x = -0.019033759100868308
cam_tilt_y = -0.015152239993609899
d_cam_ff  = -160.40167657852413
ccd_ff_dec_x = -0.0035209980117486992
ccd_ff_dec_y = 0.0003519471111922041
ccd_ff_tilt_x = 0.14588449724030073
ccd_ff_tilt_y = -0.5720916207025597
ccd_ff_tilt_z = 0.1725551155575789
d_ff_ccd  = -4.811323324969549
ccd_dec_x = 0.6206490621549565
ccd_dec_y = 5.155297984364748
ccd_defocus = 0.3163453376927294
ccd_tilt_x = 0.007752310943021598
ccd_tilt_y = -0.013859744509851364
ccd_tilt_z = 3.2101059544535143e-06
p = 0.0001