slit_dec_x_a = -0.1704010755187174
slit_dec_y_a = -0.1956586180351446
slit_dec_x_b = 0.175
slit_dec_y_b = -1.7822503896069572e-96
slit_defocus = 0.005491344204880872
slit_tilt_x = 1.186169868806342
slit_tilt_y = -8.540189340076866
slit_tilt_z = -8.990742715514703
d_slit_col = 1594.2945953976184
coll_tilt_x = 0.08861361661709917
coll_tilt_y = -0.03202365160556658
ech_G = 31.61067844224683
ech_blaze = -74.97694844662084
ech_gamma = 1.140205179726629
echelle_z = 0.07468146405602101
d_col_trf = -1588.0185153251393
trf_mirror_tilt_x = 0.1388346392956533
trf_mirror_tilt_y = 0.07774691539635313
d_col_grm = -0.009501957603042064
grism_dec_x = 236.43432350276422
grism_dec_y = 0.03421254745258971
grm_tilt_x = -0.015772631786921402
grm_tilt_y = 2.304357501353715
grm_G = 222.82518160458451
grm_apex = 17.815133065731725
d_grm_cam  = 21.6084864442031
cam_dec_x = -0.3018355787627759
cam_dec_y = 0.2502952577812572
cam_tilt_x = -0.01877634971441774
cam_tilt_y = -0.015116473663298696
d_cam_ff  = -160.40072931336584
ccd_ff_dec_x = -0.0035143054236141725
ccd_ff_dec_y = 0.00024387570340803647
ccd_ff_tilt_x = 0.14593719243292502
ccd_ff_tilt_y = -0.5721018206184307
ccd_ff_tilt_z = 0.17256650440768825
d_ff_ccd  = -4.811370858492371
ccd_dec_x = 0.6206548541913568
ccd_dec_y = 5.155291434644955
ccd_defocus = 0.31642938109361235
ccd_tilt_x = 0.0076743136676874464
ccd_tilt_y = -0.014033760940312246
ccd_tilt_z = 3.1595542518852574e-06
p = 0.0001