slit_dec_x_a = -0.1704010755187174
slit_dec_y_a = -0.1956586180351446
slit_dec_x_b = 0.175
slit_dec_y_b = -1.7571269114212795e-96
slit_defocus = 0.00563097151169825
slit_tilt_x = 1.1859672630832472
slit_tilt_y = -8.540091289606602
slit_tilt_z = -8.990681831276332
d_slit_col = 1594.2945363389458
coll_tilt_x = 0.08856462484845841
coll_tilt_y = -0.032024561834770454
ech_G = 31.610666910029504
ech_blaze = -74.97693492133898
ech_gamma = 1.1401929542736695
echelle_z = 0.07468130308413126
d_col_trf = -1588.0185240824562
trf_mirror_tilt_x = 0.13872484513073458
trf_mirror_tilt_y = 0.0775890189045073
d_col_grm = -0.00951735892984962
grism_dec_x = 236.4343438908513
grism_dec_y = 0.034132500912760995
grm_tilt_x = -0.01578018444027352
grm_tilt_y = 2.3043538577494704
grm_G = 222.82519086728584
grm_apex = 17.81515887248226
d_grm_cam  = 21.608489347022118
cam_dec_x = -0.30194983167856015
cam_dec_y = 0.25028490404006404
cam_tilt_x = -0.018724250831045206
cam_tilt_y = -0.015128402499459483
d_cam_ff  = -160.40195860568195
ccd_ff_dec_x = -0.003504561474018671
ccd_ff_dec_y = 0.0002596012286278259
ccd_ff_tilt_x = 0.14594300485233505
ccd_ff_tilt_y = -0.572085175862237
ccd_ff_tilt_z = 0.17256254658846482
d_ff_ccd  = -4.81139691344571
ccd_dec_x = 0.6206666088079801
ccd_dec_y = 5.155290934878876
ccd_defocus = 0.3163189974365111
ccd_tilt_x = 0.007717405867443517
ccd_tilt_y = -0.014191458889834573
ccd_tilt_z = 3.0899922548513906e-06
p = 0.0001