slit_dec_x_a = -0.1704010755187174
slit_dec_y_a = -0.1956586180351446
slit_dec_x_b = 0.175
slit_dec_y_b = -1.9645924663339884e-96
slit_defocus = 0.005646447289337815
slit_tilt_x = 1.1860289987375943
slit_tilt_y = -8.539957423579523
slit_tilt_z = -8.99088999277536
d_slit_col = 1594.2945018427765
coll_tilt_x = 0.08864846658081567
coll_tilt_y = -0.03199025085839022
ech_G = 31.61066598127347
ech_blaze = -74.97693386408284
ech_gamma = 1.1402302759725689
echelle_z = 0.07464770222619367
d_col_trf = -1588.0185207026784
trf_mirror_tilt_x = 0.1388697513275606
trf_mirror_tilt_y = 0.07750523713187094
d_col_grm = -0.00963628511806219
grism_dec_x = 236.43430981800574
grism_dec_y = 0.03401502832465983
grm_tilt_x = -0.01577386372883721
grm_tilt_y = 2.304370041220687
grm_G = 222.8251672909438
grm_apex = 17.815118223578608
d_grm_cam  = 21.608465721610195
cam_dec_x = -0.30182828580363497
cam_dec_y = 0.2502912101508232
cam_tilt_x = -0.018598249171550847
cam_tilt_y = -0.015101857753549252
d_cam_ff  = -160.40129649403724
ccd_ff_dec_x = -0.0034849290960000134
ccd_ff_dec_y = 0.0003101591478646418
ccd_ff_tilt_x = 0.14577750099309958
ccd_ff_tilt_y = -0.5720980024838249
ccd_ff_tilt_z = 0.17257446371001395
d_ff_ccd  = -4.811414734068783
ccd_dec_x = 0.6206512808303589
ccd_dec_y = 5.155283722773469
ccd_defocus = 0.3163084139392799
ccd_tilt_x = 0.007367038885119167
ccd_tilt_y = -0.014260234335066938
ccd_tilt_z = 3.1074113084110317e-06
p = 0.0001