slit_dec_x_a = -0.1704010755187174
slit_dec_y_a = -0.1956586180351446
slit_dec_x_b = 0.175
slit_dec_y_b = -1.6485748028187534e-96
slit_defocus = 0.00555869706075221
slit_tilt_x = 1.1859720098087423
slit_tilt_y = -8.540098031470011
slit_tilt_z = -8.99092454743298
d_slit_col = 1594.294730140613
coll_tilt_x = 0.08864705418424347
coll_tilt_y = -0.03206538862952364
ech_G = 31.610666431762965
ech_blaze = -74.97692558914355
ech_gamma = 1.14021795839407
echelle_z = 0.07468560310536236
d_col_trf = -1588.0185270709549
trf_mirror_tilt_x = 0.13881981929414508
trf_mirror_tilt_y = 0.07758588432492772
d_col_grm = -0.009500476119505257
grism_dec_x = 236.4343290922802
grism_dec_y = 0.0341846331661053
grm_tilt_x = -0.01576241153224472
grm_tilt_y = 2.3043514631466464
grm_G = 222.82517288952016
grm_apex = 17.81502142921376
d_grm_cam  = 21.60848617577434
cam_dec_x = -0.3017862885468563
cam_dec_y = 0.25026689233318605
cam_tilt_x = -0.018648400515100944
cam_tilt_y = -0.015032278708399313
d_cam_ff  = -160.40102427049834
ccd_ff_dec_x = -0.0034861623619308647
ccd_ff_dec_y = 0.00043313348929999683
ccd_ff_tilt_x = 0.14606244434444263
ccd_ff_tilt_y = -0.5720840148458962
ccd_ff_tilt_z = 0.17258916213916348
d_ff_ccd  = -4.811263984641454
ccd_dec_x = 0.6206532155401951
ccd_dec_y = 5.155294410230222
ccd_defocus = 0.3162812347443444
ccd_tilt_x = 0.00751881557128459
ccd_tilt_y = -0.01411676688679976
ccd_tilt_z = 3.1129930341190353e-06
p = 0.0001