slit_dec_x_a = -0.1704010755187174
slit_dec_y_a = -0.1956586180351446
slit_dec_x_b = 0.175
slit_dec_y_b = -1.773769256202756e-96
slit_defocus = 0.005367519107707816
slit_tilt_x = 1.1859812386092816
slit_tilt_y = -8.540050470965365
slit_tilt_z = -8.990684640607888
d_slit_col = 1594.294558080634
coll_tilt_x = 0.08877764696838661
coll_tilt_y = -0.031992790953826206
ech_G = 31.610686114988575
ech_blaze = -74.97693934502257
ech_gamma = 1.1402072145681448
echelle_z = 0.0746662826506264
d_col_trf = -1588.018492335935
trf_mirror_tilt_x = 0.13891973754887474
trf_mirror_tilt_y = 0.07763712101749601
d_col_grm = -0.009403029442181368
grism_dec_x = 236.4343636533064
grism_dec_y = 0.03428304478579527
grm_tilt_x = -0.015769550559299492
grm_tilt_y = 2.3043338589695774
grm_G = 222.8251771140402
grm_apex = 17.815111837030358
d_grm_cam  = 21.608496475458313
cam_dec_x = -0.3020120718649478
cam_dec_y = 0.250497871734071
cam_tilt_x = -0.018604347543263313
cam_tilt_y = -0.015113929603612283
d_cam_ff  = -160.40055402096067
ccd_ff_dec_x = -0.0035130367728261605
ccd_ff_dec_y = 0.0005864980715067388
ccd_ff_tilt_x = 0.14615424159423082
ccd_ff_tilt_y = -0.5720958906103597
ccd_ff_tilt_z = 0.1725446401367425
d_ff_ccd  = -4.811289160768654
ccd_dec_x = 0.6206544665078222
ccd_dec_y = 5.155287823608867
ccd_defocus = 0.3163524698006991
ccd_tilt_x = 0.007851637018797116
ccd_tilt_y = -0.013914022526971138
ccd_tilt_z = 3.1397195392689546e-06
p = 0.0001