slit_dec_x_a = -0.1704010755187174
slit_dec_y_a = -0.1956586180351446
slit_dec_x_b = 0.175
slit_dec_y_b = -1.7907017707560348e-96
slit_defocus = 0.005567988701481881
slit_tilt_x = 1.1860225196779932
slit_tilt_y = -8.540083150358894
slit_tilt_z = -8.99067803159666
d_slit_col = 1594.2945245237422
coll_tilt_x = 0.08869056389712424
coll_tilt_y = -0.03192528232626488
ech_G = 31.61067592984112
ech_blaze = -74.9769570962311
ech_gamma = 1.1401990430193238
echelle_z = 0.07466794550125984
d_col_trf = -1588.0185273781663
trf_mirror_tilt_x = 0.13892196707391663
trf_mirror_tilt_y = 0.07777611052763758
d_col_grm = -0.009626460422030466
grism_dec_x = 236.43426204829245
grism_dec_y = 0.03404541395797687
grm_tilt_x = -0.015770852477788425
grm_tilt_y = 2.3043553377617205
grm_G = 222.8251674546218
grm_apex = 17.815231351899726
d_grm_cam  = 21.608480005463232
cam_dec_x = -0.30204670611197115
cam_dec_y = 0.25051784225417695
cam_tilt_x = -0.01854127501825281
cam_tilt_y = -0.01523483353444596
d_cam_ff  = -160.40116255288507
ccd_ff_dec_x = -0.003492122618359207
ccd_ff_dec_y = 0.00030103993253267815
ccd_ff_tilt_x = 0.14589651197206607
ccd_ff_tilt_y = -0.5720660164095601
ccd_ff_tilt_z = 0.17257675917502877
d_ff_ccd  = -4.8114863814510445
ccd_dec_x = 0.6206636335987439
ccd_dec_y = 5.155286779256552
ccd_defocus = 0.31661901033299616
ccd_tilt_x = 0.007682010854099339
ccd_tilt_y = -0.014095128705864796
ccd_tilt_z = 3.115034227344983e-06
p = 0.0001