slit_dec_x_a = -0.1704010755187174
slit_dec_y_a = -0.1956586180351446
slit_dec_x_b = 0.175
slit_dec_y_b = -1.7825933877373406e-96
slit_defocus = 0.005501264074700481
slit_tilt_x = 1.1861287331529882
slit_tilt_y = -8.540072656532011
slit_tilt_z = -8.990519981231706
d_slit_col = 1594.2945063303164
coll_tilt_x = 0.08864368613946738
coll_tilt_y = -0.03196060649612328
ech_G = 31.610676849526552
ech_blaze = -74.9769478467209
ech_gamma = 1.1402059440156913
echelle_z = 0.07467042510538502
d_col_trf = -1588.0185167617985
trf_mirror_tilt_x = 0.13869571058907237
trf_mirror_tilt_y = 0.07737910294992378
d_col_grm = -0.009417761089299386
grism_dec_x = 236.43441412150625
grism_dec_y = 0.034159016497214076
grm_tilt_x = -0.01575264104791366
grm_tilt_y = 2.304361427673844
grm_G = 222.82516065999187
grm_apex = 17.815028281952138
d_grm_cam  = 21.6084770050406
cam_dec_x = -0.30207614899736174
cam_dec_y = 0.25038915151258523
cam_tilt_x = -0.018666031765824133
cam_tilt_y = -0.01521399964890749
d_cam_ff  = -160.40112487210246
ccd_ff_dec_x = -0.003495158745823357
ccd_ff_dec_y = 0.0002666261864317872
ccd_ff_tilt_x = 0.1459975429933354
ccd_ff_tilt_y = -0.5720922085252984
ccd_ff_tilt_z = 0.17258201492754263
d_ff_ccd  = -4.811385445869169
ccd_dec_x = 0.6206664605097738
ccd_dec_y = 5.155298028363973
ccd_defocus = 0.3163199589004885
ccd_tilt_x = 0.007590829749133193
ccd_tilt_y = -0.014165136700901039
ccd_tilt_z = 3.1569517323573164e-06
p = 0.0001