slit_dec_x_a = -0.1704010755187174
slit_dec_y_a = -0.1956586180351446
slit_dec_x_b = 0.175
slit_dec_y_b = -1.6889081988761377e-96
slit_defocus = 0.005573994191679752
slit_tilt_x = 1.1861362116736949
slit_tilt_y = -8.540182081311547
slit_tilt_z = -8.990847076088489
d_slit_col = 1594.294588573406
coll_tilt_x = 0.08864455439134478
coll_tilt_y = -0.032037656102363254
ech_G = 31.610680763295683
ech_blaze = -74.97694068866033
ech_gamma = 1.1402013871398085
echelle_z = 0.07466226628011137
d_col_trf = -1588.0184990306439
trf_mirror_tilt_x = 0.13892906877483496
trf_mirror_tilt_y = 0.07769444205675549
d_col_grm = -0.00946192147012514
grism_dec_x = 236.43431594929646
grism_dec_y = 0.03425485782993151
grm_tilt_x = -0.01578206536130775
grm_tilt_y = 2.304347207832548
grm_G = 222.8251559702555
grm_apex = 17.81514029279872
d_grm_cam  = 21.60848679894544
cam_dec_x = -0.3019830858372302
cam_dec_y = 0.25044272162936887
cam_tilt_x = -0.01881508172724864
cam_tilt_y = -0.01506912835145395
d_cam_ff  = -160.40100432772158
ccd_ff_dec_x = -0.003513429333825643
ccd_ff_dec_y = 0.00026817126825444404
ccd_ff_tilt_x = 0.14589377202655124
ccd_ff_tilt_y = -0.572095970913444
ccd_ff_tilt_z = 0.17256159168220234
d_ff_ccd  = -4.811471906894328
ccd_dec_x = 0.6206600495174588
ccd_dec_y = 5.15528925919983
ccd_defocus = 0.31626708732690534
ccd_tilt_x = 0.0076695733901078166
ccd_tilt_y = -0.014144158253165263
ccd_tilt_z = 3.215028748616709e-06
p = 0.0001