slit_dec_x_a = -0.1704010755187174
slit_dec_y_a = -0.1956586180351446
slit_dec_x_b = 0.175
slit_dec_y_b = -1.8161111675916523e-96
slit_defocus = 0.005711418560557667
slit_tilt_x = 1.1861050268851716
slit_tilt_y = -8.540052193842333
slit_tilt_z = -8.990635953997252
d_slit_col = 1594.294459060121
coll_tilt_x = 0.08866554196483686
coll_tilt_y = -0.03195977124865933
ech_G = 31.610675718348542
ech_blaze = -74.97692965146732
ech_gamma = 1.140201432723841
echelle_z = 0.07468048988219604
d_col_trf = -1588.0185089585352
trf_mirror_tilt_x = 0.13884061138739628
trf_mirror_tilt_y = 0.07765140161246697
d_col_grm = -0.009458863260617678
grism_dec_x = 236.43421148486036
grism_dec_y = 0.034199746829965134
grm_tilt_x = -0.01576827227614113
grm_tilt_y = 2.3043569685872294
grm_G = 222.8251778058124
grm_apex = 17.815212948815255
d_grm_cam  = 21.60847922933461
cam_dec_x = -0.30177874895603113
cam_dec_y = 0.25034682785648643
cam_tilt_x = -0.018634874280161008
cam_tilt_y = -0.01513175196976121
d_cam_ff  = -160.40155843479846
ccd_ff_dec_x = -0.003511074700223163
ccd_ff_dec_y = 0.00018838233942409927
ccd_ff_tilt_x = 0.14602798702384473
ccd_ff_tilt_y = -0.5720920949106246
ccd_ff_tilt_z = 0.17256945557971504
d_ff_ccd  = -4.811556654250145
ccd_dec_x = 0.620661491879446
ccd_dec_y = 5.15527810422221
ccd_defocus = 0.31632743719872236
ccd_tilt_x = 0.007630230559000437
ccd_tilt_y = -0.014213252284959933
ccd_tilt_z = 3.1306188017432723e-06
p = 0.0001