slit_dec_x_a = -0.1704010755187174
slit_dec_y_a = -0.1956586180351446
slit_dec_x_b = 0.175
slit_dec_y_b = -1.7189294491426379e-96
slit_defocus = 0.005494865227926611
slit_tilt_x = 1.1858065677827283
slit_tilt_y = -8.540028021916198
slit_tilt_z = -8.99074710141239
d_slit_col = 1594.294574996335
coll_tilt_x = 0.08864465441201967
coll_tilt_y = -0.03198660213240068
ech_G = 31.610676156008722
ech_blaze = -74.97694199179637
ech_gamma = 1.1401905611990264
echelle_z = 0.07466801811199257
d_col_trf = -1588.0185077844985
trf_mirror_tilt_x = 0.13859822360108143
trf_mirror_tilt_y = 0.07761084260657211
d_col_grm = -0.009613896427072008
grism_dec_x = 236.43418947574236
grism_dec_y = 0.034210684219984334
grm_tilt_x = -0.01577651424138505
grm_tilt_y = 2.304358844400619
grm_G = 222.82516767859315
grm_apex = 17.815199115833458
d_grm_cam  = 21.608491795561495
cam_dec_x = -0.3020119656567012
cam_dec_y = 0.25027494658455446
cam_tilt_x = -0.018656192185633955
cam_tilt_y = -0.015141648115852505
d_cam_ff  = -160.40177400833159
ccd_ff_dec_x = -0.0034988146649752895
ccd_ff_dec_y = 0.00024030919790222593
ccd_ff_tilt_x = 0.1459979624932076
ccd_ff_tilt_y = -0.5720841884585579
ccd_ff_tilt_z = 0.1725595248095439
d_ff_ccd  = -4.81155252689908
ccd_dec_x = 0.6206608819337786
ccd_dec_y = 5.155278199402668
ccd_defocus = 0.31639189401138873
ccd_tilt_x = 0.007691405538819183
ccd_tilt_y = -0.014026114231641225
ccd_tilt_z = 3.149802005920242e-06
p = 0.0001