slit_dec_x_a = -0.1704010755187174
slit_dec_y_a = -0.1956586180351446
slit_dec_x_b = 0.175
slit_dec_y_b = -1.643948266027119e-96
slit_defocus = 0.005565177601628463
slit_tilt_x = 1.1861515231145885
slit_tilt_y = -8.540090315674929
slit_tilt_z = -8.990831538076506
d_slit_col = 1594.2946039068472
coll_tilt_x = 0.08858909322884755
coll_tilt_y = -0.032059842329157325
ech_G = 31.610670336309706
ech_blaze = -74.97694018627855
ech_gamma = 1.1401924955062503
echelle_z = 0.07468300063718737
d_col_trf = -1588.0185199101436
trf_mirror_tilt_x = 0.13883125224924875
trf_mirror_tilt_y = 0.0774977460734454
d_col_grm = -0.009560117632692737
grism_dec_x = 236.43437415232302
grism_dec_y = 0.03421632285757049
grm_tilt_x = -0.015781824923024566
grm_tilt_y = 2.3043496384892457
grm_G = 222.8251696111837
grm_apex = 17.814952390518773
d_grm_cam  = 21.608480254395367
cam_dec_x = -0.30186528638421206
cam_dec_y = 0.25029251265517066
cam_tilt_x = -0.018670291489819545
cam_tilt_y = -0.015086407628091035
d_cam_ff  = -160.4009203195845
ccd_ff_dec_x = -0.003505624688216696
ccd_ff_dec_y = 0.00015335084851571495
ccd_ff_tilt_x = 0.14605007346397195
ccd_ff_tilt_y = -0.5720788612029161
ccd_ff_tilt_z = 0.17256366822094968
d_ff_ccd  = -4.811423149849642
ccd_dec_x = 0.6206635722831714
ccd_dec_y = 5.15529234231648
ccd_defocus = 0.31632319584733715
ccd_tilt_x = 0.007779258643661773
ccd_tilt_y = -0.013972286857314817
ccd_tilt_z = 3.229031635794983e-06
p = 0.0001