slit_dec_x_a = -0.1704010755187174
slit_dec_y_a = -0.1956586180351446
slit_dec_x_b = 0.175
slit_dec_y_b = -1.615227010129354e-96
slit_defocus = 0.0056494723832106195
slit_tilt_x = 1.185929291306639
slit_tilt_y = -8.540081595136673
slit_tilt_z = -8.990641968063109
d_slit_col = 1594.2946199428113
coll_tilt_x = 0.08853349724681868
coll_tilt_y = -0.03201867273116881
ech_G = 31.610674929885604
ech_blaze = -74.97693703948785
ech_gamma = 1.1401992002715378
echelle_z = 0.07466806350885145
d_col_trf = -1588.0185282801795
trf_mirror_tilt_x = 0.1388685896350957
trf_mirror_tilt_y = 0.07768616782077885
d_col_grm = -0.009440542789079366
grism_dec_x = 236.43431661228357
grism_dec_y = 0.034103097654422376
grm_tilt_x = -0.015757777563362958
grm_tilt_y = 2.304366720826179
grm_G = 222.825169502432
grm_apex = 17.81515657645454
d_grm_cam  = 21.608474126876622
cam_dec_x = -0.3020022970886375
cam_dec_y = 0.25046207668978543
cam_tilt_x = -0.018958515812685615
cam_tilt_y = -0.015151092138208849
d_cam_ff  = -160.4013916417217
ccd_ff_dec_x = -0.0035096800442382106
ccd_ff_dec_y = 0.0002748575792697873
ccd_ff_tilt_x = 0.146036572920262
ccd_ff_tilt_y = -0.5720928672932382
ccd_ff_tilt_z = 0.17255319267290667
d_ff_ccd  = -4.811281295807908
ccd_dec_x = 0.6206763370091442
ccd_dec_y = 5.155281597215924
ccd_defocus = 0.316337407977623
ccd_tilt_x = 0.007798536806315908
ccd_tilt_y = -0.014188632660515671
ccd_tilt_z = 3.229931555044197e-06
p = 0.0001