slit_dec_x_a = -0.1704010755187174
slit_dec_y_a = -0.1956586180351446
slit_dec_x_b = 0.175
slit_dec_y_b = -1.8713324547356885e-96
slit_defocus = 0.005451839316316595
slit_tilt_x = 1.1860154685806663
slit_tilt_y = -8.540112338110196
slit_tilt_z = -8.990592842581574
d_slit_col = 1594.2946433659747
coll_tilt_x = 0.08872563392107562
coll_tilt_y = -0.03199730284827822
ech_G = 31.6106850786143
ech_blaze = -74.97693858449556
ech_gamma = 1.140213318981753
echelle_z = 0.07467784039635135
d_col_trf = -1588.0185060386268
trf_mirror_tilt_x = 0.13911660962248343
trf_mirror_tilt_y = 0.07760080800515425
d_col_grm = -0.009490354385284538
grism_dec_x = 236.43429375964055
grism_dec_y = 0.034099430619080946
grm_tilt_x = -0.015789074825248404
grm_tilt_y = 2.3043593556814925
grm_G = 222.82517825733476
grm_apex = 17.815114130706732
d_grm_cam  = 21.60847857829958
cam_dec_x = -0.30194828795467815
cam_dec_y = 0.2502546394072564
cam_tilt_x = -0.018658597310515165
cam_tilt_y = -0.015146706184542343
d_cam_ff  = -160.40164029830873
ccd_ff_dec_x = -0.0035130880224714866
ccd_ff_dec_y = 0.0005062796049723793
ccd_ff_tilt_x = 0.14596924497079286
ccd_ff_tilt_y = -0.5720942899774725
ccd_ff_tilt_z = 0.17255332482632543
d_ff_ccd  = -4.811490654905537
ccd_dec_x = 0.6206639183068836
ccd_dec_y = 5.1552915708238976
ccd_defocus = 0.31640360168165693
ccd_tilt_x = 0.00775198688724234
ccd_tilt_y = -0.01419300248587621
ccd_tilt_z = 3.2368114454273052e-06
p = 0.0001