slit_dec_x_a = -0.1704010755187174
slit_dec_y_a = -0.1956586180351446
slit_dec_x_b = 0.175
slit_dec_y_b = -1.822847101640327e-96
slit_defocus = 0.005596346124844063
slit_tilt_x = 1.1859843246407082
slit_tilt_y = -8.540006391467273
slit_tilt_z = -8.99059356127507
d_slit_col = 1594.29457582837
coll_tilt_x = 0.08866463286048487
coll_tilt_y = -0.03201299855439111
ech_G = 31.61067659621601
ech_blaze = -74.97694742323242
ech_gamma = 1.140226749705104
echelle_z = 0.07467322348028542
d_col_trf = -1588.0185152980905
trf_mirror_tilt_x = 0.13863489891717484
trf_mirror_tilt_y = 0.07743766532383697
d_col_grm = -0.009486908753354943
grism_dec_x = 236.43420563023867
grism_dec_y = 0.03421029820257969
grm_tilt_x = -0.01575686688883894
grm_tilt_y = 2.304362537540892
grm_G = 222.82519420688368
grm_apex = 17.815085154610728
d_grm_cam  = 21.608493118246738
cam_dec_x = -0.3018630680140069
cam_dec_y = 0.2503445149770806
cam_tilt_x = -0.018656362623208977
cam_tilt_y = -0.015068634115421347
d_cam_ff  = -160.40145173179815
ccd_ff_dec_x = -0.0034945274298786386
ccd_ff_dec_y = 0.000312155112318269
ccd_ff_tilt_x = 0.1459462279328698
ccd_ff_tilt_y = -0.5720976985420535
ccd_ff_tilt_z = 0.1725587612108583
d_ff_ccd  = -4.811324624689079
ccd_dec_x = 0.6206538345468369
ccd_dec_y = 5.155286045677624
ccd_defocus = 0.3164465737094493
ccd_tilt_x = 0.0076715504127238005
ccd_tilt_y = -0.014042769134305584
ccd_tilt_z = 3.160520105015709e-06
p = 0.0001