slit_dec_x_a = -0.1704010755187174
slit_dec_y_a = -0.1956586180351446
slit_dec_x_b = 0.175
slit_dec_y_b = -1.8597670796976094e-96
slit_defocus = 0.00550546547931783
slit_tilt_x = 1.1862194825464942
slit_tilt_y = -8.540089848494514
slit_tilt_z = -8.990718725770789
d_slit_col = 1594.294645187635
coll_tilt_x = 0.08860402132125068
coll_tilt_y = -0.03199857423719981
ech_G = 31.61067313232739
ech_blaze = -74.97693300517913
ech_gamma = 1.1402075124724966
echelle_z = 0.07467725578441378
d_col_trf = -1588.0185163740628
trf_mirror_tilt_x = 0.13882328592830312
trf_mirror_tilt_y = 0.07769246789929134
d_col_grm = -0.009454141700672526
grism_dec_x = 236.43414259226844
grism_dec_y = 0.034211262244733524
grm_tilt_x = -0.01577670290632981
grm_tilt_y = 2.304354135543936
grm_G = 222.82516653712827
grm_apex = 17.815199499074748
d_grm_cam  = 21.608490698241482
cam_dec_x = -0.30189058991448176
cam_dec_y = 0.25034777915256745
cam_tilt_x = -0.01874433561601034
cam_tilt_y = -0.015145421023829255
d_cam_ff  = -160.40068254736923
ccd_ff_dec_x = -0.003506141582207555
ccd_ff_dec_y = 0.00012738178626661633
ccd_ff_tilt_x = 0.14602260358634933
ccd_ff_tilt_y = -0.5720925404968041
ccd_ff_tilt_z = 0.1725608755255036
d_ff_ccd  = -4.811407787993748
ccd_dec_x = 0.6206522618800911
ccd_dec_y = 5.155288316555199
ccd_defocus = 0.31632996164013316
ccd_tilt_x = 0.007723686589586448
ccd_tilt_y = -0.01403836623790714
ccd_tilt_z = 3.1618815300358937e-06
p = 0.0001