slit_dec_x_a = -0.1704010755187174
slit_dec_y_a = -0.1956586180351446
slit_dec_x_b = 0.175
slit_dec_y_b = -1.7163456485209643e-96
slit_defocus = 0.005519728212416936
slit_tilt_x = 1.1859793506563632
slit_tilt_y = -8.540046493603427
slit_tilt_z = -8.990595752746275
d_slit_col = 1594.294653390901
coll_tilt_x = 0.08859054142252208
coll_tilt_y = -0.032107705151097475
ech_G = 31.610670878796455
ech_blaze = -74.9769434463956
ech_gamma = 1.1402143799898192
echelle_z = 0.0746710670924717
d_col_trf = -1588.0185180372353
trf_mirror_tilt_x = 0.13864620080551832
trf_mirror_tilt_y = 0.07754391403232674
d_col_grm = -0.009536995668144926
grism_dec_x = 236.4342994058995
grism_dec_y = 0.03413489045138269
grm_tilt_x = -0.015762451816853155
grm_tilt_y = 2.3043768241292977
grm_G = 222.8251766825837
grm_apex = 17.815002931560844
d_grm_cam  = 21.608485798382183
cam_dec_x = -0.3017483260274307
cam_dec_y = 0.25038112287115005
cam_tilt_x = -0.018820955868521286
cam_tilt_y = -0.01503731286136171
d_cam_ff  = -160.40171838634265
ccd_ff_dec_x = -0.003496990450513136
ccd_ff_dec_y = 0.0004372926664507178
ccd_ff_tilt_x = 0.1460386461043134
ccd_ff_tilt_y = -0.5720867755330845
ccd_ff_tilt_z = 0.17255734698045846
d_ff_ccd  = -4.811440161873516
ccd_dec_x = 0.6206571298204799
ccd_dec_y = 5.1552942683819705
ccd_defocus = 0.31640809414077836
ccd_tilt_x = 0.007529956580591167
ccd_tilt_y = -0.014098336473821886
ccd_tilt_z = 3.197096574020963e-06
p = 0.0001