slit_dec_x_a = -0.1704010755187174
slit_dec_y_a = -0.1956586180351446
slit_dec_x_b = 0.175
slit_dec_y_b = -1.730156892938723e-96
slit_defocus = 0.005520323507280786
slit_tilt_x = 1.1859101733341497
slit_tilt_y = -8.540015617313644
slit_tilt_z = -8.990685391374495
d_slit_col = 1594.2945245191484
coll_tilt_x = 0.08864497537882388
coll_tilt_y = -0.03198596359295023
ech_G = 31.610675602609838
ech_blaze = -74.97693864017386
ech_gamma = 1.1402166700431948
echelle_z = 0.0746835214036869
d_col_trf = -1588.018520411545
trf_mirror_tilt_x = 0.1390279970709332
trf_mirror_tilt_y = 0.07758636641464722
d_col_grm = -0.00961733814507084
grism_dec_x = 236.43425334072785
grism_dec_y = 0.03409486104450274
grm_tilt_x = -0.01575454474955189
grm_tilt_y = 2.304374830287147
grm_G = 222.8251667857158
grm_apex = 17.81517571421276
d_grm_cam  = 21.60849485095541
cam_dec_x = -0.3018227359989725
cam_dec_y = 0.25048701422384867
cam_tilt_x = -0.01868997681762637
cam_tilt_y = -0.015106518211542738
d_cam_ff  = -160.40125749760776
ccd_ff_dec_x = -0.0035060866319607986
ccd_ff_dec_y = 0.0003572979728882932
ccd_ff_tilt_x = 0.14618411816534993
ccd_ff_tilt_y = -0.5720782865975033
ccd_ff_tilt_z = 0.17255152938236673
d_ff_ccd  = -4.811338407370715
ccd_dec_x = 0.6206623050451301
ccd_dec_y = 5.155291492477176
ccd_defocus = 0.31646794955652335
ccd_tilt_x = 0.007647936360518592
ccd_tilt_y = -0.014098275477301274
ccd_tilt_z = 3.205531784165778e-06
p = 0.0001