slit_dec_x_a = -0.1704010755187174
slit_dec_y_a = -0.1956586180351446
slit_dec_x_b = 0.175
slit_dec_y_b = -1.6169676834068182e-96
slit_defocus = 0.005555685015864899
slit_tilt_x = 1.186039983790641
slit_tilt_y = -8.540059879597564
slit_tilt_z = -8.990768351195799
d_slit_col = 1594.294657562821
coll_tilt_x = 0.08854096443287304
coll_tilt_y = -0.03200400222748548
ech_G = 31.61067142052053
ech_blaze = -74.97695406919127
ech_gamma = 1.1402116707429797
echelle_z = 0.07466342268093197
d_col_trf = -1588.018528108623
trf_mirror_tilt_x = 0.13892059415894692
trf_mirror_tilt_y = 0.07772287501153655
d_col_grm = -0.009514737526775362
grism_dec_x = 236.43426719415098
grism_dec_y = 0.034123363444554036
grm_tilt_x = -0.015771531840782168
grm_tilt_y = 2.3043629059376185
grm_G = 222.82518474984136
grm_apex = 17.815238394789354
d_grm_cam  = 21.608475469517106
cam_dec_x = -0.30185054320738763
cam_dec_y = 0.2504032214206795
cam_tilt_x = -0.01884719804454635
cam_tilt_y = -0.01509646382308082
d_cam_ff  = -160.4015103802371
ccd_ff_dec_x = -0.0034994096989816492
ccd_ff_dec_y = 0.0002067731467898473
ccd_ff_tilt_x = 0.1459555336624302
ccd_ff_tilt_y = -0.5721029578091483
ccd_ff_tilt_z = 0.1725651558555442
d_ff_ccd  = -4.811321864702451
ccd_dec_x = 0.6206594288374384
ccd_dec_y = 5.155272597570554
ccd_defocus = 0.31637575826653797
ccd_tilt_x = 0.007680693792251512
ccd_tilt_y = -0.014167552891969509
ccd_tilt_z = 3.188504357833889e-06
p = 0.0001