slit_dec_x_a = -0.1704010755187174
slit_dec_y_a = -0.1956586180351446
slit_dec_x_b = 0.175
slit_dec_y_b = -1.841292449911554e-96
slit_defocus = 0.005595607586934604
slit_tilt_x = 1.1860741797562053
slit_tilt_y = -8.540098031787892
slit_tilt_z = -8.99087090000412
d_slit_col = 1594.2945349019856
coll_tilt_x = 0.08863021184176635
coll_tilt_y = -0.03200137676251541
ech_G = 31.61067030696477
ech_blaze = -74.9769438345724
ech_gamma = 1.1401904873317406
echelle_z = 0.07465928722918946
d_col_trf = -1588.0185217787605
trf_mirror_tilt_x = 0.13884793220068717
trf_mirror_tilt_y = 0.07740994955466446
d_col_grm = -0.00949673411387068
grism_dec_x = 236.4343604109586
grism_dec_y = 0.03412541904021231
grm_tilt_x = -0.01576910780393924
grm_tilt_y = 2.304357753365573
grm_G = 222.8251586647452
grm_apex = 17.815047479510362
d_grm_cam  = 21.608501099865162
cam_dec_x = -0.30197820980596113
cam_dec_y = 0.2504729132705352
cam_tilt_x = -0.01863723681913739
cam_tilt_y = -0.015193555662529867
d_cam_ff  = -160.40124060085037
ccd_ff_dec_x = -0.003492145037722128
ccd_ff_dec_y = 0.00016457872132584088
ccd_ff_tilt_x = 0.14591527137194102
ccd_ff_tilt_y = -0.5720901897486074
ccd_ff_tilt_z = 0.17258246136917518
d_ff_ccd  = -4.811491756455852
ccd_dec_x = 0.6206732939746232
ccd_dec_y = 5.15528705973324
ccd_defocus = 0.3164265094273628
ccd_tilt_x = 0.0077159058423728446
ccd_tilt_y = -0.014259112056200894
ccd_tilt_z = 3.2039800475457373e-06
p = 0.0001