slit_dec_x_a = -0.1704010755187174
slit_dec_y_a = -0.1956586180351446
slit_dec_x_b = 0.175
slit_dec_y_b = -1.8036350004998464e-96
slit_defocus = 0.005407177365178186
slit_tilt_x = 1.1859947920887401
slit_tilt_y = -8.539960947262271
slit_tilt_z = -8.99065142545397
d_slit_col = 1594.2945381415557
coll_tilt_x = 0.08863083142354032
coll_tilt_y = -0.031951191185402704
ech_G = 31.61066444282427
ech_blaze = -74.97694064794992
ech_gamma = 1.1402090608040052
echelle_z = 0.07466888943351833
d_col_trf = -1588.0185196170107
trf_mirror_tilt_x = 0.13888061645873553
trf_mirror_tilt_y = 0.0776601524894645
d_col_grm = -0.009482900967912813
grism_dec_x = 236.43420014379626
grism_dec_y = 0.03418749414438908
grm_tilt_x = -0.015774037133688294
grm_tilt_y = 2.3043505271410702
grm_G = 222.825176757803
grm_apex = 17.815151107845896
d_grm_cam  = 21.608499557847487
cam_dec_x = -0.3020547085734567
cam_dec_y = 0.2503347206235759
cam_tilt_x = -0.018583655212994668
cam_tilt_y = -0.015182735297568894
d_cam_ff  = -160.40098989852453
ccd_ff_dec_x = -0.0034950967851433558
ccd_ff_dec_y = 0.0002592834883620744
ccd_ff_tilt_x = 0.14604238781492104
ccd_ff_tilt_y = -0.5720752204671435
ccd_ff_tilt_z = 0.1725638747945389
d_ff_ccd  = -4.8113102804277865
ccd_dec_x = 0.6206648866900064
ccd_dec_y = 5.155288352806081
ccd_defocus = 0.31636242203161624
ccd_tilt_x = 0.007774224804694757
ccd_tilt_y = -0.014073315575848677
ccd_tilt_z = 3.1321260652731627e-06
p = 0.0001