slit_dec_x_a = -0.1704010755187174
slit_dec_y_a = -0.1956586180351446
slit_dec_x_b = 0.175
slit_dec_y_b = -1.8021488390886443e-96
slit_defocus = 0.0055495422213188575
slit_tilt_x = 1.185981610789484
slit_tilt_y = -8.54007805189048
slit_tilt_z = -8.990919225578997
d_slit_col = 1594.2945384277855
coll_tilt_x = 0.0887096359729182
coll_tilt_y = -0.0319618677741755
ech_G = 31.610670564756226
ech_blaze = -74.97692825632203
ech_gamma = 1.1401938206032918
echelle_z = 0.0746663434656479
d_col_trf = -1588.018516920713
trf_mirror_tilt_x = 0.13867676049323227
trf_mirror_tilt_y = 0.07765830671706164
d_col_grm = -0.00954014155455534
grism_dec_x = 236.43439779853978
grism_dec_y = 0.03407176120630009
grm_tilt_x = -0.015780169043928104
grm_tilt_y = 2.3043419912560896
grm_G = 222.82516136670705
grm_apex = 17.815023580125253
d_grm_cam  = 21.60849653350305
cam_dec_x = -0.3020741718798624
cam_dec_y = 0.25041222860746715
cam_tilt_x = -0.018500402550090528
cam_tilt_y = -0.015258577254965851
d_cam_ff  = -160.40100428176092
ccd_ff_dec_x = -0.003494072982041191
ccd_ff_dec_y = 0.00023553921863160227
ccd_ff_tilt_x = 0.1460307699297681
ccd_ff_tilt_y = -0.57209888144307
ccd_ff_tilt_z = 0.17255458186421108
d_ff_ccd  = -4.811401580718777
ccd_dec_x = 0.6206563607022951
ccd_dec_y = 5.155279719035202
ccd_defocus = 0.3162599398336515
ccd_tilt_x = 0.0076453271849704595
ccd_tilt_y = -0.013908039332256573
ccd_tilt_z = 3.1202163699986927e-06
p = 0.0001