slit_dec_x_a = -0.1704010755187174
slit_dec_y_a = -0.1956586180351446
slit_dec_x_b = 0.175
slit_dec_y_b = -1.777681772416964e-96
slit_defocus = 0.00559887641588203
slit_tilt_x = 1.1862182977569287
slit_tilt_y = -8.540237520764899
slit_tilt_z = -8.99088277770509
d_slit_col = 1594.2945823523553
coll_tilt_x = 0.0885989826097863
coll_tilt_y = -0.03199222860285188
ech_G = 31.610686336903267
ech_blaze = -74.97694629971272
ech_gamma = 1.1401901375101262
echelle_z = 0.07466615090254845
d_col_trf = -1588.01852250622
trf_mirror_tilt_x = 0.13873280961619816
trf_mirror_tilt_y = 0.07759254605644249
d_col_grm = -0.009546849289587562
grism_dec_x = 236.43441221928865
grism_dec_y = 0.03410724090869315
grm_tilt_x = -0.015778613035178912
grm_tilt_y = 2.3043698590583497
grm_G = 222.8251771692315
grm_apex = 17.81503365022209
d_grm_cam  = 21.60848123154294
cam_dec_x = -0.3019481790323231
cam_dec_y = 0.25034938215475466
cam_tilt_x = -0.018829520175981777
cam_tilt_y = -0.01513813297099303
d_cam_ff  = -160.40151685535486
ccd_ff_dec_x = -0.0035006734734741966
ccd_ff_dec_y = 0.0002921276818776292
ccd_ff_tilt_x = 0.14587661589967782
ccd_ff_tilt_y = -0.5720771454228254
ccd_ff_tilt_z = 0.17255451711924488
d_ff_ccd  = -4.811378920969469
ccd_dec_x = 0.6206438480628713
ccd_dec_y = 5.155287408574878
ccd_defocus = 0.31639354345312826
ccd_tilt_x = 0.0075668802294988095
ccd_tilt_y = -0.014024724759347459
ccd_tilt_z = 3.1203628461834427e-06
p = 0.0001