slit_dec_x_a = -0.1704010755187174
slit_dec_y_a = -0.1956586180351446
slit_dec_x_b = 0.175
slit_dec_y_b = -1.7327676838203435e-96
slit_defocus = 0.005555063207553717
slit_tilt_x = 1.1861455830958991
slit_tilt_y = -8.540162041419785
slit_tilt_z = -8.990740870898346
d_slit_col = 1594.2945007511173
coll_tilt_x = 0.08853619470405892
coll_tilt_y = -0.03200515849952769
ech_G = 31.610668396561703
ech_blaze = -74.97694536069963
ech_gamma = 1.1402098852028772
echelle_z = 0.07468146452431465
d_col_trf = -1588.0185147393477
trf_mirror_tilt_x = 0.1386744392188178
trf_mirror_tilt_y = 0.07760463126504216
d_col_grm = -0.009460614812203071
grism_dec_x = 236.43427452737762
grism_dec_y = 0.034111333832277
grm_tilt_x = -0.01575676587423482
grm_tilt_y = 2.304358948602255
grm_G = 222.8251863562511
grm_apex = 17.815067687975407
d_grm_cam  = 21.608485834587707
cam_dec_x = -0.3018687076584037
cam_dec_y = 0.25038653999037275
cam_tilt_x = -0.018820666784237355
cam_tilt_y = -0.015176504419815731
d_cam_ff  = -160.40134896138215
ccd_ff_dec_x = -0.003510270457366815
ccd_ff_dec_y = 0.00038231631943056604
ccd_ff_tilt_x = 0.1460118724142429
ccd_ff_tilt_y = -0.5720862255083504
ccd_ff_tilt_z = 0.17257212137536146
d_ff_ccd  = -4.811446356264742
ccd_dec_x = 0.6206586309649287
ccd_dec_y = 5.155277751529344
ccd_defocus = 0.3164199428887839
ccd_tilt_x = 0.0076841883558630645
ccd_tilt_y = -0.014071215681152422
ccd_tilt_z = 3.1542799943071516e-06
p = 0.0001