slit_dec_x_a = -0.1704010755187174
slit_dec_y_a = -0.1956586180351446
slit_dec_x_b = 0.175
slit_dec_y_b = -1.6823278582184322e-96
slit_defocus = 0.005489571967516191
slit_tilt_x = 1.1861663242295222
slit_tilt_y = -8.540050165688172
slit_tilt_z = -8.990765499876746
d_slit_col = 1594.2945061305368
coll_tilt_x = 0.08864920947980097
coll_tilt_y = -0.031972061642833685
ech_G = 31.61067330491134
ech_blaze = -74.97693967403593
ech_gamma = 1.1401994964137114
echelle_z = 0.07467120499631782
d_col_trf = -1588.0185280036144
trf_mirror_tilt_x = 0.138684184359512
trf_mirror_tilt_y = 0.07759709303921682
d_col_grm = -0.009563246799939432
grism_dec_x = 236.4343903952549
grism_dec_y = 0.034245925126982685
grm_tilt_x = -0.015782742734879708
grm_tilt_y = 2.304348902143994
grm_G = 222.82519851382972
grm_apex = 17.815143453394555
d_grm_cam  = 21.60848660665516
cam_dec_x = -0.30189793956494765
cam_dec_y = 0.25033426296729105
cam_tilt_x = -0.018596510342561576
cam_tilt_y = -0.015143132104545808
d_cam_ff  = -160.4012848325201
ccd_ff_dec_x = -0.0035021466667013723
ccd_ff_dec_y = 7.96043063890609e-05
ccd_ff_tilt_x = 0.14597718067482252
ccd_ff_tilt_y = -0.5720846242534704
ccd_ff_tilt_z = 0.17256680459821713
d_ff_ccd  = -4.811115197748573
ccd_dec_x = 0.6206556336256474
ccd_dec_y = 5.155284742582476
ccd_defocus = 0.3163782354118502
ccd_tilt_x = 0.007939419116942133
ccd_tilt_y = -0.014114800074860125
ccd_tilt_z = 3.0881989862275667e-06
p = 0.0001