slit_dec_x_a = -0.1704010755187174
slit_dec_y_a = -0.1956586180351446
slit_dec_x_b = 0.175
slit_dec_y_b = -1.8003728763451877e-96
slit_defocus = 0.00554014143743256
slit_tilt_x = 1.1863261488943633
slit_tilt_y = -8.540087073198862
slit_tilt_z = -8.990650901357176
d_slit_col = 1594.2946549406076
coll_tilt_x = 0.08849574957245648
coll_tilt_y = -0.03196260363172978
ech_G = 31.610673660244224
ech_blaze = -74.97693921401967
ech_gamma = 1.1402016158832038
echelle_z = 0.07467495968684254
d_col_trf = -1588.0185088282471
trf_mirror_tilt_x = 0.13892743647160652
trf_mirror_tilt_y = 0.07751719740260064
d_col_grm = -0.009287641612082915
grism_dec_x = 236.43425891869754
grism_dec_y = 0.03409002670436711
grm_tilt_x = -0.0157537727417593
grm_tilt_y = 2.3043699452829416
grm_G = 222.82516959811656
grm_apex = 17.81517439426034
d_grm_cam  = 21.60845539636915
cam_dec_x = -0.3019513924207514
cam_dec_y = 0.25035796648837816
cam_tilt_x = -0.01903883765793378
cam_tilt_y = -0.01520436917169821
d_cam_ff  = -160.4011563379246
ccd_ff_dec_x = -0.0035070032903995025
ccd_ff_dec_y = 0.00018614944471329777
ccd_ff_tilt_x = 0.14586704219061933
ccd_ff_tilt_y = -0.5720803925104411
ccd_ff_tilt_z = 0.1725671606986315
d_ff_ccd  = -4.811305696305475
ccd_dec_x = 0.6206608688891457
ccd_dec_y = 5.155272729556629
ccd_defocus = 0.31642085110516516
ccd_tilt_x = 0.007766852953210156
ccd_tilt_y = -0.01427538608619776
ccd_tilt_z = 3.2228228399188514e-06
p = 0.0001