slit_dec_x_a = -0.1704010755187174
slit_dec_y_a = -0.1956586180351446
slit_dec_x_b = 0.175
slit_dec_y_b = -1.6951031938307056e-96
slit_defocus = 0.005515183548472877
slit_tilt_x = 1.1860651280013976
slit_tilt_y = -8.540089836461084
slit_tilt_z = -8.990792648601907
d_slit_col = 1594.2945973679152
coll_tilt_x = 0.08859034841686671
coll_tilt_y = -0.03203698762231847
ech_G = 31.610678446299094
ech_blaze = -74.97693806143117
ech_gamma = 1.1401930770262465
echelle_z = 0.07468277041246217
d_col_trf = -1588.0185196552459
trf_mirror_tilt_x = 0.1388407861696537
trf_mirror_tilt_y = 0.07763101534293217
d_col_grm = -0.009545833728331704
grism_dec_x = 236.4342251485585
grism_dec_y = 0.034179644901761
grm_tilt_x = -0.015779700947750556
grm_tilt_y = 2.304355322977928
grm_G = 222.8251714609201
grm_apex = 17.81504350087313
d_grm_cam  = 21.608488315404358
cam_dec_x = -0.30193659226198616
cam_dec_y = 0.2502953443916337
cam_tilt_x = -0.0188715492046672
cam_tilt_y = -0.01518169477641125
d_cam_ff  = -160.40139310623422
ccd_ff_dec_x = -0.003508667590204169
ccd_ff_dec_y = 0.0002737346386257363
ccd_ff_tilt_x = 0.14595734951173905
ccd_ff_tilt_y = -0.5720841500393168
ccd_ff_tilt_z = 0.17256651169650158
d_ff_ccd  = -4.811431040775677
ccd_dec_x = 0.620657511511463
ccd_dec_y = 5.155281517792796
ccd_defocus = 0.31637326509984504
ccd_tilt_x = 0.007704301145854595
ccd_tilt_y = -0.014010126383296462
ccd_tilt_z = 3.193560942122073e-06
p = 0.0001