slit_dec_x_a = -0.1704010755187174
slit_dec_y_a = -0.1956586180351446
slit_dec_x_b = 0.175
slit_dec_y_b = -1.9149068643955894e-96
slit_defocus = 0.005665916755080982
slit_tilt_x = 1.1858606357421855
slit_tilt_y = -8.540082653359512
slit_tilt_z = -8.990746912373153
d_slit_col = 1594.2946322513437
coll_tilt_x = 0.08877990518740461
coll_tilt_y = -0.031961354607956155
ech_G = 31.610681347455188
ech_blaze = -74.97694293754209
ech_gamma = 1.1402118867408366
echelle_z = 0.07468073350156454
d_col_trf = -1588.018504431443
trf_mirror_tilt_x = 0.1389212794853166
trf_mirror_tilt_y = 0.07744051427740269
d_col_grm = -0.0094054831444195
grism_dec_x = 236.43415664842342
grism_dec_y = 0.03420245459837721
grm_tilt_x = -0.01576974567697904
grm_tilt_y = 2.3043531560659316
grm_G = 222.82516618507609
grm_apex = 17.815099667218913
d_grm_cam  = 21.608503185274078
cam_dec_x = -0.301944175387077
cam_dec_y = 0.250506920433295
cam_tilt_x = -0.018476804839352438
cam_tilt_y = -0.015198923768666979
d_cam_ff  = -160.40134719230923
ccd_ff_dec_x = -0.0035062125234621325
ccd_ff_dec_y = 0.0004313352437883474
ccd_ff_tilt_x = 0.14579920037263014
ccd_ff_tilt_y = -0.5720857957704665
ccd_ff_tilt_z = 0.17255764512830019
d_ff_ccd  = -4.811495789298776
ccd_dec_x = 0.6206399410492539
ccd_dec_y = 5.155296952684961
ccd_defocus = 0.3161922274913141
ccd_tilt_x = 0.007680281901414979
ccd_tilt_y = -0.014003579209688035
ccd_tilt_z = 3.1249296910358458e-06
p = 0.0001