slit_dec_x_a = -0.1704010755187174
slit_dec_y_a = -0.1956586180351446
slit_dec_x_b = 0.175
slit_dec_y_b = -1.7517981510081362e-96
slit_defocus = 0.005566123649972615
slit_tilt_x = 1.1861149086560614
slit_tilt_y = -8.540131538114819
slit_tilt_z = -8.99082534927225
d_slit_col = 1594.2945772141247
coll_tilt_x = 0.08862478827469202
coll_tilt_y = -0.03197578759911491
ech_G = 31.610675100797145
ech_blaze = -74.97694806426674
ech_gamma = 1.140212811344526
echelle_z = 0.07467948439665141
d_col_trf = -1588.0185032772113
trf_mirror_tilt_x = 0.13897140599207697
trf_mirror_tilt_y = 0.07759200618397273
d_col_grm = -0.009502675685562843
grism_dec_x = 236.4342950578651
grism_dec_y = 0.03419022785253309
grm_tilt_x = -0.015778727710317138
grm_tilt_y = 2.3043647519636195
grm_G = 222.82516480289598
grm_apex = 17.815203364611765
d_grm_cam  = 21.608475126188562
cam_dec_x = -0.3019320234905056
cam_dec_y = 0.2504979490037952
cam_tilt_x = -0.018706270378294025
cam_tilt_y = -0.015178269422727736
d_cam_ff  = -160.40100771768087
ccd_ff_dec_x = -0.0035199799119116815
ccd_ff_dec_y = 0.00028884082658554297
ccd_ff_tilt_x = 0.14581419970538076
ccd_ff_tilt_y = -0.5720783146216548
ccd_ff_tilt_z = 0.17256558203366315
d_ff_ccd  = -4.811397944832315
ccd_dec_x = 0.620664010136681
ccd_dec_y = 5.155280595285471
ccd_defocus = 0.3164565095521452
ccd_tilt_x = 0.007644366616418163
ccd_tilt_y = -0.014105009027401917
ccd_tilt_z = 3.2071723475999896e-06
p = 0.0001