slit_dec_x_a = -0.1704010755187174
slit_dec_y_a = -0.1956586180351446
slit_dec_x_b = 0.175
slit_dec_y_b = -1.7560168701558965e-96
slit_defocus = 0.0053559397187179164
slit_tilt_x = 1.1859818835777605
slit_tilt_y = -8.540156561273696
slit_tilt_z = -8.990702513788515
d_slit_col = 1594.294718892122
coll_tilt_x = 0.0886026671422638
coll_tilt_y = -0.03200337019225792
ech_G = 31.610677780147697
ech_blaze = -74.97693220816863
ech_gamma = 1.1402016938667812
echelle_z = 0.074668476730745
d_col_trf = -1588.018521331064
trf_mirror_tilt_x = 0.13875919740073153
trf_mirror_tilt_y = 0.07763227737605174
d_col_grm = -0.009518438159553696
grism_dec_x = 236.43413013186404
grism_dec_y = 0.034269652431027926
grm_tilt_x = -0.01577892377599851
grm_tilt_y = 2.304353607653285
grm_G = 222.8251827130233
grm_apex = 17.81506417713054
d_grm_cam  = 21.60849075299118
cam_dec_x = -0.3020306316150753
cam_dec_y = 0.2503750384144735
cam_tilt_x = -0.01880678823916409
cam_tilt_y = -0.015221368933820496
d_cam_ff  = -160.40080539417585
ccd_ff_dec_x = -0.0035081143489357407
ccd_ff_dec_y = 0.00017732583934015677
ccd_ff_tilt_x = 0.14604237956363142
ccd_ff_tilt_y = -0.5720843357614294
ccd_ff_tilt_z = 0.17256582538046394
d_ff_ccd  = -4.811411865089511
ccd_dec_x = 0.6206472157578999
ccd_dec_y = 5.155286946901974
ccd_defocus = 0.3163869666830312
ccd_tilt_x = 0.007595427052025804
ccd_tilt_y = -0.014031356009184504
ccd_tilt_z = 3.1700075280514733e-06
p = 0.0001