slit_dec_x_a = -0.1704010755187174
slit_dec_y_a = -0.1956586180351446
slit_dec_x_b = 0.175
slit_dec_y_b = -1.5899768912200048e-96
slit_defocus = 0.005422252986424835
slit_tilt_x = 1.1860396379262197
slit_tilt_y = -8.54021689220231
slit_tilt_z = -8.990798260463404
d_slit_col = 1594.2945565388131
coll_tilt_x = 0.08855248032587609
coll_tilt_y = -0.0320766841943606
ech_G = 31.61066891268894
ech_blaze = -74.97693306131588
ech_gamma = 1.1402056779204819
echelle_z = 0.07466241394836191
d_col_trf = -1588.0185016918413
trf_mirror_tilt_x = 0.13861286336273232
trf_mirror_tilt_y = 0.07759533188438218
d_col_grm = -0.009343133106151476
grism_dec_x = 236.4340763212104
grism_dec_y = 0.034253107341347566
grm_tilt_x = -0.015769633429310374
grm_tilt_y = 2.3043591398824734
grm_G = 222.82517541127478
grm_apex = 17.815072894096776
d_grm_cam  = 21.608490369919338
cam_dec_x = -0.3019532733921855
cam_dec_y = 0.25030897877784536
cam_tilt_x = -0.018832151910551247
cam_tilt_y = -0.015028444707018722
d_cam_ff  = -160.40093851582856
ccd_ff_dec_x = -0.00351663448311805
ccd_ff_dec_y = 0.00016634925999406365
ccd_ff_tilt_x = 0.14605635286199595
ccd_ff_tilt_y = -0.5720812441564771
ccd_ff_tilt_z = 0.17256165834677634
d_ff_ccd  = -4.811415987759807
ccd_dec_x = 0.620669912333647
ccd_dec_y = 5.155272293679293
ccd_defocus = 0.31638501901503036
ccd_tilt_x = 0.007720757900588511
ccd_tilt_y = -0.014146134080912044
ccd_tilt_z = 3.193966652631133e-06
p = 0.0001