slit_dec_x_a = -0.1704010755187174
slit_dec_y_a = -0.1956586180351446
slit_dec_x_b = 0.175
slit_dec_y_b = -1.7253891996025216e-96
slit_defocus = 0.005494181120741217
slit_tilt_x = 1.1860931986725147
slit_tilt_y = -8.539896469570655
slit_tilt_z = -8.990907532900547
d_slit_col = 1594.2946493976426
coll_tilt_x = 0.08847943620698434
coll_tilt_y = -0.031950256143623554
ech_G = 31.610665299210112
ech_blaze = -74.97693885068526
ech_gamma = 1.1402343410496436
echelle_z = 0.07468835822615465
d_col_trf = -1588.0185238478912
trf_mirror_tilt_x = 0.13904421069457223
trf_mirror_tilt_y = 0.07764371828520203
d_col_grm = -0.009317353902207457
grism_dec_x = 236.43426339106364
grism_dec_y = 0.03412880778312481
grm_tilt_x = -0.01578829421314373
grm_tilt_y = 2.3043702924452365
grm_G = 222.82518402608096
grm_apex = 17.81511888116686
d_grm_cam  = 21.608475113933387
cam_dec_x = -0.30201044919231557
cam_dec_y = 0.25022985291542876
cam_tilt_x = -0.01883651369853518
cam_tilt_y = -0.015069669130928465
d_cam_ff  = -160.40104349923774
ccd_ff_dec_x = -0.0034936821842841237
ccd_ff_dec_y = 0.00035758113507497073
ccd_ff_tilt_x = 0.14601231090890712
ccd_ff_tilt_y = -0.5720975442679723
ccd_ff_tilt_z = 0.17256846630809278
d_ff_ccd  = -4.811374552460247
ccd_dec_x = 0.6206593552707176
ccd_dec_y = 5.155299957572519
ccd_defocus = 0.31621290312608724
ccd_tilt_x = 0.007686054283142665
ccd_tilt_y = -0.014066274633416346
ccd_tilt_z = 3.1199138931160815e-06
p = 0.0001