slit_dec_x_a = -0.1704010755187174
slit_dec_y_a = -0.1956586180351446
slit_dec_x_b = 0.175
slit_dec_y_b = -1.596778493314179e-96
slit_defocus = 0.0054661936475262915
slit_tilt_x = 1.18612498109936
slit_tilt_y = -8.540040145049634
slit_tilt_z = -8.990804131761946
d_slit_col = 1594.294629809708
coll_tilt_x = 0.08863507481684241
coll_tilt_y = -0.03197452320888487
ech_G = 31.610655208692418
ech_blaze = -74.9769277245227
ech_gamma = 1.1401918403003246
echelle_z = 0.07467029845613188
d_col_trf = -1588.0185069353017
trf_mirror_tilt_x = 0.13876798898781853
trf_mirror_tilt_y = 0.07772695186702765
d_col_grm = -0.009607507061130465
grism_dec_x = 236.434094157139
grism_dec_y = 0.03412486155533409
grm_tilt_x = -0.015769692502205817
grm_tilt_y = 2.304363333702706
grm_G = 222.8251881844692
grm_apex = 17.81507892649534
d_grm_cam  = 21.608492566682816
cam_dec_x = -0.30201470616953036
cam_dec_y = 0.25038233219119743
cam_tilt_x = -0.018495609404326208
cam_tilt_y = -0.015232893855491737
d_cam_ff  = -160.40098919554845
ccd_ff_dec_x = -0.003501345809103425
ccd_ff_dec_y = 0.0003542684466483917
ccd_ff_tilt_x = 0.14597009867891986
ccd_ff_tilt_y = -0.5720987413308551
ccd_ff_tilt_z = 0.17257414234180463
d_ff_ccd  = -4.811567490450964
ccd_dec_x = 0.6206634140687403
ccd_dec_y = 5.155290119783857
ccd_defocus = 0.31627403927802955
ccd_tilt_x = 0.007493090789480299
ccd_tilt_y = -0.014205828640361252
ccd_tilt_z = 3.178818303316938e-06
p = 0.0001