slit_dec_x_a = -0.07670015525166138
slit_dec_y_a = -0.22401578646443546
slit_dec_x_b = 0.175
slit_dec_y_b = -1.9709116653898798e-96
slit_defocus = 0.004953186450665972
slit_tilt_x = 1.1910823364104253
slit_tilt_y = -8.53996483474461
slit_tilt_z = -8.992607679893858
d_slit_col = 1594.2972103720404
coll_tilt_x = 0.09129246240617239
coll_tilt_y = -0.03374639534063223
ech_G = 31.611087039578777
ech_blaze = -74.9758995384193
ech_gamma = 1.1403257404858032
echelle_z = 0.07432441259441877
d_col_trf = -1588.0188186355645
trf_mirror_tilt_x = 0.14269086761153374
trf_mirror_tilt_y = 0.08417839294252986
d_col_grm = -0.006261977102922618
grism_dec_x = 236.43043764912926
grism_dec_y = 0.028994669635655296
grm_tilt_x = -0.0158051602072534
grm_tilt_y = 2.304239608190728
grm_G = 222.82455000329432
grm_apex = 17.798269193125947
d_grm_cam  = 21.609696568254574
cam_dec_x = -0.3033771063412266
cam_dec_y = 0.25030259910764274
cam_tilt_x = -0.017693942521667595
cam_tilt_y = -0.02225842795865917
d_cam_ff  = -160.41681543354247
ccd_ff_dec_x = -0.0035163236688492343
ccd_ff_dec_y = 2.7757341825839144e-05
ccd_ff_tilt_x = 0.15001088947375568
ccd_ff_tilt_y = -0.5727321461220958
ccd_ff_tilt_z = 0.17988379979177532
d_ff_ccd  = -4.813400182731878
ccd_dec_x = 0.6198923241713205
ccd_dec_y = 5.155130426521456
ccd_defocus = 0.3076731815614134
ccd_tilt_x = 0.00453651511169217
ccd_tilt_y = -0.010526425348131542
ccd_tilt_z = 1.1784043761303275e-06
p = 0.0001