slit_dec_x_a = -0.1704010755187174
slit_dec_y_a = -0.1956586180351446
slit_dec_x_b = 0.175
slit_dec_y_b = -1.825821008923614e-96
slit_defocus = 0.005541716894412063
slit_tilt_x = 1.1860817394400371
slit_tilt_y = -8.54008084076352
slit_tilt_z = -8.990734799876318
d_slit_col = 1594.294715176364
coll_tilt_x = 0.08856862497048891
coll_tilt_y = -0.03205155951738018
ech_G = 31.610677973329178
ech_blaze = -74.9769321002278
ech_gamma = 1.1401977705103095
echelle_z = 0.074667656293442
d_col_trf = -1588.018521419222
trf_mirror_tilt_x = 0.13884965489383855
trf_mirror_tilt_y = 0.07757605519902358
d_col_grm = -0.009451685885016133
grism_dec_x = 236.4343124825022
grism_dec_y = 0.03408780183762422
grm_tilt_x = -0.01577469142996017
grm_tilt_y = 2.304364464827786
grm_G = 222.8251709724491
grm_apex = 17.81503553510633
d_grm_cam  = 21.608485428484013
cam_dec_x = -0.30187502368263375
cam_dec_y = 0.25052384847768855
cam_tilt_x = -0.018913967480217637
cam_tilt_y = -0.0151480438208895
d_cam_ff  = -160.40131121377294
ccd_ff_dec_x = -0.0035125139213348757
ccd_ff_dec_y = 0.00016459556594843785
ccd_ff_tilt_x = 0.14589218939221904
ccd_ff_tilt_y = -0.5720860868268671
ccd_ff_tilt_z = 0.17257709241287758
d_ff_ccd  = -4.811391581522798
ccd_dec_x = 0.6206640981484955
ccd_dec_y = 5.15526857891447
ccd_defocus = 0.3163040427670549
ccd_tilt_x = 0.007652315540981971
ccd_tilt_y = -0.01425189409319919
ccd_tilt_z = 3.2243172527729443e-06
p = 0.0001