slit_dec_x_a = -0.1704010755187174
slit_dec_y_a = -0.1956586180351446
slit_dec_x_b = 0.175
slit_dec_y_b = -1.7827749682460146e-96
slit_defocus = 0.005251438047807788
slit_tilt_x = 1.1862128924576387
slit_tilt_y = -8.54022570284957
slit_tilt_z = -8.99077849378057
d_slit_col = 1594.2946090090484
coll_tilt_x = 0.0886321512600709
coll_tilt_y = -0.03201151691262361
ech_G = 31.61067380266396
ech_blaze = -74.9769415945494
ech_gamma = 1.1401908310258249
echelle_z = 0.07469496742218619
d_col_trf = -1588.0185291850983
trf_mirror_tilt_x = 0.1386754134533429
trf_mirror_tilt_y = 0.0775862148108337
d_col_grm = -0.009525974773258176
grism_dec_x = 236.4343735833844
grism_dec_y = 0.03417361243736756
grm_tilt_x = -0.015797822604622175
grm_tilt_y = 2.304330641384571
grm_G = 222.82518100204234
grm_apex = 17.815032783996273
d_grm_cam  = 21.608475731320645
cam_dec_x = -0.30191355374892925
cam_dec_y = 0.25044954587363943
cam_tilt_x = -0.018635667244910763
cam_tilt_y = -0.015112163979694315
d_cam_ff  = -160.40104823182452
ccd_ff_dec_x = -0.003507527025153342
ccd_ff_dec_y = 0.00033078658084865445
ccd_ff_tilt_x = 0.14603758626317115
ccd_ff_tilt_y = -0.5720843245861856
ccd_ff_tilt_z = 0.17257175423943064
d_ff_ccd  = -4.811329415560977
ccd_dec_x = 0.6206678186875103
ccd_dec_y = 5.155288960657329
ccd_defocus = 0.316453501630549
ccd_tilt_x = 0.007682456134579282
ccd_tilt_y = -0.014274233366365144
ccd_tilt_z = 3.160708340724741e-06
p = 0.0001