slit_dec_x_a = -0.1704010755187174
slit_dec_y_a = -0.1956586180351446
slit_dec_x_b = 0.175
slit_dec_y_b = -1.7749817940709191e-96
slit_defocus = 0.0056572475745860105
slit_tilt_x = 1.1860934907823322
slit_tilt_y = -8.540092730386014
slit_tilt_z = -8.990861293272987
d_slit_col = 1594.29441951999
coll_tilt_x = 0.08870549684800827
coll_tilt_y = -0.032097265091398736
ech_G = 31.61066747014094
ech_blaze = -74.97696403143905
ech_gamma = 1.140191568634604
echelle_z = 0.07467781052937192
d_col_trf = -1588.0185208188673
trf_mirror_tilt_x = 0.13871378845158994
trf_mirror_tilt_y = 0.07764352736083859
d_col_grm = -0.009683680877461295
grism_dec_x = 236.43418437647236
grism_dec_y = 0.03424591609748101
grm_tilt_x = -0.015791228192476893
grm_tilt_y = 2.304370964912804
grm_G = 222.82518068765305
grm_apex = 17.815013070288405
d_grm_cam  = 21.608499159118086
cam_dec_x = -0.3020613449633595
cam_dec_y = 0.25023624862927135
cam_tilt_x = -0.018503776774427695
cam_tilt_y = -0.015078780540780075
d_cam_ff  = -160.4011010830992
ccd_ff_dec_x = -0.0035273114118974675
ccd_ff_dec_y = 0.0003258071212153147
ccd_ff_tilt_x = 0.14604822412867194
ccd_ff_tilt_y = -0.5720927568481456
ccd_ff_tilt_z = 0.17255748957550168
d_ff_ccd  = -4.811576623624881
ccd_dec_x = 0.6206605175500941
ccd_dec_y = 5.155282739735751
ccd_defocus = 0.3162847319508183
ccd_tilt_x = 0.007639569617154385
ccd_tilt_y = -0.014059210307975654
ccd_tilt_z = 3.080577234191366e-06
p = 0.0001