slit_dec_x_a = -0.1704010755187174
slit_dec_y_a = -0.1956586180351446
slit_dec_x_b = 0.175
slit_dec_y_b = -1.7384197050321976e-96
slit_defocus = 0.005487050441649741
slit_tilt_x = 1.1859950629488898
slit_tilt_y = -8.540065272891336
slit_tilt_z = -8.990751223153666
d_slit_col = 1594.2945798137337
coll_tilt_x = 0.0886251262235697
coll_tilt_y = -0.03198753607251497
ech_G = 31.61068111340907
ech_blaze = -74.9769407399747
ech_gamma = 1.1401989050037131
echelle_z = 0.07466616082747714
d_col_trf = -1588.018521806772
trf_mirror_tilt_x = 0.13883520544935296
trf_mirror_tilt_y = 0.07761578521655384
d_col_grm = -0.009578510520704134
grism_dec_x = 236.43424545429068
grism_dec_y = 0.03415922076815632
grm_tilt_x = -0.01577648101321756
grm_tilt_y = 2.3043485408739133
grm_G = 222.82517646217212
grm_apex = 17.81510694695444
d_grm_cam  = 21.60848915956489
cam_dec_x = -0.3018364722293705
cam_dec_y = 0.25037833017744177
cam_tilt_x = -0.018815345151128756
cam_tilt_y = -0.015222057693393055
d_cam_ff  = -160.40099274441638
ccd_ff_dec_x = -0.003501556438287628
ccd_ff_dec_y = 0.0001825987812721344
ccd_ff_tilt_x = 0.14596646858339787
ccd_ff_tilt_y = -0.5720853342023268
ccd_ff_tilt_z = 0.17255609298980465
d_ff_ccd  = -4.811486101047278
ccd_dec_x = 0.6206509772943727
ccd_dec_y = 5.1552773298758545
ccd_defocus = 0.31639095165144404
ccd_tilt_x = 0.007654673795317331
ccd_tilt_y = -0.014165096578181711
ccd_tilt_z = 3.160239910511467e-06
p = 0.0001