slit_dec_x_a = -0.1704010755187174
slit_dec_y_a = -0.1956586180351446
slit_dec_x_b = 0.175
slit_dec_y_b = -1.7608901503859345e-96
slit_defocus = 0.005586172604348196
slit_tilt_x = 1.1861335447914827
slit_tilt_y = -8.53991010869377
slit_tilt_z = -8.990726025238658
d_slit_col = 1594.2947379995564
coll_tilt_x = 0.0886599701033691
coll_tilt_y = -0.03195012947425072
ech_G = 31.610668409469845
ech_blaze = -74.97693920730414
ech_gamma = 1.1402116611968518
echelle_z = 0.07465898996145096
d_col_trf = -1588.0185100302717
trf_mirror_tilt_x = 0.13882766630755733
trf_mirror_tilt_y = 0.07765454638568975
d_col_grm = -0.009539529532992877
grism_dec_x = 236.434202295562
grism_dec_y = 0.03419132219210717
grm_tilt_x = -0.015773864386188427
grm_tilt_y = 2.304354639245009
grm_G = 222.82518248929557
grm_apex = 17.81508445783764
d_grm_cam  = 21.60847988117345
cam_dec_x = -0.3020298636479947
cam_dec_y = 0.2504883387785742
cam_tilt_x = -0.01851995578282846
cam_tilt_y = -0.015204124762531098
d_cam_ff  = -160.40136786676464
ccd_ff_dec_x = -0.00350335673117201
ccd_ff_dec_y = 0.0002012228732310274
ccd_ff_tilt_x = 0.1458246005113399
ccd_ff_tilt_y = -0.572093233193523
ccd_ff_tilt_z = 0.1725670444769919
d_ff_ccd  = -4.811581474752992
ccd_dec_x = 0.6206664278220664
ccd_dec_y = 5.155299665691675
ccd_defocus = 0.3162974731272276
ccd_tilt_x = 0.0077160067371642976
ccd_tilt_y = -0.014176315538001829
ccd_tilt_z = 3.0863620039355904e-06
p = 0.0001