slit_dec_x_a = -0.1704010755187174
slit_dec_y_a = -0.1956586180351446
slit_dec_x_b = 0.175
slit_dec_y_b = -1.71504780830798e-96
slit_defocus = 0.005337673991682554
slit_tilt_x = 1.186057527184243
slit_tilt_y = -8.540132090764683
slit_tilt_z = -8.990739468364543
d_slit_col = 1594.2945066312227
coll_tilt_x = 0.08856163023481607
coll_tilt_y = -0.03195305179692817
ech_G = 31.610660273485802
ech_blaze = -74.97694334177726
ech_gamma = 1.1402161958687342
echelle_z = 0.07467314631360088
d_col_trf = -1588.0185293480677
trf_mirror_tilt_x = 0.13881025558106183
trf_mirror_tilt_y = 0.07746704952724029
d_col_grm = -0.009519659138425967
grism_dec_x = 236.4342181386285
grism_dec_y = 0.03413398712034912
grm_tilt_x = -0.01576616706496983
grm_tilt_y = 2.304370432625923
grm_G = 222.8251673399833
grm_apex = 17.815133739724804
d_grm_cam  = 21.608493113138987
cam_dec_x = -0.30188102109858883
cam_dec_y = 0.2505504962974349
cam_tilt_x = -0.01859528366284642
cam_tilt_y = -0.0151953680944411
d_cam_ff  = -160.40103376112546
ccd_ff_dec_x = -0.003499188697882951
ccd_ff_dec_y = 0.00018218624934609467
ccd_ff_tilt_x = 0.1461419834425609
ccd_ff_tilt_y = -0.5720853233358529
ccd_ff_tilt_z = 0.17257742364702072
d_ff_ccd  = -4.811427255296428
ccd_dec_x = 0.620658374784788
ccd_dec_y = 5.155285415838967
ccd_defocus = 0.3164662355702613
ccd_tilt_x = 0.007936431471436797
ccd_tilt_y = -0.014247407398377276
ccd_tilt_z = 3.166594460513022e-06
p = 0.0001