slit_dec_x_a = -0.1704010755187174
slit_dec_y_a = -0.1956586180351446
slit_dec_x_b = 0.175
slit_dec_y_b = -1.7443687715429253e-96
slit_defocus = 0.005502770426378046
slit_tilt_x = 1.186089998889252
slit_tilt_y = -8.540222924575417
slit_tilt_z = -8.990673747574307
d_slit_col = 1594.2945540258947
coll_tilt_x = 0.08868847487253634
coll_tilt_y = -0.03193725928366358
ech_G = 31.6106689971942
ech_blaze = -74.97692440577073
ech_gamma = 1.140202600508888
echelle_z = 0.07464609022233196
d_col_trf = -1588.0184953601388
trf_mirror_tilt_x = 0.13887399021895577
trf_mirror_tilt_y = 0.0777174721688394
d_col_grm = -0.009580018127507703
grism_dec_x = 236.4342911613693
grism_dec_y = 0.033988583178777045
grm_tilt_x = -0.01579484049487746
grm_tilt_y = 2.3043364235821944
grm_G = 222.8251700103315
grm_apex = 17.815070020992085
d_grm_cam  = 21.608478025062094
cam_dec_x = -0.30191682667677844
cam_dec_y = 0.2503684986857644
cam_tilt_x = -0.01849609659742409
cam_tilt_y = -0.015273034758731598
d_cam_ff  = -160.40133363266213
ccd_ff_dec_x = -0.0035002790244008813
ccd_ff_dec_y = 0.0002901171889643887
ccd_ff_tilt_x = 0.14610538585482083
ccd_ff_tilt_y = -0.5721076132280818
ccd_ff_tilt_z = 0.1725630730066601
d_ff_ccd  = -4.811231552789156
ccd_dec_x = 0.6206373224101965
ccd_dec_y = 5.15527513687745
ccd_defocus = 0.316194451050842
ccd_tilt_x = 0.007621512850059315
ccd_tilt_y = -0.014077377348683957
ccd_tilt_z = 3.103451823101267e-06
p = 0.0001