slit_dec_x_a = -0.1704010755187174
slit_dec_y_a = -0.1956586180351446
slit_dec_x_b = 0.175
slit_dec_y_b = -1.7469103895392923e-96
slit_defocus = 0.005390120379950843
slit_tilt_x = 1.1860591092621149
slit_tilt_y = -8.539998028962367
slit_tilt_z = -8.990671429328998
d_slit_col = 1594.2946815188823
coll_tilt_x = 0.08869322746361526
coll_tilt_y = -0.03199368532113952
ech_G = 31.61069063599172
ech_blaze = -74.97694935698254
ech_gamma = 1.1402054148534715
echelle_z = 0.07466929877733919
d_col_trf = -1588.0185242099242
trf_mirror_tilt_x = 0.13866587832312913
trf_mirror_tilt_y = 0.07753479952618908
d_col_grm = -0.009637926724608125
grism_dec_x = 236.43416525605872
grism_dec_y = 0.03412313998509289
grm_tilt_x = -0.015780460688410294
grm_tilt_y = 2.3043574677583445
grm_G = 222.8251714096479
grm_apex = 17.81515818112533
d_grm_cam  = 21.608479914483247
cam_dec_x = -0.30194230709007663
cam_dec_y = 0.25033130884717014
cam_tilt_x = -0.018773298692039284
cam_tilt_y = -0.015184330304561544
d_cam_ff  = -160.40063756314294
ccd_ff_dec_x = -0.003518968405937502
ccd_ff_dec_y = 0.00027023056352570954
ccd_ff_tilt_x = 0.1458713953507023
ccd_ff_tilt_y = -0.5720937172092126
ccd_ff_tilt_z = 0.17256417976493013
d_ff_ccd  = -4.81137444530331
ccd_dec_x = 0.6206686966009825
ccd_dec_y = 5.155277239302243
ccd_defocus = 0.3163176326329295
ccd_tilt_x = 0.007583685240864126
ccd_tilt_y = -0.014142475165113489
ccd_tilt_z = 3.157137814274686e-06
p = 0.0001