slit_dec_x_a = -0.1704010755187174
slit_dec_y_a = -0.1956586180351446
slit_dec_x_b = 0.175
slit_dec_y_b = -1.719097021466229e-96
slit_defocus = 0.005484719464622401
slit_tilt_x = 1.1861396716865917
slit_tilt_y = -8.539904369057467
slit_tilt_z = -8.990748517938727
d_slit_col = 1594.2945298582927
coll_tilt_x = 0.08876395746453244
coll_tilt_y = -0.03203072001623249
ech_G = 31.610680041390697
ech_blaze = -74.97693172995673
ech_gamma = 1.1402084894025466
echelle_z = 0.0746638610184123
d_col_trf = -1588.0185147584548
trf_mirror_tilt_x = 0.13878339648184984
trf_mirror_tilt_y = 0.07739590967213135
d_col_grm = -0.00956765537358498
grism_dec_x = 236.43439417562126
grism_dec_y = 0.034074459763367815
grm_tilt_x = -0.015775613557796817
grm_tilt_y = 2.304353300037181
grm_G = 222.82517189366772
grm_apex = 17.815155577436805
d_grm_cam  = 21.608488888726868
cam_dec_x = -0.3019523550643001
cam_dec_y = 0.2505267137831714
cam_tilt_x = -0.018594051318073273
cam_tilt_y = -0.01509396359732342
d_cam_ff  = -160.4014463740518
ccd_ff_dec_x = -0.0035058984390679165
ccd_ff_dec_y = 0.00041302095790322966
ccd_ff_tilt_x = 0.14591598247580329
ccd_ff_tilt_y = -0.572089948537819
ccd_ff_tilt_z = 0.17256768818439047
d_ff_ccd  = -4.811350928490967
ccd_dec_x = 0.6206712418932697
ccd_dec_y = 5.155277403533362
ccd_defocus = 0.31643598584777294
ccd_tilt_x = 0.007754100455741594
ccd_tilt_y = -0.014181194655931227
ccd_tilt_z = 3.139364551984094e-06
p = 0.0001