slit_dec_x_a = -0.1704010755187174
slit_dec_y_a = -0.1956586180351446
slit_dec_x_b = 0.175
slit_dec_y_b = -1.6589143585250325e-96
slit_defocus = 0.005510890022385194
slit_tilt_x = 1.1861512010461912
slit_tilt_y = -8.540089407525842
slit_tilt_z = -8.990843402910741
d_slit_col = 1594.2946638384315
coll_tilt_x = 0.08857863638120271
coll_tilt_y = -0.03194554761666364
ech_G = 31.610678025916695
ech_blaze = -74.97694449059242
ech_gamma = 1.1402094756454906
echelle_z = 0.07467691977730745
d_col_trf = -1588.018518546195
trf_mirror_tilt_x = 0.13877213892486936
trf_mirror_tilt_y = 0.07768787186190496
d_col_grm = -0.00947598117866883
grism_dec_x = 236.43416126110728
grism_dec_y = 0.034113339054320825
grm_tilt_x = -0.015793352965906605
grm_tilt_y = 2.3043654497420616
grm_G = 222.82517234486818
grm_apex = 17.815368841350278
d_grm_cam  = 21.608495683347645
cam_dec_x = -0.3019665543655838
cam_dec_y = 0.250455479541743
cam_tilt_x = -0.0187917366368282
cam_tilt_y = -0.01513761412330366
d_cam_ff  = -160.40135677034286
ccd_ff_dec_x = -0.0035087350137474236
ccd_ff_dec_y = 0.00021060606133383765
ccd_ff_tilt_x = 0.14600358682243658
ccd_ff_tilt_y = -0.5720877084454353
ccd_ff_tilt_z = 0.17256970427476265
d_ff_ccd  = -4.811337263513646
ccd_dec_x = 0.6206716532278832
ccd_dec_y = 5.155281966186244
ccd_defocus = 0.3163501422316478
ccd_tilt_x = 0.007654162849661228
ccd_tilt_y = -0.01423616499755301
ccd_tilt_z = 3.1399567621900793e-06
p = 0.0001