slit_dec_x_a = -0.1704010755187174
slit_dec_y_a = -0.1956586180351446
slit_dec_x_b = 0.175
slit_dec_y_b = -1.8212542627767718e-96
slit_defocus = 0.005590881695883466
slit_tilt_x = 1.1861342611657752
slit_tilt_y = -8.540045532399487
slit_tilt_z = -8.990703467793661
d_slit_col = 1594.294585995363
coll_tilt_x = 0.08877920464923138
coll_tilt_y = -0.03202590686770699
ech_G = 31.61067656686766
ech_blaze = -74.9769456756291
ech_gamma = 1.1401984224162816
echelle_z = 0.07467215896164624
d_col_trf = -1588.0185171876765
trf_mirror_tilt_x = 0.13896819572735547
trf_mirror_tilt_y = 0.07755307238389762
d_col_grm = -0.009467712111704408
grism_dec_x = 236.4342929759415
grism_dec_y = 0.03412582470476859
grm_tilt_x = -0.015754185111022098
grm_tilt_y = 2.3043559562655425
grm_G = 222.82516888863566
grm_apex = 17.815028520171133
d_grm_cam  = 21.608498213067517
cam_dec_x = -0.30158749877760677
cam_dec_y = 0.25029020165238114
cam_tilt_x = -0.018479456054074087
cam_tilt_y = -0.015123117383973853
d_cam_ff  = -160.40165251220526
ccd_ff_dec_x = -0.0034955740818075343
ccd_ff_dec_y = 0.00021189203087267574
ccd_ff_tilt_x = 0.14594435987517212
ccd_ff_tilt_y = -0.5720764815708486
ccd_ff_tilt_z = 0.17257730966687665
d_ff_ccd  = -4.811484307942045
ccd_dec_x = 0.6206643225282079
ccd_dec_y = 5.155281440542761
ccd_defocus = 0.31632350283193733
ccd_tilt_x = 0.0077973541381495814
ccd_tilt_y = -0.014136490028410872
ccd_tilt_z = 3.1642655373984305e-06
p = 0.0001