slit_dec_x_a = -0.1704010755187174
slit_dec_y_a = -0.1956586180351446
slit_dec_x_b = 0.175
slit_dec_y_b = -1.668697848552139e-96
slit_defocus = 0.005484152938975992
slit_tilt_x = 1.1863124147818813
slit_tilt_y = -8.540031551930197
slit_tilt_z = -8.990713843667605
d_slit_col = 1594.294524610329
coll_tilt_x = 0.08872944760963365
coll_tilt_y = -0.031899631570561596
ech_G = 31.610682431963248
ech_blaze = -74.9769642838337
ech_gamma = 1.1402016159970816
echelle_z = 0.07467665440427952
d_col_trf = -1588.0185271472933
trf_mirror_tilt_x = 0.1387880338628218
trf_mirror_tilt_y = 0.0777172747886238
d_col_grm = -0.009567937909807707
grism_dec_x = 236.43430589304336
grism_dec_y = 0.034072309782614586
grm_tilt_x = -0.015777774127011916
grm_tilt_y = 2.3043603396166197
grm_G = 222.82517775968364
grm_apex = 17.815180185341788
d_grm_cam  = 21.60846807755553
cam_dec_x = -0.30186018881922677
cam_dec_y = 0.25032712003159036
cam_tilt_x = -0.018539507649102102
cam_tilt_y = -0.015304987930071814
d_cam_ff  = -160.4007529609433
ccd_ff_dec_x = -0.0034920194511269403
ccd_ff_dec_y = 0.00044295953422731537
ccd_ff_tilt_x = 0.1460018229457341
ccd_ff_tilt_y = -0.5720839692525067
ccd_ff_tilt_z = 0.17255051934793061
d_ff_ccd  = -4.8114045477202705
ccd_dec_x = 0.6206709955873109
ccd_dec_y = 5.155279633182469
ccd_defocus = 0.31634619327921315
ccd_tilt_x = 0.007463074027354213
ccd_tilt_y = -0.014024381649131341
ccd_tilt_z = 3.1435461651434994e-06
p = 0.0001