slit_dec_x_a = -0.1704010755187174
slit_dec_y_a = -0.1956586180351446
slit_dec_x_b = 0.175
slit_dec_y_b = -1.4649729849033586e-96
slit_defocus = 0.005368028613316627
slit_tilt_x = 1.1862713878707518
slit_tilt_y = -8.540110953974452
slit_tilt_z = -8.990704099515808
d_slit_col = 1594.294531470704
coll_tilt_x = 0.08865822946353367
coll_tilt_y = -0.03196411565104921
ech_G = 31.610669416831325
ech_blaze = -74.97693400825393
ech_gamma = 1.1401865403796478
echelle_z = 0.07466604689631662
d_col_trf = -1588.0185201972706
trf_mirror_tilt_x = 0.13875603524753907
trf_mirror_tilt_y = 0.07760148681732336
d_col_grm = -0.009572188248026737
grism_dec_x = 236.43423602584278
grism_dec_y = 0.03418210673425433
grm_tilt_x = -0.01578931406247779
grm_tilt_y = 2.304362887025249
grm_G = 222.82517295980398
grm_apex = 17.814999547062737
d_grm_cam  = 21.60850044359792
cam_dec_x = -0.3017511017750625
cam_dec_y = 0.2502297443601827
cam_tilt_x = -0.01859565044321568
cam_tilt_y = -0.015298935066254446
d_cam_ff  = -160.4020242671451
ccd_ff_dec_x = -0.003518985100384505
ccd_ff_dec_y = 0.00035127783585178144
ccd_ff_tilt_x = 0.1460238989310825
ccd_ff_tilt_y = -0.5720910935528333
ccd_ff_tilt_z = 0.17255836823755796
d_ff_ccd  = -4.81154043222783
ccd_dec_x = 0.6206379263161392
ccd_dec_y = 5.15526482421538
ccd_defocus = 0.3161046944402115
ccd_tilt_x = 0.00776262672006534
ccd_tilt_y = -0.014287549323788368
ccd_tilt_z = 3.104721657215577e-06
p = 0.0001