slit_dec_x_a = -0.1704010755187174
slit_dec_y_a = -0.1956586180351446
slit_dec_x_b = 0.175
slit_dec_y_b = -1.9345508546981614e-96
slit_defocus = 0.005465634255922715
slit_tilt_x = 1.186085921231155
slit_tilt_y = -8.540261777579813
slit_tilt_z = -8.99056207872768
d_slit_col = 1594.2945880005018
coll_tilt_x = 0.08866388213120013
coll_tilt_y = -0.03204256421283551
ech_G = 31.610656021871616
ech_blaze = -74.97693669494866
ech_gamma = 1.1402051206445596
echelle_z = 0.0746574230069395
d_col_trf = -1588.0185124545644
trf_mirror_tilt_x = 0.13877723795404415
trf_mirror_tilt_y = 0.07777672746788722
d_col_grm = -0.009259704807985214
grism_dec_x = 236.4343108862467
grism_dec_y = 0.03415891773761535
grm_tilt_x = -0.015782460648417894
grm_tilt_y = 2.304354895804058
grm_G = 222.8251778490183
grm_apex = 17.81504492486216
d_grm_cam  = 21.608486536404648
cam_dec_x = -0.30191990653626577
cam_dec_y = 0.25049437956688464
cam_tilt_x = -0.018460550132027118
cam_tilt_y = -0.015158496923563816
d_cam_ff  = -160.4011121076277
ccd_ff_dec_x = -0.0035077013618755896
ccd_ff_dec_y = 0.0003149886164270834
ccd_ff_tilt_x = 0.14600675518721545
ccd_ff_tilt_y = -0.5720863559435561
ccd_ff_tilt_z = 0.17256154061178353
d_ff_ccd  = -4.811408790808071
ccd_dec_x = 0.6206642920583069
ccd_dec_y = 5.155291328593672
ccd_defocus = 0.31618361014105567
ccd_tilt_x = 0.007706723661791901
ccd_tilt_y = -0.014239965112378457
ccd_tilt_z = 3.1667206810297813e-06
p = 0.0001