slit_dec_x_a = -0.1704010755187174
slit_dec_y_a = -0.1956586180351446
slit_dec_x_b = 0.175
slit_dec_y_b = -1.4902940823148836e-96
slit_defocus = 0.005181085094389124
slit_tilt_x = 1.1860568155955185
slit_tilt_y = -8.540002311598352
slit_tilt_z = -8.990788300241883
d_slit_col = 1594.294723058814
coll_tilt_x = 0.08875510829038318
coll_tilt_y = -0.031995945882902554
ech_G = 31.61068170850845
ech_blaze = -74.97695523849242
ech_gamma = 1.1402291651395065
echelle_z = 0.07468013666022372
d_col_trf = -1588.0185211563783
trf_mirror_tilt_x = 0.13870722017407094
trf_mirror_tilt_y = 0.07764455282647315
d_col_grm = -0.009582476392719268
grism_dec_x = 236.43426434829652
grism_dec_y = 0.03406696168459399
grm_tilt_x = -0.01577497264623704
grm_tilt_y = 2.3043513161473124
grm_G = 222.82517504156974
grm_apex = 17.814877657376933
d_grm_cam  = 21.608501728366875
cam_dec_x = -0.3020255266174529
cam_dec_y = 0.2503815838108854
cam_tilt_x = -0.01853897090438455
cam_tilt_y = -0.01522257451320474
d_cam_ff  = -160.4016317547055
ccd_ff_dec_x = -0.0035058891219407157
ccd_ff_dec_y = 0.0003326877380213154
ccd_ff_tilt_x = 0.14590671713125394
ccd_ff_tilt_y = -0.5720891917273265
ccd_ff_tilt_z = 0.17256437900621793
d_ff_ccd  = -4.811310424636129
ccd_dec_x = 0.6206590673688251
ccd_dec_y = 5.155287323326803
ccd_defocus = 0.31651079450074604
ccd_tilt_x = 0.007764724800505658
ccd_tilt_y = -0.014196107253851802
ccd_tilt_z = 3.098279149155437e-06
p = 0.0001