slit_dec_x_a = -0.1704010755187174
slit_dec_y_a = -0.1956586180351446
slit_dec_x_b = 0.175
slit_dec_y_b = -1.9213965440188005e-96
slit_defocus = 0.005504825972042894
slit_tilt_x = 1.185934754717641
slit_tilt_y = -8.540160526812892
slit_tilt_z = -8.990758918097216
d_slit_col = 1594.294625360827
coll_tilt_x = 0.08866550867985451
coll_tilt_y = -0.031985627371418524
ech_G = 31.610664947506475
ech_blaze = -74.97694709212604
ech_gamma = 1.1402209486388428
echelle_z = 0.07466562888295966
d_col_trf = -1588.0185321431316
trf_mirror_tilt_x = 0.13871204010254287
trf_mirror_tilt_y = 0.07774547349929921
d_col_grm = -0.009604005078158112
grism_dec_x = 236.4342961993012
grism_dec_y = 0.0341390869884782
grm_tilt_x = -0.015777590781846162
grm_tilt_y = 2.30433493326522
grm_G = 222.82518050619146
grm_apex = 17.815005408030874
d_grm_cam  = 21.608487096689803
cam_dec_x = -0.30205733093195203
cam_dec_y = 0.25048795332138224
cam_tilt_x = -0.018514748888520945
cam_tilt_y = -0.01515006204717724
d_cam_ff  = -160.40145120037394
ccd_ff_dec_x = -0.0035073909984625474
ccd_ff_dec_y = 0.0001787823880479211
ccd_ff_tilt_x = 0.1458463609367765
ccd_ff_tilt_y = -0.5720733369597011
ccd_ff_tilt_z = 0.17259119107255363
d_ff_ccd  = -4.81124586136407
ccd_dec_x = 0.6206619129009593
ccd_dec_y = 5.155267615030406
ccd_defocus = 0.31621094306719616
ccd_tilt_x = 0.007684417157568123
ccd_tilt_y = -0.0141138274799692
ccd_tilt_z = 3.111111857694138e-06
p = 0.0001