slit_dec_x_a = -0.1704010755187174
slit_dec_y_a = -0.1956586180351446
slit_dec_x_b = 0.175
slit_dec_y_b = -1.793716965570757e-96
slit_defocus = 0.0054420685644819
slit_tilt_x = 1.1860538343038147
slit_tilt_y = -8.540188694753217
slit_tilt_z = -8.990576340711318
d_slit_col = 1594.2945766730709
coll_tilt_x = 0.08867107455814388
coll_tilt_y = -0.03202498132382504
ech_G = 31.61066748173328
ech_blaze = -74.976943247361
ech_gamma = 1.1402109267130478
echelle_z = 0.07469590922981977
d_col_trf = -1588.0185163734106
trf_mirror_tilt_x = 0.13889996537646487
trf_mirror_tilt_y = 0.07737918908190895
d_col_grm = -0.009428891612191287
grism_dec_x = 236.43444901550856
grism_dec_y = 0.034024885319593405
grm_tilt_x = -0.01576924124358945
grm_tilt_y = 2.3043685208750677
grm_G = 222.82516859722472
grm_apex = 17.815161460604507
d_grm_cam  = 21.60848525176483
cam_dec_x = -0.3020804941816563
cam_dec_y = 0.25039815006554866
cam_tilt_x = -0.01853552742035301
cam_tilt_y = -0.015042513179129855
d_cam_ff  = -160.40110463237158
ccd_ff_dec_x = -0.0035202420644086167
ccd_ff_dec_y = 0.00019499862490699683
ccd_ff_tilt_x = 0.14579531105403512
ccd_ff_tilt_y = -0.5720805883476738
ccd_ff_tilt_z = 0.17257911607417503
d_ff_ccd  = -4.81132921594772
ccd_dec_x = 0.6206567094539335
ccd_dec_y = 5.155273536078727
ccd_defocus = 0.31654395166350285
ccd_tilt_x = 0.007446015135353581
ccd_tilt_y = -0.014080765048470327
ccd_tilt_z = 3.1560659870706884e-06
p = 0.0001