slit_dec_x_a = -0.1704010755187174
slit_dec_y_a = -0.1956586180351446
slit_dec_x_b = 0.175
slit_dec_y_b = -1.5620011950290782e-96
slit_defocus = 0.005550834318407389
slit_tilt_x = 1.1861351128373365
slit_tilt_y = -8.539959275760276
slit_tilt_z = -8.990777002120959
d_slit_col = 1594.2943752252975
coll_tilt_x = 0.08875264740020603
coll_tilt_y = -0.03193172613049897
ech_G = 31.610671604695412
ech_blaze = -74.97693532321279
ech_gamma = 1.1402068957404243
echelle_z = 0.0746847987248824
d_col_trf = -1588.0185124377572
trf_mirror_tilt_x = 0.13884809763860861
trf_mirror_tilt_y = 0.07760857379648989
d_col_grm = -0.009547575572157914
grism_dec_x = 236.43422385723048
grism_dec_y = 0.0340922876695476
grm_tilt_x = -0.01576411507258614
grm_tilt_y = 2.3043487717536775
grm_G = 222.82514973334466
grm_apex = 17.815220745251125
d_grm_cam  = 21.60848884018602
cam_dec_x = -0.30221757116903875
cam_dec_y = 0.25039133884471043
cam_tilt_x = -0.018503788691403955
cam_tilt_y = -0.015291550527495564
d_cam_ff  = -160.40076863632467
ccd_ff_dec_x = -0.003507543426403571
ccd_ff_dec_y = 0.0003637788298454484
ccd_ff_tilt_x = 0.1460357848631377
ccd_ff_tilt_y = -0.5720884991496582
ccd_ff_tilt_z = 0.1725752580688526
d_ff_ccd  = -4.81142975995177
ccd_dec_x = 0.6206672347092405
ccd_dec_y = 5.155289584388981
ccd_defocus = 0.31628216537051385
ccd_tilt_x = 0.007780411194313053
ccd_tilt_y = -0.01421756930356069
ccd_tilt_z = 3.12871538251694e-06
p = 0.0001