slit_dec_x_a = -0.1704010755187174
slit_dec_y_a = -0.1956586180351446
slit_dec_x_b = 0.175
slit_dec_y_b = -1.806542641366225e-96
slit_defocus = 0.0054219637112331315
slit_tilt_x = 1.1860968813727166
slit_tilt_y = -8.540023798928464
slit_tilt_z = -8.990886844133186
d_slit_col = 1594.2946779962717
coll_tilt_x = 0.08857146720359889
coll_tilt_y = -0.031989943045552985
ech_G = 31.610661578392474
ech_blaze = -74.97696296558891
ech_gamma = 1.1402056386329775
echelle_z = 0.07468823894206846
d_col_trf = -1588.0185053767416
trf_mirror_tilt_x = 0.1389993118440392
trf_mirror_tilt_y = 0.07767549799356335
d_col_grm = -0.009296764173739352
grism_dec_x = 236.4343553469603
grism_dec_y = 0.0340576300940962
grm_tilt_x = -0.01577055653201369
grm_tilt_y = 2.30432499866193
grm_G = 222.82517102405907
grm_apex = 17.81511198639554
d_grm_cam  = 21.60848985228898
cam_dec_x = -0.3017360255483838
cam_dec_y = 0.2503997593867634
cam_tilt_x = -0.018609433915710825
cam_tilt_y = -0.015100128483664097
d_cam_ff  = -160.40052168772584
ccd_ff_dec_x = -0.003488050800872712
ccd_ff_dec_y = 0.00029183705660491594
ccd_ff_tilt_x = 0.1459741031206828
ccd_ff_tilt_y = -0.5720921766282285
ccd_ff_tilt_z = 0.17256845744169602
d_ff_ccd  = -4.811247933984732
ccd_dec_x = 0.6206643296606906
ccd_dec_y = 5.155282097399205
ccd_defocus = 0.3164107577940661
ccd_tilt_x = 0.007463093006384544
ccd_tilt_y = -0.014192809141568475
ccd_tilt_z = 3.1515132532465822e-06
p = 0.0001