slit_dec_x_a = -0.1704010755187174
slit_dec_y_a = -0.1956586180351446
slit_dec_x_b = 0.175
slit_dec_y_b = -1.7084749233860902e-96
slit_defocus = 0.005464671808369421
slit_tilt_x = 1.1860846679397354
slit_tilt_y = -8.540128191960294
slit_tilt_z = -8.990757064047031
d_slit_col = 1594.294639309907
coll_tilt_x = 0.08860048511643549
coll_tilt_y = -0.03204339958003891
ech_G = 31.610676375463104
ech_blaze = -74.97694487125369
ech_gamma = 1.140205182396298
echelle_z = 0.07466938964740828
d_col_trf = -1588.018519686457
trf_mirror_tilt_x = 0.13881924089238087
trf_mirror_tilt_y = 0.07760636254776009
d_col_grm = -0.009532903897289838
grism_dec_x = 236.43424628839398
grism_dec_y = 0.03411465931226591
grm_tilt_x = -0.015783531021215633
grm_tilt_y = 2.304361061020227
grm_G = 222.82517094246978
grm_apex = 17.815162287591516
d_grm_cam  = 21.608485904085576
cam_dec_x = -0.30195171114728864
cam_dec_y = 0.2503875988569588
cam_tilt_x = -0.018792745715401606
cam_tilt_y = -0.015083112450537792
d_cam_ff  = -160.40148385852848
ccd_ff_dec_x = -0.0035096754905842202
ccd_ff_dec_y = 0.00021833296177270386
ccd_ff_tilt_x = 0.1460432138063394
ccd_ff_tilt_y = -0.5720911132454704
ccd_ff_tilt_z = 0.17256800569596864
d_ff_ccd  = -4.811339000003299
ccd_dec_x = 0.6206602741786732
ccd_dec_y = 5.155284678994696
ccd_defocus = 0.31633014176761176
ccd_tilt_x = 0.007682756379729969
ccd_tilt_y = -0.014088568669689662
ccd_tilt_z = 3.1796694166780315e-06
p = 0.0001