slit_dec_x_a = -0.181778666534
slit_dec_y_a = -0.18243150017
slit_dec_x_b = 0.13641895827660197
slit_dec_y_b = -0.054823476037652315
slit_defocus = -0.008610202328346389
slit_tilt_x = 1.140756141815829
slit_tilt_y = -8.559905524485673
slit_tilt_z = -9.00382143311186
d_slit_col = 1594.3001999200055
coll_tilt_x = 0.09132818214526948
coll_tilt_y = -0.03363727614779244
ech_G = 31.61104691136881
ech_blaze = -74.99547046445288
ech_gamma = 1.1587420997522926
echelle_z = 0.05875268066051551
d_col_trf = -1588.0161383135232
trf_mirror_tilt_x = 0.12403587141279106
trf_mirror_tilt_y = 0.05256036065622684
d_col_grm = 0.021672538381119506
grism_dec_x = 236.3970354687955
grism_dec_y = 0.004621355844725108
grm_tilt_x = -0.0248449496097752
grm_tilt_y = 2.326315341547185
grm_G = 222.78607216699803
grm_apex = 17.761846847334105
d_grm_cam  = 21.604313601010276
cam_dec_x = -0.2903347696301929
cam_dec_y = 0.2874173744284878
cam_tilt_x = 0.006291983938324826
cam_tilt_y = -0.030112940212403006
d_cam_ff  = -160.50551466920516
ccd_ff_dec_x = -0.02343731551195591
ccd_ff_dec_y = -0.04184681101150054
ccd_ff_tilt_x = 0.17226062124301045
ccd_ff_tilt_y = -0.5897771565680676
ccd_ff_tilt_z = 0.17310394720982555
d_ff_ccd  = -4.8002938221028835
ccd_dec_x = 0.5522795930813396
ccd_dec_y = 5.105790753798461
ccd_defocus = 0.30556604601115184
ccd_tilt_x = 0.020588751819673828
ccd_tilt_y = 0.002778204643682229
ccd_tilt_z = -1.0558683815908818e-06
p = 0.0001