slit_dec_x_a = -0.1704010755187174
slit_dec_y_a = -0.1956586180351446
slit_dec_x_b = 0.175
slit_dec_y_b = -1.8317626496948043e-96
slit_defocus = 0.02142423713890805
slit_tilt_x = 1.114033089704982
slit_tilt_y = -8.5384418598029
slit_tilt_z = -8.991635727689584
d_slit_col = 1594.3099619368327
coll_tilt_x = 0.11322005093804624
coll_tilt_y = -0.02887421535865581
ech_G = 31.61323386756676
ech_blaze = -74.97483177929932
ech_gamma = 1.138979938920214
echelle_z = 0.07476977565473357
d_col_trf = -1588.0172297725162
trf_mirror_tilt_x = 0.026286675693293918
trf_mirror_tilt_y = 0.16227354681795433
d_col_grm = -0.004784283172955042
grism_dec_x = 236.4233342731379
grism_dec_y = 0.03818458122092424
grm_tilt_x = -0.014054753305892944
grm_tilt_y = 2.3052741148934586
grm_G = 222.8240084819839
grm_apex = 17.79102150248871
d_grm_cam  = 21.60982346449447
cam_dec_x = -0.30951837419287936
cam_dec_y = 0.24732187830475671
cam_tilt_x = -0.011056088485277348
cam_tilt_y = 0.0037310060444915335
d_cam_ff  = -160.05760464308156
ccd_ff_dec_x = -0.002598928923284148
ccd_ff_dec_y = 0.053114475433917105
ccd_ff_tilt_x = 0.019525212790343364
ccd_ff_tilt_y = -0.5728084111440319
ccd_ff_tilt_z = 0.1800509340628647
d_ff_ccd  = -4.838960481945893
ccd_dec_x = 0.6214097189856607
ccd_dec_y = 5.157151063939867
ccd_defocus = 0.28075887259590443
ccd_tilt_x = 0.005010230012976917
ccd_tilt_y = -0.01094647440591923
ccd_tilt_z = 5.072909347236044e-06
p = 0.0001