slit_dec_x_a = -0.181778666534
slit_dec_y_a = -0.18243150017
slit_dec_x_b = 0.14512077562974193
slit_dec_y_b = -0.05510809031835813
slit_defocus = -0.013767373079284011
slit_tilt_x = 1.0540708948902215
slit_tilt_y = -8.559946040678138
slit_tilt_z = -9.026864937028686
d_slit_col = 1594.2903801509626
coll_tilt_x = 0.12145305669388659
coll_tilt_y = -0.026512257247079465
ech_G = 31.61455926697665
ech_blaze = -74.99488236284273
ech_gamma = 1.155637299006772
echelle_z = 0.057004960370275054
d_col_trf = -1588.016363005162
trf_mirror_tilt_x = 0.007336146563902126
trf_mirror_tilt_y = 0.15542519673389055
d_col_grm = 0.035719025667739226
grism_dec_x = 236.38324108193314
grism_dec_y = 0.009240850396826853
grm_tilt_x = -0.023504276989455022
grm_tilt_y = 2.3257937954523866
grm_G = 222.78407149941376
grm_apex = 17.76656300941404
d_grm_cam  = 21.604693784654998
cam_dec_x = -0.27112684391883757
cam_dec_y = 0.2908811921782031
cam_tilt_x = 0.01250597880181477
cam_tilt_y = 0.008797441588413493
d_cam_ff  = -160.07705840436333
ccd_ff_dec_x = -0.02379884115458247
ccd_ff_dec_y = 0.04201136140027131
ccd_ff_tilt_x = 0.033475671094494674
ccd_ff_tilt_y = -0.5909775167497091
ccd_ff_tilt_z = 0.17191362910364613
d_ff_ccd  = -4.815944465935335
ccd_dec_x = 0.5532878587209059
ccd_dec_y = 5.107625628384569
ccd_defocus = 0.28579338906714563
ccd_tilt_x = 0.03256103785903568
ccd_tilt_y = -0.0021649469344676223
ccd_tilt_z = 4.690373448062427e-06
p = 0.0001