slit_dec_x_a = -0.181778666534
slit_dec_y_a = -0.18243150017
slit_dec_x_b = 0.14512077562974193
slit_dec_y_b = -0.05510809031835813
slit_defocus = -0.002202914070720153
slit_tilt_x = 1.1346978132922858
slit_tilt_y = -8.568233783660968
slit_tilt_z = -9.003658314922683
d_slit_col = 1594.3039159820269
coll_tilt_x = 0.08642728252849177
coll_tilt_y = -0.022073426797850227
ech_G = 31.61088348416766
ech_blaze = -74.99554529678203
ech_gamma = 1.1581179223904956
echelle_z = 0.05736838483601906
d_col_trf = -1588.0164017003267
trf_mirror_tilt_x = 0.12252981772875732
trf_mirror_tilt_y = 0.01868881787261693
d_col_grm = 0.015030506964754586
grism_dec_x = 236.39747935246461
grism_dec_y = -0.005018226192810223
grm_tilt_x = -0.024738963515913582
grm_tilt_y = 2.327308686046142
grm_G = 222.78576058139245
grm_apex = 17.809163851513983
d_grm_cam  = 21.604339526927898
cam_dec_x = -0.28361744431373526
cam_dec_y = 0.28971210776088246
cam_tilt_x = 0.004340933662214044
cam_tilt_y = -0.0278039053157877
d_cam_ff  = -160.56966305643382
ccd_ff_dec_x = -0.022817401526420516
ccd_ff_dec_y = -0.04780515821735802
ccd_ff_tilt_x = 0.1650314201830685
ccd_ff_tilt_y = -0.5897158014862633
ccd_ff_tilt_z = 0.17170077696379102
d_ff_ccd  = -4.785370531879689
ccd_dec_x = 0.5519481843000429
ccd_dec_y = 5.106209961157524
ccd_defocus = 0.31578570007381107
ccd_tilt_x = 0.021375556588822273
ccd_tilt_y = -0.004209623751689892
ccd_tilt_z = 3.829355875346916e-07
p = 4.837090909090909e-06