slit_dec_x_a = -0.1704304056094256
slit_dec_y_a = -0.19606746048881016
slit_dec_x_b = 0.175
slit_dec_y_b = -2.0216399985744797e-96
slit_defocus = 0.005571036927384351
slit_tilt_x = 1.186133805840839
slit_tilt_y = -8.539999344536927
slit_tilt_z = -8.990846376437617
d_slit_col = 1594.2944577997428
coll_tilt_x = 0.08881901076100225
coll_tilt_y = -0.03178250260027931
ech_G = 31.610678866467264
ech_blaze = -74.97686844743104
ech_gamma = 1.140497259172666
echelle_z = 0.07481474505084586
d_col_trf = -1588.018546841723
trf_mirror_tilt_x = 0.13865154854268308
trf_mirror_tilt_y = 0.07760263872371255
d_col_grm = -0.009547285393195064
grism_dec_x = 236.43433584495517
grism_dec_y = 0.03420757099370051
grm_tilt_x = -0.015664358939381062
grm_tilt_y = 2.3043682284546105
grm_G = 222.82519218705983
grm_apex = 17.815109599252615
d_grm_cam  = 21.60846843639105
cam_dec_x = -0.30215304499995815
cam_dec_y = 0.25035040458499275
cam_tilt_x = -0.01859963011386633
cam_tilt_y = -0.015033598288586103
d_cam_ff  = -160.40095782578243
ccd_ff_dec_x = -0.003487270781782463
ccd_ff_dec_y = 0.00018313356527252495
ccd_ff_tilt_x = 0.14604149766897098
ccd_ff_tilt_y = -0.5720801522643979
ccd_ff_tilt_z = 0.17259077004904902
d_ff_ccd  = -4.8112472320842095
ccd_dec_x = 0.6206856532980622
ccd_dec_y = 5.1552896763951495
ccd_defocus = 0.3162972029718867
ccd_tilt_x = 0.007762162691940863
ccd_tilt_y = -0.014050763735305477
ccd_tilt_z = 3.1089038248498712e-06
p = 4.837090909090909e-06