slit_dec_x_a = -0.181778666534
slit_dec_y_a = -0.18243150017
slit_dec_x_b = 0.14512077562974193
slit_dec_y_b = -0.05510809031835813
slit_defocus = -0.0022115291781557734
slit_tilt_x = 1.1347020366475828
slit_tilt_y = -8.568220730173874
slit_tilt_z = -9.00364809773829
d_slit_col = 1594.3039079632442
coll_tilt_x = 0.08643503250168455
coll_tilt_y = -0.02207831500743629
ech_G = 31.610874252181553
ech_blaze = -74.99548759665214
ech_gamma = 1.1580987742291335
echelle_z = 0.05739580047449536
d_col_trf = -1588.0164064291487
trf_mirror_tilt_x = 0.12252821456291325
trf_mirror_tilt_y = 0.018682143730269347
d_col_grm = 0.015041621786691632
grism_dec_x = 236.39747581034715
grism_dec_y = -0.0050124944476804024
grm_tilt_x = -0.024746998368314635
grm_tilt_y = 2.327279592579698
grm_G = 222.7857705128876
grm_apex = 17.809166546111573
d_grm_cam  = 21.60432919058861
cam_dec_x = -0.28361550184455997
cam_dec_y = 0.2897106568382957
cam_tilt_x = 0.004341022693778198
cam_tilt_y = -0.027791659825565713
d_cam_ff  = -160.56968007647953
ccd_ff_dec_x = -0.022756899730187626
ccd_ff_dec_y = -0.047802866130542236
ccd_ff_tilt_x = 0.16504482140623095
ccd_ff_tilt_y = -0.5897471001695562
ccd_ff_tilt_z = 0.17171657738438273
d_ff_ccd  = -4.785368328208606
ccd_dec_x = 0.5520076468258268
ccd_dec_y = 5.106178687536413
ccd_defocus = 0.31576846311331525
ccd_tilt_x = 0.021377118996827132
ccd_tilt_y = -0.004208421658356818
ccd_tilt_z = 3.841034462010242e-07
p = 3.312727272727273e-06