slit_dec_x_a = -0.17042456891123206
slit_dec_y_a = -0.19606576606793713
slit_dec_x_b = 0.175
slit_dec_y_b = -1.9208318678195037e-96
slit_defocus = 0.005565372364138879
slit_tilt_x = 1.1861422855904586
slit_tilt_y = -8.539997322275962
slit_tilt_z = -8.990836174036865
d_slit_col = 1594.2944581056577
coll_tilt_x = 0.08876015842421457
coll_tilt_y = -0.03175787255230436
ech_G = 31.610660665083724
ech_blaze = -74.9768278975527
ech_gamma = 1.1405138865314324
echelle_z = 0.0748465500896542
d_col_trf = -1588.0185494673633
trf_mirror_tilt_x = 0.13864424486007607
trf_mirror_tilt_y = 0.07758764781742951
d_col_grm = -0.009546614292674662
grism_dec_x = 236.43433206777124
grism_dec_y = 0.034195930742989857
grm_tilt_x = -0.015644652114615205
grm_tilt_y = 2.3043774846233336
grm_G = 222.82519596539154
grm_apex = 17.815109569452748
d_grm_cam  = 21.608471024780357
cam_dec_x = -0.3021528092156642
cam_dec_y = 0.2503650510326732
cam_tilt_x = -0.018587627554996735
cam_tilt_y = -0.015026481906543744
d_cam_ff  = -160.40094544072193
ccd_ff_dec_x = -0.0034986961555702046
ccd_ff_dec_y = 0.0001788217657626663
ccd_ff_tilt_x = 0.14603864680033124
ccd_ff_tilt_y = -0.5720793557353238
ccd_ff_tilt_z = 0.17258700721748796
d_ff_ccd  = -4.811248794001399
ccd_dec_x = 0.6206795814932513
ccd_dec_y = 5.1552979479829
ccd_defocus = 0.31629477092069347
ccd_tilt_x = 0.007751384411125899
ccd_tilt_y = -0.014058542515610437
ccd_tilt_z = 3.129931855883737e-06
p = 3.312727272727273e-06