slit_dec_x_a = -0.1704180202154991
slit_dec_y_a = -0.19599745475401914
slit_dec_x_b = 0.175
slit_dec_y_b = -1.620389614006965e-96
slit_defocus = 0.0055564562756131915
slit_tilt_x = 1.1861495459278373
slit_tilt_y = -8.54001168506834
slit_tilt_z = -8.990834230517194
d_slit_col = 1594.2944753326287
coll_tilt_x = 0.08878393856721158
coll_tilt_y = -0.031814005534054564
ech_G = 31.6106654249911
ech_blaze = -74.97677476166439
ech_gamma = 1.1404333668284665
echelle_z = 0.07480323084689391
d_col_trf = -1588.0185323897272
trf_mirror_tilt_x = 0.13866254086529717
trf_mirror_tilt_y = 0.07758039572017489
d_col_grm = -0.00956527321564104
grism_dec_x = 236.43432113082147
grism_dec_y = 0.03419735326840424
grm_tilt_x = -0.01572889088597269
grm_tilt_y = 2.3043669103767663
grm_G = 222.82518448355614
grm_apex = 17.81513287214726
d_grm_cam  = 21.60844080156563
cam_dec_x = -0.3021482150458473
cam_dec_y = 0.25033312795989116
cam_tilt_x = -0.018635587988367206
cam_tilt_y = -0.015053617193304869
d_cam_ff  = -160.4009317224358
ccd_ff_dec_x = -0.003497979842206746
ccd_ff_dec_y = 0.00018076225280036273
ccd_ff_tilt_x = 0.1460295215828024
ccd_ff_tilt_y = -0.5720562135885249
ccd_ff_tilt_z = 0.1725769452298839
d_ff_ccd  = -4.811259731567664
ccd_dec_x = 0.6206899645081446
ccd_dec_y = 5.155316535211782
ccd_defocus = 0.31631592308401063
ccd_tilt_x = 0.007726276137320871
ccd_tilt_y = -0.014076119880797452
ccd_tilt_z = 3.128070208646177e-06
p = 1.46175e-06