slit_dec_x_a = -0.181778666534
slit_dec_y_a = -0.18243150017
slit_dec_x_b = 0.14512077562974193
slit_dec_y_b = -0.05510809031835813
slit_defocus = -0.002211869089502698
slit_tilt_x = 1.1346979364062508
slit_tilt_y = -8.568224571162327
slit_tilt_z = -9.003675612271739
d_slit_col = 1594.3039213666075
coll_tilt_x = 0.08641422193605482
coll_tilt_y = -0.022061300436041653
ech_G = 31.6108816198446
ech_blaze = -74.99555921143975
ech_gamma = 1.1580723484692985
echelle_z = 0.05741951043682235
d_col_trf = -1588.0163677838696
trf_mirror_tilt_x = 0.12253509183982497
trf_mirror_tilt_y = 0.018668870802002788
d_col_grm = 0.01505076577043616
grism_dec_x = 236.39746771881275
grism_dec_y = -0.0050059536247168916
grm_tilt_x = -0.024741479396602956
grm_tilt_y = 2.3272284128362326
grm_G = 222.78573818666257
grm_apex = 17.80918183388646
d_grm_cam  = 21.604319998598072
cam_dec_x = -0.2835951882756374
cam_dec_y = 0.2897095879847656
cam_tilt_x = 0.004342760505870374
cam_tilt_y = -0.02779685618722656
d_cam_ff  = -160.56971100085474
ccd_ff_dec_x = -0.022723506174821172
ccd_ff_dec_y = -0.047791081054893755
ccd_ff_tilt_x = 0.16505797894367435
ccd_ff_tilt_y = -0.5897842224179476
ccd_ff_tilt_z = 0.1717548212617086
d_ff_ccd  = -4.785362998078632
ccd_dec_x = 0.5520551223220094
ccd_dec_y = 5.1061258851851115
ccd_defocus = 0.31575010647559426
ccd_tilt_x = 0.021363672678535325
ccd_tilt_y = -0.004204905799976872
ccd_tilt_z = 3.7164165744501426e-07
p = 1.46175e-06