slit_dec_x_a = -0.1704010755187174
slit_dec_y_a = -0.1956586180351446
slit_dec_x_b = 0.175
slit_dec_y_b = -1.8130603198642834e-96
slit_defocus = 0.021378241062812497
slit_tilt_x = 1.1139912992067909
slit_tilt_y = -8.538407947291207
slit_tilt_z = -8.991602285275755
d_slit_col = 1594.3099815182259
coll_tilt_x = 0.11320174625339509
coll_tilt_y = -0.028967879963699813
ech_G = 31.613234952249158
ech_blaze = -74.97483823139673
ech_gamma = 1.1389767064070935
echelle_z = 0.07476975968980473
d_col_trf = -1588.0172301675445
trf_mirror_tilt_x = 0.026286627884202114
trf_mirror_tilt_y = 0.1622068310779351
d_col_grm = -0.0048020017635118616
grism_dec_x = 236.42325648635529
grism_dec_y = 0.03820078412268576
grm_tilt_x = -0.014063030790838451
grm_tilt_y = 2.3052727840039333
grm_G = 222.8240026385419
grm_apex = 17.790972508526202
d_grm_cam  = 21.609819255849974
cam_dec_x = -0.30954581786888213
cam_dec_y = 0.2473046257323563
cam_tilt_x = -0.011035384659335979
cam_tilt_y = 0.003780369041362547
d_cam_ff  = -160.05750718290471
ccd_ff_dec_x = -0.0026026602427533714
ccd_ff_dec_y = 0.053056874884376444
ccd_ff_tilt_x = 0.019516253941875915
ccd_ff_tilt_y = -0.5728068670658562
ccd_ff_tilt_z = 0.18005231329924057
d_ff_ccd  = -4.838923109144787
ccd_dec_x = 0.6214064102242498
ccd_dec_y = 5.157155814244469
ccd_defocus = 0.28079806535627216
ccd_tilt_x = 0.005083569396493484
ccd_tilt_y = -0.01090341573422854
ccd_tilt_z = 5.083296398764448e-06
p = 0.0001