slit_dec_x_a = -0.181778666534
slit_dec_y_a = -0.18243150017
slit_dec_x_b = 0.14512077562974193
slit_dec_y_b = -0.05510809031835813
slit_defocus = -0.01374848970024253
slit_tilt_x = 1.0540699819278578
slit_tilt_y = -8.559931580556766
slit_tilt_z = -9.026838338761477
d_slit_col = 1594.2902951504564
coll_tilt_x = 0.12144069031531823
coll_tilt_y = -0.02648196396237815
ech_G = 31.61456511204191
ech_blaze = -74.99488388439133
ech_gamma = 1.1556410146087335
echelle_z = 0.05699871913550306
d_col_trf = -1588.016369588967
trf_mirror_tilt_x = 0.0073191627621852495
trf_mirror_tilt_y = 0.15542550789917495
d_col_grm = 0.03556712415996043
grism_dec_x = 236.3832627375538
grism_dec_y = 0.009240387904381192
grm_tilt_x = -0.023510181433522525
grm_tilt_y = 2.325788248898794
grm_G = 222.7840775297426
grm_apex = 17.766494756577874
d_grm_cam  = 21.604700788476883
cam_dec_x = -0.2711224718326074
cam_dec_y = 0.290834860317118
cam_tilt_x = 0.012490775606667514
cam_tilt_y = 0.008741969050641936
d_cam_ff  = -160.07724407893383
ccd_ff_dec_x = -0.02380501514814646
ccd_ff_dec_y = 0.042012538937227374
ccd_ff_tilt_x = 0.03348603441471591
ccd_ff_tilt_y = -0.5909782908769816
ccd_ff_tilt_z = 0.17191369307900775
d_ff_ccd  = -4.816019980369904
ccd_dec_x = 0.5533011288817663
ccd_dec_y = 5.107625674499044
ccd_defocus = 0.2857791443880386
ccd_tilt_x = 0.03251915002827905
ccd_tilt_y = -0.0021084727934534034
ccd_tilt_z = 4.723048765802356e-06
p = 0.0001