slit_dec_x_a = -0.181778666534
slit_dec_y_a = -0.18243150017
slit_dec_x_b = 0.14512077562974193
slit_dec_y_b = -0.05510809031835813
slit_defocus = -0.002196231584304921
slit_tilt_x = 1.1347077749581131
slit_tilt_y = -8.568320987672589
slit_tilt_z = -9.003610768767809
d_slit_col = 1594.303954682268
coll_tilt_x = 0.08645924233606923
coll_tilt_y = -0.022037035505523484
ech_G = 31.610896695713322
ech_blaze = -74.99556490856347
ech_gamma = 1.1580909899737473
echelle_z = 0.05683810012299573
d_col_trf = -1588.0163087470098
trf_mirror_tilt_x = 0.1225128633919682
trf_mirror_tilt_y = 0.018718220939215175
d_col_grm = 0.014983891924223716
grism_dec_x = 236.3974834597876
grism_dec_y = -0.00502459957890798
grm_tilt_x = -0.024634323935231166
grm_tilt_y = 2.3271921644798845
grm_G = 222.78578691947718
grm_apex = 17.809104480151813
d_grm_cam  = 21.60454876799743
cam_dec_x = -0.28363314176483684
cam_dec_y = 0.2897555333053162
cam_tilt_x = 0.004289316910164122
cam_tilt_y = -0.027799679902556027
d_cam_ff  = -160.56965559954472
ccd_ff_dec_x = -0.022840379040583853
ccd_ff_dec_y = -0.04779619845823846
ccd_ff_tilt_x = 0.1650375130497742
ccd_ff_tilt_y = -0.5894900324940783
ccd_ff_tilt_z = 0.17183683049692253
d_ff_ccd  = -4.785373939168209
ccd_dec_x = 0.5519114839090201
ccd_dec_y = 5.106548475876918
ccd_defocus = 0.315819984151799
ccd_tilt_x = 0.021411574037875688
ccd_tilt_y = -0.004210817700871232
ccd_tilt_z = 2.3741330175270197e-07
p = 5.85175e-06