slit_dec_x_a = -0.17043112113507886
slit_dec_y_a = -0.19603599751297704
slit_dec_x_b = 0.175
slit_dec_y_b = -2.3704371405588587e-96
slit_defocus = 0.005516493334686472
slit_tilt_x = 1.1861098620327108
slit_tilt_y = -8.540087712572763
slit_tilt_z = -8.990859458811972
d_slit_col = 1594.294457418434
coll_tilt_x = 0.0887735991227624
coll_tilt_y = -0.03176795695307983
ech_G = 31.61069729116972
ech_blaze = -74.97710025872749
ech_gamma = 1.1404906738406178
echelle_z = 0.07536940384472744
d_col_trf = -1588.01854179526
trf_mirror_tilt_x = 0.13869987884004245
trf_mirror_tilt_y = 0.07754404896217937
d_col_grm = -0.009499962690962007
grism_dec_x = 236.4343122466661
grism_dec_y = 0.03424918098159197
grm_tilt_x = -0.015985348429565113
grm_tilt_y = 2.304376148510716
grm_G = 222.82520760448193
grm_apex = 17.815129125661784
d_grm_cam  = 21.608491610234005
cam_dec_x = -0.3021049020772038
cam_dec_y = 0.25034515899020626
cam_tilt_x = -0.01810802360964266
cam_tilt_y = -0.014994840061694392
d_cam_ff  = -160.40095774480048
ccd_ff_dec_x = -0.0035496215325786446
ccd_ff_dec_y = 0.0001261762842294463
ccd_ff_tilt_x = 0.14602937147387296
ccd_ff_tilt_y = -0.572039535100145
ccd_ff_tilt_z = 0.1725579387772745
d_ff_ccd  = -4.811227782010359
ccd_dec_x = 0.6206582612259657
ccd_dec_y = 5.155281596374391
ccd_defocus = 0.31631320221324527
ccd_tilt_x = 0.007810356845555729
ccd_tilt_y = -0.01401774978805738
ccd_tilt_z = 3.253680558295576e-06
p = 5.85175e-06