slit_dec_x_a = -0.181778666534
slit_dec_y_a = -0.18243150017
slit_dec_x_b = 0.14512077562974193
slit_dec_y_b = -0.05510809031835813
slit_defocus = -0.002197881226393034
slit_tilt_x = 1.1346875763678868
slit_tilt_y = -8.56828761000863
slit_tilt_z = -9.003623792425584
d_slit_col = 1594.3039151322403
coll_tilt_x = 0.08642423864679234
coll_tilt_y = -0.02202761883121092
ech_G = 31.610926026010095
ech_blaze = -74.9957923845882
ech_gamma = 1.1581645061981893
echelle_z = 0.05724527113180704
d_col_trf = -1588.0162728105288
trf_mirror_tilt_x = 0.12252064415560854
trf_mirror_tilt_y = 0.018675489115888073
d_col_grm = 0.015009024739211204
grism_dec_x = 236.39749342821267
grism_dec_y = -0.005034532992186153
grm_tilt_x = -0.024743072788333875
grm_tilt_y = 2.327412106444432
grm_G = 222.78574459347797
grm_apex = 17.80914164643638
d_grm_cam  = 21.604468660800503
cam_dec_x = -0.28362668797162965
cam_dec_y = 0.2897183493187477
cam_tilt_x = 0.004326609447047822
cam_tilt_y = -0.02780050776253572
d_cam_ff  = -160.5697619771083
ccd_ff_dec_x = -0.022818523193644587
ccd_ff_dec_y = -0.04778625035146554
ccd_ff_tilt_x = 0.16505698428934348
ccd_ff_tilt_y = -0.5895529251718724
ccd_ff_tilt_z = 0.1717669714954949
d_ff_ccd  = -4.7853752835723515
ccd_dec_x = 0.5519040287246942
ccd_dec_y = 5.106381914206696
ccd_defocus = 0.31578162803494153
ccd_tilt_x = 0.021387515104203603
ccd_tilt_y = -0.004197835312687683
ccd_tilt_z = 3.1637408818275453e-07
p = 1.4365e-05