slit_dec_x_a = -0.1704315413382081
slit_dec_y_a = -0.1959260505366425
slit_dec_x_b = 0.175
slit_dec_y_b = -2.024979061337325e-96
slit_defocus = 0.0055720917497003915
slit_tilt_x = 1.1860951748598274
slit_tilt_y = -8.53998650746986
slit_tilt_z = -8.99083538917566
d_slit_col = 1594.2944514716326
coll_tilt_x = 0.08864503956339306
coll_tilt_y = -0.03174671374862333
ech_G = 31.610686206564697
ech_blaze = -74.97699774880158
ech_gamma = 1.1404576056985163
echelle_z = 0.07486803149123872
d_col_trf = -1588.0185747910398
trf_mirror_tilt_x = 0.1386816855717943
trf_mirror_tilt_y = 0.07759004805499663
d_col_grm = -0.009550760884848469
grism_dec_x = 236.43430937235274
grism_dec_y = 0.03424632543607786
grm_tilt_x = -0.0157527949635484
grm_tilt_y = 2.3043882745178204
grm_G = 222.82517925928818
grm_apex = 17.815121660562795
d_grm_cam  = 21.608480646419366
cam_dec_x = -0.30215649126848415
cam_dec_y = 0.2503646909371468
cam_tilt_x = -0.018642137056471015
cam_tilt_y = -0.015039620651154037
d_cam_ff  = -160.40098096400422
ccd_ff_dec_x = -0.0035569792130656233
ccd_ff_dec_y = 0.000170179558609678
ccd_ff_tilt_x = 0.1460060686459333
ccd_ff_tilt_y = -0.5720947399932843
ccd_ff_tilt_z = 0.1726015866360674
d_ff_ccd  = -4.811215816517599
ccd_dec_x = 0.6207089460208977
ccd_dec_y = 5.155298707449219
ccd_defocus = 0.3162909117062917
ccd_tilt_x = 0.007730876362422421
ccd_tilt_y = -0.01400927969303174
ccd_tilt_z = 3.1025546154635464e-06
p = 1.4365e-05