slit_dec_x_a = -0.1704010755187174
slit_dec_y_a = -0.1956586180351446
slit_dec_x_b = 0.175
slit_dec_y_b = -1.85213160695133e-96
slit_defocus = 0.02141060804636563
slit_tilt_x = 1.1140161905509633
slit_tilt_y = -8.5384671282341
slit_tilt_z = -8.991619689389408
d_slit_col = 1594.309975149926
coll_tilt_x = 0.11320331934011396
coll_tilt_y = -0.028912682041974357
ech_G = 31.61323174667548
ech_blaze = -74.97483103096525
ech_gamma = 1.138968866235593
echelle_z = 0.07477040790654492
d_col_trf = -1588.0172359895275
trf_mirror_tilt_x = 0.026265790896578982
trf_mirror_tilt_y = 0.16222281245921988
d_col_grm = -0.004883416809371148
grism_dec_x = 236.4233314807937
grism_dec_y = 0.03824613209217423
grm_tilt_x = -0.014056048590521052
grm_tilt_y = 2.305272977389463
grm_G = 222.82400430200664
grm_apex = 17.791083855762498
d_grm_cam  = 21.609820885748523
cam_dec_x = -0.3094756278111802
cam_dec_y = 0.24732509750924342
cam_tilt_x = -0.011043782022320712
cam_tilt_y = 0.003792673190826426
d_cam_ff  = -160.05711705095237
ccd_ff_dec_x = -0.002594520624910382
ccd_ff_dec_y = 0.05308187381236343
ccd_ff_tilt_x = 0.019535747306025877
ccd_ff_tilt_y = -0.5728022589454076
ccd_ff_tilt_z = 0.18005429868780087
d_ff_ccd  = -4.838932325217061
ccd_dec_x = 0.6214034307022298
ccd_dec_y = 5.157140869339408
ccd_defocus = 0.2806900837708033
ccd_tilt_x = 0.005020919067026501
ccd_tilt_y = -0.01088672176238571
ccd_tilt_z = 5.071139149405423e-06
p = 0.0001