slit_dec_x_a = -0.17046439356283252
slit_dec_y_a = -0.19601641234791425
slit_dec_x_b = 0.175
slit_dec_y_b = -2.208429730210111e-96
slit_defocus = 0.00552385504646348
slit_tilt_x = 1.1861390249273005
slit_tilt_y = -8.540051903901517
slit_tilt_z = -8.990874303273605
d_slit_col = 1594.294454221131
coll_tilt_x = 0.0888120791720276
coll_tilt_y = -0.031701390310034314
ech_G = 31.61067550688118
ech_blaze = -74.97698100430449
ech_gamma = 1.1405996760998833
echelle_z = 0.07509614818492924
d_col_trf = -1588.0185668459358
trf_mirror_tilt_x = 0.13872882950482712
trf_mirror_tilt_y = 0.07757920313560172
d_col_grm = -0.009525328571480626
grism_dec_x = 236.43431039699018
grism_dec_y = 0.03422268607297597
grm_tilt_x = -0.01583685173379664
grm_tilt_y = 2.304386018016149
grm_G = 222.8252240414343
grm_apex = 17.815109147552764
d_grm_cam  = 21.608484800049997
cam_dec_x = -0.3021047596082374
cam_dec_y = 0.2503854541809824
cam_tilt_x = -0.01815555661227432
cam_tilt_y = -0.015012772800552673
d_cam_ff  = -160.40093876886561
ccd_ff_dec_x = -0.003555869822672808
ccd_ff_dec_y = 0.00012675959627976563
ccd_ff_tilt_x = 0.14600936251099036
ccd_ff_tilt_y = -0.5720590984158536
ccd_ff_tilt_z = 0.17256217418606393
d_ff_ccd  = -4.811218652409438
ccd_dec_x = 0.6206391126150967
ccd_dec_y = 5.155268749559967
ccd_defocus = 0.31632129207481774
ccd_tilt_x = 0.007799255594988556
ccd_tilt_y = -0.014017396648191563
ccd_tilt_z = 3.2203925434575637e-06
p = 1.0591818181818182e-05