slit_dec_x_a = -0.181778666534
slit_dec_y_a = -0.18243150017
slit_dec_x_b = 0.14512077562974193
slit_dec_y_b = -0.05510809031835813
slit_defocus = -0.002188490278339869
slit_tilt_x = 1.1347080466777646
slit_tilt_y = -8.568292450493907
slit_tilt_z = -9.003594038697345
d_slit_col = 1594.303911762884
coll_tilt_x = 0.08646858648341002
coll_tilt_y = -0.02204921895909183
ech_G = 31.610900631296342
ech_blaze = -74.9955872597491
ech_gamma = 1.1582070372813231
echelle_z = 0.05699869777908425
d_col_trf = -1588.0162016819104
trf_mirror_tilt_x = 0.12250918940629632
trf_mirror_tilt_y = 0.018711046847875265
d_col_grm = 0.014981224213204702
grism_dec_x = 236.39748244989178
grism_dec_y = -0.005064948426631318
grm_tilt_x = -0.02479925748610045
grm_tilt_y = 2.3274759437419568
grm_G = 222.78565923753587
grm_apex = 17.80915884747777
d_grm_cam  = 21.604583073526644
cam_dec_x = -0.28363421059596483
cam_dec_y = 0.2897531337354048
cam_tilt_x = 0.00433638595368721
cam_tilt_y = -0.027824932292612025
d_cam_ff  = -160.56960551519202
ccd_ff_dec_x = -0.022918874835063403
ccd_ff_dec_y = -0.047779474086799806
ccd_ff_tilt_x = 0.1650413688451374
ccd_ff_tilt_y = -0.5895254116200362
ccd_ff_tilt_z = 0.1716640219937556
d_ff_ccd  = -4.785386523570927
ccd_dec_x = 0.551969438445432
ccd_dec_y = 5.106488104473944
ccd_defocus = 0.31583771500700475
ccd_tilt_x = 0.021417658544826065
ccd_tilt_y = -0.0042306855021991
ccd_tilt_z = 3.030100483130689e-07
p = 1.0591818181818182e-05