slit_dec_x_a = -0.1704010755187174
slit_dec_y_a = -0.1956586180351446
slit_dec_x_b = 0.175
slit_dec_y_b = -1.8557975298772228e-96
slit_defocus = 0.021343715510109017
slit_tilt_x = 1.1139996515363355
slit_tilt_y = -8.538419824154566
slit_tilt_z = -8.991630945681276
d_slit_col = 1594.310001024522
coll_tilt_x = 0.1131422558842432
coll_tilt_y = -0.028885176546631676
ech_G = 31.613232857636334
ech_blaze = -74.97483741160123
ech_gamma = 1.1389790451962898
echelle_z = 0.07476494115873036
d_col_trf = -1588.0172258105144
trf_mirror_tilt_x = 0.026361408954294067
trf_mirror_tilt_y = 0.16227996133244313
d_col_grm = -0.004820963073871463
grism_dec_x = 236.42326092175165
grism_dec_y = 0.03818273962620397
grm_tilt_x = -0.014052378684412555
grm_tilt_y = 2.305286480715152
grm_G = 222.82400681181232
grm_apex = 17.79105032896954
d_grm_cam  = 21.60982026659124
cam_dec_x = -0.30948082668009347
cam_dec_y = 0.2472732612664282
cam_tilt_x = -0.011075041628860575
cam_tilt_y = 0.0037471664270833966
d_cam_ff  = -160.05768415915296
ccd_ff_dec_x = -0.0025996265607250795
ccd_ff_dec_y = 0.05307027824820807
ccd_ff_tilt_x = 0.019554781675287528
ccd_ff_tilt_y = -0.5727993113246851
ccd_ff_tilt_z = 0.18005255889907398
d_ff_ccd  = -4.838975762158723
ccd_dec_x = 0.6214079992453738
ccd_dec_y = 5.157147743169442
ccd_defocus = 0.2807574272542745
ccd_tilt_x = 0.005055927690476709
ccd_tilt_y = -0.01093159946336886
ccd_tilt_z = 5.100270326128448e-06
p = 0.0001