slit_dec_x_a = -0.17040212057332577
slit_dec_y_a = -0.195810933387485
slit_dec_x_b = 0.175
slit_dec_y_b = -2.566830125246231e-96
slit_defocus = 0.005512736086288075
slit_tilt_x = 1.1861252248654826
slit_tilt_y = -8.540107448607186
slit_tilt_z = -8.990825258877358
d_slit_col = 1594.2944438327706
coll_tilt_x = 0.08855528688653991
coll_tilt_y = -0.03178581086411971
ech_G = 31.610666607978253
ech_blaze = -74.97709493981004
ech_gamma = 1.1404242914180112
echelle_z = 0.07540401025729034
d_col_trf = -1588.018604065289
trf_mirror_tilt_x = 0.13865464357698137
trf_mirror_tilt_y = 0.07753318869518976
d_col_grm = -0.009537756111421328
grism_dec_x = 236.43432113179716
grism_dec_y = 0.03423160440556335
grm_tilt_x = -0.015851888035458863
grm_tilt_y = 2.3043540296673184
grm_G = 222.8251781027752
grm_apex = 17.815129776678763
d_grm_cam  = 21.60848670277214
cam_dec_x = -0.30209355656568787
cam_dec_y = 0.2503375833394521
cam_tilt_x = -0.018250611101961654
cam_tilt_y = -0.015024274540589216
d_cam_ff  = -160.40096016970608
ccd_ff_dec_x = -0.0035374672082537713
ccd_ff_dec_y = 0.0001864104448284069
ccd_ff_tilt_x = 0.14601265191966556
ccd_ff_tilt_y = -0.5720113903130228
ccd_ff_tilt_z = 0.17256994229916878
d_ff_ccd  = -4.811214065004403
ccd_dec_x = 0.6206330951092259
ccd_dec_y = 5.155282576710804
ccd_defocus = 0.31631121329006606
ccd_tilt_x = 0.007786345520385489
ccd_tilt_y = -0.014008351332183457
ccd_tilt_z = 3.29427720414637e-06
p = 9.395416666666667e-06