slit_dec_x_a = -0.181778666534
slit_dec_y_a = -0.18243150017
slit_dec_x_b = 0.14512077562974193
slit_dec_y_b = -0.05510809031835813
slit_defocus = -0.0022053345024186416
slit_tilt_x = 1.1346843212566655
slit_tilt_y = -8.568380596643513
slit_tilt_z = -9.003588297494193
d_slit_col = 1594.303997644976
coll_tilt_x = 0.08647997680626815
coll_tilt_y = -0.022056138335067695
ech_G = 31.61091957945587
ech_blaze = -74.99570734722231
ech_gamma = 1.158137542083795
echelle_z = 0.05677138636665911
d_col_trf = -1588.0163321407895
trf_mirror_tilt_x = 0.12249175508695576
trf_mirror_tilt_y = 0.018712258276665436
d_col_grm = 0.014959619491093413
grism_dec_x = 236.39747062113287
grism_dec_y = -0.005070002455022405
grm_tilt_x = -0.02464972192734433
grm_tilt_y = 2.327335874335921
grm_G = 222.78576613588083
grm_apex = 17.809073742293002
d_grm_cam  = 21.60485621370573
cam_dec_x = -0.2836262231526079
cam_dec_y = 0.28976521364205193
cam_tilt_x = 0.004334799641709783
cam_tilt_y = -0.02777847426405031
d_cam_ff  = -160.56947721118408
ccd_ff_dec_x = -0.02285407543549557
ccd_ff_dec_y = -0.04776997361761907
ccd_ff_tilt_x = 0.16502786459868085
ccd_ff_tilt_y = -0.589388967585885
ccd_ff_tilt_z = 0.17181646804112233
d_ff_ccd  = -4.785381848378952
ccd_dec_x = 0.5518047412940785
ccd_dec_y = 5.106441664004708
ccd_defocus = 0.3158507903651392
ccd_tilt_x = 0.02138608226613584
ccd_tilt_y = -0.00421966450640166
ccd_tilt_z = 2.3041469083942892e-07
p = 9.395416666666667e-06