slit_dec_x_a = -0.1704010755187174
slit_dec_y_a = -0.1956586180351446
slit_dec_x_b = 0.175
slit_dec_y_b = -1.874742122463753e-96
slit_defocus = 0.021359506880807785
slit_tilt_x = 1.1140068844874516
slit_tilt_y = -8.538475658800381
slit_tilt_z = -8.991589469727398
d_slit_col = 1594.3099723944656
coll_tilt_x = 0.1131569366585152
coll_tilt_y = -0.028924178783364955
ech_G = 31.61322936848185
ech_blaze = -74.9748275483506
ech_gamma = 1.1389739753669779
echelle_z = 0.07477325291153408
d_col_trf = -1588.0172307284693
trf_mirror_tilt_x = 0.026309338234286942
trf_mirror_tilt_y = 0.1621557217546531
d_col_grm = -0.004847201997987652
grism_dec_x = 236.42330500196135
grism_dec_y = 0.03817520217370251
grm_tilt_x = -0.014055210947676424
grm_tilt_y = 2.3052746903288908
grm_G = 222.82400569816662
grm_apex = 17.7910117172287
d_grm_cam  = 21.609820048275523
cam_dec_x = -0.30956141609067594
cam_dec_y = 0.24720702359532656
cam_tilt_x = -0.01106959149915114
cam_tilt_y = 0.0038121564559522422
d_cam_ff  = -160.05705471745173
ccd_ff_dec_x = -0.00259627812697265
ccd_ff_dec_y = 0.05304136624139896
ccd_ff_tilt_x = 0.019501515579177082
ccd_ff_tilt_y = -0.5728088916951968
ccd_ff_tilt_z = 0.1800530974667065
d_ff_ccd  = -4.83892299727234
ccd_dec_x = 0.6214039355824957
ccd_dec_y = 5.15715061227678
ccd_defocus = 0.2807414361859849
ccd_tilt_x = 0.004969022770803224
ccd_tilt_y = -0.010868531463492127
ccd_tilt_z = 5.1093872606934656e-06
p = 0.0001