slit_dec_x_a = -0.181778666534
slit_dec_y_a = -0.18243150017
slit_dec_x_b = 0.14512077562974193
slit_dec_y_b = -0.05510809031835813
slit_defocus = -0.013766436056533774
slit_tilt_x = 1.0540612662308884
slit_tilt_y = -8.55996859718877
slit_tilt_z = -9.026810275301765
d_slit_col = 1594.2902572631942
coll_tilt_x = 0.12141055250128326
coll_tilt_y = -0.026481435717381888
ech_G = 31.614559718069767
ech_blaze = -74.99488745996359
ech_gamma = 1.1556389579038016
echelle_z = 0.05700184947062034
d_col_trf = -1588.0163700983446
trf_mirror_tilt_x = 0.0072465520834867824
trf_mirror_tilt_y = 0.15542047839075013
d_col_grm = 0.03562901383068601
grism_dec_x = 236.38321863818447
grism_dec_y = 0.009181280351856043
grm_tilt_x = -0.023506545131410855
grm_tilt_y = 2.3257823177847956
grm_G = 222.78406356862092
grm_apex = 17.76654599859136
d_grm_cam  = 21.604707051360727
cam_dec_x = -0.2711362731717773
cam_dec_y = 0.29090800760230434
cam_tilt_x = 0.012490071741372925
cam_tilt_y = 0.008720345106864055
d_cam_ff  = -160.07709886011816
ccd_ff_dec_x = -0.023803730398330357
ccd_ff_dec_y = 0.04204597563100582
ccd_ff_tilt_x = 0.03348997300771452
ccd_ff_tilt_y = -0.5909859935708441
ccd_ff_tilt_z = 0.17191165311230763
d_ff_ccd  = -4.816031947736377
ccd_dec_x = 0.5532977979632595
ccd_dec_y = 5.107630692410514
ccd_defocus = 0.2857460280147314
ccd_tilt_x = 0.032580904874543286
ccd_tilt_y = -0.0021200136040680764
ccd_tilt_z = 4.706392152690564e-06
p = 0.0001