slit_dec_x_a = -0.181778666534
slit_dec_y_a = -0.18243150017
slit_dec_x_b = 0.14512077562974193
slit_dec_y_b = -0.05510809031835813
slit_defocus = -0.0022158006613887385
slit_tilt_x = 1.1346840350252172
slit_tilt_y = -8.568301059571263
slit_tilt_z = -9.003624310865622
d_slit_col = 1594.3039195340068
coll_tilt_x = 0.08643067720865255
coll_tilt_y = -0.022038596046013888
ech_G = 31.610914854865843
ech_blaze = -74.99573826127308
ech_gamma = 1.1581684602396578
echelle_z = 0.05717500860008943
d_col_trf = -1588.0163177096936
trf_mirror_tilt_x = 0.12252799039000277
trf_mirror_tilt_y = 0.018679872862739845
d_col_grm = 0.014994282066671825
grism_dec_x = 236.39748855795244
grism_dec_y = -0.005042181469361737
grm_tilt_x = -0.024691883321377568
grm_tilt_y = 2.3274413898146027
grm_G = 222.78566584657014
grm_apex = 17.80914158606805
d_grm_cam  = 21.604471206291578
cam_dec_x = -0.28361687345224973
cam_dec_y = 0.289724110386283
cam_tilt_x = 0.004341204483040746
cam_tilt_y = -0.027804183617653057
d_cam_ff  = -160.5697237043141
ccd_ff_dec_x = -0.022886194679706325
ccd_ff_dec_y = -0.04778664596127286
ccd_ff_tilt_x = 0.1650601688724493
ccd_ff_tilt_y = -0.5895351063039148
ccd_ff_tilt_z = 0.17177015636428788
d_ff_ccd  = -4.78537321018175
ccd_dec_x = 0.5519552292764616
ccd_dec_y = 5.106412838858349
ccd_defocus = 0.31578282124112184
ccd_tilt_x = 0.021388310164697517
ccd_tilt_y = -0.004200031910935594
ccd_tilt_z = 3.203629012416556e-07
p = 1.3023333333333335e-05