slit_dec_x_a = -0.181778666534
slit_dec_y_a = -0.18243150017
slit_dec_x_b = 0.14512077562974193
slit_dec_y_b = -0.05510809031835813
slit_defocus = -0.002191135553369216
slit_tilt_x = 1.1347005427211392
slit_tilt_y = -8.568285857092258
slit_tilt_z = -9.003607844980838
d_slit_col = 1594.3039246919031
coll_tilt_x = 0.0864080152336491
coll_tilt_y = -0.02203618389537488
ech_G = 31.610915149078373
ech_blaze = -74.99573643049924
ech_gamma = 1.1581776076331936
echelle_z = 0.05721766796400848
d_col_trf = -1588.0162145082802
trf_mirror_tilt_x = 0.1225277685996393
trf_mirror_tilt_y = 0.018665098900081185
d_col_grm = 0.015011396065431355
grism_dec_x = 236.39748490230866
grism_dec_y = -0.00503032861485462
grm_tilt_x = -0.024732404391669037
grm_tilt_y = 2.3274227604859017
grm_G = 222.78574616412916
grm_apex = 17.809153314402195
d_grm_cam  = 21.604497634139175
cam_dec_x = -0.28360082027038
cam_dec_y = 0.2897131460479488
cam_tilt_x = 0.004324412976095916
cam_tilt_y = -0.027780263620237645
d_cam_ff  = -160.5696805365931
ccd_ff_dec_x = -0.0227492804308247
ccd_ff_dec_y = -0.04778520722564405
ccd_ff_tilt_x = 0.16503415800175203
ccd_ff_tilt_y = -0.5895522618265234
ccd_ff_tilt_z = 0.17181310960834903
d_ff_ccd  = -4.785371155653589
ccd_dec_x = 0.5519297152195782
ccd_dec_y = 5.106346945756498
ccd_defocus = 0.3157984467133086
ccd_tilt_x = 0.021380437992477838
ccd_tilt_y = -0.0042086229396424354
ccd_tilt_z = 2.9468949136989045e-07
p = 1.1006363636363636e-05