slit_dec_x_a = -0.1704010755187174
slit_dec_y_a = -0.1956586180351446
slit_dec_x_b = 0.175
slit_dec_y_b = -1.7858607023653445e-96
slit_defocus = 0.021368004940473726
slit_tilt_x = 1.1140897782127546
slit_tilt_y = -8.538452516130247
slit_tilt_z = -8.991645434566498
d_slit_col = 1594.3099883204145
coll_tilt_x = 0.11325789809106236
coll_tilt_y = -0.028960775958807302
ech_G = 31.61323070043952
ech_blaze = -74.97482532493561
ech_gamma = 1.1389780676693992
echelle_z = 0.07477434003576051
d_col_trf = -1588.0172332300929
trf_mirror_tilt_x = 0.026319387349915093
trf_mirror_tilt_y = 0.16224165936040766
d_col_grm = -0.004876083412132333
grism_dec_x = 236.42326136138325
grism_dec_y = 0.03812991139188047
grm_tilt_x = -0.014053746269470927
grm_tilt_y = 2.305275733838484
grm_G = 222.82400546271833
grm_apex = 17.791053672058446
d_grm_cam  = 21.609820067046268
cam_dec_x = -0.30954639141425855
cam_dec_y = 0.24732064495805062
cam_tilt_x = -0.010985221590460358
cam_tilt_y = 0.0038321675872918185
d_cam_ff  = -160.0572433870182
ccd_ff_dec_x = -0.002597880674945358
ccd_ff_dec_y = 0.05310235449660963
ccd_ff_tilt_x = 0.019521902570427883
ccd_ff_tilt_y = -0.5727987286440195
ccd_ff_tilt_z = 0.18005367426473695
d_ff_ccd  = -4.838925260635944
ccd_dec_x = 0.6214014923695448
ccd_dec_y = 5.157149171002602
ccd_defocus = 0.28074551065042525
ccd_tilt_x = 0.005010140399389265
ccd_tilt_y = -0.010853032374546717
ccd_tilt_z = 5.0719608659643535e-06
p = 0.0001