slit_dec_x_a = -0.1704297105386542
slit_dec_y_a = -0.19608193681932187
slit_dec_x_b = 0.175
slit_dec_y_b = -2.1591253635059723e-96
slit_defocus = 0.005556819300221146
slit_tilt_x = 1.1861237750748435
slit_tilt_y = -8.540005430442932
slit_tilt_z = -8.990845940547466
d_slit_col = 1594.2944642660668
coll_tilt_x = 0.08881849947255104
coll_tilt_y = -0.031734907565801794
ech_G = 31.610671433441
ech_blaze = -74.97681806108432
ech_gamma = 1.140530393526392
echelle_z = 0.07481975274732937
d_col_trf = -1588.0185454071482
trf_mirror_tilt_x = 0.13865701933745686
trf_mirror_tilt_y = 0.07759091356166148
d_col_grm = -0.009542621566999721
grism_dec_x = 236.43433062314398
grism_dec_y = 0.03421103873011242
grm_tilt_x = -0.015648612126937942
grm_tilt_y = 2.3043659389559137
grm_G = 222.82519936810007
grm_apex = 17.81510868789643
d_grm_cam  = 21.608466138449913
cam_dec_x = -0.30215554225943947
cam_dec_y = 0.2503575684272408
cam_tilt_x = -0.01859595179889023
cam_tilt_y = -0.01504150533836615
d_cam_ff  = -160.400952493483
ccd_ff_dec_x = -0.0035002473487799547
ccd_ff_dec_y = 0.00018069340233305516
ccd_ff_tilt_x = 0.14603655191437043
ccd_ff_tilt_y = -0.5720850217111406
ccd_ff_tilt_z = 0.17260024103484567
d_ff_ccd  = -4.811240996790398
ccd_dec_x = 0.6206956038615736
ccd_dec_y = 5.15528343382156
ccd_defocus = 0.3163070071846005
ccd_tilt_x = 0.00774505565561779
ccd_tilt_y = -0.014050064771782302
ccd_tilt_z = 3.1456471419892843e-06
p = 4.941363636363638e-06