slit_dec_x_a = -0.181778666534
slit_dec_y_a = -0.18243150017
slit_dec_x_b = 0.14512077562974193
slit_dec_y_b = -0.05510809031835813
slit_defocus = -0.0022079118715278524
slit_tilt_x = 1.1347028766036589
slit_tilt_y = -8.568267107542528
slit_tilt_z = -9.003664761593983
d_slit_col = 1594.3039263344021
coll_tilt_x = 0.08643498267887714
coll_tilt_y = -0.02206278142840841
ech_G = 31.61088182662836
ech_blaze = -74.99553764885674
ech_gamma = 1.1581314485733343
echelle_z = 0.0573795220329281
d_col_trf = -1588.0163537015576
trf_mirror_tilt_x = 0.12252327716401679
trf_mirror_tilt_y = 0.01869272520267246
d_col_grm = 0.015021605479875971
grism_dec_x = 236.39747495820993
grism_dec_y = -0.005019687390895624
grm_tilt_x = -0.024734179030919387
grm_tilt_y = 2.3273110553963896
grm_G = 222.7857278858433
grm_apex = 17.80915731543323
d_grm_cam  = 21.604309035781537
cam_dec_x = -0.28361855173143047
cam_dec_y = 0.2897240847437492
cam_tilt_x = 0.004336713480935642
cam_tilt_y = -0.02780579345893429
d_cam_ff  = -160.56963543484628
ccd_ff_dec_x = -0.022788109649163297
ccd_ff_dec_y = -0.047799654409077685
ccd_ff_tilt_x = 0.16502887437750072
ccd_ff_tilt_y = -0.5897050166269653
ccd_ff_tilt_z = 0.1717545499423901
d_ff_ccd  = -4.785383008006441
ccd_dec_x = 0.5519095216004928
ccd_dec_y = 5.1062156739467515
ccd_defocus = 0.3157971165642236
ccd_tilt_x = 0.02137078146077014
ccd_tilt_y = -0.004203330955661559
ccd_tilt_z = 3.4527116944008023e-07
p = 4.941363636363638e-06