slit_dec_x_a = -0.181778666534
slit_dec_y_a = -0.18243150017
slit_dec_x_b = 0.14512077562974193
slit_dec_y_b = -0.05510809031835813
slit_defocus = -0.013752923378066672
slit_tilt_x = 1.0540945371461303
slit_tilt_y = -8.559873745361468
slit_tilt_z = -9.02683858991388
d_slit_col = 1594.2902822236563
coll_tilt_x = 0.12139924544093238
coll_tilt_y = -0.026532957857495015
ech_G = 31.61455617090452
ech_blaze = -74.99488133455725
ech_gamma = 1.1556400906818525
echelle_z = 0.05700107560653091
d_col_trf = -1588.0163691568748
trf_mirror_tilt_x = 0.007293842835672616
trf_mirror_tilt_y = 0.15543347543900474
d_col_grm = 0.035695891984606674
grism_dec_x = 236.38325119654695
grism_dec_y = 0.009241727591092186
grm_tilt_x = -0.023512054309299715
grm_tilt_y = 2.3257865188478055
grm_G = 222.78406685417838
grm_apex = 17.766523400569735
d_grm_cam  = 21.604698733729304
cam_dec_x = -0.27110387228926913
cam_dec_y = 0.29087143108190827
cam_tilt_x = 0.012476839158769477
cam_tilt_y = 0.008851607830060572
d_cam_ff  = -160.07706986576318
ccd_ff_dec_x = -0.023800537452264313
ccd_ff_dec_y = 0.0420413168981644
ccd_ff_tilt_x = 0.033448853565259916
ccd_ff_tilt_y = -0.5909823054475469
ccd_ff_tilt_z = 0.17191460761178648
d_ff_ccd  = -4.815973813768932
ccd_dec_x = 0.5532946654798454
ccd_dec_y = 5.107636716857255
ccd_defocus = 0.2858157585479961
ccd_tilt_x = 0.03262756358455477
ccd_tilt_y = -0.002146629989146625
ccd_tilt_z = 4.675025908474785e-06
p = 0.0001