slit_dec_x_a = -0.17043309892323627
slit_dec_y_a = -0.19599841992047748
slit_dec_x_b = 0.175
slit_dec_y_b = -2.161288326552777e-96
slit_defocus = 0.005549597322990366
slit_tilt_x = 1.1861211263612157
slit_tilt_y = -8.539995909581519
slit_tilt_z = -8.990850129671564
d_slit_col = 1594.2944569799736
coll_tilt_x = 0.08881016479150428
coll_tilt_y = -0.03172448911140629
ech_G = 31.610682760582073
ech_blaze = -74.97683975268225
ech_gamma = 1.1405199794084202
echelle_z = 0.07487988789901501
d_col_trf = -1588.0185786248583
trf_mirror_tilt_x = 0.13865202392451745
trf_mirror_tilt_y = 0.07758299137186281
d_col_grm = -0.00954654971743258
grism_dec_x = 236.43431597510562
grism_dec_y = 0.03419947617951063
grm_tilt_x = -0.01571633708783976
grm_tilt_y = 2.3043719623315817
grm_G = 222.82518621956675
grm_apex = 17.815109850573652
d_grm_cam  = 21.608479512010128
cam_dec_x = -0.30217025819909366
cam_dec_y = 0.2503628578393411
cam_tilt_x = -0.018628568566071875
cam_tilt_y = -0.015055011056212488
d_cam_ff  = -160.40094665913406
ccd_ff_dec_x = -0.003517937831732022
ccd_ff_dec_y = 0.00017071939565298735
ccd_ff_tilt_x = 0.14603240090815295
ccd_ff_tilt_y = -0.5720739227605331
ccd_ff_tilt_z = 0.17260291562289376
d_ff_ccd  = -4.811246035827478
ccd_dec_x = 0.6206906111520721
ccd_dec_y = 5.1552846215903045
ccd_defocus = 0.31630568511658236
ccd_tilt_x = 0.007734620101679782
ccd_tilt_y = -0.01403164784250066
ccd_tilt_z = 3.140098860111957e-06
p = 8.784727272727273e-06