slit_dec_x_a = -0.181778666534
slit_dec_y_a = -0.18243150017
slit_dec_x_b = 0.14512077562974193
slit_dec_y_b = -0.05510809031835813
slit_defocus = -0.013777951200306253
slit_tilt_x = 1.0540878463403562
slit_tilt_y = -8.55996635974876
slit_tilt_z = -9.026883766056509
d_slit_col = 1594.2902737172174
coll_tilt_x = 0.12146808405259298
coll_tilt_y = -0.026524163449152812
ech_G = 31.61456638693409
ech_blaze = -74.9948927251055
ech_gamma = 1.1556425580351308
echelle_z = 0.05700319872604247
d_col_trf = -1588.0163632576287
trf_mirror_tilt_x = 0.007320236083557499
trf_mirror_tilt_y = 0.15550406678376996
d_col_grm = 0.03565663541024465
grism_dec_x = 236.38315042875942
grism_dec_y = 0.009220624110978884
grm_tilt_x = -0.02350234440301275
grm_tilt_y = 2.325795180494987
grm_G = 222.78406935008888
grm_apex = 17.766481612520924
d_grm_cam  = 21.6047016862998
cam_dec_x = -0.2710739446238602
cam_dec_y = 0.29084548949750316
cam_tilt_x = 0.012474633735817009
cam_tilt_y = 0.00882246237157177
d_cam_ff  = -160.07712966421386
ccd_ff_dec_x = -0.02380798871515091
ccd_ff_dec_y = 0.042013889829361384
ccd_ff_tilt_x = 0.03346488229125681
ccd_ff_tilt_y = -0.5909789785622084
ccd_ff_tilt_z = 0.1719232602462818
d_ff_ccd  = -4.816008941443287
ccd_dec_x = 0.5532927831879277
ccd_dec_y = 5.107633367923812
ccd_defocus = 0.2857245247977157
ccd_tilt_x = 0.03263841914274532
ccd_tilt_y = -0.002113559020174881
ccd_tilt_z = 4.713860863052362e-06
p = 0.0001