slit_dec_x_a = -0.181778666534
slit_dec_y_a = -0.18243150017
slit_dec_x_b = 0.14512077562974193
slit_dec_y_b = -0.05510809031835813
slit_defocus = -0.0022121274848702246
slit_tilt_x = 1.134706723096766
slit_tilt_y = -8.568269471783685
slit_tilt_z = -9.003650724379108
d_slit_col = 1594.3039247473823
coll_tilt_x = 0.08642985233336625
coll_tilt_y = -0.022051209514574965
ech_G = 31.610883173832548
ech_blaze = -74.99552649242574
ech_gamma = 1.1581341760989825
echelle_z = 0.05737646447136752
d_col_trf = -1588.0163446775834
trf_mirror_tilt_x = 0.12253301023729267
trf_mirror_tilt_y = 0.018691721670188986
d_col_grm = 0.015023134147077597
grism_dec_x = 236.3974669001321
grism_dec_y = -0.005017746408048405
grm_tilt_x = -0.02474071106151965
grm_tilt_y = 2.3273052670488283
grm_G = 222.78573253847517
grm_apex = 17.809154801465848
d_grm_cam  = 21.604299211471904
cam_dec_x = -0.28361555357707185
cam_dec_y = 0.28971498809888796
cam_tilt_x = 0.0043337480963398555
cam_tilt_y = -0.0278052405039253
d_cam_ff  = -160.5695873411227
ccd_ff_dec_x = -0.022764561872792136
ccd_ff_dec_y = -0.04779562613327577
ccd_ff_tilt_x = 0.16502123725119758
ccd_ff_tilt_y = -0.5897191352705634
ccd_ff_tilt_z = 0.17178231620109247
d_ff_ccd  = -4.785386505792624
ccd_dec_x = 0.5519210260137107
ccd_dec_y = 5.106206926710997
ccd_defocus = 0.3157983623812256
ccd_tilt_x = 0.02137799347320133
ccd_tilt_y = -0.004204046758063105
ccd_tilt_z = 3.69958792715237e-07
p = 6.125818181818182e-06