slit_dec_x_a = -0.17042096339897242
slit_dec_y_a = -0.1960220858895715
slit_dec_x_b = 0.175
slit_dec_y_b = -2.1858296833181154e-96
slit_defocus = 0.005553887601947724
slit_tilt_x = 1.1861205222013635
slit_tilt_y = -8.54000594712117
slit_tilt_z = -8.990857394231549
d_slit_col = 1594.294467292978
coll_tilt_x = 0.08879921002029842
coll_tilt_y = -0.031737071950662256
ech_G = 31.610667800253083
ech_blaze = -74.9768118344354
ech_gamma = 1.140527667454408
echelle_z = 0.07482958846067336
d_col_trf = -1588.0185584386586
trf_mirror_tilt_x = 0.13865928207185318
trf_mirror_tilt_y = 0.07759371196659716
d_col_grm = -0.00954603697388209
grism_dec_x = 236.4343231694428
grism_dec_y = 0.03420630615001984
grm_tilt_x = -0.015657705290514773
grm_tilt_y = 2.3043685937435656
grm_G = 222.82518997589557
grm_apex = 17.815102894386367
d_grm_cam  = 21.60847840383606
cam_dec_x = -0.3021548899218671
cam_dec_y = 0.2503577541352657
cam_tilt_x = -0.018577476038829942
cam_tilt_y = -0.015047843158587142
d_cam_ff  = -160.40095233462392
ccd_ff_dec_x = -0.0035060721319579605
ccd_ff_dec_y = 0.00017750705383868734
ccd_ff_tilt_x = 0.14603799627188602
ccd_ff_tilt_y = -0.5720810228652983
ccd_ff_tilt_z = 0.17260343237506393
d_ff_ccd  = -4.811252046228668
ccd_dec_x = 0.6206932955629257
ccd_dec_y = 5.155286803938686
ccd_defocus = 0.31630892826754864
ccd_tilt_x = 0.007737530058638328
ccd_tilt_y = -0.014038965602910205
ccd_tilt_z = 3.146070064772276e-06
p = 6.125818181818182e-06