slit_dec_x_a = -0.181778666534
slit_dec_y_a = -0.18243150017
slit_dec_x_b = 0.14512077562974193
slit_dec_y_b = -0.05510809031835813
slit_defocus = -0.0022016913696391153
slit_tilt_x = 1.1346792555013936
slit_tilt_y = -8.568358793963647
slit_tilt_z = -9.003612673375095
d_slit_col = 1594.303964164123
coll_tilt_x = 0.08644472657550094
coll_tilt_y = -0.022062429984468487
ech_G = 31.610878818267338
ech_blaze = -74.99546583164776
ech_gamma = 1.1581457751493647
echelle_z = 0.05677538693847382
d_col_trf = -1588.0164306705528
trf_mirror_tilt_x = 0.12252816043982
trf_mirror_tilt_y = 0.018699436739922335
d_col_grm = 0.015002332226341092
grism_dec_x = 236.39747417734668
grism_dec_y = -0.005065666540942088
grm_tilt_x = -0.024647844626616303
grm_tilt_y = 2.3273326718429974
grm_G = 222.78574904636793
grm_apex = 17.80910650240719
d_grm_cam  = 21.604758619701446
cam_dec_x = -0.28363646762434963
cam_dec_y = 0.28976877576055116
cam_tilt_x = 0.0043282908143575894
cam_tilt_y = -0.027785596851341236
d_cam_ff  = -160.56963951399993
ccd_ff_dec_x = -0.02287703705758349
ccd_ff_dec_y = -0.047773360390991074
ccd_ff_tilt_x = 0.1650421035100009
ccd_ff_tilt_y = -0.5893632631606596
ccd_ff_tilt_z = 0.17188524654771856
d_ff_ccd  = -4.785370811169224
ccd_dec_x = 0.5518843141772779
ccd_dec_y = 5.106439649128098
ccd_defocus = 0.31582035950457155
ccd_tilt_x = 0.021395229429180346
ccd_tilt_y = -0.004206271664836038
ccd_tilt_z = 2.3528340650475714e-07
p = 8.496727272727272e-06