slit_dec_x_a = -0.181778666534
slit_dec_y_a = -0.18243150017
slit_dec_x_b = 0.14512077562974193
slit_dec_y_b = -0.05510809031835813
slit_defocus = -0.013748815886400194
slit_tilt_x = 1.0541240649653592
slit_tilt_y = -8.559991900240647
slit_tilt_z = -9.026769563227266
d_slit_col = 1594.2903085268897
coll_tilt_x = 0.12144938902355083
coll_tilt_y = -0.026549906098442985
ech_G = 31.614565007654562
ech_blaze = -74.99489376862068
ech_gamma = 1.155639546746102
echelle_z = 0.0570050839053772
d_col_trf = -1588.0163638978247
trf_mirror_tilt_x = 0.007273061892377863
trf_mirror_tilt_y = 0.15540076550393594
d_col_grm = 0.03569601969473922
grism_dec_x = 236.38320572561568
grism_dec_y = 0.009225848243712795
grm_tilt_x = -0.023505739729300094
grm_tilt_y = 2.325784749434727
grm_G = 222.78407858577125
grm_apex = 17.766446480382697
d_grm_cam  = 21.60470299518858
cam_dec_x = -0.27109371408256744
cam_dec_y = 0.29084753363988314
cam_tilt_x = 0.01235651508967168
cam_tilt_y = 0.008858403746900135
d_cam_ff  = -160.07692130992336
ccd_ff_dec_x = -0.023800488283204864
ccd_ff_dec_y = 0.04198118864350868
ccd_ff_tilt_x = 0.0335078458187125
ccd_ff_tilt_y = -0.5909744171230962
ccd_ff_tilt_z = 0.17191270821865554
d_ff_ccd  = -4.815952317285181
ccd_dec_x = 0.5532923907275549
ccd_dec_y = 5.107636744474115
ccd_defocus = 0.2857237404044614
ccd_tilt_x = 0.03256195691284359
ccd_tilt_y = -0.0021788644767330575
ccd_tilt_z = 4.638119806918686e-06
p = 0.0001