slit_dec_x_a = -0.1704010755187174
slit_dec_y_a = -0.1956586180351446
slit_dec_x_b = 0.175
slit_dec_y_b = -1.804837022481164e-96
slit_defocus = 0.021383834708683526
slit_tilt_x = 1.1140768461288941
slit_tilt_y = -8.53846335021859
slit_tilt_z = -8.991649340992387
d_slit_col = 1594.3100182623052
coll_tilt_x = 0.11318563249118581
coll_tilt_y = -0.028940617257742152
ech_G = 31.613230270472513
ech_blaze = -74.97483214514705
ech_gamma = 1.138974287714295
echelle_z = 0.07477067430618536
d_col_trf = -1588.017230761162
trf_mirror_tilt_x = 0.026353446543899522
trf_mirror_tilt_y = 0.16231577671725614
d_col_grm = -0.0048596659137344796
grism_dec_x = 236.42343218639385
grism_dec_y = 0.0381589560126634
grm_tilt_x = -0.014051738966118244
grm_tilt_y = 2.3052837053821147
grm_G = 222.82400032709168
grm_apex = 17.791100907260272
d_grm_cam  = 21.609817153343485
cam_dec_x = -0.3096064052676332
cam_dec_y = 0.24735825643441198
cam_tilt_x = -0.011138269505669249
cam_tilt_y = 0.0037804169809384667
d_cam_ff  = -160.0577012735806
ccd_ff_dec_x = -0.0026048644588769687
ccd_ff_dec_y = 0.0529759346839572
ccd_ff_tilt_x = 0.019559132099888844
ccd_ff_tilt_y = -0.5728119675819674
ccd_ff_tilt_z = 0.1800538646340529
d_ff_ccd  = -4.839002260856629
ccd_dec_x = 0.6214066051740671
ccd_dec_y = 5.157148356923265
ccd_defocus = 0.2807846400267241
ccd_tilt_x = 0.005030231068277587
ccd_tilt_y = -0.010973690080654196
ccd_tilt_z = 5.145990520120286e-06
p = 0.0001