slit_dec_x_a = -0.181778666534
slit_dec_y_a = -0.18243150017
slit_dec_x_b = 0.14512077562974193
slit_dec_y_b = -0.05510809031835813
slit_defocus = -0.002214238838362972
slit_tilt_x = 1.134691960439584
slit_tilt_y = -8.568300769193165
slit_tilt_z = -9.003624519267781
d_slit_col = 1594.3039075754482
coll_tilt_x = 0.08643907103127212
coll_tilt_y = -0.022046397521474376
ech_G = 31.610910998771338
ech_blaze = -74.99571604639821
ech_gamma = 1.1581203492427041
echelle_z = 0.057200257753879435
d_col_trf = -1588.0161866839537
trf_mirror_tilt_x = 0.12249897889830137
trf_mirror_tilt_y = 0.018680655821391872
d_col_grm = 0.0149876859069034
grism_dec_x = 236.397494693894
grism_dec_y = -0.0050490119794808245
grm_tilt_x = -0.02480471237268115
grm_tilt_y = 2.327458972300496
grm_G = 222.78570837464
grm_apex = 17.809178814295844
d_grm_cam  = 21.604442155089167
cam_dec_x = -0.28362655408370635
cam_dec_y = 0.2897121308422857
cam_tilt_x = 0.0043647636586558415
cam_tilt_y = -0.02781159545240855
d_cam_ff  = -160.5696514350305
ccd_ff_dec_x = -0.023026295628944985
ccd_ff_dec_y = -0.047772876730394806
ccd_ff_tilt_x = 0.16505791331402653
ccd_ff_tilt_y = -0.5895971152050852
ccd_ff_tilt_z = 0.1718296086025654
d_ff_ccd  = -4.785357309467295
ccd_dec_x = 0.5519683117126467
ccd_dec_y = 5.106451507218805
ccd_defocus = 0.315804702254231
ccd_tilt_x = 0.02142192356194417
ccd_tilt_y = -0.00418707052857188
ccd_tilt_z = 2.4019853292713237e-07
p = 1.3546363636363638e-06