slit_dec_x_a = -0.17042804173587217
slit_dec_y_a = -0.19605899359494158
slit_dec_x_b = 0.175
slit_dec_y_b = -1.8755217762557174e-96
slit_defocus = 0.0055692953544873
slit_tilt_x = 1.1861182198382931
slit_tilt_y = -8.540011662036209
slit_tilt_z = -8.990856329314164
d_slit_col = 1594.2944405051257
coll_tilt_x = 0.08873914740390247
coll_tilt_y = -0.03177152533836309
ech_G = 31.610692581247122
ech_blaze = -74.97711880337522
ech_gamma = 1.1404127454695985
echelle_z = 0.07495419019256548
d_col_trf = -1588.01856302363
trf_mirror_tilt_x = 0.1387087848595291
trf_mirror_tilt_y = 0.0775950798306462
d_col_grm = -0.00952200005892501
grism_dec_x = 236.43427915423794
grism_dec_y = 0.03424211943571195
grm_tilt_x = -0.015778288794359482
grm_tilt_y = 2.3043677010320835
grm_G = 222.82517011174443
grm_apex = 17.815117170759503
d_grm_cam  = 21.608488615906797
cam_dec_x = -0.30212581590131754
cam_dec_y = 0.2503745495122851
cam_tilt_x = -0.018375952339781985
cam_tilt_y = -0.015033060777307825
d_cam_ff  = -160.40096971529098
ccd_ff_dec_x = -0.0035343733820638584
ccd_ff_dec_y = 0.0001455452135575781
ccd_ff_tilt_x = 0.1460189828188754
ccd_ff_tilt_y = -0.5721030939317596
ccd_ff_tilt_z = 0.1725720623454604
d_ff_ccd  = -4.811227645213865
ccd_dec_x = 0.6206701087681677
ccd_dec_y = 5.155270095133062
ccd_defocus = 0.31631145119226595
ccd_tilt_x = 0.007761185983604841
ccd_tilt_y = -0.01401048983395852
ccd_tilt_z = 3.1383925990019387e-06
p = 1.3546363636363638e-06