slit_dec_x_a = -0.181778666534
slit_dec_y_a = -0.18243150017
slit_dec_x_b = 0.14512077562974193
slit_dec_y_b = -0.05510809031835813
slit_defocus = -0.013726598349141356
slit_tilt_x = 1.0541516340145647
slit_tilt_y = -8.55998540302714
slit_tilt_z = -9.026897739253876
d_slit_col = 1594.2903139873958
coll_tilt_x = 0.12141905110718552
coll_tilt_y = -0.02644649560358069
ech_G = 31.61455670851008
ech_blaze = -74.99488742730954
ech_gamma = 1.1556386204490419
echelle_z = 0.057006243568111355
d_col_trf = -1588.0163689563408
trf_mirror_tilt_x = 0.0072935815294759045
trf_mirror_tilt_y = 0.15548269812112894
d_col_grm = 0.03567361532369755
grism_dec_x = 236.38323874298442
grism_dec_y = 0.009290873585249335
grm_tilt_x = -0.02350621678871345
grm_tilt_y = 2.3257878977400477
grm_G = 222.78407026475116
grm_apex = 17.766462833483818
d_grm_cam  = 21.604701546410155
cam_dec_x = -0.2711458446909668
cam_dec_y = 0.2909281976285888
cam_tilt_x = 0.01240904467769009
cam_tilt_y = 0.008845961135808537
d_cam_ff  = -160.0768290144924
ccd_ff_dec_x = -0.023804609047098486
ccd_ff_dec_y = 0.04201134170674427
ccd_ff_tilt_x = 0.033530614386937135
ccd_ff_tilt_y = -0.5909761318633225
ccd_ff_tilt_z = 0.17192023201790005
d_ff_ccd  = -4.816008215496579
ccd_dec_x = 0.5533030773972416
ccd_dec_y = 5.107626477341329
ccd_defocus = 0.2857558293813215
ccd_tilt_x = 0.03254258169619238
ccd_tilt_y = -0.0021366241828928378
ccd_tilt_z = 4.6457938489464375e-06
p = 0.0001