slit_dec_x_a = -0.1704010755187174
slit_dec_y_a = -0.1956586180351446
slit_dec_x_b = 0.175
slit_dec_y_b = -1.7593888738219712e-96
slit_defocus = 0.02142682383717753
slit_tilt_x = 1.114007247411927
slit_tilt_y = -8.538426485826916
slit_tilt_z = -8.991608168134624
d_slit_col = 1594.3099958657424
coll_tilt_x = 0.11318215010219655
coll_tilt_y = -0.028908590355791748
ech_G = 31.613226596458432
ech_blaze = -74.9748307469985
ech_gamma = 1.1389680727684612
echelle_z = 0.07477130136122621
d_col_trf = -1588.0172278799353
trf_mirror_tilt_x = 0.026296318820681463
trf_mirror_tilt_y = 0.1622884508566978
d_col_grm = -0.004833230139308168
grism_dec_x = 236.42337501167245
grism_dec_y = 0.038185961078702965
grm_tilt_x = -0.014050695147825839
grm_tilt_y = 2.305275694419016
grm_G = 222.8240019140856
grm_apex = 17.79103756935842
d_grm_cam  = 21.60981371755355
cam_dec_x = -0.309552652556787
cam_dec_y = 0.24732520602999813
cam_tilt_x = -0.011110380234836452
cam_tilt_y = 0.003741711624775524
d_cam_ff  = -160.05768508528146
ccd_ff_dec_x = -0.002597300665113926
ccd_ff_dec_y = 0.05297819763141014
ccd_ff_tilt_x = 0.019537261418332126
ccd_ff_tilt_y = -0.5728065720481228
ccd_ff_tilt_z = 0.1800481308829609
d_ff_ccd  = -4.838899235189858
ccd_dec_x = 0.6214090969513022
ccd_dec_y = 5.15714175206937
ccd_defocus = 0.28071837327970134
ccd_tilt_x = 0.005064312291879763
ccd_tilt_y = -0.010912474803577434
ccd_tilt_z = 5.06824322430213e-06
p = 0.0001