slit_dec_x_a = -0.181778666534
slit_dec_y_a = -0.18243150017
slit_dec_x_b = 0.14512077562974193
slit_dec_y_b = -0.05510809031835813
slit_defocus = -0.002187020944369796
slit_tilt_x = 1.1346532265113818
slit_tilt_y = -8.56821952686894
slit_tilt_z = -9.003633513814263
d_slit_col = 1594.3039447226172
coll_tilt_x = 0.0864582019801515
coll_tilt_y = -0.02201314922215562
ech_G = 31.61092483109416
ech_blaze = -74.99566277665036
ech_gamma = 1.1579849387942533
echelle_z = 0.057612344905802144
d_col_trf = -1588.0161385819301
trf_mirror_tilt_x = 0.12250746161407523
trf_mirror_tilt_y = 0.018645684427359276
d_col_grm = 0.015106074596976129
grism_dec_x = 236.39742730787867
grism_dec_y = -0.005019803225603001
grm_tilt_x = -0.025016018677779344
grm_tilt_y = 2.326918760887779
grm_G = 222.78584252069672
grm_apex = 17.809190617410138
d_grm_cam  = 21.604676038246517
cam_dec_x = -0.2836083074925012
cam_dec_y = 0.2896772680812109
cam_tilt_x = 0.004248499214023836
cam_tilt_y = -0.02777807869655254
d_cam_ff  = -160.5696403896089
ccd_ff_dec_x = -0.0228373539761889
ccd_ff_dec_y = -0.047769608609455234
ccd_ff_tilt_x = 0.16505516192553946
ccd_ff_tilt_y = -0.5895577720874929
ccd_ff_tilt_z = 0.17172419212355303
d_ff_ccd  = -4.785452994851831
ccd_dec_x = 0.551902897883585
ccd_dec_y = 5.106117148410187
ccd_defocus = 0.31578980115152844
ccd_tilt_x = 0.021316274612214976
ccd_tilt_y = -0.004209690799464352
ccd_tilt_z = 3.1765234415876634e-07
p = 2.6506666666666665e-06