slit_dec_x_a = -0.17038940799157026
slit_dec_y_a = -0.19571857293507877
slit_dec_x_b = 0.175
slit_dec_y_b = -1.5897883353982842e-96
slit_defocus = 0.005578087215672491
slit_tilt_x = 1.1861056551359357
slit_tilt_y = -8.539992890510865
slit_tilt_z = -8.990839152497527
d_slit_col = 1594.2944970793062
coll_tilt_x = 0.08876118592417193
coll_tilt_y = -0.03196547554733507
ech_G = 31.610678999250116
ech_blaze = -74.97691154379379
ech_gamma = 1.140253687664062
echelle_z = 0.0746901798531212
d_col_trf = -1588.0185176516056
trf_mirror_tilt_x = 0.13870989112748525
trf_mirror_tilt_y = 0.07752103899409905
d_col_grm = -0.009506408441463401
grism_dec_x = 236.43434696246283
grism_dec_y = 0.03417172098251394
grm_tilt_x = -0.0157787983695696
grm_tilt_y = 2.304373799604386
grm_G = 222.82517853693616
grm_apex = 17.815113097283913
d_grm_cam  = 21.608484113407116
cam_dec_x = -0.302109827387001
cam_dec_y = 0.2503112287497315
cam_tilt_x = -0.01868945926468286
cam_tilt_y = -0.015103962487185181
d_cam_ff  = -160.4009578542786
ccd_ff_dec_x = -0.0035084153233583305
ccd_ff_dec_y = 0.0002684436205012033
ccd_ff_tilt_x = 0.14604431035422574
ccd_ff_tilt_y = -0.5720750036115482
ccd_ff_tilt_z = 0.17258502307826007
d_ff_ccd  = -4.811332684127625
ccd_dec_x = 0.6206691187354639
ccd_dec_y = 5.155265845018201
ccd_defocus = 0.3162615700677991
ccd_tilt_x = 0.007757633890251539
ccd_tilt_y = -0.01409933197973847
ccd_tilt_z = 3.079635854049162e-06
p = 2.6506666666666665e-06