slit_dec_x_a = -0.181778666534
slit_dec_y_a = -0.18243150017
slit_dec_x_b = 0.14512077562974193
slit_dec_y_b = -0.05510809031835813
slit_defocus = -0.013730168191972052
slit_tilt_x = 1.054063626158365
slit_tilt_y = -8.559934181604541
slit_tilt_z = -9.026883354819597
d_slit_col = 1594.2902986687604
coll_tilt_x = 0.12137099816472496
coll_tilt_y = -0.026481465282801393
ech_G = 31.614559677463248
ech_blaze = -74.99488500230348
ech_gamma = 1.1556388439623597
echelle_z = 0.05700122036043813
d_col_trf = -1588.0163642733985
trf_mirror_tilt_x = 0.007240958993048876
trf_mirror_tilt_y = 0.1554461196809719
d_col_grm = 0.03562632002395409
grism_dec_x = 236.3832404159676
grism_dec_y = 0.009172396016595393
grm_tilt_x = -0.023509196885945452
grm_tilt_y = 2.3257907643151765
grm_G = 222.78407411234167
grm_apex = 17.766477349388875
d_grm_cam  = 21.604696902878754
cam_dec_x = -0.27113356196589133
cam_dec_y = 0.2908640305147978
cam_tilt_x = 0.012418377764420944
cam_tilt_y = 0.008821754061384702
d_cam_ff  = -160.07734305089542
ccd_ff_dec_x = -0.02380558403063044
ccd_ff_dec_y = 0.042035019831803015
ccd_ff_tilt_x = 0.033469150550419095
ccd_ff_tilt_y = -0.5909757596740293
ccd_ff_tilt_z = 0.17191381981652856
d_ff_ccd  = -4.815996443912621
ccd_dec_x = 0.5532978977823126
ccd_dec_y = 5.107627069449876
ccd_defocus = 0.28572664463240427
ccd_tilt_x = 0.03264363467158677
ccd_tilt_y = -0.0021380255474514596
ccd_tilt_z = 4.646162855243515e-06
p = 0.0001