slit_dec_x_a = -0.1704010755187174
slit_dec_y_a = -0.1956586180351446
slit_dec_x_b = 0.175
slit_dec_y_b = -1.8896606714483228e-96
slit_defocus = 0.021402878964413015
slit_tilt_x = 1.1140344680226848
slit_tilt_y = -8.53843665587259
slit_tilt_z = -8.991599892134
d_slit_col = 1594.310025509782
coll_tilt_x = 0.11321302874724486
coll_tilt_y = -0.028843433670510222
ech_G = 31.613228276296557
ech_blaze = -74.97482420502384
ech_gamma = 1.138980271457878
echelle_z = 0.07476229878813911
d_col_trf = -1588.0172341886291
trf_mirror_tilt_x = 0.026289204530393663
trf_mirror_tilt_y = 0.1622126691390458
d_col_grm = -0.00482650941575567
grism_dec_x = 236.4232787568715
grism_dec_y = 0.03817805845642716
grm_tilt_x = -0.014051584165334235
grm_tilt_y = 2.3052759723748713
grm_G = 222.8240109532015
grm_apex = 17.79107841616354
d_grm_cam  = 21.60981354204411
cam_dec_x = -0.30947161406234597
cam_dec_y = 0.24723733221781694
cam_tilt_x = -0.01106744100456861
cam_tilt_y = 0.0037835197929894236
d_cam_ff  = -160.05709735251187
ccd_ff_dec_x = -0.002600946547977574
ccd_ff_dec_y = 0.05303311603912747
ccd_ff_tilt_x = 0.01956110214947057
ccd_ff_tilt_y = -0.572804459988717
ccd_ff_tilt_z = 0.18005272015758328
d_ff_ccd  = -4.8389357136214945
ccd_dec_x = 0.6214048459343918
ccd_dec_y = 5.157153504474478
ccd_defocus = 0.2807099593620207
ccd_tilt_x = 0.005055475588661933
ccd_tilt_y = -0.010956855753281414
ccd_tilt_z = 5.059611915708532e-06
p = 0.0001