slit_dec_x_a = -0.181778666534
slit_dec_y_a = -0.18243150017
slit_dec_x_b = 0.14512077562974193
slit_dec_y_b = -0.05510809031835813
slit_defocus = -0.0022156336404061602
slit_tilt_x = 1.1346937101449541
slit_tilt_y = -8.56823029029645
slit_tilt_z = -9.00367962478575
d_slit_col = 1594.303923816116
coll_tilt_x = 0.08642807347348196
coll_tilt_y = -0.022051243274691358
ech_G = 31.610885544000336
ech_blaze = -74.99559518964743
ech_gamma = 1.1580922857921403
echelle_z = 0.05747475681557205
d_col_trf = -1588.0162863824507
trf_mirror_tilt_x = 0.12252206292522029
trf_mirror_tilt_y = 0.01868031080407276
d_col_grm = 0.01505570728847636
grism_dec_x = 236.3974589304608
grism_dec_y = -0.005017545854490866
grm_tilt_x = -0.024777250994329595
grm_tilt_y = 2.3272360772166483
grm_G = 222.78576514662217
grm_apex = 17.809184711633126
d_grm_cam  = 21.60432766514843
cam_dec_x = -0.2835918333251431
cam_dec_y = 0.2897367361237777
cam_tilt_x = 0.004350749107065189
cam_tilt_y = -0.027817088969471503
d_cam_ff  = -160.5696735478563
ccd_ff_dec_x = -0.02266507470230808
ccd_ff_dec_y = -0.047782637277349584
ccd_ff_tilt_x = 0.16503625880749628
ccd_ff_tilt_y = -0.5897584808972324
ccd_ff_tilt_z = 0.17172717390977563
d_ff_ccd  = -4.785387910941577
ccd_dec_x = 0.5520061483097398
ccd_dec_y = 5.10606029371486
ccd_defocus = 0.31575864345438437
ccd_tilt_x = 0.021358713021544722
ccd_tilt_y = -0.004212004518921828
ccd_tilt_z = 3.6513446453824056e-07
p = 2.2770000000000004e-05