slit_dec_x_a = -0.1704041886893386
slit_dec_y_a = -0.19601128837243642
slit_dec_x_b = 0.175
slit_dec_y_b = -1.5601159365754272e-96
slit_defocus = 0.005553870764429061
slit_tilt_x = 1.1861608497819678
slit_tilt_y = -8.540018292284502
slit_tilt_z = -8.990838432151529
d_slit_col = 1594.294455265743
coll_tilt_x = 0.08881381677019738
coll_tilt_y = -0.031838890056349
ech_G = 31.610673334426952
ech_blaze = -74.97682688365119
ech_gamma = 1.140403996063523
echelle_z = 0.07479441024316454
d_col_trf = -1588.0185278163415
trf_mirror_tilt_x = 0.13866444409518464
trf_mirror_tilt_y = 0.07758414346970476
d_col_grm = -0.00955968443160927
grism_dec_x = 236.4343307975248
grism_dec_y = 0.034179576521847235
grm_tilt_x = -0.01576806688208409
grm_tilt_y = 2.3043577367600845
grm_G = 222.82519422582007
grm_apex = 17.81514294314051
d_grm_cam  = 21.608452848978825
cam_dec_x = -0.3021297587484579
cam_dec_y = 0.2503269596545837
cam_tilt_x = -0.018601388471973724
cam_tilt_y = -0.015051506804516866
d_cam_ff  = -160.4009304248571
ccd_ff_dec_x = -0.003503992029138273
ccd_ff_dec_y = 0.00020016126252190056
ccd_ff_tilt_x = 0.14603538753692866
ccd_ff_tilt_y = -0.5720489119152209
ccd_ff_tilt_z = 0.1725843384192742
d_ff_ccd  = -4.811279424277016
ccd_dec_x = 0.620702066184648
ccd_dec_y = 5.1553192272903665
ccd_defocus = 0.31631929107435575
ccd_tilt_x = 0.007726392750220742
ccd_tilt_y = -0.014078530830298962
ccd_tilt_z = 3.1390747425739154e-06
p = 2.2770000000000004e-05