slit_dec_x_a = -0.1704010755187174
slit_dec_y_a = -0.1956586180351446
slit_dec_x_b = 0.175
slit_dec_y_b = -1.8585501698259748e-96
slit_defocus = 0.02134289603589099
slit_tilt_x = 1.114031551703804
slit_tilt_y = -8.538351813526756
slit_tilt_z = -8.991634690893063
d_slit_col = 1594.3099855376734
coll_tilt_x = 0.11316513997631632
coll_tilt_y = -0.0288367991652076
ech_G = 31.613233517578106
ech_blaze = -74.97483524069499
ech_gamma = 1.1389768775806792
echelle_z = 0.07477159567932554
d_col_trf = -1588.0172333110256
trf_mirror_tilt_x = 0.02625357048031059
trf_mirror_tilt_y = 0.16216101478349093
d_col_grm = -0.004859131911623706
grism_dec_x = 236.42332450021252
grism_dec_y = 0.0381662648096164
grm_tilt_x = -0.014057641772449846
grm_tilt_y = 2.305271947166191
grm_G = 222.82400552974943
grm_apex = 17.791056915261795
d_grm_cam  = 21.609811642731163
cam_dec_x = -0.3095343463467098
cam_dec_y = 0.24735632507636043
cam_tilt_x = -0.01106042159135046
cam_tilt_y = 0.0038073418706262817
d_cam_ff  = -160.05777599354823
ccd_ff_dec_x = -0.0026009646517256646
ccd_ff_dec_y = 0.05300198730710771
ccd_ff_tilt_x = 0.019476545321327234
ccd_ff_tilt_y = -0.5728069399790072
ccd_ff_tilt_z = 0.180057773724051
d_ff_ccd  = -4.838927146179335
ccd_dec_x = 0.6214024351363425
ccd_dec_y = 5.157152208736072
ccd_defocus = 0.2806810149337089
ccd_tilt_x = 0.005037974812070933
ccd_tilt_y = -0.010927567789089647
ccd_tilt_z = 5.133238289775173e-06
p = 0.0001