slit_dec_x_a = -0.181778666534
slit_dec_y_a = -0.18243150017
slit_dec_x_b = 0.14512077562974193
slit_dec_y_b = -0.05510809031835813
slit_defocus = -0.0022224856464448674
slit_tilt_x = 1.1346946717937407
slit_tilt_y = -8.568374176977926
slit_tilt_z = -9.003577869542655
d_slit_col = 1594.3039570538429
coll_tilt_x = 0.08648565747403975
coll_tilt_y = -0.02205067062375067
ech_G = 31.61094096198341
ech_blaze = -74.99583454947654
ech_gamma = 1.1582393791667775
echelle_z = 0.05664969136502714
d_col_trf = -1588.0162468354163
trf_mirror_tilt_x = 0.12246929655161382
trf_mirror_tilt_y = 0.018712212726223393
d_col_grm = 0.014948031862058243
grism_dec_x = 236.39748853507314
grism_dec_y = -0.005071173573086297
grm_tilt_x = -0.024779185541263286
grm_tilt_y = 2.3273700399715946
grm_G = 222.7859171185207
grm_apex = 17.80906796986234
d_grm_cam  = 21.604950414309602
cam_dec_x = -0.28364317369851094
cam_dec_y = 0.2897575184040569
cam_tilt_x = 0.004344856942111137
cam_tilt_y = -0.02776972329690918
d_cam_ff  = -160.56967882232016
ccd_ff_dec_x = -0.0227433434672692
ccd_ff_dec_y = -0.0477864879974063
ccd_ff_tilt_x = 0.16503086177397203
ccd_ff_tilt_y = -0.5893759448119515
ccd_ff_tilt_z = 0.17187284289206886
d_ff_ccd  = -4.785417834209327
ccd_dec_x = 0.5518856070580224
ccd_dec_y = 5.106336846055583
ccd_defocus = 0.31586588385157327
ccd_tilt_x = 0.021367364850844426
ccd_tilt_y = -0.004180470869799745
ccd_tilt_z = 2.2187578336117871e-07
p = 2.03075e-06