slit_dec_x_a = -0.181778666534
slit_dec_y_a = -0.18243150017
slit_dec_x_b = 0.14512077562974193
slit_dec_y_b = -0.05510809031835813
slit_defocus = -0.013756615723929897
slit_tilt_x = 1.0541020854729721
slit_tilt_y = -8.559982720938635
slit_tilt_z = -9.026937028964221
d_slit_col = 1594.290332371594
coll_tilt_x = 0.12141061546227021
coll_tilt_y = -0.026445115362739698
ech_G = 31.61455941498314
ech_blaze = -74.99488724066829
ech_gamma = 1.1556354264128086
echelle_z = 0.05700222485170868
d_col_trf = -1588.016361706617
trf_mirror_tilt_x = 0.007344695133577326
trf_mirror_tilt_y = 0.15544606011407403
d_col_grm = 0.03559415774713182
grism_dec_x = 236.38320438698355
grism_dec_y = 0.009267581347858432
grm_tilt_x = -0.023503709047118918
grm_tilt_y = 2.3257876909398347
grm_G = 222.7840741248865
grm_apex = 17.7665672524458
d_grm_cam  = 21.60469657003874
cam_dec_x = -0.2710732937941633
cam_dec_y = 0.29092086144897794
cam_tilt_x = 0.012437703975430188
cam_tilt_y = 0.008836758156089999
d_cam_ff  = -160.07702460658192
ccd_ff_dec_x = -0.023798542276310147
ccd_ff_dec_y = 0.041999199162175635
ccd_ff_tilt_x = 0.03345176784155448
ccd_ff_tilt_y = -0.5909823653600815
ccd_ff_tilt_z = 0.17191631750677688
d_ff_ccd  = -4.816003900069157
ccd_dec_x = 0.5532940425946619
ccd_dec_y = 5.107631535656044
ccd_defocus = 0.28573190918602265
ccd_tilt_x = 0.03263320009373405
ccd_tilt_y = -0.002161329052480084
ccd_tilt_z = 4.677189328142026e-06
p = 0.0001