slit_dec_x_a = -0.17042194030856625
slit_dec_y_a = -0.19600387254956814
slit_dec_x_b = 0.175
slit_dec_y_b = -1.912194761190923e-96
slit_defocus = 0.005577775913173608
slit_tilt_x = 1.1861236349375248
slit_tilt_y = -8.54000541968231
slit_tilt_z = -8.990850519100833
d_slit_col = 1594.2944276479902
coll_tilt_x = 0.0886684245757373
coll_tilt_y = -0.031783965729508847
ech_G = 31.61068123869242
ech_blaze = -74.97711304342589
ech_gamma = 1.1404336954791332
echelle_z = 0.07494408780171284
d_col_trf = -1588.0185537222887
trf_mirror_tilt_x = 0.13869797856230365
trf_mirror_tilt_y = 0.07759660376799399
d_col_grm = -0.009527435092206403
grism_dec_x = 236.43428805519954
grism_dec_y = 0.03424303626040518
grm_tilt_x = -0.015730769923190335
grm_tilt_y = 2.304366094980881
grm_G = 222.8251682740832
grm_apex = 17.815103977285062
d_grm_cam  = 21.60848924887824
cam_dec_x = -0.3021389521072807
cam_dec_y = 0.2503661266885212
cam_tilt_x = -0.018389283860467995
cam_tilt_y = -0.015029389514525784
d_cam_ff  = -160.40097923924463
ccd_ff_dec_x = -0.003540820876210877
ccd_ff_dec_y = 0.00015478869264535537
ccd_ff_tilt_x = 0.1460144123098295
ccd_ff_tilt_y = -0.5721085580243312
ccd_ff_tilt_z = 0.17257665311113668
d_ff_ccd  = -4.8112377573317655
ccd_dec_x = 0.6206817692748958
ccd_dec_y = 5.155286130864296
ccd_defocus = 0.316298182510598
ccd_tilt_x = 0.007766179780883066
ccd_tilt_y = -0.014019559069338076
ccd_tilt_z = 3.1487129493345567e-06
p = 1.862e-05