slit_dec_x_a = -0.181778666534
slit_dec_y_a = -0.18243150017
slit_dec_x_b = 0.14512077562974193
slit_dec_y_b = -0.05510809031835813
slit_defocus = -0.002219242410127987
slit_tilt_x = 1.1346801162172806
slit_tilt_y = -8.568301020200316
slit_tilt_z = -9.003631628429057
d_slit_col = 1594.3039199057853
coll_tilt_x = 0.08643177150372144
coll_tilt_y = -0.02203936935112596
ech_G = 31.61091436139539
ech_blaze = -74.99574953448686
ech_gamma = 1.1581321918507728
echelle_z = 0.05721506006872914
d_col_trf = -1588.016212746703
trf_mirror_tilt_x = 0.12251510888359723
trf_mirror_tilt_y = 0.018684191090766498
d_col_grm = 0.014988949571542533
grism_dec_x = 236.39748373742214
grism_dec_y = -0.005038059473217156
grm_tilt_x = -0.024747145855684827
grm_tilt_y = 2.3274369067053655
grm_G = 222.7856842084086
grm_apex = 17.80917822526793
d_grm_cam  = 21.604397701818982
cam_dec_x = -0.2836265666168319
cam_dec_y = 0.2897171373732242
cam_tilt_x = 0.004351747084551671
cam_tilt_y = -0.027814306363894623
d_cam_ff  = -160.56961951383144
ccd_ff_dec_x = -0.02296755221023062
ccd_ff_dec_y = -0.0477728149924817
ccd_ff_tilt_x = 0.16504817376029948
ccd_ff_tilt_y = -0.5895912557345241
ccd_ff_tilt_z = 0.17179693466355267
d_ff_ccd  = -4.785363522484866
ccd_dec_x = 0.5520303085115474
ccd_dec_y = 5.1064325716628245
ccd_defocus = 0.31579566692956584
ccd_tilt_x = 0.021414417983261713
ccd_tilt_y = -0.004185729524381263
ccd_tilt_z = 2.8684201769214387e-07
p = 1.862e-05