slit_dec_x_a = -0.1704010755187174
slit_dec_y_a = -0.1956586180351446
slit_dec_x_b = 0.175
slit_dec_y_b = -1.8263071465143758e-96
slit_defocus = 0.021418532762498502
slit_tilt_x = 1.1139835810172065
slit_tilt_y = -8.538480811515177
slit_tilt_z = -8.991643175277071
d_slit_col = 1594.3099670020074
coll_tilt_x = 0.11321496151282653
coll_tilt_y = -0.028880049011289797
ech_G = 31.613237223042695
ech_blaze = -74.97482708956407
ech_gamma = 1.1389730738204922
echelle_z = 0.07476769745906797
d_col_trf = -1588.017231287996
trf_mirror_tilt_x = 0.02625208186954872
trf_mirror_tilt_y = 0.16222920301135438
d_col_grm = -0.0048411483921776246
grism_dec_x = 236.42327586627104
grism_dec_y = 0.03816784541857677
grm_tilt_x = -0.014052715466787413
grm_tilt_y = 2.3052745852576555
grm_G = 222.8240050859131
grm_apex = 17.790956576066435
d_grm_cam  = 21.60982030735062
cam_dec_x = -0.3095066520153556
cam_dec_y = 0.24730364902358662
cam_tilt_x = -0.01105284153616589
cam_tilt_y = 0.0037071009650093936
d_cam_ff  = -160.05762948934557
ccd_ff_dec_x = -0.0026040876351706445
ccd_ff_dec_y = 0.052991705720245044
ccd_ff_tilt_x = 0.01950096266654975
ccd_ff_tilt_y = -0.5728058692531685
ccd_ff_tilt_z = 0.18005632285476028
d_ff_ccd  = -4.838998713377019
ccd_dec_x = 0.6214005650456474
ccd_dec_y = 5.157150852276263
ccd_defocus = 0.2807578221094527
ccd_tilt_x = 0.005010081397104511
ccd_tilt_y = -0.010877951340093103
ccd_tilt_z = 5.111193499160754e-06
p = 0.0001