slit_dec_x_a = -0.181778666534
slit_dec_y_a = -0.18243150017
slit_dec_x_b = 0.14512077562974193
slit_dec_y_b = -0.05510809031835813
slit_defocus = -0.013777545637730369
slit_tilt_x = 1.0540596787554188
slit_tilt_y = -8.560001237907771
slit_tilt_z = -9.026861631079466
d_slit_col = 1594.2902586710786
coll_tilt_x = 0.12143555587369238
coll_tilt_y = -0.026488782383473276
ech_G = 31.61456990060378
ech_blaze = -74.994887832016
ech_gamma = 1.155644420738783
echelle_z = 0.05700379624809826
d_col_trf = -1588.0163685590276
trf_mirror_tilt_x = 0.007299999388473825
trf_mirror_tilt_y = 0.15547736385554903
d_col_grm = 0.03570452901148913
grism_dec_x = 236.38328474985693
grism_dec_y = 0.009247934652747281
grm_tilt_x = -0.023504535392463895
grm_tilt_y = 2.3257903190665896
grm_G = 222.78406875362592
grm_apex = 17.766473786712847
d_grm_cam  = 21.60469964101082
cam_dec_x = -0.27115855260452076
cam_dec_y = 0.2909265640466713
cam_tilt_x = 0.012388749183759852
cam_tilt_y = 0.008838061855542914
d_cam_ff  = -160.07731653628613
ccd_ff_dec_x = -0.02380485774767419
ccd_ff_dec_y = 0.04201551152386155
ccd_ff_tilt_x = 0.03346523201785421
ccd_ff_tilt_y = -0.5909745300440116
ccd_ff_tilt_z = 0.1719191576551155
d_ff_ccd  = -4.8159959447073355
ccd_dec_x = 0.5532938218639109
ccd_dec_y = 5.107630364154515
ccd_defocus = 0.2857433928406267
ccd_tilt_x = 0.03262443145007965
ccd_tilt_y = -0.0021450087350558026
ccd_tilt_z = 4.7110855979432566e-06
p = 0.0001