slit_dec_x_a = -0.17043027839133434
slit_dec_y_a = -0.19601847656880558
slit_dec_x_b = 0.175
slit_dec_y_b = -1.9445291768549004e-96
slit_defocus = 0.005575431836243258
slit_tilt_x = 1.1861185543380544
slit_tilt_y = -8.540001646888763
slit_tilt_z = -8.990855375278857
d_slit_col = 1594.294434048492
coll_tilt_x = 0.08871128220075462
coll_tilt_y = -0.03179338789516089
ech_G = 31.610686729149045
ech_blaze = -74.97706971959708
ech_gamma = 1.1404355267445156
echelle_z = 0.0749527635716512
d_col_trf = -1588.0185536807912
trf_mirror_tilt_x = 0.13870910095123584
trf_mirror_tilt_y = 0.0775945439934036
d_col_grm = -0.009532848402454004
grism_dec_x = 236.43428253571716
grism_dec_y = 0.034246619456177185
grm_tilt_x = -0.015735796252341772
grm_tilt_y = 2.3043715053214244
grm_G = 222.82517248847986
grm_apex = 17.815104124840357
d_grm_cam  = 21.608484929297845
cam_dec_x = -0.30213611883723457
cam_dec_y = 0.25037385782280186
cam_tilt_x = -0.018397186545310047
cam_tilt_y = -0.015034693271231468
d_cam_ff  = -160.40097574958506
ccd_ff_dec_x = -0.0035388768986659965
ccd_ff_dec_y = 0.0001533684959627553
ccd_ff_tilt_x = 0.14601612854864301
ccd_ff_tilt_y = -0.5721068444072164
ccd_ff_tilt_z = 0.17257337359777167
d_ff_ccd  = -4.811228388411102
ccd_dec_x = 0.6206808884010081
ccd_dec_y = 5.155279132561158
ccd_defocus = 0.31630227095975444
ccd_tilt_x = 0.007763525370774155
ccd_tilt_y = -0.014021037218846078
ccd_tilt_z = 3.184006077134651e-06
p = 1.0461416666666666e-05