slit_dec_x_a = -0.181778666534
slit_dec_y_a = -0.18243150017
slit_dec_x_b = 0.14512077562974193
slit_dec_y_b = -0.05510809031835813
slit_defocus = -0.002190870281800038
slit_tilt_x = 1.1347046804064438
slit_tilt_y = -8.568300023719356
slit_tilt_z = -9.003621886819623
d_slit_col = 1594.3039140982726
coll_tilt_x = 0.08642994147313525
coll_tilt_y = -0.02203251486742334
ech_G = 31.61089789833875
ech_blaze = -74.99560918099772
ech_gamma = 1.1582198988813037
echelle_z = 0.05702730888595837
d_col_trf = -1588.0162694068645
trf_mirror_tilt_x = 0.1225080334060572
trf_mirror_tilt_y = 0.018698302715074253
d_col_grm = 0.01497650299141161
grism_dec_x = 236.39747505048624
grism_dec_y = -0.00506645448291562
grm_tilt_x = -0.024746947768988996
grm_tilt_y = 2.3274193398667196
grm_G = 222.78574939350648
grm_apex = 17.809159632107846
d_grm_cam  = 21.604531803365308
cam_dec_x = -0.2836461050852273
cam_dec_y = 0.2897343577793755
cam_tilt_x = 0.004351268826820246
cam_tilt_y = -0.027792619517455115
d_cam_ff  = -160.56950594445013
ccd_ff_dec_x = -0.023047470365784993
ccd_ff_dec_y = -0.04780039324509399
ccd_ff_tilt_x = 0.1650309605334344
ccd_ff_tilt_y = -0.5896609292669233
ccd_ff_tilt_z = 0.171769937123621
d_ff_ccd  = -4.785374591797228
ccd_dec_x = 0.55188284893519
ccd_dec_y = 5.10660249172045
ccd_defocus = 0.31584556323833435
ccd_tilt_x = 0.0214177505477161
ccd_tilt_y = -0.00422847431277585
ccd_tilt_z = 3.170312635572712e-07
p = 5.099909090909091e-06