slit_dec_x_a = -0.1704010755187174
slit_dec_y_a = -0.1956586180351446
slit_dec_x_b = 0.175
slit_dec_y_b = -1.8419997262983357e-96
slit_defocus = 0.021361476126280206
slit_tilt_x = 1.113986125474388
slit_tilt_y = -8.53837985199233
slit_tilt_z = -8.991699229920714
d_slit_col = 1594.309955663816
coll_tilt_x = 0.11317141267595142
coll_tilt_y = -0.02896525685423407
ech_G = 31.613229773956945
ech_blaze = -74.97483283842448
ech_gamma = 1.1389749780156788
echelle_z = 0.0747710015934616
d_col_trf = -1588.0172286749416
trf_mirror_tilt_x = 0.026264610240694403
trf_mirror_tilt_y = 0.16227433679590458
d_col_grm = -0.004817080099779247
grism_dec_x = 236.42327980771884
grism_dec_y = 0.03817460890031419
grm_tilt_x = -0.014058893624016704
grm_tilt_y = 2.3052705574533636
grm_G = 222.82399730004704
grm_apex = 17.791087108909178
d_grm_cam  = 21.609817627563842
cam_dec_x = -0.3095448859746819
cam_dec_y = 0.24726863461304394
cam_tilt_x = -0.011047746719143456
cam_tilt_y = 0.0037408674934875452
d_cam_ff  = -160.05722317375628
ccd_ff_dec_x = -0.002597446895406591
ccd_ff_dec_y = 0.05299118195899654
ccd_ff_tilt_x = 0.019623932709814416
ccd_ff_tilt_y = -0.5727983247505454
ccd_ff_tilt_z = 0.1800478208452789
d_ff_ccd  = -4.838903354091588
ccd_dec_x = 0.6213998333491247
ccd_dec_y = 5.157158757077829
ccd_defocus = 0.2807729320980799
ccd_tilt_x = 0.005083185793737342
ccd_tilt_y = -0.010892319835018741
ccd_tilt_z = 5.1118557267463655e-06
p = 0.0001