slit_dec_x_a = -0.181778666534
slit_dec_y_a = -0.18243150017
slit_dec_x_b = 0.14512077562974193
slit_dec_y_b = -0.05510809031835813
slit_defocus = -0.002246842023708335
slit_tilt_x = 1.1347079010592724
slit_tilt_y = -8.568371731987417
slit_tilt_z = -9.003599915362576
d_slit_col = 1594.303952499248
coll_tilt_x = 0.08649301705548874
coll_tilt_y = -0.022030047593562134
ech_G = 31.610937252353533
ech_blaze = -74.99580649438172
ech_gamma = 1.1582307152695341
echelle_z = 0.05649307882836981
d_col_trf = -1588.0163142042527
trf_mirror_tilt_x = 0.12245049698329029
trf_mirror_tilt_y = 0.018711368132029154
d_col_grm = 0.01494422639167221
grism_dec_x = 236.39749899684176
grism_dec_y = -0.005075603230330124
grm_tilt_x = -0.024760019348354638
grm_tilt_y = 2.3273212483681704
grm_G = 222.78593324059395
grm_apex = 17.809068725152265
d_grm_cam  = 21.604817812376655
cam_dec_x = -0.2836217259945043
cam_dec_y = 0.2897556230068428
cam_tilt_x = 0.004348364562236168
cam_tilt_y = -0.02777492562330915
d_cam_ff  = -160.56963487065894
ccd_ff_dec_x = -0.02272944202173055
ccd_ff_dec_y = -0.04776712526067754
ccd_ff_tilt_x = 0.16502585127031233
ccd_ff_tilt_y = -0.5893974640518475
ccd_ff_tilt_z = 0.17185692124094515
d_ff_ccd  = -4.785431941800414
ccd_dec_x = 0.5518592955761344
ccd_dec_y = 5.106350491615539
ccd_defocus = 0.3158703720058199
ccd_tilt_x = 0.02137995442635841
ccd_tilt_y = -0.0041946692298623234
ccd_tilt_z = 2.282632634153736e-07
p = 3.6121818181818184e-06