slit_dec_x_a = -0.17039333162091724
slit_dec_y_a = -0.19574643130403
slit_dec_x_b = 0.175
slit_dec_y_b = -2.579519279246e-96
slit_defocus = 0.005527199489741582
slit_tilt_x = 1.1861092517411003
slit_tilt_y = -8.540130604753305
slit_tilt_z = -8.990815112935165
d_slit_col = 1594.2944804632307
coll_tilt_x = 0.0885980620497006
coll_tilt_y = -0.03176455947785454
ech_G = 31.610680272896495
ech_blaze = -74.97715167498505
ech_gamma = 1.140509631118072
echelle_z = 0.0754007807458783
d_col_trf = -1588.018611378467
trf_mirror_tilt_x = 0.13867313325551187
trf_mirror_tilt_y = 0.07755162332866179
d_col_grm = -0.009547564122467697
grism_dec_x = 236.43437228554907
grism_dec_y = 0.03424168760559297
grm_tilt_x = -0.01575613933910973
grm_tilt_y = 2.3043471512101483
grm_G = 222.8252160485912
grm_apex = 17.81511337526984
d_grm_cam  = 21.608477181003938
cam_dec_x = -0.3021323322533224
cam_dec_y = 0.25032635199917597
cam_tilt_x = -0.018409049634485617
cam_tilt_y = -0.015043306160388507
d_cam_ff  = -160.40099015946836
ccd_ff_dec_x = -0.003534881499066622
ccd_ff_dec_y = 0.00016835220565007849
ccd_ff_tilt_x = 0.14600633176716912
ccd_ff_tilt_y = -0.572034684725125
ccd_ff_tilt_z = 0.1725217801098223
d_ff_ccd  = -4.811235045212672
ccd_dec_x = 0.6206344713340378
ccd_dec_y = 5.155269157561807
ccd_defocus = 0.3163417097207808
ccd_tilt_x = 0.0078038156826897385
ccd_tilt_y = -0.014022572867860881
ccd_tilt_z = 3.3382172234446364e-06
p = 3.6121818181818184e-06