slit_dec_x_a = -0.1704010755187174
slit_dec_y_a = -0.1956586180351446
slit_dec_x_b = 0.175
slit_dec_y_b = -1.814546066634449e-96
slit_defocus = 0.02138606701602256
slit_tilt_x = 1.1139616766545186
slit_tilt_y = -8.538416645001787
slit_tilt_z = -8.991623224753965
d_slit_col = 1594.3099014205432
coll_tilt_x = 0.11316344584102692
coll_tilt_y = -0.028957779605996117
ech_G = 31.613230498510468
ech_blaze = -74.9748324019485
ech_gamma = 1.1389773098936893
echelle_z = 0.07477588871054204
d_col_trf = -1588.017234826075
trf_mirror_tilt_x = 0.02628236683062613
trf_mirror_tilt_y = 0.16219638203256848
d_col_grm = -0.0048201543932846575
grism_dec_x = 236.42330270738003
grism_dec_y = 0.03812754883328555
grm_tilt_x = -0.014052918818223155
grm_tilt_y = 2.3052785645760716
grm_G = 222.82400468624306
grm_apex = 17.79099351763056
d_grm_cam  = 21.609821408540515
cam_dec_x = -0.3094946116803795
cam_dec_y = 0.2472690155203757
cam_tilt_x = -0.011057241921960262
cam_tilt_y = 0.003795843222012802
d_cam_ff  = -160.05755176440567
ccd_ff_dec_x = -0.0025932045268548696
ccd_ff_dec_y = 0.052978773851410935
ccd_ff_tilt_x = 0.01953112719265675
ccd_ff_tilt_y = -0.5728042208563524
ccd_ff_tilt_z = 0.18005577673261053
d_ff_ccd  = -4.838953737844417
ccd_dec_x = 0.6214034144073163
ccd_dec_y = 5.157149518027142
ccd_defocus = 0.280722046136574
ccd_tilt_x = 0.005040472485130191
ccd_tilt_y = -0.010893140624330638
ccd_tilt_z = 5.08059854324016e-06
p = 0.0001