slit_dec_x_a = -0.181778666534
slit_dec_y_a = -0.18243150017
slit_dec_x_b = 0.14512077562974193
slit_dec_y_b = -0.05510809031835813
slit_defocus = -0.0022549226492710574
slit_tilt_x = 1.134708532276094
slit_tilt_y = -8.568355586936741
slit_tilt_z = -9.003594695871673
d_slit_col = 1594.3039419455017
coll_tilt_x = 0.08649348760027667
coll_tilt_y = -0.022035614756011186
ech_G = 31.610934318670157
ech_blaze = -74.99582207014042
ech_gamma = 1.1582573062972592
echelle_z = 0.05649622126500118
d_col_trf = -1588.016404207599
trf_mirror_tilt_x = 0.12244887692917986
trf_mirror_tilt_y = 0.01868376948061466
d_col_grm = 0.01494042749411987
grism_dec_x = 236.3975084102858
grism_dec_y = -0.005085661360489691
grm_tilt_x = -0.024661140451227963
grm_tilt_y = 2.3273759741141564
grm_G = 222.78590150410537
grm_apex = 17.809061374503322
d_grm_cam  = 21.60477217304477
cam_dec_x = -0.28362657643357153
cam_dec_y = 0.28975994639893393
cam_tilt_x = 0.004337510149783783
cam_tilt_y = -0.02776688029700691
d_cam_ff  = -160.56955551690098
ccd_ff_dec_x = -0.022697062858378404
ccd_ff_dec_y = -0.04777919874028353
ccd_ff_tilt_x = 0.16501923765993104
ccd_ff_tilt_y = -0.5894413914152176
ccd_ff_tilt_z = 0.17186772586632254
d_ff_ccd  = -4.785433042249666
ccd_dec_x = 0.551904266606358
ccd_dec_y = 5.106358541298211
ccd_defocus = 0.31587392716764856
ccd_tilt_x = 0.02139520088282198
ccd_tilt_y = -0.00419635938274333
ccd_tilt_z = 2.1542387473134273e-07
p = 3.6704999999999994e-06