slit_dec_x_a = -0.170391061565388
slit_dec_y_a = -0.1957978894582777
slit_dec_x_b = 0.175
slit_dec_y_b = -2.690944048316384e-96
slit_defocus = 0.005533690765008169
slit_tilt_x = 1.186101503639122
slit_tilt_y = -8.54012817557513
slit_tilt_z = -8.990814366588747
d_slit_col = 1594.2944810561169
coll_tilt_x = 0.08846217695437815
coll_tilt_y = -0.03180420850156777
ech_G = 31.610662008622626
ech_blaze = -74.9771518049044
ech_gamma = 1.1404783513651886
echelle_z = 0.07551610968858913
d_col_trf = -1588.0186277110765
trf_mirror_tilt_x = 0.13864331461363796
trf_mirror_tilt_y = 0.07755127615492212
d_col_grm = -0.009543060855867591
grism_dec_x = 236.43438377255487
grism_dec_y = 0.03423870474142179
grm_tilt_x = -0.015768867263848088
grm_tilt_y = 2.304357999698366
grm_G = 222.82519680547472
grm_apex = 17.815117467795485
d_grm_cam  = 21.608492288658333
cam_dec_x = -0.30213288883335426
cam_dec_y = 0.25033897119886406
cam_tilt_x = -0.01840856882352163
cam_tilt_y = -0.01503391005252785
d_cam_ff  = -160.4010067772611
ccd_ff_dec_x = -0.0035184692137281153
ccd_ff_dec_y = 0.00015796354487639802
ccd_ff_tilt_x = 0.1460196316384829
ccd_ff_tilt_y = -0.5720468854025151
ccd_ff_tilt_z = 0.17252307696125024
d_ff_ccd  = -4.811220606061263
ccd_dec_x = 0.6206355615872144
ccd_dec_y = 5.155266696725711
ccd_defocus = 0.3163367424375114
ccd_tilt_x = 0.007805082656756841
ccd_tilt_y = -0.014027915300581598
ccd_tilt_z = 3.384856807089802e-06
p = 3.6704999999999994e-06