slit_dec_x_a = -0.17037909351985908
slit_dec_y_a = -0.1957633132932332
slit_dec_x_b = 0.175
slit_dec_y_b = -1.7819797622525775e-96
slit_defocus = 0.00556203419088383
slit_tilt_x = 1.1860965907895697
slit_tilt_y = -8.54000725891834
slit_tilt_z = -8.990848062854585
d_slit_col = 1594.2945061633257
coll_tilt_x = 0.08887087180908096
coll_tilt_y = -0.03196879582647307
ech_G = 31.610694171943393
ech_blaze = -74.97689111466349
ech_gamma = 1.1402384483810752
echelle_z = 0.07449776450054628
d_col_trf = -1588.0185289773021
trf_mirror_tilt_x = 0.1387173677024683
trf_mirror_tilt_y = 0.07750792683754112
d_col_grm = -0.009517513232724411
grism_dec_x = 236.43434525892403
grism_dec_y = 0.03417118817022458
grm_tilt_x = -0.015952637869461248
grm_tilt_y = 2.304374218136941
grm_G = 222.8251798692161
grm_apex = 17.81509323486137
d_grm_cam  = 21.608470195796734
cam_dec_x = -0.30211286368581786
cam_dec_y = 0.25029799220589416
cam_tilt_x = -0.01872325633906304
cam_tilt_y = -0.015114641898308422
d_cam_ff  = -160.4009346068616
ccd_ff_dec_x = -0.0034883783194826485
ccd_ff_dec_y = 0.0002661920388491235
ccd_ff_tilt_x = 0.1460460973780347
ccd_ff_tilt_y = -0.5720796895870328
ccd_ff_tilt_z = 0.17258367320340232
d_ff_ccd  = -4.811317107445674
ccd_dec_x = 0.6206668927568275
ccd_dec_y = 5.155278238170721
ccd_defocus = 0.3162827493681491
ccd_tilt_x = 0.00775957398342413
ccd_tilt_y = -0.01411287460395229
ccd_tilt_z = 0.00017699782255876706
p = 1.926090909090909e-06