slit_dec_x_a = -0.181778666534
slit_dec_y_a = -0.18243150017
slit_dec_x_b = 0.14512077562974193
slit_dec_y_b = -0.05510809031835813
slit_defocus = -0.00218598183427047
slit_tilt_x = 1.13465859686235
slit_tilt_y = -8.568232451972923
slit_tilt_z = -9.003634134025441
d_slit_col = 1594.3039531945833
coll_tilt_x = 0.08645377477632173
coll_tilt_y = -0.021988919907726515
ech_G = 31.61093289554469
ech_blaze = -74.99568640750027
ech_gamma = 1.1579846395357336
echelle_z = 0.057569053920874795
d_col_trf = -1588.016139352977
trf_mirror_tilt_x = 0.12250966664087388
trf_mirror_tilt_y = 0.018633811967696055
d_col_grm = 0.015110082117358878
grism_dec_x = 236.3974219086327
grism_dec_y = -0.0050055452345490505
grm_tilt_x = -0.025097742256214375
grm_tilt_y = 2.326905058237584
grm_G = 222.7857919393479
grm_apex = 17.809192749281454
d_grm_cam  = 21.604619703949645
cam_dec_x = -0.2835987347289283
cam_dec_y = 0.28966185652359394
cam_tilt_x = 0.004255200141481885
cam_tilt_y = -0.02777351930947784
d_cam_ff  = -160.56961939208958
ccd_ff_dec_x = -0.02277925419336746
ccd_ff_dec_y = -0.04775030832475641
ccd_ff_tilt_x = 0.16503968572613362
ccd_ff_tilt_y = -0.5895291842588124
ccd_ff_tilt_z = 0.17167463583152937
d_ff_ccd  = -4.785457297153913
ccd_dec_x = 0.5519962729607323
ccd_dec_y = 5.1061471299401395
ccd_defocus = 0.3157908185609825
ccd_tilt_x = 0.021300296432046294
ccd_tilt_y = -0.004205718855734485
ccd_tilt_z = 3.511601738094905e-07
p = 1.926090909090909e-06