slit_dec_x_a = -0.1704609017667101
slit_dec_y_a = -0.1960604548878301
slit_dec_x_b = 0.175
slit_dec_y_b = -2.177762285661122e-96
slit_defocus = 0.005528906569145768
slit_tilt_x = 1.1861258845263798
slit_tilt_y = -8.54005219557957
slit_tilt_z = -8.990857129539606
d_slit_col = 1594.2944548262774
coll_tilt_x = 0.08870102339308604
coll_tilt_y = -0.03173019685380435
ech_G = 31.610675947412464
ech_blaze = -74.9771267033222
ech_gamma = 1.1405558863986436
echelle_z = 0.07499254974737003
d_col_trf = -1588.0185569472144
trf_mirror_tilt_x = 0.13872619302114456
trf_mirror_tilt_y = 0.07757893016256161
d_col_grm = -0.009518910055391518
grism_dec_x = 236.43430343671648
grism_dec_y = 0.034227369071624054
grm_tilt_x = -0.015787641310552
grm_tilt_y = 2.3043645172703133
grm_G = 222.82520687434547
grm_apex = 17.815101842165667
d_grm_cam  = 21.60848759951151
cam_dec_x = -0.3021053988985794
cam_dec_y = 0.2503884968511105
cam_tilt_x = -0.018116196277686406
cam_tilt_y = -0.015007862884750079
d_cam_ff  = -160.4009570987007
ccd_ff_dec_x = -0.003546993073926013
ccd_ff_dec_y = 0.00014070126720551335
ccd_ff_tilt_x = 0.14599878428351679
ccd_ff_tilt_y = -0.5720591814208862
ccd_ff_tilt_z = 0.17256449187743703
d_ff_ccd  = -4.811236055484437
ccd_dec_x = 0.6206374809527074
ccd_dec_y = 5.155272647836134
ccd_defocus = 0.3163303875336919
ccd_tilt_x = 0.0077649625710175035
ccd_tilt_y = -0.014008181589250742
ccd_tilt_z = 3.2589827575315272e-06
p = 6.2669999999999995e-06