slit_dec_x_a = -0.181778666534
slit_dec_y_a = -0.18243150017
slit_dec_x_b = 0.14512077562974193
slit_dec_y_b = -0.05510809031835813
slit_defocus = -0.0022033150747470497
slit_tilt_x = 1.1347021923523155
slit_tilt_y = -8.568298746875767
slit_tilt_z = -9.003607330457633
d_slit_col = 1594.3039125365244
coll_tilt_x = 0.08645465920782425
coll_tilt_y = -0.02203612822295078
ech_G = 31.610907504399545
ech_blaze = -74.99561847274141
ech_gamma = 1.1582206028600337
echelle_z = 0.056999194108886354
d_col_trf = -1588.0162619034272
trf_mirror_tilt_x = 0.12249305990222847
trf_mirror_tilt_y = 0.018690624016056808
d_col_grm = 0.014978362949286209
grism_dec_x = 236.39748894596798
grism_dec_y = -0.00506760973946588
grm_tilt_x = -0.02481388757429382
grm_tilt_y = 2.32745448398847
grm_G = 222.78576647326474
grm_apex = 17.80915607003391
d_grm_cam  = 21.604502739839806
cam_dec_x = -0.2836386568109069
cam_dec_y = 0.28973720831859573
cam_tilt_x = 0.00434245654969383
cam_tilt_y = -0.027811322197006882
d_cam_ff  = -160.56955051363497
ccd_ff_dec_x = -0.022927899081516212
ccd_ff_dec_y = -0.04780014866129865
ccd_ff_tilt_x = 0.16503010570667706
ccd_ff_tilt_y = -0.5895680331797085
ccd_ff_tilt_z = 0.17169327591491307
d_ff_ccd  = -4.785380355324932
ccd_dec_x = 0.5519307817210963
ccd_dec_y = 5.106593770242877
ccd_defocus = 0.31583762690697953
ccd_tilt_x = 0.021421519776569635
ccd_tilt_y = -0.0042404683885809875
ccd_tilt_z = 2.639485873045864e-07
p = 6.2669999999999995e-06