slit_dec_x_a = -0.181778666534
slit_dec_y_a = -0.18243150017
slit_dec_x_b = 0.14512077562974193
slit_dec_y_b = -0.05510809031835813
slit_defocus = -0.0022046550507612336
slit_tilt_x = 1.1346621587708874
slit_tilt_y = -8.568236860074293
slit_tilt_z = -9.003639918540644
d_slit_col = 1594.3039774179756
coll_tilt_x = 0.08646254134057664
coll_tilt_y = -0.022008968814855517
ech_G = 31.610884962439933
ech_blaze = -74.99550769592639
ech_gamma = 1.1581397107361102
echelle_z = 0.057594104331130595
d_col_trf = -1588.0162600142708
trf_mirror_tilt_x = 0.12252642748568203
trf_mirror_tilt_y = 0.018632210839236225
d_col_grm = 0.015092376719880273
grism_dec_x = 236.39745014576235
grism_dec_y = -0.0050274607777796194
grm_tilt_x = -0.024833854014933883
grm_tilt_y = 2.327292381437316
grm_G = 222.78572811510003
grm_apex = 17.809220770104663
d_grm_cam  = 21.604526030348435
cam_dec_x = -0.28356806656031247
cam_dec_y = 0.28973472322361776
cam_tilt_x = 0.004339192432742214
cam_tilt_y = -0.027828107795967155
d_cam_ff  = -160.56988241496455
ccd_ff_dec_x = -0.0227887847208148
ccd_ff_dec_y = -0.0477936547682215
ccd_ff_tilt_x = 0.16503522516997543
ccd_ff_tilt_y = -0.589724236855946
ccd_ff_tilt_z = 0.17170806166079833
d_ff_ccd  = -4.785418498196866
ccd_dec_x = 0.5518235438013815
ccd_dec_y = 5.1061150374448685
ccd_defocus = 0.3157351520399617
ccd_tilt_x = 0.02134119969139418
ccd_tilt_y = -0.004194929380666067
ccd_tilt_z = 3.3859104999348326e-07
p = 1.2210909090909092e-05