slit_dec_x_a = -0.17039152710106412
slit_dec_y_a = -0.19597330838987162
slit_dec_x_b = 0.175
slit_dec_y_b = -1.489631400060178e-96
slit_defocus = 0.0055941712487783115
slit_tilt_x = 1.1861450687677473
slit_tilt_y = -8.540045382758631
slit_tilt_z = -8.990845408297334
d_slit_col = 1594.2944775599215
coll_tilt_x = 0.08870444424137382
coll_tilt_y = -0.03188971201166396
ech_G = 31.610651908094518
ech_blaze = -74.97682437165732
ech_gamma = 1.1403505127995237
echelle_z = 0.07473336178459888
d_col_trf = -1588.0185452783408
trf_mirror_tilt_x = 0.13865969668942635
trf_mirror_tilt_y = 0.07751397011225865
d_col_grm = -0.00953299304382971
grism_dec_x = 236.43432078237913
grism_dec_y = 0.034170766689823294
grm_tilt_x = -0.015856914869807465
grm_tilt_y = 2.30438801355439
grm_G = 222.82516114083836
grm_apex = 17.815120962188164
d_grm_cam  = 21.60847734347995
cam_dec_x = -0.30211957726338434
cam_dec_y = 0.2503133994957145
cam_tilt_x = -0.018433331905039037
cam_tilt_y = -0.01508491663122665
d_cam_ff  = -160.40096877569945
ccd_ff_dec_x = -0.0035166269550318168
ccd_ff_dec_y = 0.00024142405736379856
ccd_ff_tilt_x = 0.146056608756851
ccd_ff_tilt_y = -0.572070797545984
ccd_ff_tilt_z = 0.17257553826724156
d_ff_ccd  = -4.81127679526562
ccd_dec_x = 0.6206526039007962
ccd_dec_y = 5.155295282669498
ccd_defocus = 0.3162881669495732
ccd_tilt_x = 0.007717715745354612
ccd_tilt_y = -0.014104143969348056
ccd_tilt_z = 3.1117219933703684e-06
p = 1.2210909090909092e-05