slit_dec_x_a = -0.17040034578121513
slit_dec_y_a = -0.19575515522699005
slit_dec_x_b = 0.175
slit_dec_y_b = -2.569891635140921e-96
slit_defocus = 0.005521326789912856
slit_tilt_x = 1.1861413186087775
slit_tilt_y = -8.54010322276849
slit_tilt_z = -8.990825358935993
d_slit_col = 1594.2944394999063
coll_tilt_x = 0.08856344684771573
coll_tilt_y = -0.0317327079683404
ech_G = 31.610679146517803
ech_blaze = -74.97713723201137
ech_gamma = 1.1405562916168501
echelle_z = 0.07548012978826704
d_col_trf = -1588.01859384861
trf_mirror_tilt_x = 0.13863909167609936
trf_mirror_tilt_y = 0.0775357691399339
d_col_grm = -0.009536820591502012
grism_dec_x = 236.43431487766628
grism_dec_y = 0.03425080676867098
grm_tilt_x = -0.01585870714646917
grm_tilt_y = 2.3043676500224346
grm_G = 222.82519313945934
grm_apex = 17.815142502859192
d_grm_cam  = 21.60846757273038
cam_dec_x = -0.30211316517547854
cam_dec_y = 0.2503588365571591
cam_tilt_x = -0.018376692401522267
cam_tilt_y = -0.015007781479531454
d_cam_ff  = -160.40099267197573
ccd_ff_dec_x = -0.0035291577415715804
ccd_ff_dec_y = 0.00016525050571314392
ccd_ff_tilt_x = 0.1459999631241026
ccd_ff_tilt_y = -0.5720306170921344
ccd_ff_tilt_z = 0.17252951719163134
d_ff_ccd  = -4.811210093618735
ccd_dec_x = 0.6206520120311482
ccd_dec_y = 5.155300918520261
ccd_defocus = 0.3163317984718821
ccd_tilt_x = 0.007789749469567908
ccd_tilt_y = -0.014025205725198789
ccd_tilt_z = 3.386565055201567e-06
p = 1.8719166666666663e-06