slit_dec_x_a = -0.1704010755187174
slit_dec_y_a = -0.1956586180351446
slit_dec_x_b = 0.175
slit_dec_y_b = -1.883575598262798e-96
slit_defocus = 0.021399905470743913
slit_tilt_x = 1.1139792615836073
slit_tilt_y = -8.538432757848737
slit_tilt_z = -8.99163962473548
d_slit_col = 1594.3099448185415
coll_tilt_x = 0.113114754481666
coll_tilt_y = -0.028852733877347155
ech_G = 31.613225062702522
ech_blaze = -74.97483412066799
ech_gamma = 1.1389778060873204
echelle_z = 0.07477545470863303
d_col_trf = -1588.0172381560037
trf_mirror_tilt_x = 0.026332600721207057
trf_mirror_tilt_y = 0.1622593604860735
d_col_grm = -0.004884401430109156
grism_dec_x = 236.42325611375344
grism_dec_y = 0.038168272907078304
grm_tilt_x = -0.014060089986994255
grm_tilt_y = 2.305278056850852
grm_G = 222.82400646172746
grm_apex = 17.791021425771355
d_grm_cam  = 21.60982359663099
cam_dec_x = -0.30958981099485594
cam_dec_y = 0.24722292277224292
cam_tilt_x = -0.011052518139280107
cam_tilt_y = 0.0038228812289657446
d_cam_ff  = -160.05724631126174
ccd_ff_dec_x = -0.0025995202001094287
ccd_ff_dec_y = 0.053016391864958386
ccd_ff_tilt_x = 0.019536353489910802
ccd_ff_tilt_y = -0.5728001284476729
ccd_ff_tilt_z = 0.18004830674514374
d_ff_ccd  = -4.838924229082129
ccd_dec_x = 0.6214109248467956
ccd_dec_y = 5.157155953843982
ccd_defocus = 0.2806750412975254
ccd_tilt_x = 0.005034479790062198
ccd_tilt_y = -0.010861603746074063
ccd_tilt_z = 5.100177677384378e-06
p = 0.0001