slit_dec_x_a = -0.181778666534
slit_dec_y_a = -0.18243150017
slit_dec_x_b = 0.14512077562974193
slit_dec_y_b = -0.05510809031835813
slit_defocus = -0.0021917731045940796
slit_tilt_x = 1.134697353381659
slit_tilt_y = -8.568275798889793
slit_tilt_z = -9.003634443136962
d_slit_col = 1594.3039293578443
coll_tilt_x = 0.08640696697770725
coll_tilt_y = -0.022039641112660376
ech_G = 31.610894875141284
ech_blaze = -74.9956033544508
ech_gamma = 1.1581589571524837
echelle_z = 0.05733460525362681
d_col_trf = -1588.0163148334873
trf_mirror_tilt_x = 0.12252139114915424
trf_mirror_tilt_y = 0.018664397622355368
d_col_grm = 0.015010686032187569
grism_dec_x = 236.39746605569582
grism_dec_y = -0.005009491714209161
grm_tilt_x = -0.02473144339952199
grm_tilt_y = 2.3273999224474067
grm_G = 222.7857348362352
grm_apex = 17.809150946631906
d_grm_cam  = 21.604322421526433
cam_dec_x = -0.28360474817820347
cam_dec_y = 0.28971685635865707
cam_tilt_x = 0.004318901393345874
cam_tilt_y = -0.027781232320107332
d_cam_ff  = -160.56963752748376
ccd_ff_dec_x = -0.02277858911853382
ccd_ff_dec_y = -0.04780416089913519
ccd_ff_tilt_x = 0.16502821325940678
ccd_ff_tilt_y = -0.5896738536668343
ccd_ff_tilt_z = 0.1717780087971435
d_ff_ccd  = -4.785377132564408
ccd_dec_x = 0.5520000117537792
ccd_dec_y = 5.106260148706791
ccd_defocus = 0.3158016842271027
ccd_tilt_x = 0.02138291489021202
ccd_tilt_y = -0.004203188684470436
ccd_tilt_z = 3.307375937867332e-07
p = 1.1093333333333333e-05