slit_dec_x_a = -0.17043390842673417
slit_dec_y_a = -0.19589950245480575
slit_dec_x_b = 0.175
slit_dec_y_b = -2.218506884710076e-96
slit_defocus = 0.005551260420299794
slit_tilt_x = 1.1861175320262058
slit_tilt_y = -8.539997995422945
slit_tilt_z = -8.990846334357606
d_slit_col = 1594.2944537029632
coll_tilt_x = 0.08870722688203551
coll_tilt_y = -0.03171224263414586
ech_G = 31.610674858724195
ech_blaze = -74.97690436116496
ech_gamma = 1.1405114718483098
echelle_z = 0.07486475534291161
d_col_trf = -1588.0185727713454
trf_mirror_tilt_x = 0.13866464602452264
trf_mirror_tilt_y = 0.07759359480290157
d_col_grm = -0.009553869380968465
grism_dec_x = 236.43431695620646
grism_dec_y = 0.03421279028852335
grm_tilt_x = -0.015704833688215996
grm_tilt_y = 2.3043837173716355
grm_G = 222.82519185631665
grm_apex = 17.81510945136472
d_grm_cam  = 21.608488203520977
cam_dec_x = -0.30216522745100044
cam_dec_y = 0.2503541503422468
cam_tilt_x = -0.018598307690023134
cam_tilt_y = -0.015046495409778057
d_cam_ff  = -160.40097092112535
ccd_ff_dec_x = -0.003540292612489034
ccd_ff_dec_y = 0.00016639615617871823
ccd_ff_tilt_x = 0.14603390205203914
ccd_ff_tilt_y = -0.5720780769843373
ccd_ff_tilt_z = 0.17261135350807452
d_ff_ccd  = -4.811247465231594
ccd_dec_x = 0.6206970871061585
ccd_dec_y = 5.155293904215622
ccd_defocus = 0.31631512379035065
ccd_tilt_x = 0.007732270686214704
ccd_tilt_y = -0.014014319939362425
ccd_tilt_z = 3.134025704901152e-06
p = 1.1093333333333333e-05