slit_dec_x_a = -0.1704010755187174
slit_dec_y_a = -0.1956586180351446
slit_dec_x_b = 0.175
slit_dec_y_b = -1.8250962955814407e-96
slit_defocus = 0.021418097909799552
slit_tilt_x = 1.11398493983579
slit_tilt_y = -8.538438757164798
slit_tilt_z = -8.991585679377577
d_slit_col = 1594.310013736279
coll_tilt_x = 0.11318227992068593
coll_tilt_y = -0.0288613640970484
ech_G = 31.61323675820322
ech_blaze = -74.97482871761243
ech_gamma = 1.1389694962098273
echelle_z = 0.07477381356754008
d_col_trf = -1588.017235543888
trf_mirror_tilt_x = 0.026247337843816106
trf_mirror_tilt_y = 0.162263449500809
d_col_grm = -0.0048499062827220725
grism_dec_x = 236.42330802971034
grism_dec_y = 0.03818400000480613
grm_tilt_x = -0.014057560333263957
grm_tilt_y = 2.30527445203592
grm_G = 222.82399796525092
grm_apex = 17.79090343572093
d_grm_cam  = 21.609814725345
cam_dec_x = -0.3095459292362914
cam_dec_y = 0.24727547937212666
cam_tilt_x = -0.011082337459273024
cam_tilt_y = 0.0038889761733738957
d_cam_ff  = -160.05698906414176
ccd_ff_dec_x = -0.0026011517987842717
ccd_ff_dec_y = 0.05300494864699849
ccd_ff_tilt_x = 0.01951046716381524
ccd_ff_tilt_y = -0.572800547743638
ccd_ff_tilt_z = 0.18005248339657007
d_ff_ccd  = -4.838960257035778
ccd_dec_x = 0.62140676879719
ccd_dec_y = 5.1571427021537035
ccd_defocus = 0.2807798307643989
ccd_tilt_x = 0.005035361653945504
ccd_tilt_y = -0.010883440079302831
ccd_tilt_z = 5.073323382480773e-06
p = 0.0001