slit_dec_x_a = -0.181778666534
slit_dec_y_a = -0.18243150017
slit_dec_x_b = 0.14512077562974193
slit_dec_y_b = -0.05510809031835813
slit_defocus = -0.013791204739456593
slit_tilt_x = 1.0541056679221439
slit_tilt_y = -8.559892248963878
slit_tilt_z = -9.026878312999656
d_slit_col = 1594.290346001249
coll_tilt_x = 0.12139726235973652
coll_tilt_y = -0.02642071501875049
ech_G = 31.614562041883918
ech_blaze = -74.99488403685116
ech_gamma = 1.1556436613320162
echelle_z = 0.0569985937626896
d_col_trf = -1588.0163628929358
trf_mirror_tilt_x = 0.007272230187541135
trf_mirror_tilt_y = 0.15546244336942855
d_col_grm = 0.03567578158016295
grism_dec_x = 236.38319878804876
grism_dec_y = 0.009223746809220591
grm_tilt_x = -0.023504557916712913
grm_tilt_y = 2.325788087502866
grm_G = 222.78406915659266
grm_apex = 17.766523244554957
d_grm_cam  = 21.604697451876895
cam_dec_x = -0.27107503820222373
cam_dec_y = 0.290901075097533
cam_tilt_x = 0.012456817695697439
cam_tilt_y = 0.008819357864171764
d_cam_ff  = -160.07689439629956
ccd_ff_dec_x = -0.023798095026076067
ccd_ff_dec_y = 0.042046036720565956
ccd_ff_tilt_x = 0.03351295622874413
ccd_ff_tilt_y = -0.590978288212361
ccd_ff_tilt_z = 0.17191732271025725
d_ff_ccd  = -4.815989398855373
ccd_dec_x = 0.5532923182980388
ccd_dec_y = 5.107634220032111
ccd_defocus = 0.2857607436977983
ccd_tilt_x = 0.03258106343086636
ccd_tilt_y = -0.0021445402385522065
ccd_tilt_z = 4.683472055038143e-06
p = 0.0001