slit_dec_x_a = -0.181778666534
slit_dec_y_a = -0.18243150017
slit_dec_x_b = 0.14512077562974193
slit_dec_y_b = -0.05510809031835813
slit_defocus = -0.002205354417400186
slit_tilt_x = 1.1346772822718478
slit_tilt_y = -8.56836682111274
slit_tilt_z = -9.003612553581924
d_slit_col = 1594.3039676601368
coll_tilt_x = 0.08645771904064668
coll_tilt_y = -0.02206247122593911
ech_G = 31.610885981774477
ech_blaze = -74.9955009343791
ech_gamma = 1.1581546881747542
echelle_z = 0.05675890886220289
d_col_trf = -1588.0164118957898
trf_mirror_tilt_x = 0.12252891897143671
trf_mirror_tilt_y = 0.018698576121246036
d_col_grm = 0.014998817120135217
grism_dec_x = 236.39746841515597
grism_dec_y = -0.005066564401465615
grm_tilt_x = -0.024672860243007928
grm_tilt_y = 2.3273240768920185
grm_G = 222.7857562359373
grm_apex = 17.809102385849204
d_grm_cam  = 21.604780813617474
cam_dec_x = -0.2836357647849531
cam_dec_y = 0.28977076911375826
cam_tilt_x = 0.004323766530398575
cam_tilt_y = -0.027779622296014356
d_cam_ff  = -160.5696137872076
ccd_ff_dec_x = -0.022902221151312595
ccd_ff_dec_y = -0.04776838916793789
ccd_ff_tilt_x = 0.1650447950436582
ccd_ff_tilt_y = -0.5893481086681862
ccd_ff_tilt_z = 0.17189848541114455
d_ff_ccd  = -4.785369036698063
ccd_dec_x = 0.5518651421726829
ccd_dec_y = 5.106415029280631
ccd_defocus = 0.31582188613698076
ccd_tilt_x = 0.021397594762120126
ccd_tilt_y = -0.004207738376124772
ccd_tilt_z = 2.398681726846908e-07
p = 7.123545454545453e-06