wlc,wll,posc,posm,posme,posmy,d,sd,k,order,flag
5160.69267723,nan,0.00000000,916.54866510,0.01929188,8.19947036,0.01998478,0.01998409,38725,118,1
5161.74291043,5161.71367523,0.00000000,958.43232085,0.20739448,9.68588076,0.01998420,0.01998409,38716,118,1
5161.74291043,5161.71367523,0.00000000,958.43232085,0.20739448,9.68588076,0.01998420,0.01998409,38716,118,1
nan,nan,0.00000000,-1.00000000,0.00000000,10.43246078,nan,0.00000000,-2147483648,118,1
nan,nan,0.00000000,-1.00000000,0.00000000,10.70615873,nan,0.00000000,-2147483648,118,1
5162.63053807,5162.64729211,0.00000000,993.98270639,0.10269022,10.90970401,0.01998403,0.01998409,38709,118,1
5162.75633532,5162.64729211,0.00000000,999.03235211,0.11955227,11.08074932,0.01998451,0.01998409,38709,118,1
5162.98249157,nan,0.00000000,1008.11764450,0.05924001,11.38675656,0.01998487,0.01998409,38708,118,1
5162.98249157,nan,0.00000000,1008.11764450,0.05924001,11.38675656,0.01998487,0.01998409,38708,118,1
5163.19500703,5163.18093909,0.00000000,1016.66331341,0.18561998,11.67255667,0.01998415,0.01998409,38705,118,1
nan,nan,0.00000000,-1.00000000,0.00000000,11.78361505,nan,0.00000000,-2147483648,118,1
nan,nan,0.00000000,-1.00000000,0.00000000,11.85003978,nan,0.00000000,-2147483648,118,1
nan,nan,0.00000000,-1.00000000,0.00000000,12.04867031,nan,0.00000000,-2147483648,118,1
5163.85730874,5163.84815295,0.00000000,1043.34803287,0.05438633,12.55238682,0.01998413,0.01998409,38700,118,1
5164.11435850,nan,0.00000000,1053.72622300,0.07027380,12.88943827,0.01998409,0.01998409,38698,118,1
5164.38752124,5164.38204818,0.00000000,1064.76817190,0.13197266,13.24490958,0.01998411,0.01998409,38696,118,1
5164.50638674,5164.51553924,0.00000000,1069.57728803,0.46085372,13.39872065,0.01998406,0.01998409,38695,118,1
nan,nan,0.00000000,-1.00000000,0.00000000,13.63492586,nan,0.00000000,-2147483648,118,1
nan,nan,0.00000000,-1.00000000,0.00000000,13.69832172,nan,0.00000000,-2147483648,118,1
5164.90833301,5164.91605382,0.00000000,1085.85864422,0.12131403,13.91492835,0.01998406,0.01998409,38692,118,1
5165.04856701,nan,0.00000000,1091.54601053,0.12761766,14.09360846,0.01998409,0.01998409,38691,118,1
5165.18543353,nan,0.00000000,1097.10030986,0.16136316,14.26729090,0.01998410,0.01998409,38690,118,1
5165.47462377,nan,0.00000000,1108.84761301,0.34188267,14.63197552,0.01998419,0.01998409,38688,118,1
5165.47462377,nan,0.00000000,1108.84761301,0.34188267,14.63197552,0.01998419,0.01998409,38688,118,1
5165.47462377,5165.45016988,0.00000000,1108.84761301,0.34188267,14.63197552,0.01998419,0.01998409,38688,118,1
5165.71601165,5165.71726933,1118.71935662,1118.66819007,0.05114162,14.93409126,0.01998409,0.01998409,38686,118,0
5165.71608930,nan,0.00000000,1118.66819007,0.05114162,14.93409126,0.01998409,0.01998409,38686,118,1
5165.96670623,nan,0.00000000,1128.87247483,0.19175437,15.24536296,0.01998403,0.01998409,38684,118,1
5165.96670623,nan,0.00000000,1128.87247483,0.19175437,15.24536296,0.01998403,0.01998409,38684,118,1
5166.11039024,nan,0.00000000,1134.72811386,0.12521188,15.42276842,0.01998407,0.01998409,38683,118,1
5166.11039024,nan,0.00000000,1134.72811386,0.12521188,15.42276842,0.01998407,0.01998409,38683,118,1
5166.23421432,nan,0.00000000,1139.77749923,0.28765199,15.57503751,0.01998403,0.01998409,38682,118,1
nan,nan,0.00000000,-1.00000000,0.00000000,15.94090535,nan,0.00000000,-2147483648,118,1
5166.63945480,nan,0.00000000,1156.32287912,0.11823569,16.06938922,0.01998405,0.01998409,38679,118,1
5166.76805500,nan,0.00000000,1161.57992649,0.15500293,16.22499423,0.01998403,0.01998409,38678,118,1
5166.92017454,5166.91955874,1167.78083758,1167.80603615,0.20968338,16.40837018,0.01998410,0.01998409,38677,118,0
nan,nan,0.00000000,-1.00000000,0.00000000,16.58981937,nan,0.00000000,-2147483648,118,1
nan,nan,0.00000000,-1.00000000,0.00000000,16.67735221,nan,0.00000000,-2147483648,118,1
5167.30733983,nan,0.00000000,1183.65957364,0.18368594,16.87084618,0.01998404,0.01998410,38674,118,1
5167.44570631,nan,0.00000000,1189.33358279,0.07276684,17.03481792,0.01998406,0.01998410,38673,118,1
5167.56913239,nan,0.00000000,1194.39802366,0.39312593,17.18048626,0.01998402,0.01998410,38672,118,1
5167.56913239,nan,0.00000000,1194.39802366,0.39312593,17.18048626,0.01998402,0.01998410,38672,118,1
5167.87666516,5167.85505967,0.00000000,1207.02949394,0.02233481,17.54098613,0.01998418,0.01998410,38670,118,1
5167.87666516,nan,0.00000000,1207.02949394,0.02233481,17.54098613,0.01998418,0.01998410,38670,118,1
nan,nan,0.00000000,-1.00000000,0.00000000,17.73820503,nan,0.00000000,-2147483648,118,1
nan,nan,0.00000000,-1.00000000,0.00000000,17.85082810,nan,0.00000000,-2147483648,118,1
5168.26118083,nan,0.00000000,1222.84859115,0.14887594,17.98680689,0.01998412,0.01998410,38667,118,1
nan,nan,0.00000000,-1.00000000,0.00000000,18.15847768,nan,0.00000000,-2147483648,118,1
5168.53290494,nan,0.00000000,1234.04468872,0.17483385,18.29855816,0.01998413,0.01998410,38665,118,1
5168.66358774,5168.65718726,0.00000000,1239.43444862,0.26203832,18.44752041,0.01998412,0.01998410,38664,118,1
nan,nan,0.00000000,-1.00000000,0.00000000,18.57313833,nan,0.00000000,-2147483648,118,1
5168.92385541,5168.92461845,1250.21239709,1250.18087704,0.25946363,18.74237683,0.01998409,0.01998410,38662,118,0
nan,nan,0.00000000,-1.00000000,0.00000000,18.87367275,nan,0.00000000,-2147483648,118,1
nan,nan,0.00000000,-1.00000000,0.00000000,18.92799366,nan,0.00000000,-2147483648,118,1
nan,nan,0.00000000,-1.00000000,0.00000000,18.98221577,nan,0.00000000,-2147483648,118,1
nan,nan,0.00000000,-1.00000000,0.00000000,19.06336379,nan,0.00000000,-2147483648,118,1
nan,nan,0.00000000,-1.00000000,0.00000000,19.17121592,nan,0.00000000,-2147483648,118,1
5169.46366617,nan,0.00000000,1272.50503718,0.07758304,19.34577019,0.01998411,0.01998410,38658,118,1
5169.46366617,nan,0.00000000,1272.50503718,0.07758304,19.34577019,0.01998411,0.01998410,38658,118,1
5169.60401649,nan,0.00000000,1278.31929374,0.07950947,19.50090809,0.01998414,0.01998410,38657,118,1
5169.73431186,nan,0.00000000,1283.72049632,0.00505958,19.64428187,0.01998413,0.01998410,38656,118,1
5169.85133972,nan,0.00000000,1288.57458370,0.16236835,19.77252322,0.01998406,0.01998410,38655,118,1
5169.97969295,nan,0.00000000,1293.90155456,0.03416628,19.91259508,0.01998404,0.01998410,38654,118,1
5170.12619348,5170.12840136,0.00000000,1299.98569043,0.22327776,20.07172964,0.01998409,0.01998410,38653,118,1
5170.25305977,5170.26218962,0.00000000,1305.25788026,0.10581234,20.20889830,0.01998406,0.01998410,38652,118,1
nan,nan,0.00000000,-1.00000000,0.00000000,20.35752481,nan,0.00000000,-2147483648,118,1
nan,nan,0.00000000,-1.00000000,0.00000000,20.46058634,nan,0.00000000,-2147483648,118,1
nan,nan,0.00000000,-1.00000000,0.00000000,20.53762809,nan,0.00000000,-2147483648,118,1
5170.67428371,nan,0.00000000,1322.78581878,0.18826199,20.66007995,0.01998414,0.01998410,38649,118,1
5170.82145161,5170.79741194,0.00000000,1328.91816223,0.14569708,20.81617580,0.01998419,0.01998410,38648,118,1
5170.95041144,nan,0.00000000,1334.29538306,0.27214730,20.95230416,0.01998417,0.01998410,38647,118,1
5170.95041144,nan,0.00000000,1334.29538306,0.27214730,20.95230416,0.01998417,0.01998410,38647,118,1
5171.19583708,5171.19890139,0.00000000,1344.53815303,0.01007301,21.20968316,0.01998409,0.01998410,38645,118,1
5171.19583708,nan,0.00000000,1344.53815303,0.01007301,21.20968316,0.01998409,0.01998410,38645,118,1
5171.32316476,5171.33274507,0.00000000,1349.85694857,0.03470932,21.34233994,0.01998406,0.01998410,38644,118,1
5171.47489149,5171.46659567,0.00000000,1356.19925633,0.16335343,21.49963891,0.01998413,0.01998410,38643,118,1
nan,nan,0.00000000,-1.00000000,0.00000000,21.64266466,nan,0.00000000,-2147483648,118,1
nan,nan,0.00000000,-1.00000000,0.00000000,21.71631909,nan,0.00000000,-2147483648,118,1
nan,nan,0.00000000,-1.00000000,0.00000000,21.76530290,nan,0.00000000,-2147483648,118,1
5171.87910553,5171.86818905,0.00000000,1373.11867217,0.02408391,21.91456973,0.01998414,0.01998410,38640,118,1
5171.87910553,5171.86818905,0.00000000,1373.11867217,0.02408391,21.91456973,0.01998414,0.01998410,38640,118,1
5172.12535087,5172.13595263,0.00000000,1383.44230769,0.23418269,22.16440210,0.01998406,0.01998410,38638,118,1
5172.12535087,nan,0.00000000,1383.44230769,0.23418269,22.16440210,0.01998406,0.01998410,38638,118,1
5172.27073133,nan,0.00000000,1389.54312071,0.26145352,22.31085498,0.01998410,0.01998410,38637,118,1
5172.40246370,nan,0.00000000,1395.07496384,0.04455548,22.44288899,0.01998409,0.01998410,38636,118,1
5172.52920198,nan,0.00000000,1400.40047550,0.34552495,22.56931623,0.01998407,0.01998410,38635,118,1
5172.69518007,nan,0.00000000,1407.37986662,0.11891699,22.73399532,0.01998419,0.01998410,38634,118,1
5172.81569534,nan,0.00000000,1412.45112665,0.11731541,22.85293383,0.01998414,0.01998410,38633,118,1
5172.94906336,nan,0.00000000,1418.06675067,0.29910460,22.98393566,0.01998414,0.01998410,38632,118,1
5173.08288999,nan,0.00000000,1423.70541254,0.16865544,23.11473192,0.01998414,0.01998410,38631,118,1
5173.22174378,5173.20728425,0.00000000,1429.55984432,0.11487065,23.24974692,0.01998416,0.01998410,38630,118,1
nan,nan,0.00000000,-1.00000000,0.00000000,23.35161257,nan,0.00000000,-2147483648,118,1
5173.52371352,5173.34123191,0.00000000,1442.30561155,0.59619193,23.54092658,0.01998481,0.01998410,38629,118,1
5173.52371352,5173.34123191,0.00000000,1442.30561155,0.59619193,23.54092658,0.01998481,0.01998410,38629,118,1
nan,nan,0.00000000,-1.00000000,0.00000000,23.64721890,nan,0.00000000,-2147483648,118,1
5173.75976907,nan,0.00000000,1452.28257809,0.17469607,23.76621793,0.01998416,0.01998410,38626,118,1
5173.75976907,nan,0.00000000,1452.28257809,0.17469607,23.76621793,0.01998416,0.01998410,38626,118,1
5173.88069305,nan,0.00000000,1457.39802620,0.12435069,23.88083610,0.01998411,0.01998410,38625,118,1
nan,nan,0.00000000,-1.00000000,0.00000000,23.98343216,nan,0.00000000,-2147483648,118,1
5174.14549258,nan,0.00000000,1468.61065622,0.12452757,24.12995410,0.01998410,0.01998410,38623,118,1
5174.26445658,nan,0.00000000,1473.65289622,0.35877353,24.24103585,0.01998404,0.01998410,38622,118,1
5174.41042996,nan,0.00000000,1479.84403472,0.32611926,24.37662825,0.01998409,0.01998410,38621,118,1
5174.55349635,5174.54707307,0.00000000,1485.91629125,0.02872357,24.50876215,0.01998413,0.01998410,38620,118,1
5174.70089472,nan,0.00000000,1492.17699175,0.25729988,24.64411195,0.01998418,0.01998410,38619,118,1
5174.82788629,5174.81511412,0.00000000,1497.57465464,0.19495364,24.76008412,0.01998415,0.01998410,38618,118,1
5174.95099759,5174.94914506,0.00000000,1502.81069716,0.17376205,24.87194813,0.01998411,0.01998410,38617,118,1
5175.07878139,5175.08318294,0.00000000,1508.24891603,0.50009117,24.98746989,0.01998408,0.01998410,38616,118,1
5175.20676810,nan,0.00000000,1513.69930066,0.59112797,25.10257483,0.01998406,0.01998410,38615,118,1
5175.35778703,5175.35127954,0.00000000,1520.13507961,0.01375801,25.23762116,0.01998413,0.01998410,38614,118,1
5175.47888774,nan,0.00000000,1525.29944138,0.19636995,25.34530926,0.01998408,0.01998410,38613,118,1
5175.63375270,nan,0.00000000,1531.90832606,0.06488199,25.48223827,0.01998416,0.01998410,38612,118,1
5175.63375270,nan,0.00000000,1531.90832606,0.06488199,25.48223827,0.01998416,0.01998410,38612,118,1
5175.76218620,nan,0.00000000,1537.39320291,0.21933233,25.59512972,0.01998414,0.01998410,38611,118,1
5175.89923543,nan,0.00000000,1543.24999070,0.11760527,25.71492696,0.01998415,0.01998410,38610,118,1
5175.89923543,nan,0.00000000,1543.24999070,0.11760527,25.71492696,0.01998415,0.01998410,38610,118,1
5176.01826735,nan,0.00000000,1548.34014139,0.08472574,25.81841583,0.01998409,0.01998410,38609,118,1
5176.14448924,nan,0.00000000,1553.74114580,0.15550975,25.92758795,0.01998406,0.01998410,38608,118,1
5176.29969050,nan,0.00000000,1560.38696394,0.20743344,26.06102370,0.01998414,0.01998410,38607,118,1
nan,nan,0.00000000,-1.00000000,0.00000000,26.15306326,nan,0.00000000,-2147483648,118,1
nan,nan,0.00000000,-1.00000000,0.00000000,26.19281945,nan,0.00000000,-2147483648,118,1
5176.56416289,nan,0.00000000,1571.72405942,0.05171658,26.28636988,0.01998413,0.01998410,38605,118,1
5176.69615902,5176.69217932,0.00000000,1577.38809345,0.12031533,26.39787809,0.01998412,0.01998410,38604,118,1
5176.82646509,5176.82630752,1582.97737681,1582.98414527,0.19835939,26.50734597,0.01998410,0.01998410,38603,118,0
5176.95787525,5176.96044267,0.00000000,1588.62991369,0.05299402,26.61708056,0.01998409,0.01998410,38602,118,1
5177.09581151,5177.09458477,1594.50841918,1594.56118153,0.11174288,26.73160195,0.01998411,0.01998410,38601,118,0
5177.24422731,nan,0.00000000,1600.94740024,0.22857479,26.85403581,0.01998416,0.01998410,38600,118,1
5177.36620455,nan,0.00000000,1606.19983327,0.08558063,26.95405694,0.01998412,0.01998410,38599,118,1
nan,nan,0.00000000,-1.00000000,0.00000000,27.04493268,nan,0.00000000,-2147483648,118,1
nan,nan,0.00000000,-1.00000000,0.00000000,27.08264622,nan,0.00000000,-2147483648,118,1
nan,nan,0.00000000,-1.00000000,0.00000000,27.19525799,nan,0.00000000,-2147483648,118,1
5177.77558287,nan,0.00000000,1623.85236682,0.31779157,27.28575080,0.01998414,0.01998410,38596,118,1
5177.89319944,5177.89958340,0.00000000,1628.93100820,0.10854492,27.37990932,0.01998408,0.01998410,38595,118,1
nan,nan,0.00000000,-1.00000000,0.00000000,27.47332463,nan,0.00000000,-2147483648,118,1
5178.16109945,nan,0.00000000,1640.51050850,0.26494503,27.59247962,0.01998408,0.01998410,38593,118,1
5178.29814673,nan,0.00000000,1646.44042309,0.31996939,27.70020198,0.01998409,0.01998410,38592,118,1
5178.45114018,nan,0.00000000,1653.06536004,0.13215170,27.81964230,0.01998416,0.01998410,38591,118,1
5178.55760035,nan,0.00000000,1657.67845613,0.20776359,27.90224648,0.01998405,0.01998410,38590,118,1
5178.71698962,nan,0.00000000,1664.58989788,0.16608818,28.02513951,0.01998415,0.01998410,38589,118,1
5178.71698962,nan,0.00000000,1664.58989788,0.16608818,28.02513951,0.01998415,0.01998410,38589,118,1
nan,nan,0.00000000,-1.00000000,0.00000000,28.13819097,nan,0.00000000,-2147483648,118,1
5178.97708538,nan,0.00000000,1675.88067597,0.15276082,28.22367146,0.01998412,0.01998410,38587,118,1
5179.12637098,5179.10755090,0.00000000,1682.36819887,0.12057075,28.33649632,0.01998418,0.01998410,38586,118,1
nan,nan,0.00000000,-1.00000000,0.00000000,28.45089046,nan,0.00000000,-2147483648,118,1
nan,nan,0.00000000,-1.00000000,0.00000000,28.51942913,nan,0.00000000,-2147483648,118,1
5179.51438915,nan,0.00000000,1699.25441965,0.12801911,28.62590594,0.01998412,0.01998410,38583,118,1
5179.64624420,nan,0.00000000,1705.00058171,0.09687931,28.72298864,0.01998411,0.01998410,38582,118,1
5179.79297535,nan,0.00000000,1711.39978954,0.13023837,28.83027050,0.01998416,0.01998410,38581,118,1
5180.04364458,nan,0.00000000,1722.34354315,0.21001111,29.01170834,0.01998409,0.01998411,38579,118,1
5180.04364458,nan,0.00000000,1722.34354315,0.21001111,29.01170834,0.01998409,0.01998411,38579,118,1
5180.17689187,nan,0.00000000,1728.16685811,0.12401920,29.10721031,0.01998409,0.01998411,38578,118,1
5180.29807391,nan,0.00000000,1733.46650248,0.03193832,29.19349543,0.01998404,0.01998411,38577,118,1
5180.45055842,nan,0.00000000,1740.14000255,0.05952682,29.30129791,0.01998411,0.01998411,38576,118,1
5180.45055842,nan,0.00000000,1740.14000255,0.05952682,29.30129791,0.01998411,0.01998411,38576,118,1
5180.58811168,nan,0.00000000,1746.16473864,0.11473383,29.39780713,0.01998412,0.01998411,38575,118,1
5180.72916282,nan,0.00000000,1752.34732298,0.15265911,29.49604398,0.01998414,0.01998411,38574,118,1
5180.85504906,5180.85338835,0.00000000,1757.86917597,0.05896334,29.58309754,0.01998411,0.01998411,38573,118,1
5180.99116537,5180.98773230,0.00000000,1763.84399331,0.13038573,29.67656559,0.01998412,0.01998411,38572,118,1
5181.12557783,nan,0.00000000,1769.74834695,0.11849788,29.76819058,0.01998412,0.01998411,38571,118,1
nan,nan,0.00000000,-1.00000000,0.00000000,29.84906902,nan,0.00000000,-2147483648,118,1
5181.40554362,5181.39080597,0.00000000,1782.06028814,0.58280635,29.95688631,0.01998416,0.01998411,38569,118,1
5181.54075933,nan,0.00000000,1788.01333581,0.12545250,30.04698073,0.01998417,0.01998411,38568,118,1
5181.66311791,nan,0.00000000,1793.40411761,0.09923441,30.12792402,0.01998412,0.01998411,38567,118,1
5181.78911404,nan,0.00000000,1798.95892612,0.16434783,30.21069313,0.01998409,0.01998411,38566,118,1
5181.91987869,nan,0.00000000,1804.72801595,0.15839421,30.29597162,0.01998407,0.01998411,38565,118,1
5182.06268002,nan,0.00000000,1811.03286470,0.12491078,30.38837445,0.01998411,0.01998411,38564,118,1
5182.20043569,5182.19714151,0.00000000,1817.11962614,0.19727255,30.47679437,0.01998412,0.01998411,38563,118,1
5182.20043569,5182.19714151,0.00000000,1817.11962614,0.19727255,30.47679437,0.01998412,0.01998411,38563,118,1
nan,nan,0.00000000,-1.00000000,0.00000000,30.57581379,nan,0.00000000,-2147483648,118,1
5182.58762349,5182.60040342,0.00000000,1834.25232549,0.11405338,30.72153565,0.01998406,0.01998411,38560,118,1
5182.58762349,nan,0.00000000,1834.25232549,0.11405338,30.72153565,0.01998406,0.01998411,38560,118,1
5182.73639815,nan,0.00000000,1840.84520576,0.10128968,30.81409212,0.01998411,0.01998411,38559,118,1
5182.87911484,5182.86927956,0.00000000,1847.17473143,0.25784245,30.90210486,0.01998415,0.01998411,38558,118,1
5183.00640363,nan,0.00000000,1852.82425068,0.18132448,30.97996271,0.01998412,0.01998411,38557,118,1
5183.13942412,nan,0.00000000,1858.73242950,0.16330998,31.06068068,0.01998411,0.01998411,38556,118,1
5183.27622431,nan,0.00000000,1864.81304454,0.10345987,31.14300344,0.01998412,0.01998411,38555,118,1
nan,nan,0.00000000,-1.00000000,0.00000000,31.23932366,nan,0.00000000,-2147483648,118,1
nan,nan,0.00000000,-1.00000000,0.00000000,31.27921600,nan,0.00000000,-2147483648,118,1
5183.54941127,nan,0.00000000,1876.96977631,0.38210340,31.30530855,0.01998414,0.01998411,38553,118,1
5183.67953319,nan,0.00000000,1882.76668292,0.02338475,31.38163539,0.01998412,0.01998411,38552,118,1
5183.80895593,nan,0.00000000,1888.53662944,0.14555898,31.45692378,0.01998410,0.01998411,38551,118,1
5183.93961124,5183.94506326,0.00000000,1894.36577354,0.13222979,31.53229316,0.01998409,0.01998411,38550,118,1
5184.07066698,nan,0.00000000,1900.21707909,0.18140289,31.60725115,0.01998407,0.01998411,38549,118,1
5184.22142864,nan,0.00000000,1906.95353864,0.18740997,31.69268376,0.01998414,0.01998411,38548,118,1
5184.36084935,5184.34859732,0.00000000,1913.18834521,0.15305595,31.77093098,0.01998416,0.01998411,38547,118,1
5184.47877500,5184.48312263,0.00000000,1918.46573589,0.08387706,31.83654494,0.01998409,0.01998411,38546,118,1
5184.62863758,nan,0.00000000,1925.17743915,0.28951562,31.91917493,0.01998415,0.01998411,38545,118,1
5184.75161349,nan,0.00000000,1930.68925781,0.11291879,31.98634979,0.01998411,0.01998411,38544,118,1
nan,nan,0.00000000,-1.00000000,0.00000000,32.07450009,nan,0.00000000,-2147483648,118,1
5185.02778788,nan,0.00000000,1943.08150194,0.01647196,32.13513458,0.01998413,0.01998411,38542,118,1
5185.15071585,nan,0.00000000,1948.60367343,0.12222050,32.20043632,0.01998409,0.01998411,38541,118,1
5185.30022385,nan,0.00000000,1955.32508736,0.07155503,32.27909011,0.01998415,0.01998411,38540,118,1
nan,nan,0.00000000,-1.00000000,0.00000000,32.35629981,nan,0.00000000,-2147483648,118,1
5185.57116821,nan,0.00000000,1967.52053341,0.02653741,32.41948004,0.01998415,0.01998411,38538,118,1
5185.70203172,nan,0.00000000,1973.41759194,0.21402419,32.48629375,0.01998414,0.01998411,38537,118,1
5185.82380765,nan,0.00000000,1978.90911646,0.18984916,32.54788594,0.01998409,0.01998411,38536,118,1
5185.96378072,nan,0.00000000,1985.22599436,0.21112687,32.61798856,0.01998411,0.01998411,38535,118,1
nan,nan,0.00000000,-1.00000000,0.00000000,32.69227790,nan,0.00000000,-2147483648,118,1
5186.23125428,nan,0.00000000,1997.31103864,0.09130332,32.74988249,0.01998411,0.01998411,38533,118,1
5186.37744430,nan,0.00000000,2003.92411313,0.20705272,32.82082324,0.01998415,0.01998411,38532,118,1
5186.51606805,nan,0.00000000,2010.20008462,0.06212560,32.88734258,0.01998417,0.01998411,38531,118,1
5186.63912860,nan,0.00000000,2015.77568184,0.06202053,32.94578176,0.01998412,0.01998411,38530,118,1
5186.76681434,nan,0.00000000,2021.56504600,0.37299295,33.00580829,0.01998409,0.01998411,38529,118,1
5186.89936349,5186.90577302,0.00000000,2027.57946721,0.14329413,33.06746441,0.01998409,0.01998411,38528,118,1
5187.03651181,nan,0.00000000,2033.80746331,0.11884209,33.13055498,0.01998410,0.01998411,38527,118,1
nan,nan,0.00000000,-1.00000000,0.00000000,33.19252574,nan,0.00000000,-2147483648,118,1
5187.30099487,nan,0.00000000,2045.83189442,0.09591152,33.25019486,0.01998408,0.01998411,38525,118,1
nan,nan,0.00000000,-1.00000000,0.00000000,33.32015817,nan,0.00000000,-2147483648,118,1
5187.56822157,nan,0.00000000,2057.99997409,0.22306416,33.36836045,0.01998407,0.01998411,38523,118,1
5187.73676644,nan,0.00000000,2065.68442709,0.34107061,33.44148368,0.01998472,0.01998411,38523,118,1
5187.85567643,nan,0.00000000,2071.11046571,0.13933722,33.49241758,0.01998414,0.01998411,38521,118,1
5187.98495159,5187.98323364,0.00000000,2077.01379698,0.05942958,33.54717562,0.01998412,0.01998411,38520,118,1
nan,nan,0.00000000,-1.00000000,0.00000000,33.59289445,nan,0.00000000,-2147483648,118,1
5188.24921245,nan,0.00000000,2089.09526040,0.15349417,33.65711234,0.01998410,0.01998411,38518,118,1
nan,nan,0.00000000,-1.00000000,0.00000000,33.70980460,nan,0.00000000,-2147483648,118,1
5188.52358000,nan,0.00000000,2101.65879952,0.16488413,33.76840912,0.01998412,0.01998411,38516,118,1
5188.64275763,5188.65687394,0.00000000,2107.12243064,0.29587384,33.81584902,0.01998406,0.01998411,38515,118,1
nan,nan,0.00000000,-1.00000000,0.00000000,33.87473930,nan,0.00000000,-2147483648,118,1
nan,nan,0.00000000,-1.00000000,0.00000000,33.91697486,nan,0.00000000,-2147483648,118,1
nan,nan,0.00000000,-1.00000000,0.00000000,33.93373302,nan,0.00000000,-2147483648,118,1
5189.06516227,nan,0.00000000,2126.51860817,0.14346526,33.97957092,0.01998413,0.01998411,38512,118,1
5189.18834021,nan,0.00000000,2132.18397731,0.21043814,34.02601303,0.01998408,0.01998411,38511,118,1
5189.32638270,nan,0.00000000,2138.53798858,0.12481182,34.07736011,0.01998410,0.01998411,38510,118,1
5189.49199038,nan,0.00000000,2146.16776029,0.05740749,34.13798390,0.01998473,0.01998411,38510,118,1
5189.60047301,nan,0.00000000,2151.16982392,0.23185633,34.17711783,0.01998411,0.01998411,38508,118,1
5189.73021684,nan,0.00000000,2157.15652241,0.24142906,34.22331982,0.01998409,0.01998411,38507,118,1
5189.88179487,nan,0.00000000,2164.15664376,0.25235896,34.27646590,0.01998416,0.01998411,38506,118,1
5189.88179487,5189.86986757,0.00000000,2164.15664376,0.25235896,34.27646590,0.01998416,0.01998411,38506,118,1
5190.00286412,5190.00467966,0.00000000,2169.75242970,0.13249398,34.31827091,0.01998411,0.01998411,38505,118,1
5190.14713006,nan,0.00000000,2176.42571943,0.11199981,34.36733779,0.01998414,0.01998411,38504,118,1
5190.26320293,nan,0.00000000,2181.79912714,0.06339727,34.40622470,0.01998407,0.01998411,38503,118,1
5190.41206325,nan,0.00000000,2188.69592757,0.10509232,34.45532366,0.01998412,0.01998411,38502,118,1
5190.55070144,nan,0.00000000,2195.12475269,0.41482170,34.50026935,0.01998414,0.01998411,38501,118,1
5190.55070144,nan,0.00000000,2195.12475269,0.41482170,34.50026935,0.01998414,0.01998411,38501,118,1
5190.81580565,nan,0.00000000,2207.43311784,0.06759705,34.58411179,0.01998412,0.01998411,38499,118,1
5190.94428137,nan,0.00000000,2213.40522341,0.24503780,34.62374867,0.01998410,0.01998411,38498,118,1
5191.08061116,nan,0.00000000,2219.74756612,0.15838428,34.66509695,0.01998410,0.01998411,38497,118,1
5191.21794916,nan,0.00000000,2226.14218380,0.25298904,34.70600906,0.01998411,0.01998411,38496,118,1
5191.34601545,nan,0.00000000,2232.10996992,0.14320494,34.74348729,0.01998409,0.01998411,38495,118,1
5191.49623151,5191.48807520,0.00000000,2239.11592260,0.13529628,34.78662007,0.01998415,0.01998411,38494,118,1
5191.63219040,nan,0.00000000,2245.46253747,0.19295533,34.82488776,0.01998415,0.01998411,38493,118,1
5191.75207580,nan,0.00000000,2251.06326524,0.19298485,34.85802241,0.01998409,0.01998411,38492,118,1
5191.89486766,nan,0.00000000,2257.73955284,0.14149788,34.89674243,0.01998412,0.01998411,38491,118,1
5192.03723764,5192.02770210,0.00000000,2264.40200906,0.16158247,34.93453979,0.01998415,0.01998411,38490,118,1
5192.17086116,nan,0.00000000,2270.66052745,0.06315638,34.96927974,0.01998415,0.01998411,38489,118,1
5192.29551370,nan,0.00000000,2276.50357141,0.05470932,35.00104453,0.01998411,0.01998411,38488,118,1
5192.42396861,nan,0.00000000,2282.52960740,0.08360521,35.03312813,0.01998408,0.01998411,38487,118,1
5192.58055635,nan,0.00000000,2289.88195005,0.09799925,35.07134446,0.01998417,0.01998412,38486,118,1
5192.70716607,5192.70239356,0.00000000,2295.83199390,0.15113303,35.10152527,0.01998413,0.01998412,38485,118,1
5192.82864273,nan,0.00000000,2301.54525358,0.01123455,35.12987709,0.01998408,0.01998412,38484,118,1
5192.97124033,nan,0.00000000,2308.25743637,0.26495087,35.16240079,0.01998411,0.01998412,38483,118,1
5193.11472574,nan,0.00000000,2315.01749542,0.20365073,35.19429985,0.01998414,0.01998412,38482,118,1
5193.25740392,nan,0.00000000,2321.74559364,0.00560647,35.22519536,0.01998417,0.01998412,38481,118,1
5193.37333281,nan,0.00000000,2327.21677785,0.04403507,35.24969251,0.01998410,0.01998412,38480,118,1
5193.51867010,5193.51225490,0.00000000,2334.08154755,0.07815013,35.27963512,0.01998414,0.01998412,38479,118,1
5193.65629966,5193.64725636,0.00000000,2340.58809155,0.10830973,35.30719995,0.01998415,0.01998412,38478,118,1
5193.78175318,5193.78226484,2346.54647117,2346.52225751,0.04139531,35.33164871,0.01998411,0.01998412,38477,118,0
5193.90660532,nan,0.00000000,2352.43608955,0.04036329,35.35535824,0.01998408,0.01998412,38476,118,1
5194.05482753,5194.05230287,0.00000000,2359.46097293,0.09408419,35.38267261,0.01998413,0.01998412,38475,118,1
5194.19417764,5194.18733242,0.00000000,2366.07143963,0.28719754,35.40753391,0.01998414,0.01998412,38474,118,1
5194.32469930,nan,0.00000000,2372.26845440,0.12739045,35.43009974,0.01998413,0.01998412,38473,118,1
5194.45439749,nan,0.00000000,2378.43151221,0.20196032,35.45183178,0.01998411,0.01998412,38472,118,1
5194.58625188,nan,0.00000000,2384.70229495,0.17089622,35.47321739,0.01998409,0.01998412,38471,118,1
5194.72976695,5194.72752086,0.00000000,2391.53369256,0.01491057,35.49568185,0.01998413,0.01998412,38470,118,1
5194.85939245,nan,0.00000000,2397.70937455,0.20562989,35.51524302,0.01998410,0.01998412,38469,118,1
5195.00371910,5194.99765724,0.00000000,2404.59154321,0.08450168,35.53620693,0.01998414,0.01998412,38468,118,1
5195.13803939,nan,0.00000000,2411.00234091,0.12509206,35.55494376,0.01998414,0.01998412,38467,118,1
5195.26974556,5195.26782172,0.00000000,2417.29379633,0.13420936,35.57259040,0.01998412,0.01998412,38466,118,1
5195.39305803,5195.40291450,0.00000000,2423.18917537,0.00025988,35.58846006,0.01998408,0.01998412,38465,118,1
5195.54583905,5195.53801432,0.00000000,2430.49996659,0.14999731,35.60724550,0.01998415,0.01998412,38464,118,1
5195.54583905,5195.53801432,0.00000000,2430.49996659,0.14999731,35.60724550,0.01998415,0.01998412,38464,118,1
5195.67465560,nan,0.00000000,2436.66968493,0.21910496,35.62232904,0.01998412,0.01998412,38463,118,1
nan,nan,0.00000000,-1.00000000,0.00000000,35.63479343,nan,0.00000000,-2147483648,118,1
5195.94689382,nan,0.00000000,2449.72574403,0.30702973,35.65192696,0.01998413,0.01998412,38461,118,1
5196.08520481,nan,0.00000000,2456.36782132,0.23536418,35.66577578,0.01998414,0.01998412,38460,118,1
5196.20116285,nan,0.00000000,2461.94110061,0.14210120,35.67676779,0.01998407,0.01998412,38459,118,1
5196.36494465,nan,0.00000000,2469.82017904,0.04555065,35.69132988,0.01998418,0.01998412,38458,118,1
5196.48578341,nan,0.00000000,2475.63884747,0.17273785,35.70134931,0.01998413,0.01998412,38457,118,1
5196.62136694,nan,0.00000000,2482.17304394,0.17056842,35.71185742,0.01998413,0.01998412,38456,118,1
5196.75712408,nan,0.00000000,2488.72148594,0.19182287,35.72159987,0.01998413,0.01998412,38455,118,1
5196.89201027,nan,0.00000000,2495.23375764,0.12727420,35.73050613,0.01998413,0.01998412,38454,118,1
5197.01065655,nan,0.00000000,2500.96679774,0.00408239,35.73770133,0.01998407,0.01998412,38453,118,1
5197.01065655,nan,0.00000000,2500.96679774,0.00408239,35.73770133,0.01998407,0.01998412,38453,118,1
nan,nan,0.00000000,-1.00000000,0.00000000,35.74352032,nan,0.00000000,-2147483648,118,1
nan,nan,0.00000000,-1.00000000,0.00000000,35.74676735,nan,0.00000000,-2147483648,118,1
nan,nan,0.00000000,-1.00000000,0.00000000,35.74884023,nan,0.00000000,-2147483648,118,1
5197.29513028,nan,0.00000000,2514.73116163,0.14499270,35.75251109,0.01998412,0.01998412,38451,118,1
nan,nan,0.00000000,-1.00000000,0.00000000,35.75892884,nan,0.00000000,-2147483648,118,1
5197.56719602,nan,0.00000000,2527.91966018,0.10317761,35.76343944,0.01998413,0.01998412,38449,118,1
5197.70052256,nan,0.00000000,2534.39150682,0.09149798,35.76763581,0.01998412,0.01998412,38448,118,1
5197.83850050,nan,0.00000000,2541.09524827,0.21119542,35.77117348,0.01998413,0.01998412,38447,118,1
5197.96855051,nan,0.00000000,2547.41951044,0.26247064,35.77375660,0.01998411,0.01998412,38446,118,1
5198.09952101,nan,0.00000000,2553.79414658,0.16186015,35.77561960,0.01998409,0.01998412,38445,118,1
5198.24452802,nan,0.00000000,2560.85855803,0.14881298,35.77681596,0.01998413,0.01998412,38444,118,1
5198.24452802,nan,0.00000000,2560.85855803,0.14881298,35.77681596,0.01998413,0.01998412,38444,118,1
5198.37221553,nan,0.00000000,2567.08495006,0.18306390,35.77711400,0.01998410,0.01998412,38443,118,1
5198.51460106,nan,0.00000000,2574.03442327,0.17869453,35.77661016,0.01998413,0.01998412,38442,118,1
5198.65401880,nan,0.00000000,2580.84556807,0.03401372,35.77526053,0.01998415,0.01998412,38441,118,1
5198.77378882,nan,0.00000000,2586.70200739,0.08084927,35.77342300,0.01998409,0.01998412,38440,118,1
nan,nan,0.00000000,-1.00000000,0.00000000,35.77074861,nan,0.00000000,-2147483648,118,1
5199.04948979,nan,0.00000000,2600.20128081,0.23436401,35.76680423,0.01998411,0.01998412,38438,118,1
5199.18967239,nan,0.00000000,2607.07488543,0.19794211,35.76215757,0.01998413,0.01998412,38437,118,1
5199.31343825,nan,0.00000000,2613.14902552,0.09936773,35.75733487,0.01998408,0.01998412,38436,118,1
5199.45656814,nan,0.00000000,2620.17995822,0.02712008,35.75091344,0.01998411,0.01998412,38435,118,1
5199.58567085,nan,0.00000000,2626.52778982,0.02892224,35.74434284,0.01998409,0.01998412,38434,118,1
5199.58567085,nan,0.00000000,2626.52778982,0.02892224,35.74434284,0.01998409,0.01998412,38434,118,1
5199.72986545,nan,0.00000000,2633.62436629,0.12550009,35.73612909,0.01998412,0.01998412,38433,118,1
5199.87349980,nan,0.00000000,2640.70041303,0.11746277,35.72702696,0.01998415,0.01998412,38432,118,1
5199.99758635,nan,0.00000000,2646.81912742,0.20468708,35.71842224,0.01998411,0.01998412,38431,118,1
nan,nan,0.00000000,-1.00000000,0.00000000,35.71060432,nan,0.00000000,-2147483648,118,1
nan,nan,0.00000000,-1.00000000,0.00000000,35.70585432,nan,0.00000000,-2147483648,118,1
5200.27452385,nan,0.00000000,2660.49398229,0.18772211,35.69673159,0.01998414,0.01998412,38429,118,1
5200.41507356,nan,0.00000000,2667.44427032,0.08697431,35.68440513,0.01998416,0.01998412,38428,118,1
5200.53757797,nan,0.00000000,2673.50777655,0.22894017,35.67293493,0.01998411,0.01998412,38427,118,1
5200.68343443,nan,0.00000000,2680.73390778,0.21042493,35.65839377,0.01998415,0.01998412,38426,118,1
nan,nan,0.00000000,-1.00000000,0.00000000,35.64719985,nan,0.00000000,-2147483648,118,1
5200.95031936,5200.94777708,0.00000000,2693.97529844,0.15865146,35.62928909,0.01998413,0.01998412,38424,118,1
5201.08393652,nan,0.00000000,2700.61401412,0.14090038,35.61350012,0.01998413,0.01998412,38423,118,1
nan,nan,0.00000000,-1.00000000,0.00000000,35.59499473,nan,0.00000000,-2147483648,118,1
nan,nan,0.00000000,-1.00000000,0.00000000,35.58456000,nan,0.00000000,-2147483648,118,1
5201.33235955,nan,0.00000000,2712.97347884,0.24897909,35.58197663,0.01998456,0.01998412,38422,118,1
5201.50270582,5201.48937335,0.00000000,2721.46106975,0.22055021,35.55872491,0.01998417,0.01998412,38420,118,1
5201.64179914,nan,0.00000000,2728.39908589,0.05335492,35.53874858,0.01998419,0.01998412,38419,118,1
5201.77643877,nan,0.00000000,2735.12149682,0.07569625,35.51856120,0.01998418,0.01998412,38418,118,1
5201.89986804,nan,0.00000000,2741.28986014,0.01504544,35.49931748,0.01998414,0.01998412,38417,118,1
5202.02501899,nan,0.00000000,2747.54982181,0.05360283,35.47908349,0.01998410,0.01998412,38416,118,1
nan,nan,0.00000000,-1.00000000,0.00000000,35.45749242,nan,0.00000000,-2147483648,118,1
5202.30310413,nan,0.00000000,2761.47955161,0.17837036,35.43151251,0.01998413,0.01998412,38414,118,1
5202.30310413,nan,0.00000000,2761.47955161,0.17837036,35.43151251,0.01998413,0.01998412,38414,118,1
5202.42206291,nan,0.00000000,2767.44689000,0.44785165,35.41005892,0.01998406,0.01998412,38413,118,1
nan,nan,0.00000000,-1.00000000,0.00000000,35.38575685,nan,0.00000000,-2147483648,118,1
5202.70544535,nan,0.00000000,2781.68285525,0.17817176,35.35627542,0.01998411,0.01998412,38411,118,1
5202.84327529,5202.84385791,2788.64121327,2788.61188565,0.16576944,35.32877055,0.01998412,0.01998412,38410,118,0
5202.98264845,nan,0.00000000,2795.63665515,0.11232631,35.29999880,0.01998414,0.01998412,38409,118,1
5203.10446573,nan,0.00000000,2801.77755671,0.10839142,35.27411574,0.01998408,0.01998412,38408,118,1
5203.25364681,nan,0.00000000,2809.30530785,0.69021441,35.24145650,0.01998414,0.01998412,38407,118,1
5203.38837173,5203.38584939,0.00000000,2816.11063560,0.13145034,35.21104916,0.01998413,0.01998412,38406,118,1
5203.52303871,5203.52136491,0.00000000,2822.91973614,0.26474817,35.17978642,0.01998413,0.01998412,38405,118,1
nan,nan,0.00000000,-1.00000000,0.00000000,35.13679098,nan,0.00000000,-2147483648,118,1
5203.79015402,5203.79241715,0.00000000,2836.44565805,0.09879860,35.11519668,0.01998412,0.01998412,38403,118,1
5203.93738259,5203.92795387,0.00000000,2843.91223226,0.20331669,35.07812406,0.01998416,0.01998412,38402,118,1
5204.07332509,nan,0.00000000,2850.81364067,0.21884708,35.04296060,0.01998416,0.01998412,38401,118,1
5204.19459438,nan,0.00000000,2856.97598243,0.33518788,35.01083452,0.01998411,0.01998412,38400,118,1
5204.19459438,nan,0.00000000,2856.97598243,0.33518788,35.01083452,0.01998411,0.01998412,38400,118,1
5204.34048589,nan,0.00000000,2864.39684427,0.23626025,34.97123550,0.01998415,0.01998412,38399,118,1
5204.46893884,nan,0.00000000,2870.93733274,0.18390712,34.93550817,0.01998412,0.01998412,38398,118,1
5204.60898657,5204.60574343,0.00000000,2878.07531499,0.21509903,34.89563360,0.01998414,0.01998412,38397,118,1
5204.73239861,nan,0.00000000,2884.37157981,0.22436259,34.85969568,0.01998409,0.01998412,38396,118,1
5204.88361689,5204.87690872,0.00000000,2892.09437984,0.09020237,34.81463554,0.01998415,0.01998412,38395,118,1
5205.01107540,5205.01250197,2898.68906106,2898.61610550,0.24909704,34.77574245,0.01998412,0.01998413,38394,118,0
5205.14964093,5205.14810228,0.00000000,2905.70160314,0.14650959,34.73261447,0.01998413,0.01998413,38393,118,1
5205.27256688,nan,0.00000000,2911.99849240,0.01229067,34.69352365,0.01998408,0.01998413,38392,118,1
5205.41344709,5205.41932413,0.00000000,2919.22225697,0.25783395,34.64779439,0.01998410,0.01998413,38391,118,1
5205.55584486,5205.55494566,2926.48651395,2926.53269135,0.13495822,34.60055416,0.01998413,0.01998413,38390,118,0
5205.67535001,nan,0.00000000,2932.67200176,0.37532747,34.56013377,0.01998407,0.01998413,38389,118,1
5205.83104671,nan,0.00000000,2940.68028482,0.07636751,34.50638176,0.01998414,0.01998413,38388,118,1
5205.95209505,nan,0.00000000,2946.91296741,0.15263185,34.46374326,0.01998409,0.01998413,38387,118,1
5206.10177108,5206.09750250,0.00000000,2954.62760694,0.20689260,34.40999115,0.01998414,0.01998413,38386,118,1
5206.23589638,nan,0.00000000,2961.54821028,0.13206449,34.36085313,0.01998414,0.01998413,38385,118,1
nan,nan,0.00000000,-1.00000000,0.00000000,34.30697217,nan,0.00000000,-2147483648,118,1
nan,nan,0.00000000,-1.00000000,0.00000000,34.29233946,nan,0.00000000,-2147483648,118,1
5206.51117773,nan,0.00000000,2975.77444187,0.29257702,34.25711447,0.01998415,0.01998413,38383,118,1
5206.63665008,nan,0.00000000,2982.26868263,0.18530958,34.20853695,0.01998411,0.01998413,38382,118,1
5206.79026795,5206.77585771,0.00000000,2990.22822731,0.19712975,34.14795441,0.01998418,0.01998413,38381,118,1
nan,nan,0.00000000,-1.00000000,0.00000000,34.09550645,nan,0.00000000,-2147483648,118,1
5207.01940536,nan,0.00000000,3002.11827205,0.27376205,34.05531216,0.01998454,0.01998413,38380,118,1
5207.18718523,nan,0.00000000,3010.83781983,0.21335456,33.98574023,0.01998414,0.01998413,38378,118,1
5207.30598203,5207.31866926,0.00000000,3017.01857458,0.27027256,33.93558774,0.01998408,0.01998413,38377,118,1
5207.47014156,nan,0.00000000,3025.56886059,0.13576706,33.86506266,0.01998419,0.01998413,38376,118,1
5207.59694031,nan,0.00000000,3032.18069264,0.38481860,33.80961439,0.01998415,0.01998413,38375,118,1
nan,nan,0.00000000,-1.00000000,0.00000000,33.75159249,nan,0.00000000,-2147483648,118,1
nan,nan,0.00000000,-1.00000000,0.00000000,33.73441494,nan,0.00000000,-2147483648,118,1
nan,nan,0.00000000,-1.00000000,0.00000000,33.70851201,nan,0.00000000,-2147483648,118,1
nan,nan,0.00000000,-1.00000000,0.00000000,33.69115230,nan,0.00000000,-2147483648,118,1
nan,nan,0.00000000,-1.00000000,0.00000000,33.62981933,nan,0.00000000,-2147483648,118,1
nan,nan,0.00000000,-1.00000000,0.00000000,33.54965013,nan,0.00000000,-2147483648,118,1
5208.26415083,5208.26886204,0.00000000,3067.08031842,0.26599530,33.50374393,0.01998411,0.01998413,38370,118,1
5208.41566425,nan,0.00000000,3075.03107165,0.34315468,33.43095494,0.01998417,0.01998413,38369,118,1
5208.55818157,5208.54040942,0.00000000,3082.51845711,0.12735023,33.36135294,0.01998420,0.01998413,38368,118,1
nan,nan,0.00000000,-1.00000000,0.00000000,33.30027424,nan,0.00000000,-2147483648,118,1
5208.80894747,nan,0.00000000,3095.71344595,0.29990820,33.23620072,0.01998412,0.01998413,38366,118,1
5208.92781124,nan,0.00000000,3101.97711761,0.34885523,33.17567673,0.01998405,0.01998413,38365,118,1
5209.08685569,5209.08358921,0.00000000,3110.36746309,0.29832348,33.09347858,0.01998414,0.01998413,38364,118,1
5209.08685569,nan,0.00000000,3110.36746309,0.29832348,33.09347858,0.01998414,0.01998413,38364,118,1
5209.21036835,5209.21940188,0.00000000,3116.89070905,0.07323624,33.02868148,0.01998409,0.01998413,38363,118,1
nan,nan,0.00000000,-1.00000000,0.00000000,32.97738526,nan,0.00000000,-2147483648,118,1
nan,nan,0.00000000,-1.00000000,0.00000000,32.93689224,nan,0.00000000,-2147483648,118,1
nan,nan,0.00000000,-1.00000000,0.00000000,32.87560272,nan,0.00000000,-2147483648,118,1
5209.63263961,5209.62688239,0.00000000,3139.24166476,0.34078670,32.80075028,0.01998415,0.01998413,38360,118,1
5209.76807745,5209.76272340,0.00000000,3146.42656954,0.15050993,32.72553334,0.01998415,0.01998413,38359,118,1
5209.90071136,5209.89857150,0.00000000,3153.47036517,0.18760658,32.65087330,0.01998414,0.01998413,38358,118,1
5210.04863091,5210.03442670,0.00000000,3161.33488308,0.13196924,32.56643669,0.01998418,0.01998413,38357,118,1
5210.04863091,nan,0.00000000,3161.33488308,0.13196924,32.56643669,0.01998418,0.01998413,38357,118,1
5210.16776839,5210.17028898,0.00000000,3167.67601122,0.26702256,32.49752748,0.01998412,0.01998413,38356,118,1
5210.16776839,nan,0.00000000,3167.67601122,0.26702256,32.49752748,0.01998412,0.01998413,38356,118,1
5210.30049675,nan,0.00000000,3174.74777263,0.14726005,32.41980564,0.01998411,0.01998413,38355,118,1
5210.43688446,5210.44203482,0.00000000,3182.02249566,0.27756639,32.33889212,0.01998411,0.01998413,38354,118,1
5210.56622243,5210.57791838,0.00000000,3188.92870382,0.11517885,32.26117494,0.01998408,0.01998413,38353,118,1
5210.71639981,5210.71380903,0.00000000,3196.95686743,0.18681986,32.16972646,0.01998414,0.01998413,38352,118,1
5210.84719384,5210.84970677,0.00000000,3203.95692257,0.09265565,32.08901821,0.01998412,0.01998413,38351,118,1
5210.98525712,5210.98561161,3211.37505062,3211.35604561,0.05054495,32.00272475,0.01998413,0.01998413,38350,118,0
nan,nan,0.00000000,-1.00000000,0.00000000,31.92437608,nan,0.00000000,-2147483648,118,1
5211.25362218,5211.25744257,0.00000000,3225.75714825,0.12479489,31.83186661,0.01998412,0.01998413,38348,118,1
nan,nan,0.00000000,-1.00000000,0.00000000,31.79286307,nan,0.00000000,-2147483648,118,1
nan,nan,0.00000000,-1.00000000,0.00000000,31.74448454,nan,0.00000000,-2147483648,118,1
nan,nan,0.00000000,-1.00000000,0.00000000,31.70800603,nan,0.00000000,-2147483648,118,1
5211.53761909,5211.52930191,0.00000000,3241.03401707,0.14236778,31.64641993,0.01998416,0.01998413,38346,118,1
5211.65475682,nan,0.00000000,3247.34567449,0.12745595,31.56853891,0.01998409,0.01998413,38345,118,1
5211.81212178,5211.80118964,0.00000000,3255.83460766,0.22623879,31.46262551,0.01998417,0.01998413,38344,118,1
nan,nan,0.00000000,-1.00000000,0.00000000,31.39752342,nan,0.00000000,-2147483648,118,1
5212.06143854,nan,0.00000000,3269.30676814,0.05893921,31.29178819,0.01998409,0.01998413,38342,118,1
5212.19305641,nan,0.00000000,3276.43031855,0.11905409,31.20009077,0.01998407,0.01998413,38341,118,1
nan,nan,0.00000000,-1.00000000,0.00000000,31.12773677,nan,0.00000000,-2147483648,118,1
nan,nan,0.00000000,-1.00000000,0.00000000,31.07541713,nan,0.00000000,-2147483648,118,1
5212.47408760,nan,0.00000000,3291.66709221,0.12428437,31.00078097,0.01998410,0.01998413,38339,118,1
nan,nan,0.00000000,-1.00000000,0.00000000,30.92999839,nan,0.00000000,-2147483648,118,1
nan,nan,0.00000000,-1.00000000,0.00000000,30.88994649,nan,0.00000000,-2147483648,118,1
nan,nan,0.00000000,-1.00000000,0.00000000,30.80933792,nan,0.00000000,-2147483648,118,1
nan,nan,0.00000000,-1.00000000,0.00000000,30.72805586,nan,0.00000000,-2147483648,118,1
nan,nan,0.00000000,-1.00000000,0.00000000,30.67349338,nan,0.00000000,-2147483648,118,1
5213.01416320,5213.02503583,0.00000000,3321.05086643,0.41664065,30.60416820,0.01998409,0.01998413,38335,118,1
5213.19560196,nan,0.00000000,3330.95282622,0.16101991,30.46687159,0.01998479,0.01998413,38335,118,1
5213.19560196,nan,0.00000000,3330.95282622,0.16101991,30.46687159,0.01998479,0.01998413,38335,118,1
5213.30257650,5213.29707977,0.00000000,3336.79815753,0.49070460,30.38495868,0.01998415,0.01998413,38333,118,1
nan,nan,0.00000000,-1.00000000,0.00000000,30.25470862,nan,0.00000000,-2147483648,118,1
5213.56389801,nan,0.00000000,3351.10002429,0.06309796,30.18183285,0.01998411,0.01998413,38331,118,1
5213.66457282,nan,0.00000000,3356.61847492,0.02138169,30.10242635,0.01998450,0.01998413,38331,118,1
nan,nan,0.00000000,-1.00000000,0.00000000,30.02443740,nan,0.00000000,-2147483648,118,1
nan,nan,0.00000000,-1.00000000,0.00000000,29.98072437,nan,0.00000000,-2147483648,118,1
5213.94519072,nan,0.00000000,3372.02588426,0.12399056,29.87768543,0.01998453,0.01998413,38329,118,1
5213.94519072,nan,0.00000000,3372.02588426,0.12399056,29.87768543,0.01998453,0.01998413,38329,118,1
5213.94519072,5213.84125290,0.00000000,3372.02588426,0.12399056,29.87768543,0.01998453,0.01998413,38329,118,1
5214.11331684,nan,0.00000000,3381.27492992,0.13153550,29.74062056,0.01998413,0.01998413,38327,118,1
5214.26374774,5214.24945737,0.00000000,3389.56203057,0.25159488,29.61643662,0.01998419,0.01998413,38326,118,1
5214.38670823,nan,0.00000000,3396.34392095,0.24288898,29.51384075,0.01998414,0.01998413,38325,118,1
nan,nan,0.00000000,-1.00000000,0.00000000,29.39697214,nan,0.00000000,-2147483648,118,1
nan,nan,0.00000000,-1.00000000,0.00000000,29.36625923,nan,0.00000000,-2147483648,118,1
5214.65774958,nan,0.00000000,3411.31910111,0.03751376,29.28420696,0.01998413,0.01998413,38323,118,1
5214.65774958,nan,0.00000000,3411.31910111,0.03751376,29.28420696,0.01998413,0.01998413,38323,118,1
5214.81831613,nan,0.00000000,3420.20737147,0.02574418,29.14589634,0.01998423,0.01998413,38322,118,1
5214.81831613,nan,0.00000000,3420.20737147,0.02574418,29.14589634,0.01998423,0.01998413,38322,118,1
5214.93124270,nan,0.00000000,3426.46605906,0.00031750,29.04760251,0.01998414,0.01998413,38321,118,1
5214.93124270,nan,0.00000000,3426.46605906,0.00031750,29.04760251,0.01998414,0.01998413,38321,118,1
5215.06961416,5215.06605824,0.00000000,3434.14351332,0.21601738,28.92600710,0.01998415,0.01998413,38320,118,1
5215.20755788,5215.20218327,0.00000000,3441.80663377,0.13443111,28.80351711,0.01998415,0.01998413,38319,118,1
5215.35546601,5215.33831542,0.00000000,3450.03376733,0.24583115,28.67076273,0.01998420,0.01998413,38318,118,1
5215.46952975,5215.47445467,0.00000000,3456.38578851,0.12214982,28.56737958,0.01998411,0.01998413,38317,118,1
5215.56533065,nan,0.00000000,3461.72579386,0.05989678,28.47986965,0.01998500,0.01998413,38318,118,1
nan,nan,0.00000000,-1.00000000,0.00000000,28.39290132,nan,0.00000000,-2147483648,118,1
nan,nan,0.00000000,-1.00000000,0.00000000,28.34319505,nan,0.00000000,-2147483648,118,1
5215.88314024,5215.88291513,3479.46786941,3479.48046048,0.13599912,28.18497913,0.01998414,0.01998413,38314,118,0
5216.00869114,nan,0.00000000,3486.49893472,0.02930992,28.06673685,0.01998409,0.01998413,38313,118,1
5216.00869114,nan,0.00000000,3486.49893472,0.02930992,28.06673685,0.01998409,0.01998413,38313,118,1
5216.17611605,5216.15525767,0.00000000,3495.87974970,0.06827320,27.90721384,0.01998421,0.01998413,38312,118,1
5216.17611605,nan,0.00000000,3495.87974970,0.06827320,27.90721384,0.01998421,0.01998413,38312,118,1
5216.27324153,nan,0.00000000,3501.32821530,0.55849910,27.81378212,0.01998406,0.01998413,38311,118,1
nan,nan,0.00000000,-1.00000000,0.00000000,27.73321260,nan,0.00000000,-2147483648,118,1
5216.45510340,5216.42762868,0.00000000,3511.54309495,0.26456534,27.63706917,0.01998424,0.01998413,38310,118,1
5216.45510340,5216.42762868,0.00000000,3511.54309495,0.26456534,27.63706917,0.01998424,0.01998413,38310,118,1
5216.70627849,5216.70002816,0.00000000,3525.67906238,0.12964846,27.38919182,0.01998416,0.01998413,38308,118,1
5216.81647593,nan,0.00000000,3531.89116001,0.29973545,27.27903560,0.01998406,0.01998413,38307,118,1
5216.81647593,nan,0.00000000,3531.89116001,0.29973545,27.27903560,0.01998406,0.01998413,38307,118,1
nan,nan,0.00000000,-1.00000000,0.00000000,27.16997932,nan,0.00000000,-2147483648,118,1
nan,nan,0.00000000,-1.00000000,0.00000000,27.11615700,nan,0.00000000,-2147483648,118,1
5217.08913029,5217.10868077,0.00000000,3547.28839975,0.04044184,27.00276977,0.01998406,0.01998413,38305,118,1
nan,nan,0.00000000,-1.00000000,0.00000000,26.93548371,nan,0.00000000,-2147483648,118,1
5217.23221315,5217.24491255,0.00000000,3555.38401574,0.23541447,26.85566165,0.01998409,0.01998413,38304,118,1
nan,nan,0.00000000,-1.00000000,0.00000000,26.73449069,nan,0.00000000,-2147483648,118,1
nan,nan,0.00000000,-1.00000000,0.00000000,26.66081630,nan,0.00000000,-2147483648,118,1
5217.51825351,5217.51739746,3571.54938271,3571.59796334,0.09082051,26.55718417,0.01998414,0.01998414,38302,118,0
5217.63019023,5217.65365060,0.00000000,3577.95803067,0.18198752,26.43869897,0.01998405,0.01998414,38301,118,1
5217.63019023,nan,0.00000000,3577.95803067,0.18198752,26.43869897,0.01998405,0.01998414,38301,118,1
5217.77715702,nan,0.00000000,3586.31542007,0.12656352,26.28179857,0.01998409,0.01998414,38300,118,1
5217.94258547,5217.92617825,0.00000000,3595.73638917,0.05567480,26.10328576,0.01998420,0.01998414,38299,118,1
5217.94258547,5217.92617825,0.00000000,3595.73638917,0.05567480,26.10328576,0.01998420,0.01998414,38299,118,1
nan,nan,0.00000000,-1.00000000,0.00000000,26.02192303,nan,0.00000000,-2147483648,118,1
nan,nan,0.00000000,-1.00000000,0.00000000,25.98363356,nan,0.00000000,-2147483648,118,1
nan,nan,0.00000000,-1.00000000,0.00000000,25.90681812,nan,0.00000000,-2147483648,118,1
5218.21003140,5218.19873440,0.00000000,3610.99809776,0.45041212,25.81039184,0.01998418,0.01998414,38297,118,1
nan,nan,0.00000000,-1.00000000,0.00000000,25.71339839,nan,0.00000000,-2147483648,118,1
nan,nan,0.00000000,-1.00000000,0.00000000,25.65498727,nan,0.00000000,-2147483648,118,1
5218.47581580,5218.47131904,0.00000000,3626.20314052,0.14723213,25.51401245,0.01998415,0.01998414,38295,118,1
5218.61313073,5218.60762205,0.00000000,3634.07367374,0.21404669,25.35880087,0.01998416,0.01998414,38294,118,1
5218.74204528,5218.74393219,0.00000000,3641.47206457,0.00839387,25.21177954,0.01998413,0.01998414,38293,118,1
5218.87927897,5218.88024946,0.00000000,3649.35787478,0.22322298,25.05387446,0.01998413,0.01998414,38292,118,1
5218.87927897,5218.88024946,0.00000000,3649.35787478,0.22322298,25.05387446,0.01998413,0.01998414,38292,118,1
5219.02177926,5219.01657385,0.00000000,3657.55725805,0.23460504,24.88837753,0.01998416,0.01998414,38291,118,1
5219.02177926,5219.01657385,0.00000000,3657.55725805,0.23460504,24.88837753,0.01998416,0.01998414,38291,118,1
5219.16193171,nan,0.00000000,3665.63246416,0.08092334,24.72407641,0.01998417,0.01998414,38290,118,1
nan,nan,0.00000000,-1.00000000,0.00000000,24.57303720,nan,0.00000000,-2147483648,118,1
nan,nan,0.00000000,-1.00000000,0.00000000,24.53184851,nan,0.00000000,-2147483648,118,1
5219.43213873,5219.42558980,0.00000000,3681.23178520,0.34588921,24.40299521,0.01998416,0.01998414,38288,118,1
5219.43213873,nan,0.00000000,3681.23178520,0.34588921,24.40299521,0.01998416,0.01998414,38288,118,1
5219.57895605,5219.56194271,0.00000000,3689.72475138,0.09975745,24.22613391,0.01998420,0.01998414,38287,118,1
5219.57895605,5219.56194271,0.00000000,3689.72475138,0.09975745,24.22613391,0.01998420,0.01998414,38287,118,1
5219.69341117,5219.69830275,0.00000000,3696.35402955,0.23321030,24.08707595,0.01998412,0.01998414,38286,118,1
5219.69341117,5219.69830275,0.00000000,3696.35402955,0.23321030,24.08707595,0.01998412,0.01998414,38286,118,1
5219.85283854,5219.83466992,0.00000000,3705.60039341,0.36488641,23.89164395,0.01998421,0.01998414,38285,118,1
5219.96036755,5219.97104423,0.00000000,3711.84489233,0.25794612,23.75868454,0.01998410,0.01998414,38284,118,1
5219.96036755,nan,0.00000000,3711.84489233,0.25794612,23.75868454,0.01998410,0.01998414,38284,118,1
nan,nan,0.00000000,-1.00000000,0.00000000,23.58385804,nan,0.00000000,-2147483648,118,1
nan,nan,0.00000000,-1.00000000,0.00000000,23.43272118,nan,0.00000000,-2147483648,118,1
5220.37846127,5220.38020993,0.00000000,3736.18716728,0.22126860,23.23285393,0.01998413,0.01998414,38281,118,1
5220.46931905,nan,0.00000000,3741.49031422,0.01938947,23.11670352,0.01998500,0.01998414,38282,118,1
nan,nan,0.00000000,-1.00000000,0.00000000,23.06153661,nan,0.00000000,-2147483648,118,1
nan,nan,0.00000000,-1.00000000,0.00000000,23.01748164,nan,0.00000000,-2147483648,118,1
5220.64072975,5220.65302274,0.00000000,3751.50808035,0.13209766,22.89573135,0.01998409,0.01998414,38279,118,1
5220.64072975,nan,0.00000000,3751.50808035,0.13209766,22.89573135,0.01998409,0.01998414,38279,118,1
nan,nan,0.00000000,-1.00000000,0.00000000,22.68447065,nan,0.00000000,-2147483648,118,1
5220.91035522,nan,0.00000000,3767.30023114,0.35719498,22.54323071,0.01998408,0.01998414,38277,118,1
5221.06274307,5221.06229547,3776.23592115,3776.26221036,0.11412935,22.34091909,0.01998414,0.01998414,38276,118,0
nan,nan,0.00000000,-1.00000000,0.00000000,22.23330070,nan,0.00000000,-2147483648,118,1
nan,nan,0.00000000,-1.00000000,0.00000000,22.18773257,nan,0.00000000,-2147483648,118,1
nan,nan,0.00000000,-1.00000000,0.00000000,22.11922626,nan,0.00000000,-2147483648,118,1
5221.32511742,5221.33517964,0.00000000,3791.67599590,0.28515242,21.98910602,0.01998410,0.01998414,38274,118,1
5221.46689146,5221.47163243,0.00000000,3800.03134574,0.26209336,21.79635518,0.01998412,0.01998414,38273,118,1
5221.61298653,5221.60809236,0.00000000,3808.65381951,0.53424892,21.59593159,0.01998416,0.01998414,38272,118,1
5221.74422388,5221.74455943,0.00000000,3816.41023190,0.19017893,21.41432548,0.01998414,0.01998414,38271,118,1
nan,nan,0.00000000,-1.00000000,0.00000000,21.30627519,nan,0.00000000,-2147483648,118,1
5221.91563015,nan,0.00000000,3826.55622981,0.05081058,21.17488809,0.01998479,0.01998414,38271,118,1
5221.91563015,5221.74455943,0.00000000,3826.55622981,0.05081058,21.17488809,0.01998479,0.01998414,38271,118,1
nan,nan,0.00000000,-1.00000000,0.00000000,21.02171019,nan,0.00000000,-2147483648,118,1
nan,nan,0.00000000,-1.00000000,0.00000000,20.95010107,nan,0.00000000,-2147483648,118,1
5222.06609931,nan,0.00000000,3835.47745663,0.03783230,20.96258750,0.01998485,0.01998414,38270,118,1
nan,nan,0.00000000,-1.00000000,0.00000000,20.61344442,nan,0.00000000,-2147483648,118,1
5222.41517332,5222.42700189,0.00000000,3856.22660632,0.21868274,20.46239842,0.01998409,0.01998414,38266,118,1
nan,nan,0.00000000,-1.00000000,0.00000000,20.32162127,nan,0.00000000,-2147483648,118,1
nan,nan,0.00000000,-1.00000000,0.00000000,20.27269077,nan,0.00000000,-2147483648,118,1
nan,nan,0.00000000,-1.00000000,0.00000000,20.19913765,nan,0.00000000,-2147483648,118,1
nan,nan,0.00000000,-1.00000000,0.00000000,20.14999725,nan,0.00000000,-2147483648,118,1
nan,nan,0.00000000,-1.00000000,0.00000000,20.07612909,nan,0.00000000,-2147483648,118,1
nan,nan,0.00000000,-1.00000000,0.00000000,19.97734382,nan,0.00000000,-2147483648,118,1
5222.84422244,5222.83655307,0.00000000,3881.83150622,0.19133302,19.83272363,0.01998417,0.01998414,38263,118,1
5223.00181197,5222.83655307,0.00000000,3891.26469073,0.08977119,19.59726431,0.01998477,0.01998414,38263,118,1
5223.00181197,nan,0.00000000,3891.26469073,0.08977119,19.59726431,0.01998477,0.01998414,38263,118,1
5223.08759425,nan,0.00000000,3896.40603519,0.27566906,19.46814099,0.01998458,0.01998414,38262,118,1
5223.24378133,5223.24616855,0.00000000,3905.77886809,0.16817091,19.23130501,0.01998413,0.01998414,38260,118,1
5223.24378133,5223.24616855,0.00000000,3905.77886809,0.16817091,19.23130501,0.01998413,0.01998414,38260,118,1
5223.24378133,5223.24616855,0.00000000,3905.77886809,0.16817091,19.23130501,0.01998413,0.01998414,38260,118,1
nan,nan,0.00000000,-1.00000000,0.00000000,18.99648330,nan,0.00000000,-2147483648,118,1
nan,nan,0.00000000,-1.00000000,0.00000000,18.94531355,nan,0.00000000,-2147483648,118,1
nan,nan,0.00000000,-1.00000000,0.00000000,18.81701663,nan,0.00000000,-2147483648,118,1
nan,nan,0.00000000,-1.00000000,0.00000000,18.73978277,nan,0.00000000,-2147483648,118,1
nan,nan,0.00000000,-1.00000000,0.00000000,18.66235694,nan,0.00000000,-2147483648,118,1
nan,nan,0.00000000,-1.00000000,0.00000000,18.55882360,nan,0.00000000,-2147483648,118,1
5223.76037954,nan,0.00000000,3936.88937278,0.25767228,18.43180584,0.01998454,0.01998414,38257,118,1
5223.76037954,5223.65584836,0.00000000,3936.88937278,0.25767228,18.43180584,0.01998454,0.01998414,38257,118,1
nan,nan,0.00000000,-1.00000000,0.00000000,18.16752499,nan,0.00000000,-2147483648,118,1
nan,nan,0.00000000,-1.00000000,0.00000000,18.08868646,nan,0.00000000,-2147483648,118,1
nan,nan,0.00000000,-1.00000000,0.00000000,17.95685924,nan,0.00000000,-2147483648,118,1
5224.06852740,5224.06559249,0.00000000,3955.52736447,0.14296921,17.94292370,0.01998415,0.01998414,38254,118,1
nan,nan,0.00000000,-1.00000000,0.00000000,17.77139755,nan,0.00000000,-2147483648,118,1
5224.33428801,5224.33879099,0.00000000,3971.65064016,0.07567546,17.51397637,0.01998412,0.01998414,38252,118,1
5224.33428801,5224.33879099,0.00000000,3971.65064016,0.07567546,17.51397637,0.01998412,0.01998414,38252,118,1
5224.45937716,5224.47540097,0.00000000,3979.25543670,0.12377833,17.30970834,0.01998408,0.01998414,38251,118,1
nan,nan,0.00000000,-1.00000000,0.00000000,17.04613411,nan,0.00000000,-2147483648,118,1
nan,nan,0.00000000,-1.00000000,0.00000000,16.99178255,nan,0.00000000,-2147483648,118,1
5224.74076476,5224.74864238,0.00000000,3996.39971499,0.11746370,16.84460678,0.01998411,0.01998414,38249,118,1
5224.82647130,5224.61201810,0.00000000,4001.63193084,0.24496427,16.70139104,0.01998496,0.01998414,38250,118,1
5224.91432087,5224.74864238,0.00000000,4007.00000000,nan,16.55383653,0.01998478,0.01998414,38249,118,1
5202.05372861,5202.03108249,0.00000000,808.66635495,0.44655067,40.65517053,0.01998421,0.01998412,38416,117,1
5202.20105929,nan,0.00000000,814.41431877,0.04466912,40.84292184,0.01998478,0.01998412,38416,117,1
5202.20105929,nan,0.00000000,814.41431877,0.04466912,40.84292184,0.01998478,0.01998412,38416,117,1
5202.31706162,5202.30197939,0.00000000,818.94255308,0.00171435,40.99047324,0.01998418,0.01998412,38414,117,1
5202.31706162,5202.30197939,0.00000000,818.94255308,0.00171435,40.99047324,0.01998418,0.01998412,38414,117,1
nan,nan,0.00000000,-1.00000000,0.00000000,41.15489462,nan,0.00000000,-2147483648,117,1
5202.56661692,nan,0.00000000,828.69165413,0.18553695,41.30707015,0.01998410,0.01998412,38412,117,1
5202.70760799,nan,0.00000000,834.20415249,0.18980294,41.48543446,0.01998412,0.01998412,38411,117,1
nan,nan,0.00000000,-1.00000000,0.00000000,41.67245855,nan,0.00000000,-2147483648,117,1
nan,nan,0.00000000,-1.00000000,0.00000000,41.80122870,nan,0.00000000,-2147483648,117,1
nan,nan,0.00000000,-1.00000000,0.00000000,41.99391708,nan,0.00000000,-2147483648,117,1
nan,nan,0.00000000,-1.00000000,0.00000000,42.12206434,nan,0.00000000,-2147483648,117,1
nan,nan,0.00000000,-1.00000000,0.00000000,42.21801095,nan,0.00000000,-2147483648,117,1
5203.48074804,5203.25034093,0.00000000,864.49133547,0.46198101,42.45698631,0.01998501,0.01998412,38407,117,1
5203.48074804,5203.25034093,0.00000000,864.49133547,0.46198101,42.45698631,0.01998501,0.01998412,38407,117,1
nan,nan,0.00000000,-1.00000000,0.00000000,42.63215362,nan,0.00000000,-2147483648,117,1
nan,nan,0.00000000,-1.00000000,0.00000000,42.72734908,nan,0.00000000,-2147483648,117,1
nan,nan,0.00000000,-1.00000000,0.00000000,42.82240331,nan,0.00000000,-2147483648,117,1
5203.92762302,5203.92795387,882.04563382,882.03262512,0.24204788,43.01311743,0.01998412,0.01998412,38402,117,0
5204.06668682,5204.06349765,0.00000000,887.51174945,0.01931655,43.18583711,0.01998414,0.01998412,38401,117,1
5204.06668682,5204.06349765,0.00000000,887.51174945,0.01931655,43.18583711,0.01998414,0.01998412,38401,117,1
5204.21419199,5204.19904849,0.00000000,893.31607026,0.24097017,43.36829196,0.01998418,0.01998412,38400,117,1
nan,nan,0.00000000,-1.00000000,0.00000000,43.54644703,nan,0.00000000,-2147483648,117,1
5204.47574282,5204.47017138,0.00000000,903.61714702,0.17972526,43.69078927,0.01998415,0.01998412,38398,117,1
5204.47574282,5204.47017138,0.00000000,903.61714702,0.17972526,43.69078927,0.01998415,0.01998412,38398,117,1
5204.87475205,5204.87690872,0.00000000,919.35438625,0.01998547,44.18023185,0.01998412,0.01998412,38395,117,1
nan,nan,0.00000000,-1.00000000,0.00000000,44.29305255,nan,0.00000000,-2147483648,117,1
nan,nan,0.00000000,-1.00000000,0.00000000,44.35485663,nan,0.00000000,-2147483648,117,1
5205.13875663,5205.14810228,0.00000000,929.78188655,0.29581279,44.50236834,0.01998409,0.01998413,38393,117,1
nan,nan,0.00000000,-1.00000000,0.00000000,44.66292064,nan,0.00000000,-2147483648,117,1
nan,nan,0.00000000,-1.00000000,0.00000000,44.72434191,nan,0.00000000,-2147483648,117,1
nan,nan,0.00000000,-1.00000000,0.00000000,44.78569926,nan,0.00000000,-2147483648,117,1
nan,nan,0.00000000,-1.00000000,0.00000000,44.84699264,nan,0.00000000,-2147483648,117,1
nan,nan,0.00000000,-1.00000000,0.00000000,45.03048868,nan,0.00000000,-2147483648,117,1
nan,nan,0.00000000,-1.00000000,0.00000000,45.09152586,nan,0.00000000,-2147483648,117,1
nan,nan,0.00000000,-1.00000000,0.00000000,45.15249891,nan,0.00000000,-2147483648,117,1
nan,nan,0.00000000,-1.00000000,0.00000000,45.24383815,nan,0.00000000,-2147483648,117,1
nan,nan,0.00000000,-1.00000000,0.00000000,45.33503288,nan,0.00000000,-2147483648,117,1
5205.98204199,5205.96185268,0.00000000,963.16980774,0.07355247,45.52212950,0.01998420,0.01998413,38387,117,1
5205.98204199,5205.96185268,0.00000000,963.16980774,0.07355247,45.52212950,0.01998420,0.01998413,38387,117,1
5206.08248827,5206.09750250,0.00000000,967.15494491,0.18824284,45.64265133,0.01998407,0.01998413,38386,117,1
5206.21884474,5206.23315939,0.00000000,972.56760207,0.12306782,45.80593553,0.01998407,0.01998413,38385,117,1
5206.21884474,nan,0.00000000,972.56760207,0.12306782,45.80593553,0.01998407,0.01998413,38385,117,1
5206.21884474,nan,0.00000000,972.56760207,0.12306782,45.80593553,0.01998407,0.01998413,38385,117,1
5206.50307508,5206.50449440,983.92879032,983.87234815,0.26943051,46.14544133,0.01998412,0.01998413,38383,117,0
5206.50337266,nan,0.00000000,983.87234815,0.26943051,46.14544133,0.01998412,0.01998413,38383,117,1
nan,nan,0.00000000,-1.00000000,0.00000000,46.29875418,nan,0.00000000,-2147483648,117,1
nan,nan,0.00000000,-1.00000000,0.00000000,46.44783996,nan,0.00000000,-2147483648,117,1
nan,nan,0.00000000,-1.00000000,0.00000000,46.50736070,nan,0.00000000,-2147483648,117,1
nan,nan,0.00000000,-1.00000000,0.00000000,46.62620728,nan,0.00000000,-2147483648,117,1
5207.02279055,nan,0.00000000,1004.54620662,0.02444703,46.76096676,0.01998455,0.01998413,38380,117,1
5207.18672926,5207.18295576,0.00000000,1011.08114428,0.03080657,46.95408721,0.01998414,0.01998413,38378,117,1
5207.31326790,5207.31866926,0.00000000,1016.12848279,0.36872031,47.10276968,0.01998411,0.01998413,38377,117,1
5207.31326790,5207.31866926,0.00000000,1016.12848279,0.36872031,47.10276968,0.01998411,0.01998413,38377,117,1
5207.60951500,5207.59011751,0.00000000,1027.95619545,0.12148129,47.44955569,0.01998420,0.01998413,38375,117,1
5207.60951500,nan,0.00000000,1027.95619545,0.12148129,47.44955569,0.01998420,0.01998413,38375,117,1
5207.86728327,nan,0.00000000,1038.26032018,0.09644148,47.74980370,0.01998415,0.01998413,38373,117,1
5208.00460246,nan,0.00000000,1043.75440348,0.10678482,47.90918157,0.01998416,0.01998413,38372,117,1
5208.00460246,nan,0.00000000,1043.75440348,0.10678482,47.90918157,0.01998416,0.01998413,38372,117,1
5208.26149639,nan,0.00000000,1054.04167576,0.16892997,48.20627010,0.01998410,0.01998413,38370,117,1
nan,nan,0.00000000,-1.00000000,0.00000000,48.32011901,nan,0.00000000,-2147483648,117,1
nan,nan,0.00000000,-1.00000000,0.00000000,48.37754452,nan,0.00000000,-2147483648,117,1
nan,nan,0.00000000,-1.00000000,0.00000000,48.52081937,nan,0.00000000,-2147483648,117,1
nan,nan,0.00000000,-1.00000000,0.00000000,48.77767255,nan,0.00000000,-2147483648,117,1
5208.95227755,5208.94778364,0.00000000,1081.76271606,0.50227998,48.99813704,0.01998415,0.01998413,38365,117,1
5209.11262293,5208.94778364,0.00000000,1088.20970468,0.26276515,49.18047424,0.01998476,0.01998413,38365,117,1
nan,nan,0.00000000,-1.00000000,0.00000000,49.31550866,nan,0.00000000,-2147483648,117,1
nan,nan,0.00000000,-1.00000000,0.00000000,49.48410492,nan,0.00000000,-2147483648,117,1
5209.49421764,nan,0.00000000,1103.57123555,0.25935314,49.61215119,0.01998414,0.01998413,38361,117,1
5209.62364303,nan,0.00000000,1108.78743354,0.26849710,49.75783783,0.01998412,0.01998413,38360,117,1
5209.76147958,nan,0.00000000,1114.34599369,0.25226516,49.91258631,0.01998412,0.01998413,38359,117,1
5209.90193693,5209.89857150,0.00000000,1120.01382585,0.11796625,50.06984476,0.01998414,0.01998413,38358,117,1
5210.03840103,5210.03442670,0.00000000,1125.52399028,0.16997404,50.22221283,0.01998414,0.01998413,38357,117,1
5210.03840103,5210.03442670,0.00000000,1125.52399028,0.16997404,50.22221283,0.01998414,0.01998413,38357,117,1
nan,nan,0.00000000,-1.00000000,0.00000000,50.53791427,nan,0.00000000,-2147483648,117,1
5210.45424825,5210.44203482,0.00000000,1142.33628574,0.01327339,50.68395992,0.01998418,0.01998413,38354,117,1
nan,nan,0.00000000,-1.00000000,0.00000000,50.81120580,nan,0.00000000,-2147483648,117,1
5210.72005651,5210.71380903,0.00000000,1153.09941675,0.06477939,50.97707044,0.01998415,0.01998413,38352,117,1
5210.86325422,5210.84970677,0.00000000,1158.90323142,0.10343061,51.13431367,0.01998418,0.01998413,38351,117,1
nan,nan,0.00000000,-1.00000000,0.00000000,51.27193141,nan,0.00000000,-2147483648,117,1
5211.10876801,nan,0.00000000,1168.86281896,0.04833838,51.40282257,0.01998408,0.01998413,38349,117,1
5211.24125840,5211.25744257,0.00000000,1174.24214388,0.40648520,51.54714977,0.01998407,0.01998413,38348,117,1
nan,nan,0.00000000,-1.00000000,0.00000000,51.70108920,nan,0.00000000,-2147483648,117,1
nan,nan,0.00000000,-1.00000000,0.00000000,51.83431028,nan,0.00000000,-2147483648,117,1
nan,nan,0.00000000,-1.00000000,0.00000000,52.02010573,nan,0.00000000,-2147483648,117,1
nan,nan,0.00000000,-1.00000000,0.00000000,52.15230607,nan,0.00000000,-2147483648,117,1
nan,nan,0.00000000,-1.00000000,0.00000000,52.23142177,nan,0.00000000,-2147483648,117,1
5212.06879926,5212.07310576,0.00000000,1207.91631821,0.11528712,52.43945293,0.01998411,0.01998413,38342,117,1
5212.18951965,nan,0.00000000,1212.83947255,0.11469792,52.56828754,0.01998406,0.01998413,38341,117,1
5212.35091763,5212.34505028,0.00000000,1219.42584465,0.51083248,52.73999876,0.01998415,0.01998413,38340,117,1
5212.47445986,5212.48103318,0.00000000,1224.47074107,0.24602844,52.87102019,0.01998411,0.01998413,38339,117,1
5212.61921361,5212.61702319,0.00000000,1230.38552346,0.06103523,53.02407773,0.01998414,0.01998413,38338,117,1
nan,nan,0.00000000,-1.00000000,0.00000000,53.14307006,nan,0.00000000,-2147483648,117,1
nan,nan,0.00000000,-1.00000000,0.00000000,53.19452991,nan,0.00000000,-2147483648,117,1
5212.90417808,5212.88902452,0.00000000,1242.04117206,0.10703952,53.32393369,0.01998419,0.01998413,38336,117,1
5213.02282069,nan,0.00000000,1246.89849947,0.01754946,53.44820455,0.01998412,0.01998413,38335,117,1
5213.18100279,5213.16105425,0.00000000,1253.37881955,0.21989112,53.61336544,0.01998421,0.01998413,38334,117,1
5213.18100279,5213.16105425,0.00000000,1253.37881955,0.21989112,53.61336544,0.01998421,0.01998413,38334,117,1
5213.18100279,5213.16105425,0.00000000,1253.37881955,0.21989112,53.61336544,0.01998421,0.01998413,38334,117,1
5213.42792135,5213.43311240,0.00000000,1263.50409695,0.27633856,53.86997300,0.01998411,0.01998413,38332,117,1
5213.69140966,5213.70519896,0.00000000,1274.32185896,0.16723060,54.14217196,0.01998408,0.01998413,38330,117,1
5213.69140966,5213.70519896,0.00000000,1274.32185896,0.16723060,54.14217196,0.01998408,0.01998413,38330,117,1
5213.83183773,nan,0.00000000,1280.09277443,0.15977385,54.28655199,0.01998410,0.01998413,38329,117,1
5213.97339194,5213.97731395,0.00000000,1285.91385593,0.13798869,54.43160184,0.01998412,0.01998413,38328,117,1
5214.11804963,5214.11338211,0.00000000,1291.86660096,0.22939475,54.57932388,0.01998415,0.01998413,38327,117,1
5214.26319245,5214.24945737,0.00000000,1297.84342278,0.02858403,54.72702352,0.01998419,0.01998413,38326,117,1
5214.37962622,5214.38553974,0.00000000,1302.64102235,0.17872307,54.84513222,0.01998411,0.01998413,38325,117,1
5214.51989027,5214.52162922,0.00000000,1308.42407310,0.25358440,54.98696790,0.01998413,0.01998413,38324,117,1
5214.64590344,5214.65772581,0.00000000,1313.62286558,0.07735570,55.11397602,0.01998409,0.01998413,38323,117,1
5214.80611757,5214.79382951,0.00000000,1320.23717232,0.16166609,55.27488327,0.01998418,0.01998413,38322,117,1
5214.80611757,5214.79382951,0.00000000,1320.23717232,0.16166609,55.27488327,0.01998418,0.01998413,38322,117,1
5214.92605632,5214.92994032,0.00000000,1325.19206428,0.16416058,55.39492055,0.01998412,0.01998413,38321,117,1
5214.92605632,nan,0.00000000,1325.19206428,0.16416058,55.39492055,0.01998412,0.01998413,38321,117,1
nan,nan,0.00000000,-1.00000000,0.00000000,55.55914877,nan,0.00000000,-2147483648,117,1
5215.20308846,nan,0.00000000,1336.64767195,0.03628432,55.67079833,0.01998414,0.01998413,38319,117,1
5215.42893566,nan,0.00000000,1345.99801185,166.15693785,55.89427025,0.01998500,0.01998413,38319,117,1
5215.42893566,nan,0.00000000,1345.99801185,166.15693785,55.89427025,0.01998500,0.01998413,38319,117,1
5215.59768671,5215.61060104,0.00000000,1352.99114629,0.19393555,56.06040116,0.01998408,0.01998413,38316,117,1
5215.59768671,5215.61060104,0.00000000,1352.99114629,0.19393555,56.06040116,0.01998408,0.01998413,38316,117,1
5215.73364350,nan,0.00000000,1358.62941275,0.03027627,56.19371887,0.01998408,0.01998413,38315,117,1
5215.88177378,5215.88291513,1364.82665989,1364.77928329,0.17539843,56.33849499,0.01998413,0.01998413,38314,117,0
nan,nan,0.00000000,-1.00000000,0.00000000,56.60092630,nan,0.00000000,-2147483648,117,1
5216.30522439,5216.29143962,0.00000000,1382.37408778,0.11302114,56.74901341,0.01998419,0.01998413,38311,117,1
5216.30522439,5216.29143962,0.00000000,1382.37408778,0.11302114,56.74901341,0.01998419,0.01998413,38311,117,1
5216.43204479,5216.42762868,0.00000000,1387.65141225,0.21907935,56.87107583,0.01998415,0.01998413,38310,117,1
nan,nan,0.00000000,-1.00000000,0.00000000,56.99428325,nan,0.00000000,-2147483648,117,1
5216.82360746,nan,0.00000000,1403.96594524,0.19017904,57.24530294,0.01998409,0.01998413,38307,117,1
5216.82360746,nan,0.00000000,1403.96594524,0.19017904,57.24530294,0.01998409,0.01998413,38307,117,1
nan,nan,0.00000000,-1.00000000,0.00000000,57.38251671,nan,0.00000000,-2147483648,117,1
5217.08842543,5217.10868077,0.00000000,1415.01734736,0.32703349,57.49611766,0.01998406,0.01998413,38305,117,1
5217.24678001,5217.24491255,0.00000000,1421.63266914,0.03499762,57.64521445,0.01998414,0.01998413,38304,117,1
5217.39515738,nan,0.00000000,1427.83585997,0.47623138,57.78431414,0.01998419,0.01998414,38303,117,1
5217.52307766,nan,0.00000000,1433.18744018,0.22982624,57.90376586,0.01998416,0.01998414,38302,117,1
5217.65359477,5217.65365060,1438.65540990,1438.65307227,0.13963806,58.02523546,0.01998414,0.01998414,38301,117,0
5217.78815110,nan,0.00000000,1444.28760695,0.12074227,58.14989985,0.01998413,0.01998414,38300,117,1
5217.90220499,5217.92617825,0.00000000,1449.06817932,0.17925452,58.25522490,0.01998404,0.01998414,38299,117,1
5217.90220499,5217.92617825,0.00000000,1449.06817932,0.17925452,58.25522490,0.01998404,0.01998414,38299,117,1
5218.05380547,5218.06245276,0.00000000,1455.42669516,0.08408148,58.39468087,0.01998410,0.01998414,38298,117,1
5218.21434248,5218.19873440,0.00000000,1462.16524148,0.14937552,58.54168072,0.01998420,0.01998414,38297,117,1
nan,nan,0.00000000,-1.00000000,0.00000000,58.66830641,nan,0.00000000,-2147483648,117,1
5218.45982026,5218.47131904,0.00000000,1472.47957106,0.26001442,58.76510691,0.01998409,0.01998414,38295,117,1
5218.59673654,5218.60762205,0.00000000,1478.23790657,0.30803626,58.88901071,0.01998409,0.01998414,38294,117,1
5218.73490452,nan,0.00000000,1484.05287047,0.15577776,59.01352750,0.01998410,0.01998414,38293,117,1
nan,nan,0.00000000,-1.00000000,0.00000000,59.11898173,nan,0.00000000,-2147483648,117,1
nan,nan,0.00000000,-1.00000000,0.00000000,59.18271561,nan,0.00000000,-2147483648,117,1
5219.00497540,5219.01657385,0.00000000,1495.43071836,0.11719630,59.25540097,0.01998409,0.01998414,38291,117,1
5219.16181280,5219.15290537,0.00000000,1502.04520102,0.17108363,59.39493996,0.01998417,0.01998414,38290,117,1
5219.30035694,5219.28924402,0.00000000,1507.89251034,0.24039644,59.51763651,0.01998418,0.01998414,38289,117,1
5219.42443471,5219.42558980,1513.18610175,1513.13729818,0.15275802,59.62716413,0.01998413,0.01998414,38288,117,0
5219.56521304,5219.56194271,0.00000000,1519.08220114,0.04787457,59.75071037,0.01998415,0.01998414,38287,117,1
nan,nan,0.00000000,-1.00000000,0.00000000,59.87305748,nan,0.00000000,-2147483648,117,1
nan,nan,0.00000000,-1.00000000,0.00000000,59.99645576,nan,0.00000000,-2147483648,117,1
nan,nan,0.00000000,-1.00000000,0.00000000,60.07835833,nan,0.00000000,-2147483648,117,1
nan,nan,0.00000000,-1.00000000,0.00000000,60.20066728,nan,0.00000000,-2147483648,117,1
5220.25021806,5220.24381423,0.00000000,1548.09186306,0.16892465,60.34438973,0.01998416,0.01998414,38282,117,1
5220.38147362,5220.38020993,1553.60650917,1553.66015097,0.13581012,60.45659428,0.01998414,0.01998414,38281,117,0
5220.51638672,5220.51661277,1559.39883493,1559.38923228,0.17162074,60.57144947,0.01998414,0.01998414,38280,117,0
5220.65152828,5220.65302274,1565.19580316,1565.13227071,0.21783767,60.68598393,0.01998413,0.01998414,38279,117,0
5220.79696678,5220.78943985,0.00000000,1571.31888343,0.15806845,60.80869133,0.01998417,0.01998414,38278,117,1
5220.93717198,5220.92586409,0.00000000,1577.28553027,0.13669177,60.92637368,0.01998418,0.01998414,38277,117,1
5221.06694881,5221.06229547,0.00000000,1582.81219552,0.39389508,61.03479757,0.01998416,0.01998414,38276,117,1
5221.19849174,5221.19873398,1588.42708798,1588.41676216,0.20621668,61.14417907,0.01998414,0.01998414,38275,117,0
5221.32891387,5221.33517964,0.00000000,1593.97942192,0.11120496,61.25217399,0.01998411,0.01998414,38274,117,1
5221.59749955,5221.60809236,0.00000000,1605.44448989,0.14431335,61.47297049,0.01998410,0.01998414,38272,117,1
5221.59749955,nan,0.00000000,1605.44448989,0.14431335,61.47297049,0.01998410,0.01998414,38272,117,1
5221.74641451,5221.74455943,0.00000000,1611.80803292,0.04761571,61.59447981,0.01998415,0.01998414,38271,117,1
5221.88249639,5221.88103364,1617.56137940,1617.62395175,0.18309472,61.70488175,0.01998414,0.01998414,38270,117,0
5222.00112886,5222.01751499,0.00000000,1622.70402041,0.18257330,61.80080634,0.01998408,0.01998414,38269,117,1
5222.15641596,5222.15400348,0.00000000,1629.35382977,0.08952185,61.92565388,0.01998415,0.01998414,38268,117,1
5222.28726427,5222.29049911,0.00000000,1634.96126202,0.12643670,62.03029823,0.01998413,0.01998414,38267,117,1
5222.43291327,5222.42700189,0.00000000,1641.20745256,0.09278731,62.14618046,0.01998416,0.01998414,38266,117,1
5222.56002656,5222.56351180,0.00000000,1646.66260238,0.14553121,62.24679809,0.01998413,0.01998414,38265,117,1
5222.70086697,5222.70002886,1652.67179568,1652.70780104,0.15410047,62.35765703,0.01998414,0.01998414,38264,117,0
5222.82197567,5222.83655307,0.00000000,1657.91572277,0.23803280,62.45262021,0.01998408,0.01998414,38263,117,1
5222.97031958,5222.97308442,0.00000000,1664.29528619,0.03780294,62.56826397,0.01998413,0.01998414,38262,117,1
nan,nan,0.00000000,-1.00000000,0.00000000,62.68898992,nan,0.00000000,-2147483648,117,1
5223.24511106,5223.24616855,1676.16718773,1676.12162769,0.13040728,62.78064959,0.01998414,0.01998414,38260,117,0
5223.24511106,5223.24616855,1676.16718773,1676.12162769,0.13040728,62.78064959,0.01998414,0.01998414,38260,117,0
nan,nan,0.00000000,-1.00000000,0.00000000,62.88525300,nan,0.00000000,-2147483648,117,1
5223.52149399,5223.51928127,0.00000000,1688.04216373,0.19847061,62.99210286,0.01998415,0.01998414,38258,117,1
5223.52149399,5223.51928127,0.00000000,1688.04216373,0.19847061,62.99210286,0.01998415,0.01998414,38258,117,1
5223.79602859,5223.79242258,0.00000000,1699.89596409,0.05934894,63.19975590,0.01998415,0.01998414,38256,117,1
nan,nan,0.00000000,-1.00000000,0.00000000,63.28836301,nan,0.00000000,-2147483648,117,1
5224.06640198,5224.06559249,1711.55044696,1711.58547827,0.25255565,63.40197192,0.01998414,0.01998414,38254,117,0
5224.20825503,5224.20218817,0.00000000,1717.72732913,0.03200207,63.50719966,0.01998416,0.01998414,38253,117,1
5224.34058958,nan,0.00000000,1723.45989212,0.13530532,63.60478070,0.01998415,0.01998414,38252,117,1
5224.47834474,5224.47540097,0.00000000,1729.43155449,0.15346945,63.70577983,0.01998415,0.01998414,38251,117,1
5224.59889451,nan,0.00000000,1734.66096052,0.12539793,63.79367841,0.01998409,0.01998414,38250,117,1
5224.74941155,nan,0.00000000,1741.19505643,0.20698981,63.90278895,0.01998414,0.01998414,38249,117,1
5224.88348263,nan,0.00000000,1747.01964144,0.16671671,63.99937874,0.01998413,0.01998414,38248,117,1
5225.02510793,5225.02191240,0.00000000,1753.17694989,0.05562817,64.10079597,0.01998415,0.01998414,38247,117,1
5225.14848769,5225.15855814,0.00000000,1758.54482400,0.18846945,64.18863126,0.01998410,0.01998414,38246,117,1
5225.29133079,5225.29521104,0.00000000,1764.76392881,0.10520968,64.28972030,0.01998413,0.01998414,38245,117,1
5225.41952306,nan,0.00000000,1770.34923127,0.19096274,64.37988906,0.01998409,0.01998414,38244,117,1
5225.57215382,5225.56853829,0.00000000,1777.00434110,0.09759773,64.48656450,0.01998416,0.01998414,38243,117,1
5225.57215382,5225.56853829,0.00000000,1777.00434110,0.09759773,64.48656450,0.01998416,0.01998414,38243,117,1
5225.69962381,5225.70521265,0.00000000,1782.56657193,0.18924061,64.57508410,0.01998412,0.01998414,38242,117,1
nan,nan,0.00000000,-1.00000000,0.00000000,64.69247508,nan,0.00000000,-2147483648,117,1
5225.97950474,5225.97858285,1794.75228976,1794.79259416,0.18091463,64.76761030,0.01998415,0.01998414,38240,117,0
5226.10252416,5226.11527868,0.00000000,1800.17259987,0.20105213,64.85143968,0.01998409,0.01998414,38239,117,1
5226.10252416,5226.11527868,0.00000000,1800.17259987,0.20105213,64.85143968,0.01998409,0.01998414,38239,117,1
5226.25443106,5226.25198168,0.00000000,1806.82064834,0.09451965,64.95427445,0.01998415,0.01998414,38238,117,1
5226.39082693,5226.38869183,0.00000000,1812.79455096,0.04716758,65.04597091,0.01998415,0.01998414,38237,117,1
5226.53070606,5226.52540914,0.00000000,1818.92562323,0.02663845,65.13938015,0.01998416,0.01998414,38236,117,1
5226.64485540,5226.66213361,0.00000000,1823.93239432,0.12219783,65.21513418,0.01998408,0.01998414,38235,117,1
5226.79718936,5226.79886524,0.00000000,1830.61886658,0.15078770,65.31556454,0.01998414,0.01998414,38234,117,1
nan,nan,0.00000000,-1.00000000,0.00000000,65.39577540,nan,0.00000000,-2147483648,117,1
5227.07551865,5227.07234999,0.00000000,1842.85012284,0.09778671,65.49709097,0.01998416,0.01998414,38232,117,1
5227.07551865,5227.07234999,0.00000000,1842.85012284,0.09778671,65.49709097,0.01998416,0.01998414,38232,117,1
5227.22284618,5227.20910310,0.00000000,1849.33203396,0.16169194,65.59214315,0.01998420,0.01998414,38231,117,1
nan,nan,0.00000000,-1.00000000,0.00000000,65.66010262,nan,0.00000000,-2147483648,117,1
5227.48433125,5227.48263083,0.00000000,1860.84943146,0.19138065,65.75907420,0.01998415,0.01998414,38229,117,1
5227.62212100,5227.61940544,0.00000000,1866.92521449,0.12874208,65.84612264,0.01998415,0.01998414,38228,117,1
nan,nan,0.00000000,-1.00000000,0.00000000,65.93245680,nan,0.00000000,-2147483648,117,1
nan,nan,0.00000000,-1.00000000,0.00000000,65.96072734,nan,0.00000000,-2147483648,117,1
5227.87674112,5227.89297615,0.00000000,1878.16476698,0.27384786,66.00530704,0.01998408,0.01998414,38226,117,1
5228.02925525,5228.02977225,1884.92433057,1884.90147163,0.03931237,66.09956855,0.01998414,0.01998414,38225,117,0
5228.15284130,5228.16657553,0.00000000,1890.37043650,0.12347454,66.17545737,0.01998409,0.01998414,38224,117,1
5228.30266911,5228.30338596,1897.03204476,1897.00029730,0.21524622,66.26669252,0.01998414,0.01998414,38223,117,0
nan,nan,0.00000000,-1.00000000,0.00000000,66.33494159,nan,0.00000000,-2147483648,117,1
5228.57957829,nan,0.00000000,1909.27228239,0.15220341,66.43336333,0.01998415,0.01998414,38221,117,1
5228.71494037,nan,0.00000000,1915.27740755,0.30076953,66.51387623,0.01998415,0.01998414,38220,117,1
5228.86130170,5228.85069940,0.00000000,1921.77561902,0.06752762,66.60022580,0.01998419,0.01998414,38219,117,1
5228.99078572,5228.98754568,0.00000000,1927.52895170,0.20380791,66.67600512,0.01998416,0.01998414,38218,117,1
5229.11212239,nan,0.00000000,1932.92407287,0.07472430,66.74649242,0.01998410,0.01998414,38217,117,1
5229.26015726,nan,0.00000000,1939.51129285,0.22348924,66.83180099,0.01998414,0.01998414,38216,117,1
5229.39854024,5229.39812756,1945.65856770,1945.67695078,0.07420010,66.91089899,0.01998415,0.01998414,38215,117,0
5229.53438845,5229.53500252,1951.75811267,1951.73073667,0.06816751,66.98785479,0.01998414,0.01998415,38214,117,0
5229.67845827,5229.67188467,0.00000000,1958.15450518,0.14736614,67.06874729,0.01998417,0.01998415,38213,117,1
5229.80274243,5229.80877398,0.00000000,1963.70221676,0.19346225,67.13797240,0.01998412,0.01998415,38212,117,1
nan,nan,0.00000000,-1.00000000,0.00000000,67.22813762,nan,0.00000000,-2147483648,117,1
nan,nan,0.00000000,-1.00000000,0.00000000,67.27712535,nan,0.00000000,-2147483648,117,1
5230.22245192,5230.21948497,0.00000000,1982.46588474,0.07624121,67.36773908,0.01998416,0.01998415,38209,117,1
5230.35460768,5230.35640299,0.00000000,1988.38337119,0.06427759,67.43880042,0.01998414,0.01998415,38208,117,1
5230.49459242,5230.49332818,1994.60531590,1994.66199111,0.07429198,67.51346378,0.01998415,0.01998415,38207,117,0
5230.63522408,5230.63026055,0.00000000,2000.96324623,0.20780580,67.58763534,0.01998417,0.01998415,38206,117,1
5230.76889762,5230.76720010,0.00000000,2006.96286719,0.25504272,67.65754753,0.01998415,0.01998415,38205,117,1
5230.89745706,5230.90414682,0.00000000,2012.73729696,0.07622234,67.72418226,0.01998412,0.01998415,38204,117,1
5231.04100740,5231.04110072,2019.19517740,2019.19098198,0.13214532,67.79789657,0.01998415,0.01998415,38203,117,0
5231.17833919,5231.17806181,2025.35447149,2025.36695036,0.18537699,67.86768844,0.01998415,0.01998415,38202,117,0
5231.31407047,5231.31503007,2031.51876608,2031.47556270,0.07198252,67.93599690,0.01998414,0.01998415,38201,117,0
5231.45336370,5231.45200551,2037.68820073,2037.74939895,0.04649925,68.00540487,0.01998415,0.01998415,38200,117,0
5231.57926994,5231.58898813,0.00000000,2043.43348099,0.08347447,68.06763350,0.01998411,0.01998415,38199,117,1
5231.72597824,nan,0.00000000,2050.05433803,0.29342843,68.13933255,0.01998415,0.01998415,38198,117,1
5231.86259153,5231.86297493,2056.22884287,2056.21152395,0.08199608,68.20525164,0.01998414,0.01998415,38197,117,0
5232.00006315,5231.99997910,2062.42034168,2062.42414180,0.17164886,68.27102272,0.01998415,0.01998415,38196,117,0
5232.14330005,5232.13699045,0.00000000,2068.91872700,0.16927138,68.33898225,0.01998417,0.01998415,38195,117,1
nan,nan,0.00000000,-1.00000000,0.00000000,68.39158479,nan,0.00000000,-2147483648,117,1
5232.40763077,5232.41103471,0.00000000,2080.89117025,0.05120316,68.46212666,0.01998413,0.01998415,38193,117,1
5232.54223817,5232.54806762,0.00000000,2086.99512260,0.21886703,68.52384338,0.01998413,0.01998415,38192,117,1
5232.68857332,5232.68510772,0.00000000,2093.63635706,0.12532901,68.59017395,0.01998416,0.01998415,38191,117,1
5232.82895246,5232.82215500,0.00000000,2100.01265574,0.13497953,68.65305532,0.01998417,0.01998415,38190,117,1
5232.96204374,5232.95920946,0.00000000,2106.06279419,0.16616276,68.71199244,0.01998416,0.01998415,38189,117,1
5233.09354632,5233.09627112,0.00000000,2112.04537924,0.11848074,68.76957437,0.01998414,0.01998415,38188,117,1
nan,nan,0.00000000,-1.00000000,0.00000000,68.81673723,nan,0.00000000,-2147483648,117,1
5233.36121983,5233.37041599,0.00000000,2124.23730786,0.18211416,68.88477372,0.01998411,0.01998415,38186,117,1
5233.50461527,5233.50749921,0.00000000,2130.77660694,0.17425283,68.94537486,0.01998414,0.01998415,38185,117,1
5233.63690402,5233.64458962,0.00000000,2136.81434463,0.15687331,69.00059129,0.01998412,0.01998415,38184,117,1
5233.77247514,5233.78168722,0.00000000,2143.00682383,0.04233979,69.05648790,0.01998411,0.01998415,38183,117,1
5233.90749776,nan,0.00000000,2149.17922325,0.11017228,69.11146229,0.01998411,0.01998415,38182,117,1
5234.05839627,nan,0.00000000,2156.08326020,0.14608134,69.17207617,0.01998416,0.01998415,38181,117,1
5234.19398578,5234.19302317,2162.23884429,2162.28294467,0.07422875,69.22571684,0.01998415,0.01998415,38180,117,0
5234.33083193,5234.33014954,2168.52382091,2168.55511118,0.13250842,69.27922425,0.01998415,0.01998415,38179,117,0
5234.47463715,5234.46728310,0.00000000,2175.15983299,0.12139063,69.33474164,0.01998418,0.01998415,38178,117,1
5234.60432830,5234.60442386,2181.11128084,2181.10689172,0.13995173,69.38400475,0.01998415,0.01998415,38177,117,0
5234.73793286,5234.74157181,0.00000000,2187.25149480,0.07668113,69.43418118,0.01998414,0.01998415,38176,117,1
5234.88212968,5234.87872695,0.00000000,2193.88176859,0.11876045,69.48749898,0.01998416,0.01998415,38175,117,1
5235.02053871,5235.01588929,0.00000000,2200.25135300,0.23770282,69.53791401,0.01998417,0.01998415,38174,117,1
5235.15182420,5235.15305883,2206.35458665,2206.29768595,0.16474646,69.58503914,0.01998415,0.01998415,38173,117,0
5235.28760275,5235.29023556,0.00000000,2212.55674832,0.20402996,69.63307164,0.01998414,0.01998415,38172,117,1
5235.41940753,5235.42741949,0.00000000,2218.63721972,0.05202172,69.67900213,0.01998412,0.01998415,38171,117,1
5235.56610098,5235.56461062,0.00000000,2225.41027983,0.10737718,69.72931522,0.01998416,0.01998415,38170,117,1
nan,nan,0.00000000,-1.00000000,0.00000000,69.77740729,nan,0.00000000,-2147483648,117,1
5235.81840034,5235.83901448,0.00000000,2237.07351376,0.02005189,69.81385651,0.01998407,0.01998415,38168,117,1
5235.81840034,5235.83901448,0.00000000,2237.07351376,0.02005189,69.81385651,0.01998407,0.01998415,38168,117,1
5235.97315746,5235.97622721,0.00000000,2244.23649820,0.05981033,69.86446125,0.01998414,0.01998415,38167,117,1
5236.11905769,5236.11344713,0.00000000,2250.99576471,0.20639768,69.91129481,0.01998417,0.01998415,38166,117,1
5236.24750260,5236.25067426,0.00000000,2256.95137678,0.24666052,69.95182025,0.01998414,0.01998415,38165,117,1
5236.39822926,nan,0.00000000,2263.94613350,0.22264024,69.99853140,0.01998419,0.01998415,38164,117,1
5236.51884077,nan,0.00000000,2269.54802188,0.28540072,70.03525115,0.01998413,0.01998415,38163,117,1
5236.66063018,5236.66239886,0.00000000,2276.13887103,0.23296661,70.07766763,0.01998414,0.01998415,38162,117,1
5236.79392747,5236.79965479,0.00000000,2282.34025202,0.19927484,70.11680169,0.01998413,0.01998415,38161,117,1
5236.93853246,5236.93691793,0.00000000,2289.07349583,0.08817475,70.15843997,0.01998416,0.01998415,38160,117,1
5237.07729622,5237.07418828,0.00000000,2295.54044123,0.11113793,70.19759599,0.01998416,0.01998415,38159,117,1
5237.21363835,5237.21146583,0.00000000,2301.89996778,0.19711169,70.23530304,0.01998416,0.01998415,38158,117,1
5237.32897338,5237.34875059,0.00000000,2307.28386121,0.17745310,70.26660621,0.01998408,0.01998415,38157,117,1
5237.48562711,5237.48604255,2314.62145043,2314.60203042,0.13871729,70.30824517,0.01998415,0.01998415,38156,117,0
5237.62015535,5237.62334172,0.00000000,2320.89364209,0.19487777,70.34320426,0.01998414,0.01998415,38155,117,1
5237.74714894,5237.76064810,0.00000000,2326.83706888,0.07963967,70.37551599,0.01998410,0.01998415,38154,117,1
5237.74714894,5237.76064810,0.00000000,2326.83706888,0.07963967,70.37551599,0.01998410,0.01998415,38154,117,1
5237.90060159,5237.89796168,0.00000000,2334.02512958,0.19930408,70.41366893,0.01998416,0.01998415,38153,117,1
5238.03445847,5238.03528247,2340.33814637,2340.29950267,0.16151456,70.44614392,0.01998415,0.01998415,38152,117,0
5238.16657637,5238.17261048,0.00000000,2346.50042688,0.10926835,70.47748001,0.01998413,0.01998415,38151,117,1
5238.29947986,5238.30994569,0.00000000,2352.74198666,0.13257921,70.50825957,0.01998411,0.01998415,38150,117,1
5238.45278432,nan,0.00000000,2359.94815693,0.02281937,70.54284508,0.01998417,0.01998415,38149,117,1
5238.58975629,5238.58463774,0.00000000,2366.39253113,0.03650875,70.57291097,0.01998417,0.01998415,38148,117,1
5238.71471079,nan,0.00000000,2372.27638563,0.15406089,70.59964966,0.01998413,0.01998415,38147,117,1
5238.85634215,5238.85935865,0.00000000,2378.95117471,0.19109259,70.62915955,0.01998414,0.01998415,38146,117,1
5238.99246640,5238.99672991,0.00000000,2385.37210280,0.25198989,70.65672123,0.01998414,0.01998415,38145,117,1
5239.12916456,5239.13410840,0.00000000,2391.82571846,0.13769964,70.68360700,0.01998413,0.01998415,38144,117,1
5239.25921440,5239.27149409,0.00000000,2397.97069965,0.08732329,70.70844630,0.01998411,0.01998415,38143,117,1
5239.41023818,5239.40888700,2405.04418569,2405.10812679,0.21865375,70.73636560,0.01998416,0.01998415,38142,117,0
5239.54710622,5239.54628713,2411.54897719,2411.58777054,0.15976806,70.76084455,0.01998416,0.01998415,38141,117,0
nan,nan,0.00000000,-1.00000000,0.00000000,70.78065824,nan,0.00000000,-2147483648,117,1
5239.82175819,5239.82110903,2424.57584077,2424.60663769,0.19349019,70.80753166,0.01998416,0.01998415,38139,117,0
5239.95737592,5239.95853080,2431.09803936,2431.04320402,0.08397343,70.82938237,0.01998415,0.01998415,38138,117,0
5240.08200243,5240.09595979,0.00000000,2436.96746840,0.13492070,70.84877359,0.01998410,0.01998415,38137,117,1
5240.08200243,5240.09595979,0.00000000,2436.96746840,0.13492070,70.84877359,0.01998410,0.01998415,38137,117,1
5240.23057362,5240.23339600,0.00000000,2444.03124325,0.21280292,70.87099201,0.01998414,0.01998415,38136,117,1
5240.36701535,5240.37083943,0.00000000,2450.52432893,0.21766945,70.89054922,0.01998414,0.01998415,38135,117,1
5240.50293228,5240.50829008,0.00000000,2456.99817096,0.13381300,70.90922230,0.01998413,0.01998415,38134,117,1
5240.64283880,5240.64574794,0.00000000,2463.66803029,0.04505747,70.92759787,0.01998414,0.01998415,38133,117,1
5240.78241727,5240.78321303,2470.35980820,2470.32181685,0.11561933,70.94505641,0.01998415,0.01998415,38132,117,0
5240.91907388,5240.92068534,0.00000000,2476.85508630,0.11915090,70.96135047,0.01998415,0.01998415,38131,117,1
5241.06187773,5241.05816487,0.00000000,2483.68169138,0.08917275,70.97747802,0.01998417,0.01998415,38130,117,1
5241.20301005,5241.19565162,0.00000000,2490.43468196,0.11727556,70.99252851,0.01998418,0.01998415,38129,117,1
5241.34014984,5241.33314559,0.00000000,2497.00264466,0.16682920,71.00630487,0.01998418,0.01998416,38128,117,1
5241.46731465,5241.47064679,0.00000000,2503.09818716,0.07154846,71.01832991,0.01998414,0.01998416,38127,117,1
5241.60637528,5241.60815521,0.00000000,2509.76980819,0.09135514,71.03065226,0.01998415,0.01998416,38126,117,1
5241.74825741,5241.74567085,0.00000000,2516.58312335,0.13097662,71.04233104,0.01998417,0.01998416,38125,117,1
5241.87928669,5241.88319372,0.00000000,2522.88096813,0.19610131,71.05231259,0.01998414,0.01998416,38124,117,1
5242.02089851,5242.02072382,2529.68888588,2529.69729256,0.15884016,71.06223495,0.01998416,0.01998416,38123,117,0
5242.16501451,5242.15826114,0.00000000,2536.63334037,0.11833086,71.07139147,0.01998418,0.01998416,38122,117,1
5242.28442048,5242.29580569,0.00000000,2542.38823258,0.18960196,71.07826883,0.01998411,0.01998416,38121,117,1
5242.43934838,5242.43335746,0.00000000,2549.86198519,0.11804407,71.08622572,0.01998418,0.01998416,38120,117,1
5242.57054892,5242.57091647,2556.21461011,2556.19685664,0.09613955,71.09210777,0.01998415,0.01998416,38119,117,0
5242.69816942,5242.70848270,0.00000000,2562.36487477,0.09578127,71.09707461,0.01998412,0.01998416,38118,117,1
5242.84632265,5242.84605616,2569.51712873,2569.53002498,0.21804773,71.10190249,0.01998416,0.01998416,38117,117,0
5242.99491726,5242.98363685,0.00000000,2576.72668017,0.27608665,71.10573252,0.01998420,0.01998416,38116,117,1
5243.11300558,5243.12122477,0.00000000,2582.44983579,0.24234380,71.10804926,0.01998413,0.01998416,38115,117,1
5243.25454486,5243.25881992,0.00000000,2589.31556459,0.19780439,71.10997624,0.01998414,0.01998416,38114,117,1
5243.39243343,5243.39642230,0.00000000,2596.01053710,0.09791044,71.11096001,0.01998414,0.01998416,38113,117,1
5243.52244055,5243.53403192,0.00000000,2602.32857694,0.26084844,71.11107763,0.01998411,0.01998416,38112,117,1
5243.67485382,5243.67164876,0.00000000,2609.74261685,0.35611190,71.11021163,0.01998417,0.01998416,38111,117,1
5243.80798604,5243.80927284,2616.27812643,2616.21545472,0.10482340,71.10856912,0.01998415,0.01998416,38110,117,0
5243.94787368,5243.94690416,2622.98446040,2623.03172494,0.10812972,71.10594613,0.01998416,0.01998416,38109,117,0
5244.09313991,5244.08454271,0.00000000,2630.12950868,0.05071869,71.10224086,0.01998419,0.01998416,38108,117,1
5244.22201488,nan,0.00000000,2636.42252982,0.18400232,71.09812464,0.01998416,0.01998416,38107,117,1
5244.35656796,5244.35984151,0.00000000,2642.99876106,0.21196734,71.09298853,0.01998415,0.01998416,38106,117,1
5244.50085312,5244.49750176,0.00000000,2650.05741121,0.24628824,71.08652651,0.01998417,0.01998416,38105,117,1
5244.63282895,nan,0.00000000,2656.52002104,0.08758713,71.07974841,0.01998415,0.01998416,38104,117,1
5244.77294654,5244.77284399,2663.36817245,2663.37320187,0.11363724,71.07166075,0.01998416,0.01998416,38103,117,0
nan,nan,0.00000000,-1.00000000,0.00000000,71.06295937,nan,0.00000000,-2147483648,117,1
5245.04530834,nan,0.00000000,2676.75644156,0.15734505,71.05319610,0.01998415,0.01998416,38101,117,1
5245.18467259,nan,0.00000000,2683.60681581,0.15012961,71.04237799,0.01998415,0.01998416,38100,117,1
5245.31953942,5245.32361529,0.00000000,2690.24245424,0.21140285,71.03101664,0.01998414,0.01998416,38099,117,1
5245.45858972,5245.46132621,0.00000000,2697.09046566,0.16285239,71.01838129,0.01998415,0.01998416,38098,117,1
5245.57351099,5245.59904437,0.00000000,2702.75518598,0.20899749,71.00723043,0.01998406,0.01998416,38097,117,1
5245.57351099,5245.59904437,0.00000000,2702.75518598,0.20899749,71.00723043,0.01998406,0.01998416,38097,117,1
5245.74424961,5245.73676978,0.00000000,2711.17969068,0.24804390,70.98947688,0.01998419,0.01998416,38096,117,1
5245.86196083,5245.87450243,0.00000000,2716.99362456,0.11577351,70.97640876,0.01998411,0.01998416,38095,117,1
5246.01797715,5246.01224232,0.00000000,2724.70692774,0.10135026,70.95804292,0.01998418,0.01998416,38094,117,1
5246.15422130,5246.14998945,0.00000000,2731.44965408,0.01968045,70.94102741,0.01998418,0.01998416,38093,117,1
5246.28020832,5246.28774383,0.00000000,2737.69053137,0.10275097,70.92447979,0.01998413,0.01998416,38092,117,1
nan,nan,0.00000000,-1.00000000,0.00000000,70.91539331,nan,0.00000000,-2147483648,117,1
5246.42889334,5246.42550545,0.00000000,2745.06293698,0.20829919,70.90394296,0.01998417,0.01998416,38091,117,1
5246.56313203,nan,0.00000000,2751.72571550,0.08289106,70.88446150,0.01998416,0.01998416,38090,117,1
nan,nan,0.00000000,-1.00000000,0.00000000,70.85905051,nan,0.00000000,-2147483648,117,1
5246.83905023,5246.83883379,2765.42556771,2765.43633578,0.15120041,70.84162085,0.01998416,0.01998416,38088,117,0
5246.97448042,5246.97662440,0.00000000,2772.18218652,0.16832096,70.81918329,0.01998415,0.01998416,38087,117,1
5247.10966160,5247.11442225,0.00000000,2778.91791238,0.12924966,70.79588510,0.01998414,0.01998416,38086,117,1
5247.25389946,5247.25222735,0.00000000,2786.11210785,0.13814266,70.77001429,0.01998417,0.01998416,38085,117,1
5247.37947158,5247.39003970,0.00000000,2792.38137529,0.21240196,70.74663856,0.01998412,0.01998416,38084,117,1
5247.52877278,5247.52785930,2799.79152427,2799.83720397,0.17971505,70.71783123,0.01998416,0.01998416,38083,117,0
5247.66124407,5247.66568614,0.00000000,2806.46969102,0.11663704,70.69128537,0.01998414,0.01998416,38082,117,1
nan,nan,0.00000000,-1.00000000,0.00000000,70.66430255,nan,0.00000000,-2147483648,117,1
5247.94906543,nan,0.00000000,2820.89008556,0.24453399,70.63058173,0.01998419,0.01998416,38080,117,1
5248.07146365,5248.07921019,0.00000000,2827.03159310,0.18312286,70.60348625,0.01998413,0.01998416,38079,117,1
5248.22314567,5248.21706604,0.00000000,2834.65004546,0.12513657,70.56884362,0.01998418,0.01998416,38078,117,1
5248.35729095,5248.35492915,0.00000000,2841.39470794,0.16779969,70.53722163,0.01998417,0.01998416,38077,117,1
5248.35729095,5248.35492915,0.00000000,2841.39470794,0.16779969,70.53722163,0.01998417,0.01998416,38077,117,1
5248.50653594,5248.49279950,0.00000000,2848.90633457,0.18770574,70.50095088,0.01998421,0.01998416,38076,117,1
5248.63165777,5248.63067712,2855.16419983,2855.21363715,0.06357556,70.46963856,0.01998417,0.01998416,38075,117,0
5248.75812989,5248.76856198,0.00000000,2861.58786786,0.08402332,70.43719953,0.01998412,0.01998416,38074,117,1
5248.91119899,5248.90645410,0.00000000,2869.31475000,0.07497931,70.39680612,0.01998418,0.01998416,38073,117,1
5249.04648051,5249.04435348,0.00000000,2876.15097440,0.20983829,70.36009073,0.01998417,0.01998416,38072,117,1
5249.18651629,5249.18226011,0.00000000,2883.23463883,0.21901955,70.32107798,0.01998418,0.01998416,38071,117,1
5249.32986664,5249.32017400,0.00000000,2890.49357272,0.11985450,70.28007766,0.01998420,0.01998416,38070,117,1
5249.45428051,5249.45809515,0.00000000,2896.79986050,0.19830143,70.24361833,0.01998415,0.01998416,38069,117,1
5249.59823821,5249.59602355,0.00000000,2904.10406077,0.15104197,70.20041397,0.01998417,0.01998416,38068,117,1
5249.73257665,5249.73395921,2911.00055255,2910.93030827,0.14751006,70.15909026,0.01998416,0.01998416,38067,117,0
nan,nan,0.00000000,-1.00000000,0.00000000,70.11532915,nan,0.00000000,-2147483648,117,1
5250.02337956,5250.00985232,0.00000000,2925.72090906,0.12970236,70.06641715,0.01998421,0.01998416,38065,117,1
5250.15415424,5250.14780976,0.00000000,2932.38415077,0.08368077,70.02326582,0.01998419,0.01998416,38064,117,1
5250.29494648,5250.28577446,0.00000000,2939.56512484,0.22284350,69.97578728,0.01998420,0.01998416,38063,117,1
nan,nan,0.00000000,-1.00000000,0.00000000,69.93918161,nan,0.00000000,-2147483648,117,1
5250.54984325,5250.56172565,0.00000000,2952.58527187,0.00683464,69.88712487,0.01998412,0.01998416,38061,117,1
5250.54984325,5250.56172565,0.00000000,2952.58527187,0.00683464,69.88712487,0.01998412,0.01998416,38061,117,1
5250.69753801,5250.69971214,0.00000000,2960.14100554,0.13617213,69.83415055,0.01998416,0.01998416,38060,117,1
5250.83141683,5250.83770589,0.00000000,2966.99725108,0.09429107,69.78511310,0.01998414,0.01998416,38059,117,1
5250.83141683,5250.83770589,0.00000000,2966.99725108,0.09429107,69.78511310,0.01998414,0.01998416,38059,117,1
5250.97631210,5250.97570691,2974.39211603,2974.42315424,0.18003780,69.73096341,0.01998417,0.01998416,38058,117,0
5251.10801441,5251.11371519,0.00000000,2981.18455170,0.18683168,69.68072082,0.01998414,0.01998416,38057,117,1
5251.24948673,5251.25173073,0.00000000,2988.45254003,0.39730956,69.62571665,0.01998416,0.01998416,38056,117,1
5251.38763468,5251.38975354,0.00000000,2995.55732538,0.24615901,69.57094924,0.01998416,0.01998416,38055,117,1
5251.51709193,5251.52778362,0.00000000,3002.22198085,0.11752458,69.51867771,0.01998412,0.01998416,38054,117,1
5251.67432691,5251.66582096,0.00000000,3010.32558382,0.22456838,69.45395116,0.01998420,0.01998416,38053,117,1
5251.79704294,5251.80386557,0.00000000,3016.65695382,0.06009099,69.40248754,0.01998414,0.01998416,38052,117,1
5251.91781503,nan,0.00000000,3022.89387640,0.07842040,69.35102634,0.01998407,0.01998416,38051,117,1
5252.08278552,5252.07997660,0.00000000,3031.42270238,0.36950349,69.27942549,0.01998418,0.01998416,38050,117,1
nan,nan,0.00000000,-1.00000000,0.00000000,69.21462234,nan,0.00000000,-2147483648,117,1
5252.35845662,5252.35611670,0.00000000,3045.69899359,0.18411606,69.15639811,0.01998417,0.01998416,38048,117,1
5252.48744310,5252.49419766,0.00000000,3052.38937676,0.19857798,69.09737555,0.01998414,0.01998416,38047,117,1
nan,nan,0.00000000,-1.00000000,0.00000000,69.02012892,nan,0.00000000,-2147483648,117,1
5252.75060524,5252.77038138,0.00000000,3066.06018748,0.15147043,68.97405980,0.01998409,0.01998416,38045,117,1
5252.90637847,5252.90848416,0.00000000,3074.16559893,0.17233320,68.89922737,0.01998416,0.01998417,38044,117,1
5253.03954931,5253.04659420,0.00000000,3081.10278846,0.09697569,68.83416492,0.01998414,0.01998417,38043,117,1
5253.17552180,5253.18471152,0.00000000,3088.19342061,0.26377505,68.76669584,0.01998413,0.01998417,38042,117,1
5253.17552180,5253.18471152,0.00000000,3088.19342061,0.26377505,68.76669584,0.01998413,0.01998417,38042,117,1
5253.32273956,5253.32283611,3095.89122978,3095.88618630,0.32317031,68.69239158,0.01998417,0.01998417,38041,117,0
5253.45845025,5253.46096797,0.00000000,3102.97183796,0.25515284,68.62293377,0.01998416,0.01998417,38040,117,1
5253.60832234,5253.59910711,0.00000000,3110.81363292,0.03645728,68.54492672,0.01998420,0.01998417,38039,117,1
5253.72661815,5253.73725353,0.00000000,3117.00984199,0.28520673,68.48244476,0.01998413,0.01998417,38038,117,1
5253.88260883,5253.87540722,0.00000000,3125.18938613,0.16708517,68.39882191,0.01998419,0.01998417,38037,117,1
nan,nan,0.00000000,-1.00000000,0.00000000,68.34903484,nan,0.00000000,-2147483648,117,1
nan,nan,0.00000000,-1.00000000,0.00000000,68.32820391,nan,0.00000000,-2147483648,117,1
5254.15609524,5254.15173643,0.00000000,3139.55453628,0.17925650,68.24882018,0.01998418,0.01998417,38035,117,1
5254.27756321,5254.28991196,0.00000000,3145.94485240,0.16422504,68.18080664,0.01998412,0.01998417,38034,117,1
5254.40388944,5254.42809476,0.00000000,3152.59736808,0.26235312,68.10916203,0.01998407,0.01998417,38033,117,1
5254.56088294,5254.56628484,0.00000000,3160.87428957,0.07108727,68.01882703,0.01998415,0.01998417,38032,117,1
5254.68854187,nan,0.00000000,3167.61237682,0.10002981,67.94430805,0.01998411,0.01998417,38031,117,1
5254.83927766,5254.84268685,0.00000000,3175.57746008,0.17482662,67.85508673,0.01998415,0.01998417,38030,117,1
5254.97715528,5254.98089877,0.00000000,3182.87162034,0.12366149,67.77230501,0.01998415,0.01998417,38029,117,1
5254.97715528,5254.98089877,0.00000000,3182.87162034,0.12366149,67.77230501,0.01998415,0.01998417,38029,117,1
5255.12273058,nan,0.00000000,3190.58187927,0.13830648,67.68368344,0.01998418,0.01998417,38028,117,1
5255.25481954,nan,0.00000000,3197.58575558,0.13582142,67.60218607,0.01998416,0.01998417,38027,117,1
nan,nan,0.00000000,-1.00000000,0.00000000,67.55033538,nan,0.00000000,-2147483648,117,1
nan,nan,0.00000000,-1.00000000,0.00000000,67.50302585,nan,0.00000000,-2147483648,117,1
5255.52667447,5255.53381928,0.00000000,3212.02436209,0.11207830,67.43119112,0.01998414,0.01998417,38025,117,1
nan,nan,0.00000000,-1.00000000,0.00000000,67.32286773,nan,0.00000000,-2147483648,117,1
5255.80051513,5255.81032324,0.00000000,3226.60098904,0.07146941,67.25448524,0.01998413,0.01998417,38023,117,1
5255.94037787,5255.94858615,0.00000000,3234.05860588,0.16325109,67.16249769,0.01998414,0.01998417,38022,117,1
5256.08763431,5256.08685634,3241.88018087,3241.92173348,0.17441622,67.06434927,0.01998417,0.01998417,38021,117,0
nan,nan,0.00000000,-1.00000000,0.00000000,66.97498072,nan,0.00000000,-2147483648,117,1
nan,nan,0.00000000,-1.00000000,0.00000000,66.94955469,nan,0.00000000,-2147483648,117,1
5256.36143807,5256.36341858,0.00000000,3256.56206249,0.14524999,66.87844006,0.01998416,0.01998417,38019,117,1
5256.49804757,5256.50171064,0.00000000,3263.88003376,0.07877422,66.78396992,0.01998415,0.01998417,38018,117,1
5256.65149556,5256.64000998,0.00000000,3272.10995771,0.10226954,66.67649913,0.01998421,0.01998417,38017,117,1
5256.65149556,nan,0.00000000,3272.10995771,0.10226954,66.67649913,0.01998421,0.01998417,38017,117,1
5256.79428442,5256.77831661,0.00000000,3279.77767824,0.20013364,66.57520090,0.01998423,0.01998417,38016,117,1
5256.91697375,5256.91663052,3286.35313644,3286.37159742,0.07384961,66.48718742,0.01998417,0.01998417,38015,117,0
nan,nan,0.00000000,-1.00000000,0.00000000,66.42491151,nan,0.00000000,-2147483648,117,1
5257.05329654,5257.05495173,0.00000000,3293.70999235,0.65240662,66.38825772,0.01998416,0.01998417,38014,117,1
nan,nan,0.00000000,-1.00000000,0.00000000,66.30264095,nan,0.00000000,-2147483648,117,1
nan,nan,0.00000000,-1.00000000,0.00000000,66.19265503,nan,0.00000000,-2147483648,117,1
5257.46757073,5257.46995910,0.00000000,3316.05714400,0.19748091,66.08064683,0.01998416,0.01998417,38011,117,1
nan,nan,0.00000000,-1.00000000,0.00000000,65.96901359,nan,0.00000000,-2147483648,117,1
nan,nan,0.00000000,-1.00000000,0.00000000,65.94071467,nan,0.00000000,-2147483648,117,1
nan,nan,0.00000000,-1.00000000,0.00000000,65.86963342,nan,0.00000000,-2147483648,117,1
nan,nan,0.00000000,-1.00000000,0.00000000,65.76931854,nan,0.00000000,-2147483648,117,1
nan,nan,0.00000000,-1.00000000,0.00000000,65.74048556,nan,0.00000000,-2147483648,117,1
5258.01750061,5258.02340436,0.00000000,3345.84349234,0.05643865,65.65580618,0.01998415,0.01998417,38007,117,1
5258.15705495,5258.16178391,0.00000000,3353.42456649,0.32110716,65.54497790,0.01998415,0.01998417,38006,117,1
5258.29825573,nan,0.00000000,3361.10432194,0.29988207,65.43159163,0.01998416,0.01998417,38005,117,1
5258.42653937,5258.43856489,0.00000000,3368.08961545,0.15179590,65.32748444,0.01998412,0.01998417,38004,117,1
5258.42653937,5258.43856489,0.00000000,3368.08961545,0.15179590,65.32748444,0.01998412,0.01998417,38004,117,1
5258.56203304,5258.57696633,0.00000000,3375.47589908,0.17927428,65.21639228,0.01998411,0.01998417,38003,117,1
nan,nan,0.00000000,-1.00000000,0.00000000,65.08689922,nan,0.00000000,-2147483648,117,1
5258.84985027,5258.85379109,0.00000000,3391.19467205,0.37937529,64.97652909,0.01998416,0.01998417,38001,117,1
5259.01439734,nan,0.00000000,3400.19885326,0.42592946,64.83701750,0.01998478,0.01998417,38001,117,1
5259.13325948,5259.13064505,0.00000000,3406.71113782,0.16455309,64.73515849,0.01998418,0.01998417,37999,117,1
5259.28068283,5259.26908297,0.00000000,3414.79764260,0.19342733,64.60755979,0.01998422,0.01998417,37998,117,1
5259.40606154,5259.40752820,0.00000000,3421.68316060,0.16846007,64.49793687,0.01998417,0.01998417,37997,117,1
5259.53000009,5259.54598073,0.00000000,3428.49703337,0.17386071,64.38857259,0.01998411,0.01998417,37996,117,1
5259.67754163,5259.68444056,0.00000000,3436.61823302,0.13496668,64.25708026,0.01998415,0.01998417,37995,117,1
5259.67754163,5259.68444056,0.00000000,3436.61823302,0.13496668,64.25708026,0.01998415,0.01998417,37995,117,1
5259.83470773,5259.82290769,0.00000000,3445.28082621,0.02211124,64.11545064,0.01998422,0.01998417,37994,117,1
5259.95686122,5259.96138212,0.00000000,3452.02192803,0.05356216,64.00425794,0.01998415,0.01998417,37993,117,1
5260.10467626,5260.09986386,0.00000000,3460.18893627,0.27702409,63.86839884,0.01998419,0.01998417,37992,117,1
5260.22586581,5260.23835290,0.00000000,3466.89284810,0.07367188,63.75594056,0.01998412,0.01998417,37991,117,1
5260.36592098,5260.37684924,0.00000000,3474.64937479,0.04582675,63.62477032,0.01998413,0.01998417,37990,117,1
5260.48789503,5260.51535289,0.00000000,3481.41243657,0.22579722,63.50947822,0.01998407,0.01998417,37989,117,1
5260.48789503,5260.51535289,0.00000000,3481.41243657,0.22579722,63.50947822,0.01998407,0.01998417,37989,117,1
5260.65989472,5260.65386384,0.00000000,3490.96180689,0.24515437,63.34522536,0.01998420,0.01998417,37988,117,1
5260.65989472,5260.65386384,0.00000000,3490.96180689,0.24515437,63.34522536,0.01998420,0.01998417,37988,117,1
nan,nan,0.00000000,-1.00000000,0.00000000,63.25787746,nan,0.00000000,-2147483648,117,1
nan,nan,0.00000000,-1.00000000,0.00000000,63.18819018,nan,0.00000000,-2147483648,117,1
5260.93598953,5260.93090767,0.00000000,3506.32137621,0.11731800,63.07744944,0.01998419,0.01998417,37986,117,1
5260.93598953,5260.93090767,0.00000000,3506.32137621,0.11731800,63.07744944,0.01998419,0.01998417,37986,117,1
nan,nan,0.00000000,-1.00000000,0.00000000,62.97733117,nan,0.00000000,-2147483648,117,1
nan,nan,0.00000000,-1.00000000,0.00000000,62.92419553,nan,0.00000000,-2147483648,117,1
5261.20681512,5261.20798072,3521.50203354,3521.43694875,0.17283056,62.80961743,0.01998417,0.01998417,37984,117,0
5261.20681512,5261.20798072,3521.50203354,3521.43694875,0.17283056,62.80961743,0.01998417,0.01998417,37984,117,0
nan,nan,0.00000000,-1.00000000,0.00000000,62.65599520,nan,0.00000000,-2147483648,117,1
nan,nan,0.00000000,-1.00000000,0.00000000,62.61991781,nan,0.00000000,-2147483648,117,1
5261.48194873,5261.48508301,0.00000000,3536.80691977,0.15544855,62.53290215,0.01998416,0.01998417,37982,117,1
5261.63245675,5261.62364511,0.00000000,3545.23769503,0.22720669,62.37924683,0.01998421,0.01998417,37981,117,1
5261.63245675,5261.62364511,0.00000000,3545.23769503,0.22720669,62.37924683,0.01998421,0.01998417,37981,117,1
5261.63245675,5261.62364511,0.00000000,3545.23769503,0.22720669,62.37924683,0.01998421,0.01998417,37981,117,1
5261.74886573,5261.76221453,0.00000000,3551.76635099,0.08811021,62.25934928,0.01998412,0.01998417,37980,117,1
5261.90715691,5261.90079126,0.00000000,3560.65509443,0.02533987,62.09483449,0.01998420,0.01998417,37979,117,1
5261.90715691,5261.90079126,0.00000000,3560.65509443,0.02533987,62.09483449,0.01998420,0.01998417,37979,117,1
5262.01773596,nan,0.00000000,3566.87226169,0.16950241,61.97889308,0.01998409,0.01998417,37978,117,1
nan,nan,0.00000000,-1.00000000,0.00000000,61.78848847,nan,0.00000000,-2147483648,117,1
5262.30137372,5262.31656531,0.00000000,3582.84842520,0.28147622,61.67766982,0.01998412,0.01998417,37976,117,1
5262.30137372,5262.31656531,0.00000000,3582.84842520,0.28147622,61.67766982,0.01998412,0.01998417,37976,117,1
5262.46538424,5262.45517129,0.00000000,3592.10560731,0.12609209,61.50096524,0.01998421,0.01998417,37975,117,1
5262.60182535,5262.59378458,0.00000000,3599.81744254,0.01262441,61.35254794,0.01998420,0.01998417,37974,117,1
nan,nan,0.00000000,-1.00000000,0.00000000,61.23276816,nan,0.00000000,-2147483648,117,1
5262.86867611,5262.87103310,0.00000000,3614.92856260,0.11819212,61.05854197,0.01998417,0.01998417,37972,117,1
5262.86867611,5262.87103310,0.00000000,3614.92856260,0.11819212,61.05854197,0.01998417,0.01998417,37972,117,1
5262.99942193,5263.00966834,0.00000000,3622.34615162,0.41247235,60.91268155,0.01998414,0.01998417,37971,117,1
5263.14498526,5263.14831089,0.00000000,3630.61508666,0.07507061,60.74888509,0.01998416,0.01998417,37970,117,1
5263.14498526,5263.14831089,0.00000000,3630.61508666,0.07507061,60.74888509,0.01998416,0.01998417,37970,117,1
5263.28371311,5263.28696075,0.00000000,3638.50626227,0.01785016,60.59139795,0.01998416,0.01998417,37969,117,1
5263.28371311,5263.28696075,0.00000000,3638.50626227,0.01785016,60.59139795,0.01998416,0.01998417,37969,117,1
5263.41604702,nan,0.00000000,3646.04335957,0.15499358,60.43990833,0.01998414,0.01998417,37968,117,1
nan,nan,0.00000000,-1.00000000,0.00000000,60.29915957,nan,0.00000000,-2147483648,117,1
5263.68277396,5263.70295426,0.00000000,3661.26353718,0.15128403,60.13081565,0.01998410,0.01998417,37966,117,1
5263.68277396,5263.70295426,0.00000000,3661.26353718,0.15128403,60.13081565,0.01998410,0.01998417,37966,117,1
5263.84816338,5263.84163340,0.00000000,3670.72049432,0.11009053,59.93662422,0.01998420,0.01998417,37965,117,1
5263.98611346,5263.98031986,0.00000000,3678.61988165,0.25716709,59.77316183,0.01998420,0.01998417,37964,117,1
nan,nan,0.00000000,-1.00000000,0.00000000,59.66117782,nan,0.00000000,-2147483648,117,1
nan,nan,0.00000000,-1.00000000,0.00000000,59.61941420,nan,0.00000000,-2147483648,117,1
5264.20093179,5263.98031986,0.00000000,3690.94171490,0.09279175,59.51590917,0.01998501,0.01998417,37964,117,1
5264.29055241,nan,0.00000000,3696.08980165,0.22143031,59.40760786,0.01998483,0.01998418,37963,117,1
nan,nan,0.00000000,-1.00000000,0.00000000,59.28267823,nan,0.00000000,-2147483648,117,1
5264.52019147,5264.53513891,0.00000000,3709.30126446,0.28098273,59.12746601,0.01998412,0.01998418,37960,117,1
5264.67144907,5264.67386197,0.00000000,3718.01934158,0.25503339,58.94086466,0.01998417,0.01998418,37959,117,1
5264.81608661,5264.81259236,0.00000000,3726.36781316,0.07236610,58.76088018,0.01998419,0.01998418,37958,117,1
5264.94227443,5264.95133008,0.00000000,3733.66095393,0.64337306,58.60261270,0.01998414,0.01998418,37957,117,1
5265.09053231,5265.09007512,3742.22904680,3742.25553364,0.08414829,58.41486577,0.01998418,0.01998418,37956,117,0
5265.17939724,nan,0.00000000,3747.38997268,0.21541429,58.30206702,0.01998452,0.01998418,37956,117,1
5265.17939724,nan,0.00000000,3747.38997268,0.21541429,58.30206702,0.01998452,0.01998418,37956,117,1
5265.34866132,5265.36758717,0.00000000,3757.20957853,0.17705105,58.08501244,0.01998410,0.01998418,37954,117,1
5265.49301968,5265.50635418,0.00000000,3765.59721796,0.00824962,57.89823182,0.01998413,0.01998418,37953,117,1
5265.76268837,5265.78391019,0.00000000,3781.29775353,0.02510643,57.54519607,0.01998410,0.01998418,37951,117,1
nan,nan,0.00000000,-1.00000000,0.00000000,57.18768899,nan,0.00000000,-2147483648,117,1
5266.11517378,nan,0.00000000,3801.88335349,0.05174863,57.07560344,0.01998491,0.01998418,37950,117,1
nan,nan,0.00000000,-1.00000000,0.00000000,56.86520977,nan,0.00000000,-2147483648,117,1
5266.44938396,5266.47792847,0.00000000,3821.46858732,0.25143098,56.62178232,0.01998407,0.01998418,37946,117,1
5266.73534920,nan,0.00000000,3838.27882768,0.14188803,56.22679898,0.01998410,0.01998418,37944,117,1
5267.03887077,5267.03327504,0.00000000,3856.17429831,0.05540896,55.80078820,0.01998420,0.01998418,37942,117,1
nan,nan,0.00000000,-1.00000000,0.00000000,55.61270628,nan,0.00000000,-2147483648,117,1
5267.30805363,5267.31099233,0.00000000,3872.09141631,0.11880160,55.41709707,0.01998417,0.01998418,37940,117,1
5267.46515994,nan,0.00000000,3881.40154707,0.32439776,55.19059232,0.01998476,0.01998418,37940,117,1
5267.70656833,5267.72762326,0.00000000,3895.73670032,0.08019629,54.83884180,0.01998410,0.01998418,37937,117,1
5267.70656833,5267.72762326,0.00000000,3895.73670032,0.08019629,54.83884180,0.01998410,0.01998418,37937,117,1
5267.87006175,5267.86651492,0.00000000,3905.46542089,0.10492807,54.59805944,0.01998419,0.01998418,37936,117,1
5267.98118505,5268.00541390,0.00000000,3912.08723348,0.20441074,54.43321983,0.01998409,0.01998418,37935,117,1
5267.98118505,nan,0.00000000,3912.08723348,0.20441074,54.43321983,0.01998409,0.01998418,37935,117,1
5268.13149521,5268.14432023,0.00000000,3921.05632943,0.17856483,54.20872057,0.01998413,0.01998418,37934,117,1
nan,nan,0.00000000,-1.00000000,0.00000000,54.03394965,nan,0.00000000,-2147483648,117,1
nan,nan,0.00000000,-1.00000000,0.00000000,53.95817898,nan,0.00000000,-2147483648,117,1
5268.40814940,5268.42215490,0.00000000,3937.60116682,0.43117324,53.79089968,0.01998413,0.01998418,37932,117,1
5268.40814940,5268.42215490,0.00000000,3937.60116682,0.43117324,53.79089968,0.01998413,0.01998418,37932,117,1
5268.55937207,5268.56108324,0.00000000,3946.66501974,0.04094149,53.55997336,0.01998417,0.01998418,37931,117,1
5268.70481767,5268.70001892,0.00000000,3955.39618912,0.22207366,53.33616787,0.01998420,0.01998418,37930,117,1
5268.70481767,5268.70001892,0.00000000,3955.39618912,0.22207366,53.33616787,0.01998420,0.01998418,37930,117,1
nan,nan,0.00000000,-1.00000000,0.00000000,53.16601095,nan,0.00000000,-2147483648,117,1
nan,nan,0.00000000,-1.00000000,0.00000000,53.03667403,nan,0.00000000,-2147483648,117,1
nan,nan,0.00000000,-1.00000000,0.00000000,52.93289175,nan,0.00000000,-2147483648,117,1
5269.12114278,5269.11687001,0.00000000,3980.46253784,0.26365988,52.68627553,0.01998420,0.01998418,37927,117,1
5269.12114278,5269.11687001,0.00000000,3980.46253784,0.26365988,52.68627553,0.01998420,0.01998418,37927,117,1
5269.29407929,5269.11687001,0.00000000,3990.90736464,0.33815462,52.41225739,0.01998485,0.01998418,37927,117,1
5269.39215797,5269.39480745,0.00000000,3996.83956851,0.09102343,52.25578703,0.01998417,0.01998418,37925,117,1
nan,nan,0.00000000,-1.00000000,0.00000000,52.06611107,nan,0.00000000,-2147483648,117,1
nan,nan,0.00000000,-1.00000000,0.00000000,52.01297415,nan,0.00000000,-2147483648,117,1
5269.64516833,nan,0.00000000,4012.17143711,0.09202516,51.84857415,0.01998408,0.01998418,37923,117,1
5269.64516833,5269.67277426,0.00000000,4012.17143711,0.09202516,51.84857415,0.01998408,0.01998418,37923,117,1
5269.80036284,5269.81176868,0.00000000,4021.59650300,0.03346083,51.59623643,0.01998414,0.01998418,37922,117,1
5269.80036284,5269.81176868,0.00000000,4021.59650300,0.03346083,51.59623643,0.01998414,0.01998418,37922,117,1
5269.96343049,nan,0.00000000,4031.51670782,0.03937405,51.32899410,0.01998476,0.01998418,37922,117,1
5269.96343049,nan,0.00000000,4031.51670782,0.03937405,51.32899410,0.01998476,0.01998418,37922,117,1
nan,nan,0.00000000,-1.00000000,0.00000000,51.15342773,nan,0.00000000,-2147483648,117,1
nan,nan,0.00000000,-1.00000000,0.00000000,50.88121915,nan,0.00000000,-2147483648,117,1
nan,nan,0.00000000,-1.00000000,0.00000000,50.77185726,nan,0.00000000,-2147483648,117,1
nan,nan,0.00000000,-1.00000000,0.00000000,50.63477094,nan,0.00000000,-2147483648,117,1
nan,nan,0.00000000,-1.00000000,0.00000000,50.52479503,nan,0.00000000,-2147483648,117,1
nan,nan,0.00000000,-1.00000000,0.00000000,50.44213425,nan,0.00000000,-2147483648,117,1
nan,nan,0.00000000,-1.00000000,0.00000000,50.35932028,nan,0.00000000,-2147483648,117,1
nan,nan,0.00000000,-1.00000000,0.00000000,50.24866354,nan,0.00000000,-2147483648,117,1
5270.69088315,nan,0.00000000,4075.98584271,0.41335257,50.11035362,0.01998488,0.01998418,37917,117,1
nan,nan,0.00000000,-1.00000000,0.00000000,49.94295624,nan,0.00000000,-2147483648,117,1
nan,nan,0.00000000,-1.00000000,0.00000000,49.80331997,nan,0.00000000,-2147483648,117,1
nan,nan,0.00000000,-1.00000000,0.00000000,49.69130614,nan,0.00000000,-2147483648,117,1
nan,nan,0.00000000,-1.00000000,0.00000000,69.32103478,nan,0.00000000,-2147483648,116,1
nan,nan,0.00000000,-1.00000000,0.00000000,69.39617878,nan,0.00000000,-2147483648,116,1
5242.29904872,5242.29580569,0.00000000,632.29671819,0.24418274,69.63228269,0.01998417,0.01998416,38121,116,1
nan,nan,0.00000000,-1.00000000,0.00000000,69.84551060,nan,0.00000000,-2147483648,116,1
nan,nan,0.00000000,-1.00000000,0.00000000,69.92014378,nan,0.00000000,-2147483648,116,1
nan,nan,0.00000000,-1.00000000,0.00000000,70.18078489,nan,0.00000000,-2147483648,116,1
nan,nan,0.00000000,-1.00000000,0.00000000,70.29221434,nan,0.00000000,-2147483648,116,1
nan,nan,0.00000000,-1.00000000,0.00000000,70.36640932,nan,0.00000000,-2147483648,116,1
nan,nan,0.00000000,-1.00000000,0.00000000,70.58855584,nan,0.00000000,-2147483648,116,1
nan,nan,0.00000000,-1.00000000,0.00000000,70.66245850,nan,0.00000000,-2147483648,116,1
5243.26102028,5243.25881992,0.00000000,668.88183292,0.11428684,70.98977080,0.01998417,0.01998416,38114,116,1
5243.26102028,5243.25881992,0.00000000,668.88183292,0.11428684,70.98977080,0.01998417,0.01998416,38114,116,1
5243.37449636,nan,0.00000000,673.20684624,0.11579996,71.14863353,0.01998407,0.01998416,38113,116,1
nan,nan,0.00000000,-1.00000000,0.00000000,71.36088671,nan,0.00000000,-2147483648,116,1
nan,nan,0.00000000,-1.00000000,0.00000000,71.54358615,nan,0.00000000,-2147483648,116,1
nan,nan,0.00000000,-1.00000000,0.00000000,71.72582804,nan,0.00000000,-2147483648,116,1
5243.91275227,nan,0.00000000,693.74896503,0.33664930,71.89849634,0.01998455,0.01998416,38110,116,1
5243.91275227,nan,0.00000000,693.74896503,0.33664930,71.89849634,0.01998455,0.01998416,38110,116,1
5243.91275227,nan,0.00000000,693.74896503,0.33664930,71.89849634,0.01998455,0.01998416,38110,116,1
nan,nan,0.00000000,-1.00000000,0.00000000,72.12514900,nan,0.00000000,-2147483648,116,1
nan,nan,0.00000000,-1.00000000,0.00000000,72.37810833,nan,0.00000000,-2147483648,116,1
nan,nan,0.00000000,-1.00000000,0.00000000,72.48624459,nan,0.00000000,-2147483648,116,1
nan,nan,0.00000000,-1.00000000,0.00000000,72.55824378,nan,0.00000000,-2147483648,116,1
nan,nan,0.00000000,-1.00000000,0.00000000,72.95292837,nan,0.00000000,-2147483648,116,1
nan,nan,0.00000000,-1.00000000,0.00000000,73.02445077,nan,0.00000000,-2147483648,116,1
nan,nan,0.00000000,-1.00000000,0.00000000,73.09589979,nan,0.00000000,-2147483648,116,1
nan,nan,0.00000000,-1.00000000,0.00000000,73.30980646,nan,0.00000000,-2147483648,116,1
nan,nan,0.00000000,-1.00000000,0.00000000,73.45204382,nan,0.00000000,-2147483648,116,1
5245.03986351,5245.04821516,0.00000000,736.91042578,0.41112680,73.44886184,0.01998413,0.01998416,38101,116,1
5245.03986351,5245.04821516,0.00000000,736.91042578,0.41112680,73.44886184,0.01998413,0.01998416,38101,116,1
5245.32352988,5245.32361529,747.79961845,747.79633734,0.14266681,73.83448789,0.01998416,0.01998416,38099,116,0
5245.32352988,5245.32361529,747.79961845,747.79633734,0.14266681,73.83448789,0.01998416,0.01998416,38099,116,0
5245.49544192,nan,0.00000000,754.41295491,0.16552572,74.06781345,0.01998481,0.01998416,38099,116,1
5245.49544192,nan,0.00000000,754.41295491,0.16552572,74.06781345,0.01998481,0.01998416,38099,116,1
5245.49544192,nan,0.00000000,754.41295491,0.16552572,74.06781345,0.01998481,0.01998416,38099,116,1
nan,nan,0.00000000,-1.00000000,0.00000000,74.43947675,nan,0.00000000,-2147483648,116,1
nan,nan,0.00000000,-1.00000000,0.00000000,74.57936226,nan,0.00000000,-2147483648,116,1
nan,nan,0.00000000,-1.00000000,0.00000000,74.75380531,nan,0.00000000,-2147483648,116,1
nan,nan,0.00000000,-1.00000000,0.00000000,74.89302859,nan,0.00000000,-2147483648,116,1
nan,nan,0.00000000,-1.00000000,0.00000000,74.96252982,nan,0.00000000,-2147483648,116,1
5246.26367471,5246.28774383,0.00000000,784.00178280,0.05139138,75.10137321,0.01998407,0.01998416,38092,116,1
5246.38413059,nan,0.00000000,788.64974682,0.01858876,75.26226605,0.01998453,0.01998416,38092,116,1
5246.54599051,nan,0.00000000,794.89901311,0.11320143,75.47796221,0.01998409,0.01998416,38090,116,1
5246.72543817,5246.70105043,0.00000000,801.83225329,0.17798402,75.71642426,0.01998425,0.01998416,38089,116,1
5246.72543817,5246.70105043,0.00000000,801.83225329,0.17798402,75.71642426,0.01998425,0.01998416,38089,116,1
nan,nan,0.00000000,-1.00000000,0.00000000,75.89358774,nan,0.00000000,-2147483648,116,1
5247.00299927,5246.97662440,0.00000000,812.56649029,0.08967930,76.08387046,0.01998426,0.01998416,38087,116,1
5247.00299927,5246.97662440,0.00000000,812.56649029,0.08967930,76.08387046,0.01998426,0.01998416,38087,116,1
nan,nan,0.00000000,-1.00000000,0.00000000,76.26905643,nan,0.00000000,-2147483648,116,1
5247.26297332,5247.25222735,0.00000000,822.63188465,0.18093391,76.42649132,0.01998420,0.01998416,38085,116,1
nan,nan,0.00000000,-1.00000000,0.00000000,76.60845507,nan,0.00000000,-2147483648,116,1
nan,nan,0.00000000,-1.00000000,0.00000000,76.70991486,nan,0.00000000,-2147483648,116,1
nan,nan,0.00000000,-1.00000000,0.00000000,76.81120854,nan,0.00000000,-2147483648,116,1
5247.68861455,5247.66568614,0.00000000,839.13511954,0.17498276,76.98420800,0.01998425,0.01998416,38082,116,1
5247.92792484,5247.94136159,0.00000000,848.42679900,0.27260165,77.29600206,0.01998411,0.01998416,38080,116,1
5247.92792484,5247.94136159,0.00000000,848.42679900,0.27260165,77.29600206,0.01998411,0.01998416,38080,116,1
5247.92792484,nan,0.00000000,848.42679900,0.27260165,77.29600206,0.01998411,0.01998416,38080,116,1
nan,nan,0.00000000,-1.00000000,0.00000000,77.48225267,nan,0.00000000,-2147483648,116,1
nan,nan,0.00000000,-1.00000000,0.00000000,77.58227192,nan,0.00000000,-2147483648,116,1
nan,nan,0.00000000,-1.00000000,0.00000000,77.81500324,nan,0.00000000,-2147483648,116,1
5248.46042870,nan,0.00000000,869.13600678,0.26274148,77.98518553,0.01998456,0.01998416,38077,116,1
nan,nan,0.00000000,-1.00000000,0.00000000,78.24481459,nan,0.00000000,-2147483648,116,1
nan,nan,0.00000000,-1.00000000,0.00000000,78.31066193,nan,0.00000000,-2147483648,116,1
nan,nan,0.00000000,-1.00000000,0.00000000,78.50775978,nan,0.00000000,-2147483648,116,1
nan,nan,0.00000000,-1.00000000,0.00000000,78.57331100,nan,0.00000000,-2147483648,116,1
5249.06192932,5249.04435348,0.00000000,892.58484293,0.10005421,78.75596548,0.01998423,0.01998416,38072,116,1
5249.06192932,5249.04435348,0.00000000,892.58484293,0.10005421,78.75596548,0.01998423,0.01998416,38072,116,1
5249.32638264,5249.32017400,0.00000000,902.91329515,0.38468928,79.09223963,0.01998419,0.01998416,38070,116,1
5249.32638264,5249.32017400,0.00000000,902.91329515,0.38468928,79.09223963,0.01998419,0.01998416,38070,116,1
nan,nan,0.00000000,-1.00000000,0.00000000,79.22474903,nan,0.00000000,-2147483648,116,1
nan,nan,0.00000000,-1.00000000,0.00000000,79.41873528,nan,0.00000000,-2147483648,116,1
5249.73192327,5249.73395921,0.00000000,918.77474787,0.12439929,79.60480864,0.01998415,0.01998416,38067,116,1
5249.73192327,5249.73395921,0.00000000,918.77474787,0.12439929,79.60480864,0.01998415,0.01998416,38067,116,1
nan,nan,0.00000000,-1.00000000,0.00000000,79.80470547,nan,0.00000000,-2147483648,116,1
5250.01340973,5250.00985232,0.00000000,929.80044732,0.29276509,79.95836001,0.01998418,0.01998416,38065,116,1
nan,nan,0.00000000,-1.00000000,0.00000000,80.12430691,nan,0.00000000,-2147483648,116,1
nan,nan,0.00000000,-1.00000000,0.00000000,80.25162788,nan,0.00000000,-2147483648,116,1
5250.25315062,nan,0.00000000,939.20152877,0.35818580,80.25803473,0.01998456,0.01998416,38064,116,1
5250.41472538,5250.42374642,0.00000000,945.54292718,0.13526679,80.45925056,0.01998413,0.01998416,38062,116,1
nan,nan,0.00000000,-1.00000000,0.00000000,80.53701404,nan,0.00000000,-2147483648,116,1
nan,nan,0.00000000,-1.00000000,0.00000000,80.66336952,nan,0.00000000,-2147483648,116,1
5250.73599971,nan,0.00000000,958.16529397,0.28666746,80.85754208,0.01998483,0.01998416,38061,116,1
5250.73599971,nan,0.00000000,958.16529397,0.28666746,80.85754208,0.01998483,0.01998416,38061,116,1
nan,nan,0.00000000,-1.00000000,0.00000000,81.07197193,nan,0.00000000,-2147483648,116,1
nan,nan,0.00000000,-1.00000000,0.00000000,81.13455508,nan,0.00000000,-2147483648,116,1
5251.11182693,5251.11371519,0.00000000,972.95328491,0.18076977,81.32040261,0.01998416,0.01998416,38057,116,1
5251.24851555,5251.25173073,0.00000000,978.33768014,0.12505827,81.48792318,0.01998415,0.01998416,38056,116,1
nan,nan,0.00000000,-1.00000000,0.00000000,81.66350888,nan,0.00000000,-2147483648,116,1
5251.51940355,5251.52778362,0.00000000,989.01789598,0.50302256,81.81861278,0.01998413,0.01998416,38054,116,1
5251.66282931,5251.66582096,0.00000000,994.67781372,0.32538044,81.99299931,0.01998415,0.01998416,38053,116,1
5251.66282931,5251.66582096,0.00000000,994.67781372,0.32538044,81.99299931,0.01998415,0.01998416,38053,116,1
nan,nan,0.00000000,-1.00000000,0.00000000,82.24832933,nan,0.00000000,-2147483648,116,1
nan,nan,0.00000000,-1.00000000,0.00000000,82.30949841,nan,0.00000000,-2147483648,116,1
nan,nan,0.00000000,-1.00000000,0.00000000,82.52300346,nan,0.00000000,-2147483648,116,1
nan,nan,0.00000000,-1.00000000,0.00000000,82.64459649,nan,0.00000000,-2147483648,116,1
nan,nan,0.00000000,-1.00000000,0.00000000,82.85666681,nan,0.00000000,-2147483648,116,1
5252.50787156,5252.49419766,0.00000000,1028.09750188,0.18235259,83.01052475,0.01998422,0.01998416,38047,116,1
nan,nan,0.00000000,-1.00000000,0.00000000,83.18807459,nan,0.00000000,-2147483648,116,1
5252.78347405,5252.77038138,0.00000000,1039.02392124,0.21223709,83.33868454,0.01998421,0.01998416,38045,116,1
5252.78347405,5252.77038138,0.00000000,1039.02392124,0.21223709,83.33868454,0.01998421,0.01998416,38045,116,1
nan,nan,0.00000000,-1.00000000,0.00000000,83.63635714,nan,0.00000000,-2147483648,116,1
5253.17833670,5253.18471152,0.00000000,1054.70170686,0.40222989,83.80565415,0.01998414,0.01998417,38042,116,1
5253.31680703,5253.32283611,0.00000000,1060.20609346,0.23996312,83.96851648,0.01998414,0.01998417,38041,116,1
5253.47781502,5253.46096797,0.00000000,1066.61064426,0.07530725,84.15730046,0.01998423,0.01998417,38040,116,1
5253.47781502,5253.46096797,0.00000000,1066.61064426,0.07530725,84.15730046,0.01998423,0.01998417,38040,116,1
5253.59496856,5253.59910711,0.00000000,1071.27364527,0.41857605,84.29426758,0.01998415,0.01998417,38039,116,1
nan,nan,0.00000000,-1.00000000,0.00000000,84.46191297,nan,0.00000000,-2147483648,116,1
5253.88708331,5253.87540722,0.00000000,1082.91115044,0.11090551,84.63432564,0.01998421,0.01998417,38037,116,1
nan,nan,0.00000000,-1.00000000,0.00000000,84.63691217,nan,0.00000000,-2147483648,116,1
5254.01067846,5254.01356819,0.00000000,1087.83960846,0.14862385,84.77757643,0.01998416,0.01998417,38036,116,1
5254.14381029,5254.15173643,0.00000000,1093.15139987,0.25772203,84.93146065,0.01998414,0.01998417,38035,116,1
nan,nan,0.00000000,-1.00000000,0.00000000,85.07146539,nan,0.00000000,-2147483648,116,1
nan,nan,0.00000000,-1.00000000,0.00000000,85.12908786,nan,0.00000000,-2147483648,116,1
5254.43169189,5254.42809476,0.00000000,1104.64835654,0.27103727,85.26272365,0.01998418,0.01998417,38033,116,1
5254.43169189,5254.42809476,0.00000000,1104.64835654,0.27103727,85.26272365,0.01998418,0.01998417,38033,116,1
nan,nan,0.00000000,-1.00000000,0.00000000,85.58737294,nan,0.00000000,-2147483648,116,1
nan,nan,0.00000000,-1.00000000,0.00000000,85.67276790,nan,0.00000000,-2147483648,116,1
nan,nan,0.00000000,-1.00000000,0.00000000,85.72960425,nan,0.00000000,-2147483648,116,1
5254.98353413,5254.98089877,0.00000000,1126.72861455,0.06952185,85.89198644,0.01998418,0.01998417,38029,116,1
5254.98353413,5254.98089877,0.00000000,1126.72861455,0.06952185,85.89198644,0.01998418,0.01998417,38029,116,1
nan,nan,0.00000000,-1.00000000,0.00000000,86.04086501,nan,0.00000000,-2147483648,116,1
5255.24960531,5255.25734446,0.00000000,1137.39429925,0.07002115,86.19267603,0.01998414,0.01998417,38027,116,1
nan,nan,0.00000000,-1.00000000,0.00000000,86.32186205,nan,0.00000000,-2147483648,116,1
nan,nan,0.00000000,-1.00000000,0.00000000,86.51744473,nan,0.00000000,-2147483648,116,1
nan,nan,0.00000000,-1.00000000,0.00000000,86.62879376,nan,0.00000000,-2147483648,116,1
nan,nan,0.00000000,-1.00000000,0.00000000,86.68435575,nan,0.00000000,-2147483648,116,1
nan,nan,0.00000000,-1.00000000,0.00000000,86.79525467,nan,0.00000000,-2147483648,116,1
nan,nan,0.00000000,-1.00000000,0.00000000,86.96104027,nan,0.00000000,-2147483648,116,1
5256.21663988,5256.22513382,0.00000000,1176.26740428,0.00600000,87.27054369,0.01998414,0.01998417,38020,116,1
5256.21663988,5256.22513382,0.00000000,1176.26740428,0.00600000,87.27054369,0.01998414,0.01998417,38020,116,1
5256.35150685,5256.36341858,0.00000000,1181.70246136,0.10093197,87.41898681,0.01998412,0.01998417,38019,116,1
5256.50528526,5256.50171064,0.00000000,1187.90373733,0.16668490,87.58767951,0.01998418,0.01998417,38018,116,1
5256.63511406,5256.64000998,0.00000000,1193.14262725,0.11216890,87.72962968,0.01998415,0.01998417,38017,116,1
5256.79168169,5256.77831661,0.00000000,1199.46464882,0.13707150,87.90024124,0.01998422,0.01998417,38016,116,1
nan,nan,0.00000000,-1.00000000,0.00000000,88.04900634,nan,0.00000000,-2147483648,116,1
5257.05122577,5257.05495173,0.00000000,1209.95478373,0.12245622,88.18167994,0.01998415,0.01998417,38014,116,1
nan,nan,0.00000000,-1.00000000,0.00000000,88.47577490,nan,0.00000000,-2147483648,116,1
5257.45740741,5257.46995910,0.00000000,1226.39689603,0.45453267,88.61864066,0.01998412,0.01998417,38011,116,1
5257.45740741,5257.46995910,0.00000000,1226.39689603,0.45453267,88.61864066,0.01998412,0.01998417,38011,116,1
5257.60255379,5257.60830948,0.00000000,1232.27987968,0.20700259,88.77374982,0.01998415,0.01998417,38010,116,1
5257.74122457,5257.74666714,0.00000000,1237.90410014,0.11516739,88.92142756,0.01998415,0.01998417,38009,116,1
5257.87805066,5257.88503210,0.00000000,1243.45705696,0.14321340,89.06664997,0.01998414,0.01998417,38008,116,1
nan,nan,0.00000000,-1.00000000,0.00000000,89.18502650,nan,0.00000000,-2147483648,116,1
nan,nan,0.00000000,-1.00000000,0.00000000,89.34077431,nan,0.00000000,-2147483648,116,1
nan,nan,0.00000000,-1.00000000,0.00000000,89.47004619,nan,0.00000000,-2147483648,116,1
nan,nan,0.00000000,-1.00000000,0.00000000,89.52162308,nan,0.00000000,-2147483648,116,1
nan,nan,0.00000000,-1.00000000,0.00000000,89.57312461,nan,0.00000000,-2147483648,116,1
5258.48178579,nan,0.00000000,1268.00139961,284.72974204,89.70158456,0.01998486,0.01998417,38005,116,1
5258.58427831,5258.57696633,0.00000000,1272.17502806,0.34764389,89.80842255,0.01998420,0.01998417,38003,116,1
5258.71001425,5258.71537506,0.00000000,1277.29789830,0.49433492,89.93911071,0.01998415,0.01998417,38002,116,1
5258.84132048,5258.85379109,0.00000000,1282.65094732,0.52955182,90.07514229,0.01998412,0.01998417,38001,116,1
nan,nan,0.00000000,-1.00000000,0.00000000,90.21053257,nan,0.00000000,-2147483648,116,1
5259.13249895,5259.13064505,0.00000000,1294.53341203,0.05453099,90.37516813,0.01998418,0.01998417,37999,116,1
5259.25587393,5259.26908297,0.00000000,1299.57303949,0.19477992,90.50161163,0.01998412,0.01998417,37998,116,1
5259.39823449,5259.40752820,0.00000000,1305.39183879,0.60064649,90.64700832,0.01998414,0.01998417,37997,116,1
5259.54259783,5259.54598073,0.00000000,1311.29649903,0.10471418,90.79389719,0.01998416,0.01998417,37996,116,1
nan,nan,0.00000000,-1.00000000,0.00000000,90.91043413,nan,0.00000000,-2147483648,116,1
nan,nan,0.00000000,-1.00000000,0.00000000,90.95986083,nan,0.00000000,-2147483648,116,1
5259.82908241,5259.82290769,0.00000000,1323.02607678,0.19251681,91.08373861,0.01998419,0.01998417,37994,116,1
5259.96548513,5259.96138212,0.00000000,1328.61643819,0.09902396,91.22096384,0.01998419,0.01998417,37993,116,1
5260.23649504,nan,0.00000000,1339.73434220,0.18714213,91.49211757,0.01998416,0.01998417,37991,116,1
5260.23649504,5260.23835290,0.00000000,1339.73434220,0.18714213,91.49211757,0.01998416,0.01998417,37991,116,1
5260.37812780,5260.37684924,1345.50144649,1345.55396184,0.03766513,91.63312045,0.01998418,0.01998417,37990,116,0
5260.50927478,5260.51535289,0.00000000,1350.93936922,0.07482819,91.76303250,0.01998415,0.01998417,37989,116,1
5260.65819048,5260.65386384,0.00000000,1357.06257627,0.19440741,91.91007628,0.01998419,0.01998417,37988,116,1
5260.79089263,5260.79238210,1362.58535779,1362.52406023,0.09208784,92.04063106,0.01998417,0.01998417,37987,116,0
5260.92352839,5260.93090767,0.00000000,1367.98373726,0.20124698,92.17057871,0.01998414,0.01998417,37986,116,1
5261.19702615,5261.20798072,0.00000000,1379.25532896,0.10588984,92.43707361,0.01998413,0.01998417,37984,116,1
5261.19702615,5261.20798072,0.00000000,1379.25532896,0.10588984,92.43707361,0.01998413,0.01998417,37984,116,1
5261.34632869,5261.34652821,1385.42312496,1385.41489032,0.07265211,92.58168845,0.01998417,0.01998417,37983,116,0
nan,nan,0.00000000,-1.00000000,0.00000000,92.73549992,nan,0.00000000,-2147483648,116,1
nan,nan,0.00000000,-1.00000000,0.00000000,92.82852890,nan,0.00000000,-2147483648,116,1
5261.75547083,5261.76221453,0.00000000,1402.31657554,0.19198706,92.97481795,0.01998415,0.01998417,37980,116,1
5261.75547083,5261.76221453,0.00000000,1402.31657554,0.19198706,92.97481795,0.01998415,0.01998417,37980,116,1
5261.89697752,5261.90079126,0.00000000,1408.17006526,0.34434036,93.10970740,0.01998416,0.01998417,37979,116,1
5262.02546618,5262.03937530,0.00000000,1413.48854064,0.26709154,93.23170493,0.01998412,0.01998417,37978,116,1
5262.18235792,5262.17796665,0.00000000,1419.98719726,0.08979965,93.38004627,0.01998419,0.01998417,37977,116,1
5262.30538229,5262.31656531,0.00000000,1425.08649637,0.13529289,93.49588471,0.01998413,0.01998417,37976,116,1
5262.59807859,5262.59378458,0.00000000,1437.23091805,0.07769426,93.76977864,0.01998419,0.01998417,37974,116,1
5262.72247533,5262.73240518,0.00000000,1442.39759283,0.16489301,93.88545484,0.01998414,0.01998417,37973,116,1
5262.85656372,5262.87103310,0.00000000,1447.97032387,0.19492223,94.00965451,0.01998412,0.01998417,37972,116,1
5263.01280582,5263.00966834,0.00000000,1454.46838952,0.11102891,94.15373300,0.01998419,0.01998417,37971,116,1
5263.15169648,5263.14831089,0.00000000,1460.24900078,0.14939262,94.28123018,0.01998419,0.01998417,37970,116,1
5263.29303749,5263.28696075,0.00000000,1466.13565064,0.04415275,94.41041428,0.01998420,0.01998417,37969,116,1
5263.43300981,5263.42561794,0.00000000,1471.96933721,0.04486698,94.53778700,0.01998420,0.01998417,37968,116,1
nan,nan,0.00000000,-1.00000000,0.00000000,94.64710756,nan,0.00000000,-2147483648,116,1
5263.70316020,5263.70295426,1483.22596055,1483.23455969,0.26283714,94.78192281,0.01998418,0.01998417,37966,116,0
5263.83961298,nan,0.00000000,1488.93839771,0.05038572,94.90461500,0.01998417,0.01998417,37965,116,1
5263.96777277,5263.98031986,0.00000000,1494.29406484,0.01619446,95.01925514,0.01998413,0.01998417,37964,116,1
5264.11984861,5264.11901364,1500.61870067,1500.65364195,0.08475871,95.15467641,0.01998418,0.01998418,37963,116,0
5264.11984861,5264.11901364,1500.61870067,1500.65364195,0.08475871,95.15467641,0.01998418,0.01998418,37963,116,0
5264.25336483,5264.25771474,0.00000000,1506.24093023,0.17861461,95.27301808,0.01998416,0.01998418,37962,116,1
nan,nan,0.00000000,-1.00000000,0.00000000,95.41538541,nan,0.00000000,-2147483648,116,1
5264.66860278,5264.67386197,0.00000000,1523.64147069,0.15121770,95.63776767,0.01998416,0.01998418,37959,116,1
5264.66860278,5264.67386197,0.00000000,1523.64147069,0.15121770,95.63776767,0.01998416,0.01998418,37959,116,1
5264.79876427,5264.81259236,0.00000000,1529.10331957,0.12910575,95.75107121,0.01998412,0.01998418,37958,116,1
5264.95125254,5264.95133008,1535.50981573,1535.50655930,0.19961056,95.88318071,0.01998418,0.01998418,37957,116,0
5265.08445155,5265.09007512,0.00000000,1541.10385026,0.11213558,95.99802300,0.01998415,0.01998418,37956,116,1
5265.23658643,5265.22882748,0.00000000,1547.50142877,0.10350575,96.12855486,0.01998421,0.01998418,37955,116,1
5265.36844373,5265.36758717,1553.01086347,1553.04691898,0.15799535,96.24107085,0.01998418,0.01998418,37954,116,0
5265.50063192,5265.50635418,0.00000000,1558.61670954,0.08535650,96.35349048,0.01998415,0.01998418,37953,116,1
5265.64368451,5265.64512852,1564.70238760,1564.64151287,0.08409023,96.47442882,0.01998417,0.01998418,37952,116,0
nan,nan,0.00000000,-1.00000000,0.00000000,96.62120079,nan,0.00000000,-2147483648,116,1
nan,nan,0.00000000,-1.00000000,0.00000000,96.72034188,nan,0.00000000,-2147483648,116,1
5266.05941863,5266.06149551,0.00000000,1582.18838032,0.18440943,96.82271456,0.01998417,0.01998418,37949,116,1
5266.18894666,5266.20029917,0.00000000,1587.66188542,0.16829375,96.93015698,0.01998413,0.01998418,37948,116,1
5266.34029601,5266.33911015,1594.00894092,1594.05910309,0.22414572,97.05500768,0.01998418,0.01998418,37947,116,0
5266.47411161,5266.47792847,0.00000000,1599.72490505,0.17664225,97.16493224,0.01998416,0.01998418,37946,116,1
5266.61012010,5266.61675411,0.00000000,1605.48450171,0.06873001,97.27604915,0.01998415,0.01998418,37945,116,1
5266.75689145,5266.75558709,1611.64443165,1611.69972380,0.06035910,97.39524647,0.01998418,0.01998418,37944,116,0
nan,nan,0.00000000,-1.00000000,0.00000000,97.49631455,nan,0.00000000,-2147483648,116,1
5267.03357202,5267.03327504,1623.42444199,1623.43704958,0.20456392,97.61833841,0.01998418,0.01998418,37942,116,0
5267.16478907,nan,0.00000000,1629.01479420,0.07380110,97.72343347,0.01998415,0.01998418,37941,116,1
nan,nan,0.00000000,-1.00000000,0.00000000,97.81686149,nan,0.00000000,-2147483648,116,1
5267.46497879,5267.44986197,0.00000000,1641.77748817,0.29387775,97.96167246,0.01998424,0.01998418,37939,116,1
5267.58026105,5267.58873895,0.00000000,1646.68401151,0.18384510,98.05243413,0.01998415,0.01998418,37938,116,1
5267.72958413,5267.72762326,0.00000000,1653.04368921,0.16946458,98.16939240,0.01998419,0.01998418,37937,116,1
5267.85669770,5267.86651492,0.00000000,1658.46133389,0.19767547,98.26841683,0.01998414,0.01998418,37936,116,1
5268.00587760,5268.00541390,1664.79897004,1664.81875397,0.06919187,98.38390363,0.01998418,0.01998418,37935,116,0
5268.14462792,5268.14432023,1670.72760114,1670.74073842,0.14679026,98.49078580,0.01998418,0.01998418,37934,116,0
5268.27026376,5268.28323389,0.00000000,1676.11245763,0.11758384,98.58715696,0.01998413,0.01998418,37933,116,1
nan,nan,0.00000000,-1.00000000,0.00000000,98.72766379,nan,0.00000000,-2147483648,116,1
5268.55801976,5268.56108324,0.00000000,1688.41639058,0.05752766,98.80581701,0.01998417,0.01998418,37931,116,1
5268.70471104,5268.70001892,0.00000000,1694.69576092,0.10679271,98.91629582,0.01998420,0.01998418,37930,116,1
5268.83202325,5268.83896194,0.00000000,1700.14948294,0.08711111,99.01163647,0.01998415,0.01998418,37929,116,1
5268.98480813,5268.97791231,0.00000000,1706.69919011,0.19195371,99.12538510,0.01998421,0.01998418,37928,116,1
5269.11592167,5269.11687001,1712.36194853,1712.32124571,0.10624338,99.22236880,0.01998418,0.01998418,37927,116,0
5269.24808896,5269.25583506,0.00000000,1717.99805873,0.09931790,99.31968357,0.01998415,0.01998418,37926,116,1
5269.38777580,5269.39480745,0.00000000,1723.99916611,0.05348398,99.42188712,0.01998415,0.01998418,37925,116,1
5269.52479671,5269.53378718,0.00000000,1729.89003665,0.03673255,99.52154298,0.01998415,0.01998418,37924,116,1
nan,nan,0.00000000,-1.00000000,0.00000000,99.60745029,nan,0.00000000,-2147483648,116,1
5269.81207824,5269.81176868,1742.23882895,1742.25216167,0.07469866,99.72851359,0.01998418,0.01998418,37922,116,0
5269.95091119,5269.95077045,1748.22797334,1748.23403961,0.20448820,99.82761372,0.01998418,0.01998418,37921,116,0
5270.09332081,5270.08977957,0.00000000,1754.37794607,0.05741460,99.92868485,0.01998419,0.01998418,37920,116,1
5270.22690372,5270.22879603,0.00000000,1760.14245457,0.10538027,100.02285733,0.01998417,0.01998418,37919,116,1
5270.35646175,5270.36781984,0.00000000,1765.73719328,0.10141895,100.11364770,0.01998414,0.01998418,37918,116,1
5270.50978148,5270.50685099,0.00000000,1772.36303274,0.10877229,100.22039499,0.01998419,0.01998418,37917,116,1
5270.63986679,5270.64588950,0.00000000,1777.98903186,0.18715549,100.31037376,0.01998416,0.01998418,37916,116,1
5270.77892041,5270.78493535,0.00000000,1784.00722616,0.18601202,100.40595363,0.01998416,0.01998418,37915,116,1
5270.92516170,5270.92398855,1790.28861885,1790.33945421,0.10661891,100.50577149,0.01998419,0.01998418,37914,116,0
5271.05864813,5271.06304910,0.00000000,1796.12734019,0.16491349,100.59633631,0.01998416,0.01998418,37913,116,1
5271.19964876,5271.20211701,0.00000000,1802.24355646,0.12287826,100.69134069,0.01998417,0.01998418,37912,116,1
5271.33051462,5271.34119226,0.00000000,1807.92430891,0.14976116,100.77893844,0.01998414,0.01998418,37911,116,1
5271.47676167,5271.48027487,0.00000000,1814.27748638,0.17613347,100.87617199,0.01998417,0.01998418,37910,116,1
5271.61582646,5271.61936483,0.00000000,1820.32331043,0.03493942,100.96798270,0.01998417,0.01998418,37909,116,1
5271.75988656,5271.75846214,1826.52798540,1826.58997998,0.14373346,101.06240709,0.01998419,0.01998418,37908,116,0
5271.90415851,5271.89756681,0.00000000,1832.87301507,0.08672866,101.15632169,0.01998421,0.01998418,37907,116,1
5272.03223415,5272.03667883,0.00000000,1838.45382743,0.13890957,101.23910472,0.01998417,0.01998418,37906,116,1
5272.16964508,5272.17579820,0.00000000,1844.44574021,0.11863693,101.32732044,0.01998416,0.01998418,37905,116,1
5272.30647528,5272.31492493,0.00000000,1850.41678493,0.11180399,101.41454344,0.01998415,0.01998418,37904,116,1
5272.45891520,5272.45405902,0.00000000,1857.07426007,0.16847904,101.51098665,0.01998420,0.01998418,37903,116,1
5272.58867352,5272.59320046,0.00000000,1862.74553487,0.12232087,101.59247213,0.01998417,0.01998418,37902,116,1
5272.73292652,5272.73234926,1869.02501933,1869.05027695,0.05658772,101.68233443,0.01998418,0.01998418,37901,116,0
5272.87283469,5272.87150542,1875.11616318,1875.17437170,0.14267486,101.76889110,0.01998419,0.01998418,37900,116,0
5273.01356601,5273.01066894,0.00000000,1881.34430573,0.16970965,101.85536721,0.01998419,0.01998418,37899,116,1
5273.14296032,5273.14983982,0.00000000,1887.01689342,0.11468023,101.93422744,0.01998416,0.01998418,37898,116,1
5273.27648336,5273.28901805,0.00000000,1892.87472152,0.16256214,102.01501409,0.01998414,0.01998418,37897,116,1
5273.42320042,5273.42820365,0.00000000,1899.31636410,0.12782609,102.10309110,0.01998416,0.01998418,37896,116,1
5273.56225284,5273.56739661,0.00000000,1905.42631060,0.13413340,102.18589597,0.01998416,0.01998418,37895,116,1
5273.75427478,nan,0.00000000,1913.87146549,1.14126522,102.29916746,0.01998489,0.01998418,37895,116,1
5273.75427478,5273.56739661,0.00000000,1913.87146549,1.14126522,102.29916746,0.01998489,0.01998418,37895,116,1
5273.98801004,5273.98501965,0.00000000,1924.16332571,0.07086325,102.43535465,0.01998420,0.01998418,37892,116,1
5274.13583318,nan,0.00000000,1930.67920037,0.23182648,102.52052327,0.01998423,0.01998418,37891,116,1
5274.25793187,5274.26347183,0.00000000,1936.06521940,0.10649496,102.59030730,0.01998416,0.01998418,37890,116,1
5274.41156423,5274.40270897,0.00000000,1942.84746799,0.18928051,102.67738803,0.01998422,0.01998418,37889,116,1
5274.54213014,5274.54195347,1948.60952601,1948.61733364,0.06432167,102.75077378,0.01998419,0.01998418,37888,116,0
5274.68498947,5274.68120533,0.00000000,1954.93251386,0.14745314,102.83036123,0.01998420,0.01998418,37887,116,1
5274.81070900,5274.82046457,0.00000000,1960.49537526,0.24995232,102.89983196,0.01998415,0.01998418,37886,116,1
5274.96015085,5274.95973117,1967.09533814,1967.11393250,0.10509209,102.98171092,0.01998419,0.01998418,37885,116,0
5275.10393031,5275.09900513,0.00000000,1973.48517505,0.13217927,103.05973404,0.01998420,0.01998419,37884,116,1
5275.23803348,5275.23828647,1979.44717316,1979.43594579,0.09563195,103.13190243,0.01998418,0.01998419,37883,116,0
5275.37813452,5275.37757517,1985.63088475,1985.65572609,0.21890390,103.20660476,0.01998419,0.01998419,37882,116,0
5275.51466302,5275.51687125,0.00000000,1991.71692700,0.12809588,103.27868603,0.01998418,0.01998419,37881,116,1
5275.65704385,5275.65617469,1998.01263321,1998.05128759,0.23637747,103.35325998,0.01998419,0.01998419,37880,116,0
nan,nan,0.00000000,-1.00000000,0.00000000,103.43417808,nan,0.00000000,-2147483648,116,1
5275.92121302,5275.93480369,0.00000000,2009.80484320,0.20728912,103.48958697,0.01998413,0.01998419,37878,116,1
5276.07678324,5276.07412925,0.00000000,2016.73742865,0.21457501,103.56874922,0.01998420,0.01998419,37877,116,1
5276.21719378,5276.21346218,0.00000000,2022.99974653,0.18284303,103.63946202,0.01998420,0.01998419,37876,116,1
5276.34558904,5276.35280248,0.00000000,2028.73058181,0.07544658,103.70351146,0.01998416,0.01998419,37875,116,1
5276.49392092,5276.49215016,0.00000000,2035.35651978,0.12773733,103.77677618,0.01998419,0.01998419,37874,116,1
5276.63337976,5276.63150521,0.00000000,2041.59124410,0.09373733,103.84494272,0.01998419,0.01998419,37873,116,1
5276.77242915,5276.77086763,0.00000000,2047.81263731,0.10375940,103.91221690,0.01998419,0.01998419,37872,116,1
5276.90058881,5276.91023743,0.00000000,2053.55120796,0.06799979,103.97360883,0.01998415,0.01998419,37871,116,1
5277.05045341,5277.04961461,2060.21412065,2060.25171712,0.12567278,104.04448853,0.01998419,0.01998419,37870,116,0
5277.19297457,5277.18899916,0.00000000,2066.65917220,0.17158287,104.11145880,0.01998420,0.01998419,37869,116,1
5277.32305664,5277.32839109,0.00000000,2072.49801364,0.13556171,104.17179677,0.01998417,0.01998419,37868,116,1
5277.47252494,5277.46779040,0.00000000,2079.21245673,0.12472333,104.24037064,0.01998421,0.01998419,37867,116,1
5277.59720227,5277.60719709,0.00000000,2084.81769229,0.25910631,104.29695058,0.01998415,0.01998419,37866,116,1
5277.74399526,5277.74661116,0.00000000,2091.42241161,0.11488367,104.36284194,0.01998418,0.01998419,37865,116,1
5277.89279675,5277.88603260,0.00000000,2098.12326527,0.10097964,104.42883268,0.01998421,0.01998419,37864,116,1
5278.03038106,5278.02546143,0.00000000,2104.32416284,0.08537779,104.48912832,0.01998421,0.01998419,37863,116,1
5278.16484876,5278.16489763,2110.37869020,2110.37648460,0.14890883,104.54726405,0.01998419,0.01998419,37862,116,0
5278.30166840,5278.30434122,0.00000000,2116.56565633,0.13666872,104.60598355,0.01998418,0.01998419,37861,116,1
nan,nan,0.00000000,-1.00000000,0.00000000,104.65693236,nan,0.00000000,-2147483648,116,1
nan,nan,0.00000000,-1.00000000,0.00000000,104.73089828,nan,0.00000000,-2147483648,116,1
5278.72182693,5278.72271628,2135.59263229,2135.55236921,0.12735999,104.78150807,0.01998418,0.01998419,37858,116,0
5278.86648930,5278.86218940,0.00000000,2142.11512003,0.06804533,104.84056035,0.01998421,0.01998419,37857,116,1
5278.99177058,5279.00166990,0.00000000,2147.79370933,0.12965241,104.89098609,0.01998415,0.01998419,37856,116,1
5279.13979264,5279.14115779,2154.55982000,2154.49786328,0.15669993,104.94971770,0.01998418,0.01998419,37855,116,0
5279.28276549,5279.28065306,0.00000000,2160.99981535,0.11202415,105.00584923,0.01998420,0.01998419,37854,116,1
5279.41105057,5279.42015572,0.00000000,2166.82897159,0.09493905,105.05547872,0.01998415,0.01998419,37853,116,1
nan,nan,0.00000000,-1.00000000,0.00000000,105.09895584,nan,0.00000000,-2147483648,116,1
5279.69554514,5279.69918321,0.00000000,2179.77203195,0.23277866,105.16333067,0.01998418,0.01998419,37851,116,1
5279.84027758,5279.83870803,0.00000000,2186.36505812,0.22692730,105.21702559,0.01998420,0.01998419,37850,116,1
5279.97359976,5279.97824024,0.00000000,2192.44336133,0.04747796,105.26578487,0.01998417,0.01998419,37849,116,1
5280.11436084,5280.11777984,0.00000000,2198.86608197,0.07346282,105.31653173,0.01998418,0.01998419,37848,116,1
5280.25699417,5280.25732683,2205.39339606,2205.37819370,0.07708302,105.36717148,0.01998419,0.01998419,37847,116,0
5280.39626746,5280.39688122,2211.77339584,2211.74532558,0.07080050,105.41589189,0.01998419,0.01998419,37846,116,0
nan,nan,0.00000000,-1.00000000,0.00000000,105.45551012,nan,0.00000000,-2147483648,116,1
5280.66273173,5280.67601215,0.00000000,2223.93932702,0.13317076,105.50701268,0.01998414,0.01998419,37844,116,1
5280.81052342,5280.81558871,0.00000000,2230.71103082,0.19143830,105.55637430,0.01998417,0.01998419,37843,116,1
5280.95486065,5280.95517266,2237.34760101,2237.33328659,0.04153159,105.60378969,0.01998419,0.01998419,37842,116,0
5281.08675340,nan,0.00000000,2243.38394708,0.12936812,105.64637165,0.01998416,0.01998419,37841,116,1
nan,nan,0.00000000,-1.00000000,0.00000000,105.69896453,nan,0.00000000,-2147483648,116,1
5281.37433576,5281.37396887,2256.58421126,2256.60108413,0.11531906,105.73692766,0.01998419,0.01998419,37839,116,0
5281.50586449,5281.51358240,0.00000000,2262.65267287,0.17580795,105.77726283,0.01998416,0.01998419,37838,116,1
5281.63908621,5281.65320332,0.00000000,2268.78790009,0.25047024,105.81743292,0.01998414,0.01998419,37837,116,1
5281.80087680,5281.79283164,0.00000000,2276.24553224,0.22212957,105.86528172,0.01998422,0.01998419,37836,116,1
5281.92112600,5281.93246735,0.00000000,2281.79313591,0.13228008,105.90017831,0.01998415,0.01998419,37835,116,1
5282.07078802,5282.07211047,2288.76200858,2288.70091993,0.11878116,105.94279934,0.01998419,0.01998419,37834,116,0
5282.21579779,5282.21176098,0.00000000,2295.40494028,0.19213403,105.98328108,0.01998421,0.01998419,37833,116,1
5282.34455935,5282.35141889,0.00000000,2301.36060030,0.03530405,106.01851505,0.01998417,0.01998419,37832,116,1
5282.49378419,5282.49108420,0.00000000,2308.26868565,0.23905350,106.05852453,0.01998420,0.01998419,37831,116,1
5282.63243011,5282.63075691,0.00000000,2314.69275951,0.06676626,106.09490274,0.01998420,0.01998419,37830,116,1
5282.77228847,5282.77043703,0.00000000,2321.17860847,0.08504851,106.13082121,0.01998420,0.01998419,37829,116,1
nan,nan,0.00000000,-1.00000000,0.00000000,106.16236719,nan,0.00000000,-2147483648,116,1
5283.05023468,5283.04981945,2334.06406781,2334.08336389,0.12789902,106.19986787,0.01998419,0.01998419,37827,116,0
5283.18753728,5283.18952177,0.00000000,2340.46880157,0.23085942,106.23284192,0.01998419,0.01998419,37826,116,1
5283.32246139,5283.32923149,0.00000000,2346.74740279,0.06340755,106.26449534,0.01998417,0.01998419,37825,116,1
5283.46559876,5283.46894862,0.00000000,2353.41399990,0.15835176,106.29727021,0.01998418,0.01998419,37824,116,1
5283.60659356,5283.60867315,0.00000000,2359.98665805,0.10914382,106.32874164,0.01998419,0.01998419,37823,116,1
5283.74785390,5283.74840508,2366.59531331,2366.56958945,0.11508880,106.35942464,0.01998419,0.01998419,37822,116,0
nan,nan,0.00000000,-1.00000000,0.00000000,106.39305056,nan,0.00000000,-2147483648,116,1
5284.01696267,5284.02789117,0.00000000,2379.14975283,0.12718401,106.41572882,0.01998415,0.01998419,37820,116,1
5284.16830674,5284.16764532,2386.19018883,2386.22114809,0.08753312,106.44603354,0.01998420,0.01998419,37819,116,0
5284.29809295,5284.30740688,0.00000000,2392.30643293,0.09911369,106.47133772,0.01998416,0.01998419,37818,116,1
5284.44264817,5284.44717585,0.00000000,2399.08063327,0.15113219,106.49866383,0.01998418,0.01998419,37817,116,1
5284.58237139,5284.58695222,0.00000000,2405.63430899,0.22511813,106.52425532,0.01998418,0.01998419,37816,116,1
nan,nan,0.00000000,-1.00000000,0.00000000,106.55202569,nan,0.00000000,-2147483648,116,1
5284.84969397,nan,0.00000000,2418.18925514,0.13918350,106.57096001,0.01998413,0.01998419,37814,116,1
5285.00675241,5285.00632581,2425.55079074,2425.57086308,0.07303948,106.59699583,0.01998420,0.01998419,37813,116,0
5285.14105827,5285.14613183,0.00000000,2431.89777240,0.16400914,106.61847235,0.01998418,0.01998419,37812,116,1
5285.28098927,5285.28594526,0.00000000,2438.49054517,0.25778048,106.64002711,0.01998418,0.01998419,37811,116,1
5285.43237038,5285.42576610,0.00000000,2445.62946145,0.14098970,106.66241881,0.01998422,0.01998419,37810,116,1
5285.56014191,5285.56559436,0.00000000,2451.66039984,0.16915215,106.68056663,0.01998417,0.01998419,37809,116,1
5285.70563217,5285.70543002,2458.51697889,2458.52653291,0.07646251,106.70037066,0.01998420,0.01998420,37808,116,0
5285.84760311,5285.84527310,0.00000000,2465.24703640,0.22690046,106.71887095,0.01998420,0.01998420,37807,116,1
5285.98143559,5285.98512360,0.00000000,2471.58115334,0.15107294,106.73550731,0.01998418,0.01998420,37806,116,1
5286.13672438,5286.12498151,0.00000000,2478.93766441,0.18704572,106.75385416,0.01998424,0.01998420,37805,116,1
5286.27813402,5286.26484684,0.00000000,2485.64313949,0.22595450,106.76966471,0.01998425,0.01998420,37804,116,1
5286.40663862,5286.40471958,0.00000000,2491.74203109,0.21075766,106.78328916,0.01998420,0.01998420,37803,116,1
5286.54322949,5286.54459974,2498.29558632,2498.23044622,0.21829462,106.79699324,0.01998419,0.01998420,37802,116,0
5286.69481437,5286.68448731,0.00000000,2505.43761204,0.12257388,106.81125994,0.01998424,0.01998420,37801,116,1
5286.82438965,5286.82438231,2511.60730094,2511.60765058,0.08000264,106.82267468,0.01998420,0.01998420,37800,116,0
5286.96222136,5286.96428472,0.00000000,2518.16929857,0.18978097,106.83400523,0.01998419,0.01998420,37799,116,1
5287.11118050,5287.10419455,0.00000000,2525.27119629,0.13863324,106.84532933,0.01998422,0.01998420,37798,116,1
5287.24746578,5287.24411180,0.00000000,2531.77495225,0.09691517,106.85484308,0.01998421,0.01998420,37797,116,1
5287.38426957,5287.38403646,2538.29978548,2538.31092267,0.14690374,106.86357891,0.01998420,0.01998420,37796,116,0
5287.52742939,5287.52396855,0.00000000,2545.15365321,0.09462992,106.87183850,0.01998421,0.01998420,37795,116,1
5287.66662160,5287.66390806,0.00000000,2551.81450847,0.11507920,106.87900781,0.01998421,0.01998420,37794,116,1
5287.81095701,5287.80385499,0.00000000,2558.72798947,0.16846446,106.88554050,0.01998422,0.01998420,37793,116,1
5287.94481300,5287.94380935,2565.09559247,2565.14372818,0.16324131,106.89077496,0.01998420,0.01998420,37792,116,0
5288.07414953,5288.08377112,0.00000000,2571.35168502,0.14168292,106.89508121,0.01998416,0.01998420,37791,116,1
5288.21819496,5288.22374032,0.00000000,2578.27003618,0.10402711,106.89900104,0.01998418,0.01998420,37790,116,1
5288.35826320,5288.36371694,0.00000000,2585.00376462,0.14100775,106.90192625,0.01998418,0.01998420,37789,116,1
5288.49949182,5288.50370099,0.00000000,2591.79968294,0.15052649,106.90398831,0.01998418,0.01998420,37788,116,1
5288.64046340,5288.64369246,0.00000000,2598.58966644,0.08328179,106.90515545,0.01998419,0.01998420,37787,116,1
5288.78792099,5288.78369135,0.00000000,2605.69895049,0.20470005,106.90542081,0.01998421,0.01998420,37786,116,1
5288.91505206,5288.92369767,0.00000000,2611.83392238,0.16087486,106.90486313,0.01998417,0.01998420,37785,116,1
5289.05993683,5289.06371142,0.00000000,2618.83206592,0.19374337,106.90333717,0.01998418,0.01998420,37784,116,1
nan,nan,0.00000000,-1.00000000,0.00000000,106.90079110,nan,0.00000000,-2147483648,116,1
5289.34401703,5289.34376119,2632.54777053,2632.56015590,0.20451982,106.89758899,0.01998420,0.01998420,37782,116,0
nan,nan,0.00000000,-1.00000000,0.00000000,106.89224371,nan,0.00000000,-2147483648,116,1
5289.62475958,5289.62384067,2646.12001024,2646.16458409,0.12456694,106.88829254,0.01998420,0.01998420,37780,116,0
5289.75960178,5289.76389156,0.00000000,2652.72395485,0.20150456,106.88252975,0.01998418,0.01998420,37779,116,1
5289.90360394,5289.90394987,2659.72110887,2659.70429506,0.17130854,106.87548210,0.01998420,0.01998420,37778,116,0
5290.04855437,5290.04401561,0.00000000,2666.76816767,0.12720569,106.86738965,0.01998422,0.01998420,37777,116,1
5290.16882815,5290.18408879,0.00000000,2672.62215203,0.11171588,106.85995114,0.01998414,0.01998420,37776,116,1
5290.31777693,5290.32416939,0.00000000,2679.87852975,0.14585731,106.84980964,0.01998418,0.01998420,37775,116,1
5290.46507289,5290.46425743,2687.00869460,2687.04848574,0.10497806,106.83878754,0.01998420,0.01998420,37774,116,0
5290.60955905,5290.60435289,0.00000000,2694.11498941,0.09046464,106.82695054,0.01998422,0.01998420,37773,116,1
5290.74568832,5290.74445579,2700.69434166,2700.75460081,0.14367947,106.81494763,0.01998420,0.01998420,37772,116,0
5290.87946718,5290.88456612,0.00000000,2707.30981898,0.15948600,106.80225995,0.01998418,0.01998420,37771,116,1
5291.02977593,5291.02468389,0.00000000,2714.66860259,0.05323998,106.78702576,0.01998422,0.01998420,37770,116,1
5291.16941437,5291.16480909,0.00000000,2721.51189942,0.03848590,106.77191791,0.01998422,0.01998420,37769,116,1
5291.30001610,5291.30494172,0.00000000,2727.91837253,0.03070525,106.75695273,0.01998418,0.01998420,37768,116,1
5291.45230183,5291.44508179,0.00000000,2735.39591744,0.15147498,106.73848063,0.01998423,0.01998420,37767,116,1
5291.58293990,5291.58522930,0.00000000,2741.81688096,0.04223687,106.72175480,0.01998419,0.01998420,37766,116,1
5291.71400870,5291.72538424,0.00000000,2748.26493939,0.28833559,106.70415519,0.01998416,0.01998420,37765,116,1
nan,nan,0.00000000,-1.00000000,0.00000000,106.68782536,nan,0.00000000,-2147483648,116,1
nan,nan,0.00000000,-1.00000000,0.00000000,106.67902961,nan,0.00000000,-2147483648,116,1
5292.00677609,5292.00571643,2762.63268318,2762.68494273,0.16576002,106.66188395,0.01998421,0.01998420,37763,116,0
5292.15226818,5292.14589369,0.00000000,2769.86885579,0.15624586,106.63932264,0.01998423,0.01998420,37762,116,1
5292.28481811,5292.28607838,2776.47269066,2776.41041661,0.09378570,106.61790967,0.01998420,0.01998420,37761,116,0
5292.42393499,5292.42627051,0.00000000,2783.29430216,0.24427960,106.59448169,0.01998419,0.01998420,37760,116,1
5292.42393499,5292.42627051,0.00000000,2783.29430216,0.24427960,106.59448169,0.01998419,0.01998420,37760,116,1
5292.57687651,5292.56647007,0.00000000,2790.86390145,0.06926326,106.56766119,0.01998424,0.01998420,37759,116,1
5292.69986633,5292.70667708,0.00000000,2796.95707713,0.25693589,106.54526629,0.01998418,0.01998420,37758,116,1
5292.85188879,5292.84689153,0.00000000,2804.49599199,0.21702857,106.51656317,0.01998422,0.01998420,37757,116,1
5292.99652673,5292.98711342,0.00000000,2811.67632218,0.01936491,106.48820256,0.01998424,0.01998420,37756,116,1
5293.13213745,5293.12734275,0.00000000,2818.41527975,0.19661304,106.46067761,0.01998422,0.01998420,37755,116,1
5293.27157127,5293.26757952,0.00000000,2825.35107320,0.15395245,106.43143096,0.01998422,0.01998420,37754,116,1
5293.39833547,5293.40782374,0.00000000,2831.66269536,0.09676623,106.40400730,0.01998417,0.01998420,37753,116,1
5293.53952450,5293.54807540,0.00000000,2838.69933408,0.21461317,106.37252470,0.01998417,0.01998420,37752,116,1
5293.68366649,5293.68833450,0.00000000,2845.89056076,0.17036727,106.33936058,0.01998419,0.01998420,37751,116,1
nan,nan,0.00000000,-1.00000000,0.00000000,106.30076149,nan,0.00000000,-2147483648,116,1
5293.96884371,5293.96887504,2860.14567891,2860.14411180,0.07671614,106.27066973,0.01998420,0.01998420,37749,116,0
5294.10534150,5294.10915647,0.00000000,2866.97112677,0.09010395,106.23637671,0.01998419,0.01998420,37748,116,1
5294.24834363,5294.24944535,2874.19576669,2874.14054167,0.12988054,106.19939312,0.01998420,0.01998420,37747,116,0
5294.39032052,5294.38974168,2881.23168929,2881.26073223,0.17811909,106.16167934,0.01998421,0.01998420,37746,116,0
5294.52126088,5294.53004545,0.00000000,2887.82757468,0.13442455,106.12602717,0.01998417,0.01998420,37745,116,1
5294.66661661,5294.67035668,0.00000000,2895.13150658,0.07248711,106.08539344,0.01998419,0.01998420,37744,116,1
5294.80962411,5294.81067534,2902.38226047,2902.32936228,0.15204950,106.04434037,0.01998420,0.01998420,37743,116,0
5294.95694485,5294.95100146,0.00000000,2909.74353665,0.18819432,106.00100588,0.01998423,0.01998420,37742,116,1
5294.95694485,5294.95100146,0.00000000,2909.74353665,0.18819432,106.00100588,0.01998423,0.01998420,37742,116,1
5295.08279351,5295.09133503,0.00000000,2916.08715675,0.20314318,105.96308467,0.01998417,0.01998420,37741,116,1
5295.23436837,5295.23167604,0.00000000,2923.73540390,0.20112125,105.91632986,0.01998421,0.01998420,37740,116,1
5295.36597272,5295.37202451,0.00000000,2930.38295006,0.18429016,105.87477366,0.01998418,0.01998420,37739,116,1
5295.53745053,5295.51238042,0.00000000,2939.05433850,0.26259415,105.81928144,0.01998430,0.01998420,37738,116,1
5295.65304975,5295.65274379,2944.89068066,2944.90617597,0.15942016,105.78101123,0.01998421,0.01998420,37737,116,0
5295.79732022,5295.79311461,0.00000000,2952.21674393,0.10422650,105.73227096,0.01998422,0.01998420,37736,116,1
5295.94358645,5295.93349288,0.00000000,2959.63639747,0.23120082,105.68174699,0.01998424,0.01998421,37735,116,1
5295.94358645,5295.93349288,0.00000000,2959.63639747,0.23120082,105.68174699,0.01998424,0.01998421,37735,116,1
5296.07480410,5296.07387860,2966.25118527,2966.29819884,0.15294851,105.63547692,0.01998421,0.01998421,37734,116,0
5296.20757979,5296.21427178,0.00000000,2973.04864600,0.22198500,105.58771613,0.01998418,0.01998421,37733,116,1
5296.36170142,5296.35467241,0.00000000,2980.89117273,0.18359504,105.53112266,0.01998423,0.01998421,37732,116,1
5296.47543254,5296.49508049,0.00000000,2986.68427267,0.08209664,105.48855500,0.01998413,0.01998421,37731,116,1
5296.47543254,nan,0.00000000,2986.68427267,0.08209664,105.48855500,0.01998413,0.01998421,37731,116,1
5296.63088697,5296.63549603,0.00000000,2994.61069708,0.11514099,105.42926093,0.01998419,0.01998421,37730,116,1
5296.76684400,5296.77591902,0.00000000,3001.55063948,0.12076342,105.37634948,0.01998417,0.01998421,37729,116,1
5296.92764050,5296.91634947,0.00000000,3009.76778229,0.03803004,105.31249716,0.01998425,0.01998421,37728,116,1
5296.92764050,5296.91634947,0.00000000,3009.76778229,0.03803004,105.31249716,0.01998425,0.01998421,37728,116,1
5297.05684612,5297.05678737,3016.36947263,3016.37247976,0.21540235,105.26022888,0.01998421,0.01998421,37727,116,0
5297.18220255,5297.19723274,0.00000000,3022.79722280,0.07088458,105.20857613,0.01998415,0.01998421,37726,116,1
5297.34341695,5297.33768556,0.00000000,3031.06191204,0.09083957,105.14095826,0.01998423,0.01998421,37725,116,1
5297.49743906,5297.47814583,0.00000000,3038.96744170,0.04288110,105.07504430,0.01998428,0.01998421,37724,116,1
5297.68795265,5297.47814583,0.00000000,3048.75894745,0.11069842,104.99173232,0.01998500,0.01998421,37724,116,1
5297.90211690,5297.89957142,0.00000000,3059.78318605,0.19537843,104.89571579,0.01998422,0.01998421,37721,116,1
5298.03302895,5298.04006153,0.00000000,3066.53096845,0.10607262,104.83578765,0.01998418,0.01998421,37720,116,1
5298.18261862,5298.18055910,0.00000000,3074.24987304,0.25859465,104.76615687,0.01998422,0.01998421,37719,116,1
5298.32533904,5298.32106414,0.00000000,3081.62269661,0.11591900,104.69857402,0.01998422,0.01998421,37718,116,1
5298.45384130,5298.46157664,0.00000000,3088.26804137,0.18003798,104.63676051,0.01998418,0.01998421,37717,116,1
5298.60162860,5298.60209660,3095.95010396,3095.92586160,0.04199749,104.56447215,0.01998421,0.01998421,37716,116,0
5298.72343150,5298.74262402,0.00000000,3102.23129761,0.24839920,104.50410045,0.01998414,0.01998421,37715,116,1
5298.88367310,5298.88315890,3110.52337916,3110.55006783,0.28781798,104.42327820,0.01998421,0.01998421,37714,116,0
5299.02756660,5299.02370125,0.00000000,3118.01928679,0.09001073,104.34957222,0.01998422,0.01998421,37713,116,1
5299.15290426,5299.16425106,0.00000000,3124.53671657,0.25935823,104.28437912,0.01998417,0.01998421,37712,116,1
5299.29548355,5299.30480834,0.00000000,3131.95854585,0.23056992,104.20914155,0.01998417,0.01998421,37711,116,1
nan,nan,0.00000000,-1.00000000,0.00000000,104.11604971,nan,0.00000000,-2147483648,116,1
5299.58847559,5299.58594529,0.00000000,3147.23632013,0.16106232,104.05092108,0.01998422,0.01998421,37709,116,1
5299.73554690,5299.72652497,0.00000000,3154.91863270,0.11828489,103.96966031,0.01998424,0.01998421,37708,116,1
5299.86888491,5299.86711211,0.00000000,3161.89137583,0.07570577,103.89491994,0.01998422,0.01998421,37707,116,1
5300.02000213,5300.00770672,0.00000000,3169.80285277,0.17252501,103.80898218,0.01998426,0.01998421,37706,116,1
5300.02000213,5300.00770672,0.00000000,3169.80285277,0.17252501,103.80898218,0.01998426,0.01998421,37706,116,1
5300.15392340,5300.14830880,0.00000000,3176.82207858,0.24072866,103.73172627,0.01998423,0.01998421,37705,116,1
5300.28992032,5300.28891834,3183.90663162,3183.95923191,0.30357407,103.65219866,0.01998421,0.01998421,37704,116,0
5300.43568253,5300.42953536,0.00000000,3191.61463975,0.11571326,103.56580500,0.01998423,0.01998421,37703,116,1
nan,nan,0.00000000,-1.00000000,0.00000000,103.50435286,nan,0.00000000,-2147483648,116,1
nan,nan,0.00000000,-1.00000000,0.00000000,103.48138862,nan,0.00000000,-2147483648,116,1
nan,nan,0.00000000,-1.00000000,0.00000000,103.38876098,nan,0.00000000,-2147483648,116,1
5300.84566662,5300.85143122,0.00000000,3213.19932189,0.19366747,103.31613448,0.01998419,0.01998421,37700,116,1
5300.99600897,5300.99207812,0.00000000,3221.13249881,0.16894015,103.22211561,0.01998423,0.01998421,37699,116,1
5301.10851411,5301.13273249,0.00000000,3227.07546221,0.30362197,103.15088928,0.01998412,0.01998421,37698,116,1
5301.28634442,5301.27339433,0.00000000,3236.48029989,0.38137250,103.03678254,0.01998426,0.01998421,37697,116,1
5301.28634442,5301.27339433,0.00000000,3236.48029989,0.38137250,103.03678254,0.01998426,0.01998421,37697,116,1
5301.41746684,5301.41406364,0.00000000,3243.42369000,0.14503045,102.95144711,0.01998422,0.01998421,37696,116,1
5301.55590510,5301.55474043,3250.70167801,3250.76344706,0.14523595,102.86023108,0.01998422,0.01998421,37695,116,0
5301.68211133,5301.69542469,0.00000000,3257.46033148,0.22648319,102.77609967,0.01998416,0.01998421,37694,116,1
5301.85011056,5301.83611642,0.00000000,3266.38683803,0.08277789,102.66261587,0.01998426,0.01998421,37693,116,1
5301.98408893,5301.97681563,0.00000000,3273.51456134,0.11351381,102.57089914,0.01998424,0.01998421,37692,116,1
5302.11812575,5302.11752232,3280.61931580,3280.65147151,0.11894866,102.47808473,0.01998421,0.01998421,37691,116,0
5302.24837431,5302.25823648,0.00000000,3287.59792427,0.14869243,102.38680609,0.01998417,0.01998421,37690,116,1
5302.40940569,5302.39895812,0.00000000,3296.19423080,0.04412411,102.27256275,0.01998425,0.01998421,37689,116,1
5302.53743368,5302.53968723,0.00000000,3303.03697063,0.13842587,102.18060802,0.01998420,0.01998421,37688,116,1
5302.68390380,5302.68042382,0.00000000,3310.87438396,0.07900178,102.07418029,0.01998423,0.01998421,37687,116,1
5302.83005720,5302.82116789,0.00000000,3318.70445068,0.14907987,101.96667292,0.01998425,0.01998421,37686,116,1
nan,nan,0.00000000,-1.00000000,0.00000000,101.85148860,nan,0.00000000,-2147483648,116,1
5303.09738084,5303.10267847,0.00000000,3333.05106061,0.16052088,101.76663483,0.01998419,0.01998421,37684,116,1
5303.24507924,5303.24344498,0.00000000,3340.99156822,0.07300725,101.65421784,0.01998422,0.01998421,37683,116,1
5303.37140727,5303.38421897,0.00000000,3347.79105250,0.18530809,101.55699183,0.01998416,0.01998421,37682,116,1
5303.37140727,5303.38421897,0.00000000,3347.79105250,0.18530809,101.55699183,0.01998416,0.01998421,37682,116,1
5303.52615568,5303.52500043,3356.06447458,3356.12676587,0.23741479,101.43658728,0.01998422,0.01998421,37681,116,0
nan,nan,0.00000000,-1.00000000,0.00000000,101.32163724,nan,0.00000000,-2147483648,116,1
nan,nan,0.00000000,-1.00000000,0.00000000,101.29224740,nan,0.00000000,-2147483648,116,1
5303.81245107,5303.80658582,0.00000000,3371.58714679,0.11123396,101.20973767,0.01998424,0.01998421,37679,116,1
nan,nan,0.00000000,-1.00000000,0.00000000,101.09934108,nan,0.00000000,-2147483648,116,1
nan,nan,0.00000000,-1.00000000,0.00000000,101.05436340,nan,0.00000000,-2147483648,116,1
nan,nan,0.00000000,-1.00000000,0.00000000,100.97901666,nan,0.00000000,-2147483648,116,1
5304.20734651,5304.22902001,0.00000000,3392.96962585,0.32792652,100.88842975,0.01998413,0.01998421,37676,116,1
5304.37183382,5304.36984637,0.00000000,3401.89759848,0.19016021,100.75167462,0.01998422,0.01998421,37675,116,1
5304.51350834,5304.51068022,0.00000000,3409.59752087,0.26703601,100.63250179,0.01998422,0.01998421,37674,116,1
5304.64221086,5304.65152156,0.00000000,3416.60061537,0.12409794,100.52312610,0.01998418,0.01998421,37673,116,1
5304.80797209,5304.79237038,0.00000000,3425.63172349,0.17235959,100.38068760,0.01998427,0.01998421,37672,116,1
5304.80797209,5304.79237038,0.00000000,3425.63172349,0.17235959,100.38068760,0.01998427,0.01998421,37672,116,1
5304.92104068,5304.93322668,0.00000000,3431.79947526,0.08403576,100.28251095,0.01998417,0.01998421,37671,116,1
5305.07414869,5305.07409048,3440.16230917,3440.16549043,0.07018198,100.14817712,0.01998421,0.01998421,37670,116,0
5305.20768139,5305.21496176,0.00000000,3447.46268551,0.05145610,100.02990975,0.01998419,0.01998421,37669,116,1
5305.34258389,5305.35584052,0.00000000,3454.84792590,0.21426560,99.90917614,0.01998416,0.01998421,37668,116,1
5305.48536455,5305.49672678,0.00000000,3462.67400140,0.30525294,99.78009501,0.01998417,0.01998421,37667,116,1
5305.48536455,5305.49672678,0.00000000,3462.67400140,0.30525294,99.78009501,0.01998417,0.01998421,37667,116,1
5305.48536455,5305.49672678,0.00000000,3462.67400140,0.30525294,99.78009501,0.01998417,0.01998421,37667,116,1
5305.62739209,5305.63762053,0.00000000,3470.46857175,0.00050553,99.65036699,0.01998418,0.01998421,37666,116,1
nan,nan,0.00000000,-1.00000000,0.00000000,99.62474202,nan,0.00000000,-2147483648,116,1
5305.78363511,5305.77852176,0.00000000,3479.05460396,0.30934521,99.50611915,0.01998423,0.01998421,37665,116,1
5305.78363511,5305.77852176,0.00000000,3479.05460396,0.30934521,99.50611915,0.01998423,0.01998421,37665,116,1
5305.93775728,5305.91943048,0.00000000,3487.53574100,0.22333680,99.36224733,0.01998428,0.01998421,37664,116,1
nan,nan,0.00000000,-1.00000000,0.00000000,99.21728851,nan,0.00000000,-2147483648,116,1
5306.19766585,5306.20127040,0.00000000,3501.86451136,0.19622858,99.11604853,0.01998420,0.01998422,37662,116,1
5306.19766585,5306.20127040,0.00000000,3501.86451136,0.19622858,99.11604853,0.01998420,0.01998422,37662,116,1
5306.34700802,5306.34220160,0.00000000,3510.11279299,0.20050310,98.97254301,0.01998423,0.01998422,37661,116,1
5306.34700802,5306.34220160,0.00000000,3510.11279299,0.20050310,98.97254301,0.01998423,0.01998422,37661,116,1
5306.48943138,5306.48314029,0.00000000,3517.98922236,0.35454503,98.83429172,0.01998424,0.01998422,37660,116,1
5306.48943138,nan,0.00000000,3517.98922236,0.35454503,98.83429172,0.01998424,0.01998422,37660,116,1
nan,nan,0.00000000,-1.00000000,0.00000000,98.71023628,nan,0.00000000,-2147483648,116,1
5306.74685278,5306.76504015,0.00000000,3532.25096740,0.04067106,98.58094151,0.01998415,0.01998422,37658,116,1
5306.74685278,5306.76504015,0.00000000,3532.25096740,0.04067106,98.58094151,0.01998415,0.01998422,37658,116,1
5306.90801834,5306.90600131,0.00000000,3541.19677126,0.14491726,98.42003981,0.01998422,0.01998422,37657,116,1
5307.03185665,5307.04696998,0.00000000,3548.07951770,0.22165667,98.29520318,0.01998416,0.01998422,37656,116,1
5307.03185665,5307.04696998,0.00000000,3548.07951770,0.22165667,98.29520318,0.01998416,0.01998422,37656,116,1
5307.18629581,5307.18794613,0.00000000,3556.67384952,0.16070007,98.13805095,0.01998421,0.01998422,37655,116,1
5307.18629581,5307.18794613,0.00000000,3556.67384952,0.16070007,98.13805095,0.01998421,0.01998422,37655,116,1
5307.33599188,5307.32892979,0.00000000,3565.01575939,0.36401212,97.98416416,0.01998424,0.01998422,37654,116,1
5307.46744528,5307.46992093,0.00000000,3572.35047789,0.15853608,97.84775879,0.01998421,0.01998422,37653,116,1
5307.61252476,5307.61091958,0.00000000,3580.45572913,0.16523814,97.69582818,0.01998422,0.01998422,37652,116,1
5307.73323882,5307.75192572,0.00000000,3587.20795849,0.45286532,97.56830142,0.01998415,0.01998422,37651,116,1
5307.89220940,5307.89293936,3596.14928890,3596.10837018,0.05241769,97.39887250,0.01998421,0.01998422,37650,116,0
5308.04244960,5308.03396049,0.00000000,3604.53812053,0.14007292,97.23700850,0.01998425,0.01998422,37649,116,1
5308.04244960,5308.03396049,0.00000000,3604.53812053,0.14007292,97.23700850,0.01998425,0.01998422,37649,116,1
5308.15943676,5308.17498913,0.00000000,3611.10773767,0.10176346,97.10992138,0.01998416,0.01998422,37648,116,1
5308.15943676,5308.17498913,0.00000000,3611.10773767,0.10176346,97.10992138,0.01998416,0.01998422,37648,116,1
nan,nan,0.00000000,-1.00000000,0.00000000,96.99523681,nan,0.00000000,-2147483648,116,1
5308.32297792,nan,0.00000000,3620.30361595,0.13346114,96.93064673,0.01998424,0.01998422,37647,116,1
5308.44825205,5308.45706890,0.00000000,3627.35720047,0.16429006,96.79204291,0.01998418,0.01998422,37646,116,1
5308.59950087,5308.59812003,3635.79850567,3635.87639031,0.17547477,96.62337445,0.01998422,0.01998422,37645,116,0
5308.59950087,5308.59812003,3635.79850567,3635.87639031,0.17547477,96.62337445,0.01998422,0.01998422,37645,116,0
5308.74291082,nan,0.00000000,3643.98052527,0.14672403,96.46163895,0.01998423,0.01998422,37644,116,1
nan,nan,0.00000000,-1.00000000,0.00000000,96.36083652,nan,0.00000000,-2147483648,116,1
5308.87557665,5308.88024480,0.00000000,3651.47990596,0.03280391,96.31085712,0.01998420,0.01998422,37643,116,1
nan,nan,0.00000000,-1.00000000,0.00000000,96.11790284,nan,0.00000000,-2147483648,116,1
5309.14959008,5309.16239958,0.00000000,3666.99905803,0.31415764,95.99542622,0.01998417,0.01998422,37641,116,1
nan,nan,0.00000000,-1.00000000,0.00000000,95.83101217,nan,0.00000000,-2147483648,116,1
5309.45950104,5309.44458436,0.00000000,3684.59975735,0.13341605,95.63213440,0.01998427,0.01998422,37639,116,1
5309.45950104,5309.44458436,0.00000000,3684.59975735,0.13341605,95.63213440,0.01998427,0.01998422,37639,116,1
5309.58655823,5309.58568801,3691.78584812,3691.83540731,0.26759430,95.48107394,0.01998422,0.01998422,37638,116,0
5309.75160914,5309.72679917,0.00000000,3701.23685146,0.10358539,95.28330887,0.01998431,0.01998422,37637,116,1
5309.75160914,5309.72679917,0.00000000,3701.23685146,0.10358539,95.28330887,0.01998431,0.01998422,37637,116,1
5309.87750667,5309.86791782,0.00000000,3708.42168340,0.20729891,95.13103756,0.01998426,0.01998422,37636,116,1
5310.00104190,5310.00904399,0.00000000,3715.48012216,0.10850213,94.98048852,0.01998419,0.01998422,37635,116,1
5310.13830302,5310.15017766,0.00000000,3723.33263649,0.21973374,94.81188904,0.01998417,0.01998422,37634,116,1
5310.13830302,5310.15017766,0.00000000,3723.33263649,0.21973374,94.81188904,0.01998417,0.01998422,37634,116,1
5310.28230081,5310.29131883,0.00000000,3731.58169934,0.15596800,94.63351236,0.01998419,0.01998422,37633,116,1
5310.28230081,5310.29131883,0.00000000,3731.58169934,0.15596800,94.63351236,0.01998419,0.01998422,37633,116,1
nan,nan,0.00000000,-1.00000000,0.00000000,94.47199510,nan,0.00000000,-2147483648,116,1
5310.55145918,5310.57362371,0.00000000,3747.03150277,0.16807257,94.29594741,0.01998414,0.01998422,37631,116,1
5310.55145918,5310.57362371,0.00000000,3747.03150277,0.16807257,94.29594741,0.01998414,0.01998422,37631,116,1
5310.73056246,5310.71478741,0.00000000,3757.33446392,0.31087929,94.06831542,0.01998428,0.01998422,37630,116,1
5310.73056246,5310.71478741,0.00000000,3757.33446392,0.31087929,94.06831542,0.01998428,0.01998422,37630,116,1
nan,nan,0.00000000,-1.00000000,0.00000000,93.89764599,nan,0.00000000,-2147483648,116,1
nan,nan,0.00000000,-1.00000000,0.00000000,93.85293339,nan,0.00000000,-2147483648,116,1
nan,nan,0.00000000,-1.00000000,0.00000000,93.74081959,nan,0.00000000,-2147483648,116,1
nan,nan,0.00000000,-1.00000000,0.00000000,93.69584115,nan,0.00000000,-2147483648,116,1
nan,nan,0.00000000,-1.00000000,0.00000000,93.53781864,nan,0.00000000,-2147483648,116,1
nan,nan,0.00000000,-1.00000000,0.00000000,93.33328025,nan,0.00000000,-2147483648,116,1
nan,nan,0.00000000,-1.00000000,0.00000000,93.28761854,nan,0.00000000,-2147483648,116,1
5311.42477603,5311.42071854,0.00000000,3797.44001678,0.16486158,93.16303435,0.01998424,0.01998422,37625,116,1
nan,nan,0.00000000,-1.00000000,0.00000000,93.05817168,nan,0.00000000,-2147483648,116,1
nan,nan,0.00000000,-1.00000000,0.00000000,92.96586182,nan,0.00000000,-2147483648,116,1
nan,nan,0.00000000,-1.00000000,0.00000000,92.91959311,nan,0.00000000,-2147483648,116,1
nan,nan,0.00000000,-1.00000000,0.00000000,92.85004782,nan,0.00000000,-2147483648,116,1
nan,nan,0.00000000,-1.00000000,0.00000000,92.80358950,nan,0.00000000,-2147483648,116,1
5311.84101657,5311.84436736,0.00000000,3821.61858864,0.17284683,92.60251940,0.01998421,0.01998422,37622,116,1
5312.00618614,5311.98559865,0.00000000,3831.24070128,0.01733726,92.37637399,0.01998430,0.01998422,37621,116,1
5312.00618614,nan,0.00000000,3831.24070128,0.01733726,92.37637399,0.01998430,0.01998422,37621,116,1
5312.10705011,5312.12683746,0.00000000,3837.12443525,0.10475082,92.23722617,0.01998415,0.01998422,37620,116,1
5312.23226473,nan,0.00000000,3844.43689283,0.47366811,92.06337569,0.01998462,0.01998422,37620,116,1
5312.23226473,nan,0.00000000,3844.43689283,0.47366811,92.06337569,0.01998462,0.01998422,37620,116,1
5312.40482035,5312.40933763,0.00000000,3854.52910340,0.22151301,91.82177464,0.01998420,0.01998422,37618,116,1
5312.52650829,5312.55059898,0.00000000,3861.65677651,0.07732708,91.64998092,0.01998413,0.01998422,37617,116,1
nan,nan,0.00000000,-1.00000000,0.00000000,91.54482753,nan,0.00000000,-2147483648,116,1
5312.67927576,5312.69186785,0.00000000,3870.61728669,0.07657072,91.43264738,0.01998417,0.01998422,37616,116,1
5312.85261639,5312.83314423,0.00000000,3880.80130705,0.09519397,91.18379379,0.01998430,0.01998422,37615,116,1
5312.85261639,5312.83314423,0.00000000,3880.80130705,0.09519397,91.18379379,0.01998430,0.01998422,37615,116,1
nan,nan,0.00000000,-1.00000000,0.00000000,91.05600389,nan,0.00000000,-2147483648,116,1
nan,nan,0.00000000,-1.00000000,0.00000000,91.00670544,nan,0.00000000,-2147483648,116,1
nan,nan,0.00000000,-1.00000000,0.00000000,90.93261598,nan,0.00000000,-2147483648,116,1
nan,nan,0.00000000,-1.00000000,0.00000000,90.80875545,nan,0.00000000,-2147483648,116,1
nan,nan,0.00000000,-1.00000000,0.00000000,90.75907892,nan,0.00000000,-2147483648,116,1
nan,nan,0.00000000,-1.00000000,0.00000000,90.63455688,nan,0.00000000,-2147483648,116,1
nan,nan,0.00000000,-1.00000000,0.00000000,90.58461578,nan,0.00000000,-2147483648,116,1
nan,nan,0.00000000,-1.00000000,0.00000000,90.48450686,nan,0.00000000,-2147483648,116,1
nan,nan,0.00000000,-1.00000000,0.00000000,90.35894565,nan,0.00000000,-2147483648,116,1
nan,nan,0.00000000,-1.00000000,0.00000000,90.30858895,nan,0.00000000,-2147483648,116,1
5313.55259662,5313.53963892,0.00000000,3922.10980882,0.17912158,90.15428614,0.01998427,0.01998422,37610,116,1
5313.55259662,5313.53963892,0.00000000,3922.10980882,0.17912158,90.15428614,0.01998427,0.01998422,37610,116,1
nan,nan,0.00000000,-1.00000000,0.00000000,89.92850603,nan,0.00000000,-2147483648,116,1
nan,nan,0.00000000,-1.00000000,0.00000000,89.85197973,nan,0.00000000,-2147483648,116,1
5313.84964840,5313.82228943,0.00000000,3939.73001204,0.23530773,89.70534215,0.01998433,0.01998422,37608,116,1
5313.84964840,5313.82228943,0.00000000,3939.73001204,0.23530773,89.70534215,0.01998433,0.01998422,37608,116,1
5313.96642710,5313.96362597,0.00000000,3946.67183163,0.11119957,89.52686313,0.01998423,0.01998422,37607,116,1
nan,nan,0.00000000,-1.00000000,0.00000000,89.38925557,nan,0.00000000,-2147483648,116,1
nan,nan,0.00000000,-1.00000000,0.00000000,89.33746450,nan,0.00000000,-2147483648,116,1
nan,nan,0.00000000,-1.00000000,0.00000000,89.28559800,nan,0.00000000,-2147483648,116,1
nan,nan,0.00000000,-1.00000000,0.00000000,89.23365607,nan,0.00000000,-2147483648,116,1
nan,nan,0.00000000,-1.00000000,0.00000000,89.07737778,nan,0.00000000,-2147483648,116,1
nan,nan,0.00000000,-1.00000000,0.00000000,88.99898414,nan,0.00000000,-2147483648,116,1
5314.39272368,5314.38768070,0.00000000,3972.08454081,0.23810186,88.86573154,0.01998424,0.01998422,37604,116,1
5314.39272368,5314.38768070,0.00000000,3972.08454081,0.23810186,88.86573154,0.01998424,0.01998422,37604,116,1
5314.53860838,5314.52904732,0.00000000,3980.80721907,0.16842873,88.63599810,0.01998426,0.01998422,37603,116,1
5314.53860838,5314.52904732,0.00000000,3980.80721907,0.16842873,88.63599810,0.01998426,0.01998422,37603,116,1
5314.63626686,nan,0.00000000,3986.65386204,0.03125611,88.48120986,0.01998463,0.01998422,37603,116,1
nan,nan,0.00000000,-1.00000000,0.00000000,88.33910887,nan,0.00000000,-2147483648,116,1
5314.81224188,5314.81180313,3997.19073458,3997.21705875,0.18605403,88.19992000,0.01998423,0.01998422,37601,116,0
5314.95959726,5314.95319233,0.00000000,4006.05419677,0.15918303,87.96298002,0.01998425,0.01998422,37600,116,1
5314.95959726,5314.95319233,0.00000000,4006.05419677,0.15918303,87.96298002,0.01998425,0.01998422,37600,116,1
5314.95959726,5314.95319233,0.00000000,4006.05419677,0.15918303,87.96298002,0.01998425,0.01998422,37600,116,1
5315.08698161,5315.09458904,0.00000000,4013.71574884,0.37108906,87.75637029,0.01998420,0.01998422,37599,116,1
5315.21813354,5315.23599329,0.00000000,4021.61477172,0.24819130,87.54220055,0.01998416,0.01998422,37598,116,1
nan,nan,0.00000000,-1.00000000,0.00000000,87.36821736,nan,0.00000000,-2147483648,116,1
nan,nan,0.00000000,-1.00000000,0.00000000,87.23144340,nan,0.00000000,-2147483648,116,1
nan,nan,0.00000000,-1.00000000,0.00000000,87.14915347,nan,0.00000000,-2147483648,116,1
5315.51755558,5315.51882435,0.00000000,4039.68994846,0.27370973,87.04770628,0.01998422,0.01998422,37596,116,1
5315.68811944,5315.66025117,0.00000000,4050.01237787,0.14634062,86.76255446,0.01998433,0.01998422,37595,116,1
5315.83912918,5315.66025117,0.00000000,4059.16727119,0.26874050,86.50798057,0.01998490,0.01998422,37595,116,1
5315.83912918,5315.66025117,0.00000000,4059.16727119,0.26874050,86.50798057,0.01998490,0.01998422,37595,116,1
nan,nan,0.00000000,-1.00000000,0.00000000,86.28892350,nan,0.00000000,-2147483648,116,1
nan,nan,0.00000000,-1.00000000,0.00000000,86.12034325,nan,0.00000000,-2147483648,116,1
5316.20502791,5316.22603374,0.00000000,4081.41197975,0.05292227,85.88285694,0.01998415,0.01998423,37591,116,1
5316.20502791,5316.22603374,0.00000000,4081.41197975,0.05292227,85.88285694,0.01998415,0.01998423,37591,116,1
nan,nan,0.00000000,-1.00000000,0.00000000,85.61055018,nan,0.00000000,-2147483648,116,1
5286.17470092,nan,0.00000000,568.00000000,nan,103.50242423,0.01998491,0.01998420,37806,115,1
nan,nan,0.00000000,-1.00000000,0.00000000,103.84390176,nan,0.00000000,-2147483648,115,1
nan,nan,0.00000000,-1.00000000,0.00000000,103.91959866,nan,0.00000000,-2147483648,115,1
5286.69551588,5286.68448731,0.00000000,587.49220492,0.12325271,104.24025740,0.01998424,0.01998420,37801,115,1
5286.69551588,5286.68448731,0.00000000,587.49220492,0.12325271,104.24025740,0.01998424,0.01998420,37801,115,1
5286.96261297,5286.96428472,597.56529979,597.50261194,0.44464327,104.61666493,0.01998419,0.01998420,37799,115,0
5286.96261297,5286.96428472,597.56529979,597.50261194,0.44464327,104.61666493,0.01998419,0.01998420,37799,115,0
nan,nan,0.00000000,-1.00000000,0.00000000,104.78521780,nan,0.00000000,-2147483648,115,1
nan,nan,0.00000000,-1.00000000,0.00000000,104.86006283,nan,0.00000000,-2147483648,115,1
nan,nan,0.00000000,-1.00000000,0.00000000,105.15875999,nan,0.00000000,-2147483648,115,1
nan,nan,0.00000000,-1.00000000,0.00000000,105.27048954,nan,0.00000000,-2147483648,115,1
5287.66227499,5287.66390806,623.83716314,623.77574468,0.24223543,105.59644266,0.01998419,0.01998420,37794,115,0
nan,nan,0.00000000,-1.00000000,0.00000000,105.78985877,nan,0.00000000,-2147483648,115,1
5287.98701162,nan,0.00000000,636.00100065,211.23372751,106.04832179,0.01998489,0.01998420,37793,115,1
5288.06891996,5288.08377112,0.00000000,639.08586519,0.23574135,106.16194220,0.01998414,0.01998420,37791,115,1
5288.23236742,5288.22374032,0.00000000,645.24469366,0.27711636,106.38829325,0.01998423,0.01998420,37790,115,1
5288.23236742,5288.22374032,0.00000000,645.24469366,0.27711636,106.38829325,0.01998423,0.01998420,37790,115,1
nan,nan,0.00000000,-1.00000000,0.00000000,106.74549048,nan,0.00000000,-2147483648,115,1
nan,nan,0.00000000,-1.00000000,0.00000000,106.81851987,nan,0.00000000,-2147483648,115,1
nan,nan,0.00000000,-1.00000000,0.00000000,106.92793502,nan,0.00000000,-2147483648,115,1
nan,nan,0.00000000,-1.00000000,0.00000000,107.00079246,nan,0.00000000,-2147483648,115,1
nan,nan,0.00000000,-1.00000000,0.00000000,107.10994958,nan,0.00000000,-2147483648,115,1
nan,nan,0.00000000,-1.00000000,0.00000000,107.40027783,nan,0.00000000,-2147483648,115,1
nan,nan,0.00000000,-1.00000000,0.00000000,107.54502855,nan,0.00000000,-2147483648,115,1
5289.21816510,5289.20373259,0.00000000,682.47566758,0.05510672,107.74273302,0.01998425,0.01998420,37783,115,1
5289.35572419,nan,0.00000000,687.68261713,0.10354717,107.93025541,0.01998424,0.01998420,37782,115,1
5289.48819326,5289.48379722,0.00000000,692.69962114,0.15301740,108.11049442,0.01998422,0.01998420,37781,115,1
nan,nan,0.00000000,-1.00000000,0.00000000,108.30044155,nan,0.00000000,-2147483648,115,1
5289.74706766,5289.76389156,0.00000000,702.51171148,0.19932231,108.46174301,0.01998414,0.01998420,37779,115,1
nan,nan,0.00000000,-1.00000000,0.00000000,108.65748415,nan,0.00000000,-2147483648,115,1
5290.04491694,5290.04401561,713.77451322,713.80873961,0.16675656,108.86408640,0.01998420,0.01998420,37777,115,0
5290.04491694,5290.04401561,713.77451322,713.80873961,0.16675656,108.86408640,0.01998420,0.01998420,37777,115,0
nan,nan,0.00000000,-1.00000000,0.00000000,109.18980226,nan,0.00000000,-2147483648,115,1
nan,nan,0.00000000,-1.00000000,0.00000000,109.26048338,nan,0.00000000,-2147483648,115,1
nan,nan,0.00000000,-1.00000000,0.00000000,109.40163747,nan,0.00000000,-2147483648,115,1
nan,nan,0.00000000,-1.00000000,0.00000000,109.61284795,nan,0.00000000,-2147483648,115,1
nan,nan,0.00000000,-1.00000000,0.00000000,109.71821877,nan,0.00000000,-2147483648,115,1
5290.88149713,5290.88456612,0.00000000,745.63135589,0.44257417,109.98555460,0.01998419,0.01998420,37771,115,1
5291.01288305,5291.02468389,0.00000000,750.63820043,0.19694323,110.16040041,0.01998416,0.01998420,37770,115,1
5291.18487249,5291.16480909,0.00000000,757.19642329,0.11842220,110.38876251,0.01998428,0.01998420,37769,115,1
5291.18487249,5291.16480909,0.00000000,757.19642329,0.11842220,110.38876251,0.01998428,0.01998420,37769,115,1
nan,nan,0.00000000,-1.00000000,0.00000000,110.69413175,nan,0.00000000,-2147483648,115,1
5291.59199699,5291.58522930,0.00000000,772.73912462,0.23414234,110.92697844,0.01998423,0.01998420,37766,115,1
5291.73700185,5291.72538424,0.00000000,778.28121638,0.11365650,111.11787210,0.01998425,0.01998420,37765,115,1
5291.87052287,5291.86554662,0.00000000,783.38731824,0.25272295,111.29327371,0.01998422,0.01998420,37764,115,1
nan,nan,0.00000000,-1.00000000,0.00000000,111.41709914,nan,0.00000000,-2147483648,115,1
nan,nan,0.00000000,-1.00000000,0.00000000,111.48555146,nan,0.00000000,-2147483648,115,1
nan,nan,0.00000000,-1.00000000,0.00000000,111.58809881,nan,0.00000000,-2147483648,115,1
5292.26521385,5292.28607838,0.00000000,798.49750000,0.01738646,111.80965956,0.01998412,0.01998420,37761,115,1
5292.26521385,5292.28607838,0.00000000,798.49750000,0.01738646,111.80965956,0.01998412,0.01998420,37761,115,1
nan,nan,0.00000000,-1.00000000,0.00000000,112.03065097,nan,0.00000000,-2147483648,115,1
5292.56085765,5292.56647007,0.00000000,809.83195036,0.09795977,112.19438808,0.01998418,0.01998420,37759,115,1
5292.56085765,5292.56647007,0.00000000,809.83195036,0.09795977,112.19438808,0.01998418,0.01998420,37759,115,1
nan,nan,0.00000000,-1.00000000,0.00000000,112.53760910,nan,0.00000000,-2147483648,115,1
nan,nan,0.00000000,-1.00000000,0.00000000,112.60490534,nan,0.00000000,-2147483648,115,1
nan,nan,0.00000000,-1.00000000,0.00000000,112.70571804,nan,0.00000000,-2147483648,115,1
5293.13030466,5293.12734275,0.00000000,831.70272142,0.01098422,112.93038678,0.01998421,0.01998420,37755,115,1
5293.13030466,5293.12734275,0.00000000,831.70272142,0.01098422,112.93038678,0.01998421,0.01998420,37755,115,1
5293.26458103,5293.26757952,0.00000000,836.86743161,0.01138022,113.10296434,0.01998419,0.01998420,37754,115,1
5293.26458103,5293.26757952,0.00000000,836.86743161,0.01138022,113.10296434,0.01998419,0.01998420,37754,115,1
5293.40590590,5293.40782374,0.00000000,842.30637512,0.37555518,113.28419828,0.01998420,0.01998420,37753,115,1
nan,nan,0.00000000,-1.00000000,0.00000000,113.47336095,nan,0.00000000,-2147483648,115,1
nan,nan,0.00000000,-1.00000000,0.00000000,113.60591398,nan,0.00000000,-2147483648,115,1
nan,nan,0.00000000,-1.00000000,0.00000000,113.67208481,nan,0.00000000,-2147483648,115,1
nan,nan,0.00000000,-1.00000000,0.00000000,113.83720350,nan,0.00000000,-2147483648,115,1
5293.96851733,5293.96887504,863.99142374,863.97762050,0.18915042,114.00114536,0.01998420,0.01998420,37749,115,0
nan,nan,0.00000000,-1.00000000,0.00000000,114.16611841,nan,0.00000000,-2147483648,115,1
5294.24076542,5294.24944535,0.00000000,874.50199071,0.28328862,114.34633450,0.01998417,0.01998420,37747,115,1
5294.37999597,5294.38974168,0.00000000,879.88228473,0.22692762,114.52204742,0.01998417,0.01998420,37746,115,1
5294.51593001,5294.53004545,0.00000000,885.13823803,0.05916215,114.69320557,0.01998415,0.01998420,37745,115,1
5294.68075626,5294.67035668,0.00000000,891.51536873,0.02815956,114.90021851,0.01998424,0.01998420,37744,115,1
5294.68075626,5294.67035668,0.00000000,891.51536873,0.02815956,114.90021851,0.01998424,0.01998420,37744,115,1
5294.94892537,5294.95100146,0.00000000,901.90033749,0.05590902,115.23579253,0.01998420,0.01998420,37742,115,1
5295.10358201,5295.09133503,0.00000000,907.89485027,0.28531111,115.42862622,0.01998425,0.01998420,37741,115,1
5295.24882881,5295.23167604,0.00000000,913.52822007,0.20851532,115.60926188,0.01998427,0.01998420,37740,115,1
5295.24882881,nan,0.00000000,913.52822007,0.20851532,115.60926188,0.01998427,0.01998420,37740,115,1
nan,nan,0.00000000,-1.00000000,0.00000000,115.78417715,nan,0.00000000,-2147483648,115,1
5295.64266216,5295.65274379,0.00000000,928.82049187,0.21610342,116.09677372,0.01998417,0.01998420,37737,115,1
5295.64266216,5295.65274379,0.00000000,928.82049187,0.21610342,116.09677372,0.01998417,0.01998420,37737,115,1
5295.79877487,5295.79311461,0.00000000,934.88934631,0.06604645,116.28909507,0.01998423,0.01998420,37736,115,1
nan,nan,0.00000000,-1.00000000,0.00000000,116.45054319,nan,0.00000000,-2147483648,115,1
5296.05854879,5296.07387860,0.00000000,944.99698940,0.00835161,116.60795128,0.01998415,0.01998421,37734,115,1
nan,nan,0.00000000,-1.00000000,0.00000000,116.79646187,nan,0.00000000,-2147483648,115,1
5296.35496772,5296.35467241,956.53767701,956.54918845,0.13414608,116.97015027,0.01998421,0.01998421,37732,115,0
nan,nan,0.00000000,-1.00000000,0.00000000,117.14022516,nan,0.00000000,-2147483648,115,1
5296.64363845,5296.63549603,0.00000000,967.80373266,0.26847308,117.32072934,0.01998424,0.01998421,37730,115,1
5296.77359313,5296.77591902,0.00000000,972.87714687,0.19216157,117.47802721,0.01998420,0.01998421,37729,115,1
5296.91616787,5296.91634947,978.46185529,978.45475752,0.17590220,117.65042699,0.01998421,0.01998421,37728,115,0
5297.05970172,5297.05678737,0.00000000,984.05681846,0.38578003,117.82302305,0.01998422,0.01998421,37727,115,1
5297.05970172,5297.05678737,0.00000000,984.05681846,0.38578003,117.82302305,0.01998422,0.01998421,37727,115,1
5297.33410882,5297.33768556,0.00000000,994.79225487,0.25347712,118.15220728,0.01998419,0.01998421,37725,115,1
5297.48619481,nan,0.00000000,1000.74770846,0.36039362,118.33393198,0.01998424,0.01998421,37724,115,1
5297.62620540,nan,0.00000000,1006.23378502,0.18239859,118.50077208,0.01998424,0.01998421,37723,115,1
nan,nan,0.00000000,-1.00000000,0.00000000,118.64528230,nan,0.00000000,-2147483648,115,1
nan,nan,0.00000000,-1.00000000,0.00000000,118.85678189,nan,0.00000000,-2147483648,115,1
5298.04382499,5298.04006153,0.00000000,1022.61736355,0.07562961,118.99581082,0.01998422,0.01998421,37720,115,1
5298.18911339,5298.18055910,0.00000000,1028.32415299,0.19544636,119.16711363,0.01998424,0.01998421,37719,115,1
nan,nan,0.00000000,-1.00000000,0.00000000,119.30703432,nan,0.00000000,-2147483648,115,1
nan,nan,0.00000000,-1.00000000,0.00000000,119.45622038,nan,0.00000000,-2147483648,115,1
5298.59154957,5298.60209660,0.00000000,1044.15041197,0.24369752,119.63911505,0.01998417,0.01998421,37716,115,1
5298.74045892,5298.74262402,0.00000000,1050.01352250,0.23072822,119.81283274,0.01998420,0.01998421,37715,115,1
nan,nan,0.00000000,-1.00000000,0.00000000,119.93059445,nan,0.00000000,-2147483648,115,1
nan,nan,0.00000000,-1.00000000,0.00000000,119.98956724,nan,0.00000000,-2147483648,115,1
5299.02316675,5299.02370125,1061.18756125,1061.16648350,0.17086631,120.14157478,0.01998421,0.01998421,37713,115,0
5299.16449289,5299.16425106,1066.73166364,1066.74120553,0.18286936,120.30505396,0.01998421,0.01998421,37712,115,0
5299.30598255,5299.30480834,1072.27925023,1072.32560804,0.01349605,120.46825524,0.01998421,0.01998421,37711,115,0
5299.42552445,nan,0.00000000,1077.03664995,0.23820694,120.60549555,0.01998413,0.01998421,37710,115,1
5299.58552014,5299.58594529,1083.38494434,1083.36813962,0.15260674,120.78931118,0.01998421,0.01998421,37709,115,0
5299.85136984,5299.86711211,0.00000000,1093.87585828,0.21611230,121.09277305,0.01998415,0.01998421,37707,115,1
5299.85136984,5299.86711211,0.00000000,1093.87585828,0.21611230,121.09277305,0.01998415,0.01998421,37707,115,1
5300.00592813,5300.00770672,0.00000000,1099.99543492,0.15526831,121.26858622,0.01998420,0.01998421,37706,115,1
5300.15770957,5300.14830880,0.00000000,1106.00916186,0.13280072,121.44069844,0.01998424,0.01998421,37705,115,1
5300.29238325,5300.28891834,0.00000000,1111.34846970,0.25002992,121.59296031,0.01998422,0.01998421,37704,115,1
5300.43973887,nan,0.00000000,1117.19424583,0.10476835,121.75907318,0.01998425,0.01998421,37703,115,1
5300.55764466,5300.57015984,0.00000000,1121.87448430,0.05479970,121.89161999,0.01998416,0.01998421,37702,115,1
5300.85952111,5300.85143122,0.00000000,1133.86865364,0.19318150,122.22948808,0.01998424,0.01998421,37700,115,1
5300.85952111,5300.85143122,0.00000000,1133.86865364,0.19318150,122.22948808,0.01998424,0.01998421,37700,115,1
5300.98736308,5300.99207812,0.00000000,1138.95297290,0.19100801,122.37192238,0.01998419,0.01998421,37699,115,1
nan,nan,0.00000000,-1.00000000,0.00000000,122.56856469,nan,0.00000000,-2147483648,115,1
nan,nan,0.00000000,-1.00000000,0.00000000,122.67978048,nan,0.00000000,-2147483648,115,1
nan,nan,0.00000000,-1.00000000,0.00000000,122.73527933,nan,0.00000000,-2147483648,115,1
nan,nan,0.00000000,-1.00000000,0.00000000,122.81839127,nan,0.00000000,-2147483648,115,1
5301.55571904,5301.55474043,1161.55202143,1161.59105586,0.26333172,123.00041493,0.01998421,0.01998421,37695,115,0
5301.69920181,5301.69542469,0.00000000,1167.31661280,0.14952466,123.15789479,0.01998423,0.01998421,37694,115,1
5301.83717781,5301.83611642,1172.78154459,1172.82392645,0.12400347,123.30880883,0.01998422,0.01998421,37693,115,0
5301.97175772,5301.97681563,0.00000000,1178.20094056,0.14819252,123.45561937,0.01998419,0.01998421,37692,115,1
5302.25462991,5302.25823648,0.00000000,1189.51148557,0.07057475,123.76271519,0.01998420,0.01998421,37690,115,1
5302.25462991,5302.25823648,0.00000000,1189.51148557,0.07057475,123.76271519,0.01998420,0.01998421,37690,115,1
5302.52609636,5302.53968723,0.00000000,1200.37967376,0.01596934,124.05560200,0.01998416,0.01998421,37688,115,1
5302.52609636,nan,0.00000000,1200.37967376,0.01596934,124.05560200,0.01998416,0.01998421,37688,115,1
5302.66490173,5302.68042382,0.00000000,1205.94196259,0.40658104,124.20466589,0.01998415,0.01998421,37687,115,1
5302.66490173,5302.68042382,0.00000000,1205.94196259,0.40658104,124.20466589,0.01998415,0.01998421,37687,115,1
nan,nan,0.00000000,-1.00000000,0.00000000,124.39300070,nan,0.00000000,-2147483648,115,1
5302.95521278,5302.96191944,0.00000000,1217.58689069,0.17780939,124.51490792,0.01998419,0.01998421,37685,115,1
5303.10395024,5303.10267847,1223.50259685,1223.55368623,0.10310806,124.67291348,0.01998422,0.01998421,37684,115,0
5303.24090957,5303.24344498,0.00000000,1229.06186652,0.09559046,124.81819630,0.01998420,0.01998421,37683,115,1
5303.38063243,5303.38421897,0.00000000,1234.67930351,0.09832982,124.96578882,0.01998420,0.01998421,37682,115,1
5303.51708872,5303.52500043,0.00000000,1240.16889842,0.10960578,125.10946405,0.01998418,0.01998421,37681,115,1
5303.65776747,5303.66578938,0.00000000,1245.83197693,0.10620952,125.25710110,0.01998418,0.01998421,37680,115,1
5303.80089918,5303.80658582,0.00000000,1251.59757540,0.07754169,125.40680685,0.01998419,0.01998421,37679,115,1
5303.94449358,5303.94738973,0.00000000,1257.38564581,0.20079507,125.55648280,0.01998420,0.01998421,37678,115,1
5304.08862276,5304.08820113,1263.18010290,1263.19711529,0.16196311,125.70614531,0.01998421,0.01998421,37677,115,0
5304.35802619,5304.36984637,0.00000000,1274.07604085,0.20224285,125.98464269,0.01998417,0.01998421,37675,115,1
5304.35802619,5304.36984637,0.00000000,1274.07604085,0.20224285,125.98464269,0.01998417,0.01998421,37675,115,1
5304.49720935,5304.51068022,0.00000000,1279.70076038,0.11830269,126.12778107,0.01998416,0.01998421,37674,115,1
5304.64687693,5304.65152156,0.00000000,1285.75324830,0.21984297,126.28115561,0.01998420,0.01998421,37673,115,1
5304.79539063,5304.79237038,0.00000000,1291.76324958,0.17860286,126.43278673,0.01998423,0.01998421,37672,115,1
5304.93545632,5304.93322668,0.00000000,1297.43519942,0.19205764,126.57527915,0.01998422,0.01998421,37671,115,1
nan,nan,0.00000000,-1.00000000,0.00000000,126.68952724,nan,0.00000000,-2147483648,115,1
5305.21762212,5305.21496176,0.00000000,1308.87277490,0.00927457,126.86081542,0.01998422,0.01998421,37669,115,1
5305.35397575,5305.35584052,0.00000000,1314.40528593,0.14733267,126.99806815,0.01998421,0.01998421,37668,115,1
5305.49499743,5305.49672678,0.00000000,1320.13092943,0.24301025,127.13951790,0.01998421,0.01998421,37667,115,1
5305.62411734,5305.63762053,0.00000000,1325.37667895,0.20016683,127.26858122,0.01998416,0.01998421,37666,115,1
5305.78323636,5305.77852176,0.00000000,1331.84559037,0.27611245,127.42703918,0.01998423,0.01998421,37665,115,1
5305.78323636,5305.77852176,0.00000000,1331.84559037,0.27611245,127.42703918,0.01998423,0.01998421,37665,115,1
5306.04878433,5306.06034670,0.00000000,1342.65214543,0.08778417,127.69002527,0.01998417,0.01998422,37663,115,1
5306.19900420,5306.20127040,0.00000000,1348.77140008,0.07471443,127.83798525,0.01998421,0.01998422,37662,115,1
nan,nan,0.00000000,-1.00000000,0.00000000,127.98787810,nan,0.00000000,-2147483648,115,1
5306.47350382,5306.48314029,0.00000000,1359.96449176,0.07193873,128.10683590,0.01998418,0.01998422,37660,115,1
5306.61718574,5306.62408647,0.00000000,1365.82913575,0.11427819,128.24677525,0.01998419,0.01998422,37659,115,1
5306.76881947,5306.76504015,0.00000000,1372.02269791,0.24692851,128.39387171,0.01998423,0.01998422,37658,115,1
5306.90794947,5306.90600131,0.00000000,1377.70947728,0.13464573,128.52830641,0.01998422,0.01998422,37657,115,1
5307.06226904,5307.04696998,0.00000000,1384.02153164,0.10618949,128.67682074,0.01998427,0.01998422,37656,115,1
5307.18483194,5307.18794613,0.00000000,1389.03797783,0.15786127,128.79432431,0.01998420,0.01998422,37655,115,1
nan,nan,0.00000000,-1.00000000,0.00000000,128.93336971,nan,0.00000000,-2147483648,115,1
5307.46976259,5307.46992093,1400.71795130,1400.71145908,0.09581795,129.06595292,0.01998422,0.01998422,37653,115,0
5307.62011510,5307.61091958,0.00000000,1406.87776026,0.32783931,129.20841477,0.01998425,0.01998422,37652,115,1
5307.75405560,5307.75192572,0.00000000,1412.37472954,0.10243549,129.33481749,0.01998423,0.01998422,37651,115,1
5307.89721326,5307.89293936,0.00000000,1418.25389556,0.10304433,129.46938746,0.01998423,0.01998422,37650,115,1
nan,nan,0.00000000,-1.00000000,0.00000000,129.57755375,nan,0.00000000,-2147483648,115,1
5308.17460656,5308.17498913,1429.67328651,1429.65755037,0.17213231,129.72857702,0.01998422,0.01998422,37648,115,0
5308.29854774,5308.31602526,0.00000000,1434.75748532,0.14330230,129.84370879,0.01998415,0.01998422,37647,115,1
5308.46324229,5308.45706890,0.00000000,1441.53930063,0.22393010,129.99605936,0.01998424,0.01998422,37646,115,1
5308.59129100,5308.59812003,0.00000000,1446.81585342,0.26515504,130.11400250,0.01998419,0.01998422,37645,115,1
nan,nan,0.00000000,-1.00000000,0.00000000,130.22937506,nan,0.00000000,-2147483648,115,1
5308.87582453,5308.88024480,0.00000000,1458.55250164,0.21406248,130.37448362,0.01998420,0.01998422,37643,115,1
5309.01430600,5309.02131844,0.00000000,1464.27057439,0.19786804,130.50045929,0.01998419,0.01998422,37642,115,1
5309.16869330,5309.16239958,0.00000000,1470.64997679,0.08595069,130.64028509,0.01998424,0.01998422,37641,115,1
5309.29950878,5309.30348822,0.00000000,1476.05914257,0.03114868,130.75825003,0.01998420,0.01998422,37640,115,1
5309.44969103,5309.44458436,0.00000000,1482.27338904,0.18677561,130.89309827,0.01998424,0.01998422,37639,115,1
5309.58084973,5309.58568801,0.00000000,1487.70422279,0.15547296,131.01035606,0.01998420,0.01998422,37638,115,1
5309.72394968,5309.72679917,0.00000000,1493.63349405,0.11175111,131.13774649,0.01998421,0.01998422,37637,115,1
5309.85932219,5309.86791782,0.00000000,1499.24642461,0.02774339,131.25773494,0.01998419,0.01998422,37636,115,1
5310.01307780,5310.00904399,0.00000000,1505.62611205,0.14422578,131.39339921,0.01998423,0.01998422,37635,115,1
5310.15278792,5310.15017766,0.00000000,1511.42721560,0.25227405,131.51609902,0.01998423,0.01998422,37634,115,1
5310.29576264,5310.29131883,0.00000000,1517.36802081,0.15944494,131.64110102,0.01998424,0.01998422,37633,115,1
5310.42849163,5310.43246752,0.00000000,1522.88686408,0.20993716,131.75663246,0.01998420,0.01998422,37632,115,1
5310.56940270,5310.57362371,0.00000000,1528.74989039,0.20903927,131.87874417,0.01998420,0.01998422,37631,115,1
5310.71184529,5310.71478741,0.00000000,1534.68080877,0.10575261,132.00161468,0.01998421,0.01998422,37630,115,1
5310.85561149,5310.85595862,1540.68283227,1540.66836684,0.13672995,132.12498987,0.01998422,0.01998422,37629,115,0
5310.99837472,5310.99713733,1546.56825163,1546.61985577,0.15030163,132.24695574,0.01998422,0.01998422,37628,115,0
5311.13466368,5311.13832356,0.00000000,1552.31058315,0.12323737,132.36295640,0.01998421,0.01998422,37627,115,1
5311.27364915,5311.27951730,0.00000000,1558.11382589,0.15910477,132.48062482,0.01998420,0.01998422,37626,115,1
5311.42428762,5311.42071854,0.00000000,1564.40818905,0.02412999,132.60753669,0.01998423,0.01998422,37625,115,1
5311.56539882,5311.56192730,0.00000000,1570.30876904,0.05389411,132.72583319,0.01998423,0.01998422,37624,115,1
5311.70638187,5311.70314357,0.00000000,1576.20816395,0.18065441,132.84345210,0.01998423,0.01998422,37623,115,1
5311.83772127,5311.84436736,0.00000000,1581.70778418,0.17308523,132.95251147,0.01998420,0.01998422,37622,115,1
5311.98967415,5311.98559865,0.00000000,1588.07509679,0.07292953,133.07806725,0.01998424,0.01998422,37621,115,1
5312.12123725,5312.12683746,0.00000000,1593.59195253,0.20176834,133.18623654,0.01998420,0.01998422,37620,115,1
5312.26622890,5312.26808379,0.00000000,1599.67615508,0.07142023,133.30486590,0.01998421,0.01998422,37619,115,1
5312.40265075,5312.40933763,0.00000000,1605.40482156,0.06970453,133.41592625,0.01998420,0.01998422,37618,115,1
5312.54810761,5312.55059898,0.00000000,1611.51724950,0.15440942,133.53374517,0.01998421,0.01998422,37617,115,1
5312.68767729,5312.69186785,0.00000000,1617.38652494,0.07202221,133.64621504,0.01998421,0.01998422,37616,115,1
5312.83270635,5312.83314423,1623.50166262,1623.48322828,0.14859894,133.76235574,0.01998422,0.01998422,37615,115,0
5312.97245937,5312.97442814,0.00000000,1629.37528883,0.21473189,133.87393238,0.01998421,0.01998422,37614,115,1
5313.10898607,5313.11571956,0.00000000,1635.12896238,0.08511412,133.98225676,0.01998420,0.01998422,37613,115,1
5313.27349092,5313.25701849,0.00000000,1642.06705262,0.19370426,134.11204972,0.01998428,0.01998422,37612,115,1
5313.39384446,5313.39832495,0.00000000,1647.14673172,0.03386810,134.20650092,0.01998421,0.01998422,37611,115,1
5313.53920402,5313.53963892,1653.29821322,1653.27983871,0.21588619,134.31989049,0.01998422,0.01998422,37610,115,0
5313.67571035,5313.68096042,0.00000000,1659.05551434,0.11816041,134.42602252,0.01998420,0.01998422,37609,115,1
5313.81494583,5313.82228943,0.00000000,1664.94454841,0.12319949,134.53358887,0.01998420,0.01998422,37608,115,1
5313.96584147,5313.96362597,0.00000000,1671.33151841,0.08058070,134.64950959,0.01998423,0.01998422,37607,115,1
5314.10704198,5314.10497002,0.00000000,1677.31262086,0.12794655,134.75736491,0.01998423,0.01998422,37606,115,1
5314.24636314,5314.24632160,1683.20955315,1683.21131466,0.09128774,134.86307174,0.01998422,0.01998422,37605,115,0
5314.38854408,5314.38768070,1689.20634915,1689.24299017,0.08143941,134.97048114,0.01998423,0.01998422,37604,115,0
5314.52249079,5314.52904732,0.00000000,1694.93590982,0.09177790,135.07122672,0.01998420,0.01998422,37603,115,1
5314.67037362,5314.67042146,1701.21477595,1701.21274261,0.05219959,135.18159464,0.01998422,0.01998422,37602,115,0
5314.80586804,5314.81180313,0.00000000,1706.97852223,0.07964988,135.28231923,0.01998420,0.01998422,37601,115,1
5314.95340220,5314.95319233,1713.24228675,1713.25122011,0.09834453,135.39118432,0.01998422,0.01998422,37600,115,0
5315.09672614,5315.09458904,0.00000000,1719.35751891,0.23817697,135.49644547,0.01998423,0.01998422,37599,115,1
5315.23721021,5315.23599329,1725.28804087,1725.33991099,0.06250524,135.59888544,0.01998423,0.01998422,37598,115,0
5315.38993931,5315.37740506,0.00000000,1731.85577984,0.51950416,135.70968853,0.01998427,0.01998422,37597,115,1
5315.51661388,5315.51882435,0.00000000,1737.26123866,0.19962906,135.80099797,0.01998422,0.01998422,37596,115,1
5315.66397309,5315.66025117,0.00000000,1743.55387236,0.30680237,135.90659544,0.01998424,0.01998422,37595,115,1
5315.80157479,5315.80168552,1749.43459736,1749.42986367,0.04351296,136.00452280,0.01998422,0.01998422,37594,115,0
5315.94750527,5315.94312740,0.00000000,1755.67517201,0.24002190,136.10788661,0.01998424,0.01998422,37593,115,1
5316.08495836,5316.08457681,1761.53701778,1761.55335358,0.11245925,136.20449768,0.01998423,0.01998423,37592,115,0
5316.22956830,5316.22603374,0.00000000,1767.75164495,0.13872090,136.30565907,0.01998424,0.01998423,37591,115,1
5316.36513920,5316.36749821,0.00000000,1773.56249271,0.12238099,136.39983414,0.01998422,0.01998423,37590,115,1
nan,nan,0.00000000,-1.00000000,0.00000000,136.48737738,nan,0.00000000,-2147483648,115,1
5316.64165600,5316.65044973,0.00000000,1785.42751499,0.09530723,136.59013473,0.01998419,0.01998423,37588,115,1
5316.79548000,5316.79193679,0.00000000,1792.03547136,0.21944615,136.69495782,0.01998424,0.01998423,37587,115,1
5316.94307218,5316.93343138,0.00000000,1798.38080780,0.11308325,136.79483317,0.01998426,0.01998423,37586,115,1
5317.06789146,5317.07493350,0.00000000,1803.75097945,0.08155109,136.87876090,0.01998420,0.01998423,37585,115,1
5317.20885279,5317.21644315,0.00000000,1809.81994358,0.13665529,136.97294902,0.01998420,0.01998423,37584,115,1
5317.35795626,5317.35796034,1816.24251294,1816.24233710,0.16342427,137.07185854,0.01998423,0.01998423,37583,115,0
5317.49504146,5317.49948506,0.00000000,1822.15562491,0.11025137,137.16223286,0.01998421,0.01998423,37582,115,1
5317.63572368,5317.64101732,0.00000000,1828.22643736,0.15874747,137.25432170,0.01998421,0.01998423,37581,115,1
5317.78038103,5317.78255711,0.00000000,1834.47357331,0.12557468,137.34835203,0.01998422,0.01998423,37580,115,1
5317.92463649,5317.92410444,1840.68168913,1840.70469038,0.16587856,137.44140021,0.01998423,0.01998423,37579,115,0
5318.06871492,5318.06565930,0.00000000,1846.94001285,0.19717776,137.53377015,0.01998424,0.01998423,37578,115,1
5318.20777228,5318.20722170,1852.93065173,1852.95449033,0.10491695,137.62216591,0.01998423,0.01998423,37577,115,0
5318.34384432,5318.34879164,0.00000000,1858.85364947,0.04998067,137.70819645,0.01998421,0.01998423,37576,115,1
5318.49257844,5318.49036912,0.00000000,1865.30151975,0.01548540,137.80146952,0.01998424,0.01998423,37575,115,1
5318.63251355,5318.63195413,1871.34234326,1871.36662268,0.09151547,137.88848129,0.01998423,0.01998423,37574,115,0
5318.76812940,5318.77354668,0.00000000,1877.26087598,0.25317426,137.97236904,0.01998421,0.01998423,37573,115,1
5318.91594255,5318.91514678,1883.64315166,1883.67774552,0.18442042,138.06294037,0.01998423,0.01998423,37572,115,0
5319.05504783,5319.05675441,0.00000000,1889.73267927,0.04395603,138.14768184,0.01998422,0.01998423,37571,115,1
5319.20158792,5319.19836958,0.00000000,1896.11004174,0.09554523,138.23617833,0.01998424,0.01998423,37570,115,1
5319.34341168,5319.33999229,0.00000000,1902.28702251,0.12851066,138.32115308,0.01998424,0.01998423,37569,115,1
5319.47502883,5319.48162255,0.00000000,1908.02376275,0.13549361,138.39941826,0.01998420,0.01998423,37568,115,1
5319.62214084,5319.62326034,1914.48975826,1914.44089529,0.21373340,138.48622014,0.01998422,0.01998423,37567,115,0
5319.76709786,5319.76490568,0.00000000,1920.76887291,0.14906150,138.57104470,0.01998424,0.01998423,37566,115,1
5319.90272179,5319.90655857,0.00000000,1926.69410862,0.13548498,138.64977608,0.01998421,0.01998423,37565,115,1
5320.04778256,5320.04821899,1933.05747656,1933.03838806,0.22585961,138.73333062,0.01998423,0.01998423,37564,115,0
5320.20048967,5320.18988696,0.00000000,1939.71878055,0.17570267,138.82047897,0.01998427,0.01998423,37563,115,1
5320.32916380,5320.33156248,0.00000000,1945.35376262,0.05000156,138.89332515,0.01998422,0.01998423,37562,115,1
5320.47556745,5320.47324554,0.00000000,1951.77005935,0.11879539,138.97553128,0.01998424,0.01998423,37561,115,1
5320.61040772,5320.61493615,0.00000000,1957.68419701,0.13524158,139.05060521,0.01998421,0.01998423,37560,115,1
5320.75398312,5320.75663430,0.00000000,1963.98634003,0.19375816,139.12986686,0.01998422,0.01998423,37559,115,1
5320.89163046,5320.89834000,0.00000000,1970.03301187,0.06558042,139.20519991,0.01998421,0.01998423,37558,115,1
5321.04143421,5321.04005325,1976.55943397,1976.62018238,0.16604825,139.28646911,0.01998424,0.01998423,37557,115,0
5321.18301750,5321.18177404,1982.79612709,1982.85086894,0.18571640,139.36257450,0.01998424,0.01998423,37556,115,0
5321.31839568,5321.32350239,0.00000000,1988.80986200,0.13663462,139.43466466,0.01998421,0.01998423,37555,115,1
5321.46681010,5321.46523828,0.00000000,1995.35034522,0.13984980,139.51300535,0.01998424,0.01998423,37554,115,1
5321.59382462,5321.60698172,0.00000000,2000.95208995,0.38547168,139.57944943,0.01998418,0.01998423,37553,115,1
5321.75056434,5321.74873272,0.00000000,2007.87033603,0.10495212,139.66067776,0.01998424,0.01998423,37552,115,1
5321.89005592,5321.89049126,2014.05193714,2014.03270404,0.09185363,139.73225748,0.01998423,0.01998423,37551,115,0
5322.03200062,5322.03225736,2020.31742413,2020.30607298,0.10969900,139.80437756,0.01998423,0.01998423,37550,115,0
5322.17496175,5322.17403100,2026.58797412,2026.62915620,0.23804634,139.87630432,0.01998423,0.01998423,37549,115,0
5322.32147473,5322.31581220,0.00000000,2033.12129589,0.11745659,139.94935503,0.01998425,0.01998423,37548,115,1
5322.45253654,5322.45760096,0.00000000,2038.92961250,0.11070814,140.01402488,0.01998421,0.01998423,37547,115,1
5322.59753218,5322.59939726,0.00000000,2045.36048872,0.07989311,140.08487001,0.01998422,0.01998423,37546,115,1
5322.74392018,5322.74120112,0.00000000,2051.85851232,0.17064260,140.15564743,0.01998424,0.01998423,37545,115,1
5322.88067450,5322.88301254,0.00000000,2057.93381536,0.11294249,140.22108621,0.01998422,0.01998423,37544,115,1
5323.02812459,5323.02483151,0.00000000,2064.48960361,0.12264899,140.29090425,0.01998424,0.01998423,37543,115,1
5323.16321218,5323.16665803,0.00000000,2070.50060515,0.14403422,140.35419395,0.01998422,0.01998423,37542,115,1
5323.30617269,5323.30849211,0.00000000,2076.86700707,0.12432593,140.42046771,0.01998422,0.01998423,37541,115,1
5323.43931511,5323.45033375,0.00000000,2082.80089128,0.18777358,140.48153679,0.01998419,0.01998423,37540,115,1
5323.60123350,5323.59218295,0.00000000,2090.02339602,0.05781349,140.55495347,0.01998427,0.01998423,37539,115,1
5323.72998595,5323.73403970,0.00000000,2095.77132445,0.09254807,140.61266357,0.01998422,0.01998423,37538,115,1
5323.87109605,5323.87590401,0.00000000,2102.07585322,0.04020161,140.67523056,0.01998422,0.01998423,37537,115,1
5324.01288147,5324.01777588,0.00000000,2108.41574421,0.13224323,140.73737668,0.01998422,0.01998423,37536,115,1
5324.16471683,5324.15965531,0.00000000,2115.21079906,0.12397547,140.80312500,0.01998425,0.01998423,37535,115,1
5324.29617274,5324.30154230,0.00000000,2121.09866069,0.21074550,140.85937615,0.01998421,0.01998423,37534,115,1
5324.44289816,5324.44343686,2127.68767053,2127.66351095,0.11328302,140.92130756,0.01998423,0.01998423,37533,115,0
5324.59313515,5324.58533897,0.00000000,2134.41610363,0.18513209,140.98414362,0.01998426,0.01998423,37532,115,1
5324.72660661,5324.72724864,2140.42629808,2140.39745787,0.11484559,141.03906895,0.01998423,0.01998423,37531,115,0
5324.86076385,5324.86916588,0.00000000,2146.43786721,0.09450163,141.09383665,0.01998420,0.01998423,37530,115,1
5325.01481144,5325.01109067,0.00000000,2153.36617014,0.18467744,141.15578860,0.01998425,0.01998423,37529,115,1
5325.15346295,5325.15302304,2159.57620531,2159.59601643,0.04321456,141.21070468,0.01998424,0.01998423,37528,115,0
nan,nan,0.00000000,-1.00000000,0.00000000,141.25773451,nan,0.00000000,-2147483648,115,1
5325.42744344,5325.43691045,0.00000000,2171.95527357,0.13352932,141.31743582,0.01998420,0.01998423,37526,115,1
5325.57411171,5325.57886550,0.00000000,2178.57359441,0.21790065,141.37337828,0.01998422,0.01998423,37525,115,1
5325.71646326,5325.72082812,0.00000000,2185.00261850,0.20468079,141.42691139,0.01998422,0.01998423,37524,115,1
5325.86185605,5325.86279831,2191.61122651,2191.56860588,0.18403718,141.48076160,0.01998423,0.01998423,37523,115,0
5326.00730184,5326.00477606,0.00000000,2198.15464304,0.09652595,141.53394028,0.01998424,0.01998424,37522,115,1
5326.15255440,5326.14676138,0.00000000,2204.73163278,0.13822198,141.58621024,0.01998426,0.01998424,37521,115,1
5326.28625757,5326.28875427,0.00000000,2210.79070326,0.19437726,141.63362495,0.01998423,0.01998424,37520,115,1
5326.42971801,5326.43075472,2217.34456059,2217.29751129,0.10841450,141.68375391,0.01998423,0.01998424,37519,115,0
5326.57260570,5326.57276275,2223.79191165,2223.78477865,0.10633276,141.73291830,0.01998424,0.01998424,37518,115,0
5326.72261117,5326.71477834,0.00000000,2230.59879802,0.18186124,141.78368362,0.01998427,0.01998424,37517,115,1
5326.85013866,5326.85680150,0.00000000,2236.39764601,0.09724348,141.82617928,0.01998421,0.01998424,37516,115,1
5326.99944443,5326.99883224,2243.16633656,2243.19420681,0.17820944,141.87515944,0.01998424,0.01998424,37515,115,0
5327.13927229,5327.14087054,2249.63527488,2249.56245538,0.11083276,141.92024287,0.01998423,0.01998424,37514,115,0
5327.28071685,5327.28291642,0.00000000,2256.00954116,0.03642875,141.96508599,0.01998423,0.01998424,37513,115,1
5327.43129852,5327.42496986,0.00000000,2262.88024877,0.14720493,142.01199129,0.01998426,0.01998424,37512,115,1
5327.56676083,5327.56703088,2269.07674572,2269.06440949,0.14025817,142.05342926,0.01998424,0.01998424,37511,115,0
5327.71116001,5327.70909948,0.00000000,2275.66637448,0.15260043,142.09685074,0.01998424,0.01998424,37510,115,1
5327.85231819,5327.85117564,2282.06832724,2282.12061415,0.11287740,142.13848588,0.01998424,0.01998424,37509,115,0
5327.99562727,5327.99325938,0.00000000,2288.68523578,0.21844885,142.18000667,0.01998425,0.01998424,37508,115,1
5328.13902942,5328.13535070,0.00000000,2295.25671074,0.11442424,142.22073598,0.01998425,0.01998424,37507,115,1
5328.27649020,5328.27744959,2301.60231283,2301.55829028,0.22009786,142.25900792,0.01998423,0.01998424,37506,115,0
5328.41508027,5328.41955606,0.00000000,2307.92311568,0.10670826,142.29688414,0.01998422,0.01998424,37505,115,1
5328.56391680,5328.56167010,0.00000000,2314.76127885,0.19657793,142.33670372,0.01998425,0.01998424,37504,115,1
5328.70433763,5328.70379172,2321.19129723,2321.21641238,0.08136143,142.37346264,0.01998424,0.01998424,37503,115,0
5328.84212429,5328.84592091,0.00000000,2327.56007340,0.03253049,142.40880115,0.01998422,0.01998424,37502,115,1
nan,nan,0.00000000,-1.00000000,0.00000000,142.43848494,nan,0.00000000,-2147483648,115,1
5329.13714830,5329.13020204,0.00000000,2341.15652380,0.02433225,142.48191894,0.01998426,0.01998424,37500,115,1
5329.27766012,5329.27235397,0.00000000,2347.64087136,0.03452438,142.51552961,0.01998426,0.01998424,37499,115,1
5329.41241977,5329.41451349,0.00000000,2353.86508026,0.11234337,142.54702619,0.01998423,0.01998424,37498,115,1
5329.55654325,5329.55668058,2360.52642670,2360.52007700,0.11819553,142.57987294,0.01998424,0.01998424,37497,115,0
5329.69582177,5329.69885525,0.00000000,2366.97173836,0.09733337,142.61089741,0.01998423,0.01998424,37496,115,1
5329.84570711,5329.84103751,0.00000000,2373.91294241,0.10457717,142.64337586,0.01998426,0.01998424,37495,115,1
5329.98398473,5329.98322734,2380.27758667,2380.31270959,0.02597836,142.67249411,0.01998424,0.01998424,37494,115,0
5330.11886913,5330.12542476,0.00000000,2386.57984903,0.06341239,142.70024013,0.01998421,0.01998424,37493,115,1
5330.26720493,5330.26762976,2393.47896649,2393.45922824,0.13197273,142.72982076,0.01998424,0.01998424,37492,115,0
5330.41424977,5330.40984234,0.00000000,2400.30151756,0.08028886,142.75833253,0.01998426,0.01998424,37491,115,1
5330.55472801,5330.55206251,0.00000000,2406.83627713,0.12982939,142.78471608,0.01998425,0.01998424,37490,115,1
5330.68802804,5330.69429026,0.00000000,2413.04248019,0.14534387,142.80900711,0.01998422,0.01998424,37489,115,1
5330.84656564,5330.83652560,0.00000000,2420.43051035,0.00829277,142.83695081,0.01998428,0.01998424,37488,115,1
5330.97434763,5330.97876852,0.00000000,2426.39069718,0.11383789,142.85872318,0.01998422,0.01998424,37487,115,1
5331.12068889,5331.12101903,2433.23218950,2433.21677087,0.14460638,142.88281295,0.01998424,0.01998424,37486,115,0
5331.25993606,5331.26327713,0.00000000,2439.72901023,0.16412027,142.90495349,0.01998423,0.01998424,37485,115,1
5331.40592734,5331.40554281,2446.53204020,2446.55003087,0.15322631,142.92726255,0.01998424,0.01998424,37484,115,0
5331.54865067,5331.54781608,2453.19147049,2453.23055362,0.14008913,142.94823799,0.01998424,0.01998424,37483,115,0
5331.68451870,5331.69009694,0.00000000,2459.60394235,0.10064180,142.96744280,0.01998422,0.01998424,37482,115,1
5331.83496590,5331.83238539,0.00000000,2466.65942072,0.11981252,142.98778467,0.01998425,0.01998424,37481,115,1
5331.97745838,5331.97468143,0.00000000,2473.34813611,0.09807019,143.00617808,0.01998425,0.01998424,37480,115,1
5332.10988989,5332.11698506,0.00000000,2479.57008042,0.17444496,143.02250929,0.01998421,0.01998424,37479,115,1
5332.25747414,5332.25929627,0.00000000,2486.51019573,0.12368951,143.03984010,0.01998423,0.01998424,37478,115,1
5332.40637922,5332.40161508,0.00000000,2493.51912864,0.16612045,143.05639505,0.01998426,0.01998424,37477,115,1
5332.54665736,5332.54394148,0.00000000,2500.12817415,0.25936393,143.07113299,0.01998425,0.01998424,37476,115,1
5332.68695815,5332.68627548,2506.71408678,2506.74630155,0.04835344,143.08504256,0.01998424,0.01998424,37475,115,0
5332.82888093,5332.82861706,2513.43372912,2513.44619063,0.10608032,143.09825893,0.01998424,0.01998424,37474,115,0
5332.96478657,5332.97096624,0.00000000,2519.86359845,0.17508614,143.11010196,0.01998422,0.01998424,37473,115,1
5333.11229166,5333.11332301,2526.89016757,2526.84138098,0.08199540,143.12207295,0.01998424,0.01998424,37472,115,0
5333.25588770,5333.25568738,2533.62748868,2533.63697285,0.17370031,143.13282390,0.01998424,0.01998424,37471,115,0
5333.40183467,5333.39805934,0.00000000,2540.54958200,0.14220897,143.14284124,0.01998426,0.01998424,37470,115,1
5333.53717411,5333.54043890,0.00000000,2546.96737077,0.05396716,143.15131202,0.01998423,0.01998424,37469,115,1
5333.68753457,5333.68282605,0.00000000,2554.10415318,0.14486096,143.15979385,0.01998426,0.01998424,37468,115,1
5333.82643174,5333.82522080,2560.64363352,2560.70118617,0.06324199,143.16675572,0.01998425,0.01998424,37467,115,0
5333.96128767,5333.96762315,0.00000000,2567.11587523,0.14649544,143.17271587,0.01998422,0.01998424,37466,115,1
5334.09146725,5334.11003309,0.00000000,2573.31168512,0.08082761,143.17771507,0.01998417,0.01998424,37465,115,1
nan,nan,0.00000000,-1.00000000,0.00000000,143.18227609,nan,0.00000000,-2147483648,115,1
5334.39536387,5334.39487577,2587.76812441,2587.79140821,0.09181751,143.18649545,0.01998425,0.01998424,37463,115,0
5334.53478285,5334.53730851,0.00000000,2594.45116877,0.09001231,143.18916880,0.01998423,0.01998424,37462,115,1
5334.67953290,5334.67974885,2601.36994664,2601.35962619,0.09418781,143.19103311,0.01998424,0.01998424,37461,115,0
5334.82339858,5334.82219679,2608.18094533,2608.23843493,0.16379499,143.19196983,0.01998425,0.01998424,37460,115,0
5334.96345880,5334.96465233,2614.99878224,2614.94163311,0.15204344,143.19199989,0.01998424,0.01998424,37459,115,0
5335.10519027,5335.10711548,0.00000000,2621.74311895,0.15251093,143.19113979,0.01998424,0.01998424,37458,115,1
5335.25324732,5335.24958622,0.00000000,2628.84419790,0.15882194,143.18928462,0.01998426,0.01998424,37457,115,1
5335.39445413,5335.39206457,0.00000000,2635.62332420,0.16683856,143.18660124,0.01998425,0.01998424,37456,115,1
5335.53003996,5335.53455052,0.00000000,2642.13867602,0.08577182,143.18318248,0.01998423,0.01998424,37455,115,1
5335.67330383,5335.67704407,0.00000000,2649.02947420,0.14173565,143.17867109,0.01998423,0.01998424,37454,115,1
5335.81258176,5335.81954523,0.00000000,2655.73496662,0.18968433,143.17339713,0.01998422,0.01998424,37453,115,1
5335.96595058,5335.96205399,0.00000000,2663.12619685,0.02236532,143.16657373,0.01998426,0.01998425,37452,115,1
5336.10624412,5336.10457036,0.00000000,2669.89405121,0.15444285,143.15939685,0.01998425,0.01998425,37451,115,1
5336.25009643,5336.24709433,0.00000000,2676.84030539,0.14237425,143.15110733,0.01998426,0.01998425,37450,115,1
5336.39135749,5336.38962591,0.00000000,2683.66807883,0.15095473,143.14204756,0.01998425,0.01998425,37449,115,1
5336.54070050,5336.53216510,0.00000000,2690.89366929,0.22654458,143.13147566,0.01998428,0.01998425,37448,115,1
5336.67388303,5336.67471189,2697.37086333,2697.33070027,0.07547123,143.12120507,0.01998424,0.01998425,37447,115,0
5336.82501125,5336.81726630,0.00000000,2704.66982229,0.13136863,143.10851522,0.01998428,0.01998425,37446,115,1
5336.96351251,5336.95982831,0.00000000,2711.39060909,0.03426334,143.09597870,0.01998426,0.01998425,37445,115,1
5337.10642296,5337.10239793,0.00000000,2718.33208835,0.19497032,143.08211145,0.01998426,0.01998425,37444,115,1
5337.24406908,5337.24497516,2725.05916726,2725.01508452,0.20916763,143.06787821,0.01998424,0.01998425,37443,115,0
5337.38683534,5337.38756000,2731.99974604,2731.96445462,0.17777932,143.05215966,0.01998424,0.01998425,37442,115,0
5337.52706668,5337.53015245,0.00000000,2738.80359477,0.09206023,143.03577670,0.01998424,0.01998425,37441,115,1
5337.67202470,5337.67275251,2745.90225373,2745.86674148,0.13788002,143.01790575,0.01998424,0.01998425,37440,115,0
5337.80036700,5337.81536018,0.00000000,2752.13644408,0.18207115,143.00123248,0.01998419,0.01998425,37439,115,1
5337.95446505,5337.95797547,0.00000000,2759.66527853,0.16398039,142.98020434,0.01998423,0.01998425,37438,115,1
5338.09880165,5338.10059837,0.00000000,2766.72456314,0.06672656,142.95949010,0.01998424,0.01998425,37437,115,1
5338.24171632,5338.24322888,0.00000000,2773.72134943,0.18788857,142.93800665,0.01998424,0.01998425,37436,115,1
5338.39000457,5338.38586701,0.00000000,2780.98864912,0.12360029,142.91468862,0.01998426,0.01998425,37435,115,1
5338.52359258,5338.52851275,0.00000000,2787.54202389,0.12178073,142.89278416,0.01998423,0.01998425,37434,115,1
5338.67925843,5338.67116610,0.00000000,2795.18626395,0.15059005,142.86618256,0.01998428,0.01998425,37433,115,1
5338.81062326,5338.81382707,0.00000000,2801.64371351,0.19911394,142.84282923,0.01998424,0.01998425,37432,115,1
5338.96214862,5338.95649566,0.00000000,2809.09965996,0.18035459,142.81486047,0.01998427,0.01998425,37431,115,1
5339.09865498,5339.09917187,2815.84466662,2815.81919000,0.12826555,142.78873203,0.01998425,0.01998425,37430,115,0
5339.23967031,nan,0.00000000,2822.77621788,0.07527976,142.76075907,0.01998424,0.01998425,37429,115,1
5339.39138120,5339.38454713,0.00000000,2830.26413754,0.16470130,142.72960460,0.01998427,0.01998425,37428,115,1
5339.52275340,5339.52724619,0.00000000,2836.75477622,0.09488210,142.70172138,0.01998423,0.01998425,37427,115,1
5339.67496054,5339.66995287,0.00000000,2844.28244031,0.27099303,142.66836204,0.01998427,0.01998425,37426,115,1
5339.81603811,5339.81266716,0.00000000,2851.26702366,0.05466303,142.63642865,0.01998426,0.01998425,37425,115,1
5339.94709230,5339.95538908,0.00000000,2857.76171766,0.11255647,142.60588807,0.01998422,0.01998425,37424,115,1
5340.10088152,5340.09811862,0.00000000,2865.39093116,0.12195347,142.56897018,0.01998426,0.01998425,37423,115,1
5340.23285461,5340.24085578,0.00000000,2871.94464844,0.03605914,142.53635759,0.01998422,0.01998425,37422,115,1
5340.38660573,5340.38360056,0.00000000,2879.58775585,0.10944589,142.49727459,0.01998426,0.01998425,37421,115,1
5340.38660573,5340.38360056,0.00000000,2879.58775585,0.10944589,142.49727459,0.01998426,0.01998425,37421,115,1
5340.51952996,nan,0.00000000,2886.20241801,0.07193529,142.46253857,0.01998422,0.01998425,37420,115,1
5340.66912529,5340.66911299,2893.65892158,2893.65953453,0.20681951,142.42236394,0.01998425,0.01998425,37419,115,0
5340.81545159,5340.81188063,0.00000000,2900.95126977,0.17445753,142.38204063,0.01998426,0.01998425,37418,115,1
5340.95039378,5340.95465591,0.00000000,2907.68742733,0.15338859,142.34387629,0.01998423,0.01998425,37417,115,1
5341.09653313,5341.09743881,2915.03696511,2914.99169184,0.23665984,142.30150215,0.01998425,0.01998425,37416,115,0
5341.23789002,5341.24022933,0.00000000,2922.06113697,0.21236142,142.25950834,0.01998424,0.01998425,37415,115,1
5341.37798799,5341.38302748,0.00000000,2929.07651060,0.12439167,142.21688105,0.01998423,0.01998425,37414,115,1
5341.53022888,5341.52583325,0.00000000,2936.70815488,0.11294540,142.16942930,0.01998427,0.01998425,37413,115,1
5341.67021035,nan,0.00000000,2943.73282765,0.19674760,142.12475714,0.01998426,0.01998425,37412,115,1
nan,nan,0.00000000,-1.00000000,0.00000000,142.08409769,nan,0.00000000,-2147483648,115,1
5341.95328578,nan,0.00000000,2957.96064792,0.20476262,142.03135787,0.01998425,0.01998425,37410,115,1
5342.09584513,5342.09713262,2965.20050653,2965.13566646,0.13283671,141.98277447,0.01998425,0.01998425,37409,115,0
5342.24326916,5342.23997653,0.00000000,2972.56675966,0.04645049,141.93140948,0.01998426,0.01998425,37408,115,1
5342.37492606,5342.38282807,0.00000000,2979.20859921,0.09529705,141.88459787,0.01998422,0.01998425,37407,115,1
5342.52104619,5342.52568725,0.00000000,2986.58774877,0.10983464,141.83159139,0.01998423,0.01998425,37406,115,1
5342.67051138,5342.66855405,0.00000000,2994.14419851,0.20390265,141.77622250,0.01998426,0.01998425,37405,115,1
nan,nan,0.00000000,-1.00000000,0.00000000,141.71749231,nan,0.00000000,-2147483648,115,1
5342.95948851,5342.95431055,0.00000000,3008.77801816,0.19673200,141.66586312,0.01998427,0.01998425,37403,115,1
5343.09250221,5343.09720025,0.00000000,3015.52457426,0.13493748,141.61359380,0.01998423,0.01998425,37402,115,1
5343.23030494,5343.24009758,0.00000000,3022.52120114,0.11656117,141.55846008,0.01998422,0.01998425,37401,115,1
5343.38399664,5343.38300254,3030.27801237,3030.32857472,0.16188023,141.49582365,0.01998426,0.01998425,37400,115,0
5343.51615857,5343.52591514,0.00000000,3037.05814310,0.07986045,141.44089145,0.01998422,0.01998425,37399,115,1
5343.66062905,5343.66883537,0.00000000,3044.41716226,0.17118261,141.37982227,0.01998422,0.01998425,37398,115,1
5343.81699805,5343.81176324,0.00000000,3052.39142308,0.07857886,141.31246972,0.01998427,0.01998425,37397,115,1
5343.96154241,5343.95469874,0.00000000,3059.77116569,0.23572853,141.24904740,0.01998428,0.01998425,37396,115,1
5344.09814066,5344.09764188,3066.72801585,3066.75352854,0.14835213,141.18807468,0.01998426,0.01998425,37395,115,0
5344.26082861,5344.24059265,0.00000000,3075.07735393,0.23975294,141.11416136,0.01998433,0.01998425,37394,115,1
5344.38786929,5344.38355107,0.00000000,3081.58518521,0.06363651,141.05544466,0.01998427,0.01998425,37393,115,1
5344.54124055,5344.52651712,0.00000000,3089.45035406,0.09753299,140.98339372,0.01998431,0.01998425,37392,115,1
5344.67413296,5344.66949080,0.00000000,3096.27288786,0.22788939,140.91993015,0.01998427,0.01998425,37391,115,1
5344.81017681,5344.81247213,0.00000000,3103.26450651,0.14044968,140.85396487,0.01998425,0.01998425,37390,115,1
5344.96611835,5344.95546110,0.00000000,3111.28782378,0.07911422,140.77710728,0.01998429,0.01998425,37389,115,1
5345.09405613,5345.09845770,0.00000000,3117.87761497,0.09635166,140.71305613,0.01998424,0.01998425,37388,115,1
5345.22942057,5345.24146195,0.00000000,3124.85711510,0.14161862,140.64430691,0.01998421,0.01998425,37387,115,1
nan,nan,0.00000000,-1.00000000,0.00000000,140.57297908,nan,0.00000000,-2147483648,115,1
5345.54016490,5345.52749337,0.00000000,3140.90739083,0.04285891,140.48265782,0.01998430,0.01998425,37385,115,1
5345.67119882,5345.67052054,3147.65241063,3147.68752563,0.15616499,140.41288556,0.01998426,0.01998425,37384,115,0
5345.81217552,5345.81355535,0.00000000,3154.98928665,0.10518505,140.33675823,0.01998425,0.01998425,37383,115,1
5345.95444432,5345.95659781,0.00000000,3162.36655735,0.08835624,140.25880421,0.01998425,0.01998425,37382,115,1
5346.11111358,5346.09964791,0.00000000,3170.50018694,0.08573535,140.17164731,0.01998430,0.01998426,37381,115,1
5346.24062293,5346.24270565,0.00000000,3177.23143294,0.17304591,140.09855793,0.01998425,0.01998426,37380,115,1
5346.37611063,5346.38577104,0.00000000,3184.28083806,0.21405048,140.02108221,0.01998422,0.01998426,37379,115,1
5346.53235895,5346.52884408,0.00000000,3192.41988719,0.13915083,139.93044562,0.01998427,0.01998426,37378,115,1
5346.67346469,5346.67192476,0.00000000,3199.77890042,0.07759491,139.84740230,0.01998426,0.01998426,37377,115,1
5346.81363569,5346.81501309,0.00000000,3207.09741614,0.13531102,139.76378664,0.01998425,0.01998426,37376,115,1
5346.95595886,5346.95810906,0.00000000,3214.53674189,0.17356950,139.67773894,0.01998425,0.01998426,37375,115,1
5347.08525158,5347.10121268,0.00000000,3221.30235775,0.06829621,139.59856336,0.01998420,0.01998426,37374,115,1
5347.24452000,5347.24432396,3229.63804517,3229.64832224,0.19565657,139.49968601,0.01998426,0.01998426,37373,115,0
5347.37793081,5347.38744287,0.00000000,3236.64379040,0.04669070,139.41578121,0.01998422,0.01998426,37372,115,1
5347.53141509,5347.53056944,3244.66044046,3244.70487047,0.12690656,139.31793393,0.01998426,0.01998426,37371,115,0
5347.67066465,5347.67370366,0.00000000,3252.02457937,0.14278154,139.22800868,0.01998425,0.01998426,37370,115,1
5347.81643490,5347.81684553,3259.71847466,3259.69685019,0.16404662,139.13265217,0.01998426,0.01998426,37369,115,0
5347.95950859,5347.95999505,3267.26138303,3267.23573498,0.13742466,139.03785725,0.01998426,0.01998426,37368,115,0
5348.10195476,5348.10315222,3274.81381824,3274.75060646,0.13175008,138.94228318,0.01998425,0.01998426,37367,115,0
5348.23872799,5348.24631705,0.00000000,3281.97683968,0.10529577,138.84936236,0.01998423,0.01998426,37366,115,1
5348.39245728,5348.38948952,0.00000000,3290.10658071,0.15293158,138.74363124,0.01998427,0.01998426,37365,115,1
5348.52254739,5348.53266965,0.00000000,3296.99426392,0.11367425,138.65306617,0.01998422,0.01998426,37364,115,1
5348.68074031,5348.67585743,0.00000000,3305.37986113,0.15958479,138.54158293,0.01998428,0.01998426,37363,115,1
5348.81411866,5348.81905287,0.00000000,3312.45862663,0.14298883,138.44642910,0.01998424,0.01998426,37362,115,1
5348.96333285,5348.96225596,3320.32801186,3320.38526768,0.10059437,138.33874363,0.01998426,0.01998426,37361,115,0
nan,nan,0.00000000,-1.00000000,0.00000000,138.24796371,nan,0.00000000,-2147483648,115,1
5349.26654450,5349.24868511,0.00000000,3336.52882149,0.00023688,138.11572505,0.01998433,0.01998426,37359,115,1
5349.39480011,5349.39191117,0.00000000,3343.36893286,0.18090573,138.01973294,0.01998427,0.01998426,37358,115,1
5349.53566837,5349.53514489,3350.85895089,3350.88691526,0.12998245,137.91319979,0.01998426,0.01998426,37357,115,0
5349.69465516,5349.67838626,0.00000000,3359.38957442,0.18792710,137.79141651,0.01998432,0.01998426,37356,115,1
5349.69465516,5349.67838626,0.00000000,3359.38957442,0.18792710,137.79141651,0.01998432,0.01998426,37356,115,1
5349.82098650,5349.82163529,3366.18215004,3366.14740489,0.09110121,137.69364293,0.01998426,0.01998426,37355,115,0
5349.95607363,5349.96489199,0.00000000,3373.38975584,0.30668320,137.58789464,0.01998423,0.01998426,37354,115,1
5350.09980320,5350.10815634,0.00000000,3381.10037331,0.13654150,137.47421257,0.01998423,0.01998426,37353,115,1
5350.25669630,5350.25142835,0.00000000,3389.52793703,0.21870974,137.34866728,0.01998428,0.01998426,37352,115,1
5350.39198176,5350.39470802,0.00000000,3396.80389665,0.06357710,137.23919170,0.01998425,0.01998426,37351,115,1
5350.53593254,5350.53799535,0.00000000,3404.55514112,0.06974054,137.12145850,0.01998425,0.01998426,37350,115,1
5350.67533093,5350.68129034,0.00000000,3412.07037349,0.06933688,137.00622072,0.01998424,0.01998426,37349,115,1
5350.82498941,5350.82459299,3420.13059489,3420.15200839,0.30954445,136.88110146,0.01998426,0.01998426,37348,115,0
5350.95280611,5350.96790331,0.00000000,3427.05642141,0.14193257,136.77322620,0.01998420,0.01998426,37347,115,1
5351.11152700,5351.11122129,3435.63240276,3435.64895679,0.27868638,136.63771275,0.01998426,0.01998426,37346,115,0
5351.25424105,5351.25454694,3443.39815351,3443.38156948,0.20867939,136.51456456,0.01998426,0.01998426,37345,115,0
5351.39400064,5351.39788024,0.00000000,3450.95883352,0.18336393,136.39279120,0.01998425,0.01998426,37344,115,1
5351.54620971,5351.54122122,0.00000000,3459.22627497,0.16813877,136.25868537,0.01998428,0.01998426,37343,115,1
5351.68174343,5351.68456986,0.00000000,3466.59721761,0.14857786,136.13803031,0.01998425,0.01998426,37342,115,1
5351.83306421,5351.82792616,0.00000000,3474.83706263,0.24095554,136.00193493,0.01998428,0.01998426,37341,115,1
5351.98204388,5351.97129013,0.00000000,3482.96011674,0.34031853,135.86651129,0.01998430,0.01998426,37340,115,1
5352.11941996,5352.11466177,0.00000000,3490.45992529,0.19461629,135.74037030,0.01998428,0.01998426,37339,115,1
5352.25912616,5352.25804107,3498.04625555,3498.10561199,0.30013376,135.61068140,0.01998427,0.01998426,37338,115,0
5352.39776420,5352.40142805,0.00000000,3505.68354133,0.09980937,135.48105205,0.01998425,0.01998426,37337,115,1
5352.54004076,5352.54482269,0.00000000,3513.47964169,0.08772960,135.34655889,0.01998424,0.01998426,37336,115,1
5352.68529055,5352.68822500,0.00000000,3521.44883119,0.20264096,135.20789396,0.01998425,0.01998426,37335,115,1
5352.83845459,5352.83163498,0.00000000,3529.86341486,0.08099849,135.06017859,0.01998429,0.01998426,37334,115,1
5352.97967762,5352.97505263,0.00000000,3537.63218453,0.13983674,134.92261482,0.01998428,0.01998426,37333,115,1
5353.12650616,nan,0.00000000,3545.71974048,0.17108928,134.77819764,0.01998429,0.01998426,37332,115,1
5353.25264325,nan,0.00000000,3552.67609600,0.18537367,134.65299417,0.01998423,0.01998426,37331,115,1
5353.40019073,5353.40535161,0.00000000,3560.82324495,0.06214509,134.50519969,0.01998424,0.01998426,37330,115,1
5353.55062873,5353.54879995,0.00000000,3569.14117722,0.14390812,134.35301819,0.01998427,0.01998426,37329,115,1
5353.68942368,5353.69225596,0.00000000,3576.82539714,0.18898493,134.21127418,0.01998425,0.01998426,37328,115,1
5353.84390875,5353.83571965,0.00000000,3585.38966998,0.15230629,134.05198834,0.01998429,0.01998426,37327,115,1
5353.98110969,5353.97919100,0.00000000,3593.00585228,0.20002171,133.90917790,0.01998427,0.01998426,37326,115,1
5354.12221995,5354.12267004,3600.87127501,3600.84623900,0.19473489,133.76102525,0.01998426,0.01998426,37325,115,0
5354.26425872,5354.26615675,0.00000000,3608.75397569,0.35572796,133.61043093,0.01998426,0.01998426,37324,115,1
nan,nan,0.00000000,-1.00000000,0.00000000,133.47140794,nan,0.00000000,-2147483648,115,1
5354.55869518,5354.55315319,0.00000000,3625.17331257,0.13734539,133.29399533,0.01998428,0.01998426,37322,115,1
5354.69017520,5354.69666293,0.00000000,3632.51973151,0.05882409,133.15077750,0.01998424,0.01998426,37321,115,1
nan,nan,0.00000000,-1.00000000,0.00000000,132.96446615,nan,0.00000000,-2147483648,115,1
5354.98416162,5354.98370544,3648.94383952,3648.96941689,0.14818838,132.82642605,0.01998427,0.01998426,37319,115,0
5355.14004251,5355.12723821,0.00000000,3657.72376506,0.30811749,132.65174461,0.01998431,0.01998426,37318,115,1
5355.26844519,5355.27077866,0.00000000,3664.93696235,0.26910376,132.50673762,0.01998426,0.01998426,37317,115,1
nan,nan,0.00000000,-1.00000000,0.00000000,132.36380678,nan,0.00000000,-2147483648,115,1
nan,nan,0.00000000,-1.00000000,0.00000000,132.32316450,nan,0.00000000,-2147483648,115,1
5355.56628893,5355.55788261,0.00000000,3681.70214979,0.13090506,132.16595008,0.01998430,0.01998426,37315,115,1
5355.56628893,5355.55788261,0.00000000,3681.70214979,0.13090506,132.16595008,0.01998430,0.01998426,37315,115,1
5355.70436189,5355.70144610,0.00000000,3689.48999579,0.08634752,132.00586016,0.01998428,0.01998426,37314,115,1
5355.80188697,5355.70144610,0.00000000,3694.99689489,170.49701519,131.89197504,0.01998464,0.01998426,37314,115,1
5355.98373188,5355.98859613,0.00000000,3705.27859955,0.20849716,131.67783081,0.01998425,0.01998426,37312,115,1
5356.12789722,5356.13218267,0.00000000,3713.44245944,0.10104982,131.50639274,0.01998425,0.01998426,37311,115,1
5356.27390506,5356.27577689,0.00000000,3721.72206446,0.11220243,131.33125582,0.01998426,0.01998426,37310,115,1
5356.43329136,5356.41937880,0.00000000,3730.77347960,0.20377187,131.13833255,0.01998432,0.01998427,37309,115,1
5356.43329136,5356.41937880,0.00000000,3730.77347960,0.20377187,131.13833255,0.01998432,0.01998427,37309,115,1
nan,nan,0.00000000,-1.00000000,0.00000000,130.96166881,nan,0.00000000,-2147483648,115,1
nan,nan,0.00000000,-1.00000000,0.00000000,130.91852879,nan,0.00000000,-2147483648,115,1
5356.70007730,5356.70660566,0.00000000,3745.95494873,0.21599102,130.81133017,0.01998424,0.01998427,37307,115,1
5356.87199664,5356.70660566,0.00000000,3755.75865700,0.11867855,130.59788583,0.01998488,0.01998427,37307,115,1
5356.99942882,5356.99386327,0.00000000,3763.03597468,0.27762486,130.43829114,0.01998429,0.01998427,37305,115,1
5357.14305886,5357.13750360,0.00000000,3771.24906376,0.24942076,130.25699382,0.01998429,0.01998427,37304,115,1
5357.14305886,5357.13750360,0.00000000,3771.24906376,0.24942076,130.25699382,0.01998429,0.01998427,37304,115,1
nan,nan,0.00000000,-1.00000000,0.00000000,130.10703528,nan,0.00000000,-2147483648,115,1
nan,nan,0.00000000,-1.00000000,0.00000000,130.04012507,nan,0.00000000,-2147483648,115,1
5357.41992069,5357.42480732,0.00000000,3787.11297704,0.12333770,129.90326859,0.01998425,0.01998427,37302,115,1
5357.57266219,5357.56847072,0.00000000,3795.88324269,0.14689086,129.70571192,0.01998428,0.01998427,37301,115,1
5357.57266219,5357.56847072,0.00000000,3795.88324269,0.14689086,129.70571192,0.01998428,0.01998427,37301,115,1
5357.68110442,5357.56847072,0.00000000,3802.11784059,0.29837356,129.56440691,0.01998469,0.01998427,37301,115,1
5357.86242902,5357.85582057,0.00000000,3812.55743324,0.14578953,129.32618657,0.01998429,0.01998427,37299,115,1
5358.01049159,5357.99950703,0.00000000,3821.09580922,0.06788632,129.12985169,0.01998431,0.01998427,37298,115,1
5358.14821889,5358.14320119,0.00000000,3829.04937858,0.05239102,128.94575214,0.01998429,0.01998427,37297,115,1
5358.28278869,5358.28690303,0.00000000,3836.83107722,0.18799123,128.76450021,0.01998425,0.01998427,37296,115,1
5358.44093347,5358.43061257,0.00000000,3845.98931943,0.05209760,128.54975416,0.01998431,0.01998427,37295,115,1
5358.44093347,5358.43061257,0.00000000,3845.98931943,0.05209760,128.54975416,0.01998431,0.01998427,37295,115,1
5358.56756864,5358.57432979,0.00000000,3853.33321748,0.21604779,128.37643403,0.01998424,0.01998427,37294,115,1
nan,nan,0.00000000,-1.00000000,0.00000000,128.26577875,nan,0.00000000,-2147483648,115,1
5358.72942193,5358.71805471,0.00000000,3862.73302343,0.24583718,128.15314299,0.01998431,0.01998427,37293,115,1
5358.86501864,5358.86178732,0.00000000,3870.61967605,0.16953980,127.96454126,0.01998428,0.01998427,37292,115,1
nan,nan,0.00000000,-1.00000000,0.00000000,127.71456098,nan,0.00000000,-2147483648,115,1
nan,nan,0.00000000,-1.00000000,0.00000000,127.64194546,nan,0.00000000,-2147483648,115,1
nan,nan,0.00000000,-1.00000000,0.00000000,127.59344319,nan,0.00000000,-2147483648,115,1
nan,nan,0.00000000,-1.00000000,0.00000000,127.52055193,nan,0.00000000,-2147483648,115,1
nan,nan,0.00000000,-1.00000000,0.00000000,127.47186587,nan,0.00000000,-2147483648,115,1
nan,nan,0.00000000,-1.00000000,0.00000000,127.37427330,nan,0.00000000,-2147483648,115,1
nan,nan,0.00000000,-1.00000000,0.00000000,127.27638685,nan,0.00000000,-2147483648,115,1
5359.46520681,nan,0.00000000,3905.65773537,0.23722340,127.11280999,0.01998491,0.01998427,37289,115,1
5359.46520681,5359.29303133,0.00000000,3905.65773537,0.23722340,127.11280999,0.01998491,0.01998427,37289,115,1
5359.58266793,5359.58056580,0.00000000,3912.53988440,0.26785396,126.94286445,0.01998428,0.01998427,37287,115,1
5359.73347816,5359.72434459,0.00000000,3921.38806832,0.07890972,126.72309409,0.01998430,0.01998427,37286,115,1
5359.87112398,nan,0.00000000,3929.47579020,0.09430102,126.52095695,0.01998428,0.01998427,37285,115,1
5359.87112398,nan,0.00000000,3929.47579020,0.09430102,126.52095695,0.01998428,0.01998427,37285,115,1
5359.98718867,5359.86813107,0.00000000,3936.30432670,0.08044622,126.34935811,0.01998471,0.01998427,37285,115,1
5359.98718867,nan,0.00000000,3936.30432670,0.08044622,126.34935811,0.01998471,0.01998427,37285,115,1
5360.15183100,5360.15572712,0.00000000,3946.00485186,0.62390684,126.10412004,0.01998425,0.01998427,37283,115,1
5360.30077976,5360.29953669,3954.72061018,3954.79403831,0.06099141,125.88043562,0.01998427,0.01998427,37282,115,0
5360.43337543,5360.44335397,0.00000000,3962.63132269,0.18694228,125.67978659,0.01998423,0.01998427,37281,115,1
nan,nan,0.00000000,-1.00000000,0.00000000,125.46429480,nan,0.00000000,-2147483648,115,1
nan,nan,0.00000000,-1.00000000,0.00000000,125.36084421,nan,0.00000000,-2147483648,115,1
5360.74309422,5360.73101161,0.00000000,3980.97776831,0.28644071,125.20569942,0.01998431,0.01998427,37279,115,1
5360.90194940,nan,0.00000000,3990.41068913,0.12826958,124.95955612,0.01998491,0.01998427,37279,115,1
5360.90194940,nan,0.00000000,3990.41068913,0.12826958,124.95955612,0.01998491,0.01998427,37279,115,1
5360.90194940,nan,0.00000000,3990.41068913,0.12826958,124.95955612,0.01998491,0.01998427,37279,115,1
5361.17197434,5361.16255584,0.00000000,4006.48101129,0.09234387,124.53648463,0.01998430,0.01998427,37276,115,1
5361.17197434,5361.16255584,0.00000000,4006.48101129,0.09234387,124.53648463,0.01998430,0.01998427,37276,115,1
5361.17197434,5361.16255584,0.00000000,4006.48101129,0.09234387,124.53648463,0.01998430,0.01998427,37276,115,1
5361.31177173,5361.30641932,0.00000000,4014.81889567,0.11584177,124.31512839,0.01998429,0.01998427,37275,115,1
5361.44670996,5361.45029051,0.00000000,4022.87865143,0.21794092,124.09995521,0.01998426,0.01998427,37274,115,1
5361.44670996,5361.45029051,0.00000000,4022.87865143,0.21794092,124.09995521,0.01998426,0.01998427,37274,115,1
5361.60177143,5361.59416939,0.00000000,4032.15459043,0.24682088,123.85085346,0.01998430,0.01998427,37273,115,1
5361.60177143,5361.59416939,0.00000000,4032.15459043,0.24682088,123.85085346,0.01998430,0.01998427,37273,115,1
nan,nan,0.00000000,-1.00000000,0.00000000,123.61185943,nan,0.00000000,-2147483648,115,1
5361.89288229,5361.88195028,0.00000000,4049.61052706,0.22810016,123.37784946,0.01998431,0.01998427,37271,115,1
5361.89288229,5361.88195028,0.00000000,4049.61052706,0.22810016,123.37784946,0.01998431,0.01998427,37271,115,1
nan,nan,0.00000000,-1.00000000,0.00000000,123.17595361,nan,0.00000000,-2147483648,115,1
5362.16878422,5362.16976199,0.00000000,4066.20471802,0.18352640,122.92307935,0.01998427,0.01998427,37269,115,1
5362.16878422,5362.16976199,0.00000000,4066.20471802,0.18352640,122.92307935,0.01998427,0.01998427,37269,115,1
5362.31309265,5362.31367941,0.00000000,4074.90380519,0.26909063,122.68268777,0.01998427,0.01998427,37268,115,1
5362.31309265,5362.31367941,0.00000000,4074.90380519,0.26909063,122.68268777,0.01998427,0.01998427,37268,115,1
5362.50081514,nan,0.00000000,4086.24024625,0.01404438,122.36736366,0.01998497,0.01998427,37268,115,1
5362.50081514,nan,0.00000000,4086.24024625,0.01404438,122.36736366,0.01998497,0.01998427,37268,115,1
nan,nan,0.00000000,-1.00000000,0.00000000,122.20626693,nan,0.00000000,-2147483648,115,1
5329.45611471,nan,0.00000000,454.00000000,nan,135.16705053,0.01998493,0.01998424,37499,114,1
5329.84993201,5329.84103751,0.00000000,468.43930572,0.04730939,135.76414434,0.01998427,0.01998424,37495,114,1
5329.84993201,5329.84103751,0.00000000,468.43930572,0.04730939,135.76414434,0.01998427,0.01998424,37495,114,1
nan,nan,0.00000000,-1.00000000,0.00000000,135.95190315,nan,0.00000000,-2147483648,114,1
5330.11401748,nan,0.00000000,478.13405769,0.18239826,136.16278717,0.01998473,0.01998424,37494,114,1
nan,nan,0.00000000,-1.00000000,0.00000000,136.36218944,nan,0.00000000,-2147483648,114,1
nan,nan,0.00000000,-1.00000000,0.00000000,136.44401549,nan,0.00000000,-2147483648,114,1
nan,nan,0.00000000,-1.00000000,0.00000000,136.56661006,nan,0.00000000,-2147483648,114,1
nan,nan,0.00000000,-1.00000000,0.00000000,136.64824344,nan,0.00000000,-2147483648,114,1
nan,nan,0.00000000,-1.00000000,0.00000000,136.85198975,nan,0.00000000,-2147483648,114,1
5330.71647810,nan,0.00000000,500.28721752,0.04406782,137.06691605,0.01998432,0.01998424,37489,114,1
5330.71647810,5330.69429026,0.00000000,500.28721752,0.04406782,137.06691605,0.01998432,0.01998424,37489,114,1
5330.96633597,nan,0.00000000,509.48970514,0.04005557,137.43971440,0.01998473,0.01998424,37488,114,1
5330.96633597,5330.83652560,0.00000000,509.48970514,0.04005557,137.43971440,0.01998473,0.01998424,37488,114,1
nan,nan,0.00000000,-1.00000000,0.00000000,137.66215895,nan,0.00000000,-2147483648,114,1
5331.25138849,nan,0.00000000,519.99918368,657.10930998,137.86346451,0.01998473,0.01998424,37486,114,1
nan,nan,0.00000000,-1.00000000,0.00000000,138.14456213,nan,0.00000000,-2147483648,114,1
5331.54854545,5331.54781608,530.93490815,530.96183945,0.17982541,138.30322014,0.01998424,0.01998424,37483,114,0
5331.54854545,5331.54781608,530.93490815,530.96183945,0.17982541,138.30322014,0.01998424,0.01998424,37483,114,0
nan,nan,0.00000000,-1.00000000,0.00000000,138.66403589,nan,0.00000000,-2147483648,114,1
nan,nan,0.00000000,-1.00000000,0.00000000,138.74366605,nan,0.00000000,-2147483648,114,1
nan,nan,0.00000000,-1.00000000,0.00000000,138.86296687,nan,0.00000000,-2147483648,114,1
nan,nan,0.00000000,-1.00000000,0.00000000,138.98209438,nan,0.00000000,-2147483648,114,1
nan,nan,0.00000000,-1.00000000,0.00000000,139.18025510,nan,0.00000000,-2147483648,114,1
nan,nan,0.00000000,-1.00000000,0.00000000,139.33843708,nan,0.00000000,-2147483648,114,1
nan,nan,0.00000000,-1.00000000,0.00000000,139.41741254,nan,0.00000000,-2147483648,114,1
nan,nan,0.00000000,-1.00000000,0.00000000,139.53573132,nan,0.00000000,-2147483648,114,1
nan,nan,0.00000000,-1.00000000,0.00000000,139.61451424,nan,0.00000000,-2147483648,114,1
5332.67473128,nan,0.00000000,572.64849561,0.29735205,139.95430453,0.01998473,0.01998424,37476,114,1
5332.67473128,nan,0.00000000,572.64849561,0.29735205,139.95430453,0.01998473,0.01998424,37476,114,1
5332.95308100,nan,0.00000000,582.97854722,0.26066862,140.35827420,0.01998471,0.01998424,37474,114,1
5332.95308100,nan,0.00000000,582.97854722,0.26066862,140.35827420,0.01998471,0.01998424,37474,114,1
5333.10744152,5333.11332301,0.00000000,588.71196065,0.23127464,140.58160005,0.01998422,0.01998424,37472,114,1
5333.10744152,5333.11332301,0.00000000,588.71196065,0.23127464,140.58160005,0.01998422,0.01998424,37472,114,1
5333.38315184,nan,0.00000000,598.96125466,0.18582275,140.97925020,0.01998472,0.01998424,37471,114,1
5333.66726498,5333.54043890,0.00000000,609.53446553,0.04085150,141.38734877,0.01998472,0.01998424,37469,114,1
5333.80118732,5333.68282605,0.00000000,614.52243460,0.11628838,141.57912451,0.01998469,0.01998424,37468,114,1
5333.80118732,nan,0.00000000,614.52243460,0.11628838,141.57912451,0.01998469,0.01998424,37468,114,1
nan,nan,0.00000000,-1.00000000,0.00000000,141.75086857,nan,0.00000000,-2147483648,114,1
nan,nan,0.00000000,-1.00000000,0.00000000,141.82745706,nan,0.00000000,-2147483648,114,1
nan,nan,0.00000000,-1.00000000,0.00000000,142.05676064,nan,0.00000000,-2147483648,114,1
nan,nan,0.00000000,-1.00000000,0.00000000,142.17115264,nan,0.00000000,-2147483648,114,1
nan,nan,0.00000000,-1.00000000,0.00000000,142.24731775,nan,0.00000000,-2147483648,114,1
5334.54177560,5334.53730851,0.00000000,642.15321998,0.00217368,142.63279112,0.01998426,0.01998424,37462,114,1
5334.54177560,5334.53730851,0.00000000,642.15321998,0.00217368,142.63279112,0.01998426,0.01998424,37462,114,1
5334.66098950,5334.53730851,0.00000000,646.60853360,0.21268889,142.80131371,0.01998471,0.01998424,37462,114,1
nan,nan,0.00000000,-1.00000000,0.00000000,143.00473562,nan,0.00000000,-2147483648,114,1
nan,nan,0.00000000,-1.00000000,0.00000000,143.19288754,nan,0.00000000,-2147483648,114,1
5335.10100588,5335.10711548,0.00000000,663.07120425,0.11166512,143.42070269,0.01998422,0.01998424,37458,114,1
5335.10100588,5335.10711548,0.00000000,663.07120425,0.11166512,143.42070269,0.01998422,0.01998424,37458,114,1
5335.10100588,5335.10711548,0.00000000,663.07120425,0.11166512,143.42070269,0.01998422,0.01998424,37458,114,1
nan,nan,0.00000000,-1.00000000,0.00000000,143.64248976,nan,0.00000000,-2147483648,114,1
5335.44605580,5335.24958622,0.00000000,676.00092078,320.44989318,143.90351269,0.01998498,0.01998424,37457,114,1
5335.67004060,5335.67704407,0.00000000,684.40358104,0.67632774,144.21555329,0.01998422,0.01998424,37454,114,1
5335.67004060,5335.67704407,0.00000000,684.40358104,0.67632774,144.21555329,0.01998422,0.01998424,37454,114,1
5335.82729659,5335.81954523,0.00000000,690.30743053,0.10826345,144.43398590,0.01998427,0.01998424,37453,114,1
nan,nan,0.00000000,-1.00000000,0.00000000,144.60712494,nan,0.00000000,-2147483648,114,1
nan,nan,0.00000000,-1.00000000,0.00000000,144.86461282,nan,0.00000000,-2147483648,114,1
nan,nan,0.00000000,-1.00000000,0.00000000,144.97467628,nan,0.00000000,-2147483648,114,1
nan,nan,0.00000000,-1.00000000,0.00000000,145.04795576,nan,0.00000000,-2147483648,114,1
nan,nan,0.00000000,-1.00000000,0.00000000,145.26733263,nan,0.00000000,-2147483648,114,1
nan,nan,0.00000000,-1.00000000,0.00000000,145.41319925,nan,0.00000000,-2147483648,114,1
5336.67974545,5336.67471189,0.00000000,722.37553889,0.23244452,145.60874259,0.01998426,0.01998425,37447,114,1
5336.67974545,5336.67471189,0.00000000,722.37553889,0.23244452,145.60874259,0.01998426,0.01998425,37447,114,1
5336.81731108,5336.81726630,727.55432171,727.55601009,0.01780120,145.79666426,0.01998425,0.01998425,37446,114,0
5336.96234259,5336.95982831,0.00000000,733.03074838,0.04413244,145.99469961,0.01998426,0.01998425,37445,114,1
5337.10796846,5337.10239793,0.00000000,738.52625164,0.08211285,146.19290649,0.01998427,0.01998425,37444,114,1
5337.35064000,nan,0.00000000,747.69116297,0.08087547,146.52216659,0.01998464,0.01998425,37443,114,1
5337.35064000,nan,0.00000000,747.69116297,0.08087547,146.52216659,0.01998464,0.01998425,37443,114,1
5337.51624021,nan,0.00000000,753.95050792,0.37871794,146.74611274,0.01998473,0.01998425,37442,114,1
5337.65901110,nan,0.00000000,759.35032374,0.06331193,146.93870157,0.01998473,0.01998425,37441,114,1
5337.77456271,nan,0.00000000,763.72295516,0.02003396,147.09424429,0.01998463,0.01998425,37440,114,1
5338.08340895,nan,0.00000000,775.42020299,0.10082655,147.50853063,0.01998472,0.01998425,37438,114,1
5338.08340895,nan,0.00000000,775.42020299,0.10082655,147.50853063,0.01998472,0.01998425,37438,114,1
5338.40970699,5338.24322888,0.00000000,787.79441667,0.36839667,147.94393057,0.01998487,0.01998425,37436,114,1
5338.53929276,5338.52851275,0.00000000,792.71327807,0.21825424,148.11618849,0.01998429,0.01998425,37434,114,1
5338.68016594,5338.67116610,0.00000000,798.06354914,0.06217894,148.30302633,0.01998428,0.01998425,37433,114,1
5338.79805669,5338.67116610,0.00000000,802.54333505,0.03004777,148.45904262,0.01998472,0.01998425,37433,114,1
nan,nan,0.00000000,-1.00000000,0.00000000,148.68322861,nan,0.00000000,-2147483648,114,1
nan,nan,0.00000000,-1.00000000,0.00000000,148.82171327,nan,0.00000000,-2147483648,114,1
nan,nan,0.00000000,-1.00000000,0.00000000,148.89084029,nan,0.00000000,-2147483648,114,1
5339.24508738,5339.24185569,0.00000000,819.54996934,0.37370461,149.04781687,0.01998426,0.01998425,37429,114,1
5339.37659456,5339.38454713,0.00000000,824.55892390,0.04180741,149.22016867,0.01998422,0.01998425,37428,114,1
5339.52041164,5339.52724619,0.00000000,830.03985680,0.24424241,149.40820826,0.01998422,0.01998425,37427,114,1
5339.67415611,5339.66995287,0.00000000,835.90272642,0.02148200,149.60871236,0.01998426,0.01998425,37426,114,1
5339.82151366,5339.81266716,0.00000000,841.52553526,0.21314327,149.80038619,0.01998428,0.01998425,37425,114,1
5339.95587838,5339.95538908,846.62326025,846.64194655,0.26459902,149.97426979,0.01998425,0.01998425,37424,114,0
5340.09440531,5340.09811862,0.00000000,851.94748574,0.04800206,150.15404981,0.01998424,0.01998425,37423,114,1
nan,nan,0.00000000,-1.00000000,0.00000000,150.35848100,nan,0.00000000,-2147483648,114,1
nan,nan,0.00000000,-1.00000000,0.00000000,150.49319972,nan,0.00000000,-2147483648,114,1
5340.52687708,5340.52635296,868.45447431,868.47453859,0.21770705,150.71060872,0.01998425,0.01998425,37420,114,0
5340.66712690,5340.66911299,0.00000000,873.85862558,0.20717461,150.89078813,0.01998424,0.01998425,37419,114,1
5340.79659500,nan,0.00000000,878.81905454,0.22223513,151.05629690,0.01998473,0.01998425,37419,114,1
nan,nan,0.00000000,-1.00000000,0.00000000,151.22865878,nan,0.00000000,-2147483648,114,1
nan,nan,0.00000000,-1.00000000,0.00000000,151.29505769,nan,0.00000000,-2147483648,114,1
5341.10476985,5341.09743881,0.00000000,890.63723918,0.22339507,151.44871593,0.01998428,0.01998425,37416,114,1
5341.23737189,5341.24022933,0.00000000,895.72708301,0.14760823,151.61689609,0.01998424,0.01998425,37415,114,1
5341.37747568,5341.38302748,0.00000000,901.10795219,0.03514761,151.79415134,0.01998423,0.01998425,37414,114,1
5341.51821866,5341.52583325,0.00000000,906.51655876,0.06931517,151.97175995,0.01998422,0.01998425,37413,114,1
5341.67203457,5341.66864665,0.00000000,912.43120577,0.44029490,152.16534288,0.01998426,0.01998425,37412,114,1
5341.81048995,5341.81146768,917.79553212,917.75788625,0.16681709,152.33910706,0.01998425,0.01998425,37411,114,0
5342.09241367,5342.09713262,0.00000000,928.61551628,0.08740288,152.69161177,0.01998423,0.01998425,37409,114,1
5342.09241367,5342.09713262,0.00000000,928.61551628,0.08740288,152.69161177,0.01998423,0.01998425,37409,114,1
5342.23534530,5342.23997653,0.00000000,934.12483666,0.13550184,152.86961208,0.01998423,0.01998425,37408,114,1
5342.37645856,5342.38282807,0.00000000,939.56733878,0.41558677,153.04488132,0.01998423,0.01998425,37407,114,1
nan,nan,0.00000000,-1.00000000,0.00000000,153.18720961,nan,0.00000000,-2147483648,114,1
nan,nan,0.00000000,-1.00000000,0.00000000,153.25130409,nan,0.00000000,-2147483648,114,1
nan,nan,0.00000000,-1.00000000,0.00000000,153.37926266,nan,0.00000000,-2147483648,114,1
5342.81377685,5342.81142848,0.00000000,956.45468433,0.22831403,153.58509789,0.01998426,0.01998425,37404,114,1
5342.95751597,5342.95431055,0.00000000,962.01212955,0.17715871,153.76168001,0.01998426,0.01998425,37403,114,1
5343.09951413,5343.09720025,0.00000000,967.50560793,0.19626818,153.93564691,0.01998426,0.01998425,37402,114,1
nan,nan,0.00000000,-1.00000000,0.00000000,154.07754398,nan,0.00000000,-2147483648,114,1
5343.38726594,5343.38300254,0.00000000,978.64807177,0.10055069,154.28672608,0.01998427,0.01998425,37400,114,1
5343.38726594,5343.38300254,0.00000000,978.64807177,0.10055069,154.28672608,0.01998427,0.01998425,37400,114,1
5343.53187744,5343.52591514,0.00000000,984.25296849,0.13197530,154.46242545,0.01998428,0.01998425,37399,114,1
5343.68419790,5343.66883537,0.00000000,990.16040881,0.06708000,154.64695608,0.01998431,0.01998425,37398,114,1
5343.81148408,5343.81176324,995.12194576,995.11110796,0.09723846,154.80108509,0.01998425,0.01998425,37397,114,0
nan,nan,0.00000000,-1.00000000,0.00000000,154.98381006,nan,0.00000000,-2147483648,114,1
nan,nan,0.00000000,-1.00000000,0.00000000,155.16929802,nan,0.00000000,-2147483648,114,1
5344.24248876,5344.24059265,0.00000000,1011.84567909,0.19242991,155.31859621,0.01998426,0.01998425,37394,114,1
5344.38246517,5344.38355107,1017.34472705,1017.30247520,0.30501181,155.48618380,0.01998425,0.01998425,37393,114,0
5344.67509951,5344.66949080,0.00000000,1028.68519664,0.12601690,155.83392749,0.01998427,0.01998425,37391,114,1
5344.67509951,5344.66949080,0.00000000,1028.68519664,0.12601690,155.83392749,0.01998427,0.01998425,37391,114,1
5344.81288340,5344.81247213,1034.04943230,1034.06546509,0.10868964,155.99743005,0.01998426,0.01998425,37390,114,0
5344.81288340,5344.81247213,1034.04943230,1034.06546509,0.10868964,155.99743005,0.01998426,0.01998425,37390,114,0
nan,nan,0.00000000,-1.00000000,0.00000000,156.14689872,nan,0.00000000,-2147483648,114,1
nan,nan,0.00000000,-1.00000000,0.00000000,156.32801123,nan,0.00000000,-2147483648,114,1
5345.24190796,5345.24146195,1050.78905176,1050.80647201,0.09785756,156.50262430,0.01998426,0.01998425,37387,114,0
5345.24190796,5345.24146195,1050.78905176,1050.80647201,0.09785756,156.50262430,0.01998426,0.01998425,37387,114,0
5345.38762822,5345.38447384,0.00000000,1056.48957655,0.07235327,156.67290101,0.01998427,0.01998425,37386,114,1
5345.51897143,5345.52749337,0.00000000,1061.62429021,0.07313687,156.82621400,0.01998422,0.01998425,37385,114,1
5345.66682895,5345.67052054,0.00000000,1067.40813882,0.04078296,156.99830314,0.01998424,0.01998425,37384,114,1
5345.66682895,5345.67052054,0.00000000,1067.40813882,0.04078296,156.99830314,0.01998424,0.01998425,37384,114,1
5345.82378816,5345.81355535,0.00000000,1073.55211988,0.34422833,157.18040444,0.01998429,0.01998425,37383,114,1
5345.96285853,5345.95659781,0.00000000,1078.99939499,0.11204372,157.34125042,0.01998428,0.01998425,37382,114,1
5346.10768025,5346.09964791,0.00000000,1084.67547916,0.06426174,157.50824700,0.01998429,0.01998426,37381,114,1
5346.25127813,5346.24270565,0.00000000,1090.30716389,0.09577705,157.67332648,0.01998429,0.01998426,37380,114,1
5346.38000431,5346.38577104,0.00000000,1095.35862880,0.14571384,157.82088058,0.01998423,0.01998426,37379,114,1
nan,nan,0.00000000,-1.00000000,0.00000000,158.01413128,nan,0.00000000,-2147483648,114,1
nan,nan,0.00000000,-1.00000000,0.00000000,158.13011508,nan,0.00000000,-2147483648,114,1
5346.82621920,nan,0.00000000,1112.89117992,0.15658412,158.32921159,0.01998430,0.01998426,37376,114,1
nan,nan,0.00000000,-1.00000000,0.00000000,158.44748811,nan,0.00000000,-2147483648,114,1
5347.10919330,5347.10121268,0.00000000,1124.02765936,0.07469280,158.64903579,0.01998429,0.01998426,37374,114,1
5347.24530556,5347.24432396,1129.34642361,1129.38509698,0.15654780,158.80204655,0.01998426,0.01998426,37373,114,0
5347.39233453,5347.38744287,0.00000000,1135.18471866,0.22723618,158.96706577,0.01998427,0.01998426,37372,114,1
5347.52564913,5347.53056944,0.00000000,1140.44278993,0.12758423,159.11611848,0.01998424,0.01998426,37371,114,1
5347.66779459,5347.67370366,0.00000000,1146.05260122,0.33819757,159.27455751,0.01998423,0.01998426,37370,114,1
5347.79948897,nan,0.00000000,1151.25313285,0.23363260,159.42089811,0.01998473,0.01998426,37370,114,1
5347.96579046,5347.95999505,0.00000000,1157.82465186,0.27606097,159.60507593,0.01998428,0.01998426,37368,114,1
nan,nan,0.00000000,-1.00000000,0.00000000,159.74954082,nan,0.00000000,-2147483648,114,1
5348.24333516,5348.24631705,0.00000000,1168.80292341,0.15259982,159.91091309,0.01998425,0.01998426,37366,114,1
5348.38088693,5348.38948952,0.00000000,1174.24884577,0.17947461,160.06177026,0.01998423,0.01998426,37365,114,1
5348.53656251,5348.53266965,0.00000000,1180.41638383,0.11200178,160.23193018,0.01998427,0.01998426,37364,114,1
5348.66481513,5348.67585743,0.00000000,1185.50072865,0.03526925,160.37165678,0.01998422,0.01998426,37363,114,1
5348.83172784,5348.81905287,0.00000000,1192.12208552,0.35727190,160.55288011,0.01998431,0.01998426,37362,114,1
5348.97148164,5348.96225596,0.00000000,1197.66989745,0.09582242,160.70407384,0.01998429,0.01998426,37361,114,1
5348.97148164,5348.96225596,0.00000000,1197.66989745,0.09582242,160.70407384,0.01998429,0.01998426,37361,114,1
5349.25046623,5349.24868511,1208.67647852,1208.74729552,0.19423953,161.00419923,0.01998426,0.01998426,37359,114,0
5349.39673288,5349.39191117,0.00000000,1214.57270188,0.31373831,161.16108598,0.01998428,0.01998426,37358,114,1
nan,nan,0.00000000,-1.00000000,0.00000000,161.27988454,nan,0.00000000,-2147483648,114,1
5349.68183997,5349.67838626,0.00000000,1225.92335695,0.21752478,161.46490711,0.01998427,0.01998426,37356,114,1
nan,nan,0.00000000,-1.00000000,0.00000000,161.59999346,nan,0.00000000,-2147483648,114,1
5349.96888622,5349.96489199,0.00000000,1237.36610474,0.12372091,161.76869343,0.01998427,0.01998426,37354,114,1
5350.11298210,5350.10815634,0.00000000,1243.11596310,0.16867935,161.92039536,0.01998428,0.01998426,37353,114,1
5350.25315152,5350.25142835,0.00000000,1248.71277930,0.02253863,162.06745087,0.01998427,0.01998426,37352,114,1
5350.40042085,5350.39470802,0.00000000,1254.59695771,0.12219523,162.22140936,0.01998428,0.01998426,37351,114,1
5350.53849043,5350.53799535,1260.09405840,1260.11385886,0.21932659,162.36515533,0.01998426,0.01998426,37350,114,0
5350.68323157,5350.68129034,0.00000000,1265.90787438,0.09999313,162.51549365,0.01998427,0.01998426,37349,114,1
5350.82120338,5350.82459299,0.00000000,1271.43134662,0.14992648,162.65821310,0.01998425,0.01998426,37348,114,1
5350.97095532,5350.96790331,0.00000000,1277.43038963,0.14327532,162.81255832,0.01998427,0.01998426,37347,114,1
5351.11171397,5351.11122129,1283.05073941,1283.07049728,0.15252673,162.95703970,0.01998426,0.01998426,37346,114,0
5351.25200191,5351.25454694,0.00000000,1288.70027328,0.17435042,163.10064847,0.01998425,0.01998426,37345,114,1
5351.40470277,5351.39788024,0.00000000,1294.82967362,0.11794681,163.25631145,0.01998429,0.01998426,37344,114,1
5351.54780537,5351.54122122,0.00000000,1300.57773650,0.12397387,163.40163578,0.01998429,0.01998426,37343,114,1
5351.68373121,5351.68456986,1306.07462316,1306.04090096,0.13111678,163.53917040,0.01998426,0.01998426,37342,114,0
5351.83577131,5351.82792616,0.00000000,1312.15616386,0.15750427,163.69244314,0.01998429,0.01998426,37341,114,1
5351.97165297,5351.97129013,1317.61133258,1317.62594173,0.21052450,163.82893037,0.01998426,0.01998426,37340,114,0
5352.11362901,5352.11466177,1323.38577306,1323.34416442,0.12134141,163.97100413,0.01998426,0.01998426,37339,114,0
5352.25423341,5352.25804107,0.00000000,1329.00921721,0.19003155,164.11113904,0.01998425,0.01998426,37338,114,1
5352.39834348,5352.40142805,0.00000000,1334.82070036,0.16084096,164.25425723,0.01998425,0.01998426,37337,114,1
5352.54621558,5352.54482269,1340.73302278,1340.78924752,0.08462122,164.40056986,0.01998427,0.01998426,37336,114,0
5352.68978966,5352.68822500,1346.52331028,1346.58650811,0.13459073,164.54203017,0.01998427,0.01998426,37335,114,0
5352.83243987,5352.83163498,1352.31759024,1352.35012127,0.19903665,164.68203116,0.01998426,0.01998426,37334,114,0
5352.97246643,5352.97505263,0.00000000,1358.01218537,0.14998690,164.81894578,0.01998425,0.01998426,37333,114,1
5353.11994807,5353.11847795,1363.91863829,1363.97813642,0.19555926,164.96254421,0.01998427,0.01998426,37332,114,0
5353.25926792,5353.26191095,0.00000000,1369.62089806,0.15658105,165.09773615,0.01998425,0.01998426,37331,114,1
5353.41051620,5353.40535161,0.00000000,1375.74922563,0.11758603,165.24387056,0.01998428,0.01998426,37330,114,1
5353.55082948,5353.54879995,0.00000000,1381.43840559,0.12847991,165.37888923,0.01998427,0.01998426,37329,114,1
5353.69843664,nan,0.00000000,1387.42740640,0.21183791,165.52035354,0.01998429,0.01998426,37328,114,1
5353.83705268,5353.83571965,1392.99926763,1393.05341314,0.07737294,165.65261783,0.01998427,0.01998426,37327,114,0
5353.98263434,5353.97919100,0.00000000,1398.97024037,0.12492273,165.79106505,0.01998428,0.01998426,37326,114,1
5354.12343475,5354.12267004,1404.66265958,1404.69376301,0.06610633,165.92435110,0.01998427,0.01998426,37325,114,0
5354.26956590,5354.26615675,0.00000000,1410.63995286,0.21390404,166.06215795,0.01998428,0.01998426,37324,114,1
5354.41500581,5354.40965113,0.00000000,1416.56119938,0.21177861,166.19871378,0.01998428,0.01998426,37323,114,1
5354.55551750,5354.55315319,0.00000000,1422.28571441,0.21445885,166.33009416,0.01998427,0.01998426,37322,114,1
5354.70257165,5354.69666293,0.00000000,1428.28089620,0.20034442,166.46701365,0.01998429,0.01998426,37321,114,1
5354.83382697,5354.84018035,0.00000000,1433.63555286,0.12346839,166.58872269,0.01998424,0.01998426,37320,114,1
5354.97983988,5354.98370544,0.00000000,1439.59622095,0.09378750,166.72356025,0.01998425,0.01998426,37319,114,1
5355.12635940,5355.12723821,1445.61398103,1445.57807533,0.12143139,166.85819302,0.01998426,0.01998426,37318,114,0
5355.27492074,5355.27077866,0.00000000,1451.65505764,0.09809079,166.99426514,0.01998428,0.01998426,37317,114,1
5355.41409873,5355.41432680,1457.35152215,1457.34219106,0.09541575,167.12096738,0.01998426,0.01998426,37316,114,0
5355.55589562,5355.55788261,0.00000000,1463.15339372,0.14578175,167.24979396,0.01998426,0.01998426,37315,114,1
5355.69435177,5355.70144610,0.00000000,1468.82518166,0.23010161,167.37490631,0.01998424,0.01998426,37314,114,1
5355.83929730,5355.84501727,0.00000000,1474.76688006,0.18907273,167.50531187,0.01998424,0.01998426,37313,114,1
5355.97473045,5355.98859613,0.00000000,1480.32241774,0.20015775,167.62663062,0.01998421,0.01998426,37312,114,1
5356.13232650,5356.13218267,1486.77858075,1486.78448889,0.07322156,167.76700225,0.01998426,0.01998426,37311,114,0
5356.27982504,5356.27577689,0.00000000,1492.85096235,0.05739928,167.89805290,0.01998428,0.01998426,37310,114,1
5356.42008757,5356.41937880,1498.58452892,1498.61368572,0.20596553,168.02188920,0.01998427,0.01998427,37309,114,0
5356.56056711,5356.56298839,0.00000000,1504.39595162,0.08976198,168.14550637,0.01998426,0.01998427,37308,114,1
5356.70777727,5356.70660566,1510.40771350,1510.45596959,0.02923761,168.27437450,0.01998427,0.01998427,37307,114,0
5356.85153489,5356.85023062,1516.32493277,1516.37868204,0.15161909,168.39964339,0.01998427,0.01998427,37306,114,0
5357.00018137,5356.99386327,0.00000000,1522.50613790,0.07204796,168.52853591,0.01998429,0.01998427,37305,114,1
5357.13921687,5357.13750360,0.00000000,1528.24192723,0.12577764,168.64853826,0.01998427,0.01998427,37304,114,1
5357.27803158,5357.28115162,0.00000000,1533.97252329,0.10783880,168.76780298,0.01998425,0.01998427,37303,114,1
5357.42829320,5357.42480732,0.00000000,1540.18009258,0.11013315,168.89628505,0.01998428,0.01998427,37302,114,1
5357.56801878,5357.56847072,1545.97007342,1545.95138675,0.07434756,169.01507552,0.01998426,0.01998427,37301,114,0
5357.71090072,5357.71214180,1551.91300621,1551.86164832,0.06198297,169.13606550,0.01998426,0.01998427,37300,114,0
5357.85971496,5357.85582057,0.00000000,1558.02849962,0.14661481,169.26159531,0.01998428,0.01998427,37299,114,1
5357.99893333,5357.99950703,1563.81398910,1563.79021152,0.04174224,169.37822044,0.01998426,0.01998427,37298,114,0
5358.14217174,5358.14320119,1569.77171836,1569.72902074,0.04648351,169.49776520,0.01998426,0.01998427,37297,114,0
5358.29570869,5358.28690303,0.00000000,1576.10487572,0.08673084,169.62535595,0.01998430,0.01998427,37296,114,1
5358.43708556,5358.43061257,0.00000000,1581.97480913,0.05940211,169.74213446,0.01998429,0.01998427,37295,114,1
5358.57173996,5358.57432979,0.00000000,1587.56947712,0.04071157,169.85282287,0.01998426,0.01998427,37294,114,1
5358.71352155,5358.71805471,0.00000000,1593.46433738,0.08897430,169.96880228,0.01998425,0.01998427,37293,114,1
5358.85575013,5358.86178732,0.00000000,1599.38198502,0.24871593,170.08456103,0.01998425,0.01998427,37292,114,1
5359.00185125,5359.00552763,0.00000000,1605.46514867,0.19118580,170.20285890,0.01998425,0.01998427,37291,114,1
5359.15021990,5359.14927563,1611.60065413,1611.64001099,0.03281349,170.32221566,0.01998427,0.01998427,37290,114,0
5359.29353556,5359.29303133,1617.59457036,1617.61560243,0.14368691,170.43702579,0.01998427,0.01998427,37289,114,0
5359.43646174,5359.43679472,1623.59338685,1623.57948734,0.30397674,170.55092959,0.01998427,0.01998427,37288,114,0
5359.57260283,5359.58056580,0.00000000,1629.27220511,0.09774819,170.65901939,0.01998424,0.01998427,37287,114,1
5359.72942624,5359.72434459,0.00000000,1635.82559545,0.05823473,170.78268314,0.01998429,0.01998427,37286,114,1
5359.86608328,5359.86813107,0.00000000,1641.54050781,0.10444193,170.88985374,0.01998426,0.01998427,37285,114,1
5360.01591232,5360.01192524,0.00000000,1647.81081415,0.08171705,171.00672042,0.01998428,0.01998427,37284,114,1
5360.15436877,5360.15572712,1653.65892650,1653.60201930,0.10708386,171.11398918,0.01998426,0.01998427,37283,114,0
5360.29836210,5360.29953669,1659.68588523,1659.63664141,0.14005227,171.22508382,0.01998426,0.01998427,37282,114,0
5360.43832294,5360.44335397,0.00000000,1665.51430741,0.14604481,171.33261902,0.01998425,0.01998427,37281,114,1
5360.58901942,5360.58717894,0.00000000,1671.83931568,0.13671820,171.44760011,0.01998428,0.01998427,37280,114,1
5360.73232441,5360.73101161,1677.79512446,1677.85028550,0.07913579,171.55616286,0.01998427,0.01998427,37279,114,0
5360.87046087,5360.87485199,0.00000000,1683.66498117,0.06073890,171.66052284,0.01998425,0.01998427,37278,114,1
5361.02511496,5361.01870006,0.00000000,1690.17052924,0.06673952,171.77651513,0.01998429,0.01998427,37277,114,1
5361.16032577,5361.16255584,0.00000000,1695.86242454,0.07621585,171.87733594,0.01998426,0.01998427,37276,114,1
5361.30807709,5361.30641932,0.00000000,1702.08675605,0.10452048,171.98687820,0.01998428,0.01998427,37275,114,1
nan,nan,0.00000000,-1.00000000,0.00000000,172.10767572,nan,0.00000000,-2147483648,114,1
5361.59582444,5361.59416939,1714.14729845,1714.21715737,0.03658245,172.19823146,0.01998428,0.01998427,37273,114,0
5361.73723569,5361.73805599,1720.22279002,1720.18814183,0.07715636,172.30123248,0.01998427,0.01998427,37272,114,0
5361.87590961,5361.88195028,0.00000000,1726.05206537,0.08987909,172.40172275,0.01998425,0.01998427,37271,114,1
5362.03279217,5362.02585228,0.00000000,1732.68569898,0.17268401,172.51461044,0.01998430,0.01998427,37270,114,1
5362.17452147,5362.16976199,0.00000000,1738.68323670,0.14819439,172.61594866,0.01998429,0.01998427,37269,114,1
5362.31066608,5362.31367941,0.00000000,1744.44861118,0.23054916,172.71271532,0.01998426,0.01998427,37268,114,1
5362.45842929,5362.45760453,1750.67006001,1750.70502433,0.08085732,172.81700413,0.01998427,0.01998427,37267,114,0
5362.60298303,5362.60153736,1756.77419911,1756.83553358,0.10622657,172.91846778,0.01998428,0.01998427,37266,114,0
5362.74695333,5362.74547790,1762.88344440,1762.94609073,0.12923208,173.01888569,0.01998428,0.01998427,37265,114,0
5362.88884546,5362.88942614,1768.99777689,1768.97310249,0.17081490,173.11723087,0.01998427,0.01998427,37264,114,0
5363.03555922,5363.03338210,0.00000000,1775.21503583,0.05893937,173.21835045,0.01998428,0.01998427,37263,114,1
5363.17982871,nan,0.00000000,1781.35217527,0.06775569,173.31704564,0.01998428,0.01998427,37262,114,1
5363.32415920,5363.32131714,0.00000000,1787.49656987,0.05991877,173.41513568,0.01998428,0.01998427,37261,114,1
5363.46653045,5363.46529622,1793.50542098,1793.55802666,0.05790592,173.51119398,0.01998428,0.01998427,37260,114,0
5363.60742879,5363.60928302,0.00000000,1799.56943539,0.07162505,173.60576495,0.01998427,0.01998427,37259,114,1
5363.76166485,5363.75327753,0.00000000,1806.15052882,0.23877567,173.70850547,0.01998430,0.01998427,37258,114,1
5363.90264236,5363.89727976,0.00000000,1812.17059576,0.13619337,173.80176194,0.01998429,0.01998427,37257,114,1
5364.04410510,5364.04128969,0.00000000,1818.21590806,0.14372121,173.89471184,0.01998428,0.01998427,37256,114,1
5364.17929812,5364.18530734,0.00000000,1823.99753400,0.09218766,173.98295339,0.01998425,0.01998427,37255,114,1
5364.33065264,5364.32933271,1830.41500107,1830.47151058,0.06215717,174.08100299,0.01998428,0.01998427,37254,114,0
5364.47656862,5364.47336579,0.00000000,1836.72515923,0.26434777,174.17495440,0.01998428,0.01998427,37253,114,1
5364.61411662,5364.61740658,0.00000000,1842.62110501,0.11520900,174.26284675,0.01998426,0.01998427,37252,114,1
5364.76205659,5364.76145509,1848.93606122,1848.96187138,0.09183967,174.35662806,0.01998427,0.01998427,37251,114,0
5364.91221205,5364.90551132,0.00000000,1855.41375619,0.17391323,174.45126343,0.01998430,0.01998427,37250,114,1
5365.05098137,5365.04957526,1861.30891357,1861.36934461,0.10276797,174.53791247,0.01998428,0.01998427,37249,114,0
5365.19495776,5365.19364692,1867.50319805,1867.55957969,0.10312025,174.62725636,0.01998428,0.01998427,37248,114,0
5365.33822678,5365.33772630,1873.70282227,1873.72436611,0.07525718,174.71550450,0.01998427,0.01998427,37247,114,0
5365.48220533,5365.48181340,1879.90786309,1879.92474837,0.02038626,174.80352894,0.01998427,0.01998427,37246,114,0
5365.62915294,5365.62590822,0.00000000,1886.26503027,0.10232456,174.89277907,0.01998429,0.01998427,37245,114,1
5365.76876426,5365.77001076,1892.33450382,1892.28071103,0.11755857,174.97674903,0.01998427,0.01998427,37244,114,0
5365.91778882,5365.91412102,0.00000000,1898.71932271,0.05117514,175.06585560,0.01998429,0.01998427,37243,114,1
5366.05918264,5366.05823900,1904.78339607,1904.82418619,0.13191211,175.14961097,0.01998428,0.01998427,37242,114,0
5366.20248969,5366.20236470,1911.01582731,1911.02123434,0.13873601,175.23390199,0.01998427,0.01998427,37241,114,0
5366.34103132,5366.34649812,0.00000000,1917.01706501,0.08318063,175.31475696,0.01998425,0.01998427,37240,114,1
5366.48827621,5366.49063927,0.00000000,1923.39269872,0.08098766,175.39997936,0.01998427,0.01998427,37239,114,1
5366.63359110,5366.63478814,1929.74258390,1929.69069050,0.02929354,175.48340061,0.01998427,0.01998427,37238,114,0
5366.78098998,5366.77894473,0.00000000,1936.08231907,0.18709497,175.56728653,0.01998428,0.01998427,37237,114,1
5366.92182929,5366.92310905,1942.25069122,1942.19513055,0.12261971,175.64678219,0.01998427,0.01998427,37236,114,0
5367.07074472,5367.06728110,0.00000000,1948.66373483,0.09720177,175.73012660,0.01998429,0.01998428,37235,114,1
5367.21290066,5367.21146086,1954.77953602,1954.84214753,0.01653606,175.80898483,0.01998428,0.01998428,37234,114,0
5367.36181131,5367.35564836,0.00000000,1961.32232224,0.08824319,175.89091018,0.01998430,0.01998428,37233,114,1
5367.50340554,5367.49984358,0.00000000,1967.48765866,0.10723814,175.96810968,0.01998429,0.01998428,37232,114,1
5367.64261036,5367.64404653,1973.61595062,1973.55333348,0.09787873,176.04335182,0.01998427,0.01998428,37231,114,0
5367.78560459,5367.78825720,0.00000000,1979.78966670,0.11978559,176.11997729,0.01998427,0.01998428,37230,114,1
5367.92872059,5367.93247561,0.00000000,1986.03593736,0.13841132,176.19597928,0.01998426,0.01998428,37229,114,1
5368.07559892,5368.07670174,1992.50210006,1992.45390668,0.04492872,176.27329323,0.01998427,0.01998428,37228,114,0
5368.22019102,5368.22093561,1998.80732344,1998.77476267,0.02609036,176.34866735,0.01998427,0.01998428,37227,114,0
5368.36070100,5368.36517720,0.00000000,2004.91983662,0.11199940,176.42121284,0.01998426,0.01998428,37226,114,1
5368.50751617,5368.50942652,0.00000000,2011.34819227,0.08245325,176.49632973,0.01998427,0.01998428,37225,114,1
5368.65293522,5368.65368358,2017.75155460,2017.71875846,0.08867527,176.56999168,0.01998427,0.01998428,37224,114,0
5368.79610722,5368.79794836,0.00000000,2023.99967157,0.02336603,176.64185717,0.01998427,0.01998428,37223,114,1
5368.94046584,5368.94222088,0.00000000,2030.33587151,0.16943465,176.71359083,0.01998427,0.01998428,37222,114,1
5369.09072241,5369.08650113,0.00000000,2036.93641347,0.06208979,176.78750069,0.01998429,0.01998428,37221,114,1
5369.22707174,5369.23078912,0.00000000,2042.93087067,0.12051418,176.85390197,0.01998426,0.01998428,37220,114,1
5369.37697932,5369.37508484,0.00000000,2049.52673115,0.10277582,176.92617102,0.01998428,0.01998428,37219,114,1
5369.51718192,5369.51938829,0.00000000,2055.70063967,0.11818676,176.99306303,0.01998427,0.01998428,37218,114,1
5369.66088337,5369.66369948,0.00000000,2062.03371423,0.19147213,177.06092219,0.01998427,0.01998428,37217,114,1
5369.80948969,5369.80801840,2068.50492701,2068.56984404,0.09424595,177.13015282,0.01998428,0.01998428,37216,114,0
5369.95418713,5369.95234506,0.00000000,2074.97597174,0.13965712,177.19721373,0.01998428,0.01998428,37215,114,1
5370.09249124,5370.09667946,0.00000000,2081.08624967,0.04222680,177.26044636,0.01998426,0.01998428,37214,114,1
5370.24122548,5370.24102159,2087.63581485,2087.64483460,0.15798135,177.32752387,0.01998428,0.01998428,37213,114,0
5370.38766066,5370.38537147,0.00000000,2094.14298744,0.11704214,177.39317209,0.01998429,0.01998428,37212,114,1
5370.53292060,5370.52972908,0.00000000,2100.57662304,0.06977147,177.45737302,0.01998429,0.01998428,37211,114,1
5370.67181998,5370.67409443,0.00000000,2106.73356240,0.13089765,177.51807162,0.01998427,0.01998428,37210,114,1
5370.81904382,5370.81846752,2113.22480745,2113.25038776,0.13209415,177.58152849,0.01998428,0.01998428,37209,114,0
5370.95978442,5370.96284835,0.00000000,2119.51372688,0.11465437,177.64175173,0.01998427,0.01998428,37208,114,1
5371.10872257,5371.10723692,0.00000000,2126.13208578,0.06508343,177.70457339,0.01998428,0.01998428,37207,114,1
5371.24782692,5371.25163323,0.00000000,2132.31860552,0.16693278,177.76253862,0.01998426,0.01998428,37206,114,1
5371.39491264,5371.39603728,2138.90292091,2138.85283962,0.09690046,177.82296705,0.01998427,0.01998428,37205,114,0
5371.54236912,5371.54044908,0.00000000,2145.43452048,0.07636243,177.88300892,0.01998429,0.01998428,37204,114,1
5371.68379103,5371.68486861,2151.77555527,2151.72748913,0.13022901,177.93964234,0.01998427,0.01998428,37203,114,0
5371.83080140,5371.82929590,2158.22061688,2158.28782958,0.12631217,177.99787575,0.01998428,0.01998428,37202,114,0
5371.97647271,5371.97373092,0.00000000,2164.80605855,0.07915552,178.05492029,0.01998429,0.01998428,37201,114,1
5372.11972988,5372.11817369,0.00000000,2171.20957167,0.13778102,178.11016976,0.01998429,0.01998428,37200,114,1
5372.25802307,5372.26262421,0.00000000,2177.39629120,0.08935710,178.16280400,0.01998426,0.01998428,37199,114,1
5372.40595457,5372.40708247,2184.06163605,2184.01110200,0.12860062,178.21827065,0.01998428,0.01998428,37198,114,0
5372.55186365,5372.55154848,2190.53708387,2190.55121706,0.09010537,178.27228838,0.01998428,0.01998428,37197,114,0
5372.69143536,5372.69602223,0.00000000,2196.81808858,0.23996499,178.32328190,0.01998426,0.01998428,37196,114,1
5372.84232992,5372.84050374,0.00000000,2203.59151624,0.10240339,178.37755277,0.01998429,0.01998428,37195,114,1
5372.98452559,5372.98499299,2209.99882148,2209.97780905,0.13762938,178.42791826,0.01998428,0.01998428,37194,114,0
5373.13232149,nan,0.00000000,2216.62576065,0.06085840,178.47951885,0.01998429,0.01998428,37193,114,1
5373.27050640,5373.27399473,0.00000000,2222.84463323,0.08888260,178.52702394,0.01998427,0.01998428,37192,114,1
5373.42035951,5373.41850723,0.00000000,2229.59438953,0.06611103,178.57774744,0.01998429,0.01998428,37191,114,1
5373.56308018,5373.56302748,2236.02744393,2236.02982079,0.11116828,178.62529756,0.01998428,0.01998428,37190,114,0
5373.70898234,5373.70755548,0.00000000,2242.61165228,0.08965306,178.67311024,0.01998429,0.01998428,37189,114,1
5373.85044333,5373.85209123,2249.07467803,2249.00023869,0.12570114,178.71872686,0.01998428,0.01998428,37188,114,0
5374.00170524,5373.99663473,0.00000000,2255.83676028,0.13142394,178.76667744,0.01998430,0.01998428,37187,114,1
5374.13909975,5374.14118599,0.00000000,2262.05218903,0.04866393,178.80949612,0.01998427,0.01998428,37186,114,1
5374.29194038,5374.28574499,0.00000000,2268.97239199,0.07150268,178.85630094,0.01998430,0.01998428,37185,114,1
5374.43049386,5374.43031175,2275.23948295,2275.24773811,0.06710881,178.89795254,0.01998428,0.01998428,37184,114,0
5374.57560304,5374.57488627,2281.79632373,2281.82884587,0.10847066,178.94082462,0.01998428,0.01998428,37183,114,0
5374.72177658,5374.71946854,0.00000000,2288.46836472,0.14425704,178.98323796,0.01998429,0.01998428,37182,114,1
5374.86457150,5374.86405857,2294.92898258,2294.95229837,0.11120188,179.02384383,0.01998428,0.01998428,37181,114,0
5375.00909469,5375.00865635,2301.50473495,2301.52467805,0.06837259,179.06418315,0.01998428,0.01998428,37180,114,0
5375.15737346,5375.15326189,0.00000000,2308.27739107,0.09096090,179.10476898,0.01998430,0.01998428,37179,114,1
5375.29590371,5375.29787518,0.00000000,2314.58812764,0.15717954,179.14191016,0.01998428,0.01998428,37178,114,1
5375.44037624,5375.44249623,0.00000000,2321.17524043,0.09760832,179.17986561,0.01998427,0.01998428,37177,114,1
5375.59247219,5375.58712505,0.00000000,2328.11621628,0.17125174,179.21896225,0.01998430,0.01998428,37176,114,1
5375.72817174,nan,0.00000000,2334.31438642,0.17358465,179.25309621,0.01998427,0.01998428,37175,114,1
5375.87889746,5375.87640594,0.00000000,2341.20492981,0.10939669,179.29018080,0.01998429,0.01998428,37174,114,1
5376.01857034,5376.02105803,0.00000000,2347.59587819,0.05428302,179.32376502,0.01998427,0.01998428,37173,114,1
5376.16801809,5376.16571788,0.00000000,2354.44017273,0.10955478,179.35886541,0.01998429,0.01998428,37172,114,1
5376.31092704,5376.31038549,2360.95781591,2360.98264508,0.17742006,179.39158051,0.01998428,0.01998428,37171,114,0
5376.45416942,5376.45506086,2367.59410427,2367.55319413,0.22223706,179.42361219,0.01998428,0.01998428,37170,114,0
5376.60543996,5376.59974400,0.00000000,2374.50919137,0.09599075,179.45662328,0.01998431,0.01998428,37169,114,1
5376.74401102,5376.74443489,2380.88740273,2380.86791141,0.02306995,179.48599033,0.01998428,0.01998428,37168,114,0
5376.89197652,5376.88913355,0.00000000,2387.68505882,0.15761637,179.51661573,0.01998429,0.01998428,37167,114,1
5377.03512275,5377.03383998,2394.20828921,2394.26738895,0.18661756,179.54534289,0.01998429,0.01998428,37166,114,0
5377.17835434,5377.17855417,2400.87856938,2400.86935466,0.13670473,179.57332346,0.01998428,0.01998428,37165,114,0
5377.32517522,5377.32327612,0.00000000,2407.64959607,0.11497324,179.60119200,0.01998429,0.01998428,37164,114,1
5377.46591501,5377.46800584,0.00000000,2414.14741547,0.10077343,179.62707473,0.01998428,0.01998428,37163,114,1
5377.61002305,5377.61274332,0.00000000,2420.80668610,0.11050924,179.65276277,0.01998427,0.01998428,37162,114,1
5377.75314822,5377.75748857,0.00000000,2427.42650552,0.18675720,179.67745807,0.01998427,0.01998428,37161,114,1
5377.90165185,5377.90224159,2434.32229705,2434.29498447,0.08975771,179.70219512,0.01998428,0.01998428,37160,114,0
5378.05111373,5378.04700238,0.00000000,2441.22714781,0.08389005,179.72624673,0.01998430,0.01998428,37159,114,1
5378.19112601,5378.19177093,2447.74332619,2447.71340398,0.10208033,179.74791897,0.01998428,0.01998428,37158,114,0
5378.33669275,5378.33654725,2454.46355735,2454.47031399,0.11131980,179.76963987,0.01998429,0.01998429,37157,114,0
5378.48395723,5378.48133135,0.00000000,2461.32119393,0.12299284,179.79077138,0.01998430,0.01998429,37156,114,1
5378.62876291,5378.62612321,0.00000000,2468.05588915,0.12038586,179.81066959,0.01998430,0.01998429,37155,114,1
5378.76967051,5378.77092284,2474.66558969,2474.60725778,0.15063707,179.82919381,0.01998428,0.01998429,37154,114,0
5378.91955970,nan,0.00000000,2481.59919366,0.12491149,179.84805821,0.01998430,0.01998429,37153,114,1
nan,nan,0.00000000,-1.00000000,0.00000000,179.86700714,nan,0.00000000,-2147483648,114,1
5379.20749147,5379.20536837,0.00000000,2495.03388996,0.03981469,179.88168103,0.01998429,0.01998429,37151,114,1
5379.34909878,5379.35019909,2501.70177893,2501.65032923,0.11840295,179.89697121,0.01998428,0.01998429,37150,114,0
5379.49404436,nan,0.00000000,2508.42891382,0.04792256,179.91176778,0.01998428,0.01998429,37149,114,1
5379.64370134,5379.63988386,0.00000000,2515.43451555,0.10754799,179.92613641,0.01998430,0.01998429,37148,114,1
5379.78612450,5379.78473790,0.00000000,2522.10778165,0.07216318,179.93895045,0.01998429,0.01998429,37147,114,1
5379.93283953,5379.92959972,0.00000000,2528.98857481,0.09133960,179.95127107,0.01998430,0.01998429,37146,114,1
5380.07613913,nan,0.00000000,2535.71550606,0.15462026,179.96244077,0.01998429,0.01998429,37145,114,1
5380.21827941,5380.21934668,2542.44409658,2542.39393404,0.06863356,179.97267374,0.01998428,0.01998429,37144,114,0
5380.36631440,5380.36423183,0.00000000,2549.35643798,0.11547004,179.98243366,0.01998429,0.01998429,37143,114,1
5380.51438132,5380.50912475,0.00000000,2556.32690086,0.10782932,179.99127591,0.01998431,0.01998429,37142,114,1
5380.65391869,5380.65402546,2562.90438420,2562.89935119,0.06959567,179.99876199,0.01998429,0.01998429,37141,114,0
5380.80217843,nan,0.00000000,2569.89467839,0.14331726,180.00582199,0.01998430,0.01998429,37140,114,1
5380.94701950,nan,0.00000000,2576.73268781,0.07928327,180.01181853,0.01998430,0.01998429,37139,114,1
5381.08396225,5381.08877424,0.00000000,2583.20380253,0.08360305,180.01666959,0.01998427,0.01998429,37138,114,1
5381.23851184,5381.23370606,0.00000000,2590.51392620,0.11486983,180.02118608,0.01998431,0.01998429,37137,114,1
5381.37957047,5381.37864566,2597.14153977,2597.18533734,0.07851928,180.02441580,0.01998429,0.01998429,37136,114,0
5381.52181154,5381.52359304,0.00000000,2603.93325379,0.08830750,180.02681645,0.01998428,0.01998429,37135,114,1
5381.66742878,5381.66854820,2610.88374995,2610.83063560,0.06281620,180.02837007,0.01998428,0.01998429,37134,114,0
5381.81082241,5381.81351115,0.00000000,2617.64908354,0.13190575,180.02901140,0.01998428,0.01998429,37133,114,1
5381.96081477,5381.95848188,0.00000000,2624.77778859,0.12171482,180.02873090,0.01998430,0.01998429,37132,114,1
5382.10278576,5382.10346039,2631.54975251,2631.51764787,0.09365879,180.02757162,0.01998429,0.01998429,37131,114,0
5382.25001779,5382.24844669,0.00000000,2638.54292301,0.16852007,180.02543824,0.01998429,0.01998429,37130,114,1
5382.39403388,5382.39344077,2645.36333635,2645.39161853,0.18769149,180.02244959,0.01998429,0.01998429,37129,114,0
5382.54079205,5382.53844264,0.00000000,2652.40972975,0.08009251,180.01845610,0.01998430,0.01998429,37128,114,1
5382.68684829,5382.68345229,0.00000000,2659.38526508,0.05376830,180.01355309,0.01998430,0.01998429,37127,114,1
5382.82997781,5382.82846973,0.00000000,2666.22768174,0.11796920,180.00783921,0.01998429,0.01998429,37126,114,1
5382.97508992,5382.97349496,0.00000000,2673.17162716,0.14008438,180.00112476,0.01998430,0.01998429,37125,114,1
5383.12075181,5383.11852797,0.00000000,2680.14873654,0.10609318,179.99344910,0.01998430,0.01998429,37124,114,1
5383.26525110,5383.26356877,0.00000000,2687.07696487,0.10756742,179.98490559,0.01998430,0.01998429,37123,114,1
5383.41006391,5383.40861737,2693.94395698,2694.01342102,0.05053679,179.97543191,0.01998429,0.01998429,37122,114,0
5383.55430792,5383.55367375,2700.91309788,2700.94358146,0.12935416,179.96504748,0.01998429,0.01998429,37121,114,0
5383.69856632,5383.69873792,2707.88962657,2707.88137006,0.18886089,179.95373117,0.01998429,0.01998429,37120,114,0
5383.84859294,5383.84380988,0.00000000,2715.11549297,0.11745951,179.94095068,0.01998431,0.01998429,37119,114,1
5383.98466930,5383.98888963,0.00000000,2721.67213957,0.10569430,179.92850201,0.01998427,0.01998429,37118,114,1
nan,nan,0.00000000,-1.00000000,0.00000000,179.91150452,nan,0.00000000,-2147483648,114,1
5384.28413060,5384.27907251,0.00000000,2736.12284890,0.08790687,179.89816101,0.01998431,0.01998429,37116,114,1
5384.42073028,nan,0.00000000,2742.72446039,0.10221170,179.88297042,0.01998428,0.01998429,37115,114,1
5384.57304327,5384.56928656,0.00000000,2750.09281207,0.05813471,179.86503066,0.01998430,0.01998429,37114,114,1
5384.71137564,5384.71440527,0.00000000,2756.79156290,0.08913200,179.84781956,0.01998428,0.01998429,37113,114,1
5384.86337934,5384.85953178,0.00000000,2764.15976083,0.14393877,179.82789671,0.01998431,0.01998429,37112,114,1
5385.00416853,5385.00466609,2771.00946041,2770.98530771,0.03946900,179.80851415,0.01998429,0.01998429,37111,114,0
5385.15270169,5385.14980819,0.00000000,2778.20585081,0.15691052,179.78703945,0.01998430,0.01998429,37110,114,1
5385.29821881,5385.29495808,0.00000000,2785.28116739,0.11736319,179.76502881,0.01998430,0.01998429,37109,114,1
5385.44138281,5385.44011577,2792.18026041,2792.24196068,0.16159997,179.74243952,0.01998430,0.01998429,37108,114,0
5385.58589986,5385.58528126,2799.25306678,2799.28322243,0.10849884,179.71864564,0.01998429,0.01998429,37107,114,0
5385.73195808,5385.73045455,0.00000000,2806.41320723,0.13897751,179.69358504,0.01998430,0.01998429,37106,114,1
5385.87379364,5385.87563564,0.00000000,2813.33750752,0.13869862,179.66831611,0.01998428,0.01998429,37105,114,1
5386.02098120,5386.02082452,2820.51888789,2820.52654988,0.20128563,179.64111008,0.01998429,0.01998429,37104,114,0
5386.16535585,5386.16602121,2827.62308877,2827.59051747,0.07245911,179.61341385,0.01998429,0.01998429,37103,114,0
5386.31377149,5386.31122569,0.00000000,2834.86106135,0.10264308,179.58391026,0.01998430,0.01998429,37102,114,1
5386.45799456,5386.45643798,0.00000000,2841.93101931,0.07977303,179.55425032,0.01998430,0.01998429,37101,114,1
5386.59712306,5386.60165806,0.00000000,2848.75811317,0.09730616,179.52470122,0.01998428,0.01998429,37100,114,1
5386.75020632,5386.74688595,0.00000000,2856.27780011,0.10475835,179.49112188,0.01998430,0.01998429,37099,114,1
5386.89518566,5386.89212164,0.00000000,2863.40699635,0.21045258,179.45828673,0.01998430,0.01998429,37098,114,1
5387.03886208,5387.03736514,0.00000000,2870.47942763,0.09338815,179.42475168,0.01998430,0.01998429,37097,114,1
5387.17859469,5387.18261643,0.00000000,2877.36472239,0.04335990,179.39118410,0.01998428,0.01998429,37096,114,1
5387.32803268,nan,0.00000000,2884.73590769,0.14053982,179.35424181,0.01998429,0.01998429,37095,114,1
5387.47321257,5387.47314244,2891.90622252,2891.90968695,0.09168153,179.31729009,0.01998429,0.01998429,37094,114,0
5387.61991310,nan,0.00000000,2899.15614486,0.15662105,179.27896374,0.01998430,0.01998429,37093,114,1
5387.76373293,5387.76369967,2906.27395244,2906.27559867,0.07612444,179.24033006,0.01998429,0.01998429,37092,114,0
5387.90261914,5387.90898999,0.00000000,2913.15219848,0.13578195,179.20209290,0.01998427,0.01998429,37091,114,1
5388.05343476,5388.05428812,2920.67320150,2920.63086984,0.13118838,179.15948019,0.01998429,0.01998429,37090,114,0
5388.19855125,5388.19959406,2927.88532260,2927.83353467,0.11630086,179.11742781,0.01998429,0.01998429,37089,114,0
5388.34401375,5388.34490780,2935.10593092,2935.06148105,0.07466946,179.07422928,0.01998429,0.01998429,37088,114,0
5388.49195165,nan,0.00000000,2942.42133014,0.13447701,179.02921454,0.01998430,0.01998429,37087,114,1
5388.63723112,5388.63555872,0.00000000,2949.65603489,0.12665135,178.98395432,0.01998430,0.01998429,37086,114,1
5388.78378353,5388.78089590,0.00000000,2956.96196209,0.10603141,178.93723143,0.01998430,0.01998429,37085,114,1
5388.92468021,5388.92624088,0.00000000,2963.99338214,0.15754130,178.89129884,0.01998429,0.01998429,37084,114,1
5389.07201123,5389.07159367,2971.33005166,2971.35091980,0.11331513,178.84222224,0.01998430,0.01998429,37083,114,0
5389.21278738,5389.21695428,0.00000000,2978.39412070,0.12046297,178.79427117,0.01998428,0.01998429,37082,114,1
5389.35967285,5389.36232270,0.00000000,2985.74788250,0.11105506,178.74319200,0.01998428,0.01998429,37081,114,1
5389.50052735,5389.50769893,0.00000000,2992.80725130,0.19243732,178.69318338,0.01998427,0.01998429,37080,114,1
5389.65779918,5389.65308297,0.00000000,3000.69818514,0.13197538,178.63615427,0.01998431,0.01998429,37079,114,1
5389.79898911,nan,0.00000000,3007.79012694,0.15505130,178.58388207,0.01998430,0.01998429,37078,114,1
5389.94504249,5389.94387450,3015.06942940,3015.12819557,0.05213348,178.52878172,0.01998430,0.01998429,37077,114,0
5390.08288227,5390.08928199,0.00000000,3022.07274434,0.17642785,178.47568637,0.01998427,0.01998430,37076,114,1
5390.23520936,5390.23469729,3029.71806534,3029.74388649,0.17144664,178.41596199,0.01998430,0.01998430,37075,114,0
5390.38342735,5390.38012041,0.00000000,3037.22637376,0.12384789,178.35662047,0.01998431,0.01998430,37074,114,1
5390.52129285,5390.52555134,0.00000000,3044.18912761,0.24280792,178.30043750,0.01998428,0.01998430,37073,114,1
5390.67364778,5390.67099009,0.00000000,3051.89211193,0.10616833,178.23719955,0.01998431,0.01998430,37072,114,1
5390.81651610,5390.81643666,3059.11821445,3059.12223830,0.12820949,178.17680940,0.01998430,0.01998430,37071,114,0
5390.96086910,5390.96189105,3066.49034901,3066.43852295,0.09938254,178.11468021,0.01998429,0.01998430,37070,114,0
5391.10101988,5391.10735326,0.00000000,3073.54747411,0.10605467,178.05332938,0.01998427,0.01998430,37069,114,1
5391.24901678,5391.25282328,0.00000000,3081.06309364,0.06825113,177.98741611,0.01998428,0.01998430,37068,114,1
5391.40210627,5391.39830113,0.00000000,3088.84629423,0.16392039,177.91801545,0.01998431,0.01998430,37067,114,1
5391.54189573,5391.54378680,0.00000000,3095.96130244,0.07927980,177.85355742,0.01998429,0.01998430,37066,114,1
5391.69120557,5391.68928028,0.00000000,3103.56933544,0.11907761,177.78355976,0.01998430,0.01998430,37065,114,1
5391.83751629,5391.83478159,0.00000000,3111.03305211,0.15097067,177.71381217,0.01998431,0.01998430,37064,114,1
5391.97915369,5391.98029073,3118.32732811,3118.26924177,0.15640359,177.64517169,0.01998429,0.01998430,37063,114,0
5392.12898939,5392.12580768,0.00000000,3125.92710627,0.10871027,177.57143854,0.01998431,0.01998430,37062,114,1
5392.26971173,5392.27133246,0.00000000,3133.12997799,0.08402496,177.50106066,0.01998429,0.01998430,37061,114,1
5392.42274662,5392.41686506,0.00000000,3140.97202892,0.07543096,177.42330701,0.01998432,0.01998430,37060,114,1
5392.56326324,5392.56240549,3148.13687849,3148.18090948,0.09045467,177.35079156,0.01998430,0.01998430,37059,114,0
5392.71049962,5392.70795374,0.00000000,3155.74291481,0.12696918,177.27365365,0.01998431,0.01998430,37058,114,1
5392.85811688,5392.85350982,0.00000000,3163.33330942,0.13195818,177.19512401,0.01998431,0.01998430,37057,114,1
5393.00138443,5392.99907372,0.00000000,3170.70846860,0.08037410,177.11776346,0.01998431,0.01998430,37056,114,1
5393.14131198,5393.14464545,0.00000000,3177.91972888,0.08786330,177.04111406,0.01998429,0.01998430,37055,114,1
5393.29161530,5393.29022501,0.00000000,3185.67459127,0.15135959,176.95757436,0.01998430,0.01998430,37054,114,1
5393.44034873,5393.43581240,0.00000000,3193.35754155,0.12490503,176.87367258,0.01998431,0.01998430,37053,114,1
5393.58423814,5393.58140761,0.00000000,3200.79890282,0.08762731,176.79133039,0.01998431,0.01998430,37052,114,1
5393.72316052,5393.72701066,0.00000000,3207.99147314,0.11895118,176.71073234,0.01998428,0.01998430,37051,114,1
5393.87386877,5393.87262153,3215.73981231,3215.80450363,0.20162895,176.62205781,0.01998430,0.01998430,37050,114,0
5394.02730389,5394.01824024,0.00000000,3223.76605710,0.15790488,176.53049376,0.01998433,0.01998430,37049,114,1
5394.16837268,5394.16386677,0.00000000,3231.09572300,0.10632573,176.44512253,0.01998432,0.01998430,37048,114,1
5394.31031005,5394.30950114,3238.43832965,3238.48042833,0.14504035,176.35806856,0.01998430,0.01998430,37047,114,0
5394.45532947,5394.45514334,3246.02229216,3246.03198984,0.06183310,176.26796633,0.01998430,0.01998430,37046,114,0
5394.60104137,5394.60079337,3253.61535428,3253.62829080,0.08254815,176.17622713,0.01998430,0.01998430,37045,114,0
5394.74998206,5394.74645123,0.00000000,3261.40308889,0.16114257,176.08118647,0.01998431,0.01998430,37044,114,1
5394.88932028,5394.89211693,0.00000000,3268.68512525,0.10840137,175.99111819,0.01998429,0.01998430,37043,114,1
5395.03937026,5395.03779046,0.00000000,3276.53620323,0.04781938,175.89287249,0.01998431,0.01998430,37042,114,1
5395.18201746,5395.18347183,0.00000000,3284.00884964,0.17910794,175.79826438,0.01998429,0.01998430,37041,114,1
5395.33178417,5395.32916103,0.00000000,3291.86382936,0.10528347,175.69766120,0.01998431,0.01998430,37040,114,1
5395.48035811,5395.47485807,0.00000000,3299.66577389,0.19872601,175.59656589,0.01998432,0.01998430,37039,114,1
5395.62066753,5395.62056295,3307.03468021,3307.04018195,0.17415328,175.49993721,0.01998430,0.01998430,37038,114,0
5395.76145164,5395.76627566,0.00000000,3314.45268855,0.14105996,175.40175815,0.01998428,0.01998430,37037,114,1
5395.90791449,5395.91199621,0.00000000,3322.17094627,0.16367990,175.29840938,0.01998428,0.01998430,37036,114,1
5396.06364639,5396.05772460,0.00000000,3330.38792178,0.15150406,175.18712686,0.01998432,0.01998430,37035,114,1
5396.20517306,5396.20346083,0.00000000,3337.86458466,0.10246443,175.08474496,0.01998431,0.01998430,37034,114,1
5396.34759504,5396.34920490,0.00000000,3345.39742830,0.06748181,174.98050926,0.01998429,0.01998430,37033,114,1
5396.49510361,5396.49495680,3353.19722233,3353.20500087,0.15747009,174.87132312,0.01998430,0.01998430,37032,114,0
5396.64673323,5396.64071655,0.00000000,3361.24830889,0.15247702,174.75761728,0.01998432,0.01998430,37031,114,1
5396.78471220,5396.78648414,0.00000000,3368.57298535,0.12100166,174.65299067,0.01998429,0.01998430,37030,114,1
5396.93000942,5396.93225957,0.00000000,3376.29533011,0.10150711,174.54156896,0.01998429,0.01998430,37029,114,1
5397.07853879,5397.07804284,3384.17023530,3384.19664759,0.12299503,174.42638059,0.01998430,0.01998430,37028,114,0
5397.22133645,5397.22383396,0.00000000,3391.80745525,0.16491341,174.31429466,0.01998429,0.01998430,37027,114,1
5397.36209874,5397.36963292,0.00000000,3399.31623895,0.09564080,174.20262195,0.01998427,0.01998430,37026,114,1
5397.51126589,5397.51543972,0.00000000,3407.28315639,0.09225563,174.08295270,0.01998429,0.01998430,37025,114,1
5397.65694976,5397.66125437,0.00000000,3415.07379144,0.08616786,173.96475337,0.01998429,0.01998430,37024,114,1
5397.81076557,nan,0.00000000,3423.30979683,0.13256585,173.83853022,0.01998432,0.01998430,37023,114,1
5397.94340455,nan,0.00000000,3430.42059484,0.08122597,173.72850448,0.01998427,0.01998430,37022,114,1
5398.10054479,5398.09874539,0.00000000,3438.85537233,0.01010480,173.59673432,0.01998431,0.01998430,37021,114,1
5398.24478191,5398.24459142,3446.60145141,3446.61169597,0.14443196,173.47435783,0.01998430,0.01998430,37020,114,0
5398.39074355,nan,0.00000000,3454.46227952,0.08566164,173.34931814,0.01998430,0.01998430,37019,114,1
5398.54518345,5398.53630703,0.00000000,3462.78401001,0.37573054,173.21548251,0.01998433,0.01998430,37018,114,1
5398.68124654,5398.68217661,3470.18014544,3470.12993314,0.08439035,173.09623567,0.01998430,0.01998430,37017,114,0
5398.81504144,5398.82805403,0.00000000,3477.35159897,0.02472424,172.97799601,0.01998425,0.01998430,37016,114,1
5398.98030737,5398.97393931,0.00000000,3486.28994359,0.11046009,172.83026267,0.01998433,0.01998430,37015,114,1
5399.11636093,5399.11983243,0.00000000,3493.65802524,0.22311446,172.70732924,0.01998429,0.01998430,37014,114,1
5399.26412276,5399.26573341,0.00000000,3501.67011592,0.12540844,172.57246767,0.01998430,0.01998430,37013,114,1
5399.40921632,5399.41164224,0.00000000,3509.54763343,0.10295641,172.43866944,0.01998429,0.01998430,37012,114,1
5399.55077603,5399.55755892,0.00000000,3517.24298005,0.21644440,172.30681467,0.01998428,0.01998430,37011,114,1
5399.70503027,5399.70348345,0.00000000,3525.63935697,0.20815161,172.16165079,0.01998431,0.01998430,37010,114,1
5399.85001281,nan,0.00000000,3533.54149968,0.11475595,172.02379486,0.01998431,0.01998430,37009,114,1
5400.00047127,nan,0.00000000,3541.75284662,0.10616485,171.87927407,0.01998432,0.01998430,37008,114,1
5400.14325489,5400.14130418,0.00000000,3549.55549501,0.06380357,171.74074639,0.01998431,0.01998430,37007,114,1
5400.28148756,5400.28726012,0.00000000,3557.11891249,0.15162994,171.60534976,0.01998428,0.01998430,37006,114,1
5400.42957209,5400.43322393,0.00000000,3565.23174461,0.15454881,171.45889622,0.01998429,0.01998430,37005,114,1
5400.58720408,5400.57919559,0.00000000,3573.87946885,0.02640890,171.30139451,0.01998433,0.01998430,37004,114,1
5400.72814555,5400.72517511,0.00000000,3581.62192290,0.12881639,171.15916156,0.01998431,0.01998430,37003,114,1
5400.87405258,5400.87116248,0.00000000,3589.64751509,0.12921383,171.01051150,0.01998431,0.01998430,37002,114,1
5401.01416652,5401.01715772,0.00000000,3597.36441912,0.17675241,170.86641185,0.01998429,0.01998430,37001,114,1
5401.16280494,5401.16316081,3605.57853794,3605.55889776,0.29714440,170.71214163,0.01998430,0.01998430,37000,114,0
5401.31664915,5401.30917176,0.00000000,3614.05738054,0.36386130,170.55078511,0.01998433,0.01998430,36999,114,1
5401.45317701,5401.45519057,0.00000000,3621.60693379,0.06568582,170.40628129,0.01998430,0.01998430,36998,114,1
5401.60289315,5401.60121724,0.00000000,3629.89658174,0.12919864,170.24634981,0.01998431,0.01998430,36997,114,1
5401.74748289,5401.74725177,3637.89150382,3637.90432384,0.11423135,170.09060298,0.01998430,0.01998430,36996,114,0
5401.89457780,5401.89329416,3645.99862074,3646.06993516,0.24715711,169.93051644,0.01998431,0.01998430,36995,114,0
5402.04323244,5402.03934442,0.00000000,3654.34384433,0.26327813,169.76699945,0.01998432,0.01998430,36994,114,1
nan,nan,0.00000000,-1.00000000,0.00000000,169.59451956,nan,0.00000000,-2147483648,114,1
5402.32798352,5402.33146851,0.00000000,3670.20591770,0.33897041,169.44983797,0.01998429,0.01998430,36992,114,1
5402.47239444,5402.47754236,0.00000000,3678.26635524,0.15320065,169.28681632,0.01998429,0.01998430,36991,114,1
5402.62380981,5402.62362406,3686.72255324,3686.73294396,0.12754553,169.11423513,0.01998431,0.01998430,36990,114,0
5402.76977992,5402.76971364,3694.90015168,3694.90386454,0.08208858,168.94637382,0.01998431,0.01998430,36989,114,0
5402.90889265,nan,0.00000000,3702.69601188,0.17546588,168.78509802,0.01998428,0.01998431,36988,114,1
5403.06293401,5403.06191638,3711.28934713,3711.34650580,0.04995437,168.60468921,0.01998431,0.01998431,36987,114,0
5403.20873741,5403.20802955,3719.50240144,3719.54222108,0.13014647,168.43243735,0.01998431,0.01998431,36986,114,0
5403.35299906,5403.35415058,0.00000000,3727.65439494,0.19019869,168.26066914,0.01998430,0.01998431,36985,114,1
5403.50204711,5403.50027949,0.00000000,3736.05425680,0.18435579,168.08147554,0.01998431,0.01998431,36984,114,1
5403.66427229,nan,0.00000000,3745.21025600,0.12348364,167.88460538,0.01998491,0.01998431,36984,114,1
5403.79058813,5403.79256090,0.00000000,3752.34932668,0.09732735,167.72998385,0.01998430,0.01998431,36982,114,1
5403.94452461,5403.93871341,0.00000000,3761.06109767,0.31640704,167.53997176,0.01998433,0.01998431,36981,114,1
5404.09166873,5404.08487379,0.00000000,3769.40047637,0.20750919,167.35671407,0.01998433,0.01998431,36980,114,1
5404.23753338,5404.23104204,0.00000000,3777.67897794,0.09627273,167.17347071,0.01998433,0.01998431,36979,114,1
5404.38222584,5404.37721817,0.00000000,3785.90244693,0.12483176,166.99013994,0.01998432,0.01998431,36978,114,1
5404.52300674,5404.52340216,3793.95233880,3793.92982252,0.15901391,166.80992569,0.01998431,0.01998431,36977,114,0
5404.65766363,5404.66959403,0.00000000,3801.58853015,0.32531355,166.63683209,0.01998426,0.01998431,36976,114,1
5404.82636319,5404.81579377,0.00000000,3811.21662904,0.16417534,166.41762694,0.01998435,0.01998431,36975,114,1
5404.96663325,5404.96200138,0.00000000,3819.23424045,0.09237176,166.23372668,0.01998432,0.01998431,36974,114,1
5405.10374251,5405.10821686,0.00000000,3827.08181014,0.31397714,166.05252848,0.01998429,0.01998431,36973,114,1
5405.25724723,5405.25444023,0.00000000,3835.88030375,0.20155995,165.84796410,0.01998432,0.01998431,36972,114,1
nan,nan,0.00000000,-1.00000000,0.00000000,165.68134080,nan,0.00000000,-2147483648,114,1
nan,nan,0.00000000,-1.00000000,0.00000000,165.63435895,nan,0.00000000,-2147483648,114,1
5405.53817850,5405.54691057,0.00000000,3852.01699468,0.15136608,165.46891417,0.01998427,0.01998431,36970,114,1
5405.70260555,5405.69315756,0.00000000,3861.48246896,0.12798952,165.24423793,0.01998434,0.01998431,36969,114,1
5405.83350753,5405.83941243,0.00000000,3869.02906208,0.07543673,165.06387306,0.01998429,0.01998431,36968,114,1
5405.99266755,5405.98567517,0.00000000,3878.21799179,0.15456689,164.84277548,0.01998433,0.01998431,36967,114,1
5406.13220728,5406.13194579,3886.26632700,3886.28145652,0.13744974,164.64741858,0.01998431,0.01998431,36966,114,0
5406.28821542,5406.27822429,0.00000000,3895.31989377,0.18709626,164.42695220,0.01998434,0.01998431,36965,114,1
5406.28821542,5406.27822429,0.00000000,3895.31989377,0.18709626,164.42695220,0.01998434,0.01998431,36965,114,1
5406.43278440,5406.42451066,0.00000000,3903.70385713,0.13144645,164.22104317,0.01998434,0.01998431,36964,114,1
5406.56765147,5406.57080492,0.00000000,3911.53618133,0.06627390,164.02745913,0.01998430,0.01998431,36963,114,1
5406.72070333,5406.71710706,0.00000000,3920.43749824,0.05926321,163.80601924,0.01998432,0.01998431,36962,114,1
5406.87081043,5406.86341708,0.00000000,3929.18095456,0.21985947,163.58702048,0.01998434,0.01998431,36961,114,1
5407.01477658,5407.00973498,0.00000000,3937.57923923,0.16693774,163.37528056,0.01998433,0.01998431,36960,114,1
5407.16562321,5407.15606076,0.00000000,3946.39211704,0.08849091,163.15162660,0.01998434,0.01998431,36959,114,1
5407.30736213,5407.30239443,0.00000000,3954.68527938,0.17159301,162.93979530,0.01998433,0.01998431,36958,114,1
5407.30736213,5407.30239443,0.00000000,3954.68527938,0.17159301,162.93979530,0.01998433,0.01998431,36958,114,1
nan,nan,0.00000000,-1.00000000,0.00000000,162.72608285,nan,0.00000000,-2147483648,114,1
5407.59618705,5407.59508541,3971.56263238,3971.62736077,0.14131702,162.50292626,0.01998431,0.01998431,36956,114,0
5407.73855774,5407.74144272,0.00000000,3979.98891172,0.06588760,162.28527627,0.01998430,0.01998431,36955,114,1
5407.89662892,5407.88780792,0.00000000,3989.29315763,0.26364848,162.04150406,0.01998434,0.01998431,36954,114,1
5408.02980285,5408.03418101,0.00000000,3997.14376973,0.24710397,161.83451922,0.01998429,0.01998431,36953,114,1
5408.17799142,5408.18056198,0.00000000,4005.89228912,0.15615330,161.60246098,0.01998430,0.01998431,36952,114,1
5408.32394223,5408.32695084,0.00000000,4014.52193065,0.19701806,161.37211045,0.01998430,0.01998431,36951,114,1
5408.45016165,5408.47334759,0.00000000,4021.99554877,0.11499676,161.17145742,0.01998422,0.01998431,36950,114,1
5408.60960366,5408.61975223,0.00000000,4031.45048457,0.16857217,160.91606654,0.01998427,0.01998431,36949,114,1
5408.77609329,5408.76616475,0.00000000,4041.34030296,0.11228951,160.64708430,0.01998435,0.01998431,36948,114,1
5408.94341762,5408.76616475,0.00000000,4051.29725027,0.14837890,160.37437083,0.01998496,0.01998431,36948,114,1
5409.03949730,5409.05901346,0.00000000,4057.02263865,0.24316241,160.21669081,0.01998424,0.01998431,36946,114,1
5409.21045578,5409.20544965,0.00000000,4067.22452806,0.14516950,159.93415874,0.01998433,0.01998431,36945,114,1
5409.34667285,5409.35189374,0.00000000,4075.36655951,0.01054845,159.70723206,0.01998429,0.01998431,36944,114,1
5409.50328264,5409.49834571,0.00000000,4084.74219098,0.10511271,159.44433954,0.01998433,0.01998431,36943,114,1
nan,nan,0.00000000,-1.00000000,0.00000000,159.23966621,nan,0.00000000,-2147483648,114,1
nan,nan,0.00000000,-1.00000000,0.00000000,159.18308673,nan,0.00000000,-2147483648,114,1
5374.77418678,nan,0.00000000,387.00000000,nan,169.79151563,0.01998502,0.01998428,37183,113,1
5374.77418678,nan,0.00000000,387.00000000,nan,169.79151563,0.01998502,0.01998428,37183,113,1
nan,nan,0.00000000,-1.00000000,0.00000000,170.12643435,nan,0.00000000,-2147483648,113,1
5375.12674862,5375.00865635,0.00000000,399.72804806,0.15114858,170.32384696,0.01998472,0.01998428,37180,113,1
5375.12674862,5375.00865635,0.00000000,399.72804806,0.15114858,170.32384696,0.01998472,0.01998428,37180,113,1
nan,nan,0.00000000,-1.00000000,0.00000000,170.58511916,nan,0.00000000,-2147483648,113,1
nan,nan,0.00000000,-1.00000000,0.00000000,170.83441778,nan,0.00000000,-2147483648,113,1
nan,nan,0.00000000,-1.00000000,0.00000000,171.04168472,nan,0.00000000,-2147483648,113,1
5375.75812933,5375.58712505,0.00000000,422.56338666,0.18189999,171.27179073,0.01998492,0.01998428,37176,113,1
nan,nan,0.00000000,-1.00000000,0.00000000,171.45490338,nan,0.00000000,-2147483648,113,1
5376.03810860,nan,0.00000000,432.70660698,0.14671211,171.68992461,0.01998435,0.01998428,37173,113,1
5376.03810860,nan,0.00000000,432.70660698,0.14671211,171.68992461,0.01998435,0.01998428,37173,113,1
5376.31160488,5376.31038549,442.56834430,442.61259625,0.06572269,172.09653533,0.01998429,0.01998428,37171,113,0
5376.31160488,5376.31038549,442.56834430,442.61259625,0.06572269,172.09653533,0.01998429,0.01998428,37171,113,0
5376.31160488,5376.31038549,442.56834430,442.61259625,0.06572269,172.09653533,0.01998429,0.01998428,37171,113,0
5376.31160488,5376.31038549,442.56834430,442.61259625,0.06572269,172.09653533,0.01998429,0.01998428,37171,113,0
nan,nan,0.00000000,-1.00000000,0.00000000,172.52105405,nan,0.00000000,-2147483648,113,1
nan,nan,0.00000000,-1.00000000,0.00000000,172.72472035,nan,0.00000000,-2147483648,113,1
nan,nan,0.00000000,-1.00000000,0.00000000,172.96853901,nan,0.00000000,-2147483648,113,1
5377.18924111,5377.17855417,0.00000000,474.52187170,0.02241035,173.39457927,0.01998432,0.01998428,37165,113,1
5377.89249643,5377.90224159,0.00000000,500.15688576,0.06736729,174.42438990,0.01998425,0.01998428,37160,113,1
5377.89249643,5377.90224159,0.00000000,500.15688576,0.06736729,174.42438990,0.01998425,0.01998428,37160,113,1
5378.41022855,5378.33654725,0.00000000,519.07280098,0.48454667,175.17683542,0.01998456,0.01998429,37157,113,1
5379.20373000,5379.20536837,548.19002975,548.12992928,0.26528185,176.32033920,0.01998428,0.01998429,37151,113,0
5379.20373000,5379.20536837,548.19002975,548.12992928,0.26528185,176.32033920,0.01998428,0.01998429,37151,113,0
5379.49441314,5379.49503759,558.82305038,558.80011362,0.23666318,176.73648952,0.01998428,0.01998429,37149,113,0
5379.63801428,5379.63988386,564.14503406,564.07632120,0.09807548,176.94152075,0.01998428,0.01998429,37148,113,0
5379.78183436,5379.78473790,0.00000000,569.36651486,0.21645702,177.14659861,0.01998428,0.01998429,37147,113,1
5379.93027393,5379.92959972,574.79894867,574.82375523,0.18413472,177.35763059,0.01998429,0.01998429,37146,113,0
5380.08696638,5380.07446931,0.00000000,580.59100163,0.37522474,177.58007458,0.01998433,0.01998429,37145,113,1
5380.21372538,5380.21934668,0.00000000,585.25779547,0.28386332,177.75964043,0.01998427,0.01998429,37144,113,1
5380.21372538,nan,0.00000000,585.25779547,0.28386332,177.75964043,0.01998427,0.01998429,37144,113,1
nan,nan,0.00000000,-1.00000000,0.00000000,177.98005295,nan,0.00000000,-2147483648,113,1
nan,nan,0.00000000,-1.00000000,0.00000000,178.13324437,nan,0.00000000,-2147483648,113,1
nan,nan,0.00000000,-1.00000000,0.00000000,178.20973313,nan,0.00000000,-2147483648,113,1
5380.66037095,5380.65402546,0.00000000,601.71983402,0.01946842,178.38995751,0.01998431,0.01998429,37141,113,1
5380.80868085,5380.79893394,0.00000000,607.19239395,0.36567426,178.59842687,0.01998432,0.01998429,37140,113,1
nan,nan,0.00000000,-1.00000000,0.00000000,178.81907481,nan,0.00000000,-2147483648,113,1
5381.08835035,5381.08877424,617.53205228,617.51639084,0.18190905,178.99024949,0.01998429,0.01998429,37138,113,0
5381.08835035,5381.08877424,617.53205228,617.51639084,0.18190905,178.99024949,0.01998429,0.01998429,37138,113,0
nan,nan,0.00000000,-1.00000000,0.00000000,179.23534630,nan,0.00000000,-2147483648,113,1
5381.38096371,5381.37864566,0.00000000,628.33889979,0.14284802,179.39894811,0.01998430,0.01998429,37136,113,1
5381.52366983,5381.52359304,633.61294253,633.61578501,0.03482853,179.59746386,0.01998429,0.01998429,37135,113,0
5381.66580657,5381.66854820,0.00000000,638.88174485,0.12659903,179.79507211,0.01998428,0.01998429,37134,113,1
5381.81369455,5381.81351115,644.35091120,644.35770753,0.13060146,180.00003455,0.01998429,0.01998429,37133,113,0
nan,nan,0.00000000,-1.00000000,0.00000000,180.17337271,nan,0.00000000,-2147483648,113,1
5382.09364939,5382.10346039,0.00000000,654.73949528,0.08364656,180.38714565,0.01998425,0.01998429,37131,113,1
5382.23984412,5382.24844669,0.00000000,660.16421596,0.24363768,180.58865192,0.01998426,0.01998429,37130,113,1
nan,nan,0.00000000,-1.00000000,0.00000000,180.80483852,nan,0.00000000,-2147483648,113,1
nan,nan,0.00000000,-1.00000000,0.00000000,181.02647167,nan,0.00000000,-2147483648,113,1
nan,nan,0.00000000,-1.00000000,0.00000000,181.13704602,nan,0.00000000,-2147483648,113,1
nan,nan,0.00000000,-1.00000000,0.00000000,181.21067251,nan,0.00000000,-2147483648,113,1
5382.83843574,5382.82846973,0.00000000,682.40818478,0.15440870,181.40940570,0.01998433,0.01998429,37126,113,1
5382.97788159,5382.97349496,0.00000000,687.59760557,0.03259755,181.59960618,0.01998431,0.01998429,37125,113,1
5382.97788159,5382.97349496,0.00000000,687.59760557,0.03259755,181.59960618,0.01998431,0.01998429,37125,113,1
5383.26502931,5383.26356877,698.23060651,698.28504305,0.19695877,181.98979304,0.01998429,0.01998429,37123,113,0
5383.26502931,5383.26356877,698.23060651,698.28504305,0.19695877,181.98979304,0.01998429,0.01998429,37123,113,0
nan,nan,0.00000000,-1.00000000,0.00000000,182.19759723,nan,0.00000000,-2147483648,113,1
5383.54759049,5383.55367375,0.00000000,708.82886664,0.14803362,182.37272386,0.01998427,0.01998429,37121,113,1
5383.54759049,5383.55367375,0.00000000,708.82886664,0.14803362,182.37272386,0.01998427,0.01998429,37121,113,1
5383.83042612,nan,0.00000000,719.38710865,0.10899104,182.75417324,0.01998424,0.01998429,37119,113,1
5383.83042612,nan,0.00000000,719.38710865,0.10899104,182.75417324,0.01998424,0.01998429,37119,113,1
5383.97732686,5383.98888963,0.00000000,724.87559918,0.04915511,182.95166887,0.01998425,0.01998429,37118,113,1
5383.97732686,5383.98888963,0.00000000,724.87559918,0.04915511,182.95166887,0.01998425,0.01998429,37118,113,1
5384.12968474,5384.13397717,0.00000000,730.57137683,0.05770992,183.15604939,0.01998427,0.01998429,37117,113,1
5384.29304496,5384.27907251,0.00000000,736.68231924,0.13037163,183.37467673,0.01998434,0.01998429,37116,113,1
5384.56830560,5384.56928656,747.01602355,746.97928416,0.17136659,183.74154066,0.01998429,0.01998429,37114,113,0
5384.56830560,5384.56928656,747.01602355,746.97928416,0.17136659,183.74154066,0.01998429,0.01998429,37114,113,0
nan,nan,0.00000000,-1.00000000,0.00000000,183.95516209,nan,0.00000000,-2147483648,113,1
5384.85453272,5384.85953178,0.00000000,757.71683188,0.12818901,184.12206292,0.01998427,0.01998429,37112,113,1
5385.00877697,5385.00466609,0.00000000,763.50345227,0.22925516,184.32626809,0.01998431,0.01998429,37111,113,1
5385.14503654,5385.14980819,0.00000000,768.61834940,0.17399218,184.50626466,0.01998427,0.01998429,37110,113,1
5385.30199760,5385.29495808,0.00000000,774.51381933,0.17583726,184.71314312,0.01998432,0.01998429,37109,113,1
5385.43738716,5385.44011577,0.00000000,779.60206244,0.13818762,184.89118950,0.01998428,0.01998429,37108,113,1
nan,nan,0.00000000,-1.00000000,0.00000000,185.07956033,nan,0.00000000,-2147483648,113,1
5385.72176100,nan,0.00000000,790.29854117,0.07177203,185.26394937,0.01998426,0.01998429,37106,113,1
5385.72176100,5385.73045455,0.00000000,790.29854117,0.07177203,185.26394937,0.01998426,0.01998429,37106,113,1
5385.88337700,5385.87563564,0.00000000,796.38308068,0.43362137,185.47506374,0.01998432,0.01998429,37105,113,1
5386.02320691,5386.02082452,0.00000000,801.65063455,0.08900539,185.65728938,0.01998430,0.01998429,37104,113,1
5386.17049348,5386.16602121,0.00000000,807.20232589,0.21360758,185.84879991,0.01998431,0.01998429,37103,113,1
5386.32280073,5386.31122569,0.00000000,812.94676178,0.13065828,186.04637078,0.01998434,0.01998429,37102,113,1
5386.46508890,5386.45643798,0.00000000,818.31653796,0.13193363,186.23051429,0.01998432,0.01998429,37101,113,1
5386.59329671,5386.60165806,0.00000000,823.15760882,0.23765120,186.39607841,0.01998426,0.01998429,37100,113,1
5386.75343674,5386.74688595,0.00000000,829.20798742,0.06851954,186.60240229,0.01998432,0.01998429,37099,113,1
5386.88869164,5386.89212164,0.00000000,834.32124829,0.22566815,186.77625094,0.01998428,0.01998429,37098,113,1
5387.03036892,nan,0.00000000,839.68034259,0.00985187,186.95794774,0.01998427,0.01998429,37097,113,1
5387.19164011,5387.18261643,0.00000000,845.78438703,0.45546915,187.16426540,0.01998433,0.01998429,37096,113,1
5387.19164011,5387.18261643,0.00000000,845.78438703,0.45546915,187.16426540,0.01998433,0.01998429,37096,113,1
5387.30710729,5387.18261643,0.00000000,850.15725315,0.36191987,187.31165223,0.01998475,0.01998429,37096,113,1
5387.48391722,5387.47314244,0.00000000,856.85725893,0.05012759,187.53679987,0.01998433,0.01998429,37094,113,1
5387.62089097,nan,0.00000000,862.05107266,0.15444767,187.71077091,0.01998430,0.01998429,37093,113,1
5387.77012617,nan,0.00000000,867.71315920,0.08097283,187.89986732,0.01998432,0.01998429,37092,113,1
5387.90121589,5387.90898999,0.00000000,872.68967205,0.01264069,188.06558528,0.01998426,0.01998429,37091,113,1
5388.04975278,5388.05428812,0.00000000,878.33178526,0.12997849,188.25292167,0.01998428,0.01998429,37090,113,1
5388.20071586,5388.19959406,884.01385497,884.05651179,0.09811827,188.44240774,0.01998430,0.01998429,37089,113,0
5388.34347242,5388.34490780,889.54132341,889.48670573,0.09064489,188.62159234,0.01998429,0.01998429,37088,113,0
5388.49197100,5388.49022936,0.00000000,895.14983125,0.02601887,188.80788987,0.01998430,0.01998429,37087,113,1
5388.63277060,5388.63555872,0.00000000,900.51107928,0.11144300,188.98371706,0.01998428,0.01998429,37086,113,1
5388.77998849,5388.78089590,906.14831765,906.11371954,0.10679957,189.16689992,0.01998429,0.01998429,37085,113,0
5388.93121340,5388.92624088,0.00000000,911.88532695,0.19144299,189.35500750,0.01998431,0.01998429,37084,113,1
nan,nan,0.00000000,-1.00000000,0.00000000,189.52119541,nan,0.00000000,-2147483648,113,1
5389.21696820,5389.21695428,922.78938322,922.78991511,0.14824442,189.70874622,0.01998429,0.01998429,37082,113,0
5389.36176073,5389.36232270,928.34304104,928.32156638,0.13056170,189.88735830,0.01998429,0.01998429,37081,113,0
5389.51179514,5389.50769893,0.00000000,934.05310700,0.16354209,190.07183386,0.01998431,0.01998429,37080,113,1
5389.65523090,5389.65308297,0.00000000,939.53808486,0.11722620,190.24781032,0.01998430,0.01998429,37079,113,1
5389.80827478,5389.79847483,0.00000000,945.39412255,0.03554658,190.43508338,0.01998433,0.01998429,37078,113,1
5389.93847322,5389.94387450,0.00000000,950.37897624,0.22263897,190.59400131,0.01998428,0.01998429,37077,113,1
5390.08612828,5390.08928199,0.00000000,956.03549380,0.05302523,190.77378030,0.01998428,0.01998430,37076,113,1
5390.23871416,5390.23469729,0.00000000,961.88460884,0.18754815,190.95906349,0.01998431,0.01998430,37075,113,1
5390.38961665,nan,0.00000000,967.67290280,0.06116297,191.14180218,0.01998433,0.01998430,37074,113,1
5390.52699531,5390.52555134,972.89542776,972.95087721,0.05540388,191.30789392,0.01998430,0.01998430,37073,113,0
5390.67476953,5390.67099009,0.00000000,978.62085003,0.13462428,191.48575158,0.01998431,0.01998430,37072,113,1
5390.81477448,5390.81643666,984.07279419,984.00888486,0.05938410,191.65421817,0.01998429,0.01998430,37071,113,0
5390.95906258,5390.96189105,0.00000000,989.54897503,0.10498331,191.82688288,0.01998429,0.01998430,37070,113,1
5391.09986882,nan,0.00000000,994.96641030,0.24971643,191.99517934,0.01998427,0.01998430,37069,113,1
5391.24909201,5391.25282328,0.00000000,1000.71122954,0.27933795,192.17305670,0.01998428,0.01998430,37068,113,1
5391.40380435,5391.39830113,0.00000000,1006.67123207,0.18303406,192.35695522,0.01998432,0.01998430,37067,113,1
5391.55544351,5391.54378680,0.00000000,1012.51666957,0.09161689,192.53668388,0.01998434,0.01998430,37066,113,1
5391.68740519,5391.68928028,1017.68971883,1017.61737824,0.15094379,192.69300062,0.01998429,0.01998430,37065,113,0
5391.83464217,5391.83478159,1023.30485253,1023.29947040,0.08259981,192.86657036,0.01998430,0.01998430,37064,113,0
5391.97891487,5391.98029073,1028.92381318,1028.87066655,0.20308319,193.03617513,0.01998429,0.01998430,37063,113,0
5392.12505905,5392.12580768,1034.54673074,1034.51779346,0.03865130,193.20750776,0.01998430,0.01998430,37062,113,0
5392.28024671,5392.27133246,0.00000000,1040.50915214,0.04846519,193.38864158,0.01998433,0.01998430,37061,113,1
5392.28024671,5392.27133246,0.00000000,1040.50915214,0.04846519,193.38864158,0.01998433,0.01998430,37061,113,1
5392.57076690,5392.56240549,0.00000000,1051.75379723,0.11200506,193.72680809,0.01998433,0.01998430,37059,113,1
5392.71019708,5392.70795374,0.00000000,1057.15548207,0.16853284,193.88842636,0.01998431,0.01998430,37058,113,1
5392.85663879,5392.85350982,0.00000000,1062.83230955,0.07863423,194.05769635,0.01998431,0.01998430,37057,113,1
5392.99870731,5392.99907372,1068.36598358,1068.35176748,0.11889556,194.22170329,0.01998430,0.01998430,37056,113,0
5393.14517540,5393.14464545,1074.01549668,1074.03606941,0.12679616,194.39002017,0.01998430,0.01998430,37055,113,0
5393.28740342,5393.29022501,0.00000000,1079.55184970,0.05721125,194.55277612,0.01998429,0.01998430,37054,113,1
5393.43405225,5393.43581240,1085.32544951,1085.25703875,0.11111443,194.72052923,0.01998429,0.01998430,37053,113,0
5393.58298946,5393.58140761,1090.98595739,1091.04747570,0.08582837,194.89017339,0.01998430,0.01998430,37052,113,0
5393.72535734,5393.72701066,1096.65019857,1096.58586177,0.21133476,195.05185273,0.01998429,0.01998430,37051,113,0
5393.87275768,5393.87262153,1102.31820753,1102.32350871,0.16505655,195.21875028,0.01998430,0.01998430,37050,113,0
5394.01667323,5394.01824024,1107.99004339,1107.92898934,0.12424052,195.38121476,0.01998429,0.01998430,37049,113,0
5394.16700496,5394.16386677,0.00000000,1113.78995515,0.10309798,195.55046167,0.01998431,0.01998430,37048,113,1
5394.30718328,5394.30950114,0.00000000,1119.25851906,0.26491631,195.70780326,0.01998429,0.01998430,37047,113,1
5394.45173345,5394.45514334,0.00000000,1124.90116297,0.08095204,195.86957248,0.01998429,0.01998430,37046,113,1
5394.60425504,5394.60079337,0.00000000,1130.85886888,0.16670552,196.03973357,0.01998431,0.01998430,37045,113,1
5394.74454222,5394.74645123,0.00000000,1136.34221676,0.04805959,196.19576452,0.01998429,0.01998430,37044,113,1
5394.88916086,5394.89211693,0.00000000,1141.99841946,0.09838613,196.35612964,0.01998429,0.01998430,37043,113,1
5395.03950436,5395.03779046,0.00000000,1147.88236011,0.18249473,196.52232151,0.01998431,0.01998430,37042,113,1
5395.18180454,5395.18347183,1153.51618659,1153.45086239,0.07483810,196.67901184,0.01998429,0.01998430,37041,113,0
5395.33178213,nan,0.00000000,1159.33234253,0.05211746,196.84388361,0.01998431,0.01998430,37040,113,1
5395.47271838,5395.47485807,0.00000000,1164.85882565,0.11215063,196.99821834,0.01998429,0.01998430,37039,113,1
5395.62401460,5395.62056295,0.00000000,1170.79540316,0.05730464,197.16337318,0.01998431,0.01998430,37038,113,1
5395.76815637,5395.76627566,0.00000000,1176.45497194,0.06368280,197.32021162,0.01998431,0.01998430,37037,113,1
5395.91361909,5395.91199621,1182.10160842,1182.16537739,0.07873167,197.47785514,0.01998431,0.01998430,37036,113,0
5396.05693353,5396.05772460,1187.82957673,1187.79847335,0.06852359,197.63277006,0.01998430,0.01998430,37035,113,0
nan,nan,0.00000000,-1.00000000,0.00000000,197.77529209,nan,0.00000000,-2147483648,113,1
5396.34629945,5396.34920490,0.00000000,1199.19174113,0.14988640,197.94428945,0.01998429,0.01998430,37033,113,1
5396.48918686,5396.49495680,0.00000000,1204.82017885,0.07119131,198.09729258,0.01998428,0.01998430,37032,113,1
5396.63883355,5396.64071655,0.00000000,1210.71873993,0.12888595,198.25700547,0.01998429,0.01998430,37031,113,1
5396.79627767,5396.78648414,0.00000000,1216.92893304,0.05555595,198.42445568,0.01998434,0.01998430,37030,113,1
5396.93413776,5396.93225957,1222.28826517,1222.36243090,0.16900607,198.57037363,0.01998431,0.01998430,37029,113,0
5397.07527514,5397.07804284,0.00000000,1227.94447031,0.11532395,198.71970745,0.01998429,0.01998430,37028,113,1
5397.22133940,5397.22383396,0.00000000,1233.71699518,0.16456690,198.87352598,0.01998429,0.01998430,37027,113,1
5397.36326983,5397.36963292,0.00000000,1239.32980138,0.10870230,199.02249239,0.01998428,0.01998430,37026,113,1
5397.51645321,5397.51543972,1245.34668846,1245.38681106,0.05396753,199.18258857,0.01998430,0.01998430,37025,113,0
5397.66202488,5397.66125437,1251.12110273,1251.15162534,0.06090850,199.33432539,0.01998430,0.01998430,37024,113,0
5397.80594270,5397.80707686,1256.89951584,1256.85455844,0.10800808,199.48382274,0.01998430,0.01998430,37023,113,0
5397.95418549,5397.95290720,1262.68201383,1262.73271758,0.04770792,199.63727762,0.01998431,0.01998430,37022,113,0
5398.10272151,5398.09874539,0.00000000,1268.63081295,0.09337334,199.79060397,0.01998432,0.01998430,37021,113,1
5398.25298104,nan,0.00000000,1274.59696010,0.12815756,199.94503779,0.01998433,0.01998430,37020,113,1
5398.39060730,5398.39044530,1280.05485472,1280.06129348,0.18662065,200.08589818,0.01998430,0.01998430,37019,113,0
5398.53366458,5398.53630703,0.00000000,1285.75265180,0.08625550,200.23201707,0.01998429,0.01998430,37018,113,1
5398.68443063,5398.68217661,0.00000000,1291.75072844,0.09320748,200.38535465,0.01998431,0.01998430,37017,113,1
5398.83591598,5398.82805403,0.00000000,1297.78160106,0.11995283,200.53885176,0.01998433,0.01998430,37016,113,1
5398.97213620,5398.97393931,0.00000000,1303.20832985,0.08622496,200.67639022,0.01998430,0.01998430,37015,113,1
5399.11461020,5399.11983243,0.00000000,1308.88783608,0.17372323,200.81974458,0.01998428,0.01998430,37014,113,1
5399.26742488,5399.26573341,0.00000000,1314.98370276,0.16393012,200.97293581,0.01998431,0.01998430,37013,113,1
5399.41181118,5399.41164224,1320.74055148,1320.74729782,0.09036181,201.11713650,0.01998430,0.01998430,37012,113,0
5399.55749567,5399.55755892,1326.56944622,1326.56691868,0.08154556,201.26210713,0.01998430,0.01998430,37011,113,0
5399.70609951,5399.70348345,0.00000000,1332.50661319,0.06278741,201.40941405,0.01998431,0.01998430,37010,113,1
5399.84384879,5399.84941584,0.00000000,1338.01637156,0.11093980,201.54546679,0.01998428,0.01998430,37009,113,1
5399.99853374,5399.99535608,0.00000000,1344.20773159,0.09327243,201.69767077,0.01998431,0.01998430,37008,113,1
5400.14468402,5400.14130418,0.00000000,1350.06157851,0.06444106,201.84091593,0.01998432,0.01998430,37007,113,1
5400.28990340,5400.28726012,0.00000000,1355.88208578,0.07333902,201.98270746,0.01998431,0.01998430,37006,113,1
5400.43455154,5400.43322393,1361.62788895,1361.68114716,0.06569094,202.12334390,0.01998431,0.01998430,37005,113,0
5400.68915815,nan,0.00000000,1371.90487733,0.19925858,202.36974701,0.01998471,0.01998430,37004,113,1
5400.68915815,nan,0.00000000,1371.90487733,0.19925858,202.36974701,0.01998471,0.01998430,37004,113,1
5400.87400060,5400.87116248,0.00000000,1379.33307036,0.13410378,202.54754259,0.01998431,0.01998430,37002,113,1
5401.01782749,5401.01715772,1385.08673610,1385.11368338,0.12608261,202.68518525,0.01998431,0.01998430,37001,113,0
5401.22425024,nan,0.00000000,1393.42610624,0.19866300,202.88201154,0.01998453,0.01998430,37000,113,1
5401.22425024,nan,0.00000000,1393.42610624,0.19866300,202.88201154,0.01998453,0.01998430,37000,113,1
5401.45595772,5401.45519057,1402.72893138,1402.75986119,0.05005833,203.10147223,0.01998431,0.01998430,36998,113,0
5401.60547305,5401.60121724,0.00000000,1408.79185180,0.11209840,203.24242776,0.01998432,0.01998430,36997,113,1
5401.75183336,5401.74725177,0.00000000,1414.69847218,0.08391775,203.37978985,0.01998432,0.01998430,36996,113,1
5401.89756726,5401.89329416,0.00000000,1420.58388058,0.12665172,203.51600519,0.01998432,0.01998430,36995,113,1
5402.04426867,5402.03934442,0.00000000,1426.51246961,0.10569912,203.65256027,0.01998432,0.01998430,36994,113,1
5402.18491476,5402.18540253,1432.21738015,1432.19765012,0.02617241,203.78288681,0.01998430,0.01998430,36993,113,0
5402.33118140,5402.33146851,1438.12750926,1438.11588814,0.11707572,203.91790883,0.01998430,0.01998430,36992,113,0
5402.47895445,5402.47754236,1444.04181401,1444.09900632,0.13164461,204.05373986,0.01998431,0.01998430,36991,113,0
5402.61947508,5402.62362406,0.00000000,1449.79801201,0.10087227,204.18249315,0.01998429,0.01998430,36990,113,1
5402.77071168,5402.76971364,1455.88319243,1455.92367011,0.02575662,204.32020234,0.01998431,0.01998430,36989,113,0
5402.91303494,5402.91581107,0.00000000,1461.70657843,0.12214113,204.44955663,0.01998430,0.01998431,36988,113,1
5403.06283578,5403.06191638,1467.74287606,1467.78022056,0.07825312,204.58473464,0.01998431,0.01998431,36987,113,0
5403.21132938,5403.20802955,0.00000000,1473.82437883,0.03032028,204.71856515,0.01998432,0.01998431,36986,113,1
5403.35308093,5403.35415058,1479.62261440,1479.57909523,0.08068634,204.84534576,0.01998430,0.01998431,36985,113,0
5403.49982623,5403.50027949,1485.57047140,1485.55201502,0.05522138,204.97627205,0.01998430,0.01998431,36984,113,0
5403.64368031,5403.64641626,0.00000000,1491.41892341,0.07906826,205.10421843,0.01998430,0.01998431,36983,113,1
5403.79280726,5403.79256090,1497.48124737,1497.49129387,0.09812550,205.23596054,0.01998431,0.01998431,36982,113,0
5403.94055239,5403.93871341,0.00000000,1503.52142613,0.12323002,205.36609656,0.01998431,0.01998431,36981,113,1
5404.08964292,5404.08487379,0.00000000,1509.60592329,0.09744407,205.49670900,0.01998432,0.01998431,36980,113,1
5404.23055931,5404.23104204,1515.37991501,1515.36019304,0.07725149,205.61958849,0.01998430,0.01998431,36979,113,0
5404.37260568,5404.37721817,0.00000000,1521.16596278,0.12397182,205.74293294,0.01998429,0.01998431,36978,113,1
5404.52201343,nan,0.00000000,1527.27622398,0.02586969,205.87205756,0.01998430,0.01998431,36977,113,1
5404.66762881,5404.66959403,0.00000000,1533.23567354,0.11355440,205.99731450,0.01998430,0.01998431,36976,113,1
5404.81615357,5404.81579377,1539.29899039,1539.31372801,0.06843158,206.12437179,0.01998431,0.01998431,36975,113,0
5404.96322585,5404.96200138,1545.28993782,1545.34013109,0.03325709,206.24965872,0.01998431,0.01998431,36974,113,0
5405.10606358,5405.10821686,0.00000000,1551.20466391,0.05117795,206.37092005,0.01998430,0.01998431,36973,113,1
5405.25709626,5405.25444023,0.00000000,1557.40359326,0.03975480,206.49838737,0.01998432,0.01998431,36972,113,1
5405.39976869,5405.40067146,1563.29348847,1563.25639410,0.03973957,206.61806902,0.01998430,0.01998431,36971,113,0
5405.54721752,5405.54691057,1569.30463095,1569.31725256,0.10259647,206.74132087,0.01998431,0.01998431,36970,113,0
5405.68785510,5405.69315756,0.00000000,1575.10880839,0.08861470,206.85844558,0.01998429,0.01998431,36969,113,1
5405.84123868,nan,0.00000000,1581.42232319,0.11140597,206.98540144,0.01998431,0.01998431,36968,113,1
5405.98408960,5405.98567517,1587.36559263,1587.30025927,0.12561370,207.10291883,0.01998430,0.01998431,36967,113,0
5406.12995136,5406.13194579,0.00000000,1593.31920060,0.09875231,207.22257608,0.01998430,0.01998431,36966,113,1
5406.27559476,5406.27822429,0.00000000,1599.32713742,0.10965416,207.34132899,0.01998430,0.01998431,36965,113,1
5406.42639212,5406.42451066,0.00000000,1605.55226129,0.09051991,207.46365210,0.01998431,0.01998431,36964,113,1
5406.57100488,5406.57080492,1611.50980339,1611.51806612,0.12452454,207.58018925,0.01998431,0.01998431,36963,113,0
5406.71764185,5406.71710706,1617.55778222,1617.57989829,0.12601045,207.69790996,0.01998431,0.01998431,36962,113,0
5406.86522772,nan,0.00000000,1623.69462196,0.07458481,207.81595073,0.01998431,0.01998431,36961,113,1
5407.00668539,5407.00973498,0.00000000,1629.55124869,0.09294697,207.92834311,0.01998430,0.01998431,36960,113,1
5407.15648714,5407.15606076,1635.73143952,1635.74911240,0.07577018,208.04657419,0.01998431,0.01998431,36959,113,0
5407.30226461,5407.30239443,1641.79901925,1641.79363439,0.09609447,208.16117688,0.01998431,0.01998431,36958,113,0
5407.44681582,5407.44873598,0.00000000,1647.80009580,0.08017474,208.27436991,0.01998430,0.01998431,36957,113,1
5407.59478865,5407.59508541,1653.94827719,1653.93595041,0.05843420,208.38929304,0.01998431,0.01998431,36956,113,0
5407.74369803,5407.74144272,0.00000000,1660.13235887,0.01758851,208.50462365,0.01998432,0.01998431,36955,113,1
5407.88679754,5407.88780792,1666.11622308,1666.07419273,0.10755340,208.61452998,0.01998430,0.01998431,36954,113,0
5408.03114139,5408.03418101,0.00000000,1672.09015691,0.06365462,208.72512310,0.01998430,0.01998431,36953,113,1
5408.18136811,5408.18056198,1678.30358293,1678.33716781,0.06758225,208.83923465,0.01998431,0.01998431,36952,113,0
5408.32997076,5408.32695084,0.00000000,1684.54008287,0.09476902,208.95180570,0.01998432,0.01998431,36951,113,1
5408.47749559,5408.47334759,0.00000000,1690.69327708,0.05100691,209.06275062,0.01998432,0.01998431,36950,113,1
5408.61825585,5408.61975223,1696.62275244,1696.56026358,0.01875073,209.16786358,0.01998430,0.01998431,36949,113,0
5408.76715285,5408.76616475,1702.73931402,1702.78060902,0.06826903,209.27859124,0.01998431,0.01998431,36948,113,0
5408.91291944,5408.91258516,1708.86078829,1708.87476883,0.04933578,209.38635782,0.01998431,0.01998431,36947,113,0
nan,nan,0.00000000,-1.00000000,0.00000000,209.47644240,nan,0.00000000,-2147483648,113,1
5409.20413575,5409.20544965,1721.11802273,1721.06299341,0.08805292,209.59976607,0.01998430,0.01998431,36945,113,0
5409.35129124,5409.35189374,1727.25360200,1727.22835021,0.11806536,209.70663915,0.01998431,0.01998431,36944,113,0
5409.49642558,5409.49834571,0.00000000,1733.31913720,0.05683534,209.81150793,0.01998430,0.01998431,36943,113,1
5409.64352536,5409.64480557,1739.53897520,1739.48524078,0.06659844,209.91695281,0.01998430,0.01998431,36942,113,0
5409.78831689,5409.79127333,0.00000000,1745.57122883,0.14957012,210.02031650,0.01998430,0.01998431,36941,113,1
5409.93995035,5409.93774898,0.00000000,1751.94330607,0.08137161,210.12778183,0.01998432,0.01998431,36940,113,1
5410.08545372,5410.08423253,1758.00426165,1758.05563810,0.09328701,210.23013847,0.01998431,0.01998431,36939,113,0
5410.22956209,5410.23072397,1764.16966680,1764.12074772,0.08235328,210.33099952,0.01998431,0.01998431,36938,113,0
5410.38117829,5410.37722330,0.00000000,1770.51346076,0.01754656,210.43654837,0.01998433,0.01998431,36937,113,1
5410.52270906,5410.52373053,1776.51596182,1776.47288728,0.05197583,210.53424056,0.01998431,0.01998431,36936,113,0
5410.67380344,5410.67024565,0.00000000,1782.85279744,0.07170249,210.63807401,0.01998432,0.01998431,36935,113,1
5410.81786777,5410.81676868,1788.88271170,1788.92913138,0.04315357,210.73624389,0.01998431,0.01998431,36934,113,0
5410.96424141,5410.96329959,1795.07368556,1795.11349279,0.08227147,210.83543479,0.01998431,0.01998431,36933,113,0
5411.10988517,5411.10983841,1801.26969114,1801.27166895,0.19849974,210.93347956,0.01998431,0.01998431,36932,113,0
5411.25808126,5411.25638512,0.00000000,1807.54692304,0.10067360,211.03264277,0.01998432,0.01998431,36931,113,1
5411.40270575,5411.40293974,1813.67670271,1813.66679070,0.05726792,211.12862555,0.01998431,0.01998431,36930,113,0
5411.54929765,5411.54950225,1819.88766100,1819.87898751,0.04924249,211.22532410,0.01998431,0.01998431,36929,113,0
5411.69740642,5411.69607266,1826.10355634,1826.16014056,0.07245348,211.32234576,0.01998432,0.01998431,36928,113,0
5411.84069881,5411.84265098,0.00000000,1832.24640187,0.08353581,211.41563725,0.01998430,0.01998431,36927,113,1
5411.99065984,5411.98923719,1838.55026555,1838.61071214,0.18416416,211.51243290,0.01998432,0.01998431,36926,113,0
5412.13399961,5412.13583131,0.00000000,1844.70936307,0.06798678,211.60446103,0.01998431,0.01998431,36925,113,1
5412.28265326,5412.28243332,1851.01733205,1851.02669129,0.06997621,211.69903856,0.01998431,0.01998431,36924,113,0
5412.42965078,5412.42904325,1857.25867950,1857.28455339,0.06019720,211.79197279,0.01998431,0.01998431,36923,113,0
5412.57481621,5412.57566107,1863.50533374,1863.46932412,0.10336220,211.88308505,0.01998431,0.01998431,36922,113,0
5412.72244003,5412.72228680,1869.75737173,1869.76390798,0.09281474,211.97506314,0.01998431,0.01998431,36921,113,0
5412.86503472,5412.86892043,0.00000000,1875.85718314,0.06523156,212.06337699,0.01998430,0.01998431,36920,113,1
5413.01580851,5413.01556197,1882.27791411,1882.28844818,0.06924369,212.15581827,0.01998431,0.01998431,36919,113,0
5413.16080149,5413.16221141,1888.54657706,1888.48628294,0.12536583,212.24415467,0.01998431,0.01998431,36918,113,0
5413.30857455,5413.30886877,1894.82093894,1894.80834638,0.15586995,212.33350353,0.01998431,0.01998431,36917,113,0
5413.45678295,5413.45553402,1901.10096911,1901.15446908,0.02198864,212.42242224,0.01998432,0.01998431,36916,113,0
5413.60360168,5413.60220719,1907.38647075,1907.44625387,0.15048718,212.50981772,0.01998432,0.01998431,36915,113,0
5413.75039454,5413.74888826,0.00000000,1913.74390639,0.09589447,212.59653492,0.01998432,0.01998431,36914,113,1
5413.89624544,5413.89557724,1919.97304049,1920.00172943,0.04276407,212.68195064,0.01998432,0.01998431,36913,113,0
5414.04448864,5414.04227413,0.00000000,1926.36896569,0.06290679,212.76808919,0.01998432,0.01998431,36912,113,1
5414.18962226,5414.18897893,1932.57899603,1932.60665550,0.13415277,212.85172137,0.01998432,0.01998431,36911,113,0
5414.33358378,5414.33569165,0.00000000,1938.79905576,0.11662991,212.93400826,0.01998431,0.01998431,36910,113,1
5414.48316418,5414.48241227,1945.20442218,1945.23679921,0.06466434,213.01877557,0.01998432,0.01998431,36909,113,0
5414.63003410,5414.62914080,1951.52510639,1951.56360335,0.05724345,213.10130751,0.01998432,0.01998431,36908,113,0
5414.77647596,5414.77587725,1957.85148875,1957.87731280,0.04116500,213.18290303,0.01998432,0.01998431,36907,113,0
5414.91992862,5414.92262161,0.00000000,1964.07001850,0.03764838,213.26219167,0.01998430,0.01998431,36906,113,1
5415.06741537,5415.06937388,0.00000000,1970.43933208,0.05324065,213.34297376,0.01998431,0.01998431,36905,113,1
5415.21293260,5415.21613407,0.00000000,1976.72864310,0.13934650,213.42197710,0.01998430,0.01998431,36904,113,1
5415.36343596,5415.36290217,1983.21604748,1983.23914998,0.04475105,213.50295913,0.01998432,0.01998431,36903,113,0
5415.50826474,5415.50967818,1989.57092462,1989.50970536,0.11946233,213.58018712,0.01998431,0.01998431,36902,113,0
5415.65575937,5415.65646212,1995.93075031,1995.90029142,0.04164854,213.65811656,0.01998431,0.01998431,36901,113,0
5415.80748637,5415.80325396,0.00000000,2002.47789421,0.08871227,213.73750749,0.01998433,0.01998431,36900,113,1
5415.95010757,5415.95005373,2008.66471049,2008.66704731,0.06221527,213.81145104,0.01998431,0.01998431,36899,113,0
5416.09719691,5416.09686141,2015.03907093,2015.05364343,0.08634716,213.88698207,0.01998432,0.01998431,36898,113,0
5416.24360941,5416.24367702,2021.41854999,2021.41561120,0.08552083,213.96144272,0.01998431,0.01998431,36897,113,0
5416.39171867,5416.39050054,2027.80329741,2027.85628987,0.02635104,214.03603241,0.01998432,0.01998431,36896,113,0
5416.53625759,5416.53733198,2034.19346429,2034.14668762,0.08731431,214.10811221,0.01998431,0.01998431,36895,113,0
5416.68496318,5416.68417135,2040.58921079,2040.62371447,0.11054734,214.18153587,0.01998432,0.01998431,36894,113,0
5416.82883864,5416.83101863,0.00000000,2046.90975996,0.08958450,214.25202349,0.01998431,0.01998431,36893,113,1
5416.98038493,5416.97787384,0.00000000,2053.52408590,0.14118286,214.32537206,0.01998432,0.01998431,36892,113,1
5417.12806055,5417.12473697,0.00000000,2059.97488779,0.11730945,214.39609706,0.01998433,0.01998431,36891,113,1
5417.27276175,5417.27160802,2066.23135164,2066.28180497,0.10975691,214.46447096,0.01998432,0.01998431,36890,113,0
5417.41778102,5417.41848700,2072.65742959,2072.62652808,0.05329943,214.53248288,0.01998431,0.01998432,36889,113,0
5417.56752430,5417.56537390,0.00000000,2079.20340170,0.07354171,214.60216608,0.01998432,0.01998432,36888,113,1
5417.71434678,5417.71226873,0.00000000,2085.63818423,0.17448253,214.66953855,0.01998432,0.01998432,36887,113,1
5417.85573163,5417.85917149,0.00000000,2091.83970985,0.10449372,214.73371506,0.01998430,0.01998432,36886,113,1
5418.00847764,5418.00608217,0.00000000,2098.54515801,0.05486310,214.80227387,0.01998432,0.01998432,36885,113,1
5418.15376772,5418.15300078,2104.87865296,2104.91236827,0.14872843,214.86657362,0.01998432,0.01998432,36884,113,0
5418.29818468,5418.29992732,0.00000000,2111.27911328,0.06382434,214.93008862,0.01998431,0.01998432,36883,113,1
5418.44567338,5418.44686178,2117.80755123,2117.75522246,0.08343214,214.99389430,0.01998431,0.01998432,36882,113,0
5418.59179341,5418.59380418,0.00000000,2124.20604853,0.09016312,215.05664838,0.01998431,0.01998432,36881,113,1
5418.73995725,5418.74075451,2130.75904583,2130.72388324,0.09868143,215.11924079,0.01998431,0.01998432,36880,113,0
5418.88697327,5418.88771277,2137.24323023,2137.21058826,0.09410254,215.18072227,0.01998431,0.01998432,36879,113,0
5419.03427338,5419.03467896,2143.73310031,2143.71518317,0.07434129,215.24155986,0.01998431,0.01998432,36878,113,0
5419.18088249,5419.18165308,2150.22878421,2150.19471265,0.07673990,215.30135305,0.01998431,0.01998432,36877,113,0
5419.32670203,5419.32863514,0.00000000,2156.65799703,0.11586446,215.36019090,0.01998431,0.01998432,36876,113,1
5419.47543891,5419.47562513,2163.23811699,2163.22986873,0.03745043,215.41919239,0.01998431,0.01998432,36875,113,0
5419.62348730,5419.62262305,2169.75202857,2169.79034334,0.05908652,215.47726189,0.01998432,0.01998432,36874,113,0
5419.76853978,5419.76962891,2176.27221032,2176.22388218,0.07489561,215.53340272,0.01998431,0.01998432,36873,113,0
5419.91674826,5419.91664271,2182.79860283,2182.80329076,0.07670189,215.58999182,0.01998432,0.01998432,36872,113,0
5420.06290317,5420.06366444,2189.33113373,2189.29729397,0.05904136,215.64502857,0.01998431,0.01998432,36871,113,0
5420.20884065,5420.21069411,0.00000000,2195.79374143,0.08126652,215.69927308,0.01998431,0.01998432,36870,113,1
5420.35402655,5420.35773172,0.00000000,2202.25413961,0.09989821,215.75241015,0.01998430,0.01998432,36869,113,1
5420.50397046,5420.50477727,2208.96482488,2208.92886855,0.08606691,215.80646540,0.01998431,0.01998432,36868,113,0
5420.65050916,5420.65183076,2215.52116311,2215.46221579,0.12594465,215.85854420,0.01998431,0.01998432,36867,113,0
5420.79666402,5420.79889218,0.00000000,2221.98430531,0.11282572,215.90971275,0.01998431,0.01998432,36866,113,1
5420.94665491,5420.94596155,2228.65099050,2228.68196640,0.08381647,215.96140548,0.01998432,0.01998432,36865,113,0
5421.09460529,5421.09303886,0.00000000,2235.29370596,0.09922813,216.01158697,0.01998432,0.01998432,36864,113,1
5421.23835806,5421.24012411,0.00000000,2241.72369050,0.06753776,216.05958074,0.01998431,0.01998432,36863,113,1
5421.38351654,5421.38721731,0.00000000,2248.22210131,0.09245302,216.10727545,0.01998430,0.01998432,36862,113,1
5421.53326958,5421.53431844,2254.97780829,2254.93079854,0.06162316,216.15565946,0.01998431,0.01998432,36861,113,0
5421.68114828,5421.68142753,2261.57406811,2261.56154158,0.08293488,216.20262858,0.01998432,0.01998432,36860,113,0
5421.82768707,nan,0.00000000,2268.14139357,0.11500729,216.24839921,0.01998431,0.01998432,36859,113,1
5421.97695408,5421.97566953,2274.78541665,2274.84314614,0.10784579,216.29415963,0.01998432,0.01998432,36858,113,0
5422.12126588,5422.12280245,2281.40077442,2281.33165632,0.12523139,216.33763880,0.01998431,0.01998432,36857,113,0
5422.27033109,5422.26994331,2288.02258281,2288.04004216,0.05853303,216.38173771,0.01998432,0.01998432,36856,113,0
5422.41740126,5422.41709213,2294.65080819,2294.66473919,0.17548077,216.42443473,0.01998432,0.01998432,36855,113,0
5422.56225768,5422.56424889,0.00000000,2301.20004378,0.07083030,216.46572623,0.01998431,0.01998432,36854,113,1
5422.71061231,5422.71141360,2307.92637368,2307.89019860,0.09208781,216.50714281,0.01998432,0.01998432,36853,113,0
5422.85875386,5422.85858626,2314.57361430,2314.58118737,0.08465004,216.54770106,0.01998432,0.01998432,36852,113,0
5423.00656280,5423.00576688,2321.22703009,2321.26302587,0.07613394,216.58734203,0.01998432,0.01998432,36851,113,0
5423.15458373,5423.15295544,0.00000000,2327.96363732,0.07999972,216.62622947,0.01998432,0.01998432,36850,113,1
5423.30023899,5423.30015196,2334.55193675,2334.55587930,0.07809473,216.66364273,0.01998432,0.01998432,36849,113,0
5423.44613707,5423.44735642,2341.22320123,2341.16791827,0.06083354,216.70032618,0.01998431,0.01998432,36848,113,0
5423.59533403,5423.59456885,2347.90030107,2347.93502224,0.03465343,216.73699654,0.01998432,0.01998432,36847,113,0
5423.74033204,5423.74178922,2354.58349220,2354.51731332,0.10437904,216.77181776,0.01998431,0.01998432,36846,113,0
5423.88783814,5423.88901755,2361.27306756,2361.21945441,0.07729750,216.80641406,0.01998431,0.01998432,36845,113,0
5424.03791185,5424.03625384,0.00000000,2368.05498066,0.09592274,216.84080615,0.01998433,0.01998432,36844,113,1
5424.18616642,5424.18349808,0.00000000,2374.80500193,0.08399709,216.87388330,0.01998433,0.01998432,36843,113,1
5424.33061077,5424.33075028,2381.38295269,2381.37659220,0.09448791,216.90524144,0.01998432,0.01998432,36842,113,0
5424.47971211,5424.47801043,0.00000000,2388.18827998,0.04354669,216.93686570,0.01998433,0.01998432,36841,113,1
5424.62234324,5424.62527855,0.00000000,2394.69983532,0.08902566,216.96625948,0.01998431,0.01998432,36840,113,1
5424.77415177,5424.77255462,0.00000000,2401.63667460,0.06517210,216.99667290,0.01998433,0.01998432,36839,113,1
5424.91644910,5424.91983865,0.00000000,2408.14482361,0.08480124,217.02436248,0.01998431,0.01998432,36838,113,1
5425.06604632,5425.06713065,2415.03591591,2414.98625225,0.06540837,217.05258876,0.01998432,0.01998432,36837,113,0
5425.21491726,nan,0.00000000,2421.81432959,0.08785542,217.07985931,0.01998432,0.01998432,36836,113,1
5425.36007692,5425.36173852,0.00000000,2428.47166014,0.10065459,217.10558161,0.01998431,0.01998432,36835,113,1
5425.50980207,5425.50905439,2435.30331562,2435.33765108,0.09728896,217.13121412,0.01998432,0.01998432,36834,113,0
5425.65507785,5425.65637823,2442.07183333,2442.01206321,0.14248074,217.15525932,0.01998432,0.01998432,36833,113,0
5425.80391707,5425.80371004,2448.84685081,2448.85637558,0.08955509,217.17902373,0.01998432,0.01998432,36832,113,0
5425.95166228,nan,0.00000000,2455.66557931,0.03134042,217.20176906,0.01998432,0.01998432,36831,113,1
5426.09756297,5426.09839754,2462.41715378,2462.37868471,0.04334346,217.22331739,0.01998432,0.01998432,36830,113,0
5426.24729091,5426.24575324,2469.21288140,2469.28383192,0.11514554,217.24457468,0.01998433,0.01998432,36829,113,0
5426.39195360,5426.39311691,2476.01595674,2475.96222474,0.07514497,217.26425848,0.01998432,0.01998432,36828,113,0
5426.53739993,5426.54048854,0.00000000,2482.69053043,0.08209076,217.28321891,0.01998431,0.01998432,36827,113,1
5426.68586714,5426.68786814,0.00000000,2489.55647753,0.06386137,217.30166648,0.01998431,0.01998432,36826,113,1
5426.83282387,5426.83525571,0.00000000,2496.35894802,0.06443285,217.31904624,0.01998431,0.01998432,36825,113,1
5426.98140032,5426.98265125,2503.30085498,2503.24285172,0.13161316,217.33572486,0.01998432,0.01998432,36824,113,0
5427.12996890,5427.13005476,2510.13853081,2510.13454619,0.02853504,217.35150620,0.01998432,0.01998432,36823,113,0
5427.27555382,5427.27746624,0.00000000,2516.89098330,0.13252747,217.36608797,0.01998431,0.01998432,36822,113,1
5427.42422019,5427.42488569,2523.83156016,2523.80062644,0.07813209,217.38008918,0.01998432,0.01998432,36821,113,0
5427.57039250,5427.57231311,0.00000000,2530.59670391,0.07673338,217.39296144,0.01998431,0.01998432,36820,113,1
5427.71707437,5427.71974851,0.00000000,2537.42495496,0.04537024,217.40499693,0.01998431,0.01998432,36819,113,1
5427.86715015,5427.86719188,2544.41872376,2544.41677894,0.03444751,217.41638834,0.01998432,0.01998432,36818,113,0
5428.01355435,5428.01464322,2551.29501244,2551.24420851,0.06371792,217.42660151,0.01998432,0.01998432,36817,113,0
5428.16323242,5428.16210254,2558.17848112,2558.23125061,0.10660130,217.43612210,0.01998433,0.01998432,36816,113,0
5428.30853415,5428.30956983,2565.06902641,2565.02060995,0.09174722,217.44447084,0.01998432,0.01998432,36815,113,0
5428.45466855,5428.45704510,0.00000000,2571.85920297,0.06675741,217.45198092,0.01998431,0.01998432,36814,113,1
5428.60593286,5428.60452835,2578.87092377,2578.93670645,0.03545200,217.45880310,0.01998433,0.01998432,36813,113,0
5428.75208296,5428.75201958,2585.78207520,2585.78504666,0.06085872,217.46448427,0.01998432,0.01998432,36812,113,0
5428.89684703,5428.89951878,0.00000000,2592.58133639,0.07731883,217.46922760,0.01998431,0.01998432,36811,113,1
5429.04777267,5429.04702596,2599.62484597,2599.65991763,0.07206462,217.47322045,0.01998432,0.01998432,36810,113,0
5429.19392102,5429.19454112,2606.55664214,2606.52748953,0.08226909,217.47617032,0.01998432,0.01998432,36809,113,0
5429.34173054,5429.34206426,2613.49549800,2613.47979356,0.05533161,217.47822973,0.01998432,0.01998432,36808,113,0
5429.48965640,5429.48959539,2620.44150439,2620.44437848,0.08610136,217.47935782,0.01998432,0.01998432,36807,113,0
5429.64030362,5429.63713449,0.00000000,2627.55811806,0.07150322,217.47954405,0.01998433,0.01998432,36806,113,1
5429.78460225,5429.78468158,2634.35536435,2634.35161992,0.11332215,217.47881061,0.01998432,0.01998432,36805,113,0
5429.93180470,5429.93223665,2641.32342211,2641.30301371,0.08972247,217.47713859,0.01998432,0.01998432,36804,113,0
5430.07601282,5430.07979970,0.00000000,2648.13649841,0.09728450,217.47458643,0.01998431,0.01998432,36803,113,1
5430.22723346,5430.22737074,2655.28229084,2655.27579094,0.08916522,217.47095802,0.01998432,0.01998432,36802,113,0
5430.37226331,5430.37494977,0.00000000,2662.16237644,0.11774731,217.46652657,0.01998431,0.01998432,36801,113,1
5430.51977757,5430.52253678,0.00000000,2669.15673877,0.05685094,217.46108956,0.01998431,0.01998432,36800,113,1
5430.67243990,5430.67013177,0.00000000,2676.40247224,0.08924969,217.45446225,0.01998433,0.01998432,36799,113,1
5430.81792512,5430.81773476,2683.29052882,2683.29957810,0.02924552,217.44721331,0.01998432,0.01998432,36798,113,0
5430.96344696,5430.96534573,0.00000000,2690.23497299,0.07808042,217.43899921,0.01998432,0.01998432,36797,113,1
5431.11279232,5431.11296469,2697.33879115,2697.33058069,0.13529915,217.42963556,0.01998432,0.01998432,36796,113,0
5431.26113067,5431.26059164,2704.37406047,2704.39976122,0.06979829,217.41934150,0.01998432,0.01998432,36795,113,0
5431.40645795,5431.40822658,0.00000000,2711.34487068,0.08554655,217.40828992,0.01998432,0.01998432,36794,113,1
5431.55782322,5431.55586951,0.00000000,2718.57209220,0.01817030,217.39580218,0.01998433,0.01998432,36793,113,1
5431.70466747,5431.70352044,2725.52569860,2725.58055974,0.04341668,217.38273084,0.01998433,0.01998432,36792,113,0
5431.84928901,5431.85117935,0.00000000,2732.50964062,0.08282149,217.36887687,0.01998432,0.01998432,36791,113,1
5431.99656882,5431.99884626,0.00000000,2739.56292474,0.09769200,217.35382421,0.01998432,0.01998432,36790,113,1
5432.14381170,5432.14652116,0.00000000,2746.62154240,0.04452084,217.33780035,0.01998431,0.01998432,36789,113,1
5432.29248305,5432.29420406,0.00000000,2753.75586565,0.13118494,217.32062904,0.01998432,0.01998432,36788,113,1
5432.44065509,5432.44189495,2760.92743186,2760.86784596,0.13829075,217.30253539,0.01998432,0.01998432,36787,113,0
5432.58801593,5432.58959384,0.00000000,2767.95932030,0.07893534,217.28352363,0.01998432,0.01998432,36786,113,1
5432.73811144,5432.73730072,2775.13826193,2775.17730196,0.12692156,217.26317783,0.01998433,0.01998432,36785,113,0
5432.88133222,5432.88501560,0.00000000,2782.08488749,0.07823633,217.24276719,0.01998431,0.01998432,36784,113,1
5433.03259603,5433.03273848,2789.37999740,2789.37312346,0.06414153,217.22023540,0.01998432,0.01998432,36783,113,0
5433.18123568,5433.18046935,2796.51301859,2796.55004011,0.09327423,217.19704805,0.01998433,0.01998432,36782,113,0
5433.32938541,5433.32820823,2803.65414757,2803.71107867,0.08877653,217.17292338,0.01998433,0.01998432,36781,113,0
5433.47512338,5433.47595510,2810.80331948,2810.76305265,0.12531029,217.14820116,0.01998432,0.01998432,36780,113,0
5433.62293044,5433.62370998,2817.96046897,2817.92268880,0.06868887,217.12212199,0.01998432,0.01998432,36779,113,0
5433.77055112,5433.77147286,2825.12553141,2825.08081277,0.11526803,217.09506180,0.01998432,0.01998432,36778,113,0
5433.91992853,5433.91924374,2832.29846896,2832.33172682,0.09971484,217.06664526,0.01998433,0.01998432,36777,113,0
5434.06718936,5434.06702262,2839.47927111,2839.48737758,0.14890168,217.03760999,0.01998433,0.01998432,36776,113,0
5434.21346252,5434.21480951,2846.66792850,2846.60237472,0.07193300,217.00776264,0.01998432,0.01998432,36775,113,0
5434.36119307,5434.36260440,2853.86443165,2853.79567539,0.06319181,216.97659653,0.01998432,0.01998433,36774,113,0
5434.50920838,5434.51040729,2861.06876647,2861.01029858,0.08301265,216.94433804,0.01998432,0.01998433,36773,113,0
5434.65931669,5434.65821819,2868.28087259,2868.33449908,0.08891975,216.91056529,0.01998433,0.01998433,36772,113,0
5434.80407633,5434.80603710,0.00000000,2875.40015530,0.03414639,216.87700683,0.01998432,0.01998433,36771,113,1
5434.95308213,5434.95386401,2882.72804711,2882.68980173,0.07718529,216.84137818,0.01998432,0.01998433,36770,113,0
5435.10097526,5435.10169893,2889.96293768,2889.92750462,0.06017692,216.80499238,0.01998432,0.01998433,36769,113,0
5435.24581948,5435.24954186,0.00000000,2897.01878521,0.10760305,216.76836576,0.01998431,0.01998433,36768,113,1
5435.39624362,5435.39739280,2904.45532286,2904.39894279,0.17148796,216.72922040,0.01998432,0.01998433,36767,113,0
5435.54558692,5435.54525174,2911.71329919,2911.72976089,0.11129595,216.68930017,0.01998433,0.01998433,36766,113,0
5435.69369582,5435.69311870,2918.97950366,2919.00787892,0.09917063,216.64864509,0.01998433,0.01998433,36765,113,0
5435.84327932,5435.84099367,0.00000000,2926.36731040,0.05685226,216.60650066,0.01998433,0.01998433,36764,113,1
5435.98993945,5435.98887665,2933.53758598,2933.58995948,0.03511879,216.56412763,0.01998433,0.01998433,36763,113,0
5436.13866543,5436.13676765,0.00000000,2940.92417264,0.06039377,216.52007449,0.01998433,0.01998433,36762,113,1
5436.28197175,5436.28466665,0.00000000,2947.99767704,0.11184940,216.47660842,0.01998432,0.01998433,36761,113,1
5436.43371050,5436.43257367,2955.43788702,2955.49408820,0.10119618,216.42949472,0.01998433,0.01998433,36760,113,0
5436.57988313,5436.58048871,2962.75406001,2962.72409184,0.08035403,216.38303298,0.01998432,0.01998433,36759,113,0
5436.73116174,5436.72841176,0.00000000,2970.21736301,0.09467267,216.33382024,0.01998434,0.01998433,36758,113,1
5436.87605872,5436.87634282,2977.41040757,2977.39631849,0.04438062,216.28566071,0.01998433,0.01998433,36757,113,0
5437.02302568,5437.02428191,2984.75106228,2984.68869447,0.08784577,216.23572747,0.01998432,0.01998433,36756,113,0
5437.16847150,5437.17222901,0.00000000,2991.91979388,0.03773430,216.18520603,0.01998431,0.01998433,36755,113,1
5437.31826196,5437.32018413,0.00000000,2999.36956383,0.07817663,216.13210746,0.01998432,0.01998433,36754,113,1
5437.46744988,5437.46814726,3006.82560550,3006.79086325,0.08509874,216.07815312,0.01998432,0.01998433,36753,113,0
5437.61596628,5437.61611842,3014.20147398,3014.19388623,0.10644032,216.02327907,0.01998433,0.01998433,36752,113,0
5437.76409456,5437.76409760,3021.58606815,3021.58591654,0.04563641,215.96743773,0.01998433,0.01998433,36751,113,0
5437.91206074,5437.91208479,3028.97930686,3028.97810430,0.05691421,215.91054736,0.01998433,0.01998433,36750,113,0
5438.06046383,5438.06008001,3036.38115993,3036.40036708,0.08151974,215.85237147,0.01998433,0.01998433,36749,113,0
5438.20469004,5438.20808325,0.00000000,3043.62576124,0.04965320,215.79472425,0.01998431,0.01998433,36748,113,1
5438.35564373,5438.35609452,3051.21116893,3051.18855898,0.05466022,215.73331336,0.01998433,0.01998433,36747,113,0
5438.50349607,5438.50411381,3058.63959167,3058.60857222,0.07645225,215.67199675,0.01998433,0.01998433,36746,113,0
5438.65198429,5438.65214112,3066.07712963,3066.06924509,0.10562929,215.60928066,0.01998433,0.01998433,36745,113,0
5438.79881287,5438.80017646,3073.52368028,3073.45504994,0.10004097,215.54614373,0.01998432,0.01998433,36744,113,0
5438.94896944,5438.94821982,3080.97890803,3081.01667839,0.11932298,215.48042151,0.01998433,0.01998433,36743,113,0
5439.09581624,5439.09627121,3088.44246444,3088.41951656,0.08021200,215.41501885,0.01998433,0.01998433,36742,113,0
5439.24638228,5439.24433063,0.00000000,3096.01155980,0.09001538,215.34685495,0.01998434,0.01998433,36741,113,1
5439.39200352,5439.39239807,3103.39325399,3103.37331446,0.15394521,215.27970514,0.01998433,0.01998433,36740,113,0
5439.54352804,5439.54047354,0.00000000,3111.03089672,0.07616243,215.20875655,0.01998434,0.01998433,36739,113,1
5439.69003985,5439.68855705,0.00000000,3118.44897174,0.11868400,215.13895725,0.01998433,0.01998433,36738,113,1
5439.83717003,5439.83664858,3125.88115865,3125.90759983,0.08616109,215.06771517,0.01998433,0.01998433,36737,113,0
5439.98424676,5439.98474814,3133.39552124,3133.37006580,0.07969947,214.99537174,0.01998433,0.01998433,36736,113,0
5440.13181310,5440.13285574,3140.91966437,3140.86666407,0.12915024,214.92162536,0.01998432,0.01998433,36735,113,0
5440.28199137,5440.28097136,3148.45337781,3148.50529050,0.07242755,214.84537681,0.01998433,0.01998433,36734,113,0
5440.43064836,5440.42909502,0.00000000,3156.07529470,0.06696910,214.76871312,0.01998433,0.01998433,36733,113,1
5440.57443334,5440.57722672,0.00000000,3163.40528798,0.11593475,214.69343669,0.01998432,0.01998433,36732,113,1
5440.72288578,5440.72536644,0.00000000,3170.98184033,0.06683060,214.61454944,0.01998432,0.01998433,36731,113,1
5440.87135749,5440.87351421,0.00000000,3178.56816492,0.05715296,214.53446200,0.01998432,0.01998433,36730,113,1
5441.02298939,5441.02167000,3186.25799076,3186.32552302,0.07581093,214.45143266,0.01998433,0.01998433,36729,113,0
5441.17062219,5441.16983384,3193.84610253,3193.88650157,0.10149912,214.36939973,0.01998433,0.01998433,36728,113,0
5441.31762739,5441.31800571,3201.44369302,3201.42428289,0.08941470,214.28653245,0.01998433,0.01998433,36727,113,0
5441.46732449,5441.46618562,3209.05086813,3209.10937017,0.02352623,214.20092966,0.01998433,0.01998433,36726,113,0
5441.61301565,5441.61437357,0.00000000,3216.59670374,0.08033222,214.11644610,0.01998432,0.01998433,36725,113,1
5441.75831322,5441.76256955,0.00000000,3224.07296223,0.12328096,214.03102075,0.01998431,0.01998433,36724,113,1
5441.91169946,5441.91077358,3231.92850414,3231.97623035,0.08410314,213.93955756,0.01998433,0.01998433,36723,113,0
5442.05851532,5442.05898564,3239.57256915,3239.54829835,0.12582778,213.85081048,0.01998433,0.01998433,36722,113,0
5442.20676004,5442.20720575,3247.22570841,3247.20268137,0.06951908,213.75998812,0.01998433,0.01998433,36721,113,0
5442.35701006,5442.35543390,0.00000000,3254.97017683,0.05015262,213.66668255,0.01998434,0.01998433,36720,113,1
5442.50116261,5442.50367009,0.00000000,3262.43165088,0.10239275,213.57597085,0.01998432,0.01998433,36719,113,1
5442.65186799,5442.65191433,3270.24179794,3270.23939523,0.07640181,213.47991437,0.01998433,0.01998433,36718,113,0
5442.79959988,5442.80016661,3277.93339945,3277.90397831,0.15582330,213.38449040,0.01998433,0.01998433,36717,113,0
5442.94966758,5442.94842693,3285.63488761,3285.69937392,0.07598859,213.28629100,0.01998433,0.01998433,36716,113,0
5443.09648437,nan,0.00000000,3293.33805159,0.12386453,213.18894423,0.01998433,0.01998433,36715,113,1
5443.24553408,5443.24497172,3301.06736928,3301.09667096,0.11923497,213.08893279,0.01998433,0.01998433,36714,113,0
5443.39359923,5443.39325618,3308.79828569,3308.81618146,0.07686077,212.98828944,0.01998433,0.01998433,36713,113,0
5443.54153682,5443.54154869,3316.53894483,3316.53832488,0.13213478,212.88647833,0.01998433,0.01998433,36712,113,0
5443.69043500,5443.68984925,3324.28932391,3324.31995460,0.05839697,212.78273652,0.01998433,0.01998433,36711,113,0
5443.83782418,5443.83815786,3332.04939996,3332.03193025,0.15879914,212.67878821,0.01998433,0.01998433,36710,113,0
5443.98627939,5443.98647451,3339.81915080,3339.80892291,0.14175387,212.57281957,0.01998433,0.01998433,36709,113,0
5444.13244746,5444.13479922,0.00000000,3347.47887943,0.13162579,212.46718453,0.01998432,0.01998433,36708,113,1
5444.28371720,5444.28313198,3355.38811697,3355.41886799,0.11218574,212.35665407,0.01998433,0.01998433,36707,113,0
5444.41608396,nan,0.00000000,3362.38274706,0.16982031,212.25872695,0.01998482,0.01998433,36707,113,1
5444.57562440,5444.57982165,0.00000000,3370.78132864,0.06690454,212.13940094,0.01998432,0.01998433,36705,113,1
5444.73064860,5444.72817857,0.00000000,3378.95285776,0.08939291,212.02201686,0.01998434,0.01998433,36704,113,1
5444.87455535,5444.87654354,0.00000000,3386.54784034,0.07690673,211.91177969,0.01998432,0.01998433,36703,113,1
5445.02687817,5445.02491656,0.00000000,3394.59696904,0.10748316,211.79375749,0.01998434,0.01998433,36702,113,1
5445.16917001,5445.17329764,0.00000000,3402.12533301,0.09288624,211.68226009,0.01998432,0.01998433,36701,113,1
5445.32220870,5445.32168678,3410.20624121,3410.23391055,0.07350153,211.56096871,0.01998433,0.01998433,36700,113,0
5445.46973449,5445.47008397,3418.07820495,3418.05965517,0.08549414,211.44272743,0.01998433,0.01998433,36699,113,0
5445.62061803,5445.61848922,0.00000000,3426.07033674,0.08382928,211.32049120,0.01998434,0.01998433,36698,113,1
5445.76632483,5445.76690253,3433.85235439,3433.82161525,0.08243809,211.20105727,0.01998433,0.01998433,36697,113,0
5445.91685085,5445.91532389,0.00000000,3441.83247806,0.05330484,211.07642929,0.01998434,0.01998433,36696,113,1
5446.06131622,5446.06375332,0.00000000,3449.53371383,0.10237831,210.95547417,0.01998432,0.01998433,36695,113,1
5446.21147939,5446.21219081,3457.59084559,3457.55284745,0.14868091,210.82833461,0.01998433,0.01998433,36694,113,0
5446.36434568,5446.36063635,0.00000000,3465.71870503,0.14157584,210.69762001,0.01998434,0.01998433,36693,113,1
5446.50797716,5446.50908996,3473.46956120,3473.40996854,0.07674068,210.57335046,0.01998433,0.01998433,36692,113,0
5446.65943927,5446.65755163,0.00000000,3481.52036770,0.08817973,210.44109874,0.01998434,0.01998433,36691,113,1
5446.80321280,5446.80602137,0.00000000,3489.23373181,0.05449475,210.31416918,0.01998432,0.01998433,36690,113,1
5446.95221800,5446.95449916,0.00000000,3497.23790802,0.07897902,210.18126701,0.01998432,0.01998433,36689,113,1
5447.10543753,5447.10298503,0.00000000,3505.47926741,0.10580938,210.04316380,0.01998434,0.01998433,36688,113,1
nan,nan,0.00000000,-1.00000000,0.00000000,209.94993465,nan,0.00000000,-2147483648,113,1
5447.40378509,5447.39998095,0.00000000,3521.55835384,0.14171683,209.77003451,0.01998435,0.01998433,36686,113,1
5447.55539325,5447.54849101,0.00000000,3529.74517667,0.15697076,209.62909612,0.01998436,0.01998433,36685,113,1
5447.69390386,5447.69700913,0.00000000,3537.23425689,0.09005079,209.49906387,0.01998432,0.01998433,36684,113,1
5447.84210839,5447.84553533,0.00000000,3545.25758353,0.16260288,209.35858377,0.01998432,0.01998433,36683,113,1
5447.98648202,5447.99406959,0.00000000,3553.08360637,0.10226186,209.22039090,0.01998430,0.01998433,36682,113,1
5448.14113751,5448.14261192,0.00000000,3561.47806494,0.04711802,209.07087954,0.01998433,0.01998433,36681,113,1
5448.28860312,5448.29116233,0.00000000,3569.49299503,0.07957841,208.92689104,0.01998432,0.01998433,36680,113,1
5448.43753784,5448.43972080,0.00000000,3577.59844421,0.09372825,208.78004809,0.01998432,0.01998433,36679,113,1
5448.58236512,5448.58828735,0.00000000,3585.49068169,0.24377512,208.63588140,0.01998431,0.01998433,36678,113,1
5448.73358495,nan,0.00000000,3593.74218477,0.07111108,208.48390080,0.01998432,0.01998433,36677,113,1
5448.88372356,5448.88544465,0.00000000,3601.94576125,0.05279143,208.33153550,0.01998433,0.01998433,36676,113,1
5449.03134784,5449.03403542,0.00000000,3610.02275455,0.04179744,208.18028707,0.01998432,0.01998433,36675,113,1
5449.17895316,5449.18263426,0.00000000,3618.10946090,0.07691400,208.02763049,0.01998432,0.01998433,36674,113,1
5449.33018836,5449.33124117,3626.45785299,3626.40007316,0.07092002,207.86985141,0.01998433,0.01998433,36673,113,0
5449.47084261,5449.47985616,0.00000000,3634.13273672,0.19976179,207.72152925,0.01998430,0.01998433,36672,113,1
5449.62566048,5449.62847922,0.00000000,3642.64871307,0.05167959,207.55688563,0.01998432,0.01998433,36671,113,1
5449.77948206,5449.77711037,0.00000000,3651.12179301,0.11196077,207.39172313,0.01998434,0.01998433,36670,113,1
5449.92673902,5449.92574959,3659.18271159,3659.23734575,0.03938244,207.23226945,0.01998434,0.01998433,36669,113,0
5450.07192180,5450.07439689,0.00000000,3667.26339985,0.10937876,207.07336190,0.01998432,0.01998433,36668,113,1
5450.22396770,5450.22305226,3675.62217729,3675.67286440,0.14351372,206.90557042,0.01998434,0.01998433,36667,113,0
5450.37355233,5450.37171572,0.00000000,3683.95780812,0.16137814,206.73897030,0.01998434,0.01998433,36666,113,1
5450.52073478,5450.52038726,3692.10536512,3692.12465428,0.21228062,206.57348935,0.01998433,0.01998433,36665,113,0
5450.67326420,5450.66906688,0.00000000,3700.59217458,0.10584454,206.40060026,0.01998435,0.01998433,36664,113,1
5450.81657717,5450.81775458,3708.63279048,3708.56725941,0.11723713,206.23654130,0.01998433,0.01998433,36663,113,0
5450.96782478,5450.96645037,0.00000000,3716.98584277,0.14318456,206.06207091,0.01998434,0.01998433,36662,113,1
5451.11789879,5451.11515424,0.00000000,3725.35551310,0.14654094,205.88730345,0.01998434,0.01998433,36661,113,1
5451.26817557,5451.26386619,0.00000000,3733.74829604,0.10604024,205.71074163,0.01998435,0.01998433,36660,113,1
5451.41460818,5451.41258623,0.00000000,3741.93779830,0.13742301,205.53719066,0.01998434,0.01998433,36659,113,1
5451.56011994,5451.56131435,3750.16941021,3750.10245805,0.21025644,205.36292230,0.01998433,0.01998433,36658,113,0
5451.71566853,5451.71005056,0.00000000,3758.81071518,0.13507922,205.17568318,0.01998435,0.01998433,36657,113,1
5451.85658586,5451.85879485,0.00000000,3766.72496665,0.10775071,205.00429191,0.01998433,0.01998433,36656,113,1
5452.00974816,5452.00754724,0.00000000,3775.33895793,0.11277018,204.81642268,0.01998434,0.01998433,36655,113,1
5452.15537360,5452.15630771,3783.60945493,3783.55681379,0.13873673,204.63590701,0.01998433,0.01998433,36654,113,0
5452.30334596,5452.30507627,0.00000000,3791.88641586,0.15934826,204.45165581,0.01998433,0.01998433,36653,113,1
5452.46345673,5452.45385292,0.00000000,3800.93004779,0.09718136,204.25015087,0.01998437,0.01998433,36652,113,1
5452.59917882,5452.60263767,0.00000000,3808.60703341,0.07721347,204.07790504,0.01998432,0.01998433,36651,113,1
5452.75041319,5452.75143050,3817.24177950,3817.18412492,0.16971004,203.88417024,0.01998433,0.01998433,36650,113,0
5452.90535604,5452.90023143,0.00000000,3825.96263771,0.07174639,203.68447282,0.01998435,0.01998433,36649,113,1
5453.06661775,5453.04904044,0.00000000,3835.12446318,0.12072667,203.47453205,0.01998440,0.01998433,36648,113,1
5453.20132698,5453.19785756,0.00000000,3842.78878264,0.42889865,203.29771145,0.01998435,0.01998433,36647,113,1
5453.34283612,5453.34668276,0.00000000,3850.85084623,0.14050489,203.11054061,0.01998432,0.01998433,36646,113,1
5453.50115924,5453.49551606,0.00000000,3859.88408363,0.14155384,202.89939353,0.01998436,0.01998433,36645,113,1
5453.62843497,5453.64435746,0.00000000,3867.15607757,0.00565764,202.72831772,0.01998428,0.01998433,36644,113,1
5453.79877411,5453.79320695,0.00000000,3876.90280311,0.09302501,202.49748950,0.01998436,0.01998433,36643,113,1
5453.95487593,5453.94206454,0.00000000,3885.84928726,0.06693543,202.28406776,0.01998438,0.01998433,36642,113,1
5454.08351416,5454.09093023,0.00000000,3893.23218725,0.15878555,202.10683251,0.01998431,0.01998433,36641,113,1
5454.23647759,5454.23980401,0.00000000,3902.02346871,0.25590323,201.89447492,0.01998432,0.01998433,36640,113,1
5454.38688162,5454.38868589,0.00000000,3910.68072949,0.18971228,201.68396108,0.01998433,0.01998433,36639,113,1
5454.54186620,5454.53757588,0.00000000,3919.61527340,0.14491167,201.46525552,0.01998435,0.01998433,36638,113,1
5454.68824301,5454.68647396,0.00000000,3928.06635587,0.17170755,201.25703051,0.01998434,0.01998433,36637,113,1
5454.83727371,5454.83538015,0.00000000,3936.68345291,0.10496320,201.04336052,0.01998434,0.01998433,36636,113,1
5454.98516043,5454.98429444,3945.19475075,3945.24493362,0.09061375,200.82971585,0.01998434,0.01998433,36635,113,0
5455.13337420,5455.13321683,3953.83178104,3953.84091616,0.17425521,200.61385345,0.01998434,0.01998434,36634,113,0
5455.27600063,5455.28214732,0.00000000,3962.12654700,0.15391771,200.40449858,0.01998431,0.01998434,36633,113,1
5455.43092824,5455.43108592,3971.15239512,3971.14321153,0.09653608,200.17523899,0.01998434,0.01998434,36632,113,0
5455.58005077,5455.58003262,3979.83404164,3979.83510023,0.11380439,199.95282371,0.01998434,0.01998434,36631,113,0
5455.74534907,5455.72898743,0.00000000,3989.47160196,0.13006109,199.70461590,0.01998440,0.01998434,36630,113,1
5455.87054096,5455.87795034,0.00000000,3996.78776093,0.05848568,199.51503565,0.01998431,0.01998434,36629,113,1
5456.01917990,5456.02692136,0.00000000,4005.48642325,0.09555922,199.28835420,0.01998431,0.01998434,36628,113,1
5456.17746006,5456.17590049,0.00000000,4014.76401810,0.19051408,199.04505824,0.01998434,0.01998434,36627,113,1
5456.31608683,5456.32488773,0.00000000,4022.90214920,0.14690938,198.83034593,0.01998430,0.01998434,36626,113,1
5456.47406631,5456.47388307,4032.18397774,4032.19476265,0.21050862,198.58369222,0.01998434,0.01998434,36625,113,0
5456.62706318,5456.62288653,0.00000000,4041.20092169,0.09469452,198.34313483,0.01998435,0.01998434,36624,113,1
5456.77790187,5456.77189809,0.00000000,4050.09817839,0.10765772,198.10403057,0.01998436,0.01998434,36623,113,1
5456.92329417,5456.92091777,0.00000000,4058.68753265,0.27648900,197.87182913,0.01998434,0.01998434,36622,113,1
5457.05882459,5457.06994556,0.00000000,4066.70613462,0.07560314,197.65384170,0.01998430,0.01998434,36621,113,1
nan,nan,0.00000000,-1.00000000,0.00000000,197.45453759,nan,0.00000000,-2147483648,113,1
5457.37064286,5457.36802547,0.00000000,4085.19845792,0.15308261,197.14665310,0.01998435,0.01998434,36619,113,1
nan,nan,0.00000000,-1.00000000,0.00000000,196.90306452,nan,0.00000000,-2147483648,113,1
5421.81690735,5421.82854455,0.00000000,353.00000000,nan,205.54535460,0.01998428,0.01998432,36859,112,1
nan,nan,0.00000000,-1.00000000,0.00000000,206.20646114,nan,0.00000000,-2147483648,112,1
5422.40419303,5422.41709213,0.00000000,373.95641827,0.06685079,206.46771563,0.01998427,0.01998432,36855,112,1
5422.56682013,5422.56424889,0.00000000,379.76743491,0.17524714,206.72189879,0.01998433,0.01998432,36854,112,1
5422.70114510,5422.71141360,0.00000000,384.56975147,0.31640067,206.93144281,0.01998428,0.01998432,36853,112,1
5422.84955411,5422.85858626,0.00000000,389.87832931,0.08769632,207.16253274,0.01998429,0.01998432,36852,112,1
5422.84955411,5422.85858626,0.00000000,389.87832931,0.08769632,207.16253274,0.01998429,0.01998432,36852,112,1
5423.15654730,5423.15295544,0.00000000,400.86858653,0.20650529,207.63913868,0.01998433,0.01998432,36850,112,1
nan,nan,0.00000000,-1.00000000,0.00000000,207.81766954,nan,0.00000000,-2147483648,112,1
5423.74300416,5423.74178922,421.83983816,421.88345578,0.15846162,208.54366254,0.01998432,0.01998432,36846,112,0
5424.04535609,5424.03625384,0.00000000,432.75749262,0.00563466,209.00819509,0.01998435,0.01998432,36844,112,1
5424.19056159,nan,0.00000000,437.97713077,0.21575323,209.23032568,0.01998435,0.01998432,36843,112,1
5424.47503802,nan,0.00000000,448.21119851,0.09332877,209.66425566,0.01998431,0.01998432,36841,112,1
5424.63088940,5424.62527855,0.00000000,453.82253583,0.05132885,209.90128129,0.01998434,0.01998432,36840,112,1
nan,nan,0.00000000,-1.00000000,0.00000000,210.03521695,nan,0.00000000,-2147483648,112,1
nan,nan,0.00000000,-1.00000000,0.00000000,210.11941592,nan,0.00000000,-2147483648,112,1
5424.91673816,nan,0.00000000,464.12278232,0.24384168,210.33471414,0.01998431,0.01998432,36838,112,1
5425.04771091,5425.06713065,0.00000000,468.84589534,0.23551615,210.53274601,0.01998425,0.01998432,36837,112,1
5425.21506816,5425.21443060,474.85540385,474.87841911,0.20586368,210.78502470,0.01998432,0.01998432,36836,112,0
nan,nan,0.00000000,-1.00000000,0.00000000,210.99863194,nan,0.00000000,-2147483648,112,1
5425.50698705,5425.50905439,485.49691210,485.42220133,0.11139625,211.22420096,0.01998431,0.01998432,36834,112,0
5425.66601338,5425.65637823,0.00000000,491.17412812,0.21884112,211.46283921,0.01998436,0.01998432,36833,112,1
5425.66601338,5425.65637823,0.00000000,491.17412812,0.21884112,211.46283921,0.01998436,0.01998432,36833,112,1
5425.93553753,nan,0.00000000,500.92337349,0.21616337,211.86579761,0.01998426,0.01998432,36831,112,1
5426.25694327,5426.24575324,0.00000000,512.56216378,0.10764321,212.34434916,0.01998436,0.01998432,36829,112,1
5426.25694327,5426.24575324,0.00000000,512.56216378,0.10764321,212.34434916,0.01998436,0.01998432,36829,112,1
nan,nan,0.00000000,-1.00000000,0.00000000,212.52610158,nan,0.00000000,-2147483648,112,1
5426.53785383,5426.54048854,0.00000000,522.74605195,0.24919518,212.76084367,0.01998431,0.01998432,36827,112,1
5426.70201047,5426.68786814,0.00000000,528.70223284,0.16184745,213.00346933,0.01998437,0.01998432,36826,112,1
5426.82465944,5426.83525571,0.00000000,533.15477672,0.22213476,213.18437835,0.01998428,0.01998432,36825,112,1
5426.98198914,5426.98265125,538.88804013,538.86398693,0.25992284,213.41576339,0.01998432,0.01998432,36824,112,0
5427.13101974,5427.13005476,544.24460867,544.27968674,0.23461113,213.63464775,0.01998432,0.01998432,36823,112,0
5427.27572653,5427.27746624,549.60490852,549.54162702,0.00806522,213.84675347,0.01998431,0.01998432,36822,112,0
5427.56856360,5427.57231311,0.00000000,560.20514188,0.06792143,214.27488894,0.01998431,0.01998432,36820,112,1
5427.72943345,5427.71974851,0.00000000,566.06484991,0.15256394,214.50918224,0.01998436,0.01998432,36819,112,1
5427.89447245,nan,0.00000000,572.08014830,0.43771648,214.74898027,0.01998496,0.01998432,36819,112,1
5427.89447245,5427.71974851,0.00000000,572.08014830,0.43771648,214.74898027,0.01998496,0.01998432,36819,112,1
5428.16624140,5428.16210254,0.00000000,581.99376154,0.16251839,215.14260043,0.01998434,0.01998432,36816,112,1
5428.31205011,5428.30956983,0.00000000,587.31682720,0.28000245,215.35314012,0.01998433,0.01998432,36815,112,1
5428.45684281,5428.45704510,592.61321354,592.60582278,0.13005528,215.56177007,0.01998432,0.01998432,36814,112,0
5428.45684281,5428.45704510,592.61321354,592.60582278,0.13005528,215.56177007,0.01998432,0.01998432,36814,112,0
5428.74575051,5428.75201958,0.00000000,603.16757828,0.34927094,215.97671336,0.01998430,0.01998432,36812,112,1
5428.89158191,5428.89951878,0.00000000,608.50330650,0.14181762,216.18549099,0.01998429,0.01998432,36811,112,1
nan,nan,0.00000000,-1.00000000,0.00000000,216.39997124,nan,0.00000000,-2147483648,112,1
nan,nan,0.00000000,-1.00000000,0.00000000,216.63340057,nan,0.00000000,-2147483648,112,1
5429.33202519,5429.34206426,0.00000000,624.63657753,0.05698060,216.81329303,0.01998429,0.01998432,36808,112,1
5429.47239531,5429.48959539,0.00000000,629.78404069,0.21367743,217.01250373,0.01998426,0.01998432,36807,112,1
5429.64096739,5429.63713449,0.00000000,635.96937827,0.16197783,217.25118056,0.01998434,0.01998432,36806,112,1
5429.79826436,5429.78468158,0.00000000,641.74464282,0.16927031,217.47334371,0.01998437,0.01998432,36805,112,1
5429.93014492,5429.93223665,0.00000000,646.58943945,0.12201049,217.65919980,0.01998432,0.01998432,36804,112,1
5430.08655472,5430.07979970,0.00000000,652.33856189,0.11270754,217.87913964,0.01998435,0.01998432,36803,112,1
nan,nan,0.00000000,-1.00000000,0.00000000,218.05698447,nan,0.00000000,-2147483648,112,1
5430.52809752,5430.52253678,0.00000000,668.58713247,0.10331257,218.49718270,0.01998434,0.01998432,36800,112,1
5430.52809752,5430.52253678,0.00000000,668.58713247,0.10331257,218.49718270,0.01998434,0.01998432,36800,112,1
5430.66705944,5430.67013177,0.00000000,673.70665179,0.05188593,218.69082172,0.01998431,0.01998432,36799,112,1
5430.80720610,5430.81773476,0.00000000,678.87263183,0.26298301,218.88568842,0.01998428,0.01998432,36798,112,1
5430.96807938,nan,0.00000000,684.80611052,0.29908622,219.10884981,0.01998433,0.01998432,36797,112,1
5431.11013368,nan,0.00000000,690.04859664,0.14812298,219.30543894,0.01998431,0.01998432,36796,112,1
5431.26520026,nan,0.00000000,695.77463186,0.22645239,219.51953532,0.01998434,0.01998432,36795,112,1
5431.41361076,nan,0.00000000,701.25814676,0.12586453,219.72395192,0.01998434,0.01998432,36794,112,1
nan,nan,0.00000000,-1.00000000,0.00000000,219.90023800,nan,0.00000000,-2147483648,112,1
5431.71272004,5431.70352044,0.00000000,712.31945146,0.06080956,220.13447834,0.01998436,0.01998432,36792,112,1
5431.85000266,5431.85117935,717.43915645,717.39558862,0.06876610,220.32205792,0.01998432,0.01998432,36791,112,0
5431.99888620,5431.99884626,722.90797574,722.90945527,0.17830645,220.52523238,0.01998432,0.01998432,36790,112,0
5432.15223206,nan,0.00000000,728.59664218,0.09081966,220.73416007,0.01998435,0.01998432,36789,112,1
5432.29288971,5432.29420406,733.85446064,733.80572412,0.13898588,220.92495975,0.01998432,0.01998432,36788,112,0
5432.44127959,5432.44189495,739.33240284,739.30957267,0.08381288,221.12597043,0.01998432,0.01998432,36787,112,0
5432.58842863,nan,0.00000000,744.77904860,0.15537077,221.32512965,0.01998432,0.01998432,36786,112,1
5432.73652861,5432.73730072,750.29854333,750.26986362,0.06218624,221.52446834,0.01998432,0.01998432,36785,112,0
nan,nan,0.00000000,-1.00000000,0.00000000,221.94831456,nan,0.00000000,-2147483648,112,1
5433.17981844,5433.18046935,766.77577172,766.75154687,0.06154497,222.11922571,0.01998432,0.01998432,36782,112,0
5433.32812596,5433.32820823,772.27584327,772.27277953,0.00923914,222.31725962,0.01998432,0.01998432,36781,112,0
5433.47391478,5433.47595510,0.00000000,777.71604517,0.23188078,222.51190529,0.01998432,0.01998432,36780,112,1
5433.62164964,5433.62370998,0.00000000,783.22261342,0.05432637,222.70821694,0.01998432,0.01998432,36779,112,1
5433.77580892,5433.77147286,0.00000000,788.97211852,0.21913275,222.91254812,0.01998434,0.01998432,36778,112,1
5433.91396315,5433.91924374,0.00000000,794.12772468,0.08612753,223.09521581,0.01998431,0.01998432,36777,112,1
5434.06027836,5434.06702262,0.00000000,799.59100200,0.05731949,223.28821002,0.01998430,0.01998432,36776,112,1
5434.21125694,5434.21480951,0.00000000,805.23177833,0.09453008,223.48685437,0.01998431,0.01998432,36775,112,1
nan,nan,0.00000000,-1.00000000,0.00000000,223.65427976,nan,0.00000000,-2147483648,112,1
5434.51286811,5434.51040729,0.00000000,816.51068885,0.11627033,223.88216134,0.01998433,0.01998433,36773,112,1
5434.80695059,5434.80603710,827.47299359,827.50721397,0.06477240,224.26514804,0.01998433,0.01998433,36771,112,0
5434.80695059,5434.80603710,827.47299359,827.50721397,0.06477240,224.26514804,0.01998433,0.01998433,36771,112,0
5434.95394825,5434.95386401,833.01244077,833.01559851,0.09998280,224.45609499,0.01998432,0.01998433,36770,112,0
5435.09693020,5435.10169893,0.00000000,838.39115365,0.21541898,224.64185916,0.01998431,0.01998433,36769,112,1
5435.24644575,5435.24954186,0.00000000,844.00072871,0.10368498,224.83510150,0.01998431,0.01998433,36768,112,1
5435.39809024,5435.39739280,849.65286989,849.67906047,0.08254651,225.03007925,0.01998433,0.01998433,36767,112,0
5435.54015721,5435.54525174,0.00000000,855.03023693,0.15921799,225.21324055,0.01998431,0.01998433,36766,112,1
5435.68922273,5435.69311870,0.00000000,860.63302762,0.09465703,225.40440823,0.01998431,0.01998433,36765,112,1
5435.84180173,5435.84099367,866.32633707,866.35673693,0.12542545,225.59906179,0.01998433,0.01998433,36764,112,0
5435.99468669,5435.98887665,0.00000000,872.12489140,0.03678045,225.79457277,0.01998435,0.01998433,36763,112,1
5436.14199194,5436.13676765,0.00000000,877.67180151,0.14361719,225.98196556,0.01998435,0.01998433,36762,112,1
5436.28655024,5436.28466665,883.03377848,883.10477914,0.09092812,226.16492104,0.01998433,0.01998433,36761,112,0
5436.43486387,5436.43257367,0.00000000,888.71011794,0.12064456,226.35307076,0.01998433,0.01998433,36760,112,1
5436.58050482,5436.58048871,894.19219706,894.19280517,0.08124054,226.53650434,0.01998433,0.01998433,36759,112,0
5436.72342824,5436.72841176,0.00000000,899.59909146,0.05710694,226.71680169,0.01998431,0.01998433,36758,112,1
5436.87096908,5436.87634282,0.00000000,905.17154868,0.15002302,226.90203809,0.01998431,0.01998433,36757,112,1
5437.02926665,5437.02428191,0.00000000,911.15405143,0.18424639,227.10022417,0.01998435,0.01998433,36756,112,1
5437.16609916,5437.17222901,0.00000000,916.32848650,0.08289644,227.27107248,0.01998430,0.01998433,36755,112,1
5437.32162231,5437.32018413,922.15864950,922.21310493,0.09931909,227.46472889,0.01998433,0.01998433,36754,112,0
nan,nan,0.00000000,-1.00000000,0.00000000,227.62175771,nan,0.00000000,-2147483648,112,1
5437.61252004,5437.61611842,0.00000000,933.23067735,0.04249688,227.82547288,0.01998431,0.01998433,36752,112,1
5437.76128652,5437.76409760,0.00000000,938.87017320,0.05726059,228.00920065,0.01998432,0.01998433,36751,112,1
5437.91128339,5437.91208479,944.59320666,944.56279869,0.08617071,228.19402503,0.01998432,0.01998433,36750,112,0
5438.04921485,5438.06008001,0.00000000,949.79499987,0.12144149,228.36333875,0.01998429,0.01998433,36749,112,1
5438.21047533,5438.20808325,0.00000000,955.91942081,0.13905756,228.56084113,0.01998434,0.01998433,36748,112,1
5438.35358630,5438.35609452,0.00000000,961.35801027,0.05214525,228.73560872,0.01998432,0.01998433,36747,112,1
5438.50479338,5438.50411381,967.08537950,967.11123291,0.04079076,228.91985453,0.01998433,0.01998433,36746,112,0
5438.65062381,5438.65214112,972.71883511,972.66107151,0.08249008,229.09697100,0.01998432,0.01998433,36745,112,0
5438.80110592,5438.80017646,978.35637665,978.39178427,0.11589384,229.27922523,0.01998433,0.01998433,36744,112,0
5438.94997943,5438.94821982,0.00000000,984.05766252,0.10482317,229.45878379,0.01998433,0.01998433,36743,112,1
5439.09429866,5439.09627121,0.00000000,989.55923404,0.05524627,229.63253243,0.01998432,0.01998433,36742,112,1
5439.24170377,5439.24433063,0.00000000,995.18189726,0.03025930,229.80949178,0.01998432,0.01998433,36741,112,1
5439.39633552,5439.39239807,0.00000000,1001.08397688,0.11904659,229.99457800,0.01998434,0.01998433,36740,112,1
5439.53634394,nan,0.00000000,1006.43123267,0.05061972,230.16167547,0.01998431,0.01998433,36739,112,1
5439.69114136,5439.68855705,0.00000000,1012.34700596,0.08838356,230.34588556,0.01998434,0.01998433,36738,112,1
5439.84327685,5439.83664858,0.00000000,1018.16483303,0.11760917,230.52637679,0.01998435,0.01998433,36737,112,1
5439.97635971,nan,0.00000000,1023.25714857,0.10064157,230.68381558,0.01998430,0.01998433,36736,112,1
5440.12925553,nan,0.00000000,1029.11114882,0.09472813,230.86417571,0.01998432,0.01998433,36735,112,1
5440.27552075,5440.28097136,0.00000000,1034.71484647,0.14666280,231.03619539,0.01998431,0.01998433,36734,112,1
5440.42716627,5440.42909502,0.00000000,1040.52836321,0.02084458,231.21400623,0.01998432,0.01998433,36733,112,1
5440.57616766,5440.57722672,1046.29330664,1046.25266722,0.15438862,231.38844205,0.01998433,0.01998433,36732,112,0
5440.72858843,5440.72536644,0.00000000,1052.09493580,0.12618955,231.56581140,0.01998434,0.01998433,36731,112,1
5440.87373152,5440.87351421,1057.66997037,1057.67832000,0.08794830,231.73469707,0.01998433,0.01998433,36730,112,0
5441.01822861,5441.02167000,0.00000000,1063.22346351,0.11283431,231.90182256,0.01998432,0.01998433,36729,112,1
5441.16849225,5441.16983384,1069.06175596,1069.01014913,0.04752479,232.07558678,0.01998432,0.01998433,36728,112,0
5441.31874073,5441.31800571,1074.76317142,1074.79146241,0.09665800,232.24853596,0.01998433,0.01998433,36727,112,0
5441.46447007,5441.46618562,1080.46828749,1080.40221727,0.08166388,232.41575823,0.01998432,0.01998433,36726,112,0
5441.61532182,nan,0.00000000,1086.20867345,0.12317954,232.58816548,0.01998433,0.01998433,36725,112,1
5441.76324200,nan,0.00000000,1091.91203697,0.11650255,232.75687049,0.01998433,0.01998433,36724,112,1
5441.91431541,nan,0.00000000,1097.74074579,0.11933761,232.92862683,0.01998434,0.01998433,36723,112,1
5442.05830531,5442.05898564,1103.32645996,1103.30019404,0.04853417,233.09183069,0.01998433,0.01998433,36722,112,0
5442.20799787,5442.20720575,1109.05064458,1109.08124570,0.12120218,233.26090009,0.01998433,0.01998433,36721,112,0
5442.35417271,5442.35543390,1114.77887255,1114.73011827,0.14370710,233.42547382,0.01998432,0.01998433,36720,112,0
5442.49848068,5442.50367009,0.00000000,1120.31494552,0.04682107,233.58756962,0.01998431,0.01998433,36719,112,1
5442.64906994,5442.65191433,0.00000000,1126.14354547,0.05469554,233.75609191,0.01998432,0.01998433,36718,112,1
5442.80396613,5442.80016661,0.00000000,1132.14284063,0.07047842,233.92885761,0.01998434,0.01998433,36717,112,1
5442.94068345,5442.94842693,0.00000000,1137.44142093,0.13465084,234.08086078,0.01998430,0.01998433,36716,112,1
5443.09416639,5443.09669530,0.00000000,1143.39354058,0.00511584,234.25095971,0.01998432,0.01998433,36715,112,1
5443.24361629,nan,0.00000000,1149.19310351,0.03594894,234.41603481,0.01998432,0.01998433,36714,112,1
5443.39563479,5443.39325618,0.00000000,1155.09624458,0.06933091,234.58338511,0.01998434,0.01998433,36713,112,1
5443.53905935,5443.54154869,0.00000000,1160.66928239,0.09956593,234.74075429,0.01998432,0.01998433,36712,112,1
5443.69109355,5443.68984925,1166.52837787,1166.57677588,0.02972293,234.90690732,0.01998433,0.01998433,36711,112,0
5443.83849288,5443.83815786,1172.29854555,1172.31158362,0.10146840,235.06755348,0.01998433,0.01998433,36710,112,0
5443.98729390,5443.98647451,1178.07221596,1178.10412218,0.07376706,235.22916695,0.01998433,0.01998433,36709,112,0
5444.13487089,5444.13479922,1183.84960069,1183.85239296,0.07656007,235.38889985,0.01998433,0.01998433,36708,112,0
5444.28169436,5444.28313198,1189.63093167,1189.57488167,0.08632898,235.54727776,0.01998432,0.01998433,36707,112,0
5444.43232022,5444.43147279,1195.41644181,1195.44950439,0.15401153,235.70920359,0.01998433,0.01998433,36706,112,0
5444.58074705,5444.57982165,1201.20636499,1201.24249565,0.10852114,235.86822215,0.01998433,0.01998433,36705,112,0
5444.73440377,5444.72817857,0.00000000,1207.25416819,0.01657045,236.03255367,0.01998435,0.01998433,36704,112,1
5444.87305538,5444.87654354,0.00000000,1212.67369028,0.01848320,236.18009642,0.01998432,0.01998433,36703,112,1
5445.02630526,5445.02491656,1218.60406199,1218.65840272,0.05737684,236.34236289,0.01998433,0.01998433,36702,112,0
5445.17467759,nan,0.00000000,1224.47487660,0.02303373,236.49940101,0.01998434,0.01998433,36701,112,1
5445.32349607,5445.32168678,1230.22488494,1230.29578051,0.09172337,236.65590081,0.01998434,0.01998433,36700,112,0
5445.47079621,5445.47008397,1236.04155177,1236.06947822,0.11900975,236.81048140,0.01998433,0.01998433,36699,112,0
5445.61983998,5445.61848922,1241.86218987,1241.91518492,0.09006310,236.96633049,0.01998434,0.01998433,36698,112,0
5445.76632086,5445.76690253,1247.68676436,1247.66392947,0.04481705,237.11894760,0.01998433,0.01998433,36697,112,0
5445.91399709,5445.91532389,1253.51535769,1253.46323660,0.04295725,237.27225717,0.01998433,0.01998433,36696,112,0
5446.06330124,5446.06375332,1259.34805806,1259.33028711,0.07599825,237.42669354,0.01998433,0.01998433,36695,112,0
5446.20923466,5446.21219081,0.00000000,1265.07404168,0.11224992,237.57723758,0.01998432,0.01998433,36694,112,1
5446.35688921,5446.36063635,0.00000000,1270.88389140,0.09198489,237.72886304,0.01998432,0.01998433,36693,112,1
5446.51146638,5446.50908996,0.00000000,1276.97028732,0.12874144,237.88700381,0.01998434,0.01998433,36692,112,1
5446.65549096,5446.65755163,0.00000000,1282.64501676,0.07811670,238.03380146,0.01998432,0.01998433,36691,112,1
5446.80299521,nan,0.00000000,1288.46069238,0.15779592,238.18359760,0.01998432,0.01998433,36690,112,1
5446.95176861,5446.95449916,0.00000000,1294.33035556,0.04814037,238.33411975,0.01998432,0.01998433,36689,112,1
5447.10277150,5447.10298503,1300.29756037,1300.28912630,0.11490986,238.48624422,0.01998433,0.01998433,36688,112,0
5447.25203258,5447.25147895,1306.16481390,1306.18669596,0.06907814,238.63612906,0.01998433,0.01998433,36687,112,0
5447.39776499,5447.39998095,0.00000000,1311.95041726,0.08731997,238.78196138,0.01998432,0.01998433,36686,112,1
5447.54901945,5447.54849101,1317.91206435,1317.93297875,0.12877624,238.93265046,0.01998433,0.01998433,36685,112,0
5447.69482104,5447.69700913,0.00000000,1323.70619622,0.03593552,239.07740968,0.01998432,0.01998433,36684,112,1
5447.84039231,5447.84553533,0.00000000,1329.47291748,0.06540447,239.22136206,0.01998431,0.01998433,36683,112,1
5447.99331894,5447.99406959,1335.56426885,1335.53450198,0.07880884,239.37198134,0.01998433,0.01998433,36682,112,0
5448.14256102,5448.14261192,1341.45654498,1341.45452492,0.09196797,239.51839698,0.01998433,0.01998433,36681,112,0
5448.29013343,5448.29116233,1347.35288230,1347.31202991,0.02829700,239.66259926,0.01998433,0.01998433,36680,112,0
5448.43774639,5448.43972080,0.00000000,1353.17720300,0.11892249,239.80632554,0.01998433,0.01998433,36679,112,1
5448.58759377,5448.58828735,1359.15815559,1359.13057983,0.07439802,239.95153311,0.01998433,0.01998433,36678,112,0
5448.73750195,5448.73686196,1365.06736228,1365.09282519,0.02740954,240.09627038,0.01998433,0.01998433,36677,112,0
5448.88762353,5448.88544465,0.00000000,1371.07248440,0.03965822,240.24074038,0.01998434,0.01998433,36676,112,1
5449.03114303,5449.03403542,0.00000000,1376.78927944,0.07627651,240.37821354,0.01998432,0.01998433,36675,112,1
5449.18366236,5449.18263426,1382.82285263,1382.86384901,0.01716779,240.52359835,0.01998434,0.01998433,36674,112,0
5449.33047146,5449.33124117,1388.75082273,1388.72010773,0.07971033,240.66308353,0.01998433,0.01998433,36673,112,0
5449.47633356,5449.47985616,0.00000000,1394.54679572,0.08170527,240.80120715,0.01998432,0.01998433,36672,112,1
5449.62922591,5449.62847922,1400.62046430,1400.65030283,0.06046905,240.94518996,0.01998434,0.01998433,36671,112,0
5449.77647235,5449.77711037,1406.56191319,1406.53640036,0.02577680,241.08336294,0.01998433,0.01998433,36670,112,0
5449.92583046,5449.92574959,1412.50763193,1412.51086786,0.07219354,241.22292661,0.01998433,0.01998433,36669,112,0
5450.07234697,5450.07439689,0.00000000,1418.37812069,0.14839998,241.35931546,0.01998433,0.01998433,36668,112,1
5450.22202947,5450.22305226,1424.41166711,1424.37068788,0.06359665,241.49793183,0.01998433,0.01998433,36667,112,0
5450.37064418,5450.37171572,1430.37000341,1430.32704275,0.04945976,241.63502420,0.01998433,0.01998433,36666,112,0
5450.52077797,5450.52038726,1436.33257153,1436.34824627,0.09345777,241.77291378,0.01998433,0.01998433,36665,112,0
5450.66674363,5450.66906688,0.00000000,1442.21132256,0.11204098,241.90651045,0.01998432,0.01998433,36664,112,1
5450.81731268,5450.81775458,1448.27046531,1448.25271309,0.06332555,242.04347704,0.01998433,0.01998433,36663,112,0
5450.96893906,5450.96645037,0.00000000,1454.35395331,0.05667152,242.18108660,0.01998434,0.01998433,36662,112,1
5451.11565751,5451.11515424,1460.22597951,1460.24622579,0.06688406,242.31330217,0.01998433,0.01998433,36661,112,0
5451.26164291,5451.26386619,0.00000000,1466.13179180,0.06842379,242.44469953,0.01998433,0.01998433,36660,112,1
5451.41206293,5451.41258623,1472.20077945,1472.17969433,0.09861907,242.57902603,0.01998433,0.01998433,36659,112,0
5451.56334238,5451.56131435,0.00000000,1478.28876218,0.09715007,242.71399591,0.01998434,0.01998433,36658,112,1
5451.71130240,5451.71005056,1484.19663237,1484.24715880,0.05306125,242.84494473,0.01998434,0.01998433,36657,112,0
5451.85894111,5451.85879485,1490.20259553,1490.20850349,0.08468770,242.97527438,0.01998433,0.01998433,36656,112,0
5452.00785374,5452.00754724,1496.21351522,1496.22590528,0.07611874,243.10613588,0.01998433,0.01998433,36655,112,0
5452.15584431,5452.15630771,1502.22903888,1502.21029361,0.06494732,243.23558835,0.01998433,0.01998433,36654,112,0
5452.30607734,5452.30507627,1508.24881232,1508.28933218,0.11231209,243.36638278,0.01998434,0.01998433,36653,112,0
5452.45036016,5452.45385292,0.00000000,1514.13280681,0.04792611,243.49143878,0.01998432,0.01998433,36652,112,1
5452.60295050,5452.60263767,1520.29979765,1520.31247407,0.08152454,243.62297511,0.01998434,0.01998433,36651,112,0
5452.75323604,5452.75143050,0.00000000,1526.40692608,0.08997180,243.75197835,0.01998434,0.01998433,36650,112,1
5452.89910168,5452.90023143,1532.36632869,1532.32049088,0.07244239,243.87647004,0.01998433,0.01998433,36649,112,0
5453.04578507,5453.04904044,0.00000000,1538.27960364,0.10343090,244.00124057,0.01998432,0.01998433,36648,112,1
5453.19494263,5453.19785756,0.00000000,1544.33942261,0.08971621,244.12741974,0.01998432,0.01998433,36647,112,1
5453.34645077,5453.34668276,1550.50069038,1550.49125591,0.09919430,244.25479302,0.01998433,0.01998433,36646,112,0
5453.49483647,5453.49551606,1556.55581169,1556.52815231,0.13111879,244.37907967,0.01998433,0.01998433,36645,112,0
5453.64696670,5453.64435746,0.00000000,1562.73062340,0.03395144,244.50604597,0.01998434,0.01998433,36644,112,1
5453.79245676,5453.79320695,1568.68133111,1568.65075137,0.12844378,244.62654342,0.01998433,0.01998433,36643,112,0
5453.94067503,5453.94206454,1574.75138164,1574.69470082,0.11102634,244.74886680,0.01998433,0.01998433,36642,112,0
5454.09166226,5454.09093023,1580.82605962,1580.85594179,0.08498985,244.87284211,0.01998434,0.01998433,36641,112,0
5454.23943529,5454.23980401,1586.90520205,1586.89014042,0.07261046,244.99355474,0.01998433,0.01998433,36640,112,0
5454.38900658,5454.38868589,1592.98881422,1593.00192274,0.06721589,245.11510699,0.01998434,0.01998433,36639,112,0
5454.53754158,nan,0.00000000,1599.08383346,0.04271328,245.23535354,0.01998433,0.01998433,36638,112,1
5454.68455179,5454.68647396,0.00000000,1605.10007798,0.04394034,245.35360349,0.01998433,0.01998433,36637,112,1
5454.83563461,5454.83538015,1611.26772694,1611.27815125,0.02192300,245.47431155,0.01998434,0.01998433,36636,112,0
5454.98069036,5454.98429444,0.00000000,1617.23250302,0.06012229,245.58995566,0.01998432,0.01998433,36635,112,1
5455.13368192,5455.13321683,1623.47831596,1623.49739865,0.04670571,245.71089700,0.01998434,0.01998434,36634,112,0
5455.28136518,5455.28214732,1629.59118392,1629.55906861,0.05181772,245.82719876,0.01998433,0.01998434,36633,112,0
5455.43028942,5455.43108592,1635.70901233,1635.67628298,0.05878782,245.94385204,0.01998433,0.01998434,36632,112,0
5455.58027225,5455.58003262,1641.83172549,1641.84157954,0.08815639,246.06069643,0.01998434,0.01998434,36631,112,0
5455.72591137,5455.72898743,0.00000000,1647.84213009,0.06554118,246.17371897,0.01998432,0.01998434,36630,112,1
5455.87461398,5455.87795034,0.00000000,1653.96361720,0.02132681,246.28830838,0.01998432,0.01998434,36629,112,1
5456.02619666,nan,0.00000000,1660.20834571,0.07208259,246.40446496,0.01998433,0.01998434,36628,112,1
5456.17703986,nan,0.00000000,1666.42731158,0.08720526,246.51939986,0.01998434,0.01998434,36627,112,1
5456.32551245,5456.32488773,1672.51707883,1672.54286279,0.05460209,246.63170108,0.01998434,0.01998434,36626,112,0
5456.47422953,5456.47388307,1678.66890320,1678.68321365,0.07564979,246.74373707,0.01998434,0.01998434,36625,112,0
5456.62154719,5456.62288653,1684.82589705,1684.77053211,0.05736424,246.85409278,0.01998433,0.01998434,36624,112,0
5456.77264385,5456.77189809,1690.98815603,1691.01900849,0.09881185,246.96663219,0.01998434,0.01998434,36623,112,0
5456.91758481,nan,0.00000000,1697.02692428,0.04287772,247.07413413,0.01998432,0.01998434,36622,112,1
5457.06840586,5457.06994556,1703.32822022,1703.26442364,0.05502713,247.18501312,0.01998433,0.01998434,36621,112,0
5457.21824901,5457.21898146,1709.50579549,1709.47542415,0.01645311,247.29468121,0.01998433,0.01998434,36620,112,0
5457.36519807,5457.36802547,0.00000000,1715.57799618,0.06862616,247.40171584,0.01998433,0.01998434,36619,112,1
5457.51747268,5457.51707760,1721.87545238,1721.89185806,0.06762987,247.51170639,0.01998434,0.01998434,36618,112,0
5457.66879428,5457.66613784,0.00000000,1728.18436153,0.10085308,247.62056614,0.01998435,0.01998434,36617,112,1
5457.81399992,5457.81520620,1734.26407962,1734.21391660,0.04659360,247.72416639,0.01998433,0.01998434,36616,112,0
5457.96523069,5457.96428268,1740.46570974,1740.50516236,0.07719386,247.83152183,0.01998434,0.01998434,36615,112,0
5458.11408564,5458.11336727,1746.67237205,1746.70229066,0.05578137,247.93653131,0.01998434,0.01998434,36614,112,0
5458.26247845,5458.26245998,1752.88418312,1752.88495326,0.02657451,248.04056399,0.01998434,0.01998434,36613,112,0
5458.41104219,nan,0.00000000,1759.08740011,0.04379496,248.14419533,0.01998433,0.01998434,36612,112,1
5458.56002667,5458.56066975,1765.32361098,1765.29676448,0.06363558,248.24720571,0.01998433,0.01998434,36611,112,0
5458.71169164,5458.70978681,0.00000000,1771.63825625,0.09017730,248.35164748,0.01998434,0.01998434,36610,112,1
5458.86052859,5458.85891200,0.00000000,1777.85876984,0.08054393,248.45335020,0.01998434,0.01998434,36609,112,1
nan,nan,0.00000000,-1.00000000,0.00000000,248.55303144,nan,0.00000000,-2147483648,112,1
5459.13015971,nan,0.00000000,1789.13995397,0.06234145,248.63590663,0.01998478,0.01998434,36608,112,1
5459.30332794,5459.30633629,0.00000000,1796.39350041,0.12676280,248.75200221,0.01998433,0.01998434,36606,112,1
5459.45313447,5459.45549396,0.00000000,1802.67374585,0.06636494,248.85170811,0.01998433,0.01998434,36605,112,1
5459.60450289,5459.60465976,1809.02573809,1809.01915366,0.06837874,248.95168359,0.01998434,0.01998434,36604,112,0
5459.75232307,5459.75383368,1815.28937416,1815.22592177,0.09354599,249.04873093,0.01998433,0.01998434,36603,112,0
5459.89876429,5459.90301573,0.00000000,1821.38455971,0.10404427,249.14429877,0.01998432,0.01998434,36602,112,1
5460.05118608,5460.05220590,1827.83175624,1827.78885500,0.09065607,249.24291071,0.01998433,0.01998434,36601,112,0
5460.20166706,5460.20140421,1834.11051522,1834.12158109,0.08155545,249.33965088,0.01998434,0.01998434,36600,112,0
5460.35104685,5460.35061063,1840.39440325,1840.41278170,0.09462726,249.43499885,0.01998434,0.01998434,36599,112,0
5460.49989624,5460.49982519,1846.68349405,1846.68648961,0.08657300,249.52932959,0.01998434,0.01998434,36598,112,0
5460.64601575,5460.64904788,0.00000000,1852.85765115,0.05062425,249.62138579,0.01998433,0.01998434,36597,112,1
5460.79738313,5460.79827869,1859.27758069,1859.23975991,0.04907976,249.71582450,0.01998433,0.01998434,36596,112,0
5460.94604124,5460.94751764,1865.58272718,1865.52032613,0.09702465,249.80800212,0.01998433,0.01998434,36595,112,0
5461.09841486,5461.09676471,1871.89338124,1871.96318418,0.10733934,249.90177986,0.01998434,0.01998434,36594,112,0
5461.24399470,5461.24601992,0.00000000,1878.13291904,0.07660127,249.99084019,0.01998433,0.01998434,36593,112,1
5461.39274538,5461.39528326,0.00000000,1884.43272093,0.09592426,250.08102904,0.01998433,0.01998434,36592,112,1
5461.54506573,5461.54455474,1890.85920082,1890.88087148,0.02098882,250.17255802,0.01998434,0.01998434,36591,112,0
5461.69153241,5461.69383434,0.00000000,1897.10183137,0.01654922,250.26011082,0.01998433,0.01998434,36590,112,1
5461.84363664,5461.84312209,1903.53186431,1903.55372281,0.09283816,250.35013439,0.01998434,0.01998434,36589,112,0
5461.99391330,5461.99241796,0.00000000,1909.94388265,0.08928502,250.43851453,0.01998434,0.01998434,36588,112,1
5462.13891806,5462.14172198,0.00000000,1916.10956994,0.06631825,250.52305235,0.01998433,0.01998434,36587,112,1
5462.29125864,5462.29103413,1922.58146287,1922.59102189,0.09324424,250.61113856,0.01998434,0.01998434,36586,112,0
5462.43957533,5462.44035442,1928.94128384,1928.90808980,0.01587309,250.69622042,0.01998434,0.01998434,36585,112,0
5462.58775223,5462.58968284,0.00000000,1935.22468035,0.11080673,250.78053563,0.01998433,0.01998434,36584,112,1
5462.73796456,5462.73901941,1941.67555200,1941.63054250,0.06490548,250.86526615,0.01998433,0.01998434,36583,112,0
5462.88816674,5462.88836411,1948.05055514,1948.04212637,0.07876488,250.94928963,0.01998434,0.01998434,36582,112,0
5463.03722719,5463.03771696,1954.43119783,1954.41026498,0.08156829,251.03196870,0.01998434,0.01998434,36581,112,0
5463.18682137,5463.18707794,1960.81777706,1960.80680131,0.05248101,251.11423895,0.01998434,0.01998434,36580,112,0
5463.33765657,5463.33644707,1967.21052267,1967.26231093,0.07000561,251.19647771,0.01998434,0.01998434,36579,112,0
5463.48257944,5463.48582434,0.00000000,1973.47228272,0.09552488,251.27483965,0.01998433,0.01998434,36578,112,1
5463.63385696,5463.63520975,1980.01378967,1979.95576902,0.03848941,251.35586953,0.01998433,0.01998434,36577,112,0
5463.78152247,5463.78460331,0.00000000,1986.29146429,0.06594047,251.43427920,0.01998433,0.01998434,36576,112,1
5463.93394961,5463.93400501,1992.83889025,1992.83651056,0.05618516,251.51447734,0.01998434,0.01998434,36575,112,0
5464.08119536,5464.08341486,0.00000000,1999.16296262,0.01438249,251.59122199,0.01998433,0.01998434,36574,112,1
5464.23136294,5464.23283285,2005.68381942,2005.62059158,0.07654990,251.66877228,0.01998433,0.01998434,36573,112,0
5464.38256823,5464.38225899,2012.11369488,2012.12700668,0.08401877,251.74610580,0.01998434,0.01998434,36572,112,0
5464.53255891,5464.53169328,2018.54871163,2018.58600235,0.08611020,251.82207890,0.01998434,0.01998434,36571,112,0
5464.68041831,5464.68113571,2024.98902316,2024.95809439,0.03250927,251.89625193,0.01998434,0.01998434,36570,112,0
5464.83083084,5464.83058630,2031.43478378,2031.44533494,0.04359425,251.97097171,0.01998434,0.01998434,36569,112,0
5464.98026859,5464.98004503,2037.88615280,2037.89580663,0.04151334,252.04447413,0.01998434,0.01998434,36568,112,0
5465.12556012,5465.12951191,0.00000000,2044.18636795,0.04907021,252.11539204,0.01998432,0.01998434,36567,112,1
5465.27531482,5465.27898695,0.00000000,2050.66374900,0.08035913,252.18762952,0.01998433,0.01998434,36566,112,1
5465.42648234,5465.42847014,0.00000000,2057.20770982,0.08109420,252.25979914,0.01998433,0.01998434,36565,112,1
5465.57767465,5465.57796147,2063.75114380,2063.73871352,0.02639853,252.33101381,0.01998434,0.01998434,36564,112,0
5465.72455143,5465.72746097,0.00000000,2070.12711757,0.06936744,252.39988877,0.01998433,0.01998434,36563,112,1
5465.87772486,5465.87696861,2076.72145888,2076.75429354,0.10260772,252.47051785,0.01998434,0.01998434,36562,112,0
5466.02443571,5466.02648441,0.00000000,2083.14693558,0.12839147,252.53785607,0.01998433,0.01998434,36561,112,1
5466.17417006,5466.17600837,0.00000000,2089.65601867,0.09727979,252.60562249,0.01998433,0.01998434,36560,112,1
5466.32519198,5466.32554048,2096.22352152,2096.20835066,0.06923041,252.67302563,0.01998434,0.01998434,36559,112,0
5466.47538898,5466.47508075,2102.73610629,2102.74953546,0.07931370,252.73949998,0.01998434,0.01998434,36558,112,0
5466.62100897,5466.62462918,0.00000000,2109.11311767,0.04827035,252.80338893,0.01998433,0.01998434,36557,112,1
5466.77451834,5466.77418576,2115.77863171,2115.79314605,0.06100455,252.86962681,0.01998434,0.01998434,36556,112,0
5466.92290419,5466.92375050,2122.30853725,2122.27157249,0.06509211,252.93305551,0.01998434,0.01998434,36555,112,0
5467.07290328,5467.07332340,2128.84418220,2128.82581695,0.08295155,252.99641479,0.01998434,0.01998434,36554,112,0
5467.22229101,5467.22290447,2135.38555018,2135.35871192,0.02875669,253.05875526,0.01998434,0.01998434,36553,112,0
5467.37263144,5467.37249369,2141.93267578,2141.93870706,0.07240841,253.12072535,0.01998434,0.01998434,36552,112,0
5467.51986488,5467.52209108,0.00000000,2148.40213003,0.03661490,253.18079657,0.01998433,0.01998434,36551,112,1
5467.66971273,5467.67169663,0.00000000,2154.97155817,0.04761051,253.24103958,0.01998433,0.01998434,36550,112,1
5467.82010989,5467.82131034,2161.60988155,2161.55718164,0.05383769,253.30060806,0.01998433,0.01998434,36549,112,0
5467.96826581,5467.97093221,0.00000000,2168.07713161,0.04875559,253.35877080,0.01998433,0.01998434,36548,112,1
5468.11822268,5468.12056225,0.00000000,2174.66825847,0.10775000,253.41674760,0.01998433,0.01998434,36547,112,1
5468.26876805,5468.27020046,2181.34337020,2181.28031537,0.08576943,253.47407927,0.01998433,0.01998434,36546,112,0
5468.41767224,nan,0.00000000,2187.84714584,0.08450364,253.53019680,0.01998433,0.01998434,36545,112,1
5468.56970162,5468.56950136,2194.53046017,2194.53929109,0.05552583,253.58654248,0.01998434,0.01998434,36544,112,0
5468.71722021,5468.71916407,0.00000000,2201.05318155,0.02827815,253.64057034,0.01998433,0.01998434,36543,112,1
5468.86629397,5468.86883494,0.00000000,2207.63387203,0.08335243,253.69433390,0.01998433,0.01998434,36542,112,1
5469.01673328,5469.01851399,0.00000000,2214.28061993,0.06115629,253.74780224,0.01998433,0.01998434,36541,112,1
5469.16964317,5469.16820120,0.00000000,2221.04248661,0.07486815,253.80133566,0.01998435,0.01998434,36540,112,1
5469.31742324,5469.31789658,2227.60376746,2227.58280617,0.06711424,253.85228898,0.01998434,0.01998434,36539,112,0
5469.46725343,5469.46760013,2234.23584440,2234.22047897,0.06715337,253.90317020,0.01998434,0.01998434,36538,112,0
5469.61591743,5469.61731186,2240.87352889,2240.81168063,0.03411973,253.95286730,0.01998434,0.01998434,36537,112,0
5469.76522346,5469.76703175,0.00000000,2247.43741696,0.10529398,254.00199335,0.01998433,0.01998434,36536,112,1
5469.91476337,5469.91675983,0.00000000,2254.07921032,0.02379044,254.05040184,0.01998433,0.01998434,36535,112,1
5470.06558523,5470.06649607,2260.82153102,2260.78102915,0.04739121,254.09839883,0.01998434,0.01998434,36534,112,0
5470.21635413,5470.21624049,2267.48319242,2267.48825017,0.06477028,254.14558070,0.01998434,0.01998434,36533,112,0
5470.36734770,5470.36599308,2274.15135677,2274.21170356,0.08147166,254.19201952,0.01998435,0.01998434,36532,112,0
5470.51687074,5470.51575385,2280.82611887,2280.87592113,0.05346874,254.23720228,0.01998435,0.01998434,36531,112,0
5470.66566984,5470.66552280,2287.50745096,2287.51401338,0.10954865,254.28136969,0.01998434,0.01998434,36530,112,0
5470.81278406,5470.81529993,0.00000000,2294.08818235,0.02230424,254.32428729,0.01998433,0.01998434,36529,112,1
5470.96450117,5470.96508523,2300.88968667,2300.86357161,0.07568193,254.36765996,0.01998434,0.01998434,36528,112,0
5471.11306825,5471.11487871,0.00000000,2307.51420154,0.08129276,254.40938645,0.01998433,0.01998434,36527,112,1
5471.26479688,5471.26468037,2314.29775537,2314.30297421,0.04803756,254.45111368,0.01998434,0.01998434,36526,112,0
5471.41494352,5471.41449021,2321.01128185,2321.03160500,0.06204753,254.49160797,0.01998434,0.01998434,36525,112,0
5471.56493394,5471.56430824,2327.73098406,2327.75906023,0.10358990,254.53123600,0.01998434,0.01998434,36524,112,0
5471.71412034,5471.71413444,2334.45674581,2334.45611245,0.05777930,254.56983165,0.01998434,0.01998434,36523,112,0
5471.86335336,5471.86396883,2341.18845066,2341.16078808,0.06085117,254.60761845,0.01998434,0.01998434,36522,112,0
5472.01535873,5472.01381140,0.00000000,2348.00209698,0.05015254,254.64529578,0.01998435,0.01998434,36521,112,1
5472.16241487,5472.16366215,2354.66994301,2354.61378567,0.06763574,254.68086436,0.01998434,0.01998434,36520,112,0
5472.31325894,5472.31352109,2361.42029351,2361.40847951,0.06079825,254.71655295,0.01998434,0.01998434,36519,112,0
5472.46040487,5472.46338822,0.00000000,2368.05363003,0.06102452,254.75060849,0.01998433,0.01998434,36518,112,1
5472.61304924,5472.61326353,2374.94171663,2374.93204048,0.04369862,254.78497667,0.01998434,0.01998434,36517,112,0
5472.76262072,5472.76314702,2381.71328455,2381.68949485,0.11257855,254.81786604,0.01998434,0.01998434,36516,112,0
5472.91379555,5472.91303871,2388.49199332,2388.52623738,0.05111777,254.85025931,0.01998434,0.01998434,36515,112,0
5473.06405921,5473.06293858,2395.27761455,2395.32836668,0.06419590,254.88160816,0.01998435,0.01998434,36514,112,0
5473.21359284,5473.21284664,2402.06991846,2402.10374381,0.04026142,254.91196070,0.01998434,0.01998434,36513,112,0
5473.36088543,5473.36276290,0.00000000,2408.79129433,0.05961107,254.94106538,0.01998434,0.01998434,36512,112,1
5473.51213958,5473.51268734,2415.67370315,2415.64882998,0.07968792,254.97002837,0.01998434,0.01998434,36511,112,0
5473.66400391,5473.66261997,2422.48503425,2422.54793341,0.10301428,254.99826624,0.01998435,0.01998434,36510,112,0
5473.81153082,5473.81256080,2429.30274424,2429.25589109,0.09537510,255.02485555,0.01998434,0.01998434,36509,112,0
5473.96135882,5473.96250981,2436.12691058,2436.07450565,0.03750900,255.05100819,0.01998434,0.01998434,36508,112,0
5474.10990884,5474.11246703,0.00000000,2442.84917267,0.05079822,255.07611834,0.01998433,0.01998434,36507,112,1
5474.26146519,5474.26243243,2449.79494689,2449.75082719,0.04968150,255.10080340,0.01998434,0.01998434,36506,112,0
5474.41197442,5474.41240603,2456.63911682,2456.61941029,0.10611315,255.12447257,0.01998434,0.01998434,36505,112,0
5474.56245251,5474.56238783,2463.49034765,2463.49330391,0.08559167,255.14726354,0.01998434,0.01998434,36504,112,0
5474.71275838,5474.71237782,2470.34886743,2470.36627812,0.04850370,255.16915479,0.01998434,0.01998434,36503,112,0
5474.86120501,5474.86237600,2477.21490553,2477.16127590,0.06351820,255.18991625,0.01998434,0.01998434,36502,112,0
5475.00950879,5475.01238239,0.00000000,2483.96375047,0.05204270,255.20982269,0.01998433,0.01998434,36501,112,1
5475.16293002,5475.16239697,2490.96969771,2490.99416019,0.06283332,255.22947317,0.01998434,0.01998434,36500,112,0
5475.31016889,5475.31241976,0.00000000,2497.75662631,0.10202683,255.24748945,0.01998433,0.01998434,36499,112,1
5475.46154952,5475.46245074,2504.75252600,2504.71109213,0.03072940,255.26511185,0.01998434,0.01998434,36498,112,0
5475.61395904,5475.61248992,0.00000000,2511.71968870,0.05844616,255.28194257,0.01998435,0.01998434,36497,112,1
5475.76012378,5475.76253731,0.00000000,2518.44740931,0.05064455,255.29722162,0.01998433,0.01998434,36496,112,1
5475.91519378,5475.91259289,0.00000000,2525.59184964,0.06964611,255.31250633,0.01998435,0.01998434,36495,112,1
5476.06127990,5476.06265668,2532.39285604,2532.32934387,0.04090364,255.32603264,0.01998434,0.01998434,36494,112,0
5476.21326002,5476.21272868,2539.31905701,2539.34359171,0.08140724,255.33919895,0.01998435,0.01998434,36493,112,0
5476.36300982,5476.36280887,2546.25232235,2546.26161011,0.07507473,255.35126968,0.01998434,0.01998434,36492,112,0
5476.51043339,5476.51289727,0.00000000,2553.08159101,0.04663004,255.36227993,0.01998433,0.01998434,36491,112,1
5476.66144307,5476.66299388,2560.14076401,2560.06894316,0.09493866,255.37264451,0.01998434,0.01998434,36490,112,0
5476.81383662,5476.81309869,2567.09579913,2567.13000707,0.11380327,255.38217669,0.01998435,0.01998434,36489,112,0
5476.96279262,5476.96321171,2574.05789907,2574.03845286,0.06018081,255.39058660,0.01998434,0.01998434,36488,112,0
5477.11091479,5477.11333294,0.00000000,2580.91990355,0.06928879,255.39806269,0.01998433,0.01998434,36487,112,1
5477.26226872,5477.26346238,2588.00289277,2587.94740251,0.04746981,255.40476939,0.01998434,0.01998434,36486,112,0
5477.41480108,5477.41360002,2594.98577493,2595.04166268,0.02435863,255.41058855,0.01998435,0.01998434,36485,112,0
5477.56208774,5477.56374588,0.00000000,2601.90742766,0.05581397,255.41531018,0.01998434,0.01998434,36484,112,1
5477.71309769,5477.71389994,2608.97273563,2608.93533310,0.03888833,255.41921610,0.01998434,0.01998434,36483,112,0
5477.86361031,5477.86406222,2615.97699792,2615.95590816,0.05314220,255.42218134,0.01998434,0.01998434,36482,112,0
5478.01310761,5478.01423271,2622.98857413,2622.93601624,0.07854441,255.42420140,0.01998434,0.01998434,36481,112,0
5478.16420813,5478.16441141,2630.00756721,2629.99806145,0.09663817,255.42530337,0.01998434,0.01998434,36480,112,0
5478.31545977,5478.31459833,2637.03408198,2637.07440555,0.06480146,255.42545733,0.01998435,0.01998434,36479,112,0
5478.46467716,5478.46479346,2644.06822389,2644.06277473,0.07746364,255.42467579,0.01998434,0.01998434,36478,112,0
5478.61388187,5478.61499680,2651.11009868,2651.05780070,0.08872167,255.42296440,0.01998434,0.01998434,36477,112,0
5478.76602132,5478.76520836,2658.15975496,2658.19792827,0.08559528,255.42025877,0.01998435,0.01998434,36476,112,0
5478.91433350,5478.91542814,2665.21712018,2665.16566756,0.07649589,255.41668463,0.01998434,0.01998434,36475,112,0
5479.06322245,5479.06565613,0.00000000,2672.18385554,0.05200476,255.41215209,0.01998434,0.01998434,36474,112,1
5479.21597359,5479.21589234,2679.35462327,2679.35845002,0.05716711,255.40655107,0.01998434,0.01998434,36473,112,0
5479.36644137,5479.36613677,2686.43458405,2686.44894475,0.08562766,255.40005465,0.01998434,0.01998434,36472,112,0
5479.51337734,5479.51638942,0.00000000,2693.39431443,0.09454591,255.39276487,0.01998433,0.01998434,36471,112,1
5479.66568280,5479.66665029,2700.61690538,2700.57119986,0.07217415,255.38426895,0.01998434,0.01998434,36470,112,0
5479.81759261,5479.81691938,2707.71948262,2707.75132008,0.06381192,255.37478952,0.01998435,0.01998434,36469,112,0
5479.96498516,5479.96719669,0.00000000,2714.73743525,0.12456374,255.36462563,0.01998434,0.01998434,36468,112,1
5480.11753707,5480.11748222,2721.94803367,2721.95063315,0.06533431,255.35315785,0.01998434,0.01998434,36467,112,0
5480.26873211,5480.26777598,2729.07407603,2729.11943373,0.09019502,255.34078061,0.01998435,0.01998434,36466,112,0
5480.41624907,5480.41807795,0.00000000,2736.12914060,0.07259732,255.32773325,0.01998434,0.01998434,36465,112,1
5480.56720604,5480.56838816,2743.34889939,2743.29271073,0.03821880,255.31343424,0.01998434,0.01998434,36464,112,0
5480.71637136,5480.71870659,0.00000000,2750.39232041,0.03522926,255.29830011,0.01998434,0.01998434,36463,112,1
5480.86764298,5480.86903324,2757.65276300,2757.58655678,0.03323717,255.28198647,0.01998434,0.01998434,36462,112,0
5481.02071312,5481.01936812,0.00000000,2764.88576980,0.12898829,255.26442879,0.01998435,0.01998434,36461,112,1
5481.16852270,5481.16971123,2771.98554216,2771.92883077,0.11628189,255.24652660,0.01998434,0.01998434,36460,112,0
5481.32013690,5481.32006256,2779.16340427,2779.16695515,0.05402081,255.22714547,0.01998434,0.01998434,36459,112,0
5481.46932913,5481.47042213,2786.34928996,2786.29702596,0.09196840,255.20707921,0.01998434,0.01998434,36458,112,0
5481.61959855,5481.62078992,2793.54344222,2793.48641171,0.07284798,255.18586672,0.01998434,0.01998434,36457,112,0
5481.76893653,5481.77116595,0.00000000,2800.64641917,0.06487391,255.16376346,0.01998434,0.01998434,36456,112,1
5481.91944098,5481.92155020,0.00000000,2807.86190674,0.06435317,255.14050205,0.01998434,0.01998435,36455,112,1
5482.07093323,5482.07194269,2815.17531871,2815.12683963,0.07030824,255.11608023,0.01998434,0.01998435,36454,112,0
5482.21993279,5482.22234340,0.00000000,2822.29059152,0.06187968,255.09101491,0.01998434,0.01998435,36453,112,1
5482.36933327,5482.37275235,0.00000000,2829.47554641,0.06703354,255.06489422,0.01998433,0.01998435,36452,112,1
5482.52110188,5482.52316954,0.00000000,2836.78204304,0.10384543,255.03732388,0.01998434,0.01998435,36451,112,1
5482.67372818,5482.67359496,2844.13091788,2844.13734297,0.05347949,255.00854283,0.01998435,0.01998435,36450,112,0
5482.82433029,5482.82402861,2851.38981908,2851.40438375,0.06742510,254.97909551,0.01998435,0.01998435,36449,112,0
5482.97274669,5482.97447050,0.00000000,2858.57116883,0.07134455,254.94906954,0.01998434,0.01998435,36448,112,1
5483.12591505,5483.12492063,2865.93151882,2865.97962762,0.05355977,254.91700285,0.01998435,0.01998435,36447,112,0
5483.27271415,5483.27537899,0.00000000,2873.08099039,0.06344077,254.88528412,0.01998434,0.01998435,36446,112,1
5483.42580897,5483.42584560,2880.50461834,2880.50284309,0.03302661,254.85110729,0.01998435,0.01998435,36445,112,0
5483.57283651,5483.57632044,0.00000000,2887.62905963,0.06887776,254.81730431,0.01998433,0.01998435,36444,112,1
5483.72705175,5483.72680352,2895.10840850,2895.12046558,0.09763980,254.78072585,0.01998435,0.01998435,36443,112,0
5483.87560734,5483.87729484,0.00000000,2902.33688703,0.09668729,254.74447884,0.01998434,0.01998435,36442,112,1
5484.02556338,5484.02779440,0.00000000,2909.63309987,0.10175887,254.70682206,0.01998434,0.01998435,36441,112,1
5484.17669307,5484.17830220,0.00000000,2916.99431695,0.03833474,254.66780156,0.01998434,0.01998435,36440,112,1
5484.32871731,5484.32881825,2924.41131363,2924.40638996,0.05586709,254.62746781,0.01998435,0.01998435,36439,112,0
5484.47683293,5484.47934253,0.00000000,2931.63713256,0.05225026,254.58711154,0.01998434,0.01998435,36438,112,1
5484.62976753,5484.62987507,2939.11426755,2939.10901000,0.06627617,254.54436214,0.01998435,0.01998435,36437,112,0
5484.77946720,5484.78041584,2946.47859137,2946.43215946,0.10339671,254.50143062,0.01998434,0.01998435,36436,112,0
5484.93110888,5484.93096486,2953.85120637,2953.85826290,0.07882189,254.45685106,0.01998435,0.01998435,36435,112,0
5485.08238462,5485.08152213,2961.23190731,2961.27421069,0.13156339,254.41128273,0.01998435,0.01998435,36434,112,0
5485.22959547,5485.23208765,0.00000000,2968.50133485,0.06996606,254.36586522,0.01998434,0.01998435,36433,112,1
5485.38362261,5485.38266141,2976.01762647,2976.06487177,0.05184455,254.31726636,0.01998435,0.01998435,36432,112,0
5485.53431411,5485.53324342,2983.42311870,2983.47580378,0.02345243,254.26858923,0.01998435,0.01998435,36431,112,0
5485.68278482,5485.68383368,2990.83737079,2990.78570122,0.06965682,254.21954888,0.01998434,0.01998435,36430,112,0
5485.83134732,5485.83443219,0.00000000,2998.11544064,0.07075854,254.16935131,0.01998434,0.01998435,36429,112,1
5485.98446411,5485.98503895,3005.69293438,3005.66455028,0.05938370,254.11657925,0.01998434,0.01998435,36428,112,0
5486.13544032,5486.13565396,3013.13422149,3013.12366076,0.06177606,254.06336761,0.01998435,0.01998435,36427,112,0
5486.28549343,5486.28627722,3020.58440296,3020.54561318,0.10413665,254.00936649,0.01998434,0.01998435,36426,112,0
5486.43511374,5486.43690873,0.00000000,3027.96025169,0.06861143,253.95436807,0.01998434,0.01998435,36425,112,1
5486.58843166,5486.58754850,3035.51115213,3035.55495830,0.05841737,253.89694525,0.01998435,0.01998435,36424,112,0
5486.73709547,5486.73819652,3042.98777301,3042.93309693,0.07491532,253.84010461,0.01998434,0.01998435,36423,112,0
5486.89071446,5486.88885280,0.00000000,3050.56941881,0.08923913,253.78017954,0.01998435,0.01998435,36422,112,1
5487.03896547,5487.03951733,3057.96815398,3057.94068564,0.08970159,253.72127738,0.01998434,0.01998435,36421,112,0
5487.18735745,5487.19019012,0.00000000,3065.33158313,0.06290588,253.66117564,0.01998434,0.01998435,36420,112,1
5487.33798415,5487.34087116,0.00000000,3072.83992776,0.06681418,253.59904953,0.01998434,0.01998435,36419,112,1
5487.49153128,5487.49156046,3080.50749636,3080.50603885,0.03894195,253.53450590,0.01998435,0.01998435,36418,112,0
5487.64112492,5487.64225802,3088.03808219,3087.98143016,0.09040979,253.47048573,0.01998434,0.01998435,36417,112,0
5487.79293001,5487.79296384,3095.57680819,3095.57511487,0.04483946,253.40435815,0.01998435,0.01998435,36416,112,0
5487.94190233,5487.94367792,0.00000000,3103.02920574,0.08157302,253.33837331,0.01998434,0.01998435,36415,112,1
5488.09656482,5488.09440026,0.00000000,3110.78281341,0.09254184,253.26860905,0.01998436,0.01998435,36414,112,1
5488.24404058,5488.24513086,3118.24153042,3118.18679123,0.08634230,253.20091682,0.01998434,0.01998435,36413,112,0
5488.39616336,5488.39586973,3125.81410947,3125.82886938,0.12708677,253.12994732,0.01998435,0.01998435,36412,112,0
5488.54711543,5488.54661685,3133.39638955,3133.42148320,0.08729726,253.05833001,0.01998435,0.01998435,36411,112,0
5488.69803401,5488.69737224,3140.98862489,3141.02197334,0.08582559,252.98553292,0.01998435,0.01998435,36410,112,0
5488.84736950,5488.84813589,3148.59059997,3148.55193264,0.04383479,252.91232044,0.01998434,0.01998435,36409,112,0
5488.99931163,5488.99890781,3156.20205006,3156.22244786,0.06141401,252.83662473,0.01998435,0.01998435,36408,112,0
5489.14829508,5489.14968799,3163.82270842,3163.75226919,0.06370144,252.76122109,0.01998434,0.01998435,36407,112,0
5489.30054130,5489.30047644,3171.45234204,3171.45562520,0.10420961,252.68295542,0.01998435,0.01998435,36406,112,0
5489.44900798,5489.45127316,0.00000000,3178.97584302,0.08306654,252.60545339,0.01998434,0.01998435,36405,112,1
5489.60101120,5489.60207815,3186.73892465,3186.68478431,0.05845410,252.52488120,0.01998434,0.01998435,36404,112,0
5489.75392239,5489.75289140,3194.39629072,3194.44866941,0.05341631,252.44258317,0.01998435,0.01998435,36403,112,0
5489.90616630,5489.90371292,0.00000000,3202.18821038,0.04582700,252.35939272,0.01998436,0.01998435,36402,112,1
5490.05626722,5490.05454271,0.00000000,3209.82770543,0.07048882,252.27615093,0.01998435,0.01998435,36401,112,1
5490.20608600,5490.20538078,3217.42649612,3217.46245434,0.09340968,252.19184227,0.01998435,0.01998435,36400,112,0
5490.35637299,5490.35622711,3225.12234009,3225.12978669,0.10625785,252.10604819,0.01998435,0.01998435,36399,112,0
5490.50727489,5490.50708172,3232.82746761,3232.83733973,0.06190127,252.01866691,0.01998435,0.01998435,36398,112,0
5490.65763440,5490.65794460,3240.54174475,3240.52587388,0.05876677,251.93036511,0.01998435,0.01998435,36397,112,0
5490.80893378,5490.80881575,3248.26528577,3248.27133158,0.06314836,251.84026195,0.01998435,0.01998435,36396,112,0
5490.95897611,5490.95969518,3255.99831956,3255.96144312,0.06074828,251.74966285,0.01998435,0.01998435,36395,112,0
5491.11017590,5491.11058288,3263.74107729,3263.72018042,0.11051834,251.65710408,0.01998435,0.01998435,36394,112,0
5491.26133548,5491.26147886,3271.49378995,3271.48641908,0.08260514,251.56329760,0.01998435,0.01998435,36393,112,0
5491.41368797,5491.41238311,3279.25658634,3279.32375287,0.10154717,251.46745738,0.01998435,0.01998435,36392,112,0
5491.56373669,5491.56329564,3287.02943993,3287.05217029,0.09029160,251.37179293,0.01998435,0.01998435,36391,112,0
5491.71578297,5491.71421645,0.00000000,3294.89631488,0.06251172,251.27352177,0.01998435,0.01998435,36390,112,1
5491.86371947,5491.86514554,0.00000000,3302.53455671,0.07554253,251.17669313,0.01998434,0.01998435,36389,112,1
5492.01629206,5492.01608291,3310.40794731,3310.41876619,0.10268344,251.07556945,0.01998435,0.01998435,36388,112,0
5492.16373347,5492.16702856,0.00000000,3318.05289621,0.05795764,250.97651375,0.01998434,0.01998435,36387,112,1
5492.31638759,5492.31798249,0.00000000,3325.96348251,0.07680450,250.87268779,0.01998434,0.01998435,36386,112,1
5492.46564773,5492.46894470,0.00000000,3333.70769171,0.05331551,250.76987880,0.01998434,0.01998435,36385,112,1
5492.61579059,5492.61991519,0.00000000,3341.50721081,0.07461429,250.66516855,0.01998433,0.01998435,36384,112,1
5492.77090721,5492.77089396,3349.57026525,3349.57095457,0.14969043,250.55567941,0.01998435,0.01998435,36383,112,0
5492.91851724,5492.92188102,0.00000000,3357.26220363,0.09906603,250.45008098,0.01998434,0.01998435,36382,112,1
5493.07014591,5493.07287637,0.00000000,3365.16823383,0.09330401,250.34034581,0.01998434,0.01998435,36381,112,1
5493.22190408,5493.22388000,0.00000000,3373.09090739,0.09679703,250.22917129,0.01998434,0.01998435,36380,112,1
5493.37619940,5493.37489191,3381.08402405,3381.15242199,0.10558636,250.11480661,0.01998435,0.01998435,36379,112,0
5493.52245367,5493.52591211,0.00000000,3388.81072384,0.06028417,250.00500154,0.01998434,0.01998435,36378,112,1
5493.67456272,5493.67694060,0.00000000,3396.78151324,0.09036000,249.88951476,0.01998434,0.01998435,36377,112,1
5493.82786368,5493.82797738,3404.83131125,3404.82534081,0.06215574,249.77172728,0.01998435,0.01998435,36376,112,0
5493.97744520,5493.97902245,0.00000000,3412.68320211,0.03601975,249.65545744,0.01998434,0.01998435,36375,112,1
5494.13241330,5494.13007580,0.00000000,3420.83478845,0.07373511,249.53358208,0.01998436,0.01998435,36374,112,1
5494.28347012,5494.28113745,0.00000000,3428.79083696,0.09941096,249.41339321,0.01998436,0.01998435,36373,112,1
5494.42926982,5494.43220739,0.00000000,3436.47958616,0.06280384,249.29608089,0.01998434,0.01998435,36372,112,1
5494.58257187,5494.58328561,3444.61516792,3444.57745590,0.08034170,249.17129170,0.01998435,0.01998435,36371,112,0
5494.73402007,5494.73437214,3452.60328871,3452.58466239,0.10120930,249.04665386,0.01998435,0.01998435,36370,112,0
5494.88888292,5494.88546695,0.00000000,3460.77933907,0.09794705,248.91781494,0.01998436,0.01998435,36369,112,1
5495.03736850,5495.03657006,3468.61194821,3468.65430048,0.06596007,248.79277949,0.01998435,0.01998435,36368,112,0
5495.18650087,5495.18768146,3476.63278107,3476.57007521,0.09317395,248.66588749,0.01998435,0.01998435,36367,112,0
5495.33893660,5495.33880116,3484.66473717,3484.67194062,0.10420326,248.53475735,0.01998435,0.01998435,36366,112,0
5495.48805195,5495.48992916,0.00000000,3492.60036434,0.14103438,248.40520488,0.01998434,0.01998435,36365,112,1
5495.64469178,5495.64106545,0.00000000,3500.94624541,0.12841998,248.26751673,0.01998436,0.01998435,36364,112,1
5495.79299474,5495.79221004,3508.82610790,3508.86800322,0.11037735,248.13557827,0.01998435,0.01998435,36363,112,0
5495.94146286,5495.94336293,0.00000000,3516.78934417,0.13501238,248.00243164,0.01998434,0.01998435,36362,112,1
5496.09276683,5496.09452411,0.00000000,3524.88235741,0.15876588,247.86514421,0.01998434,0.01998435,36361,112,1
5496.24357779,5496.24569360,0.00000000,3532.95958347,0.08732515,247.72685923,0.01998434,0.01998435,36360,112,1
5496.39595764,5496.39687139,3541.18874170,3541.13971851,0.07891941,247.58552366,0.01998435,0.01998435,36359,112,0
5496.54663652,5496.54805748,0.00000000,3549.22311002,0.06507710,247.44458523,0.01998434,0.01998435,36358,112,1
5496.69784031,5496.69925187,0.00000000,3557.35352702,0.05799952,247.30154861,0.01998434,0.01998435,36357,112,1
5496.85072269,5496.85045456,3565.56903099,3565.58347194,0.07862531,247.15545502,0.01998435,0.01998435,36356,112,0
5497.00129809,5497.00166556,3573.71883632,3573.69901628,0.08776155,247.01010513,0.01998435,0.01998435,36355,112,0
5497.15263363,5497.15288486,3581.88149352,3581.86792192,0.07282217,246.86250842,0.01998435,0.01998435,36354,112,0
5497.30015432,5497.30411247,0.00000000,3589.84827101,0.11665638,246.71706736,0.01998434,0.01998435,36353,112,1
5497.45490985,5497.45534838,3598.24478816,3598.22103093,0.11022736,246.56314492,0.01998435,0.01998435,36352,112,0
5497.60570049,5497.60659260,3606.44374363,3606.39535272,0.05878024,246.41155647,0.01998435,0.01998435,36351,112,0
5497.75708793,5497.75784512,3614.65307163,3614.61195116,0.08730047,246.25787524,0.01998435,0.01998435,36350,112,0
5497.90772152,5497.90910596,0.00000000,3622.80278714,0.08955430,246.10336945,0.01998435,0.01998435,36349,112,1
5498.06913103,5498.06037510,0.00000000,3631.58780869,0.06806786,245.93620517,0.01998438,0.01998435,36348,112,1
5498.20899871,5498.21165255,0.00000000,3639.21069541,0.04835917,245.78993771,0.01998434,0.01998435,36347,112,1
5498.35843533,5498.36293831,0.00000000,3647.36572891,0.10163386,245.63220742,0.01998433,0.01998435,36346,112,1
5498.51606952,5498.51423238,0.00000000,3655.98007314,0.12146026,245.46418726,0.01998436,0.01998435,36345,112,1
5498.66403369,5498.66553477,0.00000000,3664.07718599,0.08024524,245.30493797,0.01998434,0.01998435,36344,112,1
5498.81600518,5498.81684546,3672.44913819,3672.40304016,0.05989784,245.13985807,0.01998435,0.01998435,36343,112,0
5498.97144418,5498.96816447,0.00000000,3680.93466762,0.04920406,244.96929686,0.01998436,0.01998435,36342,112,1
5499.11991720,5499.11949180,3689.07304824,3689.09644400,0.08583929,244.80480155,0.01998435,0.01998435,36341,112,0
5499.27207786,5499.27082743,3697.40124102,3697.47009966,0.10200508,244.63468589,0.01998436,0.01998435,36340,112,0
5499.42196528,5499.42217138,3705.74115015,3705.72978478,0.08293243,244.46554556,0.01998435,0.01998435,36339,112,0
5499.57283332,5499.57352365,3714.09355112,3714.05542637,0.09648665,244.29370726,0.01998435,0.01998435,36338,112,0
5499.72508116,5499.72488424,3722.45912827,3722.47002006,0.13827545,244.11865810,0.01998435,0.01998435,36337,112,0
5499.87897690,5499.87625314,0.00000000,3730.97956659,0.09164526,243.94022742,0.01998436,0.01998435,36336,112,1
5500.02424345,5500.02763036,0.00000000,3739.02925448,0.04815771,243.77013719,0.01998434,0.01998435,36335,112,1
5500.17846732,5500.17901590,3747.63205376,3747.60158279,0.11254351,243.58761125,0.01998435,0.01998435,36334,112,0
5500.33073491,5500.33040976,3756.04668235,3756.06476647,0.14882106,243.40599998,0.01998435,0.01998435,36333,112,0
5500.48419671,5500.48181194,0.00000000,3764.58897779,0.18953440,243.22166317,0.01998436,0.01998435,36332,112,1
5500.63261669,5500.63322244,3772.91054876,3772.87676879,0.10215072,243.04107600,0.01998435,0.01998435,36331,112,0
5500.78343222,5500.78464126,0.00000000,3781.27703050,0.06437182,242.85666634,0.01998435,0.01998435,36330,112,1
5500.93527793,5500.93606841,3789.82236354,3789.77815940,0.11718361,242.66863582,0.01998435,0.01998435,36329,112,0
5501.08529950,5501.08750387,0.00000000,3798.15982768,0.12735238,242.48186180,0.01998434,0.01998435,36328,112,1
5501.23538392,5501.23894767,0.00000000,3806.57179458,0.08753991,242.29302865,0.01998434,0.01998435,36327,112,1
5501.38926185,5501.39039978,3815.28345834,3815.21955090,0.12702001,242.09745662,0.01998435,0.01998435,36326,112,0
5501.54128211,5501.54186022,3823.79580382,3823.76328969,0.07366088,241.90279694,0.01998435,0.01998435,36325,112,0
5501.69106935,5501.69332899,0.00000000,3832.18631687,0.06203788,241.70948584,0.01998434,0.01998435,36324,112,1
5501.84629338,5501.84480609,0.00000000,3840.93727513,0.12272998,241.50717399,0.01998436,0.01998435,36323,112,1
5501.99529592,5501.99629151,3849.40929347,3849.35305769,0.18661947,241.31119290,0.01998435,0.01998435,36322,112,0
5502.14573692,5502.14778526,0.00000000,3857.85597268,0.17098641,241.11177008,0.01998434,0.01998435,36321,112,1
5502.30203979,5502.29928734,0.00000000,3866.70672489,0.10071539,240.90268042,0.01998436,0.01998435,36320,112,1
5502.44984316,5502.45079775,3875.13856068,3875.08439849,0.05197660,240.70334828,0.01998435,0.01998435,36319,112,0
5502.60357047,5502.60231649,3883.74244351,3883.81370837,0.10429537,240.49418138,0.01998436,0.01998435,36318,112,0
5502.75073964,5502.75384356,0.00000000,3892.18988482,0.15693638,240.29206683,0.01998434,0.01998435,36317,112,1
5502.90742033,5502.90537897,0.00000000,3901.11479098,0.05258337,240.07519225,0.01998436,0.01998435,36316,112,1
5503.05559763,5503.05692270,0.00000000,3909.56803339,0.11632698,239.86833299,0.01998435,0.01998435,36315,112,1
5503.21022518,5503.20847478,0.00000000,3918.40248541,0.08441473,239.65064112,0.01998436,0.01998435,36314,112,1
5503.36003874,5503.36003518,3926.97353491,3926.97373895,0.13947649,239.43796496,0.01998435,0.01998435,36313,112,0
5503.51528030,5503.51160392,0.00000000,3935.87130642,0.19709315,239.21566011,0.01998436,0.01998435,36312,112,1
5503.66725836,5503.66318100,0.00000000,3944.59412507,0.12428978,238.99620579,0.01998437,0.01998435,36311,112,1
5503.81354915,5503.81476641,0.00000000,3953.00308271,0.16929313,238.78322667,0.01998435,0.01998435,36310,112,1
5503.96532196,5503.96636016,0.00000000,3961.74023613,0.09164474,238.56045668,0.01998435,0.01998435,36309,112,1
5504.11209938,5504.11796224,0.00000000,3970.20254874,0.14360687,238.34325726,0.01998433,0.01998435,36308,112,1
5504.27241571,5504.26957267,0.00000000,3979.45980341,0.05689237,238.10403408,0.01998436,0.01998435,36307,112,1
5504.41720228,5504.42119143,0.00000000,3987.83326632,0.17403550,237.88619072,0.01998434,0.01998435,36306,112,1
5504.56997247,5504.57281854,0.00000000,3996.68183932,0.15038748,237.65448036,0.01998434,0.01998435,36305,112,1
5504.72594887,5504.72445399,0.00000000,4005.73037256,0.11690353,237.41593210,0.01998436,0.01998435,36304,112,1
5504.87065187,5504.87609777,0.00000000,4014.13784961,0.18060328,237.19283191,0.01998433,0.01998435,36303,112,1
5505.02442505,5505.02774990,0.00000000,4023.08603216,0.11559279,236.95384619,0.01998434,0.01998435,36302,112,1
5505.17492995,5505.17941038,0.00000000,4031.85777706,0.13028203,236.71803329,0.01998434,0.01998435,36301,112,1
5505.33054509,5505.33107919,4040.97914430,4040.94792896,0.10332710,236.47205175,0.01998435,0.01998435,36300,112,0
5505.48593803,5505.48275635,0.00000000,4050.02735083,0.14367315,236.22472519,0.01998436,0.01998435,36299,112,1
5505.63440770,5505.63444186,4058.73712578,4058.73512331,0.06748098,235.98598633,0.01998435,0.01998435,36298,112,0
5505.78876438,5505.78613571,0.00000000,4067.77554407,0.25612170,235.73653525,0.01998436,0.01998435,36297,112,1
5505.94258242,5505.93783791,0.00000000,4076.81214982,0.20441523,235.48556776,0.01998437,0.01998435,36296,112,1
5506.08721406,5506.08954846,0.00000000,4085.32240289,0.16284827,235.24773519,0.01998434,0.01998435,36295,112,1
nan,nan,0.00000000,-1.00000000,0.00000000,234.97553031,nan,0.00000000,-2147483648,112,1
nan,nan,0.00000000,-1.00000000,0.00000000,230.77336052,nan,0.00000000,-2147483648,111,1
nan,nan,0.00000000,-1.00000000,0.00000000,230.90998974,nan,0.00000000,-2147483648,111,1
5460.89734955,nan,0.00000000,13.55719165,0.13260647,231.16274129,0.01998470,0.01998434,36596,111,1
5460.89734955,nan,0.00000000,13.55719165,0.13260647,231.16274129,0.01998470,0.01998434,36596,111,1
nan,nan,0.00000000,-1.00000000,0.00000000,231.59120391,nan,0.00000000,-2147483648,111,1
nan,nan,0.00000000,-1.00000000,0.00000000,231.68178885,nan,0.00000000,-2147483648,111,1
nan,nan,0.00000000,-1.00000000,0.00000000,231.77231639,nan,0.00000000,-2147483648,111,1
nan,nan,0.00000000,-1.00000000,0.00000000,231.86278651,nan,0.00000000,-2147483648,111,1
nan,nan,0.00000000,-1.00000000,0.00000000,231.99838397,nan,0.00000000,-2147483648,111,1
nan,nan,0.00000000,-1.00000000,0.00000000,232.13385211,nan,0.00000000,-2147483648,111,1
nan,nan,0.00000000,-1.00000000,0.00000000,232.22409231,nan,0.00000000,-2147483648,111,1
nan,nan,0.00000000,-1.00000000,0.00000000,232.35934472,nan,0.00000000,-2147483648,111,1
5461.80439030,nan,0.00000000,44.59398003,0.13805243,232.56620925,0.01998474,0.01998434,36590,111,1
5461.80439030,nan,0.00000000,44.59398003,0.13805243,232.56620925,0.01998474,0.01998434,36590,111,1
5462.21593345,nan,0.00000000,58.70703362,0.01711222,233.19980969,0.01998461,0.01998434,36587,111,1
nan,nan,0.00000000,-1.00000000,0.00000000,233.48140295,nan,0.00000000,-2147483648,111,1
5462.53860140,nan,0.00000000,69.78591355,0.20398096,233.69517617,0.01998470,0.01998434,36585,111,1
5462.53860140,nan,0.00000000,69.78591355,0.20398096,233.69517617,0.01998470,0.01998434,36585,111,1
nan,nan,0.00000000,-1.00000000,0.00000000,234.28368896,nan,0.00000000,-2147483648,111,1
nan,nan,0.00000000,-1.00000000,0.00000000,234.77166017,nan,0.00000000,-2147483648,111,1
nan,nan,0.00000000,-1.00000000,0.00000000,234.94866792,nan,0.00000000,-2147483648,111,1
5463.44584792,nan,0.00000000,101.00100326,0.10634106,235.08131517,0.01998474,0.01998434,36579,111,1
nan,nan,0.00000000,-1.00000000,0.00000000,235.34608319,nan,0.00000000,-2147483648,111,1
5463.79904277,5463.78460331,0.00000000,113.17907960,0.05346657,235.61825036,0.01998439,0.01998434,36576,111,1
5463.79904277,5463.78460331,0.00000000,113.17907960,0.05346657,235.61825036,0.01998439,0.01998434,36576,111,1
nan,nan,0.00000000,-1.00000000,0.00000000,236.04968023,nan,0.00000000,-2147483648,111,1
5464.23909290,5464.23283285,0.00000000,128.37235294,0.11786390,236.28508889,0.01998436,0.01998434,36573,111,1
nan,nan,0.00000000,-1.00000000,0.00000000,236.26878656,nan,0.00000000,-2147483648,111,1
nan,nan,0.00000000,-1.00000000,0.00000000,236.44380796,nan,0.00000000,-2147483648,111,1
5464.54370688,5464.53169328,0.00000000,138.90286857,0.13632286,236.74529363,0.01998438,0.01998434,36571,111,1
5464.54370688,5464.53169328,0.00000000,138.90286857,0.13632286,236.74529363,0.01998438,0.01998434,36571,111,1
5464.81454500,5464.83058630,0.00000000,148.27495328,0.24723534,237.15350362,0.01998428,0.01998434,36569,111,1
nan,nan,0.00000000,-1.00000000,0.00000000,237.35881783,nan,0.00000000,-2147483648,111,1
nan,nan,0.00000000,-1.00000000,0.00000000,237.44562348,nan,0.00000000,-2147483648,111,1
nan,nan,0.00000000,-1.00000000,0.00000000,237.79225685,nan,0.00000000,-2147483648,111,1
5465.44703951,5465.42847014,0.00000000,170.19568771,0.20929728,238.10323377,0.01998441,0.01998434,36565,111,1
5465.44703951,5465.42847014,0.00000000,170.19568771,0.20929728,238.10323377,0.01998441,0.01998434,36565,111,1
nan,nan,0.00000000,-1.00000000,0.00000000,238.26733625,nan,0.00000000,-2147483648,111,1
nan,nan,0.00000000,-1.00000000,0.00000000,238.69767487,nan,0.00000000,-2147483648,111,1
nan,nan,0.00000000,-1.00000000,0.00000000,238.91228908,nan,0.00000000,-2147483648,111,1
5466.14076880,nan,0.00000000,194.29357293,0.36480093,239.13910045,0.01998476,0.01998434,36561,111,1
5466.34761695,5466.32554048,0.00000000,201.48998134,0.08952826,239.44677492,0.01998442,0.01998434,36559,111,1
5466.34761695,5466.32554048,0.00000000,201.48998134,0.08952826,239.44677492,0.01998442,0.01998434,36559,111,1
nan,nan,0.00000000,-1.00000000,0.00000000,240.31943331,nan,0.00000000,-2147483648,111,1
nan,nan,0.00000000,-1.00000000,0.00000000,240.40419380,nan,0.00000000,-2147483648,111,1
5467.13289227,nan,0.00000000,228.85738434,0.18991219,240.60980243,0.01998456,0.01998434,36554,111,1
nan,nan,0.00000000,-1.00000000,0.00000000,240.74263878,nan,0.00000000,-2147483648,111,1
5467.35331282,5467.37249369,0.00000000,236.55265001,0.15151718,240.93481462,0.01998427,0.01998434,36552,111,1
nan,nan,0.00000000,-1.00000000,0.00000000,241.29057170,nan,0.00000000,-2147483648,111,1
5468.12463355,5468.12056225,0.00000000,263.52754169,0.06531314,242.06710736,0.01998436,0.01998434,36547,111,1
5468.12463355,5468.12056225,0.00000000,263.52754169,0.06531314,242.06710736,0.01998436,0.01998434,36547,111,1
5468.25526317,5468.27020046,0.00000000,268.10319582,0.13356745,242.25809081,0.01998429,0.01998434,36546,111,1
5468.55907701,5468.56950136,0.00000000,278.75323055,0.00898884,242.70139317,0.01998430,0.01998434,36544,111,1
5468.86445594,5468.86883494,0.00000000,289.46963118,0.07688693,243.14573264,0.01998432,0.01998434,36542,111,1
5468.86445594,5468.86883494,0.00000000,289.46963118,0.07688693,243.14573264,0.01998432,0.01998434,36542,111,1
5469.01401536,5469.01851399,0.00000000,294.72221111,0.15852274,243.36288994,0.01998432,0.01998434,36541,111,1
nan,nan,0.00000000,-1.00000000,0.00000000,243.58066945,nan,0.00000000,-2147483648,111,1
5469.31937755,5469.31789658,305.37476268,305.42684758,0.19374588,243.80416022,0.01998434,0.01998434,36539,111,0
nan,nan,0.00000000,-1.00000000,0.00000000,244.03321201,nan,0.00000000,-2147483648,111,1
nan,nan,0.00000000,-1.00000000,0.00000000,244.19731839,nan,0.00000000,-2147483648,111,1
nan,nan,0.00000000,-1.00000000,0.00000000,244.27928058,nan,0.00000000,-2147483648,111,1
nan,nan,0.00000000,-1.00000000,0.00000000,244.36118207,nan,0.00000000,-2147483648,111,1
5469.90253721,5469.91675983,0.00000000,325.98490871,0.08669708,244.64674282,0.01998429,0.01998434,36535,111,1
5469.90253721,5469.91675983,0.00000000,325.98490871,0.08669708,244.64674282,0.01998429,0.01998434,36535,111,1
nan,nan,0.00000000,-1.00000000,0.00000000,244.89206079,nan,0.00000000,-2147483648,111,1
nan,nan,0.00000000,-1.00000000,0.00000000,245.05489108,nan,0.00000000,-2147483648,111,1
nan,nan,0.00000000,-1.00000000,0.00000000,245.25808634,nan,0.00000000,-2147483648,111,1
nan,nan,0.00000000,-1.00000000,0.00000000,245.33925779,nan,0.00000000,-2147483648,111,1
nan,nan,0.00000000,-1.00000000,0.00000000,245.62287755,nan,0.00000000,-2147483648,111,1
nan,nan,0.00000000,-1.00000000,0.00000000,245.74419999,nan,0.00000000,-2147483648,111,1
nan,nan,0.00000000,-1.00000000,0.00000000,245.90574943,nan,0.00000000,-2147483648,111,1
5470.97276530,5470.96508523,0.00000000,363.77270852,0.11213570,246.17872370,0.01998437,0.01998434,36528,111,1
5471.25183882,5471.26468037,0.00000000,373.65016039,0.20128700,246.57557646,0.01998429,0.01998434,36526,111,1
nan,nan,0.00000000,-1.00000000,0.00000000,246.78989634,nan,0.00000000,-2147483648,111,1
5471.71635172,5471.71413444,0.00000000,390.11306084,0.09170464,247.23369288,0.01998435,0.01998434,36523,111,1
nan,nan,0.00000000,-1.00000000,0.00000000,247.42825059,nan,0.00000000,-2147483648,111,1
nan,nan,0.00000000,-1.00000000,0.00000000,247.66661879,nan,0.00000000,-2147483648,111,1
5472.16355419,5472.16366215,405.97771869,405.97388253,0.61099973,247.86380117,0.01998434,0.01998434,36520,111,0
5472.16355419,5472.16366215,405.97771869,405.97388253,0.61099973,247.86380117,0.01998434,0.01998434,36520,111,0
nan,nan,0.00000000,-1.00000000,0.00000000,248.02313157,nan,0.00000000,-2147483648,111,1
nan,nan,0.00000000,-1.00000000,0.00000000,248.10218707,nan,0.00000000,-2147483648,111,1
5472.47938819,5472.46338822,0.00000000,417.21617121,0.19972024,248.30808017,0.01998440,0.01998434,36518,111,1
5472.62131298,5472.61326353,0.00000000,422.26564593,0.35196193,248.50699324,0.01998437,0.01998434,36517,111,1
5472.76691839,5472.76314702,0.00000000,427.44878709,0.14257654,248.71076200,0.01998436,0.01998434,36516,111,1
5472.76691839,5472.76314702,0.00000000,427.44878709,0.14257654,248.71076200,0.01998436,0.01998434,36516,111,1
5473.06237612,5473.06293858,437.98364049,437.96358835,0.10265442,249.12286149,0.01998434,0.01998434,36514,111,0
5473.22286934,5473.21284664,0.00000000,443.69719602,0.03329063,249.34685334,0.01998438,0.01998434,36513,111,1
5473.35530574,5473.36276290,0.00000000,448.42182461,0.12014815,249.53104479,0.01998432,0.01998434,36512,111,1
5473.50804261,5473.51268734,0.00000000,453.87351683,0.09321227,249.74315053,0.01998433,0.01998434,36511,111,1
5473.65147864,5473.66261997,0.00000000,458.99601580,0.11097989,249.94202781,0.01998430,0.01998434,36510,111,1
nan,nan,0.00000000,-1.00000000,0.00000000,250.13590988,nan,0.00000000,-2147483648,111,1
5473.95476820,5473.96250981,0.00000000,469.83623087,0.22098618,250.36154553,0.01998431,0.01998434,36508,111,1
5474.10813134,5474.11246703,0.00000000,475.32236918,0.17159003,250.57316240,0.01998433,0.01998434,36507,111,1
5474.26437013,5474.26243243,0.00000000,480.91457026,0.17153676,250.78838750,0.01998435,0.01998434,36506,111,1
5474.55509906,5474.56238783,0.00000000,491.32913134,0.36343323,251.18790805,0.01998432,0.01998434,36504,111,1
5474.85672955,5474.86237600,0.00000000,502.14607385,0.11164956,251.60106963,0.01998432,0.01998434,36502,111,1
5474.85672955,5474.86237600,0.00000000,502.14607385,0.11164956,251.60106963,0.01998432,0.01998434,36502,111,1
5475.00804015,5475.01238239,0.00000000,507.57687333,0.15247544,251.80781260,0.01998433,0.01998434,36501,111,1
nan,nan,0.00000000,-1.00000000,0.00000000,252.01380221,nan,0.00000000,-2147483648,111,1
5475.31151780,5475.31241976,518.50949924,518.47708438,0.08503047,252.22137307,0.01998434,0.01998434,36499,111,0
5475.45959386,5475.46245074,0.00000000,523.80211233,0.04603727,252.42272973,0.01998433,0.01998434,36498,111,1
5475.60496878,nan,0.00000000,529.03154545,0.14650316,252.62003799,0.01998432,0.01998434,36497,111,1
5475.76328828,5475.76253731,534.69873436,534.72576690,0.12865293,252.83439372,0.01998435,0.01998434,36496,111,0
nan,nan,0.00000000,-1.00000000,0.00000000,253.03248393,nan,0.00000000,-2147483648,111,1
nan,nan,0.00000000,-1.00000000,0.00000000,253.18242415,nan,0.00000000,-2147483648,111,1
5476.21656269,5476.21272868,0.00000000,551.06301909,0.22331583,253.44656580,0.01998436,0.01998434,36493,111,1
nan,nan,0.00000000,-1.00000000,0.00000000,253.66798705,nan,0.00000000,-2147483648,111,1
5476.52544182,5476.51289727,0.00000000,562.20902424,0.08392376,253.86180040,0.01998439,0.01998434,36491,111,1
5476.66367427,5476.66299388,567.17434421,567.19892926,0.10206536,254.04705863,0.01998435,0.01998434,36490,111,0
nan,nan,0.00000000,-1.00000000,0.00000000,254.26193743,nan,0.00000000,-2147483648,111,1
nan,nan,0.00000000,-1.00000000,0.00000000,254.48362414,nan,0.00000000,-2147483648,111,1
5477.11517717,5477.11333294,0.00000000,583.52590041,0.11702931,254.65046858,0.01998435,0.01998434,36487,111,1
5477.25695267,5477.26346238,0.00000000,588.65768176,0.10438471,254.83925533,0.01998432,0.01998434,36486,111,1
5477.41683761,5477.41360002,0.00000000,594.44827250,0.13044482,255.05177615,0.01998436,0.01998434,36485,111,1
5477.55882451,5477.56374588,0.00000000,599.59359271,0.08111633,255.24016783,0.01998433,0.01998434,36484,111,1
5477.70113068,5477.71389994,0.00000000,604.75326895,0.17508940,255.42866237,0.01998430,0.01998434,36483,111,1
5477.87011200,5477.86406222,0.00000000,610.88375220,0.19374615,255.65207186,0.01998437,0.01998434,36482,111,1
5478.01165977,5478.01423271,0.00000000,616.02201077,0.14506601,255.83886114,0.01998433,0.01998434,36481,111,1
5478.16768903,5478.16441141,0.00000000,621.68917174,0.08285096,256.04438927,0.01998436,0.01998434,36480,111,1
5478.31379478,5478.31459833,627.02444275,626.99523027,0.03619986,256.23635697,0.01998434,0.01998434,36479,111,0
5478.45609870,5478.46479346,0.00000000,632.17344202,0.13711902,256.42326581,0.01998431,0.01998434,36478,111,1
5478.61374080,5478.61499680,637.95199415,637.90627796,0.13337360,256.62969409,0.01998434,0.01998434,36477,111,0
5478.76483921,5478.76520836,643.42095667,643.40751270,0.11318343,256.82728859,0.01998434,0.01998434,36476,111,0
5478.92349587,5478.91542814,0.00000000,649.18889251,0.11379372,257.03442325,0.01998437,0.01998434,36475,111,1
5479.06726829,5479.06565613,654.36832947,654.42710030,0.17038493,257.22163477,0.01998435,0.01998434,36474,111,0
5479.20854711,nan,0.00000000,659.58111216,0.06347233,257.40540771,0.01998432,0.01998434,36473,111,1
5479.36805939,5479.36613677,0.00000000,665.40149472,0.06654181,257.61242840,0.01998435,0.01998434,36472,111,1
5479.50842465,5479.51638942,0.00000000,670.52619446,0.19639988,257.79425443,0.01998432,0.01998434,36471,111,1
5479.66845990,5479.66665029,676.30001806,676.36613060,0.09017225,258.00094262,0.01998435,0.01998434,36470,111,0
5479.82079543,5479.81691938,0.00000000,681.94076111,0.05051302,258.19772921,0.01998436,0.01998434,36469,111,1
5479.97463740,5479.96719669,0.00000000,687.56749090,0.12964066,258.39584749,0.01998437,0.01998434,36468,111,1
5480.11139740,5480.11748222,0.00000000,692.57227379,0.08210089,258.57163819,0.01998432,0.01998434,36467,111,1
5480.27148962,5480.26777598,0.00000000,698.43428795,0.12965365,258.77702506,0.01998436,0.01998434,36466,111,1
5480.41835969,5480.41807795,703.79814799,703.80847488,0.04100857,258.96483264,0.01998435,0.01998434,36465,111,0
5480.71384896,5480.71870659,0.00000000,714.65094703,0.11421229,259.34231568,0.01998433,0.01998434,36463,111,1
5480.71384896,5480.71870659,0.00000000,714.65094703,0.11421229,259.34231568,0.01998433,0.01998434,36463,111,1
5480.86953595,5480.86903324,720.34164277,720.36009942,0.06732213,259.54031683,0.01998435,0.01998434,36462,111,0
5481.01772413,5481.01936812,725.86243079,725.80204376,0.07224846,259.72855953,0.01998434,0.01998434,36461,111,0
5481.16975520,5481.16971123,731.38622069,731.38783657,0.06718352,259.92127898,0.01998434,0.01998434,36460,111,0
5481.32118511,5481.32006256,736.91318070,736.95445719,0.01948310,260.11283353,0.01998435,0.01998434,36459,111,0
5481.47026753,5481.47042213,742.44348663,742.43779867,0.04584880,260.30103060,0.01998434,0.01998434,36458,111,0
5481.62102772,5481.62078992,747.97731495,747.98606892,0.08505067,260.49095899,0.01998435,0.01998434,36457,111,0
5481.77135370,5481.77116595,753.51484282,753.52175901,0.04236507,260.67995800,0.01998434,0.01998434,36456,111,0
5481.91685269,5481.92155020,0.00000000,758.89474519,0.06961869,260.86292517,0.01998433,0.01998435,36455,111,1
5482.07418259,5482.07194269,0.00000000,764.69649554,0.05353992,261.05996527,0.01998435,0.01998435,36454,111,1
5482.22148026,5482.22234340,770.15087358,770.11901651,0.07376775,261.24363002,0.01998434,0.01998435,36453,111,0
5482.36900123,5482.37275235,0.00000000,775.57805350,0.05150164,261.42804719,0.01998433,0.01998435,36452,111,1
5482.51448728,5482.52316954,0.00000000,780.95253196,0.09547119,261.60913267,0.01998431,0.01998435,36451,111,1
5482.67688561,5482.67359496,0.00000000,786.95544381,0.07149722,261.81083454,0.01998436,0.01998435,36450,111,1
5482.82558649,5482.82402861,792.38521786,792.44285498,0.12236378,261.99469989,0.01998435,0.01998435,36449,111,0
5482.97137180,5482.97447050,0.00000000,797.85076095,0.13405776,262.17541930,0.01998433,0.01998435,36448,111,1
5483.12271237,5483.12492063,0.00000000,803.45499155,0.03104153,262.36219422,0.01998434,0.01998435,36447,111,1
5483.26804801,5483.27537899,0.00000000,808.84004314,0.11142601,262.54117964,0.01998432,0.01998435,36446,111,1
5483.42652974,5483.42584560,814.67672453,814.70209554,0.11252012,262.73547879,0.01998435,0.01998435,36445,111,0
5483.57664917,5483.57632044,820.25866418,820.27086247,0.05645115,262.91953463,0.01998435,0.01998435,36444,111,0
5483.72858386,5483.72680352,825.84431639,825.91042011,0.11010480,263.10541113,0.01998435,0.01998435,36443,111,0
5483.87219659,5483.87729484,0.00000000,831.25887032,0.18938147,263.28120996,0.01998433,0.01998435,36442,111,1
5484.02863363,5484.02779440,837.02687408,837.05807278,0.03121487,263.47129294,0.01998435,0.01998435,36441,111,0
5484.17699082,5484.17830220,842.62377843,842.57499738,0.05812068,263.65160974,0.01998434,0.01998435,36440,111,0
5484.32932290,5484.32881825,848.22442580,848.24320973,0.11357959,263.83634906,0.01998435,0.01998435,36439,111,0
5484.47799506,5484.47934253,853.82881070,853.77862588,0.19985164,264.01624906,0.01998434,0.01998435,36438,111,0
5484.62937898,5484.62987507,859.43692757,859.41844002,0.06447734,264.19902206,0.01998434,0.01998435,36437,111,0
5484.78122570,5484.78041584,865.04877987,865.07897900,0.14549214,264.38193861,0.01998435,0.01998435,36436,111,0
5484.92524618,5484.93096486,0.00000000,870.46609488,0.07277710,264.55552797,0.01998433,0.01998435,36435,111,1
5485.07676275,5485.08152213,0.00000000,876.12113007,0.04601014,264.73723423,0.01998433,0.01998435,36434,111,1
5485.23444125,5485.23208765,0.00000000,882.00984296,0.05294265,264.92588650,0.01998435,0.01998435,36433,111,1
5485.38449977,5485.38266141,887.53526762,887.60400029,0.02573556,265.10457040,0.01998435,0.01998435,36432,111,0
5485.52722837,5485.53324342,0.00000000,892.95439515,0.11546894,265.27498298,0.01998432,0.01998435,36431,111,1
5485.68236422,5485.68383368,898.80337364,898.74835637,0.03676063,265.45898788,0.01998434,0.01998435,36430,111,0
5485.83276738,5485.83443219,904.44378297,904.38140978,0.02318284,265.63734846,0.01998434,0.01998435,36429,111,0
5485.98548977,5485.98503895,910.08818707,910.10508836,0.04841690,265.81803866,0.01998435,0.01998435,36428,111,0
5486.13246551,5486.13565396,0.00000000,915.62002849,0.03866143,265.99162406,0.01998433,0.01998435,36427,111,1
5486.28139795,5486.28627722,0.00000000,921.20604555,0.14665124,266.16693087,0.01998433,0.01998435,36426,111,1
5486.43607881,5486.43690873,927.04322948,927.01206427,0.07186201,266.34859146,0.01998434,0.01998435,36425,111,0
5486.58939589,5486.58754850,0.00000000,932.76899243,0.09298451,266.52816159,0.01998435,0.01998435,36424,111,1
5486.73756594,5486.73819652,938.36292324,938.33921944,0.13063565,266.70138216,0.01998434,0.01998435,36423,111,0
5486.88964972,5486.88885280,944.02776769,944.05774139,0.12021018,266.87867581,0.01998435,0.01998435,36422,111,0
5487.04115008,5487.03951733,949.69624620,949.75769457,0.09704407,267.05485040,0.01998435,0.01998435,36421,111,0
5487.18551821,5487.19019012,0.00000000,955.19053847,0.09454037,267.22226386,0.01998433,0.01998435,36420,111,1
5487.33707503,5487.34087116,0.00000000,960.89976235,0.09695830,267.39766214,0.01998433,0.01998435,36419,111,1
5487.49548759,5487.49156046,0.00000000,966.87108245,0.14573330,267.58052896,0.01998436,0.01998435,36418,111,1
5487.64036862,5487.64225802,972.41086281,972.33956043,0.05554573,267.74747286,0.01998434,0.01998435,36417,111,0
5487.79134499,5487.79296384,978.10012245,978.03898958,0.09981419,267.92093401,0.01998434,0.01998435,36416,111,0
5487.94834668,5487.94367792,0.00000000,983.96319463,0.12007146,268.10065878,0.01998436,0.01998435,36415,111,1
5488.09280838,5488.09440026,989.49044559,989.43025732,0.03039983,268.26599248,0.01998434,0.01998435,36414,111,0
5488.24443780,5488.24513086,995.19115348,995.16493418,0.05137492,268.43887990,0.01998435,0.01998435,36413,111,0
5488.39502420,5488.39586973,1000.89532611,1000.86332170,0.05465998,268.61012582,0.01998435,0.01998435,36412,111,0
5488.54307902,5488.54661685,0.00000000,1006.45910212,0.04709924,268.77775678,0.01998433,0.01998435,36411,111,1
5488.69536599,5488.69737224,0.00000000,1012.22841413,0.03762754,268.95003441,0.01998434,0.01998435,36410,111,1
5488.84894549,5488.84813589,1018.02898458,1018.05968257,0.09336483,269.12359246,0.01998435,0.01998435,36409,111,0
5488.99877101,5488.99890781,1023.74770008,1023.74250957,0.06358701,269.29218100,0.01998435,0.01998435,36408,111,0
5489.15054844,5489.14968799,1029.47039347,1029.50306161,0.13481801,269.46251943,0.01998435,0.01998435,36407,111,0
5489.29828566,5489.30047644,0.00000000,1035.10602444,0.03480887,269.62766068,0.01998434,0.01998435,36406,111,1
5489.45025809,5489.45127316,1040.92815874,1040.88956862,0.06895747,269.79756822,0.01998434,0.01998435,36405,111,0
5489.60143859,5489.60207815,1046.66319689,1046.63886694,0.10818134,269.96590936,0.01998435,0.01998435,36404,111,0
5489.75204612,5489.75289140,1052.40223614,1052.37005964,0.05651049,270.13316392,0.01998435,0.01998435,36403,111,0
5489.90240096,5489.90371292,1058.14519766,1058.09522558,0.05167013,270.29968752,0.01998434,0.01998435,36402,111,0
5490.05295742,5490.05454271,1063.89200225,1063.83158259,0.04089426,270.46597984,0.01998434,0.01998435,36401,111,0
5490.20551945,5490.20538078,1069.64257223,1069.64786075,0.09554139,270.63401956,0.01998435,0.01998435,36400,111,0
5490.35998441,5490.35622711,0.00000000,1075.53398858,0.03431796,270.80349317,0.01998436,0.01998435,36399,111,1
5490.50481183,5490.50708172,0.00000000,1081.06297636,0.12431098,270.96214837,0.01998434,0.01998435,36398,111,1
5490.66311521,5490.65794460,0.00000000,1087.11034299,0.09129938,271.13508402,0.01998437,0.01998435,36397,111,1
5490.81045658,5490.80881575,1092.68258920,1092.74531519,0.09369607,271.29566704,0.01998435,0.01998435,36396,111,0
5490.95897131,5490.95969518,1098.45220474,1098.42451574,0.08569806,271.45696402,0.01998435,0.01998435,36395,111,0
5491.11190395,5491.11058288,1104.22573931,1104.27630459,0.12595820,271.62258852,0.01998435,0.01998435,36394,111,0
5491.26247785,5491.26147886,1110.00327880,1110.04154090,0.07093536,271.78519296,0.01998435,0.01998435,36393,111,0
5491.41475938,5491.41238311,0.00000000,1115.88006723,0.06182542,271.94928716,0.01998436,0.01998435,36392,111,1
5491.56488765,5491.56329564,1121.57091657,1121.63197550,0.11776578,272.11037843,0.01998435,0.01998435,36391,111,0
5491.71822811,5491.71421645,0.00000000,1127.52195069,0.03460809,272.27475134,0.01998436,0.01998435,36390,111,1
5491.86561693,5491.86514554,1133.15622316,1133.17432910,0.09439815,272.43193647,0.01998435,0.01998435,36389,111,0
5492.01515213,5492.01608291,1138.95584132,1138.92006358,0.06827374,272.59115811,0.01998434,0.01998435,36388,111,0
5492.16595588,5492.16702856,1144.76009635,1144.71883437,0.03416977,272.75127704,0.01998434,0.01998435,36387,111,0
5492.31888169,5492.31798249,1150.56877646,1150.60338973,0.03973847,272.91317645,0.01998435,0.01998435,36386,111,0
5492.46820292,5492.46894470,1156.38166324,1156.35309162,0.12259242,273.07079294,0.01998435,0.01998435,36385,111,0
5492.61992222,5492.61991519,1162.19853736,1162.19880855,0.07482542,273.23046073,0.01998435,0.01998435,36384,111,0
5492.77194108,5492.77089396,1168.01917851,1168.05955911,0.08200802,273.38995092,0.01998435,0.01998435,36383,111,0
5492.92544740,5492.92188102,0.00000000,1173.98610263,0.07131205,273.55063221,0.01998436,0.01998435,36382,111,1
5493.07307792,5493.07287637,1179.67120356,1179.67898487,0.06074299,273.70441056,0.01998435,0.01998435,36381,111,0
5493.22050646,5493.22388000,0.00000000,1185.37974863,0.07303581,273.85784382,0.01998434,0.01998435,36380,111,1
5493.37448052,5493.37489191,1191.33862432,1191.32272121,0.11746303,274.01720115,0.01998435,0.01998435,36379,111,0
5493.52479089,5493.52591211,1197.17870387,1197.13532981,0.07962405,274.17247507,0.01998434,0.01998435,36378,111,0
5493.67353186,5493.67694060,0.00000000,1202.90196996,0.11047930,274.32594625,0.01998434,0.01998435,36377,111,1
5493.82506404,5493.82797738,0.00000000,1208.77076727,0.07179918,274.48154803,0.01998434,0.01998435,36376,111,1
5493.97835273,5493.97902245,1214.72696911,1214.70100268,0.05395139,274.63817567,0.01998435,0.01998435,36375,111,0
5494.13087552,5494.13007580,1220.58576603,1220.61679541,0.12770436,274.79381744,0.01998435,0.01998435,36374,111,0
5494.28146768,5494.28113745,1226.44901478,1226.46183663,0.04688888,274.94700450,0.01998435,0.01998435,36373,111,0
5494.43175576,5494.43220739,1232.31655932,1232.29901249,0.04679386,275.09939652,0.01998435,0.01998435,36372,111,0
5494.58162362,5494.58328561,1238.18824291,1238.12362894,0.12743185,275.25087368,0.01998434,0.01998435,36371,111,0
5494.73317612,5494.73437214,1244.06393434,1244.01740724,0.05283573,275.40355226,0.01998434,0.01998435,36370,111,0
5494.88578864,5494.88546695,1249.94366269,1249.95618508,0.10216057,275.55678853,0.01998435,0.01998435,36369,111,0
5495.03680103,5495.03657006,1255.82751827,1255.83651513,0.10034139,275.70791492,0.01998435,0.01998435,36368,111,0
5495.18852025,5495.18768146,1261.71559186,1261.74828626,0.06098261,275.85924539,0.01998435,0.01998435,36367,111,0
5495.34012257,5495.33880116,1267.60797467,1267.65951613,0.10162425,276.00995610,0.01998435,0.01998435,36366,111,0
5495.48925792,5495.48992916,1273.50475828,1273.47855835,0.06938885,276.15772427,0.01998435,0.01998435,36365,111,0
5495.63773040,5495.64106545,0.00000000,1279.28149287,0.06766060,276.30449799,0.01998434,0.01998435,36364,111,1
5495.79138571,5495.79221004,1285.31173299,1285.27951247,0.06779892,276.45559117,0.01998435,0.01998435,36363,111,0
5495.93989533,5495.94336293,0.00000000,1291.09101693,0.04826897,276.60138945,0.01998434,0.01998435,36362,111,1
5496.09321788,5496.09452411,1297.13645123,1297.08532425,0.07254929,276.75115838,0.01998434,0.01998435,36361,111,0
5496.24404759,5496.24569360,1303.05539467,1302.99092444,0.07480463,276.89809938,0.01998434,0.01998435,36360,111,0
5496.39449414,5496.39687139,0.00000000,1308.88844594,0.04438311,277.04423321,0.01998434,0.01998435,36359,111,1
5496.54927711,5496.54805748,1314.90630752,1314.95414239,0.10049650,277.19390194,0.01998435,0.01998435,36358,111,0
5496.69806773,5496.69925187,1320.83820982,1320.79173666,0.11914216,277.33733648,0.01998435,0.01998435,36357,111,0
5496.85147700,5496.85045456,1326.77435980,1326.81451345,0.06291339,277.48469790,0.01998435,0.01998435,36356,111,0
5496.99958196,5497.00166556,0.00000000,1332.63437606,0.04749256,277.62649287,0.01998434,0.01998435,36355,111,1
5497.15233158,5497.15288486,1338.65925233,1338.63749538,0.07508234,277.77213272,0.01998435,0.01998435,36354,111,0
5497.30536311,5497.30411247,1344.60792105,1344.65713215,0.11138976,277.91754071,0.01998435,0.01998435,36353,111,0
5497.45575318,5497.45534838,1350.56076287,1350.57670161,0.09392143,278.05991339,0.01998435,0.01998435,36352,111,0
5497.60348534,5497.60659260,0.00000000,1356.39913264,0.07514441,278.19935146,0.01998434,0.01998435,36351,111,1
5497.75994490,5497.75784512,0.00000000,1362.56682927,0.01357265,278.34641053,0.01998436,0.01998435,36350,111,1
5497.90588845,5497.90910596,0.00000000,1368.32397209,0.11989506,278.48307903,0.01998434,0.01998435,36349,111,1
5498.05758124,5498.06037510,0.00000000,1374.31200196,0.05522373,278.62461193,0.01998434,0.01998435,36348,111,1
5498.20998680,5498.21165255,1380.39233426,1380.32650895,0.05888272,278.76613734,0.01998434,0.01998435,36347,111,0
5498.36123355,5498.36293831,1386.37293515,1386.30551818,0.09145401,278.90619799,0.01998434,0.01998435,36346,111,0
5498.51435093,5498.51423238,1392.35826977,1392.36296119,0.09039341,279.04745558,0.01998435,0.01998435,36345,111,0
5498.66575770,5498.66553477,1398.34822420,1398.35705306,0.07105160,279.18660095,0.01998435,0.01998435,36344,111,0
5498.81779109,5498.81684546,1404.34268399,1404.38015963,0.03981354,279.32578333,0.01998435,0.01998435,36343,111,0
5498.96868608,5498.96816447,1410.34153417,1410.36221953,0.05932847,279.46338527,0.01998435,0.01998435,36342,111,0
5499.11862030,5499.11949180,1416.34467429,1416.31009077,0.06922805,279.59957603,0.01998435,0.01998435,36341,111,0
5499.27123356,5499.27082743,1422.35208900,1422.36821604,0.10025248,279.73765054,0.01998435,0.01998435,36340,111,0
5499.42054109,5499.42217138,1428.36379313,1428.29901309,0.08856668,279.87219623,0.01998434,0.01998435,36339,111,0
5499.57223256,5499.57352365,1434.37980158,1434.32846606,0.04095593,280.00834396,0.01998435,0.01998435,36338,111,0
5499.72462505,5499.72488424,1440.40012932,1440.38981659,0.07605307,280.14456514,0.01998435,0.01998435,36337,111,0
5499.87765748,5499.87625314,1446.42479153,1446.48070463,0.04264974,280.28079651,0.01998436,0.01998435,36336,111,0
5500.02773799,5500.02763036,1452.45385887,1452.45814718,0.13567707,280.41385308,0.01998435,0.01998435,36335,111,0
5500.17877140,5500.17901590,1458.48753943,1458.47779104,0.03055883,280.54721055,0.01998435,0.01998435,36334,111,0
5500.32950129,5500.33040976,1464.52606314,1464.48981382,0.08011867,280.67975928,0.01998435,0.01998435,36333,111,0
5500.48040718,5500.48181194,1470.56966096,1470.51356394,0.05268989,280.81192482,0.01998434,0.01998435,36332,111,0
5500.63403733,5500.63322244,1476.61856491,1476.65113399,0.06040852,280.94592658,0.01998435,0.01998435,36331,111,0
5500.78321672,5500.78464126,1482.67299794,1482.61601378,0.10815884,281.07551825,0.01998434,0.01998435,36330,111,0
5500.93574891,5500.93606841,1488.73291138,1488.72012043,0.04198735,281.20748149,0.01998435,0.01998435,36329,111,0
5501.08802781,5501.08750387,1494.79795979,1494.81895156,0.10481113,281.33867039,0.01998435,0.01998435,36328,111,0
5501.23828240,5501.23894767,1500.86778120,1500.84110854,0.02471632,281.46756199,0.01998435,0.01998435,36327,111,0
5501.39041003,5501.39039978,1506.94201191,1506.94242295,0.02729107,281.59749077,0.01998435,0.01998435,36326,111,0
5501.54478897,5501.54186022,0.00000000,1513.14063410,0.03759350,281.72880545,0.01998436,0.01998435,36325,111,1
5501.69134534,5501.69332899,0.00000000,1519.02529243,0.08186879,281.85284494,0.01998434,0.01998435,36324,111,1
5501.84356219,5501.84480609,1525.18817233,1525.13818100,0.07577387,281.98104262,0.01998435,0.01998435,36323,111,0
5501.99585192,5501.99629151,1531.27824095,1531.26056253,0.02976437,282.10877250,0.01998435,0.01998435,36322,111,0
5502.14632647,5502.14778526,1537.37283344,1537.31412510,0.08089182,282.23441007,0.01998435,0.01998435,36321,111,0
5502.29863004,5502.29928734,1543.47228201,1543.44580905,0.04422654,282.36100307,0.01998435,0.01998435,36320,111,0
5502.44992898,5502.45079775,1549.57692010,1549.54190134,0.03871353,282.48619651,0.01998435,0.01998435,36319,111,0
5502.60358042,5502.60231649,1555.68695313,1555.73794227,0.08664906,282.61276299,0.01998436,0.01998435,36318,111,0
5502.75518078,5502.75384356,1561.80225586,1561.85624429,0.06826479,282.73706886,0.01998436,0.01998435,36317,111,0
5502.90550471,5502.90537897,1567.92265020,1567.92773083,0.04516918,282.85976246,0.01998435,0.01998435,36316,111,0
5503.05607029,5503.05692270,1574.04795721,1574.01349058,0.08795524,282.98208324,0.01998435,0.01998435,36315,111,0
5503.20789787,5503.20847478,1580.17799708,1580.15465405,0.08160392,283.10484613,0.01998435,0.01998435,36314,111,0
5503.35745057,5503.36003518,0.00000000,1586.21616127,0.03920595,283.22535486,0.01998434,0.01998435,36313,111,1
5503.51079898,5503.51160392,1592.45173858,1592.41912380,0.06713060,283.34799479,0.01998435,0.01998435,36312,111,0
5503.66103863,5503.66318100,0.00000000,1598.51773261,0.10535447,283.46789953,0.01998434,0.01998435,36311,111,1
5503.81263365,5503.81476641,0.00000000,1604.66727199,0.07742371,283.58813058,0.01998434,0.01998435,36310,111,1
5503.96696544,5503.96636016,1610.89768967,1610.92226874,0.06123487,283.70972768,0.01998435,0.01998435,36309,111,0
5504.11822817,5504.11796224,1617.05628769,1617.06709494,0.03410038,283.82849945,0.01998435,0.01998435,36308,111,0
5504.26983406,5504.26957267,1623.22005185,1623.23068286,0.07598986,283.94695283,0.01998435,0.01998435,36307,111,0
5504.42179881,5504.42119143,1629.38894725,1629.41366917,0.08495623,284.06509336,0.01998435,0.01998435,36306,111,0
5504.56980683,5504.57281854,0.00000000,1635.45085093,0.00932393,284.17978496,0.01998434,0.01998435,36305,111,1
5504.72560050,5504.72445399,1641.74182175,1641.78855802,0.06957759,284.29948062,0.01998436,0.01998435,36304,111,0
5504.87775631,5504.87609777,0.00000000,1648.00364152,0.03888918,284.41615852,0.01998436,0.01998435,36303,111,1
5505.02534267,5505.02774990,0.00000000,1654.02639964,0.06351981,284.52856240,0.01998434,0.01998435,36302,111,1
5505.17986795,5505.17941038,1660.30775144,1660.32644458,0.04659730,284.64544218,0.01998435,0.01998435,36301,111,0
5505.33124118,5505.33107919,1666.50613840,1666.51276104,0.07501472,284.75951602,0.01998435,0.01998435,36300,111,0
5505.48158871,5505.48275635,1672.70956395,1672.66179056,0.06669809,284.87221848,0.01998435,0.01998435,36299,111,0
5505.63502123,5505.63444186,1678.91814291,1678.94186635,0.03898316,284.98661875,0.01998435,0.01998435,36298,111,0
5505.78472514,5505.78613571,1685.13199067,1685.07418618,0.04918384,285.09764050,0.01998435,0.01998435,36297,111,0
5505.93678400,5505.93783791,1691.35120176,1691.30797822,0.04157442,285.20980327,0.01998435,0.01998435,36296,111,0
5506.08670033,5506.08954846,0.00000000,1697.46890445,0.05933027,285.31996510,0.01998434,0.01998435,36295,111,1
5506.24113577,5506.24126736,1703.80543363,1703.80002861,0.05600853,285.43245532,0.01998435,0.01998435,36294,111,0
5506.39261721,5506.39299460,1710.04021771,1710.02470407,0.04830151,285.54234736,0.01998435,0.01998435,36293,111,0
5506.54441026,5506.54473019,1716.27995497,1716.26679378,0.07226834,285.65184271,0.01998435,0.01998435,36292,111,0
5506.69510372,5506.69647414,1722.52452649,1722.46811109,0.04834306,285.75992427,0.01998435,0.01998435,36291,111,0
5506.84677884,5506.84822643,1728.77389551,1728.71426012,0.04201340,285.86808297,0.01998435,0.01998435,36290,111,0
5506.99957374,5506.99998708,1735.02816642,1735.01112582,0.03188258,285.97640413,0.01998435,0.01998435,36289,111,0
5507.15123380,5507.15175608,1741.28745797,1741.26590956,0.06235478,286.08328955,0.01998435,0.01998435,36288,111,0
5507.30407688,5507.30353344,1747.55188950,1747.57432842,0.08536918,286.19037257,0.01998435,0.01998435,36287,111,0
5507.45374894,5507.45531914,1753.82158089,1753.75669601,0.04361880,286.29461504,0.01998435,0.01998435,36286,111,0
5507.60762467,5507.60711321,1760.09663971,1760.11779180,0.06853120,286.40114653,0.01998435,0.01998435,36285,111,0
5507.75872250,5507.75891562,1766.37707867,1766.36908530,0.06890741,286.50512281,0.01998435,0.01998435,36284,111,0
5507.91156149,5507.91072640,1772.66286786,1772.69745908,0.04877824,286.60965751,0.01998436,0.01998435,36283,111,0
5508.06238562,5508.06254553,1778.95397703,1778.94734809,0.08241666,286.71218083,0.01998435,0.01998435,36282,111,0
5508.21495207,5508.21437302,1785.25037573,1785.27439885,0.04102758,286.81524587,0.01998435,0.01998435,36281,111,0
5508.36808552,5508.36620887,0.00000000,1791.63694449,0.10516091,286.91815411,0.01998436,0.01998435,36280,111,1
5508.51599061,5508.51805307,0.00000000,1797.77982745,0.00801568,287.01680985,0.01998435,0.01998435,36279,111,1
5508.66883269,5508.66990564,1804.17101494,1804.12639817,0.04446726,287.11801454,0.01998435,0.01998435,36278,111,0
5508.82134543,5508.82176657,1810.48828853,1810.47076305,0.07493177,287.21845001,0.01998435,0.01998435,36277,111,0
5508.97344483,5508.97363586,1816.81071712,1816.80276143,0.07630657,287.31795756,0.01998435,0.01998435,36276,111,0
5509.12489459,5509.12551351,1823.13827539,1823.11248029,0.02364723,287.41638707,0.01998435,0.01998435,36275,111,0
5509.27672708,5509.27739952,1829.47094943,1829.44290225,0.07004025,287.51440896,0.01998435,0.01998435,36274,111,0
5509.42943457,5509.42929390,1835.80879110,1835.81466280,0.09814764,287.61233163,0.01998435,0.01998435,36273,111,0
5509.58055662,5509.58119665,1842.15187591,1842.12513951,0.03456417,287.70858107,0.01998435,0.01998435,36272,111,0
5509.73217741,5509.73310775,1848.50027971,1848.46138504,0.07131409,287.80449085,0.01998435,0.01998435,36271,111,0
5509.88468830,5509.88502723,1854.85407876,1854.83989782,0.08134118,287.90029851,0.01998435,0.01998435,36270,111,0
5510.03680199,5510.03695507,1861.21334976,1861.20693991,0.11459377,287.99519117,0.01998435,0.01998435,36269,111,0
5510.18879255,5510.18889128,1867.57817236,1867.57403499,0.06658250,288.08934220,0.01998435,0.01998435,36268,111,0
5510.34117929,5510.34083585,1873.94862935,1873.96303432,0.08424662,288.18307053,0.01998435,0.01998435,36267,111,0
5510.49313271,5510.49278880,1880.32480412,1880.33924123,0.07213710,288.27586520,0.01998435,0.01998435,36266,111,0
5510.64625214,5510.64475011,1886.70678046,1886.76988941,0.07356782,288.36869700,0.01998436,0.01998435,36265,111,0
5510.79689127,5510.79671980,1893.09464256,1893.10185331,0.04381263,288.45936284,0.01998435,0.01998435,36264,111,0
5510.94720403,5510.94869785,1899.48841346,1899.42554121,0.10035599,288.54917565,0.01998435,0.01998435,36263,111,0
5511.09830738,5511.10068428,0.00000000,1905.79333258,0.06281017,288.63887275,0.01998434,0.01998435,36262,111,1
5511.25510257,5511.25267908,0.00000000,1912.39901797,0.05797662,288.73113356,0.01998436,0.01998435,36261,111,1
5511.40517448,5511.40468225,1918.70320217,1918.72396833,0.08109037,288.81872169,0.01998436,0.01998435,36260,111,0
5511.55632859,5511.55669380,1925.11854210,1925.10312362,0.06735628,288.90631527,0.01998435,0.01998435,36259,111,0
5511.70848828,5511.70871372,1931.53873928,1931.52921492,0.06663150,288.99379633,0.01998435,0.01998435,36258,111,0
5511.86074809,5511.86074202,1937.96390487,1937.96416151,0.02788453,289.08063627,0.01998435,0.01998435,36257,111,0
5512.01222353,5512.01277869,1944.39433759,1944.37084764,0.06471292,289.16633728,0.01998435,0.01998435,36256,111,0
5512.16626448,5512.16482375,1950.83034024,1950.89135183,0.05832252,289.25278432,0.01998436,0.01998435,36255,111,0
5512.31698396,5512.31687717,1957.27221721,1957.27674346,0.06963582,289.33668059,0.01998435,0.01998435,36254,111,0
5512.46872535,5512.46893898,1963.72027041,1963.71120732,0.07271856,289.42046104,0.01998435,0.01998435,36253,111,0
5512.61977912,5512.62100917,1970.17457887,1970.12234897,0.04874908,289.50317816,0.01998435,0.01998435,36252,111,0
5512.77347534,5512.77308774,1976.63488431,1976.65135660,0.07430485,289.58663631,0.01998436,0.01998435,36251,111,0
5512.92650718,5512.92517468,1983.10089920,1983.15757353,0.08631935,289.66902012,0.01998436,0.01998435,36250,111,0
5513.07654483,5513.07727001,1989.57233447,1989.54146769,0.09334113,289.74909497,0.01998435,0.01998435,36249,111,0
5513.22833697,5513.22937372,1996.04889952,1996.00473932,0.04942430,289.82939817,0.01998435,0.01998435,36248,111,0
5513.38003767,5513.38148582,2002.53038215,2002.46865521,0.06646765,289.90893687,0.01998435,0.01998435,36247,111,0
5513.53348267,5513.53360629,2009.01686844,2009.01159508,0.00559633,289.98866087,0.01998435,0.01998435,36246,111,0
5513.68542808,5513.68573516,2015.50851493,2015.49540659,0.06794093,290.06688289,0.01998435,0.01998435,36245,111,0
5513.83830070,5513.83787240,2022.00547900,2022.02377653,0.02441648,290.14485611,0.01998436,0.01998435,36244,111,0
5513.98976502,5513.99001804,2028.50791884,2028.49710118,0.06658820,290.22139245,0.01998435,0.01998435,36243,111,0
5514.14006355,5514.14217205,0.00000000,2034.93658681,0.07294183,290.29675831,0.01998435,0.01998435,36242,111,1
5514.29459877,5514.29433446,2041.52987655,2041.54119618,0.03916887,290.37325822,0.01998435,0.01998435,36241,111,0
5514.44618718,5514.44650526,2048.04974183,2048.03610771,0.02276579,290.44769859,0.01998435,0.01998435,36240,111,0
5514.59801675,5514.59868444,2054.57576816,2054.54712194,0.06744945,290.52153795,0.01998435,0.01998435,36239,111,0
5514.75032436,5514.75087201,2061.10813429,2061.08461623,0.05452955,290.59488594,0.01998435,0.01998435,36238,111,0
5514.90234075,5514.90306798,2067.64701507,2067.61575599,0.06667514,290.66737017,0.01998435,0.01998435,36237,111,0
5515.05577977,5515.05527233,2074.19244481,2074.21427699,0.04748827,290.73979750,0.01998435,0.01998435,36236,111,0
5515.20553480,5515.20748508,0.00000000,2080.68104447,0.05530183,290.80999355,0.01998435,0.01998435,36235,111,1
5515.35699978,5515.35970622,0.00000000,2087.20589550,0.02401280,290.88003208,0.01998434,0.01998435,36234,111,1
5515.50895834,5515.51193575,0.00000000,2093.75753727,0.09304158,290.94956143,0.01998434,0.01998435,36233,111,1
5515.66381939,5515.66417368,2100.43703506,2100.42173814,0.04495968,291.01946590,0.01998435,0.01998435,36232,111,0
5515.81388011,5515.81642000,0.00000000,2106.92089639,0.04397250,291.08684287,0.01998435,0.01998435,36231,111,1
5515.96779917,5515.96867471,2113.59535476,2113.55748856,0.06500996,291.15483289,0.01998435,0.01998435,36230,111,0
5516.12050073,5516.12093783,2120.18332398,2120.16440409,0.02459947,291.22170380,0.01998435,0.01998435,36229,111,0
5516.27134894,5516.27320934,0.00000000,2126.71184235,0.05103867,291.28717010,0.01998435,0.01998435,36228,111,1
5516.42652600,5516.42548924,2133.37679461,2133.42174512,0.09322437,291.35343153,0.01998436,0.01998435,36227,111,0
5516.57736358,5516.57777755,2139.98228533,2139.96432174,0.10354071,291.41723193,0.01998435,0.01998435,36226,111,0
5516.72935043,5516.73007425,2146.59372497,2146.56228916,0.08343775,291.48076353,0.01998435,0.01998435,36225,111,0
5516.88102485,5516.88237936,2153.21125111,2153.15237337,0.07662580,291.54340801,0.01998435,0.01998435,36224,111,0
5517.03504164,5517.03469287,2159.83500209,2159.85017610,0.05528791,291.60624539,0.01998436,0.01998435,36223,111,0
5517.18772723,5517.18701477,2166.46511700,2166.49614242,0.05831373,291.66776805,0.01998436,0.01998435,36222,111,0
5517.33835070,5517.33934508,2173.10171839,2173.05837611,0.03946862,291.72770559,0.01998435,0.01998435,36221,111,0
5517.49119176,5517.49168379,2179.74479419,2179.72332802,0.08873887,291.78775717,0.01998435,0.01998435,36220,111,0
5517.64378976,5517.64403091,2186.39426856,2186.38373838,0.07483270,291.84693780,0.01998435,0.01998435,36219,111,0
5517.79742295,5517.79638643,2193.05006481,2193.09536645,0.07666491,291.90573383,0.01998436,0.01998435,36218,111,0
5517.94813104,5517.94875036,2199.71210585,2199.68501456,0.05954881,291.96264091,0.01998435,0.01998435,36217,111,0
5518.10130514,5518.10112269,2206.38031363,2206.38830177,0.04317307,292.01969504,0.01998436,0.01998436,36216,111,0
5518.25417871,5518.25350343,2213.05460274,2213.08419267,0.02873052,292.07584585,0.01998436,0.01998436,36215,111,0
5518.40548250,5518.40589257,2219.73488208,2219.71689847,0.10062233,292.13063842,0.01998435,0.01998436,36214,111,0
5518.55756220,5518.55829012,2226.42105990,2226.38911034,0.06092117,292.18492521,0.01998435,0.01998436,36213,111,0
5518.71009823,5518.71069609,2233.11304391,2233.08678232,0.02833441,292.23857943,0.01998435,0.01998436,36212,111,0
5518.86171120,5518.86311046,2239.81074617,2239.74923278,0.09164263,292.29111651,0.01998435,0.01998436,36211,111,0
5519.01478886,5519.01553324,2246.51421508,2246.48146408,0.04598303,292.34335761,0.01998435,0.01998436,36210,111,0
5519.16703737,5519.16796443,2253.22365120,2253.18282804,0.06846592,292.39451406,0.01998435,0.01998436,36209,111,0
5519.31910230,5519.32040404,2259.93926416,2259.88189159,0.04005293,292.44480989,0.01998435,0.01998436,36208,111,0
5519.47301116,5519.47285206,2266.66126474,2266.66828350,0.04511367,292.49490161,0.01998436,0.01998436,36207,111,0
5519.62458643,5519.62530849,2273.38986332,2273.35798069,0.03650532,292.54343235,0.01998435,0.01998436,36206,111,0
5519.77925367,5519.77777333,2280.12517877,2280.19060520,0.04591844,292.59213132,0.01998436,0.01998436,36205,111,0
5519.93036270,5519.93024659,2286.86718790,2286.87232418,0.07886044,292.63890548,0.01998436,0.01998436,36204,111,0
5520.08338509,5520.08272827,2293.61585520,2293.64493876,0.05939298,292.68545864,0.01998436,0.01998436,36203,111,0
5520.23518417,5520.23521836,2300.37114497,2300.36962936,0.06390730,292.73082812,0.01998436,0.01998436,36202,111,0
5520.38714283,5520.38771687,2307.13302107,2307.10755603,0.03648749,292.77543288,0.01998435,0.01998436,36201,111,0
5520.53993077,5520.54022380,2313.90142218,2313.88841162,0.06947921,292.81945845,0.01998435,0.01998436,36200,111,0
5520.69295239,5520.69273914,2320.67623631,2320.68571300,0.07249050,292.86272123,0.01998436,0.01998436,36199,111,0
5520.84530865,5520.84526291,2327.45734475,2327.45937946,0.06373227,292.90496719,0.01998436,0.01998436,36198,111,0
5520.99889754,5520.99779509,2334.24462812,2334.29370512,0.06494256,292.94671463,0.01998436,0.01998436,36197,111,0
5521.15225006,5521.15033570,0.00000000,2341.12881102,0.08490795,292.98758563,0.01998436,0.01998436,36196,111,1
5521.30146592,5521.30288472,2347.83735061,2347.77408525,0.03508010,293.02647635,0.01998435,0.01998436,36195,111,0
5521.45321555,5521.45544217,0.00000000,2354.55207504,0.05338766,293.06528508,0.01998435,0.01998436,36194,111,1
5521.60861699,5521.60800804,2361.45536208,2361.48256560,0.05864031,293.10407002,0.01998436,0.01998436,36193,111,0
5521.75932546,5521.76058234,2368.27460996,2368.21840657,0.04535929,293.14089625,0.01998435,0.01998436,36192,111,0
5521.91332552,5521.91316506,2375.10110242,2375.10828508,0.09416859,293.17767770,0.01998436,0.01998436,36191,111,0
5522.06713298,5522.06575621,2381.93502838,2381.99672003,0.02498579,293.21355448,0.01998436,0.01998436,36190,111,0
5522.21807023,5522.21835578,2388.77621805,2388.76341036,0.05367987,293.24792364,0.01998435,0.01998436,36189,111,0
5522.37024126,5522.37096377,2395.62443659,2395.59199877,0.08350673,293.28172923,0.01998435,0.01998436,36188,111,0
5522.52183269,5522.52358020,0.00000000,2402.41001261,0.06060377,293.31460229,0.01998435,0.01998436,36187,111,1
5522.67577475,5522.67620505,2409.34101399,2409.32166020,0.06574766,293.34702880,0.01998435,0.01998436,36186,111,0
5522.82953928,5522.82883834,2416.20896451,2416.24051838,0.09716897,293.37858331,0.01998436,0.01998436,36185,111,0
5522.98105789,5522.98148005,2423.08333796,2423.06431717,0.05145476,293.40881628,0.01998435,0.01998436,36184,111,0
5523.13466593,5523.13413019,2429.96421353,2429.98837337,0.08606736,293.43859176,0.01998436,0.01998436,36183,111,0
5523.28714180,5523.28678876,2436.85167087,2436.86760600,0.04798045,293.46727474,0.01998436,0.01998436,36182,111,0
5523.43923832,5523.43945577,2443.74579012,2443.73596582,0.05247221,293.49501741,0.01998436,0.01998436,36181,111,0
5523.58994131,5523.59213121,0.00000000,2450.55696997,0.06070011,293.52168347,0.01998435,0.01998436,36180,111,1
5523.74386244,5523.74481508,2457.55456564,2457.51144420,0.05970060,293.54796272,0.01998435,0.01998436,36179,111,0
5523.89798367,5523.89750739,2464.46966792,2464.49124861,0.04312403,293.57341496,0.01998436,0.01998436,36178,111,0
5524.05094078,5524.05020813,2471.39222550,2471.42545732,0.04892991,293.59778530,0.01998436,0.01998436,36177,111,0
5524.20268253,5524.20291730,2478.32247416,2478.31181395,0.07861547,293.62108397,0.01998436,0.01998436,36176,111,0
5524.35442646,5524.35563492,2485.26050669,2485.20557749,0.07677099,293.64350560,0.01998435,0.01998436,36175,111,0
5524.50944104,5524.50836097,2492.20600240,2492.25514506,0.04520968,293.66550029,0.01998436,0.01998436,36174,111,0
5524.66075403,5524.66109546,2499.15856489,2499.14301605,0.07287994,293.68607833,0.01998436,0.01998436,36173,111,0
5524.81329430,5524.81383838,2506.11779533,2506.09299541,0.05636210,293.70592782,0.01998435,0.01998436,36172,111,0
5524.96587607,5524.96658975,2513.08329295,2513.05073605,0.08105472,293.72487949,0.01998435,0.01998436,36171,111,0
5525.12033209,5525.11934955,2520.05484198,2520.09970127,0.08636397,293.74314066,0.01998436,0.01998436,36170,111,0
5525.27028671,5525.27211780,0.00000000,2526.94814726,0.04077135,293.75997696,0.01998435,0.01998436,36169,111,1
5525.42549149,5525.42489449,2534.01716350,2534.04446926,0.06494312,293.77648098,0.01998436,0.01998436,36168,111,0
5525.57654519,5525.57767962,2541.00858173,2540.95664555,0.00996083,293.79163505,0.01998435,0.01998436,36167,111,0
5525.72984536,5525.73047319,2548.00727108,2547.97849886,0.06654885,293.80609799,0.01998435,0.01998436,36166,111,0
5525.88388068,5525.88327521,2555.01342397,2555.04119930,0.07157688,293.81969766,0.01998436,0.01998436,36165,111,0
5526.03606854,5526.03608567,2562.02696243,2562.02617573,0.03761849,293.83221288,0.01998436,0.01998436,36164,111,0
5526.18912350,5526.18890458,2569.04777525,2569.05783745,0.06299627,293.84387252,0.01998436,0.01998436,36163,111,0
5526.34197079,5526.34173194,2576.07575051,2576.08673973,0.08257100,293.85458553,0.01998436,0.01998436,36162,111,0
5526.49379394,5526.49456774,2583.11077685,2583.07514243,0.05769940,293.86430280,0.01998435,0.01998436,36161,111,0
5526.64786044,5526.64741199,2590.15281899,2590.17349081,0.04982977,293.87321929,0.01998436,0.01998436,36160,111,0
5526.80127624,5526.80026468,2597.20196001,2597.24863288,0.06166727,293.88114997,0.01998436,0.01998436,36159,111,0
5526.95519123,5526.95312583,0.00000000,2604.36354871,0.03803401,293.88816180,0.01998436,0.01998436,36158,111,1
5527.10682846,5527.10599542,2611.32191434,2611.36042557,0.05009764,293.89411483,0.01998436,0.01998436,36157,111,0
5527.25793403,5527.25887347,2618.39291704,2618.34944407,0.03585780,293.89912791,0.01998435,0.01998436,36156,111,0
5527.41114136,5527.41175997,2625.47140249,2625.44274702,0.03833079,293.90326182,0.01998435,0.01998436,36155,111,0
5527.56377477,5527.56465492,2632.55747773,2632.51666574,0.04500293,293.90642709,0.01998435,0.01998436,36154,111,0
5527.71564131,5527.71755832,0.00000000,2639.57884922,0.04811015,293.90863319,0.01998435,0.01998436,36153,111,1
5527.87078152,5527.87047018,2646.75282998,2646.76729710,0.02396109,293.90989965,0.01998436,0.01998436,36152,111,0
5528.02248626,5528.02339049,2653.86231743,2653.82025662,0.05251316,293.91018199,0.01998435,0.01998436,36151,111,0
5528.17603150,5528.17631925,2660.97970691,2660.96630800,0.03997618,293.90949777,0.01998436,0.01998436,36150,111,0
5528.32648654,5528.32925647,0.00000000,2667.99274650,0.07513255,293.90787250,0.01998435,0.01998436,36149,111,1
5528.48148064,5528.48220215,2675.23783543,2675.20416929,0.07583870,293.90522211,0.01998435,0.01998436,36148,111,0
5528.63495696,5528.63515628,2682.37839168,2682.36908150,0.05224252,293.90160308,0.01998436,0.01998436,36147,111,0
5528.78853869,5528.78811888,2689.52650278,2689.54613096,0.07552123,293.89699264,0.01998436,0.01998436,36146,111,0
5528.94206005,5528.94108993,2696.68222234,2696.72762637,0.07638291,293.89139206,0.01998436,0.01998436,36145,111,0
5529.09227337,5529.09406944,0.00000000,2703.77548116,0.07741792,293.88493528,0.01998435,0.01998436,36144,111,1
5529.24739365,5529.24705741,2711.01695058,2711.03272011,0.06269982,293.87729222,0.01998436,0.01998436,36143,111,0
5529.40031529,5529.40005385,2718.19619350,2718.20846801,0.07325274,293.86874267,0.01998436,0.01998436,36142,111,0
5529.55333144,5529.55305874,2725.38346379,2725.39628047,0.05707664,293.85918930,0.01998436,0.01998436,36141,111,0
5529.70667641,5529.70607210,2732.57861975,2732.60705118,0.06055546,293.84861017,0.01998436,0.01998436,36140,111,0
5529.85823723,5529.85909392,2739.78146215,2739.74111754,0.09988594,293.83716236,0.01998435,0.01998436,36139,111,0
5530.00995831,5530.01212420,0.00000000,2746.89651753,0.08525112,293.82469974,0.01998435,0.01998436,36138,111,1
5530.16318119,5530.16516295,0.00000000,2754.12217672,0.06638295,293.81111798,0.01998435,0.01998436,36137,111,1
5530.31768363,5530.31821017,2761.43423616,2761.40936830,0.03250576,293.79640585,0.01998436,0.01998436,36136,111,0
5530.47049982,5530.47126585,2768.66653249,2768.63031759,0.04716879,293.78082207,0.01998435,0.01998436,36135,111,0
5530.62376966,5530.62433000,2775.90657928,2775.88006115,0.08337743,293.76416915,0.01998436,0.01998436,36134,111,0
5530.77573586,5530.77740261,0.00000000,2783.08378253,0.04015422,293.74662229,0.01998435,0.01998436,36133,111,1
5530.93224332,5530.93048370,0.00000000,2790.50279223,0.07973682,293.72750924,0.01998436,0.01998436,36132,111,1
5531.08174977,5531.08357325,0.00000000,2797.59732455,0.06160407,293.70824311,0.01998435,0.01998436,36131,111,1
5531.23553159,5531.23667127,2804.94919287,2804.89502038,0.06821927,293.68741622,0.01998435,0.01998436,36130,111,0
5531.38780005,5531.38977777,0.00000000,2812.14296836,0.04335312,293.66571825,0.01998435,0.01998436,36129,111,1
5531.54360307,5531.54289273,2819.52060714,2819.55444478,0.02326382,293.64248649,0.01998436,0.01998436,36128,111,0
5531.69423034,5531.69601617,0.00000000,2826.73730706,0.06579613,293.61896360,0.01998435,0.01998436,36127,111,1
5531.84823504,5531.84914808,2834.12481524,2834.08122961,0.09030710,293.59388749,0.01998436,0.01998436,36126,111,0
5532.00313715,5532.00228847,2841.43914824,2841.47970499,0.06963005,293.56757616,0.01998436,0.01998436,36125,111,0
5532.15453656,5532.15543733,2848.76162059,2848.71852973,0.05467847,293.54081340,0.01998436,0.01998436,36124,111,0
5532.30860210,5532.30859466,2856.09222223,2856.09257846,0.09837125,293.51251400,0.01998436,0.01998436,36123,111,0
5532.46060971,5532.46176047,2863.43092873,2863.37576291,0.03399177,293.48353607,0.01998435,0.01998436,36122,111,0
5532.61584275,5532.61493476,2870.77766064,2870.82123340,0.05681536,293.45285699,0.01998436,0.01998436,36121,111,0
5532.76723970,5532.76811753,2878.13232480,2878.09015690,0.06467957,293.42187576,0.01998436,0.01998436,36120,111,0
5532.92093361,5532.92130877,2885.49482740,2885.47678791,0.03810309,293.38935054,0.01998436,0.01998436,36119,111,0
5533.07376210,5533.07450849,2892.86507636,2892.82915049,0.07632900,293.35593264,0.01998436,0.01998436,36118,111,0
5533.22652599,5533.22771670,2900.24312279,2900.18575270,0.04825918,293.32145323,0.01998435,0.01998436,36117,111,0
5533.38020972,5533.38093338,2907.62924009,2907.59433602,0.07487147,293.28567640,0.01998436,0.01998436,36116,111,0
5533.53263762,5533.53415854,0.00000000,2914.95000673,0.06419489,293.24910869,0.01998435,0.01998436,36115,111,1
5533.68654723,5533.68739219,2922.42686608,2922.38602054,0.04780475,293.21108159,0.01998436,0.01998436,36114,111,0
5533.84080669,5533.84063432,2929.83894238,2929.84728464,0.05440163,293.17185400,0.01998436,0.01998436,36113,111,0
5533.99401364,5533.99388493,2937.25992885,2937.26616491,0.07220212,293.13178502,0.01998436,0.01998436,36112,111,0
5534.14671744,5534.14714403,2944.68961898,2944.66892750,0.04769698,293.09074516,0.01998436,0.01998436,36111,111,0
5534.30079457,5534.30041161,2952.12780200,2952.14639709,0.08662094,293.04821814,0.01998436,0.01998436,36110,111,0
5534.45370064,5534.45368768,2959.57426567,2959.57489567,0.03303345,293.00490164,0.01998436,0.01998436,36109,111,0
5534.60578484,5534.60697223,2967.02888756,2966.97111128,0.07695148,292.96071565,0.01998435,0.01998436,36108,111,0
5534.76128990,5534.76026527,2974.49185798,2974.54176874,0.05420454,292.91439429,0.01998436,0.01998436,36107,111,0
5534.91368948,5534.91356680,2981.96343583,2981.96941807,0.06378208,292.86787293,0.01998436,0.01998436,36106,111,0
5535.06745007,5535.06687682,2989.44388180,2989.47186857,0.03202040,292.81980201,0.01998436,0.01998436,36105,111,0
5535.21965866,5535.22019533,2996.93345316,2996.90722143,0.07073036,292.77108889,0.01998436,0.01998436,36104,111,0
5535.37490751,5535.37352233,0.00000000,3004.50746127,0.03121317,292.72019228,0.01998436,0.01998436,36103,111,1
5535.52608337,5535.52685782,3011.94020883,3011.90226707,0.07286186,292.66960073,0.01998436,0.01998436,36102,111,0
5535.67930372,5535.68020180,3019.45723366,3019.41318418,0.06332589,292.61713364,0.01998436,0.01998436,36101,111,0
5535.83368240,5535.83355427,3026.98324255,3026.98953409,0.07118403,292.56310546,0.01998436,0.01998436,36100,111,0
5535.98791719,5535.98691524,3034.51817367,3034.56742975,0.06444390,292.50795694,0.01998436,0.01998436,36099,111,0
5536.13964697,5536.14028470,3042.06211176,3042.03072510,0.07269266,292.45255790,0.01998436,0.01998436,36098,111,0
5536.29391458,5536.29366265,3049.61519687,3049.62761005,0.08381729,292.39506175,0.01998436,0.01998436,36097,111,0
5536.44639042,5536.44704911,3057.17757008,3057.14507578,0.09245893,292.33706866,0.01998436,0.01998436,36096,111,0
5536.60051209,5536.60044405,3064.74937092,3064.75273138,0.05367108,292.27726768,0.01998436,0.01998436,36095,111,0
5536.75582064,5536.75384750,0.00000000,3072.42714219,0.05065546,292.21580829,0.01998437,0.01998436,36094,111,1
5536.90779179,5536.90725944,3079.92079987,3079.94715325,0.04547018,292.15448075,0.01998436,0.01998436,36093,111,0
5537.05836199,5537.06067988,0.00000000,3087.40033512,0.04130413,292.09261920,0.01998435,0.01998436,36092,111,1
5537.21500412,5537.21410882,3095.12695990,3095.17137249,0.04455862,292.02697542,0.01998436,0.01998436,36091,111,0
5537.36522526,5537.36754626,0.00000000,3102.62202389,0.08024910,291.96294120,0.01998435,0.01998436,36090,111,1
5537.52288665,5537.52099221,0.00000000,3110.45631150,0.09201293,291.89445162,0.01998437,0.01998436,36089,111,1
5537.67289397,5537.67444665,0.00000000,3117.91889346,0.04471187,291.82810735,0.01998435,0.01998436,36088,111,1
5537.82776161,5537.82790959,3125.63968606,3125.63231296,0.04749767,291.75840059,0.01998436,0.01998436,36087,111,0
5537.98039802,5537.98138104,3133.29119760,3133.24215680,0.04562870,291.68850161,0.01998436,0.01998436,36086,111,0
5538.13453712,5538.13486099,3140.95284526,3140.93666767,0.07758680,291.61668544,0.01998436,0.01998436,36085,111,0
5538.28738580,5538.28834945,3148.62441097,3148.57621712,0.05866045,291.54424856,0.01998436,0.01998436,36084,111,0
5538.44186439,5538.44184641,3156.30562263,3156.30652273,0.06166346,291.46980121,0.01998436,0.01998436,36083,111,0
5538.59519859,5538.59535188,3163.99620611,3163.98852185,0.04032705,291.39467305,0.01998436,0.01998436,36082,111,0
5538.74950538,5538.74886586,3171.69592550,3171.72801979,0.08030835,291.31782715,0.01998436,0.01998436,36081,111,0
5538.90096177,5538.90238834,0.00000000,3179.33320207,0.07284399,291.24118508,0.01998435,0.01998436,36080,111,1
5539.05771498,5539.05591933,0.00000000,3187.21382831,0.07087710,291.16058558,0.01998437,0.01998436,36079,111,1
5539.21045503,5539.20945883,3194.85117862,3194.90135028,0.06760468,291.08080219,0.01998436,0.01998436,36078,111,0
5539.36313957,5539.36300684,3202.58901039,3202.59570318,0.02914199,290.99980177,0.01998436,0.01998436,36077,111,0
5539.51631702,5539.51656336,3210.33676592,3210.32432934,0.05821406,290.91728613,0.01998436,0.01998436,36076,111,0
5539.66924450,5539.67012839,3218.09429657,3218.04961903,0.08990603,290.83364978,0.01998436,0.01998436,36075,111,0
5539.82400864,5539.82370194,3225.86143332,3225.87695406,0.05092169,290.74772949,0.01998436,0.01998436,36074,111,0
5539.97806175,5539.97728400,3233.63800582,3233.67740959,0.07776822,290.66092336,0.01998436,0.01998436,36073,111,0
5540.13037473,5540.13087457,3241.42389178,3241.39853916,0.05423466,290.57383896,0.01998436,0.01998436,36072,111,0
5540.28299958,5540.28447365,0.00000000,3249.14494605,0.03940131,290.48530860,0.01998436,0.01998436,36071,111,1
5540.43629561,5540.43808125,0.00000000,3256.93500389,0.07349433,290.39510670,0.01998435,0.01998436,36070,111,1
5540.59157313,5540.59169737,3264.83924356,3264.83291935,0.02289653,290.30245530,0.01998436,0.01998436,36069,111,0
5540.74552704,5540.74532200,3272.66437906,3272.67482960,0.07575721,290.20926482,0.01998436,0.01998436,36068,111,0
5540.89922335,5540.89895515,3280.49978222,3280.51346927,0.02522059,290.11492203,0.01998436,0.01998436,36067,111,0
5541.05357124,5541.05259682,3288.34541868,3288.39520804,0.08016521,290.01885968,0.01998436,0.01998436,36066,111,0
5541.20439291,5541.20624701,0.00000000,3296.10996121,0.10525406,289.92366636,0.01998435,0.01998436,36065,111,1
5541.36255908,5541.35990571,0.00000000,3304.20660217,0.05950093,289.82252003,0.01998437,0.01998436,36064,111,1
5541.51412108,5541.51357294,3311.94332129,3311.97143312,0.03925594,289.72432496,0.01998436,0.01998436,36063,111,0
5541.66637162,5541.66724869,3319.82950255,3319.78446641,0.05475537,289.62434051,0.01998436,0.01998436,36062,111,0
5541.82091304,5541.82093296,3327.72574726,3327.72472313,0.09392668,289.52151537,0.01998436,0.01998436,36061,111,0
5541.97637880,5541.97462575,0.00000000,3335.72593985,0.06592693,289.41666427,0.01998437,0.01998436,36060,111,1
5542.12825426,5542.12832707,3343.54834926,3343.54459672,0.06401687,289.31300635,0.01998436,0.01998436,36059,111,0
5542.28435086,5542.28203691,0.00000000,3351.59906115,0.05712462,289.20498261,0.01998437,0.01998436,36058,111,1
5542.43835050,5542.43575528,0.00000000,3359.55121732,0.04713387,289.09709688,0.01998437,0.01998436,36057,111,1
5542.59131180,5542.58948217,0.00000000,3367.45963644,0.09221875,288.98858834,0.01998437,0.01998436,36056,111,1
5542.74300550,5542.74321759,3375.31831784,3375.30733077,0.06487832,288.87971407,0.01998436,0.01998436,36055,111,0
5542.89894308,5542.89696153,0.00000000,3383.39478675,0.06663678,288.76626386,0.01998437,0.01998436,36054,111,1
5543.05092182,5543.05071401,3391.26874217,3391.27953600,0.05199867,288.65443605,0.01998436,0.01998436,36053,111,0
5543.20872400,5543.20447501,0.00000000,3399.48200212,0.07404908,288.53682258,0.01998438,0.01998436,36052,111,1
5543.35823617,5543.35824454,3407.26174819,3407.26131255,0.09259926,288.42407105,0.01998436,0.01998436,36051,111,0
5543.51311913,5543.51202260,3415.27375212,3415.33091774,0.10532067,288.30587185,0.01998437,0.01998436,36050,111,0
5543.66465984,5543.66580920,3423.29611750,3423.23612347,0.08168968,288.18885607,0.01998436,0.01998436,36049,111,0
5543.82060361,5543.81960432,3431.32896049,3431.38118704,0.06982588,288.06702209,0.01998436,0.01998436,36048,111,0
5543.97087858,5543.97340798,0.00000000,3439.23735589,0.07561518,287.94829036,0.01998435,0.01998436,36047,111,1
5544.12716636,5544.12722017,3447.42655095,3447.42373171,0.07400234,287.82329459,0.01998436,0.01998436,36046,111,0
5544.28229590,5544.28104089,3455.49155973,3455.55740456,0.07743955,287.69781627,0.01998437,0.01998436,36045,111,0
5544.43431599,5544.43487015,3463.56757437,3463.53846159,0.08769201,287.57344514,0.01998436,0.01998436,36044,111,0
5544.59067078,5544.58870795,0.00000000,3471.75396046,0.07161272,287.44413029,0.01998437,0.01998436,36043,111,1
5544.74065781,5544.74255428,0.00000000,3479.64839423,0.03578783,287.31863583,0.01998435,0.01998436,36042,111,1
5544.89821210,5544.89640915,0.00000000,3487.95193553,0.02860424,287.18533368,0.01998437,0.01998436,36041,111,1
5545.04802585,5545.05027255,0.00000000,3495.85784366,0.09589201,287.05717232,0.01998435,0.01998436,36040,111,1
5545.20591792,5545.20414450,0.00000000,3504.20098525,0.05367012,286.92060846,0.01998437,0.01998436,36039,111,1
5545.35698112,5545.35802498,3512.25862092,3512.20334887,0.06707350,286.78835424,0.01998436,0.01998436,36038,111,0
5545.51327118,5545.51191401,0.00000000,3520.47410601,0.11636448,286.65035925,0.01998437,0.01998436,36037,111,1
5545.66680124,5545.66581157,3528.57618955,3528.62872240,0.05143971,286.51300330,0.01998437,0.01998436,36036,111,0
5545.81896885,5545.81971768,3536.75066082,3536.71086405,0.06434057,286.37559574,0.01998436,0.01998436,36035,111,0
5545.97364037,5545.97363233,3544.93538324,3544.93581140,0.09769364,286.23445987,0.01998436,0.01998436,36034,111,0
5546.13008459,5546.12755552,0.00000000,3553.26201830,0.05812587,286.09025034,0.01998437,0.01998436,36033,111,1
5546.28088934,5546.28148726,3561.33647808,3561.30458208,0.09546265,285.94967721,0.01998436,0.01998436,36032,111,0
5546.43431309,5546.43542754,3569.55438308,3569.49484700,0.10486424,285.80523356,0.01998436,0.01998436,36031,111,0
5546.58904047,5546.58937636,3577.78496956,3577.76699775,0.09874058,285.65802564,0.01998436,0.01998436,36030,111,0
5546.74449957,5546.74333373,3586.02885368,3586.09132817,0.08138837,285.50854994,0.01998437,0.01998436,36029,111,0
5546.89920801,5546.89729965,0.00000000,3594.39323956,0.14773154,285.35813887,0.01998437,0.01998436,36028,111,1
5547.05092232,5547.05127412,3602.55405138,3602.53514739,0.10876135,285.20932901,0.01998436,0.01998436,36027,111,0
5547.20537753,5547.20525714,3610.83357305,3610.84005022,0.10535624,285.05621625,0.01998436,0.01998436,36026,111,0
5547.35726442,5547.35924870,0.00000000,3619.02159233,0.06459492,284.90407060,0.01998435,0.01998436,36025,111,1
5547.51220977,5547.51324881,3627.42376510,3627.36772488,0.04767555,284.74752741,0.01998436,0.01998436,36024,111,0
5547.66782523,5547.66725748,3635.73604224,3635.76670773,0.07885963,284.58863009,0.01998436,0.01998436,36023,111,0
5547.82118339,5547.82127470,3644.06128397,3644.05634452,0.06283616,284.43046097,0.01998436,0.01998436,36022,111,0
5547.97445097,5547.97530046,3652.40055228,3652.35452093,0.04825683,284.27079526,0.01998436,0.01998436,36021,111,0
5548.12800561,5548.12933479,0.00000000,3660.68918557,0.07515299,284.10908443,0.01998436,0.01998436,36020,111,1
5548.28355087,5548.28337766,3669.11988942,3669.12930313,0.11742474,283.94395603,0.01998436,0.01998436,36019,111,0
5548.43446482,5548.43742909,0.00000000,3677.33716304,0.06216213,283.78204807,0.01998435,0.01998436,36018,111,1
5548.59170218,5548.59148908,3685.88708959,3685.89870113,0.10471803,283.61177288,0.01998436,0.01998436,36017,111,0
5548.74373476,5548.74555762,0.00000000,3694.18472051,0.07048666,283.44562530,0.01998436,0.01998436,36016,111,1
5548.90007816,5548.89963472,3702.69868318,3702.72290941,0.06768474,283.27303025,0.01998436,0.01998436,36015,111,0
5549.05644097,5549.05372037,0.00000000,3711.26777416,0.06340147,283.09888680,0.01998437,0.01998436,36014,111,1
5549.20868198,5549.20781458,3719.55998409,3719.60751451,0.10164219,282.92756039,0.01998437,0.01998436,36013,111,0
5549.35995384,5549.36191736,0.00000000,3727.89544874,0.06333150,282.75596411,0.01998436,0.01998436,36012,111,1
5549.51540058,5549.51602869,3736.47429869,3736.43977896,0.10758084,282.57766713,0.01998436,0.01998436,36011,111,0
5549.67011257,5549.67014858,3744.95030718,3744.94832531,0.08409889,282.39871248,0.01998436,0.01998436,36010,111,0
5549.82409058,5549.82427704,3753.43815174,3753.42787690,0.05282253,282.21897353,0.01998436,0.01998436,36009,111,0
5549.97635945,5549.97841405,0.00000000,3761.80834989,0.10001135,282.03996743,0.01998436,0.01998436,36008,111,1
5550.13116999,5550.13255963,0.00000000,3770.35614965,0.10260722,281.85598719,0.01998436,0.01998436,36007,111,1
5550.28701228,5550.28671378,3778.97229888,3778.98881528,0.09472177,281.66874546,0.01998436,0.01998436,36006,111,0
5550.44129166,5550.44087648,3787.50811585,3787.53112026,0.07322922,281.48204444,0.01998437,0.01998436,36005,111,0
5550.59611020,5550.59504776,3796.05655578,3796.11550846,0.08607952,281.29300164,0.01998437,0.01998436,36004,111,0
5550.74903918,5550.74922760,3804.61772662,3804.60725694,0.08698102,281.10459661,0.01998436,0.01998436,36003,111,0
5550.90259671,5550.90341600,3813.19172663,3813.14613552,0.07027383,280.91373975,0.01998436,0.01998436,36002,111,0
5551.05825655,5551.05761297,3821.77865437,3821.81452015,0.08088151,280.71854615,0.01998437,0.01998436,36001,111,0
5551.21404105,5551.21181851,0.00000000,3830.49556434,0.09167157,280.52161157,0.01998437,0.01998436,36000,111,1
5551.36721276,5551.36603262,3838.99145195,3839.05741098,0.05939275,280.32595416,0.01998437,0.01998436,35999,111,0
5551.51683212,5551.52025530,0.00000000,3847.42259488,0.08109606,280.13342256,0.01998435,0.01998436,35998,111,1
5551.67616552,5551.67448655,0.00000000,3856.34962114,0.04932531,279.92646813,0.01998437,0.01998436,35997,111,1
5551.82996157,5551.82872637,3864.90793288,3864.97727187,0.07571182,279.72499091,0.01998437,0.01998436,35996,111,0
5551.98244439,5551.98297477,3873.57348569,3873.54366657,0.04745150,279.52352144,0.01998436,0.01998436,35995,111,0
5552.13641672,5552.13723173,3882.25329681,3882.20739999,0.09090125,279.31832103,0.01998436,0.01998436,35994,111,0
5552.29352979,5552.29149727,0.00000000,3891.06892470,0.10254145,279.10693634,0.01998437,0.01998436,35993,111,1
5552.44673722,5552.44577138,3899.65753570,3899.71210621,0.13718316,278.89929938,0.01998437,0.01998436,35992,111,0
5552.59710293,5552.60005407,0.00000000,3908.21787566,0.08425625,278.69355551,0.01998435,0.01998436,35991,111,1
5552.75571681,5552.75434533,0.00000000,3917.19833454,0.17184091,278.47481395,0.01998437,0.01998436,35990,111,1
5552.90844924,5552.90864517,3925.86845474,3925.85733656,0.11430164,278.26242846,0.01998436,0.01998436,35989,111,0
5553.06270217,5553.06295358,3934.63101550,3934.61672802,0.10047222,278.04610869,0.01998436,0.01998436,35988,111,0
5553.21656624,5553.21727057,3943.40734441,3943.36725548,0.14387603,277.82852991,0.01998436,0.01998436,35987,111,0
5553.37265386,5553.37159615,3952.19862213,3952.25892828,0.12011027,277.60592881,0.01998437,0.01998436,35986,111,0
5553.52742555,5553.52593029,0.00000000,3961.09254018,0.06510348,277.38327155,0.01998437,0.01998436,35985,111,1
5553.68363887,5553.68027302,0.00000000,3970.01892662,0.05565653,277.15674762,0.01998438,0.01998436,35984,111,1
5553.83324944,5553.83462433,0.00000000,3978.58112852,0.10764413,276.93802238,0.01998436,0.01998436,35983,111,1
5553.99106336,5553.98898422,0.00000000,3987.62677625,0.07342922,276.70541255,0.01998437,0.01998436,35982,111,1
5554.14546704,5554.14335270,0.00000000,3996.49089955,0.06688048,276.47594124,0.01998437,0.01998436,35981,111,1
5554.29868362,5554.29772975,4005.25370391,4005.30857241,0.12778768,276.24617073,0.01998437,0.01998436,35980,111,0
5554.45397377,5554.45211539,0.00000000,4014.24346091,0.11019193,276.01181840,0.01998437,0.01998436,35979,111,1
5554.60662285,5554.60650961,4023.04388934,4023.05042496,0.13242933,275.77931709,0.01998436,0.01998436,35978,111,0
5554.75720010,5554.76091241,0.00000000,4031.74659529,0.12563291,275.54827564,0.01998435,0.01998436,35977,111,1
5554.91337783,5554.91532381,0.00000000,4040.78286154,0.06905771,275.30665653,0.01998436,0.01998436,35976,111,1
5555.07516625,5555.06974378,0.00000000,4050.15906795,0.12515932,275.05428691,0.01998438,0.01998436,35975,111,1
5555.22739435,5555.22417235,0.00000000,4058.99551723,0.08754169,274.81489744,0.01998438,0.01998436,35974,111,1
5555.37762259,5555.37860950,4067.80107224,4067.74364584,0.10671057,274.57642144,0.01998436,0.01998436,35973,111,0
5555.53209947,5555.53305524,4076.79449594,4076.73880047,0.07341039,274.32967709,0.01998436,0.01998436,35972,111,0
5555.68607456,5555.68750957,0.00000000,4085.70521291,0.06428575,274.08217327,0.01998436,0.01998436,35971,111,1
nan,nan,0.00000000,-1.00000000,0.00000000,273.85183286,nan,0.00000000,-2147483648,111,1
5517.19171518,5517.18701477,0.00000000,241.00000000,nan,278.13338275,0.01998437,0.01998435,36222,110,1
nan,nan,0.00000000,-1.00000000,0.00000000,278.63113635,nan,0.00000000,-2147483648,110,1
5517.65155063,5517.64403091,0.00000000,256.93944807,0.02791860,278.85392750,0.01998438,0.01998435,36219,110,1
5517.65155063,5517.64403091,0.00000000,256.93944807,0.02791860,278.85392750,0.01998438,0.01998435,36219,110,1
5517.80359473,5517.79638643,0.00000000,262.21541204,0.31931632,279.09140369,0.01998438,0.01998435,36218,110,1
nan,nan,0.00000000,-1.00000000,0.00000000,279.35118777,nan,0.00000000,-2147483648,110,1
5518.10910724,5518.10112269,0.00000000,272.82521094,0.01058549,279.56741772,0.01998438,0.01998436,36216,110,1
5518.10910724,5518.10112269,0.00000000,272.82521094,0.01058549,279.56741772,0.01998438,0.01998436,36216,110,1
nan,nan,0.00000000,-1.00000000,0.00000000,279.84350360,nan,0.00000000,-2147483648,110,1
5518.40807766,5518.40589257,0.00000000,283.21877037,0.01125391,280.03173070,0.01998436,0.01998436,36214,110,1
5518.55959703,5518.55829012,288.41807370,288.46355425,0.12585807,280.26528025,0.01998436,0.01998436,36213,110,0
nan,nan,0.00000000,-1.00000000,0.00000000,280.51127046,nan,0.00000000,-2147483648,110,1
5518.84972425,5518.86311046,0.00000000,298.59229976,0.03128489,280.71488492,0.01998431,0.01998436,36211,110,1
5518.84972425,5518.86311046,0.00000000,298.59229976,0.03128489,280.71488492,0.01998431,0.01998436,36211,110,1
5519.16139669,5519.16796443,0.00000000,309.45582935,0.12020951,281.19501527,0.01998433,0.01998436,36209,110,1
5519.31779324,5519.32040404,0.00000000,314.91161333,0.05281889,281.43532552,0.01998435,0.01998436,36208,110,1
5519.31779324,5519.32040404,0.00000000,314.91161333,0.05281889,281.43532552,0.01998435,0.01998436,36208,110,1
nan,nan,0.00000000,-1.00000000,0.00000000,281.70285524,nan,0.00000000,-2147483648,110,1
5519.50203577,nan,0.00000000,321.34264205,0.68300640,281.71789106,0.01998501,0.01998436,36208,110,1
nan,nan,0.00000000,-1.00000000,0.00000000,282.09707819,nan,0.00000000,-2147483648,110,1
5519.92184851,5519.93024659,0.00000000,336.01193781,0.05234210,282.35958813,0.01998433,0.01998436,36204,110,1
5520.08807714,5520.08272827,0.00000000,341.82640094,0.16260168,282.61284415,0.01998438,0.01998436,36203,110,1
5520.24773009,5520.23521836,0.00000000,347.41408172,0.06838642,282.85563743,0.01998440,0.01998436,36202,110,1
5520.37988622,5520.38771687,0.00000000,352.04179889,0.22985001,283.05628469,0.01998433,0.01998436,36201,110,1
5520.52919780,5520.54022380,0.00000000,357.27286499,0.11259377,283.28261810,0.01998432,0.01998436,36200,110,1
5520.70999076,5520.69273914,0.00000000,363.61058753,0.10597907,283.55615984,0.01998442,0.01998436,36199,110,1
5520.84366314,5520.84526291,368.33779110,368.28165544,0.18373148,283.75729478,0.01998435,0.01998436,36198,110,0
5521.00837371,5520.99779509,0.00000000,374.07937923,0.22994717,284.00638544,0.01998439,0.01998436,36197,110,1
5521.14367267,5521.15033570,0.00000000,378.83003073,0.02294638,284.21002956,0.01998433,0.01998436,36196,110,1
5521.30623067,5521.30288472,0.00000000,384.54084917,0.21336643,284.45428349,0.01998437,0.01998436,36195,110,1
5521.45445612,5521.45544217,389.77117595,389.73650355,0.08016488,284.67598259,0.01998435,0.01998436,36194,110,0
5521.61475994,5521.60800804,0.00000000,395.38892582,0.14904597,284.91660809,0.01998438,0.01998436,36193,110,1
5521.76490954,5521.76058234,0.00000000,400.67262217,0.07845283,285.14100528,0.01998437,0.01998436,36192,110,1
5521.76490954,5521.76058234,0.00000000,400.67262217,0.07845283,285.14100528,0.01998437,0.01998436,36192,110,1
nan,nan,0.00000000,-1.00000000,0.00000000,285.36673752,nan,0.00000000,-2147483648,110,1
5522.07053274,5522.06575621,0.00000000,411.43617958,0.33111712,285.59654149,0.01998437,0.01998436,36190,110,1
5522.21569463,5522.21835578,0.00000000,416.55269900,0.02147722,285.81233551,0.01998435,0.01998436,36189,110,1
5522.36395615,5522.37096377,0.00000000,421.78123696,0.17608836,286.03235610,0.01998433,0.01998436,36188,110,1
5522.52463278,5522.52358020,427.40212116,427.43927721,0.01360189,286.26988333,0.01998436,0.01998436,36187,110,0
5522.67790171,5522.67620505,432.79127791,432.85120353,0.12696412,286.49652688,0.01998436,0.01998436,36186,110,0
5522.67790171,5522.67620505,432.79127791,432.85120353,0.12696412,286.49652688,0.01998436,0.01998436,36186,110,0
nan,nan,0.00000000,-1.00000000,0.00000000,286.75337476,nan,0.00000000,-2147483648,110,1
nan,nan,0.00000000,-1.00000000,0.00000000,286.92008902,nan,0.00000000,-2147483648,110,1
nan,nan,0.00000000,-1.00000000,0.00000000,287.16960759,nan,0.00000000,-2147483648,110,1
5523.28765759,5523.28678876,454.38115522,454.41191076,0.14644630,287.39410049,0.01998436,0.01998436,36182,110,0
5523.28765759,5523.28678876,454.38115522,454.41191076,0.14644630,287.39410049,0.01998436,0.01998436,36182,110,0
5523.58061710,5523.59213121,0.00000000,464.79379302,0.14212112,287.82324268,0.01998431,0.01998436,36180,110,1
5523.73910499,5523.74481508,0.00000000,470.41083324,0.17793098,288.05459832,0.01998434,0.01998436,36179,110,1
5523.88744655,5523.89750739,0.00000000,475.67121977,0.12370510,288.27073638,0.01998432,0.01998436,36178,110,1
5524.04719163,5524.05020813,0.00000000,481.33918275,0.27163721,288.50304956,0.01998435,0.01998436,36177,110,1
5524.20328244,5524.20291730,486.86545423,486.87842283,0.08924091,288.72951406,0.01998436,0.01998436,36176,110,0
5524.36062182,5524.35563492,0.00000000,492.46973687,0.03220252,288.95753331,0.01998437,0.01998436,36175,110,1
5524.50855341,5524.50836097,497.71990836,497.72675086,0.05251771,289.17139316,0.01998436,0.01998436,36174,110,0
nan,nan,0.00000000,-1.00000000,0.00000000,289.42592669,nan,0.00000000,-2147483648,110,1
5524.81323341,5524.81383838,508.58696444,508.56543213,0.09124591,289.61070968,0.01998435,0.01998436,36172,110,0
5524.96882275,5524.96658975,0.00000000,514.10481796,0.14760002,289.83439599,0.01998436,0.01998436,36171,110,1
5525.12757248,5525.11934955,0.00000000,519.75989072,0.11124141,290.06216923,0.01998439,0.01998436,36170,110,1
5525.26720114,5525.27211780,0.00000000,524.73656512,0.23002253,290.26212942,0.01998434,0.01998436,36169,110,1
5525.42812274,5525.42489449,0.00000000,530.47535639,0.04431511,290.49214298,0.01998437,0.01998436,36168,110,1
5525.57059948,5525.57767962,0.00000000,535.55922292,0.02978757,290.69539844,0.01998433,0.01998436,36167,110,1
nan,nan,0.00000000,-1.00000000,0.00000000,290.95221787,nan,0.00000000,-2147483648,110,1
5525.88038823,5525.88327521,0.00000000,546.62241052,0.09225490,291.13605909,0.01998435,0.01998436,36165,110,1
5526.03341798,5526.03608567,0.00000000,552.09211755,0.15668874,291.35308844,0.01998435,0.01998436,36164,110,1
5526.19112453,5526.18890458,0.00000000,557.73224882,0.16554733,291.57630056,0.01998437,0.01998436,36163,110,1
5526.34204776,5526.34173194,563.11867172,563.12997897,0.11409774,291.78936850,0.01998436,0.01998436,36162,110,0
5526.49320917,5526.49456774,568.59217161,568.54350354,0.13376878,292.00251855,0.01998435,0.01998436,36161,110,0
5526.64730474,5526.64741199,574.06906516,574.06522108,0.14723838,292.21936995,0.01998436,0.01998436,36160,110,0
5526.80115607,5526.80026468,579.54913186,579.58109786,0.13788912,292.43542865,0.01998436,0.01998436,36159,110,0
5526.95040362,5526.95312583,0.00000000,584.93324254,0.16378112,292.64453561,0.01998435,0.01998436,36158,110,1
5527.10502655,5527.10599542,590.51795901,590.48318263,0.04075263,292.86081035,0.01998435,0.01998436,36157,110,0
5527.25876195,5527.25887347,596.00668685,596.00268200,0.13428527,293.07533324,0.01998436,0.01998436,36156,110,0
5527.41275687,5527.41175997,601.49855073,601.53437044,0.05689711,293.28976385,0.01998436,0.01998436,36155,110,0
5527.56251458,5527.56465492,0.00000000,606.91844894,0.06697299,293.49792825,0.01998435,0.01998436,36154,110,1
5527.71871952,5527.71755832,612.49255828,612.53433119,0.13586042,293.71448270,0.01998436,0.01998436,36153,110,0
5527.87131333,5527.87047018,617.99513986,618.02549127,0.10982015,293.92566273,0.01998436,0.01998436,36152,110,0
5528.02359013,5528.02339049,623.50171196,623.50890334,0.08078979,294.13598721,0.01998436,0.01998436,36151,110,0
5528.16889704,5528.17631925,0.00000000,628.74801895,0.09599071,294.33642076,0.01998433,0.01998436,36150,110,1
5528.32661407,5528.32925647,0.00000000,634.43400058,0.09854638,294.55337437,0.01998435,0.01998436,36149,110,1
5528.48334068,5528.48220215,640.04439725,640.08548409,0.07247255,294.76841772,0.01998436,0.01998436,36148,110,0
5528.63346554,5528.63515628,645.56565347,645.50460581,0.11505431,294.97406330,0.01998435,0.01998436,36147,110,0
5528.79073263,5528.78811888,0.00000000,651.18609212,0.17312349,295.18908030,0.01998437,0.01998436,36146,110,1
5528.93859639,5528.94108993,0.00000000,656.52937263,0.10891255,295.39075148,0.01998435,0.01998436,36145,110,1
5529.09229861,5529.09406944,662.14804112,662.08400641,0.09795399,295.59983824,0.01998435,0.01998436,36144,110,0
5529.25447863,5529.24705741,0.00000000,667.95436873,0.08251147,295.82018737,0.01998438,0.01998436,36143,110,1
5529.40472972,5529.40005385,0.00000000,673.39357754,0.12171375,296.02378197,0.01998437,0.01998436,36142,110,1
5529.55271804,5529.55305874,678.75960633,678.74726455,0.08459350,296.22363915,0.01998436,0.01998436,36141,110,0
5529.69951710,nan,0.00000000,684.07422423,0.21646607,296.42197047,0.01998433,0.01998436,36140,110,1
5529.86132863,5529.85909392,0.00000000,689.94207337,0.12553773,296.63983013,0.01998437,0.01998436,36139,110,1
5530.00637982,5530.01212420,0.00000000,695.20524107,0.17710169,296.83469541,0.01998434,0.01998436,36138,110,1
5530.16903497,5530.16516295,0.00000000,701.11066599,0.14189803,297.05272733,0.01998437,0.01998436,36137,110,1
5530.31923477,5530.31821017,706.52352585,706.56076455,0.07293840,297.25337348,0.01998436,0.01998436,36136,110,0
5530.46913087,5530.47126585,0.00000000,712.01580692,0.09348489,297.45364901,0.01998435,0.01998436,36135,110,1
5530.62387236,5530.62433000,717.65550162,717.63885100,0.11806536,297.65951376,0.01998436,0.01998436,36134,110,0
5530.77552656,5530.77740261,723.22633706,723.15804474,0.04005507,297.86100498,0.01998435,0.01998436,36133,110,0
5530.92949980,5530.93048370,728.80019497,728.76436128,0.04095133,298.06509713,0.01998435,0.01998436,36132,110,0
5531.07687563,5531.08357325,0.00000000,734.13940736,0.09173658,298.26022143,0.01998433,0.01998436,36131,110,1
5531.23811103,5531.23667127,739.95752726,740.01002056,0.08785131,298.47272197,0.01998436,0.01998436,36130,110,0
5531.38891167,5531.38977777,745.54136323,745.50976724,0.02473437,298.67121665,0.01998435,0.01998436,36129,110,0
5531.54412176,nan,0.00000000,751.18404295,0.05390325,298.87542069,0.01998436,0.01998436,36128,110,1
5531.69685163,nan,0.00000000,756.76220543,0.07719797,299.07558200,0.01998436,0.01998436,36127,110,1
5531.85000196,5531.84914808,762.31570384,762.34691479,0.12650199,299.27539827,0.01998436,0.01998436,36126,110,0
5531.99917789,5532.00228847,0.00000000,767.81391969,0.09595036,299.47044100,0.01998435,0.01998436,36125,110,1
5532.15240304,5532.15543733,0.00000000,773.42015733,0.06907633,299.66987334,0.01998435,0.01998436,36124,110,1
5532.30161387,5532.30859466,0.00000000,778.88276016,0.08413716,299.86363334,0.01998433,0.01998436,36123,110,1
5532.46138872,5532.46176047,784.73655370,784.72293107,0.13137317,300.07017131,0.01998436,0.01998436,36122,110,0
5532.61366140,5532.61493476,790.35113507,790.30444662,0.03871063,300.26696839,0.01998435,0.01998436,36121,110,0
5532.77082238,5532.76811753,0.00000000,796.08138119,0.08283285,300.47004468,0.01998437,0.01998436,36120,110,1
5532.92125786,5532.92130877,801.59105833,801.58918945,0.08200924,300.66308154,0.01998436,0.01998436,36119,110,0
5533.07500661,5533.07450849,807.21644714,807.23474320,0.04466727,300.86035957,0.01998436,0.01998436,36118,110,0
5533.22567213,5533.22771670,0.00000000,812.78412444,0.07300093,301.05369819,0.01998435,0.01998436,36117,110,1
5533.37723949,5533.38093338,0.00000000,818.35658440,0.13152816,301.24726340,0.01998435,0.01998436,36116,110,1
5533.53345384,5533.53415854,824.11485778,824.08892652,0.07025337,301.44577840,0.01998435,0.01998436,36115,110,0
5533.68449664,5533.68739219,0.00000000,829.66336375,0.04959808,301.63823760,0.01998435,0.01998436,36114,110,1
5533.83620128,5533.84063432,0.00000000,835.25105256,0.06860444,301.83057291,0.01998434,0.01998436,36113,110,1
5533.98922489,5533.99388493,0.00000000,840.89074635,0.08225306,302.02410797,0.01998434,0.01998436,36112,110,1
5534.14352537,5534.14714403,0.00000000,846.58098767,0.05622721,302.21877649,0.01998435,0.01998436,36111,110,1
5534.30243591,5534.30041161,852.35488400,852.42960495,0.05591461,302.41823383,0.01998436,0.01998436,36110,110,0
5534.45286548,5534.45368768,858.01432016,857.98395269,0.08526365,302.60706485,0.01998435,0.01998436,36109,110,0
5534.60380297,5534.60697223,0.00000000,863.57582897,0.03587666,302.79659028,0.01998435,0.01998436,36108,110,1
5534.75490967,5534.76026527,0.00000000,869.16198665,0.08438776,302.98533929,0.01998434,0.01998436,36107,110,1
5534.91091790,5534.91356680,0.00000000,874.93290580,0.10836589,303.17971956,0.01998435,0.01998436,36106,110,1
5535.06655067,5535.06687682,880.69079692,880.67871964,0.10292571,303.37263663,0.01998436,0.01998436,36105,110,0
5535.22089525,5535.22019533,886.37006853,886.39600420,0.12108281,303.56398408,0.01998436,0.01998436,36104,110,0
5535.37605622,5535.37352233,0.00000000,892.16043194,0.13437431,303.75629144,0.01998437,0.01998436,36103,110,1
5535.52760769,5535.52685782,897.74152558,897.76935177,0.07732028,303.94281526,0.01998436,0.01998436,36102,110,0
5535.67946525,5535.68020180,903.43375855,903.40640815,0.10610362,304.12968275,0.01998436,0.01998436,36101,110,0
5535.83246479,5535.83355427,909.13009934,909.08961724,0.03322548,304.31747933,0.01998435,0.01998436,36100,110,0
5535.98530160,5535.98691524,914.83032866,914.77033402,0.07820683,304.50459053,0.01998435,0.01998436,36099,110,0
5536.14213646,5536.14028470,0.00000000,920.60481700,0.08752301,304.69613879,0.01998437,0.01998436,36098,110,1
5536.29334694,5536.29366265,926.24157118,926.22982018,0.08137594,304.88020746,0.01998436,0.01998436,36097,110,0
5536.44482696,5536.44704911,0.00000000,931.86807391,0.05964074,305.06411626,0.01998435,0.01998436,36096,110,1
5536.60005575,5536.60044405,937.66594449,937.65147679,0.07247147,305.25214214,0.01998436,0.01998436,36095,110,0
5536.75227072,5536.75384750,943.38318124,943.32439910,0.05512359,305.43596864,0.01998435,0.01998436,36094,110,0
5536.90563481,5536.90725944,949.10409297,949.04349022,0.08829765,305.62068208,0.01998435,0.01998436,36093,110,0
5537.06056979,5537.06067988,954.82891528,954.82480595,0.13495623,305.80678354,0.01998436,0.01998436,36092,110,0
5537.21296815,5537.21410882,960.55788472,960.51527776,0.05970060,305.98935023,0.01998436,0.01998436,36091,110,0
5537.36990193,5537.36754626,0.00000000,966.37706987,0.08094124,306.17678000,0.01998437,0.01998436,36090,110,1
5537.52029294,5537.52099221,972.02900975,972.00285305,0.05142477,306.35605887,0.01998436,0.01998436,36089,110,0
5537.67410176,5537.67444665,977.77104642,977.75813692,0.10905315,306.53885177,0.01998436,0.01998436,36088,110,0
5537.82911582,5537.82790959,983.51716146,983.56234064,0.05745449,306.72257060,0.01998436,0.01998436,36087,110,0
5537.97859177,5537.98138104,0.00000000,989.15533149,0.10246695,306.89900742,0.01998435,0.01998436,36086,110,1
5538.13453299,5538.13486099,995.02089621,995.00859620,0.03741015,307.08302778,0.01998436,0.01998436,36085,110,0
5538.28733326,5538.28834945,1000.77815363,1000.74002676,0.08637746,307.26259625,0.01998436,0.01998436,36084,110,0
5538.44089594,5538.44184641,1006.53890938,1006.50322810,0.03598414,307.44253990,0.01998436,0.01998436,36083,110,0
5538.59912869,5538.59535188,0.00000000,1012.43607464,0.06919302,307.62713061,0.01998437,0.01998436,36082,110,1
5538.74871364,5538.74886586,1018.07145034,1018.06572922,0.09503125,307.80167841,0.01998436,0.01998436,36081,110,0
5538.90321419,5538.90238834,1023.84351804,1023.87457807,0.11082966,307.98115981,0.01998436,0.01998436,36080,110,0
5539.05811946,5539.05591933,0.00000000,1029.69478474,0.07955048,308.16035812,0.01998437,0.01998436,36079,110,1
5539.21240408,5539.20945883,0.00000000,1035.50354038,0.08400473,308.33857100,0.01998437,0.01998436,36078,110,1
5539.36353771,5539.36300684,1041.18449572,1041.20450163,0.08002876,308.51286191,0.01998436,0.01998436,36077,110,0
5539.51973512,5539.51656336,0.00000000,1047.08562434,0.10596599,308.69202242,0.01998437,0.01998436,36076,110,1
5539.67048179,5539.67012839,1052.76595327,1052.77928818,0.04573969,308.86485457,0.01998436,0.01998436,36075,110,0
5539.82303868,5539.82370194,1058.56270751,1058.53766459,0.01988276,309.03903292,0.01998436,0.01998436,36074,110,0
5539.98034370,5539.97728400,0.00000000,1064.47214813,0.07986185,309.21788759,0.01998437,0.01998436,36073,110,1
5540.13156579,5540.13087457,1070.16786293,1070.19399334,0.08262923,309.38970835,0.01998436,0.01998436,36072,110,0
5540.28357984,5540.28447365,1075.97616669,1075.94235729,0.13526953,309.56170713,0.01998436,0.01998436,36071,110,0
5540.43984636,5540.43808125,0.00000000,1081.85060401,0.06817581,309.73784390,0.01998437,0.01998436,36070,110,1
5540.59502742,5540.59169737,0.00000000,1087.72720863,0.07474026,309.91238774,0.01998437,0.01998436,36069,110,1
5540.74765798,5540.74532200,0.00000000,1093.51100142,0.06427026,310.08354224,0.01998437,0.01998436,36068,110,1
5540.89998897,5540.89895515,1099.24821289,1099.28741524,0.09245090,310.25385185,0.01998436,0.01998436,36067,110,0
5541.05156315,5541.05259682,1105.07612254,1105.03690103,0.07962968,310.42274568,0.01998436,0.01998436,36066,110,0
5541.20762430,5541.20624701,1110.90813061,1110.96042536,0.12656380,310.59610305,0.01998437,0.01998436,36065,110,0
5541.35845531,5541.35990571,1116.74437776,1116.68926993,0.02371660,310.76313637,0.01998435,0.01998436,36064,110,0
5541.51408137,5541.51357294,1122.58500609,1122.60433758,0.08637059,310.93495276,0.01998436,0.01998436,36063,110,0
5541.66629065,5541.66724869,1128.43015833,1128.39370537,0.03908244,311.10248173,0.01998436,0.01998436,36062,110,0
5541.82149300,5541.82093296,1134.27997779,1134.30130328,0.05576618,311.27278312,0.01998436,0.01998436,36061,110,0
5541.97303271,5541.97462575,1140.13458370,1140.07387713,0.07281672,311.43855893,0.01998435,0.01998436,36060,110,0
5542.12812776,5542.12832707,1145.99387238,1145.98627180,0.05213580,311.60770121,0.01998436,0.01998436,36059,110,0
5542.28286766,5542.28203691,1151.85762113,1151.88932329,0.04890864,311.77592104,0.01998436,0.01998436,36058,110,0
5542.43541809,5542.43575528,1157.72560515,1157.71272950,0.08794760,311.94122967,0.01998436,0.01998436,36057,110,0
5542.58936145,5542.58948217,1163.59759869,1163.59298602,0.07173867,312.10750549,0.01998436,0.01998436,36056,110,0
5542.74411267,5542.74321759,1169.47337502,1169.50759458,0.03571834,312.27409714,0.01998436,0.01998436,36055,110,0
5542.89799336,5542.89696153,1175.35275897,1175.39222879,0.09993429,312.43919197,0.01998436,0.01998436,36054,110,0
5543.05253790,5543.05071401,1181.23588259,1181.30569279,0.10189317,312.60443987,0.01998437,0.01998436,36053,110,0
5543.20372409,5543.20447501,1187.12299035,1187.09423039,0.06514359,312.76556001,0.01998436,0.01998436,36052,110,0
5543.35868916,5543.35824454,1193.01432796,1193.03136838,0.04027361,312.93016184,0.01998436,0.01998436,36051,110,0
5543.51008594,5543.51202260,0.00000000,1198.84665087,0.07455325,313.09074272,0.01998435,0.01998436,36050,110,1
5543.66558545,5543.66580920,1204.81068075,1204.80209253,0.04479000,313.25453469,0.01998436,0.01998436,36049,110,0
5543.82140251,5543.81960432,1210.71611747,1210.78519122,0.07888199,313.41841551,0.01998437,0.01998436,36048,110,0
5543.97267223,5543.97340798,1216.62635494,1216.59807189,0.02674251,313.57698898,0.01998436,0.01998436,36047,110,0
5544.12912267,5544.12722017,1222.54123389,1222.61442140,0.10907241,313.74044351,0.01998437,0.01998436,36046,110,0
5544.28058952,5544.28104089,1228.46059436,1228.44321858,0.06453039,313.89815295,0.01998436,0.01998436,36045,110,0
5544.43604196,5544.43487015,1234.38427565,1234.42941470,0.06777328,314.05945562,0.01998436,0.01998436,36044,110,0
5544.58600300,5544.58870795,0.00000000,1240.21574593,0.06993377,314.21473172,0.01998435,0.01998436,36043,110,1
5544.74115972,5544.74255428,1246.24403130,1246.19024384,0.03639846,314.37439595,0.01998436,0.01998436,36042,110,0
5544.89871753,5544.89640915,0.00000000,1252.27638423,0.07012159,314.53635281,0.01998437,0.01998436,36041,110,1
5545.04994750,5545.05027255,1258.12039072,1258.10783690,0.06461374,314.69087799,0.01998436,0.01998436,36040,110,0
5545.20580651,5545.20414450,1264.06502227,1264.12925399,0.07567645,314.84976498,0.01998437,0.01998436,36039,110,0
5545.35891235,5545.35802498,1270.01408015,1270.04839812,0.07037097,315.00528778,0.01998436,0.01998436,36038,110,0
5545.51207184,5545.51191401,1275.96765707,1275.97376543,0.01959470,315.16031315,0.01998436,0.01998436,36037,110,0
5545.66412289,5545.66581157,1281.92579287,1281.86039264,0.06149890,315.31367007,0.01998435,0.01998436,36036,110,0
5545.82069565,5545.81971768,1287.88846305,1287.92636542,0.08197994,315.47101630,0.01998436,0.01998436,36035,110,0
5545.97453873,5545.97363233,1293.85563913,1293.89079210,0.04767771,315.62505254,0.01998436,0.01998436,36034,110,0
5546.12832356,5546.12755552,1299.82729250,1299.85710006,0.05067252,315.77846671,0.01998436,0.01998436,36033,110,0
5546.28081609,5546.28148726,1305.80339441,1305.77732874,0.04464815,315.93003293,0.01998436,0.01998436,36032,110,0
5546.43622596,5546.43542754,1311.78391553,1311.81494462,0.04344324,316.08392405,0.01998436,0.01998436,36031,110,0
5546.58793194,5546.58937636,1317.76882116,1317.71264933,0.04851072,316.23358559,0.01998436,0.01998436,36030,110,0
5546.74559485,5546.74333373,0.00000000,1323.84861498,0.09114671,316.38859730,0.01998437,0.01998436,36029,110,1
5546.89683162,5546.89729965,1329.75163243,1329.73340696,0.07083309,316.53659680,0.01998436,0.01998436,36028,110,0
5547.05034317,5547.05127412,1335.74946079,1335.71318532,0.06421690,316.68631625,0.01998436,0.01998436,36027,110,0
5547.20586692,5547.20525714,1341.75151914,1341.77529535,0.09628654,316.83740877,0.01998436,0.01998436,36026,110,0
5547.36006863,5547.35924870,1347.75779189,1347.78978304,0.04637745,316.98662940,0.01998436,0.01998436,36025,110,0
5547.51554254,5547.51324881,0.00000000,1353.86201972,0.04716884,317.13659060,0.01998437,0.01998436,36024,110,1
5547.66698951,5547.66725748,1359.78343608,1359.77296627,0.10240924,317.28190044,0.01998436,0.01998436,36023,110,0
5547.82078836,5547.82127470,1365.80309377,1365.78407879,0.08777725,317.42899665,0.01998436,0.01998436,36022,110,0
5547.97628341,5547.97530046,1371.82750045,1371.86596074,0.02112258,317.57713076,0.01998437,0.01998436,36021,110,0
5548.13003263,5548.12933479,1377.85680050,1377.88412643,0.05263895,317.72302588,0.01998436,0.01998436,36020,110,0
5548.28328013,5548.28337766,1383.89106441,1383.88724244,0.03062595,317.86787519,0.01998436,0.01998436,36019,110,0
5548.43534752,5548.43742909,0.00000000,1389.85476317,0.02399528,318.01119146,0.01998435,0.01998436,36018,110,1
5548.59242858,5548.59148908,1395.97408395,1396.01095469,0.03334974,318.15833442,0.01998437,0.01998436,36017,110,0
5548.74530140,5548.74555762,1402.02260522,1402.01254315,0.05086079,318.30109336,0.01998436,0.01998436,36016,110,0
5548.89968283,5548.89963472,1408.07564365,1408.07753440,0.06032386,318.44466959,0.01998436,0.01998436,36015,110,0
5549.05392108,5549.05372037,1414.13308369,1414.14097672,0.04470265,318.58751483,0.01998436,0.01998436,36014,110,0
5549.20638899,5549.20781458,1420.19487457,1420.13877586,0.08287616,318.72813055,0.01998436,0.01998436,36013,110,0
5549.36138345,5549.36191736,1426.26102892,1426.24000521,0.04255228,318.87047406,0.01998436,0.01998436,36012,110,0
5549.51648794,5549.51602869,1432.33156204,1432.34965838,0.06728546,319.01230951,0.01998436,0.01998436,36011,110,0
5549.67020640,5549.67014858,1438.40648931,1438.40876885,0.06615313,319.15227521,0.01998436,0.01998436,36010,110,0
5549.82360215,5549.82427704,1444.48582615,1444.45919760,0.01651357,319.29134825,0.01998436,0.01998436,36009,110,0
5549.97995088,5549.97841405,1450.56960997,1450.63028952,0.07399530,319.43248231,0.01998437,0.01998436,36008,110,0
5550.13144144,5550.13255963,1456.65801974,1456.61383754,0.06983373,319.56864007,0.01998436,0.01998436,36007,110,0
5550.28930826,5550.28671378,0.00000000,1462.86548422,0.03957555,319.71017574,0.01998437,0.01998436,36006,110,1
5550.44227300,5550.44087648,1468.84966203,1468.90492778,0.02621913,319.84620571,0.01998437,0.01998436,36005,110,0
5550.59463070,5550.59504776,1474.95336996,1474.93685168,0.05441114,319.98137814,0.01998436,0.01998436,36004,110,0
5550.74994664,5550.74922760,1481.06265369,1481.09115813,0.05826851,320.11858424,0.01998436,0.01998436,36003,110,0
5550.90328802,5550.90341600,1487.17758013,1487.17250257,0.09778232,320.25346032,0.01998436,0.01998436,36002,110,0
5551.05725247,5551.05761297,1493.29783115,1493.28351704,0.06817262,320.38829007,0.01998436,0.01998436,36001,110,0
5551.21271305,5551.21181851,1499.42303501,1499.45857968,0.07574638,320.52381564,0.01998437,0.01998436,36000,110,0
5551.36502056,5551.36603262,1505.55281818,1505.51257707,0.09331887,320.65598412,0.01998436,0.01998436,35999,110,0
5551.51915863,5551.52025530,1511.68680538,1511.64317397,0.06739087,320.78911850,0.01998436,0.01998436,35998,110,0
5551.67481056,5551.67448655,1517.82464310,1517.83754113,0.05157383,320.92291572,0.01998436,0.01998436,35997,110,0
5551.82751095,5551.82872637,1523.96635486,1523.91794283,0.05905958,321.05354537,0.01998436,0.01998436,35996,110,0
5551.98165597,5551.98297477,1530.11227005,1530.05970640,0.06195116,321.18478325,0.01998436,0.01998436,35995,110,0
5552.13738307,5552.13723173,1536.26272832,1536.26876473,0.06639018,321.31673362,0.01998436,0.01998436,35994,110,0
5552.29069042,5552.29149727,1542.41807095,1542.38586432,0.08003732,321.44601639,0.01998436,0.01998436,35993,110,0
5552.44523825,5552.44577138,1548.57864081,1548.55734261,0.00940607,321.57573086,0.01998436,0.01998436,35992,110,0
5552.59966293,5552.60005407,1554.74469739,1554.72905871,0.08757449,321.70472947,0.01998436,0.01998436,35991,110,0
5552.75412444,5552.75434533,1560.91614930,1560.90731036,0.03302420,321.83314260,0.01998436,0.01998436,35990,110,0
5552.90863954,5552.90864517,1567.09281357,1567.09258819,0.05611877,321.96097800,0.01998436,0.01998436,35989,110,0
5553.06298231,5553.06295358,1573.27450630,1573.27565762,0.07223662,322.08804391,0.01998436,0.01998436,35988,110,0
5553.21771175,5553.21727057,1579.46104275,1579.47873551,0.07309342,322.21479369,0.01998436,0.01998436,35987,110,0
5553.37210986,5553.37159615,1585.65224120,1585.67285725,0.05562880,322.34063349,0.01998436,0.01998436,35986,110,0
5553.52463587,5553.52593029,1591.84805623,1591.79607306,0.01598359,322.46431868,0.01998436,0.01998436,35985,110,0
5553.68135461,5553.68027302,1598.04861148,1598.09207891,0.02769740,322.59075376,0.01998437,0.01998436,35984,110,0
5553.83261044,5553.83462433,0.00000000,1604.18343281,0.05587490,322.71236452,0.01998436,0.01998436,35983,110,1
5553.98966644,5553.98898422,1610.46448207,1610.49194045,0.06604032,322.83756982,0.01998436,0.01998436,35982,110,0
5554.14143620,5554.14335270,0.00000000,1616.61427352,0.10434574,322.95835930,0.01998436,0.01998436,35981,110,1
5554.29881393,5554.29772975,1622.90091399,1622.94461985,0.04279729,323.08250605,0.01998437,0.01998436,35980,110,0
5554.45247013,5554.45211539,1629.12698960,1629.14130126,0.02929096,323.20329611,0.01998436,0.01998436,35979,110,0
5554.60684395,5554.60650961,1635.35821603,1635.37171513,0.05982523,323.32401020,0.01998436,0.01998436,35978,110,0
5554.76151712,5554.76091241,1641.59451329,1641.61894637,0.07572119,323.44431159,0.01998436,0.01998436,35977,110,0
5554.91716996,5554.91532381,0.00000000,1647.92155043,0.03753732,323.56492981,0.01998437,0.01998436,35976,110,1
5555.06764967,5555.06974378,0.00000000,1654.00840254,0.03306293,323.68070439,0.01998436,0.01998436,35975,110,1
5555.22429511,5555.22417235,1660.33310645,1660.33807776,0.06913162,323.80035276,0.01998436,0.01998436,35974,110,0
5555.37769750,5555.37860950,1666.58922902,1666.55227092,0.06303760,323.91707941,0.01998436,0.01998436,35973,110,0
5555.53324735,5555.53305524,1672.85048504,1672.85827623,0.03765239,324.03478231,0.01998436,0.01998436,35972,110,0
5555.68730483,5555.68750957,1679.11699259,1679.10868260,0.09065733,324.15070349,0.01998436,0.01998436,35971,110,0
5555.84210456,5555.84197249,1685.38887031,1685.39423537,0.08107500,324.26652953,0.01998436,0.01998436,35970,110,0
5555.99663772,5555.99644399,1691.66621179,1691.67408767,0.05890080,324.38150240,0.01998436,0.01998436,35969,110,0
5556.15273001,5556.15092409,0.00000000,1698.03318764,0.05636710,324.49716411,0.01998437,0.01998436,35968,110,1
5556.30467389,5556.30541279,1704.23697812,1704.20689204,0.05629360,324.60872010,0.01998436,0.01998436,35967,110,0
5556.45973209,5556.45991007,1710.53015939,1710.52290707,0.06157854,324.72209950,0.01998436,0.01998436,35966,110,0
5556.61479635,5556.61441595,1716.82837592,1716.84388840,0.02678265,324.83481052,0.01998436,0.01998436,35965,110,0
5556.76774666,5556.76893042,1723.13150676,1723.08320038,0.03691352,324.94532199,0.01998436,0.01998436,35964,110,0
5556.92344032,5556.92345348,1729.43953071,1729.43899322,0.08454812,325.05713727,0.01998436,0.01998436,35963,110,0
5557.07901923,5557.07798514,1735.75256009,1735.79482107,0.05237635,325.16818678,0.01998437,0.01998436,35962,110,0
5557.23207139,5557.23252540,1742.07071706,1742.05214845,0.05828442,325.27676655,0.01998436,0.01998436,35961,110,0
5557.38629711,5557.38707425,1748.39412436,1748.36231480,0.05999131,325.38551083,0.01998436,0.01998436,35960,110,0
5557.54224755,5557.54163170,1754.72290536,1754.74813293,0.05928737,325.49478959,0.01998437,0.01998436,35959,110,0
5557.69620582,5557.69619775,1761.05716216,1761.05749312,0.04074120,325.60199991,0.01998436,0.01998436,35958,110,0
5557.85156798,5557.85077240,1767.39689421,1767.42953724,0.09516589,325.70950856,0.01998437,0.01998436,35957,110,0
5558.00662975,5558.00535565,1773.74207054,1773.79438951,0.05652378,325.81612652,0.01998437,0.01998436,35956,110,0
5558.15923490,5558.15994749,1780.09265998,1780.06337520,0.03454685,325.92038693,0.01998436,0.01998436,35955,110,0
5558.31440746,5558.31454794,1786.44863121,1786.44285327,0.08765486,326.02571907,0.01998436,0.01998436,35954,110,0
5558.46975122,5558.46915699,1792.80995289,1792.83441155,0.04347653,326.13047585,0.01998437,0.01998436,35953,110,0
5558.62349995,5558.62377465,1799.17659654,1799.16528101,0.04466283,326.23347335,0.01998436,0.01998436,35952,110,0
5558.77929443,5558.77840090,1805.54853642,1805.58537186,0.05667176,326.33714525,0.01998437,0.01998436,35951,110,0
5558.93304115,5558.93303576,1811.92574671,1811.92596912,0.02716297,326.43876529,0.01998436,0.01998436,35950,110,0
5559.08791839,5559.08767923,1818.30820148,1818.31807586,0.08616477,326.54043810,0.01998436,0.01998436,35949,110,0
5559.24308518,5559.24233130,1824.69587469,1824.72702444,0.08290983,326.64159977,0.01998437,0.01998436,35948,110,0
5559.39833132,5559.39699197,1831.08876475,1831.14414807,0.05207221,326.74210888,0.01998437,0.01998436,35947,110,0
5559.55190130,5559.55166125,1837.48693759,1837.49687128,0.06630408,326.84083890,0.01998436,0.01998436,35946,110,0
5559.70700698,5559.70633914,1843.89047091,1843.91812980,0.02594434,326.93985503,0.01998437,0.01998436,35945,110,0
5559.86162584,5559.86102564,1850.29944284,1850.32432019,0.06733451,327.03785830,0.01998437,0.01998436,35944,110,0
5560.01609686,5560.01572075,1856.71393187,1856.72953366,0.04198716,327.13506717,0.01998437,0.01998436,35943,110,0
5560.17100688,5560.17042447,1863.13401729,1863.15819687,0.06237339,327.23184819,0.01998437,0.01998436,35942,110,0
5560.32438726,5560.32513679,1869.55978231,1869.52863843,0.07214188,327.32697813,0.01998436,0.01998436,35941,110,0
5560.48075929,5560.47985773,1875.99131235,1876.02880487,0.05172404,327.42325042,0.01998437,0.01998436,35940,110,0
5560.63444984,5560.63458728,1882.42869325,1882.42297253,0.05663407,327.51716945,0.01998436,0.01998436,35939,110,0
5560.78971809,5560.78932544,1888.87201130,1888.88836846,0.02179444,327.61134470,0.01998437,0.01998436,35938,110,0
5560.94458267,5560.94407222,1895.32134962,1895.34263313,0.06765494,327.70456544,0.01998437,0.01998436,35937,110,0
5561.09879491,5561.09882761,1901.77665908,1901.77529445,0.03617994,327.79668641,0.01998436,0.01998436,35936,110,0
5561.25371416,5561.25359161,1908.23772166,1908.24284005,0.04754881,327.88851405,0.01998437,0.01998436,35935,110,0
5561.40857901,5561.40836423,1914.70430731,1914.71328447,0.03325565,327.97958722,0.01998437,0.01998436,35934,110,0
5561.56436331,5561.56314546,1921.17618477,1921.22712550,0.05727674,328.07046735,0.01998437,0.01998436,35933,110,0
5561.71887344,5561.71793532,1927.65312160,1927.69238969,0.05250730,328.15987213,0.01998437,0.01998436,35932,110,0
5561.87255371,5561.87273379,1934.13499985,1934.12745692,0.06684197,328.24807022,0.01998436,0.01998436,35931,110,0
5562.02685552,5562.02754087,1940.62205947,1940.59332922,0.08547613,328.33589756,0.01998436,0.01998436,35930,110,0
5562.18396848,5562.18235658,0.00000000,1947.18600388,0.06016966,328.42462883,0.01998437,0.01998436,35929,110,1
5562.33615864,5562.33718090,1953.61296598,1953.57004060,0.08704237,328.50976441,0.01998436,0.01998437,35928,110,0
5562.49138611,5562.49201385,1960.11743852,1960.09105513,0.03562783,328.59592657,0.01998436,0.01998437,35927,110,0
5562.64570437,5562.64685542,1966.62829396,1966.57987216,0.05420045,328.68086063,0.01998436,0.01998437,35926,110,0
5562.80300212,5562.80170561,1973.14541655,1973.20000642,0.03247836,328.76668833,0.01998437,0.01998437,35925,110,0
5562.95616239,5562.95656442,1979.66851246,1979.65157069,0.09295876,328.84952862,0.01998436,0.01998437,35924,110,0
5563.11266435,5563.11143185,1986.19728532,1986.24926440,0.05985415,328.93342652,0.01998437,0.01998437,35923,110,0
5563.26723816,5563.26630791,1992.73143717,1992.77069833,0.03820071,329.01554102,0.01998437,0.01998437,35922,110,0
5563.42078681,5563.42119260,1999.27067894,1999.25354070,0.06789329,329.09636778,0.01998436,0.01998437,35921,110,0
5563.57583179,5563.57608590,2005.81494554,2005.80420540,0.05519182,329.17722808,0.01998436,0.01998437,35920,110,0
5563.73225185,5563.73098784,2012.36438873,2012.41785276,0.07325250,329.25803768,0.01998437,0.01998437,35919,110,0
5563.88606802,5563.88589840,2018.91916991,2018.92634970,0.04019145,329.33675010,0.01998437,0.01998437,35918,110,0
5564.03987974,5564.04081759,2025.47945130,2025.43972077,0.03104944,329.41471462,0.01998436,0.01998437,35917,110,0
5564.19554938,5564.19574541,2032.04539605,2032.03708484,0.05248501,329.49286168,0.01998436,0.01998437,35916,110,0
5564.35107867,5564.35068185,2038.61717356,2038.63401207,0.07116321,329.57017547,0.01998437,0.01998437,35915,110,0
5564.50456345,5564.50562693,2045.19496418,2045.14979737,0.05200927,329.64572542,0.01998436,0.01998437,35914,110,0
5564.66072227,5564.66058064,2051.77895028,2051.78497104,0.06461982,329.72182945,0.01998436,0.01998437,35913,110,0
5564.81541233,5564.81554297,2058.36931524,2058.36375652,0.07251771,329.79645955,0.01998436,0.01998437,35912,110,0
5564.97150352,5564.97051394,2064.96624338,2065.00838898,0.01367671,329.87100056,0.01998437,0.01998437,35911,110,0
5565.12601948,5565.12549354,2071.56985898,2071.59227970,0.05458969,329.94403137,0.01998437,0.01998437,35910,110,0
5565.28236005,5565.28048178,2078.18007123,2078.26021684,0.06146981,330.01715356,0.01998437,0.01998437,35909,110,0
5565.43565567,5565.43547865,2084.79674119,2084.80430150,0.06938322,330.08809475,0.01998436,0.01998437,35908,110,0
5565.59123998,5565.59048415,2091.41972917,2091.45203808,0.05054132,330.15932496,0.01998437,0.01998437,35907,110,0
5565.74572414,5565.74549829,2098.04889468,2098.05855747,0.03022564,330.22928014,0.01998437,0.01998437,35906,110,0
5565.89991618,5565.90052107,2104.68410884,2104.65820769,0.06868605,330.29833304,0.01998436,0.01998437,35905,110,0
5566.05563409,5566.05555248,2111.32532224,2111.32881984,0.08398878,330.36728586,0.01998436,0.01998437,35904,110,0
5566.21029764,5566.21059253,2117.97251717,2117.95986869,0.01924256,330.43499014,0.01998436,0.01998437,35903,110,0
5566.36542101,5566.36564122,2124.62567583,2124.61622280,0.04583636,330.50211087,0.01998436,0.01998437,35902,110,0
5566.52210855,5566.52069854,0.00000000,2131.36088079,0.07925463,330.56926162,0.01998437,0.01998437,35901,110,1
5566.67692769,5566.67576451,2137.94982057,2137.99983761,0.08889933,330.63451414,0.01998437,0.01998437,35900,110,0
5566.83132237,5566.83083912,2144.62087748,2144.64167510,0.05583077,330.69895521,0.01998437,0.01998437,35899,110,0
5566.98567988,5566.98592236,2151.29809134,2151.28764639,0.06508724,330.76259563,0.01998436,0.01998437,35898,110,0
5567.14003356,5567.14101425,2157.98160414,2157.93932343,0.03390963,330.82544855,0.01998436,0.01998437,35897,110,0
5567.29665347,5567.29611479,2164.67155864,2164.69480436,0.02621411,330.88841999,0.01998437,0.01998437,35896,110,0
5567.45113738,5567.45122396,2171.36809329,2171.36435348,0.05308330,330.94973788,0.01998436,0.01998437,35895,110,0
5567.60543423,5567.60634178,2178.07123830,2178.03200204,0.02919952,331.01019153,0.01998436,0.01998437,35894,110,0
5567.76190884,5567.76146825,2184.78091958,2184.79998509,0.05012735,331.07068903,0.01998437,0.01998437,35893,110,0
5567.91584807,5567.91660336,2191.49705839,2191.46434572,0.03841196,331.12940784,0.01998436,0.01998437,35892,110,0
5568.07147937,5568.07174711,2198.21957557,2198.20796892,0.08141733,331.18796399,0.01998436,0.01998437,35891,110,0
5568.22648654,5568.22689952,2204.94839133,2204.93047309,0.01203107,331.24547468,0.01998436,0.01998437,35890,110,0
5568.38257855,5568.38206057,2211.68342008,2211.70591339,0.06006876,331.30256729,0.01998437,0.01998437,35889,110,0
5568.53713667,5568.53723027,2218.42456863,2218.42050065,0.04694770,331.35828448,0.01998437,0.01998437,35888,110,0
5568.69325876,5568.69240862,2225.17174274,2225.20872233,0.06588149,331.41373972,0.01998437,0.01998437,35887,110,0
5568.84721180,5568.84759561,2231.92484763,2231.90813899,0.03155220,331.46760888,0.01998437,0.01998437,35886,110,0
5569.00358049,5569.00279126,2238.68378918,2238.71817469,0.06174065,331.52149128,0.01998437,0.01998437,35885,110,0
5569.15720699,5569.15799556,2245.44857844,2245.41419330,0.06015810,331.57361017,0.01998436,0.01998437,35884,110,0
5569.31173869,5569.31320852,2252.21941107,2252.15526572,0.03225685,331.62521697,0.01998436,0.01998437,35883,110,0
5569.46752775,5569.46843012,2258.99650237,2258.95708670,0.07969632,331.67641141,0.01998436,0.01998437,35882,110,0
5569.62391865,5569.62366038,2265.78006887,2265.79136052,0.09189061,331.72696241,0.01998437,0.01998437,35881,110,0
5569.77836649,5569.77889929,2272.57032792,2272.54701166,0.06896979,331.77605733,0.01998436,0.01998437,35880,110,0
5569.93335586,5569.93414686,2279.36742367,2279.33277574,0.04974318,331.82449576,0.01998436,0.01998437,35879,110,0
5570.08930287,5570.08940308,2286.17134062,2286.16694714,0.07698011,331.87239304,0.01998437,0.01998437,35878,110,0
5570.24381621,5570.24466796,2292.98204229,2292.94466307,0.05405421,331.91901578,0.01998436,0.01998437,35877,110,0
5570.39831717,5570.39994149,2299.79949196,2299.72814150,0.06308644,331.96480180,0.01998436,0.01998437,35876,110,0
5570.55503357,5570.55522369,2306.62365264,2306.61529384,0.02810363,332.01039063,0.01998437,0.01998437,35875,110,0
5570.70999930,5570.71051454,2313.45446550,2313.43179134,0.04961363,332.05462185,0.01998436,0.01998437,35874,110,0
5570.86656678,5570.86581405,2320.29181752,2320.32497281,0.04686604,332.09845032,0.01998437,0.01998437,35873,110,0
5571.02033813,5571.02112222,2327.13558669,2327.10102038,0.03053363,332.14065158,0.01998436,0.01998437,35872,110,0
5571.17674521,5571.17643905,2333.98565027,2333.99915860,0.08572606,332.18271454,0.01998437,0.01998437,35871,110,0
5571.33197127,5571.33176455,2340.84188497,2340.85101365,0.09412595,332.22359766,0.01998437,0.01998437,35870,110,0
5571.48561757,5571.48709870,2347.70427268,2347.63881081,0.04152439,332.26321645,0.01998436,0.01998437,35869,110,0
5571.64035875,5571.64244152,0.00000000,2354.48974806,0.06960292,332.30231351,0.01998436,0.01998437,35868,110,1
5571.79829410,5571.79779300,2361.44863043,2361.47081888,0.06909469,332.34123317,0.01998437,0.01998437,35867,110,0
5571.95442485,5571.95315314,2368.33123829,2368.38760470,0.03601322,332.37887852,0.01998437,0.01998437,35866,110,0
5572.10843252,5572.10852195,2375.22122693,2375.21725880,0.06379479,332.41515509,0.01998437,0.01998437,35865,110,0
5572.26445141,5572.26389943,2382.11878499,2382.14330119,0.07078588,332.45103585,0.01998437,0.01998437,35864,110,0
5572.42052442,5572.41928557,2389.02373428,2389.07881301,0.02569459,332.48604963,0.01998437,0.01998437,35863,110,0
5572.57597228,5572.57468038,2395.93583332,2395.99332567,0.06789043,332.52004487,0.01998437,0.01998437,35862,110,0
5572.72997496,5572.73008386,2402.85483917,2402.84998826,0.07291637,332.55285594,0.01998437,0.01998437,35861,110,0
5572.88514939,5572.88549601,2409.78050759,2409.76505465,0.07441755,332.58503905,0.01998437,0.01998437,35860,110,0
5573.04181271,5573.04091682,2416.71267538,2416.75265208,0.05649742,332.61663402,0.01998437,0.01998437,35859,110,0
5573.19567167,5573.19634631,2423.65139019,2423.62125969,0.05618190,332.64678407,0.01998436,0.01998437,35858,110,0
5573.35217876,5573.35178446,2430.59673348,2430.61435971,0.03107687,332.67655688,0.01998437,0.01998437,35857,110,0
5573.50650687,5573.50723129,2437.54878717,2437.51637436,0.03329886,332.70502801,0.01998436,0.01998437,35856,110,0
5573.66366087,5573.66268679,2444.50763385,2444.55125847,0.05655701,332.73311295,0.01998437,0.01998437,35855,110,0
5573.81847372,5573.81815096,2451.47339999,2451.48786850,0.02964690,332.75988204,0.01998437,0.01998437,35854,110,0
5573.97479339,5573.97362381,2458.44631074,2458.49879264,0.03946688,332.78600610,0.01998437,0.01998437,35853,110,0
5574.13024388,5574.12910533,2465.42660601,2465.47774755,0.05835554,332.81108064,0.01998437,0.01998437,35852,110,0
5574.28364202,5574.28459552,2472.41452710,2472.37165291,0.05045492,332.83493824,0.01998436,0.01998437,35851,110,0
5574.44010540,5574.44009439,2479.41031471,2479.41081038,0.04702705,332.85836391,0.01998437,0.01998437,35850,110,0
5574.59593895,5574.59560194,2486.41399907,2486.42918507,0.05169296,332.88078023,0.01998437,0.01998437,35849,110,0
5574.75185448,5574.75111817,2493.42521718,2493.45842904,0.04794064,332.90229031,0.01998437,0.01998437,35848,110,0
5574.90691080,5574.90664307,2500.44356104,2500.45564836,0.04937315,332.92276711,0.01998437,0.01998437,35847,110,0
5575.06150196,5575.06217665,2507.46862017,2507.43813295,0.05951043,332.94227061,0.01998437,0.01998437,35846,110,0
5575.21811140,5575.21771891,2514.49998739,2514.51773739,0.04354809,332.96109670,0.01998437,0.01998437,35845,110,0
5575.37336992,5575.37326985,2521.53754322,2521.54207275,0.03689859,332.97883175,0.01998437,0.01998437,35844,110,0
5575.52836238,5575.52882947,2528.58158486,2528.56042438,0.07553110,332.99561251,0.01998437,0.01998437,35843,110,0
5575.68401651,5575.68439778,2535.63244366,2535.61515531,0.06680920,333.01153418,0.01998437,0.01998437,35842,110,0
5575.83905152,5575.83997476,2542.69045302,2542.64854830,0.05030691,333.02646347,0.01998436,0.01998437,35841,110,0
5575.99514424,5575.99556043,2549.75593998,2549.73703045,0.04192127,333.04055581,0.01998437,0.01998437,35840,110,0
5576.15093175,5576.15115478,2556.82902249,2556.81887871,0.06379381,333.05367869,0.01998437,0.01998437,35839,110,0
5576.30659035,5576.30675782,2563.90959722,2563.90197274,0.06156086,333.06584783,0.01998437,0.01998437,35838,110,0
5576.46310980,5576.46236954,2570.99754962,2571.03128408,0.07383367,333.07713085,0.01998437,0.01998437,35837,110,0
5576.61823220,5576.61798995,2578.09276441,2578.10381494,0.06780741,333.08736691,0.01998437,0.01998437,35836,110,0
5576.77483699,5576.77361904,2585.19513422,2585.25074353,0.06516245,333.09674228,0.01998437,0.01998437,35835,110,0
5576.92892578,5576.92925682,2592.30466840,2592.28953901,0.03012317,333.10502436,0.01998437,0.01998437,35834,110,0
5577.08421223,5577.08490329,2599.42146108,2599.38984768,0.03299698,333.11242224,0.01998437,0.01998437,35833,110,0
5577.24023879,5577.24055845,2606.54560882,2606.53097110,0.05513467,333.11889360,0.01998437,0.01998437,35832,110,0
5577.39573375,5577.39622230,2613.67720877,2613.65481533,0.03147239,333.12438103,0.01998437,0.01998437,35831,110,0
5577.55237937,5577.55189484,2620.81635962,2620.83859142,0.05381322,333.12893529,0.01998437,0.01998437,35830,110,0
5577.70712286,5577.70757607,2627.96316791,2627.94235187,0.09911115,333.13247178,0.01998437,0.01998437,35829,110,0
5577.86361509,5577.86326599,2635.11774418,2635.13379497,0.05821674,333.13507242,0.01998437,0.01998437,35828,110,0
5578.01845101,5578.01896460,2642.28019962,2642.25656096,0.04639764,333.13667681,0.01998437,0.01998437,35827,110,0
5578.17502739,5578.17467191,2649.45064614,2649.46702502,0.03267965,333.13731629,0.01998437,0.01998437,35826,110,0
5578.33009954,5578.33038791,2656.62916341,2656.61586271,0.03119173,333.13697230,0.01998437,0.01998437,35825,110,0
5578.48512038,5578.48611260,2663.81569435,2663.76988037,0.05630578,333.13565321,0.01998436,0.01998437,35824,110,0
5578.64187328,5578.64184599,2671.01014565,2671.01140698,0.08006246,333.13332484,0.01998437,0.01998437,35823,110,0
5578.79777244,5578.79758808,2678.21242341,2678.22095335,0.06929651,333.13001419,0.01998437,0.01998437,35822,110,0
5578.95384209,5578.95333886,2685.42243335,2685.44574063,0.04680551,333.12570306,0.01998437,0.01998437,35821,110,0
5579.10877202,5579.10909834,2692.64014163,2692.62501249,0.04725920,333.12043395,0.01998437,0.01998437,35820,110,0
5579.26640151,5579.26486652,2699.86564915,2699.93688855,0.07537411,333.11405816,0.01998437,0.01998437,35819,110,0
5579.42164419,5579.42064340,2707.09907553,2707.14557106,0.06525740,333.10677523,0.01998437,0.01998437,35818,110,0
5579.57673408,5579.57642898,2714.34054111,2714.35473098,0.03080742,333.09850170,0.01998437,0.01998437,35817,110,0
5579.73031173,5579.73222326,0.00000000,2721.51300929,0.02133265,333.08930692,0.01998436,0.01998437,35816,110,1
5579.88798489,5579.88802624,2728.84791125,2728.84598434,0.06384660,333.07887554,0.01998437,0.01998437,35815,110,0
5580.04426857,5580.04383792,2736.11359327,2736.13368524,0.04953777,333.06749368,0.01998437,0.01998437,35814,110,0
5580.19977108,5580.19965830,2743.38700277,2743.39226977,0.03697052,333.05515162,0.01998437,0.01998437,35813,110,0
5580.35595037,5580.35548739,2750.66793287,2750.68957540,0.06015522,333.04173205,0.01998437,0.01998437,35812,110,0
5580.51201210,5580.51132518,2757.95620543,2757.98834723,0.08602564,333.02729515,0.01998437,0.01998437,35811,110,0
5580.66848869,5580.66717167,2765.25194043,2765.31362550,0.04296137,333.01178557,0.01998437,0.01998437,35810,110,0
5580.82241497,5580.82302687,2772.55542998,2772.52674097,0.03408596,332.99551477,0.01998437,0.01998437,35809,110,0
5580.97944202,5580.97889078,2779.86697013,2779.89284245,0.07129489,332.97787616,0.01998437,0.01998437,35808,110,0
5581.13399413,5581.13476340,2787.18685884,2787.15071351,0.07784280,332.95948596,0.01998437,0.01998437,35807,110,0
5581.29135812,5581.29064472,2794.51533375,2794.54889187,0.03958103,332.93970773,0.01998437,0.01998437,35806,110,0
5581.44566974,5581.44653475,2801.85238623,2801.81165167,0.06408314,332.91927761,0.01998437,0.01998437,35805,110,0
5581.60335748,5581.60243349,2809.19794595,2809.24150638,0.03683513,332.89733800,0.01998437,0.01998437,35804,110,0
5581.75905796,5581.75834094,2816.55194205,2816.58578186,0.04739020,332.87461797,0.01998437,0.01998437,35803,110,0
5581.91559112,5581.91425710,2823.91430352,2823.97733041,0.06284246,332.85071464,0.01998437,0.01998437,35802,110,0
5582.07121284,5582.07018197,2831.28498114,2831.33373744,0.05526339,332.82589202,0.01998437,0.01998437,35801,110,0
5582.22698359,5582.22611555,2838.66396155,2838.70506052,0.03628189,332.79998550,0.01998437,0.01998437,35800,110,0
5582.38271425,5582.38205785,2846.05123454,2846.08234606,0.06866436,332.77302221,0.01998437,0.01998437,35799,110,0
5582.53790352,5582.53800886,2853.44678981,2853.44179211,0.05534710,332.74509167,0.01998437,0.01998437,35798,110,0
5582.69292372,5582.69396858,2860.85061296,2860.80098459,0.06830842,332.71613099,0.01998437,0.01998437,35797,110,0
5582.84921255,5582.84993702,2868.26264137,2868.22819493,0.06724030,332.68585727,0.01998437,0.01998437,35796,110,0
5583.00504277,5583.00591417,2875.68278005,2875.64130467,0.04947133,332.65459387,0.01998437,0.01998437,35795,110,0
5583.16070101,5583.16190004,2883.11093275,2883.05380553,0.04021979,332.62228707,0.01998437,0.01998437,35794,110,0
5583.31720875,5583.31789463,2890.54700254,2890.51429123,0.03662264,332.58871506,0.01998437,0.01998437,35793,110,0
5583.47304003,5583.47389794,2897.99096229,2897.95000531,0.06065819,332.55420037,0.01998437,0.01998437,35792,110,0
5583.63008327,5583.62990996,2905.44304983,2905.45133248,0.02854275,332.51831481,0.01998437,0.01998437,35791,110,0
5583.78746555,5583.78593070,0.00000000,2912.97669819,0.05491552,332.48123815,0.01998438,0.01998437,35790,110,1
5583.94180252,5583.94196017,2920.37281772,2920.36526669,0.02478136,332.44378691,0.01998437,0.01998437,35789,110,0
5584.09744835,5584.09799835,2927.85110192,2927.82472709,0.08792907,332.40492245,0.01998437,0.01998437,35788,110,0
5584.25512959,5584.25404526,2935.33850163,2935.39056001,0.02658749,332.36442216,0.01998437,0.01998437,35787,110,0
5584.40818618,5584.41010088,0.00000000,2942.74490600,0.06211163,332.32400999,0.01998436,0.01998437,35786,110,1
5584.56664775,5584.56616523,2950.33984063,2950.36305721,0.07148848,332.28106305,0.01998437,0.01998437,35785,110,0
5584.72198209,5584.72223831,2957.85334580,2957.84100477,0.05579707,332.23783257,0.01998437,0.01998437,35784,110,0
5584.87881720,5584.87832011,2965.37516092,2965.39912918,0.02255298,332.19305753,0.01998437,0.01998437,35783,110,0
5585.03582530,5585.03441063,0.00000000,2972.97812832,0.06137651,332.14706756,0.01998438,0.01998437,35782,110,1
5585.19147909,5585.19050988,2980.44438768,2980.49122316,0.01857002,332.10039900,0.01998437,0.01998437,35781,110,0
5585.34642386,5585.34661786,2987.99233222,2987.98294704,0.05037370,332.05279403,0.01998437,0.01998437,35780,110,0
5585.50319151,5585.50273456,2995.54952178,2995.57165474,0.03877447,332.00348442,0.01998437,0.01998437,35779,110,0
5585.65877774,5585.65885999,3003.11611140,3003.11212262,0.10386851,331.95340335,0.01998437,0.01998437,35778,110,0
5585.81612532,5585.81499415,3010.69203869,3010.74695730,0.07688921,331.90159379,0.01998437,0.01998437,35777,110,0
5585.97193340,5585.97113704,3018.27721638,3018.31592470,0.03397624,331.84913696,0.01998437,0.01998437,35776,110,0
5586.12812217,5586.12728866,3025.87155653,3025.91211675,0.05216733,331.79539615,0.01998437,0.01998437,35775,110,0
5586.28304910,5586.28344901,3033.47498504,3033.45550241,0.06407988,331.74094313,0.01998437,0.01998437,35774,110,0
5586.44050072,5586.43961810,3041.08756667,3041.13061572,0.06831459,331.68442879,0.01998437,0.01998437,35773,110,0
5586.59597148,5586.59579591,3048.70944450,3048.71801759,0.02959866,331.62745945,0.01998437,0.01998437,35772,110,0
5586.75346457,5586.75198246,0.00000000,3056.41643175,0.05673532,331.56853800,0.01998438,0.01998437,35771,110,1
5586.90831407,5586.90817774,3063.98166855,3063.98834148,0.04698167,331.50948576,0.01998437,0.01998437,35770,110,0
5587.06371030,5587.06438176,3071.63215641,3071.59925063,0.03419174,331.44903111,0.01998437,0.01998437,35769,110,0
5587.22059064,5587.22059451,3079.29189535,3079.29170544,0.06217785,331.38680996,0.01998437,0.01998437,35768,110,0
5587.37798562,5587.37681600,3086.96050777,3087.01795284,0.04615985,331.32318341,0.01998438,0.01998437,35767,110,0
5587.53357134,5587.53304622,3094.63761326,3094.66343034,0.04581604,331.25910527,0.01998437,0.01998437,35766,110,0
5587.68941148,5587.68928519,3102.32288556,3102.32910074,0.01600203,331.19374269,0.01998437,0.01998437,35765,110,0
5587.84420825,5587.84553289,3110.01655083,3109.95129043,0.03758166,331.12764375,0.01998437,0.01998437,35764,110,0
5588.00091656,5588.00178933,3117.71914984,3117.67610259,0.06111387,331.05952862,0.01998437,0.01998437,35763,110,0
5588.15746211,5588.15805451,3125.43123083,3125.40197671,0.06692661,330.99027019,0.01998437,0.01998437,35762,110,0
5588.31539470,5588.31432843,3133.15334380,3133.20606680,0.04437752,330.91915938,0.01998437,0.01998437,35761,110,0
5588.47084171,5588.47061109,3140.88577853,3140.89719617,0.04826665,330.84794595,0.01998437,0.01998437,35760,110,0
5588.62670378,5588.62690249,3148.62831545,3148.61846535,0.06464711,330.77532327,0.01998437,0.01998437,35759,110,0
5588.78378718,5588.78320264,3156.38067484,3156.40968489,0.04370987,330.70089492,0.01998437,0.01998437,35758,110,0
5588.93942269,5588.93951153,3164.14257482,3164.13816083,0.08393870,330.62592702,0.01998437,0.01998437,35757,110,0
5589.09613032,5589.09582916,3171.91377621,3171.92875659,0.05066494,330.54920860,0.01998437,0.01998437,35756,110,0
5589.25223857,5589.25215554,3179.69435848,3179.69849343,0.08487331,330.47154777,0.01998437,0.01998437,35755,110,0
5589.40847469,5589.40849066,3187.48454122,3187.48374493,0.07262676,330.39258224,0.01998437,0.01998437,35754,110,0
5589.56596690,5589.56483453,3195.28454618,3195.34107482,0.05797118,330.31171893,0.01998438,0.01998437,35753,110,0
5589.71970482,5589.72118715,0.00000000,3203.02135143,0.06558133,330.23154510,0.01998437,0.01998437,35752,110,1
5589.87789813,5589.87754851,3210.91473820,3210.93223432,0.04550882,330.14779341,0.01998437,0.01998437,35751,110,0
5590.03280541,5590.03391862,3218.74482494,3218.68904842,0.04880799,330.06451952,0.01998437,0.01998437,35750,110,0
5590.19149374,5590.19029749,3226.58467899,3226.64468694,0.07209519,329.97792498,0.01998438,0.01998437,35749,110,0
5590.34757948,5590.34668510,3234.43412509,3234.47904210,0.01129466,329.89147686,0.01998437,0.01998437,35748,110,0
5590.50248200,5590.50308146,3242.29305674,3242.26291621,0.05544134,329.80443240,0.01998437,0.01998437,35747,110,0
5590.66029740,5590.65948658,3250.16164598,3250.20246209,0.05429289,329.71446287,0.01998437,0.01998437,35746,110,0
5590.81750345,5590.81590044,0.00000000,3258.12300772,0.03528808,329.62351708,0.01998438,0.01998437,35745,110,1
5590.97323382,5590.97232306,3265.92877033,3265.97473034,0.03726116,329.53218698,0.01998437,0.01998437,35744,110,0
5591.12771110,5591.12875443,3273.82778422,3273.77506797,0.06343615,329.44029672,0.01998437,0.01998437,35743,110,0
5591.28655352,5591.28519456,0.00000000,3281.80993280,0.05837255,329.34443714,0.01998438,0.01998437,35742,110,1
5591.44206493,5591.44164344,3289.65713251,3289.67848283,0.05766404,329.24937526,0.01998437,0.01998437,35741,110,0
5591.59850397,5591.59810108,3297.58738543,3297.60781929,0.03598664,329.15239138,0.01998437,0.01998437,35740,110,0
5591.75497077,5591.75456748,3305.52796774,3305.54844728,0.05245293,329.05407477,0.01998437,0.01998437,35739,110,0
5591.91221069,5591.91104263,3313.47884297,3313.53823195,0.08574116,328.95394307,0.01998438,0.01998437,35738,110,0
5592.06700303,5592.06752654,3321.43998538,3321.41333550,0.04093164,328.85406446,0.01998437,0.01998437,35737,110,0
5592.22286666,5592.22401921,3329.41137008,3329.35262645,0.04797872,328.75218190,0.01998437,0.01998437,35736,110,0
5592.38067715,5592.38052063,3337.39297190,3337.40095922,0.02191280,328.64768076,0.01998437,0.01998437,35735,110,0
5592.53676570,5592.53703082,3345.38481052,3345.37126434,0.07818259,328.54298306,0.01998437,0.01998437,35734,110,0
5592.69445770,5592.69354977,3353.38710248,3353.43355163,0.06022092,328.43585251,0.01998437,0.01998437,35733,110,0
5592.85134346,5592.85007748,3361.40011972,3361.46497076,0.05434539,328.32790773,0.01998438,0.01998437,35732,110,0
5593.00656372,5593.00661395,3369.42413628,3369.42155970,0.07430363,328.21976379,0.01998437,0.01998437,35731,110,0
5593.16460489,5593.16315919,3377.45940273,3377.53365917,0.08805215,328.10827170,0.01998438,0.01998437,35730,110,0
5593.31993134,5593.31971319,3385.50588402,3385.51710356,0.03850319,327.99733101,0.01998437,0.01998437,35729,110,0
5593.47767884,5593.47627595,0.00000000,3393.63817427,0.07253908,327.88323949,0.01998438,0.01998437,35728,110,1
5593.63248980,5593.63284748,3401.63162044,3401.61317694,0.04342898,327.76998475,0.01998437,0.01998437,35727,110,0
5593.79069312,5593.78942778,3409.71043528,3409.77576175,0.06004386,327.65281919,0.01998438,0.01998437,35726,110,0
5593.94718515,5593.94601684,3417.79973108,3417.86012323,0.10953378,327.53553323,0.01998438,0.01998437,35725,110,0
5594.10283901,5594.10261467,3425.89961461,3425.91122571,0.05159117,327.41750034,0.01998437,0.01998437,35724,110,0
5594.26002655,5594.25922127,3434.01020552,3434.05193706,0.05975815,327.29690641,0.01998438,0.01998437,35723,110,0
5594.41528182,5594.41583664,3442.13162439,3442.10283528,0.06761318,327.17640955,0.01998437,0.01998437,35722,110,0
5594.57229560,5594.57246078,3450.26400066,3450.25541836,0.07621406,327.05314104,0.01998437,0.01998437,35721,110,0
5594.72833029,5594.72909368,3458.40748462,3458.36776914,0.07168294,326.92923272,0.01998437,0.01998437,35720,110,0
5594.88547333,5594.88573536,3466.56223082,3466.54858018,0.01909214,326.80301804,0.01998437,0.01998437,35719,110,0
5595.04033464,5595.04238581,0.00000000,3474.61759280,0.07070810,326.67728820,0.01998437,0.01998437,35718,110,1
5595.19902216,5595.19904504,3482.90609231,3482.90489710,0.10624822,326.54687526,0.01998437,0.01998437,35717,110,0
5595.35623349,5595.35571303,3491.09523646,3491.12245935,0.07191089,326.41627749,0.01998438,0.01998437,35716,110,0
5595.51266914,5595.51238981,3499.29567922,3499.31030901,0.06408298,326.28488212,0.01998437,0.01998437,35715,110,0
5595.66764544,5595.66907535,0.00000000,3507.42378551,0.02254796,326.15343013,0.01998437,0.01998437,35714,110,1
5595.82507680,5595.82576967,3515.72986082,3515.69347907,0.06630430,326.01816672,0.01998437,0.01998437,35713,110,0
5595.98194606,5595.98247277,3523.96329343,3523.93560209,0.06351086,325.88206827,0.01998437,0.01998437,35712,110,0
5596.13869794,5596.13918464,3532.20741107,3532.18179159,0.08974946,325.74461803,0.01998437,0.01998437,35711,110,0
5596.29470874,5596.29590530,3540.46205453,3540.39899290,0.06887362,325.60637296,0.01998437,0.01998437,35710,110,0
5596.45222328,5596.45263473,3548.72709342,3548.70538267,0.06086042,325.46533098,0.01998437,0.01998437,35709,110,0
5596.60748983,5596.60937294,0.00000000,3556.90246030,0.06831750,325.32486748,0.01998437,0.01998437,35708,110,1
5596.76559744,5596.76611993,3565.29035940,3565.26271530,0.06387924,325.18030067,0.01998437,0.01998437,35707,110,0
5596.92240596,5596.92287570,3573.59027299,3573.56538213,0.10075559,325.03542346,0.01998437,0.01998437,35706,110,0
5597.07987015,5597.07964025,3581.90349758,3581.91569883,0.05331591,324.88840205,0.01998437,0.01998437,35705,110,0
5597.23791317,5597.23641359,0.00000000,3590.31621491,0.03771799,324.73916859,0.01998438,0.01998437,35704,110,1
5597.39338837,5597.39319570,3598.56929271,3598.57954761,0.06038120,324.59107263,0.01998437,0.01998437,35703,110,0
5597.55148061,5597.54998661,0.00000000,3607.00426406,0.07271448,324.43875769,0.01998438,0.01998437,35702,110,1
5597.70766649,5597.70678629,3615.28158600,3615.32855102,0.06204353,324.28694305,0.01998438,0.01998437,35701,110,0
5597.86047681,5597.86359476,0.00000000,3623.49392778,0.07663989,324.13675641,0.01998436,0.01998437,35700,110,1
5598.02159456,5598.02041202,3632.03708631,3632.10035052,0.05478844,323.97709611,0.01998438,0.01998437,35699,110,0
5598.17703198,5598.17723806,3640.43328219,3640.42224050,0.07851532,323.82138574,0.01998437,0.01998437,35698,110,0
5598.33537148,5598.33407289,3648.84333443,3648.91302820,0.06327890,323.66116913,0.01998438,0.01998437,35697,110,0
5598.48948030,5598.49091651,0.00000000,3657.20010938,0.08124809,323.50348555,0.01998437,0.01998437,35696,110,1
5598.64783383,5598.64776892,3665.70591053,3665.70940531,0.03293909,323.34022654,0.01998437,0.01998437,35695,110,0
5598.80565333,5598.80463012,3674.15659567,3674.21175744,0.07703030,323.17573759,0.01998438,0.01998437,35694,110,0
5598.96060599,5598.96150010,3682.61884275,3682.57058059,0.07499045,323.01269732,0.01998437,0.01998437,35693,110,0
5599.11945670,5599.11837888,3691.09203730,3691.15028893,0.10870174,322.84397945,0.01998438,0.01998437,35692,110,0
5599.27418882,5599.27526645,3699.57677246,3699.51845262,0.05008853,322.67808559,0.01998437,0.01998437,35691,110,0
5599.43213045,5599.43216282,3708.07386212,3708.07210778,0.03990250,322.50715121,0.01998437,0.01998437,35690,110,0
5599.59056914,5599.58906797,0.00000000,3716.66171250,0.06591075,322.33411176,0.01998438,0.01998437,35689,110,1
5599.74632688,5599.74598192,3725.10811954,3725.12687286,0.02595625,322.16221998,0.01998438,0.01998437,35688,110,0
5599.90103315,5599.90290467,0.00000000,3733.53488888,0.07277141,321.99015303,0.01998437,0.01998437,35687,110,1
5600.05851527,5600.05983621,3742.19562153,3742.12360261,0.06316952,321.81301420,0.01998437,0.01998437,35686,110,0
5600.21486174,5600.21677654,0.00000000,3750.63967404,0.08872183,321.63600280,0.01998437,0.01998437,35685,110,1
5600.37381525,5600.37372568,3759.33219317,3759.33708971,0.07363197,321.45381343,0.01998438,0.01998437,35684,110,0
5600.52951290,5600.53068361,3767.91835624,3767.85427135,0.14580188,321.27402023,0.01998437,0.01998437,35683,110,0
5600.68719173,5600.68765034,3776.51677736,3776.49163805,0.06365356,321.09029637,0.01998437,0.01998437,35682,110,0
5600.84544431,5600.84462586,3785.12774695,3785.17267530,0.08698555,320.90422981,0.01998438,0.01998437,35681,110,0
5601.00211067,5601.00161019,3793.75152254,3793.77903553,0.03164086,320.71836498,0.01998438,0.01998437,35680,110,0
5601.15945274,5601.15860332,3802.38823373,3802.43499739,0.07279853,320.53002430,0.01998438,0.01998437,35679,110,0
5601.31514358,5601.31560525,3811.03798129,3811.01252783,0.07212943,320.34200083,0.01998437,0.01998437,35678,110,0
5601.47206772,5601.47261598,3819.70086678,3819.67059484,0.07190987,320.15080967,0.01998437,0.01998437,35677,110,0
5601.62974527,5601.62963552,3828.37696859,3828.38303754,0.02810636,319.95699587,0.01998437,0.01998437,35676,110,0
5601.78579095,5601.78666386,3837.06628250,3837.01794450,0.05400844,319.76349982,0.01998437,0.01998437,35675,110,0
5601.94587763,5601.94370100,0.00000000,3845.88670254,0.08793893,319.56330555,0.01998438,0.01998437,35674,110,1
5602.10125048,5602.10074695,3854.48445683,3854.51242199,0.08125413,319.36718040,0.01998438,0.01998437,35673,110,0
5602.25915133,5602.25780170,0.00000000,3863.29079779,0.05981823,319.16614995,0.01998438,0.01998437,35672,110,1
5602.41463065,5602.41486526,3871.95615701,3871.94308773,0.08281597,318.96659132,0.01998437,0.01998437,35671,110,0
5602.57104360,5602.57193763,3880.71331305,3880.66342822,0.11362200,318.76404144,0.01998437,0.01998437,35670,110,0
5602.73036919,5602.72901880,0.00000000,3889.56807094,0.09802348,318.55573814,0.01998438,0.01998437,35669,110,1
5602.88551815,5602.88610879,3898.27291739,3898.23985073,0.05315195,318.35145230,0.01998437,0.01998437,35668,110,0
5603.04295078,5603.04320758,3907.07495356,3907.06055407,0.08685230,318.14221104,0.01998437,0.01998437,35667,110,0
5603.20201634,5603.20031518,0.00000000,3915.98923686,0.07788575,317.92892225,0.01998438,0.01998437,35666,110,1
5603.35792476,5603.35743160,3924.71960161,3924.74733260,0.09867718,317.71825620,0.01998438,0.01998437,35665,110,0
5603.51780643,5603.51455682,0.00000000,3933.74736353,0.09495024,317.50027259,0.01998439,0.01998437,35664,110,1
5603.67394300,5603.67169086,0.00000000,3942.54785123,0.14632067,317.28565392,0.01998438,0.01998437,35663,110,1
5603.82890821,5603.82883371,3951.28731387,3951.29152296,0.07403935,317.07098355,0.01998437,0.01998437,35662,110,0
5603.97410609,5603.98598538,0.00000000,3959.50429741,0.00481425,316.86804299,0.01998433,0.01998437,35661,110,1
5604.14284899,5604.14314586,3969.07741994,3969.06058829,0.06617293,316.63031332,0.01998437,0.01998437,35660,110,0
5604.30142314,5604.30031516,3977.99552594,3978.05844240,0.11819565,316.40491252,0.01998438,0.01998437,35659,110,0
5604.45638338,5604.45749327,3986.92686665,3986.86375884,0.10293142,316.18286734,0.01998437,0.01998437,35658,110,0
5604.61281329,5604.61468020,0.00000000,3995.75375437,0.13641831,315.95721443,0.01998437,0.01998437,35657,110,1
5604.76867774,5604.77187594,0.00000000,4004.63491242,0.09998435,315.73030894,0.01998436,0.01998437,35656,110,1
5604.92711452,5604.92908051,0.00000000,4013.67691619,0.14177510,315.49777783,0.01998437,0.01998437,35655,110,1
5605.08883851,5605.08629389,0.00000000,4022.92143592,0.12025629,315.25845747,0.01998438,0.01998437,35654,110,1
5605.24620015,5605.24351609,0.00000000,4031.93112745,0.16035141,315.02367832,0.01998438,0.01998437,35653,110,1
5605.39966993,5605.40074712,4040.79838974,4040.73654559,0.06709530,314.79275563,0.01998437,0.01998437,35652,110,0
5605.55805418,5605.55798696,4049.83348400,4049.83734936,0.18222764,314.55256321,0.01998438,0.01998437,35651,110,0
5605.71577291,5605.71523563,4058.88313823,4058.91408125,0.08222516,314.31146425,0.01998438,0.01998437,35650,110,0
5605.86863561,5605.87249312,0.00000000,4067.71033128,0.05905407,314.07634669,0.01998436,0.01998437,35649,110,1
5606.02746119,5606.02975943,0.00000000,4076.87665520,0.06190854,313.82979935,0.01998437,0.01998437,35648,110,1
5606.18665525,5606.18703457,4086.11326613,4086.09132408,0.13851963,313.58036996,0.01998437,0.01998437,35647,110,0
nan,nan,0.00000000,-1.00000000,0.00000000,313.33771600,nan,0.00000000,-2147483648,110,1
5562.82084820,nan,0.00000000,71.00000000,nan,309.60378642,0.01998443,0.01998437,35925,109,1
nan,nan,0.00000000,-1.00000000,0.00000000,310.04151492,nan,0.00000000,-2147483648,109,1
nan,nan,0.00000000,-1.00000000,0.00000000,310.18709175,nan,0.00000000,-2147483648,109,1
nan,nan,0.00000000,-1.00000000,0.00000000,310.38093542,nan,0.00000000,-2147483648,109,1
5563.44447530,nan,0.00000000,92.07436056,0.33233420,310.62641798,0.01998445,0.01998437,35921,109,1
nan,nan,0.00000000,-1.00000000,0.00000000,311.10521468,nan,0.00000000,-2147483648,109,1
nan,nan,0.00000000,-1.00000000,0.00000000,311.20147089,nan,0.00000000,-2147483648,109,1
5563.89989707,5563.88589840,0.00000000,107.49207045,0.07884643,311.36936028,0.01998442,0.01998437,35918,109,1
nan,nan,0.00000000,-1.00000000,0.00000000,311.58575592,nan,0.00000000,-2147483648,109,1
nan,nan,0.00000000,-1.00000000,0.00000000,311.82533287,nan,0.00000000,-2147483648,109,1
5564.33900603,5564.35068185,0.00000000,122.37967344,0.08016467,312.08258547,0.01998432,0.01998437,35915,109,1
5564.33900603,5564.35068185,0.00000000,122.37967344,0.08016467,312.08258547,0.01998432,0.01998437,35915,109,1
5564.52625055,nan,0.00000000,128.73467169,0.12045798,312.38578752,0.01998444,0.01998437,35914,109,1
5564.52625055,nan,0.00000000,128.73467169,0.12045798,312.38578752,0.01998444,0.01998437,35914,109,1
nan,nan,0.00000000,-1.00000000,0.00000000,312.68397966,nan,0.00000000,-2147483648,109,1
nan,nan,0.00000000,-1.00000000,0.00000000,312.87397571,nan,0.00000000,-2147483648,109,1
nan,nan,0.00000000,-1.00000000,0.00000000,313.06367555,nan,0.00000000,-2147483648,109,1
nan,nan,0.00000000,-1.00000000,0.00000000,313.15841439,nan,0.00000000,-2147483648,109,1
nan,nan,0.00000000,-1.00000000,0.00000000,313.30038378,nan,0.00000000,-2147483648,109,1
5565.27729404,5565.28048178,0.00000000,154.26484869,0.03568878,313.59631863,0.01998435,0.01998437,35909,109,1
5565.27729404,5565.28048178,0.00000000,154.26484869,0.03568878,313.59631863,0.01998435,0.01998437,35909,109,1
5565.27729404,5565.28048178,0.00000000,154.26484869,0.03568878,313.59631863,0.01998435,0.01998437,35909,109,1
nan,nan,0.00000000,-1.00000000,0.00000000,313.86659469,nan,0.00000000,-2147483648,109,1
5565.44583833,5565.43547865,0.00000000,160.00301750,0.32727450,313.86673673,0.01998440,0.01998437,35908,109,1
nan,nan,0.00000000,-1.00000000,0.00000000,314.43013829,nan,0.00000000,-2147483648,109,1
nan,nan,0.00000000,-1.00000000,0.00000000,314.57060733,nan,0.00000000,-2147483648,109,1
nan,nan,0.00000000,-1.00000000,0.00000000,314.66416070,nan,0.00000000,-2147483648,109,1
nan,nan,0.00000000,-1.00000000,0.00000000,315.13081560,nan,0.00000000,-2147483648,109,1
5566.39659161,nan,0.00000000,192.43306123,0.16154794,315.38357498,0.01998503,0.01998437,35903,109,1
5566.56083903,nan,0.00000000,198.04609827,0.34324490,315.64413255,0.01998451,0.01998437,35901,109,1
5566.56083903,nan,0.00000000,198.04609827,0.34324490,315.64413255,0.01998451,0.01998437,35901,109,1
5566.83737298,5566.83083912,0.00000000,207.50352723,0.05136178,316.08182567,0.01998439,0.01998437,35899,109,1
nan,nan,0.00000000,-1.00000000,0.00000000,316.33544219,nan,0.00000000,-2147483648,109,1
5567.14891997,5567.14101425,0.00000000,218.16907171,0.12338689,316.57344056,0.01998439,0.01998437,35897,109,1
5567.14891997,5567.14101425,0.00000000,218.16907171,0.12338689,316.57344056,0.01998439,0.01998437,35897,109,1
5567.45309329,5567.45122396,228.50681772,228.57092012,0.03215890,317.05086805,0.01998437,0.01998437,35895,109,0
5567.72841942,nan,0.00000000,238.03795243,0.04404614,317.48364384,0.01998480,0.01998437,35894,109,1
5567.72841942,nan,0.00000000,238.03795243,0.04404614,317.48364384,0.01998480,0.01998437,35894,109,1
5567.91578928,5567.91660336,244.47734474,244.44938794,0.10749802,317.77579136,0.01998436,0.01998437,35892,109,0
5568.05289586,nan,0.00000000,249.18028447,0.10375418,317.99087310,0.01998430,0.01998437,35891,109,1
5568.21622936,5568.22689952,0.00000000,254.79376394,0.11761388,318.24554085,0.01998433,0.01998437,35890,109,1
5568.37798711,5568.38206057,0.00000000,260.35619870,0.14813168,318.49731568,0.01998435,0.01998437,35889,109,1
5568.55012427,5568.53723027,0.00000000,266.27896211,0.14717454,318.76476856,0.01998441,0.01998437,35888,109,1
5568.69589528,5568.69240862,0.00000000,271.29729075,0.27361194,318.99087018,0.01998438,0.01998437,35887,109,1
5568.86523463,5568.84759561,0.00000000,277.13016056,0.03460854,319.25308319,0.01998443,0.01998437,35886,109,1
nan,nan,0.00000000,-1.00000000,0.00000000,319.38186302,nan,0.00000000,-2147483648,109,1
nan,nan,0.00000000,-1.00000000,0.00000000,319.47151960,nan,0.00000000,-2147483648,109,1
5569.14161933,5569.15799556,0.00000000,286.65753754,0.14156778,319.68002095,0.01998431,0.01998437,35884,109,1
5569.32639201,5569.31320852,0.00000000,293.03200953,0.17797038,319.96472990,0.01998441,0.01998437,35883,109,1
5569.47245663,5569.46843012,0.00000000,298.07398756,0.15920278,320.18938950,0.01998438,0.01998437,35882,109,1
5569.62416075,5569.62366038,303.27108696,303.28837318,0.18308898,320.42123415,0.01998437,0.01998437,35881,109,0
5569.62416075,5569.62366038,303.27108696,303.28837318,0.18308898,320.42123415,0.01998437,0.01998437,35881,109,0
5569.92632193,5569.93414686,0.00000000,313.75724245,0.13590017,320.88518002,0.01998434,0.01998437,35879,109,1
5570.09011237,5570.08940308,319.37452727,319.39907216,0.04032465,321.13436226,0.01998437,0.01998437,35878,109,0
5570.23592378,5570.24466796,0.00000000,324.46974569,0.03431099,321.35781317,0.01998434,0.01998437,35877,109,1
5570.40071325,5570.39994149,330.12669087,330.15342743,0.14311332,321.60770922,0.01998437,0.01998437,35876,109,0
5570.40071325,5570.39994149,330.12669087,330.15342743,0.14311332,321.60770922,0.01998437,0.01998437,35876,109,0
nan,nan,0.00000000,-1.00000000,0.00000000,321.86414007,nan,0.00000000,-2147483648,109,1
5570.70901165,5570.71051454,340.89218244,340.84005783,0.11535065,322.07594398,0.01998436,0.01998437,35874,109,0
5570.86795409,5570.86581405,346.27995330,346.35421847,0.20785563,322.31671582,0.01998437,0.01998437,35873,109,0
5571.04303606,nan,0.00000000,352.45123513,0.01815401,322.58227889,0.01998445,0.01998437,35872,109,1
5571.19105399,5571.17643905,0.00000000,357.59143446,0.21928092,322.80562904,0.01998442,0.01998437,35871,109,1
5571.33467109,5571.33176455,0.00000000,362.58137085,0.13619089,323.02197952,0.01998438,0.01998437,35870,109,1
5571.33467109,5571.33176455,0.00000000,362.58137085,0.13619089,323.02197952,0.01998438,0.01998437,35870,109,1
5571.49627106,5571.48709870,0.00000000,368.19914156,0.17128859,323.26499650,0.01998440,0.01998437,35869,109,1
5571.64295350,5571.64244152,373.26811105,373.28592638,0.10205411,323.48453682,0.01998437,0.01998437,35868,109,0
5571.79762382,5571.79779300,378.67529417,378.66940431,0.04731135,323.71635726,0.01998437,0.01998437,35867,109,0
5571.94956039,5571.95315314,0.00000000,383.97418141,0.13407702,323.94426072,0.01998435,0.01998437,35866,109,1
5572.11083042,5572.10852195,0.00000000,389.59269581,0.07971811,324.18507134,0.01998438,0.01998437,35865,109,1
5572.26138477,5572.26389943,0.00000000,394.84078965,0.09942576,324.40947445,0.01998436,0.01998437,35864,109,1
5572.41810090,5572.41928557,400.33539226,400.29405985,0.08509122,324.64210704,0.01998436,0.01998437,35863,109,0
5572.57004580,5572.57468038,0.00000000,405.60903178,0.16547312,324.86830668,0.01998435,0.01998437,35862,109,1
5572.73476408,5572.73008386,0.00000000,411.36039827,0.15309058,325.11248574,0.01998438,0.01998437,35861,109,1
5572.88941310,5572.88549601,0.00000000,416.76326117,0.10166644,325.34130715,0.01998438,0.01998437,35860,109,1
5573.04117522,5573.04091682,422.04814543,422.05718119,0.03213392,325.56498682,0.01998437,0.01998437,35859,109,0
5573.19467771,5573.19634631,427.48484968,427.42646813,0.08514385,325.79131721,0.01998436,0.01998437,35858,109,0
5573.34686541,5573.35178446,0.00000000,432.76245284,0.12327888,326.01571126,0.01998435,0.01998437,35857,109,1
5573.51148649,5573.50723129,0.00000000,438.52642426,0.09847499,326.25750687,0.01998438,0.01998437,35856,109,1
5573.66457936,5573.66268679,0.00000000,443.88981090,0.13374714,326.48194163,0.01998437,0.01998437,35855,109,1
5573.82373205,5573.81815096,0.00000000,449.46862681,0.16055376,326.71482186,0.01998439,0.01998437,35854,109,1
5573.97203381,5573.97362381,454.71926129,454.66347208,0.11390027,326.93115172,0.01998436,0.01998437,35853,109,0
5574.12656639,5574.12910533,0.00000000,460.09278614,0.05081705,327.15670750,0.01998436,0.01998437,35852,109,1
5574.28707124,5574.28459552,0.00000000,465.72839309,0.08964070,327.39025176,0.01998438,0.01998437,35851,109,1
5574.44422570,5574.44009439,0.00000000,471.24953116,0.19971842,327.61847757,0.01998438,0.01998437,35850,109,1
5574.59738474,5574.59560194,476.56760139,476.63029682,0.13910443,327.84035342,0.01998437,0.01998437,35849,109,0
5574.75479791,5574.75111817,0.00000000,482.16977421,0.03951331,328.06820917,0.01998438,0.01998437,35848,109,1
5574.90761664,5574.90664307,487.51206159,487.54633749,0.09457913,328.28881593,0.01998437,0.01998437,35847,109,0
5575.06361542,5575.06217665,492.98930693,493.03998851,0.15455921,328.51366946,0.01998437,0.01998437,35846,109,0
5575.21544375,5575.21771891,0.00000000,498.38955166,0.11813709,328.73208394,0.01998436,0.01998437,35845,109,1
5575.37060528,5575.37326985,0.00000000,503.85906206,0.12205386,328.95484314,0.01998436,0.01998437,35844,109,1
5575.53190078,5575.52882947,0.00000000,509.54808042,0.10886930,329.18594951,0.01998438,0.01998437,35843,109,1
5575.68377705,5575.68439778,514.93029552,514.90838502,0.16680353,329.40314930,0.01998437,0.01998437,35842,109,0
5575.83982590,5575.83997476,520.42324249,520.41798531,0.16413457,329.62583914,0.01998437,0.01998437,35841,109,0
5575.99827364,5575.99556043,0.00000000,526.01629914,0.08425119,329.85153372,0.01998438,0.01998437,35840,109,1
5576.15824706,5576.15115478,0.00000000,531.67164848,0.02964901,330.07893305,0.01998439,0.01998437,35839,109,1
5576.31094776,5576.30675782,0.00000000,537.07299324,0.12562426,330.29556092,0.01998438,0.01998437,35838,109,1
nan,nan,0.00000000,-1.00000000,0.00000000,330.49268931,nan,0.00000000,-2147483648,109,1
5576.61690192,5576.61798995,547.93860938,547.90007008,0.11374294,330.72815269,0.01998436,0.01998437,35836,109,0
5576.77019976,5576.77361904,0.00000000,553.33600285,0.08116467,330.94451701,0.01998436,0.01998437,35835,109,1
5576.93550452,5576.92925682,0.00000000,559.19651111,0.05555853,331.17716167,0.01998439,0.01998437,35834,109,1
5577.08009080,5577.08490329,0.00000000,564.32542814,0.12424292,331.38023737,0.01998435,0.01998437,35833,109,1
5577.23792943,5577.24055845,0.00000000,569.92757987,0.15625489,331.60148832,0.01998436,0.01998437,35832,109,1
5577.39821041,5577.39622230,0.00000000,575.61977165,0.03509617,331.82569411,0.01998438,0.01998437,35831,109,1
5577.55684847,5577.55189484,0.00000000,581.25695071,0.15385166,332.04713573,0.01998439,0.01998437,35830,109,1
5577.70748126,5577.70757607,586.61785478,586.61448297,0.07842884,332.25704119,0.01998437,0.01998437,35829,109,0
5577.86422536,5577.86326599,592.15627844,592.19041463,0.11878056,332.47493314,0.01998437,0.01998437,35828,109,0
5578.02370372,5578.01896460,0.00000000,597.86588465,0.07232663,332.69611733,0.01998439,0.01998437,35827,109,1
5578.17697601,5578.17467191,0.00000000,603.32503329,0.06648564,332.90830230,0.01998438,0.01998437,35826,109,1
5578.33260124,5578.33038791,0.00000000,608.87118514,0.11715539,333.12329772,0.01998438,0.01998437,35825,109,1
5578.48649925,5578.48611260,614.34260592,614.35639516,0.08245363,333.33536445,0.01998437,0.01998437,35824,109,0
5578.64124213,5578.64184599,619.89846911,619.87691872,0.10040475,333.54822777,0.01998437,0.01998437,35823,109,0
5578.79878584,5578.79758808,625.45842174,625.50119601,0.06761259,333.76450492,0.01998437,0.01998437,35822,109,0
5578.95224089,5578.95333886,631.02233542,630.98309982,0.09199157,333.97473724,0.01998436,0.01998437,35821,109,0
5579.10566262,5579.10909834,0.00000000,636.46941970,0.13762831,334.18457550,0.01998436,0.01998437,35820,109,1
5579.26737727,5579.26486652,0.00000000,642.25276679,0.11931298,334.40516401,0.01998438,0.01998437,35819,109,1
5579.42319089,5579.42064340,0.00000000,647.82841306,0.13491334,334.61723728,0.01998438,0.01998437,35818,109,1
5579.57653589,5579.57642898,653.31370575,653.31753450,0.08050161,334.82545067,0.01998437,0.01998437,35817,109,0
5579.73572148,5579.73222326,0.00000000,659.02192509,0.08076501,335.04123155,0.01998438,0.01998437,35816,109,1
5579.88733366,5579.88802624,664.47851570,664.45368725,0.03416783,335.24613302,0.01998437,0.01998437,35815,109,0
5580.04309569,5580.04383792,670.06585845,670.03923508,0.11814664,335.45625917,0.01998437,0.01998437,35814,109,0
5580.19895741,5580.19965830,675.65679334,675.63163711,0.02774374,335.66605745,0.01998437,0.01998437,35813,109,0
5580.35927925,5580.35548739,0.00000000,681.39473601,0.04716848,335.88164613,0.01998438,0.01998437,35812,109,1
5580.50997662,5580.51132518,686.85034587,686.80187934,0.09320263,336.08335301,0.01998436,0.01998437,35811,109,0
5580.66482782,5580.66717167,0.00000000,692.37697638,0.08319925,336.29075133,0.01998436,0.01998437,35810,109,1
5580.82664051,5580.82302687,0.00000000,698.19814613,0.11889083,336.50668190,0.01998438,0.01998437,35809,109,1
5580.97726006,5580.97889078,703.67185464,703.61312932,0.09897912,336.70697497,0.01998436,0.01998437,35808,109,0
5581.13541514,5581.13476340,709.28683679,709.31032154,0.07500554,336.91711303,0.01998437,0.01998437,35807,109,0
5581.28837844,5581.29064472,0.00000000,714.82886278,0.09767510,337.12008126,0.01998436,0.01998437,35806,109,1
5581.44745523,5581.44653475,720.52721813,720.56042192,0.11277343,337.33027946,0.01998437,0.01998437,35805,109,0
5581.59911060,5581.60243349,0.00000000,726.03729001,0.12568563,337.53056144,0.01998436,0.01998437,35804,109,1
5581.76129573,nan,0.00000000,731.89279332,0.08347167,337.74406722,0.01998438,0.01998437,35803,109,1
5581.91288826,5581.91425710,737.41168755,737.36223420,0.02252141,337.94291519,0.01998436,0.01998437,35802,109,0
5582.07096237,5582.07018197,743.04657445,743.07478531,0.04996513,338.15000244,0.01998437,0.01998437,35801,109,0
5582.22472519,5582.22611555,748.68513620,748.63484533,0.01579467,338.35097364,0.01998436,0.01998437,35800,109,0
5582.38295895,nan,0.00000000,754.37116536,0.10091230,338.55770780,0.01998437,0.01998437,35799,109,1
5582.53768117,5582.53800886,759.97403029,759.96216200,0.05559710,338.75861026,0.01998437,0.01998437,35798,109,0
5582.69560341,5582.69396858,765.62460537,765.68385664,0.00842916,338.96360163,0.01998437,0.01998437,35797,109,0
5582.85156604,5582.84993702,771.27920613,771.33828538,0.03792712,339.16557929,0.01998437,0.01998437,35796,109,0
5583.00667372,5583.00591417,776.93774568,776.96530918,0.07375777,339.36598213,0.01998437,0.01998437,35795,109,0
5583.16369242,5583.16190004,782.60013682,782.66522156,0.07275297,339.56837474,0.01998438,0.01998437,35794,109,0
5583.32032630,5583.31789463,0.00000000,788.36746981,0.12640738,339.77023983,0.01998438,0.01998437,35793,109,1
5583.47491679,5583.47389794,793.93612438,793.97316478,0.04901813,339.96809164,0.01998437,0.01998437,35792,109,0
5583.63019990,5583.62990996,799.60960108,799.62014802,0.06282547,340.16680397,0.01998437,0.01998437,35791,109,0
5583.78611157,5583.78593070,805.28676246,805.29334584,0.04851282,340.36583563,0.01998437,0.01998437,35790,109,0
5583.94193218,5583.94196017,810.96765436,810.96663521,0.08667236,340.56426588,0.01998437,0.01998437,35789,109,0
5584.09990862,5584.09799835,816.65232283,816.72193785,0.06671429,340.76494679,0.01998438,0.01998437,35788,109,0
5584.25485627,5584.25404526,822.34081407,822.37038768,0.09217929,340.96129674,0.01998437,0.01998437,35787,109,0
5584.41032953,5584.41010088,828.03317416,828.04151704,0.12960343,341.15783194,0.01998437,0.01998437,35786,109,0
5584.56249976,5584.56616523,0.00000000,833.61071120,0.03439744,341.35024634,0.01998436,0.01998437,35785,109,1
5584.71971032,5584.72223831,0.00000000,839.35251474,0.08142453,341.54801406,0.01998436,0.01998437,35784,109,1
5584.87717948,5584.87832011,845.13361486,845.09191756,0.09156242,341.74507982,0.01998436,0.01998437,35783,109,0
5585.03775820,5585.03441063,0.00000000,850.97950369,0.08354505,341.94659014,0.01998438,0.01998437,35782,109,1
5585.18906787,nan,0.00000000,856.51613008,0.01974547,342.13549387,0.01998437,0.01998437,35781,109,1
5585.34342164,5585.34661786,0.00000000,862.16757125,0.11929132,342.32772058,0.01998436,0.01998437,35780,109,1
5585.50470503,5585.50273456,0.00000000,868.07643598,0.07218035,342.52806103,0.01998438,0.01998437,35779,109,1
5585.65741586,5585.65885999,873.71212291,873.65916362,0.02167711,342.71674059,0.01998436,0.01998437,35778,109,0
5585.81262371,5585.81499415,0.00000000,879.36805421,0.06379328,342.90907794,0.01998436,0.01998437,35777,109,1
5585.97060459,5585.97113704,885.17170722,885.15215431,0.05489192,343.10332402,0.01998437,0.01998437,35776,109,0
5586.12608829,5586.12728866,890.90793785,890.86382661,0.09851117,343.29452025,0.01998437,0.01998437,35775,109,0
5586.28270558,5586.28344901,896.64860453,896.62126509,0.07558821,343.48662742,0.01998437,0.01998437,35774,109,0
5586.43935063,5586.43961810,902.39370117,902.38385814,0.09302760,343.67828213,0.01998437,0.01998437,35773,109,0
5586.59668024,5586.59579591,908.14302309,908.17558810,0.08757808,343.87027635,0.01998437,0.01998437,35772,109,0
5586.75333426,5586.75198246,913.89634491,913.94615561,0.10635733,344.06094133,0.01998438,0.01998437,35771,109,0
5586.90850871,5586.90817774,919.65344029,919.66564281,0.09142210,344.24930024,0.01998437,0.01998437,35770,109,0
5587.06500247,5587.06438176,925.41408197,925.43697933,0.05665401,344.43874267,0.01998437,0.01998437,35769,109,0
5587.22131299,5587.22059451,931.17804406,931.20456121,0.09884135,344.62743556,0.01998437,0.01998437,35768,109,0
5587.37571974,5587.37681600,936.94526603,936.90478461,0.06416465,344.81330953,0.01998437,0.01998437,35767,109,0
5587.53465013,5587.53304622,942.71596235,942.77522305,0.08928593,345.00409459,0.01998438,0.01998437,35766,109,0
5587.68819999,5587.68928519,948.49037425,948.45025422,0.04130104,345.18791230,0.01998437,0.01998437,35765,109,0
5587.84741698,5587.84553289,0.00000000,954.33721418,0.09517820,345.37795377,0.01998438,0.01998437,35764,109,1
5588.00537141,5588.00178933,0.00000000,960.18266141,0.08712252,345.56600947,0.01998438,0.01998437,35763,109,1
5588.15698504,5588.15805451,965.83832723,965.79870684,0.02739051,345.74607896,0.01998437,0.01998437,35762,109,0
5588.31709861,5588.31432843,0.00000000,971.72984475,0.07843451,345.93560649,0.01998438,0.01998437,35761,109,1
5588.47027751,5588.47061109,977.42574289,977.41336778,0.00897788,346.11659994,0.01998437,0.01998437,35760,109,0
5588.62482339,5588.62690249,0.00000000,983.14319170,0.09059502,346.29845198,0.01998436,0.01998437,35759,109,1
5588.78331400,5588.78320264,989.02982034,989.03395685,0.08630402,346.48476719,0.01998437,0.01998437,35758,109,0
5588.93818673,5588.93951153,994.83763779,994.78839969,0.04430490,346.66613956,0.01998437,0.01998437,35757,109,0
5589.09766064,5589.09582916,0.00000000,1000.70853311,0.07760086,346.85208321,0.01998438,0.01998437,35756,109,1
5589.25256641,5589.25215554,1006.46404376,1006.47933168,0.02408386,347.03270087,0.01998437,0.01998437,35755,109,0
5589.40665266,5589.40849066,1012.28272289,1012.21429375,0.05981437,347.21157521,0.01998437,0.01998437,35754,109,0
5589.56504846,5589.56483453,1018.10524223,1018.11321195,0.06815967,347.39491675,0.01998437,0.01998437,35753,109,0
5589.72344604,5589.72118715,0.00000000,1024.00831425,0.05265933,347.57748453,0.01998438,0.01998437,35752,109,1
5589.87890901,5589.87754851,1029.76238443,1029.81313407,0.06655693,347.75661629,0.01998438,0.01998437,35751,109,0
5590.03521332,5590.03391862,1035.59729511,1035.64562289,0.05753296,347.93596220,0.01998438,0.01998437,35750,109,0
5590.19047807,5590.19029749,1041.43650973,1041.44325516,0.02465816,348.11360078,0.01998437,0.01998437,35749,109,0
5590.34618769,5590.34668510,1047.27995004,1047.26135831,0.06243713,348.29122956,0.01998437,0.01998437,35748,109,0
5590.50183721,5590.50308146,1053.12753295,1053.08099635,0.06961888,348.46826675,0.01998437,0.01998437,35747,109,0
5590.66071691,5590.65948658,1058.97917504,1059.02522061,0.02526020,348.64843470,0.01998438,0.01998437,35746,109,0
5590.81426225,5590.81590044,1064.83479252,1064.77344554,0.07333657,348.82202829,0.01998437,0.01998437,35745,109,0
5590.97247505,5590.97232306,1070.69430626,1070.70000135,0.08830136,349.00035499,0.01998437,0.01998437,35744,109,0
5591.12990784,5591.12875443,1076.55770463,1076.60095032,0.04153991,349.17725306,0.01998438,0.01998437,35743,109,0
5591.28390235,5591.28519456,1082.42502447,1082.37654489,0.08465832,349.34975731,0.01998437,0.01998437,35742,109,0
5591.44143757,5591.44164344,1088.29630382,1088.28857551,0.08440538,349.52568494,0.01998437,0.01998437,35741,109,0
5591.59725979,5591.59810108,1094.17158090,1094.13997894,0.03624271,349.69915925,0.01998437,0.01998437,35740,109,0
5591.75362095,5591.75456748,1100.05089405,1100.01531649,0.04811165,349.87269324,0.01998437,0.01998437,35739,109,0
5591.91189205,5591.91104263,1105.93428985,1105.96623810,0.01509351,350.04779582,0.01998437,0.01998437,35738,109,0
5592.06802093,5592.06752654,1111.82188098,1111.84048843,0.06600769,350.21998707,0.01998437,0.01998437,35737,109,0
5592.22413380,5592.22401921,1117.71381288,1117.71812901,0.07055107,350.39162604,0.01998437,0.01998437,35736,109,0
5592.38255257,5592.38052063,0.00000000,1123.69406407,0.08438499,350.56546706,0.01998438,0.01998437,35735,109,1
5592.53661590,5592.53703082,1129.51128465,1129.49563453,0.03653037,350.73359104,0.01998437,0.01998437,35734,109,0
5592.69478141,5592.69354977,1135.41711893,1135.46360981,0.08907266,350.90587447,0.01998438,0.01998437,35733,109,0
5592.84793325,5592.85007748,0.00000000,1141.25551800,0.06204545,351.07243241,0.01998436,0.01998437,35732,109,1
5593.00841529,5593.00661395,1147.24326895,1147.31136540,0.06168342,351.24590330,0.01998438,0.01998437,35731,109,0
5593.16300041,5593.16315919,1153.16320094,1153.15719429,0.05299758,351.41270150,0.01998437,0.01998437,35730,109,0
5593.31921587,5593.31971319,1159.08739604,1159.06857083,0.04702649,351.58071393,0.01998437,0.01998437,35729,109,0
5593.47693321,5593.47627595,1165.01562183,1165.04051598,0.06630722,351.74977793,0.01998437,0.01998437,35728,109,0
5593.63388853,5593.63284748,1170.94764500,1170.98709833,0.05778935,351.91745484,0.01998438,0.01998437,35727,109,0
5593.78890633,5593.78942778,1176.88334551,1176.86357261,0.07495387,352.08249895,0.01998437,0.01998437,35726,109,0
5593.94676873,5593.94601684,1182.82291983,1182.85144855,0.06766834,352.25000109,0.01998437,0.01998437,35725,109,0
5594.10356822,5594.10261467,1188.76661986,1188.80282401,0.07056817,352.41581126,0.01998437,0.01998437,35724,109,0
5594.25928159,5594.25922127,1194.71469858,1194.71699048,0.07002727,352.57992211,0.01998437,0.01998437,35723,109,0
5594.41598794,5594.41583664,1200.66741010,1200.67316298,0.07532507,352.74453090,0.01998437,0.01998437,35722,109,0
5594.57274405,5594.57246078,1206.62500691,1206.63578620,0.04073484,352.90864680,0.01998437,0.01998437,35721,109,0
5594.73008790,5594.72909368,1212.58758580,1212.62544723,0.08057940,353.07283074,0.01998438,0.01998437,35720,109,0
5594.88486725,5594.88573536,1218.55500370,1218.52191992,0.07818093,353.23379829,0.01998437,0.01998437,35719,109,0
5595.04115836,5595.04238581,1224.52709656,1224.48028507,0.02112631,353.39578822,0.01998437,0.01998437,35718,109,0
5595.19756419,5595.19904504,1230.50369960,1230.44718574,0.04067064,353.55733803,0.01998437,0.01998437,35717,109,0
5595.35717730,5595.35571303,1236.48464731,1236.54056547,0.07236730,353.72161792,0.01998438,0.01998437,35716,109,0
5595.51265398,5595.51238981,1242.46978179,1242.47987662,0.00955785,353.88106887,0.01998437,0.01998437,35715,109,0
5595.66853879,5595.66907535,1248.45908239,1248.43856561,0.08893210,354.04037020,0.01998437,0.01998437,35714,109,0
5595.82300471,5595.82576967,0.00000000,1254.35466780,0.11039046,354.19786921,0.01998436,0.01998437,35713,109,1
5595.97910940,5595.98247277,0.00000000,1260.32952040,0.10719120,354.35626092,0.01998436,0.01998437,35712,109,1
5596.13806294,5596.13918464,1266.45291803,1266.40993956,0.10383394,354.51675847,0.01998437,0.01998437,35711,109,0
5596.29669426,5596.29590530,1272.45982899,1272.49007966,0.08480318,354.67654991,0.01998438,0.01998437,35710,109,0
5596.45129043,5596.45263473,1278.47137193,1278.41979159,0.06065748,354.83171490,0.01998437,0.01998437,35709,109,0
5596.60733496,5596.60937294,0.00000000,1284.41612035,0.08029489,354.98794717,0.01998437,0.01998437,35708,109,1
5596.76711178,5596.76611993,1290.50833526,1290.54644676,0.07740342,355.14696802,0.01998438,0.01998437,35707,109,0
5596.92381843,5596.92287570,1296.53369717,1296.56994642,0.02447874,355.30252576,0.01998438,0.01998437,35706,109,0
5597.08123094,5597.07964025,1302.56360662,1302.62481362,0.07285301,355.45820222,0.01998438,0.01998437,35705,109,0
5597.23632152,5597.23641359,1308.59803398,1308.59448880,0.04743403,355.61100969,0.01998437,0.01998437,35704,109,0
5597.39393548,5597.39319570,1314.63694723,1314.66545174,0.08584976,355.76571875,0.01998438,0.01998437,35703,109,0
5597.55125650,5597.54998661,1320.68030802,1320.72927160,0.05838124,355.91955006,0.01998438,0.01998437,35702,109,0
5597.70606045,5597.70678629,1326.72807680,1326.70007172,0.08980080,356.07034215,0.01998437,0.01998437,35701,109,0
5597.86317160,5597.86359476,1332.78021382,1332.76387604,0.05858828,356.22279300,0.01998437,0.01998437,35700,109,0
5598.02112112,5598.02041202,1338.83667914,1338.86407431,0.07986608,356.37545715,0.01998438,0.01998437,35699,109,0
5598.17828434,5598.17723806,1344.89743528,1344.93788334,0.03517642,356.52676160,0.01998438,0.01998437,35698,109,0
5598.33414932,5598.33407289,1350.96252675,1350.96548343,0.07063753,356.67622509,0.01998437,0.01998437,35697,109,0
5598.49107838,5598.49091651,1357.03209468,1357.03836098,0.01567376,356.82611629,0.01998437,0.01998437,35696,109,0
5598.64817465,5598.64776892,1363.10628630,1363.12200414,0.01811043,356.97557370,0.01998437,0.01998437,35695,109,0
5598.80553831,5598.80463012,1369.18524952,1369.22045851,0.07010478,357.12469226,0.01998438,0.01998437,35694,109,0
5598.96060018,5598.96150010,1375.26913289,1375.23421771,0.07675143,357.27105083,0.01998437,0.01998437,35693,109,0
5599.11911167,5599.11837888,1381.35806469,1381.38651721,0.08196161,357.42007304,0.01998438,0.01998437,35692,109,0
5599.27683127,5599.27526645,1387.45200607,1387.51281090,0.06693264,357.56775370,0.01998438,0.01998437,35691,109,0
5599.43242169,5599.43216282,1393.55083752,1393.56090424,0.06905611,357.71285264,0.01998437,0.01998437,35690,109,0
5599.59136973,5599.58906797,0.00000000,1399.74999789,0.04361927,357.86061773,0.01998438,0.01998437,35689,109,1
5599.74554664,5599.74598192,1405.76268768,1405.74573750,0.05612479,358.00307523,0.01998437,0.01998437,35688,109,0
5599.90346192,5599.90290467,1411.87546359,1411.89717818,0.04960632,358.14852510,0.01998438,0.01998437,35687,109,0
5600.05983761,5600.05983621,1417.99267756,1417.99273228,0.04778296,358.29194715,0.01998437,0.01998437,35686,109,0
5600.21668274,5600.21677654,1424.11433044,1424.11067046,0.06759793,358.43518876,0.01998437,0.01998437,35685,109,0
5600.37395295,5600.37372568,1430.24043796,1430.24931224,0.05166192,358.57820310,0.01998437,0.01998437,35684,109,0
5600.52968946,5600.53068361,1436.37101589,1436.33217285,0.07201025,358.71921431,0.01998437,0.01998437,35683,109,0
5600.68748616,5600.68765034,1442.50608007,1442.49966113,0.06372978,358.86147227,0.01998437,0.01998437,35682,109,0
5600.84528992,5600.84462586,1448.64565174,1448.67163313,0.06962098,359.00311281,0.01998438,0.01998437,35681,109,0
5601.00237823,5601.00161019,1454.78986353,1454.81993472,0.03380313,359.14349316,0.01998438,0.01998437,35680,109,0
5601.16020068,5601.15860332,1460.93895378,1461.00154316,0.02229263,359.28391253,0.01998438,0.01998437,35679,109,0
5601.31563981,5601.31560525,1467.09316603,1467.09452133,0.06989613,359.42161064,0.01998437,0.01998437,35678,109,0
5601.47222471,5601.47261598,1473.25274500,1473.23738878,0.04699228,359.55972470,0.01998437,0.01998437,35677,109,0
5601.62847454,5601.62963552,1479.41793652,1479.37233197,0.06960897,359.69694751,0.01998437,0.01998437,35676,109,0
5601.78788221,5601.78666386,1485.58890291,1485.63680287,0.05777998,359.83633214,0.01998438,0.01998437,35675,109,0
5601.94430498,5601.94370100,1491.76539111,1491.78915588,0.06807267,359.97249888,0.01998438,0.01998437,35674,109,0
5602.10066150,5602.10074695,1497.94701928,1497.94365454,0.03523763,360.10799598,0.01998437,0.01998437,35673,109,0
5602.25856307,5602.25780170,1504.13340370,1504.16340419,0.01692031,360.24420091,0.01998438,0.01998437,35672,109,0
5602.41415828,5602.41486526,1510.32415882,1510.29628443,0.05793171,360.37778617,0.01998437,0.01998437,35671,109,0
5602.57205807,5602.57193763,1516.51890328,1516.52365477,0.07791287,360.51270074,0.01998437,0.01998437,35670,109,0
5602.73002963,5602.72901880,1522.71754281,1522.75744374,0.05881858,360.64701878,0.01998438,0.01998437,35669,109,0
5602.88567754,5602.88610879,1528.92039357,1528.90335980,0.02204586,360.77872292,0.01998437,0.01998437,35668,109,0
5603.04279589,5603.04320758,1535.12780459,1535.11153187,0.02686321,360.91103484,0.01998437,0.01998437,35667,109,0
5603.19993317,5603.20031518,1541.34012652,1541.32501501,0.06894591,361.04272901,0.01998437,0.01998437,35666,109,0
5603.35742520,5603.35743160,1547.55771171,1547.55745846,0.07222477,361.17409038,0.01998437,0.01998437,35665,109,0
5603.51426557,5603.51455682,1553.78086344,1553.76932323,0.03725498,361.30428587,0.01998437,0.01998437,35664,109,0
5603.67119898,5603.67169086,1560.00953953,1559.99003390,0.04647040,361.43393423,0.01998437,0.01998437,35663,109,0
5603.82899504,5603.82883371,1566.24355240,1566.24995491,0.06334089,361.56365977,0.01998437,0.01998437,35662,109,0
5603.98633642,5603.98598538,1572.48271308,1572.49665500,0.05724800,361.69237130,0.01998438,0.01998437,35661,109,0
5604.14475341,5604.14314586,1578.72683164,1578.79072391,0.04233663,361.82131117,0.01998438,0.01998437,35660,109,0
5604.29958202,5604.30031516,1584.97571885,1584.94656008,0.05160749,361.94669321,0.01998437,0.01998437,35659,109,0
5604.45832718,5604.45749327,1591.22930106,1591.26249141,0.04902215,362.07458985,0.01998438,0.01998437,35658,109,0
5604.61395599,5604.61468020,1597.48769789,1597.45885331,0.05736524,362.19933074,0.01998437,0.01998437,35657,109,0
5604.77191260,5604.77187594,1603.75104778,1603.75250907,0.04361744,362.32528557,0.01998437,0.01998437,35656,109,0
5604.92912402,5604.92908051,1610.01948988,1610.02122579,0.02630661,362.44999522,0.01998437,0.01998437,35655,109,0
5605.08712588,5605.08629389,1616.29316396,1616.32637828,0.08474874,362.57467858,0.01998438,0.01998437,35654,109,0
5605.24441928,5605.24351609,1622.57219040,1622.60827560,0.05687044,362.69815291,0.01998438,0.01998437,35653,109,0
5605.40232194,5605.40074712,1628.85654857,1628.91951738,0.06395635,362.82145097,0.01998438,0.01998437,35652,109,0
5605.55690038,5605.55798696,1635.14615687,1635.10267677,0.07468120,362.94151477,0.01998437,0.01998437,35651,109,0
5605.71541033,5605.71523563,1641.44093303,1641.44792903,0.09162853,363.06397281,0.01998437,0.01998437,35650,109,0
5605.87212975,5605.87249312,1647.74079439,1647.72623231,0.07541378,363.18438780,0.01998437,0.01998437,35649,109,0
5606.02924111,5606.02975943,1654.04565927,1654.02487212,0.03590752,363.30444217,0.01998437,0.01998437,35648,109,0
5606.18686312,5606.18703457,1660.35552288,1660.34864172,0.06666912,363.42421911,0.01998437,0.01998437,35647,109,0
5606.34505989,5606.34431853,1666.67049607,1666.70027327,0.08889807,363.54376083,0.01998438,0.01998437,35646,109,0
5606.50235117,5606.50161132,1672.99069968,1673.02043938,0.01746467,363.66195139,0.01998438,0.01998437,35645,109,0
5606.65857497,5606.65891293,1679.31625517,1679.30265926,0.03737153,363.77868203,0.01998437,0.01998438,35644,109,0
5606.81682157,5606.81622338,1685.64728454,1685.67136893,0.08508307,363.89625617,0.01998438,0.01998438,35643,109,0
5606.97324675,5606.97354264,1691.98388004,1691.97195710,0.04201665,364.01181617,0.01998437,0.01998438,35642,109,0
5607.13126866,5607.13087074,1698.32597141,1698.34201819,0.05747898,364.12788543,0.01998438,0.01998438,35641,109,0
5607.28698755,5607.28820767,1704.67343365,1704.62419119,0.07472371,364.24159994,0.01998437,0.01998438,35640,109,0
5607.44590328,5607.44555343,1711.02614109,1711.04027148,0.03759185,364.35696612,0.01998438,0.01998438,35639,109,0
5607.60372199,5607.60290802,1717.38396743,1717.41686782,0.05875332,364.47084917,0.01998438,0.01998438,35638,109,0
5607.76198129,5607.76027144,1723.74679048,1723.81595200,0.06162188,364.58435896,0.01998438,0.01998438,35637,109,0
5607.91873564,5607.91764369,1730.11460589,1730.15880615,0.00939624,364.69610525,0.01998438,0.01998438,35636,109,0
5608.07573602,5608.07502478,1736.48753295,1736.51634481,0.07724470,364.80734490,0.01998438,0.01998438,35635,109,0
5608.23386685,5608.23241470,1742.86569736,1742.92456847,0.05024723,364.91869596,0.01998438,0.01998438,35634,109,0
5608.39095358,5608.38981345,1749.24922543,1749.29548369,0.05644920,365.02862700,0.01998438,0.01998438,35633,109,0
5608.54641805,5608.54722104,1755.63824409,1755.60563826,0.06629077,365.13675106,0.01998437,0.01998438,35632,109,0
5608.70613965,5608.70463747,1762.03284658,1762.09389361,0.02340636,365.24713971,0.01998438,0.01998438,35631,109,0
5608.86230965,5608.86206273,1768.43302126,1768.44306406,0.07803531,365.35438936,0.01998438,0.01998438,35630,109,0
5609.01902161,5609.01949683,1774.83873623,1774.81939286,0.02884180,365.46132856,0.01998437,0.01998438,35629,109,0
5609.17662575,5609.17693977,1781.24995940,1781.23716708,0.05366958,365.56818445,0.01998437,0.01998438,35628,109,0
5609.33353096,5609.33439154,1787.66665853,1787.63157290,0.05021385,365.67387460,0.01998437,0.01998438,35627,109,0
5609.49142624,5609.49185216,1794.08880157,1794.07142311,0.02129629,365.77953232,0.01998437,0.01998438,35626,109,0
5609.64946369,5609.64932162,1800.51636011,1800.52216157,0.06760241,365.88458037,0.01998438,0.01998438,35625,109,0
5609.80741827,5609.80679992,1806.94930772,1806.97457725,0.02843215,365.98886641,0.01998438,0.01998438,35624,109,0
5609.96481898,5609.96428706,1813.38761781,1813.40937210,0.08298627,366.09208147,0.01998438,0.01998438,35623,109,0
5610.12143223,5610.12178304,1819.83126369,1819.81690555,0.05053098,366.19407911,0.01998437,0.01998438,35622,109,0
5610.27901949,5610.27928787,1826.28021938,1826.26922635,0.05408253,366.29600301,0.01998437,0.01998438,35621,109,0
5610.43702925,5610.43680154,1832.73450101,1832.74383540,0.03663000,366.39748547,0.01998438,0.01998438,35620,109,0
5610.59435859,5610.59432406,1839.19418383,1839.19560053,0.03173641,366.49781918,0.01998438,0.01998438,35619,109,0
5610.75195637,5610.75185542,1845.65934786,1845.66349273,0.06833307,366.59761142,0.01998438,0.01998438,35618,109,0
5610.91019891,5610.90939563,1852.13007353,1852.16308058,0.02812989,366.69709359,0.01998438,0.01998438,35617,109,0
5611.06714209,5611.06694468,1858.60644168,1858.61455970,0.09273366,366.79504722,0.01998438,0.01998438,35616,109,0
5611.22401524,5611.22450259,1865.08853469,1865.06847649,0.03607487,366.89224815,0.01998437,0.01998438,35615,109,0
5611.38258455,5611.38206934,1871.57643925,1871.59766244,0.05846270,366.98977897,0.01998438,0.01998438,35614,109,0
5611.53903020,5611.53964494,1878.07024336,1878.04489883,0.01669568,367.08529242,0.01998437,0.01998438,35613,109,0
5611.69582704,5611.69722939,1884.57003542,1884.51216848,0.04939746,367.18031075,0.01998437,0.01998438,35612,109,0
5611.85388375,5611.85482269,1891.07590433,1891.03712516,0.01357795,367.27537284,0.01998437,0.01998438,35611,109,0
5612.01268879,5612.01242485,1897.58791632,1897.59882699,0.05894306,367.37015608,0.01998438,0.01998438,35610,109,0
5612.17121036,5612.17003586,1904.10593892,1904.15453135,0.03663033,367.46403732,0.01998438,0.01998438,35609,109,0
5612.32778355,5612.32765572,1910.62973714,1910.63503016,0.06480885,367.55604057,0.01998438,0.01998438,35608,109,0
5612.48681848,5612.48528443,0.00000000,1917.22672326,0.07705840,367.64880541,0.01998438,0.01998438,35607,109,1
5612.64390171,5612.64292200,1923.69371093,1923.73433836,0.02453431,367.73957876,0.01998438,0.01998438,35606,109,0
5612.80157082,5612.80056842,1930.23341885,1930.27501668,0.06929291,367.83000409,0.01998438,0.01998438,35605,109,0
5612.95936710,5612.95822370,1936.77822773,1936.82571208,0.02703999,367.91975478,0.01998438,0.01998438,35604,109,0
5613.11652927,5613.11588784,1943.32844272,1943.35510192,0.06236711,368.00840378,0.01998438,0.01998438,35603,109,0
5613.27288140,5613.27356083,1949.88438372,1949.85612149,0.02658276,368.09586439,0.01998437,0.01998438,35602,109,0
5613.43114250,5613.43124268,1956.44637229,1956.44220109,0.05066267,368.18365210,0.01998438,0.01998438,35601,109,0
5613.58954732,5613.58893340,1963.01473044,1963.04031462,0.00499281,368.27077539,0.01998438,0.01998438,35600,109,0
5613.74599435,5613.74663297,1969.58959180,1969.56295444,0.07223298,368.35609065,0.01998437,0.01998438,35599,109,0
5613.90501879,5613.90434140,1976.17070147,1976.19898110,0.05272860,368.44206105,0.01998438,0.01998438,35598,109,0
5614.06307587,5614.06205869,1982.75775553,1982.80025526,0.04085795,368.52675270,0.01998438,0.01998438,35597,109,0
5614.21992611,5614.21978485,1989.35044842,1989.35635501,0.07289863,368.61004690,0.01998438,0.01998438,35596,109,0
5614.37815148,5614.37751987,1995.94847291,1995.97490251,0.02046812,368.69330772,0.01998438,0.01998438,35595,109,0
5614.53465373,5614.53526375,2002.55160084,2002.52605650,0.04767105,368.77490272,0.01998437,0.01998438,35594,109,0
5614.69406471,5614.69301649,2009.15991962,2009.20384607,0.06600726,368.85723738,0.01998438,0.01998438,35593,109,0
5614.85091185,5614.85077811,2015.77359477,2015.77920390,0.03953127,368.93748286,0.01998438,0.01998438,35592,109,0
5615.00842615,5615.00854858,2022.39279270,2022.38765425,0.05150030,369.01730615,0.01998438,0.01998438,35591,109,0
5615.16775700,5615.16632793,2029.01768072,2029.07770998,0.04542203,369.09727163,0.01998438,0.01998438,35590,109,0
5615.32310346,5615.32411614,2035.64842851,2035.60585473,0.05650652,369.17448369,0.01998437,0.01998438,35589,109,0
5615.48266351,5615.48191322,2042.28521744,2042.31678793,0.07249724,369.25301534,0.01998438,0.01998438,35588,109,0
5615.63905942,5615.63971916,2048.92823463,2048.90044954,0.01961345,369.32922781,0.01998437,0.01998438,35587,109,0
5615.79778925,5615.79753398,2055.57766820,2055.58842896,0.06715243,369.40580636,0.01998438,0.01998438,35586,109,0
5615.95608227,5615.95535767,2062.23370729,2062.26428133,0.06545448,369.48140023,0.01998438,0.01998438,35585,109,0
5616.11369472,5616.11319022,2068.89652810,2068.91783523,0.01635643,369.55590080,0.01998438,0.01998438,35584,109,0
5616.27195295,5616.27103165,2075.56612243,2075.60507012,0.06562134,369.62993272,0.01998438,0.01998438,35583,109,0
5616.42931499,5616.42888196,2082.24235050,2082.26067395,0.08424494,369.70277257,0.01998438,0.01998438,35582,109,0
5616.58679259,5616.58674113,2088.92506893,2088.92724841,0.03714016,369.77489052,0.01998438,0.01998438,35581,109,0
5616.74510746,5616.74460918,2095.61413356,2095.63525538,0.04102322,369.84660617,0.01998438,0.01998438,35580,109,0
5616.90281727,5616.90248611,2102.30940173,2102.32345181,0.04238723,369.91726066,0.01998438,0.01998438,35579,109,0
5617.05993225,5617.06037191,2109.01078977,2108.99212092,0.01491668,369.98686448,0.01998437,0.01998438,35578,109,0
5617.21849672,5617.21826658,2115.71827655,2115.72805702,0.06436126,370.05631447,0.01998438,0.01998438,35577,109,0
5617.37584335,5617.37617013,2122.43184384,2122.41794407,0.06688973,370.12443826,0.01998438,0.01998438,35576,109,0
5617.53387060,5617.53408257,2129.15147325,2129.14244978,0.05685995,370.19205951,0.01998438,0.01998438,35575,109,0
5617.69167604,5617.69200387,2135.87714751,2135.86317966,0.04901667,370.25878625,0.01998438,0.01998438,35574,109,0
5617.84993084,5617.84993406,2142.60891182,2142.60877436,0.07691133,370.32489881,0.01998438,0.01998438,35573,109,0
5618.00811564,5618.00787313,2149.34690383,2149.35725442,0.05658235,370.39017649,0.01998438,0.01998438,35572,109,0
5618.16691135,5618.16582108,2156.09126932,2156.13784493,0.06382618,370.45489527,0.01998438,0.01998438,35571,109,0
5618.32274032,5618.32377791,2162.84215488,2162.79778900,0.03349535,370.51761408,0.01998437,0.01998438,35570,109,0
5618.48197839,5618.48174362,2169.59970730,2169.60975505,0.05193827,370.58089474,0.01998438,0.01998438,35569,109,0
5618.63932355,5618.63971822,2176.36400202,2176.34709496,0.05977251,370.64261695,0.01998438,0.01998438,35568,109,0
5618.79796038,5618.79770170,2183.13497466,2183.14606672,0.04404249,370.70403154,0.01998438,0.01998438,35567,109,0
5618.95492429,5618.95569406,2189.91254438,2189.87950790,0.05942797,370.76399063,0.01998437,0.01998438,35566,109,0
5619.11363425,5619.11369531,2196.69662986,2196.69400703,0.05816391,370.82379656,0.01998438,0.01998438,35565,109,0
5619.27250323,5619.27170544,2203.48714928,2203.52144951,0.06412495,370.88283342,0.01998438,0.01998438,35564,109,0
5619.43052584,5619.42972446,2210.28401676,2210.31850121,0.06884829,370.94072990,0.01998438,0.01998438,35563,109,0
5619.58692669,5619.58775237,2217.08713734,2217.05157635,0.02696501,370.99721814,0.01998438,0.01998438,35562,109,0
5619.74483142,5619.74578917,2223.89641421,2223.85513077,0.07412515,371.05342497,0.01998437,0.01998438,35561,109,0
5619.90429978,5619.90383485,2230.71174999,2230.73180690,0.05638781,371.10934445,0.01998438,0.01998438,35560,109,0
5620.06120401,5620.06188943,2237.53304681,2237.50345360,0.05744582,371.16353412,0.01998438,0.01998438,35559,109,0
5620.22001610,5620.21995289,2244.36028007,2244.36301130,0.05650379,371.21754132,0.01998438,0.01998438,35558,109,0
5620.37857119,5620.37802525,2251.19363348,2251.21724426,0.05128624,371.27061597,0.01998438,0.01998438,35557,109,0
5620.53636625,5620.53610650,2258.03332826,2258.04457181,0.04122167,371.32259728,0.01998438,0.01998438,35556,109,0
5620.69379401,5620.69419664,2264.87958689,2264.86214271,0.07665208,371.37362296,0.01998438,0.01998438,35555,109,0
5620.85194514,5620.85229567,2271.73263309,2271.71743120,0.04955769,371.42404292,0.01998438,0.01998438,35554,109,0
5621.01012127,5621.01040360,2278.59263541,2278.58037983,0.03692983,371.47362729,0.01998438,0.01998438,35553,109,0
5621.16890874,5621.16852043,2285.45958971,2285.47646196,0.05054229,371.52255219,0.01998438,0.01998438,35552,109,0
5621.32702520,5621.32664615,2292.33345848,2292.34994393,0.05839016,371.57042018,0.01998438,0.01998438,35551,109,0
5621.48618770,5621.48478076,2299.21420398,2299.27545148,0.07543985,371.61774523,0.01998438,0.01998438,35550,109,0
5621.64259166,5621.64292427,2306.10178821,2306.08729506,0.05750025,371.66340718,0.01998438,0.01998438,35549,109,0
5621.80195380,5621.80107668,2312.99615475,2313.03440844,0.03036022,371.70907050,0.01998438,0.01998438,35548,109,0
5621.95943911,5621.95923799,2319.89718994,2319.90596908,0.06633124,371.75333783,0.01998438,0.01998438,35547,109,0
5622.11707500,5622.11740820,2326.80476835,2326.79021033,0.07328236,371.79678994,0.01998438,0.01998438,35546,109,0
5622.27442194,5622.27558731,2333.71876379,2333.66780389,0.07347634,371.83930370,0.01998437,0.01998438,35545,109,0
5622.43389372,5622.43377532,2340.63904939,2340.64423144,0.04531113,371.88151306,0.01998438,0.01998438,35544,109,0
5622.59181661,5622.59197223,2347.56559821,2347.55878152,0.04720062,371.92243844,0.01998438,0.01998438,35543,109,0
5622.75036960,5622.75017804,2354.49868088,2354.50707956,0.03734715,371.96265142,0.01998438,0.01998438,35542,109,0
5622.90800840,5622.90839276,2361.43862438,2361.42175666,0.05242636,372.00176211,0.01998438,0.01998438,35541,109,0
5623.06622083,5623.06661638,2368.38575759,2368.36838156,0.06433167,372.04014176,0.01998438,0.01998438,35540,109,0
5623.22585487,5623.22484890,2375.34041106,2375.38464905,0.04773456,372.07797858,0.01998438,0.01998438,35539,109,0
5623.38433437,5623.38309033,2382.30277306,2382.35753709,0.07556362,372.11465791,0.01998438,0.01998438,35538,109,0
5623.54167888,5623.54134067,2389.27265689,2389.28756028,0.02915379,372.15019958,0.01998438,0.01998438,35537,109,0
5623.69989630,5623.69959991,2396.24981415,2396.26288740,0.07890703,372.18505535,0.01998438,0.01998438,35536,109,0
5623.85798644,5623.85786806,2403.23399493,2403.23922106,0.05314274,372.21899473,0.01998438,0.01998438,35535,109,0
5624.01576714,5624.01614512,2410.22494834,2410.20824580,0.04540520,372.25197858,0.01998438,0.01998438,35534,109,0
5624.17484815,5624.17443109,2417.22252003,2417.24096566,0.07884821,372.28433180,0.01998438,0.01998438,35533,109,0
5624.33425944,5624.33272597,2424.22676602,2424.29465011,0.03323303,372.31584098,0.01998438,0.01998438,35532,109,0
5624.49106750,5624.49102976,2431.23777010,2431.23944249,0.06262393,372.34594359,0.01998438,0.01998438,35531,109,0
5624.64905226,5624.64934246,2438.25561654,2438.24274625,0.04683929,372.37537533,0.01998438,0.01998438,35530,109,0
5624.80840865,5624.80766407,2445.28039086,2445.31344375,0.05677996,372.40414852,0.01998438,0.01998438,35529,109,0
5624.96670715,5624.96599459,2452.31223500,2452.34389698,0.04901854,372.43181976,0.01998438,0.01998438,35528,109,0
5625.12521794,5625.12433403,2459.35138549,2459.39070023,0.04485829,372.45861665,0.01998438,0.01998438,35527,109,0
5625.28229820,5625.28268238,2466.39808919,2466.38098375,0.02915804,372.48427014,0.01998438,0.01998438,35526,109,0
5625.44133858,5625.44103965,2473.45259445,2473.46591824,0.04885405,372.50932744,0.01998438,0.01998438,35525,109,0
5625.59876071,5625.59940584,2480.51514282,2480.48635708,0.03790802,372.53321973,0.01998438,0.01998438,35524,109,0
5625.75777420,5625.75778094,2487.58569113,2487.58539030,0.04223885,372.55643120,0.01998438,0.01998438,35523,109,0
5625.91682270,5625.91616495,2494.66384352,2494.69325252,0.05784822,372.57871625,0.01998438,0.01998438,35522,109,0
5626.07395923,5626.07455789,2501.74917997,2501.72238821,0.06145466,372.59981445,0.01998438,0.01998438,35521,109,0
5626.23325766,5626.23295974,2508.84127787,2508.85462204,0.05721924,372.62026672,0.01998438,0.01998438,35520,109,0
5626.39203446,5626.39137052,2515.93973449,2515.96949857,0.06086938,372.63971045,0.01998438,0.01998438,35519,109,0
5626.54968365,5626.54979021,2523.04454051,2523.03975931,0.07810344,372.65808368,0.01998438,0.01998438,35518,109,0
5626.70883587,5626.70821883,2530.15602429,2530.18373445,0.03480811,372.67568813,0.01998438,0.01998438,35517,109,0
5626.86708744,5626.86665636,2537.27452704,2537.29390448,0.05256805,372.69225083,0.01998438,0.01998438,35516,109,0
5627.02538510,5627.02510282,2544.40039206,2544.41309361,0.04641019,372.70787662,0.01998438,0.01998438,35515,109,0
5627.18288267,5627.18355821,2551.53393520,2551.50350736,0.02939460,372.72248658,0.01998438,0.01998438,35514,109,0
5627.34156775,5627.34202251,2558.67519458,2558.65468992,0.04506200,372.73625884,0.01998438,0.01998438,35513,109,0
5627.50040019,5627.50049575,2565.82405456,2565.81974203,0.07059500,372.74908801,0.01998438,0.01998438,35512,109,0
5627.65888345,5627.65897790,2572.98039714,2572.97612975,0.01104637,372.76093277,0.01998438,0.01998438,35511,109,0
5627.81724331,5627.81746899,2580.14410355,2580.13389797,0.06968040,372.77181127,0.01998438,0.01998438,35510,109,0
5627.97574508,5627.97596900,2587.31508212,2587.30494642,0.03511759,372.78173870,0.01998438,0.01998438,35509,109,0
5628.13544822,5628.13447794,2594.49338483,2594.53734694,0.02815859,372.79076647,0.01998438,0.01998438,35508,109,0
5628.29361131,5628.29299580,2601.67911054,2601.70702565,0.05178810,372.79874004,0.01998438,0.01998438,35507,109,0
5628.45153273,5628.45152260,2608.87235873,2608.87281838,0.06917530,372.80573850,0.01998438,0.01998438,35506,109,0
5628.60919793,5628.61005833,2616.07322947,2616.03412935,0.06087160,372.81176303,0.01998438,0.01998438,35505,109,0
5628.76909615,5628.76860299,2623.28182628,2623.30426056,0.05683168,372.81688772,0.01998438,0.01998438,35504,109,0
5628.92787188,5628.92715658,2630.49826106,2630.53083452,0.04186027,372.82099189,0.01998438,0.01998438,35503,109,0
5629.08630277,5629.08571910,2637.72264772,2637.74925511,0.06232237,372.82410632,0.01998438,0.01998438,35502,109,0
5629.24529897,5629.24429055,2644.95510084,2645.00111959,0.07598037,372.82624386,0.01998438,0.01998438,35501,109,0
5629.40347603,5629.40287094,2652.19573401,2652.22337686,0.05146988,372.82738519,0.01998438,0.01998438,35500,109,0
5629.56126201,5629.56146026,2659.44457864,2659.43551194,0.02058803,372.82754163,0.01998438,0.01998438,35499,109,0
5629.71994023,5629.72005852,2666.70154814,2666.69613266,0.04396208,372.82670665,0.01998438,0.01998438,35498,109,0
5629.87800283,5629.87866572,2673.96654631,2673.93616705,0.05884750,372.82488256,0.01998438,0.01998438,35497,109,0
5630.03701868,5630.03728185,2681.23947628,2681.22740303,0.04852420,372.82204504,0.01998438,0.01998438,35496,109,0
5630.19670897,5630.19590692,2688.52024958,2688.55708210,0.02205387,372.81818064,0.01998438,0.01998438,35495,109,0
5630.35482413,5630.35454092,2695.80889911,2695.82191819,0.05945650,372.81334934,0.01998438,0.01998438,35494,109,0
5630.51319963,5630.51318387,2703.10554554,2703.10627077,0.05079702,372.80750451,0.01998438,0.01998438,35493,109,0
5630.67201987,5630.67183576,2710.41031218,2710.41879384,0.04580617,372.80062942,0.01998438,0.01998438,35492,109,0
5630.83066803,5630.83049659,2717.72332315,2717.73122968,0.07810563,372.79274493,0.01998438,0.01998438,35491,109,0
5630.98902275,5630.98916635,2725.04466089,2725.03803104,0.07515201,372.78385828,0.01998438,0.01998438,35490,109,0
5631.14715479,5631.14784506,2732.37418746,2732.34228632,0.03258234,372.77396750,0.01998438,0.01998438,35489,109,0
5631.30809471,5631.30653272,0.00000000,2739.79244768,0.05191266,372.76284181,0.01998439,0.01998438,35488,109,1
5631.46559805,5631.46522932,2747.05696332,2747.07403880,0.06055922,372.75095563,0.01998438,0.01998438,35487,109,0
5631.62463200,5631.62393486,2754.40978805,2754.44210208,0.04500269,372.73790986,0.01998438,0.01998438,35486,109,0
5631.78280765,5631.78264934,2761.77010618,2761.77745139,0.05439746,372.72390446,0.01998438,0.01998438,35485,109,0
5631.94202793,5631.94137278,2769.13817899,2769.16860722,0.04676560,372.70876569,0.01998438,0.01998438,35484,109,0
5632.10077717,5632.10010516,2776.51430994,2776.54555461,0.04282084,372.69262839,0.01998438,0.01998438,35483,109,0
5632.25859162,5632.25884648,2783.89880451,2783.88694218,0.04019372,372.67554974,0.01998438,0.01998438,35482,109,0
5632.41779700,5632.41759676,2791.29195917,2791.30128980,0.05837579,372.65726956,0.01998438,0.01998438,35481,109,0
5632.57757693,5632.57635598,2798.69387599,2798.75083293,0.06251621,372.63785841,0.01998438,0.01998438,35480,109,0
5632.73566453,5632.73512415,2806.10448834,2806.12972493,0.04938741,372.61759964,0.01998438,0.01998438,35479,109,0
5632.89464225,5632.89390128,2813.52372357,2813.55836650,0.03181633,372.59616716,0.01998438,0.01998438,35478,109,0
5633.05282208,5633.05268735,2820.95150850,2820.95781442,0.06983918,372.57378454,0.01998438,0.01998438,35477,109,0
5633.21308070,5633.21148238,0.00000000,2828.46679702,0.05282267,372.55001531,0.01998439,0.01998438,35476,109,1
5633.36990061,5633.37028636,2835.83250706,2835.81441351,0.05107285,372.52572798,0.01998438,0.01998438,35475,109,0
5633.53006341,5633.52909929,2843.28568637,2843.33095731,0.05082148,372.49982928,0.01998438,0.01998438,35474,109,0
5633.68641684,5633.68792118,2850.74730498,2850.67659203,0.11737581,372.47349064,0.01998438,0.01998438,35473,109,0
5633.84765842,5633.84675202,2858.21735181,2858.26000401,0.05287211,372.44523266,0.01998438,0.01998438,35472,109,0
5634.00649380,5634.00559182,2865.69578554,2865.73827483,0.04193543,372.41630523,0.01998438,0.01998438,35471,109,0
5634.16592112,5634.16444057,0.00000000,2873.24912185,0.05495510,372.38619119,0.01998439,0.01998438,35470,109,1
5634.32435512,5634.32329828,2880.67743579,2880.72732317,0.03560000,372.35515216,0.01998439,0.01998438,35469,109,0
5634.48188210,5634.48216495,2888.18045411,2888.16708844,0.06715259,372.32322731,0.01998438,0.01998438,35468,109,0
5634.63943704,5634.64104058,0.00000000,2895.61268867,0.02700751,372.29023363,0.01998438,0.01998438,35467,109,1
5634.80074934,5634.79992517,2903.21071459,2903.24973921,0.06733298,372.25530689,0.01998438,0.01998438,35466,109,0
5634.95818363,5634.95881872,2910.73843042,2910.70832620,0.03542998,372.22013617,0.01998438,0.01998438,35465,109,0
5635.11718780,5635.11772123,2918.27495116,2918.24963713,0.07228665,372.18351038,0.01998438,0.01998438,35464,109,0
5635.27733599,5635.27663270,2925.82059056,2925.85400507,0.04588537,372.14549414,0.01998438,0.01998438,35463,109,0
5635.43570420,5635.43555313,2933.37553391,2933.38271965,0.03651663,372.10678368,0.01998438,0.01998438,35462,109,0
5635.59445313,5635.59448253,2940.93961821,2940.93821828,0.06666618,372.06686288,0.01998438,0.01998438,35461,109,0
5635.75364248,5635.75342089,2948.51262143,2948.52318584,0.03714051,372.02570567,0.01998438,0.01998438,35460,109,0
5635.91326915,5635.91236821,2956.09431995,2956.13731748,0.04524762,371.98330126,0.01998438,0.01998438,35459,109,0
5636.07197109,5636.07132450,2963.68450573,2963.71539666,0.07792424,371.94001447,0.01998438,0.01998438,35458,109,0
5636.23005840,5636.23028976,2971.28323570,2971.27217021,0.02896640,371.89577346,0.01998438,0.01998438,35457,109,0
5636.38947480,5636.38926398,2978.89077708,2978.90087123,0.04781639,371.85002167,0.01998438,0.01998438,35456,109,0
5636.54846904,5636.54824717,2986.50740460,2986.51803997,0.02416619,371.80324683,0.01998438,0.01998438,35455,109,0
5636.70687062,5636.70723933,2994.13339491,2994.11569900,0.06200212,371.75550472,0.01998438,0.01998438,35454,109,0
5636.86634528,5636.86624046,3001.76895109,3001.77398761,0.05305570,371.70628305,0.01998438,0.01998438,35453,109,0
5637.02597156,5637.02525056,3009.41403322,3009.44871882,0.03744124,371.65584933,0.01998438,0.01998438,35452,109,0
5637.18372714,5637.18426963,3017.06855168,3017.04242284,0.06015938,371.60485813,0.01998438,0.01998438,35451,109,0
5637.34312516,5637.34329768,3024.73241614,3024.72409736,0.04881109,371.55217328,0.01998438,0.01998438,35450,109,0
5637.50265301,5637.50233469,3032.40554313,3032.42091032,0.05496197,371.49827217,0.01998438,0.01998438,35449,109,0
5637.66030219,5637.66138068,3040.08797392,3040.03584940,0.06947729,371.44384875,0.01998438,0.01998438,35448,109,0
5637.82025270,5637.82043564,3047.77985328,3047.77100096,0.07605588,371.38745056,0.01998438,0.01998438,35447,109,0
5637.98011716,5637.97949957,3055.48133005,3055.51125002,0.04158168,371.32988987,0.01998438,0.01998438,35446,109,0
5638.14821924,nan,0.00000000,3063.66251518,0.08217624,371.26805585,0.01998498,0.01998438,35446,109,1
5638.29733614,5638.29765437,3070.91355669,3070.89810246,0.07047065,371.21212233,0.01998438,0.01998438,35444,109,0
5638.45642920,5638.45674524,3078.64401715,3078.62865189,0.07621228,371.15127608,0.01998438,0.01998438,35443,109,0
5638.61679138,5638.61584508,3086.38354735,3086.42960603,0.04447679,371.08873800,0.01998439,0.01998438,35442,109,0
5638.77507451,5638.77495390,3094.13175636,3094.13763271,0.05886049,371.02582256,0.01998438,0.01998438,35441,109,0
5638.93393773,5638.93407170,3101.88829481,3101.88176090,0.03841789,370.96148913,0.01998438,0.01998438,35440,109,0
5639.09303087,5639.09319847,3109.65335257,3109.64516917,0.08183419,370.89586553,0.01998438,0.01998438,35439,109,0
5639.25295564,5639.25233423,3117.42748253,3117.45785731,0.03752332,370.82868332,0.01998438,0.01998438,35438,109,0
5639.41151072,5639.41147898,3125.21124824,3125.21280205,0.06736066,370.76086483,0.01998438,0.01998438,35437,109,0
5639.57080183,5639.57063270,3133.00521562,3133.01350336,0.04690208,370.69150771,0.01998438,0.01998438,35436,109,0
5639.72957858,5639.72979540,3140.80969503,3140.79905615,0.04868192,370.62114692,0.01998438,0.01998438,35435,109,0
5639.88906347,5639.88896709,3148.62446598,3148.62920076,0.02145507,370.54923628,0.01998438,0.01998438,35434,109,0
5640.04715348,5640.04814777,3156.44924080,3156.40033609,0.06586348,370.47673055,0.01998438,0.01998438,35433,109,0
5640.20619382,5640.20733743,3164.28372963,3164.22741494,0.05781023,370.40255805,0.01998438,0.01998438,35432,109,0
5640.36650538,5640.36653607,3172.12768992,3172.12617663,0.04061793,370.32654167,0.01998438,0.01998438,35431,109,0
5640.52687636,5640.52574370,3179.98121002,3180.03711595,0.05306218,370.24923567,0.01998439,0.01998438,35430,109,0
5640.68607180,5640.68496032,3187.84451592,3187.89944208,0.08254358,370.17124235,0.01998439,0.01998438,35429,109,0
5640.84422980,5640.84418593,3195.71783567,3195.72000623,0.06358178,370.09251390,0.01998438,0.01998438,35428,109,0
5641.00368413,5641.00342053,3203.60139261,3203.61445150,0.08549418,370.01187924,0.01998438,0.01998438,35427,109,0
5641.16262757,5641.16266411,3211.49522752,3211.49341500,0.06195386,369.93023840,0.01998438,0.01998438,35426,109,0
5641.32155085,5641.32191669,3219.39917386,3219.38100544,0.07376087,369.84734325,0.01998438,0.01998438,35425,109,0
5641.48105515,5641.48117826,3227.31305270,3227.30693143,0.04802774,369.76287132,0.01998438,0.01998438,35424,109,0
5641.63933481,5641.64044882,3235.23668376,3235.18123066,0.05185339,369.67778454,0.01998438,0.01998438,35423,109,0
5641.79931892,5641.79972837,3243.16998130,3243.14957576,0.05603656,369.59049955,0.01998438,0.01998438,35422,109,0
5641.95840893,5641.95901692,3251.11314185,3251.08280551,0.06077174,369.50241825,0.01998438,0.01998438,35421,109,0
5642.11778270,5642.11831446,3259.06641528,3259.03984965,0.04036640,369.41288906,0.01998438,0.01998438,35420,109,0
5642.27583303,5642.27762099,0.00000000,3266.94412215,0.04086468,369.32278033,0.01998438,0.01998438,35419,109,1
5642.43567491,5642.43693653,3275.00428656,3274.94109865,0.04655892,369.23042490,0.01998438,0.01998438,35418,109,0
5642.59683098,5642.59626105,3282.98916135,3283.01774236,0.04558155,369.13593486,0.01998439,0.01998438,35417,109,0
5642.75638443,5642.75559458,3290.98463530,3291.02429583,0.06845439,369.04106028,0.01998439,0.01998438,35416,109,0
5642.91539718,5642.91493710,3298.99066501,3299.01379575,0.07243378,368.94519251,0.01998438,0.01998438,35415,109,0
5643.07510485,5643.07428863,3307.00720703,3307.04829475,0.05717260,368.84758089,0.01998439,0.01998438,35414,109,0
5643.23330000,5643.23364915,3315.03422632,3315.01662880,0.06039446,368.74958090,0.01998438,0.01998438,35413,109,0
5643.39369719,5643.39301867,3323.07169700,3323.10593812,0.03904608,368.64887882,0.01998439,0.01998438,35412,109,0
5643.55357576,5643.55239719,3331.11959339,3331.17914257,0.04407296,368.54715767,0.01998439,0.01998438,35411,109,0
5643.71208199,5643.71178472,3339.17788992,3339.19292850,0.04456067,368.44498048,0.01998438,0.01998438,35410,109,0
5643.87081923,5643.87118125,3347.24664516,3347.22830812,0.04885680,368.34132304,0.01998438,0.01998438,35409,109,0
5644.03173931,5644.03058678,3355.32611060,3355.38456470,0.08956560,368.23487259,0.01998439,0.01998438,35408,109,0
5644.19048154,5644.19000131,3363.41656632,3363.44095440,0.02620608,368.12850558,0.01998439,0.01998438,35407,109,0
5644.35014932,5644.34942485,3371.51829460,3371.55513638,0.05095199,368.02015025,0.01998439,0.01998438,35406,109,0
5644.50878394,5644.50885740,3379.63150984,3379.62776919,0.05473921,367.91112972,0.01998438,0.01998438,35405,109,0
5644.66653058,5644.66829895,0.00000000,3387.67007736,0.06720939,367.80130886,0.01998438,0.01998438,35404,109,1
5644.82914600,5644.82774951,0.00000000,3395.96574016,0.07287376,367.68676334,0.01998439,0.01998438,35403,109,1
5644.98971652,5644.98720908,0.00000000,3404.16780189,0.04690679,367.57224751,0.01998439,0.01998438,35402,109,1
5645.14708624,5645.14667765,3412.19576382,3412.21667724,0.05573879,367.45865003,0.01998439,0.01998438,35401,109,0
5645.30680374,5645.30615524,3420.36379303,3420.39702878,0.06198216,367.34195852,0.01998439,0.01998438,35400,109,0
5645.46486742,5645.46564184,3428.54264330,3428.50290437,0.06679259,367.22509812,0.01998438,0.01998438,35399,109,0
5645.62683825,5645.62513744,0.00000000,3436.81824899,0.07158338,367.10394454,0.01998439,0.01998438,35398,109,1
5645.78508122,5645.78464206,3444.93330184,3444.95589584,0.05745245,366.98413170,0.01998439,0.01998438,35397,109,0
5645.94432858,5645.94415569,3453.14537608,3453.15428262,0.04667871,366.86217613,0.01998438,0.01998438,35396,109,0
5646.10402963,5646.10367834,3461.36881806,3461.38693949,0.07031257,366.73845006,0.01998439,0.01998438,35395,109,0
5646.26341062,5646.26321000,3469.60378711,3469.61415014,0.04248786,366.61354399,0.01998439,0.01998438,35394,109,0
5646.42137001,5646.42275067,0.00000000,3477.77541239,0.05948258,366.48839308,0.01998438,0.01998438,35393,109,1
5646.58045944,5646.58230036,0.00000000,3486.00871552,0.05740483,366.36088014,0.01998438,0.01998438,35392,109,1
5646.74270928,5646.74185906,3494.37881802,3494.42291441,0.05586015,366.22926109,0.01998439,0.01998438,35391,109,0
5646.90359317,5646.90142679,0.00000000,3502.76542436,0.06277069,366.09746182,0.01998439,0.01998438,35390,109,1
5647.06124767,5647.06100353,3510.95297511,3510.96567091,0.05497407,365.96664727,0.01998439,0.01998438,35389,109,0
5647.22034211,5647.22058928,3519.25683376,3519.24396401,0.05122695,365.83331802,0.01998438,0.01998438,35388,109,0
5647.37911186,5647.38018406,3527.57166583,3527.51576979,0.05435322,365.69881934,0.01998438,0.01998438,35387,109,0
5647.53993989,5647.53978786,3535.89730837,3535.90524388,0.04018399,365.56110692,0.01998439,0.01998438,35386,109,0
5647.69984632,5647.69940068,3544.23359701,3544.25688610,0.06720031,365.42271497,0.01998439,0.01998438,35385,109,0
5647.85988714,5647.85902252,3552.58054941,3552.62579117,0.06616018,365.28273560,0.01998439,0.01998438,35384,109,0
5648.01810963,5648.01865338,3560.93887189,3560.91038134,0.03569877,365.14288367,0.01998438,0.01998438,35383,109,0
5648.17979636,5648.17829327,0.00000000,3569.39312737,0.05003944,364.99836446,0.01998439,0.01998438,35382,109,1
5648.33992195,5648.33794218,0.00000000,3577.80415172,0.05994227,364.85374650,0.01998439,0.01998438,35381,109,1
5648.49815580,5648.49760012,3586.09060448,3586.11985419,0.06436687,364.70947500,0.01998439,0.01998438,35380,109,0
5648.65805770,5648.65726708,3594.50131891,3594.54299662,0.05353735,364.56202960,0.01998439,0.01998438,35379,109,0
5648.81563992,5648.81694306,0.00000000,3602.86101027,0.03584487,364.41513103,0.01998438,0.01998438,35378,109,1
5648.97689331,5648.97662808,3611.35868624,3611.37270380,0.06997725,364.26348173,0.01998439,0.01998438,35377,109,0
5649.13658967,5649.13632212,3619.80362807,3619.81778556,0.07090158,364.11168968,0.01998439,0.01998438,35376,109,0
5649.29745979,5649.29602519,3628.25976316,3628.33577596,0.08024420,363.95724594,0.01998439,0.01998438,35375,109,0
5649.45593577,5649.45573729,3636.72828148,3636.73881385,0.07969491,363.80356688,0.01998438,0.01998438,35374,109,0
5649.61681946,5649.61545842,3645.21038528,3645.28272425,0.06666696,363.64596802,0.01998439,0.01998438,35373,109,0
5649.77652438,5649.77518858,3653.70712153,3653.77823843,0.05048450,363.48791902,0.01998439,0.01998438,35372,109,0
5649.93603835,5649.93492777,3662.21815153,3662.27737034,0.07191389,363.32846313,0.01998439,0.01998438,35371,109,0
5650.09595412,5650.09467599,3670.74243483,3670.81068532,0.06209431,363.16701825,0.01998439,0.01998438,35370,109,0
5650.25307232,5650.25443325,0.00000000,3679.20726719,0.04709731,363.00684248,0.01998438,0.01998438,35369,109,1
5650.41395938,5650.41419954,3687.82665114,3687.81379387,0.07100201,362.84130545,0.01998438,0.01998438,35368,109,0
5650.57557620,5650.57397487,0.00000000,3696.46994202,0.07266988,362.67342939,0.01998439,0.01998438,35367,109,1
5650.73454948,5650.73375923,3704.95727264,3704.99969558,0.05277266,362.50664660,0.01998439,0.01998439,35366,109,0
5650.89269000,5650.89355262,3713.54182812,3713.49544987,0.05076448,362.33918891,0.01998438,0.01998439,35365,109,0
5651.05255970,5651.05335506,3722.14025879,3722.09742967,0.06292056,362.16827558,0.01998438,0.01998439,35364,109,0
5651.21508088,5651.21316653,0.00000000,3730.84863981,0.08561138,361.99299132,0.01998439,0.01998439,35363,109,1
5651.37502012,5651.37298704,0.00000000,3739.47776180,0.06336273,361.81876434,0.01998439,0.01998439,35362,109,1
5651.53275057,5651.53281659,3748.01604363,3748.01247294,0.07825059,361.64508810,0.01998439,0.01998439,35361,109,0
5651.69135763,5651.69265518,0.00000000,3756.58193396,0.11154010,361.46934875,0.01998438,0.01998439,35360,109,1
5651.85484783,5651.85250281,0.00000000,3765.44111220,0.07800435,361.28623995,0.01998439,0.01998439,35359,109,1
5652.01003848,5652.01235948,0.00000000,3773.86283505,0.02163924,361.11082712,0.01998438,0.01998439,35358,109,1
5652.17232863,5652.17222519,3782.69067698,3782.69630189,0.04917446,360.92542918,0.01998439,0.01998439,35357,109,0
5652.33277558,5652.33209995,3791.39105534,3791.42784997,0.06945938,360.74075286,0.01998439,0.01998439,35356,109,0
5652.49185079,5652.49198375,3800.10457819,3800.09732663,0.07434709,360.55599548,0.01998439,0.01998439,35355,109,0
5652.65001409,5652.65187660,0.00000000,3808.71985169,0.05080858,360.37086135,0.01998438,0.01998439,35354,109,1
5652.81335720,5652.81177849,0.00000000,3817.64969372,0.07649384,360.17768129,0.01998439,0.01998439,35353,109,1
5652.97026643,5652.97168942,0.00000000,3826.24061900,0.07595894,359.99044329,0.01998438,0.01998439,35352,109,1
5653.13200812,5653.13160941,3835.09207303,3835.11394697,0.05208295,359.79561992,0.01998439,0.01998439,35351,109,0
5653.29213147,5653.29153844,3843.87253963,3843.90512258,0.06081210,359.60116721,0.01998439,0.01998439,35350,109,0
5653.45045851,5653.45147652,3852.66641973,3852.61040598,0.07420176,359.40720912,0.01998438,0.01998439,35349,109,0
5653.61091221,5653.61142365,3861.47376354,3861.44558059,0.07230963,359.20892757,0.01998438,0.01998439,35348,109,0
5653.77060791,5653.77137982,3870.29503976,3870.25243697,0.05845638,359.00984882,0.01998438,0.01998439,35347,109,0
5653.93045973,5653.93134505,3879.13086853,3879.08192725,0.07351276,358.80882287,0.01998438,0.01998439,35346,109,0
5654.08883454,5654.09131933,0.00000000,3887.85219211,0.10519171,358.60772273,0.01998438,0.01998439,35345,109,1
5654.24959819,5654.25130267,0.00000000,3896.76109507,0.06955970,358.40199240,0.01998438,0.01998439,35344,109,1
5654.41077895,5654.41129505,3905.73004351,3905.70137102,0.06341484,358.19406763,0.01998438,0.01998439,35343,109,0
5654.57080073,5654.57129649,3914.62580271,3914.59821901,0.06224151,357.98569141,0.01998438,0.01998439,35342,109,0
5654.73221391,5654.73130699,3923.53489967,3923.58543079,0.06687655,357.77371898,0.01998439,0.01998439,35341,109,0
5654.89044079,5654.89132654,3932.45697290,3932.40755120,0.10280904,357.56419425,0.01998438,0.01998439,35340,109,0
5655.05205598,5655.05135514,3941.39301936,3941.43218575,0.04388009,357.34837779,0.01998439,0.01998439,35339,109,0
5655.21228524,5655.21139280,3950.34428387,3950.39424332,0.05230095,357.13257490,0.01998439,0.01998439,35338,109,0
5655.37200913,5655.37143952,3959.31201356,3959.34395938,0.08585505,356.91559492,0.01998439,0.01998439,35337,109,0
5655.53251635,5655.53149530,3968.29650341,3968.35386775,0.04586393,356.69566785,0.01998439,0.01998439,35336,109,0
5655.69056793,5655.69156014,3977.29627954,3977.24045006,0.05699101,356.47728929,0.01998438,0.01998439,35335,109,0
5655.85208713,5655.85163403,3986.30966340,3986.33519305,0.08194353,356.25229265,0.01998439,0.01998439,35334,109,0
5656.01043433,5656.01171699,3995.33501507,3995.26265632,0.07301603,356.02995635,0.01998438,0.01998439,35333,109,0
5656.17323876,5656.17180901,0.00000000,4004.44635575,0.06197940,355.79971101,0.01998439,0.01998439,35332,109,1
5656.33284450,5656.33191009,4013.42351922,4013.47638855,0.11493095,355.57180822,0.01998439,0.01998439,35331,109,0
5656.49399863,5656.49202023,0.00000000,4022.60186847,0.07056901,355.33997581,0.01998439,0.01998439,35330,109,1
5656.65321207,5656.65213944,4031.57545835,4031.63637676,0.12970841,355.10894906,0.01998439,0.01998439,35329,109,0
5656.81452659,5656.81226771,0.00000000,4040.80266100,0.14787690,354.87302218,0.01998439,0.01998439,35328,109,1
5656.97176543,5656.97240505,4049.79688626,4049.76043421,0.04024498,354.64097322,0.01998438,0.01998439,35327,109,0
5657.13324949,5657.13255145,4058.93057776,4058.97041845,0.07603388,354.40085676,0.01998439,0.01998439,35326,109,0
5657.29583742,5657.29270692,0.00000000,4068.24423292,0.11704786,354.15750511,0.01998440,0.01998439,35325,109,1
5657.45149417,5657.45287146,0.00000000,4077.14765997,0.04692054,353.92238984,0.01998438,0.01998439,35324,109,1
5657.61283391,5657.61304507,4086.41433316,4086.40222759,0.10803181,353.67646267,0.01998439,0.01998439,35323,109,0
nan,nan,0.00000000,-1.00000000,0.00000000,353.44658338,nan,0.00000000,-2147483648,109,1
nan,nan,0.00000000,-1.00000000,0.00000000,346.37400622,nan,0.00000000,-2147483648,108,1
5612.47545159,5612.48528443,0.00000000,8.92928708,0.16306973,346.62044142,0.01998434,0.01998438,35607,108,1
5612.47545159,5612.48528443,0.00000000,8.92928708,0.16306973,346.62044142,0.01998434,0.01998438,35607,108,1
5612.79950325,5612.80056842,19.72480498,19.68934036,0.07586290,347.15682511,0.01998437,0.01998438,35605,108,0
5612.95362964,5612.95822370,0.00000000,24.84414630,0.21358512,347.41303387,0.01998436,0.01998438,35604,108,1
nan,nan,0.00000000,-1.00000000,0.00000000,347.66880477,nan,0.00000000,-2147483648,108,1
nan,nan,0.00000000,-1.00000000,0.00000000,347.91637607,nan,0.00000000,-2147483648,108,1
nan,nan,0.00000000,-1.00000000,0.00000000,348.16348647,nan,0.00000000,-2147483648,108,1
nan,nan,0.00000000,-1.00000000,0.00000000,348.26220156,nan,0.00000000,-2147483648,108,1
nan,nan,0.00000000,-1.00000000,0.00000000,348.36084290,nan,0.00000000,-2147483648,108,1
nan,nan,0.00000000,-1.00000000,0.00000000,348.45941048,nan,0.00000000,-2147483648,108,1
nan,nan,0.00000000,-1.00000000,0.00000000,348.70550671,nan,0.00000000,-2147483648,108,1
5613.90316522,5613.90434140,56.54353708,56.50423265,0.06065846,348.97588772,0.01998437,0.01998438,35598,108,0
5613.90316522,5613.90434140,56.54353708,56.50423265,0.06065846,348.97588772,0.01998437,0.01998438,35598,108,0
nan,nan,0.00000000,-1.00000000,0.00000000,349.53878479,nan,0.00000000,-2147483648,108,1
nan,nan,0.00000000,-1.00000000,0.00000000,349.63646700,nan,0.00000000,-2147483648,108,1
nan,nan,0.00000000,-1.00000000,0.00000000,349.73407541,nan,0.00000000,-2147483648,108,1
5614.55284060,nan,0.00000000,78.24928635,0.08487580,350.03859124,0.01998444,0.01998438,35594,108,1
5614.55284060,nan,0.00000000,78.24928635,0.08487580,350.03859124,0.01998444,0.01998438,35594,108,1
5614.55284060,nan,0.00000000,78.24928635,0.08487580,350.03859124,0.01998444,0.01998438,35594,108,1
nan,nan,0.00000000,-1.00000000,0.00000000,350.31817584,nan,0.00000000,-2147483648,108,1
5614.86171766,5614.85077811,0.00000000,88.59629914,0.15577411,350.54119698,0.01998442,0.01998438,35592,108,1
5614.86171766,5614.85077811,0.00000000,88.59629914,0.15577411,350.54119698,0.01998442,0.01998438,35592,108,1
nan,nan,0.00000000,-1.00000000,0.00000000,350.99626729,nan,0.00000000,-2147483648,108,1
5615.32103329,5615.32411614,0.00000000,104.00224520,0.14570267,351.28587848,0.01998437,0.01998438,35589,108,1
5615.48530540,5615.48191322,0.00000000,109.51776754,0.01077546,351.55141858,0.01998439,0.01998438,35588,108,1
5615.48530540,5615.48191322,0.00000000,109.51776754,0.01077546,351.55141858,0.01998439,0.01998438,35588,108,1
nan,nan,0.00000000,-1.00000000,0.00000000,351.81479929,nan,0.00000000,-2147483648,108,1
nan,nan,0.00000000,-1.00000000,0.00000000,351.91074631,nan,0.00000000,-2147483648,108,1
nan,nan,0.00000000,-1.00000000,0.00000000,352.00661945,nan,0.00000000,-2147483648,108,1
5615.95422490,5615.95535767,125.29737731,125.25927377,0.11697365,352.30619013,0.01998437,0.01998438,35585,108,0
5616.09282589,nan,0.00000000,129.94159892,0.38248572,352.52981439,0.01998487,0.01998438,35585,108,1
5616.26666593,5616.27103165,0.00000000,135.79337431,0.05259758,352.80872130,0.01998436,0.01998438,35583,108,1
5616.42146008,5616.42888196,0.00000000,141.00687150,0.11133778,353.05667368,0.01998435,0.01998438,35582,108,1
nan,nan,0.00000000,-1.00000000,0.00000000,353.34108455,nan,0.00000000,-2147483648,108,1
nan,nan,0.00000000,-1.00000000,0.00000000,353.62515658,nan,0.00000000,-2147483648,108,1
nan,nan,0.00000000,-1.00000000,0.00000000,353.86137497,nan,0.00000000,-2147483648,108,1
nan,nan,0.00000000,-1.00000000,0.00000000,353.95573294,nan,0.00000000,-2147483648,108,1
5617.07701764,nan,0.00000000,163.11595911,0.10216898,354.10259337,0.01998444,0.01998438,35578,108,1
5617.23333344,5617.21826658,0.00000000,168.39494684,0.23541815,354.35099134,0.01998443,0.01998438,35577,108,1
5617.23333344,5617.21826658,0.00000000,168.39494684,0.23541815,354.35099134,0.01998443,0.01998438,35577,108,1
5617.52811222,5617.53408257,0.00000000,178.35752083,0.26748340,354.81836741,0.01998436,0.01998438,35575,108,1
5617.84582307,5617.84993406,0.00000000,189.10614898,0.28233322,355.32056129,0.01998436,0.01998438,35573,108,1
5617.84582307,5617.84993406,0.00000000,189.10614898,0.28233322,355.32056129,0.01998436,0.01998438,35573,108,1
5618.00740590,5618.00787313,194.57206860,194.55624635,0.18785723,355.57438246,0.01998437,0.01998438,35572,108,0
5618.15452767,5618.16582108,0.00000000,199.56107475,0.09000094,355.80698263,0.01998434,0.01998438,35571,108,1
5618.15452767,5618.16582108,0.00000000,199.56107475,0.09000094,355.80698263,0.01998434,0.01998438,35571,108,1
5618.47497748,5618.48174362,0.00000000,210.42527776,0.23535947,356.31030321,0.01998435,0.01998438,35569,108,1
5618.64206972,5618.63971822,0.00000000,216.09486287,0.19255495,356.57209839,0.01998439,0.01998438,35568,108,1
nan,nan,0.00000000,-1.00000000,0.00000000,356.84413776,nan,0.00000000,-2147483648,108,1
nan,nan,0.00000000,-1.00000000,0.00000000,357.07397441,nan,0.00000000,-2147483648,108,1
5619.11320941,5619.11369531,232.09508492,232.07856539,0.33864010,357.30694874,0.01998437,0.01998438,35565,108,0
5619.27680818,5619.27170544,0.00000000,237.66133260,0.14535221,357.56250186,0.01998440,0.01998438,35564,108,1
nan,nan,0.00000000,-1.00000000,0.00000000,357.76070737,nan,0.00000000,-2147483648,108,1
nan,nan,0.00000000,-1.00000000,0.00000000,357.85195699,nan,0.00000000,-2147483648,108,1
5619.58270011,5619.58775237,0.00000000,248.07120350,0.25747166,358.03747601,0.01998436,0.01998438,35562,108,1
5619.76152006,5619.74578917,0.00000000,254.16168348,0.28772168,358.31443753,0.01998443,0.01998438,35561,108,1
5619.89931369,5619.90383485,0.00000000,258.85736951,0.06557494,358.52750243,0.01998436,0.01998438,35560,108,1
5620.05433970,5620.06188943,0.00000000,264.14293548,0.31737810,358.76684427,0.01998435,0.01998438,35559,108,1
nan,nan,0.00000000,-1.00000000,0.00000000,359.03146026,nan,0.00000000,-2147483648,108,1
5620.36382013,5620.37802525,0.00000000,274.70296073,0.00588244,359.24347498,0.01998433,0.01998438,35557,108,1
nan,nan,0.00000000,-1.00000000,0.00000000,359.48178066,nan,0.00000000,-2147483648,108,1
nan,nan,0.00000000,-1.00000000,0.00000000,359.75108339,nan,0.00000000,-2147483648,108,1
5620.85612964,5620.85229567,0.00000000,291.52453803,0.10898308,359.99845557,0.01998439,0.01998438,35554,108,1
5621.02439317,5621.01040360,0.00000000,297.28041223,0.11516710,360.25558453,0.01998443,0.01998438,35553,108,1
5621.17046797,5621.16852043,302.18998105,302.25665578,0.16862023,360.47739046,0.01998438,0.01998438,35552,108,0
5621.33474067,5621.32664615,0.00000000,307.90537887,0.17978788,360.72861442,0.01998441,0.01998438,35551,108,1
5621.48353286,5621.48478076,313.02332392,312.98055366,0.18833084,360.95382555,0.01998437,0.01998438,35550,108,0
5621.65379531,5621.64292427,0.00000000,318.84031357,0.10436861,361.21325857,0.01998442,0.01998438,35549,108,1
5621.65379531,5621.64292427,0.00000000,318.84031357,0.10436861,361.21325857,0.01998442,0.01998438,35549,108,1
5621.95614363,5621.95923799,0.00000000,329.21382116,0.08657557,361.67097011,0.01998437,0.01998438,35547,108,1
5622.11624944,5622.11740820,334.73042967,334.69062433,0.07402464,361.91181864,0.01998437,0.01998438,35546,108,0
5622.27203467,5622.27558731,0.00000000,340.06360552,0.08088881,362.14756073,0.01998437,0.01998438,35545,108,1
5622.44218257,5622.43377532,0.00000000,345.91254720,0.21919111,362.40357691,0.01998441,0.01998438,35544,108,1
5622.59465671,5622.59197223,0.00000000,351.15688757,0.11259685,362.63258910,0.01998439,0.01998438,35543,108,1
5622.74634220,5622.75017804,0.00000000,356.37686899,0.24488234,362.86003072,0.01998437,0.01998438,35542,108,1
5622.90695354,5622.90839276,361.94068266,361.89110383,0.25719829,363.09974408,0.01998437,0.01998438,35541,108,0
5623.06769460,5623.06661638,367.39274083,367.42990409,0.07453396,363.33995715,0.01998438,0.01998438,35540,108,0
5623.22247861,5623.22484890,0.00000000,372.78022556,0.28780535,363.57145530,0.01998437,0.01998438,35539,108,1
5623.38173104,5623.38309033,378.30650877,378.25960836,0.10889037,363.80798684,0.01998437,0.01998438,35538,108,0
5623.54584271,5623.54134067,0.00000000,383.93603903,0.07015396,364.05243656,0.01998440,0.01998438,35537,108,1
5623.69377873,5623.69959991,0.00000000,389.04394324,0.14917949,364.27189180,0.01998436,0.01998438,35536,108,1
5623.85616101,5623.85786806,394.70100536,394.64201191,0.06417564,364.51184989,0.01998437,0.01998438,35535,108,0
5624.01303012,5624.01614512,0.00000000,400.07605514,0.10921197,364.74422038,0.01998437,0.01998438,35534,108,1
5624.17530837,5624.17443109,405.64706123,405.67741263,0.11362456,364.98317147,0.01998438,0.01998438,35533,108,0
5624.33548819,5624.33272597,0.00000000,411.23159387,0.14545868,365.21953452,0.01998439,0.01998438,35532,108,1
5624.49303640,5624.49102976,0.00000000,416.68664938,0.09667062,365.45112130,0.01998439,0.01998438,35531,108,1
5624.64697272,5624.64934246,0.00000000,422.01958348,0.09395081,365.67698908,0.01998437,0.01998438,35530,108,1
5624.80993762,5624.80766407,0.00000000,427.66847412,0.09996446,365.91566228,0.01998439,0.01998438,35529,108,1
5624.96200882,5624.96599459,0.00000000,432.94270182,0.08332032,366.13797013,0.01998437,0.01998438,35528,108,1
5625.12866699,5625.12433403,0.00000000,438.72611861,0.13355715,366.38114589,0.01998439,0.01998438,35527,108,1
5625.28488425,5625.28268238,0.00000000,444.15032736,0.07968329,366.60865298,0.01998439,0.01998438,35526,108,1
5625.43802632,5625.44103965,0.00000000,449.47069027,0.07141702,366.83127311,0.01998437,0.01998438,35525,108,1
5625.59821248,5625.59940584,455.07491822,455.03341814,0.10104226,367.06347173,0.01998437,0.01998438,35524,108,0
5625.75415520,5625.75778094,0.00000000,460.46263772,0.06015420,367.28954263,0.01998437,0.01998438,35523,108,1
5625.91603778,5625.91616495,466.09682950,466.09240204,0.10286388,367.52338526,0.01998438,0.01998438,35522,108,0
5626.07594946,5626.07455789,471.61294947,471.66142554,0.09737440,367.75412495,0.01998438,0.01998438,35521,108,0
5626.23444718,nan,0.00000000,477.18642847,0.06827579,367.98247071,0.01998439,0.01998438,35520,108,1
5626.39440236,5626.39137052,0.00000000,482.76247579,0.12367055,368.21235038,0.01998439,0.01998438,35519,108,1
5626.54800649,5626.54979021,488.18198362,488.11974133,0.02657282,368.43266566,0.01998437,0.01998438,35518,108,0
5626.71145067,5626.70821883,0.00000000,493.82428638,0.09628320,368.66667562,0.01998439,0.01998438,35517,108,1
5626.86723293,5626.86665636,499.24496767,499.26510861,0.12262341,368.88930306,0.01998438,0.01998438,35516,108,0
5626.86723293,5626.86665636,499.24496767,499.26510861,0.12262341,368.88930306,0.01998438,0.01998438,35516,108,0
5627.18083468,5627.18355821,0.00000000,510.22433004,0.07707950,369.33605982,0.01998437,0.01998438,35514,108,1
5627.34937505,5627.34202251,0.00000000,516.11984202,0.11488295,369.57546784,0.01998441,0.01998438,35513,108,1
5627.50310455,5627.50049575,0.00000000,521.50041338,0.09211714,369.79340018,0.01998439,0.01998438,35512,108,1
5627.66141258,5627.65897790,0.00000000,527.04437216,0.08814120,370.01738653,0.01998439,0.01998438,35511,108,1
5627.82315673,5627.81746899,0.00000000,532.71195896,0.09435245,370.24577614,0.01998440,0.01998438,35510,108,1
5627.97451026,5627.97596900,538.06692554,538.01577554,0.12830242,370.45896496,0.01998437,0.01998438,35509,108,0
5628.13759934,5628.13447794,0.00000000,543.73972027,0.02446502,370.68845324,0.01998439,0.01998438,35508,108,1
5628.29119373,5628.29299580,549.19057421,549.12730184,0.09736571,370.90389836,0.01998437,0.01998438,35507,108,0
5628.45098877,5628.45152260,554.75856590,554.73980945,0.07893102,371.12776313,0.01998438,0.01998438,35506,108,0
5628.61096793,5628.61005833,560.33065266,560.36263300,0.08650725,371.35145097,0.01998438,0.01998438,35505,108,0
5628.76435585,5628.76860299,0.00000000,565.75839048,0.09522057,371.56555184,0.01998437,0.01998438,35504,108,1
5628.92474920,5628.92715658,0.00000000,571.40131821,0.12901354,371.78888002,0.01998437,0.01998438,35503,108,1
5629.08785796,5629.08571910,0.00000000,577.14318768,0.05726900,372.01551496,0.01998439,0.01998438,35502,108,1
5629.24791693,5629.24429055,0.00000000,582.78104513,0.10691410,372.23744670,0.01998439,0.01998438,35501,108,1
5629.40431313,5629.40287094,588.24443552,588.29527681,0.09181650,372.45393893,0.01998439,0.01998438,35500,108,0
5629.55939657,5629.56146026,593.83647944,593.76369341,0.03304536,372.66807273,0.01998437,0.01998438,35499,108,0
5629.71961247,5629.72005852,599.43168878,599.41594827,0.13590690,372.88881949,0.01998438,0.01998438,35498,108,0
5629.88051126,nan,0.00000000,605.09589693,0.08088131,373.11004785,0.01998439,0.01998438,35497,108,1
5630.03721515,5630.03728185,610.63252482,610.63016824,0.02048173,373.32502367,0.01998438,0.01998438,35496,108,0
5630.19666880,5630.19590692,616.23861427,616.26554935,0.08278021,373.54334023,0.01998438,0.01998438,35495,108,0
5630.35468092,5630.35454092,621.84879097,621.85374364,0.13558026,373.75924396,0.01998438,0.01998438,35494,108,0
5630.51408480,5630.51318387,627.46311346,627.49500756,0.07389434,373.97660738,0.01998438,0.01998438,35493,108,0
5630.67024367,5630.67183576,633.08140035,633.02500295,0.10118974,374.18910740,0.01998437,0.01998438,35492,108,0
5630.83306705,5630.83049659,0.00000000,638.79624977,0.10433240,374.41026966,0.01998439,0.01998438,35491,108,1
5630.98749896,5630.98916635,644.32906630,644.26993284,0.04905663,374.61945475,0.01998437,0.01998438,35490,108,0
5631.14840140,5631.14784506,649.95804291,649.97778341,0.05121532,374.83699355,0.01998438,0.01998438,35489,108,0
5631.30447607,5631.30653272,655.59018014,655.51716812,0.05342061,375.04753053,0.01998437,0.01998438,35488,108,0
5631.46287041,5631.46522932,0.00000000,661.14379226,0.09621232,375.26079706,0.01998437,0.01998438,35487,108,1
5631.62167179,5631.62393486,0.00000000,666.78692779,0.05427607,375.47409602,0.01998437,0.01998438,35486,108,1
5631.78043959,5631.78264934,0.00000000,672.43223640,0.05050401,375.68688244,0.01998437,0.01998438,35485,108,1
5631.94070143,5631.94137278,678.15181803,678.12793040,0.08796347,375.90096519,0.01998438,0.01998438,35484,108,0
5632.10061629,5632.10010516,683.80162924,683.81982835,0.05725414,376.11430028,0.01998438,0.01998438,35483,108,0
5632.25674394,5632.25884648,0.00000000,689.38845478,0.06024199,376.32242979,0.01998437,0.01998438,35482,108,1
5632.41789623,5632.41759676,695.11405187,695.12472984,0.13625664,376.53621986,0.01998438,0.01998438,35481,108,0
5632.57821699,5632.57635598,0.00000000,700.84999435,0.07659220,376.74898694,0.01998439,0.01998438,35480,108,1
5632.73647430,5632.73512415,706.44310579,706.49130803,0.02907383,376.95803546,0.01998439,0.01998438,35479,108,0
5632.89389500,5632.89390128,712.11333027,712.11310600,0.12467939,377.16576954,0.01998438,0.01998438,35478,108,0
5633.05261718,5633.05268735,717.78705463,717.78454659,0.05170335,377.37473986,0.01998438,0.01998438,35477,108,0
5633.21187347,5633.21148238,723.46405398,723.47803907,0.03258787,377.58391839,0.01998438,0.01998438,35476,108,0
5633.36984607,5633.37028636,729.14419144,729.12843897,0.09243903,377.79091501,0.01998438,0.01998438,35475,108,0
5633.53016524,5633.52909929,734.82760450,734.86576199,0.03675286,378.00048566,0.01998438,0.01998438,35474,108,0
5633.69065209,nan,0.00000000,740.61995877,0.03883859,378.21005494,0.01998439,0.01998438,35473,108,1
5633.84640713,5633.84675202,746.20502214,746.19266172,0.07592263,378.41242443,0.01998438,0.01998438,35472,108,0
5634.00730672,5634.00559182,751.89941096,751.96091000,0.09045506,378.62128380,0.01998439,0.01998438,35471,108,0
5634.16489229,5634.16444057,757.59784388,757.61405393,0.07625119,378.82537207,0.01998438,0.01998438,35470,108,0
5634.32307903,5634.32329828,763.30046177,763.29258855,0.03072105,379.02977564,0.01998438,0.01998438,35469,108,0
5634.48324510,5634.48216495,769.00721737,769.04603094,0.06035262,379.23626085,0.01998438,0.01998438,35468,108,0
5634.63970537,5634.64104058,774.71802147,774.67001173,0.06944173,379.43750173,0.01998438,0.01998438,35467,108,0
5634.79906547,5634.79992517,780.43278446,780.40185305,0.04529419,379.64199369,0.01998438,0.01998438,35466,108,0
5634.95979217,5634.95881872,786.15141638,786.18646213,0.07838513,379.84774542,0.01998438,0.01998438,35465,108,0
5635.11975285,5635.11772123,0.00000000,791.95993431,0.05184501,380.05247714,0.01998439,0.01998438,35464,108,1
5635.27618472,5635.27663270,797.59994955,797.58380246,0.02018511,380.25130445,0.01998438,0.01998438,35463,108,0
5635.43261147,5635.43555313,0.00000000,803.23710092,0.07215825,380.45057607,0.01998437,0.01998438,35462,108,1
5635.59648433,5635.59448253,809.06345412,809.13569466,0.08313728,380.65785680,0.01998439,0.01998438,35461,108,0
5635.75198353,5635.75342089,814.80093042,814.74902766,0.10966539,380.85450888,0.01998438,0.01998438,35460,108,0
5635.91103675,5635.91236821,820.54228598,820.49417732,0.06667408,381.05516852,0.01998438,0.01998438,35459,108,0
5636.07247773,5636.07132450,826.28756846,826.32926373,0.08480826,381.25833727,0.01998438,0.01998438,35458,108,0
5636.23124800,5636.23028976,832.03681616,832.07148362,0.07914890,381.45765061,0.01998438,0.01998438,35457,108,0
5636.39096533,5636.38926398,837.79003160,837.85162237,0.07042503,381.65765699,0.01998439,0.01998438,35456,108,0
5636.55043825,5636.54824717,0.00000000,843.64213495,0.07774905,381.85739542,0.01998439,0.01998438,35455,108,1
5636.70913556,5636.70723933,0.00000000,849.39274290,0.06782551,382.05513632,0.01998439,0.01998438,35454,108,1
5636.86502820,5636.86624046,855.07342457,855.02945656,0.03646487,382.24836015,0.01998438,0.01998438,35453,108,0
5637.02482896,5637.02525056,860.84245108,860.82715002,0.06016356,382.44648182,0.01998438,0.01998438,35452,108,0
5637.18478318,5637.18426963,866.61543744,866.63408698,0.07756778,382.64428862,0.01998438,0.01998438,35451,108,0
5637.34510746,5637.34329768,0.00000000,872.47405845,0.03985191,382.84258399,0.01998439,0.01998438,35450,108,1
5637.50369798,5637.50233469,878.17368066,878.22325510,0.06938414,383.03717335,0.01998439,0.01998438,35449,108,0
5637.66016825,5637.66138068,883.95915923,883.91504067,0.06275778,383.22920988,0.01998438,0.01998438,35448,108,0
5637.81781444,5637.82043564,0.00000000,889.66756814,0.08308982,383.42267937,0.01998437,0.01998438,35447,108,1
5637.97985910,5637.97949957,895.54338786,895.55648940,0.04375803,383.62009411,0.01998438,0.01998438,35446,108,0
5638.13832929,5638.13857248,901.34228686,901.33341834,0.08273970,383.81312339,0.01998438,0.01998438,35445,108,0
5638.29765815,5638.29765437,907.14553255,907.14567035,0.03095762,384.00670209,0.01998438,0.01998438,35444,108,0
5638.45538819,5638.45674524,912.95289320,912.90334087,0.04578267,384.19783899,0.01998438,0.01998438,35443,108,0
5638.61678510,5638.61584508,918.76413614,918.79848140,0.08201821,384.39289598,0.01998439,0.01998438,35442,108,0
5638.77627407,5638.77495390,924.57902770,924.62728879,0.02112837,384.58511797,0.01998439,0.01998438,35441,108,0
5638.93581219,5638.93407170,930.39733366,930.46099288,0.06382741,384.77686404,0.01998439,0.01998438,35440,108,0
5639.09470841,5639.09319847,936.21894678,936.27420218,0.07497161,384.96730209,0.01998439,0.01998438,35439,108,0
5639.25362099,5639.25233423,942.04406849,942.09118340,0.07265487,385.15722978,0.01998439,0.01998438,35438,108,0
5639.41242700,5639.41147898,947.87294682,947.90768016,0.07550961,385.34650754,0.01998439,0.01998438,35437,108,0
5639.57007615,5639.57063270,953.70583083,953.68542689,0.09069361,385.53389651,0.01998438,0.01998438,35436,108,0
5639.72881462,5639.72979540,959.54297061,959.50698872,0.05503129,385.72207362,0.01998438,0.01998438,35435,108,0
5639.88762562,5639.88896709,965.38461583,965.33536542,0.06711838,385.90983457,0.01998438,0.01998438,35434,108,0
5640.04634129,5640.04814777,971.23087117,971.16450094,0.07581010,386.09698295,0.01998438,0.01998438,35433,108,0
5640.20663448,5640.20733743,977.08157388,977.05572971,0.03373841,386.28547756,0.01998438,0.01998438,35432,108,0
5640.36760417,5640.36653607,982.93653186,982.97582685,0.04988732,386.47424026,0.01998439,0.01998438,35431,108,0
5640.52595371,5640.52574370,988.79555215,988.80328312,0.05096592,386.65940719,0.01998438,0.01998438,35430,108,0
5640.68462700,5640.68496032,994.65844100,994.64616348,0.09206934,386.84442480,0.01998438,0.01998438,35429,108,0
5640.84303007,5640.84418593,1000.52500735,1000.48240855,0.01900837,387.02859308,0.01998438,0.01998438,35428,108,0
5641.00231229,5641.00342053,1006.39520069,1006.35433367,0.07891728,387.21324250,0.01998438,0.01998438,35427,108,0
5641.16394970,5641.16266411,1012.26915684,1012.31659226,0.08873106,387.40007076,0.01998439,0.01998438,35426,108,0
5641.32228420,5641.32191669,1018.14702492,1018.16059348,0.04826770,387.58254620,0.01998439,0.01998438,35425,108,0
5641.48078366,5641.48117826,1024.02895467,1024.01437628,0.04965195,387.76468470,0.01998438,0.01998438,35424,108,0
5641.63970650,5641.64044882,1029.91509649,1029.88765360,0.04125059,387.94678359,0.01998438,0.01998438,35423,108,0
5641.80104329,5641.79972837,1035.80559511,1035.85424043,0.05984615,388.13111269,0.01998439,0.01998438,35422,108,0
5641.95871615,5641.95901692,1041.70047633,1041.68934184,0.06589445,388.31073358,0.01998438,0.01998438,35421,108,0
5642.11707393,5642.11831446,1047.59965881,1047.55370371,0.04619589,388.49061136,0.01998438,0.01998438,35420,108,0
5642.27714709,5642.27762099,1053.50305707,1053.48548998,0.01480159,388.67190059,0.01998438,0.01998438,35419,108,0
5642.43689172,5642.43693653,1059.41058524,1059.40892321,0.08384133,388.85227545,0.01998438,0.01998438,35418,108,0
5642.59582391,5642.59626105,1065.32215710,1065.30593224,0.06538883,389.03119141,0.01998438,0.01998438,35417,108,0
5642.75796723,5642.75559458,0.00000000,1071.32061987,0.07606054,389.21300523,0.01998439,0.01998438,35416,108,1
5642.91455640,5642.91493710,1077.15719069,1077.14304330,0.06005242,389.38836023,0.01998438,0.01998438,35415,108,0
5643.07529744,5643.07428863,1083.08068671,1083.11819871,0.05883352,389.56765329,0.01998439,0.01998438,35414,108,0
5643.23167795,5643.23364915,1089.00822089,1088.93487785,0.02834236,389.74154706,0.01998438,0.01998438,35413,108,0
5643.39261436,5643.39301867,1094.93983253,1094.92477985,0.04951758,389.91995541,0.01998438,0.01998438,35412,108,0
5643.55290367,5643.55239719,1100.87556111,1100.89442976,0.05251058,390.09709013,0.01998439,0.01998438,35411,108,0
5643.71257326,5643.71178472,1106.81546001,1106.84485634,0.06435943,390.27298834,0.01998439,0.01998438,35410,108,0
5643.87111388,5643.87118125,1112.75965500,1112.75714195,0.04343565,390.44710037,0.01998438,0.01998438,35409,108,0
5644.03080448,5644.03058678,1118.70829599,1118.71642293,0.08156992,390.62193190,0.01998438,0.01998438,35408,108,0
5644.18987348,5644.19000131,1124.66153356,1124.65675789,0.05421269,390.79554360,0.01998438,0.01998438,35407,108,0
5644.35004211,5644.34942485,1130.61951893,1130.64259584,0.06753044,390.96981456,0.01998439,0.01998438,35406,108,0
5644.50899102,5644.50885740,1136.58240384,1136.58740328,0.07815273,391.14222464,0.01998438,0.01998438,35405,108,0
5644.66903231,5644.66829895,1142.55024774,1142.57770760,0.09031896,391.31528249,0.01998439,0.01998438,35404,108,0
5644.82726592,5644.82774951,1148.52285697,1148.50473647,0.01309376,391.48584865,0.01998438,0.01998438,35403,108,0
5644.98690464,5644.98720908,1154.49999428,1154.48857886,0.07403350,391.65738005,0.01998438,0.01998438,35402,108,0
5645.14678665,5645.14667765,1160.48142137,1160.48551082,0.07537303,391.82861148,0.01998438,0.01998438,35401,108,0
5645.30619675,5645.30615524,1166.46689888,1166.46845729,0.07348355,391.99876997,0.01998438,0.01998438,35400,108,0
5645.46539676,5645.46564184,1172.45619075,1172.44698473,0.08558843,392.16813066,0.01998438,0.01998438,35399,108,0
5645.62546337,5645.62513744,1178.44925865,1178.46150909,0.10347524,392.33783307,0.01998438,0.01998438,35398,108,0
5645.78344020,5645.78464206,1184.44634054,1184.40113822,0.05481435,392.50475483,0.01998438,0.01998438,35397,108,0
5645.94414682,5645.94415569,1190.44769587,1190.44736207,0.07855824,392.67399096,0.01998438,0.01998438,35396,108,0
5646.10486192,5646.10367834,1196.45358520,1196.49816256,0.07375164,392.84266704,0.01998439,0.01998438,35395,108,0
5646.26417556,5646.26321000,1202.46427027,1202.50066391,0.01940361,393.00931645,0.01998439,0.01998438,35394,108,0
5646.42248999,5646.42275067,1208.47999482,1208.47016152,0.07163248,393.17437757,0.01998438,0.01998438,35393,108,0
5646.58238355,5646.58230036,1214.50076082,1214.50390152,0.01139885,393.34053400,0.01998438,0.01998438,35392,108,0
5646.73961157,5646.74185906,0.00000000,1220.45340658,0.06211501,393.50370032,0.01998438,0.01998438,35391,108,1
5646.90114330,5646.90142679,1226.55675319,1226.54603604,0.06348790,393.67010183,0.01998438,0.01998438,35390,108,0
5647.06038645,5647.06100353,1232.59164078,1232.56829622,0.06310017,393.83389520,0.01998438,0.01998438,35389,108,0
5647.22138414,5647.22058928,1238.63089548,1238.66098536,0.05023871,393.99890981,0.01998439,0.01998438,35388,108,0
5647.38063229,5647.38018406,1244.67438288,1244.69136168,0.08035336,394.16154903,0.01998439,0.01998438,35387,108,0
5647.53856650,5647.53978786,1250.72214693,1250.67585160,0.08551417,394.32227427,0.01998438,0.01998438,35386,108,0
5647.69933399,5647.69940068,1256.77428602,1256.77175642,0.03391527,394.48529896,0.01998438,0.01998438,35385,108,0
5647.86004301,5647.85902252,1262.83089899,1262.86963357,0.06034084,394.64767679,0.01998439,0.01998438,35384,108,0
5648.01826837,5648.01865338,1268.89208510,1268.87746093,0.07566790,394.80697238,0.01998438,0.01998438,35383,108,0
5648.17829979,5648.17829327,1274.95794372,1274.95819172,0.02638150,394.96750928,0.01998438,0.01998438,35382,108,0
5648.33804190,5648.33794218,1281.02853332,1281.03232656,0.07811468,395.12717724,0.01998438,0.01998438,35381,108,0
5648.49692723,5648.49760012,1287.10383295,1287.07821928,0.03157268,395.28541319,0.01998438,0.01998438,35380,108,0
5648.65647384,5648.65726708,1293.18381249,1293.15359596,0.07086372,395.44372770,0.01998438,0.01998438,35379,108,0
5648.81732690,5648.81694306,1299.26844166,1299.28307339,0.04896416,395.60274783,0.01998439,0.01998438,35378,108,0
5648.97629424,5648.97662808,1305.35769006,1305.34495535,0.07673884,395.75931863,0.01998438,0.01998438,35377,108,0
5649.13564711,5649.13632212,1311.45152679,1311.42575999,0.05432354,395.91568309,0.01998438,0.01998438,35376,108,0
5649.29592007,5649.29602519,1317.54991559,1317.54590012,0.08433740,396.07235604,0.01998438,0.01998438,35375,108,0
5649.45715050,5649.45573729,1323.65281598,1323.70683576,0.04927661,396.22936097,0.01998439,0.01998438,35374,108,0
5649.61475284,5649.61545842,1329.76018714,1329.73319831,0.08759379,396.38224490,0.01998438,0.01998438,35373,108,0
5649.77544815,5649.77518858,1335.87198809,1335.88192337,0.03334681,396.53752815,0.01998439,0.01998438,35372,108,0
5649.93490887,5649.93492777,1341.98817764,1341.98745372,0.03356696,396.69101597,0.01998438,0.01998438,35371,108,0
5650.09458965,5650.09467599,1348.10874270,1348.10543336,0.04254339,396.84411248,0.01998438,0.01998438,35370,108,0
5650.25460468,5650.25443325,1354.23379782,1354.24037254,0.05446033,396.99692540,0.01998439,0.01998438,35369,108,0
5650.41454240,5650.41419954,1360.36349417,1360.37665309,0.05769367,397.14906251,0.01998439,0.01998438,35368,108,0
5650.57484376,5650.57397487,1366.49798357,1366.53135651,0.08289777,397.30094382,0.01998439,0.01998438,35367,108,0
5650.73504142,5650.73375923,1372.63741855,1372.68670344,0.06405468,397.45212723,0.01998439,0.01998439,35366,108,0
5650.89351943,5650.89355262,1378.78195037,1378.78067328,0.05256353,397.60109991,0.01998438,0.01998439,35365,108,0
5651.05376396,5651.05335506,1384.93162527,1384.94736711,0.03035632,397.75113808,0.01998439,0.01998439,35364,108,0
5651.21101706,5651.21316653,0.00000000,1391.01091177,0.04522920,397.89796789,0.01998438,0.01998439,35363,108,1
5651.37334537,5651.37298704,1397.24594887,1397.25976408,0.05248597,398.04856000,0.01998439,0.01998439,35362,108,0
5651.53230421,5651.53281659,1403.41034933,1403.39058049,0.08897894,398.19559237,0.01998438,0.01998439,35361,108,0
5651.69254663,5651.69265518,1409.57940911,1409.57521808,0.05022172,398.34319774,0.01998438,0.01998439,35360,108,0
5651.85261003,5651.85250281,1415.75301317,1415.75715561,0.02880207,398.49001819,0.01998439,0.01998439,35359,108,0
5652.01359568,5652.01235948,1421.93113382,1421.97892675,0.05672042,398.63705736,0.01998439,0.01998439,35358,108,0
5652.17255130,5652.17222519,1428.11378689,1428.12640279,0.04112067,398.78162401,0.01998439,0.01998439,35357,108,0
5652.33245968,5652.33209995,1434.30098857,1434.31491494,0.06135619,398.92643609,0.01998439,0.01998439,35356,108,0
5652.49277884,5652.49198375,1440.49275513,1440.52355665,0.07490750,399.07099365,0.01998439,0.01998439,35355,108,0
5652.65303015,5652.65187660,1446.68910323,1446.73382265,0.04879167,399.21486197,0.01998439,0.01998439,35354,108,0
5652.81246336,5652.81177849,1452.89011545,1452.91668450,0.02308517,399.35737305,0.01998439,0.01998439,35353,108,0
5652.97163123,5652.97168942,1459.09602119,1459.09376209,0.01650950,399.49903098,0.01998438,0.01998439,35352,108,0
5653.13057556,5653.13160941,1465.30707065,1465.26690157,0.06441196,399.63987975,0.01998438,0.01998439,35351,108,0
5653.29205867,5653.29153844,1471.52351521,1471.54374505,0.05728204,399.78235780,0.01998439,0.01998439,35350,108,0
5653.45256691,5653.45147652,1477.74560742,1477.78804598,0.05684166,399.92335989,0.01998439,0.01998439,35349,108,0
5653.61071714,5653.61142365,1483.97356956,1483.94604798,0.03273402,400.06169303,0.01998438,0.01998439,35348,108,0
5653.77204827,5653.77137982,1490.20725479,1490.23331567,0.03362919,400.20219204,0.01998439,0.01998439,35347,108,0
5653.93177490,5653.93134505,1496.44627482,1496.46304614,0.07816841,400.34066985,0.01998439,0.01998439,35346,108,0
5654.09214582,5654.09131933,1502.69023535,1502.72250505,0.03704338,400.47907111,0.01998439,0.01998439,35345,108,0
5654.25184337,5654.25130267,1508.93874021,1508.95986504,0.01752928,400.61624850,0.01998439,0.01998439,35344,108,0
5654.41050524,5654.41129505,1515.19139175,1515.16051653,0.03759734,400.75189105,0.01998438,0.01998439,35343,108,0
5654.57150366,5654.57129649,1521.44798094,1521.45608429,0.05454779,400.88886778,0.01998439,0.01998439,35342,108,0
5654.73206732,5654.73130699,1527.70878754,1527.73854729,0.06854894,401.02481388,0.01998439,0.01998439,35341,108,0
5654.89148137,5654.89132654,1533.97417023,1533.98023484,0.04459044,401.15914010,0.01998439,0.01998439,35340,108,0
5655.05047446,5655.05135514,1540.24448942,1540.20996895,0.04466433,401.29247600,0.01998438,0.01998439,35339,108,0
5655.21119211,5655.21139280,1546.52010726,1546.51223417,0.06060459,401.42661906,0.01998438,0.01998439,35338,108,0
5655.37087029,5655.37143952,1552.80136075,1552.77901099,0.05155344,401.55926347,0.01998438,0.01998439,35337,108,0
5655.53115044,5655.53149530,1559.08826933,1559.07471776,0.04029361,401.69177386,0.01998438,0.01998439,35336,108,0
5655.69168166,5655.69156014,1565.38064329,1565.38542230,0.06435892,401.82384912,0.01998439,0.01998439,35335,108,0
5655.85128257,5655.85163403,1571.67828834,1571.66445563,0.04747722,401.95451546,0.01998438,0.01998439,35334,108,0
5656.01166245,5656.01171699,1577.98100924,1577.97886104,0.01520732,402.08516734,0.01998439,0.01998439,35333,108,0
5656.17145736,5656.17180901,1584.28861022,1584.27475051,0.05479708,402.21468672,0.01998438,0.01998439,35332,108,0
5656.33161781,5656.33191009,1590.60098952,1590.58946165,0.08426210,402.34384160,0.01998438,0.01998439,35331,108,0
5656.49119538,5656.49202023,1596.91825953,1596.88570244,0.01801765,402.47186917,0.01998438,0.01998439,35330,108,0
5656.65217480,5656.65213944,1603.24056260,1603.24195917,0.04934173,402.60035786,0.01998439,0.01998439,35329,108,0
5656.81174675,5656.81226771,1609.56804180,1609.54744789,0.05088624,402.72706655,0.01998438,0.01998439,35328,108,0
5656.97262092,5656.97240505,1615.90084086,1615.90938120,0.04816591,402.85414861,0.01998439,0.01998439,35327,108,0
5657.13255401,5657.13255145,1622.23908781,1622.23918912,0.05947201,402.97983042,0.01998439,0.01998439,35326,108,0
5657.29279333,5657.29270692,1628.58277063,1628.58619455,0.06533368,403.10509395,0.01998439,0.01998439,35325,108,0
5657.45336071,5657.45287146,1634.93180570,1634.95120729,0.04852663,403.22994882,0.01998439,0.01998439,35324,108,0
5657.61243997,5657.61304507,1641.28610841,1641.26209436,0.05056736,403.35298653,0.01998438,0.01998439,35323,108,0
5657.77355455,5657.77322774,1647.64559372,1647.65857352,0.07479036,403.47692532,0.01998439,0.01998439,35322,108,0
5657.93307835,5657.93341949,1654.01017751,1653.99661870,0.02116624,403.59896961,0.01998438,0.01998439,35321,108,0
5658.09501878,5658.09362030,1660.37985352,1660.43547909,0.07869696,403.72217816,0.01998439,0.01998439,35320,108,0
5658.25409016,5658.25383019,1666.75473535,1666.76508362,0.03040153,403.84253272,0.01998439,0.01998439,35319,108,0
5658.41314736,5658.41404915,1673.13494733,1673.09902223,0.04146842,403.96221202,0.01998438,0.01998439,35318,108,0
5658.57504250,5658.57427718,1679.52061439,1679.55112777,0.05477325,404.08334480,0.01998439,0.01998439,35317,108,0
5658.73506901,5658.73451428,1685.91186207,1685.93399728,0.02731816,404.20240380,0.01998439,0.01998439,35316,108,0
5658.89356574,5658.89476046,1692.30878067,1692.26106864,0.03400472,404.31966229,0.01998438,0.01998439,35315,108,0
5659.05480337,5659.05501572,1698.71129175,1698.70280442,0.07804867,404.43826873,0.01998439,0.01998439,35314,108,0
5659.21500188,5659.21528005,1705.11926668,1705.10813994,0.01601319,404.55542747,0.01998439,0.01998439,35313,108,0
5659.37548756,5659.37555346,1711.53257611,1711.52993813,0.06198517,404.67210900,0.01998439,0.01998439,35312,108,0
5659.53591386,5659.53583594,1717.95109006,1717.95421136,0.02020528,404.78805571,0.01998439,0.01998439,35311,108,0
5659.69706258,5659.69612751,1724.37468618,1724.41217258,0.07387695,404.90382429,0.01998439,0.01998439,35310,108,0
5659.85641932,5659.85642815,1730.80337807,1730.80302381,0.02459229,405.01761384,0.01998439,0.01998439,35309,108,0
5660.01756536,5660.01673787,1737.23729120,1737.27051449,0.07254741,405.13198205,0.01998439,0.01998439,35308,108,0
5660.17871345,5660.17705667,1743.67655492,1743.74312642,0.04867142,405.24564925,0.01998439,0.01998439,35307,108,0
5660.33740157,5660.33738456,1750.12129925,1750.12198325,0.04350255,405.35689519,0.01998439,0.01998439,35306,108,0
5660.49803265,5660.49772152,1756.57165449,1756.58417615,0.04231129,405.46881018,0.01998439,0.01998439,35305,108,0
5660.65829148,5660.65806757,1763.02770171,1763.03672045,0.03705259,405.57977039,0.01998439,0.01998439,35304,108,0
5660.81849581,5660.81842271,1769.48942055,1769.49236737,0.06637463,405.68999626,0.01998439,0.01998439,35303,108,0
5660.97823250,5660.97878692,1775.95677818,1775.93440977,0.02716019,405.79920442,0.01998438,0.01998439,35302,108,0
5661.13964386,5661.13916023,1782.42974156,1782.44926981,0.06331814,405.90884901,0.01998439,0.01998439,35301,108,0
5661.29984043,5661.29954261,1788.90827746,1788.92031239,0.03099074,406.01696174,0.01998439,0.01998439,35300,108,0
5661.46096293,5661.45993409,1795.39235332,1795.43396254,0.07240663,406.12498669,0.01998439,0.01998439,35299,108,0
5661.62011918,5661.62033465,1801.88194068,1801.87321966,0.03391018,406.23098928,0.01998439,0.01998439,35298,108,0
5661.78227013,5661.78074430,1808.37701234,1808.43881839,0.07279916,406.33826438,0.01998439,0.01998439,35297,108,0
5661.94062747,5661.94116304,1814.87754091,1814.85582996,0.03145308,406.44232398,0.01998439,0.01998439,35296,108,0
5662.10138997,5662.10159087,1821.38349887,1821.37534832,0.06112563,406.54724834,0.01998439,0.01998439,35295,108,0
5662.26289404,5662.26202779,1827.89486283,1827.93003349,0.02886699,406.65192829,0.01998439,0.01998439,35294,108,0
5662.42311639,5662.42247380,1834.41166930,1834.43777946,0.07154117,406.75505471,0.01998439,0.01998439,35293,108,0
5662.58273664,5662.58292891,1840.93399925,1840.92618061,0.03720626,406.85707712,0.01998439,0.01998439,35292,108,0
5662.74416225,5662.74339310,1847.46193512,1847.49323783,0.04510343,406.95952545,0.01998439,0.01998439,35291,108,0
5662.90516029,5662.90386640,1853.99555976,1854.04826199,0.06268928,407.06097253,0.01998439,0.01998439,35290,108,0
5663.06396767,5663.06434878,1860.53495646,1860.51942030,0.07387327,407.16032440,0.01998439,0.01998439,35289,108,0
5663.22376571,5663.22484026,1867.08021125,1867.03636986,0.03047336,407.25957870,0.01998438,0.01998439,35288,108,0
5663.38405365,5663.38534084,1873.63141402,1873.57885210,0.06417698,407.35841367,0.01998438,0.01998439,35287,108,0
5663.54623372,5663.54585051,1880.18865541,1880.20431734,0.04563987,407.45767695,0.01998439,0.01998439,35286,108,0
5663.70680737,5663.70636928,1886.75202653,1886.76994740,0.07050338,407.55522448,0.01998439,0.01998439,35285,108,0
5663.86776697,5663.86689715,1893.32161888,1893.35723239,0.06935435,407.65227410,0.01998439,0.01998439,35284,108,0
5664.02856521,5664.02743411,1899.89745125,1899.94380287,0.02993354,407.74849229,0.01998439,0.01998439,35283,108,0
5664.18845380,5664.18798018,1906.47932272,1906.49874791,0.05052051,407.84343351,0.01998439,0.01998439,35282,108,0
5664.34991336,5664.34853535,1913.06699026,1913.12355364,0.04909301,407.93856048,0.01998439,0.01998439,35281,108,0
5664.50901156,5664.50909962,1919.66020953,1919.65659209,0.06340387,408.03155642,0.01998439,0.01998439,35280,108,0
5664.66925266,5664.66967299,1926.25873486,1926.24145564,0.05961512,408.12447275,0.01998439,0.01998439,35279,108,0
5664.83059122,5664.83025546,1932.86238303,1932.87619529,0.00437937,408.21726293,0.01998439,0.01998439,35278,108,0
5664.99186515,5664.99084704,1939.47134448,1939.51326020,0.04378030,408.30925210,0.01998439,0.01998439,35277,108,0
5665.15184759,5665.15144772,1946.08594703,1946.10242307,0.00587351,408.39975265,0.01998439,0.01998439,35276,108,0
5665.31196264,5665.31205751,1952.70652049,1952.70260819,0.06323643,408.48958078,0.01998439,0.01998439,35275,108,0
5665.47165375,5665.47267640,1959.33339637,1959.29118370,0.05364213,408.57842855,0.01998438,0.01998439,35274,108,0
5665.63424695,5665.63330441,1965.96687507,1966.00581813,0.02927936,408.66813084,0.01998439,0.01998439,35273,108,0
5665.79513827,5665.79394151,1972.60688539,1972.65637611,0.05404641,408.75613588,0.01998439,0.01998439,35272,108,0
5665.95477582,5665.95458773,1979.25311934,1979.26090415,0.06758280,408.84270323,0.01998439,0.01998439,35271,108,0
5666.11529632,5666.11524305,1985.90526350,1985.90746973,0.02286731,408.92898796,0.01998439,0.01998439,35270,108,0
5666.27590380,5666.27590749,1992.56300271,1992.56284976,0.05158000,409.01454914,0.01998439,0.01998439,35269,108,0
5666.43695175,5666.43658103,1999.22603018,1999.24140893,0.06577645,409.09956539,0.01998439,0.01998439,35268,108,0
5666.59737339,5666.59726369,2005.89427113,2005.89882505,0.00887290,409.18347206,0.01998439,0.01998439,35267,108,0
5666.75813080,5666.75795546,2012.56788512,2012.57516982,0.04631782,409.26677460,0.01998439,0.01998439,35266,108,0
5666.91882921,5666.91865634,2019.24704290,2019.25423063,0.05976055,409.34926658,0.01998439,0.01998439,35265,108,0
5667.07965125,5667.07936634,2025.93191611,2025.94377212,0.03130125,409.43104139,0.01998439,0.01998439,35264,108,0
5667.24060057,5667.24008545,2032.62267744,2032.64413111,0.06520760,409.51209905,0.01998439,0.01998439,35263,108,0
5667.39995454,5667.40081367,2039.31950719,2039.28369557,0.04851949,409.59158270,0.01998438,0.01998439,35262,108,0
5667.56199737,5667.56155102,2046.02259656,2046.04121898,0.02552971,409.67162133,0.01998439,0.01998439,35261,108,0
5667.72157353,5667.72229747,2052.73213859,2052.70190742,0.05700861,409.74966680,0.01998438,0.01998439,35260,108,0
5667.88313513,5667.88305305,2059.44832740,2059.45175807,0.04882750,409.82789993,0.01998439,0.01998439,35259,108,0
5668.04356013,5668.04381774,2066.17135753,2066.16057926,0.02018053,409.90480257,0.01998439,0.01998439,35258,108,0
5668.20396781,5668.20459156,2072.90132319,2072.87520075,0.07009345,409.98091822,0.01998439,0.01998439,35257,108,0
5668.36550973,5668.36537449,2079.63810505,2079.64377426,0.03945654,410.05678128,0.01998439,0.01998439,35256,108,0
5668.52630109,5668.52616655,2086.38155596,2086.38720117,0.05266120,410.13149965,0.01998439,0.01998439,35255,108,0
5668.68645568,5668.68696772,2093.13152791,2093.11002416,0.01476666,410.20513241,0.01998439,0.01998439,35254,108,0
5668.84709205,5668.84777802,2099.88787211,2099.85903919,0.08881594,410.27819101,0.01998439,0.01998439,35253,108,0
5669.00962514,5669.00859744,2106.65046936,2106.69370372,0.07209689,410.35129754,0.01998439,0.01998439,35252,108,0
5669.16889303,5669.16942598,2113.41928600,2113.39684605,0.04235389,410.42213783,0.01998439,0.01998439,35251,108,0
5669.32973814,5669.33026365,2120.19430329,2120.17215738,0.06616861,410.49287593,0.01998439,0.01998439,35250,108,0
5669.49118396,5669.49111045,2126.97550239,2126.97860306,0.00583783,410.56306354,0.01998439,0.01998439,35249,108,0
5669.65244400,5669.65196637,2133.76286430,2133.78302671,0.06872858,410.63235312,0.01998439,0.01998439,35248,108,0
5669.81257481,5669.81283141,2140.55640125,2140.54555975,0.02558252,410.70034713,0.01998439,0.01998439,35247,108,0
5669.97379497,5669.97370559,2147.35623732,2147.36001703,0.04048570,410.76798687,0.01998439,0.01998439,35246,108,0
5670.13525340,5670.13458889,2154.16252221,2154.19064736,0.06871986,410.83490430,0.01998439,0.01998439,35245,108,0
5670.29486366,5670.29548132,2160.97540646,2160.94924002,0.02207301,410.90024602,0.01998439,0.01998439,35244,108,0
5670.45650886,5670.45638288,2167.79504145,2167.80038322,0.04766256,410.96559926,0.01998439,0.01998439,35243,108,0
5670.61782465,5670.61729358,2174.62154207,2174.64408322,0.05741391,411.02999368,0.01998439,0.01998439,35242,108,0
5670.77799571,5670.77821340,2181.45486680,2181.44561858,0.06614206,411.09311217,0.01998439,0.01998439,35241,108,0
5670.93872185,5670.93914236,2188.29493260,2188.27705131,0.07126393,411.15562584,0.01998439,0.01998439,35240,108,0
5671.10044923,5671.10008045,2195.14165593,2195.15735191,0.06744102,411.21769295,0.01998439,0.01998439,35239,108,0
5671.26123301,5671.26102767,2201.99495274,2202.00370039,0.02501085,411.27856346,0.01998439,0.01998439,35238,108,0
5671.42147613,5671.42198403,2208.85473648,2208.83308089,0.07840576,411.33839828,0.01998439,0.01998439,35237,108,0
5671.58260277,5671.58294952,2215.72091092,2215.70611326,0.05077737,411.39772329,0.01998439,0.01998439,35236,108,0
5671.74333325,5671.74392415,2222.59337658,2222.56813880,0.04783578,411.45606034,0.01998439,0.01998439,35235,108,0
5671.90486451,5671.90490792,2229.47203339,2229.47017772,0.03087279,411.51383747,0.01998439,0.01998439,35234,108,0
5672.06532972,5672.06590082,2236.35678071,2236.33234779,0.06587038,411.57038595,0.01998439,0.01998439,35233,108,0
5672.22649482,5672.22690287,2243.24756353,2243.23009222,0.05254498,411.62632829,0.01998439,0.01998439,35232,108,0
5672.38862448,5672.38791405,2250.14454425,2250.17498935,0.07640539,411.68174214,0.01998439,0.01998439,35231,108,0
5672.54940823,5672.54893437,2257.04795022,2257.06827522,0.01814545,411.73584033,0.01998439,0.01998439,35230,108,0
5672.71006135,5672.70996383,2263.95801009,2263.96219655,0.06784731,411.78904288,0.01998439,0.01998439,35229,108,0
5672.87155735,5672.87100244,2270.87495383,2270.89879993,0.01865168,411.84166574,0.01998439,0.01998439,35228,108,0
5673.03146936,5673.03205018,2277.79897236,2277.77398872,0.07165213,411.89292288,0.01998439,0.01998439,35227,108,0
5673.19328013,5673.19310707,2284.73007737,2284.73752861,0.04632823,411.94392553,0.01998439,0.01998439,35226,108,0
5673.35262755,5673.35417311,2291.66823032,2291.60162174,0.04796791,411.99330039,0.01998438,0.01998439,35225,108,0
5673.51524441,5673.51524828,2298.61339241,2298.61322549,0.03644443,412.04281435,0.01998439,0.01998439,35224,108,0
5673.67689953,5673.67633261,2305.56552456,2305.59000357,0.03549179,412.09115752,0.01998439,0.01998439,35223,108,0
5673.83689383,5673.83742608,2312.52457249,2312.50156948,0.03158527,412.13813916,0.01998439,0.01998439,35222,108,0
5673.99880358,5673.99852869,2319.49042246,2319.50231354,0.03708631,412.18480397,0.01998439,0.01998439,35221,108,0
5674.15977943,5674.15964046,2326.46294551,2326.46896242,0.04923336,412.23031935,0.01998439,0.01998439,35220,108,0
5674.32055592,5674.32076137,2333.44201185,2333.43310881,0.02804709,412.27489893,0.01998439,0.01998439,35219,108,0
5674.48169719,5674.48189143,2340.42749095,2340.41906627,0.02958927,412.31869453,0.01998439,0.01998439,35218,108,0
5674.64375378,5674.64303065,2347.41934671,2347.45073735,0.05362077,412.36184253,0.01998439,0.01998439,35217,108,0
5674.80388009,5674.80417901,2354.41785139,2354.40486360,0.03499785,412.40359293,0.01998439,0.01998439,35216,108,0
5674.96462537,5674.96533653,2361.42334128,2361.39241267,0.05708161,412.44462067,0.01998439,0.01998439,35215,108,0
5675.12560422,5675.12650319,2368.43615467,2368.39701793,0.03389457,412.48481965,0.01998439,0.01998439,35214,108,0
5675.28918848,5675.28767901,2375.45663144,2375.52241606,0.03435315,412.52475758,0.01998440,0.01998439,35213,108,0
5675.44871140,5675.44886399,2382.48495956,2382.47830252,0.04024736,412.56281704,0.01998439,0.01998439,35212,108,0
5675.61034355,5675.61005812,2389.52094370,2389.53340865,0.03901880,412.60048247,0.01998439,0.01998439,35211,108,0
5675.77133988,5675.77126140,2396.56432829,2396.56775884,0.04885110,412.63709768,0.01998439,0.01998439,35210,108,0
5675.93203526,5675.93247384,2403.61485620,2403.59566590,0.04857020,412.67274263,0.01998439,0.01998439,35209,108,0
5676.09420552,5676.09369544,2410.67226989,2410.69460835,0.04238650,412.70779729,0.01998439,0.01998439,35208,108,0
5676.25533323,5676.25492620,2417.73642507,2417.75426694,0.05530494,412.74171053,0.01998439,0.01998439,35207,108,0
5676.41626264,5676.41616611,2424.80738543,2424.81162049,0.08413310,412.77466834,0.01998439,0.01998439,35206,108,0
5676.57602339,5676.57741519,2431.88523720,2431.82411787,0.06821793,412.80648144,0.01998439,0.01998439,35205,108,0
5676.73845609,5676.73867342,2438.97006710,2438.96051420,0.07250098,412.83789952,0.01998439,0.01998439,35204,108,0
5676.90100826,5676.89994082,2446.06196427,2446.10892868,0.06622646,412.86840257,0.01998439,0.01998439,35203,108,0
5677.06100023,5677.06121738,2453.16108759,2453.15152444,0.05407062,412.89750672,0.01998439,0.01998439,35202,108,0
5677.22247745,5677.22250309,2460.26768410,2460.26655370,0.05695753,412.92595535,0.01998439,0.01998439,35201,108,0
5677.38354417,5677.38379798,2467.38200793,2467.37080732,0.05279810,412.95340332,0.01998439,0.01998439,35200,108,0
5677.54535222,5677.54510203,2474.50431472,2474.51536818,0.03926646,412.98004202,0.01998439,0.01998439,35199,108,0
5677.70667900,5677.70641524,2481.63484006,2481.64650540,0.04752826,413.00566564,0.01998439,0.01998439,35198,108,0
5677.86632342,5677.86773761,2488.77346095,2488.71084988,0.04667514,413.03009865,0.01998439,0.01998439,35197,108,0
5678.02968683,5678.02906916,2495.91975644,2495.94712993,0.06024008,413.05414534,0.01998439,0.01998439,35196,108,0
5678.19048791,5678.19040987,2503.07329401,2503.07675587,0.06416907,413.07686669,0.01998439,0.01998439,35195,108,0
5678.35259563,5678.35175975,2510.23363845,2510.27074873,0.03325422,413.09881634,0.01998439,0.01998439,35194,108,0
5678.51321100,5678.51311880,2517.40040937,2517.40450624,0.03197677,413.11961329,0.01998439,0.01998439,35193,108,0
5678.67469897,5678.67448702,2524.57370977,2524.58313588,0.01996123,413.13956707,0.01998439,0.01998439,35192,108,0
5678.83530957,5678.83586440,2531.75388709,2531.72918935,0.04788376,413.15845991,0.01998439,0.01998439,35191,108,0
5678.99721737,5678.99725096,2538.94129275,2538.93979599,0.07035025,413.17654207,0.01998439,0.01998439,35190,108,0
5679.15904406,5679.15864669,2546.13628037,2546.15400418,0.06383173,413.19364675,0.01998439,0.01998439,35189,108,0
5679.32036310,5679.32005160,2553.33913321,2553.35304134,0.03797272,413.20973182,0.01998439,0.01998439,35188,108,0
5679.48064274,5679.48146567,2560.54981798,2560.51303725,0.03495250,413.22475503,0.01998439,0.01998439,35187,108,0
5679.64185011,5679.64288892,2567.76821387,2567.72173781,0.04648972,413.23889851,0.01998439,0.01998439,35186,108,0
5679.80490248,5679.80432135,2574.99419930,2575.02022433,0.06697791,413.25221441,0.01998439,0.01998439,35185,108,0
5679.96613863,5679.96576295,2582.22765218,2582.24449276,0.06910929,413.26440031,0.01998439,0.01998439,35184,108,0
5680.12584809,5680.12721373,2589.46851365,2589.40723691,0.03049322,413.27550552,0.01998439,0.01998439,35183,108,0
5680.28725715,5680.28867369,2596.71686613,2596.65324301,0.02956539,413.28575006,0.01998439,0.01998439,35182,108,0
5680.44974539,5680.45014282,2603.97281148,2603.95494321,0.06580370,413.29506636,0.01998439,0.01998439,35181,108,0
5680.61220128,5680.61162113,2611.23645221,2611.26256153,0.02201138,413.30337814,0.01998439,0.01998439,35180,108,0
5680.77346723,5680.77310863,2618.50789165,2618.52404706,0.03471980,413.31063454,0.01998439,0.01998439,35179,108,0
5680.93418309,5680.93460530,2625.78723931,2625.76819877,0.05577326,413.31687746,0.01998439,0.01998439,35178,108,0
5681.09625939,5681.09611115,2633.07461156,2633.08130360,0.07246256,413.32217059,0.01998439,0.01998439,35177,108,0
5681.25747873,5681.25762619,2640.37012579,2640.36346153,0.03776340,413.32643376,0.01998439,0.01998439,35176,108,0
5681.41908181,5681.41915041,2647.67390013,2647.67079634,0.02778532,413.32970103,0.01998439,0.01998439,35175,108,0
5681.58135623,5681.58068381,2654.98603853,2655.01649352,0.06184728,413.33196507,0.01998439,0.01998439,35174,108,0
5681.74240990,5681.74222640,2662.30651293,2662.31483317,0.03913985,413.33320136,0.01998439,0.01998439,35173,108,0
5681.90391390,5681.90377817,2669.63522537,2669.64138612,0.03807201,413.33342667,0.01998439,0.01998439,35172,108,0
5682.06560896,5682.06533913,2676.97207661,2676.98433661,0.05641954,413.33263137,0.01998439,0.01998439,35171,108,0
5682.22588839,5682.22690927,2684.31696674,2684.27053417,0.06405414,413.33083178,0.01998439,0.01998439,35170,108,0
5682.38836178,5682.38848860,2691.66983875,2691.66406457,0.03816077,413.32797681,0.01998439,0.01998439,35169,108,0
5682.54919716,5682.55007712,2699.03078595,2698.99067946,0.05300636,413.32412533,0.01998439,0.01998439,35168,108,0
5682.71203840,5682.71167483,2706.39993471,2706.41652276,0.03461683,413.31918323,0.01998439,0.01998439,35167,108,0
5682.87279532,5682.87328173,2713.77741223,2713.75519502,0.02412641,413.31327204,0.01998439,0.01998439,35166,108,0
5683.03387540,5683.03489782,2721.16334339,2721.11659274,0.04596707,413.30631676,0.01998439,0.01998439,35165,108,0
5683.19620657,5683.19652310,2728.55771575,2728.54322664,0.04473175,413.29825879,0.01998439,0.01998439,35164,108,0
5683.35878401,5683.35815758,2735.96032713,2735.98903160,0.06931449,413.28913033,0.01998439,0.01998439,35163,108,0
5683.51980416,5683.51980124,2743.37096015,2743.37109386,0.03925554,413.27904244,0.01998439,0.01998439,35162,108,0
5683.68118578,5683.68145410,2750.78939598,2750.77707619,0.04579379,413.26788373,0.01998439,0.01998439,35161,108,0
5683.84357649,5683.84311616,2758.21544917,2758.23660493,0.04708891,413.25559324,0.01998439,0.01998439,35160,108,0
5684.00429630,5684.00478741,2765.64925470,2765.62666172,0.04316120,413.24237702,0.01998439,0.01998439,35159,108,0
5684.16569593,5684.16646785,2773.09112203,2773.05557309,0.05472559,413.22804782,0.01998439,0.01998439,35158,108,0
5684.32834307,5684.32815750,2780.54136441,2780.54991998,0.03719923,413.21253233,0.01998439,0.01998439,35157,108,0
5684.49063407,5684.48985634,2788.00029703,2788.03619328,0.06574450,413.19597056,0.01998439,0.01998439,35156,108,0
5684.65115473,5684.65156437,2795.46814777,2795.44921905,0.03123613,413.17852397,0.01998439,0.01998439,35155,108,0
5684.81300191,5684.81328161,2802.94488844,2802.93194941,0.04971014,413.15985688,0.01998439,0.01998439,35154,108,0
5684.97569867,5684.97500805,2810.43044454,2810.46242816,0.05251008,413.13999912,0.01998439,0.01998439,35153,108,0
5685.13665370,5685.13674369,2817.92474101,2817.92056895,0.06557248,413.11927261,0.01998439,0.01998439,35152,108,0
5685.29950025,5685.29848853,2825.42770374,2825.47466090,0.03627241,413.09720463,0.01998440,0.01998439,35151,108,0
5685.46060635,5685.46024257,2832.93929007,2832.95619272,0.06766196,413.07428248,0.01998439,0.01998439,35150,108,0
5685.62180794,5685.62200582,2840.45948801,2840.45028391,0.03210819,413.05025821,0.01998439,0.01998439,35149,108,0
5685.78408697,5685.78377827,2847.98828671,2848.00266159,0.06272832,413.02497012,0.01998439,0.01998439,35148,108,0
5685.94622891,5685.94555992,2855.52567522,2855.55686008,0.04659352,412.99859441,0.01998440,0.01998439,35147,108,0
5686.10632005,5686.10735078,2863.07163014,2863.02353115,0.04233840,412.97146141,0.01998439,0.01998439,35146,108,0
5686.26999365,5686.26915085,2870.62606858,2870.66544000,0.04004821,412.94259743,0.01998440,0.01998439,35145,108,0
5686.43024892,5686.43096012,2878.18888923,2878.15563135,0.05853182,412.91323239,0.01998439,0.01998439,35144,108,0
5686.59196144,5686.59277860,2885.75999003,2885.72173777,0.06673488,412.88249018,0.01998439,0.01998439,35143,108,0
5686.75398103,5686.75460629,2893.33927229,2893.30997302,0.03277459,412.85056834,0.01998439,0.01998439,35142,108,0
5686.91629658,5686.91644319,2900.92680787,2900.91993074,0.05141241,412.81745912,0.01998439,0.01998439,35141,108,0
5687.07800043,5687.07828929,2908.52289874,2908.50933369,0.04341750,412.78334625,0.01998439,0.01998439,35140,108,0
5687.23967040,5687.24014461,2916.12786497,2916.10557068,0.05653140,412.74810960,0.01998439,0.01998439,35139,108,0
5687.40191097,5687.40200915,2923.74202885,2923.73740790,0.06455932,412.71160657,0.01998439,0.01998439,35138,108,0
5687.56369334,5687.56388289,2931.36565579,2931.35672341,0.03161104,412.67406237,0.01998439,0.01998439,35137,108,0
5687.72595004,5687.72576585,2938.99865381,2939.00734366,0.05228751,412.63525698,0.01998439,0.01998439,35136,108,0
5687.88677847,5687.88765802,2946.64079517,2946.59925311,0.03207359,412.59565295,0.01998439,0.01998439,35135,108,0
5688.04944664,5688.04955940,2954.29185027,2954.28651831,0.06299805,412.55443863,0.01998439,0.01998439,35134,108,0
5688.21103414,5688.21147001,2961.95159180,2961.93096066,0.05652098,412.51234347,0.01998439,0.01998439,35133,108,0
5688.37250414,5688.37338982,2969.61999001,2969.57802214,0.05461476,412.46912601,0.01998439,0.01998439,35132,108,0
5688.53528286,5688.53531886,2977.29730279,2977.29559508,0.06172564,412.42438664,0.01998439,0.01998439,35131,108,0
5688.69716562,5688.69725711,2984.98381227,2984.97946706,0.06037420,412.37872149,0.01998439,0.01998439,35130,108,0
5688.85999740,5688.85920458,2992.67980258,2992.71750122,0.06194095,412.33160393,0.01998440,0.01998439,35129,108,0
5689.02053422,5689.02116127,3000.38551652,3000.35566394,0.03559927,412.28398190,0.01998439,0.01998439,35128,108,0
5689.18289013,5689.18312719,3008.10095038,3008.08965099,0.05837091,412.23463619,0.01998439,0.01998439,35127,108,0
5689.34505234,5689.34510232,3015.82601217,3015.82362700,0.05043128,412.18415733,0.01998439,0.01998439,35126,108,0
5689.50681614,5689.50708667,3023.56060909,3023.54768380,0.03370960,412.13261221,0.01998439,0.01998439,35125,108,0
5689.66931100,5689.66908025,3031.30465082,3031.31568805,0.06076260,412.07963390,0.01998439,0.01998439,35124,108,0
5689.83063339,5689.83108305,3039.05815271,3039.03661886,0.03105109,412.02584389,0.01998439,0.01998439,35123,108,0
5689.99368091,5689.99309508,3046.82125897,3046.84934718,0.04989293,411.97026485,0.01998440,0.01998439,35122,108,0
5690.15509114,5690.15511633,3054.59412254,3054.59291344,0.04363100,411.91403690,0.01998439,0.01998439,35121,108,0
5690.31724308,5690.31714680,3062.37689743,3062.38152463,0.03203579,411.85633610,0.01998439,0.01998439,35120,108,0
5690.47978918,5690.47918651,3070.16964772,3070.19864891,0.04314562,411.79726870,0.01998440,0.01998439,35119,108,0
5690.64163590,5690.64123544,3077.97206987,3077.99136243,0.05389966,411.73723373,0.01998440,0.01998439,35118,108,0
5690.80356281,5690.80329360,3085.78376499,3085.79674915,0.06374780,411.67594813,0.01998440,0.01998439,35117,108,0
5690.96506882,5690.96536098,3093.60433124,3093.59022571,0.06788900,411.61360480,0.01998439,0.01998439,35116,108,0
5691.12720147,5691.12743760,3101.43339728,3101.42198530,0.03851052,411.54979640,0.01998439,0.01998439,35115,108,0
5691.28936260,5691.28952345,3109.27111220,3109.26332987,0.05889040,411.48474615,0.01998439,0.01998439,35114,108,0
5691.45169120,5691.45161853,3117.11803992,3117.12156012,0.05340560,411.41838763,0.01998439,0.01998439,35113,108,0
5691.61415566,5691.61372284,3124.97475987,3124.99575038,0.04243552,411.35072136,0.01998440,0.01998439,35112,108,0
5691.77572241,5691.77583638,3132.84185441,3132.83631979,0.05910729,411.28217740,0.01998439,0.01998439,35111,108,0
5691.93789608,5691.93795916,3140.71965622,3140.71658894,0.07237475,411.21211344,0.01998439,0.01998439,35110,108,0
5692.09834912,5692.10009117,0.00000000,3148.52523616,0.07144146,411.14152641,0.01998439,0.01998439,35109,108,1
5692.26236353,5692.26223242,3156.50642387,3156.51281478,0.08247009,411.06812740,0.01998439,0.01998439,35108,108,0
5692.42413333,5692.42438290,3164.41479568,3164.40261652,0.03228058,410.99444097,0.01998439,0.01998439,35107,108,0
5692.58549336,5692.58654262,3172.33281400,3172.28155032,0.06222723,410.91967991,0.01998439,0.01998439,35106,108,0
5692.74910333,5692.74871158,3180.26057583,3180.27973803,0.04326623,410.84258519,0.01998440,0.01998439,35105,108,0
5692.91085681,5692.91088978,3188.19831374,3188.19669917,0.04062781,410.76508074,0.01998439,0.01998439,35104,108,0
5693.07177370,5693.07307721,3196.14626236,3196.08234474,0.06580422,410.68670334,0.01998439,0.01998439,35103,108,0
5693.23465682,5693.23527389,3204.10464854,3204.07435218,0.06471146,410.60606773,0.01998439,0.01998439,35102,108,0
5693.39693167,5693.39747980,3212.07349567,3212.04655013,0.02392762,410.52442742,0.01998439,0.01998439,35101,108,0
5693.56097237,5693.55969496,3220.05262907,3220.11550134,0.05600268,410.44057130,0.01998440,0.01998439,35100,108,0
5693.72185262,5693.72191936,3228.04186456,3228.03857569,0.03770714,410.35703208,0.01998439,0.01998439,35099,108,0
5693.88359279,5693.88415300,3236.04101712,3236.01337901,0.05033544,410.27174765,0.01998439,0.01998439,35098,108,0
5694.04542490,5694.04639589,3244.05002610,3244.00206555,0.04660171,410.18510795,0.01998439,0.01998439,35097,108,0
5694.20918755,5694.20864802,3252.06910958,3252.09579120,0.05384682,410.09609737,0.01998440,0.01998439,35096,108,0
5694.37131710,5694.37090940,3260.09852474,3260.11871193,0.03935227,410.00664199,0.01998440,0.01998439,35095,108,0
5694.53295012,5694.53318002,3268.13853077,3268.12713221,0.03334008,409.91613353,0.01998439,0.01998439,35094,108,0
5694.69474546,5694.69545990,3276.18934951,3276.15388335,0.05401308,409.82420015,0.01998439,0.01998439,35093,108,0
5694.85742425,5694.85774901,3284.25100188,3284.23485927,0.03471491,409.73041423,0.01998439,0.01998439,35092,108,0
5695.02025427,5695.02004738,3292.32344361,3292.33374030,0.03793284,409.63518083,0.01998440,0.01998439,35091,108,0
5695.18149665,5695.18235500,3300.40662997,3300.36385567,0.07858176,409.53953082,0.01998439,0.01998439,35090,108,0
5695.34545557,5695.34467186,3308.50051673,3308.53962083,0.06621005,409.44089257,0.01998440,0.01998439,35089,108,0
5695.50688316,5695.50699798,3316.60507041,3316.59933398,0.07717944,409.34241671,0.01998439,0.01998439,35088,108,0
5695.66988087,5695.66933335,3324.72026463,3324.74765236,0.05218812,409.24160909,0.01998440,0.01998439,35087,108,0
5695.83301663,5695.83167797,3332.84607293,3332.91311859,0.03802567,409.13932941,0.01998440,0.01998440,35086,108,0
5695.99517882,5695.99403185,3340.98247219,3341.03998877,0.06254052,409.03628096,0.01998440,0.01998440,35085,108,0
5696.15530700,5696.15639498,3349.12957120,3349.07494362,0.05683466,408.93316990,0.01998439,0.01998440,35084,108,0
5696.31699796,5696.31876736,0.00000000,3357.20527834,0.05670514,408.82759197,0.01998439,0.01998440,35083,108,1
5696.48119510,5696.48114900,3365.45698458,3365.45930500,0.06031070,408.71912902,0.01998440,0.01998440,35082,108,0
5696.64328855,5696.64353990,3373.63787772,3373.62520638,0.05021886,408.61055625,0.01998439,0.01998440,35081,108,0
5696.80597334,5696.80594006,3381.83047024,3381.83215061,0.03246819,408.50016729,0.01998440,0.01998440,35080,108,0
5696.96879700,5696.96834947,3390.03457613,3390.05719807,0.04699379,408.38825702,0.01998440,0.01998440,35079,108,0
5697.13027510,5697.13076814,3398.24996234,3398.22500741,0.06323630,408.27585971,0.01998439,0.01998440,35078,108,0
5697.29407745,5697.29319607,3406.47639386,3406.52106092,0.04473286,408.16040642,0.01998440,0.01998440,35077,108,0
5697.45735599,5697.45563327,0.00000000,3414.80141957,0.04759204,408.04387406,0.01998440,0.01998440,35076,108,1
5697.61807212,5697.61807972,3422.96193229,3422.96154610,0.03827466,407.92776568,0.01998440,0.01998440,35075,108,0
5697.78113865,5697.78053543,3431.22123115,3431.25191851,0.03922955,407.80851501,0.01998440,0.01998440,35074,108,0
5697.94305473,5697.94300041,3439.49171892,3439.49448594,0.08713000,407.68866402,0.01998440,0.01998440,35073,108,0
5698.10423962,5698.10547466,3447.77352687,3447.71053202,0.04670910,407.56792069,0.01998439,0.01998440,35072,108,0
5698.26783974,5698.26795816,3456.06680827,3456.06075964,0.05325383,407.44389817,0.01998440,0.01998440,35071,108,0
5698.43184691,5698.43045094,0.00000000,3464.44123971,0.07131146,407.31810139,0.01998440,0.01998440,35070,108,1
5698.59304047,5698.59295297,3472.68844468,3472.69292598,0.03673344,407.19294109,0.01998440,0.01998440,35069,108,0
5698.75571161,5698.75546428,3481.01711166,3481.02979619,0.06074091,407.06518205,0.01998440,0.01998440,35068,108,0
5698.91861927,5698.91798485,3489.35768651,3489.39026711,0.04647808,406.93574245,0.01998440,0.01998440,35067,108,0
5699.07994270,5699.08051469,3497.71001427,3497.68060042,0.05370240,406.80608465,0.01998439,0.01998440,35066,108,0
5699.24283539,5699.24305380,3506.07393702,3506.06269027,0.02261153,406.67367165,0.01998440,0.01998440,35065,108,0
5699.40569787,5699.40560219,3514.44929529,3514.45422870,0.05711400,406.53977982,0.01998440,0.01998440,35064,108,0
5699.56767637,5699.56815984,3522.83592580,3522.81096703,0.07701554,406.40512126,0.01998439,0.01998440,35063,108,0
5699.73133585,5699.73072676,3531.23366189,3531.26514558,0.04904537,406.26755026,0.01998440,0.01998440,35062,108,0
5699.89369529,5699.89330296,3539.64233530,3539.66263980,0.06592855,406.12956522,0.01998440,0.01998440,35061,108,0
5700.05452262,5700.05588843,3548.06179536,3547.99102378,0.04921720,405.99140031,0.01998439,0.01998440,35060,108,0
5700.21768002,5700.21848317,3556.49238298,3556.45071197,0.04808428,405.84971603,0.01998439,0.01998440,35059,108,0
5700.37933853,5700.38108719,0.00000000,3564.84783224,0.04613337,405.70774313,0.01998439,0.01998440,35058,108,1
5700.54498536,5700.54370048,3573.39045093,3573.45731304,0.06149843,405.56079737,0.01998440,0.01998440,35057,108,0
5700.70720683,5700.70632306,3581.85972280,3581.90578674,0.05452895,405.41523912,0.01998440,0.01998440,35056,108,0
5700.86954317,5700.86895490,3590.34289507,3590.37360349,0.05082432,405.26799537,0.01998440,0.01998440,35055,108,0
5701.03207692,5701.03159603,3598.83906818,3598.86420664,0.04078714,405.11899624,0.01998440,0.01998440,35054,108,0
5701.19260397,5701.19424644,0.00000000,3607.26712230,0.05283507,404.97019603,0.01998439,0.01998440,35053,108,1
5701.35581895,5701.35690612,3615.86652712,3615.80955319,0.09991811,404.81755906,0.01998439,0.01998440,35052,108,0
5701.51945532,5701.51957509,3624.39672138,3624.39043678,0.05606825,404.66284835,0.01998440,0.01998440,35051,108,0
5701.68224670,5701.68225333,3632.93897272,3632.93862424,0.07392130,404.50734541,0.01998440,0.01998440,35050,108,0
5701.84530423,5701.84494086,3641.49451273,3641.51363691,0.08079729,404.34996899,0.01998440,0.01998440,35049,108,0
5702.00714040,5702.00763767,3650.06456999,3650.03835369,0.04157793,404.19214026,0.01998439,0.01998440,35048,108,0
5702.17108103,5702.17034377,3658.64952902,3658.68846099,0.07381089,404.03058841,0.01998440,0.01998440,35047,108,0
5702.33362920,5702.33305915,3667.24843494,3667.27858277,0.07275307,403.86875976,0.01998440,0.01998440,35046,108,0
5702.49588154,5702.49578381,3675.86020679,3675.86538208,0.06351878,403.70560239,0.01998440,0.01998440,35045,108,0
5702.66026956,5702.65851776,0.00000000,3684.57701134,0.04258212,403.53865171,0.01998440,0.01998440,35044,108,1
5702.82186333,5702.82126100,3693.11873865,3693.15071870,0.10547146,403.37294644,0.01998440,0.01998440,35043,108,0
5702.98442904,5702.98401353,3701.76588310,3701.78797536,0.03712269,403.20461102,0.01998440,0.01998440,35042,108,0
5703.14617616,5703.14677534,3710.42606104,3710.39415597,0.03445376,403.03548184,0.01998439,0.01998440,35041,108,0
5703.30934483,5703.30954644,3719.10013212,3719.08937969,0.04852407,402.86318427,0.01998440,0.01998440,35040,108,0
5703.47067623,5703.47232684,0.00000000,3727.69489788,0.04192259,402.69126051,0.01998439,0.01998440,35039,108,1
5703.63585773,5703.63511652,3736.49034849,3736.52999920,0.07941357,402.51329737,0.01998440,0.01998440,35038,108,0
5703.79691602,5703.79791550,3745.20537222,3745.15183072,0.07309881,402.33821123,0.01998439,0.01998440,35037,108,0
5703.96138584,5703.96072377,3753.93288075,3753.96839567,0.06121374,402.15772137,0.01998440,0.01998440,35036,108,0
5704.12205506,5704.12354133,0.00000000,3762.57902268,0.04413264,401.98003307,0.01998439,0.01998440,35035,108,1
5704.28778337,5704.28636818,0.00000000,3771.48729903,0.05771878,401.79473171,0.01998440,0.01998440,35034,108,1
5704.44960926,5704.44920433,3780.19009033,3780.21190223,0.04333937,401.61180123,0.01998440,0.01998440,35033,108,0
5704.61112051,5704.61204978,3788.96836933,3788.91824011,0.04356608,401.42782373,0.01998439,0.01998440,35032,108,0
5704.77234057,5704.77490452,0.00000000,3797.61063598,0.06504795,401.24271593,0.01998439,0.01998440,35031,108,1
5704.93621708,5704.93776856,0.00000000,3806.47176631,0.06024882,401.05254948,0.01998439,0.01998440,35030,108,1
5705.10213400,5705.10064190,0.00000000,3815.45684970,0.09836481,400.85821239,0.01998440,0.01998440,35029,108,1
5705.26420696,5705.26352454,3824.21611760,3824.25314984,0.07011189,400.66648520,0.01998440,0.01998440,35028,108,0
5705.42791767,5705.42641648,0.00000000,3833.13950230,0.04136481,400.47131524,0.01998440,0.01998440,35027,108,1
5705.58886604,5705.58931771,3841.92192688,3841.89734351,0.05997979,400.27751253,0.01998440,0.01998440,35026,108,0
5705.75206674,5705.75222825,3850.79534403,3850.78654049,0.06133176,400.07932588,0.01998440,0.01998440,35025,108,0
5705.91272456,5705.91514809,0.00000000,3859.55285306,0.06346394,399.88242166,0.01998439,0.01998440,35024,108,1
5706.07703071,5706.07807723,3868.58359748,3868.52637924,0.06779228,399.67936438,0.01998439,0.01998440,35023,108,0
5706.24112065,5706.24101568,3877.49945641,3877.50520488,0.05780311,399.47466975,0.01998440,0.01998440,35022,108,0
5706.40218109,5706.40396343,0.00000000,3886.34157314,0.05081585,399.27174098,0.01998439,0.01998440,35021,108,1
5706.56788439,5706.56692049,3895.37771251,3895.43068023,0.04342028,399.06147456,0.01998440,0.01998440,35020,108,0
5706.73088565,5706.72988685,3904.34018618,3904.39516029,0.05896440,398.85256814,0.01998440,0.01998440,35019,108,0
5706.88937698,5706.89286252,0.00000000,3913.13005169,0.07953470,398.64755718,0.01998439,0.01998440,35018,108,1
5707.05419990,5707.05584750,0.00000000,3922.22104151,0.09689162,398.43266365,0.01998439,0.01998440,35017,108,1
5707.21991897,5707.21884179,3931.31191094,3931.37145934,0.06554329,398.21479497,0.01998440,0.01998440,35016,108,0
5707.38311053,5707.38184538,3940.32991100,3940.39996062,0.10389236,397.99828509,0.01998440,0.01998440,35015,108,0
5707.54475684,5707.54485829,3949.36325945,3949.35763278,0.11029351,397.78195826,0.01998440,0.01998440,35014,108,0
5707.70841417,5707.70788050,3958.41324491,3958.44289879,0.08778317,397.56100829,0.01998440,0.01998440,35013,108,0
5707.87142006,5707.87091203,3967.48037527,3967.50865457,0.07208964,397.33898529,0.01998440,0.01998440,35012,108,0
5708.03431347,5708.03395287,3976.56322913,3976.58333319,0.07921693,397.11519582,0.01998440,0.01998440,35011,108,0
5708.19906198,5708.19700302,0.00000000,3985.76751195,0.06989744,396.88712928,0.01998441,0.01998440,35010,108,1
5708.35930292,5708.36006249,3994.76922625,3994.72676802,0.10891443,396.66311995,0.01998440,0.01998440,35009,108,0
5708.52224141,5708.52313127,4003.89047425,4003.84066502,0.06791719,396.43369574,0.01998440,0.01998440,35008,108,0
5708.68514919,5708.68620937,4013.02573686,4012.96629988,0.09509697,396.20241158,0.01998439,0.01998440,35007,108,0
5708.84940315,5708.84929678,4022.17709581,4022.18306984,0.05897084,395.96722882,0.01998440,0.01998440,35006,108,0
5709.01178864,5709.01239352,4031.34651318,4031.31247317,0.08281771,395.73270145,0.01998440,0.01998440,35005,108,0
5709.17688228,5709.17549957,0.00000000,4040.60900021,0.10190612,395.49227130,0.01998440,0.01998440,35004,108,1
5709.34020523,5709.33861493,0.00000000,4049.82110286,0.07565782,395.25242268,0.01998440,0.01998440,35003,108,1
5709.50164249,5709.50173962,4058.95730987,4058.95181630,0.09419361,395.01311981,0.01998440,0.01998440,35002,108,0
5709.66414329,5709.66487363,4068.19037149,4068.14900596,0.09071503,394.77049140,0.01998440,0.01998440,35001,108,0
5709.82611222,5709.82801696,0.00000000,4077.31787912,0.05064066,394.52702847,0.01998439,0.01998440,35000,108,1
5709.99130665,5709.99116961,4086.69919320,4086.70697861,0.03485291,394.27608158,0.01998440,0.01998440,34999,108,0
nan,nan,0.00000000,-1.00000000,0.00000000,394.05305322,nan,0.00000000,-2147483648,108,1
nan,nan,0.00000000,-1.00000000,0.00000000,387.11308280,nan,0.00000000,-2147483648,107,1
5664.97760701,nan,0.00000000,10.27934104,0.03799452,387.37816273,0.01998434,0.01998439,35277,107,1
5664.97760701,nan,0.00000000,10.27934104,0.03799452,387.37816273,0.01998434,0.01998439,35277,107,1
5665.14171385,5665.15144772,0.00000000,15.69009089,0.44641269,387.64929985,0.01998435,0.01998439,35276,107,1
5665.31669559,5665.31205751,0.00000000,21.46252575,0.14406503,387.93795754,0.01998440,0.01998439,35275,107,1
nan,nan,0.00000000,-1.00000000,0.00000000,388.21427998,nan,0.00000000,-2147483648,107,1
nan,nan,0.00000000,-1.00000000,0.00000000,388.36374176,nan,0.00000000,-2147483648,107,1
nan,nan,0.00000000,-1.00000000,0.00000000,388.46328942,nan,0.00000000,-2147483648,107,1
5665.83486156,nan,0.00000000,38.57519146,0.30216525,388.79003451,0.01998453,0.01998439,35272,107,1
5665.83486156,nan,0.00000000,38.57519146,0.30216525,388.79003451,0.01998453,0.01998439,35272,107,1
5666.12218397,5666.11524305,0.00000000,48.07643085,0.15630317,389.26075681,0.01998441,0.01998439,35270,107,1
5666.27724053,5666.27590749,53.15011092,53.19424314,0.16999449,389.51361006,0.01998439,0.01998439,35269,107,0
5666.46658602,nan,0.00000000,59.47678988,0.10511884,389.82333881,0.01998449,0.01998439,35268,107,1
5666.60769962,5666.59726369,0.00000000,64.15157911,0.14573467,390.05332617,0.01998443,0.01998439,35267,107,1
5666.75969050,5666.75795546,0.00000000,69.18909614,0.17946196,390.30070112,0.01998439,0.01998439,35266,107,1
5666.75969050,5666.75795546,0.00000000,69.18909614,0.17946196,390.30070112,0.01998439,0.01998439,35266,107,1
nan,nan,0.00000000,-1.00000000,0.00000000,390.58546471,nan,0.00000000,-2147483648,107,1
5667.08531089,5667.07936634,0.00000000,79.98966145,0.18162610,390.82947914,0.01998441,0.01998439,35264,107,1
nan,nan,0.00000000,-1.00000000,0.00000000,391.07403607,nan,0.00000000,-2147483648,107,1
5667.38693893,nan,0.00000000,90.00460698,0.25958888,391.31784435,0.01998434,0.01998439,35262,107,1
nan,nan,0.00000000,-1.00000000,0.00000000,391.60930355,nan,0.00000000,-2147483648,107,1
5667.70720325,nan,0.00000000,100.64909383,0.03448478,391.83485099,0.01998434,0.01998439,35260,107,1
5667.88950208,5667.88305305,0.00000000,106.71304553,0.20005154,392.12843147,0.01998441,0.01998439,35259,107,1
5668.04334422,5668.04381774,111.83271531,111.81695228,0.16712860,392.37499901,0.01998439,0.01998439,35258,107,0
5668.21164634,5668.20459156,0.00000000,117.43761937,0.03856828,392.64596705,0.01998441,0.01998439,35257,107,1
5668.21164634,5668.20459156,0.00000000,117.43761937,0.03856828,392.64596705,0.01998441,0.01998439,35257,107,1
nan,nan,0.00000000,-1.00000000,0.00000000,393.10560370,nan,0.00000000,-2147483648,107,1
5668.68886740,5668.68696772,0.00000000,133.34569418,0.09500048,393.40967880,0.01998440,0.01998439,35254,107,1
5668.84482019,5668.84777802,0.00000000,138.54975567,0.11050328,393.65848639,0.01998438,0.01998439,35253,107,1
5669.01039272,5669.00859744,0.00000000,144.07774493,0.03579873,393.92222594,0.01998440,0.01998439,35252,107,1
nan,nan,0.00000000,-1.00000000,0.00000000,394.15658469,nan,0.00000000,-2147483648,107,1
5669.29878355,nan,0.00000000,153.71348485,0.49730142,394.38057848,0.01998485,0.01998439,35251,107,1
5669.29878355,nan,0.00000000,153.71348485,0.49730142,394.38057848,0.01998485,0.01998439,35251,107,1
5669.49292038,5669.49111045,160.12940885,160.18995019,0.30050842,394.68767433,0.01998439,0.01998439,35249,107,0
5669.66386243,5669.65196637,0.00000000,165.92469621,0.14569536,394.95894463,0.01998443,0.01998439,35248,107,1
5669.82907963,nan,0.00000000,171.45575355,0.25558948,395.21999677,0.01998445,0.01998439,35247,107,1
5669.99126921,nan,0.00000000,176.88839992,0.31719362,395.47584679,0.01998445,0.01998439,35246,107,1
nan,nan,0.00000000,-1.00000000,0.00000000,395.71607277,nan,0.00000000,-2147483648,107,1
5670.30515570,5670.29548132,0.00000000,187.41054423,0.23342194,395.96981524,0.01998442,0.01998439,35244,107,1
5670.45355051,5670.45638288,0.00000000,192.38887866,0.15990421,396.20280402,0.01998438,0.01998439,35243,107,1
5670.62525195,5670.61729358,0.00000000,198.15217178,0.09826290,396.47194994,0.01998442,0.01998439,35242,107,1
5670.76126167,nan,0.00000000,202.71978669,0.27457414,396.68481604,0.01998433,0.01998439,35241,107,1
5670.94348615,5670.93914236,0.00000000,208.84268287,0.06130008,396.96955082,0.01998441,0.01998439,35240,107,1
5671.25228709,5671.26102767,0.00000000,219.22717598,0.11016330,397.45085951,0.01998436,0.01998439,35238,107,1
5671.25228709,5671.26102767,0.00000000,219.22717598,0.11016330,397.45085951,0.01998436,0.01998439,35238,107,1
5671.42431540,5671.42198403,0.00000000,225.01687894,0.12339492,397.71832878,0.01998440,0.01998439,35237,107,1
5671.58230544,5671.58294952,230.34084373,230.31914692,0.06025799,397.96272935,0.01998439,0.01998439,35236,107,0
5671.74116175,5671.74392415,0.00000000,235.68925966,0.22569341,398.20972070,0.01998438,0.01998439,35235,107,1
5671.90500567,5671.90490792,241.19195001,241.19524610,0.11462215,398.46240087,0.01998439,0.01998439,35234,107,0
nan,nan,0.00000000,-1.00000000,0.00000000,398.68243644,nan,0.00000000,-2147483648,107,1
5672.22864988,5672.22690287,252.05489329,252.11386069,0.17060298,398.96179820,0.01998439,0.01998439,35232,107,0
5672.22864988,5672.22690287,252.05489329,252.11386069,0.17060298,398.96179820,0.01998439,0.01998439,35232,107,0
5672.38253555,5672.38791405,0.00000000,257.32761348,0.16282190,399.19947834,0.01998437,0.01998439,35231,107,1
5672.54827224,5672.54893437,262.93010170,262.90772951,0.10727741,399.45329612,0.01998439,0.01998439,35230,107,0
5672.71165745,5672.70996383,268.37252773,268.42978403,0.07185103,399.70389902,0.01998439,0.01998439,35229,107,0
5672.87326700,5672.87100244,273.81828754,273.89488912,0.03510212,399.95135534,0.01998440,0.01998439,35228,107,0
5673.02421545,5673.03205018,0.00000000,279.02328346,0.04570130,400.18305703,0.01998436,0.01998439,35227,107,1
5673.19241670,5673.19310707,284.72009601,284.69671652,0.11667389,400.43880995,0.01998439,0.01998439,35226,107,0
5673.35877002,5673.35417311,0.00000000,290.35357263,0.22154888,400.69321558,0.01998441,0.01998439,35225,107,1
5673.51527828,5673.51524828,295.63568443,295.63670138,0.02916837,400.93027248,0.01998439,0.01998439,35224,107,0
5673.67800876,5673.67633261,301.09863138,301.15549220,0.07958284,401.17734556,0.01998439,0.01998439,35223,107,0
5673.84091577,5673.83742608,0.00000000,306.70503525,0.14291940,401.42522033,0.01998440,0.01998439,35222,107,1
5674.00342204,5673.99852869,0.00000000,312.22233374,0.09983123,401.67108320,0.01998441,0.01998439,35221,107,1
5674.15548136,5674.15964046,0.00000000,317.38772463,0.05542464,401.90074767,0.01998438,0.01998439,35220,107,1
5674.32273146,5674.32076137,0.00000000,323.07224926,0.10763066,402.15291648,0.01998440,0.01998439,35219,107,1
5674.48245084,5674.48189143,328.46476120,328.48379244,0.02829879,402.39241346,0.01998439,0.01998439,35218,107,0
5674.65120320,5674.64303065,0.00000000,334.24590677,0.01565398,402.64682272,0.01998442,0.01998439,35217,107,1
5674.80316772,5674.80417901,339.43532709,339.40088341,0.01217739,402.87389864,0.01998439,0.01998439,35216,107,0
5674.95583629,5674.96533653,0.00000000,344.61993312,0.13754242,403.10329000,0.01998436,0.01998439,35215,107,1
5675.12218742,5675.12650319,0.00000000,350.28948309,0.09333827,403.35190401,0.01998438,0.01998439,35214,107,1
5675.29149608,5675.28767901,0.00000000,356.06317652,0.09224642,403.60446611,0.01998440,0.01998439,35213,107,1
5675.45194555,5675.44886399,0.00000000,361.53787801,0.11753178,403.84337257,0.01998440,0.01998439,35212,107,1
5675.61764593,5675.61005812,0.00000000,367.19493902,0.03986728,404.08964718,0.01998442,0.01998439,35211,107,1
5675.76814948,5675.77126140,0.00000000,372.33599271,0.11045564,404.31293806,0.01998438,0.01998439,35210,107,1
5675.93248070,5675.93247384,377.94031396,377.94054837,0.11641330,404.55579618,0.01998439,0.01998439,35209,107,0
5676.09330139,5676.09369544,383.45422561,383.44074501,0.06354223,404.79356020,0.01998439,0.01998439,35208,107,0
5676.25465696,5676.25492620,388.97137879,388.96216322,0.09323143,405.03167168,0.01998439,0.01998439,35207,107,0
5676.41548078,5676.41616611,394.49183126,394.46836083,0.03149808,405.26855810,0.01998439,0.01998439,35206,107,0
5676.57604111,5676.57741519,400.01564108,399.96855700,0.11832537,405.50461937,0.01998439,0.01998439,35205,107,0
5676.74238689,5676.73867342,0.00000000,405.68016958,0.11195887,405.74915460,0.01998440,0.01998439,35204,107,1
5676.90022713,5676.89994082,411.07356615,411.08338798,0.16694473,405.97992386,0.01998439,0.01998439,35203,107,0
5677.05981794,5677.06121738,416.60779628,416.55976057,0.07676220,406.21325946,0.01998439,0.01998439,35202,107,0
5677.22083335,5677.22250309,422.14557724,422.08822957,0.08461712,406.44824494,0.01998438,0.01998439,35201,107,0
5677.38135113,5677.38379798,0.00000000,427.61104418,0.12418425,406.68241840,0.01998438,0.01998439,35200,107,1
5677.54536601,5677.54510203,433.23175774,433.24083502,0.12582278,406.92053966,0.01998439,0.01998439,35199,107,0
5677.70673393,5677.70641524,438.78013905,438.79110357,0.03272794,407.15471617,0.01998439,0.01998439,35198,107,0
5677.86971236,5677.86773761,0.00000000,444.40608012,0.10938867,407.39103558,0.01998440,0.01998439,35197,107,1
5678.03113403,5678.02906916,0.00000000,449.96383226,0.13348179,407.62436492,0.01998440,0.01998439,35196,107,1
5678.18869789,5678.19040987,455.44634229,455.38734017,0.05125123,407.85150042,0.01998438,0.01998439,35195,107,0
5678.35881715,5678.35175975,0.00000000,461.25573187,0.04520639,408.09664682,0.01998442,0.01998439,35194,107,1
5678.51495551,5678.51311880,466.57466538,466.63803940,0.06490367,408.32092026,0.01998440,0.01998439,35193,107,0
5678.67641081,5678.67448702,0.00000000,472.21247099,0.13489220,408.55262708,0.01998440,0.01998439,35192,107,1
5678.83400158,5678.83586440,477.71702574,477.65267771,0.04407898,408.77819333,0.01998438,0.01998439,35191,107,0
5678.99903711,5678.99725096,483.29347650,483.35521188,0.07418037,409.01404114,0.01998440,0.01998439,35190,107,0
5679.15846304,5679.15864669,488.87342482,488.86707372,0.14149498,409.24142395,0.01998439,0.01998439,35189,107,0
5679.31793613,5679.32005160,494.45681023,494.38361111,0.05304825,409.46842965,0.01998438,0.01998439,35188,107,0
5679.48565129,5679.48146567,0.00000000,500.18667920,0.11801737,409.70661066,0.01998441,0.01998439,35187,107,1
5679.64430651,5679.64288892,505.63362624,505.68272995,0.11167596,409.93160863,0.01998440,0.01998439,35186,107,0
5679.80411914,5679.80432135,511.22692311,511.21991513,0.10537223,410.15771816,0.01998439,0.01998439,35185,107,0
5679.96705126,5679.96576295,516.82338967,516.86806069,0.10382076,410.38776679,0.01998440,0.01998439,35184,107,0
5680.12961141,5680.12721373,0.00000000,522.50529493,0.05463753,410.61677491,0.01998440,0.01998439,35183,107,1
5680.29061376,5680.28867369,0.00000000,528.09344478,0.11688279,410.84320125,0.01998440,0.01998439,35182,107,1
5680.44836285,5680.45014282,533.63238853,533.57056702,0.06218271,411.06456097,0.01998439,0.01998439,35181,107,0
5680.61228305,5680.61162113,539.24254771,539.26555149,0.10126761,411.29412947,0.01998439,0.01998439,35180,107,0
5680.77493977,5680.77310863,0.00000000,544.92323233,0.11112284,411.52159237,0.01998440,0.01998439,35179,107,1
5680.93406211,5680.93460530,550.47481001,550.45590693,0.05877763,411.74344931,0.01998439,0.01998439,35178,107,0
5681.09513609,5681.09611115,556.09726132,556.06330510,0.13228720,411.96771725,0.01998439,0.01998439,35177,107,0
5681.25819855,5681.25762619,561.72383127,561.74377672,0.10079780,412.19430687,0.01998439,0.01998439,35176,107,0
5681.42070668,5681.41915041,567.35428182,567.40854721,0.01834620,412.41966791,0.01998440,0.01998439,35175,107,0
5681.58212590,5681.58068381,572.98837392,573.03868644,0.07974417,412.64305526,0.01998440,0.01998439,35174,107,0
5681.74090765,5681.74222640,578.62586762,578.57983439,0.03858538,412.86233156,0.01998439,0.01998439,35173,107,0
5681.90620008,5681.90377817,0.00000000,584.34843966,0.10625601,413.08999745,0.01998440,0.01998439,35172,107,1
5682.06304837,5682.06533913,0.00000000,589.82753321,0.03210675,413.30565978,0.01998438,0.01998439,35171,107,1
5682.22753368,5682.22690927,595.55681348,595.57864154,0.13401071,413.53142354,0.01998439,0.01998439,35170,107,0
5682.39123313,5682.38848860,0.00000000,601.30199529,0.07554053,413.75548225,0.01998440,0.01998439,35169,107,1
5682.55102809,5682.55007712,606.86029578,606.89357727,0.07407649,413.97378934,0.01998440,0.01998439,35168,107,0
5682.71093535,5682.71167483,612.51757640,612.49167986,0.03968493,414.19176388,0.01998439,0.01998439,35167,107,0
5682.87215549,5682.87328173,618.17886818,618.13940122,0.10636766,414.41107510,0.01998439,0.01998439,35166,107,0
5683.03595648,5683.03489782,623.84438320,623.88150765,0.09144364,414.63343844,0.01998440,0.01998439,35165,107,0
5683.19917406,5683.19652310,0.00000000,629.60930710,0.01979701,414.85463191,0.01998440,0.01998439,35164,107,1
5683.35600151,5683.35815758,0.00000000,635.11373504,0.07967531,415.06661978,0.01998438,0.01998439,35163,107,1
5683.51951771,5683.51980124,640.86512519,640.85516379,0.07290772,415.28712982,0.01998439,0.01998439,35162,107,0
5683.68278964,5683.68145410,646.54608588,646.59303355,0.01762502,415.50688572,0.01998440,0.01998439,35161,107,0
5683.84570700,5683.84311616,0.00000000,652.32227706,0.04057326,415.72569536,0.01998440,0.01998439,35160,107,1
5684.00456671,5684.00478741,657.91785301,657.91008716,0.02647670,415.93851059,0.01998439,0.01998439,35159,107,0
5684.16635562,5684.16646785,663.60853875,663.60458745,0.11102835,416.15478687,0.01998439,0.01998439,35158,107,0
5684.32936238,5684.32815750,669.30268290,669.34512719,0.03768485,416.37219632,0.01998440,0.01998439,35157,107,0
5684.49107988,5684.48985634,675.00052404,675.04365215,0.08238538,416.58740342,0.01998440,0.01998439,35156,107,0
5684.65010272,5684.65156437,680.70230172,680.65074739,0.06652337,416.79856331,0.01998439,0.01998439,35155,107,0
5684.81220640,5684.81328161,686.40825642,686.37030582,0.07871797,417.01335111,0.01998439,0.01998439,35154,107,0
5684.97485846,5684.97500805,692.11861070,692.11332683,0.06645226,417.22840280,0.01998439,0.01998439,35153,107,0
5685.13653099,5685.13674369,697.83332894,697.82581079,0.02943901,417.44169744,0.01998439,0.01998439,35152,107,0
5685.29764665,5685.29848853,703.55218707,703.52241100,0.07767649,417.65378961,0.01998439,0.01998439,35151,107,0
5685.46359146,5685.46024257,0.00000000,709.39908554,0.06698356,417.87194847,0.01998440,0.01998439,35150,107,1
5685.62180638,5685.62200582,715.00140533,714.99434322,0.03532654,418.07905847,0.01998439,0.01998439,35149,107,0
5685.78273392,5685.78377827,720.73130431,720.69430445,0.10265542,418.28944039,0.01998439,0.01998439,35148,107,0
5685.94595644,5685.94555992,726.46443704,726.47849218,0.01802468,418.50230816,0.01998439,0.01998439,35147,107,0
5686.10476803,5686.10735078,0.00000000,732.11489897,0.02678588,418.70913373,0.01998438,0.01998439,35146,107,1
5686.27081683,5686.26915085,737.94064514,737.99976240,0.02906616,418.92444049,0.01998440,0.01998439,35145,107,0
5686.43047474,5686.43096012,743.68410940,743.66687572,0.08055326,419.13116660,0.01998439,0.01998439,35144,107,0
5686.59479372,5686.59277860,749.43141054,749.50300452,0.06441831,419.34342851,0.01998440,0.01998439,35143,107,0
5686.75437455,5686.75460629,755.18274708,755.17450839,0.08647609,419.54909089,0.01998439,0.01998439,35142,107,0
5686.91642556,nan,0.00000000,760.94967479,0.08902006,419.75789235,0.01998439,0.01998439,35141,107,1
5687.07844599,nan,0.00000000,766.71623250,0.08510704,419.96575835,0.01998439,0.01998439,35140,107,1
5687.23934220,5687.24014461,772.46209068,772.43350603,0.07672197,420.17123205,0.01998439,0.01998439,35139,107,0
5687.40299582,5687.40200915,778.23013383,778.26530519,0.08639535,420.38018999,0.01998440,0.01998439,35138,107,0
5687.56570114,5687.56388289,0.00000000,784.07989102,0.07989063,420.58789602,0.01998440,0.01998439,35137,107,1
5687.72610359,5687.72576585,789.77806033,789.79011462,0.09941389,420.79125682,0.01998439,0.01998439,35136,107,0
5687.88669163,5687.88765802,795.55776432,795.52325309,0.06097341,420.99481832,0.01998439,0.01998439,35135,107,0
5688.05015577,5688.04955940,801.34126040,801.36257057,0.08849520,421.20151599,0.01998439,0.01998439,35134,107,0
5688.21284266,5688.21147001,807.12859600,807.17767545,0.05851702,421.40672088,0.01998440,0.01998439,35133,107,0
5688.37296674,5688.37338982,812.91981974,812.90468307,0.04395173,421.60819692,0.01998439,0.01998439,35132,107,0
5688.53370464,5688.53531886,818.71498039,818.65719251,0.08218988,421.80995066,0.01998439,0.01998439,35131,107,0
5688.69567074,5688.69725711,824.51412694,824.45729968,0.07102445,422.01274519,0.01998439,0.01998439,35130,107,0
5688.85869057,5688.85920458,830.31730520,830.29888034,0.07568324,422.21635184,0.01998439,0.01998439,35129,107,0
5689.02085612,5689.02116127,836.12452802,836.11358274,0.06948395,422.41838583,0.01998439,0.01998439,35128,107,0
5689.18451594,5689.18312719,841.93578950,841.98563334,0.08353137,422.62176860,0.01998440,0.01998439,35127,107,0
5689.34541497,5689.34510232,847.75108349,847.76231194,0.06068978,422.82121679,0.01998439,0.01998439,35126,107,0
5689.50499805,5689.50708667,0.00000000,853.51120375,0.02972331,423.01908397,0.01998439,0.01998439,35125,107,1
5689.66868087,5689.66908025,859.39374420,859.37938275,0.06791487,423.22041724,0.01998439,0.01998439,35124,107,0
5689.82989545,5689.83108305,865.22110857,865.17837585,0.05220849,423.41874200,0.01998439,0.01998439,35123,107,0
5689.99086427,5689.99309508,0.00000000,870.98825448,0.03135080,423.61680624,0.01998439,0.01998439,35122,107,1
5690.15458575,nan,0.00000000,876.88493981,0.04138889,423.81718211,0.01998439,0.01998439,35121,107,1
5690.31494800,nan,0.00000000,882.66430240,0.06103082,424.01293807,0.01998439,0.01998439,35120,107,1
5690.47863905,5690.47918651,888.57273639,888.55298376,0.02254038,424.21175212,0.01998439,0.01998439,35119,107,0
5690.63986812,5690.64123544,894.42175789,894.37238764,0.07178572,424.40758789,0.01998439,0.01998439,35118,107,0
5690.80330859,5690.80329360,900.27541214,900.27595386,0.07589384,424.60560651,0.01998439,0.01998439,35117,107,0
5690.96387473,5690.96536098,906.13353886,906.07979817,0.07078754,424.79964262,0.01998439,0.01998439,35116,107,0
5691.12716824,5691.12743760,911.99589982,911.98615394,0.05658066,424.99645689,0.01998439,0.01998439,35115,107,0
5691.28875849,5691.28952345,917.86225575,917.83456141,0.07529627,425.19069505,0.01998439,0.01998439,35114,107,0
5691.45089112,5691.45161853,923.73236636,923.70601659,0.07805173,425.38505290,0.01998439,0.01998439,35113,107,0
5691.61273645,5691.61372284,929.60599035,929.57024068,0.08161339,425.57852554,0.01998439,0.01998439,35112,107,0
5691.77607766,5691.77583638,935.48297741,935.49172672,0.01820532,425.77323240,0.01998440,0.01998439,35111,107,0
5691.93612635,5691.93795916,941.36350753,941.29700896,0.08617359,425.96347941,0.01998439,0.01998439,35110,107,0
5692.10044479,5692.10009117,947.24783579,947.26067362,0.03596939,426.15825811,0.01998440,0.01998439,35109,107,0
5692.26058483,5692.26223242,953.13621837,953.07636432,0.07265200,426.34756088,0.01998439,0.01998439,35108,107,0
5692.42452302,5692.42438290,959.02891252,959.03400634,0.06788997,426.54082590,0.01998440,0.01998439,35107,107,0
5692.58582834,5692.58654262,964.92617601,964.90019007,0.01433160,426.73047300,0.01998439,0.01998439,35106,107,0
5692.74877764,5692.74871158,970.82814133,970.83054652,0.06520586,426.92153810,0.01998440,0.01998439,35105,107,0
5692.91221018,5692.91088978,976.73465188,976.78275762,0.04802281,427.11264344,0.01998440,0.01998439,35104,107,0
5693.07436746,5693.07307721,982.64551000,982.69254811,0.08729782,427.30172877,0.01998440,0.01998439,35103,107,0
5693.23472308,5693.23527389,988.56051721,988.54042395,0.10003228,427.48818772,0.01998439,0.01998439,35102,107,0
5693.39619424,5693.39747980,994.47947415,994.43254957,0.02311583,427.67540822,0.01998439,0.01998439,35101,107,0
5693.55988127,5693.55969496,1000.40218360,1000.40898791,0.07854628,427.86464188,0.01998440,0.01998439,35100,107,0
5693.72263550,5693.72191936,1006.32858723,1006.35475701,0.09642622,428.05223900,0.01998440,0.01998439,35099,107,0
5693.88434861,5693.88415300,1012.25882314,1012.26597546,0.05619353,428.23808801,0.01998440,0.01998439,35098,107,0
5694.04608637,5694.04639589,1018.19304476,1018.18172016,0.06316721,428.42342250,0.01998439,0.01998439,35097,107,0
5694.20740755,5694.20864802,1024.13140620,1024.08599053,0.02348707,428.60774232,0.01998439,0.01998439,35096,107,0
5694.36950661,5694.37090940,1030.07406221,1030.02266899,0.01228159,428.79241389,0.01998439,0.01998439,35095,107,0
5694.53321826,5694.53318002,1036.02116058,1036.02256233,0.04903591,428.97837948,0.01998440,0.01998439,35094,107,0
5694.69616418,5694.69545990,1041.97272218,1041.99856059,0.05075420,429.16293250,0.01998440,0.01998439,35093,107,0
5694.85854256,5694.85774901,1047.92866256,1047.95779509,0.03734222,429.34630002,0.01998440,0.01998439,35092,107,0
5695.01992725,5695.02004738,1053.88889373,1053.88448076,0.04515888,429.52800457,0.01998440,0.01998439,35091,107,0
5695.18305573,5695.18235500,1059.85332732,1059.87908588,0.04288494,429.71112044,0.01998440,0.01998439,35090,107,0
5695.34495088,5695.34467186,1065.82187456,1065.83213760,0.07897587,429.89229914,0.01998440,0.01998439,35089,107,0
5695.50732629,5695.50699798,1071.79445734,1071.80654085,0.05032866,430.07345853,0.01998440,0.01998439,35088,107,0
5695.67013077,5695.66933335,1077.77107897,1077.80044631,0.07023384,430.25453565,0.01998440,0.01998439,35087,107,0
5695.83192963,5695.83167797,1083.75177942,1083.76105338,0.07086536,430.43393770,0.01998440,0.01998440,35086,107,0
5695.99479336,5695.99403185,1089.73659898,1089.76467927,0.06996918,430.61395999,0.01998440,0.01998440,35085,107,0
5696.15657125,5696.15639498,1095.72557815,1095.73208204,0.03957475,430.79222527,0.01998440,0.01998440,35084,107,0
5696.31934642,5696.31876736,1101.71875756,1101.74013739,0.06523104,430.97102927,0.01998440,0.01998440,35083,107,0
5696.48070999,5696.48114900,1107.71619982,1107.69997990,0.05897292,431.14772858,0.01998439,0.01998440,35082,107,0
5696.64446660,5696.64353990,1113.71804268,1113.75230473,0.07709075,431.32648703,0.01998440,0.01998440,35081,107,0
5696.80644898,5696.80594006,1119.72444051,1119.74326990,0.05045781,431.50275557,0.01998440,0.01998440,35080,107,0
5696.96875730,5696.96834947,1125.73554837,1125.75064871,0.07159314,431.67883007,0.01998440,0.01998440,35079,107,0
5697.13199347,5697.13076814,1131.75152198,1131.79692578,0.06722586,431.85536016,0.01998440,0.01998440,35078,107,0
5697.29438561,5697.29319607,1137.77251543,1137.81662739,0.06033600,432.03043212,0.01998440,0.01998440,35077,107,0
5697.45599464,5697.45563327,1143.79853711,1143.81194819,0.04318368,432.20411840,0.01998440,0.01998440,35076,107,0
5697.61797574,5697.61807972,1149.82936407,1149.82550249,0.04820006,432.37765460,0.01998439,0.01998440,35075,107,0
5697.77969991,5697.78053543,1155.86475193,1155.83370110,0.03177786,432.55035777,0.01998439,0.01998440,35074,107,0
5697.94386970,5697.94300041,1161.90445523,1161.93678152,0.05394397,432.72509395,0.01998440,0.01998440,35073,107,0
5698.10508778,5698.10547466,1167.94822739,1167.93383208,0.07694674,432.89611275,0.01998439,0.01998440,35072,107,0
5698.26780130,5698.26795816,1173.99584171,1173.99000166,0.04467540,433.06813173,0.01998439,0.01998440,35071,107,0
5698.43013664,5698.43045094,1180.04735472,1180.03564618,0.03625963,433.23916445,0.01998439,0.01998440,35070,107,0
5698.59232443,5698.59295297,1186.10302801,1186.07959749,0.03543833,433.40946283,0.01998439,0.01998440,35069,107,0
5698.75391264,5698.75546428,1192.16312887,1192.10524775,0.04532176,433.57856230,0.01998439,0.01998440,35068,107,0
5698.91854623,5698.91798485,1198.22792576,1198.24888263,0.06890628,433.75027040,0.01998440,0.01998440,35067,107,0
5699.08006169,5699.08051469,1204.29768833,1204.28076391,0.05446355,433.91816512,0.01998439,0.01998440,35066,107,0
5699.24260253,5699.24305380,1210.37262427,1210.35575094,0.06158237,434.08656865,0.01998439,0.01998440,35065,107,0
5699.40575462,5699.40560219,1216.45264682,1216.45835066,0.07378389,434.25503939,0.01998440,0.01998440,35064,107,0
5699.56763961,5699.56815984,1222.53758259,1222.51810188,0.08002678,434.42163475,0.01998439,0.01998440,35063,107,0
5699.73176771,5699.73072676,1228.62725741,1228.66626462,0.06621718,434.58995550,0.01998440,0.01998440,35062,107,0
5699.89170620,5699.89330296,1234.72149631,1234.66162119,0.06726694,434.75340871,0.01998439,0.01998440,35061,107,0
5700.05682173,5700.05588843,1240.82012470,1240.85514457,0.03920433,434.92155524,0.01998440,0.01998440,35060,107,0
5700.21793549,5700.21848317,1246.92306309,1246.90249948,0.03141452,435.08503788,0.01998439,0.01998440,35059,107,0
5700.38177060,5700.38108719,1253.03039630,1253.05607341,0.04623774,435.25068649,0.01998440,0.01998440,35058,107,0
5700.54352270,5700.54370048,1259.14222576,1259.13554143,0.02648766,435.41364136,0.01998439,0.01998440,35057,107,0
5700.70582012,5700.70632306,1265.25865333,1265.23973073,0.06917146,435.57655996,0.01998439,0.01998440,35056,107,0
5700.86807949,5700.86895490,1271.37978133,1271.34682075,0.04842594,435.73885513,0.01998439,0.01998440,35055,107,0
5701.03076690,5701.03159603,1277.50570595,1277.47446501,0.05163890,435.90099196,0.01998439,0.01998440,35054,107,0
5701.19453783,5701.19424644,1283.63644676,1283.64743409,0.06865060,436.06361446,0.01998440,0.01998440,35053,107,0
5701.35692275,5701.35690612,1289.77197368,1289.77260131,0.03536645,436.22426968,0.01998440,0.01998440,35052,107,0
5701.51983554,5701.51957509,1295.91225566,1295.92209062,0.04684386,436.38485339,0.01998440,0.01998440,35051,107,0
5701.68191997,5701.68225333,1302.05726146,1302.04466446,0.03895726,436.54402805,0.01998439,0.01998440,35050,107,0
5701.84605495,5701.84494086,1308.20695973,1308.24908794,0.05946877,436.70461176,0.01998440,0.01998440,35049,107,0
5702.00821758,5702.00763767,1314.36131696,1314.38326075,0.06296283,436.86266582,0.01998440,0.01998440,35048,107,0
5702.17053002,5702.17034377,1320.52029282,1320.52734548,0.06797220,437.02026617,0.01998440,0.01998440,35047,107,0
5702.33260981,5702.33305915,1326.68384545,1326.66681891,0.06350191,437.17703934,0.01998439,0.01998440,35046,107,0
5702.49600112,5702.49578381,1332.85193277,1332.86017267,0.03690814,437.33447036,0.01998440,0.01998440,35045,107,0
5702.65765045,5702.65851776,1339.02451248,1338.99160398,0.02162255,437.48961698,0.01998439,0.01998440,35044,107,0
5702.82039738,5702.82126100,1345.20154573,1345.16875541,0.05022623,437.64520572,0.01998439,0.01998440,35043,107,0
5702.98327299,5702.98401353,1351.38308573,1351.35494961,0.05538329,437.80030323,0.01998439,0.01998440,35042,107,0
5703.14688114,5703.14677534,1357.56928305,1357.57330583,0.05590940,437.95548192,0.01998440,0.01998440,35041,107,0
5703.31119184,5703.30954644,0.00000000,1363.83018454,0.06017097,438.11088810,0.01998440,0.01998440,35040,107,1
5703.47220995,5703.47232684,1369.95627401,1369.95182309,0.02252323,438.26222280,0.01998440,0.01998440,35039,107,0
5703.63444880,5703.63511652,1376.15738161,1376.13193637,0.02496448,438.41428828,0.01998439,0.01998440,35038,107,0
5703.79766596,5703.79791550,1382.36373708,1382.35422023,0.06933822,438.56666582,0.01998440,0.01998440,35037,107,0
5703.96032863,5703.96072377,1388.57527294,1388.56019158,0.06120919,438.71791868,0.01998439,0.01998440,35036,107,0
5704.12368853,5704.12354133,1394.79186206,1394.79748434,0.05899455,438.86920515,0.01998440,0.01998440,35035,107,0
5704.28650090,5704.28636818,1401.01337666,1401.01844948,0.04499291,439.01936684,0.01998440,0.01998440,35034,107,0
5704.44819657,5704.44920433,1407.23968836,1407.20114124,0.05114988,439.16788359,0.01998439,0.01998440,35033,107,0
5704.61254227,5704.61204978,1413.47066962,1413.48952040,0.07383456,439.31820164,0.01998440,0.01998440,35032,107,0
5704.77496869,5704.77490452,1419.70625203,1419.70870970,0.06623735,439.46613430,0.01998440,0.01998440,35031,107,0
5704.93793156,5704.93776856,1425.94644667,1425.95269404,0.02753349,439.61392493,0.01998440,0.01998440,35030,107,0
5705.10055406,5705.10064190,1432.19127017,1432.18790114,0.04588180,439.76077607,0.01998440,0.01998440,35029,107,0
5705.26301565,5705.26352454,1438.44073924,1438.42120756,0.07979187,439.90685153,0.01998439,0.01998440,35028,107,0
5705.42657699,5705.42641648,1444.69487066,1444.70103564,0.05512463,440.05327819,0.01998440,0.01998440,35027,107,0
5705.58917210,5705.58931771,1450.95370850,1450.94811204,0.01786907,440.19820519,0.01998440,0.01998440,35026,107,0
5705.75240737,5705.75222825,1457.21745322,1457.22434279,0.03617583,440.34306931,0.01998440,0.01998440,35025,107,0
5705.91465381,5705.91514809,1463.48636182,1463.46733525,0.06459789,440.48643114,0.01998439,0.01998440,35024,107,0
5706.07662039,5706.07807723,1469.76069260,1469.70456712,0.04029076,440.62892853,0.01998439,0.01998440,35023,107,0
5706.24126983,5706.24101568,1476.04070509,1476.05050496,0.03492498,440.77315836,0.01998440,0.01998440,35022,107,0
5706.40256683,5706.40396343,1482.32665317,1482.27275289,0.05663914,440.91384139,0.01998439,0.01998440,35021,107,0
5706.56751673,5706.56692049,1488.61851812,1488.64154919,0.07564648,441.05708354,0.01998440,0.01998440,35020,107,0
5706.72878103,5706.72988685,1494.91592103,1494.87317290,0.04020807,441.19650189,0.01998439,0.01998440,35019,107,0
5706.89249862,5706.89286252,1501.21845670,1501.20437898,0.02296995,441.33739995,0.01998440,0.01998440,35018,107,0
5707.05568195,5707.05584750,1507.52571792,1507.51930925,0.06404657,441.47718455,0.01998440,0.01998440,35017,107,0
5707.21942960,5707.21884179,1513.83729552,1513.86006402,0.03999410,441.61678588,0.01998440,0.01998440,35016,107,0
5707.38173029,5707.38184538,1520.15288438,1520.14842396,0.03483355,441.75448653,0.01998440,0.01998440,35015,107,0
5707.54467976,5707.54485829,1526.47269485,1526.46577143,0.07936470,441.89207274,0.01998440,0.01998440,35014,107,0
5707.70858736,5707.70788050,1532.79709561,1532.82452782,0.04435558,442.02980246,0.01998440,0.01998440,35013,107,0
5707.87078533,5707.87091203,1539.12645717,1539.12153649,0.02755805,442.16544493,0.01998440,0.01998440,35012,107,0
5708.03442416,5708.03395287,1545.46115183,1545.47947059,0.05827355,442.30164277,0.01998440,0.01998440,35011,107,0
5708.19667933,5708.19700302,1551.80154193,1551.78894923,0.04021770,442.43605060,0.01998440,0.01998440,35010,107,0
5708.36101185,5708.36006249,1558.14771714,1558.18468108,0.06356866,442.57153125,0.01998440,0.01998440,35009,107,0
5708.52374757,5708.52313127,1564.49949082,1564.52350619,0.07948012,442.70504690,0.01998440,0.01998440,35008,107,0
5708.68545691,5708.68620937,1570.85666318,1570.82731931,0.03706836,442.83707515,0.01998439,0.01998440,35007,107,0
5708.84997111,5708.84929678,1577.21903347,1577.24535016,0.02436142,442.97072728,0.01998440,0.01998440,35006,107,0
5709.01121097,5709.01239352,1583.58639995,1583.54021682,0.05813925,443.10106151,0.01998439,0.01998440,35005,107,0
5709.17566051,5709.17549957,1589.95863379,1589.96492399,0.03053536,443.23331504,0.01998440,0.01998440,35004,107,0
5709.33858875,5709.33861493,1596.33583610,1596.33481192,0.05566048,443.36367313,0.01998440,0.01998440,35003,107,0
5709.50197468,5709.50173962,1602.71815330,1602.72735331,0.03139656,443.49372703,0.01998440,0.01998440,35002,107,0
5709.66482879,5709.66487363,1609.10573252,1609.10397604,0.04085793,443.62269075,0.01998440,0.01998440,35001,107,0
5709.82771380,5709.82801696,1615.49872160,1615.48683706,0.06693680,443.75101414,0.01998440,0.01998440,35000,107,0
5709.99127964,5709.99116961,1621.89725596,1621.90157254,0.03929008,443.87920569,0.01998440,0.01998440,34999,107,0
5710.15500618,5710.15433159,1628.30133320,1628.32782149,0.07345216,444.00685065,0.01998440,0.01998440,34998,107,0
5710.31730375,5710.31750289,1634.71086784,1634.70304231,0.05677990,444.13271387,0.01998440,0.01998440,34997,107,0
5710.48094879,5710.48068351,1641.12577281,1641.13620518,0.04807214,444.25894543,0.01998440,0.01998440,34996,107,0
5710.64344362,5710.64387346,1647.54596063,1647.52904368,0.05423344,444.38361393,0.01998440,0.01998440,34995,107,0
5710.80690586,5710.80707274,1653.97134463,1653.96477194,0.02172852,444.50834167,0.01998440,0.01998440,34994,107,0
5710.97038875,5710.97028134,1660.40191692,1660.40615067,0.05353709,444.63239812,0.01998440,0.01998440,34993,107,0
5711.13351804,5711.13349927,1666.83779397,1666.83853468,0.03357130,444.75550179,0.01998440,0.01998440,34992,107,0
5711.29609009,5711.29672653,1673.27910368,1673.25397860,0.04951198,444.87750532,0.01998440,0.01998440,34991,107,0
5711.46025273,5711.45996311,1679.72597462,1679.73741746,0.06401330,445.00001461,0.01998440,0.01998440,34990,107,0
5711.62400046,5711.62320903,1686.17853598,1686.20983162,0.03259185,445.12152613,0.01998440,0.01998440,34989,107,0
5711.78653215,5711.78646428,1692.63687555,1692.63956174,0.07031079,445.24145528,0.01998440,0.01998440,34988,107,0
5711.95038617,5711.94972886,1699.10090680,1699.12694179,0.04933176,445.36167077,0.01998440,0.01998440,34987,107,0
5712.11167254,5712.11300277,1705.57049729,1705.51776750,0.06546956,445.47932214,0.01998439,0.01998440,34986,107,0
5712.27650533,5712.27628602,1712.04551390,1712.05421403,0.02873591,445.59885870,0.01998440,0.01998440,34985,107,0
5712.43945782,5712.43957860,1718.52582282,1718.52102799,0.06631781,445.71633007,0.01998440,0.01998440,34984,107,0
5712.60314829,5712.60288051,1725.01130292,1725.02194173,0.03075411,445.83362707,0.01998440,0.01998440,34983,107,0
5712.76622830,5712.76619176,1731.50198635,1731.50343909,0.03846540,445.94978139,0.01998440,0.01998440,34982,107,0
5712.92967690,5712.92951235,1737.99800401,1738.00455142,0.03508066,446.06549245,0.01998440,0.01998440,34981,107,0
5713.09214324,5713.09284228,1744.49948909,1744.47165238,0.05945781,446.17980838,0.01998440,0.01998440,34980,107,0
5713.25598705,5713.25618154,1751.00657543,1750.99882441,0.02233469,446.29438744,0.01998440,0.01998440,34979,107,0
5713.41958109,5713.41953014,1757.51939607,1757.52142824,0.04474184,446.40808470,0.01998440,0.01998440,34978,107,0
5713.58317743,5713.58288808,1764.03801728,1764.04956812,0.01205313,446.52107610,0.01998440,0.01998440,34977,107,0
5713.74537428,5713.74625536,1770.56241224,1770.52720995,0.05281145,446.63240002,0.01998440,0.01998440,34976,107,0
5713.91015899,5713.90963199,1777.09254709,1777.11362001,0.01707836,446.74478281,0.01998440,0.01998440,34975,107,0
5714.07284246,5714.07301795,1783.62838783,1783.62136466,0.05917911,446.85502077,0.01998440,0.01998440,34974,107,0
5714.23712208,5714.23641326,1790.16990023,1790.19828897,0.06527084,446.96562004,0.01998440,0.01998440,34973,107,0
5714.39981829,5714.39981792,1796.71705138,1796.71706654,0.06511654,447.07443740,0.01998440,0.01998440,34972,107,0
5714.56357587,5714.56323191,1803.26981262,1803.28361058,0.06864925,447.18324276,0.01998440,0.01998440,34971,107,0
5714.72673346,5714.72665526,1809.82815590,1809.83129577,0.02235011,447.29092679,0.01998440,0.01998440,34970,107,0
5714.89144661,5714.89008794,1816.39205301,1816.44664236,0.04969679,447.39890332,0.01998440,0.01998440,34969,107,0
5715.05404548,5715.05352998,1822.96147561,1822.98220403,0.01439661,447.50476793,0.01998440,0.01998440,34968,107,0
5715.21714674,5715.21698136,1829.53640711,1829.54306229,0.06021072,447.61023285,0.01998440,0.01998440,34967,107,0
5715.38114109,5715.38044210,1836.11690402,1836.14505478,0.04954770,447.71554033,0.01998440,0.01998440,34966,107,0
5715.54392783,5715.54391218,1842.70305077,1842.70368168,0.06233555,447.81934290,0.01998440,0.01998440,34965,107,0
5715.70731742,5715.70739161,1849.29493228,1849.29193962,0.04724178,447.92279842,0.01998440,0.01998440,34964,107,0
5715.87084773,5715.87088039,1855.89263392,1855.89131505,0.02960367,448.02560854,0.01998440,0.01998440,34963,107,0
5716.03427411,5716.03437853,1862.49624173,1862.49202250,0.04236999,448.12761849,0.01998440,0.01998440,34962,107,0
5716.19792671,5716.19788602,1869.10584572,1869.10749131,0.01598209,448.22903277,0.01998440,0.01998440,34961,107,0
5716.36035525,5716.36140286,1875.72153874,1875.67913549,0.05944613,448.32895867,0.01998440,0.01998440,34960,107,0
5716.52458942,5716.52492905,1882.34341422,1882.32965480,0.04443482,448.42925533,0.01998440,0.01998440,34959,107,0
5716.68926153,5716.68846460,1888.97156604,1889.00388038,0.05022001,448.52907149,0.01998440,0.01998440,34958,107,0
5716.85119221,5716.85200951,1895.60608367,1895.57291349,0.05801597,448.62649467,0.01998440,0.01998440,34957,107,0
5717.01559235,5717.01556377,1902.24690558,1902.24806634,0.05939750,448.72465856,0.01998440,0.01998440,34956,107,0
5717.17924442,5717.17912739,1908.89379255,1908.89855024,0.02149268,448.82162451,0.01998440,0.01998440,34955,107,0
5717.34273834,5717.34270037,1915.54649402,1915.54803898,0.04301520,448.91774250,0.01998440,0.01998440,34954,107,0
5717.50604346,5717.50628271,1922.20475808,1922.19501642,0.05815691,449.01299125,0.01998440,0.01998440,34953,107,0
5717.66980729,5717.66987441,1928.86833328,1928.86559852,0.01048142,449.10774099,0.01998440,0.01998440,34952,107,0
5717.83375315,5717.83347547,1935.53715936,1935.54848301,0.06905336,449.20182439,0.01998440,0.01998440,34951,107,0
5717.99646074,5717.99708589,1942.21153393,1942.18602131,0.06353303,449.29443605,0.01998440,0.01998440,34950,107,0
5718.16104232,5718.16070567,1948.89179526,1948.90554581,0.01611766,449.38734568,0.01998440,0.01998440,34949,107,0
5718.32535263,5718.32433481,1955.57828339,1955.61989401,0.06201046,449.47933352,0.01998440,0.01998440,34948,107,0
5718.48825891,5718.48797332,1962.27134007,1962.28302656,0.03908204,449.56977948,0.01998440,0.01998440,34947,107,0
5718.65159175,5718.65162120,1968.97115572,1968.96994944,0.03596289,449.65970688,0.01998440,0.01998440,34946,107,0
5718.81481049,5718.81527844,1975.67748686,1975.65830289,0.06263335,449.74881021,0.01998440,0.01998440,34945,107,0
5718.97908994,5718.97894504,1982.39001194,1982.39595718,0.05737749,449.83771757,0.01998440,0.01998440,34944,107,0
5719.14238556,5719.14262102,1989.10840763,1989.09873912,0.03287856,449.92531548,0.01998440,0.01998440,34943,107,0
5719.30544591,5719.30630636,1995.83234882,1995.79699022,0.06098775,450.01200792,0.01998440,0.01998440,34942,107,0
5719.46962344,5719.47000107,2002.56158973,2002.54606029,0.04962369,450.09850244,0.01998440,0.01998440,34941,107,0
5719.63426340,5719.63370515,2009.29621845,2009.31919326,0.05026450,450.18444184,0.01998440,0.01998440,34940,107,0
5719.79764271,5719.79741860,2016.03641019,2016.04564061,0.02721319,450.26893274,0.01998440,0.01998440,34939,107,0
5719.96087722,5719.96114142,2022.78234109,2022.77145079,0.06656707,450.35256254,0.01998440,0.01998440,34938,107,0
5720.12415101,5720.12487361,2029.53418825,2029.50437757,0.03681544,450.43542641,0.01998440,0.01998440,34937,107,0
5720.28905791,5720.28861518,2036.29213185,2036.31041213,0.04994903,450.51832115,0.01998440,0.01998440,34936,107,0
5720.45193436,5720.45236612,2043.05636483,2043.03852178,0.01412168,450.59940814,0.01998440,0.01998440,34935,107,0
5720.61591643,5720.61612643,2049.82708534,2049.81839873,0.06852296,450.68025541,0.01998440,0.01998440,34934,107,0
5720.78015899,5720.77989612,2056.60449262,2056.61537629,0.04260236,450.76043637,0.01998440,0.01998440,34933,107,0
5720.94320413,5720.94367519,2063.38878698,2063.36926468,0.05340461,450.83924593,0.01998440,0.01998440,34932,107,0
5721.10725360,5721.10746363,2070.18013882,2070.17142589,0.05854290,450.91774916,0.01998440,0.01998440,34931,107,0
5721.27171501,5721.27126145,2076.97849581,2076.99732962,0.01953666,450.99564908,0.01998440,0.01998440,34930,107,0
5721.43554293,5721.43506865,2083.78370729,2083.80341996,0.06488020,451.07244783,0.01998440,0.01998440,34929,107,0
5721.59857036,5721.59888523,2090.59562131,2090.58252236,0.04345576,451.14807343,0.01998440,0.01998440,34928,107,0
5721.76260078,5721.76271119,2097.41408503,2097.40948799,0.03997591,451.22335687,0.01998440,0.01998440,34927,107,0
5721.92643416,5721.92654653,2104.23895443,2104.23427143,0.05341647,451.29773743,0.01998440,0.01998440,34926,107,0
5722.08988817,5722.09039125,2111.07016782,2111.04918395,0.07039779,451.37113362,0.01998440,0.01998440,34925,107,0
5722.25408055,5722.25424535,2117.90770563,2117.90082567,0.02384367,451.44404210,0.01998440,0.01998440,34924,107,0
5722.41765621,5722.41810884,2124.75154848,2124.73263590,0.03644811,451.51585772,0.01998440,0.01998440,34923,107,0
5722.58170696,5722.58198171,2131.60167689,2131.59018718,0.04423776,451.58705835,0.01998440,0.01998440,34922,107,0
5722.74548646,5722.74586397,2138.45808208,2138.44228125,0.05329313,451.65731611,0.01998440,0.01998440,34921,107,0
5722.90960868,5722.90975561,2145.32085905,2145.31470386,0.05472620,451.72689248,0.01998440,0.01998440,34920,107,0
5723.07287144,5723.07365664,2152.19016093,2152.15723739,0.06708866,451.79528088,0.01998440,0.01998440,34919,107,0
5723.23806913,5723.23756705,2159.06614236,2159.08721437,0.06925152,451.86364277,0.01998440,0.01998440,34918,107,0
5723.40116718,5723.40148686,2165.94895884,2165.93552953,0.01554839,451.93030883,0.01998440,0.01998440,34917,107,0
5723.56538138,5723.56541605,2172.83875193,2172.83729399,0.07122754,451.99659978,0.01998440,0.01998440,34916,107,0
5723.72965319,5723.72935463,2179.73551923,2179.74808518,0.05450041,452.06207676,0.01998440,0.01998440,34915,107,0
5723.89313950,5723.89330260,2186.63917633,2186.63230505,0.03866725,452.12640588,0.01998440,0.01998440,34914,107,0
5724.05692614,5724.05725997,2193.54963740,2193.53556056,0.04902077,452.19001474,0.01998440,0.01998440,34913,107,0
5724.22115152,5724.22122673,2200.46681607,2200.46364178,0.04376991,452.25294812,0.01998440,0.01998440,34912,107,0
5724.38500349,5724.38520288,2207.39062453,2207.38220157,0.03587527,452.31489096,0.01998440,0.01998440,34911,107,0
5724.54891564,5724.54918842,2214.32096583,2214.30943237,0.03601128,452.37600629,0.01998440,0.01998440,34910,107,0
5724.71359189,5724.71318336,2221.25773779,2221.27502549,0.06277886,452.43654680,0.01998440,0.01998440,34909,107,0
5724.87681815,5724.87718769,2228.20083758,2228.18518648,0.06371980,452.49570060,0.01998440,0.01998440,34908,107,0
5725.04139667,5725.04120143,2235.15016173,2235.15843786,0.07263018,452.55448076,0.01998440,0.01998440,34907,107,0
5725.20549473,5725.20522455,2242.10563212,2242.11709368,0.08202593,452.61222287,0.01998440,0.01998440,34906,107,0
5725.37004679,5725.36925708,2249.06737972,2249.10091072,0.06711161,452.66925470,0.01998440,0.01998440,34905,107,0
5725.53415828,5725.53329900,2256.03563756,2256.07215487,0.06821938,452.72526559,0.01998440,0.01998440,34904,107,0
5725.69682827,5725.69735033,2263.01064069,2262.98843397,0.01358058,452.77992823,0.01998440,0.01998440,34903,107,0
5725.86102915,5725.86141105,2269.99262552,2269.97636483,0.07103715,452.83423999,0.01998440,0.01998440,34902,107,0
5726.02473339,5726.02548118,2276.98180255,2276.94993229,0.08199636,452.88752103,0.01998440,0.01998440,34901,107,0
5726.18888511,5726.18956071,2283.97820439,2283.94938288,0.06119079,452.94007655,0.01998440,0.01998440,34900,107,0
5726.35318883,5726.35364964,2290.98179158,2290.96211425,0.07413060,452.99180413,0.01998440,0.01998440,34899,107,0
5726.51586210,5726.51774797,0.00000000,2297.91889637,0.07806850,453.04220152,0.01998440,0.01998440,34898,107,1
5726.68203352,5726.68185571,2305.01036213,2305.01796976,0.05805737,453.09268765,0.01998440,0.01998440,34897,107,0
5726.84665258,5726.84597285,2312.03525282,2312.06436161,0.06596418,453.14185805,0.01998440,0.01998440,34896,107,0
5727.01014506,5727.01009940,2319.06708315,2319.06904008,0.07820915,453.18980808,0.01998440,0.01998440,34895,107,0
5727.17416430,5727.17423536,2326.10572047,2326.10267192,0.07096003,453.23702400,0.01998440,0.01998440,34894,107,0
5727.33775074,5727.33838072,2333.15103129,2333.12398004,0.06749986,453.28322537,0.01998440,0.01998440,34893,107,0
5727.50272822,5727.50253550,2340.20288133,2340.21116388,0.06096841,453.32891604,0.01998440,0.01998440,34892,107,0
5727.66648688,5727.66669968,2347.26122484,2347.25207120,0.05604400,453.37336902,0.01998440,0.01998440,34891,107,0
5727.83092901,5727.83087327,2354.32633496,2354.32873457,0.04975331,453.41710431,0.01998440,0.01998440,34890,107,0
5727.99487083,5727.99505627,2361.39855765,2361.39056548,0.03967655,453.45980504,0.01998440,0.01998440,34889,107,0
5728.15878074,5728.15924869,2368.47824094,2368.45805332,0.04648355,453.50159691,0.01998440,0.01998440,34888,107,0
5728.32577087,5728.32345052,0.00000000,2375.67912267,0.10893441,453.54332250,0.01998441,0.01998440,34887,107,1
5728.48732183,5728.48766176,2382.66122596,2382.64653000,0.04876395,453.58264868,0.01998440,0.01998440,34886,107,0
5728.65088453,5728.65188241,2389.76451169,2389.72132706,0.05425759,453.62164268,0.01998440,0.01998440,34885,107,0
5728.81519235,5728.81611248,2396.87532858,2396.83546950,0.05434741,453.65990012,0.01998440,0.01998440,34884,107,0
5728.97921701,5728.98035197,2403.99341199,2403.94420010,0.06459842,453.69717344,0.01998440,0.01998440,34883,107,0
5729.14408952,5729.14460087,2411.11849787,2411.09630548,0.07401844,453.73371075,0.01998440,0.01998440,34882,107,0
5729.30901777,5729.30885919,2418.25045287,2418.25734115,0.05449503,453.76932547,0.01998440,0.01998440,34881,107,0
5729.47246553,5729.47312693,2425.38934775,2425.36059072,0.02903137,453.80369564,0.01998440,0.01998440,34880,107,0
5729.63685787,5729.63740409,2432.53527123,2432.51150014,0.03369961,453.83733350,0.01998440,0.01998440,34879,107,0
5729.80161702,5729.80169067,2439.68831257,2439.68510454,0.05452625,453.87010734,0.01998440,0.01998440,34878,107,0
5729.96503983,5729.96598666,2446.84856547,2446.80728154,0.06430983,453.90168430,0.01998440,0.01998440,34877,107,0
5730.12934638,5730.13029208,2454.01620680,2453.97493100,0.07537468,453.93249518,0.01998440,0.01998440,34876,107,0
5730.29459460,5730.29460692,2461.19149347,2461.19095516,0.06993235,453.96253334,0.01998440,0.01998440,34875,107,0
5730.46023117,5730.45893119,2468.37468712,2468.43154463,0.05651351,453.99168474,0.01998441,0.01998440,34874,107,0
5730.62220556,5730.62326488,2475.56605098,2475.51966882,0.04017998,454.01926264,0.01998440,0.01998440,34873,107,0
5730.78742912,5730.78760799,2482.76580494,2482.75796441,0.03888532,454.04644495,0.01998440,0.01998440,34872,107,0
5730.95203391,5730.95196053,2489.97374470,2489.97696449,0.05094899,454.07256858,0.01998440,0.01998440,34871,107,0
5731.11699254,5731.11632250,2497.18943001,2497.21885999,0.06837214,454.09778543,0.01998440,0.01998440,34870,107,0
5731.28103116,5731.28069389,2504.41241541,2504.42724274,0.03234156,454.12190123,0.01998440,0.01998440,34869,107,0
5731.44522250,5731.44507471,2511.64225258,2511.64875533,0.04505437,454.14507616,0.01998440,0.01998440,34868,107,0
5731.60998726,5731.60946496,2518.87860872,2518.90161007,0.07030033,454.16735952,0.01998440,0.01998440,34867,107,0
5731.77457860,5731.77386464,2526.12168857,2526.15315856,0.05733628,454.18864480,0.01998441,0.01998440,34866,107,0
5731.93748144,5731.93827375,2533.37185191,2533.33689588,0.04592664,454.20875092,0.01998440,0.01998440,34865,107,0
5732.10209051,5732.10269229,2540.62946080,2540.60288434,0.04673004,454.22809489,0.01998440,0.01998440,34864,107,0
5732.26723437,5732.26712026,2547.89487878,2547.89992340,0.05755413,454.24651707,0.01998440,0.01998440,34863,107,0
5732.43112329,5732.43155767,2555.16832901,2555.14910553,0.05744432,454.26382168,0.01998440,0.01998440,34862,107,0
5732.59571252,5732.59600451,2562.44972777,2562.43679248,0.03978367,454.28021678,0.01998440,0.01998440,34861,107,0
5732.76075821,5732.76046078,2569.73895053,2569.75214000,0.03199676,454.29566426,0.01998440,0.01998440,34860,107,0
5732.92460267,5732.92492649,2577.03587195,2577.02149762,0.06908120,454.31001234,0.01998440,0.01998440,34859,107,0
5733.08894004,5733.08940164,2584.34037042,2584.31986028,0.03728873,454.32341254,0.01998440,0.01998440,34858,107,0
5733.25411899,5733.25388622,2591.65243300,2591.66278569,0.05899689,454.33587815,0.01998440,0.01998440,34857,107,0
5733.41905638,5733.41838024,2598.97215898,2599.00226115,0.06186961,454.34731907,0.01998440,0.01998440,34856,107,0
5733.58285632,5733.58288370,2606.29965336,2606.29843291,0.04143930,454.35768285,0.01998440,0.01998440,34855,107,0
5733.74627285,5733.74739660,2613.63502177,2613.58488979,0.02272561,454.36702818,0.01998440,0.01998440,34854,107,0
5733.91159957,5733.91191894,2620.97837158,2620.96410946,0.06016018,454.37546918,0.01998440,0.01998440,34853,107,0
5734.07182481,5734.07645072,0.00000000,2628.13890415,0.05027092,454.38268895,0.01998439,0.01998440,34852,107,1
5734.24082188,5734.24099194,2635.68948340,2635.68187269,0.05345900,454.38922941,0.01998440,0.01998440,34851,107,0
5734.40507023,5734.40554261,2643.05748671,2643.03632380,0.05731221,454.39457032,0.01998440,0.01998440,34850,107,0
5734.57029855,5734.57010271,2650.43395036,2650.44273375,0.03971795,454.39891510,0.01998440,0.01998440,34849,107,0
5734.73464179,5734.73467227,2657.81894469,2657.81757631,0.06827311,454.40221043,0.01998440,0.01998440,34848,107,0
5734.89898356,5734.89925126,2665.21239405,2665.20036156,0.05183210,454.40447888,0.01998440,0.01998440,34847,107,0
5735.06328447,5735.06383971,2672.61419676,2672.58921361,0.03622301,454.40571691,0.01998440,0.01998440,34846,107,0
5735.22758240,5735.22843760,2680.02425041,2679.98572992,0.06093418,454.40592186,0.01998440,0.01998440,34845,107,0
5735.39282003,5735.39304494,2687.44245593,2687.43231494,0.04198270,454.40508273,0.01998440,0.01998440,34844,107,0
5735.55918781,5735.55766172,2694.86882090,2694.93770382,0.05557273,454.40317549,0.01998441,0.01998440,34843,107,0
5735.72253341,5735.72228796,2702.30346911,2702.31456003,0.05405228,454.40026243,0.01998440,0.01998440,34842,107,0
5735.88563411,5735.88692364,2709.74653094,2709.68820084,0.04570258,454.39632176,0.01998440,0.01998440,34841,107,0
5736.05103551,5736.05156878,2717.19813761,2717.17398945,0.05991613,454.39126888,0.01998440,0.01998440,34840,107,0
5736.21625126,5736.21622337,2724.65838570,2724.65964995,0.02270143,454.38515585,0.01998440,0.01998440,34839,107,0
5736.38091892,5736.38088741,2732.12714398,2732.12857399,0.06619746,454.37799978,0.01998440,0.01998440,34838,107,0
5736.54505084,5736.54556090,2739.60418985,2739.58101823,0.04135359,454.36980742,0.01998440,0.01998440,34837,107,0
5736.71021476,5736.71024385,2747.08929891,2747.08797598,0.05214381,454.36049262,0.01998440,0.01998440,34836,107,0
5736.87492749,5736.87493626,2754.58224654,2754.58184749,0.03648973,454.35013042,0.01998440,0.01998440,34835,107,0
5737.03989329,5737.03963811,2762.08297588,2762.09460294,0.06012288,454.33867534,0.01998440,0.01998440,34834,107,0
5737.20516928,5737.20434943,2769.59176648,2769.62916090,0.03584094,454.32611422,0.01998441,0.01998440,34833,107,0
5737.36873025,5737.36907020,2777.10893955,2777.09341693,0.06522734,454.31261088,0.01998440,0.01998440,34832,107,0
5737.53454894,5737.53380043,2784.63481848,2784.66903432,0.05991612,454.29782789,0.01998441,0.01998440,34831,107,0
5737.69807318,5737.69854012,2792.16970917,2792.14833974,0.05580498,454.28216724,0.01998440,0.01998440,34830,107,0
5737.86287768,5737.86328927,2799.71368814,2799.69483033,0.02745601,454.26529278,0.01998440,0.01998440,34829,107,0
5738.02819811,5738.02804789,2807.26668154,2807.27357206,0.05790800,454.24726133,0.01998440,0.01998440,34828,107,0
5738.19297107,5738.19281596,2814.82861237,2814.83573507,0.06365779,454.22818563,0.01998440,0.01998440,34827,107,0
5738.35737137,5738.35759349,2822.39940308,2822.38919184,0.03914633,454.20805124,0.01998440,0.01998440,34826,107,0
5738.52166337,5738.52238049,2829.97899086,2829.94598794,0.05227567,454.18682714,0.01998440,0.01998440,34825,107,0
5738.68727690,5738.68717695,2837.56735673,2837.57196159,0.03448999,454.16431279,0.01998440,0.01998440,34824,107,0
5738.85209754,5738.85198288,2845.16448957,2845.16977830,0.06752031,454.14078665,0.01998440,0.01998440,34823,107,0
5739.01722354,5739.01679827,2852.77037813,2852.79001441,0.05412286,454.11609332,0.01998441,0.01998440,34822,107,0
5739.18150765,5739.18162313,2860.38500810,2860.37967010,0.03634426,454.09040626,0.01998440,0.01998440,34821,107,0
5739.34705486,5739.34645745,2868.00831668,2868.03596043,0.03676646,454.06338860,0.01998441,0.01998440,34820,107,0
5739.51186824,5739.51130125,2875.64020101,2875.66646514,0.03040696,454.03535759,0.01998441,0.01998440,34819,107,0
5739.67490054,5739.67615451,2883.28055636,2883.22240934,0.05705406,454.00651407,0.01998440,0.01998440,34818,107,0
5739.83989785,5739.84101724,2890.92927721,2890.87731700,0.05432321,453.97619031,0.01998440,0.01998440,34817,107,0
5740.00556530,5740.00588945,2898.58634555,2898.57128330,0.03607946,453.94459365,0.01998440,0.01998440,34816,107,0
5740.16993360,5740.17077112,2906.25202999,2906.21307063,0.05276051,453.91210158,0.01998440,0.01998440,34815,107,0
5740.33492658,5740.33566227,2913.92665913,2913.89239812,0.04007712,453.87833577,0.01998440,0.01998440,34814,107,0
5740.50014896,5740.50056289,2921.61056386,2921.59126465,0.03291575,453.84336289,0.01998440,0.01998440,34813,107,0
5740.66467572,5740.66547298,2929.30405824,2929.26684195,0.06839341,453.80737826,0.01998440,0.01998440,34812,107,0
5740.83093000,5740.83039255,2937.00715624,2937.03227459,0.04194773,453.76983682,0.01998441,0.01998440,34811,107,0
5740.99593073,5740.99532159,2944.71963044,2944.74813137,0.05113812,453.73140374,0.01998441,0.01998440,34810,107,0
5741.15967152,5741.16026011,2952.44124503,2952.41367488,0.04898289,453.69210457,0.01998440,0.01998440,34809,107,0
5741.32466132,5741.32520811,2960.17176265,2960.14612293,0.05012521,453.65133467,0.01998440,0.01998440,34808,107,0
5741.48974732,5741.49016558,2967.91106927,2967.89143496,0.04546446,453.60936145,0.01998440,0.01998440,34807,107,0
5741.65476343,5741.65513253,2975.65939434,2975.64204821,0.06499877,453.56622186,0.01998440,0.01998440,34806,107,0
5741.82029648,5741.82010897,2983.41702767,2983.42585032,0.03324027,453.52175214,0.01998441,0.01998440,34805,107,0
5741.98487794,5741.98509488,2991.18426113,2991.17404204,0.05719630,453.47634583,0.01998440,0.01998440,34804,107,0
5742.15068837,5742.15009027,2998.96136726,2998.98957608,0.03243059,453.42939254,0.01998441,0.01998440,34803,107,0
5742.31446991,5742.31509515,3006.74839172,3006.71886708,0.04083276,453.38181910,0.01998440,0.01998440,34802,107,0
5742.48048316,5742.48010951,3014.54524183,3014.56290716,0.06036743,453.33238204,0.01998441,0.01998441,34801,107,0
5742.64479260,5742.64513335,3022.35182220,3022.33569302,0.02976422,453.28224398,0.01998440,0.01998441,34800,107,0
5742.81020940,5742.81016668,3030.16803763,3030.17006215,0.05410046,453.23055017,0.01998440,0.01998441,34799,107,0
5742.97462524,5742.97520949,3037.99387653,3037.96615670,0.04088571,453.17795427,0.01998440,0.01998441,34798,107,0
5743.13939537,5743.14026179,3045.82947919,3045.78832274,0.05641655,453.12402486,0.01998440,0.01998441,34797,107,0
5743.30482060,5743.30532357,3053.67500278,3053.65108159,0.05661956,453.06864693,0.01998440,0.01998441,34796,107,0
5743.47046960,5743.47039485,3061.53060561,3061.53416545,0.03193610,453.01194958,0.01998441,0.01998441,34795,107,0
5743.63547094,5743.63547561,3069.39638061,3069.39615825,0.06416575,452.95423082,0.01998441,0.01998441,34794,107,0
5743.80007003,5743.80056586,3077.27204937,3077.24838220,0.05557715,452.89541436,0.01998440,0.01998441,34793,107,0
5743.96666308,5743.96566560,3085.15720194,3085.20486812,0.04521950,452.83462483,0.01998441,0.01998441,34792,107,0
5744.12982448,5744.13077483,3093.05142513,3093.00596301,0.05725079,452.77385743,0.01998440,0.01998441,34791,107,0
5744.29660930,5744.29589356,3100.95432680,3100.98860113,0.05257072,452.71048166,0.01998441,0.01998441,34790,107,0
5744.46077183,5744.46102177,3108.86601055,3108.85402853,0.05417519,452.64685490,0.01998441,0.01998441,34789,107,0
5744.62543168,5744.62615948,3116.78704977,3116.75211936,0.04447448,452.58178374,0.01998440,0.01998441,34788,107,0
5744.79209574,5744.79130669,3124.71804031,3124.75595747,0.05368945,452.51463483,0.01998441,0.01998441,34787,107,0
5744.95659980,5744.95646339,3132.65958155,3132.66614518,0.07253022,452.44707825,0.01998441,0.01998441,34786,107,0
5745.12159270,5745.12162958,3140.61203047,3140.61025320,0.04742466,452.37803795,0.01998441,0.01998441,34785,107,0
5745.28678845,5745.28680528,3148.57516739,3148.57435560,0.00917203,452.30762273,0.01998441,0.01998441,34784,107,0
5745.45166392,5745.45199047,3156.54868793,3156.53291607,0.06256166,452.23605506,0.01998440,0.01998441,34783,107,0
5745.61766151,5745.61718516,3164.53228533,3164.55532056,0.06807732,452.16269769,0.01998441,0.01998441,34782,107,0
5745.78222364,5745.78238934,3172.52570963,3172.51768741,0.07002104,452.08868248,0.01998441,0.01998441,34781,107,0
5745.94654264,5745.94760303,3180.52906611,3180.47766736,0.02407346,452.01348767,0.01998440,0.01998441,34780,107,0
5746.11133358,5746.11282622,0.00000000,3188.47208821,0.05499825,451.93675804,0.01998440,0.01998441,34779,107,1
5746.27605651,5746.27805891,0.00000000,3196.47136105,0.01807193,451.85876859,0.01998440,0.01998441,34778,107,1
5746.44340863,5746.44330110,3204.60111905,3204.60635080,0.05569476,451.77821124,0.01998441,0.01998441,34777,107,0
5746.60749136,5746.60855280,3212.64635140,3212.59464359,0.05488311,451.69788508,0.01998440,0.01998441,34776,107,0
5746.77504847,5746.77381400,3220.70204983,3220.76226129,0.05679913,451.61450423,0.01998441,0.01998441,34775,107,0
5746.93924561,5746.93908471,3228.76802475,3228.77588230,0.05286648,451.53146560,0.01998441,0.01998441,34774,107,0
5747.10453492,5747.10436492,3236.84408705,3236.85239852,0.06211264,451.44654264,0.01998441,0.01998441,34773,107,0
5747.27001613,5747.26965464,3244.93020476,3244.94789988,0.03351586,451.36017822,0.01998441,0.01998441,34772,107,0
5747.43561639,5747.43495386,3253.02661477,3253.05908580,0.03888158,451.27239951,0.01998441,0.01998441,34771,107,0
5747.60026575,5747.60026260,3261.13358189,3261.13373680,0.02330265,451.18377638,0.01998441,0.01998441,34770,107,0
5747.76533832,5747.76558084,3269.25137295,3269.23945671,0.06237058,451.09356804,0.01998441,0.01998441,34769,107,0
5747.93101315,5747.93090859,3277.38019538,3277.38533949,0.06565011,451.00165680,0.01998441,0.01998441,34768,107,0
5748.09670489,5748.09624586,3285.52004833,3285.54266201,0.06809580,450.90835474,0.01998441,0.01998441,34767,107,0
5748.26227528,5748.26159263,3293.67088615,3293.70455944,0.05558936,450.81373662,0.01998441,0.01998441,34766,107,0
5748.42781387,5748.42694892,3301.83266272,3301.87538315,0.05994351,450.71774879,0.01998441,0.01998441,34765,107,0
5748.59119266,5748.59231472,3310.00533346,3309.94984399,0.05624548,450.62164834,0.01998440,0.01998441,34764,107,0
5748.75773410,5748.75769004,3318.18886628,3318.19104823,0.04971138,450.52228745,0.01998441,0.01998441,34763,107,0
5748.92314019,5748.92307487,3326.38323412,3326.38647278,0.06833007,450.42220022,0.01998441,0.01998441,34762,107,0
5749.08898122,5749.08846921,3334.58840965,3334.61382650,0.05846831,450.32044082,0.01998441,0.01998441,34761,107,0
5749.25358253,5749.25387307,3342.80437866,3342.78993741,0.04756451,450.21804241,0.01998441,0.01998441,34760,107,0
5749.42013282,5749.41928645,3351.03130528,3351.07342748,0.05141969,450.11300517,0.01998441,0.01998441,34759,107,0
5749.58424072,5749.58470935,3359.26948189,3359.24612838,0.05260930,450.00809630,0.01998440,0.01998441,34758,107,0
5749.74960620,5749.75014177,3367.51920589,3367.49248018,0.05457251,449.90095688,0.01998440,0.01998441,34757,107,0
5749.91490745,5749.91558371,3375.78076860,3375.74697564,0.04192061,449.79241879,0.01998440,0.01998441,34756,107,0
5750.08063672,5750.08103516,3384.05422037,3384.03428246,0.02386879,449.68214799,0.01998441,0.01998441,34755,107,0
5750.24611908,5750.24649614,3392.33933744,3392.32044442,0.07365684,449.57058877,0.01998441,0.01998441,34754,107,0
5750.41285204,5750.41196664,3400.63587950,3400.68030133,0.07255159,449.45671631,0.01998441,0.01998441,34753,107,0
5750.57738638,5750.57744667,3408.94360588,3408.94057716,0.02910079,449.34289693,0.01998441,0.01998441,34752,107,0
5750.74313164,5750.74293622,3417.26240467,3417.27223473,0.02618707,449.22678153,0.01998441,0.01998441,34751,107,0
5750.90893548,5750.90843529,3425.59238380,3425.61757603,0.04087873,449.10915403,0.01998441,0.01998441,34750,107,0
5751.07524378,5751.07394389,3433.93367331,3433.99922839,0.05270634,448.98968354,0.01998441,0.01998441,34749,107,0
5751.23993756,5751.23946201,3442.28640428,3442.31041798,0.06698604,448.86990006,0.01998441,0.01998441,34748,107,0
5751.40539481,5751.40498967,3450.65071773,3450.67120372,0.04080327,448.74807817,0.01998441,0.01998441,34747,107,0
5751.57001147,5751.57052685,3459.02677730,3459.00068200,0.02926843,448.62539228,0.01998441,0.01998441,34746,107,0
5751.73522122,5751.73607356,3467.41475111,3467.37153523,0.06118628,448.50076939,0.01998440,0.01998441,34745,107,0
5751.90184467,5751.90162980,3475.81480858,3475.82571829,0.04069838,448.37355503,0.01998441,0.01998441,34744,107,0
5752.06820546,5752.06719557,3484.22705325,3484.27840087,0.03703944,448.24500599,0.01998441,0.01998441,34743,107,0
5752.23263978,5752.23277087,3492.65136947,3492.64469521,0.06683095,448.11643428,0.01998441,0.01998441,34742,107,0
5752.39840024,5752.39835570,3501.08759563,3501.08986636,0.05281191,447.98530188,0.01998441,0.01998441,34741,107,0
5752.56434755,5752.56395007,3509.53556867,3509.55585987,0.04711642,447.85248623,0.01998441,0.01998441,34740,107,0
5752.72950935,5752.72955397,3517.99512332,3517.99284246,0.03668758,447.71877103,0.01998441,0.01998441,34739,107,0
5752.89386061,5752.89516740,3526.46608971,3526.39920596,0.06565059,447.58419605,0.01998440,0.01998441,34738,107,0
5753.06054965,5753.06079038,3534.94829561,3534.93595943,0.05039653,447.44615961,0.01998441,0.01998441,34737,107,0
5753.22575277,5753.22642288,3543.44156725,3543.40718399,0.06986388,447.30781395,0.01998441,0.01998441,34736,107,0
5753.39247112,5753.39206493,3551.94587478,3551.96674291,0.04516917,447.16664067,0.01998441,0.01998441,34735,107,0
5753.55802028,5753.55771651,3560.46191159,3560.47753887,0.07034416,447.02489127,0.01998441,0.01998441,34734,107,0
5753.72305902,5753.72337763,3568.99060148,3568.97418599,0.03839520,446.88200446,0.01998441,0.01998441,34733,107,0
5753.88850673,5753.88904829,3577.53287628,3577.50492971,0.05727322,446.73716400,0.01998441,0.01998441,34732,107,0
5754.05319457,5754.05472849,0.00000000,3586.01879704,0.04681445,446.59123109,0.01998440,0.01998441,34731,107,1
5754.22020659,5754.22041824,3594.65975361,3594.64879835,0.03545895,446.44190159,0.01998441,0.01998441,34730,107,0
5754.38614853,5754.38611752,3603.24280256,3603.24440953,0.03767656,446.29176002,0.01998441,0.01998441,34729,107,0
5754.55190939,5754.55182635,3611.83758557,3611.84189523,0.03364366,446.14018085,0.01998441,0.01998441,34728,107,0
5754.71715203,5754.71754472,3620.44334734,3620.42294220,0.06456615,445.98749047,0.01998441,0.01998441,34727,107,0
5754.88236071,5754.88327264,3629.06081476,3629.01336381,0.05057445,445.83323122,0.01998440,0.01998441,34726,107,0
5755.04869094,5755.04901010,3637.69124906,3637.67461646,0.06881397,445.67627975,0.01998441,0.01998441,34725,107,0
5755.21330665,5755.21475711,0.00000000,3646.27394968,0.05687955,445.51903940,0.01998440,0.01998441,34724,107,1
5755.38153140,5755.38051367,3654.99583570,3655.04905163,0.06746440,445.35713575,0.01998441,0.01998441,34723,107,0
5755.54681800,5755.54627977,3663.67042172,3663.69860935,0.07056075,445.19611564,0.01998441,0.01998441,34722,107,0
5755.71254662,5755.71205542,3672.35857391,3672.38433562,0.05239554,445.03299073,0.01998441,0.01998441,34721,107,0
5755.87947382,5755.87784062,0.00000000,3681.14687425,0.04741740,444.86696962,0.01998441,0.01998441,34720,107,1
5756.04309457,5756.04363538,3689.77136570,3689.74292900,0.06118614,444.70268408,0.01998441,0.01998441,34719,107,0
5756.20921553,5756.20943968,3698.49561738,3698.48381503,0.06358715,444.53418965,0.01998441,0.01998441,34718,107,0
5756.37524097,5756.37525354,3707.23281339,3707.23215067,0.03760555,444.36409675,0.01998441,0.01998441,34717,107,0
5756.53996740,5756.54107694,3715.98384581,3715.92524548,0.07547708,444.19363608,0.01998440,0.01998441,34716,107,0
5756.70556576,5756.70690991,0.00000000,3724.67459326,0.06848817,444.02062106,0.01998440,0.01998441,34715,107,1
5756.87177218,5756.87275242,3733.52903597,3733.47710305,0.04770952,443.84508546,0.01998441,0.01998441,34714,107,0
5757.03827735,5757.03860450,3742.32223254,3742.30487551,0.06257072,443.66756586,0.01998441,0.01998441,34713,107,0
5757.20509753,5757.20446613,3751.12834140,3751.16188739,0.04304938,443.48796851,0.01998441,0.01998441,34712,107,0
5757.37191551,5757.37033731,0.00000000,3760.01802146,0.06834834,443.30689686,0.01998441,0.01998441,34711,107,1
5757.53792074,5757.53621806,0.00000000,3768.85581678,0.04982572,443.12471272,0.01998441,0.01998441,34710,107,1
5757.70247562,5757.70210836,3777.62243318,3777.64202730,0.05807398,442.94211894,0.01998441,0.01998441,34709,107,0
5757.86687555,5757.86800822,3786.47997265,3786.41945422,0.05551840,442.75824115,0.01998441,0.01998441,34708,107,0
5758.03408053,5758.03391764,3795.35107138,3795.35978722,0.04115725,442.56944368,0.01998441,0.01998441,34707,107,0
5758.19867691,5758.19983663,3804.23585746,3804.17371004,0.05680695,442.38182689,0.01998441,0.01998441,34706,107,0
5758.36531521,5758.36576517,3813.13444056,3813.11029141,0.05799004,442.19008988,0.01998441,0.01998441,34705,107,0
5758.53377795,5758.53170328,0.00000000,3822.15275233,0.07107511,441.99453431,0.01998442,0.01998441,34704,107,1
5758.69811248,5758.69765095,3830.97338995,3830.99823459,0.07224101,441.80173309,0.01998441,0.01998441,34703,107,0
5758.86583213,5758.86360819,0.00000000,3840.03180883,0.08377261,441.60329518,0.01998442,0.01998441,34702,107,1
5759.03055546,5759.02957499,3848.86814185,3848.92108038,0.04978030,441.40651098,0.01998441,0.01998441,34701,107,0
5759.19487937,5759.19555136,3857.83639608,3857.80005916,0.06612497,441.20845323,0.01998441,0.01998441,34700,107,0
5759.36229283,5759.36153730,3866.81885890,3866.85977727,0.07412471,441.00481711,0.01998441,0.01998441,34699,107,0
5759.52491082,5759.52753280,0.00000000,3875.68202866,0.05290253,440.80501703,0.01998440,0.01998441,34698,107,1
5759.69350134,5759.69353787,3884.82897942,3884.82699442,0.05530459,440.59634443,0.01998441,0.01998441,34697,107,0
5759.86172785,5759.85955252,0.00000000,3893.98550580,0.04733352,440.38576709,0.01998442,0.01998441,34696,107,1
5760.02590456,5760.02557673,3902.90265452,3902.92052888,0.08932727,440.17878939,0.01998441,0.01998441,34695,107,0
5760.19248401,5760.19161051,3911.96239412,3912.01009369,0.09395008,439.96667211,0.01998441,0.01998441,34694,107,0
5760.35576740,5760.35765387,0.00000000,3920.93797854,0.05802188,439.75679647,0.01998440,0.01998441,34693,107,1
5760.52533605,5760.52370679,0.00000000,3930.21794279,0.06120274,439.53703551,0.01998441,0.01998441,34692,107,1
5760.69089927,5760.68976930,3939.22491917,3939.28689971,0.08057865,439.32068710,0.01998441,0.01998441,34691,107,0
5760.85696543,5760.85584137,3948.34181950,3948.40358128,0.07656197,439.10162157,0.01998441,0.01998441,34690,107,0
5761.02329590,5761.02192302,0.00000000,3957.55664975,0.08452254,438.88008937,0.01998441,0.01998441,34689,107,1
5761.18997887,5761.18801425,0.00000000,3966.73698473,0.03775055,438.65629454,0.01998442,0.01998441,34688,107,1
5761.35266434,5761.35411506,0.00000000,3975.71138936,0.05408358,438.43596823,0.01998440,0.01998441,34687,107,1
5761.52154618,5761.52022544,0.00000000,3985.04256201,0.08803116,438.20525634,0.01998441,0.01998441,34686,107,1
5761.68589584,5761.68634540,3994.17039864,3994.14550104,0.03929976,437.97858933,0.01998441,0.01998441,34685,107,0
5761.85275648,5761.85247494,4003.37709680,4003.39271044,0.06914043,437.74671373,0.01998441,0.01998441,34684,107,0
5762.01748400,5762.01861407,4012.59795213,4012.53518183,0.05512568,437.51586305,0.01998441,0.01998441,34683,107,0
5762.18442784,5762.18476277,4021.83510481,4021.81646684,0.05702688,437.27987845,0.01998441,0.01998441,34682,107,0
5762.35022099,5762.35092105,4031.09059437,4031.05156052,0.06228987,437.04343936,0.01998441,0.01998441,34681,107,0
5762.51701633,5762.51708892,4040.36451974,4040.36046495,0.04556888,436.80346605,0.01998441,0.01998441,34680,107,0
5762.68612964,5762.68326637,0.00000000,4049.80971034,0.06784600,436.55818624,0.01998442,0.01998441,34679,107,1
5762.85176085,5762.84945341,0.00000000,4059.08171968,0.13730993,436.31585324,0.01998442,0.01998441,34678,107,1
5763.01444649,5763.01565003,4068.28208766,4068.21454429,0.07532852,436.07555642,0.01998441,0.01998441,34677,107,0
5763.17963029,5763.18185624,0.00000000,4077.48104151,0.08919286,435.83011793,0.01998440,0.01998441,34676,107,1
5763.34742258,5763.34807203,4086.96640502,4086.92984436,0.06799654,435.57816568,0.01998441,0.01998441,34675,107,0
nan,nan,0.00000000,-1.00000000,0.00000000,435.36162777,nan,0.00000000,-2147483648,107,1
nan,nan,0.00000000,-1.00000000,0.00000000,428.36612607,nan,0.00000000,-2147483648,106,1
nan,nan,0.00000000,-1.00000000,0.00000000,428.87036274,nan,0.00000000,-2147483648,106,1
nan,nan,0.00000000,-1.00000000,0.00000000,429.12177149,nan,0.00000000,-2147483648,106,1
nan,nan,0.00000000,-1.00000000,0.00000000,429.22220254,nan,0.00000000,-2147483648,106,1
5718.83859791,nan,0.00000000,23.67475444,0.20693980,429.45665259,0.01998448,0.01998440,34945,106,1
5718.98552851,5718.97894504,0.00000000,28.48134104,0.14298732,429.69728321,0.01998442,0.01998440,34944,106,1
nan,nan,0.00000000,-1.00000000,0.00000000,429.97302305,nan,0.00000000,-2147483648,106,1
5719.29498665,nan,0.00000000,38.61208775,0.11168172,430.20302405,0.01998436,0.01998440,34942,106,1
5719.46493965,5719.47000107,0.00000000,44.18009457,0.06069908,430.48015977,0.01998438,0.01998440,34941,106,1
5719.63998255,5719.63370515,0.00000000,49.91801173,0.17165953,430.76513879,0.01998442,0.01998440,34940,106,1
5719.95944165,5719.96114142,60.44483775,60.38903932,0.04768449,431.28358683,0.01998439,0.01998440,34938,106,0
5719.95944165,5719.96114142,60.44483775,60.38903932,0.04768449,431.28358683,0.01998439,0.01998440,34938,106,0
5720.12080926,5720.12487361,0.00000000,65.69606531,0.12438311,431.54555963,0.01998439,0.01998440,34937,106,1
5720.12080926,5720.12487361,0.00000000,65.69606531,0.12438311,431.54555963,0.01998439,0.01998440,34937,106,1
nan,nan,0.00000000,-1.00000000,0.00000000,432.10178437,nan,0.00000000,-2147483648,106,1
5720.61126701,5720.61612643,0.00000000,81.81521858,0.04498336,432.33798940,0.01998438,0.01998440,34934,106,1
5720.79278064,nan,0.00000000,87.78720353,0.13523224,432.63032907,0.01998445,0.01998440,34933,106,1
5720.94516682,5720.94367519,92.74327269,92.79237844,0.15680535,432.87482206,0.01998440,0.01998440,34932,106,0
5721.11890764,nan,0.00000000,98.52589352,0.18704271,433.15431083,0.01998444,0.01998440,34931,106,1
nan,nan,0.00000000,-1.00000000,0.00000000,433.42057422,nan,0.00000000,-2147483648,106,1
5721.43326098,5721.43506865,108.93375687,108.87414700,0.14397838,433.65717835,0.01998439,0.01998440,34929,106,0
5721.43326098,5721.43506865,108.93375687,108.87414700,0.14397838,433.65717835,0.01998439,0.01998440,34929,106,0
5721.74727483,nan,0.00000000,119.24865712,0.00997900,434.15928909,0.01998435,0.01998440,34927,106,1
5721.74727483,nan,0.00000000,119.24865712,0.00997900,434.15928909,0.01998435,0.01998440,34927,106,1
5722.10738414,nan,0.00000000,131.14364887,0.21900073,434.73248444,0.01998446,0.01998440,34925,106,1
5722.27556258,nan,0.00000000,136.70362556,0.06754115,434.99949088,0.01998448,0.01998440,34924,106,1
5722.58227434,5722.58198171,146.82841601,146.83810319,0.25512970,435.48467473,0.01998440,0.01998440,34922,106,0
5723.05930973,nan,0.00000000,162.65455281,0.27433057,436.23800076,0.01998435,0.01998440,34919,106,1
5723.23946450,5723.23756705,0.00000000,168.62912933,0.14995915,436.52133493,0.01998441,0.01998440,34918,106,1
5723.73457093,5723.72935463,0.00000000,185.06683881,0.13392673,437.29738358,0.01998442,0.01998440,34915,106,1
5724.29523541,nan,0.00000000,203.71348520,0.06742612,438.17153689,0.01998466,0.01998440,34912,106,1
5724.55477132,5724.54918842,0.00000000,212.35686398,0.06290953,438.57450886,0.01998442,0.01998440,34910,106,1
5725.21439550,5725.20522455,0.00000000,234.35797916,0.06204008,439.59387540,0.01998443,0.01998440,34906,106,1
5725.52504692,5725.53329900,0.00000000,244.73618693,0.16669730,440.07154881,0.01998437,0.01998440,34904,106,1
5725.68761050,nan,0.00000000,250.17138209,0.05728682,440.32090028,0.01998437,0.01998440,34903,106,1
5726.02537906,5726.02548118,261.46018518,261.45676676,0.14418361,440.83685944,0.01998440,0.01998440,34901,106,0
nan,nan,0.00000000,-1.00000000,0.00000000,441.36211805,nan,0.00000000,-2147483648,106,1
5726.52912296,nan,0.00000000,278.35407697,0.17541451,441.60489327,0.01998444,0.01998440,34898,106,1
5726.68137877,5726.68185571,283.45803698,283.44203430,0.08255607,441.83509975,0.01998440,0.01998440,34897,106,0
5726.84315698,5726.84597285,0.00000000,288.89167128,0.20566650,442.08112818,0.01998439,0.01998440,34896,106,1
5727.01485666,5727.01009940,0.00000000,294.65787261,0.09057326,442.34083737,0.01998442,0.01998440,34895,106,1
5727.17456351,5727.17423536,299.99311450,300.00414409,0.08213627,442.58107187,0.01998440,0.01998440,34894,106,0
5727.33698112,5727.33838072,305.51180339,305.46473413,0.01729511,442.82588596,0.01998440,0.01998440,34893,106,0
5727.50677924,5727.50253550,0.00000000,311.19667647,0.05029697,443.08225972,0.01998442,0.01998440,34892,106,1
5727.67159559,5727.66669968,0.00000000,316.74409033,0.20702154,443.32978915,0.01998442,0.01998440,34891,106,1
5727.82951893,5727.83087327,322.08880243,322.04317689,0.03745869,443.56569529,0.01998440,0.01998440,34890,106,0
5727.99367445,5727.99505627,327.62146991,327.57489174,0.04711325,443.81139190,0.01998440,0.01998440,34889,106,0
5728.16139954,5728.15924869,333.15765743,333.23020059,0.12282000,444.06198067,0.01998441,0.01998440,34888,106,0
5728.32361864,5728.32345052,338.69737689,338.70305047,0.02860909,444.30390958,0.01998440,0.01998440,34887,106,0
5728.48371066,5728.48766176,0.00000000,344.12382124,0.04889319,444.54297875,0.01998439,0.01998440,34886,106,1
5728.65580946,5728.65188241,0.00000000,349.93572031,0.08684161,444.79868126,0.01998442,0.01998440,34885,106,1
5728.81246849,5728.81611248,0.00000000,355.22918240,0.12846190,445.03101942,0.01998439,0.01998440,34884,106,1
5728.98231367,5728.98035197,360.89155644,360.95791037,0.11343331,445.28186593,0.01998441,0.01998440,34883,106,0
5729.14568549,5729.14460087,366.44875437,366.48546135,0.10991109,445.52331601,0.01998440,0.01998440,34882,106,0
5729.30890668,5729.30885919,372.00931754,372.01092552,0.05205940,445.76409839,0.01998440,0.01998440,34881,106,0
5729.46918125,5729.47312693,0.00000000,377.45028215,0.14622627,446.00056546,0.01998439,0.01998440,34880,106,1
5729.63897279,5729.63740409,383.14035167,383.19352740,0.10169110,446.24963733,0.01998441,0.01998440,34879,106,0
5729.80231918,5729.80169067,388.71080665,388.73212355,0.12598055,446.48924418,0.01998440,0.01998440,34878,106,0
5729.96631967,5729.96598666,394.28462129,394.29592198,0.10373186,446.72935825,0.01998440,0.01998440,34877,106,0
5730.13119901,5730.13029208,399.86185537,399.89264901,0.12572484,446.97030384,0.01998440,0.01998440,34876,106,0
5730.29479195,5730.29460692,405.44256886,405.44885467,0.06908141,447.20892004,0.01998440,0.01998440,34875,106,0
5730.45361985,5730.45893119,0.00000000,410.85490855,0.05857253,447.44052850,0.01998438,0.01998440,34874,106,1
5730.62273597,5730.62326488,416.61467281,416.59668304,0.13514901,447.68591594,0.01998440,0.01998440,34873,106,0
5730.78639540,5730.78760799,422.20614248,422.16487435,0.11593367,447.92329057,0.01998440,0.01998440,34872,106,0
5730.95145437,5730.95196053,427.80122251,427.78398612,0.11807444,448.16224270,0.01998440,0.01998440,34871,106,0
5731.11652127,5731.11632250,433.39990352,433.40667633,0.09113054,448.40075050,0.01998440,0.01998440,34870,106,0
5731.27641789,5731.28069389,0.00000000,438.86225868,0.07833384,448.63159944,0.01998439,0.01998440,34869,106,1
5731.44621734,5731.44507471,444.60803082,444.64700927,0.08546476,448.87576330,0.01998441,0.01998440,34868,106,0
5731.60954432,5731.60946496,450.21745836,450.22016708,0.10597199,449.11039890,0.01998440,0.01998440,34867,106,0
5731.77752501,5731.77386464,0.00000000,455.95895870,0.09011336,449.35139530,0.01998442,0.01998440,34866,106,1
5731.93532145,5731.93827375,0.00000000,461.34885057,0.09354988,449.57717394,0.01998439,0.01998440,34865,106,1
5732.10275561,5732.10269229,467.06716422,467.06932923,0.07351451,449.81620093,0.01998440,0.01998440,34864,106,0
5732.26652274,5732.26712026,472.69088274,472.67044055,0.12909053,450.04964192,0.01998440,0.01998440,34863,106,0
5732.43153138,5732.43155767,478.31818079,478.31728086,0.06898447,450.28438952,0.01998440,0.01998440,34862,106,0
5732.59383265,5732.59600451,483.94906078,483.87467206,0.03180463,450.51483114,0.01998440,0.01998440,34861,106,0
5732.75939417,5732.76046078,489.58349955,489.54694600,0.02277313,450.74943553,0.01998440,0.01998440,34860,106,0
5732.92653567,5732.92492649,495.22143262,495.27661100,0.07025683,450.98579728,0.01998441,0.01998440,34859,106,0
5733.08723136,5733.08940164,500.86279154,500.78833287,0.10065308,451.21258388,0.01998440,0.01998440,34858,106,0
5733.25362624,5733.25388622,506.50750759,506.49858343,0.06844556,451.44693470,0.01998440,0.01998440,34857,106,0
5733.42437769,5733.41838024,0.00000000,512.35873311,0.12196822,451.68679782,0.01998442,0.01998440,34856,106,1
5733.58235908,5733.58288370,517.80673530,517.78870845,0.08807974,451.90847510,0.01998440,0.01998440,34855,106,0
5733.75192745,5733.74739660,0.00000000,523.61559089,0.06763095,452.14573730,0.01998442,0.01998440,34854,106,1
5733.91719139,5733.91191894,0.00000000,529.30017946,0.06064821,452.37658828,0.01998442,0.01998440,34853,106,1
5734.07667620,5734.07645072,534.78054913,534.78831028,0.09356267,452.59888276,0.01998440,0.01998440,34852,106,0
5734.23893020,5734.24099194,540.44586469,540.37485444,0.07731059,452.82457990,0.01998440,0.01998440,34851,106,0
5734.40580541,5734.40554261,546.11521343,546.12427092,0.08248421,453.05624242,0.01998440,0.01998440,34850,106,0
5734.57503378,5734.57010271,0.00000000,551.96129627,0.07608102,453.29079714,0.01998442,0.01998440,34849,106,1
5734.73332906,5734.73467227,557.46672867,557.42037014,0.04970680,453.50958271,0.01998440,0.01998440,34848,106,0
5734.89967185,5734.89925126,563.14879315,563.16331852,0.03807279,453.73913854,0.01998441,0.01998440,34847,106,0
5735.06557670,5735.06383971,568.83475104,568.89477630,0.12877150,453.96761488,0.01998441,0.01998440,34846,106,0
5735.22782055,5735.22843760,574.52435603,574.50302094,0.04879572,454.19057980,0.01998440,0.01998440,34845,106,0
5735.39388905,5735.39304494,580.21736088,580.24656240,0.10227329,454.41830884,0.01998441,0.01998440,34844,106,0
5735.55937026,5735.55766172,585.91351740,585.97265120,0.09046149,454.64472660,0.01998441,0.01998440,34843,106,0
5735.72080428,5735.72228796,591.61268416,591.56130847,0.02165153,454.86511386,0.01998440,0.01998440,34842,106,0
5735.88702645,5735.88692364,597.31504310,597.31860496,0.10298430,455.09153545,0.01998440,0.01998440,34841,106,0
5736.05235672,5736.05156878,603.02083752,603.04815148,0.03541802,455.31624515,0.01998441,0.01998440,34840,106,0
5736.21695233,5736.21622337,608.73031171,608.75559646,0.08782652,455.53947259,0.01998441,0.01998440,34839,106,0
5736.38030385,5736.38088741,614.44371088,614.42345633,0.00942109,455.76054391,0.01998440,0.01998440,34838,106,0
5736.54556540,5736.54556090,620.16128120,620.16143737,0.08169644,455.98373325,0.01998440,0.01998440,34837,106,0
5736.70981648,5736.71024385,625.88317644,625.86832250,0.07515820,456.20509729,0.01998440,0.01998440,34836,106,0
5736.87667445,5736.87493626,631.60924718,631.66970082,0.10179857,456.42949721,0.01998441,0.01998440,34835,106,0
5737.03840422,5737.03963811,637.33928173,637.29634105,0.06864937,456.64653201,0.01998440,0.01998440,34834,106,0
5737.20612202,5737.20434943,643.07306756,643.13479132,0.14030670,456.87110587,0.01998441,0.01998440,34833,106,0
5737.37027673,5737.36907020,648.81039127,648.85242659,0.08118089,457.09040978,0.01998441,0.01998440,34832,106,0
5737.53399980,5737.53380043,654.55103867,654.55798820,0.01404037,457.30863623,0.01998440,0.01998440,34831,106,0
5737.69794931,5737.69854012,660.29488750,660.27428260,0.08311319,457.52665775,0.01998440,0.01998440,34830,106,0
5737.86192441,5737.86328927,666.04211971,665.99449346,0.05462401,457.74421202,0.01998440,0.01998440,34829,106,0
5738.02904566,5738.02804789,671.79298033,671.82781784,0.06182042,457.96543304,0.01998441,0.01998440,34828,106,0
5738.19474525,5738.19281596,677.54771537,677.61512026,0.03358048,458.18427488,0.01998441,0.01998440,34827,106,0
5738.35626818,5738.35759349,683.30657182,683.26023745,0.08578347,458.39713183,0.01998440,0.01998440,34826,106,0
5738.52204725,5738.52238049,689.06979760,689.05813879,0.09397370,458.61512443,0.01998440,0.01998440,34825,106,0
5738.68893356,5738.68717695,694.83753810,694.89904012,0.01802815,458.83409307,0.01998441,0.01998440,34824,106,0
5738.84980832,5738.85198288,0.00000000,700.54008681,0.01411340,459.04495898,0.01998440,0.01998440,34823,106,1
5739.01758573,5739.01679827,706.38580782,706.41341416,0.06876143,459.26387037,0.01998441,0.01998440,34822,106,0
5739.18019443,5739.18162313,712.16586523,712.11574942,0.05333886,459.47578647,0.01998440,0.01998440,34821,106,0
5739.34708193,5739.34645745,717.94955488,717.97147235,0.09815659,459.69276513,0.01998441,0.01998440,34820,106,0
5739.51182527,5739.51130125,723.73663864,723.75503991,0.04843991,459.90643580,0.01998441,0.01998440,34819,106,0
5739.67507732,5739.67615451,729.52698347,729.48913801,0.08639536,460.11765652,0.01998440,0.01998440,34818,106,0
5739.83724646,5739.84101724,0.00000000,735.19435869,0.06425721,460.32719854,0.01998439,0.01998440,34817,106,1
5740.00553414,5740.00588945,741.11811948,741.10562221,0.06559276,460.54366111,0.01998440,0.01998440,34816,106,0
5740.17115423,5740.17077112,746.91931621,746.93279967,0.09241788,460.75640006,0.01998441,0.01998440,34815,106,0
5740.33319585,5740.33566227,0.00000000,752.64813168,0.07291368,460.96443418,0.01998440,0.01998440,34814,106,1
5740.49888816,5740.50056289,758.53398667,758.47496604,0.05550102,461.17589326,0.01998440,0.01998440,34813,106,0
5740.66475941,5740.66547298,764.34778507,764.32262014,0.07976744,461.38746471,0.01998440,0.01998440,34812,106,0
5740.82883711,5740.83039255,770.16586359,770.11097216,0.06103999,461.59625602,0.01998440,0.01998440,34811,106,0
5740.99458560,5740.99532159,775.98812765,775.96213760,0.03875829,461.80667145,0.01998440,0.01998440,34810,106,0
5741.15913136,5741.16026011,781.81448225,781.77459715,0.10345016,462.01505630,0.01998440,0.01998440,34809,106,0
5741.32499075,5741.32520811,787.64483199,787.63714676,0.06409756,462.22459215,0.01998440,0.01998440,34808,106,0
5741.48948151,5741.49016558,793.47908171,793.45488011,0.09163771,462.43188607,0.01998440,0.01998440,34807,106,0
5741.65551515,5741.65513253,799.31718601,799.33073079,0.02144770,462.64060355,0.01998441,0.01998440,34806,106,0
5741.81753362,5741.82010897,0.00000000,805.08150243,0.06512802,462.84424824,0.01998440,0.01998440,34805,106,1
5741.98705392,5741.98509488,811.00513177,811.07456845,0.04247759,463.05581002,0.01998441,0.01998440,34804,106,0
5742.15120361,5742.15009027,816.85507335,816.89455933,0.01439040,463.26061447,0.01998441,0.01998440,34803,106,0
5742.31577064,5742.31509515,822.70906112,822.73303358,0.07456668,463.46542820,0.01998441,0.01998440,34802,106,0
5742.47920727,5742.48010951,828.56714498,828.53510494,0.10224240,463.66832879,0.01998440,0.01998441,34801,106,0
5742.64492726,5742.64513335,834.42935102,834.42202747,0.03447955,463.87354853,0.01998440,0.01998441,34800,106,0
5742.80772336,5742.81016668,0.00000000,840.22443026,0.07641950,464.07518309,0.01998440,0.01998441,34799,106,1
5742.97225426,5742.97520949,0.00000000,846.07675180,0.07743222,464.27790994,0.01998440,0.01998441,34798,106,1
5743.14081635,5743.14026179,852.04065082,852.06039505,0.05166836,464.48451884,0.01998441,0.01998441,34797,106,0
5743.30458294,5743.30532357,857.91929012,857.89290435,0.03087010,464.68526020,0.01998440,0.01998441,34796,106,0
5743.47036227,5743.47039485,863.80202513,863.80086387,0.07727543,464.88794516,0.01998440,0.01998441,34795,106,0
5743.63212962,5743.63547561,0.00000000,869.58567481,0.06632539,465.08576828,0.01998439,0.01998441,34794,106,1
5743.80164684,5743.80056586,875.58007621,875.61866367,0.10773638,465.29140693,0.01998441,0.01998441,34793,106,0
5743.96407384,5743.96566560,881.47562475,881.41876469,0.01870328,465.48846114,0.01998440,0.01998441,34792,106,0
5744.13119101,5744.13077483,887.37567902,887.39055618,0.07246327,465.69068643,0.01998441,0.01998441,34791,106,0
5744.29548601,5744.29589356,893.28035742,893.26577792,0.06047290,465.88898614,0.01998440,0.01998441,34790,106,0
5744.45793896,5744.46102177,0.00000000,899.09098164,0.07651255,466.08495587,0.01998439,0.01998441,34789,106,1
5744.62670418,5744.62615948,905.10375820,905.12327193,0.04607149,466.28721886,0.01998441,0.01998441,34788,106,0
5744.79084563,nan,0.00000000,911.01224626,0.07122680,466.48401544,0.01998440,0.01998441,34787,106,1
5744.95717981,5744.95646339,916.94458900,916.97028758,0.04865633,466.68245551,0.01998441,0.01998441,34786,106,0
5745.12015770,5745.12162958,922.87092525,922.81809777,0.04781292,466.87657418,0.01998440,0.01998441,34785,106,0
5745.28659457,5745.28680528,928.80087813,928.79331151,0.07511882,467.07425692,0.01998441,0.01998441,34784,106,0
5745.45084991,5745.45199047,934.73426043,934.69328141,0.06194182,467.26879068,0.01998440,0.01998441,34783,106,0
5745.61822841,5745.61718516,940.67122050,940.70872490,0.06848408,467.46645704,0.01998441,0.01998441,34782,106,0
5745.78242691,5745.78238934,946.61202068,946.61337196,0.09300390,467.65982005,0.01998441,0.01998441,34781,106,0
5745.94750712,5745.94760303,952.55692451,952.55347214,0.03341136,467.85368170,0.01998441,0.01998441,34780,106,0
5746.11278567,5746.11282622,958.50619667,958.50473592,0.06295730,468.04724148,0.01998441,0.01998441,34779,106,0
5746.27811991,5746.27805891,964.46010282,964.46230161,0.02884293,468.24033836,0.01998441,0.01998441,34778,106,0
5746.44082841,5746.44330110,0.00000000,970.32802987,0.06668452,468.42980576,0.01998440,0.01998441,34777,106,1
5746.60820425,5746.60855280,976.38214917,976.36956669,0.07812203,468.62427476,0.01998441,0.01998441,34776,106,0
5746.77327278,5746.77381400,982.34993839,982.33038779,0.06802962,468.81547218,0.01998440,0.01998441,34775,106,0
5746.93823207,5746.93908471,988.32196625,988.29114670,0.05457845,469.00599873,0.01998440,0.01998441,34774,106,0
5747.10437922,5747.10436492,994.29802760,994.29854481,0.08200861,469.19733930,0.01998441,0.01998441,34773,106,0
5747.26882961,5747.26965464,1000.27791890,1000.24806254,0.06173669,469.38616676,0.01998440,0.01998441,34772,106,0
5747.43460102,5747.43495386,1006.26157366,1006.24879755,0.07239309,469.57594483,0.01998441,0.01998441,34771,106,0
5747.59930279,5747.60026260,1012.24913218,1012.21435709,0.06514260,469.76393858,0.01998440,0.01998441,34770,106,0
5747.76400063,5747.76558084,1018.24075240,1018.18346285,0.07580162,469.95137361,0.01998440,0.01998441,34769,106,0
5747.93002273,nan,0.00000000,1024.19786716,0.05189987,470.13955274,0.01998440,0.01998441,34768,106,1
5748.09659686,nan,0.00000000,1030.24349314,0.06714553,470.32802256,0.01998441,0.01998441,34767,106,1
5748.26182645,5748.26159263,1036.24156350,1036.25005772,0.04949770,470.51459337,0.01998441,0.01998441,34766,106,0
5748.42680583,5748.42694892,1042.25086004,1042.24565827,0.04098523,470.70014644,0.01998441,0.01998441,34765,106,0
5748.59251046,nan,0.00000000,1048.26618653,0.07602310,470.88579017,0.01998441,0.01998441,34764,106,1
5748.75785382,5748.75769004,1054.28273789,1054.28869997,0.04426910,471.07081260,0.01998441,0.01998441,34763,106,0
5748.92276197,5748.92307487,1060.30513761,1060.29374010,0.08844073,471.25461856,0.01998441,0.01998441,34762,106,0
5749.08763448,5749.08846921,1066.33172280,1066.30129754,0.09386163,471.43782248,0.01998440,0.01998441,34761,106,0
5749.25240748,5749.25387307,1072.36241713,1072.30896444,0.06436370,471.62035052,0.01998440,0.01998441,34760,106,0
5749.41936321,5749.41928645,1078.39723127,1078.40003232,0.05700782,471.80471907,0.01998441,0.01998441,34759,106,0
5749.58366787,5749.58470935,1084.43620653,1084.39817399,0.06025249,471.98559257,0.01998440,0.01998441,34758,106,0
5749.74877796,5749.75014177,1090.47938440,1090.42954902,0.01105347,472.16678554,0.01998440,0.01998441,34757,106,0
5749.91408385,5749.91558371,1096.52680656,1096.47196461,0.08168953,472.34762376,0.01998440,0.01998441,34756,106,0
5750.08067681,5750.08103516,1102.57851501,1102.56540314,0.07026942,472.52929324,0.01998441,0.01998441,34755,106,0
5750.24695071,5750.24649614,1108.63458414,1108.65122767,0.08419385,472.71003835,0.01998441,0.01998441,34754,106,0
5750.41268089,5750.41196664,1114.69516215,1114.72133169,0.05644458,472.88962236,0.01998441,0.01998441,34753,106,0
5750.57643478,5750.57744667,1120.76040803,1120.72330649,0.05112901,473.06650908,0.01998440,0.01998441,34752,106,0
5750.74291163,5750.74293622,1126.83048150,1126.82957933,0.05300560,473.24577403,0.01998441,0.01998441,34751,106,0
5750.90954630,5750.90843529,1132.90554295,1132.94634156,0.04116966,473.42464356,0.01998441,0.01998441,34750,106,0
5751.07418671,5751.07394389,1138.98574371,1138.99466775,0.06259047,473.60081964,0.01998441,0.01998441,34749,106,0
5751.23894255,5751.23946201,1145.07103253,1145.05192722,0.04799272,473.77656614,0.01998440,0.01998441,34748,106,0
5751.40474495,5751.40498967,1151.16116620,1151.15215919,0.07594874,473.95286177,0.01998441,0.01998441,34747,106,0
5751.56943489,5751.57052685,1157.25589296,1157.21567617,0.06064874,474.12740255,0.01998440,0.01998441,34746,106,0
5751.73544954,5751.73607356,1163.35495988,1163.33196286,0.05799830,474.30276156,0.01998440,0.01998441,34745,106,0
5751.90146281,5751.90162980,1169.45811291,1169.45195522,0.07757410,474.47752240,0.01998441,0.01998441,34744,106,0
5752.06763288,5752.06719557,1175.56515620,1175.58129157,0.06443925,474.65184383,0.01998441,0.01998441,34743,106,0
5752.23313024,5752.23277087,1181.67623846,1181.68950629,0.04318038,474.82486144,0.01998441,0.01998441,34742,106,0
5752.39920783,5752.39835570,1187.79163371,1187.82311531,0.05630286,474.99789210,0.01998441,0.01998441,34741,106,0
5752.56505824,5752.56395007,1193.91161739,1193.95258785,0.04716895,475.17009907,0.01998441,0.01998441,34740,106,0
5752.72907149,5752.72955397,1200.03646616,1200.01861474,0.04704409,475.33982772,0.01998440,0.01998441,34739,106,0
5752.89425488,5752.89516740,1206.16645670,1206.13266706,0.05000375,475.51019972,0.01998440,0.01998441,34738,106,0
5753.06226534,5753.06079038,1212.30172164,1212.35638119,0.04834438,475.68290533,0.01998441,0.01998441,34737,106,0
5753.22607876,5753.22642288,1218.44211466,1218.42935229,0.07421081,475.85072552,0.01998441,0.01998441,34736,106,0
5753.39111637,5753.39206493,1224.58745705,1224.55225274,0.08415407,476.01922316,0.01998440,0.01998441,34735,106,0
5753.55796728,5753.55771651,1230.73756925,1230.74688271,0.06470463,476.18897715,0.01998441,0.01998441,34734,106,0
5753.72349954,5753.72337763,1236.89227087,1236.89680158,0.04227642,476.35679193,0.01998441,0.01998441,34733,106,0
5753.88849255,5753.88904829,1243.05139408,1243.03072670,0.01937734,476.52346168,0.01998440,0.01998441,34732,106,0
5754.05394914,5754.05472849,1249.21493276,1249.18592990,0.04995154,476.68999825,0.01998440,0.01998441,34731,106,0
5754.21970147,5754.22041824,1255.38298904,1255.35629724,0.05122514,476.85622990,0.01998440,0.01998441,34730,106,0
5754.38583578,5754.38611752,1261.55566748,1261.54516840,0.07956819,477.02224075,0.01998441,0.01998441,34729,106,0
5754.55199278,5754.55182635,1267.73307311,1267.73927956,0.05802892,477.18767089,0.01998441,0.01998441,34728,106,0
5754.71761208,5754.71754472,1273.91531143,1273.91782529,0.04844455,477.35196648,0.01998441,0.01998441,34727,106,0
5754.88259621,5754.88327264,1280.10245949,1280.07719703,0.01758481,477.51503761,0.01998440,0.01998441,34726,106,0
5755.04860778,5755.04901010,1286.29450345,1286.27946712,0.05157336,477.67852355,0.01998441,0.01998441,34725,106,0
5755.21480768,5755.21475711,1292.49141142,1292.49330269,0.06299928,477.84158890,0.01998441,0.01998441,34724,106,0
5755.38022782,5755.38051367,1298.69315134,1298.68245263,0.06761610,478.00328465,0.01998441,0.01998441,34723,106,0
5755.54628321,5755.54627977,1304.89969102,1304.89981977,0.05253385,478.16499231,0.01998441,0.01998441,34722,106,0
5755.71136632,5755.71205542,1311.11099785,1311.08516932,0.05060656,478.32514593,0.01998441,0.01998441,34721,106,0
5755.87839138,5755.87784062,1317.32703392,1317.34769160,0.04356150,478.48656478,0.01998441,0.01998441,34720,106,0
5756.04350192,5756.04363538,1323.54775643,1323.54274739,0.06854081,478.64551906,0.01998441,0.01998441,34719,106,0
5756.20922604,5756.20943968,1329.77312216,1329.76509791,0.04770167,478.80444722,0.01998441,0.01998441,34718,106,0
5756.37443324,5756.37525354,1336.00308769,1335.97225694,0.02113962,478.96226202,0.01998440,0.01998441,34717,106,0
5756.54173279,5756.54107694,1342.23760937,1342.26227554,0.04908669,479.12144445,0.01998441,0.01998441,34716,106,0
5756.70717835,5756.70690991,1348.47667732,1348.48678020,0.06609528,479.27823658,0.01998441,0.01998441,34715,106,0
5756.87300191,5756.87275242,1354.72041718,1354.72981311,0.03952477,479.43476368,0.01998441,0.01998441,34714,106,0
5757.03797866,5757.03860450,1360.96898907,1360.94540186,0.04873758,479.58987470,0.01998441,0.01998441,34713,106,0
5757.20421631,5757.20446613,1367.22255387,1367.21313120,0.03014280,479.74555135,0.01998441,0.01998441,34712,106,0
5757.37110915,5757.37033731,1373.48127318,1373.51040783,0.05562838,479.90121805,0.01998441,0.01998441,34711,106,0
5757.53746234,5757.53621806,1379.74530337,1379.79230911,0.04719826,480.05576183,0.01998441,0.01998441,34710,106,0
5757.70179283,5757.70210836,1386.01466144,1386.00273237,0.03422865,480.20781785,0.01998441,0.01998441,34709,106,0
5757.86866419,5757.86800822,1392.28922297,1392.31404204,0.03897561,480.36160108,0.01998441,0.01998441,34708,106,0
5758.03425961,5758.03391764,1398.56885670,1398.58180480,0.07771982,480.51358210,0.01998441,0.01998441,34707,106,0
5758.19955915,5758.19983663,1404.85343074,1404.84291672,0.03745512,480.66466448,0.01998441,0.01998441,34706,106,0
5758.36646432,5758.36576517,1411.14281256,1411.16932235,0.02844853,480.81657387,0.01998441,0.01998441,34705,106,0
5758.53185449,5758.53170328,1417.43689537,1417.44263285,0.06238563,480.96646539,0.01998441,0.01998441,34704,106,0
5758.69790687,5758.69765095,1423.73567236,1423.74538937,0.05911146,481.11631543,0.01998441,0.01998441,34703,106,0
5758.86390095,5758.86360819,1430.03916064,1430.05028427,0.04418894,481.26546916,0.01998441,0.01998441,34702,106,0
5759.02906948,5759.02957499,1436.34737738,1436.32815661,0.05146289,481.41324115,0.01998441,0.01998441,34701,106,0
5759.19527727,5759.19555136,1442.66033981,1442.64991110,0.05285881,481.56129742,0.01998441,0.01998441,34700,106,0
5759.36125780,5759.36153730,1448.97807245,1448.96743061,0.04307281,481.70850402,0.01998441,0.01998441,34699,106,0
5759.52721378,5759.52753280,1455.30072676,1455.28857110,0.05094957,481.85504412,0.01998441,0.01998441,34698,106,0
5759.69283752,5759.69353787,1461.62856344,1461.60185665,0.07607588,482.00065244,0.01998441,0.01998441,34697,106,0
5759.85876700,5759.85955252,1467.96184798,1467.93186911,0.03240801,482.14589438,0.01998440,0.01998441,34696,106,0
5760.02552359,5760.02557673,1474.30084710,1474.29881734,0.06725363,482.29122404,0.01998441,0.01998441,34695,106,0
5760.19196158,5760.19161051,1480.64582860,1480.65925076,0.05463036,482.43564420,0.01998441,0.01998441,34694,106,0
5760.35836592,5760.35765387,1486.99689916,1487.02414666,0.02683209,482.57940449,0.01998441,0.01998441,34693,106,0
5760.52344112,5760.52370679,1493.35371982,1493.34354517,0.08417201,482.72138385,0.01998441,0.01998441,34692,106,0
5760.68940966,5760.68976930,1499.71587402,1499.70209059,0.04066162,482.86348516,0.01998441,0.01998441,34691,106,0
5760.85571151,5760.85584137,1506.08294314,1506.07796248,0.02610452,483.00521066,0.01998441,0.01998441,34690,106,0
5761.02261623,5761.02192302,1512.45450653,1512.48110883,0.07795398,483.14677348,0.01998441,0.01998441,34689,106,0
5761.18715326,5761.18801425,1518.83019097,1518.79713073,0.04795354,483.28565519,0.01998441,0.01998441,34688,106,0
5761.35439965,5761.35411506,1525.21010198,1525.22103656,0.04419839,483.42614008,0.01998441,0.01998441,34687,106,0
5761.51968801,5761.52022544,1531.59461567,1531.57395220,0.06096383,483.56430972,0.01998441,0.01998441,34686,106,0
5761.68680152,5761.68634540,1537.98411303,1538.00166330,0.05655354,483.70333414,0.01998441,0.01998441,34685,106,0
5761.85266770,5761.85247494,1544.37897690,1544.38639995,0.06342030,483.84066037,0.01998441,0.01998441,34684,106,0
5762.01873533,5762.01861407,1550.77958835,1550.78426209,0.03484230,483.97750045,0.01998441,0.01998441,34683,106,0
5762.18450096,5762.18476277,1557.18611142,1557.17601211,0.03420366,484.11344165,0.01998441,0.01998441,34682,106,0
5762.35072982,5762.35092105,1563.59837086,1563.59098810,0.06623578,484.24910487,0.01998441,0.01998441,34681,106,0
5762.51679716,5762.51708892,1570.01616119,1570.00488840,0.04213512,484.38397220,0.01998441,0.01998441,34680,106,0
5762.68307607,5762.68326637,1576.43927591,1576.43191766,0.05764472,484.51834014,0.01998441,0.01998441,34679,106,0
5762.84902745,5762.84945341,1582.86750748,1582.85102529,0.04261335,484.65176767,0.01998441,0.01998441,34678,106,0
5763.01573153,5763.01565003,1589.30070216,1589.30385814,0.05095071,484.78511579,0.01998441,0.01998441,34677,106,0
5763.18104949,5763.18185624,1595.73894484,1595.70768290,0.05431472,484.91667759,0.01998441,0.01998441,34676,106,0
5763.34842653,5763.34807203,1602.18238615,1602.19613369,0.01578910,485.04919202,0.01998441,0.01998441,34675,106,0
5763.51362074,5763.51429741,1608.63117744,1608.60491525,0.05915031,485.17930277,0.01998441,0.01998441,34674,106,0
5763.68033313,5763.68053238,1615.08547081,1615.07773131,0.02740512,485.30993016,0.01998441,0.01998441,34673,106,0
5763.84689721,5763.84677694,1621.54540886,1621.55008418,0.04903210,485.43976102,0.01998441,0.01998441,34672,106,0
5764.01315775,5764.01303109,1628.01099978,1628.01592747,0.01441887,485.56867534,0.01998441,0.01998441,34671,106,0
5764.17918704,5764.17929484,1634.48215645,1634.47795946,0.06625494,485.69672881,0.01998441,0.01998441,34670,106,0
5764.34464342,5764.34556817,1640.95878928,1640.92275483,0.02320581,485.82365924,0.01998441,0.01998441,34669,106,0
5764.51216801,5764.51185110,1647.44080823,1647.45316671,0.06134597,485.95147984,0.01998441,0.01998441,34668,106,0
5764.67820238,5764.67814362,1653.92812399,1653.93041717,0.04683457,486.07746837,0.01998441,0.01998441,34667,106,0
5764.84434826,5764.84444573,1660.42072687,1660.41691989,0.04778170,486.20284689,0.01998441,0.01998441,34666,106,0
5765.01110029,5765.01075744,1666.91873625,1666.93213721,0.02198374,486.32798465,0.01998441,0.01998441,34665,106,0
5765.17759479,5765.17707875,1673.42228377,1673.44247035,0.04292302,486.45223196,0.01998441,0.01998441,34664,106,0
5765.34305367,5765.34340965,1679.93150175,1679.91756487,0.02271846,486.57501687,0.01998441,0.01998441,34663,106,0
5765.51029999,5765.50975015,1686.44652316,1686.46806776,0.06290754,486.69843019,0.01998441,0.01998441,34662,106,0
5765.67691746,5765.67610025,1692.96743275,1692.99948080,0.02770282,486.82068120,0.01998441,0.01998441,34661,106,0
5765.84244363,5765.84245995,1699.49413595,1699.49349520,0.05663809,486.94143760,0.01998441,0.01998441,34660,106,0
5766.00856560,5766.00882925,1706.02649641,1706.01614034,0.04958249,487.06192884,0.01998441,0.01998441,34659,106,0
5766.17464041,5766.17520815,1712.56437707,1712.54205903,0.05493226,487.18168066,0.01998441,0.01998441,34658,106,0
5766.34201864,5766.34159665,1719.10764015,1719.12424112,0.03257244,487.30165444,0.01998441,0.01998441,34657,106,0
5766.50692004,5766.50799476,1725.65616739,1725.61385649,0.06106412,487.41914415,0.01998441,0.01998441,34656,106,0
5766.67350359,5766.67440247,1732.21000968,1732.17459440,0.02775042,487.53711724,0.01998441,0.01998441,34655,106,0
5766.84120881,5766.84081978,1738.76930283,1738.78464225,0.06919326,487.65515923,0.01998441,0.01998441,34654,106,0
5767.00754631,5767.00724670,1745.33418399,1745.34600687,0.06062374,487.77152006,0.01998441,0.01998441,34653,106,0
5767.17329187,5767.17368323,1751.90479100,1751.88933461,0.01624868,487.88675559,0.01998441,0.01998441,34652,106,0
5767.34058799,5767.34012936,1758.48125836,1758.49938689,0.06046125,488.00234956,0.01998441,0.01998441,34651,106,0
5767.50665613,5767.50658510,1765.06363585,1765.06644585,0.01062234,488.11637887,0.01998441,0.01998441,34650,106,0
5767.67331160,5767.67305045,1771.65189201,1771.66223177,0.07048340,488.23009153,0.01998441,0.01998441,34649,106,0
5767.83938413,5767.83952541,1778.24599198,1778.24039362,0.05955332,488.34268638,0.01998441,0.01998441,34648,106,0
5768.00611036,5768.00600998,1784.84590071,1784.84988182,0.03335156,488.45499874,0.01998441,0.01998441,34647,106,0
5768.17325154,5768.17250416,1791.45158296,1791.48124762,0.06442294,488.56685816,0.01998441,0.01998441,34646,106,0
5768.33943455,5768.33900795,1798.06300570,1798.07995150,0.04316974,488.67734667,0.01998441,0.01998441,34645,106,0
5768.50522779,5768.50552136,1804.68013980,1804.66846916,0.05952268,488.78684858,0.01998441,0.01998441,34644,106,0
5768.67252301,5768.67204438,1811.30295637,1811.32199984,0.06382841,488.89660352,0.01998441,0.01998441,34643,106,0
5768.83814091,5768.83857701,1817.93142633,1817.91406132,0.02605178,489.00452440,0.01998441,0.01998441,34642,106,0
5769.00469940,5769.00511926,1824.56552046,1824.54878899,0.04566116,489.11231958,0.01998441,0.01998441,34641,106,0
5769.17236164,5769.17167112,1831.20523528,1831.23277443,0.07586946,489.22007897,0.01998441,0.01998441,34640,106,0
5769.33905501,5769.33823261,1837.85064351,1837.88346866,0.03770693,489.32646873,0.01998441,0.01998441,34639,106,0
5769.50485400,5769.50480371,1844.50183220,1844.50384138,0.04653086,489.43154830,0.01998441,0.01998441,34638,106,0
5769.67197932,5769.67138442,1851.15888888,1851.18267255,0.04945521,489.53672154,0.01998441,0.01998441,34637,106,0
5769.83784220,5769.83797476,1857.82190150,1857.81659704,0.06746884,489.64035820,0.01998441,0.01998441,34636,106,0
5770.00485561,5770.00457472,1864.49095936,1864.50220830,0.05570508,489.74396602,0.01998441,0.01998441,34635,106,0
5770.17073416,5770.17118430,1871.16615643,1871.14811376,0.04164949,489.84612644,0.01998441,0.01998441,34634,106,0
5770.33753716,5770.33780350,1877.84758850,1877.83690336,0.06931802,489.94810843,0.01998441,0.01998441,34633,106,0
5770.50486963,5770.50443233,1884.53535186,1884.55291131,0.05206642,490.04965996,0.01998441,0.01998441,34632,106,0
5770.67105806,5770.67107078,1891.22954329,1891.22903236,0.06773126,490.14976872,0.01998441,0.01998441,34631,106,0
5770.83856364,5770.83771885,1897.93023182,1897.96421506,0.01651079,490.24991485,0.01998441,0.01998441,34630,106,0
5771.00467097,5771.00437655,1904.63726592,1904.64911972,0.05873482,490.34847090,0.01998441,0.01998441,34629,106,0
5771.17090539,5771.17104387,1911.35038921,1911.34480894,0.05425547,490.44634460,0.01998441,0.01998441,34628,106,0
5771.33762446,5771.33772083,1918.06934330,1918.06545704,0.03030472,490.54373640,0.01998441,0.01998441,34627,106,0
5771.50459152,5771.50440741,1924.79386837,1924.80129856,0.06485307,490.64049718,0.01998441,0.01998441,34626,106,0
5771.67040434,5771.67110362,1931.52373207,1931.49549073,0.04871569,490.73581541,0.01998441,0.01998441,34625,106,0
5771.83780442,5771.83780945,1938.25904754,1938.25884420,0.07001413,490.83126371,0.01998441,0.01998441,34624,106,0
5772.00423064,5772.00452492,1945.00015774,1944.98825354,0.02381348,490.92538033,0.01998441,0.01998441,34623,106,0
5772.17090184,5772.17125002,1951.74741156,1951.73331459,0.05286832,491.01886238,0.01998441,0.01998441,34622,106,0
5772.33783983,5772.33798476,1958.50115978,1958.49528679,0.05884364,491.11172114,0.01998441,0.01998441,34621,106,0
5772.50494609,5772.50472912,1965.26173541,1965.27053668,0.06376200,491.20390097,0.01998441,0.01998441,34620,106,0
5772.67123557,5772.67148312,1972.02912180,1972.01907083,0.02445893,491.29486031,0.01998441,0.01998441,34619,106,0
5772.83817833,5772.83824675,1978.80299889,1978.80021835,0.06516001,491.38539770,0.01998441,0.01998441,34618,106,0
5773.00389692,5773.00502002,1985.58303490,1985.53735749,0.04907106,491.47449232,0.01998441,0.01998441,34617,106,0
5773.17255216,5773.17180293,1992.36889620,1992.39939181,0.04487183,491.56436233,0.01998441,0.01998441,34616,106,0
5773.33867245,5773.33859547,1999.16025680,1999.16339217,0.07398241,491.65208297,0.01998441,0.01998441,34615,106,0
5773.50539811,5773.50539765,2005.95703008,2005.95704869,0.01313895,491.73932334,0.01998441,0.01998441,34614,106,0
5773.67197710,5773.67220947,2012.75938374,2012.74990417,0.05194892,491.82568681,0.01998441,0.01998441,34613,106,0
5773.83886055,5773.83903093,2019.56749858,2019.56054250,0.04550579,491.91140641,0.01998441,0.01998441,34612,106,0
5774.00555264,5774.00586203,2026.38155638,2026.36891426,0.05060680,491.99622683,0.01998441,0.01998441,34611,106,0
5774.17331812,5774.17270277,2033.20174018,2033.22690563,0.05342430,492.08078537,0.01998441,0.01998441,34610,106,0
5774.33965070,5774.33955316,2040.02824202,2040.03223467,0.02175110,492.16382150,0.01998441,0.01998441,34609,106,0
5774.50570378,5774.50641318,2046.86126472,2046.83220120,0.04678720,492.24592350,0.01998441,0.01998441,34608,106,0
5774.67231732,5774.67328285,2053.70101285,2053.66141836,0.05202012,492.32750472,0.01998441,0.01998441,34607,106,0
5774.83992845,5774.84016217,2060.54769206,2060.53809835,0.04942991,492.40876795,0.01998441,0.01998441,34606,106,0
5775.00721033,5775.00705113,2067.40150544,2067.40804693,0.03658249,492.48906489,0.01998441,0.01998441,34605,106,0
5775.17460907,5775.17394973,2074.26250766,2074.28962539,0.05388319,492.56860921,0.01998441,0.01998441,34604,106,0
5775.34121492,5775.34085799,2081.13055692,2081.14525103,0.06562048,492.64696927,0.01998441,0.01998441,34603,106,0
5775.50671141,5775.50777589,2088.00549717,2087.96163362,0.02028091,492.72400575,0.01998441,0.01998441,34602,106,0
5775.67461270,5775.67470344,2094.88717147,2094.88342876,0.07192369,492.80134070,0.01998441,0.01998441,34601,106,0
5775.84107897,5775.84164064,2101.77542334,2101.75223716,0.05149713,492.87719424,0.01998441,0.01998441,34600,106,0
5776.00877807,5776.00858749,2108.67015221,2108.67802628,0.04336850,492.95277999,0.01998441,0.01998441,34599,106,0
5776.17570981,5776.17554400,2115.57133302,2115.57819015,0.05781410,493.02719033,0.01998441,0.01998441,34598,106,0
5776.34188965,5776.34251015,2122.47894590,2122.45326374,0.04178890,493.10044088,0.01998441,0.01998441,34597,106,0
5776.51005755,5776.50948596,2129.39297081,2129.41664915,0.03613069,493.17372758,0.01998441,0.01998441,34596,106,0
5776.67646618,5776.67647142,2136.31338956,2136.31317232,0.04878146,493.24541312,0.01998441,0.01998441,34595,106,0
5776.84268473,5776.84346654,2143.24025832,2143.20781503,0.06403724,493.31618635,0.01998441,0.01998441,34594,106,0
5777.00976852,5777.01047131,2150.17372888,2150.14453819,0.05960125,493.38649070,0.01998441,0.01998441,34593,106,0
5777.17806366,5777.17748574,2157.11396011,2157.13798646,0.07330677,493.45645528,0.01998441,0.01998441,34592,106,0
5777.34424181,5777.34450983,2164.06111175,2164.04995872,0.07064704,493.52470233,0.01998441,0.01998441,34591,106,0
5777.51161287,5777.51154357,2171.01534078,2171.01822724,0.02549074,493.59259712,0.01998441,0.01998441,34590,106,0
5777.67792487,5777.67858698,2177.97669401,2177.94908808,0.06088431,493.65922296,0.01998441,0.01998441,34589,106,0
5777.84564774,5777.84564004,2184.94509075,2184.94541227,0.07045912,493.72556323,0.01998441,0.01998441,34588,106,0
5778.01225335,5778.01270276,2191.92044278,2191.90166954,0.08395045,493.79061232,0.01998441,0.01998441,34587,106,0
5778.17937367,5778.17977515,2198.90266134,2198.88587524,0.06946299,493.85500863,0.01998441,0.01998441,34586,106,0
5778.34608079,5778.34685720,2205.89165680,2205.85916536,0.06087429,493.91839046,0.01998441,0.01998441,34585,106,0
5778.51333335,5778.51394891,2212.88733189,2212.86154871,0.05723023,493.98111791,0.01998441,0.01998441,34584,106,0
5778.68062505,5778.68105028,2219.88958179,2219.87175478,0.05891583,494.04299315,0.01998441,0.01998441,34583,106,0
5778.84707609,5778.84816132,2226.89830079,2226.85276639,0.07791741,494.10369368,0.01998441,0.01998441,34582,106,0
5779.01494181,5779.01528203,2233.91338253,2233.89909539,0.06616044,494.16403413,0.01998441,0.01998441,34581,106,0
5779.18252146,5779.18241240,2240.93473242,2240.93931577,0.06827380,494.22339117,0.01998441,0.01998441,34580,106,0
5779.34896123,5779.34955244,2247.96244217,2247.93757257,0.07459698,494.28147200,0.01998441,0.01998441,34579,106,0
5779.51633933,5779.51670215,2254.99674834,2254.98147267,0.06592555,494.33900297,0.01998441,0.01998441,34578,106,0
5779.68337495,5779.68386153,2262.03789259,2262.01738731,0.02423902,494.39553863,0.01998441,0.01998441,34577,106,0
5779.85133505,5779.85103058,2269.08611801,2269.09896179,0.06419507,494.45150254,0.01998441,0.01998441,34576,106,0
5780.01862216,5780.01820929,2276.14165199,2276.15908507,0.05581075,494.50635953,0.01998441,0.01998441,34575,106,0
5780.18507019,5780.18539768,2283.20455249,2283.19071059,0.05638817,494.56006478,0.01998441,0.01998441,34574,106,0
5780.35316834,5780.35259575,2290.27477989,2290.29900492,0.04027847,494.61341193,0.01998441,0.01998441,34573,106,0
5780.51958945,5780.51980348,2297.35229313,2297.34322953,0.04536264,494.66534224,0.01998441,0.01998441,34572,106,0
5780.68694790,5780.68702089,2304.43705089,2304.43395702,0.03388468,494.71667435,0.01998441,0.01998441,34571,106,0
5780.85388678,5780.85424798,2311.52900210,2311.51367695,0.03236018,494.76698488,0.01998441,0.01998441,34570,106,0
5781.02165073,5781.02148474,2318.62803488,2318.63508424,0.02679689,494.81664213,0.01998441,0.01998441,34569,106,0
5781.18909512,5781.18873117,2325.73401280,2325.74948334,0.05646157,494.86529964,0.01998441,0.01998441,34568,106,0
5781.35588764,5781.35598729,2332.84679854,2332.84255920,0.04553916,494.91286515,0.01998441,0.01998441,34567,106,0
5781.52333799,5781.52325308,2339.96625389,2339.96986961,0.06593128,494.95970865,0.01998441,0.01998441,34566,106,0
5781.69025044,5781.69052855,2347.09232320,2347.08047009,0.07447178,495.00549180,0.01998441,0.01998441,34565,106,0
5781.85847151,5781.85781371,2354.22527960,2354.25334149,0.04475400,495.05071398,0.01998442,0.01998441,34564,106,0
5782.02533960,5782.02510854,2361.36547905,2361.37534581,0.03579578,495.09465961,0.01998441,0.01998441,34563,106,0
5782.19256234,5782.19241305,2368.51327972,2368.51966092,0.03400287,495.13778596,0.01998441,0.01998441,34562,106,0
5782.36003282,5782.35972725,2375.66904120,2375.68211683,0.04992256,495.18005973,0.01998441,0.01998441,34561,106,0
5782.52611896,5782.52705113,2382.83295172,2382.79302011,0.04379188,495.22107629,0.01998441,0.01998441,34560,106,0
5782.69482385,5782.69438470,2390.00479861,2390.02363015,0.06648934,495.26180972,0.01998441,0.01998441,34559,106,0
5782.86132253,5782.86172795,2397.18431115,2397.16690917,0.06132247,495.30108716,0.01998441,0.01998441,34558,106,0
5783.02978731,5783.02908088,2404.37121693,2404.40156837,0.03082017,495.33989042,0.01998442,0.01998441,34557,106,0
5783.19615199,5783.19644351,2411.56524553,2411.55270883,0.04043920,495.37727984,0.01998441,0.01998441,34556,106,0
5783.36364606,5783.36381582,2418.76627545,2418.75896829,0.03852648,495.41398603,0.01998441,0.01998441,34555,106,0
5783.53058528,5783.53119782,2425.97438387,2425.94799358,0.07165101,495.44963279,0.01998441,0.01998441,34554,106,0
5783.69851679,5783.69858951,2433.18966216,2433.18652626,0.05178677,495.48454450,0.01998441,0.01998441,34553,106,0
5783.86603806,5783.86599089,2440.41220220,2440.41423848,0.02803080,495.51842232,0.01998441,0.01998441,34552,106,0
5784.03366813,5784.03340196,2447.64210342,2447.65360398,0.04601793,495.55137143,0.01998441,0.01998441,34551,106,0
5784.20068242,5784.20082272,2454.87956145,2454.87349344,0.06662281,495.58325172,0.01998441,0.01998441,34550,106,0
5784.36845876,5784.36825317,2462.12484254,2462.13374371,0.05976249,495.61432316,0.01998441,0.01998441,34549,106,0
5784.53619185,5784.53569332,2469.37821614,2469.39982366,0.02701699,495.64442853,0.01998442,0.01998441,34548,106,0
5784.70340148,5784.70314316,2476.63995337,2476.65116206,0.03144861,495.67348441,0.01998441,0.01998441,34547,106,0
5784.87106118,5784.87060270,2483.91024558,2483.93016174,0.06262462,495.70165806,0.01998442,0.01998441,34546,106,0
5785.03811677,5785.03807194,2491.18881043,2491.19075999,0.04508459,495.72876930,0.01998441,0.01998441,34545,106,0
5785.20518693,5785.20555087,2498.47519212,2498.45935088,0.01951195,495.75491881,0.01998441,0.01998441,34544,106,0
5785.37211226,5785.37303949,2505.76893168,2505.72853441,0.04896449,495.78007821,0.01998441,0.01998441,34543,106,0
5785.54102941,5785.54053782,2513.06956768,2513.09100318,0.07605493,495.80454900,0.01998442,0.01998441,34542,106,0
5785.70780889,5785.70804585,2520.37684677,2520.36650536,0.01930482,495.82773079,0.01998441,0.01998441,34541,106,0
5785.87564494,5785.87556358,2527.69105305,2527.69460734,0.03402776,495.85007534,0.01998441,0.01998441,34540,106,0
5786.04360459,5786.04309100,2535.01255728,2535.03501362,0.06442860,495.87144641,0.01998442,0.01998441,34539,106,0
5786.21016525,5786.21062814,2542.34173254,2542.32147250,0.02734982,495.89165969,0.01998441,0.01998441,34538,106,0
5786.37819344,5786.37817497,2549.67894649,2549.67975598,0.03711645,495.91106040,0.01998441,0.01998441,34537,106,0
5786.54621153,5786.54573151,2557.02434181,2557.04539642,0.05361981,495.92946218,0.01998442,0.01998441,34536,106,0
5786.71457895,5786.71329775,2564.37780475,2564.43405786,0.02707944,495.94689786,0.01998442,0.01998441,34535,106,0
5786.88041953,5786.88087369,2571.73920695,2571.71924592,0.02165614,495.96308558,0.01998441,0.01998441,34534,106,0
5787.04766040,5787.04845935,2579.10841916,2579.07327006,0.07821702,495.97841537,0.01998441,0.01998441,34533,106,0
5787.21622588,5787.21605471,2586.48532987,2586.49286807,0.04092025,495.99285259,0.01998441,0.01998441,34532,106,0
5787.38357306,5787.38365978,2593.86997502,2593.86615242,0.06770115,496.00617551,0.01998441,0.01998441,34531,106,0
5787.55191681,5787.55127455,2601.26246176,2601.29080237,0.03366778,496.01855957,0.01998442,0.01998441,34530,106,0
5787.71881825,5787.71889904,2608.66289832,2608.65932957,0.03167406,496.02982646,0.01998441,0.01998441,34529,106,0
5787.88640353,5787.88653324,2616.07139364,2616.06565808,0.07254879,496.04012362,0.01998441,0.01998441,34528,106,0
5788.05500827,5788.05417715,2623.48806038,2623.52484915,0.03744522,496.04945304,0.01998442,0.01998441,34527,106,0
5788.22194025,5788.22183077,2630.91302034,2630.91787156,0.06765480,496.05766862,0.01998441,0.01998441,34526,106,0
5788.38894122,5788.38949410,2638.34639758,2638.32187210,0.04789320,496.06486763,0.01998441,0.01998441,34525,106,0
5788.55711998,5788.55716715,2645.78831689,2645.78622201,0.05385168,496.07108315,0.01998441,0.01998441,34524,106,0
5788.72472332,5788.72484991,2653.23889925,2653.23327128,0.05676238,496.07624148,0.01998441,0.01998441,34523,106,0
5788.89220625,5788.89254239,2660.69815663,2660.68319634,0.04334440,496.08035964,0.01998441,0.01998441,34522,106,0
5789.05923774,5789.06024459,2668.16598973,2668.12113042,0.05883269,496.08343129,0.01998441,0.01998441,34521,106,0
5789.22861145,5789.22795650,2675.64229361,2675.67150606,0.03914477,496.08548666,0.01998442,0.01998441,34520,106,0
5789.39587547,5789.39567813,2683.12696257,2683.13577395,0.05551479,496.08646614,0.01998441,0.01998441,34519,106,0
5789.56331532,5789.56340948,2690.61991834,2690.61570996,0.02418769,496.08639795,0.01998441,0.01998441,34518,106,0
5789.73067793,5789.73115054,2698.12123938,2698.10009312,0.05859333,496.08527794,0.01998441,0.01998442,34517,106,0
5789.89962702,5789.89890133,2705.63105931,2705.66356413,0.02396010,496.08307727,0.01998442,0.01998442,34516,106,0
5790.06691245,5790.06666185,2713.14951268,2713.16075017,0.06919047,496.07983551,0.01998442,0.01998442,34515,106,0
5790.23414967,5790.23443208,2720.67673314,2720.66405559,0.05427950,496.07553410,0.01998441,0.01998442,34514,106,0
5790.40247696,5790.40221204,2728.21272642,2728.22463204,0.05250819,496.07013027,0.01998442,0.01998442,34513,106,0
5790.57042059,5790.57000172,2735.75728412,2735.77612837,0.05219406,496.06366120,0.01998442,0.01998442,34512,106,0
5790.73788415,5790.73780112,2743.31017614,2743.31391521,0.03647209,496.05613569,0.01998442,0.01998442,34511,106,0
5790.90575471,5790.90561025,2750.87117077,2750.87768262,0.05675469,496.04751150,0.01998442,0.01998442,34510,106,0
5791.07294479,5791.07342911,2758.44007409,2758.41821980,0.02300669,496.03784414,0.01998441,0.01998442,34509,106,0
5791.24165229,5791.24125770,2766.01703515,2766.03485916,0.06251949,496.02699497,0.01998442,0.01998442,34508,106,0
5791.40854230,5791.40909601,2773.60238198,2773.57734412,0.03890978,496.01517758,0.01998441,0.01998442,34507,106,0
5791.57706390,5791.57694405,2781.19644629,2781.20187174,0.06318618,496.00214556,0.01998442,0.01998442,34506,106,0
5791.74517972,5791.74480183,2788.79956138,2788.81668819,0.05690628,495.98804024,0.01998442,0.01998442,34505,106,0
5791.91302651,5791.91266933,2796.41194147,2796.42814803,0.03427624,495.97285264,0.01998442,0.01998442,34504,106,0
5792.07977293,5792.08054657,2804.03354165,2803.99839855,0.05059470,495.95666782,0.01998441,0.01998442,34503,106,0
5792.24812863,5792.24843353,2811.66428294,2811.65041661,0.07216568,495.93921417,0.01998441,0.01998442,34502,106,0
5792.41757732,5792.41633023,2819.30408575,2819.36086385,0.04317714,495.92051468,0.01998442,0.01998442,34501,106,0
5792.58380865,5792.58423667,2826.95287393,2826.93336501,0.05622797,495.90106275,0.01998441,0.01998442,34500,106,0
5792.75199552,5792.75215284,2834.61061190,2834.60343352,0.07317210,495.88026207,0.01998442,0.01998442,34499,106,0
5792.91987615,5792.92007875,2842.27728794,2842.26803303,0.01953321,495.85837226,0.01998442,0.01998442,34498,106,0
5793.08886665,5793.08801439,2849.95289051,2849.99186510,0.03618995,495.83519685,0.01998442,0.01998442,34497,106,0
5793.25745147,5793.25595977,0.00000000,2857.70530031,0.06288243,495.81093418,0.01998442,0.01998442,34496,106,1
5793.42421460,5793.42391489,2865.33080018,2865.34453595,0.04793750,495.78580325,0.01998442,0.01998442,34495,106,0
5793.59189160,5793.59187975,2873.03296857,2873.03351212,0.05354035,495.75940162,0.01998442,0.01998442,34494,106,0
5793.76074781,5793.75985435,2880.74380538,2880.78484131,0.05743291,495.73166165,0.01998442,0.01998442,34493,106,0
5793.92802770,5793.92783869,2888.46320229,2888.47189233,0.02117424,495.70303694,0.01998442,0.01998442,34492,106,0
5794.09582234,5794.09583277,2896.19108146,2896.19060140,0.05655801,495.67317733,0.01998442,0.01998442,34491,106,0
5794.26387484,5794.26383660,2903.92763725,2903.92939898,0.04072170,495.64211629,0.01998442,0.01998442,34490,106,0
5794.43200630,5794.43185017,2911.67320593,2911.68040779,0.03601695,495.60987840,0.01998442,0.01998442,34489,106,0
5794.59872007,5794.59987348,2919.42812728,2919.37486191,0.06581707,495.57675931,0.01998441,0.01998442,34488,106,0
5794.76841978,5794.76790654,2927.19274060,2927.21647111,0.05807270,495.54186235,0.01998442,0.01998442,34487,106,0
5794.93642881,5794.93594934,2934.96718007,2934.98937549,0.05048876,495.50613095,0.01998442,0.01998442,34486,106,0
5795.10377278,5795.10400190,2942.75123727,2942.74061859,0.07186150,495.46936869,0.01998442,0.01998442,34485,106,0
5795.27195439,5795.27206420,2950.54466998,2950.53957525,0.05887585,495.43124081,0.01998442,0.01998442,34484,106,0
5795.44005824,5795.44013624,2958.34723418,2958.34361091,0.02577848,495.39194413,0.01998442,0.01998442,34483,106,0
5795.60807649,5795.60821804,2966.15874823,2966.15216585,0.05994636,495.35147936,0.01998442,0.01998442,34482,106,0
5795.77629512,5795.77630959,2973.97938552,2973.97871183,0.04842508,495.30977171,0.01998442,0.01998442,34481,106,0
5795.94407926,5795.94441089,2981.80944368,2981.79398766,0.05812940,495.26697560,0.01998441,0.01998442,34480,106,0
5796.11228578,5796.11252194,2989.64922260,2989.63820250,0.05629202,495.22286694,0.01998442,0.01998442,34479,106,0
5796.27985539,5796.28064275,2997.49901605,2997.46223057,0.02952497,495.17772002,0.01998441,0.01998442,34478,106,0
5796.44796508,5796.44877331,3005.35892791,3005.32112123,0.05674615,495.13121392,0.01998441,0.01998442,34477,106,0
5796.61686246,5796.61691362,3013.22886936,3013.22647335,0.05031261,495.08326197,0.01998442,0.01998442,34476,106,0
5796.78458375,5796.78506369,3021.10874239,3021.08623832,0.05102772,495.03442230,0.01998441,0.01998442,34475,106,0
5796.95319776,5796.95322351,3028.99844828,3028.99723952,0.05096639,494.98409197,0.01998442,0.01998442,34474,106,0
5797.12188879,5797.12139310,3036.89794931,3036.92124771,0.05066181,494.93249988,0.01998442,0.01998442,34473,106,0
5797.28951914,5797.28957244,3044.80737720,3044.80486925,0.04955517,494.87999976,0.01998442,0.01998442,34472,106,0
5797.45806793,5797.45776154,3052.72689352,3052.74132944,0.06036296,494.82596798,0.01998442,0.01998442,34471,106,0
5797.62684312,5797.62596039,3060.65666100,3060.69830358,0.06680814,494.77060821,0.01998442,0.01998442,34470,106,0
5797.79355069,5797.79416901,3068.59679736,3068.56759193,0.05508516,494.71468819,0.01998441,0.01998442,34469,106,0
5797.96276369,5797.96238740,3076.54705672,3076.56485150,0.06409559,494.65666642,0.01998442,0.01998442,34468,106,0
5798.13058085,5798.13061554,3084.50701842,3084.50537616,0.05523312,494.59786702,0.01998442,0.01998442,34467,106,0
5798.29878527,5798.29885345,3092.47625752,3092.47302641,0.08005597,494.53767563,0.01998442,0.01998442,34466,106,0
5798.46704032,5798.46710112,3100.45436227,3100.45147797,0.03607219,494.47620704,0.01998442,0.01998442,34465,106,0
5798.63465056,5798.63535855,3108.44138678,3108.40776041,0.06150745,494.41371779,0.01998441,0.01998442,34464,106,0
5798.80348486,5798.80362576,3116.43791171,3116.43121183,0.06209782,494.34949606,0.01998442,0.01998442,34463,106,0
5798.97258443,5798.97190272,3124.44454996,3124.47700608,0.05749190,494.28388041,0.01998442,0.01998442,34462,106,0
5799.14016827,5799.14018946,3132.46191850,3132.46090819,0.07827624,494.21756673,0.01998442,0.01998442,34461,106,0
5799.30854019,5799.30848597,3140.49040030,3140.49298863,0.02054030,494.14964385,0.01998442,0.01998442,34460,106,0
5799.47738783,5799.47679224,3148.52977780,3148.55824538,0.06917110,494.08022020,0.01998442,0.01998442,34459,106,0
5799.64512053,5799.64510828,3156.57973779,3156.58032370,0.07143284,494.00995526,0.01998442,0.01998442,34458,106,0
5799.81337822,5799.81343410,3164.63996459,3164.63728742,0.03878714,493.93816714,0.01998442,0.01998442,34457,106,0
5799.98163425,5799.98176968,3172.71020406,3172.70370752,0.04856307,493.86507232,0.01998442,0.01998442,34456,106,0
5800.15027941,5800.15011504,3180.79056961,3180.79846369,0.04804522,493.79049109,0.01998442,0.01998442,34455,106,0
5800.31821236,5800.31847017,3188.88130766,3188.86891015,0.05474308,493.71490756,0.01998442,0.01998442,34454,106,0
5800.48663611,5800.48683508,3196.98266670,3196.97308642,0.04351161,493.63777600,0.01998442,0.01998442,34453,106,0
5800.65468537,5800.65520976,3205.09487885,3205.06959748,0.05902524,493.55948440,0.01998442,0.01998442,34452,106,0
5800.82348361,5800.82359422,3213.21793175,3213.21259222,0.05384919,493.47950024,0.01998442,0.01998442,34451,106,0
5800.99218941,5800.99198845,3221.35163558,3221.36134796,0.06009731,493.39821152,0.01998442,0.01998442,34450,106,0
5801.16005074,5801.16039247,3229.49579507,3229.47925876,0.06232248,493.31598914,0.01998442,0.01998442,34449,106,0
5801.32814610,5801.32880626,3237.65021824,3237.61823512,0.05177745,493.23230953,0.01998442,0.01998442,34448,106,0
5801.49778103,5801.49722983,3245.81490470,3245.84164164,0.04980520,493.14649691,0.01998442,0.01998442,34447,106,0
5801.66561373,5801.66566318,3253.99010795,3253.98770644,0.03504724,493.06023774,0.01998442,0.01998442,34446,106,0
5801.83442497,5801.83410631,3262.17610069,3262.19159689,0.04918034,492.97210520,0.01998442,0.01998442,34445,106,0
5802.00178384,5802.00255923,3270.37315738,3270.33540175,0.05122402,492.88336648,0.01998441,0.01998442,34444,106,0
5802.16993622,5802.17102192,3278.58146491,3278.52852973,0.06363918,492.79283186,0.01998441,0.01998442,34443,106,0
5802.34005253,5802.33949440,3286.80100531,3286.82825329,0.02882496,492.69983233,0.01998442,0.01998442,34442,106,0
5802.50816589,5802.50797667,3295.03173151,3295.04098148,0.04128955,492.60653252,0.01998442,0.01998442,34441,106,0
5802.67767343,5802.67646872,3303.27359596,3303.33256304,0.04657916,492.51105020,0.01998442,0.01998442,34440,106,0
5802.84508783,5802.84497056,3311.52655422,3311.53230170,0.06539588,492.41535401,0.01998442,0.01998442,34439,106,0
5803.01331125,5803.01348218,3319.79057529,3319.78218755,0.04647032,492.31779650,0.01998442,0.01998442,34438,106,0
5803.18173885,5803.18200359,3328.06563126,3328.05262306,0.03311826,492.21871122,0.01998442,0.01998442,34437,106,0
5803.35000651,5803.35053479,3336.35169392,3336.32570370,0.05774857,492.11830724,0.01998442,0.01998442,34436,106,0
5803.51858185,5803.51907578,3344.64876820,3344.62443693,0.04261915,492.01629867,0.01998442,0.01998442,34435,106,0
5803.68813218,5803.68762656,3352.95707238,3352.98201199,0.03996692,491.91225773,0.01998442,0.01998442,34434,106,0
5803.85661011,5803.85618714,3361.27691043,3361.29780179,0.05330923,491.80743304,0.01998442,0.01998442,34433,106,0
5804.02533803,5804.02475750,3369.60858893,3369.63730163,0.07231233,491.70100322,0.01998442,0.01998442,34432,106,0
5804.19273596,5804.19333766,3377.95238374,3377.92258210,0.04432223,491.59396994,0.01998442,0.01998442,34431,106,0
5804.36246326,5804.36192761,3386.30824201,3386.33480875,0.05496376,491.48397566,0.01998442,0.01998442,34430,106,0
5804.53104065,5804.53052736,3394.67592019,3394.70141200,0.05515333,491.37325761,0.01998442,0.01998442,34429,106,0
5804.69856883,5804.69913690,3403.05517038,3403.02692107,0.02551137,491.26177630,0.01998442,0.01998442,34428,106,0
5804.86794615,5804.86775624,3411.44575620,3411.45521235,0.05612030,491.14759055,0.01998442,0.01998442,34427,106,0
5805.03617511,5805.03638538,3419.84764614,3419.83716278,0.02625934,491.03270729,0.01998442,0.01998442,34426,106,0
5805.20507592,5805.20502431,3428.26096912,3428.26354550,0.05937411,490.91588281,0.01998442,0.01998442,34425,106,0
5805.37436545,5805.37367305,3436.68585922,3436.72047155,0.04790843,490.79729180,0.01998442,0.01998442,34424,106,0
5805.54256998,5805.54233158,3445.12245237,3445.13438532,0.05146200,490.67796867,0.01998442,0.01998442,34423,106,0
5805.71126168,5805.71099992,3453.57090228,3453.58402264,0.05410630,490.55679849,0.01998442,0.01998442,34422,106,0
5805.88056273,5805.87967805,3462.03138033,3462.07578414,0.03315766,490.43367089,0.01998442,0.01998442,34421,106,0
5806.04790676,5806.04836599,3470.50405998,3470.48097818,0.04478507,490.31046240,0.01998442,0.01998442,34420,106,0
5806.21766884,5806.21706373,3478.98911116,3479.01956811,0.02561406,490.18393743,0.01998442,0.01998442,34419,106,0
5806.38557980,5806.38577128,3487.48655439,3487.47690304,0.05204766,490.05726416,0.01998442,0.01998442,34418,106,0
5806.55484436,5806.55448863,3495.99623412,3496.01418832,0.04538777,489.92802836,0.01998442,0.01998442,34417,106,0
5806.72392026,5806.72321579,3504.51798347,3504.55358763,0.06178401,489.79738854,0.01998442,0.01998442,34416,106,0
5806.89226483,5806.89195276,3513.05163396,3513.06742717,0.02192803,489.66577367,0.01998442,0.01998442,34415,106,0
5807.06053682,5807.06069953,3521.59701359,3521.58876853,0.06000249,489.53267696,0.01998442,0.01998442,34414,106,0
5807.22973321,5807.22945611,3530.15394623,3530.16800570,0.03597474,489.39729549,0.01998442,0.01998442,34413,106,0
5807.39760188,5807.39822250,3538.72225393,3538.69072513,0.06425969,489.26143434,0.01998442,0.01998442,34412,106,0
5807.56542010,5807.56699870,0.00000000,3547.21888364,0.03766831,489.12411814,0.01998441,0.01998442,34411,106,1
5807.73474748,5807.73578471,3555.89276570,3555.83993620,0.06238649,488.98391492,0.01998442,0.01998442,34410,106,0
5807.90390882,5807.90458054,3564.49615062,3564.46188894,0.07084542,488.84229799,0.01998442,0.01998442,34409,106,0
5808.07338534,5808.07338618,3573.11287650,3573.11283353,0.06530878,488.69879861,0.01998442,0.01998442,34408,106,0
5808.24275741,5808.24220163,3581.74388754,3581.77232630,0.04749680,488.55374667,0.01998442,0.01998442,34407,106,0
5808.41165927,5808.41102689,3590.38933295,3590.42174150,0.04451643,488.40745451,0.01998442,0.01998442,34406,106,0
5808.57948220,5808.57986197,3599.04826816,3599.02877713,0.07790516,488.26048121,0.01998442,0.01998442,34405,106,0
5808.74767011,5808.74870687,3607.71966157,3607.66638201,0.06319460,488.11158393,0.01998442,0.01998442,34404,106,0
5808.91811132,5808.91756159,3616.40249902,3616.43078484,0.04542060,487.95906529,0.01998442,0.01998442,34403,106,0
5809.08682236,5809.08642612,3625.09674274,3625.11715770,0.04224433,487.80647769,0.01998442,0.01998442,34402,106,0
5809.25543925,5809.25530047,3633.80360582,3633.81076642,0.06552772,487.65234069,0.01998442,0.01998442,34401,106,0
5809.42247667,5809.42418464,0.00000000,3642.45042920,0.05025846,487.49775045,0.01998441,0.01998442,34400,106,1
5809.59268131,5809.59307863,3651.26038036,3651.23981106,0.04034979,487.33903915,0.01998442,0.01998442,34399,106,0
5809.76089920,5809.76198245,3660.01173906,3659.95556819,0.07738086,487.18022099,0.01998442,0.01998442,34398,106,0
5809.93095020,5809.93089608,3668.77739781,3668.78020863,0.05046629,487.01796151,0.01998442,0.01998442,34397,106,0
5810.09974188,5810.09981954,3677.55621060,3677.55217220,0.06849856,486.85521736,0.01998442,0.01998442,34396,106,0
5810.26798042,5810.26875282,3686.34707317,3686.30685367,0.04729788,486.69134917,0.01998442,0.01998442,34395,106,0
5810.43782309,5810.43769593,3695.14990665,3695.15653679,0.06992936,486.52423590,0.01998442,0.01998442,34394,106,0
5810.60711697,5810.60664886,3703.96558264,3703.99002571,0.04512949,486.35595763,0.01998442,0.01998442,34393,106,0
5810.77584769,5810.77561162,3712.79501590,3712.80736180,0.05605938,486.18652161,0.01998442,0.01998442,34392,106,0
5810.99028825,nan,0.00000000,3724.03093775,0.21088929,485.96872864,0.01998458,0.01998442,34391,106,1
5811.11405602,5811.11356663,3730.49773024,3730.52340600,0.07476009,485.84165945,0.01998442,0.01998442,34390,106,0
5811.28345310,5811.28255887,3739.37039766,3739.41738232,0.04091866,485.66629974,0.01998442,0.01998442,34389,106,0
5811.45342251,5811.45156095,0.00000000,3748.34409074,0.07279220,485.48879652,0.01998443,0.01998442,34388,106,1
5811.62032589,5811.62057285,3757.15526433,3757.14225206,0.07204032,485.31238069,0.01998442,0.01998442,34387,106,0
5811.79030719,5811.78959459,3766.06690548,3766.10450351,0.05168893,485.13117549,0.01998442,0.01998442,34386,106,0
5811.95859923,5811.95862616,3774.99167537,3774.99025243,0.05710478,484.95002333,0.01998442,0.01998442,34385,106,0
5812.12906968,5812.12766757,0.00000000,3783.99295083,0.08792818,484.76497007,0.01998442,0.01998442,34384,106,1
5812.29664281,5812.29671881,3792.88187557,3792.87784808,0.06015703,484.58084123,0.01998442,0.01998442,34383,106,0
5812.46560951,5812.46577988,3801.84776761,3801.83872572,0.05336785,484.39363143,0.01998442,0.01998442,34382,106,0
5812.63465697,5812.63485079,3810.82768700,3810.81738468,0.03535429,484.20453282,0.01998442,0.01998442,34381,106,0
5812.80385269,5812.80393154,3819.82174722,3819.81755002,0.07782597,484.01345692,0.01998442,0.01998442,34380,106,0
5812.97232530,5812.97302212,3828.83003491,3828.79288371,0.06113767,483.82138826,0.01998442,0.01998442,34379,106,0
5813.14145389,5813.14212254,3837.85254444,3837.81684058,0.05004974,483.62674885,0.01998442,0.01998442,34378,106,0
5813.31126947,5813.31123281,3846.88925056,3846.89121141,0.05405095,483.42947472,0.01998442,0.01998442,34377,106,0
5813.48013265,5813.48035291,3855.94012947,3855.92833260,0.06390115,483.23146822,0.01998442,0.01998442,34376,106,0
5813.64892819,5813.64948286,3865.00537607,3864.97562301,0.05062382,483.03169727,0.01998442,0.01998442,34375,106,0
5813.81826215,5813.81862264,3874.08561304,3874.06624421,0.08997928,482.82941586,0.01998442,0.01998442,34374,106,0
5813.98728851,5813.98777227,3883.18151803,3883.15548191,0.05278403,482.62560814,0.01998442,0.01998442,34373,106,0
5814.15740895,5814.15693175,3892.29374889,3892.31947720,0.05797313,482.41854781,0.01998442,0.01998442,34372,106,0
5814.32700126,5814.32610107,3901.42224659,3901.47086250,0.03902182,482.21019284,0.01998442,0.01998442,34371,106,0
5814.49511184,5814.49528023,3910.56615391,3910.55704560,0.07422316,482.00176065,0.01998442,0.01998442,34370,106,0
5814.66580459,5814.66446924,3919.72456400,3919.79690128,0.06483178,481.78820739,0.01998442,0.01998442,34369,106,0
5814.83374351,5814.83366810,3928.89669009,3928.90078101,0.07534869,481.57622282,0.01998442,0.01998442,34368,106,0
5815.00336387,5815.00287680,3938.08307508,3938.10953895,0.08441411,481.36020664,0.01998442,0.01998442,34367,106,0
5815.17064161,5815.17209536,0.00000000,3947.21360977,0.09079464,481.14507466,0.01998442,0.01998442,34366,106,1
5815.34146961,5815.34132376,3956.50400388,3956.51195626,0.05757544,480.92373890,0.01998442,0.01998442,34365,106,0
5815.50946724,5815.51056202,3965.74081845,3965.68101290,0.06951280,480.70388448,0.01998442,0.01998442,34364,106,0
5815.68147167,5815.67981013,0.00000000,3975.08378403,0.06519152,480.47677983,0.01998443,0.01998442,34363,106,1
5815.85022742,5815.84906809,3984.26260812,3984.32613634,0.06454830,480.25192512,0.01998443,0.01998442,34362,106,0
5816.01654129,5816.01833590,0.00000000,3993.43882286,0.03812944,480.02864803,0.01998441,0.01998442,34361,106,1
5816.18707855,5816.18761357,4002.83766080,4002.80826660,0.04947634,479.79744720,0.01998442,0.01998442,34360,106,0
5816.35625756,5816.35690109,4012.14568841,4012.11027603,0.07499224,479.56627272,0.01998442,0.01998442,34359,106,0
5816.52741184,5816.52619847,4021.47021337,4021.53710630,0.03882851,479.33033137,0.01998443,0.01998442,34358,106,0
5816.69641245,5816.69550571,4030.81335451,4030.86344307,0.07415674,479.09525596,0.01998442,0.01998442,34357,106,0
5816.86571931,5816.86482280,4040.17531300,4040.22492960,0.06626339,478.85764477,0.01998442,0.01998442,34356,106,0
5817.03316189,5817.03414975,4049.55457687,4049.49981232,0.08095841,478.62060162,0.01998442,0.01998442,34355,106,0
5817.20296445,5817.20348656,4058.94955935,4058.92057024,0.03843315,478.37816915,0.01998442,0.01998442,34354,106,0
5817.37424559,5817.37283323,0.00000000,4068.42754670,0.09491341,478.13182074,0.01998443,0.01998442,34353,106,1
5817.54056257,5817.54218977,0.00000000,4077.68253107,0.07001871,477.89036422,0.01998442,0.01998442,34352,106,1
5817.71022184,5817.71155616,4087.22200247,4087.14757814,0.09140648,477.64175597,0.01998442,0.01998442,34351,106,0
nan,nan,0.00000000,-1.00000000,0.00000000,477.43422206,nan,0.00000000,-2147483648,106,1
nan,nan,0.00000000,-1.00000000,0.00000000,470.50927633,nan,0.00000000,-2147483648,105,1
5772.84085976,5772.83824675,0.00000000,8.43760959,0.09524176,470.78394846,0.01998442,0.01998441,34618,105,1
5772.99981017,5773.00502002,0.00000000,13.58223148,0.05217701,471.04330864,0.01998439,0.01998441,34617,105,1
5773.16880601,5773.17180293,0.00000000,19.05479911,0.33614495,471.31865525,0.01998440,0.01998441,34616,105,1
nan,nan,0.00000000,-1.00000000,0.00000000,471.61714337,nan,0.00000000,-2147483648,105,1
5773.49664645,nan,0.00000000,29.67949628,0.09087515,471.85161711,0.01998438,0.01998441,34614,105,1
5773.68638385,nan,0.00000000,35.83354014,0.07356672,472.15934830,0.01998446,0.01998441,34613,105,1
5773.84236009,5773.83903093,0.00000000,40.89531349,0.14738377,472.41192679,0.01998442,0.01998441,34612,105,1
5774.02117131,nan,0.00000000,46.70119801,0.23291910,472.70104232,0.01998446,0.01998441,34611,105,1
5774.17458061,5774.17270277,51.61611923,51.67714940,0.13036707,472.94832504,0.01998442,0.01998441,34610,105,0
nan,nan,0.00000000,-1.00000000,0.00000000,473.21233146,nan,0.00000000,-2147483648,105,1
5774.52648424,nan,0.00000000,63.12614001,0.31144918,473.51552026,0.01998448,0.01998441,34608,105,1
5774.67112438,5774.67328285,67.89691545,67.82666480,0.03316800,473.74767524,0.01998440,0.01998441,34607,105,0
5774.84225139,5774.84016217,0.00000000,73.40335700,0.10425792,474.02256432,0.01998442,0.01998441,34606,105,1
5775.00558042,5775.00705113,78.76482278,78.71691247,0.14838453,474.28393846,0.01998441,0.01998441,34605,105,0
5775.18366716,nan,0.00000000,84.52696887,0.14572586,474.56912762,0.01998445,0.01998441,34604,105,1
5775.18366716,nan,0.00000000,84.52696887,0.14572586,474.56912762,0.01998445,0.01998441,34604,105,1
5775.48959341,nan,0.00000000,94.50458777,0.06008487,475.05740181,0.01998493,0.01998441,34603,105,1
5775.68764004,nan,0.00000000,100.96897058,0.13790987,475.37274927,0.01998446,0.01998441,34601,105,1
5775.84608791,5775.84164064,0.00000000,106.14377132,0.24938190,475.62462146,0.01998443,0.01998441,34600,105,1
5776.01609420,5776.00858749,0.00000000,111.69898311,0.02147742,475.89444872,0.01998444,0.01998441,34599,105,1
5776.18372229,5776.17554400,0.00000000,117.17944940,0.07486139,476.16007661,0.01998444,0.01998441,34598,105,1
5776.34808644,5776.34251015,0.00000000,122.55606859,0.09298975,476.42012221,0.01998443,0.01998441,34597,105,1
5776.52065803,nan,0.00000000,128.20422454,0.04851087,476.69271533,0.01998445,0.01998441,34596,105,1
nan,nan,0.00000000,-1.00000000,0.00000000,476.92369952,nan,0.00000000,-2147483648,105,1
5776.83536180,5776.84346654,0.00000000,138.51235798,0.08707758,477.18866287,0.01998438,0.01998441,34594,105,1
5777.00873079,5777.01047131,144.24149827,144.18442396,0.09149018,477.46070631,0.01998441,0.01998441,34593,105,0
5777.16874975,5777.17748574,0.00000000,149.44391578,0.03255301,477.71242117,0.01998438,0.01998441,34592,105,1
nan,nan,0.00000000,-1.00000000,0.00000000,478.02546135,nan,0.00000000,-2147483648,105,1
5777.51236031,5777.51154357,160.68543099,160.71225522,0.10516876,478.24996295,0.01998441,0.01998441,34590,105,0
5777.68217827,5777.67858698,0.00000000,166.30195948,0.15790545,478.51572650,0.01998443,0.01998441,34589,105,1
5777.83999763,5777.84564004,0.00000000,171.48948540,0.07948783,478.76184264,0.01998439,0.01998441,34588,105,1
5778.01384363,5778.01270276,177.15745857,177.19498456,0.10277651,479.03194896,0.01998442,0.01998441,34587,105,0
5778.18624347,5778.17977515,0.00000000,182.87992674,0.16813422,479.30047315,0.01998444,0.01998441,34586,105,1
5778.34867529,5778.34685720,0.00000000,188.22787155,0.24766235,479.55252465,0.01998442,0.01998441,34585,105,1
5778.51401577,5778.51394891,193.65782809,193.66003097,0.00999354,479.80799455,0.01998441,0.01998441,34584,105,0
5778.68047524,5778.68105028,199.16473140,199.14577509,0.12038796,480.06542129,0.01998441,0.01998441,34583,105,0
5778.84072714,5778.84816132,0.00000000,204.44563171,0.08341999,480.31358746,0.01998439,0.01998441,34582,105,1
5779.01066813,5779.01528203,0.00000000,210.05286421,0.09407810,480.57557142,0.01998440,0.01998441,34581,105,1
5779.19158878,5779.18241240,0.00000000,216.02580798,0.18903172,480.85399193,0.01998444,0.01998441,34580,105,1
5779.34795000,5779.34955244,221.22868163,221.17573049,0.15804212,481.09350981,0.01998441,0.01998441,34579,105,0
5779.52208953,5779.51670215,0.00000000,226.94618457,0.28457155,481.36129547,0.01998443,0.01998441,34578,105,1
5779.68295576,5779.68386153,232.28172604,232.25176315,0.19884079,481.60695539,0.01998441,0.01998441,34577,105,0
5779.85154102,5779.85103058,237.81311004,237.83000405,0.09203520,481.86466929,0.01998441,0.01998441,34576,105,0
5780.01308476,5780.01820929,0.00000000,243.19156984,0.08882311,482.11182133,0.01998440,0.01998441,34575,105,1
5780.18351947,5780.18539768,248.88508918,248.82286463,0.13034794,482.37082499,0.01998441,0.01998441,34574,105,0
5780.35022285,5780.35259575,0.00000000,254.36160632,0.05914991,482.62499008,0.01998441,0.01998441,34573,105,1
5780.52098963,5780.51980348,259.96960393,260.00894191,0.16356720,482.88354443,0.01998442,0.01998441,34572,105,0
5780.68409674,5780.68702089,0.00000000,265.43579692,0.17880736,483.13143935,0.01998440,0.01998441,34571,105,1
5780.85550996,5780.85424798,271.06739859,271.10929839,0.18308103,483.39000877,0.01998442,0.01998441,34570,105,0
5781.02217567,5781.02148474,276.62151276,276.64446624,0.18986681,483.64169032,0.01998441,0.01998441,34569,105,0
5781.19204840,5781.18873117,0.00000000,282.30751985,0.02265970,483.89859052,0.01998442,0.01998441,34568,105,1
5781.36167029,5781.35598729,0.00000000,287.94790956,0.10510016,484.15386317,0.01998443,0.01998441,34567,105,1
5781.52661563,5781.52325308,0.00000000,293.43585600,0.05947547,484.40166235,0.01998443,0.01998441,34566,105,1
5781.69254503,5781.69052855,298.87375044,298.94089667,0.09254049,484.64966442,0.01998442,0.01998441,34565,105,0
5781.85659951,5781.85781371,304.44573328,304.40527879,0.06999688,484.89527128,0.01998441,0.01998441,34564,105,0
5782.01857314,5782.02510854,0.00000000,309.82192423,0.11954755,485.13817840,0.01998439,0.01998441,34563,105,1
5782.19193479,5782.19241305,315.60036514,315.58441190,0.06815272,485.39598903,0.01998441,0.01998441,34562,105,0
5782.35888034,5782.35972725,321.18301950,321.15475310,0.17903837,485.64460964,0.01998441,0.01998441,34561,105,0
5782.52893068,5782.52705113,326.76924796,326.83201639,0.03122493,485.89740216,0.01998442,0.01998441,34560,105,0
5782.69526960,5782.69438470,332.35906273,332.38863168,0.00776929,486.14423573,0.01998442,0.01998441,34559,105,0
5782.86449503,5782.86172795,0.00000000,338.06119046,0.09985993,486.39562085,0.01998442,0.01998441,34558,105,1
5783.03014834,5783.02908088,343.54950026,343.58521114,0.04574419,486.63984190,0.01998442,0.01998441,34557,105,0
5783.19841642,5783.19644351,349.15014186,349.21618308,0.04271925,486.88820084,0.01998442,0.01998441,34556,105,0
5783.36324666,5783.36381582,354.75436781,354.73530490,0.05891755,487.13104802,0.01998441,0.01998441,34555,105,0
5783.52741227,5783.53119782,0.00000000,360.24768553,0.17150535,487.37302692,0.01998440,0.01998441,34554,105,1
5783.69417176,5783.69858951,0.00000000,365.83664337,0.12459320,487.61778409,0.01998440,0.01998441,34553,105,1
5783.86731192,5783.86599089,371.58805366,371.63237371,0.14024906,487.87097618,0.01998442,0.01998441,34552,105,0
5784.03436180,5784.03340196,377.20611782,377.23833748,0.07419558,488.11527728,0.01998442,0.01998441,34551,105,0
5784.20113057,5784.20082272,382.82752190,382.83786142,0.12067710,488.35870791,0.01998441,0.01998441,34550,105,0
5784.37128060,5784.36825317,0.00000000,388.56262798,0.09921457,488.60697386,0.01998442,0.01998441,34549,105,1
5784.53573568,5784.53569332,394.08047394,394.08189830,0.07819763,488.84574470,0.01998441,0.01998441,34548,105,0
5784.70306592,5784.70314316,399.71214420,399.70954561,0.03768432,489.08861438,0.01998441,0.01998441,34547,105,0
5784.86597255,5784.87060270,0.00000000,405.19937354,0.12777838,489.32496256,0.01998440,0.01998441,34546,105,1
5785.03608112,5785.03807194,410.98618196,410.91913019,0.05765064,489.57060694,0.01998441,0.01998441,34545,105,0
5785.20670168,5785.20555087,416.62867128,416.66745460,0.03160002,489.81685856,0.01998442,0.01998441,34544,105,0
5785.37465117,5785.37303949,422.27484945,422.32919663,0.05355393,490.05879386,0.01998442,0.01998441,34543,105,0
5785.53923826,5785.54053782,427.92470772,427.88085952,0.07297460,490.29544015,0.01998441,0.01998441,34542,105,0
5785.70886927,5785.70804585,433.57823645,433.60603583,0.03179587,490.53887581,0.01998442,0.01998441,34541,105,0
5785.87265830,5785.87556358,0.00000000,439.14218712,0.11479852,490.77368808,0.01998440,0.01998441,34540,105,1
5786.04134797,5786.04309100,444.89626650,444.83735125,0.04726012,491.01464356,0.01998441,0.01998441,34539,105,0
5786.21163852,5786.21062814,450.56074857,450.59492003,0.08020654,491.25761953,0.01998442,0.01998441,34538,105,0
5786.37819744,5786.37817497,456.22886866,456.22962894,0.06112780,491.49480731,0.01998441,0.01998441,34537,105,0
5786.54490714,5786.54573151,461.90062931,461.87271642,0.04557043,491.73174962,0.01998441,0.01998441,34536,105,0
5786.71500412,5786.71329775,467.57603336,467.63384448,0.08088346,491.97303070,0.01998442,0.01998441,34535,105,0
5786.88042286,5786.88087369,473.25508364,473.23980067,0.08490726,492.20721412,0.01998441,0.01998441,34534,105,0
5787.05128967,5787.04845935,0.00000000,479.03311173,0.08775593,492.44860342,0.01998442,0.01998441,34533,105,1
5787.21834216,5787.21605471,0.00000000,484.70028197,0.07330367,492.68412639,0.01998442,0.01998441,34532,105,1
5787.38272023,5787.38365978,490.31410445,490.28219907,0.07134917,492.91551616,0.01998441,0.01998441,34531,105,0
5787.55048832,5787.55127455,496.00762846,495.98091448,0.15891607,493.15114344,0.01998441,0.01998441,34530,105,0
5787.71829296,5787.71889904,501.70463478,501.68403054,0.09142314,493.38634154,0.01998441,0.01998441,34529,105,0
5787.88777547,5787.88653324,507.40505261,507.44730610,0.04168079,493.62339956,0.01998442,0.01998441,34528,105,0
5788.05446375,5788.05417715,513.10881087,513.11856455,0.06997351,493.85606323,0.01998442,0.01998441,34527,105,0
5788.22176534,5788.22183077,518.81584110,518.81361323,0.08379362,494.08909453,0.01998442,0.01998441,34526,105,0
5788.38865554,5788.38949410,524.52619071,524.49762277,0.00524080,494.32106629,0.01998441,0.01998441,34525,105,0
5788.56071620,5788.55716715,0.00000000,530.36037191,0.09358230,494.55969643,0.01998443,0.01998441,34524,105,1
5788.72308406,5788.72484991,535.95766120,535.89743132,0.01780650,494.78447690,0.01998441,0.01998441,34523,105,0
5788.89355957,5788.89254239,541.67920623,541.71392325,0.09933128,495.01998050,0.01998442,0.01998441,34522,105,0
5789.06033979,5789.06024459,547.40490861,547.40816023,0.04077474,495.24991816,0.01998442,0.01998441,34521,105,0
5789.22646662,5789.22795650,553.13497822,553.08405681,0.10302197,495.47850874,0.01998441,0.01998441,34520,105,0
5789.39562426,5789.39567813,558.86943843,558.86759615,0.04682620,495.71081169,0.01998441,0.01998441,34519,105,0
5789.56392779,5789.56340948,564.60805588,564.62579484,0.04705252,495.94147225,0.01998442,0.01998441,34518,105,0
5789.73289696,5789.73115054,570.35057774,570.41038318,0.05801299,496.17256246,0.01998442,0.01998442,34517,105,0
5789.89732666,5789.89890133,576.09675014,576.04279633,0.10253589,496.39696910,0.01998441,0.01998442,34516,105,0
5790.06393818,5790.06666185,0.00000000,581.74948460,0.06851445,496.62372692,0.01998441,0.01998442,34515,105,1
5790.23951405,5790.23443208,0.00000000,587.76969625,0.07072784,496.86227933,0.01998443,0.01998442,34514,105,1
5790.40240436,5790.40221204,593.35484284,593.36144223,0.02392395,497.08324351,0.01998442,0.01998442,34513,105,0
5790.56984499,5790.57000172,599.11398407,599.10860306,0.06298996,497.30973674,0.01998442,0.01998442,34512,105,0
5790.73665182,5790.73780112,604.87670560,604.83722374,0.06830953,497.53488155,0.01998441,0.01998442,34511,105,0
5790.90379094,5790.90561025,610.64325923,610.58072117,0.05484258,497.75999190,0.01998441,0.01998442,34510,105,0
5791.07324202,5791.07342911,616.41389778,616.40746234,0.11144433,497.98773142,0.01998441,0.01998442,34509,105,0
5791.24351317,5791.24125770,0.00000000,622.26819140,0.05990953,498.21615572,0.01998442,0.01998442,34508,105,1
5791.40759182,5791.40909601,627.96822061,627.91640776,0.05584244,498.43568645,0.01998441,0.01998442,34507,105,0
5791.57609311,5791.57694405,633.75174985,633.72241964,0.05782336,498.66072536,0.01998441,0.01998442,34506,105,0
5791.74377030,5791.74480183,639.53923867,639.50366257,0.06538209,498.88417480,0.01998441,0.01998442,34505,105,0
5791.91082756,5791.91266933,645.33046791,645.26691148,0.06741635,499.10630359,0.01998441,0.01998442,34504,105,0
5792.08112151,5792.08054657,651.12521753,651.14506854,0.08021136,499.33221824,0.01998442,0.01998442,34503,105,0
5792.24922949,5792.24843353,656.92327503,656.95077072,0.06054131,499.55471087,0.01998442,0.01998442,34502,105,0
5792.41788899,5792.41633023,662.72464642,662.77852124,0.07238432,499.77741146,0.01998442,0.01998442,34501,105,0
5792.58221450,5792.58423667,668.52957201,668.45964056,0.00634677,499.99389437,0.01998441,0.01998442,34500,105,0
5792.75262584,5792.75215284,674.33830452,674.35467205,0.08452426,500.21788738,0.01998442,0.01998442,34499,105,0
5792.91940037,5792.92007875,680.15109768,680.12760768,0.06051211,500.43660825,0.01998441,0.01998442,34498,105,0
5793.08464443,5793.08801439,0.00000000,685.85819460,0.04184485,500.65310526,0.01998440,0.01998442,34497,105,1
5793.25649912,5793.25595977,691.78987187,691.80857474,0.04869587,500.87725285,0.01998442,0.01998442,34496,105,0
5793.42443862,5793.42391489,697.61608205,697.63425591,0.02404158,501.09605854,0.01998442,0.01998442,34495,105,0
5793.59235472,5793.59187975,703.44660225,703.46309523,0.09123783,501.31434460,0.01998442,0.01998442,34494,105,0
5793.75956463,5793.75985435,709.28118959,709.27112313,0.04528251,501.53121629,0.01998441,0.01998442,34493,105,0
5793.92736866,5793.92783869,715.11960022,715.10325913,0.07734993,501.74835037,0.01998441,0.01998442,34492,105,0
5794.09451482,5794.09583277,720.96158926,720.91574561,0.03420452,501.96411699,0.01998441,0.01998442,34491,105,0
5794.26481463,5794.26383660,726.80693223,726.84096962,0.08197430,502.18341516,0.01998442,0.01998442,34490,105,0
5794.43014354,5794.43185017,732.65566220,732.59623661,0.05879843,502.39579149,0.01998441,0.01998442,34489,105,0
5794.59865696,5794.59987348,738.50798406,738.46560001,0.06570153,502.61173713,0.01998441,0.01998442,34488,105,0
5794.76895171,5794.76790654,744.36410661,744.40054304,0.07181887,502.82943740,0.01998442,0.01998442,34487,105,0
5794.93478189,5794.93594934,750.22423950,750.18351383,0.07050382,503.04092653,0.01998441,0.01998442,34486,105,0
5795.10417683,5795.10400190,756.08859324,756.09469977,0.06576802,503.25645522,0.01998442,0.01998442,34485,105,0
5795.27132648,5795.27206420,761.95735457,761.93158456,0.00709649,503.46863060,0.01998441,0.01998442,34484,105,0
5795.44036626,5795.44013624,767.83051789,767.83855845,0.07161556,503.68270209,0.01998442,0.01998442,34483,105,0
5795.60897635,5795.60821804,773.70798650,773.73451179,0.06958231,503.89572044,0.01998442,0.01998442,34482,105,0
5795.77599290,5795.77630959,779.58966275,779.57857786,0.06984121,504.10621959,0.01998441,0.01998442,34481,105,0
5795.94644009,5795.94441089,785.47544858,785.54652035,0.03735209,504.32051847,0.01998442,0.01998442,34480,105,0
5796.11107303,5796.11252194,791.36524553,791.31446712,0.08470565,504.52699993,0.01998441,0.01998442,34479,105,0
5796.28109025,5796.28064275,797.25897494,797.27466764,0.06364675,504.73970705,0.01998442,0.01998442,34478,105,0
5796.45038877,5796.44877331,803.15665750,803.21334245,0.03547005,504.95098215,0.01998442,0.01998442,34477,105,0
5796.61623766,5796.61691362,809.05834455,809.03461111,0.03015523,505.15743733,0.01998441,0.01998442,34476,105,0
5796.78561339,5796.78506369,814.96408764,814.98340022,0.09072773,505.36775737,0.01998442,0.01998442,34475,105,0
5796.95284027,5796.95322351,820.87393855,820.86046545,0.03806306,505.57488874,0.01998441,0.01998442,34474,105,0
5797.12044091,5797.12139310,826.78794925,826.75445293,0.07816578,505.78196481,0.01998441,0.01998442,34473,105,0
5797.29046088,5797.28957244,832.70615876,832.73743330,0.07955547,505.99150001,0.01998442,0.01998442,34472,105,0
5797.45851110,5797.45776154,838.62856762,838.65497049,0.10749514,506.19808177,0.01998442,0.01998442,34471,105,0
5797.62617985,5797.62596039,844.55516934,844.56290464,0.07278375,506.40367203,0.01998442,0.01998442,34470,105,0
5797.79387794,5797.79416901,850.48595737,850.47569130,0.02610862,506.60877463,0.01998441,0.01998442,34469,105,0
5797.96215570,5797.96238740,856.42092513,856.41274808,0.07752607,506.81405827,0.01998441,0.01998442,34468,105,0
5798.13081301,5798.13061554,862.36006660,862.36704041,0.07171663,507.01927279,0.01998442,0.01998442,34467,105,0
5798.29827809,5798.29885345,868.30341988,868.28308746,0.06886026,507.22250956,0.01998441,0.01998442,34466,105,0
5798.46741421,5798.46710112,874.25109805,874.26216976,0.05570704,507.42724377,0.01998442,0.01998442,34465,105,0
5798.63520264,5798.63535855,880.20322190,880.19770462,0.07156502,507.62982258,0.01998442,0.01998442,34464,105,0
5798.80305862,5798.80362576,886.15991271,886.13982873,0.05399421,507.83196335,0.01998441,0.01998442,34463,105,0
5798.97080870,5798.97190272,892.12129228,892.08252093,0.06067711,508.03346007,0.01998441,0.01998442,34462,105,0
5799.13989815,5799.14018946,898.08747409,898.07714240,0.05601654,508.23604540,0.01998442,0.01998442,34461,105,0
5799.30814901,5799.30848597,904.05838784,904.04642879,0.02812807,508.43710377,0.01998442,0.01998442,34460,105,0
5799.47686729,5799.47679224,910.03378826,910.03645366,0.05411972,508.63818781,0.01998442,0.01998442,34459,105,0
5799.64536537,5799.64510828,916.01342212,916.02255849,0.04950839,508.83846692,0.01998442,0.01998442,34458,105,0
5799.81342644,5799.81343410,921.99703513,921.99676287,0.01831455,509.03767677,0.01998442,0.01998442,34457,105,0
5799.98083058,5799.98176968,927.98437190,927.95096106,0.05929403,509.23555243,0.01998441,0.01998442,34456,105,0
5800.14935696,5800.15011504,933.97521510,933.94823051,0.05224353,509.43418629,0.01998441,0.01998442,34455,105,0
5800.31795978,5800.31847017,939.96967196,939.95149373,0.07004040,509.63234204,0.01998442,0.01998442,34454,105,0
5800.48696984,5800.48683508,945.96801138,945.97281408,0.04241432,509.83041381,0.01998442,0.01998442,34453,105,0
5800.65390023,5800.65520976,951.97050458,951.92380501,0.04168186,510.02550294,0.01998441,0.01998442,34452,105,0
5800.82432249,5800.82359422,957.97742391,958.00341339,0.03982108,510.22412155,0.01998442,0.01998442,34451,105,0
5800.99223323,5800.99198845,963.98904292,963.99778479,0.02953361,510.41927578,0.01998442,0.01998442,34450,105,0
5801.15957304,5801.16039247,970.00554782,969.97626171,0.03494344,510.61324028,0.01998442,0.01998442,34449,105,0
5801.32942529,5801.32880626,976.02680327,976.04894313,0.06302387,510.80957384,0.01998442,0.01998442,34448,105,0
5801.49598974,5801.49722983,982.05259993,982.00821774,0.17003005,511.00156750,0.01998441,0.01998442,34447,105,0
5801.66533405,5801.66566318,988.08272754,988.07094049,0.04534297,511.19620950,0.01998442,0.01998442,34446,105,0
5801.83369168,5801.83410631,994.11697491,994.10211677,0.03680683,511.38915371,0.01998442,0.01998442,34445,105,0
5802.00322608,5802.00255923,1000.15513203,1000.17904227,0.03430881,511.58287047,0.01998442,0.01998442,34444,105,0
5802.17046881,5802.17102192,1006.19712405,1006.17728074,0.05567677,511.77339869,0.01998442,0.01998442,34443,105,0
5802.34026371,5802.33949440,1012.24309343,1012.27071003,0.04461858,511.96625862,0.01998442,0.01998442,34442,105,0
5802.50747830,5802.50797667,1018.29320277,1018.27530081,0.06280198,512.15562457,0.01998442,0.01998442,34441,105,0
5802.67594449,5802.67646872,1024.34761536,1024.32877200,0.07710788,512.34584657,0.01998442,0.01998442,34440,105,0
5802.84627194,5802.84497056,1030.40649522,1030.45330592,0.04714957,512.53760120,0.01998442,0.01998442,34439,105,0
5803.01472783,5803.01348218,1036.46999599,1036.51483371,0.07110968,512.72668950,0.01998442,0.01998442,34438,105,0
5803.18260881,5803.18200359,1042.53812781,1042.55992816,0.07047252,512.91457789,0.01998442,0.01998442,34437,105,0
5803.34956103,5803.35053479,1048.61079987,1048.57570049,0.07669671,513.10087357,0.01998442,0.01998442,34436,105,0
5803.51857520,5803.51907578,1054.68791887,1054.66986327,0.04640094,513.28890380,0.01998442,0.01998442,34435,105,0
5803.68662715,5803.68762656,1060.76939110,1060.73331965,0.02849724,513.47529438,0.01998442,0.01998442,34434,105,0
5803.85687145,5803.85618714,1066.85512242,1066.87983671,0.03377281,513.66353349,0.01998442,0.01998442,34433,105,0
5804.02488058,5804.02475750,1072.94503939,1072.94948725,0.04255715,513.84872226,0.01998442,0.01998442,34432,105,0
5804.19184971,5804.19333766,1079.03915973,1078.98535367,0.02981853,514.03219413,0.01998441,0.01998442,34431,105,0
5804.36190945,5804.36192761,1085.13752601,1085.13686880,0.03498795,514.21847738,0.01998442,0.01998442,34430,105,0
5804.52989635,5804.53052736,1091.24018097,1091.21733363,0.04646562,514.40191063,0.01998442,0.01998442,34429,105,0
5804.69869072,nan,0.00000000,1097.33225440,0.04101600,514.58568309,0.01998442,0.01998442,34428,105,1
5804.86792375,5804.86775624,1103.45852958,1103.46460289,0.07732712,514.76927407,0.01998442,0.01998442,34427,105,0
5805.03578546,5805.03638538,1109.57435547,1109.55259009,0.08385114,514.95083836,0.01998442,0.01998442,34426,105,0
5805.20502304,5805.20502431,1115.69480246,1115.69475642,0.07400099,515.13331310,0.01998442,0.01998442,34425,105,0
5805.37398212,5805.37367305,1121.82003437,1121.83126386,0.05606183,515.31491221,0.01998442,0.01998442,34424,105,0
5805.54154293,5805.54233158,1127.95021575,1127.92153999,0.02583199,515.49444398,0.01998442,0.01998442,34423,105,0
5805.71019991,5805.71099992,1134.08551188,1134.05640016,0.04757563,515.67458579,0.01998441,0.01998442,34422,105,0
5805.87864893,5805.87967805,1140.22606242,1140.18858360,0.06220401,515.85394269,0.01998441,0.01998442,34421,105,0
5806.04800314,5806.04836599,1146.37175351,1146.35852914,0.06003202,516.03369137,0.01998442,0.01998442,34420,105,0
5806.21628518,5806.21706373,1152.52232841,1152.49393301,0.05891770,516.21172486,0.01998442,0.01998442,34419,105,0
5806.38570545,5806.38577128,1158.67752763,1158.67512503,0.07448086,516.39037217,0.01998442,0.01998442,34418,105,0
5806.55370618,5806.55448863,1164.83709052,1164.80851589,0.02867566,516.56692877,0.01998442,0.01998442,34417,105,0
5806.72357402,5806.72321579,1171.00075542,1171.01384550,0.03488524,516.74483731,0.01998442,0.01998442,34416,105,0
5806.89135883,5806.89195276,1177.16838898,1177.14667346,0.04147068,516.91995674,0.01998442,0.01998442,34415,105,0
5807.06087539,5807.06069953,1183.34021244,1183.34664638,0.05282588,517.09627554,0.01998442,0.01998442,34414,105,0
5807.22978941,5807.22945611,1189.51650846,1189.52871121,0.06898422,517.27136636,0.01998442,0.01998442,34413,105,0
5807.39825630,5807.39822250,1195.69756095,1195.69879943,0.03197638,517.44540240,0.01998442,0.01998442,34412,105,0
5807.56759855,5807.56699870,1201.88365511,1201.90564981,0.03240550,517.61975409,0.01998442,0.01998442,34411,105,0
5807.73601780,5807.73578471,1208.07506371,1208.08361712,0.03866539,517.79257608,0.01998442,0.01998442,34410,105,0
5807.90420206,5807.90458054,1214.27181794,1214.25791800,0.04898277,517.96457945,0.01998442,0.01998442,34409,105,0
5808.07284786,5808.07338618,1220.47374107,1220.45395600,0.06557903,518.13646876,0.01998442,0.01998442,34408,105,0
5808.24264303,5808.24220163,1226.68064880,1226.69688380,0.05451160,518.30892979,0.01998442,0.01998442,34407,105,0
5808.41097708,5808.41102689,1232.89235600,1232.89052255,0.04793975,518.47930603,0.01998442,0.01998442,34406,105,0
5808.57994863,5808.57986197,1239.10867663,1239.11186842,0.05079573,518.64971929,0.01998442,0.01998442,34405,105,0
5808.74736868,5808.74870687,1245.32947508,1245.28015557,0.07068702,518.81796169,0.01998441,0.01998442,34404,105,0
5808.91635144,5808.91756159,1251.55481139,1251.51018074,0.06507346,518.98716284,0.01998441,0.01998442,34403,105,0
5809.08575248,5809.08642612,1257.78479291,1257.75993152,0.05007629,519.15616747,0.01998442,0.01998442,34402,105,0
5809.25443005,5809.25530047,1264.01952747,1263.98738071,0.03684168,519.32383954,0.01998442,0.01998442,34401,105,0
5809.42366569,5809.42418464,1270.25912338,1270.23994321,0.04277957,519.49145521,0.01998442,0.01998442,34400,105,0
5809.59165408,5809.59307863,1276.50368661,1276.45099689,0.07145021,519.65723136,0.01998441,0.01998442,34399,105,0
5809.76321106,5809.76198245,1282.75325611,1282.79873277,0.05251001,519.82590722,0.01998442,0.01998442,34398,105,0
5809.92984471,5809.93089608,1289.00780219,1288.96885765,0.03787193,519.98913839,0.01998442,0.01998442,34397,105,0
5810.09896769,5810.09981954,1295.26729196,1295.23571493,0.04679093,520.15419692,0.01998442,0.01998442,34396,105,0
5810.26876566,5810.26875282,1301.53169235,1301.53216857,0.05679899,520.31929234,0.01998442,0.01998442,34395,105,0
5810.43768293,5810.43769593,1307.80097012,1307.80048750,0.05389840,520.48291068,0.01998442,0.01998442,34394,105,0
5810.60720712,5810.60664886,1314.07509013,1314.09582871,0.05146225,520.64649186,0.01998442,0.01998442,34393,105,0
5810.77449731,5810.77561162,1320.35401000,1320.31258610,0.06996326,520.80730086,0.01998442,0.01998442,34392,105,0
5810.94381756,5810.94458421,1326.63768535,1326.60916579,0.04923150,520.96943497,0.01998442,0.01998442,34391,105,0
5811.11372852,5811.11356663,1332.92607159,1332.93209824,0.02811975,521.13149859,0.01998442,0.01998442,34390,105,0
5811.28198223,5811.28255887,1339.21912388,1339.19764339,0.03571805,521.29135088,0.01998442,0.01998442,34389,105,0
5811.45208824,5811.45156095,1345.51680214,1345.53645777,0.07456553,521.45232246,0.01998442,0.01998442,34388,105,0
5811.62107769,5811.62057285,1351.81916913,1351.83800072,0.03208144,521.61159981,0.01998442,0.01998442,34387,105,0
5811.78963632,5811.78959459,1358.12638551,1358.12794325,0.03492048,521.76984047,0.01998442,0.01998442,34386,105,0
5811.95954739,5811.95862616,1364.43861654,1364.47303139,0.06187484,521.92871588,0.01998442,0.01998442,34385,105,0
5812.12768809,5812.12766757,1370.75602826,1370.75679549,0.03562189,522.08531086,0.01998442,0.01998442,34384,105,0
5812.29677352,5812.29671881,1377.07878745,1377.08083456,0.02164491,522.24216106,0.01998442,0.01998442,34383,105,0
5812.46557305,5812.46577988,1383.40699999,1383.39925515,0.05938510,522.39812206,0.01998442,0.01998442,34382,105,0
5812.63475570,5812.63485079,1389.74057200,1389.73700852,0.03397962,522.55380732,0.01998442,0.01998442,34381,105,0
5812.80491082,5812.80393154,1396.07936861,1396.11609553,0.03151018,522.70974643,0.01998442,0.01998442,34380,105,0
5812.97320695,5812.97302212,1402.42325428,1402.43019119,0.05365014,522.86334449,0.01998442,0.01998442,34379,105,0
5813.14238969,5813.14212254,1408.77209283,1408.78212645,0.04626999,523.01710783,0.01998442,0.01998442,34378,105,0
5813.31174919,5813.31123281,1415.12575428,1415.14516202,0.03073976,523.17038044,0.01998442,0.01998442,34377,105,0
5813.48044233,5813.48035291,1421.48419525,1421.48755821,0.06053277,523.32239948,0.01998442,0.01998442,34376,105,0
5813.64899290,5813.64948286,1427.84743214,1427.82899209,0.03581833,523.47364044,0.01998442,0.01998442,34375,105,0
5813.81872156,5813.81862264,1434.21548260,1434.21920816,0.03370835,523.62528117,0.01998442,0.01998442,34374,105,0
5813.98767944,5813.98777227,1440.58836436,1440.58486544,0.06623527,523.77557694,0.01998442,0.01998442,34373,105,0
5814.15719350,5814.15693175,1446.96609578,1446.97596809,0.02291194,523.92570820,0.01998442,0.01998442,34372,105,0
5814.32653792,5814.32610107,1453.34877331,1453.36526178,0.06282336,524.07503049,0.01998442,0.01998442,34371,105,0
5814.49562072,5814.49528023,1459.73665003,1459.74951124,0.04673423,524.22346943,0.01998442,0.01998442,34370,105,0
5814.66344982,5814.66446924,1466.12999884,1466.09146113,0.01670432,524.37016732,0.01998442,0.01998442,34369,105,0
5814.83281541,5814.83366810,1472.52909395,1472.49683134,0.06654683,524.51756581,0.01998442,0.01998442,34368,105,0
5815.00227368,5815.00287680,1478.93421092,1478.91137025,0.03077365,524.66440342,0.01998442,0.01998442,34367,105,0
5815.17268131,5815.17209536,1485.34555225,1485.36776279,0.06705107,524.81141913,0.01998442,0.01998442,34366,105,0
5815.34268977,5815.34132376,1491.76286458,1491.81468661,0.02883819,524.95743844,0.01998442,0.01998442,34365,105,0
5815.51022420,5815.51056202,1498.18571990,1498.17289411,0.03435386,525.10068418,0.01998442,0.01998442,34364,105,0
5815.68034691,5815.67981013,1504.61368775,1504.63408170,0.05125994,525.24547255,0.01998442,0.01998442,34363,105,0
5815.84851521,5815.84906809,1511.04633554,1511.02531696,0.03480540,525.38792238,0.01998442,0.01998442,34362,105,0
5816.01895343,5816.01833590,1517.48324599,1517.50673637,0.06205640,525.53159918,0.01998442,0.01998442,34361,105,0
5816.18784218,5816.18761357,1523.92439680,1523.93309826,0.01753962,525.67327693,0.01998442,0.01998442,34360,105,0
5816.35664915,5816.35690109,1530.37016096,1530.36056479,0.06508449,525.81420360,0.01998442,0.01998442,34359,105,0
5816.52627212,5816.52619847,1536.82093028,1536.82373777,0.02828254,525.95513120,0.01998442,0.01998442,34358,105,0
5816.69527618,5816.69550571,1543.27709855,1543.26834266,0.04835786,526.09487318,0.01998442,0.01998442,34357,105,0
5816.86448548,5816.86482280,1549.73906100,1549.72618180,0.06512391,526.23412009,0.01998442,0.01998442,34356,105,0
5817.03430404,5817.03414975,1556.20705474,1556.21295077,0.04025510,526.37320271,0.01998442,0.01998442,34355,105,0
5817.20270337,5817.20348656,1562.68092759,1562.65097318,0.06852381,526.51045919,0.01998442,0.01998442,34354,105,0
5817.37250276,5817.37283323,1569.16046816,1569.14781855,0.02187297,526.64818104,0.01998442,0.01998442,34353,105,0
5817.54095971,5817.54218977,1575.64546401,1575.59834495,0.07253468,526.78413717,0.01998442,0.01998442,34352,105,0
5817.71060749,5817.71155616,1582.13570159,1582.09933464,0.03343081,526.92036667,0.01998442,0.01998442,34351,105,0
5817.88082833,5817.88093242,1588.63100533,1588.62701250,0.05719347,527.05635725,0.01998442,0.01998442,34350,105,0
5818.04927731,5818.05031854,1595.13143864,1595.09146534,0.02677261,527.19024242,0.01998442,0.01998442,34349,105,0
5818.21992503,5818.21971452,1601.63715633,1601.64524398,0.05581282,527.32517688,0.01998442,0.01998442,34348,105,0
5818.38883119,5818.38912038,1608.14831415,1608.13719469,0.02721921,527.45804354,0.01998442,0.01998442,34347,105,0
5818.55838835,5818.55853609,1614.66506863,1614.65938314,0.05952747,527.59073244,0.01998442,0.01998442,34346,105,0
5818.72805116,5818.72796168,1621.18756926,1621.19101543,0.02227689,527.72281327,0.01998442,0.01998442,34345,105,0
5818.89691124,5818.89739713,1627.71583571,1627.69710680,0.06919271,527.85358154,0.01998442,0.01998442,34344,105,0
5819.06729872,5819.06684245,1634.24977949,1634.26738043,0.06921625,527.98483353,0.01998442,0.01998442,34343,105,0
5819.23650220,5819.23629764,1640.78930838,1640.79720558,0.03534166,528.11447470,0.01998442,0.01998442,34342,105,0
5819.40614337,5819.40576271,1647.33432971,1647.34903714,0.05986788,528.24374841,0.01998442,0.01998442,34341,105,0
5819.57565704,5819.57523764,1653.88475142,1653.90096793,0.04441085,528.37221836,0.01998442,0.01998442,34340,105,0
5819.74432403,5819.74472245,1660.44056195,1660.42514504,0.06243763,528.49934349,0.01998442,0.01998442,34339,105,0
5819.91384020,5819.91421713,1667.00188367,1666.98728675,0.02613643,528.62640246,0.01998442,0.01998442,34338,105,0
5820.08423288,5820.08372168,1673.56885211,1673.58866517,0.04748164,528.75340565,0.01998442,0.01998442,34337,105,0
5820.25432346,5820.25323611,1680.14160349,1680.18378220,0.03150048,528.87947162,0.01998442,0.01998442,34336,105,0
5820.42228188,5820.42276041,1686.72027471,1686.70169660,0.07280161,529.00325977,0.01998442,0.01998442,34335,105,0
5820.59327948,5820.59229459,1693.30494676,1693.34321566,0.04254715,529.12857521,0.01998442,0.01998442,34334,105,0
5820.76226185,5820.76183865,1699.89551706,1699.91197440,0.03290651,529.25170345,0.01998442,0.01998442,34333,105,0
5820.93209487,5820.93139259,1706.49184522,1706.51917754,0.05824952,529.37473534,0.01998442,0.01998442,34332,105,0
5821.10138746,5821.10095641,1713.09379005,1713.11057947,0.04240392,529.49665658,0.01998442,0.01998442,34331,105,0
5821.26979161,5821.27053010,1719.70120967,1719.67242372,0.05936855,529.61722114,0.01998442,0.01998442,34330,105,0
5821.44020750,5821.44011368,1726.31399077,1726.31765043,0.05401038,529.73849413,0.01998442,0.01998442,34329,105,0
5821.60979610,5821.60970714,1732.93220280,1732.93567553,0.04792362,529.85844699,0.01998442,0.01998442,34328,105,0
5821.77873619,5821.77931048,1739.55598615,1739.53354854,0.06492946,529.97721632,0.01998442,0.01998442,34327,105,0
5821.94855588,5821.94892371,1746.18548208,1746.17109908,0.01758593,530.09587549,0.01998442,0.01998442,34326,105,0
5822.11837141,5822.11854682,1752.82083258,1752.81396782,0.07470042,530.21380186,0.01998442,0.01998442,34325,105,0
5822.28867730,5822.28817982,1759.46217174,1759.48165711,0.05520259,530.33133602,0.01998442,0.01998442,34324,105,0
5822.45775909,5822.45782270,1766.10953194,1766.10703837,0.02818536,530.44729794,0.01998442,0.01998442,34323,105,0
5822.62726773,5822.62747547,1772.76287860,1772.75472817,0.07221588,530.56282232,0.01998442,0.01998442,34322,105,0
5822.79715778,5822.79713813,1779.42217580,1779.42294769,0.03689798,530.67787024,0.01998442,0.01998442,34321,105,0
5822.96704510,5822.96681067,1786.08738740,1786.09660031,0.07555570,530.79217637,0.01998442,0.01998442,34320,105,0
5823.13664494,5823.13649311,1792.75847718,1792.76444872,0.02844934,530.90554831,0.01998442,0.01998442,34319,105,0
5823.30702729,5823.30618544,1799.43541212,1799.46855054,0.04286525,531.01869544,0.01998442,0.01998442,34318,105,0
5823.47549354,5823.47588765,1806.11816244,1806.10263611,0.03079737,531.12983054,0.01998442,0.01998442,34317,105,0
5823.64565890,5823.64559976,1812.80669834,1812.80902991,0.06922128,531.24133743,0.01998442,0.01998442,34316,105,0
5823.81557077,5823.81532177,1819.50098986,1819.51081529,0.05856593,531.35192450,0.01998442,0.01998442,34315,105,0
5823.98533123,5823.98505367,1826.20100766,1826.21196865,0.08305938,531.46165835,0.01998442,0.01998442,34314,105,0
5824.15530376,5824.15479546,1832.90676755,1832.92685646,0.03085934,531.57077177,0.01998442,0.01998442,34313,105,0
5824.32475418,5824.32454715,1839.61835327,1839.62654236,0.04744882,531.67879484,0.01998442,0.01998442,34312,105,0
5824.49447698,5824.49430873,1846.33585456,1846.34251511,0.05172823,531.78623507,0.01998442,0.01998442,34311,105,0
5824.66389821,5824.66408022,1853.05936164,1853.05215047,0.04019490,531.89272864,0.01998442,0.01998442,34310,105,0
5824.83368250,5824.83386160,1859.78896519,1859.78186332,0.06880930,531.99869221,0.01998442,0.01998442,34309,105,0
5825.00421904,5825.00365288,1866.52475835,1866.54722827,0.04659252,532.10436046,0.01998442,0.01998442,34308,105,0
5825.17357930,5825.17345406,1873.26683885,1873.27181385,0.05745624,532.20854058,0.01998442,0.01998442,34307,105,0
5825.34309176,5825.34326514,1880.01530546,1880.00841212,0.03986618,532.31205590,0.01998442,0.01998442,34306,105,0
5825.51257775,5825.51308612,1886.77025743,1886.75002671,0.06548646,532.41479570,0.01998442,0.01998442,34305,105,0
5825.68260959,5825.68291701,1893.53179446,1893.51954931,0.04478403,532.51710257,0.01998442,0.01998442,34304,105,0
5825.85299929,5825.85275780,1900.29993081,1900.30955851,0.05237472,532.61885516,0.01998442,0.01998442,34303,105,0
5826.02226643,5826.02260849,1907.07444332,1907.06079413,0.02572423,532.71916890,0.01998442,0.01998442,34302,105,0
5826.19305592,5826.19246909,1913.85506690,1913.87850199,0.07037105,532.81960230,0.01998442,0.01998442,34301,105,0
5826.36228419,5826.36233960,1920.64153500,1920.63932030,0.05147733,532.91833626,0.01998442,0.01998442,34300,105,0
5826.53249549,5826.53222001,1927.43357961,1927.44459740,0.03811089,533.01685324,0.01998442,0.01998442,34299,105,0
5826.70295436,5826.70211034,1934.23105196,1934.26483517,0.06244032,533.11471485,0.01998443,0.01998442,34298,105,0
5826.87159627,5826.87201057,1941.03421886,1941.01762276,0.02733024,533.21074864,0.01998442,0.01998442,34297,105,0
5827.04150046,5827.04192071,1947.84343834,1947.82658967,0.06774145,533.30671494,0.01998442,0.01998442,34296,105,0
5827.21244440,5827.21184076,1954.65907037,1954.68329423,0.06870699,533.40247487,0.01998442,0.01998442,34295,105,0
5827.38172400,5827.38177072,1961.48147688,1961.47960036,0.04418160,533.49652066,0.01998442,0.01998442,34294,105,0
5827.55162869,5827.55171059,1968.31090525,1968.30761240,0.04188736,533.59013232,0.01998442,0.01998442,34293,105,0
5827.72138009,5827.72166038,1975.14713450,1975.13585487,0.05566826,533.68287223,0.01998442,0.01998442,34292,105,0
5827.89150906,5827.89162008,1981.98982410,1981.98535220,0.02272764,533.77502178,0.01998442,0.01998442,34291,105,0
5828.06097555,5828.06158970,1988.83863160,1988.81387484,0.06116941,533.86601281,0.01998442,0.01998442,34290,105,0
5828.23197363,5828.23156923,1995.69321264,1995.70952650,0.06531513,533.95701039,0.01998442,0.01998442,34289,105,0
5828.40161629,5828.40155868,2002.55330169,2002.55562731,0.04776879,534.04647138,0.01998442,0.01998442,34288,105,0
5828.57180577,5828.57155805,2009.41898654,2009.42899512,0.05357896,534.13540392,0.01998442,0.01998442,34287,105,0
5828.74159616,5828.74156733,2016.29045282,2016.29161835,0.05050783,534.22331300,0.01998442,0.01998442,34286,105,0
5828.91228003,5828.91158654,2023.16788715,2023.19595133,0.05810333,534.31086454,0.01998443,0.01998442,34285,105,0
5829.08112730,5829.08161566,2030.05147722,2030.03169777,0.02562283,534.39666512,0.01998442,0.01998442,34284,105,0
5829.25102954,5829.25165471,2036.94141459,2036.91607181,0.05968248,534.48218985,0.01998442,0.01998442,34283,105,0
5829.42152658,5829.42170367,2043.83790462,2043.83071897,0.06178753,534.56719544,0.01998442,0.01998442,34282,105,0
5829.59148517,5829.59176256,2050.74115734,2050.72989169,0.05341747,534.65111661,0.01998442,0.01998442,34281,105,0
5829.76133108,5829.76183138,2057.65138397,2057.63104593,0.04926850,534.73416832,0.01998442,0.01998442,34280,105,0
5829.93079896,5829.93191012,2064.56879691,2064.52358164,0.03258136,534.81622431,0.01998442,0.01998442,34279,105,0
5830.10291086,5830.10199878,2071.49355066,2071.53070246,0.03466382,534.89873063,0.01998443,0.01998442,34278,105,0
5830.27175391,5830.27209737,2078.42555128,2078.41154758,0.04452707,534.97885352,0.01998442,0.01998442,34277,105,0
5830.44186724,5830.44220589,2085.36463851,2085.35081791,0.04152762,535.05875697,0.01998442,0.01998442,34276,105,0
5830.61222577,5830.61232433,2092.31065113,2092.30662485,0.04934876,535.13794402,0.01998442,0.01998442,34275,105,0
5830.78304888,5830.78245271,2099.26342698,2099.28780230,0.04785957,535.21650705,0.01998442,0.01998442,34274,105,0
5830.95354758,5830.95259101,2106.22282866,2106.26197387,0.04727263,535.29407810,0.01998443,0.01998442,34273,105,0
5831.12273943,5831.12273925,2113.18881370,2113.18882107,0.06641255,535.37021937,0.01998442,0.01998442,34272,105,0
5831.29298554,5831.29289741,2120.16136167,2120.16497437,0.05559345,535.44599266,0.01998442,0.01998442,34271,105,0
5831.46317106,5831.46306551,2127.14045197,2127.14478254,0.06115347,535.52089174,0.01998442,0.01998442,34270,105,0
5831.63394921,5831.63324355,2134.12606393,2134.15504354,0.06307770,535.59519747,0.01998443,0.01998442,34269,105,0
5831.80339465,5831.80343151,2141.11821602,2141.11670101,0.05980142,535.66807546,0.01998442,0.01998442,34268,105,0
5831.97366891,5831.97362941,2148.11704762,2148.11867263,0.06628133,535.74045817,0.01998442,0.01998442,34267,105,0
5832.14391967,5832.14383725,2155.12272199,2155.12611579,0.07657859,535.81197642,0.01998442,0.01998442,34266,105,0
5832.31489951,5832.31405502,2162.13540331,2162.17021131,0.06786749,535.88294011,0.01998443,0.01998442,34265,105,0
5832.48505047,5832.48428274,2169.15525646,2169.18693192,0.05869472,535.95270240,0.01998443,0.01998442,34264,105,0
5832.65476266,5832.65452039,2176.18237836,2176.19238388,0.04073822,536.02143105,0.01998442,0.01998442,34263,105,0
5832.82483483,5832.82476797,2183.21670258,2183.21946611,0.06778898,536.08944679,0.01998442,0.01998442,34262,105,0
5832.99455162,5832.99502550,2190.25813842,2190.23853050,0.03453497,536.15645996,0.01998442,0.01998442,34261,105,0
5833.16567162,5833.16529297,2197.30659463,2197.32227631,0.05181631,536.22315342,0.01998443,0.01998442,34260,105,0
5833.33537352,5833.33557039,2204.36197935,2204.35381867,0.04443395,536.28842421,0.01998442,0.01998442,34259,105,0
5833.50608559,5833.50585774,2211.42419499,2211.43364839,0.05307093,536.35320595,0.01998442,0.01998442,34258,105,0
5833.67649190,5833.67615504,2218.49313442,2218.50712315,0.02994838,536.41699030,0.01998443,0.01998442,34257,105,0
5833.84604037,5833.84646229,2225.56868893,2225.55115254,0.03338554,536.47957617,0.01998442,0.01998442,34256,105,0
5834.01626610,5834.01677948,2232.65074914,2232.62939298,0.03927145,536.54152820,0.01998442,0.01998442,34255,105,0
5834.18673865,5834.18710661,2239.73920956,2239.72388983,0.04282354,536.60267921,0.01998442,0.01998442,34254,105,0
5834.35654908,5834.35744370,2246.83411808,2246.79683940,0.05459389,536.66270440,0.01998442,0.01998442,34253,105,0
5834.52801392,5834.52779073,2253.93571048,2253.94501924,0.06396364,536.72241434,0.01998443,0.01998442,34252,105,0
5834.69835817,5834.69814771,2261.04423534,2261.05302160,0.06150284,536.78083801,0.01998443,0.01998442,34251,105,0
5834.86915118,5834.86851464,2268.15994265,2268.18654226,0.05974286,536.83851833,0.01998443,0.01998442,34250,105,0
5835.03945075,5835.03889152,2275.28307417,2275.30646632,0.04222147,536.89513664,0.01998443,0.01998442,34249,105,0
5835.20891442,5835.20927835,2282.41371677,2282.39847905,0.03232300,536.95058741,0.01998442,0.01998442,34248,105,0
5835.37899212,5835.37967514,2289.55183204,2289.52320558,0.02672372,537.00534371,0.01998442,0.01998442,34247,105,0
5835.54929557,5835.55008187,2296.69737772,2296.66439017,0.05585061,537.05927076,0.01998442,0.01998442,34246,105,0
5835.71966637,5835.72049857,2303.85031130,2303.81536468,0.04550135,537.11231291,0.01998442,0.01998442,34245,105,0
5835.89103539,5835.89092521,2311.01058274,2311.01521381,0.07227377,537.16474827,0.01998442,0.01998442,34244,105,0
5836.06151315,5836.06136182,2318.17808201,2318.18444893,0.04457952,537.21599423,0.01998443,0.01998442,34243,105,0
5836.23215810,5836.23180838,2325.35266886,2325.36739656,0.03552159,537.26637108,0.01998443,0.01998442,34242,105,0
5836.40242737,5836.40226490,2332.53420195,2332.54105008,0.04014012,537.31571655,0.01998443,0.01998442,34241,105,0
5836.57274144,5836.57273137,2339.72253907,2339.72296393,0.06292364,537.36415162,0.01998442,0.01998443,34240,105,0
5836.74359260,5836.74320781,2346.91761453,2346.93386210,0.05802106,537.41180852,0.01998443,0.01998443,34239,105,0
5836.91306641,5836.91369421,2354.11970063,2354.09316708,0.04981147,537.45815927,0.01998442,0.01998443,34238,105,0
5837.08455877,5837.08419057,2361.32916378,2361.34474125,0.04799264,537.50412703,0.01998443,0.01998443,34237,105,0
5837.25389198,5837.25469689,2368.54637261,2368.51228450,0.03771061,537.54859256,0.01998442,0.01998443,34236,105,0
5837.42534808,5837.42521317,2375.77169715,2375.77741670,0.04058548,537.59267983,0.01998442,0.01998443,34235,105,0
5837.59607599,5837.59573942,2383.00532587,2383.01961069,0.06177085,537.63564225,0.01998443,0.01998443,34234,105,0
5837.76674474,5837.76627563,2390.24703718,2390.26696789,0.04980635,537.67765017,0.01998443,0.01998443,34233,105,0
5837.93699369,5837.93682181,2397.49655236,2397.50386230,0.04544623,537.71861408,0.01998443,0.01998443,34232,105,0
5838.10785746,5838.10737795,2404.75359088,2404.77400321,0.04339396,537.75877677,0.01998443,0.01998443,34231,105,0
5838.27812052,5838.27794406,2412.01787624,2412.02539475,0.05722045,537.79784802,0.01998443,0.01998443,34230,105,0
5838.44883869,5838.44852014,2419.28929975,2419.30288548,0.04549675,537.83606798,0.01998443,0.01998443,34229,105,0
5838.62009618,5838.61910619,2426.56794455,2426.61020604,0.04147341,537.87344479,0.01998443,0.01998443,34228,105,0
5838.78951448,5838.78970221,2433.85390473,2433.84588304,0.06691432,537.90946797,0.01998442,0.01998443,34227,105,0
5838.96062360,5838.96030820,2441.14727492,2441.16076485,0.05162896,537.94488699,0.01998443,0.01998443,34226,105,0
5839.13070927,5839.13092416,2448.44816176,2448.43896161,0.03916391,537.97913200,0.01998442,0.01998443,34225,105,0
5839.30105196,5839.30155010,2455.75678011,2455.73543208,0.04970820,538.01246535,0.01998442,0.01998443,34224,105,0
5839.47243932,5839.47218600,2463.07340523,2463.08427268,0.05001081,538.04502830,0.01998443,0.01998443,34223,105,0
5839.64280914,5839.64283189,2470.39831469,2470.39733791,0.04123756,538.07642685,0.01998442,0.01998443,34222,105,0
5839.81321267,5839.81348774,2477.73178781,2477.71996059,0.07161970,538.10686104,0.01998442,0.01998443,34221,105,0
5839.98530493,5839.98415358,2485.07397091,2485.12353062,0.06420398,538.13660887,0.01998443,0.01998443,34220,105,0
5840.15514605,5840.15482939,2492.42451195,2492.43815660,0.03247648,538.16498937,0.01998443,0.01998443,34219,105,0
5840.32579889,5840.32551518,2499.78294098,2499.79517784,0.05141850,538.19252177,0.01998443,0.01998443,34218,105,0
5840.49724041,5840.49621094,2507.14878500,2507.19322875,0.04618957,538.21918368,0.01998443,0.01998443,34217,105,0
5840.66721602,5840.66691669,2514.52157397,2514.53450756,0.04033915,538.24462591,0.01998443,0.01998443,34216,105,0
5840.83739777,5840.83763242,2521.90116150,2521.89101380,0.07227618,538.26910659,0.01998443,0.01998443,34215,105,0
5841.00798569,5841.00835813,2529.28788777,2529.27176615,0.03008742,538.29264756,0.01998442,0.01998443,34214,105,0
5841.17894987,5841.17909382,2536.68213493,2536.67589762,0.02924345,538.31523615,0.01998443,0.01998443,34213,105,0
5841.35010778,5841.34983950,2544.08428758,2544.09592417,0.05752405,538.33684137,0.01998443,0.01998443,34212,105,0
5841.52077869,5841.52059515,2551.49470385,2551.50267298,0.02693008,538.35737771,0.01998443,0.01998443,34211,105,0
5841.69059804,5841.69136080,2558.91343831,2558.88028374,0.06163143,538.37681004,0.01998442,0.01998443,34210,105,0
5841.86224374,5841.86213643,2566.34036196,2566.34503133,0.03516414,538.39543252,0.01998443,0.01998443,34209,105,0
5842.03334036,5842.03292204,2573.77534240,2573.79356272,0.06767428,538.41297247,0.01998443,0.01998443,34208,105,0
5842.20421391,5842.20371765,2581.21824637,2581.23988292,0.03368170,538.42946676,0.01998443,0.01998443,34207,105,0
5842.37481802,5842.37452324,2588.66898856,2588.68185339,0.03258305,538.44491200,0.01998443,0.01998443,34206,105,0
5842.54524848,5842.54533882,2596.12764570,2596.12369906,0.04688301,538.45931792,0.01998443,0.01998443,34205,105,0
5842.71600344,5842.71616440,2603.59432871,2603.58728989,0.02257392,538.47272231,0.01998443,0.01998443,34204,105,0
5842.88702476,5842.88699996,2611.06914922,2611.07023503,0.05925674,538.48511225,0.01998443,0.01998443,34203,105,0
5843.05740326,5843.05784551,2618.55221978,2618.53283867,0.03710145,538.49642222,0.01998442,0.01998443,34202,105,0
5843.22827912,5843.22870106,2626.04365964,2626.02514898,0.05336972,538.50672610,0.01998442,0.01998443,34201,105,0
5843.39937577,5843.39956660,2633.54359557,2633.53521448,0.02849495,538.51599745,0.01998442,0.01998443,34200,105,0
5843.56987685,5843.57044214,2641.05215554,2641.02730190,0.05883410,538.52419220,0.01998442,0.01998443,34199,105,0
5843.74207205,5843.74132767,2648.56946829,2648.60223200,0.02755960,538.53140689,0.01998443,0.01998443,34198,105,0
5843.91314414,5843.91222320,2656.09563743,2656.13621803,0.06721303,538.53751475,0.01998443,0.01998443,34197,105,0
5844.08293306,5844.08312873,2663.63061268,2663.62198115,0.03618733,538.54252876,0.01998442,0.01998443,34196,105,0
5844.25381212,5844.25404425,2671.17428655,2671.16403568,0.06492236,538.54651722,0.01998442,0.01998443,34195,105,0
5844.42594105,5844.42496977,2678.72655069,2678.76948901,0.05531096,538.54945849,0.01998443,0.01998443,34194,105,0
5844.59660525,5844.59590530,2686.28729720,2686.31827370,0.03799362,538.55130469,0.01998443,0.01998443,34193,105,0
5844.76726913,5844.76685082,2693.85650478,2693.87503667,0.04656708,538.55208201,0.01998443,0.01998443,34192,105,0
5844.93787236,5844.93780634,2701.43429697,2701.43722470,0.03208853,538.55178733,0.01998443,0.01998443,34191,105,0
5845.10858388,5845.10877187,2709.02081175,2709.01246517,0.04605392,538.55041643,0.01998443,0.01998443,34190,105,0
5845.27969618,5845.27974740,2716.61618800,2716.61391134,0.02782078,538.54795854,0.01998443,0.01998443,34189,105,0
5845.45088086,5845.45073294,2724.22053690,2724.22711917,0.05786594,538.54441023,0.01998443,0.01998443,34188,105,0
5845.62228879,5845.62172848,2731.83373753,2731.85869749,0.04129844,538.53976194,0.01998443,0.01998443,34187,105,0
5845.79357735,5845.79273403,2739.45555464,2739.49316193,0.01419510,538.53401856,0.01998443,0.01998443,34186,105,0
5845.96357453,5845.96374958,2747.08575056,2747.07793617,0.04709883,538.52722966,0.01998443,0.01998443,34185,105,0
5846.13455547,5846.13477514,2754.72408755,2754.71427187,0.04705658,538.51930423,0.01998443,0.01998443,34184,105,0
5846.30609932,5846.30581071,2762.37051092,2762.38341994,0.06668923,538.51024359,0.01998443,0.01998443,34183,105,0
5846.47766687,5846.47685629,2770.02531910,2770.06161432,0.05034714,538.50006679,0.01998443,0.01998443,34182,105,0
5846.64726290,5846.64791188,2777.68885244,2777.65976107,0.03371812,538.48890722,0.01998442,0.01998443,34181,105,0
5846.81841008,5846.81897749,2785.36145362,2785.33598959,0.06429622,538.47653304,0.01998442,0.01998443,34180,105,0
5846.98925023,5846.99005310,2793.04343582,2793.00736287,0.05934186,538.46306219,0.01998442,0.01998443,34179,105,0
5847.16161509,5847.16113873,2800.73484976,2800.75627803,0.05906307,538.44833422,0.01998443,0.01998443,34178,105,0
5847.33265870,5847.33223437,2808.43561528,2808.45472474,0.03987670,538.43258657,0.01998443,0.01998443,34177,105,0
5847.50292704,5847.50334002,2816.14565073,2816.12703087,0.04394554,538.41578609,0.01998443,0.01998443,34176,105,0
5847.67390832,5847.67445570,2823.86487412,2823.84016733,0.04964449,538.39778294,0.01998443,0.01998443,34175,105,0
5847.84618895,5847.84558138,2831.59322761,2831.62068201,0.03367690,538.37849164,0.01998443,0.01998443,34174,105,0
5848.01635483,5848.01671709,2839.33069531,2839.31430734,0.07027125,538.35829894,0.01998443,0.01998443,34173,105,0
5848.18695436,5848.18786281,2847.07726540,2847.03612328,0.05100608,538.33691556,0.01998442,0.01998443,34172,105,0
5848.35954816,5848.35901856,2854.83292588,2854.85693744,0.04918180,538.31411770,0.01998443,0.01998443,34171,105,0
5848.52964094,5848.53018432,2862.59765466,2862.57299109,0.03696923,538.29050057,0.01998443,0.01998443,34170,105,0
5848.70054012,5848.70136010,2870.37136643,2870.33410770,0.06736359,538.26561864,0.01998443,0.01998443,34169,105,0
5848.87226628,5848.87254591,2878.15395083,2878.14123116,0.04582160,538.23944900,0.01998443,0.01998443,34168,105,0
5849.04410096,5849.04374174,2885.94529658,2885.96165398,0.04271628,538.21208827,0.01998443,0.01998443,34167,105,0
5849.21483480,5849.21494759,2893.74529766,2893.74015637,0.06544694,538.18373592,0.01998443,0.01998443,34166,105,0
5849.38576087,5849.38616347,2901.55404630,2901.53567462,0.03630554,538.15418259,0.01998443,0.01998443,34165,105,0
5849.55772000,5849.55738937,2909.37187495,2909.38697913,0.06940150,538.12326531,0.01998443,0.01998443,34164,105,0
5849.72782529,5849.72862530,2917.19913260,2917.16254220,0.06084266,538.09150639,0.01998443,0.01998443,34163,105,0
5849.89974816,5849.89987126,2925.03617074,2925.03053372,0.04564707,538.05821527,0.01998443,0.01998443,34162,105,0
5850.07141003,5850.07112724,2932.88323317,2932.89619857,0.05671163,538.02377301,0.01998443,0.01998443,34161,105,0
5850.24217803,5850.24239325,2940.74016374,2940.73028440,0.05357893,537.98831520,0.01998443,0.01998443,34160,105,0
5850.41366741,5850.41366930,2948.60671360,2948.60662692,0.05159447,537.95150527,0.01998443,0.01998443,34159,105,0
5850.58432496,5850.58495537,2956.48263202,2956.45362929,0.00742204,537.91367498,0.01998443,0.01998443,34158,105,0
5850.75496444,5850.75625147,2964.36769271,2964.30841614,0.04539559,537.87465012,0.01998442,0.01998443,34157,105,0
5850.92703125,5850.92755761,2972.26198590,2972.23771612,0.05765588,537.83408092,0.01998443,0.01998443,34156,105,0
5851.09904809,5851.09887378,2980.16581379,2980.17386034,0.05756225,537.79229548,0.01998443,0.01998443,34155,105,0
5851.26963872,5851.27019999,2988.07948458,2988.05354378,0.04638537,537.74963818,0.01998443,0.01998443,34154,105,0
5851.44160033,5851.44153623,2996.00330674,2996.00627325,0.03631449,537.70540420,0.01998443,0.01998443,34153,105,0
5851.61275032,5851.61288250,3003.93744577,3003.93132118,0.04781586,537.66014371,0.01998443,0.01998443,34152,105,0
5851.78462165,5851.78423881,3011.88182479,3011.89958462,0.05635213,537.61344832,0.01998443,0.01998443,34151,105,0
5851.95399580,5851.95560516,0.00000000,3019.77021796,0.03797845,537.56615555,0.01998442,0.01998443,34150,105,1
5852.12715639,5852.12698155,3027.80089888,3027.80902913,0.04200058,537.51665240,0.01998443,0.01998443,34149,105,0
5852.29891661,5852.29836798,3035.77543142,3035.80097411,0.02824122,537.46623592,0.01998443,0.01998443,34148,105,0
5852.47049918,5852.46976445,3043.76005787,3043.79430682,0.05190256,537.41461195,0.01998443,0.01998443,34147,105,0
5852.64164662,5852.64117096,3051.75494434,3051.77714422,0.03831378,537.36185929,0.01998443,0.01998443,34146,105,0
5852.81315834,5852.81258751,3059.76025817,3059.78693340,0.05037228,537.30772675,0.01998443,0.01998443,34145,105,0
5852.98488799,5852.98401410,3067.77613773,3067.81702626,0.05095058,537.25224863,0.01998443,0.01998443,34144,105,0
5853.15537361,5853.15545074,3075.80237606,3075.79876299,0.04240742,537.19590559,0.01998443,0.01998443,34143,105,0
5853.32707876,5853.32689743,3083.83854296,3083.84704754,0.04204515,537.13788243,0.01998443,0.01998443,34142,105,0
5853.49770223,5853.49835415,3091.88420133,3091.85359328,0.02651121,537.07895421,0.01998443,0.01998443,34141,105,0
5853.66951780,5853.66982093,3099.93892106,3099.92467403,0.04413553,537.01833360,0.01998443,0.01998443,34140,105,0
5853.84169585,5853.84129775,3108.00270366,3108.02143470,0.04709579,536.95629198,0.01998443,0.01998443,34139,105,0
5854.01259172,5854.01278462,3116.07613437,3116.06704740,0.05463236,536.89342382,0.01998443,0.01998443,34138,105,0
5854.18396466,5854.18428154,3124.15984383,3124.14489794,0.04313702,536.82908184,0.01998443,0.01998443,34137,105,0
5854.35538706,5854.35578851,3132.25446711,3132.23550715,0.04143128,536.76341097,0.01998443,0.01998443,34136,105,0
5854.52703000,5854.52730553,3140.36041451,3140.34738404,0.05700300,536.69633438,0.01998443,0.01998443,34135,105,0
5854.69967498,5854.69883261,3148.47747166,3148.51736047,0.05557117,536.62752937,0.01998443,0.01998443,34134,105,0
5854.87010861,5854.87036973,3156.60531617,3156.59293613,0.02578601,536.55828854,0.01998443,0.01998443,34133,105,0
5855.04182806,5855.04191691,3164.74362309,3164.73940546,0.06234395,536.48720001,0.01998443,0.01998443,34132,105,0
5855.21362417,5855.21347414,3172.89213397,3172.89926427,0.04979520,536.41474630,0.01998443,0.01998443,34131,105,0
5855.38566551,5855.38504143,3181.05097036,3181.08066632,0.02364167,536.34084697,0.01998443,0.01998443,34130,105,0
5855.55595728,5855.55661878,3189.22038602,3189.18886990,0.04659259,536.26636964,0.01998443,0.01998443,34129,105,0
5855.72813046,5855.72820618,3197.40063673,3197.39702438,0.04663297,536.18971770,0.01998443,0.01998443,34128,105,0
5855.90014333,5855.89980364,3205.59195617,3205.60818223,0.05197602,536.11177280,0.01998443,0.01998443,34127,105,0
5856.07161467,5856.07141116,3213.79431342,3213.80404718,0.02576546,536.03271145,0.01998443,0.01998443,34126,105,0
5856.24280583,5856.24302873,3222.00751148,3221.99683726,0.03459600,535.95242003,0.01998443,0.01998443,34125,105,0
5856.41475266,5856.41465637,3230.23134921,3230.23596592,0.04224174,535.87040427,0.01998443,0.01998443,34124,105,0
5856.58639690,5856.58629407,3238.46563336,3238.47056939,0.05363909,535.78716081,0.01998443,0.01998443,34123,105,0
5856.75917441,5856.75794184,3246.71039770,3246.76963875,0.04718716,535.70197828,0.01998443,0.01998443,34122,105,0
5856.92992676,5856.92959966,3254.96591043,3254.98165144,0.02602148,535.61641716,0.01998443,0.01998443,34121,105,0
5857.10159906,5857.10126755,3263.23245248,3263.24842626,0.04462904,535.52900735,0.01998443,0.01998443,34120,105,0
5857.27348272,5857.27294551,3271.51030504,3271.53622519,0.06606166,535.44008796,0.01998443,0.01998443,34119,105,0
5857.44450151,5857.44463353,3279.79962949,3279.79325127,0.04007759,535.35021699,0.01998443,0.01998443,34118,105,0
5857.61641967,5857.61633162,3288.10039478,3288.10465462,0.03818886,535.25846213,0.01998443,0.01998443,34117,105,0
5857.78845992,5857.78803977,3296.41255236,3296.43290467,0.04411239,535.16522107,0.01998443,0.01998443,34116,105,0
5857.96098371,5857.95975800,3304.73605321,3304.79550473,0.05304836,535.07028583,0.01998443,0.01998443,34115,105,0
5858.13159078,5858.13148629,3313.07085367,3313.07592862,0.04295861,534.97499045,0.01998443,0.01998443,34114,105,0
5858.30255590,5858.30322465,3321.41692330,3321.38440245,0.06237492,534.87807906,0.01998443,0.01998443,34113,105,0
5858.47481434,5858.47497309,3329.77423327,3329.76650344,0.06154777,534.77899621,0.01998443,0.01998443,34112,105,0
5858.64683496,5858.64673159,3338.14275449,3338.14779407,0.03844704,534.67860468,0.01998443,0.01998443,34111,105,0
5858.81822944,5858.81850017,3346.52252540,3346.50930908,0.05483595,534.57713648,0.01998443,0.01998443,34110,105,0
5858.99006991,5858.99027883,3354.91381056,3354.90359835,0.03615250,534.47395084,0.01998443,0.01998443,34109,105,0
5859.16155279,5859.16206756,3363.31692359,3363.29172649,0.06424278,534.36952008,0.01998443,0.01998443,34108,105,0
5859.33452740,5859.33386636,3371.73218062,3371.76458349,0.04958163,534.26269401,0.01998443,0.01998443,34107,105,0
5859.50615146,5859.50567524,3380.15981461,3380.18319080,0.04102743,534.15521765,0.01998443,0.01998443,34106,105,0
5859.67743975,5859.67749420,3388.59967919,3388.59700270,0.04741792,534.04647364,0.01998443,0.01998443,34105,105,0
5859.84975042,5859.84932323,3397.05152078,3397.07254701,0.03527721,533.93558862,0.01998443,0.01998443,34104,105,0
5860.02153210,5860.02116235,3405.51508356,3405.53330666,0.06490448,533.82355249,0.01998443,0.01998443,34103,105,0
5860.19411760,5860.19301154,3413.99015630,3414.04473920,0.06062846,533.70948989,0.01998443,0.01998443,34102,105,0
5860.36623951,5860.36487082,0.00000000,3422.54569749,0.06312010,533.59421064,0.01998444,0.01998443,34101,105,1
5860.53705150,5860.53674018,3430.97510986,3430.99051394,0.04047441,533.47834994,0.01998443,0.01998443,34100,105,0
5860.70868634,5860.70861962,3439.48526620,3439.48857212,0.04623853,533.36040776,0.01998443,0.01998443,34099,105,0
5860.88027068,5860.88050914,3448.00739799,3447.99556691,0.07149053,533.24098414,0.01998443,0.01998443,34098,105,0
5861.05325740,5861.05240875,3456.54167228,3456.58383404,0.05993166,533.11904194,0.01998443,0.01998443,34097,105,0
5861.22457379,5861.22431845,3465.08826660,3465.10097024,0.06826324,532.99674264,0.01998443,0.01998443,34096,105,0
5861.39593492,5861.39623823,3473.64735995,3473.63224914,0.04334126,532.87287549,0.01998443,0.01998443,34095,105,0
5861.56734508,5861.56816809,3482.21910125,3482.17804002,0.04181927,532.74742823,0.01998443,0.01998443,34094,105,0
5861.73972682,5861.74010805,3490.80341723,3490.78437059,0.05540144,532.61970710,0.01998443,0.01998443,34093,105,0
5861.91091026,5861.91205809,3499.40013742,3499.34271200,0.06046957,532.49131969,0.01998443,0.01998443,34092,105,0
5862.08453817,5862.08401823,3508.00908938,3508.03513700,0.06392748,532.35951373,0.01998443,0.01998443,34091,105,0
5862.25674033,5862.25598845,3516.63009864,3516.66781575,0.06109217,532.22721027,0.01998443,0.01998443,34090,105,0
5862.42828165,5862.42796877,3525.26298604,3525.27870203,0.05068966,532.09384747,0.01998443,0.01998443,34089,105,0
5862.59922999,5862.59995918,3533.90756936,3533.87089561,0.03164547,531.95938712,0.01998443,0.01998443,34088,105,0
5862.77181785,5862.77195968,3542.56366471,3542.55652270,0.05691623,531.82205639,0.01998443,0.01998443,34087,105,0
5862.94400988,5862.94397028,3551.23119597,3551.23319285,0.04436680,531.68345362,0.01998443,0.01998443,34086,105,0
5863.11670609,5863.11599097,3559.91082702,3559.94693529,0.07093219,531.54283662,0.01998443,0.01998443,34085,105,0
5863.28834455,5863.28802175,3568.60353467,3568.61985787,0.05566586,531.40146330,0.01998443,0.01998443,34084,105,0
5863.45892530,5863.46006264,3577.31030525,3577.25269916,0.04128300,531.25934135,0.01998443,0.01998443,34083,105,0
5863.63167882,5863.63211362,3586.03190872,3586.00985023,0.07884046,531.11374380,0.01998443,0.01998443,34082,105,0
5863.80489320,5863.80417470,3594.76778532,3594.80429213,0.02955897,530.96607773,0.01998443,0.01998443,34081,105,0
5863.97625762,5863.97624588,3603.51687870,3603.51747592,0.02063824,530.81834449,0.01998443,0.01998443,34080,105,0
5864.14778865,5864.14832716,3612.27812219,3612.25068775,0.04113362,530.66884184,0.01998443,0.01998443,34079,105,0
5864.32032140,5864.32041854,3621.05076768,3621.04581267,0.04823284,530.51683257,0.01998443,0.01998443,34078,105,0
5864.49073834,5864.49252003,0.00000000,3629.75681614,0.05873605,530.36484609,0.01998443,0.01998443,34077,105,1
5864.66381614,5864.66463161,3638.63413270,3638.59241233,0.05916729,530.20923083,0.01998443,0.01998443,34076,105,0
5864.83629919,5864.83675330,3647.44753865,3647.42426580,0.06929224,530.05221714,0.01998443,0.01998443,34075,105,0
5865.00948554,5865.00888510,3656.27678591,3656.30761063,0.04342234,529.89281115,0.01998443,0.01998443,34074,105,0
5865.18138724,5865.18102700,3665.12110153,3665.13962433,0.04326948,529.73285790,0.01998443,0.01998443,34073,105,0
5865.35090054,5865.35317901,0.00000000,3673.86798649,0.05687467,529.57334340,0.01998442,0.01998443,34072,105,1
5865.52659186,5865.52534112,3682.85022786,3682.91471561,0.05052316,529.40650146,0.01998444,0.01998443,34071,105,0
5865.69859983,5865.69751335,3691.73317254,3691.78926546,0.04872048,529.24134226,0.01998444,0.01998443,34070,105,0
5865.86912577,5865.86969568,3700.62884506,3700.59937980,0.05684308,529.07592001,0.01998443,0.01998443,34069,105,0
5866.04166151,5866.04188813,3709.53818362,3709.52644917,0.03976540,528.90681572,0.01998443,0.01998443,34068,105,0
5866.21393988,5866.21409068,3718.46212988,3718.45430865,0.03460781,528.73620039,0.01998443,0.01998443,34067,105,0
5866.38617435,5866.38630335,3727.40110975,3727.39440860,0.04968921,528.56385194,0.01998443,0.01998443,34066,105,0
5866.55851651,5866.55852613,3736.35458297,3736.35408263,0.04978839,528.38962094,0.01998443,0.01998443,34065,105,0
5866.73172290,5866.73075902,3745.32189920,3745.37212024,0.06527197,528.21273340,0.01998444,0.01998443,34064,105,0
5866.90347630,5866.90300203,3754.30241458,3754.32715955,0.04123359,528.03557098,0.01998443,0.01998443,34063,105,0
5867.07578863,5867.07525515,3763.29590806,3763.32378105,0.03689185,527.85607010,0.01998443,0.01998443,34062,105,0
5867.24682063,5867.24751839,3772.30267823,3772.26616958,0.04619453,527.67614567,0.01998443,0.01998443,34061,105,0
5867.42013596,5867.41979174,3781.32305791,3781.34109438,0.06446369,527.49201993,0.01998443,0.01998443,34060,105,0
5867.59165830,5867.59207522,3790.35737463,3790.33549576,0.06690704,527.30800257,0.01998443,0.01998443,34059,105,0
5867.76387741,5867.76436881,3799.40583693,3799.38001017,0.06512418,527.12142860,0.01998443,0.01998443,34058,105,0
5867.93739395,5867.93667253,3808.46856259,3808.50653638,0.03193945,526.93160632,0.01998444,0.01998443,34057,105,0
5868.10733817,5868.10898636,0.00000000,3817.45380983,0.06300549,526.74399448,0.01998443,0.01998443,34056,105,1
5868.28318120,5868.28131032,0.00000000,3826.73288890,0.05299094,526.54783773,0.01998444,0.01998443,34055,105,1
5868.45232582,5868.45364440,3835.74334723,3835.67362069,0.03566740,526.35730454,0.01998443,0.01998443,34054,105,0
5868.62605401,5868.62598860,3844.86390929,3844.86737336,0.07828498,526.15981439,0.01998443,0.01998443,34053,105,0
5868.79818407,5868.79834293,3853.99891811,3853.99049228,0.05162626,525.96227299,0.01998443,0.01998443,34052,105,0
5868.97075631,5868.97070738,3863.14847928,3863.15107879,0.04879531,525.76234818,0.01998443,0.01998443,34051,105,0
5869.14228516,5869.14308196,3872.31317592,3872.27077741,0.04976620,525.56175090,0.01998443,0.01998443,34050,105,0
5869.31627552,5869.31546666,3881.49370410,3881.53681793,0.04532930,525.35633555,0.01998443,0.01998443,34049,105,0
5869.48740930,5869.48786150,3890.69076030,3890.66661474,0.06816525,525.15236405,0.01998443,0.01998443,34048,105,0
5869.66213643,5869.66026646,0.00000000,3900.01452239,0.05657646,524.94189831,0.01998444,0.01998443,34047,105,1
5869.83220604,5869.83268155,3909.13408768,3909.10861276,0.06151399,524.73557290,0.01998443,0.01998443,34046,105,0
5870.00570672,5870.00510677,3918.37860338,3918.41079328,0.08353520,524.52292004,0.01998443,0.01998443,34045,105,0
5870.17617491,5870.17754213,0.00000000,3927.57043638,0.07061743,524.31193828,0.01998443,0.01998443,34044,105,1
5870.34984563,5870.34998762,3936.91010000,3936.90245910,0.05858432,524.09536607,0.01998443,0.01998443,34043,105,0
5870.52375225,5870.52244324,3946.19875044,3946.26931708,0.05675131,523.87634126,0.01998444,0.01998443,34042,105,0
5870.69496274,5870.69490899,3955.50452141,3955.50742413,0.07284220,523.65871359,0.01998443,0.01998443,34041,105,0
5870.86728538,5870.86738488,3964.82848953,3964.82310595,0.04924067,523.43763592,0.01998443,0.01998443,34040,105,0
5871.04022520,5871.03987090,3974.16961663,3974.18881991,0.06491484,523.21372843,0.01998443,0.01998443,34039,105,0
5871.21119222,5871.21236707,3983.52603076,3983.46226002,0.05701834,522.99040432,0.01998443,0.01998443,34038,105,0
5871.38565618,5871.38487337,3992.89584238,3992.93838799,0.06807745,522.76053111,0.01998444,0.01998443,34037,105,0
5871.55811030,5871.55738980,4002.27824030,4002.31745244,0.07785169,522.53135232,0.01998444,0.01998443,34036,105,0
5871.72803185,5871.72991638,0.00000000,4011.57179573,0.06969485,522.30360227,0.01998443,0.01998443,34035,105,1
5871.90230540,5871.90245310,4021.08860147,4021.08053546,0.06651878,522.06791658,0.01998443,0.01998443,34034,105,0
5872.07539547,5872.07499996,4030.52102788,4030.54267062,0.04367637,521.83170084,0.01998443,0.01998443,34033,105,0
5872.24834073,5872.24755696,4039.97266406,4040.01563421,0.05257589,521.59353081,0.01998444,0.01998443,34032,105,0
5872.42193811,5872.42012411,0.00000000,4049.53760767,0.05369970,521.35243054,0.01998444,0.01998443,34031,105,1
5872.59341810,5872.59270140,4058.92731270,4058.96673493,0.05440880,521.11200354,0.01998444,0.01998443,34030,105,0
5872.76654802,5872.76528883,0.00000000,4068.48767020,0.04588990,520.86754172,0.01998444,0.01998443,34029,105,1
5872.93850793,5872.93788641,4077.94213806,4077.97642740,0.05625496,520.62221262,0.01998444,0.01998443,34028,105,0
5873.11084722,5873.11049414,4087.47253624,4087.49204756,0.03676476,520.37449116,0.01998443,0.01998443,34027,105,0
nan,nan,0.00000000,-1.00000000,0.00000000,520.17783561,nan,0.00000000,-2147483648,105,1
5828.38707884,nan,0.00000000,9.41568332,0.20682570,513.81990784,0.01998496,0.01998442,34289,104,1
5828.38707884,nan,0.00000000,9.41568332,0.20682570,513.81990784,0.01998496,0.01998442,34289,104,1
5828.54746314,nan,0.00000000,14.55914479,0.14869300,514.07732914,0.01998492,0.01998442,34288,104,1
5828.72499874,nan,0.00000000,20.25563089,0.30856378,514.36186874,0.01998495,0.01998442,34287,104,1
nan,nan,0.00000000,-1.00000000,0.00000000,514.69798957,nan,0.00000000,-2147483648,104,1
nan,nan,0.00000000,-1.00000000,0.00000000,514.94664346,nan,0.00000000,-2147483648,104,1
nan,nan,0.00000000,-1.00000000,0.00000000,515.24442964,nan,0.00000000,-2147483648,104,1
5829.58791885,5829.59176256,0.00000000,47.98858746,0.30708940,515.73872503,0.01998441,0.01998442,34281,104,1
5829.58791885,5829.59176256,0.00000000,47.98858746,0.30708940,515.73872503,0.01998441,0.01998442,34281,104,1
5829.77101093,nan,0.00000000,53.88251489,0.15851678,516.02954276,0.01998446,0.01998442,34280,104,1
5829.93372347,5829.93191012,0.00000000,59.12324208,0.26388927,516.28760081,0.01998443,0.01998442,34279,104,1
5830.10760334,5830.10199878,0.00000000,64.72661042,0.09951340,516.56296416,0.01998444,0.01998442,34278,104,1
5830.28701146,nan,0.00000000,70.51133939,0.18592974,516.84664201,0.01998448,0.01998442,34277,104,1
5830.42486571,nan,0.00000000,74.95844847,0.19041298,517.06431108,0.01998495,0.01998442,34277,104,1
5830.62029512,5830.61232433,0.00000000,81.26621282,0.24386316,517.37243613,0.01998445,0.01998442,34275,104,1
5830.78811988,5830.78245271,0.00000000,86.68610129,0.07883165,517.63661244,0.01998444,0.01998442,34274,104,1
5830.95793203,5830.95259101,0.00000000,92.17309611,0.13182096,517.90351602,0.01998444,0.01998442,34273,104,1
5831.12667495,5831.12273925,0.00000000,97.62846079,0.06003068,518.16833865,0.01998444,0.01998442,34272,104,1
5831.46440378,5831.46306551,108.50384435,108.54716333,0.07786272,518.69674624,0.01998443,0.01998442,34270,104,0
5831.46440378,5831.46306551,108.50384435,108.54716333,0.07786272,518.69674624,0.01998443,0.01998442,34270,104,0
nan,nan,0.00000000,-1.00000000,0.00000000,518.91161788,nan,0.00000000,-2147483648,104,1
5831.80344901,5831.80343151,119.52763262,119.52819973,0.00953258,519.22598442,0.01998442,0.01998442,34268,104,0
5831.97083728,5831.97362941,0.00000000,124.96362525,0.14295986,519.48713691,0.01998441,0.01998442,34267,104,1
5832.14570707,5832.14383725,130.56529054,130.62595391,0.12960287,519.75861976,0.01998443,0.01998442,34266,104,0
5832.32322568,nan,0.00000000,136.39619400,0.14607422,520.03467637,0.01998446,0.01998442,34265,104,1
5832.48314596,5832.48428274,141.61658823,141.57966676,0.04065205,520.28214461,0.01998442,0.01998442,34264,104,0
5832.65667904,5832.65452039,0.00000000,147.22630481,0.09503265,520.55116870,0.01998443,0.01998442,34263,104,1
5832.82202008,5832.82476797,0.00000000,152.60064392,0.02844575,520.80668052,0.01998442,0.01998442,34262,104,1
5833.00571974,nan,0.00000000,158.57506318,0.13852508,521.09010471,0.01998446,0.01998442,34261,104,1
5833.15856226,5833.16529297,0.00000000,163.54860871,0.10965566,521.32555208,0.01998440,0.01998442,34260,104,1
5833.33135705,5833.33557039,0.00000000,169.17435012,0.03755722,521.59133140,0.01998441,0.01998442,34259,104,1
5833.49857632,5833.50585774,0.00000000,174.62154640,0.08710494,521.84812630,0.01998440,0.01998442,34258,104,1
5833.67135452,5833.67615504,0.00000000,180.25290914,0.09289432,522.11303499,0.01998441,0.01998442,34257,104,1
5833.84576862,5833.84646229,185.95206654,185.92944251,0.14804274,522.37948378,0.01998442,0.01998442,34256,104,0
5834.01967579,5834.01677948,0.00000000,191.61529997,0.13721717,522.64578154,0.01998443,0.01998442,34255,104,1
5834.18433201,5834.18710661,0.00000000,196.99091260,0.09046558,522.89700703,0.01998442,0.01998442,34254,104,1
5834.36292730,5834.35744370,0.00000000,202.82484221,0.04215967,523.16905554,0.01998444,0.01998442,34253,104,1
5834.53252948,5834.52779073,0.00000000,208.36813442,0.07125516,523.42697604,0.01998444,0.01998442,34252,104,1
5834.69561829,5834.69814771,0.00000000,213.70142250,0.10778957,523.67459646,0.01998442,0.01998442,34251,104,1
5834.86729234,5834.86851464,219.34503460,219.30502729,0.16045580,523.93420854,0.01998442,0.01998442,34250,104,0
5835.04068874,5835.03889152,224.92330786,224.98216712,0.07526228,524.19664332,0.01998443,0.01998442,34249,104,0
5835.20823833,5835.20927835,230.50500797,230.47092882,0.09661859,524.44981090,0.01998442,0.01998442,34248,104,0
5835.38152749,5835.37967514,236.09001112,236.15074078,0.15433724,524.71121182,0.01998443,0.01998442,34247,104,0
5835.55540776,5835.55008187,0.00000000,241.86490932,0.03054751,524.97359976,0.01998444,0.01998442,34246,104,1
5835.72711269,5835.72049857,0.00000000,247.49880128,0.08311924,525.23171794,0.01998445,0.01998442,34245,104,1
5835.88692050,5835.89092521,0.00000000,252.74517894,0.10950831,525.47156096,0.01998441,0.01998442,34244,104,1
5836.05422124,5836.06136182,0.00000000,258.24049163,0.09918585,525.72224532,0.01998440,0.01998442,34243,104,1
5836.23136536,5836.23180838,264.06269094,264.04812881,0.09321307,525.98657780,0.01998442,0.01998442,34242,104,0
5836.40067195,5836.40226490,269.66721216,269.61482206,0.04419531,526.23936551,0.01998442,0.01998442,34241,104,0
5836.56861583,5836.57273137,0.00000000,275.15570835,0.14260069,526.49041909,0.01998441,0.01998443,34240,104,1
5836.74026888,5836.74320781,0.00000000,280.80668344,0.05711398,526.74588289,0.01998442,0.01998443,34239,104,1
5836.91550324,5836.91369421,286.50236707,286.56196972,0.02972636,527.00546242,0.01998443,0.01998443,34238,104,0
5837.08528777,5837.08419057,292.12138096,292.15755216,0.13133206,527.25725838,0.01998443,0.01998443,34237,104,0
5837.25117970,5837.25469689,0.00000000,297.64531322,0.15014177,527.50364651,0.01998441,0.01998443,34236,104,1
5837.42547722,5837.42521317,303.37032376,303.37903869,0.11138385,527.76048967,0.01998442,0.01998443,34235,104,0
5837.59036164,5837.59573942,0.00000000,308.83984354,0.08338131,528.00454834,0.01998441,0.01998443,34234,104,1
5837.76520017,5837.76627563,314.63377752,314.59824018,0.04544547,528.26131640,0.01998442,0.01998443,34233,104,0
5837.93521472,5837.93682181,320.27094498,320.21780957,0.09843536,528.51130930,0.01998442,0.01998443,34232,104,0
5838.10713192,5838.10737795,325.91175436,325.90361491,0.14733640,528.76366073,0.01998442,0.01998443,34231,104,0
5838.28129761,5838.27794406,0.00000000,331.68294076,0.07388152,529.01955661,0.01998444,0.01998443,34230,104,1
5838.44816369,5838.44852014,337.20434918,337.19254275,0.08517021,529.26294052,0.01998442,0.01998443,34229,104,0
5838.61929989,5838.61910619,342.85615990,342.86257944,0.08027002,529.51283140,0.01998442,0.01998443,34228,104,0
5838.78968688,5838.78970221,348.51165936,348.51115103,0.00439319,529.76119102,0.01998442,0.01998443,34227,104,0
5838.95853467,5838.96030820,354.17081878,354.11197222,0.03114962,530.00687428,0.01998442,0.01998443,34226,104,0
5839.12993002,5839.13092416,359.83358720,359.80058193,0.02711850,530.25582038,0.01998442,0.01998443,34225,104,0
5839.30169674,5839.30155010,365.49991320,365.50478437,0.05372198,530.50485368,0.01998443,0.01998443,34224,104,0
5839.47532013,5839.47218600,0.00000000,371.28328888,0.10716091,530.75652309,0.01998444,0.01998443,34223,104,1
5839.64418024,5839.64283189,376.84303128,376.88787102,0.04631284,531.00003326,0.01998443,0.01998443,34222,104,0
5839.81534594,5839.81348774,382.51972435,382.58155217,0.06213870,531.24682522,0.01998443,0.01998443,34221,104,0
5839.98508233,5839.98415358,388.19984105,388.23076059,0.08534132,531.49110231,0.01998443,0.01998443,34220,104,0
5840.15693875,5840.15482939,0.00000000,393.96099424,0.11007108,531.73828537,0.01998443,0.01998443,34219,104,1
5840.32449926,5840.32551518,399.57059519,399.53673593,0.04718798,531.97822630,0.01998442,0.01998443,34218,104,0
5840.49574978,5840.49621094,405.26135958,405.24598034,0.08070614,532.22332156,0.01998442,0.01998443,34217,104,0
5840.66673931,5840.66691669,410.95580055,410.94988169,0.04028837,532.46759051,0.01998442,0.01998443,34216,104,0
5840.84010886,5840.83763242,0.00000000,416.74295041,0.06054032,532.71506724,0.01998443,0.01998443,34215,104,1
5841.00807947,5841.00835813,422.35591977,422.34661026,0.02597546,532.95386675,0.01998442,0.01998443,34214,104,0
5841.17922192,5841.17909382,428.06161168,428.06589374,0.05256869,533.19699947,0.01998443,0.01998443,34213,104,0
5841.34817133,5841.34983950,433.77104553,433.71524866,0.10699686,533.43657018,0.01998442,0.01998443,34212,104,0
5841.52010450,5841.52059515,439.48421134,439.46779020,0.06358427,533.67991482,0.01998442,0.01998443,34211,104,0
5841.69125751,5841.69136080,445.20109908,445.19764017,0.05275123,533.92169572,0.01998443,0.01998443,34210,104,0
5841.85927151,5841.86213643,0.00000000,450.82820207,0.09282784,534.15869983,0.01998442,0.01998443,34209,104,1
5842.03700789,5842.03292204,0.00000000,456.78468479,0.09684827,534.40878913,0.01998444,0.01998443,34208,104,1
5842.20596763,5842.20371765,0.00000000,462.45041316,0.04961267,534.64606617,0.01998443,0.01998443,34207,104,1
5842.37454638,5842.37452324,468.10576505,468.10654184,0.09207839,534.88235310,0.01998443,0.01998443,34206,104,0
5842.54979705,5842.54533882,0.00000000,473.99023914,0.07610064,535.12752318,0.01998444,0.01998443,34205,104,1
5842.71451949,5842.71616440,479.58039279,479.52511314,0.07644567,535.35757745,0.01998442,0.01998443,34204,104,0
5842.88626840,5842.88699996,485.32328845,485.29868895,0.04892567,535.59695339,0.01998442,0.01998443,34203,104,0
5843.05536902,5843.05784551,0.00000000,490.98349201,0.08036114,535.83205022,0.01998442,0.01998443,34202,104,1
5843.22787788,5843.22870106,496.82006027,496.79234805,0.07449396,536.07166373,0.01998442,0.01998443,34201,104,0
5843.40007244,5843.39956660,502.57379249,502.59083076,0.05567739,536.31023070,0.01998443,0.01998443,34200,104,0
5843.57295487,5843.57044214,0.00000000,508.41144410,0.09788319,536.54908649,0.01998444,0.01998443,34199,104,1
5843.74061208,5843.74132767,514.09158473,514.06745576,0.07495215,536.78059085,0.01998442,0.01998443,34198,104,0
5843.91391892,5843.91222320,519.85550699,519.91271489,0.07777184,537.01922304,0.01998443,0.01998443,34197,104,0
5844.08353556,5844.08312873,525.62284566,525.63657827,0.09145547,537.25229025,0.01998443,0.01998443,34196,104,0
5844.25449620,5844.25404425,531.39381426,531.40907895,0.05016409,537.48672748,0.01998443,0.01998443,34195,104,0
5844.42340120,5844.42496977,537.16863094,537.11561929,0.03841140,537.71788328,0.01998442,0.01998443,34194,104,0
5844.59728192,5844.59590530,542.94751472,542.99407054,0.09730367,537.95537611,0.01998443,0.01998443,34193,104,0
5844.76641968,5844.76685082,548.73068548,548.71609483,0.08250128,538.18593839,0.01998443,0.01998443,34192,104,0
5844.93840945,5844.93780634,554.51834533,554.53877074,0.09915187,538.41993766,0.01998443,0.01998443,34191,104,0
5845.10866290,5845.10877187,560.31043413,560.30674103,0.08113327,538.65112306,0.01998443,0.01998443,34190,104,0
5845.27767766,5845.27974740,566.10669683,566.03650813,0.06358517,538.88017077,0.01998442,0.01998443,34189,104,0
5845.45161627,5845.45073294,571.90687271,571.93684581,0.02786002,539.11540523,0.01998443,0.01998443,34188,104,0
5845.62496074,5845.62172848,0.00000000,577.81699029,0.07545102,539.34919675,0.01998444,0.01998443,34187,104,1
5845.79193889,5845.79273403,583.51791618,583.49090733,0.06765467,539.57418500,0.01998442,0.01998443,34186,104,0
5845.96332307,5845.96374958,589.32828474,589.31379017,0.08515475,539.80446358,0.01998443,0.01998443,34185,104,0
5846.13264116,5846.13477514,595.14187210,595.06931374,0.07216401,540.03146438,0.01998442,0.01998443,34184,104,0
5846.30475703,5846.30581071,600.95893309,600.92308648,0.02942065,540.26171403,0.01998442,0.01998443,34183,104,0
5846.47764766,5846.47685629,606.77972633,606.80666527,0.09421807,540.49249971,0.01998443,0.01998443,34182,104,0
5846.64890802,5846.64791188,612.60451151,612.63844320,0.05125921,540.72062382,0.01998443,0.01998443,34181,104,0
5846.81948343,5846.81897749,618.43354932,618.45079547,0.03511866,540.94736421,0.01998443,0.01998443,34180,104,0
5846.98869669,5846.99005310,624.26706426,624.22079572,0.08212837,541.17183636,0.01998442,0.01998443,34179,104,0
5847.16290169,5847.16113873,630.10497985,630.16515726,0.06647326,541.40244971,0.01998443,0.01998443,34178,104,0
5847.33296105,5847.33223437,635.94707281,635.97189329,0.04830598,541.62709463,0.01998443,0.01998443,34177,104,0
5847.50423698,5847.50334002,641.79311801,641.82377263,0.05077206,541.85285681,0.01998443,0.01998443,34176,104,0
5847.67420676,5847.67445570,647.64288937,647.63437685,0.07828441,542.07640156,0.01998443,0.01998443,34175,104,0
5847.84697431,5847.84558138,653.49615992,653.54381651,0.08968885,542.30310980,0.01998443,0.01998443,34174,104,0
5848.01544958,5848.01671709,659.35275806,659.30937016,0.03017995,542.52367698,0.01998442,0.01998443,34173,104,0
5848.18706305,5848.18786281,665.21283052,665.18543860,0.07783267,542.74784081,0.01998442,0.01998443,34172,104,0
5848.35972899,5848.35901856,671.07663684,671.10098371,0.08177384,542.97286689,0.01998443,0.01998443,34171,104,0
5848.53002153,5848.53018432,676.94443774,676.93885523,0.04874080,543.19430498,0.01998443,0.01998443,34170,104,0
5848.70062867,5848.70136010,682.81649499,682.79139502,0.05983291,543.41566788,0.01998442,0.01998443,34169,104,0
5848.87104334,5848.87254591,688.69307142,688.64147131,0.03193743,543.63630555,0.01998442,0.01998443,34168,104,0
5849.04435671,5849.04374174,694.57433972,694.59547403,0.05255827,543.86021391,0.01998443,0.01998443,34167,104,0
5849.21574545,5849.21494759,700.46013119,700.48756984,0.00557447,544.08114960,0.01998443,0.01998443,34166,104,0
5849.38721602,5849.38616347,706.35019622,706.38641718,0.08419371,544.30169608,0.01998443,0.01998443,34165,104,0
5849.55930583,5849.55738937,712.24428416,712.31027407,0.09106440,544.52253069,0.01998443,0.01998443,34164,104,0
5849.72990501,5849.72862530,718.14214336,718.18623241,0.04882876,544.74093916,0.01998443,0.01998443,34163,104,0
5849.89907535,5849.89987126,724.04352157,724.01608636,0.03703913,544.95700340,0.01998443,0.01998443,34162,104,0
5850.07105767,5850.07112724,729.94829228,729.94589298,0.05320650,545.17612769,0.01998443,0.01998443,34161,104,0
5850.24113295,5850.24239325,735.85662663,735.81313643,0.04376886,545.39230040,0.01998442,0.01998443,34160,104,0
5850.41254466,5850.41366930,741.76873924,741.72990753,0.08705838,545.60965346,0.01998442,0.01998443,34159,104,0
5850.58518106,5850.58495537,747.68484565,747.69264350,0.07254335,545.82804023,0.01998443,0.01998443,34158,104,0
5850.75890213,5850.75625147,0.00000000,753.70723595,0.07038219,546.04766024,0.01998444,0.01998443,34157,104,1
5850.92870441,5850.92755761,759.52990375,759.56958087,0.05553911,546.26107721,0.01998443,0.01998443,34156,104,0
5851.09804456,5851.09887378,765.45916116,765.43045184,0.03286011,546.47380512,0.01998442,0.01998443,34155,104,0
5851.26944299,5851.27019999,771.39284806,771.36662156,0.07352250,546.68861841,0.01998442,0.01998443,34154,104,0
5851.44062611,5851.44153623,777.33086405,777.29931184,0.05655740,546.90265447,0.01998442,0.01998443,34153,104,0
5851.61257061,5851.61288250,783.27310830,783.26228865,0.07755592,547.11712697,0.01998443,0.01998443,34152,104,0
5851.78486047,5851.78423881,789.21947955,789.24105901,0.05039471,547.33150695,0.01998443,0.01998443,34151,104,0
5851.95576928,5851.95560516,795.16988095,795.17558133,0.04933481,547.54364612,0.01998443,0.01998443,34150,104,0
5852.12661768,5852.12698155,801.12429612,801.11164958,0.08403800,547.75518843,0.01998443,0.01998443,34149,104,0
5852.29931234,5852.29836798,807.08277586,807.11561812,0.06460357,547.96848698,0.01998443,0.01998443,34148,104,0
5852.46847218,5852.46976445,813.04537318,813.00040324,0.04466555,548.17690376,0.01998442,0.01998443,34147,104,0
5852.64150821,5852.64117096,819.01214132,819.02388514,0.06562762,548.38956859,0.01998443,0.01998443,34146,104,0
5852.81299816,5852.81258751,824.98313375,824.99744270,0.05493419,548.59980725,0.01998443,0.01998443,34145,104,0
5852.98311336,5852.98401410,830.95839895,830.92699225,0.06148673,548.80784348,0.01998442,0.01998443,34144,104,0
5853.15668215,5853.15545074,836.93794736,836.98091195,0.03966847,549.01957132,0.01998443,0.01998443,34143,104,0
5853.32706589,5853.32689743,842.92177237,842.92765394,0.06387399,549.22688975,0.01998443,0.01998443,34142,104,0
5853.49822003,5853.49835415,848.90986726,848.90518141,0.03656791,549.43462117,0.01998443,0.01998443,34141,104,0
5853.66961835,5853.66982093,854.90222524,854.89514342,0.05792592,549.64212059,0.01998443,0.01998443,34140,104,0
5853.84163261,5853.84129775,860.89883952,860.91055362,0.05896555,549.84983244,0.01998443,0.01998443,34139,104,0
5854.01342565,5854.01278462,866.89972875,866.92216798,0.04677888,550.05674321,0.01998443,0.01998443,34138,104,0
5854.18471388,5854.18428154,872.90499831,872.92014248,0.02868652,550.26251693,0.01998443,0.01998443,34137,104,0
5854.35582650,5854.35578851,878.91477246,878.91610404,0.01209337,550.46755503,0.01998443,0.01998443,34136,104,0
5854.52892278,5854.52730553,884.92917601,884.98590691,0.04468579,550.67443931,0.01998443,0.01998443,34135,104,0
5854.69969475,5854.69883261,890.94833424,890.97859941,0.03572864,550.87802517,0.01998443,0.01998443,34134,104,0
5854.86987917,5854.87036973,896.97237070,896.95513670,0.06286622,551.08039893,0.01998443,0.01998443,34133,104,0
5855.04129009,5855.04191691,903.00126727,902.97923013,0.04584786,551.28371262,0.01998443,0.01998443,34132,104,0
5855.21393030,5855.21347414,909.03478372,909.05083177,0.06520784,551.48794863,0.01998443,0.01998443,34131,104,0
5855.38564061,5855.38504143,915.07265946,915.09375272,0.04379464,551.69054087,0.01998443,0.01998443,34130,104,0
5855.55737910,5855.55661878,921.11463278,921.14141500,0.03792312,551.89261378,0.01998443,0.01998443,34129,104,0
5855.72846563,5855.72820618,927.16044082,927.16958493,0.06370364,552.09336005,0.01998443,0.01998443,34128,104,0
5855.90012156,5855.89980364,933.20984223,933.22105306,0.05814031,552.29420393,0.01998443,0.01998443,34127,104,0
5856.07189197,5856.07141116,939.26289591,939.27986053,0.05172501,552.49461055,0.01998443,0.01998443,34126,104,0
5856.24326191,5856.24302873,945.31987529,945.32810727,0.06660315,552.69398827,0.01998443,0.01998443,34125,104,0
5856.41488944,5856.41465637,951.38105950,951.38929320,0.08487521,552.89311129,0.01998443,0.01998443,34124,104,0
5856.58543020,5856.58629407,957.44672894,957.41618893,0.05200511,553.09043155,0.01998443,0.01998443,34123,104,0
5856.75708927,5856.75794184,963.51716517,963.48700233,0.07113268,553.28850787,0.01998443,0.01998443,34122,104,0
5856.92999064,5856.92959966,969.59257904,969.60642197,0.06412813,553.48747750,0.01998443,0.01998443,34121,104,0
5857.10175156,5857.10126755,975.67285086,975.69000000,0.07305680,553.68459243,0.01998443,0.01998443,34120,104,0
5857.27389612,5857.27294551,981.75776512,981.79146978,0.05044252,553.88159665,0.01998443,0.01998443,34119,104,0
5857.44340319,5857.44463353,987.84710533,987.80345434,0.03370578,554.07503521,0.01998443,0.01998443,34118,104,0
5857.61661635,5857.61633162,993.94065404,993.95076218,0.05361195,554.27213357,0.01998443,0.01998443,34117,104,0
5857.78615875,5857.78803977,1000.03819457,999.97137851,0.02618351,554.46448936,0.01998442,0.01998443,34116,104,0
5857.95942625,5857.95975800,1006.13964371,1006.12785283,0.03988471,554.66048925,0.01998443,0.01998443,34115,104,0
5858.13125141,5858.13148629,1012.24514612,1012.23679268,0.04363983,554.85427963,0.01998443,0.01998443,34114,104,0
5858.30192262,5858.30322465,1018.35486923,1018.30853331,0.04216142,555.04620271,0.01998443,0.01998443,34113,104,0
5858.47489724,5858.47497309,1024.46898123,1024.46628016,0.05633454,555.24014454,0.01998443,0.01998443,34112,104,0
5858.64773921,5858.64673159,1030.58765100,1030.62355865,0.07451276,555.43336686,0.01998443,0.01998443,34111,104,0
5858.81824674,5858.81850017,1036.71103494,1036.70199702,0.04162937,555.62342376,0.01998443,0.01998443,34110,104,0
5858.99032841,5858.99027883,1042.83913707,1042.84090638,0.04339178,555.81467421,0.01998443,0.01998443,34109,104,0
5859.16268459,5859.16206756,1048.97186333,1048.99389863,0.02359295,556.00566022,0.01998443,0.01998443,34108,104,0
5859.33252825,5859.33386636,1055.10911761,1055.06129971,0.02989842,556.19330011,0.01998443,0.01998443,34107,104,0
5859.50587441,5859.50567524,1061.25080336,1061.25792548,0.04883452,556.38422970,0.01998443,0.01998443,34106,104,0
5859.67675743,5859.67749420,1067.39682360,1067.37046095,0.06842908,556.57186857,0.01998443,0.01998443,34105,104,0
5859.84839544,5859.84932323,1073.54710914,1073.51389011,0.06957896,556.75975551,0.01998443,0.01998443,34104,104,0
5860.02031072,5860.02116235,1079.70168423,1079.67117269,0.05139470,556.94736161,0.01998443,0.01998443,34103,104,0
5860.19404270,5860.19301154,1085.86059273,1085.89756028,0.04856460,557.13635598,0.01998443,0.01998443,34102,104,0
5860.36501504,5860.36487082,1092.02387868,1092.02905235,0.03212883,557.32176495,0.01998443,0.01998443,34101,104,0
5860.53645915,5860.53674018,1098.19158630,1098.18149786,0.02745759,557.50710432,0.01998443,0.01998443,34100,104,0
5860.71043254,5860.70861962,1104.36376226,1104.42888614,0.06941567,557.69458293,0.01998444,0.01998443,34099,104,0
5860.88084647,5860.88050914,1110.54051063,1110.55263661,0.06823830,557.87764624,0.01998443,0.01998443,34098,104,0
5861.05319292,5861.05240875,1116.72199659,1116.75020530,0.03292253,558.06220555,0.01998443,0.01998443,34097,104,0
5861.22459402,5861.22431845,1122.90838895,1122.91830948,0.02511551,558.24517746,0.01998443,0.01998443,34096,104,0
5861.39588449,nan,0.00000000,1129.09708355,0.03623534,558.42775571,0.01998443,0.01998443,34095,104,1
5861.56859850,5861.56816809,1135.29657197,1135.31209106,0.04519372,558.61068751,0.01998443,0.01998443,34094,104,0
5861.74045538,5861.74010805,1141.49864782,1141.51118146,0.04278040,558.79243427,0.01998443,0.01998443,34093,104,0
5861.91360047,5861.91205809,1147.70591170,1147.76161119,0.04017169,558.97496163,0.01998444,0.01998443,34092,104,0
5862.08426494,5862.08401823,1153.91809739,1153.92701333,0.02701587,559.15429312,0.01998443,0.01998443,34091,104,0
5862.25577116,5862.25598845,1160.13493739,1160.12707959,0.02626529,559.33391883,0.01998443,0.01998443,34090,104,0
5862.42763054,5862.42796877,1166.35616298,1166.34392398,0.07136609,559.51331163,0.01998443,0.01998443,34089,104,0
5862.60118584,5862.59995918,1172.58150937,1172.62592269,0.06584892,559.69385311,0.01998443,0.01998443,34088,104,0
5862.77137070,5862.77195968,1178.81093593,1178.78959813,0.03195207,559.87027940,0.01998443,0.01998443,34087,104,0
5862.94400653,5862.94397028,1185.04471058,1185.04602488,0.06012977,560.04863658,0.01998443,0.01998443,34086,104,0
5863.11631467,5863.11599097,1191.28312473,1191.29486808,0.05390841,560.22604946,0.01998443,0.01998443,34085,104,0
5863.28759595,5863.28802175,1197.52647114,1197.51101185,0.05646915,560.40181192,0.01998443,0.01998443,34084,104,0
5863.46005524,5863.46006264,1203.77504389,1203.77477504,0.03597800,560.57819232,0.01998443,0.01998443,34083,104,0
5863.63187225,5863.63211362,1210.02908588,1210.02030849,0.04379274,560.75333123,0.01998443,0.01998443,34082,104,0
5863.80394900,5863.80417470,1216.28852564,1216.28031165,0.04524167,560.92814621,0.01998443,0.01998443,34081,104,0
5863.97630103,5863.97624588,1222.55317417,1222.55518282,0.06354839,561.10264318,0.01998443,0.01998443,34080,104,0
5864.14749690,5864.14832716,1228.82284138,1228.79258056,0.05689186,561.27537049,0.01998443,0.01998443,34079,104,0
5864.31996667,5864.32041854,1235.09733630,1235.08085532,0.04442949,561.44877233,0.01998443,0.01998443,34078,104,0
5864.49171941,5864.49252003,1241.37646973,1241.34724938,0.04093172,561.62083724,0.01998443,0.01998443,34077,104,0
5864.66438624,5864.66463161,1247.66017241,1247.65121112,0.06294047,561.79319475,0.01998443,0.01998443,34076,104,0
5864.83674966,5864.83675330,1253.94854229,1253.94840930,0.02941214,561.96462732,0.01998443,0.01998443,34075,104,0
5865.00927702,5865.00888510,1260.24169010,1260.25602378,0.03322337,562.13560193,0.01998443,0.01998443,34074,104,0
5865.18062324,5865.18102700,1266.53972706,1266.52494954,0.05987330,562.30479246,0.01998443,0.01998443,34073,104,0
5865.35392301,5865.35317901,1272.84276494,1272.87001558,0.03419274,562.47529133,0.01998443,0.01998443,34072,104,0
5865.52425065,5865.52534112,1279.15089773,1279.11092695,0.03954166,562.64225867,0.01998443,0.01998443,34071,104,0
5865.69725254,5865.69751335,1285.46412341,1285.45455645,0.05625739,562.81122930,0.01998443,0.01998443,34070,104,0
5865.87060840,5865.86969568,1291.78240820,1291.81591320,0.03208389,562.97991802,0.01998443,0.01998443,34069,104,0
5866.04213054,5866.04188813,1298.10571813,1298.11462327,0.03130743,563.14620140,0.01998443,0.01998443,34068,104,0
5866.21426291,5866.21409068,1304.43401907,1304.44035074,0.06085551,563.31245279,0.01998443,0.01998443,34067,104,0
5866.38676042,5866.38630335,1310.76727654,1310.78409185,0.05412073,563.47842752,0.01998443,0.01998443,34066,104,0
5866.55931865,5866.55852613,1317.10545088,1317.13462790,0.04440308,563.64382761,0.01998443,0.01998443,34065,104,0
5866.73132469,5866.73075902,1323.44849680,1323.46933674,0.06663179,563.80806541,0.01998443,0.01998443,34064,104,0
5866.90305144,5866.90300203,1329.79636847,1329.79819013,0.04103799,563.97140324,0.01998443,0.01998443,34063,104,0
5867.07494086,5867.07525515,1336.14901985,1336.13742503,0.02432503,564.13425930,0.01998443,0.01998443,34062,104,0
5867.24785164,5867.24751839,1342.50640466,1342.51870752,0.05886196,564.29743771,0.01998443,0.01998443,34061,104,0
5867.41944652,5867.41979174,1348.86851713,1348.85576359,0.02968256,564.45873264,0.01998443,0.01998443,34060,104,0
5867.59020072,5867.59207522,1355.23549486,1355.16619522,0.03953368,564.61860466,0.01998443,0.01998443,34059,104,0
5867.76412671,5867.76436881,1361.60750767,1361.59855043,0.06421608,564.78080011,0.01998443,0.01998443,34058,104,0
5867.93654229,5867.93667253,1367.98472617,1367.97990407,0.03183090,564.94094588,0.01998443,0.01998443,34057,104,0
5868.10838173,5868.10898636,1374.36732177,1374.34491688,0.05852978,565.09992382,0.01998443,0.01998443,34056,104,0
5868.28076872,5868.28131032,1380.75545279,1380.73536735,0.05339602,565.25877572,0.01998443,0.01998443,34055,104,0
5868.45418254,5868.45364440,1387.14910292,1387.16907595,0.02930600,565.41793221,0.01998443,0.01998443,34054,104,0
5868.62540450,5868.62598860,1393.54813586,1393.52644032,0.04892856,565.57444044,0.01998443,0.01998443,34053,104,0
5868.79851199,5868.79834293,1399.95241231,1399.95869655,0.03830823,565.73202381,0.01998443,0.01998443,34052,104,0
5868.97075104,5868.97070738,1406.36179229,1406.36341654,0.07449919,565.88816440,0.01998443,0.01998443,34051,104,0
5869.14345479,5869.14308196,1412.77613563,1412.79001427,0.03162958,566.04406783,0.01998443,0.01998443,34050,104,0
5869.31571001,5869.31546666,1419.19535405,1419.20441888,0.02213251,566.19890578,0.01998443,0.01998443,34049,104,0
5869.48752260,5869.48786150,1425.61945530,1425.60682240,0.05067331,566.35268718,0.01998443,0.01998443,34048,104,0
5869.66005633,5869.66026646,1432.04845753,1432.04061895,0.01611197,566.50645079,0.01998443,0.01998443,34047,104,0
5869.83315043,5869.83268155,1438.48237895,1438.49988206,0.05507691,566.66004466,0.01998443,0.01998443,34046,104,0
5870.00638626,5870.00510677,1444.92123785,1444.96903481,0.02534584,566.81309193,0.01998444,0.01998443,34045,104,0
5870.17776445,5870.17754213,1451.36508639,1451.37339750,0.07632299,566.96383572,0.01998443,0.01998443,34044,104,0
5870.34977298,5870.34998762,1457.81414925,1457.80611910,0.04146159,567.11447504,0.01998443,0.01998443,34043,104,0
5870.52254890,5870.52244324,1464.26870702,1464.27266343,0.07323176,567.26512658,0.01998443,0.01998443,34042,104,0
5870.69458254,5870.69490899,1470.72904170,1470.71680811,0.05187030,567.41447839,0.01998443,0.01998443,34041,104,0
5870.86754193,5870.86738488,1477.19543664,1477.20132756,0.05016042,567.56398207,0.01998443,0.01998443,34040,104,0
5871.03984399,5871.03987090,1483.66815156,1483.66714105,0.07082745,567.71227148,0.01998443,0.01998443,34039,104,0
5871.21173821,5871.21236707,1490.14706001,1490.12343028,0.03740493,567.85956228,0.01998443,0.01998443,34038,104,0
5871.38460078,5871.38487337,1496.63172967,1496.62147910,0.06883930,568.00701854,0.01998443,0.01998443,34037,104,0
5871.55779434,5871.55738980,1503.12171778,1503.13694165,0.02572338,568.15407696,0.01998443,0.01998443,34036,104,0
5871.73004987,5871.72991638,1509.61657941,1509.62160635,0.04830390,568.29965177,0.01998443,0.01998443,34035,104,0
5871.90141945,5871.90245310,1516.11587070,1516.07692282,0.03590848,568.44378640,0.01998443,0.01998443,34034,104,0
5872.07416667,5872.07499996,1522.61943447,1522.58801648,0.05748831,568.58837668,0.01998443,0.01998443,34033,104,0
5872.24636620,5872.24755696,1529.12762057,1529.08269419,0.02386041,568.73181224,0.01998443,0.01998443,34032,104,0
5872.42041695,5872.42012411,1535.64083209,1535.65188923,0.05849005,568.87609064,0.01998443,0.01998443,34031,104,0
5872.59285003,5872.59270140,1542.15947416,1542.16509058,0.07036270,569.01834205,0.01998443,0.01998443,34030,104,0
5872.76519095,5872.76528883,1548.68395392,1548.68025190,0.04096917,569.15984207,0.01998443,0.01998443,34029,104,0
5872.93856876,5872.93788641,1555.21457433,1555.24040391,0.06426504,569.30151662,0.01998443,0.01998443,34028,104,0
5873.11051548,5873.11049414,1561.75122147,1561.75203026,0.03828525,569.44134669,0.01998443,0.01998443,34027,104,0
5873.28328721,5873.28311201,1568.29367781,1568.30032076,0.06492500,569.58116377,0.01998443,0.01998443,34026,104,0
5873.45657305,5873.45574003,1574.84172472,1574.87333466,0.03564585,569.72070159,0.01998444,0.01998443,34025,104,0
5873.62897055,5873.62837820,1581.39514245,1581.41763667,0.05668800,569.85882647,0.01998443,0.01998443,34024,104,0
5873.80148012,5873.80102653,1587.95373659,1587.97097399,0.03595570,569.99633867,0.01998443,0.01998443,34023,104,0
5873.97400475,5873.97368500,1594.51754453,1594.52970482,0.04630296,570.13315909,0.01998443,0.01998443,34022,104,0
5874.14641435,5874.14635362,1601.08672476,1601.08903592,0.01227059,570.26918659,0.01998443,0.01998443,34021,104,0
5874.31919103,5874.31903240,1607.66143761,1607.66747966,0.05057058,570.40480139,0.01998443,0.01998443,34020,104,0
5874.49305438,5874.49172133,1614.24184417,1614.29266163,0.06876578,570.54056079,0.01998444,0.01998443,34019,104,0
5874.66460460,5874.66442042,1620.82810062,1620.83512751,0.02474341,570.67381867,0.01998443,0.01998443,34018,104,0
5874.83774581,5874.83712966,1627.42023872,1627.44376612,0.04847543,570.80761066,0.01998443,0.01998443,34017,104,0
5875.01026929,5875.00984906,1634.01816899,1634.03422846,0.01569242,570.94022019,0.01998443,0.01998443,34016,104,0
5875.18276796,5875.18257862,1640.62179649,1640.62903793,0.05112265,571.07210299,0.01998443,0.01998443,34015,104,0
5875.35519652,5875.35531833,1647.23102578,1647.22636310,0.06492074,571.20322113,0.01998443,0.01998443,34014,104,0
5875.52853411,5875.52806821,1653.84576197,1653.86360859,0.03592203,571.33431007,0.01998443,0.01998443,34013,104,0
5875.70139738,5875.70082824,1660.46599168,1660.48780986,0.04905369,571.46431871,0.01998443,0.01998443,34012,104,0
5875.87346414,5875.87359843,1667.09184039,1667.08668792,0.02814410,571.59301316,0.01998443,0.01998443,34011,104,0
5876.04513518,5876.04637879,1673.72344767,1673.67569641,0.05983206,571.72070128,0.01998443,0.01998443,34010,104,0
5876.22089003,5876.21916931,1680.36095381,1680.42708112,0.05061353,571.85069251,0.01998444,0.01998443,34009,104,0
5876.39238383,5876.39196999,1687.00449974,1687.02041704,0.02696031,571.97681653,0.01998443,0.01998443,34008,104,0
5876.56530426,5876.56478084,1693.65416188,1693.67431117,0.05267774,572.10327330,0.01998443,0.01998443,34007,104,0
5876.73845326,5876.73760185,1700.30982959,1700.34263239,0.06464491,572.22917208,0.01998444,0.01998443,34006,104,0
5876.91042364,5876.91043303,1706.97135824,1706.97099614,0.01516522,572.35349083,0.01998443,0.01998443,34005,104,0
5877.08373648,5877.08327438,1713.63860241,1713.65643461,0.05642969,572.47804618,0.01998443,0.01998443,34004,104,0
5877.25629754,5877.25612589,1720.31141589,1720.31804459,0.05793033,572.60132460,0.01998443,0.01998443,34003,104,0
5877.42956835,5877.42898758,1726.98969294,1727.01213894,0.01931071,572.72436653,0.01998444,0.01998443,34002,104,0
5877.60189175,5877.60185943,1733.67352100,1733.67477087,0.04769046,572.84599637,0.01998443,0.01998443,34001,104,0
5877.77467337,5877.77474146,1740.36304488,1740.36040930,0.05050214,572.96721002,0.01998443,0.01998443,34000,104,0
5877.94784362,5877.94763365,1747.05841011,1747.06654446,0.02921257,573.08795379,0.01998443,0.01998443,33999,104,0
5878.11974779,5878.12053602,1753.75976300,1753.72919970,0.05395786,573.20708005,0.01998443,0.01998443,33998,104,0
5878.29329157,5878.29344856,1760.46723460,1760.46114214,0.04952842,573.32660015,0.01998443,0.01998443,33997,104,0
5878.46683419,5878.46637128,1767.18083994,1767.19881999,0.05380846,573.44537161,0.01998444,0.01998443,33996,104,0
5878.64012481,5878.63930417,1773.90054242,1773.93244383,0.02155901,573.56322149,0.01998444,0.01998443,33995,104,0
5878.81215443,5878.81224724,1780.62630499,1780.62269410,0.04358638,573.67947059,0.01998443,0.01998443,33994,104,0
5878.98529834,5878.98520048,1787.35809040,1787.36190073,0.04598547,573.79572211,0.01998443,0.01998443,33993,104,0
5879.15804232,5879.15816391,1794.09586156,1794.09112300,0.02661856,573.91095195,0.01998443,0.01998443,33992,104,0
5879.33119123,5879.33113751,1800.83958546,1800.84168070,0.06713312,574.02569424,0.01998443,0.01998443,33991,104,0
5879.50456629,5879.50412129,1807.58923151,1807.60660219,0.04597946,574.13982367,0.01998444,0.01998443,33990,104,0
5879.67669080,5879.67711525,1814.34476898,1814.32818693,0.04802087,574.25237226,0.01998443,0.01998443,33989,104,0
5879.85022743,5879.85011940,1821.10616697,1821.11039101,0.01905533,574.36507737,0.01998443,0.01998443,33988,104,0
5880.02260615,5880.02313372,1827.87339858,1827.85275490,0.06424414,574.47626563,0.01998443,0.01998443,33987,104,0
5880.19502962,5880.19615823,1834.64650238,1834.60230461,0.04949196,574.58671871,0.01998443,0.01998443,33986,104,0
5880.36902064,5880.36919293,1841.42556901,1841.41881640,0.03539944,574.69740068,0.01998443,0.01998443,33985,104,0
5880.54270260,5880.54223781,1848.21069099,1848.22892324,0.06294562,574.80710867,0.01998444,0.01998443,33984,104,0
5880.71472941,5880.71529287,1855.00196136,1854.97983982,0.01062311,574.91500484,0.01998443,0.01998443,33983,104,0
5880.88824816,5880.88835812,1861.79947378,1861.79515294,0.05719811,575.02306337,0.01998443,0.01998443,33982,104,0
5881.06219082,5881.06143356,1868.60332574,1868.63310793,0.04954878,575.13060557,0.01998444,0.01998443,33981,104,0
5881.23434082,5881.23451919,1875.41361842,1875.40659704,0.03868383,575.23626947,0.01998443,0.01998443,33980,104,0
5881.40754342,5881.40761501,1882.23045369,1882.22763301,0.05923515,575.34180562,0.01998443,0.01998443,33979,104,0
5881.58031412,5881.58072102,1889.05393394,1889.03788742,0.01123810,575.44630452,0.01998443,0.01998443,33978,104,0
5881.75273484,5881.75383722,1895.88415569,1895.84064146,0.06702248,575.54981999,0.01998443,0.01998444,33977,104,0
5881.92691552,5881.92696361,1902.72104388,1902.71914361,0.05212636,575.65360566,0.01998443,0.01998444,33976,104,0
5882.09941383,5882.10010020,1909.56433585,1909.53719542,0.04166554,575.75560356,0.01998443,0.01998444,33975,104,0
5882.27345086,5882.27324698,1916.41375809,1916.42182657,0.04511637,575.85771284,0.01998444,0.01998444,33974,104,0
5882.44647508,5882.44640396,1923.26903555,1923.27185249,0.06278626,575.95842660,0.01998444,0.01998444,33973,104,0
5882.61989031,5882.61957113,1930.12990093,1930.14255171,0.06142966,576.05856027,0.01998444,0.01998444,33972,104,0
5882.79273363,5882.79274849,1936.99637082,1936.99578114,0.02728252,576.15755729,0.01998444,0.01998444,33971,104,0
5882.96558181,5882.96593606,1943.86879408,1943.85473089,0.06454554,576.25575493,0.01998443,0.01998444,33970,104,0
5883.13925657,5883.13913382,1950.74754018,1950.75241733,0.07517545,576.35361724,0.01998444,0.01998444,33969,104,0
5883.31257477,5883.31234179,1957.63298066,1957.64224663,0.03860260,576.45047718,0.01998444,0.01998444,33968,104,0
5883.48511183,5883.48555995,1964.52547883,1964.50763897,0.04077985,576.54610790,0.01998443,0.01998444,33967,104,0
5883.65836692,5883.65878832,1971.42508067,1971.40828864,0.03883036,576.64133879,0.01998443,0.01998444,33966,104,0
5883.83260998,5883.83202689,1978.33145779,1978.35471389,0.03597118,576.73629925,0.01998444,0.01998444,33965,104,0
5884.00584500,5884.00527566,1985.24425863,1985.26698574,0.04569229,576.82989435,0.01998444,0.01998444,33964,104,0
5884.17864397,5884.17853463,1992.16312961,1992.16749766,0.05511843,576.92243622,0.01998444,0.01998444,33963,104,0
5884.35161391,5884.35180381,1999.08772404,1999.08013204,0.07440988,577.01424507,0.01998444,0.01998444,33962,104,0
5884.52497294,5884.52508320,2006.01794202,2006.01353079,0.01454054,577.10542926,0.01998444,0.01998444,33961,104,0
5884.69825457,5884.69837279,2012.95395979,2012.94922614,0.07313109,577.19574141,0.01998444,0.01998444,33960,104,0
5884.87143341,5884.87167259,2019.89596902,2019.88638409,0.04967969,577.28516991,0.01998443,0.01998444,33959,104,0
5885.04478181,5885.04498260,2026.84416244,2026.83610919,0.05713005,577.37385517,0.01998443,0.01998444,33958,104,0
5885.21821120,5885.21830281,2033.79873428,2033.79505652,0.07435623,577.46175022,0.01998443,0.01998444,33957,104,0
5885.39107013,5885.39163324,2040.75988932,2040.73726365,0.06702167,577.54852862,0.01998443,0.01998444,33956,104,0
5885.56448430,5885.56497388,2047.72784290,2047.70815327,0.05123518,577.63475580,0.01998443,0.01998444,33955,104,0
5885.73844641,5885.73832473,2054.70281197,2054.70770994,0.04111111,577.72042031,0.01998443,0.01998444,33954,104,0
5885.91116744,5885.91168580,2061.68501471,2061.66412704,0.04565157,577.80464619,0.01998443,0.01998444,33953,104,0
5886.08621110,5886.08505708,2068.67465864,2068.72120816,0.04106825,577.88916321,0.01998444,0.01998444,33952,104,0
5886.25863968,5886.25843857,2075.67175167,2075.67987197,0.05076420,577.97158667,0.01998444,0.01998444,33951,104,0
5886.43129811,5886.43183028,2082.67613420,2082.65462610,0.03615762,578.05328911,0.01998443,0.01998444,33950,104,0
5886.60549039,5886.60523220,2089.68764063,2089.69808523,0.05710222,578.13487016,0.01998444,0.01998444,33949,104,0
5886.77836893,5886.77864435,2096.70610432,2096.69495226,0.03845740,578.21499003,0.01998443,0.01998444,33948,104,0
5886.95217843,5886.95206671,2103.73136476,2103.73589256,0.05433821,578.29468739,0.01998444,0.01998444,33947,104,0
5887.12658157,5887.12549929,2110.76334490,2110.80724687,0.04534266,578.37379290,0.01998444,0.01998444,33946,104,0
5887.29870092,5887.29894209,2117.80202275,2117.79223130,0.06729064,578.45101119,0.01998443,0.01998444,33945,104,0
5887.47222959,5887.47239511,2124.84737717,2124.84065092,0.05613007,578.52800288,0.01998443,0.01998444,33944,104,0
5887.64496999,5887.64585836,2131.89938687,2131.86325531,0.06857334,578.60378563,0.01998443,0.01998444,33943,104,0
5887.81951674,5887.81933182,2138.95804488,2138.96557233,0.06136961,578.67948753,0.01998444,0.01998444,33942,104,0
5887.99201902,5887.99281551,2146.02346134,2145.99100819,0.06832090,578.75343890,0.01998443,0.01998444,33941,104,0
5888.16607108,5888.16630943,2153.09580367,2153.08608306,0.07318357,578.82718350,0.01998443,0.01998444,33940,104,0
5888.34058148,5888.33981357,2160.17524067,2160.20658844,0.05017699,578.90024290,0.01998444,0.01998444,33939,104,0
5888.51312639,5888.51332794,2167.26194206,2167.25370626,0.03847082,578.97161276,0.01998443,0.01998444,33938,104,0
5888.68733019,5888.68685253,2174.35604550,2174.37558289,0.03913405,579.04279315,0.01998444,0.01998444,33937,104,0
5888.86028952,5888.86038736,2181.45751520,2181.45350941,0.02980041,579.11259149,0.01998444,0.01998444,33936,104,0
5889.03337157,5889.03393241,2188.56625794,2188.54327391,0.03537913,579.18156435,0.01998443,0.01998444,33935,104,0
5889.20691331,5889.20748769,2195.68217989,2195.65861879,0.04337120,579.24983796,0.01998443,0.01998444,33934,104,0
5889.38051698,5889.38105321,2202.80518665,2202.78317002,0.05567593,579.31724826,0.01998443,0.01998444,33933,104,0
5889.55432967,5889.55462895,2209.93518006,2209.92288074,0.06067719,579.38384669,0.01998444,0.01998444,33932,104,0
5889.72829290,5889.72821493,2217.07205108,2217.07525809,0.07028142,579.44960441,0.01998444,0.01998444,33931,104,0
5889.90136793,5889.90181114,2224.21568793,2224.19744110,0.04461055,579.51413091,0.01998444,0.01998444,33930,104,0
5890.07569565,5890.07541759,2231.36597809,2231.37743548,0.03302885,579.57821795,0.01998444,0.01998444,33929,104,0
5890.24879420,5890.24903427,2238.52280934,2238.51290870,0.01754908,579.64094948,0.01998444,0.01998444,33928,104,0
5890.42207986,5890.42266119,2245.68618488,2245.66219021,0.04473160,579.70284451,0.01998444,0.01998444,33927,104,0
5890.59632538,5890.59629835,2252.85633318,2252.85744972,0.04903960,579.76416950,0.01998444,0.01998444,33926,104,0
5890.76971554,5890.76994574,2260.03350994,2260.02399066,0.06908670,579.82428435,0.01998444,0.01998444,33925,104,0
5890.94358814,5890.94360338,2267.21797238,2267.21734178,0.05117543,579.88365525,0.01998444,0.01998444,33924,104,0
5891.11757267,5891.11727125,2274.40997442,2274.42246319,0.04190801,579.94215028,0.01998444,0.01998444,33923,104,0
5891.29051027,5891.29094937,2281.60963426,2281.59142259,0.04775519,579.99938525,0.01998444,0.01998444,33922,104,0
5891.46460670,5891.46463772,2288.81691682,2288.81562889,0.05339492,580.05608609,0.01998444,0.01998444,33921,104,0
5891.63831062,5891.63833632,2296.03177862,2296.03071024,0.06915939,580.11173824,0.01998444,0.01998444,33920,104,0
5891.81261739,5891.81204517,2303.25417589,2303.27797915,0.04669281,580.16665567,0.01998444,0.01998444,33919,104,0
5891.98647512,5891.98576426,2310.48405922,2310.51365838,0.03473651,580.22050249,0.01998444,0.01998444,33918,104,0
5892.15958222,5892.15949359,2317.72132091,2317.72501492,0.03802018,580.27319127,0.01998444,0.01998444,33917,104,0
5892.33382525,5892.33323317,2324.96581691,2324.99051677,0.05906471,580.32528928,0.01998444,0.01998444,33916,104,0
5892.50733202,5892.50698300,2332.21740172,2332.23197509,0.04771758,580.37622973,0.01998444,0.01998444,33915,104,0
5892.68032187,5892.68074307,2339.47592894,2339.45832611,0.02350801,580.42608349,0.01998444,0.01998444,33914,104,0
5892.85426566,5892.85451340,2346.74132293,2346.73096017,0.04271646,580.47526776,0.01998444,0.01998444,33913,104,0
5893.02808308,5893.02829397,2354.01385449,2354.00502463,0.06209117,580.52346949,0.01998444,0.01998444,33912,104,0
5893.20249544,5893.20208480,2361.29390081,2361.31111117,0.03967337,580.57088456,0.01998444,0.01998444,33911,104,0
5893.37593680,5893.37588587,2368.58184145,2368.58397827,0.02573298,580.61708983,0.01998444,0.01998444,33910,104,0
5893.54974099,5893.54969720,2375.87805723,2375.87989655,0.06549685,580.66244492,0.01998444,0.01998444,33909,104,0
5893.72308212,5893.72351879,2383.18273659,2383.16437640,0.04676698,580.70673307,0.01998444,0.01998444,33908,104,0
5893.89704805,5893.89735062,2390.49564868,2390.48291302,0.04095777,580.75022626,0.01998444,0.01998444,33907,104,0
5894.07070393,5894.07119272,2397.81650641,2397.79591214,0.03769856,580.79268335,0.01998444,0.01998444,33906,104,0
5894.24509445,5894.24504507,2405.14502085,2405.14710338,0.07008811,580.83435154,0.01998444,0.01998444,33905,104,0
5894.41792462,5894.41890767,2412.48090985,2412.43941211,0.03699932,580.87468487,0.01998443,0.01998444,33904,104,0
5894.59279789,5894.59278054,2419.82407850,2419.82481175,0.04488678,580.91451686,0.01998444,0.01998444,33903,104,0
5894.76656598,5894.76666366,2427.17461554,2427.17048402,0.06347340,580.95312019,0.01998444,0.01998444,33902,104,0
5894.94068763,5894.94055705,2434.53261787,2434.53814590,0.02769695,580.99082292,0.01998444,0.01998444,33901,104,0
5895.11387360,5895.11446069,2441.89818296,2441.87330494,0.06383195,581.02734839,0.01998444,0.01998444,33900,104,0
5895.28889478,5895.28837460,2449.27142650,2449.29349120,0.03277353,581.06327099,0.01998444,0.01998444,33899,104,0
5895.46224051,5895.46229877,2456.65258276,2456.65010888,0.02875425,581.09786692,0.01998444,0.01998444,33898,104,0
5895.63677954,5895.63623320,2464.04193583,2464.06515858,0.05128905,581.13171104,0.01998444,0.01998444,33897,104,0
5895.81051742,5895.81017790,2471.43977173,2471.45421935,0.02722351,581.16441131,0.01998444,0.01998444,33896,104,0
5895.98412946,5895.98413287,2478.84637759,2478.84623231,0.06381303,581.19610065,0.01998444,0.01998444,33895,104,0
5896.15831149,5896.15809809,2486.26183612,2486.27093737,0.03918481,581.22689918,0.01998444,0.01998444,33894,104,0
5896.33226061,5896.33207359,2493.68573764,2493.69372206,0.03242496,581.25665695,0.01998444,0.01998444,33893,104,0
5896.50607701,5896.50605936,2501.11759771,2501.11835221,0.06348164,581.28538911,0.01998444,0.01998444,33892,104,0
5896.68010356,5896.68005539,2508.55692874,2508.55898913,0.03512546,581.31314678,0.01998444,0.01998444,33891,104,0
5896.85375866,5896.85406169,2516.00326358,2515.99029011,0.04482024,581.33983408,0.01998444,0.01998444,33890,104,0
5897.02795911,5897.02807827,2523.45657979,2523.45147396,0.02638064,581.36558759,0.01998444,0.01998444,33889,104,0
5897.20246561,5897.20210512,2530.91725488,2530.93271696,0.06344531,581.39036297,0.01998444,0.01998444,33888,104,0
5897.37634212,5897.37614223,2538.38568286,2538.39426479,0.02838238,581.41402856,0.01998444,0.01998444,33887,104,0
5897.55073098,5897.55018963,2545.86226030,2545.88552764,0.06451818,581.43673900,0.01998444,0.01998444,33886,104,0
5897.72416255,5897.72424729,2553.34731351,2553.34366711,0.02656064,581.45830456,0.01998444,0.01998444,33885,104,0
5897.89920239,5897.89831524,2560.84081544,2560.87902685,0.05871428,581.47903507,0.01998444,0.01998444,33884,104,0
5898.07200702,5898.07239346,2568.34263045,2568.32596862,0.03222589,581.49847724,0.01998444,0.01998444,33883,104,0
5898.24664869,5898.24648195,2575.85262198,2575.85981869,0.05777520,581.51708919,0.01998444,0.01998444,33882,104,0
5898.42060394,5898.42058073,2583.37065429,2583.37165723,0.02895892,581.53458821,0.01998444,0.01998444,33881,104,0
5898.59496591,5898.59468978,2590.89668658,2590.90862883,0.04837990,581.55108353,0.01998444,0.01998444,33880,104,0
5898.76905598,5898.76880911,2598.43082096,2598.44150818,0.03586811,581.56650679,0.01998444,0.01998444,33879,104,0
5898.94323319,5898.94293873,2605.97317183,2605.98593290,0.05336311,581.58088848,0.01998444,0.01998444,33878,104,0
5899.11706367,5899.11707862,2613.52385437,2613.52320585,0.02276668,581.59419210,0.01998444,0.01998444,33877,104,0
5899.29094233,5899.29122880,2621.08298555,2621.07054440,0.05629010,581.60644748,0.01998444,0.01998444,33876,104,0
5899.46523237,5899.46538926,2628.65069171,2628.64387065,0.05908898,581.61767288,0.01998444,0.01998444,33875,104,0
5899.64019663,5899.63956001,2636.22710400,2636.25481203,0.03316215,581.62787206,0.01998444,0.01998444,33874,104,0
5899.81387720,5899.81374104,2643.81235445,2643.81828710,0.05682192,581.63693317,0.01998444,0.01998444,33873,104,0
5899.98824039,5899.98793236,2651.40657534,2651.42001221,0.02842628,581.64496093,0.01998444,0.01998444,33872,104,0
5900.16224707,5900.16213396,2659.00982372,2659.01476295,0.05240553,581.65190098,0.01998444,0.01998444,33871,104,0
5900.33630698,5900.33634586,2666.62200676,2666.62030686,0.03026117,581.65776881,0.01998444,0.01998444,33870,104,0
5900.51053211,5900.51056804,2674.24301339,2674.24144066,0.06064821,581.66256255,0.01998444,0.01998444,33869,104,0
5900.68462656,5900.68480051,2681.87273169,2681.86511026,0.06184110,581.66627018,0.01998444,0.01998444,33868,104,0
5900.85971980,5900.85904328,2689.51106529,2689.54073807,0.03042663,581.66890413,0.01998444,0.01998444,33867,104,0
5901.03263081,5901.03329633,2697.15807041,2697.12884870,0.06813149,581.67042422,0.01998444,0.01998444,33866,104,0
5901.20797131,5901.20755968,2704.81388773,2704.83198187,0.07016766,581.67086518,0.01998444,0.01998444,33865,104,0
5901.38191667,5901.38183332,2712.47865970,2712.48232773,0.01086695,581.67020412,0.01998444,0.01998444,33864,104,0
5901.55608112,5901.55611726,2720.15252893,2720.15093680,0.05138593,581.66844242,0.01998444,0.01998444,33863,104,0
5901.73120821,5901.73041149,2727.83552136,2727.87066100,0.05567390,581.66555764,0.01998444,0.01998444,33862,104,0
5901.90395234,5901.90471601,2735.52742377,2735.49370549,0.03247990,581.66161492,0.01998444,0.01998444,33861,104,0
5902.07899006,5902.07903084,2743.22799233,2743.22619004,0.05421246,581.65650495,0.01998444,0.01998444,33860,104,0
5902.25320437,5902.25335596,2750.93698146,2750.93027436,0.05480755,581.65030145,0.01998444,0.01998444,33859,104,0
5902.42814942,5902.42769138,2758.65418787,2758.67447365,0.06527400,581.64294677,0.01998444,0.01998444,33858,104,0
5902.60254558,5902.60203710,2766.37977497,2766.40231858,0.02818026,581.63448948,0.01998444,0.01998444,33857,104,0
5902.77648479,5902.77639313,2774.11409072,2774.11815889,0.05072501,581.62493106,0.01998444,0.01998444,33856,104,0
5902.95083998,5902.95075945,2781.85748682,2781.86106493,0.07587412,581.61421992,0.01998444,0.01998444,33855,104,0
5903.12550767,5903.12513608,2789.61031509,2789.62684578,0.05765605,581.60235111,0.01998444,0.01998444,33854,104,0
5903.29946643,5903.29952301,2797.37277205,2797.37025203,0.02990149,581.58939376,0.01998444,0.01998444,33853,104,0
5903.47384588,5903.47392024,2805.14479807,2805.14148191,0.05762418,581.57526277,0.01998444,0.01998444,33852,104,0
5903.64913924,5903.64832778,2812.92630929,2812.96253471,0.06349941,581.55990130,0.01998444,0.01998444,33851,104,0
5903.82266225,5903.82274563,2820.71722126,2820.71349484,0.06718678,581.54354939,0.01998444,0.01998444,33850,104,0
5903.99714253,5903.99717379,2828.51745749,2828.51605904,0.02435759,581.52595443,0.01998444,0.01998444,33849,104,0
5904.17222949,5904.17161225,2836.32698925,2836.35463870,0.06540588,581.50713252,0.01998444,0.01998444,33848,104,0
5904.34615586,5904.34606102,2844.14580438,2844.15005765,0.04656311,581.48727544,0.01998444,0.01998444,33847,104,0
5904.52042172,5904.52052010,2851.97389057,2851.96947362,0.04750046,581.46621642,0.01998444,0.01998444,33846,104,0
5904.69484380,5904.69498949,2859.81123346,2859.80468511,0.03620932,581.44396892,0.01998444,0.01998444,33845,104,0
5904.86949282,5904.86946920,2867.65777122,2867.65883445,0.07083019,581.42051649,0.01998444,0.01998444,33844,104,0
5905.04444798,5905.04395921,2875.51339269,2875.53540920,0.01893335,581.39583972,0.01998444,0.01998444,33843,104,0
5905.21805810,5905.21845954,2883.37798358,2883.35988141,0.06189395,581.37017873,0.01998444,0.01998444,33842,104,0
5905.39282404,5905.39297019,2891.25142885,2891.24483150,0.05394040,581.34316257,0.01998444,0.01998444,33841,104,0
5905.56702262,5905.56749115,2899.13371946,2899.11254700,0.05609740,581.31504808,0.01998444,0.01998444,33840,104,0
5905.74144975,5905.74202242,2907.02515604,2906.99924793,0.04264161,581.28570557,0.01998444,0.01998444,33839,104,0
5905.91616328,5905.91656402,2914.92609712,2914.90794624,0.03282204,581.25511487,0.01998444,0.01998444,33838,104,0
5906.09095259,5906.09111593,2922.83690384,2922.82949677,0.03814476,581.22330376,0.01998444,0.01998444,33837,104,0
5906.26559074,5906.26567816,2930.75789571,2930.75392668,0.05105934,581.19030891,0.01998444,0.01998444,33836,104,0
5906.44091291,5906.44025071,2938.68901365,2938.71911667,0.05286042,581.15596301,0.01998444,0.01998444,33835,104,0
5906.61488285,5906.61483358,2946.63000348,2946.63224586,0.06942954,581.12066893,0.01998444,0.01998444,33834,104,0
5906.79024819,5906.78942677,2954.58060752,2954.61803443,0.06103701,581.08386593,0.01998444,0.01998444,33833,104,0
5906.96461198,5906.96403029,2962.54057328,2962.56710669,0.06399182,581.04605019,0.01998444,0.01998444,33832,104,0
5907.13888570,5907.13864413,2970.50989288,2970.52092440,0.06640654,581.00703172,0.01998444,0.01998444,33831,104,0
5907.31359952,5907.31326830,2978.48886225,2978.50400568,0.06057092,580.96668278,0.01998444,0.01998444,33830,104,0
5907.48805881,5907.48790279,2986.47779820,2986.48494006,0.00753904,580.92515620,0.01998444,0.01998444,33829,104,0
5907.66212909,5907.66254760,2994.47701974,2994.45783867,0.07336039,580.88248502,0.01998444,0.01998444,33828,104,0
5907.83601052,5907.83720275,3002.48675136,3002.43204178,0.06573503,580.83862088,0.01998444,0.01998444,33827,104,0
5908.01176598,5908.01186822,3010.50693990,3010.50224271,0.07842860,580.79302124,0.01998444,0.01998444,33826,104,0
5908.18712160,5908.18654402,3018.53748172,3018.56405163,0.06788854,580.74625636,0.01998444,0.01998444,33825,104,0
5908.36167704,5908.36123015,3026.57827236,3026.59885496,0.05040237,580.69844234,0.01998444,0.01998444,33824,104,0
5908.53560811,5908.53592661,3034.62923220,3034.61454517,0.06133652,580.64954271,0.01998444,0.01998444,33823,104,0
5908.71012223,5908.71063341,3042.69045726,3042.66685629,0.05683501,580.59921366,0.01998444,0.01998444,33822,104,0
5908.88485611,5908.88535053,3050.76211813,3050.73926251,0.03619486,580.54754586,0.01998444,0.01998444,33821,104,0
5909.06071578,5909.06007799,3058.84438691,3058.87390726,0.03799635,580.49425110,0.01998444,0.01998444,33820,104,0
5909.23562298,5909.23481579,3066.93741884,3066.97482776,0.03241723,580.43995177,0.01998444,0.01998444,33819,104,0
5909.40998107,5909.40956392,3075.04105091,3075.06040742,0.03009329,580.38453590,0.01998444,0.01998444,33818,104,0
5909.58453063,5909.58432239,3083.15484557,3083.16451968,0.05730168,580.32777076,0.01998444,0.01998444,33817,104,0
5909.75863597,5909.75909119,3091.27835305,3091.25718213,0.04283746,580.26986490,0.01998444,0.01998444,33816,104,0
5909.93351743,5909.93387033,3099.41112607,3099.39469639,0.07342882,580.21040805,0.01998444,0.01998444,33815,104,0
5910.10923532,5910.10865981,3107.55311132,3107.57993448,0.06341643,580.14935832,0.01998444,0.01998444,33814,104,0
5910.28426884,5910.28345964,3115.70489537,3115.74265516,0.04455672,580.08723402,0.01998444,0.01998444,33813,104,0
5910.45865143,5910.45826980,3123.86712722,3123.88495786,0.04191790,580.02402909,0.01998444,0.01998444,33812,104,0
5910.63364817,5910.63309030,3132.04046071,3132.06656019,0.03049354,579.95927585,0.01998444,0.01998444,33811,104,0
5910.80814743,5910.80792115,3140.22533446,3140.23593493,0.03597239,579.89337608,0.01998444,0.01998444,33810,104,0
5910.98273712,5910.98276234,3148.42153837,3148.42035532,0.06295055,579.82610929,0.01998444,0.01998444,33809,104,0
5911.15742609,5911.15761388,3156.62874052,3156.61992038,0.05746166,579.75746794,0.01998444,0.01998444,33808,104,0
5911.33346368,5911.33247576,3164.84660631,3164.89306312,0.03779464,579.68694267,0.01998445,0.01998444,33807,104,0
5911.50768352,5911.50734799,3173.07487292,3173.09067019,0.03995489,579.61580522,0.01998444,0.01998444,33806,104,0
5911.68182366,5911.68223057,3181.31367025,3181.29448903,0.04359668,579.54336228,0.01998444,0.01998444,33805,104,0
5911.85682649,5911.85712349,3189.56325965,3189.54924138,0.05740876,579.46920601,0.01998444,0.01998444,33804,104,0
5912.03182562,5912.03202676,3197.82390451,3197.81439831,0.03374893,579.39368656,0.01998444,0.01998444,33803,104,0
5912.20707150,5912.20694039,3206.09583909,3206.10204365,0.03580400,579.31668611,0.01998444,0.01998444,33802,104,0
5912.38155309,5912.38186436,3214.37901344,3214.36426445,0.05164019,579.23865067,0.01998444,0.01998444,33801,104,0
5912.55685091,5912.55679869,3222.67322351,3222.67570115,0.05514840,579.15886995,0.01998444,0.01998444,33800,104,0
5912.73142847,5912.73174337,3230.97826207,3230.96330376,0.03792111,579.07803946,0.01998444,0.01998444,33799,104,0
5912.90633605,5912.90669840,3239.29393682,3239.27670374,0.04556647,578.99567487,0.01998444,0.01998444,33798,104,0
5913.08225664,5913.08166379,3247.62031765,3247.64854831,0.04582534,578.91143336,0.01998444,0.01998444,33797,104,0
5913.25693960,5913.25663953,3255.95768591,3255.97199293,0.04405440,578.82638789,0.01998444,0.01998444,33796,104,0
5913.43194709,5913.43162563,3264.30633108,3264.32167798,0.04148029,578.73978119,0.01998444,0.01998444,33795,104,0
5913.60775195,5913.60662209,3272.66653930,3272.72055298,0.03950807,578.65135781,0.01998445,0.01998444,33794,104,0
5913.78055263,5913.78162891,3281.03844267,3280.98692172,0.03767124,578.56305021,0.01998444,0.01998444,33793,104,0
5913.95634905,5913.95664608,3289.42200056,3289.40776271,0.04415431,578.47178775,0.01998444,0.01998444,33792,104,0
5914.13152357,5914.13167362,3297.81716288,3297.80996092,0.04512061,578.37941514,0.01998444,0.01998444,33791,104,0
5914.30620683,5914.30671152,3306.22387921,3306.19962415,0.03245727,578.28587273,0.01998444,0.01998444,33790,104,0
5914.48121062,5914.48175978,3314.64210716,3314.61568046,0.04860891,578.19072345,0.01998444,0.01998444,33789,104,0
5914.65651468,5914.65681840,3323.07181633,3323.05718149,0.02289596,578.09396607,0.01998444,0.01998444,33788,104,0
5914.83108772,5914.83188739,3331.51297697,3331.47439539,0.05580370,577.99617056,0.01998444,0.01998444,33787,104,0
5915.00676344,5915.00696674,3339.96556025,3339.95573876,0.03068740,577.89630049,0.01998444,0.01998444,33786,104,0
5915.18218600,5915.18205645,3348.42965366,3348.43591998,0.04349105,577.79511007,0.01998444,0.01998444,33785,104,0
5915.35725658,5915.35715654,3356.90555608,3356.91040216,0.05264967,577.69265528,0.01998444,0.01998444,33784,104,0
5915.53169366,5915.53226699,3365.39359097,3365.36578099,0.06444285,577.58910423,0.01998444,0.01998444,33783,104,0
5915.72932990,nan,0.00000000,3374.96849677,0.02138090,577.46989451,0.01998452,0.01998444,33782,104,1
5915.88214631,5915.88251900,3382.40718696,3382.38905798,0.06240640,577.37660361,0.01998444,0.01998444,33781,104,0
5916.05828579,5916.05766056,3390.93268868,3390.96314443,0.02717312,577.26753977,0.01998444,0.01998444,33780,104,0
5916.23362142,5916.23281249,3399.47032680,3399.50978412,0.05831376,577.15746928,0.01998445,0.01998444,33779,104,0
5916.40782564,5916.40797479,3408.01983771,3408.01255282,0.02376455,577.04662082,0.01998444,0.01998444,33778,104,0
5916.58329400,5916.58314747,3416.58106705,3416.58823296,0.04781430,576.93346527,0.01998444,0.01998444,33777,104,0
5916.75786024,5916.75833052,3425.15411878,3425.13108886,0.04326579,576.81938852,0.01998444,0.01998444,33776,104,0
5916.93259173,5916.93352395,3433.73913454,3433.69342241,0.05134312,576.70369556,0.01998444,0.01998444,33775,104,0
5917.10976365,5917.10872775,3442.33625713,3442.38712283,0.04904742,576.58483877,0.01998445,0.01998444,33774,104,0
5917.28408664,5917.28394192,3450.94564023,3450.95275598,0.04864755,576.46636449,0.01998444,0.01998444,33773,104,0
5917.45898059,5917.45916648,3459.56746223,3459.55830938,0.04601585,576.34597056,0.01998444,0.01998444,33772,104,0
5917.63506594,5917.63440141,3468.20190643,3468.23467320,0.06571268,576.22319857,0.01998445,0.01998444,33771,104,0
5917.81011513,5917.80964673,3476.84915723,3476.87228651,0.04242455,576.09959140,0.01998445,0.01998444,33770,104,0
5917.98578039,5917.98490242,3485.50930163,3485.55271675,0.05183949,575.97398106,0.01998445,0.01998444,33769,104,0
5918.16070729,5918.16016850,3494.18219707,3494.20887732,0.04732954,575.84733412,0.01998445,0.01998444,33768,104,0
5918.33558239,5918.33544496,3502.86766698,3502.87448170,0.03373385,575.71916116,0.01998444,0.01998444,33767,104,0
5918.51010879,5918.51073180,3511.56553315,3511.53459828,0.05374918,575.58968231,0.01998444,0.01998444,33766,104,0
5918.68601868,5918.68602902,3520.27561421,3520.27509982,0.06114193,575.45759592,0.01998444,0.01998444,33765,104,0
5918.86166130,5918.86133664,3528.99772393,3529.01388764,0.05883761,575.32412389,0.01998445,0.01998444,33764,104,0
5919.03627817,5919.03665463,3537.73167397,3537.71290746,0.04366704,575.18985777,0.01998444,0.01998444,33763,104,0
5919.21107554,5919.21198302,3546.47727842,3546.43198381,0.06019588,575.05387921,0.01998444,0.01998444,33762,104,0
5919.38842875,5919.38732179,3555.23474636,3555.29007241,0.05434556,574.91429470,0.01998445,0.01998444,33761,104,0
5919.56186507,5919.56267095,3564.00500507,3563.96466860,0.03776382,574.77619728,0.01998444,0.01998444,33760,104,0
5919.73805208,5919.73803050,3572.78906527,3572.79014703,0.03444898,574.63427201,0.01998444,0.01998444,33759,104,0
5919.91397570,5919.91340044,3581.58793059,3581.61681752,0.05145421,574.49088942,0.01998445,0.01998444,33758,104,0
5920.08848132,5920.08878077,3590.40179757,3590.38673673,0.05023762,574.34700459,0.01998444,0.01998444,33757,104,0
5920.26358440,5920.26417150,3599.22967574,3599.20010436,0.07186118,574.20097710,0.01998444,0.01998444,33756,104,0
5920.43955099,5920.43957261,3608.07047180,3608.06938128,0.04512803,574.05257655,0.01998444,0.01998444,33755,104,0
5920.61403762,5920.61498413,3616.92312271,3616.87532529,0.03148523,573.90380019,0.01998444,0.01998444,33754,104,0
5920.78941172,5920.79040603,3625.78768239,3625.73740272,0.06043785,573.75263169,0.01998444,0.01998444,33753,104,0
5920.96517029,5920.96583834,3634.66545713,3634.63162491,0.04631709,573.59945893,0.01998444,0.01998444,33752,104,0
5921.14176779,5921.14128104,3643.55783033,3643.58252234,0.04072757,573.44383790,0.01998444,0.01998444,33751,104,0
5921.31587244,5921.31673414,3652.46611055,3652.42232149,0.03568791,573.28869921,0.01998444,0.01998444,33750,104,0
5921.49332364,5921.49219763,3661.39023262,3661.44754833,0.03791074,573.12882076,0.01998445,0.01998444,33749,104,0
5921.66858783,5921.66767153,3670.32902223,3670.37573418,0.05699513,572.96918488,0.01998445,0.01998444,33748,104,0
5921.84284528,5921.84315583,3679.28126316,3679.26541005,0.04954216,572.80877886,0.01998444,0.01998444,33747,104,0
5922.01887620,5922.01865053,3688.24587272,3688.25740818,0.04243527,572.64504608,0.01998444,0.01998444,33746,104,0
5922.19483830,5922.19415563,3697.22308871,3697.25803226,0.04086909,572.47966549,0.01998445,0.01998444,33745,104,0
5922.36923585,5922.36967114,3706.21386678,3706.19155245,0.03215929,572.31404340,0.01998444,0.01998444,33744,104,0
5922.54485005,5922.54519705,3715.21917829,3715.20136115,0.04627082,572.14551944,0.01998444,0.01998444,33743,104,0
5922.72055173,5922.72073337,3724.23979914,3724.23045733,0.05691379,571.97513641,0.01998444,0.01998444,33742,104,0
5922.89587894,5922.89628009,3733.27542516,3733.25476169,0.04251020,571.80334542,0.01998444,0.01998444,33741,104,0
5923.07293352,5923.07183722,3742.32538923,3742.38194559,0.04796237,571.62807261,0.01998445,0.01998444,33740,104,0
5923.24788915,5923.24740475,3751.38901770,3751.41404221,0.05751261,571.45311801,0.01998445,0.01998444,33739,104,0
5923.42261991,5923.42298270,3760.46585687,3760.44708845,0.03418928,571.27664524,0.01998444,0.01998444,33738,104,0
5923.59871245,5923.59857106,3769.55612186,3769.56344706,0.04472889,571.09702451,0.01998445,0.01998444,33737,104,0
5923.77330805,5923.77416983,3778.66015432,3778.61544234,0.05892280,570.91716112,0.01998444,0.01998444,33736,104,0
5923.94837494,5923.94977900,0.00000000,3787.69623914,0.04897561,570.73521315,0.01998444,0.01998444,33735,104,1
5924.12569803,5924.12539860,3796.91081563,3796.92639845,0.06013760,570.54872054,0.01998445,0.01998444,33734,104,0
5924.30179406,5924.30102860,3806.05783866,3806.09773528,0.06748857,570.36186714,0.01998445,0.01998444,33733,104,0
5924.47662577,5924.47666902,3815.21948646,3815.21722854,0.04692255,570.17453908,0.01998445,0.01998444,33732,104,0
5924.65155473,5924.65231986,3824.39587540,3824.35587245,0.05192160,569.98528665,0.01998444,0.01998444,33731,104,0
5924.82861271,5924.82798111,3833.58704651,3833.62011973,0.03617714,569.79186913,0.01998445,0.01998444,33730,104,0
5925.00296377,5925.00365278,3842.79297528,3842.75684055,0.06724253,569.59957219,0.01998444,0.01998444,33729,104,0
5925.17773361,5925.17933487,0.00000000,3851.93322861,0.05731373,569.40489957,0.01998444,0.01998444,33728,104,1
5925.35442827,5925.35502738,3861.24906483,3861.21754784,0.03067078,569.20636613,0.01998444,0.01998444,33727,104,0
5925.53044451,5925.53073030,3870.49977592,3870.48471667,0.07429962,569.00662389,0.01998444,0.01998444,33726,104,0
5925.70711249,5925.70644365,3879.76648236,3879.80178545,0.05103141,568.80421971,0.01998445,0.01998444,33725,104,0
5925.88386940,5925.88216742,0.00000000,3889.15197908,0.06350728,568.59949718,0.01998445,0.01998445,33724,104,1
5926.05775858,5926.05790162,3898.35039851,3898.34282194,0.06391686,568.39670314,0.01998444,0.01998445,33723,104,0
5926.23297565,5926.23364623,3907.66721120,3907.63163231,0.07778778,568.19017598,0.01998444,0.01998445,33722,104,0
5926.41074657,5926.40940128,0.00000000,3917.07868527,0.04780915,567.97851046,0.01998445,0.01998445,33721,104,1
5926.58462145,5926.58516674,3926.34598419,3926.31696658,0.04318028,567.76994304,0.01998444,0.01998445,33720,104,0
5926.76177463,5926.76094264,3935.70707340,3935.75141692,0.03987987,567.55533529,0.01998445,0.01998445,33719,104,0
5926.93627212,5926.93672896,3945.08399994,3945.05961003,0.03884463,567.34200402,0.01998444,0.01998445,33718,104,0
5927.11240198,5927.11252571,3954.47820446,3954.47158618,0.06865220,567.12468326,0.01998444,0.01998445,33717,104,0
5927.28693039,5927.28833289,0.00000000,3963.82163135,0.05131340,566.90718899,0.01998444,0.01998445,33716,104,1
5927.46315202,5927.46415050,3973.32128737,3973.26768658,0.04373212,566.68583894,0.01998444,0.01998445,33715,104,0
5927.64094722,5927.63997854,3982.76741966,3982.81949911,0.04956840,566.46035291,0.01998445,0.01998445,33714,104,0
5927.81779628,5927.81581702,0.00000000,3992.32899687,0.06023062,566.23421030,0.01998445,0.01998445,33713,104,1
5927.99098826,5927.99166592,4001.70008474,4001.66355483,0.03288957,566.01062182,0.01998444,0.01998445,33712,104,0
5928.16920585,5928.16752526,0.00000000,4011.27833544,0.04539182,565.77865817,0.01998445,0.01998445,33711,104,1
5928.34459910,5928.34339504,4020.69157048,4020.75670104,0.07345558,565.54833420,0.01998445,0.01998445,33710,104,0
5928.51931907,5928.51927525,4030.21494182,4030.21731698,0.06843487,565.31680696,0.01998445,0.01998445,33709,104,0
5928.69555082,5928.69516590,4039.75792598,4039.77882966,0.03771676,565.08115172,0.01998445,0.01998445,33708,104,0
5928.87109664,5928.87106699,4049.31895704,4049.32057007,0.04286308,564.84432184,0.01998445,0.01998445,33707,104,0
5929.04578825,5929.04697851,4058.89635439,4058.83150203,0.04742932,564.60660492,0.01998444,0.01998445,33706,104,0
5929.22248041,5929.22290048,4068.48869421,4068.46577247,0.04297702,564.36412449,0.01998445,0.01998445,33705,104,0
5929.41095597,nan,0.00000000,4078.75095784,0.10182273,564.10339515,0.01998449,0.01998445,33704,104,1
5929.57504862,5929.57477573,4087.71949099,4087.73442945,0.05952689,563.87408784,0.01998445,0.01998445,33703,104,0
nan,nan,0.00000000,-1.00000000,0.00000000,563.68755589,nan,0.00000000,-2147483648,104,1
nan,nan,0.00000000,-1.00000000,0.00000000,556.85352062,nan,0.00000000,-2147483648,103,1
nan,nan,0.00000000,-1.00000000,0.00000000,557.15632677,nan,0.00000000,-2147483648,103,1
nan,nan,0.00000000,-1.00000000,0.00000000,557.35782917,nan,0.00000000,-2147483648,103,1
5885.22375309,5885.21830281,0.00000000,17.13511951,0.09766051,557.66631682,0.01998445,0.01998444,33957,103,1
5885.38860285,5885.39163324,0.00000000,22.37627997,0.24837761,557.92930502,0.01998443,0.01998444,33956,103,1
5885.57383897,nan,0.00000000,28.26877237,0.17153214,558.22437110,0.01998447,0.01998444,33955,103,1
5885.73732566,5885.73832473,33.49814471,33.46633367,0.15368200,558.48410759,0.01998443,0.01998444,33954,103,0
5885.91327172,5885.91168580,39.01962459,39.07015001,0.11249207,558.76358813,0.01998444,0.01998444,33953,103,0
5886.09547442,nan,0.00000000,44.88048885,0.15033498,559.05275761,0.01998447,0.01998444,33952,103,1
5886.25199885,5886.25843857,0.00000000,49.87031202,0.10604820,559.30059504,0.01998441,0.01998444,33951,103,1
5886.41997902,nan,0.00000000,55.22802645,0.14869346,559.56619427,0.01998440,0.01998444,33950,103,1
nan,nan,0.00000000,-1.00000000,0.00000000,559.85173769,nan,0.00000000,-2147483648,103,1
5886.78272680,5886.77864435,0.00000000,66.80737849,0.21624029,560.13841289,0.01998445,0.01998444,33948,103,1
5886.95474047,5886.95206671,0.00000000,72.30283411,0.06184269,560.40911787,0.01998445,0.01998444,33947,103,1
5887.13267317,5887.12549929,0.00000000,77.99049013,0.06129442,560.68870434,0.01998446,0.01998444,33946,103,1
5887.30130959,5887.29894209,0.00000000,83.38390449,0.06477591,560.95327597,0.01998444,0.01998444,33945,103,1
5887.47238477,5887.47239511,88.85535442,88.85502334,0.19252525,561.22111141,0.01998444,0.01998444,33944,103,0
5887.64788104,5887.64585836,0.00000000,94.47705444,0.07164199,561.49575971,0.01998444,0.01998444,33943,103,1
5887.81680788,5887.81933182,0.00000000,99.88847410,0.21407327,561.75956872,0.01998443,0.01998444,33942,103,1
5887.99806995,5887.99281551,0.00000000,105.69823092,0.17953179,562.04219575,0.01998445,0.01998444,33941,103,1
5888.16974555,5888.16630943,0.00000000,111.20377558,0.14004604,562.30944934,0.01998445,0.01998444,33940,103,1
nan,nan,0.00000000,-1.00000000,0.00000000,562.63858494,nan,0.00000000,-2147483648,103,1
5888.52604472,nan,0.00000000,122.63959155,0.06467055,562.86278726,0.01998448,0.01998444,33938,103,1
5888.69810148,nan,0.00000000,128.16654224,0.17724880,563.12935184,0.01998448,0.01998444,33937,103,1
5888.85420091,5888.86038736,0.00000000,133.18349587,0.10321304,563.37083138,0.01998442,0.01998444,33936,103,1
5889.03671949,5889.03393241,0.00000000,139.05268629,0.19376333,563.65274203,0.01998445,0.01998444,33935,103,1
5889.20769168,5889.20748769,144.54010238,144.54666757,0.07396460,563.91605463,0.01998444,0.01998444,33934,103,0
5889.38410600,5889.38105321,0.00000000,150.23285496,0.16798004,564.18799270,0.01998445,0.01998444,33933,103,1
5889.55630705,5889.55462895,155.71864435,155.77271102,0.13073686,564.45235881,0.01998444,0.01998444,33932,103,0
5889.72987811,5889.72821493,161.31286889,161.36648298,0.05386153,564.71872320,0.01998444,0.01998444,33931,103,0
5889.90305760,5889.90181114,166.91033153,166.95053296,0.08989970,564.98404870,0.01998444,0.01998444,33930,103,0
5890.07749390,5890.07541759,0.00000000,172.58551910,0.11130340,565.25121106,0.01998444,0.01998444,33929,103,1
5890.25129355,5890.24903427,0.00000000,178.19601852,0.11264618,565.51663021,0.01998444,0.01998444,33928,103,1
5890.42761750,5890.42266119,0.00000000,183.89118836,0.12267333,565.78546068,0.01998445,0.01998444,33927,103,1
5890.59718054,5890.59629835,189.33236247,189.36087538,0.02245484,566.04308398,0.01998444,0.01998444,33926,103,0
5890.76601258,5890.76994574,0.00000000,194.83017010,0.09193645,566.30013657,0.01998442,0.01998444,33925,103,1
5890.94592300,5890.94360338,0.00000000,200.65079642,0.01172923,566.57309486,0.01998445,0.01998444,33924,103,1
5891.11191191,5891.11727125,0.00000000,206.02400291,0.09630129,566.82451615,0.01998442,0.01998444,33923,103,1
5891.29351237,5891.29094937,0.00000000,211.90585281,0.13496822,567.09912653,0.01998445,0.01998444,33922,103,1
5891.46695301,5891.46463772,0.00000000,217.52662411,0.15321323,567.36095081,0.01998445,0.01998444,33921,103,1
5891.63697037,5891.63833632,223.07226136,223.02795360,0.08926386,567.61664634,0.01998443,0.01998444,33920,103,0
5891.81129153,5891.81204517,228.70847883,228.68401945,0.08315044,567.87895110,0.01998443,0.01998444,33919,103,0
5891.98494287,5891.98576426,234.34810509,234.32143246,0.00924240,568.13980289,0.01998443,0.01998444,33918,103,0
5892.16004562,5892.15949359,239.99101231,240.00894747,0.08098141,568.40237813,0.01998444,0.01998444,33917,103,0
5892.33335174,5892.33323317,245.63708914,245.64094351,0.14739481,568.66180143,0.01998444,0.01998444,33916,103,0
5892.50599676,5892.50698300,251.28636477,251.25429033,0.04310274,568.91978266,0.01998443,0.01998444,33915,103,0
5892.68066611,5892.68074307,256.93893823,256.93643390,0.08737637,569.18033282,0.01998444,0.01998444,33914,103,0
5892.85120804,5892.85451340,0.00000000,262.49990515,0.12529187,569.43486341,0.01998443,0.01998444,33913,103,1
5893.02959996,5893.02829397,268.25437858,268.29692258,0.07854822,569.69947041,0.01998444,0.01998444,33912,103,0
5893.20087694,5893.20208480,273.91744638,273.87807638,0.08988207,569.95363753,0.01998443,0.01998444,33911,103,0
5893.36720287,5893.37588587,0.00000000,279.31595009,0.09938482,570.20072600,0.01998441,0.01998444,33910,103,1
5893.54993710,5893.54969720,285.25469647,285.26252527,0.04263339,570.47030354,0.01998444,0.01998444,33909,103,0
5893.72400092,5893.72351879,290.92890535,290.94464892,0.08955335,570.72728205,0.01998444,0.01998444,33908,103,0
5893.89995921,5893.89735062,0.00000000,296.70802559,0.06925705,570.98732569,0.01998445,0.01998444,33907,103,1
5894.06985164,5894.07119272,302.28845758,302.24461453,0.06901859,571.23655847,0.01998443,0.01998444,33906,103,0
5894.24792284,5894.24504507,0.00000000,308.08387534,0.09373459,571.49880224,0.01998445,0.01998444,33905,103,1
5894.42093877,5894.41890767,313.66281122,313.72929130,0.07845411,571.75174108,0.01998444,0.01998444,33904,103,0
5894.59244332,5894.59278054,319.35553401,319.34449008,0.05595977,572.00274157,0.01998444,0.01998444,33903,103,0
5894.76591814,5894.76666366,325.05196845,325.02753762,0.04925367,572.25618136,0.01998443,0.01998444,33902,103,0
5894.94039415,5894.94055705,330.75212747,330.74678600,0.07482429,572.51063268,0.01998444,0.01998444,33901,103,0
5895.11439317,5895.11446069,336.45602406,336.45380864,0.00629258,572.76393717,0.01998444,0.01998444,33900,103,0
5895.29034056,5895.28837460,0.00000000,342.24144759,0.06999267,573.02020468,0.01998444,0.01998444,33899,103,1
5895.46389449,5895.46229877,347.87507992,347.92749669,0.13865595,573.27137071,0.01998444,0.01998444,33898,103,0
5895.63719611,5895.63623320,353.59022606,353.62187458,0.11845210,573.52230538,0.01998444,0.01998444,33897,103,0
5895.80838764,5895.81017790,359.30905769,359.25018191,0.08918834,573.76973918,0.01998443,0.01998444,33896,103,0
5895.98470048,5895.98413287,365.03152188,365.05019947,0.06120036,574.02410874,0.01998444,0.01998444,33895,103,0
5896.15662243,5896.15809809,370.75756545,370.70898052,0.09844339,574.27168442,0.01998443,0.01998444,33894,103,0
5896.33183701,5896.33207359,376.48713503,376.47934140,0.04507169,574.52353178,0.01998444,0.01998444,33893,103,0
5896.50669805,5896.50605936,382.22018077,382.24123219,0.04111966,574.77439482,0.01998444,0.01998444,33892,103,0
5896.68061676,5896.68005539,387.95671471,387.97522797,0.11623862,575.02343358,0.01998444,0.01998444,33891,103,0
5896.85308064,5896.85406169,393.69680033,393.66442834,0.07019162,575.26992556,0.01998443,0.01998444,33890,103,0
5897.02784791,5897.02807827,399.44050289,399.43289734,0.02226746,575.51924047,0.01998444,0.01998444,33889,103,0
5897.20033198,5897.20210512,405.18788788,405.12931163,0.07312680,575.76483690,0.01998443,0.01998444,33888,103,0
5897.34964311,nan,0.00000000,410.06887863,0.12662877,575.97731633,0.01998494,0.01998444,33888,103,1
5897.55144306,5897.55018963,416.69396592,416.73542380,0.08174890,576.26336715,0.01998444,0.01998444,33886,103,0
5897.72642537,5897.72424729,0.00000000,422.52977669,0.07946128,576.51132541,0.01998445,0.01998444,33885,103,1
5897.90017411,5897.89831524,428.21535115,428.27690871,0.05864480,576.75664909,0.01998444,0.01998444,33884,103,0
5898.07034260,5898.07239346,433.98177200,433.91381640,0.06382423,576.99667378,0.01998443,0.01998444,33883,103,0
5898.24717924,5898.24648195,439.75199799,439.77511666,0.06674848,577.24562953,0.01998444,0.01998444,33882,103,0
5898.42165993,5898.42058073,445.52601877,445.56182143,0.11338459,577.49079296,0.01998444,0.01998444,33881,103,0
5898.60003072,5898.59468978,0.00000000,451.48273456,0.01044016,577.74100067,0.01998446,0.01998444,33880,103,1
5898.77103641,5898.76880911,0.00000000,457.16025013,0.08958344,577.98031320,0.01998445,0.01998444,33879,103,1
5898.94341047,5898.94293873,462.87078596,462.88646419,0.10474885,578.22107387,0.01998444,0.01998444,33878,103,0
5899.11463783,5899.11707862,0.00000000,468.57808002,0.06320419,578.45977818,0.01998443,0.01998444,33877,103,1
5899.29156851,5899.29122880,474.45290043,474.46420399,0.01997615,578.70600909,0.01998444,0.01998444,33876,103,0
5899.46740796,5899.46538926,0.00000000,480.31453510,0.04585603,578.95010690,0.01998445,0.01998444,33875,103,1
5899.63735847,5899.63956001,0.00000000,485.97374994,0.10433299,579.18562747,0.01998443,0.01998444,33874,103,1
5899.82008483,5899.81374104,0.00000000,492.06207168,0.04453902,579.43834390,0.01998446,0.01998444,33873,103,1
5899.98766600,5899.98793236,497.66243843,497.65355481,0.04797393,579.66983252,0.01998444,0.01998444,33872,103,0
5900.16321564,5900.16213396,503.47399924,503.51009524,0.02870889,579.91167360,0.01998444,0.01998444,33871,103,0
5900.33658979,5900.33634586,509.28908361,509.29722818,0.07478485,580.15002443,0.01998444,0.01998444,33870,103,0
5900.50836308,5900.51056804,0.00000000,515.02942686,0.04975713,580.38550107,0.01998443,0.01998444,33869,103,1
5900.68349550,5900.68480051,520.92954175,520.88592371,0.05494092,580.62545512,0.01998444,0.01998444,33868,103,0
5900.86189631,5900.85904328,0.00000000,526.84779887,0.08137902,580.86907403,0.01998445,0.01998444,33867,103,1
5901.03486720,5901.03329633,532.58418164,532.63674706,0.06706259,581.10499643,0.01998445,0.01998444,33866,103,0
5901.20975245,5901.20755968,0.00000000,538.49052005,0.00689057,581.34292924,0.01998445,0.01998444,33865,103,1
5901.38176984,5901.38183332,544.25470201,544.25257498,0.08329539,581.57651392,0.01998444,0.01998444,33864,103,0
5901.55453656,5901.55611726,550.09648246,550.04348062,0.05499338,581.81064823,0.01998443,0.01998444,33863,103,0
5901.73257109,5901.73041149,0.00000000,556.01571110,0.01953504,582.05146274,0.01998445,0.01998444,33862,103,1
5901.90261372,5901.90471601,561.79369682,561.72310621,0.02445098,582.28098071,0.01998443,0.01998444,33861,103,0
5902.08018574,5902.07903084,567.64872010,567.68752419,0.06998254,582.52018944,0.01998444,0.01998444,33860,103,0
5902.25454942,5902.25335596,573.50766281,573.54778584,0.03150387,582.75457863,0.01998444,0.01998444,33859,103,0
5902.42804452,5902.42769138,579.37025503,579.38213343,0.07338208,582.98729894,0.01998444,0.01998444,33858,103,0
5902.60312654,5902.60203710,585.23622577,585.27288934,0.09671114,583.22162902,0.01998444,0.01998444,33857,103,0
5902.77522381,5902.77639313,591.10538669,591.06601535,0.07435026,583.45144801,0.01998444,0.01998444,33856,103,0
5902.95095577,5902.95075945,596.97790699,596.98452065,0.06443280,583.68559833,0.01998444,0.01998444,33855,103,0
5903.12419327,5903.12513608,602.85405238,602.82227241,0.06034220,583.91591759,0.01998444,0.01998444,33854,103,0
5903.30006603,5903.29952301,608.73408964,608.75240519,0.08819589,584.14923457,0.01998444,0.01998444,33853,103,0
5903.47404465,5903.47392024,614.61828661,614.62248558,0.05002902,584.37954659,0.01998444,0.01998444,33852,103,0
5903.64784162,5903.64832778,620.50691206,620.49049159,0.09790024,584.60913853,0.01998444,0.01998444,33851,103,0
5903.82427551,5903.82274563,626.40011730,626.45182685,0.06523664,584.84172816,0.01998445,0.01998444,33850,103,0
5903.99647232,5903.99717379,632.29772751,632.27400245,0.08522141,585.06825206,0.01998444,0.01998444,33849,103,0
5904.17059435,5904.17161225,638.19951135,638.16506204,0.07148929,585.29681610,0.01998444,0.01998444,33848,103,0
5904.34665533,5904.34606102,644.10523651,644.12536191,0.03211910,585.52741142,0.01998444,0.01998444,33847,103,0
5904.52127593,5904.52052010,650.01466976,650.04027889,0.04901513,585.75559945,0.01998444,0.01998444,33846,103,0
5904.69489058,5904.69498949,655.92757906,655.92422603,0.04736590,585.98194876,0.01998444,0.01998444,33845,103,0
5904.86895770,5904.86946920,661.84390541,661.82655674,0.04195041,586.20835997,0.01998444,0.01998444,33844,103,0
5905.04465342,5905.04395921,667.76388671,667.78744645,0.04992877,586.43636148,0.01998444,0.01998444,33843,103,0
5905.21808534,5905.21845954,673.68779093,673.67508368,0.07150315,586.66091394,0.01998444,0.01998444,33842,103,0
5905.39387868,5905.39297019,679.61588710,679.64675904,0.07045390,586.88801454,0.01998444,0.01998444,33841,103,0
5905.56738006,5905.56749115,685.54844540,685.54466771,0.07719570,587.11166031,0.01998444,0.01998444,33840,103,0
5905.74117786,5905.74202242,691.48572660,691.45698505,0.03589920,587.33520455,0.01998444,0.01998444,33839,103,0
5905.91570353,5905.91656402,697.42774191,697.39843750,0.07669286,587.55919688,0.01998444,0.01998444,33838,103,0
5906.09171872,5906.09111593,703.37424631,703.39478851,0.05644086,587.78459461,0.01998444,0.01998444,33837,103,0
5906.26597739,5906.26567816,709.32498212,709.33518607,0.07004888,588.00723106,0.01998444,0.01998444,33836,103,0
5906.44111913,5906.44025071,715.27969064,715.30932124,0.05815998,588.23047135,0.01998444,0.01998444,33835,103,0
5906.61513972,5906.61483358,721.23811203,721.24856317,0.05763597,588.45175105,0.01998444,0.01998444,33834,103,0
5906.78986929,5906.78942677,727.20001407,727.21512887,0.05791355,588.67338944,0.01998444,0.01998444,33833,103,0
5906.96402842,5906.96403029,733.16545017,733.16538607,0.09443170,588.89376383,0.01998444,0.01998444,33832,103,0
5907.13883118,5907.13864413,739.13463904,739.14103532,0.03569988,589.11441713,0.01998444,0.01998444,33831,103,0
5907.31241148,5907.31326830,745.10780229,745.07848483,0.06977146,589.33300327,0.01998444,0.01998444,33830,103,0
5907.48757635,5907.48790279,751.08516243,751.07398536,0.05511652,589.55306235,0.01998444,0.01998444,33829,103,0
5907.66335348,5907.66254760,757.06694293,757.09455499,0.04791176,589.77336994,0.01998444,0.01998444,33828,103,0
5907.83619973,5907.83720275,763.05332133,763.01893039,0.03198648,589.98950051,0.01998444,0.01998444,33827,103,0
5908.01288604,5908.01186822,769.04425795,769.07918071,0.04818829,590.20991364,0.01998444,0.01998444,33826,103,0
5908.18637029,5908.18654402,775.03964955,775.03368462,0.06347200,590.42581645,0.01998444,0.01998444,33825,103,0
5908.36144221,5908.36123015,781.03939242,781.04667823,0.03279266,590.64317179,0.01998444,0.01998444,33824,103,0
5908.53633617,5908.53592661,787.04338244,787.05746280,0.04202696,590.85977613,0.01998444,0.01998444,33823,103,0
5908.70979462,5908.71063341,793.05151526,793.02266084,0.01829592,591.07407427,0.01998444,0.01998444,33822,103,0
5908.88604370,5908.88535053,799.06373258,799.08759272,0.04311452,591.29127769,0.01998444,0.01998444,33821,103,0
5909.05930689,5909.06007799,805.08007581,805.05351626,0.03342063,591.50426870,0.01998444,0.01998444,33820,103,0
5909.23421072,5909.23481579,811.10059948,811.07974553,0.04762940,591.71874144,0.01998444,0.01998444,33819,103,0
5909.40959781,5909.40956392,817.12535837,817.12652723,0.04451790,591.93326754,0.01998444,0.01998444,33818,103,0
5909.58444177,5909.58432239,823.15440746,823.15852749,0.05721055,592.14659242,0.01998444,0.01998444,33817,103,0
5909.75814448,5909.75909119,829.18780069,829.15510741,0.06256837,592.35799457,0.01998444,0.01998444,33816,103,0
5909.93370903,5909.93387033,835.22556229,835.21998813,0.05566341,592.57112500,0.01998444,0.01998444,33815,103,0
5910.10883257,5910.10865981,841.26768668,841.27366038,0.04548049,592.78317996,0.01998444,0.01998444,33814,103,0
5910.28365854,5910.28345964,847.31416692,847.32104945,0.07112880,592.99433490,0.01998444,0.01998444,33813,103,0
5910.45840156,5910.45826980,853.36499604,853.36955814,0.07471301,593.20484915,0.01998444,0.01998444,33812,103,0
5910.63262386,5910.63309030,859.42016705,859.40400585,0.06259874,593.41419649,0.01998444,0.01998444,33811,103,0
5910.80705543,5910.80792115,865.47968480,865.44966946,0.07241484,593.62325429,0.01998444,0.01998444,33810,103,0
5910.98274979,5910.98276234,871.54363941,871.54320399,0.06441282,593.83328005,0.01998444,0.01998444,33809,103,0
5911.15620114,5911.15761388,877.61215861,877.56310976,0.06092660,594.04009036,0.01998444,0.01998444,33808,103,0
5911.33330865,5911.33247576,883.68537081,883.71430893,0.06953045,594.25071537,0.01998444,0.01998444,33807,103,0
5911.50780185,5911.50734799,889.76340500,889.77918560,0.05699321,594.45769599,0.01998444,0.01998444,33806,103,0
5911.68205628,5911.68223057,895.84639048,895.84032595,0.04061026,594.66386595,0.01998444,0.01998444,33805,103,0
5911.85812410,5911.85712349,901.93435922,901.96920316,0.04665731,594.87164554,0.01998444,0.01998444,33804,103,0
5912.03243043,5912.03202676,908.02708578,908.04115236,0.04628793,595.07680652,0.01998444,0.01998444,33803,103,0
5912.20567515,5912.20694039,914.12430191,914.08018352,0.06879513,595.28017535,0.01998444,0.01998444,33802,103,0
5912.38154662,5912.38186436,920.22573821,920.21465172,0.05393122,595.48606385,0.01998444,0.01998444,33801,103,0
5912.55763232,5912.55679869,926.33112407,926.36022678,0.06250924,595.69162351,0.01998444,0.01998444,33800,103,0
5912.73072702,5912.73174337,932.44019923,932.40469895,0.07276968,595.89311638,0.01998444,0.01998444,33799,103,0
5912.90637677,5912.90669840,938.55296947,938.54172874,0.07782076,596.09699958,0.01998444,0.01998444,33798,103,0
5913.08133612,5913.08166379,944.66970924,944.65825053,0.05757048,596.29950456,0.01998444,0.01998444,33797,103,0
5913.25606061,5913.25663953,950.79070596,950.77044718,0.05789442,596.50117133,0.01998444,0.01998444,33796,103,0
5913.43189772,5913.43162563,956.91624833,956.92577641,0.02850625,596.70355904,0.01998444,0.01998444,33795,103,0
5913.60610053,5913.60662209,963.04662628,963.02834813,0.03401664,596.90351643,0.01998444,0.01998444,33794,103,0
5913.78145306,5913.78162891,969.18207329,969.17590602,0.05729331,597.10424747,0.01998444,0.01998444,33793,103,0
5913.95642549,5913.95664608,975.32248869,975.31474645,0.04587679,597.30399240,0.01998444,0.01998444,33792,103,0
5914.13241457,5914.13167362,981.46765065,981.49367431,0.08757627,597.50433379,0.01998445,0.01998444,33791,103,0
5914.30771410,5914.30671152,987.61733622,987.65257178,0.07085972,597.70331895,0.01998445,0.01998444,33790,103,0
5914.48218668,5914.48175978,993.77132144,993.78633428,0.05093595,597.90079069,0.01998444,0.01998444,33789,103,0
5914.65691594,5914.65681840,999.92938279,999.93281495,0.03722530,598.09796975,0.01998444,0.01998444,33788,103,0
5914.83180133,5914.83188739,1006.09142878,1006.08839886,0.03984702,598.29473641,0.01998444,0.01998444,33787,103,0
5915.00777566,5915.00696674,1012.25760635,1012.28610500,0.05785805,598.49213727,0.01998445,0.01998444,33786,103,0
5915.18187754,5915.18205645,1018.42808797,1018.42178051,0.06978673,598.68685840,0.01998444,0.01998444,33785,103,0
5915.35731229,5915.35715654,1024.60304687,1024.60854134,0.06093580,598.88249148,0.01998444,0.01998444,33784,103,0
5915.53309115,5915.53226699,1030.78265707,1030.81175182,0.05334331,599.07792963,0.01998445,0.01998444,33783,103,0
5915.70641968,5915.70738781,1036.96707741,1036.93287533,0.04220973,599.27007963,0.01998444,0.01998444,33782,103,0
5915.88134514,5915.88251900,1043.15630525,1043.11480605,0.04845708,599.46343073,0.01998444,0.01998444,33781,103,0
5916.05665781,5916.05766056,1049.35024319,1049.31476844,0.05443953,599.65663146,0.01998444,0.01998444,33780,103,0
5916.23325604,5916.23281249,1055.54879220,1055.56449447,0.06898411,599.85065885,0.01998445,0.01998444,33779,103,0
5916.40920946,5916.40797479,1061.75185278,1061.79559063,0.04187587,600.04338413,0.01998445,0.01998444,33778,103,0
5916.58304132,5916.58314747,1067.95932509,1067.95556249,0.02993091,600.23319920,0.01998444,0.01998444,33777,103,0
5916.75875175,5916.75833052,1074.17114558,1074.18608686,0.03659314,600.42446980,0.01998444,0.01998444,33776,103,0
5916.93373033,5916.93352395,1080.38734449,1080.39466963,0.06587336,600.61434801,0.01998444,0.01998444,33775,103,0
5917.11009733,5917.10872775,1086.60796700,1086.65661027,0.05670893,600.80513124,0.01998445,0.01998444,33774,103,0
5917.28362301,5917.28394192,1092.83305850,1092.82172417,0.02766864,600.99225129,0.01998444,0.01998444,33773,103,0
5917.45888419,5917.45916648,1099.06266457,1099.05262533,0.02231159,601.18064911,0.01998444,0.01998444,33772,103,0
5917.63430837,5917.63440141,1105.29683609,1105.29352493,0.05045037,601.36862467,0.01998444,0.01998444,33771,103,0
5917.80912317,5917.80964673,1111.53569400,1111.51704830,0.05887354,601.55535471,0.01998444,0.01998444,33770,103,0
5917.98480766,5917.98490242,1117.77941043,1117.77603309,0.04305186,601.74242138,0.01998444,0.01998444,33769,103,0
5918.15936896,5918.16016850,1124.02815941,1123.99964250,0.03825520,601.92770749,0.01998444,0.01998444,33768,103,0
5918.33473295,5918.33544496,1130.28211575,1130.25670088,0.05606412,602.11326235,0.01998444,0.01998444,33767,103,0
5918.51152757,5918.51073180,1136.54145494,1136.56988291,0.07317524,602.29974268,0.01998445,0.01998444,33766,103,0
5918.68595608,5918.68602902,1142.80624915,1142.80364119,0.02719594,602.48314869,0.01998444,0.01998444,33765,103,0
5918.86034435,5918.86133664,1149.07627654,1149.04077328,0.04755921,602.66592968,0.01998444,0.01998444,33764,103,0
5919.03613989,5919.03665463,1155.35126253,1155.33283251,0.05295468,602.84958622,0.01998444,0.01998444,33763,103,0
5919.21161109,5919.21198302,1161.63093131,1161.61760568,0.06920723,603.03229401,0.01998444,0.01998444,33762,103,0
5919.38733003,5919.38732179,1167.91500575,1167.91530134,0.04140883,603.21463953,0.01998444,0.01998444,33761,103,0
5919.56278072,5919.56267095,1174.20323206,1174.20716976,0.04777426,603.39607862,0.01998444,0.01998444,33760,103,0
5919.73852579,5919.73803050,1180.49567761,1180.51345584,0.06403203,603.57719353,0.01998444,0.01998444,33759,103,0
5919.91315821,5919.91340044,1186.79263689,1186.78393625,0.03024074,603.75654560,0.01998444,0.01998444,33758,103,0
5920.08777841,5920.08878077,1193.09441047,1193.05838032,0.03906360,603.93527789,0.01998444,0.01998444,33757,103,0
5920.26449871,5920.26417150,1199.40130029,1199.41307116,0.06521570,604.11554854,0.01998444,0.01998444,33756,103,0
5920.43953164,5920.43957261,1205.71360926,1205.71213425,0.05294977,604.29349867,0.01998444,0.01998444,33755,103,0
5920.61470076,5920.61498413,1212.03150848,1212.02129809,0.02438983,604.47099313,0.01998444,0.01998444,33754,103,0
5920.79069262,5920.79040603,1218.35485037,1218.36518484,0.05407748,604.64871669,0.01998444,0.01998444,33753,103,0
5920.96468322,5920.96583834,1224.68343975,1224.64175423,0.07092823,604.82381640,0.01998444,0.01998444,33752,103,0
5921.14091718,5921.14128104,1231.01708049,1231.00394013,0.03526428,605.00055545,0.01998444,0.01998444,33751,103,0
5921.31594442,5921.31673414,1237.35557556,1237.32703623,0.06973353,605.17546130,0.01998444,0.01998444,33750,103,0
5921.49166063,5921.49219763,1243.69874787,1243.67932826,0.07393222,605.35042456,0.01998444,0.01998444,33749,103,0
5921.66819969,5921.66767153,1250.04660914,1250.06572198,0.04055714,605.52556909,0.01998445,0.01998444,33748,103,0
5921.84345076,5921.84315583,1256.39927216,1256.40995269,0.07489859,605.69880475,0.01998444,0.01998444,33747,103,0
5922.01833117,5922.01865053,1262.75685120,1262.74527762,0.03306453,605.87104870,0.01998444,0.01998444,33746,103,0
5922.19449333,5922.19415563,1269.11946103,1269.13170834,0.02170981,606.04392502,0.01998444,0.01998444,33745,103,0
5922.36937874,5922.36967114,1275.48721612,1275.47660367,0.04905096,606.21492424,0.01998444,0.01998444,33744,103,0
5922.54480742,5922.54519705,1281.86017654,1281.84602462,0.02673591,606.38582976,0.01998444,0.01998444,33743,103,0
5922.72094178,5922.72073337,1288.23831532,1288.24589107,0.04442659,606.55679058,0.01998444,0.01998444,33742,103,0
5922.89592965,5922.89628009,1294.62159755,1294.60885013,0.05874491,606.72600863,0.01998444,0.01998444,33741,103,0
5923.07213094,5923.07183722,1301.00998817,1301.02068050,0.01153120,606.89576297,0.01998444,0.01998444,33740,103,0
5923.24754533,5923.24740475,1307.40345193,1307.40857308,0.05691340,607.06412147,0.01998444,0.01998444,33739,103,0
5923.42296118,5923.42298270,1313.80195187,1313.80116719,0.03326543,607.23184237,0.01998444,0.01998444,33738,103,0
5923.59883532,5923.59857106,1320.20544343,1320.21508431,0.03707604,607.39935708,0.01998445,0.01998444,33737,103,0
5923.77351448,5923.77416983,1326.61387951,1326.58995431,0.07451232,607.56509202,0.01998444,0.01998444,33736,103,0
5923.94974265,5923.94977900,1333.02721280,1333.02588471,0.04531091,607.73164585,0.01998444,0.01998444,33735,103,0
5924.12545195,5924.12539860,1339.44539575,1339.44734622,0.06107952,607.89705558,0.01998444,0.01998444,33734,103,0
5924.30235970,5924.30102860,1345.86838725,1345.91708411,0.03021611,608.06293133,0.01998445,0.01998444,33733,103,0
5924.47678784,5924.47666902,1352.29626130,1352.30061128,0.04846346,608.22583182,0.01998444,0.01998444,33732,103,0
5924.65311834,5924.65231986,1358.72918939,1358.75844342,0.05615685,608.38985536,0.01998445,0.01998444,33731,103,0
5924.82756080,5924.82798111,1365.16734689,1365.15193602,0.03055125,608.55147867,0.01998444,0.01998444,33730,103,0
5925.00409766,5925.00365278,1371.61090999,1371.62723447,0.06199099,608.71439303,0.01998445,0.01998444,33729,103,0
5925.17834761,5925.17933487,1378.06005516,1378.02379896,0.03531125,608.87455881,0.01998444,0.01998444,33728,103,0
5925.35500385,5925.35502738,1384.51486471,1384.51399997,0.04762526,609.03628931,0.01998444,0.01998444,33727,103,0
5925.53119084,5925.53073030,1390.97522130,1390.99216112,0.02331240,609.19693641,0.01998445,0.01998444,33726,103,0
5925.70604811,5925.70644365,1397.44098174,1397.42642149,0.04904891,609.35572012,0.01998444,0.01998444,33725,103,0
5925.88260717,5925.88216742,1403.91200209,1403.92820184,0.03611647,609.51538575,0.01998445,0.01998445,33724,103,0
5926.05772508,5926.05790162,1410.38813773,1410.38162979,0.05334643,609.67308431,0.01998444,0.01998445,33723,103,0
5926.23379798,5926.23364623,1416.86926325,1416.87486151,0.02782493,609.83097155,0.01998445,0.01998445,33722,103,0
5926.40968475,5926.40940128,1423.35536087,1423.36582593,0.07129494,609.98801765,0.01998445,0.01998445,33721,103,0
5926.58405907,5926.58516674,1429.84644921,1429.80552774,0.03323302,610.14304686,0.01998444,0.01998445,33720,103,0
5926.76137826,5926.76094264,1436.34254701,1436.35865182,0.05811644,610.30001249,0.01998445,0.01998445,33719,103,0
5926.93692396,5926.93672896,1442.84367307,1442.85088745,0.02061892,610.45472973,0.01998445,0.01998445,33718,103,0
5927.11191687,5927.11252571,1449.34985600,1449.32731475,0.05556943,610.60828683,0.01998444,0.01998445,33717,103,0
5927.28816579,5927.28833289,1455.86126938,1455.85507797,0.03886786,610.76226930,0.01998444,0.01998445,33716,103,0
5927.46405286,5927.46415050,1462.37819898,1462.37457819,0.06058815,610.91526342,0.01998444,0.01998445,33715,103,0
5927.64070357,5927.63997854,1468.90093483,1468.92784282,0.04214520,611.06825075,0.01998445,0.01998445,33714,103,0
5927.81639520,5927.81581702,1475.42976842,1475.45124612,0.05073608,611.21974520,0.01998445,0.01998445,33713,103,0
5927.99151825,5927.99166592,1481.96498834,1481.95949765,0.01802985,611.37009658,0.01998444,0.01998445,33712,103,0
5928.16820183,5928.16752526,1488.50661185,1488.53178981,0.05183116,611.52112540,0.01998445,0.01998445,33711,103,0
5928.34312306,5928.34339504,1495.05422389,1495.04409405,0.01470958,611.66998076,0.01998444,0.01998445,33710,103,0
5928.51947880,5928.51927525,1501.60736894,1501.61495582,0.04812056,611.81937255,0.01998445,0.01998445,33709,103,0
5928.69484645,5928.69516590,1508.16558923,1508.15367442,0.04638828,611.96723381,0.01998444,0.01998445,33708,103,0
5928.87010650,5928.87106699,1514.72842469,1514.69257863,0.06098881,612.11430141,0.01998444,0.01998445,33707,103,0
5929.04755208,5929.04697851,1521.29559305,1521.31701247,0.05461704,612.26247907,0.01998445,0.01998445,33706,103,0
5929.22295144,5929.22290048,1527.86739095,1527.86929538,0.00847859,612.40823724,0.01998445,0.01998445,33705,103,0
5929.39829924,5929.39883288,1534.44423321,1534.42427679,0.05644792,612.55325376,0.01998444,0.01998445,33704,103,0
5929.57491665,5929.57477573,1541.02653672,1541.03181115,0.02883767,612.69862135,0.01998445,0.01998445,33703,103,0
5929.75074342,5929.75072902,1547.61472048,1547.61526008,0.05711128,612.84264870,0.01998445,0.01998445,33702,103,0
5929.92691149,5929.92669275,1554.20914108,1554.21734239,0.06059553,612.98627136,0.01998445,0.01998445,33701,103,0
5930.10248254,5930.10266693,1560.80974066,1560.80282162,0.03564640,613.12872238,0.01998444,0.01998445,33700,103,0
5930.27789459,5930.27865155,1567.41629571,1567.38786741,0.04871184,613.27035466,0.01998444,0.01998445,33699,103,0
5930.45409522,5930.45464661,1574.02858120,1574.00785671,0.03493616,613.41192270,0.01998444,0.01998445,33698,103,0
5930.63017703,5930.63065213,1580.64637090,1580.62850051,0.06394849,613.55268661,0.01998444,0.01998445,33697,103,0
5930.80726846,5930.80666809,1587.26945429,1587.29205319,0.06032581,613.69353667,0.01998445,0.01998445,33696,103,0
5930.98327057,5930.98269450,1593.89783903,1593.91953944,0.02928494,613.83280226,0.01998445,0.01998445,33695,103,0
5931.15853546,5931.15873137,1600.53168619,1600.52430089,0.05021780,613.97077462,0.01998444,0.01998445,33694,103,0
5931.33475204,5931.33477868,1607.17116084,1607.17015569,0.03380946,614.10878348,0.01998445,0.01998445,33693,103,0
5931.51035160,5931.51083644,1613.81642886,1613.79812113,0.07234092,614.24559966,0.01998444,0.01998445,33692,103,0
5931.68687813,5931.68690466,1620.46765286,1620.46665036,0.03754644,614.38242553,0.01998445,0.01998445,33691,103,0
5931.86268184,5931.86298333,1627.12487729,1627.11347387,0.03562283,614.51797989,0.01998444,0.01998445,33690,103,0
5932.03833937,5932.03907245,1633.78801206,1633.76026135,0.05872081,614.65270872,0.01998444,0.01998445,33689,103,0
5932.21581593,5932.21517203,1640.45695942,1640.48135390,0.05704920,614.78810500,0.01998445,0.01998445,33688,103,0
5932.39147936,5932.39128207,1647.13162106,1647.13910154,0.05499036,614.92139368,0.01998445,0.01998445,33687,103,0
5932.56800938,5932.56740256,1653.81189916,1653.83492472,0.02976781,615.05460995,0.01998445,0.01998445,33686,103,0
5932.74355121,5932.74353351,1660.49777855,1660.49845078,0.04158845,615.18635260,0.01998445,0.01998445,33685,103,0
5932.92055179,5932.91967492,1667.18938801,1667.22271373,0.05961897,615.31845563,0.01998445,0.01998445,33684,103,0
5933.09630653,5933.09582679,1673.88687130,1673.90511905,0.03600236,615.44889993,0.01998445,0.01998445,33683,103,0
5933.27197185,5933.27198912,1680.59037293,1680.58971531,0.04847100,615.57855280,0.01998445,0.01998445,33682,103,0
5933.44797042,5933.44816192,1687.30003797,1687.29274146,0.05848445,615.70772529,0.01998445,0.01998445,33681,103,0
5933.62429153,5933.62434517,1694.01593736,1694.01389178,0.03254991,615.83640465,0.01998445,0.01998445,33680,103,0
5933.80016205,5933.80053889,1700.73795237,1700.72356939,0.06461153,615.96402296,0.01998444,0.01998445,33679,103,0
5933.97667255,5933.97674308,1707.46593397,1707.46323982,0.04656284,616.09136539,0.01998445,0.01998445,33678,103,0
5934.15422791,5934.15295773,1714.19973231,1714.24828992,0.06587466,616.21870841,0.01998445,0.01998445,33677,103,0
5934.32958272,5934.32918285,1720.93919672,1720.95449523,0.01463810,616.34372684,0.01998445,0.01998445,33676,103,0
5934.50570838,5934.50541843,1727.68423208,1727.69533358,0.05919092,616.46854451,0.01998445,0.01998445,33675,103,0
5934.68171387,5934.68166448,1734.43494274,1734.43683503,0.03964205,616.59252573,0.01998445,0.01998445,33674,103,0
5934.85814733,5934.85792101,1741.19147791,1741.20015727,0.06016991,616.71605533,0.01998445,0.01998445,33673,103,0
5935.03406764,5935.03418800,1747.95398759,1747.94936807,0.02159723,616.83847557,0.01998445,0.01998445,33672,103,0
5935.21015825,5935.21046546,1754.72262258,1754.71082128,0.05340929,616.96026477,0.01998445,0.01998445,33671,103,0
5935.38718123,5935.38675340,1761.49750743,1761.51395653,0.04255009,617.08194299,0.01998445,0.01998445,33670,103,0
5935.56334556,5935.56305180,1768.27864102,1768.28994503,0.05625913,617.20227639,0.01998445,0.01998445,33669,103,0
5935.73906821,5935.73936069,1775.06598539,1775.05472116,0.03289497,617.32155521,0.01998445,0.01998445,33668,103,0
5935.91485778,5935.91568005,1781.85950234,1781.82780740,0.06769419,617.44012423,0.01998444,0.01998445,33667,103,0
5936.09051012,5936.09200988,1788.65915344,1788.60129563,0.04738512,617.55784333,0.01998444,0.01998445,33666,103,0
5936.26804084,5936.26835019,1795.46490090,1795.45295684,0.04709007,617.67604913,0.01998445,0.01998445,33665,103,0
5936.44600178,5936.44470098,1802.27671164,1802.32697818,0.05547968,617.79375949,0.01998445,0.01998445,33664,103,0
5936.62115363,5936.62106224,1809.09455415,1809.09808863,0.02129117,617.90884468,0.01998445,0.01998445,33663,103,0
5936.79708945,5936.79743399,1815.91839672,1815.90506124,0.06191493,618.02367613,0.01998445,0.01998445,33662,103,0
5936.97310803,5936.97381622,1822.74820748,1822.72077433,0.05478859,618.13778781,0.01998444,0.01998445,33661,103,0
5937.14970553,5937.15020892,1829.58396661,1829.56445074,0.03210226,618.25149452,0.01998445,0.01998445,33660,103,0
5937.32620265,5937.32661211,1836.42573550,1836.40984780,0.04251910,618.36435454,0.01998445,0.01998445,33659,103,0
5937.50343049,5937.50302579,1843.27360901,1843.28932504,0.05174661,618.47689449,0.01998445,0.01998445,33658,103,0
5937.67918926,5937.67944994,1850.12768256,1850.11755063,0.02241383,618.58772173,0.01998445,0.01998445,33657,103,0
5937.85549550,5937.85588459,1856.98805211,1856.97291669,0.06817976,618.69811323,0.01998445,0.01998445,33656,103,0
5938.03216640,5938.03232972,1863.85481473,1863.84845601,0.06901424,618.80794770,0.01998445,0.01998445,33655,103,0
5938.20846080,5938.20878533,1870.72807246,1870.71542550,0.05452282,618.91676374,0.01998445,0.01998445,33654,103,0
5938.38521607,5938.38525144,1877.60792981,1877.60655046,0.03484195,619.02507690,0.01998445,0.01998445,33653,103,0
5938.56095212,5938.56172803,1884.49449187,1884.46419983,0.04055261,619.13198312,0.01998444,0.01998445,33652,103,0
5938.73841167,5938.73821511,1891.38786428,1891.39554528,0.04935582,619.23914536,0.01998445,0.01998445,33651,103,0
5938.91494759,5938.91471269,1898.28811880,1898.29730677,0.04267772,619.34495832,0.01998445,0.01998445,33650,103,0
5939.09175294,5939.09122075,1905.19508248,1905.21591682,0.04530477,619.45013632,0.01998445,0.01998445,33649,103,0
5939.26857675,5939.26773931,1912.10847499,1912.14128740,0.06772669,619.55452141,0.01998445,0.01998445,33648,103,0
5939.44424851,5939.44426836,1919.02801402,1919.02723574,0.07547628,619.65742380,0.01998445,0.01998445,33647,103,0
5939.62038355,5939.62080791,1925.95341567,1925.93676227,0.01760646,619.75978801,0.01998445,0.01998445,33646,103,0
5939.79680493,5939.79735795,1932.88445890,1932.86274015,0.04957648,619.86150070,0.01998445,0.01998445,33645,103,0
5939.97423812,5939.97391849,1939.82134812,1939.83391131,0.05461685,619.96297196,0.01998445,0.01998445,33644,103,0
5940.14983552,5940.15048952,1946.76446216,1946.73873434,0.05071260,620.06258231,0.01998445,0.01998445,33643,103,0
5940.32623659,5940.32707105,1953.71418244,1953.68132518,0.04273069,620.16183930,0.01998445,0.01998445,33642,103,0
5940.50400822,5940.50366309,1960.67089252,1960.68449540,0.04409009,620.26104989,0.01998445,0.01998445,33641,103,0
5940.68044086,5940.68026562,1967.63489292,1967.64180652,0.04624564,620.35870333,0.01998445,0.01998445,33640,103,0
5940.85683244,5940.85687865,1974.60599756,1974.60417276,0.04075774,620.45552223,0.01998445,0.01998445,33639,103,0
5941.03330093,5941.03350219,1981.58384560,1981.57589095,0.03784962,620.55156350,0.01998445,0.01998445,33638,103,0
5941.20939718,5941.21013623,1988.56807397,1988.53883971,0.03632853,620.64657739,0.01998445,0.01998445,33637,103,0
5941.38676540,5941.38678077,1995.55831750,1995.55770911,0.04074975,620.74143740,0.01998445,0.01998445,33636,103,0
5941.56343179,5941.56343582,2002.55428975,2002.55413030,0.04688493,620.83507780,0.01998445,0.01998445,33635,103,0
5941.73991292,5941.74010137,2009.55607816,2009.54860650,0.04450741,620.92777777,0.01998445,0.01998445,33634,103,0
5941.91680777,5941.91677743,2016.56387957,2016.56508369,0.04271702,621.01985074,0.01998445,0.01998445,33633,103,0
5942.09345888,5942.09346400,2023.57789197,2023.57768895,0.04501463,621.11095363,0.01998445,0.01998445,33632,103,0
5942.26962101,5942.27016107,2030.59831443,2030.57684765,0.04788380,621.20096543,0.01998445,0.01998445,33631,103,0
5942.44710804,5942.44686866,2037.62535100,2037.63487460,0.03549861,621.29080720,0.01998445,0.01998445,33630,103,0
5942.62277044,5942.62358675,2044.65922036,2044.62671391,0.04547540,621.37888852,0.01998444,0.01998445,33629,103,0
5942.79968268,5942.80031536,2051.70014541,2051.67492713,0.04249937,621.46675532,0.01998445,0.01998445,33628,103,0
5942.97676879,5942.97705448,2058.74835031,2058.73695156,0.03713253,621.55386313,0.01998445,0.01998445,33627,103,0
5943.15364924,5943.15380411,2065.80406023,2065.79787468,0.05590215,621.64002550,0.01998445,0.01998445,33626,103,0
5943.33039902,5943.33056426,2072.86740012,2072.86079393,0.05774816,621.72528004,0.01998445,0.01998445,33625,103,0
5943.50716581,5943.50733492,2079.93824011,2079.93147231,0.06706961,621.80969437,0.01998445,0.01998445,33624,103,0
5943.68357311,5943.68411609,2087.01640999,2086.99465880,0.06586020,621.89308635,0.01998445,0.01998445,33623,103,0
5943.86137187,5943.86090779,2094.10173852,2094.12034624,0.06646068,621.97627142,0.01998445,0.01998445,33622,103,0
5944.03757843,5944.03771000,2101.19405412,2101.18877381,0.04838283,622.05785045,0.01998445,0.01998445,33621,103,0
5944.21413981,5944.21452273,2108.29323676,2108.27785526,0.04752018,622.13872994,0.01998445,0.01998445,33620,103,0
5944.39106520,5944.39134598,2115.39925602,2115.38796728,0.03874685,622.21890590,0.01998445,0.01998445,33619,103,0
5944.56797389,5944.56817975,2122.51209015,2122.50380589,0.04210779,622.29820042,0.01998445,0.01998445,33618,103,0
5944.74539354,5944.74502405,2129.63171726,2129.64659931,0.04079947,622.37684351,0.01998445,0.01998445,33617,103,0
5944.92117640,5944.92187886,2136.75811839,2136.72980013,0.05367428,622.45388879,0.01998445,0.01998445,33616,103,0
5945.09781837,5945.09874420,2143.89136216,2143.85400510,0.07047860,622.53043417,0.01998445,0.01998445,33615,103,0
5945.27575651,5945.27562006,2151.03161593,2151.03712651,0.05450180,622.60665212,0.01998445,0.01998445,33614,103,0
5945.45310687,5945.45250645,2158.17905323,2158.20332601,0.05962750,622.68172951,0.01998445,0.01998445,33613,103,0
5945.62951175,5945.62940337,2165.33384860,2165.33823437,0.03892117,622.75552547,0.01998445,0.01998445,33612,103,0
5945.80645982,5945.80631081,2172.49616568,2172.50220145,0.02832239,622.82866466,0.01998445,0.01998445,33611,103,0
5945.98380274,5945.98322878,2179.66601635,2179.68928841,0.02980518,622.90107594,0.01998445,0.01998445,33610,103,0
5946.15949522,5946.16015728,2186.84330680,2186.81643669,0.03810363,622.97192989,0.01998445,0.01998445,33609,103,0
5946.33647317,5946.33709631,2194.02794053,2194.00262563,0.06851009,623.04240948,0.01998445,0.01998445,33608,103,0
5946.51363825,5946.51404587,2201.21982043,2201.20324550,0.05366542,623.11206245,0.01998445,0.01998445,33607,103,0
5946.69058790,5946.69100596,2208.41884717,2208.40183197,0.03200876,623.18072701,0.01998445,0.01998445,33606,103,0
5946.86744228,5946.86797659,2215.62491048,2215.60314408,0.04393505,623.24844842,0.01998445,0.01998445,33605,103,0
5947.04463941,5947.04495775,2222.83789533,2222.82491549,0.04327671,623.31538876,0.01998445,0.01998445,33604,103,0
5947.22154458,5947.22194944,2230.05768600,2230.04116368,0.06044210,623.38130416,0.01998445,0.01998445,33603,103,0
5947.39926327,5947.39895167,2237.28416605,2237.29689315,0.05307135,623.44659883,0.01998445,0.01998445,33602,103,0
5947.57563730,5947.57596444,2244.51729708,2244.50392354,0.02972522,623.51048109,0.01998445,0.01998445,33601,103,0
5947.75286202,5947.75298774,2251.75729117,2251.75214691,0.04086501,623.57374926,0.01998445,0.01998445,33600,103,0
5947.92998015,5947.93002158,2259.00441140,2259.00271460,0.06668377,623.63605539,0.01998445,0.01998445,33599,103,0
5948.10643849,5948.10706597,2266.25892246,2266.23319867,0.04273314,623.69721037,0.01998445,0.01998445,33598,103,0
5948.28404033,5948.28412089,2273.52108876,2273.51778288,0.02742082,623.75783471,0.01998445,0.01998445,33597,103,0
5948.46040486,5948.46118635,2280.79106111,2280.75895833,0.04979824,623.81711474,0.01998445,0.01998445,33596,103,0
5948.63751863,5948.63826236,2288.06881071,2288.03822859,0.06194703,623.87571877,0.01998445,0.01998445,33595,103,0
5948.81601292,5948.81534891,2295.35429281,2295.38162468,0.03779353,623.93383550,0.01998445,0.01998445,33594,103,0
5948.99144066,5948.99244600,2302.64746233,2302.60604021,0.04231364,623.99002698,0.01998445,0.01998445,33593,103,0
5949.16994684,5949.16955364,2309.94827014,2309.96448688,0.06016354,624.04625805,0.01998445,0.01998445,33592,103,0
5949.34657843,5949.34667182,2317.25661127,2317.25275582,0.04122749,624.10095517,0.01998445,0.01998445,33591,103,0
5949.52392340,5949.52380055,2324.57233793,2324.57741420,0.03491453,624.15492504,0.01998445,0.01998445,33590,103,0
5949.70148540,5949.70093983,2331.89530032,2331.91786469,0.05494881,624.20800519,0.01998445,0.01998445,33589,103,0
5949.87830723,5949.87808966,2339.22534768,2339.23435410,0.04562819,624.25990983,0.01998445,0.01998445,33588,103,0
5950.05507028,5950.05525004,2346.56239449,2346.55494634,0.03240077,624.31084214,0.01998445,0.01998445,33587,103,0
5950.23230428,5950.23242097,2353.90670925,2353.90186988,0.06557213,624.36095052,0.01998445,0.01998445,33586,103,0
5950.41002295,5950.40960245,2361.25868036,2361.27613752,0.03841936,624.41023082,0.01998445,0.01998445,33585,103,0
5950.58670620,5950.58679448,2368.61869870,2368.61502979,0.03619194,624.45826557,0.01998445,0.01998445,33584,103,0
5950.76637436,5950.76399706,0.00000000,2376.09948990,0.04747746,624.50621621,0.01998446,0.01998445,33583,103,1
5950.94194122,5950.94121021,2383.36424134,2383.39468891,0.03087965,624.55194665,0.01998445,0.01998445,33582,103,0
5951.11870888,5951.11843390,2390.74971334,2390.76117869,0.02959937,624.59711458,0.01998445,0.01998445,33581,103,0
5951.29470161,5951.29566815,2398.14327654,2398.10293559,0.06653813,624.64112167,0.01998445,0.01998445,33580,103,0
5951.47319361,5951.47291296,2405.54463328,2405.55635808,0.04007242,624.68476750,0.01998445,0.01998445,33579,103,0
5951.64989462,5951.65016833,2412.95349626,2412.94205019,0.05721604,624.72699245,0.01998445,0.01998445,33578,103,0
5951.82810218,5951.82743426,2420.36978528,2420.39774261,0.02255818,624.76858349,0.01998445,0.01998445,33577,103,0
5952.00411129,5952.00471075,2427.79359426,2427.76847872,0.03909866,624.80867930,0.01998445,0.01998445,33576,103,0
5952.18186063,5952.18199779,2435.22502302,2435.21927060,0.06057420,624.84817857,0.01998445,0.01998445,33575,103,0
5952.35889524,5952.35929540,2442.66417202,2442.64737323,0.03724642,624.88652467,0.01998445,0.01998445,33574,103,0
5952.53665036,5952.53660358,2450.11116820,2450.11313392,0.05106356,624.92402602,0.01998445,0.01998445,33573,103,0
5952.71384201,5952.71392232,2457.56626487,2457.56288690,0.02867875,624.96040855,0.01998445,0.01998445,33572,103,0
5952.89087751,5952.89125162,2465.02975498,2465.01400099,0.06302935,624.99576013,0.01998445,0.01998445,33571,103,0
5953.06863339,5953.06859148,2472.50193335,2472.50369991,0.02980107,625.03024903,0.01998445,0.01998445,33570,103,0
5953.24568572,5953.24594192,2479.98309210,2479.97227854,0.05770138,625.06359667,0.01998445,0.01998445,33569,103,0
5953.42278412,5953.42330292,2487.47323476,2487.45131315,0.01787838,625.09594628,0.01998445,0.01998445,33568,103,0
5953.60115203,5953.60067449,2494.97190545,2494.99210473,0.05586699,625.12750458,0.01998445,0.01998445,33567,103,0
5953.77820280,5953.77805663,2502.47860468,2502.48479339,0.03795370,625.15780896,0.01998445,0.01998445,33566,103,0
5953.95495517,5953.95544934,2509.99282963,2509.97188754,0.04251461,625.18704264,0.01998445,0.01998445,33565,103,0
5954.13277552,5954.13285263,2517.51413545,2517.51086489,0.01909775,625.21542032,0.01998445,0.01998445,33564,103,0
5954.31025983,5954.31026648,2525.04262824,2525.04234590,0.05863066,625.24270915,0.01998445,0.01998445,33563,103,0
5954.48749130,5954.48769091,2532.57870904,2532.57022640,0.02852298,625.26892558,0.01998445,0.01998445,33562,103,0
5954.66511041,5954.66512591,2540.12278422,2540.12212480,0.05343980,625.29416151,0.01998445,0.01998445,33561,103,0
5954.84206962,5954.84257149,2547.67526231,2547.65388999,0.03406363,625.31826858,0.01998445,0.01998445,33560,103,0
5955.01959830,5955.02002764,2555.23640731,2555.21810366,0.05190849,625.34141249,0.01998445,0.01998445,33559,103,0
5955.19812308,5955.19749437,2562.80613171,2562.83296325,0.06251899,625.36363132,0.01998445,0.01998445,33558,103,0
5955.37492924,5955.37497168,2570.38429557,2570.38248262,0.03352738,625.38458975,0.01998445,0.01998445,33557,103,0
5955.55233642,5955.55245957,2577.97075793,2577.96549129,0.04500122,625.40456894,0.01998445,0.01998445,33556,103,0
5955.72976491,5955.72995804,2585.56538790,2585.55712034,0.03457730,625.42349443,0.01998445,0.01998445,33555,103,0
5955.90711309,5955.90746708,2593.16819841,2593.15302910,0.04872175,625.44135268,0.01998445,0.01998445,33554,103,0
5956.08486154,5956.08498671,2600.77930464,2600.77393494,0.05978245,625.45818617,0.01998445,0.01998445,33553,103,0
5956.26264822,5956.26251693,2608.39882466,2608.40446283,0.03092696,625.47395355,0.01998445,0.01998445,33552,103,0
5956.43989085,5956.44005772,2616.02687730,2616.01970390,0.05202204,625.48860459,0.01998445,0.01998445,33551,103,0
5956.61755476,5956.61760910,2623.66358541,2623.66124677,0.06239839,625.50221696,0.01998445,0.01998445,33550,103,0
5956.79590704,5956.79517107,2631.30908187,2631.34078877,0.03344402,625.51479772,0.01998445,0.01998445,33549,103,0
5956.97318967,5956.97274363,2638.96350208,2638.98274011,0.05204955,625.52622298,0.01998445,0.01998445,33548,103,0
5957.15058377,5957.15032677,2646.62698231,2646.63807926,0.03286837,625.53657416,0.01998445,0.01998445,33547,103,0
5957.32764616,5957.32792050,2654.29964978,2654.28779060,0.05416712,625.54582391,0.01998445,0.01998445,33546,103,0
5957.50573195,5957.50552481,2661.98149432,2661.99045847,0.04185557,625.55403290,0.01998445,0.01998445,33545,103,0
5957.68306604,5957.68313972,2669.67240431,2669.66921203,0.02960772,625.56111299,0.01998445,0.01998445,33544,103,0
5957.85999120,5957.86076522,2677.37226499,2677.33869355,0.06454591,625.56708483,0.01998445,0.01998445,33543,103,0
5958.03849317,5958.03840132,2685.08096090,2685.08494919,0.04897364,625.57200089,0.01998445,0.01998445,33542,103,0
5958.21665878,5958.21604800,2692.79844092,2692.82498948,0.05871014,625.57579325,0.01998445,0.01998445,33541,103,0
5958.39335160,5958.39370528,2700.52482320,2700.50943290,0.02992824,625.57845111,0.01998445,0.01998445,33540,103,0
5958.57160098,5958.57137316,2708.26025389,2708.27017872,0.05360036,625.58001563,0.01998445,0.01998445,33539,103,0
5958.74843266,5958.74905163,2716.00488014,2715.97788521,0.04449952,625.58045572,0.01998445,0.01998445,33538,103,0
5958.92663432,5958.92674069,2723.75882771,2723.75418307,0.04746384,625.57977498,0.01998445,0.01998445,33537,103,0
5959.10448441,5959.10444036,2731.52198892,2731.52391421,0.02401816,625.57796653,0.01998445,0.01998445,33536,103,0
5959.28197228,5959.28215062,2739.29411541,2739.28631139,0.05497097,625.57503360,0.01998445,0.01998445,33535,103,0
5959.45984747,5959.45987149,2747.07495517,2747.07390326,0.03842424,625.57096003,0.01998445,0.01998445,33534,103,0
5959.63757414,5959.63760295,2754.86425636,2754.86299320,0.04541136,625.56575241,0.01998445,0.01998445,33533,103,0
5959.81540468,5959.81534502,2762.66196649,2762.66458546,0.06210114,625.55940036,0.01998445,0.01998445,33532,103,0
5959.99346773,5959.99309769,2770.46840423,2770.48466418,0.02444632,625.55189226,0.01998445,0.01998445,33531,103,0
5960.16991441,5960.17086096,2778.28393060,2778.24229102,0.04890738,625.54331543,0.01998445,0.01998445,33530,103,0
5960.34897675,5960.34863484,2786.10890912,2786.12396798,0.04703117,625.53345021,0.01998445,0.01998445,33529,103,0
5960.52629444,5960.52641932,2793.94365702,2793.93815052,0.05147474,625.52252398,0.01998445,0.01998445,33528,103,0
5960.70381706,5960.70421441,2801.78819857,2801.77065664,0.05847756,625.51042759,0.01998445,0.01998445,33527,103,0
5960.88219255,5960.88202011,2809.64244789,2809.65006959,0.05925493,625.49710257,0.01998445,0.01998445,33526,103,0
5961.05990747,5961.05983641,2817.50631824,2817.50946247,0.02854200,625.48265622,0.01998445,0.01998445,33525,103,0
5961.23719447,5961.23766332,2825.37972365,2825.35895301,0.05588910,625.46707656,0.01998445,0.01998445,33524,103,0
5961.41548259,5961.41550085,2833.26261302,2833.26180317,0.04679961,625.45022847,0.01998445,0.01998445,33523,103,0
5961.59321917,5961.59334898,2841.15497213,2841.14920815,0.04793468,625.43225030,0.01998445,0.01998445,33522,103,0
5961.77053532,5961.77120773,2849.05678834,2849.02689806,0.03559024,625.41313458,0.01998445,0.01998445,33521,103,0
5961.94945665,5961.94907709,2856.96804886,2856.98494050,0.03890918,625.39264712,0.01998445,0.01998445,33520,103,0
5962.12701513,5962.12695706,2864.88871644,2864.89130346,0.04448888,625.37112152,0.01998445,0.01998445,33519,103,0
5962.30435631,5962.30484765,2872.81868608,2872.79677099,0.04777596,625.34843120,0.01998445,0.01998445,33518,103,0
5962.48287677,5962.48274886,2880.75784039,2880.76355201,0.04577550,625.32438424,0.01998445,0.01998445,33517,103,0
5962.66047914,5962.66066068,2888.70606105,2888.69794621,0.05303114,625.29925705,0.01998445,0.01998445,33516,103,0
5962.83826180,5962.83858312,2896.66326848,2896.64889049,0.05478011,625.27289822,0.01998445,0.01998445,33515,103,0
5963.01603510,5963.01651618,2904.62968724,2904.60813616,0.05022598,625.24532960,0.01998445,0.01998445,33514,103,0
5963.19496110,5963.19445986,2912.60568501,2912.62816557,0.06793423,625.21635400,0.01998446,0.01998445,33513,103,0
5963.37234745,5963.37241415,2920.59163290,2920.58863743,0.04601083,625.18640595,0.01998445,0.01998445,33512,103,0
5963.55030058,5963.55037907,2928.58789329,2928.58436440,0.05915512,625.15513425,0.01998445,0.01998445,33511,103,0
5963.72835781,5963.72835462,2936.59453503,2936.59467879,0.04436227,625.12260860,0.01998445,0.01998445,33510,103,0
5963.90650703,5963.90634078,2944.61131061,2944.61880299,0.06832746,625.08882583,0.01998445,0.01998445,33509,103,0
5964.08428417,5964.08433757,2952.63795516,2952.63554547,0.06329545,625.05387375,0.01998445,0.01998445,33508,103,0
5964.26213555,5964.26234499,2960.67420240,2960.66474194,0.04884735,625.01766477,0.01998445,0.01998445,33507,103,0
5964.43986728,5964.44036303,2968.71994567,2968.69752675,0.04200945,624.98023530,0.01998445,0.01998445,33506,103,0
5964.61813593,5964.61839170,2976.77545496,2976.76387499,0.04156709,624.94143736,0.01998445,0.01998445,33505,103,0
5964.79643517,5964.79643100,2984.84105599,2984.84124530,0.03653100,624.90136932,0.01998445,0.01998445,33504,103,0
5964.97406986,5964.97448092,2992.91707689,2992.89842021,0.04405606,624.86018816,0.01998445,0.01998445,33503,103,0
5965.15281772,5965.15254148,3001.00379194,3001.01634549,0.04128054,624.81747102,0.01998445,0.01998445,33502,103,0
5965.33084123,5965.33061267,3009.10118769,3009.11158759,0.04805593,624.77364834,0.01998445,0.01998445,33501,103,0
5965.50896080,5965.50869449,3017.20915761,3017.22129015,0.04435810,624.72852095,0.01998445,0.01998445,33500,103,0
5965.68620847,5965.68678694,3025.32759421,3025.30120820,0.04744285,624.68233859,0.01998445,0.01998445,33499,103,0
5965.86449647,5965.86489003,3033.45640351,3033.43843022,0.05343771,624.63459727,0.01998445,0.01998445,33498,103,0
5966.04300730,5966.04300375,3041.59565465,3041.59581688,0.05188590,624.58549731,0.01998445,0.01998445,33497,103,0
5966.22112691,5966.22112811,3049.74552173,3049.74546712,0.04549911,624.53520385,0.01998445,0.01998445,33496,103,0
5966.39976144,5966.39926310,3057.90618181,3057.92902609,0.05778395,624.48345397,0.01998446,0.01998445,33495,103,0
5966.57804135,5966.57740873,3066.07780357,3066.10684078,0.03647960,624.43049200,0.01998446,0.01998445,33494,103,0
5966.75471295,5966.75556500,3074.26027190,3074.22111450,0.05297689,624.37670813,0.01998445,0.01998445,33493,103,0
5966.93356262,5966.93373191,3082.45314514,3082.44535555,0.05784716,624.32094172,0.01998445,0.01998445,33492,103,0
5967.11182322,5967.11190946,3090.65596040,3090.65198787,0.05222047,624.26403672,0.01998445,0.01998445,33491,103,0
5967.28965801,5967.29009766,3098.86825411,3098.84798090,0.03745108,624.20595135,0.01998445,0.01998445,33490,103,0
5967.46786640,5967.46829649,3107.08991641,3107.07006188,0.04035312,624.14642180,0.01998445,0.01998445,33489,103,0
5967.64665279,5967.64650597,3115.32153108,3115.32831685,0.05866595,624.08536079,0.01998446,0.01998445,33488,103,0
5967.82459634,5967.82472609,3123.56376624,3123.55776195,0.06189256,624.02324713,0.01998445,0.01998445,33487,103,0
5968.00286736,5968.00295686,3131.81729511,3131.81314789,0.03895484,623.95966830,0.01998445,0.01998445,33486,103,0
5968.18232011,5968.18119827,3140.08258581,3140.13464225,0.03472540,623.89429371,0.01998446,0.01998445,33485,103,0
5968.35918470,5968.35945033,3148.35943385,3148.34709130,0.05705435,623.82850935,0.01998445,0.01998445,33484,103,0
5968.53758653,5968.53771304,3156.64749740,3156.64161155,0.06626577,623.76079062,0.01998445,0.01998445,33483,103,0
5968.71561288,5968.71598640,3164.94643186,3164.92903303,0.03674739,623.69184824,0.01998445,0.01998445,33482,103,0
5968.89496552,5968.89427041,3173.25596983,3173.28838792,0.06441587,623.62100973,0.01998446,0.01998445,33481,103,0
5969.07307770,5969.07256507,3181.57624973,3181.60018696,0.05064437,623.54928203,0.01998446,0.01998445,33480,103,0
5969.24978973,5969.25087038,3189.90754073,3189.85701528,0.03371291,623.47675301,0.01998445,0.01998445,33479,103,0
5969.42926934,5969.42918635,3198.25011417,3198.25399965,0.03815404,623.40168889,0.01998446,0.01998446,33478,103,0
5969.60711166,5969.60751296,3206.60420380,3206.58539166,0.05313066,623.32591162,0.01998445,0.01998446,33477,103,0
5969.78608342,5969.78585024,3214.96974043,3214.98068566,0.02742760,623.24824384,0.01998446,0.01998446,33476,103,0
5969.96430388,5969.96419817,3223.34651302,3223.35148124,0.06381591,623.16949423,0.01998446,0.01998446,33475,103,0
5970.14269402,5970.14255675,3231.73430800,3231.74076760,0.05042349,623.08925981,0.01998446,0.01998446,33474,103,0
5970.32010407,5970.32092599,3240.13293682,3240.09421239,0.04552029,623.00806433,0.01998445,0.01998446,33473,103,0
5970.49889078,5970.49930590,3248.54250662,3248.52292416,0.04400581,622.92481864,0.01998445,0.01998446,33472,103,0
5970.67792596,5970.67769646,3256.96331062,3256.97415090,0.04385671,622.84002079,0.01998446,0.01998446,33471,103,0
5970.85634852,5970.85609768,3265.39564716,3265.40751128,0.05834342,622.75407492,0.01998446,0.01998446,33470,103,0
5971.03477472,5971.03450956,3273.83980456,3273.85236288,0.02729125,622.66668342,0.01998446,0.01998446,33469,103,0
5971.21289465,5971.21293211,3282.29588341,3282.29410690,0.02742573,622.57799543,0.01998446,0.01998446,33468,103,0
5971.39160852,5971.39136532,3290.76383645,3290.77538577,0.06797690,622.48755443,0.01998446,0.01998446,33467,103,0
5971.57021155,5971.56980919,3299.24361198,3299.26274494,0.05376012,622.39570640,0.01998446,0.01998446,33466,103,0
5971.74848859,5971.74826373,3307.73515837,3307.74586520,0.06234566,622.30256266,0.01998446,0.01998446,33465,103,0
5971.92507081,5971.92672894,0.00000000,3316.16634992,0.04878388,622.20878029,0.01998445,0.01998446,33464,103,1
5972.10435729,5972.10520481,3324.75341051,3324.71294925,0.06353210,622.11224209,0.01998445,0.01998446,33463,103,0
5972.28413751,5972.28369135,3333.28005474,3333.30138229,0.04808204,622.01386015,0.01998446,0.01998446,33462,103,0
5972.46161767,5972.46218856,3341.81834357,3341.79101760,0.03954393,621.91525910,0.01998445,0.01998446,33461,103,0
5972.64080714,5972.64069644,3350.36842370,3350.37372930,0.05514433,621.81421188,0.01998446,0.01998446,33460,103,0
5972.81942238,5972.81921499,3358.93061825,3358.94057208,0.03030557,621.71198277,0.01998446,0.01998446,33459,103,0
5972.99777858,5972.99774422,3367.50526092,3367.50691261,0.06592119,621.60839241,0.01998446,0.01998446,33458,103,0
5973.17638589,5973.17628411,3376.09267744,3376.09757643,0.03767597,621.50313493,0.01998446,0.01998446,33457,103,0
5973.35436912,5973.35483468,3384.69291555,3384.67047521,0.04598809,621.39672453,0.01998445,0.01998446,33456,103,0
5973.53415143,5973.53339593,3393.30572210,3393.34218844,0.04656876,621.28769475,0.01998446,0.01998446,33455,103,0
5973.71151188,5973.71196785,3401.93082688,3401.90878844,0.03817492,621.17861117,0.01998445,0.01998446,33454,103,0
5973.89034232,5973.89055045,3410.56796493,3410.55789208,0.06114238,621.06709027,0.01998446,0.01998446,33453,103,0
5974.06965357,5974.06914372,3419.21706473,3419.24177282,0.05212331,620.95371922,0.01998446,0.01998446,33452,103,0
5974.24685620,5974.24774768,3427.87826140,3427.83500108,0.04265216,620.84014913,0.01998445,0.01998446,33451,103,0
5974.42594219,5974.42636231,3436.55170114,3436.53128667,0.05129136,620.72381694,0.01998445,0.01998446,33450,103,0
5974.60439770,5974.60498762,3445.23753214,3445.20882683,0.05599198,620.60633175,0.01998445,0.01998446,33449,103,0
5974.78295459,5974.78362362,3453.93592202,3453.90332209,0.05798749,620.48721070,0.01998445,0.01998446,33448,103,0
5974.96212381,5974.96227030,3462.64705773,3462.63990977,0.05891548,620.36609514,0.01998446,0.01998446,33447,103,0
5975.14180278,5975.14092766,3471.37112856,3471.41389250,0.04611878,620.24303087,0.01998446,0.01998446,33446,103,0
5975.31998853,5975.31959571,3480.10831463,3480.12753850,0.06219113,620.11939436,0.01998446,0.01998446,33445,103,0
5975.49891270,5975.49827444,3488.85860611,3488.88988565,0.02801128,619.99364142,0.01998446,0.01998446,33444,103,0
5975.67700685,5975.67696386,3497.62182756,3497.62393777,0.05683315,619.86687216,0.01998446,0.01998446,33443,103,0
5975.85595504,5975.85566396,3506.39779645,3506.41210141,0.05100634,619.73788429,0.01998446,0.01998446,33442,103,0
5976.03380571,5976.03437475,3515.18632833,3515.15832542,0.05289993,619.60808469,0.01998446,0.01998446,33441,103,0
5976.21245210,5976.21309624,3523.98723413,3523.95549318,0.03741151,619.47609280,0.01998446,0.01998446,33440,103,0
5976.39136178,5976.39182841,3532.80032092,3532.77729700,0.05037001,619.34228488,0.01998446,0.01998446,33439,103,0
5976.56946437,5976.57057127,3541.62539393,3541.57070781,0.05041853,619.20746627,0.01998445,0.01998446,33438,103,0
5976.75026527,5976.74932483,3550.46233447,3550.50885714,0.03661819,619.06895392,0.01998446,0.01998446,33437,103,0
5976.92840165,5976.92808908,3559.31176118,3559.32724555,0.05145101,618.93084062,0.01998446,0.01998446,33436,103,0
5977.10615068,5977.10686402,3568.17470570,3568.13931386,0.05210054,618.79138093,0.01998445,0.01998446,33435,103,0
5977.28520473,5977.28564966,3577.05221315,3577.03010221,0.06271887,618.64921124,0.01998445,0.01998446,33434,103,0
5977.46491981,5977.46444599,3585.94512057,3585.96870671,0.04209193,618.50479445,0.01998446,0.01998446,33433,103,0
5977.64314802,5977.64325302,3594.85287028,3594.84763546,0.04227631,618.35987030,0.01998446,0.01998446,33432,103,0
5977.82117855,5977.82207075,3603.77434288,3603.72979870,0.06420749,618.21342607,0.01998445,0.01998446,33431,103,0
5978.00101190,5978.00089918,3612.70840723,3612.71404236,0.04366796,618.06380594,0.01998446,0.01998446,33430,103,0
5978.17810245,5978.17973831,0.00000000,3621.58352841,0.04654797,617.91462430,0.01998445,0.01998446,33429,103,1
5978.35857247,5978.35858814,3630.61306728,3630.61228218,0.06008417,617.76126111,0.01998446,0.01998446,33428,103,0
5978.53715474,5978.53744867,3639.58604421,3639.57128663,0.05475757,617.60758422,0.01998446,0.01998446,33427,103,0
5978.71648100,5978.71631990,3648.57468884,3648.58279182,0.03543511,617.45150107,0.01998446,0.01998446,33426,103,0
5978.89569261,5978.89520183,3657.57977294,3657.60450038,0.05947711,617.29372864,0.01998446,0.01998446,33425,103,0
5979.07442055,5979.07409447,3666.60033590,3666.61679113,0.04764939,617.13460997,0.01998446,0.01998446,33424,103,0
5979.25381916,5979.25299782,3675.63513011,3675.67663836,0.05376953,616.97312963,0.01998446,0.01998446,33423,103,0
5979.43263435,5979.43191187,3684.68291022,3684.71947029,0.03765643,616.81043094,0.01998446,0.01998446,33422,103,0
5979.61229458,5979.61083663,0.00000000,3693.81991385,0.05236087,616.64516108,0.01998446,0.01998446,33421,103,1
5979.78951537,5979.78977210,3702.81704945,3702.80402113,0.05117502,616.48049394,0.01998446,0.01998446,33420,103,0
5979.96872060,5979.96871828,3711.90528218,3711.90540008,0.05466837,616.31214768,0.01998446,0.01998446,33419,103,0
5980.14744328,5980.14767516,3721.00891668,3720.99711069,0.07201971,616.14244321,0.01998446,0.01998446,33418,103,0
5980.32766668,5980.32664276,3730.12806362,3730.18027849,0.05050721,615.96947226,0.01998446,0.01998446,33417,103,0
5980.50599186,5980.50562107,3739.26206494,3739.28100201,0.06662021,615.79650817,0.01998446,0.01998446,33416,103,0
5980.68380144,5980.68461010,3748.41022901,3748.36886878,0.02635921,615.62225277,0.01998446,0.01998446,33415,103,0
5980.86314020,5980.86360984,3757.57193884,3757.54788463,0.04931352,615.44469201,0.01998446,0.01998446,33414,103,0
5981.04202117,5981.04262029,3766.74722671,3766.71649634,0.05986324,615.26576987,0.01998446,0.01998446,33413,103,0
5981.22195705,5981.22164146,3775.93644136,3775.95265265,0.06586864,615.08395072,0.01998446,0.01998446,33412,103,0
5981.40001075,5981.40067335,3785.13993680,3785.10584889,0.04132804,614.90220138,0.01998446,0.01998446,33411,103,0
5981.57984915,5981.57971595,3794.35802716,3794.36489015,0.06314524,614.71676712,0.01998446,0.01998446,33410,103,0
5981.75899159,5981.75876927,3803.59087050,3803.60234324,0.03031974,614.53017858,0.01998446,0.01998446,33409,103,0
5981.93684828,5981.93783332,3812.83858965,3812.78767835,0.06511177,614.34307150,0.01998446,0.01998446,33408,103,0
5982.11762632,5982.11690808,3822.10130777,3822.13848847,0.06033628,614.15098437,0.01998446,0.01998446,33407,103,0
5982.29527889,5982.29599357,3831.37909547,3831.34204160,0.05621183,613.96033686,0.01998446,0.01998446,33406,103,0
5982.47504804,5982.47508978,3840.67193388,3840.66976658,0.05780186,613.76551254,0.01998446,0.01998446,33405,103,0
5982.65474947,5982.65419671,3849.97979519,3850.00854385,0.07039143,613.56883925,0.01998446,0.01998446,33404,103,0
5982.83292863,5982.83331436,3859.30267894,3859.28258613,0.03031325,613.37192711,0.01998446,0.01998446,33403,103,0
5983.01294038,5983.01244275,3868.64099473,3868.66695847,0.04856893,613.17104731,0.01998446,0.01998446,33402,103,0
5983.18968492,5983.19158186,0.00000000,3877.90820074,0.06197564,612.97163399,0.01998445,0.01998446,33401,103,1
5983.37105161,5983.37073169,3887.36684569,3887.38359566,0.04233944,612.76552232,0.01998446,0.01998446,33400,103,0
5983.54997278,5983.54989226,3896.75564429,3896.75986750,0.06137962,612.55992675,0.01998446,0.01998446,33399,103,0
5983.72869211,5983.72906355,3906.16124620,3906.14173108,0.04818836,612.35257580,0.01998446,0.01998446,33398,103,0
5983.90843701,5983.90824558,3915.58266687,3915.59274000,0.06927981,612.14204546,0.01998446,0.01998446,33397,103,0
5984.08718151,5984.08743834,3925.01891950,3925.00538530,0.06184516,611.93072267,0.01998446,0.01998446,33396,103,0
5984.26587647,5984.26664183,3934.46981703,3934.42942174,0.03153798,611.71749760,0.01998446,0.01998446,33395,103,0
5984.44402774,5984.44585605,0.00000000,3943.85011463,0.05413373,611.50270167,0.01998445,0.01998446,33394,103,1
5984.62425447,5984.62508101,3953.42094872,3953.37716882,0.07297197,611.28380661,0.01998446,0.01998446,33393,103,0
5984.80383297,5984.80431670,3962.92401212,3962.89834021,0.07479801,611.06336497,0.01998446,0.01998446,33392,103,0
5984.98342464,5984.98356313,3972.44527332,3972.43791093,0.02629465,610.84081140,0.01998446,0.01998446,33391,103,0
5985.16182711,5985.16282029,3981.98277781,3981.92989526,0.05367255,610.61769318,0.01998446,0.01998446,33390,103,0
5985.34295150,5985.34208820,3991.53452242,3991.58055079,0.07066747,610.38913265,0.01998446,0.01998446,33389,103,0
5985.52092231,5985.52136684,4001.09927353,4001.07554074,0.05683280,610.16257374,0.01998446,0.01998446,33388,103,0
5985.69982493,5985.70065622,4010.67872611,4010.63427381,0.04675928,609.93280577,0.01998446,0.01998446,33387,103,0
5985.88070830,5985.87995634,4020.27527684,4020.31556117,0.03336688,609.69836562,0.01998446,0.01998446,33386,103,0
5986.05774601,5986.05926721,0.00000000,4029.81410163,0.03672213,609.46666260,0.01998445,0.01998446,33385,103,1
5986.23850575,5986.23858882,4039.52732981,4039.52286179,0.06615574,609.22810366,0.01998446,0.01998446,33384,103,0
5986.41805931,5986.41792117,4049.18180798,4049.18925087,0.04762966,608.98885060,0.01998446,0.01998446,33383,103,0
5986.59679204,5986.59726427,4058.85299412,4058.82750932,0.06615221,608.74857007,0.01998446,0.01998446,33382,103,0
5986.77788205,5986.77661811,0.00000000,4068.60047122,0.08289617,608.50317411,0.01998446,0.01998446,33381,103,1
5986.95673421,5986.95598270,4078.24125824,4078.28193929,0.03353576,608.25833098,0.01998446,0.01998446,33380,103,0
5987.13490348,5987.13535804,4087.95929850,4087.93465116,0.04315621,608.01248665,0.01998446,0.01998446,33379,103,0
nan,nan,0.00000000,-1.00000000,0.00000000,601.12949072,nan,0.00000000,-2147483648,102,1
nan,nan,0.00000000,-1.00000000,0.00000000,601.38334347,nan,0.00000000,-2147483648,102,1
5942.80736131,5942.80031536,0.00000000,13.29895180,0.17420043,601.70247513,0.01998447,0.01998445,33628,102,1
5942.97800313,5942.97705448,18.63632113,18.66619561,0.11431249,601.97381345,0.01998445,0.01998445,33627,102,0
5943.14403735,nan,0.00000000,23.90073444,0.10818655,602.23792088,0.01998442,0.01998445,33626,102,1
5943.32608747,5943.33056426,0.00000000,29.63795197,0.17225790,602.52679875,0.01998443,0.01998445,33625,102,1
5943.48530032,nan,0.00000000,34.65808095,0.06621044,602.77906215,0.01998497,0.01998445,33625,102,1
5943.68745471,5943.68411609,0.00000000,41.03572192,0.04630326,603.09885737,0.01998446,0.01998445,33623,102,1
5943.86217626,5943.86090779,46.50978241,46.54984189,0.16672598,603.37473621,0.01998445,0.01998445,33622,102,0
5944.04743737,nan,0.00000000,52.40237525,0.08419852,603.66692074,0.01998448,0.01998445,33621,102,1
5944.21830527,5944.21452273,0.00000000,57.80202302,0.14069337,603.93592388,0.01998446,0.01998445,33620,102,1
5944.39634080,5944.39134598,0.00000000,63.43119687,0.22000879,604.21577794,0.01998447,0.01998445,33619,102,1
5944.56773700,5944.56817975,68.86876887,68.85475848,0.07066580,604.48484638,0.01998445,0.01998445,33618,102,0
5944.74753293,5944.74502405,0.00000000,74.54433731,0.07332144,604.76651775,0.01998446,0.01998445,33617,102,1
5944.92550856,5944.92187886,0.00000000,80.18080703,0.09847077,605.04495971,0.01998446,0.01998445,33616,102,1
5945.09891253,5945.09874420,85.66966193,85.67499628,0.19904285,605.31579814,0.01998445,0.01998445,33615,102,0
5945.27293353,5945.27562006,0.00000000,91.19266225,0.19865885,605.58722272,0.01998444,0.01998445,33614,102,1
5945.45699182,5945.45250645,0.00000000,97.03131083,0.13425164,605.87381383,0.01998446,0.01998445,33613,102,1
5945.63274901,5945.62940337,0.00000000,102.60974765,0.14921513,606.14703380,0.01998446,0.01998445,33612,102,1
5945.80568788,5945.80631081,108.11708296,108.09729771,0.07700196,606.41523162,0.01998445,0.01998445,33611,102,0
5945.98713571,5945.98322878,0.00000000,113.86705962,0.12762190,606.69661184,0.01998446,0.01998445,33610,102,1
5946.15889719,5946.16015728,119.36246093,119.32239139,0.15297664,606.96208245,0.01998445,0.01998445,33609,102,0
5946.33458290,5946.33709631,0.00000000,124.91600473,0.09571103,607.23370148,0.01998444,0.01998445,33608,102,1
5946.51311684,5946.51404587,130.62226733,130.59269112,0.14353547,607.50875330,0.01998445,0.01998445,33607,102,0
5946.69451986,5946.69100596,0.00000000,136.37477956,0.07118602,607.78828966,0.01998446,0.01998445,33606,102,1
5946.86740250,5946.86797659,141.89625794,141.87796070,0.12410460,608.05375873,0.01998445,0.01998445,33605,102,0
5947.04653994,5947.04495775,147.53848321,147.58893797,0.05355543,608.32865008,0.01998445,0.01998445,33604,102,0
5947.21810856,5947.22194944,0.00000000,153.06657287,0.09952668,608.59173405,0.01998444,0.01998445,33603,102,1
5947.40035741,5947.39895167,158.83315451,158.87803058,0.03639140,608.87023488,0.01998445,0.01998445,33602,102,0
5947.56912001,5947.57596444,0.00000000,164.27205851,0.12521669,609.12816363,0.01998443,0.01998445,33601,102,1
5947.75050723,5947.75298774,0.00000000,170.06741587,0.12912010,609.40467391,0.01998444,0.01998445,33600,102,1
5947.92443940,5947.93002158,0.00000000,175.62769899,0.13589514,609.66937525,0.01998443,0.01998445,33599,102,1
5948.10790676,5948.10706597,181.46210473,181.48900170,0.10822474,609.94777819,0.01998445,0.01998445,33598,102,0
5948.27963716,5948.28412089,0.00000000,186.99220103,0.08319577,610.20858448,0.01998444,0.01998445,33597,102,1
5948.46317469,5948.46118635,0.00000000,192.86946888,0.13010548,610.48649050,0.01998446,0.01998445,33596,102,1
5948.63818952,5948.63826236,198.46942354,198.46708950,0.07199088,610.75057035,0.01998445,0.01998445,33595,102,0
5948.81874421,5948.81534891,0.00000000,204.26531624,0.08583560,611.02349386,0.01998446,0.01998445,33594,102,1
5948.99469503,5948.99244600,0.00000000,209.90922899,0.11821370,611.28854753,0.01998446,0.01998445,33593,102,1
5949.16355027,5949.16955364,0.00000000,215.32851338,0.09128345,611.54248921,0.01998443,0.01998445,33592,102,1
5949.34893323,5949.34667182,0.00000000,221.28160380,0.08013714,611.82080895,0.01998446,0.01998445,33591,102,1
5949.52465693,5949.52380055,226.89051847,226.91804448,0.08290645,612.08371149,0.01998445,0.01998445,33590,102,0
5949.70008011,5949.70093983,232.58578762,232.55813903,0.12373719,612.34618750,0.01998445,0.01998445,33589,102,0
5949.88069988,5949.87808966,0.00000000,238.37748359,0.08966949,612.61637950,0.01998446,0.01998445,33588,102,1
5950.05648483,5950.05525004,243.98635871,244.02611071,0.08801146,612.87803717,0.01998445,0.01998445,33587,102,0
5950.22952778,5950.23242097,0.00000000,249.60785695,0.05881744,613.13600851,0.01998444,0.01998445,33586,102,1
5950.40889468,5950.40960245,255.39999957,255.37719059,0.07789958,613.40203505,0.01998445,0.01998445,33585,102,0
5950.58635685,5950.58679448,261.11192482,261.09781375,0.08043073,613.66519879,0.01998445,0.01998445,33584,102,0
5950.76561214,5950.76399706,266.82739079,266.87949830,0.08414847,613.93054754,0.01998446,0.01998445,33583,102,0
5950.94314943,5950.94121021,272.54650108,272.60910333,0.13923117,614.19288732,0.01998446,0.01998445,33582,102,0
5951.11866943,5951.11843390,278.26935804,278.27696586,0.07858740,614.45179408,0.01998445,0.01998445,33581,102,0
5951.29571876,5951.29566815,283.99601486,283.99765043,0.09170634,614.71250257,0.01998445,0.01998445,33580,102,0
5951.47294209,5951.47291296,289.72646777,289.72740982,0.08535770,614.97300920,0.01998445,0.01998445,33579,102,0
5951.65081928,5951.65016833,295.46070981,295.48177453,0.11029025,615.23401466,0.01998445,0.01998445,33578,102,0
5951.82970554,5951.82743426,301.19873401,301.27227678,0.07851894,615.49603222,0.01998446,0.01998445,33577,102,0
5952.00546604,5952.00471075,306.94053335,306.96500373,0.04100923,615.75301240,0.01998445,0.01998445,33576,102,0
5952.18329174,5952.18199779,312.68610109,312.72804821,0.06902314,616.01254768,0.01998445,0.01998445,33575,102,0
5952.36146086,5952.35929540,0.00000000,318.52008766,0.04761011,616.27276111,0.01998446,0.01998445,33574,102,1
5952.53749357,5952.53660358,324.18856127,324.21744772,0.05522531,616.52810714,0.01998445,0.01998445,33573,102,0
5952.71304639,5952.71392232,329.94547977,329.91703294,0.05673076,616.78294381,0.01998445,0.01998445,33572,102,0
5952.89406505,5952.89125162,0.00000000,335.81061973,0.05549062,617.04581393,0.01998446,0.01998445,33571,102,1
5953.06787864,5953.06859148,341.47076041,341.44758202,0.07360990,617.29662851,0.01998445,0.01998445,33570,102,0
5953.24528012,5953.24594192,347.23914827,347.21761660,0.06938595,617.55274703,0.01998445,0.01998445,33569,102,0
5953.42255051,5953.42330292,353.01135307,352.98685859,0.08527819,617.80820627,0.01998445,0.01998445,33568,102,0
5953.60264404,5953.60067449,358.78732215,358.85147799,0.07078774,618.06724920,0.01998446,0.01998445,33567,102,0
5953.77618154,5953.77805663,364.56700097,364.50588692,0.03628757,618.31639651,0.01998444,0.01998445,33566,102,0
5953.95404782,5953.95544934,370.35033475,370.30462966,0.07008350,618.57128102,0.01998445,0.01998445,33565,102,0
5954.13121628,5954.13285263,376.13726851,376.08387600,0.11065375,618.82468142,0.01998445,0.01998445,33564,102,0
5954.31281920,5954.31026648,0.00000000,382.01717950,0.07352702,619.08418541,0.01998446,0.01998445,33563,102,1
5954.48637699,5954.48769091,387.72178611,387.67886626,0.05979534,619.33119453,0.01998445,0.01998445,33562,102,0
5954.66502466,5954.66512591,393.51944191,393.51613253,0.04204106,619.58523485,0.01998445,0.01998445,33561,102,0
5954.84163418,5954.84257149,399.32078450,399.29013160,0.07279139,619.83589353,0.01998445,0.01998445,33560,102,0
5955.01996245,5955.02002764,405.12588138,405.12374800,0.04190960,620.08850580,0.01998445,0.01998445,33559,102,0
5955.19615917,5955.19749437,410.93480029,410.89108287,0.06027986,620.33762102,0.01998445,0.01998445,33558,102,0
5955.37267348,5955.37497168,0.00000000,416.67686458,0.06534723,620.58690677,0.01998444,0.01998445,33557,102,1
5955.55333050,5955.55245957,422.56432404,422.59287542,0.07870166,620.84115500,0.01998445,0.01998445,33556,102,0
5955.73109689,5955.72995804,428.38494307,428.42230028,0.03700958,621.09104067,0.01998446,0.01998445,33555,102,0
5955.90765683,5955.90746708,434.20945312,434.21568093,0.04240902,621.33875050,0.01998445,0.01998445,33554,102,0
5956.08441441,5956.08498671,440.03784358,440.01904794,0.04041724,621.58625692,0.01998445,0.01998445,33553,102,0
5956.26289532,5956.26251693,445.87010381,445.88253876,0.05944776,621.83568679,0.01998445,0.01998445,33552,102,0
5956.44065597,5956.44005772,451.70622381,451.72589543,0.05893433,622.08361946,0.01998445,0.01998445,33551,102,0
5956.62079707,5956.61760910,0.00000000,457.65115495,0.01182986,622.33437419,0.01998446,0.01998445,33550,102,1
5956.79500965,5956.79517107,463.39004017,463.38472602,0.08519963,622.57639071,0.01998445,0.01998445,33549,102,0
5956.97263663,5956.97274363,469.23774260,469.23421795,0.06622790,622.82266580,0.01998445,0.01998445,33548,102,0
5957.15018952,5957.15032677,475.08931200,475.08478829,0.04037944,623.06834532,0.01998445,0.01998445,33547,102,0
5957.32720780,5957.32792050,480.94475146,480.92124628,0.04320118,623.31279352,0.01998445,0.01998445,33546,102,0
5957.50718589,5957.50552481,486.80405744,486.85887412,0.03617796,623.56082445,0.01998446,0.01998445,33545,102,0
5957.68441010,5957.68313972,492.66717627,492.70912408,0.07887379,623.80455970,0.01998446,0.01998445,33544,102,0
5957.86066303,5957.86076522,498.53403112,498.53065469,0.02765908,624.04646230,0.01998445,0.01998445,33543,102,0
5958.03913389,5958.03840132,504.40454475,504.42876151,0.06622118,624.29089978,0.01998446,0.01998445,33542,102,0
5958.21667097,5958.21604800,510.27863961,510.29924424,0.04705976,624.53354568,0.01998446,0.01998445,33541,102,0
5958.39458063,5958.39370528,516.15623783,516.18520563,0.07626963,624.77618363,0.01998446,0.01998445,33540,102,0
5958.57161162,5958.57137316,522.03730275,522.04519839,0.04583801,625.01710680,0.01998445,0.01998445,33539,102,0
5958.74768763,5958.74905163,527.92200197,527.87681328,0.06760486,625.25622511,0.01998445,0.01998445,33538,102,0
5958.92583391,5958.92674069,533.81056648,533.78050666,0.10005522,625.49765049,0.01998445,0.01998445,33537,102,0
5959.10272409,5959.10444036,539.70322824,539.64629668,0.04367745,625.73687974,0.01998445,0.01998445,33536,102,0
5959.28262649,5959.28215062,545.60022013,545.61601638,0.07105338,625.97968644,0.01998445,0.01998445,33535,102,0
5959.46058333,5959.45987149,551.50177590,551.52542274,0.01585069,626.21938311,0.01998446,0.01998445,33534,102,0
5959.63898964,5959.63760295,557.40801970,557.45411757,0.08251748,626.45920541,0.01998446,0.01998445,33533,102,0
5959.81443148,5959.81534502,563.31873994,563.28835052,0.05761353,626.69456449,0.01998445,0.01998445,33532,102,0
5959.99229151,5959.99309769,569.23366046,569.20682585,0.05049374,626.93267118,0.01998445,0.01998445,33531,102,0
5960.16996956,5960.17086096,575.15250394,575.12281522,0.04420457,627.17002283,0.01998445,0.01998445,33530,102,0
5960.34779947,5960.34863484,581.07499194,581.04715479,0.06136061,627.40705323,0.01998445,0.01998445,33529,102,0
5960.52605170,5960.52641932,587.00084684,586.98859045,0.03825174,627.64410812,0.01998445,0.01998445,33528,102,0
5960.70368434,5960.70421441,592.92997382,592.91229239,0.04824737,627.87979797,0.01998445,0.01998445,33527,102,0
5960.88120566,5960.88202011,598.86261093,598.83542861,0.05524514,628.11480893,0.01998445,0.01998445,33526,102,0
5961.06091106,5961.05983641,604.79903231,604.83492070,0.06026887,628.35218038,0.01998446,0.01998445,33525,102,0
5961.23776553,5961.23766332,610.73951320,610.74292871,0.04732102,628.58527425,0.01998445,0.01998445,33524,102,0
5961.41616072,5961.41550085,616.68432999,616.70639613,0.06194986,628.81989408,0.01998446,0.01998445,33523,102,0
5961.59235081,5961.59334898,622.63375052,622.60034732,0.06732244,629.05112534,0.01998445,0.01998445,33522,102,0
5961.77070447,5961.77120773,628.58780214,628.57094918,0.06767182,629.28470129,0.01998445,0.01998445,33521,102,0
5961.94836556,5961.94907709,634.54625898,634.52241561,0.04586878,629.51686513,0.01998445,0.01998445,33520,102,0
5962.12722779,5962.12695706,640.50888228,640.51795989,0.09391925,629.75007862,0.01998445,0.01998445,33519,102,0
5962.30451387,5962.30484765,646.47543230,646.46423392,0.01502108,629.98071164,0.01998445,0.01998445,33518,102,0
5962.48179164,5962.48274886,652.44566829,652.41353632,0.05979912,630.21080042,0.01998445,0.01998445,33517,102,0
5962.66014176,5962.66066068,658.41937956,658.40195144,0.09500100,630.44173349,0.01998445,0.01998445,33516,102,0
5962.83882138,5962.83858312,664.39666269,664.40466943,0.06558361,630.67254518,0.01998445,0.01998445,33515,102,0
5963.01601850,5963.01651618,670.37779109,670.36105689,0.04986963,630.90090947,0.01998445,0.01998445,33514,102,0
5963.19361745,5963.19445986,676.36304136,676.33469710,0.07294100,631.12926901,0.01998445,0.01998445,33513,102,0
5963.37269020,5963.37241415,682.35269125,682.36198567,0.03993363,631.35900326,0.01998445,0.01998445,33512,102,0
5963.55043177,5963.55037907,688.34701963,688.34879521,0.07052152,631.58652230,0.01998445,0.01998445,33511,102,0
5963.72807178,5963.72835462,694.34622534,694.33668809,0.08651928,631.81341230,0.01998445,0.01998445,33510,102,0
5963.90663186,5963.90634078,700.35014536,700.35996766,0.06494699,632.04096697,0.01998445,0.01998445,33509,102,0
5964.08263783,5964.08433757,706.35851475,706.30112074,0.03755674,632.26475462,0.01998445,0.01998445,33508,102,0
5964.26197895,5964.26234499,712.37106746,712.35869994,0.07410335,632.49224846,0.01998445,0.01998445,33507,102,0
5964.44122631,5964.44036303,718.38753634,718.41672072,0.08488220,632.71907298,0.01998446,0.01998445,33506,102,0
5964.61938321,5964.61839170,724.40765421,724.44119124,0.06833978,632.94396109,0.01998446,0.01998445,33505,102,0
5964.79714813,5964.79643100,730.43130555,730.45557512,0.04907634,633.16779609,0.01998446,0.01998445,33504,102,0
5964.97427666,5964.97448092,736.45868088,736.45176396,0.06076087,633.39028100,0.01998445,0.01998445,33503,102,0
5965.15283615,5965.15254148,742.49000809,742.49999240,0.08385273,633.61401615,0.01998445,0.01998445,33502,102,0
5965.32955670,5965.33061267,748.52551606,748.48971353,0.02681935,633.83491334,0.01998445,0.01998445,33501,102,0
5965.50692276,5965.50869449,754.56543462,754.50532314,0.06532842,634.05609055,0.01998445,0.01998445,33500,102,0
5965.68679015,5965.68678694,760.60998587,760.61009491,0.08530462,634.27985475,0.01998445,0.01998445,33499,102,0
5965.86459039,5965.86489003,766.65922333,766.64904267,0.06631079,634.50052115,0.01998445,0.01998445,33498,102,0
5966.04262606,5966.04300375,772.71304639,772.70020484,0.06786065,634.72095046,0.01998445,0.01998445,33497,102,0
5966.22060837,5966.22112811,778.77134836,778.75366550,0.04025194,634.94077903,0.01998445,0.01998445,33496,102,0
5966.39945958,5966.39926310,784.83402211,784.84071137,0.05271085,635.16113696,0.01998445,0.01998445,33495,102,0
5966.57748792,5966.57740873,790.90096005,790.90365768,0.05063924,635.37993442,0.01998445,0.01998445,33494,102,0
5966.75712629,5966.75556500,796.97207133,797.02529289,0.04862178,635.60015317,0.01998446,0.01998445,33493,102,0
5966.93352545,5966.93373191,803.04737128,803.04032874,0.04486330,635.81585533,0.01998445,0.01998445,33492,102,0
5967.11233618,5967.11190946,809.12691593,809.14148060,0.04270343,636.03395528,0.01998445,0.01998445,33491,102,0
5967.28911299,5967.29009766,815.21076163,815.17713128,0.03261505,636.24902966,0.01998445,0.01998445,33490,102,0
5967.46738590,5967.46829649,821.29896499,821.26784433,0.04528890,636.46537643,0.01998445,0.01998445,33489,102,0
5967.64584884,5967.64650597,827.39158272,827.36910917,0.06378649,636.68140340,0.01998445,0.01998445,33488,102,0
5967.82485619,5967.82472609,833.48865362,833.49310588,0.06549049,636.89753617,0.01998445,0.01998445,33487,102,0
5968.00381559,5968.00295686,839.59017607,839.61958374,0.06426739,637.11305574,0.01998446,0.01998445,33486,102,0
5968.18137927,5968.18119827,845.69614293,845.70234524,0.07004988,637.32634405,0.01998445,0.01998445,33485,102,0
5968.35960741,5968.35945033,851.80654704,851.81193348,0.03925109,637.53987756,0.01998445,0.01998445,33484,102,0
5968.53531681,5968.53771304,0.00000000,857.85513254,0.05087692,637.75040510,0.01998445,0.01998445,33483,102,1
5968.71527880,5968.71598640,864.04064230,864.01634571,0.03366178,637.96434193,0.01998445,0.01998445,33482,102,0
5968.89377106,5968.89427041,870.16439932,870.14724166,0.02974571,638.17652255,0.01998445,0.01998445,33481,102,0
5969.07295355,5969.07256507,876.29278201,876.30613985,0.02871628,638.38896573,0.01998445,0.01998445,33480,102,0
5969.25028303,5969.25087038,882.42592255,882.40571218,0.08065049,638.59866460,0.01998445,0.01998445,33479,102,0
5969.42873038,5969.42918635,888.56395371,888.54825241,0.06292895,638.80913879,0.01998445,0.01998446,33478,102,0
5969.60731769,5969.60751296,894.70700884,894.70027927,0.04708682,639.01923209,0.01998445,0.01998446,33477,102,0
5969.78579395,5969.78585024,900.85516234,900.85322122,0.04392977,639.22865000,0.01998445,0.01998446,33476,102,0
5969.96442880,5969.96419817,907.00821667,907.01617629,0.03134836,639.43770034,0.01998446,0.01998446,33475,102,0
5970.14168813,5970.14255675,913.16589565,913.13589726,0.05221534,639.64458268,0.01998445,0.01998446,33474,102,0
5970.32079704,5970.32092599,919.32792188,919.32346547,0.06065876,639.85304799,0.01998445,0.01998446,33473,102,0
5970.49830802,5970.49930590,925.49401671,925.45951313,0.06519876,640.05907189,0.01998445,0.01998446,33472,102,0
5970.67764738,5970.67769646,931.66390502,931.66220720,0.05878016,640.26661935,0.01998446,0.01998446,33471,102,0
5970.85535606,5970.85609768,937.83753687,937.81186540,0.05156599,640.47168338,0.01998445,0.01998446,33470,102,0
5971.03348537,5971.03450956,944.01518276,943.97970839,0.03551372,640.67664493,0.01998445,0.01998446,33469,102,0
5971.21250732,5971.21293211,950.19713872,950.18241576,0.03737088,640.88204914,0.01998445,0.01998446,33468,102,0
5971.39166438,5971.39136532,956.38370207,956.39407455,0.07612289,641.08703032,0.01998446,0.01998446,33467,102,0
5971.57074810,5971.56980919,962.57517144,962.60776116,0.06612541,641.29135812,0.01998446,0.01998446,33466,102,0
5971.74893531,5971.74826373,968.77180128,968.79512999,0.04478372,641.49410467,0.01998446,0.01998446,33465,102,0
5971.92634426,5971.92672894,974.97351294,974.96014026,0.03932714,641.69540818,0.01998445,0.01998446,33464,102,0
5972.10535139,5972.10520481,981.18007845,981.18517769,0.04649880,641.89795225,0.01998446,0.01998446,33463,102,0
5972.28331657,5972.28369135,987.39126811,987.37822183,0.07735480,642.09873798,0.01998446,0.01998446,33462,102,0
5972.46183089,5972.46218856,993.60685120,993.59439264,0.07001581,642.29955399,0.01998446,0.01998446,33461,102,0
5972.64105982,5972.64069644,999.82659715,999.83926189,0.04250955,642.50057128,0.01998446,0.01998446,33460,102,0
5972.81897758,5972.81921499,1006.05040619,1006.04212654,0.03340446,642.69951633,0.01998446,0.01998446,33459,102,0
5972.99691780,5972.99774422,1012.27842761,1012.24958883,0.04315251,642.89789036,0.01998445,0.01998446,33458,102,0
5973.17682186,5973.17628411,1018.51083911,1018.52961671,0.06385198,643.09785200,0.01998446,0.01998446,33457,102,0
5973.35359108,5973.35483468,1024.74781921,1024.70436380,0.05378488,643.29374420,0.01998445,0.01998446,33456,102,0
5973.53399351,5973.53339593,1030.98954720,1031.01044359,0.01568750,643.49306893,0.01998446,0.01998446,33455,102,0
5973.71108481,5973.71196785,1037.23618413,1037.20528315,0.05537740,643.68815538,0.01998445,0.01998446,33454,102,0
5973.89093381,5973.89055045,1043.48772015,1043.50114519,0.07183969,643.88568990,0.01998446,0.01998446,33453,102,0
5974.06928421,5974.06914372,1049.74405447,1049.74897751,0.03489679,644.08098670,0.01998446,0.01998446,33452,102,0
5974.24956297,5974.24774768,0.00000000,1056.06386735,0.01974980,644.27763990,0.01998446,0.01998446,33451,102,1
5974.42697197,5974.42636231,1062.27070927,1062.29210254,0.05912350,644.47086618,0.01998446,0.01998446,33450,102,0
5974.60626583,5974.60498762,1068.54082454,1068.58570698,0.07085920,644.66538572,0.01998446,0.01998446,33449,102,0
5974.78335877,5974.78362362,1074.81537433,1074.80606865,0.05354647,644.85691578,0.01998446,0.01998446,33448,102,0
5974.96167859,5974.96227030,1081.09439421,1081.07359032,0.03803769,645.04916825,0.01998445,0.01998446,33447,102,0
5975.13979810,5975.14092766,1087.37793075,1087.33819012,0.06913437,645.24059919,0.01998445,0.01998446,33446,102,0
5975.31917003,5975.31959571,1093.66603073,1093.65104427,0.05810003,645.43276449,0.01998446,0.01998446,33445,102,0
5975.49831571,5975.49827444,1099.95874114,1099.96019502,0.04035078,645.62407471,0.01998446,0.01998446,33444,102,0
5975.67701954,5975.67696386,1106.25611907,1106.25808202,0.03887725,645.81430327,0.01998446,0.01998446,33443,102,0
5975.85548891,5975.85566396,1112.55830274,1112.55212688,0.05933171,646.00367704,0.01998446,0.01998446,33442,102,0
5976.03486174,5976.03437475,1118.86547050,1118.88266388,0.03909312,646.19340383,0.01998446,0.01998446,33441,102,0
5976.21213464,5976.21309624,1125.17780181,1125.14382575,0.03719369,646.38031662,0.01998445,0.01998446,33440,102,0
5976.39163472,5976.39182841,1131.49547694,1131.48862778,0.05376441,646.56898084,0.01998446,0.01998446,33439,102,0
5976.57047933,5976.57057127,1137.81867449,1137.81542058,0.03485379,646.75636236,0.01998446,0.01998446,33438,102,0
5976.74946688,5976.74932483,1144.14740688,1144.15243808,0.03263193,646.94329880,0.01998446,0.01998446,33437,102,0
5976.92832177,5976.92808908,1150.48141670,1150.48966437,0.05739429,647.12949286,0.01998446,0.01998446,33436,102,0
5977.10754064,5977.10686402,1156.82042075,1156.84442061,0.03690520,647.31545035,0.01998446,0.01998446,33435,102,0
5977.28578979,5977.28564966,1163.16413451,1163.16910826,0.03334749,647.49978065,0.01998446,0.01998446,33434,102,0
5977.46340006,5977.46444599,1169.51227213,1169.47512528,0.04563433,647.68282459,0.01998445,0.01998446,33433,102,0
5977.64354511,5977.64325302,1175.86461630,1175.87499619,0.02997578,647.86783509,0.01998446,0.01998446,33432,102,0
5977.82200459,5977.82207075,1182.22133915,1182.21898622,0.04428800,648.05047685,0.01998446,0.01998446,33431,102,0
5978.00121189,5978.00089918,1188.58274919,1188.59387702,0.04877456,648.23325275,0.01998446,0.01998446,33430,102,0
5978.17953880,5978.17973831,1194.94915651,1194.94205177,0.03216277,648.41451013,0.01998446,0.01998446,33429,102,0
5978.35918547,5978.35858814,1201.32087265,1201.34216200,0.06298468,648.59649023,0.01998446,0.01998446,33428,102,0
5978.53762978,5978.53744867,1207.69820086,1207.70466121,0.04036433,648.77664437,0.01998446,0.01998446,33427,102,0
5978.71461723,5978.71631990,1214.08120424,1214.02042047,0.02594773,648.95472908,0.01998445,0.01998446,33426,102,0
5978.89524028,5978.89520183,1220.46969407,1220.47106784,0.04079783,649.13585002,0.01998446,0.01998446,33425,102,0
5979.07369096,5979.07409447,1226.86346892,1226.84904176,0.03014519,649.31416821,0.01998445,0.01998446,33424,102,0
5979.25229661,5979.25299782,1233.26232638,1233.23723709,0.05144431,649.49201247,0.01998445,0.01998446,33423,102,0
5979.43134277,5979.43191187,1239.66606315,1239.64568672,0.05326676,649.66965668,0.01998445,0.01998446,33422,102,0
5979.61060039,5979.61083663,1246.07454631,1246.06608212,0.02097501,649.84686480,0.01998446,0.01998446,33421,102,0
5979.78971192,5979.78977210,1252.48785388,1252.48569605,0.05981299,650.02328356,0.01998446,0.01998446,33420,102,0
5979.96866676,5979.96871828,1258.90610325,1258.90425474,0.03060594,650.19890579,0.01998446,0.01998446,33419,102,0
5980.14867912,5980.14767516,1265.32941234,1265.36546071,0.06009210,650.37491981,0.01998446,0.01998446,33418,102,0
5980.32683726,5980.32664276,1271.75789965,1271.76488860,0.03704171,650.54848436,0.01998446,0.01998446,33417,102,0
5980.50510186,5980.50562107,1278.19167367,1278.17300231,0.02724837,650.72152010,0.01998446,0.01998446,33416,102,0
5980.68509209,5980.68461010,1284.63074887,1284.64809484,0.05122867,650.89558752,0.01998446,0.01998446,33415,102,0
5980.86283894,5980.86360984,1291.07508984,1291.04732575,0.04034807,651.06684832,0.01998445,0.01998446,33414,102,0
5981.04218169,5981.04262029,1297.52466053,1297.50885230,0.05398104,651.23900243,0.01998446,0.01998446,33413,102,0
5981.22107651,5981.22164146,1303.97942473,1303.95904747,0.02489325,651.41007907,0.01998446,0.01998446,33412,102,0
5981.40091739,5981.40067335,1310.43934591,1310.44815473,0.05301606,651.58140586,0.01998446,0.01998446,33411,102,0
5981.57935392,5981.57971595,1316.90438251,1316.89130532,0.03323734,651.75074337,0.01998446,0.01998446,33410,102,0
5981.75823706,5981.75876927,1323.37448654,1323.35524803,0.06488403,651.91985045,0.01998446,0.01998446,33409,102,0
5981.93736031,5981.93783332,1329.84960937,1329.83249897,0.02923017,652.08852519,0.01998446,0.01998446,33408,102,0
5982.11728912,5982.11690808,1336.32970213,1336.34349545,0.06482713,652.25729127,0.01998446,0.01998446,33407,102,0
5982.29479899,5982.29599357,1342.81471571,1342.77144301,0.02275992,652.42313031,0.01998445,0.01998446,33406,102,0
5982.47510327,5982.47508978,1349.30464996,1349.30513912,0.06175548,652.59090913,0.01998446,0.01998446,33405,102,0
5982.65414192,5982.65419671,1355.79965562,1355.79766794,0.04766672,652.75684341,0.01998446,0.01998446,33404,102,0
5982.83359200,5982.83331436,1362.29991295,1362.30999251,0.05070113,652.92249511,0.01998446,0.01998446,33403,102,0
5983.01210550,5983.01244275,1368.80560313,1368.79335001,0.06720503,653.08662558,0.01998446,0.01998446,33402,102,0
5983.19213971,5983.19158186,1375.31690817,1375.33719313,0.05472782,653.25149364,0.01998446,0.01998446,33401,102,0
5983.37084443,5983.37073169,1381.83398303,1381.83808599,0.03539173,653.41449012,0.01998446,0.01998446,33400,102,0
5983.55091443,5983.54989226,1388.35677513,1388.39400487,0.05674945,653.57806941,0.01998446,0.01998446,33399,102,0
5983.72945670,5983.72906355,1394.88513768,1394.89946799,0.03275267,653.73959876,0.01998446,0.01998446,33398,102,0
5983.90769191,5983.90824558,1401.41892266,1401.39872576,0.04950217,653.90018725,0.01998446,0.01998446,33397,102,0
5984.08759391,5984.08743834,1407.95798134,1407.96366058,0.03248510,654.06160019,0.01998446,0.01998446,33396,102,0
5984.26600918,5984.26664183,1414.50216841,1414.47905704,0.05803376,654.22100182,0.01998446,0.01998446,33395,102,0
5984.44625832,5984.44585605,1421.05142217,1421.06612818,0.02296302,654.38135366,0.01998446,0.01998446,33394,102,0
5984.62479098,5984.62508101,1427.60575885,1427.59514881,0.06776514,654.53949527,0.01998446,0.01998446,33393,102,0
5984.80387713,5984.80431670,1434.16519773,1434.14910510,0.02337329,654.69744276,0.01998446,0.01998446,33392,102,0
5984.98219285,5984.98356313,1440.72975816,1440.67955624,0.05837198,654.85402850,0.01998445,0.01998446,33391,102,0
5985.16296836,5985.16282029,1447.29946060,1447.30488905,0.06029922,655.01207806,0.01998446,0.01998446,33390,102,0
5985.34153694,5985.34208820,1453.87441886,1453.85419295,0.03995689,655.16751088,0.01998446,0.01998446,33389,102,0
5985.52151696,5985.52136684,1460.45491291,1460.46042542,0.05126068,655.32348593,0.01998446,0.01998446,33388,102,0
5985.70059911,5985.70065622,1467.04124113,1467.03914211,0.01448792,655.47800408,0.01998446,0.01998446,33387,102,0
5985.87944377,5985.87995634,1473.63370340,1473.61484870,0.04537751,655.63164653,0.01998446,0.01998446,33386,102,0
5986.05934767,5986.05926721,1480.23260106,1480.23556344,0.06477506,655.78552753,0.01998446,0.01998446,33385,102,0
5986.23848730,5986.23858882,1486.83808436,1486.83434311,0.02799725,655.93808692,0.01998446,0.01998446,33384,102,0
5986.41894527,5986.41792117,1493.44979329,1493.48756601,0.05258930,656.09108454,0.01998446,0.01998446,33383,102,0
5986.59689051,5986.59726427,1500.06725910,1500.05346260,0.03336344,656.24126633,0.01998446,0.01998446,33382,102,0
5986.77602971,5986.77661811,1506.69001068,1506.66827586,0.06254706,656.39175568,0.01998446,0.01998446,33381,102,0
5986.95666633,5986.95598270,1513.31757449,1513.34284227,0.05636334,656.54277906,0.01998446,0.01998446,33380,102,0
5987.13518729,5987.13535804,1519.94957006,1519.94325492,0.04292814,656.69130929,0.01998446,0.01998446,33379,102,0
5987.31471389,5987.31474413,1526.58620077,1526.58508145,0.05902263,656.83995308,0.01998446,0.01998446,33378,102,0
5987.49486641,5987.49414097,1533.22789315,1533.25476091,0.05763730,656.98839414,0.01998446,0.01998446,33377,102,0
5987.67366280,5987.67354855,1539.87507635,1539.87931105,0.03722530,657.13501138,0.01998446,0.01998446,33376,102,0
5987.85216575,5987.85296689,1546.52818167,1546.49846123,0.04629943,657.28069349,0.01998446,0.01998446,33375,102,0
5988.03198605,5988.03239599,1553.18760754,1553.17238631,0.03679964,657.42675572,0.01998446,0.01998446,33374,102,0
5988.21134964,5988.21183583,1559.85336725,1559.83529875,0.06689012,657.57175019,0.01998446,0.01998446,33373,102,0
5988.39101315,5988.39128643,1566.52523386,1566.51506918,0.05517078,657.71628232,0.01998446,0.01998446,33372,102,0
5988.57014339,5988.57074779,1573.20297566,1573.18047708,0.04150820,657.85967614,0.01998446,0.01998446,33371,102,0
5988.74916984,5988.75021990,1579.88635971,1579.84724157,0.06676360,658.00227224,0.01998446,0.01998446,33370,102,0
5988.93005623,5988.92970277,1586.57516170,1586.58833899,0.03985203,658.14561742,0.01998446,0.01998446,33369,102,0
5989.10938418,5989.10919639,1593.26935654,1593.27636250,0.05369174,658.28699848,0.01998446,0.01998446,33368,102,0
5989.28898046,5989.28870078,1599.96910622,1599.97954896,0.01595139,658.42786504,0.01998446,0.01998446,33367,102,0
5989.46750757,5989.46821593,1606.67458071,1606.64811041,0.05546636,658.56717444,0.01998446,0.01998446,33366,102,0
5989.64836746,5989.64774184,1613.38595084,1613.40934878,0.04576187,658.70757524,0.01998446,0.01998446,33365,102,0
5989.82672049,5989.82727851,1620.10338555,1620.08249831,0.02343544,658.84531288,0.01998446,0.01998446,33364,102,0
5990.00782246,5990.00682594,1626.82694247,1626.86427523,0.06266386,658.98444386,0.01998446,0.01998446,33363,102,0
5990.18624496,5990.18638414,1633.55653149,1633.55131319,0.05091397,659.12079345,0.01998446,0.01998446,33362,102,0
5990.36583723,5990.36595310,1640.29205188,1640.28770359,0.05922865,659.25730822,0.01998446,0.01998446,33361,102,0
5990.54527909,5990.54553283,1647.03340237,1647.02387317,0.02743024,659.39297437,0.01998446,0.01998446,33360,102,0
5990.72461755,5990.72512333,1653.78048211,1653.76147306,0.05969352,659.52782494,0.01998446,0.01998446,33359,102,0
5990.90476049,5990.90472460,1660.53327413,1660.53462431,0.04729993,659.66253590,0.01998446,0.01998446,33358,102,0
5991.08534685,5991.08433663,1667.29191062,1667.32994010,0.05788755,659.79683010,0.01998446,0.01998446,33357,102,0
5991.26356721,5991.26395943,1674.05653972,1674.04176241,0.02363104,659.92863104,0.01998446,0.01998446,33356,102,0
5991.44344714,5991.44359301,1680.82731032,1680.82180987,0.06702541,660.06092093,0.01998446,0.01998446,33355,102,0
5991.62290160,5991.62323736,1687.60437169,1687.59169969,0.04762918,660.19215946,0.01998446,0.01998446,33354,102,0
5991.80282959,5991.80289247,1694.38778848,1694.38541315,0.03492164,660.32300282,0.01998446,0.01998446,33353,102,0
5991.98280188,5991.98255837,1701.17743385,1701.18664013,0.05929873,660.45313094,0.01998446,0.01998446,33352,102,0
5992.16252013,5992.16223504,1707.97315419,1707.98394127,0.02299521,660.58232430,0.01998446,0.01998446,33351,102,0
5992.34158097,5992.34192248,1714.77479504,1714.76186285,0.05222927,660.71029360,0.01998446,0.01998446,33350,102,0
5992.52212301,5992.52162070,1721.58220123,1721.60123740,0.04338343,660.83855701,0.01998446,0.01998446,33349,102,0
5992.70082429,5992.70132970,1728.39529150,1728.37612305,0.04575749,660.96475324,0.01998446,0.01998446,33348,102,0
5992.88120059,5992.88104948,1735.21418554,1735.21992128,0.06258672,661.09136634,0.01998446,0.01998446,33347,102,0
5993.06117845,5993.06078003,1742.03903717,1742.05417218,0.01111693,661.21693350,0.01998446,0.01998446,33346,102,0
5993.23995950,5993.24052137,1748.87000102,1748.84863842,0.06137541,661.34090855,0.01998446,0.01998446,33345,102,0
5993.42046462,5993.42027349,1755.70723253,1755.71450561,0.05874066,661.46531423,0.01998446,0.01998446,33344,102,0
5993.59985056,5993.60003639,1762.55084545,1762.54376775,0.04123094,661.58818691,0.01998446,0.01998446,33343,102,0
5993.77972707,5993.77981008,1769.40082508,1769.39766073,0.04603144,661.71063066,0.01998446,0.01998446,33342,102,0
5993.95960297,5993.95959455,1776.25713224,1776.25745351,0.05455405,661.83230501,0.01998446,0.01998446,33341,102,0
5994.14013244,5994.13938980,1783.11972754,1783.14808549,0.07174277,661.95364531,0.01998446,0.01998446,33340,102,0
5994.31897942,5994.31919584,1789.98857132,1789.98030027,0.03360495,662.07308509,0.01998446,0.01998446,33339,102,0
5994.49881345,5994.49901267,1796.86362534,1796.85600509,0.06369989,662.19240873,0.01998446,0.01998446,33338,102,0
5994.67845621,5994.67884029,1803.74485624,1803.73015291,0.06475418,662.31082647,0.01998446,0.01998446,33337,102,0
5994.85840755,5994.85867870,1810.63223152,1810.62184301,0.04802859,662.42866425,0.01998446,0.01998446,33336,102,0
5995.03826427,5995.03852790,1817.52571846,1817.51560984,0.04296844,662.54565388,0.01998446,0.01998446,33335,102,0
5995.21895097,5995.21838788,1824.42528416,1824.44689338,0.05021006,662.66238918,0.01998446,0.01998446,33334,102,0
5995.39847712,5995.39825866,1831.33092282,1831.33931330,0.05720745,662.77758402,0.01998446,0.01998446,33333,102,0
5995.57856112,5995.57814024,1838.24271493,1838.25889376,0.04950999,662.89234415,0.01998446,0.01998446,33332,102,0
5995.75821972,5995.75803261,1845.16075842,1845.16795728,0.05725972,663.00604151,0.01998446,0.01998446,33331,102,0
5995.93854113,5995.93793577,1852.08515175,1852.10846177,0.06964262,663.11936252,0.01998446,0.01998446,33330,102,0
5996.11711140,5996.11784973,1859.01599393,1858.98753876,0.06625257,663.23079667,0.01998446,0.01998446,33329,102,0
5996.29821746,5996.29777449,1865.95338608,1865.97047345,0.02085875,663.34301321,0.01998446,0.01998446,33328,102,0
5996.47666894,5996.47771004,1872.89743465,1872.85723833,0.06150551,663.45279620,0.01998446,0.01998446,33327,102,0
5996.65701255,5996.65765639,1879.84824748,1879.82336612,0.05778869,663.56294710,0.01998446,0.01998446,33326,102,0
5996.83716103,5996.83761355,1886.80593301,1886.78842925,0.05470848,663.67217901,0.01998446,0.01998446,33325,102,0
5997.01731874,5997.01758150,1893.77060003,1893.76042640,0.05760301,663.78061625,0.01998446,0.01998446,33324,102,0
5997.19737019,5997.19756026,1900.74225655,1900.73489066,0.05815543,663.88818751,0.01998446,0.01998446,33323,102,0
5997.37770173,5997.37754982,1907.72065410,1907.72654642,0.04265205,663.99511608,0.01998446,0.01998446,33322,102,0
5997.55698565,5997.55755018,1914.70550286,1914.68358741,0.04854159,664.10061304,0.01998446,0.01998446,33321,102,0
5997.73753434,5997.73756135,1921.69651134,1921.69546198,0.04680585,664.20603086,0.01998446,0.01998446,33320,102,0
5997.91730277,5997.91758332,1928.69338774,1928.68247950,0.04467701,664.31016562,0.01998446,0.01998446,33319,102,0
5998.09739365,5998.09761610,1935.69604465,1935.68738835,0.05614105,664.41365580,0.01998446,0.01998446,33318,102,0
5998.27755726,5998.27765969,1942.70481933,1942.70082994,0.05627605,664.51635800,0.01998446,0.01998446,33317,102,0
5998.45760214,5998.45771409,1949.72010348,1949.71573971,0.04830714,664.61816681,0.01998446,0.01998446,33316,102,0
5998.63740938,5998.63777930,1956.74229100,1956.72785823,0.04644685,664.71902067,0.01998446,0.01998446,33315,102,0
5998.81800433,5998.81785532,1963.77177366,1963.77759339,0.04363841,664.81949395,0.01998446,0.01998446,33314,102,0
5998.99767343,5998.99794214,1970.80866547,1970.79816057,0.05209477,664.91863317,0.01998446,0.01998446,33313,102,0
5999.17740965,5999.17803979,1977.85263518,1977.82797801,0.05241917,665.01698477,0.01998446,0.01998446,33312,102,0
5999.35854677,5999.35814824,1984.90330985,1984.91891773,0.06308982,665.11526063,0.01998446,0.01998446,33311,102,0
5999.53791093,5999.53826751,1991.96031438,1991.94633821,0.06482113,665.21173377,0.01998446,0.01998446,33310,102,0
5999.71828988,5999.71839760,1999.02327983,1999.01905458,0.06109762,665.30790163,0.01998446,0.01998446,33309,102,0
5999.89882266,5999.89853850,2006.09209234,2006.10324706,0.06129744,665.40329317,0.01998446,0.01998446,33308,102,0
6000.07919356,6000.07869022,2013.16693734,2013.18671220,0.04408196,665.49774194,0.01998446,0.01998446,33307,102,0
6000.25936235,6000.25885276,2020.24801822,2020.26805561,0.04806068,665.59122993,0.01998446,0.01998446,33306,102,0
6000.43902375,6000.43902612,2027.33553955,2027.33544641,0.03985718,665.68360412,0.01998446,0.01998446,33305,102,0
6000.61939618,6000.61921029,2034.42970773,2034.43702965,0.02796502,665.77548978,0.01998446,0.01998446,33304,102,0
6000.79886523,6000.79940529,2041.53074139,2041.50944898,0.02908381,665.86606618,0.01998446,0.01998446,33303,102,0
6000.97913238,6000.97961112,2048.63886933,2048.61997666,0.04028004,665.95619310,0.01998446,0.01998446,33302,102,0
6001.15933235,6001.15982776,2055.75432191,2055.73475216,0.05331485,666.04543297,0.01998446,0.01998446,33301,102,0
6001.33892109,6001.34005523,2062.87733083,2062.83248427,0.05174749,666.13352127,0.01998446,0.01998446,33300,102,0
6001.52047926,6001.52029353,2070.00810088,2070.01545295,0.06117608,666.22171382,0.01998446,0.01998446,33299,102,0
6001.70081845,6001.70054265,2077.14658862,2077.15751698,0.04608335,666.30845303,0.01998446,0.01998446,33298,102,0
6001.88107858,6001.88080259,2084.29262021,2084.30356646,0.04766658,666.39429144,0.01998446,0.01998446,33297,102,0
6002.06093488,6002.06107337,2091.44601963,2091.44052130,0.03974053,666.47907296,0.01998446,0.01998446,33296,102,0
6002.24098676,6002.24135498,2098.60660982,2098.59197775,0.03341630,666.56307681,0.01998446,0.01998446,33295,102,0
6002.42083373,6002.42164741,2105.77423376,2105.74187050,0.04778451,666.64611171,0.01998446,0.01998446,33294,102,0
6002.60196785,6002.60195068,2112.94883753,2112.94952112,0.05611657,666.72885534,0.01998446,0.01998446,33293,102,0
6002.78269696,6002.78226478,2120.13039875,2120.14761939,0.04298962,666.81052533,0.01998446,0.01998446,33292,102,0
6002.96229486,6002.96258971,2127.31889491,2127.30713565,0.05297316,666.89080196,0.01998446,0.01998446,33291,102,0
6003.14237543,6003.14292548,2134.51430344,2134.49234671,0.04703886,666.97040850,0.01998446,0.01998446,33290,102,0
6003.32319331,6003.32327208,2141.71665069,2141.71350343,0.04241281,667.04944618,0.01998446,0.01998446,33289,102,0
6003.50310604,6003.50362951,2148.92609300,2148.90515822,0.05949915,667.12719736,0.01998446,0.01998446,33288,102,0
6003.68341639,6003.68399779,2156.14280883,2156.11953535,0.06986647,667.20422800,0.01998446,0.01998446,33287,102,0
6003.86442412,6003.86437690,2163.36697769,2163.36886975,0.03884922,667.28065713,0.01998446,0.01998446,33286,102,0
6004.04430605,6004.04476685,2170.59877774,2170.58029496,0.03852416,667.35571712,0.01998446,0.01998446,33285,102,0
6004.22376873,6004.22516764,2177.83827708,2177.78211100,0.04686678,667.42971210,0.01998446,0.01998446,33284,102,0
6004.40553690,6004.40557927,2185.08538855,2185.08368546,0.06733529,667.50374755,0.01998446,0.01998446,33283,102,0
6004.58582947,6004.58600175,2192.34001288,2192.33308227,0.03842509,667.57627327,0.01998446,0.01998446,33282,102,0
6004.76644225,6004.76643506,2199.60205018,2199.60233943,0.03566334,667.64801652,0.01998446,0.01998446,33281,102,0
6004.94675565,6004.94687922,2206.87139922,2206.86641878,0.06322012,667.71872719,0.01998446,0.01998446,33280,102,0
6005.12763740,6005.12733423,2214.14794906,2214.16017945,0.04974798,667.78873965,0.01998446,0.01998446,33279,102,0
6005.30750834,6005.30780008,2221.43158146,2221.41980132,0.04138831,667.85744218,0.01998446,0.01998446,33278,102,0
6005.48812837,6005.48827678,2228.72217734,2228.71617961,0.05055782,667.92550518,0.01998446,0.01998446,33277,102,0
6005.66831118,6005.66876432,2236.01961683,2236.00128772,0.06555525,667.99247546,0.01998446,0.01998446,33276,102,0
6005.84971268,6005.84926272,2243.32382722,2243.34204407,0.03823544,668.05895913,0.01998446,0.01998446,33275,102,0
6006.02905363,6006.02977196,2250.63499233,2250.60588447,0.03895461,668.12375990,0.01998446,0.01998446,33274,102,0
6006.21052791,6006.21029205,2257.95338288,2257.96294935,0.04942250,668.18839228,0.01998446,0.01998446,33273,102,0
6006.39067071,6006.39082300,2265.27927130,2265.27308830,0.04028338,668.25161557,0.01998446,0.01998446,33272,102,0
6006.57136391,6006.57136480,2272.61293124,2272.61289509,0.03237096,668.31409574,0.01998446,0.01998446,33271,102,0
6006.75240784,6006.75191745,2279.95454629,2279.97449669,0.05955783,668.37575523,0.01998446,0.01998446,33270,102,0
6006.93218055,6006.93248096,2287.30409784,2287.29186416,0.03182562,668.43604558,0.01998446,0.01998446,33269,102,0
6007.11262219,6007.11305532,2294.66153978,2294.64388314,0.03838749,668.49561872,0.01998446,0.01998446,33268,102,0
6007.29395434,6007.29364054,2302.02682572,2302.03963087,0.05020936,668.55453210,0.01998446,0.01998446,33267,102,0
6007.47448990,6007.47423661,2309.39990637,2309.41025245,0.03300470,668.61223340,0.01998446,0.01998446,33266,102,0
6007.65445187,6007.65484355,2316.78067997,2316.76466562,0.06373111,668.66880093,0.01998446,0.01998446,33265,102,0
6007.83602097,6007.83546134,2324.16899510,2324.19189803,0.04758513,668.72490779,0.01998447,0.01998446,33264,102,0
6008.01588767,6008.01609000,2331.56469748,2331.55640964,0.03329494,668.77952799,0.01998446,0.01998446,33263,102,0
6008.19642365,6008.19672951,2338.96763182,2338.95509159,0.04758657,668.83338603,0.01998446,0.01998446,33262,102,0
6008.37743968,6008.37737989,2346.37770266,2346.38015651,0.02534376,668.88641270,0.01998446,0.01998446,33261,102,0
6008.55803148,6008.55804113,2353.79517533,2353.79477887,0.06087777,668.93834172,0.01998446,0.01998446,33260,102,0
6008.73859875,6008.73871324,2361.22044978,2361.21574198,0.04724465,668.98929147,0.01998446,0.01998446,33259,102,0
6008.91929637,6008.91939621,2368.65392869,2368.64981905,0.03440108,669.03930440,0.01998446,0.01998446,33258,102,0
6009.10046600,6009.10009005,2376.09601569,2376.11150872,0.05543427,669.08846960,0.01998446,0.01998446,33257,102,0
6009.28012196,6009.28079475,2383.54689868,2383.51914271,0.04538733,669.13625442,0.01998446,0.01998446,33256,102,0
6009.46158310,6009.46151033,2391.00632726,2391.00933265,0.05401869,669.18353417,0.01998446,0.01998446,33255,102,0
6009.64210401,6009.64223677,2398.47399666,2398.46850838,0.02687259,669.22958124,0.01998446,0.01998446,33254,102,0
6009.82285361,6009.82297408,2405.94960011,2405.94461473,0.05517239,669.27469454,0.01998446,0.01998446,33253,102,0
6010.00368785,6010.00372226,2413.43284586,2413.43142023,0.03101920,669.31883068,0.01998446,0.01998446,33252,102,0
6010.18503842,6010.18448132,2420.92366904,2420.94676693,0.04719948,669.36208663,0.01998447,0.01998446,33251,102,0
6010.36493928,6010.36525125,2428.42216838,2428.40922109,0.03968050,669.40399876,0.01998446,0.01998446,33250,102,0
6010.54613399,6010.54603205,2435.92844677,2435.93268148,0.05437470,669.44520505,0.01998446,0.01998446,33249,102,0
6010.72630831,6010.72682373,2443.44260774,2443.42117496,0.02902301,669.48517440,0.01998446,0.01998446,33248,102,0
6010.90755088,6010.90762629,2450.96479206,2450.96165289,0.05460713,669.52436732,0.01998446,0.01998446,33247,102,0
6011.08803183,6011.08843972,2458.49527122,2458.47827439,0.02872621,669.56238371,0.01998446,0.01998446,33246,102,0
6011.26923827,6011.26926403,2466.03434725,2466.03327243,0.05919082,669.59953523,0.01998446,0.01998446,33245,102,0
6011.45015422,6011.45009922,2473.58232413,2473.58462112,0.02971075,669.63560792,0.01998446,0.01998446,33244,102,0
6011.63102939,6011.63094529,2481.13949309,2481.14300928,0.05693937,669.67065210,0.01998446,0.01998446,33243,102,0
6011.81208693,6011.81180224,2488.70576747,2488.71768435,0.05616935,669.70470570,0.01998447,0.01998446,33242,102,0
6011.99276552,6011.99267007,2496.28065504,2496.28465429,0.04227371,669.73765904,0.01998447,0.01998446,33241,102,0
6012.17367276,6012.17354879,2503.86364062,2503.86884048,0.05096222,669.76961861,0.01998447,0.01998446,33240,102,0
6012.35441061,6012.35443839,2511.45420559,2511.45303934,0.02065270,669.80050826,0.01998447,0.01998446,33239,102,0
6012.53485998,6012.53533887,2519.05195532,2519.03183310,0.05599207,669.83030705,0.01998446,0.01998446,33238,102,0
6012.71572595,6012.71625025,2526.65711505,2526.63506435,0.03272716,669.85912826,0.01998446,0.01998447,33237,102,0
6012.89727298,6012.89717250,2534.27010122,2534.27433118,0.05740490,669.88700300,0.01998447,0.01998447,33236,102,0
6013.07789086,6013.07810565,2541.89133308,2541.88228105,0.05454647,669.91368448,0.01998446,0.01998447,33235,102,0
6013.25920647,6013.25904968,2549.52122585,2549.52784090,0.02098616,669.93941308,0.01998447,0.01998447,33234,102,0
6013.44011531,6013.44000461,2557.15995602,2557.16463151,0.05866625,669.96402656,0.01998447,0.01998447,33233,102,0
6013.62156499,6013.62097042,2564.80739902,2564.83253845,0.06074169,669.98764868,0.01998447,0.01998447,33232,102,0
6013.80170097,6013.80194713,2572.46341041,2572.45299146,0.03122391,670.01004086,0.01998446,0.01998447,33231,102,0
6013.98300688,6013.98293473,2580.12784471,2580.13090161,0.05996466,670.03150920,0.01998447,0.01998447,33230,102,0
6014.16469508,6014.16393323,2587.80058995,2587.83290235,0.05284954,670.05194294,0.01998447,0.01998447,33229,102,0
6014.34496039,6014.34494262,2595.48171028,2595.48246477,0.01836268,670.07114510,0.01998446,0.01998447,33228,102,0
6014.52530043,6014.52596290,2603.17132676,2603.14317061,0.04539515,670.08928410,0.01998446,0.01998447,33227,102,0
6014.70659542,6014.70699408,2610.86956125,2610.85259923,0.04906348,670.10643607,0.01998446,0.01998447,33226,102,0
6014.88799779,6014.88803616,2618.57653662,2618.57490248,0.03444595,670.12250800,0.01998446,0.01998447,33225,102,0
6015.06853460,6015.06908914,2626.29238299,2626.26873751,0.04805851,670.13741717,0.01998446,0.01998447,33224,102,0
6015.24960592,6015.25015302,2634.01723881,2633.99388453,0.04375357,670.15127880,0.01998446,0.01998447,33223,102,0
6015.43136914,6015.43122780,2641.75124387,2641.75728436,0.04540070,670.16409031,0.01998446,0.01998447,33222,102,0
6015.61234689,6015.61231348,2649.49453888,2649.49596848,0.03456510,670.17574482,0.01998446,0.01998447,33221,102,0
6015.79309993,6015.79341006,2657.24722318,2657.23393898,0.04137288,670.18628396,0.01998446,0.01998447,33220,102,0
6015.97449172,6015.97451755,2665.00922382,2665.00811611,0.04555380,670.19575032,0.01998446,0.01998447,33219,102,0
6016.15562591,6016.15563594,2672.78042309,2672.77999265,0.05624841,670.20408961,0.01998446,0.01998447,33218,102,0
6016.33677860,6016.33676524,2680.56070239,2680.56127653,0.03506611,670.21131285,0.01998446,0.01998447,33217,102,0
6016.51780698,6016.51790544,2688.34995036,2688.34571428,0.05906265,670.21741146,0.01998446,0.01998447,33216,102,0
6016.69879384,6016.69905655,2696.14819467,2696.13687897,0.04640297,670.22238607,0.01998446,0.01998447,33215,102,0
6016.88013074,6016.88021857,2703.95558162,2703.95179428,0.05103849,670.22624089,0.01998446,0.01998447,33214,102,0
6017.06203847,6017.06139150,2711.77226221,2711.80019158,0.05443998,670.22896819,0.01998447,0.01998447,33213,102,0
6017.24229340,6017.24257534,2719.59838819,2719.58620276,0.06228054,670.23054093,0.01998446,0.01998447,33212,102,0
6017.42385557,6017.42377010,2727.43400729,2727.43770565,0.03840712,670.23098424,0.01998447,0.01998447,33211,102,0
6017.60443655,6017.60497576,2735.27890330,2735.25554678,0.05665602,670.23028554,0.01998446,0.01998447,33210,102,0
6017.78590477,6017.78619234,2743.13281754,2743.12034768,0.04950462,670.22843468,0.01998446,0.01998447,33209,102,0
6017.96771810,6017.96741983,2750.99548948,2751.00843683,0.05297583,670.22542178,0.01998447,0.01998447,33208,102,0
6018.14887191,6018.14865824,2758.86670564,2758.87599011,0.04906662,670.22126295,0.01998447,0.01998447,33207,102,0
6018.32978178,6018.32990757,2766.74664459,2766.74117324,0.04043460,670.21595358,0.01998447,0.01998447,33206,102,0
6018.51143329,6018.51116781,2774.63567577,2774.64723687,0.05884027,670.20945597,0.01998447,0.01998447,33205,102,0
6018.69302941,6018.69243897,2782.53417245,2782.55991453,0.05683951,670.20178778,0.01998447,0.01998447,33204,102,0
6018.87402801,6018.87372105,2790.44250501,2790.45590406,0.02777594,670.19297378,0.01998447,0.01998447,33203,102,0
6019.05513869,6019.05501405,2798.36084827,2798.36629527,0.04841972,670.18297974,0.01998447,0.01998447,33202,102,0
6019.23675358,6019.23631797,2806.28912950,2806.30818943,0.05467392,670.17177385,0.01998447,0.01998447,33201,102,0
6019.41739963,6019.41763282,2814.22725961,2814.21704429,0.04288137,670.15944750,0.01998447,0.01998447,33200,102,0
6019.59878993,6019.59895859,2822.17514885,2822.16775209,0.04159652,670.14588197,0.01998447,0.01998447,33199,102,0
6019.78052688,6019.78029528,2830.13272292,2830.14289225,0.04710579,670.13109224,0.01998447,0.01998447,33198,102,0
6019.96135896,6019.96164290,2838.09995873,2838.08747724,0.04273348,670.11518159,0.01998447,0.01998447,33197,102,0
6020.14341512,6020.14300144,2846.07684330,2846.09504889,0.04272529,670.09795544,0.01998447,0.01998447,33196,102,0
6020.32456202,6020.32437092,2854.06336353,2854.07178335,0.03722348,670.07960842,0.01998447,0.01998447,33195,102,0
6020.50536024,6020.50575132,2862.05949838,2862.04224783,0.03325571,670.06009224,0.01998447,0.01998447,33194,102,0
6020.68753240,6020.68714265,2870.06516109,2870.08237250,0.03571026,670.03920681,0.01998447,0.01998447,33193,102,0
6020.86795654,6020.86854491,2878.08023127,2878.05422063,0.04092942,670.01731007,0.01998447,0.01998447,33192,102,0
6021.04902725,6021.04995810,2886.10458734,2886.06339115,0.03152923,669.99411886,0.01998446,0.01998447,33191,102,0
6021.23157699,6021.23138222,2894.13811523,2894.14674412,0.03628444,669.96950141,0.01998447,0.01998447,33190,102,0
6021.41265982,6021.41281728,2902.18092929,2902.17394512,0.04708630,669.94385056,0.01998447,0.01998447,33189,102,0
6021.59413730,6021.59426327,2910.23339556,2910.22780176,0.06136822,669.91690828,0.01998447,0.01998447,33188,102,0
6021.77574486,6021.77572020,2918.29589549,2918.29699177,0.03965268,669.88870297,0.01998447,0.01998447,33187,102,0
6021.95723815,6021.95718806,2926.36881249,2926.37104189,0.05413944,669.85926665,0.01998447,0.01998447,33186,102,0
6022.13882891,6022.13866686,2934.45234860,2934.45957110,0.06153070,669.82855982,0.01998447,0.01998447,33185,102,0
6022.32056211,6022.32015660,2942.54629045,2942.56438575,0.06764861,669.79656863,0.01998447,0.01998447,33184,102,0
6022.50127566,6022.50165728,2950.65036569,2950.63331636,0.05038889,669.76350340,0.01998447,0.01998447,33183,102,0
6022.68332992,6022.68316890,2958.76429986,2958.77150173,0.04995166,669.72892566,0.01998447,0.01998447,33182,102,0
6022.86470675,6022.86469146,2966.88790293,2966.88858747,0.04234983,669.69320836,0.01998447,0.01998447,33181,102,0
6023.04543198,6023.04622496,2975.02138930,2974.98583945,0.03823970,669.65635518,0.01998446,0.01998447,33180,102,0
6023.22728133,6023.22776941,2983.16509394,2983.14318658,0.03371341,669.61799313,0.01998447,0.01998447,33179,102,0
6023.40911551,6023.40932480,2991.31935434,2991.30994853,0.06054532,669.57834468,0.01998447,0.01998447,33178,102,0
6023.59123745,6023.59089113,2999.48448220,2999.50006619,0.05431573,669.53733463,0.01998447,0.01998447,33177,102,0
6023.77240426,6023.77246841,3007.66052028,3007.65762984,0.05981892,669.49524497,0.01998447,0.01998447,33176,102,0
6023.95416403,6023.95405664,3015.84736054,3015.85220523,0.03804954,669.45171571,0.01998447,0.01998447,33175,102,0
6024.13576408,6024.13565582,3024.04489239,3024.04978237,0.03040532,669.40691829,0.01998447,0.01998447,33174,102,0
6024.31707531,6024.31726595,3032.25301116,3032.24438984,0.05935870,669.36088529,0.01998447,0.01998447,33173,102,0
6024.49922411,6024.49888702,3040.47175498,3040.48701853,0.05606841,669.31331987,0.01998447,0.01998447,33172,102,0
6024.68002769,6024.68051905,3048.70129930,3048.67902215,0.04670678,669.26479184,0.01998447,0.01998447,33171,102,0
6024.86167723,6024.86216203,3056.94182629,3056.91981864,0.03951019,669.21471261,0.01998447,0.01998447,33170,102,0
6025.04391934,6025.04381596,3065.19351529,3065.19821423,0.03926121,669.16313027,0.01998447,0.01998447,33169,102,0
6025.22544718,6025.22548085,3073.45630160,3073.45476916,0.05622380,669.11041148,0.01998447,0.01998447,33168,102,0
6025.40718517,6025.40715669,3081.72974404,3081.73104200,0.03384887,669.05629132,0.01998447,0.01998447,33167,102,0
6025.58925990,6025.58884349,3090.01336610,3090.03236245,0.03565309,669.00072451,0.01998447,0.01998447,33166,102,0
6025.77070343,6025.77054124,3098.30668859,3098.31409556,0.04639002,668.94400852,0.01998447,0.01998447,33165,102,0
6025.95176029,6025.95224995,3106.60954383,3106.58715671,0.05781012,668.88607507,0.01998447,0.01998447,33164,102,0
6026.13403418,6026.13396963,3114.92250774,3114.92546263,0.03963998,668.82639337,0.01998447,0.01998447,33163,102,0
6026.31556873,6026.31570026,3123.24626827,3123.24023978,0.04456302,668.76558905,0.01998447,0.01998447,33162,102,0
6026.49770528,6026.49744185,3131.58151874,3131.59360862,0.04660809,668.70320426,0.01998447,0.01998447,33161,102,0
6026.67918416,6026.67919441,3139.92875814,3139.92828729,0.04842185,668.63966211,0.01998447,0.01998447,33160,102,0
6026.86089726,6026.86095793,3148.28778924,3148.28499732,0.05478061,668.57465129,0.01998447,0.01998447,33159,102,0
6027.04264579,6027.04273241,3156.65825995,3156.65426850,0.04914805,668.50823733,0.01998447,0.01998447,33158,102,0
6027.22450474,6027.22451786,3165.03981526,3165.03921019,0.02929882,668.44038887,0.01998447,0.01998447,33157,102,0
6027.40651050,6027.40631427,3173.43218292,3173.44124702,0.05516105,668.37108664,0.01998447,0.01998447,33156,102,0
6027.58839531,6027.58812165,3181.83550982,3181.84816673,0.04606335,668.30042614,0.01998447,0.01998447,33155,102,0
6027.76923175,6027.76994000,3190.25007329,3190.21727424,0.04696285,668.22877389,0.01998447,0.01998447,33154,102,0
6027.95156540,6027.95176932,3198.67615292,3198.66669666,0.05903881,668.15510846,0.01998447,0.01998447,33153,102,0
6028.13291897,6028.13360961,3207.11398081,3207.08191229,0.02350600,668.08041740,0.01998447,0.01998447,33152,102,0
6028.31574415,6028.31546087,3215.56346854,3215.57663954,0.05118565,668.00368057,0.01998447,0.01998447,33151,102,0
6028.49771247,6028.49732310,3224.02439813,3224.04252472,0.04392427,667.92586472,0.01998447,0.01998447,33150,102,0
6028.67860198,6028.67919630,3232.49654940,3232.46884711,0.05085936,667.84708452,0.01998447,0.01998447,33149,102,0
6028.86132373,6028.86108048,3240.97974090,3240.99109301,0.02264363,667.76605983,0.01998447,0.01998447,33148,102,0
6029.04295141,6029.04297563,3249.47411719,3249.47298502,0.04632862,667.68407306,0.01998447,0.01998447,33147,102,0
6029.22425180,6029.22488176,3257.97998240,3257.95050623,0.04346116,667.60078693,0.01998447,0.01998447,33146,102,0
6029.40635851,6029.40679887,3266.49764411,3266.47701164,0.04546677,667.51566659,0.01998447,0.01998447,33145,102,0
6029.59001583,6029.58872695,3275.02738894,3275.08785990,0.03365056,667.42832711,0.01998447,0.01998447,33144,102,0
6029.77110316,6029.77066602,3283.56928549,3283.58982296,0.04245241,667.34073418,0.01998447,0.01998447,33143,102,0
6029.95317102,6029.95261606,3292.12328217,3292.14939009,0.05603484,667.25118473,0.01998447,0.01998447,33142,102,0
6030.13526434,6030.13457709,3300.68932560,3300.72170064,0.04829033,667.16013119,0.01998447,0.01998447,33141,102,0
6030.31684805,6030.31654909,3309.26736326,3309.28146541,0.06612186,667.06784204,0.01998447,0.01998447,33140,102,0
6030.49866618,6030.49853208,3317.85735598,3317.86368987,0.03983644,666.97393740,0.01998447,0.01998447,33139,102,0
6030.68010810,6030.68052605,3326.45927226,3326.43950452,0.04320092,666.87872922,0.01998447,0.01998447,33138,102,0
6030.86297649,6030.86253101,3335.07308033,3335.09417744,0.07024326,666.78125333,0.01998447,0.01998447,33137,102,0
6031.04485867,6031.04454696,3343.69876973,3343.71355137,0.03675610,666.68278486,0.01998447,0.01998447,33136,102,0
6031.22666366,6031.22657389,3352.33655004,3352.34081304,0.05430190,666.58283698,0.01998447,0.01998447,33135,102,0
6031.40862724,6031.40861181,3360.98676121,3360.98749499,0.04396854,666.48126941,0.01998447,0.01998447,33134,102,0
6031.59082833,6031.59066071,3369.64974763,3369.65772948,0.04924582,666.37802310,0.01998447,0.01998447,33133,102,0
6031.77263655,6031.77272061,3378.32581671,3378.32180775,0.05042743,666.27344753,0.01998447,0.01998447,33132,102,0
6031.95583686,6031.95479150,3387.01490193,3387.06482599,0.05173970,666.16649778,0.01998447,0.01998447,33131,102,0
6032.13791948,6032.13687338,3395.71672885,3395.76675726,0.04489903,666.05863275,0.01998447,0.01998447,33130,102,0
6032.31870324,6032.31896626,3404.43101840,3404.41842277,0.05131353,665.94998842,0.01998447,0.01998447,33129,102,0
6032.50143281,6032.50107012,3413.15752199,3413.17491368,0.06072772,665.83860380,0.01998447,0.01998447,33128,102,0
6032.68381142,6032.68318499,3421.89625746,3421.92633721,0.04454473,665.72585229,0.01998447,0.01998447,33127,102,0
6032.86529664,6032.86531084,3430.64737365,3430.64669053,0.05646270,665.61207767,0.01998447,0.01998447,33126,102,0
6033.04748241,6033.04744770,3439.41102151,3439.41269268,0.05357314,665.49627531,0.01998447,0.01998447,33125,102,0
nan,nan,0.00000000,-1.00000000,0.00000000,665.42171545,nan,0.00000000,-2147483648,102,1
6033.41147155,6033.41175440,3456.97656238,3456.96290504,0.03772174,665.26011455,0.01998447,0.01998447,33123,102,0
6033.59443837,6033.59392426,3465.77883150,3465.80369095,0.06109336,665.13897009,0.01998447,0.01998447,33122,102,0
6033.77550126,6033.77610511,3474.59435985,3474.56511907,0.05700663,665.01747179,0.01998447,0.01998447,33121,102,0
6033.95932300,6033.95829697,3483.42329374,3483.47305131,0.04620894,664.89247079,0.01998447,0.01998447,33120,102,0
6034.14073311,6034.14049982,3492.26552655,3492.27685621,0.04764559,664.76747352,0.01998447,0.01998447,33119,102,0
6034.32267383,6034.32271368,3501.12087132,3501.11893286,0.03808498,664.64047442,0.01998447,0.01998447,33118,102,0
6034.50494732,6034.50493855,3509.98913931,3509.98956632,0.06841034,664.51159636,0.01998447,0.01998447,33117,102,0
6034.68657247,6034.68717442,3518.87013900,3518.84078358,0.04606482,664.38153395,0.01998447,0.01998447,33116,102,0
6034.86925127,6034.86942130,3527.76367347,3527.75537035,0.06023060,664.24905967,0.01998447,0.01998447,33115,102,0
6035.05215785,6035.05167919,3536.66954312,3536.69294761,0.04709852,664.11475189,0.01998447,0.01998447,33114,102,0
6035.23381823,6035.23394809,3545.58754753,3545.58119000,0.07104302,663.97970396,0.01998447,0.01998447,33113,102,0
6035.41639828,6035.41622799,3554.51781915,3554.52616780,0.06733482,663.84230228,0.01998447,0.01998447,33112,102,0
6035.59840765,6035.59851891,3563.46130099,3563.45583819,0.05458689,663.70364301,0.01998447,0.01998447,33111,102,0
6035.78013403,6035.78082084,3572.41906442,3572.38528943,0.05912149,663.56349565,0.01998447,0.01998447,33110,102,0
6035.96290252,6035.96313378,3581.39217729,3581.38078537,0.04116180,663.42080353,0.01998447,0.01998447,33109,102,0
6036.14524860,6036.14545774,3590.38089444,3590.37057565,0.03616332,663.27668952,0.01998447,0.01998447,33108,102,0
6036.32824044,6036.32779271,3599.38417909,3599.40630357,0.06232322,663.13031543,0.01998447,0.01998447,33107,102,0
6036.51025734,6036.51013869,3608.40087135,3608.40674223,0.04782441,662.98299431,0.01998447,0.01998447,33106,102,0
6036.69283848,6036.69249570,3617.42985776,3617.44684088,0.04676905,662.83349813,0.01998447,0.01998447,33105,102,0
6036.87460194,6036.87486372,3626.47128820,3626.45830046,0.02705224,662.68295346,0.01998447,0.01998447,33104,102,0
6037.05746256,6037.05724276,3635.52656560,3635.53748737,0.05449769,662.52974036,0.01998447,0.01998447,33103,102,0
6037.23932645,6037.23963282,3644.59715848,3644.58190897,0.03849972,662.37557994,0.01998447,0.01998447,33102,102,0
6037.42051862,6037.42203390,0.00000000,3653.62490964,0.03853832,662.21991293,0.01998447,0.01998447,33101,102,1
6037.60488740,6037.60444600,3662.78792992,3662.80997653,0.04948536,662.06023329,0.01998447,0.01998447,33100,102,0
6037.78667565,6037.78686913,3671.90652454,3671.89684617,0.06122347,661.90070661,0.01998447,0.01998447,33099,102,0
6037.96960219,6037.96930328,3681.03887668,3681.05384963,0.07313375,661.73838479,0.01998447,0.01998447,33098,102,0
6038.15185202,6038.15174845,3690.18399604,3690.18919109,0.05820168,661.57488249,0.01998447,0.01998447,33097,102,0
6038.33492148,6038.33420465,3699.34242686,3699.37843459,0.03565404,661.40883888,0.01998447,0.01998447,33096,102,0
6038.51645724,6038.51667188,3708.51519198,3708.50439349,0.03598941,661.24237371,0.01998447,0.01998447,33095,102,0
6038.69974469,6038.69915014,3717.70332235,3717.73328475,0.06542238,661.07244470,0.01998447,0.01998447,33094,102,0
6038.88092499,6038.88163942,3726.90738832,3726.87132557,0.04326577,660.90261667,0.01998447,0.01998447,33093,102,0
6039.06393283,6039.06413973,3736.12684766,3736.11638733,0.04596535,660.72920793,0.01998447,0.01998447,33092,102,0
6039.24604447,6039.24665108,3745.36099033,3745.33027616,0.03594972,660.55479083,0.01998447,0.01998447,33091,102,0
6039.42902802,6039.42917346,3754.60911534,3754.60174128,0.04353414,660.37767836,0.01998447,0.01998447,33090,102,0
6039.61113883,6039.61170687,3763.87099799,3763.84215466,0.04612038,660.19955657,0.01998447,0.01998447,33089,102,0
6039.79529611,6039.79425131,3773.14696795,3773.20009884,0.06116056,660.01753859,0.01998448,0.01998447,33088,102,0
6039.97724113,6039.97680679,3782.43738879,3782.45950949,0.03872218,659.83582193,0.01998447,0.01998447,33087,102,0
6040.15764300,6040.15937330,0.00000000,3791.64729261,0.03852990,659.65392273,0.01998447,0.01998447,33086,102,1
6040.34101769,6040.34195085,3801.06283964,3801.01516677,0.05804955,659.46682909,0.01998447,0.01998447,33085,102,0
6040.52452238,6040.52453944,3810.39820131,3810.39732803,0.04466624,659.27780137,0.01998447,0.01998447,33084,102,0
6040.70742093,6040.70713907,3819.74882337,3819.76326854,0.05587024,659.08745459,0.01998447,0.01998447,33083,102,0
6040.89002768,6040.88974974,3829.11480389,3829.12907055,0.06116508,658.89546608,0.01998447,0.01998447,33082,102,0
6041.07303205,6041.07237145,3838.49613702,3838.53009917,0.03729325,658.70110149,0.01998447,0.01998447,33081,102,0
6041.25512199,6041.25500420,3847.89279420,3847.89885927,0.04783127,658.50575534,0.01998447,0.01998447,33080,102,0
6041.43780086,6041.43764799,3857.30475386,3857.31263770,0.04677711,658.30781261,0.01998447,0.01998447,33079,102,0
6041.62018908,6041.62030283,3866.73231055,3866.72643452,0.04666577,658.10820746,0.01998447,0.01998447,33078,102,0
6041.80269630,6041.80296871,3876.17618961,3876.16209380,0.05402845,657.90647076,0.01998447,0.01998447,33077,102,0
6041.98467684,6041.98564564,3885.63715391,3885.58693399,0.03868318,657.70329817,0.01998447,0.01998447,33076,102,0
6042.16831563,6042.16833362,3895.11585209,3895.11491802,0.06484708,657.49620824,0.01998447,0.01998447,33075,102,0
6042.35140699,6042.35103264,3904.61185254,3904.63132625,0.05293960,657.28766977,0.01998447,0.01998447,33074,102,0
6042.53383208,6042.53374271,3914.12414775,3914.12880433,0.05648115,657.07785194,0.01998447,0.01998447,33073,102,0
6042.71665004,6042.71646383,3923.65171544,3923.66143186,0.05404969,656.86555550,0.01998447,0.01998447,33072,102,0
6042.89937506,6042.89919601,3933.19412046,3933.20347779,0.05517698,656.65134140,0.01998447,0.01998447,33071,102,0
6043.08230834,6043.08193923,3942.75258702,3942.77190994,0.04708825,656.43481892,0.01998447,0.01998447,33070,102,0
6043.26446357,6043.26469351,3952.32863908,3952.31657906,0.05439581,656.21712201,0.01998447,0.01998447,33069,102,0
6043.44636938,6043.44745884,3961.92372971,3961.86647763,0.07147686,655.99759423,0.01998447,0.01998447,33068,102,0
6043.63008356,6043.63023523,3971.53755145,3971.52956656,0.03995815,655.77372169,0.01998447,0.01998447,33067,102,0
6043.81392311,6043.81302267,3981.16812804,3981.21560651,0.04720590,655.54755792,0.01998448,0.01998447,33066,102,0
6043.99617921,6043.99582117,3990.81339806,3990.83230213,0.06053689,655.32127042,0.01998447,0.01998447,33065,102,0
6044.17825476,6044.17863073,4000.47192659,4000.45204885,0.02376981,655.09317350,0.01998447,0.01998447,33064,102,0
6044.36199680,6044.36145135,4010.14528461,4010.17416943,0.05818738,654.86088324,0.01998447,0.01998447,33063,102,0
6044.54404530,6044.54428302,4019.83593902,4019.82332672,0.06127758,654.62858078,0.01998447,0.01998447,33062,102,0
6044.72640744,6044.72712576,4029.54633835,4029.50814978,0.04923279,654.39366087,0.01998447,0.01998447,33061,102,0
6044.91015491,6044.90997956,4039.27718967,4039.28652989,0.04873966,654.15468377,0.01998447,0.01998447,33060,102,0
6045.09225092,6045.09284443,4049.02688612,4048.99521482,0.05880634,653.91563252,0.01998447,0.01998447,33059,102,0
6045.27611200,6045.27572035,4058.79364584,4058.81457868,0.05165712,653.67205440,0.01998447,0.01998447,33058,102,0
6045.45839629,6045.45860734,4068.57595106,4068.56465372,0.03630183,653.42840210,0.01998447,0.01998447,33057,102,0
6045.64121515,6045.64150540,4078.37397455,4078.35841313,0.05714310,653.18185931,0.01998447,0.01998447,33056,102,0
6045.82427724,6045.82441453,4088.18852686,4088.18115386,0.04757861,652.93277592,0.01998447,0.01998447,33055,102,0
nan,nan,0.00000000,-1.00000000,0.00000000,646.32570477,nan,0.00000000,-2147483648,101,1
6001.52469889,6001.52029353,0.00000000,9.26616574,0.10054201,646.64280136,0.01998448,0.01998446,33299,101,1
6001.69897537,6001.70054265,14.74432520,14.69546015,0.02946587,646.91696353,0.01998446,0.01998446,33298,101,0
6001.88372986,6001.88080259,0.00000000,20.45988661,0.19125249,647.20745441,0.01998447,0.01998446,33297,101,1
6002.05417021,6002.06107337,0.00000000,25.77805352,0.17113882,647.47491365,0.01998444,0.01998446,33296,101,1
6002.24880847,nan,0.00000000,31.85460797,0.09562370,647.77987554,0.01998449,0.01998446,33295,101,1
6002.42070578,6002.42164741,37.25290218,37.22347603,0.09709944,648.04875489,0.01998446,0.01998446,33294,101,0
6002.60476721,6002.60195068,0.00000000,42.97681383,0.10636943,648.33629937,0.01998447,0.01998446,33293,101,1
6002.77883760,6002.78226478,0.00000000,48.42015147,0.09965483,648.60778887,0.01998445,0.01998446,33292,101,1
6002.96560863,6002.96258971,0.00000000,54.26385254,0.06558438,648.89863895,0.01998447,0.01998446,33291,101,1
6003.13502106,nan,0.00000000,59.56730939,0.05782681,649.16205548,0.01998444,0.01998446,33290,101,1
6003.32275104,6003.32327208,65.46710504,65.45077977,0.05977621,649.45367408,0.01998446,0.01998446,33289,101,0
6003.50288909,6003.50362951,71.11944238,71.09623253,0.04587221,649.73289534,0.01998446,0.01998446,33288,101,0
6003.68957869,6003.68399779,0.00000000,76.94691156,0.19960759,650.02164711,0.01998448,0.01998446,33287,101,1
6003.86450873,6003.86437690,82.43319133,82.43732776,0.08829088,650.29204475,0.01998446,0.01998446,33286,101,0
6004.04144997,6004.04476685,0.00000000,87.98969642,0.15420171,650.56492836,0.01998445,0.01998446,33285,101,1
6004.22101916,6004.22516764,0.00000000,93.62971129,0.00952829,650.84153769,0.01998445,0.01998446,33284,101,1
6004.40378227,6004.40557927,99.42849532,99.37201683,0.04729132,651.12256130,0.01998446,0.01998446,33283,101,0
6004.58811993,6004.58600175,0.00000000,105.16951255,0.06635382,651.40566914,0.01998447,0.01998446,33282,101,1
nan,nan,0.00000000,-1.00000000,0.00000000,651.64108202,nan,0.00000000,-2147483648,101,1
6004.95307622,6004.94687922,0.00000000,116.65483472,0.06839306,651.96469947,0.01998448,0.01998446,33280,101,1
6005.13023247,6005.12733423,0.00000000,122.23467679,0.12838666,652.23541180,0.01998447,0.01998446,33279,101,1
6005.31159940,6005.30780008,0.00000000,127.95030692,0.15168221,652.51211679,0.01998448,0.01998446,33278,101,1
6005.48515844,6005.48827678,0.00000000,133.42288170,0.05210977,652.77649045,0.01998445,0.01998446,33277,101,1
6005.67148122,6005.66876432,0.00000000,139.30119213,0.11038222,653.05984948,0.01998447,0.01998446,33276,101,1
nan,nan,0.00000000,-1.00000000,0.00000000,653.28589329,nan,0.00000000,-2147483648,101,1
6006.02918155,6006.02977196,150.61114523,150.59249215,0.06610271,653.60234943,0.01998446,0.01998446,33274,101,0
6006.21065898,6006.21029205,156.31599269,156.32759170,0.17589777,653.87699660,0.01998446,0.01998446,33273,101,0
6006.39119806,6006.39082300,162.02425377,162.03611623,0.07344645,654.14976866,0.01998446,0.01998446,33272,101,0
6006.57148811,6006.57136480,167.73587718,167.73977935,0.11643282,654.42170810,0.01998446,0.01998446,33271,101,0
6006.75305126,6006.75191745,173.45081158,173.48670872,0.05647357,654.69510345,0.01998447,0.01998446,33270,101,0
6006.92962803,6006.93248096,0.00000000,179.08384051,0.11167776,654.96078693,0.01998445,0.01998446,33269,101,1
6007.10654469,6007.11305532,0.00000000,184.69049531,0.11423170,655.22634303,0.01998444,0.01998446,33268,101,1
6007.29865990,6007.29364054,0.00000000,190.78232887,0.12385641,655.51422198,0.01998448,0.01998446,33267,101,1
6007.47454353,6007.47423661,196.34481417,196.35455331,0.06659545,655.77694643,0.01998446,0.01998446,33266,101,0
6007.65862830,6007.65484355,0.00000000,202.20656415,0.06979774,656.05224578,0.01998448,0.01998446,33265,101,1
6007.83667859,6007.83546134,207.81416721,207.85284106,0.07354714,656.31726771,0.01998447,0.01998446,33264,101,0
6008.01662072,6008.01609000,213.55482542,213.57169809,0.07617903,656.58509673,0.01998446,0.01998446,33263,101,0
6008.19752272,6008.19672951,219.29938559,219.32461821,0.04855832,656.85391210,0.01998447,0.01998446,33262,101,0
6008.37347125,6008.37737989,0.00000000,224.93181271,0.11814522,657.11533046,0.01998445,0.01998446,33261,101,1
6008.56125010,6008.55804113,0.00000000,230.90992253,0.15169421,657.39340255,0.01998447,0.01998446,33260,101,1
6008.73814253,6008.73871324,236.55513081,236.53694556,0.05574603,657.65454123,0.01998446,0.01998446,33259,101,0
6008.92454187,6008.91939621,0.00000000,242.48575026,0.04701341,657.92997769,0.01998448,0.01998446,33258,101,1
6009.09840988,6009.10009005,248.07605730,248.02246519,0.05260290,658.18574707,0.01998446,0.01998446,33257,101,0
6009.28048009,6009.28079475,253.84153711,253.83149507,0.11519215,658.45348783,0.01998446,0.01998446,33256,101,0
6009.46124803,6009.46151033,259.61049473,259.60211913,0.09463073,658.71884174,0.01998446,0.01998446,33255,101,0
6009.64205153,6009.64223677,265.38303644,265.37711826,0.08311947,658.98378145,0.01998446,0.01998446,33254,101,0
6009.82982390,6009.82297408,0.00000000,271.38966999,0.05680400,659.25896520,0.01998449,0.01998446,33253,101,1
6010.00394080,6010.00372226,276.93929913,276.94628977,0.06462173,659.51268838,0.01998446,0.01998446,33252,101,0
6010.18679081,6010.18448132,0.00000000,282.80993041,0.08305453,659.77981244,0.01998447,0.01998446,33251,101,1
6010.36833033,6010.36525125,0.00000000,288.62284591,0.09163947,660.04399911,0.01998447,0.01998446,33250,101,1
6010.54803648,6010.54603205,294.30261957,294.36685460,0.09532848,660.30444127,0.01998447,0.01998446,33249,101,0
6010.72446023,6010.72682373,0.00000000,300.03601545,0.08334832,660.56089238,0.01998446,0.01998446,33248,101,1
6010.91030231,6010.90762629,0.00000000,305.99703549,0.08600185,660.82990603,0.01998447,0.01998446,33247,101,1
6011.08734565,6011.08843972,311.70067632,311.66555175,0.08727749,661.08511071,0.01998446,0.01998446,33246,101,0
6011.26838939,6011.26926403,317.50772104,317.47962423,0.04380501,661.34625212,0.01998446,0.01998446,33245,101,0
6011.44906856,6011.45009922,323.31862297,323.28549395,0.04196493,661.60640219,0.01998446,0.01998446,33244,101,0
6011.62861104,6011.63094529,0.00000000,329.07096217,0.06608241,661.86501887,0.01998446,0.01998446,33243,101,1
6011.81059645,6011.81180224,334.95205342,334.91324801,0.02616949,662.12554806,0.01998446,0.01998446,33242,101,0
6011.99502747,6011.99267007,340.77460954,340.85052294,0.07001176,662.38966732,0.01998447,0.01998446,33241,101,0
6012.17581307,6012.17354879,0.00000000,346.68456797,0.04181333,662.64856019,0.01998447,0.01998446,33240,101,1
6012.35467713,6012.35443839,352.43144390,352.43914116,0.03698841,662.90331053,0.01998446,0.01998446,33239,101,0
6012.53609851,6012.53533887,358.26565574,358.29016210,0.10523326,663.16170339,0.01998447,0.01998446,33238,101,0
6012.71659478,6012.71625025,364.10365685,364.11477822,0.04919788,663.41830205,0.01998447,0.01998447,33237,101,0
6012.89616964,6012.89717250,369.94539080,369.91300038,0.05647314,663.67311548,0.01998446,0.01998447,33236,101,0
6013.07812821,6013.07810565,375.79080092,375.79153013,0.04340837,663.93082415,0.01998446,0.01998447,33235,101,0
6013.26338391,6013.25904968,0.00000000,381.78521331,0.06384786,664.19292372,0.01998448,0.01998447,33234,101,1
6013.44074239,6013.44000461,387.49248763,387.51635644,0.03028788,664.44292186,0.01998447,0.01998447,33233,101,0
6013.62172498,6013.62097042,393.34883235,393.37325812,0.08877897,664.69777875,0.01998447,0.01998447,33232,101,0
6013.80182780,6013.80194713,399.20893587,399.20507058,0.05750364,664.95091416,0.01998446,0.01998447,33231,101,0
6013.98004220,6013.98293473,0.00000000,404.98338859,0.07746090,665.20110780,0.01998446,0.01998447,33230,101,1
6014.16345989,6014.16393323,410.94069777,410.92534794,0.05720928,665.45774348,0.01998446,0.01998447,33229,101,0
6014.34620645,6014.34494262,416.81249327,416.85350368,0.07886335,665.71313283,0.01998447,0.01998447,33228,101,0
6014.52489315,6014.52596290,422.68827841,422.65354431,0.02086921,665.96237435,0.01998446,0.01998447,33227,101,0
6014.70664715,6014.70699408,428.56804328,428.55677170,0.09488295,666.21541169,0.01998446,0.01998447,33226,101,0
6014.88570927,6014.88803616,0.00000000,434.37836069,0.03734676,666.46431893,0.01998446,0.01998447,33225,101,1
6015.06995651,6015.06908914,440.33946862,440.36768358,0.07928352,666.71974409,0.01998447,0.01998447,33224,101,0
6015.25154095,6015.25015302,446.23110717,446.27628281,0.06637408,666.97107700,0.01998447,0.01998447,33223,101,0
6015.42962758,6015.43122780,452.12668258,452.07456565,0.07167044,667.21709009,0.01998446,0.01998447,33222,101,0
6015.61228636,6015.61231348,458.02619344,458.02530985,0.05493272,667.46892576,0.01998447,0.01998447,33221,101,0
6015.79476725,6015.79341006,463.92964287,463.97389850,0.05745795,667.72001599,0.01998447,0.01998447,33220,101,0
6015.97459461,6015.97451755,469.83703406,469.83954834,0.08149230,667.96696488,0.01998447,0.01998447,33219,101,0
6016.15544783,6016.15563594,475.74837019,475.74222884,0.05562945,668.21483073,0.01998447,0.01998447,33218,101,0
6016.33653752,6016.33676524,481.66365445,481.65621547,0.04609823,668.46252540,0.01998447,0.01998447,33217,101,0
6016.51835288,6016.51790544,487.58287948,487.59750505,0.03636146,668.71071251,0.01998447,0.01998447,33216,101,0
6016.69738611,6016.69905655,493.50598359,493.45134923,0.06208733,668.95460847,0.01998446,0.01998447,33215,101,0
6016.88094373,6016.88021857,499.43288745,499.45661867,0.05778849,669.20415509,0.01998447,0.01998447,33214,101,0
6017.06191736,6017.06139150,505.36351138,505.38073008,0.02722463,669.44967589,0.01998447,0.01998447,33213,101,0
6017.24433549,6017.24257534,511.29777541,511.35544082,0.04349013,669.69663650,0.01998447,0.01998447,33212,101,0
6017.42539805,6017.42377010,517.23559928,517.28896214,0.09312435,669.94124131,0.01998447,0.01998447,33211,101,0
6017.60377473,6017.60497576,523.17697533,523.13758502,0.04337971,670.18170913,0.01998446,0.01998447,33210,101,0
6017.78659719,6017.78619234,529.12210414,529.13538995,0.04639406,670.42765366,0.01998447,0.01998447,33209,101,0
6017.96886312,6017.96741983,535.07122402,535.11861785,0.03277848,670.67233762,0.01998447,0.01998447,33208,101,0
6018.14983443,6018.14865824,541.02457423,541.06322309,0.04260151,670.91478644,0.01998447,0.01998447,33207,101,0
6018.33192765,6018.32990757,0.00000000,547.04858405,0.05640613,671.15823719,0.01998447,0.01998447,33206,101,1
6018.50963130,6018.51116781,552.94492437,552.89436246,0.02315638,671.39537094,0.01998446,0.01998447,33205,101,0
6018.69193123,6018.69243897,558.91220645,558.89548636,0.03630015,671.63814880,0.01998447,0.01998447,33204,101,0
6018.87263400,6018.87372105,564.88398337,564.84816223,0.05116017,671.87830860,0.01998446,0.01998447,33203,101,0
6019.05717948,6019.05501405,0.00000000,570.92786762,0.06825101,672.12291684,0.01998447,0.01998447,33202,101,1
6019.23765704,6019.23631797,576.83988072,576.88405939,0.04022490,672.36189266,0.01998447,0.01998447,33201,101,0
6019.41752505,6019.41763282,582.82342769,582.81987039,0.05300727,672.59939787,0.01998447,0.01998447,33200,101,0
6019.59751586,6019.59895859,588.81034067,588.76269394,0.06732815,672.83653073,0.01998446,0.01998447,33199,101,0
6019.78017224,6019.78029528,594.80064771,594.79658195,0.02482091,673.07662884,0.01998447,0.01998447,33198,101,0
6019.96174755,6019.96164290,600.79462330,600.79808341,0.05631860,673.31477009,0.01998447,0.01998447,33197,101,0
6020.14263703,6020.14300144,606.79255037,606.78049467,0.06508582,673.55149065,0.01998447,0.01998447,33196,101,0
6020.32451813,6020.32437092,612.79471300,612.79958645,0.04059018,673.78899438,0.01998447,0.01998447,33195,101,0
6020.50654616,6020.50575132,618.80139644,618.82772848,0.05675320,674.02618339,0.01998447,0.01998447,33194,101,0
6020.68751844,6020.68714265,624.81283463,624.82529338,0.05382214,674.26150202,0.01998447,0.01998447,33193,101,0
6020.86841756,6020.86854491,630.82892014,630.82469541,0.03149325,674.49622684,0.01998447,0.01998447,33192,101,0
6021.05104297,6021.04995810,636.84940788,636.88542273,0.04265347,674.73267473,0.01998447,0.01998447,33191,101,0
6021.23269151,6021.23138222,642.87405137,642.91754261,0.03448226,674.96733164,0.01998447,0.01998447,33190,101,0
6021.41180363,6021.41281728,648.90260308,648.86891307,0.05101652,675.19818742,0.01998446,0.01998447,33189,101,0
6021.59395289,6021.59426327,654.93481464,654.92449330,0.02773461,675.43241275,0.01998447,0.01998447,33188,101,0
6021.77673024,6021.77572020,660.97056310,661.00416904,0.03455748,675.66688738,0.01998447,0.01998447,33187,101,0
6021.95887499,6021.95718806,667.01007273,667.06623280,0.02844948,675.90000166,0.01998447,0.01998447,33186,101,0
6022.13819044,6022.13866686,673.05362794,673.03775711,0.06407328,676.12896931,0.01998447,0.01998447,33185,101,0
6022.32010094,6022.32015660,679.10151435,679.09965884,0.06132923,676.36072726,0.01998447,0.01998447,33184,101,0
6022.50086379,6022.50165728,685.15401876,685.12754850,0.05446562,676.59051044,0.01998446,0.01998447,33183,101,0
6022.68213100,6022.68316890,691.21142138,691.17677146,0.03621534,676.82043070,0.01998446,0.01998447,33182,101,0
6022.86404025,6022.86469146,697.27375720,697.25200083,0.04500068,677.05065769,0.01998446,0.01998447,33181,101,0
6023.04586160,6023.04622496,703.34077043,703.32862254,0.06349143,677.28025400,0.01998447,0.01998447,33180,101,0
6023.22702855,6023.22776941,709.41218743,709.38740293,0.05424110,677.50849566,0.01998446,0.01998447,33179,101,0
6023.40807282,6023.40932480,715.48773340,715.44582516,0.06543699,677.73604433,0.01998446,0.01998447,33178,101,0
6023.59209542,6023.59089113,721.56713237,721.60746645,0.08170099,677.96677284,0.01998447,0.01998447,33177,101,0
6023.77229500,6023.77246841,727.65014600,727.64433483,0.04760092,678.19214743,0.01998447,0.01998447,33176,101,0
6023.95417979,6023.95405664,733.73685224,733.74098114,0.06720040,678.41906894,0.01998447,0.01998447,33175,101,0
6024.13554054,6024.13565582,739.82748450,739.82361703,0.05591595,678.64478317,0.01998447,0.01998447,33174,101,0
6024.31772232,6024.31726595,745.92227824,745.93759902,0.05149521,678.87097024,0.01998447,0.01998447,33173,101,0
6024.49939535,6024.49888702,752.02146991,752.03854661,0.02269433,679.09598518,0.01998447,0.01998447,33172,101,0
6024.67991901,6024.68051905,758.12529685,758.10512517,0.06701338,679.31904913,0.01998446,0.01998447,33171,101,0
6024.86086137,6024.86216203,764.23391539,764.19015886,0.05739891,679.54210705,0.01998446,0.01998447,33170,101,0
6025.04469869,6025.04381596,770.34725516,770.37697294,0.08430839,679.76819296,0.01998447,0.01998447,33169,101,0
6025.22551204,6025.22548085,776.46520640,776.46625729,0.05739117,679.99002267,0.01998447,0.01998447,33168,101,0
6025.40858873,6025.40715669,782.58765886,782.63593462,0.06029757,680.21408073,0.01998447,0.01998447,33167,101,0
6025.58929321,6025.58884349,788.71450180,788.72967244,0.05346093,680.43468900,0.01998447,0.01998447,33166,101,0
6025.77026447,6025.77054124,794.84562759,794.83628548,0.04987883,680.65507349,0.01998447,0.01998447,33165,101,0
6025.95190220,6025.95224995,800.98100948,800.96926378,0.04505805,680.87571435,0.01998447,0.01998447,33164,101,0
6026.13324048,6026.13396963,807.12070176,807.09605844,0.04855519,681.09543717,0.01998446,0.01998447,33163,101,0
6026.31533642,6026.31570026,813.26476242,813.25245734,0.04986334,681.31552136,0.01998447,0.01998447,33162,101,0
6026.49756475,6026.49744185,819.41324971,819.41740873,0.07112235,681.53520781,0.01998447,0.01998447,33161,101,0
6026.67918863,6026.67919441,825.56622210,825.56602634,0.07155786,681.75361102,0.01998447,0.01998447,33160,101,0
6026.86157749,6026.86095793,831.72373024,831.74472605,0.04866256,681.97237732,0.01998447,0.01998447,33159,101,0
6027.04336540,6027.04273241,837.88578139,837.90724655,0.04718815,682.18986638,0.01998447,0.01998447,33158,101,0
6027.22430048,6027.22451786,844.05236820,844.04499167,0.04226539,682.40578179,0.01998447,0.01998447,33157,101,0
6027.40561373,6027.40631427,850.22348330,850.19969529,0.06871857,682.62159300,0.01998446,0.01998447,33156,101,0
6027.58804143,6027.58812165,856.39911927,856.39639339,0.07253504,682.83816776,0.01998447,0.01998447,33155,101,0
6027.76991679,6027.76994000,862.57926945,862.57848010,0.07266866,683.05352299,0.01998447,0.01998447,33154,101,0
6027.95342742,6027.95176932,868.76397920,868.82039703,0.04354842,683.27024404,0.01998447,0.01998447,33153,101,0
6028.13297033,6028.13360961,874.95337675,874.93160965,0.03298035,683.48172767,0.01998447,0.01998447,33152,101,0
6028.31614825,6028.31546087,881.14759822,881.17102056,0.03797110,683.69693382,0.01998447,0.01998447,33151,101,0
6028.49691796,6028.49732310,887.34678031,887.33296514,0.05060436,683.90876012,0.01998447,0.01998447,33150,101,0
6028.67808379,6028.67919630,893.55106035,893.51309435,0.07655715,684.12050488,0.01998446,0.01998447,33149,101,0
6028.86019836,6028.86108048,899.76054416,899.73041722,0.04181591,684.33280986,0.01998446,0.01998447,33148,101,0
6029.04279708,6029.04297563,905.97507646,905.96897378,0.02870359,684.54511996,0.01998447,0.01998447,33147,101,0
6029.22394608,6029.22488176,912.19437365,912.16237241,0.02851737,684.75517986,0.01998447,0.01998447,33146,101,0
6029.40692258,6029.40679887,918.41815001,918.42238373,0.05568258,684.96677671,0.01998447,0.01998447,33145,101,0
6029.58917260,6029.58872695,924.64611853,924.66137893,0.04555696,685.17694064,0.01998447,0.01998447,33144,101,0
6029.77156077,6029.77066602,930.87799225,930.90864801,0.04142857,685.38666047,0.01998447,0.01998447,33143,101,0
6029.95228924,6029.95261606,937.11366519,937.10246137,0.04892731,685.59387176,0.01998447,0.01998447,33142,101,0
6030.13428041,6030.13457709,943.35339725,943.34322064,0.05464991,685.80193451,0.01998447,0.01998447,33141,101,0
6030.31638973,6030.31654909,949.59749339,949.59202323,0.05965376,686.00954218,0.01998447,0.01998447,33140,101,0
6030.49855481,6030.49853208,955.84625992,955.84704071,0.04383716,686.21663154,0.01998447,0.01998447,33139,101,0
6030.68057267,6030.68052605,962.10000450,962.10160681,0.04053001,686.42298086,0.01998447,0.01998447,33138,101,0
6030.86385085,6030.86253101,968.35900108,968.40440723,0.05864213,686.63018801,0.01998447,0.01998447,33137,101,0
6031.04444746,6031.04454696,974.62319598,974.61977056,0.04270109,686.83379955,0.01998447,0.01998447,33136,101,0
6031.22755381,6031.22657389,980.89235539,980.92611666,0.03080791,687.03965975,0.01998447,0.01998447,33135,101,0
6031.40844451,6031.40861181,987.16624264,987.16047506,0.04580106,687.24244541,0.01998447,0.01998447,33134,101,0
6031.59069636,6031.59066071,993.44461994,993.44584973,0.05407706,687.44616112,0.01998447,0.01998447,33133,101,0
6031.77199963,6031.77272061,999.72724945,999.70236211,0.04109244,687.64821405,0.01998447,0.01998447,33132,101,0
6031.95499770,6031.95479150,1006.01402299,1006.02114523,0.03317596,687.85154148,0.01998447,0.01998447,33131,101,0
6032.13690745,6032.13687338,1012.30509225,1012.30626968,0.05431962,688.05305153,0.01998447,0.01998447,33130,101,0
6032.31846694,6032.31896626,1018.60064039,1018.58337158,0.06025257,688.25357343,0.01998447,0.01998447,33129,101,0
6032.50091565,6032.50107012,1024.90085138,1024.89550534,0.05317324,688.45447778,0.01998447,0.01998447,33128,101,0
6032.68344020,6032.68318499,1031.20591005,1031.21474904,0.04979274,688.65486849,0.01998447,0.01998447,33127,101,0
6032.86579146,6032.86531084,1037.51597931,1037.53263737,0.04997353,688.85447607,0.01998447,0.01998447,33126,101,0
6033.04627848,6033.04744770,1043.83104168,1043.79048779,0.05270881,689.05145725,0.01998447,0.01998447,33125,101,0
6033.22979565,6033.22959555,1050.15099294,1050.15793816,0.04196532,689.25114306,0.01998447,0.01998447,33124,101,0
6033.41249916,6033.41175440,1056.47572785,1056.50159551,0.05181944,689.44933514,0.01998447,0.01998447,33123,101,0
6033.59419710,6033.59392426,1062.80514070,1062.81462381,0.03658648,689.64582950,0.01998447,0.01998447,33122,101,0
6033.77559987,6033.77610511,1069.13912621,1069.12155469,0.02688935,689.84139612,0.01998447,0.01998447,33121,101,0
6033.95769464,6033.95829697,1075.47763615,1075.45667425,0.06733550,690.03709426,0.01998447,0.01998447,33120,101,0
6034.14107319,6034.14049982,1081.82071077,1081.84067812,0.03178781,690.23354961,0.01998447,0.01998447,33119,101,0
6034.32230913,6034.32271368,1088.16839811,1088.15430014,0.04173477,690.42709576,0.01998447,0.01998447,33118,101,0
6034.50491919,6034.50493855,1094.52074639,1094.52007133,0.05653414,690.62149214,0.01998447,0.01998447,33117,101,0
6034.68784459,6034.68717442,1100.87780406,1100.90118993,0.04506818,690.81560296,0.01998447,0.01998447,33116,101,0
6034.86954643,6034.86942130,1107.23963703,1107.24400648,0.04985290,691.00780028,0.01998447,0.01998447,33115,101,0
6035.05177856,6035.05167919,1113.60640027,1113.60987286,0.05844541,691.19994584,0.01998447,0.01998447,33114,101,0
6035.23348528,6035.23394809,1119.97827802,1119.96209279,0.03881152,691.39093031,0.01998447,0.01998447,33113,101,0
6035.41655770,6035.41622799,1126.35545536,1126.36699478,0.05768364,691.58274099,0.01998447,0.01998447,33112,101,0
6035.59880491,6035.59851891,1132.73811825,1132.74813619,0.03645901,691.77308346,0.01998447,0.01998447,33111,101,0
6035.78032370,6035.78082084,1139.12644232,1139.10901417,0.03498689,691.96206983,0.01998447,0.01998447,33110,101,0
6035.96321789,6035.96313378,1145.52036923,1145.52332007,0.05493826,692.15188361,0.01998447,0.01998447,33109,101,0
6036.14517028,6036.14545774,1151.91961699,1151.90952413,0.02558296,692.34010765,0.01998447,0.01998447,33108,101,0
6036.32850589,6036.32779271,1158.32389341,1158.34895176,0.06170692,692.52913438,0.01998447,0.01998447,33107,101,0
6036.51057209,6036.51013869,1164.73290494,1164.74814263,0.05282397,692.71621799,0.01998447,0.01998447,33106,101,0
6036.69179270,6036.69249570,1171.14635693,1171.12162541,0.03270509,692.90179495,0.01998447,0.01998447,33105,101,0
6036.87514849,6036.87486372,1177.56410585,1177.57413032,0.05720063,693.08890519,0.01998447,0.01998447,33104,101,0
6037.05702215,6037.05724276,1183.98640506,1183.97863379,0.03818363,693.27385971,0.01998447,0.01998447,33103,101,0
6037.23983517,6037.23963282,1190.41357307,1190.42070615,0.05105423,693.45913153,0.01998447,0.01998447,33102,101,0
6037.42180894,6037.42203390,1196.84592988,1196.83799343,0.02787547,693.64292508,0.01998447,0.01998447,33101,101,0
6037.60384551,6037.60444600,1203.28379702,1203.26259506,0.05088861,693.82616279,0.01998447,0.01998447,33100,101,0
6037.78650972,6037.78686913,1209.72745325,1209.71475254,0.06770323,694.00941573,0.01998447,0.01998447,33099,101,0
6037.96883475,6037.96930328,1216.17684496,1216.16027480,0.01472273,694.19170904,0.01998447,0.01998447,33098,101,0
6038.15229716,6038.15174845,1222.63176594,1222.65118689,0.04933583,694.37450711,0.01998447,0.01998447,33097,101,0
6038.33388804,6038.33420465,1229.09200826,1229.08079380,0.01428394,694.55480803,0.01998447,0.01998447,33096,101,0
6038.51680153,6038.51667188,1235.55736296,1235.56195833,0.07468825,694.73577847,0.01998447,0.01998447,33095,101,0
6038.69912830,6038.69915014,1242.02762565,1242.02685109,0.01951914,694.91551810,0.01998447,0.01998447,33094,101,0
6038.88122710,6038.88163942,1248.50274253,1248.48810731,0.05675314,695.09438177,0.01998447,0.01998447,33093,101,0
6039.06426759,6039.06413973,1254.98282579,1254.98736707,0.03207702,695.27351598,0.01998447,0.01998447,33092,101,0
6039.24635530,6039.24665108,1261.46799663,1261.45748298,0.05428873,695.45106838,0.01998447,0.01998447,33091,101,0
6039.42843510,6039.42917346,1267.95837681,1267.93211162,0.02534947,695.62796701,0.01998447,0.01998447,33090,101,0
6039.61208631,6039.61170687,1274.45408858,1274.46759681,0.05121893,695.80573944,0.01998447,0.01998447,33089,101,0
6039.79407322,6039.79425131,1280.95521365,1280.94886863,0.02514577,695.98125443,0.01998447,0.01998447,33088,101,0
6039.97667712,6039.97680679,1287.46173103,1287.45710776,0.05643896,696.15671530,0.01998447,0.01998447,33087,101,0
6040.15955958,6040.15937330,1293.97360366,1293.98025059,0.02785978,696.33178923,0.01998447,0.01998447,33086,101,0
6040.34145403,6040.34195085,1300.49079431,1300.47305330,0.05049054,696.50526469,0.01998447,0.01998447,33085,101,0
6040.52450471,6040.52453944,1307.01326557,1307.01202439,0.03635002,696.67918296,0.01998447,0.01998447,33084,101,0
6040.70660361,6040.70713907,1313.54097848,1313.52182940,0.06283527,696.85153726,0.01998447,0.01998447,33083,101,0
6040.88988551,6040.88974974,1320.07388610,1320.07874525,0.02914626,697.02434383,0.01998447,0.01998447,33082,101,0
6041.07206739,6041.07237145,1326.61193845,1326.60104890,0.05060402,697.19544658,0.01998447,0.01998447,33081,101,0
6041.25467648,6041.25500420,1333.15508527,1333.14334000,0.03325243,697.36628050,0.01998447,0.01998447,33080,101,0
6041.43726658,6041.43764799,1339.70327603,1339.68959675,0.06247760,697.53642285,0.01998447,0.01998447,33079,101,0
6041.62016558,6041.62030283,1346.25646906,1346.25154325,0.04517866,697.70617474,0.01998447,0.01998447,33078,101,0
6041.80253687,6041.80296871,1352.81475130,1352.79924097,0.05558038,697.87476142,0.01998447,0.01998447,33077,101,0
6041.98612011,6041.98564564,1359.37830589,1359.39536007,0.05713175,698.04379022,0.01998447,0.01998447,33076,101,0
6042.16835030,6042.16833362,1365.94731911,1365.94791940,0.03358816,698.21090318,0.01998447,0.01998447,33075,101,0
6042.35105094,6042.35103264,1372.52197817,1372.52263701,0.06105943,698.37778024,0.01998447,0.01998447,33074,101,0
6042.53374594,6042.53374271,1379.10246818,1379.10258460,0.03420501,698.54398669,0.01998447,0.01998447,33073,101,0
6042.71608441,6042.71646383,1385.68883956,1385.67515737,0.06858226,698.70920455,0.01998447,0.01998447,33072,101,0
6042.89911686,6042.89919601,1392.28095464,1392.27809810,0.06866250,698.87437832,0.01998447,0.01998447,33071,101,0
6043.08253546,6043.08193923,1398.87866121,1398.90019559,0.03236465,699.03921845,0.01998447,0.01998447,33070,101,0
6043.26500144,6043.26469351,1405.48180624,1405.49293637,0.05467653,699.20251917,0.01998447,0.01998447,33069,101,0
6043.44771006,6043.44745884,1412.09023608,1412.09932302,0.02682602,699.36534854,0.01998447,0.01998447,33068,101,0
6043.63017478,6043.63023523,1418.70384117,1418.70165320,0.06054548,699.52726847,0.01998447,0.01998447,33067,101,0
6043.81362506,6043.81302267,1425.32262397,1425.34444436,0.04582987,699.68936399,0.01998447,0.01998447,33066,101,0
6043.99590580,6043.99582117,1431.94660430,1431.94967187,0.01761904,699.84973064,0.01998447,0.01998447,33065,101,0
6044.17842919,6044.17863073,1438.57580206,1438.56849110,0.05557822,700.00961481,0.01998447,0.01998447,33064,101,0
6044.36168970,6044.36145135,1445.21023725,1445.21889009,0.06062956,700.16944267,0.01998447,0.01998447,33063,101,0
6044.54441162,6044.54428302,1451.84997271,1451.85464456,0.02992758,700.32810018,0.01998447,0.01998447,33062,101,0
6044.72702086,6044.72712576,1458.49526153,1458.49144755,0.05589889,700.48596505,0.01998447,0.01998447,33061,101,0
6044.90986893,6044.90997956,1465.14641077,1465.14238483,0.02342740,700.64334573,0.01998447,0.01998447,33060,101,0
6045.09236331,6045.09284443,1471.80372903,1471.78620570,0.05351894,700.79973804,0.01998447,0.01998447,33059,101,0
6045.27558527,6045.27572035,1478.46752646,1478.46260172,0.04992516,700.95607159,0.01998447,0.01998447,33058,101,0
6045.45839373,6045.45860734,1485.13804852,1485.13025351,0.03469211,701.11137440,0.01998447,0.01998447,33057,101,0
6045.64123992,6045.64150540,1491.81504265,1491.80534647,0.06125353,701.26602369,0.01998447,0.01998447,33056,101,0
6045.82472176,6045.82441453,1498.49802754,1498.50925743,0.05255586,701.42050797,0.01998447,0.01998447,33055,101,0
6046.00825406,6046.00733472,1505.18651822,1505.22014600,0.06474450,701.57431726,0.01998448,0.01998447,33054,101,0
6046.18996251,6046.19026598,1511.88002723,1511.86891942,0.02079468,701.72587825,0.01998447,0.01998447,33053,101,0
6046.37310417,6046.37320831,1518.57810640,1518.57429212,0.05024164,701.87789810,0.01998447,0.01998447,33052,101,0
6046.55638286,6046.55616172,1525.28082998,1525.28893449,0.05682753,702.02929149,0.01998447,0.01998447,33051,101,0
6046.73920267,6046.73912619,1531.98863069,1531.99143535,0.02759640,702.17957620,0.01998447,0.01998447,33050,101,0
6046.92178367,6046.92210174,1538.70195038,1538.69027575,0.05396397,702.32894533,0.01998447,0.01998447,33049,101,0
6047.10527063,6047.10508836,1545.42123314,1545.42792900,0.04611838,702.47833936,0.01998447,0.01998447,33048,101,0
6047.28814437,6047.28808606,1552.14690931,1552.14905346,0.05929965,702.62652702,0.01998447,0.01998447,33047,101,0
6047.47125711,6047.47109483,1558.87907409,1558.88504622,0.03030885,702.77420084,0.01998447,0.01998447,33046,101,0
6047.65375773,6047.65411468,1565.61750269,1565.60435481,0.04502179,702.92066944,0.01998447,0.01998447,33045,101,0
6047.83683727,6047.83714561,1572.36195647,1572.35058990,0.05680595,703.06688151,0.01998447,0.01998447,33044,101,0
6048.02047314,6048.02018762,1579.11219552,1579.12272911,0.02816612,703.21280495,0.01998447,0.01998447,33043,101,0
6048.20216417,6048.20324071,1585.86798370,1585.82823819,0.06437510,703.35645351,0.01998447,0.01998447,33042,101,0
6048.38669528,6048.38630488,1592.62926097,1592.64368555,0.03878784,703.50160156,0.01998447,0.01998447,33041,101,0
6048.56989316,6048.56938013,1599.39618779,1599.41515837,0.04091877,703.64495877,0.01998447,0.01998447,33040,101,0
6048.75336171,6048.75246646,1606.16893925,1606.20206981,0.06500759,703.78778837,0.01998448,0.01998447,33039,101,0
6048.93559434,6048.93556388,1612.94769133,1612.94881960,0.01476073,703.92892491,0.01998447,0.01998447,33038,101,0
6049.11808784,6049.11867238,1619.73261917,1619.71095012,0.04259148,704.06953494,0.01998447,0.01998447,33037,101,0
6049.30178387,6049.30179197,1626.52379416,1626.52349352,0.03784702,704.21033449,0.01998447,0.01998447,33036,101,0
6049.48540443,6049.48492265,1633.32112677,1633.33901681,0.04327485,704.35033311,0.01998447,0.01998447,33035,101,0
6049.66760661,6049.66806441,1640.12451321,1640.10749952,0.03333094,704.48851167,0.01998447,0.01998447,33034,101,0
6049.85063734,6049.85121727,1646.93384910,1646.91227964,0.07424518,704.62657352,0.01998447,0.01998447,33033,101,0
6050.03447732,6050.03438121,1653.74903044,1653.75260774,0.05499893,704.76448984,0.01998447,0.01998447,33032,101,0
6050.21753114,6050.21755625,1660.57003839,1660.56910315,0.04093483,704.90106114,0.01998447,0.01998447,33031,101,0
6050.40081281,6050.40074238,1667.39700870,1667.39963485,0.05423163,705.03704800,0.01998447,0.01998447,33030,101,0
6050.58392813,6050.58393960,1674.23009402,1674.22966602,0.05153563,705.17215843,0.01998447,0.01998447,33029,101,0
6050.76785449,6050.76714791,1681.06944783,1681.09583661,0.06811083,705.30711043,0.01998448,0.01998447,33028,101,0
6050.95073910,6050.95036732,1687.91522366,1687.92912084,0.03540449,705.44054670,0.01998447,0.01998447,33027,101,0
6051.13373225,6051.13359783,1694.76747902,1694.77250825,0.05617160,705.57331104,0.01998447,0.01998447,33026,101,0
6051.31683367,6051.31683943,1701.62607904,1701.62586333,0.05258054,705.70539700,0.01998447,0.01998447,33025,101,0
6051.50023911,6051.50009213,1708.49086534,1708.49637329,0.03549595,705.83693791,0.01998447,0.01998447,33024,101,0
6051.68415935,6051.68335594,1715.36167867,1715.39181202,0.04671863,705.96807454,0.01998448,0.01998447,33023,101,0
6051.86682544,6051.86663084,1722.23835952,1722.24566405,0.05389860,706.09754507,0.01998447,0.01998447,33022,101,0
6052.05042026,6052.04991684,1729.12084353,1729.13975470,0.05894701,706.22689548,0.01998448,0.01998447,33021,101,0
6052.23302409,6052.23321394,1736.00926413,1736.00212646,0.02113456,706.35477400,0.01998447,0.01998447,33020,101,0
6052.41627410,6052.41652215,1742.90377995,1742.89444632,0.06013010,706.48233013,0.01998447,0.01998447,33019,101,0
6052.59986762,6052.59984147,1749.80455044,1749.80553558,0.05592690,706.60934761,0.01998447,0.01998447,33018,101,0
6052.78269983,6052.78317188,1756.71173549,1756.69394242,0.05992150,706.73506537,0.01998447,0.01998447,33017,101,0
6052.96680746,6052.96651341,1763.62543387,1763.63652716,0.04202944,706.86088008,0.01998447,0.01998447,33016,101,0
6053.14993723,6053.14986604,1770.54562026,1770.54830833,0.04679925,706.98524717,0.01998447,0.01998447,33015,101,0
6053.33339182,6053.33322978,1777.47225423,1777.47837793,0.03236012,707.10905240,0.01998447,0.01998447,33014,101,0
6053.51689951,6053.51660463,1784.40529514,1784.41644887,0.03792960,707.23210690,0.01998447,0.01998447,33013,101,0
6053.70020205,6053.69999059,1791.34470210,1791.35270718,0.03887389,707.35423542,0.01998447,0.01998447,33012,101,0
6053.88338326,6053.88338766,1798.29043662,1798.29026983,0.05360639,707.47549292,0.01998447,0.01998447,33011,101,0
6054.06717435,6054.06679584,1805.24246483,1805.25681819,0.05518454,707.59635736,0.01998448,0.01998447,33010,101,0
6054.25035996,6054.25021514,1812.20075316,1812.20624934,0.05179916,707.71602660,0.01998447,0.01998447,33009,101,0
6054.43384437,6054.43364555,1819.16526786,1819.17281970,0.05328425,707.83509050,0.01998447,0.01998447,33008,101,0
6054.61767931,6054.61708708,1826.13597571,1826.15848971,0.05535019,707.95357555,0.01998448,0.01998447,33007,101,0
6054.80114385,6054.80053972,1833.11289227,1833.13587755,0.05919623,708.07101519,0.01998448,0.01998447,33006,101,0
6054.98405014,6054.98400348,1840.09611115,1840.09788772,0.05963380,708.18729461,0.01998447,0.01998447,33005,101,0
6055.16783986,6055.16747836,1847.08573341,1847.09951110,0.05989168,708.30332753,0.01998448,0.01998447,33004,101,0
6055.35178399,6055.35096436,1854.08186068,1854.11312610,0.05731929,708.41864615,0.01998448,0.01998447,33003,101,0
6055.53438086,6055.53446148,1861.08459519,1861.08151700,0.06564642,708.53231619,0.01998447,0.01998447,33002,101,0
6055.71769302,6055.71796972,1868.09404284,1868.08346886,0.06502723,708.64562508,0.01998447,0.01998447,33001,101,0
6055.90164115,6055.90148908,1875.11031408,1875.11613063,0.05508291,708.75851414,0.01998447,0.01998447,33000,101,0
6056.08560291,6056.08501957,1882.13352027,1882.15585357,0.06125437,708.87059636,0.01998448,0.01998447,32999,101,0
6056.26876397,6056.26856118,1889.16377333,1889.17154463,0.05897579,708.98138002,0.01998447,0.01998447,32998,101,0
6056.45198389,6056.45211392,1896.20117733,1896.19618979,0.06165561,709.09138894,0.01998447,0.01998448,32997,101,0
6056.63585791,6056.63567778,1903.24564051,1903.25255617,0.05839117,709.20097169,0.01998448,0.01998448,32996,101,0
6056.81994665,6056.81925277,1910.29687380,1910.32353788,0.04371061,709.30985351,0.01998448,0.01998448,32995,101,0
6057.00369063,6057.00283889,1917.35457788,1917.38733516,0.01917171,709.41769727,0.01998448,0.01998448,32994,101,0
6057.18591075,6057.18643614,1924.41845169,1924.39822963,0.03389137,709.52381676,0.01998447,0.01998448,32993,101,0
6057.37008089,6057.37004452,1931.48822064,1931.48962165,0.04294547,709.63022576,0.01998448,0.01998448,32992,101,0
6057.55379352,6057.55366403,1938.56399703,1938.56898886,0.03721797,709.73552247,0.01998448,0.01998448,32991,101,0
6057.73726938,6057.73729468,1945.64617682,1945.64520066,0.03514069,709.83984179,0.01998448,0.01998448,32990,101,0
6057.92099070,6057.92093645,1952.73516459,1952.73725949,0.04034514,709.94346137,0.01998448,0.01998448,32989,101,0
6058.10424243,6058.10458937,1959.83136727,1959.81795543,0.05456434,710.04598275,0.01998447,0.01998448,32988,101,0
6058.28784732,6058.28825341,1966.93513482,1966.91942004,0.06350168,710.14786931,0.01998447,0.01998448,32987,101,0
6058.47234047,6058.47192860,1974.04632878,1974.06228240,0.07306749,710.24940470,0.01998448,0.01998448,32986,101,0
6058.65620979,6058.65561492,1981.16456772,1981.18763033,0.05491955,710.34974676,0.01998448,0.01998448,32985,101,0
6058.83928643,6058.83931238,1988.28946625,1988.28845918,0.04356323,710.44880517,0.01998448,0.01998448,32984,101,0
6059.02318071,6059.02302098,1995.42063671,1995.42683936,0.03396027,710.54744326,0.01998448,0.01998448,32983,101,0
6059.20669359,6059.20674073,2002.55777018,2002.55593841,0.03521217,710.64500827,0.01998448,0.01998448,32982,101,0
6059.39030249,6059.39047161,2009.70095338,2009.69437553,0.03838355,710.74175502,0.01998448,0.01998448,32981,101,0
6059.57380869,6059.57421363,2016.85039529,2016.83463234,0.05338626,710.83757937,0.01998447,0.01998448,32980,101,0
6059.75839656,6059.75796680,2024.00630615,2024.02304944,0.06376865,710.93309328,0.01998448,0.01998448,32979,101,0
6059.94177040,6059.94173112,2031.16889740,2031.17042897,0.06031415,711.02711013,0.01998448,0.01998448,32978,101,0
6060.12574588,6060.12550658,2038.33838672,2038.34772665,0.04784423,711.12056550,0.01998448,0.01998448,32977,101,0
6060.30911904,6060.30929319,2045.51500712,2045.50820347,0.02350463,711.21284819,0.01998447,0.01998448,32976,101,0
6060.49261686,6060.49309094,2052.69899540,2052.68045600,0.04214395,711.30432774,0.01998447,0.01998448,32975,101,0
6060.67663049,6060.67689985,2059.89058972,2059.88004561,0.05150762,711.39519483,0.01998447,0.01998448,32974,101,0
6060.86013176,6060.86071990,2067.09002704,2067.06698012,0.06064419,711.48494176,0.01998447,0.01998448,32973,101,0
6061.04465130,6061.04455111,2074.29738978,2074.30132003,0.03670261,711.57431157,0.01998447,0.01998448,32972,101,0
6061.22831815,6061.22839346,2081.51251878,2081.50956167,0.02268594,711.66239193,0.01998447,0.01998448,32971,101,0
6061.41271968,6061.41224697,2088.73523308,2088.75381238,0.04229497,711.74993978,0.01998448,0.01998448,32970,101,0
6061.59585184,6061.59611164,2095.96535059,2095.95512965,0.06752299,711.83600247,0.01998447,0.01998448,32969,101,0
6061.78039129,6061.77998746,2103.20269305,2103.21859549,0.04458687,711.92183197,0.01998448,0.01998448,32968,101,0
6061.96356274,6061.96387443,2110.44716523,2110.43488030,0.03187942,712.00613335,0.01998447,0.01998448,32967,101,0
6062.14796419,6062.14777256,2117.69874197,2117.70630160,0.04027705,712.09010029,0.01998448,0.01998448,32966,101,0
6062.33163343,6062.33168185,2124.95740011,2124.95548797,0.05439894,712.17283272,0.01998448,0.01998448,32965,101,0
6062.51636445,6062.51560230,2132.22311632,2132.25323835,0.03901856,712.25513329,0.01998448,0.01998448,32964,101,0
6062.69902173,6062.69953391,2139.49588635,2139.47562499,0.02977949,712.33560983,0.01998447,0.01998448,32963,101,0
6062.88325880,6062.88347668,2146.77583760,2146.76721033,0.04048253,712.41587440,0.01998447,0.01998448,32962,101,0
6063.06717747,6063.06743061,2154.06315346,2154.05312040,0.06195911,712.49508995,0.01998447,0.01998448,32961,101,0
6063.25130479,6063.25139571,2161.35801861,2161.35441168,0.02667333,712.57348344,0.01998448,0.01998448,32960,101,0
6063.43461606,6063.43537197,2168.66061874,2168.63059933,0.02435902,712.65062216,0.01998447,0.01998448,32959,101,0
6063.61918963,6063.61935939,2175.97107623,2175.96432777,0.05530562,712.72737568,0.01998448,0.01998448,32958,101,0
6063.80315396,6063.80335798,2183.28932420,2183.28120557,0.04512686,712.80295715,0.01998448,0.01998448,32957,101,0
6063.98697075,6063.98736774,2190.61526047,2190.59944761,0.03681111,712.87755788,0.01998447,0.01998448,32956,101,0
6064.17121226,6064.17138867,2197.94878224,2197.94174872,0.05926614,712.95140404,0.01998448,0.01998448,32955,101,0
6064.35540703,6064.35542076,2205.28978586,2205.28923792,0.03158881,713.02429986,0.01998448,0.01998448,32954,101,0
6064.53919845,6064.53946403,2212.63815990,2212.62755128,0.03441893,713.09610364,0.01998448,0.01998448,32953,101,0
6064.72306460,6064.72351846,2219.99378315,2219.97563639,0.04743096,713.16700068,0.01998448,0.01998448,32952,101,0
6064.90763615,6064.90758407,2227.35653302,2227.35861712,0.03336961,713.23722423,0.01998448,0.01998448,32951,101,0
6065.09191122,6065.09166085,2234.72628612,2234.73631423,0.03551710,713.30638605,0.01998448,0.01998448,32950,101,0
6065.27550866,6065.27574881,2242.10294421,2242.09331691,0.05816568,713.37434701,0.01998448,0.01998448,32949,101,0
6065.45955536,6065.45984794,2249.48665120,2249.47491112,0.03275558,713.44152465,0.01998448,0.01998448,32948,101,0
6065.64398455,6065.64395825,2256.87768451,2256.87874089,0.05635915,713.50788791,0.01998448,0.01998448,32947,101,0
6065.82829188,6065.82807974,2264.27632463,2264.28485337,0.02516864,713.57325289,0.01998448,0.01998448,32946,101,0
6066.01221158,6066.01221240,2271.68285376,2271.68282091,0.02469586,713.63752879,0.01998448,0.01998448,32945,101,0
6066.19648718,6066.19635624,2279.09748706,2279.10276215,0.06308899,713.70097443,0.01998448,0.01998448,32944,101,0
6066.38093444,6066.38051127,2286.52022106,2286.53728646,0.04232203,713.76351908,0.01998448,0.01998448,32943,101,0
6066.56494603,6066.56467747,2293.95100827,2293.96184939,0.05343573,713.82495529,0.01998448,0.01998448,32942,101,0
6066.74881067,6066.74885486,2301.38980089,2301.38801510,0.02309766,713.88538050,0.01998448,0.01998448,32941,101,0
6066.93307375,6066.93304343,2308.83654920,2308.83777561,0.05454716,713.94496845,0.01998448,0.01998448,32940,101,0
6067.11744817,6067.11724319,2316.29115492,2316.29945457,0.04295180,714.00361837,0.01998448,0.01998448,32939,101,0
6067.30111523,6067.30145413,2323.75346325,2323.73972816,0.03799374,714.06107033,0.01998448,0.01998448,32938,101,0
6067.48561013,6067.48567626,2331.22331523,2331.22063255,0.05191479,714.11779935,0.01998448,0.01998448,32937,101,0
6067.66973953,6067.66990957,2338.70055090,2338.69364663,0.03307791,714.17343070,0.01998448,0.01998448,32936,101,0
6067.85435919,6067.85415408,2346.18506474,2346.19340075,0.05344435,714.22821825,0.01998448,0.01998448,32935,101,0
6068.03794753,6068.03840977,2353.67711786,2353.65831365,0.03352453,714.28171385,0.01998448,0.01998448,32934,101,0
6068.22217969,6068.22267665,2361.17712214,2361.15688452,0.05283225,714.33440862,0.01998448,0.01998448,32933,101,0
6068.40677136,6068.40695473,2368.68549252,2368.67801729,0.03405365,714.38621286,0.01998448,0.01998448,32932,101,0
6068.59078365,6068.59124400,2376.20264467,2376.18385626,0.05477477,714.43686433,0.01998448,0.01998448,32931,101,0
6068.77572874,6068.77554446,2383.72876632,2383.73629592,0.05768382,714.48677414,0.01998448,0.01998448,32930,101,0
6068.95962237,6068.95985612,2391.26359690,2391.25403626,0.04322432,714.53540256,0.01998448,0.01998448,32929,101,0
6069.14471445,6069.14417897,2398.80682226,2398.82874770,0.05124482,714.58333788,0.01998448,0.01998448,32928,101,0
6069.32888602,6069.32851302,2406.35812618,2406.37341383,0.02756388,714.63002378,0.01998448,0.01998448,32927,101,0
6069.51291193,6069.51285826,2413.91721317,2413.91941472,0.05164248,714.67566050,0.01998448,0.01998448,32926,101,0
6069.69690815,6069.69721471,2421.48403417,2421.47144556,0.02260643,714.72027490,0.01998448,0.01998448,32925,101,0
6069.88180017,6069.88158236,2429.05869240,2429.06764551,0.04755347,714.76408172,0.01998448,0.01998448,32924,101,0
6070.06627097,6070.06596120,2436.64129391,2436.65403943,0.02351504,714.80676244,0.01998448,0.01998448,32923,101,0
6070.25031477,6070.25035125,2444.23194556,2444.23044319,0.05958506,714.84832024,0.01998448,0.01998448,32922,101,0
6070.43503266,6070.43475250,2451.83080458,2451.84235548,0.06218539,714.88899930,0.01998448,0.01998448,32921,101,0
6070.61915693,6070.61916496,2459.43815952,2459.43782813,0.03203653,714.92851798,0.01998448,0.01998448,32920,101,0
6070.80376417,6070.80358862,2467.05432185,2467.06157583,0.05529962,714.96710643,0.01998448,0.01998448,32919,101,0
6070.98762878,6070.98802348,2474.67960507,2474.66327703,0.01679497,715.00450864,0.01998448,0.01998448,32918,101,0
6071.17194714,6071.17246956,2482.31429042,2482.29265366,0.05839858,715.04096808,0.01998448,0.01998448,32917,101,0
6071.35694554,6071.35692684,2489.95819494,2489.95897057,0.03493213,715.07651530,0.01998448,0.01998448,32916,101,0
6071.54155917,6071.54139533,2497.61079803,2497.61759870,0.06263560,715.11093715,0.01998448,0.01998448,32915,101,0
6071.72598515,6071.72587503,2505.27156819,2505.27614359,0.04358320,715.14426947,0.01998448,0.01998448,32914,101,0
6071.90958924,6071.91036594,2512.93997063,2512.90767274,0.04166159,715.17640086,0.01998448,0.01998448,32913,101,0
6072.09456669,6072.09486806,2520.61569726,2520.60315368,0.02727890,715.20770644,0.01998448,0.01998448,32912,101,0
6072.27890006,6072.27938140,2528.29906871,2528.27901564,0.05273824,715.23783679,0.01998448,0.01998448,32911,101,0
6072.46354791,6072.46390595,2535.99051476,2535.97558341,0.04097258,715.26694999,0.01998448,0.01998448,32910,101,0
6072.64795349,6072.64844171,2543.69046806,2543.67008562,0.03512520,715.29495594,0.01998448,0.01998448,32909,101,0
6072.83229393,6072.83298869,2551.39933679,2551.37029909,0.05774960,715.32188216,0.01998448,0.01998448,32908,101,0
6073.01754110,6073.01754689,2559.11719880,2559.11695649,0.04419109,715.34785992,0.01998448,0.01998448,32907,101,0
6073.20234533,6073.20211631,2566.84390999,2566.85350268,0.04866607,715.37269176,0.01998448,0.01998448,32906,101,0
6073.38686572,6073.38669694,2574.57932122,2574.58639816,0.02358450,715.39640139,0.01998448,0.01998448,32905,101,0
6073.57116392,6073.57128880,2582.32328265,2582.31804080,0.04846731,715.41899725,0.01998448,0.01998448,32904,101,0
6073.75602669,6073.75589188,2590.07572181,2590.08138624,0.04980620,715.44056911,0.01998448,0.01998448,32903,101,0
6073.94038021,6073.94050618,2597.83673965,2597.83144140,0.04587649,715.46098799,0.01998448,0.01998448,32902,101,0
6074.12506160,6074.12513170,2605.60646117,2605.60350923,0.06427208,715.48034504,0.01998448,0.01998448,32901,101,0
6074.30995632,6074.30976845,2613.38501220,2613.39293140,0.02489593,715.49862016,0.01998448,0.01998448,32900,101,0
6074.49493992,6074.49441642,2621.17252052,2621.19461106,0.04499534,715.51579499,0.01998448,0.01998448,32899,101,0
6074.67871212,6074.67907562,2628.96912411,2628.95376790,0.05024976,715.53175552,0.01998448,0.01998448,32898,101,0
6074.86407699,6074.86374605,2636.77496634,2636.78896281,0.05274987,715.54673837,0.01998448,0.01998448,32897,101,0
6075.04797211,6075.04842771,2644.59019158,2644.57090085,0.03512494,715.56049138,0.01998448,0.01998448,32896,101,0
6075.23246331,6075.23312059,2652.41494297,2652.38708016,0.05485282,715.57317334,0.01998448,0.01998448,32895,101,0
6075.40303164,nan,0.00000000,2659.64023882,0.21596272,715.58392734,0.01998504,0.01998448,32895,101,1
6075.60299215,6075.60254005,2668.09303266,2668.11224151,0.04561090,715.59525204,0.01998448,0.01998448,32893,101,0
6075.78760025,6075.78726663,2675.94613980,2675.96033048,0.03738680,715.60455404,0.01998448,0.01998448,32892,101,0
6075.97236376,6075.97200445,2683.80845868,2683.82375943,0.05266478,715.61272764,0.01998448,0.01998448,32891,101,0
6076.15752576,6076.15675349,2691.67990962,2691.71283120,0.05447164,715.61977460,0.01998448,0.01998448,32890,101,0
6076.34095629,6076.34151378,2699.56059783,2699.53680574,0.02076496,715.62562252,0.01998448,0.01998448,32889,101,0
6076.52598158,6076.52628530,2707.45067833,2707.43770150,0.06948442,715.63037498,0.01998448,0.01998448,32888,101,0
6076.71062516,6076.71106806,2715.35030715,2715.33136195,0.04519007,715.63396612,0.01998448,0.01998448,32887,101,0
6076.89553550,6076.89586205,2723.25962471,2723.24563996,0.05397162,715.63640568,0.01998448,0.01998448,32886,101,0
6077.08081636,6077.08066729,2731.17854016,2731.18493147,0.04460961,715.63768500,0.01998448,0.01998448,32885,101,0
6077.26553546,6077.26548377,2739.10679181,2739.10901044,0.04670865,715.63779546,0.01998448,0.01998448,32884,101,0
6077.45034376,6077.45031148,2747.04411215,2747.04549891,0.05116508,715.63673810,0.01998448,0.01998448,32883,101,0
6077.63516933,6077.63515045,2754.99023410,2754.99104635,0.03673185,715.63450863,0.01998448,0.01998448,32882,101,0
6077.81932322,6077.82000065,2762.94510669,2762.91593870,0.05367582,715.63111800,0.01998448,0.01998448,32881,101,0
6078.00542722,6078.00486210,2770.90907008,2770.93342914,0.03642735,715.62650182,0.01998448,0.01998448,32880,101,0
6078.18921653,6078.18973480,2778.88250759,2778.86014218,0.04578176,715.62076531,0.01998448,0.01998448,32879,101,0
6078.37442954,6078.37461874,2786.86580530,2786.85763079,0.04476452,715.61379602,0.01998448,0.01998448,32878,101,0
6078.55986188,6078.55951393,2794.85928056,2794.87433230,0.03270607,715.60561894,0.01998448,0.01998448,32877,101,0
6078.74515933,6078.74442037,2802.86293203,2802.89493706,0.03557508,715.59624455,0.01998448,0.01998448,32876,101,0
6078.92935482,6078.92933806,2810.87666820,2810.87739499,0.04578481,715.58572965,0.01998448,0.01998448,32875,101,0
6079.11460980,6079.11426701,2818.90039685,2818.91527877,0.04367529,715.57394718,0.01998448,0.01998448,32874,101,0
6079.29938205,6079.29920720,2826.93402903,2826.94162878,0.03834189,715.56098552,0.01998448,0.01998448,32873,101,0
6079.48409373,6079.48415865,2834.97752135,2834.97469666,0.04091643,715.54681632,0.01998448,0.01998448,32872,101,0
6079.66858124,6079.66912135,2843.03085999,2843.00732988,0.04041787,715.53145080,0.01998448,0.01998448,32871,101,0
6079.85421801,6079.85409530,2851.09403148,2851.09938370,0.04018159,715.51476131,0.01998448,0.01998448,32870,101,0
6080.03906007,6080.03908051,2859.16702108,2859.16612838,0.03901318,715.49691495,0.01998448,0.01998448,32869,101,0
6080.22375134,6080.22407698,2867.24976886,2867.23553313,0.04224274,715.47785498,0.01998448,0.01998448,32868,101,0
6080.40913021,6080.40908471,2875.34215489,2875.34414599,0.04342191,715.45748570,0.01998448,0.01998448,32867,101,0
6080.59409191,6080.59410370,2883.44405420,2883.44353778,0.06002576,715.43592204,0.01998448,0.01998448,32866,101,0
6080.77929491,6080.77913394,2891.55534110,2891.56240148,0.06578744,715.41308534,0.01998448,0.01998448,32865,101,0
6080.96471608,6080.96417545,2899.67601644,2899.69975553,0.03866739,715.38896981,0.01998448,0.01998448,32864,101,0
6081.14987129,6081.14922822,2907.80641571,2907.83468572,0.04826534,715.36363384,0.01998448,0.01998448,32863,101,0
6081.33450904,6081.33429226,2915.94693106,2915.95647266,0.04032577,715.33711438,0.01998448,0.01998448,32862,101,0
6081.51956308,6081.51936756,2924.09795758,2924.10657428,0.03890514,715.30927265,0.01998448,0.01998448,32861,101,0
6081.70449379,6081.70445412,2932.25980662,2932.26155723,0.03457110,715.28018122,0.01998448,0.01998448,32860,101,0
6081.88940331,6081.88955195,2940.43234371,2940.42577666,0.05955973,715.24982140,0.01998448,0.01998448,32859,101,0
6082.07473573,6082.07466105,2948.61528883,2948.61859231,0.03905199,715.21811264,0.01998448,0.01998448,32858,101,0
6082.25968632,6082.25978142,2956.80835971,2956.80414869,0.03826196,715.18518888,0.01998448,0.01998448,32857,101,0
6082.44469858,6082.44491305,2965.01130929,2965.00180103,0.02655255,715.15097122,0.01998448,0.01998448,32856,101,0
6082.63003568,6082.63005596,2973.22426296,2973.22336293,0.03841571,715.11540216,0.01998448,0.01998448,32855,101,0
6082.81440061,6082.81521014,2981.44756277,2981.41158689,0.04653650,715.07873159,0.01998448,0.01998448,32854,101,0
6083.00010361,6083.00037559,2989.68155588,2989.66945378,0.06206579,715.04049002,0.01998448,0.01998448,32853,101,0
6083.18543184,6083.18555231,2997.92658082,2997.92121329,0.02947566,715.00101377,0.01998448,0.01998448,32852,101,0
6083.37094608,6083.37074031,3006.18274810,3006.19192781,0.03995382,714.96018001,0.01998448,0.01998448,32851,101,0
6083.55606051,6083.55593959,3014.44995307,3014.45535440,0.06202524,714.91811568,0.01998448,0.01998448,32850,101,0
6083.74099196,6083.74115014,3022.72808195,3022.72100750,0.04580602,714.87477354,0.01998448,0.01998448,32849,101,0
6083.92602937,6083.92637197,3031.01702241,3031.00168126,0.02909749,714.83008260,0.01998448,0.01998448,32848,101,0
6084.11133637,6084.11160508,3039.31677921,3039.30473174,0.04958544,714.78399458,0.01998448,0.01998448,32847,101,0
6084.29634709,6084.29684947,3047.62752565,3047.60497293,0.05555896,714.73664481,0.01998448,0.01998448,32846,101,0
6084.48207617,6084.48210514,3055.94944924,3055.94814700,0.03972159,714.68776311,0.01998448,0.01998448,32845,101,0
6084.66782351,6084.66737209,3064.28273763,3064.30305585,0.05631559,714.63751966,0.01998448,0.01998448,32844,101,0
6084.85289796,6084.85265032,3072.62737745,3072.63853747,0.03851190,714.58610369,0.01998448,0.01998448,32843,101,0
6085.03818478,6085.03793984,3080.98293406,3080.99398628,0.02837258,714.53327211,0.01998448,0.01998448,32842,101,0
6085.22309454,6085.22324065,3089.34891677,3089.34231676,0.05421010,714.47919325,0.01998448,0.01998448,32841,101,0
6085.40921633,6085.40855274,3097.72483122,3097.75484157,0.05828080,714.42339194,0.01998448,0.01998448,32840,101,0
6085.59368784,6085.59387611,3106.11045147,3106.10192773,0.03706513,714.36672838,0.01998448,0.01998448,32839,101,0
6085.77901159,6085.77921078,3114.50633940,3114.49731065,0.05617875,714.30843453,0.01998448,0.01998448,32838,101,0
6085.96382554,6085.96455673,3122.91320356,3122.88001703,0.03476212,714.24892552,0.01998448,0.01998448,32837,101,0
6086.14994617,6086.14991398,3131.33175812,3131.33322155,0.05024875,714.18759742,0.01998448,0.01998448,32836,101,0
6086.33599223,6086.33528251,3139.76253428,3139.79483567,0.04103068,714.12488224,0.01998448,0.01998448,32835,101,0
6086.52088740,6086.52066234,3148.20534413,3148.21560115,0.05576443,714.06115275,0.01998448,0.01998448,32834,101,0
6086.70694547,6086.70605346,3156.65982488,3156.70053016,0.04937399,713.99560876,0.01998448,0.01998448,32833,101,0
6086.89128551,6086.89145587,3165.12561070,3165.11782691,0.04915111,713.92926923,0.01998448,0.01998448,32832,101,0
6087.07579225,6087.07686959,3173.60242413,3173.55313976,0.05551476,713.86147085,0.01998448,0.01998448,32831,101,0
6087.26160693,6087.26229459,3182.09042047,3182.05892223,0.01946084,713.79177127,0.01998448,0.01998448,32830,101,0
6087.44721504,6087.44773090,3190.58988555,3190.56622573,0.05238891,713.72071859,0.01998448,0.01998448,32829,101,0
6087.63267914,6087.63317850,3199.10110750,3199.07817392,0.02957549,713.64828530,0.01998448,0.01998448,32828,101,0
6087.81795736,6087.81863740,3207.62431560,3207.59304150,0.05893302,713.57448436,0.01998448,0.01998448,32827,101,0
6088.00432490,6088.00410761,3216.15940237,3216.16940829,0.03193339,713.49879283,0.01998448,0.01998448,32826,101,0
6088.18965408,6088.18958911,3224.70614281,3224.70913851,0.05309217,713.42207095,0.01998448,0.01998448,32825,101,0
6088.37478142,6088.37508192,3233.26430987,3233.25043687,0.04374894,713.34398389,0.01998448,0.01998448,32824,101,0
6088.56008361,6088.56058603,3241.83373316,3241.81050899,0.05143522,713.26436958,0.01998448,0.01998448,32823,101,0
6088.74592244,6088.74610144,3250.41459395,3250.40630890,0.05066473,713.18305742,0.01998448,0.01998448,32822,101,0
6088.93176761,6088.93162817,3259.00720668,3259.01366929,0.02904439,713.10026481,0.01998448,0.01998448,32821,101,0
6089.11708219,6089.11716619,3267.61188857,3267.60799005,0.05819385,713.01622878,0.01998448,0.01998448,32820,101,0
6089.30287753,6089.30271553,3276.22891954,3276.23644798,0.05270755,712.93048305,0.01998448,0.01998448,32819,101,0
6089.48882058,6089.48827617,3284.85833749,3284.88367235,0.03402989,712.84316776,0.01998448,0.01998448,32818,101,0
6089.67373219,6089.67384813,3293.50008803,3293.49468532,0.03859870,712.75484228,0.01998448,0.01998448,32817,101,0
6089.85932595,6089.85943139,3302.15411607,3302.14919566,0.06000149,712.66468735,0.01998448,0.01998448,32816,101,0
6090.04479663,6090.04502597,3310.82036868,3310.80965238,0.02575212,712.57308233,0.01998448,0.01998448,32815,101,0
6090.23074188,6090.23063186,3319.49880812,3319.50395554,0.04836508,712.47972259,0.01998448,0.01998448,32814,101,0
6090.41627763,6090.41624907,3328.18940194,3328.19074003,0.05035825,712.38504603,0.01998448,0.01998448,32813,101,0
6090.60141370,6090.60187759,3336.89211732,3336.87035484,0.02347945,712.28905247,0.01998448,0.01998448,32812,101,0
6090.78800883,6090.78751742,3345.60697014,3345.63005482,0.06595823,712.19075932,0.01998448,0.01998448,32811,101,0
6090.97346252,6090.97316857,3354.33422932,3354.34805721,0.04872874,712.09152390,0.01998448,0.01998448,32810,101,0
6091.15918909,6091.15883104,3363.07424739,3363.09111420,0.02312351,711.99059047,0.01998448,0.01998448,32809,101,0
6091.34473960,6091.34450483,3371.82737988,3371.83845549,0.04690494,711.88819179,0.01998448,0.01998448,32808,101,0
6091.52995182,6091.53018994,3380.59388509,3380.58263468,0.05333848,711.78441481,0.01998448,0.01998448,32807,101,0
6091.71497403,6091.71588637,3389.37359398,3389.33042791,0.04991395,711.67917907,0.01998448,0.01998448,32806,101,0
6091.90161148,6091.90159413,3398.16622084,3398.16704301,0.05620439,711.57143709,0.01998448,0.01998448,32805,101,0
6092.08704939,6092.08731321,3406.97147742,3406.95896126,0.02912499,711.46280610,0.01998448,0.01998448,32804,101,0
6092.27280551,6092.27304361,3415.78916157,3415.77785019,0.05372506,711.35240503,0.01998448,0.01998448,32803,101,0
6092.45844812,6092.45878533,3424.61936548,3424.60332338,0.03694991,711.24048093,0.01998448,0.01998448,32802,101,0
6092.64471067,6092.64453839,3433.46224376,3433.47045095,0.04383877,711.12657732,0.01998448,0.01998448,32801,101,0
6092.82975729,6092.83030277,3442.31795235,3442.29193048,0.06230330,711.01181668,0.01998448,0.01998448,32800,101,0
6093.01638685,6093.01607848,3451.18665894,3451.20139075,0.06949590,710.89445027,0.01998448,0.01998448,32799,101,0
6093.20167475,6093.20186551,3460.06855834,3460.05943197,0.02672812,710.77630553,0.01998448,0.01998448,32798,101,0
6093.38793434,6093.38766388,3468.96385088,3468.97680874,0.06532457,710.65590338,0.01998448,0.01998448,32797,101,0
6093.57361258,6093.57347358,3477.87273686,3477.87940617,0.04643128,710.53423361,0.01998448,0.01998448,32796,101,0
6093.75903586,6093.75929462,3486.79528194,3486.78284812,0.04233866,710.41108620,0.01998448,0.01998448,32795,101,0
6093.94523601,6093.94512698,3495.73131751,3495.73656401,0.04394103,710.28576492,0.01998448,0.01998448,32794,101,0
6094.13059201,6094.13097069,3504.68065020,3504.66240226,0.04734541,710.15935814,0.01998448,0.01998448,32793,101,0
6094.31724757,6094.31682572,3513.64308469,3513.66344144,0.04425126,710.03039441,0.01998449,0.01998448,32792,101,0
6094.50215070,6094.50269210,3522.61842133,3522.59226017,0.03922253,709.90098526,0.01998448,0.01998448,32791,101,0
6094.68863497,6094.68856981,3531.60645572,3531.60960858,0.06254771,709.76879690,0.01998448,0.01998448,32790,101,0
6094.87427482,6094.87445886,3540.60698134,3540.59806459,0.03586435,709.63553589,0.01998448,0.01998448,32789,101,0
6095.06079855,6095.06035925,3549.61984075,3549.64115325,0.02806799,709.49995756,0.01998449,0.01998448,32788,101,0
6095.24585509,6095.24627098,3558.64558944,3558.62538397,0.05517149,709.36376455,0.01998448,0.01998448,32787,101,0
6095.43184179,6095.43219406,3567.68531387,3567.66817315,0.05069757,709.22517709,0.01998448,0.01998448,32786,101,0
6095.61758124,6095.61812847,3576.74012256,3576.71345043,0.04846681,709.08503933,0.01998448,0.01998448,32785,101,0
6095.80454619,6095.80407424,3585.81092820,3585.83397075,0.06322651,708.94220461,0.01998449,0.01998448,32784,101,0
6095.99032501,6095.99003134,3594.89718522,3594.91154560,0.05564307,708.79851582,0.01998448,0.01998448,32783,101,0
6096.17693357,6096.17599979,3603.99770659,3604.04343406,0.06007509,708.65243066,0.01998449,0.01998448,32782,101,0
6096.36219979,6096.36197959,3613.11129151,3613.12208862,0.04421597,708.50566944,0.01998448,0.01998448,32781,101,0
6096.54841496,6096.54797074,3622.23722007,3622.25903128,0.04293267,708.35642814,0.01998449,0.01998448,32780,101,0
6096.73412921,6096.73397324,3631.37657369,3631.38424332,0.03169195,708.20583877,0.01998448,0.01998448,32779,101,0
6096.91987822,6096.91998708,3640.53085901,3640.52549675,0.03403249,708.05344204,0.01998448,0.01998448,32778,101,0
6097.10542851,6097.10601228,3649.70158762,3649.67278264,0.03325960,707.89939930,0.01998448,0.01998448,32777,101,0
6097.29137564,6097.29204883,3658.88935313,3658.85607747,0.06608350,707.74319518,0.01998448,0.01998448,32776,101,0
6097.47784201,6097.47809674,3668.09302747,3668.08041646,0.05648553,707.58472450,0.01998448,0.01998448,32775,101,0
6097.66477594,6097.66415600,3677.31128453,3677.34202120,0.03618789,707.42403227,0.01998449,0.01998448,32774,101,0
6097.85000760,6097.85022661,3686.54284447,3686.53197110,0.04603907,707.26301720,0.01998448,0.01998448,32773,101,0
6098.03735467,6098.03630858,3695.78760833,3695.83961665,0.06720501,707.09835001,0.01998449,0.01998448,32772,101,0
6098.22244585,6098.22240191,3705.04658461,3705.04877237,0.05007531,706.93385055,0.01998448,0.01998448,32771,101,0
6098.40885929,6098.40850660,3714.32083339,3714.33842396,0.04442235,706.76632641,0.01998449,0.01998448,32770,101,0
6098.59531594,6098.59462265,3723.61126401,3723.64590074,0.06799656,706.59688260,0.01998449,0.01998448,32769,101,0
6098.78035958,6098.78075005,3732.91764888,3732.89810976,0.06913348,706.42685954,0.01998448,0.01998448,32768,101,0
6098.96738961,6098.96688882,3742.23926087,3742.26435881,0.04353177,706.25313088,0.01998449,0.01998448,32767,101,0
6099.15261194,6099.15303896,3751.57536389,3751.55393214,0.03282253,706.07922458,0.01998448,0.01998448,32766,101,0
6099.33996404,6099.33920045,3760.92547330,3760.96385284,0.05564361,705.90144104,0.01998449,0.01998448,32765,101,0
6099.52519285,6099.52537331,3770.28983174,3770.28074797,0.05888299,705.72380461,0.01998449,0.01998448,32764,101,0
6099.71113720,6099.71155754,3779.66881266,3779.64762194,0.03071498,705.54360003,0.01998448,0.01998448,32763,101,0
6099.89805776,6099.89775313,3789.06278935,3789.07817055,0.06346227,705.36053443,0.01998449,0.01998449,32762,101,0
6100.08429813,6100.08396010,3798.47202623,3798.48912108,0.02779759,705.17621294,0.01998449,0.01998449,32761,101,0
6100.26938592,6100.27017843,3807.89666011,3807.85651902,0.04599858,704.99112129,0.01998448,0.01998449,32760,101,0
6100.45598957,6100.45640813,3817.33682177,3817.31558793,0.07602123,704.80257515,0.01998448,0.01998449,32759,101,0
6100.64225400,6100.64264920,3826.79262961,3826.77254867,0.04974756,704.61242054,0.01998448,0.01998449,32758,101,0
6100.82984691,6100.82890164,3836.26410102,3836.31220913,0.06640552,704.41893118,0.01998449,0.01998449,32757,101,0
6101.01474577,6101.01516546,3845.75120683,3845.72981322,0.04159427,704.22627048,0.01998448,0.01998449,32756,101,0
6101.20110733,6101.20144065,3855.25391783,3855.23690021,0.05245282,704.03011955,0.01998448,0.01998449,32755,101,0
6101.38711956,6101.38772722,3864.77241453,3864.74134015,0.06708977,703.83235657,0.01998448,0.01998449,32754,101,0
6101.57502844,6101.57402516,3874.30739624,3874.35878959,0.05812365,703.63054601,0.01998449,0.01998449,32753,101,0
6101.76000064,6101.76033449,3883.85964733,3883.84251530,0.04995773,703.42987086,0.01998448,0.01998449,32752,101,0
6101.94689731,6101.94665519,3893.42990641,3893.44235439,0.03090366,703.22504937,0.01998449,0.01998449,32751,101,0
6102.13366739,6102.13298726,3903.01797224,3903.05299947,0.07430093,703.01829490,0.01998449,0.01998449,32750,101,0
6102.31988170,6102.31933072,3912.62282936,3912.65125188,0.05814347,702.81010709,0.01998449,0.01998449,32749,101,0
6102.50460377,6102.50568556,3922.24342543,3922.18753613,0.05363566,702.60158107,0.01998448,0.01998449,32748,101,0
6102.69175902,6102.69205179,3931.87910278,3931.86395414,0.05056621,702.38827692,0.01998448,0.01998449,32747,101,0
6102.87803825,6102.87842940,3941.53094660,3941.51067333,0.03962389,702.17390915,0.01998448,0.01998449,32746,101,0
6103.06572063,6103.06481839,3951.20052484,3951.24737592,0.06589630,701.95580218,0.01998449,0.01998449,32745,101,0
6103.25216377,6103.25121877,3960.88937825,3960.93854737,0.05796708,701.73697982,0.01998449,0.01998449,32744,101,0
6103.43840402,6103.43763053,3970.59749813,3970.63781690,0.04655027,701.51624134,0.01998449,0.01998449,32743,101,0
6103.62213796,6103.62405368,0.00000000,3980.22324777,0.07149073,701.29639017,0.01998448,0.01998449,32742,101,1
6103.81069386,6103.81048822,3990.06348759,3990.07423888,0.06133728,701.06868385,0.01998449,0.01998449,32741,101,0
6103.99586851,6103.99693415,3999.81761003,3999.76182115,0.04881761,700.84301074,0.01998448,0.01998449,32740,101,0
6104.18403631,6104.18339148,4009.58668665,4009.62049940,0.05001405,700.61157658,0.01998449,0.01998449,32739,101,0
6104.37085700,6104.36986019,4019.37325589,4019.42562194,0.05310559,700.37962348,0.01998449,0.01998449,32738,101,0
6104.55592366,6104.55634030,4029.17985187,4029.15791855,0.07530423,700.14764166,0.01998448,0.01998449,32737,101,0
6104.74403411,6104.74283180,4039.00733582,4039.07075636,0.05294782,699.90956272,0.01998449,0.01998449,32736,101,0
6104.92874976,6104.92933470,4048.85408800,4048.82317782,0.05396016,699.67357022,0.01998448,0.01998449,32735,101,0
6105.11669199,6105.11584899,4058.71827297,4058.76289194,0.05498417,699.43124299,0.01998449,0.01998449,32734,101,0
6105.30295213,6105.30237468,4068.59832085,4068.62893147,0.04131990,699.18891256,0.01998449,0.01998449,32733,101,0
6105.48854624,6105.48891177,4078.49439911,4078.47499184,0.03644185,698.94528578,0.01998449,0.01998449,32732,101,0
6105.67452403,6105.67546025,4088.40734272,4088.35755114,0.05820810,698.69896083,0.01998448,0.01998449,32731,101,0
nan,nan,0.00000000,-1.00000000,0.00000000,692.27104448,nan,0.00000000,-2147483648,100,1
6061.59850892,6061.59611164,0.00000000,10.86026786,0.17433568,692.56858637,0.01998448,0.01998448,32969,100,1
6061.77456942,6061.77998746,0.00000000,16.29576666,0.01456118,692.84398951,0.01998446,0.01998448,32968,100,1
6061.96935435,6061.96387443,0.00000000,22.31267346,0.11534997,693.14820913,0.01998449,0.01998448,32967,100,1
6062.14822906,6062.14777256,27.82727873,27.84139271,0.09815072,693.42715088,0.01998448,0.01998448,32966,100,0
6062.33658725,6062.33168185,0.00000000,33.66603879,0.07165455,693.72040701,0.01998449,0.01998448,32965,100,1
6062.51799163,6062.51560230,0.00000000,39.27894504,0.12348558,694.00240448,0.01998448,0.01998448,32964,100,1
6062.70004981,6062.69953391,44.90178122,44.91775975,0.09089909,694.28511255,0.01998448,0.01998448,32963,100,0
6062.87805991,6062.88347668,0.00000000,50.42902499,0.05913860,694.56085332,0.01998446,0.01998448,32962,100,1
6063.06244526,6063.06743061,0.00000000,56.14348437,0.08482394,694.84616274,0.01998446,0.01998448,32961,100,1
6063.25456281,6063.25139571,0.00000000,62.10095814,0.11899042,695.14295754,0.01998449,0.01998448,32960,100,1
6063.43648538,6063.43537197,67.71624306,67.75079860,0.08440299,695.42381550,0.01998448,0.01998448,32959,100,0
6063.62560799,6063.61935939,0.00000000,73.61667717,0.10686579,695.71478364,0.01998450,0.01998448,32958,100,1
6063.80065038,6063.80335798,0.00000000,79.05376125,0.02951209,695.98390963,0.01998447,0.01998448,32957,100,1
6063.98376174,6063.98736774,0.00000000,84.74456590,0.07990606,696.26500447,0.01998447,0.01998448,32956,100,1
6064.16528125,6064.17138867,0.00000000,90.38901851,0.10422442,696.54321381,0.01998446,0.01998448,32955,100,1
6064.36158522,6064.35542076,0.00000000,96.49670561,0.05124601,696.84358695,0.01998450,0.01998448,32954,100,1
6064.54299906,6064.53946403,0.00000000,102.14435251,0.02453484,697.12071717,0.01998449,0.01998448,32953,100,1
6064.72422168,6064.72351846,107.76645287,107.78836025,0.10894284,697.39707525,0.01998448,0.01998448,32952,100,0
6064.90999049,6064.90758407,0.00000000,113.57881706,0.06323237,697.67998752,0.01998449,0.01998448,32951,100,1
6065.09206381,6065.09166085,119.24214469,119.25471294,0.07859578,697.95669639,0.01998448,0.01998448,32950,100,0
6065.27122961,6065.27574881,0.00000000,124.84657350,0.06790184,698.22872160,0.01998446,0.01998448,32949,100,1
6065.45884214,6065.45984794,130.73285661,130.70144829,0.09481947,698.51291742,0.01998447,0.01998448,32948,100,0
6065.64097614,6065.64395825,0.00000000,136.39260242,0.14139362,698.78855428,0.01998447,0.01998448,32947,100,1
6065.83153871,6065.82807974,0.00000000,142.34839195,0.07942064,699.07636212,0.01998449,0.01998448,32946,100,1
6066.01516094,6066.01221240,0.00000000,148.09057080,0.09525705,699.35322188,0.01998449,0.01998448,32945,100,1
6066.19492517,6066.19635624,153.75823887,153.71344929,0.14164868,699.62373448,0.01998447,0.01998448,32944,100,0
6066.38141119,6066.38051127,159.52347957,159.55166074,0.08058993,699.90398350,0.01998448,0.01998448,32943,100,0
6066.56431442,6066.56467747,165.29217373,165.28079883,0.01538746,700.17837963,0.01998448,0.01998448,32942,100,0
6066.74815437,6066.74885486,171.06426835,171.04230927,0.06864737,700.45370976,0.01998448,0.01998448,32941,100,0
6066.93215626,6066.93304343,176.83972333,176.81189754,0.09928764,700.72880642,0.01998447,0.01998448,32940,100,0
6067.11771686,6067.11724319,182.61861313,182.63347758,0.10909874,701.00575378,0.01998448,0.01998448,32939,100,0
6067.30236696,6067.30145413,188.40107183,188.42973433,0.07639228,701.28086943,0.01998448,0.01998448,32938,100,0
6067.48063774,6067.48567626,0.00000000,194.03534049,0.11382289,701.54634089,0.01998446,0.01998448,32937,100,1
6067.66950375,6067.66990957,199.97723686,199.96447908,0.11571161,701.82649750,0.01998448,0.01998448,32936,100,0
6067.85343991,6067.85415408,205.77121490,205.74874918,0.10427637,702.09917815,0.01998447,0.01998448,32935,100,0
6068.03822289,6068.03840977,211.56928160,211.56339895,0.05565880,702.37266304,0.01998448,0.01998448,32934,100,0
6068.22367942,6068.22267665,217.37137648,217.40296080,0.04886784,702.64668605,0.01998448,0.01998448,32933,100,0
6068.40858899,6068.40695473,223.17736147,223.22886686,0.10214776,702.91943555,0.01998448,0.01998448,32932,100,0
6068.58863837,6068.59124400,0.00000000,228.91187596,0.07521504,703.18488619,0.01998447,0.01998448,32931,100,1
6068.77313929,6068.77554446,0.00000000,234.73115968,0.08847157,703.45607904,0.01998447,0.01998448,32930,100,1
6068.96072245,6068.95985612,240.61726467,240.64461292,0.04503924,703.73101455,0.01998448,0.01998448,32929,100,0
6069.14840072,6069.14417897,0.00000000,246.57756804,0.10324617,704.00620249,0.01998449,0.01998448,32928,100,1
6069.33256210,6069.32851302,0.00000000,252.39636875,0.03800097,704.27545907,0.01998449,0.01998448,32927,100,1
6069.51413959,6069.51285826,258.08813852,258.12865223,0.11704158,704.54009585,0.01998448,0.01998448,32926,100,0
6069.69617325,6069.69721471,263.91887363,263.88592548,0.07564616,704.80527057,0.01998447,0.01998448,32925,100,0
6069.88377650,6069.88158236,0.00000000,269.83286872,0.01914745,705.07853344,0.01998449,0.01998448,32924,100,1
6070.06464768,6070.06596120,275.59166824,275.55006311,0.08501822,705.34061861,0.01998447,0.01998448,32923,100,0
6070.25235396,6070.25035125,281.43393031,281.49740434,0.07459991,705.61260838,0.01998448,0.01998448,32922,100,0
6070.43430355,6070.43475250,287.28014663,287.26590879,0.02192124,705.87579037,0.01998448,0.01998448,32921,100,0
6070.61881477,6070.61916496,293.13030982,293.11919724,0.07077473,706.14220742,0.01998448,0.01998448,32920,100,0
6070.80481561,6070.80358862,298.98441246,299.02337258,0.09690090,706.41029456,0.01998448,0.01998448,32919,100,0
6070.98887026,6070.98802348,304.84244710,304.86935090,0.09084460,706.67509988,0.01998448,0.01998448,32918,100,0
6071.17316083,6071.17246956,310.70440627,310.72638260,0.07416873,706.93976796,0.01998448,0.01998448,32917,100,0
6071.35918949,6071.35692684,316.57028724,316.64226366,0.02936343,707.20644718,0.01998448,0.01998448,32916,100,0
6071.54048126,6071.54139533,322.44010146,322.41100678,0.05803937,707.46586634,0.01998447,0.01998448,32915,100,0
6071.72347834,6071.72587503,0.00000000,328.24929899,0.06249862,707.72778249,0.01998447,0.01998448,32914,100,1
6071.90976743,6071.91036594,334.19158629,334.17251250,0.09688879,707.99286006,0.01998448,0.01998448,32913,100,0
6072.09377864,6072.09486806,340.07328533,340.03854536,0.06392836,708.25473514,0.01998447,0.01998448,32912,100,0
6072.27975066,6072.27938140,345.95897433,345.97075699,0.07501327,708.51891333,0.01998448,0.01998448,32911,100,0
6072.46465225,6072.46390595,351.84864509,351.87247293,0.05669125,708.78108358,0.01998448,0.01998448,32910,100,0
6072.64963559,6072.64844171,357.74224508,357.78038585,0.08609071,709.04287992,0.01998448,0.01998448,32909,100,0
6072.83361162,6072.83298869,363.63971637,363.65962870,0.06108328,709.30276099,0.01998448,0.01998448,32908,100,0
6073.01598598,6073.01754689,369.54100080,369.49107592,0.06171841,709.55989394,0.01998447,0.01998448,32907,100,0
6073.20355915,6073.20211631,375.44603997,375.49221501,0.11066534,709.82384863,0.01998448,0.01998448,32906,100,0
6073.38635620,6073.38669694,381.35477671,381.34386572,0.04893390,710.08058289,0.01998448,0.01998448,32905,100,0
6073.57020675,6073.57128880,387.26720836,387.23254068,0.07763988,710.33829832,0.01998448,0.01998448,32904,100,0
6073.75723635,6073.75589188,393.18340160,393.22650220,0.06700932,710.59995894,0.01998448,0.01998448,32903,100,0
6073.93988635,6073.94050618,399.10342788,399.08354605,0.05860446,710.85499677,0.01998448,0.01998448,32902,100,0
6074.12534417,6074.12513170,405.02735889,405.03417817,0.01984355,711.11345612,0.01998448,0.01998448,32901,100,0
6074.30894366,6074.30976845,410.95526661,410.92877793,0.05482277,711.36883220,0.01998448,0.01998448,32900,100,0
6074.49552718,6074.49441642,416.88722033,416.92291537,0.01902263,711.62785769,0.01998448,0.01998448,32899,100,0
6074.67713736,6074.67907562,422.82324457,422.76091819,0.04514898,711.87949352,0.01998447,0.01998448,32898,100,0
6074.86361949,6074.86374605,428.76332906,428.75925688,0.06687992,712.13737986,0.01998448,0.01998448,32897,100,0
6075.04959542,6075.04842771,434.70746256,434.74505799,0.08106561,712.39405989,0.01998448,0.01998448,32896,100,0
6075.23252533,6075.23312059,440.65563381,440.63645697,0.01813867,712.64604093,0.01998448,0.01998448,32895,100,0
6075.41720985,6075.41782471,446.60783146,446.58801123,0.08559068,712.89993924,0.01998448,0.01998448,32894,100,0
6075.60404598,6075.60254005,452.56404543,452.61261952,0.08149917,713.15628299,0.01998448,0.01998448,32893,100,0
6075.78993303,6075.78726663,0.00000000,458.60897265,0.07617044,713.41075403,0.01998449,0.01998448,32892,100,1
6075.97208602,6075.97200445,464.48852314,464.49115761,0.01968116,713.65973017,0.01998448,0.01998448,32891,100,0
6076.15596870,6076.15675349,470.45679340,470.43143325,0.08294790,713.91051193,0.01998448,0.01998448,32890,100,0
6076.34232064,6076.34151378,476.42908898,476.45517845,0.06108204,714.16414726,0.01998448,0.01998448,32889,100,0
6076.52726886,6076.52628530,482.40541315,482.43723561,0.05433427,714.41535932,0.01998448,0.01998448,32888,100,0
6076.71246344,6076.71106806,488.38575325,488.43092733,0.08728390,714.66639240,0.01998449,0.01998448,32887,100,0
6076.89516916,6076.89586205,494.37004014,494.34759520,0.07390353,714.91354414,0.01998448,0.01998448,32886,100,0
6077.08050829,6077.08066729,500.35819198,500.35303850,0.05427576,715.16373837,0.01998448,0.01998448,32885,100,0
6077.26632843,6077.26548377,506.35012656,506.37751922,0.07385587,715.41405174,0.01998448,0.01998448,32884,100,0
6077.45104067,6077.45031148,512.34576136,512.36942207,0.08814549,715.66234196,0.01998448,0.01998448,32883,100,0
6077.63438075,6077.63515045,518.34501494,518.32002663,0.08029788,715.90826003,0.01998448,0.01998448,32882,100,0
6077.82013101,6077.82000065,524.34791915,524.35215358,0.04174869,716.15687500,0.01998448,0.01998448,32881,100,0
6078.00592979,6078.00486210,530.35470001,530.38940338,0.06119973,716.40502355,0.01998448,0.01998448,32880,100,0
6078.18935117,6078.18973480,536.36560340,536.35312606,0.07718216,716.64948442,0.01998448,0.01998448,32879,100,0
6078.37452813,6078.37461874,542.38087626,542.37792715,0.07235249,716.89577738,0.01998448,0.01998448,32878,100,0
6078.55851159,6078.55951393,548.40076647,548.36811999,0.07524574,717.13998635,0.01998448,0.01998448,32877,100,0
6078.74397675,6078.74442037,554.42550575,554.41104605,0.06073671,717.38566906,0.01998448,0.01998448,32876,100,0
6078.92980305,6078.92933806,560.45504216,560.47020907,0.06626471,717.63133012,0.01998448,0.01998448,32875,100,0
6079.11358741,6079.11426701,566.48908966,566.46690784,0.06199735,717.87378648,0.01998448,0.01998448,32874,100,0
6079.29796983,6079.29920720,572.52735414,572.48694209,0.06650731,718.11651376,0.01998448,0.01998448,32873,100,0
6079.48406624,6079.48415865,578.56954024,578.56652075,0.08512081,718.36095798,0.01998448,0.01998448,32872,100,0
6079.66922365,6079.66912135,584.61535138,584.61869616,0.05144373,718.60361778,0.01998448,0.01998448,32871,100,0
6079.85474329,6079.85409530,590.66455564,590.68575234,0.06720640,718.84619066,0.01998448,0.01998448,32870,100,0
6080.03964644,6080.03908051,596.71730426,596.73582677,0.04580314,719.08740307,0.01998448,0.01998448,32869,100,0
6080.22298231,6080.22407698,602.77388793,602.73803889,0.06578749,719.32603475,0.01998448,0.01998448,32868,100,0
6080.40882782,6080.40908471,608.83459874,608.82618053,0.05336567,719.56739850,0.01998448,0.01998448,32867,100,0
6080.59377161,6080.59410370,614.89972999,614.88884002,0.04915213,719.80706723,0.01998448,0.01998448,32866,100,0
6080.77946642,6080.77913394,620.96957547,620.98048641,0.05558709,720.04719364,0.01998448,0.01998448,32865,100,0
6080.96410677,6080.96417545,627.04427568,627.04201995,0.06703163,720.28544828,0.01998448,0.01998448,32864,100,0
6081.14973246,6081.14922822,633.12362516,633.14019598,0.05893146,720.52445395,0.01998448,0.01998448,32863,100,0
6081.33251861,6081.33429226,639.20737045,639.14904579,0.05879054,720.75928245,0.01998448,0.01998448,32862,100,0
6081.51944866,6081.51936756,645.29525700,645.29792562,0.05468679,720.99888857,0.01998448,0.01998448,32861,100,0
6081.70356531,6081.70445412,651.38702918,651.35776780,0.07181895,721.23433748,0.01998448,0.01998448,32860,100,0
6081.88933289,6081.88955195,657.48244501,657.47522932,0.06157482,721.47133277,0.01998448,0.01998448,32859,100,0
6082.07355561,6082.07466105,663.58153966,663.54510652,0.06104120,721.70579709,0.01998448,0.01998448,32858,100,0
6082.25831710,6082.25978142,669.68459699,669.63630652,0.07267558,721.94039661,0.01998448,0.01998448,32857,100,0
6082.44504317,6082.44491305,675.79191077,675.79620456,0.06952832,722.17694066,0.01998448,0.01998448,32856,100,0
6082.63002020,6082.63005596,681.90377602,681.90259528,0.05824124,722.41073390,0.01998448,0.01998448,32855,100,0
6082.81433699,6082.81521014,688.02048900,687.99163289,0.03082329,722.64317266,0.01998448,0.01998448,32854,100,0
6083.00078541,6083.00037559,694.14227430,694.15582871,0.02298199,722.87777855,0.01998448,0.01998448,32853,100,0
6083.18651363,6083.18555231,700.26897567,700.30079275,0.07366927,723.11094960,0.01998448,0.01998448,32852,100,0
6083.36994632,6083.37074031,706.40031168,706.37401499,0.06478682,723.34070888,0.01998448,0.01998448,32851,100,0
6083.55447825,6083.55593959,712.53599959,712.48757021,0.06450218,723.57130170,0.01998448,0.01998448,32850,100,0
6083.74178580,6083.74115014,718.67575548,718.69683382,0.04385437,723.80479349,0.01998448,0.01998448,32849,100,0
6083.92646578,6083.92637197,724.81929656,724.82240885,0.03445003,724.03443621,0.01998448,0.01998448,32848,100,0
6084.11082421,6084.11160508,730.96652292,730.94060141,0.03640037,724.26310614,0.01998448,0.01998448,32847,100,0
6084.29697809,6084.29684947,737.11764578,737.12191814,0.02868953,724.49342897,0.01998448,0.01998448,32846,100,0
6084.48134600,6084.48210514,743.27290745,743.24767656,0.05565201,724.72098118,0.01998448,0.01998448,32845,100,0
6084.66702701,6084.66737209,749.43255125,749.42107452,0.05867756,724.94959761,0.01998448,0.01998448,32844,100,0
6084.85355730,6084.85265032,755.59682154,755.62700793,0.06574620,725.17870515,0.01998448,0.01998448,32843,100,0
6085.03834669,6085.03793984,761.76594206,761.77949267,0.05866829,725.40513310,0.01998448,0.01998448,32842,100,0
6085.22414172,6085.22324065,767.93992335,767.96995681,0.03118845,725.63224894,0.01998448,0.01998448,32841,100,0
6085.40885391,6085.40855274,774.11865384,774.12869918,0.05253880,725.85749441,0.01998448,0.01998448,32840,100,0
6085.59299243,6085.59387611,780.30202005,780.27252568,0.04800968,726.08149220,0.01998448,0.01998448,32839,100,0
6085.78039636,6085.77921078,786.48990802,786.52950478,0.07213229,726.30889463,0.01998448,0.01998448,32838,100,0
6085.96562993,6085.96455673,792.68220335,792.71806991,0.04076390,726.53309516,0.01998448,0.01998448,32837,100,0
6086.14967626,6086.14991398,798.87883475,798.87088511,0.05709411,726.75529518,0.01998448,0.01998448,32836,100,0
6086.33572458,6086.33528251,805.07984369,805.09463687,0.04333710,726.97934147,0.01998448,0.01998448,32835,100,0
6086.52111911,6086.52066234,811.28528986,811.30058485,0.04386840,727.20203033,0.01998448,0.01998448,32834,100,0
6086.70567387,6086.70605346,817.49523323,817.48251401,0.06785621,727.42314600,0.01998448,0.01998448,32833,100,0
6086.89141691,6086.89145587,823.70973403,823.70842766,0.04646797,727.64511739,0.01998448,0.01998448,32832,100,0
6087.07623866,6087.07686959,829.92885020,829.90768060,0.06797974,727.86542284,0.01998448,0.01998448,32831,100,0
6087.26285938,6087.26229459,836.15260299,836.17156638,0.01641329,728.08730009,0.01998448,0.01998448,32830,100,0
6087.44735468,6087.44773090,842.38098554,842.36834491,0.05802460,728.30608314,0.01998448,0.01998448,32829,100,0
6087.63372277,6087.63317850,848.61399024,848.63228962,0.05007251,728.52651265,0.01998448,0.01998448,32828,100,0
6087.81816432,6087.81863740,854.85160944,854.83569251,0.04654043,728.74409342,0.01998448,0.01998448,32827,100,0
6088.00465747,6088.00410761,861.09383548,861.11234817,0.02358139,728.96351602,0.01998448,0.01998448,32826,100,0
6088.19046745,6088.18958911,867.34069178,867.37028367,0.04664418,729.18155573,0.01998448,0.01998448,32825,100,0
6088.37599641,6088.37508192,873.59229908,873.62313112,0.05649900,729.39869171,0.01998448,0.01998448,32824,100,0
6088.56024565,6088.56058603,879.84879759,879.83731329,0.02825599,729.61376558,0.01998448,0.01998448,32823,100,0
6088.74586434,6088.74610144,886.11032812,886.10232231,0.03016858,729.82987257,0.01998448,0.01998448,32822,100,0
6088.93209828,6088.93162817,892.37703209,892.39291786,0.06281449,730.04612874,0.01998448,0.01998448,32821,100,0
6089.11825702,6089.11716619,898.64903708,898.68592636,0.05606396,730.26173256,0.01998449,0.01998448,32820,100,0
6089.30213605,6089.30271553,904.92624054,904.90662943,0.01675946,730.47413632,0.01998448,0.01998448,32819,100,0
6089.48839348,6089.48827617,911.20835460,911.21232724,0.03113468,730.68870879,0.01998448,0.01998448,32818,100,0
6089.67412154,6089.67384813,917.49508490,917.50435024,0.05754218,730.90207997,0.01998448,0.01998448,32817,100,0
6089.86055158,6089.85943139,923.78613573,923.82412006,0.05098702,731.11565205,0.01998449,0.01998448,32816,100,0
6090.04443874,6090.04502597,930.08121020,930.06128685,0.05533606,731.32570548,0.01998448,0.01998448,32815,100,0
6090.23131152,6090.23063186,936.38014854,936.40322082,0.05170757,731.53854657,0.01998449,0.01998448,32814,100,0
6090.41620938,6090.41624907,942.68319163,942.68184374,0.04782474,731.74852723,0.01998448,0.01998448,32813,100,0
6090.60231363,6090.60187759,948.99065370,949.00547504,0.04519505,731.95927329,0.01998448,0.01998448,32812,100,0
6090.78828509,6090.78751742,955.30285039,955.32896255,0.05773419,732.16927213,0.01998449,0.01998448,32811,100,0
6090.97351708,6090.97316857,961.62009878,961.63196202,0.05317067,732.37785176,0.01998448,0.01998448,32810,100,0
6091.15871505,6091.15883104,967.94269104,967.93873952,0.03814501,732.58581817,0.01998448,0.01998448,32809,100,0
6091.34374602,6091.34450483,974.27060108,974.24473022,0.04389147,732.79302031,0.01998448,0.01998448,32808,100,0
6091.53032870,6091.53018994,980.60358990,980.60832400,0.06980125,733.00136677,0.01998448,0.01998448,32807,100,0
6091.71619956,6091.71588637,986.94141352,986.95210624,0.02778797,733.20831631,0.01998448,0.01998448,32806,100,0
6091.90134381,6091.90159413,993.28382685,993.27527514,0.05681291,733.41384995,0.01998448,0.01998448,32805,100,0
6092.08700456,6092.08731321,999.63058450,999.62003354,0.05884907,733.61933931,0.01998448,0.01998448,32804,100,0
6092.27190280,6092.27304361,1005.98156973,1005.94254825,0.03442164,733.82336490,0.01998448,0.01998448,32803,100,0
6092.45968760,6092.45878533,1012.33693666,1012.36781889,0.05951888,734.02994617,0.01998449,0.01998448,32802,100,0
6092.64411297,6092.64453839,1018.69687410,1018.68230367,0.06125481,734.23221889,0.01998448,0.01998448,32801,100,0
6092.82998111,6092.83030277,1025.06157176,1025.05054737,0.04209621,734.43546408,0.01998448,0.01998448,32800,100,0
6093.01674699,6093.01607848,1031.43122018,1031.45415001,0.05719226,734.63907873,0.01998449,0.01998448,32799,100,0
6093.20258772,6093.20186551,1037.80598377,1037.83077344,0.04275331,734.84107921,0.01998449,0.01998448,32798,100,0
6093.38787147,6093.38766388,1044.18583704,1044.19296774,0.02675783,735.04187046,0.01998448,0.01998448,32797,100,0
6093.57444278,6093.57347358,1050.57067229,1050.60398786,0.06419388,735.24344272,0.01998449,0.01998448,32796,100,0
6093.75996257,6093.75929462,1056.96038097,1056.98335731,0.03076209,735.44326264,0.01998449,0.01998448,32795,100,0
6093.94463090,6093.94512698,1063.35485405,1063.33777827,0.06252551,735.64155024,0.01998448,0.01998448,32794,100,0
6094.12951875,6094.13097069,1069.75398404,1069.70397352,0.06012791,735.83945379,0.01998448,0.01998448,32793,100,0
6094.31722577,6094.31682572,1076.15773204,1076.17152038,0.03279459,736.03973782,0.01998449,0.01998448,32792,100,0
6094.50223128,6094.50269210,1082.56614238,1082.55024866,0.06633171,736.23651102,0.01998448,0.01998448,32791,100,0
6094.68858691,6094.68856981,1088.97926461,1088.97985475,0.04371839,736.43408958,0.01998448,0.01998448,32790,100,0
6094.87448647,6094.87445886,1095.39714846,1095.39810200,0.05111244,736.63055399,0.01998448,0.01998448,32789,100,0
6095.06018762,6095.06035925,1101.81984393,1101.81391216,0.03151208,736.82617981,0.01998448,0.01998448,32788,100,0
6095.24646338,6095.24627098,1108.24742900,1108.25408310,0.05617241,737.02178026,0.01998448,0.01998448,32787,100,0
6095.43208522,6095.43219406,1114.68007395,1114.67630687,0.04789794,737.21606922,0.01998448,0.01998448,32786,100,0
6095.61826158,6095.61812847,1121.11796887,1121.12257922,0.02454389,737.41031610,0.01998448,0.01998448,32785,100,0
6095.80438204,6095.80407424,1127.56130472,1127.57197512,0.06491926,737.60388552,0.01998448,0.01998448,32784,100,0
6095.99057012,6095.99003134,1134.01027338,1134.02896587,0.02025408,737.79690977,0.01998449,0.01998448,32783,100,0
6096.17674514,6096.17599979,1140.46503675,1140.49091763,0.05829923,737.98930787,0.01998449,0.01998448,32782,100,0
6096.36196370,6096.36197959,1146.92546184,1146.92490944,0.03948819,738.18010379,0.01998448,0.01998448,32781,100,0
6096.54895785,6096.54797074,1153.39125030,1153.42557902,0.04806280,738.37209701,0.01998449,0.01998448,32780,100,0
6096.73353095,6096.73397324,1159.86210058,1159.84670841,0.03474713,738.56097138,0.01998448,0.01998448,32779,100,0
6096.91945570,6096.91998708,1166.33770968,1166.31920482,0.05404945,738.75058258,0.01998448,0.01998448,32778,100,0
6097.10607153,6097.10601228,1172.81778000,1172.81984428,0.04624869,738.94023597,0.01998448,0.01998448,32777,100,0
6097.29161355,6097.29204883,1179.30227578,1179.28709851,0.05769940,739.12813746,0.01998448,0.01998448,32776,100,0
6097.47794464,6097.47809674,1185.79150174,1185.78619483,0.03603698,739.31618248,0.01998448,0.01998448,32775,100,0
6097.66463866,6097.66415600,1192.28578669,1192.30264001,0.06104935,739.50394281,0.01998449,0.01998448,32774,100,0
6097.84990431,6097.85022661,1198.78546096,1198.77419812,0.04385650,739.68963022,0.01998448,0.01998448,32773,100,0
6098.03653125,6098.03630858,1205.29085639,1205.29864419,0.06032029,739.87604874,0.01998448,0.01998448,32772,100,0
6098.22294418,6098.22240191,1211.80218395,1211.82116569,0.04225096,740.06162304,0.01998449,0.01998448,32771,100,0
6098.40870482,6098.40850660,1218.31929626,1218.32624051,0.07144290,740.24591502,0.01998448,0.01998448,32770,100,0
6098.59458590,6098.59462265,1224.84197963,1224.84069134,0.04641470,740.42968606,0.01998448,0.01998448,32769,100,0
6098.78104190,6098.78075005,1231.37001933,1231.38025897,0.07083924,740.61337398,0.01998448,0.01998448,32768,100,0
6098.96675611,6098.96688882,1237.90319955,1237.89853979,0.02225838,740.79567468,0.01998448,0.01998448,32767,100,0
6099.15389989,6099.15303896,1244.44133598,1244.47158509,0.06423045,740.97870906,0.01998449,0.01998448,32766,100,0
6099.33835008,6099.33920045,1250.98446235,1250.95456329,0.02530140,741.15845054,0.01998448,0.01998448,32765,100,0
6099.52541201,6099.52537331,1257.53270296,1257.53406457,0.05195379,741.34007120,0.01998448,0.01998448,32764,100,0
6099.71091088,6099.71155754,1264.08618296,1264.06341263,0.01951876,741.51951378,0.01998448,0.01998448,32763,100,0
6099.89834427,6099.89775313,1270.64502814,1270.66585919,0.04642952,741.70016137,0.01998449,0.01998449,32762,100,0
6100.08355894,6100.08396010,1277.20935957,1277.19521206,0.04685413,741.87801407,0.01998448,0.01998449,32761,100,0
6100.26915918,6100.27017843,1283.77921217,1283.74323876,0.06404255,742.05558147,0.01998448,0.01998449,32760,100,0
6100.45624438,6100.45640813,1290.35454994,1290.34876606,0.05012853,742.23390260,0.01998448,0.01998449,32759,100,0
6100.64332540,6100.64264920,1296.93533460,1296.95923715,0.02673426,742.41154721,0.01998449,0.01998449,32758,100,0
6100.82888922,6100.82890164,1303.52152767,1303.52108807,0.04141431,742.58708391,0.01998448,0.01998449,32757,100,0
6101.01581034,6101.01516546,1310.11309038,1310.13592004,0.03144852,742.76322985,0.01998449,0.01998449,32756,100,0
6101.20136372,6101.20144065,1316.70997911,1316.70725360,0.05795006,742.93741418,0.01998448,0.01998449,32755,100,0
6101.38845576,6101.38772722,1323.31214301,1323.33797241,0.06598436,743.11236110,0.01998449,0.01998449,32754,100,0
6101.57406745,6101.57402516,1329.91953039,1329.92103062,0.02358708,743.28524416,0.01998449,0.01998449,32753,100,0
6101.76016107,6101.76033449,1336.53208932,1336.52593220,0.04912672,743.45789341,0.01998448,0.01998449,32752,100,0
6101.94671824,6101.94665519,1343.14976767,1343.15200816,0.02490802,743.63028349,0.01998449,0.01998449,32751,100,0
6102.13283350,6102.13298726,1349.77257241,1349.76710535,0.05193960,743.80157602,0.01998448,0.01998449,32750,100,0
6102.31933759,6102.31933072,1356.40066838,1356.40091278,0.04904833,743.97253837,0.01998449,0.01998449,32749,100,0
6102.50529285,6102.50568556,1363.03424721,1363.02026255,0.02198112,744.14231499,0.01998448,0.01998449,32748,100,0
6102.69173473,6102.69205179,1369.67350145,1369.66220186,0.06119566,744.31185461,0.01998448,0.01998449,32747,100,0
6102.87826610,6102.87842940,1376.31862461,1376.31279986,0.05579816,744.48079589,0.01998448,0.01998449,32746,100,0
6103.06504035,6103.06481839,1382.96976061,1382.97768436,0.02643607,744.64927757,0.01998449,0.01998449,32745,100,0
6103.25141637,6103.25121877,1389.62682058,1389.63388082,0.04390228,744.81671786,0.01998449,0.01998449,32744,100,0
6103.43783675,6103.43763053,1396.28964791,1396.29702159,0.04990273,744.98351035,0.01998449,0.01998449,32743,100,0
6103.62399334,6103.62405368,1402.95808518,1402.95592595,0.03086321,745.14937467,0.01998449,0.01998449,32742,100,0
6103.81017223,6103.81048822,1409.63197414,1409.62065812,0.04415827,745.31456124,0.01998448,0.01998449,32741,100,0
6103.99687409,6103.99693415,1416.31117051,1416.30901785,0.06076473,745.47950579,0.01998449,0.01998449,32740,100,0
6104.18338567,6104.18339148,1422.99564232,1422.99543397,0.02615123,745.64357369,0.01998449,0.01998449,32739,100,0
6104.36998805,6104.36986019,1429.68540968,1429.68999849,0.05606771,745.80701144,0.01998449,0.01998449,32738,100,0
6104.55634583,6104.55634030,1436.38049308,1436.38069161,0.05620088,745.96952483,0.01998449,0.01998449,32737,100,0
6104.74245216,6104.74283180,1443.08091310,1443.06726803,0.03072870,746.13110939,0.01998448,0.01998449,32736,100,0
6104.92918561,6104.92933470,1449.78670374,1449.78134131,0.06015008,746.29252477,0.01998448,0.01998449,32735,100,0
6105.11609701,6105.11584899,1456.49806525,1456.50699345,0.04916445,746.45338100,0.01998449,0.01998449,32734,100,0
6105.30270774,6105.30237468,1463.21531158,1463.22731110,0.07140453,746.61327242,0.01998449,0.01998449,32733,100,0
6105.48837678,6105.48891177,1469.93876040,1469.91946900,0.01848603,746.77166224,0.01998448,0.01998449,32732,100,0
6105.67461586,6105.67546025,1476.66873100,1476.63825415,0.04903529,746.92984747,0.01998448,0.01998449,32731,100,0
6105.86163659,6105.86202014,1483.40552408,1483.39166713,0.05443831,747.08800505,0.01998448,0.01998449,32730,100,0
6106.04777439,6106.04859143,1490.14903489,1490.11949039,0.02363665,747.24472308,0.01998448,0.01998449,32729,100,0
6106.23518511,6106.23517412,1496.89878085,1496.89917861,0.06574641,747.40180088,0.01998449,0.01998449,32728,100,0
6106.42165422,6106.42176822,1503.65426263,1503.65013401,0.04287484,747.55736677,0.01998449,0.01998449,32727,100,0
6106.60853063,6106.60837372,1510.41497829,1510.42066515,0.04748962,747.71253569,0.01998449,0.01998449,32726,100,0
6106.79479051,6106.79499062,1517.18043626,1517.17317920,0.05843399,747.86644582,0.01998449,0.01998449,32725,100,0
6106.98151517,6106.98161894,1523.95056113,1523.94679570,0.01888610,748.01998824,0.01998449,0.01998449,32724,100,0
6107.16790195,6107.16825866,1530.72577653,1530.71282292,0.06265302,748.17251006,0.01998449,0.01998449,32723,100,0
6107.35487956,6107.35490979,1537.50653752,1537.50543893,0.03471995,748.32477819,0.01998449,0.01998449,32722,100,0
6107.54172358,6107.54157232,1544.29330149,1544.29880332,0.05108325,748.47620822,0.01998449,0.01998449,32721,100,0
6107.72891739,6107.72824627,1551.08652279,1551.11095645,0.06763750,748.62719863,0.01998449,0.01998449,32720,100,0
6107.91542748,6107.91493164,1557.88638415,1557.90445291,0.02744991,748.77691945,0.01998449,0.01998449,32719,100,0
6108.10125522,6108.10162841,1564.69267202,1564.67906094,0.05177921,748.92537267,0.01998448,0.01998449,32718,100,0
6108.28874427,6108.28833660,1571.50514055,1571.52002160,0.04723067,749.07441724,0.01998449,0.01998449,32717,100,0
6108.47499659,6108.47505620,1578.32354257,1578.32136486,0.04788100,749.22173937,0.01998449,0.01998449,32716,100,0
6108.66174003,6108.66178722,1585.14763169,1585.14590654,0.05738435,749.36870282,0.01998449,0.01998449,32715,100,0
6108.84867579,6108.84852966,1591.97731174,1591.98265836,0.02227051,749.51506427,0.01998449,0.01998449,32714,100,0
6109.03476679,6109.03528351,1598.81273842,1598.79381833,0.05557048,749.66001702,0.01998448,0.01998449,32713,100,0
6109.22145311,6109.22204879,1605.65409215,1605.63226298,0.05008187,749.80468607,0.01998448,0.01998449,32712,100,0
6109.40874607,6109.40882548,1612.50155427,1612.49864181,0.04428298,749.94907470,0.01998449,0.01998449,32711,100,0
6109.59572476,6109.59561360,1619.35530607,1619.35938680,0.04556267,750.09247279,0.01998449,0.01998449,32710,100,0
6109.78336972,6109.78241313,1626.21543314,1626.25057870,0.05399240,750.23562977,0.01998449,0.01998449,32709,100,0
6109.96933650,6109.96922409,1633.08184728,1633.08598044,0.02417422,750.37675902,0.01998449,0.01998449,32708,100,0
6110.15516833,6110.15604648,1639.95444149,1639.92212374,0.06477923,750.51703823,0.01998448,0.01998449,32707,100,0
6110.34241305,6110.34288029,1646.83310819,1646.81589882,0.06030898,750.65762371,0.01998448,0.01998449,32706,100,0
6110.52935256,6110.52972553,1653.71774009,1653.70399193,0.04976067,750.79721442,0.01998449,0.01998449,32705,100,0
6110.71695318,6110.71658220,1660.60831641,1660.62200255,0.04373560,750.93652715,0.01998449,0.01998449,32704,100,0
6110.90331445,6110.90345029,1667.50497656,1667.49996122,0.04407999,751.07415487,0.01998449,0.01998449,32703,100,0
6111.08986941,6111.09032981,1674.40787795,1674.39086445,0.04752790,751.21116324,0.01998449,0.01998449,32702,100,0
6111.27749515,6111.27722077,1681.31717877,1681.32732698,0.03551458,751.34818953,0.01998449,0.01998449,32701,100,0
6111.46437940,6111.46412315,1688.23303685,1688.24252273,0.06033004,751.48390899,0.01998449,0.01998449,32700,100,0
6111.65088446,6111.65103697,1695.15550175,1695.14985099,0.05868056,751.61859022,0.01998449,0.01998449,32699,100,0
6111.83838923,6111.83796223,1702.08443060,1702.10026532,0.06631780,751.75321997,0.01998449,0.01998449,32698,100,0
6112.02548481,6112.02489892,1709.01966007,1709.04140560,0.05957767,751.88677755,0.01998449,0.01998449,32697,100,0
6112.21239430,6112.21184704,1715.96102590,1715.98135382,0.03674740,752.01942051,0.01998449,0.01998449,32696,100,0
6112.39845569,6112.39880660,1722.90836476,1722.89531996,0.06497643,752.15068028,0.01998449,0.01998449,32695,100,0
6112.58519409,6112.58577760,1729.86163186,1729.83992290,0.05630212,752.28163090,0.01998449,0.01998449,32694,100,0
6112.77275052,6112.77276004,1736.82097293,1736.82061858,0.05839672,752.41236240,0.01998449,0.01998449,32693,100,0
6112.95919656,6112.95975392,1743.78655160,1743.76578113,0.05070304,752.54153330,0.01998449,0.01998449,32692,100,0
6113.14651219,6113.14675924,1750.75853236,1750.74931783,0.05086026,752.67051767,0.01998449,0.01998449,32691,100,0
6113.33420311,6113.33377600,1757.73707866,1757.75302349,0.04883187,752.79896795,0.01998449,0.01998449,32690,100,0
6113.52083735,6113.52080421,1764.72227103,1764.72350925,0.05185034,752.92590751,0.01998449,0.01998449,32689,100,0
6113.70805253,6113.70784386,1771.71407616,1771.72188000,0.04269291,753.05245021,0.01998449,0.01998449,32688,100,0
6113.89506733,6113.89489495,1778.71245234,1778.71890431,0.03983542,753.17806235,0.01998449,0.01998449,32687,100,0
6114.08130756,6114.08195750,1785.71735759,1785.69300879,0.04092228,753.30236139,0.01998449,0.01998449,32686,100,0
6114.26872849,6114.26903149,1792.72874984,1792.71738880,0.05082153,753.42664660,0.01998449,0.01998449,32685,100,0
6114.45572604,6114.45611693,1799.74659053,1799.73192151,0.03189752,753.54984634,0.01998449,0.01998449,32684,100,0
6114.64265902,6114.64321381,1806.77084499,1806.75000729,0.04442807,753.67219725,0.01998449,0.01998449,32683,100,0
6114.83000416,6114.83032215,1813.80147859,1813.78952472,0.05122300,753.79400615,0.01998449,0.01998449,32682,100,0
6115.01701863,6115.01744194,1820.83845647,1820.82253045,0.05052767,753.91478665,0.01998449,0.01998449,32681,100,0
6115.20391875,6115.20457319,1827.88174778,1827.85710575,0.06558412,754.03467850,0.01998449,0.01998449,32680,100,0
6115.39120002,6115.39171589,1834.93139370,1834.91195272,0.05971651,754.15399623,0.01998449,0.01998449,32679,100,0
6115.57791613,6115.57887004,1841.98749615,1841.95151641,0.05895977,754.27213753,0.01998448,0.01998449,32678,100,0
6115.76633874,6115.76603565,1849.05015946,1849.06160160,0.06522515,754.39053162,0.01998449,0.01998449,32677,100,0
6115.95322963,6115.95321271,1856.11948854,1856.12012772,0.06198784,754.50714197,0.01998449,0.01998449,32676,100,0
6116.14080644,6116.14040124,1863.19558928,1863.21091377,0.04435097,754.62335712,0.01998449,0.01998449,32675,100,0
6116.32829092,6116.32760122,1870.27857268,1870.30468059,0.04886474,754.73869031,0.01998449,0.01998449,32674,100,0
6116.51429764,6116.51481266,1877.36855303,1877.34903935,0.03497932,754.85229892,0.01998449,0.01998449,32673,100,0
6116.70197268,6116.70203557,1884.46564531,1884.46326033,0.04120765,754.96610250,0.01998449,0.01998449,32672,100,0
6116.88954095,6116.88926994,1891.56996511,1891.58025343,0.03931058,755.07901356,0.01998449,0.01998449,32671,100,0
6117.07711662,6117.07651577,1898.68158646,1898.70441790,0.03904895,755.19109997,0.01998449,0.01998449,32670,100,0
6117.26364398,6117.26377306,1905.80031149,1905.79540231,0.04099394,755.30173201,0.01998449,0.01998449,32669,100,0
6117.45068823,6117.45104182,1912.92583302,1912.91237338,0.05892394,755.41183424,0.01998449,0.01998449,32668,100,0
6117.63826996,6117.63832205,1920.05784183,1920.05585726,0.06253991,755.52140446,0.01998449,0.01998449,32667,100,0
6117.82584712,6117.82561374,1927.19602689,1927.20492506,0.05015022,755.63011532,0.01998449,0.01998449,32666,100,0
6118.01315610,6118.01291690,1934.34020177,1934.34932897,0.03279638,755.73781083,0.01998449,0.01998449,32665,100,0
6118.20005957,6118.20023154,1941.49066408,1941.48409649,0.03624537,755.84441890,0.01998449,0.01998449,32664,100,0
6118.38722792,6118.38755764,1948.64782952,1948.63522616,0.03837964,755.95032670,0.01998449,0.01998449,32663,100,0
6118.57440019,6118.57489522,1955.81211616,1955.79317593,0.04481936,756.05538833,0.01998449,0.01998449,32662,100,0
6118.76204611,6118.76224426,1962.98394327,1962.97635390,0.06667316,756.15986764,0.01998449,0.01998449,32661,100,0
6118.94980860,6118.94960479,1970.16349766,1970.17131140,0.04387269,756.26356167,0.01998449,0.01998449,32660,100,0
6119.13782066,6119.13697678,1977.35045318,1977.38283650,0.04176562,756.36653380,0.01998449,0.01998449,32659,100,0
6119.32430512,6119.32436026,1984.54441379,1984.54229623,0.03979248,756.46781113,0.01998449,0.01998449,32658,100,0
6119.51119437,6119.51175521,1991.74498111,1991.72342223,0.03967206,756.56844276,0.01998449,0.01998449,32657,100,0
6119.69953709,6119.69916164,1998.95176219,1998.96620594,0.06135374,756.66897249,0.01998449,0.01998449,32656,100,0
6119.88634708,6119.88657954,2006.16462746,2006.15567736,0.04765920,756.76780291,0.01998449,0.01998449,32655,100,0
6120.07456126,6120.07400893,2013.38377202,2013.40505487,0.04719191,756.86648908,0.01998449,0.01998449,32654,100,0
6120.26076310,6120.26144980,2020.60941198,2020.58292894,0.04222534,756.96324445,0.01998449,0.01998449,32653,100,0
6120.44896867,6120.44890215,2027.84176469,2027.84433209,0.05673051,757.06015644,0.01998449,0.01998449,32652,100,0
6120.63577413,6120.63636599,2035.08104982,2035.05818379,0.06084378,757.15546845,0.01998449,0.01998449,32651,100,0
6120.82474013,6120.82384131,2042.32750102,2042.36225979,0.04617759,757.25099225,0.01998449,0.01998449,32650,100,0
6121.01103792,6121.01132811,2049.58136160,2049.57012849,0.04333671,757.34429088,0.01998449,0.01998449,32649,100,0
6121.19882995,6121.19882640,2056.84287645,2056.84301375,0.05354421,757.43745755,0.01998449,0.01998449,32648,100,0
6121.38695323,6121.38633618,2064.11229187,2064.13622632,0.05783348,757.52990263,0.01998449,0.01998449,32647,100,0
6121.57455944,6121.57385745,2071.38979925,2071.41705711,0.04258509,757.62120993,0.01998449,0.01998449,32646,100,0
6121.76179391,6121.76139021,2078.67530410,2078.69099571,0.03680485,757.71145222,0.01998449,0.01998449,32645,100,0
6121.94891099,6121.94893446,2085.96862034,2085.96770726,0.05707383,757.80075026,0.01998449,0.01998449,32644,100,0
6122.13688706,6122.13649020,2093.26956071,2093.28501665,0.04760709,757.88955950,0.01998449,0.01998449,32643,100,0
6122.32453297,6122.32405743,2100.57793703,2100.59647471,0.03493672,757.97730919,0.01998449,0.01998449,32642,100,0
6122.51190079,6122.51163616,2107.89360735,2107.90393290,0.05680255,758.06402356,0.01998449,0.01998449,32641,100,0
6122.69927233,6122.69922638,2115.21653401,2115.21832864,0.04057644,758.14983184,0.01998449,0.01998449,32640,100,0
6122.88692391,6122.88682810,2122.54669318,2122.55043849,0.02394684,758.23485548,0.01998449,0.01998449,32639,100,0
6123.07483155,6123.07444132,2129.88406086,2129.89932962,0.05712288,758.31907668,0.01998449,0.01998449,32638,100,0
6123.26183494,6123.26206603,2137.22861752,2137.21956732,0.03796353,758.40197718,0.01998449,0.01998449,32637,100,0
6123.44945617,6123.44970224,2144.58044630,2144.57080045,0.02260051,758.48423205,0.01998449,0.01998449,32636,100,0
6123.63691484,6123.63734996,2151.93973186,2151.92265874,0.05932725,758.56549506,0.01998449,0.01998449,32635,100,0
6123.82498378,6123.82500917,2159.30666423,2159.30566676,0.03863790,758.64609716,0.01998449,0.01998449,32634,100,0
6124.01259421,6124.01267989,2166.68143456,2166.67806608,0.04094994,758.72557828,0.01998449,0.01998449,32633,100,0
6124.20059273,6124.20036211,2174.06420639,2174.07328279,0.06045029,758.80429633,0.01998449,0.01998449,32632,100,0
6124.38828024,6124.38805584,2181.45495298,2181.46379367,0.02856386,758.88195466,0.01998449,0.01998449,32631,100,0
6124.57592903,6124.57576107,2188.85356939,2188.86019290,0.06203713,758.95866437,0.01998449,0.01998449,32630,100,0
6124.76372688,6124.76347781,2196.25994979,2196.26978203,0.02764312,759.03449731,0.01998449,0.01998449,32629,100,0
6124.95114827,6124.95120605,2203.67398766,2203.67170452,0.03662054,759.10923891,0.01998449,0.01998449,32628,100,0
6125.13881438,6125.13894581,2211.09557103,2211.09037297,0.05629502,759.18313386,0.01998449,0.01998449,32627,100,0
6125.32672577,6125.32669707,2218.52457607,2218.52571200,0.02632107,759.25617456,0.01998449,0.01998449,32626,100,0
6125.51441519,6125.51445985,2225.96087654,2225.95910714,0.06119049,759.32817514,0.01998449,0.01998449,32625,100,0
6125.70237450,6125.70223413,2233.40434542,2233.40991216,0.03383070,759.39931992,0.01998449,0.01998449,32624,100,0
6125.88965290,6125.89001993,2240.85486658,2240.84029800,0.05217109,759.46924832,0.01998449,0.01998449,32623,100,0
6126.07794898,6126.07781725,2248.31253562,2248.31776910,0.03047237,759.53859017,0.01998449,0.01998449,32622,100,0
6126.26542818,6126.26562608,2255.77763348,2255.76976341,0.03689139,759.60666813,0.01998449,0.01998449,32621,100,0
6126.45286027,6126.45344643,2263.25044902,2263.22711591,0.05270221,759.67376808,0.01998449,0.01998449,32620,100,0
6126.64186237,6126.64127829,2270.73127289,2270.75454741,0.06365402,759.74045677,0.01998449,0.01998449,32619,100,0
6126.82903151,6126.82912167,2278.22034903,2278.21675275,0.03743239,759.80553450,0.01998449,0.01998449,32618,100,0
6127.01670063,6127.01697657,2285.71769517,2285.70667652,0.03792555,759.86981965,0.01998449,0.01998449,32617,100,0
6127.20416073,6127.20484299,2293.22326243,2293.19599077,0.05998108,759.93306350,0.01998449,0.01998449,32616,100,0
6127.39282506,6127.39272094,2300.73700154,2300.74116780,0.05695556,759.99573146,0.01998449,0.01998449,32615,100,0
6127.58099873,6127.58061040,2308.25886202,2308.27441609,0.03605515,760.05725137,0.01998449,0.01998449,32614,100,0
6127.76880077,6127.76851139,2315.78874931,2315.80035150,0.05032390,760.11766495,0.01998449,0.01998449,32613,100,0
6127.95660495,6127.95642391,2323.32650552,2323.33377143,0.02954149,760.17709099,0.01998449,0.01998449,32612,100,0
6128.14436405,6128.14434795,2330.87196686,2330.87261394,0.04989850,760.23551055,0.01998449,0.01998449,32611,100,0
6128.33217338,6128.33228351,2338.42496846,2338.42054023,0.03265150,760.29294903,0.01998449,0.01998449,32610,100,0
6128.52020213,6128.52023061,2345.98539473,2345.98424859,0.04279890,760.34945220,0.01998449,0.01998449,32609,100,0
6128.70759396,6128.70818923,2353.55350148,2353.52952138,0.01824815,760.40476505,0.01998449,0.01998449,32608,100,0
6128.89593620,6128.89615938,2361.12971289,2361.12071248,0.05172107,760.45935362,0.01998449,0.01998449,32607,100,0
6129.08327128,6129.08414107,2368.71445664,2368.67934292,0.03565439,760.51265078,0.01998449,0.01998449,32606,100,0
6129.27118965,6129.27213429,2376.30816093,2376.26998195,0.06044054,760.56511198,0.01998449,0.01998449,32605,100,0
6129.46039479,6129.46013904,2383.91101335,2383.92136191,0.05158390,760.61691629,0.01998449,0.01998449,32604,100,0
6129.64834954,6129.64815532,2391.52274286,2391.53061011,0.03628272,760.66736333,0.01998449,0.01998449,32603,100,0
6129.83597986,6129.83618314,2399.14302554,2399.13478272,0.04651808,760.71670875,0.01998449,0.01998449,32602,100,0
6130.02391041,6130.02422250,2406.77153535,2406.75886817,0.05882808,760.76511161,0.01998449,0.01998449,32601,100,0
6130.21222734,6130.21227339,2414.40797397,2414.40610292,0.03396829,760.81258341,0.01998449,0.01998449,32600,100,0
6130.40010312,6130.40033582,2422.05230846,2422.04284484,0.04929538,760.85891265,0.01998449,0.01998449,32599,100,0
6130.58840275,6130.58840980,2429.70464629,2429.70435953,0.05731942,760.90431029,0.01998449,0.01998449,32598,100,0
6130.77645809,6130.77649531,2437.36509683,2437.36358036,0.03580171,760.94861122,0.01998449,0.01998449,32597,100,0
6130.96434925,6130.96459236,2445.03377069,2445.02385385,0.04223008,760.99183508,0.01998449,0.01998449,32596,100,0
6131.15309819,6131.15270096,2452.71084404,2452.72706419,0.05536418,761.03420891,0.01998449,0.01998449,32595,100,0
6131.34072123,6131.34082110,2460.39662142,2460.39253899,0.03258938,761.07528785,0.01998449,0.01998449,32594,100,0
6131.52898704,6131.52895279,2468.09142414,2468.09282600,0.05576597,761.11546135,0.01998449,0.01998449,32593,100,0
6131.71756543,6131.71709602,2475.79557561,2475.81480875,0.05010660,761.15464897,0.01998449,0.01998449,32592,100,0
6131.90495820,6131.90525080,2483.50933436,2483.49733176,0.03044607,761.19254418,0.01998449,0.01998449,32591,100,0
6132.09310830,6132.09341712,2491.23242026,2491.21973786,0.06028434,761.22953829,0.01998449,0.01998449,32590,100,0
6132.28138124,6132.28159500,2498.96429012,2498.95550278,0.04486865,761.26549290,0.01998449,0.01998449,32589,100,0
6132.47052470,6132.46978443,2506.70439541,2506.73485683,0.05893674,761.30053634,0.01998450,0.01998449,32588,100,0
6132.65802721,6132.65798540,2514.45218940,2514.45391108,0.02875262,761.33420424,0.01998449,0.01998449,32587,100,0
6132.84613150,6132.84619794,2522.20748364,2522.20474477,0.05068243,761.36690436,0.01998449,0.01998449,32586,100,0
6133.03406566,6133.03442202,2529.97066727,2529.95596205,0.05483636,761.39849740,0.01998449,0.01998449,32585,100,0
6133.22312501,6133.22265766,2537.74218392,2537.76148935,0.05633653,761.42919142,0.01998449,0.01998449,32584,100,0
6133.41038324,6133.41090485,2545.52248022,2545.50091009,0.03147069,761.45851548,0.01998449,0.01998449,32583,100,0
6133.59950215,6133.59916360,2553.31193408,2553.32594979,0.05901236,761.48704028,0.01998449,0.01998449,32582,100,0
6133.78818282,6133.78743391,2561.11052924,2561.14156804,0.04839170,761.51440295,0.01998450,0.01998449,32581,100,0
6133.97539345,6133.97571578,2568.91811285,2568.90473984,0.03823953,761.54046627,0.01998449,0.01998449,32580,100,0
6134.16367383,6134.16400920,2576.73453087,2576.72060151,0.05482036,761.56558319,0.01998449,0.01998449,32579,100,0
6134.35222024,6134.35231419,2584.55963360,2584.55572761,0.02366730,761.58963078,0.01998449,0.01998449,32578,100,0
6134.54001536,6134.54063074,2592.39340405,2592.36779148,0.05730217,761.61248000,0.01998449,0.01998449,32577,100,0
6134.72880091,6134.72895885,2600.23596408,2600.22938331,0.05185076,761.63433745,0.01998449,0.01998449,32576,100,0
6134.91760069,6134.91729853,2608.08744277,2608.10004592,0.04195330,761.65507796,0.01998449,0.01998449,32575,100,0
6135.10570934,6135.10564977,2615.94797006,2615.95045735,0.05282826,761.67462674,0.01998449,0.01998449,32574,100,0
6135.29383385,6135.29401258,2623.81768021,2623.81020878,0.05319344,761.69305986,0.01998449,0.01998449,32573,100,0
6135.48317739,6135.48238695,2631.69671852,2631.72979848,0.05371161,761.71048073,0.01998449,0.01998449,32572,100,0
6135.67069312,6135.67077290,2639.58523312,2639.58189054,0.06413640,761.72661095,0.01998449,0.01998449,32571,100,0
6135.85918325,6135.85917041,2647.48337317,2647.48391190,0.07235351,761.74169561,0.01998449,0.01998449,32570,100,0
6136.04804052,6136.04757949,2655.39127034,2655.41063176,0.02363235,761.75567028,0.01998449,0.01998449,32569,100,0
6136.23572149,6136.23600015,2663.30888985,2663.29717351,0.04956051,761.76842402,0.01998449,0.01998449,32568,100,0
6136.42425552,6136.42443237,2671.23610764,2671.22866330,0.04446880,761.78009346,0.01998449,0.01998449,32567,100,0
6136.61258653,6136.61287618,2679.17279792,2679.16059225,0.04599326,761.79060323,0.01998449,0.01998449,32566,100,0
6136.80189791,6136.80133155,2687.11883696,2687.14273022,0.03575792,761.80000817,0.01998449,0.01998449,32565,100,0
6136.99002164,6136.98979850,2695.07421865,2695.08364263,0.04109914,761.80819859,0.01998449,0.01998449,32564,100,0
6137.17883140,6137.17827703,2703.03909175,2703.06253189,0.04329444,761.81525696,0.01998449,0.01998449,32563,100,0
6137.36633491,6137.36676714,2711.01361649,2710.99531929,0.04857993,761.82111071,0.01998449,0.01998449,32562,100,0
6137.55510854,6137.55526883,2718.99795416,2718.99116086,0.03603514,761.82583669,0.01998449,0.01998449,32561,100,0
6137.74450042,6137.74378209,2726.99217595,2727.02265565,0.04844662,761.82939694,0.01998450,0.01998449,32560,100,0
6137.93242320,6137.93230694,2734.99606547,2735.00100415,0.04423300,761.83175599,0.01998449,0.01998449,32559,100,0
6138.12107450,6138.12084337,2743.00934801,2743.01917722,0.04386176,761.83294434,0.01998449,0.01998449,32558,100,0
6138.30957085,6138.30939138,2751.03174685,2751.03938680,0.03818890,761.83294714,0.01998449,0.01998449,32557,100,0
6138.49742649,6138.49795098,2759.06303704,2759.04068604,0.04661292,761.83176817,0.01998449,0.01998449,32556,100,0
6138.68675243,6138.68652216,2767.10341231,2767.11323611,0.05232867,761.82938256,0.01998449,0.01998449,32555,100,0
6138.87502986,6138.87510493,2775.15326531,2775.15005931,0.04343592,761.82581405,0.01998449,0.01998449,32554,100,0
6139.06423975,6139.06369928,2783.21299264,2783.23610364,0.05654682,761.82102196,0.01998450,0.01998449,32553,100,0
6139.25211157,6139.25230523,2791.28298281,2791.27469160,0.05691880,761.81506324,0.01998449,0.01998449,32552,100,0
6139.44031336,6139.44092276,2799.36338606,2799.33726307,0.05095448,761.80789018,0.01998449,0.01998449,32551,100,0
6139.62911965,6139.62955189,2807.45411811,2807.43556733,0.06135832,761.79947907,0.01998449,0.01998449,32550,100,0
6139.81785323,6139.81819261,2815.55508421,2815.54050151,0.05676602,761.78985068,0.01998449,0.01998449,32549,100,0
6140.00779162,6140.00684492,2823.66618909,2823.70691654,0.04988930,761.77892460,0.01998450,0.01998449,32548,100,0
6140.19578134,6140.19550882,2831.78736329,2831.79910086,0.03879816,761.76688531,0.01998450,0.01998449,32547,100,0
6140.38438184,6140.38418432,2839.91858750,2839.92710498,0.04030709,761.75357774,0.01998450,0.01998449,32546,100,0
6140.57294283,6140.57287142,2848.05984784,2848.06293089,0.03999878,761.73903798,0.01998449,0.01998449,32545,100,0
6140.76141691,6140.76157011,2856.21113032,2856.20450856,0.04411270,761.72326671,0.01998449,0.01998449,32544,100,0
6140.95076142,6140.95028040,2864.37240035,2864.39321514,0.05479853,761.70617190,0.01998450,0.01998449,32543,100,0
6141.13893015,6141.13900229,2872.54354770,2872.54042241,0.06199149,761.68793734,0.01998449,0.01998449,32542,100,0
6141.32809807,6141.32773578,2880.72444389,2880.74015638,0.04850770,761.66835013,0.01998450,0.01998449,32541,100,0
6141.51606129,6141.51648088,2888.91495944,2888.89674152,0.04233286,761.64763673,0.01998449,0.01998449,32540,100,0
6141.70488033,6141.70523757,2897.11501264,2897.09948443,0.04445163,761.62556973,0.01998449,0.01998449,32539,100,0
6141.89426777,6141.89400587,2905.32486034,2905.33625731,0.05070509,761.60216360,0.01998450,0.01998449,32538,100,0
6142.08257862,6142.08278577,2913.54490533,2913.53587981,0.05042938,761.57762138,0.01998449,0.01998449,32537,100,0
6142.27182214,6142.27157728,2921.77555392,2921.78623569,0.04756158,761.55167696,0.01998450,0.01998449,32536,100,0
6142.46073309,6142.46038040,2930.01718576,2930.03259143,0.03970382,761.52449187,0.01998450,0.01998449,32535,100,0
6142.64919273,6142.64919512,2938.26979333,2938.26968874,0.04122757,761.49608651,0.01998449,0.01998449,32534,100,0
6142.83750569,6142.83802145,2946.53309421,2946.51051028,0.05957258,761.46641741,0.01998449,0.01998449,32533,100,0
6143.02707533,6143.02685940,2954.80679801,2954.81626445,0.04713332,761.43524856,0.01998450,0.01998449,32532,100,0
6143.21513271,6143.21570895,2963.09062330,2963.06533213,0.02837348,761.40303453,0.01998449,0.01998450,32531,100,0
6143.40485499,6143.40457012,2971.38458532,2971.39710299,0.05947890,761.36922505,0.01998450,0.01998450,32530,100,0
6143.59369140,6143.59344290,2979.68902264,2979.69995550,0.04711382,761.33426078,0.01998450,0.01998450,32529,100,0
6143.78202309,6143.78232729,2988.00429252,2987.99089241,0.03205068,761.29807954,0.01998449,0.01998450,32528,100,0
6143.97032348,6143.97122330,2996.33075207,2996.29106249,0.04525553,761.26058969,0.01998449,0.01998450,32527,100,0
6144.15980382,6144.16013092,3004.66858478,3004.65413815,0.05989144,761.22153227,0.01998449,0.01998450,32526,100,0
6144.34857737,6144.34905017,3013.01769852,3012.99679021,0.02872036,761.18128670,0.01998449,0.01998450,32525,100,0
6144.53836727,6144.53798103,3021.37797614,3021.39507827,0.04159270,761.13947797,0.01998450,0.01998450,32524,100,0
6144.72744932,6144.72692351,3029.74929999,3029.77261128,0.04873210,761.09647834,0.01998450,0.01998450,32523,100,0
6144.91603556,6144.91587761,3038.13164119,3038.13865239,0.03539023,761.05224778,0.01998450,0.01998450,32522,100,0
6145.10469822,6145.10484334,3046.52516592,3046.51871590,0.05271694,761.00665085,0.01998449,0.01998450,32521,100,0
6145.29386363,6145.29382069,3054.93006724,3054.93197863,0.04218689,760.95957232,0.01998450,0.01998450,32520,100,0
6145.48252215,6145.48280966,3063.34653953,3063.33372704,0.05944012,760.91125739,0.01998449,0.01998450,32519,100,0
6145.66738334,6145.67181025,0.00000000,3071.57936287,0.11957900,760.86257632,0.01998448,0.01998450,32518,100,1
6145.86010791,6145.86082248,3080.21388647,3080.18196227,0.03510167,760.81045333,0.01998449,0.01998450,32517,100,0
6146.05078046,6146.04984632,3088.66383532,3088.70561849,0.05932602,760.75746466,0.01998450,0.01998450,32516,100,0
6146.23864765,6146.23888180,3097.12395649,3097.11347160,0.03505260,760.70388528,0.01998450,0.01998450,32515,100,0
6146.42792847,6146.42792891,3105.59396667,3105.59394703,0.05221184,760.64852460,0.01998450,0.01998450,32514,100,0
6146.61742027,6146.61698765,3114.07440639,3114.09382393,0.03294419,760.59170858,0.01998450,0.01998450,32513,100,0
6146.80581979,6146.80605802,3122.56600564,3122.55529951,0.05047587,760.53382808,0.01998450,0.01998450,32512,100,0
6146.99522258,6146.99514002,3131.06950025,3131.07321599,0.02699969,760.47423015,0.01998450,0.01998450,32511,100,0
6147.18479005,6147.18423365,3139.58545477,3139.61053002,0.05515453,760.41315621,0.01998450,0.01998450,32510,100,0
6147.37344427,6147.37333892,3148.11369280,3148.11844662,0.03225228,760.35095772,0.01998450,0.01998450,32509,100,0
6147.56232104,6147.56245583,3156.65384041,3156.64774974,0.05463628,760.28726534,0.01998450,0.01998450,32508,100,0
6147.75127016,6147.75158437,3165.20552054,3165.19130394,0.04084382,760.22212403,0.01998450,0.01998450,32507,100,0
6147.94023492,6147.94072456,3173.76845017,3173.74626919,0.05882622,760.15554941,0.01998449,0.01998450,32506,100,0
6148.12981071,6148.12987638,3182.34279303,3182.33981468,0.03878020,760.08731829,0.01998450,0.01998450,32505,100,0
6148.31987882,6148.31903984,3190.92884377,3190.96695030,0.03557213,760.01745321,0.01998450,0.01998450,32504,100,0
6148.50776427,6148.50821494,3199.52689945,3199.50640270,0.05326564,759.94694915,0.01998449,0.01998450,32503,100,0
6148.69772651,6148.69740168,3208.13718512,3208.15197867,0.05554317,759.87420165,0.01998450,0.01998450,32502,100,0
6148.88652794,6148.88660007,3216.75957452,3216.75628506,0.03459693,759.80043560,0.01998450,0.01998450,32501,100,0
6149.07539908,6149.07581010,3225.39383549,3225.37506715,0.05861635,759.72517951,0.01998450,0.01998450,32500,100,0
6149.26531174,6149.26503178,3234.03973382,3234.05253383,0.02714248,759.64802996,0.01998450,0.01998450,32499,100,0
6149.45361448,6149.45426510,3242.69711481,3242.66733022,0.05013438,759.57006690,0.01998449,0.01998450,32498,100,0
6149.64360418,6149.64351007,3251.36619492,3251.37050877,0.05114183,759.48991722,0.01998450,0.01998450,32497,100,0
6149.83289917,6149.83276669,3260.04729873,3260.05337958,0.05774672,759.40856563,0.01998450,0.01998450,32496,100,0
6150.02254959,6150.02203496,3268.74075347,3268.76440771,0.03012278,759.32555621,0.01998450,0.01998450,32495,100,0
6150.21156795,6150.21131488,3277.44682613,3277.45847420,0.04351329,759.24131628,0.01998450,0.01998450,32494,100,0
6150.40017534,6150.40060645,3286.16552697,3286.14565617,0.05503995,759.15575395,0.01998449,0.01998450,32493,100,0
6150.59033695,6150.58990968,3294.89679966,3294.91652055,0.03466775,759.06795879,0.01998450,0.01998450,32492,100,0
6150.77810774,6150.77922456,3303.64058730,3303.58897038,0.05912003,758.97975716,0.01998449,0.01998450,32491,100,0
6150.96855164,6150.96855109,3312.39683717,3312.39686248,0.04683113,758.88876175,0.01998450,0.01998450,32490,100,0
6151.15768990,6151.15788928,3321.16551254,3321.15627231,0.03442158,758.79685178,0.01998450,0.01998450,32489,100,0
6151.34673007,6151.34723913,3329.94657987,3329.92295635,0.05539251,758.70345224,0.01998449,0.01998450,32488,100,0
6151.53776067,6151.53660064,3338.74000538,3338.79391044,0.05700132,758.60750271,0.01998450,0.01998450,32487,100,0
6151.72584278,6151.72597381,3347.54584849,3347.53975140,0.04274654,758.51148933,0.01998450,0.01998450,32486,100,0
6151.91557525,6151.91535863,3356.36442667,3356.37452015,0.04751598,758.41307119,0.01998450,0.01998450,32485,100,0
6152.10479353,6152.10475512,3365.19610396,3365.19789628,0.04564274,758.31334706,0.01998450,0.01998450,32484,100,0
6152.29486137,6152.29416327,3374.04124620,3374.07387066,0.03159891,758.21158369,0.01998450,0.01998450,32483,100,0
6152.48319874,6152.48358309,3382.90002276,3382.88203441,0.05272306,758.10916533,0.01998450,0.01998450,32482,100,0
6152.67264144,6152.67301457,3391.77219177,3391.75470369,0.04754033,758.00455432,0.01998450,0.01998450,32481,100,0
6152.86214423,6152.86245772,3400.65745803,3400.64274483,0.03667064,757.89831048,0.01998450,0.01998450,32480,100,0
6153.05164365,6153.05191253,3409.55552692,3409.54288993,0.04254517,757.79046619,0.01998450,0.01998450,32479,100,0
6153.24145261,6153.24137901,3418.46627681,3418.46974053,0.04664567,757.68083505,0.01998450,0.01998450,32478,100,0
6153.43110844,6153.43085716,3427.38984526,3427.40168774,0.04645430,757.56967465,0.01998450,0.01998450,32477,100,0
6153.61979615,6153.62034698,3436.32639202,3436.30039586,0.05102690,757.45746908,0.01998450,0.01998450,32476,100,0
6153.81047434,6153.80984847,3445.27607899,3445.30565805,0.05226002,757.34243761,0.01998450,0.01998450,32475,100,0
6153.99986222,6153.99936164,3454.23908911,3454.26278104,0.04730372,757.22654189,0.01998450,0.01998450,32474,100,0
6154.18873443,6154.18888648,3463.21562679,3463.20841999,0.04074208,757.10932245,0.01998450,0.01998450,32473,100,0
6154.37894729,6154.37842299,3472.20589907,3472.23078661,0.04227876,756.98960730,0.01998450,0.01998450,32472,100,0
6154.56918705,6154.56797118,3481.21009502,3481.26789640,0.05677447,756.86819624,0.01998450,0.01998450,32471,100,0
6154.75747329,6154.75753104,3490.22817202,3490.22542267,0.05112174,756.74637268,0.01998450,0.01998450,32470,100,0
6154.94747016,6154.94710259,3499.25993448,3499.27745925,0.04545003,756.62176527,0.01998450,0.01998450,32469,100,0
6155.13569789,6155.13668581,3508.30518231,3508.25801425,0.05703046,756.49665333,0.01998450,0.01998450,32468,100,0
6155.32600304,6155.32628071,3517.36371291,3517.35043711,0.04285284,756.36847253,0.01998450,0.01998450,32467,100,0
6155.51613371,6155.51588729,3526.43531800,3526.44711567,0.04561972,756.23871099,0.01998450,0.01998450,32466,100,0
6155.70609805,6155.70550556,3535.51978587,3535.54819093,0.04533271,756.10736458,0.01998450,0.01998450,32465,100,0
6155.89429023,6155.89513551,3544.61690281,3544.57632603,0.04048006,755.97556664,0.01998450,0.01998450,32464,100,0
6156.08450381,6156.08477714,3553.72672067,3553.71358170,0.05132630,755.84065031,0.01998450,0.01998450,32463,100,0
6156.27390350,6156.27443046,3562.85018259,3562.82481364,0.05942228,755.70459031,0.01998450,0.01998450,32462,100,0
6156.46446866,6156.46409546,3571.98842549,3572.00642139,0.04879528,755.56593596,0.01998450,0.01998450,32461,100,0
6156.65438906,6156.65377216,3581.14258659,3581.17238563,0.04548452,755.42597249,0.01998450,0.01998450,32460,100,0
6156.84474292,6156.84346054,3590.31299348,3590.37504099,0.05250133,755.28389550,0.01998450,0.01998450,32459,100,0
6157.03300536,6157.03316061,3599.49856417,3599.49104139,0.04486937,755.14162196,0.01998450,0.01998450,32458,100,0
6157.22302000,6157.22287237,3608.69806680,3608.70523078,0.05071850,754.99626415,0.01998450,0.01998450,32457,100,0
6157.41184072,6157.41259582,3617.91033495,3617.87364641,0.07676963,754.85007996,0.01998450,0.01998450,32456,100,0
6157.60175431,6157.60233097,3627.13561567,3627.10755729,0.04318986,754.70129032,0.01998450,0.01998450,32455,100,0
6157.79204205,6157.79207781,3636.37541263,3636.37367001,0.04360387,754.55040694,0.01998450,0.01998450,32454,100,0
6157.98143466,6157.98183635,3645.63128647,3645.61167610,0.04140478,754.39841084,0.01998450,0.01998450,32453,100,0
6158.17154718,6158.17160658,3654.90453668,3654.90163150,0.03229377,754.24397881,0.01998450,0.01998450,32452,100,0
6158.36168161,6158.36138851,3664.19459477,3664.20895426,0.03918180,754.08766806,0.01998450,0.01998450,32451,100,0
6158.55120540,6158.55118213,3673.50010209,3673.50124381,0.03581902,753.93002219,0.01998450,0.01998450,32450,100,0
6158.74102226,6158.74098746,3682.81968494,3682.82139465,0.04136934,753.77031027,0.01998450,0.01998450,32449,100,0
6158.93025209,6158.93080449,3692.15253908,3692.12535988,0.05384278,753.60928415,0.01998450,0.01998450,32448,100,0
6159.12196144,6159.12063322,3701.49946780,3701.56491772,0.03616881,753.44428624,0.01998450,0.01998450,32447,100,0
6159.31059801,6159.31047365,3710.86155960,3710.86769759,0.04513070,753.28007779,0.01998450,0.01998450,32446,100,0
6159.50045723,6159.50032579,3720.23988622,3720.24638495,0.04759846,753.11292035,0.01998450,0.01998450,32445,100,0
6159.69086673,6159.69018963,3729.63470417,3729.66823635,0.05203865,752.94336684,0.01998450,0.01998450,32444,100,0
6159.88045204,6159.88006517,3739.04531725,3739.06450615,0.05176097,752.77264990,0.01998450,0.01998450,32443,100,0
6160.07035998,6160.06995243,3748.47096908,3748.49121402,0.03950097,752.59975052,0.01998450,0.01998450,32442,100,0
6160.25908719,6160.25985139,3757.91098931,3757.87297291,0.03948911,752.42605525,0.01998450,0.01998450,32441,100,0
6160.44845793,6160.44976206,3767.36542327,3767.30045103,0.07936875,752.24988528,0.01998450,0.01998450,32440,100,0
6160.63977729,6160.63968444,3776.83465282,3776.83928543,0.06957634,752.06997325,0.01998450,0.01998450,32439,100,0
6160.82820706,6160.82961854,3786.31906521,3786.24852804,0.03571842,751.89086849,0.01998450,0.01998450,32438,100,0
6161.01811132,6161.01956434,3795.81898561,3795.74625727,0.04980564,751.70843068,0.01998450,0.01998450,32437,100,0
6161.20833025,6161.20952186,3805.33457367,3805.27483489,0.06082234,751.52373587,0.01998450,0.01998450,32436,100,0
6161.39994311,6161.39949109,3814.86596377,3814.88866091,0.04537998,751.33569916,0.01998450,0.01998450,32435,100,0
6161.58989470,6161.58947204,3824.41328723,3824.43454457,0.03208888,751.14731230,0.01998450,0.01998450,32434,100,0
6161.77974072,6161.77946471,3833.97659253,3833.99049697,0.05746690,750.95705108,0.01998450,0.01998450,32433,100,0
6161.96892887,6161.96946909,3843.55585219,3843.52859445,0.03751473,750.76547357,0.01998450,0.01998450,32432,100,0
6162.15882619,6162.15948520,3853.15103551,3853.11773145,0.06219061,750.57118732,0.01998450,0.01998450,32431,100,0
6162.34925293,6162.34951302,3862.76222812,3862.74906259,0.06044135,750.37434699,0.01998450,0.01998450,32430,100,0
6162.53953568,6162.53955256,3872.39006769,3872.38921147,0.03522512,750.17562127,0.01998450,0.01998450,32429,100,0
6162.72867414,6162.72960383,3882.03536088,3881.98813555,0.05655487,749.97605041,0.01998450,0.01998450,32428,100,0
6162.91916027,6162.91966682,3891.69890588,3891.67312678,0.02933605,749.77297604,0.01998450,0.01998450,32427,100,0
6163.10925975,6163.10974154,3901.38075500,3901.35619262,0.06355617,749.56822089,0.01998450,0.01998450,32426,100,0
6163.30067096,6163.29982798,3911.07991331,3911.12296241,0.06357787,749.35995245,0.01998450,0.01998450,32425,100,0
6163.48898996,6163.48992614,3920.79529805,3920.74741608,0.03995257,749.15300614,0.01998450,0.01998450,32424,100,0
6163.68086645,6163.68003604,3930.52606957,3930.56860734,0.06360148,748.94007705,0.01998450,0.01998450,32423,100,0
6163.86915677,6163.87015766,3940.27310968,3940.22175306,0.05574498,748.72906630,0.01998450,0.01998450,32422,100,0
6164.06040341,6164.06029101,3950.03802973,3950.04380762,0.05512440,748.51260813,0.01998450,0.01998450,32421,100,0
6164.25110981,6164.25043610,3959.82244309,3959.85714590,0.04622413,748.29457408,0.01998450,0.01998450,32420,100,0
6164.44142170,6164.44059291,3969.62665298,3969.66942325,0.06538398,748.07479675,0.01998450,0.01998450,32419,100,0
6164.63049044,6164.63076146,3979.44871396,3979.43470471,0.02588636,747.85431803,0.01998450,0.01998450,32418,100,0
6164.82162224,6164.82094174,3989.28644142,3989.32166670,0.05808933,747.62930947,0.01998450,0.01998450,32417,100,0
6165.01201413,6165.01113376,3999.13803176,3999.18366500,0.04960064,747.40308228,0.01998450,0.01998450,32416,100,0
6165.20179741,6165.20133752,4009.00470010,4009.02857634,0.05367561,747.17546728,0.01998450,0.01998450,32415,100,0
6165.39208557,6165.39155301,4018.88905550,4018.91675616,0.05076260,746.94506198,0.01998450,0.01998450,32414,100,0
6165.58169585,6165.58178024,4028.79371884,4028.78932011,0.05252906,746.71323104,0.01998450,0.01998450,32413,100,0
6165.77248624,6165.77201921,4038.71971620,4038.74410849,0.05300126,746.47765883,0.01998450,0.01998450,32412,100,0
6165.96277973,6165.96226992,4048.66542149,4048.69209676,0.04791708,746.24043153,0.01998450,0.01998450,32411,100,0
6166.15266315,6166.15253237,4058.62894358,4058.63579751,0.04786825,746.00149233,0.01998450,0.01998450,32410,100,0
6166.34357112,6166.34280657,4068.60865708,4068.64878809,0.04676361,745.75905547,0.01998450,0.01998450,32409,100,0
6166.53345502,6166.53309251,4078.60472152,4078.62378065,0.06601885,745.51571010,0.01998450,0.01998450,32408,100,0
nan,nan,0.00000000,-1.00000000,0.00000000,745.26064002,nan,0.00000000,-2147483648,100,1
nan,nan,0.00000000,-1.00000000,0.00000000,738.79696002,nan,0.00000000,-2147483648,99,1
nan,nan,0.00000000,-1.00000000,0.00000000,739.05134127,nan,0.00000000,-2147483648,99,1
6122.88739550,6122.88682810,12.49163848,12.50898354,0.01534129,739.33108273,0.01998449,0.01998449,32639,99,0
6123.07642349,6123.07444132,18.22848431,18.28911300,0.06836275,739.62398979,0.01998450,0.01998449,32638,99,0
6123.26882329,nan,0.00000000,24.17399964,0.11907936,739.92157105,0.01998451,0.01998449,32637,99,1
6123.44644966,6123.44970224,0.00000000,29.61136001,0.06469914,740.19595336,0.01998448,0.01998449,32636,99,1
6123.63741067,6123.63734996,35.46115928,35.46301944,0.03047246,740.49063176,0.01998449,0.01998449,32635,99,0
6123.82487028,6123.82500917,41.21288277,41.20862436,0.14033079,740.77935372,0.01998449,0.01998449,32634,99,0
6124.01285723,6124.01267989,46.96826511,46.97370512,0.04360941,741.06844113,0.01998449,0.01998449,32633,99,0
6124.20424071,6124.20036211,0.00000000,52.84050714,0.12009668,741.36199869,0.01998450,0.01998449,32632,99,1
6124.38779238,6124.38805584,58.48950750,58.48141702,0.02689468,741.64365340,0.01998449,0.01998449,32631,99,0
6124.57559511,6124.57576107,64.25511695,64.25001815,0.05617772,741.93107561,0.01998449,0.01998449,32630,99,0
6124.76328864,6124.76347781,70.02388413,70.01806940,0.08857451,742.21785548,0.01998449,0.01998449,32629,99,0
6124.95213612,6124.95120605,75.79574653,75.82434925,0.13945874,742.50591498,0.01998449,0.01998449,32628,99,0
6125.14300610,6125.13894581,0.00000000,81.69008040,0.07783919,742.79629126,0.01998450,0.01998449,32627,99,1
6125.33140594,6125.32669707,0.00000000,87.48964985,0.05668924,743.08276706,0.01998451,0.01998449,32626,99,1
6125.51355292,6125.51445985,93.13117987,93.10324440,0.07931730,743.35946436,0.01998449,0.01998449,32625,99,0
6125.69906308,6125.70223413,0.00000000,98.81681194,0.13949981,743.64049128,0.01998448,0.01998449,32624,99,1
6125.88326179,nan,0.00000000,104.49651262,0.04466822,743.91925441,0.01998447,0.01998449,32623,99,1
6126.07761030,6126.07781725,110.49941899,110.49303293,0.08802712,744.21292017,0.01998449,0.01998449,32622,99,0
6126.26359612,6126.26562608,116.29657849,116.23390033,0.07820822,744.49344319,0.01998448,0.01998449,32621,99,0
6126.45307859,6126.45344643,122.09758692,122.08622275,0.11858739,744.77878534,0.01998449,0.01998449,32620,99,0
6126.64223732,6126.64127829,127.90241108,127.93205827,0.10484468,745.06317920,0.01998449,0.01998449,32619,99,0
6126.82951623,6126.82912167,133.71101762,133.72322192,0.06383221,745.34429051,0.01998449,0.01998449,32618,99,0
6127.01649285,6127.01697657,139.52337302,139.50840217,0.07652874,745.62449243,0.01998449,0.01998449,32617,99,0
6127.20126189,6127.20484299,0.00000000,145.22900234,0.07865197,745.90095814,0.01998448,0.01998449,32616,99,1
6127.39009772,6127.39272094,0.00000000,151.07829003,0.04994746,746.18301760,0.01998448,0.01998449,32615,99,1
6127.57955127,6127.58061040,156.98248132,156.94964625,0.05855961,746.46550523,0.01998449,0.01998449,32614,99,0
6127.76960731,6127.76851139,162.80935243,162.84334644,0.07523059,746.74842704,0.01998450,0.01998449,32613,99,0
6127.95660639,6127.95642391,168.63971695,168.64538045,0.08240675,747.02632133,0.01998449,0.01998449,32612,99,0
6128.14287390,6128.14434795,174.47352129,174.42774996,0.06711760,747.30265466,0.01998449,0.01998449,32611,99,0
6128.33469433,6128.33228351,0.00000000,180.38834753,0.12418342,747.58685840,0.01998450,0.01998449,32610,99,1
6128.52044914,6128.52023061,186.15163304,186.15842646,0.11696358,747.86135254,0.01998449,0.01998449,32609,99,0
6128.71138791,6128.70818923,0.00000000,192.10052467,0.04147847,748.14338675,0.01998450,0.01998449,32608,99,1
6128.89419317,6128.89615938,197.84465028,197.78345561,0.05275178,748.41250930,0.01998448,0.01998449,32607,99,0
6129.08412544,6129.08414107,203.69709794,203.69661118,0.12176900,748.69190068,0.01998449,0.01998449,32606,99,0
6129.27092305,6129.27213429,209.55368807,209.51594190,0.04160650,748.96622787,0.01998449,0.01998449,32605,99,0
6129.45906145,6129.46013904,215.41443057,215.38082784,0.07530056,749.24206918,0.01998449,0.01998449,32604,99,0
6129.64709770,6129.64815532,221.27919069,221.24619045,0.08602823,749.51729699,0.01998449,0.01998449,32603,99,0
6129.83954056,6129.83618314,0.00000000,227.25857253,0.04211930,749.79876352,0.01998450,0.01998449,32602,99,1
6130.02342450,6130.02422250,233.02019060,232.99526253,0.07029163,750.06670068,0.01998449,0.01998449,32601,99,0
6130.21402181,6130.21227339,238.89614242,238.95078934,0.07862462,750.34421519,0.01998450,0.01998449,32600,99,0
6130.39880060,6130.40033582,244.77554460,244.72753636,0.07274458,750.61277251,0.01998449,0.01998449,32599,99,0
6130.58919571,6130.58840980,250.65839748,250.68298716,0.05592153,750.88899184,0.01998449,0.01998449,32598,99,0
6130.77625643,6130.77649531,256.54481042,256.53733242,0.04952870,751.15988274,0.01998449,0.01998449,32597,99,0
6130.96682542,6130.96459236,262.43489620,262.50484260,0.06112416,751.43535790,0.01998450,0.01998449,32596,99,0
6131.15488527,6131.15270096,0.00000000,268.40604985,0.00798718,751.70712495,0.01998450,0.01998449,32595,99,1
6131.34105948,6131.34082110,274.22653959,274.23401518,0.08112987,751.97488716,0.01998449,0.01998449,32594,99,0
6131.52905891,6131.52895279,280.12831646,280.13164676,0.05095989,752.24521094,0.01998449,0.01998449,32593,99,0
6131.71640680,6131.71709602,286.03413003,286.01248885,0.08177962,752.51412489,0.01998449,0.01998449,32592,99,0
6131.90622850,6131.90525080,291.94397302,291.97469156,0.02223524,752.78610653,0.01998449,0.01998449,32591,99,0
6132.09480989,6132.09341712,297.85783778,297.90162437,0.08455136,753.05582789,0.01998450,0.01998449,32590,99,0
6132.28029662,6132.28159500,303.77571663,303.73487216,0.05844898,753.32065175,0.01998449,0.01998449,32589,99,0
6132.46915390,6132.46978443,309.69760187,309.67775464,0.05508960,753.58980601,0.01998449,0.01998449,32588,99,0
6132.65729053,6132.65798540,315.62348872,315.60160239,0.07341735,753.85744838,0.01998449,0.01998449,32587,99,0
6132.84483328,6132.84619794,321.55338715,321.51037854,0.07778714,754.12376353,0.01998449,0.01998449,32586,99,0
6133.03421387,6133.03442202,327.48731173,327.48074780,0.03171760,754.39219915,0.01998449,0.01998449,32585,99,0
6133.22326706,6133.22265766,333.42527709,333.44450709,0.06627637,754.65967967,0.01998449,0.01998449,32584,99,0
6133.41034037,6133.41090485,339.36729790,339.34947444,0.05469351,754.92387547,0.01998449,0.01998449,32583,99,0
6133.60022629,6133.59916360,345.31338887,345.34696402,0.03995022,755.19155095,0.01998450,0.01998449,32582,99,0
6133.78917554,6133.78743391,351.26354690,351.31860706,0.08528806,755.45741216,0.01998450,0.01998449,32581,99,0
6133.97596322,6133.97571578,357.21772058,357.22554801,0.03561088,755.71974417,0.01998449,0.01998449,32580,99,0
6134.16339467,6134.16400920,363.17585016,363.15639880,0.06040275,755.98248903,0.01998449,0.01998449,32579,99,0
6134.35245075,6134.35231419,369.13787568,369.14220056,0.05840233,756.24700891,0.01998449,0.01998449,32578,99,0
6134.54020761,6134.54063074,375.10373692,375.09032845,0.05092795,756.50920774,0.01998449,0.01998449,32577,99,0
6134.72838331,6134.72895885,381.07337443,381.05512571,0.04511633,756.77148450,0.01998449,0.01998449,32576,99,0
6134.91714211,6134.91729853,387.04678041,387.04181789,0.04202148,757.03406258,0.01998449,0.01998449,32575,99,0
6135.10682794,6135.10564977,393.02402231,393.06142213,0.05065803,757.29741607,0.01998450,0.01998449,32574,99,0
6135.29271569,6135.29401258,399.00517380,398.96398116,0.06238680,757.55499839,0.01998449,0.01998449,32573,99,0
6135.48427711,6135.48238695,404.99030881,405.05038268,0.04049576,757.81992886,0.01998450,0.01998449,32572,99,0
6135.66931456,6135.67077290,410.97950159,410.93312367,0.04827101,758.07534344,0.01998449,0.01998449,32571,99,0
6135.85891452,6135.85917041,416.97282344,416.96468036,0.03486842,758.33655493,0.01998449,0.01998449,32570,99,0
6136.04827833,6136.04757949,422.97029914,422.99255167,0.04581352,758.59693480,0.01998450,0.01998449,32569,99,0
6136.23572197,6136.23600015,428.97191803,428.96305477,0.06699869,758.85417435,0.01998449,0.01998449,32568,99,0
6136.42543697,6136.42443237,434.97766853,435.00969724,0.05604089,759.11402264,0.01998450,0.01998449,32567,99,0
6136.61142729,6136.61287618,440.98753900,440.94131672,0.02826273,759.36827110,0.01998449,0.01998449,32566,99,0
6136.80161238,6136.80133155,447.00151775,447.01048233,0.02688614,759.62774190,0.01998449,0.01998449,32565,99,0
6136.98926798,6136.98979850,453.01959473,453.00264889,0.01710361,759.88325268,0.01998449,0.01998449,32564,99,0
6137.17862660,6137.17827703,459.04176974,459.05294239,0.06245326,760.14056846,0.01998450,0.01998449,32563,99,0
6137.36674844,6137.36676714,465.06804615,465.06744798,0.05341593,760.39569137,0.01998449,0.01998449,32562,99,0
6137.55547060,6137.55526883,471.09842732,471.10488446,0.07007971,760.65111428,0.01998449,0.01998449,32561,99,0
6137.74434091,6137.74378209,477.13291665,477.15081040,0.03069201,760.90622098,0.01998450,0.01998449,32560,99,0
6137.93287605,6137.93230694,483.17151745,483.18975234,0.03985974,761.16035830,0.01998450,0.01998449,32559,99,0
6138.12068857,6138.12084337,489.21421009,489.20924711,0.05031538,761.41300618,0.01998449,0.01998449,32558,99,0
6138.30765597,6138.30939138,495.26091882,495.20524812,0.07484807,761.66400195,0.01998449,0.01998449,32557,99,0
6138.49823952,6138.49795098,501.31155916,501.32082077,0.07125394,761.91931828,0.01998450,0.01998449,32556,99,0
6138.68632705,6138.68652216,507.36604628,507.35978008,0.04756756,762.17075753,0.01998449,0.01998449,32555,99,0
6138.87443763,6138.87510493,513.42429501,513.40285203,0.06371019,762.42169302,0.01998449,0.01998449,32554,99,0
6139.06479179,6139.06369928,519.48622615,519.52135192,0.06032808,762.67507269,0.01998450,0.01998449,32553,99,0
6139.25440149,6139.25230523,0.00000000,525.61447294,0.07364607,762.92671347,0.01998450,0.01998449,32552,99,1
6139.44001966,6139.44092276,531.62161720,531.59254618,0.07979711,763.17293573,0.01998449,0.01998449,32551,99,0
6139.63015702,6139.62955189,537.69557591,537.71506789,0.05521868,763.42442253,0.01998450,0.01998449,32550,99,0
6139.81924825,6139.81819261,543.77404956,543.80807723,0.05251381,763.67400899,0.01998450,0.01998449,32549,99,0
6140.00683254,6140.00684492,549.85729404,549.85689487,0.03539203,763.92110623,0.01998449,0.01998449,32548,99,0
6140.19652471,6140.19550882,555.94551510,555.97831026,0.04239753,764.17048038,0.01998450,0.01998449,32547,99,0
6140.38289974,6140.38418432,562.03856295,561.99706460,0.02557002,764.41499678,0.01998449,0.01998449,32546,99,0
6140.57267828,6140.57287142,568.13613574,568.12989245,0.04952843,764.66345852,0.01998449,0.01998449,32545,99,0
6140.76153420,6140.76157011,574.23792978,574.23676825,0.04343263,764.91017781,0.01998450,0.01998449,32544,99,0
6140.94850621,6140.95028040,580.34364011,580.28622073,0.04082809,765.15389729,0.01998449,0.01998449,32543,99,0
6141.13852825,6141.13900229,586.45296105,586.43761147,0.06705694,765.40102977,0.01998449,0.01998449,32542,99,0
6141.32762754,6141.32773578,592.56574870,592.56224203,0.06035539,765.64639203,0.01998450,0.01998449,32541,99,0
6141.51652173,6141.51648088,598.68224611,598.68357045,0.07123459,765.89092896,0.01998450,0.01998449,32540,99,0
6141.70472567,6141.70523757,604.80275364,604.78615002,0.06415683,766.13402723,0.01998449,0.01998449,32539,99,0
6141.89362714,6141.89400587,610.92757294,610.91528036,0.03906645,766.37749003,0.01998449,0.01998449,32538,99,0
6142.08298876,6142.08278577,617.05700693,617.06360015,0.01899473,766.62101719,0.01998450,0.01998449,32537,99,0
6142.27180279,6142.27157728,623.19134335,623.19867346,0.04884184,766.86332294,0.01998450,0.01998449,32536,99,0
6142.45963897,6142.46038040,629.33057982,629.30646277,0.04974264,767.10385976,0.01998449,0.01998449,32535,99,0
6142.64770653,6142.64919512,635.47446373,635.42601018,0.06978644,767.34416784,0.01998449,0.01998449,32534,99,0
6142.83809384,6142.83802145,641.62273323,641.62509086,0.06892006,767.58689308,0.01998450,0.01998449,32533,99,0
6143.02762687,6143.02685940,647.77512537,647.80013729,0.03612853,767.82797080,0.01998450,0.01998449,32532,99,0
6143.21623329,6143.21570895,653.93137607,653.94847337,0.02555379,768.06730522,0.01998450,0.01998450,32531,99,0
6143.40595432,6143.40457012,660.09130411,660.13646413,0.04212323,768.30747750,0.01998450,0.01998450,32530,99,0
6143.59339763,6143.59344290,666.25510488,666.25362724,0.05334422,768.54420482,0.01998450,0.01998450,32529,99,0
6143.78237167,6143.78232729,672.42308065,672.42453033,0.06588659,768.78231075,0.01998450,0.01998450,32528,99,0
6143.97066767,6143.97122330,678.59553495,678.57737260,0.06824182,769.01901874,0.01998449,0.01998450,32527,99,0
6144.16070812,6144.16013092,684.77277260,684.79165372,0.04305355,769.25737982,0.01998450,0.01998450,32526,99,0
6144.34760577,6144.34905017,690.95509401,690.90780809,0.04288591,769.49127980,0.01998449,0.01998450,32525,99,0
6144.53716117,6144.53798103,697.14255858,697.11569825,0.04784747,769.72798068,0.01998449,0.01998450,32524,99,0
6144.72565673,6144.72692351,703.33489955,703.29336804,0.05779019,769.96282187,0.01998449,0.01998450,32523,99,0
6144.91616855,6144.91587761,709.53182599,709.54137051,0.06065194,770.19961893,0.01998450,0.01998450,32522,99,0
6145.10496840,6145.10484334,715.73304566,715.73715110,0.03855258,770.43372398,0.01998450,0.01998450,32521,99,0
6145.29446620,6145.29382069,721.93826511,721.95946685,0.04565383,770.66811724,0.01998450,0.01998450,32520,99,0
6145.48218033,6145.48280966,728.14724209,728.12656064,0.04695496,770.89972387,0.01998449,0.01998450,32519,99,0
6145.67197370,6145.67181025,734.36008262,734.36545702,0.06154488,771.13331145,0.01998450,0.01998450,32518,99,0
6145.85934775,6145.86082248,740.57703567,740.52851415,0.06168810,771.36335290,0.01998449,0.01998450,32517,99,0
6146.05050096,6146.04984632,746.79835169,746.81990492,0.03787214,771.59746005,0.01998450,0.01998450,32516,99,0
6146.23923800,6146.23888180,753.02428224,753.03601793,0.02465219,771.82804723,0.01998450,0.01998450,32515,99,0
6146.42948871,6146.42792891,759.25507824,759.30650676,0.05024376,772.05992758,0.01998450,0.01998450,32514,99,0
6146.61616201,6146.61698765,765.49086203,765.46361993,0.07270634,772.28690787,0.01998449,0.01998450,32513,99,0
6146.80479973,6146.80605802,771.73153817,771.68999114,0.04005249,772.51572846,0.01998449,0.01998450,32512,99,0
6146.99533528,6146.99514002,777.97698981,777.98344175,0.04492999,772.74628574,0.01998450,0.01998450,32511,99,0
6147.18444202,6147.18423365,784.22709963,784.23398915,0.03253834,772.97454636,0.01998450,0.01998450,32510,99,0
6147.37420404,6147.37333892,790.48174973,790.51037273,0.05282170,773.20302354,0.01998450,0.01998450,32509,99,0
6147.56258443,6147.56245583,796.74083676,796.74509420,0.06363575,773.42926292,0.01998450,0.01998450,32508,99,0
6147.75116409,6147.75158437,803.00437023,802.99044684,0.03289091,773.65516744,0.01998449,0.01998450,32507,99,0
6147.94005661,6147.94072456,809.27241137,809.25026865,0.03155061,773.88087157,0.01998449,0.01998450,32506,99,0
6148.12974057,6148.12987638,815.54502192,815.54051698,0.04477514,774.10694288,0.01998449,0.01998450,32505,99,0
6148.31868779,6148.31903984,821.82226389,821.81057743,0.03772761,774.33156051,0.01998449,0.01998450,32504,99,0
6148.50884999,6148.50821494,828.10419924,828.12529464,0.05810114,774.55704316,0.01998450,0.01998450,32503,99,0
6148.69695208,6148.69740168,834.39086526,834.37592000,0.05376494,774.77951109,0.01998449,0.01998450,32502,99,0
6148.88715894,6148.88660007,840.68225805,840.70084853,0.07251817,775.00388816,0.01998450,0.01998450,32501,99,0
6149.07668817,6149.07581010,846.97836978,847.00759844,0.04686989,775.22688379,0.01998450,0.01998450,32500,99,0
6149.26335896,6149.26503178,853.27919257,853.22347107,0.05159906,775.44594649,0.01998449,0.01998450,32499,99,0
6149.45471396,6149.45426510,859.58471850,859.59968027,0.06072432,775.66991751,0.01998450,0.01998450,32498,99,0
6149.64345634,6149.64351007,865.89495477,865.89316263,0.03566252,775.89024544,0.01998450,0.01998450,32497,99,0
6149.83225751,6149.83276669,872.21000645,872.19301035,0.04072315,776.11006270,0.01998449,0.01998450,32496,99,0
6150.02175267,6150.02203496,878.53001787,878.52058830,0.05862201,776.33010881,0.01998449,0.01998450,32495,99,0
6150.21090474,6150.21131488,884.85513412,884.84142349,0.03856124,776.54918125,0.01998449,0.01998450,32494,99,0
6150.40119546,6150.40060645,891.18550092,891.20520655,0.03505338,776.76899588,0.01998450,0.01998450,32493,99,0
6150.58983099,6150.58990968,897.52125981,897.51862514,0.05816782,776.98633087,0.01998450,0.01998450,32492,99,0
6150.77899470,6150.77922456,903.86236666,903.85466449,0.04402375,777.20370354,0.01998450,0.01998450,32491,99,0
6150.96888049,6150.96855109,910.20853548,910.21958072,0.05014851,777.42131948,0.01998450,0.01998450,32490,99,0
6151.15812005,6151.15788928,916.55946293,916.56720588,0.06503666,777.63759818,0.01998450,0.01998450,32489,99,0
6151.34769144,6151.34723913,922.91484426,922.93003018,0.02541762,777.85364701,0.01998450,0.01998450,32488,99,0
6151.53745270,6151.53660064,929.27437335,929.30299705,0.07037717,778.06928982,0.01998450,0.01998450,32487,99,0
6151.72488001,6151.72597381,935.63784188,935.60107688,0.04211735,778.28166084,0.01998449,0.01998450,32486,99,0
6151.91533510,6151.91535863,942.00546133,942.00466990,0.03144253,778.49683776,0.01998450,0.01998450,32485,99,0
6152.10537284,6152.10475512,948.37755561,948.39834539,0.05676616,778.71092495,0.01998450,0.01998450,32484,99,0
6152.29380011,6152.29416327,954.75445007,954.74221882,0.04564908,778.92259746,0.01998450,0.01998450,32483,99,0
6152.48404913,6152.48358309,961.13647156,961.15217971,0.03234988,779.13571924,0.01998450,0.01998450,32482,99,0
6152.67336725,6152.67301457,967.52392930,967.53582614,0.06180792,779.34721103,0.01998450,0.01998450,32481,99,0
6152.86275376,6152.86245772,973.91682713,973.92682103,0.03074676,779.55819145,0.01998450,0.01998450,32480,99,0
6153.05254598,6153.05191253,980.31492167,980.33632194,0.05340078,779.76902425,0.01998450,0.01998450,32479,99,0
6153.24064084,6153.24137901,986.71796137,986.69300633,0.04056511,779.97736945,0.01998450,0.01998450,32478,99,0
6153.43107247,6153.43085716,993.12569351,993.13297723,0.02756081,780.18768251,0.01998450,0.01998450,32477,99,0
6153.62060972,6153.62034698,999.53786488,999.54675826,0.04930023,780.39637807,0.01998450,0.01998450,32476,99,0
6153.80954542,6153.80984847,1005.95435008,1005.94408555,0.02247231,780.60378053,0.01998450,0.01998450,32475,99,0
6154.00013949,6153.99936164,1012.37530572,1012.40166913,0.05550972,780.81236904,0.01998450,0.01998450,32474,99,0
6154.18894828,6154.18888648,1018.80092652,1018.80302258,0.02803616,781.01838021,0.01998450,0.01998450,32473,99,0
6154.37913728,6154.37842299,1025.23140812,1025.25565100,0.02573086,781.22527472,0.01998450,0.01998450,32472,99,0
6154.56839456,6154.56797118,1031.66694705,1031.68132699,0.06938503,781.43053997,0.01998450,0.01998450,32471,99,0
6154.75735940,6154.75753104,1038.10770874,1038.10187463,0.03308736,781.63487885,0.01998450,0.01998450,32470,99,0
6154.94760048,6154.94710259,1044.55365929,1044.57059540,0.04974068,781.83998004,0.01998450,0.01998450,32469,99,0
6155.13601785,6155.13668581,1051.00468744,1050.98195046,0.01522496,782.04249889,0.01998450,0.01998450,32468,99,0
6155.32578979,6155.32628071,1057.46068122,1057.44395890,0.05975514,782.24584868,0.01998450,0.01998450,32467,99,0
6155.51606926,6155.51588729,1063.92152813,1063.92773063,0.03182936,782.44910731,0.01998450,0.01998450,32466,99,0
6155.70585459,6155.70550556,1070.38711902,1070.39902433,0.05096411,782.65119970,0.01998450,0.01998450,32465,99,0
6155.89492750,6155.89513551,1076.85742524,1076.85032537,0.03596319,782.85189699,0.01998450,0.01998450,32464,99,0
6156.08487355,6156.08477714,1083.33249466,1083.33578768,0.07574198,783.05288136,0.01998450,0.01998450,32463,99,0
6156.27458904,6156.27443046,1089.81237838,1089.81779861,0.03290997,783.25298167,0.01998450,0.01998450,32462,99,0
6156.46446236,6156.46409546,1096.29712774,1096.30967642,0.05825049,783.45260792,0.01998450,0.01998450,32461,99,0
6156.65476660,6156.65377216,1102.78679453,1102.82083075,0.02644177,783.65204420,0.01998450,0.01998450,32460,99,0
6156.84422870,6156.84346054,1109.28147228,1109.30778269,0.05952773,783.84995964,0.01998450,0.01998450,32459,99,0
6157.03379644,6157.03316061,1115.78134461,1115.80313914,0.04276846,784.04735194,0.01998450,0.01998450,32458,99,0
6157.22369406,6157.22287237,1122.28660771,1122.31479494,0.05995818,784.24445655,0.01998450,0.01998450,32457,99,0
6157.41266347,6157.41259582,1128.79745867,1128.79978097,0.04468489,784.43997470,0.01998450,0.01998450,32456,99,0
6157.60272012,6157.60233097,1135.31409552,1135.32746685,0.05384604,784.63599494,0.01998450,0.01998450,32455,99,0
6157.79165059,6157.79207781,1141.83665034,1141.82195848,0.03526432,784.83023654,0.01998450,0.01998450,32454,99,0
6157.98208769,6157.98183635,1148.36491972,1148.37357012,0.05997382,785.02539635,0.01998450,0.01998450,32453,99,0
6158.17095641,6158.17160658,1154.89859388,1154.87620092,0.02319989,785.21831236,0.01998450,0.01998450,32452,99,0
6158.36148191,6158.36138851,1161.43736149,1161.44058080,0.04604569,785.41226733,0.01998450,0.01998450,32451,99,0
6158.55168029,6158.55118213,1167.98090972,1167.99809024,0.02665320,785.60522383,0.01998450,0.01998450,32450,99,0
6158.74120629,6158.74098746,1174.52895536,1174.53650684,0.05164309,785.79682693,0.01998450,0.01998450,32449,99,0
6158.93119113,6158.93080449,1181.08158615,1181.09493783,0.02645653,785.98822249,0.01998450,0.01998450,32448,99,0
6159.12023499,6159.12063322,1187.63913569,1187.62537410,0.06396888,786.17801089,0.01998450,0.01998450,32447,99,0
6159.31061717,6159.31047365,1194.20194350,1194.20690703,0.02825195,786.36848650,0.01998450,0.01998450,32446,99,0
6159.49999564,6159.50032579,1200.77035072,1200.75892372,0.06746641,786.55731239,0.01998450,0.01998450,32445,99,0
6159.69036509,6159.69018963,1207.34469338,1207.35077181,0.05021329,786.74648525,0.01998450,0.01998450,32444,99,0
6159.88001958,6159.88006517,1213.92506931,1213.92348851,0.04355416,786.93430920,0.01998450,0.01998450,32443,99,0
6160.07002289,6160.06995243,1220.51127754,1220.51372250,0.04738947,787.12183181,0.01998450,0.01998450,32442,99,0
6160.25998137,6160.25985139,1227.10309734,1227.10761101,0.03143939,787.30865476,0.01998450,0.01998450,32441,99,0
6160.44976878,6160.44976206,1233.70030690,1233.70054034,0.06141607,787.49464686,0.01998450,0.01998450,32440,99,0
6160.64036119,6160.63968444,1240.30268371,1240.32621805,0.06129592,787.68075319,0.01998450,0.01998450,32439,99,0
6160.82993417,6160.82961854,1246.91010264,1246.92108697,0.01148896,787.86518818,0.01998450,0.01998450,32438,99,0
6161.01963163,6161.01956434,1253.52266116,1253.52500456,0.04416867,788.04907047,0.01998450,0.01998450,32437,99,0
6161.21046121,6161.20952186,1260.14048795,1260.17322590,0.06625497,788.23337196,0.01998450,0.01998450,32436,99,0
6161.39981151,6161.39949109,1266.76371233,1266.77488781,0.03425432,788.41557416,0.01998450,0.01998450,32435,99,0
6161.58915554,6161.58947204,1273.39246426,1273.38141660,0.04992744,788.59710405,0.01998450,0.01998450,32434,99,0
6161.77945158,6161.77946471,1280.02684631,1280.02638764,0.00660322,788.77887626,0.01998450,0.01998450,32433,99,0
6161.96892323,6161.96946909,1286.66684799,1286.64776455,0.04881488,788.95919107,0.01998450,0.01998450,32432,99,0
6162.15954904,6162.15948520,1293.31242994,1293.31466348,0.05403314,789.13992663,0.01998450,0.01998450,32431,99,0
6162.34904544,6162.34951302,1299.96355260,1299.94718059,0.02223473,789.31891474,0.01998450,0.01998450,32430,99,0
6162.53906031,6162.53955256,1306.62017617,1306.60292723,0.03883633,789.49771221,0.01998450,0.01998450,32429,99,0
6162.73032442,6162.72960383,1313.28225952,1313.30752883,0.04484724,789.67699410,0.01998450,0.01998450,32428,99,0
6162.91953929,6162.91966682,1319.94975318,1319.94527777,0.02394086,789.85366970,0.01998450,0.01998450,32427,99,0
6163.10972413,6163.10974154,1326.62260402,1326.62199260,0.05280891,790.03056074,0.01998450,0.01998450,32426,99,0
6163.30056201,6163.29982798,1333.30075860,1333.32655626,0.06046289,790.20736032,0.01998450,0.01998450,32425,99,0
6163.48956930,6163.48992614,1339.98416320,1339.97161290,0.01919877,790.38177074,0.01998450,0.01998450,32424,99,0
6163.67927358,6163.68003604,1346.67277602,1346.64594113,0.04247610,790.55612773,0.01998450,0.01998450,32423,99,0
6163.87049707,6163.87015766,1353.36669864,1353.37865321,0.05453536,790.73117556,0.01998450,0.01998450,32422,99,0
6164.05991057,6164.06029101,1360.06612662,1360.05271632,0.03563200,790.90387149,0.01998450,0.01998450,32421,99,0
6164.24944363,6164.25043610,1366.77125809,1366.73624651,0.06528747,791.07598721,0.01998450,0.01998450,32420,99,0
6164.44086157,6164.44059291,1373.48229219,1373.49177758,0.03683400,791.24911795,0.01998450,0.01998450,32419,99,0
6164.63101233,6164.63076146,1380.19941999,1380.20828510,0.06311427,791.42041225,0.01998450,0.01998450,32418,99,0
6164.82082949,6164.82094174,1386.92265316,1386.91868326,0.01089319,791.59071795,0.01998450,0.01998450,32417,99,0
6165.01097753,6165.01113376,1393.65183670,1393.64630689,0.04950712,791.76062523,0.01998450,0.01998450,32416,99,0
6165.20146068,6165.20133752,1400.38680862,1400.39117159,0.05000401,791.93012803,0.01998450,0.01998450,32415,99,0
6165.39172105,6165.39155301,1407.12740604,1407.13336326,0.02865760,792.09872321,0.01998450,0.01998450,32414,99,0
6165.58161602,6165.58178024,1413.87346757,1413.86764169,0.07055305,792.26628169,0.01998450,0.01998450,32413,99,0
6165.77276088,6165.77201921,1420.62491049,1420.65124146,0.04577114,792.43421983,0.01998450,0.01998450,32412,99,0
6165.96264171,6165.96226992,1427.38174977,1427.39495880,0.04292150,792.60032747,0.01998450,0.01998450,32411,99,0
6166.15345837,6166.15253237,1434.14400650,1434.17693010,0.06746229,792.76652955,0.01998450,0.01998450,32410,99,0
6166.34269170,6166.34280657,1440.91170186,1440.90761472,0.02819176,792.93063419,0.01998450,0.01998450,32409,99,0
6166.53406157,6166.53309251,1447.68485897,1447.71936532,0.05644457,793.09586277,0.01998450,0.01998450,32408,99,0
6166.72345935,6166.72339019,1454.46361296,1454.46607724,0.04912195,793.25866832,0.01998450,0.01998450,32407,99,0
6166.91433559,6166.91369963,1461.24827422,1461.27095617,0.05749411,793.42202522,0.01998450,0.01998450,32406,99,0
6167.10435282,6167.10402080,1468.03916983,1468.05102184,0.03251397,793.58393520,0.01998450,0.01998450,32405,99,0
6167.29438002,6167.29435373,1474.83662857,1474.83756783,0.06084362,793.74514902,0.01998450,0.01998450,32404,99,0
6167.48424256,6167.48469841,1481.64097829,1481.62467506,0.04626797,793.90552476,0.01998450,0.01998450,32403,99,0
6167.67441398,6167.67505483,1488.45227445,1488.42933290,0.03241283,794.06546045,0.01998450,0.01998450,32402,99,0
6167.86663263,6167.86542301,1495.27006114,1495.31340031,0.04458108,794.22639170,0.01998450,0.01998450,32401,99,0
6168.05580807,6168.05580294,1502.09382408,1502.09400809,0.02563325,794.38404804,0.01998450,0.01998450,32400,99,0
6168.24570082,6168.24619463,1508.92304629,1508.90532758,0.07254514,794.54156290,0.01998450,0.01998450,32399,99,0
6168.43686350,6168.43659807,1515.75720984,1515.76673995,0.05596796,794.69936918,0.01998450,0.01998450,32398,99,0
6168.62657055,6168.62701326,1522.59608676,1522.58018128,0.04590303,794.85521113,0.01998450,0.01998450,32397,99,0
6168.81757039,6168.81744022,1529.44006547,1529.44474570,0.05006481,795.01135470,0.01998450,0.01998450,32396,99,0
6169.00841549,6169.00787893,1536.28961475,1536.30892105,0.04029282,795.16661856,0.01998450,0.01998450,32395,99,0
6169.19849751,6169.19832940,1543.14520583,1543.15125989,0.06408294,795.32052181,0.01998450,0.01998450,32394,99,0
6169.38910223,6169.38879163,1550.00731147,1550.01850747,0.02241709,795.47411531,0.01998450,0.01998450,32393,99,0
6169.57857069,6169.57926562,1556.87620174,1556.85112992,0.06094586,795.62606936,0.01998450,0.01998450,32392,99,0
6169.76989584,6169.76975137,1563.75168716,1563.75690388,0.05033930,795.77877355,0.01998450,0.01998450,32391,99,0
6169.96016247,6169.96024889,1570.63351439,1570.63039090,0.04291319,795.92988857,0.01998450,0.01998450,32390,99,0
6170.15080412,6170.15075817,1577.52142874,1577.52309061,0.04231226,796.08054918,0.01998450,0.01998450,32389,99,0
6170.34107104,6170.34127922,1584.41517470,1584.40763904,0.03449595,796.23015513,0.01998450,0.01998450,32388,99,0
6170.53182089,6170.53181204,1591.31461993,1591.31494079,0.04113175,796.37937524,0.01998450,0.01998450,32387,99,0
6170.72313586,6170.72235662,1598.21991138,1598.24816224,0.06952576,796.52826858,0.01998450,0.01998450,32386,99,0
6170.91317568,6170.91291297,1605.13123499,1605.14076722,0.05837506,796.67540910,0.01998450,0.01998450,32385,99,0
6171.10358657,6171.10348110,1612.04877769,1612.05260801,0.06314638,796.82207861,0.01998450,0.01998450,32384,99,0
6171.29488550,6171.29406099,1618.97272688,1619.00269550,0.02111886,796.96866950,0.01998450,0.01998450,32383,99,0
6171.48441836,6171.48465266,1625.90318268,1625.89465915,0.06983281,797.11315296,0.01998450,0.01998450,32382,99,0
6171.67520877,6171.67525610,1632.84005904,1632.83833578,0.05776312,797.25783283,0.01998450,0.01998450,32381,99,0
6171.86583405,6171.86587131,1639.78324565,1639.78188805,0.04705659,797.40161915,0.01998450,0.01998450,32380,99,0
6172.05606424,6172.05649830,1646.73263158,1646.71680127,0.05084638,797.54433727,0.01998450,0.01998450,32379,99,0
6172.24697315,6172.24713707,1653.68810614,1653.68212335,0.05779605,797.68678662,0.01998450,0.01998450,32378,99,0
6172.43816136,6172.43778761,1660.64964654,1660.66329942,0.04393220,797.82866060,0.01998450,0.01998450,32377,99,0
6172.62818176,6172.62844993,1667.61739604,1667.60759161,0.03977087,797.96889153,0.01998450,0.01998450,32376,99,0
6172.81943986,6172.81912404,1674.59151694,1674.60307373,0.03568605,798.10925520,0.01998450,0.01998450,32375,99,0
6173.00990339,6173.00980992,1681.57217241,1681.57559582,0.04523670,798.24825834,0.01998450,0.01998450,32374,99,0
6173.20026197,6173.20050759,1688.55952453,1688.55052082,0.03773770,798.38641057,0.01998450,0.01998450,32373,99,0
6173.39184882,6173.39121704,1695.55361404,1695.57679449,0.03156119,798.52467095,0.01998450,0.01998450,32372,99,0
6173.58196735,6173.58193827,1702.55429008,1702.55535780,0.04964117,798.66108955,0.01998450,0.01998450,32371,99,0
6173.77317380,6173.77267129,1709.56138414,1709.57985305,0.03599103,798.79749726,0.01998450,0.01998450,32370,99,0
6173.96380799,6173.96341609,1716.57472677,1716.58914202,0.04018657,798.93270090,0.01998450,0.01998450,32369,99,0
6174.15405250,6174.15417269,1723.59415166,1723.58972741,0.03135946,799.06683054,0.01998450,0.01998450,32368,99,0
6174.34499366,6174.34494107,1730.61963597,1730.62157338,0.03556167,799.20064753,0.01998450,0.01998450,32367,99,0
6174.53542506,6174.53572124,1737.65133644,1737.64041530,0.04034302,799.33330595,0.01998450,0.01998450,32366,99,0
6174.72644960,6174.72651320,1744.68942189,1744.68707473,0.03995227,799.46557448,0.01998450,0.01998450,32365,99,0
6174.91686433,6174.91731696,1751.73406204,1751.71734309,0.04046683,799.59662109,0.01998450,0.01998450,32364,99,0
6175.10763612,6175.10813251,1758.78542235,1758.76707089,0.04603060,799.72711345,0.01998450,0.01998450,32363,99,0
6175.29883558,6175.29895985,1765.84356277,1765.83896447,0.05357536,799.85709354,0.01998450,0.01998450,32362,99,0
6175.48852715,6175.48979899,1772.90844427,1772.86133999,0.04879757,799.98524917,0.01998450,0.01998450,32361,99,0
6175.68052274,6175.68064992,1779.98002378,1779.97530915,0.07135509,800.11414735,0.01998450,0.01998450,32360,99,0
6175.87178147,6175.87151265,1787.05825798,1787.06823159,0.05435863,800.24173332,0.01998450,0.01998450,32359,99,0
6176.06320848,6176.06238718,1794.14310367,1794.17360188,0.05249787,800.36861128,0.01998450,0.01998450,32358,99,0
6176.25345736,6176.25327351,1801.23452227,1801.24135510,0.04601428,800.49389219,0.01998450,0.01998450,32357,99,0
6176.44438437,6176.44417164,1808.33247816,1808.34039125,0.03911401,800.61879861,0.01998450,0.01998450,32356,99,0
6176.63487092,6176.63508157,1815.43693555,1815.42909317,0.03626830,800.74259420,0.01998450,0.01998450,32355,99,0
6176.82609055,6176.82600330,1822.54785843,1822.55110926,0.03663362,800.86603670,0.01998450,0.01998450,32354,99,0
6177.01687020,6177.01693684,1829.66522338,1829.66273798,0.04053835,800.98836416,0.01998450,0.01998450,32353,99,0
6177.20769501,6177.20788219,1836.78909767,1836.78211128,0.05222445,801.10988900,0.01998450,0.01998450,32352,99,0
6177.39853875,6177.39883934,1843.91958830,1843.90835927,0.06830465,801.23059350,0.01998450,0.01998450,32351,99,0
6177.59078629,6177.58980829,1851.05680302,1851.09337057,0.05949204,801.35134357,0.01998451,0.01998450,32350,99,0
6177.78075433,6177.78078906,1858.20085014,1858.19955028,0.04379021,801.46983079,0.01998450,0.01998450,32349,99,0
6177.97158355,6177.97178163,1865.35183987,1865.34441984,0.03473065,801.58802267,0.01998450,0.01998450,32348,99,0
6178.16241959,6178.16278602,1872.50988830,1872.49614960,0.03743676,801.70538366,0.01998450,0.01998450,32347,99,0
6178.35321624,6178.35380222,1879.67511353,1879.65312264,0.04411251,801.82188486,0.01998450,0.01998450,32346,99,0
6178.54501187,6178.54483023,1886.84763429,1886.85445774,0.05437931,801.93815321,0.01998450,0.01998450,32345,99,0
6178.73639117,6178.73587005,1894.02756954,1894.04716469,0.07199094,802.05332604,0.01998450,0.01998450,32344,99,0
6178.92743497,6178.92692169,1901.21491933,1901.23423809,0.04305459,802.16745417,0.01998450,0.01998450,32343,99,0
6179.11794298,6179.11798514,1908.40940670,1908.40781821,0.04565228,802.28041662,0.01998450,0.01998450,32342,99,0
6179.30854760,6179.30906041,1915.61071395,1915.59137864,0.03888718,802.39258373,0.01998450,0.01998450,32341,99,0
6179.50007624,6179.50014750,1922.81852152,1922.81583246,0.05123138,802.50442806,0.01998450,0.01998450,32340,99,0
6179.69112352,6179.69124641,1930.03251638,1930.02787530,0.05878898,802.61511873,0.01998450,0.01998450,32339,99,0
6179.88290127,6179.88235714,1937.25269824,1937.27326399,0.04194887,802.72535382,0.01998451,0.01998450,32338,99,0
6180.07318768,6180.07347969,1944.47946831,1944.46842185,0.04546978,802.83386516,0.01998450,0.01998450,32337,99,0
6180.26421860,6180.26461407,1951.71325627,1951.69828188,0.04476650,802.94193674,0.01998450,0.01998450,32336,99,0
6180.45585644,6180.45576027,1958.95449425,1958.95813934,0.06074846,803.04948531,0.01998450,0.01998450,32335,99,0
6180.64773463,6180.64691829,1966.20357851,1966.23455191,0.04315031,803.15630239,0.01998451,0.01998450,32334,99,0
6180.83859720,6180.83808814,1973.46043096,1973.47976476,0.03072193,803.26168989,0.01998451,0.01998450,32333,99,0
6181.02917772,6181.02926981,1980.72465054,1980.72115000,0.03982491,803.36605303,0.01998450,0.01998450,32332,99,0
6181.22094187,6181.22046331,1987.99582774,1988.01403514,0.06526533,803.47017961,0.01998451,0.01998450,32331,99,0
6181.41149352,6181.41166865,1995.27355059,1995.26688224,0.03911234,803.57276038,0.01998450,0.01998450,32330,99,0
6181.60276819,6181.60288581,2002.55748563,2002.55300358,0.03695438,803.67483361,0.01998450,0.01998450,32329,99,0
6181.79174998,6181.79411480,0.00000000,2009.76107314,0.08079314,803.77484871,0.01998450,0.01998450,32328,99,1
6181.98570726,6181.98535563,2017.14447040,2017.15789245,0.05506480,803.87648531,0.01998450,0.01998450,32327,99,0
6182.17695533,6182.17660829,2024.44796574,2024.46122420,0.03437016,803.97584606,0.01998450,0.01998450,32326,99,0
6182.36752755,6182.36787278,2031.75842905,2031.74522764,0.04009868,804.07396278,0.01998450,0.01998450,32325,99,0
6182.55900048,6182.55914911,2039.07609295,2039.07040389,0.05202163,804.17164604,0.01998450,0.01998450,32324,99,0
6182.75048384,6182.75043728,2046.40120587,2046.40298959,0.03661563,804.26843577,0.01998450,0.01998450,32323,99,0
6182.94169270,6182.94173729,2053.73401966,2053.73230960,0.03243551,804.36419023,0.01998450,0.01998450,32322,99,0
6183.13285243,6183.13304913,2061.07478766,2061.06723606,0.06400806,804.45902488,0.01998450,0.01998450,32321,99,0
6183.32446547,6183.32437281,2068.42375497,2068.42731577,0.03325001,804.55318620,0.01998450,0.01998450,32320,99,0
6183.51609623,6183.51570834,2075.78095139,2075.79587417,0.03804789,804.64645403,0.01998450,0.01998450,32319,99,0
6183.70752929,6183.70705571,2083.14619433,2083.16443247,0.05408964,804.73871934,0.01998450,0.01998450,32318,99,0
6183.89876583,6183.89841492,2090.51929113,2090.53281834,0.03625672,804.82998001,0.01998450,0.01998450,32317,99,0
6184.09043304,6184.08978597,2097.90004794,2097.92501595,0.05864513,804.92052831,0.01998451,0.01998450,32316,99,0
6184.28189040,6184.28116888,2105.28828659,2105.31615402,0.03501839,805.01005493,0.01998451,0.01998450,32315,99,0
6184.47273494,6184.47256362,2112.68393833,2112.69056109,0.03561991,805.09837371,0.01998450,0.01998450,32314,99,0
6184.66393539,6184.66397022,2120.08697853,2120.08563076,0.06540437,805.18593170,0.01998450,0.01998450,32313,99,0
6184.85539264,6184.85538866,2127.49738249,2127.49753642,0.03280103,805.27267594,0.01998450,0.01998450,32312,99,0
6185.04749385,6185.04681896,2134.91512561,2134.94128904,0.05612495,805.35877212,0.01998451,0.01998450,32311,99,0
6185.23831413,6185.23826111,2142.34024368,2142.34230120,0.03337371,805.44335980,0.01998450,0.01998450,32310,99,0
6185.42963876,6185.42971510,2149.77291181,2149.76994644,0.04627901,805.52723521,0.01998450,0.01998450,32309,99,0
6185.62097128,6185.62118095,2157.21332557,2157.20517344,0.06128305,805.61017618,0.01998450,0.01998450,32308,99,0
6185.81210807,6185.81265866,2164.66168174,2164.64025328,0.03135758,805.69209500,0.01998450,0.01998450,32307,99,0
6186.00416309,6186.00414822,2172.11816906,2172.11874846,0.06241498,805.77346272,0.01998450,0.01998451,32306,99,0
6186.19570201,6186.19564964,2179.58281809,2179.58486053,0.03603004,805.85366586,0.01998450,0.01998451,32305,99,0
6186.38697938,6186.38716292,2187.05552478,2187.04835972,0.05181412,805.93281248,0.01998450,0.01998451,32304,99,0
6186.57856574,6186.57868805,2194.53618018,2194.53140050,0.03720714,806.01113404,0.01998450,0.01998451,32303,99,0
6186.77015545,6186.77022505,2202.02467459,2202.02195224,0.05182527,806.08849904,0.01998450,0.01998451,32302,99,0
6186.96236725,6186.96177390,2209.52089498,2209.54412662,0.02709908,806.16514842,0.01998451,0.01998451,32301,99,0
6187.15395787,6187.15333462,2217.02471554,2217.04914104,0.04851445,806.24058209,0.01998451,0.01998451,32300,99,0
6187.34514140,6187.34490720,2224.53600628,2224.54519319,0.02632307,806.31488790,0.01998451,0.01998451,32299,99,0
6187.53712363,6187.53649164,2232.05463636,2232.07944958,0.05677784,806.38852734,0.01998451,0.01998451,32298,99,0
6187.72823784,6187.72808795,2239.58047797,2239.58636798,0.02845412,806.46085757,0.01998451,0.01998451,32297,99,0
6187.91919131,6187.91969613,2247.11357389,2247.09371778,0.05481812,806.53215176,0.01998450,0.01998451,32296,99,0
6188.11117560,6188.11131618,2254.65420282,2254.64866808,0.03505311,806.60284787,0.01998451,0.01998451,32295,99,0
6188.30260152,6188.30294809,2262.20266230,2262.18900379,0.05806755,806.67235687,0.01998450,0.01998451,32294,99,0
6188.49474159,6188.49459187,2269.75925177,2269.76515826,0.04033616,806.74113925,0.01998451,0.01998451,32293,99,0
6188.68639143,6188.68624753,2277.32424016,2277.32992310,0.05578333,806.80876132,0.01998451,0.01998451,32292,99,0
6188.87817990,6188.87791505,2284.89767288,2284.90814333,0.05487039,806.87544476,0.01998451,0.01998451,32291,99,0
6189.06985629,6189.06959445,2292.47949988,2292.48986201,0.02496087,806.94109842,0.01998451,0.01998451,32290,99,0
6189.26157949,6189.26128573,2300.06967040,2300.08130829,0.05099186,807.00577349,0.01998451,0.01998451,32289,99,0
6189.45295272,6189.45298888,2307.66813288,2307.66669899,0.02921717,807.06933475,0.01998451,0.01998451,32288,99,0
6189.64449067,6189.64470390,2315.27479660,2315.26633206,0.05107640,807.13195060,0.01998450,0.01998451,32287,99,0
6189.83629463,6189.83643080,2322.88950098,2322.88409015,0.05303271,807.19364624,0.01998451,0.01998451,32286,99,0
6190.02831598,6190.02816958,2330.51207717,2330.51789984,0.02885652,807.25439768,0.01998451,0.01998451,32285,99,0
6190.21990954,6190.21992025,2338.14235523,2338.14192905,0.04592774,807.31399806,0.01998451,0.01998451,32284,99,0
6190.41144178,6190.41168279,2345.78020948,2345.77060548,0.06070331,807.37256126,0.01998450,0.01998451,32283,99,0
6190.60341636,6190.60345721,2353.42588943,2353.42426010,0.03648161,807.43023713,0.01998451,0.01998451,32282,99,0
6190.79528116,6190.79524352,2361.07983189,2361.08133496,0.04997169,807.48685722,0.01998451,0.01998451,32281,99,0
6190.98711107,6190.98704171,2368.74247781,2368.74525034,0.05453258,807.54244467,0.01998451,0.01998451,32280,99,0
6191.17847528,6191.17885179,2376.41426840,2376.39920069,0.03065029,807.59687828,0.01998450,0.01998451,32279,99,0
6191.37074286,6191.37067375,2384.09539103,2384.09816016,0.04881382,807.65054159,0.01998451,0.01998451,32278,99,0
6191.56251357,6191.56250760,2391.78556384,2391.78580327,0.05968795,807.70303487,0.01998451,0.01998451,32277,99,0
6191.75406230,6191.75435334,2399.48445276,2399.47276714,0.01487868,807.75443333,0.01998450,0.01998451,32276,99,0
6191.94638425,6191.94621097,2407.19172147,2407.19868619,0.05099617,807.80499385,0.01998451,0.01998451,32275,99,0
6192.13790826,6192.13808049,2414.90706993,2414.90014124,0.04598295,807.85429833,0.01998451,0.01998451,32274,99,0
6192.33010058,6192.32996190,2422.63048160,2422.63606656,0.06069112,807.90272195,0.01998451,0.01998451,32273,99,0
6192.52198527,6192.52185520,2430.36206798,2430.36731126,0.02968978,807.95001331,0.01998451,0.01998451,32272,99,0
6192.71382266,6192.71376040,2438.10194192,2438.10445423,0.04473928,807.99623689,0.01998451,0.01998451,32271,99,0
6192.90555754,6192.90567749,2445.85021850,2445.84537302,0.05063518,808.04137794,0.01998451,0.01998451,32270,99,0
6193.09736968,6193.09760648,2453.60709500,2453.59751939,0.05215292,808.08547675,0.01998451,0.01998451,32269,99,0
6193.28919655,6193.28954737,2461.37289107,2461.35868940,0.02512244,808.12851646,0.01998450,0.01998451,32268,99,0
6193.48166328,6193.48150016,2469.14793827,2469.15454935,0.04318738,808.17063002,0.01998451,0.01998451,32267,99,0
6193.67330591,6193.67346484,2476.93257035,2476.92612165,0.05364164,808.21149663,0.01998451,0.01998451,32266,99,0
6193.86597969,6193.86544143,2484.72700632,2484.74887312,0.05348600,808.25150735,0.01998451,0.01998451,32265,99,0
6194.05760092,6194.05742991,2492.53087378,2492.53782880,0.02616401,808.29022385,0.01998451,0.01998451,32264,99,0
6194.24950524,6194.24943030,2500.34361037,2500.34666132,0.05125701,808.32791594,0.01998451,0.01998451,32263,99,0
6194.44112946,6194.44144260,2508.16464979,2508.15188892,0.04009140,808.36446680,0.01998451,0.01998451,32262,99,0
6194.63352751,6194.63346680,2515.99344533,2515.99592147,0.05318090,808.40006745,0.01998451,0.01998451,32261,99,0
6194.82584343,6194.82550290,2523.82994952,2523.84385215,0.04516393,808.43455022,0.01998451,0.01998451,32260,99,0
6195.01768386,6195.01755092,2531.67459797,2531.68003090,0.04680105,808.46784809,0.01998451,0.01998451,32259,99,0
6195.20968817,6195.20961084,2539.52784876,2539.53101256,0.05732275,808.50007326,0.01998451,0.01998451,32258,99,0
6195.40120377,6195.40168267,2547.39016284,2547.37054855,0.03054552,808.53111729,0.01998451,0.01998451,32257,99,0
6195.59322807,6195.59376641,2555.26185480,2555.23978094,0.05372748,808.56113917,0.01998451,0.01998451,32256,99,0
6195.78548476,6195.78586207,2563.14283544,2563.12734749,0.04950434,808.59008512,0.01998451,0.01998451,32255,99,0
6195.97781897,6195.97796963,2571.03294676,2571.02675550,0.04840472,808.61792477,0.01998451,0.01998451,32254,99,0
6196.17051766,6196.17008911,2578.93202959,2578.94965886,0.04354377,808.64469149,0.01998451,0.01998451,32253,99,0
6196.36218074,6196.36222051,2586.83994587,2586.83830826,0.05215007,808.67019256,0.01998451,0.01998451,32252,99,0
6196.55431142,6196.55436382,2594.75673836,2594.75457810,0.04388057,808.69462949,0.01998451,0.01998451,32251,99,0
6196.74692300,6196.74651905,2602.68253895,2602.69920970,0.04565936,808.71799233,0.01998451,0.01998451,32250,99,0
6196.93903982,6196.93868620,2610.61748097,2610.63209073,0.05150055,808.74015951,0.01998451,0.01998451,32249,99,0
6197.13096684,6197.13086526,2618.56169891,2618.56590001,0.05715142,808.76116887,0.01998451,0.01998451,32248,99,0
6197.32336016,6197.32305625,2626.51533505,2626.52791910,0.05525787,808.78108627,0.01998451,0.01998451,32247,99,0
6197.51569684,6197.51525916,2634.47854095,2634.49668512,0.06486115,808.79985037,0.01998451,0.01998451,32246,99,0
6197.70750403,6197.70747399,2642.45146972,2642.45271612,0.02756513,808.81741665,0.01998451,0.01998451,32245,99,0
6197.89942119,6197.89970075,2650.43427542,2650.42265895,0.06126940,808.83384371,0.01998451,0.01998451,32244,99,0
6198.09217515,6198.09193943,2658.42704860,2658.43685473,0.02292137,808.84918129,0.01998451,0.01998451,32243,99,0
6198.28484993,6198.28419004,2666.42969418,2666.45717888,0.06237843,808.86334530,0.01998451,0.01998451,32242,99,0
6198.47620396,6198.47645257,2674.44208302,2674.43171628,0.06417528,808.87625288,0.01998451,0.01998451,32241,99,0
6198.66887825,6198.66872704,2682.46408500,2682.47039732,0.06477247,808.88807792,0.01998451,0.01998451,32240,99,0
6198.86131724,6198.86101343,2690.49559563,2690.50829267,0.05998121,808.89871089,0.01998451,0.01998451,32239,99,0
6199.05368491,6199.05331175,2698.53669757,2698.55231024,0.05064071,808.90815979,0.01998451,0.01998451,32238,99,0
6199.24620549,6199.24562201,2706.58755505,2706.61199623,0.05599483,808.91643101,0.01998451,0.01998451,32237,99,0
6199.43823346,6199.43794419,2714.64833377,2714.66046502,0.05343947,808.92349600,0.01998451,0.01998451,32236,99,0
6199.63042511,6199.63027832,2722.71918881,2722.72535245,0.04988002,808.92937790,0.01998451,0.01998451,32235,99,0
6199.82207284,6199.82262437,2730.80005003,2730.77686552,0.03790260,808.93405433,0.01998451,0.01998451,32234,99,0
6200.01516668,6200.01498237,2738.89064252,2738.89839893,0.03625211,808.93756112,0.01998451,0.01998451,32233,99,0
6200.20757394,6200.20735230,2746.99068203,2747.00001983,0.03948349,808.93984825,0.01998451,0.01998451,32232,99,0
6200.39973892,6200.39973416,2755.09988488,2755.10008542,0.03221197,808.94092576,0.01998451,0.01998451,32231,99,0
6200.59173982,6200.59212797,2763.21820076,2763.20181321,0.04453075,808.94079408,0.01998451,0.01998451,32230,99,0
6200.78421968,6200.78453372,2771.34599260,2771.33271895,0.05064544,808.93944590,0.01998451,0.01998451,32229,99,0
6200.97660555,6200.97695141,2779.48366793,2779.46903239,0.05179024,808.93687741,0.01998451,0.01998451,32228,99,0
6201.16933183,6201.16938104,2787.63163719,2787.62955212,0.04931486,808.93307607,0.01998451,0.01998451,32227,99,0
6201.36185610,6201.36182262,2795.79021323,2795.79163371,0.04619010,808.92804663,0.01998451,0.01998451,32226,99,0
6201.55437140,6201.55427614,2803.95937077,2803.96341676,0.04097345,808.92178159,0.01998451,0.01998451,32225,99,0
6201.74666214,6201.74674161,2812.13901246,2812.13563308,0.03636899,808.91428581,0.01998451,0.01998451,32224,99,0
6201.93885202,6201.93921902,2820.32904011,2820.31341431,0.04395275,808.90555324,0.01998451,0.01998451,32223,99,0
6202.13229098,6202.13170839,2828.52936348,2828.55419752,0.05542709,808.89550707,0.01998451,0.01998451,32222,99,0
6202.32475439,6202.32420970,2836.73994690,2836.76319262,0.04246819,808.88425581,0.01998451,0.01998451,32221,99,0
6202.51684559,6202.51672296,2844.96077608,2844.96601582,0.03553004,808.87177301,0.01998451,0.01998451,32220,99,0
6202.70926771,6202.70924818,2853.19183664,2853.19267216,0.04303006,808.85800903,0.01998451,0.01998451,32219,99,0
6202.90151811,6202.90178535,2861.43310840,2861.42166311,0.05364711,808.84299394,0.01998451,0.01998451,32218,99,0
6203.09444559,6203.09433447,2869.68450443,2869.68926900,0.04955787,808.82665226,0.01998451,0.01998451,32217,99,0
6203.28687389,6203.28689555,2877.94589336,2877.94496360,0.04452328,808.80907780,0.01998451,0.01998451,32216,99,0
6203.47978685,6203.47946858,2886.21714202,2886.23081956,0.03628850,808.79017688,0.01998451,0.01998451,32215,99,0
6203.67182354,6203.67205357,2894.49812730,2894.48823083,0.06166673,808.77008283,0.01998451,0.01998451,32214,99,0
6203.86463314,6203.86465052,2902.78898654,2902.78823775,0.04230959,808.74861957,0.01998451,0.01998451,32213,99,0
6204.05710460,6204.05725943,2911.09012292,2911.08344621,0.03168575,808.72590105,0.01998451,0.01998451,32212,99,0
6204.25002603,6204.24988030,2919.40195438,2919.40824705,0.05893922,808.70182744,0.01998451,0.01998451,32211,99,0
6204.44255768,6204.44251313,2927.72489681,2927.72682307,0.05019866,808.67649699,0.01998451,0.01998451,32210,99,0
6204.63486037,6204.63515792,2936.05909284,2936.04621201,0.03497609,808.64988955,0.01998451,0.01998451,32209,99,0
6204.82771514,6204.82781468,2944.40427853,2944.39996420,0.06794887,808.62188977,0.01998451,0.01998451,32208,99,0
6205.02036315,6205.02048340,2952.76015504,2952.75493691,0.03717761,808.59260057,0.01998451,0.01998451,32207,99,0
6205.21337737,6205.21316409,2961.12642258,2961.13568889,0.03452908,808.56192967,0.01998451,0.01998451,32206,99,0
6205.40561449,6205.40585674,2969.50298145,2969.49244397,0.04840336,808.53005886,0.01998451,0.01998451,32205,99,0
6205.59897730,6205.59856137,2977.89014615,2977.90826007,0.03460828,808.49666331,0.01998451,0.01998451,32204,99,0
6205.79059571,6205.79127796,2986.28828438,2986.25853446,0.05020793,808.46223899,0.01998451,0.01998451,32203,99,0
6205.98380724,6205.98400653,2994.69776648,2994.68906533,0.04822697,808.42618149,0.01998451,0.01998451,32202,99,0
6206.17666116,6206.17674706,3003.11884692,3003.11509125,0.03538610,808.38883579,0.01998451,0.01998451,32201,99,0
6206.36910288,6206.36949957,3011.55145981,3011.53409402,0.05681887,808.35021578,0.01998451,0.01998451,32200,99,0
6206.56251516,6206.56226405,3019.99548451,3020.00649150,0.03112793,808.31003355,0.01998451,0.01998451,32199,99,0
6206.75518608,6206.75504051,3028.45079939,3028.45718838,0.05403218,808.26863791,0.01998451,0.01998451,32198,99,0
6206.94799426,6206.94782894,3036.91734427,3036.92460880,0.03701900,808.22584184,0.01998451,0.01998451,32197,99,0
6207.14075862,6207.14062935,3045.39527149,3045.40095908,0.05920435,808.18167879,0.01998451,0.01998451,32196,99,0
6207.33431683,6207.33344174,3053.88477987,3053.92333521,0.03738790,808.13594264,0.01998451,0.01998451,32195,99,0
6207.52606465,6207.52626611,3062.38606979,3062.37718175,0.04525470,808.08925349,0.01998451,0.01998451,32194,99,0
6207.72000744,6207.71910246,3070.89922397,3070.93920204,0.03605629,808.04062615,0.01998451,0.01998451,32193,99,0
6207.91215700,6207.91195079,3079.42384584,3079.43296656,0.06539780,807.99105334,0.01998451,0.01998451,32192,99,0
6208.10478193,6208.10481111,3087.95941470,3087.95812266,0.04133313,807.93996218,0.01998451,0.01998451,32191,99,0
6208.29746638,6208.29768341,3096.50540560,3096.49578403,0.04651891,807.88745560,0.01998451,0.01998451,32190,99,0
6208.49090806,6208.49056769,3105.06148021,3105.07658730,0.03283025,807.83333209,0.01998451,0.01998451,32189,99,0
6208.68333138,6208.68346396,3113.62814927,3113.62225784,0.05841860,807.77808353,0.01998451,0.01998451,32188,99,0
6208.87661320,6208.87637222,3122.20616505,3122.21688797,0.05528478,807.72116303,0.01998451,0.01998451,32187,99,0
6209.06918943,6209.06929246,3130.79628592,3130.79169512,0.02650871,807.66301928,0.01998451,0.01998451,32186,99,0
6209.26195918,6209.26222470,3139.39911075,3139.38726286,0.04152737,807.60337691,0.01998451,0.01998451,32185,99,0
6209.45482670,6209.45516892,3148.01447694,3147.99918580,0.02737761,807.54225775,0.01998451,0.01998451,32184,99,0
6209.64773188,6209.64812514,3156.64199902,3156.62440412,0.05129385,807.47967651,0.01998451,0.01998451,32183,99,0
6209.84122517,6209.84109335,3165.28128821,3165.28719363,0.03668695,807.41544499,0.01998451,0.01998451,32182,99,0
6210.03427892,6210.03407355,3173.93205562,3173.94126769,0.05418281,807.34989954,0.01998451,0.01998451,32181,99,0
6210.22697228,6210.22706575,3182.59447353,3182.59027551,0.04771800,807.28301589,0.01998451,0.01998451,32180,99,0
6210.42028855,6210.42006995,3191.26884580,3191.27867701,0.04573361,807.21444205,0.01998451,0.01998451,32179,99,0
6210.61279579,6210.61308614,3199.95547871,3199.94240271,0.02296708,807.14468023,0.01998451,0.01998451,32178,99,0
6210.80558923,6210.80611433,3208.65459161,3208.63091099,0.03051255,807.07333222,0.01998451,0.01998451,32177,99,0
6210.99895416,6210.99915452,3217.36603974,3217.35699162,0.04708589,807.00027808,0.01998451,0.01998451,32176,99,0
6211.19259030,6211.19220672,3226.08958356,3226.10692828,0.03017318,806.92561792,0.01998451,0.01998451,32175,99,0
6211.38514735,6211.38527091,3234.82498142,3234.81938711,0.05076746,806.84987841,0.01998451,0.01998451,32174,99,0
6211.57879728,6211.57834711,3243.57209973,3243.59250775,0.05370527,806.77220086,0.01998451,0.01998451,32173,99,0
6211.77102627,6211.77143531,3252.33118772,3252.31262014,0.04517149,806.69358992,0.01998451,0.01998451,32172,99,0
6211.96506675,6211.96453551,3261.10258030,3261.12672799,0.02038067,806.61271052,0.01998451,0.01998451,32171,99,0
6212.15796905,6212.15764772,3269.88661502,3269.90124132,0.05563408,806.53077537,0.01998451,0.01998451,32170,99,0
6212.35099691,6212.35077194,3278.68353870,3278.69379337,0.04718628,806.44725160,0.01998451,0.01998451,32169,99,0
6212.54445275,6212.54390817,3287.49333866,3287.51819652,0.04241584,806.36199595,0.01998451,0.01998451,32168,99,0
6212.73700618,6212.73705641,3296.31595671,3296.31366090,0.05191430,806.27559509,0.01998451,0.01998451,32167,99,0
6212.93078876,6212.93021666,3305.15133410,3305.17752055,0.04956004,806.18708330,0.01998451,0.01998451,32166,99,0
6213.12269050,6213.12338892,3313.99941904,3313.96740691,0.02860254,806.09788367,0.01998451,0.01998451,32165,99,0
6213.31726416,6213.31657319,3322.86017518,3322.89188944,0.05785442,806.00586487,0.01998451,0.01998451,32164,99,0
6213.50904304,6213.50976948,3331.73356786,3331.70018015,0.04374508,805.91360830,0.01998451,0.01998451,32163,99,0
6213.70270744,6213.70297778,3340.61956458,3340.60712249,0.04284345,805.81886810,0.01998451,0.01998451,32162,99,0
6213.89619445,6213.89619810,3349.51828424,3349.51811569,0.03452511,805.72262541,0.01998451,0.01998451,32161,99,0
6214.08910919,6214.08943044,3358.43008004,3358.41525363,0.06193155,805.62507611,0.01998451,0.01998451,32160,99,0
6214.28224678,6214.28267479,3367.35532801,3367.33554512,0.04080726,805.52581219,0.01998451,0.01998451,32159,99,0
6214.47719572,6214.47593117,3376.29439499,3376.35293069,0.04026485,805.42398127,0.01998452,0.01998451,32158,99,0
6214.66940521,6214.66919957,3385.24733267,3385.25686576,0.04141415,805.32196506,0.01998451,0.01998451,32157,99,0
6214.86319313,6214.86247998,3394.21385488,3394.24696228,0.03469516,805.21748333,0.01998451,0.01998451,32156,99,0
6215.05640905,6215.05577242,3403.19365650,3403.22325278,0.04190404,805.11168009,0.01998451,0.01998451,32155,99,0
6215.24918009,6215.24907689,3412.18645021,3412.19125471,0.04667051,805.00449584,0.01998451,0.01998451,32154,99,0
6215.44296902,6215.44239338,3421.19221178,3421.21904679,0.05793468,804.89510421,0.01998451,0.01998451,32153,99,0
6215.63605985,6215.63572190,3430.21110126,3430.22687819,0.04635058,804.78446174,0.01998451,0.01998451,32152,99,0
6215.82915776,6215.82906244,3439.24328372,3439.24773958,0.04323787,804.67216499,0.01998451,0.01998451,32151,99,0
6216.02225626,6216.02241502,3448.28892959,3448.28149715,0.03601959,804.55820925,0.01998451,0.01998451,32150,99,0
6216.21502046,6216.21577962,3457.34823795,3457.31264475,0.05077115,804.44278763,0.01998451,0.01998451,32149,99,0
6216.40895800,6216.40915625,3466.42142098,3466.41211221,0.04477120,804.32497728,0.01998451,0.01998451,32148,99,0
6216.60327030,6216.60254492,3475.50869274,3475.54280401,0.03541529,804.20523361,0.01998451,0.01998451,32147,99,0
6216.79635221,6216.79594562,3484.61019282,3484.62934144,0.02877529,804.08454849,0.01998451,0.01998451,32146,99,0
6216.98922667,6216.98935835,3493.72578178,3493.71957104,0.05054997,803.96229665,0.01998451,0.01998451,32145,99,0
6217.18194146,6217.18278312,3502.85525452,3502.81550046,0.05506085,803.83844880,0.01998451,0.01998451,32144,99,0
6217.37634566,6217.37621993,3511.99840390,3512.00435116,0.05291351,803.71179262,0.01998451,0.01998451,32143,99,0
6217.56933744,6217.56966877,3521.15501891,3521.13932485,0.06428256,803.58434179,0.01998451,0.01998451,32142,99,0
6217.76391594,6217.76312965,3530.32488287,3530.36217764,0.05081710,803.45410998,0.01998452,0.01998451,32141,99,0
6217.95695459,6217.95660257,3539.50777657,3539.52449555,0.03799595,803.32318604,0.01998451,0.01998451,32140,99,0
6218.14918439,6218.15008754,3548.70350845,3548.66055583,0.04075556,803.19110219,0.01998451,0.01998451,32139,99,0
6218.34338872,6218.34358454,3557.91255318,3557.90322654,0.04467526,803.05591724,0.01998451,0.01998451,32138,99,0
6218.53663389,6218.53709359,3567.13604932,3567.11412058,0.05385524,802.91963638,0.01998451,0.01998451,32137,99,0
6218.72993503,6218.73061468,3576.37517395,3576.34269778,0.04727264,802.78153148,0.01998451,0.01998451,32136,99,0
6218.92406072,6218.92414782,3585.63092387,3585.62675474,0.04984843,802.64101836,0.01998451,0.01998451,32135,99,0
6219.11834366,6219.11769301,3594.90277726,3594.93397182,0.07815423,802.49856617,0.01998451,0.01998451,32134,99,0
6219.31119489,6219.31125024,3604.18947465,3604.18681708,0.04033681,802.35536963,0.01998451,0.01998451,32133,99,0
6219.50443617,6219.50481952,3613.48974005,3613.47130945,0.03601556,802.21010340,0.01998451,0.01998451,32132,99,0
6219.69917625,6219.69840085,3622.80287119,3622.84020125,0.06474412,802.06191246,0.01998451,0.01998451,32131,99,0
6219.89249138,6219.89199424,3632.13006976,3632.15404031,0.05081230,801.91299512,0.01998451,0.01998451,32130,99,0
6220.08513259,6220.08559967,3641.47293766,3641.45037782,0.04072411,801.76276968,0.01998451,0.01998451,32129,99,0
6220.27909557,6220.27921716,3650.83306370,3650.82717991,0.04250353,801.60963696,0.01998451,0.01998451,32128,99,0
6220.47294813,6220.47284671,3660.21082849,3660.21574511,0.05453622,801.45469524,0.01998451,0.01998451,32127,99,0
6220.66645358,6220.66648830,3669.60495227,3669.60326645,0.04667061,801.29815319,0.01998451,0.01998451,32126,99,0
6220.86079198,6220.86014196,3679.01402377,3679.04562893,0.04619708,801.13906504,0.01998452,0.01998451,32125,99,0
6221.05409089,6221.05380767,3688.43677578,3688.45056507,0.03494175,800.97898093,0.01998451,0.01998451,32124,99,0
6221.24760588,6221.24748545,3697.87345698,3697.87932953,0.05579634,800.81686181,0.01998451,0.01998451,32123,99,0
6221.44133916,6221.44117528,3707.32517596,3707.33317961,0.04238998,800.65267347,0.01998451,0.01998451,32122,99,0
6221.63597759,6221.63487717,3716.79306141,3716.84689484,0.05509858,800.48578982,0.01998452,0.01998451,32121,99,0
6221.82895362,6221.82859113,3726.27785494,3726.29561871,0.03814872,800.31840244,0.01998451,0.01998451,32120,99,0
6222.02237583,6222.02231715,3735.77903690,3735.78191722,0.05632945,800.14870158,0.01998451,0.01998451,32119,99,0
6222.21588367,6222.21605523,3745.29583021,3745.28739639,0.03762834,799.97700155,0.01998451,0.01998451,32118,99,0
6222.41051492,6222.40980538,3754.82746864,3754.86240045,0.05184761,799.80236983,0.01998452,0.01998451,32117,99,0
6222.60326687,6222.60356760,3764.37371460,3764.35888722,0.04405782,799.62750889,0.01998451,0.01998451,32116,99,0
6222.79638469,6222.79734189,3773.93493075,3773.88766479,0.05348563,799.45039061,0.01998451,0.01998451,32115,99,0
6222.99105607,6222.99112824,3783.51151522,3783.50794583,0.04288417,799.26988192,0.01998451,0.01998451,32114,99,0
6223.18484668,6223.18492666,3793.10384182,3793.09987990,0.04528706,799.08821505,0.01998451,0.01998451,32113,99,0
6223.37897144,6223.37873716,3802.71211356,3802.72373739,0.05683730,798.90424767,0.01998452,0.01998451,32112,99,0
6223.57409063,6223.57255973,0.00000000,3812.41092090,0.06118212,798.71735432,0.01998452,0.01998451,32111,99,1
6223.76660933,6223.76639437,3821.97704620,3821.98774603,0.05446302,798.53089842,0.01998451,0.01998451,32110,99,0
6223.95983827,6223.96024109,3831.63392828,3831.61384458,0.04475082,798.34178830,0.01998451,0.01998451,32109,99,0
6224.15450201,6224.15409988,3841.30709459,3841.32717618,0.05954191,798.14924212,0.01998452,0.01998451,32108,99,0
6224.34843388,6224.34797075,3850.99651355,3851.01967873,0.04921446,797.95538439,0.01998452,0.01998451,32107,99,0
6224.54167791,6224.54185370,3860.70220712,3860.69340012,0.05786389,797.76018482,0.01998451,0.01998451,32106,99,0
6224.73612190,6224.73574873,3870.42471169,3870.44343998,0.03843355,797.56170917,0.01998451,0.01998451,32105,99,0
6224.93018131,6224.92965583,3880.16485412,3880.19127306,0.04691517,797.36153622,0.01998452,0.01998451,32104,99,0
6225.12372500,6225.12357502,3889.92347050,3889.93102495,0.05087958,797.15978946,0.01998451,0.01998451,32103,99,0
6225.31744490,6225.31750630,3899.70086676,3899.69776844,0.04903754,796.95573742,0.01998451,0.01998451,32102,99,0
6225.51253569,6225.51144965,3909.49611227,3909.55100971,0.04196210,796.74810643,0.01998452,0.01998451,32101,99,0
6225.70602127,6225.70540509,3919.30809274,3919.33928890,0.04439253,796.54008239,0.01998452,0.01998451,32100,99,0
6225.89960930,6225.89937262,3929.13582605,3929.14782711,0.04121890,796.32986632,0.01998451,0.01998451,32099,99,0
6226.09376737,6226.09335223,3938.97993563,3939.00102096,0.04693051,796.11691793,0.01998452,0.01998451,32098,99,0
6226.28718950,6226.28734394,3948.84206705,3948.83420854,0.05303445,795.90262814,0.01998451,0.01998451,32097,99,0
6226.48186064,6226.48134773,3958.72389478,3958.75004728,0.03941839,795.68474290,0.01998452,0.01998451,32096,99,0
6226.67549025,6226.67536361,3968.62603551,3968.63250498,0.03777974,795.46579856,0.01998451,0.01998451,32095,99,0
6226.86892989,6226.86939158,3978.54661372,3978.52298791,0.03605956,795.24488477,0.01998451,0.01998451,32094,99,0
6227.06369207,6227.06343165,3988.48337954,3988.49672496,0.05219388,795.02029645,0.01998452,0.01998451,32093,99,0
6227.25805780,6227.25748381,3998.43436373,3998.46381816,0.04456529,794.79403709,0.01998452,0.01998451,32092,99,0
6227.45066366,6227.45154807,4008.40055162,4008.35509555,0.05501780,794.56769958,0.01998451,0.01998451,32091,99,0
nan,nan,0.00000000,-1.00000000,0.00000000,794.25252807,nan,0.00000000,-2147483648,99,1
6227.84105204,6227.83971287,4028.38927558,4028.45838043,0.04864387,794.10216256,0.01998452,0.01998451,32089,99,0
6228.03413579,6228.03381342,4038.41572120,4038.43239055,0.03878953,793.86844436,0.01998452,0.01998451,32088,99,0
6228.22790221,6228.22792606,4048.46233148,4048.46109584,0.06303509,793.63160745,0.01998452,0.01998451,32087,99,0
6228.42215131,6228.42205081,4058.52715733,4058.53237199,0.05653490,793.39191149,0.01998452,0.01998451,32086,99,0
6228.61566399,6228.61618766,4068.60851457,4068.58129962,0.05905211,793.15089608,0.01998451,0.01998452,32085,99,0
6228.80955567,6228.81033661,4078.70655211,4078.66590060,0.06091505,792.90716605,0.01998451,0.01998452,32084,99,0
nan,nan,0.00000000,-1.00000000,0.00000000,792.65547411,nan,0.00000000,-2147483648,99,1
nan,nan,0.00000000,-1.00000000,0.00000000,786.41083262,nan,0.00000000,-2147483648,98,1
6185.23919244,6185.23826111,8.45229097,8.48046922,0.07479705,786.68991018,0.01998451,0.01998450,32310,98,0
6185.42854756,6185.42971510,14.24654699,14.21120191,0.10639221,786.98113917,0.01998450,0.01998450,32309,98,0
6185.62141091,6185.62118095,20.04450395,20.05146945,0.08266540,787.27731132,0.01998451,0.01998450,32308,98,0
6185.81016274,6185.81265866,0.00000000,25.76694752,0.07833085,787.56654599,0.01998450,0.01998450,32307,98,1
6186.00042015,6186.00414822,0.00000000,31.53453550,0.05846520,787.85780688,0.01998449,0.01998451,32306,98,1
6186.19931835,6186.19564964,0.00000000,37.56751162,0.07860943,788.16181314,0.01998452,0.01998451,32305,98,1
6186.39528391,nan,0.00000000,43.51498564,0.02031347,788.46085371,0.01998453,0.01998451,32304,98,1
6186.57835229,6186.57868805,49.09107029,49.08086996,0.04836297,788.74011680,0.01998451,0.01998451,32303,98,0
6186.76996420,6186.77022505,54.91147961,54.90355092,0.05363983,789.03165281,0.01998451,0.01998451,32302,98,0
6186.96328142,6186.96177390,60.73532012,60.78116657,0.12256048,789.32530506,0.01998451,0.01998451,32301,98,0
6187.15376222,6187.15333462,66.56246213,66.57547259,0.11765904,789.61417128,0.01998451,0.01998451,32300,98,0
6187.34690310,6187.34490720,72.39278230,72.45354021,0.11361657,789.90658047,0.01998451,0.01998451,32299,98,0
6187.53548066,6187.53649164,78.22629628,78.19550548,0.09339225,790.19160372,0.01998450,0.01998451,32298,98,0
6187.72429834,6187.72808795,0.00000000,83.94092479,0.08112082,790.47618968,0.01998449,0.01998451,32297,98,1
6187.91919427,6187.91969613,89.90349303,89.88819161,0.04007156,790.77013226,0.01998450,0.01998451,32296,98,0
6188.11203157,6188.11131618,95.74747829,95.76930243,0.10295791,791.06016346,0.01998451,0.01998451,32295,98,0
6188.30565301,6188.30294809,0.00000000,101.67471970,0.08206707,791.35075133,0.01998451,0.01998451,32294,98,1
6188.49140088,6188.49459187,0.00000000,107.34730120,0.06877667,791.62927624,0.01998450,0.01998451,32293,98,1
6188.68075450,6188.68624753,0.00000000,113.13323955,0.12072181,791.91275548,0.01998449,0.01998451,32292,98,1
6188.87591610,6188.87791505,119.16231370,119.10118349,0.07378656,792.20450495,0.01998450,0.01998451,32291,98,0
6189.06634385,6189.06959445,0.00000000,124.92554723,0.09396200,792.48860181,0.01998450,0.01998451,32290,98,1
6189.26077556,6189.26128573,130.89330008,130.87767987,0.10922160,792.77828433,0.01998450,0.01998451,32289,98,0
6189.45077650,6189.45298888,136.76457522,136.69679717,0.07071442,793.06086133,0.01998450,0.01998451,32288,98,0
6189.64612358,6189.64470390,142.63965731,142.68317604,0.09314097,793.35090867,0.01998451,0.01998451,32287,98,0
6189.83830091,6189.83643080,148.51849710,148.57585605,0.08703497,793.63577049,0.01998451,0.01998451,32286,98,0
6190.02729739,6190.02816958,154.40103889,154.37427262,0.00884381,793.91545014,0.01998450,0.01998451,32285,98,0
6190.21833352,6190.21992025,160.28722668,160.23850553,0.11908106,794.19767349,0.01998450,0.01998451,32284,98,0
6190.41034277,6190.41168279,166.17700427,166.13583589,0.07405993,794.48084986,0.01998450,0.01998451,32283,98,0
6190.60570207,6190.60345721,172.07031524,172.13931920,0.07891633,794.76846439,0.01998451,0.01998451,32282,98,0
6190.79668156,6190.79524352,177.96712919,178.01135649,0.04873050,795.04913835,0.01998451,0.01998451,32281,98,0
6190.98814668,6190.98704171,183.86754763,183.90155030,0.04211770,795.33004107,0.01998451,0.01998451,32280,98,0
6191.17808691,6191.17885179,189.77171385,189.74816308,0.08924559,795.60823241,0.01998450,0.01998451,32279,98,0
6191.37081276,6191.37067375,195.67977172,195.68405464,0.08902039,795.89002660,0.01998451,0.01998451,32278,98,0
6191.56219710,6191.56250760,201.59186565,201.58229351,0.07151758,796.16938941,0.01998451,0.01998451,32277,98,0
6191.75722564,6191.75435334,0.00000000,207.60238356,0.06933372,796.45386168,0.01998452,0.01998451,32276,98,1
6191.94627589,6191.94621097,213.42867718,213.43068135,0.07828798,796.72863399,0.01998451,0.01998451,32275,98,0
6192.13978741,6192.13808049,219.35336403,219.40608825,0.02802215,797.00969105,0.01998451,0.01998451,32274,98,0
6192.33132002,6192.32996190,225.28205363,225.32402904,0.09704382,797.28739585,0.01998451,0.01998451,32273,98,0
6192.52278915,6192.52185520,231.21459790,231.24348009,0.08052699,797.56452512,0.01998451,0.01998451,32272,98,0
6192.71263370,6192.71376040,237.15084817,237.11598620,0.07618338,797.83881775,0.01998450,0.01998451,32271,98,0
6192.90522967,6192.90567749,243.09065639,243.07679268,0.04892193,798.11658401,0.01998450,0.01998451,32270,98,0
6193.09847954,6193.09760648,249.03396607,249.06100871,0.08365825,798.39478170,0.01998451,0.01998451,32269,98,0
6193.29187177,6193.28954737,254.98087771,255.05291506,0.05901843,798.67267490,0.01998451,0.01998451,32268,98,0
6193.48263817,6193.48150016,260.93150756,260.96679680,0.01002961,798.94629992,0.01998451,0.01998451,32267,98,0
6193.67541222,6193.67346484,266.88597228,266.94639538,0.03503024,799.22230945,0.01998451,0.01998451,32266,98,0
6193.86723884,6193.86544143,272.84438902,272.90019291,0.04504410,799.49647260,0.01998451,0.01998451,32265,98,0
6194.05818633,6194.05742991,278.80687246,278.83037143,0.02129723,799.76889798,0.01998451,0.01998451,32264,98,0
6194.25102021,6194.24943030,284.77347593,284.82289960,0.08132661,800.04352849,0.01998451,0.01998451,32263,98,0
6194.44165727,6194.44144260,290.74419394,290.75087147,0.08568378,800.31454855,0.01998451,0.01998451,32262,98,0
6194.63577547,6194.63346680,296.71901861,296.79087558,0.08009823,800.59002372,0.01998451,0.01998451,32261,98,0
6194.82602343,6194.82550290,302.69794202,302.71415344,0.09342927,800.85952145,0.01998451,0.01998451,32260,98,0
6195.01596690,6195.01755092,308.68095621,308.63159296,0.06820457,801.12810713,0.01998450,0.01998451,32259,98,0
6195.20835097,6195.20961084,314.66805489,314.62876871,0.07866152,801.39965275,0.01998450,0.01998451,32258,98,0
6195.40161137,6195.40168267,320.65924586,320.65702108,0.06927412,801.67193669,0.01998451,0.01998451,32257,98,0
6195.59552373,6195.59376641,326.65454412,326.70941056,0.07233461,801.94463630,0.01998451,0.01998451,32256,98,0
6195.78665081,6195.78586207,332.65396473,332.67860600,0.05315558,802.21292545,0.01998451,0.01998451,32255,98,0
6195.97995615,6195.97796963,338.65752283,338.71962337,0.02051556,802.48377331,0.01998451,0.01998451,32254,98,0
6196.16839241,6196.17008911,344.66523360,344.61215996,0.12957663,802.74731532,0.01998450,0.01998451,32253,98,0
6196.36289103,6196.36222051,350.67709863,350.69808599,0.09235201,803.01883405,0.01998451,0.01998451,32252,98,0
6196.55360217,6196.55436382,356.69306843,356.66921414,0.06241164,803.28456696,0.01998450,0.01998451,32251,98,0
6196.74652683,6196.74651905,362.71308140,362.71332521,0.04244184,803.55287783,0.01998451,0.01998451,32250,98,0
6196.93909802,6196.93868620,368.73707568,368.74998926,0.04642086,803.82018528,0.01998451,0.01998451,32249,98,0
6197.13362108,6197.13086526,0.00000000,374.85519626,0.04184369,804.08984396,0.01998452,0.01998451,32248,98,1
6197.32202627,6197.32305625,380.79676019,380.76442589,0.06169253,804.35019157,0.01998450,0.01998451,32247,98,0
6197.51527019,6197.51525916,386.83237571,386.83272203,0.03326553,804.61687673,0.01998451,0.01998451,32246,98,0
6197.70822329,6197.70747399,392.87190382,392.89545441,0.06823040,804.88263883,0.01998451,0.01998451,32245,98,0
6197.89814020,6197.89970075,398.91542049,398.86634266,0.07903609,805.14371200,0.01998450,0.01998451,32244,98,0
6198.09073561,6198.09193943,404.96300198,404.92511962,0.02858553,805.40795561,0.01998450,0.01998451,32243,98,0
6198.28435459,6198.28419004,411.01472488,411.01990616,0.03617212,805.67308631,0.01998451,0.01998451,32242,98,0
6198.47467284,6198.47645257,417.07066260,417.01458629,0.07149765,805.93319361,0.01998450,0.01998451,32241,98,0
6198.66892743,6198.66872704,423.13084003,423.13715809,0.06781574,806.19816562,0.01998451,0.01998451,32240,98,0
6198.86145842,6198.86101343,429.19524612,429.20928504,0.04877144,806.46027130,0.01998451,0.01998451,32239,98,0
6199.05326014,6199.05331175,435.26386890,435.26223946,0.03444438,806.72087227,0.01998451,0.01998451,32238,98,0
6199.24357774,6199.24562201,441.33669637,441.27212188,0.06231666,806.97894996,0.01998450,0.01998451,32237,98,0
6199.43838156,6199.43794419,447.41371645,447.42754075,0.06908061,807.24258643,0.01998451,0.01998451,32236,98,0
6199.63110002,6199.63027832,453.49491923,453.52090786,0.02553704,807.50287662,0.01998451,0.01998451,32235,98,0
6199.82152157,6199.82262437,459.58030512,459.54540424,0.05863359,807.75955130,0.01998451,0.01998451,32234,98,0
6200.01378758,6200.01498237,465.66987760,465.63204200,0.05409259,808.01819340,0.01998451,0.01998451,32233,98,0
6200.20737195,6200.20735230,471.76364013,471.76426287,0.05070215,808.27808116,0.01998451,0.01998451,32232,98,0
6200.40066919,6200.39973416,477.86159621,477.89124316,0.04124142,808.53705382,0.01998451,0.01998451,32231,98,0
6200.59161675,6200.59212797,483.96374894,483.94752946,0.05379503,808.79235765,0.01998451,0.01998451,32230,98,0
6200.78300065,6200.78453372,490.07007025,490.02140097,0.03404590,809.04772302,0.01998450,0.01998451,32229,98,0
6200.97647596,6200.97695141,496.18047853,496.16537573,0.07249149,809.30534317,0.01998451,0.01998451,32228,98,0
6201.16980747,6201.16938104,502.29488657,502.30844004,0.05743031,809.56222874,0.01998451,0.01998451,32227,98,0
6201.36086612,6201.36182262,508.41320681,508.38278806,0.07303697,809.81555608,0.01998451,0.01998451,32226,98,0
6201.55469960,6201.55427614,514.53535131,514.54882564,0.07309427,810.07201091,0.01998451,0.01998451,32225,98,0
6201.74813044,6201.74674161,520.66124920,520.70546615,0.05877315,810.32737494,0.01998451,0.01998451,32224,98,0
6201.93856368,6201.93921902,526.79103012,526.77015326,0.05753473,810.57824110,0.01998451,0.01998451,32223,98,0
6202.13153442,6202.13170839,532.92495298,532.91940753,0.02852938,810.83191241,0.01998451,0.01998451,32222,98,0
6202.32343828,6202.32420970,539.06327984,539.03867308,0.01731900,811.08365395,0.01998451,0.01998451,32221,98,0
6202.51642973,6202.51672296,545.20627385,545.19691353,0.05345833,811.33630130,0.01998451,0.01998451,32220,98,0
6202.70952653,6202.70924818,551.35419925,551.36309110,0.04827601,811.58857312,0.01998451,0.01998451,32219,98,0
6202.90211947,6202.90178535,557.50720549,557.51788715,0.05657858,811.83967963,0.01998451,0.01998451,32218,98,0
6203.09554550,6203.09433447,563.66506010,563.70380322,0.05809824,812.09135145,0.01998451,0.01998451,32217,98,0
6203.28804148,6203.28689555,569.82745074,569.86413509,0.04157677,812.34128065,0.01998451,0.01998451,32216,98,0
6203.47830606,6203.47946858,575.99406377,575.95682629,0.02315200,812.58777684,0.01998451,0.01998451,32215,98,0
6203.67083855,6203.67205357,582.16458421,582.12564407,0.03932482,812.83665505,0.01998451,0.01998451,32214,98,0
6203.86364333,6203.86465052,588.33870737,588.30641161,0.06165631,813.08531111,0.01998451,0.01998451,32213,98,0
6204.05746988,6204.05725943,594.51642009,594.52317188,0.05758648,813.33470408,0.01998451,0.01998451,32212,98,0
6204.24986729,6204.24988030,600.69801684,600.69759927,0.05367568,813.58169292,0.01998451,0.01998451,32211,98,0
6204.44434044,6204.44251313,606.88380792,606.94250563,0.04088882,813.83078546,0.01998452,0.01998451,32210,98,0
6204.63451537,6204.63515792,613.07410495,613.05345043,0.06085609,814.07383799,0.01998451,0.01998451,32209,98,0
6204.82677756,6204.82781468,619.26922086,619.23585870,0.05796443,814.31903163,0.01998451,0.01998451,32208,98,0
6205.02009603,6205.02048340,625.46939415,625.45692384,0.06570656,814.56504646,0.01998451,0.01998451,32207,98,0
6205.21235223,6205.21316409,631.67447859,631.64832453,0.04825683,814.80917914,0.01998451,0.01998451,32206,98,0
6205.40642246,6205.40585674,637.88420482,637.90244171,0.03061004,815.05506664,0.01998451,0.01998451,32205,98,0
6205.59753547,6205.59856137,644.09830227,644.06521045,0.05346894,815.29665666,0.01998451,0.01998451,32204,98,0
6205.78943423,6205.79127796,650.31649921,650.25699261,0.06826568,815.53867825,0.01998450,0.01998451,32203,98,0
6205.98380042,6205.98400653,656.53852812,656.53187244,0.06987968,815.78322618,0.01998451,0.01998451,32202,98,0
6206.17736840,6206.17674706,662.76435547,662.78443165,0.03220373,816.02618153,0.01998451,0.01998451,32201,98,0
6206.36988969,6206.36949957,668.99426922,669.00688231,0.03960051,816.26725076,0.01998451,0.01998451,32200,98,0
6206.56282162,6206.56226405,675.22858176,675.24662067,0.04203927,816.50827229,0.01998451,0.01998451,32199,98,0
6206.75542566,6206.75504051,681.46760683,681.48007638,0.06322630,816.74833379,0.01998451,0.01998451,32198,98,0
6206.94748053,6206.94782894,687.71165950,687.70037069,0.06545327,816.98717370,0.01998451,0.01998451,32197,98,0
6207.13999178,6207.14062935,693.96099017,693.94031625,0.03913881,817.22605079,0.01998451,0.01998451,32196,98,0
6207.33353047,6207.33344174,700.21545019,700.21832922,0.03836767,817.46566010,0.01998451,0.01998451,32195,98,0
6207.52632629,6207.52626611,706.47474033,706.47669443,0.04994433,817.70379566,0.01998451,0.01998451,32194,98,0
6207.71778370,6207.71910246,712.73855980,712.69570975,0.03907335,817.93971800,0.01998451,0.01998451,32193,98,0
6207.91174107,6207.91195079,719.00660645,718.99978803,0.02806841,818.17813887,0.01998451,0.01998451,32192,98,0
6208.10384717,6208.10481111,725.27858151,725.24722497,0.05872351,818.41369409,0.01998451,0.01998451,32191,98,0
6208.29762796,6208.29768341,731.55440578,731.55260108,0.05190239,818.65070362,0.01998451,0.01998451,32190,98,0
6208.49080037,6208.49056769,737.83431242,737.84189030,0.04130883,818.88637763,0.01998451,0.01998451,32189,98,0
6208.68284144,6208.68346396,744.11855932,744.09827191,0.04655851,819.12009437,0.01998451,0.01998451,32188,98,0
6208.87615300,6208.87637222,750.40740549,750.40025657,0.07244830,819.35478449,0.01998451,0.01998451,32187,98,0
6209.06878972,6209.06929246,756.70111107,756.68470381,0.05595051,819.58809173,0.01998451,0.01998451,32186,98,0
6209.26191336,6209.26222470,762.99989182,762.98972353,0.03973220,819.82143038,0.01998451,0.01998451,32185,98,0
6209.45464060,6209.45516892,769.30371362,769.28644615,0.05292164,820.05372988,0.01998451,0.01998451,32184,98,0
6209.64903126,6209.64812514,775.61245623,775.64209251,0.07344958,820.28746130,0.01998451,0.01998451,32183,98,0
6209.84101156,6209.84109335,781.92599878,781.92332178,0.04152063,820.51772369,0.01998451,0.01998451,32182,98,0
6210.03285133,6210.03407355,788.24421988,788.20419067,0.03715588,820.74724493,0.01998451,0.01998451,32181,98,0
6210.22659558,6210.22706575,794.56700025,794.55159149,0.05103182,820.97845791,0.01998451,0.01998451,32180,98,0
6210.42116813,6210.42006995,800.89430235,800.93031633,0.02331553,821.21006299,0.01998451,0.01998451,32179,98,0
6210.61252084,6210.61308614,807.22618414,807.20763341,0.03308026,821.43725310,0.01998451,0.01998451,32178,98,0
6210.80580324,6210.80611433,813.56270923,813.55249359,0.06776489,821.66614888,0.01998451,0.01998451,32177,98,0
6210.99947601,6210.99915452,819.90394150,819.91450580,0.03423482,821.89491761,0.01998451,0.01998451,32176,98,0
6211.19221621,6211.19220672,826.24994511,826.25025732,0.04152931,822.12199982,0.01998451,0.01998451,32175,98,0
6211.38496230,6211.38527091,832.60077193,832.59061686,0.06855097,822.34850571,0.01998451,0.01998451,32174,98,0
6211.57822771,6211.57834711,838.95642556,838.95249387,0.04902120,822.57503477,0.01998451,0.01998451,32173,98,0
6211.77038756,6211.77143531,845.31689794,845.28237242,0.07136102,822.79968328,0.01998451,0.01998451,32172,98,0
6211.96506277,6211.96453551,851.68218093,851.69956723,0.04942923,823.02667600,0.01998451,0.01998451,32171,98,0
6212.14554954,nan,0.00000000,857.66865588,0.10858346,823.23713596,0.01998447,0.01998451,32170,98,1
6212.35113611,6212.35077194,864.42715185,864.43917684,0.06912853,823.47505732,0.01998451,0.01998451,32169,98,0
6212.54356965,6212.54390817,870.80691964,870.79573348,0.05491595,823.69766185,0.01998451,0.01998451,32168,98,0
6212.73755243,6212.73705641,877.19171700,877.20811973,0.04160566,823.92146614,0.01998451,0.01998451,32167,98,0
6212.93011714,6212.93021666,883.58169344,883.57839992,0.05502239,824.14304962,0.01998451,0.01998451,32166,98,0
6213.12280472,6213.12338892,889.97699915,889.95765068,0.02530407,824.36419481,0.01998451,0.01998451,32165,98,0
6213.31720322,6213.31657319,896.37778418,896.39866737,0.07030010,824.58671941,0.01998451,0.01998451,32164,98,0
6213.50891798,6213.50976948,902.78406302,902.75581709,0.03541678,824.80559600,0.01998451,0.01998451,32163,98,0
6213.70335716,6213.70297778,909.19556109,909.20815500,0.02741600,825.02698744,0.01998451,0.01998451,32162,98,0
6213.89622136,6213.89619810,915.61196569,915.61273831,0.04530780,825.24598069,0.01998451,0.01998451,32161,98,0
6214.08979630,6214.08943044,922.03296267,922.04512395,0.02538689,825.46516285,0.01998451,0.01998451,32160,98,0
6214.28226413,6214.28267479,928.45823641,928.44457817,0.06515328,825.68246534,0.01998451,0.01998451,32159,98,0
6214.47556474,6214.47593117,934.88753744,934.87534361,0.03790963,825.90006991,0.01998451,0.01998451,32158,98,0
6214.66966841,6214.66919957,941.32103648,941.33664809,0.05930284,826.11793942,0.01998451,0.01998451,32157,98,0
6214.86235127,6214.86247998,947.75906715,947.75477841,0.02193408,826.33359057,0.01998451,0.01998451,32156,98,0
6215.05493176,6215.05577242,954.20196496,954.17393330,0.03777536,826.54851598,0.01998451,0.01998451,32155,98,0
6215.24919876,6215.24907689,960.65006691,960.65413388,0.05624570,826.76471420,0.01998451,0.01998451,32154,98,0
6215.44234064,6215.44239338,967.10369825,967.10193688,0.02856134,826.97906259,0.01998451,0.01998451,32153,98,0
6215.63552336,6215.63572190,973.56289465,973.55625869,0.05696762,827.19285950,0.01998451,0.01998451,32152,98,0
6215.82924258,6215.82906244,980.02740945,980.03343468,0.04796695,827.40664079,0.01998451,0.01998451,32151,98,0
6216.02145862,6216.02241502,986.49698322,986.46497128,0.03598959,827.61814988,0.01998451,0.01998451,32150,98,0
6216.21613236,6216.21577962,992.97135530,992.98316972,0.01825280,827.83173031,0.01998451,0.01998451,32149,98,0
6216.40949399,6216.40915625,999.45026436,999.46158335,0.05100964,828.04323044,0.01998451,0.01998451,32148,98,0
6216.60301094,6216.60254492,1005.93357629,1005.94920435,0.02738999,828.25425522,0.01998451,0.01998451,32147,98,0
6216.79652768,6216.79594562,1012.42145029,1012.44098276,0.05546009,828.46463798,0.01998452,0.01998451,32146,98,0
6216.98829047,6216.98935835,1018.91408726,1018.87822728,0.03339280,828.67248571,0.01998451,0.01998451,32145,98,0
6217.18235356,6217.18278312,1025.41168900,1025.39725374,0.06397299,828.88219493,0.01998451,0.01998451,32144,98,0
6217.37608822,6217.37621993,1031.91445827,1031.91002900,0.03288724,829.09092018,0.01998451,0.01998451,32143,98,0
6217.56994349,6217.56966877,1038.42256094,1038.43180661,0.05783537,829.29914981,0.01998451,0.01998451,32142,98,0
6217.76293785,6217.76312965,1044.93595435,1044.92949455,0.02897884,829.50582996,0.01998451,0.01998451,32141,98,0
6217.95650453,6217.95660257,1051.45452356,1051.45121910,0.04362928,829.71249148,0.01998451,0.01998451,32140,98,0
6218.15072753,6218.15008754,1057.97815304,1057.99973899,0.01604066,829.91921261,0.01998452,0.01998451,32139,98,0
6218.34427357,6218.34358454,1064.50672670,1064.52998254,0.04938121,830.12456901,0.01998452,0.01998451,32138,98,0
6218.53704241,6218.53709359,1071.04013447,1071.03840578,0.04616299,830.32845648,0.01998451,0.01998451,32137,98,0
6218.73102976,6218.73061468,1077.57835870,1077.59238694,0.05055875,830.53298148,0.01998451,0.01998451,32136,98,0
6218.92425052,6218.92414782,1084.12145030,1084.12492358,0.03418282,830.73604876,0.01998451,0.01998451,32135,98,0
6219.11772985,6219.11769301,1090.66946201,1090.67070879,0.06281097,830.93873827,0.01998451,0.01998451,32134,98,0
6219.31150762,6219.31125024,1097.22244680,1097.23116344,0.07026023,831.14108896,0.01998451,0.01998451,32133,98,0
6219.50495237,6219.50481952,1103.78045906,1103.78496152,0.03765074,831.34244158,0.01998451,0.01998451,32132,98,0
6219.69922588,6219.69840085,1110.34361079,1110.37159254,0.05882700,831.54400464,0.01998452,0.01998451,32131,98,0
6219.89152138,6219.89199424,1116.91209715,1116.89604710,0.02619964,831.74287601,0.01998451,0.01998451,32130,98,0
6220.08643414,6220.08559967,1123.48612068,1123.51446703,0.05392398,831.94380924,0.01998452,0.01998451,32129,98,0
6220.27936869,6220.27921716,1130.06588487,1130.07103658,0.03622243,832.14206799,0.01998451,0.01998451,32128,98,0
6220.47297070,6220.47284671,1136.65159397,1136.65581325,0.05293790,832.34038158,0.01998451,0.01998451,32127,98,0
6220.66660483,6220.66648830,1143.24332856,1143.24729701,0.06522222,832.53809614,0.01998451,0.01998451,32126,98,0
6220.85995356,6220.86014196,1149.84082794,1149.83440682,0.02790689,832.73487887,0.01998451,0.01998451,32125,98,0
6221.05425637,6221.05380767,1156.44377214,1156.45907581,0.04651357,832.93197643,0.01998451,0.01998451,32124,98,0
6221.24734962,6221.24748545,1163.05183966,1163.04720387,0.01821029,833.12718400,0.01998451,0.01998451,32123,98,0
6221.44129490,6221.44117528,1169.66470741,1169.66879276,0.04928308,833.32257632,0.01998451,0.01998451,32122,98,0
6221.63575473,6221.63487717,1176.28213726,1176.31212685,0.05363914,833.51779759,0.01998452,0.01998451,32121,98,0
6221.82842160,6221.82859113,1182.90433467,1182.89853723,0.03383415,833.71054249,0.01998451,0.01998451,32120,98,0
6222.02270130,6222.02231715,1189.53164858,1189.54479533,0.04895893,833.90422768,0.01998451,0.01998451,32119,98,0
6222.21647074,6222.21605523,1196.16442971,1196.17866046,0.06525984,834.09673925,0.01998451,0.01998451,32118,98,0
6222.40970860,6222.40980538,1202.80303045,1202.79971304,0.03265359,834.28806964,0.01998451,0.01998451,32117,98,0
6222.60335758,6222.60356760,1209.44776754,1209.44056204,0.04552550,834.47915991,0.01998451,0.01998451,32116,98,0
6222.79750034,6222.79734189,1216.09860831,1216.10404905,0.03627135,834.67008402,0.01998451,0.01998451,32115,98,0
6222.99093792,6222.99112824,1222.75532776,1222.74878748,0.05568022,834.85965546,0.01998451,0.01998451,32114,98,0
6223.18486770,6223.18492666,1229.41769781,1229.41566984,0.03627518,835.04904024,0.01998451,0.01998451,32113,98,0
6223.37944650,6223.37873716,1236.08548924,1236.10990213,0.02433528,835.23837713,0.01998452,0.01998451,32112,98,0
6223.57204050,6223.57255973,1242.75848234,1242.74059997,0.05487135,835.42510227,0.01998451,0.01998451,32111,98,0
6223.76628565,6223.76639437,1249.43664405,1249.43289688,0.04092623,835.61273989,0.01998451,0.01998451,32110,98,0
6223.96010527,6223.96024109,1256.12010160,1256.11541714,0.03322591,835.79927920,0.01998451,0.01998451,32109,98,0
6224.15342757,6224.15409988,1262.80898799,1262.78578177,0.06141448,835.98465785,0.01998451,0.01998451,32108,98,0
6224.34817425,6224.34797075,1269.50343686,1269.51046657,0.04758975,836.17071552,0.01998451,0.01998451,32107,98,0
6224.54228049,6224.54185370,1276.20358043,1276.21833529,0.05407218,836.35547706,0.01998451,0.01998451,32106,98,0
6224.73507062,6224.73574873,1282.90947700,1282.88601523,0.01967649,836.53830928,0.01998451,0.01998451,32105,98,0
6224.92964594,6224.92965583,1289.62109190,1289.62074942,0.04396294,836.72214787,0.01998451,0.01998451,32104,98,0
6225.12410067,6225.12357502,1296.33838445,1296.35659993,0.04273672,836.90518028,0.01998452,0.01998451,32103,98,0
6225.31791469,6225.31750630,1303.06131372,1303.07547680,0.02108776,837.08691790,0.01998452,0.01998451,32102,98,0
6225.51171283,6225.51144965,1309.78983850,1309.79897244,0.06175124,837.26794711,0.01998451,0.01998451,32101,98,0
6225.70603218,6225.70540509,1316.52391291,1316.54569337,0.05339221,837.44876369,0.01998452,0.01998451,32100,98,0
6225.89994577,6225.89937262,1323.26348302,1323.28340502,0.04920551,837.62850111,0.01998452,0.01998451,32099,98,0
6226.09351707,6226.09335223,1330.00849386,1330.01422765,0.03605841,837.80721890,0.01998451,0.01998451,32098,98,0
6226.28740655,6226.28734394,1336.75889013,1336.76106990,0.06521807,837.98552364,0.01998451,0.01998451,32097,98,0
6226.48123645,6226.48134773,1343.51461658,1343.51074007,0.04981805,838.16306319,0.01998451,0.01998451,32096,98,0
6226.67642693,6226.67536361,1350.27568901,1350.31275741,0.04756109,838.34112978,0.01998452,0.01998451,32095,98,0
6226.86942342,6226.86939158,1357.04228744,1357.04339804,0.06268850,838.51648806,0.01998451,0.01998451,32094,98,0
6227.06353992,6227.06343165,1363.81461579,1363.81839618,0.03186181,838.69215841,0.01998451,0.01998451,32093,98,0
6227.25749726,6227.25748381,1370.59287900,1370.59334881,0.03893132,838.86698122,0.01998451,0.01998451,32092,98,0
6227.45181417,6227.45154807,1377.37728296,1377.38658987,0.04588793,839.04142617,0.01998452,0.01998451,32091,98,0
6227.64585511,6227.64562442,1384.16794991,1384.17602512,0.06714209,839.21492320,0.01998451,0.01998451,32090,98,0
6227.83934345,6227.83971287,1390.96475773,1390.95181561,0.03264688,839.38722416,0.01998451,0.01998451,32089,98,0
6228.03408625,6228.03381342,1397.76753961,1397.77710578,0.05746858,839.55992803,0.01998452,0.01998451,32088,98,0
6228.22794954,6228.22792606,1404.57612790,1404.57695175,0.04245278,839.73113394,0.01998451,0.01998451,32087,98,0
6228.42303869,6228.42205081,1411.39035408,1411.42504394,0.04086134,839.90269298,0.01998452,0.01998451,32086,98,0
6228.61670330,6228.61618766,1418.21008584,1418.22820611,0.06644641,840.07227026,0.01998452,0.01998452,32085,98,0
6228.81075491,6228.81033661,1425.03531764,1425.05002821,0.02882025,840.24145583,0.01998452,0.01998452,32084,98,0
6229.00462632,6229.00449767,1431.86607117,1431.87059882,0.06441933,840.40975259,0.01998452,0.01998452,32083,98,0
6229.19854265,6229.19867083,1438.70236827,1438.69785341,0.05375614,840.57735534,0.01998451,0.01998452,32082,98,0
6229.39237550,6229.39285610,1445.54423082,1445.52729101,0.04357644,840.74415192,0.01998451,0.01998452,32081,98,0
6229.58657851,6229.58705348,1452.39173540,1452.37498104,0.04650896,840.91053095,0.01998451,0.01998452,32080,98,0
6229.78135735,6229.78126296,1459.24516755,1459.24849960,0.04540738,841.07666816,0.01998451,0.01998452,32079,98,0
6229.97554345,6229.97548456,1466.10486415,1466.10694522,0.02833925,841.24157292,0.01998451,0.01998452,32078,98,0
6230.16890953,6230.16971826,1472.97116384,1472.94256134,0.06584580,841.40506593,0.01998451,0.01998452,32077,98,0
6230.36347221,6230.36396408,1479.84440702,1479.82699401,0.05836403,841.56885588,0.01998451,0.01998452,32076,98,0
6230.55834113,6230.55822201,1486.72479044,1486.72901138,0.04923439,841.73218712,0.01998451,0.01998452,32075,98,0
6230.75283539,6230.75249206,1493.61193122,1493.62410825,0.04061778,841.89447773,0.01998452,0.01998452,32074,98,0
6230.94656602,6230.94677422,1500.50529956,1500.49790957,0.05174447,842.05539475,0.01998451,0.01998452,32073,98,0
6231.14138642,6231.14106850,1507.40436283,1507.41565569,0.03673525,842.21646118,0.01998452,0.01998452,32072,98,0
6231.33502662,6231.33537489,1514.30858556,1514.29620666,0.04475512,842.37578653,0.01998451,0.01998452,32071,98,0
6231.52986010,6231.52969340,1521.21760387,1521.22353273,0.04702559,842.53531342,0.01998452,0.01998452,32070,98,0
6231.72404626,6231.72402404,1528.13173292,1528.13252398,0.06113270,842.69353703,0.01998452,0.01998452,32069,98,0
6231.91878309,6231.91836679,1535.05145578,1535.06628426,0.06351892,842.85144326,0.01998452,0.01998452,32068,98,0
6232.11314454,6232.11272167,1541.97725807,1541.99233338,0.03560548,843.00828918,0.01998452,0.01998452,32067,98,0
6232.30677505,6232.30708867,1548.90962795,1548.89843725,0.06444582,843.16380304,0.01998451,0.01998452,32066,98,0
6232.50083157,6232.50146779,1555.84891618,1555.82619275,0.05635993,843.31892122,0.01998451,0.01998452,32065,98,0
6232.69564938,6232.69585904,1562.79497438,1562.78747925,0.05661020,843.47389916,0.01998451,0.01998452,32064,98,0
6232.88952233,6232.89026242,1569.74754144,1569.72106182,0.04790912,843.62737248,0.01998451,0.01998452,32063,98,0
6233.08437452,6233.08467793,1576.70635479,1576.69549039,0.04932884,843.78085601,0.01998451,0.01998452,32062,98,0
6233.27888855,6233.27910556,1583.67115053,1583.66337391,0.04851298,843.93330025,0.01998451,0.01998452,32061,98,0
6233.47284627,6233.47354532,1590.64176136,1590.61669084,0.04046391,844.08453378,0.01998451,0.01998452,32060,98,0
6233.66825636,6233.66799722,1597.61832055,1597.62762183,0.04403738,844.23611824,0.01998452,0.01998452,32059,98,0
6233.86179362,6233.86246125,1604.60101980,1604.57703690,0.04076520,844.38547866,0.01998451,0.01998452,32058,98,0
6234.05684464,6234.05693741,1611.59005185,1611.58671654,0.03853718,844.53523266,0.01998452,0.01998452,32057,98,0
6234.25110474,6234.25142571,1618.58561023,1618.57406017,0.03884434,844.68360828,0.01998451,0.01998452,32056,98,0
6234.44628371,6234.44592614,1625.58780980,1625.60068851,0.04387158,844.83191076,0.01998452,0.01998452,32055,98,0
6234.64060638,6234.64043871,1632.59656760,1632.60261172,0.04455222,844.97878673,0.01998452,0.01998452,32054,98,0
6234.83478572,6234.83496341,1639.61176985,1639.60535896,0.03503453,845.12477635,0.01998452,0.01998452,32053,98,0
6235.02923262,6235.02950026,1646.63330215,1646.62363801,0.04139136,845.27018309,0.01998451,0.01998452,32052,98,0
6235.22759921,6235.22404925,0.00000000,1653.80261503,0.06725981,845.41798014,0.01998453,0.01998452,32051,98,1
6235.41865536,6235.41861037,1660.69498935,1660.69661651,0.06285182,845.55901637,0.01998452,0.01998452,32050,98,0
6235.61302051,6235.61318365,1667.73526676,1667.72936136,0.05322929,845.70198859,0.01998452,0.01998452,32049,98,0
6235.80797574,6235.80776906,1674.78204987,1674.78953779,0.05433973,845.84460178,0.01998452,0.01998452,32048,98,0
6236.00227695,6236.00236662,1681.83550701,1681.83225518,0.05587857,845.98594724,0.01998452,0.01998452,32047,98,0
6236.19685907,6236.19697632,1688.89580444,1688.89154867,0.05562977,846.12670823,0.01998452,0.01998452,32046,98,0
6236.39244113,6236.39159818,1695.96297318,1695.99359665,0.06481730,846.26739518,0.01998452,0.01998452,32045,98,0
6236.58614063,6236.58623218,1703.03685438,1703.03352567,0.06459156,846.40593440,0.01998452,0.01998452,32044,98,0
6236.78120047,6236.78087833,1710.11727413,1710.12899719,0.05463533,846.54464267,0.01998452,0.01998452,32043,98,0
6236.97564922,6236.97553663,1717.20405756,1717.20815828,0.04964330,846.68210770,0.01998452,0.01998452,32042,98,0
6237.17013057,6237.17020708,1724.29703663,1724.29424779,0.04639932,846.81878260,0.01998452,0.01998452,32041,98,0
6237.36519827,6237.36488969,1731.39621251,1731.40746953,0.03531701,846.95505040,0.01998452,0.01998452,32040,98,0
6237.55944715,6237.55958445,1738.50175172,1738.49673879,0.04379755,847.08993187,0.01998452,0.01998452,32039,98,0
6237.75418811,6237.75429136,1745.61382850,1745.61005529,0.04153847,847.22434025,0.01998452,0.01998452,32038,98,0
6237.94843328,6237.94901043,1752.73261805,1752.71150813,0.04646698,847.35759463,0.01998451,0.01998452,32037,98,0
6238.14507652,6238.14374166,1759.85828535,1759.90715316,0.05827143,847.49166886,0.01998452,0.01998452,32036,98,0
6238.33889552,6238.33848505,1766.99086862,1767.00590920,0.06496628,847.62300314,0.01998452,0.01998452,32035,98,0
6238.53330084,6238.53324060,1774.13032496,1774.13253453,0.04704203,847.75391925,0.01998452,0.01998452,32034,98,0
6238.72838847,6238.72800830,1781.27660988,1781.29056492,0.03605539,847.88447050,0.01998452,0.01998452,32033,98,0
6238.92260306,6238.92278817,1788.42967864,1788.42287749,0.03652235,848.01361395,0.01998452,0.01998452,32032,98,0
6239.11801103,6239.11758020,1795.58948712,1795.60532973,0.03544495,848.14271833,0.01998452,0.01998452,32031,98,0
6239.31188205,6239.31238440,1802.75599662,1802.73750793,0.04341473,848.26997875,0.01998452,0.01998452,32030,98,0
6239.50716290,6239.50720076,1809.92917041,1809.92777578,0.06218189,848.39732723,0.01998452,0.01998452,32029,98,0
6239.70305162,6239.70202929,1817.10897151,1817.14666262,0.05158750,848.52422463,0.01998452,0.01998452,32028,98,0
6239.89724583,6239.89686999,1824.29536272,1824.30923111,0.04346742,848.64918340,0.01998452,0.01998452,32027,98,0
6240.09166784,6240.09172285,1831.48833569,1831.48630415,0.03438738,848.77344743,0.01998452,0.01998452,32026,98,0
6240.28683228,6240.28658789,1838.68797999,1838.69701330,0.03916599,848.89733846,0.01998452,0.01998452,32025,98,0
6240.48093471,6240.48146509,1845.89440630,1845.87478428,0.05800181,849.01971249,0.01998452,0.01998452,32024,98,0
6240.67633196,6240.67635447,1853.10772589,1853.10689227,0.06269871,849.14205327,0.01998452,0.01998452,32023,98,0
6240.87122720,6240.87125602,1860.32805072,1860.32698261,0.03983602,849.26322989,0.01998452,0.01998452,32022,98,0
6241.06627416,6241.06616975,1867.55549609,1867.55936955,0.03241906,849.38365040,0.01998452,0.01998452,32021,98,0
6241.26095509,6241.26109565,1874.79018285,1874.78496357,0.04137808,849.50299588,0.01998452,0.01998452,32020,98,0
6241.45636438,6241.45603373,1882.03223301,1882.04452293,0.05006525,849.62193412,0.01998452,0.01998452,32019,98,0
6241.65129909,6241.65098399,1889.28176927,1889.29349265,0.03647588,849.73973049,0.01998452,0.01998452,32018,98,0
6241.84660920,6241.84594642,1896.53890381,1896.56358674,0.03658536,849.85689826,0.01998452,0.01998452,32017,98,0
6242.04088711,6242.04092104,1903.80352543,1903.80226089,0.04725223,849.97259268,0.01998452,0.01998452,32016,98,0
6242.23598283,6242.23590783,1911.07531535,1911.07811360,0.06460259,850.08790903,0.01998452,0.01998452,32015,98,0
6242.43119941,6242.43090681,1918.35394513,1918.36487153,0.03500272,850.20242125,0.01998452,0.01998452,32014,98,0
6242.62563187,6242.62591798,1925.63908443,1925.62839195,0.03931864,850.31559530,0.01998452,0.01998452,32013,98,0
6242.82045053,6242.82094132,1932.93046695,1932.91211026,0.06354203,850.42810858,0.01998452,0.01998452,32012,98,0
6243.01583269,6243.01597686,1940.22831312,1940.22291640,0.04107406,850.54005804,0.01998452,0.01998452,32011,98,0
6243.21164163,6243.21102458,1947.53306357,1947.55618351,0.03145240,850.65136284,0.01998452,0.01998452,32010,98,0
6243.40598234,6243.40608449,1954.84516255,1954.84133157,0.06470659,850.76095691,0.01998452,0.01998452,32009,98,0
6243.60143044,6243.60115658,1962.16505681,1962.17533845,0.04615730,850.87029903,0.01998452,0.01998452,32008,98,0
6243.79642186,6243.79624087,1969.49300786,1969.49980975,0.03932362,850.97851066,0.01998452,0.01998452,32007,98,0
6243.99085481,6243.99133735,1976.82870544,1976.81055294,0.04767895,851.08553461,0.01998452,0.01998452,32006,98,0
6244.18658934,6244.18644602,1984.17172848,1984.17712480,0.05951476,851.19238063,0.01998452,0.01998452,32005,98,0
6244.38164191,6244.38156689,1991.52165339,1991.52448052,0.02691869,851.29795285,0.01998452,0.01998452,32004,98,0
6244.57693173,6244.57669995,1998.87806124,1998.88680267,0.05712894,851.40274333,0.01998452,0.01998452,32003,98,0
6244.77243108,6244.77184521,2006.24080516,2006.26291903,0.03760099,851.50672957,0.01998452,0.01998452,32002,98,0
6244.96738237,6244.96700266,2013.61009056,2013.62443466,0.03661385,851.60951144,0.01998452,0.01998452,32001,98,0
6245.16181364,6245.16217232,2020.98614730,2020.97258572,0.05927330,851.71111192,0.01998452,0.01998452,32000,98,0
6245.35756083,6245.35735417,2028.36920659,2028.37702741,0.03495257,851.81248540,0.01998452,0.01998452,31999,98,0
6245.55272675,6245.55254822,2035.75950262,2035.76626510,0.05794861,851.91264470,0.01998452,0.01998452,31998,98,0
6245.74812680,6245.74775448,2043.15728530,2043.17140202,0.04899746,852.01201131,0.01998452,0.01998452,31997,98,0
6245.94291488,6245.94297294,2050.56281365,2050.56061014,0.03582975,852.11015816,0.01998452,0.01998452,31996,98,0
6246.13814638,6246.13820360,2057.97634831,2057.97417444,0.05117773,852.20761866,0.01998452,0.01998452,31995,98,0
6246.33324953,6246.33344647,2065.39815140,2065.39066112,0.03907151,852.30410546,0.01998452,0.01998452,31994,98,0
6246.52947265,6246.52870154,2072.82838580,2072.85774531,0.05575373,852.40022787,0.01998452,0.01998452,31993,98,0
6246.72405691,6246.72396882,2080.26691126,2080.27026870,0.03845376,852.49463304,0.01998452,0.01998452,31992,98,0
6246.91897938,6246.91924831,2087.71352954,2087.70326886,0.04579552,852.58828366,0.01998452,0.01998452,31991,98,0
6247.11474472,6247.11454002,2095.16804115,2095.17585889,0.06206411,852.68140823,0.01998452,0.01998452,31990,98,0
6247.30971648,6247.30984393,2102.63024851,2102.62537679,0.02948960,852.77322250,0.01998452,0.01998452,31989,98,0
6247.50526170,6247.50516005,2110.10003480,2110.10392409,0.05897030,852.86436739,0.01998452,0.01998452,31988,98,0
6247.70001071,6247.70048839,2117.57737051,2117.55907616,0.03592060,852.95420286,0.01998452,0.01998452,31987,98,0
6247.89565746,6247.89582894,2125.06223022,2125.05565644,0.04611073,853.04350634,0.01998452,0.01998452,31986,98,0
6248.09137144,6248.09118171,2132.55458833,2132.56186857,0.03967760,853.13188853,0.01998452,0.01998452,31985,98,0
6248.28626030,6248.28654669,2140.05444416,2140.04344491,0.05824655,853.21894908,0.01998452,0.01998452,31984,98,0
6248.48176017,6248.48192389,2147.56194444,2147.55565022,0.03736961,853.30532987,0.01998452,0.01998452,31983,98,0
6248.67692907,6248.67731331,2155.07729046,2155.06250385,0.05426746,853.39061198,0.01998452,0.01998452,31982,98,0
6248.87232310,6248.87271495,2162.60068481,2162.58558999,0.02537891,853.47503838,0.01998452,0.01998452,31981,98,0
6249.06777425,6249.06812881,2170.13232995,2170.11865726,0.04919953,853.55853351,0.01998452,0.01998452,31980,98,0
6249.26347290,6249.26355490,2177.67232024,2177.66915480,0.03681254,853.64117426,0.01998452,0.01998452,31979,98,0
6249.45832431,6249.45899321,2185.22056260,2185.19471535,0.05577620,853.72249852,0.01998452,0.01998452,31978,98,0
6249.65429101,6249.65444374,2192.77694481,2192.77103721,0.05780331,853.80331895,0.01998452,0.01998452,31977,98,0
6249.84970104,6249.84990650,2200.34135390,2200.33339877,0.03464044,853.88293750,0.01998452,0.01998452,31976,98,0
6250.04528141,6250.04538148,2207.91367493,2207.90979626,0.05092726,853.96164894,0.01998452,0.01998452,31975,98,0
6250.24102815,6250.24086870,2215.49378088,2215.49996666,0.02884601,854.03944476,0.01998452,0.01998452,31974,98,0
6250.43609975,6250.43636814,2223.08153789,2223.07111634,0.04946906,854.11598996,0.01998452,0.01998452,31973,98,0
6250.63144315,6250.63187981,2230.67681116,2230.65983990,0.03149004,854.19165485,0.01998452,0.01998452,31972,98,0
6250.82697363,6250.82740372,2238.27946565,2238.26273464,0.05851675,854.26639889,0.01998452,0.01998452,31971,98,0
6251.02306056,6251.02293986,2245.88949126,2245.89419102,0.05032045,854.34035462,0.01998452,0.01998452,31970,98,0
6251.21863219,6251.21848823,2253.50715573,2253.51276643,0.02961538,854.41311716,0.01998452,0.01998452,31969,98,0
6251.41455179,6251.41404883,2261.13276567,2261.15238771,0.05478924,854.48500886,0.01998452,0.01998452,31968,98,0
6251.60971203,6251.60962168,2268.76662962,2268.77015837,0.05495886,854.55562623,0.01998452,0.01998452,31967,98,0
6251.80517893,6251.80520676,2276.40903803,2276.40794990,0.03837476,854.62535785,0.01998452,0.01998452,31966,98,0
6252.00106462,6252.00080408,2284.06006953,2284.07026648,0.04893713,854.69423549,0.01998452,0.01998452,31965,98,0
6252.19659356,6252.19641364,2291.71967394,2291.72672292,0.05127119,854.76198210,0.01998452,0.01998452,31964,98,0
6252.39180777,6252.39203544,2299.38779891,2299.37887007,0.02523122,854.82861360,0.01998452,0.01998452,31963,98,0
6252.58779195,6252.58766948,2307.06439160,2307.06919978,0.03992012,854.89449286,0.01998452,0.01998452,31962,98,0
6252.78425179,6252.78331576,2314.74936507,2314.78615080,0.05630884,854.95950712,0.01998452,0.01998452,31961,98,0
6252.97898009,6252.97897429,2322.44255654,2322.44278457,0.03490344,855.02293113,0.01998452,0.01998452,31960,98,0
6253.17457312,6253.17464506,2330.14379193,2330.14095901,0.05599294,855.08561265,0.01998452,0.01998452,31959,98,0
6253.37039851,6253.37032808,2337.85289600,2337.85567166,0.04869822,855.14733581,0.01998452,0.01998452,31958,98,0
6253.56565985,6253.56602335,2345.56973300,2345.55539223,0.02345098,855.20784806,0.01998452,0.01998452,31957,98,0
6253.76174212,6253.76173087,2353.29454510,2353.29498924,0.05307336,855.26757536,0.01998452,0.01998452,31956,98,0
6253.95748293,6253.95745064,2361.02778207,2361.02905859,0.04158773,855.32616003,0.01998452,0.01998452,31955,98,0
6254.15273534,6254.15318265,2368.76989868,2368.75219542,0.05019542,855.38356467,0.01998452,0.01998452,31954,98,0
6254.34865426,6254.34892692,2376.52134966,2376.51054583,0.03323446,855.44012715,0.01998452,0.01998452,31953,98,0
6254.54431742,6254.54468345,2384.28232206,2384.26780238,0.04662109,855.49557550,0.01998452,0.01998452,31952,98,0
6254.74012842,6254.74045223,2392.05252281,2392.03966353,0.05194581,855.55001910,0.01998452,0.01998452,31951,98,0
6254.93641422,6254.93623326,2399.83160724,2399.83880104,0.04349540,855.60353775,0.01998452,0.01998452,31950,98,0
6255.13235662,6255.13202655,2407.61922835,2407.63236324,0.06384919,855.65590142,0.01998452,0.01998452,31949,98,0
6255.32804958,6255.32783210,2415.41508567,2415.42374873,0.03023450,855.70713464,0.01998452,0.01998452,31948,98,0
6255.52332779,6255.52364991,2423.21917911,2423.20633521,0.05610702,855.75719626,0.01998452,0.01998452,31947,98,0
6255.71979958,6255.71947998,2431.03162414,2431.04438106,0.04763669,855.80648962,0.01998452,0.01998452,31946,98,0
6255.91569594,6255.91532231,2438.85253718,2438.86746575,0.05716153,855.85456317,0.01998452,0.01998452,31945,98,0
6256.11160434,6256.11117690,2446.68203881,2446.69913535,0.05844963,855.90156302,0.01998452,0.01998452,31944,98,0
6256.30682070,6256.30704375,2454.52034933,2454.51141820,0.03412928,855.94732366,0.01998452,0.01998452,31943,98,0
6256.50315549,6256.50292288,2462.36780272,2462.37712714,0.05514147,855.99226429,0.01998452,0.01998452,31942,98,0
6256.69901896,6256.69881426,2470.22474122,2470.23295637,0.04441958,856.03601385,0.01998452,0.01998452,31941,98,0
6256.89524175,6256.89471792,2478.09150931,2478.11255743,0.04440294,856.07875675,0.01998452,0.01998452,31940,98,0
6257.09071216,6257.09063384,2485.96826535,2485.97141616,0.04658589,856.12025093,0.01998452,0.01998452,31939,98,0
6257.28626327,6257.28656203,2493.85455605,2493.84252384,0.03418733,856.16067245,0.01998452,0.01998452,31938,98,0
6257.48314231,6257.48250249,2501.74980061,2501.77559440,0.04938927,856.20026054,0.01998452,0.01998452,31937,98,0
6257.67842637,6257.67845523,2509.65341424,2509.65224947,0.04989921,856.23842328,0.01998452,0.01998452,31936,98,0
6257.87379453,6257.87442024,2517.56487101,2517.53959858,0.03009027,856.27549582,0.01998452,0.01998452,31935,98,0
6258.07000405,6258.07039752,2525.48427213,2525.46836418,0.06014095,856.31161126,0.01998452,0.01998452,31934,98,0
6258.25944465,6258.26638708,0.00000000,2533.13177850,0.07689311,856.34542062,0.01998450,0.01998452,31933,98,1
6258.46209175,6258.46238891,2541.34877741,2541.33673790,0.04969407,856.38042342,0.01998452,0.01998452,31932,98,0
6258.65768350,6258.65840302,2549.29482570,2549.26564102,0.04783526,856.41307377,0.01998452,0.01998452,31931,98,0
6258.85427009,6258.85442941,2557.25044858,2557.24397914,0.04054090,856.44476222,0.01998452,0.01998452,31930,98,0
6259.05009257,6259.05046808,2565.21551063,2565.20024499,0.05336938,856.47519880,0.01998452,0.01998452,31929,98,0
6259.24661010,6259.24651903,2573.18984854,2573.19355461,0.05108574,856.50460643,0.01998452,0.01998452,31928,98,0
6259.44239928,6259.44258226,2581.17329783,2581.16584295,0.04438341,856.53276799,0.01998452,0.01998452,31927,98,0
6259.63804340,6259.63865778,2589.16575153,2589.14069467,0.03959970,856.55977091,0.01998452,0.01998452,31926,98,0
6259.83477699,6259.83474558,2597.16730292,2597.16858544,0.05143698,856.58577391,0.01998452,0.01998452,31925,98,0
6260.03026543,6260.03084567,2605.17808888,2605.15437275,0.03925596,856.61046644,0.01998452,0.01998452,31924,98,0
6260.22659102,6260.22695804,2613.19824723,2613.18322927,0.04427968,856.63411170,0.01998452,0.01998452,31923,98,0
6260.42315986,6260.42308270,2621.22791792,2621.23107866,0.04723932,856.65662512,0.01998452,0.01998452,31922,98,0
6260.61917439,6260.61921965,2629.26725195,2629.26539571,0.04708989,856.67791455,0.01998452,0.01998452,31921,98,0
6260.81502647,6260.81536889,2637.31640645,2637.30234675,0.04766068,856.69802529,0.01998452,0.01998452,31920,98,0
6261.01128644,6261.01153042,2645.37553971,2645.36550989,0.05000109,856.71700999,0.01998452,0.01998452,31919,98,0
6261.20746302,6261.20770425,2653.44480557,2653.43487721,0.04831624,856.73481441,0.01998452,0.01998452,31918,98,0
6261.40407915,6261.40389037,2661.52422183,2661.53200099,0.05960866,856.75147859,0.01998452,0.01998452,31917,98,0
6261.60010488,6261.60008878,2669.61366260,2669.61432665,0.03943083,856.76691211,0.01998452,0.01998452,31916,98,0
6261.79625186,6261.79629949,2677.71299427,2677.71102708,0.04774414,856.78117084,0.01998452,0.01998452,31915,98,0
6261.99240369,6261.99252250,2685.82208285,2685.81717024,0.03543471,856.79424082,0.01998452,0.01998452,31914,98,0
6262.18879498,6262.18875780,2693.94088543,2693.94242443,0.03709481,856.80613132,0.01998452,0.01998452,31913,98,0
6262.38509586,6262.38500540,2702.06954798,2702.07329682,0.03972859,856.81681712,0.01998452,0.01998452,31912,98,0
6262.58144061,6262.58126531,2710.20824069,2710.21551473,0.04495568,856.82630198,0.01998452,0.01998452,31911,98,0
6262.77661695,6262.77753752,2718.35713498,2718.31889175,0.05008957,856.83453367,0.01998452,0.01998452,31910,98,0
6262.97349412,6262.97382203,2726.51632637,2726.50268771,0.05999979,856.84162404,0.01998452,0.01998452,31909,98,0
6263.17042296,6263.17011884,2734.68560191,2734.69826578,0.05533748,856.84749298,0.01998452,0.01998452,31908,98,0
6263.36636692,6263.36642796,2742.86466953,2742.86212482,0.04225163,856.85211388,0.01998452,0.01998452,31907,98,0
6263.56285260,6263.56274938,2751.05323495,2751.05754246,0.04861565,856.85552264,0.01998452,0.01998452,31906,98,0
6263.75902157,6263.75908312,2759.25106050,2759.24848917,0.04261238,856.85769823,0.01998452,0.01998452,31905,98,0
6263.95575482,6263.95542916,2767.45835555,2767.47197609,0.05305361,856.85864420,0.01998452,0.01998452,31904,98,0
6264.15193906,6264.15178751,2775.67553784,2775.68188355,0.04743617,856.85835100,0.01998452,0.01998452,31903,98,0
6264.34765710,6264.34815817,2783.90302926,2783.88202255,0.04286216,856.85682385,0.01998452,0.01998452,31902,98,0
6264.54480226,6264.54454115,2792.14123548,2792.15219615,0.04255483,856.85403427,0.01998452,0.01998452,31901,98,0
6264.74024915,6264.74093643,2800.39027944,2800.36139398,0.04398639,856.85002448,0.01998452,0.01998452,31900,98,0
6264.93745718,6264.93734404,2808.65006652,2808.65482767,0.04775440,856.84471831,0.01998452,0.01998452,31899,98,0
6265.13407296,6265.13376396,2816.92049580,2816.93351482,0.04170317,856.83816335,0.01998452,0.01998452,31898,98,0
6265.33022657,6265.33019619,2825.20146678,2825.20274832,0.03776163,856.83036099,0.01998452,0.01998452,31897,98,0
6265.52661610,6265.52664074,2833.49291696,2833.49187620,0.05749059,856.82128121,0.01998452,0.01998452,31896,98,0
6265.72308644,6265.72309762,2841.79482911,2841.79435673,0.03848238,856.81092364,0.01998452,0.01998452,31895,98,0
6265.91987818,6265.91956681,2850.10718841,2850.12037010,0.03566204,856.79926724,0.01998453,0.01998452,31894,98,0
6266.11649226,6266.11604832,2858.42997938,2858.44879544,0.05331608,856.78633567,0.01998453,0.01998452,31893,98,0
6266.31203539,6266.31254216,2866.76314506,2866.74164068,0.03620936,856.77219559,0.01998452,0.01998452,31892,98,0
6266.50948276,6266.50904832,2875.10655657,2875.12501295,0.03542800,856.75661943,0.01998453,0.01998452,31891,98,0
6266.70593156,6266.70556681,2883.46007695,2883.47559083,0.05495255,856.73982312,0.01998453,0.01998452,31890,98,0
6266.90201622,6266.90209762,2891.82356854,2891.82010268,0.04126148,856.72176190,0.01998452,0.01998452,31889,98,0
6267.09822016,6267.09864076,2900.19704215,2900.17911280,0.04366062,856.70238940,0.01998452,0.01998452,31888,98,0
6267.29485585,6267.29519622,2908.58087114,2908.56634417,0.05079353,856.68166402,0.01998452,0.01998452,31887,98,0
6267.49153413,6267.49176402,2916.97548558,2916.96566194,0.02271212,856.65961643,0.01998452,0.01998452,31886,98,0
6267.68825408,6267.68834415,2925.38131877,2925.37746492,0.05869809,856.63623995,0.01998452,0.01998452,31885,98,0
6267.88452215,6267.88493661,2933.79865553,2933.78089890,0.03375372,856.61159166,0.01998452,0.01998452,31884,98,0
6268.08152321,6268.08154140,2942.22728986,2942.22650962,0.03960427,856.58551552,0.01998452,0.01998452,31883,98,0
6268.27694436,6268.27815852,2950.66691422,2950.61476559,0.05543896,856.55832243,0.01998452,0.01998452,31882,98,0
6268.47405153,6268.47478799,2959.11721857,2959.08555014,0.03796463,856.52955313,0.01998452,0.01998452,31881,98,0
6268.67140494,6268.67142978,2967.57800231,2967.57693281,0.05707698,856.49939406,0.01998452,0.01998452,31880,98,0
6268.86809387,6268.86808392,2976.04952365,2976.04995238,0.02840337,856.46798316,0.01998452,0.01998452,31879,98,0
6269.06499463,6269.06475040,2984.53216117,2984.54270227,0.04638014,856.43517893,0.01998453,0.01998452,31878,98,0
6269.26063312,6269.26142921,2993.02629638,2992.99189248,0.03549324,856.40123148,0.01998452,0.01998452,31877,98,0
6269.45836352,6269.45812037,3001.53224454,3001.54276677,0.04314671,856.36554371,0.01998453,0.01998452,31876,98,0
6269.65499347,6269.65482386,3010.04998498,3010.05733426,0.03422426,856.32867633,0.01998452,0.01998452,31875,98,0
6269.85132327,6269.85153971,3018.57939346,3018.57000279,0.05195658,856.29048938,0.01998452,0.01998452,31874,98,0
6270.04804082,6270.04826789,3027.12034469,3027.11047983,0.03752190,856.25084359,0.01998452,0.01998452,31873,98,0
6270.24428464,6270.24500843,3035.67275214,3035.64126852,0.04663462,856.20990885,0.01998452,0.01998452,31872,98,0
6270.44036658,6270.44176130,3044.23674586,3044.17599884,0.03938256,856.16762116,0.01998452,0.01998452,31871,98,0
6270.63816639,6270.63852653,3052.81253061,3052.79682403,0.05351953,856.12355237,0.01998452,0.01998452,31870,98,0
6270.83525338,6270.83530411,3061.40031280,3061.39809746,0.05755065,856.07822690,0.01998452,0.01998453,31869,98,0
6271.03200196,6271.03209404,3070.00021525,3069.99618901,0.02946054,856.03156394,0.01998452,0.01998453,31868,98,0
6271.22898973,6271.22889631,3078.61187627,3078.61596634,0.05884138,855.98342422,0.01998453,0.01998453,31867,98,0
6271.42647508,6271.42571095,3087.23475944,3087.26825813,0.06421002,855.93373450,0.01998453,0.01998453,31866,98,0
6271.62284407,6271.62253793,3095.86832372,3095.88175976,0.03836603,855.88290584,0.01998453,0.01998453,31865,98,0
6271.81928630,6271.81937727,3104.51217889,3104.50818157,0.04574017,855.83063928,0.01998453,0.01998453,31864,98,0
6272.01580725,6272.01622897,3113.16679671,3113.14824443,0.03371463,855.77692426,0.01998452,0.01998453,31863,98,0
6272.21273432,6272.21309302,3121.83295239,3121.81715166,0.05409290,855.72165623,0.01998452,0.01998453,31862,98,0
6272.40958512,6272.40996943,3130.51142772,3130.49447463,0.03644326,855.66495664,0.01998452,0.01998453,31861,98,0
6272.60627486,6272.60685821,3139.20285690,3139.17708761,0.03163645,855.60684273,0.01998452,0.01998453,31860,98,0
6272.80372566,6272.80375934,3147.90709365,3147.90560356,0.05651155,855.54703052,0.01998453,0.01998453,31859,98,0
6273.00049737,6273.00067284,3156.62374052,3156.61596822,0.05823735,855.48595238,0.01998452,0.01998453,31858,98,0
6273.19724096,6273.19759869,3165.35239656,3165.33652995,0.03789670,855.42341151,0.01998452,0.01998453,31857,98,0
6273.39452568,6273.39453692,3174.09276664,3174.09226748,0.05740193,855.35921797,0.01998453,0.01998453,31856,98,0
6273.59133136,6273.59148751,3182.84503170,3182.83808815,0.04147782,855.29369638,0.01998453,0.01998453,31855,98,0
6273.78822191,6273.78845046,3191.60950514,3191.59932820,0.04557897,855.22665569,0.01998452,0.01998453,31854,98,0
6273.98491832,6273.98542578,3200.38650292,3200.36387533,0.04373471,855.15818414,0.01998452,0.01998453,31853,98,0
6274.18292085,6274.18241348,3209.17623696,3209.19889200,0.04797051,855.08773934,0.01998453,0.01998453,31852,98,0
6274.38027516,6274.37941354,3217.97854450,3218.01706912,0.04898712,855.01600454,0.01998453,0.01998453,31851,98,0
6274.57635409,6274.57642597,3226.79317831,3226.78996004,0.03718729,854.94322625,0.01998453,0.01998453,31850,98,0
6274.77368214,6274.77345078,3235.61988924,3235.63026110,0.04511610,854.86846431,0.01998453,0.01998453,31849,98,0
6274.97109897,6274.97048796,3244.45857032,3244.48599717,0.04208917,854.79213827,0.01998453,0.01998453,31848,98,0
6275.16777532,6275.16753751,3253.30950074,3253.32018967,0.04437416,854.71456842,0.01998453,0.01998453,31847,98,0
6275.36430366,6275.36459944,3262.17302616,3262.15971327,0.05139831,854.63552280,0.01998452,0.01998453,31846,98,0
6275.56248977,6275.56167375,3271.04949407,3271.08627452,0.05229301,854.55424836,0.01998453,0.01998453,31845,98,0
6275.75969627,6275.75876044,3279.93912452,3279.98136559,0.03771864,854.47181065,0.01998453,0.01998453,31844,98,0
6275.95646710,6275.95585950,3288.84188669,3288.86935051,0.05949782,854.38799335,0.01998453,0.01998453,31843,98,0
6276.15339016,6276.15297095,3297.75772045,3297.77669561,0.05711337,854.30254399,0.01998453,0.01998453,31842,98,0
6276.35009110,6276.35009478,3306.68656529,3306.68639858,0.04928005,854.21562044,0.01998453,0.01998453,31841,98,0
6276.54678689,6276.54723099,3315.62837083,3315.60821308,0.04720438,854.12712410,0.01998452,0.01998453,31840,98,0
6276.74393625,6276.74437959,3324.58310060,3324.56294996,0.03919472,854.03683760,0.01998452,0.01998453,31839,98,0
6276.94104453,6276.94154057,3333.55071872,3333.52814140,0.03926471,853.94497691,0.01998452,0.01998453,31838,98,0
6277.13820276,6277.13871394,3342.53120028,3342.50790232,0.04102604,853.85149381,0.01998452,0.01998453,31837,98,0
6277.33619697,6277.33589969,3351.52473324,3351.53830177,0.04869232,853.75599682,0.01998453,0.01998453,31836,98,0
6277.53304050,6277.53309783,3360.53169630,3360.52907546,0.04508110,853.65943784,0.01998453,0.01998453,31835,98,0
6277.72999835,6277.73030837,3369.55247801,3369.53828647,0.03124265,853.56119863,0.01998453,0.01998453,31834,98,0
6277.92720711,6277.92753129,3378.58742524,3378.57256287,0.03137323,853.46119625,0.01998453,0.01998453,31833,98,0
6278.12516496,6278.12476661,3387.63646266,3387.65475206,0.04592696,853.35915981,0.01998453,0.01998453,31832,98,0
6278.32242827,6278.32201432,3396.69928006,3396.71831325,0.06088888,853.25582968,0.01998453,0.01998453,31831,98,0
6278.51912236,6278.51927443,3405.77556193,3405.76855995,0.04538175,853.15115332,0.01998453,0.01998453,31830,98,0
6278.71631734,6278.71654693,3414.86505481,3414.85446872,0.05307352,853.04455881,0.01998453,0.01998453,31829,98,0
6278.91502143,6278.91383183,3423.96782673,3424.02275407,0.05093888,852.93546875,0.01998453,0.01998453,31828,98,0
6279.11175621,6279.11112912,3433.08404688,3433.11304223,0.06761943,852.82579036,0.01998453,0.01998453,31827,98,0
6279.30758340,6279.30843882,3442.21388596,3442.17427569,0.03975137,852.71495994,0.01998452,0.01998453,31826,98,0
6279.50642090,6279.50576092,3451.35752714,3451.38813228,0.04006489,852.60072456,0.01998453,0.01998453,31825,98,0
6279.70333060,6279.70309542,3460.51518356,3460.52610586,0.04087999,852.48589815,0.01998453,0.01998453,31824,98,0
6279.90021918,6279.90044232,3469.68707472,3469.67669627,0.04047997,852.36938464,0.01998453,0.01998453,31823,98,0
6280.09808792,6280.09780162,3478.87341756,3478.88675394,0.05212773,852.25056948,0.01998453,0.01998453,31822,98,0
6280.29506230,6280.29517333,3488.07425259,3488.06907293,0.04736864,852.13056980,0.01998453,0.01998453,31821,98,0
6280.49266372,6280.49255745,3497.28938544,3497.29435038,0.04852838,852.00845795,0.01998453,0.01998453,31820,98,0
6280.68950769,6280.68995397,3506.51860375,3506.49772304,0.03851113,851.88508729,0.01998453,0.01998453,31819,98,0
6280.88771508,6280.88736290,3515.76169279,3515.77819412,0.04491544,851.75911683,0.01998453,0.01998453,31818,98,0
6281.08466904,6281.08478425,3525.01843223,3525.01302653,0.05680137,851.63220471,0.01998453,0.01998453,31817,98,0
6281.28193277,6281.28221800,3534.28859728,3534.27519544,0.05785281,851.50335280,0.01998453,0.01998453,31816,98,0
6281.48017813,6281.47966417,3543.57196092,3543.59614212,0.03838969,851.37210192,0.01998453,0.01998453,31815,98,0
6281.67716825,6281.67712275,3552.86849657,3552.87064021,0.05193169,851.23993078,0.01998453,0.01998453,31814,98,0
6281.87407811,6281.87459374,3562.17912605,3562.15479589,0.05345415,851.10604927,0.01998453,0.01998453,31813,98,0
6282.07193311,6282.07207715,3571.50505714,3571.49824932,0.04108537,850.96972410,0.01998453,0.01998453,31812,98,0
6282.26918797,6282.26957298,3580.84750180,3580.82927301,0.04229463,850.83198997,0.01998453,0.01998453,31811,98,0
6282.46698959,6282.46708122,3590.20687421,3590.20252839,0.05982460,850.69203249,0.01998453,0.01998453,31810,98,0
6282.66493238,6282.66460188,3599.58204887,3599.59774782,0.03403279,850.55013795,0.01998453,0.01998453,31809,98,0
6282.86208546,6282.86213497,3608.97171598,3608.96936102,0.03920660,850.40699511,0.01998453,0.01998453,31808,98,0
6283.05972992,6283.05968047,3618.37465344,3618.37700856,0.03515128,850.26168995,0.01998453,0.01998453,31807,98,0
6283.25730945,6283.25723840,3627.79120843,3627.79459745,0.05361199,850.11461376,0.01998453,0.01998453,31806,98,0
6283.45474998,6283.45480875,3637.22299104,3637.22018297,0.03796918,849.96579240,0.01998453,0.01998453,31805,98,0
6283.65240921,6283.65239153,3646.67166173,3646.67250799,0.05288121,849.81492109,0.01998453,0.01998453,31804,98,0
6283.85017006,6283.84998673,3656.13846523,3656.14725631,0.03743818,849.66205612,0.01998453,0.01998453,31803,98,0
6284.04742489,6284.04759436,3665.62258313,3665.61444263,0.03287895,849.50767754,0.01998453,0.01998453,31802,98,0
6284.24516469,6284.24521442,3675.12256619,3675.12017349,0.05244881,849.35102559,0.01998453,0.01998453,31801,98,0
6284.44295935,6284.44284691,3684.63696407,3684.64238087,0.04534586,849.19244975,0.01998453,0.01998453,31800,98,0
6284.64061272,6284.64049183,3694.16525022,3694.17108250,0.04898846,849.03211041,0.01998453,0.01998453,31799,98,0
6284.83746790,6284.83814918,3703.70843176,3703.67551249,0.05364128,848.87053000,0.01998453,0.01998453,31798,98,0
6285.03569425,6285.03581897,3713.26766839,3713.26163207,0.04874498,848.70589227,0.01998453,0.01998453,31797,98,0
6285.23382720,6285.23350119,3722.84401461,3722.85982147,0.04087251,848.53936851,0.01998453,0.01998453,31796,98,0
6285.43142009,6285.43119584,3732.43736108,3732.44825167,0.03552821,848.37133696,0.01998453,0.01998453,31795,98,0
6285.62903596,6285.62890294,3742.04691743,3742.05338827,0.05232516,848.20133212,0.01998453,0.01998453,31794,98,0
6285.82633234,6285.82662247,3751.67187731,3751.65774361,0.02994929,848.02965946,0.01998453,0.01998453,31793,98,0
6286.02431577,6286.02435444,3761.31171443,3761.30982802,0.05598829,847.85543966,0.01998453,0.01998453,31792,98,0
6286.22225075,6286.22209885,3770.96669767,3770.97412038,0.04595378,847.67929820,0.01998453,0.01998453,31791,98,0
6286.42003300,6286.41985570,3780.63723631,3780.64591340,0.07202378,847.50131580,0.01998453,0.01998453,31790,98,0
6286.61730498,6286.61762499,3790.32373549,3790.30804947,0.03956742,847.32180890,0.01998453,0.01998453,31789,98,0
6286.81583749,6286.81540673,3800.02646090,3800.04761026,0.04545933,847.13914184,0.01998453,0.01998453,31788,98,0
6287.01311555,6287.01320091,3809.74555851,3809.74136064,0.05376603,846.95561766,0.01998453,0.01998453,31787,98,0
6287.21120389,6287.21100754,3819.48117170,3819.49084353,0.03919434,846.76931142,0.01998453,0.01998453,31786,98,0
6287.40863468,6287.40882661,3829.23341367,3829.22394403,0.05332565,846.58159087,0.01998453,0.01998453,31785,98,0
6287.60638365,6287.60665814,3839.00228007,3838.98871482,0.04763812,846.39152529,0.01998453,0.01998453,31784,98,0
6287.80517939,6287.80450211,3848.78773842,3848.82126416,0.04347807,846.19838541,0.01998453,0.01998453,31783,98,0
6288.00068371,6288.00235854,0.00000000,3858.51657169,0.02984327,846.00621710,0.01998452,0.01998453,31782,98,1
6288.20024798,6288.20022741,3868.40879603,3868.40981726,0.06430288,845.80836072,0.01998453,0.01998453,31781,98,0
6288.39649582,6288.39810874,0.00000000,3878.18067648,0.05220251,845.61120242,0.01998452,0.01998453,31780,98,1
6288.59558424,6288.59600253,3888.10116769,3888.08031652,0.04356793,845.40967252,0.01998453,0.01998453,31779,98,0
6288.79289851,6288.79390877,3897.97591340,3897.92545944,0.05869826,845.20748223,0.01998453,0.01998453,31778,98,0
6288.99228490,6288.99182746,3907.86907192,3907.89195726,0.03781305,845.00100214,0.01998453,0.01998453,31777,98,0
6289.19033694,6289.18975862,3917.77949619,3917.80847596,0.04173529,844.79376267,0.01998453,0.01998453,31776,98,0
6289.38918324,6289.38770223,0.00000000,3927.79228166,0.05349490,844.58330858,0.01998453,0.01998453,31775,98,1
6289.58543656,6289.58565831,3937.64919654,3937.63804879,0.06444040,844.37398736,0.01998453,0.01998453,31774,98,0
6289.78362590,6289.78362684,3947.61045603,3947.61040870,0.05268435,844.16017617,0.01998453,0.01998453,31773,98,0
6289.98094006,6289.98160784,3957.59160343,3957.55790349,0.04504890,843.94509493,0.01998453,0.01998453,31772,98,0
6290.17976793,6290.17960130,3967.59355763,3967.60198320,0.05723203,843.72609828,0.01998453,0.01998453,31771,98,0
6290.37729850,6290.37760723,3977.61456318,3977.59892547,0.04708383,843.50630654,0.01998453,0.01998453,31770,98,0
6290.57559303,6290.57562562,3987.65230240,3987.65064907,0.05207023,843.28347699,0.01998453,0.01998453,31769,98,0
6290.77444333,6290.77365648,3997.70465291,3997.74462235,0.04321845,843.05786099,0.01998453,0.01998453,31768,98,0
6290.97111914,6290.97169981,4007.77233726,4007.74279464,0.03886582,842.83255902,0.01998453,0.01998453,31767,98,0
6291.17038285,6291.16975561,4017.85809165,4017.89006418,0.04728745,842.60203796,0.01998453,0.01998453,31766,98,0
6291.36844572,6291.36782387,4027.96471421,4027.99647878,0.04816392,842.37058343,0.01998453,0.01998453,31765,98,0
6291.56723465,6291.56590462,4038.09359005,4038.16167150,0.04442193,842.13590887,0.01998453,0.01998453,31764,98,0
6291.76275303,6291.76399783,4048.24310543,4048.17926875,0.04645311,841.90280326,0.01998453,0.01998453,31763,98,0
6291.96169419,6291.96210352,4058.41125096,4058.39022428,0.04347762,841.66332025,0.01998453,0.01998453,31762,98,0
6292.16026937,6292.16022168,4068.59628004,4068.59873342,0.06367466,841.42199949,0.01998453,0.01998453,31761,98,0
6292.35807709,6292.35835232,4078.79832786,4078.78414372,0.03871024,841.17933644,0.01998453,0.01998453,31760,98,0
nan,nan,0.00000000,-1.00000000,0.00000000,840.93405356,nan,0.00000000,-2147483648,98,1
nan,nan,0.00000000,-1.00000000,0.00000000,834.83222467,nan,0.00000000,-2147483648,97,1
6249.06661025,6249.06812881,10.19531721,10.14982211,0.08269696,835.14618071,0.01998452,0.01998452,31980,97,0
6249.26544190,6249.26355490,16.05187123,16.10843772,0.03629654,835.44970760,0.01998453,0.01998452,31979,97,0
6249.46028923,6249.45899321,21.91221897,21.95109267,0.07049308,835.74668936,0.01998452,0.01998452,31978,97,0
6249.65959750,6249.65444374,0.00000000,27.92578779,0.09875581,836.04972924,0.01998454,0.01998452,31977,97,1
6249.84576246,6249.84990650,0.00000000,33.51420826,0.02459103,836.33257900,0.01998451,0.01998452,31976,97,1
6250.04627411,6250.04538148,39.51650927,39.54333175,0.05074135,836.63708606,0.01998452,0.01998452,31975,97,0
6250.24227382,6250.24086870,45.39237403,45.43462089,0.01996888,836.93398174,0.01998453,0.01998452,31974,97,0
6250.43356799,6250.43636814,0.00000000,51.17921515,0.04541236,837.22286605,0.01998451,0.01998452,31973,97,1
6250.63131532,6250.63187981,57.15512591,57.13813516,0.05196244,837.52188302,0.01998452,0.01998452,31972,97,0
6250.82850471,6250.82740372,63.04174646,63.07490238,0.04486176,837.81913486,0.01998453,0.01998452,31971,97,0
6251.02487278,6251.02293986,68.93168485,68.98992279,0.06283314,838.11464915,0.01998453,0.01998452,31970,97,0
6251.22264626,6251.21848823,0.00000000,74.94068136,0.03263108,838.41129558,0.01998453,0.01998452,31969,97,1
6251.41530461,6251.41404883,80.72132649,80.75920017,0.09424881,838.70071620,0.01998453,0.01998452,31968,97,0
6251.61238798,6251.60962168,0.00000000,86.69724483,0.05503903,838.99543629,0.01998453,0.01998452,31967,97,1
6251.80904318,6251.80520676,0.00000000,92.63446802,0.07081373,839.28946327,0.01998453,0.01998452,31966,97,1
6252.00276476,6252.00080408,98.43224184,98.49147552,0.07465099,839.57887867,0.01998453,0.01998452,31965,97,0
6252.19946415,6252.19641364,0.00000000,104.43188221,0.06519760,839.87176676,0.01998453,0.01998452,31964,97,1
6252.39055746,6252.39203544,110.25893774,110.21423169,0.02516179,840.15623485,0.01998452,0.01998452,31963,97,0
6252.58901333,6252.58766948,116.17836201,116.21903639,0.05478381,840.45099206,0.01998453,0.01998452,31962,97,0
6252.78183528,6252.78331576,122.10179788,122.05696101,0.05616815,840.73691810,0.01998452,0.01998452,31961,97,0
6252.97967934,6252.97897429,128.02920998,128.05057569,0.09329708,841.02981345,0.01998452,0.01998452,31960,97,0
6253.17453033,6253.17464506,133.96056281,133.95708401,0.06399977,841.31780195,0.01998452,0.01998452,31959,97,0
6253.36959438,6253.37032808,139.89582062,139.87356021,0.08138911,841.60562944,0.01998452,0.01998452,31958,97,0
6253.56857069,6253.56602335,0.00000000,145.91032567,0.07346486,841.89864139,0.01998453,0.01998452,31957,97,1
6253.76093996,6253.76173087,151.77786487,151.75384110,0.06849734,842.18163131,0.01998452,0.01998452,31956,97,0
6253.95625855,6253.95745064,157.72453740,157.68830740,0.04093043,842.46837935,0.01998452,0.01998452,31955,97,0
6254.15573171,6254.15318265,0.00000000,163.75081435,0.09471291,842.76064155,0.01998453,0.01998452,31954,97,1
6254.34953287,6254.34892692,169.62889378,169.64732981,0.08140140,843.04424946,0.01998452,0.01998452,31953,97,0
nan,nan,0.00000000,-1.00000000,0.00000000,843.34907768,nan,0.00000000,-2147483648,97,1
6254.71985573,nan,0.00000000,180.92090899,0.14076676,843.58469086,0.01998446,0.01998452,31951,97,1
6254.93504954,6254.93623326,187.51262793,187.47655234,0.04611409,843.89787943,0.01998452,0.01998452,31950,97,0
6255.13374107,6255.13202655,193.48151003,193.53379444,0.04151469,844.18655098,0.01998453,0.01998452,31949,97,0
6255.32804202,6255.32783210,199.45445771,199.46086330,0.05782824,844.46836202,0.01998452,0.01998452,31948,97,0
6255.52554106,6255.52364991,205.43162037,205.48936544,0.06286457,844.75432944,0.01998453,0.01998452,31947,97,0
6255.71981052,6255.71947998,211.41312658,211.42322612,0.07121444,845.03515115,0.01998452,0.01998452,31946,97,0
6255.91430749,6255.91532231,217.39892026,217.36789331,0.08130381,845.31583140,0.01998452,0.01998452,31945,97,0
6256.11186820,6256.11117690,223.38885016,223.40999900,0.08021812,845.60044266,0.01998452,0.01998452,31944,97,0
6256.30524616,6256.30704375,229.38276366,229.32773780,0.05130858,845.87854133,0.01998452,0.01998452,31943,97,0
6256.50340787,6256.50292288,235.38050752,235.39536202,0.05236488,846.16301142,0.01998452,0.01998452,31942,97,0
6256.69777041,6256.69881426,241.38192792,241.34993962,0.06448993,846.44151973,0.01998452,0.01998452,31941,97,0
6256.89515530,6256.89471792,247.38691754,247.40032828,0.10817366,846.72383788,0.01998452,0.01998452,31940,97,0
6257.09207278,6257.09063384,253.39555154,253.43969528,0.02943835,847.00496681,0.01998453,0.01998452,31939,97,0
6257.28615923,6257.28656203,259.40794973,259.39558563,0.06306991,847.28154956,0.01998452,0.01998452,31938,97,0
6257.48139595,6257.48250249,265.42423241,265.39024636,0.05585532,847.55927056,0.01998452,0.01998452,31937,97,0
6257.67868270,6257.67845523,271.44452034,271.45151110,0.02858737,847.83940178,0.01998452,0.01998452,31936,97,0
6257.87627187,6257.87442024,277.46893423,277.52587586,0.05132314,848.11945709,0.01998453,0.01998452,31935,97,0
6258.06895927,6258.07039752,283.49755081,283.45329365,0.10156167,848.39207999,0.01998452,0.01998452,31934,97,0
6258.26709642,6258.26638708,289.53036971,289.55221129,0.08420567,848.67191289,0.01998452,0.01998452,31933,97,0
6258.46404033,6258.46238891,295.56738280,295.61826406,0.09413973,848.94955588,0.01998453,0.01998452,31932,97,0
6258.65901076,6258.65840302,301.60858192,301.62731840,0.05848127,849.22391949,0.01998452,0.01998452,31931,97,0
6258.85480679,6258.85442941,307.65395887,307.66560079,0.06456672,849.49894535,0.01998452,0.01998452,31930,97,0
6259.04969848,6259.05046808,313.70350623,313.67974969,0.06614151,849.77220217,0.01998452,0.01998452,31929,97,0
6259.24803917,6259.24651903,319.75722922,319.80418331,0.06207113,850.04978289,0.01998453,0.01998452,31928,97,0
6259.44431351,6259.44258226,325.81514307,325.86865169,0.04864638,850.32396273,0.01998453,0.01998452,31927,97,0
6259.63685458,6259.63865778,331.87726333,331.82149588,0.06016596,850.59243493,0.01998452,0.01998452,31926,97,0
6259.83528551,6259.83474558,337.94360561,337.96031470,0.04237146,850.86860871,0.01998452,0.01998452,31925,97,0
6260.03040131,6260.03084567,344.01418557,344.00042542,0.05989303,851.13966211,0.01998452,0.01998452,31924,97,0
6260.22734390,6260.22695804,350.08900882,350.10096514,0.06220663,851.41274301,0.01998452,0.01998452,31923,97,0
6260.42421438,6260.42308270,356.16802880,356.20311675,0.04852035,851.68520812,0.01998453,0.01998452,31922,97,0
6260.61980201,6260.61921965,362.25118196,362.26924930,0.05630796,851.95538300,0.01998452,0.01998452,31921,97,0
6260.81562250,6260.81536889,368.33840451,368.34627732,0.05000080,852.22536142,0.01998452,0.01998452,31920,97,0
6261.01105305,6261.01153042,374.42963234,374.41480445,0.07277529,852.49428128,0.01998452,0.01998452,31919,97,0
6261.20897967,6261.20770425,380.52480155,380.56444063,0.07850855,852.76610130,0.01998453,0.01998452,31918,97,0
6261.40505020,6261.40389037,386.62389392,386.65996178,0.05840552,853.03483990,0.01998453,0.01998452,31917,97,0
6261.60187856,6261.60008878,392.72697793,392.78266895,0.05230005,853.30408605,0.01998453,0.01998452,31916,97,0
6261.79488304,6261.79629949,398.83413198,398.79003090,0.07031821,853.56758681,0.01998452,0.01998452,31915,97,0
6261.99062357,6261.99252250,404.94543477,404.88627510,0.03547999,853.83430468,0.01998452,0.01998452,31914,97,0
6262.18776807,6262.18875780,411.06096531,411.03011135,0.06391724,854.10241018,0.01998452,0.01998452,31913,97,0
6262.38495773,6262.38500540,417.18079916,417.17931186,0.03728040,854.37005160,0.01998452,0.01998452,31912,97,0
6262.58162555,6262.58126531,423.30496122,423.31620602,0.07043340,854.63646103,0.01998452,0.01998452,31911,97,0
6262.77681080,6262.77753752,429.43344000,429.41074139,0.07727977,854.90034317,0.01998452,0.01998452,31910,97,0
6262.97220009,6262.97382203,435.56622315,435.51553079,0.05129492,855.16398152,0.01998452,0.01998452,31909,97,0
6263.17256675,6263.17011884,0.00000000,441.77897219,0.06444183,855.43375592,0.01998453,0.01998452,31908,97,1
6263.36753788,6263.36642796,447.84465293,447.87938704,0.05262646,855.69581206,0.01998453,0.01998452,31907,97,0
6263.56227408,6263.56274938,453.99027739,453.97539386,0.05134651,855.95699229,0.01998452,0.01998452,31906,97,0
6263.75871501,6263.75908312,460.14017268,460.12863875,0.05172603,856.21992886,0.01998452,0.01998452,31905,97,0
6263.95553016,6263.95542916,466.29434238,466.29750918,0.05295567,856.48283125,0.01998452,0.01998452,31904,97,0
6264.15150269,6264.15178751,472.45279008,472.44385433,0.06597497,856.74407476,0.01998452,0.01998452,31903,97,0
6264.34745829,6264.34815817,478.61551938,478.59354813,0.08248080,857.00476243,0.01998452,0.01998452,31902,97,0
6264.54401783,6264.54454115,484.78253269,484.76609395,0.04031837,857.26571656,0.01998452,0.01998452,31901,97,0
6264.74222076,6264.74093643,490.95379221,490.99416169,0.03287777,857.52830492,0.01998453,0.01998452,31900,97,0
6264.93820228,6264.93734404,497.12921122,497.15620399,0.04915040,857.78740465,0.01998453,0.01998452,31899,97,0
6265.13487888,6265.13376396,503.30869966,503.34378629,0.05328328,858.04687283,0.01998453,0.01998452,31898,97,0
6265.32956142,6265.33019619,509.49216711,509.47217944,0.06903403,858.30316221,0.01998452,0.01998452,31897,97,0
6265.52625698,6265.52664074,515.67952275,515.66743199,0.05447226,858.56154286,0.01998452,0.01998452,31896,97,0
6265.72533670,6265.72309762,0.00000000,521.93491155,0.04674378,858.82221478,0.01998453,0.01998452,31895,97,1
6265.91880457,6265.91956681,528.06591834,528.04187557,0.01403240,859.07551310,0.01998452,0.01998452,31894,97,0
6266.11585498,6266.11604832,534.26540746,534.25930509,0.05224216,859.33268590,0.01998452,0.01998452,31893,97,0
6266.31274580,6266.31254216,540.46945124,540.47588316,0.05138484,859.58911002,0.01998453,0.01998452,31892,97,0
6266.50989895,6266.50904832,546.67832152,546.70520828,0.06781489,859.84534433,0.01998453,0.01998452,31891,97,0
6266.70425952,6266.70556681,552.89228826,552.85093570,0.04003650,860.09743803,0.01998452,0.01998452,31890,97,0
6266.90225581,6266.90209762,559.11141080,559.11641867,0.02180197,860.35372633,0.01998453,0.01998452,31889,97,0
6267.09872268,6267.09864076,565.33540018,565.33799538,0.06475260,860.60750166,0.01998453,0.01998452,31888,97,0
6267.29595104,6267.29519622,571.56393374,571.58786033,0.06710263,860.86171151,0.01998453,0.01998452,31887,97,0
6267.49144440,6267.49176402,577.79668743,577.78655006,0.04811234,861.11312772,0.01998452,0.01998452,31886,97,0
6267.68727959,6267.68834415,584.03333581,583.99955311,0.04991632,861.36441286,0.01998452,0.01998452,31885,97,0
6267.88380449,6267.88493661,590.27360439,590.23765927,0.04825172,861.61599654,0.01998452,0.01998452,31884,97,0
6268.08163019,6268.08154140,596.51762223,596.52044295,0.05116065,861.86865617,0.01998453,0.01998452,31883,97,0
6268.27777102,6268.27815852,602.76570759,602.75338981,0.03043224,862.11859181,0.01998452,0.01998452,31882,97,0
6268.47492049,6268.47478799,609.01818112,609.02239578,0.03596762,862.36925022,0.01998453,0.01998452,31881,97,0
6268.67087032,6268.67142978,615.27536484,615.25755610,0.06147841,862.61783598,0.01998452,0.01998452,31880,97,0
6268.86852317,6268.86808392,621.53757988,621.55157260,0.07369849,862.86804065,0.01998453,0.01998452,31879,97,0
6269.06480847,6269.06475040,627.80494580,627.80679711,0.05479073,863.11597898,0.01998453,0.01998452,31878,97,0
6269.25994422,6269.26142921,634.07722223,634.02984817,0.04805625,863.36192564,0.01998452,0.01998452,31877,97,0
6269.45821235,6269.45812037,640.35413071,640.35706693,0.06032439,863.61125660,0.01998453,0.01998452,31876,97,0
6269.65456401,6269.65482386,646.63539156,646.62709120,0.05097155,863.85760508,0.01998452,0.01998452,31875,97,0
6269.85280982,6269.85153971,652.92072387,652.96131692,0.01845128,864.10573952,0.01998453,0.01998452,31874,97,0
6270.04796374,6270.04826789,659.20989730,659.20017117,0.04901708,864.34941430,0.01998452,0.01998452,31873,97,0
6270.24558256,6270.24500843,665.50306169,665.52143232,0.06044066,864.59557531,0.01998453,0.01998452,31872,97,0
6270.44177392,6270.44176130,671.80053786,671.80094176,0.03652407,864.83938054,0.01998453,0.01998452,31871,97,0
6270.63819665,6270.63852653,678.10264877,678.09207942,0.05697235,865.08290779,0.01998452,0.01998452,31870,97,0
6270.83473753,6270.83530411,684.40971881,684.39155212,0.07178999,865.32602610,0.01998452,0.01998453,31869,97,0
6271.03191890,6271.03209404,690.72206954,690.71644953,0.04456298,865.56938918,0.01998452,0.01998453,31868,97,0
6271.22882766,6271.22889631,697.03978501,697.03758016,0.03881425,865.81187004,0.01998452,0.01998453,31867,97,0
6271.42682096,6271.42571095,703.36258702,703.39825955,0.06344930,866.05512405,0.01998453,0.01998453,31866,97,0
6271.62216794,6271.62253793,709.69016584,709.67826752,0.05601305,866.29456079,0.01998452,0.01998453,31865,97,0
6271.81926988,6271.81937727,716.02221037,716.01875464,0.03930913,866.53556543,0.01998452,0.01998453,31864,97,0
6272.01719995,6272.01622897,722.35840812,722.38967062,0.06321227,866.77697985,0.01998453,0.01998453,31863,97,0
6272.21332708,6272.21309302,728.69851639,728.70605658,0.04847725,867.01558895,0.01998453,0.01998453,31862,97,0
6272.41017437,6272.40996943,735.04267284,735.04927861,0.04526112,867.25447130,0.01998453,0.01998453,31861,97,0
6272.60718839,6272.60685821,741.39114297,741.40179290,0.06914823,867.49295990,0.01998453,0.01998453,31860,97,0
6272.80366939,6272.80375934,747.74419354,747.74129020,0.04955936,867.73021789,0.01998452,0.01998453,31859,97,0
6272.99967072,6273.00067284,754.10209250,754.06972454,0.03459662,867.96632264,0.01998452,0.01998453,31858,97,0
6273.19709959,6273.19759869,760.46510138,760.44896825,0.05231745,868.20357556,0.01998452,0.01998453,31857,97,0
6273.39482160,6273.39453692,766.83329723,766.84250629,0.03007612,868.44060717,0.01998453,0.01998453,31856,97,0
6273.59162062,6273.59148751,773.20656496,773.21087411,0.02945603,868.67595630,0.01998453,0.01998453,31855,97,0
6273.78869302,6273.78845046,779.58478007,779.59263746,0.06524771,868.91105030,0.01998453,0.01998453,31854,97,0
6273.98519901,6273.98542578,785.96781749,785.96046636,0.03132201,869.14488248,0.01998452,0.01998453,31853,97,0
6274.18291325,6274.18241348,792.35555160,792.37176311,0.06824338,869.37955553,0.01998453,0.01998453,31852,97,0
6274.37841609,6274.37941354,798.74789770,798.71552142,0.05602524,869.61101052,0.01998452,0.01998453,31851,97,0
6274.57608967,6274.57642597,805.14489717,805.13397377,0.03869988,869.84443565,0.01998452,0.01998453,31850,97,0
6274.77312655,6274.77345078,811.54661555,811.53607724,0.06253325,870.07650959,0.01998452,0.01998453,31849,97,0
6274.97051277,6274.97048796,817.95311864,817.95392550,0.04097473,870.30839585,0.01998453,0.01998453,31848,97,0
6275.16753849,6275.16753751,824.36447258,824.36450446,0.07389970,870.53926143,0.01998452,0.01998453,31847,97,0
6275.36471229,6275.36459944,830.78073912,830.78441448,0.02535115,870.76970380,0.01998453,0.01998453,31846,97,0
6275.56198666,6275.56167375,837.20193539,837.21213435,0.06847239,870.99966536,0.01998453,0.01998453,31845,97,0
6275.75890310,6275.75876044,843.62805335,843.63270659,0.04538091,871.22861087,0.01998453,0.01998453,31844,97,0
6275.95735597,6275.95585950,850.05908463,850.10792918,0.02433478,871.45873550,0.01998453,0.01998453,31843,97,0
6276.15293763,6276.15297095,856.49502081,856.49393242,0.04895615,871.68493238,0.01998452,0.01998453,31842,97,0
6276.35045802,6276.35009478,862.93585476,862.94772742,0.01075826,871.91276682,0.01998453,0.01998453,31841,97,0
6276.54751188,6276.54723099,869.38164276,869.39083018,0.05664354,872.13945800,0.01998453,0.01998453,31840,97,0
6276.74385040,6276.74437959,875.83253142,875.81520965,0.03709059,872.36472862,0.01998452,0.01998453,31839,97,0
6276.94246129,6276.94154057,882.28867489,882.31883610,0.06118014,872.59200323,0.01998453,0.01998453,31838,97,0
6277.13906182,6277.13871394,888.75022800,888.76163315,0.04598683,872.81638349,0.01998453,0.01998453,31837,97,0
6277.33591591,6277.33589969,895.21734627,895.21787841,0.04819016,873.04046470,0.01998453,0.01998453,31836,97,0
6277.53273487,6277.53309783,901.69009728,901.67817897,0.06094985,873.26391777,0.01998452,0.01998453,31835,97,0
6277.73068989,6277.73030837,908.16823100,908.18076821,0.03033526,873.48805687,0.01998453,0.01998453,31834,97,0
6277.92694013,6277.92753129,914.65142497,914.63198522,0.06495866,873.70965523,0.01998452,0.01998453,31833,97,0
6278.12518151,6278.12476661,921.13935523,921.15300748,0.02579634,873.93287200,0.01998453,0.01998453,31832,97,0
6278.32251980,6278.32201432,927.63169633,927.64833868,0.05517678,874.15443040,0.01998453,0.01998453,31831,97,0
6278.51914460,6278.51927443,934.12816453,934.12388774,0.03413805,874.37454019,0.01998453,0.01998453,31830,97,0
6278.71563651,6278.71654693,940.62887994,940.59886972,0.04623246,874.59385817,0.01998452,0.01998453,31829,97,0
6278.91391824,6278.91383183,947.13418476,947.13703499,0.03968949,874.81453245,0.01998453,0.01998453,31828,97,0
6279.10999819,6279.11112912,953.64442502,953.60709394,0.06002853,875.03213268,0.01998452,0.01998453,31827,97,0
6279.30870289,6279.30843882,960.15994834,960.16867169,0.02093651,875.25202317,0.01998453,0.01998453,31826,97,0
6279.50502436,6279.50576092,966.68109512,966.65674329,0.06161345,875.46867040,0.01998453,0.01998453,31825,97,0
6279.70224059,6279.70309542,973.20793451,973.17965013,0.04091093,875.68569906,0.01998452,0.01998453,31824,97,0
6279.90067352,6279.90044232,979.74021796,979.74787377,0.06076972,875.90344347,0.01998453,0.01998453,31823,97,0
6280.09737208,6280.09780162,986.27767782,986.26344459,0.05611357,876.11865715,0.01998453,0.01998453,31822,97,0
6280.29502012,6280.29517333,992.82004517,992.81496500,0.03182294,876.33426976,0.01998453,0.01998453,31821,97,0
6280.49213111,6280.49255745,999.36705024,999.35290480,0.05855881,876.54864722,0.01998453,0.01998453,31820,97,0
6280.69070894,6280.68995397,1005.91855009,1005.94361530,0.05024637,876.76395809,0.01998453,0.01998453,31819,97,0
6280.88765331,6280.88736290,1012.47470667,1012.48435457,0.04752145,876.97684543,0.01998453,0.01998453,31818,97,0
6281.08353884,6281.08478425,1019.03572726,1018.99432353,0.02963263,877.18794882,0.01998452,0.01998453,31817,97,0
6281.28214593,6281.28221800,1025.60182014,1025.59942252,0.05571316,877.40133928,0.01998453,0.01998453,31816,97,0
6281.47925197,6281.47966417,1032.17319453,1032.15947067,0.02777731,877.61247895,0.01998453,0.01998453,31815,97,0
6281.67712223,6281.67712275,1038.75001609,1038.74999891,0.07470487,877.82380153,0.01998453,0.01998453,31814,97,0
6281.87491118,6281.87459374,1045.33223304,1045.34281815,0.06144314,878.03439721,0.01998453,0.01998453,31813,97,0
6282.07220033,6282.07207715,1051.91972672,1051.92383710,0.01979151,878.24381761,0.01998453,0.01998453,31812,97,0
6282.26982333,6282.26957298,1058.51237786,1058.52073808,0.05600064,878.45294292,0.01998453,0.01998453,31811,97,0
6282.46724140,6282.46708122,1065.11006661,1065.11541930,0.02614831,878.66119684,0.01998453,0.01998453,31810,97,0
6282.66397045,6282.66460188,1071.71268303,1071.69156866,0.06864101,878.86806805,0.01998453,0.01998453,31809,97,0
6282.86248012,6282.86213497,1078.32022094,1078.33177026,0.05064748,879.07614618,0.01998453,0.01998453,31808,97,0
6283.05936360,6283.05968047,1084.93273385,1084.92212340,0.02382800,879.28185946,0.01998453,0.01998453,31807,97,0
6283.25698981,6283.25723840,1091.55027619,1091.54194613,0.05359214,879.48768749,0.01998453,0.01998453,31806,97,0
6283.45486081,6283.45480875,1098.17290267,1098.17464809,0.06726971,879.69310673,0.01998453,0.01998453,31805,97,0
6283.65221518,6283.65239153,1104.80067162,1104.79475400,0.03875574,879.89732815,0.01998453,0.01998453,31804,97,0
6283.84991182,6283.84998673,1111.43371568,1111.43120011,0.05150387,880.10124374,0.01998453,0.01998453,31803,97,0
6284.04854651,6284.04759436,1118.07224002,1118.10423934,0.02045898,880.30546611,0.01998453,0.01998453,31802,97,0
6284.24487022,6284.24521442,1124.71645382,1124.70487669,0.06269330,880.50666615,0.01998453,0.01998453,31801,97,0
6284.44342650,6284.44284691,1131.36656721,1131.38607787,0.05273333,880.70950508,0.01998453,0.01998453,31800,97,0
6284.63991562,6284.64049183,1138.02278803,1138.00337411,0.01728324,880.90959385,0.01998453,0.01998453,31799,97,0
6284.83783597,6284.83814918,1144.68512501,1144.67456319,0.05615448,881.11049619,0.01998453,0.01998453,31798,97,0
6285.03677207,6285.03581897,1151.35327594,1151.38544028,0.05344269,881.31176713,0.01998453,0.01998453,31797,97,0
6285.23386533,6285.23350119,1158.02691030,1158.03920777,0.03151794,881.51050677,0.01998453,0.01998453,31796,97,0
6285.43100318,6285.43119584,1164.70569593,1164.69918484,0.05685971,881.70861578,0.01998453,0.01998453,31795,97,0
6285.62892319,6285.62890294,1171.38929968,1171.38998462,0.04315023,881.90681952,0.01998453,0.01998453,31794,97,0
6285.82675443,6285.82662247,1178.07757251,1178.08203793,0.03986917,882.10423614,0.01998453,0.01998453,31793,97,0
6286.02371123,6286.02435444,1184.77080867,1184.74902849,0.06092810,882.30009374,0.01998453,0.01998453,31792,97,0
6286.22209926,6286.22209885,1191.46936876,1191.46938289,0.05146905,882.49669106,0.01998453,0.01998453,31791,97,0
6286.41934271,6286.41985570,1198.17361517,1198.15621722,0.06019392,882.69148275,0.01998453,0.01998453,31790,97,0
6286.61830442,6286.61762499,1204.88391206,1204.90697520,0.03850102,882.88730180,0.01998453,0.01998453,31789,97,0
6286.81582164,6286.81540673,1211.60051259,1211.61460917,0.05306411,883.08103924,0.01998453,0.01998453,31788,97,0
6287.01321906,6287.01320091,1218.32327146,1218.32388873,0.05611775,883.27399588,0.01998453,0.01998453,31787,97,0
6287.21080904,6287.21100754,1225.05195407,1225.04519934,0.01906605,883.46646788,0.01998453,0.01998453,31786,97,0
6287.40823606,6287.40882661,1231.78632468,1231.76621287,0.05898890,883.65810008,0.01998453,0.01998453,31785,97,0
6287.60663158,6287.60665814,1238.52614634,1238.52524107,0.04175135,883.84997783,0.01998453,0.01998453,31784,97,0
6287.80521770,6287.80450211,1245.27123073,1245.29563596,0.05433566,884.04133548,0.01998453,0.01998453,31783,97,0
6288.00223821,6288.00235854,1252.02163707,1252.01753030,0.02605099,884.23048787,0.01998453,0.01998453,31782,97,0
6288.19898184,6288.20022741,1258.77750217,1258.73495838,0.06001910,884.41868400,0.01998452,0.01998453,31781,97,0
6288.39803473,6288.39810874,1265.53896352,1265.53643360,0.04429334,884.60838887,0.01998453,0.01998453,31780,97,0
6288.59590330,6288.59600253,1272.30615930,1272.30276460,0.04797270,884.79626893,0.01998453,0.01998453,31779,97,0
6288.79449447,6288.79390877,1279.07921078,1279.09926353,0.07637723,884.98413863,0.01998453,0.01998453,31778,97,0
6288.99242968,6288.99182746,1285.85812347,1285.87875814,0.02591021,885.17069161,0.01998453,0.01998453,31777,97,0
6289.18916764,6289.18975862,1292.64285562,1292.62258995,0.04891537,885.35542430,0.01998453,0.01998453,31776,97,0
6289.38748064,6289.38770223,1299.43336513,1299.42576054,0.04650193,885.54093466,0.01998453,0.01998453,31775,97,0
6289.58653812,6289.58565831,1306.22960965,1306.25982727,0.05739233,885.72643021,0.01998453,0.01998453,31774,97,0
6289.78403265,6289.78362684,1313.03154563,1313.04549399,0.02385551,885.90976196,0.01998453,0.01998453,31773,97,0
6289.98170865,6289.98160784,1319.83912090,1319.84258872,0.05553578,886.09255326,0.01998453,0.01998453,31772,97,0
6290.17945595,6290.17960130,1326.65227891,1326.64727521,0.05486541,886.27469741,0.01998453,0.01998453,31771,97,0
6290.37738624,6290.37760723,1333.47096276,1333.46335003,0.03893765,886.45629248,0.01998453,0.01998453,31770,97,0
6290.57578880,6290.57562562,1340.29511527,1340.30074100,0.05387865,886.63759686,0.01998453,0.01998453,31769,97,0
6290.77472399,6290.77365648,1347.12469525,1347.16152473,0.06249510,886.81865719,0.01998453,0.01998453,31768,97,0
6290.97102351,6290.97169981,1353.95982082,1353.93647050,0.01763010,886.99660258,0.01998453,0.01998453,31767,97,0
6291.17000096,6291.16975561,1360.80070089,1360.80917897,0.05707431,887.17625313,0.01998453,0.01998453,31766,97,0
6291.36752770,6291.36782387,1367.64754645,1367.63730395,0.05127937,887.35387794,0.01998453,0.01998453,31765,97,0
6291.56619702,6291.56590462,1374.50056957,1374.51069029,0.04456089,887.53181412,0.01998453,0.01998453,31764,97,0
6291.76405597,6291.76399783,1381.35996238,1381.36197640,0.04957710,887.70831347,0.01998453,0.01998453,31763,97,0
6291.96234572,6291.96210352,1388.22569248,1388.23408992,0.05326318,887.88448214,0.01998453,0.01998453,31762,97,0
6292.15980508,6292.16022168,1395.09759004,1395.08313400,0.02524055,888.05919527,0.01998453,0.01998453,31761,97,0
6292.35871661,6292.35835232,1401.97548242,1401.98813330,0.07352930,888.23446248,0.01998453,0.01998453,31760,97,0
6292.55639021,6292.55649544,1408.85919604,1408.85553886,0.05911284,888.40790581,0.01998453,0.01998453,31759,97,0
6292.75475634,6292.75465104,1415.74856697,1415.75222939,0.05091846,888.58121594,0.01998453,0.01998453,31758,97,0
6292.95283706,6292.95281912,1422.64354561,1422.64417024,0.04615434,888.75353296,0.01998453,0.01998453,31757,97,0
6293.15122117,6293.15099968,1429.54415331,1429.55186863,0.04727851,888.92536755,0.01998453,0.01998453,31756,97,0
6293.35025928,6293.34919272,1436.45041251,1436.48759212,0.03375497,889.09701653,0.01998453,0.01998453,31755,97,0
6293.54729225,6293.54739824,1443.36234579,1443.35864827,0.04391825,889.26619291,0.01998453,0.01998453,31754,97,0
6293.74545553,6293.74561625,1450.27999424,1450.27438290,0.05065305,889.43559279,0.01998453,0.01998453,31753,97,0
6293.94408191,6293.94384675,1457.20358964,1457.21180636,0.04921856,889.60464042,0.01998453,0.01998453,31752,97,0
6294.14263201,6294.14208973,1464.13347761,1464.15244209,0.06626348,889.77288084,0.01998453,0.01998453,31751,97,0
6294.34083551,6294.34034521,1471.07000705,1471.08716979,0.06298810,889.94009350,0.01998453,0.01998453,31750,97,0
6294.53835441,6294.53861317,1478.01352865,1478.00446219,0.03086879,890.10600495,0.01998453,0.01998453,31749,97,0
6294.73644031,6294.73689362,1484.96433500,1484.94843639,0.06792405,890.27167159,0.01998453,0.01998453,31748,97,0
6294.93509073,6294.93518657,1491.92217506,1491.91881096,0.05653881,890.43707657,0.01998453,0.01998453,31747,97,0
6295.13336180,6295.13349200,1498.88650555,1498.88193099,0.06382596,890.60141760,0.01998453,0.01998453,31746,97,0
6295.33092654,6295.33180994,1505.85677756,1505.82571760,0.06422871,890.76441474,0.01998453,0.01998453,31745,97,0
6295.53043232,6295.53014036,1512.83243926,1512.84271130,0.04686915,890.92822992,0.01998453,0.01998453,31744,97,0
6295.72807405,6295.72848329,1519.81302459,1519.79861713,0.05749408,891.08972566,0.01998453,0.01998453,31743,97,0
6295.92601143,6295.92683871,1526.79872851,1526.76958278,0.06025687,891.25067877,0.01998453,0.01998453,31742,97,0
6296.12491846,6296.12520663,1533.79004750,1533.77988720,0.04743361,891.41163938,0.01998453,0.01998453,31741,97,0
6296.32342451,6296.32358706,1540.78748211,1540.78174636,0.04930368,891.57150440,0.01998453,0.01998453,31740,97,0
6296.52185438,6296.52197998,1547.79153561,1547.78709946,0.05699537,891.73054741,0.01998453,0.01998453,31739,97,0
6296.72004699,6296.72038540,1554.80262648,1554.79066235,0.05705056,891.88864814,0.01998453,0.01998453,31738,97,0
6296.91840917,6296.91880333,1561.82066849,1561.80672049,0.05816929,892.04612702,0.01998453,0.01998453,31737,97,0
6297.11715486,6297.11723377,1568.84539262,1568.84259798,0.05214274,892.20314223,0.01998453,0.01998453,31736,97,0
6297.31553491,6297.31567671,1575.87652815,1575.87150191,0.05459481,892.35909337,0.01998453,0.01998453,31735,97,0
6297.51417760,6297.51413216,1582.91380287,1582.91541503,0.06470461,892.51446664,0.01998453,0.01998453,31734,97,0
6297.71229049,6297.71260012,1589.95701711,1589.94602466,0.06854121,892.66863722,0.01998453,0.01998453,31733,97,0
6297.91102935,6297.91108058,1597.00628447,1597.00446404,0.06280810,892.82250431,0.01998453,0.01998453,31732,97,0
6298.10986162,6298.10957356,1604.06180266,1604.07204615,0.06025495,892.97565337,0.01998453,0.01998453,31731,97,0
6298.30850540,6298.30807905,1611.12377046,1611.13894483,0.05950286,893.12786986,0.01998453,0.01998453,31730,97,0
6298.50698078,6298.50659705,1618.19238766,1618.20605714,0.05227213,893.27917322,0.01998453,0.01998453,31729,97,0
6298.70585375,6298.70512757,1625.26778388,1625.29367567,0.03569750,893.42999388,0.01998453,0.01998453,31728,97,0
6298.90394305,6298.90367060,1632.34988041,1632.35960309,0.04428994,893.57943416,0.01998453,0.01998453,31727,97,0
6299.10221152,6299.10222615,1639.43855985,1639.43803737,0.02774092,893.72821914,0.01998453,0.01998453,31726,97,0
6299.30086950,6299.30079422,1646.53370417,1646.53639508,0.03703048,893.87649842,0.01998453,0.01998453,31725,97,0
6299.49980698,6299.49937481,1653.63519542,1653.65065695,0.04447498,894.02418104,0.01998453,0.01998453,31724,97,0
6299.69823706,6299.69796792,1660.74300679,1660.75264379,0.03876298,894.17068136,0.01998453,0.01998453,31723,97,0
6299.89645479,6299.89657354,1667.85728971,1667.85303378,0.05780443,894.31622238,0.01998453,0.01998453,31722,97,0
6300.09536771,6300.09519170,1674.97821692,1674.98453041,0.06485518,894.46146869,0.01998453,0.01998453,31721,97,0
6300.29447232,6300.29382237,1682.10596213,1682.12929584,0.05387466,894.60604830,0.01998453,0.01998453,31720,97,0
6300.49248036,6300.49246557,1689.24069567,1689.24122698,0.04660658,894.74903214,0.01998453,0.01998453,31719,97,0
6300.69157354,6300.69112130,1696.38243797,1696.39870370,0.04362126,894.89199355,0.01998453,0.01998453,31718,97,0
6300.89028775,6300.88978955,1703.53102216,1703.54895639,0.03954718,895.03387101,0.01998453,0.01998453,31717,97,0
6301.08826656,6301.08847034,1710.68626875,1710.67892691,0.04494152,895.17441084,0.01998453,0.01998453,31716,97,0
6301.28728582,6301.28716365,1717.84799721,1717.85240262,0.05853546,895.31486583,0.01998453,0.01998453,31715,97,0
6301.48606487,6301.48586949,1725.01603940,1725.02309015,0.05729883,895.45432155,0.01998453,0.01998453,31714,97,0
6301.68523606,6301.68458787,1732.19042208,1732.21383386,0.04878649,895.59321888,0.01998453,0.01998453,31713,97,0
6301.88349413,6301.88331878,1739.37132048,1739.37765931,0.02916557,895.73065185,0.01998453,0.01998453,31712,97,0
6302.08216617,6302.08206222,1746.55891449,1746.56267535,0.03680009,895.86754453,0.01998453,0.01998453,31711,97,0
6302.28064181,6302.28081820,1753.75338502,1753.74699735,0.04335978,896.00347595,0.01998453,0.01998453,31710,97,0
6302.47946439,6302.47958672,1760.95489319,1760.95045919,0.05425046,896.13881774,0.01998453,0.01998453,31709,97,0
6302.67878306,6302.67836777,1768.16345569,1768.17852235,0.04739022,896.27366385,0.01998453,0.01998453,31708,97,0
6302.87738007,6302.87716137,1775.37902707,1775.38696888,0.03674320,896.40718840,0.01998453,0.01998453,31707,97,0
6303.07568085,6303.07596750,1782.60156139,1782.59114294,0.02996253,896.53968037,0.01998453,0.01998453,31706,97,0
6303.27458305,6303.27478618,1789.83101240,1789.82362296,0.04538058,896.67173416,0.01998453,0.01998453,31705,97,0
6303.47314784,6303.47361740,1797.06733534,1797.05023876,0.06175765,896.80272144,0.01998453,0.01998453,31704,97,0
6303.67217234,6303.67246116,1804.31049118,1804.29996581,0.04137372,896.93316399,0.01998453,0.01998453,31703,97,0
6303.87161308,6303.87131747,1811.56044195,1811.57122432,0.03890385,897.06302449,0.01998453,0.01998453,31702,97,0
6304.06931064,6304.07018632,1818.81714944,1818.78518216,0.04845838,897.19090222,0.01998453,0.01998453,31701,97,0
6304.26869651,6304.26906772,1826.08057591,1826.06701284,0.06190595,897.31901396,0.01998453,0.01998453,31700,97,0
6304.46815322,6304.46796168,1833.35073667,1833.35774116,0.03935505,897.44630681,0.01998453,0.01998453,31699,97,0
6304.66635092,6304.66686818,1840.62773688,1840.60880465,0.03241548,897.57193907,0.01998453,0.01998453,31698,97,0
6304.86551818,6304.86578723,1847.91169089,1847.90183463,0.06121384,897.69732465,0.01998453,0.01998453,31697,97,0
6305.06514363,6305.06471883,1855.20271369,1855.21829010,0.05091077,897.82213170,0.01998453,0.01998453,31696,97,0
6305.26369522,6305.26366299,1862.50092119,1862.50210407,0.03129982,897.94540567,0.01998453,0.01998453,31695,97,0
6305.46218256,6305.46261970,1869.80643440,1869.79037536,0.04538429,898.06778011,0.01998453,0.01998453,31694,97,0
6305.66107394,6305.66158897,1877.11937861,1877.10044009,0.06109195,898.18954088,0.01998453,0.01998453,31693,97,0
6305.86094478,6305.86057080,1884.43987994,1884.45364538,0.03052782,898.31103046,0.01998453,0.01998453,31692,97,0
6306.05936289,6306.05956518,1891.76806520,1891.76061194,0.04091673,898.43077280,0.01998453,0.01998453,31691,97,0
6306.25823300,6306.25857213,1899.10401019,1899.09150306,0.05825798,898.54992221,0.01998453,0.01998453,31690,97,0
6306.45848333,6306.45759163,1906.44748851,1906.48040601,0.03591064,898.66901616,0.01998454,0.01998453,31689,97,0
6306.65660793,6306.65662370,1913.79816269,1913.79758029,0.04641556,898.78596632,0.01998453,0.01998453,31688,97,0
6306.85557396,6306.85566832,1921.15569314,1921.15220359,0.05941619,898.90252462,0.01998453,0.01998453,31687,97,0
6307.05483495,6307.05472552,1928.51973917,1928.52378926,0.02778481,899.01835540,0.01998453,0.01998453,31686,97,0
6307.25349831,6307.25379528,1935.89018031,1935.87918075,0.06099017,899.13293753,0.01998453,0.01998453,31685,97,0
6307.45320734,6307.45287760,1943.26740110,1943.27962544,0.04380251,899.24721929,0.01998453,0.01998453,31684,97,0
6307.65166081,6307.65197249,1950.65185835,1950.64029261,0.02658079,899.35988963,0.01998453,0.01998453,31683,97,0
6307.85164297,6307.85107996,1958.04401156,1958.06492497,0.06051211,899.47253165,0.01998454,0.01998453,31682,97,0
6308.05044749,6308.05019999,1965.44430028,1965.45350337,0.03676437,899.58362225,0.01998453,0.01998453,31681,97,0
6308.24979037,6308.24933259,1972.85271822,1972.86975774,0.06254256,899.69412137,0.01998454,0.01998453,31680,97,0
6308.44869432,6308.44847777,1980.26884747,1980.27691572,0.03051092,899.80347737,0.01998453,0.01998453,31679,97,0
6308.64715165,6308.64763552,1987.69225237,1987.67420898,0.03991200,899.91168278,0.01998453,0.01998453,31678,97,0
6308.84672870,6308.84680584,1995.12249458,1995.11961570,0.06075689,900.01957792,0.01998453,0.01998453,31677,97,0
6309.04600927,6309.04598874,2002.55921411,2002.55998071,0.02431447,900.12638368,0.01998453,0.01998453,31676,97,0
6309.24565794,6309.24518422,2010.00249443,2010.02020331,0.04496555,900.23245450,0.01998454,0.01998453,31675,97,0
6309.44473726,6309.44439228,2017.45257186,2017.46547953,0.03690945,900.33729452,0.01998454,0.01998453,31674,97,0
6309.64401190,6309.64361291,2024.90968429,2024.92462581,0.05398204,900.44130979,0.01998454,0.01998453,31673,97,0
6309.84363534,6309.84284613,2032.37407111,2032.40365336,0.03051971,900.54457720,0.01998454,0.01998453,31672,97,0
6310.04208905,6310.04209193,2039.84598128,2039.84587330,0.05526163,900.64631753,0.01998453,0.01998453,31671,97,0
6310.24170869,6310.24135031,2047.32567986,2047.33913928,0.04696517,900.74772888,0.01998453,0.01998453,31670,97,0
6310.44101702,6310.44062128,2054.81343507,2054.82831324,0.05881131,900.84805540,0.01998453,0.01998453,31669,97,0
6310.63990845,6310.63990483,2062.30951674,2062.30965303,0.03953442,900.94724944,0.01998453,0.01998453,31668,97,0
6310.83946451,6310.83920097,2069.81417108,2069.82410032,0.05679939,901.04584866,0.01998453,0.01998453,31667,97,0
6311.03896880,6311.03850970,2077.32736845,2077.34468407,0.03001322,901.14349106,0.01998453,0.01998453,31666,97,0
6311.23778191,6311.23783101,2084.84890734,2084.84705343,0.05578882,901.23986302,0.01998453,0.01998453,31665,97,0
6311.43767913,6311.43716492,2092.37858243,2092.39801614,0.03919961,901.33581644,0.01998453,0.01998453,31664,97,0
6311.63720218,6311.63651142,2099.91618711,2099.94231856,0.06059343,901.43064054,0.01998454,0.01998453,31663,97,0
6311.83571948,6311.83587051,2107.46155490,2107.45583614,0.02977229,901.52403986,0.01998453,0.01998453,31662,97,0
6312.03530796,6312.03524219,2115.01463831,2115.01713123,0.05031364,901.61698752,0.01998453,0.01998453,31661,97,0
6312.23457217,6312.23462647,2122.57541118,2122.57335108,0.02783904,901.70882497,0.01998453,0.01998453,31660,97,0
6312.43378244,6312.43402335,2130.14384714,2130.13469884,0.05212117,901.79967622,0.01998453,0.01998453,31659,97,0
6312.63345575,6312.63343282,2137.71992635,2137.72079766,0.05393226,901.88977087,0.01998453,0.01998453,31658,97,0
6312.83303776,6312.83285490,2145.30374864,2145.31070614,0.03433849,901.97885426,0.01998453,0.01998453,31657,97,0
6313.03202639,6313.03228957,2152.89551801,2152.88549480,0.04683084,902.06670661,0.01998453,0.01998454,31656,97,0
6313.23188559,6313.23173684,2160.49544309,2160.50111418,0.03693872,902.15397148,0.01998453,0.01998454,31655,97,0
6313.43079629,6313.43119672,2168.10373381,2168.08845162,0.05784402,902.23985433,0.01998453,0.01998454,31654,97,0
6313.63122428,6313.63066920,2175.72054258,2175.74174949,0.06032720,902.32541403,0.01998454,0.01998454,31653,97,0
6313.83016202,6313.83015428,2183.34580476,2183.34610071,0.03614620,902.40936246,0.01998453,0.01998454,31652,97,0
6314.02977866,6314.02965197,2190.97940473,2190.98425498,0.05004948,902.49261632,0.01998454,0.01998454,31651,97,0
6314.22896870,6314.22916227,2198.62122611,2198.61380822,0.02616087,902.57470816,0.01998453,0.01998454,31650,97,0
6314.42848293,6314.42868517,2206.27115131,2206.26339328,0.05456564,902.65594368,0.01998453,0.01998454,31649,97,0
6314.62827104,6314.62822069,2213.92905257,2213.93098575,0.05205805,902.73629340,0.01998454,0.01998454,31648,97,0
6314.82762845,6314.82776882,2221.59479226,2221.58939753,0.02460062,902.81547058,0.01998454,0.01998454,31647,97,0
6315.02703753,6315.02732955,2229.26823147,2229.25699758,0.05758650,902.89366515,0.01998453,0.01998454,31646,97,0
6315.22657801,6315.22690290,2236.94923037,2236.93672054,0.03906358,902.97090257,0.01998453,0.01998454,31645,97,0
6315.42640761,6315.42648887,2244.63773082,2244.63459918,0.05881363,903.04723712,0.01998454,0.01998454,31644,97,0
6315.62625359,6315.62608745,2252.33397762,2252.34038699,0.02435646,903.12256171,0.01998454,0.01998454,31643,97,0
6315.82586193,6315.82569865,2260.03828680,2260.04459240,0.04675967,903.19678224,0.01998454,0.01998454,31642,97,0
6316.02535783,6316.02532246,2267.75097639,2267.75234369,0.05215167,903.26994772,0.01998454,0.01998454,31641,97,0
6316.22516262,6316.22495889,2275.47235528,2275.48023914,0.02849729,903.34221070,0.01998454,0.01998454,31640,97,0
6316.42452606,6316.42460795,2283.20253980,2283.19936741,0.05231287,903.41329845,0.01998454,0.01998454,31639,97,0
6316.62434570,6316.62426962,2290.94148159,2290.94443211,0.06010713,903.48352694,0.01998454,0.01998454,31638,97,0
6316.82395245,6316.82394392,2298.68912666,2298.68945795,0.05626154,903.55265514,0.01998454,0.01998454,31637,97,0
6317.02388765,6317.02363084,2306.44542064,2306.45540072,0.03334883,903.62086566,0.01998454,0.01998454,31636,97,0
6317.22337138,6317.22333039,2314.21028023,2314.21187485,0.05026443,903.68788920,0.01998454,0.01998454,31635,97,0
6317.42344566,6317.42304256,2321.98354111,2321.99923853,0.04564313,903.75406995,0.01998454,0.01998454,31634,97,0
6317.62310384,6317.62276736,2329.76502372,2329.77813955,0.04320182,903.81906869,0.01998454,0.01998454,31633,97,0
6317.82263485,6317.82250479,2337.55454731,2337.55962200,0.03163001,903.88297899,0.01998454,0.01998454,31632,97,0
6318.02197626,6318.02225485,2345.35196605,2345.34108585,0.06043912,903.94577896,0.01998454,0.01998454,31631,97,0
6318.22188567,6318.22201754,2353.15751358,2353.15235821,0.05359936,904.00770297,0.01998454,0.01998454,31630,97,0
6318.42171278,6318.42179286,2360.97165295,2360.96851908,0.04898850,904.06854603,0.01998454,0.01998454,31629,97,0
6318.62127369,6318.62158082,2368.79485331,2368.78282024,0.05759311,904.12825500,0.01998453,0.01998454,31628,97,0
6318.82119862,6318.82138141,2376.62758343,2376.62041331,0.03060772,904.18701746,0.01998454,0.01998454,31627,97,0
6319.02086011,6319.02119463,2384.47003012,2384.45689278,0.06070705,904.24464568,0.01998453,0.01998454,31626,97,0
6319.22055456,6319.22102049,2392.32188869,2392.30357033,0.04889256,904.30122091,0.01998453,0.01998454,31625,97,0
6319.42017700,6319.42085900,2400.18280346,2400.15596209,0.04325503,904.35670742,0.01998453,0.01998454,31624,97,0
6319.62107142,6319.62071014,2408.05241630,2408.06665008,0.05008074,904.41146292,0.01998454,0.01998454,31623,97,0
6319.82006740,6319.82057392,2415.93042771,2415.91045231,0.04702625,904.46462282,0.01998453,0.01998454,31622,97,0
6320.02096445,6320.02045034,2423.81685392,2423.83714908,0.04316733,904.51719878,0.01998454,0.01998454,31621,97,0
6320.22062077,6320.22033940,2431.71181429,2431.72293291,0.05055564,904.56836053,0.01998454,0.01998454,31620,97,0
6320.42053555,6320.42024111,2439.61542898,2439.62707635,0.05594025,904.61849755,0.01998454,0.01998454,31619,97,0
6320.61990207,6320.62015547,2447.52782540,2447.51779084,0.02870943,904.66740716,0.01998454,0.01998454,31618,97,0
6320.81932549,6320.82008247,2455.44924838,2455.41923908,0.05326677,904.71523972,0.01998453,0.01998454,31617,97,0
6321.01973370,6321.02002212,2463.38004559,2463.36859860,0.05171207,904.76220756,0.01998454,0.01998454,31616,97,0
6321.21992259,6321.21997442,2471.32057041,2471.31851085,0.04892901,904.80802032,0.01998454,0.01998454,31615,97,0
6321.41954949,6321.41993936,2479.27117699,2479.25566588,0.04360214,904.85260399,0.01998454,0.01998454,31614,97,0
6321.61945255,6321.61991696,2487.23194157,2487.21344339,0.04489244,904.89614437,0.01998454,0.01998454,31613,97,0
6321.81948805,6321.81990722,2495.20234428,2495.18562990,0.05088885,904.93859981,0.01998454,0.01998454,31612,97,0
6322.01966597,6322.01991012,2503.18178521,2503.17203955,0.04813336,904.97996309,0.01998454,0.01998454,31611,97,0
6322.21992376,6322.21992568,2511.16966023,2511.16958338,0.03949305,905.02021265,0.01998454,0.01998454,31610,97,0
6322.42013021,6322.41995390,2519.16549467,2519.17254569,0.04722588,905.05931611,0.01998454,0.01998454,31609,97,0
6322.61985792,6322.61999477,2527.16953072,2527.16405220,0.04247077,905.09719238,0.01998454,0.01998454,31608,97,0
6322.82051404,6322.82004831,2535.18225373,2535.20091754,0.03447913,905.13410328,0.01998454,0.01998454,31607,97,0
6323.01899006,6323.02011450,2543.20415259,2543.15904163,0.04906605,905.16948623,0.01998453,0.01998454,31606,97,0
6323.22019987,6323.22019335,2551.23569481,2551.23595645,0.04626815,905.20421066,0.01998454,0.01998454,31605,97,0
6323.41993298,6323.42028487,2559.27699094,2559.26284133,0.04638401,905.23753565,0.01998454,0.01998454,31604,97,0
6323.62052331,6323.62038905,2567.32788003,2567.33328507,0.05431539,905.26985119,0.01998454,0.01998454,31603,97,0
6323.82041550,6323.82050589,2575.38819329,2575.38455067,0.04476804,905.30090070,0.01998454,0.01998454,31602,97,0
6324.02051444,6324.02063540,2583.45776259,2583.45288276,0.05219853,905.33082445,0.01998454,0.01998454,31601,97,0
6324.22044464,6324.22077758,2591.53653449,2591.52308799,0.05545184,905.35956192,0.01998454,0.01998454,31600,97,0
6324.42117966,6324.42093242,2599.62463429,2599.63463048,0.05457085,905.38724405,0.01998454,0.01998454,31599,97,0
6324.62089768,6324.62109993,2607.72220351,2607.71401686,0.04833539,905.41361803,0.01998454,0.01998454,31598,97,0
6324.82138110,6324.82128012,2615.82938461,2615.83347675,0.04284874,905.43891788,0.01998454,0.01998454,31597,97,0
6325.02166084,6325.02147297,2623.94632465,2623.95394616,0.03556169,905.46301276,0.01998454,0.01998454,31596,97,0
6325.22166199,6325.22167850,2632.07318288,2632.07251230,0.03810829,905.48589424,0.01998454,0.01998454,31595,97,0
6325.42194449,6325.42189671,2640.21012183,2640.21206482,0.04816575,905.50762261,0.01998454,0.01998454,31594,97,0
6325.62195683,6325.62212758,2648.35730518,2648.35035321,0.04677527,905.52813407,0.01998454,0.01998454,31593,97,0
6325.82199075,6325.82237114,2656.51486638,2656.49936083,0.05028279,905.54745673,0.01998454,0.01998454,31592,97,0
6326.02256276,6326.02262737,2664.68274425,2664.68010734,0.04671894,905.56563094,0.01998454,0.01998454,31591,97,0
6326.22287461,6326.22289628,2672.86080170,2672.85991597,0.04468595,905.58257721,0.01998454,0.01998454,31590,97,0
6326.42279631,6326.42317788,2681.04890046,2681.03329195,0.03730816,905.59828584,0.01998454,0.01998454,31589,97,0
6326.62359586,6326.62347215,2689.24691528,2689.25198158,0.03353455,905.61284755,0.01998454,0.01998454,31588,97,0
6326.82296506,6326.82377911,2697.45489720,2697.42152074,0.05224321,905.62609585,0.01998453,0.01998454,31587,97,0
6327.02390344,6327.02409874,2705.67301880,2705.66500176,0.04939944,905.63822480,0.01998454,0.01998454,31586,97,0
6327.22399311,6327.22443107,2713.90145621,2713.88345662,0.03701350,905.64907775,0.01998454,0.01998454,31585,97,0
6327.42467082,6327.42477608,2722.14037911,2722.13604796,0.04195520,905.65873080,0.01998454,0.01998454,31584,97,0
6327.62490974,6327.62513378,2730.38974191,2730.38051210,0.04957559,905.66712864,0.01998454,0.01998454,31583,97,0
6327.82622489,6327.82550416,2738.64925704,2738.67898335,0.04816155,905.67432416,0.01998454,0.01998454,31582,97,0
6328.02549067,6328.02588724,2746.91862206,2746.90224726,0.03176381,905.68021017,0.01998454,0.01998454,31581,97,0
6328.22603016,6328.22628301,2755.19753533,2755.18708372,0.02690398,905.68488767,0.01998454,0.01998454,31580,97,0
6328.42698188,6328.42669147,2763.48594632,2763.49796378,0.06050869,905.68831671,0.01998454,0.01998454,31579,97,0
6328.62757671,6328.62711262,2771.78424238,2771.80346864,0.03657332,905.69047965,0.01998454,0.01998454,31578,97,0
6328.82750662,6328.82754647,2780.09285724,2780.09120445,0.04011297,905.69137855,0.01998454,0.01998454,31577,97,0
6329.02854805,6329.02799301,2788.41222755,2788.43527860,0.05687904,905.69101266,0.01998454,0.01998454,31576,97,0
6329.22892639,6329.22845225,2796.74265654,2796.76237267,0.05101651,905.68937622,0.01998454,0.01998454,31575,97,0
6329.42903595,6329.42892419,2805.08409697,2805.08874998,0.03455583,905.68647012,0.01998454,0.01998454,31574,97,0
6329.62915124,6329.62940883,2813.43644509,2813.42570716,0.05549604,905.68228816,0.01998454,0.01998454,31573,97,0
6329.83057789,6329.82990617,2821.79959626,2821.82763224,0.02784182,905.67678575,0.01998454,0.01998454,31572,97,0
6330.02995708,6330.03041621,2830.17346146,2830.15427512,0.03390824,905.67005713,0.01998454,0.01998454,31571,97,0
6330.23040186,6330.23093895,2838.55801167,2838.53554028,0.05543351,905.66200210,0.01998454,0.01998454,31570,97,0
6330.43132883,6330.43147440,2846.95323168,2846.94713369,0.03842231,905.65262447,0.01998454,0.01998454,31569,97,0
6330.63205039,6330.63202255,2855.35910609,2855.36027343,0.05530118,905.64194902,0.01998454,0.01998454,31568,97,0
6330.83215421,6330.83258341,2863.77560295,2863.75758061,0.03180901,905.63000110,0.01998454,0.01998454,31567,97,0
6331.03283274,6331.03315698,2872.20260793,2872.18897694,0.03692424,905.61670549,0.01998454,0.01998454,31566,97,0
6331.23356719,6331.23374326,2880.63998009,2880.63256969,0.05978756,905.60208602,0.01998454,0.01998454,31565,97,0
6331.43412505,6331.43434225,2889.08757732,2889.07842551,0.02779696,905.58615656,0.01998454,0.01998454,31564,97,0
6331.63459636,6331.63495395,2897.54531517,2897.53023078,0.05135030,905.56890828,0.01998454,0.01998454,31563,97,0
6331.83541651,6331.83557836,2906.01348511,2906.00664950,0.02983907,905.55029599,0.01998454,0.01998454,31562,97,0
6332.03596196,6332.03621548,2914.49252942,2914.48180864,0.04973672,905.53037111,0.01998454,0.01998454,31561,97,0
6332.23651481,6332.23686532,2922.98289414,2922.96805285,0.04505062,905.50910234,0.01998454,0.01998454,31560,97,0
6332.43735367,6332.43752788,2931.48496634,2931.47758034,0.05135052,905.48645112,0.01998454,0.01998454,31559,97,0
6332.63784489,6332.63820315,2939.99865510,2939.98344577,0.03356636,905.46248462,0.01998454,0.01998454,31558,97,0
6332.83896214,6332.83889115,2948.52364501,2948.52666264,0.05271752,905.43707940,0.01998454,0.01998454,31557,97,0
6333.03889729,6333.03959186,2957.05961684,2957.03005847,0.03898568,905.41046555,0.01998454,0.01998454,31556,97,0
6333.23981101,6333.24030529,2965.60629888,2965.58523887,0.04542798,905.38235359,0.01998454,0.01998454,31555,97,0
6333.44051315,6333.44103145,2974.16385328,2974.14174290,0.02008672,905.35289690,0.01998454,0.01998454,31554,97,0
6333.64126982,6333.64177033,2982.73266806,2982.71128961,0.05310362,905.32205176,0.01998454,0.01998454,31553,97,0
6333.84215845,6333.84252194,2991.31313614,2991.29758968,0.05994551,905.28979784,0.01998454,0.01998454,31552,97,0
6334.04321359,6334.04328627,2999.90561869,2999.90250612,0.04598888,905.25611982,0.01998454,0.01998454,31551,97,0
6334.24371392,6334.24406332,3008.51016062,3008.49517663,0.04877294,905.22113700,0.01998454,0.01998454,31550,97,0
6334.44450441,6334.44485311,3017.12663555,3017.11166212,0.02935789,905.18469984,0.01998454,0.01998454,31549,97,0
6334.64554945,6334.64565563,3025.75491437,3025.75034890,0.05616588,905.14680432,0.01998454,0.01998454,31548,97,0
6334.84623159,6334.84647087,3034.39488995,3034.38458826,0.04486504,905.10756314,0.01998454,0.01998454,31547,97,0
6335.04772177,6335.04729885,3043.04666180,3043.06489351,0.03393231,905.06673687,0.01998454,0.01998454,31546,97,0
6335.24842155,6335.24813956,3051.71043998,3051.72261211,0.05075880,905.02464282,0.01998454,0.01998454,31545,97,0
6335.44903163,6335.44899301,3060.38643720,3060.38810665,0.04958861,904.98113693,0.01998454,0.01998454,31544,97,0
6335.64964381,6335.64985919,3069.07481012,3069.06548748,0.02559145,904.93619390,0.01998454,0.01998454,31543,97,0
6335.85007160,6335.85073811,3077.77524253,3077.74635626,0.05084784,904.88985358,0.01998454,0.01998454,31542,97,0
6336.05162349,6336.05162977,3086.48718287,3086.48691030,0.04303566,904.84180092,0.01998454,0.01998454,31541,97,0
6336.25224804,6336.25253417,3095.21007337,3095.19764313,0.04594118,904.79252085,0.01998454,0.01998454,31540,97,0
6336.45365910,6336.45345130,3103.94347494,3103.95251245,0.03773265,904.74159157,0.01998454,0.01998454,31539,97,0
6336.65370601,6336.65438118,3112.68781112,3112.65840965,0.05496275,904.68955588,0.01998454,0.01998454,31538,97,0
6336.85469366,6336.85532380,3121.44388012,3121.41640336,0.05148893,904.63580896,0.01998454,0.01998454,31537,97,0
6337.05630553,6337.05627917,3130.21248814,3130.21363908,0.05374890,904.58040776,0.01998454,0.01998454,31536,97,0
6337.25742558,6337.25724728,3138.99430578,3139.00210267,0.03996733,904.52364734,0.01998454,0.01998454,31535,97,0
6337.45750509,6337.45822814,3147.78920600,3147.75754364,0.04268650,904.46569439,0.01998454,0.01998454,31534,97,0
6337.65910743,6337.65922174,3156.59677897,3156.59176628,0.03469740,904.40579787,0.01998454,0.01998454,31533,97,0
6337.85965451,6337.86022810,3165.41661107,3165.39142695,0.04134533,904.34471557,0.01998454,0.01998454,31532,97,0
6338.06108499,6338.06124720,3174.24840044,3174.24126891,0.04442835,904.28185550,0.01998454,0.01998454,31531,97,0
6338.26283506,6338.26227906,3183.09233670,3183.11681300,0.05766573,904.21737313,0.01998454,0.01998454,31530,97,0
6338.46302454,6338.46332366,3191.94874320,3191.93555709,0.03934119,904.15187542,0.01998454,0.01998454,31529,97,0
6338.66313068,6338.66438103,3200.81794591,3200.76275108,0.05000582,904.08488952,0.01998454,0.01998454,31528,97,0
6338.86531054,6338.86545114,3209.70014774,3209.69393226,0.04490040,904.01566308,0.01998454,0.01998454,31527,97,0
6339.06597025,6339.06653402,3218.59516846,3218.57021275,0.04753693,903.94541574,0.01998454,0.01998454,31526,97,0
6339.26775376,6339.26762965,3227.50275284,3227.50825397,0.04562237,903.87322256,0.01998454,0.01998454,31525,97,0
6339.46879618,6339.46873804,3236.42264456,3236.42522504,0.03384693,903.79974264,0.01998454,0.01998454,31524,97,0
6339.67005459,6339.66985919,3245.35476823,3245.36345222,0.04321458,903.72462716,0.01998454,0.01998454,31523,97,0
6339.87120403,6339.87099310,3254.29943032,3254.30881713,0.04048225,903.64798783,0.01998454,0.01998454,31522,97,0
6340.07235927,6340.07213977,3263.25698772,3263.26676921,0.04470781,903.56977313,0.01998454,0.01998454,31521,97,0
6340.27411435,6340.27329921,3272.22779646,3272.26417441,0.03991366,903.48973570,0.01998454,0.01998454,31520,97,0
6340.47488078,6340.47447141,3281.21204472,3281.23034033,0.04772039,903.40850238,0.01998454,0.01998454,31519,97,0
6340.67584496,6340.67565638,3290.20968781,3290.21812808,0.04819482,903.32559664,0.01998454,0.01998454,31518,97,0
6340.87696150,6340.87685411,3299.22066354,3299.22547674,0.04719370,903.24102735,0.01998454,0.01998454,31517,97,0
6341.07820934,6341.07806461,3308.24490991,3308.25140542,0.04603829,903.15479431,0.01998454,0.01998454,31516,97,0
6341.27947991,6341.27928788,3317.28237822,3317.29100840,0.05084821,903.06693641,0.01998454,0.01998454,31515,97,0
6341.48065208,6341.48052393,3326.33303139,3326.33879889,0.05323316,902.97750157,0.01998454,0.01998454,31514,97,0
6341.68190913,6341.68177274,3335.39683228,3335.40297893,0.04735854,902.88640264,0.01998454,0.01998454,31513,97,0
6341.88308157,6341.88303433,3344.47377433,3344.47590647,0.04398393,902.79371018,0.01998454,0.01998454,31512,97,0
6342.08366629,6342.08430869,3353.56411686,3353.53508270,0.04777570,902.69965531,0.01998454,0.01998454,31511,97,0
6342.28592454,6342.28559583,3362.66825693,3362.68313539,0.03894056,902.60315379,0.01998454,0.01998454,31510,97,0
6342.48616883,6342.48689575,3371.78659613,3371.75364394,0.04435065,902.50595836,0.01998454,0.01998454,31509,97,0
6342.68829134,6342.68820844,3380.91942751,3380.92319131,0.05915792,902.40617145,0.01998454,0.01998454,31508,97,0
6342.88999882,6342.88953391,3390.06656110,3390.08769964,0.03739692,902.30490215,0.01998454,0.01998454,31507,97,0
6343.09071682,6343.09087217,3399.22767360,3399.22060008,0.05295772,902.20245326,0.01998454,0.01998454,31506,97,0
6343.29249936,6343.29222320,3408.40243948,3408.41503193,0.04562848,902.09777249,0.01998454,0.01998454,31505,97,0
6343.49350054,6343.49358702,3417.59067742,3417.58672857,0.04533846,901.99180948,0.01998454,0.01998454,31504,97,0
6343.69433753,6343.69496362,3426.79252043,3426.76389114,0.05210993,901.88424278,0.01998454,0.01998454,31503,97,0
6343.89653590,6343.89635301,3436.00814349,3436.01651880,0.05565541,901.77423151,0.01998454,0.01998454,31502,97,0
6344.09779800,6344.09775518,3445.23772393,3445.23968775,0.04088321,901.66301157,0.01998454,0.01998454,31501,97,0
6344.29929108,6344.29917014,3454.48146160,3454.48701618,0.03650585,901.54993773,0.01998454,0.01998454,31500,97,0
6344.50028387,6344.50059789,3463.73958054,3463.72513650,0.03786056,901.43541424,0.01998454,0.01998454,31499,97,0
6344.70248351,6344.70203844,3473.01230781,3473.03281126,0.05991908,901.31844937,0.01998454,0.01998454,31498,97,0
6344.90403314,6344.90349177,3482.29983983,3482.32481771,0.04493427,901.20010036,0.01998454,0.01998454,31497,97,0
6345.10462475,6345.10495789,3491.60209914,3491.58670557,0.04767538,901.08056293,0.01998454,0.01998454,31496,97,0
6345.30634583,6345.30643681,3500.91886901,3500.91465854,0.05286169,900.95858657,0.01998454,0.01998454,31495,97,0
6345.50868249,6345.50792853,3510.24992948,3510.28487107,0.03760358,900.83445486,0.01998455,0.01998454,31494,97,0
6345.70924729,6345.70943304,3519.59505717,3519.58643674,0.03689713,900.70964381,0.01998454,0.01998454,31493,97,0
6345.91097072,6345.91095034,3528.95402233,3528.95496906,0.04217776,900.58233418,0.01998454,0.01998454,31492,97,0
6346.11192489,6346.11248045,3538.32659202,3538.30073668,0.03945543,900.45373400,0.01998454,0.01998454,31491,97,0
6346.31399929,6346.31402336,3547.71254553,3547.71142387,0.05550299,900.32262590,0.01998454,0.01998454,31490,97,0
6346.51519694,6346.51557907,3557.11226056,3557.09442638,0.05369830,900.19029044,0.01998454,0.01998454,31489,97,0
6346.71728976,6346.71714758,3566.52692125,3566.53356776,0.03443169,900.05553808,0.01998454,0.01998454,31488,97,0
6346.91869895,6346.91872889,3575.95777892,3575.95637710,0.03933504,899.91939313,0.01998454,0.01998454,31487,97,0
6347.12020648,6347.12032301,3585.40592289,3585.40045670,0.05629954,899.78131102,0.01998454,0.01998454,31486,97,0
6347.32229284,6347.32192993,3594.87086855,3594.88791984,0.05812131,899.64095170,0.01998454,0.01998454,31485,97,0
6347.52430682,6347.52354967,3604.35127915,3604.38690782,0.03833006,899.49877221,0.01998454,0.01998454,31484,97,0
6347.72593227,6347.72518221,3613.84579747,3613.88114032,0.05344662,899.35501449,0.01998454,0.01998454,31483,97,0
6347.92590047,6347.92682756,3623.35374006,3623.30999499,0.03159178,899.21061470,0.01998454,0.01998454,31482,97,0
6348.12809901,6348.12848572,3632.87643182,3632.85815582,0.05492445,899.06273044,0.01998454,0.01998454,31481,97,0
6348.33012491,6348.33015669,3642.41557799,3642.41407341,0.03943901,898.91305628,0.01998454,0.01998454,31480,97,0
6348.53222407,6348.53184048,3651.97283547,3651.99102990,0.06251866,898.76137662,0.01998454,0.01998454,31479,97,0
6348.73363130,6348.73353708,3661.54834267,3661.55281952,0.03966872,898.60826336,0.01998454,0.01998454,31478,97,0
6348.93522117,6348.93524650,3671.14067978,3671.13947404,0.04148826,898.45307296,0.01998454,0.01998454,31477,97,0
6349.13675644,6349.13696873,3680.74834309,3680.73822475,0.05135992,898.29600239,0.01998454,0.01998454,31476,97,0
6349.33785671,6349.33870379,3690.37014909,3690.32971878,0.02523328,898.13736708,0.01998454,0.01998454,31475,97,0
6349.54022467,6349.54045166,3700.00668991,3699.99583913,0.06332857,897.97579500,0.01998454,0.01998454,31474,97,0
6349.74233320,6349.74221235,3709.65915689,3709.66494318,0.04967948,897.81246314,0.01998454,0.01998454,31473,97,0
6349.94446829,6349.94398587,3719.32874048,3719.35188011,0.04460734,897.64711516,0.01998455,0.01998454,31472,97,0
6350.14552186,6350.14577221,3729.01588253,3729.00385400,0.05425977,897.48065680,0.01998454,0.01998454,31471,97,0
6350.34762005,6350.34757137,3738.71986054,3738.72220345,0.05277865,897.31133203,0.01998454,0.01998454,31470,97,0
6350.54903012,6350.54938336,3748.43984523,3748.42281920,0.03913602,897.14059339,0.01998454,0.01998454,31469,97,0
6350.75201730,6350.75120817,3758.17510271,3758.21416105,0.04750355,896.96651241,0.01998455,0.01998454,31468,97,0
6350.95394121,6350.95304582,3767.92568533,3767.96897432,0.05085277,896.79133707,0.01998455,0.01998454,31467,97,0
6351.15441031,6351.15489629,3777.69201202,3777.66847989,0.05230484,896.61542918,0.01998454,0.01998454,31466,97,0
6351.35691867,6351.35675959,3787.47450691,3787.48222255,0.04544497,896.43569816,0.01998455,0.01998454,31465,97,0
6351.55882466,6351.55863572,3797.27350537,3797.28268350,0.05809513,896.25445236,0.01998455,0.01998454,31464,97,0
6351.76009005,6351.76052469,3807.08917234,3807.06802306,0.04789314,896.07173345,0.01998454,0.01998454,31463,97,0
6351.96291596,6351.96242649,3816.92165532,3816.94551177,0.03703132,895.88551765,0.01998455,0.01998454,31462,97,0
6352.16382982,6352.16434113,3826.77108971,3826.74612744,0.03658606,895.69898736,0.01998454,0.01998454,31461,97,0
6352.36640704,6352.36626860,3836.63749911,3836.64426893,0.05523343,895.50881775,0.01998454,0.01998454,31460,97,0
6352.56867018,6352.56820892,3846.52085051,3846.54344441,0.05066716,895.31683601,0.01998455,0.01998454,31459,97,0
6352.76945231,6352.77016207,3856.42111318,3856.38629060,0.01799142,895.12416965,0.01998454,0.01998454,31458,97,0
6352.97255768,6352.97212806,3866.33855887,3866.35967355,0.04622572,894.92714073,0.01998455,0.01998454,31457,97,0
6353.17356749,6353.17410689,3876.27400950,3876.24745246,0.05462516,894.73000702,0.01998454,0.01998454,31456,97,0
6353.37566567,6353.37609856,3886.22835303,3886.20699950,0.05482248,894.52963477,0.01998454,0.01998454,31455,97,0
6353.57842232,6353.57810308,3896.20229941,3896.21807646,0.04575287,894.32639747,0.01998454,0.01998454,31454,97,0
6353.78110525,6353.78012045,3906.19524500,3906.24400204,0.05337417,894.12102161,0.01998455,0.01998454,31453,97,0
6353.98248965,6353.98215066,3916.20601090,3916.22282202,0.05270850,893.91478515,0.01998455,0.01998454,31452,97,0
6354.18529367,6354.18419372,3926.23342897,3926.28806211,0.03826137,893.70491765,0.01998455,0.01998454,31451,97,0
6354.38681442,6354.38624962,3936.27749764,3936.30559733,0.06534898,893.49420509,0.01998455,0.01998454,31450,97,0
6354.58753332,6354.58831838,3946.33985825,3946.30072845,0.04976372,893.28213457,0.01998454,0.01998454,31449,97,0
6354.79096982,6354.79039999,3956.42229140,3956.45075097,0.05206965,893.06490781,0.01998455,0.01998454,31448,97,0
6354.99250185,6354.99249445,3966.52599183,3966.52636199,0.04608550,892.84741002,0.01998454,0.01998454,31447,97,0
6355.19467418,6355.19460176,3976.64938701,3976.65301715,0.04378764,892.62693954,0.01998455,0.01998454,31446,97,0
6355.39786696,6355.39672193,3986.79008881,3986.84757949,0.05821222,892.40309619,0.01998455,0.01998454,31445,97,0
6355.59947411,6355.59885496,3996.94583381,3996.97696297,0.05689199,892.17880141,0.01998455,0.01998455,31444,97,0
6355.80024720,6355.80100084,4007.11705016,4007.07909874,0.04425456,891.95324100,0.01998454,0.01998455,31443,97,0
6356.00331339,6356.00315959,4017.30652322,4017.31428299,0.04401765,891.72280640,0.01998455,0.01998455,31442,97,0
6356.20511320,6356.20533119,4027.51714206,4027.50612056,0.05152842,891.49144394,0.01998454,0.01998455,31441,97,0
6356.40773288,6356.40751565,4037.75048589,4037.76149184,0.03869922,891.25672169,0.01998455,0.01998455,31440,97,0
6356.60950664,6356.60971298,4048.00496366,4047.99448934,0.06720958,891.02059434,0.01998454,0.01998455,31439,97,0
6356.81190141,6356.81192317,4058.27850328,4058.27739710,0.04925230,890.78138618,0.01998455,0.01998455,31438,97,0
6357.01367558,6357.01414622,4068.56929174,4068.54532288,0.06076454,890.54059697,0.01998454,0.01998455,31437,97,0
6357.21654792,6357.21638214,4078.87744659,4078.88590374,0.04696443,890.29615526,0.01998455,0.01998455,31436,97,0
nan,nan,0.00000000,-1.00000000,0.00000000,890.05517566,nan,0.00000000,-2147483648,97,1
nan,nan,0.00000000,-1.00000000,0.00000000,884.04709043,nan,0.00000000,-2147483648,96,1
nan,nan,0.00000000,-1.00000000,0.00000000,884.30262206,nan,0.00000000,-2147483648,96,1
6314.23618642,nan,0.00000000,12.18953685,0.04979838,884.61830969,0.01998456,0.01998454,31650,96,1
6314.42997050,6314.42868517,17.90737531,17.94552439,0.07328849,884.91125260,0.01998454,0.01998454,31649,96,0
6314.62831831,6314.62822069,23.83143194,23.83433106,0.09806838,885.21032464,0.01998454,0.01998454,31648,96,0
6314.82534195,6314.82776882,0.00000000,29.68052767,0.00536045,885.50660190,0.01998453,0.01998454,31647,96,1
6315.02691029,6315.02732955,35.69142145,35.67895502,0.06873189,885.80994080,0.01998454,0.01998454,31646,96,0
6315.22745331,6315.22690290,41.62741257,41.64378849,0.05163157,886.11092484,0.01998454,0.01998454,31645,96,0
6315.42740769,6315.42648887,47.56728750,47.59464035,0.04982666,886.41055151,0.01998454,0.01998454,31644,96,0
6315.62733614,6315.62608745,53.51090923,53.54810307,0.07218113,886.70965815,0.01998454,0.01998454,31643,96,0
6315.82655655,6315.82569865,59.45814023,59.48370761,0.03925627,887.00721889,0.01998454,0.01998454,31642,96,0
6316.02282202,6316.02532246,65.40884244,65.33428673,0.07410413,887.29988335,0.01998453,0.01998454,31641,96,0
6316.22417167,6316.22495889,71.36287929,71.33939515,0.08176042,887.59962348,0.01998453,0.01998454,31640,96,0
6316.42920596,6316.42460795,0.00000000,77.44709475,0.00217923,887.90380439,0.01998455,0.01998454,31639,96,1
6316.62350666,6316.62426962,83.28103042,83.25824643,0.05809796,888.19257981,0.01998453,0.01998454,31638,96,0
6316.82339623,6316.82394392,89.24545148,89.22908710,0.09178304,888.48864418,0.01998454,0.01998454,31637,96,0
6317.02953912,nan,0.00000000,95.38352076,0.06366857,888.79312623,0.01998455,0.01998454,31636,96,1
6317.22552139,6317.22333039,101.18579134,101.25133488,0.04314380,889.08277991,0.01998454,0.01998454,31635,96,0
6317.42398547,6317.42304256,107.16202832,107.19025306,0.05683570,889.37529917,0.01998454,0.01998454,31634,96,0
6317.62298412,6317.62276736,113.14241394,113.14890640,0.04457586,889.66813906,0.01998454,0.01998454,31633,96,0
6317.82138453,6317.82250479,119.12691444,119.09333887,0.09277908,889.95962992,0.01998453,0.01998454,31632,96,0
6318.02264295,6318.02225485,125.11549338,125.12713248,0.07507616,890.25483863,0.01998454,0.01998454,31631,96,0
6318.22192302,6318.22201754,131.10811416,131.10527781,0.10784573,890.54666494,0.01998454,0.01998454,31630,96,0
6318.42428945,6318.42179286,0.00000000,137.17679676,0.04497330,890.84237720,0.01998454,0.01998454,31629,96,1
6318.61942483,6318.62158082,143.10533208,143.04055834,0.04432272,891.12732773,0.01998453,0.01998454,31628,96,0
6318.81626244,6318.82138141,0.00000000,148.95301643,0.03554518,891.41400504,0.01998452,0.01998454,31627,96,1
6319.02076320,6319.02119463,155.11819490,155.10521819,0.01059625,891.71162497,0.01998454,0.01998454,31626,96,0
6319.22192527,6319.22102049,161.13034663,161.15757629,0.03710486,892.00373633,0.01998454,0.01998454,31625,96,0
6319.42134719,6319.42085900,167.14623209,167.16093263,0.03899515,892.29281787,0.01998454,0.01998454,31624,96,0
6319.61846402,6319.62071014,0.00000000,173.09649646,0.08206895,892.57798409,0.01998453,0.01998454,31623,96,1
6319.82084453,6319.82057392,179.18901154,179.19716913,0.03855319,892.87040832,0.01998454,0.01998454,31622,96,0
6320.02283200,6320.02045034,0.00000000,185.28836830,0.06908299,893.16169639,0.01998454,0.01998454,31621,96,1
6320.22170507,6320.22033940,191.24697013,191.28818696,0.06343475,893.44794831,0.01998454,0.01998454,31620,96,0
6320.42273878,6320.42024111,0.00000000,197.36018100,0.05443010,893.73697056,0.01998454,0.01998454,31619,96,1
6320.61983355,6320.62015547,203.32130752,203.31157948,0.10325861,894.01959545,0.01998454,0.01998454,31618,96,0
6320.81996310,6320.82008247,209.36500017,209.36139054,0.08148308,894.30622711,0.01998454,0.01998454,31617,96,0
6321.01916538,6321.02002212,215.41311383,215.38718938,0.03139240,894.59105293,0.01998453,0.01998454,31616,96,0
6321.22134783,6321.21997442,221.46550271,221.50708789,0.05202716,894.87964412,0.01998454,0.01998454,31615,96,0
6321.42094128,6321.41993936,227.52200944,227.55236432,0.07104047,895.16404117,0.01998454,0.01998454,31614,96,0
6321.61959848,6321.61991696,233.58247605,233.57282145,0.08784691,895.44660366,0.01998454,0.01998454,31613,96,0
6321.81972398,6321.81990722,239.64674392,239.64118615,0.05101360,895.73074111,0.01998454,0.01998454,31612,96,0
6322.02111002,6322.01991012,245.71467172,245.75108541,0.04226567,896.01614019,0.01998454,0.01998454,31611,96,0
6322.21996386,6322.21992568,251.78628778,251.78744711,0.04097405,896.29743118,0.01998454,0.01998454,31610,96,0
6322.41985669,6322.41995390,257.86171465,257.85876140,0.08897399,896.57967611,0.01998454,0.01998454,31609,96,0
6322.61891114,6322.61999477,263.94107639,263.90813423,0.03767538,896.86022794,0.01998453,0.01998454,31608,96,0
6322.82216807,6322.82004831,270.02449753,270.08897732,0.07033218,897.14618308,0.01998454,0.01998454,31607,96,0
6323.01989855,6323.02011450,276.11210309,276.10552999,0.04429913,897.42386375,0.01998454,0.01998454,31606,96,0
6323.22104057,6323.22019335,282.20399164,282.22979556,0.05395475,897.70583320,0.01998454,0.01998454,31605,96,0
6323.42170816,6323.42028487,288.30017309,288.34355049,0.09156757,897.98663200,0.01998454,0.01998454,31604,96,0
6323.62070185,6323.62038905,294.40063906,294.41017840,0.07498555,898.26458811,0.01998454,0.01998454,31603,96,0
6323.81782877,6323.82050589,0.00000000,300.43322119,0.05937154,898.53987899,0.01998453,0.01998454,31602,96,1
6324.02203381,6324.02063540,306.61439082,306.65709139,0.06383323,898.82364942,0.01998454,0.01998454,31601,96,0
6324.21952241,6324.22077758,312.72765996,312.68930928,0.06251826,899.09800321,0.01998453,0.01998454,31600,96,0
6324.42010871,6324.42093242,318.84519090,318.82000698,0.06143892,899.37615173,0.01998453,0.01998454,31599,96,0
6324.61996280,6324.62109993,324.96699886,324.93221044,0.04223542,899.65277450,0.01998453,0.01998454,31598,96,0
6324.82017984,6324.82128012,331.09309988,331.05941732,0.06045696,899.92938814,0.01998453,0.01998454,31597,96,0
6325.02033142,6325.02147297,337.22351005,337.18854167,0.04734679,900.20539908,0.01998453,0.01998454,31596,96,0
6325.22053681,6325.22167850,343.35824553,343.32325045,0.06975397,900.48097119,0.01998453,0.01998454,31595,96,0
6325.42258980,6325.42189671,349.49731533,349.51857364,0.06031842,900.75856525,0.01998454,0.01998454,31594,96,0
6325.62229691,6325.62212758,355.64067672,355.64587352,0.05901769,901.03241867,0.01998454,0.01998454,31593,96,0
6325.82246613,6325.82237114,361.78826424,361.79118135,0.06205441,901.30638501,0.01998454,0.01998454,31592,96,0
6326.02169516,6326.02262737,367.94001201,367.91136644,0.06224630,901.57854269,0.01998454,0.01998454,31591,96,0
6326.22363387,6326.22289628,374.09585391,374.11853260,0.05338771,901.85386637,0.01998454,0.01998454,31590,96,0
6326.42277193,6326.42317788,380.25572378,380.24323485,0.04197970,902.12483945,0.01998454,0.01998454,31589,96,0
6326.62386847,6326.62347215,386.41959816,386.43179805,0.05108563,902.39793891,0.01998454,0.01998454,31588,96,0
6326.82341954,6326.82377911,392.58754575,392.57647038,0.05484607,902.66840634,0.01998454,0.01998454,31587,96,0
6327.02323567,6327.02409874,398.75964746,398.73304671,0.08323015,902.93870309,0.01998454,0.01998454,31586,96,0
6327.22209553,6327.22443107,0.00000000,404.86521119,0.04231721,903.20723689,0.01998453,0.01998454,31585,96,1
6327.42536055,6327.42477608,411.11663851,411.13467533,0.05292507,903.48107008,0.01998454,0.01998454,31584,96,0
6327.62413494,6327.62513378,417.30168715,417.27084289,0.05776442,903.74838307,0.01998454,0.01998454,31583,96,0
6327.82632578,6327.82550416,423.49115526,423.51654319,0.07382095,904.01975847,0.01998454,0.01998454,31582,96,0
6328.02533979,6328.02588724,429.68503089,429.66810362,0.04711755,904.28634411,0.01998454,0.01998454,31581,96,0
6328.22662216,6328.22628301,435.88330128,435.89379457,0.02707161,904.55543564,0.01998454,0.01998454,31580,96,0
6328.42760094,6328.42669147,442.08595364,442.11411091,0.05326402,904.82358494,0.01998454,0.01998454,31579,96,0
6328.62730806,6328.62711262,448.29297509,448.29902970,0.05391782,905.08950473,0.01998454,0.01998454,31578,96,0
6328.82741091,6328.82754647,454.50435628,454.50015398,0.07318939,905.35541699,0.01998454,0.01998454,31577,96,0
6329.02823740,6329.02799301,460.72009879,460.72767944,0.06284784,905.62175168,0.01998454,0.01998454,31576,96,0
6329.22839086,6329.22845225,466.94020631,466.93830085,0.03375233,905.88665514,0.01998454,0.01998454,31575,96,0
6329.42951986,6329.42892419,473.16468254,473.18318335,0.03418065,906.15230678,0.01998454,0.01998454,31574,96,0
6329.62805479,6329.62940883,479.39353119,479.35144916,0.06035219,906.41399723,0.01998454,0.01998454,31573,96,0
6329.82840383,6329.82990617,485.62675322,485.58003245,0.07464580,906.67753876,0.01998454,0.01998454,31572,96,0
6330.03063388,6330.03041621,491.86430020,491.87107378,0.03817122,906.94300093,0.01998454,0.01998454,31571,96,0
6330.23033330,6330.23093895,498.10608090,498.08722260,0.05093290,907.20459015,0.01998454,0.01998454,31570,96,0
6330.43332478,6330.43147440,504.35200231,504.40965177,0.04724456,907.46992515,0.01998455,0.01998454,31569,96,0
6330.63221137,6330.63202255,510.60197100,510.60785709,0.06753260,907.72933544,0.01998454,0.01998454,31568,96,0
6330.83251916,6330.83258341,516.85589316,516.85388891,0.02506772,907.99003489,0.01998454,0.01998454,31567,96,0
6331.03362849,6331.03315698,523.11374570,523.12846093,0.02537548,908.25120546,0.01998454,0.01998454,31566,96,0
6331.23226066,6331.23374326,529.37575252,529.32945354,0.03713800,908.50860430,0.01998454,0.01998454,31565,96,0
6331.43321504,6331.43434225,535.64219210,535.60696784,0.05810235,908.76846153,0.01998454,0.01998454,31564,96,0
6331.63467018,6331.63495395,541.91334409,541.90447034,0.05165841,909.02842036,0.01998454,0.01998454,31563,96,0
6331.83587403,6331.83557836,548.18948935,548.19874250,0.02587772,909.28751945,0.01998454,0.01998454,31562,96,0
6332.03724769,6332.03621548,554.47089201,554.50322044,0.05089290,909.54631072,0.01998454,0.01998454,31561,96,0
6332.23510373,6332.23686532,560.75750063,560.70228778,0.04242842,909.80006466,0.01998453,0.01998454,31560,96,0
6332.43767181,6332.43752788,567.04899191,567.05350628,0.01864851,910.05931633,0.01998454,0.01998454,31559,96,0
6332.63918545,6332.63820315,573.34503239,573.37586080,0.06064820,910.31665552,0.01998454,0.01998454,31558,96,0
6332.83884690,6332.83889115,579.64528716,579.64389783,0.06418254,910.57106065,0.01998454,0.01998454,31557,96,0
6333.04044334,6333.03959186,585.94941994,585.97617244,0.04141390,910.82734192,0.01998454,0.01998454,31556,96,0
6333.24033433,6333.24030529,592.25723761,592.25815031,0.03954389,911.08086146,0.01998454,0.01998454,31555,96,0
6333.44025381,6333.44103145,598.56898591,598.54452616,0.05944429,911.33383454,0.01998454,0.01998454,31554,96,0
6333.64176181,6333.64177033,604.88499487,604.88472656,0.03642989,911.58824011,0.01998454,0.01998454,31553,96,0
6333.84281045,6333.84252194,611.20559596,611.21468295,0.03437784,911.84149980,0.01998454,0.01998454,31552,96,0
6334.04246111,6334.04328627,617.53112209,617.50511395,0.07412741,912.09245075,0.01998454,0.01998454,31551,96,0
6334.24543081,6334.24406332,623.86187952,623.90501489,0.02190657,912.34702482,0.01998454,0.01998454,31550,96,0
6334.44490465,6334.44485311,630.19782498,630.19945183,0.04431432,912.59667174,0.01998454,0.01998454,31549,96,0
6334.64612738,6334.64565563,636.53867632,636.55357806,0.05099687,912.84794975,0.01998454,0.01998454,31548,96,0
6334.84575322,6334.84647087,642.88414562,642.86146173,0.03906875,913.09666738,0.01998454,0.01998454,31547,96,0
6335.04651578,6335.04729885,649.23394366,649.20917725,0.05312815,913.34621966,0.01998454,0.01998454,31546,96,0
6335.24834594,6335.24813956,655.58778112,655.59431180,0.06581027,913.59649828,0.01998454,0.01998454,31545,96,0
6335.44985384,6335.44899301,661.94555287,661.97280944,0.01975392,913.84577101,0.01998454,0.01998454,31544,96,0
6335.64828160,6335.64985919,668.30754151,668.25755904,0.04666938,914.09065107,0.01998454,0.01998454,31543,96,0
6335.84919512,6335.85073811,674.67407962,674.62516039,0.05603458,914.33802144,0.01998454,0.01998454,31542,96,0
6336.05214768,6336.05162977,681.04550123,681.06193312,0.02223176,914.58732411,0.01998454,0.01998454,31541,96,0
6336.25230260,6336.25253417,687.42214187,687.41478928,0.06706941,914.83263243,0.01998454,0.01998454,31540,96,0
6336.45257365,6336.45345130,693.80427805,693.77638829,0.03280062,915.07753755,0.01998454,0.01998454,31539,96,0
6336.65422552,6336.65438118,700.19176908,700.18681895,0.02991903,915.32357273,0.01998454,0.01998454,31538,96,0
6336.85305373,6336.85532380,0.00000000,706.51579123,0.06260669,915.56574309,0.01998453,0.01998454,31537,96,1
6337.05608556,6337.05627917,712.98154008,712.97537490,0.02466198,915.81215460,0.01998454,0.01998454,31536,96,0
6337.25828177,6337.25724728,719.38317774,719.41614030,0.05433033,916.05708737,0.01998454,0.01998454,31535,96,0
6337.45823730,6337.45822814,725.78889472,725.78918701,0.04505284,916.29869708,0.01998454,0.01998454,31534,96,0
6337.65967280,6337.65922174,732.19863846,732.21302723,0.04879131,916.54147965,0.01998454,0.01998454,31533,96,0
6337.85909665,6337.86022810,738.61266509,738.57654964,0.05973661,916.78123745,0.01998454,0.01998454,31532,96,0
6338.06081943,6338.06124720,745.03124944,745.01758592,0.06260986,917.02316054,0.01998454,0.01998454,31531,96,0
6338.26333159,6338.26227906,751.45466754,751.48831046,0.06146774,917.26543370,0.01998454,0.01998454,31530,96,0
6338.46379850,6338.46332366,757.88319665,757.89838567,0.05640089,917.50468006,0.01998454,0.01998454,31529,96,0
6338.66531176,6338.66438103,764.31702992,764.34682476,0.05737628,917.74459911,0.01998454,0.01998454,31528,96,0
6338.86521921,6338.86545114,770.75609227,770.74866207,0.03980861,917.98203111,0.01998454,0.01998454,31527,96,0
6339.06718393,6339.06653402,777.20025541,777.22109067,0.06334574,918.22131829,0.01998454,0.01998454,31526,96,0
6339.26712805,6339.26762965,783.64939046,783.63329859,0.05116608,918.45762271,0.01998454,0.01998454,31525,96,0
6339.46794860,6339.46873804,790.10336794,790.07802466,0.02663120,918.69436692,0.01998454,0.01998454,31524,96,0
6339.67037855,6339.66985919,796.56207125,796.57875543,0.05645179,918.93239801,0.01998454,0.01998454,31523,96,0
6339.87190719,6339.87099310,803.02550383,803.05488798,0.02891539,919.16875908,0.01998454,0.01998454,31522,96,0
6340.07317735,6340.07213977,809.49373267,809.52710931,0.05676220,919.40421022,0.01998454,0.01998454,31521,96,0
6340.27301583,6340.27329921,815.96682561,815.95770350,0.04300213,919.63738748,0.01998454,0.01998454,31520,96,0
6340.47544601,6340.47447141,822.44485079,822.47624539,0.05646846,919.87298110,0.01998454,0.01998454,31519,96,0
6340.67520186,6340.67565638,828.92787567,828.91322415,0.03409580,920.10486351,0.01998454,0.01998454,31518,96,0
6340.87727657,6340.87685411,835.41593463,835.42956250,0.05864514,920.33883210,0.01998454,0.01998454,31517,96,0
6341.07726489,6341.07806461,841.90902150,841.88320528,0.04078631,920.56978347,0.01998454,0.01998454,31516,96,0
6341.27957241,6341.27928788,848.40712768,848.41631908,0.06190496,920.80280223,0.01998454,0.01998454,31515,96,0
6341.48031742,6341.48052393,854.91024448,854.90356858,0.02894873,921.03341203,0.01998454,0.01998454,31514,96,0
6341.68181900,6341.68177274,861.41836322,861.41985959,0.05199702,921.26427868,0.01998454,0.01998454,31513,96,0
6341.88366312,6341.88303433,867.93151506,867.95187094,0.01779546,921.49492222,0.01998454,0.01998454,31512,96,0
6342.08468379,6342.08430869,874.44983993,874.46199196,0.04396696,921.72401575,0.01998454,0.01998454,31511,96,0
6342.28512700,6342.28559583,880.97349677,880.95829625,0.02841381,921.95184980,0.01998454,0.01998454,31510,96,0
6342.48699433,6342.48689575,887.50264527,887.50584394,0.04912860,922.18069943,0.01998454,0.01998454,31509,96,0
6342.68879824,6342.68820844,894.03744580,894.05659926,0.02724171,922.40887594,0.01998454,0.01998454,31508,96,0
6342.88984976,6342.88953391,900.57800802,900.58827331,0.06105356,922.63560585,0.01998454,0.01998454,31507,96,0
6343.09061474,6343.09087217,907.12412279,907.11574987,0.03911581,922.86140999,0.01998454,0.01998454,31506,96,0
6343.29193736,6343.29222320,913.67545775,913.66615425,0.06214123,923.08722337,0.01998454,0.01998454,31505,96,0
6343.49406451,6343.49358702,920.23167876,920.24723038,0.06580882,923.31330331,0.01998454,0.01998454,31504,96,0
6343.69509256,6343.69496362,926.79245008,926.79665223,0.05324289,923.53750894,0.01998454,0.01998454,31503,96,0
6343.89620020,6343.89635301,933.35745978,933.35247714,0.05454082,923.76114761,0.01998454,0.01998454,31502,96,0
6344.09791118,6344.09775518,939.92676936,939.93185944,0.02455770,923.98479915,0.01998454,0.01998454,31501,96,0
6344.29955150,6344.29917014,946.50072700,946.51317830,0.04316217,924.20772401,0.01998454,0.01998454,31500,96,0
6344.50058720,6344.50059789,953.07968969,953.07934016,0.03121773,924.42934561,0.01998454,0.01998454,31499,96,0
6344.70093760,6344.70203844,959.66401611,959.62801974,0.05434813,924.64959135,0.01998454,0.01998454,31498,96,0
6344.90413394,6344.90349177,966.25406115,966.27507697,0.05061820,924.87234324,0.01998454,0.01998454,31497,96,0
6345.10537391,6345.10495789,972.84992885,972.86355428,0.04009899,925.09233423,0.01998454,0.01998454,31496,96,0
6345.30719555,6345.30643681,979.45137051,979.47624006,0.03487947,925.31233491,0.01998455,0.01998454,31495,96,0
6345.50808553,6345.50792853,986.05810991,986.06325984,0.03843461,925.53068626,0.01998454,0.01998454,31494,96,0
6345.70910446,6345.70943304,992.66986949,992.65908472,0.05603130,925.74853402,0.01998454,0.01998454,31493,96,0
6345.91109831,6345.91095034,999.28637074,999.29123035,0.05242153,925.96677882,0.01998454,0.01998454,31492,96,0
6346.11256955,6346.11248045,1005.90746168,1005.91038991,0.02697317,926.18379389,0.01998454,0.01998454,31491,96,0
6346.31357175,6346.31402336,1012.53330709,1012.51845506,0.05974136,926.39964565,0.01998454,0.01998454,31490,96,0
6346.51525300,6346.51557907,1019.16412093,1019.15339006,0.04298190,926.61557134,0.01998454,0.01998454,31489,96,0
6346.71641526,6346.71714758,1025.80011818,1025.77600028,0.06384837,926.83029279,0.01998454,0.01998454,31488,96,0
6346.91867982,6346.91872889,1032.44151485,1032.43989758,0.04941045,927.04554298,0.01998454,0.01998454,31487,96,0
6347.12061069,6347.12032301,1039.08847559,1039.09796476,0.02415722,927.25979352,0.01998454,0.01998454,31486,96,0
6347.32128956,6347.32192993,1045.74093938,1045.71980099,0.06823073,927.47207382,0.01998454,0.01998454,31485,96,0
6347.52383327,6347.52354967,1052.39878365,1052.40815200,0.04484553,927.68567217,0.01998454,0.01998454,31484,96,0
6347.72546081,6347.72518221,1059.06188526,1059.07109500,0.03460321,927.89764542,0.01998454,0.01998454,31483,96,0
6347.92742232,6347.92682756,1065.73012044,1065.74979544,0.05197054,928.10930499,0.01998455,0.01998454,31482,96,0
6348.13010659,6348.12848572,1072.40338067,1072.45703701,0.05796473,928.32104791,0.01998455,0.01998454,31481,96,0
6348.32950858,6348.33015669,1079.08167137,1079.06020167,0.03955834,928.52870134,0.01998454,0.01998454,31480,96,0
6348.53171053,6348.53184048,1085.76504829,1085.76074042,0.06850474,928.73860167,0.01998454,0.01998454,31479,96,0
6348.73329877,6348.73353708,1092.45356767,1092.44566211,0.04886149,928.94719443,0.01998454,0.01998454,31478,96,0
6348.93589035,6348.93524650,1099.14728598,1099.16865986,0.06050966,929.15615090,0.01998455,0.01998454,31477,96,0
6349.13710077,6349.13696873,1105.84626757,1105.85065395,0.02647100,929.36301377,0.01998454,0.01998454,31476,96,0
6349.33851810,6349.33870379,1112.55066694,1112.54449353,0.04590772,929.56942454,0.01998454,0.01998454,31475,96,0
6349.54064025,6349.54045166,1119.26069810,1119.26697300,0.05821333,929.77589365,0.01998454,0.01998454,31474,96,0
6349.74224369,6349.74221235,1125.97657713,1125.97762072,0.02681928,929.98117500,0.01998454,0.01998454,31473,96,0
6349.94386831,6349.94398587,1132.69852108,1132.69460293,0.05951044,930.18582534,0.01998454,0.01998454,31472,96,0
6350.14620386,6350.14577221,1139.42673368,1139.44113284,0.04985584,930.39054531,0.01998454,0.01998454,31471,96,0
6350.34726573,6350.34757137,1146.16113903,1146.15093522,0.06481677,930.59332516,0.01998454,0.01998454,31470,96,0
6350.54926812,6350.54938336,1152.90140643,1152.89755613,0.02295833,930.79638756,0.01998454,0.01998454,31469,96,0
6350.75205208,6350.75120817,1159.64719432,1159.67541112,0.04536089,930.99955185,0.01998455,0.01998454,31468,96,0
6350.95378102,6350.95304582,1166.39815945,1166.42275850,0.04520931,931.20096721,0.01998455,0.01998454,31467,96,0
6351.15545283,6351.15489629,1173.15396670,1173.17259963,0.06468135,931.40162397,0.01998455,0.01998454,31466,96,0
6351.35667251,6351.35675959,1179.91459331,1179.91167588,0.01374492,931.60112954,0.01998454,0.01998454,31465,96,0
6351.55870079,6351.55863572,1186.68038869,1186.68257023,0.04581712,931.80074066,0.01998454,0.01998454,31464,96,0
6351.75984894,6351.76052469,1193.45172558,1193.42905198,0.04034794,931.99879826,0.01998454,0.01998454,31463,96,0
6351.96257640,6351.96242649,1200.22897855,1200.23401271,0.05778158,932.19772948,0.01998454,0.01998454,31462,96,0
6352.16487540,6352.16434113,1207.01251947,1207.03047676,0.03098665,932.39556711,0.01998454,0.01998454,31461,96,0
6352.36612915,6352.36626860,1213.80248389,1213.79779259,0.06408179,932.59171703,0.01998454,0.01998454,31460,96,0
6352.56839957,6352.56820892,1220.59865828,1220.60507725,0.04837022,932.78818060,0.01998454,0.01998454,31459,96,0
6352.77001704,6352.77016207,1227.40080009,1227.39591337,0.04268308,932.98332519,0.01998454,0.01998454,31458,96,0
6352.97248518,6352.97212806,1234.20866554,1234.22070790,0.06110470,933.17859607,0.01998454,0.01998454,31457,96,0
6353.17386528,6353.17410689,1241.02201127,1241.01385827,0.06920749,933.37211579,0.01998454,0.01998454,31456,96,0
6353.37615708,6353.37609856,1247.84072603,1247.84270224,0.02779683,933.56580191,0.01998454,0.01998454,31455,96,0
6353.57830046,6353.57810308,1254.66492795,1254.67159817,0.04417817,933.75863683,0.01998454,0.01998454,31454,96,0
6353.77977877,6353.78012045,1261.49475855,1261.48320267,0.03646947,933.95013406,0.01998454,0.01998454,31453,96,0
6353.98217604,6353.98215066,1268.33036000,1268.33121927,0.04548065,934.14179981,0.01998454,0.01998454,31452,96,0
6354.18434896,6354.18419372,1275.17187470,1275.17713370,0.06037414,934.33254971,0.01998454,0.01998454,31451,96,0
6354.38674760,6354.38624962,1282.01938610,1282.03626907,0.06528161,934.52280863,0.01998455,0.01998454,31450,96,0
6354.58810661,6354.58831838,1288.87286392,1288.86567860,0.03071019,934.71138843,0.01998454,0.01998454,31449,96,0
6354.78995342,6354.79039999,1295.73226482,1295.71710045,0.06434756,934.89971920,0.01998454,0.01998454,31448,96,0
6354.99255709,6354.99249445,1302.59754523,1302.59967395,0.04256953,935.08804217,0.01998454,0.01998454,31447,96,0
6355.19482097,6355.19460176,1309.46866130,1309.47611676,0.03960462,935.27533253,0.01998455,0.01998454,31446,96,0
6355.39705634,6355.39672193,1316.34556465,1316.35694669,0.04721901,935.46187707,0.01998455,0.01998454,31445,96,0
6355.59928815,6355.59885496,1323.22819806,1323.24295390,0.05252563,935.64769542,0.01998455,0.01998455,31444,96,0
6355.80163824,6355.80100084,1330.11650296,1330.13823101,0.06074989,935.83289530,0.01998455,0.01998455,31443,96,0
6356.00384109,6356.00315959,1337.01042047,1337.03366949,0.01426754,936.01723030,0.01998455,0.01998455,31442,96,0
6356.20530664,6356.20533119,1343.90989202,1343.90905391,0.06285761,936.20016377,0.01998454,0.01998455,31441,96,0
6356.40740570,6356.40751565,1350.81494428,1350.81118784,0.05740976,936.38293975,0.01998454,0.01998455,31440,96,0
6356.60982610,6356.60971298,1357.72577354,1357.72964158,0.04861080,936.56527392,0.01998455,0.01998455,31439,96,0
6356.81177808,6356.81192317,1364.64259707,1364.63763206,0.03775747,936.74645931,0.01998454,0.01998455,31438,96,0
6357.01394338,6357.01414622,1371.56563328,1371.55868617,0.03993702,936.92711252,0.01998454,0.01998455,31437,96,0
6357.21648982,6357.21638214,1378.49510037,1378.49879156,0.04466912,937.10738374,0.01998455,0.01998455,31436,96,0
6357.41922288,6357.41863093,1385.43108750,1385.45139689,0.03552018,937.28709682,0.01998455,0.01998455,31435,96,0
6357.62075270,6357.62089258,1392.37344363,1392.36864039,0.04165554,937.46501895,0.01998454,0.01998455,31434,96,0
6357.82249467,6357.82316711,1399.32199092,1399.29888202,0.04863076,937.64239831,0.01998454,0.01998455,31433,96,0
6358.02614751,6358.02545450,1406.27655058,1406.30038521,0.04383306,937.82071008,0.01998455,0.01998455,31432,96,0
6358.22792410,6358.22775477,1413.23694395,1413.24277205,0.04486303,937.99663154,0.01998455,0.01998455,31431,96,0
6358.43061039,6358.43006791,1420.20306463,1420.22175063,0.05559951,938.17259227,0.01998455,0.01998455,31430,96,0
6358.63219227,6358.63239393,1427.17492478,1427.16797306,0.05270247,938.34684309,0.01998454,0.01998455,31429,96,0
6358.83473117,6358.83473282,1434.15254755,1434.15249056,0.05646099,938.52116530,0.01998455,0.01998455,31428,96,0
6359.03754910,6359.03708459,1441.13595620,1441.15199308,0.05453571,938.69496695,0.01998455,0.01998455,31427,96,0
6359.23937540,6359.23944924,1448.12517723,1448.12262591,0.06065008,938.86716177,0.01998454,0.01998455,31426,96,0
6359.44165799,6359.44182677,1455.12037192,1455.11453585,0.05519238,939.03898998,0.01998454,0.01998455,31425,96,0
6359.64447647,6359.64421717,1462.12188503,1462.13085914,0.05810257,939.21051991,0.01998455,0.01998455,31424,96,0
6359.84671372,6359.84662046,1469.13007609,1469.13330655,0.05937283,939.38081347,0.01998455,0.01998455,31423,96,0
6360.04968876,6360.04903664,1476.14530656,1476.16791847,0.04468700,939.55098682,0.01998455,0.01998455,31422,96,0
6360.25133647,6360.25146570,1483.16792336,1483.16343814,0.04710698,939.71931753,0.01998454,0.01998455,31421,96,0
6360.45418437,6360.45390764,1490.19784622,1490.20746030,0.05224237,939.88791157,0.01998455,0.01998455,31420,96,0
6360.65612349,6360.65636247,1497.23453476,1497.22622502,0.04423911,940.05499905,0.01998454,0.01998455,31419,96,0
6360.85905549,6360.85883019,1504.27742314,1504.28526330,0.04208568,940.22213713,0.01998455,0.01998455,31418,96,0
6361.06160308,6361.06131080,1511.32594248,1511.33612051,0.02908593,940.38817232,0.01998455,0.01998455,31417,96,0
6361.26341614,6361.26380429,1518.37955708,1518.36603195,0.04336867,940.55280969,0.01998454,0.01998455,31416,96,0
6361.46631789,6361.46631069,1525.43830515,1525.43855646,0.03143390,940.71753356,0.01998455,0.01998455,31415,96,0
6361.66907831,6361.66882997,1532.50268719,1532.51135335,0.04330397,940.88134951,0.01998455,0.01998455,31414,96,0
6361.87151854,6361.87136215,1539.57321936,1539.57868155,0.03937292,941.04412557,0.01998455,0.01998455,31413,96,0
6362.07337173,6362.07390722,1546.65042058,1546.63170134,0.03744512,941.20566198,0.01998454,0.01998455,31412,96,0
6362.27638835,6362.27646519,1553.73476323,1553.73207446,0.04299168,941.36736458,0.01998455,0.01998455,31411,96,0
6362.47861104,6362.47903606,1560.82624259,1560.81135703,0.05476498,941.52766956,0.01998454,0.01998455,31410,96,0
6362.68142280,6362.68161983,1567.92458397,1567.91767736,0.07057542,941.68766560,0.01998455,0.01998455,31409,96,0
6362.88476817,6362.88421649,1575.02950813,1575.04886307,0.05837081,941.84729367,0.01998455,0.01998455,31408,96,0
6363.08679813,6363.08682606,1582.14073430,1582.13975369,0.04076265,942.00509821,0.01998455,0.01998455,31407,96,0
6363.28947808,6363.28944854,1589.25803389,1589.25907224,0.04284800,942.16261093,0.01998455,0.01998455,31406,96,0
6363.49187830,6363.49208391,1596.38149421,1596.37426304,0.03100483,942.31910682,0.01998455,0.01998455,31405,96,0
6363.69444978,6363.69473219,1603.51131904,1603.50137867,0.03792134,942.47493743,0.01998455,0.01998455,31404,96,0
6363.89737826,6363.89739338,1610.64771347,1610.64718058,0.04288431,942.63024461,0.01998455,0.01998455,31403,96,0
6364.10026605,6364.10006748,1617.79088366,1617.79788529,0.04806234,942.78472418,0.01998455,0.01998455,31402,96,0
6364.30316151,6364.30275448,1624.94097407,1624.95533882,0.06595936,942.93841374,0.01998455,0.01998455,31401,96,0
6364.50563245,6364.50545440,1632.09791147,1632.10420091,0.04557156,943.09098426,0.01998455,0.01998455,31400,96,0
6364.70826314,6364.70816723,1639.26157473,1639.26496563,0.04358120,943.24287247,0.01998455,0.01998455,31399,96,0
6364.91115400,6364.91089297,1646.43184201,1646.44107831,0.02972696,943.39414610,0.01998455,0.01998455,31398,96,0
6365.11362532,6365.11363162,1653.60859154,1653.60836833,0.03824089,943.54429437,0.01998455,0.01998455,31397,96,0
6365.31584497,6365.31638319,1660.79179433,1660.77271765,0.04673392,943.69344279,0.01998454,0.01998455,31396,96,0
6365.51867012,6365.51914768,1667.98160612,1667.96466505,0.06320946,943.84222229,0.01998454,0.01998455,31395,96,0
6365.72237500,6365.72192508,1675.17820524,1675.19418002,0.04941990,943.99082625,0.01998455,0.01998455,31394,96,0
6365.92438754,6365.92471541,1682.38177097,1682.37011902,0.03868054,944.13738436,0.01998455,0.01998455,31393,96,0
6366.12695236,6366.12751865,1689.59247761,1689.57233377,0.03119939,944.28353287,0.01998454,0.01998455,31392,96,0
6366.33003818,6366.33033481,1696.81033412,1696.79977271,0.05109964,944.42924027,0.01998455,0.01998455,31391,96,0
6366.53292570,6366.53316390,1704.03516569,1704.02667723,0.05819436,944.57398238,0.01998455,0.01998455,31390,96,0
6366.73627795,6366.73600591,1711.26678697,1711.27648972,0.04396584,944.71822426,0.01998455,0.01998455,31389,96,0
6366.93874972,6366.93886085,1718.50501155,1718.50104478,0.02587056,944.86100810,0.01998455,0.01998455,31388,96,0
6367.14098232,6367.14172871,1725.74967335,1725.72300772,0.03961119,945.00278736,0.01998454,0.01998455,31387,96,0
6367.34463759,6367.34460950,1733.00082558,1733.00182989,0.06364615,945.14471840,0.01998455,0.01998455,31386,96,0
6367.54744468,6367.54750322,1740.25865136,1740.25655655,0.04135495,945.28521615,0.01998455,0.01998455,31385,96,0
6367.75068536,6367.75040987,1747.52333645,1747.53320414,0.02903642,945.42517223,0.01998455,0.01998455,31384,96,0
6367.95347225,6367.95332945,1754.79506771,1754.80018755,0.04705811,945.56397669,0.01998455,0.01998455,31383,96,0
6368.15662159,6368.15626196,1762.07399802,1762.08690342,0.04788515,945.70218901,0.01998455,0.01998455,31382,96,0
6368.35936332,6368.35920741,1769.36012423,1769.36572425,0.03837490,945.83928282,0.01998455,0.01998455,31381,96,0
6368.56181933,6368.56216579,1776.65339915,1776.64094341,0.03948955,945.97534125,0.01998455,0.01998455,31380,96,0
6368.76523032,6368.76513711,1783.95377530,1783.95712934,0.05456624,946.11119036,0.01998455,0.01998455,31379,96,0
6368.96858474,6368.96812137,1791.26120490,1791.27789378,0.04255582,946.24614535,0.01998455,0.01998455,31378,96,0
6369.17128697,6369.17111856,1798.57564282,1798.58171359,0.03582947,946.37981192,0.01998455,0.01998455,31377,96,0
6369.37392861,6369.37412869,1805.89704939,1805.88983038,0.05729783,946.51258136,0.01998455,0.01998455,31376,96,0
6369.57739603,6369.57715177,1813.22538536,1813.23420610,0.04571702,946.64502619,0.01998455,0.01998455,31375,96,0
6369.78038722,6369.78018779,1820.56061122,1820.56781923,0.03966001,946.77629331,0.01998455,0.01998455,31374,96,0
6369.98366828,6369.98323675,1827.90269153,1827.91830210,0.06226913,946.90687611,0.01998455,0.01998455,31373,96,0
6370.18632660,6370.18629866,1835.25167053,1835.25268234,0.04390577,947.03618865,0.01998455,0.01998455,31372,96,0
6370.38909864,6370.38937351,1842.60766333,1842.59770236,0.03317078,947.16470354,0.01998455,0.01998455,31371,96,0
6370.59218035,6370.59246131,1849.97078812,1849.96059706,0.05791402,947.29254162,0.01998455,0.01998455,31370,96,0
6370.79561494,6370.79556206,1857.34116379,1857.34308377,0.02758640,947.41972513,0.01998455,0.01998455,31369,96,0
6370.99851228,6370.99867576,1864.71891082,1864.71297001,0.03442450,947.54569806,0.01998455,0.01998455,31368,96,0
6371.20143198,6371.20180241,1872.10415608,1872.09068161,0.06113881,947.67081051,0.01998455,0.01998455,31367,96,0
6371.40468008,6371.40494201,1879.49702920,1879.48749202,0.03392765,947.79524819,0.01998455,0.01998455,31366,96,0
6371.60753552,6371.60809456,1886.89766058,1886.87728504,0.05250900,947.91856931,0.01998455,0.01998455,31365,96,0
6371.81155033,6371.81126008,1894.30618053,1894.31677017,0.03775465,948.04171155,0.01998455,0.01998455,31364,96,0
6372.01409303,6372.01443854,1901.72257900,1901.70996092,0.03901611,948.16308541,0.01998455,0.01998455,31363,96,0
6372.21780141,6372.21762997,1909.14654680,1909.15281357,0.05161046,948.28426550,0.01998455,0.01998455,31362,96,0
6372.42132917,6372.42083435,1916.57773472,1916.59583813,0.03334750,948.40443592,0.01998455,0.01998455,31361,96,0
6372.62385930,6372.62405169,1924.01579144,1924.00874671,0.06372412,948.52311373,0.01998455,0.01998455,31360,96,0
6372.82726641,6372.82728200,1931.46039119,1931.45981994,0.03238389,948.64139046,0.01998455,0.01998455,31359,96,0
6373.03007776,6373.03052526,1938.91164378,1938.89523039,0.05009618,948.75840705,0.01998455,0.01998455,31358,96,0
6373.23400556,6373.23378149,1946.37000932,1946.37823526,0.02951386,948.87515250,0.01998455,0.01998455,31357,96,0
6373.43697561,6373.43705068,1953.83596044,1953.83320151,0.05134591,948.99044283,0.01998455,0.01998455,31356,96,0
6373.64053258,6373.64033284,1961.30997259,1961.31732024,0.03730476,949.10516224,0.01998455,0.01998455,31355,96,0
6373.84377632,6373.84362797,1968.79238102,1968.79784412,0.04717285,949.21880354,0.01998455,0.01998455,31354,96,0
6374.04762482,6374.04693607,1976.28290574,1976.30829403,0.03810296,949.33187055,0.01998455,0.01998455,31353,96,0
6374.25026213,6374.25025713,1983.78109854,1983.78128280,0.05802761,949.44335031,0.01998455,0.01998455,31352,96,0
6374.45401801,6374.45359117,1991.28650847,1991.30227059,0.02610315,949.55451552,0.01998455,0.01998455,31351,96,0
6374.65681605,6374.65693818,1998.79868846,1998.79417500,0.05052922,949.66422295,0.01998455,0.01998455,31350,96,0
6374.86046465,6374.86029816,2006.31747232,2006.32363041,0.04745054,949.77344662,0.01998455,0.01998455,31349,96,0
6375.06376468,6375.06367112,2013.84307638,2013.84653992,0.05183210,949.88154044,0.01998455,0.01998455,31348,96,0
6375.26716542,6375.26705705,2021.37574542,2021.37976075,0.02858200,949.98874583,0.01998455,0.01998455,31347,96,0
6375.47029127,6375.47045596,2028.91572572,2028.90961796,0.05062600,950.09486676,0.01998455,0.01998455,31346,96,0
6375.67411704,6375.67386785,2036.46326733,2036.47251794,0.01754962,950.20041017,0.01998455,0.01998455,31345,96,0
6375.87712600,6375.87729271,2044.01863782,2044.01244267,0.05034597,950.30459219,0.01998455,0.01998455,31344,96,0
6376.08035056,6376.08073056,2051.58211323,2051.56797794,0.02737946,950.40794751,0.01998455,0.01998455,31343,96,0
6376.28408874,6376.28418139,2059.15397129,2059.15052110,0.05215315,950.51062319,0.01998455,0.01998455,31342,96,0
6376.48778878,6376.48764521,2066.73448986,2066.73984177,0.05606393,950.61233826,0.01998455,0.01998455,31341,96,0
6376.69166896,6376.69112201,2074.32378722,2074.34419856,0.03746609,950.71319885,0.01998455,0.01998455,31340,96,0
6376.89451668,6376.89461179,2081.92168512,2081.91813206,0.05226544,950.81260520,0.01998455,0.01998455,31339,96,0
6377.09795629,6377.09811456,2089.52797215,2089.52205350,0.02489153,950.91135027,0.01998455,0.01998455,31338,96,0
6377.30152878,6377.30163032,2097.14243555,2097.13863423,0.04616297,951.00920014,0.01998455,0.01998455,31337,96,0
6377.50503740,6377.50515907,2104.76487413,2104.76031516,0.05094556,951.10605397,0.01998455,0.01998455,31336,96,0
6377.70893034,6377.70870082,2112.39520057,2112.40380915,0.03297427,951.20211851,0.01998455,0.01998455,31335,96,0
6377.91242377,6377.91225555,2120.03338740,2120.03970295,0.04512196,951.29702109,0.01998455,0.01998455,31334,96,0
6378.11605780,6378.11582327,2127.67940747,2127.68822064,0.05480965,951.39101201,0.01998455,0.01998455,31333,96,0
6378.31942003,6378.31940399,2135.33323398,2135.33383724,0.03753536,951.48389843,0.01998455,0.01998455,31332,96,0
6378.52260874,6378.52299771,2142.99491407,2142.98026906,0.05504159,951.57572592,0.01998455,0.01998455,31331,96,0
6378.72676652,6378.72660442,2150.66464372,2150.67075299,0.03236791,951.66700428,0.01998455,0.01998455,31330,96,0
6378.92994718,6378.93022414,2158.34263788,2158.33218904,0.06351449,951.75686272,0.01998455,0.01998455,31329,96,0
6379.13368526,6379.13385685,2166.02911281,2166.02263254,0.04621769,951.84598215,0.01998455,0.01998455,31328,96,0
6379.33738394,6379.33750256,2173.72426187,2173.71977718,0.04944426,951.93409653,0.01998455,0.01998455,31327,96,0
6379.54181342,6379.54116127,2181.42807212,2181.45275386,0.02905778,952.02153034,0.01998455,0.01998455,31326,96,0
6379.74418994,6379.74483299,2189.14042526,2189.11606237,0.04358932,952.10709786,0.01998455,0.01998455,31325,96,0
6379.94840205,6379.94851771,2196.86120136,2196.85681471,0.04493185,952.19244005,0.01998455,0.01998455,31324,96,0
6380.15201468,6380.15221544,2204.59027961,2204.58265800,0.02048931,952.27652549,0.01998455,0.01998455,31323,96,0
6380.35565987,6380.35592618,2212.32753155,2212.31741201,0.05742263,952.35961467,0.01998455,0.01998455,31322,96,0
6380.55996879,6380.55964992,2220.07281612,2220.08494486,0.04501410,952.44195513,0.01998455,0.01998455,31321,96,0
6380.76350420,6380.76338667,2227.82599014,2227.83046495,0.04549523,952.52296374,0.01998455,0.01998455,31320,96,0
6380.96689783,6380.96713644,2235.58690947,2235.57781658,0.02308474,952.60289414,0.01998455,0.01998455,31319,96,0
6381.17030023,6381.17089921,2243.35547758,2243.33263048,0.05579445,952.68180245,0.01998455,0.01998455,31318,96,0
6381.37501292,6381.37467500,2251.13190137,2251.14480340,0.04500917,952.76018253,0.01998455,0.01998455,31317,96,0
6381.57841679,6381.57846380,2258.91650638,2258.91470950,0.04840976,952.83703161,0.01998455,0.01998455,31316,96,0
6381.78226838,6381.78226562,2266.70962054,2266.70972614,0.05457552,952.91301974,0.01998455,0.01998455,31315,96,0
6381.98611024,6381.98608046,2274.51156858,2274.51270934,0.03219901,952.98797269,0.01998455,0.01998455,31314,96,0
6382.18972188,6382.18990831,2282.32250782,2282.31535955,0.04732093,953.06180910,0.01998455,0.01998455,31313,96,0
6382.39337819,6382.39374918,2290.14239467,2290.12815480,0.04198770,953.13462600,0.01998455,0.01998455,31312,96,0
6382.59784573,6382.59760308,2297.97117346,2297.98049728,0.03880173,953.20668673,0.01998455,0.01998455,31311,96,0
6382.80186438,6382.80146999,2305.80878813,2305.82395822,0.04281931,953.27754026,0.01998455,0.01998455,31310,96,0
6383.00504008,6383.00534993,2313.65515870,2313.64322784,0.04980787,953.34705537,0.01998455,0.01998455,31309,96,0
6383.20892896,6383.20924290,2321.51012009,2321.49801944,0.02899792,953.41576048,0.01998455,0.01998455,31308,96,0
6383.41305484,6383.41314889,2329.37348707,2329.36985852,0.05252686,953.48348265,0.01998455,0.01998455,31307,96,0
6383.61655682,6383.61706790,2337.24507313,2337.22533518,0.05046633,953.54993427,0.01998455,0.01998455,31306,96,0
6383.82077742,6383.82099995,2345.12472228,2345.11612007,0.04148158,953.61554833,0.01998455,0.01998455,31305,96,0
6384.02531050,6384.02494502,2353.01265833,2353.02680095,0.04225972,953.68018471,0.01998455,0.01998455,31304,96,0
6384.22888621,6384.22890313,2360.90935785,2360.90870254,0.04485280,953.74344759,0.01998455,0.01998455,31303,96,0
6384.43254999,6384.43287427,2368.81530497,2368.80272885,0.04520086,953.80566886,0.01998455,0.01998455,31302,96,0
6384.63692811,6384.63685844,2376.73098310,2376.73368830,0.05263916,953.86703341,0.01998455,0.01998455,31301,96,0
6384.84068200,6384.84085564,2384.65657897,2384.64982871,0.04408020,953.92713599,0.01998455,0.01998455,31300,96,0
6385.04536771,6385.04486588,2392.59177598,2392.61130615,0.05617568,953.98642665,0.01998455,0.01998455,31299,96,0
6385.24873588,6385.24888916,2400.53620694,2400.53023523,0.06052733,954.04425026,0.01998455,0.01998455,31298,96,0
6385.45336110,6385.45292547,2408.48950212,2408.50649125,0.06113900,954.10133286,0.01998455,0.01998455,31297,96,0
6385.65695506,6385.65697483,2416.45136456,2416.45059298,0.02993020,954.15702856,0.01998455,0.01998455,31296,96,0
6385.86043588,6385.86103722,2424.42182640,2424.39832667,0.05881170,954.21159444,0.01998455,0.01998455,31295,96,0
6386.06470295,6386.06511266,2432.40101088,2432.38498323,0.05471999,954.26526348,0.01998455,0.01998455,31294,96,0
6386.26874823,6386.26920114,2440.38904210,2440.37130587,0.05380319,954.31776341,0.01998455,0.01998455,31293,96,0
6386.47349383,6386.47330267,2448.38605598,2448.39355006,0.05313656,954.36932472,0.01998455,0.01998455,31292,96,0
6386.67706779,6386.67741724,2456.39232289,2456.37860810,0.05526044,954.41947779,0.01998455,0.01998455,31291,96,0
6386.88085223,6386.88154486,2464.40820377,2464.38098922,0.04515141,954.46856930,0.01998455,0.01998455,31290,96,0
6387.08560853,6387.08568552,2472.43406364,2472.43103491,0.05840803,954.51677107,0.01998455,0.01998455,31289,96,0
6387.29017885,6387.28983924,2480.47026206,2480.48363847,0.02067314,954.56380191,0.01998455,0.01998455,31288,96,0
6387.49378256,6387.49400601,2488.51677611,2488.50796469,0.05833297,954.60948738,0.01998455,0.01998455,31287,96,0
6387.69823591,6387.69818582,2496.57303224,2496.57500950,0.05140780,954.65422845,0.01998455,0.01998455,31286,96,0
6387.90285863,6387.90237870,2504.63841057,2504.65737722,0.04526792,954.69786032,0.01998455,0.01998455,31285,96,0
6388.10654461,6388.10658462,2512.71228696,2512.71070441,0.04389416,954.74014651,0.01998455,0.01998455,31284,96,0
6388.31114193,6388.31080360,2520.79427853,2520.80767431,0.04089370,954.78146539,0.01998455,0.01998455,31283,96,0
6388.51497946,6388.51503564,2528.88474408,2528.88251741,0.03417253,954.82147654,0.01998455,0.01998455,31282,96,0
6388.71943497,6388.71928074,2536.98418541,2536.99030491,0.03822139,954.86045039,0.01998455,0.01998455,31281,96,0
6388.92324610,6388.92353890,2545.09310783,2545.08147752,0.02708063,954.89814506,0.01998455,0.01998455,31280,96,0
6389.12773825,6389.12781011,2553.21195153,2553.20909365,0.04529109,954.93480329,0.01998455,0.01998455,31279,96,0
6389.33175297,6389.33209439,2561.34071835,2561.32712506,0.04816681,954.97021146,0.01998455,0.01998455,31278,96,0
6389.53586055,6389.53639173,2569.47923542,2569.45806298,0.04962466,955.00446690,0.01998455,0.01998455,31277,96,0
6389.74075901,6389.74070214,2577.62732816,2577.62959736,0.05614014,955.03767426,0.01998455,0.01998455,31276,96,0
6389.94501092,6389.94502561,2585.78483328,2585.78424624,0.04290079,955.06959461,0.01998455,0.01998455,31275,96,0
6390.14897116,6390.14936215,2593.95176273,2593.93612675,0.03801334,955.10028759,0.01998455,0.01998455,31274,96,0
6390.35349867,6390.35371176,2602.12825884,2602.11972775,0.04549096,955.12987651,0.01998455,0.01998455,31273,96,0
6390.55784667,6390.55807444,2610.31446793,2610.30533903,0.04755793,955.15824635,0.01998455,0.01998455,31272,96,0
6390.76287383,6390.76245019,2618.51053755,2618.52753656,0.05670461,955.18550823,0.01998455,0.01998455,31271,96,0
6390.96728090,6390.96683901,2626.71662362,2626.73437584,0.04044239,955.21148508,0.01998455,0.01998455,31270,96,0
6391.17156186,6391.17124090,2634.93289252,2634.94580181,0.04110134,955.23624244,0.01998455,0.01998455,31269,96,0
6391.37587972,6391.37565587,2643.15951237,2643.16852662,0.04462480,955.25979691,0.01998455,0.01998455,31268,96,0
6391.58036647,6391.58008391,2651.39665191,2651.40804400,0.05219204,955.28215785,0.01998455,0.01998455,31267,96,0
6391.78482240,6391.78452503,2659.64438803,2659.65639172,0.04849448,955.30329782,0.01998455,0.01998455,31266,96,0
6391.98855548,6391.98897923,2667.90260393,2667.88547768,0.03350166,955.32314714,0.01998455,0.01998455,31265,96,0
6392.19351104,6392.19344651,2676.17115755,2676.17376848,0.03633753,955.34188598,0.01998455,0.01998455,31264,96,0
6392.39840916,6392.39792687,2684.44990573,2684.46944342,0.05701705,955.35938201,0.01998455,0.01998455,31263,96,0
6392.60238109,6392.60242031,2692.73876857,2692.73717771,0.04357774,955.37556537,0.01998455,0.01998455,31262,96,0
6392.80723745,6392.80692684,2701.03788105,2701.05049352,0.03552908,955.39057590,0.01998455,0.01998455,31261,96,0
6393.01118034,6393.01144645,2709.34742420,2709.33660572,0.04015658,955.40427797,0.01998455,0.01998455,31260,96,0
6393.21536319,6393.21597914,2717.66758034,2717.64250870,0.06045076,955.41675092,0.01998455,0.01998455,31259,96,0
6393.42003351,6393.42052492,2725.99846979,2725.97844285,0.03463142,955.42799872,0.01998455,0.01998455,31258,96,0
6393.62502833,6393.62508379,2734.33988785,2734.33762468,0.05550200,955.43799998,0.01998455,0.01998455,31257,96,0
6393.82983896,6393.82965575,2742.69152366,2742.69900720,0.05348167,955.44672363,0.01998455,0.01998455,31256,96,0
6394.03423519,6394.03424081,2751.05306393,2751.05283413,0.04395577,955.45416068,0.01998455,0.01998455,31255,96,0
6394.23902464,6394.23883895,2759.42425662,2759.43185832,0.05170508,955.46033617,0.01998455,0.01998455,31254,96,0
6394.44339299,6394.44345018,2767.80532683,2767.80298288,0.04576806,955.46522171,0.01998455,0.01998455,31253,96,0
6394.64714053,6394.64807452,2776.19671947,2776.15839514,0.04223650,955.46881810,0.01998455,0.01998455,31252,96,0
6394.85227788,6394.85271194,2784.59888390,2784.58105060,0.05449235,955.47114914,0.01998455,0.01998455,31251,96,0
6395.05737122,6395.05736247,2793.01224148,2793.01260152,0.03420883,955.47218105,0.01998455,0.01998455,31250,96,0
6395.26219982,6395.26202609,2801.43688601,2801.44404187,0.05322903,955.47191064,0.01998455,0.01998455,31249,96,0
6395.46706454,6395.46670281,2809.87271343,2809.88763177,0.02984551,955.47033469,0.01998456,0.01998455,31248,96,0
6395.67093894,6395.67139263,2818.31961613,2818.30088203,0.04945121,955.46746528,0.01998455,0.01998455,31247,96,0
6395.87557807,6395.87609556,2826.77748925,2826.75609485,0.05269133,955.46327502,0.01998455,0.01998455,31246,96,0
6396.08055796,6396.08081159,2835.24627853,2835.23577993,0.03224047,955.45775708,0.01998455,0.01998455,31245,96,0
6396.28561751,6396.28554072,2843.72596742,2843.72914996,0.04837548,955.45090955,0.01998455,0.01998455,31244,96,0
6396.49067338,6396.49028296,2852.21654007,2852.23274067,0.06139000,955.44272959,0.01998456,0.01998455,31243,96,0
6396.69582284,6396.69503831,2860.71797679,2860.75057040,0.03459335,955.43320757,0.01998456,0.01998455,31242,96,0
6396.89984887,6396.89980676,2869.23019193,2869.23194359,0.05965770,955.42240529,0.01998456,0.01998455,31241,96,0
6397.10444374,6397.10458833,2877.75304228,2877.74702116,0.04483253,955.41023398,0.01998455,0.01998455,31240,96,0
6397.30874792,6397.30938300,2886.28638157,2886.25990398,0.03566417,955.39673753,0.01998455,0.01998455,31239,96,0
6397.51359065,6397.51419079,2894.83007639,2894.80502695,0.05516913,955.38185426,0.01998455,0.01998455,31238,96,0
6397.71867492,6397.71901169,2903.38428819,2903.37021470,0.04654040,955.36559304,0.01998455,0.01998455,31237,96,0
6397.92414221,6397.92384571,2911.94946153,2911.96186755,0.03052793,955.34793069,0.01998456,0.01998455,31236,96,0
6398.12823800,6398.12869284,2920.52605564,2920.50699994,0.05066304,955.32902192,0.01998455,0.01998455,31235,96,0
6398.33318854,6398.33355309,2929.11451648,2929.09922306,0.02901557,955.30865940,0.01998455,0.01998456,31234,96,0
6398.53784431,6398.53842645,2937.71491219,2937.69045834,0.04982104,955.28694614,0.01998455,0.01998456,31233,96,0
6398.74307239,6398.74331294,2946.32693279,2946.31681550,0.04695590,955.26378274,0.01998455,0.01998456,31232,96,0
6398.94801397,6398.94821255,2954.95024953,2954.94188715,0.02308453,955.23925888,0.01998455,0.01998456,31231,96,0
6399.15243511,6399.15312528,2963.58454705,2963.55544853,0.04655493,955.21340662,0.01998455,0.01998456,31230,96,0
6399.35824965,6399.35805113,2972.22986345,2972.23824349,0.05765393,955.18596982,0.01998456,0.01998456,31229,96,0
6399.56260261,6399.56299011,2980.88658589,2980.87020689,0.03873630,955.15732346,0.01998455,0.01998456,31228,96,0
6399.76819209,6399.76794222,2989.55511911,2989.56569472,0.04475394,955.12708493,0.01998456,0.01998456,31227,96,0
6399.97346011,6399.97290745,2998.23585724,2998.25927946,0.05208306,955.09546700,0.01998456,0.01998456,31226,96,0
6400.17796080,6400.17788581,3006.92892532,3006.93210752,0.03122492,955.06254358,0.01998456,0.01998456,31225,96,0
6400.38312522,6400.38287730,3015.63420051,3015.64473545,0.05437102,955.02808017,0.01998456,0.01998456,31224,96,0
6400.58746738,6400.58788193,3024.35154976,3024.33391059,0.04975986,954.99232301,0.01998455,0.01998456,31223,96,0
6400.79293467,6400.79289968,3033.08085043,3033.08234132,0.03257214,954.95492307,0.01998456,0.01998456,31222,96,0
6400.99835828,6400.99793057,3041.82216504,3041.84041232,0.05556922,954.91607586,0.01998456,0.01998456,31221,96,0
6401.20282390,6401.20297459,3050.57570688,3050.56926954,0.05259602,954.87595834,0.01998455,0.01998456,31220,96,0
6401.40823802,6401.40803175,3059.34169520,3059.35051924,0.04899725,954.83418982,0.01998456,0.01998456,31219,96,0
6401.61335987,6401.61310205,3068.12031466,3068.13135903,0.05138430,954.79100885,0.01998456,0.01998456,31218,96,0
6401.81857939,6401.81818548,3076.91130393,3076.92819985,0.02455657,954.74633087,0.01998456,0.01998456,31217,96,0
6402.02287769,6402.02328206,3085.71409820,3085.69673195,0.05053060,954.70038385,0.01998455,0.01998456,31216,96,0
6402.22804596,6402.22839178,3094.52812227,3094.51325306,0.05138495,954.65276314,0.01998456,0.01998456,31215,96,0
6402.43340053,6402.43351463,3103.35289127,3103.34797954,0.05186723,954.60361350,0.01998456,0.01998456,31214,96,0
6402.63821288,6402.63865064,3112.18877112,3112.16990363,0.04709608,954.55310605,0.01998455,0.01998456,31213,96,0
6402.84381900,6402.84379979,3121.03658253,3121.03741198,0.06211296,954.50089846,0.01998456,0.01998456,31212,96,0
6403.04860071,6403.04896208,3129.89715710,3129.88153903,0.03058452,954.44739129,0.01998455,0.01998456,31211,96,0
6403.25415239,6403.25413752,3138.77120299,3138.77184642,0.05095242,954.39215804,0.01998456,0.01998456,31210,96,0
6403.45955213,6403.45932611,3147.65861567,3147.66841229,0.04598629,954.33543386,0.01998456,0.01998456,31209,96,0
6403.66493169,6403.66452785,3156.55897266,3156.57650041,0.04168846,954.27718074,0.01998456,0.01998456,31208,96,0
6403.86971538,6403.86974274,3165.47184707,3165.47065775,0.03847776,954.21756565,0.01998456,0.01998456,31207,96,0
6404.07449088,6404.07497079,3174.39692975,3174.37604542,0.03893319,954.15642052,0.01998455,0.01998456,31206,96,0
6404.28062682,6404.28021199,3183.33441892,3183.35249534,0.04524518,954.09331423,0.01998456,0.01998456,31205,96,0
6404.48530615,6404.48546634,3192.28464831,3192.27765824,0.04792771,954.02910199,0.01998456,0.01998456,31204,96,0
6404.69855951,nan,0.00000000,3201.59488417,0.09147166,953.96050887,0.01998458,0.01998456,31203,96,1
6404.89383325,6404.89601452,0.00000000,3210.13378008,0.12739978,953.89624616,0.01998455,0.01998456,31202,96,1
6405.10098372,6405.10130835,3219.21417558,3219.19995091,0.04319401,953.82654998,0.01998456,0.01998456,31201,96,0
6405.30662547,6405.30661533,3228.21663039,3228.21707527,0.04580651,953.75573385,0.01998456,0.01998456,31200,96,0
6405.51202552,6405.51193548,3237.23163067,3237.23558677,0.04460587,953.68341346,0.01998456,0.01998456,31199,96,0
6405.71795227,6405.71726879,3246.25913698,3246.28920646,0.04695331,953.60930923,0.01998456,0.01998456,31198,96,0
6405.92224970,6405.92261527,3255.29948057,3255.28337562,0.04273713,953.53420110,0.01998456,0.01998456,31197,96,0
6406.12810413,6406.12797491,3264.35303007,3264.35873125,0.04100101,953.45690913,0.01998456,0.01998456,31196,96,0
6406.33357865,6406.33334771,3273.42014766,3273.43035077,0.04832258,953.37813719,0.01998456,0.01998456,31195,96,0
6406.53846084,6406.53873369,3282.50098609,3282.48891392,0.03681937,953.29797032,0.01998456,0.01998456,31194,96,0
6406.74420214,6406.74413283,3291.59549045,3291.59856159,0.04038015,953.21583129,0.01998456,0.01998456,31193,96,0
6406.94856837,6406.94954514,3300.70359646,3300.66025484,0.03555615,953.13261222,0.01998455,0.01998456,31192,96,0
6407.15508886,6407.15497063,3309.82524092,3309.83049469,0.05070692,953.04686055,0.01998456,0.01998456,31191,96,0
6407.35973461,6407.36040929,3318.96037692,3318.93035543,0.05643387,952.96023977,0.01998455,0.01998456,31190,96,0
6407.56534878,6407.56586112,3328.10896636,3328.08613650,0.05710233,952.87155119,0.01998456,0.01998456,31189,96,0
6407.77143410,6407.77132613,3337.27097081,3337.27578878,0.04769477,952.78098565,0.01998456,0.01998456,31188,96,0
6407.97699936,6407.97680431,3346.44641759,3346.45513357,0.04974698,952.68897248,0.01998456,0.01998456,31187,96,0
6408.18176863,6408.18229567,3355.63563182,3355.61204627,0.04515266,952.59564142,0.01998456,0.01998456,31186,96,0
6408.38823790,6408.38780022,3364.83902509,3364.85864110,0.04993193,952.49983260,0.01998456,0.01998456,31185,96,0
6408.59389828,6408.59331794,3374.05701129,3374.08306119,0.06707186,952.40268778,0.01998456,0.01998456,31184,96,0
6408.79796644,6408.79884884,3383.28978575,3383.25011698,0.03758254,952.30459768,0.01998455,0.01998456,31183,96,0
6409.00415496,6409.00439293,3392.53707615,3392.52636235,0.03847678,952.20376682,0.01998456,0.01998456,31182,96,0
6409.21065055,6409.20995020,3401.79854798,3401.83012557,0.06350992,952.10104800,0.01998456,0.01998456,31181,96,0
6409.41560620,6409.41552066,3411.07387440,3411.07773710,0.05067277,951.99737220,0.01998456,0.01998456,31180,96,0
6409.62109024,6409.62110430,3420.36297502,3420.36233929,0.03515621,951.89170000,0.01998456,0.01998456,31179,96,0
6409.82650560,6409.82670113,3429.66601854,3429.65716478,0.03199591,951.78432385,0.01998456,0.01998456,31178,96,0
6410.03238106,6410.03231115,3438.98318598,3438.98635621,0.04631916,951.67495332,0.01998456,0.01998456,31177,96,0
6410.23790189,6410.23793436,3448.31466394,3448.31318943,0.04318034,951.56401060,0.01998456,0.01998456,31176,96,0
6410.44313834,6410.44357076,3457.66067014,3457.64100195,0.03953381,951.45145624,0.01998456,0.01998456,31175,96,0
6410.64925532,6410.64922036,3467.02143748,3467.02303009,0.05620601,951.33663353,0.01998456,0.01998456,31174,96,0
6410.85519292,6410.85488315,3476.39720079,3476.41133330,0.03044367,951.22011344,0.01998456,0.01998456,31173,96,0
6411.06008999,6411.06055914,3485.78808871,3485.76665183,0.04638012,951.10239005,0.01998456,0.01998456,31172,96,0
6411.26631676,6411.26624832,3495.19392944,3495.19706138,0.05526838,950.98209233,0.01998456,0.01998456,31171,96,0
6411.47156200,6411.47195070,3504.61449735,3504.59668268,0.03707213,950.86055934,0.01998456,0.01998456,31170,96,0
6411.67721888,6411.67766628,3514.04956447,3514.02902961,0.05403989,950.73696924,0.01998456,0.01998456,31169,96,0
6411.88370340,6411.88339507,3523.49889754,3523.51306979,0.04005441,950.61105140,0.01998456,0.01998456,31168,96,0
6412.08859988,6412.08913705,3532.96225774,3532.93753283,0.05538909,950.48428507,0.01998456,0.01998456,31167,96,0
6412.29469331,6412.29489224,3542.43940367,3542.43023458,0.03549532,950.35494865,0.01998456,0.01998456,31166,96,0
6412.49992450,6412.50066063,3551.93023612,3551.89625918,0.05790781,950.22432438,0.01998456,0.01998456,31165,96,0
6412.70621862,6412.70644223,3561.43562843,3561.42529167,0.04387280,950.09116503,0.01998456,0.01998456,31164,96,0
6412.91253105,6412.91223703,3570.95686391,3570.97047852,0.05336694,949.95610441,0.01998456,0.01998456,31163,96,0
6413.11893884,6413.11804504,3580.49523501,3580.53669661,0.03871773,949.81906360,0.01998456,0.01998456,31162,96,0
6413.32366197,6413.32386627,3590.05125929,3590.04176621,0.04475024,949.68123031,0.01998456,0.01998456,31161,96,0
6413.53002161,6413.52970070,3599.62377185,3599.63870785,0.03196990,949.54037733,0.01998456,0.01998456,31160,96,0
6413.73608860,6413.73554834,3609.21137839,3609.23655921,0.05593569,949.39781509,0.01998456,0.01998456,31159,96,0
6413.94146830,6413.94140920,3618.81279702,3618.81555496,0.06140682,949.25384178,0.01998456,0.01998456,31158,96,0
6414.14698304,6414.14728328,3628.42847548,3628.41444172,0.03321026,949.10787464,0.01998456,0.01998456,31157,96,0
6414.35266201,6414.35317057,3638.06013686,3638.03632557,0.05144725,948.95985494,0.01998456,0.01998456,31156,96,0
6414.55832613,6414.55907108,3647.70954991,3647.67460554,0.04890087,948.80987361,0.01998456,0.01998456,31155,96,0
6414.76524826,6414.76498480,3657.37786255,3657.39024395,0.03888081,948.65695688,0.01998456,0.01998456,31154,96,0
6414.97079054,6414.97091175,3667.06402011,3667.05831415,0.04198805,948.50306289,0.01998456,0.01998456,31153,96,0
6415.17653867,6415.17685191,3676.76647753,3676.75170850,0.05006936,948.34703719,0.01998456,0.01998456,31152,96,0
6415.38369432,6415.38280530,3686.48373104,3686.52570591,0.05614146,948.18796144,0.01998456,0.01998456,31151,96,0
6415.58899802,6415.58877192,3696.21559724,3696.22628845,0.04275554,948.02834027,0.01998456,0.01998456,31150,96,0
6415.79409969,6415.79475175,3705.96324174,3705.93235857,0.03945632,947.86689347,0.01998456,0.01998456,31149,96,0
6416.00140185,6416.00074482,3715.72790165,3715.75907444,0.04856652,947.70167143,0.01998456,0.01998456,31148,96,0
6416.20662667,6416.20675111,3725.51051114,3725.50459676,0.03278269,947.53605702,0.01998456,0.01998456,31147,96,0
6416.41282267,6416.41277063,3735.31061186,3735.31308960,0.05026020,947.36760510,0.01998456,0.01998456,31146,96,0
6416.61858405,6416.61880338,3745.12735117,3745.11689258,0.03789013,947.19746178,0.01998456,0.01998456,31145,96,0
6416.82547214,6416.82484936,3754.95988806,3754.98962960,0.04061917,947.02433170,0.01998456,0.01998456,31144,96,0
6417.03083038,6417.03090858,3764.80796116,3764.80422129,0.04474805,946.85044029,0.01998456,0.01998456,31143,96,0
6417.23679056,6417.23698102,3774.67196845,3774.66284448,0.05686519,946.67398089,0.01998456,0.01998456,31142,96,0
6417.44276341,6417.44306671,3784.55234707,3784.53779435,0.05506737,946.49543281,0.01998456,0.01998456,31141,96,0
6417.65017938,6417.64916563,3794.44949413,3794.49821623,0.05558823,946.31351781,0.01998456,0.01998456,31140,96,0
6417.85456241,6417.85527778,3804.36361390,3804.32917554,0.05071544,946.13217329,0.01998456,0.01998456,31139,96,0
6418.06194951,6418.06140318,3814.29485809,3814.32120272,0.04205273,945.94603120,0.01998456,0.01998456,31138,96,0
6418.26678440,6418.26754182,3824.24337597,3824.20679155,0.05651821,945.76005983,0.01998456,0.01998456,31137,96,0
6418.47382504,6418.47369369,3834.20922763,3834.21558268,0.03660685,945.56993429,0.01998456,0.01998456,31136,96,0
6418.62888557,nan,0.00000000,3841.72850402,0.18846713,945.42600575,0.01998504,0.01998456,31136,96,1
6418.88644764,6418.88603718,3854.19280593,3854.21273147,0.04323995,945.18453672,0.01998456,0.01998456,31134,96,0
6419.09217460,6419.09222879,3864.21064401,3864.20800877,0.04230689,944.98913599,0.01998456,0.01998456,31133,96,0
6419.29878491,6419.29843365,3874.24666902,3874.26378076,0.04766780,944.79069238,0.01998456,0.01998456,31132,96,0
6419.50403402,6419.50465175,3884.30179518,3884.27164641,0.05471188,944.59134146,0.01998456,0.01998456,31131,96,0
6419.71155213,6419.71088311,3894.37685897,3894.40957439,0.05332635,944.38751512,0.01998456,0.01998456,31130,96,0
6419.91722282,6419.91712771,3904.47152071,3904.47618005,0.05434315,944.18324572,0.01998456,0.01998456,31129,96,0
6420.12351460,6420.12338557,3914.58458258,3914.59091453,0.04445248,943.97611571,0.01998456,0.01998456,31128,96,0
6420.32878189,6420.32965667,3924.71482018,3924.67182505,0.05568405,943.76779914,0.01998456,0.01998456,31127,96,0
6420.53667746,6420.53594104,3934.86190104,3934.89815642,0.04844715,943.55456050,0.01998456,0.01998456,31126,96,0
6420.74292165,6420.74223866,3945.02740019,3945.06108672,0.05183680,943.34073088,0.01998456,0.01998456,31125,96,0
6420.94899293,6420.94854953,3955.21315224,3955.23506577,0.05048596,943.12475843,0.01998456,0.01998456,31124,96,0
6421.15536124,6421.15487367,3965.42059178,3965.44473775,0.04995787,942.90610665,0.01998456,0.01998456,31123,96,0
6421.36188475,6421.36121106,3975.64839817,3975.68182141,0.03808757,942.68493486,0.01998456,0.01998456,31122,96,0
6421.56778611,6421.56756171,3985.89411304,3985.90526328,0.04397555,942.46212593,0.01998456,0.01998456,31121,96,0
6421.77402962,6421.77392563,3996.15534352,3996.16051788,0.04155750,942.23668388,0.01998456,0.01998456,31120,96,0
6421.97985905,6421.98030281,4006.43219412,4006.41007844,0.06588357,942.00942563,0.01998456,0.01998456,31119,96,0
6422.18674438,6422.18669325,4016.72748351,4016.73003647,0.05512538,941.77864542,0.01998456,0.01998456,31118,96,0
6422.39349915,6422.39309696,4027.04419361,4027.06431834,0.02842092,941.54557283,0.01998456,0.01998456,31117,96,0
6422.59918253,6422.59951393,4037.38410688,4037.36748870,0.04448283,941.31123716,0.01998456,0.01998456,31116,96,0
6422.80602736,6422.80594418,4047.74566951,4047.74984847,0.03518408,941.07311577,0.01998456,0.01998456,31115,96,0
6423.01231205,6423.01238769,4058.12674407,4058.12293694,0.06534179,940.83321724,0.01998456,0.01998456,31114,96,0
6423.21924394,6423.21884448,4068.52544689,4068.54558311,0.05838699,940.59016921,0.01998456,0.01998456,31113,96,0
6423.42500485,6423.42531454,4078.94187321,4078.92623633,0.05175833,940.34610421,0.01998456,0.01998456,31112,96,0
nan,nan,0.00000000,-1.00000000,0.00000000,940.08354673,nan,0.00000000,-2147483648,96,1
nan,nan,0.00000000,-1.00000000,0.00000000,934.30184497,nan,0.00000000,-2147483648,95,1
6380.56220370,6380.55964992,0.00000000,7.91402945,0.04114982,934.60504056,0.01998456,0.01998455,31321,95,1
6380.76658160,6380.76338667,0.00000000,13.91407184,0.06429671,934.91198587,0.01998456,0.01998455,31320,95,1
6380.96643210,6380.96713644,19.81265065,19.79195471,0.08241616,935.21203736,0.01998455,0.01998455,31319,95,0
6381.17052871,6381.17089921,25.80177775,25.79088458,0.07957540,935.51761034,0.01998455,0.01998455,31318,95,0
6381.37567590,6381.37467500,31.79494813,31.82439446,0.08790393,935.82427468,0.01998456,0.01998455,31317,95,0
6381.57920523,6381.57846380,37.79221165,37.81403769,0.08670323,936.12804476,0.01998455,0.01998455,31316,95,0
6381.78353823,6381.78226562,43.79352751,43.83101293,0.08251771,936.43253428,0.01998456,0.01998455,31315,95,0
6381.98892543,6381.98608046,0.00000000,49.87192800,0.09290699,936.73756306,0.01998456,0.01998455,31314,95,1
6382.18969458,6382.18990831,55.80776478,55.80146214,0.08572670,937.03631279,0.01998455,0.01998455,31313,95,0
6382.39455976,6382.39374918,61.82040228,61.84431784,0.07611963,937.34010447,0.01998456,0.01998455,31312,95,0
6382.59806008,6382.59760308,67.83652884,67.85001923,0.05916711,937.64136062,0.01998455,0.01998455,31311,95,0
6382.80118619,6382.80146999,73.85602319,73.84764139,0.04715397,937.94154727,0.01998455,0.01998455,31310,95,0
6383.00546040,6383.00534993,79.87895330,79.88221736,0.05312187,938.24291361,0.01998455,0.01998455,31309,95,0
6383.21011822,6383.20924290,85.90548401,85.93136338,0.07204993,938.54433322,0.01998456,0.01998455,31308,95,0
6383.41242879,6383.41314889,91.93578158,91.91447921,0.08639488,938.84179854,0.01998455,0.01998455,31307,95,0
6383.61501475,6383.61706790,97.97001290,97.90923917,0.05235674,939.13918042,0.01998455,0.01998455,31306,95,0
6383.81906911,6383.82099995,104.00834551,103.95115617,0.05665576,939.43823080,0.01998455,0.01998455,31305,95,0
6384.02346806,6384.02494502,110.05090800,110.00713403,0.06771804,939.73730137,0.01998455,0.01998455,31304,95,0
6384.23009119,6384.22890313,116.09769245,116.13292643,0.03899137,940.03913145,0.01998456,0.01998455,31303,95,0
6384.43234872,6384.43287427,122.14866130,122.13306578,0.02217431,940.33409934,0.01998455,0.01998455,31302,95,0
6384.63687007,6384.63685844,128.20377685,128.20412227,0.06737903,940.63187769,0.01998455,0.01998455,31301,95,0
6384.84147841,6384.84085564,134.26300125,134.28150469,0.09842287,940.92928549,0.01998455,0.01998455,31300,95,0
6385.04492356,6385.04486588,140.32629628,140.32801106,0.02455060,941.22450634,0.01998455,0.01998455,31299,95,0
6385.25234542,6385.24888916,0.00000000,146.49264043,0.08860304,941.52480046,0.01998456,0.01998455,31298,95,1
6385.45336392,6385.45292547,152.46489604,152.47794631,0.06012793,941.81568880,0.01998455,0.01998455,31297,95,0
6385.65498703,6385.65697483,158.54007897,158.48087915,0.01282994,942.10677033,0.01998455,0.01998455,31296,95,0
6385.86072195,6385.86103722,164.61910167,164.60970702,0.07843906,942.40327103,0.01998455,0.01998455,31295,95,0
6386.06398826,6386.06511266,170.70190212,170.66837836,0.07149413,942.69569699,0.01998455,0.01998455,31294,95,0
6386.26824922,6386.26920114,176.78843071,176.76003371,0.04927931,942.98903266,0.01998455,0.01998455,31293,95,0
6386.47703727,6386.47330267,0.00000000,182.98953564,0.05139768,943.28829865,0.01998456,0.01998455,31292,95,1
6386.67604793,6386.67741724,188.97306875,188.93217270,0.04728736,943.57311691,0.01998455,0.01998455,31291,95,0
6386.88076383,6386.88154486,195.07149293,195.04815189,0.03841605,943.86556336,0.01998455,0.01998455,31290,95,0
6387.08545429,6387.08568552,201.17419872,201.16728370,0.02347106,944.15747057,0.01998455,0.01998455,31289,95,0
6387.29154325,6387.28983924,207.28134554,207.33233771,0.06224976,944.45087052,0.01998456,0.01998455,31288,95,0
6387.49271978,6387.49400601,213.39302956,213.35451396,0.07446718,944.73679446,0.01998455,0.01998455,31287,95,0
6387.69829408,6387.69818582,219.50913363,219.51237733,0.07886424,945.02846949,0.01998455,0.01998455,31286,95,0
6387.90403656,6387.90237870,225.62949550,225.67920285,0.05976533,945.31986871,0.01998456,0.01998455,31285,95,0
6388.10797363,6388.10658462,231.75395224,231.79562294,0.05452266,945.60819391,0.01998456,0.01998455,31284,95,0
6388.31160825,6388.31080360,237.88234025,237.90649356,0.07258684,945.89556910,0.01998456,0.01998455,31283,95,0
6388.51354906,6388.51503564,244.01449940,243.96985198,0.03857245,946.18002988,0.01998455,0.01998455,31282,95,0
6388.71906231,6388.71928074,250.15039770,250.14383385,0.05597384,946.46898451,0.01998455,0.01998455,31281,95,0
6388.92146449,6388.92353890,256.29015403,256.22778214,0.05359216,946.75303841,0.01998455,0.01998455,31280,95,0
6389.12675319,6389.12781011,262.43389635,262.40209837,0.07054022,947.04061432,0.01998455,0.01998455,31279,95,0
6389.33259842,6389.33209439,268.58175311,268.59692644,0.05792511,947.32843982,0.01998455,0.01998455,31278,95,0
6389.53383490,6389.53639173,0.00000000,274.66366037,0.06078329,947.60962864,0.01998455,0.01998455,31277,95,1
6389.74036074,6389.74070214,280.89031275,280.88002188,0.03870330,947.89704936,0.01998455,0.01998455,31276,95,0
6389.94423054,6389.94502561,287.05115851,287.02717726,0.04577673,948.18057033,0.01998455,0.01998455,31275,95,0
6390.14817136,6390.14936215,293.21638203,293.18044188,0.03319583,948.46367607,0.01998455,0.01998455,31274,95,0
6390.35453334,6390.35371176,299.38597463,299.41078726,0.03628879,948.74961774,0.01998456,0.01998455,31273,95,0
6390.55981226,6390.55807444,305.55992756,305.61244552,0.07048442,949.03353289,0.01998456,0.01998455,31272,95,0
6390.76368241,6390.76245019,311.73823212,311.77549432,0.07708185,949.31497883,0.01998456,0.01998455,31271,95,0
6390.96560001,6390.96683901,317.92088774,317.88339665,0.02861853,949.59321634,0.01998455,0.01998455,31270,95,0
6391.17236903,6391.17124090,324.10790921,324.14206740,0.03315099,949.87760933,0.01998456,0.01998455,31269,95,0
6391.37631758,6391.37565587,330.29931309,330.31936176,0.06459809,950.15759738,0.01998455,0.01998455,31268,95,0
6391.58091299,6391.58008391,336.49511599,336.52025179,0.03338444,950.43794832,0.01998456,0.01998455,31267,95,0
6391.78212143,6391.78452503,0.00000000,342.62940798,0.07272055,950.71345958,0.01998455,0.01998455,31266,95,1
6391.98822611,6391.98897923,348.89998068,348.87711803,0.05062305,950.99450873,0.01998455,0.01998455,31265,95,0
6392.19197642,6392.19344651,355.10901622,355.06436011,0.05760248,951.27212961,0.01998455,0.01998455,31264,95,0
6392.39901148,6392.39792687,361.32237388,361.35534132,0.05292870,951.55368275,0.01998456,0.01998455,31263,95,0
6392.60107869,6392.60242031,367.53998566,367.49918125,0.05289952,951.82794747,0.01998455,0.01998455,31262,95,0
6392.80716054,6392.80692684,373.76178330,373.76889553,0.03869082,952.10711505,0.01998455,0.01998455,31261,95,0
6393.01060684,6393.01144645,379.98769836,379.96213189,0.04920238,952.38216705,0.01998455,0.01998455,31260,95,0
6393.21478539,6393.21597914,386.21770211,386.18133008,0.04703948,952.65766171,0.01998455,0.01998455,31259,95,0
6393.41923237,6393.42052492,392.45186325,392.41245677,0.06920799,952.93297093,0.01998455,0.01998455,31258,95,0
6393.62527012,6393.62508379,398.69026530,398.69594944,0.03106951,953.20987030,0.01998455,0.01998455,31257,95,0
6393.82927538,6393.82965575,404.93299213,404.92138105,0.02639034,953.48349458,0.01998455,0.01998455,31256,95,0
6394.03495086,6394.03424081,411.18012797,411.20181688,0.04066870,953.75881385,0.01998456,0.01998455,31255,95,0
6394.23772139,6394.23883895,417.43175279,417.39759385,0.06372259,954.02971075,0.01998455,0.01998455,31254,95,0
6394.44222852,6394.44345018,423.68789123,423.65052570,0.06558793,954.30239056,0.01998455,0.01998455,31253,95,0
6394.64788630,6394.64807452,429.94853084,429.94277038,0.03923209,954.57605861,0.01998455,0.01998455,31252,95,0
6394.85252720,6394.85271194,436.21365846,436.20800044,0.06808411,954.84782804,0.01998455,0.01998455,31251,95,0
6395.05845626,6395.05736247,442.48326086,442.51678086,0.05320512,955.12075695,0.01998456,0.01998455,31250,95,0
6395.26282511,6395.26202609,448.75732476,448.78182700,0.05696298,955.39106932,0.01998456,0.01998455,31249,95,0
6395.46526041,6395.46670281,455.03584123,454.99158091,0.04107267,955.65828360,0.01998455,0.01998455,31248,95,0
6395.67094198,6395.67139263,461.31881241,461.30497522,0.07611442,955.92923058,0.01998455,0.01998455,31247,95,0
6395.87699907,6395.87609556,467.60624210,467.63400226,0.04766505,956.20011265,0.01998456,0.01998455,31246,95,0
6396.08074688,6396.08081159,473.89813412,473.89614455,0.02677757,956.46740701,0.01998456,0.01998455,31245,95,0
6396.28599290,6396.28554072,480.19449229,480.20840336,0.04356233,956.73611073,0.01998456,0.01998455,31244,95,0
6396.48972961,6396.49028296,486.49531506,486.47828056,0.05430326,957.00228497,0.01998455,0.01998455,31243,95,0
6396.69559671,6396.69503831,492.80054279,492.81774369,0.04046221,957.27067840,0.01998456,0.01998455,31242,95,0
6396.89970992,6396.89980676,499.11008030,499.10709546,0.04880966,957.53622003,0.01998456,0.01998455,31241,95,0
6397.10461023,6397.10458833,505.42383145,505.42450712,0.06271573,957.80221422,0.01998456,0.01998455,31240,95,0
6397.30963185,6397.30938300,511.74169973,511.74937885,0.06099822,958.06778745,0.01998456,0.01998455,31239,95,0
6397.51426825,6397.51419079,518.06358902,518.06598079,0.03357215,958.33227943,0.01998456,0.01998455,31238,95,0
6397.72002281,6397.71901169,524.38952067,524.42075887,0.05105857,958.59762978,0.01998456,0.01998455,31237,95,0
6397.92416419,6397.92384571,530.71975304,530.72959865,0.04333272,958.86032760,0.01998456,0.01998455,31236,95,0
6398.12848644,6398.12869284,537.05457391,537.04818892,0.03059186,959.12269810,0.01998455,0.01998455,31235,95,0
6398.33345159,6398.33355309,543.39427234,543.39113036,0.06620970,959.38534166,0.01998456,0.01998456,31234,95,0
6398.53818533,6398.53842645,549.73913861,549.73166807,0.04035412,959.64714661,0.01998455,0.01998456,31233,95,0
6398.74380942,6398.74331294,556.08940845,556.10480233,0.04135022,959.90955291,0.01998456,0.01998456,31232,95,0
6398.94756519,6398.94821255,562.44491647,562.42482959,0.04056323,960.16903542,0.01998455,0.01998456,31231,95,0
6399.15288073,6399.15312528,568.80532018,568.79772686,0.06049319,960.42994534,0.01998456,0.01998456,31230,95,0
6399.35815927,6399.35805113,575.17027481,575.17363457,0.05712315,960.69023164,0.01998456,0.01998456,31229,95,0
6399.56401994,6399.56299011,581.53943412,581.57144838,0.05135875,960.95066136,0.01998456,0.01998456,31228,95,0
6399.76836981,6399.76794222,587.91245764,587.92575724,0.03383615,961.20857571,0.01998456,0.01998456,31227,95,0
6399.97370341,6399.97290745,594.28928890,594.31405974,0.05734938,961.46712196,0.01998456,0.01998456,31226,95,0
6400.17817603,6400.17788581,600.67024287,600.67927997,0.05982193,961.72398829,0.01998456,0.01998456,31225,95,0
6400.38280141,6400.38287730,607.05566084,607.05329599,0.01546521,961.98046366,0.01998456,0.01998456,31224,95,0
6400.58783333,6400.58788193,613.44588556,613.44437031,0.05642476,962.23687603,0.01998456,0.01998456,31223,95,0
6400.79258074,6400.79289968,619.84126130,619.83130831,0.04097308,962.49237282,0.01998456,0.01998456,31222,95,0
6400.99738581,6400.99793057,626.24202294,626.22500988,0.04951010,962.74738964,0.01998455,0.01998456,31221,95,0
6401.20293200,6401.20297459,632.64797817,632.64664689,0.05757686,963.00276486,0.01998456,0.01998456,31220,95,0
6401.40727547,6401.40803175,639.05883047,639.03517853,0.02360317,963.25607195,0.01998455,0.01998456,31219,95,0
6401.61376990,6401.61310205,645.47428202,645.49518175,0.04790336,963.51145068,0.01998456,0.01998456,31218,95,0
6401.81794487,6401.81818548,651.89403363,651.88649947,0.03148434,963.76335984,0.01998456,0.01998456,31217,95,0
6402.02338588,6402.02328206,658.31781369,658.32106630,0.05379692,964.01621582,0.01998456,0.01998456,31216,95,0
6402.22797135,6402.22839178,664.74571203,664.73253246,0.06162831,964.26740776,0.01998455,0.01998456,31215,95,0
6402.43403637,6402.43351463,671.17806648,671.19443291,0.03272977,964.51981185,0.01998456,0.01998456,31214,95,0
6402.63869097,6402.63865064,677.61522110,677.61648726,0.06043249,964.76989986,0.01998456,0.01998456,31213,95,0
6402.84390414,6402.84379979,684.05752151,684.06079990,0.03019760,965.02009344,0.01998456,0.01998456,31212,95,0
6403.04886345,6403.04896208,690.50531180,690.50221098,0.05465728,965.26941237,0.01998456,0.01998456,31211,95,0
6403.25437527,6403.25413752,696.95870131,696.96618217,0.04534563,965.51883871,0.01998456,0.01998456,31210,95,0
6403.46029276,6403.45932611,703.41739989,703.44783803,0.03980212,965.76817721,0.01998456,0.01998456,31209,95,0
6403.66460204,6403.66452785,709.88107739,709.88341492,0.04245793,966.01498006,0.01998456,0.01998456,31208,95,0
6403.87022627,6403.86974274,716.34940219,716.36464752,0.04933386,966.26276540,0.01998456,0.01998456,31207,95,0
6404.07517709,6404.07497079,722.82204115,722.82854940,0.03543981,966.50912016,0.01998456,0.01998456,31206,95,0
6404.28058720,6404.28021199,729.29875558,729.31059934,0.06198675,966.75539641,0.01998456,0.01998456,31205,95,0
6404.48532770,6404.48546634,735.77971753,735.77533859,0.03892819,967.00024685,0.01998456,0.01998456,31204,95,0
6404.69043954,6404.69073385,742.26521018,742.25590841,0.06031211,967.24492698,0.01998456,0.01998456,31203,95,0
6404.89680741,6404.89601452,748.75551805,748.78059565,0.04091962,967.49049413,0.01998456,0.01998456,31202,95,0
6405.10106647,6405.10130835,755.25092688,755.24327132,0.04474582,967.73295719,0.01998456,0.01998456,31201,95,0
6405.30602067,6405.30661533,761.75170227,761.73286592,0.06380577,967.97565892,0.01998455,0.01998456,31200,95,0
6405.51309840,6405.51193548,768.25786805,768.29473250,0.06966832,968.22027773,0.01998456,0.01998456,31199,95,0
6405.71769811,6405.71726879,774.76929437,774.78291372,0.02491214,968.46137279,0.01998456,0.01998456,31198,95,0
6405.92263681,6405.92261527,781.28584839,781.28653229,0.06095639,968.70226630,0.01998456,0.01998456,31197,95,0
6406.12714519,6406.12797491,787.80739663,787.78103840,0.03999284,968.94204785,0.01998455,0.01998456,31196,95,0
6406.33332095,6406.33334771,794.33380706,794.33295633,0.04754756,969.18316493,0.01998456,0.01998456,31195,95,0
6406.53872473,6406.53873369,800.86503088,800.86474590,0.03395640,969.42275733,0.01998456,0.01998456,31194,95,0
6406.74399333,6406.74413283,807.40113010,807.39668933,0.04649512,969.66157265,0.01998456,0.01998456,31193,95,0
6406.94909968,6406.94954514,813.94217469,813.92798460,0.04204446,969.89958168,0.01998455,0.01998456,31192,95,0
6407.15579756,6407.15497063,820.48823490,820.51459517,0.04147723,970.13881400,0.01998456,0.01998456,31191,95,0
6407.36022340,6407.36040929,827.03938128,827.03345132,0.02728846,970.37480186,0.01998456,0.01998456,31190,95,0
6407.56523283,6407.56586112,833.59566545,833.57560869,0.05760850,970.61084960,0.01998455,0.01998456,31189,95,0
6407.77138900,6407.77132613,840.15708725,840.15909591,0.02855505,970.84759610,0.01998456,0.01998456,31188,95,0
6407.97643796,6407.97680431,846.72363777,846.71192602,0.06322182,971.08245078,0.01998455,0.01998456,31187,95,0
6408.18291400,6408.18229567,853.29530806,853.31508926,0.05792461,971.31831280,0.01998456,0.01998456,31186,95,0
6408.38759585,6408.38780022,859.87208912,859.86554635,0.03200879,971.55150212,0.01998456,0.01998456,31185,95,0
6408.59398673,6408.59331794,866.45399235,866.47541882,0.05196927,971.78600897,0.01998456,0.01998456,31184,95,0
6408.79864975,6408.79884884,873.04114227,873.03475926,0.01825707,972.01793103,0.01998456,0.01998456,31183,95,0
6409.00415511,6409.00439293,879.63370280,879.62607215,0.04845402,972.25018885,0.01998456,0.01998456,31182,95,0
6409.21027894,6409.20995020,886.23183864,886.24239489,0.05698489,972.48252681,0.01998456,0.01998456,31181,95,0
6409.41592308,6409.41552066,892.83571525,892.84864843,0.03291091,972.71371038,0.01998456,0.01998456,31180,95,0
6409.62102489,6409.62110430,899.44547273,899.44291873,0.04705882,972.94367664,0.01998456,0.01998456,31179,95,0
6409.82600182,6409.82670113,906.06095727,906.03844693,0.03869341,973.17288933,0.01998455,0.01998456,31178,95,0
6410.03196494,6410.03231115,912.68182862,912.67067637,0.06195139,973.40257334,0.01998456,0.01998456,31177,95,0
6410.23869747,6410.23793436,919.30774198,919.33234022,0.05252032,973.63246499,0.01998456,0.01998456,31176,95,0
6410.44382834,6410.44357076,925.93835092,925.94665870,0.02831271,973.85991793,0.01998456,0.01998456,31175,95,0
6410.64918406,6410.64922036,932.57332047,932.57214880,0.04490727,974.08695110,0.01998456,0.01998456,31174,95,0
6410.85527813,6410.85488315,939.21264763,939.22540247,0.05862474,974.31412596,0.01998456,0.01998456,31173,95,0
6411.06046389,6411.06055914,945.85668227,945.85360446,0.01625239,974.53963869,0.01998456,0.01998456,31172,95,0
6411.26669644,6411.26624832,952.50579283,952.52028408,0.04734589,974.76564834,0.01998456,0.01998456,31171,95,0
6411.47272970,6411.47195070,959.16034950,959.18556035,0.05549624,974.99079615,0.01998456,0.01998456,31170,95,0
6411.67725917,6411.67766628,965.82072117,965.80753472,0.03693742,975.21367501,0.01998456,0.01998456,31169,95,0
6411.88333070,6411.88339507,972.48704799,972.48496138,0.04178116,975.43760657,0.01998456,0.01998456,31168,95,0
6412.08895427,6412.08913705,979.15908317,979.15315367,0.02418469,975.66041310,0.01998456,0.01998456,31167,95,0
6412.29456529,6412.29489224,985.83654155,985.82592732,0.07174712,975.88255710,0.01998456,0.01998456,31166,95,0
6412.50117992,6412.50066063,992.51913660,992.53600709,0.04532362,976.10512037,0.01998456,0.01998456,31165,95,0
6412.70653784,6412.70644223,999.20658068,999.20968881,0.05941802,976.32565812,0.01998456,0.01998456,31164,95,0
6412.91212079,6412.91223703,1005.89871250,1005.89493122,0.01763226,976.54575979,0.01998456,0.01998456,31163,95,0
6413.11819939,6413.11804504,1012.59569971,1012.60072373,0.05629938,976.76571547,0.01998456,0.01998456,31162,95,0
6413.32356319,6413.32386627,1019.29776324,1019.28789078,0.05252276,976.98423986,0.01998456,0.01998456,31161,95,0
6413.53030034,6413.52970070,1026.00512507,1026.02467230,0.02894868,977.20355722,0.01998456,0.01998456,31160,95,0
6413.73541593,6413.73554834,1032.71800827,1032.71368833,0.06565782,977.42049704,0.01998456,0.01998456,31159,95,0
6413.94168521,6413.94140920,1039.43657567,1039.44558694,0.05076136,977.63800017,0.01998456,0.01998456,31158,95,0
6414.14778551,6414.14728328,1046.16075692,1046.17716691,0.03006860,977.85466297,0.01998456,0.01998456,31157,95,0
6414.35236963,6414.35317057,1052.89042544,1052.86423613,0.06723502,978.06907140,0.01998456,0.01998456,31156,95,0
6414.55931984,6414.55907108,1059.62545400,1059.63359418,0.04373824,978.28528410,0.01998456,0.01998456,31155,95,0
6414.76533236,6414.76498480,1066.36571476,1066.37709557,0.04882306,978.49983650,0.01998456,0.01998456,31154,95,0
6414.97075098,6414.97091175,1073.11110220,1073.10583422,0.02155879,978.71308914,0.01998456,0.01998456,31153,95,0
6415.17597528,6415.17685191,1079.86163308,1079.83288764,0.06863182,978.92545955,0.01998456,0.01998456,31152,95,0
6415.38270793,6415.38280530,1086.61736519,1086.61417001,0.04291468,979.13870323,0.01998456,0.01998456,31151,95,0
6415.58909521,6415.58877192,1093.37835662,1093.38897267,0.04273082,979.35090229,0.01998456,0.01998456,31150,95,0
6415.79523141,6415.79475175,1100.14466572,1100.16042770,0.06355550,979.56215671,0.01998456,0.01998456,31149,95,0
6416.00110533,6416.00074482,1106.91636564,1106.92822142,0.01862601,979.77245804,0.01998456,0.01998456,31148,95,0
6416.20644003,6416.20675111,1113.69363293,1113.68339509,0.04300578,979.98153095,0.01998456,0.01998456,31147,95,0
6416.41273286,6416.41277063,1120.47668962,1120.47544568,0.04723550,980.19090291,0.01998456,0.01998456,31146,95,0
6416.61946762,6416.61880338,1127.26575895,1127.28765569,0.05149979,980.40004797,0.01998456,0.01998456,31145,95,0
6416.82537178,6416.82484936,1134.06106532,1134.07830195,0.06539455,980.60768549,0.01998456,0.01998456,31144,95,0
6417.03102608,6417.03090858,1140.86279475,1140.86667504,0.02323066,980.81440978,0.01998456,0.01998456,31143,95,0
6417.23653362,6417.23698102,1147.67078289,1147.65599589,0.04907486,981.02031921,0.01998456,0.01998456,31142,95,0
6417.44269693,6417.44306671,1154.48468004,1154.47244912,0.03698157,981.22620273,0.01998456,0.01998456,31141,95,0
6417.64896506,6417.64916563,1161.30413314,1161.29749435,0.04921533,981.43149368,0.01998456,0.01998456,31140,95,0
6417.85512293,6417.85527778,1168.12878734,1168.12365808,0.05105869,981.63596549,0.01998456,0.01998456,31139,95,0
6418.06191297,6418.06140318,1174.95832736,1174.97522378,0.02058513,981.84034061,0.01998456,0.01998456,31138,95,0
6418.26706495,6418.26754182,1181.79287175,1181.77705568,0.05730505,982.04238240,0.01998456,0.01998456,31137,95,0
6418.47345496,6418.47369369,1188.63280049,1188.62487638,0.04988998,982.24493497,0.01998456,0.01998456,31136,95,0
6418.67929448,6418.67985882,1195.47849896,1195.45975259,0.04853937,982.44624894,0.01998456,0.01998456,31135,95,0
6418.88714685,6418.88603718,1202.33035449,1202.36724785,0.04103244,982.64883329,0.01998456,0.01998456,31134,95,0
6419.09280132,6419.09222879,1209.18872464,1209.20777661,0.05890587,982.84859321,0.01998456,0.01998456,31133,95,0
6419.29931560,6419.29843365,1216.05360092,1216.08297508,0.06961496,983.04850284,0.01998456,0.01998456,31132,95,0
6419.50436843,6419.50465175,1222.92473765,1222.91529371,0.02398163,983.24630885,0.01998456,0.01998456,31131,95,0
6419.71083690,6419.71088311,1229.80188397,1229.80034259,0.06170817,983.44477749,0.01998456,0.01998456,31130,95,0
6419.91658200,6419.91712771,1236.68478772,1236.66656917,0.04752086,983.64183983,0.01998456,0.01998456,31129,95,0
6420.12289841,6420.12338557,1243.57321471,1243.55693921,0.04169500,983.83872801,0.01998456,0.01998456,31128,95,0
6420.32904236,6420.32965667,1250.46715821,1250.44661896,0.04098565,984.03472805,0.01998456,0.01998456,31127,95,0
6420.53628103,6420.53594104,1257.36676128,1257.37813752,0.04089244,984.23104206,0.01998456,0.01998456,31126,95,0
6420.74255554,6420.74223866,1264.27217027,1264.28278141,0.05335342,984.42572114,0.01998456,0.01998456,31125,95,0
6420.94835153,6420.94854953,1271.18353231,1271.17689664,0.05247429,984.61923329,0.01998456,0.01998456,31124,95,0
6421.15525238,6421.15487367,1278.10098529,1278.11368763,0.06404675,984.81306586,0.01998456,0.01998456,31123,95,0
6421.36079202,6421.36121106,1285.02455595,1285.01048947,0.01556057,985.00490850,0.01998456,0.01998456,31122,95,0
6421.56733885,6421.56756171,1291.95420078,1291.94671353,0.06111857,985.19697026,0.01998456,0.01998456,31121,95,0
6421.77371795,6421.77392563,1298.88987492,1298.88289221,0.05747696,985.38815086,0.01998456,0.01998456,31120,95,0
6421.97974504,6421.98030281,1305.83153324,1305.81276479,0.05999091,985.57827897,0.01998456,0.01998456,31119,95,0
6422.18708409,6422.18669325,1312.77912953,1312.79229128,0.05571079,985.76888170,0.01998456,0.01998456,31118,95,0
6422.39272973,6422.39309696,1319.73260873,1319.72023245,0.05769579,985.95719470,0.01998456,0.01998456,31117,95,0
6422.59896222,6422.59951393,1326.69191058,1326.67330240,0.04631787,986.14530829,0.01998456,0.01998456,31116,95,0
6422.80555566,6422.80594418,1333.65697444,1333.64386077,0.05541052,986.33300765,0.01998456,0.01998456,31115,95,0
6423.01230200,6423.01238769,1340.62773934,1340.62484465,0.04221928,986.52009731,0.01998456,0.01998456,31114,95,0
6423.21844132,6423.21884448,1347.60416557,1347.59053739,0.03146961,986.70588903,0.01998456,0.01998456,31113,95,0
6423.42496610,6423.42531454,1354.58638958,1354.57460201,0.03915635,986.89128012,0.01998456,0.01998456,31112,95,0
6423.63205251,6423.63179787,1361.57463460,1361.58325619,0.03719679,987.07642743,0.01998456,0.01998456,31111,95,0
6423.83872225,6423.83829447,1368.56912559,1368.58362144,0.04253036,987.26045932,0.01998456,0.01998456,31110,95,0
6424.04503837,6424.04480435,1375.57008868,1375.57802560,0.03983442,987.44343975,0.01998456,0.01998456,31109,95,0
6424.25147661,6424.25132751,1382.57770943,1382.58277083,0.04672437,987.62579440,0.01998456,0.01998456,31108,95,0
6424.45766440,6424.45786395,1389.59190909,1389.58512919,0.04178488,987.80719043,0.01998456,0.01998456,31107,95,0
6424.66416184,6424.66441367,1396.61250469,1396.60394169,0.03847280,987.98811324,0.01998456,0.01998456,31106,95,0
6424.87054972,6424.87097666,1403.63931200,1403.62478260,0.04020179,988.16818746,0.01998456,0.01998456,31105,95,0
6425.07740773,6425.07755294,1410.67214580,1410.66720009,0.03986323,988.34790997,0.01998456,0.01998456,31104,95,0
6425.28447403,6425.28414251,1417.71084982,1417.72214958,0.04918597,988.52704338,0.01998456,0.01998456,31103,95,0
6425.49129769,6425.49074536,1424.75540700,1424.77424733,0.04043158,988.70519526,0.01998456,0.01998456,31102,95,0
6425.69723796,6425.69736149,1431.80584121,1431.80162422,0.04713056,988.88181850,0.01998456,0.01998456,31101,95,0
6425.90374678,6425.90399092,1438.86217639,1438.85383614,0.05796421,989.05815863,0.01998456,0.01998456,31100,95,0
6426.11099431,6426.11063363,1445.92443665,1445.93676821,0.06565667,989.23435209,0.01998456,0.01998456,31099,95,0
6426.31766478,6426.31728963,1452.99271607,1453.00555251,0.07131677,989.40927958,0.01998456,0.01998456,31098,95,0
6426.52418094,6426.52395892,1460.06733716,1460.07494050,0.05772077,989.58330882,0.01998456,0.01998456,31097,95,0
6426.73079416,6426.73064151,1467.14867058,1467.15390322,0.05191836,989.75665869,0.01998456,0.01998456,31096,95,0
6426.93754977,6426.93733739,1474.23708895,1474.24437592,0.05862150,989.92937254,0.01998456,0.01998456,31095,95,0
6427.14453727,6427.14404656,1481.33296539,1481.34981878,0.04154345,990.10152954,0.01998456,0.01998456,31094,95,0
6427.35056047,6427.35076904,1488.43639804,1488.42922775,0.03368306,990.27213838,0.01998456,0.01998456,31093,95,0
6427.55730245,6427.55750481,1495.54688484,1495.53992203,0.03758841,990.44257943,0.01998456,0.01998456,31092,95,0
6427.76428364,6427.76425387,1502.66384230,1502.66486748,0.03554013,990.61243555,0.01998456,0.01998456,31091,95,0
6427.97114807,6427.97101624,1509.78668380,1509.79122668,0.04419005,990.78139768,0.01998456,0.01998456,31090,95,0
6428.17804389,6428.17779191,1516.91482921,1516.92351848,0.06398294,990.94957156,0.01998456,0.01998456,31089,95,0
6428.38494466,6428.38458089,1524.04814121,1524.06069410,0.06689116,991.11693038,0.01998456,0.01998456,31088,95,0
6428.59232320,6428.59138316,1531.18710345,1531.21956666,0.04288308,991.28386322,0.01998456,0.01998456,31087,95,0
6428.79812938,6428.79819875,1538.33224831,1538.32985065,0.03969814,991.44873642,0.01998456,0.01998456,31086,95,0
6429.00519330,6429.00502764,1545.48411105,1545.48984212,0.04231171,991.61382909,0.01998456,0.01998456,31085,95,0
6429.21193213,6429.21186984,1552.64320596,1552.64536325,0.03577684,991.77788319,0.01998456,0.01998456,31084,95,0
6429.41831014,6429.41872534,1559.80962439,1559.79523309,0.05603129,991.94087367,0.01998456,0.01998456,31083,95,0
6429.62559457,6429.62559416,1566.98309176,1566.98310594,0.05921905,992.10378937,0.01998456,0.01998456,31082,95,0
6429.83255279,6429.83247629,1574.16331996,1574.16597603,0.05034587,992.26564908,0.01998456,0.01998456,31081,95,0
6430.03979844,6430.03937173,1581.35001931,1581.36484745,0.03213059,992.42692400,0.01998456,0.01998456,31080,95,0
6430.24614565,6430.24628049,1588.54293568,1588.53824609,0.03382735,992.58668687,0.01998456,0.01998456,31079,95,0
6430.45290631,6430.45320257,1595.74212390,1595.73181226,0.04447996,992.74595525,0.01998456,0.01998456,31078,95,0
6430.65998476,6430.66013796,1602.94779331,1602.94245671,0.06080202,992.90465344,0.01998456,0.01998456,31077,95,0
6430.86743898,6430.86708666,1610.16015555,1610.17243944,0.04865615,993.06282403,0.01998456,0.01998456,31076,95,0
6431.07414268,6431.07404869,1617.37942340,1617.38270340,0.04245542,993.21961265,0.01998456,0.01998456,31075,95,0
6431.28126170,6431.28102404,1624.60575603,1624.61405754,0.04078207,993.37590649,0.01998456,0.01998456,31074,95,0
6431.48776212,6431.48801271,1631.83908720,1631.83032604,0.04028431,993.53092249,0.01998456,0.01998456,31073,95,0
6431.69492937,6431.69501471,1639.07929187,1639.07630562,0.06356645,993.68562010,0.01998456,0.01998456,31072,95,0
6431.90215028,6431.90203003,1646.32624428,1646.33045561,0.03718228,993.83953195,0.01998456,0.01998456,31071,95,0
6432.10903223,6432.10905867,1653.57981863,1653.57889156,0.03733020,993.99236300,0.01998456,0.01998456,31070,95,0
6432.31629066,6432.31610065,1660.83998359,1660.84664961,0.04292367,994.14463846,0.01998456,0.01998456,31069,95,0
6432.52315569,6432.52315595,1668.10689940,1668.10689046,0.06060730,994.29579366,0.01998456,0.01998456,31068,95,0
6432.73062136,6432.73022458,1675.38075016,1675.39469432,0.03921137,994.44655502,0.01998456,0.01998456,31067,95,0
6432.93738547,6432.93730654,1682.66172100,1682.66449731,0.04212016,994.59597808,0.01998456,0.01998456,31066,95,0
6433.14395024,6433.14440184,1689.94998995,1689.93408932,0.05702592,994.74443215,0.01998456,0.01998456,31065,95,0
6433.35213138,6433.35151047,1697.24555381,1697.26743593,0.03961488,994.89321084,0.01998456,0.01998456,31064,95,0
6433.55896201,6433.55863243,1704.54822980,1704.55985501,0.03058561,995.04018584,0.01998456,0.01998456,31063,95,0
6433.76529282,6433.76576773,1711.85782648,1711.84105990,0.04651007,995.18596644,0.01998456,0.01998456,31062,95,0
6433.97329986,6433.97291637,1719.17415128,1719.18770159,0.05963100,995.33207651,0.01998456,0.01998456,31061,95,0
6434.17990729,6434.18007835,1726.49704284,1726.49099358,0.02691695,995.47634812,0.01998456,0.01998456,31060,95,0
6434.38675929,6434.38725367,1733.82658109,1733.80908339,0.05292496,995.61993567,0.01998456,0.01998456,31059,95,0
6434.59456995,6434.59444233,1741.16295636,1741.16747749,0.06492531,995.76332861,0.01998456,0.01998456,31058,95,0
6434.80158300,6434.80164433,1748.50636057,1748.50418595,0.03032430,995.90531523,0.01998456,0.01998456,31057,95,0
6435.00916949,6435.00885967,1755.85698671,1755.86798207,0.05986303,996.04683838,0.01998456,0.01998456,31056,95,0
6435.21705316,6435.21608837,1763.21497406,1763.24924688,0.04336174,996.18770426,0.01998457,0.01998456,31055,95,0
6435.42306021,6435.42333040,1770.58030290,1770.57069599,0.03611303,996.32644650,0.01998456,0.01998456,31054,95,0
6435.63058954,6435.63058579,1777.95292447,1777.95305806,0.06053834,996.46535274,0.01998456,0.01998456,31053,95,0
6435.83841458,6435.83785452,1785.33278967,1785.35273983,0.03950846,996.60358698,0.01998456,0.01998456,31052,95,0
6436.04497720,6436.04513661,1792.71984923,1792.71416564,0.04398882,996.74011526,0.01998456,0.01998456,31051,95,0
6436.25240440,6436.25243205,1800.11405785,1800.11307113,0.06076556,996.87634240,0.01998456,0.01998456,31050,95,0
6436.45951179,6436.45974084,1807.51537490,1807.50719387,0.02893891,997.01148370,0.01998456,0.01998456,31049,95,0
6436.66683881,6436.66706298,1814.92375980,1814.91574564,0.05096504,997.14588837,0.01998456,0.01998456,31048,95,0
6436.87398638,6436.87439848,1822.33917170,1822.32442632,0.03386176,997.27929404,0.01998456,0.01998456,31047,95,0
6437.08179710,6437.08174734,1829.76158293,1829.76336475,0.04397200,997.41223711,0.01998456,0.01998456,31046,95,0
6437.28893659,6437.28910956,1837.19106759,1837.18486753,0.05221224,997.54386267,0.01998456,0.01998456,31045,95,0
6437.49614980,6437.49648513,1844.62774696,1844.61571627,0.02726028,997.67464737,0.01998456,0.01998456,31044,95,0
6437.70351194,6437.70387407,1852.07174325,1852.05873891,0.05004836,997.80463664,0.01998456,0.01998456,31043,95,0
6437.91109020,6437.91127637,1859.52317938,1859.51648780,0.02728375,997.93386962,0.01998456,0.01998456,31042,95,0
6438.11842541,6438.11869203,1866.98218131,1866.97258869,0.05944652,998.06205991,0.01998456,0.01998456,31041,95,0
6438.32659466,6438.32612106,1874.44888150,1874.46593781,0.03518897,998.18986901,0.01998457,0.01998456,31040,95,0
6438.53389789,6438.53356345,1881.92341404,1881.93547065,0.04866044,998.31625266,0.01998456,0.01998456,31039,95,0
6438.74106941,6438.74101921,1889.40591378,1889.40772525,0.03777924,998.44166423,0.01998456,0.01998456,31038,95,0
6438.94861341,6438.94848834,1896.89650175,1896.90101958,0.04902649,998.56640633,0.01998456,0.01998456,31037,95,0
6439.15620799,6439.15597084,1904.39504410,1904.40361908,0.03331524,998.69027742,0.01998456,0.01998456,31036,95,0
6439.36382396,6439.36346671,1911.90118856,1911.91411821,0.05376051,998.81325080,0.01998457,0.01998456,31035,95,0
6439.57090671,6439.57097595,1919.41457379,1919.41206565,0.03871319,998.93499259,0.01998456,0.01998456,31034,95,0
6439.77830709,6439.77849857,1926.93483625,1926.92789460,0.05104783,999.05599586,0.01998456,0.01998456,31033,95,0
6439.98597105,6439.98603456,1934.46174302,1934.45943879,0.03709406,999.17621886,0.01998456,0.01998456,31032,95,0
6440.19317770,6440.19358392,1941.99562699,1941.98087460,0.04903825,999.29524825,0.01998456,0.01998456,31031,95,0
6440.40077611,6440.40114667,1949.53697440,1949.52350451,0.03009686,999.41357715,0.01998456,0.01998456,31030,95,0
6440.60894142,6440.60872279,1957.08627441,1957.09422953,0.05292277,999.53130367,0.01998457,0.01998456,31029,95,0
6440.81589647,6440.81631230,1964.64400765,1964.62886022,0.03612046,999.64743135,0.01998456,0.01998456,31028,95,0
6441.02430833,6441.02391518,1972.21025087,1972.22458686,0.05164057,999.76345297,0.01998457,0.01998456,31027,95,0
6441.23148085,6441.23153145,1979.78457443,1979.78272752,0.05675512,999.87785639,0.01998456,0.01998456,31026,95,0
6441.43932139,6441.43916111,1987.36651426,1987.37236997,0.03571987,999.99168864,0.01998457,0.01998456,31025,95,0
6441.64685979,6441.64680414,1994.95560340,1994.95763807,0.04771448,1000.10440603,0.01998457,0.01998457,31024,95,0
6441.85451502,6441.85446057,2002.55145273,2002.55344527,0.03011477,1000.21622894,0.01998457,0.01998457,31023,95,0
6442.06170661,6442.06213038,2010.15414257,2010.13862195,0.05053380,1000.32684576,0.01998456,0.01998457,31022,95,0
6442.26957101,6442.26981359,2017.76392467,2017.75503237,0.05820971,1000.43686275,0.01998456,0.01998457,31021,95,0
6442.47771040,6442.47751018,2025.38105254,2025.38839882,0.02799818,1000.54606368,0.01998457,0.01998457,31020,95,0
6442.68545658,6442.68522016,2033.00578144,2033.01446413,0.04354606,1000.65409954,0.01998457,0.01998457,31019,95,0
6442.89257725,6442.89294354,2040.63837819,2040.62491246,0.02891019,1000.76085733,0.01998456,0.01998457,31018,95,0
6443.10119446,6443.10068031,2048.27912585,2048.29804652,0.05831242,1000.86742566,0.01998457,0.01998457,31017,95,0
6443.30844966,6443.30843048,2055.92831040,2055.92901680,0.04334751,1000.97234409,0.01998456,0.01998457,31016,95,0
6443.51568426,6443.51619405,2063.58621958,2063.56741905,0.03355171,1001.07630178,0.01998456,0.01998457,31015,95,0
6443.72437502,6443.72397101,2071.25308990,2071.26800569,0.05432576,1001.18002937,0.01998457,0.01998457,31014,95,0
6443.93241321,6443.93176137,2078.92883041,2078.95292207,0.04892542,1001.28246841,0.01998457,0.01998457,31013,95,0
6444.13942833,6444.13956514,2086.61322365,2086.60816182,0.03411691,1001.38344176,0.01998456,0.01998457,31012,95,0
6444.34723899,6444.34738231,2094.30605048,2094.30074280,0.05523856,1001.48383180,0.01998456,0.01998457,31011,95,0
6444.55540565,6444.55521288,2102.00709212,2102.01423884,0.04244879,1001.58341195,0.01998457,0.01998457,31010,95,0
6444.76303376,6444.76305685,2109.71620636,2109.71534938,0.05533707,1001.68175054,0.01998456,0.01998457,31009,95,0
6444.97112517,6444.97091423,2117.43335765,2117.44119308,0.02940567,1001.77931898,0.01998457,0.01998457,31008,95,0
6445.17885041,6445.17878502,2125.15851802,2125.16094926,0.04630064,1001.87572413,0.01998457,0.01998457,31007,95,0
6445.38702005,6445.38666922,2132.89165929,2132.90471630,0.04940244,1001.97133810,0.01998457,0.01998457,31006,95,0
6445.59479854,6445.59456683,2140.63278543,2140.64141766,0.05600781,1002.06577363,0.01998457,0.01998457,31005,95,0
6445.80257501,6445.80247784,2148.38206477,2148.38568808,0.03377555,1002.15920927,0.01998457,0.01998457,31004,95,0
6446.01037947,6446.01040228,2156.13971877,2156.13886745,0.05133879,1002.25165774,0.01998457,0.01998457,31003,95,0
6446.21858459,6446.21834012,2163.90597029,2163.91510584,0.04455945,1002.34328099,0.01998457,0.01998457,31002,95,0
6446.42672564,6446.42629138,2171.68103698,2171.69728214,0.05640738,1002.43387118,0.01998457,0.01998457,31001,95,0
6446.63407645,6446.63425606,2179.46497408,2179.45824781,0.02657421,1002.52311554,0.01998456,0.01998457,31000,95,0
6446.84228566,6446.84223415,2187.25766669,2187.25959759,0.05021058,1002.61171831,0.01998457,0.01998457,30999,95,0
6447.05027649,6447.05022567,2195.05899119,2195.06089842,0.04734695,1002.69921171,0.01998457,0.01998457,30998,95,0
6447.25803982,6447.25823060,2202.86882310,2202.86165627,0.04822107,1002.78559036,0.01998457,0.01998457,30997,95,0
6447.46622779,6447.46624896,2210.68703296,2210.68623709,0.05363867,1002.87111913,0.01998457,0.01998457,30996,95,0
6447.67405215,6447.67428074,2218.51347685,2218.50487280,0.03034232,1002.95546883,0.01998457,0.01998457,30995,95,0
6447.88195917,6447.88232594,2226.34800714,2226.33418881,0.05959143,1003.03881784,0.01998457,0.01998457,30994,95,0
6448.09029133,6448.09038457,2234.19047518,2234.18695879,0.04287391,1003.12129486,0.01998457,0.01998457,30993,95,0
6448.29799596,6448.29845663,2242.04075639,2242.02336772,0.03932666,1003.20248022,0.01998457,0.01998457,30992,95,0
6448.50633945,6448.50654211,2249.89900633,2249.89134919,0.04421553,1003.28286728,0.01998457,0.01998457,30991,95,0
6448.71446644,6448.71464103,2257.76555827,2257.75895529,0.04256630,1003.36212295,0.01998457,0.01998457,30990,95,0
6448.92282855,6448.92275337,2265.64075042,2265.64359669,0.05280303,1003.44041907,0.01998457,0.01998457,30989,95,0
6449.13064874,6449.13087915,2273.52492130,2273.51618830,0.03019701,1003.51746576,0.01998457,0.01998457,30988,95,0
6449.33825866,6449.33901836,2281.41827104,2281.38944492,0.05367153,1003.59338994,0.01998456,0.01998457,30987,95,0
6449.54689116,6449.54717100,2289.32076504,2289.31013502,0.05554750,1003.66863227,0.01998457,0.01998457,30986,95,0
6449.75471765,6449.75533708,2297.23234585,2297.20879090,0.04568145,1003.74252738,0.01998456,0.01998457,30985,95,0
6449.96336279,6449.96351660,2305.15295561,2305.14710050,0.03975595,1003.81564861,0.01998457,0.01998457,30984,95,0
6450.17101462,6450.17170956,2313.08251717,2313.05603486,0.04489312,1003.88735792,0.01998456,0.01998457,30983,95,0
6450.38004532,6450.37991596,2321.02086565,2321.02580052,0.03182857,1003.95846640,0.01998457,0.01998457,30982,95,0
6450.58801609,6450.58813579,2328.96780990,2328.96323892,0.03676510,1004.02813671,0.01998457,0.01998457,30981,95,0
6450.79638274,6450.79636908,2336.92315744,2336.92367983,0.03979627,1004.09685654,0.01998457,0.01998457,30980,95,0
6451.00455480,6451.00461580,2344.88674205,2344.88440818,0.03429412,1004.16442478,0.01998457,0.01998457,30979,95,0
6451.21307115,6451.21287597,2352.85877626,2352.86625136,0.03263994,1004.23101357,0.01998457,0.01998457,30978,95,0
6451.42166940,6451.42114959,2360.83975032,2360.85968050,0.04250040,1004.29653630,0.01998457,0.01998457,30977,95,0
6451.62993895,6451.62943665,2368.83016402,2368.84944463,0.04522162,1004.36086627,0.01998457,0.01998457,30976,95,0
6451.83746139,6451.83773716,2376.83051602,2376.81991777,0.04310752,1004.42388268,0.01998457,0.01998457,30975,95,0
6452.04595786,6452.04605113,2384.84099328,2384.83740480,0.04407421,1004.48610373,0.01998457,0.01998457,30974,95,0
6452.25454998,6452.25437854,2392.86126693,2392.86787074,0.04143381,1004.54725219,0.01998457,0.01998457,30973,95,0
6452.46303742,6452.46271941,2400.89095779,2400.90322089,0.05146486,1004.60726252,0.01998457,0.01998457,30972,95,0
6452.67144005,6452.67107373,2408.92968404,2408.94382447,0.03613931,1004.66613530,0.01998457,0.01998457,30971,95,0
6452.87927429,6452.87944151,2416.97715298,2416.97069130,0.04066084,1004.72373334,0.01998457,0.01998457,30970,95,0
6453.08764694,6453.08782274,2425.03341196,2425.02661161,0.03887470,1004.78036037,0.01998457,0.01998457,30969,95,0
6453.29586343,6453.29621744,2433.09858828,2433.08488050,0.04196635,1004.83582178,0.01998457,0.01998457,30968,95,0
6453.50448175,6453.50462559,2441.17281010,2441.16723453,0.03796325,1004.89026138,0.01998457,0.01998457,30967,95,0
6453.71248352,6453.71304720,2449.25622392,2449.23435025,0.04452432,1004.94341237,0.01998457,0.01998457,30966,95,0
6453.92074902,6453.92148228,2457.34912622,2457.32063993,0.04598143,1004.99550064,0.01998457,0.01998457,30965,95,0
6454.13018369,6454.12993081,2465.45189098,2465.46172657,0.05177813,1005.04673932,0.01998457,0.01998457,30964,95,0
6454.33900205,6454.33839282,2473.56489535,2473.58862029,0.05219911,1005.09668521,0.01998457,0.01998457,30963,95,0
6454.54672759,6454.54686829,2481.68849657,2481.68301052,0.04597946,1005.14523616,0.01998457,0.01998457,30962,95,0
6454.75521061,6454.75535722,2489.82256064,2489.81683712,0.04017887,1005.19282217,0.01998457,0.01998457,30961,95,0
6454.96418268,6454.96385963,2497.96647118,2497.97909623,0.04233383,1005.23936379,0.01998457,0.01998457,30960,95,0
6455.17262486,6455.17237550,2506.11958746,2506.12934234,0.04785223,1005.28462679,0.01998457,0.01998457,30959,95,0
6455.38067730,6455.38090485,2514.28126864,2514.27235854,0.04622278,1005.32864203,0.01998457,0.01998457,30958,95,0
6455.58902197,6455.58944767,2522.45126363,2522.43457800,0.05776116,1005.37154973,0.01998457,0.01998457,30957,95,0
6455.79819425,6455.79800396,2530.63001682,2530.63748329,0.04783545,1005.41344950,0.01998457,0.01998457,30956,95,0
6456.00660069,6456.00657373,2538.81804701,2538.81910615,0.03500854,1005.45402050,0.01998457,0.01998457,30955,95,0
6456.21532354,6456.21515697,2547.01587660,2547.02242698,0.03609987,1005.49347577,0.01998457,0.01998457,30954,95,0
6456.42334569,6456.42375369,2555.22388337,2555.20781950,0.03631527,1005.53162391,0.01998457,0.01998457,30953,95,0
6456.63186074,6456.63236389,2563.44198053,2563.42214775,0.05013340,1005.56868089,0.01998457,0.01998457,30952,95,0
6456.84050835,6456.84098757,2571.66998881,2571.65107787,0.04966859,1005.60457229,0.01998457,0.01998457,30951,95,0
6457.04971651,6457.04962474,2579.90772762,2579.91135301,0.03089263,1005.63936085,0.01998457,0.01998457,30950,95,0
6457.25776640,6457.25827538,2588.15505500,2588.13492532,0.03948836,1005.67276119,0.01998457,0.01998457,30949,95,0
6457.46686248,6457.46693951,2596.41204645,2596.40899650,0.06375365,1005.70512440,0.01998457,0.01998457,30948,95,0
6457.67542002,6457.67561713,2604.67885225,2604.67103920,0.04599779,1005.73619726,0.01998457,0.01998457,30947,95,0
6457.88427412,6457.88430823,2612.95562376,2612.95427015,0.04900556,1005.76610265,0.01998457,0.01998457,30946,95,0
6458.09288418,6458.09301282,2621.24251460,2621.23740376,0.04291844,1005.79475897,0.01998457,0.01998457,30945,95,0
6458.30148907,6458.30173090,2629.53969042,2629.53007130,0.05695327,1005.82219742,0.01998457,0.01998457,30944,95,0
6458.51025231,6458.51046247,2637.84732393,2637.83895418,0.03665484,1005.84843431,0.01998457,0.01998457,30943,95,0
6458.71931586,6458.71920754,2646.16558910,2646.16990822,0.04142258,1005.87347945,0.01998457,0.01998457,30942,95,0
6458.92804360,6458.92796609,2654.49464993,2654.49774436,0.05746581,1005.89725284,0.01998457,0.01998457,30941,95,0
6459.13644963,6459.13673814,2662.83449925,2662.82296714,0.02995039,1005.91975722,0.01998457,0.01998457,30940,95,0
6459.34545226,6459.34552369,2671.18499467,2671.18213590,0.03865161,1005.94108432,0.01998457,0.01998457,30939,95,0
6459.55387921,6459.55432274,2679.54598905,2679.52821828,0.05282952,1005.96110941,0.01998457,0.01998457,30938,95,0
6459.76316168,6459.76313528,2687.91734004,2687.91839912,0.03442903,1005.97996262,0.01998457,0.01998457,30937,95,0
6459.97180473,6459.97196132,2696.29905915,2696.29277015,0.04118976,1005.99750290,0.01998457,0.01998457,30936,95,0
6460.18054986,6460.18080087,2704.69132435,2704.68123161,0.05314431,1006.01379328,0.01998457,0.01998457,30935,95,0
6460.38985236,6460.38965391,2713.09432308,2713.10231212,0.03422918,1006.02885905,0.01998457,0.01998457,30934,95,0
6460.59810404,6460.59852046,2721.50823971,2721.49145423,0.05587521,1006.04258459,0.01998457,0.01998457,30933,95,0
6460.80833569,6460.80740052,2729.93305755,2729.97079863,0.03055047,1006.05515634,0.01998457,0.01998457,30932,95,0
6461.01628246,6461.01629408,2738.36847765,2738.36800810,0.05107060,1006.06631694,0.01998457,0.01998457,30931,95,0
6461.22485339,6461.22520115,2746.81417786,2746.80011047,0.03448082,1006.07623283,0.01998457,0.01998457,30930,95,0
6461.43361860,6461.43412173,2755.26983689,2755.24946221,0.03197708,1006.08487129,0.01998457,0.01998457,30929,95,0
6461.64323765,6461.64305582,2763.73540226,2763.74277362,0.05519544,1006.09224551,0.01998457,0.01998457,30928,95,0
6461.85119869,6461.85200343,2772.21128713,2772.17862395,0.04380978,1006.09827056,0.01998457,0.01998457,30927,95,0
6462.06082156,6462.06096454,2780.69795372,2780.69214304,0.04837809,1006.10303829,0.01998457,0.01998457,30926,95,0
6462.26990097,6462.26993917,2789.19586644,2789.19431189,0.06244881,1006.10648352,0.01998457,0.01998457,30925,95,0
6462.47876627,6462.47892732,2797.70531466,2797.69875320,0.03981913,1006.10861388,0.01998457,0.01998457,30924,95,0
6462.68843715,6462.68792898,2806.22623119,2806.24696234,0.04157265,1006.10942908,0.01998457,0.01998457,30923,95,0
6462.89675650,6462.89694416,2814.75850531,2814.75084000,0.04867775,1006.10892086,0.01998457,0.01998457,30922,95,0
6463.10561202,6463.10597286,2823.30202552,2823.28726813,0.03920282,1006.10708739,0.01998457,0.01998457,30921,95,0
6463.31445770,6463.31501508,2831.85670695,2831.83388324,0.05095321,1006.10392354,0.01998457,0.01998457,30920,95,0
6463.52430839,6463.52407082,2840.42252528,2840.43226534,0.05094291,1006.09939944,0.01998457,0.01998457,30919,95,0
6463.73333108,6463.73314009,2848.99946422,2849.00730439,0.03156993,1006.09354799,0.01998457,0.01998457,30918,95,0
6463.94224533,6463.94222288,2857.58750713,2857.58842989,0.04508103,1006.08635316,0.01998457,0.01998457,30917,95,0
6464.15173283,6464.15131920,2866.18660099,2866.20362198,0.05643345,1006.07778208,0.01998457,0.01998457,30916,95,0
6464.36081364,6464.36042904,2874.79660827,2874.81245321,0.03994867,1006.06786849,0.01998457,0.01998457,30915,95,0
6464.56960984,6464.56955242,2883.41737840,2883.41974687,0.04894773,1006.05660871,0.01998457,0.01998457,30914,95,0
6464.77839639,6464.77868932,2892.04876028,2892.03666348,0.02722128,1006.04398624,0.01998457,0.01998457,30913,95,0
6464.98765854,6464.98783976,2900.69077408,2900.68328188,0.04720480,1006.02996243,0.01998457,0.01998457,30912,95,0
6465.19699035,6465.19700373,2909.34383458,2909.34328084,0.04803254,1006.01455360,0.01998457,0.01998457,30911,95,0
6465.40588558,6465.40618123,2918.00841470,2917.99616022,0.02811059,1005.99779477,0.01998457,0.01998457,30910,95,0
6465.61496667,6465.61537227,2926.68498964,2926.66815557,0.04762418,1005.97963229,0.01998457,0.01998457,30909,95,0
6465.82474872,6465.82457684,2935.37379764,2935.38094106,0.04597869,1005.96000660,0.01998457,0.01998457,30908,95,0
6466.03356230,6466.03379495,2944.07456758,2944.06488599,0.02534861,1005.93907171,0.01998457,0.01998457,30907,95,0
6466.24323276,6466.24302661,2952.78696079,2952.79555057,0.05475032,1005.91664123,0.01998457,0.01998457,30906,95,0
6466.45214496,6466.45227180,2961.51063816,2961.50534710,0.04325843,1005.89288267,0.01998457,0.01998457,30905,95,0
6466.66161184,6466.66153053,2970.24550457,2970.24890063,0.05862631,1005.86764397,0.01998457,0.01998457,30904,95,0
6466.87049157,6466.87080281,2978.99192401,2978.97890752,0.02721436,1005.84105687,0.01998457,0.01998457,30903,95,0
6467.07996680,6467.08008863,2987.75031355,2987.74521171,0.04340093,1005.81296414,0.01998457,0.01998457,30902,95,0
6467.28884845,6467.28938800,2996.52109015,2996.49846459,0.05177099,1005.78351839,0.01998457,0.01998457,30901,95,0
6467.49851012,6467.49870092,3005.30446606,3005.29645419,0.04434086,1005.75251765,0.01998457,0.01998457,30900,95,0
6467.70786735,6467.70802738,3014.10033278,3014.09360382,0.05867052,1005.72011200,0.01998457,0.01998457,30899,95,0
6467.91700578,6467.91736739,3022.90855316,3022.89332771,0.03310214,1005.68628846,0.01998457,0.01998457,30898,95,0
6468.12654595,6468.12672096,3031.72899340,3031.72161536,0.04716069,1005.65093964,0.01998457,0.01998457,30897,95,0
6468.33611959,6468.33608808,3040.56167482,3040.56300541,0.04026638,1005.61411745,0.01998457,0.01998457,30896,95,0
6468.54538843,6468.54546875,3049.40681013,3049.40341494,0.04296652,1005.57587761,0.01998457,0.01998457,30895,95,0
6468.75467452,6468.75486297,3058.26462539,3058.25664782,0.05237710,1005.53615757,0.01998457,0.01998457,30894,95,0
6468.96413693,6468.96427076,3067.13532787,3067.12965500,0.05579958,1005.49491827,0.01998457,0.01998457,30893,95,0
6469.17397629,6469.17369210,3076.01871889,3076.03078224,0.04014707,1005.45210932,0.01998457,0.01998457,30892,95,0
6469.38314011,6469.38312699,3084.91422387,3084.91478147,0.06078730,1005.40794569,0.01998457,0.01998457,30891,95,0
6469.59258924,6469.59257545,3093.82124949,3093.82183589,0.03076557,1005.36222619,0.01998457,0.01998457,30890,95,0
6469.80152929,6469.80203748,3102.73926817,3102.71761902,0.04580035,1005.31512415,0.01998457,0.01998457,30889,95,0
6470.01133490,6470.01151306,3111.66857905,3111.66097989,0.04268609,1005.26631916,0.01998457,0.01998457,30888,95,0
6470.22092726,6470.22100221,3120.61002399,3120.60682280,0.04146210,1005.21604511,0.01998457,0.01998457,30887,95,0
6470.43067736,6470.43050492,3129.56446106,3129.57183656,0.04108127,1005.16420294,0.01998457,0.01998457,30886,95,0
6470.64027870,6470.64002121,3138.53263711,3138.54366721,0.03858528,1005.11085773,0.01998457,0.01998457,30885,95,0
6470.84966005,6470.84955105,3147.51447378,3147.51914957,0.05144379,1005.05602575,0.01998457,0.01998457,30884,95,0
6471.05868006,6471.05909447,3156.50953562,3156.49173384,0.04226458,1004.99974683,0.01998457,0.01998457,30883,95,0
6471.26879055,6471.26865146,3165.51738196,3165.52336460,0.03338503,1004.94161866,0.01998457,0.01998457,30882,95,0
6471.47759845,6471.47822203,3174.53769565,3174.51083808,0.04212127,1004.88230181,0.01998457,0.01998457,30881,95,0
6471.68734916,6471.68780616,3183.57068339,3183.55097328,0.04490433,1004.82115519,0.01998457,0.01998457,30880,95,0
6471.89722553,6471.89740387,3192.61668975,3192.60898715,0.04764961,1004.75839671,0.01998457,0.01998457,30879,95,0
6472.10649176,6472.10701516,3201.67606153,3201.65342398,0.04220536,1004.69424323,0.01998457,0.01998457,30878,95,0
6472.31659073,6472.31664002,3210.74897947,3210.74684436,0.05080170,1004.62824226,0.01998457,0.01998457,30877,95,0
6472.52616583,6472.52627847,3219.83522989,3219.83034455,0.05238863,1004.56081164,0.01998457,0.01998457,30876,95,0
6472.73576919,6472.73593049,3228.93454053,3228.92753490,0.04967159,1004.49177519,0.01998457,0.01998457,30875,95,0
6472.94550138,6472.94559610,3238.04664351,3238.04252435,0.06043975,1004.42109390,0.01998457,0.01998457,30874,95,0
6473.15572217,6473.15527528,3247.17153896,3247.19100011,0.04035893,1004.34863337,0.01998457,0.01998457,30873,95,0
6473.36492741,6473.36496806,3256.30958080,3256.30780853,0.03755003,1004.27490919,0.01998457,0.01998457,30872,95,0
6473.57479206,6473.57467441,3265.46114985,3265.46628757,0.03365033,1004.19932581,0.01998457,0.01998457,30871,95,0
6473.78365762,6473.78439436,3274.62661103,3274.59438955,0.04408854,1004.12247502,0.01998457,0.01998457,30870,95,0
6473.99398613,6473.99412789,3283.80607968,3283.79987101,0.04090429,1004.04343783,0.01998457,0.01998457,30869,95,0
6474.20355297,6474.20387501,3292.99949371,3292.98536841,0.05554025,1003.96303585,0.01998457,0.01998457,30868,95,0
6474.41398254,6474.41363572,3302.20678661,3302.22202099,0.04513070,1003.88063854,0.01998457,0.01998457,30867,95,0
6474.62319889,6474.62341003,3311.42789461,3311.41860702,0.04487616,1003.79705687,0.01998457,0.01998457,30866,95,0
6474.83294308,6474.83319792,3320.66277226,3320.65154624,0.04441243,1003.71159725,0.01998457,0.01998457,30865,95,0
6475.04329420,6475.04299941,3329.91138023,3329.92438426,0.05347492,1003.62420765,0.01998457,0.01998457,30864,95,0
6475.25356954,6475.25281450,3339.17367909,3339.20703367,0.04150914,1003.53515906,0.01998457,0.01998457,30863,95,0
6475.46279780,6475.46264319,3348.44974978,3348.45658987,0.04062566,1003.44486893,0.01998457,0.01998457,30862,95,0
6475.67266780,6475.67248547,3357.73997009,3357.74804820,0.04361584,1003.35260297,0.01998457,0.01998457,30861,95,0
6475.88193393,6475.88234136,3367.04476571,3367.02668703,0.03813444,1003.25889721,0.01998457,0.01998457,30860,95,0
6476.09247720,6476.09221084,3376.36455309,3376.37639090,0.03700370,1003.16288970,0.01998457,0.01998457,30859,95,0
6476.30272979,6476.30209393,3385.69939756,3385.72769984,0.04621691,1003.06527519,0.01998457,0.01998457,30858,95,0
6476.51182674,6476.51199062,3395.04897584,3395.04167057,0.05598992,1002.96646928,0.01998457,0.01998457,30857,95,0
6476.72155504,6476.72190092,3404.41294174,3404.39750119,0.03479204,1002.86563068,0.01998457,0.01998457,30856,95,0
6476.93172863,6476.93182482,3413.79098892,3413.78668849,0.05640897,1002.76283181,0.01998457,0.01998457,30855,95,0
6477.14154671,6477.14176233,3423.18314434,3423.17349095,0.03528545,1002.65845607,0.01998457,0.01998457,30854,95,0
6477.35119262,6477.35171345,3432.58959283,3432.56624094,0.03974596,1002.55240988,0.01998457,0.01998457,30853,95,0
6477.56117753,6477.56167818,3442.01052172,3441.98804133,0.05205852,1002.44442344,0.01998457,0.01998457,30852,95,0
6477.77183964,6477.77165653,3451.44613136,3451.45436616,0.03169482,1002.33430044,0.01998457,0.01998457,30851,95,0
6477.98181329,6477.98164848,3460.89665539,3460.90407793,0.04583120,1002.22274492,0.01998457,0.01998457,30850,95,0
6478.19180721,6478.19165405,3470.36233493,3470.36924343,0.03335264,1002.10937859,0.01998457,0.01998457,30849,95,0
6478.40123902,6478.40167324,3479.84340424,3479.82378673,0.04451079,1001.99451254,0.01998457,0.01998457,30848,95,0
6478.61176996,6478.61170604,3489.33987585,3489.34276800,0.04808562,1001.87722089,0.01998457,0.01998457,30847,95,0
6478.82178535,6478.82175247,3498.85152906,3498.85301914,0.06102904,1001.75839077,0.01998457,0.01998457,30846,95,0
6479.03144670,6479.03181251,3508.37813005,3508.36152781,0.04238164,1001.63793758,0.01998457,0.01998457,30845,95,0
6479.24113439,6479.24188617,3517.91944189,3517.88527208,0.04676780,1001.51564273,0.01998457,0.01998457,30844,95,0
6479.45245190,6479.45197346,3527.47522091,3527.49699830,0.03370289,1001.39054517,0.01998458,0.01998457,30843,95,0
6479.66207915,6479.66207437,3537.04521935,3537.04543737,0.05247315,1001.26460723,0.01998457,0.01998457,30842,95,0
6479.87219910,6479.87218890,3546.62919197,3546.62965760,0.03468529,1001.13652944,0.01998457,0.01998457,30841,95,0
6480.08172016,6480.08231706,3556.22740454,3556.20011923,0.05329528,1001.00696806,0.01998457,0.01998457,30840,95,0
6480.29206009,6480.29245885,3565.84107448,3565.82281678,0.04639941,1000.87501958,0.01998457,0.01998457,30839,95,0
6480.50379612,6480.50261427,3575.47153356,3575.52574077,0.02999596,1000.74026538,0.01998458,0.01998457,30838,95,0
6480.71266587,6480.71278331,3585.11997313,3585.11457644,0.04998504,1000.60541298,0.01998457,0.01998457,30837,95,0
6480.92294662,6480.92296599,3594.78596464,3594.78507278,0.05225662,1000.46771800,0.01998457,0.01998457,30836,95,0
6481.13336773,6481.13316231,3604.46808946,3604.47755866,0.02642719,1000.32800276,0.01998457,0.01998457,30835,95,0
6481.34302551,6481.34337225,3614.16490251,3614.14889680,0.04557981,1000.18688884,0.01998457,0.01998457,30834,95,0
6481.55332614,6481.55359584,3623.87573619,3623.86326880,0.04769279,1000.04343397,0.01998457,0.01998457,30833,95,0
6481.76333350,6481.76383306,3633.60204098,3633.57891068,0.03405533,999.89824313,0.01998457,0.01998457,30832,95,0
6481.97359359,6481.97408391,3643.34563433,3643.32289045,0.05106438,999.75090394,0.01998457,0.01998457,30831,95,0
6482.18443086,6482.18434841,3653.10822794,3653.11205947,0.05730198,999.60114203,0.01998457,0.01998457,30830,95,0
6482.39481953,6482.39462655,3662.88969837,3662.89868288,0.04093332,999.44967626,0.01998457,0.01998457,30829,95,0
6482.60444452,6482.60491833,3672.68849395,3672.66639870,0.04383396,999.29676559,0.01998457,0.01998457,30828,95,0
6482.82264765,nan,0.00000000,3682.85808650,0.08629991,999.13536724,0.01998460,0.01998457,30827,95,1
6483.02506100,6483.02554283,3692.33224399,3692.30970906,0.03852511,998.98399976,0.01998457,0.01998457,30826,95,0
6483.23563113,6483.23587554,3702.17708737,3702.16563811,0.04625022,998.82442615,0.01998457,0.01998457,30825,95,0
6483.44589474,6483.44622191,3712.03881289,3712.02346073,0.04543775,998.66305394,0.01998457,0.01998457,30824,95,0
6483.65642689,6483.65658192,3721.91863029,3721.91134267,0.05410580,998.49941343,0.01998457,0.01998457,30823,95,0
6483.86644728,6483.86695558,3731.81660064,3731.79266482,0.04533203,998.33410429,0.01998457,0.01998457,30822,95,0
6484.07691974,6484.07734290,3741.73187145,3741.71191226,0.04885559,998.16637380,0.01998457,0.01998457,30821,95,0
6484.28762803,6484.28774387,3751.66355698,3751.65808468,0.05083176,997.99639041,0.01998458,0.01998457,30820,95,0
6484.49798863,6484.49815849,3761.61107516,3761.60303896,0.04634909,997.82462810,0.01998457,0.01998457,30819,95,0
6484.70901472,6484.70858677,3771.57471895,3771.59499828,0.05650821,997.65024151,0.01998458,0.01998457,30818,95,0
6484.91940045,6484.91902870,3781.55493811,3781.57258257,0.06133152,997.47429298,0.01998458,0.01998457,30817,95,0
6485.12990881,6485.12948429,3791.55217189,3791.57235429,0.05747043,997.29613560,0.01998458,0.01998458,30816,95,0
6485.33956306,6485.33995355,3801.56668880,3801.54809305,0.02465557,997.11659332,0.01998457,0.01998458,30815,95,0
6485.54987980,6485.55043646,3811.59864686,3811.57209347,0.05968334,996.93435833,0.01998457,0.01998458,30814,95,0
6485.75962108,6485.76093304,3821.64820327,3821.58551494,0.04308959,996.75049004,0.01998457,0.01998458,30813,95,0
6485.97165794,6485.97144328,3831.71545704,3831.72573158,0.04878177,996.56243401,0.01998458,0.01998458,30812,95,0
6486.18143519,6486.18196718,3841.80038718,3841.77488139,0.04917807,996.37422077,0.01998457,0.01998458,30811,95,0
6486.39241197,6486.39250475,3851.90295767,3851.89850195,0.03755673,996.18275447,0.01998457,0.01998458,30810,95,0
6486.60267172,6486.60305599,3862.02322247,3862.00473635,0.03732459,995.98975662,0.01998457,0.01998458,30809,95,0
6486.81344633,6486.81362090,3872.16185556,3872.15344281,0.05235079,995.79407714,0.01998457,0.01998458,30808,95,0
6487.02387189,6487.02419947,3882.31979756,3882.30398063,0.03239486,995.59648735,0.01998457,0.01998458,30807,95,0
6487.23489450,6487.23479172,3892.49796975,3892.50294221,0.05643387,995.39606630,0.01998457,0.01998458,30806,95,0
6487.44598634,6487.44539764,3902.69633561,3902.72486879,0.03577575,995.19329439,0.01998458,0.01998458,30805,95,0
6487.65549245,6487.65601724,3912.91370811,3912.88822819,0.04030845,994.98979883,0.01998457,0.01998458,30804,95,0
6487.86667310,6487.86665051,3923.14882024,3923.14991889,0.04082417,994.78242702,0.01998458,0.01998458,30803,95,0
6488.07682159,6488.07729746,3933.40102667,3933.37784651,0.05501564,994.57383031,0.01998457,0.01998458,30802,95,0
6488.28860018,6488.28795809,3943.67177098,3943.70310536,0.05379141,994.36131718,0.01998458,0.01998458,30801,95,0
6488.49800861,6488.49863239,3953.96294391,3953.93244160,0.03325714,994.14886473,0.01998457,0.01998458,30800,95,0
6488.70928667,6488.70932038,3964.27618425,3964.27453244,0.04844818,993.93213419,0.01998458,0.01998458,30799,95,0
6488.92012996,6488.92002205,3974.61048655,3974.61578377,0.05600846,993.71347452,0.01998458,0.01998458,30798,95,0
6489.13126037,6489.13073740,3984.96332977,3984.98904401,0.04240382,993.49218231,0.01998458,0.01998458,30797,95,0
6489.34148335,6489.34146644,3995.33220253,3995.33303486,0.04100131,993.26956400,0.01998458,0.01998458,30796,95,0
6489.55234984,6489.55220917,4005.71686057,4005.72379837,0.06022174,993.04397803,0.01998458,0.01998458,30795,95,0
6489.76331930,6489.76296558,4016.12013420,4016.13761103,0.05260808,992.81591962,0.01998458,0.01998458,30794,95,0
6489.97326988,6489.97373568,4026.54510051,4026.52203613,0.04666340,992.58653886,0.01998457,0.01998458,30793,95,0
6490.18435796,6490.18451947,4036.99375293,4036.98573854,0.03102069,992.35342122,0.01998458,0.01998458,30792,95,0
6490.39568205,6490.39531695,4047.46459223,4047.48274500,0.04222746,992.11755876,0.01998458,0.01998458,30791,95,0
6490.60589573,6490.60612813,4057.95541298,4057.94383804,0.03109850,991.88050746,0.01998458,0.01998458,30790,95,0
6490.81714004,6490.81695300,4068.46425640,4068.47358758,0.04896950,991.63988829,0.01998458,0.01998458,30789,95,0
6491.02750789,6491.02779156,4078.99119021,4078.97701473,0.03626108,991.39785948,0.01998458,0.01998458,30788,95,0
nan,nan,0.00000000,-1.00000000,0.00000000,991.14169838,nan,0.00000000,-2147483648,95,1
nan,nan,0.00000000,-1.00000000,0.00000000,985.64516442,nan,0.00000000,-2147483648,94,1
6448.50434711,6448.50654211,0.00000000,9.59698225,0.06533511,985.93222725,0.01998456,0.01998457,30991,94,1
6448.71756011,6448.71464103,0.00000000,15.79304150,0.10801485,986.24934442,0.01998458,0.01998457,30990,94,1
6448.92547978,6448.92275337,0.00000000,21.83884336,0.04335407,986.55809106,0.01998458,0.01998457,30989,94,1
6449.13360265,6449.13087915,0.00000000,27.89409048,0.07442531,986.86664659,0.01998458,0.01998457,30988,94,1
6449.33906607,6449.33901836,33.88339129,33.88478079,0.04861278,987.17124929,0.01998457,0.01998457,30987,94,0
6449.54700616,6449.54717100,39.94733325,39.94252963,0.02721124,987.47859088,0.01998457,0.01998457,30986,94,0
6449.75476117,6449.75533708,46.01536776,45.99857489,0.07727298,987.78517186,0.01998457,0.01998457,30985,94,0
6449.96236703,6449.96351660,52.08734898,52.05380995,0.05484295,988.09103791,0.01998456,0.01998457,30984,94,0
6450.17194139,6450.17170956,58.16313037,58.16989780,0.06000622,988.39929375,0.01998457,0.01998457,30983,94,0
6450.38428561,6450.37991596,0.00000000,64.35709014,0.05880286,988.71043385,0.01998458,0.01998457,30982,94,1
6450.58927727,6450.58813579,70.32550469,70.35886009,0.05386697,989.01157730,0.01998457,0.01998457,30981,94,0
6450.79825495,6450.79636908,76.41188542,76.46702144,0.07180860,989.31737941,0.01998457,0.01998457,30980,94,0
6451.00527483,6451.00461580,82.50184686,82.52112486,0.07146504,989.61979864,0.01998457,0.01998457,30979,94,0
6451.21423563,6451.21287597,88.59556036,88.63535549,0.08895267,989.92453788,0.01998457,0.01998457,30978,94,0
6451.42173874,6451.42114959,94.69319794,94.71045193,0.04056389,990.22664635,0.01998457,0.01998457,30977,94,0
6451.62917251,6451.62943665,100.79493230,100.78719203,0.06705280,990.52815820,0.01998457,0.01998457,30976,94,0
6451.84074204,6451.83773716,0.00000000,106.98268483,0.02492976,990.83486383,0.01998458,0.01998457,30975,94,1
6452.04665619,6452.04605113,113.01126044,113.02901402,0.05712333,991.13350527,0.01998457,0.01998457,30974,94,0
6452.25218753,6452.25437854,119.12588344,119.06155481,0.04845164,991.43079640,0.01998456,0.01998457,30973,94,0
6452.46318369,6452.46271941,125.24476190,125.25840183,0.06013761,991.73548868,0.01998457,0.01998457,30972,94,0
6452.67436416,6452.67107373,0.00000000,131.46000839,0.02665757,992.03970881,0.01998458,0.01998457,30971,94,1
6452.88131633,6452.87944151,137.49512895,137.55027703,0.06130127,992.33777973,0.01998457,0.01998457,30970,94,0
6453.08759314,6453.08782274,143.62653612,143.61977826,0.04311716,992.63415647,0.01998457,0.01998457,30969,94,0
6453.29450221,6453.29621744,149.76202038,149.71150634,0.03635428,992.93093825,0.01998456,0.01998457,30968,94,0
6453.50433360,6453.50462559,155.90151831,155.89291422,0.04736307,993.23139247,0.01998457,0.01998457,30967,94,0
6453.71329695,6453.71304720,162.04496621,162.05232999,0.01681528,993.53007977,0.01998457,0.01998457,30966,94,0
6453.92154509,6453.92148228,168.19230015,168.19415316,0.04693909,993.82722024,0.01998457,0.01998457,30965,94,0
6454.13065478,6454.12993081,174.34345690,174.36482641,0.04079055,994.12505889,0.01998457,0.01998457,30964,94,0
6454.33963925,6454.33839282,180.49845147,180.53526410,0.06610060,994.42218702,0.01998457,0.01998457,30963,94,0
6454.54703304,6454.54686829,186.65743323,186.66230215,0.05210755,994.71653357,0.01998457,0.01998457,30962,94,0
6454.75524654,6454.75535722,192.82056529,192.81729250,0.06300406,995.01152896,0.01998457,0.01998457,30961,94,0
6454.96440554,6454.96385963,198.98801143,199.00416461,0.03890751,995.30735141,0.01998457,0.01998457,30960,94,0
6455.16946196,6455.17237550,0.00000000,205.07602574,0.04695136,995.59699140,0.01998456,0.01998457,30959,94,1
6455.38146391,6455.38090485,211.33648403,211.35304897,0.06738742,995.89570651,0.01998457,0.01998457,30958,94,0
6455.58957535,6455.58944767,217.51760183,217.52138759,0.07027601,996.18854483,0.01998457,0.01998457,30957,94,0
6455.79776955,6455.79800396,223.70312335,223.69616880,0.04711214,996.48098947,0.01998457,0.01998457,30956,94,0
6456.00793253,6456.00657373,229.89288052,229.93321807,0.03763878,996.77567269,0.01998457,0.01998457,30955,94,0
6456.21537854,6456.21515697,236.08670456,236.09328576,0.02606665,997.06601788,0.01998457,0.01998457,30954,94,0
6456.42449103,6456.42375369,242.28442619,242.30633958,0.06039623,997.35815498,0.01998457,0.01998457,30953,94,0
6456.63240223,6456.63236389,248.48595234,248.48709228,0.07297181,997.64807031,0.01998457,0.01998457,30952,94,0
6456.84148877,6456.84098757,254.69138428,254.70629659,0.05948114,997.93908159,0.01998457,0.01998457,30951,94,0
6457.04907852,6457.04962474,260.90085404,260.88459251,0.02394861,998.22747582,0.01998457,0.01998457,30950,94,0
6457.25702730,6457.25827538,267.11449418,267.07731459,0.04101163,998.51584049,0.01998456,0.01998457,30949,94,0
6457.46719690,6457.46693951,273.33243780,273.34010997,0.06988894,998.80675240,0.01998457,0.01998457,30948,94,0
6457.67281035,6457.67561713,0.00000000,279.47810046,0.07370414,999.09116866,0.01998456,0.01998457,30947,94,1
6457.88476563,6457.88430823,285.78166977,285.79532201,0.04620903,999.38316808,0.01998457,0.01998457,30946,94,0
6458.09336793,6458.09301282,292.01300063,292.02360659,0.01985757,999.67033975,0.01998457,0.01998457,30945,94,0
6458.30197303,6458.30173090,298.24879658,298.25603305,0.06136344,999.95698995,0.01998457,0.01998457,30944,94,0
6458.51047633,6458.51046247,304.48904859,304.48946303,0.06803782,1000.24297349,0.01998457,0.01998457,30943,94,0
6458.71842473,6458.71920754,310.73374760,310.71032206,0.03183966,1000.52766959,0.01998457,0.01998457,30942,94,0
6458.92838103,6458.92796609,316.98289027,316.99531530,0.03968276,1000.81457982,0.01998457,0.01998457,30941,94,0
6459.13672265,6459.13673814,323.23649043,323.23602628,0.04951557,1001.09875158,0.01998457,0.01998457,30940,94,0
6459.34505759,6459.34552369,329.49456516,329.48058976,0.05921255,1001.38238368,0.01998457,0.01998457,30939,94,0
6459.55351223,6459.55432274,335.75713161,335.73281388,0.05723356,1001.66564714,0.01998457,0.01998457,30938,94,0
6459.76272685,6459.76313528,342.02420699,342.01194497,0.04473942,1001.94940802,0.01998457,0.01998457,30937,94,0
6459.97100817,6459.97196132,348.29580544,348.26717053,0.05447290,1002.23136955,0.01998457,0.01998457,30936,94,0
6460.18186625,6460.18080087,354.57189418,354.60392160,0.04785101,1002.51627422,0.01998457,0.01998457,30935,94,0
6460.38880371,6460.38965391,360.85240425,360.82682949,0.03884741,1002.79534372,0.01998457,0.01998457,30934,94,0
6460.59873326,6460.59852046,367.13726543,367.14367043,0.01588108,1003.07789937,0.01998457,0.01998457,30933,94,0
6460.80731430,6460.80740052,373.42640723,373.42381057,0.06617992,1003.35808799,0.01998457,0.01998457,30932,94,0
6461.01655820,6461.01629408,379.71975889,379.72771820,0.03396589,1003.63860965,0.01998457,0.01998457,30931,94,0
6461.22594368,6461.22520115,386.01728640,386.03967666,0.03464866,1003.91875950,0.01998457,0.01998457,30930,94,0
6461.43418370,6461.43412173,392.31905816,392.32092790,0.04304677,1004.19682123,0.01998457,0.01998457,30929,94,0
6461.64289224,6461.64305582,398.62516042,398.62022152,0.04917290,1004.47495516,0.01998457,0.01998457,30928,94,0
6461.85179413,6461.85200343,404.93567983,404.92935660,0.03689694,1004.75279438,0.01998457,0.01998457,30927,94,0
6462.06100287,6462.06096454,411.25070336,411.25186208,0.05467032,1005.03049031,0.01998457,0.01998457,30926,94,0
6462.27010816,6462.26993917,417.57031332,417.57542548,0.05591195,1005.30749968,0.01998457,0.01998457,30925,94,0
6462.47832549,6462.47892732,423.89453403,423.87631614,0.06095410,1005.58278673,0.01998457,0.01998457,30924,94,0
6462.68677245,6462.68792898,430.22335257,430.18832013,0.06004068,1005.85782962,0.01998457,0.01998457,30923,94,0
6462.89722508,6462.89694416,436.55675532,436.56527050,0.04795891,1006.13496090,0.01998457,0.01998457,30922,94,0
6463.10609434,6463.10597286,442.89472862,442.89841323,0.03036275,1006.40945065,0.01998457,0.01998457,30921,94,0
6463.31501820,6463.31501508,449.23725875,449.23735354,0.04101224,1006.68345551,0.01998457,0.01998457,30920,94,0
6463.52234513,6463.52407082,455.58433738,455.53192732,0.06403716,1006.95481384,0.01998457,0.01998457,30919,94,0
6463.73361617,6463.73314009,461.93596711,461.95043555,0.04219200,1007.23076721,0.01998457,0.01998457,30918,94,0
6463.94172159,6463.94222288,468.29215187,468.27690757,0.04997767,1007.50202479,0.01998457,0.01998457,30917,94,0
6464.14999393,6464.15131920,474.65289560,474.61256753,0.05868674,1007.77294124,0.01998457,0.01998457,30916,94,0
6464.36052791,6464.36042904,481.01820225,481.02121259,0.02593481,1008.04623022,0.01998457,0.01998457,30915,94,0
6464.56969016,6464.56955242,487.38806633,487.39226325,0.05358971,1008.31717004,0.01998457,0.01998457,30914,94,0
6464.77759562,6464.77868932,493.76241691,493.72907130,0.02387922,1008.58591587,0.01998457,0.01998457,30913,94,0
6464.98729039,6464.98783976,500.14115518,500.12439533,0.02340982,1008.85639738,0.01998457,0.01998457,30912,94,0
6465.19822384,6465.19700373,506.52418179,506.56142699,0.05873878,1009.12788614,0.01998458,0.01998457,30911,94,0
6465.40608063,6465.40618123,512.91139694,512.90832427,0.03406244,1009.39483010,0.01998457,0.01998457,30910,94,0
6465.61595434,6465.61537227,519.30270562,519.32049451,0.06744539,1009.66376994,0.01998457,0.01998457,30909,94,0
6465.82437186,6465.82457684,525.69818436,525.69191615,0.04902492,1009.93025462,0.01998457,0.01998457,30908,94,0
6466.03338982,6466.03379495,532.09811719,532.08572030,0.02428100,1010.19692786,0.01998457,0.01998457,30907,94,0
6466.24309536,6466.24302661,538.50280163,538.50490694,0.05212274,1010.46390642,0.01998457,0.01998457,30906,94,0
6466.45219013,6466.45227180,544.91253655,544.91003391,0.04491977,1010.72954792,0.01998457,0.01998457,30905,94,0
6466.66170196,6466.66153053,551.32762205,551.33287961,0.06638876,1010.99516968,0.01998457,0.01998457,30904,94,0
6466.86995313,6466.87080281,557.74823040,557.72215168,0.03315606,1011.25865330,0.01998457,0.01998457,30903,94,0
6467.08047823,6467.08008863,564.17409937,564.18606581,0.04289277,1011.52445421,0.01998457,0.01998457,30902,94,0
6467.28880318,6467.28938800,570.60487399,570.58689937,0.05589779,1011.78690714,0.01998457,0.01998457,30901,94,0
6467.49847348,6467.49870092,577.04019773,577.03320299,0.03985472,1012.05046613,0.01998457,0.01998457,30900,94,0
6467.70770570,6467.70802738,583.47971248,583.46981393,0.04712979,1012.31286956,0.01998457,0.01998457,30899,94,0
6467.91732205,6467.91736739,589.92310045,589.92170437,0.02693851,1012.57513450,0.01998457,0.01998457,30898,94,0
6468.12722213,6468.12672096,596.37046498,596.38590400,0.04859709,1012.83713538,0.01998457,0.01998457,30897,94,0
6468.33668648,6468.33608808,602.82215455,602.84060044,0.02637557,1013.09798762,0.01998457,0.01998457,30896,94,0
6468.54625696,6468.54546875,609.27852218,609.30283573,0.05576785,1013.35838035,0.01998457,0.01998457,30895,94,0
6468.75514052,6468.75486297,615.73992246,615.74848999,0.02602805,1013.61734329,0.01998457,0.01998457,30894,94,0
6468.96408337,6468.96427076,622.20670556,622.20091656,0.06438767,1013.87581646,0.01998457,0.01998457,30893,94,0
6469.17358461,6469.17369210,628.67895807,628.67563481,0.05792075,1014.13441641,0.01998457,0.01998457,30892,94,0
6469.38245389,6469.38312699,635.15640111,635.13557595,0.03905497,1014.39166133,0.01998457,0.01998457,30891,94,0
6469.59253145,6469.59257545,641.63872789,641.63736552,0.04718746,1014.64980135,0.01998457,0.01998457,30890,94,0
6469.80216799,6469.80203748,648.12563022,648.12967331,0.03393055,1014.90679276,0.01998457,0.01998457,30889,94,0
6470.01088732,6470.01151306,654.61679855,654.59740271,0.05214563,1015.16204410,0.01998457,0.01998457,30888,94,0
6470.22104751,6470.22100221,661.11205711,661.11346204,0.02487212,1015.41842850,0.01998457,0.01998457,30887,94,0
6470.43044120,6470.43050492,667.61166969,667.60969218,0.06403655,1015.67325910,0.01998457,0.01998457,30886,94,0
6470.63941946,6470.64002121,674.11599083,674.09730347,0.01584785,1015.92698076,0.01998457,0.01998457,30885,94,0
6470.84818077,6470.84955105,680.62537664,680.58279071,0.04574743,1016.17984941,0.01998457,0.01998457,30884,94,0
6471.05856438,6471.05909447,687.14018485,687.12369738,0.04142428,1016.43409921,0.01998457,0.01998457,30883,94,0
6471.26876287,6471.26865146,693.66071915,693.66418701,0.05953258,1016.68754992,0.01998457,0.01998457,30882,94,0
6471.47899130,6471.47822203,700.18684765,700.21081234,0.02210138,1016.94045447,0.01998457,0.01998457,30881,94,0
6471.68701571,6471.68780616,706.71823132,706.69358941,0.06634815,1017.19011967,0.01998457,0.01998457,30880,94,0
6471.89792436,6471.89740387,713.25452837,713.27076505,0.05939077,1017.44263447,0.01998457,0.01998457,30879,94,0
6472.10774216,6472.10701516,719.79539545,719.81808799,0.03921317,1017.69321700,0.01998457,0.01998457,30878,94,0
6472.31740192,6472.31664002,726.34050212,726.36429749,0.05436597,1017.94297280,0.01998457,0.01998457,30877,94,0
6472.52651029,6472.52627847,732.88982807,732.89707270,0.03367676,1018.19143442,0.01998457,0.01998457,30876,94,0
6472.73570048,6472.73593049,739.44365311,739.43646059,0.05207271,1018.43936558,0.01998457,0.01998457,30875,94,0
6472.94590927,6472.94559610,746.00227052,746.01207032,0.02081657,1018.68788120,0.01998457,0.01998457,30874,94,0
6473.15643528,6473.15527528,752.56597488,752.60230032,0.04960910,1018.93615573,0.01998458,0.01998457,30873,94,0
6473.36463528,6473.36496806,759.13506073,759.12463162,0.02517898,1019.18109007,0.01998457,0.01998457,30872,94,0
6473.57429881,6473.57467441,765.70968173,765.69790157,0.06139835,1019.42715002,0.01998457,0.01998457,30871,94,0
6473.78479191,6473.78439436,772.28972973,772.30220790,0.04526747,1019.67357583,0.01998457,0.01998457,30870,94,0
6473.99446383,6473.99412789,778.87506772,778.88561981,0.04013955,1019.91842802,0.01998457,0.01998457,30869,94,0
6474.20337896,6474.20387501,785.46555810,785.44996627,0.03563460,1020.16178185,0.01998457,0.01998457,30868,94,0
6474.41347519,6474.41363572,792.06106257,792.05601321,0.02973310,1020.40588599,0.01998457,0.01998457,30867,94,0
6474.62315985,6474.62341003,798.66148228,798.65360787,0.06014532,1020.64888123,0.01998457,0.01998457,30866,94,0
6474.83333054,6474.83319792,805.26685840,805.27103554,0.05060765,1020.89180732,0.01998457,0.01998457,30865,94,0
6475.04356427,6475.04299941,811.87726306,811.89506676,0.03491323,1021.13417384,0.01998457,0.01998457,30864,94,0
6475.25203101,6475.25281450,818.49276873,818.46805643,0.06320064,1021.37387970,0.01998457,0.01998457,30863,94,0
6475.46267848,6475.46264319,825.11344821,825.11456219,0.02681469,1021.61546325,0.01998457,0.01998457,30862,94,0
6475.67190132,6475.67248547,831.73936645,831.72091472,0.06125291,1021.85478690,0.01998457,0.01998457,30861,94,0
6475.88243083,6475.88234136,838.37053556,838.37336393,0.05272787,1022.09497411,0.01998457,0.01998457,30860,94,0
6476.09243270,6476.09221084,845.00694639,845.01396446,0.02643718,1022.33392655,0.01998457,0.01998457,30859,94,0
6476.30262489,6476.30209393,851.64858972,851.66539790,0.04406086,1022.57246062,0.01998457,0.01998457,30858,94,0
6476.51280255,6476.51199062,858.29545626,858.32117715,0.05358366,1022.81034094,0.01998457,0.01998457,30857,94,0
6476.72182752,6476.72190092,864.94754508,864.94521826,0.02623775,1023.04628286,0.01998457,0.01998457,30856,94,0
6476.93236229,6476.93182482,871.60495661,871.62200818,0.05115902,1023.28329194,0.01998457,0.01998457,30855,94,0
6477.14141291,6477.14176233,878.26785883,878.25676470,0.06181333,1023.51800174,0.01998457,0.01998457,30854,94,0
6477.35103516,6477.35171345,884.93642168,884.91486878,0.02683156,1023.75272858,0.01998457,0.01998457,30853,94,0
6477.56075913,6477.56167818,891.61081591,891.58158898,0.04130005,1023.98694734,0.01998457,0.01998457,30852,94,0
6477.77175314,6477.77165653,898.29120240,898.29427747,0.05155276,1024.22196032,0.01998457,0.01998457,30851,94,0
6477.98178881,6477.98164848,904.97749228,904.98196201,0.02610359,1024.45527896,0.01998457,0.01998457,30850,94,0
6478.19098497,6478.19165405,911.66934259,911.64801452,0.04517679,1024.68702948,0.01998457,0.01998457,30849,94,0
6478.40173453,6478.40167324,918.36639746,918.36835252,0.04527497,1024.91984525,0.01998457,0.01998457,30848,94,0
6478.61053556,6478.61170604,925.06829932,925.03093908,0.01298299,1025.14984559,0.01998457,0.01998457,30847,94,0
6478.82108533,6478.82175247,931.77469437,931.75338789,0.06217686,1025.38109032,0.01998457,0.01998457,30846,94,0
6479.03190058,6479.03181251,938.48551153,938.48832620,0.04613544,1025.61193659,0.01998457,0.01998457,30845,94,0
6479.24231577,6479.24188617,945.20109632,945.21483421,0.04005449,1025.84166665,0.01998458,0.01998457,30844,94,0
6479.45095898,6479.45197346,951.92182914,951.88936389,0.06711654,1026.06880434,0.01998457,0.01998457,30843,94,0
6479.66264704,6479.66207437,958.64809216,958.66643318,0.04905796,1026.29859871,0.01998458,0.01998457,30842,94,0
6479.87240742,6479.87218890,965.38026794,965.38727239,0.04812158,1026.52565775,0.01998457,0.01998457,30841,94,0
6480.08207071,6480.08231706,972.11853362,972.11063073,0.06374212,1026.75197622,0.01998457,0.01998457,30840,94,0
6480.29229102,6480.29245885,978.86264678,978.85725870,0.01646331,1026.97824788,0.01998457,0.01998457,30839,94,0
6480.50157283,6480.50261427,985.61231297,985.57885265,0.03669428,1027.20285307,0.01998457,0.01998457,30838,94,0
6480.71296266,6480.71278331,992.36723627,992.37300262,0.05016913,1027.42904403,0.01998458,0.01998457,30837,94,0
6480.92203985,6480.92296599,999.12711955,999.09732337,0.05953616,1027.65208002,0.01998457,0.01998457,30836,94,0
6481.13276971,6481.13316231,1005.89179187,1005.87915286,0.01868539,1027.87618695,0.01998457,0.01998457,30835,94,0
6481.34266484,6481.34337225,1012.66142380,1012.63863430,0.04412505,1028.09871947,0.01998457,0.01998457,30834,94,0
6481.55388475,6481.55359584,1019.43624353,1019.44555764,0.04466994,1028.32197055,0.01998458,0.01998457,30833,94,0
6481.76419463,6481.76383306,1026.21648036,1026.22814565,0.06247418,1028.54358179,0.01998458,0.01998457,30832,94,0
6481.97419697,6481.97408391,1033.00236470,1033.00601496,0.03081795,1028.76419959,0.01998458,0.01998457,30831,94,0
6482.18424547,6482.18434841,1039.79405669,1039.79073036,0.05913691,1028.98420001,0.01998457,0.01998457,30830,94,0
6482.39447738,6482.39462655,1046.59147662,1046.58665279,0.04271169,1029.20372113,0.01998457,0.01998457,30829,94,0
6482.60434726,6482.60491833,1053.39449371,1053.37601231,0.04912899,1029.42218812,0.01998457,0.01998457,30828,94,0
6482.81567399,6482.81522376,1060.20297651,1060.21755789,0.05005624,1029.64148292,0.01998458,0.01998457,30827,94,0
6483.02551631,6483.02554283,1067.01679291,1067.01593338,0.01752267,1029.85854740,0.01998458,0.01998457,30826,94,0
6483.23521889,6483.23587554,1073.83584228,1073.81454582,0.07033799,1030.07477554,0.01998457,0.01998457,30825,94,0
6483.44578572,6483.44622191,1080.66015209,1080.64599588,0.04979775,1030.29119806,0.01998457,0.01998457,30824,94,0
6483.65633664,6483.65658192,1087.48978206,1087.48181579,0.04319131,1030.50690616,0.01998457,0.01998457,30823,94,0
6483.86703276,6483.86695558,1094.32479223,1094.32730046,0.04868901,1030.72206435,0.01998458,0.01998457,30822,94,0
6484.07729299,6484.07734290,1101.16524289,1101.16361969,0.05762300,1030.93608072,0.01998457,0.01998457,30821,94,0
6484.28783376,6484.28774387,1108.01121967,1108.01414566,0.02686362,1031.14968603,0.01998457,0.01998457,30820,94,0
6484.49759253,6484.49815849,1114.86292015,1114.84448348,0.06406142,1031.36180899,0.01998457,0.01998457,30819,94,0
6484.70850718,6484.70858677,1121.72057402,1121.71797935,0.04443814,1031.57441259,0.01998457,0.01998457,30818,94,0
6484.91937946,6484.91902870,1128.58441207,1128.59585733,0.04806088,1031.78628857,0.01998458,0.01998457,30817,94,0
6485.12900605,6485.12948429,1135.45466626,1135.43904734,0.04282269,1031.99623907,0.01998457,0.01998458,30816,94,0
6485.33985495,6485.33995355,1142.33148497,1142.32826201,0.03429211,1032.20673830,0.01998457,0.01998458,30815,94,0
6485.55029660,6485.55043646,1149.21462165,1149.21004603,0.05866486,1032.41614568,0.01998457,0.01998458,30814,94,0
6485.76137720,6485.76093304,1156.10371305,1156.11825500,0.06044991,1032.62548789,0.01998458,0.01998458,30813,94,0
6485.97131696,6485.97144328,1162.99839405,1162.99425560,0.02456513,1032.83298924,0.01998457,0.01998458,30812,94,0
6486.18150812,6486.18196718,1169.89829769,1169.88324697,0.06330738,1033.04001741,0.01998457,0.01998458,30811,94,0
6486.39251900,6486.39250475,1176.80316592,1176.80363352,0.04369881,1033.24711714,0.01998457,0.01998458,30810,94,0
6486.60225468,6486.60305599,1183.71324814,1183.68694038,0.04584956,1033.45224036,0.01998457,0.01998458,30809,94,0
6486.81319936,6486.81362090,1190.62894094,1190.61509092,0.04288705,1033.65782695,0.01998457,0.01998458,30808,94,0
6487.02427152,6487.02419947,1197.55064295,1197.55301205,0.03373769,1033.86282585,0.01998457,0.01998458,30807,94,0
6487.23473345,6487.23479172,1204.47875480,1204.47683702,0.03311695,1034.06653270,0.01998457,0.01998458,30806,94,0
6487.44575157,6487.44539764,1211.41357519,1211.42523451,0.04363798,1034.27008324,0.01998458,0.01998458,30805,94,0
6487.65611588,6487.65601724,1218.35496344,1218.35821564,0.03924048,1034.47230430,0.01998457,0.01998458,30804,94,0
6487.86653863,6487.86665051,1225.30266131,1225.29896951,0.05197892,1034.67387374,0.01998457,0.01998458,30803,94,0
6488.07763533,6488.07729746,1232.25640924,1232.26756700,0.05161184,1034.87536772,0.01998458,0.01998458,30802,94,0
6488.28869615,6488.28795809,1239.21594630,1239.24033868,0.04929008,1035.07609577,0.01998458,0.01998458,30801,94,0
6488.49887825,6488.49863239,1246.18108513,1246.18921639,0.05007266,1035.27525369,0.01998458,0.01998458,30800,94,0
6488.70897171,6488.70932038,1253.15191271,1253.14037232,0.05836515,1035.47359572,0.01998457,0.01998458,30799,94,0
6488.92004812,6488.92002205,1260.12857977,1260.12944325,0.06572949,1035.67213110,0.01998458,0.01998458,30798,94,0
6489.13079996,6489.13073740,1267.11123777,1267.11331144,0.05413373,1035.86962879,0.01998458,0.01998458,30797,94,0
6489.34182036,6489.34146644,1274.10003892,1274.11178135,0.05748310,1036.06664707,0.01998458,0.01998458,30796,94,0
6489.55262295,6489.55220917,1281.09509247,1281.10883260,0.06111476,1036.26273246,0.01998458,0.01998458,30795,94,0
6489.76327530,6489.76296558,1288.09637688,1288.10667001,0.05737812,1036.45794691,0.01998458,0.01998458,30794,94,0
6489.97337667,6489.97373568,1295.10384594,1295.09190502,0.05292048,1036.65191922,0.01998457,0.01998458,30793,94,0
6490.18495249,6490.18451947,1302.11745320,1302.13186739,0.05510019,1036.84651101,0.01998458,0.01998458,30792,94,0
6490.39550199,6490.39531695,1309.13715192,1309.14331609,0.05347097,1037.03941644,0.01998458,0.01998458,30791,94,0
6490.60659670,6490.60612813,1316.16289105,1316.17851335,0.05622697,1037.23207433,0.01998458,0.01998458,30790,94,0
6490.81697938,6490.81695300,1323.19460978,1323.19549005,0.04166696,1037.42333434,0.01998458,0.01998458,30789,94,0
6491.02828964,6491.02779156,1330.23224566,1330.24887757,0.04698405,1037.61468209,0.01998458,0.01998458,30788,94,0
6491.23912235,6491.23864383,1337.27573585,1337.29172714,0.04244395,1037.80483897,0.01998458,0.01998458,30787,94,0
6491.44947028,6491.44950979,1344.32501849,1344.32369724,0.04683672,1037.99379992,0.01998458,0.01998458,30786,94,0
6491.66073104,6491.66038945,1351.38013296,1351.39156574,0.04078290,1038.18281717,0.01998458,0.01998458,30785,94,0
6491.87136767,6491.87128281,1358.44129288,1358.44413545,0.04178624,1038.37051759,0.01998458,0.01998458,30784,94,0
6492.08239943,6492.08218987,1365.50873004,1365.51575532,0.03742737,1038.55781467,0.01998458,0.01998458,30783,94,0
6492.29294353,6492.29311064,1372.58267748,1372.57707055,0.04285800,1038.74392928,0.01998458,0.01998458,30782,94,0
6492.50404614,6492.50404511,1379.66336390,1379.66339842,0.04563520,1038.92978947,0.01998458,0.01998458,30781,94,0
6492.71470546,6492.71499329,1386.75083552,1386.74116082,0.04798119,1039.11451139,0.01998458,0.01998458,30780,94,0
6492.92617947,6492.92595517,1393.84491670,1393.85246233,0.05895586,1039.29918914,0.01998458,0.01998458,30779,94,0
6493.13701760,6493.13693077,1400.94541758,1400.94834129,0.06644767,1039.48254770,0.01998458,0.01998458,30778,94,0
6493.34898726,6493.34792007,1408.05214725,1408.08810747,0.05399857,1039.66611417,0.01998458,0.01998458,30777,94,0
6493.55934807,6493.55892309,1415.16492085,1415.17925232,0.04948680,1039.84751104,0.01998458,0.01998458,30776,94,0
6493.77020874,6493.76993982,1422.28366737,1422.29274316,0.04034120,1040.02855888,0.01998458,0.01998458,30775,94,0
6493.98086489,6493.98097026,1429.40840871,1429.40484977,0.03540822,1040.20864966,0.01998458,0.01998458,30774,94,0
6494.19150372,6494.19201442,1436.53916959,1436.52190717,0.03639531,1040.38794316,0.01998458,0.01998458,30773,94,0
6494.40296887,6494.40307230,1443.67597481,1443.67247622,0.04467955,1040.56715143,0.01998458,0.01998458,30772,94,0
6494.61368084,6494.61414389,1450.81887460,1450.80319802,0.03723342,1040.74493454,0.01998458,0.01998458,30771,94,0
6494.82546125,6494.82522921,1457.96813737,1457.97599976,0.06132800,1040.92283215,0.01998458,0.01998458,30770,94,0
6495.03674339,6495.03632824,1465.12414445,1465.13822377,0.05401987,1041.09953215,0.01998458,0.01998458,30769,94,0
6495.24717166,6495.24744100,1472.28728010,1472.27813701,0.04366583,1041.27475152,0.01998458,0.01998458,30768,94,0
6495.45836600,6495.45856748,1479.45793064,1479.45108400,0.03283233,1041.44984642,0.01998458,0.01998458,30767,94,0
6495.66963403,6495.66970769,1486.63634463,1486.63383929,0.03859816,1041.62424155,0.01998458,0.01998458,30766,94,0
6495.88061070,6495.88086162,1493.82211517,1493.81357220,0.05053179,1041.79762407,0.01998458,0.01998458,30765,94,0
6496.09201442,6496.09202928,1501.01464047,1501.01413407,0.06120243,1041.97056653,0.01998458,0.01998458,30764,94,0
6496.30333183,6496.30321067,1508.21331538,1508.21744714,0.04655321,1042.14263011,0.01998458,0.01998458,30763,94,0
6496.51432369,6496.51440579,1515.41753223,1515.41473091,0.03849593,1042.31360578,0.01998458,0.01998458,30762,94,0
6496.72493205,6496.72561464,1522.62697981,1522.60367195,0.04132690,1042.48344143,0.01998458,0.01998458,30761,94,0
6496.93672389,6496.93683722,1529.84209098,1529.83821835,0.04530396,1042.65340426,0.01998458,0.01998458,30760,94,0
6497.14759146,6497.14807354,1537.06341500,1537.04692756,0.06856404,1042.82181200,0.01998458,0.01998458,30759,94,0
6497.36002088,6497.35932359,1544.29150419,1544.31537335,0.03742731,1042.99065712,0.01998458,0.01998458,30758,94,0
6497.57064725,6497.57058739,1551.52690491,1551.52895625,0.03611584,1043.15727658,0.01998458,0.01998458,30757,94,0
6497.78120528,6497.78186492,1558.76981349,1558.74718941,0.03648976,1043.32305497,0.01998458,0.01998458,30756,94,0
6497.99321356,6497.99315618,1566.01996530,1566.02193483,0.06262739,1043.48917132,0.01998458,0.01998458,30755,94,0
6498.20471573,6498.20446120,1573.27706302,1573.28580863,0.03647779,1043.65407794,0.01998458,0.01998458,30754,94,0
6498.41495009,6498.41577995,1580.54080763,1580.51227094,0.03286422,1043.81718192,0.01998457,0.01998458,30753,94,0
6498.62682019,6498.62711244,1587.81092268,1587.80086469,0.04931710,1043.98072512,0.01998458,0.01998458,30752,94,0
6498.83847456,6498.83845869,1595.08742498,1595.08797172,0.05488774,1044.14326806,0.01998458,0.01998458,30751,94,0
6499.04962122,6499.04981867,1602.37052824,1602.36372148,0.03673764,1044.30459315,0.01998458,0.01998458,30750,94,0
6499.26102974,6499.26119241,1609.66045091,1609.65483836,0.03430797,1044.46529221,0.01998458,0.01998458,30749,94,0
6499.47269665,6499.47257989,1616.95741268,1616.96144484,0.06164753,1044.62536181,0.01998458,0.01998458,30748,94,0
6499.68446428,6499.68398113,1624.26158717,1624.27828833,0.03970446,1044.78468179,0.01998458,0.01998458,30747,94,0
6499.89525352,6499.89539612,1631.57291683,1631.56798309,0.04115047,1044.94244151,0.01998458,0.01998458,30746,94,0
6500.10723044,6500.10682486,1638.89127255,1638.90531769,0.06246927,1045.10025545,0.01998458,0.01998458,30745,94,0
6500.31852880,6500.31826735,1646.21652446,1646.22558608,0.04222417,1045.25672581,0.01998458,0.01998458,30744,94,0
6500.52966784,6500.52972360,1653.54854256,1653.54660845,0.03463798,1045.41223680,0.01998458,0.01998458,30743,94,0
6500.74121846,6500.74119361,1660.88729304,1660.88815587,0.05750234,1045.56720418,0.01998458,0.01998458,30742,94,0
6500.95297364,6500.95267737,1668.23294073,1668.24323583,0.03947190,1045.72147354,0.01998458,0.01998458,30741,94,0
6501.16419689,6501.16417490,1675.58567580,1675.58644063,0.03324197,1045.87451169,0.01998458,0.01998458,30740,94,0
6501.37579173,6501.37568619,1682.94568945,1682.94936364,0.05781980,1046.02697552,0.01998458,0.01998458,30739,94,0
6501.58676115,6501.58721124,1690.31316321,1690.29747915,0.02753396,1046.17814914,0.01998458,0.01998458,30738,94,0
6501.79854418,6501.79875005,1697.68808099,1697.68090032,0.03511502,1046.32905947,0.01998458,0.01998458,30737,94,0
6502.01017273,6502.01030263,1705.07025204,1705.06571706,0.05388061,1046.47900606,0.01998458,0.01998458,30736,94,0
6502.22150145,6502.22186897,1712.45947854,1712.44663678,0.02863563,1046.62788198,0.01998458,0.01998458,30735,94,0
6502.43352684,6502.43344909,1719.85556153,1719.85828068,0.04799354,1046.77638019,0.01998458,0.01998458,30734,94,0
6502.64484734,6502.64504297,1727.25834754,1727.25150046,0.04477096,1046.92351352,0.01998458,0.01998458,30733,94,0
6502.85613844,6502.85665062,1734.66794280,1734.65000042,0.03338764,1047.06975639,0.01998458,0.01998458,30732,94,0
6503.06858183,6503.06827205,1742.08454445,1742.09540602,0.05426914,1047.21592107,0.01998458,0.01998458,30731,94,0
6503.27984312,6503.27990724,1749.50835087,1749.50610062,0.04064242,1047.36040288,0.01998458,0.01998458,30730,94,0
6503.49154463,6503.49155622,1756.93956087,1756.93915394,0.05349064,1047.50431702,0.01998458,0.01998458,30729,94,0
6503.70300986,6503.70321897,1764.37829503,1764.37094273,0.02909090,1047.64720186,0.01998458,0.01998458,30728,94,0
6503.91467049,6503.91489549,1771.82452070,1771.81660187,0.05612846,1047.78934587,0.01998458,0.01998458,30727,94,0
6504.12636100,6504.12658580,1779.27818746,1779.27026862,0.03524216,1047.93063271,0.01998458,0.01998458,30726,94,0
6504.33843160,6504.33828988,1786.73924453,1786.74424149,0.05225914,1048.07128979,0.01998458,0.01998458,30725,94,0
6504.55003028,6504.55000775,1794.20764126,1794.20843658,0.04329025,1048.21074884,0.01998458,0.01998458,30724,94,0
6504.76151800,6504.76173940,1801.68333221,1801.67551180,0.03079602,1048.34924778,0.01998458,0.01998458,30723,94,0
6504.97289239,6504.97348483,1809.16627558,1809.14532977,0.05185683,1048.48678297,0.01998458,0.01998458,30722,94,0
6505.18500820,6505.18524405,1816.65642940,1816.64808343,0.06008216,1048.62390308,0.01998458,0.01998458,30721,94,0
6505.39736241,6505.39701705,1824.15375138,1824.16598340,0.04841352,1048.76027319,0.01998458,0.01998458,30720,94,0
6505.60879226,6505.60880384,1831.65823010,1831.65781946,0.03019923,1048.89514804,0.01998458,0.01998458,30719,94,0
6505.82064555,6505.82060443,1839.16996562,1839.17142482,0.05832259,1049.02938970,0.01998458,0.01998458,30718,94,0
6506.03206254,6506.03241880,1846.68908360,1846.67643094,0.04179274,1049.16245292,0.01998458,0.01998458,30717,94,0
6506.24354889,6506.24424696,1854.21571046,1854.19089485,0.05350094,1049.29465771,0.01998458,0.01998458,30716,94,0
6506.45652718,6506.45608892,1861.74997349,1861.76556768,0.05581968,1049.42688268,0.01998458,0.01998458,30715,94,0
6506.66775287,6506.66794468,1869.29200492,1869.28517340,0.03630051,1049.55711454,0.01998458,0.01998458,30714,94,0
6506.87941252,6506.87981422,1876.84194243,1876.82762080,0.05511164,1049.68670924,0.01998458,0.01998458,30713,94,0
6507.09206754,6507.09169757,1884.39992475,1884.41312840,0.03270487,1049.81600067,0.01998458,0.01998458,30712,94,0
6507.30383519,6507.30359472,1891.96609141,1891.97468236,0.05190745,1049.94384268,0.01998458,0.01998458,30711,94,0
6507.51519863,6507.51550566,1899.54051972,1899.52953985,0.02992839,1050.07053342,0.01998458,0.01998458,30710,94,0
6507.72726260,6507.72743041,1907.12295122,1907.11694419,0.04787142,1050.19672567,0.01998458,0.01998458,30709,94,0
6507.93915534,6507.93936896,1914.71301424,1914.70536055,0.05659407,1050.32188805,0.01998458,0.01998458,30708,94,0
6508.15147646,6508.15132132,1922.31033474,1922.31589801,0.03365149,1050.44636398,0.01998458,0.01998458,30707,94,0
6508.36338475,6508.36328748,1929.91454381,1929.91803492,0.05077806,1050.56965146,0.01998458,0.01998458,30706,94,0
6508.57519279,6508.57526744,1937.52561757,1937.52293602,0.03236791,1050.69193274,0.01998458,0.01998458,30705,94,0
6508.78743516,6508.78726122,1945.14402001,1945.15027378,0.06004852,1050.81351896,0.01998458,0.01998458,30704,94,0
6508.99878149,6508.99926880,1952.77025454,1952.75271620,0.05129741,1050.93365616,0.01998458,0.01998458,30703,94,0
6509.21150056,6509.21129020,1960.40482766,1960.41240654,0.03064587,1051.05363570,0.01998458,0.01998458,30702,94,0
6509.42339004,6509.42332541,1968.04814536,1968.05047628,0.05094123,1051.17221483,0.01998458,0.01998458,30701,94,0
6509.63559714,6509.63537443,1975.69997612,1975.70801673,0.05607302,1051.29003197,0.01998458,0.01998458,30700,94,0
6509.84784907,6509.84743727,1983.35984272,1983.37472437,0.03348510,1051.40692266,0.01998458,0.01998458,30699,94,0
6510.05901091,6510.05951392,1991.02726448,1991.00907080,0.05439946,1051.52225860,0.01998458,0.01998458,30698,94,0
6510.27174873,6510.27160439,1998.70176372,1998.70698875,0.05573361,1051.63748263,0.01998458,0.01998458,30697,94,0
6510.48377273,6510.48370868,2006.38315191,2006.38547226,0.02688129,1051.75134309,0.01998458,0.01998458,30696,94,0
6510.69569580,6510.69582679,2014.07165663,2014.06690659,0.05173119,1051.86417541,0.01998458,0.01998458,30695,94,0
6510.90818355,6510.90795873,2021.76753893,2021.77569892,0.04666406,1051.97633181,0.01998458,0.01998458,30694,94,0
6511.12014522,6511.12010448,2029.47106146,2029.47254137,0.03183984,1052.08723719,0.01998458,0.01998458,30693,94,0
6511.33192940,6511.33226406,2037.18249167,2037.17032147,0.05161333,1052.19707960,0.01998458,0.01998458,30692,94,0
6511.54479082,6511.54443747,2044.90211624,2044.91497898,0.04638696,1052.30650455,0.01998458,0.01998458,30691,94,0
6511.75628573,6511.75662470,2052.63022971,2052.61787754,0.02997015,1052.41425866,0.01998458,0.01998458,30690,94,0
6511.96880529,6511.96882576,2060.36712844,2060.36638171,0.05254498,1052.52156328,0.01998458,0.01998458,30689,94,0
6512.18139266,6512.18104066,2068.11310312,2068.12595873,0.05514664,1052.62792827,0.01998458,0.01998458,30688,94,0
6512.39394278,6512.39326938,2075.86821447,2075.89283498,0.04663108,1052.73329805,0.01998458,0.01998458,30687,94,0
6512.60592674,6512.60551193,2083.63225336,2083.64743543,0.05266065,1052.83740817,0.01998458,0.01998458,30686,94,0
6512.81822761,6512.81776832,2091.40499404,2091.42182168,0.02783359,1052.94068750,0.01998458,0.01998458,30685,94,0
6513.03004527,6513.03003855,2099.18620927,2099.18645596,0.05151571,1053.04274157,0.01998458,0.01998458,30684,94,0
6513.24188780,6513.24232261,2106.97570507,2106.95974243,0.04655212,1053.14381254,0.01998458,0.01998458,30683,94,0
6513.45498872,6513.45462051,2114.77342057,2114.78695167,0.05062158,1053.24447581,0.01998458,0.01998458,30682,94,0
6513.66622255,6513.66693225,2122.57932693,2122.55322110,0.01904439,1053.34325567,0.01998458,0.01998458,30681,94,0
6513.87894379,6513.87925783,2130.39339513,2130.38183205,0.05703636,1053.44171991,0.01998458,0.01998458,30680,94,0
6514.09054753,6514.09159725,2138.21560525,2138.17691671,0.04655500,1053.53865666,0.01998458,0.01998458,30679,94,0
6514.30352307,6514.30395051,2146.04607590,2146.03030620,0.05021745,1053.63520265,0.01998458,0.01998458,30678,94,0
6514.51620287,6514.51631762,2153.88503269,2153.88079486,0.05183699,1053.73059367,0.01998458,0.01998458,30677,94,0
6514.72835691,6514.72869858,2161.73270536,2161.72007360,0.04565140,1053.82473182,0.01998458,0.01998458,30676,94,0
6514.94104405,6514.94109338,2169.58932450,2169.58749869,0.05569009,1053.91808611,0.01998458,0.01998458,30675,94,0
6515.15386052,6515.15350203,2177.45501725,2177.46829950,0.03466000,1054.01047243,0.01998458,0.01998458,30674,94,0
6515.36537110,6515.36592454,2185.32968601,2185.30915894,0.05281691,1054.10127146,0.01998458,0.01998458,30673,94,0
6515.58230201,6515.57836089,0.00000000,2193.36715311,0.08207666,1054.19342202,0.01998459,0.01998458,30672,94,1
6515.78874550,6515.79081110,0.00000000,2201.03427929,0.04814960,1054.28000821,0.01998458,0.01998458,30671,94,1
6516.00337730,6516.00327516,2209.00626718,2209.01006720,0.05099392,1054.36894770,0.01998458,0.01998458,30670,94,0
6516.21571741,6516.21575308,2216.91553649,2216.91420804,0.03902805,1054.45594895,0.01998458,0.01998458,30669,94,0
6516.42842559,6516.42824485,2224.83309651,2224.83983414,0.04506385,1054.54204796,0.01998458,0.01998458,30668,94,0
6516.64054403,6516.64075048,2232.75879393,2232.75109042,0.05563644,1054.62685372,0.01998458,0.01998458,30667,94,0
6516.85285826,6516.85326997,2240.69248478,2240.67710763,0.05023807,1054.71067847,0.01998458,0.01998458,30666,94,0
6517.06567964,6517.06580333,2248.63426414,2248.62964002,0.05348315,1054.79363764,0.01998458,0.01998458,30665,94,0
6517.27848146,6517.27835054,2256.58446822,2256.58936777,0.05762812,1054.87552244,0.01998458,0.01998458,30664,94,0
6517.49109860,6517.49091162,2264.54344591,2264.55045067,0.05614741,1054.95627097,0.01998458,0.01998458,30663,94,0
6517.70357783,6517.70348656,2272.51154807,2272.51497081,0.02341526,1055.03590335,0.01998458,0.01998458,30662,94,0
6517.91588984,6517.91607537,2280.48901779,2280.48205182,0.05717984,1055.11440956,0.01998458,0.01998458,30661,94,0
6518.12858034,6518.12867805,2288.47583496,2288.47216233,0.05376874,1055.19198577,0.01998458,0.01998458,30660,94,0
6518.34095487,6518.34129460,2296.47194029,2296.45915659,0.05419210,1055.26837385,0.01998458,0.01998458,30659,94,0
6518.55365735,6518.55392502,2304.47727405,2304.46719126,0.05446294,1055.34380098,0.01998458,0.01998458,30658,94,0
6518.76596896,6518.76656931,2312.49176129,2312.46912255,0.05300667,1055.41800826,0.01998458,0.01998458,30657,94,0
6518.97842163,6518.97922747,2320.51523841,2320.48481858,0.05672757,1055.49117833,0.01998458,0.01998458,30656,94,0
6519.19159263,6519.19189951,2328.54750810,2328.53591196,0.06003046,1055.56349796,0.01998458,0.01998458,30655,94,0
6519.40484381,6519.40458542,2336.58837164,2336.59814517,0.05043624,1055.63473909,0.01998458,0.01998458,30654,94,0
6519.61687129,6519.61728521,2344.63765257,2344.62198079,0.05025962,1055.70447002,0.01998458,0.01998458,30653,94,0
6519.83001994,6519.82999888,2352.69555060,2352.69634887,0.04929007,1055.77346096,0.01998458,0.01998458,30652,94,0
6520.04262720,6520.04272643,2360.76256982,2360.75880455,0.04156361,1055.84116992,0.01998458,0.01998458,30651,94,0
6520.25561147,6520.25546786,2368.83922633,2368.84468138,0.04139431,1055.90789116,0.01998458,0.01998458,30650,94,0
6520.46789143,6520.46822318,2376.92603469,2376.91341714,0.03773668,1055.97328864,0.01998458,0.01998458,30649,94,0
6520.68093751,6520.68099238,2385.02318245,2385.02109312,0.04155276,1056.03781213,0.01998458,0.01998458,30648,94,0
6520.89348291,6520.89377546,2393.13032811,2393.11917551,0.04077716,1056.10106896,0.01998458,0.01998458,30647,94,0
6521.10588671,6521.10657243,2401.24707999,2401.22091016,0.04489998,1056.16316395,0.01998458,0.01998458,30646,94,0
6521.31931427,6521.31938329,2409.37304367,2409.37040675,0.04945708,1056.22442387,0.01998458,0.01998458,30645,94,0
6521.53199805,6521.53220804,2417.50793251,2417.49990182,0.05364436,1056.28433323,0.01998458,0.01998458,30644,94,0
6521.74463588,6521.74504667,2425.65180831,2425.63608191,0.05465823,1056.34309168,0.01998458,0.01998458,30643,94,0
6521.95795005,6521.95789921,2433.80480261,2433.80675105,0.04229430,1056.40089094,0.01998458,0.01998458,30642,94,0
6522.17089565,6522.17076563,2441.96704781,2441.97203606,0.04491149,1056.45744253,0.01998458,0.01998458,30641,94,0
6522.38349738,6522.38364595,2450.13870339,2450.13299733,0.03566724,1056.51275598,0.01998458,0.01998458,30640,94,0
6522.59614234,6522.59654017,2458.32009211,2458.30479489,0.04416657,1056.56693265,0.01998458,0.01998458,30639,94,0
6522.80925862,6522.80944828,2466.51160094,2466.50429948,0.05405297,1056.62007583,0.01998458,0.01998458,30638,94,0
6523.02250996,6523.02237029,2474.71361969,2474.71900300,0.04425028,1056.67209495,0.01998458,0.01998458,30637,94,0
6523.23559989,6523.23530621,2482.92649165,2482.93782617,0.04157600,1056.72291556,0.01998458,0.01998458,30636,94,0
6523.44821281,6523.44825602,2491.14996545,2491.14829589,0.04355624,1056.77246153,0.01998458,0.01998458,30635,94,0
6523.66080112,6523.66121974,2499.38339046,2499.36719748,0.05063119,1056.82083417,0.01998458,0.01998458,30634,94,0
6523.87458531,6523.87419736,2507.62610414,2507.64112607,0.04533506,1056.86829354,0.01998459,0.01998458,30633,94,0
6524.08706701,6524.08718889,2515.87746071,2515.87273673,0.03655138,1056.91427846,0.01998458,0.01998458,30632,94,0
6524.30012951,6524.30019433,2524.13736813,2524.13485356,0.03739230,1056.95919845,0.01998458,0.01998458,30631,94,0
6524.51341223,6524.51321367,2532.40633026,2532.41404182,0.05905311,1057.00296982,0.01998458,0.01998458,30630,94,0
6524.72638330,6524.72624693,2540.68488367,2540.69018618,0.04632678,1057.04548311,0.01998458,0.01998458,30629,94,0
6524.93914107,6524.93929409,2548.97356492,2548.96760784,0.03629602,1057.08676095,0.01998458,0.01998458,30628,94,0
6525.15224025,6525.15235517,2557.27265265,2557.26817367,0.03920247,1057.12690692,0.01998458,0.01998458,30627,94,0
6525.36549297,6525.36543016,2565.58200153,2565.58445221,0.05329271,1057.16587636,0.01998458,0.01998458,30626,94,0
6525.57832443,6525.57851907,2573.90142608,2573.89382262,0.03633060,1057.20356131,0.01998458,0.01998458,30625,94,0
6525.79150720,6525.79162190,2582.23073972,2582.22625416,0.03981318,1057.24009409,0.01998458,0.01998458,30624,94,0
6526.00465399,6526.00473864,2590.56984651,2590.56653260,0.05469787,1057.27540102,0.01998458,0.01998458,30623,94,0
6526.21832268,6526.21786930,2598.91886916,2598.93663954,0.03458463,1057.30956665,0.01998459,0.01998458,30622,94,0
6526.43043656,6526.43101388,2607.27796321,2607.25530878,0.03573393,1057.34226421,0.01998458,0.01998458,30621,94,0
6526.64391904,6526.64417239,2615.64728531,2615.63733227,0.05100370,1057.37394222,0.01998458,0.01998458,30620,94,0
6526.85740847,6526.85734482,2624.02699690,2624.02950052,0.03203829,1057.40438294,0.01998458,0.01998458,30619,94,0
6527.07066348,6527.07053117,2632.41727294,2632.42248332,0.05392802,1057.43355004,0.01998458,0.01998458,30618,94,0
6527.28385862,6527.28373145,2640.81829227,2640.82330610,0.03875964,1057.46146602,0.01998458,0.01998458,30617,94,0
6527.49691987,6527.49694566,2649.23023499,2649.22921690,0.05417129,1057.48811882,0.01998458,0.01998458,30616,94,0
6527.71038838,6527.71017380,2657.65323314,2657.66171501,0.04654794,1057.51356939,0.01998458,0.01998458,30615,94,0
6527.92292850,6527.92341587,2666.08719834,2666.06791074,0.03505058,1057.53765809,0.01998458,0.01998458,30614,94,0
6528.13699584,6528.13667187,2674.53197934,2674.54481619,0.04146558,1057.56065277,0.01998458,0.01998458,30613,94,0
6528.35037889,6528.34994180,2682.98742373,2683.00476329,0.03823086,1057.58230332,0.01998459,0.01998458,30612,94,0
6528.56347135,6528.56322566,2691.45341795,2691.46317572,0.05455824,1057.60265350,0.01998458,0.01998458,30611,94,0
6528.77675459,6528.77652347,2699.93007421,2699.93926471,0.03547834,1057.62174586,0.01998458,0.01998458,30610,94,0
6528.99038377,6528.98983521,2708.41758519,2708.43942537,0.04791705,1057.63958523,0.01998459,0.01998458,30609,94,0
6529.20311524,6529.20316089,2716.91614506,2716.91432548,0.03442993,1057.65606838,0.01998458,0.01998459,30608,94,0
6529.41610518,6529.41650051,2725.42589929,2725.41012071,0.04949883,1057.67128614,0.01998458,0.01998459,30607,94,0
6529.62945911,6529.62985407,2733.94665741,2733.93087433,0.02873497,1057.68523524,0.01998458,0.01998459,30606,94,0
6529.84314262,6529.84322157,2742.47808850,2742.47493014,0.04701093,1057.69790183,0.01998458,0.01998459,30605,94,0
6530.05743305,6530.05660302,2751.01985861,2751.05310407,0.03363067,1057.70928865,0.01998459,0.01998459,30604,94,0
6530.27017050,6530.26999841,2759.57169914,2759.57859955,0.04624492,1057.71928483,0.01998459,0.01998459,30603,94,0
6530.48340695,6530.48340775,2768.13385030,2768.13381833,0.03352968,1057.72799238,0.01998459,0.01998459,30602,94,0
6530.69668282,6530.69683103,2776.70678650,2776.70082935,0.05407376,1057.73538343,0.01998458,0.01998459,30601,94,0
6530.91022293,6530.91026827,2785.29098695,2785.28916229,0.05364101,1057.74145854,0.01998458,0.01998459,30600,94,0
6531.12385683,6531.12371946,2793.88688685,2793.89242267,0.03629207,1057.74620477,0.01998459,0.01998459,30599,94,0
6531.33724003,6531.33718460,2802.49455014,2802.49678665,0.04736489,1057.74961078,0.01998459,0.01998459,30598,94,0
6531.55030428,6531.55066369,2811.11386391,2811.09934314,0.03737338,1057.75167564,0.01998458,0.01998459,30597,94,0
6531.76361520,6531.76415674,2819.74471328,2819.72280657,0.04869447,1057.75240036,0.01998458,0.01998459,30596,94,0
6531.97740352,6531.97766375,2828.38699054,2828.37645043,0.05146045,1057.75177380,0.01998458,0.01998459,30595,94,0
6532.19102134,6532.19118471,2837.04064997,2837.03402469,0.03418046,1057.74978988,0.01998459,0.01998459,30594,94,0
6532.40448570,6532.40471963,2845.70567465,2845.69617600,0.05127503,1057.74644650,0.01998459,0.01998459,30593,94,0
6532.61869765,6532.61826851,2854.38204758,2854.39949411,0.04312693,1057.74171880,0.01998459,0.01998459,30592,94,0
6532.83179690,6532.83183136,2863.06973929,2863.06833659,0.03732013,1057.73564633,0.01998459,0.01998459,30591,94,0
6533.04496842,6533.04540816,2871.76863317,2871.75071176,0.04629660,1057.72820044,0.01998459,0.01998459,30590,94,0
6533.25934729,6533.25899894,2880.47857432,2880.49278812,0.04216091,1057.71932429,0.01998459,0.01998459,30589,94,0
6533.47292010,6533.47260368,2889.19940638,2889.21233242,0.05332765,1057.70909260,0.01998459,0.01998459,30588,94,0
6533.68610324,6533.68622238,2897.93104048,2897.92616775,0.02587189,1057.69749237,0.01998459,0.01998459,30587,94,0
6533.89978281,6533.89985505,2906.67380441,2906.67084614,0.04394991,1057.68446902,0.01998459,0.01998459,30586,94,0
6534.11320535,6534.11350170,2915.42818505,2915.41603399,0.05203104,1057.67006034,0.01998459,0.01998459,30585,94,0
6534.32725272,6534.32716231,2924.19467341,2924.19838524,0.04998249,1057.65419702,0.01998459,0.01998459,30584,94,0
6534.54099409,6534.54083690,2932.97365048,2932.98011311,0.06614946,1057.63693864,0.01998459,0.01998459,30583,94,0
6534.75474380,6534.75452547,2941.76494050,2941.77392859,0.04321211,1057.61825754,0.01998459,0.01998459,30582,94,0
6534.96787742,6534.96822800,2950.56819452,2950.55374342,0.04808032,1057.59820963,0.01998459,0.01998459,30581,94,0
6535.18151470,6535.18194452,2959.38306064,2959.36532173,0.03758309,1057.57668621,0.01998459,0.01998459,30580,94,0
6535.39590645,6535.39567501,2968.20932315,2968.21888656,0.04929639,1057.55364470,0.01998459,0.01998459,30579,94,0
6535.60927182,6535.60941949,2977.04728696,2977.04117709,0.03141406,1057.52927324,0.01998459,0.01998459,30578,94,0
6535.82309988,6535.82317794,2985.89738197,2985.89414804,0.05300492,1057.50340085,0.01998459,0.01998459,30577,94,0
6536.03681854,6536.03695038,2994.76004135,2994.75457187,0.05106534,1057.47608631,0.01998459,0.01998459,30576,94,0
6536.25018699,6536.25073680,3003.63556267,3003.61272124,0.04307106,1057.44735840,0.01998458,0.01998459,30575,94,0
6536.46484841,6536.46453720,3012.52386856,3012.53681505,0.03925939,1057.41698057,0.01998459,0.01998459,30574,94,0
6536.67831676,6536.67835160,3021.42481757,3021.42336642,0.04614340,1057.38529827,0.01998459,0.01998459,30573,94,0
6536.89263941,6536.89217998,3030.33826814,3030.35743249,0.03837419,1057.35200590,0.01998459,0.01998459,30572,94,0
6537.10643762,6537.10602234,3039.26419885,3039.28154457,0.03989909,1057.31730855,0.01998459,0.01998459,30571,94,0
6537.32010409,6537.31987870,3048.20281607,3048.21224311,0.04384085,1057.28114277,0.01998459,0.01998459,30570,94,0
6537.53428588,6537.53374906,3057.15435296,3057.17683732,0.04264946,1057.24338819,0.01998459,0.01998459,30569,94,0
6537.74797148,6537.74763340,3066.11903462,3066.13321447,0.04891286,1057.20421597,0.01998459,0.01998459,30568,94,0
6537.96189066,6537.96153174,3075.09673065,3075.11180529,0.05871132,1057.16348965,0.01998459,0.01998459,30567,94,0
6538.17574849,6538.17544408,3084.08686212,3084.09966383,0.05168008,1057.12126033,0.01998459,0.01998459,30566,94,0
6538.38979534,6538.38937041,3093.08881680,3093.10670847,0.05476835,1057.07747450,0.01998459,0.01998459,30565,94,0
6538.60324621,6538.60331075,3102.10202755,3102.09930729,0.05065775,1057.03229455,0.01998459,0.01998459,30564,94,0
6538.81724858,6538.81726508,3111.12671799,3111.12602181,0.04742668,1056.98547172,0.01998459,0.01998459,30563,94,0
6539.03142181,6539.03123341,3120.16374879,3120.17171129,0.05245926,1056.93707159,0.01998459,0.01998459,30562,94,0
6539.24481056,6539.24521575,3129.21400561,3129.19685599,0.05020062,1056.88730605,0.01998459,0.01998459,30561,94,0
6539.45937463,6539.45921209,3138.27827513,3138.28516497,0.03861960,1056.83570309,0.01998459,0.01998459,30560,94,0
6539.67359658,6539.67322244,3147.35650902,3147.37239151,0.04483269,1056.78261226,0.01998459,0.01998459,30559,94,0
6539.88721078,6539.88724680,3156.44825869,3156.44672783,0.03624721,1056.72810604,0.01998459,0.01998459,30558,94,0
6540.10117517,6540.10128516,3165.55306911,3165.54838724,0.04142629,1056.67193936,0.01998459,0.01998459,30557,94,0
6540.31489924,6540.31533753,3174.67061435,3174.65193268,0.03931243,1056.61426202,0.01998459,0.01998459,30556,94,0
6540.52878800,6540.52940392,3183.80110954,3183.77482086,0.04666703,1056.55495823,0.01998459,0.01998459,30555,94,0
6540.74363111,6540.74348431,3192.94491051,3192.95118471,0.05193791,1056.49378809,0.01998459,0.01998459,30554,94,0
6540.95817878,6540.95757872,3202.10237485,3202.12805964,0.04745070,1056.43109130,0.01998459,0.01998459,30553,94,0
6541.17173624,6541.17168715,3211.27367031,3211.27577430,0.03799920,1056.36707773,0.01998459,0.01998459,30552,94,0
6541.38558830,6541.38580959,3220.45856709,3220.44906789,0.03669306,1056.30136527,0.01998459,0.01998459,30551,94,0
6541.59995328,6541.59994606,3229.65678385,3229.65709420,0.03895641,1056.23387337,0.01998459,0.01998459,30550,94,0
6541.81330927,6541.81409654,3238.86804932,3238.83416404,0.05024506,1056.16508262,0.01998459,0.01998459,30549,94,0
6542.02800951,6542.02826104,3248.09240628,3248.08156508,0.04900781,1056.09422396,0.01998459,0.01998459,30548,94,0
6542.24253845,6542.24243956,3257.33022941,3257.33449746,0.03657591,1056.02177499,0.01998459,0.01998459,30547,94,0
6542.45627300,6542.45663211,3266.58191229,3266.56638965,0.03293650,1055.94794770,0.01998459,0.01998459,30546,94,0
6542.66991131,6542.67083868,3275.84781791,3275.80767299,0.04546720,1055.87250167,0.01998458,0.01998459,30545,94,0
6542.88491366,6542.88505928,3285.12802403,3285.12171105,0.05055185,1055.79489902,0.01998459,0.01998459,30544,94,0
6543.09932140,6543.09929391,3294.42246364,3294.42365735,0.03371205,1055.71583142,0.01998459,0.01998459,30543,94,0
6543.31359098,6543.31354256,3303.73106796,3303.73317322,0.05435240,1055.63513295,0.01998459,0.01998459,30542,94,0
6543.52752772,6543.52780525,3313.05377328,3313.04168923,0.05015789,1055.55287626,0.01998459,0.01998459,30541,94,0
6543.74202062,6543.74208197,3322.39053517,3322.38786014,0.03300414,1055.46871055,0.01998459,0.01998459,30540,94,0
6543.95608372,6543.95637272,3331.74131288,3331.72869316,0.03578692,1055.38301484,0.01998459,0.01998459,30539,94,0
6544.17064112,6544.17067751,3341.10606929,3341.10447817,0.05068776,1055.29541204,0.01998459,0.01998459,30538,94,0
6544.38284717,6544.38499633,0.00000000,3350.40175608,0.11169084,1055.20697333,0.01998458,0.01998459,30537,94,1
6544.59932567,6544.59932919,3359.87838827,3359.87823391,0.05421549,1055.11522172,0.01998459,0.01998459,30536,94,0
6544.81328247,6544.81367609,3369.28680818,3369.26951735,0.03017337,1055.02269321,0.01998459,0.01998459,30535,94,0
6545.02819304,6545.02803703,3378.71061195,3378.71747606,0.02321389,1054.92799735,0.01998459,0.01998459,30534,94,0
6545.24229236,6545.24241201,3388.14972338,3388.14445119,0.04818055,1054.83190342,0.01998459,0.01998459,30533,94,0
6545.45717612,6545.45680103,3397.60379073,3397.62034388,0.03324029,1054.73369178,0.01998459,0.01998459,30532,94,0
6545.67102102,6545.67120410,3407.07245558,3407.06436451,0.04924622,1054.63419543,0.01998459,0.01998459,30531,94,0
6545.88556865,6545.88562121,3416.55546836,3416.55314209,0.03596524,1054.53260379,0.01998459,0.01998459,30530,94,0
6546.10063990,6546.10005237,3426.05294507,3426.07898705,0.05006395,1054.42897819,0.01998459,0.01998459,30529,94,0
6546.31413197,6546.31449758,3435.56507793,3435.54884865,0.02824725,1054.32433577,0.01998459,0.01998459,30528,94,0
6546.52894734,6546.52895683,3445.09206162,3445.09163936,0.05274835,1054.21724772,0.01998459,0.01998459,30527,94,0
6546.74289851,6546.74343014,3454.63411467,3454.61044393,0.04611583,1054.10878903,0.01998459,0.01998459,30526,94,0
6546.95764520,6546.95791751,3464.19148319,3464.17934008,0.04567675,1053.99810893,0.01998459,0.01998459,30525,94,0
6547.17261630,6547.17241892,3473.76441687,3473.77323253,0.05621135,1053.88547827,0.01998459,0.01998459,30524,94,0
6547.38686165,6547.38693439,3483.35311818,3483.34986405,0.02998967,1053.77139118,0.01998459,0.01998459,30523,94,0
6547.60120834,6547.60146392,3492.95747393,3492.94602273,0.04450601,1053.65540886,0.01998459,0.01998459,30522,94,0
6547.81593235,6547.81600751,3502.57724446,3502.57387204,0.03889693,1053.53737099,0.01998459,0.01998459,30521,94,0
6548.03022777,6548.03056515,3512.21218729,3512.19702574,0.05326342,1053.41771669,0.01998459,0.01998459,30520,94,0
6548.24479651,6548.24513686,3521.86205526,3521.84673764,0.04838499,1053.29605168,0.01998459,0.01998459,30519,94,0
6548.45939863,6548.45972263,3531.52659446,3531.51199182,0.04735072,1053.17250387,0.01998459,0.01998459,30518,94,0
6548.67456850,6548.67432246,3541.20554791,3541.21665268,0.04075742,1053.04675386,0.01998459,0.01998459,30517,94,0
6548.88933491,6548.88893635,3550.89875095,3550.91676481,0.04557713,1052.91936209,0.01998459,0.01998459,30516,94,0
6549.10379693,6549.10356432,3560.60699824,3560.61752822,0.04027656,1052.79026134,0.01998459,0.01998459,30515,94,0
6549.31802201,6549.31820635,3570.33165085,3570.32329213,0.05673369,1052.65939227,0.01998459,0.01998459,30514,94,0
6549.53310153,6549.53286245,3580.07408778,3580.08494860,0.05047491,1052.52605268,0.01998459,0.01998459,30513,94,0
6549.74767671,6549.74753262,3589.83494955,3589.84150691,0.05463594,1052.39106230,0.01998459,0.01998459,30512,94,0
6549.96247202,6549.96221686,3599.61303942,3599.62467038,0.05844249,1052.25397684,0.01998459,0.01998459,30511,94,0
6550.17882659,6550.17691518,0.00000000,3609.50717617,0.14583618,1052.11374363,0.01998460,0.01998459,30510,94,1
6550.39137996,6550.39162757,3619.21509758,3619.20377870,0.04046797,1051.97443333,0.01998459,0.01998459,30509,94,0
6550.60615815,6550.60635403,3629.03826435,3629.02929605,0.04647684,1051.83153816,0.01998459,0.01998459,30508,94,0
6550.82059293,6550.82109458,3638.87821531,3638.85520836,0.04695923,1051.68689297,0.01998459,0.01998459,30507,94,0
6551.03571125,6551.03584920,3648.73683501,3648.73049605,0.05244479,1051.53976350,0.01998459,0.01998459,30506,94,0
6551.25009846,6551.25061790,3658.61513321,3658.59121934,0.04227617,1051.39109311,0.01998459,0.01998459,30505,94,0
6551.46563580,6551.46540069,3668.51183648,3668.52267888,0.05569038,1051.23958073,0.01998459,0.01998459,30504,94,0
6551.68045339,6551.68019756,3678.42529558,3678.43711176,0.06188020,1051.08655086,0.01998459,0.01998459,30503,94,0
6551.89455359,6551.89500851,3688.35399642,3688.33295479,0.02305936,1050.93203725,0.01998459,0.01998459,30502,94,0
6552.11003144,6552.10983355,3698.29813477,3698.30730246,0.04566304,1050.77450779,0.01998459,0.01998459,30501,94,0
6552.32467068,6552.32467267,3708.25900157,3708.25890913,0.04363825,1050.61554653,0.01998459,0.01998459,30500,94,0
6552.53883055,6552.53952588,3718.23791443,3718.20559038,0.04951496,1050.45487638,0.01998459,0.01998459,30499,94,0
6552.75423612,6552.75439319,3728.23554535,3728.22823087,0.04684833,1050.29117165,0.01998459,0.01998459,30498,94,0
6552.96918216,6552.96927458,3738.25117018,3738.24685892,0.03250206,1050.12571913,0.01998459,0.01998459,30497,94,0
6553.18403432,6553.18417007,3748.28387732,3748.27753500,0.04429387,1049.95825143,0.01998459,0.01998459,30496,94,0
6553.39901188,6553.39907965,3758.33285588,3758.32968488,0.05558299,1049.78860212,0.01998459,0.01998459,30495,94,0
6553.61331804,6553.61400332,3768.39815508,3768.36603638,0.05104084,1049.61739874,0.01998459,0.01998459,30494,94,0
6553.82932152,6553.82894110,3778.48023535,3778.49809440,0.05195655,1049.44271742,0.01998459,0.01998459,30493,94,0
6554.04396035,6554.04389297,3788.57956170,3788.58273015,0.05403716,1049.26701264,0.01998459,0.01998459,30492,94,0
6554.25856702,6554.25885894,3798.69648046,3798.68273057,0.04471777,1049.08919926,0.01998459,0.01998459,30491,94,0
6554.47381936,6554.47383901,3808.83116566,3808.83023866,0.03892206,1048.90869423,0.01998459,0.01998459,30490,94,0
6554.68864908,6554.68883318,3818.98377957,3818.97507808,0.03680456,1048.72637781,0.01998459,0.01998459,30489,94,0
6554.90410359,6554.90384146,3829.15445528,3829.16686574,0.04307609,1048.54134619,0.01998459,0.01998459,30488,94,0
6555.11921573,6555.11886384,3839.34319266,3839.35988059,0.05558062,1048.35441618,0.01998459,0.01998459,30487,94,0
6555.33385981,6555.33390033,3849.54995461,3849.54802951,0.05180016,1048.16570058,0.01998459,0.01998459,30486,94,0
6555.54913455,6555.54895093,3859.77473877,3859.78347657,0.04573331,1047.97422146,0.01998459,0.01998459,30485,94,0
6555.76420000,6555.76401564,3870.01807989,3870.02686902,0.04578818,1047.78069975,0.01998459,0.01998459,30484,94,0
6555.97985323,6555.97909445,3880.28093692,3880.31717763,0.04899105,1047.58438401,0.01998459,0.01998459,30483,94,0
6556.19331151,6556.19418738,3890.56428471,3890.52236908,0.05066281,1047.38780377,0.01998459,0.01998459,30482,94,0
6556.40979321,6556.40929443,3900.86840074,3900.89231601,0.04108316,1047.18612365,0.01998459,0.01998459,30481,94,0
6556.62467285,6556.62441558,3911.19215803,3911.20451502,0.05747923,1046.98364120,0.01998459,0.01998459,30480,94,0
6556.83997275,6556.83955086,3921.53425069,3921.55454843,0.04507576,1046.77848527,0.01998459,0.01998459,30479,94,0
6557.05406412,6557.05470025,3931.89376569,3931.86311051,0.04166509,1046.57222890,0.01998459,0.01998459,30478,94,0
6557.26999951,6557.26986376,3942.27193107,3942.27848496,0.05777970,1046.36188689,0.01998459,0.01998459,30477,94,0
6557.48568575,6557.48504139,3952.67069557,3952.70186709,0.04736428,1046.14942241,0.01998459,0.01998459,30476,94,0
6557.69966851,6557.70023314,3963.09186845,3963.06449595,0.04428081,1045.93625192,0.01998459,0.01998459,30475,94,0
6557.91523422,6557.91543902,3973.53481390,3973.52486698,0.05753137,1045.71910462,0.01998459,0.01998459,30474,94,0
6558.13084606,6558.13065902,3983.99696505,3984.00606458,0.04164429,1045.49954373,0.01998459,0.01998459,30473,94,0
6558.34614154,6558.34589314,3994.47570173,3994.48780344,0.05169689,1045.27798819,0.01998459,0.01998459,30472,94,0
6558.56075936,6558.56114140,4004.97041142,4004.95176965,0.04630937,1045.05483001,0.01998459,0.01998459,30471,94,0
6558.77644723,6558.77640378,4015.48390757,4015.48603197,0.04550224,1044.82817613,0.01998459,0.01998459,30470,94,0
6558.99210895,6558.99168029,4026.01936537,4026.04036714,0.03852980,1044.59908146,0.01998459,0.01998459,30469,94,0
6559.20714866,6559.20697093,4036.57899483,4036.58772153,0.04698466,1044.36812953,0.01998459,0.01998459,30468,94,0
6559.42221014,6559.42227571,4047.16137198,4047.15814603,0.04359544,1044.13465776,0.01998459,0.01998459,30467,94,0
6559.63622164,6559.63759462,4057.76422050,4057.69655361,0.05130376,1043.89988547,0.01998459,0.01998459,30466,94,0
6559.85348438,6559.85292767,4068.38550200,4068.41298445,0.06050329,1043.65909154,0.01998459,0.01998459,30465,94,0
6560.06869758,6560.06827485,4079.02525104,4079.04615515,0.04896889,1043.41811968,0.01998459,0.01998459,30464,94,0
nan,nan,0.00000000,-1.00000000,0.00000000,1043.16774663,nan,0.00000000,-2147483648,94,1
nan,nan,0.00000000,-1.00000000,0.00000000,1037.92558638,nan,0.00000000,-2147483648,93,1
6517.91652598,6517.91607537,11.54008770,11.55304484,0.10152992,1038.26161816,0.01998459,0.01998458,30661,93,0
6518.12747923,6518.12867805,17.65528840,17.62079562,0.09337795,1038.57206599,0.01998458,0.01998458,30660,93,0
6518.34301606,6518.34129460,23.77463414,23.82419519,0.06038249,1038.88875963,0.01998459,0.01998458,30659,93,0
6518.55376957,6518.55392502,29.89818171,29.89370358,0.03568097,1039.19793836,0.01998458,0.01998458,30658,93,0
6518.76771472,6518.76656931,36.02598790,36.05900601,0.08798740,1039.51130871,0.01998459,0.01998458,30657,93,0
6518.97866760,6518.97922747,42.15805337,42.14190426,0.01769907,1039.81981101,0.01998458,0.01998458,30656,93,0
6519.19072320,6519.19189951,48.29424652,48.26029658,0.04458024,1040.12943252,0.01998458,0.01998458,30655,93,0
6519.40215046,6519.40458542,54.43441628,54.36410019,0.08075599,1040.43763535,0.01998458,0.01998458,30654,93,0
6519.61736849,6519.61728521,60.57841097,60.58081714,0.05462225,1040.75084102,0.01998458,0.01998458,30653,93,0
6519.83029045,6519.82999888,66.72607830,66.73450705,0.09413166,1041.06017707,0.01998459,0.01998458,30652,93,0
6520.04276610,6520.04272643,72.87727603,72.87842334,0.06026654,1041.36833281,0.01998458,0.01998458,30651,93,0
6520.25429677,6520.25546786,79.03203514,78.99814565,0.05129033,1041.67459069,0.01998458,0.01998458,30650,93,0
6520.46560862,6520.46822318,0.00000000,85.10325271,0.03615707,1041.97943662,0.01998458,0.01998458,30649,93,1
6520.68219367,6520.68099238,91.35293254,91.38773573,0.05093723,1042.29252937,0.01998459,0.01998458,30648,93,0
6520.89451392,6520.89377546,97.51942625,97.54083369,0.03895466,1042.59837876,0.01998459,0.01998458,30647,93,0
6521.10476289,6521.10657243,103.69018810,103.63769767,0.06944038,1042.90075203,0.01998458,0.01998458,30646,93,0
6521.32228370,6521.31938329,0.00000000,109.94294072,0.02331138,1043.21274694,0.01998459,0.01998458,30645,93,1
6521.53185753,6521.53220804,116.04494295,116.03476254,0.05184829,1043.51349291,0.01998458,0.01998458,30644,93,0
6521.74613108,6521.74504667,122.22889293,122.26040995,0.03255026,1043.82014666,0.01998459,0.01998458,30643,93,0
6521.95818586,6521.95789921,128.41717101,128.42550756,0.07271934,1044.12312162,0.01998459,0.01998458,30642,93,0
6522.16895947,6522.17076563,134.60973675,134.55717688,0.05068938,1044.42376654,0.01998458,0.01998458,30641,93,0
6522.38483360,6522.38364595,140.80654923,140.84113157,0.05004988,1044.73116715,0.01998459,0.01998458,30640,93,0
6522.59794398,6522.59654017,147.00755668,147.04845837,0.00445170,1045.03411258,0.01998459,0.01998458,30639,93,0
6522.80872305,6522.80944828,153.21269442,153.19155166,0.05917161,1045.33323168,0.01998458,0.01998458,30638,93,0
6523.02235446,6523.02237029,159.42189674,159.42143485,0.05595429,1045.63587430,0.01998458,0.01998458,30637,93,0
6523.23440239,6523.23530621,165.63509769,165.60871784,0.08932967,1045.93574733,0.01998458,0.01998458,30636,93,0
6523.44839387,6523.44825602,171.85223102,171.85625660,0.02150631,1046.23783282,0.01998458,0.01998458,30635,93,0
6523.66281733,6523.66121974,178.07325805,178.11993965,0.05206559,1046.53998487,0.01998459,0.01998458,30634,93,0
6523.87391163,6523.87419736,184.29829369,184.28993965,0.04186134,1046.83691880,0.01998458,0.01998458,30633,93,0
6524.08922815,6524.08718889,190.52750620,190.58716580,0.05718653,1047.13926026,0.01998459,0.01998458,30632,93,0
6524.30211376,6524.30019433,196.76106454,196.81725475,0.04977547,1047.43766730,0.01998459,0.01998458,30631,93,0
6524.51405787,6524.51321367,202.99913837,203.02386836,0.02869323,1047.73424673,0.01998459,0.01998458,30630,93,0
6524.72585940,6524.72624693,209.24189508,209.23053494,0.05368199,1048.03012684,0.01998458,0.01998458,30629,93,0
6524.93739375,6524.93929409,215.48936640,215.43362139,0.07236368,1048.32513508,0.01998458,0.01998458,30628,93,0
6525.15375525,6525.15235517,221.74139372,221.78249063,0.04575594,1048.62635062,0.01998459,0.01998458,30627,93,0
6525.36428365,6525.36543016,227.99780358,227.96412878,0.04446630,1048.91892653,0.01998458,0.01998458,30626,93,0
6525.58080032,6525.57851907,234.25842180,234.32546560,0.06298807,1049.21928084,0.01998459,0.01998458,30625,93,0
6525.79165967,6525.79162190,240.52307349,240.52418427,0.06178112,1049.51124796,0.01998458,0.01998458,30624,93,0
6526.00487068,6526.00473864,246.79161759,246.79550253,0.04257968,1049.80592242,0.01998458,0.01998458,30623,93,0
6526.21944384,6526.21786930,253.06411588,253.11046845,0.04077418,1050.10192396,0.01998459,0.01998458,30622,93,0
6526.43184481,6526.43101388,259.34070451,259.36518059,0.05146009,1050.39438531,0.01998459,0.01998458,30621,93,0
6526.64328315,6526.64417239,265.62152033,265.59531022,0.05133843,1050.68498894,0.01998458,0.01998458,30620,93,0
6526.85793873,6526.85734482,271.90670073,271.92421730,0.03844292,1050.97947631,0.01998459,0.01998458,30619,93,0
6527.07025289,6527.07053117,278.19638216,278.18816918,0.04880563,1051.27022307,0.01998458,0.01998458,30618,93,0
6527.28344162,6527.28373145,284.49064087,284.48208132,0.04190861,1051.56164086,0.01998458,0.01998458,30617,93,0
6527.49739687,6527.49694566,290.78947311,290.80280710,0.04336045,1051.85357426,0.01998459,0.01998458,30616,93,0
6527.70992780,6527.71017380,297.09286961,297.08559497,0.02701471,1052.14303455,0.01998458,0.01998458,30615,93,0
6527.92231580,6527.92341587,303.40082107,303.36826908,0.05940536,1052.43177096,0.01998458,0.01998458,30614,93,0
6528.13705236,6528.13667187,309.71331811,309.72458467,0.05534378,1052.72316044,0.01998459,0.01998458,30613,93,0
6528.34996730,6528.34994180,316.03035503,316.03111062,0.04206558,1053.01154054,0.01998458,0.01998458,30612,93,0
6528.56221014,6528.56322566,322.35194398,322.32183463,0.07022833,1053.29847676,0.01998458,0.01998458,30611,93,0
6528.77664925,6528.77652347,328.67810260,328.68183425,0.03333054,1053.58784051,0.01998458,0.01998458,30610,93,0
6528.98882761,6528.98983521,335.00884859,334.97893484,0.02523538,1053.87361712,0.01998458,0.01998458,30609,93,0
6529.20390411,6529.20316089,341.34419973,341.36627948,0.06101680,1054.16275186,0.01998459,0.01998459,30608,93,0
6529.41675549,6529.41650051,347.68417201,347.69175217,0.03719618,1054.44835405,0.01998459,0.01998459,30607,93,0
6529.62897354,6529.62985407,354.02873849,354.00254544,0.02688979,1054.73256777,0.01998458,0.01998459,30606,93,0
6529.84333504,6529.84322157,360.37782886,360.38120643,0.06102039,1055.01910144,0.01998459,0.01998459,30605,93,0
6530.05605997,6530.05660302,366.73137061,366.71519608,0.05462791,1055.30289576,0.01998458,0.01998459,30604,93,0
6530.26815918,6530.26999841,373.08929090,373.03447602,0.03036162,1055.58530347,0.01998458,0.01998459,30603,93,0
6530.48339319,6530.48340775,379.45151659,379.45108238,0.05232885,1055.87131715,0.01998459,0.01998459,30602,93,0
6530.69721674,6530.69683103,385.81800838,385.82951755,0.02960426,1056.15488688,0.01998459,0.01998459,30601,93,0
6530.90941799,6530.91026827,392.18883408,392.16344646,0.04223869,1056.43574542,0.01998458,0.01998459,30600,93,0
6531.12334621,6531.12371946,398.56408282,398.55293134,0.05623642,1056.71832785,0.01998458,0.01998459,30599,93,0
6531.33685439,6531.33718460,404.94384410,404.93397204,0.03692473,1056.99979553,0.01998458,0.01998459,30598,93,0
6531.55041735,6531.55066369,411.32820781,411.32083829,0.04240885,1057.28077837,0.01998459,0.01998459,30597,93,0
6531.76255659,6531.76415674,417.71725858,417.66935613,0.05882366,1057.55933870,0.01998458,0.01998459,30596,93,0
6531.97605704,6531.97766375,424.11102040,424.06288935,0.04943935,1057.83913321,0.01998458,0.01998459,30595,93,0
6532.19041308,6532.19118471,430.50947980,430.48634926,0.05039117,1058.11948855,0.01998458,0.01998459,30594,93,0
6532.40503246,6532.40471963,436.91262272,436.92200655,0.02757157,1058.39962358,0.01998459,0.01998459,30593,93,0
6532.61793469,6532.61826851,443.32043502,443.31041506,0.07292970,1058.67695687,0.01998459,0.01998459,30592,93,0
6532.83161388,6532.83183136,449.73290258,449.72637042,0.04173799,1058.95473890,0.01998459,0.01998459,30591,93,0
6533.04649021,6533.04540816,456.15001773,456.18253968,0.01817312,1059.23350627,0.01998459,0.01998459,30590,93,0
6533.25814233,6533.25899894,462.57178352,462.54602044,0.05745961,1059.50752967,0.01998458,0.01998459,30589,93,0
6533.47409208,6533.47260368,468.99820402,469.04299846,0.02317885,1059.78654194,0.01998459,0.01998459,30588,93,0
6533.68710573,6533.68622238,475.42928328,475.45588583,0.05651172,1060.06119016,0.01998459,0.01998459,30587,93,0
6533.90071647,6533.89985505,481.86502540,481.89098449,0.03439463,1060.33603790,0.01998459,0.01998459,30586,93,0
6534.11305351,6534.11350170,488.30541909,488.29190390,0.05871478,1060.60867879,0.01998459,0.01998459,30585,93,0
6534.32731313,6534.32716231,494.75038260,494.75493328,0.05004204,1060.88320932,0.01998459,0.01998459,30584,93,0
6534.54190256,6534.54083690,501.19981365,501.23198886,0.06418878,1061.15757367,0.01998459,0.01998459,30583,93,0
6534.75452906,6534.75452547,507.65360951,507.65371813,0.03949592,1061.42884140,0.01998459,0.01998459,30582,93,0
6534.96840486,6534.96822800,514.11166697,514.11701311,0.03974761,1061.70110789,0.01998459,0.01998459,30581,93,0
6535.18243725,6535.18194452,520.57389875,520.58880201,0.04673536,1061.97297122,0.01998459,0.01998459,30580,93,0
6535.39521926,6535.39567501,527.04044260,527.02664903,0.03704141,1062.24265328,0.01998459,0.01998459,30579,93,0
6535.60925640,6535.60941949,533.51160123,533.50666211,0.05702079,1062.51334082,0.01998459,0.01998459,30578,93,0
6535.82309681,6535.82317794,539.98768236,539.98522366,0.03405008,1062.78320467,0.01998459,0.01998459,30577,93,0
6536.03742263,6536.03695038,546.46899509,546.48331888,0.05028508,1063.05311579,0.01998459,0.01998459,30576,93,0
6536.25133811,6536.25073680,552.95584655,552.97409951,0.03439194,1063.32195685,0.01998459,0.01998459,30575,93,0
6536.46414518,6536.46453720,559.44830581,559.43639664,0.05897675,1063.58885743,0.01998459,0.01998459,30574,93,0
6536.67881332,6536.67835160,565.94604461,565.96008114,0.04676851,1063.85752349,0.01998459,0.01998459,30573,93,0
6536.89315979,6536.89217998,572.44869573,572.47850216,0.04975655,1064.12520024,0.01998459,0.01998459,30572,93,0
6537.10660659,6537.10602234,578.95589031,578.97367420,0.03591564,1064.39115418,0.01998459,0.01998459,30571,93,0
6537.31993848,6537.31987870,585.46725784,585.46907824,0.05952097,1064.65635090,0.01998459,0.01998459,30570,93,0
6537.53255657,6537.53374906,591.98255447,591.94621684,0.03115035,1064.92003839,0.01998458,0.01998459,30569,93,0
6537.74822841,6537.74763340,598.50202565,598.52016790,0.05236676,1065.18688760,0.01998459,0.01998459,30568,93,0
6537.96141458,6537.96153174,605.02603504,605.02246023,0.03062064,1065.45005554,0.01998459,0.01998459,30567,93,0
6538.17636886,6538.17544408,611.55494795,611.58318379,0.04712235,1065.71480972,0.01998459,0.01998459,30566,93,0
6538.38985636,6538.38937041,618.08913131,618.10397994,0.03078234,1065.97717769,0.01998459,0.01998459,30565,93,0
6538.60250021,6538.60331075,624.62890671,624.60412023,0.05245141,1066.23794566,0.01998459,0.01998459,30564,93,0
6538.81965303,6538.81726508,0.00000000,631.24541776,0.12999566,1066.50358361,0.01998459,0.01998459,30563,93,1
6539.02982850,6539.03123341,637.72463516,637.68161001,0.06093241,1066.76025320,0.01998458,0.01998459,30562,93,0
6539.24565475,6539.24521575,644.27995642,644.29340939,0.05970756,1067.02314218,0.01998459,0.01998459,30561,93,0
6539.45925934,6539.45921209,650.83982414,650.84127286,0.04152852,1067.28270634,0.01998459,0.01998459,30560,93,0
6539.67385674,6539.67322244,657.40393155,657.42339222,0.05255795,1067.54284346,0.01998459,0.01998459,30559,93,0
6539.88653164,6539.88724680,663.97229650,663.95034191,0.03359125,1067.80002303,0.01998459,0.01998459,30558,93,0
6540.10166038,6540.10128516,670.54526948,670.55679612,0.06301418,1068.05954726,0.01998459,0.01998459,30557,93,0
6540.31501433,6540.31533753,677.12321754,677.11328164,0.02471201,1068.31632475,0.01998459,0.01998459,30556,93,0
6540.52880799,6540.52940392,683.70650940,683.68817555,0.05153163,1068.57303908,0.01998459,0.01998459,30555,93,0
6540.74398178,6540.74348431,690.29551326,690.31083063,0.04779257,1068.83082449,0.01998459,0.01998459,30554,93,0
6540.95781644,6540.95757872,696.89036519,696.89769063,0.02749475,1069.08642644,0.01998459,0.01998459,30553,93,0
6541.17209673,6541.17168715,703.49076267,703.50339362,0.04462405,1069.34196823,0.01998459,0.01998459,30552,93,0
6541.38621839,6541.38580959,710.09635333,710.10896897,0.04328859,1069.59671265,0.01998459,0.01998459,30551,93,0
6541.59923258,6541.59994606,716.70678320,716.68475118,0.05413341,1069.84952104,0.01998459,0.01998459,30550,93,0
6541.81476746,6541.81409654,723.32169666,723.34242700,0.05150933,1070.10467789,0.01998459,0.01998459,30549,93,0
6542.02812399,6542.02826104,729.94086464,729.93662766,0.02955563,1070.35660862,0.01998459,0.01998459,30548,93,0
6542.24237588,6542.24243956,736.56449510,736.56252509,0.04158641,1070.60895502,0.01998459,0.01998459,30547,93,0
6542.45658474,6542.45663211,743.19289043,743.19142392,0.05616385,1070.86061800,0.01998459,0.01998459,30546,93,0
6542.67043348,6542.67083868,749.82635444,749.81380163,0.03510040,1071.11123672,0.01998459,0.01998459,30545,93,0
6542.88577967,6542.88505928,756.46519232,756.48752626,0.03977439,1071.36299306,0.01998459,0.01998459,30544,93,0
6543.09917433,6543.09929391,763.10966243,763.10595213,0.06954512,1071.61186472,0.01998459,0.01998459,30543,93,0
6543.31421941,6543.31354256,769.75973282,769.78074946,0.04068646,1071.86205063,0.01998459,0.01998459,30542,93,0
6543.52819949,6543.52780525,776.41526240,776.42751305,0.05369905,1072.11038201,0.01998459,0.01998459,30541,93,0
6543.74272193,6543.74208197,783.07610921,783.09600980,0.02774104,1072.35871939,0.01998459,0.01998459,30540,93,0
6543.95661474,6543.95637272,789.74213060,789.74966187,0.05181917,1072.60569935,0.01998459,0.01998459,30539,93,0
6544.17066295,6544.17067751,796.41319554,796.41274210,0.05051837,1072.85222392,0.01998459,0.01998459,30538,93,0
6544.38472026,6544.38499633,803.08930078,803.08069810,0.03036989,1073.09812209,0.01998459,0.01998459,30537,93,0
6544.59910674,6544.59932919,809.77051973,809.76358308,0.05972654,1073.34376101,0.01998459,0.01998459,30536,93,0
6544.81387342,6544.81367609,816.45692714,816.46308504,0.04508145,1073.58919703,0.01998459,0.01998459,30535,93,0
6545.02855176,6545.02803703,823.14859812,823.16467223,0.06375220,1073.83389440,0.01998459,0.01998459,30534,93,0
6545.24247179,6545.24241201,829.84560577,829.84747424,0.04064281,1074.07709412,0.01998459,0.01998459,30533,93,0
6545.45670755,6545.45680103,836.54798009,836.54505674,0.04369764,1074.32001847,0.01998459,0.01998459,30532,93,0
6545.67126849,6545.67120410,843.25571290,843.25772812,0.05385033,1074.56267322,0.01998459,0.01998459,30531,93,0
6545.88600777,6545.88562121,849.96879466,849.98090170,0.02043593,1074.80488792,0.01998459,0.01998459,30530,93,0
6546.09969612,6546.10005237,856.68721579,856.67604990,0.05421363,1075.04527776,0.01998459,0.01998459,30529,93,0
6546.31426983,6546.31449758,863.41096893,863.40382548,0.04308275,1075.28601967,0.01998459,0.01998459,30528,93,0
6546.52939218,6546.52895683,870.14012561,870.15379089,0.06467188,1075.52673014,0.01998459,0.01998459,30527,93,0
6546.74300287,6546.74343014,876.87485451,876.86143247,0.01851604,1075.76511228,0.01998459,0.01998459,30526,93,0
6546.95786119,6546.95791751,883.61533105,883.61356058,0.05022493,1076.00425085,0.01998459,0.01998459,30525,93,0
6547.17237321,6547.17241892,890.36173149,890.36029307,0.04666527,1076.24237204,0.01998459,0.01998459,30524,93,0
6547.38691840,6547.38693439,897.11423003,897.11372651,0.06167976,1076.47990258,0.01998459,0.01998459,30523,93,0
6547.60153062,6547.60146392,903.87280682,903.87490889,0.04229199,1076.71687669,0.01998459,0.01998459,30522,93,0
6547.81667924,6547.81600751,910.63712509,910.65831215,0.05470612,1076.95379612,0.01998459,0.01998459,30521,93,0
6548.03028786,6548.03056515,917.40681741,917.39806539,0.04562213,1077.18836420,0.01998459,0.01998459,30520,93,0
6548.24596616,6548.24513686,924.18151459,924.20770652,0.05509136,1077.42452764,0.01998459,0.01998459,30519,93,0
6548.46035750,6548.45972263,930.96084719,930.98091045,0.03022718,1077.65859288,0.01998459,0.01998459,30518,93,0
6548.67390683,6548.67432246,937.74467515,937.73153234,0.05155433,1077.89104962,0.01998459,0.01998459,30517,93,0
6548.88933536,6548.88893635,944.53333162,944.54595718,0.04016118,1078.12486493,0.01998459,0.01998459,30516,93,0
6549.10379244,6549.10356432,951.32720941,951.33443299,0.05095006,1078.35695230,0.01998459,0.01998459,30515,93,0
6549.31765451,6549.31820635,958.12670323,958.10921486,0.06383891,1078.58773805,0.01998459,0.01998459,30514,93,0
6549.53323763,6549.53286245,964.93220917,964.94410906,0.02207732,1078.81972787,0.01998459,0.01998459,30513,93,0
6549.74755445,6549.74753262,971.74394177,971.74463486,0.04524347,1079.04971014,0.01998459,0.01998459,30512,93,0
6549.96272241,6549.96221686,978.56166596,978.57772678,0.04651801,1079.27994885,0.01998459,0.01998459,30511,93,0
6550.17676900,6550.17691518,985.38507755,985.38043016,0.04545134,1079.50832236,0.01998459,0.01998459,30510,93,0
6550.39201282,6550.39162757,992.21387085,992.22612771,0.05586956,1079.73729189,0.01998459,0.01998459,30509,93,0
6550.60680684,6550.60635403,999.04773885,999.06215456,0.02942599,1079.96508979,0.01998459,0.01998459,30508,93,0
6550.82090262,6550.82109458,1005.88650056,1005.88038530,0.06173057,1080.19145041,0.01998459,0.01998459,30507,93,0
6551.03581365,6551.03584920,1012.73032953,1012.72919619,0.04703981,1080.41797746,0.01998459,0.01998459,30506,93,0
6551.24982846,6551.25061790,1019.57946154,1019.55427633,0.03936572,1080.64287333,0.01998459,0.01998459,30505,93,0
6551.46573135,6551.46540069,1026.43413352,1026.44469053,0.04208327,1080.86906509,0.01998459,0.01998459,30504,93,0
6551.68070742,6551.68019756,1033.29458350,1033.31087479,0.05367700,1081.09360498,0.01998459,0.01998459,30503,93,0
6551.89550750,6551.89500851,1040.16096801,1040.17692459,0.04877696,1081.31728556,0.01998459,0.01998459,30502,93,0
6552.10970512,6552.10983355,1047.03319799,1047.02908823,0.02387382,1081.53966145,0.01998459,0.01998459,30501,93,0
6552.32482643,6552.32467267,1053.91113826,1053.91606277,0.05701910,1081.76230916,0.01998459,0.01998459,30500,93,0
6552.53930183,6552.53952588,1060.79465295,1060.78747221,0.05451136,1081.98359651,0.01998459,0.01998459,30499,93,0
6552.75381722,6552.75439319,1067.68360555,1067.66513282,0.04499286,1082.20422785,0.01998459,0.01998459,30498,93,0
6552.96914438,6552.96927458,1074.57790252,1074.57372355,0.04641842,1082.42498790,0.01998459,0.01998459,30497,93,0
6553.18447813,6553.18417007,1081.47758095,1081.48747542,0.04575943,1082.64504649,0.01998459,0.01998459,30496,93,0
6553.39947258,6553.39907965,1088.38270259,1088.39533219,0.04681684,1082.86405187,0.01998459,0.01998459,30495,93,0
6553.61393330,6553.61400332,1095.29332950,1095.29107710,0.04776719,1083.08181034,0.01998459,0.01998459,30494,93,0
6553.82933926,6553.82894110,1102.20952407,1102.22234076,0.05401588,1083.29982164,0.01998459,0.01998459,30493,93,0
6554.04449821,6554.04389297,1109.13138884,1109.15088632,0.06754144,1083.51687693,0.01998459,0.01998459,30492,93,0
6554.25939490,6554.25885894,1116.05914021,1116.07641989,0.06063049,1083.73296811,0.01998459,0.01998459,30491,93,0
6554.47456601,6554.47383901,1122.99301568,1123.01647378,0.06594974,1083.94864007,0.01998459,0.01998459,30490,93,0
6554.68876301,6554.68883318,1129.93325392,1129.93098757,0.02246569,1084.16264998,0.01998459,0.01998459,30489,93,0
6554.90301895,6554.90384146,1136.88009444,1136.85350727,0.06025274,1084.37603943,0.01998459,0.01998459,30488,93,0
6555.11898763,6555.11886384,1143.83362173,1143.83762639,0.05190958,1084.59044735,0.01998459,0.01998459,30487,93,0
6555.33404418,6555.33390033,1150.79352375,1150.79818153,0.05517512,1084.80325210,0.01998459,0.01998459,30486,93,0
6555.54890096,6555.54895093,1157.75942474,1157.75780537,0.04798154,1085.01515029,0.01998459,0.01998459,30485,93,0
6555.76340973,6555.76401564,1164.73094700,1164.71129914,0.05030627,1085.22598499,0.01998459,0.01998459,30484,93,0
6555.97922467,6555.97909445,1171.70771218,1171.71193745,0.04786692,1085.43736376,0.01998459,0.01998459,30483,93,0
6556.19396098,6556.19418738,1178.68957058,1178.68221895,0.04865034,1085.64694334,0.01998459,0.01998459,30482,93,0
6556.40885838,6556.40929443,1185.67686674,1185.66269750,0.05106940,1085.85594695,0.01998459,0.01998459,30481,93,0
6556.62477293,6556.62441558,1192.67001102,1192.68163216,0.03682674,1086.06521146,0.01998459,0.01998459,30480,93,0
6556.83957839,6556.83955086,1199.66941588,1199.67031192,0.04822699,1086.27268675,0.01998459,0.01998459,30479,93,0
6557.05436686,6557.05470025,1206.67549297,1206.66463153,0.04452305,1086.47944316,0.01998459,0.01998459,30478,93,0
6557.26977196,6557.26986376,1213.68842068,1213.68542746,0.04318635,1086.68609052,0.01998459,0.01998459,30477,93,0
6557.48518376,6557.48504139,1220.70797294,1220.71261927,0.04574996,1086.89203155,0.01998459,0.01998459,30476,93,0
6557.69975002,6557.70023314,1227.73388251,1227.71810246,0.04577607,1087.09644553,0.01998459,0.01998459,30475,93,0
6557.91590104,6557.91543902,1234.76588069,1234.78098350,0.04210048,1087.30163394,0.01998459,0.01998459,30474,93,0
6558.13038614,6558.13065902,1241.80370181,1241.79477513,0.05130325,1087.50450156,0.01998459,0.01998459,30473,93,0
6558.34573173,6558.34589314,1248.84725466,1248.84197055,0.05874050,1087.70743745,0.01998459,0.01998459,30472,93,0
6558.56102166,6558.56114140,1255.89667879,1255.89275603,0.05175598,1087.90957602,0.01998459,0.01998459,30471,93,0
6558.77655649,6558.77640378,1262.95213023,1262.95713750,0.06452300,1088.11120085,0.01998459,0.01998459,30470,93,0
6558.99150443,6558.99168029,1270.01376579,1270.00799479,0.06799058,1088.31153791,0.01998459,0.01998459,30469,93,0
6559.20789811,6559.20697093,1277.08173832,1277.11219039,0.06354184,1088.51247932,0.01998459,0.01998459,30468,93,0
6559.42248750,6559.42227571,1284.15610044,1284.16306211,0.05325565,1088.71100817,0.01998459,0.01998459,30467,93,0
6559.63754838,6559.63759462,1291.23680839,1291.23528721,0.04005884,1088.90923329,0.01998459,0.01998459,30466,93,0
6559.85289204,6559.85292767,1298.32381432,1298.32264134,0.03902715,1089.10697323,0.01998459,0.01998459,30465,93,0
6560.06842919,6560.06827485,1305.41707010,1305.42215581,0.03650271,1089.30413990,0.01998459,0.01998459,30464,93,0
6560.28394152,6560.28363617,1312.51652659,1312.52659651,0.03172400,1089.50052914,0.01998459,0.01998459,30463,93,0
6560.49885672,6560.49901163,1319.62212561,1319.61701286,0.03625161,1089.69561884,0.01998459,0.01998459,30462,93,0
6560.71451901,6560.71440124,1326.73380291,1326.73769301,0.05009849,1089.89062447,0.01998459,0.01998459,30461,93,0
6560.92991343,6560.92980498,1333.85149374,1333.85507877,0.05970237,1090.08462180,0.01998459,0.01998459,30460,93,0
6561.14531353,6561.14522287,1340.97513303,1340.97813223,0.05760912,1090.27785468,0.01998459,0.01998459,30459,93,0
6561.36117519,6561.36065491,1348.10468356,1348.12190868,0.05192460,1090.47072641,0.01998459,0.01998459,30458,93,0
6561.57604346,6561.57610109,1355.24030172,1355.23839224,0.04743916,1090.66194193,0.01998459,0.01998459,30457,93,0
6561.79164811,6561.79156142,1362.38222616,1362.38510111,0.04668124,1090.85304615,0.01998459,0.01998459,30456,93,0
6562.00697210,6562.00703590,1369.53069707,1369.52857969,0.04369866,1091.04313926,0.01998459,0.01998459,30455,93,0
6562.22287062,6562.22252453,1376.68595590,1376.69745290,0.04587006,1091.23297867,0.01998459,0.01998459,30454,93,0
6562.43732240,6562.43802731,1383.84817074,1383.82473273,0.04972070,1091.42079365,0.01998459,0.01998459,30453,93,0
6562.65390763,6562.65354425,1391.01721813,1391.02931099,0.06157308,1091.60971022,0.01998459,0.01998459,30452,93,0
6562.86908232,6562.86907534,1398.19290231,1398.19313483,0.04934679,1091.79662575,0.01998459,0.01998459,30451,93,0
6563.08479199,6563.08462059,1405.37502647,1405.38074019,0.04558236,1091.98322740,0.01998459,0.01998459,30450,93,0
6563.30079498,6563.30017999,1412.56339305,1412.58390944,0.03886375,1092.16929415,0.01998459,0.01998459,30449,93,0
6563.51583179,6563.51575356,1419.75786874,1419.76048073,0.04597649,1092.35373909,0.01998459,0.01998459,30448,93,0
6563.73142390,6563.73134128,1426.95846059,1426.96122117,0.05789813,1092.53786746,0.01998459,0.01998459,30447,93,0
6563.94690896,6563.94694317,1434.16519410,1434.16405012,0.04445074,1092.72110953,0.01998459,0.01998459,30446,93,0
6564.16291027,6564.16255922,1441.37809484,1441.38984303,0.03278076,1092.90399147,0.01998459,0.01998459,30445,93,0
6564.37840720,6564.37818944,1448.59719366,1448.60448694,0.03770239,1093.08564760,0.01998459,0.01998459,30444,93,0
6564.59389304,6564.59383382,1455.82268275,1455.82466792,0.04510875,1093.26649917,0.01998459,0.01998459,30443,93,0
6564.80944858,6564.80949237,1463.05494548,1463.05347607,0.06084923,1093.44662080,0.01998459,0.01998459,30442,93,0
6565.02497927,6565.02516509,1470.29437822,1470.28813779,0.04505391,1093.62594055,0.01998459,0.01998459,30441,93,0
6565.24017789,6565.24085198,1477.54137950,1477.51871862,0.03879628,1093.80421185,0.01998459,0.01998459,30440,93,0
6565.45628601,6565.45655304,1484.79629579,1484.78730970,0.04424308,1093.98246580,0.01998459,0.01998459,30439,93,0
6565.67255524,6565.67226828,1492.05888046,1492.06854625,0.06281670,1094.16007036,0.01998459,0.01998459,30438,93,0
6565.88804493,6565.88799769,1499.32851799,1499.33011067,0.03209712,1094.33623865,0.01998459,0.01998459,30437,93,0
6566.10594568,6566.10374128,0.00000000,1506.68506495,0.05079669,1094.51369898,0.01998460,0.01998459,30436,93,1
6566.31900438,6566.31949904,1513.88645048,1513.86974996,0.06001289,1094.68610498,0.01998459,0.01998459,30435,93,0
6566.53492573,6566.53527098,1521.17365726,1521.16199318,0.04560241,1094.86013587,0.01998459,0.01998459,30434,93,0
6566.75106829,6566.75105710,1528.46653780,1528.46691612,0.03119212,1095.03350368,0.01998459,0.01998459,30433,93,0
6566.96674453,6566.96685741,1535.76565894,1535.76183938,0.04185522,1095.20566961,0.01998459,0.01998459,30432,93,0
6567.18274535,6567.18267189,1543.07159072,1543.07407871,0.05653678,1095.37727690,0.01998459,0.01998459,30431,93,0
6567.39850571,6567.39850057,1550.38490438,1550.38507887,0.03494373,1095.54788690,0.01998459,0.01998459,30430,93,0
6567.61422612,6567.61434342,1557.70590347,1557.70192282,0.03323867,1095.71766400,0.01998459,0.01998459,30429,93,0
6567.82997826,6567.83020047,1565.03434785,1565.02680026,0.05804420,1095.88665626,0.01998459,0.01998459,30428,93,0
6568.04616331,6568.04607170,1572.36993057,1572.37304504,0.03228571,1096.05516544,0.01998459,0.01998459,30427,93,0
6568.26201621,6568.26195712,1579.71234293,1579.71435331,0.03894114,1096.22258493,0.01998459,0.01998459,30426,93,0
6568.47734964,6568.47785674,1587.06128894,1587.04402099,0.05798716,1096.38876514,0.01998459,0.01998459,30425,93,0
6568.69396501,6568.69377055,1594.41674287,1594.42337024,0.03259901,1096.55508881,0.01998459,0.01998459,30424,93,0
6568.91023601,6568.90969855,1601.77892067,1601.79725365,0.04000117,1096.72030412,0.01998459,0.01998459,30423,93,0
6569.12484296,6569.12564074,1609.14804794,1609.12081089,0.05898245,1096.88341712,0.01998459,0.01998459,30422,93,0
6569.34169950,6569.34159714,1616.52435153,1616.52784946,0.03341604,1097.04740138,0.01998459,0.01998459,30421,93,0
6569.55772093,6569.55756773,1623.90801932,1623.91325923,0.05102455,1097.20991751,0.01998459,0.01998459,30420,93,0
6569.77368162,6569.77355252,1631.29900412,1631.30342368,0.04053435,1097.37154945,0.01998459,0.01998459,30419,93,0
6569.98905893,6569.98955152,1638.69717267,1638.68029345,0.03762648,1097.53190417,0.01998459,0.01998459,30418,93,0
6570.20585814,6570.20556471,1646.10239080,1646.11245432,0.05361024,1097.69246412,0.01998459,0.01998459,30417,93,0
6570.42213730,6570.42159211,1653.51452416,1653.53323808,0.03482279,1097.85178020,0.01998460,0.01998459,30416,93,0
6570.63792065,6570.63763372,1660.93353623,1660.94339393,0.05649402,1098.00987293,0.01998459,0.01998459,30415,93,0
6570.85370227,6570.85368953,1668.35959661,1668.36003447,0.03524838,1098.16710825,0.01998459,0.01998459,30414,93,0
6571.06988867,6571.06975955,1675.79290176,1675.79734590,0.05623161,1098.32378143,0.01998459,0.01998459,30413,93,0
6571.28567308,6571.28584378,1683.23364926,1683.22776856,0.04424665,1098.47930914,0.01998459,0.01998459,30412,93,0
6571.50210535,6571.50194222,1690.68202382,1690.68764907,0.03024207,1098.63444760,0.01998459,0.01998459,30411,93,0
6571.71867482,6571.71805488,1698.13799575,1698.15939404,0.05378053,1098.78882255,0.01998460,0.01998459,30410,93,0
6571.93421854,6571.93418175,1705.60136631,1705.60263744,0.03179829,1098.94160336,0.01998459,0.01998459,30409,93,0
6572.15065340,6572.15032283,1713.07193104,1713.08336172,0.05403065,1099.09414259,0.01998460,0.01998459,30408,93,0
6572.36616327,6572.36647813,1720.54948426,1720.53858768,0.03655667,1099.24515360,0.01998459,0.01998459,30407,93,0
6572.58247841,6572.58264764,1728.03388427,1728.02802249,0.05519432,1099.39584402,0.01998459,0.01998459,30406,93,0
6572.79849708,6572.79883138,1735.52526235,1735.51367266,0.02517605,1099.54544326,0.01998459,0.01998459,30405,93,0
6573.01483638,6573.01502934,1743.02382239,1743.01712675,0.05142151,1099.69437988,0.01998459,0.01998459,30404,93,0
6573.23104418,6573.23124152,1750.52976947,1750.52291555,0.03411850,1099.84234275,0.01998459,0.01998459,30403,93,0
6573.44759821,6573.44746792,1758.04330717,1758.04783666,0.04846984,1099.98965862,0.01998459,0.01998459,30402,93,0
6573.66405567,6573.66370855,1765.56453334,1765.57661253,0.02641953,1100.13602370,0.01998460,0.01998460,30401,93,0
6573.88033326,6573.87996341,1773.09340565,1773.10628817,0.05409106,1100.28137958,0.01998460,0.01998460,30400,93,0
6574.09584280,6574.09623249,1780.62987192,1780.61628594,0.04279560,1100.42533286,0.01998459,0.01998460,30399,93,0
6574.31240697,6574.31251580,1788.17387963,1788.17008181,0.05516501,1100.56909532,0.01998459,0.01998460,30398,93,0
6574.52920050,6574.52881334,1795.72537691,1795.73889989,0.06147690,1100.71210725,0.01998460,0.01998460,30397,93,0
6574.74577814,6574.74512512,1803.28431813,1803.30714823,0.03907054,1100.85407107,0.01998460,0.01998460,30396,93,0
6574.96130011,6574.96145112,1810.85066013,1810.84537584,0.04833805,1100.99444063,0.01998459,0.01998460,30395,93,0
6575.17783932,6575.17779137,1818.42435945,1818.42603905,0.03198229,1101.13456259,0.01998460,0.01998460,30394,93,0
6575.39444328,6575.39414585,1826.00537298,1826.01579980,0.05247192,1101.27381013,0.01998460,0.01998460,30393,93,0
6575.61035018,6575.61051456,1833.59371535,1833.58794759,0.02901654,1101.41169494,0.01998459,0.01998460,30392,93,0
6575.82674049,6575.82689752,1841.18950512,1841.18399038,0.05371979,1101.54897157,0.01998459,0.01998460,30391,93,0
6576.04332374,6576.04329472,1848.79287232,1848.79389276,0.05487402,1101.68545087,0.01998460,0.01998460,30390,93,0
6576.26005625,6576.25970615,1856.40394774,1856.41626647,0.03386998,1101.82110249,0.01998460,0.01998460,30389,93,0
6576.47608053,6576.47613183,1864.02286362,1864.02105657,0.05192591,1101.95539262,0.01998459,0.01998460,30388,93,0
6576.69275645,6576.69257176,1871.64975885,1871.65627024,0.03139843,1102.08916634,0.01998460,0.01998460,30387,93,0
6576.90918431,6576.90902593,1879.28477616,1879.29036549,0.05580317,1102.22186494,0.01998460,0.01998460,30386,93,0
6577.12579207,6577.12549435,1886.92805911,1886.93857653,0.04272293,1102.35375052,0.01998460,0.01998460,30385,93,0
6577.34162265,6577.34197702,1894.57975081,1894.56721896,0.03841784,1102.48424336,0.01998459,0.01998460,30384,93,0
6577.55863160,6577.55847394,1902.23982986,1902.24541090,0.05341497,1102.61451954,0.01998460,0.01998460,30383,93,0
6577.77502394,6577.77498511,1909.90795102,1909.90932682,0.04981064,1102.74348877,0.01998460,0.01998460,30382,93,0
6577.99137806,6577.99151053,1917.58372937,1917.57903117,0.02162235,1102.87149048,0.01998460,0.01998460,30381,93,0
6578.20834520,6578.20805021,1925.26677756,1925.27724869,0.05054802,1102.99889676,0.01998460,0.01998460,30380,93,0
6578.42507916,6578.42460414,1932.95677278,1932.97364796,0.05139195,1103.12520005,0.01998460,0.01998460,30379,93,0
6578.64201656,6578.64117234,1940.65395046,1940.68396928,0.05532538,1103.25065611,0.01998460,0.01998460,30378,93,0
6578.85795390,6578.85775479,1948.35882676,1948.36591372,0.04313417,1103.37457971,0.01998460,0.01998460,30377,93,0
6579.07425794,6579.07435150,1956.07192310,1956.06858997,0.04847338,1103.49776465,0.01998460,0.01998460,30376,93,0
6579.29118752,6579.29096247,1963.79375963,1963.80178677,0.05353086,1103.62035675,0.01998460,0.01998460,30375,93,0
6579.50788027,6579.50758770,1971.52450629,1971.53495258,0.02973239,1103.74186526,0.01998460,0.01998460,30374,93,0
6579.72384565,6579.72422720,1979.26372999,1979.25009269,0.05537573,1103.86201125,0.01998460,0.01998460,30373,93,0
6579.94081322,6579.94088096,1987.01093579,1987.00851216,0.05001882,1103.98174406,0.01998460,0.01998460,30372,93,0
6580.15784406,6580.15754900,1994.76562560,1994.77619075,0.04626494,1104.10052763,0.01998460,0.01998460,30371,93,0
6580.37381688,6580.37423130,2002.52737802,2002.51252719,0.02865388,1104.21774572,0.01998460,0.01998460,30370,93,0
6580.59042999,6580.59092787,2010.29626840,2010.27841115,0.05318778,1104.33432127,0.01998460,0.01998460,30369,93,0
6580.80706071,6580.80763871,2018.07256516,2018.05181533,0.04593161,1104.44991580,0.01998459,0.01998460,30368,93,0
6581.02437876,6581.02436382,2025.85653886,2025.85707562,0.05055266,1104.56488288,0.01998460,0.01998460,30367,93,0
6581.24124167,6581.24110321,2033.64846206,2033.65344227,0.03299171,1104.67861740,0.01998460,0.01998460,30366,93,0
6581.45759052,6581.45785688,2041.44862108,2041.43903105,0.05753319,1104.79109604,0.01998460,0.01998460,30365,93,0
6581.67409920,6581.67462482,2049.25731851,2049.23837404,0.05314129,1104.90267257,0.01998459,0.01998460,30364,93,0
6581.89114525,6581.89140704,2057.07485966,2057.06541387,0.04755247,1105.01353765,0.01998459,0.01998460,30363,93,0
6582.10841369,6582.10820354,2064.90155180,2064.90914284,0.04473281,1105.12352593,0.01998460,0.01998460,30362,93,0
6582.32483848,6582.32501432,2072.73760638,2072.73124762,0.04698827,1105.23210119,0.01998460,0.01998460,30361,93,0
6582.54182267,6582.54183938,2080.58287511,2080.58227023,0.03616301,1105.33996342,0.01998460,0.01998460,30360,93,0
6582.75856376,6582.75867873,2088.43712534,2088.43295874,0.03533582,1105.44670464,0.01998460,0.01998460,30359,93,0
6582.97561380,6582.97553236,2096.30012290,2096.30307749,0.05285606,1105.55258948,0.01998460,0.01998460,30358,93,0
6583.19205446,6583.19240028,2104.17164136,2104.15908314,0.04105782,1105.65716550,0.01998459,0.01998460,30357,93,0
6583.40965614,6583.40928249,2112.05156993,2112.06515230,0.04512314,1105.76127928,0.01998460,0.01998460,30356,93,0
6583.62582783,6583.62617899,2119.93987738,2119.92709975,0.04653597,1105.86368924,0.01998460,0.01998460,30355,93,0
6583.84271362,6583.84308978,2127.83653376,2127.82283287,0.04433586,1105.96541239,0.01998460,0.01998460,30354,93,0
6584.05990583,6584.06001486,2135.74150991,2135.73753493,0.05095345,1106.06624652,0.01998460,0.01998460,30353,93,0
6584.27696222,6584.27695423,2143.65486582,2143.65515713,0.04927721,1106.16598246,0.01998460,0.01998460,30352,93,0
6584.49359355,6584.49390791,2151.57682063,2151.56533627,0.05537386,1106.26449061,0.01998460,0.01998460,30351,93,0
6584.71068472,6584.71087587,2159.50761122,2159.50062018,0.02488391,1106.36217248,0.01998460,0.01998460,30350,93,0
6584.92737529,6584.92785814,2167.44747598,2167.42979772,0.05239202,1106.45863977,0.01998460,0.01998460,30349,93,0
6585.14452920,6585.14485470,2175.39660306,2175.38467267,0.05412358,1106.55427516,0.01998460,0.01998460,30348,93,0
6585.36159363,6585.36186557,2183.35493491,2183.34495683,0.05009282,1106.64882801,0.01998460,0.01998460,30347,93,0
6585.57838165,6585.57889074,2191.32234006,2191.30364055,0.04962282,1106.74221422,0.01998460,0.01998460,30346,93,0
6585.79547892,6585.79593021,2199.29868613,2199.28209221,0.04801794,1106.83468056,0.01998460,0.01998460,30345,93,0
6586.01233115,6586.01298399,2207.28383894,2207.25980944,0.05042876,1106.92598528,0.01998460,0.01998460,30344,93,0
6586.23007752,6586.23005207,2215.27765138,2215.27858908,0.04643762,1107.01659798,0.01998460,0.01998460,30343,93,0
6586.44711040,6586.44713447,2223.27996654,2223.27907880,0.05054468,1107.10584300,0.01998460,0.01998460,30342,93,0
6586.66447155,6586.66423117,2231.29062625,2231.29950044,0.04328438,1107.19414631,0.01998460,0.01998460,30341,93,0
6586.88111123,6586.88134218,2239.30947409,2239.30094013,0.04461834,1107.28107927,0.01998460,0.01998460,30340,93,0
6587.09795489,6587.09846751,2247.33654035,2247.31757966,0.04792274,1107.36701405,0.01998460,0.01998460,30339,93,0
6587.31528463,6587.31560715,2255.37215592,2255.36021443,0.04326403,1107.45205737,0.01998460,0.01998460,30338,93,0
6587.53255021,6587.53276110,2263.41668087,2263.40886414,0.05396181,1107.53599094,0.01998460,0.01998460,30337,93,0
6587.75067297,6587.74992937,2271.47047767,2271.49806974,0.05312390,1107.61916475,0.01998460,0.01998460,30336,93,0
6587.96755278,6587.96711196,2279.53383047,2279.55020596,0.05546078,1107.70077986,0.01998460,0.01998460,30335,93,0
6588.18422923,6588.18430887,2287.60674075,2287.60377922,0.05013255,1107.78123435,0.01998460,0.01998460,30334,93,0
6588.40194676,6588.40152010,2295.68914730,2295.70503201,0.03853773,1107.86097939,0.01998460,0.01998460,30333,93,0
6588.61882694,6588.61874565,2303.78098844,2303.78401831,0.04947949,1107.93932086,0.01998460,0.01998460,30332,93,0
6588.83624396,6588.83598552,2311.88219082,2311.89183336,0.04637741,1108.01675275,0.01998460,0.01998460,30331,93,0
6589.05350915,6589.05323972,2319.99259305,2320.00265624,0.03876787,1108.09302144,0.01998460,0.01998460,30330,93,0
6589.27021574,6589.27050825,2328.11199160,2328.10105486,0.03147440,1108.16798387,0.01998460,0.01998460,30329,93,0
6589.48811365,6589.48779110,2336.24018122,2336.25225300,0.04579306,1108.24223483,0.01998460,0.01998460,30328,93,0
6589.70524427,6589.70508829,2344.37697518,2344.38281908,0.05253430,1108.31509829,0.01998460,0.01998460,30327,93,0
6589.92306954,6589.92239980,2352.52255875,2352.54767630,0.05388981,1108.38706341,0.01998460,0.01998460,30326,93,0
6590.13977318,6590.13972565,2360.67744997,2360.67923462,0.05366202,1108.45753420,0.01998460,0.01998460,30325,93,0
6590.35743478,6590.35706583,2368.84218192,2368.85605046,0.03781991,1108.52718877,0.01998460,0.01998460,30324,93,0
6590.57444105,6590.57442034,2377.01728579,2377.01806507,0.04076315,1108.59550874,0.01998460,0.01998460,30323,93,0
6590.79190473,6590.79178919,2385.20295010,2385.20730368,0.05397566,1108.66284308,0.01998460,0.01998460,30322,93,0
6591.00916336,6591.00917238,2393.39882034,2393.39847997,0.05788328,1108.72897737,0.01998460,0.01998460,30321,93,0
6591.22662099,6591.22656991,2401.60449178,2401.60642100,0.04929032,1108.79402712,0.01998460,0.01998460,30320,93,0
6591.44382977,6591.44398178,2409.81955699,2409.81381015,0.03996635,1108.85785145,0.01998460,0.01998460,30319,93,0
6591.66112378,6591.66140799,2418.04373707,2418.03298140,0.03651579,1108.92054374,0.01998460,0.01998460,30318,93,0
6591.87872531,6591.87884854,2426.27710759,2426.27243879,0.04335646,1108.98216165,0.01998460,0.01998460,30317,93,0
6592.09578366,6592.09630344,2434.51980448,2434.50009146,0.05523152,1109.04246327,0.01998460,0.01998460,30316,93,0
6592.31343686,6592.31377269,2442.77196457,2442.75921429,0.04143641,1109.10176132,0.01998460,0.01998460,30315,93,0
6592.53174078,6592.53125628,2451.03376323,2451.05217887,0.04396230,1109.16005814,0.01998460,0.01998460,30314,93,0
6592.74864195,6592.74875422,2459.30554903,2459.30127666,0.04007540,1109.21680967,0.01998460,0.01998460,30313,93,0
6592.96620104,6592.96626652,2467.58772218,2467.58522743,0.05303605,1109.27255949,0.01998460,0.01998460,30312,93,0
6593.18392780,6593.18379316,2475.88068571,2475.88582189,0.04028559,1109.32717342,0.01998460,0.01998460,30311,93,0
6593.40168102,6593.40133416,2484.18475306,2484.19800179,0.03874406,1109.38061177,0.01998460,0.01998460,30310,93,0
6593.61921808,6593.61888951,2492.49955544,2492.51212032,0.05531521,1109.43280944,0.01998460,0.01998460,30309,93,0
6593.83622791,6593.83645922,2500.82441396,2500.81555861,0.04086706,1109.48368914,0.01998460,0.01998460,30308,93,0
6594.05400081,6594.05404329,2509.15864333,2509.15701539,0.04146330,1109.53354306,0.01998460,0.01998460,30307,93,0
6594.27152250,6594.27164171,2517.50161411,2517.49704101,0.05311512,1109.58212710,0.01998460,0.01998460,30306,93,0
6594.48926290,6594.48925450,2525.85340570,2525.85372827,0.03647734,1109.62954315,0.01998460,0.01998460,30305,93,0
6594.70666453,6594.70688165,2534.21456146,2534.20621535,0.03453565,1109.67566998,0.01998460,0.01998460,30304,93,0
6594.92470685,6594.92452316,2542.58563652,2542.59270597,0.05140671,1109.72071176,0.01998460,0.01998460,30303,93,0
6595.14235644,6595.14217903,2550.96716912,2550.97400499,0.03701573,1109.76445137,0.01998460,0.01998460,30302,93,0
6595.35997710,6595.35984928,2559.35931686,2559.36424804,0.04915678,1109.80696170,0.01998460,0.01998460,30301,93,0
6595.57775523,6595.57753389,2567.76190059,2567.77044946,0.03763963,1109.84827254,0.01998460,0.01998460,30300,93,0
6595.79462080,6595.79523287,2576.17472828,2576.15106223,0.03789226,1109.88818190,0.01998460,0.01998460,30299,93,0
6596.01259108,6596.01294621,2584.59761206,2584.58386485,0.04430421,1109.92705402,0.01998460,0.01998460,30298,93,0
6596.23076451,6596.23067394,2593.03052272,2593.03403278,0.02972140,1109.96471241,0.01998460,0.01998460,30297,93,0
6596.44828732,6596.44841603,2601.47361066,2601.46861703,0.04687450,1110.00100979,0.01998460,0.01998460,30296,93,0
6596.66632324,6596.66617250,2609.92703690,2609.93289219,0.03514076,1110.03613768,0.01998460,0.01998460,30295,93,0
6596.88361355,6596.88394334,2618.39096376,2618.37813835,0.05254627,1110.06989142,0.01998460,0.01998460,30294,93,0
6597.10160730,6597.10172857,2626.86556252,2626.86084075,0.03168758,1110.10249247,0.01998460,0.01998460,30293,93,0
6597.31946644,6597.31952817,2635.35101627,2635.34860982,0.04778249,1110.13380650,0.01998460,0.01998460,30292,93,0
6597.53723508,6597.53734215,2643.84751016,2643.84333075,0.03652821,1110.16383765,0.01998460,0.01998460,30291,93,0
6597.75526219,6597.75517052,2652.35522867,2652.35881139,0.05187527,1110.19262827,0.01998460,0.01998460,30290,93,0
6597.97297421,6597.97301326,2660.87423118,2660.87270288,0.03754710,1110.22009833,0.01998460,0.01998460,30289,93,0
6598.19120930,6598.19087039,2669.40437940,2669.41765718,0.04804267,1110.24634628,0.01998460,0.01998460,30288,93,0
6598.40924356,6598.40874191,2677.94551659,2677.96519429,0.03072969,1110.27127679,0.01998460,0.01998460,30287,93,0
6598.62659841,6598.62662782,2686.49748634,2686.49633123,0.05242036,1110.29483764,0.01998460,0.01998460,30286,93,0
6598.84506987,6598.84452811,2695.06025484,2695.08155720,0.03744014,1110.31721470,0.01998460,0.01998460,30285,93,0
6599.06286216,6599.06244280,2703.63399976,2703.65050956,0.04900863,1110.33821569,0.01998460,0.01998460,30284,93,0
6599.28029534,6599.28037187,2712.21892085,2712.21590419,0.04831698,1110.35787636,0.01998460,0.01998460,30283,93,0
6599.49859843,6599.49831534,2720.81521722,2720.82638999,0.03606250,1110.37629863,0.01998460,0.01998460,30282,93,0
6599.71666463,6599.71627321,2729.42290556,2729.43837346,0.04446584,1110.39337827,0.01998460,0.01998460,30281,93,0
6599.93455737,6599.93424547,2738.04167787,2738.05401826,0.03448088,1110.40911831,0.01998460,0.01998460,30280,93,0
6600.15223564,6600.15223212,2746.67119055,2746.67132979,0.04769071,1110.42351381,0.01998460,0.01998460,30279,93,0
6600.37017402,6600.37023318,2755.31110083,2755.30875481,0.05170979,1110.43659042,0.01998460,0.01998460,30278,93,0
6600.58847953,6600.58824864,2763.96135177,2763.97051844,0.03179293,1110.44834402,0.01998460,0.01998460,30277,93,0
6600.80624491,6600.80627850,2772.62238388,2772.62104893,0.04628507,1110.45872320,0.01998460,0.01998460,30276,93,0
6601.02465928,6601.02432276,2781.29469036,2781.30808329,0.04733189,1110.46777923,0.01998460,0.01998460,30275,93,0
6601.24249012,6601.24238142,2789.97876472,2789.98309636,0.03444191,1110.47545567,0.01998460,0.01998460,30274,93,0
6601.46060190,6601.46045450,2798.67487894,2798.68076075,0.04558049,1110.48178065,0.01998460,0.01998460,30273,93,0
6601.67831908,6601.67854198,2807.38294762,2807.37404168,0.04567973,1110.48673011,0.01998460,0.01998460,30272,93,0
6601.89659040,6601.89664387,2816.10285248,2816.10071333,0.03616198,1110.49031864,0.01998460,0.01998460,30271,93,0
6602.11458808,6602.11476016,2824.83447512,2824.82758182,0.04583794,1110.49252454,0.01998460,0.01998460,30270,93,0
6602.33434478,6602.33289088,2833.57773726,2833.63605052,0.04309322,1110.49334884,0.01998461,0.01998460,30269,93,0
6602.55085562,6602.55103600,2842.33261739,2842.32537375,0.05156507,1110.49278162,0.01998460,0.01998460,30268,93,0
6602.76900106,6602.76919554,2851.09909802,2851.09127823,0.02837620,1110.49082021,0.01998460,0.01998460,30267,93,0
6602.98673911,6602.98736949,2859.87715943,2859.85178049,0.05365420,1110.48746593,0.01998460,0.01998460,30266,93,0
6603.20515201,6603.20555786,2868.66671922,2868.65035974,0.04414599,1110.48269427,0.01998460,0.01998460,30265,93,0
6603.42384517,6603.42376066,2877.46762172,2877.47103250,0.03935803,1110.47649943,0.01998460,0.01998460,30264,93,0
6603.64217716,6603.64197787,2886.27970584,2886.28775876,0.04998727,1110.46889526,0.01998460,0.01998460,30263,93,0
6603.86034601,6603.86020950,2895.10282594,2895.10834818,0.04940589,1110.45987499,0.01998460,0.01998460,30262,93,0
6604.07822796,6604.07845555,2903.93716697,2903.92794846,0.03587114,1110.44944282,0.01998460,0.01998460,30261,93,0
6604.29626931,6604.29671604,2912.78321972,2912.76510213,0.04989903,1110.43757277,0.01998460,0.01998460,30260,93,0
6604.51496698,6604.51499094,2921.64149017,2921.64051708,0.04232170,1110.42422352,0.01998460,0.01998460,30259,93,0
6604.73313654,6604.73328028,2930.51244940,2930.50660398,0.04575529,1110.40945957,0.01998460,0.01998460,30258,93,0
6604.95111271,6604.95158404,2939.39608088,2939.37688805,0.04113179,1110.39325959,0.01998460,0.01998460,30257,93,0
6605.17017351,6605.16990223,2948.29203140,2948.30309267,0.04597968,1110.37551447,0.01998460,0.01998460,30256,93,0
6605.38815398,6605.38823486,2957.19993819,2957.19663634,0.04415715,1110.35639461,0.01998460,0.01998460,30255,93,0
6605.60647773,6605.60658191,2966.11949855,2966.11523980,0.02183835,1110.33577770,0.01998460,0.01998460,30254,93,0
6605.82478613,6605.82494341,2975.05091111,2975.04447413,0.05455127,1110.31368833,0.01998460,0.01998460,30253,93,0
6606.04331090,6606.04331934,2983.99461765,2983.99427196,0.02944737,1110.29009427,0.01998460,0.01998460,30252,93,0
6606.26145920,6606.26170970,2992.95106504,2992.94078439,0.05268592,1110.26505412,0.01998460,0.01998460,30251,93,0
6606.47977489,6606.48011451,3001.92062395,3001.90666663,0.04763848,1110.23850045,0.01998460,0.01998460,30250,93,0
6606.69817791,6606.69853375,3010.90327164,3010.88862715,0.04770142,1110.21043428,0.01998460,0.01998460,30249,93,0
6606.91640391,6606.91696744,3019.89886225,3019.87563895,0.04556805,1110.18088482,0.01998460,0.01998460,30248,93,0
6607.13529391,6607.13541557,3028.90724862,3028.90222836,0.05789487,1110.14972752,0.01998460,0.01998460,30247,93,0
6607.35366939,6607.35387814,3037.92836830,3037.91974216,0.02961671,1110.11712273,0.01998460,0.01998460,30246,93,0
6607.57220810,6607.57235516,3046.96241325,3046.95632803,0.04686426,1110.08296616,0.01998460,0.01998460,30245,93,0
6607.79117973,6607.79084663,3056.00962402,3056.02342661,0.05580260,1110.04720224,0.01998460,0.01998460,30244,93,0
6608.00879727,6608.00935255,3065.07023942,3065.04719791,0.05252293,1110.01012532,0.01998460,0.01998460,30243,93,0
6608.22847682,6608.22787292,3074.14420068,3074.16929470,0.04639777,1109.97113967,0.01998460,0.01998460,30242,93,0
6608.44644679,6608.44640773,3083.23093201,3083.23255679,0.03754681,1109.93090712,0.01998460,0.01998460,30241,93,0
6608.66475005,6608.66495701,3092.32980150,3092.32118003,0.04850799,1109.88906212,0.01998460,0.01998460,30240,93,0
6608.88322645,6608.88352073,3101.44020545,3101.42793158,0.04461294,1109.84562712,0.01998460,0.01998460,30239,93,0
6609.10215776,6609.10209892,3110.56228383,3110.56474121,0.04435592,1109.80053316,0.01998460,0.01998460,30238,93,0
6609.32061643,6609.32069156,3119.69691270,3119.69377118,0.04500342,1109.75396134,0.01998460,0.01998460,30237,93,0
6609.53900649,6609.53929866,3128.84500647,3128.83277110,0.05030432,1109.70582048,0.01998460,0.01998460,30236,93,0
6609.75767540,6609.75792022,3138.00739268,3137.99712465,0.05164548,1109.65602065,0.01998460,0.01998460,30235,93,0
6609.97650751,6609.97655624,3147.18405730,3147.18201080,0.04939340,1109.60457649,0.01998460,0.01998460,30234,93,0
6610.19521559,6610.19520672,3156.37453850,3156.37491154,0.03206604,1109.55155086,0.01998460,0.01998460,30233,93,0
6610.41366366,6610.41387167,3165.57836626,3165.56960502,0.04394788,1109.49697710,0.01998460,0.01998460,30232,93,0
6610.63203669,6610.63255109,3174.79520507,3174.77350963,0.04214461,1109.44080832,0.01998460,0.01998460,30231,93,0
6610.85108811,6610.85124497,3184.02527834,3184.01865351,0.05154047,1109.38283630,0.01998460,0.01998460,30230,93,0
6611.07052634,6611.06995332,3193.26895365,3193.29318952,0.03582891,1109.32311740,0.01998461,0.01998460,30229,93,0
6611.28871666,6611.28867614,3202.52659958,3202.52831567,0.03547521,1109.26209707,0.01998460,0.01998460,30228,93,0
6611.50743578,6611.50741344,3211.79836973,3211.79931747,0.04448480,1109.19927868,0.01998460,0.01998460,30227,93,0
6611.72650181,6611.72616520,3221.08401851,3221.09831691,0.05875819,1109.13469934,0.01998460,0.01998460,30226,93,0
6611.94485895,6611.94493145,3230.38325511,3230.38017129,0.04287036,1109.06866970,0.01998460,0.01998460,30225,93,0
6612.16354322,6612.16371216,3239.69580712,3239.68861108,0.04305760,1109.00087618,0.01998460,0.01998460,30224,93,0
6612.38296062,6612.38250736,3249.02176230,3249.04109565,0.05032596,1108.93117356,0.01998460,0.01998460,30223,93,0
6612.60100500,6612.60131703,3258.36151459,3258.34818591,0.03342921,1108.86022866,0.01998460,0.01998460,30222,93,0
6612.81992036,6612.82014119,3267.71547089,3267.70602414,0.04168230,1108.78730715,0.01998460,0.01998460,30221,93,0
6613.03873572,6613.03897983,3277.08398638,3277.07352848,0.04754131,1108.71271363,0.01998460,0.01998460,30220,93,0
6613.25832425,6613.25783295,3286.46710284,3286.48818264,0.03993364,1108.63613497,0.01998460,0.01998460,30219,93,0
6613.47673442,6613.47670055,3295.86474996,3295.86620510,0.05168961,1108.55824983,0.01998460,0.01998460,30218,93,0
6613.69506306,6613.69558264,3305.27685655,3305.25449784,0.03990428,1108.47867536,0.01998460,0.01998460,30217,93,0
6613.91407891,6613.91447922,3314.70335981,3314.68610823,0.03511695,1108.39711757,0.01998460,0.01998460,30216,93,0
6614.13332010,6614.13339029,3324.14421557,3324.14118631,0.05650582,1108.31373081,0.01998460,0.01998460,30215,93,0
6614.35280432,6614.35231585,3333.59938163,3333.62049359,0.03044477,1108.22849593,0.01998461,0.01998460,30214,93,0
6614.57161151,6614.57125590,3343.06883086,3343.08422269,0.04595183,1108.14176852,0.01998460,0.01998460,30213,93,0
6614.79007746,6614.79021044,3352.55279393,3352.54702949,0.03812095,1108.05341841,0.01998460,0.01998460,30212,93,0
6615.00958222,6615.00917948,3362.05171630,3362.06920075,0.05048837,1107.96286749,0.01998460,0.01998460,30211,93,0
6615.22839248,6615.22816301,3371.56605379,3371.57603173,0.04295698,1107.87081460,0.01998460,0.01998460,30210,93,0
6615.44744123,6615.44716104,3381.09614750,3381.10834975,0.04634490,1107.77686168,0.01998460,0.01998460,30209,93,0
6615.66564973,6615.66617358,3390.64179113,3390.61894200,0.04688038,1107.68147295,0.01998460,0.01998460,30208,93,0
6615.88538792,6615.88520061,3400.20261704,3400.21079942,0.04585801,1107.58359981,0.01998460,0.01998460,30207,93,0
6616.10449137,6616.10424214,3409.77825804,3409.78916130,0.04794319,1107.48419133,0.01998461,0.01998460,30206,93,0
6616.32382115,6616.32329818,3419.36856167,3419.39147436,0.04097059,1107.38285600,0.01998461,0.01998460,30205,93,0
6616.54247984,6616.54236872,3428.97369903,3428.97857485,0.04836946,1107.28000473,0.01998460,0.01998460,30204,93,0
6616.76151686,6616.76145377,3438.59386917,3438.59664150,0.05993564,1107.17513783,0.01998460,0.01998460,30203,93,0
6616.98127511,6616.98055333,3448.22927678,3448.26104307,0.03611889,1107.06806727,0.01998461,0.01998460,30202,93,0
6617.19975732,6617.19966739,3457.88016026,3457.88412439,0.04726184,1106.95976273,0.01998460,0.01998460,30201,93,0
6617.41867330,6617.41879597,3467.54677588,3467.54136025,0.02707461,1106.84937651,0.01998460,0.01998460,30200,93,0
6617.63805565,6617.63793905,3477.22938161,3477.23453724,0.05116374,1106.73686955,0.01998461,0.01998460,30199,93,0
6617.85709760,6617.85709666,3486.92809258,3486.92813433,0.03902085,1106.62264438,0.01998461,0.01998460,30198,93,0
6618.07594348,6618.07626877,3496.64270476,3496.62827510,0.05304570,1106.50662686,0.01998460,0.01998460,30197,93,0
6618.29541923,6618.29545541,3506.37296928,3506.37136221,0.03688322,1106.38836832,0.01998461,0.01998460,30196,93,0
6618.51474232,6618.51465656,3516.11863434,3516.12245024,0.04703191,1106.26827920,0.01998461,0.01998461,30195,93,0
6618.73456744,6618.73387223,3525.87944143,3525.91041914,0.04549390,1106.14599172,0.01998461,0.01998461,30194,93,0
6618.95292590,6618.95310242,3535.65512673,3535.64725000,0.05065981,1106.02260923,0.01998460,0.01998461,30193,93,0
6619.17236542,6619.17234713,3545.44542440,3545.44624172,0.02858992,1105.89669292,0.01998461,0.01998461,30192,93,0
6619.39163296,6619.39160637,3555.25047800,3555.25166814,0.05489658,1105.76894039,0.01998461,0.01998461,30191,93,0
6619.61133334,6619.61088013,3565.07151794,3565.09183375,0.04288569,1105.63897166,0.01998461,0.01998461,30190,93,0
6619.83035246,6619.83016842,3574.90996334,3574.91822796,0.04603073,1105.50742167,0.01998461,0.01998461,30189,93,0
6620.04945238,6620.04947123,3584.76711711,3584.76626894,0.05225005,1105.37381398,0.01998460,0.01998461,30188,93,0
6620.26902888,6620.26878858,3594.64262979,3594.65345955,0.05195331,1105.23789460,0.01998461,0.01998461,30187,93,0
6620.47183623,nan,0.00000000,3603.81338229,0.47077883,1105.11038079,0.01998456,0.01998461,30186,93,1
6620.70735707,6620.70746686,3614.44267802,3614.43771537,0.05850260,1104.96056277,0.01998460,0.01998461,30185,93,0
6620.92682880,6620.92682780,3624.36501567,3624.36506090,0.03347215,1104.81871103,0.01998460,0.01998461,30184,93,0
6621.14630694,6621.14620328,3634.30358910,3634.30828944,0.05340994,1104.67482880,0.01998460,0.01998461,30183,93,0
6621.36563262,6621.36559329,3644.26033784,3644.26212412,0.04535800,1104.52898505,0.01998460,0.01998461,30182,93,0
6621.58518552,6621.58499784,3654.23701122,3654.24555327,0.05151345,1104.38089046,0.01998461,0.01998461,30181,93,0
6621.80474721,6621.80441694,3664.23321115,3664.24827092,0.03842923,1104.23068436,0.01998461,0.01998461,30180,93,0
6622.02342132,6622.02385057,3674.24725794,3674.22765328,0.04418421,1104.07900778,0.01998460,0.01998461,30179,93,0
6622.24260526,6622.24329874,3684.27744705,3684.24572778,0.04773133,1103.92491358,0.01998460,0.01998461,30178,93,0
6622.46309255,6622.46276146,3694.32304949,3694.33821655,0.04145612,1103.76782105,0.01998461,0.01998461,30177,93,0
6622.68269020,6622.68223872,3704.38520474,3704.40592063,0.04042059,1103.60926040,0.01998461,0.01998461,30176,93,0
6622.90200186,6622.90173053,3714.46527220,3714.47774409,0.05417163,1103.44878196,0.01998461,0.01998461,30175,93,0
6623.12162532,6623.12123689,3724.56439557,3724.58228284,0.04737994,1103.28591973,0.01998461,0.01998461,30174,93,0
6623.34082233,6623.34075780,3734.68223814,3734.68521476,0.04474664,1103.12121814,0.01998461,0.01998461,30173,93,0
6623.56022569,6623.56029326,3744.81786337,3744.81474128,0.03898669,1102.95421033,0.01998461,0.01998461,30172,93,0
6623.77974415,6623.77984327,3754.97034373,3754.96575670,0.04123742,1102.78496696,0.01998461,0.01998461,30171,93,0
6623.99942366,6623.99940783,3765.13937723,3765.14011085,0.04072049,1102.61344453,0.01998461,0.01998461,30170,93,0
6624.21935547,6624.21898695,3775.32539901,3775.34250798,0.03790652,1102.43954922,0.01998461,0.01998461,30169,93,0
6624.43761874,6624.43858063,3785.52889041,3785.48415861,0.06019643,1102.26480335,0.01998460,0.01998461,30168,93,0
6624.65794051,6624.65818887,3795.75027265,3795.73870337,0.05317273,1102.08620023,0.01998461,0.01998461,30167,93,0
6624.87826441,6624.87781166,3805.98975548,3806.01088227,0.04025337,1101.90536221,0.01998461,0.01998461,30166,93,0
6625.09742080,6625.09744902,3816.24750599,3816.24618703,0.04351527,1101.72325412,0.01998461,0.01998461,30165,93,0
6625.31672350,6625.31710094,3826.52368075,3826.50600767,0.04647239,1101.53878699,0.01998461,0.01998461,30164,93,0
6625.53640800,6625.53676742,3836.81831436,3836.80145577,0.04629858,1101.35174390,0.01998461,0.01998461,30163,93,0
6625.75672179,6625.75644847,3847.13136948,3847.14421149,0.06005891,1101.16188903,0.01998461,0.01998461,30162,93,0
6625.97655882,6625.97614408,3857.46281573,3857.48233586,0.05109064,1100.97016349,0.01998461,0.01998461,30161,93,0
6626.19642175,6626.19585427,3867.81302790,3867.83978540,0.04654819,1100.77611863,0.01998461,0.01998461,30160,93,0
6626.41561471,6626.41557902,3878.18296176,3878.18464753,0.04169393,1100.58035022,0.01998461,0.01998461,30159,93,0
6626.63532161,6626.63531835,3888.57362746,3888.57378205,0.05105914,1100.38177300,0.01998461,0.01998461,30158,93,0
6626.85571579,6626.85507224,3898.98559360,3899.01611442,0.03796725,1100.18018837,0.01998461,0.01998461,30157,93,0
6627.07446941,6627.07484072,3909.41786538,3909.40022400,0.04951401,1099.97774849,0.01998461,0.01998461,30156,93,0
6627.29465479,6627.29462376,3919.86909657,3919.87057344,0.04385507,1099.77162879,0.01998461,0.01998461,30155,93,0
6627.51447866,6627.51442139,3930.33816273,3930.34089289,0.05062249,1099.56350266,0.01998461,0.01998461,30154,93,0
6627.73392481,6627.73423359,3940.82599116,3940.81124474,0.03676429,1099.35336865,0.01998461,0.01998461,30153,93,0
6627.95405328,6627.95406037,3951.33458319,3951.33424358,0.05033299,1099.14015542,0.01998461,0.01998461,30152,93,0
6628.17340013,6628.17390174,3961.86588781,3961.84183311,0.03333948,1098.92523094,0.01998461,0.01998461,30151,93,0
6628.39344927,6628.39375768,3972.41968210,3972.40486308,0.04868064,1098.70713424,0.01998461,0.01998461,30150,93,0
6628.61307545,6628.61362822,3982.99338123,3982.96677671,0.03665966,1098.48701709,0.01998461,0.01998461,30149,93,0
6628.83348462,6628.83351333,3993.58426419,3993.58288028,0.05326244,1098.26371122,0.01998461,0.01998461,30148,93,0
6629.05380682,6629.05341304,4004.19133768,4004.21034771,0.05984385,1098.03809813,0.01998461,0.01998461,30147,93,0
6629.27358641,6629.27332733,4014.81736159,4014.82989230,0.03207529,1097.81058604,0.01998461,0.01998461,30146,93,0
6629.49293376,6629.49325621,4025.46561286,4025.44998330,0.03591516,1097.58099541,0.01998461,0.01998461,30145,93,0
6629.71280541,6629.71319969,4036.13852138,4036.11936785,0.04620811,1097.34825761,0.01998461,0.01998461,30144,93,0
6629.93371821,6629.93315776,4046.83476304,4046.86204427,0.03643758,1097.11181291,0.01998461,0.01998461,30143,93,0
6630.15227929,6630.15313042,4057.55198766,4057.51048388,0.05065116,1096.87535451,0.01998461,0.01998461,30142,93,0
6630.37285427,6630.37311768,4068.28807257,4068.27520685,0.04616665,1096.63420089,0.01998461,0.01998461,30141,93,0
6630.59230269,6630.59311953,4079.04301274,4079.00304590,0.03147179,1096.39175968,0.01998461,0.01998461,30140,93,0
nan,nan,0.00000000,-1.00000000,0.00000000,1096.14104611,nan,0.00000000,-2147483648,93,1
nan,nan,0.00000000,-1.00000000,0.00000000,1090.96154792,nan,0.00000000,-2147483648,92,1
nan,nan,0.00000000,-1.00000000,0.00000000,1091.26995166,nan,0.00000000,-2147483648,92,1
6588.83903188,6588.83598552,0.00000000,13.53730129,0.01720430,1091.60523120,0.01998461,0.01998460,30331,92,1
6589.05271514,6589.05323972,19.64491682,19.62997914,0.05106184,1091.91701081,0.01998460,0.01998460,30330,92,0
6589.27070574,6589.27050825,25.83359766,25.83922465,0.01257224,1092.23406418,0.01998460,0.01998460,30329,92,0
6589.48845891,6589.48779110,32.02659254,32.04563249,0.02654134,1092.55027526,0.01998460,0.01998460,30328,92,0
6589.70345662,6589.70508829,38.22395502,38.17740471,0.07524647,1092.86199903,0.01998460,0.01998460,30327,92,0
6589.92282227,6589.92239980,44.42563132,44.43769156,0.05598887,1093.17955407,0.01998460,0.01998460,30326,92,0
6590.13913648,6590.13972565,50.63146928,50.61464032,0.05637270,1093.49218651,0.01998460,0.01998460,30325,92,0
6590.35847099,6590.35706583,56.84131249,56.88147224,0.04622250,1093.80866246,0.01998460,0.01998460,30324,92,0
6590.57387148,6590.57442034,63.05500393,63.03930884,0.06865787,1094.11894176,0.01998460,0.01998460,30323,92,0
6590.79055332,6590.79178919,69.27238592,69.23702732,0.03038212,1094.43053766,0.01998460,0.01998460,30322,92,0
6591.00869518,6591.00917238,75.49335580,75.47969583,0.06375566,1094.74369068,0.01998460,0.01998460,30321,92,0
6591.22950199,6591.22656991,0.00000000,81.78919878,0.08743186,1095.05947969,0.01998461,0.01998460,30320,92,1
6591.44469430,6591.44398178,87.94661511,87.96703389,0.02947998,1095.36798069,0.01998460,0.01998460,30319,92,0
6591.66018030,6591.66140799,94.17927111,94.14406797,0.01105757,1095.67575112,0.01998460,0.01998460,30318,92,0
6591.87811311,6591.87884854,100.41619027,100.39508895,0.06808978,1095.98650500,0.01998460,0.01998460,30317,92,0
6592.09487523,6592.09630344,106.65755375,106.61654806,0.05732757,1096.29508716,0.01998460,0.01998460,30316,92,0
6592.31665020,6592.31377269,0.00000000,112.97933941,0.07320100,1096.60995485,0.01998461,0.01998460,30315,92,1
6592.53054707,6592.53125628,119.15380881,119.13341993,0.06351263,1096.91379737,0.01998460,0.01998460,30314,92,0
6592.74885751,6592.74875422,125.40862309,125.41159446,0.06856942,1097.22306053,0.01998460,0.01998460,30313,92,0
6592.96611480,6592.96626652,131.66783967,131.66347250,0.06536424,1097.53031956,0.01998460,0.01998460,30312,92,0
6593.18426038,6593.18379316,137.93141667,137.94487421,0.06025681,1097.83831732,0.01998460,0.01998460,30311,92,0
6593.40036713,6593.40133416,144.19930819,144.17143725,0.04274929,1098.14292153,0.01998460,0.01998460,30310,92,0
6593.61881199,6593.61888951,150.47145130,150.46921564,0.05848088,1098.45029602,0.01998460,0.01998460,30309,92,0
6593.83607580,6593.83645922,156.74777822,156.73671435,0.04754196,1098.75548018,0.01998460,0.01998460,30308,92,0
6594.05373630,6594.05404329,163.02822089,163.01935731,0.04567067,1099.06068845,0.01998460,0.01998460,30307,92,0
6594.27187705,6594.27164171,169.31271096,169.31950984,0.04332547,1099.36603017,0.01998460,0.01998460,30306,92,0
6594.48895507,6594.48925450,175.60118455,175.59252947,0.05171265,1099.66934336,0.01998460,0.01998460,30305,92,0
6594.70804871,6594.70688165,181.89369214,181.92744681,0.03777746,1099.97492691,0.01998460,0.01998460,30304,92,0
6594.92503078,6594.92452316,188.19040209,188.20509302,0.02584332,1100.27703157,0.01998460,0.01998460,30303,92,0
6595.14141538,6595.14217903,194.49148878,194.46937418,0.04911136,1100.57778235,0.01998460,0.01998460,30302,92,0
6595.36107381,6595.35984928,200.79712731,200.83261253,0.05184253,1100.88255726,0.01998460,0.01998460,30301,92,0
6595.57651218,6595.57753389,207.10749351,207.07786546,0.03173956,1101.18096884,0.01998460,0.01998460,30300,92,0
6595.79671434,6595.79523287,213.42269912,213.46568994,0.06560243,1101.48546285,0.01998460,0.01998460,30299,92,0
6596.01224116,6596.01294621,219.74261967,219.72214618,0.04394285,1101.78297926,0.01998460,0.01998460,30298,92,0
6596.23155620,6596.23067394,226.06707611,226.09271200,0.03479541,1102.08519437,0.01998460,0.01998460,30297,92,0
6596.44909092,6596.44841603,232.39588862,232.41551054,0.03657198,1102.38441751,0.01998460,0.01998460,30296,92,0
6596.66695971,6596.66617250,238.72887665,238.75177763,0.04840173,1102.68355255,0.01998460,0.01998460,30295,92,0
6596.88474027,6596.88394334,245.06586996,245.08906656,0.03214412,1102.98200940,0.01998460,0.01998460,30294,92,0
6597.10091611,6597.10172857,251.40686978,251.38320771,0.05527336,1103.27771512,0.01998460,0.01998460,30293,92,0
6597.31917841,6597.31952817,257.75201315,257.74182058,0.04641746,1103.57572214,0.01998460,0.01998460,30292,92,0
6597.53799385,6597.53734215,264.10144136,264.12044468,0.04548763,1103.87393222,0.01998460,0.01998460,30291,92,0
6597.75540082,6597.75517052,270.45529627,270.46201609,0.05156057,1104.16968049,0.01998460,0.01998460,30290,92,0
6597.97403248,6597.97301326,276.81372021,276.84347913,0.01328012,1104.46655487,0.01998460,0.01998460,30289,92,0
6598.19138506,6598.19087039,283.17681557,283.19185271,0.03193760,1104.76115903,0.01998460,0.01998460,30288,92,0
6598.40797578,6598.40874191,289.54458725,289.52218788,0.04386225,1105.05420026,0.01998460,0.01998460,30287,92,0
6598.62816801,6598.62662782,295.91702567,295.96208637,0.04237219,1105.35156962,0.01998460,0.01998460,30286,92,0
6598.84455541,6598.84452811,302.29412122,302.29492032,0.05321761,1105.64326368,0.01998460,0.01998460,30285,92,0
6599.06237050,6599.06244280,308.67586422,308.67374623,0.05715483,1105.93634288,0.01998460,0.01998460,30284,92,0
6599.27967024,6599.28037187,315.06224710,315.04167920,0.03303347,1106.22818759,0.01998460,0.01998460,30283,92,0
6599.49830185,6599.49831534,321.45327963,321.45288377,0.06064658,1106.52127457,0.01998460,0.01998460,30282,92,0
6599.71594603,6599.71627321,327.84897997,327.83937619,0.04645932,1106.81249276,0.01998460,0.01998460,30281,92,0
6599.93427482,6599.93424547,334.24936640,334.25022855,0.03276617,1107.10407989,0.01998460,0.01998460,30280,92,0
6600.15210749,6600.15223212,340.65445729,340.65079384,0.06358946,1107.39445764,0.01998460,0.01998460,30279,92,0
6600.36977045,6600.37023318,347.06427011,347.05066008,0.05307487,1107.68406293,0.01998460,0.01998460,30278,92,0
6600.58848850,6600.58824864,353.47878409,353.48584383,0.04522937,1107.97451957,0.01998460,0.01998460,30277,92,0
6600.80611595,6600.80627850,359.89792803,359.89314071,0.03644689,1108.26297349,0.01998460,0.01998460,30276,92,0
6601.02429580,6601.02432276,366.32162701,366.32083265,0.06271976,1108.55159964,0.01998460,0.01998460,30275,92,0
6601.24087659,6601.24238142,372.74980575,372.70543070,0.03302319,1108.83755111,0.01998460,0.01998460,30274,92,0
6601.45912488,6601.46045450,379.18238867,379.14315658,0.03292263,1109.12513571,0.01998460,0.01998460,30273,92,0
6601.67719419,6601.67854198,385.61933115,385.57953860,0.05466031,1109.41191108,0.01998460,0.01998460,30272,92,0
6601.89598933,6601.89664387,392.06070012,392.04136316,0.02496932,1109.69906651,0.01998460,0.01998460,30271,92,0
6602.11577120,6602.11476016,398.50658768,398.53647602,0.05977057,1109.98694036,0.01998460,0.01998460,30270,92,0
6602.33230315,6602.33289088,404.95708636,404.93970051,0.04758684,1110.26999487,0.01998460,0.01998460,30269,92,0
6602.55203149,6602.55103600,411.41228903,411.44175687,0.04672211,1110.55665962,0.01998460,0.01998460,30268,92,0
6602.76978391,6602.76919554,417.87228278,417.88971108,0.03156116,1110.84018420,0.01998460,0.01998460,30267,92,0
6602.98791374,6602.98736949,424.33709110,424.35322349,0.05256728,1111.12363842,0.01998460,0.01998460,30266,92,0
6603.20439484,6603.20555786,430.80669999,430.77220296,0.03896557,1111.40439210,0.01998460,0.01998460,30265,92,0
6603.42484497,6603.42376066,437.28109492,437.31327897,0.05951296,1111.68971968,0.01998461,0.01998460,30264,92,0
6603.64174798,6603.64197787,443.76026125,443.75343321,0.03798290,1111.96988920,0.01998460,0.01998460,30263,92,0
6603.85950921,6603.86020950,450.24418448,450.22337106,0.04114601,1112.25059932,0.01998460,0.01998460,30262,92,0
6604.07785579,6604.07845555,456.73285771,456.71502008,0.04854147,1112.53149079,0.01998460,0.01998460,30261,92,0
6604.29632675,6604.29671604,463.22628438,463.21469892,0.04113799,1112.81196640,0.01998460,0.01998460,30260,92,0
6604.51367811,6604.51499094,469.72446870,469.68537200,0.05623159,1113.09043168,0.01998460,0.01998460,30259,92,0
6604.73340833,6604.73328028,476.22741487,476.23123083,0.05635064,1113.37136238,0.01998460,0.01998460,30258,92,0
6604.95152787,6604.95158404,482.73512709,482.73345200,0.02989449,1113.64965335,0.01998460,0.01998460,30257,92,0
6605.16998285,6605.16990223,489.24758606,489.24999157,0.03090436,1113.92779028,0.01998460,0.01998460,30256,92,0
6605.38776705,6605.38823486,495.76470019,495.75073202,0.05387980,1114.20448797,0.01998460,0.01998460,30255,92,0
6605.60658376,6605.60658191,502.28636371,502.28641899,0.05655249,1114.48190299,0.01998460,0.01998460,30254,92,0
6605.82494423,6605.82494341,508.81247033,508.81249482,0.03733305,1114.75813957,0.01998460,0.01998460,30253,92,0
6606.04304708,6606.04331934,515.34291329,515.33476917,0.04729555,1115.03344599,0.01998460,0.01998460,30252,92,0
6606.26295136,6606.26170970,521.87762339,521.91478775,0.02442393,1115.31041057,0.01998461,0.01998460,30251,92,0
6606.48017147,6606.48011451,528.41680015,528.41850621,0.06061409,1115.58339443,0.01998460,0.01998460,30250,92,0
6606.69835675,6606.69853375,534.96076008,534.95545530,0.02374452,1115.85700262,0.01998460,0.01998460,30249,92,0
6606.91704866,6606.91696744,541.50982158,541.51225756,0.04880919,1116.13066581,0.01998460,0.01998460,30248,92,0
6607.13523308,6607.13541557,548.06430444,548.05882662,0.04354106,1116.40312659,0.01998460,0.01998460,30247,92,0
6607.35384499,6607.35387814,554.62450951,554.62351362,0.05067069,1116.67556352,0.01998460,0.01998460,30246,92,0
6607.57230585,6607.57235516,561.19037833,561.18889585,0.03440701,1116.94725019,0.01998460,0.01998460,30245,92,0
6607.79083358,6607.79084663,567.76154256,567.76115001,0.06524243,1117.21844088,0.01998460,0.01998460,30244,92,0
6608.00964116,6608.00935255,574.33762217,574.34631101,0.05273370,1117.48938110,0.01998460,0.01998460,30243,92,0
6608.22760859,6608.22787292,580.91823541,580.91027319,0.02994094,1117.75866908,0.01998460,0.01998460,30242,92,0
6608.44733727,6608.44640773,587.50300311,587.53101891,0.04954213,1118.02949773,0.01998461,0.01998460,30241,92,0
6608.66521381,6608.66495701,594.09182142,594.09956588,0.03007624,1118.29740819,0.01998460,0.01998460,30240,92,0
6608.88327970,6608.88352073,600.68502615,600.67775293,0.05553117,1118.56493029,0.01998460,0.01998460,30239,92,0
6609.10284499,6609.10209892,607.28299374,607.30552251,0.05812450,1118.83367784,0.01998461,0.01998460,30238,92,0
6609.32022677,6609.32069156,613.88610235,613.87205709,0.04145248,1119.09915942,0.01998460,0.01998460,30237,92,0
6609.53947977,6609.53929866,620.49473166,620.50020919,0.05369035,1119.36634184,0.01998460,0.01998460,30236,92,0
6609.75809682,6609.75792022,627.10910209,627.11444729,0.02451249,1119.63217187,0.01998460,0.01998460,30235,92,0
6609.97656021,6609.97655624,633.72897065,633.72909091,0.05820919,1119.89722746,0.01998460,0.01998460,30234,92,0
6610.19542828,6610.19520672,640.35400999,640.36072551,0.04825172,1120.16217009,0.01998460,0.01998460,30233,92,0
6610.41353899,6610.41387167,646.98389126,646.97380119,0.01841072,1120.42557979,0.01998460,0.01998460,30232,92,0
6610.63285714,6610.63255109,653.61828411,653.62757190,0.04367615,1120.68981277,0.01998460,0.01998460,30231,92,0
6610.85158753,6610.85124497,660.25694786,660.26734976,0.06281646,1120.95269248,0.01998460,0.01998460,30230,92,0
6611.06945272,6611.06995332,666.90010961,666.88489911,0.03632971,1121.21389938,0.01998460,0.01998460,30229,92,0
6611.28841322,6611.28867614,673.54814772,673.54015344,0.05033388,1121.47579639,0.01998460,0.01998460,30228,92,0
6611.50767827,6611.50741344,680.20144233,680.20950089,0.04422464,1121.73744501,0.01998460,0.01998460,30227,92,0
6611.72522118,6611.72616520,686.86037536,686.83162712,0.05495274,1121.99644576,0.01998460,0.01998460,30226,92,0
6611.94486075,6611.94493145,693.52527914,693.52312442,0.04827829,1122.25735474,0.01998460,0.01998460,30225,92,0
6612.16413409,6612.16371216,700.19603175,700.20890147,0.06617974,1122.51723257,0.01998460,0.01998460,30224,92,0
6612.38235243,6612.38250736,706.87227189,706.86754282,0.02533417,1122.77525278,0.01998460,0.01998460,30223,92,0
6612.60129629,6612.60131703,713.55363450,713.55300085,0.04881037,1123.03350607,0.01998460,0.01998460,30222,92,0
6612.82141026,6612.82014119,720.23975283,720.27854096,0.05212088,1123.29249275,0.01998461,0.01998460,30221,92,0
6613.03837499,6613.03897983,726.93028189,726.91178485,0.02464395,1123.54712467,0.01998460,0.01998460,30220,92,0
6613.25804325,6613.25783295,733.62523910,733.63167463,0.04408871,1123.80427196,0.01998460,0.01998460,30219,92,0
6613.47649092,6613.47670055,740.32492867,740.31850950,0.04775824,1124.05934439,0.01998460,0.01998460,30218,92,0
6613.69505536,6613.69558264,747.02966396,747.01350655,0.03467633,1124.31391871,0.01998460,0.01998460,30217,92,0
6613.91367970,6613.91447922,753.73975981,753.71524177,0.04928062,1124.56793811,0.01998460,0.01998460,30216,92,0
6614.13411294,6614.13339029,760.45552500,760.47770349,0.04151869,1124.82343663,0.01998461,0.01998460,30215,92,0
6614.35280361,6614.35231585,767.17705939,767.19204068,0.06280416,1125.07629940,0.01998460,0.01998460,30214,92,0
6614.57065948,6614.57125590,773.90422938,773.88589681,0.03459268,1125.32757999,0.01998460,0.01998460,30213,92,0
6614.79032492,6614.79021044,780.63688850,780.64041000,0.04447818,1125.58031692,0.01998460,0.01998460,30212,92,0
6615.00927301,6615.00917948,787.37488958,787.37776858,0.04399485,1125.83159075,0.01998460,0.01998460,30211,92,0
6615.22827564,6615.22816301,794.11808632,794.12155568,0.01749314,1126.08228301,0.01998460,0.01998460,30210,92,0
6615.44658895,6615.44716104,800.86641751,800.84878252,0.06679209,1126.33154096,0.01998460,0.01998460,30209,92,0
6615.66609322,6615.66617358,807.61994958,807.61747084,0.04550289,1126.58150989,0.01998460,0.01998460,30208,92,0
6615.88598483,6615.88520061,814.37875968,814.40296821,0.04528042,1126.83126871,0.01998461,0.01998460,30207,92,0
6616.10414028,6616.10424214,821.14292532,821.13977853,0.05905190,1127.07841252,0.01998460,0.01998460,30206,92,0
6616.32366168,6616.32329818,827.91252411,827.92376188,0.02286922,1127.32645827,0.01998460,0.01998460,30205,92,0
6616.54185716,6616.54236872,834.68760583,834.67177915,0.04665045,1127.57236408,0.01998460,0.01998460,30204,92,0
6616.76121220,6616.76145377,841.46816669,841.46068742,0.04211894,1127.81892980,0.01998460,0.01998460,30203,92,0
6616.98131125,6616.98055333,848.25419685,848.27768019,0.05567306,1128.06567765,0.01998461,0.01998460,30202,92,0
6617.19940621,6617.19966739,855.04568641,855.03758816,0.02021059,1128.30953019,0.01998460,0.01998460,30201,92,0
6617.41826545,6617.41879597,861.84262561,861.82616393,0.06130415,1128.55358602,0.01998460,0.01998460,30200,92,0
6617.63777312,6617.63793905,868.64505674,868.63990385,0.04171565,1128.79770930,0.01998460,0.01998460,30199,92,0
6617.85664340,6617.85709666,875.45314308,875.43905726,0.04609404,1129.04047390,0.01998460,0.01998460,30198,92,0
6618.07620946,6618.07626877,882.26706575,882.26522110,0.04976000,1129.28336275,0.01998460,0.01998460,30197,92,0
6618.29479486,6618.29545541,889.08700674,889.06644540,0.02572811,1129.52452698,0.01998460,0.01998460,30196,92,0
6618.51410592,6618.51465656,895.91314866,895.89599405,0.06270377,1129.76585467,0.01998460,0.01998461,30195,92,0
6618.73350724,6618.73387223,902.74553854,902.73415820,0.04709171,1130.00664257,0.01998460,0.01998461,30194,92,0
6618.95274263,6618.95310242,909.58385878,909.57263174,0.04127305,1130.24659654,0.01998460,0.01998461,30193,92,0
6619.17259271,6619.17234713,916.42772991,916.43539844,0.04339592,1130.48655359,0.01998461,0.01998461,30192,92,0
6619.39142706,6619.39160637,923.27677059,923.27116783,0.04948757,1130.72472086,0.01998460,0.01998461,30191,92,0
6619.61161644,6619.61088013,930.13059778,930.15361955,0.05913403,1130.96366179,0.01998461,0.01998461,30190,92,0
6619.83024972,6619.83016842,936.98900454,936.99154823,0.02570954,1131.20020957,0.01998461,0.01998461,30189,92,0
6620.04905945,6620.04947123,943.85230129,943.83940968,0.05693652,1131.43625445,0.01998460,0.01998461,30188,92,0
6620.26828592,6620.26878858,950.72089383,950.70514567,0.04977221,1131.67206502,0.01998460,0.01998461,30187,92,0
6620.48794971,6620.48812045,957.59518993,957.58983651,0.04507918,1131.90767155,0.01998461,0.01998461,30186,92,0
6620.70727939,6620.70746686,964.47559927,964.46971633,0.04765234,1132.14225810,0.01998461,0.01998461,30185,92,0
6620.92761184,6620.92682780,971.36237383,971.38699896,0.03850968,1132.37725796,0.01998461,0.01998461,30184,92,0
6621.14628603,6621.14620328,978.25528929,978.25789030,0.04937032,1132.60982610,0.01998461,0.01998461,30183,92,0
6621.36596896,6621.36559329,985.15403132,985.16584855,0.06123229,1132.84278918,0.01998461,0.01998461,30182,92,0
6621.58464472,6621.58499784,992.05828404,992.04716804,0.05853819,1133.07399687,0.01998461,0.01998461,30181,92,0
6621.80397425,6621.80441694,998.96773009,998.95378561,0.03448801,1133.30519446,0.01998461,0.01998461,30180,92,0
6622.02291916,6622.02385057,1005.88217806,1005.85281923,0.06276253,1133.53527793,0.01998460,0.01998461,30179,92,0
6622.24295581,6622.24329874,1012.80180449,1012.79098743,0.04584359,1133.76579944,0.01998461,0.01998461,30178,92,0
6622.46294878,6622.46276146,1019.72685307,1019.73276609,0.04165119,1133.99557068,0.01998461,0.01998461,30177,92,0
6622.68242439,6622.68223872,1026.65756872,1026.66343390,0.04126255,1134.22410580,0.01998461,0.01998461,30176,92,0
6622.90185893,6622.90173053,1033.59419734,1033.59825672,0.04624143,1134.45190949,0.01998461,0.01998461,30175,92,0
6623.12163328,6623.12123689,1040.53689091,1040.54943313,0.04010827,1134.67937861,0.01998461,0.01998461,30174,92,0
6623.34061900,6623.34075780,1047.48555105,1047.48115595,0.03546566,1134.90534201,0.01998461,0.01998461,30173,92,0
6623.56133105,6623.56029326,1054.44003800,1054.47292583,0.03700060,1135.13238364,0.01998461,0.01998461,30172,92,0
6623.78018039,6623.77984327,1061.40021127,1061.41090266,0.04076578,1135.35680562,0.01998461,0.01998461,30171,92,0
6624.00000749,6623.99940783,1068.36592989,1068.38496093,0.03993745,1135.58151847,0.01998461,0.01998461,30170,92,0
6624.21934302,6624.21898695,1075.33710958,1075.34841809,0.04113768,1135.80501321,0.01998461,0.01998461,30169,92,0
6624.43855932,6624.43858063,1082.31379595,1082.31311856,0.04243370,1136.02767178,0.01998461,0.01998461,30168,92,0
6624.65809691,6624.65818887,1089.29605287,1089.29312802,0.04903613,1136.24994071,0.01998461,0.01998461,30167,92,0
6624.87811120,6624.87781166,1096.28394449,1096.29347858,0.04900393,1136.47197352,0.01998461,0.01998461,30166,92,0
6625.09733682,6625.09744902,1103.27753586,1103.27396177,0.04936662,1136.69249481,0.01998461,0.01998461,30165,92,0
6625.31722587,6625.31710094,1110.27695070,1110.28093324,0.04672943,1136.91296776,0.01998461,0.01998461,30164,92,0
6625.53705654,6625.53676742,1117.28242173,1117.29164582,0.04565887,1137.13267090,0.01998461,0.01998461,30163,92,0
6625.75691398,6625.75644847,1124.29419461,1124.30905915,0.04869502,1137.35169500,0.01998461,0.01998461,30162,92,0
6625.97650122,6625.97614408,1131.31251626,1131.32393018,0.04524382,1137.56975080,0.01998461,0.01998461,30161,92,0
6626.19644077,6626.19585427,1138.33762989,1138.35639161,0.03566429,1137.78746124,0.01998461,0.01998461,30160,92,0
6626.41541963,6626.41557902,1145.36953310,1145.36442975,0.03856718,1138.00352699,0.01998461,0.01998461,30159,92,0
6626.63508201,6626.63531835,1152.40786674,1152.40029379,0.03846823,1138.21955829,0.01998461,0.01998461,30158,92,0
6626.85523304,6626.85507224,1159.45224198,1159.45739829,0.03576513,1138.43534359,0.01998461,0.01998461,30157,92,0
6627.07507683,6627.07484072,1166.50226797,1166.50984513,0.03046720,1138.65008785,0.01998461,0.01998461,30156,92,0
6627.29436739,6627.29462376,1173.55756629,1173.54933377,0.03578840,1138.86354169,0.01998461,0.01998461,30155,92,0
6627.51444138,6627.51442139,1180.61813465,1180.61877696,0.04234282,1139.07700308,0.01998461,0.01998461,30154,92,0
6627.73409817,6627.73423359,1187.68437582,1187.68002095,0.05061711,1139.28931581,0.01998461,0.01998461,30153,92,0
6627.95416485,6627.95406037,1194.75671456,1194.76007713,0.04892615,1139.50129002,0.01998461,0.01998461,30152,92,0
6628.17301730,6628.17390174,1201.83557779,1201.80708641,0.05422186,1139.71137578,0.01998460,0.01998461,30151,92,0
6628.39335669,6628.39375768,1208.92136819,1208.90843862,0.06294957,1139.92217428,0.01998460,0.01998461,30150,92,0
6628.61411196,6628.61362822,1216.01410683,1216.02971882,0.06824356,1140.13264970,0.01998461,0.01998461,30149,92,0
6628.83338904,6628.83351333,1223.11352546,1223.10951080,0.05508084,1140.34099095,0.01998461,0.01998461,30148,92,0
6629.05387174,6629.05341304,1230.21934737,1230.23417601,0.04940753,1140.54973882,0.01998461,0.01998461,30147,92,0
6629.27382936,6629.27332733,1237.33129434,1237.34753618,0.04268905,1140.75724084,0.01998461,0.01998461,30146,92,0
6629.49313099,6629.49325621,1244.44911934,1244.44506497,0.04435241,1140.96337022,0.01998461,0.01998461,30145,92,0
6629.71312104,6629.71319969,1251.57284649,1251.57029828,0.04280354,1141.16938906,0.01998461,0.01998461,30144,92,0
6629.93273903,6629.93315776,1258.70263555,1258.68905740,0.04031454,1141.37430503,0.01998461,0.01998461,30143,92,0
6630.15261748,6630.15313042,1265.83864810,1265.82200127,0.05428035,1141.57871131,0.01998461,0.01998461,30142,92,0
6630.37308871,6630.37311768,1272.98104653,1272.98010574,0.06361609,1141.78291484,0.01998461,0.01998461,30141,92,0
6630.59368912,6630.59311953,1280.12996478,1280.14848121,0.05226876,1141.98648397,0.01998461,0.01998461,30140,92,0
6630.81342860,6630.81313598,1287.28539615,1287.29491672,0.04982767,1142.18850626,0.01998461,0.01998461,30139,92,0
6631.03318712,6631.03316704,1294.44729132,1294.44794526,0.02871345,1142.38979126,0.01998461,0.01998461,30138,92,0
6631.25281046,6631.25321270,1301.61560070,1301.60249177,0.04267790,1142.59019459,0.01998461,0.01998461,30137,92,0
6631.47295554,6631.47327295,1308.79027441,1308.77992146,0.05907270,1142.79030999,0.01998461,0.01998461,30136,92,0
6631.69345302,6631.69334782,1315.97125845,1315.97469266,0.05796254,1142.98997512,0.01998461,0.01998461,30135,92,0
6631.91318131,6631.91343729,1323.15848818,1323.15012550,0.04955053,1143.18817245,0.01998461,0.01998461,30134,92,0
6632.13380240,6632.13354137,1330.35189689,1330.36043135,0.03543408,1143.38639637,0.01998461,0.01998461,30133,92,0
6632.35380874,6632.35366005,1337.55141750,1337.55628252,0.04388805,1143.58328679,0.01998461,0.01998461,30132,92,0
6632.57368183,6632.57379335,1344.75698476,1344.75333316,0.04795162,1143.77927462,0.01998461,0.01998461,30131,92,0
6632.79356453,6632.79394126,1351.96865280,1351.95630694,0.05556853,1143.97448711,0.01998461,0.01998461,30130,92,0
6633.01488054,6633.01410378,1359.18665363,1359.21213035,0.05150282,1144.17018455,0.01998461,0.01998461,30129,92,0
6633.23429672,6633.23428092,1366.41123489,1366.41175376,0.02961844,1144.36342642,0.01998461,0.01998461,30128,92,0
6633.45478889,6633.45447267,1373.64264555,1373.65303545,0.03581625,1144.55684212,0.01998461,0.01998461,30127,92,0
6633.67451753,6633.67467904,1380.88112069,1380.87580902,0.05189740,1144.74882008,0.01998461,0.01998461,30126,92,0
6633.89498369,6633.89490003,1388.12665591,1388.12940963,0.06421266,1144.94066919,0.01998461,0.01998461,30125,92,0
6634.11490055,6634.11513564,1395.37905464,1395.37130963,0.03685701,1145.13126090,0.01998461,0.01998461,30124,92,0
6634.33495254,6634.33538588,1402.63811392,1402.62382600,0.04206422,1145.32118274,0.01998461,0.01998461,30123,92,0
6634.55597125,6634.55565073,1409.90362960,1409.91420640,0.06356708,1145.51113873,0.01998461,0.01998461,30122,92,0
6634.77624135,6634.77593021,1417.17541971,1417.18569488,0.05024576,1145.69964630,0.01998461,0.01998461,30121,92,0
6634.99647587,6634.99622432,1424.45345115,1424.46176519,0.03838255,1145.88731682,0.01998461,0.01998461,30120,92,0
6635.21656694,6635.21653306,1431.73775006,1431.73887079,0.04237173,1146.07405770,0.01998461,0.01998461,30119,92,0
6635.43695479,6635.43685642,1439.02834283,1439.03159907,0.05533649,1146.26024000,0.01998461,0.01998461,30118,92,0
6635.65751049,6635.65719442,1446.32525612,1446.33572787,0.03589486,1146.44575057,0.01998461,0.01998461,30117,92,0
6635.87723319,6635.87754704,1453.62860539,1453.61819854,0.04370554,1146.62975183,0.01998461,0.01998461,30116,92,0
6636.09799648,6636.09791431,1460.93875465,1460.94148173,0.05329660,1146.81381838,0.01998461,0.01998461,30115,92,0
6636.31875012,6636.31829620,1468.25611289,1468.27119146,0.04207735,1146.99707660,0.01998461,0.01998461,30114,92,0
6636.53886622,6636.53869274,1475.58109137,1475.58686002,0.03658760,1147.17901626,0.01998461,0.01998461,30113,92,0
6636.75942705,6636.75910391,1482.91409066,1482.92484718,0.05641331,1147.36053997,0.01998461,0.01998461,30112,92,0
6636.97961549,6636.97952972,1490.25506233,1490.25792007,0.03698841,1147.54097061,0.01998461,0.01998461,30111,92,0
6637.20001943,6637.19997017,1497.60339984,1497.60504277,0.03384562,1147.72077297,0.01998461,0.01998461,30110,92,0
6637.42110138,6637.42042526,1504.95845871,1504.98102481,0.05197047,1147.90030093,0.01998461,0.01998461,30109,92,0
6637.64157478,6637.64089500,1512.31959083,1512.34229558,0.03787745,1148.07849118,0.01998461,0.01998461,30108,92,0
6637.86091511,6637.86137939,1519.68622724,1519.67070987,0.03499898,1148.25491396,0.01998461,0.01998461,30107,92,0
6638.08142059,6638.08187842,1527.05854763,1527.04323459,0.05597076,1148.43141991,0.01998461,0.01998461,30106,92,0
6638.30248819,6638.30239210,1534.43713353,1534.44035035,0.03808924,1148.60752802,0.01998461,0.01998461,30105,92,0
6638.52276075,6638.52292042,1541.82257346,1541.81722364,0.04954479,1148.78217001,0.01998461,0.01998461,30104,92,0
6638.74371420,6638.74346340,1549.21545919,1549.22387030,0.03768887,1148.95652808,0.01998461,0.01998461,30103,92,0
6638.96417331,6638.96402104,1556.61619635,1556.62130837,0.02956379,1149.12968044,0.01998461,0.01998461,30102,92,0
6639.18426989,6639.18459332,1564.02458905,1564.01372076,0.05808734,1149.30172783,0.01998461,0.01998461,30101,92,0
6639.40520733,6639.40518027,1571.44032032,1571.44123075,0.02406600,1149.47359805,0.01998461,0.01998461,30100,92,0
6639.62569242,6639.62578186,1578.86307132,1578.86006045,0.05498282,1149.64427277,0.01998461,0.01998461,30099,92,0
6639.84677733,6639.84639812,1586.29252905,1586.30530458,0.03992091,1149.81455580,0.01998461,0.01998461,30098,92,0
6640.06726014,6640.06702904,1593.72862162,1593.73641395,0.04235171,1149.98351725,0.01998461,0.01998461,30097,92,0
6640.28773169,6640.28767462,1601.17156422,1601.17349037,0.05439658,1150.15161580,0.01998461,0.01998461,30096,92,0
6640.50842842,6640.50833486,1608.62158988,1608.62475015,0.03821872,1150.31903312,0.01998461,0.01998461,30095,92,0
6640.72873485,6640.72900977,1616.07893297,1616.06963835,0.04659339,1150.48530578,0.01998461,0.01998461,30094,92,0
6640.94988995,6640.94969934,1623.54379534,1623.55024577,0.03685391,1150.65136791,0.01998461,0.01998461,30093,92,0
6641.17038489,6641.17040358,1631.01614196,1631.01550907,0.05313368,1150.81608181,0.01998461,0.01998461,30092,92,0
6641.39099161,6641.39112249,1638.49583539,1638.49139834,0.03228654,1150.98002145,0.01998461,0.01998461,30091,92,0
6641.61170447,6641.61185606,1645.98273699,1645.97759282,0.04700455,1151.14317554,0.01998461,0.01998461,30090,92,0
6641.83262283,6641.83260431,1653.47670786,1653.47733681,0.03365681,1151.30560996,0.01998461,0.01998461,30089,92,0
6642.05303867,6642.05336724,1660.97770851,1660.96653973,0.05127325,1151.46680232,0.01998461,0.01998461,30088,92,0
6642.27396082,6642.27414483,1668.48591346,1668.47965267,0.03257530,1151.62749139,0.01998461,0.01998461,30087,92,0
6642.49483892,6642.49493711,1676.00152575,1675.99818186,0.05636135,1151.78727567,0.01998461,0.01998461,30086,92,0
6642.71587088,6642.71574406,1683.52474960,1683.52907270,0.03541254,1151.94629914,0.01998461,0.01998461,30085,92,0
6642.93628331,6642.93656569,1691.05577255,1691.04613764,0.05693741,1152.10400910,0.01998461,0.01998461,30084,92,0
6643.15779951,6643.15740200,1698.59455072,1698.60812723,0.03142209,1152.26163180,0.01998461,0.01998461,30083,92,0
6643.37832496,6643.37825299,1706.14087729,1706.14333763,0.04907681,1152.41766893,0.01998461,0.01998461,30082,92,0
6643.59897445,6643.59911866,1713.69454086,1713.68960644,0.05195087,1152.57290724,0.01998461,0.01998461,30081,92,0
6643.82008523,6643.81999903,1721.25532877,1721.25828088,0.03500268,1152.72757329,0.01998461,0.01998461,30080,92,0
6644.04107912,6644.04089407,1728.82311546,1728.82945799,0.04497323,1152.88125527,0.01998461,0.01998461,30079,92,0
6644.26189736,6644.26180381,1736.39805528,1736.40126458,0.03425299,1153.03391450,0.01998461,0.01998461,30078,92,0
6644.48267526,6644.48272823,1743.98035908,1743.97854045,0.04988519,1153.18564731,0.01998461,0.01998461,30077,92,0
6644.70334929,6644.70366734,1751.57023895,1751.55930780,0.02643887,1153.33641223,0.01998461,0.01998461,30076,92,0
6644.92427178,6644.92462115,1759.16790122,1759.15588197,0.05523607,1153.48645023,0.01998461,0.01998461,30075,92,0
6645.14561939,6645.14558965,1766.77341831,1766.77444246,0.05194223,1153.63587557,0.01998461,0.01998461,30074,92,0
6645.36690361,6645.36657284,1774.38674094,1774.39814202,0.02625076,1153.78435221,0.01998461,0.01998461,30073,92,0
6645.58759259,6645.58757073,1782.00781512,1782.00856933,0.04336805,1153.93152326,0.01998461,0.01998461,30072,92,0
6645.80877231,6645.80858332,1789.63658649,1789.64311284,0.05745517,1154.07810949,0.01998461,0.01998461,30071,92,0
6646.02950271,6646.02961061,1797.27300225,1797.26927243,0.03970950,1154.22348362,0.01998461,0.01998461,30070,92,0
6646.25051445,6646.25065260,1804.91701635,1804.91223677,0.04491882,1154.36812406,0.01998461,0.01998461,30069,92,0
6646.47218641,6646.47170929,1812.56858410,1812.58510645,0.02814571,1154.51226907,0.01998461,0.01998461,30068,92,0
6646.69246796,6646.69278069,1820.22766052,1820.21682094,0.05818319,1154.65458598,0.01998461,0.01998461,30067,92,0
6646.91412402,6646.91386679,1827.89420460,1827.90312872,0.04672638,1154.79685753,0.01998461,0.01998461,30066,92,0
6647.13501921,6647.13496760,1835.56826343,1835.57005570,0.03089051,1154.93770717,0.01998461,0.01998461,30065,92,0
6647.35585088,6647.35608311,1843.24996760,1843.24189585,0.04687421,1155.07758419,0.01998461,0.01998461,30064,92,0
6647.57700641,6647.57721334,1850.93945167,1850.93225251,0.04523316,1155.21673175,0.01998461,0.01998461,30063,92,0
6647.79827784,6647.79835828,1858.63685105,1858.63404980,0.05335010,1155.35501555,0.01998461,0.01998461,30062,92,0
6648.01916405,6648.01951793,1866.34230380,1866.32996830,0.03429181,1155.49212347,0.01998461,0.01998461,30061,92,0
6648.24022773,6648.24069229,1874.05595539,1874.03974529,0.04391609,1155.62840547,0.01998461,0.01998461,30060,92,0
6648.46166717,6648.46188137,1881.77795361,1881.77047199,0.05493122,1155.76397960,0.01998461,0.01998461,30059,92,0
6648.68287428,6648.68308516,1889.50844711,1889.50107343,0.02720785,1155.89847191,0.01998461,0.01998461,30058,92,0
6648.90419294,6648.90430368,1897.24756685,1897.24369065,0.05210192,1156.03209113,0.01998461,0.01998461,30057,92,0
6649.12554810,6649.12553691,1904.99515408,1904.99554586,0.04640424,1156.16478483,0.01998461,0.01998461,30056,92,0
6649.34496085,6649.34678487,1912.75081882,1912.68684956,0.05755694,1156.29536913,0.01998461,0.01998461,30055,92,0
6649.56800094,6649.56804755,1920.51416234,1920.51252622,0.02701996,1156.42713797,0.01998461,0.01998461,30054,92,0
6649.78898124,6649.78932495,1928.28478393,1928.27270876,0.04828854,1156.55671148,0.01998461,0.01998461,30053,92,0
6650.01001332,6650.01061708,1936.06251779,1936.04128813,0.04488267,1156.68533547,0.01998461,0.01998461,30052,92,0
6650.23471126,6650.23192394,0.00000000,1943.94796949,0.07754989,1156.81512644,0.01998462,0.01998461,30051,92,1
6650.45325707,6650.45324552,1951.64117605,1951.64158296,0.05365894,1156.94033563,0.01998461,0.01998461,30050,92,0
6650.67465746,6650.67458184,1959.44317760,1959.44584490,0.02985239,1157.06625298,0.01998461,0.01998461,30049,92,0
6650.89586283,6650.89593288,1967.25428083,1967.25180730,0.04981289,1157.19109702,0.01998461,0.01998461,30048,92,0
6651.11713111,6651.11729866,1975.07432206,1975.06839984,0.04741481,1157.31500793,0.01998461,0.01998461,30047,92,0
6651.33903548,6651.33867918,1982.90279471,1982.91540051,0.04447337,1157.43829054,0.01998461,0.01998461,30046,92,0
6651.56008111,6651.56007443,1990.73918575,1990.73942218,0.05099431,1157.56010450,0.01998461,0.01998461,30045,92,0
6651.78134436,6651.78148442,1998.58298412,1998.57802028,0.02429344,1157.68103629,0.01998461,0.01998461,30044,92,0
6652.00296615,6652.00290915,2006.43397522,2006.43599734,0.05720513,1157.80115278,0.01998461,0.01998461,30043,92,0
6652.22407246,6652.22434861,2014.29239821,2014.28259379,0.05178173,1157.91998206,0.01998461,0.01998461,30042,92,0
6652.44553903,6652.44580282,2022.15853181,2022.14915733,0.04018362,1158.03799703,0.01998461,0.01998461,30041,92,0
6652.66699057,6652.66727178,2030.03265650,2030.02265340,0.04306772,1158.15499640,0.01998461,0.01998461,30040,92,0
6652.88839365,6652.88875548,2037.91505884,2037.90217540,0.04192960,1158.27096391,0.01998461,0.01998461,30039,92,0
6653.10990468,6653.11025392,2045.80604626,2045.79359775,0.04728108,1158.38598218,0.01998461,0.01998461,30038,92,0
6653.33110464,6653.33176711,2053.70593342,2053.68229463,0.05224577,1158.49983606,0.01998461,0.01998461,30037,92,0
6653.55287897,6653.55329506,2061.61503698,2061.60017322,0.02629884,1158.61298038,0.01998461,0.01998461,30036,92,0
6653.77449053,6653.77483775,2069.53365430,2069.52123634,0.05539110,1158.72503669,0.01998461,0.01998461,30035,92,0
6653.99629998,6653.99639520,2077.46177940,2077.45837020,0.02998409,1158.83618314,0.01998461,0.01998461,30034,92,0
6654.21775226,6654.21796739,2085.39917791,2085.39146682,0.05037228,1158.94613554,0.01998461,0.01998461,30033,92,0
6654.43943270,6654.43955435,2093.34560843,2093.34124351,0.04881589,1159.05517831,0.01998461,0.01998461,30032,92,0
6654.66123501,6654.66115606,2101.30082872,2101.30366451,0.05443570,1159.16324975,0.01998461,0.01998461,30031,92,0
6654.88278491,6654.88277253,2109.26466648,2109.26511155,0.04758947,1159.27016250,0.01998461,0.01998461,30030,92,0
6655.10440338,6655.10440376,2117.23707761,2117.23706404,0.05030932,1159.37606863,0.01998461,0.01998461,30029,92,0
6655.32577998,6655.32604975,2125.21803123,2125.20831276,0.05420029,1159.48081711,0.01998461,0.01998461,30028,92,0
6655.54737976,6655.54771050,2133.20749624,2133.19556929,0.04160024,1159.58462420,0.01998461,0.01998461,30027,92,0
6655.76907723,6655.76938602,2141.20548208,2141.19433561,0.04422907,1159.68742549,0.01998461,0.01998461,30026,92,0
6655.99100920,6655.99107630,2149.21218078,2149.20975602,0.04490114,1159.78928095,0.01998461,0.01998461,30025,92,0
6656.21199384,6656.21278135,2157.22783666,2157.19934940,0.05036105,1159.88965274,0.01998461,0.01998461,30024,92,0
6656.43395092,6656.43450117,2165.25269562,2165.23276938,0.04501188,1159.98941198,0.01998461,0.01998461,30023,92,0
6656.65599891,6656.65623575,2173.28698597,2173.27839956,0.04600339,1160.08815385,0.01998461,0.01998461,30022,92,0
6656.87821490,6656.87798511,2181.33071623,2181.33905595,0.04024007,1160.18590695,0.01998461,0.01998461,30021,92,0
6657.09932977,6657.09974925,2189.38375307,2189.36851228,0.04757555,1160.28211419,0.01998461,0.01998461,30020,92,0
6657.32120946,6657.32152815,2197.44595991,2197.43436864,0.05262810,1160.37758440,0.01998461,0.01998461,30019,92,0
6657.54320807,6657.54332183,2205.51719894,2205.51305678,0.06126613,1160.47202784,0.01998461,0.01998461,30018,92,0
6657.76497100,6657.76513029,2213.59732214,2213.59151634,0.04636642,1160.56528905,0.01998461,0.01998461,30017,92,0
6657.98690316,6657.98695353,2221.68616820,2221.68433039,0.05308293,1160.65753327,0.01998461,0.01998461,30016,92,0
6658.20878784,6658.20879155,2229.78357387,2229.78343846,0.03798669,1160.74866408,0.01998461,0.01998461,30015,92,0
6658.43057345,6658.43064435,2237.88937502,2237.88678320,0.04610647,1160.83865599,0.01998461,0.01998461,30014,92,0
6658.65245711,6658.65251194,2246.00353850,2246.00153229,0.04133441,1160.92758516,0.01998461,0.01998461,30013,92,0
6658.87438697,6658.87439430,2254.12637773,2254.12610903,0.03948004,1161.01542961,0.01998461,0.01998461,30012,92,0
6659.09576329,6659.09629146,2262.25826441,2262.23889817,0.04376011,1161.10195605,0.01998461,0.01998461,30011,92,0
6659.31795444,6659.31820340,2270.39957277,2270.39043411,0.04583142,1161.18769749,0.01998461,0.01998461,30010,92,0
6659.53973549,6659.54013013,2278.55062391,2278.53612083,0.05844643,1161.27217756,0.01998461,0.01998461,30009,92,0
6659.76196327,6659.76207166,2286.71144968,2286.70746221,0.03949137,1161.35571861,0.01998461,0.01998461,30008,92,0
6659.98394512,6659.98402797,2294.88198689,2294.87893525,0.04013059,1161.43805395,0.01998461,0.01998461,30007,92,0
6660.20567023,6660.20599908,2303.06217185,2303.05004612,0.04474216,1161.51917865,0.01998461,0.01998461,30006,92,0
6660.42752564,6660.42798498,2311.25193216,2311.23497625,0.04381783,1161.59923051,0.01998461,0.01998461,30005,92,0
6660.65002062,6660.64998568,2319.45110966,2319.45240080,0.05257016,1161.67838185,0.01998461,0.01998461,30004,92,0
6660.87199882,6660.87200118,2327.65949449,2327.65940712,0.04371553,1161.75621441,0.01998461,0.01998461,30003,92,0
6661.09450453,6661.09403148,2335.87687463,2335.89439147,0.03869012,1161.83308840,0.01998462,0.01998461,30002,92,0
6661.31576779,6661.31607657,2344.10305301,2344.09160774,0.03966076,1161.90839222,0.01998461,0.01998461,30001,92,0
6661.53823105,6661.53813647,2352.33819878,2352.34170785,0.04605850,1161.98295525,0.01998461,0.01998461,30000,92,0
6661.76018846,6661.76021118,2360.58284385,2360.58200003,0.06209027,1162.05620127,0.01998461,0.01998461,29999,92,0
6661.98257834,6661.98230069,2368.83753903,2368.84786490,0.03983278,1162.12844121,0.01998461,0.01998461,29998,92,0
6662.20453303,6662.20440501,2377.10283290,2377.10760022,0.04323339,1162.19939363,0.01998461,0.01998461,29997,92,0
6662.42592337,6662.42652413,2385.37891550,2385.35651782,0.04931534,1162.26902204,0.01998461,0.01998461,29996,92,0
6662.64827728,6662.64865807,2393.66541895,2393.65120585,0.05682717,1162.33779622,0.01998461,0.01998461,29995,92,0
6662.87059781,6662.87080681,2401.96192487,2401.95411487,0.03919823,1162.40539269,0.01998461,0.01998461,29994,92,0
6663.09290376,6663.09297037,2410.26801247,2410.26552091,0.04637952,1162.47180991,0.01998461,0.01998461,29993,92,0
6663.31536177,6663.31514874,2418.58341217,2418.59138939,0.05419627,1162.53709034,0.01998462,0.01998461,29992,92,0
6663.53689273,6663.53734193,2426.90821258,2426.89137344,0.04519623,1162.60092020,0.01998461,0.01998461,29991,92,0
6663.75955904,6663.75954994,2435.24255424,2435.24289586,0.03991844,1162.66388906,0.01998461,0.01998461,29990,92,0
6663.98198576,6663.98177277,2443.58657864,2443.59458059,0.04896879,1162.72559786,0.01998462,0.01998461,29989,92,0
6664.20362663,6664.20401041,2451.94048027,2451.92604580,0.03631869,1162.78590051,0.01998461,0.01998461,29988,92,0
6664.42621173,6664.42626288,2460.30463257,2460.30270645,0.05556893,1162.84526479,0.01998461,0.01998462,29987,92,0
6664.64862605,6664.64853017,2468.67944943,2468.68306429,0.04219005,1162.90338549,0.01998461,0.01998462,29986,92,0
6664.87064563,6664.87081228,2477.06534773,2477.05905628,0.03383764,1162.96020683,0.01998461,0.01998462,29985,92,0
6665.09374149,6665.09310922,2485.46259061,2485.48648928,0.05061438,1163.01609663,0.01998462,0.01998462,29984,92,0
6665.31553061,6665.31542099,2493.87069865,2493.87484673,0.03269205,1163.07045175,0.01998462,0.01998462,29983,92,0
6665.53806919,6665.53774759,2502.28896798,2502.30115179,0.05092304,1163.12377153,0.01998462,0.01998462,29982,92,0
6665.76009568,6665.76008902,2510.71668951,2510.71694209,0.03933990,1163.17574302,0.01998462,0.01998462,29981,92,0
6665.98230689,6665.98244528,2519.15328191,2519.14802855,0.03796278,1163.22652449,0.01998462,0.01998462,29980,92,0
6666.20502053,6666.20481637,2527.59899178,2527.60674996,0.05167766,1163.27618040,0.01998462,0.01998462,29979,92,0
6666.42763041,6666.42720230,2536.05438885,2536.07067530,0.03395873,1163.32457152,0.01998462,0.01998462,29978,92,0
6666.64945127,6666.64960307,2544.52004766,2544.51426613,0.04783396,1163.37155528,0.01998462,0.01998462,29977,92,0
6666.87160776,6666.87201867,2552.99648458,2552.98081483,0.04340867,1163.41737195,0.01998461,0.01998462,29976,92,0
6667.09575434,6667.09444912,2561.48373248,2561.53356553,0.04978666,1163.46233860,0.01998462,0.01998462,29975,92,0
6667.31673131,6667.31689440,2569.98159538,2569.97536148,0.03328312,1163.50542433,0.01998462,0.01998462,29974,92,0
6667.53917629,6667.53935453,2578.48987442,2578.48305382,0.04552598,1163.54754214,0.01998462,0.01998462,29973,92,0
6667.76156249,6667.76182950,2587.00839335,2586.99816409,0.03583893,1163.58838560,0.01998461,0.01998462,29972,92,0
6667.98383920,6667.98431931,2595.53719666,2595.51878186,0.04898329,1163.62794254,0.01998461,0.01998462,29971,92,0
6668.20673126,6668.20682397,2604.07644871,2604.07288843,0.03719161,1163.66633380,0.01998462,0.01998462,29970,92,0
6668.42892022,6668.42934349,2612.62631625,2612.61004328,0.04990224,1163.70332913,0.01998461,0.01998462,29969,92,0
6668.65208597,6668.65187785,2621.18696835,2621.19497932,0.05348233,1163.73920187,0.01998462,0.01998462,29968,92,0
6668.87506996,6668.87442706,2629.75858716,2629.78336413,0.03943775,1163.77375481,0.01998462,0.01998462,29967,92,0
6669.09662702,6669.09699112,2638.34136301,2638.32731340,0.04744837,1163.80680481,0.01998461,0.01998462,29966,92,0
6669.31922315,6669.31957004,2646.93548770,2646.92208505,0.02811333,1163.83871884,0.01998461,0.01998462,29965,92,0
6669.54246035,6669.54216382,2655.54113451,2655.55260599,0.04685616,1163.86942070,0.01998462,0.01998462,29964,92,0
6669.76505000,6669.76477245,2664.15826900,2664.16901969,0.05357562,1163.89872795,0.01998462,0.01998462,29963,92,0
6669.98717305,6669.98739594,2672.78673165,2672.77808738,0.03841740,1163.92666857,0.01998461,0.01998462,29962,92,0
6670.20963459,6670.21003430,2681.42635996,2681.41083978,0.04633742,1163.95333940,0.01998461,0.01998462,29961,92,0
6670.43299319,6670.43268751,2690.07701195,2690.08889553,0.03690243,1163.97879104,0.01998462,0.01998462,29960,92,0
6670.65516149,6670.65535559,2698.73876401,2698.73120913,0.05037022,1164.00278349,0.01998461,0.01998462,29959,92,0
6670.87774581,6670.87803853,2707.41182011,2707.40041239,0.04977384,1164.02549269,0.01998461,0.01998462,29958,92,0
6671.10054097,6671.10073634,2716.09638732,2716.08876377,0.03206893,1164.04688748,0.01998462,0.01998462,29957,92,0
6671.32364345,6671.32344901,2724.79263640,2724.80023348,0.05378851,1164.06696763,0.01998462,0.01998462,29956,92,0
6671.54566816,6671.54617656,2733.50039802,2733.48050960,0.05370545,1164.08560984,0.01998461,0.01998462,29955,92,0
6671.76885368,6671.76891897,2742.21932021,2742.21676296,0.05171364,1164.10299540,0.01998462,0.01998462,29954,92,0
6671.99194079,6671.99167626,2750.94904653,2750.95941948,0.03696844,1164.11901086,0.01998462,0.01998462,29953,92,0
6672.21456524,6672.21444842,2759.68928926,2759.69387506,0.04927884,1164.13362986,0.01998462,0.01998462,29952,92,0
6672.43685499,6672.43723546,2768.44030269,2768.42534912,0.05318370,1164.14686375,0.01998462,0.01998462,29951,92,0
6672.65984105,6672.66003737,2777.20259327,2777.19486781,0.04920681,1164.15876634,0.01998462,0.01998462,29950,92,0
6672.88300656,6672.88285416,2785.97667270,2785.98267771,0.02803783,1164.16929737,0.01998462,0.01998462,29949,92,0
6673.10574320,6673.10568583,2794.76298786,2794.76525161,0.04852406,1164.17842552,0.01998462,0.01998462,29948,92,0
6673.32808061,6673.32853238,2803.56157284,2803.54372392,0.04759158,1164.18615413,0.01998462,0.01998462,29947,92,0
6673.55194290,6673.55139382,2812.37230610,2812.39402806,0.04422068,1164.19253383,0.01998462,0.01998462,29946,92,0
6673.77414367,6673.77427013,2821.19506481,2821.19005523,0.05553116,1164.19746948,0.01998462,0.01998462,29945,92,0
6673.99778507,6673.99716134,2830.02974069,2830.05447934,0.05902839,1164.20102647,0.01998462,0.01998462,29944,92,0
6674.22039977,6674.22006743,2838.87629579,2838.88949404,0.03208638,1164.20315618,0.01998462,0.01998462,29943,92,0
6674.44273542,6674.44298841,2847.73471212,2847.72465264,0.04829660,1164.20387271,0.01998462,0.01998462,29942,92,0
6674.66563137,6674.66592428,2856.60497144,2856.59330980,0.04489884,1164.20317065,0.01998462,0.01998462,29941,92,0
6674.88838586,6674.88887504,2865.48702564,2865.46752538,0.03598546,1164.20104276,0.01998462,0.01998462,29940,92,0
6675.11166881,6675.11184069,2874.38072961,2874.37386909,0.05567945,1164.19747354,0.01998462,0.01998462,29939,92,0
6675.33430869,6675.33482124,2883.28591735,2883.26543497,0.04497633,1164.19247754,0.01998462,0.01998462,29938,92,0
6675.55761669,6675.55781669,2892.20242243,2892.19442067,0.04434962,1164.18601994,0.01998462,0.01998462,29937,92,0
6675.78098881,6675.78082703,2901.13027203,2901.13675256,0.04522617,1164.17810577,0.01998462,0.01998462,29936,92,0
6676.00376942,6676.00385227,2910.06992591,2910.06660261,0.05465634,1164.16875765,0.01998462,0.01998462,29935,92,0
6676.22706603,6676.22689241,2919.02190561,2919.02887861,0.03676183,1164.15792368,0.01998462,0.01998462,29934,92,0
6676.44979106,6676.44994746,2927.98673011,2927.98044011,0.06051266,1164.14565068,0.01998462,0.01998462,29933,92,0
6676.67294789,6676.67301740,2936.96457481,2936.96177509,0.04970427,1164.13187846,0.01998462,0.01998462,29932,92,0
6676.89631805,6676.89610226,2945.95510870,2945.96381124,0.02729294,1164.11660856,0.01998462,0.01998462,29931,92,0
6677.11944971,6677.11920201,2954.95795774,2954.96795965,0.05190226,1164.09986689,0.01998462,0.01998462,29930,92,0
6677.34257890,6677.34231668,2963.97276545,2963.98336690,0.03144392,1164.08163314,0.01998462,0.01998462,29929,92,0
6677.56465357,6677.56544626,2972.99958864,2972.96749956,0.06024555,1164.06199816,0.01998462,0.01998462,29928,92,0
6677.78845772,6677.78859074,2982.03887011,2982.03347803,0.05215773,1164.04070229,0.01998462,0.01998462,29927,92,0
6678.01163393,6678.01175014,2991.09107077,2991.08635336,0.05679563,1164.01795164,0.01998462,0.01998462,29926,92,0
6678.23508108,6678.23492446,3000.15661623,3000.16298300,0.04675521,1163.99365091,0.01998462,0.01998462,29925,92,0
6678.45796567,6678.45811368,3009.23556363,3009.22953862,0.04237703,1163.96788724,0.01998462,0.01998462,29924,92,0
6678.68143330,6678.68131783,3018.32776457,3018.33247152,0.03729173,1163.94052210,0.01998462,0.01998462,29923,92,0
6678.90480567,6678.90453689,3027.43306716,3027.44403818,0.03795217,1163.91162772,0.01998462,0.01998462,29922,92,0
6679.12809669,6679.12777088,3036.55137325,3036.56469083,0.03724774,1163.88119822,0.01998462,0.01998462,29921,92,0
6679.35068656,6679.35101978,3045.68284969,3045.66921030,0.03946323,1163.84931943,0.01998462,0.01998462,29920,92,0
6679.57402303,6679.57428361,3054.82774471,3054.81706389,0.04296363,1163.81577634,0.01998462,0.01998462,29919,92,0
6679.79806614,6679.79756236,3063.98630784,3064.00698711,0.05674728,1163.78055229,0.01998462,0.01998462,29918,92,0
6680.02178516,6680.02085604,3073.15855210,3073.19674405,0.04066956,1163.74379867,0.01998462,0.01998462,29917,92,0
6680.24326173,6680.24416465,3082.34391504,3082.30675091,0.02805870,1163.70585361,0.01998462,0.01998462,29916,92,0
6680.46482484,6680.46748818,0.00000000,3091.42998672,0.08076691,1163.66634632,0.01998461,0.01998462,29915,92,1
6680.69061303,6680.69082665,3100.75140228,3100.74258825,0.04103064,1163.62446342,0.01998462,0.01998462,29914,92,0
6680.91377149,6680.91418004,3109.97293805,3109.95605941,0.05050683,1163.58147975,0.01998462,0.01998462,29913,92,0
6681.13782181,6681.13754837,3119.20723813,3119.21855033,0.04353485,1163.53671671,0.01998462,0.01998462,29912,92,0
6681.36062119,6681.36093164,3128.45524693,3128.44238495,0.03412303,1163.49059535,0.01998462,0.01998462,29911,92,0
6681.58423952,6681.58432984,3137.71783390,3137.71408607,0.03742096,1163.44268065,0.01998462,0.01998462,29910,92,0
6681.80784357,6681.80774298,3146.99502402,3146.99920394,0.05146431,1163.39313518,0.01998462,0.01998462,29909,92,0
6682.03145412,6682.03117106,3156.28634229,3156.29812177,0.03581592,1163.34194994,0.01998462,0.01998462,29908,92,0
6682.25427726,6682.25461408,3165.59130308,3165.57726746,0.03588159,1163.28931118,0.01998462,0.01998462,29907,92,0
6682.47775174,6682.47807204,3174.90956028,3174.89619457,0.04799243,1163.23487595,0.01998462,0.01998462,29906,92,0
6682.70196350,6682.70154494,3184.24134537,3184.25883591,0.03884870,1163.17860006,0.01998462,0.01998462,29905,92,0
6682.92480541,6682.92503279,3193.58703822,3193.57752270,0.03692713,1163.12101045,0.01998462,0.01998462,29904,92,0
6683.14818776,6683.14853559,3202.94701851,3202.93244087,0.05009811,1163.06161347,0.01998462,0.01998462,29903,92,0
6683.37206148,6683.37205334,3212.32142476,3212.32176652,0.03865670,1163.00040267,0.01998462,0.01998462,29902,92,0
6683.59557380,6683.59558603,3221.70999586,3221.70948155,0.03936770,1162.93760444,0.01998462,0.01998462,29901,92,0
6683.81874907,6683.81913368,3231.11243107,3231.09624336,0.04916946,1162.87321497,0.01998462,0.01998462,29900,92,0
6684.04271715,6684.04269628,3240.52845964,3240.52933947,0.04164592,1162.80689821,0.01998462,0.01998462,29899,92,0
6684.26667789,6684.26627383,3249.95821591,3249.97526991,0.05276824,1162.73887444,0.01998462,0.01998462,29898,92,0
6684.49020895,6684.48986634,3259.40211182,3259.41659308,0.03805166,1162.66926710,0.01998462,0.01998462,29897,92,0
6684.71316438,6684.71347381,3268.86056819,3268.84746957,0.04415978,1162.59812303,0.01998462,0.01998462,29896,92,0
6684.93793720,6684.93709624,3278.33392521,3278.36957820,0.05179208,1162.52465433,0.01998462,0.01998462,29895,92,0
6685.16142386,6685.16073362,3287.82219241,3287.85149926,0.04732709,1162.44986175,0.01998462,0.01998462,29894,92,0
6685.38428590,6685.38438597,3297.32529683,3297.32104174,0.03837129,1162.37353944,0.01998462,0.01998462,29893,92,0
6685.60789304,6685.60805328,3306.84316503,3306.83634098,0.04657551,1162.29521016,0.01998462,0.01998462,29892,92,0
6685.83210435,6685.83173556,3316.37573558,3316.39146365,0.04056443,1162.21490053,0.01998462,0.01998462,29891,92,0
6686.05585988,6686.05543280,3325.92296402,3325.94120478,0.05209932,1162.13298147,0.01998462,0.01998462,29890,92,0
6686.27863883,6686.27914501,3335.48480661,3335.46315563,0.03977245,1162.04965377,0.01998462,0.01998462,29889,92,0
6686.50252735,6686.50287219,3345.06125874,3345.04648720,0.04433060,1161.96412827,0.01998462,0.01998462,29888,92,0
6686.72624866,6686.72661434,3354.65263240,3354.63694425,0.04387873,1161.87687126,0.01998462,0.01998462,29887,92,0
6686.95054898,6686.95037146,3364.25939431,3364.26702152,0.05407252,1161.78757481,0.01998462,0.01998462,29886,92,0
6687.17396368,6687.17414356,3373.88201538,3373.87427384,0.05849418,1161.69681348,0.01998462,0.01998462,29885,92,0
6687.39829177,6687.39793063,3383.52073307,3383.53629998,0.03732861,1161.60384574,0.01998462,0.01998462,29884,92,0
6687.62175369,6687.62173268,3393.17524471,3393.17615160,0.05546068,1161.50940336,0.01998462,0.01998462,29883,92,0
6687.84503212,6687.84554971,3402.84516940,3402.82279044,0.05080904,1161.41320656,0.01998462,0.01998462,29882,92,0
6688.06928971,6688.06938172,3412.53014703,3412.52616300,0.04569468,1161.31474048,0.01998462,0.01998462,29881,92,0
6688.29347577,6688.29322870,3422.23014270,3422.24085678,0.03928212,1161.21444794,0.01998462,0.01998462,29880,92,0
6688.51678534,6688.51709068,3431.94535576,3431.93209454,0.04976593,1161.11269109,0.01998462,0.01998462,29879,92,0
6688.74124589,6688.74096763,3441.67599241,3441.68809600,0.05073668,1161.00853263,0.01998462,0.01998462,29878,92,0
6688.96552535,6688.96485957,3451.42227204,3451.45127689,0.02685493,1160.90256819,0.01998462,0.01998462,29877,92,0
6689.18854962,6689.18876650,3461.18445118,3461.17498771,0.05082147,1160.79531257,0.01998462,0.01998462,29876,92,0
6689.41311476,6689.41268842,3470.96279549,3470.98142839,0.04747281,1160.68540629,0.01998462,0.01998462,29875,92,0
6689.63672274,6689.63662533,3480.75755754,3480.76182188,0.04954643,1160.57405331,0.01998462,0.01998462,29874,92,0
6689.86100516,6689.86057723,3490.56872048,3490.58748299,0.03428262,1160.46043648,0.01998462,0.01998462,29873,92,0
6690.08424324,6690.08454412,3500.39603605,3500.38282381,0.05267865,1160.34542576,0.01998462,0.01998462,29872,92,0
6690.30799883,6690.30852601,3510.23924602,3510.21606070,0.04350598,1160.22821810,0.01998462,0.01998462,29871,92,0
6690.53267171,6690.53252289,3520.09808801,3520.10464279,0.04366000,1160.10858043,0.01998462,0.01998462,29870,92,0
6690.75607564,6690.75653477,3529.97229201,3529.95203925,0.03664114,1159.98767676,0.01998462,0.01998462,29869,92,0
6690.98122688,6690.98056165,3539.86158412,3539.89097083,0.04486099,1159.86386393,0.01998462,0.01998462,29868,92,0
6691.20426946,6691.20460354,3549.76574279,3549.75096381,0.03466957,1159.73926210,0.01998462,0.01998462,29867,92,0
6691.42826843,6691.42866042,3559.68545276,3559.66808437,0.04883694,1159.61215760,0.01998462,0.01998462,29866,92,0
6691.65300065,6691.65273231,3569.62215068,3569.63406107,0.05232323,1159.48262772,0.01998462,0.01998462,29865,92,0
6691.87718599,6691.87681920,3579.57730873,3579.59361896,0.04819071,1159.35137929,0.01998462,0.01998462,29864,92,0
6692.10128276,6692.10092110,3589.55171120,3589.56782221,0.04923081,1159.21813241,0.01998462,0.01998462,29863,92,0
6692.32512458,6692.32503801,3599.54414141,3599.54800420,0.03258634,1159.08299714,0.01998462,0.01998462,29862,92,0
6692.55592225,nan,0.00000000,3609.86803721,0.30421229,1158.94135758,0.01998464,0.01998462,29861,92,1
6692.77381481,6692.77331686,3619.57690606,3619.59919030,0.04842194,1158.80602811,0.01998462,0.01998462,29860,92,0
6692.99716962,6692.99747881,3629.61645993,3629.60260092,0.04854913,1158.66511938,0.01998462,0.01998462,29859,92,0
6693.22174838,6693.22165576,3639.67364821,3639.67780691,0.04990429,1158.52136186,0.01998462,0.01998462,29858,92,0
6693.44587119,6693.44584774,3649.75047610,3649.75153131,0.04492522,1158.37578175,0.01998462,0.01998462,29857,92,0
6693.66999607,6693.67005473,3659.84778011,3659.84513587,0.03657430,1158.22806519,0.01998462,0.01998462,29856,92,0
6693.89456828,6693.89427674,3669.96408184,3669.97724650,0.04342211,1158.07792341,0.01998462,0.01998462,29855,92,0
6694.11878679,6694.11851377,3680.09761850,3680.10996598,0.04691769,1157.92590712,0.01998462,0.01998462,29854,92,0
6694.34302518,6694.34276582,3690.24692992,3690.25867663,0.05342112,1157.77178085,0.01998462,0.01998462,29853,92,0
6694.56726351,6694.56703290,3700.41259657,3700.42305808,0.06192180,1157.61554060,0.01998462,0.01998462,29852,92,0
6694.79188617,6694.79131500,3710.59601534,3710.62197176,0.04900980,1157.45688244,0.01998462,0.01998462,29851,92,0
6695.01534619,6695.01561213,3720.79855997,3720.78645198,0.03671089,1157.29687907,0.01998462,0.01998462,29850,92,0
6695.23990594,6695.23992428,3731.02052642,3731.01968975,0.03610518,1157.13389648,0.01998462,0.01998462,29849,92,0
6695.46448223,6695.46425147,3741.26101031,3741.27155341,0.04446958,1156.96870867,0.01998462,0.01998462,29848,92,0
6695.68902235,6695.68859369,3751.51903584,3751.53865206,0.05585405,1156.80136070,0.01998462,0.01998462,29847,92,0
6695.91336046,6695.91295093,3761.79394590,3761.81271600,0.04569093,1156.63198104,0.01998462,0.01998462,29846,92,0
6696.13787665,6696.13732322,3772.08605274,3772.11146010,0.03024649,1156.46026865,0.01998462,0.01998462,29845,92,0
6696.36135581,6696.36171054,3782.39585203,3782.37953987,0.05424342,1156.28714788,0.01998462,0.01998462,29844,92,0
6696.58590315,6696.58611289,3792.72382010,3792.71415874,0.04068709,1156.11096968,0.01998462,0.01998462,29843,92,0
6696.81002064,6696.81053028,3803.07023127,3803.04671486,0.04638180,1155.93288528,0.01998462,0.01998462,29842,92,0
6697.03477794,6697.03496272,3813.43525843,3813.42671728,0.04550549,1155.75202846,0.01998462,0.01998462,29841,92,0
6697.26000381,6697.25941019,3823.81907238,3823.84655940,0.03773831,1155.56850694,0.01998462,0.01998462,29840,92,0
6697.48373092,6697.48387271,3834.22175111,3834.21517412,0.03169899,1155.38392775,0.01998462,0.01998462,29839,92,0
6697.70807919,6697.70835028,3844.64326160,3844.63066538,0.04853716,1155.19654561,0.01998462,0.01998462,29838,92,0
6697.93282914,6697.93284289,3855.08356426,3855.08292432,0.04634549,1155.00651849,0.01998462,0.01998462,29837,92,0
6698.15802312,6698.15735054,3865.54287716,3865.57423918,0.05425189,1154.81378306,0.01998462,0.01998462,29836,92,0
6698.38166438,6698.38187325,3876.02211580,3876.01235791,0.03908025,1154.62003799,0.01998462,0.01998462,29835,92,0
6698.60642694,6698.60641101,3886.52232147,3886.52306714,0.05390088,1154.42294284,0.01998462,0.01998462,29834,92,0
6698.83153793,6698.83096381,3897.04429529,3897.07122354,0.03332378,1154.22312498,0.01998462,0.01998462,29833,92,0
6699.05536208,6699.05553168,3907.58726953,3907.57930003,0.04601612,1154.02205366,0.01998462,0.01998462,29832,92,0
6699.27997333,6699.28011460,3918.14985730,3918.14320750,0.04578246,1153.81788898,0.01998462,0.01998462,29831,92,0
6699.50449719,6699.50471257,3928.73077377,3928.72061889,0.04624947,1153.61142888,0.01998462,0.01998462,29830,92,0
6699.72911440,6699.72932560,3939.33057737,3939.32060102,0.04920532,1153.40248585,0.01998462,0.01998462,29829,92,0
6699.95474963,6699.95395370,3949.95130185,3949.98897304,0.05388630,1153.19013023,0.01998462,0.01998462,29828,92,0
6700.17918612,6700.17859685,3960.59500946,3960.62295974,0.04520384,1152.97639778,0.01998462,0.01998462,29827,92,0
6700.40347698,6700.40325507,3971.26191964,3971.27246675,0.05430678,1152.76029079,0.01998462,0.01998462,29826,92,0
6700.62848308,6700.62792835,3981.94947077,3981.97588138,0.05769846,1152.54100995,0.01998462,0.01998462,29825,92,0
6700.85242707,6700.85261669,3992.65484645,3992.64580524,0.03985080,1152.32033969,0.01998462,0.01998462,29824,92,0
6701.07727191,6701.07732011,4003.37666846,4003.37436707,0.03885360,1152.09636719,0.01998462,0.01998462,29823,92,0
6701.30164984,6701.30203859,4014.11759646,4014.09899723,0.03368955,1151.87038251,0.01998462,0.01998462,29822,92,0
6701.52661650,6701.52677214,4024.88101342,4024.87355081,0.05644260,1151.64123723,0.01998462,0.01998462,29821,92,0
6701.75100579,6701.75152077,4035.66957074,4035.64482280,0.05010364,1151.41004903,0.01998462,0.01998462,29820,92,0
6701.97651487,6701.97628447,4046.48207276,4046.49316745,0.04805632,1151.17507133,0.01998462,0.01998462,29819,92,0
6702.20073510,6702.20106324,4057.31609269,4057.30026285,0.04107726,1150.93885629,0.01998462,0.01998462,29818,92,0
6702.42592827,6702.42585709,4068.16941864,4068.17285830,0.05145197,1150.69906332,0.01998462,0.01998462,29817,92,0
6702.65111326,6702.65066602,4079.04199843,4079.06364799,0.03733228,1150.45671078,0.01998462,0.01998462,29816,92,0
nan,nan,0.00000000,-1.00000000,0.00000000,1150.21117051,nan,0.00000000,-2147483648,92,1
nan,nan,0.00000000,-1.00000000,0.00000000,1145.34827738,nan,0.00000000,-2147483648,91,1
6661.09464829,6661.09403148,9.17953081,9.19688962,0.03135172,1145.66757493,0.01998462,0.01998461,30002,91,0
6661.31457167,6661.31607657,15.43041926,15.38804116,0.07165913,1145.98588202,0.01998461,0.01998461,30001,91,0
6661.53879814,6661.53813647,21.68561701,21.70426121,0.03055410,1146.30990363,0.01998462,0.01998461,30000,91,0
6661.75919799,6661.76021118,27.94518467,27.91661701,0.03796044,1146.62789193,0.01998461,0.01998461,29999,91,0
6661.98063364,6661.98230069,34.20918311,34.16214911,0.03501773,1146.94687357,0.01998461,0.01998461,29998,91,0
6662.20380254,6662.20440501,40.47764747,40.46063858,0.06339445,1147.26784423,0.01998461,0.01998461,29997,91,0
6662.42686073,6662.42652413,46.75046761,46.75997628,0.06256907,1147.58813924,0.01998462,0.01998461,29996,91,0
6662.64938141,6662.64865807,53.02748228,53.04792834,0.04187006,1147.90713838,0.01998462,0.01998461,29995,91,0
6662.87189310,6662.87080681,59.30852949,59.33925179,0.05161001,1148.22559168,0.01998462,0.01998461,29994,91,0
6663.09387017,6663.09297037,65.59344661,65.61890848,0.06658725,1148.54273936,0.01998462,0.01998461,29993,91,0
6663.31567793,6663.31514874,71.88207432,71.89705645,0.04835959,1148.85909671,0.01998462,0.01998461,29992,91,0
6663.53664717,6663.53734193,78.17440075,78.15472038,0.05477305,1149.17371132,0.01998461,0.01998461,29991,91,0
6663.75980279,6663.75954994,84.47060244,84.47776884,0.04669233,1149.49089271,0.01998462,0.01998461,29990,91,0
6663.98139711,6663.98177277,90.77086886,90.76021532,0.04550266,1149.80532008,0.01998462,0.01998461,29989,91,0
6664.20443104,6664.20401041,97.07539023,97.08732663,0.04044777,1150.12126022,0.01998462,0.01998461,29988,91,0
6664.42681020,6664.42626288,103.38435759,103.39989928,0.06713078,1150.43575171,0.01998462,0.01998462,29987,91,0
6664.64742987,6664.64853017,109.69792933,109.66666459,0.05668116,1150.74724708,0.01998461,0.01998462,29986,91,0
6664.87174062,6664.87081228,116.01610829,116.04250426,0.02484560,1151.06343401,0.01998462,0.01998462,29985,91,0
6665.09350698,6665.09310922,122.33885163,122.35016864,0.07312630,1151.37551543,0.01998462,0.01998462,29984,91,0
6665.31473826,6665.31542099,128.66611633,128.64667871,0.06372587,1151.68632620,0.01998461,0.01998462,29983,91,0
6665.53778493,6665.53774759,134.99785915,134.99892292,0.04749279,1151.99916045,0.01998462,0.01998462,29982,91,0
6665.76006474,6665.76008902,141.33403613,141.33334404,0.06708499,1152.31038912,0.01998462,0.01998462,29981,91,0
6665.98387700,6665.98244528,147.67459047,147.71542903,0.03529967,1152.62322465,0.01998462,0.01998462,29980,91,0
6666.20539719,6666.20481637,154.01945272,154.03602992,0.03574572,1152.93231924,0.01998462,0.01998462,29979,91,0
6666.42685002,6666.42720230,160.36855264,160.35849200,0.06092345,1153.24078093,0.01998462,0.01998462,29978,91,0
6666.65048543,6666.64960307,166.72181966,166.74703325,0.06165962,1153.55173109,0.01998462,0.01998462,29977,91,0
6666.87133091,6666.87201867,173.07918296,173.05951876,0.04424548,1153.85825332,0.01998461,0.01998462,29976,91,0
6667.09447311,6667.09444912,179.44062513,179.44131155,0.04619663,1154.16740734,0.01998462,0.01998462,29975,91,0
6667.31698014,6667.31689440,185.80629392,185.80874844,0.05307314,1154.47513077,0.01998462,0.01998462,29974,91,0
6667.53855900,6667.53935453,192.17636936,192.15358245,0.06765048,1154.78103144,0.01998461,0.01998462,29973,91,0
6667.76132800,6667.76182950,198.55103224,198.53665771,0.05470104,1155.08804013,0.01998461,0.01998462,29972,91,0
6667.98430987,6667.98431931,204.93046407,204.93019316,0.03808572,1155.39481221,0.01998462,0.01998462,29971,91,0
6668.20733359,6668.20682397,211.31482712,211.32945477,0.05734346,1155.70111773,0.01998462,0.01998462,29970,91,0
6668.42861756,6668.42934349,217.70406930,217.68321875,0.06621299,1156.00451174,0.01998461,0.01998462,29969,91,0
6668.65198315,6668.65187785,224.09800757,224.10103423,0.03326533,1156.31022203,0.01998462,0.01998462,29968,91,0
6668.87308889,6668.87442706,230.49645623,230.45797106,0.05194817,1156.61229706,0.01998461,0.01998462,29967,91,0
6669.09648973,6669.09699112,236.89922882,236.88480046,0.03907726,1156.91694938,0.01998461,0.01998462,29966,91,0
6669.32036878,6669.31957004,243.30613973,243.32913779,0.07793614,1157.22168059,0.01998462,0.01998462,29965,91,0
6669.54265274,6669.54216382,249.71712090,249.73120643,0.05567938,1157.52366838,0.01998462,0.01998462,29964,91,0
6669.76423047,6669.76477245,256.13229944,256.11667565,0.03184925,1157.82413384,0.01998461,0.01998462,29963,91,0
6669.98831353,6669.98739594,262.55182127,262.57828894,0.04708778,1158.12743062,0.01998462,0.01998462,29962,91,0
6670.20858533,6670.21003430,268.97583294,268.93401096,0.03960782,1158.42501947,0.01998461,0.01998462,29961,91,0
6670.43222921,6670.43268751,275.40448160,275.39124471,0.04960779,1158.72661224,0.01998461,0.01998462,29960,91,0
6670.65609110,6670.65535559,281.83789235,281.85915037,0.04164533,1159.02794657,0.01998462,0.01998462,29959,91,0
6670.87753620,6670.87803853,288.27608567,288.26155763,0.05515274,1159.32548335,0.01998461,0.01998462,29958,91,0
6671.09984701,6671.10073634,294.71905167,294.69331347,0.05450759,1159.62363671,0.01998461,0.01998462,29957,91,0
6671.32267902,6671.32344901,301.16678040,301.14448096,0.02976886,1159.92193749,0.01998461,0.01998462,29956,91,0
6671.54538263,6671.54617656,307.61926187,307.59625391,0.05689224,1160.21951262,0.01998461,0.01998462,29955,91,0
6671.76852841,6671.76891897,314.07648715,314.06516109,0.02663423,1160.51712134,0.01998461,0.01998462,29954,91,0
6671.99084981,6671.99167626,320.53846300,320.51448058,0.05870412,1160.81307468,0.01998461,0.01998462,29953,91,0
6672.21469951,6672.21444842,327.00520798,327.01249932,0.03368960,1161.11050115,0.01998462,0.01998462,29952,91,0
6672.43808015,6672.43723546,333.47674098,333.50128601,0.05563639,1161.40674220,0.01998462,0.01998462,29951,91,0
6672.65946949,6672.66003737,339.95308098,339.93656857,0.02209173,1161.69978765,0.01998461,0.01998462,29950,91,0
6672.88184069,6672.88285416,346.43424660,346.40475729,0.04384245,1161.99357602,0.01998461,0.01998462,29949,91,0
6673.10591223,6673.10568583,352.92022345,352.92681562,0.02625767,1162.28904425,0.01998462,0.01998462,29948,91,0
6673.32869384,6673.32853238,359.41094004,359.41564441,0.04773018,1162.58224285,0.01998462,0.01998462,29947,91,0
6673.55094381,6673.55139382,365.90631890,365.89319921,0.04866095,1162.87417175,0.01998462,0.01998462,29946,91,0
6673.77436633,6673.77427013,372.40628223,372.40908848,0.04733673,1163.16706194,0.01998462,0.01998462,29945,91,0
6673.99738100,6673.99716134,378.91075189,378.91716420,0.03933192,1163.45883367,0.01998462,0.01998462,29944,91,0
6674.22036420,6674.22006743,385.41967797,385.42834635,0.04945853,1163.74997737,0.01998462,0.01998462,29943,91,0
6674.44282821,6674.44298841,391.93312614,391.92844393,0.01828982,1164.03985991,0.01998462,0.01998462,29942,91,0
6674.66665836,6674.66592428,398.45119162,398.47266118,0.06233570,1164.33093738,0.01998462,0.01998462,29941,91,0
6674.88818505,6674.88887504,404.97397005,404.95377652,0.02741464,1164.61844408,0.01998462,0.01998462,29940,91,0
6675.11096042,6675.11184069,411.50155749,411.47577764,0.04385172,1164.90699692,0.01998461,0.01998462,29939,91,0
6675.33479257,6675.33482124,418.03404348,418.03320322,0.04525398,1165.19634077,0.01998462,0.01998462,29938,91,0
6675.55649421,6675.55781669,424.57145099,424.53266746,0.03916503,1165.48235904,0.01998461,0.01998462,29937,91,0
6675.78106704,6675.78082703,431.11376546,431.12080886,0.03655331,1165.77149931,0.01998462,0.01998462,29936,91,0
6676.00428914,6676.00385227,437.66097183,437.67380117,0.05325048,1166.05831759,0.01998462,0.01998462,29935,91,0
6676.22818524,6676.22689241,444.21305498,444.25104634,0.06013245,1166.34541580,0.01998462,0.01998462,29934,91,0
6676.45099888,6676.44994746,450.77000004,450.80091810,0.02856090,1166.63054103,0.01998462,0.01998462,29933,91,0
6676.67292675,6676.67301740,457.33180096,457.32913336,0.05097336,1166.91395086,0.01998462,0.01998462,29932,91,0
6676.89648005,6676.89610226,463.89846156,463.90958583,0.03342422,1167.19884782,0.01998462,0.01998462,29931,91,0
6677.11872860,6677.11920201,470.46998618,470.45603688,0.05551522,1167.48149503,0.01998462,0.01998462,29930,91,0
6677.34259422,6677.34231668,477.04637916,477.05456237,0.02975805,1167.76560566,0.01998462,0.01998462,29929,91,0
6677.56469669,6677.56544626,483.62764464,483.60552868,0.05565407,1168.04688901,0.01998462,0.01998462,29928,91,0
6677.78843989,6677.78859074,490.21375306,490.20929911,0.05853972,1168.32965354,0.01998462,0.01998462,29927,91,0
6678.01172591,6678.01175014,496.80460424,496.80388818,0.02231090,1168.61123732,0.01998462,0.01998462,29926,91,0
6678.23531574,6678.23492446,503.40008871,503.41165598,0.05036183,1168.89259441,0.01998462,0.01998462,29925,91,0
6678.45778941,6678.45811368,510.00009650,509.99050436,0.02581661,1169.17193511,0.01998462,0.01998462,29924,91,0
6678.68116188,6678.68131783,516.60451713,516.59990129,0.05798558,1169.45178418,0.01998462,0.01998462,29923,91,0
6678.90494412,6678.90453689,523.21331408,523.22537453,0.04923962,1169.73152050,0.01998462,0.01998462,29922,91,0
6679.12823976,6679.12777088,529.82674266,529.84063831,0.03709837,1170.01003322,0.01998462,0.01998462,29921,91,0
6679.35035334,6679.35101978,536.44513094,536.42536654,0.04050707,1170.28647389,0.01998462,0.01998462,29920,91,0
6679.57459919,6679.57428361,543.06880842,543.07817450,0.03334440,1170.56497585,0.01998462,0.01998462,29919,91,0
6679.79774352,6679.79756236,549.69810611,549.70348693,0.05971823,1170.84153084,0.01998462,0.01998462,29918,91,0
6680.02124861,6680.02085604,556.33329238,556.34496239,0.04908125,1171.11796330,0.01998462,0.01998462,29917,91,0
6680.24331023,6680.24416465,562.97417752,562.94875885,0.02838260,1171.39203609,0.01998462,0.01998462,29916,91,0
6680.46706644,6680.46748818,569.62037071,569.60781507,0.03812288,1171.66760325,0.01998462,0.01998462,29915,91,0
6680.69117058,6680.69082665,576.27147850,576.28172431,0.04665053,1171.94298000,0.01998462,0.01998462,29914,91,0
6680.91431715,6680.91418004,582.92710564,582.93119247,0.02665543,1172.21654676,0.01998462,0.01998462,29913,91,0
6681.13758209,6681.13754837,589.58688840,589.58789393,0.04458143,1172.48960977,0.01998462,0.01998462,29912,91,0
6681.36200121,6681.36093164,596.25089932,596.28281674,0.05442643,1172.76343198,0.01998462,0.01998462,29911,91,0
6681.58482236,6681.58432984,602.91952004,602.93422698,0.02148023,1173.03467143,0.01998462,0.01998462,29910,91,0
6681.80743242,6681.80774298,609.59314036,609.58386027,0.05336727,1173.30503829,0.01998462,0.01998462,29909,91,0
6682.03105061,6682.03117106,616.27215190,616.26854999,0.04539499,1173.57602415,0.01998462,0.01998462,29908,91,0
6682.25501885,6682.25461408,622.95693476,622.96904932,0.03112978,1173.84683957,0.01998462,0.01998462,29907,91,0
6682.47841724,6682.47807204,629.64753019,629.65786999,0.05941414,1174.11637283,0.01998462,0.01998462,29906,91,0
6682.70138628,6682.70154494,636.34361804,636.33886209,0.05050712,1174.38478262,0.01998462,0.01998462,29905,91,0
6682.92464955,6682.92503279,643.04485924,643.03336389,0.02944497,1174.65292520,0.01998462,0.01998462,29904,91,0
6683.14780661,6683.14853559,649.75091314,649.72903368,0.05121230,1174.92030356,0.01998462,0.01998462,29903,91,0
6683.37220624,6683.37205334,656.46144238,656.46603411,0.04874607,1175.18851382,0.01998462,0.01998462,29902,91,0
6683.59496906,6683.59558603,663.17638393,663.15784422,0.05854403,1175.45411214,0.01998462,0.01998462,29901,91,0
6683.81890472,6683.81913368,669.89609323,669.88920847,0.02587446,1175.72046310,0.01998462,0.01998462,29900,91,0
6684.04248003,6684.04269628,676.62096235,676.61445511,0.05369461,1175.98575344,0.01998462,0.01998462,29899,91,0
6684.26568839,6684.26627383,683.35138519,683.33375449,0.04465058,1176.24999209,0.01998462,0.01998462,29898,91,0
6684.48984526,6684.48986634,690.08775597,690.08712057,0.06197438,1176.51474750,0.01998462,0.01998462,29897,91,0
6684.71406319,6684.71347381,696.83023938,696.84801818,0.03954676,1176.77897179,0.01998462,0.01998462,29896,91,0
6684.93687611,6684.93709624,703.57852020,703.57187500,0.04669761,1177.04092845,0.01998462,0.01998462,29895,91,0
6685.16002328,6685.16073362,710.33222181,710.31076238,0.04882272,1177.30265017,0.01998462,0.01998462,29894,91,0
6685.38498256,6685.38438597,717.09096587,717.10900060,0.05470730,1177.56584463,0.01998462,0.01998462,29893,91,0
6685.60841132,6685.60805328,723.85437246,723.86520227,0.03979437,1177.82658345,0.01998462,0.01998462,29892,91,0
6685.83150784,6685.83173556,730.62222852,730.61533638,0.04457698,1178.08626360,0.01998462,0.01998462,29891,91,0
6686.05604450,6686.05543280,737.39477891,737.41330448,0.04952290,1178.34695104,0.01998462,0.01998462,29890,91,0
6686.27999188,6686.27914501,744.17234698,744.19801281,0.05351412,1178.60629663,0.01998462,0.01998462,29889,91,0
6686.50314770,6686.50287219,750.95525758,750.96361360,0.02375966,1178.86408279,0.01998462,0.01998462,29888,91,0
6686.72592940,6686.72661434,757.74383710,757.72304692,0.04925243,1179.12080724,0.01998462,0.01998462,29887,91,0
6686.95038762,6686.95037146,764.53831959,764.53881024,0.04228380,1179.37883443,0.01998462,0.01998462,29886,91,0
6687.17443267,6687.17414356,771.33862177,771.34741095,0.04066859,1179.63575164,0.01998462,0.01998462,29885,91,0
6687.39837567,6687.39793063,778.14459246,778.15813246,0.06341868,1179.89191012,0.01998462,0.01998462,29884,91,0
6687.62127361,6687.62173268,784.95607977,784.94210267,0.03350447,1180.14622853,0.01998462,0.01998462,29883,91,0
6687.84570279,6687.84554971,791.77293105,791.77759498,0.04728116,1180.40163662,0.01998462,0.01998462,29882,91,0
6688.06917199,6688.06938172,798.59503185,798.58863752,0.04023872,1180.65529072,0.01998462,0.01998462,29881,91,0
6688.29288203,6688.29322870,805.42242274,805.41184517,0.04452910,1180.90855673,0.01998462,0.01998462,29880,91,0
6688.51651002,6688.51709068,812.25518339,812.23745422,0.05190694,1181.16106954,0.01998462,0.01998462,29879,91,0
6688.74116219,6688.74096763,819.09339380,819.09933879,0.06433611,1181.41407517,0.01998462,0.01998462,29878,91,0
6688.96445045,6688.96485957,825.93713437,825.92462400,0.01824155,1181.66488672,0.01998462,0.01998462,29877,91,0
6689.18882341,6689.18876650,832.78647218,832.78821377,0.05037780,1181.91625640,0.01998462,0.01998462,29876,91,0
6689.41264465,6689.41268842,839.64141388,839.64007350,0.04307185,1182.16634686,0.01998462,0.01998462,29875,91,0
6689.63688548,6689.63662533,846.50194930,846.50992235,0.04949895,1182.41624168,0.01998462,0.01998462,29874,91,0
6689.86088832,6689.86057723,853.36806822,853.37760967,0.04662792,1182.66520494,0.01998462,0.01998462,29873,91,0
6690.08468404,6690.08454412,860.23976034,860.24405486,0.05296971,1182.91327062,0.01998462,0.01998462,29872,91,0
6690.30961785,6690.30852601,867.11704351,867.15058102,0.06425835,1183.16192437,0.01998462,0.01998462,29871,91,0
6690.53254162,6690.53252289,874.00006629,874.00064198,0.02715176,1183.40769335,0.01998462,0.01998462,29870,91,0
6690.75550605,6690.75653477,880.88901576,880.85736714,0.06221550,1183.65285183,0.01998462,0.01998462,29869,91,0
6690.98040454,6690.98056165,887.78407989,887.77924235,0.05539784,1183.89947756,0.01998462,0.01998462,29868,91,0
6691.20460740,6691.20460354,894.68544755,894.68556658,0.04667518,1184.14468592,0.01998462,0.01998462,29867,91,0
6691.42822746,6691.42866042,901.59322367,901.57986985,0.04540373,1184.38860743,0.01998462,0.01998462,29866,91,0
6691.65225198,6691.65273231,908.50712741,908.49230061,0.04240801,1184.63230760,0.01998462,0.01998462,29865,91,0
6691.87689973,6691.87681920,915.42676672,915.42925416,0.03720684,1184.87600393,0.01998462,0.01998462,29864,91,0
6692.10207128,6692.10092110,922.35174761,922.38730104,0.03947340,1185.11956738,0.01998462,0.01998462,29863,91,0
6692.32571930,6692.32503801,929.28167412,929.30274673,0.04719132,1185.36077242,0.01998462,0.01998462,29862,91,0
6692.54964706,6692.54916993,936.21627781,936.23104477,0.04657769,1185.60155882,0.01998462,0.01998462,29861,91,0
6692.77330020,6692.77331686,943.15583347,943.15531728,0.05522018,1185.84133838,0.01998462,0.01998462,29860,91,0
6692.99726272,6692.99747881,950.10076046,950.09406315,0.05601518,1186.08074974,0.01998462,0.01998462,29859,91,0
6693.22221236,6693.22165576,957.05148020,957.06874465,0.06457992,1186.32052394,0.01998462,0.01998462,29858,91,0
6693.44586206,6693.44584774,964.00841620,964.00886074,0.06341929,1186.55823709,0.01998462,0.01998462,29857,91,0
6693.67035558,6693.67005473,970.97185747,970.98120538,0.02818403,1186.79617746,0.01998462,0.01998462,29856,91,0
6693.89388139,6693.89427674,977.94159453,977.92930047,0.06338642,1187.03241619,0.01998462,0.01998462,29855,91,0
6694.11746555,6694.11851377,984.91730246,984.88468132,0.05659031,1187.26802870,0.01998462,0.01998462,29854,91,0
6694.34221280,6694.34276582,991.89865469,991.88143216,0.05843802,1187.50416042,0.01998462,0.01998462,29853,91,0
6694.56656410,6694.56703290,998.88532311,998.87071366,0.05754401,1187.73915669,0.01998462,0.01998462,29852,91,0
6694.79062451,6694.79131500,1005.87710536,1005.85557277,0.05130789,1187.97312222,0.01998462,0.01998462,29851,91,0
6695.01512490,6695.01561213,1012.87418092,1012.85897621,0.05437772,1188.20682365,0.01998462,0.01998462,29850,91,0
6695.23923102,6695.23992428,1019.87680175,1019.85515115,0.05108495,1188.43939882,0.01998462,0.01998462,29849,91,0
6695.46394258,6695.46425147,1026.88522109,1026.87556705,0.05329871,1188.67189066,0.01998462,0.01998462,29848,91,0
6695.68507585,6695.68859369,0.00000000,1033.78348164,0.07386279,1188.89978745,0.01998461,0.01998462,29847,91,1
6695.91301055,6695.91295093,1040.92036401,1040.92223028,0.05817536,1189.13439355,0.01998462,0.01998462,29846,91,0
6696.13662472,6696.13732322,1047.94712644,1047.92524260,0.06411051,1189.36364401,0.01998462,0.01998462,29845,91,0
6696.36203481,6696.36171054,1054.97983574,1054.99000303,0.06829170,1189.59401786,0.01998462,0.01998462,29844,91,0
6696.58620870,6696.58611289,1062.01834661,1062.02135271,0.06278205,1189.82240671,0.01998462,0.01998462,29843,91,0
6696.81009585,6696.81053028,1069.06251384,1069.04887272,0.05372943,1190.04977852,0.01998462,0.01998462,29842,91,0
6697.03526983,6697.03496272,1076.11226425,1076.12191459,0.05392720,1190.27772209,0.01998462,0.01998462,29841,91,0
6697.25994554,6697.25941019,1083.16765096,1083.18448564,0.05657318,1190.50442625,0.01998462,0.01998462,29840,91,0
6697.48425205,6697.48387271,1090.22874000,1090.24067764,0.04385529,1190.73002560,0.01998462,0.01998462,29839,91,0
6697.70811115,6697.70835028,1097.29559777,1097.28806692,0.04274319,1190.95444556,0.01998462,0.01998462,29838,91,0
6697.93334451,6697.93284289,1104.36829321,1104.38410311,0.03591780,1191.17950798,0.01998462,0.01998462,29837,91,0
6698.15787230,6698.15735054,1111.44697454,1111.46343208,0.03929200,1191.40313393,0.01998462,0.01998462,29836,91,0
6698.38226824,6698.38187325,1118.53188864,1118.54435792,0.03762610,1191.62590454,0.01998462,0.01998462,29835,91,0
6698.60579302,6698.60641101,1125.62328972,1125.60376386,0.04538885,1191.84709637,0.01998462,0.01998462,29834,91,0
6698.83085637,6698.83096381,1132.72143330,1132.71803543,0.04776185,1192.06909643,0.01998462,0.01998462,29833,91,0
6699.05539757,6699.05553168,1139.82655641,1139.82231157,0.04907107,1192.28987213,0.01998462,0.01998462,29832,91,0
6699.27968502,6699.28011460,1146.93855599,1146.92494644,0.06390043,1192.50968534,0.01998462,0.01998462,29831,91,0
6699.50536696,6699.50471257,1154.05704061,1154.07778931,0.05641353,1192.73013136,0.01998462,0.01998462,29830,91,0
6699.72971877,6699.72932560,1161.18160773,1161.19408325,0.05120352,1192.94853377,0.01998462,0.01998462,29829,91,0
6699.95451005,6699.95395370,1168.31185275,1168.32951904,0.03833319,1193.16660513,0.01998462,0.01998462,29828,91,0
6700.17830448,6700.17859685,1175.44742441,1175.43813430,0.03559492,1193.38294226,0.01998462,0.01998462,29827,91,0
6700.40323761,6700.40325507,1182.58848098,1182.58792587,0.03942290,1193.59961175,0.01998462,0.01998462,29826,91,0
6700.62730897,6700.62792835,1189.73545729,1189.71574674,0.04365856,1193.81469629,0.01998462,0.01998462,29825,91,0
6700.85230714,6700.85261669,1196.88879313,1196.87893381,0.05860229,1194.02992347,0.01998462,0.01998462,29824,91,0
6701.07734544,6701.07732011,1204.04893058,1204.04973815,0.05929858,1194.24445122,0.01998462,0.01998462,29823,91,0
6701.30213263,6701.30203859,1211.21621884,1211.21921948,0.03719692,1194.45801087,0.01998462,0.01998462,29822,91,0
6701.52663216,6701.52677214,1218.39052622,1218.38605532,0.04125235,1194.67056383,0.01998462,0.01998462,29821,91,0
6701.75092340,6701.75152077,1225.57156764,1225.55247285,0.03732005,1194.88217676,0.01998462,0.01998462,29820,91,0
6701.97632932,6701.97628447,1232.75905647,1232.76049151,0.04587931,1195.09408244,0.01998462,0.01998462,29819,91,0
6702.20140249,6702.20106324,1239.95270468,1239.96356586,0.06296141,1195.30490537,0.01998462,0.01998462,29818,91,0
6702.42639464,6702.42585709,1247.15233172,1247.16955492,0.05345995,1195.51487599,0.01998462,0.01998462,29817,91,0
6702.65082068,6702.65066602,1254.35805331,1254.36301281,0.03731166,1195.72354614,0.01998462,0.01998462,29816,91,0
6702.87570624,6702.87549002,1261.57003595,1261.57697473,0.03867935,1195.93187258,0.01998462,0.01998462,29815,91,0
6703.10018085,6703.10032911,1268.78844704,1268.78368519,0.05299593,1196.13905120,0.01998462,0.01998462,29814,91,0
6703.32507821,6703.32518328,1276.01345313,1276.01007539,0.05571423,1196.34585382,0.01998462,0.01998462,29813,91,0
6703.55030663,6703.55005254,1283.24513641,1283.25331137,0.04306743,1196.55219221,0.01998462,0.01998462,29812,91,0
6703.77546949,6703.77493688,1290.48345570,1290.50060604,0.03569541,1196.75769802,0.01998462,0.01998462,29811,91,0
6703.99919769,6703.99983630,1297.72835987,1297.70777912,0.04455632,1196.96112557,0.01998462,0.01998462,29810,91,0
6704.22486254,6704.22475082,1304.97979751,1304.98340117,0.05849453,1197.16553378,0.01998462,0.01998462,29809,91,0
6704.45034174,6704.44968042,1312.23771630,1312.25906429,0.04012203,1197.36898732,0.01998463,0.01998462,29808,91,0
6704.67449195,6704.67462512,1319.50205470,1319.49775245,0.03047082,1197.57045836,0.01998462,0.01998462,29807,91,0
6704.89919307,6704.89958491,1326.77274409,1326.76007485,0.03539443,1197.77163647,0.01998462,0.01998462,29806,91,0
6705.12429142,6705.12455979,1334.04971529,1334.04103103,0.06189546,1197.97237483,0.01998462,0.01998462,29805,91,0
6705.34937823,6705.34954977,1341.33289873,1341.32734355,0.03981726,1198.17230266,0.01998462,0.01998462,29804,91,0
6705.57480477,6705.57455485,1348.62226081,1348.63036036,0.03603017,1198.37172702,0.01998462,0.01998462,29803,91,0
6705.79988891,6705.79957503,1355.91797947,1355.92816061,0.05246104,1198.57004706,0.01998462,0.01998462,29802,91,0
6706.02480058,6706.02461031,1363.22031001,1363.22648705,0.04450684,1198.76741979,0.01998462,0.01998462,29801,91,0
6706.24987022,6706.24966069,1370.52950923,1370.53631750,0.04287172,1198.96413973,0.01998462,0.01998462,29800,91,0
6706.47470984,6706.47472617,1377.84583496,1377.84530384,0.05997589,1199.15987249,0.01998462,0.01998462,29799,91,0
6706.69985822,6706.69980676,1385.16942420,1385.17109948,0.04343162,1199.35508768,0.01998462,0.01998462,29798,91,0
6706.92483901,6706.92490246,1392.50011391,1392.49804681,0.03361466,1199.54936452,0.01998462,0.01998462,29797,91,0
6707.14969773,6707.15001326,1399.83769467,1399.82740558,0.04710547,1199.74273574,0.01998462,0.01998462,29796,91,0
6707.37575671,6707.37513917,1407.18195589,1407.20211009,0.05574393,1199.93632459,0.01998463,0.01998462,29795,91,0
6707.59996745,6707.60028020,1414.53269010,1414.52247483,0.03518251,1200.12751612,0.01998462,0.01998462,29794,91,0
6707.82574015,6707.82543634,1421.88980010,1421.89973136,0.05464478,1200.31921494,0.01998462,0.01998462,29793,91,0
6708.05060327,6708.05060759,1429.25330724,1429.25316598,0.04167697,1200.50931716,0.01998462,0.01998462,29792,91,0
6708.27554395,6708.27579396,1436.62323878,1436.61505325,0.03389948,1200.69866021,0.01998462,0.01998462,29791,91,0
6708.50100124,6708.50099544,1443.99962208,1443.99981199,0.05979113,1200.88760873,0.01998462,0.01998462,29790,91,0
6708.72628274,6708.72621205,1451.38251873,1451.38483703,0.03771006,1201.07557973,0.01998462,0.01998462,29789,91,0
6708.95079082,6708.95144377,1458.77223884,1458.75080632,0.03926185,1201.26208519,0.01998462,0.01998462,29788,91,0
6709.17657179,6709.17669062,1466.16920408,1466.16530000,0.05650454,1201.44883035,0.01998462,0.01998462,29787,91,0
6709.40150822,6709.40195259,1473.57383896,1473.55922456,0.03008478,1201.63406942,0.01998462,0.01998462,29786,91,0
6709.62657320,6709.62722968,1480.98656968,1480.96495681,0.04669817,1201.81861532,0.01998462,0.01998462,29785,91,0
6709.85226235,6709.85252191,1488.40754740,1488.39899339,0.03241881,1202.00287110,0.01998462,0.01998462,29784,91,0
6710.07715364,6710.07782926,1495.83621992,1495.81393398,0.05387360,1202.18566010,0.01998462,0.01998462,29783,91,0
6710.30357190,6710.30315173,1503.27192183,1503.28579313,0.03681838,1202.36884860,0.01998463,0.01998462,29782,91,0
6710.52750495,6710.52848935,1510.71398392,1510.68146115,0.03312800,1202.54917704,0.01998462,0.01998462,29781,91,0
6710.75384230,6710.75384209,1518.16176401,1518.16177090,0.05531385,1202.73056531,0.01998462,0.01998462,29780,91,0
6710.97881217,6710.97920997,1525.61524965,1525.60208851,0.03359050,1202.90998223,0.01998462,0.01998462,29779,91,0
6711.20443762,6711.20459298,1533.07502244,1533.06987836,0.05376342,1203.08905720,0.01998462,0.01998463,29778,91,0
6711.42999258,6711.42999113,1540.54169018,1540.54173834,0.03100521,1203.26722271,0.01998462,0.01998463,29777,91,0
6711.65528009,6711.65540442,1548.01586416,1548.01173981,0.05390537,1203.44433697,0.01998462,0.01998463,29776,91,0
6711.88092148,6711.88083284,1555.49803855,1555.50098185,0.02953757,1203.62089674,0.01998462,0.01998463,29775,91,0
6712.10647384,6712.10627642,1562.98808739,1562.99464963,0.05110263,1203.79654799,0.01998463,0.01998463,29774,91,0
6712.33207509,6712.33173513,1570.48568329,1570.49699372,0.03141923,1203.97138772,0.01998463,0.01998463,29773,91,0
6712.55696869,6712.55720899,1577.99049688,1577.98249510,0.04957140,1204.14482291,0.01998462,0.01998463,29772,91,0
6712.78296734,6712.78269799,1585.50220016,1585.51117672,0.03476764,1204.31823892,0.01998463,0.01998463,29771,91,0
6713.00864368,6713.00820214,1593.02067265,1593.03540011,0.04965645,1204.49053062,0.01998463,0.01998463,29770,91,0
6713.23361729,6713.23372145,1600.54612462,1600.54264728,0.02327960,1204.66141573,0.01998462,0.01998463,29769,91,0
6713.45929768,6713.45925590,1608.07879689,1608.08019305,0.04744445,1204.83196769,0.01998462,0.01998463,29768,91,0
6713.68477907,6713.68480551,1615.61893163,1615.61804748,0.03997421,1205.00150169,0.01998462,0.01998463,29767,91,0
6713.91042622,6713.91037026,1623.16674448,1623.16861774,0.05625802,1205.17029416,0.01998463,0.01998463,29766,91,0
6714.13630388,6714.13595018,1630.72221442,1630.73406668,0.05740326,1205.33838783,0.01998463,0.01998463,29765,91,0
6714.36177062,6714.36154525,1638.28519991,1638.29275885,0.03236952,1205.50530037,0.01998463,0.01998463,29764,91,0
6714.58761001,6714.58715548,1645.85555761,1645.87081614,0.05328888,1205.67160604,0.01998463,0.01998463,29763,91,0
6714.81235040,6714.81278087,1653.43314387,1653.41868022,0.02898268,1205.83621949,0.01998462,0.01998463,29762,91,0
6715.03836182,6715.03842142,1661.01791596,1661.01591139,0.04368486,1206.00087198,0.01998462,0.01998463,29761,91,0
6715.26428254,6715.26407714,1668.61005338,1668.61696745,0.03069376,1206.16456560,0.01998463,0.01998463,29760,91,0
6715.48948640,6715.48974802,1676.20976609,1676.20095180,0.05469822,1206.32685308,0.01998462,0.01998463,29759,91,0
6715.71531919,6715.71543406,1683.81726523,1683.81339114,0.04897146,1206.48870630,0.01998462,0.01998463,29758,91,0
6715.94134598,6715.94113528,1691.43274076,1691.43985365,0.03038570,1206.64980973,0.01998463,0.01998463,29757,91,0
6716.16695534,6716.16685166,1699.05613410,1699.05963739,0.04568577,1206.80972455,0.01998463,0.01998463,29756,91,0
6716.39261428,6716.39258321,1706.68723027,1706.68828112,0.05334361,1206.96877645,0.01998463,0.01998463,29755,91,0
6716.61880912,6716.61832994,1714.32581060,1714.34203190,0.03383299,1207.12729718,0.01998463,0.01998463,29754,91,0
6716.84409326,6716.84409184,1721.97165546,1721.97170369,0.04190462,1207.28426785,0.01998463,0.01998463,29753,91,0
6717.06991946,6717.06986891,1729.62465965,1729.62637366,0.05686096,1207.44069799,0.01998463,0.01998463,29752,91,0
6717.29582442,6717.29566116,1737.28499844,1737.29053982,0.03307450,1207.59626369,0.01998463,0.01998463,29751,91,0
6717.52185977,6717.52146859,1744.95288996,1744.96617978,0.05004614,1207.75100078,0.01998463,0.01998463,29750,91,0
6717.74662137,6717.74729120,1752.62855363,1752.60577516,0.03427716,1207.90395643,0.01998462,0.01998463,29749,91,0
6717.97317238,6717.97312899,1760.31219549,1760.31367222,0.05317760,1208.05721313,0.01998463,0.01998463,29748,91,0
6718.19894137,6718.19898197,1768.00386136,1768.00247818,0.05223633,1208.20902306,0.01998463,0.01998463,29747,91,0
6718.42444207,6718.42485013,1775.70349716,1775.68958027,0.05173614,1208.35973386,0.01998462,0.01998463,29746,91,0
6718.65093381,6718.65073347,1783.41104701,1783.41788612,0.02435643,1208.51017858,0.01998463,0.01998463,29745,91,0
6718.87675238,6718.87663200,1791.12645467,1791.13056785,0.05098658,1208.65924565,0.01998463,0.01998463,29744,91,0
6719.10241246,6719.10254572,1798.84966673,1798.84510870,0.05086490,1208.80727589,0.01998463,0.01998463,29743,91,0
6719.32869507,6719.32847464,1806.58063634,1806.58818268,0.02950975,1208.95477481,0.01998463,0.01998463,29742,91,0
6719.55426625,6719.55441874,1814.31931722,1814.31409183,0.05555952,1209.10086957,0.01998463,0.01998463,29741,91,0
6719.78011489,6719.78037804,1822.06566279,1822.05663746,0.04913144,1209.24619946,0.01998463,0.01998463,29740,91,0
6720.00626209,6720.00635253,1829.81964000,1829.81653542,0.04899423,1209.39077085,0.01998463,0.01998463,29739,91,0
6720.23292396,6720.23234222,1837.58133003,1837.60131961,0.05823548,1209.53471526,0.01998463,0.01998463,29738,91,0
6720.45815466,6720.45834711,1845.35087100,1845.34425196,0.02805978,1209.67680225,0.01998463,0.01998463,29737,91,0
6720.68418483,6720.68436720,1853.12840227,1853.12212394,0.04343137,1209.81844249,0.01998463,0.01998463,29736,91,0
6720.91048720,6720.91040248,1860.91406409,1860.91698344,0.04765752,1209.95929816,0.01998463,0.01998463,29735,91,0
6721.13672043,6721.13645298,1868.70800138,1868.71722748,0.05215115,1210.09915491,0.01998463,0.01998463,29734,91,0
6721.36198219,6721.36251867,1876.51036578,1876.49184044,0.03051846,1210.23746094,0.01998463,0.01998463,29733,91,0
6721.58834235,6721.58859957,1884.32131034,1884.31241868,0.04659239,1210.37548565,0.01998463,0.01998463,29732,91,0
6721.81435692,6721.81469568,1892.14098904,1892.12926645,0.04478722,1210.51234308,0.01998463,0.01998463,29731,91,0
6722.04053236,6722.04080700,1899.96948115,1899.95996730,0.04210175,1210.64833898,0.01998463,0.01998463,29730,91,0
6722.26715633,6722.26693353,1907.80649302,1907.81421833,0.04766803,1210.78363387,0.01998463,0.01998463,29729,91,0
6722.49297120,6722.49307527,1915.65161408,1915.64800215,0.05496946,1210.91746889,0.01998463,0.01998463,29728,91,0
6722.71932495,6722.71923223,1923.50443113,1923.50765220,0.03303455,1211.05063450,0.01998463,0.01998463,29727,91,0
6722.94509189,6722.94540440,1931.36455420,1931.35368906,0.05150190,1211.18245925,0.01998463,0.01998463,29726,91,0
6723.17134773,6723.17159178,1939.23208137,1939.22358832,0.04653769,1211.31357063,0.01998463,0.01998463,29725,91,0
6723.39767742,6723.39779439,1947.10755027,1947.10347579,0.04435487,1211.44373033,0.01998463,0.01998463,29724,91,0
6723.62370714,6723.62401221,1954.99151739,1954.98087969,0.04864377,1211.57273078,0.01998463,0.01998463,29723,91,0
6723.85005538,6723.85024526,1962.88454174,1962.87791337,0.04141297,1211.70093049,0.01998463,0.01998463,29722,91,0
6724.07643169,6724.07649353,1970.78689454,1970.78473352,0.03890683,1211.82816342,0.01998463,0.01998463,29721,91,0
6724.30321326,6724.30275702,1978.69815193,1978.71411233,0.05175566,1211.95462821,0.01998463,0.01998463,29720,91,0
6724.52915315,6724.52903574,1986.61778533,1986.62189653,0.05197961,1212.07962049,0.01998463,0.01998463,29719,91,0
6724.75524195,6724.75532969,1994.54526273,1994.54218780,0.05692568,1212.20368126,0.01998463,0.01998463,29718,91,0
6724.98168619,6724.98163886,2002.48012684,2002.48178714,0.03423912,1212.32691026,0.01998463,0.01998463,29717,91,0
6725.20779767,6725.20796327,2010.42244532,2010.41663154,0.04961748,1212.44893094,0.01998463,0.01998463,29716,91,0
6725.43414467,6725.43430290,2018.37250473,2018.36694440,0.05008769,1212.57005202,0.01998463,0.01998463,29715,91,0
6725.66085349,6725.66065778,2026.33059415,2026.33747850,0.05337665,1212.69033828,0.01998463,0.01998463,29714,91,0
6725.88706387,6725.88702788,2034.29700512,2034.29827218,0.04811627,1212.80933532,0.01998463,0.01998463,29713,91,0
6726.11324732,6726.11341322,2042.27204525,2042.26619785,0.05166479,1212.92729596,0.01998463,0.01998463,29712,91,0
6726.33923458,6726.33981381,2050.25603831,2050.23560085,0.04500516,1213.04413466,0.01998463,0.01998463,29711,91,0
6726.56604746,6726.56622963,2058.24931074,2058.24287612,0.04271095,1213.16037654,0.01998463,0.01998463,29710,91,0
6726.79249853,6726.79266069,2066.25219038,2066.24645581,0.04345006,1213.27541083,0.01998463,0.01998463,29709,91,0
6727.01880491,6727.01910699,2074.26484542,2074.25415020,0.04790485,1213.38934972,0.01998463,0.01998463,29708,91,0
6727.24535478,6727.24556854,2082.28707871,2082.27950221,0.04082867,1213.50238124,0.01998463,0.01998463,29707,91,0
6727.47169975,6727.47204534,2090.31864133,2090.30637905,0.05169759,1213.61427403,0.01998463,0.01998463,29706,91,0
6727.69835686,6727.69853738,2098.35928266,2098.35287089,0.04960185,1213.72527573,0.01998463,0.01998463,29705,91,0
6727.92502479,6727.92504467,2106.40877817,2106.40807137,0.04818547,1213.83522976,0.01998463,0.01998463,29704,91,0
6728.15169421,6728.15156721,2114.46704838,2114.47156852,0.04869813,1213.94412683,0.01998463,0.01998463,29703,91,0
6728.37759936,6728.37810500,2122.53406141,2122.51604615,0.02138394,1214.05160041,0.01998463,0.01998463,29702,91,0
6728.60458778,6728.60465805,2130.60978519,2130.60727900,0.05403196,1214.15852323,0.01998463,0.01998463,29701,91,0
6728.83135698,6728.83122635,2138.69419985,2138.69886338,0.04753510,1214.26427186,0.01998463,0.01998463,29700,91,0
6729.05781421,6729.05780991,2146.78744459,2146.78759823,0.04287786,1214.36880502,0.01998463,0.01998463,29699,91,0
6729.28377655,6729.28440873,2154.88976932,2154.86715283,0.04492307,1214.47204358,0.01998463,0.01998463,29698,91,0
6729.51055074,6729.51102281,2163.00142774,2162.98452063,0.03863024,1214.57458179,0.01998463,0.01998463,29697,91,0
6729.73708139,6729.73765214,2171.12267116,2171.10220673,0.04121545,1214.67593769,0.01998463,0.01998463,29696,91,0
6729.96404049,6729.96429675,2179.25358886,2179.24439036,0.04144203,1214.77640778,0.01998463,0.01998463,29695,91,0
6730.19078294,6730.19095661,2187.39405540,2187.38781475,0.05391593,1214.87569946,0.01998463,0.01998463,29694,91,0
6730.41741504,6730.41763174,2195.54392980,2195.53613433,0.05599634,1214.97385598,0.01998463,0.01998463,29693,91,0
6730.64467863,6730.64432214,2203.70307008,2203.71590787,0.04554720,1215.07118931,0.01998463,0.01998463,29692,91,0
6730.87093460,6730.87102781,2211.87132707,2211.86796708,0.04187920,1215.16699460,0.01998463,0.01998463,29691,91,0
6731.09764030,6731.09774874,2220.04853565,2220.04462234,0.04196384,1215.26188733,0.01998463,0.01998463,29690,91,0
6731.32421485,6731.32448495,2228.23452727,2228.22477054,0.04289587,1215.35561646,0.01998463,0.01998463,29689,91,0
6731.55134656,6731.55123644,2236.42913218,2236.43311401,0.05782452,1215.44845803,0.01998463,0.01998463,29688,91,0
6731.77806440,6731.77800320,2244.63226187,2244.63447713,0.04531447,1215.54000956,0.01998463,0.01998463,29687,91,0
6732.00451628,6732.00478523,2252.84419550,2252.83445162,0.04276469,1215.63033534,0.01998463,0.01998463,29686,91,0
6732.23120089,6732.23158254,2261.06531689,2261.05147478,0.03776785,1215.71963503,0.01998463,0.01998463,29685,91,0
6732.45780521,6732.45839514,2269.29601250,2269.27459277,0.04581879,1215.80778451,0.01998463,0.01998463,29684,91,0
6732.68479695,6732.68522301,2277.53663563,2277.52114800,0.05206273,1215.89496316,0.01998463,0.01998463,29683,91,0
6732.91179496,6732.91206617,2285.78725730,2285.77738757,0.04215345,1215.98101826,0.01998463,0.01998463,29682,91,0
6733.13918195,6733.13892461,2294.04781301,2294.05718890,0.04200750,1216.06608708,0.01998463,0.01998463,29681,91,0
6733.36556733,6733.36579834,2302.31823696,2302.30981117,0.03837745,1216.14964914,0.01998463,0.01998463,29680,91,0
6733.59235929,6733.59268735,2310.59845712,2310.58647790,0.05199452,1216.23222384,0.01998463,0.01998463,29679,91,0
6733.81967168,6733.81959166,2318.88831940,2318.89124445,0.03521050,1216.31384004,0.01998463,0.01998463,29678,91,0
6734.04627264,6734.04651125,2327.18760773,2327.17887633,0.04483201,1216.39405078,0.01998463,0.01998463,29677,91,0
6734.27285754,6734.27344614,2335.49610299,2335.47454246,0.05499727,1216.47310172,0.01998463,0.01998463,29676,91,0
6734.50063577,6734.50039632,2343.81359778,2343.82237794,0.03985612,1216.55139998,0.01998463,0.01998463,29675,91,0
6734.72679467,6734.72736179,2352.14024318,2352.11942624,0.03595047,1216.62797961,0.01998463,0.01998463,29674,91,0
6734.95413680,6734.95434256,2360.47658478,2360.46902341,0.05245153,1216.70379402,0.01998463,0.01998463,29673,91,0
6735.18070153,6735.18133863,2368.82319195,2368.79975153,0.04113688,1216.77818721,0.01998463,0.01998463,29672,91,0
6735.40818285,6735.40835000,2377.18063141,2377.17447354,0.04146911,1216.85171492,0.01998463,0.01998463,29671,91,0
6735.63567500,6735.63537668,2385.54909555,2385.56009882,0.05292255,1216.92407428,0.01998463,0.01998463,29670,91,0
6735.86246654,6735.86241865,2393.92820273,2393.92997127,0.03931893,1216.99503641,0.01998463,0.01998463,29669,91,0
6736.08883291,6736.08947593,2402.31752036,2402.29374905,0.03987010,1217.06468818,0.01998463,0.01998463,29668,91,0
6736.31612514,6736.31654851,2410.71661395,2410.70094559,0.05109000,1217.13343352,0.01998463,0.01998463,29667,91,0
6736.54347312,6736.54363641,2419.12522464,2419.11917521,0.03910666,1217.20099532,0.01998463,0.01998463,29666,91,0
6736.77092465,6736.77073961,2427.54345342,2427.55031642,0.05116306,1217.26738328,0.01998463,0.01998463,29665,91,0
6736.99766651,6736.99785812,2435.97144562,2435.96433137,0.04135213,1217.33236186,0.01998463,0.01998463,29664,91,0
6737.22477397,6737.22499194,2444.40934773,2444.40124551,0.04487172,1217.39623890,0.01998463,0.01998463,29663,91,0
6737.45219458,6737.45214108,2452.85737674,2452.85936754,0.03311694,1217.45899159,0.01998463,0.01998463,29662,91,0
6737.67911993,6737.67930553,2461.31592968,2461.30901432,0.05034621,1217.52039687,0.01998463,0.01998463,29661,91,0
6737.90626706,6737.90648530,2469.78543482,2469.77729322,0.03645905,1217.58064944,0.01998463,0.01998463,29660,91,0
6738.13355193,6738.13368039,2478.26632334,2478.26152474,0.05042114,1217.63972239,0.01998463,0.01998463,29659,91,0
6738.36100644,6738.36089080,2486.75878319,2486.76310802,0.04057466,1217.69761788,0.01998463,0.01998463,29658,91,0
6738.58737370,6738.58811653,2495.26223827,2495.23442310,0.03837290,1217.75401462,0.01998463,0.01998463,29657,91,0
6738.81544678,6738.81535758,2503.77596004,2503.77930352,0.05526925,1217.80959398,0.01998463,0.01998463,29656,91,0
6739.04239049,6739.04261396,2512.29921452,2512.29082902,0.05059920,1217.86365134,0.01998463,0.01998463,29655,91,0
6739.27005978,6739.26988566,2520.83151156,2520.83805175,0.04107955,1217.91662474,0.01998463,0.01998463,29654,91,0
6739.49726241,6739.49717269,2529.37324250,2529.37661579,0.04941848,1217.96823311,0.01998463,0.01998463,29653,91,0
6739.72442879,6739.72447506,2537.92499784,2537.92325609,0.03790632,1218.01857778,0.01998463,0.01998463,29652,91,0
6739.95208271,6739.95179275,2546.48737247,2546.49830107,0.04905302,1218.06777013,0.01998463,0.01998463,29651,91,0
6740.17863679,6740.17912577,2555.06082514,2555.04237299,0.03796872,1218.11547015,0.01998463,0.01998463,29650,91,0
6740.40579399,6740.40647413,2563.64528055,2563.61958388,0.04738730,1218.16203533,0.01998463,0.01998463,29649,91,0
6740.63362142,6740.63383782,2572.24053431,2572.23234868,0.05096407,1218.20746293,0.01998463,0.01998463,29648,91,0
6740.86089403,6740.86121685,2580.84638042,2580.83415525,0.03251613,1218.25150198,0.01998463,0.01998463,29647,91,0
6741.08852340,6741.08861122,2589.46267646,2589.45934688,0.04909560,1218.29432546,0.01998463,0.01998463,29646,91,0
6741.31587873,6741.31602092,2598.08953178,2598.08413457,0.02763356,1218.33580997,0.01998463,0.01998463,29645,91,0
6741.54325254,6741.54344597,2606.72711784,2606.71976704,0.04982505,1218.37600723,0.01998463,0.01998463,29644,91,0
6741.77090180,6741.77088637,2615.37560737,2615.37619439,0.04865349,1218.41495625,0.01998463,0.01998463,29643,91,0
6741.99799979,6741.99834210,2624.03517805,2624.02213768,0.03560192,1218.45251393,0.01998463,0.01998463,29642,91,0
6742.22555552,6742.22581319,2632.70602260,2632.69619451,0.04677224,1218.48884387,0.01998463,0.01998463,29641,91,0
6742.45302260,6742.45329962,2641.38833832,2641.37775889,0.04719789,1218.52385149,0.01998463,0.01998463,29640,91,0
6742.68070425,6742.68080140,2650.08232399,2650.07860897,0.03714222,1218.55757806,0.01998463,0.01998463,29639,91,0
6742.90810392,6742.90831853,2658.78810681,2658.77988958,0.04982383,1218.58994593,0.01998463,0.01998463,29638,91,0
6743.13582559,6743.13585102,2667.50557130,2667.50459661,0.04943076,1218.62103508,0.01998463,0.01998463,29637,91,0
6743.36393173,6743.36339886,2676.23455031,2676.25500466,0.05096989,1218.65084212,0.01998463,0.01998463,29636,91,0
6743.59119908,6743.59096205,2684.97487541,2684.98398484,0.03684462,1218.67920556,0.01998463,0.01998463,29635,91,0
6743.81824871,6743.81854060,2693.72646504,2693.71523357,0.04788891,1218.70620695,0.01998463,0.01998463,29634,91,0
6744.04617437,6744.04613451,2702.48948705,2702.49102285,0.03972532,1218.73196604,0.01998463,0.01998463,29633,91,0
6744.27376942,6744.27374378,2711.26415456,2711.26514363,0.05245132,1218.75633712,0.01998463,0.01998463,29632,91,0
6744.50126421,6744.50136841,2720.05068158,2720.04665683,0.03050566,1218.77934407,0.01998463,0.01998463,29631,91,0
6744.72904805,6744.72900841,2728.84912262,2728.85065591,0.04706299,1218.80101940,0.01998463,0.01998463,29630,91,0
6744.95630570,6744.95666377,2737.65916440,2737.64529909,0.04572521,1218.82128166,0.01998463,0.01998463,29629,91,0
6745.18383980,6745.18433449,2746.48043999,2746.46126160,0.04720268,1218.84019873,0.01998463,0.01998463,29628,91,0
6745.41207995,6745.41202059,2755.31258303,2755.31488695,0.04867099,1218.85779173,0.01998463,0.01998463,29627,91,0
6745.63990738,6745.63972205,2764.15552875,2764.16273047,0.04286147,1218.87396678,0.01998463,0.01998463,29626,91,0
6745.86779578,6745.86743889,2773.00974633,2773.02363196,0.05746826,1218.88875664,0.01998463,0.01998463,29625,91,0
6746.09502740,6746.09517110,2781.87576275,2781.87016467,0.02869937,1218.90211590,0.01998463,0.01998463,29624,91,0
6746.32254496,6746.32291868,2790.75410187,2790.73952342,0.04638794,1218.91409877,0.01998463,0.01998463,29623,91,0
6746.55049071,6746.55068164,2799.64501565,2799.63755787,0.04623780,1218.92470089,0.01998463,0.01998463,29622,91,0
6746.77835068,6746.77845997,2808.54840195,2808.54412724,0.04222661,1218.93388940,0.01998463,0.01998463,29621,91,0
6747.00575874,6747.00625368,2817.46413424,2817.44474963,0.04044779,1218.94164881,0.01998463,0.01998463,29620,91,0
6747.23398396,6747.23406278,2826.39208777,2826.38899688,0.04505660,1218.94801333,0.01998463,0.01998463,29619,91,0
6747.46194918,6747.46188726,2835.33219245,2835.33462399,0.04695274,1218.95294213,0.01998463,0.01998463,29618,91,0
6747.68971223,6747.68972712,2844.28442793,2844.28384281,0.04409998,1218.95643529,0.01998463,0.01998463,29617,91,0
6747.91763993,6747.91758236,2853.24877544,2853.25104172,0.04573886,1218.95849329,0.01998463,0.01998463,29616,91,0
6748.14591403,6748.14545299,2862.22520758,2862.24338068,0.04716851,1218.95910739,0.01998463,0.01998463,29615,91,0
6748.37359840,6748.37333901,2871.21360807,2871.22384549,0.04492015,1218.95827194,0.01998463,0.01998463,29614,91,0
6748.60135731,6748.60124042,2880.21380656,2880.21842535,0.04816398,1218.95598401,0.01998463,0.01998463,29613,91,0
6748.82904231,6748.82915723,2889.22563048,2889.22108408,0.04495287,1218.95223983,0.01998463,0.01998463,29612,91,0
6749.05743488,6749.05708942,2898.24898369,2898.26266829,0.04694637,1218.94701522,0.01998463,0.01998463,29611,91,0
6749.28479906,6749.28503701,2907.28423109,2907.27479320,0.04220911,1218.94034746,0.01998463,0.01998463,29610,91,0
6749.51324545,6749.51299999,2916.33191016,2916.34165858,0.04215948,1218.93216816,0.01998463,0.01998463,29609,91,0
6749.74144727,6749.74097838,2925.39256300,2925.41121152,0.04324024,1218.92251033,0.01998463,0.01998463,29608,91,0
6749.96886933,6749.96897216,2934.46654802,2934.46245255,0.04064015,1218.91140021,0.01998463,0.01998463,29607,91,0
6750.19657149,6750.19698134,2943.55360841,2943.53726329,0.04247922,1218.89878517,0.01998463,0.01998463,29606,91,0
6750.42468568,6750.42500592,2952.65335841,2952.64057018,0.04053340,1218.88464570,0.01998463,0.01998463,29605,91,0
6750.65258023,6750.65304591,2961.76541212,2961.74679280,0.04887443,1218.86901390,0.01998463,0.01998463,29604,91,0
6750.88084542,6750.88110131,2970.88967109,2970.87942664,0.05344001,1218.85184230,0.01998463,0.01998463,29603,91,0
6751.10864919,6751.10917211,2980.02655397,2980.00559121,0.05958897,1218.83318789,0.01998463,0.01998463,29602,91,0
6751.33748168,6751.33725832,2989.17653630,2989.18550297,0.04667507,1218.81291600,0.01998463,0.01998463,29601,91,0
6751.56550362,6751.56535993,2998.34008279,2998.34585929,0.04268160,1218.79118016,0.01998463,0.01998463,29600,91,0
6751.79292885,6751.79347697,3007.51734838,3007.49528168,0.03536702,1218.76796747,0.01998463,0.01998463,29599,91,0
6752.02174648,6752.02160941,3016.70818957,3016.71371549,0.03900051,1218.74306084,0.01998463,0.01998463,29598,91,0
6752.24948198,6752.24975727,3025.91244955,3025.90133576,0.05482659,1218.71672059,0.01998463,0.01998463,29597,91,0
6752.47785776,6752.47792054,3035.13000207,3035.12746405,0.04361856,1218.68874613,0.01998463,0.01998463,29596,91,0
6752.70598942,6752.70609924,3044.36097726,3044.35653158,0.04161496,1218.65923512,0.01998463,0.01998463,29595,91,0
6752.93425740,6752.93429335,3053.60563059,3053.60417304,0.04948358,1218.62813226,0.01998463,0.01998463,29594,91,0
6753.16220968,6753.16250288,3062.86422046,3062.85231641,0.05714915,1218.59549366,0.01998463,0.01998463,29593,91,0
6753.39065064,6753.39072784,3072.13682835,3072.13368951,0.03643247,1218.56119548,0.01998463,0.01998463,29592,91,0
6753.61928249,6753.61896822,3081.42291842,3081.43571316,0.02859404,1218.52527082,0.01998464,0.01998463,29591,91,0
6753.84739767,6753.84722402,3090.72181683,3090.72889548,0.03665948,1218.48783069,0.01998463,0.01998463,29590,91,0
6754.07522238,6754.07549526,3100.03285510,3100.02171786,0.05706178,1218.44884328,0.01998463,0.01998463,29589,91,0
6754.30379014,6754.30378192,3109.35598448,3109.35632048,0.04065278,1218.40812151,0.01998463,0.01998463,29588,91,0
6754.53144230,6754.53208401,3118.69209551,3118.66583535,0.03966602,1218.36595295,0.01998463,0.01998463,29587,91,0
6754.76043439,6754.76040153,3128.04216387,3128.04351054,0.05392821,1218.32190449,0.01998463,0.01998463,29586,91,0
6754.98897216,6754.98873449,3137.40710202,3137.41685720,0.03732796,1218.27630061,0.01998463,0.01998463,29585,91,0
6755.21689255,6755.21708288,3146.78697917,3146.77915504,0.03810850,1218.22917795,0.01998463,0.01998463,29584,91,0
6755.44524413,6755.44544671,3156.18130747,3156.17296771,0.05025780,1218.18031720,0.01998463,0.01998463,29583,91,0
6755.67393718,6755.67382598,3165.58958496,3165.59416908,0.03597684,1218.12972499,0.01998463,0.01998463,29582,91,0
6755.90190001,6755.90222069,3175.01145378,3174.99821603,0.04857498,1218.07763801,0.01998463,0.01998463,29581,91,0
6756.13070438,6756.13063084,3184.44715314,3184.45019362,0.03024048,1218.02368804,0.01998463,0.01998463,29580,91,0
6756.35885842,6756.35905643,3193.89707574,3193.88887818,0.04879509,1217.96821581,0.01998463,0.01998463,29579,91,0
6756.58711087,6756.58749746,3203.36161254,3203.34558355,0.03665836,1217.91103616,0.01998463,0.01998463,29578,91,0
6756.81569482,6756.81595394,3212.84088614,3212.83012656,0.05253636,1217.85207813,0.01998463,0.01998463,29577,91,0
6757.04457520,6757.04442587,3222.33462015,3222.34082948,0.04223069,1217.79133845,0.01998464,0.01998463,29576,91,0
6757.27180412,6757.27291325,3231.84250350,3231.79631805,0.04729907,1217.72934430,0.01998463,0.01998463,29575,91,0
6757.50127562,6757.50141608,3241.36427031,3241.35841304,0.04342962,1217.66502164,0.01998463,0.01998463,29574,91,0
6757.72983025,6757.72993436,3250.90010231,3250.89575475,0.05525310,1217.59923324,0.01998463,0.01998463,29573,91,0
6757.95864703,6757.95846810,3260.45042854,3260.45791160,0.03615416,1217.53163723,0.01998464,0.01998463,29572,91,0
6758.18753406,6758.18701729,3270.01568419,3270.03732849,0.05027262,1217.46227629,0.01998464,0.01998463,29571,91,0
6758.41567146,6758.41558194,3279.59618647,3279.59994201,0.03122097,1217.39139700,0.01998463,0.01998463,29570,91,0
6758.64399212,6758.64416204,3289.19191797,3289.18477935,0.04817073,1217.31870877,0.01998463,0.01998463,29569,91,0
6758.87198695,6758.87275761,3298.80280312,3298.77037780,0.02905963,1217.24436852,0.01998463,0.01998463,29568,91,0
6759.10115338,6759.10136864,3308.42876640,3308.41969606,0.05453123,1217.16787142,0.01998463,0.01998464,29567,91,0
6759.33034245,6759.32999513,3318.06974814,3318.08440540,0.04879956,1217.08958018,0.01998464,0.01998464,29566,91,0
6759.55898671,6759.55863708,3327.72570300,3327.74047910,0.04940315,1217.00968778,0.01998464,0.01998464,29565,91,0
6759.78688150,6759.78729451,3337.39658563,3337.37910516,0.03743427,1216.92827395,0.01998463,0.01998464,29564,91,0
6760.01573579,6760.01596740,3347.08243168,3347.07261423,0.05040297,1216.84471811,0.01998463,0.01998464,29563,91,0
6760.24459829,6760.24465576,3356.78362769,3356.78118784,0.04690506,1216.75934537,0.01998463,0.01998464,29562,91,0
6760.47313843,6760.47335959,3366.50065795,3366.49125428,0.03337703,1216.67227082,0.01998463,0.01998464,29561,91,0
6760.70219740,6760.70207889,3376.23399938,3376.23904686,0.04596993,1216.58315939,0.01998464,0.01998464,29560,91,0
6760.93085692,6760.93081367,3385.98374802,3385.98559328,0.05075710,1216.49235788,0.01998464,0.01998464,29559,91,0
6761.15991354,6761.15956392,3395.74953980,3395.76447713,0.04934217,1216.39954535,0.01998464,0.01998464,29558,91,0
6761.38835607,6761.38832965,3405.53097993,3405.53211014,0.03519044,1216.30513005,0.01998464,0.01998464,29557,91,0
6761.61665281,6761.61711086,3415.32774595,3415.30811666,0.05285591,1216.20892312,0.01998463,0.01998464,29556,91,0
6761.84616902,6761.84590755,3425.13991586,3425.15113766,0.04253441,1216.11032772,0.01998464,0.01998464,29555,91,0
6762.07483122,6762.07471973,3434.96770135,3434.97249387,0.03886978,1216.01022024,0.01998464,0.01998464,29554,91,0
6762.30326758,6762.30354738,3444.81131667,3444.79927088,0.04773429,1215.90832899,0.01998463,0.01998464,29553,91,0
6762.53244346,6762.53239052,3454.67100102,3454.67328359,0.04924788,1215.80420657,0.01998464,0.01998464,29552,91,0
6762.76150065,6762.76124915,3464.54702532,3464.55788707,0.05006071,1215.69822415,0.01998464,0.01998464,29551,91,0
6762.99042862,6762.99012327,3474.43966503,3474.45287398,0.05537802,1215.59037849,0.01998464,0.01998464,29550,91,0
6763.21885750,6763.21901287,3484.34912802,3484.34239571,0.03530239,1215.48084109,0.01998464,0.01998464,29549,91,0
6763.44814296,6763.44791797,3494.27526528,3494.28502957,0.05054797,1215.36895056,0.01998464,0.01998464,29548,91,0
6763.67662008,6763.67683856,3504.21781163,3504.20831484,0.05041778,1215.25551342,0.01998464,0.01998464,29547,91,0
6763.90610736,6763.90577465,3514.17649894,3514.19098301,0.04653366,1215.13961906,0.01998464,0.01998464,29546,91,0
6764.13438667,6764.13472623,3524.15105280,3524.13624825,0.04549235,1215.02238534,0.01998464,0.01998464,29545,91,0
6764.36351745,6764.36369331,3534.14119203,3534.13351337,0.04404729,1214.90275455,0.01998464,0.01998464,29544,91,0
6764.59244960,6764.59267589,3544.14663226,3544.13673747,0.04874276,1214.78126221,0.01998464,0.01998464,29543,91,0
6764.82185661,6764.82167397,3554.16739221,3554.17539076,0.04457010,1214.65753934,0.01998464,0.01998464,29542,91,0
6765.05078612,6765.05068755,3564.20468340,3564.20900746,0.04684545,1214.53207658,0.01998464,0.01998464,29541,91,0
6765.27989974,6765.27971663,3574.26001997,3574.26806621,0.04229963,1214.40448740,0.01998464,0.01998464,29540,91,0
6765.50840276,6765.50876123,3584.33482601,3584.31904337,0.05091334,1214.27519244,0.01998463,0.01998464,29539,91,0
6765.73740563,6765.73782133,3594.42886033,3594.41052601,0.04772142,1214.14355799,0.01998463,0.01998464,29538,91,0
6765.94995584,nan,0.00000000,3603.80562010,0.45989909,1214.01936958,0.01998459,0.01998464,29537,91,1
6766.19545837,6766.19598805,3614.66819054,3614.64475805,0.05277706,1213.87413132,0.01998463,0.01998464,29536,91,0
6766.42483598,6766.42509468,3624.81118464,3624.79972260,0.04333200,1213.73615364,0.01998463,0.01998464,29535,91,0
6766.65378030,6766.65421683,3634.97122335,3634.95184940,0.03999044,1213.59637059,0.01998463,0.01998464,29534,91,0
6766.88307048,6766.88335448,3645.15037925,3645.13775063,0.03606854,1213.45426971,0.01998463,0.01998464,29533,91,0
6767.11218298,6767.11250766,3655.35041948,3655.33595331,0.05106391,1213.31013807,0.01998463,0.01998464,29532,91,0
6767.34174712,6767.34167635,3665.57066638,3665.57382507,0.04292593,1213.16357475,0.01998464,0.01998464,29531,91,0
6767.57194712,6767.57086057,3675.80931184,3675.85789216,0.04315722,1213.01446283,0.01998464,0.01998464,29530,91,0
6767.80048269,6767.80006030,3686.06456613,3686.08347918,0.04748015,1212.86432350,0.01998464,0.01998464,29529,91,0
6768.02979709,6768.02927556,3696.33604965,3696.35943904,0.04992169,1212.71156084,0.01998464,0.01998464,29528,91,0
6768.25836471,6768.25850634,3706.62510085,3706.61873817,0.04615866,1212.55716219,0.01998464,0.01998464,29527,91,0
6768.48807255,6768.48775265,3716.93317440,3716.94757196,0.04206431,1212.39981585,0.01998464,0.01998464,29526,91,0
6768.71652343,6768.71701449,3727.26121620,3727.23907452,0.04568024,1212.24114099,0.01998464,0.01998464,29525,91,0
6768.94637434,6768.94629185,3737.60854682,3737.61227278,0.05095093,1212.07929025,0.01998464,0.01998464,29524,91,0
6769.17512296,6769.17558475,3747.97416128,3747.95326833,0.03777630,1211.91602715,0.01998464,0.01998464,29523,91,0
6769.40473411,6769.40489318,3758.35715506,3758.34994686,0.04308448,1211.74995773,0.01998464,0.01998464,29522,91,0
6769.63422064,6769.63421714,3768.75755874,3768.75771761,0.04871663,1211.58177575,0.01998464,0.01998464,29521,91,0
6769.86376180,6769.86355664,3779.17587927,3779.18520733,0.03427326,1211.41133332,0.01998464,0.01998464,29520,91,0
6770.09323677,6770.09291167,3789.61262716,3789.62743353,0.05058227,1211.23870235,0.01998464,0.01998464,29519,91,0
6770.32221170,6770.32228225,3800.06816225,3800.06494352,0.03935019,1211.06420173,0.01998464,0.01998464,29518,91,0
6770.55164783,6770.55166836,3810.54267128,3810.54173296,0.05207482,1210.88708633,0.01998464,0.01998464,29517,91,0
6770.78054371,6770.78107002,3821.03633316,3821.01223672,0.04144890,1210.70811731,0.01998464,0.01998464,29516,91,0
6771.01039127,6771.01048722,3831.54927031,3831.54486983,0.04189438,1210.52610966,0.01998464,0.01998464,29515,91,0
6771.24009192,6771.23991996,3842.08146339,3842.08936389,0.03461496,1210.34191130,0.01998464,0.01998464,29514,91,0
6771.46945209,6771.46936825,3852.63287114,3852.63672998,0.04893539,1210.15567518,0.01998464,0.01998464,29513,91,0
6771.69876691,6771.69883209,3863.20358622,3863.20058092,0.05543807,1209.96715558,0.01998464,0.01998464,29512,91,0
6771.92850619,6771.92831148,3873.79442887,3873.80342361,0.04621837,1209.77593525,0.01998464,0.01998464,29511,91,0
6772.15695961,6772.15780642,3884.40647258,3884.36727621,0.04483341,1209.58342066,0.01998463,0.01998464,29510,91,0
6772.38761926,6772.38731692,3895.04068497,3895.05470790,0.05694542,1209.38662523,0.01998464,0.01998464,29509,91,0
6772.61705803,6772.61684297,3905.69661185,3905.70660598,0.05445096,1209.18845383,0.01998464,0.01998464,29508,91,0
6772.84632453,6772.84638457,3916.37283845,3916.37004343,0.05265243,1208.98803767,0.01998464,0.01998464,29507,91,0
6773.07556017,6773.07594173,3927.06796343,3927.05017148,0.05429915,1208.78527198,0.01998464,0.01998464,29506,91,0
6773.30539024,6773.30551445,3937.78212987,3937.77632744,0.03873147,1208.57958193,0.01998464,0.01998464,29505,91,0
6773.53459663,6773.53510274,3948.51736603,3948.49367743,0.04307539,1208.37200847,0.01998464,0.01998464,29504,91,0
6773.76450474,6773.76470658,3959.27582638,3959.26635848,0.04868778,1208.16129615,0.01998464,0.01998464,29503,91,0
6773.99446408,6773.99432599,3970.05818480,3970.06467576,0.05448477,1207.94800254,0.01998464,0.01998464,29502,91,0
6774.22414532,6774.22396096,3980.86196005,3980.87064114,0.04331706,1207.73247346,0.01998464,0.01998464,29501,91,0
6774.45371754,6774.45361150,3991.68424259,3991.68924314,0.04540590,1207.51460367,0.01998464,0.01998464,29500,91,0
6774.68323800,6774.68327761,4002.52327586,4002.52140478,0.04808064,1207.29436708,0.01998464,0.01998464,29499,91,0
6774.91242795,6774.91295929,4013.38156069,4013.35641698,0.05017909,1207.07197681,0.01998464,0.01998464,29498,91,0
6775.14251390,6775.14265655,4024.26259053,4024.25582566,0.04865671,1206.84615018,0.01998464,0.01998464,29497,91,0
6775.37228336,6775.37236937,4035.16923931,4035.16515098,0.03609702,1206.61799444,0.01998464,0.01998464,29496,91,0
6775.60154995,6775.60209777,4046.10047141,4046.07437767,0.04684243,1206.38771629,0.01998464,0.01998464,29495,91,0
6775.83190040,6775.83184175,4057.05378154,4057.05658044,0.05288474,1206.15375203,0.01998464,0.01998464,29494,91,0
6776.06140833,6776.06160131,4068.02686344,4068.01763956,0.03633328,1205.91809170,0.01998464,0.01998464,29493,91,0
6776.29224642,6776.29137644,4079.01960896,4079.06126723,0.04796592,1205.67848756,0.01998464,0.01998464,29492,91,0
nan,nan,0.00000000,-1.00000000,0.00000000,1205.43901353,nan,0.00000000,-2147483648,91,1
nan,nan,0.00000000,-1.00000000,0.00000000,1200.83232608,nan,0.00000000,-2147483648,90,1
6735.18035138,6735.18133863,11.12644049,11.09895019,0.09216688,1201.14730942,0.01998463,0.01998463,29672,90,0
6735.40935929,6735.40835000,17.44958461,17.47770589,0.06334287,1201.47602260,0.01998463,0.01998463,29671,90,0
6735.63632800,6735.63537668,23.77715513,23.80367833,0.05137859,1201.80128780,0.01998463,0.01998463,29670,90,0
6735.86173449,6735.86241865,30.10921481,30.09012775,0.02098958,1202.12380273,0.01998463,0.01998463,29669,90,0
6736.08916985,6736.08947593,36.44582614,36.43728153,0.06035668,1202.44870573,0.01998463,0.01998463,29668,90,0
6736.31600213,6736.31654851,42.78698061,42.77171774,0.04763302,1202.77223019,0.01998463,0.01998463,29667,90,0
6736.54423365,6736.54363641,49.13252838,49.14922234,0.03864183,1203.09722007,0.01998463,0.01998463,29666,90,0
6736.77285757,6736.77073961,55.48230233,55.54153773,0.07531208,1203.42222538,0.01998464,0.01998463,29665,90,0
6736.99619321,6736.99785812,61.83613465,61.78954466,0.06157247,1203.73917832,0.01998463,0.01998463,29664,90,0
6737.22545402,6737.22499194,68.19385683,68.20679415,0.06261867,1204.06398060,0.01998463,0.01998463,29663,90,0
6737.45344430,6737.45214108,74.55533362,74.59184088,0.04247470,1204.38641264,0.01998464,0.01998463,29662,90,0
6737.68000747,6737.67930553,80.92066207,80.94033650,0.03807323,1204.70626679,0.01998463,0.01998463,29661,90,0
6737.90650235,6737.90648530,87.29003739,87.29051557,0.04534969,1205.02547542,0.01998463,0.01998463,29660,90,0
6738.13367534,6738.13368039,93.66365591,93.66351411,0.04810770,1205.34509679,0.01998463,0.01998463,29659,90,0
6738.36107817,6738.36089080,100.04171478,100.04697624,0.03187521,1205.66450543,0.01998463,0.01998463,29658,90,0
6738.58765643,6738.58811653,106.42440884,106.41148042,0.03019343,1205.98223068,0.01998463,0.01998463,29657,90,0
6738.81684851,6738.81535758,112.81182891,112.85375076,0.03709201,1206.30309092,0.01998464,0.01998463,29656,90,0
6739.04168871,6739.04261396,119.20393848,119.17790512,0.03328363,1206.61733715,0.01998463,0.01998463,29655,90,0
6739.26874293,6739.26988566,125.60069310,125.56851934,0.06357613,1206.93414986,0.01998463,0.01998463,29654,90,0
6739.49938863,6739.49717269,132.00204819,132.06447844,0.03448377,1207.25542690,0.01998464,0.01998463,29653,90,0
6739.72607301,6739.72447506,138.40795892,138.45300740,0.05398445,1207.57064521,0.01998464,0.01998463,29652,90,0
6739.95185171,6739.95179275,144.81837516,144.82003840,0.04884563,1207.88406726,0.01998463,0.01998463,29651,90,0
6740.17878106,6740.17912577,151.23322857,151.22349856,0.06590229,1208.19854199,0.01998463,0.01998463,29650,90,0
6740.40861982,6740.40647413,157.65244663,157.71304926,0.04456856,1208.51648690,0.01998464,0.01998463,29649,90,0
6740.63480751,6740.63383782,164.07595647,164.10336034,0.01403772,1208.82882435,0.01998463,0.01998463,29648,90,0
6740.86101728,6740.86121685,170.50368494,170.49804182,0.05535354,1209.14063502,0.01998463,0.01998463,29647,90,0
6741.08871280,6741.08861122,176.93557256,176.93844679,0.03364717,1209.45392661,0.01998463,0.01998463,29646,90,0
6741.31630689,6741.31602092,183.37171095,183.37980694,0.04363265,1209.76651322,0.01998463,0.01998463,29645,90,0
6741.54277531,6741.54344597,189.81228473,189.79328590,0.05245627,1210.07700021,0.01998463,0.01998463,29644,90,0
6741.77127635,6741.77088637,196.25748060,196.26853574,0.06464145,1210.38972184,0.01998463,0.01998463,29643,90,0
6741.99906973,6741.99834210,202.70748603,202.72812667,0.04654859,1210.70093058,0.01998463,0.01998463,29642,90,0
6742.22561395,6742.22581319,209.16248663,209.15683068,0.02658323,1211.00990094,0.01998463,0.01998463,29641,90,0
6742.45261694,6742.45329962,215.62252428,215.60313130,0.04200481,1211.31896542,0.01998463,0.01998463,29640,90,0
6742.68297067,6742.68080140,222.08742551,222.14909007,0.02152341,1211.63203781,0.01998464,0.01998463,29639,90,0
6742.90739326,6742.90831853,228.55699849,228.53067963,0.05658022,1211.93650187,0.01998463,0.01998463,29638,90,0
6743.13544493,6743.13585102,235.03105059,235.01949245,0.02626893,1212.24532527,0.01998463,0.01998463,29637,90,0
6743.36280854,6743.36339886,241.50938837,241.49257710,0.05414638,1212.55264033,0.01998463,0.01998463,29636,90,0
6743.59175221,6743.59096205,247.99188020,248.01439582,0.04494517,1212.86150164,0.01998463,0.01998463,29635,90,0
6743.81770421,6743.81854060,254.47862377,254.45477674,0.05582598,1213.16575025,0.01998463,0.01998463,29634,90,0
6744.04599218,6744.04613451,260.96976986,260.96570924,0.03477645,1213.47256820,0.01998463,0.01998463,29633,90,0
6744.27320320,6744.27374378,267.46546988,267.45003733,0.04702205,1213.77736941,0.01998463,0.01998463,29632,90,0
6744.50124181,6744.50136841,273.96587590,273.96225914,0.03814402,1214.08271541,0.01998463,0.01998463,29631,90,0
6744.72999172,6744.72900841,280.47112999,280.49923975,0.03824151,1214.38844989,0.01998463,0.01998463,29630,90,0
6744.95766355,6744.95666377,286.98127601,287.00987610,0.03624960,1214.69218305,0.01998463,0.01998463,29629,90,0
6745.18461040,6745.18433449,293.49630426,293.50420222,0.06478198,1214.99439055,0.01998463,0.01998463,29628,90,0
6745.41227484,6745.41202059,300.01620446,300.02348745,0.04308108,1215.29699130,0.01998463,0.01998463,29627,90,0
6745.63947054,6745.63972205,306.54096628,306.53375668,0.04940820,1215.59840549,0.01998463,0.01998463,29626,90,0
6745.86711534,6745.86743889,313.07057980,313.06129921,0.03771098,1215.89984883,0.01998463,0.01998463,29625,90,0
6746.09558154,6746.09517110,319.60504843,319.61682960,0.03912671,1216.20180807,0.01998463,0.01998463,29624,90,0
6746.32282425,6746.32291868,326.14439082,326.14167866,0.03684791,1216.50158131,0.01998463,0.01998463,29623,90,0
6746.55124378,6746.55068164,332.68862649,332.70478383,0.05980386,1216.80233442,0.01998463,0.01998463,29622,90,0
6746.77806195,6746.77845997,339.23777506,339.22632701,0.03419487,1217.10041035,0.01998463,0.01998463,29621,90,0
6747.00687351,6747.00625368,345.79185610,345.80969598,0.06228320,1217.40053097,0.01998463,0.01998463,29620,90,0
6747.23418887,6747.23406278,352.35086158,352.35449306,0.04508988,1217.69811525,0.01998463,0.01998463,29619,90,0
6747.46223877,6747.46188726,358.91472045,358.92485135,0.03095721,1217.99608158,0.01998463,0.01998463,29618,90,0
6747.68931859,6747.68972712,365.48335262,365.47157103,0.04619532,1218.29219842,0.01998463,0.01998463,29617,90,0
6747.91794610,6747.91758236,372.05667763,372.06717422,0.02250203,1218.58974153,0.01998463,0.01998463,29616,90,0
6748.14525087,6748.14545299,378.63461467,378.62877806,0.05337485,1218.88496923,0.01998463,0.01998463,29615,90,0
6748.37297220,6748.37333901,385.21710855,385.20650989,0.04584640,1219.18014011,0.01998463,0.01998463,29614,90,0
6748.60075702,6748.60124042,391.80422324,391.79024671,0.05449833,1219.47479597,0.01998463,0.01998463,29613,90,0
6748.82963042,6748.82915723,398.39605723,398.40974767,0.04757269,1219.77026120,0.01998463,0.01998463,29612,90,0
6749.05733958,6749.05708942,404.99270944,404.99995180,0.03998535,1220.06363063,0.01998463,0.01998463,29611,90,0
6749.28481634,6749.28503701,411.59427920,411.58788640,0.05132907,1220.35611308,0.01998463,0.01998463,29610,90,0
6749.51310771,6749.51299999,418.20085863,418.20398135,0.07128218,1220.64905489,0.01998463,0.01998463,29609,90,0
6749.74099134,6749.74097838,424.81247008,424.81284612,0.03962777,1220.94088532,0.01998463,0.01998463,29608,90,0
6749.96891912,6749.96897216,431.42909842,431.42755873,0.04905188,1221.23218214,0.01998463,0.01998463,29607,90,0
6750.19673276,6750.19698134,438.05072806,438.04350671,0.03272334,1221.52274095,0.01998463,0.01998463,29606,90,0
6750.42429842,6750.42500592,444.67734336,444.65677553,0.05435187,1221.81239011,0.01998463,0.01998463,29605,90,0
6750.65331703,6750.65304591,451.30892910,451.31681615,0.04187570,1222.10328755,0.01998463,0.01998463,29604,90,0
6750.88140510,6750.88110131,457.94548020,457.95432373,0.03843042,1222.39240181,0.01998463,0.01998463,29603,90,0
6751.10811494,6751.10917211,464.58700079,464.55620530,0.05186346,1222.67917308,0.01998463,0.01998463,29602,90,0
6751.33783912,6751.33725832,471.23349535,471.25042608,0.06423746,1222.96914967,0.01998464,0.01998463,29601,90,0
6751.56578411,6751.56535993,477.88496837,477.89734167,0.03355386,1223.25627441,0.01998464,0.01998463,29600,90,0
6751.79359125,6751.79347697,484.54142345,484.54475950,0.05086969,1223.54262092,0.01998463,0.01998463,29599,90,0
6752.02283259,6752.02160941,491.20281889,491.23854744,0.06224643,1223.83015654,0.01998464,0.01998463,29598,90,0
6752.24950986,6752.24975727,497.86904703,497.86181558,0.04208977,1224.11386458,0.01998463,0.01998463,29597,90,0
6752.47808395,6752.47792054,504.53999454,504.54477360,0.04560595,1224.39932453,0.01998464,0.01998463,29596,90,0
6752.70631806,6752.70609924,511.21554759,511.22195154,0.05611316,1224.68373015,0.01998464,0.01998463,29595,90,0
6752.93473485,6752.93429335,517.89559242,517.90852050,0.02900072,1224.96772697,0.01998464,0.01998463,29594,90,0
6753.16232051,6753.16250288,524.58014271,524.57479924,0.04170191,1225.25005635,0.01998463,0.01998463,29593,90,0
6753.39061901,6753.39072784,531.26949805,531.26630723,0.04954754,1225.53264524,0.01998463,0.01998463,29592,90,0
6753.61869055,6753.61896822,537.96399806,537.95585084,0.02632316,1225.81434100,0.01998463,0.01998463,29591,90,0
6753.84695266,6753.84722402,544.66398394,544.65601542,0.04394090,1226.09567206,0.01998463,0.01998463,29590,90,0
6754.07613496,6754.07549526,551.36979837,551.38859855,0.03444252,1226.37754583,0.01998464,0.01998463,29589,90,0
6754.30397145,6754.30378192,558.08163651,558.08721129,0.02756438,1226.65718310,0.01998464,0.01998463,29588,90,0
6754.53224310,6754.53208401,564.79919749,564.80388043,0.05990216,1226.93675867,0.01998464,0.01998463,29587,90,0
6754.75989090,6754.76040153,571.52207571,571.50703485,0.04773136,1227.21495761,0.01998463,0.01998463,29586,90,0
6754.98933095,6754.98873449,578.24986367,578.26744361,0.05942278,1227.49470904,0.01998464,0.01998463,29585,90,0
6755.21689584,6755.21708288,584.98215201,584.97663606,0.02078664,1227.77152328,0.01998463,0.01998463,29584,90,0
6755.44556653,6755.44544671,591.71864303,591.72217850,0.05197520,1228.04901594,0.01998464,0.01998463,29583,90,0
6755.67364741,6755.67382598,598.45957739,598.45430513,0.04592602,1228.32513563,0.01998463,0.01998463,29582,90,0
6755.90264547,6755.90222069,605.20535704,605.21790771,0.04996569,1228.60172030,0.01998464,0.01998463,29581,90,0
6756.13096250,6756.13063084,611.95638581,611.96619233,0.02721100,1228.87685345,0.01998464,0.01998463,29580,90,0
6756.35912385,6756.35905643,618.71306939,618.71506456,0.04913982,1229.15118629,0.01998464,0.01998463,29579,90,0
6756.58716785,6756.58749746,625.47573933,625.46597759,0.04385021,1229.42477741,0.01998463,0.01998463,29578,90,0
6756.81613750,6756.81595394,632.24424031,632.24968046,0.05731726,1229.69886659,0.01998464,0.01998463,29577,90,0
6757.04454920,6757.04442587,639.01822308,639.02188075,0.02914525,1229.97166034,0.01998464,0.01998463,29576,90,0
6757.27190460,6757.27291325,645.79733626,645.76740037,0.05163592,1230.24255430,0.01998463,0.01998463,29575,90,0
6757.50082522,6757.50141608,652.58122684,652.56367989,0.04978852,1230.51465399,0.01998463,0.01998463,29574,90,0
6757.72999276,6757.72993436,659.36959702,659.37133239,0.04752569,1230.78637108,0.01998464,0.01998463,29573,90,0
6757.95921960,6757.95846810,666.16261725,666.18496266,0.05505603,1231.05748703,0.01998464,0.01998463,29572,90,0
6758.18768677,6758.18701729,672.96069042,672.98061104,0.03210701,1231.32705072,0.01998464,0.01998463,29571,90,0
6758.41509080,6758.41558194,679.76422290,679.74959779,0.04887899,1231.59472609,0.01998463,0.01998463,29570,90,0
6758.64421818,6758.64416204,686.57362298,686.57529614,0.04341573,1231.86380456,0.01998463,0.01998463,29569,90,0
6758.87298454,6758.87275761,693.38925365,693.39602264,0.04643292,1232.13184494,0.01998464,0.01998463,29568,90,0
6759.10165372,6759.10136864,700.21100482,700.21951511,0.04863533,1232.39915174,0.01998464,0.01998464,29567,90,0
6759.33043765,6759.32999513,707.03849118,707.05171102,0.06537158,1232.66595545,0.01998464,0.01998464,29566,90,0
6759.55882447,6759.55863708,713.87132229,713.87692402,0.03397776,1232.93164319,0.01998464,0.01998464,29565,90,0
6759.78703806,6759.78729451,720.70910583,720.70143463,0.04757915,1233.19646089,0.01998463,0.01998464,29564,90,0
6760.01574259,6760.01596740,727.55148398,727.54475519,0.04627144,1233.46116237,0.01998463,0.01998464,29563,90,0
6760.24446879,6760.24465576,734.39851680,734.39291721,0.04883180,1233.72520295,0.01998463,0.01998464,29562,90,0
6760.47430975,6760.47335959,741.25053363,741.27901072,0.04963900,1233.98985052,0.01998464,0.01998464,29561,90,0
6760.70201521,6760.70207889,748.10786980,748.10595984,0.05693540,1234.25137821,0.01998463,0.01998464,29560,90,0
6760.93051707,6760.93081367,754.97086225,754.96195950,0.03029877,1234.51317021,0.01998463,0.01998464,29559,90,0
6761.15935079,6761.15956392,761.83982670,761.83342406,0.05235069,1234.77469951,0.01998463,0.01998464,29558,90,0
6761.38808333,6761.38832965,768.71479955,768.70739411,0.05113924,1235.03546954,0.01998463,0.01998464,29557,90,0
6761.61737687,6761.61711086,775.59562825,775.60363183,0.04431641,1235.29622539,0.01998464,0.01998464,29556,90,0
6761.84591675,6761.84590755,782.48215596,782.48243288,0.03583308,1235.55546490,0.01998463,0.01998464,29555,90,0
6762.07518284,6762.07471973,789.37422508,789.38817965,0.03635473,1235.81485894,0.01998464,0.01998464,29554,90,0
6762.30437820,6762.30354738,796.27168839,796.29674046,0.04864827,1236.07349553,0.01998464,0.01998464,29553,90,0
6762.53263363,6762.53239052,803.17453481,803.18187052,0.05119881,1236.33039601,0.01998464,0.01998464,29552,90,0
6762.76111973,6762.76124915,810.08284489,810.07893689,0.07468553,1236.58688218,0.01998463,0.01998464,29551,90,0
6762.99030336,6762.99012327,816.99670128,817.00214360,0.06291841,1236.84347515,0.01998464,0.01998464,29550,90,0
6763.21878341,6763.21901287,823.91618700,823.90924745,0.03444238,1237.09860740,0.01998463,0.01998464,29549,90,0
6763.44731002,6763.44791797,830.84138066,830.82298105,0.05657618,1237.35312043,0.01998463,0.01998464,29548,90,0
6763.67611756,6763.67683856,837.77230669,837.75046902,0.04851055,1237.60727270,0.01998463,0.01998464,29547,90,0
6763.90537499,6763.90577465,844.70895513,844.69684127,0.04312430,1237.86124631,0.01998463,0.01998464,29546,90,0
6764.13479105,6764.13472623,851.65131541,851.65328165,0.04742939,1238.11471349,0.01998464,0.01998464,29545,90,0
6764.36332810,6764.36369331,858.59937690,858.58829028,0.04415585,1238.36652865,0.01998463,0.01998464,29544,90,0
6764.59274858,6764.59267589,865.55314133,865.55534977,0.04735987,1238.61863181,0.01998464,0.01998464,29543,90,0
6764.82146256,6764.82167397,872.51273193,872.50630455,0.03909276,1238.86927747,0.01998463,0.01998464,29542,90,0
6765.05070944,6765.05068755,879.47834120,879.47900720,0.04123559,1239.11982952,0.01998464,0.01998464,29541,90,0
6765.27996687,6765.27971663,886.45016337,886.45778400,0.04199608,1239.36971952,0.01998464,0.01998464,29540,90,0
6765.50852262,6765.50876123,893.42839360,893.42112103,0.03230361,1239.61817890,0.01998463,0.01998464,29539,90,0
6765.73721053,6765.73782133,900.41318096,900.39454778,0.03985532,1239.86611963,0.01998463,0.01998464,29538,90,0
6765.96659678,6765.96689693,907.40430107,907.39513692,0.03660783,1240.11414169,0.01998464,0.01998464,29537,90,0
6766.19593397,6766.19598805,914.40134983,914.39969735,0.04552535,1240.36141756,0.01998464,0.01998464,29536,90,0
6766.42506523,6766.42509468,921.40392004,921.40301947,0.03974949,1240.60776285,0.01998464,0.01998464,29535,90,0
6766.65468055,6766.65421683,928.41160244,928.42578981,0.04684969,1240.85390177,0.01998464,0.01998464,29534,90,0
6766.88355255,6766.88335448,935.42407510,935.43013847,0.03740713,1241.09850686,0.01998464,0.01998464,29533,90,0
6767.11244859,6767.11250766,942.44156245,942.43975296,0.04267344,1241.34240786,0.01998464,0.01998464,29532,90,0
6767.34204028,6767.34167635,949.46449761,949.47565433,0.03219059,1241.58633021,0.01998464,0.01998464,29531,90,0
6767.57099594,6767.57086057,956.49331626,956.49746970,0.03431493,1241.82887197,0.01998464,0.01998464,29530,90,0
6767.80039913,6767.80006030,963.52845624,963.53886099,0.03390491,1242.07119483,0.01998464,0.01998464,29529,90,0
6768.02974213,6768.02927556,970.57024268,970.58458241,0.03894912,1242.31276959,0.01998464,0.01998464,29528,90,0
6768.25839650,6768.25850634,977.61848571,977.61510707,0.04310285,1242.55292883,0.01998464,0.01998464,29527,90,0
6768.48726623,6768.48775265,984.67284937,984.65787560,0.04249233,1242.79261049,0.01998464,0.01998464,29526,90,0
6768.71699127,6768.71701449,991.73299594,991.73228057,0.04410507,1243.03246620,0.01998464,0.01998464,29525,90,0
6768.94599476,6768.94629185,998.79858605,998.78942741,0.05084081,1243.27083546,0.01998464,0.01998464,29524,90,0
6769.17560923,6769.17558475,1005.86940576,1005.87016098,0.05245850,1243.50909671,0.01998464,0.01998464,29523,90,0
6769.40478649,6769.40489318,1012.94563739,1012.94234383,0.05739062,1243.74616569,0.01998464,0.01998464,29522,90,0
6769.63434764,6769.63421714,1020.02754153,1020.03157310,0.06544757,1243.98289885,0.01998464,0.01998464,29521,90,0
6769.86359784,6769.86355664,1027.11538013,1027.11665407,0.05292373,1244.21858596,0.01998464,0.01998464,29520,90,0
6770.09301843,6770.09291167,1034.20941567,1034.21271913,0.04659090,1244.45372913,0.01998464,0.01998464,29519,90,0
6770.32276620,6770.32228225,1041.30978825,1041.32477567,0.04479972,1244.68848913,0.01998464,0.01998464,29518,90,0
6770.55218695,6770.55166836,1048.41638111,1048.43245388,0.04101355,1244.92219136,0.01998464,0.01998464,29517,90,0
6770.78028914,6770.78107002,1055.52904465,1055.50482414,0.03627231,1245.15382651,0.01998464,0.01998464,29516,90,0
6771.01021248,6771.01048722,1062.64762852,1062.63910053,0.03713269,1245.38657345,0.01998464,0.01998464,29515,90,0
6771.23942101,6771.23991996,1069.77198369,1069.75648439,0.04566545,1245.61785283,0.01998464,0.01998464,29514,90,0
6771.46904162,6771.46936825,1076.90204974,1076.89189581,0.06152886,1245.84879919,0.01998464,0.01998464,29513,90,0
6771.69821884,6771.69883209,1084.03788625,1084.01880842,0.05560265,1246.07855216,0.01998464,0.01998464,29512,90,0
6771.92853733,6771.92831148,1091.17956158,1091.18659301,0.05223204,1246.30869707,0.01998464,0.01998464,29511,90,0
6772.15771603,6772.15780642,1098.32714441,1098.32432796,0.04422652,1246.53695471,0.01998464,0.01998464,29510,90,0
6772.38750743,6772.38731692,1105.48070965,1105.48665017,0.03932667,1246.76507338,0.01998464,0.01998464,29509,90,0
6772.61654420,6772.61684297,1112.64043227,1112.63110896,0.03776043,1246.99169977,0.01998464,0.01998464,29508,90,0
6772.84615109,6772.84638457,1119.80657152,1119.79927942,0.04528822,1247.21815155,0.01998464,0.01998464,29507,90,0
6773.07570712,6773.07594173,1126.97939060,1126.97205662,0.05887886,1247.44381972,0.01998464,0.01998464,29506,90,0
6773.30559402,6773.30551445,1134.15915401,1134.16164364,0.04827345,1247.66908407,0.01998464,0.01998464,29505,90,0
6773.53568812,6773.53510274,1141.34607583,1141.36440894,0.03474893,1247.89382500,0.01998464,0.01998464,29504,90,0
6773.76473026,6773.76470658,1148.53994933,1148.54069158,0.03734494,1248.11680764,0.01998464,0.01998464,29503,90,0
6773.99395591,6773.99432599,1155.74036127,1155.72875171,0.03900039,1248.33922370,0.01998464,0.01998464,29502,90,0
6774.22376330,6774.22396096,1162.94689481,1162.94068926,0.05903588,1248.56144067,0.01998464,0.01998464,29501,90,0
6774.45400689,6774.45361150,1170.15913092,1170.17155234,0.03932624,1248.78329763,0.01998464,0.01998464,29500,90,0
6774.68421969,6774.68327761,1177.37679062,1177.40640742,0.04005713,1249.00433196,0.01998464,0.01998464,29499,90,0
6774.91265415,6774.91295929,1184.60017630,1184.59057613,0.03511971,1249.22288230,0.01998464,0.01998464,29498,90,0
6775.14179107,6775.14265655,1191.82974112,1191.80248976,0.04247684,1249.44133913,0.01998463,0.01998464,29497,90,0
6775.37272483,6775.37236937,1199.06594060,1199.07714285,0.05791679,1249.66074482,0.01998464,0.01998464,29496,90,0
6775.60224756,6775.60209777,1206.30923108,1206.31395608,0.03598291,1249.87806100,0.01998464,0.01998464,29495,90,0
6775.83164040,6775.83184175,1213.55984110,1213.55348369,0.02725169,1250.09451241,0.01998464,0.01998464,29494,90,0
6776.06142516,6776.06160131,1220.81753312,1220.81196663,0.04994402,1250.31058043,0.01998464,0.01998464,29493,90,0
6776.29145938,6776.29137644,1228.08201169,1228.08463496,0.05771949,1250.52611658,0.01998464,0.01998464,29492,90,0
6776.52118586,6776.52116716,1235.35297981,1235.35357179,0.03743164,1250.74058784,0.01998464,0.01998464,29491,90,0
6776.75120436,6776.75097346,1242.63014842,1242.63746325,0.03796734,1250.95454337,0.01998464,0.01998464,29490,90,0
6776.98090238,6776.98079534,1249.91345200,1249.91684538,0.05719214,1251.16740942,0.01998464,0.01998464,29489,90,0
6777.21096167,6777.21063281,1257.20305218,1257.21348660,0.03948448,1251.37982006,0.01998464,0.01998464,29488,90,0
6777.44031370,6777.44048587,1264.49912154,1264.49365427,0.03137563,1251.59079320,0.01998464,0.01998464,29487,90,0
6777.67026507,6777.67035452,1271.80183354,1271.79899064,0.04302751,1251.80153390,0.01998464,0.01998464,29486,90,0
6777.90003641,6777.90023876,1279.11134470,1279.10490809,0.05911247,1252.01132782,0.01998464,0.01998464,29485,90,0
6778.13068183,6778.13013859,1286.42767038,1286.44496591,0.03930800,1252.22113180,0.01998464,0.01998464,29484,90,0
6778.36016891,6778.36005401,1293.75075826,1293.75441946,0.04178256,1252.42909455,0.01998464,0.01998464,29483,90,0
6778.58945248,6778.58998503,1301.08055535,1301.06357119,0.06008538,1252.63608436,0.01998464,0.01998464,29482,90,0
6778.82032201,6778.81993165,1308.41700830,1308.42946783,0.03730519,1252.84370560,0.01998464,0.01998464,29481,90,0
6779.04973098,6779.04989387,1315.76005992,1315.75485632,0.03930725,1253.04921383,0.01998464,0.01998464,29480,90,0
6779.27989442,6779.27987169,1323.10964146,1323.11036841,0.05284820,1253.25459267,0.01998464,0.01998464,29479,90,0
6779.51025072,6779.50986511,1330.46568158,1330.47802005,0.03528222,1253.45933159,0.01998464,0.01998464,29478,90,0
6779.73956076,6779.73987413,1337.82810851,1337.81807398,0.04649885,1253.66232947,0.01998464,0.01998464,29477,90,0
6779.96953210,6779.96989876,1345.19685372,1345.18510344,0.05560798,1253.86509575,0.01998464,0.01998464,29476,90,0
6780.20012768,6780.19993899,1352.57198783,1352.57803984,0.03104886,1254.06759050,0.01998464,0.01998464,29475,90,0
6780.42950407,6780.42999483,1359.95376242,1359.93800873,0.05312816,1254.26820260,0.01998464,0.01998464,29474,90,0
6780.66018733,6780.66006629,1367.34244245,1367.34633150,0.03971337,1254.46914560,0.01998464,0.01998464,29473,90,0
6780.89016089,6780.89015335,1374.73829429,1374.73853659,0.04131791,1254.66866436,0.01998464,0.01998464,29472,90,0
6781.11990710,6781.12025603,1382.14155258,1382.13032080,0.05621366,1254.86718590,0.01998464,0.01998464,29471,90,0
6781.35072236,6781.35037432,1389.55215776,1389.56337083,0.03152967,1255.06582166,0.01998464,0.01998464,29470,90,0
6781.58046074,6781.58050823,1396.96989510,1396.96836366,0.05689186,1255.26271648,0.01998464,0.01998464,29469,90,0
6781.80995630,6781.81065776,1404.39454726,1404.37190864,0.03983998,1255.45858385,0.01998464,0.01998464,29468,90,0
6782.04139482,6782.04082290,1411.82589571,1411.84436873,0.05689951,1255.65527178,0.01998464,0.01998464,29467,90,0
6782.27162462,6782.27100367,1419.26377653,1419.28384951,0.03299407,1255.85009103,0.01998464,0.01998464,29466,90,0
6782.50087563,6782.50120006,1426.70818818,1426.69769193,0.03723589,1256.04324568,0.01998464,0.01998464,29465,90,0
6782.73153831,6782.73141208,1434.15915878,1434.16324601,0.05896002,1256.23674575,0.01998464,0.01998464,29464,90,0
6782.96133951,6782.96163972,1441.61671660,1441.60698823,0.03231863,1256.42867961,0.01998464,0.01998464,29463,90,0
6783.19167811,6783.19188298,1449.08089788,1449.07425336,0.05336943,1256.62021588,0.01998464,0.01998464,29462,90,0
6783.42197716,6783.42214188,1456.55193038,1456.54658352,0.03233256,1256.81087539,0.01998464,0.01998464,29461,90,0
6783.65278806,6783.65241641,1464.03024091,1464.04231626,0.05393167,1257.00112031,0.01998464,0.01998464,29460,90,0
6783.88255481,6783.88270657,1471.51626779,1471.51133229,0.03564381,1257.18967931,0.01998464,0.01998464,29459,90,0
6784.11276520,6784.11301236,1479.01045183,1479.00240506,0.04812391,1257.37778470,0.01998464,0.01998464,29458,90,0
6784.34345041,6784.34333379,1486.51310391,1486.51690480,0.03392084,1257.56546169,0.01998464,0.01998464,29457,90,0
6784.57381443,6784.57367085,1494.02379659,1494.02848056,0.05269150,1257.75204805,0.01998464,0.01998464,29456,90,0
6784.80403421,6784.80402356,1501.54184285,1501.54219075,0.02952706,1257.93766963,0.01998464,0.01998464,29455,90,0
6785.03473629,6785.03439190,1509.06655149,1509.07780473,0.05081125,1258.12280999,0.01998464,0.01998464,29454,90,0
6785.26472551,6785.26477589,1516.59723398,1516.59558685,0.03195390,1258.30649207,0.01998464,0.01998464,29453,90,0
6785.49475575,6785.49517552,1524.13366893,1524.11993329,0.05631286,1258.48931431,0.01998464,0.01998464,29452,90,0
6785.72516049,6785.72559079,1531.67640892,1531.66231714,0.03419638,1258.67155049,0.01998464,0.01998464,29451,90,0
6785.95607337,6785.95602171,1539.22608188,1539.22777533,0.05259596,1258.85331397,0.01998464,0.01998464,29450,90,0
6786.18623436,6786.18646828,1546.78331938,1546.77564444,0.04857874,1259.03362674,0.01998464,0.01998464,29449,90,0
6786.41738641,6786.41693050,1554.34868712,1554.36366098,0.03669829,1259.21386349,0.01998464,0.01998464,29448,90,0
6786.64783166,6786.64740837,1561.92215521,1561.93607132,0.05155570,1259.39269496,0.01998464,0.01998464,29447,90,0
6786.87745718,6786.87790189,1569.50338769,1569.48875404,0.03510404,1259.57003108,0.01998464,0.01998464,29446,90,0
6787.10847341,6787.10841107,1577.09204416,1577.09409740,0.04921394,1259.74756483,0.01998464,0.01998464,29445,90,0
6787.33901063,6787.33893590,1584.68778317,1584.69024668,0.03663980,1259.92384345,0.01998464,0.01998464,29444,90,0
6787.56923758,6787.56947639,1592.29043459,1592.28255597,0.05821054,1260.09899391,0.01998464,0.01998464,29443,90,0
6787.80009765,6787.80003254,1599.90019831,1599.90234823,0.04683328,1260.27373401,0.01998464,0.01998464,29442,90,0
6788.03044847,6788.03060435,1607.51732323,1607.51217131,0.02820629,1260.44720133,0.01998464,0.01998464,29441,90,0
6788.26125810,6788.26119182,1615.14205972,1615.14425233,0.05403608,1260.62012801,0.01998464,0.01998464,29440,90,0
6788.49185867,6788.49179496,1622.77463700,1622.77674655,0.05221984,1260.79201448,0.01998464,0.01998464,29439,90,0
6788.72236286,6788.72241376,1630.41505000,1630.41336274,0.02726450,1260.96294337,0.01998464,0.01998464,29438,90,0
6788.95275711,6788.95304823,1638.06315324,1638.05349469,0.04104285,1261.13289959,0.01998464,0.01998464,29437,90,0
6789.18411471,6789.18369837,1645.71879851,1645.73262376,0.05624727,1261.30266368,0.01998464,0.01998464,29436,90,0
6789.41420976,6789.41436418,1653.38183718,1653.37670489,0.03972406,1261.47059796,0.01998464,0.01998464,29435,90,0
6789.64541084,6789.64504566,1661.05222287,1661.06437091,0.04968105,1261.63842821,0.01998464,0.01998464,29434,90,0
6789.87612524,6789.87574282,1668.73014018,1668.74287349,0.05200611,1261.80499579,0.01998464,0.01998464,29433,90,0
6790.10661339,6790.10645565,1676.41580625,1676.42106363,0.03065640,1261.97049472,0.01998464,0.01998464,29432,90,0
6790.33675267,6790.33718416,1684.10943949,1684.09504446,0.05010605,1262.13484200,0.01998464,0.01998464,29431,90,0
6790.56830855,6790.56792834,1691.81123187,1691.82392864,0.04581052,1262.29929311,0.01998464,0.01998464,29430,90,0
6790.79884099,6790.79868821,1699.52110966,1699.52621677,0.02532378,1262.46210812,0.01998464,0.01998464,29429,90,0
6791.02955512,6791.02946375,1707.23884962,1707.24190654,0.05600382,1262.62413532,0.01998464,0.01998464,29428,90,0
6791.25981748,6791.26025498,1714.96422549,1714.94957397,0.05023385,1262.78492376,0.01998464,0.01998464,29427,90,0
6791.49125867,6791.49106190,1722.69701098,1722.70360635,0.05338556,1262.94560004,0.01998464,0.01998464,29426,90,0
6791.72219791,6791.72188450,1730.43712506,1730.44763911,0.03059396,1263.10498866,0.01998464,0.01998464,29425,90,0
6791.95279524,6791.95272279,1738.18476188,1738.18719468,0.04705527,1263.26320638,0.01998464,0.01998464,29424,90,0
6792.18298102,6792.18357677,1745.94014719,1745.92012378,0.04536331,1263.42021162,0.01998464,0.01998464,29423,90,0
6792.41500065,6792.41444644,1753.70350807,1753.72215341,0.04985817,1263.57752889,0.01998464,0.01998464,29422,90,0
6792.64549610,6792.64533180,1761.47504620,1761.48057901,0.03077317,1263.73288034,0.01998464,0.01998464,29421,90,0
6792.87595064,6792.87623286,1769.25478117,1769.24526773,0.04644858,1263.88727242,0.01998464,0.01998464,29420,90,0
6793.10645928,6793.10714961,1777.04265571,1777.01936236,0.04561976,1264.04076436,0.01998464,0.01998464,29419,90,0
6793.33793702,6793.33808206,1784.83861195,1784.83371306,0.04882085,1264.19395491,0.01998464,0.01998464,29418,90,0
6793.56912380,6793.56903021,1792.64259175,1792.64575565,0.05195732,1264.34600172,0.01998464,0.01998464,29417,90,0
6793.80023694,6793.79999407,1800.45454135,1800.46276012,0.03020384,1264.49704577,0.01998464,0.01998464,29416,90,0
6794.03097133,6794.03097362,1808.27441273,1808.27433511,0.05534634,1264.64688645,0.01998464,0.01998464,29415,90,0
6794.26175326,6794.26196888,1816.10215796,1816.09484814,0.04556519,1264.79579867,0.01998464,0.01998464,29414,90,0
6794.49248484,6794.49297984,1823.93772879,1823.92093148,0.04517461,1264.94371529,0.01998464,0.01998464,29413,90,0
6794.72440316,6794.72400651,1831.78110920,1831.79458171,0.04801225,1265.09141891,0.01998464,0.01998464,29412,90,0
6794.95473354,6794.95504889,1839.63241075,1839.62168937,0.04953007,1265.23714392,0.01998464,0.01998464,29411,90,0
6795.18580208,6795.18610698,1847.49177690,1847.48140075,0.03183389,1265.38236691,0.01998464,0.01998464,29410,90,0
6795.41688546,6795.41718078,1855.35935201,1855.34929220,0.05406738,1265.52662801,0.01998464,0.01998464,29409,90,0
6795.64770286,6795.64827029,1863.23528173,1863.21593303,0.04551166,1265.66975291,0.01998464,0.01998464,29408,90,0
6795.87890094,6795.87937552,1871.11971848,1871.10351939,0.04696036,1265.81214132,0.01998464,0.01998464,29407,90,0
6796.11073794,6796.11049647,1879.01281977,1879.02107052,0.04166172,1265.95394527,0.01998464,0.01998464,29406,90,0
6796.34108012,6796.34163313,1886.91474420,1886.89582801,0.04930171,1266.09386446,0.01998464,0.01998464,29405,90,0
6796.57258860,6796.57278552,1894.82564938,1894.81890652,0.04938788,1266.23351671,0.01998464,0.01998464,29404,90,0
6796.80401211,6796.80395363,1902.74550239,1902.74750718,0.04921147,1266.37213621,0.01998464,0.01998464,29403,90,0
6797.03534793,6797.03513746,1910.67391788,1910.68113942,0.04650326,1266.50971221,0.01998464,0.01998464,29402,90,0
6797.26686916,6797.26633701,1918.61047024,1918.62874619,0.05533791,1266.64639577,0.01998464,0.01998464,29401,90,0
6797.49741425,6797.49755229,1926.55473111,1926.54998609,0.05180455,1266.78149583,0.01998464,0.01998464,29400,90,0
6797.72857542,6797.72878330,1934.50640463,1934.49925271,0.03148782,1266.91593980,0.01998464,0.01998464,29399,90,0
6797.95969517,6797.96003004,1942.46585792,1942.45432635,0.05664159,1267.04934470,0.01998464,0.01998464,29398,90,0
6798.19077823,6798.19129251,1950.43366430,1950.41593647,0.02339407,1267.18172018,0.01998464,0.01998464,29397,90,0
6798.42228272,6798.42257071,1958.41040080,1958.40046263,0.04791383,1267.31333233,0.01998464,0.01998464,29396,90,0
6798.65370621,6798.65386465,1966.39660478,1966.39113089,0.05488500,1267.44389848,0.01998464,0.01998464,29395,90,0
6798.88491886,6798.88517432,1974.39220110,1974.38336601,0.05208704,1267.57334226,0.01998464,0.01998464,29394,90,0
6799.11594778,6799.11649973,1982.39665583,1982.37754738,0.05143242,1267.70166915,0.01998464,0.01998464,29393,90,0
6799.34759521,6799.34784088,1990.40942066,1990.40090747,0.05076640,1267.82930964,0.01998464,0.01998464,29392,90,0
6799.57902172,6799.57919778,1998.42994812,1998.42384206,0.05168515,1267.95578664,0.01998464,0.01998464,29391,90,0
6799.81030922,6799.81057041,2006.45799248,2006.44892600,0.04947082,1268.08114043,0.01998464,0.01998464,29390,90,0
6800.04185677,6800.04195879,2014.49380431,2014.49025992,0.05638665,1268.20558736,0.01998464,0.01998464,29389,90,0
6800.27331914,6800.27336291,2022.53768165,2022.53615941,0.05329892,1268.32894217,0.01998464,0.01998464,29388,90,0
6800.50520158,6800.50478278,2030.58992442,2030.60450379,0.05086373,1268.45147317,0.01998464,0.01998464,29387,90,0
6800.73677932,6800.73621840,2038.65084018,2038.67038705,0.05155185,1268.57279788,0.01998464,0.01998464,29386,90,0
6800.96716606,6800.96766977,2046.72075884,2046.70318695,0.04456198,1268.69246346,0.01998464,0.01998464,29385,90,0
6801.19908370,6801.19913689,2054.80001704,2054.79815954,0.04380208,1268.81188272,0.01998464,0.01998464,29384,90,0
6801.43060752,6801.43061977,2062.88895360,2062.88852541,0.03784755,1268.93005804,0.01998464,0.01998464,29383,90,0
6801.66181914,6801.66211840,2070.98786270,2070.97738729,0.03409324,1269.04703618,0.01998464,0.01998464,29382,90,0
6801.89336407,6801.89363278,2079.09666748,2079.08725041,0.04006806,1269.16313841,0.01998464,0.01998464,29381,90,0
6802.12502732,6802.12516293,2087.21511227,2087.21035443,0.03925137,1269.27824622,0.01998464,0.01998464,29380,90,0
6802.35636394,6802.35670884,2095.34293857,2095.33082533,0.04711935,1269.39213245,0.01998464,0.01998464,29379,90,0
6802.58780143,6802.58827051,2103.47989208,2103.46340050,0.05547363,1269.50500178,0.01998464,0.01998464,29378,90,0
6802.82005192,6802.81984794,2111.62583245,2111.63301148,0.04822418,1269.61718952,0.01998464,0.01998464,29377,90,0
6803.05141536,6803.05144113,2119.78072309,2119.77981512,0.04226208,1269.72787086,0.01998464,0.01998464,29376,90,0
6803.28317359,6803.28305010,2127.94453088,2127.94888614,0.04602215,1269.83765836,0.01998464,0.01998464,29375,90,0
6803.51438124,6803.51467483,2136.11722406,2136.10685969,0.04233417,1269.94610126,0.01998464,0.01998464,29374,90,0
6803.74549158,6803.74631533,2144.29887650,2144.26976614,0.05208539,1270.05341407,0.01998464,0.01998464,29373,90,0
6803.97784123,6803.97797160,2152.48973304,2152.48512091,0.05158451,1270.16020890,0.01998464,0.01998464,29372,90,0
6804.20963656,6804.20964365,2160.69005554,2160.68980465,0.04005897,1270.26565610,0.01998464,0.01998464,29371,90,0
6804.44140355,6804.44133147,2168.90010748,2168.90266331,0.03506451,1270.36999851,0.01998464,0.01998464,29370,90,0
6804.67308863,6804.67303506,2177.12005819,2177.12195984,0.03829258,1270.47321092,0.01998464,0.01998464,29369,90,0
6804.90470793,6804.90475444,2185.34980947,2185.34815671,0.05593437,1270.57529627,0.01998464,0.01998464,29368,90,0
6805.13641615,6805.13648959,2193.58921579,2193.58660317,0.04732349,1270.67631678,0.01998464,0.01998464,29367,90,0
6805.36818742,6805.36824052,2201.83813055,2201.83623940,0.04589346,1270.77625434,0.01998464,0.01998464,29366,90,0
6805.60015109,6805.60000724,2210.09640275,2210.10153098,0.03783906,1270.87515719,0.01998464,0.01998464,29365,90,0
6805.83189722,6805.83178974,2218.36386430,2218.36769998,0.05174608,1270.97284489,0.01998465,0.01998464,29364,90,0
6806.06368367,6806.06358803,2226.64034115,2226.64375795,0.04792372,1271.06942163,0.01998465,0.01998464,29363,90,0
6806.29572884,6806.29540210,2234.92565797,2234.93734162,0.04086679,1271.16497052,0.01998465,0.01998464,29362,90,0
6806.52713693,6806.52723197,2243.21968389,2243.21628220,0.04394177,1271.25912038,0.01998464,0.01998464,29361,90,0
6806.75892548,6806.75907762,2251.52264450,2251.51719317,0.05203902,1271.35228605,0.01998464,0.01998464,29360,90,0
6806.99083146,6806.99093907,2259.83493535,2259.83107542,0.03745344,1271.44435881,0.01998464,0.01998464,29359,90,0
6807.22242553,6807.22281631,2268.15695565,2268.14292273,0.03984987,1271.53517012,0.01998464,0.01998464,29358,90,0
6807.45452393,6807.45470934,2276.48908644,2276.48242040,0.05425150,1271.62503867,0.01998464,0.01998464,29357,90,0
6807.68657892,6807.68661818,2284.83144561,2284.83003273,0.03909716,1271.71374601,0.01998464,0.01998464,29356,90,0
6807.91848361,6807.91854281,2293.18396923,2293.18183580,0.04050280,1271.80124777,0.01998464,0.01998464,29355,90,0
6808.14972176,6808.15048324,2301.54658926,2301.51911842,0.05392246,1271.88735033,0.01998464,0.01998464,29354,90,0
6808.38220322,6808.38243948,2309.91923345,2309.91070078,0.04019467,1271.97275556,0.01998464,0.01998464,29353,90,0
6808.61400118,6808.61441152,2318.30175261,2318.28691654,0.03845004,1272.05674579,0.01998464,0.01998465,29352,90,0
6808.84593769,6808.84639936,2326.69392466,2326.67721476,0.05125760,1272.13961668,0.01998464,0.01998465,29351,90,0
6809.07806652,6809.07840301,2335.09552308,2335.08333150,0.03656752,1272.22137872,0.01998464,0.01998465,29350,90,0
6809.31042702,6809.31042247,2343.50633009,2343.50649502,0.04862227,1272.30203655,0.01998465,0.01998465,29349,90,0
6809.54230868,6809.54245774,2351.92647663,2351.92106470,0.03678244,1272.38134280,0.01998464,0.01998465,29348,90,0
6809.77468042,6809.77450882,2360.35652161,2360.36275929,0.04512241,1272.45963004,0.01998465,0.01998465,29347,90,0
6810.00698329,6810.00657571,2368.79705375,2368.81188680,0.03905324,1272.53670790,0.01998465,0.01998465,29346,90,0
6810.23807339,6810.23865842,2377.24865882,2377.22734060,0.03827324,1272.61220743,0.01998464,0.01998465,29345,90,0
6810.47047790,6810.47075694,2385.71153258,2385.70135166,0.04646052,1272.68695053,0.01998464,0.01998465,29344,90,0
6810.70260177,6810.70287129,2394.18527932,2394.17543429,0.04060718,1272.76040813,0.01998464,0.01998465,29343,90,0
6810.93438164,6810.93500145,2402.66945156,2402.64678539,0.04822574,1272.83255663,0.01998464,0.01998465,29342,90,0
6811.16717422,6811.16714744,2411.16360086,2411.16458146,0.03337872,1272.90380500,0.01998465,0.01998465,29341,90,0
6811.39892530,6811.39930924,2419.66748031,2419.65340935,0.05204400,1272.97351854,0.01998464,0.01998465,29340,90,0
6811.63105745,6811.63148688,2428.18120261,2428.16544721,0.03875152,1273.04212718,0.01998464,0.01998465,29339,90,0
6811.86326161,6811.86368033,2436.70491811,2436.68953834,0.05047087,1273.10953303,0.01998464,0.01998465,29338,90,0
6812.09551471,6812.09588962,2445.23877892,2445.22499299,0.04697976,1273.17572540,0.01998464,0.01998465,29337,90,0
6812.32803805,6812.32811474,2453.78302746,2453.78020439,0.03865702,1273.24076233,0.01998465,0.01998465,29336,90,0
6812.56045789,6812.56035568,2462.33808343,2462.34185074,0.05010362,1273.30453665,0.01998465,0.01998465,29335,90,0
6812.79229435,6812.79261246,2470.90439002,2470.89264960,0.03504280,1273.36692075,0.01998464,0.01998465,29334,90,0
6813.02522477,6813.02488508,2479.48239139,2479.49494504,0.04698945,1273.42836021,0.01998465,0.01998465,29333,90,0
6813.25709496,6813.25717353,2488.07217601,2488.06926901,0.03959656,1273.48828216,0.01998465,0.01998465,29332,90,0
6813.48892593,6813.48947781,2496.67308735,2496.65264225,0.04758808,1273.54694979,0.01998464,0.01998465,29331,90,0
6813.72147251,6813.72179794,2505.28437104,2505.27230212,0.05127375,1273.60453891,0.01998465,0.01998465,29330,90,0
6813.95454679,6813.95413391,2513.90526968,2513.92059734,0.02753011,1273.66098350,0.01998465,0.01998465,29329,90,0
6814.18582999,6814.18648572,2522.53543185,2522.51106399,0.04273257,1273.71572611,0.01998464,0.01998465,29328,90,0
6814.41855384,6814.41885337,2531.17535893,2531.16421553,0.04973145,1273.76953370,0.01998465,0.01998465,29327,90,0
6814.65098479,6814.65123687,2539.82566249,2539.81627343,0.02956741,1273.82199551,0.01998465,0.01998465,29326,90,0
6814.88340500,6814.88363622,2548.48695662,2548.47833429,0.04407141,1273.87317688,0.01998465,0.01998465,29325,90,0
6815.11606670,6815.11605141,2557.15959970,2557.16017076,0.04978230,1273.92312874,0.01998465,0.01998465,29324,90,0
6815.34821631,6815.34848246,2565.84344082,2565.83349154,0.03516727,1273.97168582,0.01998465,0.01998465,29323,90,0
6815.58068552,6815.58092935,2574.53826817,2574.52914191,0.05033088,1274.01901769,0.01998465,0.01998465,29322,90,0
6815.81338813,6815.81339211,2583.24386978,2583.24372085,0.05463763,1274.06509634,0.01998465,0.01998465,29321,90,0
6816.04602890,6816.04587071,2591.96016480,2591.96609916,0.03138688,1274.10985680,0.01998465,0.01998465,29320,90,0
6816.27787429,6816.27836518,2600.68730591,2600.66886839,0.04228131,1274.15316129,0.01998464,0.01998465,29319,90,0
6816.51060301,6816.51087550,2609.42547080,2609.41522382,0.04549019,1274.19531877,0.01998465,0.01998465,29318,90,0
6816.74363689,6816.74340168,2618.17483862,2618.18369418,0.05125429,1274.23621050,0.01998465,0.01998465,29317,90,0
6816.97606218,6816.97594373,2626.93559787,2626.94006309,0.03329876,1274.27567465,0.01998465,0.01998465,29316,90,0
6817.20835529,6817.20850164,2635.70795061,2635.70242678,0.04662287,1274.31379436,0.01998465,0.01998465,29315,90,0
6817.44116525,6817.44107541,2644.49210137,2644.49549689,0.04185308,1274.35066862,0.01998465,0.01998465,29314,90,0
6817.67381932,6817.67366505,2653.28825139,2653.29408935,0.04822317,1274.38618341,0.01998465,0.01998465,29313,90,0
6817.90697338,6817.90627056,2662.09643977,2662.12307111,0.05406125,1274.42043076,0.01998465,0.01998465,29312,90,0
6818.13892338,6818.13889194,2670.91650649,2670.91769953,0.02430200,1274.45316058,0.01998465,0.01998465,29311,90,0
6818.37112074,6818.37152919,2679.74827812,2679.73276231,0.04443514,1274.48458020,0.01998464,0.01998465,29310,90,0
6818.60423317,6818.60418231,2688.59158926,2688.59352370,0.04627738,1274.51476415,0.01998465,0.01998465,29309,90,0
6818.83631037,6818.83685131,2697.44646846,2697.42586869,0.04279116,1274.54345600,0.01998464,0.01998465,29308,90,0
6819.06941434,6819.06953618,2706.31312806,2706.30848213,0.04328841,1274.57090630,0.01998465,0.01998465,29307,90,0
6819.30173552,6819.30223694,2715.19178915,2715.17264518,0.04546704,1274.59689526,0.01998465,0.01998465,29306,90,0
6819.53488798,6819.53495357,2724.08264785,2724.08014049,0.05128070,1274.62159824,0.01998465,0.01998465,29305,90,0
6819.76798531,6819.76768608,2732.98556415,2732.99701797,0.05117541,1274.64490865,0.01998465,0.01998465,29304,90,0
6820.00045309,6820.00043448,2741.90016473,2741.90087808,0.03358487,1274.66676895,0.01998465,0.01998465,29303,90,0
6820.23302000,6820.23319876,2750.82606862,2750.81920964,0.05049855,1274.68724640,0.01998465,0.01998465,29302,90,0
6820.46609769,6820.46597893,2759.76296564,2759.76752791,0.04755240,1274.70636615,0.01998465,0.01998465,29301,90,0
6820.69870505,6820.69877498,2768.71112196,2768.70843233,0.04688313,1274.72404301,0.01998465,0.01998465,29300,90,0
6820.93135835,6820.93158693,2777.67107883,2777.66227625,0.03668697,1274.74031605,0.01998465,0.01998465,29299,90,0
6821.16370768,6821.16441476,2786.64338341,2786.61611671,0.04022508,1274.75515876,0.01998465,0.01998465,29298,90,0
6821.39727832,6821.39725849,2795.62849212,2795.62925763,0.04703127,1274.76865537,0.01998465,0.01998465,29297,90,0
6821.63029855,6821.63011811,2804.62641033,2804.63338721,0.04061246,1274.78069162,0.01998465,0.01998465,29296,90,0
6821.86322404,6821.86299363,2813.63700771,2813.64592853,0.04200327,1274.79129108,0.01998465,0.01998465,29295,90,0
6822.09536226,6822.09588505,2822.66015277,2822.63988469,0.04381553,1274.80042460,0.01998465,0.01998465,29294,90,0
6822.32914633,6822.32879237,2831.69573954,2831.70948059,0.04822684,1274.80817423,0.01998465,0.01998465,29293,90,0
6822.56137165,6822.56171558,2840.74373596,2840.73036716,0.04693951,1274.81442736,0.01998465,0.01998465,29292,90,0
6822.79476914,6822.79465470,2849.80412270,2849.80857663,0.05610521,1274.81925555,0.01998465,0.01998465,29291,90,0
6823.02757510,6823.02760972,2858.87687935,2858.87552984,0.04539346,1274.82261131,0.01998465,0.01998465,29290,90,0
6823.26042230,6823.26058065,2867.96192911,2867.95574989,0.05281955,1274.82450339,0.01998465,0.01998465,29289,90,0
6823.49301429,6823.49356749,2877.05910379,2877.03749028,0.05964689,1274.82492587,0.01998465,0.01998465,29288,90,0
6823.72640259,6823.72657023,2886.16822547,2886.16166762,0.05312485,1274.82387015,0.01998465,0.01998465,29287,90,0
6823.95989548,6823.95958889,2895.28913353,2895.30114179,0.04252372,1274.82132542,0.01998465,0.01998465,29286,90,0
6824.19217550,6824.19262346,2904.42203388,2904.40446652,0.04052245,1274.81731127,0.01998465,0.01998465,29285,90,0
6824.42558428,6824.42567394,2913.56746904,2913.56394823,0.04298791,1274.81178224,0.01998465,0.01998465,29284,90,0
6824.65887060,6824.65874034,2922.72599818,2922.73112057,0.04320099,1274.80475214,0.01998465,0.01998465,29283,90,0
6824.89130733,6824.89182265,2931.89811047,2931.87781757,0.05381607,1274.79624587,0.01998465,0.01998465,29282,90,0
6825.12485575,6825.12492088,2941.08369951,2941.08113111,0.04554944,1274.78618302,0.01998465,0.01998465,29281,90,0
6825.35765268,6825.35803504,2950.28236909,2950.26727117,0.04486688,1274.77463476,0.01998465,0.01998465,29280,90,0
6825.59138063,6825.59116511,2959.49371773,2959.50223851,0.03952564,1274.76151049,0.01998465,0.01998465,29279,90,0
6825.82426153,6825.82431111,2968.71750442,2968.71554158,0.04460007,1274.74690386,0.01998465,0.01998465,29278,90,0
6826.05734569,6826.05747304,2977.95408177,2977.94903360,0.04894601,1274.73074904,0.01998465,0.01998465,29277,90,0
6826.29059209,6826.29065089,2987.20394059,2987.20160638,0.05325686,1274.71303845,0.01998465,0.01998465,29276,90,0
6826.52360776,6826.52384467,2996.46757251,2996.45815476,0.03630277,1274.69379548,0.01998465,0.01998465,29275,90,0
6826.75654363,6826.75705438,3005.74523853,3005.72490506,0.03931343,1274.67300383,0.01998465,0.01998465,29274,90,0
6826.99016987,6826.99028002,3015.03681420,3015.03242272,0.05388885,1274.65058247,0.01998465,0.01998465,29273,90,0
6827.22340646,6827.22352159,3024.34213761,3024.33754117,0.04804036,1274.62662603,0.01998465,0.01998465,29272,90,0
6827.45653405,6827.45677910,3033.66106139,3033.65126431,0.03321264,1274.60110481,0.01998465,0.01998465,29271,90,0
6827.69051770,6827.69005255,3042.99366950,3043.01229194,0.04793696,1274.57389901,0.01998465,0.01998465,29270,90,0
6827.92335569,6827.92334194,3052.34022230,3052.34077374,0.04287602,1274.54523721,0.01998465,0.01998465,29269,90,0
6828.15619300,6828.15664726,3061.70098668,3061.68274737,0.04142581,1274.51498286,0.01998465,0.01998465,29268,90,0
6828.38990128,6828.38996853,3071.07610501,3071.07340095,0.04724431,1274.48300666,0.01998465,0.01998465,29267,90,0
6828.62313578,6828.62330574,3080.46508478,3080.45824139,0.04535074,1274.44948364,0.01998465,0.01998465,29266,90,0
6828.85702646,6828.85665889,3089.86722989,3089.88204935,0.05735797,1274.41424568,0.01998465,0.01998465,29265,90,0
6829.08969017,6829.09002799,3099.28184302,3099.26820604,0.03746666,1274.37757914,0.01998465,0.01998465,29264,90,0
6829.32373861,6829.32341304,3108.70877265,3108.72193132,0.04983197,1274.33906564,0.01998465,0.01998465,29263,90,0
6829.55682372,6829.55681404,3118.14890457,3118.14929636,0.04163245,1274.29907766,0.01998465,0.01998465,29262,90,0
6829.79513438,6829.79023099,0.00000000,3127.80537294,0.13974489,1274.25648213,0.01998466,0.01998465,29261,90,1
6830.02375754,6830.02366390,3137.07275683,3137.07655837,0.04503190,1274.21402534,0.01998465,0.01998465,29260,90,0
6830.25693763,6830.25711276,3146.55755289,3146.55043243,0.03458927,1274.16906268,0.01998465,0.01998465,29259,90,0
6830.49048094,6830.49057757,3156.05713517,3156.05320032,0.05023370,1274.12236102,0.01998465,0.01998465,29258,90,0
6830.72401043,6830.72405834,3165.57098466,3165.56903090,0.03710283,1274.07398775,0.01998465,0.01998465,29257,90,0
6830.95727630,6830.95755507,3175.09873044,3175.08734703,0.05170627,1274.02399286,0.01998465,0.01998465,29256,90,0
6831.19080153,6831.19106777,3184.64061893,3184.62973198,0.03670175,1273.97225646,0.01998465,0.01998465,29255,90,0
6831.42443832,6831.42459642,3194.19705624,3194.19058134,0.05677298,1273.91879829,0.01998465,0.01998465,29254,90,0
6831.65759282,6831.65814104,3203.76844475,3203.74595963,0.04825801,1273.86374908,0.01998465,0.01998465,29253,90,0
6831.89239972,6831.89170163,3213.35489059,3213.38356470,0.03684929,1273.80658419,0.01998465,0.01998465,29252,90,0
6832.12513282,6832.12527819,3222.95610224,3222.95012254,0.04753828,1273.74821011,0.01998465,0.01998465,29251,90,0
6832.35843690,6832.35887071,3232.57175781,3232.55388766,0.04196345,1273.68797511,0.01998465,0.01998465,29250,90,0
6832.59216168,6832.59247920,3242.20160008,3242.18850182,0.04664349,1273.62590187,0.01998465,0.01998465,29249,90,0
6832.82606630,6832.82610367,3251.84585808,3251.84431411,0.04624270,1273.56203943,0.01998465,0.01998465,29248,90,0
6833.05996500,6833.05974411,3261.50497744,3261.51411601,0.03742619,1273.49642663,0.01998465,0.01998465,29247,90,0
6833.29323213,6833.29340053,3271.17940747,3271.17242960,0.05178115,1273.42923589,0.01998465,0.01998465,29246,90,0
6833.52668715,6833.52707293,3280.86943532,3280.85342560,0.04971312,1273.36022682,0.01998465,0.01998465,29245,90,0
6833.76116712,6833.76076130,3290.57502186,3290.59188922,0.03322085,1273.28913100,0.01998465,0.01998465,29244,90,0
6833.99393469,6833.99446566,3300.29608877,3300.27398628,0.04723384,1273.21677939,0.01998465,0.01998465,29243,90,0
6834.22830049,6834.22818599,3310.03255885,3310.03733240,0.04817322,1273.14213740,0.01998465,0.01998465,29242,90,0
6834.46172622,6834.46192231,3319.78437421,3319.77618653,0.05095626,1273.06599896,0.01998465,0.01998465,29241,90,0
6834.69565674,6834.69567462,3329.55148823,3329.55074028,0.05271727,1272.98789078,0.01998465,0.01998465,29240,90,0
6834.92929992,6834.92944292,3339.33385435,3339.32786589,0.03462519,1272.90806787,0.01998465,0.01998465,29239,90,0
6835.16338353,6835.16322720,3349.13157036,3349.13812706,0.04465844,1272.82627162,0.01998465,0.01998465,29238,90,0
6835.39696684,6835.39702748,3358.94508276,3358.94253566,0.04999018,1272.74282022,0.01998465,0.01998465,29237,90,0
6835.63089751,6835.63084374,3368.77489328,3368.77715569,0.04744661,1272.65740056,0.01998465,0.01998465,29236,90,0
6835.86470926,6835.86467600,3378.62146271,3378.62286413,0.04732084,1272.57016817,0.01998465,0.01998465,29235,90,0
6836.09853885,6836.09852426,3388.48472958,3388.48534565,0.02919601,1272.48106560,0.01998465,0.01998465,29234,90,0
6836.33242161,6836.33238851,3398.36429414,3398.36569339,0.05379930,1272.39007414,0.01998465,0.01998465,29233,90,0
6836.56692043,6836.56626877,3408.25974768,3408.28734053,0.04566621,1272.29696266,0.01998465,0.01998465,29232,90,0
6836.79994990,6836.80016502,3418.17085007,3418.16172760,0.04618445,1272.20256405,0.01998465,0.01998465,29231,90,0
6837.03371899,6837.03407727,3428.09776190,3428.08254502,0.04295702,1272.10598308,0.01998465,0.01998465,29230,90,0
6837.26854792,6837.26800553,3438.04070268,3438.06377438,0.04460991,1272.00705570,0.01998465,0.01998465,29229,90,0
6837.50207867,6837.50194980,3447.99989745,3448.00538819,0.04339292,1271.90676806,0.01998465,0.01998465,29228,90,0
6837.73588520,6837.73591007,3457.97560741,3457.97454637,0.04629401,1271.80444609,0.01998465,0.01998465,29227,90,0
6837.96941010,6837.96988635,3467.96811536,3467.94775943,0.04071292,1271.70032278,0.01998465,0.01998465,29226,90,0
6838.20404261,6838.20387864,3477.97770504,3477.98472514,0.03737232,1271.59375709,0.01998465,0.01998465,29225,90,0
6838.43789667,6838.43788694,3488.00447758,3488.00489489,0.04340718,1271.48559202,0.01998465,0.01998465,29224,90,0
6838.67162797,6838.67191126,3498.04819625,3498.03602861,0.04096402,1271.37552969,0.01998465,0.01998465,29223,90,0
6838.90635594,6838.90595159,3508.10858568,3508.12598060,0.03771124,1271.26302667,0.01998465,0.01998465,29222,90,0
6839.13940153,6839.14000794,3518.18536676,3518.15923932,0.04360747,1271.14937061,0.01998465,0.01998465,29221,90,0
6839.37355278,6839.37408030,3528.27825231,3528.25548901,0.04559940,1271.03320428,0.01998465,0.01998465,29220,90,0
6839.60803392,6839.60816869,3538.38695007,3538.38112577,0.04997556,1270.91488986,0.01998465,0.01998465,29219,90,0
6839.84279950,6839.84227310,3548.51119088,3548.53397272,0.04417115,1270.79443786,0.01998465,0.01998465,29218,90,0
6840.07634213,6840.07639353,3558.65151775,3558.64928936,0.04768296,1270.67261937,0.01998465,0.01998465,29217,90,0
6840.31075700,6840.31052999,3568.80943384,3568.81929123,0.04250190,1270.54831946,0.01998465,0.01998465,29216,90,0
6840.54456194,6840.54468248,3578.98651181,3578.98126797,0.04021702,1270.42229232,0.01998465,0.01998465,29215,90,0
6840.77873963,6840.77885099,3589.18370291,3589.17884927,0.04064045,1270.29398966,0.01998465,0.01998465,29214,90,0
6841.01292324,6841.01303553,3599.39979003,3599.39488753,0.04871215,1270.16361289,0.01998465,0.01998465,29213,90,0
6841.25337067,nan,0.00000000,3609.91453791,0.28962727,1270.02743515,0.01998467,0.01998465,29212,90,1
6841.48182996,6841.48145271,3619.88206256,3619.89858254,0.04193054,1269.89638339,0.01998465,0.01998465,29211,90,0
6841.71593923,6841.71568536,3630.14746853,3630.15860421,0.03928162,1269.75987544,0.01998465,0.01998465,29210,90,0
6841.94984650,6841.94993404,3640.43140907,3640.42756235,0.04676998,1269.62138777,0.01998465,0.01998465,29209,90,0
6842.18452818,6842.18419875,3650.73601280,3650.75051802,0.05362083,1269.48029580,0.01998465,0.01998465,29208,90,0
6842.41787524,6842.41847951,3661.06191748,3661.03525922,0.04084986,1269.33785584,0.01998465,0.01998465,29207,90,0
6842.65334865,6842.65277631,3671.40745029,3671.43274397,0.04537479,1269.19195707,0.01998465,0.01998465,29206,90,0
6842.88730808,6842.88708915,3681.77072449,3681.78041445,0.04944416,1269.04486355,0.01998465,0.01998465,29205,90,0
6843.12101862,6843.12141804,3692.15041860,3692.13271239,0.04379084,1268.89581407,0.01998465,0.01998465,29204,90,0
6843.35539457,6843.35576298,3702.54746947,3702.53111075,0.04791399,1268.74419788,0.01998465,0.01998465,29203,90,0
6843.59010169,6843.59012396,3712.96337512,3712.96238446,0.03595924,1268.59018637,0.01998465,0.01998465,29202,90,0
6843.82465759,6843.82450099,3723.39950186,3723.40648144,0.04877127,1268.43406329,0.01998465,0.01998465,29201,90,0
6844.05899916,6844.05889407,3733.85571654,3733.86040863,0.04652506,1268.27586741,0.01998465,0.01998465,29200,90,0
6844.29341842,6844.29330321,3744.33099530,3744.33614804,0.05483775,1268.11540894,0.01998465,0.01998465,29199,90,0
6844.52759594,6844.52772840,3754.82431031,3754.81837618,0.04255331,1267.95291507,0.01998465,0.01998465,29198,90,0
6844.76181101,6844.76216965,3765.33529484,3765.31920227,0.04565598,1267.78819141,0.01998465,0.01998465,29197,90,0
6844.99712218,6844.99662696,3775.86442195,3775.88668075,0.04436341,1267.62046074,0.01998465,0.01998465,29196,90,0
6845.23095387,6845.23110032,3786.41222305,3786.40562928,0.04764726,1267.45154654,0.01998465,0.01998465,29195,90,0
6845.46469117,6845.46558975,3796.97914610,3796.93861774,0.04074319,1267.28045396,0.01998465,0.01998465,29194,90,0
6845.70029899,6845.70009524,3807.56541103,3807.57461729,0.04447014,1267.10570543,0.01998465,0.01998465,29193,90,0
6845.93426888,6845.93461679,3818.17120242,3818.15545459,0.04645655,1266.92988667,0.01998465,0.01998465,29192,90,0
6846.16890923,6846.16915441,3828.79667917,3828.78556126,0.05060659,1266.75126432,0.01998465,0.01998465,29191,90,0
6846.40359921,6846.40370810,3839.44185055,3839.43690397,0.04460174,1266.57028997,0.01998465,0.01998465,29190,90,0
6846.63800352,6846.63827786,3850.10667405,3850.09418989,0.05346224,1266.38721614,0.01998465,0.01998465,29189,90,0
6846.87243623,6846.87286369,3860.79116249,3860.77167588,0.03439849,1266.20179088,0.01998465,0.01998465,29188,90,0
6847.10749438,6847.10746559,3871.49598399,3871.49729892,0.04354809,1266.01351007,0.01998465,0.01998465,29187,90,0
6847.34223371,6847.34208357,3882.22223883,3882.22910991,0.04718968,1265.82309508,0.01998465,0.01998465,29186,90,0
6847.57683789,6847.57671763,3892.97100575,3892.97652104,0.06225861,1265.63037304,0.01998465,0.01998465,29185,90,0
6847.81201140,6847.81136776,3903.74220060,3903.77177469,0.03617026,1265.43474813,0.01998465,0.01998465,29184,90,0
6848.04644505,6848.04603397,3914.53441558,3914.55333785,0.05211196,1265.23732602,0.01998465,0.01998465,29183,90,0
6848.28033228,6848.28071626,3925.34616745,3925.32846310,0.04759608,1265.03797998,0.01998465,0.01998465,29182,90,0
6848.51329917,6848.51541463,0.00000000,3936.09349939,0.06527103,1264.83678257,0.01998465,0.01998465,29181,90,1
6848.75026922,6848.75012909,3947.02937054,3947.03585597,0.03745247,1264.63018373,0.01998465,0.01998465,29180,90,0
6848.98447280,6848.98485964,3957.90501798,3957.88707491,0.05714897,1264.42322782,0.01998465,0.01998465,29179,90,0
6849.21956125,6849.21960627,3968.80522537,3968.80313268,0.03819622,1264.21294794,0.01998465,0.01998465,29178,90,0
6849.45450000,6849.45436900,3979.72766823,3979.73376855,0.04849378,1264.00028981,0.01998465,0.01998465,29177,90,0
6849.68856485,6849.68914781,3990.66934201,3990.64215350,0.04369093,1263.78597252,0.01998465,0.01998465,29176,90,0
6849.92347087,6849.92394272,4001.62813180,4001.60609132,0.04252511,1263.56845820,0.01998465,0.01998465,29175,90,0
6850.15842903,6850.15875372,4012.60630712,4012.59111229,0.04939023,1263.34840896,0.01998465,0.01998465,29174,90,0
6850.39394661,6850.39358081,4023.60747650,4023.62463248,0.04747898,1263.12525582,0.01998465,0.01998465,29173,90,0
6850.62761338,6850.62842401,4034.63473654,4034.59662919,0.05137698,1262.90122813,0.01998465,0.01998465,29172,90,0
6850.86395284,6850.86328330,4045.68724623,4045.71878755,0.04544303,1262.67197827,0.01998466,0.01998465,29171,90,0
6851.09750544,6851.09815870,4056.76242118,4056.73158977,0.04613839,1262.44284394,0.01998465,0.01998465,29170,90,0
6851.33265818,6851.33305019,4067.85785540,4067.83932223,0.04779258,1262.20957929,0.01998465,0.01998465,29169,90,0
6851.56869274,6851.56795780,4078.97337465,4079.00818294,0.02773050,1261.97284900,0.01998466,0.01998465,29168,90,0
nan,nan,0.00000000,-1.00000000,0.00000000,1261.73773544,nan,0.00000000,-2147483648,90,1
nan,nan,0.00000000,-1.00000000,0.00000000,1257.18484952,nan,0.00000000,-2147483648,89,1
nan,nan,0.00000000,-1.00000000,0.00000000,1257.49539737,nan,0.00000000,-2147483648,89,1
6810.93414222,6810.93500145,13.12071805,13.09704835,0.05026953,1257.81030508,0.01998464,0.01998465,29342,89,0
6811.16613186,6811.16714744,19.51776986,19.48977558,0.04228379,1258.13976647,0.01998464,0.01998465,29341,89,0
6811.39914876,6811.39930924,25.91936988,25.91494327,0.03425364,1258.47015922,0.01998465,0.01998465,29340,89,0
6811.63135941,6811.63148688,32.32558317,32.32206487,0.06089194,1258.79888476,0.01998465,0.01998465,29339,89,0
6811.86316556,6811.86368033,38.73646659,38.72224894,0.04226797,1259.12651734,0.01998465,0.01998465,29338,89,0
6812.09521306,6812.09588962,45.15194963,45.13325177,0.03730922,1259.45396526,0.01998465,0.01998465,29337,89,0
6812.32806259,6812.32811474,51.57186239,51.57042036,0.04024335,1259.78200597,0.01998465,0.01998465,29336,89,0
6812.56054522,6812.56035568,57.99603168,58.00127615,0.05494304,1260.10898091,0.01998465,0.01998465,29335,89,0
6812.79150748,6812.79261246,64.42428355,64.39369229,0.05195267,1260.43326435,0.01998464,0.01998465,29334,89,0
6813.02511420,6813.02488508,70.85644421,70.86279071,0.04680465,1260.76068973,0.01998465,0.01998465,29333,89,0
6813.25684343,6813.25717353,77.29245545,77.28330703,0.04984839,1261.08491206,0.01998465,0.01998465,29332,89,0
6813.48902210,6813.48947781,83.73249153,83.71985442,0.04787622,1261.40919984,0.01998465,0.01998465,29331,89,0
6813.71997427,6813.72179794,90.17675514,90.12615368,0.07845388,1261.73122387,0.01998464,0.01998465,29330,89,0
6813.95455766,6813.95413391,96.62544982,96.63721519,0.05798663,1262.05775772,0.01998465,0.01998465,29329,89,0
6814.18660369,6814.18648572,103.07877993,103.08205764,0.02936745,1262.38021986,0.01998465,0.01998465,29328,89,0
6814.41898984,6814.41885337,109.53691995,109.54071404,0.04831701,1262.70262383,0.01998465,0.01998465,29327,89,0
6814.65102926,6814.65123687,115.99987952,115.99410365,0.04388198,1263.02401566,0.01998465,0.01998465,29326,89,0
6814.88426810,6814.88363622,122.46761280,122.48520407,0.03498927,1263.34653005,0.01998465,0.01998465,29325,89,0
6815.11668008,6815.11605141,128.94007371,128.95758697,0.05412643,1263.66736003,0.01998465,0.01998465,29324,89,0
6815.34912129,6815.34848246,135.41721601,135.43502402,0.05581781,1263.98768631,0.01998465,0.01998465,29323,89,0
6815.58170958,6815.58092935,141.89899227,141.92075578,0.03856197,1264.30766682,0.01998465,0.01998465,29322,89,0
6815.81261821,6815.81339211,148.38534010,148.36373939,0.06227608,1264.62478931,0.01998465,0.01998465,29321,89,0
6816.04556815,6816.04587071,154.87618491,154.86773476,0.06126960,1264.94415765,0.01998465,0.01998465,29320,89,0
6816.27910103,6816.27836518,161.37145146,161.39201533,0.04633848,1265.26375777,0.01998465,0.01998465,29319,89,0
6816.51094034,6816.51087550,167.87106417,167.87287731,0.03559580,1265.58047314,0.01998465,0.01998465,29318,89,0
6816.74352696,6816.74340168,174.37494819,174.37845335,0.06082770,1265.89763662,0.01998465,0.01998465,29317,89,0
6816.97693734,6816.97594373,180.88311913,180.91093584,0.02649424,1266.21534605,0.01998465,0.01998465,29316,89,0
6817.20833761,6817.20850164,187.39575281,187.39115775,0.04380444,1266.52975556,0.01998465,0.01998465,29315,89,0
6817.44126924,6817.44107541,193.91304210,193.91847555,0.04192932,1266.84568667,0.01998465,0.01998465,29314,89,0
6817.67410649,6817.67366505,200.43518071,200.44756358,0.04231633,1267.16093697,0.01998465,0.01998465,29313,89,0
6817.90545057,6817.90627056,206.96236316,206.93934504,0.04493257,1267.47362592,0.01998464,0.01998465,29312,89,0
6818.13856289,6818.13889194,213.49471783,213.48547442,0.05721531,1267.78816524,0.01998465,0.01998465,29311,89,0
6818.37102609,6818.37152919,220.03211133,220.01796894,0.01811453,1268.10128123,0.01998465,0.01998465,29310,89,0
6818.60460425,6818.60418231,226.57434545,226.58621432,0.04006683,1268.41533712,0.01998465,0.01998465,29309,89,0
6818.83602214,6818.83685131,233.12122112,233.09788258,0.02117690,1268.72592200,0.01998464,0.01998465,29308,89,0
6819.06935307,6819.06953618,239.67253841,239.66738136,0.05100028,1269.03849251,0.01998465,0.01998465,29307,89,0
6819.30176789,6819.30223694,246.22812148,246.21490395,0.06014115,1269.34924520,0.01998465,0.01998465,29306,89,0
6819.53670231,6819.53495357,252.78801210,252.83732125,0.03558068,1269.66276828,0.01998465,0.01998465,29305,89,0
6819.76885640,6819.76768608,259.35236517,259.38538496,0.04373791,1269.97199584,0.01998465,0.01998465,29304,89,0
6820.00061163,6820.00043448,265.92133718,265.92633868,0.04077011,1270.28011784,0.01998465,0.01998465,29303,89,0
6820.23247805,6820.23319876,272.49508533,272.47472402,0.05108062,1270.58781924,0.01998464,0.01998465,29302,89,0
6820.46616455,6820.46597893,279.07376372,279.07901144,0.03784708,1270.89736640,0.01998465,0.01998465,29301,89,0
6820.70560258,nan,0.00000000,285.85734504,0.08748892,1271.21425560,0.01998467,0.01998465,29300,89,1
6820.93301879,6820.93158693,292.24612175,292.28665819,0.06456444,1271.51406449,0.01998465,0.01998465,29299,89,0
6821.16517620,6821.16441476,298.83978350,298.86135470,0.03927893,1271.81988410,0.01998465,0.01998465,29298,89,0
6821.39754326,6821.39725849,305.43841952,305.44649236,0.04696599,1272.12541021,0.01998465,0.01998465,29297,89,0
6821.62882251,6821.63011811,312.04201918,312.00526504,0.03999018,1272.42893797,0.01998464,0.01998465,29296,89,0
6821.86267932,6821.86299363,318.65058241,318.64165982,0.04937331,1272.73527059,0.01998465,0.01998465,29295,89,0
6822.09522448,6822.09588505,325.26412747,325.24536256,0.05817090,1273.03930805,0.01998465,0.01998465,29294,89,0
6822.32959081,6822.32879237,331.88267457,331.90537179,0.04079282,1273.34514363,0.01998465,0.01998465,29293,89,0
6822.56152709,6822.56171558,338.50624399,338.50088191,0.05657702,1273.64723129,0.01998465,0.01998465,29292,89,0
6822.79503228,6822.79465470,345.13485606,345.14560442,0.06365006,1273.95078195,0.01998465,0.01998465,29291,89,0
6823.02818537,6823.02760972,351.76850896,351.78490672,0.04912160,1274.25329204,0.01998465,0.01998465,29290,89,0
6823.26096526,6823.26058065,358.40713302,358.41809632,0.04962865,1274.55473205,0.01998465,0.01998465,29289,89,0
6823.49392412,6823.49356749,365.05064537,365.06081800,0.01487449,1274.85581234,0.01998465,0.01998465,29288,89,0
6823.72554234,6823.72657023,371.69896281,371.66962441,0.05061146,1275.15456804,0.01998465,0.01998465,29287,89,0
6823.95961959,6823.95958889,378.35200172,378.35287848,0.05006935,1275.45589050,0.01998465,0.01998465,29286,89,0
6824.19155101,6824.19262346,385.00970162,384.97905245,0.03798487,1275.75384653,0.01998465,0.01998465,29285,89,0
6824.42515519,6824.42567394,391.67212431,391.65728948,0.05870626,1276.05334483,0.01998465,0.01998465,29284,89,0
6824.65910766,6824.65874034,398.33937168,398.34988297,0.06281437,1276.35268242,0.01998465,0.01998465,29283,89,0
6824.89160278,6824.89182265,405.01154606,405.00524994,0.03797194,1276.64955630,0.01998465,0.01998465,29282,89,0
6825.12471623,6825.12492088,411.68875024,411.68288585,0.05257765,1276.94662306,0.01998465,0.01998465,29281,89,0
6825.35771164,6825.35803504,418.37107897,418.36180528,0.04278453,1277.24294489,0.01998465,0.01998465,29280,89,0
6825.59009530,6825.59116511,425.05855396,425.02785517,0.06211833,1277.53789595,0.01998465,0.01998465,29279,89,0
6825.82426610,6825.82431111,431.75115948,431.74986690,0.03934133,1277.83451404,0.01998465,0.01998465,29278,89,0
6826.05751476,6826.05747304,438.44887939,438.45007827,0.03643540,1278.12936163,0.01998465,0.01998465,29277,89,0
6826.29113253,6826.29065089,445.15169749,445.16554734,0.06015577,1278.42407067,0.01998465,0.01998465,29276,89,0
6826.52385323,6826.52384467,451.85959830,451.85984459,0.03475667,1278.71704352,0.01998465,0.01998465,29275,89,0
6826.75697912,6826.75705438,458.57257774,458.57041070,0.04176410,1279.00991965,0.01998465,0.01998465,29274,89,0
6826.99066416,6826.99028002,465.29064021,465.30170912,0.05563558,1279.30288717,0.01998465,0.01998465,29273,89,0
6827.22361798,6827.22352159,472.01379036,472.01656975,0.02875048,1279.59432754,0.01998465,0.01998465,29272,89,0
6827.45584190,6827.45677910,478.74203282,478.71499020,0.05475823,1279.88424662,0.01998465,0.01998465,29271,89,0
6827.68951547,6827.69005255,485.47536984,485.45986191,0.04493757,1280.17536102,0.01998465,0.01998465,29270,89,0
6827.92363022,6827.92334194,492.21374612,492.22207580,0.06104255,1280.46640278,0.01998465,0.01998465,29269,89,0
6828.15682288,6828.15664726,498.95704749,498.96212518,0.02091348,1280.75567245,0.01998465,0.01998465,29268,89,0
6828.39027725,6828.38996853,505.70515661,505.71408816,0.05413810,1281.04463446,0.01998465,0.01998465,29267,89,0
6828.62394918,6828.62330574,512.45795558,512.47658259,0.04493006,1281.33322558,0.01998465,0.01998465,29266,89,0
6828.85712927,6828.85665889,519.21533071,519.22895578,0.05805154,1281.62056438,0.01998465,0.01998465,29265,89,0
6829.09004281,6829.09002799,525.97735988,525.97778938,0.02820530,1281.90693342,0.01998465,0.01998465,29264,89,0
6829.32252689,6829.32341304,532.74437585,532.71867272,0.05663735,1282.19214765,0.01998465,0.01998465,29263,89,0
6829.55715188,6829.55681404,539.51673040,539.52653681,0.04810139,1282.47936671,0.01998465,0.01998465,29262,89,0
6829.79058783,6829.79023099,546.29477690,546.30514298,0.05536500,1282.76452348,0.01998465,0.01998465,29261,89,0
6830.02386522,6830.02366390,553.07886643,553.08471983,0.04293536,1283.04889477,0.01998465,0.01998465,29260,89,0
6830.25637996,6830.25711276,559.86907539,559.84775256,0.06221416,1283.33174877,0.01998465,0.01998465,29259,89,0
6830.49028533,6830.49057757,566.66502732,566.65651730,0.05234431,1283.61568475,0.01998465,0.01998465,29258,89,0
6830.72423974,6830.72405834,573.46630200,573.47158786,0.04152916,1283.89904905,0.01998465,0.01998465,29257,89,0
6830.95730539,6830.95755507,580.27247723,580.26519695,0.05235538,1284.18068992,0.01998465,0.01998465,29256,89,0
6831.19206569,6831.19106777,587.08313110,587.11224457,0.05162189,1284.46370660,0.01998465,0.01998465,29255,89,0
6831.42484316,6831.42459642,593.89810586,593.90530845,0.02326666,1284.74365897,0.01998465,0.01998465,29254,89,0
6831.65760527,6831.65814104,600.71775764,600.70210740,0.05583404,1285.02293498,0.01998465,0.01998465,29253,89,0
6831.89174384,6831.89170163,607.54250300,607.54373684,0.03488553,1285.30321427,0.01998465,0.01998465,29252,89,0
6832.12548691,6832.12527819,614.37276044,614.37886644,0.04315806,1285.58238697,0.01998465,0.01998465,29251,89,0
6832.35884301,6832.35887071,621.20894919,621.20813811,0.05242747,1285.86048159,0.01998465,0.01998465,29250,89,0
6832.59284035,6832.59247920,628.05126321,628.06184530,0.05659956,1286.13872827,0.01998465,0.01998465,29249,89,0
6832.82538744,6832.82610367,634.89940561,634.87840304,0.02486041,1286.41462915,0.01998465,0.01998465,29248,89,0
6833.05975390,6833.05974411,641.75301385,641.75330103,0.05690073,1286.69204528,0.01998465,0.01998465,29247,89,0
6833.29227243,6833.29340053,648.61172370,648.57859911,0.05269617,1286.96661943,0.01998465,0.01998465,29246,89,0
6833.52702797,6833.52707293,655.47517007,655.47384914,0.04468630,1287.24315730,0.01998465,0.01998465,29245,89,0
6833.76067648,6833.76076130,662.34320331,662.34070967,0.05280947,1287.51770716,0.01998465,0.01998465,29244,89,0
6833.99461048,6833.99446566,669.21617154,669.22043221,0.04691764,1287.79192121,0.01998465,0.01998465,29243,89,0
6834.22974626,6834.22818599,676.09449414,676.14042965,0.06343001,1288.06688222,0.01998465,0.01998465,29242,89,0
6834.46242433,6834.46192231,682.97859250,682.99338411,0.02172964,1288.33833096,0.01998465,0.01998465,29241,89,0
6834.69538735,6834.69567462,689.86888905,689.86041761,0.05675059,1288.60949056,0.01998465,0.01998465,29240,89,0
6834.92938424,6834.92944292,696.76558020,696.76384826,0.05011081,1288.88123293,0.01998465,0.01998465,29239,89,0
6835.16307764,6835.16322720,703.66833811,703.66392034,0.05146027,1289.15198704,0.01998465,0.01998465,29238,89,0
6835.39676758,6835.39702748,710.57675973,710.56907752,0.03940235,1289.42208390,0.01998465,0.01998465,29237,89,0
6835.63098404,6835.63084374,717.49044004,717.49458977,0.03543627,1289.69211605,0.01998465,0.01998465,29236,89,0
6835.86509330,6835.86467600,724.40897320,724.42132360,0.03884766,1289.96133345,0.01998465,0.01998465,29235,89,0
6836.09856537,6836.09852426,731.33216834,731.33338569,0.04358747,1290.22912091,0.01998465,0.01998465,29234,89,0
6836.33238574,6836.33238851,738.26030769,738.26022541,0.05042271,1290.49661933,0.01998465,0.01998465,29233,89,0
6836.56643122,6836.56626877,745.19373750,745.19855518,0.05201385,1290.76369687,0.01998465,0.01998465,29232,89,0
6836.79998008,6836.80016502,752.13280567,752.12731692,0.06099697,1291.02954259,0.01998465,0.01998465,29231,89,0
6837.03459562,6837.03407727,759.07786050,759.09325689,0.05719530,1291.29594490,0.01998465,0.01998465,29230,89,0
6837.26820383,6837.26800553,766.02909157,766.03498644,0.06567625,1291.56055366,0.01998465,0.01998465,29229,89,0
6837.50165646,6837.50194980,772.98637425,772.97764727,0.03469376,1291.82433162,0.01998465,0.01998465,29228,89,0
6837.73544852,6837.73591007,779.94954654,779.93580457,0.05683947,1292.08782909,0.01998465,0.01998465,29227,89,0
6837.96945782,6837.96988635,786.91844566,786.90567734,0.05694341,1292.35089779,0.01998465,0.01998465,29226,89,0
6838.20372188,6838.20387864,793.89290921,793.88823520,0.06383723,1292.61356974,0.01998465,0.01998465,29225,89,0
6838.43737840,6838.43788694,800.87286159,800.85768734,0.05477479,1292.87487484,0.01998465,0.01998465,29224,89,0
6838.67188891,6838.67191126,807.85837380,807.85770658,0.05102106,1293.13644721,0.01998465,0.01998465,29223,89,0
6838.90516284,6838.90595159,814.84953121,814.82596114,0.05499767,1293.39595793,0.01998465,0.01998465,29222,89,0
6839.13942544,6839.14000794,821.84641961,821.82899974,0.05211691,1293.65588483,0.01998465,0.01998465,29221,89,0
6839.37335180,6839.37408030,828.84912426,828.82732145,0.05388397,1293.91475612,0.01998465,0.01998465,29220,89,0
6839.60772339,6839.60816869,835.85769151,835.84435416,0.05720858,1294.17343578,0.01998465,0.01998465,29219,89,0
6839.84234724,6839.84227310,842.87211432,842.87433660,0.06514021,1294.43170546,0.01998465,0.01998465,29218,89,0
6840.07575537,6840.07639353,849.89238178,849.87323875,0.05162839,1294.68795099,0.01998465,0.01998465,29217,89,0
6840.31009159,6840.31052999,856.91848290,856.90532206,0.05890786,1294.94452475,0.01998465,0.01998465,29216,89,0
6840.54394824,6840.54468248,863.95041048,863.92835195,0.05694496,1295.19988120,0.01998465,0.01998465,29215,89,0
6840.77904832,6840.77885099,870.98825548,870.99418851,0.06368348,1295.45589959,0.01998465,0.01998465,29214,89,0
6841.01305488,6841.01303553,878.03221274,878.03279501,0.06471027,1295.71003930,0.01998465,0.01998465,29213,89,0
6841.24749847,6841.24723611,885.08248303,885.09038448,0.06117476,1295.96397050,0.01998465,0.01998465,29212,89,0
6841.48229899,6841.48145271,892.13926807,892.16477693,0.05305757,1296.21760796,0.01998465,0.01998465,29211,89,0
6841.71541413,6841.71568536,899.20274850,899.19456584,0.04427182,1296.46875538,0.01998465,0.01998465,29210,89,0
6841.95033516,6841.94993404,906.27277183,906.28488348,0.04171693,1296.72116572,0.01998465,0.01998465,29209,89,0
6842.18471944,6842.18419875,913.34892590,913.36465970,0.04232529,1296.97229940,0.01998465,0.01998465,29208,89,0
6842.41904868,6842.41847951,920.43078967,920.44800045,0.04093778,1297.22265815,0.01998465,0.01998465,29207,89,0
6842.65251446,6842.65277631,927.51794000,927.51001693,0.03913813,1297.47136567,0.01998465,0.01998465,29206,89,0
6842.88673840,6842.88708915,934.61000942,934.59938976,0.03472368,1297.72013525,0.01998465,0.01998465,29205,89,0
6843.12106820,6843.12141804,941.70715833,941.69655908,0.04576255,1297.96827381,0.01998465,0.01998465,29204,89,0
6843.35608760,6843.35576298,948.80983235,948.81967483,0.04836432,1298.21640949,0.01998465,0.01998465,29203,89,0
6843.58887930,6843.59012396,955.91848203,955.88071372,0.06098079,1298.46148290,0.01998465,0.01998465,29202,89,0
6843.82478004,6843.82450099,963.03356020,963.04203506,0.06196016,1298.70912185,0.01998465,0.01998465,29201,89,0
6844.05901689,6844.05889407,970.15542694,970.15916015,0.05290383,1298.95431953,0.01998465,0.01998465,29200,89,0
6844.29372685,6844.29330321,977.28391726,977.29680576,0.04253022,1299.19931012,0.01998465,0.01998465,29199,89,0
6844.52803969,6844.52772840,984.41868377,984.42816165,0.03923913,1299.44317066,0.01998465,0.01998465,29198,89,0
6844.76167094,6844.76216965,991.55937712,991.54418183,0.03452679,1299.68559599,0.01998465,0.01998465,29197,89,0
6844.99679804,6844.99662696,998.70564619,998.71086271,0.04443670,1299.92882767,0.01998465,0.01998465,29196,89,0
6845.23105444,6845.23110032,1005.85726468,1005.85586488,0.05156733,1300.17040499,0.01998465,0.01998465,29195,89,0
6845.46565555,6845.46558975,1013.01441754,1013.01642675,0.06630816,1300.41158818,0.01998465,0.01998465,29194,89,0
6845.70075441,6845.70009524,1020.17737441,1020.19751643,0.04452787,1300.65253765,0.01998466,0.01998465,29193,89,0
6845.93535835,6845.93461679,1027.34640633,1027.36908395,0.04604407,1300.89224300,0.01998466,0.01998465,29192,89,0
6846.16878005,6846.16915441,1034.52178439,1034.51032627,0.04057628,1301.13001661,0.01998465,0.01998465,29191,89,0
6846.40339436,6846.40370810,1041.70364157,1041.69403117,0.04150769,1301.36827968,0.01998465,0.01998465,29190,89,0
6846.63803729,6846.63827786,1048.89185202,1048.88447707,0.04986137,1301.60583793,0.01998465,0.01998465,29189,89,0
6846.87303401,6846.87286369,1056.08626092,1056.09148640,0.06088056,1301.84301137,0.01998465,0.01998465,29188,89,0
6847.10788427,6847.10746559,1063.28671261,1063.29956765,0.04175378,1302.07928679,0.01998465,0.01998465,29187,89,0
6847.34259209,6847.34208357,1070.49305490,1070.50868003,0.03122513,1302.31466246,0.01998465,0.01998465,29186,89,0
6847.57626521,6847.57671763,1077.70524144,1077.69133003,0.03604718,1302.54824568,0.01998465,0.01998465,29185,89,0
6847.81137546,6847.81136776,1084.92333739,1084.92357450,0.05947161,1302.78250536,0.01998465,0.01998465,29184,89,0
6848.04664432,6848.04603397,1092.14741350,1092.16621016,0.04477602,1303.01616003,0.01998465,0.01998465,29183,89,0
6848.28104350,6848.28071626,1099.37754090,1099.38762635,0.03053858,1303.24819201,0.01998465,0.01998465,29182,89,0
6848.51521762,6848.51541463,1106.61380331,1106.60772655,0.04033588,1303.47924523,0.01998465,0.01998465,29181,89,0
6848.75012986,6848.75012909,1113.85640349,1113.85642709,0.05737318,1303.71027177,0.01998465,0.01998465,29180,89,0
6848.98513693,6848.98485964,1121.10561183,1121.11417920,0.04968286,1303.94064123,0.01998465,0.01998465,29179,89,0
6849.21991129,6849.21960627,1128.36170086,1128.37113325,0.03753714,1304.17003938,0.01998465,0.01998465,29178,89,0
6849.45458449,6849.45436900,1135.62494455,1135.63161481,0.04089145,1304.39860244,0.01998465,0.01998465,29177,89,0
6849.68942414,6849.68914781,1142.89550967,1142.90407082,0.05797973,1304.62659332,0.01998465,0.01998465,29176,89,0
6849.92359589,6849.92394272,1150.17309484,1150.16234011,0.04077476,1304.85319229,0.01998465,0.01998465,29175,89,0
6850.15840121,6850.15875372,1157.45727058,1157.44633091,0.03323104,1305.07964304,0.01998465,0.01998465,29174,89,0
6850.39350476,6850.39358081,1164.74760505,1164.74524301,0.04187689,1305.30560185,0.01998465,0.01998465,29173,89,0
6850.62857292,6850.62842401,1172.04366649,1172.04829428,0.05382337,1305.53073119,0.01998465,0.01998465,29172,89,0
6850.86321000,6850.86328330,1179.34530611,1179.34302644,0.03938580,1305.75464786,0.01998465,0.01998465,29171,89,0
6851.09795224,6851.09815870,1186.65292783,1186.64650186,0.03437704,1305.97787552,0.01998465,0.01998465,29170,89,0
6851.33316770,6851.33305019,1193.96700117,1193.97066170,0.06071745,1306.20077339,0.01998465,0.01998465,29169,89,0
6851.56751190,6851.56795780,1201.28799820,1201.27409524,0.04113130,1306.42208122,0.01998465,0.01998465,29168,89,0
6851.80246113,6851.80288150,1208.61637225,1208.60325257,0.03768054,1306.64320557,0.01998465,0.01998465,29167,89,0
6852.03839160,6852.03782132,1215.95218239,1215.96999714,0.05602769,1306.86449189,0.01998465,0.01998465,29166,89,0
6852.27294403,6852.27277725,1223.29513615,1223.30035090,0.03749173,1307.08371776,0.01998465,0.01998465,29165,89,0
6852.50758427,6852.50774928,1230.64492731,1230.63976358,0.03721173,1307.30224785,0.01998465,0.01998465,29164,89,0
6852.74279105,6852.74273743,1238.00124794,1238.00292736,0.05245092,1307.52051316,0.01998465,0.01998465,29163,89,0
6852.97794406,6852.97774169,1245.36384054,1245.37018319,0.04081132,1307.73792542,0.01998465,0.01998465,29162,89,0
6853.21256159,6853.21276207,1252.73276320,1252.72647478,0.03769400,1307.95404170,0.01998465,0.01998465,29161,89,0
6853.44780639,6853.44779857,1260.10819367,1260.10843936,0.05479078,1308.16993545,0.01998465,0.01998465,29160,89,0
6853.68227276,6853.68285118,1267.49031086,1267.47213703,0.03383502,1308.38432015,0.01998465,0.01998465,29159,89,0
6853.91816955,6853.91791992,1274.87929435,1274.88714469,0.05399689,1308.59921488,0.01998465,0.01998465,29158,89,0
6854.15296943,6854.15300478,1282.27525847,1282.27414601,0.04271699,1308.81231636,0.01998465,0.01998465,29157,89,0
6854.38804896,6854.38810576,1289.67816914,1289.67637982,0.03796944,1309.02487451,0.01998465,0.01998465,29156,89,0
6854.62268185,6854.62322287,1297.08797167,1297.07091387,0.05004562,1309.23622935,0.01998465,0.01998465,29155,89,0
6854.85832768,6854.85835610,1304.50461104,1304.50371403,0.03217142,1309.44768861,0.01998465,0.01998465,29154,89,0
6855.09374473,6855.09350547,1311.92803144,1311.93558768,0.05243357,1309.65812985,0.01998465,0.01998465,29153,89,0
6855.32870562,6855.32867097,1319.35816775,1319.35926321,0.03375564,1309.86734902,0.01998465,0.01998465,29152,89,0
6855.56408211,6855.56385260,1326.79494661,1326.80220728,0.05523950,1310.07611799,0.01998465,0.01998465,29151,89,0
6855.79944600,6855.79905036,1334.23829398,1334.25081989,0.03993079,1310.28405034,0.01998466,0.01998465,29150,89,0
6856.03360307,6856.03426426,1341.68813540,1341.66718553,0.04430853,1310.49009296,0.01998465,0.01998465,29149,89,0
6856.26962965,6856.26949429,1349.14444198,1349.14873431,0.05296304,1310.69694609,0.01998465,0.01998465,29148,89,0
6856.50471130,6856.50474047,1356.60741449,1356.60648873,0.03617004,1310.90214136,0.01998465,0.01998465,29147,89,0
6856.74000556,6856.74000278,1364.07732631,1364.07741447,0.05221633,1311.10669802,0.01998465,0.01998465,29146,89,0
6856.97509096,6856.97528124,1371.55445240,1371.54840240,0.03206326,1311.31025449,0.01998465,0.01998465,29145,89,0
6857.21033242,6857.21057585,1379.03906645,1379.03131946,0.05673029,1311.51313171,0.01998465,0.01998465,29144,89,0
6857.44578677,6857.44588659,1386.53126202,1386.52808219,0.03898267,1311.71537648,0.01998465,0.01998465,29143,89,0
6857.68162790,6857.68121349,1394.03084207,1394.04405468,0.05594631,1311.91712685,0.01998466,0.01998465,29142,89,0
6857.91696796,6857.91655653,1401.53758223,1401.55071117,0.03191123,1312.11761513,0.01998466,0.01998465,29141,89,0
6858.15188963,6858.15191573,1409.05125685,1409.05042325,0.05133723,1312.31690797,0.01998465,0.01998465,29140,89,0
6858.38750747,6858.38729108,1416.57165604,1416.57857269,0.02907947,1312.51594126,0.01998466,0.01998465,29139,89,0
6858.62292674,6858.62268258,1424.09872471,1424.10653539,0.05462286,1312.71395254,0.01998466,0.01998465,29138,89,0
6858.85803529,6858.85809024,1431.63249111,1431.63073205,0.03330626,1312.91084847,0.01998465,0.01998465,29137,89,0
6859.09333449,6859.09351405,1439.17298444,1439.16723072,0.05067483,1313.10704782,0.01998465,0.01998465,29136,89,0
6859.32901435,6859.32895403,1446.72023435,1446.72216877,0.05634508,1313.30270416,0.01998465,0.01998465,29135,89,0
6859.56408655,6859.56441016,1454.27438125,1454.26399436,0.03835524,1313.49699931,0.01998465,0.01998465,29134,89,0
6859.80020040,6859.79988246,1461.83583540,1461.84605001,0.04681157,1313.69130199,0.01998466,0.01998465,29133,89,0
6860.03555388,6860.03537092,1469.40504953,1469.41093342,0.03100681,1313.88413652,0.01998465,0.01998466,29132,89,0
6860.27078303,6860.27087555,1476.98247898,1476.97950057,0.04731331,1314.07603729,0.01998465,0.01998466,29131,89,0
6860.50634347,6860.50639634,1484.56853454,1484.56683078,0.03586293,1314.26738210,0.01998465,0.01998466,29130,89,0
6860.74176388,6860.74193330,1492.16298490,1492.15751943,0.05078681,1314.45777797,0.01998465,0.01998466,29129,89,0
6860.97793494,6860.97748644,1499.76513038,1499.77961156,0.05007776,1314.64792126,0.01998466,0.01998466,29128,89,0
6861.21344287,6861.21305575,1507.37425682,1507.38676629,0.03425144,1314.83665258,0.01998466,0.01998466,29127,89,0
6861.44825801,6861.44864123,1514.98964608,1514.97725435,0.04889033,1315.02393555,0.01998465,0.01998466,29126,89,0
6861.68373859,6861.68424288,1522.61087634,1522.59455765,0.02986853,1315.21084093,0.01998465,0.01998466,29125,89,0
6861.91956850,6861.91986072,1530.23842527,1530.22896152,0.05118850,1315.39712141,0.01998465,0.01998466,29124,89,0
6862.15563531,6862.15549473,1537.87294184,1537.87749877,0.05116324,1315.58269819,0.01998466,0.01998466,29123,89,0
6862.39107105,6862.39114492,1545.51507877,1545.51268202,0.03077663,1315.76690420,0.01998465,0.01998466,29122,89,0
6862.62635388,6862.62681130,1553.16545802,1553.15060130,0.04933152,1315.95012984,0.01998465,0.01998466,29121,89,0
6862.86255563,6862.86249386,1560.82416664,1560.82617490,0.04366494,1316.13320449,0.01998466,0.01998466,29120,89,0
6863.09853209,6863.09819260,1568.49086633,1568.50191414,0.02953577,1316.31522620,0.01998466,0.01998466,29119,89,0
6863.33340415,6863.33390753,1576.16520519,1576.14880870,0.04521586,1316.49551298,0.01998465,0.01998466,29118,89,0
6863.57019159,6863.56963866,1583.84682931,1583.86485527,0.05037187,1316.67636693,0.01998466,0.01998466,29117,89,0
6863.80523963,6863.80538597,1591.53551947,1591.53074464,0.03476076,1316.85498771,0.01998465,0.01998466,29116,89,0
6864.04072976,6864.04114947,1599.23145812,1599.21775142,0.05320357,1317.03304211,0.01998465,0.01998466,29115,89,0
6864.27720956,6864.27692917,1606.93490267,1606.94406779,0.04129665,1317.21093903,0.01998466,0.01998466,29114,89,0
6864.51268889,6864.51272507,1614.64611199,1614.64492824,0.03267305,1317.38718443,0.01998466,0.01998466,29113,89,0
6864.74866600,6864.74853716,1622.36532875,1622.36954854,0.05372368,1317.56290505,0.01998466,0.01998466,29112,89,0
6864.98445467,6864.98436545,1630.09256582,1630.09549083,0.04760197,1317.73758530,0.01998466,0.01998466,29111,89,0
6865.22047170,6865.22020994,1637.82767413,1637.83626339,0.05190989,1317.91152726,0.01998466,0.01998466,29110,89,0
6865.45611914,6865.45607063,1645.57050036,1645.57209356,0.03318625,1318.08428460,0.01998466,0.01998466,29109,89,0
6865.69208766,6865.69194753,1653.32089065,1653.32549697,0.05183471,1318.25635754,0.01998466,0.01998466,29108,89,0
6865.92778949,6865.92784063,1661.07879453,1661.07711191,0.04866971,1318.42731313,0.01998466,0.01998466,29107,89,0
6866.16397142,6866.16374994,1668.84440175,1668.85169570,0.04386110,1318.59769297,0.01998466,0.01998466,29106,89,0
6866.39968871,6866.39967546,1676.61793695,1676.61837374,0.03028658,1318.76681733,0.01998466,0.01998466,29105,89,0
6866.63603543,6866.63561719,1684.39962613,1684.41342696,0.05834128,1318.93547200,0.01998466,0.01998466,29104,89,0
6866.87153519,6866.87157514,1692.18966283,1692.18834323,0.04810508,1319.10260568,0.01998466,0.01998466,29103,89,0
6867.10769487,6867.10754929,1699.98795790,1699.99277110,0.04944370,1319.26928370,0.01998466,0.01998466,29102,89,0
6867.34359036,6867.34353967,1707.79427963,1707.79595726,0.04546070,1319.43484338,0.01998466,0.01998466,29101,89,0
6867.57979151,6867.57954626,1715.60839384,1715.61651772,0.05326329,1319.59967633,0.01998466,0.01998466,29100,89,0
6867.81578514,6867.81556907,1723.43006831,1723.43723191,0.03337417,1319.76341596,0.01998466,0.01998466,29099,89,0
6868.05131310,6868.05160810,1731.25924944,1731.24946026,0.05208942,1319.92588315,0.01998466,0.01998466,29098,89,0
6868.28726458,6868.28766335,1739.09614841,1739.08290330,0.04663864,1320.08769293,0.01998466,0.01998466,29097,89,0
6868.52364839,6868.52373482,1746.94099892,1746.93812527,0.04528711,1320.24884793,0.01998466,0.01998466,29096,89,0
6868.76026268,6868.75982253,1754.79403608,1754.80868443,0.04713757,1320.40920820,0.01998466,0.01998466,29095,89,0
6868.99630086,6868.99592645,1762.65545199,1762.66792449,0.05231371,1320.56822980,0.01998466,0.01998466,29094,89,0
6869.23226726,6869.23204661,1770.52524215,1770.53259992,0.05298154,1320.72625301,0.01998466,0.01998466,29093,89,0
6869.46830217,6869.46818300,1778.40334701,1778.40732471,0.03347846,1320.88336731,0.01998466,0.01998466,29092,89,0
6869.70430276,6869.70433562,1786.28970659,1786.28860849,0.04669313,1321.03949957,0.01998466,0.01998466,29091,89,0
6869.94078525,6869.94050448,1794.18426095,1794.19365098,0.04255349,1321.19498414,0.01998466,0.01998466,29090,89,0
6870.17717105,6870.17668957,1802.08695606,1802.10307399,0.04538727,1321.34943392,0.01998466,0.01998466,29089,89,0
6870.41274236,6870.41289090,1809.99774245,1809.99276537,0.04644475,1321.50238136,0.01998466,0.01998466,29088,89,0
6870.64908257,6870.64910847,1817.91657045,1817.91570199,0.04157888,1321.65485063,0.01998466,0.01998466,29087,89,0
6870.88573518,6870.88534228,1825.84339052,1825.85658051,0.04762235,1321.80653636,0.01998466,0.01998466,29086,89,0
6871.12178262,6871.12159233,1833.77821489,1833.78460908,0.04234956,1321.95684933,0.01998466,0.01998466,29085,89,0
6871.35774418,6871.35785862,1841.72117731,1841.71732797,0.05256922,1322.10612387,0.01998466,0.01998466,29084,89,0
6871.59436471,6871.59414116,1849.67242643,1849.67995280,0.05165826,1322.25482712,0.01998466,0.01998466,29083,89,0
6871.83056683,6871.83043995,1857.63211184,1857.63638796,0.05028548,1322.40227997,0.01998466,0.01998466,29082,89,0
6872.06704598,6872.06675499,1865.60038545,1865.61020236,0.04881633,1322.54891685,0.01998466,0.01998466,29081,89,0
6872.30321337,6872.30308628,1873.57740731,1873.58169948,0.05591758,1322.69437235,0.01998466,0.01998466,29080,89,0
6872.53928026,6872.53943382,1881.56334079,1881.55814939,0.04654622,1322.83877861,0.01998466,0.01998466,29079,89,0
6872.77635861,6872.77579761,1889.55835027,1889.57733630,0.04758298,1322.98280947,0.01998466,0.01998466,29078,89,0
6873.01216490,6873.01217767,1897.56257842,1897.56214582,0.05329429,1323.12507814,0.01998466,0.01998466,29077,89,0
6873.24891973,6873.24857397,1905.57584072,1905.58756709,0.05540951,1323.26691944,0.01998466,0.01998466,29076,89,0
6873.48535026,6873.48498654,1913.59770460,1913.61005220,0.04956023,1323.40755561,0.01998466,0.01998466,29075,89,0
6873.72169380,6873.72141537,1921.62772868,1921.63718935,0.05355537,1323.54711937,0.01998466,0.01998466,29074,89,0
6873.95746970,6873.95786046,1929.66547432,1929.65218485,0.04607262,1323.68532037,0.01998466,0.01998466,29073,89,0
6874.19364952,6874.19432182,1937.71087503,1937.68799004,0.03797928,1323.82272496,0.01998466,0.01998466,29072,89,0
6874.43110647,6874.43079944,1945.76446747,1945.77492895,0.04603762,1323.95983613,0.01998466,0.01998466,29071,89,0
6874.66773988,6874.66729333,1953.82684639,1953.84207809,0.04092757,1324.09544467,0.01998466,0.01998466,29070,89,0
6874.90381943,6874.90380349,1961.89861034,1961.89915493,0.04300793,1324.22972043,0.01998466,0.01998466,29069,89,0
6875.14011328,6875.14032992,1969.98013698,1969.97273090,0.03603834,1324.36310489,0.01998466,0.01998466,29068,89,0
6875.37670450,6875.37687262,1978.07103083,1978.06527733,0.03968936,1324.49563123,0.01998466,0.01998466,29067,89,0
6875.61363540,6875.61343159,1986.17072662,1986.17770834,0.04186265,1324.62730601,0.01998466,0.01998466,29066,89,0
6875.84993222,6875.85000685,1994.27865533,1994.27609655,0.05018442,1324.75757732,0.01998466,0.01998466,29065,89,0
6876.08641513,6876.08659837,2002.39431931,2002.38803082,0.05097759,1324.88688911,0.01998466,0.01998466,29064,89,0
6876.32354424,6876.32320618,2010.51777430,2010.52938625,0.05150844,1325.01548511,0.01998466,0.01998466,29063,89,0
6876.56036749,6876.55983027,2018.64932645,2018.66779651,0.04650014,1325.14284835,0.01998466,0.01998466,29062,89,0
6876.79653752,6876.79647065,2026.78928509,2026.79158664,0.04013113,1325.26879999,0.01998466,0.01998466,29061,89,0
6877.03276383,6877.03312730,2034.93796254,2034.92544067,0.04309528,1325.39372379,0.01998466,0.01998466,29060,89,0
6877.26968629,6877.26980025,2043.09568966,2043.09175974,0.04598649,1325.51795453,0.01998466,0.01998466,29059,89,0
6877.50617046,6877.50648948,2051.26281328,2051.25179910,0.04198792,1325.64089712,0.01998466,0.01998466,29058,89,0
6877.74513695,6877.74319500,0.00000000,2059.52354929,0.04610878,1325.76430608,0.01998466,0.01998466,29057,89,1
6877.97897745,6877.97991681,2067.62664563,2067.59413882,0.04716151,1325.88353324,0.01998465,0.01998466,29056,89,0
6878.21688117,6878.21665491,2075.82381102,2075.83164978,0.03932264,1326.00402388,0.01998466,0.01998466,29055,89,0
6878.45326000,6878.45340931,2084.03094130,2084.02576232,0.03369442,1326.12267458,0.01998466,0.01998466,29054,89,0
6878.68953550,6878.69018001,2092.24776973,2092.22539075,0.04017885,1326.24020203,0.01998466,0.01998466,29053,89,0
6878.92702403,6878.92696700,2100.47402792,2100.47601012,0.05466763,1326.35724561,0.01998466,0.01998466,29052,89,0
6879.16414020,6879.16377029,2108.70950795,2108.72237927,0.03817349,1326.47301138,0.01998466,0.01998466,29051,89,0
6879.40061679,6879.40058989,2116.95415313,2116.95509034,0.03925791,1326.58737130,0.01998466,0.01998466,29050,89,0
6879.63724978,6879.63742578,2125.20792929,2125.20179225,0.03991430,1326.70070938,0.01998466,0.01998466,29049,89,0
6879.87409432,6879.87427798,2133.47080198,2133.46439120,0.05547999,1326.81304528,0.01998466,0.01998466,29048,89,0
6880.11126537,6880.11114649,2141.74278641,2141.74694006,0.03984477,1326.92442618,0.01998466,0.01998466,29047,89,0
6880.34786428,6880.34803131,2150.02410025,2150.01825811,0.03648714,1327.03443089,0.01998466,0.01998466,29046,89,0
6880.58428465,6880.58493243,2158.31501385,2158.29233057,0.04603823,1327.14324734,0.01998466,0.01998466,29045,89,0
6880.82168419,6880.82184987,2166.61579937,2166.60999121,0.05252079,1327.25140229,0.01998466,0.01998466,29044,89,0
6881.05900592,6881.05878361,2174.92668818,2174.93449029,0.03486977,1327.35840669,0.01998466,0.01998466,29043,89,0
6881.29554358,6881.29573368,2183.24763904,2183.24095963,0.04211191,1327.46394344,0.01998466,0.01998466,29042,89,0
6881.53289821,6881.53270006,2191.57850190,2191.58547208,0.04987110,1327.56872054,0.01998466,0.01998466,29041,89,0
6881.76948262,6881.76968276,2199.91912535,2199.91207776,0.03007887,1327.67203100,0.01998466,0.01998466,29040,89,0
6882.00647233,6882.00668177,2208.26935540,2208.26197224,0.03954497,1327.77438481,0.01998466,0.01998466,29039,89,0
6882.24377122,6882.24369711,2216.62902204,2216.63163711,0.05222563,1327.87572924,0.01998466,0.01998466,29038,89,0
6882.48028481,6882.48072877,2224.99794556,2224.98226234,0.04167546,1327.97559424,0.01998466,0.01998466,29037,89,0
6882.71770216,6882.71777676,2233.37594483,2233.37330710,0.05048483,1328.07468613,0.01998466,0.01998466,29036,89,0
6882.95460616,6882.95484107,2241.76285874,2241.75454396,0.04924568,1328.17240495,0.01998466,0.01998466,29035,89,0
6883.19167923,6883.19192171,2250.15884394,2250.15025225,0.04298317,1328.26903277,0.01998466,0.01998466,29034,89,0
6883.42907334,6883.42901869,2258.56430390,2258.56624255,0.05004018,1328.36462869,0.01998466,0.01998466,29033,89,0
6883.66652435,6883.66613199,2266.97965116,2266.99358434,0.03649037,1328.45908419,0.01998466,0.01998466,29032,89,0
6883.90324258,6883.90326162,2275.40529054,2275.40461355,0.05145988,1328.55209038,0.01998466,0.01998466,29031,89,0
6884.14020129,6884.14040759,2283.84139301,2283.83404986,0.03697023,1328.64403075,0.01998466,0.01998466,29030,89,0
6884.37781289,6884.37756990,2292.28789849,2292.29655764,0.04734250,1328.73505366,0.01998466,0.01998466,29029,89,0
6884.61462954,6884.61474855,2300.74473663,2300.74049105,0.04279406,1328.82460038,0.01998466,0.01998466,29028,89,0
6884.85206433,6884.85194353,2309.21183438,2309.21614902,0.03707416,1328.91320140,0.01998466,0.01998466,29027,89,0
6885.08949050,6885.08915486,2317.68904814,2317.70104963,0.05140636,1329.00061244,0.01998466,0.01998466,29026,89,0
6885.32657538,6885.32638253,2326.17615019,2326.18305344,0.03823233,1329.08670706,0.01998466,0.01998466,29025,89,0
6885.56241990,6885.56362654,2334.67290631,2334.62966839,0.04449354,1329.17116422,0.01998466,0.01998466,29024,89,0
6885.80076157,6885.80088691,2343.17908830,2343.17459231,0.02880388,1329.25530648,0.01998466,0.01998466,29023,89,0
6886.03779626,6886.03816362,2351.69480474,2351.68161342,0.04946703,1329.33777885,0.01998466,0.01998466,29022,89,0
6886.27515186,6886.27545668,2360.22062724,2360.20966915,0.03603616,1329.41915661,0.01998466,0.01998466,29021,89,0
6886.51254216,6886.51276609,2368.75716476,2368.74910469,0.04918892,1329.49934030,0.01998466,0.01998466,29020,89,0
6886.74986864,6886.75009185,2377.30502308,2377.29697832,0.04580694,1329.57829780,0.01998466,0.01998466,29019,89,0
6886.98765721,6886.98743397,2385.86440256,2385.87245831,0.03336899,1329.65619798,0.01998466,0.01998466,29018,89,0
6887.22486784,6887.22479245,2394.43489315,2394.43761687,0.04847510,1329.73269238,0.01998466,0.01998466,29017,89,0
6887.46211437,6887.46216729,2403.01603182,2403.01411771,0.03282879,1329.80797431,0.01998466,0.01998466,29016,89,0
6887.69963858,6887.69955848,2411.60735593,2411.61025626,0.04684136,1329.88210952,0.01998466,0.01998466,29015,89,0
6887.93760284,6887.93696604,2420.20863153,2420.23171539,0.05349100,1329.95513671,0.01998466,0.01998466,29014,89,0
6888.17404071,6888.17438996,2428.81998243,2428.80730784,0.03110675,1330.02645772,0.01998466,0.01998466,29013,89,0
6888.41195111,6888.41183025,2437.44156425,2437.44595537,0.04989443,1330.09697449,0.01998466,0.01998466,29012,89,0
6888.64915502,6888.64928690,2446.07353561,2446.06873861,0.03351286,1330.16603200,0.01998466,0.01998466,29011,89,0
6888.88663417,6888.88675993,2454.71616701,2454.71158730,0.04594945,1330.23391707,0.01998466,0.01998466,29010,89,0
6889.12452253,6889.12424932,2463.36989988,2463.37986138,0.04528215,1330.30066134,0.01998466,0.01998466,29009,89,0
6889.36169311,6889.36175508,2472.03519310,2472.03293047,0.03679818,1330.36594966,0.01998466,0.01998466,29008,89,0
6889.59889346,6889.59927722,2480.71249888,2480.69846966,0.04695643,1330.42999152,0.01998466,0.01998466,29007,89,0
6889.83629291,6889.83681574,2489.40178719,2489.38265000,0.04537742,1330.49282539,0.01998466,0.01998466,29006,89,0
6890.07432654,6890.07437063,2498.10233518,2498.10071957,0.03228248,1330.55454943,0.01998466,0.01998466,29005,89,0
6890.31186615,6890.31194190,2506.81336149,2506.81058255,0.05284672,1330.61485966,0.01998466,0.01998466,29004,89,0
6890.54940667,6890.54952955,2515.53409512,2515.52958275,0.04309073,1330.67387605,0.01998466,0.01998466,29003,89,0
6890.78681600,6890.78713358,2524.26435871,2524.25268373,0.04321190,1330.73156146,0.01998466,0.01998466,29002,89,0
6891.02530805,6891.02475400,2533.00473279,2533.02512411,0.05207612,1330.78820263,0.01998466,0.01998466,29001,89,0
6891.26290879,6891.26239080,2541.75585100,2541.77493778,0.04135466,1330.84332869,0.01998466,0.01998466,29000,89,0
6891.49991368,6891.50004399,2550.51833643,2550.51352872,0.04248421,1330.89701950,0.01998466,0.01998466,28999,89,0
6891.73798226,6891.73771357,2559.29241738,2559.30234287,0.04611922,1330.94964351,0.01998466,0.01998466,28998,89,0
6891.97541678,6891.97539954,2568.07789671,2568.07853466,0.05120818,1331.00081567,0.01998466,0.01998466,28997,89,0
6892.21327706,6892.21310190,2576.87455486,2576.88104092,0.03008840,1331.05075985,0.01998466,0.01998466,28996,89,0
6892.45035965,6892.45082065,2585.68218229,2585.66509202,0.04355668,1331.09922026,0.01998466,0.01998466,28995,89,0
6892.68836556,6892.68855580,2594.50077683,2594.49371589,0.04721633,1331.14653854,0.01998466,0.01998466,28994,89,0
6892.92641746,6892.92630735,2603.33051557,2603.33460733,0.05163953,1331.19252817,0.01998466,0.01998466,28993,89,0
6893.16424189,6893.16407530,2612.17158269,2612.17778084,0.05139321,1331.23713387,0.01998466,0.01998466,28992,89,0
6893.40172804,6893.40185965,2621.02416484,2621.01926223,0.02725251,1331.28033550,0.01998466,0.01998466,28991,89,0
6893.63898349,6893.63966040,2629.88846269,2629.86321424,0.04908504,1331.32215330,0.01998466,0.01998466,28990,89,0
6893.87725882,6893.87747755,2638.76468662,2638.75651731,0.04122679,1331.36279672,0.01998466,0.01998466,28989,89,0
6894.11556489,6894.11531111,2647.65304875,2647.66253929,0.04354710,1331.40208367,0.01998466,0.01998466,28988,89,0
6894.35303838,6894.35316108,2656.55373097,2656.54913641,0.04259414,1331.43987403,0.01998466,0.01998466,28987,89,0
6894.59110194,6894.59102746,2665.46667052,2665.46946313,0.04716741,1331.47639049,0.01998466,0.01998466,28986,89,0
6894.82894163,6894.82891025,2674.39168950,2674.39286752,0.04409868,1331.51149889,0.01998466,0.01998466,28985,89,0
6895.06650766,6895.06680945,2683.32860790,2683.31726391,0.04245469,1331.54519011,0.01998466,0.01998466,28984,89,0
6895.30485330,6895.30472507,2692.27729898,2692.28212514,0.04632161,1331.57760335,0.01998466,0.01998466,28983,89,0
6895.54274314,6895.54265710,2701.23790574,2701.24114828,0.05192926,1331.60856297,0.01998466,0.01998466,28982,89,0
6895.78080985,6895.78060555,2710.21065585,2710.21836492,0.04602379,1331.63814913,0.01998466,0.01998466,28981,89,0
6896.01843612,6896.01857042,2719.19577865,2719.19070434,0.04492615,1331.66628269,0.01998466,0.01998466,28980,89,0
6896.25636716,6896.25655171,2728.19337055,2728.18638868,0.04001493,1331.69304777,0.01998466,0.01998466,28979,89,0
6896.49456984,6896.49454942,2737.20311923,2737.20389248,0.04473165,1331.71842906,0.01998466,0.01998466,28978,89,0
6896.73264836,6896.73256356,2746.22463227,2746.22784830,0.04650329,1331.74237655,0.01998466,0.01998466,28977,89,0
6896.97078637,6896.97059412,2755.25751734,2755.26481715,0.04317086,1331.76490304,0.01998466,0.01998466,28976,89,0
6897.20904343,6897.20864112,2764.30169677,2764.31699122,0.04461334,1331.78600726,0.01998466,0.01998466,28975,89,0
6897.44659280,6897.44670454,2773.35766940,2773.35341597,0.04229491,1331.80561726,0.01998466,0.01998466,28974,89,0
6897.68465676,6897.68478439,2782.42599906,2782.42113455,0.03641881,1331.82383145,0.01998466,0.01998466,28973,89,0
6897.92278614,6897.92288068,2791.50724129,2791.50363303,0.03897802,1331.84060556,0.01998466,0.01998466,28972,89,0
6898.16088601,6898.16099340,2800.60162676,2800.59752244,0.03466634,1331.85592707,0.01998466,0.01998466,28971,89,0
6898.39893449,6898.39912256,2809.70903786,2809.70184010,0.04026281,1331.86978914,0.01998466,0.01998466,28970,89,0
6898.63746626,6898.63726815,2818.82933905,2818.83693091,0.04356192,1331.88221279,0.01998466,0.01998466,28969,89,0
6898.87523193,6898.87543019,2827.96240030,2827.95479232,0.05188493,1331.89312952,0.01998466,0.01998466,28968,89,0
6899.11384379,6899.11360867,2837.10816032,2837.11719480,0.05478277,1331.90260671,0.01998466,0.01998466,28967,89,0
6899.35171271,6899.35180359,2846.26659863,2846.26310236,0.04439634,1331.91057445,0.01998466,0.01998466,28966,89,0
6899.58952797,6899.59001495,2855.43769505,2855.41893385,0.03991717,1331.91705746,0.01998466,0.01998466,28965,89,0
6899.82782650,6899.82824277,2864.62140685,2864.60534953,0.04210634,1331.92206053,0.01998466,0.01998466,28964,89,0
6900.06644615,6900.06648703,2873.81758390,2873.81600526,0.05456181,1331.92556684,0.01998466,0.01998466,28963,89,0
6900.30506269,6900.30474774,2883.02604271,2883.03822284,0.04658875,1331.92756284,0.01998466,0.01998466,28962,89,0
6900.54323583,6900.54302490,2892.24659917,2892.25476657,0.03629513,1331.92804345,0.01998466,0.01998466,28961,89,0
6900.78145355,6900.78131852,2901.47928234,2901.48451776,0.04134749,1331.92700788,0.01998466,0.01998466,28960,89,0
6901.01969644,6901.01962859,2910.72460023,2910.72723447,0.04277575,1331.92444980,0.01998466,0.01998466,28959,89,0
6901.25820882,6901.25795511,2919.98312978,2919.99299248,0.05342708,1331.92035762,0.01998466,0.01998466,28958,89,0
6901.49602844,6901.49629810,2929.25543424,2929.24493582,0.04155085,1331.91474542,0.01998466,0.01998466,28957,89,0
6901.73435957,6901.73465755,2938.54161539,2938.52999836,0.04063203,1331.90758005,0.01998466,0.01998466,28956,89,0
6901.97280748,6901.97303346,2947.84128553,2947.83246368,0.04431586,1331.89886121,0.01998466,0.01998466,28955,89,0
6902.21122680,6902.21142583,2957.15403027,2957.14625019,0.05073035,1331.88858756,0.01998466,0.01998466,28954,89,0
6902.45018900,6902.44983467,2966.47950501,2966.49337372,0.04151512,1331.87672379,0.01998466,0.01998466,28953,89,0
6902.68806174,6902.68825997,2975.81793969,2975.81017025,0.05085526,1331.86335006,0.01998466,0.01998466,28952,89,0
6902.92640633,6902.92670175,2985.16983939,2985.15824457,0.04204372,1331.84837778,0.01998466,0.01998466,28951,89,0
6903.16532333,6903.16515999,2994.53571500,2994.54213515,0.04179762,1331.83178305,0.01998466,0.01998466,28950,89,0
6903.40373332,6903.40363471,3003.91593019,3003.91981167,0.05557345,1331.81363288,0.01998466,0.01998466,28949,89,0
6903.64187259,6903.64212590,3013.31040169,3013.30041625,0.03936826,1331.79391050,0.01998466,0.01998466,28948,89,0
6903.88069197,6903.88063357,3022.71896232,3022.72126766,0.05387812,1331.77252672,0.01998466,0.01998466,28947,89,0
6904.11928190,6904.11915771,3032.14144955,3032.14635877,0.04420312,1331.74955220,0.01998466,0.01998466,28946,89,0
6904.35786089,6904.35769834,3041.57789473,3041.58432974,0.03955831,1331.72496167,0.01998466,0.01998466,28945,89,0
6904.59553901,6904.59625544,3051.02855833,3051.00015560,0.04482962,1331.69884882,0.01998466,0.01998466,28944,89,0
6904.83429768,6904.83482903,3060.49371607,3060.47261973,0.03522932,1331.67098657,0.01998466,0.01998466,28943,89,0
6905.07386752,6905.07341910,3069.97356169,3069.99139201,0.04584911,1331.64137939,0.01998466,0.01998466,28942,89,0
6905.31215325,6905.31202565,3079.46766364,3079.47274437,0.03234836,1331.61028557,0.01998466,0.01998466,28941,89,0
6905.55049624,6905.55064870,3088.97530380,3088.96922554,0.05130533,1331.57753853,0.01998466,0.01998466,28940,89,0
6905.78921048,6905.78928823,3098.49575775,3098.49265398,0.04159348,1331.54308695,0.01998466,0.01998466,28939,89,0
6906.02808809,6906.02794426,3108.02876794,3108.03451701,0.05215686,1331.50695021,0.01998466,0.01998466,28938,89,0
6906.26620059,6906.26661677,3117.57520415,3117.55854608,0.03651964,1331.46926563,0.01998466,0.01998466,28937,89,0
6906.50505666,6906.50530578,3127.13610885,3127.12612252,0.05106339,1331.42978389,0.01998466,0.01998466,28936,89,0
6906.74375307,6906.74401129,3136.71248359,3136.70211591,0.05030606,1331.38863681,0.01998466,0.01998466,28935,89,0
6906.98286667,6906.98273330,3146.30450391,3146.30986706,0.03822549,1331.34571396,0.01998466,0.01998466,28934,89,0
6907.22165407,6907.22147180,3155.91165830,3155.91899841,0.04761042,1331.30114267,0.01998466,0.01998466,28933,89,0
6907.46029240,6907.46022681,3165.53340994,3165.53605497,0.03268974,1331.25489030,0.01998466,0.01998466,28932,89,0
6907.69876578,6907.69899832,3175.16937330,3175.15998230,0.04314827,1331.20695826,0.01998466,0.01998466,28931,89,0
6907.93819140,6907.93778633,3184.81980143,3184.83618384,0.04677193,1331.15710531,0.01998467,0.01998466,28930,89,0
6908.17704125,6908.17659085,3194.48511442,3194.50335722,0.03192166,1331.10563628,0.01998467,0.01998466,28929,89,0
6908.41508885,6908.41541188,3204.16572625,3204.15262201,0.04802454,1331.05260550,0.01998466,0.01998466,28928,89,0
6908.65470313,6908.65424942,3213.86172618,3213.88015913,0.04793579,1330.99746891,0.01998467,0.01998466,28927,89,0
6908.89316042,6908.89310347,3223.57280766,3223.57512457,0.05119624,1330.94084311,0.01998466,0.01998466,28926,89,0
6909.13256049,6909.13197403,3233.29863750,3233.32253254,0.03325207,1330.88222651,0.01998467,0.01998466,28925,89,0
6909.37086095,6909.37086111,3243.03897130,3243.03896457,0.04995929,1330.82211530,0.01998466,0.01998466,28924,89,0
6909.60948960,6909.60976471,3252.79408460,3252.78284303,0.04622883,1330.76014911,0.01998466,0.01998466,28923,89,0
6909.84869614,6909.84868482,3262.56443945,3262.56490272,0.05177350,1330.69624273,0.01998466,0.01998466,28922,89,0
6910.08786070,6910.08762145,3272.35049805,3272.36030432,0.02895316,1330.63054513,0.01998466,0.01998466,28921,89,0
6910.32711619,6910.32657461,3282.15251201,3282.17474517,0.05170450,1330.56300978,0.01998467,0.01998466,28920,89,0
6910.56552275,6910.56554429,3291.97042500,3291.96953929,0.04891693,1330.49390317,0.01998466,0.01998466,28919,89,0
6910.80499995,6910.80453049,3301.80415586,3301.82348782,0.04434542,1330.42265910,0.01998467,0.01998466,28918,89,0
6911.04421074,6911.04353322,3311.65362624,3311.68156840,0.05061869,1330.34965893,0.01998467,0.01998466,28917,89,0
6911.28249732,6911.28255248,3321.51877980,3321.51650120,0.03342520,1330.27510979,0.01998466,0.01998466,28916,89,0
6911.52131320,6911.52158827,3331.39956832,3331.38818949,0.05321852,1330.19855417,0.01998466,0.01998466,28915,89,0
6911.76097068,6911.76064059,3341.29594776,3341.30962321,0.03193964,1330.11986870,0.01998467,0.01998466,28914,89,0
6911.99940644,6911.99970945,3351.20809594,3351.19552299,0.04814734,1330.03972611,0.01998466,0.01998466,28913,89,0
6912.23887432,6912.23879484,3361.13650482,3361.13980784,0.05174009,1329.95735911,0.01998466,0.01998466,28912,89,0
6912.47789690,6912.47789677,3371.08169444,3371.08169966,0.04231186,1329.87325645,0.01998466,0.01998466,28911,89,0
6912.71693086,6912.71701524,3381.04407297,3381.04055461,0.04591239,1329.78725068,0.01998466,0.01998466,28910,89,0
6912.95619304,6912.95615025,3391.02342940,3391.02521668,0.04944084,1329.69925419,0.01998466,0.01998466,28909,89,0
6913.19515626,6913.19530180,3401.01934357,3401.01325568,0.03620364,1329.60945706,0.01998466,0.01998466,28908,89,0
6913.43484658,6913.43446989,3411.03140142,3411.04718250,0.03775085,1329.51746411,0.01998467,0.01998467,28907,89,0
6913.67353569,6913.67365453,3421.05948156,3421.05449498,0.04111151,1329.42393506,0.01998466,0.01998467,28906,89,0
6913.91265541,6913.91285572,3431.10379235,3431.09537479,0.04143739,1329.32830573,0.01998466,0.01998467,28905,89,0
6914.15272397,6914.15207346,3441.16456142,3441.19194182,0.04088753,1329.23034172,0.01998467,0.01998467,28904,89,0
6914.39085025,6914.39130774,3451.24202932,3451.22274225,0.04467164,1329.13122430,0.01998466,0.01998467,28903,89,0
6914.63086050,6914.63055859,3461.33647804,3461.34922662,0.05696691,1329.02935024,0.01998467,0.01998467,28902,89,0
6914.87005299,6914.86982598,3471.44820118,3471.45780288,0.02968821,1328.92584156,0.01998467,0.01998467,28901,89,0
6915.10910439,6915.10910993,3481.57747154,3481.57723686,0.05107664,1328.82040575,0.01998467,0.01998467,28900,89,0
6915.34877352,6915.34841044,3491.72424357,3491.73965142,0.04324301,1328.71269376,0.01998467,0.01998467,28899,89,0
6915.58765254,6915.58772751,3501.88823936,3501.88505276,0.04460599,1328.60333460,0.01998467,0.01998467,28898,89,0
6915.82712604,6915.82706114,3512.06917285,3512.07193564,0.03897663,1328.49169128,0.01998467,0.01998467,28897,89,0
6916.06686803,6916.06641133,3522.26675242,3522.28622507,0.05350699,1328.37789955,0.01998467,0.01998467,28896,89,0
6916.30513251,6916.30577809,3532.48067822,3532.45311007,0.05303527,1328.26279841,0.01998466,0.01998467,28895,89,0
6916.54536810,6916.54516141,3542.71064655,3542.71948582,0.04448241,1328.14471083,0.01998467,0.01998467,28894,89,0
6916.78425552,6916.78456131,3552.95655928,3552.94346209,0.03350916,1328.02525353,0.01998466,0.01998467,28893,89,0
6917.02374462,6917.02397777,3563.21956205,3563.20955933,0.04324838,1327.90343919,0.01998466,0.01998467,28892,89,0
6917.26317471,6917.26341080,3573.50127179,3573.49112413,0.05175626,1327.77956853,0.01998466,0.01998467,28891,89,0
6917.50282593,6917.50286041,3583.80324350,3583.80175853,0.04870690,1327.65346565,0.01998466,0.01998467,28890,89,0
6917.74186761,6917.74232659,3594.12538171,3594.10557995,0.03938565,1327.52556347,0.01998466,0.01998467,28889,89,0
6917.96677001,nan,0.00000000,3603.82937987,0.42782872,1327.40313523,0.01998462,0.01998467,28888,89,1
6918.22113749,6918.22130869,3614.82335576,3614.81594701,0.04009621,1327.26279166,0.01998466,0.01998467,28887,89,0
6918.46019725,6918.46082460,3625.19675902,3625.16956714,0.04488004,1327.12857560,0.01998466,0.01998467,28886,89,0
6918.69946759,6918.70035710,3635.58805990,3635.54943685,0.05174495,1326.99211247,0.01998466,0.01998467,28885,89,0
6918.93973098,6918.93990618,3645.99947617,3645.99185365,0.03821365,1326.85290070,0.01998466,0.01998467,28884,89,0
6919.17901401,6919.17947185,3656.43277308,3656.41281360,0.05020768,1326.71204897,0.01998466,0.01998467,28883,89,0
6919.41876003,6919.41905411,3666.88699682,3666.87415308,0.04174328,1326.56871642,0.01998466,0.01998467,28882,89,0
6919.65826119,6919.65865295,3677.36020614,3677.34306779,0.05091498,1326.42333935,0.01998466,0.01998467,28881,89,0
6919.89759576,6919.89826839,3687.85055783,3687.82108816,0.04063749,1326.27589206,0.01998466,0.01998467,28880,89,0
6920.13753588,6920.13790041,3698.35806686,3698.34206959,0.05060087,1326.12588378,0.01998467,0.01998467,28879,89,0
6920.37722338,6920.37754903,3708.88423582,3708.86991898,0.04711620,1325.97381541,0.01998467,0.01998467,28878,89,0
6920.61706093,6920.61721425,3719.43060981,3719.42385670,0.05234664,1325.81940027,0.01998467,0.01998467,28877,89,0
6920.85709011,6920.85689606,3729.99779606,3730.00635915,0.04520525,1325.66258700,0.01998467,0.01998467,28876,89,0
6921.09706315,6921.09659448,3740.58486678,3740.60558544,0.04841743,1325.50353850,0.01998467,0.01998467,28875,89,0
6921.33623504,6921.33630949,3751.19074382,3751.18744729,0.03839186,1325.34276667,0.01998467,0.01998467,28874,89,0
6921.57580005,6921.57604110,3761.81466873,3761.80397749,0.05262575,1325.17947627,0.01998467,0.01998467,28873,89,0
6921.81541908,6921.81578933,3772.45696305,3772.44051438,0.04513372,1325.01387760,0.01998467,0.01998467,28872,89,0
6922.05477917,6922.05555415,3783.11817466,3783.08368509,0.04196779,1324.84617152,0.01998466,0.01998467,28871,89,0
6922.29502981,6922.29533559,3793.79882134,3793.78518913,0.04985611,1324.67552520,0.01998467,0.01998467,28870,89,0
6922.53542140,6922.53513363,3804.49918787,3804.51204034,0.04903582,1324.50244109,0.01998467,0.01998467,28869,89,0
6922.77502140,6922.77494828,3815.21946483,3815.22273623,0.05118201,1324.32758643,0.01998467,0.01998467,28868,89,0
6923.01469242,6923.01477955,3825.95983491,3825.95592946,0.03751997,1324.15032859,0.01998467,0.01998467,28867,89,0
6923.25448620,6923.25462743,3836.72035154,3836.71400960,0.05063779,1323.97061483,0.01998467,0.01998467,28866,89,0
6923.49516995,6923.49449193,3847.50097295,3847.53147362,0.03650128,1323.78784497,0.01998467,0.01998467,28865,89,0
6923.73402923,6923.73437305,3858.30166993,3858.28617563,0.05124433,1323.60408394,0.01998467,0.01998467,28864,89,0
6923.97402851,6923.97427078,3869.12292428,3869.11198546,0.04967805,1323.41704218,0.01998467,0.01998467,28863,89,0
6924.21414624,6924.21418514,3879.96584186,3879.96408175,0.03414194,1323.22746635,0.01998467,0.01998467,28862,89,0
6924.45433005,6924.45411612,3890.83157068,3890.84126896,0.03950899,1323.03536276,0.01998467,0.01998467,28861,89,0
6924.69401709,6924.69406373,3901.72041608,3901.71829757,0.04206377,1322.84117036,0.01998467,0.01998467,28860,89,0
6924.93381887,6924.93402796,3912.63103851,3912.62152304,0.04271366,1322.64441131,0.01998467,0.01998467,28859,89,0
6925.17393864,6925.17400882,3923.56189572,3923.55869610,0.04217584,1322.44492856,0.01998467,0.01998467,28858,89,0
6925.41389969,6925.41400632,3934.51227564,3934.50740612,0.03981972,1322.24311789,0.01998467,0.01998467,28857,89,0
6925.65400741,6925.65402044,3945.48399212,3945.48339611,0.04829206,1322.03867806,0.01998467,0.01998467,28856,89,0
6925.89379882,6925.89405120,3956.47935131,3956.46777773,0.04967466,1321.83195072,0.01998467,0.01998467,28855,89,0
6926.13368784,6926.13409859,3967.49987905,3967.48100154,0.04738195,1321.62254038,0.01998467,0.01998467,28854,89,0
6926.37406773,6926.37416262,3978.54350676,3978.53913777,0.04653019,1321.41012014,0.01998467,0.01998467,28853,89,0
6926.61415833,6926.61424329,3989.60713094,3989.60321298,0.03598998,1321.19542401,0.01998467,0.01998467,28852,89,0
6926.85402244,6926.85434059,4000.68830570,4000.67361036,0.04396843,1320.97844117,0.01998467,0.01998467,28851,89,0
6927.09439868,6927.09445455,4011.78898999,4011.78640467,0.05703500,1320.75845047,0.01998467,0.01998467,28850,89,0
6927.33443252,6927.33458514,4022.91290874,4022.90583060,0.04467905,1320.53614574,0.01998467,0.01998467,28849,89,0
6927.57517023,6927.57473238,4034.06338049,4034.08373450,0.03912307,1320.31047146,0.01998467,0.01998467,28848,89,0
6927.81444131,6927.81489627,4045.23979616,4045.21860168,0.04951244,1320.08347283,0.01998467,0.01998467,28847,89,0
6928.05475678,6928.05507681,4056.43949349,4056.42455679,0.04735849,1319.85281520,0.01998467,0.01998467,28846,89,0
6928.29528745,6928.29527399,4067.65996129,4067.66059051,0.03747634,1319.61931293,0.01998467,0.01998467,28845,89,0
6928.53574132,6928.53548784,4078.90094762,4078.91282032,0.04972166,1319.38324101,0.01998467,0.01998467,28844,89,0
nan,nan,0.00000000,-1.00000000,0.00000000,1319.14844633,nan,0.00000000,-2147483648,89,1
nan,nan,0.00000000,-1.00000000,0.00000000,1314.96883679,nan,0.00000000,-2147483648,88,1
6888.17617150,6888.17438996,8.69418379,8.74269888,0.06973035,1315.31827740,0.01998467,0.01998466,29013,88,0
6888.41155678,6888.41183025,15.16224615,15.15479409,0.03688561,1315.64982487,0.01998466,0.01998466,29012,88,0
6888.64938984,6888.64928690,21.63491638,21.63772315,0.05309857,1315.98428218,0.01998466,0.01998466,29011,88,0
6888.88643990,6888.88675993,28.11226162,28.10352953,0.04249040,1316.31710230,0.01998466,0.01998466,29010,88,0
6889.12527323,6889.12424932,34.59434929,34.62230562,0.05386728,1316.65188695,0.01998467,0.01998466,29009,88,0
6889.36289202,6889.36175508,41.08121177,41.11227457,0.01515790,1316.98443213,0.01998467,0.01998466,29008,88,0
6889.59836188,6889.59927722,47.57271807,47.54769374,0.06000902,1317.31343346,0.01998466,0.01998466,29007,88,0
6889.83682474,6889.83681574,54.06868936,54.06893578,0.03590191,1317.64606187,0.01998466,0.01998466,29006,88,0
6890.07511030,6890.07437063,60.56894606,60.58919166,0.04721830,1317.97787469,0.01998466,0.01998466,29005,88,0
6890.31226403,6890.31194190,67.07330782,67.08212980,0.05496169,1318.30753696,0.01998466,0.01998466,29004,88,0
6890.54859354,6890.54952955,73.58161185,73.55596464,0.05525454,1318.63547396,0.01998466,0.01998466,29003,88,0
6890.78641779,6890.78713358,80.09391677,80.07429276,0.02476622,1318.96490282,0.01998466,0.01998466,29002,88,0
6891.02488171,6891.02475400,86.61042926,86.61393258,0.04242083,1319.29464047,0.01998466,0.01998466,29001,88,0
6891.26263550,6891.26239080,93.13135950,93.13807652,0.04042887,1319.62283007,0.01998466,0.01998466,29000,88,0
6891.49901834,6891.50004399,99.65691858,99.62874681,0.05512039,1319.94857595,0.01998466,0.01998466,28999,88,0
6891.73723610,6891.73771357,106.18731610,106.17419223,0.04514226,1320.27630333,0.01998466,0.01998466,28998,88,0
6891.97573756,6891.97539954,112.72265817,112.73195547,0.06003941,1320.60387465,0.01998466,0.01998466,28997,88,0
6892.21363531,6892.21310190,119.26290778,119.27758922,0.06690772,1320.93006874,0.01998466,0.01998466,28996,88,0
6892.44976669,6892.45082065,125.80801735,125.77898889,0.03155378,1321.25329572,0.01998466,0.01998466,28995,88,0
6892.68957636,6892.68855580,132.35793908,132.38606622,0.05701597,1321.58099788,0.01998467,0.01998466,28994,88,0
6892.92591339,6892.92630735,138.91262496,138.90176005,0.03710487,1321.90339879,0.01998466,0.01998466,28993,88,0
6893.16452171,6893.16407530,145.47201998,145.48433916,0.04724528,1322.22833409,0.01998466,0.01998466,28992,88,0
6893.40159553,6893.40185965,152.03605000,152.02875686,0.02758102,1322.55061337,0.01998466,0.01998466,28991,88,0
6893.63916121,6893.63966040,158.60463727,158.59084428,0.04914235,1322.87298972,0.01998466,0.01998466,28990,88,0
6893.87783032,6893.87747755,165.17770370,165.18745677,0.03672312,1323.19628201,0.01998466,0.01998466,28989,88,0
6894.11478973,6894.11531111,171.75517088,171.74074737,0.06487938,1323.51667667,0.01998466,0.01998466,28988,88,0
6894.35429229,6894.35316108,178.33699200,178.36830436,0.07352648,1323.83991724,0.01998467,0.01998466,28987,88,0
6894.59069031,6894.59102746,184.92330168,184.91396339,0.03618018,1324.15838864,0.01998466,0.01998466,28986,88,0
6894.82789426,6894.82891025,191.51429919,191.48613998,0.04224767,1324.47737560,0.01998466,0.01998466,28985,88,0
6895.06661159,6895.06680945,198.11018472,198.10469711,0.02633619,1324.79782931,0.01998466,0.01998466,28984,88,0
6895.30401491,6895.30472507,204.71115931,204.69144892,0.04078163,1325.11596170,0.01998466,0.01998466,28983,88,0
6895.54273554,6895.54265710,211.31740482,211.31958367,0.04195298,1325.43530601,0.01998466,0.01998466,28982,88,0
6895.78058678,6895.78060555,217.92887016,217.92834851,0.03387421,1325.75293133,0.01998466,0.01998466,28981,88,0
6896.01781972,6896.01857042,224.54535296,224.52447336,0.05024338,1326.06916685,0.01998466,0.01998466,28980,88,0
6896.25663753,6896.25655171,231.16664745,231.16903608,0.05688193,1326.38693449,0.01998466,0.01998466,28979,88,0
6896.49600261,6896.49454942,237.79254692,237.83301618,0.04457116,1326.70483431,0.01998467,0.01998466,28978,88,0
6896.73367875,6896.73256356,244.42285010,244.45392466,0.04717726,1327.01988962,0.01998467,0.01998466,28977,88,0
6896.97130888,6896.97059412,251.05752441,251.07745299,0.03726988,1327.33428195,0.01998466,0.01998466,28976,88,0
6897.20784846,6897.20864112,257.69672172,257.67460732,0.05618849,1327.64663934,0.01998466,0.01998466,28975,88,0
6897.44748326,6897.44670454,264.34060387,264.36234357,0.05076633,1327.96248795,0.01998466,0.01998466,28974,88,0
6897.68458210,6897.68478439,270.98933338,270.98368206,0.04218166,1328.27440966,0.01998466,0.01998466,28973,88,0
6897.92278023,6897.92288068,277.64307277,277.64026465,0.05230141,1328.58719832,0.01998466,0.01998466,28972,88,0
6898.16138241,6898.16099340,284.30192553,284.31280793,0.05380746,1328.89993871,0.01998466,0.01998466,28971,88,0
6898.39840151,6898.39912256,290.96589119,290.94570580,0.02415242,1329.21002889,0.01998466,0.01998466,28970,88,0
6898.63673850,6898.63726815,297.63495874,297.62012123,0.04838109,1329.52126296,0.01998466,0.01998466,28969,88,0
6898.87608019,6898.87543019,304.30911714,304.32733895,0.04633113,1329.83322126,0.01998466,0.01998466,28968,88,0
6899.11447751,6899.11360867,310.98835528,311.01272866,0.03697655,1330.14336096,0.01998466,0.01998466,28967,88,0
6899.36648891,nan,0.00000000,318.09266578,0.20943338,1330.47092958,0.01998471,0.01998466,28966,88,1
6899.59003904,6899.59001495,324.36207756,324.36275411,0.04889456,1330.76027786,0.01998466,0.01998466,28965,88,0
6899.82781385,6899.82824277,331.05659990,331.04454270,0.03763469,1331.06784869,0.01998466,0.01998466,28964,88,0
6900.06639408,6900.06648703,337.75625764,337.75364310,0.06179804,1331.37587086,0.01998466,0.01998466,28963,88,0
6900.30378647,6900.30474774,344.46107184,344.43401175,0.04349425,1331.68177164,0.01998466,0.01998466,28962,88,0
6900.54386727,6900.54302490,351.17104640,351.19477613,0.06490018,1331.99053882,0.01998466,0.01998466,28961,88,0
6900.78167136,6900.78131852,357.88611421,357.89606066,0.03048913,1332.29578049,0.01998466,0.01998466,28960,88,0
6901.01961540,6901.01962859,364.60618953,364.60581755,0.04264638,1332.60060116,0.01998466,0.01998466,28959,88,0
6901.25791383,6901.25795511,371.33118623,371.33002086,0.05167898,1332.90526813,0.01998466,0.01998466,28958,88,0
6901.49651324,6901.49629810,378.06101779,378.06709446,0.02687880,1333.20970511,0.01998466,0.01998466,28957,88,0
6901.73461164,6901.73465755,384.79561840,384.79432075,0.06296842,1333.51288504,0.01998466,0.01998466,28956,88,0
6901.97291289,6901.97303346,391.53504718,391.53163727,0.04284896,1333.81570648,0.01998466,0.01998466,28955,88,0
6902.21193857,6902.21142583,398.27940952,398.29392032,0.04217713,1334.11883176,0.01998466,0.01998466,28954,88,0
6902.44975515,6902.44983467,405.02881135,405.02655930,0.07026863,1334.41981383,0.01998466,0.01998466,28953,88,0
6902.68831521,6902.68825997,411.78335906,411.78492454,0.03705826,1334.72112877,0.01998466,0.01998466,28952,88,0
6902.92694574,6902.92670175,418.54315013,418.55006980,0.04341145,1335.02192606,0.01998466,0.01998466,28951,88,0
6903.16542526,6903.16515999,425.30820560,425.31573378,0.04563838,1335.32192601,0.01998466,0.01998466,28950,88,0
6903.40401619,6903.40363471,432.07850911,432.08934313,0.06661486,1335.62145646,0.01998466,0.01998466,28949,88,0
6903.64299932,6903.64212590,438.85404398,438.87886641,0.03514812,1335.92086549,0.01998467,0.01998466,28948,88,0
6903.88038323,6903.88063357,445.63479341,445.62767378,0.04773649,1336.21766037,0.01998466,0.01998466,28947,88,0
6904.11915749,6904.11915771,452.42074172,452.42073546,0.04626818,1336.51557728,0.01998466,0.01998466,28946,88,0
6904.35804611,6904.35769834,459.21188586,459.22179027,0.06205436,1336.81301648,0.01998467,0.01998466,28945,88,0
6904.59548256,6904.59625544,466.00823051,465.98620402,0.04054056,1337.10803120,0.01998466,0.01998466,28944,88,0
6904.83374951,6904.83482903,472.80978044,472.77899350,0.05603102,1337.40345858,0.01998466,0.01998466,28943,88,0
6905.07277047,6905.07341910,479.61654048,479.59802922,0.04830457,1337.69919608,0.01998466,0.01998466,28942,88,0
6905.31233024,6905.31202565,486.42851028,486.43720881,0.04491756,1337.99497060,0.01998467,0.01998466,28941,88,0
6905.55082513,6905.55064870,493.24562004,493.25066209,0.05856480,1338.28879948,0.01998467,0.01998466,28940,88,0
6905.78975559,6905.78928823,500.06774986,500.08111505,0.03716131,1338.58252692,0.01998467,0.01998466,28939,88,0
6906.03047474,6906.02794426,0.00000000,506.95829933,0.08154033,1338.87741980,0.01998467,0.01998466,28938,88,1
6906.26532061,6906.26661677,513.72658287,513.68946987,0.05990259,1339.16523147,0.01998466,0.01998466,28937,88,0
6906.50497408,6906.50530578,520.56305743,520.55355381,0.03519227,1339.45789075,0.01998466,0.01998466,28936,88,0
6906.74404522,6906.74401129,527.40435225,527.40532499,0.04016174,1339.74918372,0.01998466,0.01998466,28935,88,0
6906.98349116,6906.98273330,534.25082439,534.27256747,0.04905924,1340.04029104,0.01998467,0.01998466,28934,88,0
6907.22131838,6907.22147180,541.10283833,541.09843313,0.02459204,1340.32880770,0.01998466,0.01998466,28933,88,0
6907.45984491,6907.46022681,547.96076026,547.94978630,0.07085796,1340.61756291,0.01998466,0.01998466,28932,88,0
6907.69879701,6907.69899832,554.82493418,554.81914461,0.05172221,1340.90623338,0.01998466,0.01998466,28931,88,0
6907.93773745,6907.93778633,561.69529039,561.69388324,0.04741272,1341.19428431,0.01998466,0.01998466,28930,88,0
6908.17737217,6908.17659085,568.57140648,568.59391180,0.04549599,1341.48254430,0.01998467,0.01998466,28929,88,0
6908.41568480,6908.41541188,575.45284692,575.46071350,0.04015825,1341.76857024,0.01998467,0.01998466,28928,88,0
6908.65490133,6908.65424942,582.33917408,582.35797591,0.04748482,1342.05501550,0.01998467,0.01998466,28927,88,0
6908.89332971,6908.89310347,589.22997385,589.23650260,0.04909555,1342.33983483,0.01998467,0.01998466,28926,88,0
6909.13253064,6909.13197403,596.12527959,596.14135164,0.05918534,1342.62489259,0.01998467,0.01998466,28925,88,0
6909.37110848,6909.37086111,603.02550885,603.03265643,0.03449853,1342.90854064,0.01998467,0.01998466,28924,88,0
6909.60924954,6909.60976471,609.93109347,609.91619674,0.06109675,1343.19102086,0.01998466,0.01998466,28923,88,0
6909.84798696,6909.84868482,616.84246736,616.82227180,0.05707103,1343.47357397,0.01998466,0.01998466,28922,88,0
6910.08695861,6910.08762145,623.76004040,623.74084202,0.04787383,1343.75578277,0.01998466,0.01998466,28921,88,0
6910.32698491,6910.32657461,630.68379762,630.69569083,0.04852329,1344.03860837,0.01998467,0.01998466,28920,88,0
6910.56544329,6910.56554429,637.61337502,637.61044519,0.04294498,1344.31894576,0.01998466,0.01998466,28919,88,0
6910.80503794,6910.80453049,644.54839666,644.56312713,0.03325160,1344.59995856,0.01998467,0.01998466,28918,88,0
6911.04363929,6911.04353322,651.48848475,651.49156581,0.04427620,1344.87913144,0.01998467,0.01998466,28917,88,0
6911.28264967,6911.28255248,658.43329108,658.43611586,0.03749892,1345.15809203,0.01998467,0.01998466,28916,88,0
6911.52133843,6911.52158827,665.38291023,665.37564412,0.04048363,1345.43598939,0.01998466,0.01998466,28915,88,0
6911.76055915,6911.76064059,672.33776739,672.33539691,0.04414040,1345.71383174,0.01998466,0.01998466,28914,88,0
6911.99928008,6911.99970945,679.29829759,679.28579162,0.04294377,1345.99043614,0.01998466,0.01998466,28913,88,0
6912.23899332,6912.23879484,686.26493794,686.27072391,0.05144523,1346.26754484,0.01998467,0.01998466,28912,88,0
6912.47781361,6912.47789677,693.23808476,693.23565848,0.04998143,1346.54299163,0.01998466,0.01998466,28911,88,0
6912.71707036,6912.71701524,700.21764312,700.21925263,0.04925934,1346.81830563,0.01998466,0.01998466,28910,88,0
6912.95659855,6912.95615025,707.20320192,707.21630262,0.04597015,1347.09327571,0.01998467,0.01998466,28909,88,0
6913.19623324,6913.19530180,714.19434292,714.22158121,0.04298907,1347.36769244,0.01998467,0.01998466,28908,88,0
6913.43509450,6913.43446989,721.19064586,721.20892321,0.05061436,1347.64053273,0.01998467,0.01998467,28907,88,0
6913.67417653,6913.67365453,728.19174229,728.20702638,0.05162790,1347.91291855,0.01998467,0.01998467,28906,88,0
6913.91263545,6913.91285572,735.19773856,735.19128503,0.05300471,1348.18389281,0.01998466,0.01998467,28905,88,0
6914.15279403,6914.15207346,742.20899016,742.23011702,0.05150795,1348.45610238,0.01998467,0.01998467,28904,88,0
6914.39152159,6914.39130774,749.22585642,749.23213114,0.05117996,1348.72600963,0.01998467,0.01998467,28903,88,0
6914.63085529,6914.63055859,756.24869847,756.25741131,0.04792822,1348.99593323,0.01998467,0.01998467,28902,88,0
6914.86993254,6914.86982598,763.27782657,763.28095838,0.04189831,1349.26490866,0.01998466,0.01998467,28901,88,0
6915.10903095,6915.10910993,770.31321061,770.31088761,0.03942219,1349.53324588,0.01998466,0.01998467,28900,88,0
6915.34811351,6915.34841044,777.35468360,777.34594293,0.04047240,1349.80089483,0.01998466,0.01998467,28899,88,0
6915.58723444,6915.58772751,784.40207734,784.38755204,0.03439226,1350.06790765,0.01998466,0.01998467,28898,88,0
6915.82694045,6915.82706114,791.45522281,791.45166467,0.04162735,1350.33488373,0.01998466,0.01998467,28897,88,0
6916.06604366,6916.06641133,798.51398768,798.50314069,0.04167925,1350.60049317,0.01998466,0.01998467,28896,88,0
6916.30508487,6916.30577809,805.57841085,805.55794438,0.04009774,1350.86533912,0.01998466,0.01998467,28895,88,0
6916.54507749,6916.54516141,812.64858051,812.64610100,0.03601371,1351.13054186,0.01998466,0.01998467,28894,88,0
6916.78429360,6916.78456131,819.72458533,819.71666952,0.04896507,1351.39419250,0.01998466,0.01998467,28893,88,0
6917.02354316,6917.02397777,826.80651435,826.79365383,0.05318723,1351.65718827,0.01998466,0.01998467,28892,88,0
6917.26276738,6917.26341080,833.89443535,833.87538070,0.06043494,1351.91946492,0.01998466,0.01998467,28891,88,0
6917.50274788,6917.50286041,840.98834974,840.98501473,0.05799245,1352.18187422,0.01998466,0.01998467,28890,88,0
6917.74200147,6917.74232659,848.08824626,848.07860320,0.05906662,1352.44279170,0.01998466,0.01998467,28889,88,0
6917.98236803,6917.98180935,855.19411352,855.21069690,0.04386507,1352.70421963,0.01998467,0.01998467,28888,88,0
6918.22127582,6918.22130869,862.30594062,862.30496426,0.04010093,1352.96335998,0.01998466,0.01998467,28887,88,0
6918.46007408,6918.46082460,869.42378425,869.40147170,0.03809509,1353.22168312,0.01998466,0.01998467,28886,88,0
6918.70003312,6918.70035710,876.54783531,876.53819563,0.03044311,1353.48056340,0.01998466,0.01998467,28885,88,0
6918.93968329,6918.93990618,883.67830136,883.67166393,0.04173149,1353.73841690,0.01998466,0.01998467,28884,88,0
6919.16830656,nan,0.00000000,890.49577662,0.11944367,1353.98423792,0.01998463,0.01998467,28883,88,1
6919.41885129,6919.41905411,897.95930611,897.95325579,0.05823292,1354.25192371,0.01998466,0.01998467,28882,88,0
6919.65874474,6919.65865295,905.10997568,905.11271611,0.05989691,1354.50797810,0.01998467,0.01998467,28881,88,0
6919.89819284,6919.89826839,912.26698766,912.26473039,0.04413685,1354.76285268,0.01998467,0.01998467,28880,88,0
6920.13853983,6920.13790041,919.42990659,919.44902638,0.03092337,1355.01795849,0.01998467,0.01998467,28879,88,0
6920.37740364,6920.37754903,926.59829480,926.59394425,0.03497041,1355.27075238,0.01998467,0.01998467,28878,88,0
6920.61662853,6920.61721425,933.77174655,933.75420989,0.04595287,1355.52317526,0.01998467,0.01998467,28877,88,0
6920.85666828,6920.85689606,940.95034650,940.94352199,0.06129831,1355.77570157,0.01998467,0.01998467,28876,88,0
6921.09652919,6921.09659448,948.13454950,948.13259211,0.04183708,1356.02729706,0.01998467,0.01998467,28875,88,0
6921.33657918,6921.33630949,955.32482167,955.33291453,0.04398046,1356.27836191,0.01998467,0.01998467,28874,88,0
6921.57632036,6921.57604110,962.52163151,962.53001847,0.03541865,1356.52839005,0.01998467,0.01998467,28873,88,0
6921.81598140,6921.81578933,969.72537289,969.73114686,0.04477775,1356.77763297,0.01998467,0.01998467,28872,88,0
6922.05608850,6922.05555415,976.93591112,976.95198755,0.05980730,1357.02662914,0.01998467,0.01998467,28871,88,0
6922.29510398,6922.29533559,984.15288732,984.14591358,0.05400893,1357.27377213,0.01998467,0.01998467,28870,88,0
6922.53526996,6922.53513363,991.37593995,991.38004803,0.03642195,1357.52136539,0.01998467,0.01998467,28869,88,0
6922.77475485,6922.77494828,998.60470562,998.59887281,0.04400267,1357.76750402,0.01998467,0.01998467,28868,88,0
6923.01498991,6923.01477955,1005.83894482,1005.84529233,0.04817706,1358.01364857,0.01998467,0.01998467,28867,88,0
6923.25491174,6923.25462743,1013.07884478,1013.08742985,0.05857202,1358.25871179,0.01998467,0.01998467,28866,88,0
6923.49498758,6923.49449193,1020.32468463,1020.33966289,0.03769363,1358.50317911,0.01998467,0.01998467,28865,88,0
6923.73424939,6923.73437305,1027.57674492,1027.57300505,0.03613543,1358.74607516,0.01998467,0.01998467,28864,88,0
6923.97402632,6923.97427078,1034.83530555,1034.82790571,0.04411000,1358.98875775,0.01998467,0.01998467,28863,88,0
6924.21430160,6924.21418514,1042.10049167,1042.10401965,0.05012721,1359.23120708,0.01998467,0.01998467,28862,88,0
6924.45443739,6924.45411612,1049.37216846,1049.38190913,0.03887606,1359.47277102,0.01998467,0.01998467,28861,88,0
6924.69381410,6924.69406373,1056.65017558,1056.64260083,0.04104961,1359.71282285,0.01998467,0.01998467,28860,88,0
6924.93354652,6924.93402796,1063.93435188,1063.91973191,0.05605861,1359.95247487,0.01998467,0.01998467,28859,88,0
6925.17455508,6925.17400882,1071.22454288,1071.24114350,0.04480041,1360.19263215,0.01998467,0.01998467,28858,88,0
6925.41418246,6925.41400632,1078.52071727,1078.52607436,0.04078854,1360.43064407,0.01998467,0.01998467,28857,88,0
6925.65386161,6925.65402044,1085.82294501,1085.81811092,0.04435309,1360.66794045,0.01998467,0.01998467,28856,88,0
6925.89444791,6925.89405120,1093.13129936,1093.14338294,0.05587557,1360.90536377,0.01998467,0.01998467,28855,88,0
6926.13424052,6926.13409859,1100.44585399,1100.45018051,0.03897332,1361.14123516,0.01998467,0.01998467,28854,88,0
6926.37387215,6926.37416262,1107.76670524,1107.75784383,0.05420465,1361.37618245,0.01998467,0.01998467,28853,88,0
6926.61469072,6926.61424329,1115.09408338,1115.10774519,0.04962447,1361.61152737,0.01998467,0.01998467,28852,88,0
6926.85443515,6926.85434059,1122.42826920,1122.43115876,0.03910195,1361.84506627,0.01998467,0.01998467,28851,88,0
6927.09453657,6927.09445455,1129.76954503,1129.77205409,0.05573584,1362.07820311,0.01998467,0.01998467,28850,88,0
6927.33472082,6927.33458514,1137.11819402,1137.12234832,0.04577009,1362.31067594,0.01998467,0.01998467,28849,88,0
6927.57487884,6927.57473238,1144.47430502,1144.47879344,0.03146916,1362.54237902,0.01998467,0.01998467,28848,88,0
6927.81480407,6927.81489627,1151.83750242,1151.83467451,0.06274316,1362.77309978,0.01998467,0.01998467,28847,88,0
6928.05499173,6928.05507681,1159.20734112,1159.20472964,0.04477594,1363.00329785,0.01998467,0.01998467,28846,88,0
6928.29520064,6928.29527399,1166.58337358,1166.58112003,0.03359527,1363.23272439,0.01998467,0.01998467,28845,88,0
6928.53543178,6928.53548784,1173.96517030,1173.96344706,0.05396110,1363.46136460,0.01998467,0.01998467,28844,88,0
6928.77572628,6928.77571833,1181.35275263,1181.35299710,0.03802134,1363.68925577,0.01998467,0.01998467,28843,88,0
6929.01599610,6929.01596548,1188.74658618,1188.74752895,0.05661687,1363.91632640,0.01998467,0.01998467,28842,88,0
6929.25590003,6929.25622929,1196.14715768,1196.13701137,0.04920678,1364.14226850,0.01998467,0.01998467,28841,88,0
6929.49610120,6929.49650976,1203.55495650,1203.54235462,0.04118690,1364.36771931,0.01998467,0.01998467,28840,88,0
6929.73666801,6929.73680689,1210.97038967,1210.96610190,0.05340599,1364.59274951,0.01998467,0.01998467,28839,88,0
6929.97711371,6929.97712068,1218.39334219,1218.39312662,0.03209043,1364.81689631,0.01998467,0.01998467,28838,88,0
6930.21793213,6930.21745114,1225.82349864,1225.83837573,0.05099925,1365.04060657,0.01998467,0.01998467,28837,88,0
6930.45810467,6930.45779826,1233.26054146,1233.27002634,0.04231663,1365.26292320,0.01998467,0.01998467,28836,88,0
6930.69794967,6930.69816206,1240.70415229,1240.69757245,0.03656044,1365.48413377,0.01998467,0.01998467,28835,88,0
6930.93850469,6930.93854252,1248.15416251,1248.15298972,0.05447402,1365.70518589,0.01998467,0.01998467,28834,88,0
6931.17847450,6931.17893965,1255.61071682,1255.59628288,0.03766658,1365.92489061,0.01998467,0.01998467,28833,88,0
6931.41954120,6931.41935346,1263.07399979,1263.07983033,0.05315601,1366.14478840,0.01998467,0.01998467,28832,88,0
6931.65945044,6931.65978394,1270.54419698,1270.53383034,0.03376059,1366.36282610,0.01998467,0.01998467,28831,88,0
6931.90019276,6931.90023110,1278.02148553,1278.02029261,0.04663045,1366.58081701,0.01998467,0.01998467,28830,88,0
6932.14048850,6932.14069494,1285.50591001,1285.49948181,0.03361213,1366.79759910,0.01998467,0.01998467,28829,88,0
6932.38091326,6932.38117546,1292.99741632,1292.98924479,0.05047536,1367.01368904,0.01998467,0.01998467,28828,88,0
6932.62152796,6932.62167266,1300.49594771,1300.49143402,0.03288918,1367.22913569,0.01998467,0.01998467,28827,88,0
6932.86269394,6932.86218655,1308.00144707,1308.01728772,0.05088864,1367.44425458,0.01998467,0.01998467,28826,88,0
6933.10258198,6933.10271712,1315.51385374,1315.50963143,0.03132961,1367.65741343,0.01998467,0.01998467,28825,88,0
6933.34274408,6933.34326437,1323.03309455,1323.01682396,0.04860388,1367.86999184,0.01998467,0.01998467,28824,88,0
6933.58358624,6933.58382832,1330.55909310,1330.55151669,0.03608267,1368.08233957,0.01998467,0.01998467,28823,88,0
6933.82423299,6933.82440896,1338.09177251,1338.08626061,0.04711400,1368.29367753,0.01998467,0.01998467,28822,88,0
6934.06451688,6934.06500629,1345.63106095,1345.61571898,0.03857706,1368.50385711,0.01998467,0.01998467,28821,88,0
6934.30576141,6934.30562031,1353.17704700,1353.18147409,0.05443236,1368.71403282,0.01998467,0.01998467,28820,88,0
6934.54622957,6934.54625103,1360.73000306,1360.72932905,0.05070977,1368.92269540,0.01998467,0.01998467,28819,88,0
6934.78719208,6934.78689845,1368.29021297,1368.29944214,0.03722936,1369.13095418,0.01998467,0.01998467,28818,88,0
6935.02722312,6935.02756256,1375.85796218,1375.84728307,0.05055664,1369.33758412,0.01998467,0.01998467,28817,88,0
6935.26808545,6935.26824338,1383.43347523,1383.42850201,0.03352692,1369.54410649,0.01998467,0.01998467,28816,88,0
6935.50907189,6935.50894090,1391.01663692,1391.02076563,0.05336182,1369.74990393,0.01998467,0.01998467,28815,88,0
6935.74934489,6935.74965513,1398.60721563,1398.59742842,0.03495191,1369.95425513,0.01998467,0.01998467,28814,88,0
6935.99037113,6935.99038606,1406.20497834,1406.20450700,0.05296814,1370.15839823,0.01998467,0.01998467,28813,88,0
6936.23056145,6936.23113370,1413.80969280,1413.79160917,0.05394895,1370.36097881,0.01998467,0.01998467,28812,88,0
6936.47211746,6936.47189805,1421.42122952,1421.42816887,0.02959973,1370.56384483,0.01998467,0.01998467,28811,88,0
6936.71288085,6936.71267911,1429.03960715,1429.04599274,0.04581596,1370.76517850,0.01998467,0.01998467,28810,88,0
6936.95363239,6936.95347689,1436.66485582,1436.66978198,0.05170765,1370.96563528,0.01998467,0.01998467,28809,88,0
6937.19491755,6937.19429138,1444.29700584,1444.31685931,0.03466116,1371.16566470,0.01998467,0.01998467,28808,88,0
6937.43518780,6937.43512259,1451.93613216,1451.93820177,0.04984876,1371.36398496,0.01998467,0.01998467,28807,88,0
6937.67631331,6937.67597051,1459.58259104,1459.59347944,0.05502073,1371.56214712,0.01998467,0.01998467,28806,88,0
6937.91683919,6937.91683516,1467.23685001,1467.23697811,0.04285447,1371.75896334,0.01998467,0.01998467,28805,88,0
6938.15769773,6938.15771653,1474.89937957,1474.89878150,0.04570095,1371.95520694,0.01998467,0.01998467,28804,88,0
6938.39860519,6938.39861462,1482.57064383,1482.57034340,0.03134110,1372.15065329,0.01998467,0.01998467,28803,88,0
6938.63927267,6938.63952943,1490.25064350,1490.24245416,0.05316035,1372.34506569,0.01998467,0.01998467,28802,88,0
6938.88094669,6938.88046098,1497.93869839,1497.95420431,0.05046985,1372.53942645,0.01998467,0.01998467,28801,88,0
6939.12158709,6939.12140925,1505.63407036,1505.63975257,0.02917701,1372.73207342,0.01998467,0.01998467,28800,88,0
6939.36247914,6939.36237426,1513.33601690,1513.33937061,0.05201796,1372.92401858,0.01998467,0.01998467,28799,88,0
6939.60319054,6939.60335599,1521.04395281,1521.03865866,0.04920032,1373.11490013,0.01998467,0.01998467,28798,88,0
6939.84420412,6939.84435447,1528.75821663,1528.75340219,0.05281364,1373.30510633,0.01998467,0.01998467,28797,88,0
6940.08551113,6940.08536967,1536.47947886,1536.48401278,0.02775952,1373.49464091,0.01998467,0.01998467,28796,88,0
6940.32620260,6940.32640162,1544.20841436,1544.20202948,0.05129343,1373.68280539,0.01998467,0.01998467,28795,88,0
6940.56758851,6940.56745030,1551.94568851,1551.95012715,0.04996213,1373.87063661,0.01998467,0.01998467,28794,88,0
6940.80822409,6940.80851573,1559.69151933,1559.68214388,0.04683653,1374.05701262,0.01998467,0.01998467,28793,88,0
6941.04946794,6941.04959790,1567.44557789,1567.44139609,0.02818088,1374.24297523,0.01998467,0.01998467,28792,88,0
6941.29058497,6941.29069681,1575.20750025,1575.20389808,0.04829297,1374.42794330,0.01998467,0.01998467,28791,88,0
6941.53150368,6941.53181247,1582.97692027,1582.96696583,0.05342690,1374.61185210,0.01998467,0.01998467,28790,88,0
6941.77287506,6941.77294488,1590.75357228,1590.75131957,0.05106324,1374.79518796,0.01998467,0.01998467,28789,88,0
6942.01459192,6942.01409403,1598.53761245,1598.55369095,0.05649213,1374.97786577,0.01998467,0.01998467,28788,88,0
6942.25552792,6942.25525994,1606.32930703,1606.33796900,0.02846736,1375.15904007,0.01998467,0.01998467,28787,88,0
6942.49638852,6942.49644261,1614.12892382,1614.12717384,0.04594301,1375.33924939,0.01998467,0.01998467,28786,88,0
6942.73772247,6942.73764202,1621.93671874,1621.93932419,0.04993764,1375.51890482,0.01998467,0.01998467,28785,88,0
6942.97890803,6942.97885820,1629.75272470,1629.75434019,0.04832667,1375.69753921,0.01998467,0.01998467,28784,88,0
6943.21994074,6943.22009113,1637.57678953,1637.57190938,0.05402961,1375.87514431,0.01998467,0.01998467,28783,88,0
6943.46157826,6943.46134083,1645.40875455,1645.41646625,0.02394994,1376.05226907,0.01998467,0.01998467,28782,88,0
6943.70235646,6943.70260728,1653.24846047,1653.24030667,0.05306936,1376.22783505,0.01998467,0.01998467,28781,88,0
6943.94394717,6943.94389050,1661.09585216,1661.09769623,0.04810772,1376.40305730,0.01998467,0.01998467,28780,88,0
6944.18533981,6944.18519049,1668.95112450,1668.95598788,0.04726086,1376.57720057,0.01998467,0.01998467,28779,88,0
6944.42613869,6944.42650724,1676.81451001,1676.80249490,0.05271671,1376.74998599,0.01998467,0.01998467,28778,88,0
6944.66747819,6944.66784076,1684.68624262,1684.67441050,0.05394497,1376.92222974,0.01998467,0.01998467,28777,88,0
6944.90907680,6944.90919105,1692.56651700,1692.56278450,0.03026848,1377.09372719,0.01998467,0.01998467,28776,88,0
6945.15055339,6945.15055812,1700.45522835,1700.45507361,0.05480095,1377.26420136,0.01998467,0.01998467,28775,88,0
6945.39220048,6945.39194196,1708.35213633,1708.36059778,0.05465898,1377.43384995,0.01998467,0.01998467,28774,88,0
6945.63369443,6945.63334258,1716.25699842,1716.26852538,0.04626316,1377.60243722,0.01998467,0.01998467,28773,88,0
6945.87494484,6945.87475997,1724.16957762,1724.17563945,0.04604657,1377.76989426,0.01998467,0.01998467,28772,88,0
6946.11598930,6946.11619414,1732.08985042,1732.08312757,0.04907092,1377.93624633,0.01998467,0.01998467,28771,88,0
6946.35729670,6946.35764510,1740.01804342,1740.00659817,0.04539857,1378.10181831,0.01998467,0.01998467,28770,88,0
6946.59894800,6946.59911284,1747.95439863,1747.94897818,0.03954311,1378.26666401,0.01998467,0.01998467,28769,88,0
6946.84092290,6946.84059736,1755.89915951,1755.90987515,0.04612167,1378.43076733,0.01998467,0.01998467,28768,88,0
6947.08189526,6947.08209867,1763.85250229,1763.84580023,0.04534909,1378.59323318,0.01998467,0.01998467,28767,88,0
6947.32375881,6947.32361676,1771.81440232,1771.81908737,0.04567591,1378.75533505,0.01998467,0.01998467,28766,88,0
6947.56505410,6947.56515165,1779.78479788,1779.78157707,0.04533890,1378.91608817,0.01998467,0.01998467,28765,88,0
6947.80672244,6947.80670333,1787.76362682,1787.76425817,0.04810277,1379.07611619,0.01998467,0.01998467,28764,88,0
6948.04816300,6948.04827181,1795.75082756,1795.74722817,0.05077392,1379.23501574,0.01998467,0.01998467,28763,88,0
6948.28994336,6948.28985707,1803.74634573,1803.74920272,0.04322738,1379.39315525,0.01998467,0.01998467,28762,88,0
6948.53199768,6948.53145914,1811.75013017,1811.76797943,0.04180047,1379.55048354,0.01998467,0.01998467,28761,88,0
6948.77295970,6948.77307800,1819.76212938,1819.75820474,0.04483313,1379.70611328,0.01998467,0.01998467,28760,88,0
6949.01461127,6949.01471367,1827.78229541,1827.77889498,0.04429220,1379.86119355,0.01998467,0.01998467,28759,88,0
6949.25620927,6949.25636614,1835.81067646,1835.80546239,0.04328587,1380.01524117,0.01998467,0.01998467,28758,88,0
6949.49810937,6949.49803541,1843.84742110,1843.84988192,0.03930682,1380.16848087,0.01998467,0.01998467,28757,88,0
6949.74000861,6949.73972149,1851.89268338,1851.90224596,0.03731631,1380.32071838,0.01998467,0.01998467,28756,88,0
6949.98119203,6949.98142437,1859.94661839,1859.93887251,0.03967323,1380.47150763,0.01998467,0.01998467,28755,88,0
6950.22247675,6950.22314407,1868.00938543,1867.98711512,0.04253749,1380.62136273,0.01998467,0.01998467,28754,88,0
6950.46448562,6950.46488057,1876.08115189,1876.06795708,0.03816126,1380.77066487,0.01998467,0.01998467,28753,88,0
6950.70644365,6950.70663389,1884.16208717,1884.15572463,0.04390703,1380.91893117,0.01998467,0.01998467,28752,88,0
6950.94837987,6950.94840402,1892.25236170,1892.25155300,0.05014638,1381.06617919,0.01998467,0.01998467,28751,88,0
6951.19019874,6951.19019097,1900.35205882,1900.35231931,0.04920284,1381.21234932,0.01998467,0.01998467,28750,88,0
6951.43223685,6951.43199474,1908.46084761,1908.46897082,0.05857361,1381.35763458,0.01998467,0.01998467,28749,88,0
6951.67364802,6951.67381533,1916.57827314,1916.57265441,0.04502611,1381.50151787,0.01998467,0.01998467,28748,88,0
6951.91572418,6951.91565274,1924.70387749,1924.70627897,0.04668181,1381.64475735,0.01998467,0.01998467,28747,88,0
6952.15685161,6952.15750697,1932.83726262,1932.81521361,0.03951956,1381.78638978,0.01998467,0.01998467,28746,88,0
6952.39947469,6952.39937803,1940.97866514,1940.98192039,0.04108523,1381.92784827,0.01998467,0.01998467,28745,88,0
6952.64121928,6952.64126591,1949.12869368,1949.12712164,0.03876644,1382.06775172,0.01998467,0.01998467,28744,88,0
6952.88285796,6952.88317062,1957.28796540,1957.27741369,0.04301000,1382.20656052,0.01998467,0.01998467,28743,88,0
6953.12523687,6953.12509217,1965.45707863,1965.46196788,0.05970611,1382.34476291,0.01998467,0.01998467,28742,88,0
6953.36700347,6953.36703054,1973.63606856,1973.63515276,0.04530936,1382.48158334,0.01998467,0.01998467,28741,88,0
6953.60918699,6953.60898575,1981.82437971,1981.83119365,0.04211258,1382.61759223,0.01998467,0.01998467,28740,88,0
6953.85095201,6953.85095780,1990.02142524,1990.02122893,0.03828366,1382.75230695,0.01998467,0.01998467,28739,88,0
6954.09329604,6954.09294668,1998.22661783,1998.23846908,0.04743641,1382.88626910,0.01998467,0.01998467,28738,88,0
6954.33503552,6954.33495240,2006.43967382,2006.44249591,0.05052706,1383.01881667,0.01998467,0.01998467,28737,88,0
6954.57738613,6954.57697496,2014.66085437,2014.67482777,0.04368852,1383.15061713,0.01998467,0.01998467,28736,88,0
6954.81911215,6954.81901437,2022.89047857,2022.89380487,0.03450075,1383.28100019,0.01998467,0.01998467,28735,88,0
6955.06121586,6955.06107062,2031.12886764,2031.13381348,0.03734267,1383.41050965,0.01998467,0.01998467,28734,88,0
6955.30357861,6955.30314372,2039.37635219,2039.39117703,0.05482464,1383.53907925,0.01998467,0.01998467,28733,88,0
6955.54553685,6955.54523366,2047.63328654,2047.64363307,0.04423286,1383.66635960,0.01998467,0.01998467,28732,88,0
6955.78742046,6955.78734045,2055.90003137,2055.90276482,0.03733046,1383.79252893,0.01998467,0.01998467,28731,88,0
6956.02945057,6956.02946410,2064.17694974,2064.17648688,0.04638098,1383.91770345,0.01998467,0.01998467,28730,88,0
6956.27191207,6956.27160460,2072.46431902,2072.47484869,0.05198958,1384.04202649,0.01998467,0.01998467,28729,88,0
6956.51399862,6956.51376195,2080.76199309,2080.77010728,0.04026827,1384.16507764,0.01998467,0.01998467,28728,88,0
6956.75609657,6956.75593616,2089.06969667,2089.07520233,0.03765265,1384.28704731,0.01998467,0.01998467,28727,88,0
6956.99792270,6956.99812723,2097.38715250,2097.38012473,0.05089471,1384.40778635,0.01998467,0.01998467,28726,88,0
6957.24038413,6957.24033516,2105.71410200,2105.71578633,0.04258730,1384.52773735,0.01998467,0.01998467,28725,88,0
6957.48249603,6957.48255995,2114.05043970,2114.04823857,0.03853170,1384.64640563,0.01998467,0.01998467,28724,88,0
6957.72469295,6957.72480161,2122.39612998,2122.39238442,0.04979036,1384.76400153,0.01998467,0.01998467,28723,88,0
6957.96725871,6957.96706013,2130.75113726,2130.75798937,0.04697265,1384.88065525,0.01998467,0.01998467,28722,88,0
6958.20919466,6958.20933552,2139.11544148,2139.11057600,0.04116488,1384.99588411,0.01998467,0.01998467,28721,88,0
6958.45167244,6958.45162777,2147.48920332,2147.49074791,0.04855939,1385.11024498,0.01998467,0.01998467,28720,88,0
6958.69415260,6958.69393690,2155.87270015,2155.88016713,0.03753974,1385.22347934,0.01998467,0.01998467,28719,88,0
6958.93602135,6958.93626290,2164.26621307,2164.25784175,0.03908862,1385.33530439,0.01998467,0.01998467,28718,88,0
6959.17863210,6959.17860578,2172.67001178,2172.67092525,0.05213269,1385.44634418,0.01998467,0.01998467,28717,88,0
6959.42064713,6959.42096553,2181.08413915,2181.07307870,0.03780811,1385.55598159,0.01998467,0.01998467,28716,88,0
6959.66342287,6959.66334216,2189.50844582,2189.51125279,0.05065899,1385.66482360,0.01998467,0.01998467,28715,88,0
6959.90561019,6959.90573566,2197.94277538,2197.93840681,0.03402662,1385.77225777,0.01998467,0.01998467,28714,88,0
6960.14781193,6960.14814605,2206.38696977,2206.37532448,0.04917580,1385.87854933,0.01998467,0.01998467,28713,88,0
6960.39058111,6960.39057333,2214.84085770,2214.84112923,0.03914895,1385.98393043,0.01998467,0.01998467,28712,88,0
6960.63347381,6960.63301749,2223.30425395,2223.32019173,0.04615220,1386.08819697,0.01998468,0.01998467,28711,88,0
6960.87601370,6960.87547853,2231.77697133,2231.79568223,0.03301102,1386.19113975,0.01998468,0.01998467,28710,88,0
6961.11785316,6961.11795646,2240.25882864,2240.25521326,0.04066363,1386.29261271,0.01998467,0.01998467,28709,88,0
6961.36050326,6961.36045129,2248.74990386,2248.75172479,0.05147362,1386.39324607,0.01998467,0.01998467,28708,88,0
6961.60299125,6961.60296300,2257.25060029,2257.25159114,0.05207708,1386.49263236,0.01998467,0.01998467,28707,88,0
6961.84551366,6961.84549161,2265.76134444,2265.76211849,0.04104630,1386.59085381,0.01998467,0.01998467,28706,88,0
6962.08863005,6962.08803712,2274.28256151,2274.30340518,0.04883280,1386.68813290,0.01998468,0.01998467,28705,88,0
6962.33040892,6962.33059952,2282.81447991,2282.80777169,0.03742372,1386.78370016,0.01998467,0.01998467,28704,88,0
6962.57314674,6962.57317882,2291.35704845,2291.35591798,0.05222748,1386.87846086,0.01998467,0.01998467,28703,88,0
6962.81587598,6962.81577502,2299.91019439,2299.91375587,0.03588571,1386.97202485,0.01998467,0.01998467,28702,88,0
6963.05843491,6963.05838813,2308.47384328,2308.47549571,0.04398309,1387.06432570,0.01998467,0.01998467,28701,88,0
6963.30105906,6963.30101814,2317.04785769,2317.04930484,0.03741628,1387.15544774,0.01998467,0.01998467,28700,88,0
6963.54397290,6963.54366505,2325.63200487,2325.64290149,0.04447649,1387.24546566,0.01998468,0.01998467,28699,88,0
6963.78666153,6963.78632887,2334.22604250,2334.23783000,0.04842689,1387.33418124,0.01998468,0.01998467,28698,88,0
6964.02872586,6964.02900961,2342.82973199,2342.81966716,0.03323701,1387.42144826,0.01998467,0.01998467,28697,88,0
6964.27161579,6964.27170725,2351.44315721,2351.43990935,0.04180533,1387.50778450,0.01998467,0.01998467,28696,88,0
6964.51426127,6964.51442181,2360.06690156,2360.06119426,0.03476134,1387.59280663,0.01998467,0.01998467,28695,88,0
6964.75723096,6964.75715328,2368.70159517,2368.70436014,0.04955698,1387.67671482,0.01998467,0.01998467,28694,88,0
6964.99963747,6964.99990167,2377.34786485,2377.33844856,0.04840107,1387.75920552,0.01998467,0.01998467,28693,88,0
6965.24284189,6965.24266698,2386.00591710,2386.01215925,0.03117054,1387.84073689,0.01998467,0.01998467,28692,88,0
6965.48521902,6965.48544920,2394.67532727,2394.66710298,0.04865359,1387.92075520,0.01998467,0.01998467,28691,88,0
6965.72826313,6965.72824835,2403.35561604,2403.35614448,0.04902149,1387.99974560,0.01998467,0.01998467,28690,88,0
6965.97135923,6965.97106443,2412.04630643,2412.05686357,0.03495010,1388.07749358,0.01998468,0.01998467,28689,88,0
6966.21388411,6966.21389743,2420.74717818,2420.74670088,0.05085246,1388.15379733,0.01998467,0.01998467,28688,88,0
6966.45702209,6966.45674735,2429.45836572,2429.46822632,0.04198266,1388.22902572,0.01998468,0.01998467,28687,88,0
6966.69985392,6966.69961421,2438.18003015,2438.18864347,0.05044678,1388.30288871,0.01998468,0.01998467,28686,88,0
6966.94236355,6966.94249799,2446.91233783,2446.90750153,0.03657618,1388.37538302,0.01998467,0.01998467,28685,88,0
6967.18518381,6967.18539871,2455.65558956,2455.64784942,0.04603804,1388.44669558,0.01998467,0.01998467,28684,88,0
6967.42834577,6967.42831637,2464.41024784,2464.41130817,0.04956610,1388.51682915,0.01998467,0.01998467,28683,88,0
6967.67145152,6967.67125095,2473.17678795,2473.18403035,0.05112902,1388.58566524,0.01998468,0.01998467,28682,88,0
6967.91451691,6967.91420248,2481.95566161,2481.96703090,0.02989925,1388.65320718,0.01998468,0.01998467,28681,88,0
6968.15722553,6968.15717095,2490.74670678,2490.74868287,0.04609287,1388.71936338,0.01998468,0.01998467,28680,88,0
6968.39995851,6968.40015636,2499.54914620,2499.54197490,0.04254883,1388.78422921,0.01998467,0.01998467,28679,88,0
6968.64283166,6968.64315871,2508.36217020,2508.35030263,0.04385329,1388.84782339,0.01998467,0.01998467,28678,88,0
6968.88667597,6968.88617801,2517.18501385,2517.20310168,0.04763324,1388.91034431,0.01998468,0.01998467,28677,88,0
6969.12908340,6969.12921425,2526.01769356,2526.01293546,0.05280606,1388.97117405,0.01998468,0.01998467,28676,88,0
6969.37258416,6969.37226744,2534.86084461,2534.87237456,0.03206639,1389.03095015,0.01998468,0.01998467,28675,88,0
6969.61492800,6969.61533758,2543.71512381,2543.70019466,0.04582932,1389.08912025,0.01998467,0.01998468,28674,88,0
6969.85782241,6969.85842468,2552.58114156,2552.55916126,0.04200187,1389.14609797,0.01998467,0.01998468,28673,88,0
6970.10146974,6970.10152873,2561.45898528,2561.45682986,0.04341008,1389.20191529,0.01998468,0.01998468,28672,88,0
6970.34470190,6970.34464973,2570.34843298,2570.35034153,0.04660907,1389.25629503,0.01998468,0.01998468,28671,88,0
6970.58785793,6970.58778769,2579.24925695,2579.25182957,0.04471727,1389.30931041,0.01998468,0.01998468,28670,88,0
6970.83119570,6970.83094261,2588.16126772,2588.17054912,0.04973662,1389.36101046,0.01998468,0.01998468,28669,88,0
6971.07377663,6971.07411450,2597.08454335,2597.07213760,0.05391165,1389.41119589,0.01998467,0.01998468,28668,88,0
6971.31754077,6971.31730334,2606.01927311,2606.02800150,0.04914578,1389.46026032,0.01998468,0.01998468,28667,88,0
6971.56026991,6971.56050915,2614.96564801,2614.95684206,0.02992671,1389.50775176,0.01998467,0.01998468,28666,88,0
6971.80333443,6971.80373193,2623.92386411,2623.90921446,0.05507092,1389.55393986,0.01998467,0.01998468,28665,88,0
6972.04698384,6972.04697167,2632.89413414,2632.89458308,0.05120876,1389.59885982,0.01998467,0.01998468,28664,88,0
6972.28991766,6972.29022838,2641.87667650,2641.86519527,0.05093286,1389.64226844,0.01998467,0.01998468,28663,88,0
6972.53346972,6972.53350207,2650.87171106,2650.87051426,0.04750072,1389.68440019,0.01998467,0.01998468,28662,88,0
6972.77658737,6972.77679273,2659.87935808,2659.87174976,0.04883148,1389.72506613,0.01998467,0.01998468,28661,88,0
6973.01974461,6973.02010036,2668.89947556,2668.88627841,0.04793526,1389.76434245,0.01998467,0.01998468,28660,88,0
6973.26355915,6973.26342497,2677.93187815,2677.93686233,0.05738681,1389.80231631,0.01998468,0.01998468,28659,88,0
6973.50643178,6973.50676656,2686.97638154,2686.96393075,0.02721837,1389.83873465,0.01998467,0.01998468,28658,88,0
6973.75020086,6973.75012513,2696.03295675,2696.03577694,0.05906712,1389.87386774,0.01998468,0.01998468,28657,88,0
6973.99365538,6973.99350068,2705.10181758,2705.10758572,0.04632210,1389.90753107,0.01998468,0.01998468,28656,88,0
6974.23675234,6974.23689322,2714.18320041,2714.17794068,0.04238482,1389.93971966,0.01998467,0.01998468,28655,88,0
6974.48037379,6974.48030274,2723.27732657,2723.27998306,0.04274420,1389.97054366,0.01998468,0.01998468,28654,88,0
6974.72393459,6974.72372925,2732.38409506,2732.39178187,0.04227698,1389.99991861,0.01998468,0.01998468,28653,88,0
6974.96690482,6974.96717275,2741.50311192,2741.49306956,0.04038159,1390.02777926,0.01998467,0.01998468,28652,88,0
6975.21075807,6975.21063324,2750.63396941,2750.63865398,0.04033047,1390.05428503,0.01998468,0.01998468,28651,88,0
6975.45426366,6975.45411072,2759.77633072,2759.78207672,0.04701081,1390.07929086,0.01998468,0.01998468,28650,88,0
6975.69768605,6975.69760520,2768.93047003,2768.93351173,0.05689579,1390.10282303,0.01998468,0.01998468,28649,88,0
6975.94096874,6975.94111667,2778.09696639,2778.09139398,0.05000106,1390.12487389,0.01998468,0.01998468,28648,88,0
6976.18486909,6976.18464515,2787.27640573,2787.28485271,0.04517000,1390.14550312,0.01998468,0.01998468,28647,88,0
6976.42848318,6976.42819062,2796.46925233,2796.48030323,0.03962312,1390.16462602,0.01998468,0.01998468,28646,88,0
6976.67137679,6976.67175309,2805.67548507,2805.66125170,0.04012197,1390.18221127,0.01998467,0.01998468,28645,88,0
6976.91540706,6976.91533257,2814.89496419,2814.89778551,0.05123528,1390.19838286,0.01998468,0.01998468,28644,88,0
6977.15949026,6977.15892905,2824.12754911,2824.14883385,0.04974632,1390.21305143,0.01998468,0.01998468,28643,88,0
6977.40302727,6977.40254254,2833.37313872,2833.39154712,0.03801986,1390.22617912,0.01998468,0.01998468,28642,88,0
6977.64583069,6977.64617304,2842.63170474,2842.61868589,0.04070125,1390.23776145,0.01998468,0.01998468,28641,88,0
6977.89027053,6977.88982055,2851.90322637,2851.92036085,0.04912083,1390.24789678,0.01998468,0.01998468,28640,88,0
6978.13416698,6978.13348508,2861.18767767,2861.21367775,0.04231193,1390.25647822,0.01998468,0.01998468,28639,88,0
6978.37704598,6978.37716661,2870.48494638,2870.48034070,0.04087340,1390.26349746,0.01998468,0.01998468,28638,88,0
6978.62052105,6978.62086517,2879.79484553,2879.78169098,0.03948309,1390.26899885,0.01998468,0.01998468,28637,88,0
6978.86430567,6978.86458074,2889.11718412,2889.10665611,0.05235706,1390.27296119,0.01998468,0.01998468,28636,88,0
6979.10817382,6979.10831333,2898.45185351,2898.44650704,0.04040351,1390.27537100,0.01998468,0.01998468,28635,88,0
6979.35174298,6979.35206294,2907.79925414,2907.78697605,0.05354508,1390.27622061,0.01998468,0.01998468,28634,88,0
6979.59561696,6979.59582958,2917.15998110,2917.15181072,0.04404982,1390.27550578,0.01998468,0.01998468,28633,88,0
6979.83893427,6979.83961324,2926.53463377,2926.50850523,0.04080464,1390.27322479,0.01998467,0.01998468,28632,88,0
6980.08330180,6980.08341392,2935.92353420,2935.91921327,0.04971740,1390.26935082,0.01998468,0.01998468,28631,88,0
6980.32722542,6980.32723164,2945.32635063,2945.32611068,0.03811119,1390.26389488,0.01998468,0.01998468,28630,88,0
6980.57088972,6980.57106639,2954.74265521,2954.73582811,0.05199080,1390.25685326,0.01998468,0.01998468,28629,88,0
6980.81504546,6980.81491816,2964.17203974,2964.17696533,0.04370796,1390.24819574,0.01998468,0.01998468,28628,88,0
6981.05885095,6981.05878698,2973.61456763,2973.61704627,0.03727026,1390.23794430,0.01998468,0.01998468,28627,88,0
6981.30312105,6981.30267282,2983.07074544,2983.08813688,0.04529988,1390.22605637,0.01998468,0.01998468,28626,88,0
6981.54630195,6981.54657571,2992.54110094,2992.53046346,0.04374243,1390.21260627,0.01998468,0.01998468,28625,88,0
6981.79039194,6981.79049563,3002.02608351,3002.02204852,0.05528630,1390.19747752,0.01998468,0.01998468,28624,88,0
6982.03425448,6982.03443260,3011.52568222,3011.51874079,0.03803703,1390.18072650,0.01998468,0.01998468,28623,88,0
6982.27826436,6982.27838661,3021.03972448,3021.03495367,0.04648280,1390.16232136,0.01998468,0.01998468,28622,88,0
6982.52223370,6982.52235766,3030.56803739,3030.56319261,0.03997801,1390.14226839,0.01998468,0.01998468,28621,88,0
6982.76619796,6982.76634576,3040.11059692,3040.10481219,0.04911777,1390.12055810,0.01998468,0.01998468,28620,88,0
6983.01098557,6983.01035091,3049.66765599,3049.69253237,0.05197930,1390.09710061,0.01998468,0.01998468,28619,88,0
6983.25419192,6983.25437310,3059.23949952,3059.23238738,0.03878361,1390.07212613,0.01998468,0.01998468,28618,88,0
6983.49882117,6983.49841235,3068.82636339,3068.84243549,0.05293266,1390.04531970,0.01998468,0.01998468,28617,88,0
6983.74316299,6983.74246866,3078.42789289,3078.45522827,0.04113077,1390.01685050,0.01998468,0.01998468,28616,88,0
6983.98602591,6983.98654201,3088.04335035,3088.02300455,0.05320713,1389.98687073,0.01998468,0.01998468,28615,88,0
6984.23012138,6984.23063243,3097.67198533,3097.65181337,0.03553942,1389.95504381,0.01998468,0.01998468,28614,88,0
6984.47448764,6984.47473990,3107.31343346,3107.30346330,0.05433422,1389.92147412,0.01998468,0.01998468,28613,88,0
6984.71847776,6984.71886444,3116.96853423,3116.95323029,0.04530914,1389.88624208,0.01998468,0.01998468,28612,88,0
6984.96339714,6984.96300604,3126.63836573,3126.65386819,0.04876902,1389.84914218,0.01998468,0.01998468,28611,88,0
6985.20722005,6985.20716470,3136.32397548,3136.32617314,0.03498955,1389.81047129,0.01998468,0.01998468,28610,88,0
6985.45105571,6985.45134042,3146.02560217,3146.01428103,0.04809863,1389.77005607,0.01998468,0.01998468,28609,88,0
6985.69613897,6985.69553322,3155.74272432,3155.76684673,0.04954887,1389.72767241,0.01998468,0.01998468,28608,88,0
6985.93954017,6985.93974309,3165.47478647,3165.46669429,0.03583460,1389.68382631,0.01998468,0.01998468,28607,88,0
6986.18382519,6986.18397002,3175.22138682,3175.21560275,0.04805176,1389.63805849,0.01998468,0.01998468,28606,88,0
6986.42850222,6986.42821403,3184.98278419,3184.99431038,0.04952368,1389.59043853,0.01998468,0.01998468,28605,88,0
6986.67226040,6986.67247512,3194.75941333,3194.75081256,0.04669768,1389.54121751,0.01998468,0.01998468,28604,88,0
6986.91657545,6986.91675328,3204.55169999,3204.54456609,0.03931286,1389.49009134,0.01998468,0.01998468,28603,88,0
6987.16074630,6987.16104852,3214.35971637,3214.34757378,0.04890886,1389.43719373,0.01998468,0.01998468,28602,88,0
6987.40549303,6987.40536084,3224.18314092,3224.18846015,0.04562981,1389.38235760,0.01998468,0.01998468,28601,88,0
6987.64987519,6987.64969024,3234.02162861,3234.02908138,0.04486612,1389.32578536,0.01998468,0.01998468,28600,88,0
6987.89371977,6987.89403673,3243.87495252,3243.86216182,0.04234121,1389.26752071,0.01998468,0.01998468,28599,88,0
6988.13833333,6988.13840030,3253.74343308,3253.74072645,0.04521752,1389.20723921,0.01998468,0.01998468,28598,88,0
6988.38343871,6988.38278096,3263.62754900,3263.65417261,0.04521906,1389.14498400,0.01998468,0.01998468,28597,88,0
6988.62732665,6988.62717871,3273.52777322,3273.53377103,0.05685623,1389.08118622,0.01998468,0.01998468,28596,88,0
6988.87197467,6988.87159355,3283.44431775,3283.45979303,0.05523213,1389.01532396,0.01998468,0.01998468,28595,88,0
6989.11624064,6989.11602548,3293.37711308,3293.38586297,0.02980434,1388.94769232,0.01998468,0.01998468,28594,88,0
6989.36012752,6989.36047451,3303.32607506,3303.31194185,0.04927954,1388.87829137,0.01998468,0.01998468,28593,88,0
6989.60492521,6989.60494063,3313.29112486,3313.29049565,0.04694914,1388.80674001,0.01998468,0.01998468,28592,88,0
6989.84890367,6989.84942386,3323.27220721,3323.25095422,0.04983633,1388.73353482,0.01998468,0.01998468,28591,88,0
6990.09406875,6990.09392418,3333.26927208,3333.27518753,0.04876309,1388.65806161,0.01998468,0.01998468,28590,88,0
6990.33825950,6990.33844160,3343.28228627,3343.27482340,0.04887365,1388.58097497,0.01998468,0.01998468,28589,88,0
6990.58293032,6990.58297613,3353.31151808,3353.30963745,0.04785568,1388.50181101,0.01998468,0.01998468,28588,88,0
6990.82740646,6990.82752777,3363.35749367,3363.35250638,0.04753868,1388.42077181,0.01998468,0.01998468,28587,88,0
6991.07165660,6991.07209651,3373.42075182,3373.40263572,0.05551236,1388.33785943,0.01998468,0.01998468,28586,88,0
6991.31671552,6991.31668236,3383.50159758,3383.50296559,0.04875936,1388.25270378,0.01998468,0.01998468,28585,88,0
6991.56165652,6991.56128532,3393.59970293,3393.61503969,0.04406303,1388.16561203,0.01998468,0.01998468,28584,88,0
6991.80647353,6991.80590539,3403.71463177,3403.73814225,0.04380779,1388.07658389,0.01998468,0.01998468,28583,88,0
6992.05096864,6992.05054258,3413.84598767,3413.86364625,0.04106052,1387.98569135,0.01998468,0.01998468,28582,88,0
6992.29527407,6992.29519688,3423.99377999,3423.99698392,0.03974690,1387.89288262,0.01998468,0.01998468,28581,88,0
6992.54021878,6992.53986831,3434.15824050,3434.17281189,0.04642554,1387.79782626,0.01998468,0.01998468,28580,88,0
6992.78512629,6992.78455685,3444.33960578,3444.36331887,0.04768462,1387.70076617,0.01998468,0.01998468,28579,88,0
6993.02919912,6993.02926251,3454.53813761,3454.53549341,0.04377998,1387.60201753,0.01998468,0.01998468,28578,88,0
6993.27427073,6993.27398530,3464.75413494,3464.76606036,0.04147885,1387.50082423,0.01998468,0.01998468,28577,88,0
6993.51882007,6993.51872521,3474.98790252,3474.99187239,0.03575205,1387.39779587,0.01998468,0.01998468,28576,88,0
6993.76387329,6993.76348225,3485.23965526,3485.25604799,0.04150838,1387.29248847,0.01998468,0.01998468,28575,88,0
6994.00786547,6994.00825642,3495.50920938,3495.49279358,0.05175294,1387.18557378,0.01998468,0.01998468,28574,88,0
6994.25374467,6994.25304772,3505.79627087,3505.82558300,0.04296378,1387.07574292,0.01998468,0.01998468,28573,88,0
6994.49766295,6994.49785615,3516.10054214,3516.09240365,0.03630022,1386.96470937,0.01998468,0.01998468,28572,88,0
6994.74281299,6994.74268171,3526.42171768,3526.42725636,0.05156193,1386.85102311,0.01998468,0.01998468,28571,88,0
6994.98753470,6994.98752441,3536.75948528,3536.75991984,0.04106192,1386.73543798,0.01998468,0.01998468,28570,88,0
6995.23218610,6995.23238425,3547.11353773,3547.10515247,0.04744256,1386.61778574,0.01998468,0.01998468,28569,88,0
6995.47749925,6995.47726123,3557.48424712,3557.49433557,0.05254734,1386.49769340,0.01998468,0.01998468,28568,88,0
6995.72267905,6995.72215535,3567.87316311,3567.89539952,0.03594621,1386.37551575,0.01998468,0.01998468,28567,88,0
6995.96747043,6995.96706661,3578.28196725,3578.29914652,0.03257275,1386.25135646,0.01998468,0.01998468,28566,88,0
6996.21199474,6996.21199502,3588.71180127,3588.71178925,0.04909105,1386.12513785,0.01998468,0.01998468,28565,88,0
6996.45663614,6996.45694058,3599.16147860,3599.14848003,0.04657853,1385.99666669,0.01998468,0.01998468,28564,88,0
6996.70771168,nan,0.00000000,3609.89048354,0.28368719,1385.86238666,0.01998470,0.01998468,28563,88,1
6996.94660641,6996.94688313,3620.11331801,3620.10146644,0.03630312,1385.73281591,0.01998468,0.01998468,28562,88,0
6997.19151441,6997.19188014,3630.61467210,3630.59898227,0.04701783,1385.59764923,0.01998468,0.01998468,28561,88,0
6997.43752392,6997.43689430,3641.13551149,3641.16257336,0.03504525,1385.45962554,0.01998468,0.01998468,28560,88,0
6997.68241971,6997.68192562,3651.67809027,3651.69937122,0.04890985,1385.31994677,0.01998468,0.01998468,28559,88,0
6997.92721987,6997.92697409,3662.24283219,3662.25343876,0.04834321,1385.17803122,0.01998468,0.01998468,28558,88,0
6998.17234787,6998.17203972,3672.82787667,3672.84119803,0.03999467,1385.03364321,0.01998468,0.01998468,28557,88,0
6998.41773839,6998.41712252,3683.43120422,3683.45786990,0.05694807,1384.88682967,0.01998468,0.01998468,28556,88,0
6998.66200362,6998.66222247,3694.05172685,3694.04223592,0.05238054,1384.73843782,0.01998468,0.01998468,28555,88,0
6998.90728532,6998.90733959,3704.69068523,3704.68832735,0.03980745,1384.58714058,0.01998468,0.01998468,28554,88,0
6999.15299148,6999.15247388,3715.34968591,3715.37221383,0.04742808,1384.43324906,0.01998468,0.01998468,28553,88,0
6999.39760186,6999.39762534,3726.02998273,3726.02895898,0.04206370,1384.27769521,0.01998468,0.01998468,28552,88,0
6999.64266803,6999.64279397,3736.73102701,3736.72552511,0.05316414,1384.11949761,0.01998468,0.01998468,28551,88,0
6999.88815641,6999.88797976,3747.45170773,3747.45943786,0.04671059,1383.95867015,0.01998468,0.01998468,28550,88,0
7000.13293688,7000.13318274,3758.19100567,3758.18022903,0.03315780,1383.79596165,0.01998468,0.01998468,28549,88,0
7000.37860324,7000.37840289,3768.94890694,3768.95770413,0.05852284,1383.63029965,0.01998468,0.01998468,28548,88,0
7000.62347478,7000.62364021,3779.72597004,3779.71869364,0.05177571,1383.46279680,0.01998468,0.01998468,28547,88,0
7000.86917492,7000.86889472,3790.52275683,3790.53510309,0.04416211,1383.29232210,0.01998468,0.01998468,28546,88,0
7001.11457380,7001.11416640,3801.33964574,3801.35762883,0.04490164,1383.11963425,0.01998468,0.01998468,28545,88,0
7001.35930245,7001.35945527,3812.17683995,3812.17008220,0.04925253,1382.94499238,0.01998468,0.01998468,28544,88,0
7001.60467139,7001.60476132,3823.03453605,3823.03055185,0.04907819,1382.76744674,0.01998468,0.01998468,28543,88,0
7001.84937592,7001.85008456,3833.91283937,3833.88138772,0.03953727,1382.58792815,0.01998468,0.01998468,28542,88,0
7002.09529627,7002.09542499,3844.81171606,3844.80599258,0.04734166,1382.40503747,0.01998468,0.01998468,28541,88,0
7002.34046508,7002.34078261,3855.73112141,3855.71697747,0.05156479,1382.22021955,0.01998468,0.01998468,28540,88,0
7002.58598331,7002.58615742,3866.67134601,3866.66357564,0.04691715,1382.03263355,0.01998468,0.01998468,28539,88,0
7002.83141204,7002.83154942,3877.63346062,3877.62731715,0.04540738,1381.84257994,0.01998468,0.01998468,28538,88,0
7003.07691324,7003.07695862,3888.61865763,3888.61662395,0.05174413,1381.64989963,0.01998468,0.01998468,28537,88,0
7003.32238307,7003.32238502,3899.62760602,3899.62751876,0.04959749,1381.45464791,0.01998468,0.01998468,28536,88,0
7003.56763337,7003.56782861,3910.65912727,3910.65034386,0.04408000,1381.25698561,0.01998468,0.01998468,28535,88,0
7003.81324464,7003.81328941,3921.71162835,3921.70961078,0.04168173,1381.05645833,0.01998468,0.01998468,28534,88,0
7004.05888339,7004.05876741,3932.78403160,3932.78926750,0.04453995,1380.85333963,0.01998468,0.01998468,28533,88,0
7004.30369977,7004.30426261,3943.87788664,3943.85242666,0.05208665,1380.64830421,0.01998468,0.01998468,28532,88,0
7004.55025946,7004.54977502,3954.99557519,3955.01753662,0.04796665,1380.43913063,0.01998468,0.01998468,28531,88,0
7004.79612808,7004.79530464,3966.13897236,3966.17638496,0.05118174,1380.22781686,0.01998468,0.01998468,28530,88,0
7005.04103600,7005.04085147,3977.30637888,3977.31477939,0.04532848,1380.01463934,0.01998468,0.01998468,28529,88,0
7005.28608016,7005.28641551,3988.49459241,3988.47930138,0.03624232,1379.79870441,0.01998468,0.01998468,28528,88,0
7005.53210225,7005.53199676,3999.70086504,3999.70568262,0.04296324,1379.57929380,0.01998468,0.01998468,28527,88,0
7005.77815239,7005.77759523,4010.92676610,4010.95225734,0.04946324,1379.35719639,0.01998468,0.01998468,28526,88,0
7006.02271855,7006.02321091,4022.17613166,4022.15355582,0.05468459,1379.13371231,0.01998468,0.01998468,28525,88,0
7006.26890040,7006.26884382,4033.45250040,4033.45510120,0.04183544,1378.90592085,0.01998468,0.01998468,28524,88,0
7006.51428758,7006.51449394,4044.75553512,4044.74602963,0.05682064,1378.67602865,0.01998468,0.01998468,28523,88,0
7006.76040823,7006.76016129,4056.08249921,4056.09389528,0.04508199,1378.44264553,0.01998468,0.01998468,28522,88,0
7007.00555083,7007.00584586,4067.43077083,4067.41713139,0.03886059,1378.20743861,0.01998468,0.01998468,28521,88,0
7007.25164867,7007.25154766,4078.80000714,4078.80468514,0.05977187,1377.96854754,0.01998468,0.01998468,28520,88,0
nan,nan,0.00000000,-1.00000000,0.00000000,1377.73139336,nan,0.00000000,-2147483648,88,1
nan,nan,0.00000000,-1.00000000,0.00000000,1374.00207594,nan,0.00000000,-2147483648,87,1
6967.42867021,6967.42831637,10.70566657,10.71519704,0.04285711,1374.35051071,0.01998468,0.01998467,28683,87,0
6967.67064082,6967.67125095,17.25098987,17.23454571,0.05644436,1374.68801410,0.01998467,0.01998467,28682,87,0
6967.91544108,6967.91420248,23.80105060,23.83445471,0.02644576,1375.02891604,0.01998468,0.01998467,28681,87,0
6968.15731193,6968.15717095,30.35591835,30.35972309,0.03990218,1375.36519897,0.01998468,0.01998467,28680,87,0
6968.40159635,6968.40015636,36.91566184,36.95454968,0.04002417,1375.70429514,0.01998468,0.01998467,28679,87,0
6968.64235952,6968.64315871,43.48026034,43.45866365,0.05279166,1376.03796734,0.01998467,0.01998467,28678,87,0
6968.88524365,6968.88617801,50.04954333,50.02427808,0.01479733,1376.37402950,0.01998467,0.01998467,28677,87,0
6969.12831158,6969.12921425,56.62332530,56.59890210,0.06371671,1376.70978250,0.01998467,0.01998467,28676,87,0
6969.37270691,6969.37226744,63.20141998,63.21331718,0.03986567,1377.04678970,0.01998468,0.01998467,28675,87,0
6969.61421950,6969.61533758,69.78364031,69.75335492,0.05757519,1377.37924025,0.01998467,0.01998468,28674,87,0
6969.85912582,6969.85842468,76.36988117,76.38888329,0.04992430,1377.71576533,0.01998468,0.01998468,28673,87,0
6970.10209208,6970.10152873,82.96030491,82.97558167,0.02572478,1378.04903741,0.01998468,0.01998468,28672,87,0
6970.34415701,6970.34464973,89.55512868,89.54175910,0.04985116,1378.38050109,0.01998468,0.01998468,28671,87,0
6970.58697138,6970.58778769,96.15457055,96.13240630,0.03891126,1378.71242683,0.01998467,0.01998468,28670,87,0
6970.82942214,6970.83094261,102.75884953,102.71753812,0.05997693,1379.04330114,0.01998467,0.01998468,28669,87,0
6971.07533060,6971.07411450,109.36815739,109.40122218,0.04825738,1379.37833649,0.01998468,0.01998468,28668,87,0
6971.31736754,6971.31730334,115.98251198,115.98425867,0.04466446,1379.70754790,0.01998468,0.01998468,28667,87,0
6971.56146432,6971.56050915,122.60186426,122.62787013,0.05372139,1380.03900504,0.01998468,0.01998468,28666,87,0
6971.80286892,6971.80373193,129.22616485,129.20265248,0.07238239,1380.36625328,0.01998467,0.01998468,28665,87,0
6972.04640905,6972.04697167,135.85536412,135.84002566,0.04015041,1380.69583490,0.01998467,0.01998468,28664,87,0
6972.29061330,6972.29022838,142.48941081,142.49991168,0.04285988,1381.02574473,0.01998468,0.01998468,28663,87,0
6972.53386229,6972.53350207,149.12823632,149.13806978,0.06034991,1381.35379108,0.01998468,0.01998468,28662,87,0
6972.77583552,6972.77679273,155.77176050,155.74561405,0.04352211,1381.67954411,0.01998467,0.01998468,28661,87,0
6973.01968180,6973.02010036,162.41990264,162.40846225,0.06233204,1382.00723520,0.01998468,0.01998468,28660,87,0
6973.26343557,6973.26342497,169.07258166,169.07287160,0.04014129,1382.33421107,0.01998468,0.01998468,28659,87,0
6973.50582927,6973.50676656,175.72972153,175.70407230,0.05682049,1382.65877143,0.01998467,0.01998468,28658,87,0
6973.75016057,6973.75012513,182.39138043,182.39235089,0.03319571,1382.98533106,0.01998468,0.01998468,28657,87,0
6973.99351835,6973.99350068,189.05775784,189.05824200,0.02921555,1383.31000382,0.01998468,0.01998468,28656,87,0
6974.23505576,6974.23689322,195.72906071,195.67867945,0.05564341,1383.63167831,0.01998467,0.01998468,28655,87,0
6974.48070784,6974.48030274,202.40549690,202.41661232,0.04497026,1383.95825905,0.01998468,0.01998468,28654,87,0
6974.72335952,6974.72372925,209.08727277,209.07712036,0.03381631,1384.28029132,0.01998467,0.01998468,28653,87,0
6974.96776154,6974.96717275,215.77444178,215.79062124,0.05443984,1384.60408510,0.01998468,0.01998468,28652,87,0
6975.20987715,6975.21063324,222.46681360,222.44602282,0.05937893,1384.92428332,0.01998467,0.01998468,28651,87,0
6975.45344377,6975.45411072,229.16417543,229.14582355,0.03181594,1385.24581972,0.01998467,0.01998468,28650,87,0
6975.69752862,6975.69760520,235.86631352,235.86420507,0.06950772,1385.56744396,0.01998468,0.01998468,28649,87,0
6975.94140189,6975.94111667,242.57301358,242.58087122,0.03765469,1385.88818139,0.01998468,0.01998468,28648,87,0
6976.18562860,6976.18464515,249.28416533,249.31127572,0.05389007,1386.20876780,0.01998468,0.01998468,28647,87,0
6976.42754861,6976.42819062,255.99990121,255.98219250,0.04225995,1386.52572344,0.01998467,0.01998468,28646,87,0
6976.67180160,6976.67175309,262.72038860,262.72172743,0.05992568,1386.84513337,0.01998468,0.01998468,28645,87,0
6976.91501078,6976.91533257,269.44579563,269.43690776,0.04302456,1387.16258335,0.01998468,0.01998468,28644,87,0
6977.15911632,6977.15892905,276.17629115,276.18146706,0.05855968,1387.48061265,0.01998468,0.01998468,28643,87,0
6977.40310846,6977.40254254,282.91200793,282.92766058,0.03696936,1387.79790741,0.01998468,0.01998468,28642,87,0
6977.64530417,6977.64617304,289.65295909,289.62890995,0.05453879,1388.11228470,0.01998467,0.01998468,28641,87,0
6977.88954646,6977.88982055,296.39913324,296.39154142,0.04573355,1388.42872968,0.01998468,0.01998468,28640,87,0
6978.13345961,6978.13348508,303.15051895,303.14981305,0.06895822,1388.74415577,0.01998468,0.01998468,28639,87,0
6978.37641660,6978.37716661,309.90710472,309.88630178,0.03520989,1389.05775452,0.01998467,0.01998468,28638,87,0
6978.62000388,6978.62086517,316.66888400,316.64497802,0.05004312,1389.37157279,0.01998467,0.01998468,28637,87,0
6978.86503867,6978.86458074,323.43587228,323.44859179,0.03509143,1389.68665473,0.01998468,0.01998468,28636,87,0
6979.10898787,6979.10831333,330.20809118,330.22684033,0.04768323,1389.99974103,0.01998468,0.01998468,28635,87,0
6979.35251063,6979.35206294,336.98556239,336.99801492,0.02455594,1390.31168242,0.01998468,0.01998468,28634,87,0
6979.59555889,6979.59582958,343.76830770,343.76077321,0.05217740,1390.62241989,0.01998468,0.01998468,28633,87,0
6979.83895257,6979.83961324,350.55633613,350.53793379,0.04499905,1390.93300081,0.01998467,0.01998468,28632,87,0
6980.08354578,6980.08341392,357.34958442,357.35325959,0.04969604,1391.24450464,0.01998468,0.01998468,28631,87,0
6980.32634613,6980.32723164,364.14796386,364.12326495,0.06173850,1391.55311686,0.01998467,0.01998468,28630,87,0
6980.57089833,6980.57106639,370.95138529,370.94669470,0.02464624,1391.86333730,0.01998468,0.01998468,28629,87,0
6980.81478289,6980.81491816,377.75975912,377.75598096,0.05236095,1392.17208689,0.01998468,0.01998468,28628,87,0
6981.05854374,6981.05878698,384.57301415,384.56621625,0.03619214,1392.48005239,0.01998468,0.01998468,28627,87,0
6981.30255474,6981.30267282,391.39120627,391.38790399,0.04625097,1392.78770650,0.01998468,0.01998468,28626,87,0
6981.54683324,6981.54657571,398.21444448,398.22165143,0.05260880,1393.09507231,0.01998468,0.01998468,28625,87,0
6981.79145796,6981.79049563,405.04283848,405.06978762,0.06286250,1393.40224975,0.01998468,0.01998468,28624,87,0
6982.03465991,6982.03443260,411.87649844,411.88286854,0.03161204,1393.70702476,0.01998468,0.01998468,28623,87,0
6982.27803320,6982.27838661,418.71552464,418.70561368,0.04662902,1394.01140243,0.01998468,0.01998468,28622,87,0
6982.52240994,6982.52235766,425.55993749,425.56140458,0.04450575,1394.31641808,0.01998468,0.01998468,28621,87,0
6982.76692097,6982.76634576,432.40971998,432.42587435,0.04212025,1394.62097996,0.01998468,0.01998468,28620,87,0
6983.01079329,6983.01035091,439.26485482,439.27728776,0.04533597,1394.92412454,0.01998468,0.01998468,28619,87,0
6983.25448663,6983.25437310,446.12532461,446.12851738,0.06218726,1395.22642380,0.01998468,0.01998468,28618,87,0
6983.49891719,6983.49841235,452.99111355,453.00532161,0.03568916,1395.52900963,0.01998468,0.01998468,28617,87,0
6983.74111293,6983.74246866,459.86221965,459.82403744,0.05100206,1395.82820673,0.01998467,0.01998468,28616,87,0
6983.98561566,6983.98654201,466.73864782,466.71253978,0.04594679,1396.12962395,0.01998468,0.01998468,28615,87,0
6984.23061255,6984.23063243,473.62040300,473.61984222,0.04109072,1396.43101403,0.01998468,0.01998468,28614,87,0
6984.47415925,6984.47473990,480.50749018,480.49110229,0.04236816,1396.72998716,0.01998468,0.01998468,28613,87,0
6984.71891899,6984.71886444,487.39990481,487.40144551,0.04236992,1397.02981156,0.01998468,0.01998468,28612,87,0
6984.96280104,6984.96300604,494.29756224,494.29176858,0.05098732,1397.32791934,0.01998468,0.01998468,28611,87,0
6985.20742067,6985.20716470,501.20033739,501.20757662,0.05743174,1397.62627826,0.01998468,0.01998468,28610,87,0
6985.45158622,6985.45134042,508.10810428,508.11506021,0.06352378,1397.92342657,0.01998468,0.01998468,28609,87,0
6985.69594439,6985.69553322,515.02073635,515.03237934,0.02009508,1398.22014520,0.01998468,0.01998468,28608,87,0
6985.93943377,6985.93974309,521.93814572,521.92938132,0.06188558,1398.51514268,0.01998468,0.01998468,28607,87,0
6986.18426899,6986.18397002,528.86055702,528.86903409,0.03443702,1398.81110814,0.01998468,0.01998468,28606,87,0
6986.42759174,6986.42821403,535.78834538,535.77068816,0.05120440,1399.10460114,0.01998468,0.01998468,28605,87,0
6986.67110931,6986.67247512,542.72188859,542.68310369,0.04556799,1399.39770026,0.01998467,0.01998468,28604,87,0
6986.91613013,6986.91675328,549.66156625,549.64385582,0.04247375,1399.69198780,0.01998468,0.01998468,28603,87,0
6987.16062596,6987.16104852,556.60768527,556.59566555,0.04110200,1399.98503479,0.01998468,0.01998468,28602,87,0
6987.40571041,6987.40536084,563.56002621,563.56997780,0.03994064,1400.27816426,0.01998468,0.01998468,28601,87,0
6987.64957412,6987.64969024,570.51814049,570.51483246,0.04073267,1400.56919360,0.01998468,0.01998468,28600,87,0
6987.89438177,6987.89403673,577.48157651,577.49141268,0.03812745,1400.86068634,0.01998468,0.01998468,28599,87,0
6988.13833003,6988.13840030,584.44988049,584.44787621,0.03203030,1401.15047427,0.01998468,0.01998468,28598,87,0
6988.38314610,6988.38278096,591.42269490,591.43311628,0.03837239,1401.44059252,0.01998468,0.01998468,28597,87,0
6988.62708220,6988.62717871,598.40024743,598.39749122,0.04133386,1401.72897786,0.01998468,0.01998468,28596,87,0
6988.87248743,6988.87159355,605.38298348,605.40853006,0.04503766,1402.01842175,0.01998468,0.01998468,28595,87,0
6989.11631966,6989.11602548,612.37135096,612.37976484,0.04587038,1402.30535317,0.01998468,0.01998468,28594,87,0
6989.36017027,6989.36047451,619.36579989,619.35709098,0.03466425,1402.59166746,0.01998468,0.01998468,28593,87,0
6989.60528987,6989.60494063,626.36666504,626.37667053,0.04465591,1402.87883947,0.01998468,0.01998468,28592,87,0
6989.84920667,6989.84942386,633.37372487,633.36749767,0.04407318,1403.16396184,0.01998468,0.01998468,28591,87,0
6990.09453180,6990.09392418,640.38659124,640.40402569,0.03741121,1403.45006797,0.01998468,0.01998468,28590,87,0
6990.33860549,6990.33844160,647.40487411,647.40957964,0.03853773,1403.73403749,0.01998468,0.01998468,28589,87,0
6990.58313693,6990.58297613,654.42818154,654.43280124,0.03593236,1404.01784460,0.01998468,0.01998468,28588,87,0
6990.82763576,6990.82752777,661.45627609,661.45938076,0.03577651,1404.30090709,0.01998468,0.01998468,28587,87,0
6991.07271251,6991.07209651,668.48947988,668.50720079,0.03859021,1404.58394074,0.01998468,0.01998468,28586,87,0
6991.31691862,6991.31668236,675.52824217,675.53504396,0.03655729,1404.86529006,0.01998468,0.01998468,28585,87,0
6991.56077578,6991.56128532,682.57301443,682.55833321,0.03575988,1405.14557710,0.01998468,0.01998468,28584,87,0
6991.80571762,6991.80590539,689.62424979,689.61883480,0.04776967,1405.42646254,0.01998468,0.01998468,28583,87,0
6992.05033033,6992.05054258,696.68218080,696.67605469,0.05086012,1405.70632902,0.01998468,0.01998468,28582,87,0
6992.29492275,6992.29519688,703.74646799,703.73854947,0.05501190,1405.98551550,0.01998468,0.01998468,28581,87,0
6992.53918119,6992.53986831,710.81667934,710.79681682,0.05637854,1406.26364615,0.01998468,0.01998468,28580,87,0
6992.78415949,6992.78455685,717.89238067,717.88088637,0.02537897,1406.54190021,0.01998468,0.01998468,28579,87,0
6993.02933325,6993.02926251,724.97313871,724.97518618,0.06066894,1406.81965922,0.01998468,0.01998468,28578,87,0
6993.27414345,6993.27398530,732.05879018,732.06337084,0.06089177,1407.09628244,0.01998468,0.01998468,28577,87,0
6993.51929337,6993.51872521,739.14965498,739.16612213,0.05133803,1407.37257538,0.01998468,0.01998468,28576,87,0
6993.76360453,6993.76348225,746.24610442,746.24965098,0.04593651,1407.64722458,0.01998468,0.01998468,28575,87,0
6994.00812128,6994.00825642,753.34851164,753.34458878,0.03292001,1407.92141918,0.01998468,0.01998468,28574,87,0
6994.25362817,6994.25304772,760.45724410,760.47410751,0.03424343,1408.19604596,0.01998468,0.01998468,28573,87,0
6994.49780424,6994.49785615,767.57243051,767.57092138,0.03353367,1408.46851275,0.01998468,0.01998468,28572,87,0
6994.74197651,6994.74268171,774.69391445,774.67339327,0.04603072,1408.74029756,0.01998468,0.01998468,28571,87,0
6994.98744674,6994.98752441,781.82152210,781.81926021,0.04476159,1409.01283510,0.01998468,0.01998468,28570,87,0
6995.23286262,6995.23238425,788.95507873,788.96902041,0.06870966,1409.28460981,0.01998468,0.01998468,28569,87,0
6995.47750288,6995.47726123,796.09441867,796.10146652,0.05669960,1409.55481811,0.01998468,0.01998468,28568,87,0
6995.72278100,6995.72215535,803.23952039,803.25778126,0.04506943,1409.82501894,0.01998468,0.01998468,28567,87,0
6995.96754048,6995.96706661,810.39047238,810.40431352,0.04586666,1410.09393906,0.01998468,0.01998468,28566,87,0
6996.21201573,6996.21199502,817.54736627,817.54797169,0.03426268,1410.36184085,0.01998468,0.01998468,28565,87,0
6996.45653578,6996.45694058,824.71029416,824.69845224,0.04397331,1410.62908719,0.01998468,0.01998468,28564,87,0
6996.70133824,6996.70190328,831.87933979,831.86279689,0.05969594,1410.89593731,0.01998468,0.01998468,28563,87,0
6996.94653979,6996.94688313,839.05452142,839.04446125,0.05954709,1411.16251397,0.01998468,0.01998468,28562,87,0
6997.19186202,6997.19188014,846.23582752,846.23529634,0.04109443,1411.42850958,0.01998468,0.01998468,28561,87,0
6997.43746711,6997.43689430,853.42324635,853.44005618,0.03499686,1411.69409558,0.01998468,0.01998468,28560,87,0
6997.68108696,6997.68192562,860.61676608,860.59213555,0.03663505,1411.95682418,0.01998468,0.01998468,28559,87,0
6997.92703179,6997.92697409,867.81641305,867.81810909,0.04866102,1412.22134096,0.01998468,0.01998468,28558,87,0
6998.17213708,6998.17203972,875.02236410,875.02522814,0.06309867,1412.48424015,0.01998468,0.01998468,28557,87,0
6998.41764526,6998.41712252,882.23483394,882.25022414,0.04477151,1412.74686182,0.01998468,0.01998468,28556,87,0
6998.66223682,6998.66222247,889.45403834,889.45446116,0.03436323,1413.00780216,0.01998468,0.01998468,28555,87,0
6998.90703769,6998.90733959,896.68019273,896.67128856,0.03561631,1413.26827067,0.01998468,0.01998468,28554,87,0
6999.15205861,6999.15247388,903.91331020,903.90105168,0.05475231,1413.52827490,0.01998468,0.01998468,28553,87,0
6999.39721449,6999.39762534,911.15299203,911.14085421,0.04803589,1413.78770626,0.01998468,0.01998468,28552,87,0
6999.64328833,6999.64279397,918.39878769,918.41340361,0.03561060,1414.04737016,0.01998468,0.01998468,28551,87,0
6999.88788240,6999.88797976,925.65024430,925.64736368,0.03522339,1414.30472071,0.01998468,0.01998468,28550,87,0
7000.13265183,7000.13318274,932.90692431,932.89120747,0.05938953,1414.56148792,0.01998468,0.01998468,28549,87,0
7000.37891224,7000.37840289,940.16882729,940.18391652,0.04957891,1414.81904215,0.01998468,0.01998468,28548,87,0
7000.62340145,7000.62364021,947.43641175,947.42933343,0.03986721,1415.07398715,0.01998468,0.01998468,28547,87,0
7000.86874657,7000.86889472,954.71016009,954.70576446,0.04283592,1415.32908145,0.01998468,0.01998468,28546,87,0
7001.11407672,7001.11416640,961.99055721,961.98789413,0.05791430,1415.58343043,0.01998468,0.01998468,28545,87,0
7001.35960671,7001.35945527,969.27802965,969.28253084,0.04277103,1415.83726836,0.01998468,0.01998468,28544,87,0
7001.60409382,7001.60476132,976.57247857,976.55262105,0.03895370,1416.08930819,0.01998468,0.01998468,28543,87,0
7001.84991821,7001.85008456,983.87353386,983.86858101,0.05852951,1416.34198699,0.01998468,0.01998468,28542,87,0
7002.09521620,7002.09542499,991.18082122,991.17460008,0.04918496,1416.59337014,0.01998468,0.01998468,28541,87,0
7002.34089716,7002.34078261,998.49396443,998.49737992,0.03746797,1416.84437508,0.01998468,0.01998468,28540,87,0
7002.58632529,7002.58615742,1005.81270979,1005.81771870,0.05390760,1417.09434081,0.01998468,0.01998468,28539,87,0
7002.83247103,7002.83154942,1013.13724639,1013.16476512,0.04942428,1417.34425794,0.01998468,0.01998468,28538,87,0
7003.07687326,7003.07695862,1020.46786326,1020.46531253,0.03332682,1417.59164014,0.01998468,0.01998468,28537,87,0
7003.32233533,7003.32238502,1027.80485091,1027.80336502,0.05776333,1417.83933570,0.01998468,0.01998468,28536,87,0
7003.56788706,7003.56782861,1035.14849824,1035.15024774,0.03915486,1418.08636763,0.01998468,0.01998468,28535,87,0
7003.81321075,7003.81328941,1042.49892200,1042.49656551,0.03311710,1418.33241842,0.01998468,0.01998468,28534,87,0
7004.05821567,7004.05876741,1049.85597842,1049.83943591,0.05541523,1418.57739233,0.01998468,0.01998468,28533,87,0
7004.30420039,7004.30426261,1057.21950146,1057.21763452,0.04932642,1418.82257672,0.01998468,0.01998468,28532,87,0
7004.54997057,7004.54977502,1064.58932415,1064.59519650,0.03983655,1419.06676964,0.01998468,0.01998468,28531,87,0
7004.79533573,7004.79530464,1071.96529092,1071.96622535,0.05575874,1419.30977733,0.01998468,0.01998468,28530,87,0
7005.04121769,7005.04085147,1079.34738610,1079.35840042,0.03460446,1419.55250945,0.01998468,0.01998468,28529,87,0
7005.28616127,7005.28641551,1086.73568377,1086.72803152,0.03771520,1419.79353167,0.01998468,0.01998468,28528,87,0
7005.53218167,7005.53199676,1094.13025985,1094.13582991,0.05634326,1420.03482646,0.01998468,0.01998468,28527,87,0
7005.77767524,7005.77759523,1101.53119064,1101.53360268,0.03121403,1420.27481846,0.01998468,0.01998468,28526,87,0
7006.02287378,7006.02321091,1108.93858995,1108.92841832,0.05515670,1420.51373959,0.01998468,0.01998468,28525,87,0
7006.26934314,7006.26884382,1116.35271374,1116.36779154,0.03316470,1420.75311675,0.01998468,0.01998468,28524,87,0
7006.51430508,7006.51449394,1123.77385308,1123.76814498,0.04354994,1420.99025961,0.01998468,0.01998468,28523,87,0
7006.76073376,7006.76016129,1131.20230060,1131.21961895,0.05066545,1421.22805429,0.01998468,0.01998468,28522,87,0
7007.00552741,7007.00584586,1138.63834355,1138.62870036,0.04295954,1421.46351484,0.01998468,0.01998468,28521,87,0
7007.25113715,7007.25154766,1146.08196768,1146.06952528,0.05271314,1421.69899944,0.01998468,0.01998468,28520,87,0
7007.49712314,7007.49726669,1153.53274381,1153.52838933,0.03829284,1421.93406449,0.01998468,0.01998468,28519,87,0
7007.74310244,7007.74300294,1160.99021047,1160.99323097,0.05314517,1422.16832510,0.01998468,0.01998468,28518,87,0
7007.98880310,7007.98875643,1168.45390368,1168.45532150,0.03323869,1422.40150671,0.01998468,0.01998468,28517,87,0
7008.23467266,7008.23452715,1175.92342894,1175.92785272,0.05626992,1422.63402003,0.01998468,0.01998468,28516,87,0
7008.48065989,7008.48031511,1183.39898841,1183.40947887,0.03734485,1422.86581929,0.01998468,0.01998468,28515,87,0
7008.72592870,7008.72612030,1190.88108197,1190.87524736,0.05300755,1423.09613277,0.01998468,0.01998468,28514,87,0
7008.97197671,7008.97194274,1198.37021439,1198.37124997,0.03817939,1423.32637950,0.01998468,0.01998468,28513,87,0
7009.21813726,7009.21778241,1205.86689250,1205.87771867,0.05277127,1423.55594415,0.01998468,0.01998468,28512,87,0
7009.46353627,7009.46363933,1213.37140650,1213.36825934,0.03696509,1423.78402064,0.01998468,0.01998468,28511,87,0
7009.70969490,7009.70951349,1220.88351086,1220.88905613,0.05081270,1424.01201235,0.01998468,0.01998468,28510,87,0
7009.95531059,7009.95540489,1228.40287796,1228.39999300,0.03973389,1424.23869909,0.01998468,0.01998468,28509,87,0
7010.20147714,7010.20131355,1235.92917834,1235.93418738,0.05055180,1424.46507769,0.01998468,0.01998468,28508,87,0
7010.44702987,7010.44723945,1243.46209860,1243.45567642,0.03321073,1424.69006548,0.01998468,0.01998468,28507,87,0
7010.69340119,7010.69318261,1251.00160257,1251.00830602,0.04981918,1424.91497030,0.01998468,0.01998468,28506,87,0
7010.93940621,7010.93914301,1258.54787472,1258.55595304,0.03572377,1425.13871121,0.01998468,0.01998468,28505,87,0
7011.18481819,7011.18512068,1266.10110655,1266.09181402,0.05361109,1425.36108992,0.01998468,0.01998468,28504,87,0
7011.43136981,7011.43111560,1273.66149060,1273.66930697,0.03284987,1425.58367677,0.01998468,0.01998468,28503,87,0
7011.67715953,7011.67712778,1281.22917429,1281.23015153,0.05542201,1425.80475473,0.01998468,0.01998468,28502,87,0
7011.92288207,7011.92315722,1288.80413749,1288.79566205,0.04728138,1426.02494949,0.01998468,0.01998468,28501,87,0
7012.16987082,7012.16920392,1296.38632162,1296.40688163,0.03864329,1426.24544540,0.01998468,0.01998468,28500,87,0
7012.41489239,7012.41526789,1303.97566774,1303.96408121,0.05047976,1426.46335505,0.01998468,0.01998468,28499,87,0
7012.66145589,7012.66134912,1311.57211620,1311.57541331,0.03194888,1426.68179696,0.01998468,0.01998468,28498,87,0
7012.90728485,7012.90744763,1319.17559804,1319.17056666,0.04625682,1426.89874555,0.01998468,0.01998468,28497,87,0
7013.15360067,7013.15356340,1326.78603477,1326.78718780,0.05380080,1427.11527510,0.01998468,0.01998468,28496,87,0
7013.39929575,7013.39969644,1334.40334704,1334.39094143,0.02920154,1427.33040778,0.01998468,0.01998468,28495,87,0
7013.64595639,7013.64584676,1342.02745501,1342.03085225,0.04612099,1427.54552591,0.01998468,0.01998468,28494,87,0
7013.89177537,7013.89201435,1349.65833545,1349.65092437,0.03593483,1427.75904949,0.01998468,0.01998468,28493,87,0
7014.13778918,7014.13819922,1357.29621296,1357.28348616,0.05367982,1427.97188594,0.01998468,0.01998468,28492,87,0
7014.38431827,7014.38440136,1364.94138069,1364.93879928,0.04391920,1428.18431421,0.01998468,0.01998468,28491,87,0
7014.63076314,7014.63062079,1372.59413345,1372.59856002,0.03300071,1428.39582086,0.01998468,0.01998468,28490,87,0
7014.87671274,7014.87685750,1380.25475828,1380.25025262,0.05704746,1428.60606105,0.01998468,0.01998468,28489,87,0
7015.12303526,7015.12311150,1387.92329567,1387.92092041,0.04714799,1428.81577561,0.01998468,0.01998468,28488,87,0
7015.36960618,7015.36938278,1395.59951935,1395.60648609,0.03136122,1429.02484614,0.01998468,0.01998468,28487,87,0
7015.61586241,7015.61567134,1403.28318860,1403.28915214,0.05373142,1429.23278607,0.01998468,0.01998468,28486,87,0
7015.86230470,7015.86197720,1410.97406125,1410.98429171,0.04430583,1429.44000952,0.01998468,0.01998468,28485,87,0
7016.10845809,7016.10830035,1418.67193851,1418.67687000,0.04626908,1429.64610961,0.01998468,0.01998468,28484,87,0
7016.35517268,7016.35464080,1426.37680440,1426.39344717,0.03162884,1429.85179354,0.01998468,0.01998468,28483,87,0
7016.60127917,7016.60099853,1434.08869007,1434.09747868,0.05171224,1430.05608489,0.01998468,0.01998468,28482,87,0
7016.84774248,7016.84737357,1441.80762684,1441.81918979,0.04697054,1430.25978411,0.01998468,0.01998468,28481,87,0
7017.09435648,7017.09376590,1449.53365733,1449.55218396,0.03426545,1430.46271651,0.01998468,0.01998468,28480,87,0
7017.34053323,7017.34017554,1457.26704827,1457.27827930,0.04551534,1430.66440406,0.01998468,0.01998468,28479,87,0
7017.58653275,7017.58660248,1465.00827542,1465.00608397,0.04584185,1430.86507258,0.01998468,0.01998468,28478,87,0
7017.83291719,7017.83304672,1472.75782509,1472.75374992,0.05546487,1431.06518897,0.01998468,0.01998468,28477,87,0
7018.07941739,7018.07950827,1480.51618629,1480.51332416,0.03598533,1431.26454126,0.01998468,0.01998468,28476,87,0
7018.32552069,7018.32598712,1488.28358332,1488.26887677,0.05386132,1431.46271858,0.01998468,0.01998468,28475,87,0
7018.57290677,7018.57248329,1496.05941554,1496.07278097,0.05111550,1431.66105003,0.01998468,0.01998468,28474,87,0
7018.81892548,7018.81899676,1503.84291978,1503.84066810,0.04216569,1431.85738890,0.01998468,0.01998468,28473,87,0
7019.06605674,7019.06552755,1511.63332829,1511.65005682,0.04880541,1432.05369340,0.01998468,0.01998468,28472,87,0
7019.31218747,7019.31207566,1519.42994040,1519.43347758,0.02705374,1432.24826434,0.01998468,0.01998468,28471,87,0
7019.55858909,7019.55864108,1527.23289270,1527.23124654,0.05422279,1432.44211199,0.01998468,0.01998468,28470,87,0
7019.80511466,7019.80522382,1535.04286981,1535.03941068,0.04565046,1432.63513294,0.01998468,0.01998468,28469,87,0
7020.05189954,7020.05182389,1542.86056967,1542.86296913,0.04716047,1432.82744543,0.01998468,0.01998468,28468,87,0
7020.29827199,7020.29844127,1550.68669124,1550.68131655,0.04827094,1433.01854083,0.01998468,0.01998468,28467,87,0
7020.54512721,7020.54507598,1558.52158933,1558.52321774,0.03163235,1433.20911841,0.01998468,0.01998468,28466,87,0
7020.79204969,7020.79172802,1566.36496243,1566.37519643,0.05749243,1433.39884363,0.01998468,0.01998468,28465,87,0
7021.03814408,7021.03839738,1574.21643404,1574.20836769,0.04871433,1433.58702041,0.01998468,0.01998468,28464,87,0
7021.28540184,7021.28508407,1582.07562533,1582.08575365,0.04484371,1433.77515743,0.01998468,0.01998468,28463,87,0
7021.53211352,7021.53178810,1589.94222871,1589.95261005,0.04648530,1433.96194017,0.01998468,0.01998468,28462,87,0
7021.77857780,7021.77850946,1597.81636363,1597.81854592,0.04570518,1434.14759921,0.01998468,0.01998468,28461,87,0
7022.02522810,7022.02524815,1605.69830538,1605.69766474,0.04513510,1434.33246488,0.01998468,0.01998468,28460,87,0
7022.27224873,7022.27200418,1613.58833111,1613.59615430,0.05275718,1434.51667552,0.01998468,0.01998468,28459,87,0
7022.51857521,7022.51877755,1621.48670981,1621.48023022,0.03183664,1434.69944219,0.01998468,0.01998468,28458,87,0
7022.76530764,7022.76556826,1629.39349656,1629.38514262,0.05235694,1434.88158073,0.01998468,0.01998468,28457,87,0
7023.01197848,7023.01237631,1637.30853679,1637.29577228,0.04402667,1435.06273718,0.01998468,0.01998468,28456,87,0
7023.25928830,7023.25920171,1645.23166625,1645.23444695,0.04775800,1435.24341574,0.01998468,0.01998468,28455,87,0
7023.50573401,7023.50604446,1653.16271994,1653.15274071,0.04857991,1435.42251268,0.01998468,0.01998468,28454,87,0
7023.75333312,7023.75290455,1661.10163743,1661.11542665,0.04961789,1435.60148798,0.01998468,0.01998468,28453,87,0
7023.99968829,7023.99978199,1669.04861871,1669.04560109,0.05251521,1435.77861060,0.01998468,0.01998468,28452,87,0
7024.24654141,7024.24667678,1677.00390454,1676.99954049,0.04919386,1435.95513937,0.01998468,0.01998468,28451,87,0
7024.49367198,7024.49358893,1684.96773712,1684.97041715,0.04005670,1436.13091414,0.01998468,0.01998468,28450,87,0
7024.74051130,7024.74051843,1692.94031185,1692.94008136,0.04256953,1436.30553136,0.01998468,0.01998468,28449,87,0
7024.98731377,7024.98746529,1700.92150817,1700.91660860,0.03801697,1436.47916677,0.01998468,0.01998468,28448,87,0
7025.23433159,7025.23442951,1708.91107680,1708.90790741,0.04800539,1436.65198796,0.01998468,0.01998468,28447,87,0
7025.48124626,7025.48141109,1716.90876656,1716.90342651,0.04607861,1436.82376271,0.01998468,0.01998468,28446,87,0
7025.72861751,7025.72841003,1724.91433713,1724.92106476,0.04116004,1436.99486996,0.01998468,0.01998468,28445,87,0
7025.97535478,7025.97542634,1732.92779724,1732.92547470,0.04700052,1437.16455348,0.01998468,0.01998468,28444,87,0
7026.22238846,7026.22246001,1740.94938745,1740.94706273,0.04106776,1437.33345702,0.01998468,0.01998468,28443,87,0
7026.46950098,7026.46951106,1748.97935852,1748.97903074,0.03945164,1437.50143157,0.01998468,0.01998468,28442,87,0
7026.71639846,7026.71657947,1757.01796201,1757.01206966,0.04175864,1437.66828002,0.01998468,0.01998468,28441,87,0
7026.96334021,7026.96366525,1765.06535242,1765.05476057,0.04683094,1437.83417833,0.01998468,0.01998468,28440,87,0
7027.21038374,7027.21076841,1773.12148916,1773.10894182,0.04174512,1437.99915991,0.01998468,0.01998468,28439,87,0
7027.45753028,7027.45788894,1781.18630827,1781.17459752,0.04171872,1438.16321951,0.01998468,0.01998468,28438,87,0
7027.70472619,7027.70502685,1789.25974530,1789.24991852,0.04879548,1438.32631583,0.01998468,0.01998468,28437,87,0
7027.95223257,7027.95218214,1797.34173732,1797.34338713,0.04860055,1438.48861420,0.01998468,0.01998468,28436,87,0
7028.19915596,7028.19935481,1805.43222939,1805.42571725,0.05098832,1438.64952588,0.01998468,0.01998468,28435,87,0
7028.44616157,7028.44654487,1813.53116846,1813.51860407,0.05280600,1438.80948293,0.01998468,0.01998468,28434,87,0
7028.69396995,7028.69375230,1821.63850110,1821.64564223,0.04693415,1438.96894209,0.01998469,0.01998468,28433,87,0
7028.94106707,7028.94097713,1829.75418693,1829.75714072,0.04579986,1439.12692437,0.01998469,0.01998468,28432,87,0
7029.18821377,7029.18821934,1837.87831280,1837.87812958,0.04142956,1439.28391861,0.01998468,0.01998469,28431,87,0
7029.43537304,7029.43547894,1846.01103677,1846.00755174,0.04513068,1439.43990051,0.01998468,0.01998469,28430,87,0
7029.68257736,7029.68275594,1854.15251867,1854.14663593,0.04153272,1439.59488976,0.01998468,0.01998469,28429,87,0
7029.93000372,7029.93005033,1862.30291951,1862.30138241,0.04502472,1439.74899514,0.01998468,0.01998469,28428,87,0
7030.17743576,7030.17736211,1870.46240693,1870.46483785,0.05650261,1439.90207999,0.01998469,0.01998469,28427,87,0
7030.42426010,7030.42469130,1878.63115528,1878.61690602,0.04637168,1440.05376806,0.01998468,0.01998469,28426,87,0
7030.67221209,7030.67203788,1886.80934027,1886.81510340,0.03739100,1440.20512204,0.01998469,0.01998469,28425,87,0
7030.91954928,7030.91940186,1894.99713631,1895.00201867,0.03921419,1440.35507443,0.01998469,0.01998469,28424,87,0
7031.16641107,7031.16678325,1903.19450148,1903.18216234,0.04370117,1440.50371183,0.01998468,0.01998469,28423,87,0
7031.41376736,7031.41418204,1911.40100643,1911.38724434,0.04612065,1440.65160648,0.01998468,0.01998469,28422,87,0
7031.66125615,7031.66159824,1919.61617902,1919.60481514,0.05128436,1440.79852583,0.01998468,0.01998469,28421,87,0
7031.90884807,7031.90903184,1927.83954406,1927.83343379,0.03903829,1440.94443898,0.01998469,0.01998469,28420,87,0
7032.15674018,7032.15648286,1936.07086302,1936.07942658,0.04715182,1441.08945191,0.01998469,0.01998469,28419,87,0
7032.40390590,7032.40395129,1944.31062934,1944.30911741,0.05545951,1441.23297219,0.01998469,0.01998469,28418,87,0
7032.65224369,7032.65143713,1952.55947956,1952.58637746,0.04694244,1441.37610685,0.01998469,0.01998469,28417,87,0
7032.89868965,7032.89894039,1960.81805438,1960.80968288,0.03939526,1441.51710172,0.01998469,0.01998469,28416,87,0
7033.14641549,7033.14646106,1969.08683772,1969.08531428,0.04258349,1441.65777945,0.01998469,0.01998469,28415,87,0
7033.39401980,7033.39399916,1977.36549069,1977.36618142,0.05178928,1441.79732691,0.01998469,0.01998469,28414,87,0
7033.64154641,7033.64155468,1985.65340802,1985.65313108,0.04774406,1441.93575590,0.01998469,0.01998469,28413,87,0
7033.88866455,7033.88912762,1993.94998024,1993.93445495,0.03777556,1442.07287078,0.01998469,0.01998469,28412,87,0
7034.13689361,7034.13671798,2002.25466412,2002.26055773,0.04417503,1442.20949747,0.01998469,0.01998469,28411,87,0
7034.38393203,7034.38432578,2010.56749724,2010.55427206,0.05376326,1442.34436699,0.01998469,0.01998469,28410,87,0
7034.63184471,7034.63195100,2018.88880684,2018.88523331,0.03966595,1442.47861069,0.01998469,0.01998469,28409,87,0
7034.87946886,7034.87959365,2027.21892441,2027.21472453,0.03840270,1442.61159679,0.01998469,0.01998469,28408,87,0
7035.12722094,7035.12725373,2035.55818507,2035.55708029,0.05069448,1442.74355164,0.01998469,0.01998469,28407,87,0
7035.37541241,7035.37493125,2043.90694503,2043.92317288,0.03731744,1442.87463912,0.01998469,0.01998469,28406,87,0
7035.62251119,7035.62262621,2052.26557629,2052.26169267,0.03844598,1443.00405615,0.01998468,0.01998469,28405,87,0
7035.87071857,7035.87033860,2060.63445363,2060.64729839,0.04878416,1443.13295715,0.01998469,0.01998469,28404,87,0
7036.11807104,7036.11806843,2069.01393921,2069.01402737,0.03827656,1443.26032190,0.01998468,0.01998469,28403,87,0
7036.36611773,7036.36581571,2077.40407299,2077.41430733,0.05203401,1443.38694526,0.01998469,0.01998469,28402,87,0
7036.61349007,7036.61358043,2085.80458323,2085.80151785,0.03490399,1443.51211995,0.01998468,0.01998469,28401,87,0
7036.86131241,7036.86136259,2094.21518364,2094.21347927,0.03743364,1443.63640783,0.01998469,0.01998469,28400,87,0
7037.10888078,7037.10916220,2102.63558910,2102.62602097,0.04808793,1443.75944615,0.01998468,0.01998469,28399,87,0
7037.35703708,7037.35697926,2111.06562157,2111.06758952,0.03408311,1443.88164434,0.01998469,0.01998469,28398,87,0
7037.60493532,7037.60481377,2119.50523637,2119.50937765,0.04826870,1444.00257886,0.01998469,0.01998469,28397,87,0
7037.85272382,7037.85266573,2127.95439676,2127.95637795,0.03764915,1444.12232005,0.01998469,0.01998469,28396,87,0
7038.10059911,7038.10053515,2136.41306791,2136.41525178,0.04692360,1444.24095853,0.01998469,0.01998469,28395,87,0
7038.34879962,7038.34842202,2144.88133736,2144.89424367,0.04051238,1444.35860276,0.01998469,0.01998469,28394,87,0
7038.59649471,7038.59632636,2153.35947834,2153.36523924,0.05628165,1444.47485997,0.01998469,0.01998469,28393,87,0
7038.84475098,7038.84424815,2161.84778128,2161.86500711,0.04028888,1444.59023010,0.01998469,0.01998469,28392,87,0
7039.09189494,7039.09218740,2170.34653682,2170.33650618,0.05377794,1444.70393886,0.01998469,0.01998469,28391,87,0
7039.34031926,7039.34014412,2178.85588296,2178.86189691,0.04077209,1444.81708328,0.01998469,0.01998469,28390,87,0
7039.58816000,7039.58811830,2187.37568665,2187.37712011,0.05193064,1444.92880333,0.01998469,0.01998469,28389,87,0
7039.83628891,7039.83610995,2195.90578621,2195.91194526,0.03603357,1445.03948750,0.01998469,0.01998469,28388,87,0
7040.08415737,7040.08411907,2204.44601872,2204.44733805,0.04787353,1445.14888438,0.01998469,0.01998469,28387,87,0
7040.33186144,7040.33214566,2212.99621162,2212.98640818,0.03404318,1445.25703292,0.01998469,0.01998469,28386,87,0
7040.58033780,7040.58018973,2221.55617470,2221.56128719,0.04753760,1445.36433111,0.01998469,0.01998469,28385,87,0
7040.82832532,7040.82825127,2230.12571444,2230.12827394,0.04174271,1445.47022579,0.01998469,0.01998469,28384,87,0
7041.07543720,7041.07633028,2238.70463716,2238.67373754,0.04684207,1445.57455523,0.01998468,0.01998469,28383,87,0
7041.32444189,7041.32442678,2247.29293944,2247.29346284,0.04860141,1445.67847684,0.01998469,0.01998469,28382,87,0
7041.57264515,7041.57254075,2255.89101122,2255.89463088,0.03925923,1445.78085886,0.01998469,0.01998469,28381,87,0
7041.82088283,7041.82067221,2264.49929356,2264.50660460,0.04638340,1445.88205263,0.01998469,0.01998469,28380,87,0
7042.06903352,7042.06882115,2273.11822956,2273.12561037,0.05009953,1445.98200976,0.01998469,0.01998469,28379,87,0
7042.31740629,7042.31698758,2281.74810697,2281.76267631,0.03284776,1446.08085244,0.01998469,0.01998469,28378,87,0
7042.56507713,7042.56517149,2290.38889067,2290.38560343,0.04305828,1446.17821132,0.01998469,0.01998469,28377,87,0
7042.81346562,7042.81337290,2299.04050539,2299.04373947,0.03018580,1446.27463877,0.01998469,0.01998469,28376,87,0
7043.06154630,7043.06159179,2307.70287482,2307.70128624,0.04552661,1446.36972818,0.01998469,0.01998469,28375,87,0
7043.30978299,7043.30982818,2316.37586798,2316.37428815,0.04393093,1446.46365238,0.01998469,0.01998469,28374,87,0
7043.55810843,7043.55808206,2325.05924794,2325.06017081,0.03283129,1446.55637699,0.01998469,0.01998469,28373,87,0
7043.80600184,7043.80635345,2333.75276395,2333.74044554,0.05150068,1446.64770302,0.01998469,0.01998469,28372,87,0
7044.05449220,7044.05464232,2342.45616702,2342.45090173,0.04014260,1446.73800136,0.01998469,0.01998469,28371,87,0
7044.30337468,7044.30294871,2351.16951388,2351.18447025,0.05338573,1446.82718641,0.01998469,0.01998469,28370,87,0
7044.55117028,7044.55127259,2359.89339849,2359.88980222,0.03421453,1446.91473507,0.01998469,0.01998469,28369,87,0
7044.79920036,7044.79961398,2368.62847308,2368.61391538,0.04632057,1447.00112242,0.01998469,0.01998469,28368,87,0
7045.04797161,7045.04797287,2377.37538659,2377.37534216,0.04279564,1447.08651899,0.01998469,0.01998469,28367,87,0
7045.29642940,7045.29634927,2386.13435352,2386.13718111,0.05065323,1447.17055636,0.01998469,0.01998469,28366,87,0
7045.54468087,7045.54474318,2394.90493437,2394.90273262,0.03292130,1447.25326528,0.01998469,0.01998469,28365,87,0
7045.79274279,7045.79315461,2403.68663279,2403.67206600,0.04361392,1447.33464470,0.01998469,0.01998469,28364,87,0
7046.04158702,7046.04158354,2412.47895722,2412.47908043,0.04277442,1447.41499957,0.01998469,0.01998469,28363,87,0
7046.29034539,7046.29003000,2421.28170175,2421.29288276,0.04712738,1447.49403765,0.01998469,0.01998469,28362,87,0
7046.53858176,7046.53849397,2430.09501093,2430.09812697,0.03269716,1447.57162180,0.01998469,0.01998469,28361,87,0
7046.78676948,7046.78697546,2438.91905161,2438.91173285,0.04731017,1447.64790121,0.01998469,0.01998469,28360,87,0
7047.03511893,7047.03547447,2447.75399935,2447.74135142,0.04711435,1447.72293641,0.01998469,0.01998469,28359,87,0
7047.28401582,7047.28399100,2456.60018714,2456.60107108,0.04258427,1447.79683636,0.01998469,0.01998469,28358,87,0
7047.53241366,7047.53252506,2465.45809806,2465.45412521,0.04705648,1447.86928890,0.01998469,0.01998469,28357,87,0
7047.78110783,7047.78107664,2474.32822457,2474.32933822,0.04261209,1447.94052633,0.01998469,0.01998469,28356,87,0
7048.02965630,7048.02964576,2483.21100542,2483.21138236,0.04687014,1448.01041884,0.01998469,0.01998469,28355,87,0
7048.27866419,7048.27823240,2492.10613912,2492.12159963,0.05273831,1448.07912614,0.01998469,0.01998469,28354,87,0
7048.52710333,7048.52683657,2501.01280328,2501.02236590,0.05414171,1448.14635373,0.01998469,0.01998469,28353,87,0
7048.77555419,7048.77545828,2509.93015859,2509.93360024,0.02808649,1448.21225187,0.01998469,0.01998469,28352,87,0
7049.02416695,7049.02409753,2518.85747642,2518.85997038,0.04750539,1448.27684908,0.01998469,0.01998469,28351,87,0
7049.27240350,7049.27275431,2527.79496966,2527.78235325,0.05219244,1448.34000436,0.01998469,0.01998469,28350,87,0
7049.52150387,7049.52142863,2536.74331119,2536.74602017,0.04731547,1448.40202936,0.01998469,0.01998469,28349,87,0
7049.76997361,7049.77012050,2545.70318203,2545.69788650,0.04608635,1448.46254980,0.01998469,0.01998469,28348,87,0
7050.01852693,7050.01882991,2554.67514584,2554.66420924,0.04463219,1448.52174260,0.01998469,0.01998469,28347,87,0
7050.26768096,7050.26755686,2563.65915899,2563.66364447,0.04647638,1448.57971964,0.01998469,0.01998469,28346,87,0
7050.51590684,7050.51630136,2572.65498720,2572.64071090,0.04272814,1448.63612098,0.01998469,0.01998469,28345,87,0
7050.76457230,7050.76506341,2581.66239426,2581.64460107,0.04459118,1448.69125470,0.01998469,0.01998469,28344,87,0
7051.01379890,7051.01384301,2590.68123831,2590.67963835,0.04410956,1448.74513342,0.01998469,0.01998469,28343,87,0
7051.26276216,7051.26264016,2599.71166214,2599.71609297,0.05134840,1448.79757211,0.01998469,0.01998469,28342,87,0
7051.51146296,7051.51145486,2608.75386246,2608.75415695,0.04790174,1448.84857122,0.01998469,0.01998469,28341,87,0
7051.76026707,7051.76028713,2617.80803758,2617.80730749,0.04695174,1448.89820284,0.01998469,0.01998469,28340,87,0
7052.00903821,7052.00913695,2626.87439541,2626.87079598,0.04953066,1448.94643489,0.01998469,0.01998469,28339,87,0
7052.25827944,7052.25800433,2635.95315952,2635.96320222,0.05400427,1448.99335682,0.01998469,0.01998469,28338,87,0
7052.50690837,7052.50688927,2645.04455659,2645.04525458,0.05331879,1449.03876156,0.01998469,0.01998469,28337,87,0
7052.75585753,7052.75579178,2654.14880600,2654.15121255,0.04568234,1449.08281718,0.01998469,0.01998469,28336,87,0
7053.00543030,7053.00471185,2663.26592590,2663.29225776,0.04379023,1449.12556354,0.01998469,0.01998469,28335,87,0
7053.25396669,7053.25364949,2672.39573383,2672.40737504,0.04205348,1449.16671316,0.01998469,0.01998469,28334,87,0
7053.50236414,7053.50260470,2681.53803725,2681.52919776,0.04502701,1449.20641810,0.01998469,0.01998469,28333,87,0
7053.75146917,7053.75157748,2690.69267103,2690.68868620,0.04237706,1449.24480241,0.01998469,0.01998469,28332,87,0
7054.00065970,7054.00056783,2699.85973429,2699.86311879,0.05304704,1449.28175814,0.01998469,0.01998469,28331,87,0
7054.24991962,7054.24957576,2709.03946928,2709.05215434,0.05126964,1449.31727678,0.01998469,0.01998469,28330,87,0
7054.49802457,7054.49860126,2718.23212150,2718.21081894,0.04126320,1449.35118839,0.01998469,0.01998469,28329,87,0
7054.74741227,7054.74764434,2727.43783214,2727.42924812,0.04186014,1449.38381962,0.01998469,0.01998469,28328,87,0
7054.99651600,7054.99670501,2736.65629950,2736.64929917,0.04459233,1449.41494971,0.01998469,0.01998469,28327,87,0
7055.24577744,7055.24578325,2745.88710334,2745.88688790,0.05884795,1449.44462777,0.01998469,0.01998469,28326,87,0
7055.49515756,7055.49487908,2755.12982268,2755.14016188,0.05231834,1449.47283975,0.01998469,0.01998469,28325,87,0
7055.74392954,7055.74399250,2764.38436005,2764.38201955,0.04357264,1449.49950207,0.01998469,0.01998469,28324,87,0
7055.99304031,7055.99312350,2773.65124431,2773.64814784,0.03797044,1449.52471457,0.01998469,0.01998469,28323,87,0
7056.24238601,7056.24227209,2782.93107963,2782.93532542,0.05224613,1449.54845741,0.01998469,0.01998469,28322,87,0
7056.49168587,7056.49143828,2792.22445482,2792.23369613,0.04331017,1449.57069751,0.01998469,0.01998469,28321,87,0
7056.74039180,7056.74062206,2801.53157946,2801.52297312,0.03665849,1449.59138591,0.01998469,0.01998469,28320,87,0
7056.98984113,7056.98982343,2810.85232140,2810.85298365,0.04743676,1449.61062582,0.01998469,0.01998469,28319,87,0
7057.23925576,7057.23904240,2820.18653519,2820.19453182,0.04226260,1449.62834417,0.01998469,0.01998469,28318,87,0
7057.48797917,7057.48827897,2829.53408711,2829.52283533,0.03759858,1449.64449445,0.01998469,0.01998469,28317,87,0
7057.73780836,7057.73753314,2838.89492428,2838.90526700,0.05251302,1449.65918323,0.01998469,0.01998469,28316,87,0
7057.98723570,7057.98680492,2848.26902517,2848.28523590,0.04298617,1449.67230913,0.01998469,0.01998469,28315,87,0
7058.23579002,7058.23609430,2857.65636790,2857.64490210,0.04482097,1449.68385294,0.01998469,0.01998469,28314,87,0
7058.48581671,7058.48540128,2867.05688394,2867.07255872,0.04804408,1449.69391173,0.01998469,0.01998469,28313,87,0
7058.73482912,7058.73472588,2876.47039383,2876.47429431,0.03840240,1449.70237490,0.01998469,0.01998469,28312,87,0
7058.98398737,7058.98406808,2885.89670044,2885.89364727,0.05272421,1449.70928378,0.01998469,0.01998469,28311,87,0
7059.23327830,7059.23342790,2895.33562423,2895.32995791,0.03794569,1449.71462933,0.01998469,0.01998469,28310,87,0
7059.48297857,7059.48280533,2904.78738540,2904.79395602,0.05139175,1449.71840650,0.01998469,0.01998469,28309,87,0
7059.73247727,7059.73220037,2914.25258406,2914.26310034,0.03947671,1449.72059815,0.01998469,0.01998469,28308,87,0
7059.98146818,7059.98161304,2923.73184018,2923.72633084,0.03461447,1449.72120198,0.01998469,0.01998469,28307,87,0
7060.23094626,7060.23104332,2933.22565429,2933.22195735,0.04999195,1449.72021385,0.01998469,0.01998469,28306,87,0
7060.48040168,7060.48049122,2942.73383082,2942.73041523,0.04845122,1449.71762450,0.01998469,0.01998469,28305,87,0
7060.72995146,7060.72995675,2952.25592816,2952.25572590,0.04275026,1449.71342542,0.01998469,0.01998469,28304,87,0
7060.97932566,7060.97943990,2961.79150382,2961.78713433,0.05039311,1449.70761562,0.01998469,0.01998469,28303,87,0
7061.22914602,7061.22894068,2971.34043813,2971.34830211,0.03593438,1449.70017169,0.01998469,0.01998469,28302,87,0
7061.47857939,7061.47845909,2980.90320838,2980.90782219,0.05011322,1449.69111105,0.01998469,0.01998469,28301,87,0
7061.72838992,7061.72799513,2990.48035980,2990.49552294,0.04157097,1449.68039876,0.01998469,0.01998469,28300,87,0
7061.97758043,7061.97754880,3000.07240476,3000.07362138,0.05005136,1449.66807241,0.01998469,0.01998469,28299,87,0
7062.22725978,7062.22712011,3009.67943586,3009.68481630,0.05409329,1449.65407115,0.01998469,0.01998469,28298,87,0
7062.47680983,7062.47670905,3019.30127872,3019.30516651,0.04075175,1449.63841919,0.01998469,0.01998469,28297,87,0
7062.72628477,7062.72631564,3028.93775314,3028.93656046,0.04653529,1449.62110837,0.01998469,0.01998469,28296,87,0
7062.97596219,7062.97593986,3038.58878157,3038.58964545,0.03790781,1449.60211130,0.01998469,0.01998469,28295,87,0
7063.22581536,7063.22558172,3048.25459825,3048.26365130,0.04870440,1449.58141864,0.01998469,0.01998469,28294,87,0
7063.47513739,7063.47524123,3057.93549773,3057.93146804,0.04923022,1449.55908471,0.01998469,0.01998469,28293,87,0
7063.72480115,7063.72491838,3067.63174932,3067.62719317,0.05206538,1449.53502526,0.01998469,0.01998469,28292,87,0
7063.97472275,7063.97461318,3077.34308857,3077.34735303,0.03584514,1449.50923553,0.01998469,0.01998469,28291,87,0
7064.22459643,7064.22432563,3087.06876351,3087.07931734,0.04841831,1449.48173979,0.01998469,0.01998469,28290,87,0
7064.47414486,7064.47405574,3096.80799774,3096.81147566,0.04516949,1449.45256784,0.01998469,0.01998469,28289,87,0
7064.72401215,7064.72380349,3106.56032272,3106.56847607,0.05286466,1449.42163942,0.01998469,0.01998469,28288,87,0
7064.97404857,7064.97356890,3116.32652957,3116.34529880,0.03991146,1449.38895898,0.01998469,0.01998469,28287,87,0
7065.22336263,7065.22335197,3126.10773362,3126.10815154,0.04904222,1449.35463807,0.01998469,0.01998469,28286,87,0
7065.47348168,7065.47315269,3135.90502922,3135.91794271,0.04671284,1449.31845410,0.01998469,0.01998469,28285,87,0
7065.72367908,7065.72297108,3145.71872546,3145.74655996,0.04537600,1449.28049378,0.01998469,0.01998469,28284,87,0
7065.97241988,7065.97280713,3155.54829286,3155.53304528,0.04740134,1449.24099870,0.01998469,0.01998469,28283,87,0
7066.22246116,7066.22266084,3165.39315649,3165.38528265,0.03494491,1449.19952743,0.01998469,0.01998469,28282,87,0
7066.47274697,7066.47253222,3175.25289639,3175.26137614,0.04469862,1449.15623304,0.01998469,0.01998469,28281,87,0
7066.72273781,7066.72242127,3185.12777615,3185.14029411,0.04866839,1449.11120085,0.01998469,0.01998469,28280,87,0
7066.97241976,7066.97232799,3195.01824585,3195.02188076,0.04243796,1449.06443024,0.01998469,0.01998469,28279,87,0
7067.22241901,7067.22225238,3204.92474327,3204.93135358,0.04916587,1449.01579395,0.01998469,0.01998469,28278,87,0
7067.47235603,7067.47219444,3214.84732353,3214.85374330,0.04625734,1448.96535482,0.01998469,0.01998469,28277,87,0
7067.72209457,7067.72215418,3224.78565002,3224.78327804,0.04811767,1448.91313705,0.01998469,0.01998469,28276,87,0
7067.97210505,7067.97213160,3234.73936533,3234.73830758,0.04198330,1448.85903563,0.01998469,0.01998469,28275,87,0
7068.22240122,7068.22212669,3244.70826500,3244.71922017,0.04680368,1448.80303501,0.01998469,0.01998469,28274,87,0
7068.47268976,7068.47213947,3254.69271206,3254.71470508,0.04551786,1448.74518806,0.01998469,0.01998469,28273,87,0
7068.72234060,7068.72216993,3264.69320250,3264.70003406,0.04772825,1448.68563684,0.01998469,0.01998469,28272,87,0
7068.97166858,7068.97221808,3274.71021690,3274.68818611,0.04641369,1448.62430599,0.01998469,0.01998469,28271,87,0
7069.22302505,7069.22228391,3284.74392521,3284.77368666,0.04528695,1448.56058860,0.01998469,0.01998469,28270,87,0
7069.47292022,7069.47236743,3294.79424802,3294.81648092,0.05021861,1448.49535508,0.01998469,0.01998469,28269,87,0
7069.72243155,7069.72246865,3304.86109806,3304.85960357,0.04420335,1448.42833731,0.01998469,0.01998469,28268,87,0
7069.97276099,7069.97258755,3314.94439687,3314.95139436,0.04030005,1448.35919977,0.01998469,0.01998469,28267,87,0
7070.22228445,7070.22272415,3325.04408949,3325.02632221,0.04080630,1448.28838303,0.01998469,0.01998469,28266,87,0
7070.47289358,7070.47287845,3335.16012396,3335.16073642,0.04475948,1448.21533915,0.01998469,0.01998469,28265,87,0
7070.72281047,7070.72305044,3345.29249115,3345.28276434,0.05150398,1448.14057366,0.01998469,0.01998469,28264,87,0
7070.97345226,7070.97324014,3355.44155236,3355.45016410,0.04710462,1448.06365117,0.01998469,0.01998469,28263,87,0
7071.22358293,7071.22344753,3365.60786013,3365.61336612,0.04521691,1447.98493578,0.01998469,0.01998469,28262,87,0
7071.47329285,7071.47367263,3375.79196525,3375.77649505,0.03706195,1447.90439680,0.01998469,0.01998469,28261,87,0
7071.72389234,7071.72391544,3385.99402412,3385.99308185,0.04133578,1447.82159576,0.01998469,0.01998469,28260,87,0
7071.97416699,7071.97417595,3396.21363081,3396.21326454,0.04386355,1447.73692146,0.01998469,0.01998469,28259,87,0
7072.22485562,7072.22445417,3406.45033264,3406.46676522,0.05015889,1447.65011780,0.01998469,0.01998469,28258,87,0
7072.47488831,7072.47475011,3416.70378966,3416.70945569,0.04244052,1447.56155236,0.01998469,0.01998469,28257,87,0
7072.72513855,7072.72506375,3426.97412678,3426.97719801,0.04737684,1447.47091133,0.01998469,0.01998469,28256,87,0
7072.97570705,7072.97539512,3437.26158681,3437.27441609,0.05585504,1447.37814096,0.01998469,0.01998469,28255,87,0
7073.22601493,7073.22574419,3447.56641778,3447.57757093,0.04928450,1447.28344379,0.01998469,0.01998469,28254,87,0
7073.47582847,7073.47611099,3457.88890585,3457.87724791,0.04011187,1447.18690582,0.01998469,0.01998469,28253,87,0
7073.72657462,7073.72649551,3468.22936394,3468.23263383,0.05166947,1447.08795815,0.01998469,0.01998469,28252,87,0
7073.97711720,7073.97689775,3478.58810499,3478.59719087,0.04591955,1446.98702785,0.01998469,0.01998469,28251,87,0
7074.22762631,7074.22731772,3488.96521907,3488.97801758,0.04658171,1446.88403894,0.01998469,0.01998469,28250,87,0
7074.47750130,7074.47775541,3499.36043588,3499.34987944,0.05073065,1446.77923991,0.01998469,0.01998469,28249,87,0
7074.72840995,7074.72821083,3509.77344977,3509.78173528,0.03615033,1446.67192007,0.01998469,0.01998469,28248,87,0
7074.97891246,7074.97868398,3520.20395020,3520.21347211,0.03884294,1446.56268150,0.01998469,0.01998469,28247,87,0
7075.22890412,7075.22917486,3530.65161737,3530.64031629,0.05457766,1446.45157571,0.01998469,0.01998469,28246,87,0
7075.48005985,7075.47968348,3541.11612655,3541.13186068,0.05407342,1446.33784474,0.01998469,0.01998469,28245,87,0
7075.73055263,7075.73020983,3551.59727642,3551.61162925,0.04457545,1446.22230309,0.01998469,0.01998469,28244,87,0
7075.98030421,7075.98075392,3562.09609119,3562.07723039,0.05201261,1446.10498447,0.01998469,0.01998469,28243,87,0
7076.23167149,7076.23131575,3572.61429392,3572.62924132,0.04642717,1445.98474150,0.01998469,0.01998469,28242,87,0
7076.48231663,7076.48189532,3583.15357958,3583.17131738,0.03313673,1445.86265090,0.01998469,0.01998469,28241,87,0
7076.73255296,7076.73249264,3593.71404443,3593.71658884,0.04744291,1445.73856265,0.01998469,0.01998469,28240,87,0
7076.96907132,nan,0.00000000,3603.71374861,0.41604977,1445.61911357,0.01998465,0.01998469,28239,87,1
7077.23385374,7077.23374050,3614.89133498,3614.89612652,0.05937888,1445.48341525,0.01998469,0.01998469,28238,87,0
7077.48470947,7077.48439106,3625.50556145,3625.51905599,0.04549290,1445.35246399,0.01998469,0.01998469,28237,87,0
7077.73527214,7077.73505937,3636.13858271,3636.14761659,0.05097897,1445.21945240,0.01998469,0.01998469,28236,87,0
7077.98542677,7077.98574543,3646.79277531,3646.77921824,0.03976902,1445.08441062,0.01998469,0.01998469,28235,87,0
7078.23649175,7078.23644924,3657.46988553,3657.47169780,0.04858676,1444.94658616,0.01998469,0.01998469,28234,87,0
7078.48692985,7078.48717081,3668.16869284,3668.15840138,0.04387953,1444.80682279,0.01998469,0.01998469,28233,87,0
7078.73779218,7078.73791014,3678.88711399,3678.88206726,0.04129168,1444.66455291,0.01998469,0.01998469,28232,87,0
7078.98898175,7078.98866723,3689.62329866,3689.63677570,0.04414269,1444.51983595,0.01998469,0.01998469,28231,87,0
7079.23989367,7079.23944208,3700.37767385,3700.39705689,0.05209140,1444.37300439,0.01998469,0.01998469,28230,87,0
7079.49080387,7079.49023469,3711.15188442,3711.17635940,0.05179655,1444.22386787,0.01998469,0.01998469,28229,87,0
7079.74043023,7079.74104508,3721.94752803,3721.92103729,0.04187032,1444.07317323,0.01998469,0.01998469,28228,87,0
7079.99153583,7079.99187322,3732.76478346,3732.75021925,0.05395780,1443.91923562,0.01998469,0.01998469,28227,87,0
7080.24249389,7080.24271914,3743.60254964,3743.59280894,0.04476071,1443.76303789,0.01998469,0.01998469,28226,87,0
7080.49303621,7080.49358283,3754.45968235,3754.43600552,0.04380451,1443.60476061,0.01998469,0.01998469,28225,87,0
7080.74415504,7080.74446430,3765.33571415,3765.32229620,0.05091411,1443.44377123,0.01998469,0.01998469,28224,87,0
7080.99512342,7080.99536354,3776.23115348,3776.22071718,0.05056355,1443.28051196,0.01998469,0.01998469,28223,87,0
7081.24682506,7081.24628055,3787.14658861,3787.17029723,0.04180469,1443.11438007,0.01998470,0.01998469,28222,87,0
7081.49678055,7081.49721535,3798.08249998,3798.06353418,0.05151728,1442.94700831,0.01998469,0.01998469,28221,87,0
7081.74805044,7081.74816793,3809.03912285,3809.03398858,0.04974114,1442.77633870,0.01998469,0.01998469,28220,87,0
7081.99929575,7081.99913829,3820.01666176,3820.02355551,0.04779258,1442.60324751,0.01998469,0.01998469,28219,87,0
7082.25018836,7082.25012643,3831.01527179,3831.01798835,0.05343253,1442.42795235,0.01998469,0.01998469,28218,87,0
7082.50143785,7082.50113236,3842.03494047,3842.04836421,0.04896875,1442.24994606,0.01998469,0.01998469,28217,87,0
7082.75263363,7082.75215608,3853.07562024,3853.09664354,0.05246147,1442.06950426,0.01998469,0.01998469,28216,87,0
7083.00300690,7083.00319759,3864.13744096,3864.12903029,0.04544268,1441.88717852,0.01998469,0.01998469,28215,87,0
7083.25440132,7083.25425689,3875.22137462,3875.22775702,0.03864731,1441.70159528,0.01998469,0.01998469,28214,87,0
7083.50567454,7083.50533399,3886.32865229,3886.34373368,0.04060710,1441.51355112,0.01998469,0.01998469,28213,87,0
7083.75645982,7083.75642888,3897.46023116,3897.46160404,0.03511125,1441.32330039,0.01998469,0.01998469,28212,87,0
7084.00718667,7084.00754157,3908.61521835,3908.59943759,0.04411713,1441.13052767,0.01998469,0.01998469,28211,87,0
7084.25852140,7084.25867207,3919.79197041,3919.78525904,0.04780822,1440.93472809,0.01998469,0.01998469,28210,87,0
7084.50979368,7084.50982036,3930.98912309,3930.98793274,0.04933407,1440.73642776,0.01998469,0.01998469,28209,87,0
7084.76119391,7084.76098646,3942.20783736,3942.21711269,0.04331408,1440.53544315,0.01998469,0.01998469,28208,87,0
7085.01234418,7085.01217036,3953.45056478,3953.45835347,0.04121259,1440.33202161,0.01998469,0.01998469,28207,87,0
7085.26352724,7085.26337207,3964.71947104,3964.72644002,0.04259278,1440.12588423,0.01998469,0.01998469,28206,87,0
7085.51489782,7085.51459159,3976.01333070,3976.02711125,0.04780461,1439.91690857,0.01998469,0.01998469,28205,87,0
7085.76586302,7085.76582892,3987.32885629,3987.33039363,0.05025367,1439.70563863,0.01998469,0.01998469,28204,87,0
7086.01655000,7086.01708406,3998.66302757,3998.63891708,0.04573845,1439.49202312,0.01998469,0.01998469,28203,87,0
7086.26822626,7086.26835702,4010.01694796,4010.01103386,0.04808898,1439.27493944,0.01998469,0.01998469,28202,87,0
7086.51974365,7086.51964780,4021.39455071,4021.39889574,0.04599145,1439.05527740,0.01998469,0.01998469,28201,87,0
7086.77028168,7086.77095639,4032.79959179,4032.76893475,0.04781829,1438.83368535,0.01998469,0.01998469,28200,87,0
7087.02151360,7087.02228281,4044.23204783,4044.19702008,0.05266146,1438.60867278,0.01998469,0.01998469,28199,87,0
7087.27366196,7087.27362704,4055.68911457,4055.69070764,0.05191119,1438.38005390,0.01998469,0.01998469,28198,87,0
7087.52525425,7087.52498911,4067.16805403,4067.18017322,0.04497974,1438.14919922,0.01998470,0.01998469,28197,87,0
7087.77583390,7087.77636899,4078.66841784,4078.64391491,0.04344629,1437.91655007,0.01998469,0.01998469,28196,87,0
nan,nan,0.00000000,-1.00000000,0.00000000,1437.68380961,nan,0.00000000,-2147483648,87,1
nan,nan,0.00000000,-1.00000000,0.00000000,1434.03708401,nan,0.00000000,-2147483648,86,1
nan,nan,0.00000000,-1.00000000,0.00000000,1434.29774977,nan,0.00000000,-2147483648,86,1
7048.52572304,7048.52683657,12.76260973,12.73294989,0.02296498,1434.64804964,0.01998469,0.01998469,28353,86,0
7048.77662105,7048.77545828,19.38702544,19.41801722,0.04717208,1434.99505215,0.01998469,0.01998469,28352,86,0
7049.02579666,7049.02409753,26.01631349,26.06163156,0.02904791,1435.33910724,0.01998469,0.01998469,28351,86,0
7049.27347091,7049.27275431,32.65054610,32.66967159,0.04874085,1435.68053323,0.01998469,0.01998469,28350,86,0
7049.52117205,7049.52142863,39.28978316,39.28293031,0.05052101,1436.02144334,0.01998469,0.01998469,28349,86,0
7049.76934782,7049.77012050,45.93393419,45.91328436,0.04402112,1436.36244589,0.01998469,0.01998469,28348,86,0
7050.01829565,7050.01882991,52.58280927,52.56852241,0.04160589,1436.70393407,0.01998469,0.01998469,28347,86,0
7050.26801177,7050.26755686,59.23621591,59.24838825,0.04257271,1437.04588591,0.01998469,0.01998469,28346,86,0
7050.51575647,7050.51630136,65.89396083,65.87937265,0.03153966,1437.38454283,0.01998469,0.01998469,28345,86,0
7050.76418792,7050.76506341,72.55585788,72.53240592,0.03762268,1437.72353227,0.01998469,0.01998469,28344,86,0
7051.01422574,7051.01384301,79.22191741,79.23217563,0.05332625,1438.06409985,0.01998469,0.01998469,28343,86,0
7051.26219368,7051.26264016,85.89235439,85.88038044,0.04016661,1438.40124962,0.01998469,0.01998469,28342,86,0
7051.51090008,7051.51145486,92.56739419,92.55250609,0.04598452,1438.73881473,0.01998469,0.01998469,28341,86,0
7051.76058073,7051.76028713,99.24726316,99.25514760,0.03707018,1439.07711914,0.01998469,0.01998469,28340,86,0
7052.00884463,7052.00913695,105.93218691,105.92433162,0.02937774,1439.41293453,0.01998469,0.01998469,28339,86,0
7052.25744678,7052.25800433,112.62228879,112.60729536,0.05152432,1439.74864307,0.01998469,0.01998469,28338,86,0
7052.50581842,7052.50688927,119.31753181,119.28871511,0.04164327,1440.08347288,0.01998469,0.01998469,28337,86,0
7052.75589037,7052.75579178,126.01786491,126.02051978,0.03105359,1440.42001760,0.01998469,0.01998469,28336,86,0
7053.00459401,7053.00471185,132.72323682,132.72006146,0.05774837,1440.75414219,0.01998469,0.01998469,28335,86,0
7053.25305284,7053.25364949,139.43359596,139.41750744,0.03935376,1441.08735748,0.01998469,0.01998469,28334,86,0
7053.50298444,7053.50260470,146.14888184,146.15912824,0.04907344,1441.42195803,0.01998469,0.01998469,28333,86,0
7053.75134999,7053.75157748,152.86901405,152.86287186,0.05745888,1441.75387037,0.01998469,0.01998469,28332,86,0
7053.99980962,7054.00056783,159.59390914,159.57342450,0.04869419,1442.08531270,0.01998469,0.01998469,28331,86,0
7054.25011411,7054.24957576,166.32348328,166.33803710,0.04290323,1442.41860785,0.01998469,0.01998469,28330,86,0
7054.49829728,7054.49860126,173.05765230,173.04942968,0.03234999,1442.74847004,0.01998469,0.01998469,28329,86,0
7054.74792019,7054.74764434,179.79639408,179.80386051,0.06053006,1443.07963225,0.01998469,0.01998469,28328,86,0
7054.99629684,7054.99670501,186.53988325,186.52882834,0.04769846,1443.40853746,0.01998469,0.01998469,28327,86,0
7055.24632015,7055.24578325,193.28833385,193.30288530,0.05438116,1443.73902403,0.01998469,0.01998469,28326,86,0
7055.49539944,7055.49487908,200.04196086,200.05607423,0.06617851,1444.06767390,0.01998469,0.01998469,28325,86,0
7055.74414839,7055.74399250,206.80098023,206.80521156,0.03993614,1444.39531008,0.01998469,0.01998469,28324,86,0
7055.99317979,7055.99312350,213.56553967,213.56706852,0.05367222,1444.72274523,0.01998469,0.01998469,28323,86,0
7056.24228018,7056.24227209,220.33549635,220.33571599,0.03187620,1445.04968880,0.01998469,0.01998469,28322,86,0
7056.49191703,7056.49143828,227.11063012,227.12365217,0.05925845,1445.37673979,0.01998469,0.01998469,28321,86,0
7056.74067211,7056.74062206,233.89071985,233.89208211,0.02657929,1445.70202917,0.01998469,0.01998469,28320,86,0
7056.98899470,7056.98982343,240.67554340,240.65297337,0.05916026,1446.02613708,0.01998469,0.01998469,28319,86,0
7057.23886001,7057.23904240,247.46492662,247.45995617,0.04941555,1446.35162755,0.01998469,0.01998469,28318,86,0
7057.48931149,7057.48827897,254.25895564,254.28711028,0.04666165,1446.67724914,0.01998469,0.01998469,28317,86,0
7057.73790289,7057.73753314,261.05780359,261.06789236,0.02540235,1446.99983292,0.01998469,0.01998469,28316,86,0
7057.98547207,7057.98680492,267.86164444,267.82525224,0.06748630,1447.32048350,0.01998469,0.01998469,28315,86,0
7058.23568839,7058.23609430,274.67065294,274.65956208,0.05372299,1447.64395407,0.01998469,0.01998469,28314,86,0
7058.48559050,7058.48540128,281.48498561,281.49015933,0.04817850,1447.96641353,0.01998469,0.01998469,28313,86,0
7058.73529973,7058.73472588,288.30467839,288.32038046,0.05430910,1448.28802024,0.01998469,0.01998469,28312,86,0
7058.98472331,7058.98406808,295.12971962,295.14766100,0.06338213,1448.60865411,0.01998469,0.01998469,28311,86,0
7059.23373856,7059.23342790,301.96009745,301.96861014,0.02240401,1448.92815770,0.01998469,0.01998469,28310,86,0
7059.48217287,7059.48280533,308.79579998,308.77845758,0.05654791,1449.24631083,0.01998469,0.01998469,28309,86,0
7059.73188995,7059.73220037,315.63681824,315.62830036,0.03566916,1449.56549552,0.01998469,0.01998469,28308,86,0
7059.98102156,7059.98161304,322.48316493,322.46692336,0.03754750,1449.88332009,0.01998469,0.01998469,28307,86,0
7060.23104559,7060.23104332,329.33486239,329.33492496,0.03817177,1450.20166808,0.01998469,0.01998469,28306,86,0
7060.48049590,7060.48049122,336.19193309,336.19206184,0.05773317,1450.51867080,0.01998469,0.01998469,28305,86,0
7060.73017173,7060.72995675,343.05439958,343.06031562,0.06718438,1450.83534449,0.01998469,0.01998469,28304,86,0
7060.97942391,7060.97943990,349.92227529,349.92183477,0.04084895,1451.15086534,0.01998469,0.01998469,28303,86,0
7061.22881602,7061.22894068,356.79550217,356.79206685,0.05638126,1451.46594342,0.01998469,0.01998469,28302,86,0
7061.47831532,7061.47845909,363.67398851,363.67002388,0.05524636,1451.78053046,0.01998469,0.01998469,28301,86,0
7061.72770320,7061.72799513,370.55764195,370.54958598,0.04546334,1452.09434492,0.01998469,0.01998469,28300,86,0
7061.97793554,7061.97754880,377.44636974,377.45704891,0.04712200,1452.40858092,0.01998469,0.01998469,28299,86,0
7062.22730640,7062.22712011,384.34009522,384.34524271,0.03846583,1452.72109108,0.01998469,0.01998469,28298,86,0
7062.47671342,7062.47670905,391.23887038,391.23899117,0.04951251,1453.03300424,0.01998469,0.01998469,28297,86,0
7062.72617283,7062.72631564,398.14280797,398.13885680,0.05487854,1453.34434377,0.01998469,0.01998469,28296,86,0
7062.97657070,7062.97593986,405.05202162,405.06948840,0.05847368,1453.65621516,0.01998469,0.01998469,28295,86,0
7063.22600976,7063.22558172,411.96662543,411.97848568,0.02676425,1453.96625882,0.01998469,0.01998469,28294,86,0
7063.47507308,7063.47524123,418.88672266,418.88206009,0.05428575,1454.27520734,0.01998469,0.01998469,28293,86,0
7063.72450429,7063.72491838,425.81233307,425.80084275,0.05574420,1454.58398227,0.01998469,0.01998469,28292,86,0
7063.97480482,7063.97461318,432.74343899,432.74876036,0.04493957,1454.89319701,0.01998469,0.01998469,28291,86,0
7064.22322831,7064.22432563,439.68002249,439.64952978,0.04295047,1455.19946000,0.01998469,0.01998469,28290,86,0
7064.47386453,7064.47405574,446.62206555,446.61674854,0.04488164,1455.50780931,0.01998469,0.01998469,28289,86,0
7064.72429721,7064.72380349,453.56955233,453.58329159,0.03956829,1455.81526203,0.01998469,0.01998469,28288,86,0
7064.97308226,7064.97356890,460.52248192,460.50893015,0.04002314,1456.12005057,0.01998469,0.01998469,28287,86,0
7065.22292471,7065.22335197,467.48085942,467.46895270,0.04259046,1456.42548957,0.01998469,0.01998469,28286,86,0
7065.47291685,7065.47315269,474.44468997,474.43811277,0.04391933,1456.73046308,0.01998469,0.01998469,28285,86,0
7065.72316959,7065.72297108,481.41397870,481.41951852,0.04884475,1457.03510319,0.01998469,0.01998469,28284,86,0
7065.97318785,7065.97280713,488.38871479,488.39934722,0.04147401,1457.33880482,0.01998469,0.01998469,28283,86,0
7066.22332102,7066.22266084,495.36879905,495.38724842,0.04313450,1457.64198671,0.01998469,0.01998469,28282,86,0
7066.47270808,7066.47253222,502.35410151,502.35901933,0.03719015,1457.94360035,0.01998469,0.01998469,28281,86,0
7066.72314730,7066.72242127,509.34449158,509.36480823,0.04056087,1458.24581201,0.01998469,0.01998469,28280,86,0
7066.97265696,7066.97232799,516.33983802,516.34904937,0.03607464,1458.54622246,0.01998469,0.01998469,28279,86,0
7067.22328691,7067.22225238,523.34008773,523.36907396,0.04852733,1458.84729508,0.01998469,0.01998469,28278,86,0
7067.47263299,7067.47219444,530.34553397,530.35783004,0.04190879,1459.14615339,0.01998469,0.01998469,28277,86,0
7067.72277861,7067.72215418,537.35656668,537.37408776,0.03171959,1459.44531136,0.01998469,0.01998469,28276,86,0
7067.97234393,7067.97213160,544.37357764,544.37954043,0.04291005,1459.74313261,0.01998469,0.01998469,28275,86,0
7068.22194639,7068.22212669,551.39696046,551.39189285,0.03900825,1460.04037064,0.01998469,0.01998469,28274,86,0
7068.47244375,7068.47213947,558.42693875,558.43549809,0.04205532,1460.33805064,0.01998469,0.01998469,28273,86,0
7068.72233637,7068.72216993,565.46316636,565.46785179,0.03397445,1460.63437257,0.01998469,0.01998469,28272,86,0
7068.97181957,7068.97221808,572.50517706,572.49394991,0.03432596,1460.92955032,0.01998469,0.01998469,28271,86,0
7069.22272137,7069.22228391,579.55250239,579.56483482,0.04380702,1461.22572108,0.01998469,0.01998469,28270,86,0
7069.47223399,7069.47236743,586.60467245,586.60090829,0.04566187,1461.51954901,0.01998469,0.01998469,28269,86,0
7069.72155173,7069.72246865,593.66146459,593.63558525,0.04620974,1461.81243641,0.01998469,0.01998469,28268,86,0
7069.97229957,7069.97258755,600.72325210,600.71511859,0.04222391,1462.10630090,0.01998469,0.01998469,28267,86,0
7070.22274476,7070.22272415,607.79049745,607.79108005,0.04780577,1462.39912454,0.01998469,0.01998469,28266,86,0
7070.47234390,7070.47287845,614.86366538,614.84854480,0.06014480,1462.69029396,0.01998469,0.01998469,28265,86,0
7070.72255837,7070.72305044,621.94321863,621.92928754,0.05608363,1462.98153182,0.01998469,0.01998469,28264,86,0
7070.97322174,7070.97324014,629.02931467,629.02879355,0.05681766,1463.27264455,0.01998469,0.01998469,28263,86,0
7071.22394917,7071.22344753,636.12160060,636.13582517,0.05630464,1463.56316643,0.01998469,0.01998469,28262,86,0
7071.47427482,7071.47367263,643.21967357,643.23676176,0.04778915,1463.85254049,0.01998469,0.01998469,28261,86,0
7071.72437539,7071.72391544,650.32312872,650.33618937,0.03989943,1464.14095513,0.01998469,0.01998469,28260,86,0
7071.97416052,7071.97417595,657.43157327,657.43113475,0.03912768,1464.42829077,0.01998469,0.01998469,28259,86,0
7072.22465187,7072.22445417,664.54500782,664.55062872,0.03516682,1464.71571939,0.01998469,0.01998469,28258,86,0
7072.47536196,7072.47475011,671.66387353,671.68128211,0.04080389,1465.00269372,0.01998469,0.01998469,28257,86,0
7072.72442496,7072.72506375,678.78863681,678.77044735,0.04482123,1465.28710080,0.01998469,0.01998469,28256,86,0
7072.97502811,7072.97539512,685.91976636,685.90930707,0.06354317,1465.57259724,0.01998469,0.01998469,28255,86,0
7073.22569405,7073.22574419,693.05769504,693.05626468,0.05943230,1465.85750859,0.01998469,0.01998469,28254,86,0
7073.47671246,7073.47611099,700.20234819,700.21951912,0.04849760,1466.14215713,0.01998469,0.01998469,28253,86,0
7073.72674243,7073.72649551,707.35328714,707.36034177,0.03981996,1466.42500512,0.01998469,0.01998469,28252,86,0
7073.97724174,7073.97689775,714.51006322,714.51989820,0.04113484,1466.70768391,0.01998469,0.01998469,28251,86,0
7074.22733118,7074.22731772,721.67222552,721.67261079,0.03651524,1466.98918143,0.01998469,0.01998469,28250,86,0
7074.47714641,7074.47775541,728.83939743,728.82196328,0.04796203,1467.26963679,0.01998469,0.01998469,28249,86,0
7074.72785487,7074.72821083,736.01173400,736.00153668,0.05766534,1467.55036227,0.01998469,0.01998469,28248,86,0
7074.97907612,7074.97868398,743.18961821,743.20085986,0.05769440,1467.83093892,0.01998469,0.01998469,28247,86,0
7075.22951052,7075.22917486,750.37343576,750.38306576,0.04465329,1468.10992951,0.01998469,0.01998469,28246,86,0
7075.48007561,7075.47968348,757.56357428,757.57483393,0.04029021,1468.38837192,0.01998469,0.01998469,28245,86,0
7075.72935610,7075.73020983,764.76032042,764.73578523,0.04409115,1468.66470694,0.01998469,0.01998469,28244,86,0
7075.98041556,7075.98075392,771.96358251,771.95385042,0.05338086,1468.94232276,0.01998469,0.01998469,28243,86,0
7076.23148454,7076.23131575,779.17318084,779.17803951,0.04556810,1469.21924617,0.01998469,0.01998469,28242,86,0
7076.48225911,7076.48189532,786.38893475,786.39941446,0.04520755,1469.49513397,0.01998469,0.01998469,28241,86,0
7076.73216177,7076.73249264,793.61066344,793.60112498,0.03228227,1469.76934682,0.01998469,0.01998469,28240,86,0
7076.98346987,7076.98310770,800.83827341,800.84872217,0.04831695,1470.04437565,0.01998469,0.01998469,28239,86,0
7077.23377057,7077.23374050,808.07183990,808.07270784,0.05692760,1470.31757896,0.01998469,0.01998469,28238,86,0
7077.48506680,7077.48439106,815.31145769,815.33098278,0.03983036,1470.59114450,0.01998469,0.01998469,28237,86,0
7077.73545467,7077.73505937,822.55722202,822.56865317,0.03581956,1470.86300072,0.01998469,0.01998469,28236,86,0
7077.98510005,7077.98574543,829.80922633,829.79054909,0.04590090,1471.13333616,0.01998469,0.01998469,28235,86,0
7078.23616440,7078.23644924,837.06751246,837.05926256,0.05873955,1471.40448787,0.01998469,0.01998469,28234,86,0
7078.48763626,7078.48717081,844.33207056,844.34556226,0.03960456,1471.67535302,0.01998469,0.01998469,28233,86,0
7078.73749283,7078.73791014,851.60288848,851.59078265,0.04237270,1471.94375535,0.01998469,0.01998469,28232,86,0
7078.98842172,7078.98866723,858.87995396,858.87282630,0.06064273,1472.21258169,0.01998469,0.01998469,28231,86,0
7079.23970733,7079.23944208,866.16327229,866.17097917,0.05409097,1472.48105716,0.01998469,0.01998469,28230,86,0
7079.48976797,7079.49023469,873.45299332,873.43942161,0.03943866,1472.74749890,0.01998469,0.01998469,28229,86,0
7079.74091557,7079.74104508,880.74933872,880.74556958,0.04264722,1473.01437672,0.01998469,0.01998469,28228,86,0
7079.99159517,7079.99187322,888.05253176,888.04443239,0.05542037,1473.28004137,0.01998469,0.01998469,28227,86,0
7080.24300645,7080.24271914,895.36279685,895.37117364,0.03305696,1473.54576878,0.01998469,0.01998469,28226,86,0
7080.49299450,7080.49358283,902.68022561,902.66305688,0.04245485,1473.80928504,0.01998469,0.01998469,28225,86,0
7080.74493788,7080.74446430,910.00445169,910.01828296,0.05296748,1474.07413347,0.01998469,0.01998469,28224,86,0
7080.99564838,7080.99536354,917.33500876,917.34333407,0.03540268,1474.33694026,0.01998469,0.01998469,28223,86,0
7081.24590256,7081.24628055,924.67142805,924.66037232,0.03473274,1474.59850805,0.01998469,0.01998469,28222,86,0
7081.49728641,7081.49721535,932.01324567,932.01532536,0.05734663,1474.86047289,0.01998469,0.01998469,28221,86,0
7081.74814926,7081.74816793,939.36036965,939.35982297,0.03749170,1475.12110664,0.01998469,0.01998469,28220,86,0
7081.99887464,7081.99913829,946.71325386,946.70552661,0.04390782,1475.38082500,0.01998469,0.01998469,28219,86,0
7082.25024880,7082.25012643,954.07239774,954.07598726,0.05737572,1475.64045565,0.01998469,0.01998469,28218,86,0
7082.50154106,7082.50113236,961.43830334,961.45030206,0.03295006,1475.89925670,0.01998469,0.01998469,28217,86,0
7082.75189146,7082.75215608,968.81142873,968.80365264,0.05492499,1476.15636059,0.01998469,0.01998469,28216,86,0
7083.00322621,7083.00319759,976.19171663,976.19255832,0.03910972,1476.41374065,0.01998469,0.01998469,28215,86,0
7083.25399039,7083.25425689,983.57878635,983.57094182,0.03865162,1476.66978702,0.01998469,0.01998469,28214,86,0
7083.50543809,7083.50533399,990.97225025,990.97531676,0.05404843,1476.92576381,0.01998469,0.01998469,28213,86,0
7083.75639477,7083.75642888,998.37171866,998.37071311,0.04175704,1477.18045879,0.01998469,0.01998469,28212,86,0
7084.00704308,7084.00754157,1005.77692262,1005.76221701,0.05091015,1477.43404972,0.01998469,0.01998469,28211,86,0
7084.25909659,7084.25867207,1013.18805248,1013.20058546,0.04330371,1477.68826958,0.01998470,0.01998469,28210,86,0
7084.50992053,7084.50982036,1020.60540764,1020.60836735,0.03437858,1477.94046819,0.01998470,0.01998469,28209,86,0
7084.76114014,7084.76098646,1028.02928905,1028.03383344,0.05452291,1478.19229153,0.01998470,0.01998469,28208,86,0
7085.01274049,7085.01217036,1035.45999482,1035.47686824,0.03338745,1478.44372880,0.01998470,0.01998469,28207,86,0
7085.26331998,7085.26337207,1042.89763275,1042.89608986,0.05848114,1478.69338332,0.01998469,0.01998469,28206,86,0
7085.51454411,7085.51459159,1050.34205022,1050.34064284,0.03707046,1478.94290858,0.01998469,0.01998469,28205,86,0
7085.76565471,7085.76582892,1057.79307518,1057.78790655,0.05681412,1479.19154087,0.01998469,0.01998469,28204,86,0
7086.01714017,7086.01708406,1065.25053459,1065.25220060,0.03908808,1479.43975442,0.01998469,0.01998469,28203,86,0
7086.26850463,7086.26835702,1072.71427323,1072.71865944,0.03787763,1479.68705114,0.01998470,0.01998469,28202,86,0
7086.51990988,7086.51964780,1080.18429125,1080.19208503,0.05102794,1479.93358832,0.01998470,0.01998469,28201,86,0
7086.77015685,7086.77095639,1087.66066637,1087.63687087,0.03559617,1480.17819573,0.01998469,0.01998469,28200,86,0
7087.02189916,7087.02228281,1095.14347727,1095.13205050,0.05190093,1480.42346583,0.01998469,0.01998469,28199,86,0
7087.27336498,7087.27362704,1102.63280319,1102.62499134,0.03389876,1480.66766677,0.01998469,0.01998469,28198,86,0
7087.52520577,7087.52498911,1110.12878081,1110.13524481,0.04933993,1480.91143279,0.01998469,0.01998469,28197,86,0
7087.77679476,7087.77636899,1117.63168885,1117.64440226,0.03758634,1481.15416322,0.01998470,0.01998469,28196,86,0
7088.02795773,7088.02776671,1125.14182910,1125.14753798,0.05531190,1481.39570032,0.01998469,0.01998469,28195,86,0
7088.27960264,7088.27918226,1132.65950496,1132.67208100,0.03621466,1481.63692403,0.01998469,0.01998469,28194,86,0
7088.53079776,7088.53061564,1140.18499587,1140.19044945,0.05647047,1481.87694716,0.01998469,0.01998469,28193,86,0
7088.78191541,7088.78206685,1147.71817001,1147.71363083,0.05470516,1482.11612080,0.01998469,0.01998469,28192,86,0
7089.03388950,7089.03353590,1155.25856091,1155.26916820,0.03548525,1482.35531320,0.01998470,0.01998469,28191,86,0
7089.28537906,7089.28502279,1162.80568995,1162.81638580,0.05202424,1482.59323188,0.01998470,0.01998469,28190,86,0
7089.53698962,7089.53652752,1170.35907585,1170.37295903,0.03265022,1482.83043390,0.01998470,0.01998469,28189,86,0
7089.78781284,7089.78805009,1177.91841175,1177.91127887,0.05116497,1483.06605443,0.01998469,0.01998469,28188,86,0
7090.03982607,7090.03959050,1185.48405835,1185.49114654,0.03479370,1483.30195804,0.01998469,0.01998469,28187,86,0
7090.29164481,7090.29114876,1193.05653642,1193.07147530,0.05086076,1483.53685759,0.01998470,0.01998469,28186,86,0
7090.54262210,7090.54272486,1200.63636962,1200.63327188,0.03897412,1483.77016821,0.01998469,0.01998469,28185,86,0
7090.79443160,7090.79431882,1208.22406892,1208.22747192,0.04885885,1484.00345874,0.01998469,0.01998469,28184,86,0
7091.04563182,7091.04593062,1215.81974546,1215.81072084,0.05339769,1484.23539306,0.01998469,0.01998469,28183,86,0
7091.29815522,7091.29756028,1223.42308189,1223.44106705,0.03324850,1484.46773934,0.01998470,0.01998469,28182,86,0
7091.54948421,7091.54920780,1231.03373819,1231.04210140,0.04994024,1484.69816735,0.01998469,0.01998469,28181,86,0
7091.80114260,7091.80087317,1238.65137245,1238.65953117,0.05110628,1484.92806539,0.01998470,0.01998469,28180,86,0
7092.05291630,7092.05255640,1246.27571867,1246.28662582,0.03521567,1485.15722511,0.01998470,0.01998469,28179,86,0
7092.30385946,7092.30425748,1253.90686986,1253.89479723,0.04506683,1485.38478950,0.01998469,0.01998469,28178,86,0
7092.55533133,7092.55597644,1261.54502370,1261.52544016,0.02875616,1485.61199601,0.01998469,0.01998469,28177,86,0
7092.80708497,7092.80771325,1269.19037896,1269.17128939,0.05354124,1485.83862074,0.01998469,0.01998470,28176,86,0
7093.05957549,7093.05946794,1276.84313166,1276.84640253,0.05271891,1486.06507137,0.01998469,0.01998470,28175,86,0
7093.31110818,7093.31124049,1284.50336232,1284.49933489,0.02693373,1486.28982865,0.01998469,0.01998470,28174,86,0
7093.56303081,7093.56303091,1292.17101782,1292.17101487,0.04464410,1486.51409536,0.01998469,0.01998470,28173,86,0
7093.81488566,7093.81483920,1299.84603730,1299.84745399,0.04889775,1486.73745782,0.01998470,0.01998470,28172,86,0
7094.06632136,7094.06666537,1307.52835955,1307.51786048,0.03716611,1486.95960233,0.01998469,0.01998470,28171,86,0
7094.31896441,7094.31850941,1315.21792010,1315.23181855,0.05084343,1487.18195731,0.01998470,0.01998470,28170,86,0
7094.56984862,7094.57037133,1322.91464110,1322.89866041,0.05026648,1487.40191002,0.01998469,0.01998470,28169,86,0
7094.82235814,7094.82225113,1330.61844058,1330.62171478,0.05420717,1487.62242303,0.01998470,0.01998470,28168,86,0
7095.07395055,7095.07414882,1338.32923609,1338.32316451,0.03279484,1487.84126743,0.01998469,0.01998470,28167,86,0
7095.32585310,7095.32606438,1346.04695241,1346.04047686,0.04545171,1488.05950912,0.01998469,0.01998470,28166,86,0
7095.57787645,7095.57799783,1353.77169711,1353.76797360,0.04816495,1488.27698223,0.01998469,0.01998470,28165,86,0
7095.82983636,7095.82994917,1361.50376476,1361.50030116,0.03140942,1488.49353306,0.01998469,0.01998470,28164,86,0
7096.08146741,7096.08191840,1369.24345994,1369.22960055,0.04606356,1488.70894118,0.01998469,0.01998470,28163,86,0
7096.33397505,7096.33390552,1376.99108899,1376.99322801,0.04432175,1488.92424129,0.01998470,0.01998470,28162,86,0
7096.58579510,7096.58591053,1384.74685386,1384.74329988,0.04667281,1489.13810125,0.01998469,0.01998470,28161,86,0
7096.83786068,7096.83793343,1392.51058743,1392.50834516,0.03699932,1489.35130806,0.01998470,0.01998470,28160,86,0
7097.08965762,7097.08997424,1400.28204092,1400.27227401,0.04944274,1489.56341712,0.01998469,0.01998470,28159,86,0
7097.34193348,7097.34203294,1408.06096407,1408.05789344,0.05163557,1489.77504733,0.01998470,0.01998470,28158,86,0
7097.59402023,7097.59410954,1415.84711630,1415.84435658,0.04968291,1489.98562740,0.01998470,0.01998470,28157,86,0
7097.84627837,7097.84620404,1423.64041232,1423.64271109,0.05487097,1490.19545351,0.01998470,0.01998470,28156,86,0
7098.09843155,7098.09831645,1431.44088167,1431.44444431,0.02621289,1490.40429351,0.01998470,0.01998470,28155,86,0
7098.35064304,7098.35044677,1439.24855672,1439.25463710,0.05027372,1490.61228098,0.01998470,0.01998470,28154,86,0
7098.60243488,7098.60259499,1447.06347070,1447.05850609,0.04708774,1490.81902185,0.01998470,0.01998470,28153,86,0
7098.85438360,7098.85476112,1454.88579104,1454.87407470,0.04807107,1491.02499252,0.01998469,0.01998470,28152,86,0
7099.10675253,7099.10694517,1462.71597915,1462.70999473,0.04859080,1491.23041438,0.01998469,0.01998470,28151,86,0
7099.35938426,7099.35914713,1470.55453791,1470.56191196,0.03182776,1491.43516576,0.01998470,0.01998470,28150,86,0
7099.61107839,7099.61136700,1478.40197313,1478.39298845,0.05232849,1491.63828711,0.01998469,0.01998470,28149,86,0
7099.86300443,7099.86360480,1486.25867579,1486.23996543,0.04910742,1491.84073248,0.01998469,0.01998470,28148,86,0
7100.11610447,7100.11586051,1494.12421359,1494.13182409,0.04387007,1492.04323692,0.01998470,0.01998470,28147,86,0
7100.36796064,7100.36813415,1501.99779849,1501.99238091,0.04521203,1492.24384278,0.01998470,0.01998470,28146,86,0
7100.62017761,7100.62042570,1509.87863638,1509.87088356,0.04859408,1492.44380971,0.01998470,0.01998470,28145,86,0
7100.87235170,7100.87273519,1517.76595076,1517.75395857,0.04991606,1492.64279361,0.01998470,0.01998470,28144,86,0
7101.12519474,7101.12506260,1525.65963658,1525.66377228,0.04899030,1492.84134747,0.01998470,0.01998470,28143,86,0
7101.37705308,7101.37740794,1533.56036858,1533.54925354,0.02770739,1493.03818884,0.01998470,0.01998470,28142,86,0
7101.62962448,7101.62977121,1541.46886890,1541.46426850,0.05113763,1493.23466128,0.01998470,0.01998470,28141,86,0
7101.88197110,7101.88215241,1549.38586386,1549.38017330,0.04700709,1493.43004743,0.01998470,0.01998470,28140,86,0
7102.13447561,7102.13455155,1557.31184084,1557.30945505,0.05279873,1493.62465255,0.01998470,0.01998470,28139,86,0
7102.38659822,7102.38696862,1565.24655141,1565.23490196,0.04883233,1493.81805224,0.01998469,0.01998470,28138,86,0
7102.63944952,7102.63940364,1573.18960589,1573.19105030,0.04422051,1494.01108365,0.01998470,0.01998470,28137,86,0
7102.89204382,7102.89185659,1581.14061222,1581.14651167,0.04447217,1494.20297892,0.01998470,0.01998470,28136,86,0
7103.14442320,7103.14432749,1589.09922560,1589.10224392,0.04386544,1494.39376130,0.01998470,0.01998470,28135,86,0
7103.39660088,7103.39681633,1597.06551860,1597.05871759,0.04519237,1494.58344188,0.01998470,0.01998470,28134,86,0
7103.64964073,7103.64932312,1605.03977486,1605.04980978,0.05108380,1494.77282084,0.01998470,0.01998470,28133,86,0
7103.90158578,7103.90184786,1613.02228128,1613.01399258,0.04735403,1494.96043845,0.01998470,0.01998470,28132,86,0
7104.15454191,7104.15439055,1621.01331977,1621.01811181,0.04533683,1495.14786671,0.01998470,0.01998470,28131,86,0
7104.40694489,7104.40695118,1629.01296972,1629.01277040,0.04562332,1495.33394248,0.01998470,0.01998470,28130,86,0
7104.65960795,7104.65952978,1637.02107515,1637.02355481,0.04903371,1495.51925992,0.01998470,0.01998470,28129,86,0
7104.91181191,7104.91212633,1645.03746594,1645.02748303,0.04406104,1495.70328541,0.01998470,0.01998470,28128,86,0
7105.16468968,7105.16474083,1653.06197115,1653.06034556,0.04107522,1495.88683719,0.01998470,0.01998470,28127,86,0
7105.41710207,7105.41737330,1661.09452433,1661.08589648,0.04450175,1496.06908246,0.01998470,0.01998470,28126,86,0
7105.66993727,7105.67002373,1669.13533047,1669.13257738,0.04649818,1496.25066416,0.01998470,0.01998470,28125,86,0
7105.92285555,7105.92269212,1677.18463894,1677.18984808,0.04254408,1496.43133770,0.01998470,0.01998470,28124,86,0
7106.17530517,7106.17537848,1685.24270065,1685.24036159,0.04546039,1496.61071331,0.01998470,0.01998470,28123,86,0
7106.42788510,7106.42808280,1693.30971129,1693.30339665,0.04489593,1496.78921932,0.01998470,0.01998470,28122,86,0
7106.68020522,7106.68080510,1701.38553448,1701.36635563,0.04731059,1496.96657422,0.01998469,0.01998470,28121,86,0
7106.93322503,7106.93354536,1709.46991175,1709.45966029,0.05349227,1497.14344070,0.01998470,0.01998470,28120,86,0
7107.18620283,7107.18630360,1717.56258277,1717.55935491,0.04943474,1497.31928740,0.01998470,0.01998470,28119,86,0
7107.43890273,7107.43907982,1725.66330590,1725.65762813,0.04523214,1497.49394369,0.01998470,0.01998470,28118,86,0
7107.69191427,7107.69187401,1733.77212353,1733.77341546,0.04785936,1497.66781452,0.01998470,0.01998470,28117,86,0
7107.94436500,7107.94468618,1741.88928909,1741.87897196,0.04435951,1497.84030394,0.01998470,0.01998470,28116,86,0
7108.19744684,7108.19751633,1750.01506249,1750.01282818,0.04598326,1498.01222803,0.01998470,0.01998470,28115,86,0
7108.45015469,7108.45036446,1758.14970227,1758.14295012,0.04225176,1498.18290441,0.01998470,0.01998470,28114,86,0
7108.70315614,7108.70323058,1766.29333665,1766.29093816,0.04494322,1498.35278353,0.01998470,0.01998470,28113,86,0
7108.95585387,7108.95611469,1774.44591285,1774.43750032,0.05260821,1498.52145962,0.01998470,0.01998470,28112,86,0
7109.20892340,7109.20901678,1782.60736451,1782.60434946,0.04753719,1498.68937820,0.01998470,0.01998470,28111,86,0
7109.46175496,7109.46193686,1790.77762481,1790.77174573,0.04413886,1498.85612891,0.01998470,0.01998470,28110,86,0
7109.71423402,7109.71487494,1798.95662982,1798.93589465,0.04261824,1499.02163487,0.01998470,0.01998470,28109,86,0
7109.96774061,7109.96783101,1807.14432362,1807.14139613,0.03844766,1499.18679198,0.01998470,0.01998470,28108,86,0
7110.22069422,7110.22080508,1815.34065115,1815.33705755,0.04284894,1499.35056304,0.01998470,0.01998470,28107,86,0
7110.47348972,7110.47379714,1823.54555700,1823.53558194,0.05463584,1499.51320341,0.01998470,0.01998470,28106,86,0
7110.72715695,7110.72680721,1831.75901765,1831.77037676,0.04169920,1499.67536732,0.01998470,0.01998470,28105,86,0
7110.97975489,7110.97983528,1839.98115570,1839.97854224,0.04065949,1499.83581403,0.01998470,0.01998470,28104,86,0
7111.23312450,7111.23288135,1848.21213590,1848.22004926,0.04483264,1499.99571436,0.01998470,0.01998470,28103,86,0
7111.48598136,7111.48594542,1856.45212402,1856.45329472,0.05341594,1500.15425566,0.01998470,0.01998470,28102,86,0
7111.73932161,7111.73902751,1864.70128787,1864.71087900,0.04241588,1500.31206221,0.01998470,0.01998470,28101,86,0
7111.99201172,7111.99212760,1872.95980387,1872.95602073,0.03933912,1500.46842849,0.01998470,0.01998470,28100,86,0
7112.24522093,7112.24524571,1881.22785319,1881.22704352,0.03607826,1500.62407838,0.01998470,0.01998470,28099,86,0
7112.49845601,7112.49838183,1889.50561818,1889.50804531,0.05093906,1500.77870476,0.01998470,0.01998470,28098,86,0
7112.75165249,7112.75153596,1897.79325625,1897.79707311,0.04123827,1500.93226723,0.01998470,0.01998470,28097,86,0
7113.00492729,7113.00470811,1906.09055905,1906.09774614,0.03595365,1501.08482853,0.01998470,0.01998470,28096,86,0
7113.25796812,7113.25789828,1914.39704593,1914.39933835,0.05237696,1501.23618875,0.01998470,0.01998470,28095,86,0
7113.51102363,7113.51110648,1922.71222664,1922.70950482,0.04329595,1501.38648540,0.01998470,0.01998470,28094,86,0
7113.76426593,7113.76433269,1931.03562797,1931.03343239,0.04187382,1501.53580736,0.01998470,0.01998470,28093,86,0
7114.01699761,7114.01757693,1939.36730631,1939.34823738,0.04670247,1501.68374311,0.01998470,0.01998470,28092,86,0
7114.27083254,7114.27083920,1947.70789036,1947.70767104,0.05026241,1501.83124114,0.01998470,0.01998470,28091,86,0
7114.52411034,7114.52411950,1956.05804119,1956.05773902,0.03755845,1501.97734097,0.01998470,0.01998470,28090,86,0
7114.77777949,7114.77741782,1964.41841507,1964.43035916,0.05061355,1502.12259813,0.01998470,0.01998470,28089,86,0
7115.03102810,7115.03073418,1972.78917923,1972.79889722,0.04082965,1502.26654645,0.01998470,0.01998470,28088,86,0
7115.28385160,7115.28406858,1981.16976817,1981.16258644,0.03891250,1502.40917473,0.01998470,0.01998470,28087,86,0
7115.53763427,7115.53742101,1989.55955290,1989.56661836,0.04951881,1502.55124574,0.01998470,0.01998470,28086,86,0
7115.79060392,7115.79079148,1997.95790252,1997.95168275,0.03665184,1502.69175210,0.01998470,0.01998470,28085,86,0
7116.04417520,7116.04417999,2006.36448680,2006.36432788,0.04808093,1502.83147187,0.01998470,0.01998470,28084,86,0
7116.29755198,7116.29758654,2014.77957555,2014.77842732,0.04047427,1502.96996469,0.01998470,0.01998470,28083,86,0
7116.55151382,7116.55101114,2023.20351098,2023.22022858,0.05481968,1503.10765605,0.01998470,0.01998470,28082,86,0
7116.80484541,7116.80445378,2031.63663762,2031.64967565,0.04416378,1503.24388920,0.01998470,0.01998470,28081,86,0
7117.05794044,7117.05791447,2040.07931133,2040.08017660,0.03812227,1503.37888334,0.01998470,0.01998470,28080,86,0
7117.31123204,7117.31139322,2048.53191306,2048.52653556,0.04073969,1503.51287175,0.01998470,0.01998470,28079,86,0
7117.56492026,7117.56489001,2056.99482979,2056.99584019,0.03618129,1503.64595816,0.01998470,0.01998470,28078,86,0
7117.81895008,7117.81840486,2065.46845109,2065.48668598,0.04613895,1503.77811051,0.01998470,0.01998470,28077,86,0
7118.07180188,7118.07193776,2073.95302048,2073.94847065,0.03859102,1503.90854290,0.01998470,0.01998470,28076,86,0
7118.32541941,7118.32548872,2082.44832982,2082.44600610,0.04663246,1504.03825287,0.01998470,0.01998470,28075,86,0
7118.57878297,7118.57905774,2090.95408342,2090.94486136,0.03820356,1504.16670647,0.01998470,0.01998470,28074,86,0
7118.83271929,7118.83264482,2099.46998351,2099.47248564,0.04674763,1504.29431181,0.01998470,0.01998470,28073,86,0
7119.08632584,7119.08624997,2107.99578020,2107.99833225,0.03080983,1504.42060567,0.01998470,0.01998470,28072,86,0
7119.34023124,7119.33987318,2116.53139754,2116.54345437,0.04710079,1504.54589595,0.01998470,0.01998470,28071,86,0
7119.59341337,7119.59351446,2125.07679759,2125.07338993,0.04095959,1504.66967643,0.01998470,0.01998470,28070,86,0
7119.84702061,7119.84717381,2133.63194207,2133.62677238,0.05176049,1504.79250585,0.01998470,0.01998470,28069,86,0
7120.10100853,7120.10085123,2142.19685107,2142.20216501,0.05389701,1504.91435325,0.01998470,0.01998470,28068,86,0
7120.35441512,7120.35454672,2150.77176931,2150.76731864,0.03941620,1505.03475772,0.01998470,0.01998470,28067,86,0
7120.60838032,7120.60826029,2159.35699696,2159.36106104,0.05244866,1505.15426090,0.01998470,0.01998470,28066,86,0
7120.86194067,7120.86199193,2167.95283629,2167.95109873,0.04207438,1505.27240803,0.01998470,0.01998470,28065,86,0
7121.11559030,7121.11574165,2176.55951178,2176.55437513,0.04773486,1505.38942997,0.01998470,0.01998470,28064,86,0
7121.36958908,7121.36950946,2185.17693459,2185.17964011,0.05526195,1505.50543768,0.01998470,0.01998470,28063,86,0
7121.62338124,7121.62329535,2193.80493758,2193.80785928,0.03486188,1505.62016943,0.01998470,0.01998470,28062,86,0
7121.87706826,7121.87709932,2202.44335234,2202.44229480,0.04674918,1505.73366649,0.01998470,0.01998470,28061,86,0
7122.13065692,7122.13092138,2211.09200441,2211.08298828,0.03848496,1505.84592652,0.01998470,0.01998470,28060,86,0
7122.38472242,7122.38476152,2219.75069953,2219.74936495,0.04977478,1505.95719456,0.01998470,0.01998470,28059,86,0
7122.63843741,7122.63861976,2228.41923757,2228.41300760,0.04630085,1506.06710046,0.01998470,0.01998470,28058,86,0
7122.89257721,7122.89249609,2237.09741689,2237.10019091,0.03651642,1506.17597274,0.01998470,0.01998470,28057,86,0
7123.14623651,7123.14639052,2245.78515834,2245.77988581,0.05130057,1506.28341880,0.01998470,0.01998470,28056,86,0
7123.40003114,7123.40030304,2254.48281931,2254.47350033,0.05116654,1506.38970216,0.01998470,0.01998470,28055,86,0
7123.65390176,7123.65423366,2263.19085603,2263.17946765,0.03783807,1506.49479756,0.01998470,0.01998470,28054,86,0
7123.90798160,7123.90818238,2271.90972800,2271.90283045,0.05428263,1506.59875901,0.01998470,0.01998470,28053,86,0
7124.16210730,7124.16214920,2280.63978124,2280.63833994,0.04925552,1506.70151707,0.01998470,0.01998470,28052,86,0
7124.41640083,7124.41613413,2289.38100638,2289.39019083,0.04608972,1506.80311446,0.01998470,0.01998470,28051,86,0
7124.67038718,7124.67013716,2298.13332552,2298.14194574,0.05556932,1506.90335657,0.01998470,0.01998470,28050,86,0
7124.92372524,7124.92415830,2306.89666003,2306.88171133,0.03556584,1507.00210996,0.01998470,0.01998470,28049,86,0
7125.17819968,7125.17819755,2315.67088541,2315.67095880,0.04590127,1507.10006045,0.01998470,0.01998470,28048,86,0
7125.43196275,7125.43225492,2324.45576175,2324.44565357,0.04787745,1507.19648627,0.01998470,0.01998470,28047,86,0
7125.68673278,7125.68633039,2333.25102946,2333.26496654,0.04739747,1507.29203061,0.01998470,0.01998470,28046,86,0
7125.94035981,7125.94042399,2342.05642912,2342.05420399,0.05699591,1507.38588085,0.01998470,0.01998470,28045,86,0
7126.19446313,7126.19453570,2350.87198798,2350.86946925,0.03499533,1507.47863695,0.01998470,0.01998470,28044,86,0
7126.44830467,7126.44866552,2359.69830878,2359.68576815,0.04782322,1507.57002957,0.01998470,0.01998470,28043,86,0
7126.70276415,7126.70281348,2368.53606693,2368.53435063,0.04002027,1507.66037481,0.01998470,0.01998470,28042,86,0
7126.95762088,7126.95697955,2377.38593465,2377.40828028,0.04360304,1507.74958830,0.01998470,0.01998470,28041,86,0
7127.21115563,7127.21116375,2386.24813655,2386.24785323,0.04817279,1507.83707188,0.01998470,0.01998470,28040,86,0
7127.46576738,7127.46536608,2395.12221810,2395.13623598,0.04754160,1507.92364519,0.01998470,0.01998470,28039,86,0
7127.71962898,7127.71958653,2404.00766511,2404.00914938,0.05224722,1508.00867426,0.01998470,0.01998470,28038,86,0
7127.97426733,7127.97382512,2412.90397128,2412.91945370,0.05270587,1508.09266045,0.01998470,0.01998470,28037,86,0
7128.22809763,7128.22808184,2421.81094541,2421.81149884,0.03288977,1508.17507464,0.01998470,0.01998470,28036,86,0
7128.48227121,7128.48235670,2430.72874180,2430.72574198,0.04822097,1508.25629085,0.01998470,0.01998470,28035,86,0
7128.73701297,7128.73664969,2439.65753330,2439.67029637,0.03846919,1508.33637050,0.01998470,0.01998470,28034,86,0
7128.99107755,7128.99096082,2448.59750650,2448.60161216,0.04437845,1508.41491963,0.01998470,0.01998470,28033,86,0
7129.24488771,7129.24529010,2457.54902799,2457.53485628,0.04405192,1508.49207424,0.01998470,0.01998470,28032,86,0
7129.49952874,7129.49963751,2466.51260121,2466.50876531,0.03853589,1508.56815874,0.01998470,0.01998470,28031,86,0
7129.75401917,7129.75400307,2475.48873662,2475.48930509,0.04333301,1508.64287327,0.01998470,0.01998470,28030,86,0
7130.00839062,7130.00838678,2484.47784342,2484.47797904,0.04154929,1508.71622677,0.01998470,0.01998470,28029,86,0
7130.26289103,7130.26278864,2493.47947951,2493.48310488,0.04438982,1508.78828120,0.01998470,0.01998470,28028,86,0
7130.51723535,7130.51720865,2502.49278404,2502.49373067,0.04111676,1508.85894363,0.01998470,0.01998470,28027,86,0
7130.77161067,7130.77164681,2511.51688655,2511.51560443,0.04252842,1508.92825508,0.01998470,0.01998470,28026,86,0
7131.02641573,7131.02610312,2520.55113625,2520.56224120,0.04088723,1508.99631068,0.01998470,0.01998470,28025,86,0
7131.28046577,7131.28057759,2529.59592707,2529.59195024,0.04341063,1509.06279488,0.01998470,0.01998470,28024,86,0
7131.53482193,7131.53507022,2538.65195997,2538.64311944,0.04641657,1509.12798917,0.01998470,0.01998470,28023,86,0
7131.78940635,7131.78958101,2547.71994090,2547.71371388,0.04816020,1509.19186901,0.01998470,0.01998470,28022,86,0
7132.04433308,7132.04410996,2556.80034079,2556.80830585,0.04832932,1509.25445608,0.01998470,0.01998470,28021,86,0
7132.29847848,7132.29865708,2565.89301570,2565.88663205,0.04455858,1509.31547138,0.01998470,0.01998470,28020,86,0
7132.55288472,7132.55322236,2574.99772240,2574.98563910,0.05258959,1509.37516208,0.01998470,0.01998470,28019,86,0
7132.80775542,7132.80780581,2584.11421940,2584.11241382,0.04669343,1509.43356291,0.01998470,0.01998470,28018,86,0
7133.06245156,7133.06240743,2593.24244040,2593.24402349,0.04274295,1509.49051917,0.01998470,0.01998470,28017,86,0
7133.31693352,7133.31702722,2602.38256918,2602.37920355,0.04799450,1509.54602086,0.01998470,0.01998470,28016,86,0
7133.57143116,7133.57166519,2611.53480989,2611.52639308,0.04062814,1509.60011540,0.01998470,0.01998470,28015,86,0
7133.82649895,7133.82632133,2620.69936918,2620.70576532,0.04317374,1509.65291128,0.01998470,0.01998470,28014,86,0
7134.08085703,7134.08099565,2629.87646851,2629.87147027,0.04386510,1509.70414021,0.01998470,0.01998470,28013,86,0
7134.33532353,7134.33568815,2639.06634117,2639.05317611,0.04963899,1509.75396738,0.01998470,0.01998470,28012,86,0
7134.59052140,7134.59039883,2648.26922251,2648.27365409,0.04518534,1509.80250291,0.01998470,0.01998470,28011,86,0
7134.84535757,7134.84512770,2657.48530340,2657.49362574,0.04023861,1509.84953062,0.01998470,0.01998470,28010,86,0
7135.09958479,7135.09987475,2666.71449329,2666.70398130,0.03956928,1509.89500643,0.01998470,0.01998470,28009,86,0
7135.35439220,7135.35463999,2675.95659396,2675.94759916,0.05502620,1509.93913619,0.01998470,0.01998470,28008,86,0
7135.60947383,7135.60942341,2685.21140553,2685.21323808,0.04453015,1509.98185257,0.01998470,0.01998470,28007,86,0
7135.86474503,7135.86422503,2694.47883631,2694.49776141,0.03579597,1510.02313098,0.01998470,0.01998470,28006,86,0
7136.11932684,7136.11904485,2703.75908886,2703.76936552,0.04139648,1510.06282845,0.01998470,0.01998470,28005,86,0
7136.37407185,7136.37388286,2713.05241625,2713.05931305,0.05301202,1510.10107742,0.01998470,0.01998470,28004,86,0
7136.62931328,7136.62873906,2722.35906453,2722.38004785,0.03780599,1510.13791691,0.01998470,0.01998470,28003,86,0
7136.88338663,7136.88361347,2731.67898251,2731.67068243,0.04201124,1510.17310600,0.01998470,0.01998470,28002,86,0
7137.13856667,7137.13850607,2741.01175816,2741.01397827,0.05435030,1510.20695249,0.01998470,0.01998470,28001,86,0
7137.39334456,7137.39341688,2750.35695449,2750.35430162,0.04452411,1510.23924243,0.01998470,0.01998470,28000,86,0
7137.64846804,7137.64834590,2759.71420311,2759.71868930,0.03834786,1510.27006397,0.01998470,0.01998470,27999,86,0
7137.90321395,7137.90329312,2769.08378032,2769.08086874,0.04891541,1510.29932509,0.01998470,0.01998470,27998,86,0
7138.15826809,7138.15825855,2778.46630624,2778.46665769,0.04029891,1510.32710106,0.01998470,0.01998470,27997,86,0
7138.41324987,7138.41324219,2787.86240913,2787.86269223,0.04805453,1510.35334380,0.01998470,0.01998470,27996,86,0
7138.66887881,7138.66824405,2797.27256069,2797.29600181,0.04293808,1510.37811683,0.01998470,0.01998470,27995,86,0
7138.92256179,7138.92326412,2806.69671587,2806.67074361,0.03538193,1510.40117365,0.01998470,0.01998470,27994,86,0
7139.17852596,7139.17830240,2816.13472462,2816.14300357,0.05503116,1510.42288831,0.01998470,0.01998470,27993,86,0
7139.43365762,7139.43335891,2825.58643719,2825.59751437,0.03467165,1510.44297644,0.01998470,0.01998470,27992,86,0
7139.68842788,7139.68843363,2835.05175903,2835.05154549,0.05193253,1510.46147921,0.01998470,0.01998470,27991,86,0
7139.94359479,7139.94352658,2844.53066383,2844.53319998,0.04064833,1510.47844469,0.01998470,0.01998470,27990,86,0
7140.19869806,7140.19863775,2854.02312918,2854.02537481,0.04666420,1510.49383256,0.01998470,0.01998470,27989,86,0
7140.45376415,7140.45376715,2863.52911750,2863.52900551,0.03601543,1510.50763867,0.01998470,0.01998470,27988,86,0
7140.70872691,7140.70891478,2873.04847836,2873.04146422,0.04621657,1510.51985397,0.01998470,0.01998470,27987,86,0
7140.96442180,7140.96408064,2882.58100850,2882.59376198,0.03680617,1510.53050584,0.01998470,0.01998470,27986,86,0
7141.21932642,7141.21926473,2892.12650336,2892.12881229,0.05071441,1510.53952477,0.01998470,0.01998470,27985,86,0
7141.47444201,7141.47446706,2901.68498446,2901.68404564,0.03639432,1510.54694531,0.01998470,0.01998470,27984,86,0
7141.72942323,7141.72968762,2911.25701015,2911.24708733,0.04536329,1510.55275061,0.01998470,0.01998470,27983,86,0
7141.98539391,7141.98492642,2920.84322070,2920.86079138,0.04598380,1510.55695168,0.01998470,0.01998470,27982,86,0
7142.24036675,7142.24018346,2930.44422440,2930.45112358,0.03667758,1510.55950906,0.01998470,0.01998470,27981,86,0
7142.49544177,7142.49545874,2940.06004554,2940.05940583,0.04879518,1510.56043505,0.01998470,0.01998470,27980,86,0
7142.75086928,7142.75075227,2949.69024044,2949.69465740,0.05112874,1510.55971889,0.01998470,0.01998470,27979,86,0
7143.00593140,7143.00606404,2959.33434845,2959.32933461,0.03905833,1510.55735574,0.01998470,0.01998470,27978,86,0
7143.26092052,7143.26139406,2968.99208333,2968.97415983,0.04711994,1510.55334038,0.01998470,0.01998470,27977,86,0
7143.51687578,7143.51674233,2978.66384101,2978.66889928,0.05124812,1510.54764069,0.01998470,0.01998470,27976,86,0
7143.77232828,7143.77210886,2988.35018498,2988.35851420,0.04236054,1510.54027736,0.01998470,0.01998470,27975,86,0
7144.02731227,7144.02749363,2998.05167141,2998.04477652,0.04635054,1510.53125107,0.01998470,0.01998470,27974,86,0
7144.28284115,7144.28289667,3007.76851704,3007.76640321,0.05375749,1510.52051736,0.01998470,0.01998470,27973,86,0
7144.53822597,7144.53831796,3017.50055713,3017.49704957,0.03785409,1510.50809370,0.01998470,0.01998470,27972,86,0
7144.79336541,7144.79375751,3027.24760530,3027.23263279,0.04587080,1510.49398152,0.01998470,0.01998470,27971,86,0
7145.04956441,7145.04921532,3037.00953785,3037.02288774,0.04760193,1510.47809312,0.01998470,0.01998470,27970,86,0
7145.30452551,7145.30469140,3046.78655522,3046.78020192,0.04951511,1510.46056489,0.01998470,0.01998470,27969,86,0
7145.56038569,7145.56018574,3056.57896198,3056.58663138,0.03117686,1510.44124505,0.01998470,0.01998470,27968,86,0
7145.81573456,7145.81569835,3066.38705311,3066.38844437,0.05109105,1510.42022771,0.01998470,0.01998470,27967,86,0
7146.07072958,7146.07122923,3076.21066429,3076.19144198,0.05593190,1510.39750117,0.01998470,0.01998470,27966,86,0
7146.32644705,7146.32677838,3086.04903804,3086.03627356,0.04898619,1510.37295979,0.01998470,0.01998470,27965,86,0
7146.58246980,7146.58234580,3095.90137106,3095.90615442,0.04312140,1510.34662772,0.01998470,0.01998470,27964,86,0
7146.83791549,7146.83793150,3105.76709673,3105.76647850,0.04643878,1510.31859305,0.01998470,0.01998470,27963,86,0
7147.09355451,7147.09353548,3115.64693612,3115.64767237,0.05025811,1510.28876614,0.01998470,0.01998470,27962,86,0
7147.34938655,7147.34915773,3125.54204325,3125.55090781,0.04976043,1510.25713199,0.01998470,0.01998470,27961,86,0
7147.60410368,7147.60479827,3135.45356003,3135.42660787,0.02958996,1510.22385024,0.01998470,0.01998470,27960,86,0
7147.85997011,7147.86045709,3145.38187361,3145.36294704,0.04645776,1510.18861483,0.01998470,0.01998470,27959,86,0
7148.11581114,7148.11613420,3155.32644920,3155.31387416,0.05347486,1510.15156900,0.01998470,0.01998470,27958,86,0
7148.37153425,7148.37182959,3165.28669149,3165.27517841,0.05008411,1510.11272163,0.01998470,0.01998470,27957,86,0
7148.62742360,7148.62754327,3175.26216035,3175.25748831,0.04450152,1510.07202275,0.01998470,0.01998470,27956,86,0
7148.88322701,7148.88327525,3185.25312290,3185.25123684,0.04498586,1510.02950256,0.01998470,0.01998470,27955,86,0
7149.13943774,7149.13902551,3195.26004525,3195.27618727,0.04816943,1509.98506542,0.01998470,0.01998470,27954,86,0
7149.39509253,7149.39479408,3205.28337754,3205.29508284,0.04596736,1509.93886957,0.01998470,0.01998470,27953,86,0
7149.65104887,7149.65058093,3215.32315797,3215.34153904,0.05291487,1509.89075409,0.01998470,0.01998470,27952,86,0
7149.90625578,7149.90638609,3225.37903472,3225.37390833,0.03115315,1509.84091464,0.01998470,0.01998470,27951,86,0
7150.16198818,7150.16220955,3235.45063756,3235.44191583,0.05029598,1509.78909822,0.01998470,0.01998470,27950,86,0
7150.41789411,7150.41805131,3245.53778940,3245.53158676,0.04914589,1509.73536118,0.01998470,0.01998470,27949,86,0
7150.67410417,7150.67391138,3255.64089342,3255.64851181,0.04831824,1509.67966037,0.01998470,0.01998470,27948,86,0
7150.92995780,7150.92978975,3265.76046363,3265.76711488,0.04391833,1509.62212861,0.01998470,0.01998470,27947,86,0
7151.18562869,7151.18568644,3275.89698422,3275.89469510,0.04883027,1509.56272132,0.01998470,0.01998470,27946,86,0
7151.44211624,7151.44160143,3286.05058225,3286.07102394,0.04308483,1509.50118937,0.01998470,0.01998470,27945,86,0
7151.69700658,7151.69753474,3296.22117096,3296.20016581,0.03963719,1509.43811222,0.01998470,0.01998470,27944,86,0
7151.95362194,7151.95348636,3306.40865996,3306.41406093,0.05263362,1509.37265782,0.01998470,0.01998470,27943,86,0
7152.20939718,7152.20945630,3316.61297183,3316.61061316,0.04335485,1509.30546191,0.01998470,0.01998470,27942,86,0
7152.46576347,7152.46544455,3326.83405118,3326.84679493,0.04317636,1509.23614273,0.01998470,0.01998470,27941,86,0
7152.72129783,7152.72145113,3337.07184404,3337.06570902,0.03748518,1509.16507929,0.01998470,0.01998470,27940,86,0
7152.97708792,7152.97747603,3347.32638379,3347.31082671,0.04473560,1509.09196662,0.01998470,0.01998470,27939,86,0
7153.23352868,7153.23351925,3357.59811878,3357.59849724,0.05303663,1509.01666899,0.01998470,0.01998470,27938,86,0
7153.48971703,7153.48958080,3367.88762377,3367.89310263,0.04166047,1508.93943328,0.01998470,0.01998470,27937,86,0
7153.74576765,7153.74566068,3378.19544177,3378.19975135,0.04570149,1508.86021571,0.01998470,0.01998470,27936,86,0
7154.00191671,7154.00175889,3388.52155659,3388.52792542,0.05107219,1508.77893394,0.01998470,0.01998470,27935,86,0
7154.25791715,7154.25787543,3398.86551433,3398.86720075,0.04170998,1508.69566076,0.01998470,0.01998470,27934,86,0
7154.51394962,7154.51401031,3409.22684728,3409.22439017,0.05219790,1508.61033304,0.01998470,0.01998470,27933,86,0
7154.77068571,7154.77016352,3419.60532104,3419.62649526,0.04238042,1508.52271067,0.01998471,0.01998470,27932,86,0
7155.02670928,7155.02633507,3430.00113836,3430.01633638,0.04370146,1508.43326601,0.01998471,0.01998470,27931,86,0
7155.28263094,7155.28252496,3440.41455133,3440.41886253,0.05202645,1508.34178390,0.01998470,0.01998470,27930,86,0
7155.53897885,7155.53873320,3450.84582407,3450.85583378,0.03859725,1508.24805962,0.01998470,0.01998470,27929,86,0
7155.79497928,7155.79495977,3461.29526672,3461.29606277,0.05226809,1508.15236247,0.01998470,0.01998470,27928,86,0
7156.05101551,7156.05120470,3471.76320477,3471.75546979,0.03728664,1508.05453998,0.01998470,0.01998470,27927,86,0
7156.30716733,7156.30746797,3482.24993498,3482.23762153,0.04807175,1507.95454682,0.01998470,0.01998470,27926,86,0
7156.56372832,7156.56374959,3492.75538656,3492.75451404,0.04064333,1507.85225216,0.01998470,0.01998470,27925,86,0
7156.82065024,7156.82004957,3503.27924907,3503.30393385,0.04670858,1507.74765832,0.01998471,0.01998470,27924,86,0
7157.07666976,7157.07636789,3513.82120452,3513.83362995,0.04030288,1507.64127949,0.01998471,0.01998470,27923,86,0
7157.33291557,7157.33270458,3524.38092767,3524.38962651,0.05041426,1507.53264856,0.01998471,0.01998470,27922,86,0
7157.58941488,7157.58905962,3534.95808473,3534.97275399,0.04077016,1507.42174162,0.01998471,0.01998470,27921,86,0
7157.84490526,7157.84543302,3545.55233882,3545.53051332,0.05225179,1507.30910805,0.01998470,0.01998470,27920,86,0
7158.10154161,7158.10182479,3556.16387076,3556.15214083,0.03525897,1507.19378467,0.01998470,0.01998470,27919,86,0
7158.35804232,7158.35823492,3566.79423985,3566.78624790,0.05106197,1507.07630745,0.01998470,0.01998470,27918,86,0
7158.61452081,7158.61466341,3577.44524648,3577.43931774,0.04796544,1506.95659551,0.01998470,0.01998470,27917,86,0
7158.87151792,7158.87111027,3588.11824406,3588.13522631,0.03932028,1506.83436263,0.01998471,0.01998470,27916,86,0
7159.12715396,7159.12757550,3598.81212233,3598.79452981,0.05715555,1506.71051459,0.01998470,0.01998470,27915,86,0
7159.38978075,nan,0.00000000,3609.77648675,0.28565207,1506.58079432,0.01998472,0.01998470,27914,86,1
7159.64084487,7159.64056108,3620.25496985,3620.26685043,0.05145736,1506.45486801,0.01998470,0.01998470,27913,86,0
7159.89680848,7159.89708144,3631.00306210,3630.99161530,0.03351919,1506.32409451,0.01998470,0.01998470,27912,86,0
7160.15327356,7160.15362017,3641.77164171,3641.75707772,0.04991936,1506.19075683,0.01998470,0.01998470,27911,86,0
7160.40993705,7160.41017728,3652.56309126,3652.55297594,0.04817100,1506.05496124,0.01998470,0.01998470,27910,86,0
7160.66665228,7160.66675277,3663.37761485,3663.37337509,0.04595062,1505.91676616,0.01998470,0.01998470,27909,86,0
7160.92381593,7160.92334665,3674.21316625,3674.23300041,0.04546184,1505.77596470,0.01998471,0.01998470,27908,86,0
7161.17959902,7161.17995891,3685.06759466,3685.05235973,0.03768699,1505.63358749,0.01998470,0.01998470,27907,86,0
7161.43670066,7161.43658956,3695.94012133,3695.94483233,0.04575347,1505.48813264,0.01998471,0.01998470,27906,86,0
7161.69292299,7161.69323860,3706.83224395,3706.81883723,0.04169972,1505.34080682,0.01998470,0.01998470,27905,86,0
7161.94942677,7161.94990603,3717.74568638,3717.72528844,0.05999069,1505.19091580,0.01998470,0.01998471,27904,86,0
7162.20607578,7162.20659185,3728.68144752,3728.65943975,0.03924937,1505.03850687,0.01998470,0.01998471,27903,86,0
7162.46345857,7162.46329607,3739.63864067,3739.64558306,0.04256584,1504.88321766,0.01998471,0.01998471,27902,86,0
7162.72011241,7162.72001869,3750.61607103,3750.62008216,0.04777495,1504.72593545,0.01998471,0.01998471,27901,86,0
7162.97630649,7162.97675970,3761.61284463,3761.59341605,0.04438980,1504.56651348,0.01998470,0.01998471,27900,86,0
7163.23322494,7163.23351912,3772.62927230,3772.61663925,0.04381639,1504.40419529,0.01998471,0.01998471,27899,86,0
7163.48985761,7163.49029694,3783.66596151,3783.64706153,0.05197172,1504.23959223,0.01998470,0.01998471,27898,86,0
7163.74694088,7163.74709317,3794.72347818,3794.71691466,0.06219874,1504.07220913,0.01998471,0.01998471,27897,86,0
7164.00366962,7164.00390780,3805.80212416,3805.79183985,0.03773834,1503.90255192,0.01998471,0.01998471,27896,86,0
7164.26015173,7164.26074085,3816.90211064,3816.87662599,0.05302576,1503.73054242,0.01998470,0.01998471,27895,86,0
7164.51800328,7164.51759230,3828.02362955,3828.04144105,0.04585297,1503.55506455,0.01998471,0.01998471,27894,86,0
7164.77408229,7164.77446217,3839.16670945,3839.15021469,0.04104858,1503.37824940,0.01998470,0.01998471,27893,86,0
7165.03138235,7165.03135045,3850.33130168,3850.33268913,0.04315528,1503.19802620,0.01998471,0.01998471,27892,86,0
7165.28811338,7165.28825716,3861.51743138,3861.51116536,0.04414716,1503.01562588,0.01998470,0.01998471,27891,86,0
7165.54470903,7165.54518228,3872.72589802,3872.70523188,0.04372823,1502.83072494,0.01998470,0.01998471,27890,86,0
7165.80207232,7165.80212582,3883.95796719,3883.95562632,0.05752777,1502.64262839,0.01998470,0.01998471,27889,86,0
7166.05926422,7166.05908778,3895.21479822,3895.22253583,0.03964255,1502.45197941,0.01998471,0.01998471,27888,86,0
7166.31590158,7166.31606817,3906.49589678,3906.48857662,0.04169518,1502.25906702,0.01998470,0.01998471,27887,86,0
7166.57340283,7166.57306699,3917.79958722,3917.81437202,0.05640728,1502.06283483,0.01998471,0.01998471,27886,86,0
7166.83024799,7166.83008423,3929.12429215,3929.13151395,0.04487481,1501.86445210,0.01998471,0.01998471,27885,86,0
7167.08777508,7167.08711991,3940.47068354,3940.49963352,0.03979384,1501.66286019,0.01998471,0.01998471,27884,86,0
7167.34440502,7167.34417402,3951.84125495,3951.85148433,0.05402208,1501.45924054,0.01998471,0.01998471,27883,86,0
7167.60123809,7167.60124657,3963.23840742,3963.23803127,0.04054647,1501.25267291,0.01998471,0.01998471,27882,86,0
7167.85846356,7167.85833755,3974.66147764,3974.66708201,0.05203973,1501.04299152,0.01998471,0.01998471,27881,86,0
7168.11520082,7168.11544697,3986.10712460,3986.09615761,0.05174041,1500.83096217,0.01998471,0.01998471,27880,86,0
7168.37234334,7168.37257483,3997.57208556,3997.56175569,0.04707860,1500.61589604,0.01998471,0.01998471,27879,86,0
7168.63024792,7168.62972114,4009.05692719,4009.08047707,0.05329676,1500.39745355,0.01998471,0.01998471,27878,86,0
7168.88680012,7168.88688589,4020.56565490,4020.56181213,0.04764426,1500.17734579,0.01998471,0.01998471,27877,86,0
7169.14428148,7169.14406909,4032.10223812,4032.11177713,0.04795202,1499.95353017,0.01998471,0.01998471,27876,86,0
7169.40134000,7169.40127073,4043.66701053,4043.67012834,0.03613514,1499.72714965,0.01998471,0.01998471,27875,86,0
7169.65895679,7169.65849083,4055.25711101,4055.27812711,0.04914262,1499.49737748,0.01998471,0.01998471,27874,86,0
7169.91546793,7169.91572938,4066.86968013,4066.85786696,0.04625498,1499.26574860,0.01998471,0.01998471,27873,86,0
7170.17374651,7170.17298639,4078.50414759,4078.53855678,0.04887731,1499.02965514,0.01998471,0.01998471,27872,86,0
nan,nan,0.00000000,-1.00000000,0.00000000,1498.79560550,nan,0.00000000,-2147483648,86,1
nan,nan,0.00000000,-1.00000000,0.00000000,1495.55886914,nan,0.00000000,-2147483648,85,1
7131.28144420,7131.28057759,8.16472574,8.18753488,0.06401787,1495.93356670,0.01998470,0.01998470,28024,85,0
7131.53441234,7131.53507022,14.86519461,14.84786775,0.02740465,1496.27996664,0.01998470,0.01998470,28023,85,0
7131.79029978,7131.78958101,21.57060176,21.58954512,0.04640979,1496.62980009,0.01998470,0.01998470,28022,85,0
7132.04498252,7132.04410996,28.28102182,28.30403400,0.04393120,1496.97742552,0.01998470,0.01998470,28021,85,0
7132.29812356,7132.29865708,34.99652975,34.98244954,0.03816766,1497.32239415,0.01998470,0.01998470,28020,85,0
7132.55180075,7132.55322236,41.71715343,41.67960973,0.06301266,1497.66754063,0.01998470,0.01998470,28019,85,0
7132.80685647,7132.80780581,48.44273845,48.41765064,0.03324735,1498.01399517,0.01998470,0.01998470,28018,85,0
7133.06208386,7133.06240743,55.17308587,55.16452964,0.04348537,1498.36010134,0.01998470,0.01998470,28017,85,0
7133.31632241,7133.31702722,61.90799589,61.88934768,0.04164800,1498.70427639,0.01998470,0.01998470,28016,85,0
7133.57072598,7133.57166519,68.64726781,68.62240375,0.04810134,1499.04807349,0.01998470,0.01998470,28015,85,0
7133.82634880,7133.82632133,75.39075297,75.39148065,0.04674791,1499.39290331,0.01998470,0.01998470,28014,85,0
7134.08269262,7134.08099565,82.13858773,82.18356400,0.05910612,1499.73809232,0.01998471,0.01998470,28013,85,0
7134.33607879,7134.33568815,88.89100504,88.90136510,0.03286513,1500.07870522,0.01998470,0.01998470,28012,85,0
7134.58947896,7134.59039883,95.64823891,95.62382756,0.04944472,1500.41875713,0.01998470,0.01998470,28011,85,0
7134.84581007,7134.84512770,102.41052438,102.42864568,0.03850455,1500.76216258,0.01998470,0.01998470,28010,85,0
7135.09955768,7135.09987475,109.17807211,109.16964602,0.05869080,1501.10154162,0.01998470,0.01998470,28009,85,0
7135.35368834,7135.35463999,115.95091013,115.92560209,0.02830629,1501.44086886,0.01998470,0.01998470,28008,85,0
7135.60875546,7135.60942341,122.72898600,122.71121006,0.05788566,1501.78087444,0.01998470,0.01998470,28007,85,0
7135.86420197,7135.86422503,129.51224667,129.51163242,0.03714361,1502.12080690,0.01998470,0.01998470,28006,85,0
7136.11969080,7136.11904485,136.30063887,136.31785284,0.04504159,1502.46021182,0.01998470,0.01998470,28005,85,0
7136.37381696,7136.37388286,143.09410694,143.09234959,0.02327639,1502.79722274,0.01998470,0.01998470,28004,85,0
7136.62916678,7136.62873906,149.89257553,149.90398895,0.05767620,1503.13526459,0.01998470,0.01998470,28003,85,0
7136.88369868,7136.88361347,156.69595843,156.69823377,0.05216223,1503.47162725,0.01998470,0.01998470,28002,85,0
7137.13715258,7137.13850607,163.50416891,163.46800569,0.05224905,1503.80596783,0.01998470,0.01998470,28001,85,0
7137.39388475,7137.39341688,170.31711989,170.32962844,0.03892177,1504.14401907,0.01998470,0.01998470,28000,85,0
7137.64867080,7137.64834590,177.13473981,177.14343135,0.05006207,1504.47889185,0.01998470,0.01998470,27999,85,0
7137.90405953,7137.90329312,183.95713568,183.97765154,0.04406104,1504.81394474,0.01998470,0.01998470,27998,85,0
7138.15846675,7138.15825855,190.78452723,190.79010415,0.06620157,1505.14710979,0.01998470,0.01998470,27997,85,0
7138.41293531,7138.41324219,197.61713690,197.60891080,0.04421730,1505.47976509,0.01998470,0.01998470,27996,85,0
7138.66800892,7138.66824405,204.45518810,204.44888060,0.03842816,1505.81262811,0.01998470,0.01998470,27995,85,0
7138.92466006,7138.92326412,211.29888545,211.33636119,0.04246212,1506.14696857,0.01998471,0.01998470,27994,85,0
7139.17789303,7139.17830240,218.14818062,218.13718262,0.05970775,1506.47628050,0.01998470,0.01998470,27993,85,0
7139.43410365,7139.43335891,225.00284929,225.02287116,0.05769673,1506.80886994,0.01998470,0.01998470,27992,85,0
7139.68857637,7139.68843363,231.86266259,231.86650260,0.03483263,1507.13859846,0.01998470,0.01998470,27991,85,0
7139.94388029,7139.94352658,238.72739063,238.73691207,0.04129825,1507.46878533,0.01998470,0.01998470,27990,85,0
7140.19789013,7140.19863775,245.59681898,245.57668138,0.04524757,1507.79667176,0.01998470,0.01998470,27989,85,0
7140.45318910,7140.45376715,252.47095874,252.45537903,0.04017266,1508.12559122,0.01998470,0.01998470,27988,85,0
7140.70844839,7140.70891478,259.34998551,259.33740713,0.04811558,1508.45383383,0.01998470,0.01998470,27987,85,0
7140.96479907,7140.96408064,266.23407937,266.25346843,0.05295263,1508.78285713,0.01998470,0.01998470,27986,85,0
7141.22085487,7141.21926473,273.12342123,273.16636640,0.05549107,1509.11088589,0.01998471,0.01998470,27985,85,0
7141.47437459,7141.47446706,280.01818491,280.01568574,0.02932746,1509.43506546,0.01998470,0.01998470,27984,85,0
7141.73006227,7141.72968762,286.91843753,286.92857036,0.06410059,1509.76141358,0.01998470,0.01998470,27983,85,0
7141.98489573,7141.98492642,293.82416861,293.82333799,0.06053270,1510.08606584,0.01998470,0.01998470,27982,85,0
7142.23985664,7142.24018346,300.73536588,300.72651397,0.05392257,1510.41027298,0.01998470,0.01998470,27981,85,0
7142.49495015,7142.49545874,307.65201703,307.63823179,0.04514452,1510.73403817,0.01998470,0.01998470,27980,85,0
7142.75048016,7142.75075227,314.57411122,314.56673050,0.03892519,1511.05774270,0.01998470,0.01998470,27979,85,0
7143.00557761,7143.00606404,321.50165758,321.48845406,0.04114209,1511.38028415,0.01998470,0.01998470,27978,85,0
7143.26108205,7143.26139406,328.43467902,328.42620398,0.04387379,1511.70272334,0.01998470,0.01998470,27977,85,0
7143.51673954,7143.51674233,335.37319879,335.37312285,0.04008786,1512.02473691,0.01998470,0.01998470,27976,85,0
7143.77259823,7143.77210886,342.31724026,342.33055228,0.04034413,1512.34638341,0.01998470,0.01998470,27975,85,0
7144.02810207,7144.02749363,349.26682064,349.28338354,0.03745408,1512.66696327,0.01998470,0.01998470,27974,85,0
7144.28383790,7144.28289667,356.22188829,356.24752885,0.05037275,1512.98720890,0.01998470,0.01998470,27973,85,0
7144.53825619,7144.53831796,363.18234863,363.18066473,0.05043463,1513.30517767,0.01998470,0.01998470,27972,85,0
7144.79406508,7144.79375751,370.14810599,370.15649631,0.05842069,1513.62424770,0.01998470,0.01998470,27971,85,0
7145.04991132,7145.04921532,377.11906425,377.13806302,0.05247604,1513.94271949,0.01998470,0.01998470,27970,85,0
7145.30528666,7145.30469140,384.09514125,384.11140093,0.06039114,1514.25995650,0.01998470,0.01998470,27969,85,0
7145.55984140,7145.56018574,391.07638439,391.06697251,0.05047110,1514.57552963,0.01998470,0.01998470,27968,85,0
7145.81657498,7145.81569835,398.06291025,398.08688852,0.05767449,1514.89315560,0.01998471,0.01998470,27967,85,0
7146.07134533,7146.07122923,405.05483654,405.05801468,0.06302274,1515.20771260,0.01998470,0.01998470,27966,85,0
7146.32699259,7146.32677838,412.05228155,412.05814925,0.04775345,1515.52271477,0.01998470,0.01998470,27965,85,0
7146.58219950,7146.58234580,419.05535160,419.05134119,0.05518362,1515.83654023,0.01998470,0.01998470,27964,85,0
7146.83791524,7146.83793150,426.06406585,426.06361983,0.06167009,1516.15035480,0.01998470,0.01998470,27963,85,0
7147.09406781,7147.09353548,433.07840597,433.09301973,0.05675444,1516.46406379,0.01998470,0.01998470,27962,85,0
7147.34895147,7147.34915773,440.09835334,440.09268682,0.05864402,1516.77557851,0.01998470,0.01998470,27961,85,0
7147.60465671,7147.60479827,447.12388930,447.11999749,0.06137884,1517.08745284,0.01998470,0.01998470,27960,85,0
7147.86082692,7147.86045709,454.15499809,454.16517272,0.05421775,1517.39924429,0.01998470,0.01998470,27959,85,0
7148.11601067,7148.11613420,461.19167983,461.18827892,0.04486552,1517.70918634,0.01998470,0.01998470,27958,85,0
7148.37204989,7148.37182959,468.23393982,468.24000947,0.04157304,1518.01951493,0.01998470,0.01998470,27957,85,0
7148.62751001,7148.62754327,475.28178339,475.28086631,0.04604686,1518.32848854,0.01998470,0.01998470,27956,85,0
7148.88364811,7148.88327525,482.33521586,482.34550364,0.03492048,1518.63762547,0.01998471,0.01998470,27955,85,0
7149.13972589,7149.13902551,489.39421752,489.41355557,0.03681143,1518.94602944,0.01998471,0.01998470,27954,85,0
7149.39523367,7149.39479408,496.45867564,496.47082178,0.04357520,1519.25308222,0.01998471,0.01998470,27953,85,0
7149.65067034,7149.65058093,503.52845542,503.53092728,0.04363466,1519.55937808,0.01998470,0.01998470,27952,85,0
7149.90579623,7149.90638609,510.60342140,510.58710203,0.03189042,1519.86462351,0.01998470,0.01998470,27951,85,0
7150.16169999,7150.16220955,517.68343779,517.66933114,0.04188653,1520.17011148,0.01998470,0.01998470,27950,85,0
7150.41797637,7150.41805131,524.76850654,524.76643031,0.04535003,1520.47535188,0.01998470,0.01998470,27949,85,0
7150.67340446,7150.67391138,531.85897685,531.84492378,0.04805944,1520.77890564,0.01998470,0.01998470,27948,85,0
7150.93029104,7150.92978975,538.95525323,538.96916092,0.06163057,1521.08352719,0.01998471,0.01998470,27947,85,0
7151.18569058,7151.18568644,546.05774213,546.05785723,0.05782342,1521.38573899,0.01998470,0.01998470,27946,85,0
7151.44251022,7151.44160143,553.16684750,553.19210419,0.04847598,1521.68899633,0.01998471,0.01998470,27945,85,0
7151.69814390,7151.69753474,560.28265839,560.29960229,0.03974589,1521.99022238,0.01998471,0.01998470,27944,85,0
7151.95389307,7151.95348636,567.40474192,567.41606342,0.04230556,1522.29093402,0.01998471,0.01998470,27943,85,0
7152.20887579,7152.20945630,574.53261430,574.51644375,0.03763222,1522.59007433,0.01998470,0.01998470,27942,85,0
7152.46517834,7152.46544455,581.66578936,581.65836912,0.04203860,1522.89006627,0.01998470,0.01998470,27941,85,0
7152.72091661,7152.72145113,588.80379657,588.78888884,0.05670607,1523.18867999,0.01998470,0.01998470,27940,85,0
7152.97704988,7152.97747603,595.94661574,595.93472285,0.06169245,1523.48703373,0.01998470,0.01998470,27939,85,0
7153.23433289,7153.23351925,603.09470217,603.11742490,0.05474357,1523.78601749,0.01998471,0.01998470,27938,85,0
7153.49040665,7153.48958080,610.24853592,610.27161744,0.04610918,1524.08290830,0.01998471,0.01998470,27937,85,0
7153.74564401,7153.74566068,617.40859938,617.40813317,0.03228273,1524.37816445,0.01998470,0.01998470,27936,85,0
7154.00128988,7154.00175889,624.57533188,624.56220132,0.03988724,1524.67324350,0.01998470,0.01998470,27935,85,0
7154.25790829,7154.25787543,631.74865477,631.74957555,0.04465005,1524.96878554,0.01998470,0.01998470,27934,85,0
7154.51376585,7154.51401031,638.92815715,638.92130237,0.06193986,1525.26277428,0.01998470,0.01998470,27933,85,0
7154.77098204,7154.77016352,646.11342071,646.13638874,0.05511006,1525.55762327,0.01998471,0.01998470,27932,85,0
7155.02703396,7155.02633507,653.30402506,653.32364878,0.04192339,1525.85042049,0.01998471,0.01998470,27931,85,0
7155.28286393,7155.28252496,660.49965028,660.50917407,0.03657961,1526.14223449,0.01998471,0.01998470,27930,85,0
7155.53886138,7155.53873320,667.70056567,667.70416979,0.04258185,1526.43351885,0.01998470,0.01998470,27929,85,0
7155.79522111,7155.79495977,674.90725299,674.91460618,0.05961777,1526.72451050,0.01998470,0.01998470,27928,85,0
7156.05224581,7156.05120470,682.12019666,682.14951484,0.05008005,1527.01556630,0.01998471,0.01998470,27927,85,0
7156.30743509,7156.30746797,689.33988329,689.33895662,0.04076960,1527.30387665,0.01998470,0.01998470,27926,85,0
7156.56366689,7156.56374959,696.56658739,696.56425436,0.03488077,1527.59270456,0.01998470,0.01998470,27925,85,0
7156.81952902,7156.82004957,703.79996001,703.78526298,0.04310498,1527.88043921,0.01998470,0.01998470,27924,85,0
7157.07636642,7157.07636789,711.03953733,711.03949577,0.05820871,1528.16856985,0.01998470,0.01998470,27923,85,0
7157.33337360,7157.33270458,718.28485321,718.30376953,0.04209345,1528.45616732,0.01998471,0.01998470,27922,85,0
7157.58978054,7157.58905962,725.53544551,725.55584189,0.03502062,1528.74235145,0.01998471,0.01998470,27921,85,0
7157.84551967,7157.84543302,732.79118293,732.79363605,0.06380238,1529.02704537,0.01998470,0.01998470,27920,85,0
7158.10123683,7158.10182479,740.05242334,740.03576594,0.05329926,1529.31098314,0.01998470,0.01998470,27919,85,0
7158.35885597,7158.35823492,747.31956558,747.33717432,0.03924903,1529.59630662,0.01998471,0.01998470,27918,85,0
7158.61458855,7158.61466341,754.59301048,754.59088630,0.03706068,1529.87883321,0.01998470,0.01998470,27917,85,0
7158.87088567,7158.87111027,761.87313762,761.86675887,0.05294470,1530.16128871,0.01998470,0.01998470,27916,85,0
7159.12728850,7159.12757550,769.16000414,769.15184616,0.04197498,1530.44316449,0.01998470,0.01998470,27915,85,0
7159.38400058,7159.38405911,776.45342962,776.45176471,0.03516971,1530.72467322,0.01998470,0.01998470,27914,85,0
7159.64051237,7159.64056108,783.75322721,783.75184040,0.04295572,1531.00524611,0.01998470,0.01998470,27913,85,0
7159.89736572,7159.89708144,791.05920908,791.06730888,0.06179468,1531.28546571,0.01998470,0.01998470,27912,85,0
7160.15388117,7160.15362017,798.37122166,798.37866366,0.03525156,1531.56458263,0.01998470,0.01998470,27911,85,0
7160.41013324,7160.41017728,805.68929964,805.68804284,0.04145343,1531.84267966,0.01998470,0.01998470,27910,85,0
7160.66656472,7160.66675277,813.01354100,813.00817078,0.05249549,1532.12023921,0.01998470,0.01998470,27909,85,0
7160.92352933,7160.92334665,820.34404430,820.34926536,0.04193500,1532.39764255,0.01998470,0.01998470,27908,85,0
7161.17938460,7161.17995891,827.68090840,827.66448167,0.03798428,1532.67312048,0.01998470,0.01998470,27907,85,0
7161.43603501,7161.43658956,835.02420050,835.00832630,0.05698958,1532.94872505,0.01998470,0.01998470,27906,85,0
7161.69278747,7161.69323860,842.37391745,842.36099313,0.03887946,1533.22370569,0.01998470,0.01998470,27905,85,0
7161.94932341,7161.94990603,849.73004667,849.71334219,0.03694025,1533.49771891,0.01998470,0.01998471,27904,85,0
7162.20640433,7162.20659185,857.09257549,857.08719459,0.05756972,1533.77157380,0.01998470,0.01998471,27903,85,0
7162.46335576,7162.46329607,864.46149707,864.46321106,0.02912588,1534.04454752,0.01998470,0.01998471,27902,85,0
7162.71995365,7162.72001869,871.83692464,871.83505527,0.05180499,1534.31640594,0.01998470,0.01998471,27901,85,0
7162.97633556,7162.97675970,879.21908391,879.20688323,0.04089582,1534.58730315,0.01998470,0.01998471,27900,85,0
7163.23328248,7163.23351912,886.60820600,886.60139272,0.02662073,1534.85806879,0.01998470,0.01998471,27899,85,0
7163.49031476,7163.49029694,894.00452322,894.00503654,0.05042652,1535.12820056,0.01998470,0.01998471,27898,85,0
7163.74701835,7163.74709317,901.40819115,901.40603314,0.03600270,1535.39726731,0.01998470,0.01998471,27897,85,0
7164.00367309,7164.00390780,908.81890081,908.81212493,0.05100091,1535.66555005,0.01998470,0.01998471,27896,85,0
7164.26029318,7164.26074085,916.23616964,916.22323609,0.04098549,1535.93304403,0.01998470,0.01998471,27895,85,0
7164.51737674,7164.51759230,923.65951225,923.65328003,0.03975439,1536.20024672,0.01998470,0.01998471,27894,85,0
7164.77432345,7164.77446217,931.08844264,931.08442941,0.05661187,1536.46651305,0.01998471,0.01998471,27893,85,0
7165.03149299,7165.03135045,938.52277451,938.52690103,0.03817257,1536.73220666,0.01998471,0.01998471,27892,85,0
7165.28788084,7165.28825716,945.96294548,945.95204305,0.05465940,1536.99630585,0.01998470,0.01998471,27891,85,0
7165.54457640,7165.54518228,953.40947282,953.39190539,0.03425323,1537.25995109,0.01998470,0.01998471,27890,85,0
7165.80202486,7165.80212582,960.86287656,960.85994661,0.05135234,1537.52361085,0.01998471,0.01998471,27889,85,0
7166.05929761,7166.05908778,968.32364518,968.32974027,0.03673635,1537.78634620,0.01998471,0.01998471,27888,85,0
7166.31524777,7166.31606817,975.79176865,975.76791659,0.05370822,1538.04698934,0.01998470,0.01998471,27887,85,0
7166.57360948,7166.57306699,983.26685690,983.28264251,0.04570861,1538.30932165,0.01998471,0.01998471,27886,85,0
7166.82978979,7166.83008423,990.74850833,990.73993380,0.05259033,1538.56866208,0.01998471,0.01998471,27885,85,0
7167.08814028,7167.08711991,998.23631918,998.26605453,0.03972660,1538.82939942,0.01998471,0.01998471,27884,85,0
7167.34387415,7167.34417402,1005.73000405,1005.72125912,0.05783177,1539.08669268,0.01998471,0.01998471,27883,85,0
7167.60109646,7167.60124657,1013.22975380,1013.22537296,0.03777884,1539.34468163,0.01998471,0.01998471,27882,85,0
7167.85775541,7167.85833755,1020.73587868,1020.71887561,0.03952418,1539.60131238,0.01998471,0.01998471,27881,85,0
7168.11590324,7168.11544697,1028.24869060,1028.26202858,0.05284953,1539.85864092,0.01998471,0.01998471,27880,85,0
7168.37235928,7168.37257483,1035.76849707,1035.76219029,0.05491892,1540.11350553,0.01998471,0.01998471,27879,85,0
7168.62997998,7168.62972114,1043.29539651,1043.30297631,0.03670142,1540.36874804,0.01998471,0.01998471,27878,85,0
7168.88683429,7168.88688589,1050.82922751,1050.82771532,0.05041559,1540.62244532,0.01998471,0.01998471,27877,85,0
7169.14384842,7169.14406909,1058.36981170,1058.36333916,0.02796570,1540.87550641,0.01998471,0.01998471,27876,85,0
7169.40155482,7169.40127073,1065.91696969,1065.92530893,0.05332628,1541.12844306,0.01998471,0.01998471,27875,85,0
7169.65824636,7169.65849083,1073.47054836,1073.46336640,0.03805668,1541.37957373,0.01998471,0.01998471,27874,85,0
7169.91516185,7169.91572938,1081.03056342,1081.01387759,0.05211625,1541.63011225,0.01998471,0.01998471,27873,85,0
7170.17313559,7170.17298639,1088.59709589,1088.60148607,0.03644335,1541.88086639,0.01998471,0.01998471,27872,85,0
7170.43008175,7170.43026185,1096.17022736,1096.16492398,0.04705434,1542.12980878,0.01998471,0.01998471,27871,85,0
7170.68737362,7170.68755577,1103.75004095,1103.74467264,0.04223970,1542.37827340,0.01998471,0.01998471,27870,85,0
7170.94476032,7170.94486815,1111.33670083,1111.33352004,0.05323422,1542.62601873,0.01998471,0.01998471,27869,85,0
7171.20251812,7171.20219900,1118.93050578,1118.93992727,0.04704154,1542.87331563,0.01998471,0.01998471,27868,85,0
7171.45944659,7171.45954831,1126.53176879,1126.52876307,0.03211438,1543.11902191,0.01998471,0.01998471,27867,85,0
7171.71695734,7171.71691608,1134.14080459,1134.14202493,0.05041318,1543.36449596,0.01998471,0.01998471,27866,85,0
7171.97416550,7171.97430233,1141.75786532,1141.75381387,0.05143145,1543.60889809,0.01998471,0.01998471,27865,85,0
7172.23191893,7172.23170705,1149.38269907,1149.38897816,0.03066714,1543.85302171,0.01998471,0.01998471,27864,85,0
7172.48870678,7172.48913024,1157.01481338,1157.00225333,0.05132716,1544.09541925,0.01998470,0.01998471,27863,85,0
7172.74664600,7172.74657190,1164.65371166,1164.65591113,0.05221726,1544.33806962,0.01998471,0.01998471,27862,85,0
7173.00426452,7173.00403204,1172.29889799,1172.30580373,0.03701419,1544.57956574,0.01998471,0.01998471,27861,85,0
7173.26204706,7173.26151066,1179.95021699,1179.96616305,0.04709442,1544.82035554,0.01998471,0.01998471,27860,85,0
7173.51931143,7173.51900776,1187.60813967,1187.61717457,0.03240148,1545.05981596,0.01998471,0.01998471,27859,85,0
7173.77666676,7173.77652334,1195.27320652,1195.27747720,0.05177383,1545.29853035,0.01998471,0.01998471,27858,85,0
7174.03400668,7174.03405741,1202.94596104,1202.94444878,0.04695703,1545.53641377,0.01998471,0.01998471,27857,85,0
7174.29156849,7174.29160997,1210.62687787,1210.62564028,0.03321265,1545.77369625,0.01998471,0.01998471,27856,85,0
7174.54900794,7174.54918101,1218.31587233,1218.31070333,0.05485203,1546.01005443,0.01998471,0.01998471,27855,85,0
7174.80644814,7174.80677055,1226.01259496,1226.00295720,0.05310135,1546.24558815,0.01998471,0.01998471,27854,85,0
7175.06381703,7175.06437857,1233.71669272,1233.69989203,0.05074622,1546.48021812,0.01998470,0.01998471,27853,85,0
7175.32150123,7175.32200509,1241.42781345,1241.41272591,0.03188908,1546.71428212,0.01998470,0.01998471,27852,85,0
7175.57953526,7175.57965011,1249.14580316,1249.14236135,0.04614995,1546.94780084,0.01998471,0.01998471,27851,85,0
7175.83717418,7175.83731363,1256.87083567,1256.86665295,0.04619716,1547.18010290,0.01998471,0.01998471,27850,85,0
7176.09460771,7176.09499565,1264.60311626,1264.59147023,0.03456805,1547.41136583,0.01998471,0.01998471,27849,85,0
7176.35238995,7176.35269617,1272.34285139,1272.33365044,0.05364576,1547.64209001,0.01998471,0.01998471,27848,85,0
7176.61075598,7176.61041519,1280.09021985,1280.10046916,0.05019072,1547.87248363,0.01998471,0.01998471,27847,85,0
7176.86785495,7176.86815272,1287.84522543,1287.83626162,0.04756178,1548.10089680,0.01998471,0.01998471,27846,85,0
7177.12608440,7177.12590876,1295.60780541,1295.61309714,0.05289461,1548.32945541,0.01998471,0.01998471,27845,85,0
7177.38333776,7177.38368332,1303.37789654,1303.36747589,0.03206895,1548.55628941,0.01998471,0.01998471,27844,85,0
7177.64156754,7177.64147638,1311.15543494,1311.15818633,0.05161488,1548.78311564,0.01998471,0.01998471,27843,85,0
7177.89899336,7177.89928796,1318.94034759,1318.93144790,0.04476886,1549.00836439,0.01998471,0.01998471,27842,85,0
7178.15703795,7178.15711805,1326.73255044,1326.73012863,0.05124363,1549.23327622,0.01998471,0.01998471,27841,85,0
7178.41550063,7178.41496666,1334.53195828,1334.54811657,0.05232215,1549.45766562,0.01998471,0.01998471,27840,85,0
7178.67299338,7178.67283380,1342.33848540,1342.34331864,0.03537925,1549.68032517,0.01998471,0.01998471,27839,85,0
7178.93070754,7178.93071946,1350.15211482,1350.15175374,0.04643914,1549.90228568,0.01998471,0.01998471,27838,85,0
7179.18873716,7179.18862364,1357.97309583,1357.97654006,0.04919470,1550.12362966,0.01998471,0.01998471,27837,85,0
7179.44615462,7179.44654634,1365.80174325,1365.78984786,0.05287801,1550.34356888,0.01998471,0.01998471,27836,85,0
7179.70499019,7179.70448758,1373.63837368,1373.65365121,0.05319853,1550.56383974,0.01998471,0.01998471,27835,85,0
7179.96272562,7179.96244735,1381.48328292,1381.49174982,0.03078514,1550.78230269,0.01998471,0.01998471,27834,85,0
7180.22025840,7180.22042565,1389.33645188,1389.33135815,0.04848025,1550.99972127,0.01998471,0.01998471,27833,85,0
7180.47851049,7180.47842248,1397.19762872,1397.20031152,0.04847432,1551.21686103,0.01998471,0.01998471,27832,85,0
7180.73602860,7180.73643785,1405.06655471,1405.05406774,0.04081104,1551.43248992,0.01998471,0.01998471,27831,85,0
7180.99449964,7180.99447176,1412.94297024,1412.94382157,0.04601711,1551.64800916,0.01998471,0.01998471,27830,85,0
7181.25271122,7181.25252421,1420.82670580,1420.83242171,0.04678560,1551.86239666,0.01998471,0.01998471,27829,85,0
7181.51052487,7181.51059520,1428.71777326,1428.71562193,0.05197524,1552.07553838,0.01998471,0.01998471,27828,85,0
7181.76904511,7181.76868474,1436.61620607,1436.62723934,0.04856766,1552.28834385,0.01998471,0.01998471,27827,85,0
7182.02709900,7182.02679282,1444.52203788,1444.53142011,0.05004562,1552.49984427,0.01998471,0.01998471,27826,85,0
7182.28484910,7182.28491945,1452.43535810,1452.43320034,0.02971169,1552.71017647,0.01998471,0.01998471,27825,85,0
7182.54284641,7182.54306463,1460.35657272,1460.34987321,0.05136129,1552.91979815,0.01998471,0.01998471,27824,85,0
7182.80094368,7182.80122837,1468.28620177,1468.27745295,0.04964705,1553.12859837,0.01998471,0.01998471,27823,85,0
7183.05896717,7183.05941066,1476.22476848,1476.21112475,0.04331528,1553.33644674,0.01998471,0.01998471,27822,85,0
7183.31758607,7183.31761150,1484.17276296,1484.17197957,0.04821160,1553.54388881,0.01998471,0.01998471,27821,85,0
7183.57609895,7183.57583091,1492.12999696,1492.13826097,0.04679356,1553.75035078,0.01998471,0.01998471,27820,85,0
7183.83407901,7183.83406887,1500.09567475,1500.09598771,0.03873242,1553.95547097,0.01998471,0.01998471,27819,85,0
7184.09207678,7184.09232540,1508.06897466,1508.06129560,0.04663661,1554.15966550,0.01998471,0.01998471,27818,85,0
7184.35108822,7184.35060049,1516.04907296,1516.06414799,0.04231848,1554.36369297,0.01998471,0.01998471,27817,85,0
7184.60794839,7184.60889415,1524.03561205,1524.00635726,0.04779594,1554.56505504,0.01998471,0.01998471,27816,85,0
7184.86734486,7184.86720638,1532.02921310,1532.03350039,0.04501148,1554.76743743,0.01998471,0.01998471,27815,85,0
7185.12547603,7185.12553718,1540.03062351,1540.02872880,0.04019607,1554.96788291,0.01998471,0.01998471,27814,85,0
7185.38369886,7185.38388655,1548.04059523,1548.03477312,0.04189280,1555.16746725,0.01998471,0.01998471,27813,85,0
7185.64255731,7185.64225449,1556.05973209,1556.06913585,0.04039692,1555.36661847,0.01998471,0.01998471,27812,85,0
7185.90040692,7185.90064101,1564.08787303,1564.08059618,0.04845447,1555.56406579,0.01998471,0.01998471,27811,85,0
7186.15888953,7186.15904611,1572.12461470,1572.11974244,0.04329740,1555.76105498,0.01998471,0.01998471,27810,85,0
7186.41713498,7186.41746979,1580.16955115,1580.15912359,0.04640899,1555.95690745,0.01998471,0.01998471,27809,85,0
7186.67593795,7186.67591205,1588.22230497,1588.22311210,0.04778352,1556.15221165,0.01998471,0.01998471,27808,85,0
7186.93454485,7186.93437290,1596.28289258,1596.28825760,0.04474089,1556.34639416,0.01998471,0.01998471,27807,85,0
7187.19255301,7187.19285233,1604.35160392,1604.34225573,0.04642349,1556.53916085,0.01998471,0.01998471,27806,85,0
7187.45152221,7187.45135036,1612.42873613,1612.43410857,0.05130970,1556.73167885,0.01998471,0.01998471,27805,85,0
7187.71059423,7187.70986697,1620.51458389,1620.53734287,0.04951479,1556.92330778,0.01998471,0.01998471,27804,85,0
7187.96867043,7187.96840217,1628.60925299,1628.61765627,0.05379950,1557.11323892,0.01998471,0.01998471,27803,85,0
7188.22693683,7188.22695597,1636.71258733,1636.71198718,0.04356166,1557.30234245,0.01998471,0.01998471,27802,85,0
7188.48552719,7188.48552837,1644.82441069,1644.82437374,0.04169866,1557.49070584,0.01998471,0.01998471,27801,85,0
7188.74452896,7188.74411937,1652.94454586,1652.95741383,0.04360374,1557.67838108,0.01998471,0.01998471,27800,85,0
7189.00268946,7189.00272896,1661.07291963,1661.07167754,0.04540166,1557.86445792,0.01998471,0.01998471,27799,85,0
7189.26159441,7189.26135716,1669.20974178,1669.21720972,0.04667283,1558.05008129,0.01998471,0.01998471,27798,85,0
7189.51984115,7189.52000396,1677.35527072,1677.35014072,0.05637465,1558.23424748,0.01998471,0.01998471,27797,85,0
7189.77869842,7189.77866937,1685.50976647,1685.51068287,0.04756284,1558.41786384,0.01998471,0.01998471,27796,85,0
7190.03745240,7190.03735339,1693.67342463,1693.67655081,0.04297009,1558.60042182,0.01998471,0.01998471,27795,85,0
7190.29620274,7190.29605602,1701.84609306,1701.85073064,0.03988486,1558.78198525,0.01998471,0.01998471,27794,85,0
7190.55487466,7190.55477726,1710.02750369,1710.03058537,0.04022977,1558.96249252,0.01998471,0.01998471,27793,85,0
7190.81380197,7190.81351711,1718.21738666,1718.22640760,0.04098594,1559.14216610,0.01998471,0.01998471,27792,85,0
7191.07247209,7191.07227559,1726.41550131,1726.42173010,0.05570590,1559.32064162,0.01998471,0.01998471,27791,85,0
7191.33152161,7191.33105268,1734.62192456,1734.63680276,0.04772560,1559.49835591,0.01998471,0.01998471,27790,85,0
7191.59029272,7191.58984839,1742.83692183,1742.85103328,0.04331061,1559.67485941,0.01998471,0.01998471,27789,85,0
7191.84846029,7191.84866272,1751.06076260,1751.05432698,0.04150900,1559.84993777,0.01998471,0.01998471,27788,85,0
7192.10755084,7192.10749568,1759.29371042,1759.29546570,0.04488060,1560.02462627,0.01998471,0.01998471,27787,85,0
7192.36608303,7192.36634727,1767.53586405,1767.52744595,0.05170927,1560.19792233,0.01998471,0.01998471,27786,85,0
7192.62487698,7192.62521748,1775.78716167,1775.77630298,0.04463916,1560.37037236,0.01998471,0.01998471,27785,85,0
7192.88396866,7192.88410633,1784.04753442,1784.04313954,0.04746598,1560.54199181,0.01998471,0.01998471,27784,85,0
7193.14287105,7193.14301380,1792.31691304,1792.31235143,0.04395283,1560.71245228,0.01998471,0.01998471,27783,85,0
7193.40234499,7193.40193991,1800.59523292,1800.60819026,0.05150651,1560.88224735,0.01998471,0.01998471,27782,85,0
7193.66052330,7193.66088466,1808.88243669,1808.87086602,0.04241662,1561.05015472,0.01998471,0.01998471,27781,85,0
7193.91975600,7193.91984805,1817.17846723,1817.17551679,0.04181123,1561.21769935,0.01998471,0.01998471,27780,85,0
7194.17897907,7194.17883008,1825.48326727,1825.48804721,0.05293602,1561.38418244,0.01998471,0.01998471,27779,85,0
7194.43715216,7194.43783075,1833.79684248,1833.77504972,0.04483108,1561.54893880,0.01998471,0.01998471,27778,85,0
7194.69675176,7194.69685007,1842.11934287,1842.11618250,0.04349524,1561.71354585,0.01998471,0.01998471,27777,85,0
7194.95581917,7194.95588803,1850.45093941,1850.44872347,0.05259804,1561.87675579,0.01998471,0.01998471,27776,85,0
7195.21527890,7195.21494464,1858.79180416,1858.80257193,0.03935951,1562.03915144,0.01998471,0.01998471,27775,85,0
7195.47421731,7195.47401990,1867.14211281,1867.14847883,0.03723311,1562.20016130,0.01998471,0.01998471,27774,85,0
7195.73266361,7195.73311382,1875.50205052,1875.48751622,0.04834487,1562.35980932,0.01998471,0.01998471,27773,85,0
7195.99199487,7195.99222639,1883.87180539,1883.86432286,0.03708680,1562.51894328,0.01998471,0.01998471,27772,85,0
7196.25164921,7196.25135761,1892.25156673,1892.26100166,0.04981469,1562.67721041,0.01998471,0.01998471,27771,85,0
7196.51046297,7196.51050750,1900.64142652,1900.63998409,0.04493894,1562.83390214,0.01998471,0.01998471,27770,85,0
7196.76990252,7196.76967604,1909.04101625,1909.04836018,0.03385043,1562.98989648,0.01998471,0.01998471,27769,85,0
7197.02919563,7197.02886325,1917.44983014,1917.46061893,0.04793725,1563.14471276,0.01998471,0.01998471,27768,85,0
7197.28846545,7197.28806913,1925.86735896,1925.88023534,0.03828385,1563.29841245,0.01998471,0.01998471,27767,85,0
7197.54676394,7197.54729367,1934.29321394,1934.27598775,0.04891848,1563.45042928,0.01998471,0.01998471,27766,85,0
7197.80607481,7197.80653688,1942.72777665,1942.71273554,0.04601850,1563.60193383,0.01998471,0.01998471,27765,85,0
7198.06550511,7198.06579876,1951.17172874,1951.16215971,0.04154947,1563.75240559,0.01998471,0.01998471,27764,85,0
7198.32489001,7198.32507931,1959.62575704,1959.61958106,0.05041243,1563.90175661,0.01998471,0.01998471,27763,85,0
7198.58456148,7198.58437854,1968.09044743,1968.09642304,0.03625641,1564.05018250,0.01998471,0.01998471,27762,85,0
7198.84326652,7198.84369645,1976.56555308,1976.55149431,0.04801085,1564.19696256,0.01998471,0.01998471,27761,85,0
7199.10284400,7199.10303303,1985.05042707,1985.04423916,0.03479411,1564.34312519,0.01998471,0.01998471,27760,85,0
7199.36265425,7199.36238829,1993.54441560,1993.55313001,0.04765871,1564.48828782,0.01998471,0.01998471,27759,85,0
7199.62171636,7199.62176224,2002.04692403,2002.04541936,0.04275570,1564.63189189,0.01998471,0.01998471,27758,85,0
7199.88115532,7199.88115488,2010.55796316,2010.55797762,0.05101839,1564.77456007,0.01998471,0.01998471,27757,85,0
7200.14072528,7200.14056620,2019.07788275,2019.08311004,0.03849230,1564.91615603,0.01998471,0.01998471,27756,85,0
7200.39955924,7200.39999621,2027.60703859,2027.59266531,0.05293653,1565.05621287,0.01998471,0.01998471,27755,85,0
7200.65911887,7200.65944491,2036.14579082,2036.13505471,0.03866339,1565.19552353,0.01998471,0.01998471,27754,85,0
7200.91865088,7200.91891230,2044.69452331,2044.68590528,0.05362044,1565.33368120,0.01998471,0.01998471,27753,85,0
7201.17818878,7201.17839839,2053.25363562,2053.24671761,0.05535788,1565.47070598,0.01998471,0.01998471,27752,85,0
7201.43765041,7201.43790318,2061.82353027,2061.81517786,0.03717653,1565.60655687,0.01998471,0.01998471,27751,85,0
7201.69740595,7201.69742666,2070.40457754,2070.40389247,0.05069841,1565.74142741,0.01998471,0.01998471,27750,85,0
7201.95710519,7201.95696885,2078.99674142,2079.00125767,0.03579756,1565.87512885,0.01998471,0.01998471,27749,85,0
7202.21641787,7202.21652974,2087.59972082,2087.59601086,0.04934392,1566.00748467,0.01998471,0.01998471,27748,85,0
7202.47637147,7202.47610933,2096.21320805,2096.22191117,0.05051492,1566.13900829,0.01998471,0.01998471,27747,85,0
7202.73577473,7202.73570763,2104.83690659,2104.83913677,0.03684321,1566.26908741,0.01998471,0.01998471,27746,85,0
7202.99564187,7202.99532464,2113.47067481,2113.48123011,0.04521359,1566.39822468,0.01998471,0.01998471,27745,85,0
7203.25484165,7203.25496037,2122.11447181,2122.11051724,0.05407251,1566.52585442,0.01998471,0.01998471,27744,85,0
7203.51443255,7203.51461480,2130.76825802,2130.76218057,0.03833318,1566.65249483,0.01998471,0.01998471,27743,85,0
7203.77450098,7203.77428795,2139.43201216,2139.43912350,0.04489128,1566.77817749,0.01998471,0.01998471,27742,85,0
7204.03404154,7204.03397982,2148.10591613,2148.10797870,0.05269932,1566.90241519,0.01998471,0.01998471,27741,85,0
7204.29351374,7204.29369041,2156.79027844,2156.78436741,0.03864886,1567.02543194,0.01998471,0.01998471,27740,85,0
7204.55312852,7204.55341972,2165.48541161,2165.47565698,0.04505268,1567.14732708,0.01998471,0.01998471,27739,85,0
7204.81308635,7204.81316775,2174.19159973,2174.18886982,0.04424021,1567.26819064,0.01998471,0.01998471,27738,85,0
7205.07333197,7205.07293451,2182.90883539,2182.92218123,0.03502980,1567.38798763,0.01998471,0.01998471,27737,85,0
7205.33233189,7205.33272000,2191.63694745,2191.62390050,0.04631653,1567.50601170,0.01998471,0.01998471,27736,85,0
7205.59261562,7205.59252421,2200.37576175,2200.37883823,0.04406066,1567.62340817,0.01998471,0.01998471,27735,85,0
7205.85240618,7205.85234716,2209.12510055,2209.12708931,0.04847645,1567.73936304,0.01998471,0.01998471,27734,85,0
7206.11185233,7206.11218884,2217.88476688,2217.87341638,0.03921466,1567.85394145,0.01998471,0.01998471,27733,85,0
7206.37157646,7206.37204925,2226.65455373,2226.63858930,0.04730672,1567.96741160,0.01998471,0.01998471,27732,85,0
7206.63187384,7206.63192841,2235.43425248,2235.43240795,0.04385743,1568.07988935,0.01998471,0.01998471,27731,85,0
7206.89175140,7206.89182630,2244.22372324,2244.22118876,0.04970842,1568.19093842,0.01998471,0.01998471,27730,85,0
7207.15156023,7207.15174293,2253.02326542,2253.01707652,0.03150450,1568.30071181,0.01998471,0.01998471,27729,85,0
7207.41158719,7207.41167831,2261.83335082,2261.83026075,0.05448956,1568.40933102,0.01998471,0.01998471,27728,85,0
7207.67105589,7207.67163244,2270.65445504,2270.63487913,0.04887420,1568.51647531,0.01998471,0.01998471,27727,85,0
7207.93167470,7207.93160531,2279.48697773,2279.48933673,0.04596570,1568.62284581,0.01998471,0.01998471,27726,85,0
7208.19163580,7208.19159693,2288.33094784,2288.33227077,0.04395324,1568.72769641,0.01998471,0.01998471,27725,85,0
7208.45224288,7208.45160730,2297.18628476,2297.20794416,0.05001516,1568.83154700,0.01998471,0.01998471,27724,85,0
7208.71158580,7208.71163643,2306.05290717,2306.05117967,0.05211194,1568.93363493,0.01998471,0.01998471,27723,85,0
7208.97198368,7208.97168431,2314.93069673,2314.94092283,0.03333698,1569.03486829,0.01998471,0.01998471,27722,85,0
7209.23136831,7209.23175095,2323.81941207,2323.80632641,0.04869801,1569.13443513,0.01998471,0.01998471,27721,85,0
7209.49157520,7209.49183635,2332.71878437,2332.70984361,0.04932159,1569.23303365,0.01998471,0.01998471,27720,85,0
7209.75163759,7209.75194051,2341.62854379,2341.61816179,0.04394011,1569.33028487,0.01998471,0.01998471,27719,85,0
7210.01217585,7210.01206344,2350.54868576,2350.55254285,0.04133001,1569.42641365,0.01998471,0.01998471,27718,85,0
7210.27223592,7210.27220513,2359.47981953,2359.48087729,0.04004504,1569.52106983,0.01998471,0.01998471,27717,85,0
7210.53242699,7210.53236559,2368.42264474,2368.42475670,0.04276464,1569.61448009,0.01998471,0.01998471,27716,85,0
7210.79262069,7210.79254482,2377.37785820,2377.38047145,0.04049354,1569.70659926,0.01998471,0.01998471,27715,85,0
7211.05268649,7211.05274282,2386.34569702,2386.34375413,0.04208512,1569.79737887,0.01998471,0.01998471,27714,85,0
7211.31361166,7211.31295960,2395.32569153,2395.34820806,0.04174069,1569.88714771,0.01998471,0.01998471,27713,85,0
7211.57369163,7211.57319515,2404.31730884,2404.33447313,0.04330397,1569.97530857,0.01998471,0.01998471,27712,85,0
7211.83336950,7211.83344948,2413.32002770,2413.31725940,0.04394111,1570.06201096,0.01998471,0.01998471,27711,85,0
7212.09374873,7212.09372259,2422.33367181,2422.33457767,0.04202826,1570.14761441,0.01998471,0.01998471,27710,85,0
7212.35417000,7212.35401448,2431.35840491,2431.36380015,0.04509713,1570.23189308,0.01998471,0.01998471,27709,85,0
7212.61435023,7212.61432516,2440.39440618,2440.39527696,0.04233245,1570.31475354,0.01998471,0.01998471,27708,85,0
7212.87442963,7212.87465462,2449.44187526,2449.43405090,0.04075899,1570.39623981,0.01998471,0.01998471,27707,85,0
7213.13535981,7213.13500288,2458.50121345,2458.51364157,0.04136453,1570.47664261,0.01998471,0.01998471,27706,85,0
7213.39544384,7213.39536992,2467.57294451,2467.57552191,0.04355439,1570.55543815,0.01998471,0.01998471,27705,85,0
7213.65570997,7213.65575575,2476.65759779,2476.65599937,0.04250494,1570.63294197,0.01998471,0.01998471,27704,85,0
7213.91616620,7213.91616038,2485.75553207,2485.75573545,0.04673878,1570.70915065,0.01998471,0.01998471,27703,85,0
7214.17656614,7214.17658381,2494.86617018,2494.86555164,0.04440266,1570.78398030,0.01998471,0.01998471,27702,85,0
7214.43684376,7214.43702603,2503.98861645,2503.98222858,0.05465934,1570.85740045,0.01998471,0.01998471,27701,85,0
7214.69712992,7214.69748705,2513.12196839,2513.10943851,0.04507880,1570.92943650,0.01998471,0.01998471,27700,85,0
7214.95849259,7214.95796688,2522.26570488,2522.28416943,0.04611738,1571.00036640,0.01998471,0.01998471,27699,85,0
7215.21854573,7215.21846551,2531.42036758,2531.42318855,0.04360684,1571.06954385,0.01998471,0.01998471,27698,85,0
7215.47914840,7215.47898295,2540.58668394,2540.59250908,0.03978524,1571.13746989,0.01998471,0.01998471,27697,85,0
7215.73924010,7215.73951919,2549.76537866,2549.75553967,0.04422275,1571.20386769,0.01998471,0.01998471,27696,85,0
7216.00037878,7216.00007425,2558.95678995,2558.96753953,0.05317050,1571.26912734,0.01998471,0.01998471,27695,85,0
7216.26055915,7216.26064812,2568.16070821,2568.15756381,0.04313156,1571.33273973,0.01998471,0.01998471,27694,85,0
7216.52136340,7216.52124080,2577.37688088,2577.38121939,0.04003670,1571.39508699,0.01998471,0.01998471,27693,85,0
7216.78159570,7216.78185230,2586.60507308,2586.59598111,0.04136897,1571.45587569,0.01998471,0.01998471,27692,85,0
7217.04267416,7217.04248262,2595.84530789,2595.85210282,0.05046287,1571.51542945,0.01998471,0.01998471,27691,85,0
7217.30309825,7217.30313177,2605.09779185,2605.09660156,0.04684002,1571.57340017,0.01998471,0.01998471,27690,85,0
7217.56387830,7217.56379973,2614.36273694,2614.36553148,0.04139957,1571.63001086,0.01998471,0.01998471,27689,85,0
7217.82449918,7217.82448652,2623.64036003,2623.64081102,0.03802805,1571.68514357,0.01998471,0.01998471,27688,85,0
7218.08503559,7218.08519213,2632.93089643,2632.92531413,0.05529370,1571.73881163,0.01998471,0.01998471,27687,85,0
7218.34611921,7218.34591658,2642.23458869,2642.24182427,0.04444085,1571.79113665,0.01998471,0.01998471,27686,85,0
7218.60664555,7218.60665985,2651.55168054,2651.55116931,0.04332210,1571.84189257,0.01998471,0.01998471,27685,85,0
7218.86701252,7218.86742196,2660.88228575,2660.86762516,0.05129680,1571.89115727,0.01998471,0.01998471,27684,85,0
7219.12779981,7219.12820290,2670.22623612,2670.21178350,0.04018984,1571.93903111,0.01998471,0.01998471,27683,85,0
7219.38883805,7219.38900268,2679.58332538,2679.57741480,0.03788971,1571.98547009,0.01998471,0.01998471,27682,85,0
7219.65030506,7219.64982130,2688.95335738,2688.97074776,0.05022367,1572.03049295,0.01998471,0.01998471,27681,85,0
7219.91067454,7219.91065877,2698.33636918,2698.33693683,0.04159804,1572.07383673,0.01998471,0.01998471,27680,85,0
7220.17156023,7220.17151507,2707.73261383,2707.73424153,0.05430955,1572.11577012,0.01998471,0.01998471,27679,85,0
7220.43273480,7220.43239022,2717.14235444,2717.15479184,0.03586514,1572.15624453,0.01998471,0.01998471,27678,85,0
7220.69336857,7220.69328422,2726.56577774,2726.56882671,0.04089424,1572.19512800,0.01998471,0.01998471,27677,85,0
7220.95384200,7220.95419706,2736.00260658,2735.98975600,0.05012245,1572.23247587,0.01998471,0.01998471,27676,85,0
7221.21522412,7221.21512876,2745.45239053,2745.45584621,0.03998925,1572.26842692,0.01998471,0.01998471,27675,85,0
7221.47638878,7221.47607931,2754.91467709,2754.92590552,0.04753187,1572.30281250,0.01998471,0.01998471,27674,85,0
7221.73712859,7221.73704872,2764.38934018,2764.39224180,0.03726273,1572.33560465,0.01998471,0.01998471,27673,85,0
7221.99793973,7221.99803698,2773.87693817,2773.87340044,0.04662560,1572.36686491,0.01998471,0.01998471,27672,85,0
7222.25918059,7222.25904411,2783.37811940,2783.38309103,0.04121911,1572.39662766,0.01998471,0.01998471,27671,85,0
7222.52005110,7222.52007009,2792.89350819,2792.89281536,0.04929376,1572.42479660,0.01998471,0.01998471,27670,85,0
7222.78117135,7222.78111494,2802.42329461,2802.42535526,0.03650211,1572.45143352,0.01998471,0.01998471,27669,85,0
7223.04241077,7223.04217866,2811.96733238,2811.97582394,0.05189985,1572.47651457,0.01998471,0.01998471,27668,85,0
7223.30357008,7223.30326124,2821.52546523,2821.53677973,0.03687836,1572.50001308,0.01998471,0.01998471,27667,85,0
7223.56465003,7223.56436269,2831.09755775,2831.10809913,0.04173832,1572.52192355,0.01998471,0.01998471,27666,85,0
7223.82522935,7223.82548302,2840.68356414,2840.67424550,0.04194435,1572.54220916,0.01998471,0.01998471,27665,85,0
7224.08628677,7224.08662221,2850.28346126,2850.27112128,0.05169405,1572.56093964,0.01998471,0.01998471,27664,85,0
7224.34768361,7224.34778029,2859.89722361,2859.89366229,0.04537614,1572.57809087,0.01998471,0.01998471,27663,85,0
7224.60894006,7224.60895724,2869.52474772,2869.52411397,0.05199542,1572.59362274,0.01998471,0.01998471,27662,85,0
7224.87063368,7224.87015307,2879.16582982,2879.18358131,0.04098410,1572.60755993,0.01998472,0.01998471,27661,85,0
7225.13152682,7225.13136779,2888.82025778,2888.82613952,0.04903184,1572.61983318,0.01998471,0.01998471,27660,85,0
7225.39273685,7225.39260139,2898.48790272,2898.49291929,0.03418238,1572.63049303,0.01998471,0.01998471,27659,85,0
7225.65404441,7225.65385387,2908.16919522,2908.17626093,0.05070598,1572.63952070,0.01998471,0.01998471,27658,85,0
7225.91487604,7225.91512524,2917.86479617,2917.85554158,0.04702700,1572.64689382,0.01998471,0.01998471,27657,85,0
7226.17652658,7226.17641551,2927.57536836,2927.57949928,0.04828017,1572.65263919,0.01998471,0.01998471,27656,85,0
7226.43755112,7226.43772466,2937.30119149,2937.29472764,0.04224752,1572.65671610,0.01998471,0.01998471,27655,85,0
7226.69913247,7226.69905271,2947.04186281,2947.04483802,0.04904568,1572.65913620,0.01998471,0.01998471,27654,85,0
7226.96022433,7226.96039966,2956.79690624,2956.79035748,0.04708777,1572.65988197,0.01998471,0.01998471,27653,85,0
7227.22187560,7227.22176550,2966.56591738,2966.57003543,0.05180240,1572.65894883,0.01998471,0.01998471,27652,85,0
7227.48312244,7227.48315025,2976.34914136,2976.34809995,0.03504010,1572.65633187,0.01998471,0.01998471,27651,85,0
7227.74448284,7227.74455389,2986.14715811,2986.14449271,0.04703723,1572.65202150,0.01998471,0.01998471,27650,85,0
7228.00581949,7228.00597645,2995.96055351,2995.95465697,0.04760682,1572.64601150,0.01998471,0.01998471,27649,85,0
7228.26731427,7228.26741790,3005.78967536,3005.78577598,0.05116542,1572.63828854,0.01998471,0.01998471,27648,85,0
7228.52895579,7228.52887827,3015.63438967,3015.63731066,0.04382947,1572.62884238,0.01998471,0.01998471,27647,85,0
7228.79016517,7228.79035755,3025.49450367,3025.48724371,0.03457561,1572.61768931,0.01998471,0.01998471,27646,85,0
7229.05131484,7229.05185574,3035.36985799,3035.34941613,0.04750343,1572.60481097,0.01998471,0.01998471,27645,85,0
7229.31287943,7229.31337285,3045.26060304,3045.24192780,0.05485803,1572.59017272,0.01998471,0.01998471,27644,85,0
7229.57484068,7229.57490887,3055.16705256,3055.16446784,0.04588858,1572.57375930,0.01998471,0.01998471,27643,85,0
7229.83659596,7229.83646381,3065.08952068,3065.09453796,0.04543094,1572.55559820,0.01998471,0.01998471,27642,85,0
7230.09785246,7230.09803767,3075.02794870,3075.02090635,0.04441876,1572.53570903,0.01998471,0.01998471,27641,85,0
7230.35958164,7230.35963046,3084.98158651,3084.97972750,0.04701887,1572.51401188,0.01998471,0.01998471,27640,85,0
7230.62081394,7230.62124217,3094.94960269,3094.93327546,0.04918084,1572.49058189,0.01998471,0.01998471,27639,85,0
7230.88253882,7230.88287281,3104.93133993,3104.91858927,0.04765592,1572.46532498,0.01998471,0.01998471,27638,85,0
7231.14467654,7231.14452238,3114.92742647,3114.93332045,0.04710156,1572.43823106,0.01998471,0.01998471,27637,85,0
7231.40640168,7231.40619087,3124.93905511,3124.94712714,0.04194993,1572.40937477,0.01998471,0.01998471,27636,85,0
7231.66794444,7231.66787831,3134.96741608,3134.96995252,0.04575379,1572.37872541,0.01998471,0.01998471,27635,85,0
7231.92966273,7231.92958467,3145.01298237,3145.01598092,0.04742610,1572.34623115,0.01998471,0.01998471,27634,85,0
7232.19137294,7232.19130998,3155.07521755,3155.07764016,0.04330838,1572.31190628,0.01998471,0.01998471,27633,85,0
7232.45315917,7232.45305422,3165.15350500,3165.15754901,0.04447204,1572.27573295,0.01998471,0.01998471,27632,85,0
7232.71444475,7232.71481741,3175.24738224,3175.23300156,0.04907954,1572.23778908,0.01998471,0.01998471,27631,85,0
7232.97664977,7232.97659954,3185.35711838,3185.35905979,0.05251589,1572.19785510,0.01998471,0.01998471,27630,85,0
7233.23831400,7233.23840061,3195.48319630,3195.47984362,0.05300275,1572.15613938,0.01998471,0.01998471,27629,85,0
7233.49997002,7233.50022063,3205.62607895,3205.61636256,0.04996546,1572.11255262,0.01998471,0.01998471,27628,85,0
7233.76212895,7233.76205961,3215.78578790,3215.78848062,0.04269635,1572.06699576,0.01998471,0.01998471,27627,85,0
7234.02367714,7234.02391753,3225.96195592,3225.95260680,0.04379823,1572.01965672,0.01998471,0.01998471,27626,85,0
7234.28595719,7234.28579441,3236.15419978,3236.16053981,0.04510480,1571.97028473,0.01998472,0.01998471,27625,85,0
7234.54742659,7234.54769024,3246.36237410,3246.35208975,0.04324913,1571.91916362,0.01998471,0.01998471,27624,85,0
7234.80902720,7234.80960503,3256.58691996,3256.56434494,0.04926313,1571.86610629,0.01998471,0.01998471,27623,85,0
7235.07154511,7235.07153879,3266.82837034,3266.82861776,0.04563543,1571.81093055,0.01998471,0.01998471,27622,85,0
7235.33303878,7235.33349150,3277.08720794,3277.06946355,0.03986749,1571.75403433,0.01998471,0.01998471,27621,85,0
7235.59569662,7235.59546318,3287.36351768,3287.37268218,0.05288958,1571.69493048,0.01998472,0.01998471,27620,85,0
7235.85773013,7235.85745382,3297.65720738,3297.66807236,0.04558040,1571.63400703,0.01998472,0.01998471,27619,85,0
7236.11894260,7236.11946343,3307.96818366,3307.94767081,0.03531151,1571.57131762,0.01998471,0.01998471,27618,85,0
7236.38155609,7236.38149202,3318.29637050,3318.29889822,0.04991464,1571.50631403,0.01998471,0.01998471,27617,85,0
7236.64318178,7236.64353957,3328.64171149,3328.62757530,0.04923114,1571.43957444,0.01998471,0.01998471,27616,85,0
7236.90539181,7236.90560610,3339.00415081,3338.99567075,0.04159187,1571.37069393,0.01998471,0.01998471,27615,85,0
7237.16718006,7237.16769161,3349.38378762,3349.36351212,0.04978850,1571.29992548,0.01998471,0.01998471,27614,85,0
7237.42975871,7237.42979609,3359.78114296,3359.77965879,0.03743245,1571.22692460,0.01998471,0.01998471,27613,85,0
7237.69238533,7237.69191956,3370.19681349,3370.21533733,0.04048646,1571.15187442,0.01998472,0.01998471,27612,85,0
7237.95400597,7237.95406200,3380.63130029,3380.62906805,0.05047645,1571.07507403,0.01998471,0.01998471,27611,85,0
7238.21626043,7238.21622344,3391.08441446,3391.08589051,0.04027283,1570.99603806,0.01998471,0.01998471,27610,85,0
7238.47856501,7238.47840386,3401.55567376,3401.56211530,0.04663742,1570.91492847,0.01998472,0.01998472,27609,85,0
7238.74061156,7238.74060326,3412.04460900,3412.04494106,0.03780696,1570.83183730,0.01998472,0.01998472,27608,85,0
7239.00276813,7239.00282166,3422.55112297,3422.54897622,0.04785551,1570.74664118,0.01998471,0.01998472,27607,85,0
7239.26510885,7239.26505906,3433.07546244,3433.07746245,0.03837527,1570.65930129,0.01998472,0.01998472,27606,85,0
7239.52754871,7239.52731544,3443.61788947,3443.62727425,0.04408052,1570.56983098,0.01998472,0.01998472,27605,85,0
7239.78985927,7239.78959083,3454.17869058,3454.18950897,0.05153441,1570.47829648,0.01998472,0.01998472,27604,85,0
7240.05197751,7240.05188521,3464.75819618,3464.76192214,0.04385450,1570.38471107,0.01998472,0.01998472,27603,85,0
7240.31453658,7240.31419859,3475.35674452,3475.37041265,0.04894998,1570.28883272,0.01998472,0.01998472,27602,85,0
7240.57678929,7240.57653098,3485.97456248,3485.98502630,0.04098585,1570.19092050,0.01998472,0.01998472,27601,85,0
7240.83884761,7240.83888238,3496.61143361,3496.61002272,0.04634944,1570.09093061,0.01998472,0.01998472,27600,85,0
7241.10121245,7241.10125278,3507.26703088,3507.26539167,0.05132005,1569.98866364,0.01998472,0.01998472,27599,85,0
7241.36376589,7241.36364219,3517.94102279,3517.94605920,0.03520716,1569.88415279,0.01998472,0.01998472,27598,85,0
7241.62623942,7241.62605061,3528.63306829,3528.64076753,0.04841664,1569.77749727,0.01998472,0.01998472,27597,85,0
7241.88837505,7241.88847804,3539.34281963,3539.33861332,0.04638532,1569.66880113,0.01998472,0.01998472,27596,85,0
7242.15098217,7242.15092449,3550.06998960,3550.07234867,0.04033940,1569.55772068,0.01998472,0.01998472,27595,85,0
7242.41285189,7242.41338996,3560.81542219,3560.79337415,0.04689108,1569.44475247,0.01998471,0.01998472,27594,85,0
7242.67618009,7242.67587445,3571.58094053,3571.59348775,0.04600711,1569.32891054,0.01998472,0.01998472,27593,85,0
7242.93822466,7242.93837796,3582.36838746,3582.36208117,0.04500740,1569.21136794,0.01998471,0.01998472,27592,85,0
7243.20106198,7243.20090050,3593.17810433,3593.18475998,0.05097220,1569.09118396,0.01998472,0.01998472,27591,85,0
7243.45151573,nan,0.00000000,3603.52813199,0.40503765,1568.97440114,0.01998468,0.01998472,27590,85,1
7243.72641543,7243.72600264,3614.85682281,3614.87389123,0.04107475,1568.84414117,0.01998472,0.01998472,27589,85,0
7243.98882590,7243.98858226,3625.72301330,3625.73310404,0.05223320,1568.71735120,0.01998472,0.01998472,27588,85,0
7244.25115290,7244.25118091,3636.60893997,3636.60777743,0.04657957,1568.58830678,0.01998471,0.01998472,27587,85,0
7244.51401919,7244.51379860,3647.51715330,3647.52632552,0.03553465,1568.45665388,0.01998472,0.01998472,27586,85,0
7244.77681113,7244.77643532,3658.44936901,3658.46502823,0.04332085,1568.32266027,0.01998472,0.01998472,27585,85,0
7245.03955211,7245.03909108,3669.40411222,3669.42335862,0.04680906,1568.18632108,0.01998472,0.01998472,27584,85,0
7245.30179233,7245.30176588,3680.37914514,3680.38025136,0.03630599,1568.04789331,0.01998472,0.01998472,27583,85,0
7245.56464190,7245.56445972,3691.37266926,3691.38029927,0.04443005,1567.90680168,0.01998472,0.01998472,27582,85,0
7245.82755868,7245.82717261,3702.38551570,3702.40171432,0.04352838,1567.76330713,0.01998472,0.01998472,27581,85,0
7246.09028426,7246.08990454,3713.41946290,3713.43542542,0.04648495,1567.61751815,0.01998472,0.01998472,27580,85,0
7246.35286408,7246.35265553,3724.47608775,3724.48487257,0.04850696,1567.46938132,0.01998472,0.01998472,27579,85,0
7246.61528974,7246.61542556,3735.55510893,3735.54937711,0.05033009,1567.31889691,0.01998472,0.01998472,27578,85,0
7246.87773670,7246.87821465,3746.65530090,3746.63509467,0.04352057,1567.16597082,0.01998472,0.01998472,27577,85,0
7247.14091085,7247.14102279,3757.77550530,3757.77076472,0.04200327,1567.01018596,0.01998472,0.01998472,27576,85,0
7247.40390656,7247.40384999,3768.91562347,3768.91802337,0.06254484,1566.85206119,0.01998472,0.01998472,27575,85,0
7247.66729051,7247.66669624,3780.07626960,3780.10152560,0.04533015,1566.69123290,0.01998472,0.01998472,27574,85,0
7247.92919243,7247.92956156,3791.25806447,3791.24234773,0.04587366,1566.52883813,0.01998472,0.01998472,27573,85,0
7248.19224026,7248.19244594,3802.46141314,3802.45263920,0.04769546,1566.36323441,0.01998472,0.01998472,27572,85,0
7248.45533509,7248.45534939,3813.68653915,3813.68592794,0.05998170,1566.19508120,0.01998472,0.01998472,27571,85,0
7248.71812458,7248.71827191,3824.93365694,3824.92734897,0.05341401,1566.02459198,0.01998472,0.01998472,27570,85,0
7248.98119065,7248.98121349,3836.20285167,3836.20187193,0.04616191,1565.85137603,0.01998472,0.01998472,27569,85,0
7249.24407840,7249.24417414,3847.49407826,3847.48996310,0.03941383,1565.67571981,0.01998472,0.01998472,27568,85,0
7249.50751691,7249.50715387,3858.80730616,3858.82293834,0.04506000,1565.49711881,0.01998472,0.01998472,27567,85,0
7249.77013827,7249.77015268,3870.14311447,3870.14249278,0.04701239,1565.31648269,0.01998472,0.01998472,27566,85,0
7250.03321438,7250.03317056,3881.50277993,3881.50467442,0.04477744,1565.13290852,0.01998472,0.01998472,27565,85,0
7250.29626264,7250.29620752,3892.88759262,3892.88998074,0.04253205,1564.94669194,0.01998472,0.01998472,27564,85,0
7250.55990647,7250.55926357,3904.29752719,3904.32544108,0.04173523,1564.75736910,0.01998472,0.01998472,27563,85,0
7250.82286233,7250.82233870,3915.73092545,3915.75370423,0.05179665,1564.56587680,0.01998472,0.01998472,27562,85,0
7251.08592729,7251.08543291,3927.18605976,3927.20760405,0.03817894,1564.37165949,0.01998472,0.01998472,27561,85,0
7251.34857226,7251.34854621,3938.66304658,3938.66418405,0.03736838,1564.17509812,0.01998472,0.01998472,27560,85,0
7251.61137199,7251.61167861,3950.16436578,3950.15094907,0.04999563,1563.97571105,0.01998472,0.01998472,27559,85,0
7251.87503740,7251.87483009,3961.69260408,3961.70169679,0.04248236,1563.77288339,0.01998472,0.01998472,27558,85,0
7252.13842714,7252.13800067,3973.24772635,3973.26647102,0.03788239,1563.56746889,0.01998472,0.01998472,27557,85,0
7252.40173324,7252.40119035,3984.82639195,3984.85029688,0.04948663,1563.35936845,0.01998472,0.01998472,27556,85,0
7252.66405163,7252.66439912,3996.42512438,3996.40979960,0.03408636,1563.14936307,0.01998472,0.01998472,27555,85,0
7252.92769740,7252.92762700,4008.04389162,4008.04700203,0.05170243,1562.93558322,0.01998472,0.01998472,27554,85,0
7253.19112641,7253.19087397,4019.68673233,4019.69790966,0.04733313,1562.71917682,0.01998472,0.01998472,27553,85,0
7253.45415674,7253.45414006,4031.35782474,4031.35856523,0.04048707,1562.50021039,0.01998472,0.01998472,27552,85,0
7253.71751024,7253.71742524,4043.05790323,4043.06168444,0.04414747,1562.27805380,0.01998472,0.01998472,27551,85,0
7253.98105711,7253.98072954,4054.78406584,4054.79866843,0.04495918,1562.05284703,0.01998472,0.01998472,27550,85,0
7254.24451840,7254.24405295,4066.53332647,4066.55411291,0.04009125,1561.82486975,0.01998472,0.01998472,27549,85,0
7254.50716616,7254.50739547,4078.30497493,4078.29471463,0.04389084,1561.59476692,0.01998472,0.01998472,27548,85,0
nan,nan,0.00000000,-1.00000000,0.00000000,1561.36295545,nan,0.00000000,-2147483648,85,1
nan,nan,0.00000000,-1.00000000,0.00000000,1558.50885445,nan,0.00000000,-2147483648,84,1
7216.26191935,7216.26064812,10.23037285,10.26345228,0.05840219,1558.88887088,0.01998472,0.01998471,27694,84,0
7216.52136966,7216.52124080,17.01365900,17.01701416,0.06790265,1559.24136479,0.01998471,0.01998471,27693,84,0
7216.78189741,7216.78185230,23.80202711,23.80320232,0.03992006,1559.59474097,0.01998471,0.01998471,27692,84,0
7217.04129107,7217.04248262,30.59555466,30.56448510,0.04801066,1559.94600227,0.01998471,0.01998471,27691,84,0
7217.30257878,7217.30313177,37.39431717,37.37988819,0.03593259,1560.29924904,0.01998471,0.01998471,27690,84,0
7217.56341051,7217.56379973,44.19827935,44.18811645,0.05497741,1560.65129586,0.01998471,0.01998471,27689,84,0
7217.82453088,7217.82448652,51.00724753,51.00840653,0.02734896,1561.00313665,0.01998471,0.01998471,27688,84,0
7218.08357692,7218.08519213,57.82101512,57.77878732,0.06241405,1561.35158149,0.01998471,0.01998471,27687,84,0
7218.34621788,7218.34591658,64.63937457,64.64725650,0.04301190,1561.70423854,0.01998472,0.01998471,27686,84,0
7218.60685940,7218.60665985,71.46211979,71.46734281,0.04309348,1562.05357836,0.01998471,0.01998471,27685,84,0
7218.86753982,7218.86742196,78.28920490,78.29229146,0.05681864,1562.40233635,0.01998471,0.01998471,27684,84,0
7219.12865824,7219.12820290,85.12084678,85.13277877,0.05129284,1562.75105446,0.01998472,0.01998471,27683,84,0
7219.38978166,7219.38900268,91.95728746,91.97771378,0.04124293,1563.09916374,0.01998472,0.01998471,27682,84,0
7219.64935737,7219.64982130,98.79877007,98.78659659,0.06347347,1563.44461038,0.01998471,0.01998471,27681,84,0
7219.91059163,7219.91065877,105.64553763,105.64377476,0.04278233,1563.79167160,0.01998471,0.01998471,27680,84,0
7220.17226872,7220.17151507,112.49773324,112.51753721,0.03877088,1564.13873063,0.01998472,0.01998471,27679,84,0
7220.43311265,7220.43239022,119.35532077,119.37431800,0.04285826,1564.48409288,0.01998472,0.01998471,27678,84,0
7220.69461803,7220.69328422,126.21824534,126.25334413,0.04617323,1564.82973329,0.01998472,0.01998471,27677,84,0
7220.95504600,7220.95419706,133.08645181,133.10880665,0.06036883,1565.17335050,0.01998472,0.01998471,27676,84,0
7221.21495283,7221.21512876,139.95988470,139.95524890,0.03791822,1565.51567954,0.01998471,0.01998471,27675,84,0
7221.47496467,7221.47607931,146.83847736,146.80908598,0.05997981,1565.85754159,0.01998471,0.01998471,27674,84,0
7221.73629014,7221.73704872,153.72214263,153.70212681,0.04728912,1566.20051480,0.01998471,0.01998471,27673,84,0
7221.99748509,7221.99803698,160.61079078,160.59621928,0.05019274,1566.54269355,0.01998471,0.01998471,27672,84,0
7222.25973304,7222.25904411,167.50433168,167.52253299,0.03480527,1566.88561887,0.01998472,0.01998471,27671,84,0
7222.52049680,7222.52007009,174.40267586,174.41395624,0.03952524,1567.22596861,0.01998471,0.01998471,27670,84,0
7222.78144634,7222.78111494,181.30583919,181.31460568,0.04406930,1567.56592643,0.01998471,0.01998471,27669,84,0
7223.04276478,7223.04217866,188.21403044,188.22954549,0.05261347,1567.90573756,0.01998472,0.01998471,27668,84,0
7223.30405782,7223.30326124,195.12747985,195.14858075,0.05977848,1568.24489774,0.01998472,0.01998471,27667,84,0
7223.56466811,7223.56436269,202.04641869,202.05451510,0.06120520,1568.58256578,0.01998471,0.01998471,27666,84,0
7223.82598041,7223.82548302,208.97107721,208.98427263,0.03626926,1568.92054521,0.01998471,0.01998471,27665,84,0
7224.08704092,7224.08662221,215.90152431,215.91264067,0.05569045,1569.25760232,0.01998471,0.01998471,27664,84,0
7224.34797146,7224.34778029,222.83755125,222.84263035,0.05863460,1569.59388366,0.01998471,0.01998471,27663,84,0
7224.60803254,7224.60895724,229.77892109,229.75433671,0.05371593,1569.92842649,0.01998471,0.01998471,27662,84,0
7224.86921939,7224.87015307,236.72539581,236.70055672,0.05251819,1570.26378343,0.01998471,0.01998471,27661,84,0
7225.13059137,7225.13136779,243.67673905,243.65607099,0.04517691,1570.59872889,0.01998471,0.01998471,27660,84,0
7225.39297077,7225.39260139,250.63287274,250.64271192,0.04624188,1570.93430680,0.01998471,0.01998471,27659,84,0
7225.65469057,7225.65385387,257.59396210,257.61626334,0.04823597,1571.26839016,0.01998472,0.01998471,27658,84,0
7225.91507936,7225.91512524,264.56019360,264.55896970,0.03395317,1571.60013660,0.01998471,0.01998471,27657,84,0
7226.17617256,7226.17641551,271.53175458,271.52527004,0.03372321,1571.93214887,0.01998471,0.01998471,27656,84,0
7226.43843254,7226.43772466,278.50883108,278.52773885,0.04377834,1572.26501523,0.01998472,0.01998471,27655,84,0
7226.69884918,7226.69905271,285.49152622,285.48608580,0.04141804,1572.59492064,0.01998471,0.01998471,27654,84,0
7226.95995251,7226.96039966,292.47983463,292.46787370,0.03407283,1572.92507228,0.01998471,0.01998471,27653,84,0
7227.22172666,7227.22176550,299.47374361,299.47270397,0.04370163,1573.25544276,0.01998471,0.01998471,27652,84,0
7227.48305607,7227.48315025,306.47324037,306.47071753,0.04100844,1573.58462089,0.01998471,0.01998471,27651,84,0
7227.74397320,7227.74455389,313.47831274,313.46274566,0.03943722,1573.91264827,0.01998471,0.01998471,27650,84,0
7228.00561623,7228.00597645,320.48896569,320.47930209,0.04678277,1574.24095307,0.01998471,0.01998471,27649,84,0
7228.26671971,7228.26741790,327.50522234,327.48647819,0.04401735,1574.56794597,0.01998471,0.01998471,27648,84,0
7228.52819068,7228.52887827,334.52710681,334.50863390,0.04227521,1574.89476280,0.01998471,0.01998471,27647,84,0
7228.79052128,7228.79035755,341.55464329,341.55904542,0.04271306,1575.22201344,0.01998471,0.01998471,27646,84,0
7229.05113026,7229.05185574,348.58785216,348.56833258,0.03895287,1575.54648005,0.01998471,0.01998471,27645,84,0
7229.31308808,7229.31337285,355.62668929,355.61902183,0.03658480,1575.87198292,0.01998471,0.01998471,27644,84,0
7229.57452304,7229.57490887,362.67105756,362.66066166,0.04202734,1576.19618693,0.01998471,0.01998471,27643,84,0
7229.83553050,7229.83646381,369.72085780,369.69569327,0.04496980,1576.51920750,0.01998471,0.01998471,27642,84,0
7230.09777697,7230.09803767,376.77599038,376.76895641,0.04450046,1576.84309767,0.01998471,0.01998471,27641,84,0
7230.35938162,7230.35963046,383.83636754,383.82964917,0.05870048,1577.16552644,0.01998471,0.01998471,27640,84,0
7230.62040565,7230.62124217,390.90203136,390.87943054,0.04886898,1577.48657409,0.01998471,0.01998471,27639,84,0
7230.88264571,7230.88287281,397.97310226,397.96696238,0.06269127,1577.80845173,0.01998471,0.01998471,27638,84,0
7231.14473048,7231.14452238,405.04970229,405.05533269,0.05982665,1578.12947584,0.01998471,0.01998471,27637,84,0
7231.40689842,7231.40619087,412.13195405,412.15111132,0.04886393,1578.44994250,0.01998472,0.01998471,27636,84,0
7231.66857805,7231.66787831,419.21996714,419.23892740,0.05260999,1578.76915772,0.01998472,0.01998471,27635,84,0
7231.92955492,7231.92958467,426.31376018,426.31295327,0.04302980,1579.08686323,0.01998471,0.01998471,27634,84,0
7232.19140048,7232.19130998,433.41331412,433.41577000,0.03795701,1579.40496869,0.01998471,0.01998471,27633,84,0
7232.45335975,7232.45305422,440.51860966,440.52690642,0.03431662,1579.72255035,0.01998472,0.01998471,27632,84,0
7232.71412230,7232.71481741,447.62962743,447.61073744,0.03858037,1580.03802090,0.01998471,0.01998471,27631,84,0
7232.97569073,7232.97659954,454.74635189,454.72163642,0.04763291,1580.35380194,0.01998471,0.01998471,27630,84,0
7233.23739893,7233.23840061,461.86878417,461.84152304,0.04965829,1580.66908382,0.01998471,0.01998471,27629,84,0
7233.50021736,7233.50022063,468.99692974,468.99684069,0.05443826,1580.98502918,0.01998472,0.01998471,27628,84,0
7233.76220161,7233.76205961,476.13079413,476.13466447,0.05235723,1581.29929780,0.01998472,0.01998471,27627,84,0
7234.02376930,7234.02391753,483.27038276,483.26633972,0.04331184,1581.61239379,0.01998471,0.01998471,27626,84,0
7234.28566877,7234.28579441,490.41566422,490.41223490,0.03756268,1581.92520991,0.01998472,0.01998471,27625,84,0
7234.54794232,7234.54769024,497.56651374,497.57339902,0.03393229,1582.23778659,0.01998472,0.01998471,27624,84,0
7234.80890847,7234.80960503,504.72279146,504.70375298,0.03999851,1582.54811557,0.01998471,0.01998471,27623,84,0
7235.07179629,7235.07153879,511.88435681,511.89139956,0.06085339,1582.86002633,0.01998472,0.01998471,27622,84,0
7235.33362240,7235.33349150,519.05107244,519.05465480,0.05419308,1583.16996799,0.01998472,0.01998471,27621,84,0
7235.59519797,7235.59546318,526.22301271,526.21574965,0.04486088,1583.47890760,0.01998471,0.01998471,27620,84,0
7235.85801406,7235.85745382,533.40056959,533.41592368,0.03154091,1583.78861736,0.01998472,0.01998471,27619,84,0
7236.11894887,7236.11946343,540.58416287,540.57004912,0.03427501,1584.09543696,0.01998471,0.01998471,27618,84,0
7236.38149831,7236.38149202,547.77421441,547.77438729,0.04105691,1584.40349409,0.01998472,0.01998471,27617,84,0
7236.64339725,7236.64353957,554.97112139,554.96721097,0.06130312,1584.71014198,0.01998471,0.01998471,27616,84,0
7236.90592219,7236.90560610,562.17480738,562.18349972,0.04110154,1585.01686972,0.01998472,0.01998471,27615,84,0
7237.16737591,7237.16769161,569.38478591,569.37609782,0.04221865,1585.32167308,0.01998471,0.01998471,27614,84,0
7237.42945099,7237.42979609,576.60055472,576.59105075,0.03787361,1585.62650369,0.01998471,0.01998471,27613,84,0
7237.69240263,7237.69191956,583.82160907,583.83492104,0.05989743,1585.93162910,0.01998472,0.01998471,27612,84,0
7237.95372393,7237.95406200,591.04752296,591.03820120,0.05351477,1586.23412383,0.01998471,0.01998471,27611,84,0
7238.21676933,7238.21622344,598.27849672,598.29355879,0.03693885,1586.53787726,0.01998472,0.01998471,27610,84,0
7238.47885141,7238.47840386,605.51502480,605.52738238,0.03864727,1586.83980179,0.01998472,0.01998472,27609,84,0
7238.74083637,7238.74060326,612.75760570,612.76404716,0.04640821,1587.14091847,0.01998472,0.01998472,27608,84,0
7239.00334585,7239.00282166,620.00674039,620.02123822,0.05803766,1587.44195878,0.01998472,0.01998472,27607,84,0
7239.26552949,7239.26505906,627.26276032,627.27578260,0.04383197,1587.74195810,0.01998472,0.01998472,27606,84,0
7239.52783017,7239.52731544,634.52537563,634.53963560,0.03897236,1588.04140965,0.01998472,0.01998472,27605,84,0
7239.78909642,7239.78959083,641.79415396,641.78044677,0.05307131,1588.33898249,0.01998471,0.01998472,27604,84,0
7240.05207605,7240.05188521,649.06866075,649.07395541,0.05693557,1588.63778363,0.01998472,0.01998472,27603,84,0
7240.31480308,7240.31419859,656.34846348,656.36524445,0.03485334,1588.93555358,0.01998472,0.01998472,27602,84,0
7240.57583949,7240.57653098,663.63345335,663.61424405,0.03555686,1589.23066458,0.01998471,0.01998472,27601,84,0
7240.83853068,7240.83888238,670.92407512,670.91429807,0.06249986,1589.52691513,0.01998471,0.01998472,27600,84,0
7241.10196440,7241.10125278,678.22082961,678.24062849,0.04054535,1589.82328480,0.01998472,0.01998472,27599,84,0
7241.36348445,7241.36364219,685.52422017,685.51982765,0.02592467,1590.11680820,0.01998471,0.01998472,27598,84,0
7241.62674080,7241.62605061,692.83471994,692.85395690,0.05753695,1590.41159936,0.01998472,0.01998472,27597,84,0
7241.88888596,7241.88847804,700.15228168,700.16366084,0.04419700,1590.70446283,0.01998472,0.01998472,27596,84,0
7242.15067607,7242.15092449,707.47643757,707.46950207,0.03385950,1590.99622801,0.01998471,0.01998472,27595,84,0
7242.41334613,7242.41338996,714.80670552,714.80548097,0.05589302,1591.28824774,0.01998472,0.01998472,27594,84,0
7242.67677868,7242.67587445,722.14260097,722.16788043,0.05183058,1591.58036312,0.01998472,0.01998472,27593,84,0
7242.93843982,7242.93837796,729.48374152,729.48547201,0.03943068,1591.86975172,0.01998472,0.01998472,27592,84,0
7243.20002608,7243.20090050,736.83033226,736.80585350,0.05367522,1592.15830414,0.01998471,0.01998472,27591,84,0
7243.46336441,7243.46344206,744.18278552,744.18061013,0.04813676,1592.44804271,0.01998472,0.01998472,27590,84,0
7243.72571933,7243.72600264,751.54151596,751.53357245,0.03722524,1592.73596864,0.01998471,0.01998472,27589,84,0
7243.98808773,7243.98858226,758.90693943,758.89306176,0.05092938,1593.02319399,0.01998471,0.01998472,27588,84,0
7244.25109210,7244.25118091,766.27929735,766.27680287,0.03620923,1593.31040459,0.01998471,0.01998472,27587,84,0
7244.51326131,7244.51379860,773.65844776,773.64334456,0.04166880,1593.59598680,0.01998471,0.01998472,27586,84,0
7244.77635450,7244.77643532,781.04419734,781.04192370,0.05575016,1593.88184659,0.01998471,0.01998472,27585,84,0
7245.03943061,7245.03909108,788.43635174,788.44591120,0.03516385,1594.16694783,0.01998472,0.01998472,27584,84,0
7245.30236143,7245.30176588,795.83472382,795.85150411,0.05261937,1594.45114280,0.01998472,0.01998472,27583,84,0
7245.56474723,7245.56445972,803.23927718,803.24738432,0.03998991,1594.73399883,0.01998472,0.01998472,27582,84,0
7245.82760471,7245.82717261,810.65010878,810.66230262,0.03877762,1595.01661374,0.01998472,0.01998472,27581,84,0
7246.08949235,7246.08990454,818.06732060,818.05567927,0.05571564,1595.29744144,0.01998471,0.01998472,27580,84,0
7246.35245833,7246.35265553,825.49101514,825.48544134,0.03864963,1595.57867937,0.01998471,0.01998472,27579,84,0
7246.61541433,7246.61542556,832.92128088,832.92096320,0.05580195,1595.85916008,0.01998471,0.01998472,27578,84,0
7246.87823925,7246.87821465,840.35812998,840.35882658,0.03830481,1596.13875309,0.01998471,0.01998472,27577,84,0
7247.14063150,7247.14102279,847.80154943,847.79046272,0.05991208,1596.41713716,0.01998471,0.01998472,27576,84,0
7247.40407847,7247.40384999,855.25152610,855.25800518,0.04100298,1596.69588481,0.01998472,0.01998472,27575,84,0
7247.66677225,7247.66669624,862.70804779,862.71020497,0.04030062,1596.97307904,0.01998472,0.01998472,27574,84,0
7247.92945257,7247.92956156,870.17118723,870.16809147,0.05488422,1597.24950406,0.01998471,0.01998472,27573,84,0
7248.19215559,7248.19244594,877.64116737,877.63291319,0.03966785,1597.52520372,0.01998471,0.01998472,27572,84,0
7248.45482587,7248.45534939,885.11822756,885.10333169,0.05660226,1597.80012621,0.01998471,0.01998472,27571,84,0
7248.71837184,7248.71827191,892.60260838,892.60545444,0.03833482,1598.07522500,0.01998472,0.01998472,27570,84,0
7248.98086730,7248.98121349,900.09451242,900.08464407,0.04797030,1598.34849492,0.01998471,0.01998472,27569,84,0
7249.24367845,7249.24417414,907.59371178,907.57956930,0.02947917,1598.62135032,0.01998471,0.01998472,27568,84,0
7249.50706448,7249.50715387,915.09971029,915.09715769,0.04581868,1598.89403586,0.01998472,0.01998472,27567,84,0
7249.76994196,7249.77015268,922.61200511,922.60598388,0.03479062,1599.16540897,0.01998472,0.01998472,27566,84,0
7250.03307192,7250.03317056,930.13009091,930.12727055,0.05101448,1599.43623600,0.01998472,0.01998472,27565,84,0
7250.29640432,7250.29620752,937.65368872,937.65931959,0.04054038,1599.70645124,0.01998472,0.01998472,27564,84,0
7250.55953132,7250.55926357,945.18320438,945.19087118,0.05086125,1599.97564878,0.01998472,0.01998472,27563,84,0
7250.82220845,7250.82233870,952.71917387,952.71544137,0.03658669,1600.24359844,0.01998472,0.01998472,27562,84,0
7251.08549079,7251.08543291,960.26213602,960.26379622,0.05735169,1600.51139251,0.01998472,0.01998472,27561,84,0
7251.34868259,7251.34854621,967.81260861,967.81652408,0.04820935,1600.77833679,0.01998472,0.01998472,27560,84,0
7251.61254614,7251.61167861,975.37063456,975.39556400,0.03268007,1601.04520063,0.01998472,0.01998472,27559,84,0
7251.87481587,7251.87483009,982.93581627,982.93540719,0.05116658,1601.30968007,0.01998472,0.01998472,27558,84,0
7252.13752516,7252.13800067,990.50773751,990.49405089,0.04188812,1601.57381366,0.01998472,0.01998472,27557,84,0
7252.40114701,7252.40119035,998.08597973,998.08473142,0.05365734,1601.83805383,0.01998472,0.01998472,27556,84,0
7252.66409627,7252.66439912,1005.67023984,1005.66151003,0.05203823,1602.10079787,0.01998472,0.01998472,27555,84,0
7252.92809146,7252.92762700,1013.26070824,1013.27410683,0.03623601,1602.36376560,0.01998472,0.01998472,27554,84,0
7253.19076871,7253.19087397,1020.85770657,1020.85466749,0.05203098,1602.62461241,0.01998472,0.01998472,27553,84,0
7253.45423259,7253.45414006,1028.46155820,1028.46423212,0.03700284,1602.88543935,0.01998472,0.01998472,27552,84,0
7253.71729675,7253.71742524,1036.07258025,1036.06886396,0.04638629,1603.14507845,0.01998472,0.01998472,27551,84,0
7253.98124049,7253.98072954,1043.69086149,1043.70565139,0.04848914,1603.40479057,0.01998472,0.01998472,27550,84,0
7254.24428180,7254.24405295,1051.31623171,1051.32286163,0.03013705,1603.66281392,0.01998472,0.01998472,27549,84,0
7254.50684323,7254.50739547,1058.94850592,1058.93249403,0.05450077,1603.91956050,0.01998472,0.01998472,27548,84,0
7254.77070169,7254.77075711,1066.58749805,1066.58588994,0.03773620,1604.17675534,0.01998472,0.01998472,27547,84,0
7255.03455373,7255.03413786,1074.23305910,1074.24513584,0.05814225,1604.43311438,0.01998472,0.01998472,27546,84,0
7255.29773834,7255.29753774,1081.88521970,1081.89104981,0.05027974,1604.68799719,0.01998472,0.01998472,27545,84,0
7255.56110907,7255.56095673,1089.54406400,1089.54849506,0.03547529,1604.94223303,0.01998472,0.01998472,27544,84,0
7255.82458770,7255.82439485,1097.20967663,1097.21529046,0.05229151,1605.19574533,0.01998472,0.01998472,27543,84,0
7256.08770993,7256.08785210,1104.88214630,1104.87800442,0.05169272,1605.44808896,0.01998472,0.01998472,27542,84,0
7256.35130013,7256.35132847,1112.56166823,1112.56084204,0.03436352,1605.70005784,0.01998472,0.01998472,27541,84,0
7256.61519660,7256.61482397,1120.24855897,1120.25943460,0.04669023,1605.95150148,0.01998472,0.01998472,27540,84,0
7256.87848275,7256.87833860,1127.94314330,1127.94735430,0.05011878,1606.20155576,0.01998472,0.01998472,27539,84,0
7257.14168996,7257.14187237,1135.64574779,1135.64041370,0.04814476,1606.45073618,0.01998472,0.01998472,27538,84,0
7257.40525436,7257.40542527,1143.35656962,1143.35156671,0.04008540,1606.69945766,0.01998472,0.01998472,27537,84,0
7257.66832649,7257.66899731,1151.07524739,1151.05559355,0.04651723,1606.94690459,0.01998472,0.01998472,27536,84,0
7257.93243289,7257.93258849,1158.80126848,1158.79670565,0.05069754,1607.19449095,0.01998472,0.01998472,27535,84,0
7258.19623813,7258.19619882,1166.53411739,1166.53527092,0.03366181,1607.44094220,0.01998472,0.01998472,27534,84,0
7258.45999623,7258.45982828,1174.27330156,1174.27823369,0.04643658,1607.68647919,0.01998472,0.01998472,27533,84,0
7258.72344662,7258.72347690,1182.01885881,1182.01796905,0.04889618,1607.93085994,0.01998472,0.01998472,27532,84,0
7258.98668951,7258.98714466,1189.77132793,1189.75793956,0.05007949,1608.17419445,0.01998472,0.01998472,27531,84,0
7259.25079777,7259.25083157,1197.53127008,1197.53027491,0.03660048,1608.41748623,0.01998472,0.01998472,27530,84,0
7259.51397730,7259.51453764,1205.29924952,1205.28273541,0.05485524,1608.65909757,0.01998472,0.01998472,27529,84,0
7259.77834778,7259.77826286,1213.07563383,1213.07813900,0.04730740,1608.90098158,0.01998472,0.01998472,27528,84,0
7260.04173729,7260.04200724,1220.86017770,1220.85220640,0.04672883,1609.14113934,0.01998472,0.01998472,27527,84,0
7260.30561137,7260.30577077,1228.65251656,1228.64780530,0.04945723,1609.38089515,0.01998472,0.01998472,27526,84,0
7260.56980790,7260.56955347,1236.45228372,1236.45981009,0.03384750,1609.62008365,0.01998472,0.01998472,27525,84,0
7260.83352206,7260.83335533,1244.25913969,1244.26407591,0.05263345,1609.85796382,0.01998472,0.01998472,27524,84,0
7261.09563423,7261.09717635,1252.07307888,1252.02738444,0.07060318,1610.09353322,0.01998471,0.01998472,27523,84,0
7261.36152628,7261.36101655,1259.89430991,1259.90942692,0.04237372,1610.33162154,0.01998472,0.01998472,27522,84,0
7261.62524315,7261.62487591,1267.72304606,1267.73394715,0.04573139,1610.56689213,0.01998472,0.01998472,27521,84,0
7261.88869963,7261.88875444,1275.55950087,1275.55787255,0.04795298,1610.80106878,0.01998472,0.01998472,27520,84,0
7262.15253819,7262.15265215,1283.40379631,1283.40040739,0.02617949,1611.03472264,0.01998472,0.01998472,27519,84,0
7262.41615639,7262.41656903,1291.25588543,1291.24360304,0.05042386,1611.26731502,0.01998472,0.01998472,27518,84,0
7262.68015638,7262.68050509,1299.11570288,1299.10531409,0.04520685,1611.49937151,0.01998472,0.01998472,27517,84,0
7262.94421507,7262.94446033,1306.98318292,1306.97586960,0.04525634,1611.73060101,0.01998472,0.01998472,27516,84,0
7263.20853201,7263.20843475,1314.85825692,1314.86115994,0.04705473,1611.96117176,0.01998472,0.01998472,27515,84,0
7263.47216898,7263.47242835,1322.74084206,1322.73309413,0.04705605,1612.19026211,0.01998472,0.01998472,27514,84,0
7263.73618771,7263.73644114,1330.63085031,1330.62327308,0.04982742,1612.41879076,0.01998472,0.01998472,27513,84,0
7264.00040381,7264.00047312,1338.52819305,1338.52611892,0.05471812,1612.64658978,0.01998472,0.01998472,27512,84,0
7264.26432026,7264.26452429,1346.43279148,1346.42668095,0.02841907,1612.87322610,0.01998472,0.01998472,27511,84,0
7264.52803614,7264.52859465,1354.34477268,1354.32803125,0.05170526,1613.09878822,0.01998472,0.01998472,27510,84,0
7264.79261663,7264.79268421,1362.26445502,1362.26242743,0.04234731,1613.32418999,0.01998472,0.01998472,27509,84,0
7265.05671655,7265.05679296,1370.19216586,1370.18987099,0.04953139,1613.54828974,0.01998472,0.01998472,27508,84,0
7265.32076451,7265.32092091,1378.12823384,1378.12353221,0.04019351,1613.77145998,0.01998472,0.01998472,27507,84,0
7265.58474536,7265.58506806,1386.07282498,1386.06311433,0.04697509,1613.99368987,0.01998472,0.01998472,27506,84,0
7265.84918480,7265.84923442,1394.02572642,1394.02423198,0.04744236,1614.21541076,0.01998472,0.01998472,27505,84,0
7266.11301869,7266.11341998,1401.98667059,1401.97457259,0.03960009,1614.43572054,0.01998472,0.01998472,27504,84,0
7266.37795851,7266.37762474,1409.95538827,1409.96545937,0.04161888,1614.65603520,0.01998472,0.01998472,27503,84,0
7266.64172457,7266.64184872,1417.93164160,1417.92789216,0.04447795,1614.87444986,0.01998472,0.01998472,27502,84,0
7266.90583915,7266.90609191,1425.91539071,1425.90775078,0.04434490,1615.09222540,0.01998472,0.01998472,27501,84,0
7267.17013954,7267.17035430,1433.90667010,1433.90017294,0.04713503,1615.30922287,0.01998472,0.01998472,27500,84,0
7267.43459080,7267.43463592,1441.90551459,1441.90414828,0.04530348,1615.52540981,0.01998472,0.01998472,27499,84,0
7267.69901935,7267.69893675,1449.91197368,1449.91447696,0.04091873,1615.74064203,0.01998472,0.01998472,27498,84,0
7267.96302068,7267.96325680,1457.92635499,1457.91919212,0.04678518,1615.95459788,0.01998472,0.01998472,27497,84,0
7268.22733691,7268.22759608,1465.94918958,1465.94131969,0.04490740,1616.16789037,0.01998472,0.01998472,27496,84,0
7268.49188909,7268.49195457,1473.98101891,1473.97902833,0.04457650,1616.38046389,0.01998472,0.01998472,27495,84,0
7268.75602099,7268.75633230,1482.02238308,1482.01290892,0.04377742,1616.59180266,0.01998472,0.01998472,27494,84,0
7269.02003995,7269.02072925,1490.07336678,1490.05236640,0.04367339,1616.80215377,0.01998472,0.01998472,27493,84,0
7269.28498151,7269.28514543,1498.13321414,1498.12821531,0.04474594,1617.01231462,0.01998472,0.01998472,27492,84,0
7269.54957565,7269.54958084,1506.20107463,1506.20091635,0.04270770,1617.22124925,0.01998472,0.01998472,27491,84,0
7269.81399413,7269.81403549,1514.27609245,1514.27482909,0.04256898,1617.42907093,0.01998472,0.01998472,27490,84,0
7270.07774931,7270.07850937,1522.35768128,1522.33444711,0.05066666,1617.63538335,0.01998472,0.01998472,27489,84,0
7270.34270302,7270.34300249,1530.44634149,1530.43717924,0.05101677,1617.84165000,0.01998472,0.01998472,27488,84,0
7270.60720621,7270.60751485,1538.54284695,1538.53339517,0.04994953,1618.04659969,0.01998472,0.01998472,27487,84,0
7270.87190451,7270.87204646,1546.64797627,1546.64362498,0.04146851,1618.25075058,0.01998472,0.01998472,27486,84,0
7271.13621120,7271.13659730,1554.76242714,1554.75057803,0.04775016,1618.45366516,0.01998472,0.01998472,27485,84,0
7271.40155455,7271.40116740,1562.88616253,1562.89805615,0.04466485,1618.65643186,0.01998472,0.01998472,27484,84,0
7271.66548858,7271.66575674,1571.01876762,1571.01052092,0.03909907,1618.85716960,0.01998472,0.01998472,27483,84,0
7271.92996191,7271.93036534,1579.15982192,1579.14740396,0.04200695,1619.05735129,0.01998472,0.01998472,27482,84,0
7272.19519849,7272.19499319,1587.30891964,1587.31524467,0.04590194,1619.25712596,0.01998472,0.01998472,27481,84,0
7272.45944264,7272.45964029,1595.46601302,1595.45991814,0.04841142,1619.45516816,0.01998472,0.01998472,27480,84,0
7272.72411536,7272.72430665,1603.63139474,1603.62549033,0.04747109,1619.65254990,0.01998472,0.01998472,27479,84,0
7272.98884882,7272.98899227,1611.80537266,1611.80094036,0.04321879,1619.84899819,0.01998472,0.01998472,27478,84,0
7273.25367313,7273.25369715,1619.98825409,1619.98751090,0.04229422,1620.04453840,0.01998472,0.01998472,27477,84,0
7273.51857083,7273.51842130,1628.18017323,1628.18480286,0.04363019,1620.23915632,0.01998472,0.01998472,27476,84,0
7273.78336501,7273.78316471,1636.38097560,1636.38718317,0.05251376,1620.43271484,0.01998472,0.01998472,27475,84,0
7274.04811130,7274.04792739,1644.59047854,1644.59618381,0.04353901,1620.62524761,0.01998472,0.01998472,27474,84,0
7274.31272679,7274.31270934,1652.80849832,1652.80904015,0.04425648,1620.81668755,0.01998472,0.01998472,27473,84,0
7274.57786419,7274.57751056,1661.03495406,1661.04594567,0.03868146,1621.00749935,0.01998472,0.01998472,27472,84,0
7274.84272568,7274.84233105,1669.27006009,1669.28233795,0.04182259,1621.19710895,0.01998472,0.01998472,27471,84,0
7275.10677669,7275.10717082,1677.51408428,1677.50180940,0.05043540,1621.38514243,0.01998472,0.01998472,27470,84,0
7275.37151935,7275.37202987,1685.76729620,1685.75137963,0.04569863,1621.57267260,0.01998472,0.01998472,27469,84,0
7275.63670300,7275.63690820,1694.02989109,1694.02348676,0.04951232,1621.75951617,0.01998472,0.01998472,27468,84,0
7275.90153302,7275.90180581,1702.30170108,1702.29317856,0.04759565,1621.94510518,0.01998472,0.01998472,27467,84,0
7276.16656306,7276.16672271,1710.58244813,1710.57745529,0.05284719,1622.12981853,0.01998472,0.01998472,27466,84,0
7276.43137926,7276.43165889,1718.87185236,1718.86309897,0.04275125,1622.31335805,0.01998472,0.01998472,27465,84,0
7276.69689076,7276.69661436,1727.16967686,1727.17833708,0.04636349,1622.49634227,0.01998472,0.01998472,27464,84,0
7276.96162805,7276.96158912,1735.47603324,1735.47725417,0.04951687,1622.67775792,0.01998472,0.01998472,27463,84,0
7277.22650422,7277.22658318,1743.79119835,1743.78871936,0.03778721,1622.85823691,0.01998472,0.01998472,27462,84,0
7277.49136704,7277.49159653,1752.11545175,1752.10823968,0.04365415,1623.03767720,0.01998472,0.01998472,27461,84,0
7277.75632220,7277.75662918,1760.44905894,1760.43940127,0.05175730,1623.21615184,0.01998472,0.01998472,27460,84,0
7278.02261671,7278.02168112,1768.79208764,1768.82155266,0.03744786,1623.39449004,0.01998472,0.01998472,27459,84,0
7278.28674592,7278.28675237,1777.14446948,1777.14426616,0.03494539,1623.57034422,0.01998472,0.01998472,27458,84,0
7278.55149805,7278.55184292,1785.50613300,1785.49524905,0.05132457,1623.74557445,0.01998472,0.01998472,27457,84,0
7278.81696162,7278.81695278,1793.87700655,1793.87728568,0.03980757,1623.92022614,0.01998472,0.01998472,27456,84,0
7279.08195648,7279.08208195,1802.25702493,1802.25305734,0.04040208,1624.09351625,0.01998472,0.01998472,27455,84,0
7279.34657231,7279.34723042,1810.64612901,1810.62529637,0.05251022,1624.26550347,0.01998472,0.01998472,27454,84,0
7279.61253846,7279.61239821,1819.04425946,1819.04870363,0.03501378,1624.43730101,0.01998472,0.01998472,27453,84,0
7279.87770610,7279.87758531,1827.45135954,1827.45519079,0.04740984,1624.60751263,0.01998472,0.01998472,27452,84,0
7280.14288774,7280.14279173,1835.86747383,1835.87052215,0.04038513,1624.77666178,0.01998472,0.01998472,27451,84,0
7280.40849527,7280.40801746,1844.29277124,1844.30795737,0.05497317,1624.94500816,0.01998472,0.01998472,27450,84,0
7280.67342967,7280.67326252,1852.72742928,1852.73274740,0.03993373,1625.11185633,0.01998472,0.01998472,27449,84,0
7280.93858978,7280.93852690,1861.17162671,1861.17362959,0.03866486,1625.27777468,0.01998472,0.01998472,27448,84,0
7281.20338714,7281.20381060,1869.62554835,1869.61204652,0.05018938,1625.44239541,0.01998472,0.01998472,27447,84,0
7281.46901224,7281.46911363,1878.08938767,1878.08615136,0.04416201,1625.60645546,0.01998472,0.01998472,27446,84,0
7281.73447753,7281.73443599,1886.56334004,1886.56466766,0.04930962,1625.76934037,0.01998472,0.01998472,27445,84,0
7281.99998068,7281.99977768,1895.04759950,1895.05409429,0.03754646,1625.93117159,0.01998472,0.01998472,27444,84,0
7282.26497393,7282.26513870,1903.54212135,1903.53684390,0.05069782,1626.09161292,0.01998472,0.01998472,27443,84,0
7282.53047746,7282.53051906,1912.04642845,1912.04509476,0.03477591,1626.25126877,0.01998472,0.01998472,27442,84,0
7282.79573998,7282.79591875,1920.55999522,1920.55425764,0.04155208,1626.40967181,0.01998472,0.01998472,27441,84,0
7283.06129128,7283.06133779,1929.08229503,1929.08080118,0.03934416,1626.56712453,0.01998472,0.01998472,27440,84,0
7283.32678744,7283.32677616,1937.61317390,1937.61353658,0.04812121,1626.72341502,0.01998472,0.01998472,27439,84,0
7283.59228965,7283.59223388,1946.15324349,1946.15503865,0.03142705,1626.87858709,0.01998472,0.01998472,27438,84,0
7283.85692076,7283.85771095,1954.70321293,1954.67774964,0.04854470,1627.03214234,0.01998472,0.01998472,27437,84,0
7284.12307633,7284.12320736,1963.26379415,1963.25956687,0.05254281,1627.18547520,0.01998472,0.01998472,27436,84,0
7284.38880730,7284.38872312,1971.83530519,1971.83802414,0.04303402,1627.33745702,0.01998472,0.01998472,27435,84,0
7284.65390841,7284.65425824,1980.41719094,1980.40587887,0.05298251,1627.48796261,0.01998472,0.01998472,27434,84,0
7284.91996387,7284.91981270,1989.00877619,1989.01366946,0.03713932,1627.63787313,0.01998472,0.01998472,27433,84,0
7285.18490385,7285.18538653,1997.60938238,1997.59374351,0.04483117,1627.78600760,0.01998472,0.01998472,27432,84,0
7285.45102634,7285.45097971,2006.21862229,2006.22013450,0.05029132,1627.93363998,0.01998472,0.01998472,27431,84,0
7285.71643792,7285.71659226,2014.83677096,2014.83176068,0.03904086,1628.07971776,0.01998472,0.01998472,27430,84,0
7285.98223548,7285.98222416,2023.46419591,2023.46456347,0.04488993,1628.22484914,0.01998472,0.01998472,27429,84,0
7286.24810312,7286.24787544,2032.10126730,2032.10867390,0.05389590,1628.36886083,0.01998472,0.01998472,27428,84,0
7286.51346928,7286.51354607,2040.74836868,2040.74586786,0.03969143,1628.51144820,0.01998472,0.01998472,27427,84,0
7286.77935266,7286.77923608,2049.40591001,2049.40971103,0.04989325,1628.65316087,0.01998472,0.01998472,27426,84,0
7287.04499230,7287.04494546,2058.07430724,2058.07583612,0.05739301,1628.79359366,0.01998472,0.01998472,27425,84,0
7287.31072196,7287.31067421,2066.75397755,2066.75553805,0.03741198,1628.93292597,0.01998472,0.01998472,27424,84,0
7287.57602992,7287.57642234,2075.44511434,2075.43227263,0.04289729,1629.07088978,0.01998472,0.01998472,27423,84,0
7287.84279819,7287.84218984,2084.14745616,2084.16738784,0.05264756,1629.20844787,0.01998472,0.01998472,27422,84,0
7288.10797597,7288.10797673,2092.86068494,2092.86066010,0.03387458,1629.34401813,0.01998472,0.01998472,27421,84,0
7288.37383307,7288.37378299,2101.58448139,2101.58612586,0.04779239,1629.47875733,0.01998472,0.01998472,27420,84,0
7288.63967889,7288.63960864,2110.31861982,2110.32092938,0.04938207,1629.61230300,0.01998472,0.01998472,27419,84,0
7288.90567066,7288.90545368,2119.06304249,2119.07018371,0.05173454,1629.74472782,0.01998472,0.01998472,27418,84,0
7289.17148771,7289.17131810,2127.81770851,2127.82329674,0.03531921,1629.87586723,0.01998472,0.01998472,27417,84,0
7289.43708596,7289.43720191,2136.58257923,2136.57875483,0.04296397,1630.00569709,0.01998472,0.01998472,27416,84,0
7289.70328003,7289.70310512,2145.35775394,2145.36352944,0.04408290,1630.13461004,0.01998472,0.01998472,27415,84,0
7289.96935916,7289.96902772,2154.14353721,2154.15449388,0.04941879,1630.26225847,0.01998472,0.01998472,27414,84,0
7290.23527774,7290.23496972,2162.94025228,2162.95044723,0.03580588,1630.38862232,0.01998472,0.01998472,27413,84,0
7290.50087386,7290.50093111,2171.74821769,2171.74632058,0.04529535,1630.51362761,0.01998472,0.01998472,27412,84,0
7290.76715978,7290.76691191,2180.56753212,2180.57575608,0.04103090,1630.63774467,0.01998472,0.01998472,27411,84,0
7291.03269338,7291.03291211,2189.39803182,2189.39076633,0.04643109,1630.76029446,0.01998472,0.01998472,27410,84,0
7291.29872601,7291.29893171,2198.23953659,2198.23269589,0.04654695,1630.88184883,0.01998472,0.01998472,27409,84,0
7291.56469518,7291.56497072,2207.09186405,2207.08269034,0.05595525,1631.00214041,0.01998472,0.01998472,27408,84,0
7291.83051561,7291.83102914,2215.95481547,2215.93769918,0.03271842,1631.12112466,0.01998472,0.01998472,27407,84,0
7292.09723468,7292.09710697,2224.82817703,2224.83243828,0.04791326,1631.23925757,0.01998472,0.01998472,27406,84,0
7292.36285427,7292.36320422,2233.71173282,2233.70004366,0.05104381,1631.35564814,0.01998472,0.01998472,27405,84,0
7292.62901898,7292.62932088,2242.60529914,2242.59520439,0.04692201,1631.47101403,0.01998472,0.01998472,27404,84,0
7292.89568068,7292.89545696,2251.50909402,2251.51658305,0.03869066,1631.58532528,0.01998472,0.01998472,27403,84,0
7293.16147906,7293.16161245,2260.42360167,2260.41913110,0.04373654,1631.69800290,0.01998472,0.01998472,27402,84,0
7293.42795322,7293.42778737,2269.34931449,2269.35487934,0.04099711,1631.80970200,0.01998472,0.01998472,27401,84,0
7293.69427371,7293.69398172,2278.28667861,2278.29648817,0.04463532,1631.92007163,0.01998472,0.01998472,27400,84,0
7293.96023403,7293.96019549,2287.23577543,2287.23707173,0.04529298,1632.02902559,0.01998472,0.01998472,27399,84,0
7294.22651293,7294.22642869,2296.19652218,2296.19935919,0.04895442,1632.13683597,0.01998472,0.01998472,27398,84,0
7294.49289894,7294.49268132,2305.16883465,2305.17617254,0.04279821,1632.24340782,0.01998472,0.01998472,27397,84,0
7294.75927988,7294.75895338,2314.15259983,2314.16362221,0.04423107,1632.34868896,0.01998472,0.01998472,27396,84,0
7295.02549415,7295.02524488,2323.14757693,2323.15600195,0.04438055,1632.45260883,0.01998472,0.01998472,27395,84,0
7295.29172756,7295.29155581,2332.15348742,2332.15929895,0.04588062,1632.55523281,0.01998472,0.01998472,27394,84,0
7295.55795735,7295.55788618,2341.17005103,2341.17246165,0.04527461,1632.65654393,0.01998472,0.01998472,27393,84,0
7295.82408210,7295.82423600,2350.19722921,2350.19201052,0.04894550,1632.75649918,0.01998472,0.01998472,27392,84,0
7296.09101891,7296.09060525,2359.23563472,2359.24967946,0.04690633,1632.85543958,0.01998472,0.01998472,27391,84,0
7296.35740255,7296.35699395,2368.28599263,2368.29988339,0.04327136,1632.95285985,0.01998472,0.01998472,27390,84,0
7296.62350386,7296.62340210,2377.34902562,2377.35248952,0.04464943,1633.04886734,0.01998472,0.01998472,27389,84,0
7296.89012389,7296.88982970,2386.42498613,2386.43501448,0.04339664,1633.14374611,0.01998472,0.01998472,27388,84,0
7297.15673841,7297.15627675,2395.51338929,2395.52914618,0.04538394,1633.23729487,0.01998472,0.01998472,27387,84,0
7297.42276375,7297.42274326,2404.61368263,2404.61438294,0.04023674,1633.32930203,0.01998472,0.01998472,27386,84,0
7297.68921582,7297.68922922,2413.72532969,2413.72487111,0.04017689,1633.42010940,0.01998472,0.01998472,27385,84,0
7297.95534005,7297.95573464,2422.84816905,2422.83465397,0.04679372,1633.50945231,0.01998472,0.01998472,27384,84,0
7298.22233518,7298.22225952,2431.98237366,2431.98496809,0.05183560,1633.59772554,0.01998472,0.01998472,27383,84,0
7298.48881910,7298.48880386,2441.12812932,2441.12865255,0.04989466,1633.68446591,0.01998472,0.01998472,27382,84,0
7298.75512649,7298.75536767,2450.28565113,2450.27736064,0.04247891,1633.76978429,0.01998472,0.01998472,27381,84,0
7299.02154116,7299.02195094,2459.45537571,2459.44127134,0.04172995,1633.85377064,0.01998472,0.01998472,27380,84,0
7299.28854895,7299.28855368,2468.63784738,2468.63768417,0.03852176,1633.93657193,0.01998472,0.01998472,27379,84,0
7299.55568268,7299.55517589,2477.83361533,2477.85110664,0.05169473,1634.01803659,0.01998472,0.01998472,27378,84,0
7299.82180072,7299.82181758,2487.04296265,2487.04238000,0.04348530,1634.09781955,0.01998472,0.01998472,27377,84,0
7300.08883525,7300.08847874,2496.26518954,2496.27752693,0.04608949,1634.17648857,0.01998472,0.01998472,27376,84,0
7300.35469733,7300.35515938,2505.49936622,2505.48335799,0.04001332,1634.25341656,0.01998472,0.01998472,27375,84,0
7300.62158574,7300.62185950,2514.74456311,2514.73506831,0.04468433,1634.32922778,0.01998472,0.01998472,27374,84,0
7300.88827595,7300.88857909,2524.00043531,2523.98990941,0.05232508,1634.40355993,0.01998472,0.01998472,27373,84,0
7301.15549266,7301.15531818,2533.26763617,2533.27370191,0.04091613,1634.47661246,0.01998472,0.01998472,27372,84,0
7301.42209690,7301.42207675,2542.54692089,2542.54762231,0.03702145,1634.54807515,0.01998472,0.01998472,27371,84,0
7301.68814199,7301.68885480,2551.83901553,2551.81417113,0.04305337,1634.61797137,0.01998472,0.01998472,27370,84,0
7301.95572317,7301.95565235,2561.14410407,2561.14657573,0.05288524,1634.68683907,0.01998472,0.01998472,27369,84,0
7302.22286015,7302.22246939,2570.46193813,2570.47559300,0.04300416,1634.75415185,0.01998472,0.01998472,27368,84,0
7302.48968016,7302.48930592,2579.79225536,2579.80534915,0.05122505,1634.81994003,0.01998472,0.01998472,27367,84,0
7302.75623157,7302.75616195,2589.13484929,2589.13728825,0.04456981,1634.88421299,0.01998472,0.01998472,27366,84,0
7303.02316358,7303.02303748,2598.48982940,2598.49425254,0.03792250,1634.94712126,0.01998472,0.01998472,27365,84,0
7303.28990213,7303.28993251,2607.85741409,2607.85634705,0.04811908,1635.00852355,0.01998472,0.01998472,27364,84,0
7303.55714290,7303.55684704,2617.23782362,2617.24822815,0.04463833,1635.06857283,0.01998472,0.01998472,27363,84,0
7303.82366917,7303.82378108,2626.63128778,2626.62734698,0.03689085,1635.12699276,0.01998472,0.01998472,27362,84,0
7304.09055277,7304.09073462,2636.03805459,2636.03164226,0.04885376,1635.18401646,0.01998472,0.01998472,27361,84,0
7304.35782824,7304.35770768,2645.45837609,2645.46263323,0.03527327,1635.23964018,0.01998472,0.01998472,27360,84,0
7304.62462777,7304.62470024,2654.89249222,2654.88992980,0.04975538,1635.29367885,0.01998472,0.01998472,27359,84,0
7304.89186959,7304.89171232,2664.34040167,2664.34597043,0.04115037,1635.34631206,0.01998472,0.01998472,27358,84,0
7305.15860220,7305.15874391,2673.80189816,2673.79687346,0.05237746,1635.39734524,0.01998472,0.01998472,27357,84,0
7305.42566920,7305.42579503,2683.27676716,2683.27230000,0.04149299,1635.44693361,0.01998472,0.01998472,27356,84,0
7305.69278845,7305.69286566,2692.76485725,2692.76211250,0.05226206,1635.49501426,0.01998472,0.01998472,27355,84,0
7305.96040034,7305.95995581,2702.26633838,2702.28216268,0.04114730,1635.54165621,0.01998472,0.01998472,27354,84,0
7306.22675150,7306.22706549,2711.78148193,2711.77028898,0.05116858,1635.58655523,0.01998472,0.01998472,27353,84,0
7306.49405718,7306.49419470,2721.31055784,2721.30564887,0.04035418,1635.63008192,0.01998472,0.01998472,27352,84,0
7306.76110697,7306.76134343,2730.85357595,2730.84512327,0.05006841,1635.67202643,0.01998472,0.01998472,27351,84,0
7307.02910380,7307.02851170,2740.41011169,2740.43130510,0.03855483,1635.71256311,0.01998472,0.01998472,27350,84,0
7307.29587243,7307.29569949,2749.97969598,2749.98589365,0.04655716,1635.75135690,0.01998472,0.01998472,27349,84,0
7307.56323755,7307.56290683,2759.56192333,2759.57379070,0.03911214,1635.78867076,0.01998472,0.01998472,27348,84,0
7307.83015847,7307.83013370,2769.15706386,2769.15795391,0.04890278,1635.82435293,0.01998472,0.01998472,27347,84,0
7308.09749793,7308.09738010,2778.76578206,2778.77002122,0.04588798,1635.85851493,0.01998472,0.01998472,27346,84,0
7308.36432176,7308.36464605,2788.38875252,2788.37706789,0.03584551,1635.89103381,0.01998472,0.01998472,27345,84,0
7308.63180899,7308.63193155,2798.02645565,2798.02203317,0.04502851,1635.92204643,0.01998472,0.01998472,27344,84,0
7308.89953206,7308.89923659,2807.67882488,2807.68950187,0.04787885,1635.95148769,0.01998472,0.01998472,27343,84,0
7309.16670957,7309.16656118,2817.34569889,2817.35106893,0.03929802,1635.97926671,0.01998472,0.01998472,27342,84,0
7309.43427764,7309.43390531,2827.02691901,2827.04041142,0.04169173,1636.00547460,0.01998472,0.01998472,27341,84,0
7309.70157519,7309.70126900,2836.72239811,2836.73350923,0.04731487,1636.03003817,0.01998472,0.01998472,27340,84,0
7309.96869397,7309.96865225,2846.43211035,2846.43362664,0.03272326,1636.05296279,0.01998472,0.01998472,27339,84,0
7310.23586299,7310.23605505,2856.15603154,2856.14904275,0.05151924,1636.07426215,0.01998472,0.01998472,27338,84,0
7310.50374452,7310.50347740,2865.89410346,2865.90383704,0.04286505,1636.09397484,0.01998472,0.01998472,27337,84,0
7310.77123275,7310.77091932,2875.64613918,2875.65757584,0.04894009,1636.11200914,0.01998472,0.01998472,27336,84,0
7311.03819014,7311.03838081,2885.41191954,2885.40495312,0.03609231,1636.12835699,0.01998472,0.01998472,27335,84,0
7311.30567617,7311.30586185,2895.19124106,2895.18444773,0.04696397,1636.14307611,0.01998472,0.01998472,27334,84,0
7311.57320829,7311.57336247,2904.98432626,2904.97867816,0.04615457,1636.15612810,0.01998472,0.01998472,27333,84,0
7311.84117141,7311.84088265,2914.79183895,2914.80243286,0.04649242,1636.16752101,0.01998472,0.01998472,27332,84,0
7312.10827784,7312.10842241,2924.61446884,2924.60915698,0.04910832,1636.17719746,0.01998472,0.01998472,27331,84,0
7312.37594526,7312.37598173,2934.45272426,2934.45138200,0.03907781,1636.18520432,0.01998472,0.01998472,27330,84,0
7312.64346015,7312.64356064,2944.30632518,2944.30262192,0.04708711,1636.19150828,0.01998472,0.01998472,27329,84,0
7312.91108416,7312.91115912,2954.17477939,2954.17201304,0.04407474,1636.19610795,0.01998472,0.01998472,27328,84,0
7313.17875542,7313.17877718,2964.05761195,2964.05680779,0.04785226,1636.19899311,0.01998472,0.01998472,27327,84,0
7313.44668009,7313.44641483,2973.95486632,2973.96468265,0.04160564,1636.20015576,0.01998472,0.01998472,27326,84,0
7313.71429123,7313.71407206,2983.86712101,2983.87524369,0.04292998,1636.19958658,0.01998472,0.01998472,27325,84,0
7313.98163722,7313.98174887,2993.79498388,2993.79083981,0.05057915,1636.19728321,0.01998472,0.01998472,27324,84,0
7314.24981250,7314.24944527,3003.73892394,3003.75257575,0.05168182,1636.19322249,0.01998472,0.01998472,27323,84,0
7314.51722790,7314.51716127,3013.69887059,3013.70135147,0.05082561,1636.18741958,0.01998472,0.01998472,27322,84,0
7314.78486116,7314.78489686,3023.67462436,3023.67329327,0.04340897,1636.17985054,0.01998472,0.01998472,27321,84,0
7315.05301465,7315.05265204,3033.66599988,3033.67954104,0.04418833,1636.17049153,0.01998472,0.01998472,27320,84,0
7315.32063712,7315.32042682,3043.67308466,3043.68094978,0.04411732,1636.15937119,0.01998472,0.01998472,27319,84,0
7315.58817717,7315.58822120,3053.69619772,3053.69454872,0.04862493,1636.14646843,0.01998472,0.01998472,27318,84,0
7315.85592771,7315.85603518,3063.73566763,3063.73163598,0.04987790,1636.13175902,0.01998472,0.01998472,27317,84,0
7316.12379976,7316.12386876,3073.79154091,3073.78894838,0.04268755,1636.11523593,0.01998472,0.01998472,27316,84,0
7316.39180015,7316.39172195,3083.86309294,3083.86603547,0.04285795,1636.09688903,0.01998472,0.01998472,27315,84,0
7316.65967730,7316.65959475,3093.94946288,3093.95257329,0.03936913,1636.07672912,0.01998472,0.01998472,27314,84,0
7316.92753691,7316.92748716,3104.04991054,3104.05178751,0.04224160,1636.05474363,0.01998472,0.01998472,27313,84,0
7317.19538692,7317.19539918,3114.16494851,3114.16448543,0.04058232,1636.03092357,0.01998472,0.01998472,27312,84,0
7317.46307663,7317.46333081,3124.29580649,3124.28618810,0.04531516,1636.00527325,0.01998472,0.01998472,27311,84,0
7317.73110230,7317.73128206,3134.44372367,3134.43690993,0.05402250,1635.97773154,0.01998472,0.01998472,27310,84,0
7317.99992989,7317.99925293,3144.60926685,3144.63496854,0.05214878,1635.94822795,0.01998473,0.01998472,27309,84,0
7318.26780498,7318.26724342,3154.79190284,3154.81325649,0.04056439,1635.91694895,0.01998473,0.01998472,27308,84,0
7318.53501945,7318.53525354,3164.99099269,3164.98207775,0.04529344,1635.88387056,0.01998472,0.01998472,27307,84,0
7318.80357645,7318.80328328,3175.20604922,3175.21723103,0.04341845,1635.84873059,0.01998473,0.01998472,27306,84,0
7319.07135668,7319.07133264,3185.43734166,3185.43825978,0.05354028,1635.81179092,0.01998472,0.01998472,27305,84,0
7319.33967399,7319.33940164,3195.68537045,3195.69579046,0.04372138,1635.77286225,0.01998473,0.01998472,27304,84,0
7319.60731015,7319.60749027,3205.95061184,3205.94370974,0.04604520,1635.73211204,0.01998472,0.01998472,27303,84,0
7319.87586770,7319.87559853,3216.23307135,3216.24340274,0.04434048,1635.68928447,0.01998473,0.01998472,27302,84,0
7320.14335543,7320.14372642,3226.53236604,3226.51810443,0.04938692,1635.64469119,0.01998472,0.01998472,27301,84,0
7320.41198111,7320.41187396,3236.84809972,3236.85222506,0.04284395,1635.59795619,0.01998472,0.01998472,27300,84,0
7320.68001205,7320.68004113,3247.18016242,3247.17904085,0.04190249,1635.54936671,0.01998472,0.01998472,27299,84,0
7320.94828785,7320.94822795,3257.52903127,3257.53134438,0.05048003,1635.49876319,0.01998472,0.01998472,27298,84,0
7321.21644288,7321.21643441,3267.89525906,3267.89558638,0.04001770,1635.44620133,0.01998472,0.01998472,27297,84,0
7321.48471995,7321.48466052,3278.27932106,3278.28162373,0.04250896,1635.39162159,0.01998472,0.01998472,27296,84,0
7321.75250169,7321.75290628,3288.68126247,3288.66556037,0.05264189,1635.33514385,0.01998472,0.01998472,27295,84,0
7322.02159620,7322.02117169,3299.10098683,3299.11748886,0.03849089,1635.27636840,0.01998473,0.01998472,27294,84,0
7322.28949470,7322.28945675,3309.53839803,3309.53987559,0.05134549,1635.21583279,0.01998472,0.01998472,27293,84,0
7322.55777224,7322.55776147,3319.99342164,3319.99384165,0.03763898,1635.15318117,0.01998472,0.01998472,27292,84,0
7322.82646750,7322.82608585,3330.46599969,3330.48090756,0.04950812,1635.08838618,0.01998473,0.01998472,27291,84,0
7323.09432061,7323.09442988,3340.95607745,3340.95180251,0.04549004,1635.02174725,0.01998472,0.01998472,27290,84,0
7323.36291005,7323.36279358,3351.46384060,3351.46840478,0.05142002,1634.95286205,0.01998472,0.01998472,27289,84,0
7323.63112982,7323.63117694,3361.98986731,3361.98801778,0.03858646,1634.88199635,0.01998472,0.01998472,27288,84,0
7323.89954037,7323.89957996,3372.53477718,3372.53322028,0.04901854,1634.80898975,0.01998472,0.01998472,27287,84,0
7324.16833863,7324.16800266,3383.09897994,3383.11221415,0.04588933,1634.73376851,0.01998473,0.01998472,27286,84,0
7324.43668141,7324.43644502,3393.68213959,3393.69146667,0.05231966,1634.65656119,0.01998473,0.01998472,27285,84,0
7324.70473902,7324.70490706,3404.28375398,3404.27711269,0.04763728,1634.57732084,0.01998472,0.01998472,27284,84,0
7324.97322294,7324.97338878,3414.90338136,3414.89681655,0.03867219,1634.49582866,0.01998472,0.01998472,27283,84,0
7325.24191983,7325.24189017,3425.54106723,3425.54224353,0.04462384,1634.41213141,0.01998473,0.01998472,27282,84,0
7325.51082167,7325.51041123,3436.19707997,3436.21338140,0.04986574,1634.32621429,0.01998473,0.01998472,27281,84,0
7325.77897194,7325.77895198,3446.87169378,3446.87248765,0.03505546,1634.23837698,0.01998473,0.01998472,27280,84,0
7326.04732728,7326.04751242,3457.56522196,3457.55784386,0.04611259,1634.14829965,0.01998472,0.01998473,27279,84,0
7326.31631552,7326.31609254,3468.27801168,3468.28691356,0.04610800,1634.05581483,0.01998473,0.01998473,27278,84,0
7326.58479708,7326.58469234,3479.01040964,3479.01459841,0.05103984,1633.96129886,0.01998473,0.01998473,27277,84,0
7326.85341793,7326.85331184,3489.76250178,3489.76675193,0.03766877,1633.86451703,0.01998473,0.01998473,27276,84,0
7327.12215000,7327.12195103,3500.53398289,3500.54196747,0.04758078,1633.76546803,0.01998473,0.01998473,27275,84,0
7327.39090896,7327.39060991,3511.32451255,3511.33653373,0.03976543,1633.66417346,0.01998473,0.01998473,27274,84,0
7327.65921132,7327.65928849,3522.13374398,3522.13063674,0.03668193,1633.56081347,0.01998473,0.01998473,27273,84,0
7327.92764232,7327.92798677,3532.96132014,3532.94742866,0.05382815,1633.45515961,0.01998472,0.01998473,27272,84,0
7328.19678470,7328.19670475,3543.80687893,3543.81010822,0.04079510,1633.34696513,0.01998473,0.01998473,27271,84,0
7328.46513236,7328.46544243,3554.67040819,3554.65786310,0.05405689,1633.23682643,0.01998472,0.01998473,27270,84,0
7328.73420515,7328.73419982,3565.55341463,3565.55363045,0.04501702,1633.12409453,0.01998472,0.01998473,27269,84,0
7329.00263857,7329.00297692,3576.45782870,3576.44408809,0.04481523,1633.00930837,0.01998472,0.01998473,27268,84,0
7329.27181826,7329.27177372,3587.38523384,3587.38704657,0.04354244,1632.89184451,0.01998472,0.01998473,27267,84,0
7329.54057283,7329.54059023,3598.33465787,3598.33394815,0.06308039,1632.77220733,0.01998472,0.01998473,27266,84,0
7329.81150818,7329.80942646,0.00000000,3609.40070713,0.35676695,1632.64909336,0.01998473,0.01998473,27265,84,1
7330.07816996,7330.07828241,3620.29145482,3620.28685560,0.04904546,1632.52586257,0.01998472,0.01998473,27264,84,0
7330.34711460,7330.34715807,3631.29782897,3631.29604774,0.04302797,1632.39909409,0.01998472,0.01998473,27263,84,0
7330.61602991,7330.61605345,3642.32574446,3642.32477799,0.04589466,1632.26993761,0.01998472,0.01998473,27262,84,0
7330.88531498,7330.88496856,3653.37771814,3653.39197097,0.04504257,1632.13815399,0.01998473,0.01998473,27261,84,0
7331.15366876,7331.15390339,3664.45373783,3664.44406513,0.04911596,1632.00437371,0.01998472,0.01998473,27260,84,0
7331.42297942,7331.42285795,3675.55156908,3675.55658559,0.04465801,1631.86766875,0.01998473,0.01998473,27259,84,0
7331.69218904,7331.69183223,3686.66894167,3686.68370112,0.04504166,1631.72858026,0.01998473,0.01998473,27258,84,0
7331.96083565,7331.96082625,3697.80543775,3697.80582707,0.04765020,1631.58734976,0.01998473,0.01998473,27257,84,0
7332.22992512,7332.22984000,3708.96277757,3708.96631131,0.04935745,1631.44341643,0.01998473,0.01998473,27256,84,0
7332.49846904,7332.49887349,3720.14279223,3720.12596790,0.04526568,1631.29727404,0.01998472,0.01998473,27255,84,0
7332.76771400,7332.76792671,3731.34610073,3731.33723507,0.04606684,1631.14822024,0.01998473,0.01998473,27254,84,0
7333.03663444,7333.03699967,3742.57156537,3742.55631427,0.05057330,1630.99681910,0.01998473,0.01998473,27253,84,0
7333.30675123,7333.30609238,3753.81790786,3753.84546733,0.05216083,1630.84220653,0.01998473,0.01998473,27252,84,0
7333.57562613,7333.57520483,3765.08451094,3765.10216454,0.04474606,1630.68577494,0.01998473,0.01998473,27251,84,0
7333.84453243,7333.84433702,3776.37190921,3776.38011183,0.04334363,1630.52678091,0.01998473,0.01998473,27250,84,0
7334.11351451,7334.11348897,3787.68075601,3787.68183018,0.04390993,1630.36517484,0.01998473,0.01998473,27249,84,0
7334.38253502,7334.38266066,3799.01157358,3799.00627986,0.04776698,1630.20095705,0.01998473,0.01998473,27248,84,0
7334.65205498,7334.65185211,3810.36461817,3810.37318225,0.04354601,1630.03382131,0.01998473,0.01998473,27247,84,0
7334.92121595,7334.92106331,3821.74011673,3821.74657272,0.05262445,1629.86428104,0.01998473,0.01998473,27246,84,0
7335.19047185,7335.19029427,3833.13821559,3833.14574057,0.04385349,1629.69203837,0.01998473,0.01998473,27245,84,0
7335.45936495,7335.45954499,3844.55888500,3844.55124113,0.04358386,1629.51737683,0.01998473,0.01998473,27244,84,0
7335.72868103,7335.72881547,3856.00207364,3855.99635509,0.05641080,1629.33977218,0.01998473,0.01998473,27243,84,0
7335.99856896,7335.99810571,3867.46812959,3867.48787387,0.04413281,1629.15909214,0.01998473,0.01998473,27242,84,0
7336.26744516,7336.26741572,3878.95829242,3878.95954962,0.05449140,1628.97636962,0.01998473,0.01998473,27241,84,0
7336.53639796,7336.53674550,3890.47393084,3890.45905489,0.04238947,1628.79084230,0.01998472,0.01998473,27240,84,0
7336.80603097,7336.80609505,3902.01550564,3902.01275698,0.04656403,1628.60205894,0.01998473,0.01998473,27239,84,0
7337.07573695,7337.07546437,3913.58146390,3913.59317892,0.05293117,1628.41044289,0.01998473,0.01998473,27238,84,0
7337.34535938,7337.34485346,3925.16997617,3925.19175891,0.04534380,1628.21612134,0.01998473,0.01998473,27237,84,0
7337.61411513,7337.61426234,3936.78058030,3936.77422997,0.04845734,1628.01966721,0.01998473,0.01998473,27236,84,0
7337.88406616,7337.88369099,3948.41565249,3948.43187172,0.03859962,1627.81951329,0.01998473,0.01998473,27235,84,0
7338.15275290,7338.15313942,3960.07792402,3960.06117505,0.05150803,1627.61742158,0.01998472,0.01998473,27234,84,0
7338.42294011,7338.42260763,3971.76802450,3971.78246346,0.04338768,1627.41128062,0.01998473,0.01998473,27233,84,0
7338.69199907,7338.69209563,3983.48269512,3983.47849393,0.04241298,1627.20313081,0.01998473,0.01998473,27232,84,0
7338.96126871,7338.96160342,3995.21827183,3995.20368564,0.04553776,1626.99200186,0.01998473,0.01998473,27231,84,0
7339.23118494,7339.23113100,4006.97407486,4006.97642962,0.04277055,1626.77753783,0.01998473,0.01998473,27230,84,0
7339.50036363,7339.50067837,4018.75411971,4018.74034927,0.04781711,1626.56075291,0.01998473,0.01998473,27229,84,0
7339.76992389,7339.77024553,4030.56278827,4030.54868073,0.05434981,1626.34065417,0.01998473,0.01998473,27228,84,0
7340.04021996,7340.03983249,4042.40125880,4042.41829335,0.03565475,1626.11689297,0.01998473,0.01998473,27227,84,0
7340.30899963,7340.30943925,4054.26661127,4054.24724419,0.05251648,1625.89138393,0.01998473,0.01998473,27226,84,0
7340.57882239,7340.57906581,4066.15572789,4066.14498464,0.03535417,1625.66203081,0.01998473,0.01998473,27225,84,0
7340.84839097,7340.84871217,4078.06773861,4078.05353568,0.03944740,1625.42992521,0.01998473,0.01998473,27224,84,0
nan,nan,0.00000000,-1.00000000,0.00000000,1625.19452259,nan,0.00000000,-2147483648,84,1
nan,nan,0.00000000,-1.00000000,0.00000000,1622.88612014,nan,0.00000000,-2147483648,83,1
7303.28938743,7303.28993251,12.33975363,12.32573265,0.03703835,1623.26998126,0.01998472,0.01998472,27364,83,0
7303.55754420,7303.55684704,19.20789260,19.22583772,0.05039366,1623.63066793,0.01998473,0.01998472,27363,83,0
7303.82406752,7303.82378108,26.08126333,26.08864163,0.05827226,1623.98856580,0.01998472,0.01998472,27362,83,0
7304.09104360,7304.09073462,32.95994630,32.96791055,0.02942511,1624.34648272,0.01998472,0.01998472,27361,83,0
7304.35663506,7304.35770768,39.84400429,39.81633649,0.05681954,1624.70196004,0.01998472,0.01998472,27360,83,0
7304.62364838,7304.62470024,46.73332443,46.70617375,0.05820275,1625.05874638,0.01998472,0.01998472,27359,83,0
7304.89206154,7304.89171232,53.62769411,53.63671396,0.04647178,1625.41679009,0.01998473,0.01998472,27358,83,0
7305.15834428,7305.15874391,60.52689867,60.51657036,0.03832043,1625.77137187,0.01998472,0.01998472,27357,83,0
7305.42600457,7305.42579503,67.43072247,67.43614127,0.04437808,1626.12715290,0.01998473,0.01998472,27356,83,0
7305.69323038,7305.69286566,74.33897882,74.34841577,0.04563169,1626.48171015,0.01998473,0.01998472,27355,83,0
7305.96038747,7305.95995581,81.25176169,81.26293705,0.04941241,1626.83553415,0.01998473,0.01998472,27354,83,0
7306.22674247,7306.22706549,88.16931993,88.16095158,0.04285091,1627.18766798,0.01998472,0.01998472,27353,83,0
7306.49464782,7306.49419470,95.09190508,95.10365153,0.06136752,1627.54123030,0.01998473,0.01998472,27352,83,0
7306.76186929,7306.76134343,102.01976980,102.03341157,0.06357392,1627.89328074,0.01998473,0.01998472,27351,83,0
7307.02939454,7307.02851170,108.95314547,108.97606485,0.06558782,1628.24513178,0.01998473,0.01998472,27350,83,0
7307.29694817,7307.29569949,115.89207302,115.92451314,0.06274550,1628.59642034,0.01998473,0.01998472,27349,83,0
7307.56259692,7307.56290683,122.83649644,122.82843941,0.03856373,1628.94460979,0.01998472,0.01998472,27348,83,0
7307.82877077,7307.83013370,129.78635866,129.75090022,0.06023233,1629.29288517,0.01998472,0.01998472,27347,83,0
7308.09600325,7308.09738010,136.74160236,136.70575662,0.05577464,1629.64193454,0.01998472,0.01998472,27346,83,0
7308.36430772,7308.36464605,143.70216699,143.69335249,0.04370720,1629.99176320,0.01998472,0.01998472,27345,83,0
7308.63153720,7308.63193155,150.66796980,150.65768918,0.03997431,1630.33956596,0.01998472,0.01998472,27344,83,0
7308.89935404,7308.89923659,157.63891798,157.64198189,0.04876139,1630.68750169,0.01998472,0.01998472,27343,83,0
7309.16715420,7309.16656118,164.61491820,164.63039855,0.03689446,1631.03477732,0.01998473,0.01998472,27342,83,0
7309.43415733,7309.43390531,171.59587672,171.60245963,0.03286035,1631.38037752,0.01998472,0.01998472,27341,83,0
7309.70098748,7309.70126900,178.58173552,178.57437731,0.04204863,1631.72510905,0.01998472,0.01998472,27340,83,0
7309.96890282,7309.96865225,185.57265233,185.57920596,0.03539478,1632.07060031,0.01998472,0.01998472,27339,83,0
7310.23635922,7310.23605505,192.56886541,192.57682651,0.04818967,1632.41486788,0.01998472,0.01998472,27338,83,0
7310.50357593,7310.50347740,199.57061422,199.57319478,0.04882996,1632.75820642,0.01998472,0.01998472,27337,83,0
7310.77151463,7310.77091932,206.57813932,206.59374371,0.04695727,1633.10185985,0.01998473,0.01998472,27336,83,0
7311.03836414,7311.03838081,213.59161241,213.59117535,0.04472605,1633.44351282,0.01998472,0.01998472,27335,83,0
7311.30564768,7311.30586185,220.61088230,220.60525979,0.04763158,1633.78510843,0.01998472,0.01998472,27334,83,0
7311.57341414,7311.57336247,227.63570362,227.63706103,0.04686087,1634.12669218,0.01998472,0.01998472,27333,83,0
7311.84020451,7311.84088265,234.66582981,234.64800308,0.05113182,1634.46639083,0.01998472,0.01998472,27332,83,0
7312.10811967,7312.10842241,241.70101320,241.69305009,0.03695591,1634.80686515,0.01998472,0.01998472,27331,83,0
7312.37426613,7312.37598173,248.74109117,248.69593574,0.04689453,1635.14443091,0.01998472,0.01998472,27330,83,0
7312.64248651,7312.64356064,255.78619389,255.75790382,0.05359081,1635.48396538,0.01998472,0.01998472,27329,83,0
7312.91110479,7312.91115912,262.83651457,262.83508271,0.05854377,1635.82334542,0.01998472,0.01998472,27328,83,0
7313.17837829,7313.17877718,269.89224728,269.88172669,0.06799042,1636.16038029,0.01998472,0.01998472,27327,83,0
7313.44564521,7313.44641483,276.95358681,276.93327382,0.05871334,1636.49676986,0.01998472,0.01998472,27326,83,0
7313.71392295,7313.71407206,284.02067299,284.01673454,0.06528609,1636.83379581,0.01998472,0.01998472,27325,83,0
7313.98221846,7313.98174887,291.09351226,291.10592491,0.05407481,1637.17020536,0.01998472,0.01998472,27324,83,0
7314.24991360,7314.24944527,298.17209148,298.18447984,0.05774441,1637.50522292,0.01998472,0.01998472,27323,83,0
7314.51783616,7314.51716127,305.25639738,305.27426292,0.04138452,1637.83988324,0.01998472,0.01998472,27322,83,0
7314.78573100,7314.78489686,312.34641686,312.36851420,0.03875555,1638.17386436,0.01998473,0.01998472,27321,83,0
7315.05254838,7315.05265204,319.44215039,319.43940238,0.03411120,1638.50585969,0.01998472,0.01998472,27320,83,0
7315.32012761,7315.32042682,326.54362080,326.53568277,0.04081909,1638.83815809,0.01998472,0.01998472,27319,83,0
7315.58814060,7315.58822120,333.65085306,333.64871330,0.03343675,1639.17034705,0.01998472,0.01998472,27318,83,0
7315.85545593,7315.85603518,340.76387226,340.74848195,0.03968288,1639.50102439,0.01998472,0.01998472,27317,83,0
7316.12388641,7316.12386876,347.88270138,347.88317063,0.04839774,1639.83243020,0.01998472,0.01998472,27316,83,0
7316.39162786,7316.39172195,355.00730476,355.00480108,0.05186255,1640.16233187,0.01998472,0.01998472,27315,83,0
7316.65983030,7316.65959475,362.13758320,362.14385529,0.05416385,1640.49214068,0.01998472,0.01998472,27314,83,0
7316.92787919,7316.92748716,369.27343391,369.28388024,0.03987805,1640.82109316,0.01998473,0.01998472,27313,83,0
7317.19494860,7317.19539918,376.41475356,376.40273916,0.03978932,1641.14817332,0.01998472,0.01998472,27312,83,0
7317.46233070,7317.46333081,383.56144872,383.53476304,0.03537570,1641.47496012,0.01998472,0.01998472,27311,83,0
7317.73144544,7317.73128206,390.71355529,390.71791773,0.03870599,1641.80318105,0.01998472,0.01998472,27310,83,0
7317.99913676,7317.99925293,397.87119756,397.86809344,0.06396155,1642.12898951,0.01998472,0.01998472,27309,83,0
7318.26788423,7318.26724342,405.03450209,405.05163693,0.05077045,1642.45540868,0.01998473,0.01998472,27308,83,0
7318.53579044,7318.53525354,412.20359606,412.21796335,0.04446495,1642.78013703,0.01998473,0.01998472,27307,83,0
7318.80372803,7318.80328328,419.37859251,419.39050275,0.03708366,1643.10423840,0.01998473,0.01998472,27306,83,0
7319.07141682,7319.07133264,426.55950962,426.56176547,0.03369260,1643.42737352,0.01998472,0.01998472,27305,83,0
7319.33944496,7319.33940164,433.74632758,433.74748957,0.05359481,1643.75024911,0.01998472,0.01998472,27304,83,0
7319.60733208,7319.60749027,440.93902638,440.93478087,0.06914586,1644.07228283,0.01998472,0.01998472,27303,83,0
7319.87562202,7319.87559853,448.13758591,448.13821682,0.04859660,1644.39412455,0.01998472,0.01998472,27302,83,0
7320.14380968,7320.14372642,455.34199100,455.34422895,0.03660451,1644.71516454,0.01998473,0.01998472,27301,83,0
7320.41189844,7320.41187396,462.55224368,462.55290223,0.03774879,1645.03540568,0.01998473,0.01998472,27300,83,0
7320.67962267,7320.68004113,469.76834965,469.75708508,0.05149967,1645.35453070,0.01998472,0.01998472,27299,83,0
7320.94858504,7320.94822795,476.99031461,476.99993418,0.06233485,1645.67444485,0.01998473,0.01998472,27298,83,0
7321.21682349,7321.21643441,484.21814372,484.22863258,0.03517786,1645.99281063,0.01998473,0.01998472,27297,83,0
7321.48505487,7321.48466052,491.45179139,491.46243025,0.03897853,1646.31047765,0.01998473,0.01998472,27296,83,0
7321.75201068,7321.75290628,498.69112223,498.66694368,0.04019968,1646.62594070,0.01998472,0.01998472,27295,83,0
7322.02120597,7322.02117169,505.93599106,505.93691727,0.05660262,1646.94334147,0.01998473,0.01998472,27294,83,0
7322.28940286,7322.28945675,513.18625194,513.18479492,0.04540595,1647.25884912,0.01998473,0.01998472,27293,83,0
7322.55749013,7322.55776147,520.44177304,520.43443304,0.02880789,1647.57350613,0.01998472,0.01998472,27292,83,0
7322.82594048,7322.82608585,527.70271224,527.69877717,0.04310557,1647.88787128,0.01998473,0.01998472,27291,83,0
7323.09372769,7323.09442988,534.96949361,534.95047090,0.05365793,1648.20076042,0.01998472,0.01998472,27290,83,0
7323.36331216,7323.36279358,542.24255301,542.25661326,0.04094256,1648.51506070,0.01998473,0.01998472,27289,83,0
7323.63181456,7323.63117694,549.52232844,549.53963131,0.03385223,1648.82742909,0.01998473,0.01998472,27288,83,0
7323.89921747,7323.89957996,556.80917736,556.79933170,0.03969276,1649.13786632,0.01998472,0.01998472,27287,83,0
7324.16829995,7324.16800266,564.10285289,564.11093435,0.05158380,1649.44958349,0.01998473,0.01998472,27286,83,0
7324.43711722,7324.43644502,571.40283719,571.42112364,0.03613452,1649.76029793,0.01998473,0.01998472,27285,83,0
7324.70492242,7324.70490706,578.70860860,578.70902658,0.04086993,1650.06912709,0.01998473,0.01998472,27284,83,0
7324.97280997,7324.97338878,586.01964296,586.00387669,0.05610213,1650.37731281,0.01998472,0.01998472,27283,83,0
7325.24189110,7325.24189017,593.33563725,593.33566272,0.03592646,1650.68611362,0.01998473,0.01998472,27282,83,0
7325.51073594,7325.51041123,600.65697360,600.66583005,0.03698698,1650.99389891,0.01998473,0.01998472,27281,83,0
7325.77868473,7325.77895198,607.98416735,607.97687253,0.05395017,1651.29993773,0.01998472,0.01998472,27280,83,0
7326.04825652,7326.04751242,615.31773638,615.33806405,0.04306588,1651.60712391,0.01998473,0.01998473,27279,83,0
7326.31573087,7326.31609254,622.65819132,622.64830223,0.04365862,1651.91123864,0.01998472,0.01998473,27278,83,0
7326.58450746,7326.58469234,630.00564677,630.00058723,0.05652400,1652.21615265,0.01998472,0.01998473,27277,83,0
7326.85381685,7326.85331184,637.35969156,637.37352280,0.03446137,1652.52096650,0.01998473,0.01998473,27276,83,0
7327.12210366,7327.12195103,644.71987636,644.72405968,0.04560450,1652.82390084,0.01998473,0.01998473,27275,83,0
7327.39007054,7327.39060991,652.08574955,652.07095658,0.05754640,1653.12573391,0.01998472,0.01998473,27274,83,0
7327.65968720,7327.65928849,659.45691699,659.46785885,0.02612201,1653.42866067,0.01998473,0.01998473,27273,83,0
7327.92819085,7327.92798677,666.83356426,666.83916885,0.05222455,1653.72958049,0.01998473,0.01998473,27272,83,0
7328.19640261,7328.19670475,674.21620570,674.20790159,0.04412243,1654.02943848,0.01998472,0.01998473,27271,83,0
7328.46531626,7328.46544243,681.60536192,681.60189128,0.03706520,1654.32936295,0.01998472,0.01998473,27270,83,0
7328.73414862,7328.73419982,689.00155614,689.00014634,0.06008746,1654.62849674,0.01998472,0.01998473,27269,83,0
7329.00369743,7329.00297692,696.40511184,696.42496756,0.03635817,1654.92773557,0.01998473,0.01998473,27268,83,0
7329.27176849,7329.27177372,703.81567459,703.81553043,0.05372465,1655.22462964,0.01998473,0.01998473,27267,83,0
7329.54055729,7329.54059023,711.23274563,711.23183628,0.03091360,1655.52159108,0.01998473,0.01998473,27266,83,0
7329.80924596,7329.80942646,718.65582364,718.65083799,0.03745571,1655.81769154,0.01998472,0.01998473,27265,83,0
7330.07795393,7330.07828241,726.08441614,726.07533714,0.04762666,1656.11304132,0.01998472,0.01998473,27264,83,0
7330.34701447,7330.34715807,733.51842680,733.51445513,0.03546502,1656.40799938,0.01998472,0.01998473,27263,83,0
7330.61633714,7330.61605345,740.95825209,740.96610403,0.04593860,1656.70247770,0.01998473,0.01998473,27262,83,0
7330.88475036,7330.88496856,748.40432114,748.39827698,0.03156471,1656.99521283,0.01998472,0.01998473,27261,83,0
7331.15399236,7331.15390339,755.85706526,755.85953188,0.04871606,1657.28811555,0.01998473,0.01998473,27260,83,0
7331.42388748,7331.42285795,763.31686435,763.34543243,0.03635211,1657.58100118,0.01998473,0.01998473,27259,83,0
7331.69163685,7331.69183223,770.78370016,770.77827381,0.04999527,1657.87083522,0.01998472,0.01998473,27258,83,0
7331.96125999,7331.96082625,778.25737343,778.26942926,0.04341650,1658.16195953,0.01998473,0.01998473,27257,83,0
7332.22961167,7332.22984000,785.73768300,785.73133150,0.05089552,1658.45096540,0.01998472,0.01998473,27256,83,0
7332.49932215,7332.49887349,793.22442699,793.23691744,0.03929058,1658.74067496,0.01998473,0.01998473,27255,83,0
7332.76799239,7332.76792671,800.71748864,800.71931842,0.04849135,1659.02850316,0.01998472,0.01998473,27254,83,0
7333.03709144,7333.03699967,808.21694616,808.21950487,0.04695586,1659.31602716,0.01998473,0.01998473,27253,83,0
7333.30610084,7333.30609238,815.72290515,815.72314112,0.03858936,1659.60269326,0.01998472,0.01998473,27252,83,0
7333.57517824,7333.57520483,823.23547173,823.23472925,0.04874895,1659.88867128,0.01998472,0.01998473,27251,83,0
7333.84514137,7333.84433702,830.75474804,830.77722998,0.05072823,1660.17482773,0.01998473,0.01998473,27250,83,0
7334.11404561,7334.11348897,838.28077100,838.29634212,0.03676695,1660.45910104,0.01998473,0.01998473,27249,83,0
7334.38275727,7334.38266066,845.81352830,845.81623303,0.05292001,1660.74240946,0.01998472,0.01998473,27248,83,0
7334.65268140,7334.65185211,853.35300636,853.37624259,0.03517803,1661.02622705,0.01998473,0.01998473,27247,83,0
7334.92136901,7334.92106331,860.89919150,860.90776408,0.05134359,1661.30797594,0.01998473,0.01998473,27246,83,0
7335.19111111,7335.19029427,868.45211917,868.47504425,0.03467387,1661.59005817,0.01998473,0.01998473,27245,83,0
7335.45908497,7335.45954499,876.01199815,875.99907650,0.06014838,1661.86953021,0.01998472,0.01998473,27244,83,0
7335.72921788,7335.72881547,883.57907639,883.59038998,0.03851006,1662.15049282,0.01998473,0.01998473,27243,83,0
7335.99829095,7335.99810571,891.15360314,891.15881576,0.05301747,1662.42959997,0.01998473,0.01998473,27242,83,0
7336.26722981,7336.26741572,898.73581341,898.73057672,0.05183614,1662.70782268,0.01998472,0.01998473,27241,83,0
7336.53708752,7336.53674550,906.32557729,906.33521981,0.03872572,1662.98623948,0.01998473,0.01998473,27240,83,0
7336.80604601,7336.80609505,913.92239295,913.92100931,0.05186887,1663.26295351,0.01998473,0.01998473,27239,83,0
7337.07534583,7337.07546437,921.52573933,921.52239205,0.03015525,1663.53922204,0.01998473,0.01998473,27238,83,0
7337.34469657,7337.34485346,929.13509253,929.13065934,0.05111655,1663.81472413,0.01998473,0.01998473,27237,83,0
7337.61428755,7337.61426234,936.75008810,936.75080100,0.05447840,1664.08963676,0.01998473,0.01998473,27236,83,0
7337.88362781,7337.88369099,944.37107989,944.36929223,0.02953835,1664.36347001,0.01998473,0.01998473,27235,83,0
7338.15259433,7338.15313942,951.99862345,951.98318670,0.05346326,1664.63611932,0.01998473,0.01998473,27234,83,0
7338.42278021,7338.42260763,959.63327734,959.63816920,0.04048111,1664.90921334,0.01998473,0.01998473,27233,83,0
7338.69217148,7338.69209563,967.27558757,967.27773946,0.04737993,1665.18073133,0.01998473,0.01998473,27232,83,0
7338.96077894,7338.96160342,974.92565561,974.90224176,0.04916816,1665.45069171,0.01998472,0.01998473,27231,83,0
7339.23098989,7339.23113100,982.58307898,982.57906845,0.03244755,1665.72147321,0.01998473,0.01998473,27230,83,0
7339.50063806,7339.50067837,990.24742609,990.24627946,0.04763135,1665.99088248,0.01998473,0.01998473,27229,83,0
7339.76998206,7339.77024553,997.91826293,997.91076289,0.04691124,1666.25916413,0.01998473,0.01998473,27228,83,0
7340.03936010,7340.03983249,1005.59526730,1005.58181011,0.02893661,1666.52664268,0.01998473,0.01998473,27227,83,0
7340.30966872,7340.30943925,1013.27862791,1013.28516995,0.05177180,1666.79420814,0.01998473,0.01998473,27226,83,0
7340.57934790,7340.57906581,1020.96867833,1020.97672737,0.04814768,1667.06032415,0.01998473,0.01998473,27225,83,0
7340.84866171,7340.84871217,1028.66575396,1028.66431293,0.04817262,1667.32526491,0.01998473,0.01998473,27224,83,0
7341.11864774,7341.11837834,1036.37018179,1036.37788221,0.03582813,1667.59005838,0.01998473,0.01998473,27223,83,0
7341.38786817,7341.38806431,1044.08204078,1044.07642957,0.05268993,1667.85329475,0.01998473,0.01998473,27222,83,0
7341.65767447,7341.65777009,1051.80115188,1051.79841388,0.04434415,1668.11628741,0.01998473,0.01998473,27221,83,0
7341.92787188,7341.92749569,1059.52732315,1059.53810338,0.05624077,1668.37883285,0.01998473,0.01998473,27220,83,0
7342.19707550,7342.19724110,1067.26036153,1067.25561214,0.03507098,1668.63957902,0.01998473,0.01998473,27219,83,0
7342.46660475,7342.46700632,1075.00012445,1074.98859852,0.05249400,1668.89979970,0.01998473,0.01998473,27218,83,0
7342.73619405,7342.73679137,1082.74665628,1082.72949816,0.04902300,1669.15923563,0.01998473,0.01998473,27217,83,0
7343.00651637,7343.00659623,1090.50004436,1090.49774854,0.03015381,1669.41853114,0.01998473,0.01998473,27216,83,0
7343.27645608,7343.27642092,1098.26037652,1098.26138841,0.05233655,1669.67661481,0.01998473,0.01998473,27215,83,0
7343.54660801,7343.54626543,1106.02774960,1106.03761488,0.04404307,1669.93405675,0.01998473,0.01998473,27214,83,0
7343.81575513,7343.81612976,1113.80239220,1113.79159444,0.05014585,1670.18970579,0.01998473,0.01998473,27213,83,0
7344.08604301,7344.08601393,1121.58463688,1121.58547595,0.05130641,1670.44560742,0.01998473,0.01998473,27212,83,0
7344.35609752,7344.35591793,1129.37482079,1129.38000701,0.03178593,1670.70046461,0.01998473,0.01998473,27211,83,0
7344.62597930,7344.62584176,1137.17328220,1137.17725812,0.04378866,1670.95434442,0.01998473,0.01998473,27210,83,0
7344.89615173,7344.89578542,1144.98012900,1144.99072787,0.04580878,1671.20768255,0.01998473,0.01998473,27209,83,0
7345.16532373,7345.16574893,1152.79491307,1152.78259899,0.04879554,1671.45925398,0.01998473,0.01998473,27208,83,0
7345.43592224,7345.43573227,1160.61710210,1160.62260827,0.04636548,1671.71130489,0.01998473,0.01998473,27207,83,0
7345.70600430,7345.70573546,1168.44616070,1168.45395909,0.02786343,1671.96200122,0.01998473,0.01998473,27206,83,0
7345.97564235,7345.97575849,1176.28163692,1176.27826551,0.05131006,1672.21139795,0.01998473,0.01998473,27205,83,0
7346.24536483,7346.24580137,1184.12377170,1184.11108927,0.04705730,1672.45999085,0.01998473,0.01998473,27204,83,0
7346.51555174,7346.51586409,1191.97314252,1191.96405986,0.04383668,1672.70814317,0.01998473,0.01998473,27203,83,0
7346.78635340,7346.78594667,1199.83033232,1199.84217061,0.04071813,1672.95600338,0.01998473,0.01998473,27202,83,0
7347.05630932,7347.05604910,1207.69591769,1207.70349937,0.04992923,1673.20225088,0.01998473,0.01998473,27201,83,0
7347.32623203,7347.32617138,1215.57008269,1215.57185133,0.05240232,1673.44763340,0.01998473,0.01998473,27200,83,0
7347.59605643,7347.59631353,1223.45248675,1223.44498160,0.02881503,1673.69207855,0.01998473,0.01998473,27199,83,0
7347.86586816,7347.86647553,1231.34275103,1231.32500440,0.04549511,1673.93564962,0.01998472,0.01998473,27198,83,0
7348.13645693,7348.13665739,1239.24049447,1239.23463220,0.04524801,1674.17904113,0.01998473,0.01998473,27197,83,0
7348.40689098,7348.40685912,1247.14544313,1247.14637573,0.04826953,1674.42140066,0.01998473,0.01998473,27196,83,0
7348.67729935,7348.67708071,1255.05772410,1255.06412868,0.04290429,1674.66284586,0.01998473,0.01998473,27195,83,0
7348.94676176,7348.94732218,1262.97755779,1262.96112644,0.04157242,1674.90256367,0.01998473,0.01998473,27194,83,0
7349.21756450,7349.21758351,1270.90516588,1270.90460799,0.04241026,1675.14258987,0.01998473,0.01998473,27193,83,0
7349.48799210,7349.48786472,1278.84075586,1278.84449753,0.04619180,1675.38140245,0.01998473,0.01998473,27192,83,0
7349.75792979,7349.75816580,1286.78436664,1286.77742764,0.04342507,1675.61890238,0.01998473,0.01998473,27191,83,0
7350.02822257,7350.02848676,1294.73593223,1294.72815752,0.04811657,1675.85582871,0.01998473,0.01998473,27190,83,0
7350.29893768,7350.29882759,1302.69538468,1302.69862728,0.04906505,1676.09223145,0.01998473,0.01998473,27189,83,0
7350.56945844,7350.56918831,1310.66265543,1310.67061936,0.04656549,1676.32756588,0.01998473,0.01998473,27188,83,0
7350.83939067,7350.83956891,1318.63766713,1318.63240736,0.04921238,1676.56148771,0.01998473,0.01998473,27187,83,0
7351.10986565,7351.10996940,1326.62032971,1326.61726533,0.05021981,1676.79497189,0.01998473,0.01998473,27186,83,0
7351.38090613,7351.38038978,1334.61055157,1334.62581501,0.04382902,1677.02802686,0.01998473,0.01998473,27185,83,0
7351.65084700,7351.65083005,1342.60824052,1342.60874218,0.04741800,1677.25921797,0.01998473,0.01998473,27184,83,0
7351.92100780,7351.92129021,1350.61338586,1350.60502335,0.04994946,1677.48967666,0.01998473,0.01998473,27183,83,0
7352.19178889,7352.19177026,1358.62626243,1358.62681474,0.04844680,1677.71974514,0.01998473,0.01998473,27182,83,0
7352.46200383,7352.46227021,1366.64720884,1366.63930633,0.04622175,1677.94842169,0.01998473,0.01998473,27181,83,0
7352.73299402,7352.73279006,1374.67656569,1374.68262260,0.04855186,1678.17684698,0.01998473,0.01998473,27180,83,0
7353.00333872,7353.00332981,1382.71463088,1382.71489570,0.04740036,1678.40382786,0.01998473,0.01998473,27179,83,0
7353.27366997,7353.27388947,1390.76132277,1390.75479146,0.04724075,1678.62989257,0.01998473,0.01998473,27178,83,0
7353.54448907,7353.54446903,1398.81636600,1398.81696307,0.04814244,1678.85544685,0.01998473,0.01998473,27177,83,0
7353.81460486,7353.81506850,1406.87948204,1406.86566080,0.04433317,1679.07948873,0.01998473,0.01998473,27176,83,0
7354.08588700,7354.08568787,1414.95039666,1414.95633806,0.04272348,1679.30355580,0.01998473,0.01998473,27175,83,0
7354.35628432,7354.35632716,1423.02898341,1423.02770399,0.03990555,1679.52594589,0.01998473,0.01998473,27174,83,0
7354.62689094,7354.62698637,1431.11527087,1431.11241845,0.04894419,1679.74756018,0.01998473,0.01998473,27173,83,0
7354.89787331,7354.89766549,1439.20929507,1439.21551225,0.04498463,1679.96852989,0.01998473,0.01998473,27172,83,0
7355.16821358,7355.16836453,1447.31109328,1447.30657346,0.05029991,1680.18802438,0.01998473,0.01998473,27171,83,0
7355.43886514,7355.43908349,1455.42086012,1455.41431598,0.04940113,1680.40682166,0.01998473,0.01998473,27170,83,0
7355.71021145,7355.70982238,1463.53911349,1463.55078597,0.04593495,1680.62523718,0.01998473,0.01998473,27169,83,0
7355.98037304,7355.98058119,1471.66641391,1471.66016258,0.04598987,1680.84177218,0.01998473,0.01998473,27168,83,0
7356.25125841,7356.25135993,1479.80332534,1479.80027296,0.05103416,1681.05797003,0.01998473,0.01998473,27167,83,0
7356.52222279,7356.52215859,1487.95017755,1487.95210991,0.04416932,1681.27331686,0.01998473,0.01998473,27166,83,0
7356.79308249,7356.79297719,1496.10633823,1496.10951105,0.04297806,1681.48764624,0.01998473,0.01998473,27165,83,0
7357.06378497,7357.06381573,1504.27092666,1504.26999903,0.04301781,1681.70089126,0.01998473,0.01998473,27164,83,0
7357.33554562,7357.33467420,1512.44305659,1512.46935880,0.05244073,1681.91397806,0.01998473,0.01998473,27163,83,0
7357.60520016,7357.60555261,1520.62196961,1520.61132391,0.04584832,1682.12440888,0.01998473,0.01998473,27162,83,0
7357.87652885,7357.87645096,1528.80795932,1528.81031402,0.04155787,1682.33514103,0.01998473,0.01998473,27161,83,0
7358.14708029,7358.14736925,1537.00182423,1536.99308055,0.03822645,1682.54428314,0.01998473,0.01998473,27160,83,0
7358.41829451,7358.41830749,1545.20437089,1545.20397788,0.04468452,1682.75296634,0.01998473,0.01998473,27159,83,0
7358.68941705,7358.68926567,1553.41637019,1553.42096047,0.05239130,1682.96062301,0.01998473,0.01998473,27158,83,0
7358.96047487,7358.96024381,1561.63793875,1561.64495300,0.04266109,1683.16727372,0.01998473,0.01998473,27157,83,0
7359.23141423,7359.23124189,1569.86865895,1569.87389579,0.03982207,1683.37286418,0.01998473,0.01998473,27156,83,0
7359.50210760,7359.50225993,1578.10809511,1578.10346151,0.04818512,1683.57728512,0.01998473,0.01998473,27155,83,0
7359.77403826,7359.77329793,1586.35581686,1586.37835525,0.05457244,1683.78163708,0.01998473,0.01998473,27154,83,0
7360.04409129,7360.04435589,1594.61170582,1594.60364304,0.04810110,1683.98357660,0.01998473,0.01998473,27153,83,0
7360.31544193,7360.31543380,1602.87605193,1602.87629972,0.04101260,1684.18548504,0.01998473,0.01998473,27152,83,0
7360.58606811,7360.58653168,1611.14917423,1611.13502017,0.04253993,1684.38585893,0.01998473,0.01998473,27151,83,0
7360.85761109,7360.85764953,1619.43139266,1619.43021781,0.05201085,1684.58591655,0.01998473,0.01998473,27150,83,0
7361.12904098,7361.12878734,1627.72287160,1627.73063220,0.04101522,1684.78489495,0.01998473,0.01998473,27149,83,0
7361.39955043,7361.39994512,1636.02346045,1636.01137225,0.03924212,1684.98220062,0.01998473,0.01998473,27148,83,0
7361.67103714,7361.67112287,1644.33296982,1644.33034139,0.04349944,1685.17920922,0.01998473,0.01998473,27147,83,0
7361.94224387,7361.94232060,1652.65120914,1652.64885463,0.05278435,1685.37499643,0.01998473,0.01998473,27146,83,0
7362.21383903,7362.21353830,1660.97808890,1660.98732631,0.04383531,1685.57003848,0.01998473,0.01998473,27145,83,0
7362.48461476,7362.48477598,1669.31382756,1669.30887055,0.05297660,1685.76347197,0.01998473,0.01998473,27144,83,0
7362.75617479,7362.75603364,1677.65870292,1677.66304742,0.04875843,1685.95644552,0.01998473,0.01998473,27143,83,0
7363.02708458,7363.02731128,1686.01299456,1686.00600909,0.04169858,1686.14794162,0.01998473,0.01998473,27142,83,0
7363.29882584,7363.29860891,1694.37689717,1694.38358831,0.05153056,1686.33900717,0.01998473,0.01998473,27141,83,0
7363.56961738,7363.56992653,1702.75022730,1702.74068138,0.04429474,1686.52838237,0.01998473,0.01998473,27140,83,0
7363.84119738,7363.84126413,1711.13269649,1711.13063328,0.03895171,1686.71727334,0.01998473,0.01998473,27139,83,0
7364.11255378,7364.11262173,1719.52401432,1719.52191191,0.04708280,1686.90496270,0.01998473,0.01998473,27138,83,0
7364.38388064,7364.38399932,1727.92395079,1727.92027537,0.03831193,1687.09157740,0.01998473,0.01998473,27137,83,0
7364.65516997,7364.65539691,1736.33265169,1736.32561712,0.04280700,1687.27711201,0.01998473,0.01998473,27136,83,0
7364.92641040,7364.92681449,1744.75040504,1744.73786605,0.05141624,1687.46156192,0.01998473,0.01998473,27135,83,0
7365.19820592,7365.19825208,1753.17750096,1753.17606726,0.04152481,1687.64533750,0.01998473,0.01998473,27134,83,0
7365.46964851,7365.46970966,1761.61420293,1761.61230138,0.05026577,1687.82782541,0.01998473,0.01998473,27133,83,0
7365.74103934,7365.74118725,1770.06054757,1770.05594301,0.03822551,1688.00922726,0.01998473,0.01998473,27132,83,0
7366.01248023,7366.01268485,1778.51646187,1778.51008550,0.04729812,1688.18960556,0.01998473,0.01998473,27131,83,0
7366.28393696,7366.28420246,1786.98187162,1786.97358941,0.04122948,1688.36893163,0.01998473,0.01998473,27130,83,0
7366.55599248,7366.55574008,1795.45670291,1795.46458451,0.04579640,1688.54758143,0.01998473,0.01998473,27129,83,0
7366.82690552,7366.82729771,1803.94088994,1803.92863036,0.03469040,1688.72440945,0.01998473,0.01998473,27128,83,0
7367.09868372,7367.09887536,1812.43437148,1812.42837492,0.04936388,1688.90072258,0.01998473,0.01998473,27127,83,0
7367.37075256,7367.37047303,1820.93708589,1820.94584132,0.03922199,1689.07613605,0.01998473,0.01998473,27126,83,0
7367.64215096,7367.64209072,1829.44898251,1829.45087121,0.05143111,1689.25002759,0.01998473,0.01998473,27125,83,0
7367.91342556,7367.91372843,1837.97014936,1837.96064371,0.03780547,1689.42275019,0.01998473,0.01998473,27124,83,0
7368.18521506,7368.18538616,1846.50076796,1846.49539218,0.04843991,1689.59470790,0.01998473,0.01998473,27123,83,0
7368.45663422,7368.45706392,1855.04102269,1855.02750764,0.04385391,1689.76533948,0.01998473,0.01998473,27122,83,0
7368.72837246,7368.72876171,1863.59109969,1863.57884363,0.04691606,1689.93507828,0.01998473,0.01998473,27121,83,0
7369.00037690,7369.00047953,1872.15119377,1872.14795880,0.03850427,1690.10388741,0.01998473,0.01998473,27120,83,0
7369.27206395,7369.27221739,1880.72150648,1880.71666435,0.04611154,1690.27140467,0.01998473,0.01998473,27119,83,0
7369.54404333,7369.54397528,1889.30224081,1889.30439074,0.04642220,1690.43800577,0.01998473,0.01998473,27118,83,0
7369.81596273,7369.81575321,1897.89357343,1897.90020063,0.03823055,1690.60347242,0.01998473,0.01998473,27117,83,0
7370.08776663,7370.08755118,1906.49527772,1906.50209997,0.04468191,1690.76776306,0.01998473,0.01998473,27116,83,0
7370.35946398,7370.35936919,1915.10681862,1915.10982329,0.05285985,1690.93086996,0.01998473,0.01998473,27115,83,0
7370.63159253,7370.63120724,1923.72764969,1923.73987428,0.03438348,1691.09309949,0.01998473,0.01998473,27114,83,0
7370.90356944,7370.90306535,1932.35726912,1932.37327825,0.04841611,1691.25408917,0.01998473,0.01998473,27113,83,0
7371.17483283,7371.17494350,1940.99587021,1940.99235221,0.03704597,1691.41351175,0.01998473,0.01998473,27112,83,0
7371.44698134,7371.44684170,1949.64417266,1949.64861677,0.04626948,1691.57231503,0.01998473,0.01998473,27111,83,0
7371.71908362,7371.71875996,1958.30291389,1958.31322657,0.04524149,1691.72995950,0.01998473,0.01998473,27110,83,0
7371.99091630,7371.99069827,1966.97277593,1966.97973138,0.03889689,1691.88632550,0.01998473,0.01998473,27109,83,0
7372.26223213,7372.26265664,1975.65364327,1975.64008521,0.04591009,1692.04126883,0.01998473,0.01998473,27108,83,0
7372.53506027,7372.53463507,1984.34483037,1984.35842497,0.04490174,1692.19592518,0.01998473,0.01998473,27107,83,0
7372.80715838,7372.80663356,1993.04563477,1993.06243110,0.03549043,1692.34900171,0.01998473,0.01998473,27106,83,0
7373.07829878,7373.07865212,2001.75540407,2001.74408529,0.05296223,1692.50036580,0.01998473,0.01998473,27105,83,0
7373.35097695,7373.35069074,2010.47411068,2010.48328802,0.04553855,1692.65140245,0.01998473,0.01998473,27104,83,0
7373.62307307,7373.62274943,2019.20212801,2019.21251616,0.05083758,1692.80093384,0.01998473,0.01998473,27103,83,0
7373.89531357,7373.89482820,2027.93983851,2027.95543442,0.03038169,1692.94936449,0.01998473,0.01998473,27102,83,0
7374.16694307,7374.16692703,2036.68762987,2036.68814583,0.04493556,1693.09628790,0.01998473,0.01998473,27101,83,0
7374.43925272,7374.43904595,2045.44591612,2045.45257516,0.04561947,1693.24240450,0.01998473,0.01998473,27100,83,0
7374.71087898,7374.71118494,2054.21512711,2054.20526226,0.04834073,1693.38698517,0.01998473,0.01998473,27099,83,0
7374.98341817,7374.98334401,2062.99569580,2062.99808982,0.03566273,1693.53088041,0.01998473,0.01998473,27098,83,0
7375.25539123,7375.25552316,2071.78799117,2071.78372653,0.05049009,1693.67330804,0.01998473,0.01998473,27097,83,0
7375.52827326,7375.52772240,2080.59189961,2080.60972737,0.04733233,1693.81503134,0.01998473,0.01998473,27096,83,0
7375.80039057,7375.79994172,2089.40709313,2089.42163661,0.04390948,1693.95516984,0.01998473,0.01998473,27095,83,0
7376.07277444,7376.07218114,2098.23324042,2098.25248673,0.04359550,1694.09424772,0.01998473,0.01998473,27094,83,0
7376.34464970,7376.34444064,2107.07004372,2107.07683293,0.04821719,1694.23186139,0.01998473,0.01998473,27093,83,0
7376.61681592,7376.61672024,2115.91739669,2115.92050735,0.04007841,1694.36841071,0.01998473,0.01998473,27092,83,0
7376.88864162,7376.88901993,2124.77525697,2124.76294371,0.05050863,1694.50357393,0.01998473,0.01998473,27091,83,0
7377.16149385,7377.16133972,2133.64358190,2133.64860380,0.04501071,1694.63802095,0.01998473,0.01998473,27090,83,0
7377.43333887,7377.43367961,2142.52239396,2142.51127865,0.04679654,1694.77074524,0.01998473,0.01998473,27089,83,0
7377.70602658,7377.70603961,2151.41196591,2151.41154033,0.04454277,1694.90265052,0.01998473,0.01998473,27088,83,0
7377.97774246,7377.97841971,2160.31263219,2160.29048836,0.04327217,1695.03286005,0.01998473,0.01998473,27087,83,0
7378.25047948,7378.25081991,2169.22472939,2169.21358452,0.04804025,1695.16232850,0.01998473,0.01998473,27086,83,0
7378.52348018,7378.52324023,2178.14846520,2178.15633016,0.04942480,1695.29068548,0.01998473,0.01998473,27085,83,0
7378.79577692,7378.79568065,2187.08370853,2187.08686774,0.04594049,1695.41747199,0.01998473,0.01998473,27084,83,0
7379.06827572,7379.06814119,2196.03027286,2196.03469285,0.05034015,1695.54310558,0.01998473,0.01998473,27083,83,0
7379.34033552,7379.34062184,2204.98797007,2204.97855202,0.03151835,1695.66728468,0.01998473,0.01998473,27082,83,0
7379.61301313,7379.61312261,2213.95659990,2213.95299462,0.05197323,1695.79048274,0.01998473,0.01998473,27081,83,0
7379.88555456,7379.88564351,2222.93594227,2222.93300998,0.03578925,1695.91234791,0.01998473,0.01998473,27080,83,0
7380.15811120,7380.15818452,2231.92577361,2231.92335381,0.04870183,1696.03294096,0.01998473,0.01998473,27079,83,0
7380.43052727,7380.43074566,2240.92588095,2240.91866564,0.04969112,1696.15218637,0.01998473,0.01998473,27078,83,0
7380.70327327,7380.70332693,2249.93638476,2249.93460999,0.05212315,1696.27028573,0.01998473,0.01998473,27077,83,0
7380.97579351,7380.97592832,2258.95777280,2258.95330873,0.03294178,1696.38699933,0.01998473,0.01998473,27076,83,0
7381.24842231,7381.24854985,2267.99055504,2267.98632684,0.05196585,1696.50247276,0.01998473,0.01998473,27075,83,0
7381.52133000,7381.52119151,2277.03521723,2277.03981437,0.05317512,1696.61677640,0.01998473,0.01998473,27074,83,0
7381.79389936,7381.79385330,2286.09190573,2286.09343645,0.05408844,1696.72964858,0.01998473,0.01998473,27073,83,0
7382.06630697,7382.06653523,2295.16053818,2295.15294190,0.04524925,1696.84115954,0.01998473,0.01998473,27072,83,0
7382.33887042,7382.33923731,2304.24102731,2304.22880328,0.04956167,1696.95143288,0.01998473,0.01998473,27071,83,0
7382.61219034,7382.61195952,2313.33326430,2313.34096392,0.04155036,1697.06069833,0.01998473,0.01998473,27070,83,0
7382.88445453,7382.88470188,2322.43701124,2322.42875019,0.04199304,1697.16822550,0.01998473,0.01998473,27069,83,0
7383.15753086,7383.15746439,2331.55197957,2331.55420214,0.04313772,1697.27474523,0.01998473,0.01998473,27068,83,0
7383.43026010,7383.43024705,2340.67787840,2340.67831521,0.04198578,1697.37979354,0.01998473,0.01998473,27067,83,0
7383.70325144,7383.70304985,2349.81463339,2349.82138884,0.05098330,1697.48359988,0.01998473,0.01998473,27066,83,0
7383.97584374,7383.97587282,2358.96285692,2358.96188135,0.04950368,1697.58591573,0.01998473,0.01998473,27065,83,0
7384.24836132,7384.24871593,2368.12330067,2368.11138716,0.04569005,1697.68686930,0.01998473,0.01998473,27064,83,0
7384.52208050,7384.52157921,2377.29671462,2377.31357938,0.04042319,1697.78692762,0.01998473,0.01998473,27063,83,0
7384.79445248,7384.79446264,2386.48336982,2386.48302752,0.04118384,1697.88515694,0.01998473,0.01998473,27062,83,0
7385.06765030,7385.06736624,2395.68276629,2395.69234787,0.04769708,1697.98233342,0.01998473,0.01998473,27061,83,0
7385.34057356,7385.34029000,2404.89433104,2404.90390746,0.04731499,1698.07804977,0.01998473,0.01998473,27060,83,0
7385.61351904,7385.61323393,2414.11751205,2414.12715203,0.05251381,1698.17240075,0.01998473,0.01998473,27059,83,0
7385.88646204,7385.88619803,2423.35216250,2423.36109940,0.04045045,1698.26537084,0.01998473,0.01998473,27058,83,0
7386.15868942,7386.15918230,2432.59846441,2432.58175996,0.03900664,1698.35671912,0.01998473,0.01998473,27057,83,0
7386.43264289,7386.43218674,2441.85661055,2441.87208890,0.04863143,1698.44725369,0.01998473,0.01998473,27056,83,0
7386.70519463,7386.70521136,2451.12683406,2451.12626559,0.05649125,1698.53593515,0.01998473,0.01998473,27055,83,0
7386.97787020,7386.97825616,2460.40960716,2460.39647688,0.04383526,1698.62326845,0.01998473,0.01998473,27054,83,0
7387.25148692,7387.25132114,2469.70549523,2469.71114283,0.04318164,1698.70950657,0.01998473,0.01998473,27053,83,0
7387.52453191,7387.52440630,2479.01506723,2479.01935240,0.04809283,1698.79416885,0.01998473,0.01998473,27052,83,0
7387.79726800,7387.79751164,2488.33850393,2488.33018080,0.04079628,1698.87733873,0.01998473,0.01998473,27051,83,0
7388.07049493,7388.07063717,2497.67499949,2497.67013390,0.04271339,1698.95924516,0.01998473,0.01998473,27050,83,0
7388.34359994,7388.34378289,2507.02358852,2507.01732334,0.04585333,1699.03968724,0.01998473,0.01998473,27049,83,0
7388.61730397,7388.61694881,2516.38332872,2516.39550461,0.03875107,1699.11886000,0.01998473,0.01998473,27048,83,0
7388.89009619,7388.89013491,2525.75408287,2525.75275394,0.04427383,1699.19632255,0.01998473,0.01998473,27047,83,0
7389.16286169,7389.16334122,2535.13658631,2535.12010811,0.05111847,1699.27233444,0.01998473,0.01998473,27046,83,0
7389.43687871,7389.43656772,2544.53162336,2544.54232403,0.04034416,1699.34724281,0.01998473,0.01998473,27045,83,0
7389.70943153,7389.70981442,2553.93989177,2553.92669966,0.04995390,1699.42030642,0.01998473,0.01998473,27044,83,0
7389.98306177,7389.98308132,2563.36142017,2563.36074563,0.03824411,1699.49220361,0.01998473,0.01998473,27043,83,0
7390.25638221,7390.25636843,2572.79593954,2572.79641549,0.04064043,1699.56255550,0.01998473,0.01998473,27042,83,0
7390.52953766,7390.52967575,2582.24317756,2582.23840153,0.04958681,1699.63139505,0.01998473,0.01998473,27041,83,0
7390.80314977,7390.80300327,2591.70298781,2591.70806118,0.04053268,1699.69886948,0.01998473,0.01998473,27040,83,0
7391.07637839,7391.07635101,2601.17554581,2601.17649517,0.05007852,1699.76476625,0.01998473,0.01998473,27039,83,0
7391.35000537,7391.34971896,2610.66107862,2610.67102320,0.04795815,1699.82926925,0.01998473,0.01998473,27038,83,0
7391.62325405,7391.62310713,2620.15981575,2620.16492374,0.04285467,1699.89219055,0.01998473,0.01998473,27037,83,0
7391.89633901,7391.89651551,2629.67200208,2629.66585704,0.04171354,1699.95357925,0.01998473,0.01998473,27036,83,0
7392.17002589,7392.16994412,2639.19789706,2639.20074790,0.05097248,1700.01359902,0.01998473,0.01998473,27035,83,0
7392.44337877,7392.44339295,2648.73776275,2648.73726787,0.05397208,1700.07203742,0.01998473,0.01998473,27034,83,0
7392.71674412,7392.71686200,2658.29180137,2658.28768018,0.04368087,1700.12896562,0.01998473,0.01998473,27033,83,0
7392.99060861,7392.99035129,2667.85989623,2667.86890490,0.04767457,1700.18447321,0.01998473,0.01998473,27032,83,0
7393.26401809,7393.26386080,2677.44182615,2677.44734023,0.03440721,1700.23835840,0.01998473,0.01998473,27031,83,0
7393.53740716,7393.53739054,2687.03737068,2687.03795427,0.04883143,1700.29070298,0.01998473,0.01998473,27030,83,0
7393.81105310,7393.81094052,2696.64649046,2696.65044783,0.05142776,1700.34155123,0.01998473,0.01998473,27029,83,0
7394.08477864,7394.08451073,2706.26943931,2706.27886966,0.04036747,1700.39086206,0.01998473,0.01998473,27028,83,0
7394.35829465,7394.35810118,2715.90649960,2715.91331903,0.04643860,1700.43857914,0.01998473,0.01998473,27027,83,0
7394.63189150,7394.63171188,2725.55790305,2725.56424375,0.03563663,1700.48474845,0.01998473,0.01998473,27026,83,0
7394.90519341,7394.90534281,2735.22341453,2735.21813361,0.04715116,1700.52930035,0.01998473,0.01998473,27025,83,0
7395.17858282,7395.17899399,2744.90255200,2744.88799924,0.04780571,1700.57229000,0.01998473,0.01998473,27024,83,0
7395.45262594,7395.45266542,2754.59482835,2754.59342923,0.03945915,1700.61379132,0.01998473,0.01998473,27023,83,0
7395.72635469,7395.72635710,2764.30007798,2764.29999245,0.04825803,1700.65364763,0.01998473,0.01998473,27022,83,0
7396.00026089,7396.00006903,2774.01888672,2774.02570380,0.04968211,1700.69192766,0.01998473,0.01998473,27021,83,0
7396.27388293,7396.27380122,2783.75195140,2783.75485883,0.04724617,1700.72856374,0.01998473,0.01998473,27020,83,0
7396.54736111,7396.54755366,2793.49993503,2793.49307351,0.03348579,1700.76357374,0.01998473,0.01998473,27019,83,0
7396.82115007,7396.82132636,2803.26301121,2803.25672012,0.05054534,1700.79700759,0.01998473,0.01998473,27018,83,0
7397.09531862,7397.09511932,2813.04101961,2813.04814256,0.04682139,1700.82885959,0.01998473,0.01998473,27017,83,0
7397.36920086,7397.36893254,2822.83379207,2822.84339513,0.04626815,1700.85904363,0.01998473,0.01998473,27016,83,0
7397.64287347,7397.64276603,2832.64119365,2832.64504415,0.05131161,1700.88756488,0.01998473,0.01998473,27015,83,0
7397.91650150,7397.91661979,2842.46318363,2842.45893799,0.05177816,1700.91443546,0.01998473,0.01998473,27014,83,0
7398.19039395,7398.19049382,2852.29973700,2852.29614751,0.03881045,1700.93967643,0.01998473,0.01998473,27013,83,0
7398.46433878,7398.46438812,2862.15082032,2862.14904445,0.04731801,1700.96325803,0.01998473,0.01998473,27012,83,0
7398.73797170,7398.73830269,2872.01628963,2872.00436035,0.04573941,1700.98514371,0.01998473,0.01998473,27011,83,0
7399.01238515,7399.01223755,2881.89592016,2881.90124735,0.04591044,1701.00540891,0.01998473,0.01998473,27010,83,0
7399.28584009,7399.28619268,2891.78948370,2891.77674190,0.04368901,1701.02391936,0.01998473,0.01998473,27009,83,0
7399.56046183,7399.56016809,2901.69698016,2901.70760984,0.04967973,1701.04081001,0.01998473,0.01998473,27008,83,0
7399.83409314,7399.83416378,2911.61901789,2911.61645785,0.04434042,1701.05594043,0.01998473,0.01998473,27007,83,0
7400.10840533,7400.10817976,2921.55630998,2921.56449623,0.04962105,1701.06939949,0.01998473,0.01998473,27006,83,0
7400.38190923,7400.38221603,2931.50951286,2931.49836109,0.05378384,1701.08110835,0.01998473,0.01998473,27005,83,0
7400.65644605,7400.65627259,2941.47857589,2941.48489008,0.04997091,1701.09113562,0.01998473,0.01998473,27004,83,0
7400.93017380,7400.93034944,2951.46299706,2951.45659395,0.04736836,1701.09940349,0.01998473,0.01998473,27003,83,0
7401.20395975,7401.20444659,2961.46226471,2961.44449201,0.03943274,1701.10593722,0.01998473,0.01998473,27002,83,0
7401.47835807,7401.47856403,2971.47620519,2971.46867553,0.05160953,1701.11073602,0.01998473,0.01998473,27001,83,0
7401.75279540,7401.75270178,2981.50535423,2981.50878199,0.04970376,1701.11377629,0.01998473,0.01998473,27000,83,0
7402.02701073,7402.02685982,2991.55034073,2991.55587404,0.04906455,1701.11504915,0.01998473,0.01998473,26999,83,0
7402.30095349,7402.30103817,3001.61172808,3001.60861823,0.05013939,1701.11455096,0.01998473,0.01998473,26998,83,0
7402.57526702,7402.57523682,3011.68955202,3011.69066267,0.04572572,1701.11227117,0.01998473,0.01998473,26997,83,0
7402.84936320,7402.84945579,3021.78360728,3021.78019635,0.04120017,1701.10820485,0.01998473,0.01998473,26996,83,0
7403.12341639,7403.12369506,3031.89369055,3031.88340945,0.04422443,1701.10234375,0.01998473,0.01998473,26995,83,0
7403.39731916,7403.39795465,3042.01981835,3041.99633715,0.04105688,1701.09468382,0.01998473,0.01998473,26994,83,0
7403.67223756,7403.67223455,3052.16230720,3052.16241863,0.04020072,1701.08517528,0.01998473,0.01998473,26993,83,0
7403.94659525,7403.94653477,3062.32149777,3062.32373953,0.05367490,1701.07385922,0.01998473,0.01998473,26992,83,0
7404.22141032,7404.22085530,3072.49753405,3072.51813868,0.05108932,1701.06068580,0.01998473,0.01998473,26991,83,0
7404.49529251,7404.49519616,3082.68974131,3082.69332343,0.04641477,1701.04571874,0.01998473,0.01998473,26990,83,0
7404.76987257,7404.76955735,3092.89722792,3092.90896346,0.04152249,1701.02886442,0.01998473,0.01998473,26989,83,0
7405.04375359,7405.04393886,3103.11917885,3103.11227198,0.04377555,1701.01020224,0.01998473,0.01998473,26988,83,0
7405.31859757,7405.31834070,3113.35596886,3113.36555867,0.04835575,1700.98960796,0.01998473,0.01998473,26987,83,0
7405.59282851,7405.59276287,3123.60885987,3123.61131453,0.04348481,1700.96718551,0.01998473,0.01998473,26986,83,0
7405.86655560,7405.86720537,3133.87914076,3133.85480449,0.04004986,1700.94292585,0.01998473,0.01998473,26985,83,0
7406.14197463,7406.14166821,3144.16748009,3144.17897592,0.04236302,1700.91661119,0.01998473,0.01998473,26984,83,0
7406.41599652,7406.41615138,3154.47335428,3154.46753520,0.05102992,1700.88852557,0.01998473,0.01998473,26983,83,0
7406.68996465,7406.69065490,3164.79610097,3164.77012428,0.04282197,1700.85853918,0.01998473,0.01998473,26982,83,0
7406.96467547,7406.96517876,3175.13520580,3175.11623651,0.04319845,1700.82655040,0.01998473,0.01998473,26981,83,0
7407.23925108,7407.23972296,3185.49093574,3185.47312253,0.04584420,1700.79264553,0.01998473,0.01998473,26980,83,0
7407.51438011,7407.51428751,3195.86380962,3195.86731073,0.04460498,1700.75672444,0.01998473,0.01998473,26979,83,0
7407.78888361,7407.78887241,3206.25431768,3206.25474190,0.04831622,1700.71893087,0.01998473,0.01998473,26978,83,0
7408.06338836,7408.06347766,3216.66245016,3216.65906290,0.05243303,1700.67917585,0.01998473,0.01998473,26977,83,0
7408.33757570,7408.33810326,3227.08780804,3227.06776523,0.04459875,1700.63750117,0.01998473,0.01998473,26976,83,0
7408.61299029,7408.61274922,3237.52998244,3237.53915508,0.04600811,1700.59365477,0.01998473,0.01998473,26975,83,0
7408.88712810,7408.88741553,3247.98890187,3247.97794827,0.04791660,1700.54802719,0.01998473,0.01998473,26974,83,0
7409.16197646,7409.16210221,3258.46507785,3258.46027825,0.04485513,1700.50028246,0.01998473,0.01998473,26973,83,0
7409.43677564,7409.43680925,3268.95908404,3268.95779924,0.05944198,1700.45053328,0.01998473,0.01998473,26972,83,0
7409.71188363,7409.71153665,3279.47138134,3279.48466946,0.05317233,1700.39870005,0.01998473,0.01998473,26971,83,0
7409.98616764,7409.98628442,3290.00197927,3289.99749949,0.04124004,1700.34499198,0.01998473,0.01998473,26970,83,0
7410.26153822,7410.26105256,3300.55077756,3300.56943794,0.05496587,1700.28902266,0.01998473,0.01998473,26969,83,0
7410.53602923,7410.53584107,3311.11767774,3311.12491898,0.05593813,1700.23118010,0.01998473,0.01998473,26968,83,0
7410.81038974,7410.81064996,3321.70260689,3321.69257577,0.04205941,1700.17130839,0.01998473,0.01998473,26967,83,0
7411.08540134,7411.08547922,3332.30550506,3332.30249789,0.05291155,1700.10922166,0.01998473,0.01998473,26966,83,0
7411.36000156,7411.36032886,3342.92632599,3342.91366793,0.03806602,1700.04514760,0.01998473,0.01998473,26965,83,0
7411.63506012,7411.63519888,3353.56535547,3353.55997996,0.04648275,1699.97887113,0.01998473,0.01998473,26964,83,0
7411.91026084,7411.91008929,3364.22321632,3364.22987360,0.04572315,1699.91044752,0.01998473,0.01998473,26963,83,0
7412.18942622,7412.18500007,0.00000000,3375.08241296,0.12573567,1699.83879818,0.01998475,0.01998473,26962,83,1
7412.46025567,7412.45993125,3385.59761571,3385.61024945,0.04663169,1699.76731250,0.01998473,0.01998473,26961,83,0
7412.73450190,7412.73488282,3396.31397704,3396.29911824,0.04983578,1699.69273822,0.01998473,0.01998473,26960,83,0
7413.00968547,7413.00985477,3407.04911038,3407.04249503,0.04182155,1699.61575774,0.01998473,0.01998473,26959,83,0
7413.28500793,7413.28484713,3417.80264715,3417.80894074,0.04858274,1699.53657411,0.01998473,0.01998473,26958,83,0
7413.55968566,7413.55985987,3428.57475246,3428.56792304,0.04576151,1699.45540726,0.01998473,0.01998473,26957,83,0
7413.83489939,7413.83489302,3439.36570642,3439.36595640,0.05235450,1699.37189704,0.01998473,0.01998473,26956,83,0
7414.11059459,7414.10994657,3450.17579971,3450.20128997,0.04966222,1699.28603502,0.01998474,0.01998473,26955,83,0
7414.38562852,7414.38502052,3461.00537321,3461.02933106,0.05235967,1699.19816575,0.01998474,0.01998473,26954,83,0
7414.66014659,7414.66011488,3471.85478895,3471.85604060,0.04349051,1699.10824309,0.01998473,0.01998473,26953,83,0
7414.93536529,7414.93522964,3482.72437383,3482.72973805,0.05020259,1699.01585241,0.01998473,0.01998473,26952,83,0
7415.21040059,7415.21036482,3493.61403844,3493.61545570,0.04831788,1698.92127364,0.01998473,0.01998473,26951,83,0
7415.48532055,7415.48552040,3504.52343597,3504.51550554,0.04741226,1698.82447887,0.01998473,0.01998473,26950,83,0
7415.76028210,7415.76069641,3515.45221167,3515.43574350,0.04569728,1698.72540592,0.01998473,0.01998473,26949,83,0
7416.03624991,7416.03589282,3526.40000165,3526.41421880,0.04423285,1698.62368667,0.01998473,0.01998473,26948,83,0
7416.31125567,7416.31110966,3537.36643319,3537.37225587,0.05018344,1698.52003890,0.01998473,0.01998473,26947,83,0
7416.58621059,7416.58634692,3548.35115257,3548.34570734,0.04393255,1698.41412468,0.01998473,0.01998473,26946,83,0
7416.86197039,7416.86160460,3559.35476737,3559.36940294,0.04235412,1698.30558851,0.01998473,0.01998473,26945,83,0
7417.13688962,7417.13688271,3570.37917849,3570.37945523,0.04008748,1698.19504851,0.01998473,0.01998473,26944,83,0
7417.41174399,7417.41218125,3581.42638336,3581.40881873,0.04996835,1698.08217189,0.01998473,0.01998473,26943,83,0
7417.68783160,7417.68750022,3592.49702789,3592.51036561,0.03779971,1697.96639056,0.01998473,0.01998473,26942,83,0
7417.95311586,nan,0.00000000,3603.20871160,0.36254064,1697.85275799,0.01998471,0.01998473,26941,83,1
7418.23818502,7418.23819945,3614.70082696,3614.70024408,0.04618649,1697.72845197,0.01998473,0.01998473,26940,83,0
7418.51343435,7418.51357973,3625.83090238,3625.82502159,0.05138732,1697.60589424,0.01998473,0.01998473,26939,83,0
7418.78940491,7418.78898044,3636.98169844,3636.99890157,0.04545796,1697.48059784,0.01998473,0.01998473,26938,83,0
7419.06425470,7419.06440160,3648.15595606,3648.14998979,0.04922551,1697.35336087,0.01998473,0.01998473,26937,83,0
7419.33969968,7419.33984319,3659.35535944,3659.34951806,0.04490870,1697.22336269,0.01998473,0.01998473,26936,83,0
7419.61532972,7419.61530524,3670.57819161,3670.57919013,0.03962367,1697.09079210,0.01998473,0.01998473,26935,83,0
7419.89034359,7419.89078773,3681.82204502,3681.80390234,0.04604508,1696.95605573,0.01998473,0.01998473,26934,83,0
7420.16600493,7420.16629068,3693.08524048,3693.07354858,0.05555190,1696.81854248,0.01998473,0.01998473,26933,83,0
7420.44188773,7420.44181408,3704.36898318,3704.37200222,0.04428086,1696.67842682,0.01998473,0.01998473,26932,83,0
7420.71726297,7420.71735793,3715.67518883,3715.67128847,0.04374683,1696.53604650,0.01998473,0.01998473,26931,83,0
7420.99283183,7420.99292224,3727.00530539,3727.00158438,0.05172917,1696.39101141,0.01998473,0.01998473,26930,83,0
7421.26839073,7421.26850701,3738.35861875,3738.35382366,0.04243087,1696.24342141,0.01998473,0.01998473,26929,83,0
7421.54405844,7421.54411225,3749.73380065,3749.73157785,0.05378206,1696.09321545,0.01998473,0.01998473,26928,83,0
7421.81947003,7421.81973795,3761.12978229,3761.11869537,0.04699679,1695.94059594,0.01998473,0.01998473,26927,83,0
7422.09542563,7422.09538411,3772.54682679,3772.54854792,0.04328851,1695.78509952,0.01998473,0.01998473,26926,83,0
7422.37089630,7422.37105075,3783.98560994,3783.97919529,0.04671740,1695.62728326,0.01998473,0.01998473,26925,83,0
7422.64658985,7422.64673785,3795.44675561,3795.44059702,0.04463537,1695.46672363,0.01998473,0.01998473,26924,83,0
7422.92176408,7422.92244543,3806.93059124,3806.90218429,0.05410149,1695.30383910,0.01998473,0.01998473,26923,83,0
7423.19815046,7423.19817349,3818.43735183,3818.43638996,0.04077751,1695.13757780,0.01998473,0.01998473,26922,83,0
7423.47377678,7423.47392203,3829.96723590,3829.96115681,0.05127386,1694.96910291,0.01998473,0.01998473,26921,83,0
7423.74949355,7423.74969104,3841.52024935,3841.51196773,0.04623160,1694.79789029,0.01998473,0.01998473,26920,83,0
7424.02560429,7424.02548054,3853.09633715,3853.10153662,0.05045946,1694.62373125,0.01998473,0.01998473,26919,83,0
7424.30042642,7424.30129052,3864.69565146,3864.65927533,0.03962164,1694.44768406,0.01998473,0.01998473,26918,83,0
7424.57703318,7424.57712099,3876.31931636,3876.31561203,0.04505457,1694.26774110,0.01998473,0.01998473,26917,83,0
7424.85373687,7424.85297195,3887.96875188,3888.00109088,0.04874776,1694.08493477,0.01998474,0.01998473,26916,83,0
7425.12877815,7425.12884341,3899.64485560,3899.64209083,0.04720255,1693.90042116,0.01998473,0.01998473,26915,83,0
7425.40469767,7425.40473535,3911.34631403,3911.34471416,0.03863028,1693.71251281,0.01998473,0.01998473,26914,83,0
7425.68119709,7425.68064780,3923.07122520,3923.09458883,0.04191930,1693.52140627,0.01998474,0.01998473,26913,83,0
7425.95679828,7425.95658074,3934.81858018,3934.82785049,0.04617780,1693.32813035,0.01998473,0.01998473,26912,83,0
7426.23307816,7426.23253418,3946.59051987,3946.61375051,0.04840227,1693.13153264,0.01998474,0.01998473,26911,83,0
7426.50765189,7426.50850813,3958.38989083,3958.35323814,0.04187363,1692.93326303,0.01998473,0.01998473,26910,83,0
7426.78476321,7426.78450258,3970.21798538,3970.22916710,0.03466952,1692.73020466,0.01998474,0.01998473,26909,83,0
7427.06064831,7427.06051755,3982.07174199,3982.07736312,0.04290679,1692.52513004,0.01998474,0.01998473,26908,83,0
7427.33654861,7427.33655302,3993.94733096,3993.94714123,0.04812990,1692.31718714,0.01998473,0.01998473,26907,83,0
7427.61349220,7427.61260900,4005.84339398,4005.88148872,0.05150706,1692.10559522,0.01998474,0.01998473,26906,83,0
7427.88858679,7427.88868550,4017.76384506,4017.75957825,0.04955175,1691.89249346,0.01998473,0.01998473,26905,83,0
7428.16505390,7428.16478252,4029.71326453,4029.72502504,0.04845955,1691.67529498,0.01998474,0.01998473,26904,83,0
7428.44073387,7428.44090005,4041.69331562,4041.68609709,0.05288349,1691.45563813,0.01998473,0.01998473,26903,83,0
7428.71753263,7428.71703811,4053.70109163,4053.72261805,0.04913850,1691.23203389,0.01998474,0.01998473,26902,83,0
7428.99371807,7428.99319669,4065.73333833,4065.75607566,0.04492240,1691.00591721,0.01998474,0.01998473,26901,83,0
7429.26999408,7429.26937580,4077.78900385,4077.81601901,0.04966726,1690.77672488,0.01998474,0.01998473,26900,83,0
nan,nan,0.00000000,-1.00000000,0.00000000,1690.54255404,nan,0.00000000,-2147483648,83,1
nan,nan,0.00000000,-1.00000000,0.00000000,1688.42783565,nan,0.00000000,-2147483648,82,1
7392.17013254,7392.16994412,7.54251596,7.54730300,0.03225223,1688.77190646,0.01998473,0.01998473,27035,82,0
7392.44274329,7392.44339295,14.49231555,14.47579846,0.03700685,1689.13518619,0.01998473,0.01998473,27034,82,0
7392.71764316,7392.71686200,21.44741988,21.46729374,0.04579933,1689.50091106,0.01998473,0.01998473,27033,82,0
7392.99058075,7392.99035129,28.40791220,28.41375422,0.03915814,1689.86342656,0.01998473,0.01998473,27032,82,0
7393.26281261,7393.26386080,35.37387615,35.34717061,0.04090616,1690.22441296,0.01998473,0.01998473,27031,82,0
7393.53759981,7393.53739054,42.34533400,42.35066947,0.04767949,1690.58818780,0.01998473,0.01998473,27030,82,0
7393.81039950,7393.81094052,49.32210584,49.30830273,0.04706664,1690.94872415,0.01998473,0.01998473,27029,82,0
7394.08401420,7394.08451073,56.30396953,56.29129350,0.04627217,1691.30971656,0.01998473,0.01998473,27028,82,0
7394.35855668,7394.35810118,63.29070190,63.30233747,0.04960214,1691.67129462,0.01998473,0.01998473,27027,82,0
7394.63189751,7394.63171188,70.28207901,70.28682372,0.05475602,1692.03064170,0.01998473,0.01998473,27026,82,0
7394.90575696,7394.90534281,77.27799416,77.28858583,0.04677711,1692.39001480,0.01998473,0.01998473,27025,82,0
7395.17892107,7395.17899399,84.27865497,84.27678891,0.04649877,1692.74783069,0.01998473,0.01998473,27024,82,0
7395.45301097,7395.45266542,91.28432180,91.29317040,0.04792583,1693.10622382,0.01998473,0.01998473,27023,82,0
7395.72715283,7395.72635710,98.29525619,98.31564688,0.04593526,1693.46405990,0.01998474,0.01998473,27022,82,0
7396.00092332,7396.00006903,105.31172021,105.33362769,0.03813759,1693.82079908,0.01998474,0.01998473,27021,82,0
7396.27386508,7396.27380122,112.33387994,112.33551892,0.03384194,1694.17585589,0.01998473,0.01998473,27020,82,0
7396.54759990,7396.54755366,119.36170134,119.36288882,0.03719081,1694.53133655,0.01998473,0.01998473,27019,82,0
7396.82185766,7396.82132636,126.39512533,126.40877968,0.03892780,1694.88688103,0.01998473,0.01998473,27018,82,0
7397.09510413,7397.09511932,133.43409258,133.43370196,0.03729375,1695.24049715,0.01998473,0.01998473,27017,82,0
7397.36876866,7397.36893254,140.47854322,140.47432540,0.04465315,1695.59403184,0.01998473,0.01998473,27016,82,0
7397.64288659,7397.64276603,147.52840377,147.53150849,0.03072206,1695.94752229,0.01998473,0.01998473,27015,82,0
7397.91566139,7397.91661979,154.58357978,154.55888078,0.03462189,1696.29864837,0.01998473,0.01998473,27014,82,0
7398.19005800,7398.19049382,161.64397462,161.63273575,0.04306715,1696.65121910,0.01998473,0.01998473,27013,82,0
7398.46394460,7398.46438812,168.70949120,168.69804631,0.04592900,1697.00248486,0.01998473,0.01998473,27012,82,0
7398.73739594,7398.73830269,175.78003761,175.75662408,0.04454535,1697.35253864,0.01998473,0.01998473,27011,82,0
7399.01250331,7399.01223755,182.85567813,182.86254500,0.05749527,1697.70405472,0.01998473,0.01998473,27010,82,0
7399.28522912,7399.28619268,189.93665074,189.91173679,0.06235917,1698.05188666,0.01998473,0.01998473,27009,82,0
7399.56047690,7399.56016809,197.02320352,197.03119412,0.06231657,1698.40229839,0.01998473,0.01998473,27008,82,0
7399.83457586,7399.83416378,204.11558567,204.12625638,0.05804322,1698.75062230,0.01998473,0.01998473,27007,82,0
7400.10850711,7400.10817976,211.21402885,211.22251210,0.04819089,1699.09811907,0.01998473,0.01998473,27006,82,0
7400.38163486,7400.38221603,218.31849205,218.30341938,0.04364025,1699.44398137,0.01998473,0.01998473,27005,82,0
7400.65621194,7400.65627259,225.42872618,225.42715197,0.03670263,1699.79104561,0.01998473,0.01998473,27004,82,0
7400.93023819,7400.93034944,232.54447577,232.54158631,0.03768328,1700.13676614,0.01998473,0.01998473,27003,82,0
7401.20367112,7401.20444659,239.66548415,239.64533109,0.04042660,1700.48107918,0.01998473,0.01998473,27002,82,0
7401.47871896,7401.47856403,246.79152803,246.79555685,0.04085426,1700.82674909,0.01998473,0.01998473,27001,82,0
7401.75192396,7401.75270178,253.92266703,253.90242699,0.06574482,1701.16943232,0.01998473,0.01998473,27000,82,0
7402.02728780,7402.02685982,261.05910043,261.07024478,0.04617391,1701.51415498,0.01998473,0.01998473,26999,82,0
7402.30171682,7402.30103817,268.20102938,268.21871346,0.04622769,1701.85704760,0.01998473,0.01998473,26998,82,0
7402.57499818,7402.57523682,275.34865598,275.34243274,0.03486554,1702.19785952,0.01998473,0.01998473,26997,82,0
7402.85017790,7402.84945579,282.50215238,282.52099710,0.03135240,1702.54039310,0.01998473,0.01998473,26996,82,0
7403.12292424,7403.12369506,289.66154700,289.64141605,0.03438447,1702.87925756,0.01998473,0.01998473,26995,82,0
7403.39697177,7403.39795465,296.82682621,296.80113801,0.04232917,1703.21909415,0.01998473,0.01998473,26994,82,0
7403.67196721,7403.67223455,303.99797627,303.99098395,0.05468623,1703.55945416,0.01998473,0.01998473,26993,82,0
7403.94743309,7403.94653477,311.17498340,311.19849655,0.04558644,1703.89973892,0.01998473,0.01998473,26992,82,0
7404.22140016,7404.22085530,318.35784361,318.37211539,0.04160821,1704.23751726,0.01998473,0.01998473,26991,82,0
7404.49558444,7404.49519616,325.54657861,325.55675671,0.03548528,1704.57490854,0.01998473,0.01998473,26990,82,0
7404.76937603,7404.76955735,332.74121429,332.73645775,0.04362361,1704.91116206,0.01998473,0.01998473,26989,82,0
7405.04395329,7405.04393886,339.94177667,339.94215545,0.05924114,1705.24772281,0.01998473,0.01998473,26988,82,0
7405.31957971,7405.31834070,347.14829082,347.18084292,0.04760098,1705.58490630,0.01998474,0.01998473,26987,82,0
7405.59598136,7405.59276287,0.00000000,354.45112573,0.08663889,1705.92263532,0.01998474,0.01998473,26986,82,1
7405.86647800,7405.86720537,361.57899458,361.55985681,0.03326863,1706.25196231,0.01998473,0.01998473,26985,82,0
7406.14129464,7406.14166821,368.80297708,368.79314120,0.04565803,1706.58614876,0.01998473,0.01998473,26984,82,0
7406.41702134,7406.41615138,376.03257060,376.05549230,0.06290423,1706.92075402,0.01998474,0.01998473,26983,82,0
7406.69123294,7406.69065490,383.26767598,383.28291678,0.03987033,1707.25283087,0.01998473,0.01998473,26982,82,0
7406.96451218,7406.96517876,390.50832195,390.49073474,0.03003135,1707.58309365,0.01998473,0.01998473,26981,82,0
7407.23924756,7407.23972296,397.75463664,397.74208448,0.04685664,1707.91443091,0.01998473,0.01998473,26980,82,0
7407.51422450,7407.51428751,405.00675137,405.00508649,0.05625538,1708.24537551,0.01998473,0.01998473,26979,82,0
7407.78894543,7407.78887241,412.26479810,412.26672900,0.03881987,1708.57533267,0.01998473,0.01998473,26978,82,0
7408.06324206,7408.06347766,419.52889355,419.52265901,0.03342964,1708.90410603,0.01998473,0.01998473,26977,82,0
7408.33834004,7408.33810326,426.79905557,426.80532635,0.05429025,1709.23316196,0.01998473,0.01998473,26976,82,0
7408.61274656,7408.61274922,434.07526358,434.07519319,0.05039041,1709.56071142,0.01998473,0.01998473,26975,82,0
7408.88782782,7408.88741553,441.35749682,441.36843191,0.03558641,1709.88838223,0.01998473,0.01998473,26974,82,0
7409.16202345,7409.16210221,448.64573440,448.64364394,0.04449631,1710.21431349,0.01998473,0.01998473,26973,82,0
7409.43659776,7409.43680925,455.93996165,455.93434387,0.06545782,1710.54000721,0.01998473,0.01998473,26972,82,0
7409.71200429,7409.71153665,463.24018145,463.25261255,0.04658059,1710.86599488,0.01998473,0.01998473,26971,82,0
7409.98608274,7409.98628442,470.54639971,470.54103437,0.03529816,1711.18971947,0.01998473,0.01998473,26970,82,0
7410.26089252,7410.26105256,477.85862234,477.85436162,0.06113281,1711.51361390,0.01998473,0.01998473,26969,82,0
7410.53564038,7410.53584107,485.17685346,485.17150644,0.05505425,1711.83673878,0.01998473,0.01998473,26968,82,0
7410.81022806,7410.81064996,492.50103136,492.48978289,0.03473591,1712.15897460,0.01998473,0.01998473,26967,82,0
7411.08501732,7411.08547922,499.83101124,499.81868760,0.05430003,1712.48073733,0.01998473,0.01998473,26966,82,0
7411.36023938,7411.36032886,507.16664233,507.16425339,0.04456060,1712.80228664,0.01998473,0.01998473,26965,82,0
7411.63611659,7411.63519888,514.50777307,514.53229098,0.03841662,1713.12386940,0.01998474,0.01998473,26964,82,0
7411.90935404,7411.91008929,521.85428867,521.83463241,0.05682046,1713.44164588,0.01998473,0.01998473,26963,82,0
7412.18553073,7412.18500007,529.20643468,529.22063148,0.04280764,1713.76211211,0.01998474,0.01998473,26962,82,0
7412.46018959,7412.45993125,536.56465943,536.57157638,0.03434301,1714.08010806,0.01998473,0.01998473,26961,82,0
7412.73489357,7412.73488282,543.92941568,543.92970398,0.05332542,1714.39746635,0.01998473,0.01998473,26960,82,0
7413.01016598,7413.00985477,551.30115841,551.30950531,0.03320556,1714.71480644,0.01998473,0.01998473,26959,82,0
7413.28470103,7413.28484713,558.68015486,558.67623298,0.04244567,1715.03063258,0.01998473,0.01998473,26958,82,0
7413.56009521,7413.55985987,566.06601171,566.07233453,0.06005996,1715.34676147,0.01998473,0.01998473,26957,82,0
7413.83545002,7413.83489302,573.45818966,573.47316590,0.04397656,1715.66213320,0.01998474,0.01998473,26956,82,0
7414.11060072,7414.10994657,580.85614663,580.87374679,0.05426023,1715.97653477,0.01998474,0.01998473,26955,82,0
7414.38574802,7414.38502052,588.25934855,588.27893415,0.04005001,1716.29017171,0.01998474,0.01998473,26954,82,0
7414.65936428,7414.66011488,595.66770000,595.64747967,0.04212349,1716.60130331,0.01998473,0.01998473,26953,82,0
7414.93554052,7414.93522964,603.08169325,603.09007405,0.05151659,1716.91459619,0.01998473,0.01998473,26952,82,0
7415.21068137,7415.21036482,610.50186392,610.51040461,0.03459219,1717.22598610,0.01998473,0.01998473,26951,82,0
7415.48526853,7415.48552040,617.92875032,617.92194890,0.05471275,1717.53604474,0.01998473,0.01998473,26950,82,0
7415.76080695,7415.76069641,625.36282189,625.36580965,0.03472112,1717.84648709,0.01998473,0.01998473,26949,82,0
7416.03650482,7416.03589282,632.80393286,632.82048780,0.05495000,1718.15640820,0.01998474,0.01998473,26948,82,0
7416.31166330,7416.31110966,640.25162099,640.26660878,0.04049346,1718.46500220,0.01998474,0.01998473,26947,82,0
7416.58644871,7416.58634692,647.70541912,647.70817655,0.04838995,1718.77243768,0.01998473,0.01998473,26946,82,0
7416.86239175,7416.86160460,655.16485805,655.18619635,0.04868411,1719.08040251,0.01998474,0.01998473,26945,82,0
7417.13678370,7417.13688271,662.62970942,662.62702362,0.03738128,1719.38586401,0.01998473,0.01998473,26944,82,0
7417.41207387,7417.41218125,670.10040008,670.09748507,0.05613158,1719.69156713,0.01998473,0.01998473,26943,82,0
7417.68735598,7417.68750022,677.57746871,677.57354981,0.03967472,1719.99652162,0.01998473,0.01998473,26942,82,0
7417.96244507,7417.96283962,685.06145676,685.05072761,0.04882926,1720.30054309,0.01998473,0.01998473,26941,82,0
7418.23836841,7418.23819945,692.55288179,692.55748045,0.03491922,1720.60478283,0.01998473,0.01998473,26940,82,0
7418.51361170,7418.51357973,700.05173387,700.05260493,0.05144606,1720.90756744,0.01998473,0.01998473,26939,82,0
7418.78896914,7418.78898044,707.55751491,707.55720670,0.03193801,1721.20975004,0.01998473,0.01998473,26938,82,0
7419.06455385,7419.06440160,715.06970605,715.07386034,0.05296553,1721.51143011,0.01998473,0.01998473,26937,82,0
7419.33953389,7419.33984319,722.58778570,722.57934057,0.03343064,1721.81167540,0.01998473,0.01998473,26936,82,0
7419.61526767,7419.61530524,730.11136746,730.11034104,0.04967900,1722.11195102,0.01998473,0.01998473,26935,82,0
7419.88983693,7419.89078773,737.64070654,737.61471026,0.03931026,1722.41017787,0.01998473,0.01998473,26934,82,0
7420.16605124,7420.16629068,745.17624714,745.16969541,0.05267330,1722.70942111,0.01998473,0.01998473,26933,82,0
7420.44162967,7420.44181408,752.71843582,752.71338584,0.04238549,1723.00722083,0.01998473,0.01998473,26932,82,0
7420.71688964,7420.71735793,760.26771522,760.25487950,0.04569129,1723.30393892,0.01998473,0.01998473,26931,82,0
7420.99269049,7420.99292224,767.82426402,767.81790619,0.05283667,1723.60050525,0.01998473,0.01998473,26930,82,0
7421.26882965,7421.26850701,775.38790061,775.39675946,0.03623430,1723.89668872,0.01998473,0.01998473,26929,82,0
7421.54379239,7421.54411225,782.95841664,782.94962693,0.05319332,1724.19085735,0.01998473,0.01998473,26928,82,0
7421.81969217,7421.81973795,790.53560268,790.53434381,0.03557532,1724.48526262,0.01998473,0.01998473,26927,82,0
7422.09545069,7422.09538411,798.11927948,798.12111192,0.05530182,1724.77874122,0.01998473,0.01998473,26926,82,0
7422.37074337,7422.37105075,805.70947287,805.70100609,0.05442132,1725.07094890,0.01998473,0.01998473,26925,82,0
7422.64625201,7422.64673785,813.30629197,813.29289868,0.03597600,1725.36261226,0.01998473,0.01998473,26924,82,0
7422.92222750,7422.92244543,820.90984674,820.90383408,0.04987683,1725.65399579,0.01998473,0.01998473,26923,82,0
7423.19785621,7423.19817349,828.52024707,828.51148610,0.03677854,1725.94424167,0.01998473,0.01998473,26922,82,0
7423.47355201,7423.47392203,836.13755907,836.12733351,0.04448901,1726.23378690,0.01998473,0.01998473,26921,82,0
7423.74945576,7423.74969104,843.76177563,843.75526818,0.04977596,1726.52277547,0.01998473,0.01998473,26920,82,0
7424.02552827,7424.02548054,851.39288268,851.39420399,0.03763440,1726.81116166,0.01998473,0.01998473,26919,82,0
7424.30107313,7424.30129052,859.03086604,859.02484329,0.04826738,1727.09821647,0.01998473,0.01998473,26918,82,0
7424.57741048,7424.57712099,866.67573432,866.68376098,0.04726361,1727.38531185,0.01998473,0.01998473,26917,82,0
7424.85338957,7424.85297195,874.32766638,874.33925578,0.03673273,1727.67125455,0.01998473,0.01998473,26916,82,0
7425.12860977,7425.12884341,881.98691881,881.98042918,0.04861929,1727.95564112,0.01998473,0.01998473,26915,82,0
7425.40432376,7425.40473535,889.65374996,889.64230663,0.04994047,1728.23977389,0.01998473,0.01998473,26914,82,0
7425.68089098,7425.68064780,897.32841572,897.33518326,0.04066424,1728.52402433,0.01998473,0.01998473,26913,82,0
7425.95659940,7425.95658074,905.01089249,905.01141234,0.05449845,1728.80662907,0.01998473,0.01998473,26912,82,0
7426.23226000,7426.23253418,912.70068734,912.69304362,0.04803443,1729.08840219,0.01998473,0.01998473,26911,82,0
7426.50848641,7426.50850813,920.39726007,920.39665400,0.03598813,1729.36994632,0.01998473,0.01998473,26910,82,0
7426.78486663,7426.78450258,928.10006752,928.11023127,0.04564605,1729.65081604,0.01998474,0.01998473,26909,82,0
7427.06084722,7427.06051755,935.80867114,935.81788155,0.05175889,1729.93043186,0.01998474,0.01998473,26908,82,0
7427.33627325,7427.33655302,943.52334949,943.51552759,0.03337949,1730.20864915,0.01998473,0.01998473,26907,82,0
7427.61310921,7427.61260900,951.24467776,951.25867462,0.05242206,1730.48746692,0.01998474,0.01998473,26906,82,0
7427.88855676,7427.88868550,958.97323520,958.96962952,0.04639756,1730.76408493,0.01998473,0.01998473,26905,82,0
7428.16483458,7428.16478252,966.70959509,966.71105479,0.04921230,1731.04075150,0.01998474,0.01998473,26904,82,0
7428.44106984,7428.44090005,974.45392273,974.45868704,0.03181218,1731.31659213,0.01998474,0.01998473,26903,82,0
7428.71714795,7428.71703811,982.20581450,982.20889933,0.05127395,1731.59147594,0.01998474,0.01998473,26902,82,0
7428.99384799,7428.99319669,989.96482271,989.98312911,0.04982001,1731.86615794,0.01998474,0.01998473,26901,82,0
7429.26963003,7429.26937580,997.73049710,997.73764831,0.05580416,1732.13909229,0.01998474,0.01998473,26900,82,0
7429.54558870,7429.54557543,1005.50249489,1005.50286839,0.03130625,1732.41135126,0.01998474,0.01998473,26899,82,0
7429.82193811,7429.82179560,1013.28100151,1013.28501625,0.05108243,1732.68314760,0.01998474,0.01998473,26898,82,0
7430.09821270,7430.09803630,1021.06636303,1021.07133677,0.05199988,1732.95403159,0.01998474,0.01998473,26897,82,0
7430.37458025,7430.37429754,1028.85892748,1028.86690548,0.04818979,1733.22417712,0.01998474,0.01998473,26896,82,0
7430.65079053,7430.65057931,1036.65903205,1036.66499807,0.04906937,1733.49334882,0.01998474,0.01998473,26895,82,0
7430.92726846,7430.92688162,1044.46674585,1044.47768178,0.03540903,1733.76195977,0.01998474,0.01998473,26894,82,0
7431.20380251,7431.20320448,1052.28188095,1052.29880213,0.05421243,1734.02979373,0.01998474,0.01998473,26893,82,0
7431.47949696,7431.47954788,1060.10423812,1060.10279603,0.04798648,1734.29597710,0.01998474,0.01998473,26892,82,0
7431.75573550,7431.75591183,1067.93361703,1067.92861966,0.04597840,1734.56183773,0.01998474,0.01998473,26891,82,0
7432.03238573,7432.03229632,1075.76988386,1075.77241972,0.04592789,1734.82723659,0.01998474,0.01998473,26890,82,0
7432.30830885,7432.30870137,1083.61309537,1083.60195273,0.04858930,1735.09108202,0.01998473,0.01998473,26889,82,0
7432.58526108,7432.58512697,1091.46334226,1091.46715244,0.03373564,1735.35505236,0.01998474,0.01998473,26888,82,0
7432.86162848,7432.86157313,1099.32071567,1099.32228956,0.05269095,1735.61760764,0.01998474,0.01998473,26887,82,0
7433.13816033,7433.13803985,1107.18532403,1107.18875293,0.04560536,1735.87946258,0.01998474,0.01998473,26886,82,0
7433.41459231,7433.41452713,1115.05743033,1115.05928722,0.04736545,1736.14037253,0.01998473,0.01998473,26885,82,0
7433.69068786,7433.69103497,1122.93738195,1122.92748542,0.04076810,1736.40012480,0.01998473,0.01998473,26884,82,0
7433.96739645,7433.96756337,1130.82552905,1130.82076519,0.04792729,1736.65961988,0.01998473,0.01998474,26883,82,0
7434.24406653,7434.24411234,1138.72221622,1138.72090745,0.04489037,1736.91825226,0.01998473,0.01998474,26882,82,0
7434.52041248,7434.52068189,1146.62743395,1146.61972985,0.04606149,1737.17575298,0.01998473,0.01998474,26881,82,0
7434.79772189,7434.79727200,1154.54067010,1154.55354714,0.05486013,1737.43329896,0.01998474,0.01998474,26880,82,0
7435.07384447,7435.07388269,1162.46137163,1162.46027664,0.02904880,1737.68887331,0.01998473,0.01998474,26879,82,0
7435.35071008,7435.35051396,1170.38898228,1170.39460495,0.04732549,1737.94424363,0.01998474,0.01998474,26878,82,0
7435.62712540,7435.62716580,1178.32314903,1178.32198998,0.04826478,1738.19829393,0.01998473,0.01998474,26877,82,0
7435.90392391,7435.90383823,1186.26429057,1186.26675094,0.05027678,1738.45180146,0.01998473,0.01998474,26876,82,0
7436.18054219,7436.18053124,1194.21300922,1194.21332399,0.04861902,1738.70426564,0.01998473,0.01998474,26875,82,0
7436.45699361,7436.45724483,1202.16991082,1202.16268330,0.04742785,1738.95571652,0.01998473,0.01998474,26874,82,0
7436.73408244,7436.73397902,1210.13554899,1210.13852737,0.04960491,1739.20689767,0.01998473,0.01998474,26873,82,0
7437.01085739,7437.01073379,1218.10989142,1218.11345454,0.04632442,1739.45694085,0.01998473,0.01998474,26872,82,0
7437.28756110,7437.28750916,1226.09255139,1226.09405022,0.04274047,1739.70605158,0.01998473,0.01998474,26871,82,0
7437.56414342,7437.56430512,1234.08313504,1234.07846486,0.04897643,1739.95417021,0.01998473,0.01998474,26870,82,0
7437.84129837,7437.84112168,1242.08125201,1242.08635907,0.04340616,1740.20190203,0.01998474,0.01998474,26869,82,0
7438.11706167,7438.11795884,1250.08676249,1250.06080708,0.04636004,1740.44748810,0.01998473,0.01998474,26868,82,0
7438.39519714,7438.39481660,1258.09986989,1258.11088856,0.05025783,1740.69427892,0.01998474,0.01998474,26867,82,0
7438.67166410,7438.67169497,1266.12080338,1266.11990868,0.04601888,1740.93868978,0.01998473,0.01998474,26866,82,0
7438.94880101,7438.94859394,1274.14979344,1274.15580029,0.03905663,1741.18279680,0.01998474,0.01998474,26865,82,0
7439.22480605,7439.22551353,1282.18700666,1282.16646340,0.04545852,1741.42501703,0.01998473,0.01998474,26864,82,0
7439.50227646,7439.50245372,1290.23241102,1290.22725897,0.04172099,1741.66762399,0.01998473,0.01998474,26863,82,0
7439.77915651,7439.77941452,1298.28593623,1298.27843006,0.04795392,1741.90881069,0.01998473,0.01998474,26862,82,0
7440.05594126,7440.05639595,1306.34751158,1306.33427172,0.04402077,1742.14900643,0.01998473,0.01998474,26861,82,0
7440.33323390,7440.33339799,1314.41706386,1314.41228171,0.05100176,1742.38872733,0.01998474,0.01998474,26860,82,0
7440.61040470,7440.61042065,1322.49450505,1322.49403979,0.05215647,1742.62742130,0.01998474,0.01998474,26859,82,0
7440.88722937,7440.88746393,1330.57974041,1330.57289207,0.04849728,1742.86489170,0.01998474,0.01998474,26858,82,0
7441.16479636,7441.16452784,1338.67267458,1338.68052149,0.04612130,1743.10206438,0.01998474,0.01998474,26857,82,0
7441.44144783,7441.44161237,1346.77322467,1346.76841218,0.04468872,1743.33751823,0.01998474,0.01998474,26856,82,0
7441.71885186,7441.71871754,1354.88153716,1354.88546929,0.04553757,1743.57267500,0.01998474,0.01998474,26855,82,0
7441.99598020,7441.99584334,1362.99795608,1363.00196646,0.04353522,1743.80666748,0.01998474,0.01998474,26854,82,0
7442.27255386,7442.27298977,1371.12283387,1371.11004828,0.04422662,1744.03927115,0.01998473,0.01998474,26853,82,0
7442.54953352,7442.55015684,1379.25652150,1379.23822038,0.04742657,1744.27130131,0.01998473,0.01998474,26852,82,0
7442.82748301,7442.82734454,1387.39913841,1387.40320797,0.04929553,1744.50322336,0.01998474,0.01998474,26851,82,0
7443.10402693,7443.10455289,1395.55043134,1395.53495801,0.05242602,1744.73304675,0.01998473,0.01998474,26850,82,0
7443.38123863,7443.38178188,1403.71011202,1403.69411501,0.04793030,1744.96248672,0.01998473,0.01998474,26849,82,0
7443.65897555,7443.65903152,1411.87789041,1411.87624078,0.04944870,1745.19140775,0.01998474,0.01998474,26848,82,0
7443.93640928,7443.93630180,1420.05354823,1420.05671856,0.04751208,1745.41911659,0.01998474,0.01998474,26847,82,0
7444.21377956,7444.21359274,1428.23708292,1428.24259894,0.04024823,1745.64580873,0.01998474,0.01998474,26846,82,0
7444.49078344,7444.49090433,1436.42853180,1436.42495936,0.04998283,1745.87123670,0.01998474,0.01998474,26845,82,0
7444.76809598,7444.76823657,1444.62793234,1444.62377387,0.04491567,1746.09594807,0.01998474,0.01998474,26844,82,0
7445.04525204,7445.04558947,1452.83538792,1452.82539807,0.04101206,1746.31956477,0.01998473,0.01998474,26843,82,0
7445.32279471,7445.32296303,1461.05135702,1461.04636874,0.04035221,1746.54253295,0.01998473,0.01998474,26842,82,0
7445.59974396,7445.60035725,1469.27642001,1469.25822528,0.04094055,1746.76407854,0.01998473,0.01998474,26841,82,0
7445.87738126,7445.87777214,1477.51116096,1477.49955154,0.04629134,1746.98523815,0.01998473,0.01998474,26840,82,0
7446.15517706,7446.15520769,1485.75607529,1485.75516438,0.04194646,1747.20559493,0.01998474,0.01998474,26839,82,0
7446.43277857,7446.43266391,1494.01076419,1494.01417711,0.04121197,1747.42485452,0.01998474,0.01998474,26838,82,0
7446.70990266,7446.71014081,1502.27432090,1502.26722551,0.04401176,1747.64276890,0.01998474,0.01998474,26837,82,0
7446.98755918,7446.98763837,1510.54582732,1510.54346588,0.04917111,1747.86010421,0.01998474,0.01998474,26836,82,0
7447.26512879,7447.26515661,1518.82440883,1518.82357846,0.04072330,1748.07634730,0.01998474,0.01998474,26835,82,0
7447.54270557,7447.54269553,1527.11008436,1527.11038418,0.03861402,1748.29156958,0.01998474,0.01998474,26834,82,0
7447.82045944,7447.82025513,1535.40365828,1535.40976598,0.04910754,1748.50591969,0.01998474,0.01998474,26833,82,0
7448.09800491,7448.09783542,1543.70596638,1543.71103857,0.03608024,1748.71911855,0.01998474,0.01998474,26832,82,0
7448.37564219,7448.37543638,1552.01783537,1552.02400096,0.04274413,1748.93141490,0.01998474,0.01998474,26831,82,0
7448.65289880,7448.65305804,1560.33955532,1560.33477952,0.05070033,1749.14245240,0.01998474,0.01998474,26830,82,0
7448.93073648,7448.93070038,1568.67072279,1568.67180651,0.04411011,1749.35294781,0.01998474,0.01998474,26829,82,0
7449.20811237,7449.20836342,1577.01088615,1577.00334171,0.03715529,1749.56209528,0.01998474,0.01998474,26828,82,0
7449.48632800,7449.48604715,1585.35959359,1585.36804134,0.05283521,1749.77085917,0.01998474,0.01998474,26827,82,0
7449.76320687,7449.76375158,1593.71665198,1593.70025210,0.04048313,1749.97760081,0.01998473,0.01998474,26826,82,0
7450.04126286,7450.04147671,1602.08234051,1602.07589575,0.03869075,1750.18420162,0.01998474,0.01998474,26825,82,0
7450.31931308,7450.31922253,1610.45699001,1610.45972161,0.04850936,1750.38978082,0.01998474,0.01998474,26824,82,0
7450.59693932,7450.59698907,1618.84093302,1618.83943087,0.03982945,1750.59403596,0.01998474,0.01998474,26823,82,0
7450.87443002,7450.87477630,1627.23436569,1627.22389729,0.04558075,1750.79718322,0.01998473,0.01998474,26822,82,0
7451.15207553,7451.15258425,1635.63714415,1635.62174915,0.05045978,1750.99942770,0.01998473,0.01998474,26821,82,0
7451.43038709,7451.43041290,1644.04907198,1644.04828996,0.04278536,1751.20112872,0.01998474,0.01998474,26820,82,0
7451.70834604,7451.70826227,1652.46995144,1652.47249153,0.05049897,1751.40153782,0.01998474,0.01998474,26819,82,0
7451.98632879,7451.98613235,1660.89968333,1660.90564549,0.04128120,1751.60092218,0.01998474,0.01998474,26818,82,0
7452.26382135,7452.26402315,1669.33848966,1669.33235837,0.05032745,1751.79891731,0.01998474,0.01998474,26817,82,0
7452.54182874,7452.54193468,1677.78665866,1677.78343652,0.03566690,1751.99624312,0.01998474,0.01998474,26816,82,0
7452.81936259,7452.81986692,1686.24448040,1686.22912471,0.03856152,1752.19220066,0.01998473,0.01998474,26815,82,0
7453.09720134,7453.09781988,1694.71214900,1694.69329532,0.04836647,1752.38734095,0.01998473,0.01998474,26814,82,0
7453.37576654,7453.37579358,1703.18946563,1703.18864064,0.04155457,1752.58194564,0.01998474,0.01998474,26813,82,0
7453.65337997,7453.65378800,1711.67613087,1711.66366807,0.05250711,1752.77483280,0.01998474,0.01998474,26812,82,0
7453.93189104,7453.93180315,1720.17184328,1720.17453018,0.05367736,1752.96727698,0.01998474,0.01998474,26811,82,0
7454.21022250,7454.20983904,1728.67638318,1728.68811813,0.04288506,1753.15852099,0.01998474,0.01998474,26810,82,0
7454.48802436,7454.48789566,1737.18992942,1737.19387193,0.04080613,1753.34832878,0.01998474,0.01998474,26809,82,0
7454.76574670,7454.76597303,1745.71278123,1745.70584100,0.05167966,1753.53701423,0.01998474,0.01998474,26808,82,0
7455.04388836,7455.04407113,1754.24523983,1754.23962926,0.05364975,1753.72491699,0.01998474,0.01998474,26807,82,0
7455.32190016,7455.32218997,1762.78756163,1762.77865536,0.03772914,1753.91166596,0.01998474,0.01998474,26806,82,0
7455.60050508,7455.60032956,1771.33975384,1771.34515363,0.04606677,1754.09774011,0.01998474,0.01998474,26805,82,0
7455.87838724,7455.87848990,1779.90173997,1779.89857833,0.03631342,1754.28225553,0.01998474,0.01998474,26804,82,0
7456.15659370,7456.15667099,1788.47344290,1788.47106030,0.04804315,1754.46590401,0.01998474,0.01998474,26803,82,0
7456.43459269,7456.43487283,1797.05478669,1797.04614104,0.04314966,1754.64832813,0.01998474,0.01998474,26802,82,0
7456.71294321,7456.71309542,1805.64570475,1805.64100240,0.05179044,1754.82988841,0.01998474,0.01998474,26801,82,0
7456.99135232,7456.99133877,1814.24613349,1814.24655237,0.04684107,1755.01038593,0.01998474,0.01998474,26800,82,0
7457.26971279,7457.26960288,1822.85600885,1822.85941128,0.03984979,1755.18974578,0.01998474,0.01998474,26799,82,0
7457.54814400,7457.54788775,1831.47529527,1831.48323599,0.04711581,1755.36804001,0.01998474,0.01998474,26798,82,0
7457.82662046,7457.82619339,1840.10412300,1840.11737124,0.04058528,1755.54525027,0.01998474,0.01998474,26797,82,0
7458.10405762,7458.10451979,1848.74268233,1848.72833017,0.04753884,1755.72069217,0.01998474,0.01998474,26796,82,0
7458.38305827,7458.38286696,1857.39116488,1857.39711214,0.04506394,1755.89600819,0.01998474,0.01998474,26795,82,0
7458.66123026,7458.66123490,1866.04976523,1866.04962079,0.03778335,1756.06969045,0.01998474,0.01998474,26794,82,0
7458.93935970,7458.93962361,1874.71868850,1874.71046558,0.04544363,1756.24223471,0.01998474,0.01998474,26793,82,0
7459.21794377,7459.21803310,1883.39814429,1883.39535779,0.04994541,1756.41394667,0.01998474,0.01998474,26792,82,0
7459.49642314,7459.49646337,1892.08834364,1892.08708735,0.04022579,1756.58447905,0.01998474,0.01998474,26791,82,0
7459.77526924,7459.77491442,1900.78939483,1900.80048860,0.04764826,1756.75411642,0.01998474,0.01998474,26790,82,0
7460.05342924,7460.05338625,1909.50089397,1909.50223976,0.04184663,1756.92220777,0.01998474,0.01998474,26789,82,0
7460.33184374,7460.33187886,1918.22227676,1918.22117638,0.04770372,1757.08930886,0.01998474,0.01998474,26788,82,0
7460.61040696,7460.61039226,1926.95297483,1926.95343591,0.03743192,1757.25533871,0.01998474,0.01998474,26787,82,0
7460.88860389,7460.88892645,1935.69262700,1935.68250103,0.04896043,1757.41998096,0.01998474,0.01998474,26786,82,0
7461.16753172,7461.16748143,1944.44175796,1944.44333816,0.04896296,1757.58388858,0.01998474,0.01998474,26785,82,0
7461.44614767,7461.44605721,1953.20112960,1953.20397559,0.05109088,1757.74645619,0.01998474,0.01998474,26784,82,0
7461.72498595,7461.72465378,1961.97150912,1961.98197246,0.03786314,1757.90800570,0.01998474,0.01998474,26783,82,0
7462.00279940,7462.00327115,1970.75337714,1970.73849872,0.05083939,1758.06782340,0.01998474,0.01998474,26782,82,0
7462.28178917,7462.28190933,1979.54622298,1979.54242911,0.04352469,1758.22716040,0.01998474,0.01998474,26781,82,0
7462.56036713,7462.56056830,1988.34932069,1988.34296212,0.04369509,1758.38508717,0.01998474,0.01998474,26780,82,0
7462.83922328,7462.83924808,1997.16193960,1997.16115487,0.04547599,1758.54197827,0.01998474,0.01998474,26779,82,0
7463.11781575,7463.11794867,2005.98362308,2005.97941359,0.03549901,1758.69751659,0.01998474,0.01998474,26778,82,0
7463.39598616,7463.39667007,2014.81464539,2014.79296555,0.04594984,1758.85161902,0.01998474,0.01998474,26777,82,0
7463.67506027,7463.67541228,2023.65540192,2023.64423147,0.04372270,1759.00501962,0.01998474,0.01998474,26776,82,0
7463.95390610,7463.95417531,2032.50629098,2032.49773888,0.04203864,1759.15709441,0.01998474,0.01998474,26775,82,0
7464.23343254,7464.23295915,2041.36772647,2041.38278212,0.04253427,1759.30833872,0.01998474,0.01998474,26774,82,0
7464.51201027,7464.51176382,2050.24015014,2050.24799771,0.04598958,1759.45787549,0.01998474,0.01998474,26773,82,0
7464.79036280,7464.79058930,2059.12400976,2059.11678840,0.05303552,1759.60610324,0.01998474,0.01998474,26772,82,0
7465.06966908,7465.06943561,2068.01974936,2068.02720231,0.03570699,1759.75364736,0.01998474,0.01998474,26771,82,0
7465.34822244,7465.34830275,2076.92750026,2076.92493349,0.05144768,1759.89960189,0.01998474,0.01998474,26770,82,0
7465.62742003,7465.62719072,2085.84695461,2085.85429310,0.05002030,1760.04468926,0.01998474,0.01998474,26769,82,0
7465.90581419,7465.90609951,2094.77776969,2094.76862822,0.04824609,1760.18814754,0.01998474,0.01998474,26768,82,0
7466.18456317,7466.18502914,2103.71960722,2103.70466074,0.04463659,1760.33056613,0.01998474,0.01998474,26767,82,0
7466.46364616,7466.46397961,2112.67227591,2112.66156796,0.04435756,1760.47192195,0.01998474,0.01998474,26766,82,0
7466.74332456,7466.74295091,2121.63572628,2121.64773829,0.04344648,1760.61233562,0.01998474,0.01998474,26765,82,0
7467.02203178,7467.02194306,2130.60991417,2130.61276951,0.04287234,1760.75101767,0.01998474,0.01998474,26764,82,0
7467.30064088,7467.30095605,2139.59481526,2139.58466044,0.04719623,1760.88840452,0.01998474,0.01998474,26763,82,0
7467.58016634,7467.57998988,2148.59063061,2148.59632266,0.04606951,1761.02498918,0.01998474,0.01998474,26762,82,0
7467.85878386,7467.85904456,2157.59770423,2157.58928449,0.04851886,1761.15988046,0.01998474,0.01998474,26761,82,0
7468.13792468,7468.13812010,2166.61638483,2166.61006568,0.04490640,1761.29377396,0.01998474,0.01998474,26760,82,0
7468.41718336,7468.41721648,2175.64696648,2175.64589412,0.04447952,1761.42646997,0.01998474,0.01998474,26759,82,0
7468.69602845,7468.69633372,2184.68939182,2184.67949601,0.04592186,1761.55771178,0.01998474,0.01998474,26758,82,0
7468.97538418,7468.97547181,2193.74346800,2193.74062371,0.04061380,1761.68792561,0.01998474,0.01998474,26757,82,0
7469.25404605,7469.25463077,2202.80900036,2202.79000068,0.04239911,1761.81654328,0.01998474,0.01998474,26756,82,0
7469.53357227,7469.53381058,2211.88578649,2211.87803403,0.05727823,1761.94427480,0.01998474,0.01998474,26755,82,0
7469.81353352,7469.81301127,2220.97360109,2220.99060989,0.05632109,1762.07090679,0.01998474,0.01998474,26754,82,0
7470.09185639,7470.09223281,2230.07221260,2230.05993980,0.05027686,1762.19550162,0.01998474,0.01998474,26753,82,0
7470.37142855,7470.37147523,2239.18139008,2239.17986662,0.04529758,1762.31934673,0.01998474,0.01998474,26752,82,0
7470.65084824,7470.65073851,2248.30114962,2248.30473478,0.04323413,1762.44180888,0.01998474,0.01998474,26751,82,0
7470.92980898,7470.93002267,2257.43196650,2257.42497600,0.04525636,1762.56275954,0.01998474,0.01998474,26750,82,0
7471.20925304,7471.20932771,2266.57436912,2266.57192343,0.04511545,1762.68260895,0.01998474,0.01998474,26749,82,0
7471.48821165,7471.48865362,2275.72887662,2275.71438228,0.04264060,1762.80094302,0.01998474,0.01998474,26748,82,0
7471.76815792,7471.76800042,2284.89571047,2284.90088226,0.05190904,1762.91838038,0.01998474,0.01998474,26747,82,0
7472.04708993,7472.04736809,2294.07479378,2294.06564842,0.04530612,1763.03407479,0.01998474,0.01998474,26746,82,0
7472.32683452,7472.32675665,2303.26603608,2303.26859934,0.04527071,1763.14877867,0.01998474,0.01998474,26745,82,0
7472.60590758,7472.60616610,2312.46933148,2312.46081087,0.04473452,1763.26187559,0.01998474,0.01998474,26744,82,0
7472.88547984,7472.88559644,2321.68444729,2321.68059954,0.04533528,1763.37383289,0.01998474,0.01998474,26743,82,0
7473.16478093,7473.16504767,2330.91108472,2330.90227264,0.05301176,1763.48433144,0.01998474,0.01998474,26742,82,0
7473.44418017,7473.44451980,2340.14894207,2340.13770934,0.04529443,1763.59350976,0.01998474,0.01998474,26741,82,0
7473.72417286,7473.72401282,2349.39790781,2349.40320690,0.03795852,1763.70154986,0.01998474,0.01998474,26740,82,0
7474.00368512,7474.00352674,2358.65858891,2358.66383954,0.04344181,1763.80803837,0.01998474,0.01998474,26739,82,0
7474.28257156,7474.28306156,2367.93176499,2367.91549903,0.05406664,1763.91293132,0.01998474,0.01998474,26738,82,0
7474.56263669,7474.56261729,2377.21821482,2377.21885964,0.04271803,1764.01690623,0.01998474,0.01998474,26737,82,0
7474.84157844,7474.84219392,2386.51823176,2386.49774401,0.04373777,1764.11910506,0.01998474,0.01998474,26736,82,0
7475.12157098,7475.12179146,2395.83130107,2395.82395222,0.05151855,1764.22031302,0.01998474,0.01998474,26735,82,0
7475.40168897,7475.40140992,2405.15682819,2405.16614048,0.04232492,1764.32017450,0.01998474,0.01998474,26734,82,0
7475.68118168,7475.68104928,2414.49424507,2414.49866848,0.03946801,1764.41841382,0.01998474,0.01998474,26733,82,0
7475.96038625,7475.96070956,2423.84341902,2423.83260419,0.04642869,1764.51514943,0.01998474,0.01998474,26732,82,0
7476.24043317,7476.24039076,2433.20454105,2433.20596134,0.04337574,1764.61076527,0.01998474,0.01998474,26731,82,0
7476.51943495,7476.52009288,2442.57781123,2442.55574923,0.04228053,1764.70461484,0.01998474,0.01998474,26730,82,0
7476.79968349,7476.79981592,2451.96348360,2451.95903736,0.05109201,1764.79746433,0.01998474,0.01998474,26729,82,0
7477.07921233,7477.07955989,2461.36206590,2461.35038103,0.04303419,1764.88865728,0.01998474,0.01998474,26728,82,0
7477.35894533,7477.35932478,2470.77414525,2470.76137049,0.04979173,1764.97849847,0.01998474,0.01998474,26727,82,0
7477.63912221,7477.63911060,2480.20030755,2480.20069887,0.04480980,1765.06705902,0.01998474,0.01998474,26726,82,0
7477.91927577,7477.91891736,2489.64060887,2489.65270953,0.03871447,1765.15418183,0.01998474,0.01998474,26725,82,0
7478.19868260,7478.19874505,2499.09415239,2499.09204138,0.04895012,1765.23963308,0.01998474,0.01998474,26724,82,0
7478.47882544,7478.47859367,2508.55993532,2508.56777921,0.04014476,1765.32385117,0.01998474,0.01998474,26723,82,0
7478.75832960,7478.75846324,2518.03702684,2518.03249890,0.05115387,1765.40640826,0.01998474,0.01998474,26722,82,0
7479.03808938,7479.03835375,2527.52551289,2527.51654543,0.03677593,1765.48756690,0.01998474,0.01998474,26721,82,0
7479.31827446,7479.31826520,2537.02618790,2537.02650253,0.05119409,1765.56737212,0.01998474,0.01998474,26720,82,0
7479.59799204,7479.59819759,2546.53986683,2546.53287619,0.03954571,1765.64557079,0.01998474,0.01998474,26719,82,0
7479.87805117,7479.87815094,2556.06717626,2556.06377886,0.04449053,1765.72238888,0.01998474,0.01998474,26718,82,0
7480.15802725,7480.15812523,2565.60801038,2565.60466927,0.03920956,1765.79770049,0.01998474,0.01998474,26717,82,0
7480.43821900,7480.43812048,2575.16208814,2575.16545221,0.04969118,1765.87157628,0.01998474,0.01998474,26716,82,0
7480.71857476,7480.71813668,2584.72913227,2584.74410910,0.04604063,1765.94399110,0.01998474,0.01998474,26715,82,0
7480.99819705,7480.99817384,2594.30908405,2594.30987828,0.03860098,1766.01471107,0.01998474,0.01998474,26714,82,0
7481.27791776,7481.27823197,2603.90216037,2603.89139058,0.04942435,1766.08394706,0.01998474,0.01998474,26713,82,0
7481.55815424,7481.55831105,2613.50859729,2613.50321525,0.03975345,1766.15179270,0.01998474,0.01998474,26712,82,0
7481.83858593,7481.83841110,2623.12863545,2623.13464392,0.05023093,1766.21815976,0.01998474,0.01998474,26711,82,0
7482.11877331,7482.11853212,2632.76253555,2632.77083650,0.04810667,1766.28293976,0.01998474,0.01998474,26710,82,0
7482.39846791,7482.39867410,2642.41056791,2642.40346155,0.03875117,1766.34607630,0.01998474,0.01998474,26709,82,0
7482.67879720,7482.67883706,2652.07300358,2652.07162805,0.04810352,1766.40781754,0.01998474,0.01998474,26708,82,0
7482.95889132,7482.95902099,2661.74995355,2661.74547186,0.05108153,1766.46796226,0.01998474,0.01998474,26707,82,0
7483.23872950,7483.23922590,2671.44122326,2671.42404264,0.04062892,1766.52650181,0.01998474,0.01998474,26706,82,0
7483.51865470,7483.51945179,2681.14658241,2681.11895731,0.04738517,1766.58350103,0.01998474,0.01998474,26705,82,0
7483.79954837,7483.79969866,2690.86582995,2690.86061431,0.04852234,1766.63912250,0.01998474,0.01998474,26704,82,0
7484.08044981,7484.07996651,2700.59907527,2700.61587115,0.05179823,1766.69316151,0.01998474,0.01998474,26703,82,0
7484.36062872,7484.36025535,2710.34660773,2710.35960172,0.03890592,1766.74547825,0.01998474,0.01998474,26702,82,0
7484.64052599,7484.64056518,2720.10872049,2720.10735476,0.04876798,1766.79615801,0.01998474,0.01998474,26701,82,0
7484.92081950,7484.92089599,2729.88549475,2729.88282511,0.05002369,1766.84531577,0.01998474,0.01998474,26700,82,0
7485.20149310,7485.20124780,2739.67650376,2739.68507622,0.04880270,1766.89293276,0.01998474,0.01998474,26699,82,0
7485.48198747,7485.48162061,2749.48124322,2749.49408076,0.05022336,1766.93890297,0.01998474,0.01998474,26698,82,0
7485.76219477,7485.76201442,2759.29926442,2759.30558370,0.03941908,1766.98320399,0.01998474,0.01998474,26697,82,0
7486.04239110,7486.04242922,2769.13081951,2769.12948202,0.04615614,1767.02587655,0.01998474,0.01998474,26696,82,0
7486.32276316,7486.32286503,2778.97662057,2778.97304156,0.04318659,1767.06694384,0.01998474,0.01998474,26695,82,0
7486.60903521,7486.60332184,0.00000000,2789.04360542,0.02949377,1767.10720673,0.01998475,0.01998474,26694,82,1
7486.88435821,7486.88379966,2798.71362936,2798.73331177,0.04557503,1767.14427460,0.01998474,0.01998474,26693,82,0
7487.16423909,7487.16429849,2808.60524426,2808.60314814,0.04977392,1767.18034531,0.01998474,0.01998474,26692,82,0
7487.44545890,7487.44481833,2818.51206383,2818.53470251,0.05448104,1767.21492371,0.01998474,0.01998474,26691,82,0
7487.72509896,7487.72535918,2828.43392096,2828.42471098,0.03673463,1767.24764490,0.01998474,0.01998474,26690,82,0
7488.00567028,7488.00592106,2838.37073597,2838.36184773,0.04735586,1767.27880069,0.01998474,0.01998474,26689,82,0
7488.28626497,7488.28650395,2848.32248230,2848.31400025,0.04635982,1767.30827410,0.01998474,0.01998474,26688,82,0
7488.56735793,7488.56710786,2858.28913336,2858.29802178,0.05061118,1767.33610267,0.01998474,0.01998474,26687,82,0
7488.84762096,7488.84773280,2868.27059970,2868.26661887,0.04954098,1767.36215015,0.01998474,0.01998474,26686,82,0
7489.12790823,7489.12837876,2878.26666275,2878.24989185,0.04997062,1767.38649526,0.01998474,0.01998474,26685,82,0
7489.40901021,7489.40904575,2888.27708610,2888.27581774,0.04464114,1767.40919107,0.01998474,0.01998474,26684,82,0
7489.68954902,7489.68973377,2898.30171055,2898.29510775,0.04851532,1767.43011641,0.01998474,0.01998474,26683,82,0
7489.97041751,7489.97044283,2908.34098543,2908.34007931,0.04876279,1767.44933362,0.01998474,0.01998474,26682,82,0
7490.25105058,7490.25117292,2918.39564676,2918.39126167,0.05207375,1767.46679693,0.01998474,0.01998474,26681,82,0
7490.53190728,7490.53192405,2928.46642844,2928.46582639,0.05345783,1767.48252821,0.01998474,0.01998474,26680,82,0
7490.81291689,7490.81269622,2938.55357064,2938.56150473,0.04753781,1767.49651202,0.01998474,0.01998474,26679,82,0
7491.09368946,7491.09348943,2948.65660103,2948.66380334,0.04313961,1767.50872081,0.01998474,0.01998474,26678,82,0
7491.37426862,7491.37430369,2958.77498790,2958.77372337,0.04460526,1767.51915185,0.01998474,0.01998474,26677,82,0
7491.65538133,7491.65513899,2968.90836854,2968.91711921,0.04263891,1767.52782076,0.01998474,0.01998474,26676,82,0
7491.93574042,7491.93599535,2979.05716626,2979.04794761,0.04270982,1767.53468248,0.01998474,0.01998474,26675,82,0
7492.21683011,7492.21687275,2989.22203200,2989.22048754,0.04598875,1767.53976586,0.01998474,0.01998474,26674,82,0
7492.49759160,7492.49777121,2999.40359555,2999.39707992,0.05151248,1767.54303973,0.01998474,0.01998474,26673,82,0
7492.77867134,7492.77869073,3009.60203459,3009.60132999,0.04603548,1767.54450303,0.01998474,0.01998474,26672,82,0
7493.05987828,7493.05963131,3019.81714686,3019.82613367,0.04565700,1767.54414168,0.01998474,0.01998474,26671,82,0
7493.34061786,7493.34059295,3030.04871719,3030.04962522,0.04214401,1767.54195112,0.01998474,0.01998474,26670,82,0
7493.62152403,7493.62157565,3040.29668904,3040.29480476,0.05651953,1767.53792080,0.01998474,0.01998474,26669,82,0
7493.90296019,7493.90257942,3050.56136394,3050.57528378,0.04341397,1767.53202985,0.01998474,0.01998474,26668,82,0
7494.18362994,7494.18360426,3060.84309473,3060.84403529,0.04193266,1767.52429869,0.01998474,0.01998474,26667,82,0
7494.46455629,7494.46465017,3071.14210787,3071.13866498,0.04108881,1767.51469503,0.01998474,0.01998474,26666,82,0
7494.74581566,7494.74571715,3081.45780842,3081.46142678,0.04730661,1767.50320197,0.01998474,0.01998474,26665,82,0
7495.02677868,7495.02680521,3091.78927320,3091.78829750,0.04182359,1767.48983735,0.01998474,0.01998474,26664,82,0
7495.30781965,7495.30791434,3102.13562051,3102.13213282,0.03614382,1767.47457864,0.01998474,0.01998474,26663,82,0
7495.58926447,7495.58904456,3112.49706645,3112.50517743,0.05050173,1767.45739504,0.01998474,0.01998474,26662,82,0
7495.87023052,7495.87019586,3122.87489706,3122.87617749,0.04032452,1767.43833075,0.01998474,0.01998474,26661,82,0
7496.15143449,7496.15136825,3133.27045170,3133.27290292,0.04633056,1767.41732806,0.01998474,0.01998474,26660,82,0
7496.43249179,7496.43256172,3143.68450823,3143.68191608,0.04797717,1767.39440356,0.01998474,0.01998474,26659,82,0
7496.71401996,7496.71377628,3154.11656097,3154.12560785,0.04303365,1767.36949488,0.01998474,0.01998474,26658,82,0
7496.99457221,7496.99501194,3164.56592304,3164.54957229,0.04960468,1767.34272750,0.01998474,0.01998474,26657,82,0
7497.27588798,7497.27626869,3175.03205024,3175.01787245,0.04918176,1767.31392995,0.01998474,0.01998474,26656,82,0
7497.55766187,7497.55754654,3185.51520442,3185.51950618,0.05000843,1767.28311093,0.01998474,0.01998474,26655,82,0
7497.83936936,7497.83884549,3196.01592365,3196.03549557,0.03873280,1767.25031279,0.01998474,0.01998474,26654,82,0
7498.12034830,7498.12016553,3206.53471298,3206.54155248,0.04535397,1767.21560983,0.01998474,0.01998474,26653,82,0
7498.40187820,7498.40150669,3217.07154842,3217.08547355,0.03815019,1767.17883624,0.01998474,0.01998474,26652,82,0
7498.68244409,7498.68286895,3227.62601441,3227.61006453,0.05321979,1767.14018617,0.01998474,0.01998474,26651,82,0
7498.96428784,7498.96425232,3238.19768981,3238.19902556,0.05133665,1767.09933952,0.01998474,0.01998474,26650,82,0
7499.24614017,7499.24565680,3248.78654403,3248.80474714,0.04420375,1767.05645715,0.01998474,0.01998474,26649,82,0
7499.52688802,7499.52708239,3259.39312174,3259.38579005,0.04867342,1767.01170862,0.01998474,0.01998474,26648,82,0
7499.80875986,7499.80852911,3270.01801831,3270.02673698,0.04263030,1766.96472615,0.01998474,0.01998474,26647,82,0
7500.08986878,7500.08999693,3280.66167302,3280.65682279,0.05182111,1766.91580827,0.01998474,0.01998474,26646,82,0
7500.37136507,7500.37148589,3291.32406485,3291.31948478,0.05025289,1766.86474878,0.01998474,0.01998474,26645,82,0
7500.65271278,7500.65299596,3302.00508956,3301.99433637,0.03564166,1766.81163250,0.01998474,0.01998474,26644,82,0
7500.93473943,7500.93452716,3312.70464690,3312.71272077,0.04693360,1766.75628759,0.01998474,0.01998474,26643,82,0
7501.21671227,7501.21607949,3323.42266512,3323.44677345,0.04842754,1766.69884099,0.01998474,0.01998474,26642,82,0
7501.49775397,7501.49765294,3334.15908196,3334.16293727,0.04823096,1766.63947268,0.01998474,0.01998474,26641,82,0
7501.77970767,7501.77924753,3344.91387167,3344.93146001,0.03893211,1766.57778350,0.01998474,0.01998474,26640,82,0
7502.06099215,7502.06086326,3355.68742614,3355.69236109,0.04783321,1766.51410414,0.01998474,0.01998474,26639,82,0
7502.34293208,7502.34250012,3366.48040372,3366.49697204,0.04522398,1766.44812035,0.01998474,0.01998474,26638,82,0
7502.62430098,7502.62415813,3377.29345028,3377.29893926,0.04717941,1766.38010329,0.01998474,0.01998474,26637,82,0
7502.90597520,7502.90583727,3388.12664725,3388.13195626,0.04916279,1766.30983245,0.01998474,0.01998474,26636,82,0
7503.18699993,7503.18753756,3398.97948460,3398.95875413,0.03500976,1766.23754225,0.01998474,0.01998474,26635,82,0
7503.46933801,7503.46925900,3409.85142354,3409.85447496,0.04920380,1766.16271278,0.01998474,0.01998474,26634,82,0
7503.75082945,7503.75100159,3420.74221953,3420.73555976,0.04696660,1766.08590209,0.01998474,0.01998474,26633,82,0
7504.03278419,7504.03276533,3431.65211614,3431.65284702,0.04939439,1766.00674485,0.01998474,0.01998474,26632,82,0
7504.31477638,7504.31455022,3442.58140473,3442.59018407,0.04649674,1765.92534171,0.01998474,0.01998474,26631,82,0
7504.59644920,7504.59635627,3453.53039898,3453.53401247,0.04164541,1765.84178566,0.01998474,0.01998474,26630,82,0
7504.87800869,7504.87818348,3464.49946437,3464.49265512,0.04518620,1765.75600675,0.01998474,0.01998474,26629,82,0
7505.16010886,7505.16003185,3475.48897763,3475.49198301,0.04201702,1765.66778611,0.01998474,0.01998474,26628,82,0
7505.44197824,7505.44190139,3486.49918701,3486.50219169,0.04456434,1765.57734758,0.01998474,0.01998474,26627,82,0
7505.72387898,7505.72379209,3497.52984675,3497.53324990,0.04649671,1765.48459976,0.01998474,0.01998474,26626,82,0
7506.00600775,7506.00570396,3508.58059177,3508.59251038,0.04335330,1765.38946626,0.01998474,0.01998474,26625,82,0
7506.28749102,7506.28763700,3519.65105144,3519.64531465,0.04743924,1765.29223859,0.01998474,0.01998474,26624,82,0
7506.56915666,7506.56959121,3530.74084391,3530.72373821,0.04936084,1765.19262869,0.01998474,0.01998474,26623,82,0
7506.85165763,7506.85156660,3541.84958054,3541.85316956,0.05402403,1765.09038557,0.01998474,0.01998474,26622,82,0
7507.13326434,7507.13356317,3552.97707840,3552.96527686,0.05014992,1764.98612678,0.01998474,0.01998474,26621,82,0
7507.41581340,7507.41558091,3564.12470045,3564.13389864,0.04728847,1764.87914772,0.01998474,0.01998474,26620,82,0
7507.69781861,7507.69761984,3575.29451653,3575.30239630,0.04791471,1764.76997397,0.01998474,0.01998474,26619,82,0
7507.97916419,7507.97967996,3586.48835477,3586.46786499,0.04343731,1764.65863456,0.01998474,0.01998474,26618,82,0
7508.26129037,7508.26176126,3597.70546195,3597.68671922,0.04545168,1764.54455173,0.01998474,0.01998474,26617,82,0
7508.54992711,7508.54386376,0.00000000,3609.19625019,0.32001497,1764.42520948,0.01998476,0.01998474,26616,82,1
7508.82601595,7508.82598744,3620.20077616,3620.20191469,0.04378535,1764.30890944,0.01998474,0.01998474,26615,82,0
7509.10760567,7509.10813232,3631.47779327,3631.45672415,0.04779894,1764.18776975,0.01998474,0.01998474,26614,82,0
7509.39040922,7509.39029840,3642.77745641,3642.78189887,0.05443275,1764.06361982,0.01998474,0.01998474,26613,82,0
7509.67196132,7509.67248568,3654.10242772,3654.08136040,0.05250740,1763.93749921,0.01998474,0.01998474,26612,82,0
7509.95421087,7509.95469416,3665.45249263,3665.43303626,0.04078950,1763.80852986,0.01998474,0.01998474,26611,82,0
7510.23673336,7510.23692384,3676.82522165,3676.81753938,0.04980402,1763.67690617,0.01998474,0.01998474,26610,82,0
7510.51941234,7510.51917473,3688.21824447,3688.22784328,0.04850749,1763.54269136,0.01998474,0.01998474,26609,82,0
7510.80168621,7510.80144683,3699.63153211,3699.64122006,0.04375708,1763.40614371,0.01998474,0.01998474,26608,82,0
7511.08310376,7511.08374014,3711.06700490,3711.04120004,0.05023070,1763.26746302,0.01998474,0.01998474,26607,82,0
7511.36569830,7511.36605467,3722.52656245,3722.51208185,0.04283068,1763.12560605,0.01998474,0.01998474,26606,82,0
7511.64833321,7511.64839041,3734.01036995,3734.00804138,0.04599133,1762.98111001,0.01998474,0.01998474,26605,82,0
7511.93104601,7511.93074737,3745.51710258,3745.52928401,0.03810316,1762.83395663,0.01998474,0.01998474,26604,82,0
7512.21278628,7512.21312555,3757.04543665,3757.03157345,0.05462829,1762.68470860,0.01998474,0.01998474,26603,82,0
7512.49512557,7512.49552495,3768.59512878,3768.57877996,0.03452170,1762.53252886,0.01998474,0.01998474,26602,82,0
7512.77765096,7512.77794558,3780.16684936,3780.15476627,0.04482911,1762.37760719,0.01998474,0.01998474,26601,82,0
7513.06044339,7513.06038744,3791.76128821,3791.76358716,0.04867599,1762.21987002,0.01998474,0.01998474,26600,82,0
7513.34278064,7513.34285053,3803.37888853,3803.37601136,0.04865920,1762.05970295,0.01998474,0.01998474,26599,82,0
7513.62518059,7513.62533485,3815.01989845,3815.01353529,0.04866231,1761.89680024,0.01998474,0.01998474,26598,82,0
7513.90749809,7513.90784041,3826.68455047,3826.67040218,0.04884221,1761.73122837,0.01998474,0.01998474,26597,82,0
7514.19014435,7514.19036721,3838.37290950,3838.36368087,0.04286386,1761.56272726,0.01998474,0.01998474,26596,82,0
7514.47289754,7514.47291524,3850.08492108,3850.08418670,0.04767871,1761.39140911,0.01998474,0.01998474,26595,82,0
7514.75520474,7514.75548452,3861.82061135,3861.80897993,0.04999339,1761.21759902,0.01998474,0.01998474,26594,82,0
7515.03813086,7515.03807504,3873.58089582,3873.58322124,0.05237485,1761.04061037,0.01998474,0.01998474,26593,82,0
7515.32076707,7515.32068681,3885.36723590,3885.37058671,0.04097320,1760.86096923,0.01998474,0.01998474,26592,82,0
7515.60316459,7515.60331984,3897.18085506,3897.17435870,0.04930514,1760.67861590,0.01998474,0.01998474,26591,82,0
7515.88636299,7515.88597411,3909.02084842,3909.03715468,0.04296662,1760.49286789,0.01998474,0.01998474,26590,82,0
7516.16895248,7516.16864964,3920.88525493,3920.89797768,0.04457818,1760.30466193,0.01998474,0.01998474,26589,82,0
7516.45149038,7516.45134642,3932.77261398,3932.77867339,0.04992935,1760.11364527,0.01998474,0.01998474,26588,82,0
7516.73454100,7516.73406446,3944.68465480,3944.70475482,0.04463039,1759.91938666,0.01998474,0.01998474,26587,82,0
7517.01727672,7517.01680377,3956.62432421,3956.64432034,0.05296749,1759.72238665,0.01998474,0.01998474,26586,82,0
7517.29937420,7517.29956434,3968.59352518,3968.58546742,0.05328467,1759.52283637,0.01998474,0.01998474,26585,82,0
7517.58260809,7517.58234618,3980.58955037,3980.60067208,0.04740812,1759.31950016,0.01998474,0.01998474,26584,82,0
7517.86458074,7517.86514928,3992.60841971,3992.58423794,0.04154361,1759.11415276,0.01998474,0.01998474,26583,82,0
7518.14809659,7518.14797366,4004.64809095,4004.65332877,0.04889223,1758.90476877,0.01998474,0.01998474,26582,82,0
7518.43061370,7518.43081931,4016.71227123,4016.70349178,0.04432046,1758.69313853,0.01998474,0.01998474,26581,82,0
7518.71389681,7518.71368624,4028.80573454,4028.81474903,0.04507320,1758.47784262,0.01998474,0.01998474,26580,82,0
7518.99659395,7518.99657444,4040.93066561,4040.93150274,0.04216787,1758.25984746,0.01998474,0.01998474,26579,82,0
7519.27917255,7519.27948393,4053.08421334,4053.07082303,0.04818249,1758.03883638,0.01998474,0.01998474,26578,82,0
7519.56239507,7519.56241470,4065.26298255,4065.26213713,0.05132394,1757.81424901,0.01998474,0.01998474,26577,82,0
7519.84524469,7519.84536675,4077.46571593,4077.46044661,0.03975517,1757.58689467,0.01998474,0.01998474,26576,82,0
nan,nan,0.00000000,-1.00000000,0.00000000,1757.35042898,nan,0.00000000,-2147483648,82,1
nan,nan,0.00000000,-1.00000000,0.00000000,1755.75800693,nan,0.00000000,-2147483648,81,1
7483.51922800,7483.51945179,9.64880815,9.64318946,0.03897074,1756.10804366,0.01998474,0.01998474,26705,81,0
7483.80029965,7483.79969866,16.68760806,16.70270806,0.04277040,1756.47916500,0.01998474,0.01998474,26704,81,0
7484.07911646,7484.07996651,23.73187243,23.71049974,0.04622964,1756.84669868,0.01998474,0.01998474,26703,81,0
7484.36101281,7484.36025535,30.78168784,30.80074626,0.04703476,1757.21767641,0.01998474,0.01998474,26702,81,0
7484.64003603,7484.64056518,37.83713747,37.82381398,0.04757481,1757.58426630,0.01998474,0.01998474,26701,81,0
7484.91941469,7484.92089599,44.89817030,44.86084595,0.05022290,1757.95071385,0.01998474,0.01998474,26700,81,0
7485.20165943,7485.20124780,51.96456692,51.97494554,0.06131884,1758.32028824,0.01998474,0.01998474,26699,81,0
7485.48180012,7485.48162061,59.03609631,59.04062522,0.05624656,1758.68646522,0.01998474,0.01998474,26698,81,0
7485.76226732,7485.76201442,66.11252640,66.11891108,0.05864756,1759.05241423,0.01998474,0.01998474,26697,81,0
7486.04285416,7486.04242922,73.19363778,73.20437167,0.06087888,1759.41785087,0.01998474,0.01998474,26696,81,0
7486.32324381,7486.32286503,80.27946595,80.28903954,0.04327593,1759.78236314,0.01998474,0.01998474,26695,81,0
7486.60404677,7486.60332184,87.37027276,87.38860716,0.04588642,1760.14675587,0.01998474,0.01998474,26694,81,0
7486.88420248,7486.88379966,94.46632903,94.47652394,0.03425974,1760.50966583,0.01998474,0.01998474,26693,81,0
7487.16464497,7487.16429849,101.56790683,101.57668204,0.04298497,1760.87231630,0.01998474,0.01998474,26692,81,0
7487.44370691,7487.44481833,108.67526042,108.64709054,0.04436806,1761.23256593,0.01998474,0.01998474,26691,81,0
7487.72501321,7487.72535918,115.78844737,115.77967191,0.05689524,1761.59509233,0.01998474,0.01998474,26690,81,0
7488.00638296,7488.00592106,122.90740804,122.91913268,0.05539236,1761.95707227,0.01998474,0.01998474,26689,81,0
7488.28725282,7488.28650395,130.03208095,130.05110349,0.04902317,1762.31777740,0.01998474,0.01998474,26688,81,0
7488.56700944,7488.56710786,137.16240434,137.15990255,0.04756184,1762.67642048,0.01998474,0.01998474,26687,81,0
7488.84769198,7488.84773280,144.29831209,144.29727386,0.04782703,1763.03561110,0.01998474,0.01998474,26686,81,0
7489.12787776,7489.12837876,151.43971355,151.42696049,0.04669765,1763.39352079,0.01998474,0.01998474,26685,81,0
7489.40877713,7489.40904575,158.58650860,158.57966614,0.04218926,1763.75168809,0.01998474,0.01998474,26684,81,0
7489.68947542,7489.68973377,165.73859665,165.73201164,0.04988503,1764.10893812,0.01998474,0.01998474,26683,81,0
7489.97073969,7489.97044283,172.89587664,172.90344825,0.05679267,1764.46623903,0.01998474,0.01998474,26682,81,0
7490.25240247,7490.25117292,180.05831653,180.08969725,0.05739504,1764.82337131,0.01998474,0.01998474,26681,81,0
7490.53242443,7490.53192405,187.22612173,187.23890145,0.03861398,1765.17776214,0.01998474,0.01998474,26680,81,0
7490.81229725,7490.81269622,194.39954929,194.38935248,0.03164635,1765.53131652,0.01998474,0.01998474,26679,81,0
7491.09292130,7491.09348943,201.57885749,201.56432594,0.04124316,1765.88518054,0.01998474,0.01998474,26678,81,0
7491.37367378,7491.37430369,208.76430430,208.74817996,0.05483483,1766.23857655,0.01998474,0.01998474,26677,81,0
7491.65473521,7491.65513899,215.95598115,215.94563707,0.05899842,1766.59173271,0.01998474,0.01998474,26676,81,0
7491.93580603,7491.93599535,223.15366021,223.14880669,0.05216433,1766.94425828,0.01998474,0.01998474,26675,81,0
7492.21734156,7492.21687275,230.35707666,230.36910392,0.03974417,1767.29670768,0.01998474,0.01998474,26674,81,0
7492.49774590,7492.49777121,237.56596443,237.56531465,0.03915183,1767.64707052,0.01998474,0.01998474,26673,81,0
7492.77850127,7492.77869073,244.78006492,244.77519786,0.04454169,1767.99718725,0.01998474,0.01998474,26672,81,0
7493.05994918,7493.05963131,251.99934033,252.00751140,0.05749548,1768.34747639,0.01998474,0.01998474,26671,81,0
7493.34134632,7493.34059295,259.22398710,259.24336597,0.04596047,1768.69701821,0.01998474,0.01998474,26670,81,0
7493.62095837,7493.62157565,266.45421380,266.43832441,0.03479722,1769.04367330,0.01998474,0.01998474,26669,81,0
7493.90269624,7493.90257942,273.69023000,273.69323934,0.04528132,1769.39229722,0.01998474,0.01998474,26668,81,0
7494.18332408,7494.18360426,280.93223221,280.92500928,0.06283488,1769.73888975,0.01998474,0.01998474,26667,81,0
7494.46481117,7494.46465017,288.18028254,288.18443631,0.04756812,1770.08588490,0.01998474,0.01998474,26666,81,0
7494.74544598,7494.74571715,295.43436767,295.42736643,0.03626356,1770.43117008,0.01998474,0.01998474,26665,81,0
7495.02635792,7495.02680521,302.69447333,302.68291625,0.04076330,1770.77613420,0.01998474,0.01998474,26664,81,0
7495.30726064,7495.30791434,309.96058521,309.94368187,0.05528915,1771.12042191,0.01998474,0.01998474,26663,81,0
7495.58946279,7495.58904456,317.23269532,317.24351787,0.04196483,1771.46563015,0.01998474,0.01998474,26662,81,0
7495.87044290,7495.87019586,324.51082310,324.51722057,0.04113045,1771.80867305,0.01998474,0.01998474,26661,81,0
7496.15079439,7496.15136825,331.79499541,331.78012315,0.05161090,1772.15028094,0.01998474,0.01998474,26660,81,0
7496.43247559,7496.43256172,339.08523925,339.08300543,0.05693484,1772.49283672,0.01998474,0.01998474,26659,81,0
7496.71344596,7496.71377628,346.38158133,346.37300746,0.04010842,1772.83385579,0.01998474,0.01998474,26658,81,0
7496.99375358,7496.99501194,353.68400490,353.65131877,0.03484218,1773.17339861,0.01998474,0.01998474,26657,81,0
7497.27579893,7497.27626869,360.99240928,360.98019820,0.04943367,1773.51436227,0.01998474,0.01998474,26656,81,0
7497.55670095,7497.55754654,368.30668380,368.28468761,0.04119013,1773.85325452,0.01998474,0.01998474,26655,81,0
7497.83838173,7497.83884549,375.62671724,375.61464502,0.03748120,1774.19238843,0.01998474,0.01998474,26654,81,0
7498.11929719,7498.12016553,382.95240461,382.92978478,0.05679828,1774.52989814,0.01998474,0.01998474,26653,81,0
7498.40181173,7498.40150669,390.28376646,390.29171820,0.03716697,1774.86862024,0.01998474,0.01998474,26652,81,0
7498.68252432,7498.68286895,397.62093464,397.61194427,0.03688569,1775.20448191,0.01998474,0.01998474,26651,81,0
7498.96358874,7498.96425232,404.96404545,404.94672185,0.05479314,1775.54006972,0.01998474,0.01998474,26650,81,0
7499.24577083,7499.24565680,412.31323588,412.31621516,0.03078562,1775.87629682,0.01998474,0.01998474,26649,81,0
7499.52661392,7499.52708239,419.66862659,419.65637788,0.03864749,1776.21024021,0.01998474,0.01998474,26648,81,0
7499.80848036,7499.80852911,427.03023529,427.02895990,0.05660511,1776.54470871,0.01998474,0.01998474,26647,81,0
7500.08979528,7500.08999693,434.39804059,434.39275995,0.03303272,1776.87782868,0.01998474,0.01998474,26646,81,0
7500.37139477,7500.37148589,441.77202091,441.76963308,0.05472498,1777.21058805,0.01998474,0.01998474,26645,81,0
7500.65310900,7500.65299596,449.15215457,449.15511925,0.04802027,1777.54278154,0.01998474,0.01998474,26644,81,0
7500.93473972,7500.93452716,456.53842754,456.54400646,0.04158277,1777.87417246,0.01998474,0.01998474,26643,81,0
7501.21659865,7501.21607949,463.93084346,463.94447968,0.05505292,1778.20512509,0.01998474,0.01998474,26642,81,0
7501.49772257,7501.49765294,471.32940846,471.33123854,0.03736425,1778.53450849,0.01998474,0.01998474,26641,81,0
7501.77833340,7501.77924753,478.73412867,478.71008176,0.05715831,1778.86258552,0.01998474,0.01998474,26640,81,0
7502.06214779,7502.06086326,486.14500606,486.17882204,0.04644172,1779.19368925,0.01998474,0.01998474,26639,81,0
7502.34266117,7502.34250012,493.56196138,493.56620411,0.03696660,1779.52022602,0.01998474,0.01998474,26638,81,0
7502.62385122,7502.62415813,500.98484140,500.97675024,0.05723132,1779.84682736,0.01998474,0.01998474,26637,81,0
7502.90562181,7502.90583727,508.41348948,508.40780506,0.03938742,1780.17336783,0.01998474,0.01998474,26636,81,0
7503.18752513,7503.18753756,515.84774814,515.84741999,0.05953541,1780.49931680,0.01998474,0.01998474,26635,81,0
7503.46993077,7503.46925900,523.28753609,523.30528240,0.04469610,1780.82509356,0.01998474,0.01998474,26634,81,0
7503.75075287,7503.75100159,530.73318289,530.72660755,0.06008126,1781.14830862,0.01998474,0.01998474,26633,81,0
7504.03224268,7504.03276533,538.18515663,538.17132830,0.04291713,1781.47157486,0.01998474,0.01998474,26632,81,0
7504.31481132,7504.31455022,545.64392780,545.65084189,0.03396727,1781.79537589,0.01998474,0.01998474,26631,81,0
7504.59689362,7504.59635627,553.10996517,553.12420815,0.05504735,1782.11793382,0.01998474,0.01998474,26630,81,0
7504.87780983,7504.87818348,560.58338829,560.57347568,0.03738858,1782.43847984,0.01998474,0.01998474,26629,81,0
7505.15985503,7505.16003185,568.06370129,568.05900658,0.05671717,1782.75960909,0.01998474,0.01998474,26628,81,0
7505.44138694,7505.44190139,575.55034352,575.53667453,0.03346996,1783.07942305,0.01998474,0.01998474,26627,81,0
7505.72385874,7505.72379209,583.04275147,583.04452359,0.05313133,1783.39954456,0.01998474,0.01998474,26626,81,0
7506.00557598,7506.00570396,590.54042008,590.53701532,0.03677991,1783.71802911,0.01998474,0.01998474,26625,81,0
7506.28785386,7506.28763700,598.04349861,598.04927189,0.05586083,1784.03636885,0.01998474,0.01998474,26624,81,0
7506.56958792,7506.56959121,605.55253560,605.55244804,0.03408777,1784.35333942,0.01998474,0.01998474,26623,81,0
7506.85150639,7506.85156660,613.06808799,613.06648263,0.05683131,1784.66978287,0.01998474,0.01998474,26622,81,0
7507.13371464,7507.13356317,620.59071534,620.59475788,0.02896168,1784.98583679,0.01998474,0.01998474,26621,81,0
7507.41610480,7507.41558091,628.12074294,628.13473707,0.05140219,1785.30138963,0.01998474,0.01998474,26620,81,0
7507.69752001,7507.69761984,635.65781237,635.65514332,0.03907456,1785.61513408,0.01998474,0.01998474,26619,81,0
7507.97973794,7507.97967996,643.20144017,643.20299146,0.05578328,1785.92903008,0.01998474,0.01998474,26618,81,0
7508.26213044,7508.26176126,650.75114040,650.76102455,0.05323178,1786.24235261,0.01998474,0.01998474,26617,81,0
7508.54420544,7508.54386376,658.30645319,658.31560716,0.03724091,1786.55453515,0.01998474,0.01998474,26616,81,0
7508.82607502,7508.82598744,665.86744875,665.86979667,0.04927119,1786.86570489,0.01998474,0.01998474,26615,81,0
7509.10822866,7509.10813232,673.43466855,673.43725336,0.03437657,1787.17642206,0.01998474,0.01998474,26614,81,0
7509.39011937,7509.39029840,681.00867303,681.00386541,0.04782930,1787.48610484,0.01998474,0.01998474,26613,81,0
7509.67192219,7509.67248568,688.59002560,688.57487972,0.03609287,1787.79496735,0.01998474,0.01998474,26612,81,0
7509.95428752,7509.95469416,696.17910702,696.16816683,0.05373354,1788.10373343,0.01998474,0.01998474,26611,81,0
7510.23676913,7510.23692384,703.77556433,703.77139844,0.04654038,1788.41189544,0.01998474,0.01998474,26610,81,0
7510.51909360,7510.51917473,711.37886031,711.37667398,0.03414497,1788.71913086,0.01998474,0.01998474,26609,81,0
7510.80201231,7510.80144683,718.98845489,719.00370475,0.05335256,1789.02623133,0.01998474,0.01998474,26608,81,0
7511.08431851,7511.08374014,726.60382330,726.61943101,0.05046585,1789.33186369,0.01998474,0.01998474,26607,81,0
7511.36602024,7511.36605467,734.22490519,734.22397541,0.04202193,1789.63603744,0.01998474,0.01998474,26606,81,0
7511.64816441,7511.64839041,741.85213669,741.84602900,0.04837538,1789.93989900,0.01998474,0.01998474,26605,81,0
7511.93079009,7511.93074737,749.48598028,749.48713577,0.03459854,1790.24350271,0.01998474,0.01998474,26604,81,0
7512.21308067,7512.21312555,757.12690089,757.12568602,0.05342760,1790.54598673,0.01998474,0.01998474,26603,81,0
7512.49551211,7512.49552495,764.77526237,764.77491429,0.04964170,1790.84787361,0.01998474,0.01998474,26602,81,0
7512.77761160,7512.77794558,772.43097474,772.42191744,0.03735494,1791.14865249,0.01998474,0.01998474,26601,81,0
7513.06028587,7513.06038744,780.09382222,780.09106527,0.05069799,1791.44927800,0.01998474,0.01998474,26600,81,0
7513.34264177,7513.34285053,787.76358779,787.75791695,0.05294735,1791.74878816,0.01998474,0.01998474,26599,81,0
7513.62502716,7513.62533485,795.44005936,795.43169465,0.03337804,1792.04754240,0.01998474,0.01998474,26598,81,0
7513.91041541,7513.90784041,803.12317851,803.19323732,0.05072388,1792.34866893,0.01998475,0.01998474,26597,81,0
7514.19033037,7514.19036721,810.81305072,810.81204781,0.05315948,1792.64323622,0.01998474,0.01998474,26596,81,0
7514.47283839,7514.47291524,818.50978991,818.50769545,0.03362710,1792.93974685,0.01998474,0.01998474,26595,81,0
7514.75565537,7514.75548452,826.21351061,826.21817055,0.05113629,1793.23579327,0.01998474,0.01998474,26594,81,0
7515.03771991,7515.03807504,833.92430590,833.91461163,0.04995305,1793.53026727,0.01998474,0.01998474,26593,81,0
7515.32082711,7515.32068681,841.64218254,841.64601544,0.05029498,1793.82503936,0.01998474,0.01998474,26592,81,0
7515.60318161,7515.60331984,849.36712593,849.36334635,0.03276071,1794.11823583,0.01998474,0.01998474,26591,81,0
7515.88586568,7515.88597411,857.09912138,857.09615401,0.04730821,1794.41097914,0.01998474,0.01998474,26590,81,0
7516.16868577,7516.16864964,864.83816190,864.83915154,0.04441979,1794.70306401,0.01998474,0.01998474,26589,81,0
7516.45124532,7516.45134642,872.58438354,872.58161202,0.04610686,1794.99408393,0.01998474,0.01998474,26588,81,0
7516.73405168,7516.73406446,880.33804851,880.33769763,0.03324103,1795.28456864,0.01998474,0.01998474,26587,81,0
7517.01661416,7517.01680377,888.09942466,888.09421727,0.05174701,1795.57402132,0.01998474,0.01998474,26586,81,0
7517.29942411,7517.29956434,895.86878108,895.86492602,0.05080089,1795.86295239,0.01998474,0.01998474,26585,81,0
7517.58198380,7517.58234618,903.64619818,903.63622695,0.05285971,1796.15085335,0.01998474,0.01998474,26584,81,0
7517.86476140,7517.86514928,911.43121435,911.42053211,0.03106105,1796.43818134,0.01998474,0.01998474,26583,81,0
7518.14812018,7518.14797366,919.22326933,919.22730784,0.04627663,1796.72527862,0.01998474,0.01998474,26582,81,0
7518.43061142,7518.43081931,927.02179975,927.01606596,0.05573798,1797.01065539,0.01998474,0.01998474,26581,81,0
7518.71408090,7518.71368624,934.82630444,934.83719724,0.05702901,1797.29615510,0.01998474,0.01998474,26580,81,0
7518.99613108,7518.99657444,942.63696494,942.62471885,0.04663132,1797.57936944,0.01998474,0.01998474,26579,81,0
7519.27931123,7519.27948393,950.45437346,950.44959941,0.03265702,1797.86287870,0.01998474,0.01998474,26578,81,0
7519.56237435,7519.56241470,958.27913092,958.27801445,0.04476738,1798.14544906,0.01998474,0.01998474,26577,81,0
7519.84570907,7519.84536675,966.11183704,966.12131768,0.04585061,1798.42748667,0.01998474,0.01998474,26576,81,0
7520.12870187,7520.12834010,973.95272572,973.96275467,0.05351874,1798.70838643,0.01998474,0.01998474,26575,81,0
7520.41122873,7520.41133473,981.80139726,981.79845600,0.05244008,1798.98801137,0.01998474,0.01998474,26574,81,0
7520.69468222,7520.69435066,989.65738702,989.66659430,0.04694511,1799.26771830,0.01998474,0.01998474,26573,81,0
7520.97711110,7520.97738788,997.52022774,997.51253595,0.03028382,1799.54556302,0.01998474,0.01998474,26572,81,0
7521.26074127,7521.26044640,1005.38955441,1005.39775508,0.05210168,1799.82371903,0.01998474,0.01998474,26571,81,0
7521.54326668,7521.54352622,1013.26554728,1013.25832327,0.04581653,1800.09992828,0.01998474,0.01998474,26570,81,0
7521.82664550,7521.82662734,1021.14856553,1021.14907141,0.04395007,1800.37611639,0.01998474,0.01998474,26569,81,0
7522.10963760,7522.10974977,1029.03897044,1029.03584294,0.04719905,1800.65108249,0.01998474,0.01998474,26568,81,0
7522.39314976,7522.39289351,1036.93710972,1036.94426098,0.04610560,1800.92571634,0.01998474,0.01998474,26567,81,0
7522.67586341,7522.67605855,1044.84304285,1044.83759198,0.04799352,1801.19874101,0.01998474,0.01998474,26566,81,0
7522.95928519,7522.95924491,1052.75657291,1052.75769890,0.04874587,1801.47160218,0.01998474,0.01998474,26565,81,0
7523.24233436,7523.24245258,1060.67749299,1060.67418504,0.04966787,1801.74324789,0.01998474,0.01998474,26564,81,0
7523.52590550,7523.52568157,1068.60559536,1068.61186592,0.04697372,1802.01452611,0.01998474,0.01998474,26563,81,0
7523.80874778,7523.80893188,1076.54075703,1076.53559728,0.04704990,1802.28423430,0.01998474,0.01998474,26562,81,0
7524.09220565,7524.09220351,1084.48304588,1084.48310580,0.03088368,1802.55365464,0.01998474,0.01998474,26561,81,0
7524.37555974,7524.37549647,1092.43255608,1092.43433239,0.04822973,1802.82210148,0.01998474,0.01998474,26560,81,0
7524.65874193,7524.65881075,1100.38938232,1100.38744871,0.05390184,1803.08951200,0.01998474,0.01998474,26559,81,0
7524.94172061,7524.94214636,1108.35364893,1108.34167612,0.05088796,1803.35585945,0.01998474,0.01998474,26558,81,0
7525.22571539,7525.22550330,1116.32565294,1116.33162269,0.04522921,1803.62229510,0.01998474,0.01998474,26557,81,0
7525.50860633,7525.50888158,1124.30575599,1124.29800101,0.04384420,1803.88683946,0.01998474,0.01998474,26556,81,0
7525.79232358,7525.79228119,1132.29432191,1132.29551741,0.04889741,1804.15130768,0.01998474,0.01998474,26555,81,0
7526.07556051,7526.07570214,1140.29168910,1140.28769067,0.04556754,1804.41448805,0.01998474,0.01998474,26554,81,0
7526.35919633,7526.35914444,1148.29771389,1148.29918050,0.04579433,1804.67718976,0.01998474,0.01998474,26553,81,0
7526.64235161,7526.64260807,1156.31183802,1156.30458420,0.05062171,1804.93857714,0.01998474,0.01998474,26552,81,0
7526.92587933,7526.92609305,1164.33348666,1164.32743655,0.04925956,1805.19941631,0.01998474,0.01998474,26551,81,0
7527.20917980,7527.20959938,1172.36208543,1172.35019881,0.04784088,1805.45913347,0.01998474,0.01998474,26550,81,0
7527.49336301,7527.49312706,1180.39745007,1180.40413965,0.04578731,1805.71873443,0.01998474,0.01998474,26549,81,0
7527.77654534,7527.77667610,1188.44012453,1188.43641415,0.04912111,1805.97651390,0.01998474,0.01998474,26548,81,0
7528.06049331,7528.06024649,1196.49073504,1196.49774575,0.04891298,1806.23409826,0.01998474,0.01998474,26547,81,0
7528.34398749,7528.34383824,1204.54991149,1204.55415529,0.04855671,1806.49039676,0.01998474,0.01998474,26546,81,0
7528.62723215,7528.62745134,1212.61811793,1212.61187915,0.04854521,1806.74560860,0.01998474,0.01998474,26545,81,0
7528.91136137,7528.91108581,1220.69512640,1220.70297718,0.04791594,1807.00074198,0.01998474,0.01998474,26544,81,0
7529.19453650,7529.19474165,1228.78052968,1228.77467942,0.04239596,1807.25413003,0.01998474,0.01998474,26543,81,0
7529.47841666,7529.47841885,1236.87391810,1236.87385557,0.04407178,1807.50724245,0.01998474,0.01998474,26542,81,0
7529.76203033,7529.76211743,1244.97492260,1244.97243432,0.03860080,1807.75919635,0.01998474,0.01998474,26541,81,0
7530.04574574,7530.04583737,1253.08356636,1253.08094622,0.04514619,1808.01031742,0.01998474,0.01998474,26540,81,0
7530.32952334,7530.32957870,1261.20008439,1261.19850025,0.04344221,1808.26057411,0.01998474,0.01998474,26539,81,0
7530.61298535,7530.61334139,1269.32471512,1269.31451609,0.04944671,1808.50963870,0.01998474,0.01998474,26538,81,0
7530.89699364,7530.89712547,1277.45769200,1277.45391201,0.05377712,1808.75827131,0.01998474,0.01998474,26537,81,0
7531.18083799,7531.18093093,1285.59910008,1285.59643275,0.04481955,1809.00584765,0.01998474,0.01998474,26536,81,0
7531.46460709,7531.46475778,1293.74887335,1293.74454453,0.04105070,1809.25244090,0.01998474,0.01998474,26535,81,0
7531.74820172,7531.74860601,1301.90693866,1301.89531344,0.04010819,1809.49796056,0.01998474,0.01998474,26534,81,0
7532.03241408,7532.03247563,1310.07322229,1310.07145075,0.04182252,1809.74308485,0.01998474,0.01998474,26533,81,0
7532.31650130,7532.31636664,1318.24764231,1318.25152150,0.04534684,1809.98716494,0.01998474,0.01998474,26532,81,0
7532.60032818,7532.60027905,1326.43010216,1326.43151862,0.05021734,1810.23008050,0.01998474,0.01998474,26531,81,0
7532.88432880,7532.88421285,1334.62050317,1334.62384930,0.04445103,1810.47219740,0.01998474,0.01998474,26530,81,0
7533.16817701,7533.16816806,1342.81874606,1342.81900464,0.04598414,1810.71323143,0.01998474,0.01998474,26529,81,0
7533.45200217,7533.45214466,1351.02482558,1351.02070604,0.04627679,1810.95329010,0.01998474,0.01998474,26528,81,0
7533.73569810,7533.73614267,1359.23904282,1359.22617833,0.04805827,1811.19229001,0.01998474,0.01998474,26527,81,0
7534.01957736,7534.02016208,1367.46176261,1367.44482576,0.05109513,1811.43050150,0.01998474,0.01998474,26526,81,0
7534.30470873,7534.30420291,1375.69335197,1375.70801850,0.04189415,1811.66882149,0.01998474,0.01998474,26525,81,0
7534.58826790,7534.58826514,1383.93410281,1383.93418275,0.04022861,1811.90489572,0.01998474,0.01998474,26524,81,0
7534.87262460,7534.87234879,1392.18387136,1392.19188470,0.04195631,1812.14069314,0.01998474,0.01998474,26523,81,0
7535.15603192,7535.15645385,1400.44235929,1400.43008833,0.04852736,1812.37475386,0.01998474,0.01998474,26522,81,0
7535.44066109,7535.44058034,1408.70926622,1408.71161677,0.04579727,1812.60885772,0.01998474,0.01998474,26521,81,0
7535.72517830,7535.72472824,1416.98431104,1416.99742371,0.03713475,1812.84189074,0.01998474,0.01998474,26520,81,0
7536.00910604,7536.00889757,1425.26741619,1425.27349563,0.05152191,1813.07346001,0.01998474,0.01998474,26519,81,0
7536.29314899,7536.29308832,1433.55861904,1433.56038985,0.04299634,1813.30414054,0.01998474,0.01998474,26518,81,0
7536.57745166,7536.57730050,1441.85795841,1441.86237433,0.04368573,1813.53404560,0.01998474,0.01998474,26517,81,0
7536.86154856,7536.86153411,1450.16549048,1450.16591297,0.04706776,1813.76279677,0.01998474,0.01998474,26516,81,0
7537.14548112,7537.14578915,1458.48156318,1458.47254693,0.04848238,1813.99043553,0.01998474,0.01998474,26515,81,0
7537.43015180,7537.43006563,1466.80677043,1466.80929508,0.04248147,1814.21769518,0.01998474,0.01998474,26514,81,0
7537.71381132,7537.71436355,1475.14171735,1475.12551811,0.03684200,1814.44319325,0.01998474,0.01998474,26513,81,0
7537.99863671,7537.99868291,1483.48699123,1483.48563444,0.05071374,1814.66867143,0.01998474,0.01998474,26512,81,0
7538.28355709,7538.28302371,1491.84249980,1491.85818210,0.04317599,1814.89326896,0.01998474,0.01998474,26511,81,0
7538.56768379,7538.56738595,1500.20734368,1500.21610899,0.05703561,1815.11626068,0.01998474,0.01998474,26510,81,0
7538.85171291,7538.85176965,1508.58057136,1508.57890018,0.05064249,1815.33816860,0.01998474,0.01998474,26509,81,0
7539.13633261,7539.13617479,1516.96123547,1516.96588787,0.03741697,1815.55949942,0.01998474,0.01998474,26508,81,0
7539.42075863,7539.42060138,1525.34904645,1525.35368559,0.04613604,1815.77963054,0.01998474,0.01998474,26507,81,0
7539.70460865,7539.70504943,1533.74477133,1533.73175520,0.04500843,1815.99828739,0.01998474,0.01998474,26506,81,0
7539.98940719,7539.98951894,1542.14927658,1542.14597327,0.03821160,1816.21666154,0.01998474,0.01998474,26505,81,0
7540.27448588,7540.27400991,1550.56343154,1550.57751714,0.05015286,1816.43425281,0.01998474,0.01998474,26504,81,0
7540.55875418,7540.55852233,1558.98770711,1558.99457559,0.03818093,1816.65023966,0.01998474,0.01998474,26503,81,0
7540.84292272,7540.84305623,1567.42174095,1567.41778157,0.05024809,1816.86515342,0.01998474,0.01998474,26502,81,0
7541.12754350,7541.12761159,1575.86506471,1575.86304338,0.03771618,1817.07939380,0.01998474,0.01998474,26501,81,0
7541.41305380,7541.41218842,1584.31720742,1584.34292206,0.04608937,1817.29326703,0.01998474,0.01998474,26500,81,0
7541.69657089,7541.69678672,1592.77789999,1592.77148061,0.04339988,1817.50460937,0.01998474,0.01998474,26499,81,0
7541.98189232,7541.98140649,1601.24739997,1601.26186399,0.04816633,1817.71625560,0.01998474,0.01998474,26498,81,0
7542.26626172,7542.26604774,1609.72605054,1609.73242754,0.04073690,1817.92616125,0.01998474,0.01998474,26497,81,0
7542.55057898,7542.55071047,1618.21419701,1618.21027398,0.05071490,1818.13500076,0.01998474,0.01998474,26496,81,0
7542.83577797,7542.83539469,1626.71206834,1626.72351553,0.04032999,1818.34345722,0.01998474,0.01998474,26495,81,0
7543.12003321,7543.12010038,1635.21953115,1635.21752300,0.05005520,1818.55018943,0.01998474,0.01998474,26494,81,0
7543.40530393,7543.40482757,1643.73638158,1643.75063804,0.04111762,1818.75661296,0.01998474,0.01998474,26493,81,0
7543.68973869,7543.68957624,1652.26241443,1652.26728106,0.04749854,1818.96137830,0.01998474,0.01998474,26492,81,0
7543.97456478,7543.97434640,1660.79751963,1660.80406826,0.03908887,1819.16536501,0.01998474,0.01998474,26491,81,0
7544.25960013,7544.25913806,1669.34192203,1669.35579263,0.04925512,1819.36844091,0.01998474,0.01998474,26490,81,0
7544.54384907,7544.54395121,1677.89592077,1677.89285143,0.03931452,1819.56990299,0.01998474,0.01998474,26489,81,0
7544.82877809,7544.82878586,1686.45981697,1686.45958329,0.04877798,1819.77079425,0.01998474,0.01998474,26488,81,0
7545.11384278,7545.11364201,1695.03380425,1695.03985043,0.03881798,1819.97072665,0.01998474,0.01998474,26487,81,0
7545.39869793,7545.39851967,1703.61766865,1703.62304272,0.04690564,1820.16944930,0.01998474,0.01998474,26486,81,0
7545.68401684,7545.68341883,1712.21109926,1712.22914627,0.04826336,1820.36741918,0.01998474,0.01998474,26485,81,0
7545.96851458,7545.96833950,1720.81378303,1720.81907178,0.04022124,1820.56373562,0.01998474,0.01998474,26484,81,0
7546.25337125,7546.25328168,1729.42551436,1729.42822292,0.04423659,1820.75920706,0.01998474,0.01998474,26483,81,0
7546.53843244,7546.53824537,1738.04650343,1738.05216579,0.04230365,1820.95372523,0.01998474,0.01998474,26482,81,0
7546.82263380,7546.82323058,1746.67706104,1746.65897853,0.04694321,1821.14657066,0.01998474,0.01998474,26481,81,0
7547.10830972,7547.10823731,1755.31750006,1755.31969671,0.04456710,1821.33932673,0.01998474,0.01998474,26480,81,0
7547.39336501,7547.39326555,1763.96806375,1763.97108400,0.03547225,1821.53057603,0.01998474,0.01998474,26479,81,0
7547.67810892,7547.67831532,1772.62873330,1772.62245865,0.04912485,1821.72052665,0.01998474,0.01998474,26478,81,0
7547.96321587,7547.96338662,1781.29942913,1781.29423278,0.04446458,1821.90962220,0.01998474,0.01998474,26477,81,0
7548.24836565,7548.24847944,1789.98007111,1789.97660438,0.03464714,1822.09764194,0.01998474,0.01998474,26476,81,0
7548.53364978,7548.53359380,1798.67058159,1798.67228902,0.04583023,1822.28463930,0.01998474,0.01998474,26475,81,0
7548.81921267,7548.81872968,1807.37089276,1807.38563776,0.04753104,1822.47070083,0.01998474,0.01998474,26474,81,0
7549.10392100,7549.10388710,1816.08093854,1816.08197458,0.05630839,1822.65508595,0.01998474,0.01998474,26473,81,0
7549.38888368,7549.38906606,1824.80065236,1824.79507294,0.03464734,1822.83851079,0.01998474,0.01998474,26472,81,0
7549.67413545,7549.67426656,1833.53002633,1833.52601133,0.04428478,1823.02099023,0.01998474,0.01998474,26471,81,0
7549.95983542,7549.95948860,1842.26922570,1842.27985797,0.04953718,1823.20262093,0.01998474,0.01998474,26470,81,0
7550.24471734,7550.24473219,1851.01844837,1851.01799261,0.03827145,1823.38259996,0.01998474,0.01998474,26469,81,0
7550.52983417,7550.52999732,1859.77789357,1859.77288122,0.04817382,1823.56159576,0.01998474,0.01998474,26468,81,0
7550.81534275,7550.81528400,1868.54776574,1868.54957275,0.04427531,1823.73970280,0.01998474,0.01998474,26467,81,0
7551.10075841,7551.10059224,1877.32828003,1877.33339718,0.04795826,1823.91661675,0.01998474,0.01998474,26466,81,0
7551.38636306,7551.38592203,1886.11965444,1886.13325121,0.04930894,1824.09251153,0.01998474,0.01998474,26465,81,0
7551.67192032,7551.67127337,1894.92210625,1894.94207494,0.03226144,1824.26724028,0.01998474,0.01998474,26464,81,0
7551.95628474,7551.95664628,1903.73559899,1903.72442679,0.04720063,1824.44010401,0.01998474,0.01998474,26463,81,0
7552.24174630,7552.24204075,1912.55960493,1912.55049625,0.04793233,1824.61248030,0.01998474,0.01998474,26462,81,0
7552.52735478,7552.52745678,1921.39353680,1921.39037838,0.04836807,1824.78377191,0.01998474,0.01998474,26461,81,0
7552.81255577,7552.81289438,1930.23681345,1930.22631793,0.04698594,1824.95363251,0.01998474,0.01998474,26460,81,0
7553.09856283,7553.09835355,1939.08938172,1939.09587537,0.04998063,1825.12277733,0.01998474,0.01998474,26459,81,0
7553.38352053,7553.38383429,1947.95196751,1947.94222184,0.03779481,1825.29012022,0.01998474,0.01998474,26458,81,0
7553.66927141,7553.66933660,1956.82536384,1956.82333648,0.05067818,1825.45675527,0.01998474,0.01998474,26457,81,0
7553.95477430,7553.95486049,1965.71034177,1965.70765801,0.04744177,1825.62208154,0.01998474,0.01998474,26456,81,0
7554.24069076,7554.24040596,1974.60695859,1974.61583727,0.04213933,1825.78647703,0.01998474,0.01998474,26455,81,0
7554.52619748,7554.52597301,1983.51450130,1983.52150700,0.04398617,1825.94945021,0.01998474,0.01998474,26454,81,0
7554.81161997,7554.81156165,1992.43221390,1992.43403599,0.04310140,1826.11117149,0.01998474,0.01998474,26453,81,0
7555.09757862,7555.09717187,2001.35937955,2001.37209927,0.04588296,1826.27197223,0.01998474,0.01998474,26452,81,0
7555.38262267,7555.38280368,2010.29591659,2010.29025051,0.04533991,1826.43103349,0.01998474,0.01998474,26451,81,0
7555.66926660,7555.66845708,2019.24222248,2019.26758901,0.04858036,1826.58975690,0.01998475,0.01998474,26450,81,0
7555.95481724,7555.95413207,2028.19870903,2028.22020199,0.05029359,1826.74665082,0.01998474,0.01998474,26449,81,0
7556.24026380,7556.23982867,2037.16579420,2037.17945934,0.04823758,1826.90226920,0.01998474,0.01998474,26448,81,0
7556.52603556,7556.52554686,2046.14392501,2046.15929056,0.05293735,1827.05684761,0.01998474,0.01998474,26447,81,0
7556.81127462,7556.81128665,2055.13356460,2055.13318603,0.04634432,1827.20992630,0.01998474,0.01998474,26446,81,0
7557.09728941,7557.09704804,2064.13517952,2064.14278752,0.04954347,1827.36220861,0.01998474,0.01998474,26445,81,0
7557.38317272,7557.38283104,2073.14912619,2073.15990999,0.04928405,1827.51320801,0.01998474,0.01998474,26444,81,0
7557.66923554,7557.66863565,2082.17521622,2082.19417317,0.04619890,1827.66307977,0.01998474,0.01998474,26443,81,0
7557.95441015,7557.95446187,2091.21309499,2091.21145842,0.04783764,1827.81125783,0.01998474,0.01998474,26442,81,0
7558.24056958,7558.24030970,2100.26240525,2100.27063716,0.04607113,1827.95870373,0.01998474,0.01998474,26441,81,0
7558.52649493,7558.52617915,2109.32286254,2109.33287660,0.04511891,1828.10477482,0.01998474,0.01998474,26440,81,0
7558.81228828,7558.81207022,2118.39438682,2118.40130991,0.04204099,1828.24951939,0.01998474,0.01998474,26439,81,0
7559.09831183,7559.09798291,2127.47693239,2127.48738705,0.03924179,1828.39311455,0.01998474,0.01998474,26438,81,0
7559.38410778,7559.38391722,2136.57045573,2136.57651958,0.04536799,1828.53532481,0.01998474,0.01998474,26437,81,0
7559.66929839,7559.66987315,2145.67506356,2145.65675277,0.04590742,1828.67596449,0.01998474,0.01998474,26436,81,0
7559.95547113,7559.95585072,2154.79109483,2154.77898762,0.05550947,1828.81581409,0.01998474,0.01998474,26435,81,0
7560.24188655,7560.24184991,2163.91891061,2163.92008050,0.05276280,1828.95450435,0.01998474,0.01998474,26434,81,0
7560.52855402,7560.52787074,2173.05885779,2173.08070602,0.04913176,1829.09203633,0.01998474,0.01998474,26433,81,0
7560.81397603,7560.81391320,2182.21099262,2182.21300386,0.04596431,1829.22769355,0.01998474,0.01998474,26432,81,0
7561.09988496,7561.09997731,2191.37512287,2191.37216272,0.04312566,1829.36229612,0.01998474,0.01998474,26431,81,0
7561.38627393,7561.38606305,2200.55104691,2200.55781497,0.04280850,1829.49582589,0.01998474,0.01998474,26430,81,0
7561.67226867,7561.67217043,2209.73855857,2209.74171524,0.04670606,1829.62786631,0.01998474,0.01998474,26429,81,0
7561.95840323,7561.95829946,2218.93742900,2218.94076693,0.05174095,1829.75865716,0.01998474,0.01998474,26428,81,0
7562.24451197,7562.24445014,2228.14741829,2228.14940953,0.04305904,1829.88811343,0.01998474,0.01998474,26427,81,0
7562.53117040,7562.53062246,2237.36828461,2237.38594953,0.03799471,1830.01648342,0.01998475,0.01998474,26426,81,0
7562.81650992,7562.81681644,2246.59994463,2246.59005173,0.03898991,1830.14292965,0.01998474,0.01998474,26425,81,0
7563.10330086,7563.10303208,2255.84283657,2255.85152153,0.05038560,1830.26867983,0.01998474,0.01998474,26424,81,0
7563.38943065,7563.38926937,2265.09750813,2265.10272577,0.04359871,1830.39280427,0.01998474,0.01998474,26423,81,0
7563.67560743,7563.67552832,2274.36450657,2274.36706912,0.04148392,1830.51561625,0.01998474,0.01998474,26422,81,0
7563.96142623,7563.96180894,2283.64413535,2283.63172219,0.04271359,1830.63694242,0.01998474,0.01998474,26421,81,0
7564.24844553,7564.24811122,2292.93633120,2292.94718861,0.05130150,1830.75743174,0.01998474,0.01998474,26420,81,0
7564.53483488,7564.53443516,2302.24100029,2302.25399801,0.03954518,1830.87630475,0.01998474,0.01998474,26419,81,0
7564.82062807,7564.82078078,2311.55803839,2311.55306657,0.04150502,1830.99357707,0.01998474,0.01998474,26418,81,0
7565.10721490,7565.10714807,2320.88722027,2320.88939870,0.05425047,1831.10980904,0.01998474,0.01998474,26417,81,0
7565.39399003,7565.39353703,2330.22823700,2330.24302085,0.04137717,1831.22473871,0.01998475,0.01998474,26416,81,0
7565.68011705,7565.67994767,2339.58077562,2339.58630982,0.04369076,1831.33802490,0.01998474,0.01998474,26415,81,0
7565.96672340,7565.96637999,2348.94468685,2348.95591991,0.05394771,1831.45010809,0.01998474,0.01998474,26414,81,0
7566.25243100,7566.25283399,2358.32056591,2358.30736731,0.04041838,1831.56045410,0.01998474,0.01998474,26413,81,0
7566.53922097,7566.53930968,2367.70922171,2367.70631258,0.05164777,1831.66983050,0.01998474,0.01998474,26412,81,0
7566.82607116,7566.82580705,2377.11146337,2377.12013709,0.04630906,1831.77784237,0.01998474,0.01998474,26411,81,0
7567.11205349,7567.11232612,2386.52761074,2386.51864520,0.04110999,1831.88414332,0.01998474,0.01998474,26410,81,0
7567.39919699,7567.39886687,2395.95713481,2395.96800545,0.05324820,1831.98947294,0.01998474,0.01998474,26409,81,0
7567.68558588,7567.68542932,2405.39941841,2405.40458036,0.04043399,1832.09311248,0.01998474,0.01998474,26408,81,0
7567.97230721,7567.97201347,2414.85387683,2414.86357332,0.04668915,1832.19544611,0.01998474,0.01998474,26407,81,0
7568.25871926,7568.25861931,2424.32039084,2424.32369422,0.04060274,1832.29623764,0.01998474,0.01998474,26406,81,0
7568.54552343,7568.54524686,2433.79916044,2433.80831230,0.04673699,1832.39572966,0.01998474,0.01998474,26405,81,0
7568.83212367,7568.83189611,2443.29039336,2443.29793279,0.04392702,1832.49371032,0.01998474,0.01998474,26404,81,0
7569.11865941,7569.11856707,2452.79436764,2452.79743103,0.04921012,1832.59022621,0.01998474,0.01998474,26403,81,0
7569.40539985,7569.40525974,2462.31162609,2462.31628051,0.04235883,1832.68536625,0.01998474,0.01998474,26402,81,0
7569.69174429,7569.69197411,2471.84277856,2471.83513323,0.05029311,1832.77893219,0.01998474,0.01998474,26401,81,0
7569.97878637,7569.97871021,2481.38842190,2481.39095918,0.03988124,1832.87127817,0.01998474,0.01998474,26400,81,0
7570.26510497,7570.26546802,2490.94847014,2490.93635840,0.05040447,1832.96193944,0.01998474,0.01998474,26399,81,0
7570.55179999,7570.55224755,2500.52194820,2500.50699831,0.03838719,1833.05125099,0.01998474,0.01998474,26398,81,0
7570.83895526,7570.83904880,2510.10781401,2510.10468607,0.05469079,1833.13921655,0.01998474,0.01998474,26397,81,0
7571.12557438,7571.12587177,2519.70518273,2519.69522607,0.05079174,1833.22551767,0.01998474,0.01998474,26396,81,0
7571.41273508,7571.41271647,2529.31436216,2529.31498603,0.04197253,1833.31047598,0.01998474,0.01998474,26395,81,0
7571.69974740,7571.69958290,2538.93619030,2538.94171128,0.05117603,1833.39388577,0.01998474,0.01998474,26394,81,0
7571.98636630,7571.98647106,2548.57151203,2548.56799120,0.03961388,1833.47568112,0.01998474,0.01998474,26393,81,0
7572.27298574,7572.27338096,2558.22083281,2558.20753174,0.04732301,1833.55597518,0.01998474,0.01998474,26392,81,0
7572.56028260,7572.56031259,2567.88394978,2567.88293935,0.04264600,1833.63494379,0.01998474,0.01998474,26391,81,0
7572.84726744,7572.84726596,2577.56057062,2577.56062050,0.04755136,1833.71230306,0.01998474,0.01998474,26390,81,0
7573.13459058,7573.13424107,2587.25042753,2587.26223667,0.04032341,1833.78821944,0.01998475,0.01998474,26389,81,0
7573.42122194,7573.42123792,2596.95356139,2596.95302073,0.04603747,1833.86241745,0.01998474,0.01998474,26388,81,0
7573.70826412,7573.70825652,2606.67021253,2606.67046972,0.04650289,1833.93518009,0.01998474,0.01998474,26387,81,0
7573.99545869,7573.99529687,2616.40062651,2616.40611550,0.03631906,1834.00643247,0.01998474,0.01998474,26386,81,0
7574.28228805,7574.28235897,2626.14505785,2626.14264856,0.05352470,1834.07604297,0.01998474,0.01998474,26385,81,0
7574.56926046,7574.56944283,2635.90378232,2635.89757874,0.04521173,1834.14413176,0.01998474,0.01998474,26384,81,0
7574.85621742,7574.85654844,2645.67708121,2645.66580515,0.04544673,1834.21065506,0.01998474,0.01998474,26383,81,0
7575.14358853,7575.14367581,2655.46521895,2655.46224139,0.03994417,1834.27570375,0.01998474,0.01998474,26382,81,0
7575.43107623,7575.43082494,2665.26817926,2665.27676423,0.05098936,1834.33919866,0.01998474,0.01998474,26381,81,0
7575.71797139,7575.71799583,2675.08572981,2675.08489378,0.05034180,1834.40097833,0.01998474,0.01998474,26380,81,0
7576.00488996,7576.00518849,2684.91763083,2684.90740385,0.04785902,1834.46117142,0.01998474,0.01998474,26379,81,0
7576.29245722,7576.29240292,2694.76375994,2694.76562281,0.04845912,1834.51989569,0.01998474,0.01998474,26378,81,0
7576.57978943,7576.57963912,2704.62435193,2704.62951564,0.04156650,1834.57696146,0.01998474,0.01998474,26377,81,0
7576.86700642,7576.86689709,2714.49971032,2714.50347153,0.05627893,1834.63238995,0.01998474,0.01998474,26376,81,0
7577.15425411,7577.15417684,2724.39011004,2724.39277238,0.04494365,1834.68620412,0.01998474,0.01998474,26375,81,0
7577.44103352,7577.44147836,2734.29537850,2734.28003114,0.05338956,1834.73830582,0.01998474,0.01998474,26374,81,0
7577.72894600,7577.72880167,2744.21500299,2744.21998903,0.03897374,1834.78897028,0.01998474,0.01998474,26373,81,0
7578.01608515,7578.01614676,2754.14845848,2754.14632718,0.04486540,1834.83784921,0.01998474,0.01998474,26372,81,0
7578.30344934,7578.30351364,2764.09552669,2764.09329944,0.04864215,1834.88510934,0.01998474,0.01998474,26371,81,0
7578.59096633,7578.59090230,2774.05681618,2774.05903682,0.04794220,1834.93073142,0.01998474,0.01998474,26370,81,0
7578.87853219,7578.87831276,2784.03307716,2784.04069936,0.04617573,1834.97469327,0.01998474,0.01998474,26369,81,0
7579.16570603,7579.16574501,2794.02501586,2794.02365997,0.04489759,1835.01692587,0.01998474,0.01998474,26368,81,0
7579.45299524,7579.45319905,2804.03279427,2804.02569315,0.04214429,1835.05749893,0.01998474,0.01998474,26367,81,0
7579.74065954,7579.74067489,2814.05623765,2814.05570203,0.04418192,1835.09643615,0.01998474,0.01998474,26366,81,0
7580.02812306,7580.02817254,2824.09516508,2824.09343601,0.04901642,1835.13364941,0.01998474,0.01998474,26365,81,0
7580.31553995,7580.31569198,2834.14944360,2834.14412312,0.04371180,1835.16915252,0.01998474,0.01998474,26364,81,0
7580.60291437,7580.60323324,2844.21903554,2844.20786100,0.04551121,1835.20293886,0.01998474,0.01998474,26363,81,0
7580.89096086,7580.89079629,2854.30391384,2854.30968932,0.04720002,1835.23507886,0.01998475,0.01998474,26362,81,0
7581.17857338,7581.17838117,2864.40403046,2864.41078581,0.04929123,1835.26543902,0.01998475,0.01998474,26361,81,0
7581.46605345,7581.46598785,2874.51919913,2874.52150786,0.04889533,1835.29404795,0.01998475,0.01998474,26360,81,0
7581.75352466,7581.75361635,2884.64917552,2884.64594429,0.04595241,1835.32091090,0.01998474,0.01998474,26359,81,0
7582.04142546,7582.04126666,2894.79372643,2894.79933048,0.04501693,1835.34605684,0.01998475,0.01998474,26358,81,0
7582.32947908,7582.32893880,2904.95305733,2904.97215126,0.04605966,1835.36944919,0.01998475,0.01998474,26357,81,0
7582.61657267,7582.61663276,2915.12790091,2915.12577408,0.04301873,1835.39099889,0.01998474,0.01998474,26356,81,0
7582.90436717,7582.90434855,2925.31902721,2925.31968749,0.05309324,1835.41082641,0.01998474,0.01998474,26355,81,0
7583.19227742,7583.19208616,2935.52695626,2935.53374681,0.04905222,1835.42887632,0.01998475,0.01998474,26354,81,0
7583.47975862,7583.47984561,2945.75133038,2945.74823748,0.04548946,1835.44510809,0.01998474,0.01998474,26353,81,0
7583.76761663,7583.76762688,2955.99159924,2955.99123407,0.04032619,1835.45955843,0.01998474,0.01998474,26352,81,0
7584.05565797,7584.05543000,2966.24727381,2966.25540343,0.05225434,1835.47220351,0.01998475,0.01998474,26351,81,0
7584.34316006,7584.34325495,2976.51858008,2976.51519143,0.05096430,1835.48300716,0.01998474,0.01998474,26350,81,0
7584.63106446,7584.63110174,2986.80618582,2986.80485263,0.04341808,1835.49199842,0.01998474,0.01998474,26349,81,0
7584.91898842,7584.91897037,2997.11076525,2997.11141175,0.04704742,1835.49915317,0.01998474,0.01998474,26348,81,0
7585.20670669,7585.20686085,3007.43265687,3007.42712527,0.05131030,1835.50445883,0.01998474,0.01998474,26347,81,0
7585.49487225,7585.49477318,3017.77168237,3017.77524275,0.04346177,1835.50791593,0.01998474,0.01998474,26346,81,0
7585.78233453,7585.78270735,3028.12761808,3028.11419860,0.04874415,1835.50950412,0.01998474,0.01998474,26345,81,0
7586.07092071,7586.07066338,3038.50034006,3038.50961648,0.04226107,1835.50922043,0.01998475,0.01998474,26344,81,0
7586.35869067,7586.35864127,3048.89011659,3048.89190026,0.03694999,1835.50705482,0.01998474,0.01998474,26343,81,0
7586.64686173,7586.64664101,3059.29731327,3059.30529571,0.04976722,1835.50299294,0.01998475,0.01998474,26342,81,0
7586.93469894,7586.93466262,3069.72222294,3069.72353858,0.04555656,1835.49703505,0.01998474,0.01998474,26341,81,0
7587.22310228,7587.22270608,3080.16435867,3080.17873259,0.05164339,1835.48915116,0.01998475,0.01998474,26340,81,0
7587.51092883,7587.51077141,3090.62276859,3090.62848791,0.04039840,1835.47936441,0.01998475,0.01998474,26339,81,0
7587.79870046,7587.79885861,3101.09651217,3101.09075837,0.04547564,1835.46765583,0.01998474,0.01998474,26338,81,0
7588.08673631,7588.08696768,3111.58562879,3111.57719926,0.04695430,1835.45400210,0.01998474,0.01998474,26337,81,0
7588.37515841,7588.37509862,3122.09141605,3122.09359794,0.03932832,1835.43838059,0.01998475,0.01998474,26336,81,0
7588.66260264,7588.66325144,3132.61526476,3132.59154917,0.04897744,1835.42085982,0.01998474,0.01998474,26335,81,0
7588.95175236,7588.95142613,3143.15806865,3143.17001361,0.04909067,1835.40125726,0.01998475,0.01998474,26334,81,0
7589.23956886,7589.23962271,3153.71935064,3153.71737559,0.04454137,1835.37976588,0.01998474,0.01998474,26333,81,0
7589.52793373,7589.52784117,3164.29839808,3164.30179838,0.04813388,1835.35624490,0.01998475,0.01998474,26332,81,0
7589.81610151,7589.81608151,3174.89463425,3174.89537021,0.03536185,1835.33074329,0.01998474,0.01998474,26331,81,0
7590.10404072,7590.10434374,3185.50831244,3185.49714659,0.04594078,1835.30325828,0.01998474,0.01998474,26330,81,0
7590.39298633,7590.39262786,3196.13999083,3196.15322195,0.05404325,1835.27365272,0.01998475,0.01998474,26329,81,0
7590.68134830,7590.68093387,3206.79019032,3206.80551236,0.04229716,1835.24207365,0.01998475,0.01998474,26328,81,0
7590.96905458,7590.96926178,3217.45887389,3217.45120081,0.05349187,1835.20853208,0.01998474,0.01998474,26327,81,0
7591.25752572,7591.25761159,3228.14560894,3228.14242390,0.05278343,1835.17285259,0.01998474,0.01998474,26326,81,0
7591.54620131,7591.54598329,3238.84996256,3238.85806152,0.04257923,1835.13508580,0.01998475,0.01998474,26325,81,0
7591.83436903,7591.83437690,3249.57194700,3249.57165404,0.04913748,1835.09531845,0.01998474,0.01998474,26324,81,0
7592.12239368,7592.12279241,3260.31213914,3260.29727850,0.04547032,1835.05349519,0.01998474,0.01998474,26323,81,0
7592.41115020,7592.41122984,3271.07115638,3271.06818326,0.05148174,1835.00946997,0.01998474,0.01998474,26322,81,0
7592.69942628,7592.69968917,3281.84941014,3281.83957897,0.04135889,1834.96341267,0.01998474,0.01998474,26321,81,0
7592.98824135,7592.98817041,3292.64685360,3292.64951107,0.04870509,1834.91514929,0.01998474,0.01998474,26320,81,0
7593.27703092,7593.27667357,3303.46337836,3303.47678729,0.04558523,1834.86475833,0.01998475,0.01998474,26319,81,0
7593.56519488,7593.56519865,3314.29888307,3314.29874168,0.04523103,1834.81234158,0.01998474,0.01998474,26318,81,0
7593.85389648,7593.85374564,3325.15329655,3325.15897526,0.04964134,1834.75767819,0.01998475,0.01998474,26317,81,0
7594.14265400,7594.14231456,3336.02655400,3336.03935467,0.05201700,1834.70084250,0.01998475,0.01998474,26316,81,0
7594.43109366,7594.43090541,3346.91866711,3346.92577823,0.05229002,1834.64190038,0.01998475,0.01998474,26315,81,0
7594.71951232,7594.71951818,3357.83013200,3357.82991032,0.03757240,1834.58078160,0.01998474,0.01998474,26314,81,0
7595.00812628,7595.00815288,3368.76163696,3368.76062862,0.05233099,1834.51742341,0.01998474,0.01998474,26313,81,0
7595.29690543,7595.29680952,3379.71380548,3379.71744798,0.04419544,1834.45181318,0.01998474,0.01998474,26312,81,0
7595.58546410,7595.58548808,3390.68652344,3390.68561087,0.04537859,1834.38402820,0.01998474,0.01998474,26311,81,0
7595.87409722,7595.87418859,3401.67923740,3401.67575526,0.04631879,1834.31399279,0.01998474,0.01998474,26310,81,0
7596.16270098,7596.16291104,3412.69140874,3412.68339016,0.04297431,1834.24172387,0.01998474,0.01998475,26309,81,0
7596.45134456,7596.45165543,3423.72294640,3423.71105951,0.04624682,1834.16719355,0.01998474,0.01998475,26308,81,0
7596.74036843,7596.74042176,3434.77413882,3434.77209595,0.04709440,1834.09029591,0.01998474,0.01998475,26307,81,0
7597.02917868,7597.02921005,3445.84529032,3445.84408664,0.05161647,1834.01117355,0.01998475,0.01998475,26306,81,0
7597.31792687,7597.31802028,3456.93674346,3456.93315305,0.04882562,1833.92977423,0.01998474,0.01998475,26305,81,0
7597.60713217,7597.60685246,3468.04888425,3468.05965507,0.04367392,1833.84593226,0.01998475,0.01998475,26304,81,0
7597.89562989,7597.89570660,3479.18209921,3479.17913992,0.04976836,1833.75997335,0.01998475,0.01998475,26303,81,0
7598.18443635,7598.18458270,3490.33648249,3490.33082614,0.04406973,1833.67158663,0.01998475,0.01998475,26302,81,0
7598.47327490,7598.47348076,3501.51169258,3501.50372250,0.04144740,1833.58084317,0.01998475,0.01998475,26301,81,0
7598.76214978,7598.76240078,3512.70734894,3512.69761411,0.04156208,1833.48773197,0.01998474,0.01998475,26300,81,0
7599.05146463,7599.05134277,3523.92306294,3523.92779735,0.05308976,1833.39210853,0.01998475,0.01998475,26299,81,0
7599.34085036,7599.34030672,3535.15843479,3535.17958973,0.04793638,1833.29408039,0.01998475,0.01998475,26298,81,0
7599.62937038,7599.62929264,3546.41306313,3546.41609311,0.04445307,1833.19396679,0.01998475,0.01998475,26297,81,0
7599.91838741,7599.91830054,3557.68727593,3557.69066762,0.05472929,1833.09128518,0.01998475,0.01998475,26296,81,0
7600.20766258,7600.20733041,3568.98300284,3568.99599731,0.04966262,1832.98608137,0.01998475,0.01998475,26295,81,0
7600.49607142,7600.49638226,3580.30240216,3580.29021666,0.04264427,1832.87873873,0.01998474,0.01998475,26294,81,0
7600.78611202,7600.78545609,3591.64648533,3591.67225176,0.05154575,1832.76829375,0.01998475,0.01998475,26293,81,0
7601.06601228,nan,0.00000000,3602.68809728,0.31485776,1832.65923389,0.01998472,0.01998475,26292,81,1
7601.36430171,7601.36366969,3614.40073843,3614.42565120,0.04515595,1832.54068162,0.01998475,0.01998475,26291,81,0
7601.65280768,7601.65280948,3625.80749318,3625.80742214,0.05344598,1832.42340968,0.01998474,0.01998475,26290,81,0
7601.94223345,7601.94197125,3637.23599356,3637.24636671,0.04311486,1832.30325348,0.01998475,0.01998475,26289,81,0
7602.23136566,7602.23115502,3648.68918907,3648.69754104,0.05364370,1832.18066379,0.01998474,0.01998475,26288,81,0
7602.52047923,7602.52036078,3660.16874673,3660.17345330,0.04923324,1832.05549513,0.01998474,0.01998475,26287,81,0
7602.80948796,7602.80958854,3671.67271744,3671.66871303,0.04487564,1831.92779252,0.01998474,0.01998475,26286,81,0
7603.09830297,7603.09883830,3683.19850860,3683.17715931,0.05095776,1831.79761411,0.01998474,0.01998475,26285,81,0
7603.38860287,7603.38811006,3694.74462534,3694.76431289,0.05124640,1831.66419036,0.01998475,0.01998475,26284,81,0
7603.67712310,7603.67740383,3706.31260534,3706.30136895,0.04710111,1831.52899528,0.01998474,0.01998475,26283,81,0
7603.96701982,7603.96671961,3717.90451218,3717.91655346,0.04414531,1831.39051725,0.01998475,0.01998475,26282,81,0
7604.25616925,7604.25605739,3729.52153165,3729.52602717,0.03783861,1831.24973321,0.01998475,0.01998475,26281,81,0
7604.54522601,7604.54541719,3741.16259405,3741.15489524,0.04667379,1831.10633408,0.01998475,0.01998475,26280,81,0
7604.83429524,7604.83479901,3752.82626827,3752.80594549,0.05329500,1830.96027223,0.01998474,0.01998475,26279,81,0
7605.12426981,7605.12420284,3764.51172370,3764.51443043,0.04279461,1830.81108073,0.01998475,0.01998475,26278,81,0
7605.41394895,7605.41362869,3776.21949774,3776.23246501,0.05007280,1830.65934857,0.01998475,0.01998475,26277,81,0
7605.70308887,7605.70307656,3787.95031890,3787.95081803,0.04937114,1830.50519175,0.01998475,0.01998475,26276,81,0
7605.99239742,7605.99254646,3799.70476503,3799.69870695,0.03736380,1830.34821616,0.01998475,0.01998475,26275,81,0
7606.28182802,7606.28203839,3811.48312007,3811.47455250,0.05147181,1830.18842457,0.01998475,0.01998475,26274,81,0
7606.57171846,7606.57155235,3823.28563575,3823.29241427,0.04185740,1830.02560389,0.01998475,0.01998475,26273,81,0
7606.86136013,7606.86108834,3835.11244817,3835.12356108,0.03735604,1829.86013219,0.01998475,0.01998475,26272,81,0
7607.15080262,7607.15064637,3846.96351358,3846.96991512,0.04543756,1829.69197316,0.01998475,0.01998475,26271,81,0
7607.43983503,7607.44022643,3858.83879345,3858.82272666,0.04986304,1829.52124370,0.01998474,0.01998475,26270,81,0
7607.72971557,7607.72982854,3870.73893531,3870.73428831,0.05108246,1829.34716958,0.01998474,0.01998475,26269,81,0
7608.01948695,7608.01945268,3882.66541156,3882.66682408,0.05046428,1829.17027720,0.01998475,0.01998475,26268,81,0
7608.30882228,7608.30909888,3894.61966264,3894.60823401,0.03695967,1828.99073598,0.01998474,0.01998475,26267,81,0
7608.59844664,7608.59876712,3906.60132519,3906.58805528,0.04893529,1828.80808632,0.01998474,0.01998475,26266,81,0
7608.88905630,7608.88845741,3918.60841731,3918.63326425,0.04895515,1828.62188340,0.01998475,0.01998475,26265,81,0
7609.17829920,7609.17816975,3930.63914100,3930.64452174,0.04423307,1828.43365231,0.01998475,0.01998475,26264,81,0
7609.46776716,7609.46790415,3942.69464380,3942.68893771,0.04600337,1828.24234106,0.01998474,0.01998475,26263,81,0
7609.75782636,7609.75766061,3954.77795075,3954.78487117,0.04346979,1828.04763042,0.01998475,0.01998475,26262,81,0
7610.04801340,7610.04743913,3966.89147799,3966.91551232,0.04700633,1827.84976276,0.01998475,0.01998475,26261,81,0
7610.33349540,7610.33723971,0.00000000,3978.87450518,0.08251572,1827.65214728,0.01998474,0.01998475,26260,81,1
7610.62713318,7610.62706236,3991.19858068,3991.20155584,0.04753478,1827.44580181,0.01998475,0.01998475,26259,81,0
7610.91691846,7610.91690707,4003.38534030,4003.38581932,0.04199447,1827.23920422,0.01998475,0.01998475,26258,81,0
7611.20675096,7611.20677386,4015.59670156,4015.59573564,0.04719027,1827.02953589,0.01998475,0.01998475,26257,81,0
7611.49662118,7611.49666272,4027.83762873,4027.83587246,0.04940710,1826.81669966,0.01998475,0.01998475,26256,81,0
7611.78682518,7611.78657365,4040.11085641,4040.12151780,0.03760659,1826.60040445,0.01998475,0.01998475,26255,81,0
7612.07653111,7612.07650667,4052.41364482,4052.41468305,0.03684541,1826.38130117,0.01998475,0.01998475,26254,81,0
7612.36660685,7612.36646176,4064.74245364,4064.74862879,0.04109032,1826.15878058,0.01998475,0.01998475,26253,81,0
7612.65647021,7612.65643894,4077.09579533,4077.09712881,0.04158085,1825.93329709,0.01998475,0.01998475,26252,81,0
nan,nan,0.00000000,-1.00000000,0.00000000,1825.71339274,nan,0.00000000,-2147483648,81,1
nan,nan,0.00000000,-1.00000000,0.00000000,1824.70649754,nan,0.00000000,-2147483648,80,1
7577.15377350,7577.15417684,11.79572057,11.78571440,0.05137821,1825.06389156,0.01998474,0.01998474,26375,80,0
7577.44144206,7577.44147836,18.92579657,18.92489533,0.03510453,1825.43904823,0.01998475,0.01998474,26374,80,0
7577.72921630,7577.72880167,26.06150378,26.07180486,0.05619159,1825.81373389,0.01998475,0.01998474,26373,80,0
7578.01664082,7578.01614676,33.20293223,33.21521555,0.05264618,1826.18735906,0.01998475,0.01998474,26372,80,0
7578.30419524,7578.30351364,40.35014817,40.36710669,0.03595907,1826.56054928,0.01998475,0.01998474,26371,80,0
7578.59073879,7578.59090230,47.50301514,47.49894403,0.03957515,1826.93181764,0.01998475,0.01998474,26370,80,0
7578.87703682,7578.87831276,54.66129463,54.62950549,0.04953584,1827.30214551,0.01998474,0.01998474,26369,80,0
7579.16589344,7579.16574501,61.82474626,61.82844660,0.05060823,1827.67513799,0.01998475,0.01998474,26368,80,0
7579.45330000,7579.45319905,68.99312857,68.99564674,0.06209148,1828.04560075,0.01998475,0.01998474,26367,80,0
7579.74166838,7579.74067489,76.16627479,76.19107197,0.04557013,1828.41663390,0.01998475,0.01998474,26366,80,0
7580.02865503,7580.02817254,83.34436511,83.35641566,0.03593488,1828.78523110,0.01998475,0.01998474,26365,80,0
7580.31614758,7580.31569198,90.52768008,90.53906638,0.03670575,1829.15383237,0.01998475,0.01998474,26364,80,0
7580.60269428,7580.60323324,97.71650155,97.70302239,0.04597669,1829.52059032,0.01998474,0.01998474,26363,80,0
7580.89129539,7580.89079629,104.91111239,104.92360414,0.05388090,1829.88935383,0.01998475,0.01998474,26362,80,0
7581.17932561,7581.17838117,112.11170566,112.13536177,0.04836948,1830.25677132,0.01998475,0.01998474,26361,80,0
7581.46603589,7581.46598785,119.31825153,119.31945579,0.03969195,1830.62188968,0.01998475,0.01998474,26360,80,0
7581.75352254,7581.75361635,126.53068631,126.52833309,0.03690287,1830.98737485,0.01998474,0.01998474,26359,80,0
7582.04088973,7582.04126666,133.74894597,133.73948369,0.06320724,1831.35208047,0.01998474,0.01998474,26358,80,0
7582.32948253,7582.32893880,140.97296580,140.98662481,0.06282834,1831.71770456,0.01998475,0.01998474,26357,80,0
7582.61669008,7582.61663276,148.20266483,148.20410566,0.05284716,1832.08093371,0.01998475,0.01998474,26356,80,0
7582.90451898,7582.90434855,155.43794071,155.44222813,0.03910452,1832.44430102,0.01998475,0.01998474,26355,80,0
7583.19231222,7583.19208616,162.67868917,162.68437976,0.04083908,1832.80696781,0.01998475,0.01998474,26354,80,0
7583.48049080,7583.47984561,169.92480545,169.94105753,0.05726518,1833.16945617,0.01998475,0.01998474,26353,80,0
7583.76853272,7583.76762688,177.17620066,177.19903315,0.03976287,1833.53110225,0.01998475,0.01998474,26352,80,0
7584.05631502,7584.05543000,184.43299420,184.45531739,0.03973293,1833.89175709,0.01998475,0.01998474,26351,80,0
7584.34359711,7584.34325495,191.69544974,191.70408646,0.05009040,1834.25113286,0.01998475,0.01998474,26350,80,0
7584.63111446,7584.63110174,198.96383506,198.96415645,0.05343287,1834.61016162,0.01998474,0.01998474,26349,80,0
7584.91983679,7584.91897037,206.23841916,206.26032288,0.04666853,1834.97006057,0.01998475,0.01998474,26348,80,0
7585.20666392,7585.20686085,213.51940463,213.51442214,0.03578976,1835.32697515,0.01998474,0.01998474,26347,80,0
7585.49502323,7585.49477318,220.80663611,220.81296746,0.06025205,1835.68516142,0.01998475,0.01998474,26346,80,0
7585.78247233,7585.78270735,228.09983908,228.09388390,0.04717863,1836.04156783,0.01998474,0.01998474,26345,80,0
7586.07064493,7586.07066338,235.39873758,235.39826960,0.03490518,1836.39820498,0.01998474,0.01998474,26344,80,0
7586.35876369,7586.35864127,242.70305490,242.70616112,0.04191156,1836.75409297,0.01998474,0.01998474,26343,80,0
7586.64711812,7586.64664101,250.01264939,250.02476259,0.05919199,1837.10957984,0.01998475,0.01998474,26342,80,0
7586.93423460,7586.93466262,257.32769258,257.31681833,0.04523455,1837.46285888,0.01998474,0.01998474,26341,80,0
7587.22141624,7587.22270608,264.64840083,264.61560751,0.04503802,1837.81554603,0.01998474,0.01998474,26340,80,0
7587.51089506,7587.51077141,271.97499154,271.97813760,0.05359191,1838.17038252,0.01998474,0.01998474,26339,80,0
7587.79908701,7587.79885861,279.30767853,279.31349417,0.04594636,1838.52297971,0.01998474,0.01998474,26338,80,0
7588.08726660,7588.08696768,286.64656588,286.65418317,0.03601541,1838.87490418,0.01998474,0.01998474,26337,80,0
7588.37509688,7588.37509862,293.99164407,293.99159963,0.05754241,1839.22574289,0.01998474,0.01998474,26336,80,0
7588.66313174,7588.66325144,301.34289831,301.33984350,0.03973697,1839.57616852,0.01998474,0.01998474,26335,80,0
7588.95033365,7588.95142613,308.70031374,308.67241076,0.04173033,1839.92491797,0.01998474,0.01998474,26334,80,0
7589.23956802,7589.23962271,316.06387914,316.06248136,0.05242977,1840.27546373,0.01998474,0.01998474,26333,80,0
7589.52831580,7589.52784117,323.43361037,323.44575130,0.04045404,1840.62474583,0.01998475,0.01998474,26332,80,0
7589.81579018,7589.81608151,330.80953524,330.80207752,0.05710764,1840.97181769,0.01998474,0.01998474,26331,80,0
7590.10524217,7590.10434374,338.19168176,338.21469876,0.04419775,1841.32060082,0.01998475,0.01998474,26330,80,0
7590.39260238,7590.39262786,345.58007799,345.57942482,0.03557790,1841.66619112,0.01998474,0.01998474,26329,80,0
7590.68038786,7590.68093387,352.97471696,352.96070727,0.06095415,1842.01161888,0.01998474,0.01998474,26328,80,0
7590.96920509,7590.96926178,360.37549928,360.37404371,0.03898122,1842.35759997,0.01998474,0.01998474,26327,80,0
7591.25771215,7591.25761159,367.78231004,367.78489408,0.05687659,1842.70251665,0.01998474,0.01998474,26326,80,0
7591.54615368,7591.54598329,375.19503376,375.19941529,0.03340183,1843.04665517,0.01998475,0.01998474,26325,80,0
7591.83140542,7591.83437690,0.00000000,382.53992651,0.07767976,1843.38642340,0.01998474,0.01998474,26324,80,1
7592.12228636,7592.12279241,390.03789874,390.02486727,0.05610759,1843.73191859,0.01998474,0.01998474,26323,80,0
7592.41146368,7592.41122984,397.46818661,397.47421274,0.03516166,1844.07481001,0.01998475,0.01998474,26322,80,0
7592.69948043,7592.69968917,404.90456472,404.89918142,0.05443738,1844.41562554,0.01998474,0.01998474,26321,80,0
7592.98883301,7592.98817041,412.34717533,412.36427663,0.03991524,1844.75732283,0.01998475,0.01998474,26320,80,0
7593.27654124,7593.27667357,419.79614338,419.79272548,0.05181244,1845.09638704,0.01998474,0.01998474,26319,80,0
7593.56510490,7593.56519865,427.25148661,427.24906337,0.04580076,1845.43576542,0.01998474,0.01998474,26318,80,0
7593.85349726,7593.85374564,434.71318276,434.70675712,0.04357423,1845.77424457,0.01998474,0.01998474,26317,80,0
7594.14286169,7594.14231456,442.18120943,442.19537427,0.04811367,1846.11316014,0.01998475,0.01998474,26316,80,0
7594.43058864,7594.43090541,449.65554415,449.64733683,0.04707674,1846.44945474,0.01998474,0.01998474,26315,80,0
7594.71942118,7594.71951818,457.13617358,457.13365850,0.04154598,1846.78633347,0.01998475,0.01998474,26314,80,0
7595.00874426,7595.00815288,464.62310207,464.63844789,0.03233623,1847.12307089,0.01998475,0.01998474,26313,80,0
7595.29681283,7595.29680952,472.11633598,472.11642212,0.05407580,1847.45763672,0.01998475,0.01998474,26312,80,0
7595.58568926,7595.58548808,479.61588168,479.62111007,0.05098292,1847.79242579,0.01998475,0.01998474,26311,80,0
7595.87440396,7595.87418859,487.12173748,487.12733886,0.04888742,1848.12630954,0.01998475,0.01998474,26310,80,0
7596.16223037,7596.16291104,494.63380574,494.61608949,0.03176655,1848.45844500,0.01998474,0.01998475,26309,80,0
7596.45206885,7596.45165543,502.15192553,502.16269372,0.05548479,1848.79216530,0.01998475,0.01998475,26308,80,0
7596.74021808,7596.74042176,509.67593403,509.67062503,0.03816056,1849.12319809,0.01998475,0.01998475,26307,80,0
7597.02940253,7597.02921005,517.20566761,517.21068805,0.05169991,1849.45466641,0.01998475,0.01998475,26306,80,0
7597.31753700,7597.31802028,524.74109993,524.72848612,0.05010960,1849.78417694,0.01998474,0.01998475,26305,80,0
7597.60714168,7597.60685246,532.28263289,532.29018732,0.04531496,1850.11462555,0.01998475,0.01998475,26304,80,0
7597.89556046,7597.89570660,539.83075319,539.82693275,0.05697098,1850.44299932,0.01998475,0.01998475,26303,80,0
7598.18479016,7598.18458270,547.38595005,547.39137842,0.03049270,1850.77159181,0.01998475,0.01998475,26302,80,0
7598.47301795,7598.47348076,554.94868890,554.93656775,0.04863164,1851.09836157,0.01998474,0.01998475,26301,80,0
7598.76271478,7598.76240078,562.51890498,562.52713600,0.03141467,1851.42610262,0.01998475,0.01998475,26300,80,0
7599.05185452,7599.05134277,570.09603702,570.10946234,0.04970679,1851.75249238,0.01998475,0.01998475,26299,80,0
7599.33980701,7599.34030672,577.67950192,577.66638316,0.05229437,1852.07679857,0.01998474,0.01998475,26298,80,0
7599.63010272,7599.62929264,585.26871357,585.28999415,0.04153581,1852.40296526,0.01998475,0.01998475,26297,80,0
7599.91834419,7599.91830054,592.86326946,592.86441692,0.05419339,1852.72603124,0.01998475,0.01998475,26296,80,0
7600.20763737,7600.20733041,600.46354200,600.47161672,0.03703443,1853.04949566,0.01998475,0.01998475,26295,80,0
7600.49673500,7600.49638226,608.07010758,608.07939399,0.05581616,1853.37198272,0.01998475,0.01998475,26294,80,0
7600.78575117,7600.78545609,615.68354562,615.69132087,0.04845562,1853.69364283,0.01998475,0.01998475,26293,80,0
7601.07485570,7601.07455190,623.30442041,623.31243266,0.04127901,1854.01468605,0.01998475,0.01998475,26292,80,0
7601.36446008,7601.36366969,630.93280346,630.95366692,0.05138731,1854.33556726,0.01998475,0.01998475,26291,80,0
7601.65345038,7601.65280948,638.56822205,638.58515332,0.03519933,1854.65502998,0.01998475,0.01998475,26290,80,0
7601.94251221,7601.94197125,646.21017306,646.22447458,0.05127218,1854.97381054,0.01998475,0.01998475,26289,80,0
7602.23120786,7602.23115502,653.85815074,653.85954855,0.05692514,1855.29140399,0.01998475,0.01998475,26288,80,0
7602.52049719,7602.52036078,661.51180669,661.51541801,0.03521094,1855.60884866,0.01998475,0.01998475,26287,80,0
7602.80981204,7602.80958854,669.17151467,669.17743588,0.04807645,1855.92553179,0.01998475,0.01998475,26286,80,0
7603.09841590,7603.09883830,676.83785506,676.82665494,0.05159117,1856.24067152,0.01998474,0.01998475,26285,80,0
7603.38779159,7603.38811006,684.51141129,684.50295934,0.03597347,1856.55590813,0.01998474,0.01998475,26284,80,0
7603.67726228,7603.67740383,692.19274980,692.18898954,0.04950434,1856.87052130,0.01998474,0.01998475,26283,80,0
7603.96632856,7603.96671961,699.88191128,699.87151386,0.05001007,1857.18396812,0.01998474,0.01998475,26282,80,0
7604.25587623,7604.25605739,707.57836731,707.57354638,0.04470665,1857.49718430,0.01998474,0.01998475,26281,80,0
7604.54599687,7604.54541719,715.28155846,715.29699625,0.03727400,1857.81023920,0.01998475,0.01998475,26280,80,0
7604.83476045,7604.83479901,722.99092232,722.98989472,0.04940851,1858.12102815,0.01998475,0.01998475,26279,80,0
7605.12396017,7605.12420284,730.70606873,730.69959740,0.04541945,1858.43146696,0.01998474,0.01998475,26278,80,0
7605.41383747,7605.41362869,738.42730219,738.43287418,0.03670652,1858.74182007,0.01998475,0.01998475,26277,80,0
7605.70310913,7605.70307656,746.15510188,746.15597170,0.05364050,1859.05073013,0.01998474,0.01998475,26276,80,0
7605.99259666,7605.99254646,753.88994951,753.89129146,0.04812037,1859.35909269,0.01998474,0.01998475,26275,80,0
7606.28221914,7606.28203839,761.63230965,761.63714591,0.04881972,1859.66683582,0.01998475,0.01998475,26274,80,0
7606.57190010,7606.57155235,769.38228680,769.39159987,0.03340876,1859.97387872,0.01998475,0.01998475,26273,80,0
7606.86053864,7606.86108834,777.13966799,777.12493376,0.04588288,1860.27904709,0.01998474,0.01998475,26272,80,0
7607.15123452,7607.15064637,784.90422834,784.92000641,0.04700358,1860.58560239,0.01998475,0.01998475,26271,80,0
7607.43999408,7607.44022643,792.67574181,792.66950353,0.04968442,1860.88932096,0.01998474,0.01998475,26270,80,0
7607.73000913,7607.72982854,800.45406090,800.45891332,0.03744046,1861.19355435,0.01998474,0.01998475,26269,80,0
7608.01942160,7608.01945268,808.23926352,808.23842751,0.04741523,1861.49635104,0.01998474,0.01998475,26268,80,0
7608.30916131,7608.30909888,816.03146776,816.03314805,0.04960382,1861.79868692,0.01998474,0.01998475,26267,80,0
7608.59805459,7608.59876712,823.83079237,823.81159934,0.04835603,1862.09934129,0.01998474,0.01998475,26266,80,0
7608.88908564,7608.88845741,831.63734897,831.65428582,0.04451475,1862.40141603,0.01998475,0.01998475,26265,80,0
7609.17819871,7609.17816975,839.45117000,839.45195142,0.02947692,1862.70069898,0.01998474,0.01998475,26264,80,0
7609.46805546,7609.46790415,847.27224092,847.27632696,0.04741524,1862.99994693,0.01998474,0.01998475,26263,80,0
7609.75810898,7609.75766061,855.10054649,855.11266505,0.05131368,1863.29858791,0.01998475,0.01998475,26262,80,0
7610.04780880,7610.04743913,862.93607269,862.94607259,0.04979916,1863.59605246,0.01998475,0.01998475,26261,80,0
7610.33739102,7610.33723971,870.77890706,870.78300361,0.04874533,1863.89258547,0.01998474,0.01998475,26260,80,0
7610.62723586,7610.62706236,878.62930945,878.63401123,0.05120603,1864.18858262,0.01998474,0.01998475,26259,80,0
7610.91725134,7610.91690707,886.48755768,886.49689591,0.04746955,1864.48395560,0.01998475,0.01998475,26258,80,0
7611.20663213,7611.20677386,894.35393113,894.35008303,0.02878013,1864.77789347,0.01998474,0.01998475,26257,80,0
7611.49692053,7611.49666272,902.22859893,902.23560568,0.04720429,1865.07196478,0.01998475,0.01998475,26256,80,0
7611.78655133,7611.78657365,910.11116249,910.11055521,0.04791974,1865.36456484,0.01998475,0.01998475,26255,80,0
7612.07640663,7612.07650667,918.00104056,917.99831729,0.04441204,1865.65656207,0.01998475,0.01998475,26254,80,0
7612.36654889,7612.36646176,925.89764855,925.90002239,0.04548609,1865.94799275,0.01998475,0.01998475,26253,80,0
7612.65623541,7612.65643894,933.80043345,933.79488487,0.04714267,1866.23808876,0.01998475,0.01998475,26252,80,0
7612.94605869,7612.94643820,941.70946126,941.69910712,0.04765405,1866.52744488,0.01998475,0.01998475,26251,80,0
7613.23635692,7613.23645955,949.62533477,949.62253252,0.04785744,1866.81641552,0.01998475,0.01998475,26250,80,0
7613.52600993,7613.52650299,957.54867773,957.53520238,0.04441569,1867.10390628,0.01998474,0.01998475,26249,80,0
7613.81658520,7613.81656852,965.48011561,965.48057181,0.04811144,1867.39149143,0.01998475,0.01998475,26248,80,0
7614.10683006,7614.10665615,973.41995484,973.42471705,0.03209403,1867.67793655,0.01998475,0.01998475,26247,80,0
7614.39682571,7614.39676588,981.36780623,981.36944611,0.04421587,1867.96330689,0.01998475,0.01998475,26246,80,0
7614.68667774,7614.68689771,989.32318738,989.31715336,0.04742255,1868.24768768,0.01998475,0.01998475,26245,80,0
7614.97693634,7614.97705165,997.28561312,997.28244774,0.04688504,1868.53159733,0.01998475,0.01998475,26244,80,0
7615.26732656,7615.26722768,1005.25469462,1005.25741094,0.04479954,1868.81474792,0.01998475,0.01998475,26243,80,0
7615.55761445,7615.55742583,1013.23060462,1013.23579085,0.04770688,1869.09691470,0.01998475,0.01998475,26242,80,0
7615.84756334,7615.84764609,1021.21371602,1021.21143872,0.04121018,1869.37788001,0.01998475,0.01998475,26241,80,0
7616.13757579,7616.13788846,1029.20440401,1029.19579192,0.04566604,1869.65804547,0.01998475,0.01998475,26240,80,0
7616.42837277,7616.42815295,1037.20302729,1037.20908764,0.05007020,1869.93811333,0.01998475,0.01998475,26239,80,0
7616.71895111,7616.71843956,1045.20963598,1045.22375181,0.04788105,1870.21711348,0.01998475,0.01998475,26238,80,0
7617.00930794,7617.00874829,1053.22402400,1053.23948095,0.04766715,1870.49503481,0.01998475,0.01998475,26237,80,0
7617.29906319,7617.29907914,1061.24597638,1061.24553563,0.04880191,1870.77150670,0.01998475,0.01998475,26236,80,0
7617.58940278,7617.58943211,1069.27527805,1069.27446666,0.04508105,1871.04765044,0.01998475,0.01998475,26235,80,0
7617.88014446,7617.87980722,1077.31181856,1077.32115595,0.04573540,1871.32328145,0.01998475,0.01998475,26234,80,0
7618.17008692,7618.17020446,1085.35567578,1085.35241879,0.04924301,1871.59726250,0.01998475,0.01998475,26233,80,0
7618.46103573,7618.46062383,1093.40694756,1093.41837158,0.05453982,1871.87129917,0.01998475,0.01998475,26232,80,0
7618.75136470,7618.75106534,1101.46573231,1101.47404214,0.05077615,1872.14385842,0.01998475,0.01998475,26231,80,0
7619.04168216,7619.04152898,1109.53217555,1109.53643134,0.04910046,1872.41551615,0.01998475,0.01998475,26230,80,0
7619.33185944,7619.33201477,1117.60660656,1117.60228697,0.04812694,1872.68616061,0.01998475,0.01998475,26229,80,0
7619.62285041,7619.62252270,1125.68940134,1125.69852385,0.04531743,1872.95668775,0.01998475,0.01998475,26228,80,0
7619.91307120,7619.91305278,1133.78093811,1133.78145134,0.04420599,1873.22563405,0.01998475,0.01998475,26227,80,0
7620.20327499,7620.20360500,1141.88152892,1141.87232325,0.04714695,1873.49370780,0.01998474,0.01998475,26226,80,0
7620.49368795,7620.49417938,1149.99089136,1149.97716999,0.04550822,1873.76110413,0.01998474,0.01998475,26225,80,0
7620.78436889,7620.78477591,1158.10843375,1158.09705884,0.03971416,1874.02785209,0.01998474,0.01998475,26224,80,0
7621.07539397,7621.07539460,1166.23355831,1166.23354051,0.04596288,1874.29399590,0.01998475,0.01998475,26223,80,0
7621.36591597,7621.36603545,1174.36569143,1174.36234697,0.04586866,1874.55873982,0.01998475,0.01998475,26222,80,0
7621.65691837,7621.65669846,1182.50486392,1182.51102439,0.05349130,1874.82297836,0.01998475,0.01998475,26221,80,0
7621.94690341,7621.94738363,1190.65169892,1190.63823395,0.04507388,1875.08537134,0.01998474,0.01998475,26220,80,0
7622.23779757,7622.23809097,1198.80684784,1198.79861305,0.04146362,1875.34768025,0.01998474,0.01998475,26219,80,0
7622.52931730,7622.52882048,1206.97096156,1206.98492044,0.04147654,1875.60965971,0.01998475,0.01998475,26218,80,0
7622.81954464,7622.81957216,1215.14432632,1215.14355235,0.03930456,1875.86959463,0.01998475,0.01998475,26217,80,0
7623.11009944,7623.11034602,1223.32658549,1223.31964349,0.04528468,1876.12892517,0.01998474,0.01998475,26216,80,0
7623.40103492,7623.40114205,1231.51731534,1231.51429633,0.04816067,1876.38767856,0.01998475,0.01998475,26215,80,0
7623.69143452,7623.69196026,1239.71608962,1239.70126139,0.04038239,1876.64502362,0.01998474,0.01998475,26214,80,0
7623.98208257,7623.98280065,1247.92262307,1247.90235228,0.04252876,1876.90164462,0.01998474,0.01998475,26213,80,0
7624.27327652,7624.27366323,1256.13707500,1256.12614853,0.04321128,1877.15780211,0.01998474,0.01998475,26212,80,0
7624.56422525,7624.56454800,1264.35969210,1264.35056457,0.05067974,1877.41280314,0.01998474,0.01998475,26211,80,0
7624.85499841,7624.85545495,1272.59072253,1272.57779868,0.04416309,1877.66671510,0.01998474,0.01998475,26210,80,0
7625.14630134,7625.14638410,1280.83037646,1280.82803155,0.04254341,1877.92015526,0.01998475,0.01998475,26209,80,0
7625.43715777,7625.43733544,1289.07865077,1289.07361160,0.04556276,1878.17227020,0.01998475,0.01998475,26208,80,0
7625.72832099,7625.72830897,1297.33546984,1297.33581104,0.05183597,1878.42370775,0.01998475,0.01998475,26207,80,0
7626.01880157,7626.01930471,1305.60075744,1305.58645965,0.04370891,1878.67360950,0.01998474,0.01998475,26206,80,0
7626.31002749,7626.31032265,1313.87443533,1313.86603999,0.04470878,1878.92319786,0.01998475,0.01998475,26205,80,0
7626.60144143,7626.60136280,1322.15641001,1322.15864874,0.04601853,1879.17198433,0.01998475,0.01998475,26204,80,0
7626.89183844,7626.89242515,1330.44657944,1330.42986109,0.04905986,1879.41893793,0.01998474,0.01998475,26203,80,0
7627.18303077,7627.18350971,1338.74484080,1338.73118104,0.04531109,1879.66559451,0.01998475,0.01998475,26202,80,0
7627.47400300,7627.47461648,1347.05110624,1347.03359376,0.04415958,1879.91108519,0.01998474,0.01998475,26201,80,0
7627.76577423,7627.76574547,1355.36554067,1355.36636245,0.04817970,1880.15626839,0.01998475,0.01998475,26200,80,0
7628.05748622,7628.05689668,1363.68851594,1363.70537720,0.04542698,1880.40042676,0.01998475,0.01998475,26199,80,0
7628.34809439,7628.34807010,1372.02041215,1372.02110761,0.04122577,1880.64269934,0.01998475,0.01998475,26198,80,0
7628.63901330,7628.63926575,1380.36160142,1380.35436616,0.04683036,1880.88427642,0.01998475,0.01998475,26197,80,0
7628.93026693,7628.93048362,1388.71214919,1388.70593250,0.04034662,1881.12517279,0.01998475,0.01998475,26196,80,0
7629.22168514,7629.22172373,1397.07176580,1397.07065779,0.04114698,1881.36523307,0.01998475,0.01998475,26195,80,0
7629.51275508,7629.51298606,1405.44014009,1405.43350071,0.04941137,1881.60402312,0.01998475,0.01998475,26194,80,0
7629.80432228,7629.80427062,1413.81696109,1413.81844740,0.03931387,1881.84222339,0.01998475,0.01998475,26193,80,0
7630.09568643,7630.09557742,1422.20204727,1422.20518645,0.04483554,1882.07925165,0.01998475,0.01998475,26192,80,0
7630.38693648,7630.38690646,1430.59542098,1430.59628622,0.04802802,1882.31517912,0.01998475,0.01998475,26191,80,0
7630.67828996,7630.67825773,1438.99712247,1438.99805220,0.03935998,1882.55017980,0.01998475,0.01998475,26190,80,0
7630.96952260,7630.96963125,1447.40719345,1447.40405582,0.05116169,1882.78407060,0.01998475,0.01998475,26189,80,0
7631.26083836,7631.26102702,1455.82585274,1455.82039959,0.03907880,1883.01701811,0.01998475,0.01998475,26188,80,0
7631.55244365,7631.55244503,1464.25368024,1464.25364021,0.05099305,1883.24919783,0.01998475,0.01998475,26187,80,0
7631.84421840,7631.84388530,1472.69130315,1472.70095244,0.04206609,1883.48052513,0.01998475,0.01998475,26186,80,0
7632.13524620,7632.13534782,1481.13935169,1481.13640457,0.04276654,1883.71028942,0.01998475,0.01998475,26185,80,0
7632.42676203,7632.42683259,1489.59805017,1489.59600144,0.04671545,1883.93946866,0.01998475,0.01998475,26184,80,0
7632.71825765,7632.71833962,1498.06658093,1498.06419834,0.04314213,1884.16763451,0.01998475,0.01998475,26183,80,0
7633.00986160,7633.00986891,1506.54395742,1506.54374478,0.04576313,1884.39485665,0.01998475,0.01998475,26182,80,0
7633.30139504,7633.30142047,1515.02918693,1515.02844660,0.03658242,1884.62096543,0.01998475,0.01998475,26181,80,0
7633.59297132,7633.59299429,1523.52168029,1523.52101110,0.04593987,1884.84603013,0.01998475,0.01998475,26180,80,0
7633.88396765,7633.88459038,1532.02209450,1532.00393299,0.03913756,1885.06958723,0.01998474,0.01998475,26179,80,0
7634.17610824,7634.17620874,1540.53132817,1540.52839432,0.04708666,1885.29297848,0.01998475,0.01998475,26178,80,0
7634.46764702,7634.46784937,1549.05028569,1549.04437155,0.05847953,1885.51488566,0.01998475,0.01998475,26177,80,0
7634.75961319,7634.75951228,1557.57961020,1557.58256295,0.04764542,1885.73610562,0.01998475,0.01998475,26176,80,0
7635.05081716,7635.05119747,1566.11901962,1566.10787980,0.04285234,1885.95572718,0.01998475,0.01998475,26175,80,0
7635.34310861,7635.34290494,1574.66802806,1574.67400007,0.04694376,1886.17512691,0.01998475,0.01998475,26174,80,0
7635.63489226,7635.63463469,1583.22614639,1583.23370596,0.05175392,1886.39308778,0.01998475,0.01998475,26173,80,0
7635.92633477,7635.92638673,1591.79303236,1591.79150591,0.03999608,1886.60972647,0.01998475,0.01998475,26172,80,0
7636.21846535,7636.21816106,1600.36890734,1600.37785568,0.04235273,1886.82580800,0.01998475,0.01998475,26171,80,0
7636.50994010,7636.50995767,1608.95412746,1608.95361003,0.03995589,1887.04034325,0.01998475,0.01998475,26170,80,0
7636.80192758,7636.80177659,1617.54905116,1617.55350086,0.04607476,1887.25419806,0.01998475,0.01998475,26169,80,0
7637.09392797,7637.09361780,1626.15394060,1626.16309087,0.05610825,1887.46700585,0.01998475,0.01998475,26168,80,0
7637.38536572,7637.38548131,1634.76867754,1634.76526416,0.04101202,1887.67834306,0.01998475,0.01998475,26167,80,0
7637.67785175,7637.67736712,1643.39305035,1643.40737733,0.04481283,1887.88936584,0.01998475,0.01998475,26166,80,0
7637.96941507,7637.96927523,1652.02684594,1652.03098396,0.04027372,1888.09864223,0.01998475,0.01998475,26165,80,0
7638.26064812,7638.26120565,1660.66994229,1660.65342726,0.04746478,1888.30659757,0.01998474,0.01998475,26164,80,0
7638.55307716,7638.55315838,1669.32256606,1669.32015757,0.04464550,1888.51431832,0.01998475,0.01998475,26163,80,0
7638.84510538,7638.84513342,1677.98502788,1677.98419550,0.03537987,1888.72066913,0.01998475,0.01998475,26162,80,0
7639.13702208,7639.13713078,1686.65764044,1686.65441014,0.04775164,1888.92586047,0.01998475,0.01998475,26161,80,0
7639.42922840,7639.42915045,1695.34059721,1695.34291617,0.04772475,1889.13017352,0.01998475,0.01998475,26160,80,0
7639.72126278,7639.72119244,1704.03366925,1704.03576412,0.03632765,1889.33327516,0.01998475,0.01998475,26159,80,0
7640.01306952,7640.01325676,1712.73653356,1712.73095156,0.04770730,1889.53511711,0.01998475,0.01998475,26158,80,0
7640.30525935,7640.30534340,1721.44886500,1721.44635683,0.04980173,1889.73610929,0.01998475,0.01998475,26157,80,0
7640.59736266,7640.59745236,1730.17047583,1730.16779609,0.05094245,1889.93591864,0.01998475,0.01998475,26156,80,0
7640.88956959,7640.88958366,1738.90160553,1738.90118468,0.04512376,1890.13467663,0.01998475,0.01998475,26155,80,0
7641.18148218,7641.18173729,1747.64257707,1747.63494047,0.04799871,1890.33211688,0.01998475,0.01998475,26154,80,0
7641.47352084,7641.47391325,1756.39371534,1756.38195551,0.04360747,1890.52852777,0.01998475,0.01998475,26153,80,0
7641.76641339,7641.76611155,1765.15524395,1765.16429956,0.04932813,1890.72439380,0.01998475,0.01998475,26152,80,0
7642.05849472,7642.05833219,1773.92712250,1773.93200412,0.03814041,1890.91859586,0.01998475,0.01998475,26151,80,0
7642.35033905,7642.35057517,1782.70926825,1782.70216863,0.04881305,1891.11151551,0.01998475,0.01998475,26150,80,0
7642.64226411,7642.64284050,1791.50159790,1791.48424885,0.04144630,1891.30335749,0.01998475,0.01998475,26149,80,0
7642.93510068,7642.93512818,1800.30403242,1800.30320387,0.04905511,1891.49465589,0.01998475,0.01998475,26148,80,0
7643.22771286,7643.22743820,1809.11650234,1809.12478705,0.04704422,1891.68465880,0.01998475,0.01998475,26147,80,0
7643.51957363,7643.51977058,1817.93893889,1817.93299183,0.03917426,1891.87302396,0.01998475,0.01998475,26146,80,0
7643.81211299,7643.81212531,1826.77127437,1826.77090192,0.04526733,1892.06066901,0.01998475,0.01998475,26145,80,0
7644.10438371,7644.10450241,1835.61354090,1835.60994930,0.04418610,1892.24698035,0.01998475,0.01998475,26144,80,0
7644.39690230,7644.39690186,1844.46592906,1844.46594255,0.04070245,1892.43228705,0.01998475,0.01998475,26143,80,0
7644.68941589,7644.68932367,1853.32864471,1853.33144111,0.04318611,1892.61642736,0.01998475,0.01998475,26142,80,0
7644.98184474,7644.98176785,1862.20189528,1862.20422955,0.04629487,1892.79935142,0.01998475,0.01998475,26141,80,0
7645.27442707,7645.27423440,1871.08589635,1871.09175226,0.05205222,1892.98120767,0.01998475,0.01998475,26140,80,0
7645.56651749,7645.56672332,1879.98087274,1879.97460941,0.03252473,1893.16159685,0.01998475,0.01998475,26139,80,0
7645.85940991,7645.85923461,1888.88705130,1888.89239185,0.04811587,1893.34131599,0.01998475,0.01998475,26138,80,0
7646.15192526,7646.15176828,1897.80463413,1897.80942224,0.05068201,1893.51963820,0.01998475,0.01998475,26137,80,0
7646.44421673,7646.44432433,1906.73338759,1906.73010192,0.04748784,1893.69665087,0.01998475,0.01998475,26136,80,0
7646.73687932,7646.73690276,1915.67271541,1915.67199898,0.04689982,1893.87269687,0.01998475,0.01998475,26135,80,0
7647.02943314,7647.02950357,1924.62200618,1924.61985124,0.04535696,1894.04746945,0.01998475,0.01998475,26134,80,0
7647.32170543,7647.32212676,1933.58073478,1933.56782923,0.04189327,1894.22085337,0.01998475,0.01998475,26133,80,0
7647.61514922,7647.61477235,1942.54923555,1942.56079155,0.04281839,1894.39370737,0.01998475,0.01998475,26132,80,0
7647.90802290,7647.90744033,1951.52832342,1951.54620709,0.04405284,1894.56501305,0.01998475,0.01998475,26131,80,0
7648.20027467,7648.20013070,1960.51882420,1960.52324947,0.04433501,1894.73475844,0.01998475,0.01998475,26130,80,0
7648.49280853,7648.49284347,1969.52137934,1969.52030424,0.04587675,1894.90347761,0.01998475,0.01998475,26129,80,0
7648.78590587,7648.78557863,1978.53557628,1978.54565868,0.03915948,1895.07131469,0.01998475,0.01998475,26128,80,0
7649.07840080,7649.07833620,1987.56063348,1987.56262590,0.03860667,1895.23758285,0.01998475,0.01998475,26127,80,0
7649.37142150,7649.37111617,1996.59576341,1996.60519030,0.04493568,1895.40290473,0.01998475,0.01998475,26126,80,0
7649.66337686,7649.66391855,2005.64042600,2005.62368499,0.04325961,1895.56637202,0.01998475,0.01998475,26125,80,0
7649.95682112,7649.95674334,2014.69488485,2014.69729112,0.04659966,1895.72941267,0.01998475,0.01998475,26124,80,0
7650.24963199,7650.24959054,2023.75956608,2023.76084986,0.05009177,1895.89084531,0.01998475,0.01998475,26123,80,0
7650.54259752,7650.54246015,2032.83489901,2032.83915824,0.05502821,1896.05111057,0.01998475,0.01998475,26122,80,0
7650.83564520,7650.83535218,2041.92133077,2041.93042645,0.05587700,1896.21017036,0.01998475,0.01998475,26121,80,0
7651.12827717,7651.12826663,2051.01933801,2051.01966536,0.04999654,1896.36775992,0.01998475,0.01998475,26120,80,0
7651.42122762,7651.42120351,2060.12940361,2060.13015412,0.04767577,1896.52427839,0.01998475,0.01998475,26119,80,0
7651.71414837,7651.71416280,2069.25199618,2069.25154640,0.04468120,1896.67954045,0.01998475,0.01998475,26118,80,0
7652.00678267,7652.00714453,2078.38717726,2078.37588734,0.04233302,1896.83340750,0.01998475,0.01998475,26117,80,0
7652.30028913,7652.30014868,2087.53459749,2087.53898507,0.04025975,1896.98647353,0.01998475,0.01998475,26116,80,0
7652.59262460,7652.59317527,2096.69388693,2096.67666403,0.04076726,1897.13766341,0.01998474,0.01998475,26115,80,0
7652.88629887,7652.88622429,2105.86469478,2105.86703001,0.05054456,1897.28826305,0.01998475,0.01998475,26114,80,0
7653.17931275,7653.17929575,2115.04686745,2115.04740032,0.04981830,1897.43723516,0.01998475,0.01998475,26113,80,0
7653.47240008,7653.47238965,2124.24035662,2124.24068407,0.04656565,1897.58495090,0.01998475,0.01998475,26112,80,0
7653.76543973,7653.76550599,2133.44511455,2133.44303272,0.04199377,1897.73134324,0.01998475,0.01998475,26111,80,0
7654.05844589,7654.05864478,2142.66116166,2142.65490514,0.04719073,1897.87641511,0.01998475,0.01998475,26110,80,0
7654.35188431,7654.35180601,2151.88879835,2151.89126446,0.05285748,1898.02039411,0.01998475,0.01998475,26109,80,0
7654.64493446,7654.64498970,2161.12839868,2161.12665681,0.04376165,1898.16287787,0.01998475,0.01998475,26108,80,0
7654.93809814,7654.93819584,2170.38033763,2170.37725282,0.04455724,1898.30411255,0.01998475,0.01998475,26107,80,0
7655.23135807,7655.23142443,2179.64480111,2179.64270327,0.04338571,1898.44408568,0.01998475,0.01998475,26106,80,0
7655.52441390,7655.52467548,2188.92162023,2188.91334013,0.05326910,1898.58264647,0.01998475,0.01998475,26105,80,0
7655.81773330,7655.81794900,2198.21058602,2198.20374994,0.04413843,1898.72000699,0.01998475,0.01998475,26104,80,0
7656.11122109,7656.11124497,2207.51148684,2207.51072892,0.04001659,1898.85611121,0.01998475,0.01998475,26103,80,0
7656.40437217,7656.40456341,2216.82409159,2216.81801625,0.04359160,1898.99071733,0.01998475,0.01998475,26102,80,0
7656.69801856,7656.69790432,2226.14815201,2226.15178502,0.05227743,1899.12419750,0.01998475,0.01998475,26101,80,0
7656.99130292,7656.99126771,2235.48341736,2235.48453839,0.04030388,1899.25615240,0.01998475,0.01998475,26100,80,0
7657.28435110,7657.28465356,2244.82972365,2244.82008282,0.05226065,1899.38663555,0.01998475,0.01998475,26099,80,0
7657.57814498,7657.57806189,2254.18743799,2254.19008956,0.04495608,1899.51608066,0.01998475,0.01998475,26098,80,0
7657.87162838,7657.87149270,2263.55712800,2263.56146301,0.03841696,1899.64402190,0.01998475,0.01998475,26097,80,0
7658.16540949,7658.16494600,2272.93936519,2272.95419347,0.05073937,1899.77072677,0.01998475,0.01998475,26096,80,0
7658.45830319,7658.45842177,2282.33453743,2282.33073886,0.04205195,1899.89568767,0.01998475,0.01998475,26095,80,0
7658.75155906,7658.75192003,2291.74260712,2291.73102861,0.04676338,1900.01943503,0.01998475,0.01998475,26094,80,0
7659.04608976,7659.04544079,2301.16347692,2301.18431967,0.04310390,1900.14233531,0.01998475,0.01998475,26093,80,0
7659.33909159,7659.33898403,2310.59704292,2310.60050178,0.05239771,1900.26321326,0.01998475,0.01998475,26092,80,0
7659.63281463,7659.63254977,2320.04308934,2320.05161710,0.04389419,1900.38299433,0.01998475,0.01998475,26091,80,0
7659.92630746,7659.92613800,2329.50129765,2329.50676011,0.03805692,1900.50127741,0.01998475,0.01998475,26090,80,0
7660.21979717,7660.21974874,2338.97134303,2338.97290614,0.04915217,1900.61814618,0.01998475,0.01998475,26089,80,0
7660.51386808,7660.51338197,2348.45303850,2348.46874470,0.03939812,1900.73382149,0.01998475,0.01998475,26088,80,0
7660.80712083,7660.80703771,2357.94696012,2357.94964915,0.05192087,1900.84775622,0.01998475,0.01998475,26087,80,0
7661.10103378,7661.10071596,2367.45394735,2367.46424278,0.04020469,1900.96053017,0.01998475,0.01998475,26086,80,0
7661.39494442,7661.39441672,2376.97484128,2376.99196009,0.05459790,1901.07188816,0.01998475,0.01998475,26085,80,0
7661.68797824,7661.68813999,2386.50999283,2386.50473848,0.04094235,1901.18150278,0.01998475,0.01998475,26084,80,0
7661.98168723,7661.98188577,2396.05885947,2396.05240128,0.04741530,1901.28994335,0.01998475,0.01998475,26083,80,0
7662.27564150,7662.27565408,2405.62080025,2405.62039067,0.04205745,1901.39703096,0.01998475,0.01998475,26082,80,0
7662.56950993,7662.56944490,2415.19521310,2415.19733364,0.05031872,1901.50263119,0.01998475,0.01998475,26081,80,0
7662.86287868,7662.86325825,2424.78199135,2424.76959886,0.04886379,1901.60659282,0.01998475,0.01998475,26080,80,0
7663.15776475,7663.15709412,2434.38134413,2434.40326671,0.05432261,1901.70961954,0.01998475,0.01998475,26079,80,0
7663.45103586,7663.45095252,2443.99348724,2443.99621527,0.04810560,1901.81061421,0.01998475,0.01998475,26078,80,0
7663.74443206,7663.74483345,2453.61872587,2453.60557110,0.04532892,1901.91018446,0.01998475,0.01998475,26077,80,0
7664.03906689,7664.03873691,2463.25763738,2463.26846699,0.04302451,1902.00869775,0.01998475,0.01998475,26076,80,0
7664.33274129,7664.33266291,2472.91085548,2472.91343181,0.05012091,1902.10541666,0.01998475,0.01998475,26075,80,0
7664.62651567,7664.62661144,2482.57897882,2482.57582642,0.04954607,1902.20069607,0.01998475,0.01998475,26074,80,0
7664.92108014,7664.92058252,2492.26176711,2492.27816880,0.03829599,1902.29474379,0.01998475,0.01998475,26073,80,0
7665.21475951,7665.21457614,2501.95817735,2501.96422885,0.04762015,1902.38700898,0.01998475,0.01998475,26072,80,0
7665.50827641,7665.50859231,2511.66712608,2511.65668849,0.04972689,1902.47771034,0.01998475,0.01998475,26071,80,0
7665.80302925,7665.80263103,2521.38781994,2521.40099255,0.03984872,1902.56725864,0.01998475,0.01998475,26070,80,0
7666.09674756,7666.09669229,2531.12076966,2531.12260005,0.05055041,1902.65496167,0.01998475,0.01998475,26069,80,0
7666.39091892,7666.39077611,2540.86684905,2540.87158483,0.04628799,1902.74127016,0.01998475,0.01998475,26068,80,0
7666.68472968,7666.68488249,2550.62692264,2550.62184808,0.04782463,1902.82594600,0.01998475,0.01998475,26067,80,0
7666.97893196,7666.97901143,2560.40133868,2560.39869607,0.03699324,1902.90920207,0.01998475,0.01998475,26066,80,0
7667.27309199,7667.27316293,2570.18983088,2570.18746873,0.04821164,1902.99090395,0.01998475,0.01998475,26065,80,0
7667.56739264,7667.56733699,2579.99209503,2579.99395058,0.04846003,1903.07109258,0.01998475,0.01998475,26064,80,0
7667.86158616,7667.86153362,2589.80789750,2589.80965170,0.04437528,1903.14969187,0.01998475,0.01998475,26063,80,0
7668.15556830,7668.15575282,2599.63737345,2599.63120474,0.04578217,1903.22667121,0.01998475,0.01998475,26062,80,0
7668.45025237,7668.44999459,2609.48077626,2609.48940560,0.03828954,1903.30226133,0.01998475,0.01998475,26061,80,0
7668.74370366,7668.74425894,2619.33836184,2619.31974772,0.04712392,1903.37596555,0.01998475,0.01998475,26060,80,0
7669.03849659,7669.03854586,2629.21040135,2629.20874759,0.04644115,1903.44842487,0.01998475,0.01998475,26059,80,0
7669.33262849,7669.33285536,2639.09718423,2639.08955733,0.04610072,1903.51913676,0.01998475,0.01998475,26058,80,0
7669.62668432,7669.62718745,2648.99900332,2648.98206486,0.04738609,1903.58824285,0.01998475,0.01998475,26057,80,0
7669.92136822,7669.92154212,2658.91607776,2658.91021478,0.04357157,1903.65589847,0.01998475,0.01998475,26056,80,0
7670.21577986,7670.21591937,2668.84826788,2668.84355730,0.04451350,1903.72188583,0.01998475,0.01998475,26055,80,0
7670.51038213,7670.51031922,2678.79532604,2678.79745317,0.04611234,1903.78630054,0.01998475,0.01998475,26054,80,0
7670.80482065,7670.80474166,2688.75701280,2688.75968715,0.04177305,1903.84905633,0.01998475,0.01998475,26053,80,0
7671.09967167,7671.09918670,2698.73335090,2698.74979435,0.04555409,1903.91026711,0.01998475,0.01998475,26052,80,0
7671.39351097,7671.39365433,2708.72464085,2708.71977311,0.04421668,1903.96963699,0.01998475,0.01998475,26051,80,0
7671.68822263,7671.68814457,2718.73119887,2718.73385336,0.04155488,1904.02754246,0.01998475,0.01998475,26050,80,0
7671.98278068,7671.98265741,2728.75318448,2728.75738241,0.04602564,1904.08376950,0.01998475,0.01998475,26049,80,0
7672.27729371,7672.27719285,2738.79018658,2738.79362582,0.04596914,1904.13833090,0.01998475,0.01998475,26048,80,0
7672.57194595,7672.57175090,2748.84166208,2748.84832223,0.05012686,1904.19124999,0.01998475,0.01998475,26047,80,0
7672.86614654,7672.86633157,2758.90711284,2758.90078646,0.04483723,1904.24241391,0.01998475,0.01998475,26046,80,0
7673.16108584,7673.16093485,2768.98675708,2768.99192690,0.04476493,1904.29202160,0.01998475,0.01998475,26045,80,0
7673.45569775,7673.45556074,2779.08135721,2779.08605502,0.04270529,1904.33988700,0.01998475,0.01998475,26044,80,0
7673.75017714,7673.75020925,2789.19169433,2789.19059167,0.04685681,1904.38604204,0.01998475,0.01998475,26043,80,0
7674.04477718,7674.04488038,2799.31828001,2799.31473049,0.04950764,1904.43052109,0.01998475,0.01998475,26042,80,0
7674.34015140,7674.33957414,2809.46101177,2809.48089460,0.05039871,1904.47340678,0.01998475,0.01998475,26041,80,0
7674.63459334,7674.63429053,2819.61970210,2819.63014760,0.04757847,1904.51444414,0.01998475,0.01998475,26040,80,0
7674.92901417,7674.92902954,2829.79417603,2829.79364486,0.04604021,1904.55376009,0.01998475,0.01998475,26039,80,0
7675.22406645,7675.22379119,2839.98436057,2839.99388359,0.04474035,1904.59142851,0.01998475,0.01998475,26038,80,0
7675.51871168,7675.51857547,2850.19022757,2850.19494678,0.04017021,1904.62730712,0.01998475,0.01998475,26037,80,0
7675.81266512,7675.81338238,2860.41174570,2860.38685869,0.05587485,1904.66136329,0.01998475,0.01998475,26036,80,0
7676.10852580,7676.10821194,2870.64878605,2870.65969144,0.04349316,1904.69387930,0.01998475,0.01998475,26035,80,0
7676.40318590,7676.40306414,2880.90110241,2880.90533918,0.04269230,1904.72449902,0.01998475,0.01998475,26034,80,0
7676.69805328,7676.69793898,2891.16843937,2891.17242165,0.04454936,1904.75336956,0.01998475,0.01998475,26033,80,0
7676.99262043,7676.99283648,2901.45075594,2901.44321760,0.04769372,1904.78043469,0.01998475,0.01998475,26032,80,0
7677.28778454,7677.28775662,2911.74870470,2911.74968055,0.04482017,1904.80576842,0.01998475,0.01998475,26031,80,0
7677.58247794,7677.58269941,2922.06308276,2922.05533173,0.04132816,1904.82927211,0.01998475,0.01998475,26030,80,0
7677.87737145,7677.87766486,2932.39460325,2932.38431809,0.04885702,1904.85099511,0.01998475,0.01998475,26029,80,0
7678.17257830,7678.17265297,2942.74315007,2942.74052844,0.04753891,1904.87093241,0.01998475,0.01998475,26028,80,0
7678.46811419,7678.46766374,2953.10815760,2953.12399559,0.05103761,1904.88906980,0.01998475,0.01998475,26027,80,0
7678.76298490,7678.76269717,2963.48906545,2963.49919651,0.04527525,1904.90534044,0.01998475,0.01998475,26026,80,0
7679.05799517,7679.05775327,2973.88584936,2973.89437939,0.04037546,1904.91978579,0.01998475,0.01998475,26025,80,0
7679.35319286,7679.35283203,2984.29916472,2984.31190824,0.04940075,1904.93239807,0.01998475,0.01998475,26024,80,0
7679.64783120,7679.64793347,2994.72971601,2994.72609812,0.03907259,1904.94314140,0.01998475,0.01998475,26023,80,0
7679.94305388,7679.94305758,3005.17800034,3005.17786925,0.05209609,1904.95204908,0.01998475,0.01998475,26022,80,0
7680.23791623,7680.23820437,3015.64389901,3015.63367358,0.04361642,1904.95908164,0.01998475,0.01998475,26021,80,0
7680.53344492,7680.53337383,3026.12718021,3026.12970710,0.04920614,1904.96425179,0.01998475,0.01998475,26020,80,0
7680.82874101,7680.82856598,3036.62766638,3036.63389747,0.04729249,1904.96753097,0.01998475,0.01998475,26019,80,0
7681.12354792,7681.12378081,3047.14556897,3047.13726502,0.05128807,1904.96891472,0.01998475,0.01998475,26018,80,0
7681.41903667,7681.41901833,3057.68126637,3057.68192136,0.04462469,1904.96839795,0.01998475,0.01998475,26017,80,0
7681.71437599,7681.71427853,3068.23510257,3068.23858886,0.05225411,1904.96596795,0.01998475,0.01998475,26016,80,0
7682.00966934,7682.00956143,3078.80672233,3078.81058851,0.04093492,1904.96161686,0.01998475,0.01998475,26015,80,0
7682.30508337,7682.30486703,3089.39515295,3089.40291574,0.04866822,1904.95533325,0.01998475,0.01998475,26014,80,0
7682.59976507,7682.60019532,3099.99940227,3099.98394283,0.03961343,1904.94713377,0.01998475,0.01998475,26013,80,0
7682.89515982,7682.89554631,3110.61931908,3110.60541192,0.04936887,1904.93697071,0.01998475,0.01998475,26012,80,0
7683.19060776,7683.19092000,3121.25619437,3121.24494102,0.04184701,1904.92484986,0.01998475,0.01998475,26011,80,0
7683.48558200,7683.48631640,3131.91147180,3131.88495845,0.04927675,1904.91078652,0.01998475,0.01998475,26010,80,0
7683.78162061,7683.78173550,3142.58616600,3142.58201077,0.04662336,1904.89469052,0.01998475,0.01998475,26009,80,0
7684.07755175,7684.07717732,3153.27984191,3153.29340595,0.05044486,1904.87660686,0.01998475,0.01998475,26008,80,0
7684.37304030,7684.37264184,3163.99175989,3164.00621707,0.05428481,1904.85655338,0.01998475,0.01998475,26007,80,0
7684.66820083,7684.66812909,3174.72130796,3174.72391510,0.04466107,1904.83452223,0.01998475,0.01998475,26006,80,0
7684.96375727,7684.96363905,3185.46872689,3185.47302991,0.04709194,1904.81044923,0.01998475,0.01998475,26005,80,0
7685.25922953,7685.25917173,3196.23459578,3196.23670323,0.04699840,1904.78435982,0.01998475,0.01998475,26004,80,0
7685.55425805,7685.55472714,3207.01945260,3207.00232099,0.05090372,1904.75628039,0.01998475,0.01998475,26003,80,0
7685.85049135,7685.85030527,3217.82324871,3217.83005594,0.05312908,1904.72603664,0.01998475,0.01998475,26002,80,0
7686.14606142,7686.14590613,3228.64553382,3228.65122371,0.03915057,1904.69380538,0.01998475,0.01998475,26001,80,0
7686.44117334,7686.44152972,3239.48586393,3239.47278547,0.04688908,1904.65956800,0.01998475,0.01998475,26000,80,0
7686.73751978,7686.73717604,3250.34429551,3250.35693032,0.04814636,1904.62311061,0.01998475,0.01998475,25999,80,0
7687.03290736,7687.03284510,3261.22143710,3261.22372918,0.05075117,1904.58468873,0.01998475,0.01998475,25998,80,0
7687.32884882,7687.32853690,3272.11792785,3272.12943226,0.04891959,1904.54409787,0.01998475,0.01998475,25997,80,0
7687.62460333,7687.62425145,3283.03414624,3283.04714708,0.05181999,1904.50142429,0.01998475,0.01998475,25996,80,0
7687.92027268,7687.91998873,3293.97002380,3293.98053277,0.04694955,1904.45664637,0.01998475,0.01998475,25995,80,0
7688.21596141,7688.21574876,3304.92544781,3304.93333131,0.05164792,1904.40973936,0.01998475,0.01998475,25994,80,0
7688.51153020,7688.51153155,3315.90031659,3315.90026661,0.05168947,1904.36071686,0.01998475,0.01998475,25993,80,0
7688.80748146,7688.80733708,3326.89455869,3326.89992946,0.05267632,1904.30948303,0.01998475,0.01998475,25992,80,0
7689.10402095,7689.10316537,3337.90810664,3337.93998618,0.05093706,1904.25598196,0.01998475,0.01998475,25991,80,0
7689.39953992,7689.39901642,3348.94103172,3348.96057103,0.05280429,1904.20049832,0.01998475,0.01998475,25990,80,0
7689.69509916,7689.69489022,3359.99392400,3360.00173615,0.05377636,1904.14283059,0.01998475,0.01998475,25989,80,0
7689.99054338,7689.99078679,3371.06749993,3371.05838206,0.04622311,1904.08299566,0.01998475,0.01998475,25988,80,0
7690.28674906,7690.28670613,3382.16231764,3382.16392889,0.04980288,1904.02079490,0.01998475,0.01998475,25987,80,0
7690.58296974,7690.58264823,3393.27807846,3393.29016534,0.04576886,1903.95636698,0.01998475,0.01998475,25986,80,0
7690.87863362,7690.87861310,3404.41420064,3404.41497339,0.04741327,1903.88983499,0.01998475,0.01998475,25985,80,0
7691.17499511,7691.17460075,3415.57017834,3415.58505492,0.04503753,1903.82090759,0.01998475,0.01998475,25984,80,0
7691.47023083,7691.47061117,3426.74607678,3426.73170465,0.04803556,1903.75000300,0.01998475,0.01998475,25983,80,0
7691.76653041,7691.76664437,3437.94220739,3437.93789361,0.05202043,1903.67658360,0.01998475,0.01998475,25982,80,0
7692.06255457,7692.06270035,3449.15889127,3449.15336321,0.04676078,1903.60095946,0.01998475,0.01998475,25981,80,0
7692.35936307,7692.35877911,3460.39650231,3460.41868641,0.04801107,1903.52284052,0.01998475,0.01998475,25980,80,0
7692.65497252,7692.65488067,3471.65544452,3471.65894036,0.05300577,1903.44273973,0.01998475,0.01998475,25979,80,0
7692.95138630,7692.95100501,3482.93608410,3482.95062265,0.05021033,1903.36010485,0.01998475,0.01998475,25978,80,0
7693.24608575,7693.24715214,3494.23832451,3494.19759006,0.04065153,1903.27563806,0.01998475,0.01998475,25977,80,0
7693.54312369,7693.54332206,3505.56177792,3505.55418692,0.04221586,1903.18816201,0.01998475,0.01998475,25976,80,0
7693.83948181,7693.83951478,3516.90604704,3516.90478295,0.05423193,1903.09853791,0.01998475,0.01998475,25975,80,0
7694.13509488,7694.13573031,3528.27072351,3528.24632393,0.04340909,1903.00679478,0.01998475,0.01998475,25974,80,0
7694.43222086,7694.43196863,3539.65538965,3539.66509128,0.05652382,1902.91221544,0.01998475,0.01998475,25973,80,0
7694.72846924,7694.72822976,3551.05972446,3551.06895083,0.04527043,1902.81554544,0.01998475,0.01998475,25972,80,0
7695.02491367,7695.02451369,3562.48484675,3562.50028487,0.03696396,1902.71642241,0.01998475,0.01998475,25971,80,0
7695.32118428,7695.32082044,3573.93296106,3573.94703292,0.04997365,1902.61493897,0.01998475,0.01998475,25970,80,0
7695.61698857,7695.61715000,3585.40614873,3585.39989220,0.04348860,1902.51117190,0.01998475,0.01998475,25969,80,0
7695.91357211,7695.91350237,3596.90397521,3596.90668357,0.04851114,1902.40467092,0.01998475,0.01998475,25968,80,0
7696.21828993,nan,0.00000000,3608.76142563,0.37489384,1902.29259646,0.01998477,0.01998475,25967,80,1
7696.50702894,7696.50627557,3619.96422002,3619.99357643,0.04804245,1902.18420530,0.01998475,0.01998475,25966,80,0
7696.80272264,7696.80269641,3631.52517079,3631.52619504,0.04179651,1902.07068515,0.01998475,0.01998475,25965,80,0
7697.09921762,7697.09914007,3643.10992206,3643.11295592,0.05202584,1901.95435783,0.01998475,0.01998475,25964,80,0
7697.39595915,7697.39560655,3654.72129949,3654.73512490,0.05101446,1901.83538564,0.01998475,0.01998475,25963,80,0
7697.69267905,7697.69209587,3666.35890910,3666.38182283,0.04516948,1901.71386282,0.01998475,0.01998475,25962,80,0
7697.98891948,7697.98860803,3678.02011530,3678.03237490,0.05270359,1901.58999731,0.01998475,0.01998475,25961,80,0
7698.28521907,7698.28514302,3689.70247070,3689.70546944,0.05280182,1901.46358322,0.01998475,0.01998475,25960,80,0
7698.58169117,7698.58170085,3701.40634398,3701.40596157,0.04854652,1901.33455377,0.01998475,0.01998475,25959,80,0
7698.87824608,7698.87828152,3713.13384479,3713.13244232,0.04768006,1901.20290925,0.01998475,0.01998475,25958,80,0
7699.17491483,7699.17488503,3724.88687585,3724.88805780,0.05263465,1901.06859857,0.01998475,0.01998475,25957,80,0
7699.47140261,7699.47151139,3736.66512360,3736.66079975,0.04618266,1900.93174575,0.01998475,0.01998475,25956,80,0
7699.76792840,7699.76816060,3748.46711560,3748.45786908,0.03861427,1900.79225536,0.01998475,0.01998475,25955,80,0
7700.06504102,7700.06483266,3760.29156690,3760.29987877,0.04829207,1900.64986356,0.01998475,0.01998475,25954,80,0
7700.36169990,7700.36152758,3772.13862871,3772.14551607,0.04354916,1900.50505320,0.01998475,0.01998475,25953,80,0
7700.65823561,7700.65824536,3784.00905382,3784.00866359,0.04771600,1900.35764889,0.01998475,0.01998475,25952,80,0
7700.95511999,7700.95498599,3795.90353803,3795.90891475,0.04525563,1900.20739144,0.01998475,0.01998475,25951,80,0
7701.25148836,7701.25174949,3807.82244567,3807.81194757,0.04843334,1900.05470286,0.01998475,0.01998475,25950,80,0
7701.54877292,7701.54853585,3819.76603926,3819.77558940,0.05014597,1899.89882291,0.01998475,0.01998475,25949,80,0
7701.84530904,7701.84534508,3831.73452256,3831.73306801,0.04326023,1899.74060582,0.01998475,0.01998475,25948,80,0
7702.14203492,7702.14217718,3843.72788266,3843.72212908,0.05105423,1899.57954518,0.01998475,0.01998475,25947,80,0
7702.43904212,7702.43903215,3855.74605890,3855.74646279,0.04610587,1899.41557184,0.01998475,0.01998475,25946,80,0
7702.73558853,7702.73591001,3867.78942139,3867.77636646,0.04436619,1899.24907914,0.01998475,0.01998475,25945,80,0
7703.03287127,7703.03281073,3879.85938959,3879.86185326,0.04571630,1899.07935701,0.01998475,0.01998475,25944,80,0
7703.32997520,7703.32973434,3891.95753524,3891.96736012,0.04802244,1898.90688254,0.01998475,0.01998475,25943,80,0
7703.62702050,7703.62668084,3904.08410297,3904.09798884,0.04642765,1898.73156996,0.01998475,0.01998475,25942,80,0
7703.92403767,7703.92365022,3916.23717649,3916.25304845,0.04432686,1898.55341484,0.01998475,0.01998475,25941,80,0
7704.22085763,7704.22064249,3928.41472124,3928.42355128,0.04196998,1898.37253744,0.01998475,0.01998475,25940,80,0
7704.51729683,7704.51765765,3940.61717972,3940.60234025,0.04676236,1898.18903763,0.01998475,0.01998475,25939,80,0
7704.81471892,7704.81469570,3952.84759605,3952.84855303,0.04137531,1898.00200182,0.01998475,0.01998475,25938,80,0
7705.11186322,7705.11175665,3965.10879842,3965.11320251,0.04618064,1897.81215248,0.01998475,0.01998475,25937,80,0
7705.40866262,7705.40884050,3977.39933725,3977.39197046,0.05227888,1897.61954719,0.01998475,0.01998475,25936,80,0
7705.70599874,7705.70594726,3989.71498193,3989.71711783,0.05359449,1897.42366197,0.01998475,0.01998475,25935,80,0
7706.00286134,7706.00307692,4002.05244450,4002.04348546,0.04704330,1897.22520058,0.01998475,0.01998475,25934,80,0
7706.30068161,7706.30022948,4014.41457296,4014.43340287,0.04216429,1897.02314017,0.01998475,0.01998475,25933,80,0
7706.59767247,7706.59740496,4026.80651772,4026.81768728,0.04621203,1896.81859179,0.01998475,0.01998475,25932,80,0
7706.89483082,7706.89460335,4039.23157971,4039.24110161,0.04614560,1896.61080651,0.01998475,0.01998475,25931,80,0
7707.19185430,7707.19182466,4051.68720255,4051.68844630,0.04431975,1896.40001968,0.01998475,0.01998475,25930,80,0
7707.48878822,7707.48906888,4064.16969692,4064.15789979,0.04367989,1896.18624861,0.01998475,0.01998475,25929,80,0
7707.78631528,7707.78633602,4076.67731964,4076.67644586,0.04560882,1895.96900922,0.01998475,0.01998475,25928,80,0
nan,nan,0.00000000,-1.00000000,0.00000000,1895.75258381,nan,0.00000000,-2147483648,80,1
nan,nan,0.00000000,-1.00000000,0.00000000,1894.92925675,nan,0.00000000,-2147483648,79,1
nan,nan,0.00000000,-1.00000000,0.00000000,1895.24740348,nan,0.00000000,-2147483648,79,1
7673.16099336,7673.16093485,13.98369230,13.98512643,0.05516073,1895.61698990,0.01998475,0.01998475,26045,79,0
7673.45624449,7673.45556074,21.20741095,21.22418133,0.06052080,1895.99910817,0.01998475,0.01998475,26044,79,0
7673.75069722,7673.75020925,28.43693494,28.44891209,0.04165345,1896.37955345,0.01998475,0.01998475,26043,79,0
7674.04444907,7674.04488038,35.67235788,35.66176326,0.04517319,1896.75845960,0.01998475,0.01998475,26042,79,0
7674.33986152,7674.33957414,42.91369709,42.92076115,0.06396007,1897.13886850,0.01998475,0.01998475,26041,79,0
7674.63481147,7674.63429053,50.16074535,50.17355965,0.05612095,1897.51802948,0.01998475,0.01998475,26040,79,0
7674.92945362,7674.92902954,57.41325361,57.42369215,0.03865659,1897.89612910,0.01998475,0.01998475,26039,79,0
7675.22264293,7675.22379119,64.67097166,64.64269028,0.04857977,1898.27168931,0.01998475,0.01998475,26038,79,0
7675.51913498,7675.51857547,71.93365232,71.94744116,0.05708649,1898.65078075,0.01998475,0.01998475,26037,79,0
7675.81402200,7675.81338238,79.20125828,79.21703103,0.04065482,1899.02711890,0.01998475,0.01998475,26036,79,0
7676.10855129,7676.10821194,86.47405666,86.48243055,0.04021897,1899.40231477,0.01998475,0.01998475,26035,79,0
7676.40247704,7676.40306414,93.75233958,93.73784227,0.05701720,1899.77607182,0.01998475,0.01998475,26034,79,0
7676.69843151,7676.69793898,101.03640050,101.04857142,0.05688299,1900.15174568,0.01998475,0.01998475,26033,79,0
7676.99280144,7676.99283648,108.32651899,108.32565247,0.03962832,1900.52476071,0.01998475,0.01998475,26032,79,0
7677.28796629,7677.28775662,115.62277422,115.62796342,0.04681851,1900.89813670,0.01998475,0.01998475,26031,79,0
7677.58322236,7677.58269941,122.92510312,122.93805531,0.06308759,1901.27097529,0.01998475,0.01998475,26030,79,0
7677.87780078,7677.87766486,130.23343936,130.23680822,0.04877845,1901.64230213,0.01998475,0.01998475,26029,79,0
7678.17217823,7678.17265297,137.54771624,137.53594079,0.03962071,1902.01271566,0.01998475,0.01998475,26028,79,0
7678.46736600,7678.46766374,144.86786149,144.86047098,0.05583068,1902.38348068,0.01998475,0.01998475,26027,79,0
7678.76321609,7678.76269717,152.19377587,152.20666559,0.04522819,1902.75439933,0.01998475,0.01998475,26026,79,0
7679.05780396,7679.05775327,159.52535127,159.52661122,0.04047105,1903.12305343,0.01998475,0.01998475,26025,79,0
7679.35296754,7679.35283203,166.86247905,166.86584948,0.05166295,1903.49173807,0.01998475,0.01998475,26024,79,0
7679.64764283,7679.64793347,174.20505080,174.19781684,0.05036099,1903.85911667,0.01998475,0.01998475,26023,79,0
7679.94240275,7679.94305758,181.55307413,181.53676463,0.03491857,1904.22590353,0.01998475,0.01998475,26022,79,0
7680.23912932,7680.23820437,188.90679614,188.92985015,0.05614579,1904.59444384,0.01998475,0.01998475,26021,79,0
7680.53321928,7680.53337383,196.26649456,196.26263958,0.04576199,1904.95903447,0.01998475,0.01998475,26020,79,0
7680.82898032,7680.82856598,203.63244845,203.64279170,0.04196977,1905.32503095,0.01998475,0.01998475,26019,79,0
7681.12395800,7681.12378081,211.00492208,211.00934902,0.06188235,1905.68940388,0.01998475,0.01998475,26018,79,0
7681.41861661,7681.41901833,218.38389088,218.37384668,0.02644289,1906.05272701,0.01998475,0.01998475,26017,79,0
7681.71375298,7681.71427853,225.76907825,225.75592799,0.05559574,1906.41596657,0.01998475,0.01998475,26016,79,0
7682.00925673,7682.00956143,233.16019789,233.15256822,0.05199173,1906.77896767,0.01998475,0.01998475,26015,79,0
7682.30525177,7682.30486703,240.55696211,240.56660225,0.03519638,1907.14186336,0.01998475,0.01998475,26014,79,0
7682.59961515,7682.60019532,247.95914357,247.94459743,0.05590070,1907.50204205,0.01998475,0.01998475,26013,79,0
7682.89538078,7682.89554631,255.36685142,255.36269850,0.03549690,1907.86322032,0.01998475,0.01998475,26012,79,0
7683.19017985,7683.19092000,262.78031008,262.76172672,0.05021476,1908.22251289,0.01998475,0.01998475,26011,79,0
7683.48684319,7683.48631640,270.19974515,270.21298154,0.03444464,1908.58337572,0.01998475,0.01998475,26010,79,0
7683.78145051,7683.78173550,277.62538266,277.61821638,0.03752947,1908.94104969,0.01998475,0.01998475,26009,79,0
7684.07769356,7684.07717732,285.05737184,285.07036325,0.05044382,1909.30002341,0.01998475,0.01998475,26008,79,0
7684.37302922,7684.37264184,292.49571408,292.50547020,0.04128613,1909.65721060,0.01998475,0.01998475,26007,79,0
7684.66861878,7684.66812909,299.94039402,299.95273644,0.05146826,1910.01401510,0.01998475,0.01998475,26006,79,0
7684.96419376,7684.96363905,307.39139621,307.40538821,0.03005750,1910.37010911,0.01998475,0.01998475,26005,79,0
7685.25886007,7685.25917173,314.84870703,314.84083970,0.05573419,1910.72441591,0.01998475,0.01998475,26004,79,0
7685.55517347,7685.55472714,322.31233753,322.32361319,0.03417241,1911.08000430,0.01998475,0.01998475,26003,79,0
7685.85019171,7685.85030527,329.78231630,329.77944522,0.04995620,1911.43334138,0.01998475,0.01998475,26002,79,0
7686.14608422,7686.14590613,337.25867241,337.26317842,0.04321451,1911.78702614,0.01998475,0.01998475,26001,79,0
7686.44128292,7686.44152972,344.74143507,344.73518567,0.04917068,1912.13918277,0.01998475,0.01998475,26000,79,0
7686.73732851,7686.73717604,352.23060675,352.23447044,0.03928735,1912.49164659,0.01998475,0.01998475,25999,79,0
7687.03314635,7687.03284510,359.72609126,359.73373103,0.04371592,1912.84312925,0.01998475,0.01998475,25998,79,0
7687.32870186,7687.32853690,367.22776924,367.23195577,0.05262321,1913.19358367,0.01998475,0.01998475,25997,79,0
7687.62413144,7687.62425145,374.73552073,374.73247297,0.05590948,1913.54316530,0.01998475,0.01998475,25996,79,0
7687.92031287,7687.91998873,382.24922898,382.25746726,0.04438518,1913.89290302,0.01998475,0.01998475,25995,79,0
7688.21533128,7688.21574876,389.76889470,389.75827625,0.05233871,1914.24053522,0.01998475,0.01998475,25994,79,0
7688.51219393,7688.51153155,397.29465646,397.31151621,0.03785154,1914.58960734,0.01998475,0.01998475,25993,79,0
7688.80695934,7688.80733708,404.82666132,404.81703925,0.04893548,1914.93549029,0.01998475,0.01998475,25992,79,0
7689.10362734,7689.10316537,412.36505705,412.37683386,0.03934152,1915.28288291,0.01998475,0.01998475,25991,79,0
7689.39798485,7689.39901642,419.90997324,419.88365555,0.05412821,1915.62685692,0.01998475,0.01998475,25990,79,0
7689.69529290,7689.69489022,427.46142786,427.47170913,0.03030189,1915.97355636,0.01998475,0.01998475,25989,79,0
7689.99112806,7689.99078679,435.01939779,435.02811802,0.04952692,1916.31781423,0.01998475,0.01998475,25988,79,0
7690.28692046,7690.28670613,442.58385972,442.58934066,0.02914707,1916.66129697,0.01998475,0.01998475,25987,79,0
7690.58289445,7690.58264823,450.15479036,450.16109170,0.05405746,1917.00426128,0.01998475,0.01998475,25986,79,0
7690.87856929,7690.87861310,457.73217720,457.73105520,0.05135087,1917.34614772,0.01998475,0.01998475,25985,79,0
7691.17506936,7691.17460075,465.31602521,465.32803675,0.04071426,1917.68825239,0.01998475,0.01998475,25984,79,0
7691.46962109,7691.47061117,472.90634101,472.88094354,0.05766807,1918.02737737,0.01998475,0.01998475,25983,79,0
7691.76745482,7691.76664437,480.50313121,480.52393696,0.03322763,1918.36953752,0.01998475,0.01998475,25982,79,0
7692.06227846,7692.06270035,488.10638852,488.09554947,0.05470553,1918.70750072,0.01998475,0.01998475,25981,79,0
7692.35859407,7692.35877911,495.71599669,495.71123906,0.05182475,1919.04642604,0.01998475,0.01998475,25980,79,0
7692.65490190,7692.65488067,503.33178755,503.33233378,0.04144551,1919.38458278,0.01998475,0.01998475,25979,79,0
7692.95092420,7692.95100501,510.95359175,510.95151111,0.04628564,1919.72164547,0.01998475,0.01998475,25978,79,0
7693.24641471,7693.24715214,518.58124115,518.56224127,0.03807495,1920.05732743,0.01998475,0.01998475,25977,79,0
7693.54348879,7693.54332206,526.21478581,526.21908475,0.04951901,1920.39402776,0.01998475,0.01998475,25976,79,0
7693.83948875,7693.83951478,533.85468491,533.85401307,0.05259554,1920.72875032,0.01998475,0.01998475,25975,79,0
7694.13605145,7694.13573031,541.50144473,541.50973864,0.03367964,1921.06336801,0.01998475,0.01998475,25974,79,0
7694.43175099,7694.43196863,549.15557413,549.14994830,0.04899621,1921.39629274,0.01998475,0.01998475,25973,79,0
7694.72805857,7694.72822976,556.81750158,556.81307237,0.05206018,1921.72919776,0.01998475,0.01998475,25972,79,0
7695.02434735,7695.02451369,564.48696847,564.48266088,0.03637371,1922.06136272,0.01998475,0.01998475,25971,79,0
7695.32107473,7695.32082044,572.16337368,572.16996406,0.05718357,1922.39327017,0.01998475,0.01998475,25970,79,0
7695.61694417,7695.61715000,579.84611046,579.84077222,0.04925614,1922.72344294,0.01998475,0.01998475,25969,79,0
7695.91333329,7695.91350237,587.53457339,587.53018553,0.03871249,1923.05339155,0.01998475,0.01998475,25968,79,0
7696.20956490,7696.20987756,595.22856079,595.22044115,0.04879304,1923.38235004,0.01998475,0.01998475,25967,79,0
7696.50631241,7696.50627557,602.92859497,602.92955243,0.05686749,1923.71108514,0.01998475,0.01998475,25966,79,0
7696.80295664,7696.80269641,610.63527588,610.64204464,0.04718687,1924.03893264,0.01998475,0.01998475,25965,79,0
7697.09987938,7697.09914007,618.34920659,618.36845344,0.03514904,1924.36633704,0.01998475,0.01998475,25964,79,0
7697.39595099,7697.39560655,626.07089102,626.07986620,0.05217727,1924.69207352,0.01998475,0.01998475,25963,79,0
7697.69192491,7697.69209587,633.80011783,633.79565909,0.04923283,1925.01696281,0.01998475,0.01998475,25962,79,0
7697.98880147,7697.98860803,641.53636711,641.54141611,0.04694324,1925.34207540,0.01998475,0.01998475,25961,79,0
7698.28518634,7698.28514302,649.27911505,649.28024671,0.04113287,1925.66585837,0.01998475,0.01998475,25960,79,0
7698.58176102,7698.58170085,657.02784445,657.02941714,0.05387944,1925.98903355,0.01998475,0.01998475,25959,79,0
7698.87814314,7698.87828152,664.78248080,664.77886129,0.05069750,1926.31117914,0.01998475,0.01998475,25958,79,0
7699.17521257,7699.17488503,672.54357811,672.55215205,0.04524169,1926.63327031,0.01998475,0.01998475,25957,79,0
7699.47169352,7699.47151139,680.31174083,680.31651264,0.03506861,1926.95394606,0.01998475,0.01998475,25956,79,0
7699.76760386,7699.76816060,688.08757661,688.07297621,0.04773233,1927.27325257,0.01998475,0.01998475,25955,79,0
7700.06476364,7700.06483266,695.87153241,695.86972062,0.04934059,1927.59316674,0.01998475,0.01998475,25954,79,0
7700.36168452,7700.36152758,703.66326792,703.66739116,0.05121144,1927.91206555,0.01998475,0.01998475,25953,79,0
7700.65482078,7700.65824536,0.00000000,711.37632378,0.09748854,1928.22629990,0.01998474,0.01998475,25952,79,1
7700.95504002,7700.95498599,719.26775622,719.26917801,0.03872060,1928.54696487,0.01998475,0.01998475,25951,79,0
7701.25175432,7701.25174949,727.07936641,727.07949365,0.04752067,1928.86321446,0.01998475,0.01998475,25950,79,0
7701.54836296,7701.54853585,734.89700863,734.89245289,0.04745207,1929.17851421,0.01998475,0.01998475,25949,79,0
7701.84513626,7701.84534508,742.72116030,742.71565345,0.04512025,1929.49316823,0.01998475,0.01998475,25948,79,0
7702.14231190,7702.14217718,750.55232079,750.55587655,0.04777768,1929.80744385,0.01998475,0.01998475,25947,79,0
7702.43946612,7702.43903215,758.39099188,758.40245631,0.03588143,1930.12090888,0.01998475,0.01998475,25946,79,0
7702.73549408,7702.73591001,766.23750143,766.22650359,0.04836311,1930.43241264,0.01998475,0.01998475,25945,79,0
7703.03330930,7703.03281073,774.09169820,774.10489301,0.05198363,1930.74500941,0.01998475,0.01998475,25944,79,0
7703.32968580,7703.32973434,781.95334900,781.95206316,0.05437088,1931.05529972,0.01998475,0.01998475,25943,79,0
7703.62664665,7703.62668084,789.82221934,789.82131313,0.04274571,1931.36539308,0.01998475,0.01998475,25942,79,0
7703.92413294,7703.92365022,797.69809895,797.71090646,0.04365474,1931.67521252,0.01998475,0.01998475,25941,79,0
7704.22058453,7704.22064249,805.58099664,805.57945779,0.05601633,1931.98313312,0.01998475,0.01998475,25940,79,0
7704.51743394,7704.51765765,813.47103400,813.46508893,0.03080776,1932.29064763,0.01998475,0.01998475,25939,79,0
7704.81422685,7704.81469570,821.36833418,821.35586362,0.04908624,1932.59728614,0.01998475,0.01998475,25938,79,0
7705.11193918,7705.11175665,829.27301956,829.27787877,0.04953626,1932.90405544,0.01998475,0.01998475,25937,79,0
7705.40934123,7705.40884050,837.18515569,837.19849701,0.04721751,1933.20968568,0.01998475,0.01998475,25936,79,0
7705.70546773,7705.70594726,845.10473208,845.09194435,0.04873494,1933.51318831,0.01998475,0.01998475,25935,79,0
7706.00237878,7706.00307692,853.03173293,853.01309953,0.04683510,1933.81667342,0.01998475,0.01998475,25934,79,0
7706.30051709,7706.30022948,860.96614231,860.97382497,0.04706867,1934.12058177,0.01998475,0.01998475,25933,79,0
7706.59723481,7706.59740496,868.90800245,868.90345337,0.04484922,1934.42221394,0.01998475,0.01998475,25932,79,0
7706.89481304,7706.89460335,876.85755692,876.86316835,0.04769845,1934.72389758,0.01998475,0.01998475,25931,79,0
7707.19220855,7707.19182466,884.81509406,884.82537709,0.05077369,1935.02458030,0.01998475,0.01998475,25930,79,0
7707.48810511,7707.48906888,892.78090378,892.75506307,0.04666333,1935.32294603,0.01998474,0.01998475,25929,79,0
7707.78597140,7707.78633602,900.75522109,900.74543507,0.04379172,1935.62249618,0.01998475,0.01998475,25928,79,0
7708.08325844,7708.08362609,908.73774478,908.72786860,0.04630798,1935.92064731,0.01998475,0.01998475,25927,79,0
7708.38058231,7708.38093908,916.72787455,916.71828241,0.05128132,1936.21799411,0.01998475,0.01998475,25926,79,0
7708.67786450,7708.67827501,924.72500353,924.71395840,0.04330570,1936.51443278,0.01998475,0.01998475,25925,79,0
7708.97569910,7708.97563386,932.72853648,932.73029314,0.04480540,1936.81052888,0.01998475,0.01998475,25924,79,0
7709.27295713,7709.27301565,940.73840968,940.73683283,0.04592399,1937.10515542,0.01998475,0.01998475,25923,79,0
7709.57008984,7709.57042037,948.75522560,948.74631214,0.04819461,1937.39878252,0.01998475,0.01998475,25922,79,0
7709.86777622,7709.86784804,956.77963192,956.77769345,0.04651356,1937.69210030,0.01998475,0.01998475,25921,79,0
7710.16529577,7710.16529864,964.81227960,964.81220196,0.04491980,1937.98441798,0.01998475,0.01998475,25920,79,0
7710.46313476,7710.46277219,972.85355012,972.86335563,0.04421967,1938.27622335,0.01998475,0.01998475,25919,79,0
7710.76027553,7710.76026869,980.90307341,980.90325843,0.03902467,1938.56650435,0.01998475,0.01998475,25918,79,0
7711.05799047,7711.05778814,988.96034840,988.96583015,0.04514283,1938.85648336,0.01998475,0.01998475,25917,79,0
7711.35512048,7711.35533054,997.02487113,997.01917540,0.04437716,1939.14501053,0.01998475,0.01998475,25916,79,0
7711.65269524,7711.65289590,1005.09622723,1005.09078224,0.04423090,1939.43306890,0.01998475,0.01998475,25915,79,0
7711.95029653,7711.95048421,1013.17457929,1013.16948247,0.04843280,1939.72025469,0.01998475,0.01998475,25914,79,0
7712.24832030,7712.24809549,1021.26031446,1021.26642497,0.04579929,1940.00695904,0.01998475,0.01998475,25913,79,0
7712.54532752,7712.54572972,1029.35382261,1029.34288043,0.05057168,1940.29181114,0.01998475,0.01998475,25912,79,0
7712.84369088,7712.84338693,1037.45547392,1037.46375084,0.05197215,1940.57709513,0.01998475,0.01998475,25911,79,0
7713.14111230,7713.14106710,1045.56530959,1045.56654162,0.04419702,1940.86061018,0.01998475,0.01998475,25910,79,0
7713.43881571,7713.43877024,1053.68311414,1053.68435455,0.04681692,1941.14351525,0.01998475,0.01998475,25909,79,0
7713.73601505,7713.73649636,1061.80866415,1061.79552251,0.04447570,1941.42505358,0.01998475,0.01998475,25908,79,0
7714.03440795,7714.03424546,1069.94173738,1069.94617785,0.04304906,1941.70681961,0.01998475,0.01998475,25907,79,0
7714.33171517,7714.33201753,1078.08223737,1078.07396808,0.04450719,1941.98665443,0.01998475,0.01998475,25906,79,0
7714.62988155,7714.62981259,1086.23025100,1086.23213878,0.04338150,1942.26638977,0.01998475,0.01998475,25905,79,0
7714.92749907,7714.92763063,1094.38587998,1094.38227577,0.04335757,1942.54470382,0.01998475,0.01998475,25904,79,0
7715.22477724,7715.22547165,1102.54922674,1102.53018560,0.04950463,1942.82179712,0.01998475,0.01998475,25903,79,0
7715.52352900,7715.52333567,1110.72046396,1110.72576991,0.04270284,1943.09935723,0.01998475,0.01998475,25902,79,0
7715.82145100,7715.82122268,1118.89995024,1118.90622268,0.03916044,1943.37525030,0.01998475,0.01998475,25901,79,0
7716.11897007,7716.11913268,1127.08807663,1127.08360491,0.04519974,1943.64988703,0.01998475,0.01998475,25900,79,0
7716.41722147,7716.41706568,1135.28523649,1135.28952498,0.05168729,1943.92432370,0.01998475,0.01998475,25899,79,0
7716.71470767,7716.71502169,1143.49168706,1143.48303375,0.04652524,1944.19718749,0.01998475,0.01998475,25898,79,0
7717.01260895,7717.01300069,1151.70701591,1151.69621039,0.03918940,1944.46954525,0.01998475,0.01998475,25897,79,0
7717.31054057,7717.31100271,1159.93060487,1159.91784623,0.04098617,1944.74101942,0.01998475,0.01998475,25896,79,0
7717.60847513,7717.60902773,1168.16183203,1168.14656364,0.03936261,1945.01156129,0.01998475,0.01998475,25895,79,0
7717.90654880,7717.90707576,1176.40016335,1176.38559213,0.04994479,1945.28127342,0.01998475,0.01998475,25894,79,0
7718.20523969,7718.20514680,1184.64585814,1184.64842892,0.04167667,1945.55059048,0.01998475,0.01998475,25893,79,0
7718.50276246,7718.50324086,1192.89958690,1192.88633435,0.03896516,1945.81792418,0.01998475,0.01998475,25892,79,0
7718.80114019,7718.80135794,1201.16202752,1201.15598926,0.04229231,1946.08511254,0.01998475,0.01998475,25891,79,0
7719.09925372,7719.09949805,1209.43382490,1209.42704244,0.05243951,1946.35116793,0.01998475,0.01998475,25890,79,0
7719.39803570,7719.39766117,1217.71503322,1217.72544074,0.04264872,1946.61691892,0.01998475,0.01998475,25889,79,0
7719.69546002,7719.69584733,1226.00522758,1225.99445427,0.03579641,1946.88054929,0.01998475,0.01998475,25888,79,0
7719.99429809,7719.99405651,1234.30396682,1234.31069271,0.05305265,1947.14449774,0.01998475,0.01998475,25887,79,0
7720.29224718,7720.29228873,1242.61081652,1242.60965883,0.04538495,1947.40671087,0.01998475,0.01998475,25886,79,0
7720.59019091,7720.59054398,1250.92564573,1250.91579850,0.04121163,1947.66796331,0.01998475,0.01998475,25885,79,0
7720.88829621,7720.88882227,1259.24868848,1259.23400279,0.04296584,1947.92840485,0.01998475,0.01998475,25884,79,0
7721.18695395,7721.18712360,1267.58020164,1267.57546125,0.05118540,1948.18837831,0.01998475,0.01998475,25883,79,0
7721.48521632,7721.48544797,1275.92044213,1275.91396264,0.04010394,1948.44706250,0.01998475,0.01998475,25882,79,0
7721.78347074,7721.78379539,1284.26955054,1284.26046092,0.04915236,1948.70479622,0.01998475,0.01998475,25881,79,0
7722.08258811,7722.08216586,1292.62746785,1292.63930169,0.04473352,1948.96232263,0.01998475,0.01998475,25880,79,0
7722.38054069,7722.38055937,1300.99411518,1300.99359111,0.03760013,1949.21789147,0.01998475,0.01998475,25879,79,0
7722.67941735,7722.67897595,1309.36941309,1309.38180720,0.04951225,1949.47328970,0.01998475,0.01998475,25878,79,0
7722.97746417,7722.97741558,1317.75327474,1317.75464055,0.04716164,1949.72701206,0.01998475,0.01998475,25877,79,0
7723.27591281,7723.27587826,1326.14559665,1326.14656854,0.04241040,1949.98010257,0.01998475,0.01998475,25876,79,0
7723.57436908,7723.57436401,1334.54627234,1334.54641511,0.04775512,1950.23221841,0.01998475,0.01998475,25875,79,0
7723.87255548,7723.87287283,1342.95519471,1342.94625117,0.03881656,1950.48311993,0.01998475,0.01998475,25874,79,0
7724.17155893,7724.17140471,1351.37236220,1351.37671249,0.04954928,1950.73371566,0.01998475,0.01998475,25873,79,0
7724.46943623,7724.46995966,1359.79810279,1359.78332360,0.04077668,1950.98238491,0.01998475,0.01998475,25872,79,0
7724.76879394,7724.76853768,1368.23281028,1368.24005307,0.04353312,1951.23131002,0.01998475,0.01998475,25871,79,0
7725.06703022,7725.06713878,1376.67688087,1376.67380922,0.04835890,1951.47833369,0.01998475,0.01998475,25870,79,0
7725.36551046,7725.36576296,1385.13059132,1385.12343963,0.04276946,1951.72459538,0.01998475,0.01998475,25869,79,0
7725.66420380,7725.66441021,1393.59373907,1393.58788684,0.05090671,1951.97005764,0.01998475,0.01998475,25868,79,0
7725.96306558,7725.96308055,1402.06600170,1402.06557685,0.03784736,1952.21466876,0.01998475,0.01998475,25867,79,0
7726.26197310,7726.26177398,1410.54705466,1410.55271120,0.04574136,1952.45831424,0.01998475,0.01998475,25866,79,0
7726.56052046,7726.56049049,1419.03662287,1419.03747479,0.04123675,1952.70065342,0.01998475,0.01998475,25865,79,0
7726.85898243,7726.85923010,1427.53467509,1427.52762645,0.04595415,1952.94190729,0.01998475,0.01998475,25864,79,0
7727.15827091,7727.15799280,1436.04125304,1436.04917536,0.03908859,1953.18280692,0.01998475,0.01998475,25863,79,0
7727.45696702,7727.45677859,1444.55639866,1444.56177108,0.04659906,1953.42220677,0.01998475,0.01998475,25862,79,0
7727.75528658,7727.75558749,1453.08022654,1453.07163870,0.03686739,1953.66028451,0.01998475,0.01998475,25861,79,0
7728.05423212,7728.05441949,1461.61324856,1461.60789553,0.04967829,1953.89784962,0.01998475,0.01998475,25860,79,0
7728.35338239,7728.35327459,1470.15611497,1470.15919831,0.04915097,1954.13457734,0.01998475,0.01998475,25859,79,0
7728.65222371,7728.65215280,1478.70948031,1478.71151102,0.03940369,1954.37007563,0.01998475,0.01998475,25858,79,0
7728.95107956,7728.95105412,1487.27382029,1487.27454983,0.04637457,1954.60460950,0.01998475,0.01998475,25857,79,0
7729.24988369,7729.24997855,1495.84852054,1495.84579799,0.03731129,1954.83810589,0.01998475,0.01998475,25856,79,0
7729.54873730,7729.54892610,1504.43255841,1504.42713463,0.04717432,1955.07061199,0.01998475,0.01998475,25855,79,0
7729.84802238,7729.84789676,1513.02490390,1513.02851553,0.03810219,1955.30239094,0.01998475,0.01998475,25854,79,0
7730.14647388,7730.14689055,1521.62472702,1521.61273774,0.04506819,1955.53243964,0.01998475,0.01998475,25853,79,0
7730.44602521,7730.44590746,1530.23246928,1530.23586052,0.04775595,1955.76225565,0.01998475,0.01998475,25852,79,0
7730.74485576,7730.74494749,1538.84906210,1538.84641774,0.04111074,1955.99046155,0.01998475,0.01998475,25851,79,0
7731.04386379,7731.04401065,1547.47544393,1547.47120538,0.04846532,1956.21776719,0.01998475,0.01998475,25850,79,0
7731.34352459,7731.34309695,1556.11240339,1556.12475984,0.05645705,1956.44454615,0.01998475,0.01998475,25849,79,0
7731.64218868,7731.64220638,1564.75979077,1564.75927884,0.03828298,1956.66954359,0.01998475,0.01998475,25848,79,0
7731.94125565,7731.94133895,1573.41710236,1573.41469030,0.04266358,1956.89379956,0.01998475,0.01998475,25847,79,0
7732.24061192,7732.24049465,1582.08383043,1582.08722945,0.04757317,1957.11720809,0.01998475,0.01998475,25846,79,0
7732.53997544,7732.53967350,1590.75956680,1590.76832677,0.03875967,1957.33954271,0.01998475,0.01998475,25845,79,0
7732.83882885,7732.83887549,1599.44447836,1599.44312390,0.04744015,1957.56042243,0.01998475,0.01998475,25844,79,0
7733.13833097,7733.13810063,1608.13893463,1608.14563105,0.04984227,1957.78070847,0.01998475,0.01998475,25843,79,0
7733.43719250,7733.43734892,1616.84330779,1616.83875552,0.03658037,1957.99945782,0.01998475,0.01998475,25842,79,0
7733.73647248,7733.73662036,1625.55789276,1625.55358414,0.04433203,1958.21745002,0.01998475,0.01998475,25841,79,0
7734.03599538,7734.03591496,1634.28259214,1634.28493759,0.04619783,1958.43454696,0.01998475,0.01998475,25840,79,0
7734.33501492,7734.33523272,1643.01718618,1643.01082712,0.05368066,1958.65019946,0.01998475,0.01998475,25839,79,0
7734.63459634,7734.63457364,1651.76145353,1651.76211695,0.03843503,1958.86516584,0.01998475,0.01998475,25838,79,0
7734.93348278,7734.93393772,1660.51525907,1660.50194927,0.04397109,1959.07853762,0.01998475,0.01998475,25837,79,0
7735.23310598,7735.23332496,1669.27883001,1669.27241644,0.04936958,1959.29133813,0.01998475,0.01998475,25836,79,0
7735.53280716,7735.53273538,1678.05248906,1678.05459366,0.05508618,1959.50309867,0.01998475,0.01998475,25835,79,0
7735.83256491,7735.83216897,1686.83656108,1686.84818275,0.04019229,1959.71380683,0.01998475,0.01998475,25834,79,0
7736.13120887,7736.13162573,1695.63123985,1695.61899029,0.04577547,1959.92264590,0.01998475,0.01998475,25833,79,0
7736.43084567,7736.43110567,1704.43628162,1704.42863324,0.04592056,1960.13107939,0.01998475,0.01998475,25832,79,0
7736.73101415,7736.73060879,1713.25135070,1713.26328766,0.04485280,1960.33876578,0.01998475,0.01998475,25831,79,0
7737.03065293,7737.03013509,1722.07610949,1722.09137371,0.05189546,1960.54495852,0.01998475,0.01998475,25830,79,0
7737.32959899,7737.32968458,1730.91039150,1730.90786592,0.04304350,1960.74954437,0.01998475,0.01998475,25829,79,0
7737.62881796,7737.62925725,1739.75446371,1739.74148779,0.04686842,1960.95318863,0.01998475,0.01998475,25828,79,0
7737.92803863,7737.92885312,1748.60866186,1748.58457741,0.04582161,1961.15570864,0.01998475,0.01998475,25827,79,0
7738.22814909,7738.22847218,1757.47332257,1757.46375818,0.04291460,1961.35770372,0.01998475,0.01998475,25826,79,0
7738.52815119,7738.52811443,1766.34864439,1766.34973374,0.04524273,1961.55849763,0.01998475,0.01998475,25825,79,0
7738.82793612,7738.82777988,1775.23456934,1775.23920476,0.04465430,1961.75801348,0.01998475,0.01998475,25824,79,0
7739.12735174,7739.12746854,1784.13101138,1784.12754218,0.05015783,1961.95614684,0.01998475,0.01998475,25823,79,0
7739.42674580,7739.42718039,1793.03788395,1793.02496156,0.05187503,1962.15312362,0.01998475,0.01998475,25822,79,0
7739.72699235,7739.72691546,1801.95510690,1801.95739564,0.03409258,1962.34950783,0.01998475,0.01998475,25821,79,0
7740.02649441,7740.02667373,1810.88260859,1810.87726521,0.05788623,1962.54424827,0.01998475,0.01998475,25820,79,0
7740.32611611,7740.32645522,1819.82031746,1819.81020175,0.03972999,1962.73790442,0.01998475,0.01998475,25819,79,0
7740.62604670,7740.62625992,1828.76816910,1828.76180207,0.04576142,1962.93059032,0.01998475,0.01998475,25818,79,0
7740.92590573,7740.92608784,1837.72624305,1837.72079927,0.04429511,1963.12205744,0.01998475,0.01998475,25817,79,0
7741.22547315,7741.22593898,1846.69474762,1846.68080707,0.04251653,1963.31216737,0.01998475,0.01998475,25816,79,0
7741.52575659,7741.52581334,1855.67389701,1855.67219682,0.04569646,1963.50155702,0.01998475,0.01998475,25815,79,0
7741.82553555,7741.82571092,1864.66390783,1864.65864757,0.04124111,1963.68945524,0.01998475,0.01998475,25814,79,0
7742.12529724,7742.12563174,1873.66500756,1873.65496294,0.04155527,1963.87617042,0.01998475,0.01998475,25813,79,0
7742.42588687,7742.42557578,1882.67743062,1882.68678347,0.04562137,1964.06222418,0.01998475,0.01998475,25812,79,0
7742.72520902,7742.72554306,1891.70141314,1891.69135792,0.04337846,1964.24632195,0.01998475,0.01998475,25811,79,0
7743.02543813,7743.02553358,1900.73709076,1900.73421430,0.04471416,1964.42980086,0.01998475,0.01998475,25810,79,0
7743.32567276,7743.32554733,1909.78403135,1909.78781585,0.04484314,1964.61209079,0.01998475,0.01998475,25809,79,0
7743.62488645,7743.62558433,1918.84160293,1918.82052436,0.05052064,1964.79255706,0.01998475,0.01998475,25808,79,0
7743.92504656,7743.92564457,1927.90916884,1927.89108871,0.05100464,1964.97236948,0.01998475,0.01998475,25807,79,0
7744.22539824,7744.22572806,1936.98640866,1936.97642688,0.04962278,1965.15105816,0.01998475,0.01998475,25806,79,0
7744.52642121,7744.52583479,1946.07398381,1946.09175114,0.04685828,1965.32891181,0.01998475,0.01998475,25805,79,0
7744.82589727,7744.82596478,1955.17274851,1955.17070053,0.04745750,1965.50463711,0.01998475,0.01998475,25804,79,0
7745.12602157,7745.12611803,1964.28355524,1964.28062560,0.04405953,1965.67953888,0.01998475,0.01998475,25803,79,0
7745.42668917,7745.42629453,1973.40667253,1973.41867394,0.03933615,1965.85354850,0.01998475,0.01998475,25802,79,0
7745.72671887,7745.72649430,1982.54138454,1982.54822188,0.04040476,1966.02596391,0.01998475,0.01998475,25801,79,0
7746.02659432,7746.02671732,1991.68687628,1991.68312739,0.04600668,1966.19704756,0.01998475,0.01998475,25800,79,0
7746.32698492,7746.32696361,2000.84235978,2000.84300968,0.05060388,1966.36715971,0.01998475,0.01998475,25799,79,0
7746.62722680,7746.62723318,2010.00767957,2010.00748488,0.05001216,1966.53591482,0.01998475,0.01998475,25798,79,0
7746.92755655,7746.92752601,2019.18325608,2019.18418966,0.04191205,1966.70344951,0.01998475,0.01998475,25797,79,0
7747.22837900,7747.22784212,2028.36953357,2028.38596525,0.04291675,1966.86998935,0.01998475,0.01998475,25796,79,0
7747.52839287,7747.52818150,2037.56696327,2037.57343983,0.04360752,1967.03481921,0.01998475,0.01998475,25795,79,0
7747.82835551,7747.82854416,2046.77602834,2046.77024067,0.04892482,1967.19836411,0.01998475,0.01998475,25794,79,0
7748.12893436,7748.12893011,2055.99722864,2055.99735937,0.04888721,1967.36098791,0.01998475,0.01998475,25793,79,0
7748.42962340,7748.42933934,2065.23106780,2065.23980499,0.04287254,1967.52241552,0.01998475,0.01998475,25792,79,0
7748.72928698,7748.72977186,2074.47787744,2074.46294391,0.04082906,1967.68204295,0.01998475,0.01998475,25791,79,0
7749.03040302,7749.03022767,2083.73740055,2083.74280805,0.04504353,1967.84117715,0.01998475,0.01998475,25790,79,0
7749.33070551,7749.33070677,2093.00925399,2093.00921512,0.05008549,1967.99860424,0.01998475,0.01998475,25789,79,0
7749.63166226,7749.63120916,2102.29305394,2102.30706016,0.04323593,1968.15508262,0.01998475,0.01998475,25788,79,0
7749.93184389,7749.93173486,2111.58854270,2111.59191711,0.04338170,1968.30986014,0.01998475,0.01998475,25787,79,0
7750.23221697,7750.23228386,2120.89565526,2120.89358270,0.05484119,1968.46343257,0.01998475,0.01998475,25786,79,0
7750.53284985,7750.53285616,2130.21434217,2130.21414662,0.04462224,1968.61582579,0.01998475,0.01998475,25785,79,0
7750.83360659,7750.83345177,2139.54457322,2139.54938163,0.04306330,1968.76696258,0.01998475,0.01998475,25784,79,0
7751.13421004,7751.13407068,2148.88656391,2148.89089725,0.04818821,1968.91670201,0.01998475,0.01998475,25783,79,0
7751.43477016,7751.43471291,2158.24069874,2158.24248111,0.04594157,1969.06510080,0.01998475,0.01998475,25782,79,0
7751.73542397,7751.73537845,2167.60736827,2167.60878723,0.04030300,1969.21222677,0.01998475,0.01998475,25781,79,0
7752.03613208,7752.03606731,2176.98687376,2176.98889536,0.04630347,1969.35805854,0.01998475,0.01998475,25780,79,0
7752.33674670,7752.33677950,2186.37911166,2186.37808674,0.04237302,1969.50251714,0.01998475,0.01998475,25779,79,0
7752.63752780,7752.63751500,2195.78386534,2195.78426575,0.05294186,1969.64571782,0.01998475,0.01998475,25778,79,0
7752.93849153,7752.93827383,2205.20091623,2205.20773672,0.04189603,1969.78765684,0.01998475,0.01998475,25777,79,0
7753.23838799,7753.23905599,2214.63003135,2214.60907814,0.04508253,1969.92774153,0.01998475,0.01998475,25776,79,0
7753.54016252,7753.53986147,2224.07095473,2224.08040852,0.04670050,1970.06733280,0.01998475,0.01998475,25775,79,0
7753.84091022,7753.84069030,2233.52342633,2233.53034068,0.03718006,1970.20507186,0.01998475,0.01998475,25774,79,0
7754.14138117,7754.14154246,2242.98722491,2242.98214853,0.04950765,1970.34130264,0.01998475,0.01998475,25773,79,0
7754.44259969,7754.44241795,2252.46261347,2252.46834026,0.03925895,1970.47648476,0.01998475,0.01998475,25772,79,0
7754.74280398,7754.74331679,2261.95017569,2261.93399622,0.04784023,1970.60983215,0.01998475,0.01998475,25771,79,0
7755.04441729,7755.04423898,2271.45050533,2271.45613864,0.03713380,1970.74242097,0.01998475,0.01998475,25770,79,0
7755.34484797,7755.34518451,2280.96407147,2280.95342560,0.04718684,1970.87311078,0.01998475,0.01998475,25769,79,0
7755.64640884,7755.64615339,2290.49087889,2290.49897012,0.04025302,1971.00290185,0.01998475,0.01998475,25768,79,0
7755.94736895,7755.94714562,2300.03082655,2300.03790932,0.05071911,1971.13103788,0.01998475,0.01998475,25767,79,0
7756.24862804,7756.24816121,2309.58380961,2309.59863435,0.03636721,1971.25789643,0.01998475,0.01998475,25766,79,0
7756.54914024,7756.54920016,2319.14962337,2319.14771812,0.04799191,1971.38303137,0.01998475,0.01998475,25765,79,0
7756.85058212,7756.85026247,2328.72794066,2328.73811638,0.04888463,1971.50712926,0.01998475,0.01998475,25764,79,0
7757.15179439,7757.15134814,2338.31842422,2338.33264675,0.04079138,1971.62969763,0.01998475,0.01998475,25763,79,0
7757.45278494,7757.45245718,2347.92084979,2347.93130829,0.05172660,1971.75073434,0.01998475,0.01998475,25762,79,0
7757.75330059,7757.75358959,2357.53576603,2357.52653256,0.03972132,1971.87014368,0.01998475,0.01998475,25761,79,0
7758.05476495,7758.05474537,2367.16404395,2367.16467042,0.04807555,1971.98849259,0.01998475,0.01998475,25760,79,0
7758.35594508,7758.35592452,2376.80655827,2376.80721692,0.04527969,1972.10529640,0.01998475,0.01998475,25759,79,0
7758.65737809,7758.65712705,2386.46369593,2386.47175029,0.03715679,1972.22076138,0.01998475,0.01998475,25758,79,0
7758.95836467,7758.95835296,2396.13490201,2396.13527816,0.05164841,1972.33460748,0.01998475,0.01998475,25757,79,0
7759.25992235,7759.25960225,2405.81951056,2405.82980760,0.04884113,1972.44720420,0.01998475,0.01998475,25756,79,0
7759.56158177,7759.56087493,2415.51690120,2415.53966694,0.05244310,1972.55835782,0.01998475,0.01998475,25755,79,0
7759.86366251,7759.86217100,2425.22697884,2425.27507677,0.04384150,1972.66817497,0.01998475,0.01998475,25754,79,0
7760.16324955,7760.16349045,2434.94996187,2434.94218358,0.05015604,1972.77560757,0.01998475,0.01998475,25753,79,0
7760.46465940,7760.46483330,2444.68607480,2444.68045245,0.04823812,1972.88220469,0.01998475,0.01998475,25752,79,0
7760.76650701,7760.76619955,2454.43565287,2454.44560607,0.03983383,1972.98745693,0.01998475,0.01998475,25751,79,0
7761.06804068,7761.06758920,2464.19930761,2464.21394392,0.04911232,1973.09110114,0.01998475,0.01998475,25750,79,0
7761.36888375,7761.36900224,2473.97769789,2473.97385093,0.04646827,1973.19301528,0.01998475,0.01998475,25749,79,0
7761.67027710,7761.67043870,2483.77141180,2483.76615770,0.05025383,1973.29361953,0.01998475,0.01998475,25748,79,0
7761.97202988,7761.97189855,2493.58004754,2493.58432330,0.05136080,1973.39283184,0.01998475,0.01998475,25747,79,0
7762.27345678,7762.27338182,2503.40250201,2503.40494560,0.04842228,1973.49040841,0.01998475,0.01998475,25746,79,0
7762.57492864,7762.57488850,2513.23764898,2513.23895904,0.04069239,1973.58645375,0.01998475,0.01998475,25745,79,0
7762.87647992,7762.87641860,2523.08484111,2523.08684475,0.04776263,1973.68096547,0.01998475,0.01998475,25744,79,0
7763.17788587,7763.17797212,2532.94475708,2532.94193541,0.04580352,1973.77387411,0.01998475,0.01998475,25743,79,0
7763.47946091,7763.47954905,2542.81830606,2542.81541833,0.04441525,1973.86527845,0.01998475,0.01998475,25742,79,0
7763.78103491,7763.78114941,2552.70635033,2552.70259380,0.04643276,1973.95512668,0.01998475,0.01998475,25741,79,0
7764.08319174,7764.08277319,2562.60906396,2562.62281499,0.04617224,1974.04358255,0.01998475,0.01998475,25740,79,0
7764.38412197,7764.38442041,2572.52614250,2572.51632422,0.05047005,1974.13011145,0.01998475,0.01998475,25739,79,0
7764.68641076,7764.68609105,2582.45726974,2582.46780159,0.03890908,1974.21544584,0.01998475,0.01998475,25738,79,0
7764.98789618,7764.98778513,2592.40228064,2592.40594366,0.05063898,1974.29896267,0.01998475,0.01998475,25737,79,0
7765.28934120,7765.28950265,2602.36138189,2602.35604928,0.05246409,1974.38087474,0.01998475,0.01998475,25736,79,0
7765.59135607,7765.59124361,2612.33483733,2612.33855703,0.03696241,1974.46133873,0.01998475,0.01998475,25735,79,0
7765.89332620,7765.89300801,2622.32291495,2622.33345441,0.05415388,1974.54018160,0.01998475,0.01998475,25734,79,0
7766.19514906,7766.19479585,2632.32590397,2632.33761980,0.05174209,1974.61737296,0.01998475,0.01998475,25733,79,0
7766.49677756,7766.49660714,2642.34410672,2642.34976775,0.05494482,1974.69289828,0.01998475,0.01998475,25732,79,0
7766.79872944,7766.79844189,2652.37782610,2652.38739213,0.03667600,1974.76688066,0.01998475,0.01998475,25731,79,0
7767.10052694,7767.10030008,2662.42717813,2662.43473627,0.05136972,1974.83919466,0.01998475,0.01998475,25730,79,0
7767.40242101,7767.40218173,2672.49194168,2672.49992490,0.04996347,1974.90989142,0.01998475,0.01998475,25729,79,0
7767.70392233,7767.70408685,2682.57185856,2682.56636190,0.04711021,1974.97884921,0.01998475,0.01998475,25728,79,0
7768.00596383,7768.00601542,2692.66673098,2692.66500492,0.04993940,1975.04627120,0.01998475,0.01998475,25727,79,0
7768.30779323,7768.30796746,2702.77674075,2702.77090305,0.04175390,1975.11198031,0.01998475,0.01998475,25726,79,0
7768.60962285,7768.60994296,2712.90221441,2712.89147274,0.04586638,1975.17601883,0.01998475,0.01998475,25725,79,0
7768.91137819,7768.91194194,2723.04346702,2723.02452203,0.04721605,1975.23836560,0.01998475,0.01998475,25724,79,0
7769.21384057,7769.21396439,2733.20041068,2733.19624386,0.04630528,1975.29916814,0.01998475,0.01998475,25723,79,0
7769.51604673,7769.51601031,2743.37250711,2743.37373453,0.05310987,1975.35821788,0.01998475,0.01998475,25722,79,0
7769.81786803,7769.81807971,2753.55918987,2753.55204678,0.04644020,1975.41548418,0.01998475,0.01998475,25721,79,0
7770.12048295,7770.12017259,2763.76017351,2763.77066060,0.04539039,1975.47117809,0.01998475,0.01998475,25720,79,0
7770.42221434,7770.42228896,2773.97608079,2773.97355596,0.04141125,1975.52498760,0.01998475,0.01998475,25719,79,0
7770.72440873,7770.72442881,2784.20772079,2784.20704051,0.04706699,1975.57715277,0.01998475,0.01998475,25718,79,0
7771.02706140,7771.02659215,2794.45584916,2794.47177673,0.05143818,1975.62766037,0.01998475,0.01998475,25717,79,0
7771.32845084,7771.32877898,2804.72062262,2804.70946760,0.04596490,1975.67622222,0.01998475,0.01998475,25716,79,0
7771.63084100,7771.63098931,2815.00185135,2814.99680205,0.04553414,1975.72319584,0.01998475,0.01998475,25715,79,0
7771.93302164,7771.93322313,2825.29934083,2825.29247078,0.04956155,1975.76837696,0.01998475,0.01998475,25714,79,0
7772.23567084,7772.23548045,2835.61296076,2835.61946180,0.04581737,1975.81185563,0.01998475,0.01998475,25713,79,0
7772.53788228,7772.53776128,2845.94267488,2845.94681290,0.04086951,1975.85349278,0.01998475,0.01998475,25712,79,0
7772.84013596,7772.84006561,2856.28845387,2856.29086305,0.05185631,1975.89334948,0.01998475,0.01998475,25711,79,0
7773.14246426,7773.14239345,2866.65022603,2866.65265452,0.04477033,1975.93142028,0.01998475,0.01998475,25710,79,0
7773.44445518,7773.44474481,2877.02776459,2877.01781667,0.04252260,1975.96764644,0.01998475,0.01998475,25709,79,0
7773.74699188,7773.74711967,2887.42080512,2887.41640989,0.04617480,1976.00212289,0.01998475,0.01998475,25708,79,0
7774.04952074,7774.04951805,2897.82914660,2897.82923937,0.03965886,1976.03477287,0.01998475,0.01998475,25707,79,0
7774.35217271,7774.35193995,2908.25323630,2908.26126521,0.04860633,1976.06560266,0.01998475,0.01998475,25706,79,0
7774.65446757,7774.65438537,2918.69389540,2918.69673522,0.04297347,1976.09455931,0.01998475,0.01998475,25705,79,0
7774.95712714,7774.95685432,2929.15193984,2929.16138031,0.04185194,1976.12170511,0.01998475,0.01998475,25704,79,0
7775.25946262,7775.25934680,2939.62758365,2939.63159782,0.05053021,1976.14696915,0.01998475,0.01998475,25703,79,0
7775.56156174,7775.56186280,2950.12028364,2950.10983342,0.04442393,1976.17035336,0.01998475,0.01998475,25702,79,0
7775.86458982,7775.86440234,2960.62944424,2960.63596139,0.05123877,1976.19193122,0.01998475,0.01998475,25701,79,0
7776.16753633,7776.16696541,2971.15478660,2971.17466227,0.04556434,1976.21161354,0.01998475,0.01998475,25700,79,0
7776.46905060,7776.46955202,2981.69689249,2981.67940946,0.04766143,1976.22931898,0.01998475,0.01998475,25699,79,0
7776.77180726,7776.77216217,2992.25649216,2992.24409736,0.05493352,1976.24519841,0.01998475,0.01998475,25698,79,0
7777.07448082,7777.07479587,3002.83421377,3002.82319287,0.04193626,1976.25916271,0.01998475,0.01998475,25697,79,0
7777.37746719,7777.37745311,3013.43005079,3013.43054408,0.04645311,1976.27121814,0.01998475,0.01998475,25696,79,0
7777.68056639,7777.68013391,3024.04376324,3024.05894082,0.04215352,1976.28134261,0.01998475,0.01998475,25695,79,0
7777.98244981,7777.98283825,3034.67513452,3034.66148131,0.05004433,1976.28949248,0.01998475,0.01998475,25694,79,0
7778.28562671,7778.28556615,3045.32429843,3045.32643047,0.04735033,1976.29572517,0.01998475,0.01998475,25693,79,0
7778.58835517,7778.58831761,3055.99164253,3055.99296715,0.05078232,1976.29998712,0.01998475,0.01998475,25692,79,0
7778.89062928,7778.89109262,3066.67754836,3066.66118204,0.04073497,1976.30227713,0.01998475,0.01998475,25691,79,0
7779.19334673,7779.19389120,3077.38180943,3077.36254666,0.04815097,1976.30259198,0.01998475,0.01998475,25690,79,0
7779.49644564,7779.49671335,3088.10344658,3088.09396114,0.04403051,1976.30091365,0.01998475,0.01998475,25689,79,0
7779.79931586,7779.79955906,3098.84142180,3098.83279265,0.04753806,1976.29723490,0.01998475,0.01998475,25688,79,0
7780.10210905,7780.10242835,3109.59538550,3109.58403990,0.04793249,1976.29154813,0.01998475,0.01998475,25687,79,0
7780.40547482,7780.40532121,3120.36659689,3120.37206390,0.04778496,1976.28382635,0.01998475,0.01998475,25686,79,0
7780.70863479,7780.70823765,3131.15655441,3131.17071330,0.04879594,1976.27407464,0.01998475,0.01998475,25685,79,0
7781.01091838,7781.01117766,3141.96639642,3141.95713633,0.05408782,1976.26231371,0.01998475,0.01998475,25684,79,0
7781.31414033,7781.31414126,3152.79574688,3152.79571366,0.04122962,1976.24846179,0.01998475,0.01998475,25683,79,0
7781.61689037,7781.61712845,3163.64383779,3163.63530679,0.04522054,1976.23256889,0.01998475,0.01998475,25682,79,0
7781.92035987,7781.92013922,3174.51001919,3174.51793831,0.04743244,1976.21456058,0.01998475,0.01998475,25681,79,0
7782.22341317,7782.22317358,3185.39451464,3185.40312735,0.04740695,1976.19449056,0.01998475,0.01998475,25680,79,0
7782.52635188,7782.52623153,3196.29792504,3196.30225854,0.04798561,1976.17233278,0.01998475,0.01998475,25679,79,0
7782.82954444,7782.82931309,3207.22080681,3207.22915173,0.04439907,1976.14804693,0.01998475,0.01998475,25678,79,0
7783.13257118,7783.13241824,3218.16310125,3218.16862711,0.04578374,1976.12165486,0.01998475,0.01998475,25677,79,0
7783.43587684,7783.43554699,3229.12433979,3229.13627714,0.04653380,1976.09310694,0.01998475,0.01998475,25676,79,0
7783.73872150,7783.73869935,3240.10406791,3240.10487099,0.05260273,1976.06246534,0.01998475,0.01998475,25675,79,0
7784.04178941,7784.04187531,3251.10238733,3251.09926847,0.04925335,1976.02965254,0.01998475,0.01998475,25674,79,0
7784.34518307,7784.34507488,3262.11993800,3262.12387255,0.05425989,1975.99463894,0.01998475,0.01998475,25673,79,0
7784.64820150,7784.64829807,3273.15737996,3273.15386182,0.04790210,1975.95749272,0.01998475,0.01998475,25672,79,0
7784.95201984,7784.95154487,3284.21505483,3284.23238932,0.04789791,1975.91805261,0.01998475,0.01998475,25671,79,0
7785.25481349,7785.25481529,3295.29287611,3295.29281041,0.04317999,1975.87654665,0.01998475,0.01998475,25670,79,0
7785.55793818,7785.55810933,3306.39072666,3306.38445870,0.04718421,1975.83278548,0.01998475,0.01998475,25669,79,0
7785.86116082,7785.86142699,3317.50850500,3317.49874031,0.04709409,1975.78678700,0.01998475,0.01998475,25668,79,0
7786.16502701,7786.16476828,3328.64613875,3328.65564643,0.04742715,1975.73844906,0.01998475,0.01998475,25667,79,0
7786.46790559,7786.46813320,3339.80355859,3339.79518013,0.04652525,1975.68802382,0.01998475,0.01998475,25666,79,0
7786.77207460,7786.77152176,3350.98091987,3351.00130538,0.04775364,1975.63511638,0.01998475,0.01998475,25665,79,0
7787.07517500,7787.07493394,3362.17889075,3362.18779558,0.04526568,1975.58011967,0.01998475,0.01998475,25664,79,0
7787.37867713,7787.37836977,3373.39821648,3373.40959154,0.04401343,1975.52275854,0.01998475,0.01998475,25663,79,0
7787.68171283,7787.68182923,3384.63933239,3384.63501676,0.05120381,1975.46318301,0.01998475,0.01998475,25662,79,0
7787.98563231,7787.98531234,3395.90179114,3395.91367628,0.05055074,1975.40111263,0.01998475,0.01998475,25661,79,0
7788.28858459,7788.28881909,3407.18498666,3407.17626158,0.04551890,1975.33691742,0.01998475,0.01998475,25660,79,0
7788.59208878,7788.59234949,3418.48849566,3418.47877840,0.04365635,1975.27027061,0.01998475,0.01998475,25659,79,0
7788.89622128,7788.89590354,3429.81251352,3429.82437700,0.05107174,1975.20112858,0.01998475,0.01998475,25658,79,0
7789.19987486,7789.19948125,3441.15736553,3441.17208811,0.04432379,1975.12972711,0.01998475,0.01998475,25657,79,0
7789.50363583,7789.50308261,3452.52339564,3452.54412540,0.03871682,1975.05591805,0.01998475,0.01998475,25656,79,0
7789.80683923,7789.80670763,3463.91100775,3463.91594776,0.05210212,1974.97985299,0.01998475,0.01998475,25655,79,0
7790.11037144,7790.11035632,3475.32062304,3475.32119171,0.04476205,1974.90129653,0.01998475,0.01998475,25654,79,0
7790.41379118,7790.41402867,3486.75252566,3486.74357681,0.05235410,1974.82034518,0.01998475,0.01998475,25653,79,0
7790.71778411,7790.71772469,3498.20644652,3498.20868958,0.03961684,1974.73679913,0.01998475,0.01998475,25652,79,0
7791.02153992,7791.02144438,3509.68197659,3509.68558986,0.05478156,1974.65086694,0.01998475,0.01998475,25651,79,0
7791.32504413,7791.32518774,3521.17869987,3521.17325968,0.04554769,1974.56254891,0.01998475,0.01998475,25650,79,0
7791.62892976,7791.62895478,3532.69618751,3532.69523829,0.04162754,1974.47164990,0.01998475,0.01998475,25649,79,0
7791.93270924,7791.93274549,3544.23400349,3544.23262532,0.05183166,1974.37830346,0.01998475,0.01998475,25648,79,0
7792.23644314,7792.23655989,3555.79218504,3555.78773963,0.05222031,1974.28248023,0.01998475,0.01998475,25647,79,0
7792.54030054,7792.54039797,3567.37260010,3567.36888290,0.03853012,1974.18409752,0.01998475,0.01998475,25646,79,0
7792.84719406,7792.84425974,0.00000000,3579.10132610,0.09582017,1974.08203646,0.01998476,0.01998475,25645,79,1
7793.14854646,7793.14814521,3590.60853954,3590.62391331,0.04890422,1973.97945601,0.01998475,0.01998475,25644,79,0
7793.44572404,7793.45205436,0.00000000,3602.03077763,0.24319922,1973.87561634,0.01998473,0.01998475,25643,79,1
7793.75603887,7793.75598721,3613.94053589,3613.94252223,0.04880150,1973.76474863,0.01998475,0.01998475,25642,79,0
7794.05968888,7794.05994375,3625.63774012,3625.62792317,0.04324115,1973.65357271,0.01998475,0.01998475,25641,79,0
7794.36368710,7794.36392400,3637.35775389,3637.34861069,0.05209565,1973.53965787,0.01998475,0.01998475,25640,79,0
7794.66834094,7794.66792795,3649.10375603,3649.11973148,0.04282437,1973.42282985,0.01998475,0.01998475,25639,79,0
7794.97238338,7794.97195561,3660.87742502,3660.89400844,0.04614675,1973.30354067,0.01998475,0.01998475,25638,79,0
7795.27600401,7795.27600698,3672.67658656,3672.67647145,0.05183225,1973.18173521,0.01998475,0.01998475,25637,79,0
7795.58083842,7795.58008206,3684.49845151,3684.52788243,0.04202805,1973.05676072,0.01998475,0.01998475,25636,79,0
7795.88405410,7795.88418085,3696.34175495,3696.33681415,0.05499312,1972.92978332,0.01998475,0.01998475,25635,79,0
7796.18819295,7796.18830336,3708.20833514,3708.20402251,0.04942306,1972.79971402,0.01998475,0.01998475,25634,79,0
7796.49281357,7796.49244960,3720.10039931,3720.11464608,0.04556451,1972.66668327,0.01998475,0.01998475,25633,79,0
7796.79682401,7796.79661955,3732.01876124,3732.02678092,0.04527569,1972.53114433,0.01998475,0.01998475,25632,79,0
7797.10039646,7797.10081324,3743.96207056,3743.94569134,0.04758208,1972.39303402,0.01998475,0.01998475,25631,79,0
7797.40580954,7797.40503065,3755.92881308,3755.95947984,0.04771406,1972.25129872,0.01998475,0.01998475,25630,79,0
7797.70893223,7797.70927179,3767.91851655,3767.90512269,0.04373760,1972.10785262,0.01998475,0.01998475,25629,79,0
7798.01344473,7798.01353667,3779.93189842,3779.92826516,0.04659105,1971.96094307,0.01998475,0.01998475,25628,79,0
7798.31804468,7798.31782528,3791.96973050,3791.97841865,0.04980450,1971.81115318,0.01998475,0.01998475,25627,79,0
7798.62229400,7798.62213763,3804.03251029,3804.03871480,0.04746711,1971.65868008,0.01998475,0.01998475,25626,79,0
7798.92641737,7798.92647373,3816.12051548,3816.11827461,0.04948265,1971.50339835,0.01998475,0.01998475,25625,79,0
7799.23075619,7799.23083357,3828.23399781,3828.23091514,0.04779919,1971.34511291,0.01998475,0.01998475,25624,79,0
7799.53534673,7799.53521716,3840.37300430,3840.37817691,0.03599750,1971.18378120,0.01998475,0.01998475,25623,79,0
7799.83973529,7799.83962450,3852.53747179,3852.54190349,0.05090277,1971.01962722,0.01998475,0.01998475,25622,79,0
7800.14406439,7800.14405560,3864.72754494,3864.72789749,0.04916674,1970.85255940,0.01998475,0.01998475,25621,79,0
7800.44868797,7800.44851045,3876.94448652,3876.95161807,0.04639518,1970.68234569,0.01998475,0.01998475,25620,79,0
7800.75328311,7800.75298906,3889.18994444,3889.20178440,0.03833880,1970.50912162,0.01998475,0.01998475,25619,79,0
7801.05780222,7801.05749143,3901.46475348,3901.47729577,0.02830235,1970.33288516,0.01998475,0.01998475,25618,79,0
7801.36228460,7801.36201757,3913.76720859,3913.77800751,0.04369579,1970.15362115,0.01998475,0.01998475,25617,79,0
7801.66680182,7801.66656747,3926.09511943,3926.10461480,0.04635892,1969.97130198,0.01998475,0.01998475,25616,79,0
7801.97113478,7801.97114115,3938.44816233,3938.44790372,0.04257670,1969.78604919,0.01998475,0.01998475,25615,79,0
7802.27565019,7802.27573860,3950.82929209,3950.82569421,0.04849752,1969.59757774,0.01998475,0.01998475,25614,79,0
7802.58046589,7802.58035982,3963.24165547,3963.24598304,0.05153418,1969.40573974,0.01998475,0.01998475,25613,79,0
7802.88497849,7802.88500482,3975.68465619,3975.68357946,0.03981215,1969.21090373,0.01998475,0.01998475,25612,79,0
7803.18947281,7803.18967361,3988.15401184,3988.14578631,0.04213112,1969.01294058,0.01998475,0.01998475,25611,79,0
7803.49427634,7803.49436618,4000.64591623,4000.64222958,0.04680093,1968.81167704,0.01998475,0.01998475,25610,79,0
7803.79885035,7803.79908254,4013.16253457,4013.15298706,0.04909332,1968.60741696,0.01998475,0.01998475,25609,79,0
7804.10350430,7804.10382268,4025.70918730,4025.69606201,0.04637603,1968.39985000,0.01998475,0.01998475,25608,79,0
7804.40828582,7804.40858662,4038.28974183,4038.27730906,0.05069859,1968.18885486,0.01998475,0.01998475,25607,79,0
7804.71353165,7804.71337436,4050.90191770,4050.90843383,0.04096880,1967.97420486,0.01998475,0.01998475,25606,79,0
7805.01851028,7805.01818589,4063.54187280,4063.55533788,0.04766691,1967.75645648,0.01998475,0.01998475,25605,79,0
7805.32320673,7805.32302122,4076.20758266,4076.21529823,0.04372544,1967.53564595,0.01998475,0.01998475,25604,79,0
nan,nan,0.00000000,-1.00000000,0.00000000,1967.30977779,nan,0.00000000,-2147483648,79,1
nan,nan,0.00000000,-1.00000000,0.00000000,1967.13180369,nan,0.00000000,-2147483648,78,1
7771.32818272,7771.32877898,8.89909435,8.88466924,0.05696602,1967.49769046,0.01998475,0.01998475,25716,78,0
7771.63140958,7771.63098931,16.21302563,16.22320050,0.04940441,1967.88678595,0.01998475,0.01998475,25715,78,0
7771.93319521,7771.93322313,23.53284707,23.53217053,0.04768740,1968.27337898,0.01998475,0.01998475,25714,78,0
7772.23537335,7772.23548045,30.85865576,30.85605896,0.05397902,1968.65982516,0.01998475,0.01998475,25713,78,0
7772.53897022,7772.53776128,38.19054394,38.21987803,0.05039806,1969.04743387,0.01998475,0.01998475,25712,78,0
7772.83961210,7772.84006561,45.52844574,45.51743343,0.03801738,1969.43062060,0.01998475,0.01998475,25711,78,0
7773.14324721,7773.14239345,52.87211296,52.89285806,0.05520416,1969.81695151,0.01998475,0.01998475,25710,78,0
7773.44469483,7773.44474481,60.22128623,60.22007109,0.03439570,1970.19981684,0.01998475,0.01998475,25709,78,0
7773.74690041,7773.74711967,67.57570494,67.57037048,0.03827669,1970.58294707,0.01998475,0.01998475,25708,78,0
7774.04972634,7774.04951805,74.93514911,74.94021979,0.05472269,1970.96614982,0.01998475,0.01998475,25707,78,0
7774.35296325,7774.35193995,82.29974654,82.32467396,0.03811434,1971.34916153,0.01998475,0.01998475,25706,78,0
7774.65400487,7774.65438537,89.66979886,89.66052338,0.05148196,1971.72871038,0.01998475,0.01998475,25705,78,0
7774.95680327,7774.95685432,97.04561037,97.04436510,0.04612261,1972.10979446,0.01998475,0.01998475,25704,78,0
7775.25942757,7775.25934680,104.42748675,104.42945869,0.03684300,1972.48999214,0.01998475,0.01998475,25703,78,0
7775.56079776,7775.56186280,111.81565256,111.78963172,0.04831702,1972.86796073,0.01998475,0.01998475,25702,78,0
7775.86503047,7775.86440234,119.21008546,119.22544370,0.04206655,1973.24885462,0.01998475,0.01998475,25701,78,0
7776.16696787,7776.16696541,126.61071663,126.61077673,0.04299495,1973.62620880,0.01998475,0.01998475,25700,78,0
7776.46901967,7776.46955202,134.01747690,134.00444112,0.05629395,1974.00303649,0.01998475,0.01998475,25699,78,0
7776.77210357,7776.77216217,141.43029615,141.42886007,0.03351927,1974.38047311,0.01998475,0.01998475,25698,78,0
7777.07433454,7777.07479587,148.84908526,148.83777220,0.04942098,1974.75616405,0.01998475,0.01998475,25697,78,0
7777.37769944,7777.37745311,156.27373324,156.27977801,0.04093748,1975.13257048,0.01998475,0.01998475,25696,78,0
7777.67977134,7777.68013391,163.70412739,163.69522380,0.04118384,1975.50667407,0.01998475,0.01998475,25695,78,0
7777.98266589,7777.98283825,171.14015444,171.13591889,0.05466876,1975.88108898,0.01998475,0.01998475,25694,78,0
7778.28606907,7778.28556615,178.58173673,178.59410369,0.03915681,1976.25541657,0.01998475,0.01998475,25693,78,0
7778.58742463,7778.58831761,186.02905140,186.00707752,0.05740738,1976.62651542,0.01998475,0.01998475,25692,78,0
7778.89054505,7778.89109262,193.48238621,193.46890167,0.04775567,1976.99909375,0.01998475,0.01998475,25691,78,0
7779.19302941,7779.19389120,200.94203073,200.92079148,0.05698471,1977.37020895,0.01998475,0.01998475,25690,78,0
7779.49766462,7779.49671335,208.40827517,208.43173913,0.03796989,1977.74328748,0.01998475,0.01998475,25689,78,0
7779.79916244,7779.79955906,215.88124481,215.87145388,0.05640886,1978.11186015,0.01998475,0.01998475,25688,78,0
7780.10220451,7780.10242835,223.36069404,223.35516426,0.04014631,1978.48164100,0.01998475,0.01998475,25687,78,0
7780.40488766,7780.40532121,230.84632571,230.83560731,0.05410505,1978.85028688,0.01998475,0.01998475,25686,78,0
7780.70886508,7780.70823765,238.33784116,238.35336374,0.03684037,1979.21979118,0.01998475,0.01998475,25685,78,0
7781.01098424,7781.01117766,245.83495971,245.83017122,0.05202863,1979.58630806,0.01998475,0.01998475,25684,78,0
7781.31432252,7781.31414126,253.33768777,253.34217808,0.03963863,1979.95357164,0.01998475,0.01998475,25683,78,0
7781.61735763,7781.61712845,260.84625286,260.85193460,0.04895098,1980.31974468,0.01998475,0.01998475,25682,78,0
7781.92141484,7781.92013922,268.36088922,268.39253656,0.03794073,1980.68643546,0.01998475,0.01998475,25681,78,0
7782.22315399,7782.22317358,275.88183224,275.88134594,0.05453967,1981.04962964,0.01998475,0.01998475,25680,78,0
7782.52587800,7782.52623153,283.40927343,283.40048868,0.02802411,1981.41331452,0.01998475,0.01998475,25679,78,0
7782.82924018,7782.82931309,290.94323637,290.94142336,0.04999122,1981.77706690,0.01998475,0.01998475,25678,78,0
7783.13242006,7783.13241824,298.48370510,298.48375051,0.03668214,1982.13989836,0.01998475,0.01998475,25677,78,0
7783.43509660,7783.43554699,306.03066358,306.01944583,0.05630550,1982.50142406,0.01998475,0.01998475,25676,78,0
7783.73769617,7783.73869935,313.58409642,313.55909135,0.03960761,1982.86215233,0.01998475,0.01998475,25675,78,0
7784.04182752,7784.04187531,321.14400909,321.14281702,0.05028043,1983.22399385,0.01998475,0.01998475,25674,78,0
7784.34512550,7784.34507488,328.71043042,328.71169422,0.04910785,1983.58413135,0.01998475,0.01998475,25673,78,0
7784.64886694,7784.64829807,336.28339061,336.29760384,0.03815436,1983.94408147,0.01998475,0.01998475,25672,78,0
7784.95168772,7784.95154487,343.86292001,343.86649196,0.05773734,1984.30222849,0.01998475,0.01998475,25671,78,0
7785.25513889,7785.25481529,351.44902959,351.45712733,0.03454591,1984.66040610,0.01998475,0.01998475,25670,78,0
7785.55801545,7785.55810933,359.04162882,359.03927781,0.05146714,1985.01718526,0.01998475,0.01998475,25669,78,0
7785.86089831,7785.86142699,366.64059368,366.62734360,0.03757858,1985.37324422,0.01998475,0.01998475,25668,78,0
7786.16509931,7786.16476828,374.24579951,374.25410181,0.04374502,1985.73011231,0.01998475,0.01998475,25667,78,0
7786.46819261,7786.46813320,381.85712361,381.85861464,0.05235131,1986.08493504,0.01998475,0.01998475,25666,78,0
7786.77202878,7786.77152176,389.47455495,389.48728989,0.03528886,1986.43987753,0.01998475,0.01998475,25665,78,0
7787.07557549,7787.07493394,397.09823482,397.11436085,0.05122051,1986.79373658,0.01998475,0.01998475,25664,78,0
7787.37772717,7787.37836977,404.72831607,404.71215137,0.04854163,1987.14523443,0.01998475,0.01998475,25663,78,0
7787.68233037,7787.68182923,412.36495231,412.37756860,0.03485020,1987.49884681,0.01998475,0.01998475,25662,78,0
7787.98559617,7787.98531234,420.00827814,420.01542934,0.05449860,1987.85017504,0.01998475,0.01998475,25661,78,0
7788.28806695,7788.28881909,427.65831204,427.63934658,0.05027438,1988.19985366,0.01998475,0.01998475,25660,78,0
7788.59273767,7788.59234949,435.31502997,435.32482580,0.04197918,1988.55133648,0.01998475,0.01998475,25659,78,0
7788.89601447,7788.89590354,442.97840770,442.98120916,0.05401558,1988.90047108,0.01998475,0.01998475,25658,78,0
7789.20012051,7789.19948125,450.64842111,450.66457856,0.04392277,1989.24981539,0.01998475,0.01998475,25657,78,0
7789.50383790,7789.50308261,458.32505854,458.34416366,0.03585904,1989.59796585,0.01998475,0.01998475,25656,78,0
7789.80667916,7789.80670763,466.00832557,466.00760479,0.05399290,1989.94436625,0.01998475,0.01998475,25655,78,0
7790.10957884,7790.11035632,473.69822907,473.67853157,0.05416081,1990.29008655,0.01998475,0.01998475,25654,78,0
7790.41457102,7790.41402867,481.39477591,481.40852710,0.03492878,1990.63743839,0.01998475,0.01998475,25653,78,0
7790.71778833,7790.71772469,489.09795089,489.09956591,0.05079100,1990.98201305,0.01998475,0.01998475,25652,78,0
7791.02161695,7791.02144438,496.80761948,496.81200178,0.04831069,1991.32651814,0.01998475,0.01998475,25651,78,0
7791.32520599,7791.32518774,504.52360646,504.52407030,0.03597554,1991.66997741,0.01998475,0.01998475,25650,78,0
7791.62944261,7791.62895478,512.24573561,512.25814131,0.04783292,1992.01338290,0.01998475,0.01998475,25649,78,0
7791.93273469,7791.93274549,519.97383986,519.97356506,0.05115426,1992.35492915,0.01998475,0.01998475,25648,78,0
7792.23633205,7792.23655989,527.70806112,527.70225865,0.04902959,1992.69603028,0.01998475,0.01998475,25647,78,0
7792.54093795,7792.54039797,535.44890324,535.46266578,0.03707169,1993.03749138,0.01998475,0.01998475,25646,78,0
7792.84485697,7792.84425974,543.19689308,543.21212825,0.04766397,1993.37743144,0.01998475,0.01998475,25645,78,0
7793.14823879,7793.14814521,550.95256025,550.95494995,0.04958462,1993.71604291,0.01998475,0.01998475,25644,78,0
7793.45194110,7793.45205436,558.71624439,558.71334982,0.05255663,1994.05429581,0.01998475,0.01998475,25643,78,0
7793.75577360,7793.75598721,566.48751346,566.48204954,0.03101040,1994.39195495,0.01998475,0.01998475,25642,78,0
7794.05982706,7794.05994375,574.26573913,574.26275172,0.05120572,1994.72908994,0.01998475,0.01998475,25641,78,0
7794.36384202,7794.36392400,582.05028976,582.04818964,0.05210110,1995.06538269,0.01998475,0.01998475,25640,78,0
7794.66753451,7794.66792795,589.84056998,589.83048447,0.04821829,1995.40049268,0.01998475,0.01998475,25639,78,0
7794.97201089,7794.97195561,597.63664087,597.63805888,0.04781252,1995.73563944,0.01998475,0.01998475,25638,78,0
7795.27593014,7795.27600698,605.43910770,605.43713503,0.03707162,1996.06936978,0.01998475,0.01998475,25637,78,0
7795.58041671,7795.58008206,613.24859521,613.25719378,0.04380984,1996.40294281,0.01998475,0.01998475,25636,78,0
7795.88439247,7795.88418085,621.06573056,621.07117308,0.04848962,1996.73520128,0.01998475,0.01998475,25635,78,0
7796.18843622,7796.18830336,628.89083774,628.89425763,0.05044156,1997.06679037,0.01998475,0.01998475,25634,78,0
7796.49226148,7796.49244960,636.72348975,636.71864310,0.04780187,1997.39737729,0.01998475,0.01998475,25633,78,0
7796.79659444,7796.79661955,644.56314385,644.56249623,0.05109867,1997.72772553,0.01998475,0.01998475,25632,78,0
7797.10085473,7797.10081324,652.40925432,652.41032498,0.03395119,1998.05717799,0.01998475,0.01998475,25631,78,0
7797.40586012,7797.40503065,660.26136391,660.28278075,0.05409010,1998.38659591,0.01998475,0.01998475,25630,78,0
7797.70871320,7797.70927179,668.11974431,668.10531067,0.05323305,1998.71286496,0.01998475,0.01998475,25629,78,0
7798.01350244,7798.01353667,675.98501977,675.98413468,0.05497387,1999.04041426,0.01998475,0.01998475,25628,78,0
7798.31827726,7798.31782528,683.85782011,683.86951946,0.04779997,1999.36716357,0.01998475,0.01998475,25627,78,0
7798.62200773,7798.62213763,691.73876513,691.73539937,0.04560679,1999.69203556,0.01998475,0.01998475,25626,78,0
7798.92662807,7798.92647373,699.62796277,699.63196561,0.04875813,2000.01710102,0.01998475,0.01998475,25625,78,0
7799.23055893,7799.23083357,707.52485593,707.51772721,0.04996749,2000.34064804,0.01998475,0.01998475,25624,78,0
7799.53562130,7799.53521716,715.42884035,715.43933870,0.05142126,2000.66458581,0.01998475,0.01998475,25623,78,0
7799.83986811,7799.83962450,723.33930847,723.34564122,0.03381828,2000.98681822,0.01998475,0.01998475,25622,78,0
7800.14389509,7800.14405560,731.25586469,731.25168923,0.04894626,2001.30796213,0.01998475,0.01998475,25621,78,0
7800.44864548,7800.44851045,739.17886160,739.18237700,0.04704366,2001.62902388,0.01998475,0.01998475,25620,78,0
7800.75273678,7800.75298906,747.10881703,747.10224390,0.04619866,2001.94856518,0.01998475,0.01998475,25619,78,0
7801.05773813,7801.05749143,755.04625166,755.05268519,0.04495193,2002.26825227,0.01998475,0.01998475,25618,78,0
7801.36194814,7801.36201757,762.99164371,762.98983139,0.04232424,2002.58631772,0.01998475,0.01998475,25617,78,0
7801.66623979,7801.66656747,770.94501811,770.93645679,0.04794204,2002.90367508,0.01998475,0.01998475,25616,78,0
7801.97089955,7801.97114115,778.90613618,778.89981847,0.04170365,2003.22060888,0.01998475,0.01998475,25615,78,0
7802.27593861,7802.27573860,786.87475468,786.87998940,0.04614157,2003.53711524,0.01998475,0.01998475,25614,78,0
7802.58044705,7802.58035982,794.85063257,794.85291752,0.04319411,2003.85223836,0.01998475,0.01998475,25613,78,0
7802.88506700,7802.88500482,802.83367888,802.83530882,0.04746791,2004.16663818,0.01998475,0.01998475,25612,78,0
7803.18959980,7803.18967361,810.82400635,810.82206980,0.04759375,2004.48011136,0.01998475,0.01998475,25611,78,0
7803.49437314,7803.49436618,818.82174277,818.82192552,0.04374946,2004.79299685,0.01998475,0.01998475,25610,78,0
7803.79852531,7803.79908254,826.82701657,826.81237112,0.04401986,2005.10441380,0.01998475,0.01998475,25609,78,0
7804.10324005,7804.10382268,834.83992619,834.82459970,0.04781996,2005.41557549,0.01998475,0.01998475,25608,78,0
7804.40863129,7804.40858662,842.86047407,842.86165021,0.05004675,2005.72659038,0.01998475,0.01998475,25607,78,0
7804.71379200,7804.71337436,850.88864379,850.89964943,0.04352599,2006.03652941,0.01998475,0.01998475,25606,78,0
7805.01823234,7805.01818589,858.92441884,858.92564401,0.04430575,2006.34489552,0.01998475,0.01998475,25605,78,0
7805.32339326,7805.32302122,866.96780887,866.97762969,0.04946445,2006.65314575,0.01998475,0.01998475,25604,78,0
7805.62779795,7805.62788036,875.01902151,875.01684411,0.04812681,2006.95979352,0.01998475,0.01998475,25603,78,0
7805.93316092,7805.93276330,883.07835566,883.08887127,0.04818861,2007.26657356,0.01998475,0.01998475,25602,78,0
7806.23794653,7806.23767006,891.14611233,891.15343142,0.04436396,2007.57194984,0.01998475,0.01998475,25601,78,0
7806.54302231,7806.54260062,899.22257180,899.23374615,0.04785317,2007.87680006,0.01998475,0.01998475,25600,78,0
7806.84794178,7806.84755501,907.30755612,907.31781497,0.04737971,2008.18066752,0.01998475,0.01998475,25599,78,0
7807.15249301,7807.15253320,915.40045513,915.39938821,0.04886852,2008.48331714,0.01998475,0.01998475,25598,78,0
7807.45762954,7807.45753522,923.50063858,923.50314442,0.04884761,2008.78566911,0.01998475,0.01998475,25597,78,0
7807.76229659,7807.76256107,931.60747693,931.60044531,0.04871317,2009.08665177,0.01998475,0.01998475,25596,78,0
7808.06716991,7808.06761074,939.72076846,939.70903952,0.04695652,2009.38692392,0.01998475,0.01998475,25595,78,0
7808.37236097,7808.37268423,947.84109863,947.83249060,0.04281833,2009.68661218,0.01998475,0.01998475,25594,78,0
7808.67796799,7808.67778156,955.96914027,955.97410918,0.04883989,2009.98583184,0.01998475,0.01998475,25593,78,0
7808.98285145,7808.98290273,964.10557009,964.10420193,0.04794057,2010.28349034,0.01998475,0.01998475,25592,78,0
7809.28848114,7809.28804773,972.25084527,972.26242003,0.04145721,2010.58103601,0.01998475,0.01998475,25591,78,0
7809.59325616,7809.59321657,980.40462598,980.40568416,0.05059599,2010.87689498,0.01998475,0.01998475,25590,78,0
7809.89858947,7809.89840925,988.56639150,988.57121299,0.04830654,2011.17241805,0.01998475,0.01998475,25589,78,0
7810.20365828,7810.20362578,996.73561808,996.73648818,0.04488470,2011.46678571,0.01998475,0.01998475,25588,78,0
7810.50863665,7810.50886616,1004.91186420,1004.90571391,0.04482547,2011.76014885,0.01998475,0.01998475,25587,78,0
7810.81448854,7810.81413039,1013.09527901,1013.10488417,0.05011566,2012.05343388,0.01998475,0.01998475,25586,78,0
7811.11934513,7811.11941848,1021.28626454,1021.28429587,0.05125125,2012.34486087,0.01998475,0.01998475,25585,78,0
7811.42518506,7811.42473042,1029.48522605,1029.49744086,0.04458974,2012.63633285,0.01998475,0.01998475,25584,78,0
7811.72991844,7811.73006622,1037.69254589,1037.68857181,0.04231500,2012.92586905,0.01998475,0.01998475,25583,78,0
7812.03540374,7812.03542588,1045.90825686,1045.90766093,0.04494123,2013.21523469,0.01998475,0.01998475,25582,78,0
7812.34059003,7812.34080941,1054.13213388,1054.12622335,0.04905175,2013.50342123,0.01998475,0.01998475,25581,78,0
7812.64687764,7812.64621680,1062.36394459,1062.38176426,0.05107291,2013.79173616,0.01998475,0.01998475,25580,78,0
7812.95157286,7812.95164807,1070.60345990,1070.60143006,0.04785245,2014.07763500,0.01998475,0.01998475,25579,78,0
7813.25694013,7813.25710321,1078.85059852,1078.84619363,0.04409919,2014.36324093,0.01998475,0.01998475,25578,78,0
7813.56289471,7813.56258223,1087.10545544,1087.11390329,0.04043961,2014.64846929,0.01998475,0.01998475,25577,78,0
7813.86810766,7813.86808512,1095.36813647,1095.36874623,0.04911211,2014.93208252,0.01998475,0.01998475,25576,78,0
7814.17361623,7814.17361190,1103.63874897,1103.63886603,0.04253584,2015.21504714,0.01998475,0.01998475,25575,78,0
7814.47886730,7814.47916257,1111.91749795,1111.90949409,0.03909612,2015.49685456,0.01998475,0.01998475,25574,78,0
7814.78496758,7814.78473712,1120.20476870,1120.21102212,0.05037983,2015.77853373,0.01998475,0.01998475,25573,78,0
7815.09068272,7815.09033556,1128.50096807,1128.51039757,0.04553646,2016.05895709,0.01998475,0.01998475,25572,78,0
7815.39545086,7815.39595789,1136.80650507,1136.79271863,0.04046474,2016.33762531,0.01998475,0.01998475,25571,78,0
7815.70131962,7815.70160412,1145.12154589,1145.11380220,0.03910716,2016.61641188,0.01998475,0.01998475,25570,78,0
7816.00742005,7816.00727425,1153.44556994,1153.44954221,0.04701323,2016.89449781,0.01998475,0.01998475,25569,78,0
7816.31290188,7816.31296828,1161.77793376,1161.77612298,0.04496183,2017.17108749,0.01998475,0.01998475,25568,78,0
7816.61822781,7816.61868622,1170.11798996,1170.10547960,0.04199676,2017.44657884,0.01998475,0.01998475,25567,78,0
7816.92456786,7816.92442806,1178.46530470,1178.46912308,0.04518425,2017.72200620,0.01998475,0.01998475,25566,78,0
7817.23058437,7817.23019381,1186.82034314,1186.83101981,0.04458591,2017.99617603,0.01998475,0.01998475,25565,78,0
7817.53601474,7817.53598348,1195.18380685,1195.18466219,0.05400935,2018.26887719,0.01998475,0.01998475,25564,78,0
7817.84185114,7817.84179706,1203.55640165,1203.55788304,0.04863198,2018.54101591,0.01998475,0.01998475,25563,78,0
7818.14718606,7818.14763456,1211.93870771,1211.92640868,0.03928826,2018.81180016,0.01998475,0.01998475,25562,78,0
7818.45363053,7818.45349598,1220.33054676,1220.33424015,0.04949648,2019.08264631,0.01998475,0.01998475,25561,78,0
7818.75892251,7818.75938132,1228.73146250,1228.71885544,0.03878335,2019.35153692,0.01998475,0.01998475,25560,78,0
7819.06508107,7819.06529060,1237.14099542,1237.13523300,0.04528106,2019.62023334,0.01998475,0.01998475,25559,78,0
7819.37126365,7819.37122380,1245.55874014,1245.55983707,0.04836348,2019.88797562,0.01998475,0.01998475,25558,78,0
7819.67710714,7819.67718093,1253.98474344,1253.98271029,0.04330354,2020.15444597,0.01998475,0.01998475,25557,78,0
7819.98293592,7819.98316200,1262.41926997,1262.41303503,0.04706816,2020.41993374,0.01998475,0.01998475,25556,78,0
7820.28900515,7820.28916701,1270.86258736,1270.85811923,0.04233853,2020.68466432,0.01998475,0.01998475,25555,78,0
7820.59495226,7820.59519595,1279.31494502,1279.30821087,0.05028709,2020.94832780,0.01998475,0.01998475,25554,78,0
7820.90103408,7820.90124885,1287.77638625,1287.77044562,0.04293738,2021.21114317,0.01998475,0.01998475,25553,78,0
7821.20730737,7821.20732568,1296.24683099,1296.24632382,0.05031087,2021.47315149,0.01998475,0.01998475,25552,78,0
7821.51313589,7821.51342647,1304.72619698,1304.71814368,0.04131369,2021.73380355,0.01998475,0.01998475,25551,78,0
7821.81945440,7821.81955121,1313.21440031,1313.21171452,0.05288294,2021.99388964,0.01998475,0.01998475,25550,78,0
7822.12582133,7822.12569991,1321.71134187,1321.71471346,0.04355053,2022.25302568,0.01998475,0.01998475,25549,78,0
7822.43171469,7822.43187256,1330.21691155,1330.21252385,0.05024590,2022.51076535,0.01998475,0.01998475,25548,78,0
7822.73769028,7822.73806917,1338.73099833,1338.72045795,0.04297172,2022.76757207,0.01998475,0.01998475,25547,78,0
7823.04443853,7823.04428975,1347.25350809,1347.25765092,0.05057733,2023.02401488,0.01998475,0.01998475,25546,78,0
7823.35033350,7823.35053429,1355.78462244,1355.77902627,0.03730611,2023.27873687,0.01998475,0.01998475,25545,78,0
7823.65684887,7823.65680280,1364.32474350,1364.32602883,0.04639513,2023.53297484,0.01998475,0.01998475,25544,78,0
7823.96289934,7823.96309528,1372.87428194,1372.86880972,0.04161747,2023.78583628,0.01998475,0.01998475,25543,78,0
7824.26911840,7824.26941174,1381.43362904,1381.42542771,0.04768239,2024.03785366,0.01998475,0.01998475,25542,78,0
7824.57562044,7824.57575218,1390.00279171,1389.99910472,0.03866656,2024.28911515,0.01998475,0.01998475,25541,78,0
7824.88176710,7824.88211659,1398.58144623,1398.57165506,0.04622506,2024.53908436,0.01998475,0.01998475,25540,78,0
7825.18876298,7825.18850499,1407.16925614,1407.17649093,0.04874257,2024.78872875,0.01998475,0.01998475,25539,78,0
7825.49459031,7825.49491738,1415.76589341,1415.75671315,0.03886398,2025.03639592,0.01998475,0.01998475,25538,78,0
7825.80125638,7825.80135375,1424.37122392,1424.36848836,0.04606126,2025.28370565,0.01998475,0.01998475,25537,78,0
7826.10719167,7826.10781411,1432.98528510,1432.96778097,0.03946766,2025.52938919,0.01998475,0.01998475,25536,78,0
7826.41446479,7826.41429847,1441.60812045,1441.61280205,0.04937242,2025.77510233,0.01998475,0.01998475,25535,78,0
7826.72099195,7826.72080683,1450.23979168,1450.24500735,0.04759172,2026.01917387,0.01998475,0.01998475,25534,78,0
7827.02743203,7827.02733918,1458.88068305,1458.88330167,0.04495568,2026.26213988,0.01998475,0.01998475,25533,78,0
7827.33369736,7827.33389554,1467.53146009,1467.52586428,0.04644161,2026.50394692,0.01998475,0.01998475,25532,78,0
7827.64026990,7827.64047591,1476.19280183,1476.18697848,0.05110726,2026.74498958,0.01998475,0.01998475,25531,78,0
7827.94680740,7827.94708028,1484.86533514,1484.85761192,0.03681372,2026.98501032,0.01998475,0.01998475,25530,78,0
7828.25357027,7828.25370866,1493.54877056,1493.54484907,0.04646150,2027.22419947,0.01998475,0.01998475,25529,78,0
7828.56010315,7828.56036106,1502.24206783,1502.23475266,0.04726823,2027.46216905,0.01998475,0.01998475,25528,78,0
7828.86694661,7828.86703748,1510.94415805,1510.94157850,0.04024977,2027.69930513,0.01998475,0.01998475,25527,78,0
7829.17324546,7829.17373791,1519.65404656,1519.64005604,0.04774315,2027.93491758,0.01998475,0.01998475,25526,78,0
7829.48024417,7829.48046237,1528.37185846,1528.36565402,0.04270540,2028.16996299,0.01998475,0.01998475,25525,78,0
7829.78680821,7829.78721085,1537.09854292,1537.08708243,0.05091663,2028.40359339,0.01998475,0.01998475,25524,78,0
7830.09389412,7830.09398336,1545.83507412,1545.83253108,0.04103226,2028.63655952,0.01998475,0.01998475,25523,78,0
7830.40062139,7830.40077990,1554.58235437,1554.57783218,0.04407547,2028.86821230,0.01998475,0.01998475,25522,78,0
7830.70965087,7830.70760048,1563.34041656,1563.39897688,0.04948151,2029.10054761,0.01998475,0.01998475,25521,78,0
7831.01229794,7831.01444509,1572.10874537,1572.04735682,0.07793522,2029.32703931,0.01998474,0.01998475,25520,78,0
7831.32121564,7831.32131374,1580.88681358,1580.88400597,0.03831061,2029.55713903,0.01998475,0.01998475,25519,78,0
7831.62835966,7831.62820643,1589.67415564,1589.67854502,0.04868052,2029.78481503,0.01998475,0.01998475,25518,78,0
7831.93460472,7831.93512317,1598.47086534,1598.45599815,0.04644811,2030.01072857,0.01998475,0.01998475,25517,78,0
7832.24213916,7832.24206396,1607.27732442,1607.27948306,0.04726780,2030.23649768,0.01998475,0.01998475,25516,78,0
7832.54959141,7832.54902880,1616.09391948,1616.11008771,0.05102532,2030.46111470,0.01998475,0.01998475,25515,78,0
7832.85599886,7832.85601769,1624.92097734,1624.92043554,0.03886806,2030.68388630,0.01998475,0.01998475,25514,78,0
7833.16251493,7833.16303064,1633.75842785,1633.74357508,0.05379597,2030.90564985,0.01998475,0.01998475,25513,78,0
7833.46950769,7833.47006764,1642.60604300,1642.58989883,0.04514797,2031.12665844,0.01998475,0.01998475,25512,78,0
7833.77703130,7833.77712871,1651.46359277,1651.46078142,0.04258511,2031.34693560,0.01998475,0.01998475,25511,78,0
7834.08407237,7834.08421384,1660.33092779,1660.32684066,0.05163392,2031.56574727,0.01998475,0.01998475,25510,78,0
7834.39158968,7834.39132304,1669.20827424,1669.21598581,0.04501118,2031.78377812,0.01998475,0.01998475,25509,78,0
7834.69855819,7834.69845632,1678.09596754,1678.09891729,0.05027182,2032.00030568,0.01998475,0.01998475,25508,78,0
7835.00538714,7835.00561366,1686.99434531,1686.98777917,0.03647475,2032.21562606,0.01998475,0.01998475,25507,78,0
7835.31242548,7835.31279508,1695.90360242,1695.89287683,0.05480271,2032.42998387,0.01998475,0.01998475,25506,78,0
7835.61988529,7835.62000058,1704.82348043,1704.82013116,0.05134161,2032.64351288,0.01998475,0.01998475,25505,78,0
7835.92708442,7835.92723016,1713.75363029,1713.74939171,0.05006627,2032.85572561,0.01998475,0.01998475,25504,78,0
7836.23423130,7836.23448383,1722.69370181,1722.68635029,0.04269631,2033.06675514,0.01998475,0.01998475,25503,78,0
7836.54149232,7836.54176158,1731.64355258,1731.63570590,0.04321650,2033.27670782,0.01998475,0.01998475,25502,78,0
7836.84883051,7836.84906343,1740.60347553,1740.59668092,0.04642659,2033.48555994,0.01998475,0.01998475,25501,78,0
7837.15593594,7837.15638936,1749.57381987,1749.56057787,0.04817178,2033.69310544,0.01998475,0.01998475,25500,78,0
7837.46354733,7837.46373940,1758.55493289,1758.54931714,0.04136330,2033.89984551,0.01998475,0.01998475,25499,78,0
7837.77090393,7837.77111353,1767.54698387,1767.54084861,0.04432212,2034.10526662,0.01998475,0.01998475,25498,78,0
7838.07840258,7838.07851176,1776.54990079,1776.54670139,0.04343079,2034.30962825,0.01998475,0.01998475,25497,78,0
7838.38603975,7838.38593410,1785.56359410,1785.56669356,0.04587478,2034.51291971,0.01998475,0.01998475,25496,78,0
7838.69359433,7838.69338055,1794.58797405,1794.59425271,0.04641999,2034.71498785,0.01998475,0.01998475,25495,78,0
7839.00052374,7839.00085110,1803.62295938,1803.61333474,0.04295237,2034.91547379,0.01998475,0.01998475,25494,78,0
7839.30813720,7839.30834577,1812.66847592,1812.66233708,0.04200961,2035.11522609,0.01998475,0.01998475,25493,78,0
7839.61564084,7839.61586456,1821.72444912,1821.71785762,0.04806569,2035.31371974,0.01998475,0.01998475,25492,78,0
7839.92334850,7839.92340746,1830.79082570,1830.78908673,0.05462038,2035.51115101,0.01998475,0.01998475,25491,78,0
7840.23118799,7840.23097448,1839.86773451,1839.87403897,0.05413129,2035.70746986,0.01998475,0.01998475,25490,78,0
7840.53883189,7840.53856563,1848.95539635,1848.96326725,0.05016812,2035.90246795,0.01998475,0.01998475,25489,78,0
7840.84645783,7840.84618091,1858.05403425,1858.06222970,0.04785261,2036.09625912,0.01998475,0.01998475,25488,78,0
7841.15413511,7841.15382032,1867.16387529,1867.17320233,0.04417312,2036.28888677,0.01998475,0.01998475,25487,78,0
7841.46177502,7841.46148385,1876.28515907,1876.29379640,0.04430497,2036.48029533,0.01998475,0.01998475,25486,78,0
7841.76931938,7841.76917153,1885.41812981,1885.42252101,0.03970859,2036.67044938,0.01998475,0.01998475,25485,78,0
7842.07683065,7842.07688334,1894.56303216,1894.56146535,0.04391378,2036.85938812,0.01998475,0.01998475,25484,78,0
7842.38448684,7842.38461930,1903.71985478,1903.71591129,0.04149432,2037.04721472,0.01998475,0.01998475,25483,78,0
7842.69237553,7842.69237939,1912.88801880,1912.88790357,0.04732191,2037.23396336,0.01998475,0.01998475,25482,78,0
7843.00055839,7843.00016364,1922.06686544,1922.07864403,0.04488817,2037.41964997,0.01998475,0.01998475,25481,78,0
7843.30815584,7843.30797204,1931.25575495,1931.26124457,0.04397265,2037.60372880,0.01998475,0.01998475,25480,78,0
7843.61588031,7843.61580458,1940.45473933,1940.45700352,0.04014125,2037.78662562,0.01998475,0.01998475,25479,78,0
7843.92329874,7843.92366129,1949.66466032,1949.65380777,0.04170478,2037.96809616,0.01998475,0.01998475,25478,78,0
7844.23153842,7844.23154215,1958.88640835,1958.88629653,0.05084861,2038.14881520,0.01998475,0.01998475,25477,78,0
7844.53945039,7844.53944717,1968.12077336,1968.12086990,0.05216749,2038.32811612,0.01998475,0.01998475,25476,78,0
7844.84767012,7844.84737636,1977.36750831,1977.37633475,0.03940414,2038.50635861,0.01998475,0.01998475,25475,78,0
7845.15564596,7845.15532972,1986.62577618,1986.63528912,0.05381780,2038.68320174,0.01998475,0.01998475,25474,78,0
7845.46310971,7845.46330724,1995.89472701,1995.88877899,0.04917469,2038.85847494,0.01998475,0.01998475,25473,78,0
7845.77191011,7845.77130894,2005.17372335,2005.19184384,0.04632950,2039.03321022,0.01998475,0.01998475,25472,78,0
7846.08006040,7846.07933481,2014.46300253,2014.48489618,0.04012853,2039.20627893,0.01998475,0.01998475,25471,78,0
7846.38718842,7846.38738486,2023.76302459,2023.75709067,0.05002935,2039.37748642,0.01998475,0.01998475,25470,78,0
7846.69563902,7846.69545909,2033.07425315,2033.07969447,0.04416071,2039.54814155,0.01998475,0.01998475,25469,78,0
7847.00413192,7847.00355751,2042.39717171,2042.41456375,0.04048967,2039.71753106,0.01998475,0.01998475,25468,78,0
7847.31131241,7847.31168011,2051.73229538,2051.72114815,0.04238124,2039.88492296,0.01998475,0.01998475,25467,78,0
7847.61998329,7847.61982690,2061.08014585,2061.08489311,0.05031825,2040.05184713,0.01998475,0.01998475,25466,78,0
7847.92657463,7847.92799789,2070.44121306,2070.39795114,0.04522266,2040.21637945,0.01998474,0.01998475,25465,78,0
7848.23611404,7848.23619307,2079.81548478,2079.81307948,0.05151955,2040.38120627,0.01998475,0.01998475,25464,78,0
7848.54453697,7848.54441244,2089.20257284,2089.20636789,0.04542464,2040.54413901,0.01998475,0.01998475,25463,78,0
7848.85272709,7848.85265602,2098.60207715,2098.60424554,0.04187940,2040.70564022,0.01998475,0.01998475,25462,78,0
7849.16078251,7849.16092381,2108.01364481,2108.00932826,0.05139961,2040.86575198,0.01998475,0.01998475,25461,78,0
7849.46943579,7849.46921580,2117.43715633,2117.44388490,0.04069424,2041.02484450,0.01998475,0.01998475,25460,78,0
7849.77805400,7849.77753200,2126.87256045,2126.88854478,0.04939687,2041.18258149,0.01998475,0.01998475,25459,78,0
7850.08646646,7850.08587241,2136.31980745,2136.33801926,0.04201076,2041.33887100,0.01998475,0.01998475,25458,78,0
7850.39376288,7850.39423704,2145.77900426,2145.76445059,0.05190557,2041.49325662,0.01998475,0.01998475,25457,78,0
7850.70266383,7850.70262588,2155.25052678,2155.25169289,0.04530771,2041.64710252,0.01998475,0.01998475,25456,78,0
7851.01112728,7851.01103895,2164.73478000,2164.73749808,0.04850053,2041.79938478,0.01998475,0.01998475,25455,78,0
7851.31951369,7851.31947624,2174.23214077,2174.23329467,0.03974092,2041.95028476,0.01998475,0.01998475,25454,78,0
7851.62784819,7851.62793776,2183.74262442,2183.73986129,0.04837746,2042.09980971,0.01998475,0.01998475,25453,78,0
7851.93668971,7851.93642350,2193.26601018,2193.27423367,0.04013757,2042.24821809,0.01998475,0.01998475,25452,78,0
7852.24462360,7852.24493348,2202.80207153,2202.79248722,0.04731850,2042.39482330,0.01998475,0.01998475,25451,78,0
7852.55351580,7852.55346770,2212.35057286,2212.35206257,0.04045601,2042.54050382,0.01998475,0.01998475,25450,78,0
7852.86172242,7852.86202615,2221.91125185,2221.90183536,0.04791277,2042.68447278,0.01998475,0.01998475,25449,78,0
7853.17017254,7853.17060884,2231.48383866,2231.47029625,0.03873100,2042.82715746,0.01998475,0.01998475,25448,78,0
7853.47883750,7853.47921578,2241.06807491,2241.05632034,0.04676603,2042.96853210,0.01998475,0.01998475,25447,78,0
7853.78801593,7853.78784696,2250.66409706,2250.66935376,0.04926950,2043.10872498,0.01998475,0.01998475,25446,78,0
7854.09794927,7854.09650240,2260.27249252,2260.31756188,0.04474674,2043.24783976,0.01998475,0.01998475,25445,78,0
7854.40492362,7854.40518208,2269.89387756,2269.88581626,0.04670624,2043.38422741,0.01998475,0.01998475,25444,78,0
7854.71392052,7854.71388602,2279.52879275,2279.52987019,0.03740572,2043.52010902,0.01998475,0.01998475,25443,78,0
7855.02287043,7855.02261422,2289.17730703,2289.18531935,0.04645514,2043.65455554,0.01998475,0.01998475,25442,78,0
7855.33133295,7855.33136668,2298.83931573,2298.83825943,0.04642047,2043.78737108,0.01998475,0.01998475,25441,78,0
7855.64054657,7855.64014341,2308.51471183,2308.52735303,0.05291979,2043.91907916,0.01998475,0.01998475,25440,78,0
7855.94936082,7855.94894440,2318.20330290,2318.21637629,0.04188499,2044.04917834,0.01998475,0.01998475,25439,78,0
7856.25789494,7856.25776966,2327.90475467,2327.90869262,0.04549917,2044.17771288,0.01998475,0.01998475,25438,78,0
7856.56666240,7856.56661919,2337.61871685,2337.62007672,0.04708208,2044.30488633,0.01998475,0.01998475,25437,78,0
7856.87542639,7856.87549300,2347.34492867,2347.34283001,0.04010828,2044.43059020,0.01998475,0.01998475,25436,78,0
7857.18390312,7857.18439109,2357.08390231,2357.06850764,0.04828638,2044.55471165,0.01998475,0.01998475,25435,78,0
7857.49343335,7857.49331346,2366.83654092,2366.84032856,0.04887772,2044.67778987,0.01998475,0.01998475,25434,78,0
7857.80275432,7857.80226011,2376.60375450,2376.61939027,0.04909112,2044.79932140,0.01998475,0.01998475,25433,78,0
7858.11097486,7858.11123104,2386.38597155,2386.37785489,0.04017588,2044.91896354,0.01998475,0.01998475,25432,78,0
7858.42029417,7858.42022627,2396.18262629,2396.18478052,0.04696220,2045.03755585,0.01998475,0.01998475,25431,78,0
7858.72953105,7858.72924579,2405.99302649,2406.00208833,0.04797512,2045.15462296,0.01998475,0.01998475,25430,78,0
7859.03809729,7859.03828961,2415.81653228,2415.81041520,0.04729353,2045.26993351,0.01998475,0.01998475,25429,78,0
7859.34706405,7859.34735772,2425.65305897,2425.64370673,0.04731452,2045.38388244,0.01998475,0.01998475,25428,78,0
7859.65602074,7859.65645014,2435.50283443,2435.48914238,0.04871022,2045.49631171,0.01998475,0.01998475,25427,78,0
7859.96540392,7859.96556685,2445.36609264,2445.36089048,0.04063880,2045.60737325,0.01998475,0.01998475,25426,78,0
7860.27467714,7860.27470788,2455.24320147,2455.24221882,0.04631659,2045.71686960,0.01998475,0.01998475,25425,78,0
7860.58416719,7860.58387321,2465.13480656,2465.14421891,0.04329768,2045.82491588,0.01998475,0.01998475,25424,78,0
7860.89312175,7860.89306286,2475.04159322,2475.04348138,0.04755449,2045.93125196,0.01998475,0.01998475,25423,78,0
7861.20211195,7861.20227682,2484.96412357,2484.95882893,0.04776789,2046.03607653,0.01998475,0.01998475,25422,78,0
7861.51160290,7861.51151510,2494.90183227,2494.90465564,0.04149319,2046.13952975,0.01998475,0.01998475,25421,78,0
7861.82133729,7861.82077771,2504.85356151,2504.87157966,0.04455414,2046.24150071,0.01998475,0.01998475,25420,78,0
7862.13032350,7862.13006463,2514.81814681,2514.82649187,0.04552384,2046.34164825,0.01998475,0.01998475,25419,78,0
7862.43928275,7862.43937589,2524.79513484,2524.79212888,0.04514272,2046.44020127,0.01998475,0.01998475,25418,78,0
7862.74834172,7862.74871147,2534.78533638,2534.77338720,0.04435004,2046.53720133,0.01998475,0.01998475,25417,78,0
7863.05854717,7863.05807138,2544.78969781,2544.80509510,0.04583607,2046.63296977,0.01998475,0.01998475,25416,78,0
7863.36747808,7863.36745563,2554.80904498,2554.80977233,0.04560114,2046.72676076,0.01998475,0.01998475,25415,78,0
7863.67701735,7863.67686422,2564.84338116,2564.84835081,0.04605289,2046.81914359,0.01998475,0.01998475,25414,78,0
7863.98629352,7863.98629715,2574.89238024,2574.89226213,0.04947476,2046.90984511,0.01998475,0.01998475,25413,78,0
7864.29614556,7864.29575443,2584.95571967,2584.96844747,0.04746139,2046.99909871,0.01998475,0.01998475,25412,78,0
7864.60516942,7864.60523605,2595.03333189,2595.03116072,0.04436105,2047.08649418,0.01998475,0.01998475,25411,78,0
7864.91489361,7864.91474202,2605.12546955,2605.13041597,0.04709577,2047.17245975,0.01998475,0.01998475,25410,78,0
7865.22423294,7865.22427234,2615.23240748,2615.23112007,0.04558646,2047.25668669,0.01998475,0.01998475,25409,78,0
7865.53406964,7865.53382702,2625.35442844,2625.36236731,0.05291627,2047.33940912,0.01998475,0.01998475,25408,78,0
7865.84390088,7865.84340606,2635.49183958,2635.50805467,0.05136409,2047.42048369,0.01998475,0.01998475,25407,78,0
7866.15304092,7866.15300946,2645.64495604,2645.64598865,0.04809086,2047.49973112,0.01998475,0.01998475,25406,78,0
7866.46271754,7866.46263722,2655.81407290,2655.81671277,0.04827414,2047.57746164,0.01998475,0.01998475,25405,78,0
7866.77196393,7866.77228935,2665.99916673,2665.98845506,0.04400285,2047.65342341,0.01998475,0.01998475,25404,78,0
7867.08226478,7867.08196585,2676.19997626,2676.20983015,0.05210573,2047.72796603,0.01998475,0.01998475,25403,78,0
7867.39155427,7867.39166672,2686.41623363,2686.41252149,0.05251056,2047.80058296,0.01998475,0.01998475,25402,78,0
7867.70131593,7867.70139197,2696.64785696,2696.64534310,0.04545561,2047.87161845,0.01998475,0.01998475,25401,78,0
7868.01139919,7868.01114160,2706.89513988,2706.90366805,0.04238569,2047.94102553,0.01998475,0.01998475,25400,78,0
7868.32068125,7868.32091560,2717.15842319,2717.15065268,0.04218485,2048.00855101,0.01998475,0.01998475,25399,78,0
7868.63105717,7868.63071400,2727.43794446,2727.44933980,0.04864104,2048.07459944,0.01998475,0.01998475,25398,78,0
7868.94034370,7868.94053678,2737.73333661,2737.72691596,0.04510188,2048.13869557,0.01998475,0.01998475,25397,78,0
7869.25079501,7869.25038395,2748.04401400,2748.05770223,0.04467953,2048.20129420,0.01998475,0.01998475,25396,78,0
7869.56017041,7869.56025551,2758.36942317,2758.36658576,0.05016082,2048.26193165,0.01998475,0.01998475,25395,78,0
7869.87030005,7869.87015147,2768.70972813,2768.71468925,0.04694414,2048.32096265,0.01998475,0.01998475,25394,78,0
7870.18064644,7870.18007182,2779.06574308,2779.08495835,0.05244242,2048.37827335,0.01998475,0.01998475,25393,78,0
7870.49020056,7870.49001658,2789.43831082,2789.44447254,0.05026033,2048.43367855,0.01998475,0.01998475,25392,78,0
7870.80044000,7870.79998575,2799.82797057,2799.84320846,0.04290472,2048.48743772,0.01998475,0.01998475,25391,78,0
7871.10989345,7871.10997932,2810.23460535,2810.23172049,0.04851396,2048.53928726,0.01998475,0.01998475,25390,78,0
7871.42032173,7871.41999730,2820.65801251,2820.66892874,0.04408827,2048.58951069,0.01998475,0.01998475,25389,78,0
7871.73039156,7871.73003969,2831.09800966,2831.10986696,0.05200171,2048.63787732,0.01998475,0.01998475,25388,78,0
7872.04067203,7872.04010650,2841.55452923,2841.57361516,0.04595776,2048.68446817,0.01998475,0.01998475,25387,78,0
7872.35007189,7872.35019773,2852.02754087,2852.02328780,0.04009133,2048.72911642,0.01998475,0.01998475,25386,78,0
7872.66046822,7872.66031338,2862.51700420,2862.52224559,0.04953545,2048.77208304,0.01998475,0.01998475,25385,78,0
7872.97097885,7872.97045345,2873.02274572,2873.04055605,0.04280857,2048.81322672,0.01998475,0.01998475,25384,78,0
7873.28058775,7873.28061796,2883.54449377,2883.54346825,0.04889643,2048.85241022,0.01998475,0.01998475,25383,78,0
7873.59064039,7873.59080689,2894.08197982,2894.07631954,0.05278063,2048.88979849,0.01998475,0.01998475,25382,78,0
7873.90109961,7873.90102025,2904.63536439,2904.63806605,0.04162384,2048.92537159,0.01998475,0.01998475,25381,78,0
7874.21161096,7874.21125806,2915.20545097,2915.21748396,0.04789806,2048.95907876,0.01998475,0.01998475,25380,78,0
7874.52122133,7874.52152030,2925.79310254,2925.78289186,0.04546492,2048.99081781,0.01998475,0.01998475,25379,78,0
7874.83148630,7874.83180698,2936.39886602,2936.38789629,0.04787276,2049.02074254,0.01998475,0.01998475,25378,78,0
7875.14193149,7875.14211811,2947.02231269,2947.01591883,0.05039528,2049.04878876,0.01998475,0.01998475,25377,78,0
7875.45283116,7875.45245368,2957.66282479,2957.67577698,0.03974772,2049.07496440,0.01998475,0.01998475,25376,78,0
7875.76244736,7875.76281371,2968.31992264,2968.30733370,0.04900522,2049.09912056,0.01998475,0.01998475,25375,78,0
7876.07334629,7876.07319819,2978.99401631,2978.99911340,0.03821771,2049.12144931,0.01998475,0.01998475,25374,78,0
7876.38308902,7876.38360713,2989.68586217,2989.66800196,0.04712977,2049.14176652,0.01998475,0.01998475,25373,78,0
7876.69406947,7876.69404052,3000.39618107,3000.39718066,0.04712077,2049.16021995,0.01998475,0.01998475,25372,78,0
7877.00419634,7877.00449838,3011.12513109,3011.11468455,0.04929034,2049.17667211,0.01998475,0.01998475,25371,78,0
7877.31498393,7877.31498070,3021.87247122,3021.87258298,0.04407626,2049.19119466,0.01998475,0.01998475,25370,78,0
7877.62533225,7877.62548749,3032.63795840,3032.63257191,0.04696271,2049.20372380,0.01998475,0.01998475,25369,78,0
7877.93577152,7877.93601875,3043.42163467,3043.41304207,0.04493301,2049.21427435,0.01998475,0.01998475,25368,78,0
7878.24665436,7878.24657449,3054.22388753,3054.22666804,0.04868810,2049.22284347,0.01998475,0.01998475,25367,78,0
7878.55706472,7878.55715470,3065.04512500,3065.04198730,0.04084184,2049.22939616,0.01998475,0.01998475,25366,78,0
7878.86635435,7878.86775939,3075.88529756,3075.83622204,0.05169127,2049.23392375,0.01998474,0.01998475,25365,78,0
7879.17843269,7879.17838856,3086.74344205,3086.74498574,0.04566815,2049.23645658,0.01998475,0.01998475,25364,78,0
7879.48872391,7879.48904222,3097.61847831,3097.60732722,0.04800756,2049.23693784,0.01998475,0.01998475,25363,78,0
7879.79940596,7879.79972037,3108.50985860,3108.49882836,0.04954991,2049.23537542,0.01998475,0.01998475,25362,78,0
7880.11047860,7880.11042301,3119.41877645,3119.42072991,0.04936078,2049.23175201,0.01998475,0.01998475,25361,78,0
7880.42139818,7880.42115014,3130.34678770,3130.35551872,0.04350524,2049.22606085,0.01998475,0.01998475,25360,78,0
7880.73172088,7880.73190177,3141.29515486,3141.28877614,0.04922745,2049.21830589,0.01998475,0.01998475,25359,78,0
7881.04256344,7881.04267789,3152.26358168,3152.25953857,0.04748791,2049.20844892,0.01998475,0.01998475,25358,78,0
7881.35309978,7881.35347853,3163.25127054,3163.23786979,0.04791366,2049.19650367,0.01998475,0.01998475,25357,78,0
7881.66430399,7881.66430366,3174.25753086,3174.25754234,0.04711360,2049.18241911,0.01998475,0.01998475,25356,78,0
7881.97505273,7881.97515331,3185.28256346,3185.27899336,0.04733104,2049.16623317,0.01998475,0.01998475,25355,78,0
7882.28618258,7882.28602746,3196.32699175,3196.33250726,0.04602965,2049.14789133,0.01998475,0.01998475,25354,78,0
7882.59667376,7882.59692613,3207.39139223,3207.38240285,0.04317635,2049.12744428,0.01998475,0.01998475,25353,78,0
7882.90773560,7882.90784932,3218.47569813,3218.47164058,0.04584777,2049.10480191,0.01998475,0.01998475,25352,78,0
7883.21925421,7883.21879703,3229.57942181,3229.59576083,0.04714611,2049.07995160,0.01998475,0.01998475,25351,78,0
7883.52943118,7883.52976926,3240.70209883,3240.68999697,0.05722700,2049.05303622,0.01998475,0.01998475,25350,78,0
7883.84069966,7883.84076602,3251.84387674,3251.84149735,0.05271784,2049.02383606,0.01998475,0.01998475,25349,78,0
7884.15191033,7884.15178730,3263.00542688,3263.00984570,0.05019802,2048.99243512,0.01998475,0.01998475,25348,78,0
7884.46326034,7884.46283312,3274.18742886,3274.20280087,0.04517920,2048.95879918,0.01998475,0.01998475,25347,78,0
7884.77426575,7884.77390347,3285.39018464,3285.40324330,0.04901966,2048.92296996,0.01998475,0.01998475,25346,78,0
7885.08538964,7885.08499836,3296.61359280,3296.62772154,0.05053567,2048.88488495,0.01998475,0.01998475,25345,78,0
7885.39609452,7885.39611779,3307.85753172,3307.85669011,0.05103622,2048.84460173,0.01998475,0.01998475,25344,78,0
7885.70765956,7885.70726176,3319.12190058,3319.13631451,0.04964572,2048.80193817,0.01998475,0.01998475,25343,78,0
7886.01854318,7886.01843028,3330.40662534,3330.41072321,0.04342198,2048.75709189,0.01998475,0.01998475,25342,78,0
7886.33004065,7886.32962335,3341.71163931,3341.72681218,0.04604360,2048.70986520,0.01998475,0.01998475,25341,78,0
7886.64099452,7886.64084096,3353.03720122,3353.04279418,0.04669883,2048.66041986,0.01998475,0.01998475,25340,78,0
7886.95267359,7886.95208314,3364.38404306,3364.40558870,0.04336673,2048.60853666,0.01998475,0.01998475,25339,78,0
7887.26350247,7887.26334987,3375.75293306,3375.75851180,0.05077627,2048.55446308,0.01998475,0.01998475,25338,78,0
7887.57483072,7887.57464116,3387.14413071,3387.15107370,0.05064376,2048.49795404,0.01998475,0.01998475,25337,78,0
7887.88611539,7887.88595702,3398.55708262,3398.56289373,0.04840213,2048.43909273,0.01998475,0.01998475,25336,78,0
7888.19710741,7888.19729744,3409.99116201,3409.98417705,0.04263263,2048.37792070,0.01998475,0.01998475,25335,78,0
7888.50906975,7888.50866243,3421.44608200,3421.46107995,0.04850537,2048.31417088,0.01998475,0.01998475,25334,78,0
7888.82018964,7888.82005200,3432.92212506,3432.92720212,0.04717626,2048.24819826,0.01998475,0.01998475,25333,78,0
7889.13142046,7889.13146614,3444.41963056,3444.41794248,0.04451016,2048.17979454,0.01998475,0.01998475,25332,78,0
7889.44298226,7889.44290485,3455.93897268,3455.94183849,0.04785898,2048.10889113,0.01998475,0.01998475,25331,78,0
7889.75471702,7889.75436815,3467.48058104,3467.49352086,0.04257184,2048.03550227,0.01998475,0.01998475,25330,78,0
7890.06583615,7890.06585604,3479.04488963,3479.04415051,0.04956877,2047.95980265,0.01998475,0.01998475,25329,78,0
7890.37721366,7890.37736850,3490.63201930,3490.62625428,0.05209973,2047.88156941,0.01998475,0.01998475,25328,78,0
7890.68944414,7890.68890556,3502.24159168,3502.26168047,0.04436946,2047.80062885,0.01998475,0.01998475,25327,78,0
7891.00025329,7891.00046722,3513.87317970,3513.86518599,0.04775500,2047.71756696,0.01998475,0.01998475,25326,78,0
7891.31155947,7891.31205346,3525.52634630,3525.50785505,0.04299002,2047.63187217,0.01998475,0.01998475,25325,78,0
7891.62395702,7891.62366431,3537.20064222,3537.21161783,0.05175444,2047.54335207,0.01998475,0.01998475,25324,78,0
7891.93563433,7891.93529975,3548.89564574,3548.90821230,0.04969926,2047.45250596,0.01998475,0.01998475,25323,78,0
7892.24727829,7892.24695981,3560.61213807,3560.62412237,0.04724025,2047.35912391,0.01998475,0.01998475,25322,78,0
7892.55833649,7892.55864446,3572.35242625,3572.34081358,0.04110723,2047.26334693,0.01998475,0.01998475,25321,78,0
7892.87063258,7892.87035373,3584.11884637,3584.12938404,0.05182619,2047.16457101,0.01998475,0.01998475,25320,78,0
7893.18247027,7893.18208761,3595.91139711,3595.92588698,0.04951402,2047.06330687,0.01998475,0.01998475,25319,78,0
7893.50775343,nan,0.00000000,3608.26453589,0.38116838,2046.95479604,0.01998478,0.01998475,25318,78,1
7893.80537830,7893.80562923,3619.56497951,3619.55544444,0.04831332,2046.85317599,0.01998475,0.01998475,25317,78,0
7894.11797558,7894.11743697,3631.42416201,3631.44466730,0.03932838,2046.74377038,0.01998475,0.01998475,25316,78,0
7894.42925402,7894.42926933,3643.30834819,3643.30776410,0.04172797,2046.63215011,0.01998475,0.01998475,25315,78,0
7894.74148812,7894.74112632,3655.22055393,3655.23438970,0.04583884,2046.51745936,0.01998475,0.01998475,25314,78,0
7895.05295895,7895.05300794,3667.16023758,3667.15836021,0.04236009,2046.40031504,0.01998475,0.01998475,25313,78,0
7895.36453809,7895.36491419,3679.12454248,3679.11010263,0.04811678,2046.28040974,0.01998475,0.01998475,25312,78,0
7895.67734883,7895.67684508,3691.11096687,3691.13034136,0.04653374,2046.15730413,0.01998475,0.01998475,25311,78,0
7895.98802046,7895.98880061,3703.12027170,3703.09020911,0.04936715,2046.03231482,0.01998475,0.01998475,25310,78,0
7896.30042720,7896.30078079,3715.15475593,3715.14110191,0.04571338,2045.90384933,0.01998475,0.01998475,25309,78,0
7896.61317482,7896.61278560,3727.21623631,3727.23129860,0.04434518,2045.77241730,0.01998475,0.01998475,25308,78,0
7896.92458996,7896.92481507,3739.30393957,3739.29521022,0.04894497,2045.63872696,0.01998475,0.01998475,25307,78,0
7897.23745059,7897.23686918,3751.41626215,3751.43885056,0.03849887,2045.50158587,0.01998475,0.01998475,25306,78,0
7897.54913392,7897.54894795,3763.55208827,3763.55932691,0.04858113,2045.36213738,0.01998475,0.01998475,25305,78,0
7897.86131447,7897.86105138,3775.71190760,3775.72216794,0.05032261,2045.21962078,0.01998475,0.01998475,25304,78,0
7898.17307347,7898.17317947,3787.89653602,3787.89239419,0.05031594,2045.07442937,0.01998475,0.01998475,25303,78,0
7898.48552898,7898.48533222,3800.10662599,3800.11433038,0.04752173,2044.92601478,0.01998475,0.01998475,25302,78,0
7898.79741020,7898.79750963,3812.34249765,3812.33859640,0.04749672,2044.77495862,0.01998475,0.01998475,25301,78,0
7899.10918883,7899.10971171,3824.60443048,3824.58387268,0.04912028,2044.62102183,0.01998475,0.01998475,25300,78,0
7899.42196647,7899.42193847,3836.89255214,3836.89365525,0.04498351,2044.46362937,0.01998475,0.01998475,25299,78,0
7899.73422693,7899.73418990,3849.20680683,3849.20826891,0.04587409,2044.30352112,0.01998475,0.01998475,25298,78,0
7900.04694832,7900.04646600,3861.54720275,3861.56628270,0.04890530,2044.14017926,0.01998475,0.01998475,25297,78,0
7900.35827676,7900.35876679,3873.91473274,3873.89530571,0.04524203,2043.97455518,0.01998475,0.01998475,25296,78,0
7900.67060131,7900.67109226,3886.31109058,3886.29158204,0.04277022,2043.80534276,0.01998475,0.01998475,25295,78,0
7900.98349444,7900.98344241,3898.73758350,3898.73965568,0.04650764,2043.63271343,0.01998475,0.01998475,25294,78,0
7901.29619313,7901.29581725,3911.19292980,3911.20793315,0.04242894,2043.45708097,0.01998475,0.01998475,25293,78,0
7901.60798903,7901.60821679,3923.67483842,3923.66572958,0.05008047,2043.27887364,0.01998475,0.01998475,25292,78,0
7901.91998719,7901.92064102,3936.18223868,3936.15603638,0.04320420,2043.09746840,0.01998475,0.01998475,25291,78,0
7902.23332127,7902.23308995,3948.71782677,3948.72711826,0.05111229,2042.91212615,0.01998475,0.01998475,25290,78,0
7902.54550020,7902.54556358,3961.28498744,3961.28243509,0.04674652,2042.72424795,0.01998475,0.01998475,25289,78,0
7902.85801743,7902.85806191,3973.88406863,3973.88227323,0.04326004,2042.53292130,0.01998475,0.01998475,25288,78,0
7903.17026217,7903.17058495,3986.51084075,3986.49778749,0.04140376,2042.33856338,0.01998475,0.01998475,25287,78,0
7903.48405789,7903.48313270,3999.16105248,3999.19853184,0.04387806,2042.14006815,0.01998475,0.01998475,25286,78,0
7903.79516108,7903.79570516,4011.83602904,4011.81394265,0.04069500,2041.94010044,0.01998475,0.01998475,25285,78,0
7904.10808785,7904.10830233,4024.54122607,4024.53249713,0.04430694,2041.73566583,0.01998475,0.01998475,25284,78,0
7904.42138106,7904.42092423,4037.28105926,4037.29970004,0.04631871,2041.52758853,0.01998475,0.01998475,25283,78,0
7904.73381671,7904.73357084,4050.05363841,4050.06369425,0.04102157,2041.31669749,0.01998475,0.01998475,25282,78,0
7905.04646643,7905.04624218,4062.85496605,4062.86415607,0.04245149,2041.10232501,0.01998475,0.01998475,25281,78,0
7905.35941392,7905.35893825,4075.68271099,4075.70224439,0.03994912,2040.88442570,0.01998475,0.01998475,25280,78,0
nan,nan,0.00000000,-1.00000000,0.00000000,2040.65566491,nan,0.00000000,-2147483648,78,1
nan,nan,0.00000000,-1.00000000,0.00000000,2041.17496031,nan,0.00000000,-2147483648,77,1
7872.34991423,7872.35019773,11.07082802,11.06405433,0.05151937,2041.54963590,0.01998475,0.01998475,25386,77,0
7872.66080649,7872.66031338,18.48323426,18.49502508,0.04076478,2041.94287278,0.01998475,0.01998475,25385,77,0
7872.97102732,7872.97045345,25.90171676,25.91544860,0.05519163,2042.33463059,0.01998475,0.01998475,25384,77,0
7873.28035775,7873.28061796,33.32637668,33.32014548,0.03689133,2042.72464053,0.01998475,0.01998475,25383,77,0
7873.58914096,7873.59080689,40.75728557,40.71736162,0.05192213,2043.11334098,0.01998475,0.01998475,25382,77,0
7873.90174254,7873.90102025,48.19428364,48.21160588,0.04604376,2043.50620658,0.01998475,0.01998475,25381,77,0
7874.21127215,7874.21125806,55.63710249,55.63744076,0.03672101,2043.89455914,0.01998475,0.01998475,25380,77,0
7874.52166339,7874.52152030,63.08547184,63.08890821,0.05800591,2044.28332457,0.01998475,0.01998475,25379,77,0
7874.83194119,7874.83180698,70.53912054,70.54234557,0.04598068,2044.67126290,0.01998475,0.01998475,25378,77,0
7875.14126112,7875.14211811,77.99792885,77.97732324,0.05761330,2045.05731364,0.01998475,0.01998475,25377,77,0
7875.45238067,7875.45245368,85.46215389,85.46039721,0.03070903,2045.44492682,0.01998475,0.01998475,25376,77,0
7875.76261634,7875.76281371,92.93211132,92.92735928,0.05439146,2045.83077029,0.01998475,0.01998475,25375,77,0
7876.07257103,7876.07319819,100.40811831,100.39300653,0.03739103,2046.21561170,0.01998475,0.01998475,25374,77,0
7876.38351032,7876.38360713,107.89048221,107.88814772,0.05525922,2046.60103364,0.01998475,0.01998475,25373,77,0
7876.69382243,7876.69404052,115.37931016,115.37404694,0.04173042,2046.98504013,0.01998475,0.01998475,25372,77,0
7877.00483126,7877.00449838,122.87453637,122.88257599,0.05409816,2047.36926334,0.01998475,0.01998475,25371,77,0
7877.31542340,7877.31498070,130.37608909,130.38678909,0.03789425,2047.75232072,0.01998475,0.01998475,25370,77,0
7877.62543906,7877.62548749,137.88389618,137.88272461,0.05535908,2048.13401216,0.01998475,0.01998475,25369,77,0
7877.93638148,7877.93601875,145.39787856,145.40665885,0.03805810,2048.51618088,0.01998475,0.01998475,25368,77,0
7878.24583839,7878.24657449,152.91792774,152.90009685,0.05476667,2048.89585594,0.01998475,0.01998475,25367,77,0
7878.55723211,7878.55715470,160.44392675,160.44580315,0.03442569,2049.27722644,0.01998475,0.01998475,25366,77,0
7878.86790331,7878.86775939,167.97575802,167.97924912,0.05147750,2049.65702319,0.01998475,0.01998475,25365,77,0
7879.17820928,7879.17838856,175.51330775,175.50895600,0.04952694,2050.03567858,0.01998475,0.01998475,25364,77,0
7879.48942314,7879.48904222,183.05663399,183.06588688,0.04962644,2050.41474500,0.01998475,0.01998475,25363,77,0
7879.79943396,7879.79972037,190.60602070,190.59905838,0.05061110,2050.79166413,0.01998475,0.01998475,25362,77,0
7880.11094615,7880.11042301,198.16176854,198.17449541,0.05001137,2051.16973574,0.01998475,0.01998475,25361,77,0
7880.42091794,7880.42115014,205.72417960,205.71852605,0.04609972,2051.54528074,0.01998475,0.01998475,25360,77,0
7880.73266115,7880.73190177,213.29349646,213.31200136,0.04572769,2051.92232024,0.01998475,0.01998475,25359,77,0
7881.04203256,7881.04267789,220.86956853,220.85383043,0.04822950,2052.29583494,0.01998475,0.01998475,25358,77,0
7881.35387142,7881.35347853,228.45208763,228.46167656,0.04302487,2052.67164922,0.01998475,0.01998475,25357,77,0
7881.66537606,7881.66430366,236.04074362,236.06693488,0.05945829,2053.04636173,0.01998475,0.01998475,25356,77,0
7881.97435030,7881.97515331,243.63522742,243.61560222,0.04620454,2053.41732283,0.01998475,0.01998475,25355,77,0
7882.28624808,7882.28602746,251.23542365,251.24081911,0.04032353,2053.79107133,0.01998475,0.01998475,25354,77,0
7882.59676664,7882.59692613,258.84154340,258.83763992,0.04765744,2054.16245386,0.01998475,0.01998475,25353,77,0
7882.90811827,7882.90784932,266.45382999,266.46041720,0.03199692,2054.53412778,0.01998475,0.01998475,25352,77,0
7883.21917494,7883.21879703,274.07252794,274.08179085,0.05498862,2054.90475407,0.01998475,0.01998475,25351,77,0
7883.52968985,7883.52976926,281.69786183,281.69591392,0.05032130,2055.27404985,0.01998475,0.01998475,25350,77,0
7883.84082748,7883.84076602,289.32989255,289.33140153,0.03515384,2055.64340004,0.01998475,0.01998475,25349,77,0
7884.15108271,7884.15178730,296.96860397,296.95129219,0.05228101,2056.01101535,0.01998475,0.01998475,25348,77,0
7884.46313873,7884.46283312,304.61397943,304.62149432,0.05158499,2056.38006854,0.01998475,0.01998475,25347,77,0
7884.77466484,7884.77390347,312.26600233,312.28473867,0.03728780,2056.74779547,0.01998475,0.01998475,25346,77,0
7885.08531053,7885.08499836,319.92467209,319.93236022,0.05530992,2057.11378447,0.01998475,0.01998475,25345,77,0
7885.39578819,7885.39611779,327.59001698,327.58189325,0.04693751,2057.47887712,0.01998475,0.01998475,25344,77,0
7885.70811473,7885.70726176,335.26206838,335.28310893,0.03892559,2057.84543822,0.01998475,0.01998475,25343,77,0
7886.01824187,7886.01843028,342.94085781,342.93620650,0.04972741,2058.20871657,0.01998475,0.01998475,25342,77,0
7886.32968984,7886.32962335,350.62640362,350.62804650,0.05421643,2058.57283685,0.01998475,0.01998475,25341,77,0
7886.64120334,7886.64084096,358.31862353,358.32758358,0.03556980,2058.93632017,0.01998475,0.01998475,25340,77,0
7886.95288374,7886.95208314,366.01738883,366.03719980,0.05165021,2059.29927528,0.01998475,0.01998475,25339,77,0
7887.26309891,7887.26334987,373.72256991,373.71635525,0.04774884,2059.65979739,0.01998475,0.01998475,25338,77,0
7887.57469591,7887.57464116,381.43403809,381.43539479,0.03707246,2060.02118699,0.01998475,0.01998475,25337,77,0
7887.88635737,7887.88595702,389.15176934,389.16169792,0.04968670,2060.38190741,0.01998475,0.01998475,25336,77,0
7888.19694199,7888.19729744,396.87590694,396.86708503,0.05178506,2060.74064548,0.01998475,0.01998475,25335,77,0
7888.50849979,7888.50866243,404.60660987,404.60257003,0.04551089,2061.09977422,0.01998475,0.01998475,25334,77,0
7888.82054357,7888.82005200,412.34403788,412.35625738,0.04084927,2061.45873166,0.01998475,0.01998475,25333,77,0
7889.13153816,7889.13146614,420.08833102,420.09012274,0.05119861,2061.81575755,0.01998475,0.01998475,25332,77,0
7889.44378869,7889.44290485,427.83950863,427.86151475,0.04967062,2062.17349564,0.01998475,0.01998475,25331,77,0
7889.75437885,7889.75436815,435.59754571,435.59781236,0.04458359,2062.52860229,0.01998475,0.01998475,25330,77,0
7890.06629061,7890.06585604,443.36241701,443.37325454,0.03820907,2062.88448414,0.01998475,0.01998475,25329,77,0
7890.37736274,7890.37736850,451.13409761,451.13395364,0.05223000,2063.23866973,0.01998475,0.01998475,25328,77,0
7890.68801619,7890.68890556,458.91257677,458.89036197,0.05003377,2063.59163964,0.01998475,0.01998475,25327,77,0
7890.99985912,7891.00046722,466.69786060,466.68265963,0.04733030,2063.94521587,0.01998475,0.01998475,25326,77,0
7891.31186156,7891.31205346,474.48995624,474.48515531,0.04924363,2064.29822334,0.01998475,0.01998475,25325,77,0
7891.62519279,7891.62366431,482.28887084,482.32714047,0.03601841,2064.65197719,0.01998475,0.01998475,25324,77,0
7891.93554814,7891.93529975,490.09457851,490.10080247,0.05036897,2065.00161948,0.01998475,0.01998475,25323,77,0
7892.24797257,7892.24695981,497.90692751,497.93232398,0.05335739,2065.35282751,0.01998475,0.01998475,25322,77,0
7892.55807744,7892.55864446,505.72573539,505.71150613,0.04438538,2065.70065803,0.01998475,0.01998475,25321,77,0
7892.87060882,7892.87035373,513.55081873,513.55722455,0.05039122,2066.05042332,0.01998475,0.01998475,25320,77,0
7893.18249906,7893.18208761,521.38202147,521.39236113,0.03270489,2066.39867405,0.01998475,0.01998475,25319,77,0
7893.49359468,7893.49384611,529.21958592,529.21326258,0.04842525,2066.74525260,0.01998475,0.01998475,25318,77,0
7893.80578030,7893.80562923,537.06405091,537.06785356,0.04812799,2067.09227862,0.01998475,0.01998475,25317,77,0
7894.11774350,7894.11743697,544.91596501,544.92368769,0.05102040,2067.43831140,0.01998475,0.01998475,25316,77,0
7894.42913438,7894.42926933,552.77587722,552.77247413,0.05325609,2067.78298670,0.01998475,0.01998475,25315,77,0
7894.74142542,7894.74112632,560.64397433,560.65152397,0.04524172,2068.12793817,0.01998475,0.01998475,25314,77,0
7895.05318917,7895.05300794,568.51969645,568.52427489,0.04748838,2068.47156007,0.01998475,0.01998475,25313,77,0
7895.36453398,7895.36491419,576.40238916,576.39277664,0.03912597,2068.81394376,0.01998475,0.01998475,25312,77,0
7895.67625938,7895.67684508,584.29139451,584.27657662,0.04410447,2069.15593741,0.01998475,0.01998475,25311,77,0
7895.98783456,7895.98880061,592.18619151,592.16173493,0.04831843,2069.49693277,0.01998475,0.01998475,25310,77,0
7896.30079800,7896.30078079,600.08710691,600.08754296,0.04985014,2069.83862032,0.01998475,0.01998475,25309,77,0
7896.61297171,7896.61278560,607.99478757,607.99950629,0.04670946,2070.17864517,0.01998475,0.01998475,25308,77,0
7896.92506871,7896.92481507,615.90988439,615.91632126,0.04941422,2070.51781243,0.01998475,0.01998475,25307,77,0
7897.23715942,7897.23686918,623.83302429,623.84039694,0.04302354,2070.85622265,0.01998475,0.01998475,25306,77,0
7897.54890024,7897.54894795,631.76424285,631.76302983,0.04302487,2071.19350278,0.01998475,0.01998475,25305,77,0
7897.86128715,7897.86105138,639.70300083,639.70900050,0.04720178,2071.53070313,0.01998475,0.01998475,25304,77,0
7898.17315488,7898.17317947,647.64873253,647.64810649,0.04755751,2071.86653848,0.01998475,0.01998475,25303,77,0
7898.48520790,7898.48533222,655.60087034,655.59770232,0.04491216,2072.20174201,0.01998475,0.01998475,25302,77,0
7898.79730151,7898.79750963,663.55917349,663.55386589,0.04642579,2072.53614470,0.01998475,0.01998475,25301,77,0
7899.10982069,7899.10971171,671.52417952,671.52696081,0.04719925,2072.87017715,0.01998475,0.01998475,25300,77,0
7899.42241977,7899.42193847,679.49654151,679.50883652,0.04609486,2073.20349248,0.01998475,0.01998475,25299,77,0
7899.73497119,7899.73418990,687.47691610,687.49689380,0.05025222,2073.53597890,0.01998475,0.01998475,25298,77,0
7900.04704334,7900.04646600,695.46582541,695.48060261,0.05371726,2073.86719754,0.01998475,0.01998475,25297,77,0
7900.35844650,7900.35876679,703.46295813,703.45475287,0.04647636,2074.19693493,0.01998475,0.01998475,25296,77,0
7900.67138354,7900.67109226,711.46768810,711.47515671,0.04940020,2074.52749123,0.01998475,0.01998475,25295,77,0
7900.98377673,7900.98344241,719.47938510,719.48796340,0.04768483,2074.85663893,0.01998475,0.01998475,25294,77,0
7901.29596130,7901.29581725,727.49745053,727.50114920,0.04985374,2075.18470697,0.01998475,0.01998475,25293,77,0
7901.60807932,7901.60821679,735.52189071,735.51835820,0.04852067,2075.51184345,0.01998475,0.01998475,25292,77,0
7901.92094063,7901.92064102,743.55322676,743.56093181,0.04639179,2075.83891298,0.01998475,0.01998475,25291,77,0
7902.23340203,7902.23308995,751.59199889,751.60003185,0.04829960,2076.16473810,0.01998475,0.01998475,25290,77,0
7902.54496121,7902.54556358,759.63874732,759.62322792,0.04468557,2076.48881882,0.01998475,0.01998475,25289,77,0
7902.85833315,7902.85806191,767.69374681,767.70074157,0.04237338,2076.81398349,0.01998475,0.01998475,25288,77,0
7903.17080697,7903.17058495,775.75679545,775.76252624,0.04142542,2077.13740422,0.01998475,0.01998475,25287,77,0
7903.48314223,7903.48313270,783.82764078,783.82788693,0.04481631,2077.45985781,0.01998475,0.01998475,25286,77,0
7903.79604046,7903.79570516,791.90602895,791.91469842,0.04771728,2077.78205355,0.01998475,0.01998475,25285,77,0
7904.10810142,7904.10830233,799.99177265,799.98657359,0.04657843,2078.10254017,0.01998475,0.01998475,25284,77,0
7904.42117809,7904.42092423,808.08494250,808.09151740,0.05156156,2078.42321974,0.01998475,0.01998475,25283,77,0
7904.73415650,7904.73357084,816.18567116,816.20085230,0.04616536,2078.74294965,0.01998475,0.01998475,25282,77,0
7905.04601254,7905.04624218,824.29409199,824.28813400,0.05101341,2079.06069078,0.01998475,0.01998475,25281,77,0
7905.35926813,7905.35893825,832.41032763,832.41889360,0.05131378,2079.37901314,0.01998475,0.01998475,25280,77,0
7905.67186886,7905.67165904,840.53440726,840.53986032,0.04767537,2079.69582400,0.01998475,0.01998475,25279,77,0
7905.98408916,7905.98440457,848.66631415,848.65810932,0.04335708,2080.01140179,0.01998475,0.01998475,25278,77,0
7906.29736195,7906.29717484,856.80603113,856.81090288,0.04308409,2080.32718820,0.01998475,0.01998475,25277,77,0
7906.60945871,7906.60996984,864.95354937,864.94022970,0.04275887,2080.64093377,0.01998474,0.01998475,25276,77,0
7906.92303525,7906.92278959,873.10902431,873.11543188,0.03920103,2080.95530986,0.01998475,0.01998475,25275,77,0
7907.23639968,7907.23563408,881.27276148,881.29274974,0.04585853,2081.26862348,0.01998475,0.01998475,25274,77,0
7907.54891698,7907.54850331,889.44507355,889.45588425,0.04995468,2081.58025250,0.01998475,0.01998475,25273,77,0
7907.86136806,7907.86139730,897.62626954,897.62550451,0.04363216,2081.89098742,0.01998475,0.01998475,25272,77,0
7908.17413748,7908.17431604,905.81630867,905.81163300,0.04506880,2082.20120446,0.01998475,0.01998475,25271,77,0
7908.48729205,7908.48725954,914.01458959,914.01544168,0.04441643,2082.51094070,0.01998475,0.01998475,25270,77,0
7908.80080021,7908.80022780,922.22045742,922.23547169,0.04099812,2082.82013375,0.01998475,0.01998475,25269,77,0
7909.11362359,7909.11322081,930.43325389,930.44382625,0.04416977,2083.12773317,0.01998475,0.01998475,25268,77,0
7909.42629119,7909.42623860,938.65263866,938.65402025,0.04671167,2083.43424734,0.01998475,0.01998475,25267,77,0
7909.73920475,7909.73928115,946.87915638,946.87714769,0.04288640,2083.74008717,0.01998475,0.01998475,25266,77,0
7910.05253335,7910.05234847,955.11350637,955.11837137,0.04077697,2084.04543795,0.01998475,0.01998475,25265,77,0
7910.36545270,7910.36544057,963.35639200,963.35671141,0.04772064,2084.34951899,0.01998475,0.01998475,25264,77,0
7910.67882826,7910.67855744,971.60834449,971.61548532,0.04348450,2084.65318707,0.01998475,0.01998475,25263,77,0
7910.99186785,7910.99169910,979.86906830,979.87352212,0.03963230,2084.95565944,0.01998475,0.01998475,25262,77,0
7911.30456053,7911.30486553,988.13802211,988.12996512,0.04445372,2085.25690504,0.01998475,0.01998475,25261,77,0
7911.61815899,7911.61805676,996.41466131,996.41736409,0.04874816,2085.55810513,0.01998475,0.01998475,25260,77,0
7911.93083416,7911.93127277,1004.69851553,1004.68691072,0.04361396,2085.85748285,0.01998475,0.01998475,25259,77,0
7912.24423985,7912.24451357,1012.98971669,1012.98246865,0.04552720,2086.15662430,0.01998475,0.01998475,25258,77,0
7912.55774184,7912.55777917,1021.28868218,1021.28769295,0.05124269,2086.45493232,0.01998475,0.01998475,25257,77,0
7912.87131526,7912.87106956,1029.59583348,1029.60235143,0.04291973,2086.75239435,0.01998475,0.01998475,25256,77,0
7913.18471053,7913.18438476,1037.91156588,1037.92021647,0.04157440,2087.04878476,0.01998475,0.01998475,25255,77,0
7913.49763403,7913.49772475,1046.23590457,1046.23349320,0.04615877,2087.34382594,0.01998475,0.01998475,25254,77,0
7913.81076171,7913.81108956,1054.56861454,1054.55989276,0.05037990,2087.63814450,0.01998475,0.01998475,25253,77,0
7914.12390435,7914.12447917,1062.90945404,1062.89414852,0.04357870,2087.93154967,0.01998475,0.01998475,25252,77,0
7914.43835798,7914.43789360,1071.25818759,1071.27056304,0.04917284,2088.22523816,0.01998475,0.01998475,25251,77,0
7914.75143996,7914.75133284,1079.61474981,1079.61760709,0.04505686,2088.51669919,0.01998475,0.01998475,25250,77,0
7915.06419388,7915.06479690,1087.97924317,1087.96314515,0.04096371,2088.80691223,0.01998475,0.01998475,25249,77,0
7915.37779785,7915.37828578,1096.35177775,1096.33874052,0.05024132,2089.09696863,0.01998475,0.01998475,25248,77,0
7915.69180144,7915.69179948,1104.73246746,1104.73251982,0.04213836,2089.38644665,0.01998475,0.01998475,25247,77,0
7916.00537071,7916.00533801,1113.12155383,1113.12242908,0.04056557,2089.67458251,0.01998475,0.01998475,25246,77,0
7916.31850101,7916.31890138,1121.51944659,1121.50871855,0.04918744,2089.96138629,0.01998475,0.01998475,25245,77,0
7916.63250312,7916.63248957,1129.92656931,1129.92693277,0.03820427,2090.24806734,0.01998475,0.01998475,25244,77,0
7916.94616060,7916.94610260,1138.34334309,1138.34490064,0.04598240,2090.53352310,0.01998475,0.01998475,25243,77,0
7917.25999739,7917.25974047,1146.76980980,1146.77671597,0.04138400,2090.81822841,0.01998475,0.01998475,25242,77,0
7917.57363376,7917.57340318,1155.20536547,1155.21156956,0.05142165,2091.10181452,0.01998475,0.01998475,25241,77,0
7917.88715386,7917.88709073,1163.64934002,1163.65103997,0.04525273,2091.38433271,0.01998475,0.01998475,25240,77,0
7918.20077404,7918.20080313,1172.10106179,1172.10027777,0.04012210,2091.66595216,0.01998475,0.01998475,25239,77,0
7918.51425170,7918.51454039,1180.56027338,1180.55248645,0.04601672,2091.94644345,0.01998475,0.01998475,25238,77,0
7918.82862373,7918.82830249,1189.02759172,1189.03626490,0.04398366,2092.22674800,0.01998475,0.01998475,25237,77,0
7919.14170502,7919.14208945,1197.50374762,1197.49335788,0.04925622,2092.50493989,0.01998475,0.01998475,25236,77,0
7919.45571481,7919.45590128,1205.98947552,1205.98443057,0.03884410,2092.78301295,0.01998475,0.01998475,25235,77,0
7919.76955103,7919.76973796,1214.48519991,1214.48013690,0.04995189,2093.05999759,0.01998475,0.01998475,25234,77,0
7920.08344367,7920.08359951,1222.99056645,1222.98634108,0.04484835,2093.33608158,0.01998475,0.01998475,25233,77,0
7920.39676369,7920.39748593,1231.50509923,1231.48549830,0.05047161,2093.61069460,0.01998474,0.01998475,25232,77,0
7920.71101699,7920.71139722,1240.02831956,1240.01799104,0.04380566,2093.88513557,0.01998475,0.01998475,25231,77,0
7921.02530784,7921.02533338,1248.55992189,1248.55922746,0.04519586,2094.15860416,0.01998475,0.01998475,25230,77,0
7921.33917855,7921.33929442,1257.10009542,1257.09694207,0.05592260,2094.43070641,0.01998475,0.01998475,25229,77,0
7921.65322812,7921.65328034,1265.64911742,1265.64769504,0.04448026,2094.70196791,0.01998475,0.01998475,25228,77,0
7921.96744610,7921.96729114,1274.20726681,1274.21149228,0.05088736,2094.97238298,0.01998475,0.01998475,25227,77,0
7922.28119540,7922.28132683,1282.77474501,1282.77115755,0.04019349,2095.24140722,0.01998475,0.01998475,25226,77,0
7922.59548452,7922.59538741,1291.35151298,1291.35416620,0.05014361,2095.50989980,0.01998475,0.01998475,25225,77,0
7922.90979456,7922.90947288,1299.93748548,1299.94628334,0.04070991,2095.77740817,0.01998475,0.01998475,25224,77,0
7923.22364133,7923.22358324,1308.53257671,1308.53416702,0.04570286,2096.04351575,0.01998475,0.01998475,25223,77,0
7923.53785576,7923.53771851,1317.13669453,1317.14045577,0.05088808,2096.30892081,0.01998475,0.01998475,25222,77,0
7923.85168496,7923.85187867,1325.74972814,1325.74441489,0.04093851,2096.57298026,0.01998475,0.01998475,25221,77,0
7924.16646232,7924.16606374,1334.37156244,1334.38250545,0.04539641,2096.83680596,0.01998475,0.01998475,25220,77,0
7924.48004929,7924.48027371,1343.00208165,1342.99591473,0.04229121,2097.09859946,0.01998475,0.01998475,25219,77,0
7924.79387851,7924.79450859,1351.64128505,1351.62395414,0.04919833,2097.35955773,0.01998475,0.01998475,25218,77,0
7925.11076769,7925.10876839,1360.28952803,1360.34457535,0.06385194,2097.62201443,0.01998475,0.01998475,25217,77,0
7925.42320619,7925.42305310,1368.94723642,1368.95145583,0.04213947,2097.87976470,0.01998475,0.01998475,25216,77,0
7925.73691636,7925.73736273,1377.61483859,1377.60252247,0.04734611,2098.13755345,0.01998475,0.01998475,25215,77,0
7926.05155275,7926.05169728,1386.29258726,1386.28859509,0.04739892,2098.39508937,0.01998475,0.01998475,25214,77,0
7926.36578930,7926.36605676,1394.98022599,1394.97283083,0.03781164,2098.65127259,0.01998475,0.01998475,25213,77,0
7926.67996001,7926.68044116,1403.67740582,1403.66408854,0.04825177,2098.90636323,0.01998475,0.01998475,25212,77,0
7926.99504324,7926.99485049,1412.38377569,1412.38911556,0.04660838,2099.16113709,0.01998475,0.01998475,25211,77,0
7927.30947095,7927.30928476,1421.09908377,1421.10424696,0.05165239,2099.41431371,0.01998475,0.01998475,25210,77,0
7927.62374420,7927.62374396,1429.82333479,1429.82334138,0.04056603,2099.66629694,0.01998475,0.01998475,25209,77,0
7927.93795443,7927.93822811,1438.55657389,1438.54897019,0.04347424,2099.91715870,0.01998475,0.01998475,25208,77,0
7928.25271987,7928.25273719,1447.29884749,1447.29836585,0.05176707,2100.16738750,0.01998475,0.01998475,25207,77,0
7928.56742939,7928.56727122,1456.05039206,1456.05479518,0.03525988,2100.41649778,0.01998475,0.01998475,25206,77,0
7928.88156057,7928.88183020,1464.81185481,1464.80434053,0.05058379,2100.66409351,0.01998475,0.01998475,25205,77,0
7929.19619979,7929.19641413,1473.58394049,1473.57796012,0.04708552,2100.91104681,0.01998475,0.01998475,25204,77,0
7929.51143552,7929.51102301,1482.36735128,1482.37887516,0.04302942,2101.15743665,0.01998475,0.01998475,25203,77,0
7929.82532695,7929.82565685,1491.16217654,1491.15294971,0.04380969,2101.40174728,0.01998475,0.01998475,25202,77,0
7930.14061881,7930.14031565,1499.96742286,1499.97591059,0.03702484,2101.64608225,0.01998475,0.01998475,25201,77,0
7930.45487739,7930.45499941,1508.78198051,1508.77856109,0.04917904,2101.88851873,0.01998475,0.01998475,25200,77,0
7930.76947182,7930.76970814,1517.60475173,1517.59812389,0.04517469,2102.13008262,0.01998475,0.01998475,25199,77,0
7931.08441348,7931.08444184,1526.43548642,1526.43469039,0.04653485,2102.37076865,0.01998475,0.01998475,25198,77,0
7931.39981357,7931.39920051,1535.27510529,1535.29233093,0.04759808,2102.61067896,0.01998475,0.01998475,25197,77,0
7931.71433459,7931.71398416,1544.12462012,1544.13447733,0.04767050,2102.84882178,0.01998475,0.01998475,25196,77,0
7932.02912892,7932.02879278,1552.98501886,1552.99448539,0.03594136,2103.08609490,0.01998475,0.01998475,25195,77,0
7932.34381253,7932.34362638,1561.85655445,1561.86180290,0.04459830,2103.32220993,0.01998475,0.01998475,25194,77,0
7932.65834456,7932.65848497,1570.73871764,1570.73475458,0.04527145,2103.55711927,0.01998475,0.01998475,25193,77,0
7932.97304463,7932.97336854,1579.63096067,1579.62180888,0.04358077,2103.79104257,0.01998475,0.01998475,25192,77,0
7933.28845588,7933.28827711,1588.53276901,1588.53782496,0.04121491,2104.02436103,0.01998475,0.01998475,25191,77,0
7933.60293542,7933.60321066,1597.44414647,1597.43635422,0.04633380,2104.25585650,0.01998475,0.01998475,25190,77,0
7933.91813699,7933.91816922,1606.36548310,1606.36456974,0.04438514,2104.48675335,0.01998475,0.01998475,25189,77,0
7934.23348947,7934.23315277,1615.29718066,1615.30673347,0.04814368,2104.71663450,0.01998475,0.01998475,25188,77,0
7934.54833116,7934.54816132,1624.23959684,1624.24442087,0.04734466,2104.94502410,0.01998475,0.01998475,25187,77,0
7934.86302649,7934.86319488,1633.19269548,1633.18790733,0.04795737,2105.17218439,0.01998475,0.01998475,25186,77,0
7935.17843370,7935.17825344,1642.15624066,1642.16137172,0.04629539,2105.39872123,0.01998475,0.01998475,25185,77,0
7935.49327726,7935.49333702,1651.12999323,1651.12829036,0.04657170,2105.62370713,0.01998475,0.01998475,25184,77,0
7935.80808991,7935.80844560,1660.11378846,1660.10364219,0.04772254,2105.84751747,0.01998475,0.01998475,25183,77,0
7936.12380661,7936.12357921,1669.10784950,1669.11434320,0.04853964,2106.07081328,0.01998475,0.01998475,25182,77,0
7936.43846029,7936.43873783,1678.11252511,1678.10459065,0.05154079,2106.29220823,0.01998475,0.01998475,25181,77,0
7936.75341776,7936.75392148,1687.12816636,1687.11374939,0.04973596,2106.51267207,0.01998474,0.01998475,25180,77,0
7937.06917592,7937.06913015,1696.15497017,1696.15628156,0.04555698,2106.73254656,0.01998475,0.01998475,25179,77,0
7937.38434807,7937.38436385,1705.19266365,1705.19221080,0.04803039,2106.95085338,0.01998475,0.01998475,25178,77,0
7937.69919981,7937.69962259,1714.24088366,1714.22874330,0.04386965,2107.16776806,0.01998475,0.01998475,25177,77,0
7938.01478616,7938.01490635,1723.29926742,1723.29581241,0.04296743,2107.38400185,0.01998475,0.01998475,25176,77,0
7938.32971206,7938.33021516,1732.36769889,1732.35322188,0.04223090,2107.59859126,0.01998474,0.01998475,25175,77,0
7938.64593692,7938.64554900,1741.44649567,1741.45767034,0.04235065,2107.81287088,0.01998475,0.01998475,25174,77,0
7938.96109156,7938.96090789,1750.53602112,1750.54131814,0.04075946,2108.02523788,0.01998475,0.01998475,25173,77,0
7939.27632314,7939.27629182,1759.63663147,1759.63753566,0.04311818,2108.23647442,0.01998475,0.01998475,25172,77,0
7939.59124530,7939.59170081,1768.74846380,1768.73529712,0.04790617,2108.44632113,0.01998475,0.01998475,25171,77,0
7939.90657003,7939.90713484,1777.87143503,1777.85509036,0.05311781,2108.65524508,0.01998474,0.01998475,25170,77,0
7940.22271137,7940.22259393,1787.00545189,1787.00885406,0.05045631,2108.86350660,0.01998475,0.01998475,25169,77,0
7940.53818550,7940.53807808,1796.15042155,1796.15353691,0.04895890,2109.07012035,0.01998475,0.01998475,25168,77,0
7940.85354433,7940.85358729,1805.30626155,1805.30501414,0.04360214,2109.27544559,0.01998475,0.01998475,25167,77,0
7941.16896336,7941.16912157,1814.47289479,1814.46829610,0.04319488,2109.47959038,0.01998475,0.01998475,25166,77,0
7941.48491660,7941.48468091,1823.65024363,1823.65710189,0.04014569,2109.68285157,0.01998475,0.01998475,25165,77,0
7941.80017471,7941.80026532,1832.83827731,1832.83563771,0.05077134,2109.88443379,0.01998475,0.01998475,25164,77,0
7942.11642626,7942.11587480,1842.03716993,1842.05325180,0.04673984,2110.08541406,0.01998475,0.01998475,25163,77,0
7942.43194767,7942.43150937,1851.24715217,1851.25994876,0.04120947,2110.28469563,0.01998475,0.01998475,25162,77,0
7942.74743966,7942.74716901,1860.46845637,1860.47636767,0.04055391,2110.48272558,0.01998475,0.01998475,25161,77,0
7943.06300895,7943.06285373,1869.70132176,1869.70586431,0.04402208,2110.67957065,0.01998475,0.01998475,25160,77,0
7943.37874511,7943.37856354,1878.94599975,1878.95131976,0.04940419,2110.87528540,0.01998475,0.01998475,25159,77,0
7943.69461396,7943.69429843,1888.20274482,1888.21200141,0.04184006,2111.06984696,0.01998475,0.01998475,25158,77,0
7944.01016931,7944.01005842,1897.47179181,1897.47504917,0.03907464,2111.26298099,0.01998475,0.01998475,25157,77,0
7944.32596578,7944.32584350,1906.75291856,1906.75651449,0.05090407,2111.45501726,0.01998475,0.01998475,25156,77,0
7944.64211832,7944.64165368,1916.04546095,1916.05914038,0.04618455,2111.64600310,0.01998475,0.01998475,25155,77,0
7944.95760361,7944.95748895,1925.34873211,1925.35211113,0.03947634,2111.83530317,0.01998475,0.01998475,25154,77,0
7945.27278662,7945.27334934,1934.66218399,1934.64558321,0.05180425,2112.02312663,0.01998475,0.01998475,25153,77,0
7945.58917931,7945.58923482,1943.98628897,1943.98464955,0.04760326,2112.21037382,0.01998475,0.01998475,25152,77,0
7945.90518872,7945.90514542,1953.32196710,1953.32324765,0.04583856,2112.39611042,0.01998475,0.01998475,25151,77,0
7946.22128293,7946.22108113,1962.67014646,1962.67612149,0.05104385,2112.58062641,0.01998475,0.01998475,25150,77,0
7946.53715658,7946.53704195,1972.03133393,1972.03473247,0.04647917,2112.76374862,0.01998475,0.01998475,25149,77,0
7946.85318563,7946.85302789,1981.40485709,1981.40953898,0.03955480,2112.94567647,0.01998475,0.01998475,25148,77,0
7947.16915901,7947.16903895,1990.78983579,1990.79340314,0.05051813,2113.12626542,0.01998475,0.01998475,25147,77,0
7947.48541831,7947.48507514,2000.18540467,2000.19561227,0.04161632,2113.30568768,0.01998475,0.01998475,25146,77,0
7947.80092395,7947.80113645,2009.59131004,2009.58498285,0.04408431,2113.48334692,0.01998475,0.01998475,25145,77,0
7948.11672541,7948.11722289,2019.00799170,2018.99316283,0.05051278,2113.65984064,0.01998475,0.01998475,25144,77,0
7948.43371889,7948.43333447,2028.43592976,2028.44740156,0.04258250,2113.83566435,0.01998475,0.01998475,25143,77,0
7948.74964730,7948.74947118,2037.87561215,2037.88087400,0.05115128,2114.00956925,0.01998475,0.01998475,25142,77,0
7949.06581618,7949.06563303,2047.32756160,2047.33304035,0.04075591,2114.18228339,0.01998475,0.01998475,25141,77,0
7949.38154866,7949.38182002,2056.79231866,2056.78419045,0.05257134,2114.35344245,0.01998474,0.01998475,25140,77,0
7949.69777288,7949.69803216,2066.27042729,2066.26265017,0.03879670,2114.52355310,0.01998474,0.01998475,25139,77,0
7950.01450582,7950.01426945,2075.76218402,2075.76928352,0.05159018,2114.69261740,0.01998475,0.01998475,25138,77,0
7950.33095107,7950.33053188,2085.26726980,2085.27987645,0.04409582,2114.86019700,0.01998475,0.01998475,25137,77,0
7950.64694019,7950.64681947,2094.78526988,2094.78890481,0.04823146,2115.02619409,0.01998475,0.01998475,25136,77,0
7950.96340647,7950.96313222,2104.31577632,2104.32404455,0.03909804,2115.19108594,0.01998475,0.01998475,25135,77,0
7951.27970910,7951.27947013,2113.85856584,2113.86577892,0.04985270,2115.35452712,0.01998475,0.01998475,25134,77,0
7951.59578622,7951.59583320,2123.41357962,2123.41215978,0.03940134,2115.51648166,0.01998475,0.01998475,25133,77,0
7951.91219449,7951.91222144,2132.98076402,2132.97994858,0.04744784,2115.67722765,0.01998475,0.01998475,25132,77,0
7952.22889472,7952.22863484,2142.56013124,2142.56800391,0.05294032,2115.83673577,0.01998475,0.01998475,25131,77,0
7952.54515238,7952.54507342,2152.15200654,2152.15440144,0.04314877,2115.99463685,0.01998475,0.01998475,25130,77,0
7952.86189660,7952.86153717,2161.75680999,2161.76772577,0.04851821,2116.15139562,0.01998475,0.01998475,25129,77,0
7953.17838382,7953.17802610,2171.37495976,2171.38583811,0.04434504,2116.30664340,0.01998475,0.01998475,25128,77,0
7953.49488436,7953.49454021,2181.00662079,2181.01710031,0.04999447,2116.46051088,0.01998475,0.01998475,25127,77,0
7953.81058133,7953.81107951,2190.65158864,2190.63639932,0.05015276,2116.61259672,0.01998474,0.01998475,25126,77,0
7954.12798798,7954.12764399,2200.30962823,2200.32012941,0.04081503,2116.76409590,0.01998475,0.01998475,25125,77,0
7954.44454501,7954.44423366,2209.98049932,2209.99001583,0.04551367,2116.91377141,0.01998475,0.01998475,25124,77,0
7954.76080438,7954.76084853,2219.66393530,2219.66258409,0.04824848,2117.06188202,0.01998475,0.01998475,25123,77,0
7955.07768712,7955.07748859,2229.35965615,2229.36573868,0.03602976,2117.20884691,0.01998475,0.01998475,25122,77,0
7955.39459794,7955.39415385,2239.06738159,2239.08100333,0.05003114,2117.35437575,0.01998475,0.01998475,25121,77,0
7955.71060471,7955.71084431,2248.78711313,2248.77975492,0.04524176,2117.49804108,0.01998475,0.01998475,25120,77,0
7956.02766226,7956.02755998,2258.51941890,2258.52256365,0.04935440,2117.64073343,0.01998475,0.01998475,25119,77,0
7956.34488193,7956.34430086,2268.26493885,2268.28282919,0.03921502,2117.78204799,0.01998475,0.01998475,25118,77,0
7956.66094607,7956.66106694,2278.02427343,2278.02054674,0.04342746,2117.92140704,0.01998475,0.01998475,25117,77,0
7956.97788317,7956.97785824,2287.79757728,2287.79834664,0.04608414,2118.05970271,0.01998475,0.01998475,25116,77,0
7957.29465306,7957.29467476,2297.58474458,2297.58407382,0.05222990,2118.19646834,0.01998475,0.01998475,25115,77,0
7957.61125080,7957.61151650,2307.38566507,2307.37744078,0.05111739,2118.33169622,0.01998475,0.01998475,25114,77,0
7957.92878161,7957.92838346,2317.20015903,2317.21249913,0.04001748,2118.46584432,0.01998475,0.01998475,25113,77,0
7958.24535576,7958.24527565,2327.02788744,2327.03037347,0.04779979,2118.59810363,0.01998475,0.01998475,25112,77,0
7958.56219233,7958.56219307,2336.86848629,2336.86846338,0.04683961,2118.72897744,0.01998475,0.01998475,25111,77,0
7958.87871224,7958.87913571,2346.72165951,2346.70848653,0.04812484,2118.85821717,0.01998474,0.01998475,25110,77,0
7959.19633164,7959.19610360,2356.58787294,2356.59497565,0.04736888,2118.98639572,0.01998475,0.01998475,25109,77,0
7959.51334772,7959.51309672,2366.46806173,2366.47589043,0.03710775,2119.11282824,0.01998475,0.01998475,25108,77,0
7959.82997626,7959.83011508,2376.36317298,2376.35883659,0.05626752,2119.23761320,0.01998474,0.01998475,25107,77,0
7960.14755006,7960.14715869,2386.27368272,2386.28592528,0.04115355,2119.36127083,0.01998475,0.01998475,25106,77,0
7960.46416992,7960.46422755,2396.19901651,2396.19721125,0.05197554,2119.48304746,0.01998475,0.01998475,25105,77,0
7960.78147518,7960.78132165,2406.13845447,2406.14327001,0.04674315,2119.60355991,0.01998475,0.01998475,25104,77,0
7961.09862628,7961.09844101,2416.09133580,2416.09715412,0.04361204,2119.72247108,0.01998475,0.01998475,25103,77,0
7961.41527097,7961.41558562,2426.05758474,2426.04769038,0.04662987,2119.83964662,0.01998474,0.01998475,25102,77,0
7961.73236328,7961.73275550,2436.03743893,2436.02508961,0.04495680,2119.95543655,0.01998474,0.01998475,25101,77,0
7962.04989390,7962.04995063,2446.03114274,2446.02935415,0.04746777,2120.06982741,0.01998475,0.01998475,25100,77,0
7962.36709877,7962.36717104,2456.03909900,2456.03681756,0.04443060,2120.18254118,0.01998475,0.01998475,25099,77,0
7962.68450996,7962.68441671,2466.06198755,2466.06493583,0.04472795,2120.29376863,0.01998475,0.01998475,25098,77,0
7963.00164028,7963.00168765,2476.10052155,2476.09902176,0.05129727,2120.40334030,0.01998475,0.01998475,25097,77,0
7963.31896109,7963.31898386,2486.15521877,2486.15449646,0.04673459,2120.51141785,0.01998475,0.01998475,25096,77,0
7963.63654674,7963.63630536,2496.22535336,2496.23301876,0.04599735,2120.61800796,0.01998475,0.01998475,25095,77,0
7963.95394390,7963.95365213,2506.30971575,2506.31899326,0.04890784,2120.72293813,0.01998475,0.01998475,25094,77,0
7964.27127731,7964.27102419,2516.40711622,2516.41517419,0.05127190,2120.82623276,0.01998475,0.01998475,25093,77,0
7964.58902138,7964.58842153,2526.51732955,2526.53644868,0.04527353,2120.92803536,0.01998475,0.01998475,25092,77,0
7964.90593573,7964.90584417,2536.64126881,2536.64419117,0.04402163,2121.02795475,0.01998475,0.01998475,25091,77,0
7965.22324012,7965.22329209,2546.77991963,2546.77825845,0.04560284,2121.12638194,0.01998475,0.01998475,25090,77,0
7965.54083666,7965.54076531,2556.93402421,2556.93630797,0.04535272,2121.22328148,0.01998475,0.01998475,25089,77,0
7965.85844158,7965.85826383,2567.10344008,2567.10913737,0.04443843,2121.31855583,0.01998475,0.01998475,25088,77,0
7966.17554984,7966.17578765,2577.28782657,2577.28019372,0.05164644,2121.41204694,0.01998474,0.01998475,25087,77,0
7966.49359784,7966.49333678,2587.48686997,2587.49526025,0.04981579,2121.50416499,0.01998475,0.01998475,25086,77,0
7966.81095173,7966.81091122,2597.70061323,2597.70191708,0.04726019,2121.59442832,0.01998475,0.01998475,25085,77,0
7967.12843761,7967.12851096,2607.92933620,2607.92697209,0.04620008,2121.68307177,0.01998474,0.01998475,25084,77,0
7967.44603571,7967.44613602,2618.17332545,2618.17008785,0.04600158,2121.77008325,0.01998474,0.01998475,25083,77,0
7967.76392821,7967.76378639,2628.43288180,2628.43746559,0.05085027,2121.85550473,0.01998474,0.01998475,25082,77,0
7968.08157017,7968.08146209,2638.70832900,2638.71182765,0.04415099,2121.93918465,0.01998474,0.01998475,25081,77,0
7968.39940458,7968.39916311,2648.99999560,2649.00782375,0.04244030,2122.02123519,0.01998475,0.01998475,25080,77,0
7968.71669211,7968.71688945,2659.30812692,2659.30171972,0.05360095,2122.10146247,0.01998474,0.01998475,25079,77,0
7969.03489412,7969.03464112,2669.63256521,2669.64079164,0.04596461,2122.18022401,0.01998475,0.01998475,25078,77,0
7969.35273992,7969.35241813,2679.97303213,2679.98351068,0.04449191,2122.25719096,0.01998475,0.01998475,25077,77,0
7969.67055506,7969.67022047,2690.32927123,2690.34018234,0.04755928,2122.33243578,0.01998475,0.01998475,25076,77,0
7969.98829667,7969.98804815,2700.70137102,2700.70948737,0.04427649,2122.40594228,0.01998475,0.01998475,25075,77,0
7970.30559202,7970.30590116,2711.08967799,2711.07956682,0.04180080,2122.47762328,0.01998474,0.01998475,25074,77,0
7970.62349002,7970.62377953,2721.49454343,2721.48505986,0.05151610,2122.54770905,0.01998474,0.01998475,25073,77,0
7970.94130077,7970.94168324,2731.91598544,2731.90343823,0.04237816,2122.61603548,0.01998474,0.01998474,25072,77,0
7971.25907488,7971.25961230,2742.35345257,2742.33579684,0.05017707,2122.68260305,0.01998474,0.01998474,25071,77,0
7971.57724901,7971.57756671,2752.80633301,2752.79588128,0.04552043,2122.74748883,0.01998474,0.01998474,25070,77,0
7971.89567334,7971.89554648,2763.27425946,2763.27843850,0.05218525,2122.81064729,0.01998475,0.01998474,25069,77,0
7972.21385985,7972.21355161,2773.75785413,2773.76802341,0.03659225,2122.87197798,0.01998475,0.01998474,25068,77,0
7972.53203091,7972.53158210,2784.25799119,2784.27282081,0.04745548,2122.93152326,0.01998475,0.01998474,25067,77,0
7972.84995528,7972.84963795,2794.77548376,2794.78598558,0.04465899,2122.98923853,0.01998475,0.01998474,25066,77,0
7973.16738583,7973.16771918,2805.31049178,2805.29944261,0.04754787,2123.04507760,0.01998474,0.01998474,25065,77,0
7973.48590039,7973.48582577,2815.86280935,2815.86528652,0.04188704,2123.09930354,0.01998475,0.01998474,25064,77,0
7973.80403505,7973.80395774,2826.43222751,2826.43479772,0.05012603,2123.15165175,0.01998475,0.01998474,25063,77,0
7974.12210338,7974.12211509,2837.01861850,2837.01822854,0.05223809,2123.20216878,0.01998475,0.01998474,25062,77,0
7974.43987580,7974.44029782,2847.62194613,2847.60787188,0.04497038,2123.25081294,0.01998474,0.01998474,25061,77,0
7974.75825996,7974.75850593,2858.24217815,2858.23396258,0.04911374,2123.29771213,0.01998474,0.01998474,25060,77,0
7975.07655128,7975.07673943,2868.87920926,2868.87291560,0.04347784,2123.34274947,0.01998475,0.01998474,25059,77,0
7975.39466767,7975.39499832,2879.53277607,2879.52169968,0.04670179,2123.38590654,0.01998474,0.01998474,25058,77,0
7975.71304993,7975.71328260,2890.20259203,2890.19478684,0.05203815,2123.42723328,0.01998474,0.01998474,25057,77,0
7976.03136896,7976.03159227,2900.88855341,2900.88105127,0.04118707,2123.46667700,0.01998474,0.01998474,25056,77,0
7976.34967197,7976.34992735,2911.59134074,2911.58274824,0.04730782,2123.50423882,0.01998474,0.01998474,25055,77,0
7976.66849008,7976.66828782,2922.31184860,2922.31866488,0.04671536,2123.53997176,0.01998475,0.01998474,25054,77,0
7976.98670543,7976.98667370,2933.05086306,2933.05193416,0.04883518,2123.57374507,0.01998475,0.01998474,25053,77,0
7977.30513267,7977.30508499,2943.80821836,2943.80983052,0.04373550,2123.60563918,0.01998475,0.01998474,25052,77,0
7977.62355494,7977.62352169,2954.58327717,2954.58440305,0.05128763,2123.63561983,0.01998475,0.01998474,25051,77,0
7977.94230914,7977.94198381,2965.37543736,2965.38647052,0.04408723,2123.66370565,0.01998475,0.01998474,25050,77,0
7978.26060081,7978.26047134,2976.18484176,2976.18923939,0.04802076,2123.68981987,0.01998475,0.01998474,25049,77,0
7978.57913197,7978.57898429,2987.01225696,2987.01728119,0.04448623,2123.71401538,0.01998474,0.01998474,25048,77,0
7978.89724059,7978.89752266,2997.85846507,2997.84885238,0.05134205,2123.73623631,0.01998474,0.01998474,25047,77,0
7979.21590321,7979.21608646,3008.72382042,3008.71756511,0.04717909,2123.75654110,0.01998474,0.01998474,25046,77,0
7979.53487310,7979.53467569,3019.60810372,3019.61485378,0.04909732,2123.77489628,0.01998474,0.01998474,25045,77,0
7979.85366349,7979.85329035,3030.51105500,3030.52383425,0.04617218,2123.79126296,0.01998475,0.01998474,25044,77,0
7980.17147974,7980.17193045,3041.43261937,3041.41715842,0.04515509,2123.80560187,0.01998474,0.01998474,25043,77,0
7980.49039578,7980.49059598,3052.37316808,3052.36628900,0.04592825,2123.81799665,0.01998474,0.01998474,25042,77,0
7980.80862166,7980.80928696,3063.33312820,3063.31022882,0.04482668,2123.82836494,0.01998474,0.01998474,25041,77,0
7981.12811235,7981.12800338,3074.31260357,3074.31636068,0.04989804,2123.83675544,0.01998475,0.01998474,25040,77,0
7981.44694828,7981.44674525,3085.31067970,3085.31769091,0.04567506,2123.84310184,0.01998475,0.01998474,25039,77,0
7981.76494273,7981.76551256,3096.32623472,3096.30652918,0.04774690,2123.84740523,0.01998474,0.01998474,25038,77,0
7982.08407135,7982.08430534,3107.35853394,3107.35043046,0.04453823,2123.84968093,0.01998474,0.01998474,25037,77,0
7982.40317053,7982.40312356,3118.40866045,3118.41028974,0.04610495,2123.84990182,0.01998474,0.01998474,25036,77,0
7982.72226388,7982.72196725,3129.47823040,3129.48853772,0.04572324,2123.84805909,0.01998475,0.01998474,25035,77,0
7983.04057428,7983.04083640,3140.56862955,3140.55950457,0.04987830,2123.84415465,0.01998474,0.01998474,25034,77,0
7983.35965390,7983.35973102,3151.67966477,3151.67697534,0.05087290,2123.83815931,0.01998474,0.01998474,25033,77,0
7983.67916336,7983.67865110,3162.81050851,3162.82840172,0.05147044,2123.83005805,0.01998475,0.01998474,25032,77,0
7983.99795808,7983.99759666,3173.96042687,3173.97307175,0.05076867,2123.81987358,0.01998475,0.01998474,25031,77,0
7984.31666867,7984.31656769,3185.12959147,3185.13313036,0.04705743,2123.80758403,0.01998474,0.01998474,25030,77,0
7984.63604528,7984.63556420,3196.31864889,3196.33553781,0.04453129,2123.79314424,0.01998475,0.01998474,25029,77,0
7984.95462210,7984.95458619,3207.52819754,3207.52946017,0.04698551,2123.77661101,0.01998474,0.01998474,25028,77,0
7985.27340653,7985.27363367,3218.75816490,3218.75016312,0.05090531,2123.75792790,0.01998474,0.01998474,25027,77,0
7985.59277492,7985.59270663,3230.00804348,3230.01045322,0.04728128,2123.73705566,0.01998474,0.01998474,25026,77,0
7985.91135064,7985.91180508,3241.27735941,3241.26129700,0.04559706,2123.71407750,0.01998474,0.01998474,25025,77,0
7986.23098538,7986.23092903,3252.56630614,3252.56830114,0.05294860,2123.68884702,0.01998474,0.01998474,25024,77,0
7986.55026030,7986.55007847,3263.87558669,3263.88203556,0.04684719,2123.66145752,0.01998474,0.01998474,25023,77,0
7986.86959077,7986.86925341,3275.20589850,3275.21788500,0.05228804,2123.63186444,0.01998474,0.01998474,25022,77,0
7987.18887667,7987.18845385,3286.55750222,3286.57255211,0.05070772,2123.60006560,0.01998475,0.01998474,25021,77,0
7987.50752347,7987.50767980,3297.93028397,3297.92470963,0.04890810,2123.56611697,0.01998474,0.01998474,25020,77,0
7987.82709413,7987.82693126,3309.32411784,3309.32993580,0.04330767,2123.52983882,0.01998474,0.01998474,25019,77,0
7988.14576014,7988.14620823,3320.73890379,3320.72286990,0.04929824,2123.49142832,0.01998474,0.01998474,25018,77,0
7988.46599156,7988.46551071,3332.17456555,3332.19180184,0.04488200,2123.45057047,0.01998475,0.01998474,25017,77,0
7988.78483569,7988.78483871,3343.63104759,3343.63093918,0.04984148,2123.40762987,0.01998474,0.01998474,25016,77,0
7989.10492508,7989.10419224,3355.10872473,3355.13508736,0.04458448,2123.36224145,0.01998475,0.01998474,25015,77,0
7989.42367835,7989.42357128,3366.60838159,3366.61224044,0.05441320,2123.31475824,0.01998474,0.01998474,25014,77,0
7989.74353201,7989.74297585,3378.13079089,3378.15087320,0.04420056,2123.26480526,0.01998475,0.01998474,25013,77,0
7990.06289741,7990.06240596,3389.67600390,3389.69378296,0.04689138,2123.21261217,0.01998475,0.01998474,25012,77,0
7990.38183148,7990.38186159,3401.24339496,3401.24230355,0.04606131,2123.15817108,0.01998474,0.01998474,25011,77,0
7990.70146177,7990.70134276,3412.83233387,3412.83665459,0.05168417,2123.10127853,0.01998474,0.01998474,25010,77,0
7991.02095918,7991.02084947,3424.44270218,3424.44669212,0.04342740,2123.04206564,0.01998474,0.01998474,25009,77,0
7991.34084077,7991.34038173,3436.07483434,3436.09156029,0.04953793,2122.98042116,0.01998475,0.01998474,25008,77,0
7991.65990879,7991.65993952,3447.72908684,3447.72796480,0.05014973,2122.91656767,0.01998474,0.01998474,25007,77,0
7991.97998874,7991.97952287,3459.40586871,3459.42290634,0.04349466,2122.85012399,0.01998475,0.01998474,25006,77,0
7992.29971771,7992.29913177,3471.10563193,3471.12710157,0.04862021,2122.78135145,0.01998475,0.01998474,25005,77,0
7992.61847296,7992.61876622,3482.82879398,3482.81802774,0.05117693,2122.71038466,0.01998474,0.01998474,25004,77,0
7992.93880591,7992.93842623,3494.57526882,3494.58923378,0.04979381,2122.63663726,0.01998475,0.01998474,25003,77,0
7993.25801258,7993.25811180,3506.34462258,3506.34096619,0.04447591,2122.56071756,0.01998474,0.01998474,25002,77,0
7993.57813977,7993.57782294,3518.13640856,3518.14810458,0.04940960,2122.48213241,0.01998475,0.01998474,25001,77,0
7993.89738185,7993.89755964,3529.95016690,3529.94359235,0.05069016,2122.40131642,0.01998474,0.01998474,25000,77,0
7994.21761319,7994.21732191,3541.78542773,3541.79621826,0.04822643,2122.31778609,0.01998475,0.01998474,24999,77,0
7994.53758604,7994.53710975,3553.64197614,3553.65965083,0.05196064,2122.23184910,0.01998475,0.01998474,24998,77,0
7994.85679947,7994.85692317,3565.52147421,3565.51687481,0.04183730,2122.14362854,0.01998474,0.01998474,24997,77,0
7995.17668749,7995.17676217,3577.42642804,3577.42364529,0.04018312,2122.05269799,0.01998474,0.01998474,24996,77,0
7995.49682388,7995.49662675,3589.35870761,3589.36606929,0.04283675,2121.95913960,0.01998474,0.01998474,24995,77,0
7995.81619354,7995.81651691,3601.31673415,3601.30463417,0.04474726,2121.86325473,0.01998474,0.01998474,24994,77,0
7996.13640989,7996.13643267,3613.29778784,3613.29693402,0.04626804,2121.76456727,0.01998474,0.01998474,24993,77,0
7996.45610305,7996.45637401,3625.30026257,3625.29008852,0.04096181,2121.66349743,0.01998474,0.01998474,24992,77,0
7996.77665857,7996.77634095,3637.32664554,3637.33859616,0.03973343,2121.55957051,0.01998474,0.01998474,24991,77,0
7997.09589408,7997.09633349,3649.38036923,3649.36379768,0.04750091,2121.45345674,0.01998474,0.01998474,24990,77,0
7997.41681968,7997.41635162,3661.46316905,3661.48086086,0.05026900,2121.34412070,0.01998474,0.01998474,24989,77,0
7997.73674716,7997.73639536,3673.57265181,3673.58597559,0.04638655,2121.23247655,0.01998474,0.01998474,24988,77,0
7998.05609548,7998.05646471,3685.70582219,3685.69181326,0.04668281,2121.11841212,0.01998474,0.01998474,24987,77,0
7998.37618090,7998.37655967,3697.86166908,3697.84727149,0.05137624,2121.00145295,0.01998474,0.01998474,24986,77,0
7998.69705339,7998.69668024,3710.04231076,3710.05652409,0.04836470,2120.88152924,0.01998474,0.01998474,24985,77,0
7999.01641419,7999.01682642,3722.25007422,3722.23433762,0.04155085,2120.75947283,0.01998474,0.01998474,24984,77,0
7999.33639751,7999.33699823,3734.48533292,3734.46235284,0.04493585,2120.63446123,0.01998474,0.01998474,24983,77,0
7999.65707284,7999.65719566,3746.74650919,3746.74180171,0.04764106,2120.50645262,0.01998474,0.01998474,24982,77,0
7999.97658790,7999.97741871,3759.03206479,3759.00016033,0.04814745,2120.37619532,0.01998474,0.01998474,24981,77,0
8000.29760363,8000.29766739,3771.34193929,3771.33948636,0.03675535,2120.24258822,0.01998474,0.01998474,24980,77,0
8000.61781790,8000.61794170,3783.67696670,3783.67219389,0.04845878,2120.10655862,0.01998474,0.01998474,24979,77,0
8000.93841974,8000.93824164,3796.03793298,3796.04481314,0.04130632,2119.96758470,0.01998474,0.01998474,24978,77,0
8001.25852915,8001.25856723,3808.42525465,3808.42378059,0.05018912,2119.82603092,0.01998474,0.01998474,24977,77,0
8001.57873603,8001.57891845,3820.83922607,3820.83214970,0.04703803,2119.68162430,0.01998474,0.01998474,24976,77,0
8001.89927552,8001.89929532,3833.28005783,3833.27928822,0.04840450,2119.53423663,0.01998474,0.01998474,24975,77,0
8002.21982966,8002.21969783,3845.74772191,3845.75285691,0.04463325,2119.38399568,0.01998474,0.01998474,24974,77,0
8002.53961450,8002.54012599,3858.24216300,3858.22219774,0.04336001,2119.23126552,0.01998474,0.01998474,24973,77,0
8002.86110667,8002.86057981,3870.76404141,3870.78465133,0.04780606,2119.07482827,0.01998474,0.01998474,24972,77,0
8003.18164408,8003.18105928,3883.31504920,3883.33797857,0.03641727,2118.91593297,0.01998474,0.01998474,24971,77,0
8003.50124459,8003.50156441,3895.89681206,3895.88424244,0.04177840,2118.75456012,0.01998474,0.01998474,24970,77,0
8003.82181787,8003.82209520,3908.50867616,3908.49775197,0.05069887,2118.58973711,0.01998474,0.01998474,24969,77,0
8004.14212074,8004.14265166,3921.14830097,3921.12734557,0.03767872,2118.42210852,0.01998474,0.01998474,24968,77,0
8004.46307509,8004.46323379,3933.81398723,3933.80771076,0.04549518,2118.25119503,0.01998474,0.01998474,24967,77,0
8004.78417515,8004.78384159,3946.50793169,3946.52115395,0.04622460,2118.07721094,0.01998474,0.01998474,24966,77,0
8005.10430444,8005.10447506,3959.23369476,3959.22691437,0.03807005,2117.90070794,0.01998474,0.01998474,24965,77,0
8005.42538793,8005.42513421,3971.99259525,3972.00270270,0.04472897,2117.72058895,0.01998474,0.01998474,24964,77,0
8005.74608940,8005.74581904,3984.78061691,3984.79140875,0.04377721,2117.53763517,0.01998474,0.01998474,24963,77,0
8006.06649114,8006.06652955,3997.59313403,3997.59159805,0.04530889,2117.35186135,0.01998474,0.01998474,24962,77,0
8006.38721349,8006.38726575,4010.43049556,4010.42840167,0.04709383,2117.16288962,0.01998474,0.01998474,24961,77,0
8006.70806850,8006.70802764,4023.29822811,4023.29986912,0.04352794,2116.97072831,0.01998474,0.01998474,24960,77,0
8007.02877292,8007.02881523,4036.20126933,4036.19956529,0.04746378,2116.77545574,0.01998474,0.01998474,24959,77,0
8007.34967105,8007.34962850,4049.13824363,4049.13996126,0.04166368,2116.57686346,0.01998474,0.01998474,24958,77,0
8007.67038631,8007.67046748,4062.10500231,4062.10171845,0.03761132,2116.37523071,0.01998474,0.01998474,24957,77,0
8007.99152192,8007.99133216,4075.09888350,4075.10657593,0.04576733,2116.17020105,0.01998474,0.01998474,24956,77,0
8008.31279718,8008.31222255,4088.12115708,4088.14450213,0.04315742,2115.96191062,0.01998475,0.01998474,24955,77,0
nan,nan,0.00000000,-1.00000000,0.00000000,2117.01386783,nan,0.00000000,-2147483648,76,1
7976.03170199,7976.03159227,13.28015277,13.28274146,0.04296715,2117.40219319,0.01998475,0.01998474,25056,76,0
7976.35020325,7976.34992735,20.79368960,20.80020416,0.05418527,2117.80208006,0.01998475,0.01998474,25055,76,0
7976.66869240,7976.66828782,28.31349730,28.32305718,0.03716508,2118.20128342,0.01998475,0.01998474,25054,76,0
7976.98664643,7976.98667370,35.83968115,35.83903624,0.05577779,2118.59915282,0.01998475,0.01998474,25053,76,0
7977.30518255,7977.30508499,43.37225642,43.37456518,0.03607004,2118.99708465,0.01998475,0.01998474,25052,76,0
7977.62405480,7977.62352169,50.91098708,50.92361244,0.05116925,2119.39475407,0.01998475,0.01998474,25051,76,0
7977.94249091,7977.94198381,58.45559272,58.46761045,0.03341323,2119.79118139,0.01998475,0.01998474,25050,76,0
7978.26051010,7978.26047134,66.00579154,66.00671083,0.05487543,2120.18637658,0.01998475,0.01998474,25049,76,0
7978.57906817,7978.57898429,73.56131844,73.56330882,0.03803674,2120.58151120,0.01998475,0.01998474,25048,76,0
7978.89764986,7978.89752266,81.12222304,81.12524324,0.05334276,2120.97594497,0.01998475,0.01998474,25047,76,0
7979.21552881,7979.21608646,88.68882436,88.67557431,0.04862426,2121.36879560,0.01998474,0.01998474,25046,76,0
7979.53560480,7979.53467569,96.26145159,96.28354403,0.03542967,2121.76365691,0.01998475,0.01998474,25045,76,0
7979.85328961,7979.85329035,103.84043549,103.84041789,0.05003856,2122.15488427,0.01998475,0.01998474,25044,76,0
7980.17218462,7980.17193045,111.42603703,111.43209025,0.02767629,2122.54692775,0.01998475,0.01998474,25043,76,0
7980.49040882,7980.49059598,119.01824648,119.01378569,0.05530993,2122.93747033,0.01998474,0.01998474,25042,76,0
7980.80822008,7980.80928696,126.61698934,126.59154123,0.04513401,2123.32682576,0.01998474,0.01998474,25041,76,0
7981.12771804,7981.12800338,134.22219075,134.21537946,0.04643926,2123.71755612,0.01998474,0.01998474,25040,76,0
7981.44646623,7981.44674525,141.83377456,141.82710910,0.04827615,2124.10667245,0.01998474,0.01998474,25039,76,0
7981.76514332,7981.76551256,149.45164287,149.44281553,0.03676064,2124.49499872,0.01998474,0.01998474,25038,76,0
7982.08359524,7982.08430534,157.07567523,157.05868689,0.05614667,2124.88233980,0.01998474,0.01998474,25037,76,0
7982.40304507,7982.40312356,164.70574955,164.70387030,0.05177463,2125.27017241,0.01998474,0.01998474,25036,76,0
7982.72173244,7982.72196725,172.34174314,172.33611761,0.03728129,2125.65635018,0.01998474,0.01998474,25035,76,0
7983.04046422,7983.04083640,179.98360018,179.97467755,0.04936116,2126.04184844,0.01998474,0.01998474,25034,76,0
7983.35973721,7983.35973102,187.63155413,187.63170276,0.04301681,2126.42727569,0.01998474,0.01998474,25033,76,0
7983.67889497,7983.67865110,195.28591726,195.29177260,0.04863554,2126.81185156,0.01998474,0.01998474,25032,76,0
7983.99746821,7983.99759666,202.94700335,202.94391678,0.05682158,2127.19502630,0.01998474,0.01998474,25031,76,0
7984.31667474,7984.31656769,210.61511586,210.61769036,0.04859487,2127.57827722,0.01998474,0.01998474,25030,76,0
7984.63509221,7984.63556420,218.29026147,218.27890067,0.03980326,2127.95989492,0.01998474,0.01998474,25029,76,0
7984.95409197,7984.95458619,225.97213426,225.96022899,0.05580692,2128.34150589,0.01998474,0.01998474,25028,76,0
7985.27397793,7985.27363367,233.66041202,233.66871085,0.04932440,2128.72345039,0.01998475,0.01998474,25027,76,0
7985.59327588,7985.59270663,241.35477088,241.36850295,0.03414882,2129.10394885,0.01998475,0.01998474,25026,76,0
7985.91181738,7985.91180508,249.05498298,249.05527985,0.05008555,2129.48279187,0.01998474,0.01998474,25025,76,0
7986.23116497,7986.23092903,256.76120516,256.76690479,0.04398279,2129.86184328,0.01998474,0.01998474,25024,76,0
7986.55025801,7986.55007847,264.47369028,264.47803054,0.04859352,2130.23985241,0.01998474,0.01998474,25023,76,0
7986.86968864,7986.86925341,272.19269247,272.20322236,0.04273606,2130.61753066,0.01998474,0.01998474,25022,76,0
7987.18854120,7987.18845385,279.91845981,279.92057483,0.04893684,2130.99380591,0.01998474,0.01998474,25021,76,0
7987.50776614,7987.50767980,287.65110286,287.65319514,0.05043994,2131.36980340,0.01998474,0.01998474,25020,76,0
7987.82715551,7987.82693126,295.39060873,295.39604727,0.03366550,2131.74527325,0.01998474,0.01998474,25019,76,0
7988.14523418,7988.14620823,303.13696009,303.11331803,0.05126915,2132.11848189,0.01998474,0.01998474,25018,76,0
7988.46584956,7988.46551071,310.89013950,310.89837064,0.04553732,2132.49393608,0.01998474,0.01998474,25017,76,0
7988.78506767,7988.78483871,318.65014048,318.65570667,0.04714752,2132.86702223,0.01998474,0.01998474,25016,76,0
7989.10431768,7989.10419224,326.41698942,326.42004158,0.03714356,2133.23941417,0.01998474,0.01998474,25015,76,0
7989.42326411,7989.42357128,334.19071896,334.18323930,0.05011707,2133.61072057,0.01998474,0.01998474,25014,76,0
7989.74398461,7989.74297585,341.97136188,341.99594497,0.04912525,2133.98335415,0.01998475,0.01998474,25013,76,0
7990.06197897,7990.06240596,349.75894270,349.74852874,0.04678296,2134.35208819,0.01998474,0.01998474,25012,76,0
7990.38253005,7990.38186159,357.55338990,357.56970622,0.04832338,2134.72304315,0.01998475,0.01998474,25011,76,0
7990.70106000,7990.70134276,365.35457035,365.34766318,0.03314355,2135.09091070,0.01998474,0.01998474,25010,76,0
7991.02072168,7991.02084947,373.16234921,373.15922503,0.04971310,2135.45932638,0.01998474,0.01998474,25009,76,0
7991.34050776,7991.34038173,380.97659182,380.97967516,0.05091677,2135.82711605,0.01998474,0.01998474,25008,76,0
7991.65983284,7991.65993952,388.79725984,388.79464783,0.05036890,2136.19360347,0.01998474,0.01998474,25007,76,0
7991.97963285,7991.97952287,396.62449763,396.62719230,0.04420764,2136.55986719,0.01998474,0.01998474,25006,76,0
7992.29967685,7992.29913177,404.45847058,404.47183633,0.05211587,2136.92564541,0.01998475,0.01998474,25005,76,0
7992.61850299,7992.61876622,412.29934492,412.29288493,0.04501876,2137.28927613,0.01998474,0.01998474,25004,76,0
7992.93867646,7992.93842623,420.14726666,420.15341249,0.04551687,2137.65368878,0.01998474,0.01998474,25003,76,0
7993.25817719,7993.25811180,428.00225641,428.00386369,0.04508933,2138.01658015,0.01998474,0.01998474,25002,76,0
7993.57847108,7993.57782294,435.86428814,435.88023325,0.04536420,2138.37961096,0.01998475,0.01998474,25001,76,0
7993.89765499,7993.89755964,443.73333556,443.73568337,0.04534554,2138.74062148,0.01998474,0.01998474,25000,76,0
7994.21745190,7994.21732191,451.60937293,451.61257618,0.04824187,2139.10155846,0.01998474,0.01998474,24999,76,0
7994.53734290,7994.53710975,459.49239044,459.49814006,0.05331523,2139.46183068,0.01998474,0.01998474,24998,76,0
7994.85723520,7994.85692317,467.38239471,467.39009589,0.03688860,2139.82133103,0.01998475,0.01998474,24997,76,0
7995.17713243,7995.17676217,475.27939317,475.28853880,0.04804223,2140.18006128,0.01998475,0.01998474,24996,76,0
7995.49740812,7995.49662675,483.18339319,483.20270904,0.04382645,2140.53843667,0.01998475,0.01998474,24995,76,0
7995.81647805,7995.81651691,491.09435524,491.09339371,0.04753224,2140.89468317,0.01998474,0.01998474,24994,76,0
7996.13669312,7996.13643267,499.01211180,499.01856034,0.05123293,2141.25141571,0.01998475,0.01998474,24993,76,0
7996.45620446,7996.45637401,506.93647287,506.93227192,0.04959410,2141.60656194,0.01998474,0.01998474,24992,76,0
7996.77582985,7996.77634095,514.86724741,514.85457465,0.05123495,2141.96102211,0.01998474,0.01998474,24991,76,0
7997.09561781,7997.09633349,522.80430486,522.78654694,0.04994127,2142.31484082,0.01998474,0.01998474,24990,76,0
7997.41579393,7997.41635162,530.74798926,530.73414025,0.04676182,2142.66827848,0.01998474,0.01998474,24989,76,0
7997.73635004,7997.73639536,538.69886784,538.69774133,0.04304490,2143.02134589,0.01998474,0.01998474,24988,76,0
7998.05607357,7998.05646471,546.65751208,546.64778163,0.04383440,2143.37273169,0.01998474,0.01998474,24987,76,0
7998.37601280,7998.37655967,554.62447618,554.61085836,0.04786334,2143.72361162,0.01998474,0.01998474,24986,76,0
7998.69660768,7998.69668024,562.59974767,562.59793919,0.04837644,2144.07446146,0.01998474,0.01998474,24985,76,0
7999.01683548,7999.01682642,570.58268110,570.58290709,0.04533447,2144.42412954,0.01998474,0.01998474,24984,76,0
7999.33684673,7999.33699823,578.57259448,578.56881248,0.04887667,2144.77274974,0.01998474,0.01998474,24983,76,0
7999.65718767,7999.65719566,586.56880288,586.56860333,0.04661295,2145.12088432,0.01998474,0.01998474,24982,76,0
7999.97702959,7999.97741871,594.57096003,594.56123294,0.04399965,2145.46761605,0.01998474,0.01998474,24981,76,0
8000.29757671,8000.29766739,602.57959831,602.57732985,0.04933916,2145.81427036,0.01998474,0.01998474,24980,76,0
8000.61780916,8000.61794170,610.59539258,610.59207393,0.04204580,2146.15976942,0.01998474,0.01998474,24979,76,0
8000.93792791,8000.93824164,618.61902136,618.61115840,0.04544254,2146.50435811,0.01998474,0.01998474,24978,76,0
8001.25829905,8001.25856723,626.65103364,626.64430605,0.04448419,2146.84845050,0.01998474,0.01998474,24977,76,0
8001.57892734,8001.57891845,634.69115866,634.69138180,0.04591419,2147.19203511,0.01998474,0.01998474,24976,76,0
8001.89915462,8001.89929532,642.73881038,642.73527481,0.04692173,2147.53437919,0.01998474,0.01998474,24975,76,0
8002.21943796,8002.21969783,650.79339888,650.78686353,0.04779700,2147.87594486,0.01998474,0.01998474,24974,76,0
8002.53945202,8002.54012599,658.85437255,658.83741150,0.05192367,2148.21636019,0.01998474,0.01998474,24973,76,0
8002.86072231,8002.86057981,666.92184857,666.92543756,0.04574551,2148.55724646,0.01998474,0.01998474,24972,76,0
8003.18180357,8003.18105928,674.99648885,675.01524981,0.04769361,2148.89709130,0.01998475,0.01998474,24971,76,0
8003.50165276,8003.50156441,683.07897460,683.08120360,0.04874723,2149.23482204,0.01998474,0.01998474,24970,76,0
8003.82211871,8003.82209520,691.16998338,691.17057690,0.04316034,2149.57241840,0.01998474,0.01998474,24969,76,0
8004.14456850,8004.14265166,699.26971073,699.31816792,0.04512891,2149.91131576,0.01998475,0.01998474,24968,76,0
8004.46307865,8004.46323379,707.37757579,707.37365035,0.05217667,2150.24526839,0.01998474,0.01998474,24967,76,0
8004.78410641,8004.78384159,715.49292461,715.49963055,0.04886662,2150.58102195,0.01998474,0.01998474,24966,76,0
8005.10460385,8005.10447506,723.61509964,723.61836330,0.04150574,2150.91535106,0.01998474,0.01998474,24965,76,0
8005.42545077,8005.42513421,731.74369494,731.75172262,0.04688817,2151.24915501,0.01998474,0.01998474,24964,76,0
8005.74548766,8005.74581904,739.87910976,739.87069958,0.04883382,2151.58124324,0.01998474,0.01998474,24963,76,0
8006.06643528,8006.06652955,748.02190483,748.01951013,0.04635375,2151.91342114,0.01998474,0.01998474,24962,76,0
8006.38679497,8006.38726575,756.17264402,756.16067464,0.04320110,2152.24415632,0.01998474,0.01998474,24961,76,0
8006.70799173,8006.70802764,764.33180835,764.33089443,0.04898304,2152.57493536,0.01998474,0.01998474,24960,76,0
8007.02880339,8007.02881523,772.49934385,772.49904245,0.04338012,2152.90449249,0.01998474,0.01998474,24959,76,0
8007.34941317,8007.34962850,780.67498886,780.66949877,0.04184636,2153.23300441,0.01998474,0.01998474,24958,76,0
8007.67071717,8007.67046748,788.85847977,788.86485110,0.04595376,2153.56137370,0.01998474,0.01998474,24957,76,0
8007.99103768,8007.99133216,797.04956948,797.04204879,0.04161744,2153.88787403,0.01998474,0.01998474,24956,76,0
8008.31231358,8008.31222255,805.24823693,805.25056374,0.04540413,2154.21447804,0.01998474,0.01998474,24955,76,0
8008.63314292,8008.63313864,813.45461687,813.45472621,0.04583830,2154.53976088,0.01998474,0.01998474,24954,76,0
8008.95498922,8008.95408045,821.66884781,821.69211747,0.04100063,2154.86520656,0.01998474,0.01998474,24953,76,0
8009.27478274,8009.27504797,829.89106664,829.88426934,0.04130703,2155.18771753,0.01998474,0.01998474,24952,76,0
8009.59631652,8009.59604121,838.12134002,838.12840233,0.04038523,2155.51111981,0.01998474,0.01998474,24951,76,0
8009.91728895,8009.91706016,846.35965455,846.36552851,0.04694512,2155.83309001,0.01998474,0.01998474,24950,76,0
8010.23853984,8010.23810485,854.60599240,854.61717064,0.04429415,2156.15446787,0.01998474,0.01998474,24949,76,0
8010.55863893,8010.55917526,862.86033680,862.84654237,0.04723356,2156.47382236,0.01998474,0.01998474,24948,76,0
8010.88031300,8010.88027140,871.12278420,871.12385516,0.04600895,2156.79387277,0.01998474,0.01998474,24947,76,0
8011.20139674,8011.20139327,879.39363628,879.39372582,0.04846237,2157.11246918,0.01998474,0.01998474,24946,76,0
8011.52226968,8011.52254088,887.67321799,887.66622269,0.04124502,2157.43000052,0.01998474,0.01998474,24945,76,0
8011.84358216,8011.84371422,895.96185584,895.95844590,0.03960929,2157.74711848,0.01998474,0.01998474,24944,76,0
8012.16552436,8012.16491331,904.25964491,904.27543824,0.05002107,2158.06400654,0.01998474,0.01998474,24943,76,0
8012.48630312,8012.48613815,912.56602286,912.57029075,0.04363846,2158.37887689,0.01998474,0.01998474,24942,76,0
8012.80746234,8012.80738873,920.88030890,920.88221463,0.04212607,2158.69321911,0.01998474,0.01998474,24941,76,0
8013.12864060,8013.12866507,929.20181820,929.20118427,0.04421244,2159.00664897,0.01998474,0.01998474,24940,76,0
8013.45007380,8013.44996716,937.53008146,937.53284666,0.04781182,2159.31937508,0.01998474,0.01998474,24939,76,0
8013.77145566,8013.77129501,945.86556986,945.86973901,0.04149031,2159.63111356,0.01998474,0.01998474,24938,76,0
8014.09248811,8014.09264862,954.20901055,954.20484119,0.04285815,2159.94160123,0.01998474,0.01998474,24937,76,0
8014.41363364,8014.41402799,962.56113499,962.55088119,0.04838873,2160.25131031,0.01998474,0.01998474,24936,76,0
8014.73548986,8014.73543313,970.92254517,970.92402180,0.04310833,2160.56083250,0.01998474,0.01998474,24935,76,0
8015.05695616,8015.05686404,979.29300594,979.29540581,0.05269130,2160.86909571,0.01998474,0.01998474,24934,76,0
8015.37824693,8015.37832073,987.67195491,987.67003049,0.04482116,2161.17628367,0.01998474,0.01998474,24933,76,0
8015.69975753,8015.69980319,996.05882556,996.05763402,0.04591416,2161.48275017,0.01998474,0.01998474,24932,76,0
8016.02065998,8016.02131143,1004.45311694,1004.43610144,0.04720983,2161.78768639,0.01998474,0.01998474,24931,76,0
8016.34293684,8016.34284545,1012.85493926,1012.85732834,0.04461599,2162.09297392,0.01998474,0.01998474,24930,76,0
8016.66453861,8016.66440526,1021.26472568,1021.26821481,0.04723997,2162.39668086,0.01998474,0.01998474,24929,76,0
8016.98527546,8016.98599086,1029.68291477,1029.66417872,0.04487856,2162.69864722,0.01998474,0.01998474,24928,76,0
8017.30787207,8017.30760225,1038.10991571,1038.11698922,0.04069924,2163.00144526,0.01998474,0.01998474,24927,76,0
8017.62881959,8017.62923943,1046.54574706,1046.53473018,0.04636450,2163.30177771,0.01998474,0.01998474,24926,76,0
8017.95091328,8017.95090242,1054.99016354,1054.99044898,0.04186708,2163.60225021,0.01998474,0.01998474,24925,76,0
8018.27196019,8018.27259120,1063.44291351,1063.42632557,0.04792544,2163.90080425,0.01998474,0.01998474,24924,76,0
8018.59480844,8018.59430579,1071.90375559,1071.91698079,0.04329506,2164.20007326,0.01998474,0.01998474,24923,76,0
8018.91621260,8018.91604618,1080.37264088,1080.37702324,0.04800920,2164.49704226,0.01998474,0.01998474,24922,76,0
8019.23771892,8019.23781239,1088.84967871,1088.84721507,0.03512720,2164.79314658,0.01998474,0.01998474,24921,76,0
8019.55948014,8019.55960441,1097.33498368,1097.33170540,0.04730169,2165.08852603,0.01998474,0.01998474,24920,76,0
8019.88153587,8019.88142225,1105.82867859,1105.83167862,0.04105046,2165.38321543,0.01998474,0.01998474,24919,76,0
8020.20335132,8020.20326591,1114.33104453,1114.33330202,0.04817631,2165.67673154,0.01998474,0.01998474,24918,76,0
8020.52487311,8020.52513539,1122.84251406,1122.83557495,0.03886153,2165.96903934,0.01998474,0.01998474,24917,76,0
8020.84680893,8020.84703069,1131.36352833,1131.35765468,0.04651828,2166.26079307,0.01998474,0.01998474,24916,76,0
8021.16861976,8021.16895183,1139.89451034,1139.88570562,0.04146287,2166.55151349,0.01998474,0.01998474,24915,76,0
8021.49086508,8021.49089880,1148.43535504,1148.43446020,0.04672175,2166.84169707,0.01998474,0.01998474,24914,76,0
8021.81218937,8021.81287160,1156.98539534,1156.96726995,0.04012366,2167.13009880,0.01998474,0.01998474,24913,76,0
8022.13432988,8022.13487024,1165.54393306,1165.52956432,0.04048414,2167.41825123,0.01998474,0.01998474,24912,76,0
8022.45705437,8022.45689473,1174.11028851,1174.11453693,0.05345763,2167.70591394,0.01998474,0.01998474,24911,76,0
8022.77905178,8022.77894506,1182.68443681,1182.68727948,0.04036790,2167.99191500,0.01998474,0.01998474,24910,76,0
8023.10089203,8023.10102123,1191.26709555,1191.26365085,0.04532622,2168.27678541,0.01998474,0.01998474,24909,76,0
8023.42299523,8023.42312326,1199.85902640,1199.85560948,0.04065892,2168.56091821,0.01998474,0.01998474,24908,76,0
8023.74527252,8023.74525114,1208.46097693,1208.46154810,0.04460606,2168.84425380,0.01998474,0.01998474,24907,76,0
8024.06706439,8024.06740488,1217.07313581,1217.06402853,0.05096495,2169.12621578,0.01998474,0.01998474,24906,76,0
8024.38994770,8024.38958448,1225.69504542,1225.70477042,0.03865734,2169.40816399,0.01998474,0.01998474,24905,76,0
8024.71141634,8024.71178995,1234.32620953,1234.31619672,0.04727124,2169.68789144,0.01998474,0.01998474,24904,76,0
8025.03364784,8025.03402128,1242.96614131,1242.95612382,0.03965115,2169.96727643,0.01998474,0.01998474,24903,76,0
8025.35593865,8025.35627848,1251.61470780,1251.60558336,0.04486392,2170.24569723,0.01998474,0.01998474,24902,76,0
8025.67819547,8025.67856155,1260.27217534,1260.26233656,0.04757397,2170.52307810,0.01998474,0.01998474,24901,76,0
8026.00055770,8026.00087050,1268.93883307,1268.93041805,0.03995735,2170.79954426,0.01998474,0.01998474,24900,76,0
8026.32287170,8026.32320532,1277.61496483,1277.60598028,0.04680414,2171.07496885,0.01998474,0.01998474,24899,76,0
8026.64559305,8026.64556603,1286.30067745,1286.30140569,0.04535752,2171.34973896,0.01998474,0.01998474,24898,76,0
8026.96792751,8026.96795263,1294.99589135,1294.99521342,0.05174884,2171.62317181,0.01998474,0.01998474,24897,76,0
8027.29064705,8027.29036511,1303.70051757,1303.70813311,0.04132654,2171.89591552,0.01998474,0.01998474,24896,76,0
8027.61288176,8027.61280349,1312.41446586,1312.41658229,0.04274293,2172.16722867,0.01998474,0.01998474,24895,76,0
8027.93516934,8027.93526776,1321.13763129,1321.13496772,0.05016863,2172.43755892,0.01998474,0.01998474,24894,76,0
8028.25739464,8028.25775793,1329.86989500,1329.86005328,0.03937847,2172.70680226,0.01998474,0.01998474,24893,76,0
8028.57989472,8028.58027399,1338.61113686,1338.60085233,0.04112834,2172.97523188,0.01998474,0.01998474,24892,76,0
8028.90320047,8028.90281597,1347.36125469,1347.37169073,0.04501413,2173.24327754,0.01998474,0.01998474,24891,76,0
8029.22552740,8029.22538385,1356.12044379,1356.12434378,0.04873103,2173.50946284,0.01998474,0.01998474,24890,76,0
8029.54833439,8029.54797764,1364.88913927,1364.89884151,0.04101278,2173.77500439,0.01998474,0.01998474,24889,76,0
8029.87041484,8029.87059734,1373.66778571,1373.66281718,0.04520693,2174.03892017,0.01998474,0.01998474,24888,76,0
8030.19349122,8030.19324296,1382.45679132,1382.46355765,0.04405119,2174.30262833,0.01998474,0.01998474,24887,76,0
8030.51568793,8030.51591450,1391.25610283,1391.24992083,0.04559275,2174.56459144,0.01998474,0.01998474,24886,76,0
8030.83779835,8030.83861196,1400.06536331,1400.04314129,0.04613140,2174.82544432,0.01998474,0.01998474,24885,76,0
8031.16083199,8031.16133535,1408.88420821,1408.87044656,0.04146039,2175.08598553,0.01998474,0.01998474,24884,76,0
8031.48331377,8031.48408467,1417.71230045,1417.69120404,0.04702943,2175.34500961,0.01998474,0.01998474,24883,76,0
8031.80679324,8031.80685992,1426.54955661,1426.54772998,0.03949603,2175.60375264,0.01998474,0.01998474,24882,76,0
8032.12917485,8032.12966111,1435.39602252,1435.38269024,0.04025380,2175.86053643,0.01998474,0.01998474,24881,76,0
8032.45267945,8032.45248823,1444.25174533,1444.25699343,0.04542365,2176.11712729,0.01998474,0.01998474,24880,76,0
8032.77514833,8032.77534129,1453.11684587,1453.11154474,0.05261861,2176.37181215,0.01998474,0.01998474,24879,76,0
8033.09809394,8033.09822030,1461.99188751,1461.98841235,0.05632806,2176.62580047,0.01998474,0.01998474,24878,76,0
8033.42143283,8033.42112526,1470.87760173,1470.88607046,0.03607780,2176.87903887,0.01998474,0.01998474,24877,76,0
8033.74339181,8033.74405617,1479.77472516,1479.75640972,0.04689218,2177.13015960,0.01998474,0.01998474,24876,76,0
8034.06658026,8034.06701303,1488.68369127,1488.67174572,0.04736438,2177.38120595,0.01998474,0.01998474,24875,76,0
8034.38996356,8034.38999585,1497.60367556,1497.60278313,0.04569730,2177.63133923,0.01998474,0.01998474,24874,76,0
8034.71294873,8034.71300463,1506.53352538,1506.53197922,0.04358350,2177.88006500,0.01998474,0.01998474,24873,76,0
8035.03581659,8035.03603938,1515.47208113,1515.46591397,0.04423318,2178.12756590,0.01998474,0.01998474,24872,76,0
8035.35926879,8035.35910009,1524.41871372,1524.42338766,0.04096017,2178.37435636,0.01998474,0.01998474,24871,76,0
8035.68261257,8035.68218677,1533.37423045,1533.38603887,0.04438090,2178.61992395,0.01998474,0.01998474,24870,76,0
8036.00520229,8036.00529942,1542.33968257,1542.33698600,0.04542839,2178.86380766,0.01998474,0.01998474,24869,76,0
8036.32856077,8036.32843805,1551.31612134,1551.31953246,0.04539149,2179.10718284,0.01998474,0.01998474,24868,76,0
8036.65214407,8036.65160266,1560.30403980,1560.31910646,0.04391999,2179.34964357,0.01998474,0.01998474,24867,76,0
8036.97429331,8036.97479325,1569.30296677,1569.28903896,0.04323340,2179.58993543,0.01998474,0.01998474,24866,76,0
8037.29845933,8037.29800982,1578.31233291,1578.32486900,0.04407871,2179.83060949,0.01998474,0.01998474,24865,76,0
8037.62169464,8037.62125239,1587.33158253,1587.34392852,0.04255931,2180.06945257,0.01998474,0.01998474,24864,76,0
8037.94418798,8037.94452094,1596.36061535,1596.35131068,0.04238491,2180.30660612,0.01998474,0.01998474,24863,76,0
8038.26768722,8038.26781549,1605.39982231,1605.39623390,0.04142086,2180.54336008,0.01998474,0.01998474,24862,76,0
8038.59170721,8038.59113604,1614.44962114,1614.46561733,0.04292776,2180.77935777,0.01998474,0.01998474,24861,76,0
8038.91435600,8038.91448259,1623.51039914,1623.50684986,0.04285676,2181.01323106,0.01998474,0.01998474,24860,76,0
8039.23779166,8039.23785515,1632.58216118,1632.58037916,0.04359763,2181.24654264,0.01998474,0.01998474,24859,76,0
8039.56094169,8039.56125371,1641.66466436,1641.65589679,0.04274834,2181.47850527,0.01998474,0.01998474,24858,76,0
8039.88506793,8039.88467828,1650.75765993,1650.76862073,0.05134385,2181.71001003,0.01998474,0.01998474,24857,76,0
8040.20779592,8040.20812886,1659.86096668,1659.85159113,0.05385663,2181.93935412,0.01998474,0.01998474,24856,76,0
8040.53203577,8040.53160547,1668.97480238,1668.98693257,0.05238855,2182.16860596,0.01998474,0.01998474,24855,76,0
8040.85497597,8040.85510809,1678.09952972,1678.09580094,0.05145896,2182.39578095,0.01998474,0.01998474,24854,76,0
8041.17813940,8041.17863673,1687.23551394,1687.22146169,0.04375679,2182.62196040,0.01998474,0.01998474,24853,76,0
8041.50232895,8041.50219141,1696.38295534,1696.38684625,0.04379987,2182.84769952,0.01998474,0.01998474,24852,76,0
8041.82522190,8041.82577211,1705.54156675,1705.52598505,0.04317361,2183.07137039,0.01998474,0.01998474,24851,76,0
8042.14892892,8042.14937884,1714.71097019,1714.69821501,0.04381689,2183.29442363,0.01998474,0.01998474,24850,76,0
8042.47272555,8042.47301161,1723.89079039,1723.88267222,0.05266601,2183.51634130,0.01998474,0.01998474,24849,76,0
8042.79675097,8042.79667042,1733.08093949,1733.08322810,0.04858066,2183.73721033,0.01998474,0.01998474,24848,76,0
8043.12065597,8043.12035527,1742.28175871,1742.29031105,0.04354118,2183.95679563,0.01998474,0.01998474,24847,76,0
8043.44440328,8043.44406616,1751.49362635,1751.50322525,0.04270307,2184.17507775,0.01998474,0.01998474,24846,76,0
8043.76761066,8043.76780310,1760.71690511,1760.71141909,0.04579678,2184.39180643,0.01998474,0.01998474,24845,76,0
8044.09111577,8044.09156610,1769.95169820,1769.93884579,0.05366090,2184.60754204,0.01998474,0.01998474,24844,76,0
8044.41544841,8044.41535515,1779.19791387,1779.20057865,0.04766518,2184.82262442,0.01998474,0.01998474,24843,76,0
8044.73944770,8044.73917025,1788.45545493,1788.46339147,0.04476934,2185.03627362,0.01998474,0.01998474,24842,76,0
8045.06344830,8045.06301142,1797.72422567,1797.73673683,0.05269976,2185.24870495,0.01998474,0.01998474,24841,76,0
8045.38725843,8045.38687865,1807.00414213,1807.01503008,0.04895276,2185.45978683,0.01998474,0.01998474,24840,76,0
8045.71065794,8045.71077195,1816.29512402,1816.29185184,0.03966179,2185.66937240,0.01998474,0.01998474,24839,76,0
8046.03485426,8046.03469132,1825.59709074,1825.60177254,0.04159144,2185.87823521,0.01998474,0.01998474,24838,76,0
8046.35825748,8046.35863676,1834.91004836,1834.89913868,0.04869402,2186.08534620,0.01998474,0.01998474,24837,76,0
8046.68266487,8046.68260828,1844.23420677,1844.23583657,0.04653058,2186.29185485,0.01998474,0.01998474,24836,76,0
8047.00644894,8047.00660588,1853.56980638,1853.56528174,0.03916485,2186.49672319,0.01998474,0.01998474,24835,76,0
8047.33095471,8047.33062956,1862.91708967,1862.92647501,0.05214973,2186.70080184,0.01998474,0.01998474,24834,76,0
8047.65448721,8047.65467932,1872.27630932,1872.27075718,0.03906124,2186.90302647,0.01998474,0.01998474,24833,76,0
8047.97877401,8047.97875518,1881.64772835,1881.64827309,0.03847646,2187.10447841,0.01998474,0.01998474,24832,76,0
8048.30298098,8048.30285713,1891.03161208,1891.03520028,0.05016140,2187.30463571,0.01998474,0.01998474,24831,76,0
8048.62669098,8048.62698517,1900.42813690,1900.41960289,0.03896156,2187.50324222,0.01998474,0.01998474,24830,76,0
8048.95084881,8048.95113932,1909.83685742,1909.82842051,0.05318844,2187.70086285,0.01998474,0.01998474,24829,76,0
8049.27587870,8049.27531956,1919.25706339,1919.27332002,0.03981954,2187.89772812,0.01998474,0.01998474,24828,76,0
8049.59880786,8049.59952591,1928.68803960,1928.66714148,0.05254365,2188.09202493,0.01998474,0.01998474,24827,76,0
8049.92361262,8049.92375837,1938.12950650,1938.12526012,0.04911374,2188.28613645,0.01998474,0.01998474,24826,76,0
8050.24752376,8050.24801693,1947.58225889,1947.56787352,0.05090767,2188.47841315,0.01998474,0.01998474,24825,76,0
8050.57217778,8050.57230162,1957.04725861,1957.04364173,0.04653460,2188.66984163,0.01998474,0.01998474,24824,76,0
8050.89676321,8050.89661242,1966.52542794,1966.52983796,0.03899925,2188.85995225,0.01998474,0.01998474,24823,76,0
8051.22113191,8051.22094934,1976.01675674,1976.02210279,0.05186266,2189.04865365,0.01998474,0.01998474,24822,76,0
8051.54536984,8051.54531238,1985.52036561,1985.52205016,0.04116391,2189.23597459,0.01998474,0.01998474,24821,76,0
8051.86969681,8051.86970155,1995.03533565,1995.03519654,0.04958093,2189.42201878,0.01998474,0.01998474,24820,76,0
8052.19401448,8052.19411686,2004.56091914,2004.55791151,0.05109503,2189.60670972,0.01998474,0.01998474,24819,76,0
8052.51885866,8052.51855829,2014.09730307,2014.10613668,0.04872414,2189.79034805,0.01998474,0.01998474,24818,76,0
8052.84311292,8052.84302586,2023.64498483,2023.64754805,0.05369611,2189.97230756,0.01998474,0.01998474,24817,76,0
8053.16727495,8053.16751958,2033.20446600,2033.19725504,0.04279626,2190.15287602,0.01998474,0.01998474,24816,76,0
8053.49202888,8053.49203943,2042.77626996,2042.77595872,0.04956093,2190.33243577,0.01998474,0.01998474,24815,76,0
8053.81638479,8053.81658543,2052.36095427,2052.35502511,0.04181169,2190.51044288,0.01998474,0.01998474,24814,76,0
8054.14098745,8054.14115758,2061.95908365,2061.95404930,0.05177802,2190.68725651,0.01998474,0.01998474,24813,76,0
8054.46572021,8054.46575588,2071.57116607,2071.57010912,0.05153372,2190.86281378,0.01998474,0.01998474,24812,76,0
8054.79074187,8054.79038034,2081.19711497,2081.20784261,0.04223195,2191.03718987,0.01998474,0.01998474,24811,76,0
8055.11484610,8055.11503095,2090.83650409,2090.83101195,0.04976947,2191.20972738,0.01998474,0.01998474,24810,76,0
8055.43983930,8055.43970773,2100.48890008,2100.49281405,0.05405618,2191.38137416,0.01998474,0.01998474,24809,76,0
8055.76465954,8055.76441067,2110.15396129,2110.16137360,0.04341719,2191.55155277,0.01998474,0.01998474,24808,76,0
8056.08894733,8056.08913978,2119.83159264,2119.82585373,0.04953807,2191.72007179,0.01998474,0.01998474,24807,76,0
8056.41391070,8056.41389506,2129.52173847,2129.52220531,0.04832447,2191.88755123,0.01998474,0.01998474,24806,76,0
8056.73874535,8056.73867652,2139.22435937,2139.22641699,0.04019833,2192.05356653,0.01998474,0.01998474,24805,76,0
8057.06330388,8057.06348415,2148.93967680,2148.93428136,0.04858708,2192.21804286,0.01998474,0.01998474,24804,76,0
8057.38791551,8057.38831797,2158.66812104,2158.65605998,0.04678351,2192.38114970,0.01998474,0.01998474,24803,76,0
8057.71327821,8057.71317797,2168.41013140,2168.41313951,0.05132219,2192.54323367,0.01998474,0.01998474,24802,76,0
8058.03793823,8058.03806415,2178.16601762,2178.16223387,0.04064708,2192.70356889,0.01998474,0.01998474,24801,76,0
8058.36301771,8058.36297653,2187.93563493,2187.93687402,0.04885890,2192.86270243,0.01998474,0.01998474,24800,76,0
8058.68815771,8058.68791510,2197.71873929,2197.72604834,0.05140301,2193.02044503,0.01998474,0.01998474,24799,76,0
8059.01253826,8059.01287986,2207.51508361,2207.50477917,0.04766642,2193.17639316,0.01998474,0.01998474,24798,76,0
8059.33800542,8059.33787083,2217.32439859,2217.32846352,0.04019172,2193.33142163,0.01998474,0.01998474,24797,76,0
8059.66272957,8059.66288800,2227.14639409,2227.14160356,0.04741844,2193.48464602,0.01998474,0.01998474,24796,76,0
8059.98779059,8059.98793137,2236.98077682,2236.97651499,0.04784057,2193.63656807,0.01998474,0.01998474,24795,76,0
8060.31340572,8060.31300096,2246.82742290,2246.83969103,0.04625693,2193.78727553,0.01998474,0.01998474,24794,76,0
8060.63832148,8060.63809675,2256.68684512,2256.69366487,0.04666080,2193.93619108,0.01998474,0.01998474,24793,76,0
8060.96332676,8060.96321876,2266.55970827,2266.56299005,0.05001944,2194.08368424,0.01998474,0.01998474,24792,76,0
8061.28818864,8061.28836700,2276.44666207,2276.44123486,0.03629845,2194.22965275,0.01998474,0.01998474,24791,76,0
8061.61369824,8061.61354145,2286.34796446,2286.35274193,0.05145931,2194.37444566,0.01998474,0.01998474,24790,76,0
8061.93918551,8061.93874213,2296.26351508,2296.27704327,0.05465992,2194.51775232,0.01998474,0.01998474,24789,76,0
8062.26408710,8062.26396903,2306.19319961,2306.19680691,0.03931368,2194.65932032,0.01998474,0.01998474,24788,76,0
8062.58931743,8062.58922217,2316.13685047,2316.13976472,0.04866594,2194.79954071,0.01998474,0.01998474,24787,76,0
8062.91448658,8062.91450154,2326.09412726,2326.09366882,0.04933765,2194.93823207,0.01998474,0.01998474,24786,76,0
8063.24012729,8063.23980715,2336.06465148,2336.07446948,0.04729112,2195.07560700,0.01998474,0.01998474,24785,76,0
8063.56559199,8063.56513900,2346.04809337,2346.06200255,0.04757905,2195.21137939,0.01998474,0.01998474,24784,76,0
8063.89029384,8063.89049710,2356.04486203,2356.03861257,0.04803048,2195.34531027,0.01998474,0.01998474,24783,76,0
8064.21603573,8064.21588144,2366.05592361,2366.06067401,0.05914077,2195.47814761,0.01998474,0.01998474,24782,76,0
8064.54152140,8064.54129203,2376.08226410,2376.08933631,0.04127052,2195.60936314,0.01998474,0.01998474,24781,76,0
8064.86657238,8064.86672888,2386.12441344,2386.11958056,0.04490677,2195.73888907,0.01998474,0.01998474,24780,76,0
8065.19225604,8065.19219199,2396.18179148,2396.18377213,0.05089535,2195.86713422,0.01998474,0.01998474,24779,76,0
8065.51791039,8065.51768135,2406.25364924,2406.26074123,0.05269613,2195.99381683,0.01998474,0.01998474,24778,76,0
8065.84353171,8065.84319698,2416.33930328,2416.34968107,0.05101531,2196.11892034,0.01998474,0.01998474,24777,76,0
8066.16858596,8066.16873887,2426.43868507,2426.43393807,0.05066586,2196.24223635,0.01998474,0.01998474,24776,76,0
8066.49454362,8066.49430703,2436.55204239,2436.55939661,0.04849662,2196.36431651,0.01998474,0.01998474,24775,76,0
8066.82008285,8066.81990147,2446.67963101,2446.68527647,0.04710201,2196.48465837,0.01998474,0.01998474,24774,76,0
8067.14541873,8067.14552218,2456.82189084,2456.81866620,0.04392476,2196.60334410,0.01998474,0.01998474,24773,76,0
8067.47095850,8067.47116917,2466.97953624,2466.97295991,0.04616603,2196.72052318,0.01998474,0.01998474,24772,76,0
8067.79688415,8067.79684245,2477.15330976,2477.15461339,0.04772396,2196.83625757,0.01998474,0.01998474,24771,76,0
8068.12258346,8068.12254201,2487.34366343,2487.34496148,0.05103114,2196.95032571,0.01998474,0.01998474,24770,76,0
8068.44822389,8068.44826786,2497.54971889,2497.54834022,0.04755469,2197.06277044,0.01998474,0.01998474,24769,76,0
8068.77378627,8068.77402000,2507.77021524,2507.76287748,0.04700794,2197.17356478,0.01998474,0.01998474,24768,76,0
8069.09978523,8069.09979843,2518.00395921,2518.00354440,0.04669504,2197.28286138,0.01998474,0.01998474,24767,76,0
8069.42571684,8069.42560316,2528.25097361,2528.25455105,0.05104596,2197.39048213,0.01998474,0.01998474,24766,76,0
8069.75109875,8069.75143420,2538.51225045,2538.50167916,0.05067991,2197.49627602,0.01998474,0.01998474,24765,76,0
8070.07714408,8070.07729154,2548.78881376,2548.78415993,0.04450083,2197.60063981,0.01998474,0.01998474,24764,76,0
8070.40309831,8070.40317518,2559.08127004,2559.07884020,0.05325171,2197.70332599,0.01998474,0.01998474,24763,76,0
8070.72894283,8070.72908514,2569.38937006,2569.38486570,0.05120111,2197.80431980,0.01998474,0.01998474,24762,76,0
8071.05513604,8071.05502142,2579.71275860,2579.71639154,0.04365804,2197.90375021,0.01998474,0.01998474,24761,76,0
8071.38083759,8071.38098401,2590.05115645,2590.04650952,0.04447186,2198.00135185,0.01998474,0.01998474,24760,76,0
8071.70679030,8071.70697292,2600.40471267,2600.39890870,0.04886718,2198.09734301,0.01998474,0.01998474,24759,76,0
8072.03301766,8072.03298815,2610.77372321,2610.77466251,0.04565666,2198.19172150,0.01998474,0.01998474,24758,76,0
8072.35911538,8072.35902971,2621.15848787,2621.16121866,0.05143788,2198.28436407,0.01998474,0.01998474,24757,76,0
8072.68509507,8072.68509760,2631.55932784,2631.55924692,0.04561836,2198.37527074,0.01998474,0.01998474,24756,76,0
8073.01074772,8073.01119183,2641.97658240,2641.96238434,0.03823984,2198.46438140,0.01998474,0.01998474,24755,76,0
8073.33667729,8073.33731239,2652.41059214,2652.39025684,0.05084563,2198.55185619,0.01998474,0.01998474,24754,76,0
8073.66321031,8073.66345929,2662.86149076,2662.85350651,0.04303851,2198.63776833,0.01998474,0.01998474,24753,76,0
8073.98926858,8073.98963253,2673.32903063,2673.31734181,0.05315554,2198.72182247,0.01998474,0.01998474,24752,76,0
8074.31572611,8074.31583212,2683.81292112,2683.80951130,0.04744617,2198.80423374,0.01998474,0.01998474,24751,76,0
8074.64147657,8074.64205806,2694.31297433,2694.29424447,0.04824495,2198.88471552,0.01998474,0.01998474,24750,76,0
8074.96773347,8074.96831035,2704.82944110,2704.81083170,0.04270819,2198.96356280,0.01998474,0.01998474,24749,76,0
8075.29483127,8075.29458900,2715.36268941,2715.37051645,0.05160206,2199.04083968,0.01998474,0.01998474,24748,76,0
8075.62083232,8075.62089401,2725.91302937,2725.91103330,0.04332901,2199.11608399,0.01998474,0.01998474,24747,76,0
8075.94662198,8075.94722538,2736.48017425,2736.46062100,0.05165328,2199.18949998,0.01998474,0.01998474,24746,76,0
8076.27356235,8076.27358311,2747.06349472,2747.06282086,0.04949452,2199.26137393,0.01998474,0.01998474,24745,76,0
8076.60030200,8076.59996721,2757.66237677,2757.67325605,0.04596980,2199.33138850,0.01998474,0.01998474,24744,76,0
8076.92642576,8076.92637769,2768.27690445,2768.27846886,0.04935727,2199.39945401,0.01998474,0.01998474,24743,76,0
8077.25338684,8077.25281454,2778.90794270,2778.92659504,0.05446149,2199.46586908,0.01998474,0.01998474,24742,76,0
8077.57948899,8077.57927776,2789.55640291,2789.56329811,0.04494625,2199.53028620,0.01998474,0.01998474,24741,76,0
8077.90571461,8077.90576737,2800.22286419,2800.22113906,0.05065537,2199.59289983,0.01998474,0.01998474,24740,76,0
8078.23231286,8078.23228336,2810.90719796,2810.90816375,0.05268737,2199.65374348,0.01998474,0.01998474,24739,76,0
8078.55923224,8078.55882574,2821.60918475,2821.62251760,0.04044198,2199.71279108,0.01998474,0.01998474,24738,76,0
8078.88591016,8078.88539452,2832.32863496,2832.34557390,0.04575914,2199.76993004,0.01998474,0.01998474,24737,76,0
8079.21229131,8079.21198968,2843.06548470,2843.07540829,0.04905778,2199.82514579,0.01998474,0.01998474,24736,76,0
8079.53845750,8079.53861124,2853.81970101,2853.81463497,0.04107415,2199.87844727,0.01998474,0.01998474,24735,76,0
8079.86537183,8079.86525921,2864.59122840,2864.59494520,0.04628292,2199.92997782,0.01998474,0.01998474,24734,76,0
8080.19197984,8080.19193357,2875.37984653,2875.38137578,0.04605987,2199.97955726,0.01998474,0.01998474,24733,76,0
8080.51834245,8080.51863435,2886.18525880,2886.17559762,0.04770721,2200.02718934,0.01998474,0.01998474,24732,76,0
8080.84581130,8080.84536153,2897.00721163,2897.02211977,0.05240301,2200.07305378,0.01998474,0.01998474,24731,76,0
8081.17191221,8081.17211513,2907.84611643,2907.83938017,0.04270948,2200.11679924,0.01998474,0.01998474,24730,76,0
8081.49844008,8081.49889514,2918.70288875,2918.68775780,0.04514571,2200.15866930,0.01998474,0.01998474,24729,76,0
8081.82559096,8081.82570157,2929.57844238,2929.57475809,0.04563794,2200.19867349,0.01998474,0.01998474,24728,76,0
8082.15259362,8082.15253443,2940.47299006,2940.47496481,0.04840237,2200.23670392,0.01998474,0.01998474,24727,76,0
8082.47900318,8082.47939371,2951.38591436,2951.37286525,0.05051816,2200.27270334,0.01998474,0.01998474,24726,76,0
8082.80607191,8082.80627942,2962.31654993,2962.30960551,0.04846213,2200.30679738,0.01998474,0.01998474,24725,76,0
8083.13327855,8083.13319157,2973.26473016,2973.26764523,0.04417123,2200.33891447,0.01998474,0.01998474,24724,76,0
8083.45986228,8083.46013015,2984.23117949,2984.22218721,0.04655624,2200.36897684,0.01998474,0.01998474,24723,76,0
8083.78696605,8083.78709517,2995.21672005,2995.21237813,0.04564720,2200.39708280,0.01998474,0.01998474,24722,76,0
8084.11455430,8084.11408663,3006.22190622,3006.23765942,0.04457858,2200.42321096,0.01998474,0.01998474,24721,76,0
8084.44105353,8084.44110454,3017.24658277,3017.24486184,0.04842765,2200.44723042,0.01998474,0.01998474,24720,76,0
8084.76860638,8084.76814889,3028.29047837,3028.30594011,0.04647412,2200.46928800,0.01998474,0.01998474,24719,76,0
8085.09490361,8085.09521970,3039.35344768,3039.34274729,0.04618067,2200.48921939,0.01998474,0.01998474,24718,76,0
8085.42240702,8085.42231696,3050.43582079,3050.43887466,0.04920397,2200.50716553,0.01998474,0.01998474,24717,76,0
8085.75081425,8085.74944068,3061.53804136,3061.58469949,0.04040145,2200.52307983,0.01998474,0.01998474,24716,76,0
8086.07670824,8086.07659086,3072.66034783,3072.66434174,0.05061619,2200.53680140,0.01998474,0.01998474,24715,76,0
8086.40403125,8086.40376751,3083.80191909,3083.81090767,0.05115482,2200.54849475,0.01998474,0.01998474,24714,76,0
8086.73135535,8086.73097062,3094.96158978,3094.97472128,0.04750099,2200.55808369,0.01998474,0.01998474,24713,76,0
8087.05740921,8087.05820020,3106.13845791,3106.11142050,0.04669417,2200.56553282,0.01998474,0.01998474,24712,76,0
8087.38517467,8087.38545626,3117.33344430,3117.32380352,0.04443657,2200.57089689,0.01998474,0.01998474,24711,76,0
8087.71253430,8087.71273880,3128.54822639,3128.54121260,0.04407466,2200.57411890,0.01998474,0.01998474,24710,76,0
8088.04027590,8088.04004782,3139.78431131,3139.79214825,0.05356889,2200.57519582,0.01998474,0.01998474,24709,76,0
8088.36738527,8088.36738332,3151.04163413,3151.04170134,0.04859929,2200.57411495,0.01998474,0.01998474,24708,76,0
8088.69526475,8088.69474531,3162.31933845,3162.33724839,0.04701107,2200.57085875,0.01998474,0.01998474,24707,76,0
8089.02195665,8089.02213379,3173.61664458,3173.61052723,0.04903481,2200.56543992,0.01998474,0.01998474,24706,76,0
8089.35009458,8089.34954876,3184.93368761,3184.95257012,0.05362170,2200.55780114,0.01998474,0.01998474,24705,76,0
8089.67720248,8089.67699023,3196.27113768,3196.27849346,0.04665564,2200.54798418,0.01998474,0.01998474,24704,76,0
8090.00496661,8090.00445820,3207.62961721,3207.64726781,0.05201601,2200.53593005,0.01998474,0.01998474,24703,76,0
8090.33222430,8090.33195267,3219.00905050,3219.01849717,0.04916588,2200.52166826,0.01998474,0.01998474,24702,76,0
8090.65976197,8090.65947365,3230.40890943,3230.41895328,0.04210771,2200.50515588,0.01998474,0.01998474,24701,76,0
8090.98692474,8090.98702113,3241.82871098,3241.82534751,0.05165300,2200.48641623,0.01998474,0.01998474,24700,76,0
8091.31505912,8091.31459514,3253.26869433,3253.28491230,0.04072557,2200.46535430,0.01998474,0.01998474,24699,76,0
8091.64252717,8091.64219565,3264.72959483,3264.74120312,0.05428162,2200.44205907,0.01998474,0.01998474,24698,76,0
8091.96969759,8091.96982269,3276.21212549,3276.20773695,0.04803508,2200.41650085,0.01998474,0.01998474,24697,76,0
8092.29788995,8092.29747625,3287.71650499,3287.73104384,0.05011357,2200.38855608,0.01998474,0.01998474,24696,76,0
8092.62526175,8092.62515633,3299.24260901,3299.24632034,0.04394209,2200.35836742,0.01998474,0.01998474,24695,76,0
8092.95345356,8092.95286295,3310.79030752,3310.81113793,0.05329968,2200.32577151,0.01998474,0.01998474,24694,76,0
8093.28060275,8093.28059609,3322.35950125,3322.35973652,0.04286428,2200.29094369,0.01998474,0.01998474,24693,76,0
8093.60759137,8093.60835578,3333.95011119,3333.92305571,0.04877959,2200.25379094,0.01998474,0.01998474,24692,76,0
8093.93635642,8093.93614200,3345.56210580,3345.56970855,0.04033430,2200.21406355,0.01998474,0.01998474,24691,76,0
8094.26393056,8094.26395476,3357.19598187,3357.19512236,0.05015263,2200.17209960,0.01998474,0.01998474,24690,76,0
8094.59167258,8094.59179406,3368.85256865,3368.84824510,0.04951866,2200.12772029,0.01998474,0.01998474,24689,76,0
8094.91939393,8094.91965992,3380.53261134,3380.52312644,0.05231970,2200.08093336,0.01998474,0.01998474,24688,76,0
8095.24735964,8095.24755233,3392.23594271,3392.22905869,0.04738750,2200.03168559,0.01998474,0.01998474,24687,76,0
8095.57525240,8095.57547129,3403.96188887,3403.95405461,0.05225842,2199.98001222,0.01998474,0.01998474,24686,76,0
8095.90320846,8095.90341681,3415.70984924,3415.70237886,0.04765146,2199.92588155,0.01998474,0.01998474,24685,76,0
8096.23178013,8096.23138889,3427.47987945,3427.49393267,0.04459759,2199.86918164,0.01998474,0.01998474,24684,76,0
8096.55943197,8096.55938754,3439.27234247,3439.27394156,0.04841657,2199.81016614,0.01998474,0.01998474,24683,76,0
8096.88737135,8096.88741275,3451.08761718,3451.08612465,0.04761250,2199.74860960,0.01998474,0.01998474,24682,76,0
8097.21588776,8097.21546453,3462.92614842,3462.94143621,0.04961272,2199.68443195,0.01998474,0.01998474,24681,76,0
8097.54368913,8097.54354289,3474.78840888,3474.79370153,0.04790666,2199.61787079,0.01998474,0.01998474,24680,76,0
8097.87187825,8097.87164783,3486.67473788,3486.68309343,0.04717547,2199.54868996,0.01998474,0.01998474,24679,76,0
8098.20035044,8098.19977934,3498.58485434,3498.60560290,0.04739173,2199.47689118,0.01998474,0.01998474,24678,76,0
8098.52811622,8098.52793744,3510.51829810,3510.52480529,0.05108383,2199.40268451,0.01998474,0.01998474,24677,76,0
8098.85655766,8098.85612213,3522.47460047,3522.49048176,0.04204701,2199.32574659,0.01998474,0.01998474,24676,76,0
8099.18459265,8099.18433341,3534.45327810,3534.46274803,0.04103282,2199.24631742,0.01998474,0.01998474,24675,76,0
8099.51251573,8099.51257128,3546.45384389,3546.45181137,0.04267702,2199.16432189,0.01998474,0.01998474,24674,76,0
8099.84093603,8099.84083575,3558.47667570,3558.48035193,0.04205893,2199.07958736,0.01998474,0.01998474,24673,76,0
8100.16969240,8100.16912681,3570.52410455,3570.54488206,0.04947665,2198.99211489,0.01998474,0.01998474,24672,76,0
8100.49798404,8100.49744449,3582.59871692,3582.61858296,0.04867991,2198.90208477,0.01998474,0.01998474,24671,76,0
8100.82579188,8100.82578876,3594.70106761,3594.70118262,0.04485822,2198.80949320,0.01998474,0.01998474,24670,76,0
8101.15409342,8101.15415965,3606.82860115,3606.82615290,0.04405040,2198.71406754,0.01998474,0.01998474,24669,76,0
8101.48235309,8101.48255715,3618.97860865,3618.97105223,0.04866675,2198.61596483,0.01998474,0.01998474,24668,76,0
8101.81137005,8101.81098127,3631.15144283,3631.16586724,0.04996623,2198.51492083,0.01998474,0.01998474,24667,76,0
8102.13983451,8102.13943200,3643.35052883,3643.36549541,0.03876262,2198.41129191,0.01998474,0.01998474,24666,76,0
8102.46851724,8102.46790936,3655.57910982,3655.60176660,0.05288987,2198.30479447,0.01998474,0.01998474,24665,76,0
8102.79658732,8102.79641335,3667.83654121,3667.84303944,0.04509441,2198.19569058,0.01998474,0.01998474,24664,76,0
8103.12424749,8103.12494396,3680.11972687,3680.09366307,0.04520174,2198.08393674,0.01998474,0.01998474,24663,76,0
8103.45404067,8103.45350121,3692.42612757,3692.44635206,0.04193278,2197.96865180,0.01998474,0.01998474,24662,76,0
8103.78236427,8103.78208509,3704.75687998,3704.76736734,0.04635107,2197.85106143,0.01998474,0.01998474,24661,76,0
8104.11085948,8104.11069561,3717.11448099,3717.12065019,0.04479834,2197.73055493,0.01998474,0.01998474,24660,76,0
8104.43884803,8104.43933277,3729.50055523,3729.48226580,0.03345718,2197.60735267,0.01998474,0.01998474,24659,76,0
8104.76810610,8104.76799658,3741.91392642,3741.91806702,0.04807613,2197.48077182,0.01998474,0.01998474,24658,76,0
8105.09654660,8105.09668704,3754.35286809,3754.34754851,0.05140094,2197.35160992,0.01998474,0.01998474,24657,76,0
8105.42555022,8105.42540414,3766.81657207,3766.82211601,0.04904474,2197.21932014,0.01998474,0.01998474,24656,76,0
8105.75355206,8105.75414791,3779.30577111,3779.28311161,0.04784473,2197.08451417,0.01998474,0.01998474,24655,76,0
8106.08291320,8106.08291833,3791.82133507,3791.82113970,0.05160087,2196.94619119,0.01998474,0.01998474,24654,76,0
8106.41170308,8106.41171541,3804.36383780,3804.36336678,0.04906705,2196.80512832,0.01998474,0.01998474,24653,76,0
8106.74035015,8106.74053916,3816.93359302,3816.92636031,0.04643541,2196.66113090,0.01998474,0.01998474,24652,76,0
8107.06968483,8107.06938958,3829.53087489,3829.54219697,0.04669409,2196.51380719,0.01998474,0.01998474,24651,76,0
8107.39807202,8107.39826666,3842.15571674,3842.14823696,0.04493940,2196.36387446,0.01998474,0.01998474,24650,76,0
8107.72707782,8107.72717043,3854.80804654,3854.80448026,0.04358591,2196.21060568,0.01998474,0.01998474,24649,76,0
8108.05675927,8108.05610087,3867.48819954,3867.51360872,0.04976827,2196.05393452,0.01998474,0.01998474,24648,76,0
8108.38478887,8108.38505799,3880.19777239,3880.18736277,0.04593899,2195.89494299,0.01998474,0.01998474,24647,76,0
8108.71418403,8108.71404179,3892.93858340,3892.94409859,0.04415534,2195.73213045,0.01998474,0.01998474,24646,76,0
8109.04281934,8109.04305229,3905.71072614,3905.70167306,0.04412208,2195.56651753,0.01998474,0.01998474,24645,76,0
8109.37198435,8109.37208947,3918.51190419,3918.50781034,0.04419445,2195.39746816,0.01998474,0.01998474,24644,76,0
8109.70104710,8109.70115335,3931.33995702,3931.33581110,0.04397714,2195.22531129,0.01998474,0.01998474,24643,76,0
8110.03012354,8110.03024392,3944.19633141,3944.19162323,0.04886758,2195.04995037,0.01998474,0.01998474,24642,76,0
8110.35967083,8110.35936120,3957.08470150,3957.09684245,0.04535148,2194.87106495,0.01998474,0.01998474,24641,76,0
8110.68838067,8110.68850518,3970.00729791,3970.00240361,0.04403296,2194.68931830,0.01998474,0.01998474,24640,76,0
8111.01739358,8111.01767586,3982.96054709,3982.94942778,0.04330781,2194.50411709,0.01998474,0.01998474,24639,76,0
8111.34695768,8111.34687326,3995.93951344,3995.94284461,0.04298735,2194.31536119,0.01998474,0.01998474,24638,76,0
8111.67577061,8111.67609737,4008.94346731,4008.93054698,0.03573688,2194.12379363,0.01998474,0.01998474,24637,76,0
8112.00507732,8112.00534819,4021.97790324,4021.96716605,0.04331593,2193.92859378,0.01998474,0.01998474,24636,76,0
8112.33485998,8112.33462574,4035.04824965,4035.05756018,0.04200362,2193.72965407,0.01998474,0.01998474,24635,76,0
8112.66432576,8112.66393001,4048.15377253,4048.16954137,0.04398334,2193.52743793,0.01998474,0.01998474,24634,76,0
8112.99362765,8112.99326101,4061.29018672,4061.30482646,0.04247318,2193.32190337,0.01998474,0.01998474,24633,76,0
8113.32321068,8113.32261874,4074.45447939,4074.47816370,0.04736675,2193.11279846,0.01998474,0.01998474,24632,76,0
8113.65211371,8113.65200319,4087.64781376,4087.65224551,0.05000718,2192.90070189,0.01998474,0.01998474,24631,76,0
nan,nan,0.00000000,-1.00000000,0.00000000,2194.40827629,nan,0.00000000,-2147483648,75,1
8082.15246646,8082.15253443,7.91613380,7.91455170,0.05493581,2194.77882394,0.01998474,0.01998474,24727,75,0
8082.47940832,8082.47939371,15.52720898,15.52754921,0.04563264,2195.18585615,0.01998474,0.01998474,24726,75,0
8082.80784142,8082.80627942,23.14464924,23.18106240,0.04385977,2195.59405644,0.01998474,0.01998474,24725,75,0
8083.13362044,8083.13319157,30.76856398,30.77856947,0.03862577,2195.99827992,0.01998474,0.01998474,24724,75,0
8083.46001471,8083.46013015,38.39905673,38.39636147,0.03645767,2196.40259266,0.01998474,0.01998474,24723,75,0
8083.78741066,8083.78709517,46.03605025,46.04342210,0.05383734,2196.80746187,0.01998474,0.01998474,24722,75,0
8084.11415406,8084.11408663,53.67926412,53.68084090,0.04950152,2197.21082367,0.01998474,0.01998474,24721,75,0
8084.44097893,8084.44110454,61.32840585,61.32546696,0.03450662,2197.61356848,0.01998474,0.01998474,24720,75,0
8084.76755424,8084.76814889,68.98318145,68.96925868,0.05006617,2198.01527146,0.01998474,0.01998474,24719,75,0
8085.09565477,8085.09521970,76.64338837,76.65358132,0.04263714,2198.41809873,0.01998474,0.01998474,24718,75,0
8085.42255396,8085.42231696,84.30924657,84.31480291,0.04309945,2198.81871124,0.01998474,0.01998474,24717,75,0
8085.74873100,8085.74944068,91.98109782,91.96444819,0.04990323,2199.21771849,0.01998474,0.01998474,24716,75,0
8086.07569339,8086.07659086,99.65928560,99.63821385,0.04631771,2199.61698003,0.01998474,0.01998474,24715,75,0
8086.40419072,8086.40376751,107.34414759,107.35409219,0.03873134,2200.01741903,0.01998474,0.01998474,24714,75,0
8086.73151015,8086.73097062,115.03582708,115.04851510,0.04716444,2200.41573243,0.01998474,0.01998474,24713,75,0
8087.05726949,8087.05820020,122.73425706,122.71235240,0.04499649,2200.81145789,0.01998474,0.01998474,24712,75,0
8087.38555711,8087.38545626,130.43935977,130.44173520,0.03691943,2201.20955237,0.01998474,0.01998474,24711,75,0
8087.71252215,8087.71273880,138.15105704,138.14595022,0.05492024,2201.60533586,0.01998474,0.01998474,24710,75,0
8088.03962915,8088.04004782,145.86926232,145.85938610,0.04238020,2202.00057820,0.01998474,0.01998474,24709,75,0
8088.36678485,8088.36738332,153.59385716,153.57972900,0.04623482,2202.39515772,0.01998474,0.01998474,24708,75,0
8088.69542322,8088.69474531,161.32471474,161.34072995,0.05518200,2202.79079004,0.01998474,0.01998474,24707,75,0
8089.02249596,8089.02213379,169.06170758,169.07026969,0.05008747,2203.18379699,0.01998474,0.01998474,24706,75,0
8089.34955041,8089.34954876,176.80472034,176.80475936,0.04902790,2203.57603519,0.01998474,0.01998474,24705,75,0
8089.67628354,8089.67699023,184.55386867,184.53713832,0.04473514,2203.96714609,0.01998474,0.01998474,24704,75,0
8090.00511227,8090.00445820,192.30947037,192.32496724,0.03580735,2204.36003063,0.01998474,0.01998474,24703,75,0
8090.33155284,8090.33195267,200.07185153,200.06237083,0.05532848,2204.74934664,0.01998474,0.01998474,24702,75,0
8090.65904339,8090.65947365,207.84133971,207.83112873,0.05036016,2205.13921279,0.01998474,0.01998474,24701,75,0
8090.98667908,8090.98702113,215.61810989,215.60998519,0.04457512,2205.52855422,0.01998474,0.01998474,24700,75,0
8091.31469002,8091.31459514,223.40190418,223.40415962,0.04304717,2205.91762718,0.01998474,0.01998474,24699,75,0
8091.64224039,8091.64219565,231.19238764,231.19345189,0.05180735,2206.30542128,0.01998474,0.01998474,24698,75,0
8091.96961707,8091.96982269,238.98922357,238.98432862,0.04963465,2206.69225919,0.01998474,0.01998474,24697,75,0
8092.29718900,8092.29747625,246.79210817,246.78526517,0.04468561,2207.07855948,0.01998474,0.01998474,24696,75,0
8092.62520095,8092.62515633,254.60109193,254.60215565,0.04794379,2207.46460889,0.01998474,0.01998474,24695,75,0
8092.95353150,8092.95286295,262.41643508,262.43238511,0.05191581,2207.85027248,0.01998474,0.01998474,24694,75,0
8093.28067073,8093.28059609,270.23840188,270.24018402,0.03938815,2208.23379037,0.01998474,0.01998474,24693,75,0
8093.60797101,8093.60835578,278.06725664,278.05806249,0.05215614,2208.61676199,0.01998474,0.01998474,24692,75,0
8093.93605988,8093.93614200,285.90316560,285.90120179,0.04390961,2208.99992401,0.01998474,0.01998474,24691,75,0
8094.26370145,8094.26395476,293.74612712,293.74006415,0.04543800,2209.38182927,0.01998474,0.01998474,24690,75,0
8094.59147880,8094.59179406,301.59612318,301.58857127,0.05197471,2209.76315501,0.01998474,0.01998474,24689,75,0
8094.91939539,8094.91965992,309.45313564,309.44679396,0.04695596,2210.14390086,0.01998474,0.01998474,24688,75,0
8095.24760731,8095.24755233,317.31715288,317.31847204,0.03534460,2210.52424341,0.01998474,0.01998474,24687,75,0
8095.57509868,8095.57547129,325.18819767,325.17925036,0.05332822,2210.90300544,0.01998474,0.01998474,24686,75,0
8095.90340100,8095.90341681,333.06630393,333.06592390,0.04988195,2211.28195689,0.01998474,0.01998474,24685,75,0
8096.23145808,8096.23138889,340.95150576,340.95316988,0.04790796,2211.65987577,0.01998474,0.01998474,24684,75,0
8096.55928176,8096.55938754,348.84383270,348.84128639,0.04632041,2212.03677611,0.01998474,0.01998474,24683,75,0
8096.88721525,8096.88741275,356.74322626,356.73846833,0.04539274,2212.41304754,0.01998474,0.01998474,24682,75,0
8097.21565064,8097.21546453,364.64954955,364.65403677,0.04634109,2212.78912869,0.01998474,0.01998474,24681,75,0
8097.54341591,8097.54354289,372.56266224,372.55959833,0.04692274,2213.16366891,0.01998474,0.01998474,24680,75,0
8097.87230259,8097.87164783,380.48242363,380.49823412,0.04836357,2213.53870464,0.01998474,0.01998474,24679,75,0
8098.20023573,8098.19977934,388.40877989,388.41980864,0.05708392,2213.91186420,0.01998474,0.01998474,24678,75,0
8098.52788966,8098.52793744,396.34187514,396.34071952,0.05331653,2214.28392369,0.01998474,0.01998474,24677,75,0
8098.85642019,8098.85612213,404.28188156,404.28909564,0.04438033,2214.65619900,0.01998474,0.01998474,24676,75,0
8099.18453186,8099.18433341,412.22897220,412.23377938,0.04828556,2215.02722606,0.01998474,0.01998474,24675,75,0
8099.51246960,8099.51257128,420.18329959,420.18083456,0.04703988,2215.39728837,0.01998474,0.01998474,24674,75,0
8099.84125406,8099.84083575,428.14488607,428.15503597,0.04923000,2215.76753366,0.01998474,0.01998474,24673,75,0
8100.16955222,8100.16912681,436.11370453,436.12403498,0.05122720,2216.13645558,0.01998474,0.01998474,24672,75,0
8100.49767869,8100.49744449,444.08972760,444.09541965,0.04498869,2216.50440603,0.01998474,0.01998474,24671,75,0
8100.82620576,8100.82578876,452.07292869,452.08307143,0.05120480,2216.87202203,0.01998474,0.01998474,24670,75,0
8101.15376406,8101.15415965,460.06329894,460.05366899,0.04811739,2217.23777026,0.01998474,0.01998474,24669,75,0
8101.48283390,8101.48255715,468.06084548,468.06758801,0.04751951,2217.60441588,0.01998474,0.01998474,24668,75,0
8101.81168108,8101.81098127,476.06557600,476.08263963,0.04665502,2217.97001969,0.01998474,0.01998474,24667,75,0
8102.13931717,8102.13943200,484.07749779,484.07469551,0.04676726,2218.33348560,0.01998474,0.01998474,24666,75,0
8102.46879934,8102.46790936,492.09655511,492.11829059,0.04631988,2218.69819757,0.01998474,0.01998474,24665,75,0
8102.79637827,8102.79641335,500.12256595,500.12170871,0.04695578,2219.05999474,0.01998474,0.01998474,24664,75,0
8103.12434103,8103.12494396,508.15533233,508.14058481,0.04829745,2219.42139723,0.01998474,0.01998474,24663,75,0
8103.45431074,8103.45350121,516.19465517,516.21447050,0.04688421,2219.78417321,0.01998474,0.01998474,24662,75,0
8103.78251040,8103.78208509,524.24044877,524.25086708,0.04650320,2220.14416297,0.01998474,0.01998474,24661,75,0
8104.11102817,8104.11069561,532.29315255,532.30130553,0.05253486,2220.50367973,0.01998474,0.01998474,24660,75,0
8104.44018962,8104.43933277,540.35335894,540.37438353,0.05046528,2220.86309996,0.01998474,0.01998474,24659,75,0
8104.76875161,8104.76799658,548.42166363,548.44020780,0.05251829,2221.22108968,0.01998474,0.01998474,24658,75,0
8105.09652713,8105.09668704,556.49859531,556.49466396,0.04534455,2221.57747016,0.01998474,0.01998474,24657,75,0
8105.42560441,8105.42540414,564.58392281,564.58885083,0.04473551,2221.93449657,0.01998474,0.01998474,24656,75,0
8105.75374478,8105.75414791,572.67694567,572.66701738,0.04175364,2222.28970495,0.01998474,0.01998474,24655,75,0
8106.08309234,8106.08291833,580.77695281,580.78124156,0.04060701,2222.64538116,0.01998474,0.01998474,24654,75,0
8106.41203821,8106.41171541,588.88324846,588.89120953,0.04723271,2222.99975159,0.01998474,0.01998474,24653,75,0
8106.74072362,8106.74053916,596.99575266,597.00030513,0.04864808,2223.35296520,0.01998474,0.01998474,24652,75,0
8107.06979507,8107.06938958,605.11512258,605.12513841,0.04907930,2223.70574249,0.01998474,0.01998474,24651,75,0
8107.39834955,8107.39826666,613.24206207,613.24411122,0.05278548,2224.05714367,0.01998474,0.01998474,24650,75,0
8107.72716579,8107.72717043,621.37727714,621.37716239,0.02949556,2224.40803008,0.01998474,0.01998474,24649,75,0
8108.05642991,8108.05610087,629.52110573,629.52925618,0.04681584,2224.75860908,0.01998474,0.01998474,24648,75,0
8108.38487625,8108.38505799,637.67305237,637.66854682,0.04747983,2225.10750992,0.01998474,0.01998474,24647,75,0
8108.71411105,8108.71404179,645.83250500,645.83422329,0.04471928,2225.45640971,0.01998474,0.01998474,24646,75,0
8109.04280471,8109.04305229,653.99884808,653.99270077,0.04497080,2225.80386951,0.01998474,0.01998474,24645,75,0
8109.37289794,8109.37208947,662.17166981,662.19175859,0.05155947,2226.15191729,0.01998474,0.01998474,24644,75,0
8109.70112177,8109.70115335,670.35143923,670.35065409,0.04969065,2226.49712551,0.01998474,0.01998474,24643,75,0
8110.03044677,8110.03024392,678.53886335,678.54391221,0.04989214,2226.84264865,0.01998474,0.01998474,24642,75,0
8110.35883660,8110.35936120,686.73465313,686.72158285,0.05267478,2227.18637637,0.01998473,0.01998474,24641,75,0
8110.68831292,8110.68850518,694.93941465,694.93461983,0.04985262,2227.53044629,0.01998474,0.01998474,24640,75,0
8111.01768132,8111.01767586,703.15288895,703.15302516,0.04620941,2227.87359326,0.01998474,0.01998474,24639,75,0
8111.34740416,8111.34687326,711.37439969,711.38766427,0.04690503,2228.21626646,0.01998474,0.01998474,24638,75,0
8111.67577087,8111.67609737,719.60326411,719.59510035,0.04290526,2228.55666069,0.01998474,0.01998474,24637,75,0
8112.00533834,8112.00534819,727.83883920,727.83859266,0.04410250,2228.89739775,0.01998474,0.01998474,24636,75,0
8112.33459864,8112.33462574,736.08115688,736.08047817,0.04396858,2229.23691371,0.01998474,0.01998474,24635,75,0
8112.66409116,8112.66393001,744.33078498,744.33482374,0.04782121,2229.57578581,0.01998474,0.01998474,24634,75,0
8112.99361214,8112.99326101,752.58830906,752.59711727,0.04773970,2229.91382457,0.01998474,0.01998474,24633,75,0
8113.32207523,8113.32261874,760.85430727,760.84066002,0.04211705,2230.24993999,0.01998473,0.01998474,24632,75,0
8113.65203249,8113.65200319,769.12898994,769.12972617,0.04318084,2230.58674713,0.01998474,0.01998474,24631,75,0
8113.98142338,8113.98141439,777.41211265,777.41233876,0.04681708,2230.92212586,0.01998474,0.01998474,24630,75,0
8114.31038890,8114.31085233,785.70340155,785.69173303,0.04237665,2231.25620928,0.01998473,0.01998474,24629,75,0
8114.64004613,8114.64031700,794.00258257,793.99575639,0.04636681,2231.59011658,0.01998473,0.01998474,24628,75,0
8114.97010376,8114.96980843,802.30951784,802.31696673,0.05069446,2231.92353973,0.01998474,0.01998474,24627,75,0
8115.29909786,8115.29932660,810.62432320,810.61854872,0.04575340,2232.25500415,0.01998473,0.01998474,24626,75,0
8115.62836337,8115.62887153,818.94714257,818.93430293,0.04688765,2232.58586063,0.01998473,0.01998474,24625,75,0
8115.95897341,8115.95844321,827.27812066,827.29152912,0.05419735,2232.91718359,0.01998474,0.01998474,24624,75,0
8116.28737866,8116.28804165,835.61736336,835.60058130,0.04010581,2233.24542048,0.01998473,0.01998474,24623,75,0
8116.61749547,8116.61766686,843.96487008,843.96052798,0.04293353,2233.57448433,0.01998473,0.01998474,24622,75,0
8116.94745115,8116.94731883,852.32062228,852.32397780,0.04923794,2233.90249822,0.01998474,0.01998474,24621,75,0
8117.27710891,8117.27699756,860.68460127,860.68742740,0.04563080,2234.22932405,0.01998473,0.01998474,24620,75,0
8117.60602783,8117.60670307,869.05684969,869.03969529,0.04141280,2234.55452731,0.01998473,0.01998474,24619,75,0
8117.93679294,8117.93643536,877.43764686,877.44673973,0.04667182,2234.88066689,0.01998474,0.01998474,24618,75,0
8118.26607470,8118.26619443,885.82733062,885.82428306,0.04301133,2235.20446803,0.01998473,0.01998474,24617,75,0
8118.59406488,8118.59598027,894.22624078,894.17743462,0.05479552,2235.52613975,0.01998473,0.01998474,24616,75,0
8118.92581369,8118.92579290,902.63458753,902.63511770,0.04186724,2235.85062969,0.01998474,0.01998474,24615,75,0
8119.25486103,8119.25563232,911.05189161,911.03219963,0.03975994,2236.17159297,0.01998473,0.01998474,24614,75,0
8119.58481780,8119.58549854,919.47744511,919.46005033,0.04603969,2236.49252848,0.01998473,0.01998474,24613,75,0
8119.91598829,8119.91539154,927.91053572,927.92579619,0.04299656,2236.81369293,0.01998474,0.01998474,24612,75,0
8120.24560805,8120.24531135,936.35058409,936.35817710,0.05138536,2237.13238199,0.01998474,0.01998474,24611,75,0
8120.57452648,8120.57525796,944.79794847,944.77921309,0.04321933,2237.44943754,0.01998473,0.01998474,24610,75,0
8120.90563366,8120.90523137,953.25338403,953.26369731,0.04659332,2237.76766442,0.01998474,0.01998474,24609,75,0
8121.23510152,8121.23523159,961.71765179,961.71431405,0.04317890,2238.08340631,0.01998474,0.01998474,24608,75,0
8121.56555628,8121.56525862,970.19142067,970.19906733,0.05031840,2238.39920404,0.01998474,0.01998474,24607,75,0
8121.89592672,8121.89531247,978.67453259,978.69032792,0.04452082,2238.71402055,0.01998474,0.01998474,24606,75,0
8122.22543627,8122.22539313,987.16640487,987.16751513,0.05251330,2239.02709449,0.01998474,0.01998474,24605,75,0
8122.55582721,8122.55550061,995.66644787,995.67486100,0.04293275,2239.34005599,0.01998474,0.01998474,24604,75,0
8122.88587857,8122.88563492,1004.17412853,1004.18040987,0.05356678,2239.65172339,0.01998474,0.01998474,24603,75,0
8123.21646711,8123.21579606,1012.68953027,1012.70684526,0.04443320,2239.96292380,0.01998474,0.01998474,24602,75,0
8123.54650294,8123.54598403,1021.21310226,1021.22650376,0.04800642,2240.27264455,0.01998474,0.01998474,24601,75,0
8123.87612564,8123.87619883,1029.74530110,1029.74340910,0.04074249,2240.58103402,0.01998474,0.01998474,24600,75,0
8124.20715829,8124.20644047,1038.28655094,1038.30512560,0.04811310,2240.88980541,0.01998474,0.01998474,24599,75,0
8124.53653837,8124.53670895,1046.83686482,1046.83244647,0.04179946,2241.19609995,0.01998474,0.01998474,24598,75,0
8124.86726166,8124.86700428,1055.39598683,1055.40265962,0.04288403,2241.50269199,0.01998474,0.01998474,24597,75,0
8125.19721779,8125.19732645,1063.96365488,1063.96083517,0.03757680,2241.80760977,0.01998474,0.01998474,24596,75,0
8125.52802263,8125.52767547,1072.53962229,1072.54863846,0.04556501,2242.11233400,0.01998474,0.01998474,24595,75,0
8125.85847687,8125.85805135,1081.12385689,1081.13491835,0.05249532,2242.41575324,0.01998474,0.01998474,24594,75,0
8126.18804412,8126.18845408,1089.71647448,1089.70580792,0.04218953,2242.71738122,0.01998473,0.01998474,24593,75,0
8126.51855202,8126.51888368,1098.31759445,1098.30895735,0.04789165,2243.01889120,0.01998473,0.01998474,24592,75,0
8126.84944601,8126.84934014,1106.92735149,1106.93011122,0.03828726,2243.31977265,0.01998474,0.01998474,24591,75,0
8127.17975545,8127.17982346,1115.54606830,1115.54429383,0.04345795,2243.61915152,0.01998473,0.01998474,24590,75,0
8127.51005821,8127.51033366,1124.17419919,1124.16700469,0.05320024,2243.91756619,0.01998473,0.01998474,24589,75,0
8127.84083093,8127.84087073,1132.81220385,1132.81116322,0.03562846,2244.21545725,0.01998473,0.01998474,24588,75,0
8128.17123123,8128.17143467,1141.46048975,1141.45516441,0.04525555,2244.51207553,0.01998473,0.01998474,24587,75,0
8128.50203746,8128.50202550,1150.11879379,1150.11910736,0.05078670,2244.80810642,0.01998473,0.01998474,24586,75,0
8128.83238579,8128.83264321,1158.78640088,1158.77964923,0.04211611,2245.10274875,0.01998473,0.01998474,24585,75,0
8129.16333688,8129.16328780,1167.46258314,1167.46387159,0.04396361,2245.39691943,0.01998473,0.01998474,24584,75,0
8129.49399898,8129.49395929,1176.14668891,1176.14773178,0.05127388,2245.68979894,0.01998473,0.01998474,24583,75,0
8129.82469898,8129.82465767,1184.83894956,1184.84003592,0.04432214,2245.98168254,0.01998473,0.01998473,24582,75,0
8130.15527737,8130.15538294,1193.54014634,1193.53736737,0.04161841,2246.27245258,0.01998473,0.01998473,24581,75,0
8130.48593356,8130.48613512,1202.25107354,1202.24576219,0.04590589,2246.56230734,0.01998473,0.01998473,24580,75,0
8130.81628134,8130.81691420,1210.97244545,1210.95574998,0.03756789,2246.85092884,0.01998473,0.01998473,24579,75,0
8131.14683298,8131.14772018,1219.70418621,1219.68075567,0.04621516,2247.13875831,0.01998473,0.01998473,24578,75,0
8131.47819950,8131.47855308,1228.44578583,1228.43643844,0.04268317,2247.42630223,0.01998473,0.01998473,24577,75,0
8131.80953463,8131.80941289,1237.19672662,1237.19994823,0.04544776,2247.71280167,0.01998473,0.01998473,24576,75,0
8132.14045410,8132.14029961,1245.95655562,1245.96064757,0.03690865,2247.99790778,0.01998473,0.01998473,24575,75,0
8132.47073914,8132.47121325,1254.72533380,1254.71276433,0.04972735,2248.28143530,0.01998473,0.01998473,24574,75,0
8132.80227848,8132.80215382,1263.50335977,1263.50666804,0.04176638,2248.56500862,0.01998473,0.01998473,24573,75,0
8133.13345350,8133.13312131,1272.29093527,1272.29975985,0.04555359,2248.84724496,0.01998474,0.01998473,24572,75,0
8133.46406924,8133.46411573,1281.08832020,1281.08708372,0.05200271,2249.12798675,0.01998473,0.01998473,24571,75,0
8133.79441989,8133.79513709,1289.89551729,1289.87642553,0.05859884,2249.40748363,0.01998473,0.01998473,24570,75,0
8134.12499164,8134.12618538,1298.71243443,1298.68062505,0.04053514,2249.68614017,0.01998473,0.01998473,24569,75,0
8134.45651793,8134.45726061,1307.53897874,1307.51916894,0.04771269,2249.96456215,0.01998473,0.01998473,24568,75,0
8134.78821662,8134.78836278,1316.37505222,1316.37114974,0.04625087,2250.24208028,0.01998473,0.01998473,24567,75,0
8135.11889053,8135.11949190,1325.22053648,1325.20446420,0.04875592,2250.51768932,0.01998473,0.01998473,24566,75,0
8135.45008588,8135.45064797,1334.07530687,1334.06027009,0.05005997,2250.79267260,0.01998473,0.01998473,24565,75,0
8135.78088210,8135.78183099,1342.93923792,1342.91382972,0.03713303,2251.06625749,0.01998473,0.01998473,24564,75,0
8136.11259396,8136.11304096,1351.81232569,1351.80034487,0.04888721,2251.33952488,0.01998473,0.01998473,24563,75,0
8136.44386184,8136.44427789,1360.69495289,1360.68379012,0.04428623,2251.61136026,0.01998473,0.01998473,24562,75,0
8136.77549850,8136.77554179,1369.58758094,1369.58641816,0.04200408,2251.88244097,0.01998473,0.01998473,24561,75,0
8137.10655254,8137.10683265,1378.49067302,1378.48314096,0.04560682,2252.15200013,0.01998473,0.01998473,24560,75,0
8137.43753165,8137.43815048,1387.40445207,1387.38779374,0.04617665,2252.42045651,0.01998473,0.01998473,24559,75,0
8137.76971388,8137.76949529,1396.32861170,1396.33450217,0.04103246,2252.68882764,0.01998473,0.01998473,24558,75,0
8138.10091260,8138.10086707,1405.26277344,1405.26400178,0.04813854,2252.95533020,0.01998473,0.01998473,24557,75,0
8138.43267174,8138.43226582,1414.20655943,1414.21751974,0.05008425,2253.22119310,0.01998474,0.01998473,24556,75,0
8138.76351235,8138.76369156,1423.15975578,1423.15491208,0.04751175,2253.48522257,0.01998473,0.01998473,24555,75,0
8139.09531209,8139.09514429,1432.12239174,1432.12693149,0.04673050,2253.74891378,0.01998473,0.01998473,24554,75,0
8139.42653792,8139.42662400,1441.09451624,1441.09218518,0.04935785,2254.01104388,0.01998473,0.01998473,24553,75,0
8139.75811768,8139.75813071,1450.07619472,1450.07584154,0.04959305,2254.27234614,0.01998473,0.01998473,24552,75,0
8140.09002343,8140.08966441,1459.06783897,1459.07758151,0.04853086,2254.53280299,0.01998473,0.01998473,24551,75,0
8140.42133866,8140.42122511,1468.07019582,1468.07328077,0.05091010,2254.79171370,0.01998473,0.01998473,24550,75,0
8140.75282165,8140.75281281,1477.08403055,1477.08427100,0.04680105,2255.04969015,0.01998473,0.01998473,24549,75,0
8141.08480872,8141.08442752,1486.11000377,1486.12038603,0.04767830,2255.30700466,0.01998473,0.01998473,24548,75,0
8141.41625386,8141.41606923,1495.14762376,1495.15265787,0.04710409,2255.56282748,0.01998473,0.01998473,24547,75,0
8141.74784836,8141.74773796,1504.19570201,1504.19871541,0.04859412,2255.81765567,0.01998473,0.01998473,24546,75,0
8142.08010617,8142.07943370,1513.25303247,1513.27140283,0.04601529,2256.07184181,0.01998474,0.01998473,24545,75,0
8142.41125535,8142.41115646,1522.31867153,1522.32137517,0.04341807,2256.32400254,0.01998473,0.01998473,24544,75,0
8142.74305322,8142.74290624,1531.39318224,1531.39720458,0.04493413,2256.57549056,0.01998473,0.01998473,24543,75,0
8143.07486864,8143.07468305,1540.47765687,1540.48274142,0.04143875,2256.82585020,0.01998473,0.01998473,24542,75,0
8143.40630864,8143.40648688,1549.57319540,1549.56830650,0.04335678,2257.07481253,0.01998473,0.01998473,24541,75,0
8143.73885925,8143.73831775,1558.68052792,1558.69539878,0.04490170,2257.32350515,0.01998473,0.01998473,24540,75,0
8144.07051004,8144.07017565,1567.79927117,1567.80846459,0.04537515,2257.57040800,0.01998473,0.01998473,24539,75,0
8144.40182772,8144.40206059,1576.92883312,1576.92242401,0.05052396,2257.81592840,0.01998473,0.01998473,24538,75,0
8144.73432105,8144.73397257,1586.06862369,1586.07822464,0.04930780,2258.06115955,0.01998473,0.01998473,24537,75,0
8145.06614640,8145.06591159,1595.21842874,1595.22490432,0.04330342,2258.30472893,0.01998473,0.01998473,24536,75,0
8145.39812611,8145.39787767,1604.37862820,1604.38548722,0.04006016,2258.54724855,0.01998473,0.01998473,24535,75,0
8145.72959027,8145.72987079,1613.54965658,1613.54190294,0.03802798,2258.78823780,0.01998473,0.01998473,24534,75,0
8146.06214180,8146.06189097,1622.73192942,1622.73887019,0.05401053,2259.02886519,0.01998473,0.01998473,24533,75,0
8146.39371217,8146.39393821,1631.92549955,1631.91923750,0.04933906,2259.26762987,0.01998473,0.01998473,24532,75,0
8146.72619287,8146.72601251,1641.13011890,1641.13512096,0.04607601,2259.50588291,0.01998473,0.01998473,24531,75,0
8147.05781381,8147.05811388,1650.34552861,1650.33719759,0.03983601,2259.74234413,0.01998473,0.01998473,24530,75,0
8147.39082873,8147.39024231,1659.57152997,1659.58782862,0.03776620,2259.97860790,0.01998473,0.01998473,24529,75,0
8147.72245091,8147.72239781,1668.80833261,1668.80981012,0.05301466,2260.21269778,0.01998473,0.01998473,24528,75,0
8148.05399651,8148.05458039,1678.05631376,1678.04004923,0.04689201,2260.44555543,0.01998473,0.01998473,24527,75,0
8148.38651442,8148.38679004,1687.31585361,1687.30816660,0.04425528,2260.67791732,0.01998473,0.01998473,24526,75,0
8148.71914232,8148.71902678,1696.58715729,1696.59038331,0.04032281,2260.90917508,0.01998473,0.01998473,24525,75,0
8149.05108117,8149.05129060,1705.86992356,1705.86406909,0.04688153,2261.13876362,0.01998473,0.01998473,24524,75,0
8149.38429896,8149.38358151,1715.16375881,1715.18383596,0.04598694,2261.36802614,0.01998473,0.01998473,24523,75,0
8149.71597987,8149.71589951,1724.46827546,1724.47052650,0.04190175,2261.59501237,0.01998473,0.01998473,24522,75,0
8150.04821887,8150.04824461,1733.78341524,1733.78269359,0.04982917,2261.82115528,0.01998473,0.01998473,24521,75,0
8150.38049394,8150.38061680,1743.10954227,1743.10609292,0.04566591,2262.04610031,0.01998473,0.01998473,24520,75,0
8150.71327978,8150.71301609,1752.44705062,1752.45446213,0.03985467,2262.27017035,0.01998473,0.01998473,24519,75,0
8151.04542352,8151.04544249,1761.79630625,1761.79577230,0.05074545,2262.49259350,0.01998473,0.01998473,24518,75,0
8151.37808473,8151.37789600,1771.15737807,1771.16269552,0.04160169,2262.71414332,0.01998473,0.01998473,24517,75,0
8151.71040030,8151.71037661,1780.53016742,1780.53083563,0.04010941,2262.93423642,0.01998473,0.01998473,24516,75,0
8152.04280484,8152.04288434,1789.91457300,1789.91232783,0.05122689,2263.15315449,0.01998473,0.01998473,24515,75,0
8152.37548467,8152.37541919,1799.31049648,1799.31234762,0.04316564,2263.37101071,0.01998473,0.01998473,24514,75,0
8152.70754269,8152.70798116,1808.71785196,1808.70544166,0.05123932,2263.58721243,0.01998473,0.01998473,24513,75,0
8153.04095520,8153.04057026,1818.13655571,1818.14746319,0.04376619,2263.80303524,0.01998473,0.01998473,24512,75,0
8153.37283116,8153.37318648,1827.56652664,1827.55644737,0.04911437,2264.01660181,0.01998473,0.01998473,24511,75,0
8153.70627061,8153.70582983,1837.00781919,1837.02033672,0.04582892,2264.22990308,0.01998473,0.01998473,24510,75,0
8154.03863198,8154.03850032,1846.46066972,1846.46441296,0.03979064,2264.44124663,0.01998473,0.01998473,24509,75,0
8154.37138125,8154.37119794,1855.92532892,1855.93054680,0.04766770,2264.65156893,0.01998473,0.01998473,24508,75,0
8154.70394775,8154.70392271,1865.40205059,1865.40276431,0.03716879,2264.86050834,0.01998473,0.01998473,24507,75,0
8155.03687037,8155.03667462,1874.89110168,1874.89668749,0.04952012,2265.06840279,0.01998473,0.01998473,24506,75,0
8155.36899745,8155.36945368,1884.39275690,1884.37972224,0.04484749,2265.27453597,0.01998473,0.01998473,24505,75,0
8155.70206961,8155.70225988,1893.90729264,1893.90184943,0.04823703,2265.47998752,0.01998473,0.01998473,24504,75,0
8156.03474930,8156.03509325,1903.43474573,1903.42489411,0.03839662,2265.68392415,0.01998473,0.01998473,24503,75,0
8156.36787652,8156.36795377,1912.97449118,1912.97227609,0.05085682,2265.88684129,0.01998473,0.01998473,24502,75,0
8156.70045406,8156.70084145,1922.52578677,1922.51466566,0.04012839,2266.08811093,0.01998473,0.01998473,24501,75,0
8157.03350802,8157.03375629,1932.08792591,1932.08079137,0.05113753,2266.28833449,0.01998473,0.01998473,24500,75,0
8157.36619429,8157.36669830,1941.66105785,1941.64655767,0.05046579,2266.48700197,0.01998473,0.01998473,24499,75,0
8157.69999513,8157.69966749,1951.24614751,1951.25558505,0.04148232,2266.68500891,0.01998473,0.01998473,24498,75,0
8158.03233037,8158.03266384,1960.84419913,1960.83458077,0.04943428,2266.88084181,0.01998473,0.01998473,24497,75,0
8158.36555496,8158.36568738,1970.45595977,1970.45213542,0.03891946,2267.07590088,0.01998473,0.01998473,24496,75,0
8158.69830926,8158.69873810,1980.08088066,1980.06848015,0.04718233,2267.26937045,0.01998473,0.01998473,24495,75,0
8159.03171490,8159.03181600,1989.71800949,1989.71508281,0.04920666,2267.46187653,0.01998473,0.01998473,24494,75,0
8159.36454972,8159.36492108,1999.36639780,1999.35563571,0.03941421,2267.65268869,0.01998473,0.01998473,24493,75,0
8159.69798677,8159.69805336,2009.02566484,2009.02373286,0.04977692,2267.84246657,0.01998473,0.01998473,24492,75,0
8160.03103040,8160.03121283,2018.69626151,2018.69096310,0.04291936,2268.03064597,0.01998473,0.01998473,24491,75,0
8160.36487201,8160.36439950,2028.37870764,2028.39244670,0.04090801,2268.21790234,0.01998473,0.01998473,24490,75,0
8160.69794222,8160.69761337,2038.07353168,2038.08310525,0.05147862,2268.40335984,0.01998473,0.01998473,24489,75,0
8161.03023981,8161.03085445,2047.78129985,2047.76338311,0.04707236,2268.58703221,0.01998473,0.01998473,24488,75,0
8161.36415944,8161.36412273,2057.50259780,2057.50366922,0.05047885,2268.77024278,0.01998473,0.01998473,24487,75,0
8161.69740781,8161.69741822,2067.23801270,2067.23770840,0.03998717,2268.95173208,0.01998473,0.01998473,24486,75,0
8162.03135340,8162.03074093,2076.98780002,2077.00572721,0.04407537,2269.13224327,0.01998473,0.01998473,24485,75,0
8162.36416641,8162.36409086,2086.75158321,2086.75379754,0.04865041,2269.31077633,0.01998473,0.01998473,24484,75,0
8162.69727506,8162.69746800,2096.52891244,2096.52325015,0.04802217,2269.48808785,0.01998473,0.01998473,24483,75,0
8163.03149085,8163.03087237,2106.31936097,2106.33753406,0.04966822,2269.66458702,0.01998473,0.01998473,24482,75,0
8163.36480179,8163.36430397,2116.12274172,2116.13738749,0.03983497,2269.83920053,0.01998473,0.01998473,24481,75,0
8163.69743001,8163.69776280,2125.93899574,2125.92919336,0.04686832,2270.01204771,0.01998473,0.01998473,24480,75,0
8164.03162947,8164.03124886,2135.76806581,2135.77929065,0.04615887,2270.18428708,0.01998473,0.01998473,24479,75,0
8164.36470431,8164.36476216,2145.61004836,2145.60834013,0.04907150,2270.35452205,0.01998473,0.01998473,24478,75,0
8164.69796572,8164.69830270,2155.46535735,2155.45539393,0.05019158,2270.52342975,0.01998473,0.01998473,24477,75,0
8165.03212512,8165.03187048,2165.33444893,2165.34198784,0.05096230,2270.69136519,0.01998473,0.01998473,24476,75,0
8165.36574423,8165.36546552,2175.21773470,2175.22599757,0.04295880,2270.85760360,0.01998473,0.01998473,24475,75,0
8165.69922718,8165.69908780,2185.11519451,2185.11933234,0.04714697,2271.02234360,0.01998473,0.01998473,24474,75,0
8166.03240010,8166.03273734,2195.02657701,2195.01655250,0.04653539,2271.18549128,0.01998473,0.01998473,24473,75,0
8166.36610547,8166.36641413,2204.95162645,2204.94243960,0.04613641,2271.34744699,0.01998473,0.01998473,24472,75,0
8166.69983674,8166.70011819,2214.89007121,2214.88168377,0.04365830,2271.50795034,0.01998473,0.01998473,24471,75,0
8167.03375265,8167.03384951,2224.84161191,2224.83872205,0.04925655,2271.66706512,0.01998473,0.01998473,24470,75,0
8167.36779120,8167.36760809,2234.80594379,2234.81141377,0.04701973,2271.82474869,0.01998473,0.01998473,24469,75,0
8167.70125085,8167.70139395,2244.78284672,2244.77856676,0.05006278,2271.98066340,0.01998473,0.01998473,24468,75,0
8168.03519001,8168.03520708,2254.77272955,2254.77221830,0.04600336,2272.13530511,0.01998473,0.01998473,24467,75,0
8168.36889310,8168.36904750,2264.77628203,2264.77165244,0.04743991,2272.28834508,0.01998473,0.01998473,24466,75,0
8168.70302630,8168.70291519,2274.79419406,2274.79753045,0.04461272,2272.44009134,0.01998473,0.01998473,24465,75,0
8169.03709576,8169.03681016,2284.82683878,2284.83542617,0.04545722,2272.59031577,0.01998473,0.01998473,24464,75,0
8169.37076856,8169.37073242,2294.87413316,2294.87522124,0.04731748,2272.73886339,0.01998473,0.01998473,24463,75,0
8169.70496972,8169.70468198,2304.93595833,2304.94463387,0.04736180,2272.88613628,0.01998473,0.01998473,24462,75,0
8170.03906352,8170.03865883,2315.01215696,2315.02437470,0.04330463,2273.03184212,0.01998473,0.01998473,24461,75,0
8170.37270915,8170.37266297,2325.10239173,2325.10378753,0.04462789,2273.17582430,0.01998473,0.01998473,24460,75,0
8170.70589022,8170.70669442,2335.20626895,2335.18192817,0.04927483,2273.31806976,0.01998473,0.01998473,24459,75,0
8171.04072572,8171.04075317,2345.32342710,2345.32259517,0.04795748,2273.45946325,0.01998473,0.01998473,24458,75,0
8171.37522329,8171.37483923,2355.45420813,2355.46586214,0.05003303,2273.59915247,0.01998473,0.01998473,24457,75,0
8171.70970606,8171.70895260,2365.59960698,2365.62250228,0.04438096,2273.73728168,0.01998473,0.01998473,24456,75,0
8172.04302514,8172.04309329,2375.76065037,2375.75857644,0.04717807,2273.87339115,0.01998473,0.01998473,24455,75,0
8172.37702166,8172.37726129,2385.93792859,2385.93062523,0.04449800,2274.00823614,0.01998473,0.01998473,24454,75,0
8172.71170543,8172.71145661,2396.13085955,2396.13845388,0.04200728,2274.14179554,0.01998473,0.01998473,24453,75,0
8173.04594021,8173.04567926,2406.33866355,2406.34663869,0.05316184,2274.27359651,0.01998473,0.01998473,24452,75,0
8173.38004395,8173.37992923,2416.56063261,2416.56414292,0.04371075,2274.40375226,0.01998473,0.01998473,24451,75,0
8173.71436090,8173.71420654,2426.79670365,2426.80143344,0.04343834,2274.53238856,0.01998473,0.01998473,24450,75,0
8174.04853639,8174.04851118,2437.04713503,2437.04790840,0.04397822,2274.65936466,0.01998473,0.01998473,24449,75,0
8174.38308270,8174.38284316,2447.31219509,2447.31955465,0.04985568,2274.78486973,0.01998473,0.01998473,24448,75,0
8174.71455343,8174.71720248,0.00000000,2457.51474158,0.04805665,2274.90767530,0.01998472,0.01998473,24447,75,1
8175.05148209,8175.05158915,2467.88838742,2467.88508858,0.04044249,2275.03078647,0.01998473,0.01998473,24446,75,0
8175.38591401,8175.38600316,2478.20104267,2478.19829130,0.04920524,2275.15141461,0.01998473,0.01998473,24445,75,0
8175.72053415,8175.72044453,2488.53069066,2488.53346097,0.04944835,2275.27049426,0.01998473,0.01998473,24444,75,0
8176.05445716,8176.05491325,2498.87631263,2498.86219556,0.04305180,2275.38769409,0.01998473,0.01998473,24443,75,0
8176.38932612,8176.38940932,2509.23659446,2509.23401575,0.05151235,2275.50356637,0.01998473,0.01998473,24442,75,0
8176.72291356,8176.72393276,2519.61037008,2519.57874509,0.04750254,2275.61732289,0.01998473,0.01998473,24441,75,0
8177.05817346,8177.05848356,2529.99791612,2529.98828133,0.04291441,2275.72996426,0.01998473,0.01998473,24440,75,0
8177.39346821,8177.39306174,2540.40028678,2540.41293348,0.05020947,2275.84093167,0.01998473,0.01998473,24439,75,0
8177.72734992,8177.72766728,2550.81853397,2550.80864540,0.04390923,2275.94975979,0.01998473,0.01998473,24438,75,0
8178.06234923,8178.06230020,2561.25309090,2561.25462097,0.05109738,2276.05727212,0.01998473,0.01998473,24437,75,0
8178.39655826,8178.39696049,2571.70363542,2571.69106579,0.04320928,2276.16284243,0.01998473,0.01998473,24436,75,0
8178.73191469,8178.73164817,2582.16979727,2582.17813741,0.05078837,2276.26706832,0.01998473,0.01998473,24435,75,0
8179.06620606,8179.06636323,2592.65136770,2592.64644236,0.04213909,2276.36925165,0.01998473,0.01998473,24434,75,0
8179.40254584,8179.40110568,2603.14857977,2603.19377420,0.05319296,2276.47033090,0.01998473,0.01998473,24433,75,0
8179.73592634,8179.73587552,2613.66174233,2613.66333932,0.04560836,2276.56880311,0.01998473,0.01998473,24432,75,0
8180.07051899,8180.07067276,2624.19117091,2624.18633115,0.05257424,2276.66590870,0.01998473,0.01998473,24431,75,0
8180.40568605,8180.40549740,2634.73720783,2634.74315452,0.04402568,2276.76144352,0.01998473,0.01998473,24430,75,0
8180.74017907,8180.74034943,2645.30020766,2645.29482940,0.05088207,2276.85504712,0.01998473,0.01998473,24429,75,0
8181.07465661,8181.07522888,2655.88050460,2655.86241009,0.04540014,2276.94690336,0.01998473,0.01998473,24428,75,0
8181.41001248,8181.41013573,2666.47808069,2666.47417758,0.05047859,2277.03724191,0.01998473,0.01998473,24427,75,0
8181.74524444,8181.74506999,2677.09264235,2677.09817505,0.05519574,2277.12577549,0.01998473,0.01998473,24426,75,0
8182.07980082,8182.08003167,2687.72389104,2687.71655870,0.04333189,2277.21235360,0.01998473,0.01998473,24425,75,0
8182.41528872,8182.41502076,2698.37178949,2698.38031308,0.04459104,2277.29738118,0.01998473,0.01998473,24424,75,0
8182.75030626,8182.75003728,2709.03668794,2709.04525707,0.05130351,2277.38049334,0.01998473,0.01998473,24423,75,0
8183.08441906,8183.08508123,2719.71897042,2719.69784188,0.04045125,2277.46158747,0.01998473,0.01998473,24422,75,0
8183.42008162,8183.42015260,2730.41877684,2730.41650862,0.04545106,2277.54124613,0.01998473,0.01998473,24421,75,0
8183.75551523,8183.75525140,2741.13556682,2741.14401037,0.05201659,2277.61902348,0.01998473,0.01998473,24420,75,0
8184.09074732,8184.09037764,2751.86867844,2751.88052632,0.05385230,2277.69491592,0.01998473,0.01998473,24419,75,0
8184.42551204,8184.42553132,2762.61764956,2762.61703081,0.04149382,2277.76885716,0.01998473,0.01998473,24418,75,0
8184.76103257,8184.76071244,2773.38307815,2773.39336796,0.04798986,2277.84111070,0.01998473,0.01998473,24417,75,0
8185.09642484,8185.09592101,2784.16591033,2784.18213022,0.04922568,2277.91147845,0.01998473,0.01998473,24416,75,0
8185.43111197,8185.43115702,2794.96702689,2794.96557411,0.05400538,2277.97984269,0.01998473,0.01998473,24415,75,0
8185.76582875,8185.76642049,2805.78660193,2805.76748992,0.04184654,2278.04635062,0.01998473,0.01998473,24414,75,0
8186.10134507,8186.10171141,2816.62441235,2816.61256156,0.04817068,2278.11113723,0.01998473,0.01998473,24413,75,0
8186.43694451,8186.43702980,2827.48023372,2827.47747036,0.04944141,2278.17404587,0.01998473,0.01998473,24412,75,0
8186.77265213,8186.77237564,2838.35394002,2838.36291245,0.04897139,2278.23506937,0.01998473,0.01998473,24411,75,0
8187.10824399,8187.10774895,2849.24549397,2849.26158330,0.05094049,2278.29415741,0.01998473,0.01998473,24410,75,0
8187.44295797,8187.44314973,2860.15485842,2860.14861651,0.04661456,2278.35117469,0.01998473,0.01998473,24409,75,0
8187.77845444,8187.77857798,2871.08188662,2871.07785911,0.04905295,2278.40639470,0.01998473,0.01998473,24408,75,0
8188.11393644,8188.11403371,2882.02628128,2882.02310545,0.04642083,2278.45966885,0.01998473,0.01998473,24407,75,0
8188.44981336,8188.44951692,2892.98773406,2892.99742714,0.04824685,2278.51104817,0.01998473,0.01998473,24406,75,0
8188.78516236,8188.78502761,2903.96632387,2903.97073663,0.05404190,2278.56038393,0.01998473,0.01998473,24405,75,0
8189.12048747,8189.12056578,2914.96291879,2914.96035020,0.05332078,2278.60774967,0.01998473,0.01998473,24404,75,0
8189.45560592,8189.45613145,2925.97849007,2925.96122411,0.04803145,2278.65311590,0.01998473,0.01998473,24403,75,0
8189.79230805,8189.79172460,2937.01364046,2937.03284171,0.05138888,2278.69670493,0.01998473,0.01998473,24402,75,0
8190.12706439,8190.12734526,2948.06787785,2948.05861949,0.04632060,2278.73805071,0.01998473,0.01998473,24401,75,0
8190.46340367,8190.46299341,2959.14050579,2959.15405011,0.04896520,2278.77757961,0.01998473,0.01998473,24400,75,0
8190.79890629,8190.79866907,2970.23107580,2970.23891975,0.04672238,2278.81498916,0.01998473,0.01998473,24399,75,0
8191.13428421,8191.13437223,2981.34017245,2981.33725742,0.04706058,2278.85035958,0.01998473,0.01998473,24398,75,0
8191.47008556,8191.47010290,2992.46864981,2992.46807431,0.04583043,2278.88373844,0.01998473,0.01998473,24397,75,0
8191.80532414,8191.80586109,3003.61723133,3003.59938697,0.04630999,2278.91502046,0.01998473,0.01998473,24396,75,0
8192.13727137,8192.14164679,0.00000000,3014.64648156,0.10679000,2278.94399111,0.01998472,0.01998473,24395,75,1
8192.47709299,8192.47746001,3025.97434877,3025.96211044,0.04874792,2278.97152313,0.01998473,0.01998473,24394,75,0
8192.81300879,8192.81330076,3037.18238640,3037.17263446,0.04804648,2278.99666089,0.01998473,0.01998473,24393,75,0
8193.14898223,8193.14916903,3048.41026022,3048.40401016,0.04612078,2279.01971085,0.01998473,0.01998473,24392,75,0
8193.48491567,8193.48506483,3059.65843041,3059.65343095,0.05235944,2279.04065608,0.01998473,0.01998473,24391,75,0
8193.82055397,8193.82098816,3070.92724217,3070.91266408,0.05150975,2279.05947322,0.01998473,0.01998473,24390,75,0
8194.15721391,8194.15693904,3082.21601662,3082.22526053,0.04402601,2279.07621688,0.01998473,0.01998473,24389,75,0
8194.49233584,8194.49291745,3093.52354641,3093.50395751,0.04561466,2279.09075225,0.01998473,0.01998473,24388,75,0
8194.82877465,8194.82892340,3104.84878366,3104.84376614,0.04944051,2279.10319389,0.01998473,0.01998473,24387,75,0
8195.16477951,8195.16495691,3116.19243658,3116.18644307,0.04796175,2279.11345941,0.01998473,0.01998473,24386,75,0
8195.50089603,8195.50101796,3127.55623943,3127.55211276,0.04994361,2279.12155949,0.01998473,0.01998473,24385,75,0
8195.83728123,8195.83710657,3138.94181768,3138.94774011,0.04809203,2279.12748371,0.01998473,0.01998473,24384,75,0
8196.17295952,8196.17322273,3150.34926058,3150.34031972,0.04239987,2279.13120705,0.01998473,0.01998473,24383,75,0
8196.50939492,8196.50936645,3161.77768603,3161.77865474,0.05190060,2279.13273300,0.01998473,0.01998473,24382,75,0
8196.84565178,8196.84553774,3173.22626637,3173.23015313,0.04506866,2279.13204000,0.01998473,0.01998473,24381,75,0
8197.18143428,8197.18173660,3184.69509206,3184.68477009,0.05160335,2279.12912385,0.01998473,0.01998473,24380,75,0
8197.51778908,8197.51796302,3196.18485699,3196.17890764,0.04547118,2279.12396276,0.01998473,0.01998473,24379,75,0
8197.85402366,8197.85421702,3207.69620974,3207.68958425,0.04789256,2279.11655060,0.01998473,0.01998473,24378,75,0
8198.19069840,8198.19049860,3219.22907431,3219.23593245,0.04479701,2279.10685967,0.01998473,0.01998473,24377,75,0
8198.52714375,8198.52680776,3230.78290100,3230.79445383,0.04830521,2279.09489556,0.01998473,0.01998473,24376,75,0
8198.86358098,8198.86314450,3242.35719783,3242.37223101,0.04540526,2279.08064162,0.01998473,0.01998473,24375,75,0
8199.19967798,8199.19950883,3253.95224949,3253.95808554,0.05214917,2279.06410346,0.01998473,0.01998473,24374,75,0
8199.53607220,8199.53590075,3265.56882454,3265.57475045,0.05091294,2279.04523709,0.01998473,0.01998473,24373,75,0
8199.87190485,8199.87232027,3277.20764904,3277.19326379,0.04293480,2279.02407979,0.01998473,0.01998473,24372,75,0
8200.20823784,8200.20876738,3288.86889969,3288.85052905,0.04932228,2279.00055227,0.01998473,0.01998473,24371,75,0
8200.54567151,8200.54524210,3300.55244327,3300.56736771,0.05501704,2278.97458323,0.01998473,0.01998473,24370,75,0
8200.88184703,8200.88174441,3312.25814592,3312.26171861,0.04275069,2278.94634343,0.01998473,0.01998473,24369,75,0
8201.21917812,8201.21827434,3323.98590892,3324.01743296,0.04479961,2278.91561868,0.01998473,0.01998473,24368,75,0
8201.55516459,8201.55483188,3335.73565008,3335.74727570,0.04999108,2278.88262630,0.01998473,0.01998473,24367,75,0
8201.89169373,8201.89141703,3347.50737919,3347.51706520,0.04658610,2278.84717683,0.01998473,0.01998473,24366,75,0
8202.22854087,8202.22802981,3359.30171406,3359.31963792,0.04207099,2278.80926998,0.01998473,0.01998473,24365,75,0
8202.56462945,8202.56467020,3371.11952375,3371.11809181,0.04703423,2278.76901555,0.01998473,0.01998473,24364,75,0
8202.90151218,8202.90133822,3382.96147951,3382.96760443,0.04720671,2278.72621107,0.01998473,0.01998473,24363,75,0
8203.23766399,8203.23803386,3394.82720859,3394.81416117,0.05289147,2278.68103707,0.01998473,0.01998473,24362,75,0
8203.57452956,8203.57475714,3406.71600248,3406.70795973,0.05275775,2278.63328863,0.01998473,0.01998473,24361,75,0
8203.91169862,8203.91150806,3418.62734051,3418.63408726,0.05184497,2278.58300145,0.01998473,0.01998473,24360,75,0
8204.24794560,8204.24828661,3430.56142967,3430.54933451,0.04640948,2278.53035110,0.01998473,0.01998473,24359,75,0
8204.58527679,8204.58509280,3442.51865051,3442.52518844,0.05300410,2278.47500646,0.01998473,0.01998473,24358,75,0
8204.92224391,8204.92192664,3454.49941199,3454.51070766,0.04978490,2278.41718144,0.01998473,0.01998473,24357,75,0
8205.25942783,8205.25878813,3466.50419179,3466.52701082,0.03995004,2278.35676169,0.01998473,0.01998473,24356,75,0
8205.59531851,8205.59567727,3478.53348020,3478.52065726,0.04063969,2278.29401329,0.01998473,0.01998473,24355,75,0
8205.93264377,8205.93259407,3490.58745091,3490.58923082,0.05212912,2278.22840958,0.01998473,0.01998473,24354,75,0
8206.27042486,8206.26953853,3502.66569084,3502.69749280,0.05081379,2278.16010681,0.01998473,0.01998473,24353,75,0
8206.60702909,8206.60651065,3514.76771871,3514.78635565,0.04838549,2278.08943191,0.01998473,0.01998473,24352,75,0
8206.94309978,8206.94351043,3526.89304119,3526.87825250,0.04705269,2278.01625863,0.01998473,0.01998473,24351,75,0
8207.28119856,8207.28053788,3539.04115143,3539.06498641,0.04837892,2277.94000109,0.01998473,0.01998473,24350,75,0
8207.61752716,8207.61759301,3551.21164418,3551.20926426,0.04359323,2277.86150206,0.01998473,0.01998473,24349,75,0
8207.95533450,8207.95467581,3563.40581713,3563.42966961,0.04568471,2277.77998444,0.01998473,0.01998473,24348,75,0
8208.29215237,8208.29178629,3575.62634424,3575.63962964,0.04387340,2277.69600519,0.01998473,0.01998473,24347,75,0
8208.62905287,8208.62892446,3587.87553774,3587.88020850,0.04672821,2277.60927544,0.01998473,0.01998473,24346,75,0
8208.96604911,8208.96609031,3600.15220782,3600.15070609,0.04906665,2277.51978114,0.01998473,0.01998473,24345,75,0
8209.30350449,8209.30328385,3612.45342401,3612.46148024,0.05000866,2277.42742464,0.01998473,0.01998473,24344,75,0
8209.64072915,8209.64050508,3624.77721649,3624.78541269,0.05004947,2277.33239250,0.01998473,0.01998473,24343,75,0
8209.97806147,8209.97775401,3637.12604671,3637.13731665,0.04933603,2277.23455741,0.01998473,0.01998473,24342,75,0
8210.31405966,8210.31503065,3649.50362923,3649.46795228,0.04281890,2277.13430711,0.01998472,0.01998473,24341,75,0
8210.65212210,8210.65233498,3661.91181845,3661.90397857,0.04488382,2277.03058517,0.01998473,0.01998473,24340,75,0
8210.98943170,8210.98966702,3674.34800935,3674.33932528,0.04658665,2276.92424303,0.01998473,0.01998473,24339,75,0
8211.32677511,8211.32702677,3686.80898917,3686.79968534,0.04619665,2276.81505307,0.01998473,0.01998473,24338,75,0
8211.66454671,8211.66441424,3699.29400648,3699.29891344,0.04823238,2276.70287344,0.01998473,0.01998473,24337,75,0
8212.00162856,8212.00182942,3711.80545006,3711.79799408,0.03808142,2276.58804180,0.01998473,0.01998473,24336,75,0
8212.33878258,8212.33927232,3724.34572701,3724.32750656,0.04889117,2276.47026738,0.01998473,0.01998473,24335,75,0
8212.67641025,8212.67674295,3736.91473777,3736.90233364,0.04538536,2276.34938591,0.01998473,0.01998473,24334,75,0
8213.01361891,8213.01424130,3749.51070998,3749.48745868,0.04223681,2276.22571603,0.01998473,0.01998473,24333,75,0
8213.35177102,8213.35176738,3762.13217923,3762.13231519,0.04898578,2276.09874929,0.01998473,0.01998473,24332,75,0
8213.68961813,8213.68932120,3774.77948508,3774.79062134,0.04634049,2275.96892666,0.01998473,0.01998473,24331,75,0
8214.02656523,8214.02690276,3787.45354509,3787.44085995,0.03814812,2275.83646688,0.01998473,0.01998473,24330,75,0
8214.36365387,8214.36451206,3800.15511154,3800.12279077,0.04154351,2275.70094583,0.01998473,0.01998473,24329,75,0
8214.70170929,8214.70214910,3812.88455269,3812.86795372,0.04667423,2275.56199554,0.01998473,0.01998473,24328,75,0
8215.04013837,8215.03981389,3825.64218010,3825.65445294,0.04454118,2275.41982057,0.01998473,0.01998473,24327,75,0
8215.37715121,8215.37750643,3838.42811799,3838.41465432,0.04466187,2275.27516787,0.01998473,0.01998473,24326,75,0
8215.71497070,8215.71522672,3851.24229939,3851.23257481,0.04656641,2275.12707453,0.01998473,0.01998473,24325,75,0
8216.05295749,8216.05297478,3864.08482300,3864.08416500,0.04699258,2274.97578836,0.01998473,0.01998473,24324,75,0
8216.39068616,8216.39075059,3876.95704671,3876.95458826,0.04328031,2274.82146659,0.01998473,0.01998473,24323,75,0
8216.72738363,8216.72855417,3889.86089387,3889.81612520,0.04159491,2274.66443812,0.01998472,0.01998473,24322,75,0
8217.06624234,8217.06638552,3902.79721243,3902.79172341,0.04423728,2274.50316703,0.01998473,0.01998473,24321,75,0
8217.40501582,8217.40424464,3915.76392134,3915.79355017,0.03653852,2274.33869842,0.01998473,0.01998473,24320,75,0
8217.74187628,8217.74213154,3928.75854694,3928.74872034,0.04426191,2274.17196080,0.01998473,0.01998473,24319,75,0
8218.07996103,8218.08004621,3941.78160705,3941.77832047,0.04580429,2274.00138631,0.01998473,0.01998473,24318,75,0
8218.41820143,8218.41798867,3954.83679949,3954.84502964,0.04747509,2273.82742624,0.01998473,0.01998473,24317,75,0
8218.75612316,8218.75595891,3967.92711429,3967.93348426,0.04479330,2273.65026529,0.01998473,0.01998473,24316,75,0
8219.09380524,8219.09395694,3981.04971599,3981.04381997,0.04587886,2273.46988682,0.01998473,0.01998473,24315,75,0
8219.43176220,8219.43198276,3994.19941763,3994.19082994,0.04241794,2273.28606743,0.01998473,0.01998473,24314,75,0
8219.76971263,8219.77003638,4007.37435816,4007.36172756,0.04423409,2273.09896536,0.01998473,0.01998473,24313,75,0
8220.10843903,8220.10811780,4020.57984878,4020.59241225,0.04524953,2272.90804222,0.01998473,0.01998473,24312,75,0
8220.44594318,8220.44622702,4033.82177372,4033.81064185,0.04359113,2272.71432428,0.01998473,0.01998473,24311,75,0
8220.78973475,8220.78436405,0.00000000,4047.30284847,0.09489573,2272.51352462,0.01998474,0.01998473,24310,75,1
8221.12306353,8221.12252888,4060.41062797,4060.43169412,0.05055541,2272.31515857,0.01998473,0.01998473,24309,75,0
8221.46121164,8221.46072153,4073.74978628,4073.76913783,0.04216933,2272.11063663,0.01998473,0.01998473,24308,75,0
8221.79894498,8221.79894200,4087.11865114,4087.11876926,0.04351353,2271.90289558,0.01998473,0.01998473,24307,75,0
nan,nan,0.00000000,-1.00000000,0.00000000,2274.12515693,nan,0.00000000,-2147483648,74,1
8191.47003383,8191.47010290,10.09613938,10.09455232,0.05127352,2274.55942433,0.01998473,0.01998473,24397,74,0
8191.80550443,8191.80586109,17.81380430,17.80560313,0.06085895,2274.97209574,0.01998473,0.01998473,24396,74,0
8192.14214640,8192.14164679,25.53804271,25.54954003,0.04416715,2275.38552402,0.01998473,0.01998473,24395,74,0
8192.47743597,8192.47746001,33.26896876,33.26841504,0.04440101,2275.79661388,0.01998473,0.01998473,24394,74,0
8192.81304980,8192.81330076,41.00666307,41.00087891,0.05506498,2276.20742589,0.01998473,0.01998473,24393,74,0
8193.14812967,8193.14916903,48.75094490,48.72697103,0.04812946,2276.61689810,0.01998473,0.01998473,24392,74,0
8193.48484372,8193.48506483,56.50151112,56.49640734,0.03037248,2277.02765810,0.01998473,0.01998473,24391,74,0
8193.82068715,8193.82098816,64.25805643,64.25110366,0.04959984,2277.43662937,0.01998473,0.01998473,24390,74,0
8194.15679674,8194.15693904,72.02027867,72.01698984,0.04867088,2277.84518004,0.01998473,0.01998473,24389,74,0
8194.49165544,8194.49291745,79.78812647,79.75893894,0.04887493,2278.25146451,0.01998473,0.01998473,24388,74,0
8194.82924501,8194.82892340,87.56192435,87.56936760,0.05029926,2278.66032387,0.01998473,0.01998473,24387,74,0
8195.16443339,8195.16495691,95.34202912,95.32990366,0.04033337,2279.06555785,0.01998473,0.01998473,24386,74,0
8195.50083977,8195.50101796,103.12879936,103.12466889,0.05353183,2279.47156204,0.01998473,0.01998473,24385,74,0
8195.83759795,8195.83710657,110.92253711,110.93393682,0.04385279,2279.87729932,0.01998473,0.01998473,24384,74,0
8196.17274638,8196.17322273,118.72325320,118.71219349,0.04850332,2280.28040812,0.01998473,0.01998473,24383,74,0
8196.50941948,8196.50936645,126.53086684,126.53209892,0.03883149,2280.68465188,0.01998473,0.01998473,24382,74,0
8196.84516315,8196.84553774,134.34529682,134.33658583,0.03653427,2281.08707529,0.01998473,0.01998473,24381,74,0
8197.18084625,8197.18173660,142.16646032,142.14573989,0.05019885,2281.48871608,0.01998473,0.01998473,24380,74,0
8197.51810368,8197.51796302,149.99425004,149.99752589,0.05095585,2281.89151744,0.01998473,0.01998473,24379,74,0
8197.85386032,8197.85421702,157.82853507,157.82022138,0.04694389,2282.29179722,0.01998473,0.01998473,24378,74,0
8198.19038548,8198.19049860,165.66918290,165.66654446,0.04179796,2282.69225394,0.01998473,0.01998473,24377,74,0
8198.52669244,8198.52680776,173.51606051,173.51336883,0.04810160,2283.09170244,0.01998473,0.01998473,24376,74,0
8198.86320817,8198.86314450,181.36914600,181.37063308,0.02914240,2283.49064639,0.01998473,0.01998473,24375,74,0
8199.20004748,8199.19950883,189.22872467,189.24131572,0.04941526,2283.88923224,0.01998473,0.01998473,24374,74,0
8199.53643900,8199.53590075,197.09513555,197.10772748,0.05563046,2284.28656224,0.01998473,0.01998473,24373,74,0
8199.87120716,8199.87232027,204.96871942,204.94265715,0.04955220,2284.68126898,0.01998473,0.01998473,24372,74,0
8200.20818882,8200.20876738,212.84976966,212.83621133,0.04985727,2285.07788636,0.01998473,0.01998473,24371,74,0
8200.54529620,8200.54524210,220.73815713,220.73942611,0.04982315,2285.47394052,0.01998473,0.01998473,24370,74,0
8200.88106753,8200.88174441,228.63353524,228.61764743,0.04095702,2285.86769779,0.01998473,0.01998473,24369,74,0
8201.21900375,8201.21827434,236.53555382,236.55268731,0.04267789,2286.26324076,0.01998473,0.01998473,24368,74,0
8201.55512974,8201.55483188,244.44386731,244.45086880,0.05156121,2286.65589579,0.01998473,0.01998473,24367,74,0
8201.89190663,8201.89141703,252.35838646,252.36990317,0.03989140,2287.04853508,0.01998473,0.01998473,24366,74,0
8202.22834701,8202.22802981,260.27936164,260.28682883,0.05016789,2287.44001635,0.01998473,0.01998473,24365,74,0
8202.56557563,8202.56467020,268.20706776,268.22839871,0.05744946,2287.83165789,0.01998473,0.01998473,24364,74,0
8202.90248809,8202.90133822,276.14178112,276.16889294,0.04393654,2288.22218652,0.01998473,0.01998473,24363,74,0
8203.23763899,8203.23803386,284.08372157,284.07440339,0.04845162,2288.60994172,0.01998473,0.01998473,24362,74,0
8203.57469220,8203.57475714,292.03291239,292.03137865,0.05523654,2288.99916028,0.01998473,0.01998473,24361,74,0
8203.91141803,8203.91150806,299.98933480,299.98720687,0.05045810,2289.38725852,0.01998473,0.01998473,24360,74,0
8204.24826104,8204.24828661,307.95296993,307.95236516,0.04930678,2289.77474582,0.01998473,0.01998473,24359,74,0
8204.58481550,8204.58509280,315.92380227,315.91723688,0.04965858,2290.16115243,0.01998473,0.01998473,24358,74,0
8204.92187789,8204.92192664,323.90184894,323.90069365,0.04804755,2290.54739015,0.01998473,0.01998473,24357,74,0
8205.25908772,8205.25878813,331.88714510,331.89424978,0.04569619,2290.93304257,0.01998473,0.01998473,24356,74,0
8205.59566808,8205.59567727,339.87972624,339.87950810,0.05111149,2291.31722168,0.01998473,0.01998473,24355,74,0
8205.93267816,8205.93259407,347.87962581,347.88162321,0.04786504,2291.70113587,0.01998473,0.01998473,24354,74,0
8206.27000176,8206.26953853,355.88680018,355.89781300,0.04767157,2292.08464536,0.01998473,0.01998473,24353,74,0
8206.60631380,8206.60651065,363.90110989,363.89642647,0.04717878,2292.46623652,0.01998473,0.01998473,24352,74,0
8206.94381736,8206.94351043,371.92240883,371.92971724,0.05098692,2292.84839869,0.01998473,0.01998473,24351,74,0
8207.28071739,8207.28053788,379.95055019,379.95482776,0.04754370,2293.22908760,0.01998473,0.01998473,24350,74,0
8207.61728645,8207.61759301,387.98546365,387.97815283,0.04487646,2293.60860853,0.01998473,0.01998473,24349,74,0
8207.95526857,8207.95467581,396.02729143,396.04143856,0.04505063,2293.98892835,0.01998473,0.01998473,24348,74,0
8208.29274266,8208.29178629,404.07621283,404.09905657,0.04646503,2294.36788786,0.01998473,0.01998473,24347,74,0
8208.62888222,8208.62892446,412.13240811,412.13139831,0.04606293,2294.74457107,0.01998473,0.01998473,24346,74,0
8208.96604077,8208.96609031,420.19603693,420.19485158,0.04856574,2295.12162105,0.01998473,0.01998473,24345,74,0
8209.30335859,8209.30328385,428.26712386,428.26891362,0.04793703,2295.49807054,0.01998473,0.01998473,24344,74,0
8209.64098464,8209.64050508,436.34564068,436.35713370,0.04770231,2295.87407988,0.01998473,0.01998473,24343,74,0
8209.97802512,8209.97775401,444.43155887,444.43806172,0.04812387,2296.24865042,0.01998473,0.01998473,24342,74,0
8210.31509479,8210.31503065,452.52485099,452.52639076,0.04488732,2296.62246312,0.01998473,0.01998473,24341,74,0
8210.65161974,8210.65233498,460.62550913,460.60832488,0.04344890,2296.99488009,0.01998473,0.01998473,24340,74,0
8210.98936824,8210.98966702,468.73354086,468.72635653,0.04035985,2297.36785326,0.01998473,0.01998473,24339,74,0
8211.32685332,8211.32702677,476.84895423,476.84478008,0.04071651,2297.73973462,0.01998473,0.01998473,24338,74,0
8211.66448601,8211.66441424,484.97175580,484.97348457,0.04775530,2298.11097490,0.01998473,0.01998473,24337,74,0
8212.00173309,8212.00182942,493.10187144,493.09954956,0.05183147,2298.48098237,0.01998473,0.01998473,24336,74,0
8212.33938628,8212.33927232,501.23910575,501.24185485,0.04133930,2298.85061383,0.01998473,0.01998473,24335,74,0
8212.67672270,8212.67674295,509.38325227,509.38276353,0.05111257,2299.21906550,0.01998473,0.01998473,24334,74,0
8213.01319420,8213.01424130,517.53410368,517.50880633,0.03987744,2299.58573104,0.01998473,0.01998473,24333,74,0
8213.35170979,8213.35176738,525.69164297,525.69025049,0.04031637,2299.95377265,0.01998473,0.01998473,24332,74,0
8213.68961514,8213.68932120,533.85639128,533.86350407,0.04023402,2300.32031984,0.01998473,0.01998473,24331,74,0
8214.02776963,8214.02690276,542.02896643,542.04996251,0.04418620,2300.68633103,0.01998473,0.01998473,24330,74,0
8214.36396011,8214.36451206,550.20998969,550.19660801,0.04526173,2301.04944125,0.01998473,0.01998473,24329,74,0
8214.70208446,8214.70214910,558.39991558,558.39834680,0.04661545,2301.41387740,0.01998473,0.01998473,24328,74,0
8215.03978008,8215.03981389,566.59830383,566.59748252,0.04192422,2301.77706489,0.01998473,0.01998473,24327,74,0
8215.37715780,8215.37750643,574.80441687,574.79594169,0.04320033,2302.13908965,0.01998473,0.01998473,24326,74,0
8215.71496949,8215.71522672,583.01751283,583.01125503,0.04697283,2302.50072237,0.01998473,0.01998473,24325,74,0
8216.05330389,8216.05297478,591.23693533,591.24494732,0.05049989,2302.86202279,0.01998473,0.01998473,24324,74,0
8216.39122549,8216.39075059,599.46290634,599.47447618,0.04586729,2303.22199871,0.01998473,0.01998473,24323,74,0
8216.72813894,8216.72855417,607.69615054,607.68602579,0.04411789,2303.58005033,0.01998473,0.01998473,24322,74,0
8217.06638112,8217.06638552,615.93740243,615.93729514,0.05022872,2303.93868893,0.01998473,0.01998473,24321,74,0
8217.40505492,8217.40424464,624.18736533,624.20716103,0.05051452,2304.29698417,0.01998473,0.01998473,24320,74,0
8217.74215315,8217.74213154,632.44605604,632.44658457,0.04556662,2304.65281382,0.01998473,0.01998473,24319,74,0
8218.07937963,8218.08004621,640.71286208,640.69654792,0.04458626,2305.00795185,0.01998473,0.01998473,24318,74,0
8218.41796360,8218.41798867,648.98714447,648.98653043,0.04867268,2305.36365662,0.01998473,0.01998473,24317,74,0
8218.75612172,8218.75595891,657.26827264,657.27226330,0.04445841,2305.71802111,0.01998473,0.01998473,24316,74,0
8219.09407190,8219.09395694,665.55616105,665.55898105,0.04491817,2306.07126981,0.01998473,0.01998473,24315,74,0
8219.43204339,8219.43198276,673.85148758,673.85297614,0.04582321,2306.42366914,0.01998473,0.01998473,24314,74,0
8219.76935205,8219.77003638,682.15499052,682.13817343,0.04393190,2306.77453637,0.01998472,0.01998473,24313,74,0
8220.11056251,8220.10811780,690.46740941,690.52754910,0.06896809,2307.12863573,0.01998473,0.01998473,24312,74,0
8220.44659974,8220.44622702,698.78905051,698.79822850,0.04547023,2307.47656311,0.01998473,0.01998473,24311,74,0
8220.78454504,8220.78436405,707.11931943,707.12378040,0.04739049,2307.82563350,0.01998473,0.01998473,24310,74,0
8221.12296713,8221.12252888,715.45750698,715.46831730,0.04797161,2308.17432664,0.01998473,0.01998473,24309,74,0
8221.46084718,8221.46072153,723.80290008,723.80600188,0.04533936,2308.52156023,0.01998473,0.01998473,24308,74,0
8221.79935766,8221.79894200,732.15507405,732.16534264,0.05138606,2308.86851836,0.01998473,0.01998473,24307,74,0
8222.13714536,8222.13719028,740.51447322,740.51336266,0.04385251,2309.21383006,0.01998473,0.01998473,24306,74,0
8222.47576401,8222.47546639,748.88170602,748.88907087,0.04417409,2309.55910539,0.01998473,0.01998473,24305,74,0
8222.81331834,8222.81377033,757.25738437,757.24618879,0.04810190,2309.90243461,0.01998472,0.01998473,24304,74,0
8223.15255039,8223.15210209,765.64197946,765.65309468,0.04124555,2310.24662018,0.01998473,0.01998473,24303,74,0
8223.49069677,8223.49046169,774.03536401,774.04119825,0.05528403,2310.58884731,0.01998473,0.01998473,24302,74,0
8223.82879066,8223.82884913,782.43725345,782.43580119,0.04672304,2310.93015085,0.01998473,0.01998473,24301,74,0
8224.16777392,8224.16726441,790.84736147,790.86002917,0.04055160,2311.27146329,0.01998473,0.01998473,24300,74,0
8224.50612597,8224.50570753,799.26545162,799.27586417,0.04672104,2311.61123972,0.01998473,0.01998473,24299,74,0
8224.84442796,8224.84417849,807.69157355,807.69778676,0.04575265,2311.95006521,0.01998473,0.01998473,24298,74,0
8225.18302749,8225.18267731,816.12587680,816.13460591,0.05411960,2312.28828962,0.01998473,0.01998473,24297,74,0
8225.52088748,8225.52120399,824.56851185,824.56061475,0.04224860,2312.62488146,0.01998472,0.01998473,24296,74,0
8225.86036700,8225.85975852,833.01961489,833.03481105,0.04370505,2312.96218945,0.01998473,0.01998473,24295,74,0
8226.19800013,8226.19834091,841.47921409,841.47069569,0.04392991,2313.29676840,0.01998472,0.01998473,24294,74,0
8226.53684862,8226.53695116,849.94729036,849.94472464,0.04068551,2313.63165064,0.01998472,0.01998473,24293,74,0
8226.87534688,8226.87558929,858.42382426,858.41775379,0.04655888,2313.96528123,0.01998472,0.01998473,24292,74,0
8227.21415630,8227.21425528,866.90882182,866.90634069,0.04608951,2314.29830896,0.01998472,0.01998473,24291,74,0
8227.55309923,8227.55294915,875.40251468,875.40628023,0.04441911,2314.63056301,0.01998473,0.01998473,24290,74,0
8227.89142342,8227.89167090,883.90525326,883.89903776,0.04849630,2314.96131793,0.01998472,0.01998473,24289,74,0
8228.23027115,8228.23042053,892.41739108,892.41363541,0.04794713,2315.29170079,0.01998472,0.01998473,24288,74,0
8228.56924103,8228.56919805,900.93922162,900.94030346,0.04117985,2315.62132515,0.01998473,0.01998473,24287,74,0
8228.90760825,8228.90800345,909.47039631,909.46044027,0.04719599,2315.94947065,0.01998472,0.01998473,24286,74,0
8229.24642250,8229.24683675,918.01018332,917.99973825,0.04643095,2316.27712403,0.01998472,0.01998473,24285,74,0
8229.58574985,8229.58569794,926.55784138,926.55915142,0.04537956,2316.60431336,0.01998473,0.01998473,24284,74,0
8229.92521013,8229.92458703,935.11270096,935.12843626,0.05024342,2316.93064051,0.01998473,0.01998473,24283,74,0
8230.26321337,8230.26350402,943.67497099,943.66762498,0.04313565,2317.25458780,0.01998473,0.01998473,24282,74,0
8230.60217238,8230.60244892,952.24542958,952.23843367,0.05467064,2317.57849616,0.01998473,0.01998473,24281,74,0
8230.94131942,8230.94142173,960.82486894,960.82227804,0.04078326,2317.90165350,0.01998473,0.01998473,24280,74,0
8231.28075179,8231.28042245,969.41402055,969.42236937,0.04561062,2318.22417430,0.01998473,0.01998473,24279,74,0
8231.61982029,8231.61945109,978.01282000,978.02218878,0.04233783,2318.54543555,0.01998473,0.01998473,24278,74,0
8231.95841037,8231.95850764,986.62066684,986.61819602,0.04516154,2318.86530583,0.01998473,0.01998473,24277,74,0
8232.29766762,8232.29759212,995.23694709,995.23886631,0.04670426,2319.18484015,0.01998473,0.01998473,24276,74,0
8232.63658117,8232.63670453,1003.86109411,1003.85795554,0.04277400,2319.50306067,0.01998473,0.01998473,24275,74,0
8232.97573745,8232.97584487,1012.49315897,1012.49042367,0.04707996,2319.82051710,0.01998473,0.01998473,24274,74,0
8233.31529849,8233.31501314,1021.13360690,1021.14087980,0.05524773,2320.13737201,0.01998473,0.01998473,24273,74,0
8233.65415875,8233.65420934,1029.78291351,1029.78162278,0.03714160,2320.45260890,0.01998473,0.01998473,24272,74,0
8233.99308837,8233.99343349,1038.44151914,1038.43270563,0.04406636,2320.76695918,0.01998473,0.01998473,24271,74,0
8234.33239254,8234.33268558,1047.10943255,1047.10194178,0.05359887,2321.08070045,0.01998473,0.01998473,24270,74,0
8234.67199597,8234.67196562,1055.78638671,1055.78716335,0.03967790,2321.39374673,0.01998473,0.01998473,24269,74,0
8235.01135899,8235.01127361,1064.47210851,1064.47429521,0.04410036,2321.70558672,0.01998473,0.01998473,24268,74,0
8235.35069309,8235.35060955,1073.16634666,1073.16848806,0.05041014,2322.01640329,0.01998473,0.01998473,24267,74,0
8235.68998080,8235.68997345,1081.86908579,1081.86927439,0.03780179,2322.32617669,0.01998473,0.01998473,24266,74,0
8236.02945648,8236.02936532,1090.58044791,1090.58278901,0.04648287,2322.63512101,0.01998473,0.01998473,24265,74,0
8236.36908690,8236.36878514,1099.30055744,1099.30831369,0.04739122,2322.94320530,0.01998473,0.01998473,24264,74,0
8236.70842821,8236.70823294,1108.02956480,1108.03458875,0.05902718,2323.25002914,0.01998473,0.01998473,24263,74,0
8237.04800944,8237.04770870,1116.76783530,1116.77558028,0.03939198,2323.55608012,0.01998473,0.01998473,24262,74,0
8237.38723857,8237.38721244,1125.51584445,1125.51651800,0.04179969,2323.86083780,0.01998472,0.01998473,24261,74,0
8237.72710683,8237.72674416,1134.27407160,1134.28343191,0.04946959,2324.16520395,0.01998473,0.01998473,24260,74,0
8238.06691186,8238.06630386,1143.04288352,1143.05859325,0.05392166,2324.46855542,0.01998473,0.01998473,24259,74,0
8238.40527665,8238.40589155,1151.82185983,1151.80595540,0.04131066,2324.76965042,0.01998472,0.01998473,24258,74,0
8238.74549705,8238.74550722,1160.61024722,1160.60998377,0.05009621,2325.07138989,0.01998472,0.01998472,24257,74,0
8239.08512366,8239.08515089,1169.40728646,1169.40658094,0.04385765,2325.37156604,0.01998472,0.01998472,24256,74,0
8239.42532843,8239.42482255,1178.21241150,1178.22553058,0.04171771,2325.67119183,0.01998473,0.01998472,24255,74,0
8239.76491022,8239.76452222,1187.02609867,1187.03617045,0.05251068,2325.96922235,0.01998473,0.01998472,24254,74,0
8240.10465575,8240.10424988,1195.84917126,1195.85971755,0.05277059,2326.26637421,0.01998473,0.01998472,24253,74,0
8240.44437908,8240.44400555,1204.68245806,1204.69217498,0.04006581,2326.56250791,0.01998472,0.01998472,24252,74,0
8240.78361208,8240.78378923,1213.52655911,1213.52194540,0.04245553,2326.85723319,0.01998472,0.01998472,24251,74,0
8241.12335143,8241.12360093,1222.38116321,1222.37465846,0.04507177,2327.15140096,0.01998472,0.01998472,24250,74,0
8241.46317399,8241.46344064,1231.24573350,1231.23877458,0.04307945,2327.44462003,0.01998472,0.01998472,24249,74,0
8241.80379747,8241.80330837,1240.11972987,1240.13250640,0.05123234,2327.73748360,0.01998473,0.01998472,24248,74,0
8242.14400124,8242.14320412,1249.00281039,1249.02365275,0.05003197,2328.02892521,0.01998473,0.01998472,24247,74,0
8242.48324574,8242.48312790,1257.89519046,1257.89827475,0.03765306,2328.31849222,0.01998472,0.01998472,24246,74,0
8242.82321408,8242.82307971,1266.79718312,1266.80070368,0.04823626,2328.60762855,0.01998472,0.01998472,24245,74,0
8243.16270534,8243.16305955,1275.70910226,1275.69981240,0.04643382,2328.89531768,0.01998472,0.01998472,24244,74,0
8243.50356923,8243.50306744,1284.63113168,1284.64430605,0.04755440,2329.18312461,0.01998473,0.01998472,24243,74,0
8243.84302098,8243.84310336,1293.56320391,1293.56103892,0.04427157,2329.46869171,0.01998472,0.01998472,24242,74,0
8244.18340073,8244.18316732,1302.50522255,1302.51136318,0.04372728,2329.75398251,0.01998472,0.01998472,24241,74,0
8244.52339948,8244.52325934,1311.45709021,1311.46078092,0.04283587,2330.03788996,0.01998472,0.01998472,24240,74,0
8244.86348856,8244.86337940,1320.41869590,1320.42157343,0.04500112,2330.32080126,0.01998472,0.01998472,24239,74,0
8245.20371515,8245.20352752,1329.38991132,1329.39486241,0.04733605,2330.60274638,0.01998472,0.01998472,24238,74,0
8245.54403401,8245.54370370,1338.37060618,1338.37933064,0.04299378,2330.88367852,0.01998473,0.01998472,24237,74,0
8245.88350813,8245.88390794,1347.36066809,1347.35009788,0.04162035,2331.16282026,0.01998472,0.01998472,24236,74,0
8246.22412704,8246.22414025,1356.36030175,1356.35995215,0.04188132,2331.44180840,0.01998472,0.01998472,24235,74,0
8246.56439094,8246.56440062,1365.36997820,1365.36972169,0.04563396,2331.71942107,0.01998472,0.01998472,24234,74,0
8246.90479430,8246.90468906,1374.39017975,1374.39297088,0.04514566,2331.99607314,0.01998472,0.01998472,24233,74,0
8247.24474750,8247.24500559,1383.42132972,1383.41447690,0.04320142,2332.27129517,0.01998472,0.01998472,24232,74,0
8247.58496816,8247.58535018,1392.46331500,1392.45316025,0.04344748,2332.54566084,0.01998472,0.01998472,24231,74,0
8247.92588645,8247.92572287,1401.51574472,1401.52009768,0.04410729,2332.81949593,0.01998472,0.01998472,24230,74,0
8248.26571342,8248.26612363,1410.57822309,1410.56729658,0.04554637,2333.09134904,0.01998472,0.01998472,24229,74,0
8248.60646432,8248.60655249,1419.65041586,1419.64806506,0.04407033,2333.36281877,0.01998472,0.01998472,24228,74,0
8248.94671403,8248.94700944,1428.73228668,1428.72440264,0.04589998,2333.63276240,0.01998472,0.01998472,24227,74,0
8249.28743969,8249.28749449,1437.82388638,1437.82242250,0.05523139,2333.90195258,0.01998472,0.01998472,24226,74,0
8249.62830187,8249.62800764,1446.92526665,1446.93313509,0.04953293,2334.17011538,0.01998472,0.01998472,24225,74,0
8249.96889262,8249.96854889,1456.03667052,1456.04587224,0.04552775,2334.43693339,0.01998472,0.01998472,24224,74,0
8250.30878473,8250.30911824,1465.15881633,1465.14987794,0.04578769,2334.70209323,0.01998472,0.01998472,24223,74,0
8250.64963528,8250.64971571,1474.29249949,1474.29034126,0.04355169,2334.96690462,0.01998472,0.01998472,24222,74,0
8250.98992133,8250.99034129,1483.43850007,1483.42721661,0.04234040,2335.23019978,0.01998472,0.01998472,24221,74,0
8251.33108365,8251.33099499,1492.59676241,1492.59914744,0.04388928,2335.49308496,0.01998472,0.01998472,24220,74,0
8251.67172987,8251.67167681,1501.76611717,1501.76754604,0.04920207,2335.75444686,0.01998472,0.01998472,24219,74,0
8252.01233566,8252.01238675,1510.94531034,1510.94393338,0.05124404,2336.01461284,0.01998472,0.01998472,24218,74,0
8252.35329289,8252.35312482,1520.13318409,1520.13771782,0.04498759,2336.27384374,0.01998472,0.01998472,24217,74,0
8252.69374209,8252.69389102,1529.32992032,1529.32589886,0.04276400,2336.53148828,0.01998472,0.01998472,24216,74,0
8253.03416622,8253.03468536,1538.53663690,1538.52260462,0.04227381,2336.78794193,0.01998472,0.01998472,24215,74,0
8253.37525967,8253.37550783,1547.75447828,1547.74776251,0.04679539,2337.04375175,0.01998472,0.01998472,24214,74,0
8253.71605843,8253.71635845,1556.98437960,1556.97625036,0.05012714,2337.29821367,0.01998472,0.01998472,24213,74,0
8254.05665954,8254.05723721,1566.22611638,1566.21044591,0.04205821,2337.55139115,0.01998472,0.01998472,24212,74,0
8254.39829654,8254.39814412,1575.47907292,1575.48321202,0.04368804,2337.80417482,0.01998472,0.01998472,24211,74,0
8254.73892411,8254.73907918,1584.74262990,1584.73841424,0.05037622,2338.05502946,0.01998472,0.01998472,24210,74,0
8255.08039046,8255.08004240,1594.01645553,1594.02592735,0.04937046,2338.30530344,0.01998472,0.01998472,24209,74,0
8255.42073870,8255.42103378,1603.30090126,1603.29286258,0.04253974,2338.55356878,0.01998472,0.01998472,24208,74,0
8255.76155114,8255.76205332,1612.59641933,1612.58272296,0.05236767,2338.80099041,0.01998472,0.01998472,24207,74,0
8256.10301514,8256.10310103,1621.90345196,1621.90110677,0.05100466,2339.04770530,0.01998472,0.01998472,24206,74,0
8256.44404403,8256.44417690,1631.22210657,1631.21847423,0.04517012,2339.29292487,0.01998472,0.01998472,24205,74,0
8256.78534112,8256.78528095,1640.55213274,1640.55377946,0.03758494,2339.53714396,0.01998472,0.01998472,24204,74,0
8257.12587045,8257.12641318,1649.89326094,1649.87839161,0.05278193,2339.77961188,0.01998472,0.01998472,24203,74,0
8257.46796584,8257.46757358,1659.24527416,1659.25603274,0.04426109,2340.02197555,0.01998472,0.01998472,24202,74,0
8257.80716578,8257.80876217,1668.60837072,1668.56453695,0.04596232,2340.26108144,0.01998472,0.01998472,24201,74,0
8258.14967624,8258.14997895,1677.98294297,1677.97462144,0.05642775,2340.50130705,0.01998472,0.01998472,24200,74,0
8258.49088707,8258.49122391,1687.36938683,1687.36011573,0.04009904,2340.73941314,0.01998472,0.01998472,24199,74,0
8258.83222196,8258.83249708,1696.76791398,1696.76033302,0.05024581,2340.97639944,0.01998472,0.01998472,24198,74,0
8259.17388637,8259.17379843,1706.17820922,1706.18063518,0.05186562,2341.21239284,0.01998472,0.01998472,24197,74,0
8259.51524484,8259.51512799,1715.59986243,1715.60308955,0.04690461,2341.44693881,0.01998472,0.01998472,24196,74,0
8259.85632418,8259.85648576,1725.03247400,1725.02800668,0.05203552,2341.68004399,0.01998472,0.01998472,24195,74,0
8260.19784568,8260.19787173,1734.47601642,1734.47529543,0.04299750,2341.91219486,0.01998472,0.01998472,24194,74,0
8260.53915591,8260.53928591,1743.93087625,1743.92727402,0.05080536,2342.14295046,0.01998472,0.01998472,24193,74,0
8260.88083556,8260.88072831,1753.39746422,1753.40043932,0.04003936,2342.37270736,0.01998472,0.01998472,24192,74,0
8261.22238992,8261.22219893,1762.87614563,1762.88145023,0.04689938,2342.60113504,0.01998472,0.01998472,24191,74,0
8261.56399661,8261.56369777,1772.36695575,1772.37526592,0.04136147,2342.82834802,0.01998472,0.01998472,24190,74,0
8261.90532959,8261.90522484,1781.86979025,1781.87270667,0.05151973,2343.05412270,0.01998472,0.01998472,24189,74,0
8262.24671453,8262.24678013,1791.38454349,1791.38271485,0.04106298,2343.27866777,0.01998472,0.01998472,24188,74,0
8262.58832518,8262.58836366,1800.91111484,1800.91004097,0.04720808,2343.50208821,0.01998472,0.01998472,24187,74,0
8262.93001911,8262.92997542,1810.44941588,1810.45063631,0.05383418,2343.72428173,0.01998472,0.01998472,24186,74,0
8263.27139375,8263.27161542,1819.99935926,1819.99315930,0.04855427,2343.94498053,0.01998472,0.01998472,24185,74,0
8263.61331634,8263.61328367,1829.56086901,1829.56178390,0.05205086,2344.16473695,0.01998472,0.01998472,24184,74,0
8263.95498048,8263.95498016,1839.13405447,1839.13406322,0.04535514,2344.38302829,0.01998472,0.01998472,24183,74,0
8264.29656313,8264.29670491,1848.71917141,1848.71519250,0.04817575,2344.59997002,0.01998472,0.01998472,24182,74,0
8264.63863687,8264.63845790,1858.31648139,1858.32151023,0.03922246,2344.81592384,0.01998472,0.01998472,24181,74,0
8264.98069934,8264.98023916,1867.92625110,1867.93919808,0.04874056,2345.03057025,0.01998472,0.01998472,24180,74,0
8265.32201163,8265.32204867,1877.54876204,1877.54771863,0.04945749,2345.24345039,0.01998472,0.01998472,24179,74,0
8265.66386973,8265.66388645,1887.18430094,1887.18382933,0.04668933,2345.45537418,0.01998472,0.01998472,24178,74,0
8266.00602867,8266.00575250,1896.83314270,1896.84094261,0.04343259,2345.66618491,0.01998472,0.01998472,24177,74,0
8266.34798426,8266.34764681,1906.49510500,1906.50464724,0.05174268,2345.87556128,0.01998472,0.01998472,24176,74,0
8266.68965060,8266.68956941,1916.16945130,1916.17175005,0.04082500,2346.08343171,0.01998472,0.01998472,24175,74,0
8267.03130462,8267.03152028,1925.85540648,1925.84929459,0.04710506,2346.28994428,0.01998472,0.01998472,24174,74,0
8267.37363763,8267.37349943,1935.55239040,1935.55631127,0.04895119,2346.49549536,0.01998472,0.01998472,24173,74,0
8267.71569353,8267.71550687,1945.26100494,1945.26630690,0.03869392,2346.69951599,0.01998472,0.01998472,24172,74,0
8268.05732161,8268.05754259,1954.98229051,1954.97600582,0.04856360,2346.90193673,0.01998472,0.01998472,24171,74,0
8268.39955478,8268.39960661,1964.71728387,1964.71580790,0.04864744,2347.10338406,0.01998472,0.01998472,24170,74,0
8268.74194007,8268.74169893,1974.46627591,1974.47315241,0.04663993,2347.30358645,0.01998472,0.01998472,24169,74,0
8269.08383705,8269.08381954,1984.22838084,1984.22888071,0.04307778,2347.50214694,0.01998472,0.01998472,24168,74,0
8269.42590565,8269.42596846,1994.00260329,1994.00080828,0.04805977,2347.69942456,0.01998472,0.01998472,24167,74,0
8269.76782991,8269.76814568,2003.78807461,2003.77903973,0.04557585,2347.89521402,0.01998472,0.01998472,24166,74,0
8270.11039040,8270.11035121,2013.58489858,2013.58602125,0.04854073,2348.08995614,0.01998472,0.01998472,24165,74,0
8270.45312628,8270.45258506,2023.39361257,2023.40913345,0.03675911,2348.28338922,0.01998472,0.01998472,24164,74,0
8270.79486073,8270.79484722,2033.21476029,2033.21514819,0.04651011,2348.47485924,0.01998472,0.01998472,24163,74,0
8271.13746878,8271.13713770,2043.04890894,2043.05842702,0.04737581,2348.66542270,0.01998472,0.01998472,24162,74,0
8271.47913771,8271.47945651,2052.89666307,2052.88748568,0.04604071,2348.85407720,0.01998472,0.01998472,24161,74,0
8271.82144590,8271.82180365,2062.75863523,2062.74832249,0.04671515,2349.04170128,0.01998472,0.01998472,24160,74,0
8272.16393762,8272.16417911,2072.63534875,2072.62837739,0.04667384,2349.22804330,0.01998472,0.01998472,24159,74,0
8272.50710002,8272.50658291,2082.52664417,2082.54159248,0.04608016,2349.41335315,0.01998472,0.01998472,24158,74,0
8272.84892321,8272.84901505,2092.43205594,2092.42939738,0.05170656,2349.59653408,0.01998472,0.01998472,24157,74,0
8273.19211543,8273.19147553,2102.35111573,2102.36966162,0.04762918,2349.77902199,0.01998472,0.01998472,24156,74,0
8273.53389570,8273.53396436,2112.28350431,2112.28151193,0.05479581,2349.95932618,0.01998472,0.01998472,24155,74,0
8273.87668186,8273.87648153,2122.22914074,2122.23496131,0.05441270,2350.13871700,0.01998472,0.01998472,24154,74,0
8274.21876668,8274.21902706,2132.18796452,2132.18038978,0.04129394,2350.31629178,0.01998472,0.01998472,24153,74,0
8274.56183597,8274.56160094,2142.15997245,2142.16681820,0.05168648,2350.49291753,0.01998472,0.01998472,24152,74,0
8274.90468174,8274.90420318,2152.14550737,2152.15946470,0.04037825,2350.66796721,0.01998472,0.01998472,24151,74,0
8275.24662360,8275.24683378,2162.14504289,2162.13890448,0.04397075,2350.84110241,0.01998472,0.01998472,24150,74,0
8275.58935998,8275.58949275,2172.15904717,2172.15516439,0.04647930,2351.01318513,0.01998472,0.01998472,24149,74,0
8275.93205305,8275.93218009,2182.18767116,2182.18395062,0.05154792,2351.18378558,0.01998472,0.01998472,24148,74,0
8276.27508759,8276.27489581,2192.23067506,2192.23629895,0.03685163,2351.35308241,0.01998472,0.01998472,24147,74,0
8276.61735232,8276.61763990,2202.28779326,2202.27934940,0.04531812,2351.52051865,0.01998472,0.01998472,24146,74,0
8276.96015479,8276.96041237,2212.35875058,2212.35117785,0.04903547,2351.68672423,0.01998472,0.01998472,24145,74,0
8277.30347116,8277.30321322,2222.44324026,2222.45083315,0.04823089,2351.85166910,0.01998472,0.01998472,24144,74,0
8277.64564285,8277.64604246,2232.54094551,2232.52916820,0.04981799,2352.01454903,0.01998472,0.01998472,24143,74,0
8277.98903316,8277.98890009,2242.65158147,2242.65550786,0.04705119,2352.17647768,0.01998472,0.01998472,24142,74,0
8278.33225467,8278.33178612,2252.77541140,2252.78925425,0.04748081,2352.33679176,0.01998472,0.01998472,24141,74,0
8278.67448934,8278.67470055,2262.91314148,2262.90689342,0.04312566,2352.49512160,0.01998472,0.01998472,24140,74,0
8279.01720948,8279.01764337,2273.06549517,2273.05264126,0.04787906,2352.65215616,0.01998472,0.01998472,24139,74,0
8279.36025866,8279.36061460,2283.23296485,2283.22240536,0.05329410,2352.80781880,0.01998472,0.01998472,24138,74,0
8279.70358608,8279.70361424,2293.41550324,2293.41466662,0.04918334,2352.96207440,0.01998472,0.01998472,24137,74,0
8280.04651148,8280.04664230,2303.61298665,2303.60909515,0.04312201,2353.11460902,0.01998472,0.01998472,24136,74,0
8280.38948875,8280.38969876,2313.82526523,2313.81900909,0.04447674,2353.26561747,0.01998472,0.01998472,24135,74,0
8280.73294814,8280.73278365,2324.05200976,2324.05691609,0.04749290,2353.41527363,0.01998472,0.01998472,24134,74,0
8281.07595563,8281.07589696,2334.29281087,2334.29456302,0.05229844,2353.56315740,0.01998472,0.01998472,24133,74,0
8281.41942943,8281.41903870,2344.54727755,2344.55896157,0.04670125,2353.70965223,0.01998472,0.01998472,24132,74,0
8281.76277908,8281.76220886,2354.81567458,2354.83274827,0.04130817,2353.85450103,0.01998472,0.01998472,24131,74,0
8282.10545054,8282.10540746,2365.09902188,2365.10031362,0.04597161,2353.99748302,0.01998472,0.01998472,24130,74,0
8282.44888038,8282.44863450,2375.39838888,2375.40577285,0.05012543,2354.13920439,0.01998472,0.01998472,24129,74,0
8282.79153628,8282.79188998,2385.71443253,2385.70379479,0.04642366,2354.27903395,0.01998472,0.01998472,24128,74,0
8283.13534276,8283.13517390,2396.04657343,2396.05165948,0.05309075,2354.41773850,0.01998472,0.01998472,24127,74,0
8283.47839642,8283.47848626,2406.39399957,2406.39128994,0.05032122,2354.55452883,0.01998472,0.01998472,24126,74,0
8283.82203343,8283.82182708,2416.75597621,2416.76220776,0.04682923,2354.68992187,0.01998472,0.01998472,24125,74,0
8284.16582965,8284.16519636,2427.13244396,2427.15159452,0.04927120,2354.82373737,0.01998472,0.01998472,24124,74,0
8284.50888898,8284.50859409,2437.52367218,2437.53260171,0.04590132,2354.95562699,0.01998472,0.01998472,24123,74,0
8284.85222665,8284.85202028,2447.92994304,2447.93620041,0.04647653,2355.08598062,0.01998472,0.01998472,24122,74,0
8285.19555113,8285.19547494,2458.35177627,2458.35408977,0.05329849,2355.21468467,0.01998472,0.01998472,24121,74,0
8285.53851034,8285.53895807,2468.78995750,2468.77634084,0.04532857,2355.34161171,0.01998472,0.01998472,24120,74,0
8285.88265562,8285.88246967,2479.24529136,2479.25095559,0.05246275,2355.46733148,0.01998472,0.01998472,24119,74,0
8286.22636157,8286.22600975,2489.71802683,2489.72876008,0.04293302,2355.59123925,0.01998472,0.01998472,24118,74,0
8286.56947515,8286.56957830,2500.20701734,2500.20386585,0.05038153,2355.71326538,0.01998472,0.01998472,24117,74,0
8286.91358779,8286.91317534,2510.71089255,2510.72350921,0.04165390,2355.83394919,0.01998472,0.01998472,24116,74,0
8287.25664347,8287.25680087,2521.22855395,2521.22373350,0.05145392,2355.95255042,0.01998472,0.01998472,24115,74,0
8287.60054083,8287.60045488,2531.76052321,2531.76315919,0.04109340,2356.06972610,0.01998472,0.01998472,24114,74,0
8287.94425373,8287.94413739,2542.30790673,2542.31147959,0.04685362,2356.18512662,0.01998472,0.01998472,24113,74,0
8288.28782634,8288.28784840,2552.87176266,2552.87108413,0.04065636,2356.29877290,0.01998472,0.01998472,24112,74,0
8288.63189846,8288.63158790,2563.45233096,2563.46189727,0.04629729,2356.41086819,0.01998472,0.01998472,24111,74,0
8288.97504199,8288.97535591,2574.04924262,2574.03955882,0.05245514,2356.52093830,0.01998472,0.01998472,24110,74,0
8289.31964989,8289.31915243,2584.66211672,2584.67748379,0.04102907,2356.62973471,0.01998472,0.01998472,24109,74,0
8289.66327310,8289.66297746,2595.29084823,2595.29999402,0.04836331,2356.73647159,0.01998472,0.01998472,24108,74,0
8290.00757164,8290.00683101,2605.93572696,2605.95867198,0.05268135,2356.84166183,0.01998472,0.01998472,24107,74,0
8290.35066586,8290.35071307,2616.59707534,2616.59561048,0.04474427,2356.94473025,0.01998472,0.01998472,24106,74,0
8290.69400303,8290.69462366,2627.27522802,2627.25594347,0.04703704,2357.04611389,0.01998472,0.01998472,24105,74,0
8291.03898706,8291.03856277,2637.97054781,2637.98375194,0.05083116,2357.14620765,0.01998472,0.01998472,24104,74,0
8291.38235974,8291.38253041,2648.68340494,2648.67808539,0.04218354,2357.24406063,0.01998472,0.01998472,24103,74,0
8291.72697286,8291.72652658,2659.41408408,2659.42801652,0.04644702,2357.34048203,0.01998472,0.01998472,24102,74,0
8292.07133523,8292.07055129,2670.16241768,2670.18692912,0.05150258,2357.43503640,0.01998472,0.01998472,24101,74,0
8292.41444845,8292.41460454,2680.92809155,2680.92320374,0.03962262,2357.52744974,0.01998472,0.01998472,24100,74,0
8292.75876992,8292.75868633,2691.71083262,2691.71345430,0.04702500,2357.61837319,0.01998472,0.01998472,24099,74,0
8293.10237129,8293.10279667,2702.51079415,2702.49743327,0.04720142,2357.70728629,0.01998472,0.01998472,24098,74,0
8293.44660691,8293.44693556,2713.32837159,2713.31803289,0.04818048,2357.79453460,0.01998472,0.01998472,24097,74,0
8293.79103052,8293.79110300,2724.16393892,2724.16165508,0.04864614,2357.87999239,0.01998472,0.01998472,24096,74,0
8294.13567831,8294.13529900,2735.01732852,2735.02929821,0.05175027,2357.96365485,0.01998472,0.01998472,24095,74,0
8294.47970186,8294.47952356,2745.88787288,2745.89350745,0.05563145,2358.04530520,0.01998472,0.01998472,24094,74,0
8294.82424808,8294.82377669,2756.77489345,2756.78981153,0.05169446,2358.12520277,0.01998472,0.01998472,24093,74,0
8295.16818367,8295.16805839,2767.67836501,2767.68233574,0.04336074,2358.20307695,0.01998472,0.01998472,24092,74,0
8295.51231689,8295.51236865,2778.59919779,2778.59755460,0.04586741,2358.27911201,0.01998472,0.01998472,24091,74,0
8295.85625369,8295.85670749,2789.53837969,2789.52395121,0.04508605,2358.35321863,0.01998472,0.01998472,24090,74,0
8296.20068190,8296.20107492,2800.49654468,2800.48402810,0.04746095,2358.42553725,0.01998472,0.01998472,24089,74,0
8296.54523389,8296.54547092,2811.47355606,2811.46599496,0.04876038,2358.49597496,0.01998472,0.01998472,24088,74,0
8296.88991823,8296.88989551,2822.46917570,2822.46990160,0.04797378,2358.56452015,0.01998472,0.01998472,24087,74,0
8297.23455677,8297.23434869,2833.48320652,2833.48986539,0.04703628,2358.63112585,0.01998472,0.01998472,24086,74,0
8297.57876053,8297.57883046,2844.51558647,2844.51334493,0.04632691,2358.69571107,0.01998472,0.01998472,24085,74,0
8297.92375672,8297.92334083,2855.56627966,2855.57963052,0.05067220,2358.75849333,0.01998472,0.01998472,24084,74,0
8298.26775656,8298.26787980,2866.63520783,2866.63124551,0.05483399,2358.81913895,0.01998472,0.01998472,24083,74,0
8298.61314236,8298.61244737,2877.72210386,2877.74448296,0.04314098,2358.87805373,0.01998472,0.01998472,24082,74,0
8298.95670322,8298.95704356,2888.82664499,2888.81566965,0.05054129,2358.93468282,0.01998472,0.01998472,24081,74,0
8299.30139915,8299.30166835,2899.94864520,2899.93995073,0.05223460,2358.98951005,0.01998472,0.01998472,24080,74,0
8299.64626009,8299.64632175,2911.08877820,2911.08678337,0.04782655,2359.04236395,0.01998472,0.01998472,24079,74,0
8299.99147758,8299.99100378,2922.24805171,2922.26340433,0.04905415,2359.09326437,0.01998472,0.01998472,24078,74,0
8300.33501626,8300.33571443,2933.42735026,2933.40468867,0.04529915,2359.14191654,0.01998472,0.01998472,24077,74,0
8300.68031222,8300.68045370,2944.62648254,2944.62188287,0.05291782,2359.18879509,0.01998472,0.01998472,24076,74,0
8301.02523640,8301.02522160,2955.84472895,2955.84521087,0.05329776,2359.23358554,0.01998472,0.01998472,24075,74,0
8301.37025994,8301.37001813,2967.08145194,2967.08933857,0.04970594,2359.27633906,0.01998472,0.01998472,24074,74,0
8301.71452475,8301.71484330,2978.33696497,2978.32655859,0.04201273,2359.31694665,0.01998472,0.01998472,24073,74,0
8302.05988071,8302.05969711,2989.61214796,2989.61815606,0.05098629,2359.35561657,0.01998472,0.01998472,24072,74,0
8302.40430750,8302.40457956,3000.90784286,3000.89892422,0.05307400,2359.39211345,0.01998472,0.01998472,24071,74,0
8302.74951890,8302.74949066,3012.22422403,3012.22515137,0.04467797,2359.42660981,0.01998472,0.01998472,24070,74,0
8303.09474713,8303.09443041,3023.56100735,3023.57142555,0.05031211,2359.45900988,0.01998472,0.01998472,24069,74,0
8303.43946463,8303.43939881,3034.91792594,3034.92009449,0.04964227,2359.48925714,0.01998472,0.01998472,24068,74,0
8303.78385679,8303.78439587,3046.29513203,3046.27733897,0.04340198,2359.51736522,0.01998472,0.01998472,24067,74,0
8304.12957238,8304.12942160,3057.69309698,3057.69808249,0.04786011,2359.54344970,0.01998472,0.01998472,24066,74,0
8304.47421434,8304.47447598,3069.11224604,3069.10357967,0.04652510,2359.56731722,0.01998472,0.01998472,24065,74,0
8304.81933553,8304.81955904,3080.55208339,3080.54466791,0.05417688,2359.58906859,0.01998472,0.01998472,24064,74,0
8305.16460505,8305.16467076,3092.01136967,3092.00918600,0.04754749,2359.60866405,0.01998472,0.01998472,24063,74,0
8305.50960255,8305.50981116,3103.48893273,3103.48199027,0.04270739,2359.62606886,0.01998472,0.01998472,24062,74,0
8305.85472805,8305.85498024,3114.98522262,3114.97681620,0.04557023,2359.64129543,0.01998472,0.01998472,24061,74,0
8306.20027454,8306.20017801,3126.50201837,3126.50524200,0.04174656,2359.65434333,0.01998472,0.01998472,24060,74,0
8306.54498337,8306.54540446,3138.04105996,3138.02697204,0.05222761,2359.66515951,0.01998472,0.01998472,24059,74,0
8306.89077755,8306.89065959,3149.60261685,3149.60657045,0.05101634,2359.67379003,0.01998472,0.01998472,24058,74,0
8307.23604427,8307.23594343,3161.18578711,3161.18917291,0.04577644,2359.68017666,0.01998472,0.01998472,24057,74,0
8307.58121566,8307.58125595,3172.78969315,3172.78833801,0.04750718,2359.68432151,0.01998472,0.01998472,24056,74,0
8307.92651882,8307.92659718,3184.41437220,3184.41173195,0.04605301,2359.68621577,0.01998472,0.01998472,24055,74,0
8308.27264710,8308.27196712,3196.06054161,3196.08349196,0.04590769,2359.68584250,0.01998472,0.01998472,24054,74,0
8308.61740834,8308.61736576,3207.72887849,3207.73031821,0.05152819,2359.68319755,0.01998472,0.01998472,24053,74,0
8308.96263382,8308.96279311,3219.41930944,3219.41391371,0.04485447,2359.67826377,0.01998472,0.01998472,24052,74,0
8309.30859754,8309.30824918,3231.13126232,3231.14308307,0.04993335,2359.67101365,0.01998472,0.01998472,24051,74,0
8309.65403404,8309.65373396,3242.86423618,3242.87443569,0.05106690,2359.66146032,0.01998472,0.01998472,24050,74,0
8309.99931541,8309.99924747,3254.61856106,3254.62087460,0.04870850,2359.64958855,0.01998472,0.01998472,24049,74,0
8310.34496436,8310.34478970,3266.39503985,3266.40099809,0.04517788,2359.63536553,0.01998472,0.01998472,24048,74,0
8310.69036854,8310.69036066,3278.19440873,3278.19467799,0.04671610,2359.61880198,0.01998472,0.01998472,24047,74,0
8311.03619775,8311.03596036,3290.01680316,3290.02493138,0.04817274,2359.59985111,0.01998472,0.01998472,24046,74,0
8311.38133831,8311.38158879,3301.86208203,3301.85348986,0.04586087,2359.57856426,0.01998472,0.01998472,24045,74,0
8311.72712426,8311.72724596,3313.73010807,3313.72592596,0.05061812,2359.55484728,0.01998472,0.01998472,24044,74,0
8312.07300298,8312.07293187,3325.62078269,3325.62323079,0.05110107,2359.52871807,0.01998472,0.01998472,24043,74,0
8312.41901889,8312.41864653,3337.53402017,3337.54686317,0.05420661,2359.50015857,0.01998472,0.01998472,24042,74,0
8312.76450752,8312.76438994,3349.46989372,3349.47395635,0.04890380,2359.46921505,0.01998472,0.01998472,24041,74,0
8313.11006342,8313.11016211,3361.42913412,3361.42571759,0.04476219,2359.43582447,0.01998472,0.01998472,24040,74,0
8313.45617262,8313.45596303,3373.41264839,3373.41991885,0.04181673,2359.39991750,0.01998472,0.01998472,24039,74,0
8313.80160670,8313.80179272,3385.42097294,3385.41450741,0.04216526,2359.36160758,0.01998472,0.01998472,24038,74,0
8314.14698652,8314.14765117,3397.45356602,3397.43042075,0.04398646,2359.32082173,0.01998472,0.01998472,24037,74,0
8314.49314084,8314.49353839,3409.50969077,3409.49582151,0.04371496,2359.27744347,0.01998472,0.01998472,24036,74,0
8314.83921657,8314.83945438,3421.58896598,3421.58065422,0.04012953,2359.23156048,0.01998472,0.01998472,24035,74,0
8315.18552371,8315.18539914,3433.69170613,3433.69606811,0.04762644,2359.18311574,0.01998472,0.01998472,24034,74,0
8315.53115110,8315.53137269,3445.81830968,3445.81053534,0.04437859,2359.13222676,0.01998472,0.01998472,24033,74,0
8315.87720206,8315.87737502,3457.96922295,3457.96314322,0.05302039,2359.07871853,0.01998472,0.01998472,24032,74,0
8316.22332147,8316.22340613,3470.14495228,3470.14197028,0.04539036,2359.02262442,0.01998472,0.01998472,24031,74,0
8316.56918089,8316.56946604,3482.34598007,3482.33591667,0.04771107,2358.96398342,0.01998472,0.01998472,24030,74,0
8316.91509824,8316.91555474,3494.57225734,3494.55611481,0.04476508,2358.90272983,0.01998472,0.01998472,24029,74,0
8317.26193144,8317.26167224,3506.82329955,3506.83248303,0.04694030,2358.83868897,0.01998472,0.01998472,24028,74,0
8317.60728400,8317.60781853,3519.09860231,3519.07962872,0.04323100,2358.77229851,0.01998472,0.01998472,24027,74,0
8317.95397502,8317.95399364,3531.39764586,3531.39698387,0.04263492,2358.70300733,0.01998472,0.01998472,24026,74,0
8318.30012635,8318.30019755,3543.71989937,3543.71736322,0.05110118,2358.63117138,0.01998472,0.01998472,24025,74,0
8318.64632901,8318.64643027,3556.06533782,3556.06172375,0.04465505,2358.55666064,0.01998472,0.01998472,24024,74,0
8318.99227119,8318.99269181,3568.43616533,3568.42112229,0.04709097,2358.47951755,0.01998471,0.01998472,24023,74,0
8319.33934073,8319.33898216,3580.83521211,3580.84806569,0.04737259,2358.39938937,0.01998472,0.01998472,24022,74,0
8319.68562029,8319.68530134,3593.26369657,3593.27515508,0.04174444,2358.31669022,0.01998472,0.01998472,24021,74,0
8320.03165837,8320.03164935,3605.71909201,3605.71941690,0.04635928,2358.23130194,0.01998472,0.01998472,24020,74,0
8320.37868314,8320.37802618,3618.19840839,3618.22209803,0.03993898,2358.14291852,0.01998472,0.01998472,24019,74,0
8320.72444125,8320.72443185,3630.70163487,3630.70197458,0.04440207,2358.05210359,0.01998472,0.01998472,24018,74,0
8321.07037123,8321.07086636,3643.23240694,3643.21447724,0.04677724,2357.95845126,0.01998471,0.01998472,24017,74,0
8321.41745755,8321.41732970,3655.79424041,3655.79888163,0.05002105,2357.86163544,0.01998472,0.01998472,24016,74,0
8321.76340087,8321.76382189,3668.38644089,3668.37112353,0.04150936,2357.76228471,0.01998471,0.01998472,24015,74,0
8322.11035110,8322.11034293,3681.00565105,3681.00594891,0.04920070,2357.65979312,0.01998472,0.01998472,24014,74,0
8322.45692423,8322.45689282,3693.64930369,3693.65045058,0.04433162,2357.55456768,0.01998472,0.01998472,24013,74,0
8322.80293557,8322.80347156,3706.31889356,3706.29927904,0.04382472,2357.44664906,0.01998471,0.01998472,24012,74,0
8323.15031720,8323.15007917,3719.01712348,3719.02585409,0.04277588,2357.33538552,0.01998472,0.01998472,24011,74,0
8323.49652952,8323.49671563,3731.74532785,3731.73848624,0.04516337,2357.22155907,0.01998472,0.01998472,24010,74,0
8323.84287776,8323.84338096,3744.50198729,3744.48345118,0.04171034,2357.10475011,0.01998472,0.01998472,24009,74,0
8324.19030075,8324.19007517,3757.28528292,3757.29360887,0.04648969,2356.98462711,0.01998472,0.01998472,24008,74,0
8324.53678824,8324.53679824,3770.09480348,3770.09443388,0.04451508,2356.86187174,0.01998472,0.01998472,24007,74,0
8324.88316648,8324.88355019,3782.93145238,3782.91723277,0.04448659,2356.73618035,0.01998472,0.01998472,24006,74,0
8325.23054921,8325.23033102,3795.79612799,3795.80423101,0.04760876,2356.60711215,0.01998472,0.01998472,24005,74,0
8325.57691141,8325.57714074,3808.68932065,3808.68078612,0.04415933,2356.47539812,0.01998472,0.01998472,24004,74,0
8325.92386260,8325.92397934,3821.61136190,3821.60700801,0.04926106,2356.34041147,0.01998472,0.01998472,24003,74,0
8326.27116999,8326.27084683,3834.56247463,3834.57455372,0.04242699,2356.20221072,0.01998472,0.01998472,24002,74,0
8326.61732882,8326.61774322,3847.54261861,3847.52709583,0.04727048,2356.06138835,0.01998471,0.01998472,24001,74,0
8326.96452954,8326.96466851,3860.55176481,3860.54654815,0.04320665,2355.91703770,0.01998471,0.01998472,24000,74,0
8327.31224532,8327.31162269,3873.59090880,3873.61433535,0.04633037,2355.76932812,0.01998472,0.01998472,23999,74,0
8327.65908011,8327.65860579,3886.66201482,3886.67990503,0.04484037,2355.61881675,0.01998472,0.01998472,23998,74,0
8328.00589845,8328.00561779,3899.76655321,3899.77716490,0.04222419,2355.46510410,0.01998472,0.01998472,23997,74,0
8328.35207517,8328.35265871,3912.90292183,3912.88080912,0.04516380,2355.30847548,0.01998471,0.01998472,23996,74,0
8328.69964416,8328.69972854,3926.06845067,3926.06524646,0.04352616,2355.14801376,0.01998471,0.01998471,23995,74,0
8329.04653325,8329.04682729,3939.26264869,3939.25145867,0.04851356,2354.98465439,0.01998471,0.01998471,23994,74,0
8329.39373313,8329.39395497,3952.48908110,3952.48061777,0.04770922,2354.81787338,0.01998471,0.01998471,23993,74,0
8329.74077650,8329.74111157,3965.75132675,3965.73850956,0.04224682,2354.64782715,0.01998471,0.01998471,23992,74,0
8330.08863167,8330.08829711,3979.04756347,3979.06039024,0.04136916,2354.47403372,0.01998472,0.01998471,23991,74,0
8330.43579569,8330.43551158,3992.37243260,3992.38334555,0.04442107,2354.29729315,0.01998472,0.01998471,23990,74,0
8330.78346030,8330.78275499,4005.72295568,4005.75010083,0.04474911,2354.11702458,0.01998472,0.01998471,23989,74,0
8331.13038747,8331.13002734,4019.10405033,4019.11794455,0.03969490,2353.93378994,0.01998472,0.01998471,23988,74,0
8331.47724930,8331.47732863,4032.52201998,4032.51895078,0.04738237,2353.74713902,0.01998471,0.01998471,23987,74,0
8331.82472280,8331.82465887,4045.97777628,4045.98025589,0.04140413,2353.55666359,0.01998472,0.01998471,23986,74,0
8332.17212479,8332.17201807,4059.46686463,4059.47101320,0.03988713,2353.36277105,0.01998472,0.01998471,23985,74,0
8332.51933795,8332.51940622,4072.98553542,4072.98287574,0.03973883,2353.16556529,0.01998472,0.01998471,23984,74,0
8332.86631826,8332.86682334,4086.53459400,4086.51487390,0.04865423,2352.96504747,0.01998471,0.01998471,23983,74,0
nan,nan,0.00000000,-1.00000000,0.00000000,2355.94073671,nan,0.00000000,-2147483648,73,1
8303.78422625,8303.78439587,12.31480694,12.31096045,0.04097024,2356.38897118,0.01998472,0.01998472,24067,73,0
8304.12939637,8304.12942160,20.14207446,20.14150200,0.05517881,2356.81021540,0.01998472,0.01998472,24066,73,0
8304.47439409,8304.47447598,27.97613380,27.97427379,0.05053955,2357.23053161,0.01998472,0.01998472,24065,73,0
8304.81953695,8304.81955904,35.81710398,35.81660201,0.05343104,2357.65031076,0.01998472,0.01998472,24064,73,0
8305.16480372,8305.16467076,43.66500427,43.66802889,0.04583195,2358.06952477,0.01998472,0.01998472,24063,73,0
8305.50969318,8305.50981116,51.51956906,51.51688314,0.04358722,2358.48754934,0.01998472,0.01998472,24062,73,0
8305.85512955,8305.85498024,59.38048111,59.38388259,0.03157383,2358.90548493,0.01998472,0.01998472,24061,73,0
8306.20112884,8306.20017801,67.24742158,67.26909796,0.05179728,2359.32332815,0.01998472,0.01998472,24060,73,0
8306.54603078,8306.54540446,75.12011615,75.13440384,0.04763786,2359.73905923,0.01998472,0.01998472,24059,73,0
8306.89045801,8306.89065959,82.99870879,82.99410709,0.05341584,2360.15343968,0.01998472,0.01998472,24058,73,0
8307.23537376,8307.23594343,90.88356826,90.87055456,0.05208980,2360.56764562,0.01998472,0.01998472,24057,73,0
8307.58148998,8307.58125595,98.77506727,98.78041758,0.04116721,2360.98254381,0.01998472,0.01998472,24056,73,0
8307.92617631,8307.92659718,106.67357638,106.66394642,0.04783769,2361.39499892,0.01998472,0.01998472,24055,73,0
8308.27148658,8308.27196712,114.57928449,114.56828020,0.04841482,2361.80747851,0.01998472,0.01998472,24054,73,0
8308.61693825,8308.61736576,122.49212635,122.48232851,0.03155653,2362.21939783,0.01998472,0.01998472,24053,73,0
8308.96228077,8308.96279311,130.41201750,130.40026590,0.05115741,2362.63045111,0.01998472,0.01998472,24052,73,0
8309.30965836,8309.30824918,138.33887304,138.37122100,0.05668809,2363.04317744,0.01998472,0.01998472,24051,73,0
8309.65438419,8309.65373396,146.27259834,146.28753605,0.03689447,2363.45200293,0.01998472,0.01998472,24050,73,0
8309.99890717,8309.99924747,154.21306413,154.20524046,0.04799373,2363.85983212,0.01998472,0.01998472,24049,73,0
8310.34507714,8310.34478970,162.16013263,162.16674588,0.04826858,2364.26884057,0.01998472,0.01998472,24048,73,0
8310.68976104,8310.69036066,170.11366530,170.09985961,0.05197918,2364.67531655,0.01998472,0.01998472,24047,73,0
8311.03579146,8311.03596036,178.07355071,178.06965935,0.04571801,2365.08259301,0.01998472,0.01998472,24046,73,0
8311.38152080,8311.38158879,186.03996642,186.03839876,0.03963849,2365.48873393,0.01998472,0.01998472,24045,73,0
8311.72715065,8311.72724596,194.01326287,194.01106356,0.05117762,2365.89399301,0.01998472,0.01998472,24044,73,0
8312.07247947,8312.07293187,201.99379455,201.98334596,0.04603155,2366.29815074,0.01998472,0.01998472,24043,73,0
8312.41866713,8312.41864653,209.98191101,209.98238706,0.05193925,2366.70257783,0.01998472,0.01998472,24042,73,0
8312.76415372,8312.76438994,217.97767256,217.97220737,0.04927116,2367.10545177,0.01998472,0.01998472,24041,73,0
8313.11021241,8313.11016211,225.98074476,225.98190942,0.04554894,2367.50823802,0.01998472,0.01998472,24040,73,0
8313.45609713,8313.45596303,233.99076323,233.99387070,0.04498015,2367.91004603,0.01998472,0.01998472,24039,73,0
8313.80193765,8313.80179272,242.00736177,242.01072269,0.04256548,2368.31100648,0.01998472,0.01998472,24038,73,0
8314.14724802,8314.14765117,250.03031139,250.02095623,0.04713557,2368.71054426,0.01998472,0.01998472,24037,73,0
8314.49385855,8314.49353839,258.05981370,258.06724898,0.05069378,2369.11078221,0.01998472,0.01998472,24036,73,0
8314.84047577,8314.83945438,266.09615484,266.11989324,0.04609018,2369.51023409,0.01998472,0.01998472,24035,73,0
8315.18555678,8315.18539914,274.13962241,274.14328904,0.04347935,2369.90713883,0.01998472,0.01998472,24034,73,0
8315.53257507,8315.53137269,282.19047874,282.21847007,0.05303463,2370.30550058,0.01998472,0.01998472,24033,73,0
8315.87784323,8315.87737502,290.24879137,290.25970058,0.05778392,2370.70108635,0.01998472,0.01998472,24032,73,0
8316.22349155,8316.22340613,298.31454116,298.31653297,0.05241285,2371.09633781,0.01998472,0.01998472,24031,73,0
8316.56991601,8316.56946604,306.38770845,306.39821016,0.04646006,2371.49170025,0.01998472,0.01998472,24030,73,0
8316.91612653,8316.91555474,314.46827491,314.48163088,0.04687622,2371.88603824,0.01998472,0.01998472,24029,73,0
8317.26145775,8317.26167224,322.55625055,322.55123637,0.04563610,2372.27859540,0.01998471,0.01998472,24028,73,0
8317.60725386,8317.60781853,330.65167123,330.63845964,0.04293697,2372.67090024,0.01998471,0.01998472,24027,73,0
8317.95433830,8317.95399364,338.75457392,338.76264490,0.04536970,2373.06388002,0.01998472,0.01998472,24026,73,0
8318.30006668,8318.30019755,346.86499500,346.86192799,0.04868077,2373.45453997,0.01998472,0.01998472,24025,73,0
8318.64572606,8318.64643027,354.98290690,354.96638897,0.04837102,2373.84433520,0.01998471,0.01998472,24024,73,0
8318.99180386,8318.99269181,363.10816950,363.08732490,0.04598314,2374.23380475,0.01998471,0.01998472,24023,73,0
8319.33981359,8319.33898216,371.24063056,371.26016406,0.03827805,2374.62463373,0.01998472,0.01998472,24022,73,0
8319.68527993,8319.68530134,379.38013701,379.37963351,0.04728251,2375.01178840,0.01998472,0.01998472,24021,73,0
8320.03207619,8320.03164935,387.52660140,387.53664505,0.04330554,2375.39960708,0.01998472,0.01998472,24020,73,0
8320.37848465,8320.37802618,395.68016183,395.69095829,0.04053519,2375.78616953,0.01998472,0.01998472,24019,73,0
8320.72400291,8320.72443185,403.84100515,403.83089574,0.04244358,2376.17092586,0.01998471,0.01998472,24018,73,0
8321.07077474,8321.07086636,412.00931921,412.00715805,0.04354935,2376.55626819,0.01998472,0.01998472,24017,73,0
8321.41772143,8321.41732970,420.18527144,420.19451956,0.04311679,2376.94099796,0.01998472,0.01998472,24016,73,0
8321.76415384,8321.76382189,428.36888923,428.37673264,0.04155052,2377.32435061,0.01998472,0.01998472,24015,73,0
8322.11048059,8322.11034293,436.56014319,436.56339857,0.04569307,2377.70677627,0.01998472,0.01998472,24014,73,0
8322.45659770,8322.45689282,444.75900356,444.75201846,0.04942270,2378.08815704,0.01998472,0.01998472,24013,73,0
8322.80334831,8322.80347156,452.96544207,452.96252246,0.04988135,2378.46941636,0.01998472,0.01998472,24012,73,0
8323.14955422,8323.15007917,461.17945174,461.16700619,0.05335013,2378.84925532,0.01998471,0.01998472,24011,73,0
8323.49681969,8323.49671563,469.40104061,469.40350981,0.04762890,2379.22942979,0.01998472,0.01998472,24010,73,0
8323.84317564,8323.84338096,477.63021704,477.62534098,0.04450355,2379.60778110,0.01998472,0.01998472,24009,73,0
8324.19009535,8324.19007517,485.86698602,485.86746580,0.05092075,2379.98591730,0.01998472,0.01998472,24008,73,0
8324.53675195,8324.53679824,494.11125325,494.11015226,0.04361103,2380.36292892,0.01998472,0.01998472,24007,73,0
8324.88359002,8324.88355019,502.36281069,502.36375888,0.04521075,2380.73928749,0.01998472,0.01998472,24006,73,0
8325.23046492,8325.23033102,510.62144302,510.62463295,0.04485563,2381.11482281,0.01998472,0.01998472,24005,73,0
8325.57687106,8325.57714074,518.88693684,518.88050739,0.04324275,2381.48897689,0.01998472,0.01998472,24004,73,0
8325.92338062,8325.92397934,527.15936576,527.14507997,0.04438529,2381.86236990,0.01998471,0.01998472,24003,73,0
8326.27104203,8326.27084683,535.43931800,535.44397963,0.04512701,2382.23615087,0.01998472,0.01998472,24002,73,0
8326.61748723,8326.61774322,543.72743826,543.72131910,0.04014206,2382.60780012,0.01998471,0.01998472,24001,73,0
8326.96394610,8326.96466851,552.02437431,552.00708870,0.04523968,2382.97866713,0.01998471,0.01998472,24000,73,0
8327.31206045,8327.31162269,560.33043975,560.34092479,0.04618080,2383.35051424,0.01998472,0.01998472,23999,73,0
8327.65838316,8327.65860579,568.64502490,568.63968784,0.04395556,2383.71962929,0.01998472,0.01998472,23998,73,0
8328.00535896,8328.00561779,576.96735971,576.96114966,0.04526471,2384.08858463,0.01998472,0.01998472,23997,73,0
8328.35246753,8328.35265871,585.29666975,585.29207976,0.05258404,2384.45678700,0.01998472,0.01998472,23996,73,0
8328.69902701,8328.69972854,593.63242642,593.61557144,0.04081863,2384.82348893,0.01998471,0.01998471,23995,73,0
8329.04688751,8329.04682729,601.97512575,601.97657371,0.04237694,2385.19066447,0.01998472,0.01998471,23994,73,0
8329.39419730,8329.39395497,610.32553037,610.33136229,0.05104647,2385.55638700,0.01998472,0.01998471,23993,73,0
8329.74103069,8329.74111157,618.68440724,618.68245882,0.04769820,2385.92076916,0.01998471,0.01998471,23992,73,0
8330.08879206,8330.08829711,627.05236976,627.06430511,0.05525721,2386.28530814,0.01998472,0.01998471,23991,73,0
8330.43614511,8330.43551158,635.42909967,635.44439104,0.05206496,2386.64858404,0.01998472,0.01998471,23990,73,0
8330.78308878,8330.78275499,643.81393387,643.82199739,0.04262726,2387.01056673,0.01998472,0.01998471,23989,73,0
8331.13004338,8331.13002734,652.20620489,652.20659273,0.04924676,2387.37166452,0.01998472,0.01998471,23988,73,0
8331.47758341,8331.47732863,660.60534921,660.61151314,0.04489493,2387.73244610,0.01998472,0.01998471,23987,73,0
8331.82499124,8331.82465887,669.01169009,669.01973768,0.04517946,2388.09217597,0.01998472,0.01998471,23986,73,0
8332.17249999,8332.17201807,677.42599144,677.43767078,0.04435556,2388.45112550,0.01998472,0.01998471,23985,73,0
8332.51886782,8332.51940622,685.84902466,685.83596354,0.04269933,2388.80804548,0.01998471,0.01998471,23984,73,0
8332.86672840,8332.86682334,694.28148706,694.27918158,0.05117081,2389.16567466,0.01998471,0.01998471,23983,73,0
8333.21434633,8333.21426941,702.72320189,702.72507167,0.04420095,2389.52221330,0.01998471,0.01998471,23982,73,0
8333.56323138,8333.56174446,711.17344057,711.20961684,0.04591218,2389.87917170,0.01998472,0.01998471,23981,73,0
8333.90910308,8333.90924847,719.63146182,719.62792164,0.04303322,2390.23214279,0.01998471,0.01998471,23980,73,0
8334.25706817,8334.25678146,728.09657096,728.10355716,0.05273356,2390.58630984,0.01998471,0.01998471,23979,73,0
8334.60417563,8334.60434343,736.56881740,736.56472552,0.04264301,2390.93866364,0.01998471,0.01998471,23978,73,0
8334.95183429,8334.95193437,745.04881949,745.04637674,0.05310009,2391.29065848,0.01998471,0.01998471,23977,73,0
8335.30022608,8335.29955431,753.53721336,753.55362488,0.04248088,2391.64249686,0.01998472,0.01998471,23976,73,0
8335.64682545,8335.64720323,762.03461300,762.02537455,0.04290214,2391.99165430,0.01998471,0.01998471,23975,73,0
8335.99449113,8335.99488115,770.54115749,770.53161055,0.04260702,2392.34101553,0.01998471,0.01998471,23974,73,0
8336.34266726,8336.34258806,779.05656524,779.05850577,0.03975407,2392.69000093,0.01998471,0.01998471,23973,73,0
8336.69000817,8336.69032397,787.58053854,787.57279400,0.04571613,2393.03724742,0.01998471,0.01998471,23972,73,0
8337.03857774,8337.03808888,796.11278791,796.12478706,0.05267720,2393.38480163,0.01998471,0.01998471,23971,73,0
8337.38574404,8337.38588281,804.65324369,804.64983471,0.04166098,2393.73003398,0.01998471,0.01998471,23970,73,0
8337.73421770,8337.73370574,813.20205251,813.21464114,0.05316798,2394.07564311,0.01998471,0.01998471,23969,73,0
8338.08160654,8338.08155769,821.75937093,821.76057342,0.03776409,2394.41925869,0.01998471,0.01998471,23968,73,0
8338.42952591,8338.42943865,830.32535301,830.32750265,0.04634267,2394.76248353,0.01998471,0.01998471,23967,73,0
8338.77777437,8338.77734864,838.90006977,838.91056748,0.04052402,2395.10511496,0.01998471,0.01998471,23966,73,0
8339.12472437,8339.12528765,847.48350519,847.46960285,0.04368404,2395.44555147,0.01998471,0.01998471,23965,73,0
8339.47379591,8339.47325569,856.07563905,856.08898450,0.05109455,2395.78714136,0.01998471,0.01998471,23964,73,0
8339.82088997,8339.82125277,864.67645793,864.66748725,0.04063656,2396.12586895,0.01998471,0.01998471,23963,73,0
8340.16882491,8340.16927888,873.28612721,873.27489135,0.04429806,2396.46449229,0.01998471,0.01998471,23962,73,0
8340.51760483,8340.51733403,881.90500347,881.91171286,0.04173304,2396.80301915,0.01998471,0.01998471,23961,73,0
8340.86574823,8340.86541822,890.53345466,890.54163949,0.04587818,2397.14002145,0.01998471,0.01998471,23960,73,0
8341.21372877,8341.21353146,899.17182930,899.17672809,0.05387022,2397.47597054,0.01998471,0.01998471,23959,73,0
8341.56120553,8341.56167375,907.81994358,907.80830694,0.04384038,2397.81052881,0.01998471,0.01998471,23958,73,0
8341.90993182,8341.90984510,916.47705623,916.47921347,0.04634592,2398.14534895,0.01998471,0.01998471,23957,73,0
8342.25793145,8342.25804550,925.14239547,925.13955607,0.04981764,2398.47849828,0.01998471,0.01998471,23956,73,0
8342.60618986,8342.60627496,933.81521995,933.81309947,0.05669992,2398.81089054,0.01998471,0.01998471,23955,73,0
8342.95498609,8342.95453350,942.49555988,942.50684549,0.04622590,2399.14278688,0.01998471,0.01998471,23954,73,0
8343.30309152,8343.30282109,951.18420395,951.19095336,0.04779977,2399.47304590,0.01998471,0.01998471,23953,73,0
8343.65133701,8343.65113777,959.88197723,959.88695512,0.05227236,2399.80248610,0.01998471,0.01998471,23952,73,0
8343.99971222,8343.99948352,968.58966921,968.59538934,0.04170892,2400.13112267,0.01998471,0.01998471,23951,73,0
8344.34857728,8344.34785834,977.30732492,977.32532447,0.04805163,2400.45929050,0.01998472,0.01998471,23950,73,0
8344.69614398,8344.69626226,986.03433095,986.03136688,0.05321834,2400.78528385,0.01998471,0.01998471,23949,73,0
8345.04474510,8345.04469526,994.77004758,994.77129785,0.04013164,2401.11126424,0.01998471,0.01998471,23948,73,0
8345.39260725,8345.39315735,1003.51387340,1003.50006427,0.04334351,2401.43554641,0.01998471,0.01998471,23947,73,0
8345.74170205,8345.74164853,1012.26582107,1012.26716583,0.04488719,2401.75996345,0.01998471,0.01998471,23946,73,0
8346.09021246,8346.09016881,1021.02637167,1021.02746926,0.05150030,2402.08283842,0.01998471,0.01998471,23945,73,0
8346.43848286,8346.43871820,1029.79602086,1029.79009664,0.04226209,2402.40450863,0.01998471,0.01998471,23944,73,0
8346.78696446,8346.78729669,1038.57522652,1038.56685490,0.04558997,2402.72540400,0.01998471,0.01998471,23943,73,0
8347.13620405,8347.13590429,1047.36399439,1047.37155541,0.04426084,2403.04602031,0.01998471,0.01998471,23942,73,0
8347.48476985,8347.48454100,1056.16204584,1056.16782379,0.04861216,2403.36502880,0.01998471,0.01998471,23941,73,0
8347.83304941,8347.83320683,1064.96909612,1064.96511805,0.05354821,2403.68277424,0.01998471,0.01998471,23940,73,0
8348.18162387,8348.18190178,1073.78489006,1073.77786069,0.04007823,2403.99977403,0.01998471,0.01998471,23939,73,0
8348.53027003,8348.53062585,1082.60942902,1082.60042093,0.04439767,2404.31582013,0.01998471,0.01998471,23938,73,0
8348.87933106,8348.87937905,1091.44284111,1091.44162508,0.04690639,2404.63122249,0.01998471,0.01998471,23937,73,0
8349.22815956,8349.22816138,1100.28525609,1100.28520993,0.04842174,2404.94539639,0.01998471,0.01998471,23936,73,0
8349.57701744,8349.57697284,1109.13684461,1109.13797682,0.04911174,2405.25858099,0.01998471,0.01998471,23935,73,0
8349.92584760,8349.92581345,1117.99801467,1117.99888256,0.05262558,2405.57073563,0.01998471,0.01998471,23934,73,0
8350.27485990,8350.27468319,1126.86926305,1126.87375886,0.04234640,2405.88206093,0.01998471,0.01998471,23933,73,0
8350.62347407,8350.62358208,1135.75108980,1135.74833855,0.04774894,2406.19205347,0.01998471,0.01998471,23932,73,0
8350.97193640,8350.97251012,1144.64378774,1144.62915792,0.04433596,2406.50094035,0.01998471,0.01998471,23931,73,0
8351.32170548,8351.32146732,1153.54679246,1153.55287171,0.04280928,2406.80998557,0.01998471,0.01998471,23930,73,0
8351.67036913,8351.67045367,1162.45931665,1162.45715670,0.04198753,2407.11702561,0.01998471,0.01998471,23929,73,0
8352.02005827,8352.01946918,1171.38056850,1171.39563267,0.04382195,2407.42390621,0.01998471,0.01998471,23928,73,0
8352.36847110,8352.36851385,1180.31014700,1180.30905269,0.04494003,2407.72859132,0.01998471,0.01998471,23927,73,0
8352.71778569,8352.71758769,1189.24872594,1189.25379851,0.04216226,2408.03300692,0.01998471,0.01998471,23926,73,0
8353.06711627,8353.06669071,1198.19716501,1198.20807915,0.04691901,2408.33640232,0.01998471,0.01998471,23925,73,0
8353.41586115,8353.41582290,1207.15632405,1207.15730631,0.04288430,2408.63828232,0.01998471,0.01998471,23924,73,0
8353.76576831,8353.76498426,1216.12658601,1216.14674025,0.04853297,2408.94016585,0.01998471,0.01998471,23923,73,0
8354.11457617,8354.11417481,1225.10748102,1225.11780900,0.04731654,2409.24008110,0.01998471,0.01998471,23922,73,0
8354.46322842,8354.46339455,1234.09844840,1234.09416916,0.04700800,2409.53882202,0.01998471,0.01998471,23921,73,0
8354.81288673,8354.81264347,1243.09893755,1243.10520945,0.05097581,2409.83735775,0.01998471,0.01998471,23920,73,0
8355.16229490,8355.16192159,1252.10879581,1252.11843035,0.04985387,2410.13460333,0.01998471,0.01998471,23919,73,0
8355.51169177,8355.51122890,1261.12832382,1261.14028164,0.04640956,2410.43076912,0.01998471,0.01998471,23918,73,0
8355.86068792,8355.86056542,1270.15784860,1270.16101660,0.04864440,2410.72553355,0.01998471,0.01998471,23917,73,0
8356.20923166,8356.20993114,1279.19768059,1279.17957197,0.04432732,2411.01886274,0.01998471,0.01998471,23916,73,0
8356.55976628,8356.55932606,1288.24789076,1288.25929947,0.04627508,2411.31280388,0.01998471,0.01998471,23915,73,0
8356.90898466,8356.90875020,1297.30838242,1297.31446505,0.04424574,2411.60457324,0.01998471,0.01998471,23914,73,0
8357.25833874,8357.25820356,1306.37905482,1306.38256546,0.04389349,2411.89538176,0.01998471,0.01998471,23913,73,0
8357.60757693,8357.60768613,1315.45980328,1315.45696438,0.04032739,2412.18501233,0.01998471,0.01998471,23912,73,0
8357.95777121,8357.95719793,1324.55050170,1324.56542007,0.04319224,2412.47434180,0.01998471,0.01998471,23911,73,0
8358.30651535,8358.30673895,1333.65101482,1333.64519054,0.04328190,2412.76137605,0.01998471,0.01998471,23910,73,0
8358.65619405,8358.65630920,1342.76120640,1342.75820412,0.05434585,2413.04807182,0.01998471,0.01998471,23909,73,0
8359.00594035,8359.00590868,1351.88106440,1351.88189075,0.04655812,2413.33370910,0.01998471,0.01998471,23908,73,0
8359.35562021,8359.35553741,1361.01099837,1361.01316189,0.04947909,2413.61818711,0.01998471,0.01998471,23907,73,0
8359.70540290,8359.70519537,1370.15150937,1370.15693735,0.04781835,2413.90165459,0.01998471,0.01998471,23906,73,0
8360.05503917,8360.05488258,1379.30309802,1379.30719845,0.04490191,2414.18392069,0.01998471,0.01998471,23905,73,0
8360.40482720,8360.40459904,1388.46595424,1388.47193568,0.04428746,2414.46522716,0.01998471,0.01998471,23904,73,0
8360.75389634,8360.75434474,1397.63972367,1397.62795575,0.05202993,2414.74486085,0.01998471,0.01998471,23903,73,0
8361.10449677,8361.10411971,1406.82399496,1406.83390084,0.05465299,2415.02460335,0.01998471,0.01998471,23902,73,0
8361.45396267,8361.45392393,1416.01836633,1416.01938509,0.05044997,2415.30230910,0.01998471,0.01998471,23901,73,0
8361.80341001,8361.80375742,1425.22267073,1425.21352567,0.04482323,2415.57886123,0.01998471,0.01998471,23900,73,0
8362.15338938,8362.15362017,1434.43695349,1434.43087202,0.04118274,2415.85469008,0.01998471,0.01998471,23899,73,0
8362.50361497,8362.50351219,1443.66126781,1443.66397855,0.04363436,2416.12956391,0.01998471,0.01998471,23898,73,0
8362.85386320,8362.85343349,1452.89573447,1452.90708050,0.05187939,2416.40330521,0.01998471,0.01998471,23897,73,0
8363.20328487,8363.20338407,1462.14096156,1462.13833932,0.04807656,2416.67526771,0.01998471,0.01998471,23896,73,0
8363.55366404,8363.55336392,1471.39777528,1471.40571811,0.04140817,2416.94685891,0.01998471,0.01998471,23895,73,0
8363.90316370,8363.90337307,1480.66700824,1480.66146001,0.04052236,2417.21667362,0.01998471,0.01998471,23894,73,0
8364.25341528,8364.25341150,1489.94903979,1489.94914027,0.05120002,2417.48597745,0.01998471,0.01998471,23893,73,0
8364.60340780,8364.60347922,1499.24284237,1499.24094529,0.04625822,2417.75395560,0.01998471,0.01998471,23892,73,0
8364.95367790,8364.95357624,1508.54711148,1508.54981457,0.04134420,2418.02097636,0.01998471,0.01998471,23891,73,0
8365.30385598,8365.30370256,1517.86055761,1517.86464037,0.05180472,2418.28671583,0.01998471,0.01998471,23890,73,0
8365.65334469,8365.65385818,1527.18290037,1527.16922314,0.04183211,2418.55071291,0.01998471,0.01998471,23889,73,0
8366.00359596,8366.00404311,1536.51522670,1536.50330388,0.03955913,2418.81409073,0.01998471,0.01998471,23888,73,0
8366.35382610,8366.35425735,1545.85872755,1545.84721523,0.05110896,2419.07628521,0.01998471,0.01998471,23887,73,0
8366.70463212,8366.70450090,1555.21449609,1555.21800344,0.04235700,2419.33776612,0.01998471,0.01998471,23886,73,0
8367.05502375,8367.05477377,1564.58254151,1564.58923113,0.04910381,2419.59778940,0.01998471,0.01998471,23885,73,0
8367.40473870,8367.40507597,1573.96223076,1573.95319503,0.05253843,2419.85614299,0.01998471,0.01998471,23884,73,0
8367.75593960,8367.75540749,1583.35291797,1583.36718872,0.04239748,2420.11439760,0.01998471,0.01998471,23883,73,0
8368.10583450,8368.10576834,1592.75415788,1592.75593415,0.05065341,2420.37048236,0.01998471,0.01998471,23882,73,0
8368.45588390,8368.45615852,1602.16624925,1602.15886829,0.04567646,2420.62547561,0.01998471,0.01998471,23881,73,0
8368.80647180,8368.80657804,1611.58966299,1611.58680448,0.04140669,2420.87966140,0.01998471,0.01998471,23880,73,0
8369.15716279,8369.15702690,1621.02486656,1621.02852725,0.04986397,2421.13272824,0.01998471,0.01998471,23879,73,0
8369.50781630,8369.50750510,1630.47202772,1630.48042096,0.03757096,2421.38457358,0.01998471,0.01998471,23878,73,0
8369.85838480,8369.85801265,1639.93089796,1639.94094645,0.05360427,2421.63515203,0.01998471,0.01998471,23877,73,0
8370.20825305,8370.20854956,1649.40119648,1649.39318153,0.04127479,2421.88401534,0.01998471,0.01998471,23876,73,0
8370.55877826,8370.55911581,1658.88268722,1658.87355260,0.05005739,2422.13211790,0.01998471,0.01998471,23875,73,0
8370.90917611,8370.90971143,1668.37555384,1668.36105087,0.04183031,2422.37890159,0.01998471,0.01998471,23874,73,0
8371.25958788,8371.26033641,1677.88020420,1677.85990126,0.05181241,2422.62447194,0.01998471,0.01998471,23873,73,0
8371.61070134,8371.61099076,1687.39705091,1687.38919136,0.04146313,2422.86931251,0.01998471,0.01998471,23872,73,0
8371.96178241,8371.96167447,1696.92631387,1696.92924876,0.04536950,2423.11290804,0.01998471,0.01998471,23871,73,0
8372.31272158,8372.31238756,1706.46766411,1706.47675654,0.04443677,2423.35516953,0.01998471,0.01998471,23870,73,0
8372.66311861,8372.66313003,1716.02067406,1716.02036285,0.05159830,2423.59580812,0.01998471,0.01998471,23869,73,0
8373.01375697,8373.01390187,1725.58493234,1725.58097921,0.04974761,2423.83534801,0.01998471,0.01998471,23868,73,0
8373.36476438,8373.36470310,1735.16044324,1735.16211668,0.04674120,2424.07386819,0.01998471,0.01998471,23867,73,0
8373.71516635,8373.71553372,1744.74761560,1744.73757043,0.04426834,2424.31071278,0.01998471,0.01998471,23866,73,0
8374.06668126,8374.06639374,1754.34687774,1754.35474904,0.04047515,2424.54704578,0.01998471,0.01998471,23865,73,0
8374.41759662,8374.41728314,1763.95858965,1763.96718170,0.05190745,2424.78171635,0.01998471,0.01998471,23864,73,0
8374.76794346,8374.76820195,1773.58275467,1773.57566119,0.04598181,2425.01474597,0.01998471,0.01998471,23863,73,0
8375.11915729,8375.11915016,1783.21926348,1783.21945927,0.04749707,2425.24707954,0.01998471,0.01998471,23862,73,0
8375.46893313,8375.47012778,1792.86800594,1792.83514447,0.04828229,2425.47718721,0.01998471,0.01998471,23861,73,0
8375.82074299,8375.82113480,1802.52887929,1802.51808885,0.05257675,2425.70734183,0.01998471,0.01998471,23860,73,0
8376.17244775,8376.17217125,1812.20179210,1812.20941570,0.04276662,2425.93612565,0.01998471,0.01998471,23859,73,0
8376.52341509,8376.52323711,1821.88665317,1821.89156611,0.04970478,2426.16312438,0.01998471,0.01998471,23858,73,0
8376.87392580,8376.87433239,1831.58340071,1831.57216479,0.05207709,2426.38851941,0.01998471,0.01998471,23857,73,0
8377.22578988,8377.22545709,1841.29220014,1841.30140729,0.04186898,2426.61346802,0.01998471,0.01998471,23856,73,0
8377.57662210,8377.57661123,1851.01332197,1851.01362316,0.04572453,2426.83644420,0.01998471,0.01998471,23855,73,0
8377.92825635,8377.92779480,1860.74703927,1860.75984000,0.04655504,2427.05861532,0.01998471,0.01998471,23854,73,0
8378.27912124,8378.27900780,1870.49363353,1870.49678361,0.04891021,2427.27898891,0.01998471,0.01998471,23853,73,0
8378.63002934,8378.63025025,1880.25340058,1880.24725842,0.03881872,2427.49808007,0.01998471,0.01998471,23852,73,0
8378.98151518,8378.98152214,1890.02663985,1890.02644601,0.04660199,2427.71621962,0.01998471,0.01998471,23851,73,0
8379.33300758,8379.33282348,1899.81358215,1899.81871448,0.04974758,2427.93304863,0.01998471,0.01998471,23850,73,0
8379.68400493,8379.68415426,1909.61379505,1909.60962693,0.04475534,2428.14824457,0.01998471,0.01998471,23849,73,0
8380.03609883,8380.03551451,1919.42647864,1919.44280669,0.05290151,2428.36275619,0.01998471,0.01998471,23848,73,0
8380.38726772,8380.38690421,1929.25082627,1929.26099481,0.04335096,2428.57532768,0.01998471,0.01998471,23847,73,0
8380.73789802,8380.73832337,1939.08658464,1939.07467274,0.05008604,2428.78619079,0.01998471,0.01998471,23846,73,0
8381.08965655,8381.08977200,1948.93468360,1948.93144634,0.05090957,2428.99635890,0.01998471,0.01998471,23845,73,0
8381.44156717,8381.44125010,1958.79621126,1958.80511332,0.04683105,2429.20525852,0.01998471,0.01998471,23844,73,0
8381.79247583,8381.79275768,1968.67212818,1968.66420387,0.04979104,2429.41222326,0.01998471,0.01998471,23843,73,0
8382.14402346,8382.14429473,1978.56211810,1978.55448139,0.05144497,2429.61820969,0.01998471,0.01998471,23842,73,0
8382.49642738,8382.49586126,1988.46515562,1988.48111151,0.04800714,2429.82330864,0.01998471,0.01998471,23841,73,0
8382.84743403,8382.84745728,1998.38020393,1998.37954790,0.04858787,2430.02618446,0.01998471,0.01998471,23840,73,0
8383.19905662,8383.19908278,2008.30672547,2008.30598652,0.05188360,2430.22798898,0.01998471,0.01998471,23839,73,0
8383.55125745,8383.55073778,2018.24516685,2018.25986216,0.04226866,2430.42869690,0.01998471,0.01998471,23838,73,0
8383.90281980,8383.90242227,2028.19609214,2028.20734705,0.05498396,2430.62762086,0.01998471,0.01998471,23837,73,0
8384.25437827,8384.25413627,2038.16007461,2038.16693476,0.04035451,2430.82512926,0.01998471,0.01998471,23836,73,0
8384.60599799,8384.60587976,2048.13772839,2048.14108416,0.04811081,2431.02126419,0.01998471,0.01998471,23835,73,0
8384.95763900,8384.95765277,2058.12968933,2058.12929806,0.04730786,2431.21600870,0.01998471,0.01998471,23834,73,0
8385.30950777,8385.30945528,2068.13659078,2068.13808500,0.04643300,2431.40948100,0.01998471,0.01998471,23833,73,0
8385.66106341,8385.66128731,2078.15864383,2078.15226156,0.04841539,2431.60138106,0.01998471,0.01998471,23832,73,0
8386.01334773,8386.01314885,2088.19541656,2088.20109333,0.05423346,2431.79225961,0.01998471,0.01998471,23831,73,0
8386.36449633,8386.36503992,2098.24642005,2098.23088359,0.05083373,2431.98109272,0.01998471,0.01998471,23830,73,0
8386.71727382,8386.71696052,2108.31121679,2108.32018283,0.05137934,2432.16934906,0.01998471,0.01998471,23829,73,0
8387.06879815,8387.06891064,2118.38965276,2118.38642963,0.04737311,2432.35547888,0.01998471,0.01998471,23828,73,0
8387.42105223,8387.42089029,2128.48166504,2128.48631093,0.04534537,2432.54052766,0.01998471,0.01998471,23827,73,0
8387.77282622,8387.77289949,2138.58720190,2138.58509734,0.04605092,2432.72385082,0.01998471,0.01998471,23826,73,0
8388.12483540,8388.12493822,2148.70647770,2148.70352008,0.04719566,2432.90581997,0.01998471,0.01998471,23825,73,0
8388.47741240,8388.47700650,2158.83997354,2158.85166427,0.04525995,2433.08660392,0.01998471,0.01998471,23824,73,0
8388.82861961,8388.82910432,2168.98818570,2168.97420545,0.04813126,2433.26521600,0.01998471,0.01998471,23823,73,0
8389.18069426,8389.18123170,2179.15143989,2179.13591737,0.04196464,2433.44279568,0.01998471,0.01998471,23822,73,0
8389.53331826,8389.53338863,2189.32955423,2189.32751889,0.05260350,2433.61916310,0.01998471,0.01998471,23821,73,0
8389.88628442,8389.88557513,2199.52225253,2199.54279406,0.04519808,2433.79419699,0.01998471,0.01998471,23820,73,0
8390.23759599,8390.23779118,2209.72925330,2209.72359320,0.04721717,2433.96690368,0.01998471,0.01998471,23819,73,0
8390.58987496,8390.59003680,2219.95024506,2219.94554613,0.04537195,2434.13856442,0.01998471,0.01998471,23818,73,0
8390.94242597,8390.94231199,2230.18489850,2230.18821204,0.05226443,2434.30882002,0.01998471,0.01998471,23817,73,0
8391.29516671,8391.29461676,2240.43288974,2240.44889668,0.05020980,2434.47761570,0.01998471,0.01998471,23816,73,0
8391.64693344,8391.64695110,2250.69431263,2250.69379793,0.04745923,2434.64439476,0.01998471,0.01998471,23815,73,0
8391.99922999,8391.99931502,2260.96986791,2260.96738651,0.04215259,2434.80987779,0.01998471,0.01998471,23814,73,0
8392.35160039,8392.35170853,2271.26030929,2271.25714917,0.04892952,2434.97385160,0.01998471,0.01998471,23813,73,0
8392.70484373,8392.70413163,2281.56624232,2281.58708114,0.04484196,2435.13668396,0.01998471,0.01998471,23812,73,0
8393.05667217,8393.05658432,2291.88768174,2291.89025621,0.04364295,2435.29731638,0.01998471,0.01998471,23811,73,0
8393.40862913,8393.40906661,2302.22449883,2302.21166038,0.05145268,2435.45645234,0.01998471,0.01998471,23810,73,0
8393.76139574,8393.76157850,2312.57654827,2312.57117771,0.04938529,2435.61438377,0.01998471,0.01998471,23809,73,0
8394.11405177,8394.11411999,2322.94351365,2322.94150627,0.04335529,2435.77068166,0.01998471,0.01998471,23808,73,0
8394.46720274,8394.46669109,2333.32496997,2333.34004515,0.04716263,2435.92559801,0.01998471,0.01998471,23807,73,0
8394.81897111,8394.81929180,2343.72049915,2343.71103846,0.04314456,2436.07830194,0.01998471,0.01998471,23806,73,0
8395.17194978,8395.17192213,2354.13027986,2354.13109676,0.05101643,2436.22991578,0.01998471,0.01998471,23805,73,0
8395.52485084,8395.52458207,2364.55535129,2364.56330216,0.04598536,2436.37988630,0.01998471,0.01998471,23804,73,0
8395.87739192,8395.87727164,2374.99682767,2375.00039126,0.05255910,2436.52810454,0.01998471,0.01998471,23803,73,0
8396.23005240,8396.22999083,2385.45543841,2385.45726530,0.04784797,2436.67477557,0.01998471,0.01998471,23802,73,0
8396.58278049,8396.58273966,2395.93061261,2395.93182621,0.04341631,2436.81986004,0.01998471,0.01998471,23801,73,0
8396.93557553,8396.93551811,2406.42150408,2406.42321278,0.04560936,2436.96333685,0.01998471,0.01998471,23800,73,0
8397.28771756,8397.28832621,2416.92734906,2416.90921292,0.05045993,2437.10489915,0.01998471,0.01998471,23799,73,0
8397.64176680,8397.64116394,2427.44809001,2427.46607793,0.04567685,2437.24555896,0.01998471,0.01998471,23798,73,0
8397.99410166,8397.99403132,2437.98400784,2437.98610934,0.05249681,2437.38387221,0.01998471,0.01998471,23797,73,0
8398.34674876,8398.34692835,2448.53539994,2448.53002644,0.04397919,2437.52064055,0.01998471,0.01998471,23796,73,0
8398.70035950,8398.69985504,2459.10282874,2459.11794464,0.05209845,2437.65610682,0.01998471,0.01998471,23795,73,0
8399.05332356,8399.05281137,2469.68711710,2469.70248828,0.04237605,2437.78965398,0.01998471,0.01998471,23794,73,0
8399.40518145,8399.40579737,2480.28909923,2480.27058488,0.04950818,2437.92112225,0.01998470,0.01998471,23793,73,0
8399.75867072,8399.75881303,2490.90889021,2490.90460567,0.04145805,2438.05152306,0.01998471,0.01998471,23792,73,0
8400.11164426,8400.11185836,2501.54522619,2501.53877137,0.04818555,2438.18003207,0.01998471,0.01998471,23791,73,0
8400.46498695,8400.46493336,2512.19667746,2512.19829519,0.05003590,2438.30694703,0.01998471,0.01998471,23790,73,0
8400.81865010,8400.81803804,2522.86226366,2522.88076301,0.05408768,2438.43222614,0.01998471,0.01998471,23789,73,0
8401.17196232,8401.17117239,2533.54272790,2533.56663546,0.04331508,2438.55563307,0.01998471,0.01998471,23788,73,0
8401.52445305,8401.52433643,2544.23922560,2544.24276052,0.04898832,2438.67701751,0.01998471,0.01998471,23787,73,0
8401.87719620,8401.87753015,2554.95278743,2554.94264990,0.05187634,2438.79675659,0.01998471,0.01998471,23786,73,0
8402.23097787,8402.23075356,2565.68345882,2565.69027819,0.04729059,2438.91509923,0.01998471,0.01998471,23785,73,0
8402.58379838,8402.58400667,2576.43084169,2576.42449993,0.04845157,2439.03136276,0.01998471,0.01998471,23784,73,0
8402.93772380,8402.93728947,2587.19455840,2587.20780073,0.05056682,2439.14621420,0.01998471,0.01998471,23783,73,0
8403.29127366,8403.29060198,2597.97462590,2597.99513484,0.05148333,2439.25915925,0.01998471,0.01998471,23782,73,0
8403.64426052,8403.64394419,2608.77136992,2608.78104309,0.05192168,2439.37013991,0.01998471,0.01998471,23781,73,0
8403.99761962,8403.99731611,2619.58512767,2619.59442278,0.05291244,2439.47944629,0.01998471,0.01998471,23780,73,0
8404.35102736,8404.35071774,2630.41625634,2630.42575298,0.04635724,2439.58696968,0.01998471,0.01998471,23779,73,0
8404.70416706,8404.70414908,2641.26513792,2641.26569029,0.04840670,2439.69260992,0.01998470,0.01998471,23778,73,0
8405.05776594,8405.05761015,2652.13215766,2652.13695134,0.05076681,2439.79657735,0.01998471,0.01998471,23777,73,0
8405.41139145,8405.41110094,2663.01748443,2663.02643728,0.04775383,2439.89873302,0.01998471,0.01998471,23776,73,0
8405.76453645,8405.76462146,2673.92084550,2673.91822174,0.05053701,2439.99892172,0.01998470,0.01998471,23775,73,0
8406.11838660,8406.11817171,2684.84191227,2684.84855527,0.05184446,2440.09746555,0.01998471,0.01998471,23774,73,0
8406.47166626,8406.47175169,2695.78050962,2695.77786446,0.05657508,2440.19399725,0.01998470,0.01998471,23773,73,0
8406.82527692,8406.82536141,2706.73695410,2706.73433417,0.05533562,2440.28875840,0.01998470,0.01998471,23772,73,0
8407.17907834,8407.17900088,2717.71166196,2717.71406792,0.03969658,2440.38170122,0.01998471,0.01998471,23771,73,0
8407.53247530,8407.53267009,2728.70489617,2728.69883650,0.04795603,2440.47266342,0.01998470,0.01998471,23770,73,0
8407.88607777,8407.88636905,2739.71616922,2739.70709417,0.04894705,2440.56178973,0.01998470,0.01998471,23769,73,0
8408.24014492,8408.24009777,2750.74476358,2750.74623477,0.05230026,2440.64912477,0.01998471,0.01998471,23768,73,0
8408.59398826,8408.59385624,2761.79011299,2761.79423814,0.05034749,2440.73448309,0.01998471,0.01998471,23767,73,0
8408.94782443,8408.94764447,2772.85275927,2772.85839068,0.05431379,2440.81791386,0.01998471,0.01998470,23766,73,0
8409.30098778,8409.30146247,2783.93372704,2783.91884833,0.04756875,2440.89926376,0.01998470,0.01998470,23765,73,0
8409.65523471,8409.65531024,2795.03397635,2795.03160500,0.04874216,2440.97893086,0.01998470,0.01998470,23764,73,0
8410.00907675,8410.00918778,2806.15370819,2806.15021657,0.04640675,2441.05656578,0.01998470,0.01998470,23763,73,0
8410.36328760,8410.36309510,2817.29268092,2817.29874476,0.04615326,2441.13232627,0.01998471,0.01998470,23762,73,0
8410.71628216,8410.71703219,2828.45065333,2828.42698929,0.04757693,2441.20586829,0.01998470,0.01998470,23761,73,0
8411.07029235,8411.07099907,2839.62750000,2839.60516660,0.05279609,2441.27764732,0.01998470,0.01998470,23760,73,0
8411.42465716,8411.42499574,2850.82318168,2850.81246506,0.05192797,2441.34750726,0.01998470,0.01998470,23759,73,0
8411.77883509,8411.77902220,2862.03765291,2862.03172119,0.04868877,2441.41532931,0.01998470,0.01998470,23758,73,0
8412.13273392,8412.13307845,2873.27071956,2873.25978002,0.04467527,2441.48108830,0.01998470,0.01998470,23757,73,0
8412.48678210,8412.48716451,2884.52205142,2884.50989104,0.04538604,2441.54485286,0.01998470,0.01998470,23756,73,0
8412.84119952,8412.84128036,2895.79133520,2895.78876064,0.05088796,2441.60664635,0.01998470,0.01998470,23755,73,0
8413.19553126,8413.19542602,2907.07889911,2907.08225585,0.04765526,2441.66637878,0.01998471,0.01998470,23754,73,0
8413.54918631,8413.54960150,2918.38575758,2918.37249187,0.04427192,2441.72395206,0.01998470,0.01998470,23753,73,0
8413.90404042,8413.90380678,2929.71294340,2929.72042158,0.05308319,2441.77966126,0.01998471,0.01998470,23752,73,0
8414.25794435,8414.25804189,2941.06070427,2941.05757696,0.04707010,2441.83315660,0.01998470,0.01998470,23751,73,0
8414.61210071,8414.61230681,2952.42834378,2952.42172508,0.04383185,2441.88461139,0.01998470,0.01998470,23750,73,0
8414.96667937,8414.96660156,2963.81512163,2963.81762413,0.05077996,2441.93403006,0.01998470,0.01998470,23749,73,0
8415.32087120,8415.32092614,2975.22099579,2975.21922572,0.05103656,2441.98128863,0.01998470,0.01998470,23748,73,0
8415.67506583,8415.67528055,2986.64682926,2986.63989973,0.05439174,2442.02643513,0.01998470,0.01998470,23747,73,0
8416.02975437,8416.02966480,2998.09354062,2998.09643634,0.04698833,2442.06951981,0.01998470,0.01998470,23746,73,0
8416.38458423,8416.38407889,3009.56154611,3009.57791216,0.05022376,2442.11048373,0.01998470,0.01998470,23745,73,0
8416.73859845,8416.73852283,3021.05058757,3021.05304090,0.05061102,2442.14920962,0.01998470,0.01998470,23744,73,0
8417.09287768,8417.09299661,3032.56036552,3032.55650072,0.05156632,2442.18580782,0.01998470,0.01998470,23743,73,0
8417.44774547,8417.44750024,3044.09091045,3044.09889369,0.04561358,2442.22029225,0.01998470,0.01998470,23742,73,0
8417.80247323,8417.80203373,3055.64269105,3055.65702400,0.05114559,2442.25257738,0.01998470,0.01998470,23741,73,0
8418.15672280,8418.15659708,3067.21618890,3067.22029629,0.04701548,2442.28262721,0.01998470,0.01998470,23740,73,0
8418.51147379,8418.51119029,3078.81111977,3078.82039801,0.04925521,2442.31051152,0.01998470,0.01998470,23739,73,0
8418.86589410,8418.86581337,3090.42623313,3090.42887941,0.04583580,2442.33614836,0.01998470,0.01998470,23738,73,0
8419.22064440,8419.22046631,3102.06025317,3102.06609951,0.04851048,2442.35957150,0.01998470,0.01998470,23737,73,0
8419.57531375,8419.57514914,3113.71333455,3113.71874732,0.04729641,2442.38074082,0.01998470,0.01998470,23736,73,0
8419.92996505,8419.92986184,3125.38727947,3125.39067950,0.04430977,2442.39965279,0.01998470,0.01998470,23735,73,0
8420.28428240,8420.28460442,3137.08393803,3137.07331033,0.04662322,2442.41628431,0.01998470,0.01998470,23734,73,0
8420.63919589,8420.63937689,3148.80378465,3148.79779984,0.04568329,2442.43066387,0.01998470,0.01998470,23733,73,0
8420.99438566,8420.99417924,3160.54590689,3160.55274417,0.05002260,2442.44275572,0.01998470,0.01998470,23732,73,0
8421.34840944,8421.34901149,3172.30937561,3172.28939921,0.04475937,2442.45250575,0.01998470,0.01998470,23731,73,0
8421.70380230,8421.70387364,3184.09416583,3184.09179443,0.05082717,2442.45996928,0.01998470,0.01998470,23730,73,0
8422.05935616,8422.05876569,3195.90101765,3195.92067987,0.05239270,2442.46509365,0.01998470,0.01998470,23729,73,0
8422.41341570,8422.41368764,3207.73063904,3207.72156675,0.04726340,2442.46785531,0.01998470,0.01998470,23728,73,0
8422.76865560,8422.76863951,3219.58296230,3219.58350029,0.05130422,2442.46826485,0.01998470,0.01998470,23727,73,0
8423.12391135,8423.12362128,3231.45739178,3231.46710321,0.04620924,2442.46629573,0.01998470,0.01998470,23726,73,0
8423.47839607,8423.47863297,3243.35341751,3243.34547242,0.04453444,2442.46194707,0.01998470,0.01998470,23725,73,0
8423.83394193,8423.83367458,3255.27141497,3255.28039747,0.04133955,2442.45518041,0.01998470,0.01998470,23724,73,0
8424.18807728,8424.18874611,3267.21222280,3267.18970945,0.04614917,2442.44603260,0.01998470,0.01998470,23723,73,0
8424.54302362,8424.54384757,3279.17658393,3279.14879642,0.04301589,2442.43443803,0.01998470,0.01998470,23722,73,0
8424.89862239,8424.89897896,3291.16459373,3291.15254588,0.04718527,2442.42037266,0.01998470,0.01998470,23721,73,0
8425.25385693,8425.25414029,3303.17610385,3303.16651167,0.04588288,2442.40385976,0.01998470,0.01998470,23720,73,0
8425.60928541,8425.60933155,3315.21097410,3315.20940922,0.04501022,2442.38486126,0.01998470,0.01998470,23719,73,0
8425.96437422,8425.96455276,3327.26910547,3327.26303906,0.05079389,2442.36339335,0.01998470,0.01998470,23718,73,0
8426.31975470,8426.31980392,3339.35040888,3339.34873372,0.03842040,2442.33940451,0.01998470,0.01998470,23717,73,0
8426.67508028,8426.67508502,3351.45504687,3351.45488509,0.03785670,2442.31290125,0.01998470,0.01998470,23716,73,0
8427.02989254,8427.03039608,3363.58384916,3363.56664373,0.04974869,2442.28390764,0.01998470,0.01998470,23715,73,0
8427.38536728,8427.38573709,3375.73775498,3375.72509317,0.05031028,2442.25230880,0.01998470,0.01998470,23714,73,0
8427.74092934,8427.74110807,3387.91710825,3387.91097694,0.04417492,2442.21813147,0.01998470,0.01998470,23713,73,0
8428.09657214,8428.09650901,3400.12124092,3400.12341070,0.05067389,2442.18136097,0.01998470,0.01998470,23712,73,0
8428.45214749,8428.45193992,3412.34940220,3412.35655006,0.04283868,2442.14199978,0.01998470,0.01998470,23711,73,0
8428.80696522,8428.80740080,3424.60139191,3424.58636421,0.04739116,2442.10011934,0.01998470,0.01998470,23710,73,0
8429.16313431,8429.16289166,3436.87759325,3436.88598058,0.04836402,2442.05544807,0.01998470,0.01998470,23709,73,0
8429.51828971,8429.51841251,3449.17842686,3449.17417410,0.04605567,2442.00826228,0.01998470,0.01998470,23708,73,0
8429.87480509,8429.87396333,3461.50438036,3461.53359075,0.04935699,2441.95822541,0.01998470,0.01998470,23707,73,0
8430.22943176,8430.22954414,3473.85598603,3473.85207818,0.04614859,2441.90578152,0.01998470,0.01998470,23706,73,0
8430.58530087,8430.58515495,3486.23365971,3486.23874394,0.04064691,2441.85045703,0.01998470,0.01998470,23705,73,0
8430.94081886,8430.94079575,3498.63712805,3498.63793474,0.04596940,2441.79247461,0.01998470,0.01998470,23704,73,0
8431.29588358,8431.29646655,3511.06587129,3511.04548040,0.04680434,2441.73184667,0.01998470,0.01998470,23703,73,0
8431.65234744,8431.65216735,3523.51935918,3523.52567020,0.04041198,2441.66823292,0.01998470,0.01998470,23702,73,0
8432.00747168,8432.00789816,3535.99704475,3535.98207166,0.04654321,2441.60210889,0.01998470,0.01998470,23701,73,0
8432.36282141,8432.36365898,3548.49839810,3548.46893968,0.03634968,2441.53318389,0.01998470,0.01998470,23700,73,0
8432.72012222,8432.71944982,3561.02422375,3561.04791992,0.04196565,2441.46107809,0.01998470,0.01998470,23699,73,0
8433.07566246,8433.07527067,3573.57730182,3573.59113925,0.04334913,2441.38650595,0.01998470,0.01998470,23698,73,0
8433.43131010,8433.43112155,3586.16036696,3586.16704204,0.04364894,2441.30906094,0.01998470,0.01998470,23697,73,0
8433.78704187,8433.78700245,3598.77281486,3598.77421338,0.04606722,2441.22873072,0.01998470,0.01998470,23696,73,0
8434.14207349,8434.14291338,3611.41151696,3611.38166478,0.04792186,2441.14570202,0.01998470,0.01998470,23695,73,0
8434.49873692,8434.49885434,3624.07408529,3624.06990396,0.04867151,2441.05941796,0.01998470,0.01998470,23694,73,0
8434.85502656,8434.85482535,3636.76285543,3636.77003559,0.04869276,2440.97031654,0.01998470,0.01998470,23693,73,0
8435.21096253,8435.21082639,3649.48185505,3649.48672480,0.05028926,2440.87835519,0.01998470,0.01998470,23692,73,0
8435.56720271,8435.56685748,3662.23312792,3662.24550653,0.04675092,2440.78332961,0.01998470,0.01998470,23691,73,0
8435.92311288,8435.92291862,3675.01386318,3675.02084339,0.04189505,2440.68541029,0.01998470,0.01998470,23690,73,0
8436.27939608,8436.27900981,3687.82061585,3687.83452093,0.04253207,2440.58441171,0.01998470,0.01998470,23689,73,0
8436.63458737,8436.63513106,3700.65289357,3700.63328282,0.04231117,2440.48074533,0.01998470,0.01998470,23688,73,0
8436.99157166,8436.99128236,3713.51335782,3713.52381589,0.03733364,2440.37352119,0.01998470,0.01998470,23687,73,0
8437.34740869,8437.34746374,3726.40444185,3726.40244744,0.04757657,2440.26357477,0.01998470,0.01998470,23686,73,0
8437.70412274,8437.70367517,3739.32556350,3739.34181566,0.04379922,2440.15026917,0.01998470,0.01998470,23685,73,0
8438.05934329,8438.05991669,3752.27477083,3752.25390766,0.04548003,2440.03436337,0.01998470,0.01998470,23684,73,0
8438.41585295,8438.41618827,3765.25080852,3765.23858340,0.04280396,2439.91494528,0.01998470,0.01998470,23683,73,0
8438.77176610,8438.77248994,3778.25434768,3778.22790315,0.04372233,2439.79261346,0.01998470,0.01998470,23682,73,0
8439.12847499,8439.12882169,3791.28637489,3791.27368160,0.04818974,2439.66685888,0.01998470,0.01998470,23681,73,0
8439.48517360,8439.48518352,3804.34756908,3804.34720478,0.04856330,2439.53792955,0.01998470,0.01998470,23680,73,0
8439.84106077,8439.84157545,3817.43828895,3817.41936336,0.04782719,2439.40610297,0.01998470,0.01998470,23679,73,0
8440.19814703,8440.19799747,3830.55883683,3830.56434830,0.04646499,2439.27060629,0.01998470,0.01998470,23678,73,0
8440.55476544,8440.55444959,3843.70923731,3843.72090244,0.04310197,2439.13204183,0.01998470,0.01998470,23677,73,0
8440.91100496,8440.91093181,3856.88941312,3856.89212030,0.04439579,2438.99036738,0.01998470,0.01998470,23676,73,0
8441.26751844,8441.26744414,3870.09995368,3870.10270977,0.04785384,2438.84529816,0.01998470,0.01998470,23675,73,0
8441.62468609,8441.62398658,3883.34278133,3883.36879489,0.04209700,2438.69662422,0.01998470,0.01998470,23674,73,0
8441.98066656,8441.98055913,3896.61978328,3896.62378828,0.04507305,2438.54507594,0.01998470,0.01998470,23673,73,0
8442.33664038,8442.33716180,3909.93011158,3909.91062717,0.04057230,2438.39015451,0.01998470,0.01998470,23672,73,0
8442.69378891,8442.69379459,3923.27100570,3923.27079292,0.03870429,2438.23133961,0.01998470,0.01998470,23671,73,0
8443.05060077,8443.05045751,3936.64101409,3936.64639052,0.04825312,2438.06928826,0.01998470,0.01998470,23670,73,0
8443.40729944,8443.40715055,3950.04332210,3950.04892328,0.04811286,2437.90384569,0.01998470,0.01998470,23669,73,0
8443.76373229,8443.76387373,3963.48194368,3963.47660810,0.04678468,2437.73501514,0.01998470,0.01998470,23668,73,0
8444.12028522,8444.12062705,3976.95627579,3976.94335037,0.04538614,2437.56259877,0.01998470,0.01998470,23667,73,0
8444.47751072,8444.47741050,3990.46090301,3990.46469982,0.04251198,2437.38636422,0.01998470,0.01998470,23666,73,0
8444.83404455,8444.83422410,4003.99182895,4003.98501326,0.04101704,2437.20701727,0.01998470,0.01998470,23665,73,0
8445.19120478,8445.19106785,4017.55329941,4017.55850996,0.04564506,2437.02381964,0.01998470,0.01998470,23664,73,0
8445.54854768,8445.54794175,4031.15200088,4031.17512316,0.04219130,2436.83687270,0.01998470,0.01998470,23663,73,0
8445.90494188,8445.90484580,4044.78982194,4044.79349805,0.04560889,2436.64672761,0.01998470,0.01998470,23662,73,0
8446.26150248,8446.26178002,4058.46231512,4058.45167225,0.04625686,2436.45283773,0.01998470,0.01998470,23661,73,0
8446.61904922,8446.61874439,4072.16535899,4072.17707294,0.03772453,2436.25477515,0.01998470,0.01998470,23660,73,0
8446.97633709,8446.97573894,4085.89949123,4085.92252950,0.03829927,2436.05318880,0.01998470,0.01998470,23659,73,0
nan,nan,0.00000000,-1.00000000,0.00000000,2439.98054075,nan,0.00000000,-2147483648,72,1
8419.22020504,8419.22046631,14.57557750,14.56973080,0.04822736,2440.39040797,0.01998470,0.01998470,23737,72,0
8419.57593375,8419.57514914,22.51560208,22.53317369,0.05685170,2440.82052942,0.01998471,0.01998470,23736,72,0
8419.93032015,8419.92986184,30.46264735,30.47291976,0.04184430,2441.24828565,0.01998471,0.01998470,23735,72,0
8420.28423768,8420.28460442,38.41683127,38.40860470,0.03228474,2441.67474052,0.01998470,0.01998470,23734,72,0
8420.63957362,8420.63937689,46.37807187,46.38248844,0.04804511,2442.10215838,0.01998471,0.01998470,23733,72,0
8420.99454168,8420.99417924,54.34605257,54.35419506,0.03138114,2442.52836788,0.01998471,0.01998470,23732,72,0
8421.35023177,8421.34901149,62.32044189,62.34787559,0.05239330,2442.95465653,0.01998471,0.01998470,23731,72,0
8421.72051305,nan,0.00000000,70.66384851,0.07946126,2443.39696832,0.01998474,0.01998470,23730,72,1
8422.05922373,8422.05876569,78.28728224,78.29759336,0.05493645,2443.80194888,0.01998471,0.01998470,23729,72,0
8422.41403533,8422.41368764,86.27987298,86.28770537,0.04773066,2444.22476434,0.01998471,0.01998470,23728,72,0
8422.76917847,8422.76863951,94.27906665,94.29121748,0.05418308,2444.64719114,0.01998471,0.01998470,23727,72,0
8423.12402540,8423.12362128,102.28525283,102.29437092,0.04181494,2445.06850073,0.01998470,0.01998470,23726,72,0
8423.47839550,8423.47863297,110.29877863,110.29341598,0.05047058,2445.48849693,0.01998470,0.01998470,23725,72,0
8423.83434362,8423.83367458,118.31968600,118.33480685,0.05371399,2445.90961128,0.01998471,0.01998470,23724,72,0
8424.18882795,8424.18874611,126.34788755,126.34973865,0.05017870,2446.32823763,0.01998470,0.01998470,23723,72,0
8424.54380167,8424.54384757,134.38329496,134.38225595,0.04537116,2446.74667859,0.01998470,0.01998470,23722,72,0
8424.89916380,8424.89897896,142.42581806,142.43000567,0.04789796,2447.16480510,0.01998470,0.01998470,23721,72,0
8425.25416586,8425.25414029,150.47533942,150.47591925,0.03775847,2447.58172791,0.01998470,0.01998470,23720,72,0
8425.60873122,8425.60933155,158.53171656,158.51809486,0.04445515,2447.99734992,0.01998470,0.01998470,23719,72,0
8425.96458434,8425.96455276,166.59480533,166.59552231,0.04246473,2448.41367992,0.01998470,0.01998470,23718,72,0
8426.31909618,8426.31980392,174.66446242,174.64838016,0.04493425,2448.82763266,0.01998470,0.01998470,23717,72,0
8426.67521353,8426.67508502,182.74071063,182.74363307,0.04567120,2449.24264704,0.01998470,0.01998470,23716,72,0
8427.02994905,8427.03039608,190.82388335,190.81370963,0.04358949,2449.65525564,0.01998470,0.01998470,23715,72,0
8427.38572159,8427.38573709,198.91434954,198.91399648,0.04796373,2450.06828956,0.01998470,0.01998470,23714,72,0
8427.74056428,8427.74110807,207.01248010,207.00008284,0.04497964,2450.47948125,0.01998470,0.01998470,23713,72,0
8428.09622113,8428.09650901,215.11851813,215.11194920,0.04761616,2450.89086170,0.01998470,0.01998470,23712,72,0
8428.45257457,8428.45193992,223.23220667,223.24670039,0.04828056,2451.30227426,0.01998470,0.01998470,23711,72,0
8428.80760256,8428.80740080,231.35316637,231.35777752,0.04789558,2451.71136471,0.01998470,0.01998470,23710,72,0
8429.16272367,8429.16289166,239.48101586,239.47717338,0.04685700,2452.11975012,0.01998470,0.01998470,23709,72,0
8429.51875094,8429.51841251,247.61542435,247.62317056,0.04320946,2452.52834309,0.01998470,0.01998470,23708,72,0
8429.87420636,8429.87396333,255.75648337,255.76205023,0.04551895,2452.93544857,0.01998470,0.01998470,23707,72,0
8430.22896092,8430.22954414,263.90448958,263.89111998,0.04862637,2453.34093571,0.01998470,0.01998470,23706,72,0
8430.58521688,8430.58515495,272.05974252,272.06116348,0.04776912,2453.74733145,0.01998470,0.01998470,23705,72,0
8430.94074831,8430.94079575,280.22253429,280.22144493,0.04787460,2454.15210587,0.01998470,0.01998470,23704,72,0
8431.29671137,8431.29646655,288.39299330,288.39861966,0.04565479,2454.55657996,0.01998470,0.01998470,23703,72,0
8431.65227140,8431.65216735,296.57110402,296.57349732,0.04340759,2454.95980174,0.01998470,0.01998470,23702,72,0
8432.00732757,8432.00789816,304.75684597,304.74371058,0.04842323,2455.36165619,0.01998470,0.01998470,23701,72,0
8432.36321013,8432.36365898,312.95019891,312.93985722,0.05161583,2455.76364411,0.01998470,0.01998470,23700,72,0
8432.71911310,8432.71944982,321.15116485,321.14340032,0.04568372,2456.16484967,0.01998470,0.01998470,23699,72,0
8433.07577258,8433.07527067,329.35977935,329.37136320,0.04764161,2456.56609903,0.01998470,0.01998470,23698,72,0
8433.43122373,8433.43112155,337.57608093,337.57844126,0.03978769,2456.96518240,0.01998470,0.01998470,23697,72,0
8433.78709920,8433.78700245,345.80010816,345.80234499,0.04056027,2457.36393465,0.01998470,0.01998470,23696,72,0
8434.14234188,8434.14291338,354.03184987,354.01862626,0.04827759,2457.76116873,0.01998470,0.01998470,23695,72,0
8434.49948417,8434.49885434,362.27116793,362.28575305,0.05287398,2458.15970260,0.01998470,0.01998470,23694,72,0
8434.85480632,8434.85482535,370.51790366,370.51746261,0.04320088,2458.55537485,0.01998470,0.01998470,23693,72,0
8435.21064275,8435.21082639,378.77189746,378.76763794,0.04026888,2458.95077930,0.01998470,0.01998470,23692,72,0
8435.56740082,8435.56685748,387.03304454,387.04565680,0.04225671,2459.34635595,0.01998470,0.01998470,23691,72,0
8435.92304995,8435.92291862,395.30147615,395.30452708,0.04830622,2459.73985767,0.01998470,0.01998470,23690,72,0
8436.27934000,8436.27900981,403.57738712,403.58506418,0.04392472,2460.13322890,0.01998470,0.01998470,23689,72,0
8436.63473575,8436.63513106,411.86097333,411.85177428,0.04264825,2460.52478212,0.01998470,0.01998470,23688,72,0
8436.99181125,8436.99128236,420.15241059,420.16472869,0.05129853,2460.91735605,0.01998470,0.01998470,23687,72,0
8437.34774857,8437.34746374,428.45172976,428.45836958,0.04304723,2461.30784937,0.01998470,0.01998470,23686,72,0
8437.70397245,8437.70367517,436.75890021,436.76583593,0.05160307,2461.69782381,0.01998470,0.01998470,23685,72,0
8438.05989158,8438.05991669,445.07389090,445.07330469,0.04089942,2462.08662784,0.01998470,0.01998470,23684,72,0
8438.41551336,8438.41618827,453.39667271,453.38089943,0.04837298,2462.47426750,0.01998470,0.01998470,23683,72,0
8438.77182945,8438.77248994,461.72723958,461.71179040,0.04586868,2462.86181926,0.01998470,0.01998470,23682,72,0
8439.12881875,8439.12882169,470.06559999,470.06553133,0.05690998,2463.24925285,0.01998470,0.01998470,23681,72,0
8439.48508940,8439.48518352,478.41176265,478.40955725,0.04718376,2463.63505546,0.01998470,0.01998470,23680,72,0
8439.84176579,8439.84157545,486.76572982,486.77019334,0.04140327,2464.02044311,0.01998470,0.01998470,23679,72,0
8440.19883997,8440.19799747,495.12738554,495.14715854,0.05519362,2464.40539610,0.01998470,0.01998470,23678,72,0
8440.55468281,8440.55444959,503.49650976,503.50198771,0.04501491,2464.78814833,0.01998470,0.01998470,23677,72,0
8440.91110302,8440.91093181,511.87287771,511.87690219,0.04665353,2465.17063477,0.01998470,0.01998470,23676,72,0
8441.26727804,8441.26744414,520.25627609,520.25236869,0.04996360,2465.55195919,0.01998470,0.01998470,23675,72,0
8441.62389458,8441.62398658,528.64688548,528.64471953,0.04480214,2465.93286176,0.01998470,0.01998470,23674,72,0
8441.98022395,8441.98055913,537.04534921,537.03745100,0.05370192,2466.31259002,0.01998470,0.01998470,23673,72,0
8442.33701804,8442.33716180,545.45234036,545.44894954,0.04563846,2466.69197205,0.01998470,0.01998470,23672,72,0
8442.69423423,8442.69379459,553.86852565,553.87890604,0.04326150,2467.07098624,0.01998470,0.01998470,23671,72,0
8443.05060501,8443.05045751,562.29401516,562.29750138,0.04986010,2467.44829065,0.01998470,0.01998470,23670,72,0
8443.40711225,8443.40715055,570.72807810,570.72717212,0.03738944,2467.82489119,0.01998470,0.01998470,23669,72,0
8443.76392689,8443.76387373,579.16991019,579.17116863,0.05141887,2468.20092789,0.01998470,0.01998470,23668,72,0
8444.12065487,8444.12062705,587.61870758,587.61936670,0.04635024,2468.57594620,0.01998470,0.01998470,23667,72,0
8444.47776852,8444.47741050,596.07418543,596.08267341,0.05593348,2468.95042643,0.01998470,0.01998470,23666,72,0
8444.83426070,8444.83422410,604.53703062,604.53789911,0.04508735,2469.32334123,0.01998470,0.01998470,23665,72,0
8445.19112231,8445.19106785,613.00803992,613.00933338,0.05634786,2469.69576043,0.01998470,0.01998470,23664,72,0
8445.54862218,8445.54794175,621.48801257,621.50418936,0.04234478,2470.06799287,0.01998470,0.01998470,23663,72,0
8445.90498185,8445.90484580,629.97732629,629.98056398,0.04343906,2470.43820163,0.01998470,0.01998470,23662,72,0
8446.26178173,8446.26178002,638.47541736,638.47545831,0.04083985,2470.80800299,0.01998470,0.01998470,23661,72,0
8446.61883929,8446.61874439,646.98159220,646.98385431,0.04375578,2471.17717189,0.01998470,0.01998470,23660,72,0
8446.97621849,8446.97573894,655.49515410,655.50659451,0.04453245,2471.54573914,0.01998470,0.01998470,23659,72,0
8447.33332083,8447.33276365,664.01578442,664.02908711,0.05718124,2471.91307094,0.01998470,0.01998470,23658,72,0
8447.69019501,8447.68981855,672.54413037,672.55312630,0.04434253,2472.27924460,0.01998470,0.01998470,23657,72,0
8448.04754187,8448.04690362,681.08099377,681.09626000,0.05105779,2472.64500974,0.01998470,0.01998470,23656,72,0
8448.40400665,8448.40401887,689.62718063,689.62688818,0.04077453,2473.00901227,0.01998470,0.01998470,23655,72,0
8448.76181030,8448.76116431,698.18312976,698.19861334,0.05194045,2473.37353349,0.01998470,0.01998470,23654,72,0
8449.11807860,8449.11833994,706.74825121,706.74198139,0.04173928,2473.73561731,0.01998470,0.01998470,23653,72,0
8449.47600381,8449.47554576,715.32177418,715.33277281,0.04637890,2474.09847155,0.01998470,0.01998470,23652,72,0
8449.83262768,8449.83278178,723.90292361,723.89922072,0.04172580,2474.45906021,0.01998470,0.01998470,23651,72,0
8450.19011152,8450.19004800,732.49124543,732.49277293,0.04429452,2474.81954855,0.01998470,0.01998470,23650,72,0
8450.54744239,8450.54734443,741.08722793,741.08958570,0.05287525,2475.17893001,0.01998470,0.01998470,23649,72,0
8450.90493134,8450.90467107,749.69153273,749.69780282,0.04486070,2475.53754211,0.01998470,0.01998470,23648,72,0
8451.26258183,8451.26202792,758.30482520,758.31818270,0.04774548,2475.89541157,0.01998470,0.01998470,23647,72,0
8451.61942332,8451.61941499,766.92755297,766.92775418,0.03861889,2476.25158470,0.01998470,0.01998470,23646,72,0
8451.97701696,8451.97683228,775.55952340,775.56398576,0.04531113,2476.60760834,0.01998470,0.01998470,23645,72,0
8452.33466575,8452.33427979,784.20042674,784.20976120,0.04798416,2476.96276926,0.01998470,0.01998470,23644,72,0
8452.69162187,8452.69175753,792.84995153,792.84666753,0.04386746,2477.31631116,0.01998470,0.01998470,23643,72,0
8453.04921671,8453.04926551,801.50789679,801.50671461,0.04633286,2477.66954146,0.01998470,0.01998470,23642,72,0
8453.40680189,8453.40680372,810.17437143,810.17432700,0.05000029,2478.02181839,0.01998470,0.01998470,23641,72,0
8453.76513298,8453.76437217,818.84953838,818.86800536,0.04112437,2478.37388677,0.01998470,0.01998470,23640,72,0
8454.12165016,8454.12197086,827.53356138,827.52576965,0.04495851,2478.72323897,0.01998470,0.01998470,23639,72,0
8454.48006061,8454.47959981,836.22655758,836.23776378,0.04622756,2479.07350864,0.01998470,0.01998470,23638,72,0
8454.83750044,8454.83725900,844.92852461,844.93440159,0.05497168,2479.42188978,0.01998470,0.01998470,23637,72,0
8455.19459979,8455.19494845,853.63944142,853.63094640,0.04346611,2479.76899743,0.01998470,0.01998470,23636,72,0
8455.55278378,8455.55266816,862.35928738,862.36210717,0.04605559,2480.11620961,0.01998470,0.01998470,23635,72,0
8455.91068771,8455.91041813,871.08815637,871.09473719,0.04818277,2480.46220049,0.01998470,0.01998470,23634,72,0
8456.26839972,8456.26819837,879.82639572,879.83131595,0.04294790,2480.80706733,0.01998470,0.01998470,23633,72,0
8456.62548264,8456.62600888,888.57438858,888.56151589,0.04426154,2481.15040324,0.01998470,0.01998470,23632,72,0
8456.98420268,8456.98384967,897.33251664,897.34116132,0.04595958,2481.49439438,0.01998470,0.01998470,23631,72,0
8457.34207813,8457.34172073,906.10077569,906.10953679,0.04938762,2481.83665371,0.01998470,0.01998470,23630,72,0
8457.70005566,8457.69962208,914.87844382,914.88908254,0.05137106,2482.17805739,0.01998470,0.01998470,23629,72,0
8458.05727872,8458.05755371,923.66471702,923.65796395,0.04575685,2482.51775647,0.01998470,0.01998470,23628,72,0
8458.41547945,8458.41551563,932.45879796,932.45790872,0.04320153,2482.85736316,0.01998470,0.01998470,23627,72,0
8458.77355583,8458.77350785,941.26051883,941.26169903,0.04871467,2483.19581958,0.01998470,0.01998470,23626,72,0
8459.13107406,8459.13153036,950.07065738,950.05942363,0.05057190,2483.53274542,0.01998470,0.01998470,23625,72,0
8459.48954767,8459.48958318,958.89007339,958.88919829,0.05551953,2483.86959484,0.01998470,0.01998470,23624,72,0
8459.84781620,8459.84766630,967.71960974,967.72330813,0.04150857,2484.20530271,0.01998470,0.01998470,23623,72,0
8460.20528120,8460.20577973,976.55943491,976.54712273,0.04147398,2484.53931458,0.01998470,0.01998470,23622,72,0
8460.56388322,8460.56392347,985.40893009,985.40793502,0.04117484,2484.87341495,0.01998470,0.01998470,23621,72,0
8460.92290790,8460.92209753,994.26742840,994.28747957,0.04501619,2485.20690293,0.01998470,0.01998470,23620,72,0
8461.28044660,8461.28030191,1003.13429259,1003.13787569,0.05000834,2485.53798280,0.01998470,0.01998470,23619,72,0
8461.63879665,8461.63853662,1012.00949075,1012.01593573,0.04822352,2485.86878036,0.01998470,0.01998470,23618,72,0
8461.99686780,8461.99680165,1020.89351915,1020.89516018,0.04312982,2486.19830204,0.01998470,0.01998470,23617,72,0
8462.35418539,8462.35509702,1029.78689465,1029.76425536,0.04870229,2486.52613091,0.01998470,0.01998470,23616,72,0
8462.71303307,8462.71342272,1038.69009411,1038.68040748,0.04901583,2486.85437272,0.01998470,0.01998470,23615,72,0
8463.07173239,8463.07177877,1047.60312148,1047.60196726,0.04317491,2487.18148266,0.01998470,0.01998470,23614,72,0
8463.43000865,8463.43016516,1056.52568598,1056.52178762,0.04521922,2487.50719808,0.01998470,0.01998470,23613,72,0
8463.78837939,8463.78858189,1065.45749052,1065.45244184,0.04291778,2487.83197626,0.01998470,0.01998470,23612,72,0
8464.14676617,8464.14702898,1074.39827687,1074.39171853,0.04823335,2488.15573263,0.01998470,0.01998470,23611,72,0
8464.50581264,8464.50550642,1083.34806306,1083.35571176,0.04460634,2488.47904278,0.01998470,0.01998470,23610,72,0
8464.86358093,8464.86401423,1092.30698327,1092.29615033,0.04200123,2488.80016564,0.01998470,0.01998470,23609,72,0
8465.22274795,8465.22255239,1101.27517288,1101.28006667,0.04462978,2489.12150460,0.01998470,0.01998470,23608,72,0
8465.58155448,8465.58112093,1110.25282826,1110.26368875,0.04552284,2489.44148448,0.01998470,0.01998470,23607,72,0
8465.93977439,8465.93971983,1119.24039911,1119.24176733,0.04859966,2489.75991984,0.01998470,0.01998470,23606,72,0
8466.29820564,8466.29834911,1128.23840411,1128.23480252,0.04575575,2490.07753584,0.01998470,0.01998470,23605,72,0
8466.65744199,8466.65700877,1137.24736435,1137.25825249,0.04385415,2490.39486840,0.01998470,0.01998470,23604,72,0
8467.01555622,8467.01569881,1146.26745891,1146.26387127,0.04477169,2490.71021817,0.01998470,0.01998470,23603,72,0
8467.37377342,8467.37441924,1155.29800329,1155.28173696,0.05826704,2491.02463986,0.01998470,0.01998470,23602,72,0
8467.73260684,8467.73317005,1164.33817538,1164.32397644,0.04888975,2491.33854819,0.01998470,0.01998470,23601,72,0
8468.09285252,8468.09195127,1173.38715997,1173.40990055,0.04526141,2491.65259831,0.01998470,0.01998470,23600,72,0
8468.45079150,8468.45076288,1182.44479524,1182.44551818,0.04214431,2491.96354317,0.01998470,0.01998470,23599,72,0
8468.80923712,8468.80960489,1191.51189489,1191.50259756,0.04346467,2492.27385926,0.01998470,0.01998470,23598,72,0
8469.16789266,8469.16847731,1200.58935693,1200.57456045,0.04218351,2492.58331313,0.01998469,0.01998470,23597,72,0
8469.52709406,8469.52738014,1209.67804232,1209.67079356,0.04207757,2492.89221627,0.01998470,0.01998470,23596,72,0
8469.88615753,8469.88631338,1218.77805096,1218.77409767,0.05437939,2493.19997764,0.01998470,0.01998470,23595,72,0
8470.24455975,8470.24527704,1227.88882230,1227.87060750,0.05300686,2493.50612860,0.01998469,0.01998470,23594,72,0
8470.60434718,8470.60427112,1237.00977036,1237.01170394,0.04646694,2493.81238998,0.01998470,0.01998470,23593,72,0
8470.96407891,8470.96329562,1246.14037885,1246.16030885,0.04679676,2494.11750779,0.01998470,0.01998470,23592,72,0
8471.32240697,8471.32235056,1255.28070933,1255.28214617,0.04310827,2494.42034346,0.01998470,0.01998470,23591,72,0
8471.68189103,8471.68143592,1264.43109976,1264.44270304,0.04425721,2494.72306853,0.01998470,0.01998470,23590,72,0
8472.04034990,8472.04055173,1273.59189195,1273.58674060,0.04216836,2495.02385264,0.01998470,0.01998470,23589,72,0
8472.39957631,8472.39969797,1282.76335084,1282.76024214,0.05169059,2495.32420555,0.01998470,0.01998470,23588,72,0
8472.75876298,8472.75887466,1291.94544312,1291.94258638,0.04955762,2495.62344348,0.01998470,0.01998470,23587,72,0
8473.11819261,8473.11808180,1301.13806411,1301.14090137,0.04594864,2495.92179320,0.01998470,0.01998470,23586,72,0
8473.47734452,8473.47731939,1310.34110827,1310.34175242,0.04076364,2496.21881484,0.01998470,0.01998470,23585,72,0
8473.83630521,8473.83658744,1319.55445824,1319.54721694,0.04041935,2496.51457400,0.01998470,0.01998470,23584,72,0
8474.19562393,8474.19588595,1328.77797560,1328.77124607,0.05030414,2496.80951371,0.01998470,0.01998470,23583,72,0
8474.55486663,8474.55521492,1338.01151876,1338.00256458,0.04772684,2497.10326764,0.01998470,0.01998470,23582,72,0
8474.91493414,8474.91457436,1347.25496279,1347.26422172,0.04488326,2497.39656074,0.01998470,0.01998470,23581,72,0
8475.27334607,8475.27396427,1356.50851680,1356.49259113,0.04044290,2497.68737894,0.01998469,0.01998470,23580,72,0
8475.63319571,8475.63338465,1365.77269108,1365.76781829,0.05046022,2497.97824491,0.01998470,0.01998470,23579,72,0
8475.99268541,8475.99283552,1375.04800996,1375.04413429,0.04740674,2498.26771244,0.01998470,0.01998470,23578,72,0
8476.35202853,8476.35231687,1384.33491058,1384.32745716,0.03870382,2498.55596445,0.01998469,0.01998470,23577,72,0
8476.71119251,8476.71182871,1393.63322050,1393.61675704,0.04851047,2498.84296611,0.01998469,0.01998470,23576,72,0
8477.07112347,8477.07137103,1402.94251284,1402.93609940,0.05294010,2499.12945271,0.01998470,0.01998470,23575,72,0
8477.43119689,8477.43094386,1412.26235705,1412.26891897,0.04246315,2499.41490505,0.01998470,0.01998470,23574,72,0
8477.79061230,8477.79054718,1421.59243719,1421.59412773,0.05109778,2499.69867690,0.01998470,0.01998470,23573,72,0
8478.15032088,8478.15018100,1430.93275480,1430.93638945,0.05057197,2499.98151673,0.01998470,0.01998470,23572,72,0
8478.50945507,8478.50984533,1440.28336519,1440.27321383,0.04378704,2500.26274106,0.01998469,0.01998470,23571,72,0
8478.86920532,8478.86954017,1449.64433611,1449.63561698,0.05065221,2500.54327953,0.01998469,0.01998470,23570,72,0
8479.22917023,8479.22926553,1459.01609352,1459.01360944,0.05154287,2500.82282333,0.01998469,0.01998470,23569,72,0
8479.58947314,8479.58902140,1468.39947571,1468.41126527,0.04221545,2501.10148577,0.01998470,0.01998470,23568,72,0
8479.94876896,8479.94880780,1477.79534929,1477.79433440,0.04956004,2501.37825019,0.01998469,0.01998470,23567,72,0
8480.30868951,8480.30862472,1487.20440903,1487.20610437,0.03831420,2501.65439023,0.01998469,0.01998470,23566,72,0
8480.66874007,8480.66847218,1496.62596203,1496.63297994,0.04903280,2501.92949683,0.01998470,0.01998470,23565,72,0
8481.02823078,8481.02835016,1506.05865438,1506.05552375,0.04949671,2502.20300035,0.01998469,0.01998470,23564,72,0
8481.38859791,8481.38825869,1515.50111961,1515.51002305,0.04674927,2502.47594768,0.01998470,0.01998470,23563,72,0
8481.74851625,8481.74819775,1524.95260946,1524.96097651,0.04964872,2502.74730736,0.01998470,0.01998470,23562,72,0
8482.10865721,8482.10816737,1534.41407182,1534.42695362,0.04218711,2503.01760994,0.01998470,0.01998470,23561,72,0
8482.46863152,8482.46816753,1543.88674666,1543.89896303,0.04510206,2503.28659383,0.01998470,0.01998470,23560,72,0
8482.82825169,8482.82819824,1553.37184334,1553.37325230,0.05100357,2503.55415061,0.01998469,0.01998469,23559,72,0
8483.18795415,8483.18825951,1562.86965959,1562.86159971,0.05017221,2503.82060915,0.01998469,0.01998469,23558,72,0
8483.54865912,8483.54835135,1572.37956812,1572.38770104,0.04476733,2504.08662271,0.01998470,0.01998469,23557,72,0
8483.90851306,8483.90847375,1581.90089619,1581.90193628,0.04858100,2504.35079965,0.01998469,0.01998469,23556,72,0
8484.26903609,8484.26862671,1591.43309845,1591.44393927,0.05037605,2504.61423677,0.01998470,0.01998469,23555,72,0
8484.62860669,8484.62881025,1600.97638983,1600.97099325,0.04810424,2504.87575179,0.01998469,0.01998469,23554,72,0
8484.98895862,8484.98902437,1610.53126059,1610.52951541,0.04832275,2505.13661503,0.01998469,0.01998469,23553,72,0
8485.34902360,8485.34926907,1620.09820215,1620.09167929,0.04613182,2505.39605879,0.01998469,0.01998469,23552,72,0
8485.70935832,8485.70954435,1629.67744708,1629.67249793,0.04783138,2505.65448518,0.01998469,0.01998469,23551,72,0
8486.07000031,8486.06985022,1639.26875457,1639.27275236,0.04289398,2505.91190627,0.01998469,0.01998469,23550,72,0
8486.42953517,8486.43018668,1648.87183191,1648.85445924,0.04622704,2506.16730344,0.01998469,0.01998469,23549,72,0
8486.79052254,8486.79055374,1658.48642355,1658.48559053,0.04959957,2506.42248116,0.01998469,0.01998469,23548,72,0
8487.15125125,8487.15095140,1668.11269485,1668.12070844,0.05079281,2506.67622282,0.01998469,0.01998469,23547,72,0
8487.51086161,8487.51137967,1677.75106954,1677.73720757,0.04813803,2506.92793669,0.01998469,0.01998469,23546,72,0
8487.87223028,8487.87183854,1687.40197783,1687.41247282,0.05126005,2507.17963878,0.01998469,0.01998469,23545,72,0
8488.23251278,8488.23232802,1697.06564962,1697.07060542,0.04325865,2507.42934464,0.01998469,0.01998469,23544,72,0
8488.59224630,8488.59284812,1706.74174217,1706.72558028,0.04991239,2507.67742052,0.01998469,0.01998469,23543,72,0
8488.95352013,8488.95339884,1716.42980949,1716.43307044,0.05138094,2507.92528508,0.01998469,0.01998469,23542,72,0
8489.31399646,8489.31398018,1726.12942875,1726.12986702,0.04239334,2508.17131435,0.01998469,0.01998469,23541,72,0
8489.67452454,8489.67459215,1735.84063714,1735.83881552,0.04976701,2508.41608768,0.01998469,0.01998469,23540,72,0
8490.03504417,8490.03523475,1745.56386588,1745.55872478,0.04836612,2508.65956951,0.01998469,0.01998469,23539,72,0
8490.39656043,8490.39590799,1755.29956188,1755.31718409,0.05210117,2508.90243900,0.01998470,0.01998469,23538,72,0
8490.75733591,8490.75661186,1765.04807428,1765.06765467,0.04403778,2509.14353052,0.01998470,0.01998469,23537,72,0
8491.11707432,8491.11734638,1774.80937725,1774.80201080,0.04539340,2509.38264907,0.01998469,0.01998469,23536,72,0
8491.47742939,8491.47811155,1784.58335659,1784.56486416,0.04729744,2509.62088754,0.01998469,0.01998469,23535,72,0
8491.83953437,8491.83890736,1794.36989762,1794.38691531,0.05091429,2509.85897379,0.01998470,0.01998469,23534,72,0
8492.19950385,8492.19973383,1804.16889547,1804.16264620,0.04597697,2510.09434699,0.01998469,0.01998469,23533,72,0
8492.56050519,8492.56059097,1813.98025521,1813.97792164,0.04722881,2510.32907621,0.01998469,0.01998469,23532,72,0
8492.92097164,8492.92147876,1823.80388154,1823.79006940,0.04408053,2510.56213210,0.01998469,0.01998469,23531,72,0
8493.28258121,8493.28239722,1833.63973980,1833.64475687,0.04931263,2510.79458975,0.01998469,0.01998469,23530,72,0
8493.64316211,8493.64334635,1843.48804686,1843.48301692,0.04570437,2511.02505182,0.01998469,0.01998469,23529,72,0
8494.00462704,8494.00432615,1853.34908580,1853.35731043,0.04944761,2511.25474245,0.01998469,0.01998469,23528,72,0
8494.36547965,8494.36533664,1863.22314226,1863.22705635,0.03946175,2511.48270994,0.01998469,0.01998469,23527,72,0
8494.72579312,8494.72637780,1873.11051407,1873.09449189,0.04870893,2511.70900767,0.01998469,0.01998469,23526,72,0
8495.08715985,8495.08744965,1883.01151131,1883.00355938,0.04791234,2511.93463376,0.01998469,0.01998469,23525,72,0
8495.44917056,8495.44855219,1892.92644689,1892.94343710,0.04240487,2512.15932394,0.01998469,0.01998469,23524,72,0
8495.81051737,8495.80968543,1902.85543025,1902.87831857,0.04521026,2512.38226244,0.01998470,0.01998469,23523,72,0
8496.17061008,8496.17084936,1912.79780502,1912.79121390,0.04644475,2512.60307469,0.01998469,0.01998469,23522,72,0
8496.53212372,8496.53204400,1922.75273104,1922.75492953,0.04753012,2512.82337533,0.01998469,0.01998469,23521,72,0
8496.89345123,8496.89326934,1932.71942051,1932.72444187,0.04351793,2513.04215487,0.01998469,0.01998469,23520,72,0
8497.25432975,8497.25452539,1942.69810474,1942.69269757,0.04686864,2513.25925738,0.01998469,0.01998469,23519,72,0
8497.61592427,8497.61581215,1952.68988556,1952.69298842,0.04598288,2513.47540029,0.01998469,0.01998469,23518,72,0
8497.97722440,8497.97712963,1962.69590037,1962.69852669,0.04545007,2513.68999534,0.01998469,0.01998469,23517,72,0
8498.33908277,8498.33847784,1972.71677802,1972.73356528,0.04697432,2513.90355402,0.01998469,0.01998469,23516,72,0
8498.70041992,8498.69985677,1982.75169820,1982.76734578,0.04684678,2514.11541468,0.01998469,0.01998469,23515,72,0
8499.06170719,8499.06126642,1992.79958037,1992.81184154,0.04600103,2514.32582776,0.01998469,0.01998469,23514,72,0
8499.42268899,8499.42270681,2002.85942763,2002.85893133,0.04278832,2514.53461978,0.01998469,0.01998469,23513,72,0
8499.78411897,8499.78417794,2012.93122105,2012.92957689,0.04837283,2514.74221978,0.01998469,0.01998469,23512,72,0
8500.14582667,8500.14567981,2023.01553811,2023.01963740,0.04625420,2514.94853160,0.01998469,0.01998469,23511,72,0
8500.50742070,8500.50721243,2033.11296942,2033.11879004,0.04771059,2515.15333699,0.01998469,0.01998469,23510,72,0
8500.86881543,8500.86877579,2043.22413052,2043.22523989,0.05216641,2515.35659537,0.01998469,0.01998469,23509,72,0
8501.23032642,8501.23036990,2053.34967818,2053.34845957,0.05135313,2515.55849117,0.01998469,0.01998469,23508,72,0
8501.59206759,8501.59199478,2063.49027828,2063.49232151,0.04740743,2515.75909214,0.01998469,0.01998469,23507,72,0
8501.95401137,8501.95365041,2073.64646737,2073.65661126,0.04683285,2515.95838361,0.01998469,0.01998469,23506,72,0
8502.31526368,8502.31533681,2083.81801431,2083.81595635,0.04667675,2516.15586415,0.01998469,0.01998469,23505,72,0
8502.67703028,8502.67705398,2094.00441140,2094.00374360,0.05273029,2516.35217673,0.01998469,0.01998469,23504,72,0
8503.03871014,8503.03880191,2104.20515575,2104.20256608,0.05380222,2516.54697586,0.01998469,0.01998469,23503,72,0
8503.40073559,8503.40058063,2114.41995767,2114.42433581,0.04733315,2516.74048036,0.01998469,0.01998469,23502,72,0
8503.76220478,8503.76239013,2124.64874248,2124.64349924,0.04666545,2516.93220126,0.01998469,0.01998469,23501,72,0
8504.12474206,8504.12423041,2134.89144443,2134.90593702,0.04565092,2517.12298887,0.01998469,0.01998469,23500,72,0
8504.48638836,8504.48610147,2145.14813713,2145.15627369,0.05154092,2517.31180570,0.01998469,0.01998469,23499,72,0
8504.84806402,8504.84800334,2155.41927064,2155.42099406,0.05057379,2517.49913894,0.01998469,0.01998469,23498,72,0
8505.21036366,8505.20993599,2165.70536117,2165.71752413,0.04574638,2517.68529473,0.01998469,0.01998469,23497,72,0
8505.57126036,8505.57189945,2176.00686370,2175.98866243,0.04594768,2517.86923716,0.01998469,0.01998469,23496,72,0
8505.93413690,8505.93389371,2186.32372963,2186.33066542,0.05361375,2518.05267830,0.01998469,0.01998469,23495,72,0
8506.29559399,8506.29591878,2196.65567300,2196.64639760,0.04643418,2518.23388367,0.01998469,0.01998469,23494,72,0
8506.65798615,8506.65797466,2207.00240325,2207.00273186,0.04102844,2518.41402414,0.01998469,0.01998469,23493,72,0
8507.02044315,8507.02006135,2217.36360583,2217.37453803,0.04934306,2518.59264806,0.01998469,0.01998469,23492,72,0
8507.38208859,8507.38217887,2227.73893921,2227.73635085,0.04342104,2518.76931533,0.01998469,0.01998469,23491,72,0
8507.74448776,8507.74432721,2238.12805795,2238.13266653,0.05205701,2518.94477815,0.01998469,0.01998469,23490,72,0
8508.10642268,8508.10650638,2248.53088610,2248.52848067,0.04491663,2519.11843683,0.01998469,0.01998469,23489,72,0
8508.46885413,8508.46871638,2258.94808054,2258.95204503,0.05299701,2519.29075613,0.01998469,0.01998469,23488,72,0
8508.83121155,8508.83095721,2269.38042588,2269.38775590,0.04768104,2519.46146759,0.01998469,0.01998469,23487,72,0
8509.19365377,8509.19322888,2279.82862395,2279.84088691,0.04687791,2519.63064967,0.01998469,0.01998469,23486,72,0
8509.55551398,8509.55553140,2290.29278512,2290.29228148,0.05149692,2519.79798811,0.01998469,0.01998469,23485,72,0
8509.91842389,8509.91786477,2300.77277601,2300.78895945,0.04257235,2519.96422425,0.01998469,0.01998469,23484,72,0
8510.28023188,8510.28022898,2311.26845297,2311.26853708,0.05320404,2520.12836261,0.01998469,0.01998469,23483,72,0
8510.64254324,8510.64262405,2321.77951627,2321.77717075,0.04395212,2520.29112285,0.01998469,0.01998469,23482,72,0
8511.00552194,8511.00504998,2332.30552623,2332.31924251,0.04975604,2520.45255631,0.01998469,0.01998469,23481,72,0
8511.36708947,8511.36750677,2342.84603999,2342.83389677,0.04311071,2520.61172937,0.01998469,0.01998469,23480,72,0
8511.73005817,8511.72999443,2353.40114307,2353.40300028,0.04815248,2520.76987406,0.01998469,0.01998469,23479,72,0
8512.09269354,8512.09251297,2363.97188592,2363.97715519,0.05300822,2520.92623543,0.01998469,0.01998469,23478,72,0
8512.45540021,8512.45506237,2374.55942988,2374.56930366,0.04642187,2521.08099860,0.01998469,0.01998469,23477,72,0
8512.81844024,8512.81764266,2385.16458184,2385.18792868,0.04777567,2521.23427560,0.01998469,0.01998469,23476,72,0
8513.17923988,8513.18025382,2395.78678613,2395.75706216,0.04477702,2521.38497574,0.01998469,0.01998469,23475,72,0
8513.54337144,8513.54289588,2406.42516046,2406.43912088,0.04901881,2521.53539785,0.01998469,0.01998469,23474,72,0
8513.90559585,8513.90556882,2417.07890962,2417.07970405,0.04790395,2521.68334856,0.01998469,0.01998469,23473,72,0
8514.26847598,8514.26827266,2427.74797632,2427.75396115,0.05329766,2521.82987465,0.01998469,0.01998469,23472,72,0
8514.63107060,8514.63100740,2438.43265359,2438.43451631,0.04468474,2521.97458949,0.01998469,0.01998469,23471,72,0
8514.99358925,8514.99377304,2449.13325554,2449.12783008,0.05058529,2522.11757533,0.01998469,0.01998469,23470,72,0
8515.35661527,8515.35656959,2459.85038937,2459.85173966,0.05131215,2522.25905890,0.01998469,0.01998469,23469,72,0
8515.72008387,8515.71939705,2470.58491656,2470.60525284,0.04557375,2522.39901076,0.01998469,0.01998469,23468,72,0
8516.08204498,8516.08225542,2481.33769714,2481.33145593,0.04766657,2522.53668938,0.01998469,0.01998469,23467,72,0
8516.44516534,8516.44514471,2492.10869386,2492.10930658,0.05146931,2522.67310149,0.01998469,0.01998469,23466,72,0
8516.80829856,8516.80806493,2502.89653417,2502.90348384,0.04754744,2522.80778151,0.01998469,0.01998469,23465,72,0
8517.17107703,8517.17101607,2513.69972734,2513.70154289,0.05609906,2522.94056849,0.01998469,0.01998469,23464,72,0
8517.53427635,8517.53399814,2524.51746794,2524.52576489,0.04467566,2523.07172808,0.01998469,0.01998469,23463,72,0
8517.89710289,8517.89701114,2535.35068667,2535.35342650,0.04798037,2523.20097668,0.01998469,0.01998469,23462,72,0
8518.26058873,8518.26005508,2546.20059014,2546.21655096,0.04874350,2523.32868577,0.01998469,0.01998469,23461,72,0
8518.62323082,8518.62312997,2557.06813434,2557.07115544,0.04798317,2523.45433070,0.01998469,0.01998469,23460,72,0
8518.98664662,8518.98623580,2567.95318893,2567.96551350,0.04950378,2523.57846151,0.01998469,0.01998469,23459,72,0
8519.34983008,8519.34937258,2578.85533582,2578.86908085,0.05049812,2523.70071657,0.01998469,0.01998469,23458,72,0
8519.71250097,8519.71254032,2589.77422522,2589.77304135,0.05414115,2523.82099414,0.01998469,0.01998469,23457,72,0
8520.07638923,8520.07573901,2600.70999776,2600.72959017,0.05207939,2523.93985522,0.01998469,0.01998469,23456,72,0
8520.43888007,8520.43896866,2611.66300149,2611.66032796,0.05212484,2524.05644170,0.01998469,0.01998469,23455,72,0
8520.80287253,8520.80222929,2622.63359053,2622.65303173,0.05408017,2524.17167958,0.01998469,0.01998469,23454,72,0
8521.16544588,8521.16552088,2633.62214671,2633.61987646,0.05515307,2524.28463798,0.01998469,0.01998469,23453,72,0
8521.52893910,8521.52884344,2644.62907054,2644.63197092,0.03933533,2524.39604368,0.01998469,0.01998469,23452,72,0
8521.89234248,8521.89219698,2655.65474541,2655.65916407,0.04973348,2524.50557473,0.01998469,0.01998469,23451,72,0
8522.25616474,8522.25558151,2666.69917554,2666.71691600,0.05468628,2524.61337175,0.01998469,0.01998469,23450,72,0
8522.61939620,8522.61899702,2677.76203149,2677.77419274,0.05305596,2524.71912358,0.01998469,0.01998469,23449,72,0
8522.98257797,8522.98244352,2688.84298038,2688.84708282,0.05125230,2524.82297954,0.01998469,0.01998469,23448,72,0
8523.34637351,8523.34592101,2699.94202950,2699.95585760,0.05129674,2524.92511515,0.01998469,0.01998469,23447,72,0
8523.70937954,8523.70942950,2711.05958783,2711.05805842,0.05010955,2525.02513155,0.01998469,0.01998469,23446,72,0
8524.07337342,8524.07296900,2722.19608293,2722.20848190,0.04861858,2525.12351042,0.01998469,0.01998469,23445,72,0
8524.43674317,8524.43653950,2733.35150009,2733.35775438,0.04864927,2525.21980266,0.01998469,0.01998469,23444,72,0
8524.80033420,8524.80014100,2744.52515064,2744.53109203,0.05214389,2525.31421927,0.01998469,0.01998469,23443,72,0
8525.16378613,8525.16377353,2755.71628858,2755.71667690,0.05557772,2525.40664986,0.01998469,0.01998469,23442,72,0
8525.52724489,8525.52743706,2766.92475071,2766.91882337,0.04772601,2525.49712161,0.01998469,0.01998469,23441,72,0
8525.89164599,8525.89113163,2778.15148071,2778.16737120,0.04630633,2525.58585744,0.01998469,0.01998469,23440,72,0
8526.25471183,8526.25485721,2789.39755200,2789.39305309,0.04766926,2525.67230390,0.01998469,0.01998469,23439,72,0
8526.61894888,8526.61861383,2800.66366958,2800.67405546,0.05262181,2525.75705352,0.01998469,0.01998469,23438,72,0
8526.98298107,8526.98240148,2811.94969255,2811.96768874,0.04892601,2525.83976598,0.01998469,0.01998469,23437,72,0
8527.34670980,8527.34622016,2823.25536206,2823.27058994,0.04927284,2525.92041002,0.01998469,0.01998469,23436,72,0
8527.71052478,8527.71006989,2834.58047277,2834.59464301,0.05260258,2525.99906139,0.01998469,0.01998469,23435,72,0
8528.07368260,8528.07395066,2845.92496302,2845.91659897,0.05292114,2526.07555275,0.01998469,0.01998469,23434,72,0
8528.43738591,8528.43786249,2857.28879354,2857.27389950,0.04776113,2526.15012717,0.01998469,0.01998469,23433,72,0
8528.80142355,8528.80180536,2868.67185409,2868.65990250,0.04955908,2526.22272233,0.01998469,0.01998469,23432,72,0
8529.16598368,8529.16577930,2880.07383212,2880.08023965,0.04595442,2526.29335564,0.01998469,0.01998469,23431,72,0
8529.52916381,8529.52978429,2891.49437628,2891.47489415,0.04753194,2526.36165297,0.01998469,0.01998469,23430,72,0
8529.89369266,8529.89382035,2902.93344732,2902.92943175,0.05185365,2526.42811689,0.01998469,0.01998469,23429,72,0
8530.25691344,8530.25788748,2914.39195637,2914.36127414,0.04436137,2526.49225710,0.01998469,0.01998469,23428,72,0
8530.62205953,8530.62198568,2925.87100186,2925.87333205,0.05185787,2526.55463393,0.01998469,0.01998469,23427,72,0
8530.98528582,8530.98611496,2937.37128077,2937.34507128,0.04363912,2526.61458227,0.01998469,0.01998469,23426,72,0
8531.34966261,8531.35027532,2948.89224630,2948.87284575,0.05167361,2526.67260059,0.01998469,0.01998469,23425,72,0
8531.71406872,8531.71446677,2960.43310994,2960.42048606,0.04520649,2526.72848435,0.01998469,0.01998469,23424,72,0
8532.07831685,8532.07868930,2971.99347124,2971.98163992,0.04948713,2526.78219260,0.01998469,0.01998469,23423,72,0
8532.44259216,8532.44294293,2983.57408114,2983.56291940,0.05441976,2526.83374574,0.01998469,0.01998469,23422,72,0
8532.80702559,8532.80722766,2995.17590726,2995.16946605,0.04389641,2526.88315287,0.01998469,0.01998469,23421,72,0
8533.17138839,8533.17154348,3006.79961133,3006.79465852,0.05166374,2526.93037243,0.01998469,0.01998469,23420,72,0
8533.53606890,8533.53589042,3018.44501553,3018.45072521,0.04694185,2526.97543904,0.01998469,0.01998469,23419,72,0
8533.90273202,8533.90026846,0.00000000,3030.19681557,0.04861521,2527.01854526,0.01998469,0.01998469,23418,72,1
8534.26487237,8534.26467761,3041.79987129,3041.80612361,0.04845109,2527.05887192,0.01998469,0.01998469,23417,72,0
8534.62904225,8534.62911788,3053.50966962,3053.50723717,0.04325383,2527.09722572,0.01998469,0.01998469,23416,72,0
8534.99363020,8534.99358927,3065.24171468,3065.24303321,0.04965806,2527.13338158,0.01998469,0.01998469,23415,72,0
8535.35808642,8535.35809179,3076.99594554,3076.99577219,0.04911505,2527.16726898,0.01998469,0.01998469,23414,72,0
8535.72288728,8535.72262544,3088.77113461,3088.77959955,0.04584570,2527.19891385,0.01998469,0.01998469,23413,72,0
8536.08741166,8536.08719022,3100.56592050,3100.57309024,0.05009674,2527.22824591,0.01998469,0.01998469,23412,72,0
8536.45158909,8536.45178613,3112.38013753,3112.37374724,0.04462100,2527.25525333,0.01998469,0.01998469,23411,72,0
8536.81628132,8536.81641319,3124.21557787,3124.21129379,0.05135363,2527.27999035,0.01998469,0.01998469,23410,72,0
8537.18045844,8537.18107139,3136.07419722,3136.05424470,0.04529257,2527.30237790,0.01998469,0.01998469,23409,72,0
8537.54572139,8537.54576074,3147.95669694,3147.95541366,0.04610355,2527.32249609,0.01998469,0.01998469,23408,72,0
8537.91044277,8537.91048125,3159.86216749,3159.86091051,0.05040321,2527.34023438,0.01998469,0.01998469,23407,72,0
8538.27549041,8538.27523291,3171.78962690,3171.79805460,0.04654574,2527.35562195,0.01998469,0.01998469,23406,72,0
8538.63998649,8538.64001573,3183.73897905,3183.73802050,0.04893356,2527.36861056,0.01998469,0.01998469,23405,72,0
8539.00593466,8539.00482972,3195.71098548,3195.74727976,0.04771096,2527.37925000,0.01998469,0.01998469,23404,72,0
8539.36994061,8539.36967487,3207.70638743,3207.71513251,0.04710795,2527.38743305,0.01998469,0.01998469,23403,72,0
8539.73507815,8539.73455120,3219.72512574,3219.74249870,0.04947679,2527.39322248,0.01998469,0.01998469,23402,72,0
8540.09969358,8540.09945871,3231.76658019,3231.77433733,0.04678713,2527.39657161,0.01998469,0.01998469,23401,72,0
8540.46529652,8540.46439740,3243.83023175,3243.85998002,0.04797324,2527.39747565,0.01998469,0.01998469,23400,72,0
8540.82886615,8540.82936727,3255.91650190,3255.89989184,0.04797151,2527.39592394,0.01998469,0.01998469,23399,72,0
8541.19391325,8541.19436833,3268.02626665,3268.01115407,0.04997694,2527.39189278,0.01998469,0.01998469,23398,72,0
8541.55980235,8541.55940059,3280.16027177,3280.17363972,0.04149556,2527.38535050,0.01998469,0.01998469,23397,72,0
8541.92460991,8541.92446404,3292.31857406,3292.32343689,0.04543703,2527.37631882,0.01998469,0.01998469,23396,72,0
8542.29002934,8542.28955869,3304.50101817,3304.51673750,0.04494007,2527.36474565,0.01998469,0.01998469,23395,72,0
8542.65470837,8542.65468455,3316.70746167,3316.70825868,0.05021551,2527.35066026,0.01998469,0.01998469,23394,72,0
8543.02025521,8543.01984161,3328.93780431,3328.95166987,0.04706507,2527.33398431,0.01998469,0.01998469,23393,72,0
8543.38501804,8543.38502989,3341.19195681,3341.19155863,0.04720245,2527.31477742,0.01998469,0.01998469,23392,72,0
8543.75068214,8543.75024939,3353.47019433,3353.48475687,0.04186799,2527.29293405,0.01998469,0.01998469,23391,72,0
8544.11539289,8544.11550011,3365.77343203,3365.76981673,0.04864830,2527.26854844,0.01998469,0.01998469,23390,72,0
8544.48063124,8544.48078205,3378.10262383,3378.09752854,0.04864114,2527.24150812,0.01998469,0.01998469,23389,72,0
8544.84611580,8544.84609522,3390.45788143,3390.45857812,0.04165096,2527.21180882,0.01998469,0.01998469,23388,72,0
8545.21143618,8545.21143963,3402.83844529,3402.83832832,0.04167354,2527.17946845,0.01998469,0.01998469,23387,72,0
8545.57568544,8545.57681527,3415.24358106,3415.20518529,0.04573342,2527.14456680,0.01998468,0.01998469,23386,72,0
8545.94224710,8545.94222215,3427.67328632,3427.67413592,0.04772333,2527.10675028,0.01998469,0.01998469,23385,72,0
8546.30759825,8546.30766028,3440.12798506,3440.12586884,0.04663207,2527.06635295,0.01998469,0.01998469,23384,72,0
8546.67272085,8546.67312966,3452.60812683,3452.59415287,0.04963582,2527.02326450,0.01998468,0.01998469,23383,72,0
8547.03887367,8547.03863029,3465.11424067,3465.12257685,0.04282266,2526.97730894,0.01998469,0.01998469,23382,72,0
8547.40386391,8547.40416218,3477.64688265,3477.63664575,0.04610362,2526.92874394,0.01998469,0.01998469,23381,72,0
8547.76956164,8547.76972532,3490.20630952,3490.20068013,0.04656216,2526.87730753,0.01998469,0.01998469,23380,72,0
8548.13544259,8548.13531974,3502.79208027,3502.79631378,0.04592782,2526.82304774,0.01998469,0.01998469,23379,72,0
8548.50135424,8548.50094542,3515.40365004,3515.41776508,0.03996544,2526.76597002,0.01998469,0.01998469,23378,72,0
8548.86694103,8548.86660238,3528.04045972,3528.05217425,0.04707956,2526.70611898,0.01998469,0.01998469,23377,72,0
8549.23268380,8549.23229061,3540.70193487,3540.71556098,0.04740721,2526.64340416,0.01998469,0.01998469,23376,72,0
8549.59817999,8549.59801013,3553.38773363,3553.39363135,0.04053285,2526.57788114,0.01998469,0.01998469,23375,72,0
8549.96409592,8549.96376093,3566.09971293,3566.11136831,0.04619254,2526.50940211,0.01998469,0.01998469,23374,72,0
8550.33026739,8550.32954302,3578.84093629,3578.86619837,0.04480975,2526.43795487,0.01998469,0.01998469,23373,72,0
8550.69594614,8550.69535640,3591.61334191,3591.63395601,0.04866559,2526.36365737,0.01998469,0.01998469,23372,72,0
8551.06109151,8551.06120108,3604.41459820,3604.41076054,0.04476844,2526.28652387,0.01998468,0.01998469,23371,72,0
8551.42734895,8551.42707706,3617.24141296,3617.25095342,0.04132593,2526.20620145,0.01998469,0.01998469,23370,72,0
8551.79297478,8551.79298435,3630.09329715,3630.09296070,0.04912642,2526.12305271,0.01998468,0.01998469,23369,72,0
8552.15895002,8552.15892294,3642.97407456,3642.97502868,0.04344438,2526.03681506,0.01998468,0.01998468,23368,72,0
8552.52519475,8552.52489285,3655.88758319,3655.89824917,0.04567041,2525.94745317,0.01998468,0.01998468,23367,72,0
8552.89106600,8552.89089408,3668.83313239,3668.83921982,0.04257687,2525.85510815,0.01998468,0.01998468,23366,72,0
8553.25686622,8553.25692663,3681.80707815,3681.80493504,0.04400677,2525.75971474,0.01998468,0.01998468,23365,72,0
8553.62326096,8553.62299050,3694.80683165,3694.81644552,0.04313739,2525.66109333,0.01998469,0.01998468,23364,72,0
8553.98902606,8553.98908571,3707.83423679,3707.83211188,0.04332508,2525.55954160,0.01998468,0.01998468,23363,72,0
8554.35563202,8554.35521224,3720.89220215,3720.90719124,0.04664705,2525.45460584,0.01998469,0.01998468,23362,72,0
8554.72129454,8554.72137012,3733.98169266,3733.97898781,0.04221008,2525.34676909,0.01998469,0.01998468,23361,72,0
8555.08703965,8555.08755933,3747.10088541,3747.08224779,0.04834693,2525.23573393,0.01998468,0.01998468,23360,72,0
8555.45366793,8555.45377990,3760.24793335,3760.24390965,0.04542069,2525.12124041,0.01998469,0.01998468,23359,72,0
8555.81997585,8555.82003181,3773.42286422,3773.42084930,0.04805977,2525.00363741,0.01998469,0.01998468,23358,72,0
8556.18650094,8556.18631507,3786.62670620,3786.63341369,0.04495504,2524.88272467,0.01998469,0.01998468,23357,72,0
8556.55242028,8556.55262970,3799.86034067,3799.85276685,0.04920537,2524.75875025,0.01998468,0.01998468,23356,72,0
8556.91866471,8556.91897568,3813.12420081,3813.11292923,0.04584687,2524.63137746,0.01998468,0.01998468,23355,72,0
8557.28541508,8557.28535303,3826.41863633,3826.42089020,0.04515984,2524.50050743,0.01998468,0.01998468,23354,72,0
8557.65133397,8557.65176175,3839.74377444,3839.72820001,0.04519181,2524.36659899,0.01998468,0.01998468,23353,72,0
8558.01854983,8558.01820185,3853.09953681,3853.11223368,0.04335376,2524.22884588,0.01998469,0.01998468,23352,72,0
8558.38432300,8558.38467332,3866.48616299,3866.47335173,0.04824545,2524.08825359,0.01998468,0.01998468,23351,72,0
8558.75148391,8558.75117617,3879.90538897,3879.91667023,0.04280338,2523.94369400,0.01998468,0.01998468,23350,72,0
8559.11780569,8559.11771041,3893.35934941,3893.36285121,0.03939360,2523.79598921,0.01998468,0.01998468,23349,72,0
8559.48439471,8559.48427604,3906.84811181,3906.85248348,0.04057996,2523.64467567,0.01998468,0.01998468,23348,72,0
8559.85086729,8559.85087307,3920.36895873,3920.36874546,0.04400709,2523.48991606,0.01998468,0.01998468,23347,72,0
8560.21772219,8560.21750149,3933.91967212,3933.92783842,0.04358604,2523.33149893,0.01998468,0.01998468,23346,72,0
8560.58441628,8560.58416131,3947.50271598,3947.51217299,0.04577340,2523.16960429,0.01998468,0.01998468,23345,72,0
8560.95071657,8560.95085254,3961.12240895,3961.11735157,0.04312893,2523.00426666,0.01998468,0.01998468,23344,72,0
8561.31700481,8561.31757518,3974.77947866,3974.75821185,0.04724065,2522.83528411,0.01998468,0.01998468,23343,72,0
8561.68428103,8561.68432924,3988.46862486,3988.46682362,0.04261378,2522.66222104,0.01998468,0.01998468,23342,72,0
8562.05115848,8562.05111471,4002.18498741,4002.18662574,0.04017374,2522.48576173,0.01998468,0.01998468,23341,72,0
8562.41803431,8562.41793161,4015.93183443,4015.93568800,0.04174823,2522.30565761,0.01998468,0.01998468,23340,72,0
8562.78530495,8562.78477993,4029.71618636,4029.73594276,0.04211920,2522.12159085,0.01998469,0.01998468,23339,72,0
8563.15144469,8563.15165968,4043.54097867,4043.53286665,0.04899947,2521.93426973,0.01998468,0.01998468,23338,72,0
8563.51872717,8563.51857087,4057.40186750,4057.40777897,0.04390694,2521.74256152,0.01998468,0.01998468,23337,72,0
8563.88549152,8563.88551349,4071.29436289,4071.29352999,0.03972728,2521.54736014,0.01998468,0.01998468,23336,72,0
8564.25208564,8564.25248756,4085.21867144,4085.20340344,0.03823475,2521.34846435,0.01998468,0.01998468,23335,72,0
nan,nan,0.00000000,-1.00000000,0.00000000,2525.82932952,nan,0.00000000,-2147483648,71,1
8537.54565406,8537.54576074,8.83439292,8.83203943,0.04660664,2526.25476744,0.01998469,0.01998469,23408,71,0
8537.91077196,8537.91048125,16.88334331,16.88976146,0.04945823,2526.69138922,0.01998469,0.01998469,23407,71,0
8538.27496898,8538.27523291,24.93942510,24.93359357,0.05015437,2527.12617073,0.01998469,0.01998469,23406,71,0
8538.63937062,8538.64001573,33.00276773,32.98850197,0.05013558,2527.56046210,0.01998469,0.01998469,23405,71,0
8539.00537825,8539.00482972,41.07346609,41.08560608,0.04612397,2527.99593046,0.01998469,0.01998469,23404,71,0
8539.36976305,8539.36967487,49.15132277,49.15327586,0.04737629,2528.42872097,0.01998469,0.01998469,23403,71,0
8539.73486657,8539.73455120,57.23599402,57.24298423,0.05015474,2528.86159653,0.01998469,0.01998469,23402,71,0
8540.09945298,8540.09945871,65.32713322,65.32700607,0.04943895,2529.29307033,0.01998469,0.01998469,23401,71,0
8540.46525454,8540.46439740,73.42440835,73.44343304,0.05023051,2529.72517013,0.01998469,0.01998469,23400,71,0
8540.82930940,8540.82936727,81.52784981,81.52656451,0.04887546,2530.15439846,0.01998469,0.01998469,23399,71,0
8541.19364702,8541.19436833,89.63784592,89.62181289,0.04102748,2530.58317120,0.01998469,0.01998469,23398,71,0
8541.55964591,8541.55940059,97.75480203,97.76025936,0.04497902,2531.01312341,0.01998469,0.01998469,23397,71,0
8541.92465149,8541.92446404,105.87912404,105.88329742,0.04615204,2531.44115334,0.01998469,0.01998469,23396,71,0
8542.28951753,8542.28955869,114.01105629,114.01013903,0.04628482,2531.86827580,0.01998469,0.01998469,23395,71,0
8542.65465523,8542.65468455,122.15054029,122.14988652,0.05167681,2532.29496587,0.01998469,0.01998469,23394,71,0
8543.01960704,8543.01984161,130.29748411,130.29224833,0.05391157,2532.72068098,0.01998469,0.01998469,23393,71,0
8543.38524760,8543.38502989,138.45179533,138.45665851,0.04637659,2533.14643224,0.01998469,0.01998469,23392,71,0
8543.74967998,8543.75024939,146.61337054,146.60064087,0.04761678,2533.57000442,0.01998469,0.01998469,23391,71,0
8544.11433122,8544.11550011,154.78206863,154.75591674,0.04768682,2533.99304932,0.01998468,0.01998469,23390,71,0
8544.47962384,8544.48078205,162.95773955,162.93180696,0.04722707,2534.41604400,0.01998468,0.01998469,23389,71,0
8544.84683771,8544.84609522,171.14023242,171.15686919,0.04177973,2534.84045166,0.01998469,0.01998469,23388,71,0
8545.21169414,8545.21143963,179.32944682,179.33515381,0.04987521,2535.26132098,0.01998469,0.01998469,23387,71,0
8545.57586781,8545.57681527,187.52562464,187.50436256,0.04520860,2535.68060376,0.01998468,0.01998469,23386,71,0
8545.94154683,8545.94222215,195.72914971,195.71398201,0.04617719,2536.10083353,0.01998468,0.01998469,23385,71,0
8546.30673316,8546.30766028,203.94040830,203.91956709,0.04625910,2536.51972785,0.01998468,0.01998469,23384,71,0
8546.67338594,8546.67312966,212.15975483,212.16552117,0.05268519,2536.93954610,0.01998469,0.01998469,23383,71,0
8547.03920633,8547.03863029,220.38710675,220.40007894,0.04666890,2537.35764691,0.01998469,0.01998469,23382,71,0
8547.40386926,8547.40416218,228.62207508,228.61547338,0.04718140,2537.77364234,0.01998468,0.01998469,23381,71,0
8547.77022858,8547.76972532,236.86426251,236.87561353,0.04838651,2538.19076328,0.01998469,0.01998469,23380,71,0
8548.13572075,8548.13531974,245.11328109,245.12233260,0.05490423,2538.60606604,0.01998469,0.01998469,23379,71,0
8548.50120106,8548.50094542,253.36906377,253.37483826,0.04752695,2539.02051958,0.01998469,0.01998469,23378,71,0
8548.86687144,8548.86660238,261.63190239,261.63798484,0.04486320,2539.43436439,0.01998469,0.01998469,23377,71,0
8549.23192542,8549.23229061,269.90210909,269.89384663,0.04986585,2539.84670208,0.01998468,0.01998469,23376,71,0
8549.59880710,8549.59801013,278.17999622,278.19804308,0.05479624,2540.26030213,0.01998469,0.01998469,23375,71,0
8549.96380887,8549.96376093,286.46576089,286.46684754,0.04417240,2540.67099183,0.01998468,0.01998469,23374,71,0
8550.32878977,8550.32954302,294.75940134,294.74231506,0.04510272,2541.08086602,0.01998468,0.01998469,23373,71,0
8550.69526393,8550.69535640,303.06089620,303.05879679,0.04285555,2541.49161624,0.01998468,0.01998469,23372,71,0
8551.06104352,8551.06120108,311.37022401,311.36664381,0.04490466,2541.90078368,0.01998468,0.01998469,23371,71,0
8551.42539652,8551.42707706,319.68737865,319.64916010,0.05358210,2542.30755322,0.01998468,0.01998469,23370,71,0
8551.79276055,8551.79298435,328.01239378,328.00729973,0.04776489,2542.71687250,0.01998468,0.01998469,23369,71,0
8552.15906989,8552.15892294,336.34530957,336.34865712,0.04342346,2543.12420396,0.01998468,0.01998468,23368,71,0
8552.52523635,8552.52489285,344.68616636,344.69399836,0.04128322,2543.53056446,0.01998469,0.01998468,23367,71,0
8552.89052919,8552.89089408,353.03496852,353.02664142,0.04963517,2543.93514360,0.01998468,0.01998468,23366,71,0
8553.25717381,8553.25692663,361.39158361,361.39722926,0.04678761,2544.34039509,0.01998468,0.01998468,23365,71,0
8553.62302948,8553.62299050,369.75584610,369.75673698,0.04798795,2544.74393991,0.01998468,0.01998468,23364,71,0
8553.98882804,8553.98908571,378.12758950,378.12169503,0.05466566,2545.14657731,0.01998468,0.01998468,23363,71,0
8554.35610842,8554.35521224,386.50669193,386.52720977,0.04157188,2545.54998753,0.01998469,0.01998468,23362,71,0
8554.72149572,8554.72137012,394.89327462,394.89615267,0.04116232,2545.95046814,0.01998468,0.01998468,23361,71,0
8555.08803536,8555.08755933,403.28754077,403.29845755,0.04773339,2546.35136647,0.01998469,0.01998468,23360,71,0
8555.45389738,8555.45377990,411.68969474,411.69239120,0.04585550,2546.75068614,0.01998468,0.01998468,23359,71,0
8555.82030595,8555.82003181,420.09992139,420.10621935,0.05739821,2547.14976948,0.01998469,0.01998468,23358,71,0
8556.18553169,8556.18631507,428.51825568,428.50024312,0.04655754,2547.54673358,0.01998468,0.01998468,23357,71,0
8556.55218036,8556.55262970,436.94466572,436.93432515,0.04253340,2547.94440524,0.01998468,0.01998468,23356,71,0
8556.91838115,8556.91897568,445.37911909,445.36542516,0.04736050,2548.34074733,0.01998468,0.01998468,23355,71,0
8557.28524562,8557.28535303,453.82158579,453.81910961,0.05114399,2548.73695767,0.01998468,0.01998468,23354,71,0
8557.65128792,8557.65176175,462.27206072,462.26112807,0.04527809,2549.13142878,0.01998468,0.01998468,23353,71,0
8558.01804237,8558.01820185,470.73055278,470.72687002,0.04268134,2549.52581185,0.01998468,0.01998468,23352,71,0
8558.38516852,8558.38467332,479.19707105,479.20851663,0.05088594,2549.91973429,0.01998469,0.01998468,23351,71,0
8558.75105249,8558.75117617,487.67161356,487.66875256,0.04240770,2550.31146431,0.01998468,0.01998468,23350,71,0
8559.11797421,8559.11771041,496.15404155,496.16014891,0.05107670,2550.70343409,0.01998469,0.01998468,23349,71,0
8559.48424854,8559.48427604,504.64412331,504.64348609,0.04182265,2551.09382841,0.01998468,0.01998468,23348,71,0
8559.85110812,8559.85087307,513.14162407,513.14707450,0.05385214,2551.48394757,0.01998469,0.01998468,23347,71,0
8560.21663369,8560.21750149,521.64634096,521.62620291,0.04341384,2551.87174134,0.01998468,0.01998468,23346,71,0
8560.58421766,8560.58416131,530.15857219,530.15988095,0.05078821,2552.26081691,0.01998468,0.01998468,23345,71,0
8560.95094955,8560.95085254,538.67900686,538.68126204,0.04407267,2552.64811762,0.01998468,0.01998468,23344,71,0
8561.31737062,8561.31757518,547.20834815,547.20358792,0.05241899,2553.03424784,0.01998468,0.01998468,23343,71,0
8561.68434293,8561.68432924,555.74725793,555.74757690,0.04200194,2553.42014153,0.01998468,0.01998468,23342,71,0
8562.05131930,8562.05111471,564.29560443,564.30037483,0.04163563,2553.80521169,0.01998468,0.01998468,23341,71,0
8562.41822606,8562.41793161,572.85257371,572.85944563,0.04356064,2554.18934100,0.01998468,0.01998468,23340,71,0
8562.78515529,8562.78477993,581.41732524,581.42609201,0.04682527,2554.57258504,0.01998468,0.01998468,23339,71,0
8563.15185053,8563.15165968,589.98905729,589.99351783,0.05415474,2554.95463808,0.01998468,0.01998468,23338,71,0
8563.51880626,8563.51857087,598.56780751,598.57331342,0.03713530,2555.33601423,0.01998468,0.01998468,23337,71,0
8563.88561967,8563.88551349,607.15437676,607.15686240,0.05268355,2555.71632712,0.01998468,0.01998468,23336,71,0
8564.25253954,8564.25248756,615.74959798,615.75081604,0.04270513,2556.09586849,0.01998468,0.01998468,23335,71,0
8564.61940948,8564.61949307,624.35426953,624.35230857,0.04704202,2556.47450800,0.01998468,0.01998468,23334,71,0
8564.98636400,8564.98653004,632.96841353,632.96451478,0.05490524,2556.85238157,0.01998468,0.01998468,23333,71,0
8565.35397875,8565.35359846,641.59133529,641.60027277,0.04641428,2557.23004518,0.01998468,0.01998468,23332,71,0
8565.72112053,8565.72069834,650.22230945,650.23223959,0.04920928,2557.60629887,0.01998468,0.01998468,23331,71,0
8566.08823357,8566.08782968,658.86064808,658.87015482,0.05681815,2557.98156680,0.01998468,0.01998468,23330,71,0
8566.45554796,8566.45499249,667.50645097,667.51953654,0.04223698,2558.35608501,0.01998468,0.01998468,23329,71,0
8566.82251257,8566.82218677,676.16052718,676.16820936,0.04949455,2558.72932408,0.01998468,0.01998468,23328,71,0
8567.18907448,8567.18941252,684.82371553,684.81573686,0.04110218,2559.10126565,0.01998468,0.01998468,23327,71,0
8567.55683016,8567.55666975,693.49680939,693.50059955,0.04304291,2559.47355707,0.01998468,0.01998468,23326,71,0
8567.92368744,8567.92395847,702.17974830,702.17333781,0.05050120,2559.84407278,0.01998468,0.01998468,23325,71,0
8568.29131963,8568.29127867,710.87175248,710.87272228,0.05357730,2560.21446607,0.01998468,0.01998468,23324,71,0
8568.65900112,8568.65863036,719.57201524,719.58079968,0.04216031,2560.58396493,0.01998468,0.01998468,23323,71,0
8569.02669206,8569.02601355,728.27978168,728.29587000,0.04638696,2560.95249391,0.01998468,0.01998468,23322,71,0
8569.39373192,8569.39342824,736.99511023,737.00231685,0.05222310,2561.31939307,0.01998468,0.01998468,23321,71,0
8569.76064103,8569.76087443,745.71867455,745.71313079,0.03979830,2561.68521088,0.01998468,0.01998468,23320,71,0
8570.12837120,8570.12835213,754.45116727,754.45162067,0.04427893,2562.05091930,0.01998468,0.01998468,23319,71,0
8570.49589871,8570.49586134,763.19323488,763.19412430,0.04439672,2562.41552123,0.01998468,0.01998468,23318,71,0
8570.86344728,8570.86340207,771.94494063,771.94601781,0.05404928,2562.77923803,0.01998468,0.01998468,23317,71,0
8571.23060400,8571.23097431,780.70596844,780.69713795,0.04003511,2563.14164552,0.01998468,0.01998468,23316,71,0
8571.59845680,8571.59857808,789.47599389,789.47309917,0.03813509,2563.50379929,0.01998468,0.01998468,23315,71,0
8571.96657272,8571.96621338,798.25472393,798.26330839,0.05026157,2563.86525369,0.01998468,0.01998468,23314,71,0
8572.33456590,8572.33388021,807.04216594,807.05856185,0.05187409,2564.22562612,0.01998468,0.01998468,23313,71,0
8572.70142734,8572.70157857,815.83848809,815.83486853,0.03639693,2564.58393672,0.01998468,0.01998468,23312,71,0
8573.06901053,8573.06930848,824.64386103,824.63672327,0.04777684,2564.94200071,0.01998468,0.01998468,23311,71,0
8573.43745474,8573.43706992,833.45843813,833.46766580,0.04448957,2565.29995014,0.01998468,0.01998468,23310,71,0
8573.80527143,8573.80486292,842.28224927,842.29205451,0.04376342,2565.65633546,0.01998468,0.01998468,23309,71,0
8574.17337940,8574.17268747,851.11527269,851.13189695,0.04747334,2566.01204359,0.01998468,0.01998468,23308,71,0
8574.54117540,8574.54054357,859.95748628,859.97268093,0.05389607,2566.36648702,0.01998468,0.01998468,23307,71,0
8574.90808122,8574.90843124,868.80892398,868.80049843,0.04038454,2566.71911090,0.01998468,0.01998468,23306,71,0
8575.27647787,8575.27635047,877.66989754,877.67296756,0.04548914,2567.07220984,0.01998468,0.01998468,23305,71,0
8575.64446780,8575.64430126,886.54080618,886.54482334,0.04558925,2567.42397276,0.01998468,0.01998468,23304,71,0
8576.01261402,8576.01228363,895.42205158,895.43002994,0.04233975,2567.77495057,0.01998468,0.01998468,23303,71,0
8576.38094484,8576.38029758,904.31379941,904.32944635,0.04619394,2568.12517118,0.01998468,0.01998468,23302,71,0
8576.74838985,8576.74834311,913.21539324,913.21652433,0.04856677,2568.47358949,0.01998468,0.01998468,23301,71,0
8577.11667399,8577.11642022,922.12599502,922.13214099,0.05017504,2568.82180456,0.01998468,0.01998468,23300,71,0
8577.48509982,8577.48452892,931.04476320,931.05860068,0.05464077,2569.16911658,0.01998468,0.01998468,23299,71,0
8577.85249049,8577.85266921,939.97132617,939.96699076,0.04954386,2569.51440230,0.01998468,0.01998468,23298,71,0
8578.22044310,8578.22084110,948.90641815,948.89675460,0.05274832,2569.85918988,0.01998468,0.01998468,23297,71,0
8578.58954097,8578.58904459,957.85093563,957.86299991,0.03657094,2570.20404979,0.01998468,0.01998468,23296,71,0
8578.95708115,8578.95727969,966.80577073,966.80093977,0.05204224,2570.54648847,0.01998468,0.01998468,23295,71,0
8579.32539883,8579.32554640,975.77122637,975.76763199,0.05557564,2570.88869194,0.01998468,0.01998468,23294,71,0
8579.69383339,8579.69384471,984.74668941,984.74641330,0.05754815,2571.23001521,0.01998468,0.01998468,23293,71,0
8580.06178522,8580.06217465,993.73146425,993.72196062,0.04149264,2571.56987386,0.01998468,0.01998468,23292,71,0
8580.43055152,8580.43053621,1002.72487692,1002.72525101,0.04820927,2571.90943544,0.01998468,0.01998468,23291,71,0
8580.79889266,8580.79892939,1011.72684473,1011.72594686,0.05055313,2572.24755017,0.01998468,0.01998468,23290,71,0
8581.16719016,8581.16735420,1020.73787809,1020.73386402,0.05222528,2572.58458582,0.01998468,0.01998468,23289,71,0
8581.53605310,8581.53581065,1029.75851631,1029.76445502,0.05537589,2572.92111392,0.01998468,0.01998468,23288,71,0
8581.90449186,8581.90429873,1038.78925669,1038.79399231,0.05431973,2573.25624546,0.01998468,0.01998468,23287,71,0
8582.27292714,8582.27281846,1047.83010253,1047.83277023,0.03857834,2573.59036073,0.01998468,0.01998468,23286,71,0
8582.64190067,8582.64136983,1056.88075024,1056.89379265,0.05000090,2573.92393340,0.01998468,0.01998468,23285,71,0
8583.01003977,8583.00995285,1065.94088974,1065.94302749,0.05353222,2574.25570832,0.01998468,0.01998468,23284,71,0
8583.37897786,8583.37856752,1075.01026063,1075.02036134,0.05126930,2574.58714425,0.01998468,0.01998468,23283,71,0
8583.74779811,8583.74721386,1084.08889752,1084.10329272,0.04815348,2574.91741205,0.01998468,0.01998468,23282,71,0
8584.11582131,8584.11589185,1093.17694074,1093.17520117,0.04588626,2575.24590868,0.01998468,0.01998468,23281,71,0
8584.48521779,8584.48460151,1102.27453171,1102.28974526,0.04479791,2575.57457005,0.01998468,0.01998468,23280,71,0
8584.85354031,8584.85334284,1111.38189875,1111.38677833,0.04435186,2575.90122169,0.01998468,0.01998468,23279,71,0
8585.22304363,8585.22211585,1120.49953147,1120.52248243,0.04195847,2576.22787623,0.01998468,0.01998468,23278,71,0
8585.59107552,8585.59092053,1129.62797160,1129.63180997,0.04512602,2576.55220512,0.01998468,0.01998468,23277,71,0
8585.95923344,8585.95975690,1138.76775647,1138.75477733,0.05240553,2576.87563606,0.01998468,0.01998468,23276,71,0
8586.32843353,8586.32862496,1147.91891685,1147.91416523,0.05256790,2577.19896536,0.01998468,0.01998468,23275,71,0
8586.69675508,8586.69752470,1157.08067139,1157.06154798,0.04906399,2577.52047809,0.01998468,0.01998468,23274,71,0
8587.06629486,8587.06645614,1166.25216103,1166.24814974,0.04704726,2577.84196852,0.01998468,0.01998468,23273,71,0
8587.43587845,8587.43541928,1175.43257600,1175.44400592,0.04328732,2578.16237701,0.01998468,0.01998468,23272,71,0
8587.80432560,8587.80441412,1184.62203857,1184.61983300,0.04790396,2578.48068576,0.01998468,0.01998468,23271,71,0
8588.17407783,8588.17344067,1193.82145713,1193.83734924,0.04960948,2578.79903090,0.01998468,0.01998468,23270,71,0
8588.54256833,8588.54249893,1203.03177030,1203.03350334,0.04667773,2579.11523023,0.01998468,0.01998468,23269,71,0
8588.91107547,8588.91158891,1212.25377556,1212.24093934,0.04464514,2579.43040857,0.01998468,0.01998468,23268,71,0
8589.28016171,8589.28071060,1221.48727943,1221.47354131,0.04095171,2579.74503286,0.01998468,0.01998468,23267,71,0
8589.64993184,8589.64986402,1230.73167464,1230.73337393,0.05426277,2580.05916149,0.01998468,0.01998468,23266,71,0
8590.01891139,8590.01904917,1239.98634859,1239.98289314,0.04870240,2580.37151698,0.01998468,0.01998468,23265,71,0
8590.38849125,8590.38826605,1249.25090209,1249.25655575,0.03966482,2580.68325980,0.01998468,0.01998468,23264,71,0
8590.75737143,8590.75751466,1258.52557209,1258.52197251,0.04256984,2580.99329758,0.01998468,0.01998468,23263,71,0
8591.12616645,8591.12679502,1267.81071375,1267.79490077,0.05227761,2581.30215780,0.01998468,0.01998468,23262,71,0
8591.49606147,8591.49610712,1277.10667978,1277.10553032,0.04449431,2581.61083564,0.01998468,0.01998468,23261,71,0
8591.86542980,8591.86545096,1286.41363177,1286.41309823,0.04279140,2581.91797170,0.01998468,0.01998468,23260,71,0
8592.23463403,8592.23482656,1295.73147812,1295.72661865,0.04969946,2582.22386284,0.01998468,0.01998468,23259,71,0
8592.60410974,8592.60423392,1305.06010926,1305.05697169,0.04984529,2582.52886118,0.01998468,0.01998468,23258,71,0
8592.97384063,8592.97367303,1314.39941281,1314.40365195,0.03921932,2582.83294254,0.01998468,0.01998468,23257,71,0
8593.34305121,8593.34314391,1323.74925483,1323.74690771,0.04973124,2583.13546141,0.01998468,0.01998468,23256,71,0
8593.71310741,8593.71264656,1333.10948831,1333.12116842,0.04639942,2583.43752618,0.01998468,0.01998468,23255,71,0
8594.08209651,8594.08218098,1342.47996499,1342.47782190,0.04385587,2583.73756737,0.01998468,0.01998468,23254,71,0
8594.45220058,8594.45174718,1351.86065999,1351.87217442,0.05088775,2584.03735387,0.01998468,0.01998468,23253,71,0
8594.82144918,8594.82134516,1361.25200897,1361.25465335,0.04379284,2584.33529778,0.01998468,0.01998468,23252,71,0
8595.19072374,8595.19097493,1370.65455726,1370.64816390,0.04936595,2584.63212673,0.01998468,0.01998468,23251,71,0
8595.56107216,8595.56063648,1380.06884587,1380.07994813,0.04573116,2584.92869005,0.01998468,0.01998468,23250,71,0
8595.93024003,8595.93032983,1389.49502905,1389.49273807,0.03967773,2585.22318262,0.01998468,0.01998468,23249,71,0
8596.29996102,8596.30005497,1398.93270436,1398.93030483,0.04935990,2585.51697258,0.01998468,0.01998468,23248,71,0
8596.66975895,8596.66981192,1408.38142368,1408.38006935,0.04191617,2585.80965973,0.01998468,0.01998468,23247,71,0
8597.03915580,8597.03960067,1417.84076739,1417.82938160,0.05069391,2586.10084955,0.01998468,0.01998468,23246,71,0
8597.40940595,8597.40942124,1427.31061972,1427.31022805,0.04197014,2586.39152047,0.01998468,0.01998468,23245,71,0
8597.77853693,8597.77927361,1436.79103635,1436.77214335,0.04682562,2586.68012237,0.01998468,0.01998468,23244,71,0
8598.14966258,8598.14915781,1446.28207533,1446.29503432,0.04289613,2586.96908267,0.01998468,0.01998468,23243,71,0
8598.51938902,8598.51907382,1455.78397431,1455.79207521,0.04855774,2587.25575848,0.01998468,0.01998468,23242,71,0
8598.88939429,8598.88902166,1465.29752413,1465.30711244,0.03998431,2587.54147527,0.01998468,0.01998468,23241,71,0
8599.25819193,8599.25900134,1474.82362696,1474.80277323,0.04836179,2587.82511120,0.01998468,0.01998468,23240,71,0
8599.62922353,8599.62901284,1484.36315015,1484.36858565,0.03889464,2588.10932850,0.01998468,0.01998468,23239,71,0
8599.99897020,8599.99905619,1493.91589090,1493.91366961,0.04798063,2588.39141526,0.01998468,0.01998468,23238,71,0
8600.36961446,8600.36913138,1503.48049150,1503.49298343,0.05138367,2588.67299254,0.01998468,0.01998468,23237,71,0
8600.73948112,8600.73923841,1513.05552778,1513.06180953,0.04785042,2588.95274028,0.01998468,0.01998468,23236,71,0
8601.10898907,8601.10937730,1522.63986964,1522.62981238,0.04952197,2589.23094378,0.01998468,0.01998468,23235,71,0
8601.47951027,8601.47954804,1532.23415846,1532.23317898,0.04406397,2589.50864706,0.01998468,0.01998468,23234,71,0
8601.84983353,8601.84975064,1541.83968508,1541.84183685,0.04863820,2589.78497084,0.01998468,0.01998468,23233,71,0
8602.21998014,8602.21998511,1551.45774234,1551.45761312,0.05000430,2590.05996476,0.01998468,0.01998468,23232,71,0
8602.59024263,8602.59025144,1561.08894367,1561.08871450,0.04591353,2590.33385818,0.01998468,0.01998468,23231,71,0
8602.96030786,8602.96054964,1570.73271158,1570.72641108,0.04708923,2590.60639766,0.01998468,0.01998468,23230,71,0
8603.33131016,8603.33087972,1580.38834497,1580.39957398,0.05119124,2590.87838956,0.01998468,0.01998468,23229,71,0
8603.70149607,8603.70124168,1590.05521470,1590.06185804,0.04331503,2591.14852490,0.01998468,0.01998468,23228,71,0
8604.07104922,8604.07163552,1599.73342104,1599.71809272,0.05094356,2591.41694282,0.01998468,0.01998468,23227,71,0
8604.44205394,8604.44206125,1609.42347120,1609.42327984,0.05200936,2591.68516195,0.01998468,0.01998468,23226,71,0
8604.81261731,8604.81251888,1619.12587968,1619.12845935,0.04031612,2591.95181743,0.01998468,0.01998468,23225,71,0
8605.18322403,8605.18300839,1628.84094647,1628.84660422,0.04783764,2592.21726264,0.01998468,0.01998468,23224,71,0
8605.55337588,8605.55352981,1638.56844615,1638.56440241,0.04786161,2592.48113095,0.01998468,0.01998468,23223,71,0
8605.92462554,8605.92408314,1648.30807346,1648.32233814,0.05239404,2592.74451207,0.01998468,0.01998468,23222,71,0
8606.29490798,8606.29466837,1658.05955302,1658.06586164,0.04463850,2593.00592741,0.01998468,0.01998468,23221,71,0
8606.66506249,8606.66528552,1667.82302824,1667.81714954,0.04589734,2593.26597365,0.01998468,0.01998468,23220,71,0
8607.03576997,8607.03593458,1677.59893885,1677.59459464,0.05032163,2593.52513308,0.01998468,0.01998468,23219,71,0
8607.40652862,8607.40661556,1687.38773371,1687.38543619,0.04949756,2593.78305790,0.01998468,0.01998468,23218,71,0
8607.77733519,8607.77732847,1697.18965439,1697.18983221,0.04125495,2594.03974575,0.01998468,0.01998468,23217,71,0
8608.14799131,8608.14807331,1707.00434430,1707.00217232,0.04401361,2594.29504456,0.01998468,0.01998468,23216,71,0
8608.51890043,8608.51885008,1716.83133794,1716.83267310,0.04924483,2594.54921381,0.01998468,0.01998468,23215,71,0
8608.88932149,8608.88965879,1726.67020148,1726.66124668,0.04736404,2594.80173021,0.01998468,0.01998468,23214,71,0
8609.26018542,8609.26049944,1736.52100627,1736.51266001,0.04983159,2595.05322499,0.01998468,0.01998468,23213,71,0
8609.63174575,8609.63137204,1746.38420619,1746.39415092,0.05338508,2595.30387000,0.01998468,0.01998468,23212,71,0
8610.00265869,8610.00227659,1756.26026770,1756.27044819,0.05173706,2595.55276452,0.01998468,0.01998468,23211,71,0
8610.37321422,8610.37321309,1766.14952299,1766.14955313,0.04076455,2595.80011081,0.01998468,0.01998468,23210,71,0
8610.74416524,8610.74418155,1776.05192045,1776.05148470,0.04636686,2596.04640385,0.01998468,0.01998468,23209,71,0
8611.11531295,8611.11518197,1785.96734077,1785.97084354,0.04693340,2596.29149945,0.01998468,0.01998468,23208,71,0
8611.48637365,8611.48621436,1795.89566469,1795.89992970,0.04647793,2596.53520071,0.01998468,0.01998468,23207,71,0
8611.85737937,8611.85727872,1805.83678516,1805.83948321,0.04820606,2596.77752084,0.01998468,0.01998468,23206,71,0
8612.22858870,8612.22837505,1815.79060327,1815.79633721,0.04478399,2597.01861960,0.01998468,0.01998468,23205,71,0
8612.59939755,8612.59950337,1825.75701985,1825.75417638,0.04642084,2597.25809745,0.01998468,0.01998468,23204,71,0
8612.97038684,8612.97066366,1835.73604323,1835.72859610,0.04650543,2597.49632512,0.01998468,0.01998468,23203,71,0
8613.34199768,8613.34185595,1845.72793206,1845.73174951,0.04796208,2597.73358167,0.01998468,0.01998468,23202,71,0
8613.71294764,8613.71308022,1855.73298218,1855.72940674,0.04802394,2597.96904949,0.01998468,0.01998468,23201,71,0
8614.08447971,8614.08433649,1865.75149321,1865.75536037,0.04684811,2598.20351884,0.01998468,0.01998468,23200,71,0
8614.45456250,8614.45562477,1875.78378038,1875.75505889,0.03794141,2598.43571349,0.01998467,0.01998468,23199,71,0
8614.82707450,8614.82694504,1885.83016826,1885.83367322,0.04655778,2598.66806243,0.01998468,0.01998468,23198,71,0
8615.19837015,8615.19829732,1895.89097759,1895.89295209,0.04358380,2598.89828574,0.01998468,0.01998468,23197,71,0
8615.56976855,8615.56968162,1905.96609911,1905.96845904,0.04784170,2599.12719818,0.01998468,0.01998468,23196,71,0
8615.94090891,8615.94109793,1916.05472395,1916.04958661,0.04733184,2599.35455330,0.01998468,0.01998468,23195,71,0
8616.31289116,8616.31254626,1926.15597315,1926.16535768,0.04551411,2599.58099558,0.01998468,0.01998468,23194,71,0
8616.68395678,8616.68402662,1936.26921717,1936.26731496,0.05237318,2599.80543509,0.01998468,0.01998468,23193,71,0
8617.05559221,8617.05553900,1946.39518204,1946.39663330,0.05074212,2600.02878327,0.01998468,0.01998468,23192,71,0
8617.42716847,8617.42708342,1956.53504898,1956.53737159,0.04641194,2600.25067888,0.01998468,0.01998468,23191,71,0
8617.79859984,8617.79865987,1966.68995742,1966.68831568,0.04447607,2600.47108993,0.01998468,0.01998468,23190,71,0
8618.17022788,8618.17026837,1976.85992776,1976.85881888,0.04319101,2600.69021203,0.01998468,0.01998468,23189,71,0
8618.54160280,8618.54190891,1987.04388284,1987.03548954,0.04757138,2600.90775018,0.01998467,0.01998467,23188,71,0
8618.91343101,8618.91358150,1997.24069191,1997.23656088,0.05163675,2601.12408643,0.01998468,0.01998467,23187,71,0
8619.28517742,8619.28528615,2007.44963517,2007.44664734,0.04517487,2601.33888605,0.01998468,0.01998467,23186,71,0
8619.65672936,8619.65702285,2017.67113012,2017.66305532,0.04870384,2601.55208851,0.01998467,0.01998467,23185,71,0
8620.02810738,8620.02879162,2027.90579016,2027.88694166,0.04687924,2601.76371446,0.01998467,0.01998467,23184,71,0
8620.40087853,8620.40059245,2038.15423840,2038.16212916,0.04985491,2601.97465606,0.01998468,0.01998467,23183,71,0
8620.77302408,8620.77242535,2048.41714206,2048.43367875,0.05143540,2602.18377334,0.01998468,0.01998467,23182,71,0
8621.14441294,8621.14429032,2058.69519303,2058.69858458,0.04385921,2602.39100773,0.01998467,0.01998467,23181,71,0
8621.51577264,8621.51618738,2068.98907413,2068.97758581,0.04480072,2602.59677606,0.01998467,0.01998467,23180,71,0
8621.88850892,8621.88811652,2079.29894895,2079.30983423,0.05206370,2602.80184487,0.01998467,0.01998467,23179,71,0
8622.26011815,8622.26007774,2089.62432977,2089.62545239,0.04565073,2603.00481790,0.01998467,0.01998467,23178,71,0
8622.63250890,8622.63207105,2099.96468397,2099.97686293,0.04852145,2603.20672174,0.01998467,0.01998467,23177,71,0
8623.00422797,8623.00409646,2110.31957449,2110.32323709,0.04823840,2603.40675214,0.01998467,0.01998467,23176,71,0
8623.37576549,8623.37615397,2120.68887310,2120.67803905,0.04622434,2603.60516855,0.01998467,0.01998467,23175,71,0
8623.74769602,8623.74824359,2131.07251120,2131.05722079,0.05285577,2603.80226821,0.01998467,0.01998467,23174,71,0
8624.12075349,8624.12036531,2141.47046462,2141.48131841,0.04759922,2603.99842323,0.01998467,0.01998467,23173,71,0
8624.49285800,8624.49251914,2151.88308212,2151.89256964,0.05662114,2604.19253837,0.01998467,0.01998467,23172,71,0
8624.86453142,8624.86470509,2162.31089947,2162.30603005,0.04859248,2604.38489712,0.01998467,0.01998467,23171,71,0
8625.23767595,8625.23692316,2172.75444418,2172.77558092,0.04044535,2604.57647968,0.01998468,0.01998467,23170,71,0
8625.60942697,8625.60917336,2183.21386243,2183.22099345,0.04886874,2604.76580966,0.01998467,0.01998467,23169,71,0
8625.98102954,8625.98145568,2193.68887686,2193.67687814,0.04587976,2604.95351797,0.01998467,0.01998467,23168,71,0
8626.35382087,8626.35377013,2204.17918573,2204.18061638,0.05120216,2605.14026051,0.01998467,0.01998467,23167,71,0
8626.72559880,8626.72611673,2214.68447128,2214.66984910,0.04627732,2605.32491995,0.01998467,0.01998467,23166,71,0
8627.09818067,8627.09849546,2225.20438116,2225.19548264,0.04945407,2605.50838678,0.01998467,0.01998467,23165,71,0
8627.47033132,8627.47090634,2235.73855520,2235.72227987,0.05508627,2605.69003697,0.01998467,0.01998467,23164,71,0
8627.84339361,8627.84334937,2246.28677577,2246.28802973,0.05001816,2605.87051212,0.01998467,0.01998467,23163,71,0
8628.21551533,8628.21582455,2256.84959843,2256.84082350,0.05279182,2606.04891875,0.01998467,0.01998467,23162,71,0
8628.58782044,8628.58833189,2267.42784022,2267.41330605,0.05100025,2606.22580701,0.01998467,0.01998467,23161,71,0
8628.96103108,8628.96087139,2278.02228094,2278.02682571,0.05410405,2606.40151809,0.01998467,0.01998467,23160,71,0
8629.33290112,8629.33344305,2288.63315688,2288.61771122,0.04492682,2606.57499306,0.01998467,0.01998467,23159,71,0
8629.70625212,8629.70604689,2299.26033520,2299.26619291,0.04579134,2606.74753684,0.01998467,0.01998467,23158,71,0
8630.07875686,8630.07868291,2309.90367111,2309.90578478,0.05382041,2606.91805925,0.01998467,0.01998467,23157,71,0
8630.45126776,8630.45135110,2320.56288439,2320.56049903,0.04570193,2607.08694350,0.01998467,0.01998467,23156,71,0
8630.82439074,8630.82405147,2331.23752259,2331.24724616,0.04799372,2607.25444511,0.01998467,0.01998467,23155,71,0
8631.19647780,8631.19678403,2341.92712001,2341.91833183,0.04936615,2607.41981221,0.01998467,0.01998467,23154,71,0
8631.56937869,8631.56954878,2352.63166452,2352.62677668,0.04401742,2607.58386068,0.01998467,0.01998467,23153,71,0
8631.94178583,8631.94234573,2363.35220719,2363.33609433,0.04673879,2607.74602139,0.01998467,0.01998467,23152,71,0
8632.31555233,8632.31517488,2374.08995907,2374.10083857,0.05008821,2607.90710537,0.01998467,0.01998467,23151,71,0
8632.68755952,8632.68803623,2384.84580857,2384.83204622,0.05122757,2608.06577553,0.01998467,0.01998467,23150,71,0
8633.06110072,8633.06092979,2395.61922300,2395.62416528,0.04645270,2608.22342105,0.01998467,0.01998467,23149,71,0
8633.43427614,8633.43385556,2406.40928189,2406.42145933,0.04485642,2608.37921003,0.01998467,0.01998467,23148,71,0
8633.80683356,8633.80681354,2417.21515616,2417.21573653,0.04781394,2608.53302370,0.01998467,0.01998467,23147,71,0
8634.18024014,8634.17980375,2428.03678730,2428.04945701,0.04959031,2608.68545731,0.01998467,0.01998467,23146,71,0
8634.55242165,8634.55282618,2438.87448114,2438.86271967,0.05391366,2608.83566290,0.01998467,0.01998467,23145,71,0
8634.92553960,8634.92588084,2449.72857016,2449.71863423,0.05318061,2608.98451114,0.01998467,0.01998467,23144,71,0
8635.29901996,8635.29896774,2460.59970860,2460.60123130,0.04468013,2609.13176436,0.01998467,0.01998467,23143,71,0
8635.67173464,8635.67208687,2471.48879817,2471.47851051,0.04713557,2609.27698376,0.01998467,0.01998467,23142,71,0
8636.04491750,8636.04523824,2482.39671878,2482.38733513,0.04562344,2609.42065439,0.01998467,0.01998467,23141,71,0
8636.41854143,8636.41842186,2493.32326427,2493.32676782,0.04770725,2609.56274701,0.01998467,0.01998467,23140,71,0
8636.79148579,8636.79163773,2504.26696008,2504.26250181,0.04686753,2609.70280870,0.01998467,0.01998467,23139,71,0
8637.16527622,8637.16488585,2515.22625949,2515.23772867,0.04650494,2609.84138288,0.01998467,0.01998467,23138,71,0
8637.53814760,8637.53816623,2526.20058178,2526.20003367,0.04843767,2609.97780048,0.01998467,0.01998467,23137,71,0
8637.91092184,8637.91147887,2537.19101413,2537.17460294,0.04917999,2610.11237511,0.01998467,0.01998467,23136,71,0
8638.28428729,8638.28482378,2548.19881602,2548.18298572,0.04734293,2610.24535839,0.01998467,0.01998467,23135,71,0
8638.65765773,8638.65820096,2559.22481032,2559.20875614,0.04930091,2610.37653787,0.01998467,0.01998467,23134,71,0
8639.03138114,8639.03161041,2570.26872799,2570.26194190,0.04833189,2610.50602054,0.01998467,0.01998467,23133,71,0
8639.40489229,8639.40505215,2581.33013189,2581.32539352,0.04967662,2610.63359513,0.01998467,0.01998467,23132,71,0
8639.77816705,8639.77852616,2592.40873666,2592.39807625,0.04754612,2610.75924432,0.01998467,0.01998467,23131,71,0
8640.15159022,8640.15203247,2603.50478983,2603.49164172,0.05063108,2610.88309200,0.01998467,0.01998467,23130,71,0
8640.52611071,8640.52557106,2614.61865602,2614.63472450,0.04394259,2611.00543838,0.01998467,0.01998467,23129,71,0
8640.89945104,8640.89914196,2625.75070955,2625.75992711,0.05359059,2611.12553469,0.01998467,0.01998467,23128,71,0
8641.27302538,8641.27274515,2636.90135739,2636.90972814,0.05269795,2611.24383758,0.01998467,0.01998467,23127,71,0
8641.64610139,8641.64638064,2648.07101875,2648.06266368,0.04782668,2611.36011160,0.01998467,0.01998467,23126,71,0
8642.01991026,8642.02004845,2659.26003195,2659.25589066,0.04380613,2611.47473203,0.01998467,0.01998467,23125,71,0
8642.39427895,8642.39374857,2670.46823068,2670.48415087,0.04666238,2611.58762403,0.01998467,0.01998467,23124,71,0
8642.76731573,8642.76748100,2681.69525874,2681.69029008,0.05700782,2611.69820932,0.01998467,0.01998467,23123,71,0
8643.14145794,8643.14124576,2692.94082481,2692.94721389,0.05072167,2611.80719930,0.01998467,0.01998467,23122,71,0
8643.51475607,8643.51504284,2704.20514681,2704.19649819,0.04416329,2611.91401622,0.01998467,0.01998467,23121,71,0
8643.88848166,8643.88887225,2715.48867540,2715.47687646,0.04720192,2612.01902124,0.01998467,0.01998467,23120,71,0
8644.26292650,8644.26273399,2726.79178157,2726.79760659,0.05035465,2612.12228046,0.01998467,0.01998467,23119,71,0
8644.63691710,8644.63662807,2738.11408648,2738.12284588,0.04713319,2612.22345427,0.01998467,0.01998467,23118,71,0
8645.01072059,8645.01055449,2749.45481393,2749.45985502,0.04598193,2612.32260292,0.01998467,0.01998467,23117,71,0
8645.38396024,8645.38451326,2760.81328868,2760.79647881,0.04793064,2612.41961684,0.01998467,0.01998467,23116,71,0
8645.75853499,8645.75850439,2772.18995967,2772.19089149,0.04682570,2612.51497759,0.01998467,0.01998467,23115,71,0
8646.13202174,8646.13252786,2783.58593484,2783.57050121,0.05179417,2612.60806544,0.01998467,0.01998467,23114,71,0
8646.50696593,8646.50658369,2795.00226573,2795.01394165,0.04836836,2612.69950967,0.01998467,0.01998467,23113,71,0
8646.88080509,8646.88067189,2806.43919310,2806.44326891,0.04489219,2612.78867325,0.01998467,0.01998467,23112,71,0
8647.25436744,8647.25479246,2817.89645538,2817.88342865,0.05152258,2612.87575167,0.01998467,0.01998467,23111,71,0
8647.62907412,8647.62894539,2829.37379301,2829.37774496,0.04666334,2612.96105612,0.01998467,0.01998467,23110,71,0
8648.00264920,8648.00313070,2840.87108011,2840.85627315,0.04961880,2613.04405650,0.01998467,0.01998467,23109,71,0
8648.37775156,8648.37734840,2852.38827473,2852.40069292,0.04288797,2613.12532903,0.01998467,0.01998467,23108,71,0
8648.75177438,8648.75159847,2863.92531824,2863.93074546,0.04893136,2613.20429386,0.01998467,0.01998467,23107,71,0
8649.12530851,8649.12588094,2875.48196409,2875.46427543,0.04476915,2613.28107626,0.01998467,0.01998467,23106,71,0
8649.50017119,8649.50019579,2887.05784862,2887.05708730,0.04936279,2613.35602963,0.01998467,0.01998467,23105,71,0
8649.87508230,8649.87454305,2898.65269307,2898.66940886,0.05498747,2613.42887406,0.01998467,0.01998467,23104,71,0
8650.24898579,8650.24892270,2910.26711340,2910.26907225,0.04318493,2613.49940570,0.01998467,0.01998467,23103,71,0
8650.62403577,8650.62333476,2921.90224559,2921.92404906,0.04978639,2613.56802546,0.01998467,0.01998467,23102,71,0
8650.99773004,8650.99777923,2933.55910341,2933.55757068,0.04894461,2613.63427148,0.01998467,0.01998467,23101,71,0
8651.37192701,8651.37225611,2945.23749701,2945.22722476,0.04616767,2613.69846734,0.01998467,0.01998467,23100,71,0
8651.74622970,8651.74676541,2956.93661114,2956.91986266,0.04748578,2613.76052349,0.01998467,0.01998467,23099,71,0
8652.12126216,8652.12130714,2968.65577735,2968.65436892,0.04539936,2613.82052119,0.01998467,0.01998467,23098,71,0
8652.49590896,8652.49588129,2980.39548343,2980.39635135,0.04210966,2613.87827012,0.01998467,0.01998467,23097,71,0
8652.87025673,8652.87048787,2992.15673429,2992.14947098,0.04696824,2613.93378274,0.01998467,0.01998467,23096,71,0
8653.24554405,8653.24512688,3003.94039466,3003.95352790,0.04932015,2613.98722880,0.01998467,0.01998467,23095,71,0
8653.61990815,8653.61979834,3015.74645107,3015.74991461,0.05177452,2614.03833014,0.01998467,0.01998467,23094,71,0
8653.99486753,8653.99450223,3027.57457068,3027.58611189,0.05093012,2614.08728291,0.01998467,0.01998467,23093,71,0
8654.36913739,8654.36923858,3039.42454777,3039.42134508,0.04119179,2614.13390695,0.01998467,0.01998467,23092,71,0
8654.74466766,8654.74400737,3051.29676020,3051.31769632,0.04749182,2614.17842899,0.01998467,0.01998467,23091,71,0
8655.11882401,8655.11880862,3063.19175304,3063.19224171,0.04176514,2614.22052696,0.01998467,0.01998467,23090,71,0
8655.49336570,8655.49364234,3075.10967913,3075.10087552,0.04670988,2614.26039529,0.01998467,0.01998467,23089,71,0
8655.86815033,8655.86850851,3087.04938365,3087.03796587,0.04568390,2614.29799649,0.01998467,0.01998467,23088,71,0
8656.24371048,8656.24340716,3099.00943348,3099.01911754,0.04933884,2614.33335804,0.01998467,0.01998467,23087,71,0
8656.61804158,8656.61833828,3110.98933374,3110.97984570,0.05111172,2614.36628249,0.01998467,0.01998467,23086,71,0
8656.99284708,8656.99330187,3122.99081958,3122.97624968,0.04894069,2614.39691959,0.01998467,0.01998467,23085,71,0
8657.36817414,8657.36829795,3135.01594844,3135.01197426,0.04571140,2614.42525615,0.01998467,0.01998467,23084,71,0
8657.74357099,8657.74332651,3147.06566634,3147.07352894,0.04595423,2614.45124077,0.01998467,0.01998467,23083,71,0
8658.11757249,8658.11838756,3159.13908498,3159.11282361,0.04725298,2614.47476866,0.01998467,0.01998467,23082,71,0
8658.49323277,8658.49348110,3171.23516838,3171.22715311,0.04561608,2614.49601399,0.01998467,0.01998467,23081,71,0
8658.86821168,8658.86860715,3183.35374069,3183.34095355,0.04638563,2614.51482168,0.01998467,0.01998467,23080,71,0
8659.24352189,8659.24376569,3195.49558295,3195.48768495,0.04350918,2614.53123378,0.01998467,0.01998467,23079,71,0
8659.61955279,8659.61895674,3207.66147206,3207.68081780,0.05157780,2614.54524434,0.01998467,0.01998467,23078,71,0
8659.99434262,8659.99418031,3219.85136001,3219.85663786,0.04814045,2614.55677123,0.01998467,0.01998467,23077,71,0
8660.36952930,8660.36943639,3232.06460093,3232.06762778,0.04615111,2614.56585856,0.01998467,0.01998467,23076,71,0
8660.74488837,8660.74472498,3244.30066673,3244.30599870,0.03996307,2614.57248139,0.01998467,0.01998467,23075,71,0
8661.12006572,8661.12004610,3256.56002599,3256.56066732,0.04775540,2614.57662028,0.01998467,0.01998467,23074,71,0
8661.49495696,8661.49539975,3268.84359397,3268.82908934,0.04779752,2614.57826505,0.01998467,0.01998467,23073,71,0
8661.87089875,8661.87078593,3281.15211461,3281.15581732,0.04245118,2614.57739949,0.01998467,0.01998467,23072,71,0
8662.24597056,8662.24620465,3293.48560805,3293.47791014,0.04529670,2614.57401142,0.01998467,0.01998467,23071,71,0
8662.62122734,8662.62165591,3305.84391197,3305.82979178,0.04825104,2614.56808349,0.01998467,0.01998467,23070,71,0
8662.99716903,8662.99713971,3318.22688220,3318.22785012,0.04321983,2614.55958431,0.01998467,0.01998467,23069,71,0
8663.37254580,8663.37265606,3330.63441653,3330.63076978,0.04836354,2614.54852629,0.01998467,0.01998467,23068,71,0
8663.74874050,8663.74820497,3343.06643250,3343.08417731,0.04784293,2614.53485147,0.01998467,0.01998467,23067,71,0
8664.12381994,8664.12378643,3355.52333649,3355.52444890,0.04129537,2614.51861799,0.01998467,0.01998467,23066,71,0
8664.49930348,8664.49940045,3368.00611803,3368.00289189,0.04836536,2614.49975097,0.01998467,0.01998467,23065,71,0
8664.87498398,8664.87504704,3380.51571416,3380.51361195,0.04373721,2614.47823724,0.01998467,0.01998467,23064,71,0
8665.25036123,8665.25072620,3393.05198445,3393.03979322,0.04784603,2614.45409068,0.01998467,0.01998467,23063,71,0
8665.62630322,8665.62643794,3405.61410403,3405.60959542,0.04827603,2614.42723837,0.01998467,0.01998467,23062,71,0
8666.00209216,8666.00218225,3418.20140371,3418.19838278,0.04451668,2614.39771316,0.01998467,0.01998467,23061,71,0
8666.37836313,8666.37795915,3430.81406770,3430.82764036,0.04579618,2614.36544582,0.01998467,0.01998467,23060,71,0
8666.75313068,8666.75376863,3443.45254483,3443.43106921,0.04324749,2614.33060096,0.01998467,0.01998467,23059,71,0
8667.13014599,8667.12961070,3456.11732271,3456.13537850,0.04480097,2614.29280442,0.01998467,0.01998467,23058,71,0
8667.50602677,8667.50548537,3468.80896813,3468.82726746,0.04775117,2614.25236515,0.01998467,0.01998467,23057,71,0
8667.88151545,8667.88139265,3481.52804136,3481.53220092,0.04939276,2614.20920163,0.01998467,0.01998467,23056,71,0
8668.25780877,8668.25733252,3494.27456196,3494.29072609,0.04638488,2614.16315479,0.01998467,0.01998467,23055,71,0
8668.63295398,8668.63330500,3507.04799147,3507.03605379,0.04805337,2614.11445264,0.01998467,0.01998467,23054,71,0
8669.00957057,8669.00931010,3519.84775776,3519.85663320,0.04483674,2614.06273723,0.01998467,0.01998467,23053,71,0
8669.38558203,8669.38534781,3532.67327076,3532.68126671,0.04515923,2614.00827025,0.01998467,0.01998467,23052,71,0
8669.76166378,8669.76141814,3545.52392875,3545.53233020,0.04788294,2613.95094669,0.01998467,0.01998467,23051,71,0
8670.13750822,8670.13752110,3558.39999158,3558.39954999,0.04733501,2613.89079854,0.01998467,0.01998467,23050,71,0
8670.51390961,8670.51365669,3571.30420690,3571.31289355,0.04817771,2613.82766547,0.01998467,0.01998467,23049,71,0
8670.88992126,8670.88982491,3584.23969826,3584.24301525,0.04541888,2613.76167050,0.01998467,0.01998467,23048,71,0
8671.26648960,8671.26602578,3597.20663312,3597.22263751,0.04752582,2613.69262499,0.01998467,0.01998467,23047,71,0
8671.64169903,8671.64225928,3610.20173712,3610.18236774,0.04623914,2613.62088827,0.01998467,0.01998467,23046,71,0
8672.01829820,8672.01852543,3623.22216647,3623.21429589,0.04540375,2613.54593342,0.01998467,0.01998467,23045,71,0
8672.39459431,8672.39482423,3636.27001299,3636.26203171,0.04445993,2613.46805596,0.01998467,0.01998467,23044,71,0
8672.77099289,8672.77115569,3649.34964705,3649.34398166,0.04885657,2613.38712948,0.01998467,0.01998467,23043,71,0
8673.14736552,8673.14751980,3662.46336924,3662.45798715,0.03624175,2613.30314546,0.01998467,0.01998467,23042,71,0
8673.52442775,8673.52391658,3675.60816419,3675.62603430,0.04515129,2613.21593465,0.01998467,0.01998467,23041,71,0
8673.90006708,8673.90034603,3688.78033702,3688.77056665,0.04423092,2613.12600045,0.01998467,0.01998467,23040,71,0
8674.27687203,8674.27680815,3701.97966198,3701.98190406,0.04220609,2613.03271038,0.01998467,0.01998467,23039,71,0
8674.65289104,8674.65330295,3715.20908657,3715.19459591,0.04513903,2612.93650393,0.01998467,0.01998467,23038,71,0
8675.02945606,8675.02983042,3728.47099732,3728.45779618,0.04597061,2612.83700579,0.01998467,0.01998467,23037,71,0
8675.40633165,8675.40639059,3741.76433191,3741.76224927,0.04417883,2612.73425473,0.01998467,0.01998467,23036,71,0
8675.78301077,8675.78298344,3755.08697633,3755.08794410,0.04316503,2612.62838428,0.01998467,0.01998467,23035,71,0
8676.15937429,8676.15960898,3768.43801755,3768.42968935,0.04500983,2612.51942300,0.01998467,0.01998467,23034,71,0
8676.53590476,8676.53626723,3781.81838136,3781.80549142,0.04512370,2612.40720685,0.01998467,0.01998467,23033,71,0
8676.91214453,8676.91295817,3795.22910249,3795.20010388,0.04274955,2612.29184579,0.01998466,0.01998467,23032,71,0
8677.28995267,8677.28968182,3808.67077246,3808.68044723,0.04454522,2612.17272814,0.01998467,0.01998467,23031,71,0
8677.66634909,8677.66643818,3822.14376719,3822.14057737,0.04697474,2612.05076775,0.01998467,0.01998467,23030,71,0
8678.04351346,8678.04322726,3835.64832892,3835.65859823,0.04248578,2611.92524394,0.01998467,0.01998467,23029,71,0
8678.42077175,8678.42004906,3849.18440664,3849.21039597,0.04604290,2611.79634938,0.01998467,0.01998467,23028,71,0
8678.79749953,8678.79690358,3862.75202579,3862.77350604,0.04560116,2611.66428216,0.01998467,0.01998467,23027,71,0
8679.17356229,8679.17379083,3876.35255828,3876.34430115,0.04092958,2611.52907084,0.01998466,0.01998467,23026,71,0
8679.55069002,8679.55071081,3889.98825948,3889.98750640,0.04031548,2611.39004302,0.01998467,0.01998467,23025,71,0
8679.92758127,8679.92766352,3903.66012236,3903.65713537,0.04722599,2611.24763330,0.01998467,0.01998467,23024,71,0
8680.30463462,8680.30464898,3917.36568494,3917.36516238,0.04189097,2611.10169445,0.01998467,0.01998467,23023,71,0
8680.68221313,8680.68166718,3931.10219371,3931.12210670,0.04548984,2610.95208421,0.01998467,0.01998467,23022,71,0
8681.05887584,8681.05871813,3944.87107893,3944.87684532,0.04356479,2610.79934216,0.01998467,0.01998467,23021,71,0
8681.43584923,8681.43580183,3958.67682184,3958.67855959,0.04453965,2610.64290639,0.01998467,0.01998467,23020,71,0
8681.81270432,8681.81291829,3972.52147214,3972.51360674,0.04294156,2610.48290348,0.01998467,0.01998467,23019,71,0
8682.18968876,8682.19006752,3986.40010401,3986.38615180,0.04281539,2610.31926038,0.01998467,0.01998467,23018,71,0
8682.56743680,8682.56724951,4000.30714555,4000.31405770,0.03880500,2610.15173377,0.01998467,0.01998467,23017,71,0
8682.94473216,8682.94446427,4014.24461990,4014.25453021,0.04437930,2609.98081437,0.01998467,0.01998466,23016,71,0
8683.32187226,8683.32171180,4028.21979791,4028.22575085,0.04087466,2609.80626377,0.01998467,0.01998466,23015,71,0
8683.69858107,8683.69899212,4042.23669642,4042.22140433,0.03810968,2609.62814120,0.01998466,0.01998466,23014,71,0
8684.07619980,8684.07630521,4056.29120378,4056.28727269,0.03920404,2609.44583043,0.01998467,0.01998466,23013,71,0
8684.45366445,8684.45365110,4070.37846728,4070.37896622,0.03832653,2609.25987261,0.01998467,0.01998466,23012,71,0
8684.83195658,8684.83102978,4084.49829915,4084.53301658,0.04679872,2609.06975413,0.01998467,0.01998466,23011,71,0
nan,nan,0.00000000,-1.00000000,0.00000000,2614.44181088,nan,0.00000000,-2147483648,70,1
8659.61942482,8659.61895674,11.07514613,11.08533145,0.04012478,2614.88261563,0.01998467,0.01998467,23078,70,0
8659.99448025,8659.99418031,19.24336407,19.24989607,0.05227136,2615.32662446,0.01998467,0.01998467,23077,70,0
8660.36928610,8660.36943639,27.41895974,27.41568422,0.04666045,2615.76957867,0.01998467,0.01998467,23076,70,0
8660.74448555,8660.74472498,35.60206844,35.59684547,0.04570512,2616.21224258,0.01998467,0.01998467,23075,70,0
8661.12062841,8661.12004610,43.79272112,43.80543393,0.04946856,2616.65525973,0.01998467,0.01998467,23074,70,0
8661.49477591,8661.49539975,51.99062200,51.97699169,0.04754127,2617.09515352,0.01998467,0.01998467,23073,70,0
8661.87028802,8661.87078593,60.19541033,60.18452361,0.05305024,2617.53585434,0.01998467,0.01998467,23072,70,0
8662.24598529,8662.24620465,68.40672348,68.40192383,0.04821999,2617.97595117,0.01998467,0.01998467,23071,70,0
8662.62182429,8662.62165591,76.62428898,76.62797560,0.03827397,2618.41537519,0.01998467,0.01998467,23070,70,0
8662.99715844,8662.99713971,84.84834828,84.84875873,0.04499897,2618.85338227,0.01998467,0.01998467,23069,70,0
8663.37257094,8663.37265606,93.07932320,93.07745666,0.05865061,2619.29067447,0.01998467,0.01998467,23068,70,0
8663.74875822,8663.74820497,101.31763799,101.32977974,0.04652791,2619.72808030,0.01998467,0.01998467,23067,70,0
8664.12326376,8664.12378643,109.56368794,109.55220762,0.04378769,2620.16276445,0.01998467,0.01998467,23066,70,0
8664.49909494,8664.49940045,117.81755860,117.81084235,0.05394421,2620.59822033,0.01998467,0.01998467,23065,70,0
8664.87516124,8664.87504704,126.07915639,126.08166908,0.04559839,2621.03317181,0.01998467,0.01998467,23064,70,0
8665.25072397,8665.25072620,134.34838504,134.34833578,0.05414691,2621.46675747,0.01998467,0.01998467,23063,70,0
8665.62573211,8665.62643794,142.62514621,142.60959093,0.04143277,2621.89891384,0.01998467,0.01998467,23062,70,0
8666.00248515,8666.00218225,150.90931149,150.91599224,0.04519969,2622.33227755,0.01998467,0.01998467,23061,70,0
8666.37840314,8666.37795915,159.20072546,159.21052577,0.04958179,2622.76386729,0.01998467,0.01998467,23060,70,0
8666.75414966,8666.75376863,167.49923097,167.50764801,0.04195806,2623.19443739,0.01998467,0.01998467,23059,70,0
8667.13032782,8667.12961070,175.80467573,175.82052870,0.04567581,2623.62466763,0.01998467,0.01998467,23058,70,0
8667.50688597,8667.50548537,184.11713667,184.14812300,0.05864936,2624.05449774,0.01998467,0.01998467,23057,70,0
8667.88152257,8667.88139265,192.43699368,192.43987044,0.04460597,2624.48132261,0.01998467,0.01998467,23056,70,0
8668.25751824,8668.25733252,200.76464927,200.76876514,0.04675078,2624.90889960,0.01998467,0.01998467,23055,70,0
8668.63357226,8668.63330500,209.10050566,209.10643380,0.06206028,2625.33576268,0.01998467,0.01998467,23054,70,0
8669.00931421,8669.00931010,217.44470269,217.44479393,0.04684118,2625.76149624,0.01998467,0.01998467,23053,70,0
8669.38540582,8669.38534781,225.79688317,225.79817211,0.04428929,2626.18682864,0.01998467,0.01998467,23052,70,0
8669.76125467,8669.76141814,234.15663295,234.15299758,0.05120842,2626.61106561,0.01998467,0.01998467,23051,70,0
8670.13723411,8670.13752110,242.52353599,242.51714909,0.04909170,2627.03460513,0.01998467,0.01998467,23050,70,0
8670.51228781,8670.51365669,250.89735785,250.86687116,0.04668666,2627.45624552,0.01998466,0.01998467,23049,70,0
8670.88965364,8670.88982491,259.27834471,259.27452714,0.05233254,2627.87963198,0.01998467,0.01998467,23048,70,0
8671.26672547,8671.26602578,267.66682203,267.68243027,0.04593795,2628.30184747,0.01998467,0.01998467,23047,70,0
8671.64157485,8671.64225928,276.06311703,276.04783610,0.05077250,2628.72075461,0.01998466,0.01998467,23046,70,0
8672.01842635,8672.01852543,284.46749247,284.46527855,0.04893288,2629.14108543,0.01998467,0.01998467,23045,70,0
8672.39415830,8672.39482423,292.87997787,292.86508395,0.04359082,2629.55935366,0.01998466,0.01998467,23044,70,0
8672.77125960,8672.77115569,301.30055093,301.30287697,0.04674425,2629.97832500,0.01998467,0.01998467,23043,70,0
8673.14693230,8673.14751980,309.72918922,309.71602651,0.04263584,2630.39488692,0.01998466,0.01998467,23042,70,0
8673.52414960,8673.52391658,318.16587946,318.17110471,0.05086561,2630.81233212,0.01998467,0.01998467,23041,70,0
8673.90051063,8673.90034603,326.61065107,326.61434533,0.04359868,2631.22799985,0.01998467,0.01998467,23040,70,0
8674.27676004,8674.27680815,335.06354593,335.06246519,0.05472072,2631.64271473,0.01998467,0.01998467,23039,70,0
8674.65337411,8674.65330295,343.52460614,343.52620612,0.04490789,2632.05699992,0.01998467,0.01998467,23038,70,0
8675.03039871,8675.02983042,351.99384955,352.00663763,0.05475423,2632.47090106,0.01998467,0.01998467,23037,70,0
8675.40658371,8675.40639059,360.47115396,360.47550344,0.04604510,2632.88303815,0.01998467,0.01998467,23036,70,0
8675.78293722,8675.78298344,368.95634669,368.95530483,0.05314309,2633.29450651,0.01998467,0.01998467,23035,70,0
8676.16010826,8676.15960898,377.44925396,377.46051716,0.04675485,2633.70600097,0.01998467,0.01998467,23034,70,0
8676.53630815,8676.53626723,385.94973722,385.95066123,0.05675290,2634.11556106,0.01998467,0.01998467,23033,70,0
8676.91241038,8676.91295817,394.45790436,394.44552640,0.04348186,2634.52414378,0.01998466,0.01998467,23032,70,0
8677.28967227,8677.28968182,402.97396719,402.97375119,0.05811853,2634.93311862,0.01998467,0.01998467,23031,70,0
8677.66627012,8677.66643818,411.49813908,411.49433481,0.04403449,2635.34051405,0.01998467,0.01998467,23030,70,0
8678.04318984,8678.04322726,420.03061458,420.02976677,0.05362524,2635.74740400,0.01998467,0.01998467,23029,70,0
8678.42025460,8678.42004906,428.57143340,428.57609405,0.04653284,2636.15359469,0.01998467,0.01998467,23028,70,0
8678.79763542,8678.79690358,437.12056233,437.13717190,0.04976789,2636.55926402,0.01998467,0.01998467,23027,70,0
8679.17354583,8679.17379083,445.67796753,445.67240229,0.04109243,2636.96249078,0.01998467,0.01998467,23026,70,0
8679.55115934,8679.55071081,454.24361811,454.25381567,0.04784863,2637.36667370,0.01998467,0.01998467,23025,70,0
8679.92790262,8679.92766352,462.81750989,462.82295066,0.04466853,2637.76905215,0.01998467,0.01998467,23024,70,0
8680.30497927,8680.30464898,471.39965222,471.40717469,0.04625750,2638.17091077,0.01998467,0.01998467,23023,70,0
8680.68166919,8680.68166718,479.99005459,479.99010043,0.05420164,2638.57147962,0.01998467,0.01998467,23022,70,0
8681.05791654,8681.05871813,488.58870891,488.57042071,0.04303440,2638.97069869,0.01998466,0.01998467,23021,70,0
8681.43655844,8681.43580183,497.19545281,497.21272927,0.04749655,2639.37156074,0.01998467,0.01998467,23020,70,0
8681.81266380,8681.81291829,505.81004303,505.80422719,0.04022936,2639.76883150,0.01998467,0.01998467,23019,70,0
8682.18982669,8682.19006752,514.43223421,514.42672636,0.04848888,2640.16629838,0.01998467,0.01998467,23018,70,0
8682.56750805,8682.56724951,523.06184901,523.06776660,0.05140196,2640.56337650,0.01998467,0.01998467,23017,70,0
8682.94466109,8682.94446427,531.69930766,531.70381640,0.04423856,2640.95898175,0.01998467,0.01998466,23016,70,0
8683.32134263,8683.32171180,540.34533858,540.33687352,0.04453857,2641.35320754,0.01998466,0.01998466,23015,70,0
8683.69950757,8683.69899212,549.00067688,549.01250824,0.03931407,2641.74812643,0.01998467,0.01998466,23014,70,0
8684.07554284,8684.07630521,557.66593734,557.64841969,0.04544862,2642.13999157,0.01998466,0.01998466,23013,70,0
8684.45393576,8684.45365110,566.34073540,566.34728247,0.04451742,2642.53345709,0.01998467,0.01998466,23012,70,0
8684.83122911,8684.83102978,575.02420028,575.02878886,0.05353347,2642.92488080,0.01998467,0.01998466,23011,70,0
8685.20809983,8685.20844125,583.71545294,583.70758758,0.04003865,2643.31492768,0.01998466,0.01998466,23010,70,0
8685.58580677,8685.58588552,592.41376417,592.41194875,0.04308103,2643.70486346,0.01998467,0.01998466,23009,70,0
8685.96401708,8685.96336260,601.11951139,601.13461186,0.05119607,2644.09435350,0.01998467,0.01998466,23008,70,0
8686.34060558,8686.34087249,609.83355884,609.82739494,0.03987399,2644.48124903,0.01998466,0.01998466,23007,70,0
8686.71795922,8686.71841519,618.55677787,618.54623717,0.04590210,2644.86804077,0.01998466,0.01998466,23006,70,0
8687.09594848,8687.09599071,627.28987114,627.28889408,0.04703286,2645.25461843,0.01998466,0.01998466,23005,70,0
8687.47338823,8687.47359905,636.03248602,636.02760275,0.05174194,2645.63975024,0.01998466,0.01998466,23004,70,0
8687.85077277,8687.85124021,644.78386866,644.77303162,0.05770769,2646.02390594,0.01998466,0.01998466,23003,70,0
8688.22919517,8688.22891421,653.54325994,653.54977870,0.04496111,2646.40815785,0.01998467,0.01998466,23002,70,0
8688.60691585,8688.60662104,662.31011427,662.31695977,0.04949404,2646.79071146,0.01998466,0.01998466,23001,70,0
8688.98461635,8688.98436071,671.08496572,671.09090675,0.04774756,2647.17228016,0.01998466,0.01998466,23000,70,0
8689.36232870,8689.36213322,679.86868706,679.87323434,0.04035087,2647.55293100,0.01998466,0.01998466,22999,70,0
8689.73971574,8689.73993859,688.66215642,688.65696680,0.04613796,2647.93235966,0.01998466,0.01998466,22998,70,0
8690.11787376,8690.11777680,697.46596083,697.46822113,0.04399634,2648.31168812,0.01998466,0.01998466,22997,70,0
8690.49594582,8690.49564787,706.27954226,706.28649519,0.04367559,2648.69002630,0.01998466,0.01998466,22996,70,0
8690.87314888,8690.87355180,715.10206103,715.09265044,0.04634507,2649.06655437,0.01998466,0.01998466,22995,70,0
8691.25140588,8691.25148859,723.93267264,723.93073936,0.05253250,2649.44315168,0.01998466,0.01998466,22994,70,0
8691.62939447,8691.62945826,732.77088257,732.76939034,0.05289367,2649.81847448,0.01998466,0.01998466,22993,70,0
8692.00776789,8692.00746080,741.61722320,741.62441318,0.04372269,2650.19319052,0.01998466,0.01998466,22992,70,0
8692.38520581,8692.38549621,750.47241577,750.46561006,0.04232518,2650.56602151,0.01998466,0.01998466,22991,70,0
8692.76319426,8692.76356451,759.33718395,759.32849791,0.04566049,2650.93846361,0.01998466,0.01998466,22990,70,0
8693.14257209,8693.14166569,768.21193889,768.23322469,0.05252888,2651.31134959,0.01998466,0.01998466,22989,70,0
8693.51982985,8693.51979977,777.09642827,777.09713539,0.05438227,2651.68121820,0.01998466,0.01998466,22988,70,0
8693.89811130,8693.89796673,785.99031420,785.99371565,0.05443587,2652.05113775,0.01998466,0.01998466,22987,70,0
8694.27594684,8694.27616660,794.89326037,794.88808464,0.04920508,2652.41965131,0.01998466,0.01998466,22986,70,0
8694.65480414,8694.65439937,803.80512677,803.81466812,0.05461350,2652.78817870,0.01998466,0.01998466,22985,70,0
8695.03208630,8695.03266505,812.72606653,812.71241087,0.05251193,2653.15419871,0.01998466,0.01998466,22984,70,0
8695.41102119,8695.41096365,821.65625747,821.65761643,0.03963227,2653.52084617,0.01998466,0.01998466,22983,70,0
8695.78917084,8695.78929515,830.59587437,830.59293563,0.04428477,2653.88576226,0.01998466,0.01998466,22982,70,0
8696.16676512,8696.16765958,839.54499640,839.52383020,0.04050126,2654.24917334,0.01998466,0.01998466,22981,70,0
8696.54532144,8696.54605694,848.50360504,848.48618369,0.04490850,2654.61253371,0.01998466,0.01998466,22980,70,0
8696.92433122,8696.92448722,857.47167725,857.46797858,0.04685001,2654.97534492,0.01998466,0.01998466,22979,70,0
8697.30260946,8697.30295044,866.44921023,866.44111811,0.04388778,2655.33646977,0.01998466,0.01998466,22978,70,0
8697.68136562,8697.68144659,875.43644972,875.43452610,0.04126425,2655.69706985,0.01998466,0.01998466,22977,70,0
8698.05989903,8698.05997569,884.43380896,884.43198593,0.04686788,2656.05648963,0.01998466,0.01998466,22976,70,0
8698.43854583,8698.43853773,893.44170677,893.44189969,0.04335169,2656.41506120,0.01998466,0.01998466,22975,70,0
8698.81716121,8698.81713272,902.46044179,902.46112061,0.04435657,2656.77265459,0.01998466,0.01998466,22974,70,0
8699.19572572,8699.19576067,911.48948653,911.48865254,0.04169767,2657.12922649,0.01998466,0.01998466,22973,70,0
8699.57504937,8699.57442158,920.52796802,920.54295970,0.03956924,2657.48549845,0.01998466,0.01998466,22972,70,0
8699.95306945,8699.95311546,929.57500662,929.57390714,0.04078354,2657.83949712,0.01998466,0.01998466,22971,70,0
8700.33157453,8700.33184230,938.63003826,938.62363358,0.05167217,2658.19287545,0.01998466,0.01998466,22970,70,0
8700.71078769,8700.71060211,947.69370799,947.69815109,0.05447044,2658.54585852,0.01998466,0.01998466,22969,70,0
8701.08957382,8701.08939490,956.76695111,956.77123891,0.04987122,2658.89742126,0.01998466,0.01998466,22968,70,0
8701.46857698,8701.46822067,965.85070572,965.85925443,0.05121941,2659.24819457,0.01998466,0.01998466,22967,70,0
8701.84740099,8701.84707943,974.94541620,974.95313970,0.05069617,2659.59782429,0.01998466,0.01998466,22966,70,0
8702.22601085,8702.22597117,984.05049012,984.05144406,0.05192828,2659.94625244,0.01998466,0.01998466,22965,70,0
8702.60485319,8702.60489591,993.16520152,993.16417342,0.04621215,2660.29385808,0.01998466,0.01998466,22964,70,0
8702.98303714,8702.98385365,1002.28883890,1002.26917236,0.04717463,2660.63979471,0.01998466,0.01998466,22963,70,0
8703.36320285,8703.36284439,1011.42126279,1011.42990448,0.04484090,2660.98646283,0.01998466,0.01998466,22962,70,0
8703.74250395,8703.74186814,1020.56299623,1020.57833882,0.04441681,2661.33127821,0.01998466,0.01998466,22961,70,0
8704.12051486,8704.12092490,1029.71460224,1029.70469755,0.05183006,2661.67388027,0.01998466,0.01998466,22960,70,0
8704.50004170,8704.50001468,1038.87660016,1038.87725367,0.05304024,2662.01682660,0.01998466,0.01998466,22959,70,0
8704.87983193,8704.87913747,1048.04899353,1048.06580363,0.04851557,2662.35897392,0.01998466,0.01998466,22958,70,0
8705.25795545,8705.25829329,1057.23146531,1057.22327931,0.04691690,2662.69857316,0.01998466,0.01998466,22957,70,0
8705.63717486,8705.63748214,1066.42369163,1066.41623924,0.04422398,2663.03809172,0.01998466,0.01998466,22956,70,0
8706.01656308,8706.01670402,1075.62541105,1075.62198954,0.05255908,2663.37668057,0.01998466,0.01998466,22955,70,0
8706.39618182,8706.39595894,1084.83667464,1084.84209071,0.05231921,2663.71439104,0.01998466,0.01998466,22954,70,0
8706.77546190,8706.77524689,1094.05762912,1094.06285864,0.04801455,2664.05071859,0.01998466,0.01998466,22953,70,0
8707.15503621,8707.15456790,1103.28842273,1103.29982483,0.04523137,2664.38622601,0.01998466,0.01998466,22952,70,0
8707.53401547,8707.53392196,1112.52932193,1112.53160111,0.05050807,2664.72013402,0.01998466,0.01998466,22951,70,0
8707.91380850,8707.91330907,1121.78085454,1121.79304030,0.05418071,2665.05369775,0.01998466,0.01998466,22950,70,0
8708.29245829,8708.29272923,1131.04358671,1131.03696829,0.04575306,2665.38521548,0.01998466,0.01998466,22949,70,0
8708.67254650,8708.67218247,1140.31806033,1140.32696319,0.04471157,2665.71696089,0.01998466,0.01998466,22948,70,0
8709.05169907,8709.05166877,1149.60413223,1149.60487425,0.04350378,2666.04684973,0.01998466,0.01998466,22947,70,0
8709.43126124,8709.43118814,1158.90094325,1158.90273499,0.05056510,2666.37601930,0.01998466,0.01998466,22946,70,0
8709.81090982,8709.81074059,1168.20759521,1168.21174677,0.04313432,2666.70415105,0.01998466,0.01998466,22945,70,0
8710.19045756,8710.19032611,1177.52333497,1177.52656244,0.04166761,2667.03105270,0.01998466,0.01998466,22944,70,0
8710.57063539,8710.56994473,1186.84858055,1186.86555507,0.04614655,2667.35736224,0.01998466,0.01998466,22943,70,0
8710.95008174,8710.94959643,1196.18430396,1196.19624457,0.04756200,2667.68194125,0.01998466,0.01998466,22942,70,0
8711.32897192,8711.32928122,1205.53148672,1205.52386765,0.04973613,2668.00497463,0.01998466,0.01998466,22941,70,0
8711.70904863,8711.70899912,1214.89075925,1214.89198045,0.05044014,2668.32796227,0.01998466,0.01998466,22940,70,0
8712.08841297,8712.08875011,1224.26168679,1224.25336269,0.04486520,2668.64926841,0.01998466,0.01998466,22939,70,0
8712.46816875,8712.46853422,1233.64363255,1233.63459960,0.05009034,2668.96980261,0.01998466,0.01998466,22938,70,0
8712.84860586,8712.84835143,1243.03596853,1243.04226332,0.04585116,2669.28977875,0.01998466,0.01998466,22937,70,0
8713.22846248,8713.22820176,1252.43850189,1252.44495903,0.05156747,2669.60812414,0.01998466,0.01998466,22936,70,0
8713.60808019,8713.60808520,1261.85157025,1261.85144592,0.05082419,2669.92513573,0.01998466,0.01998466,22935,70,0
8713.98833462,8713.98800178,1271.27554533,1271.28380624,0.04320462,2670.24155090,0.01998466,0.01998466,22934,70,0
8714.36768714,8714.36795148,1280.71076378,1280.70419591,0.04613213,2670.55609702,0.01998466,0.01998466,22933,70,0
8714.74823070,8714.74793431,1290.15726009,1290.16463245,0.04552194,2670.87050449,0.01998466,0.01998466,22932,70,0
8715.12755404,8715.12795028,1299.61492131,1299.60505456,0.05080194,2671.18277265,0.01998466,0.01998466,22931,70,0
8715.50818249,8715.50799939,1309.08363264,1309.08819701,0.04811321,2671.49497142,0.01998466,0.01998466,22930,70,0
8715.88800918,8715.88808165,1318.56326968,1318.56146128,0.04938325,2671.80536158,0.01998466,0.01998466,22929,70,0
8716.26820727,8716.26819705,1328.05368330,1328.05393867,0.04787576,2672.11489421,0.01998466,0.01998466,22928,70,0
8716.64797059,8716.64834561,1337.55471930,1337.54534154,0.05145548,2672.42290362,0.01998466,0.01998466,22927,70,0
8717.02866481,8717.02852733,1347.06623807,1347.06967928,0.05002578,2672.73048606,0.01998466,0.01998466,22926,70,0
8717.40829897,8717.40874221,1356.58844845,1356.57734186,0.04701464,2673.03603568,0.01998466,0.01998466,22925,70,0
8717.78950567,8717.78899026,1366.12190358,1366.13483298,0.04363729,2673.34168199,0.01998466,0.01998466,22924,70,0
8718.16935754,8718.16927148,1375.66717487,1375.66933616,0.04853848,2673.64509011,0.01998466,0.01998466,22923,70,0
8718.54934868,8718.54958588,1385.22471169,1385.21874723,0.04377387,2673.94746798,0.01998466,0.01998466,22922,70,0
8718.92940000,8718.92993346,1394.79428130,1394.78085180,0.05187645,2674.24873904,0.01998466,0.01998466,22921,70,0
8719.31036299,8719.31031422,1404.37541744,1404.37664655,0.05041790,2674.54955394,0.01998466,0.01998466,22920,70,0
8719.69022294,8719.69072817,1413.96765279,1413.95490673,0.05111969,2674.84830312,0.01998466,0.01998466,22919,70,0
8720.07053269,8720.07117532,1423.57070470,1423.55447533,0.05176023,2675.14619731,0.01998466,0.01998466,22918,70,0
8720.45116913,8720.45165566,1433.18460331,1433.17230328,0.04269745,2675.44313258,0.01998466,0.01998466,22917,70,0
8720.83223578,8720.83216920,1442.80940897,1442.81109397,0.04722975,2675.73918315,0.01998466,0.01998466,22916,70,0
8721.21336685,8721.21271595,1452.44523819,1452.46172843,0.04889547,2676.03406120,0.01998466,0.01998466,22915,70,0
8721.59299887,8721.59329592,1462.09273419,1462.08519979,0.04637744,2676.32657860,0.01998466,0.01998466,22914,70,0
8721.97382607,8721.97390909,1471.75283373,1471.75072528,0.04684382,2676.61883585,0.01998466,0.01998466,22913,70,0
8722.35484888,8722.35455549,1481.42648153,1481.43394282,0.05045111,2676.91008210,0.01998466,0.01998466,22912,70,0
8722.73564989,8722.73523511,1491.11399824,1491.12456012,0.04244743,2677.20000188,0.01998466,0.01998466,22911,70,0
8723.11583905,8723.11594796,1500.81414608,1500.81136972,0.04721826,2677.48825911,0.01998466,0.01998466,22910,70,0
8723.49733363,8723.49669404,1510.52544101,1510.54176206,0.04485182,2677.77625455,0.01998466,0.01998466,22909,70,0
8723.87774230,8723.87747336,1520.24649918,1520.25336818,0.04316974,2678.06213636,0.01998466,0.01998466,22908,70,0
8724.25822057,8724.25828592,1529.97748726,1529.97581656,0.05094928,2678.34677873,0.01998466,0.01998466,22907,70,0
8724.63916919,8724.63913172,1539.71972503,1539.72068385,0.04810854,2678.63051265,0.01998466,0.01998466,22906,70,0
8725.01979254,8725.02001078,1549.47456864,1549.46897568,0.04709584,2678.91277894,0.01998466,0.01998466,22905,70,0
8725.40072242,8725.40092309,1559.24293908,1559.23778975,0.04289482,2679.19406697,0.01998466,0.01998466,22904,70,0
8725.78073865,8725.78186866,1569.02437780,1568.99534542,0.04634781,2679.47345948,0.01998466,0.01998466,22903,70,0
8726.16247437,8726.16284749,1578.81815371,1578.80855667,0.04841262,2679.75286178,0.01998466,0.01998466,22902,70,0
8726.54399875,8726.54385959,1588.62356905,1588.62715229,0.04621229,2680.03082783,0.01998466,0.01998466,22901,70,0
8726.92476012,8726.92490496,1598.44058416,1598.43685038,0.04974183,2680.30695424,0.01998466,0.01998466,22900,70,0
8727.30593882,8727.30598361,1608.26971547,1608.26855956,0.05367900,2680.58210793,0.01998466,0.01998466,22899,70,0
8727.68745562,8727.68709554,1618.11150036,1618.12080477,0.04930889,2680.85623734,0.01998466,0.01998466,22898,70,0
8728.06801540,8728.06824075,1627.96630644,1627.96047614,0.04835993,2681.12841936,0.01998466,0.01998466,22897,70,0
8728.44959964,8728.44941925,1637.83393358,1637.83860598,0.04413679,2681.40005939,0.01998466,0.01998466,22896,70,0
8728.83026527,8728.83063105,1647.71406321,1647.70457748,0.04814065,2681.66975916,0.01998466,0.01998466,22895,70,0
8729.21150850,8729.21187615,1657.60639993,1657.59685515,0.04432191,2681.93856677,0.01998466,0.01998466,22894,70,0
8729.59353664,8729.59315454,1667.51106166,1667.52099345,0.04722144,2682.20661900,0.01998466,0.01998466,22893,70,0
8729.97480052,8729.97446625,1677.42850408,1677.43720340,0.04914397,2682.47283533,0.01998466,0.01998466,22892,70,0
8730.35645041,8730.35581126,1687.35919578,1687.37585064,0.04761240,2682.73802749,0.01998466,0.01998466,22891,70,0
8730.73660829,8730.73718959,1697.30339154,1697.28822502,0.05238941,2683.00089675,0.01998466,0.01998466,22890,70,0
8731.11813879,8731.11860124,1707.26072065,1707.24864048,0.05138792,2683.26340858,0.01998466,0.01998466,22889,70,0
8731.50058996,8731.50004622,1717.23069699,1717.24491723,0.05255366,2683.52522138,0.01998466,0.01998466,22888,70,0
8731.88171570,8731.88152452,1727.21287629,1727.21788183,0.05227801,2683.78478231,0.01998466,0.01998466,22887,70,0
8732.26308478,8732.26303616,1737.20736557,1737.20864000,0.05178846,2684.04316263,0.01998466,0.01998466,22886,70,0
8732.64510049,8732.64458113,1747.21464196,1747.22827208,0.04051282,2684.30063741,0.01998466,0.01998466,22885,70,0
8733.02619254,8733.02615945,1757.23519190,1757.23606157,0.04976008,2684.55615622,0.01998466,0.01998466,22884,70,0
8733.40756705,8733.40777111,1767.26932489,1767.26395598,0.04695081,2684.81053274,0.01998466,0.01998466,22883,70,0
8733.79011267,8733.78941612,1777.31696660,1777.33531609,0.05113006,2685.06434384,0.01998466,0.01998466,22882,70,0
8734.17067365,8734.17109449,1787.37799230,1787.36689216,0.04765657,2685.31549068,0.01998466,0.01998466,22881,70,0
8734.55325166,8734.55280622,1797.45227820,1797.46404173,0.04963287,2685.56660456,0.01998466,0.01998466,22880,70,0
8734.93441564,8734.93455131,1807.53971487,1807.53612766,0.04740943,2685.81542134,0.01998466,0.01998466,22879,70,0
8735.31572339,8735.31632977,1817.64019897,1817.62414674,0.04875289,2686.06295611,0.01998466,0.01998466,22878,70,0
8735.69746647,8735.69814160,1827.75363018,1827.73573674,0.04471159,2686.30938648,0.01998466,0.01998466,22877,70,0
8736.08001763,8736.07998681,1837.88007315,1837.88089106,0.04833112,2686.55494175,0.01998466,0.01998466,22876,70,0
8736.46170161,8736.46186540,1848.01981886,1848.01546707,0.04768634,2686.79854779,0.01998466,0.01998466,22875,70,0
8736.84429884,8736.84377738,1858.17317672,1858.18704904,0.05052275,2687.04134178,0.01998466,0.01998466,22874,70,0
8737.22577081,8737.22572274,1868.34046220,1868.34174273,0.04860739,2687.28203228,0.01998466,0.01998466,22873,70,0
8737.60763772,8737.60770150,1878.52200843,1878.52030723,0.04749969,2687.52158366,0.01998466,0.01998466,22872,70,0
8737.98925050,8737.98971366,1888.71815504,1888.70578452,0.04709675,2687.75958911,0.01998466,0.01998466,22871,70,0
8738.37155860,8738.37175922,1898.92919672,1898.92383101,0.04682440,2687.99663824,0.01998466,0.01998466,22870,70,0
8738.75346385,8738.75383819,1909.15474744,1909.14472260,0.05231690,2688.23203258,0.01998466,0.01998466,22869,70,0
8739.13585041,8739.13595057,1919.39390676,1919.39122111,0.04907565,2688.46628920,0.01998466,0.01998466,22868,70,0
8739.51824101,8739.51809637,1929.64575999,1929.64964239,0.04509809,2688.69908577,0.01998466,0.01998466,22867,70,0
8739.90017024,8739.90027559,1939.91006215,1939.90723109,0.04675806,2688.93013005,0.01998466,0.01998466,22866,70,0
8740.28290858,8740.28248824,1950.18788878,1950.19919944,0.05322155,2689.16020670,0.01998466,0.01998466,22865,70,0
8740.66481143,8740.66473431,1960.48047714,1960.48255526,0.04659876,2689.38834810,0.01998466,0.01998466,22864,70,0
8741.04727594,8741.04701382,1970.78877915,1970.79585236,0.04605407,2689.61540419,0.01998466,0.01998466,22863,70,0
8741.42977825,8741.42932676,1981.11216029,1981.12435939,0.05122611,2689.84103916,0.01998466,0.01998466,22862,70,0
8741.81128143,8741.81167315,1991.44944533,1991.43884839,0.04379300,2690.06461423,0.01998466,0.01998466,22861,70,0
8742.19377043,8742.19405299,2001.79950505,2001.79185254,0.04187505,2690.28726187,0.01998466,0.01998466,22860,70,0
8742.57607155,8742.57646628,2012.16215611,2012.15145371,0.05128967,2690.50828414,0.01998466,0.01998466,22859,70,0
8742.95919774,8742.95891302,2022.53801184,2022.54574106,0.04615662,2690.72826976,0.01998466,0.01998466,22858,70,0
8743.34142090,8743.34139322,2032.92771530,2032.92846759,0.05382518,2690.94623405,0.01998466,0.01998466,22857,70,0
8743.72348988,8743.72390689,2043.33193571,2043.32058551,0.04681845,2691.16261742,0.01998465,0.01998466,22856,70,0
8744.10545323,8744.10645403,2053.75138809,2053.72411003,0.04535997,2691.37745650,0.01998465,0.01998466,22855,70,0
8744.48900531,8744.48903464,2064.18679801,2064.18599750,0.05500694,2691.59170303,0.01998465,0.01998466,22854,70,0
8744.87148063,8744.87164873,2074.63871243,2074.63411692,0.04288851,2691.80386834,0.01998465,0.01998466,22853,70,0
8745.25424814,8745.25429630,2085.10682753,2085.10550907,0.04886236,2692.01470217,0.01998465,0.01998466,22852,70,0
8745.63659981,8745.63697736,2095.59058921,2095.58023903,0.04619478,2692.22379626,0.01998465,0.01998466,22851,70,0
8746.01928435,8746.01969191,2106.08946283,2106.07827486,0.05279857,2692.43154231,0.01998465,0.01998465,22850,70,0
8746.40245223,8746.40243996,2116.60319259,2116.60352989,0.04297535,2692.63800465,0.01998465,0.01998465,22849,70,0
8746.78518634,8746.78522150,2127.13170406,2127.13073640,0.04888854,2692.84268006,0.01998465,0.01998465,22848,70,0
8747.16801047,8747.16803655,2137.67493160,2137.67421290,0.04648440,2693.04584217,0.01998465,0.01998465,22847,70,0
8747.55072959,8747.55088511,2148.23306818,2148.22877655,0.05288473,2693.24738398,0.01998465,0.01998465,22846,70,0
8747.93417145,8747.93376718,2158.80664977,2158.81782188,0.05175381,2693.44774033,0.01998466,0.01998465,22845,70,0
8748.31673528,8748.31668277,2169.39623976,2169.39769289,0.04699463,2693.64607857,0.01998465,0.01998465,22844,70,0
8748.69982026,8748.69963188,2180.00218984,2180.00741090,0.04711409,2693.84312479,0.01998465,0.01998465,22843,70,0
8749.08269200,8749.08261452,2190.62428162,2190.62643226,0.04406613,2694.03848719,0.01998465,0.01998465,22842,70,0
8749.46593665,8749.46563069,2201.26220092,2201.27070459,0.05082827,2694.23245007,0.01998466,0.01998465,22841,70,0
8749.84851132,8749.84868039,2211.91562437,2211.91091910,0.05196556,2694.42447378,0.01998465,0.01998465,22840,70,0
8750.23170492,8750.23176363,2222.58419154,2222.58255525,0.04097734,2694.61519138,0.01998465,0.01998465,22839,70,0
8750.61479856,8750.61488042,2233.26752723,2233.26524293,0.04716134,2694.80422762,0.01998465,0.01998465,22838,70,0
8750.99780682,8750.99803076,2243.96531606,2243.95905965,0.05411694,2694.99157800,0.01998465,0.01998465,22837,70,0
8751.38138148,8751.38121465,2254.67795125,2254.68261860,0.04215592,2695.17755777,0.01998465,0.01998465,22836,70,0
8751.76467234,8751.76443209,2265.40627756,2265.41300814,0.04671962,2695.36175985,0.01998465,0.01998465,22835,70,0
8752.14806200,8752.14768310,2276.15113690,2276.16176766,0.04887541,2695.54437563,0.01998466,0.01998465,22834,70,0
8752.53119496,8752.53096767,2286.91291331,2286.91929981,0.05150666,2695.72523481,0.01998465,0.01998465,22833,70,0
8752.91428231,8752.91428582,2297.69148649,2297.69138776,0.05124745,2695.90442838,0.01998465,0.01998465,22832,70,0
8753.29822518,8753.29763754,2308.48670818,2308.50326830,0.04507285,2696.08236164,0.01998466,0.01998465,22831,70,0
8753.68117791,8753.68102284,2319.29831890,2319.30269504,0.04695771,2696.25816741,0.01998465,0.01998465,22830,70,0
8754.06429924,8754.06444172,2330.12585657,2330.12183031,0.05157782,2696.43236731,0.01998465,0.01998465,22829,70,0
8754.44788205,8754.44789419,2340.96883378,2340.96849027,0.05177430,2696.60507449,0.01998465,0.01998465,22828,70,0
8754.83108479,8754.83138025,2351.82713976,2351.81876796,0.05205684,2696.77589991,0.01998465,0.01998465,22827,70,0
8755.21480257,8755.21489992,2362.70181267,2362.69905025,0.05547882,2696.94524993,0.01998465,0.01998465,22826,70,0
8755.59913825,8755.59845318,2373.59411611,2373.61358679,0.04323916,2697.11317336,0.01998465,0.01998465,22825,70,0
8755.98153728,8755.98204005,2384.50502311,2384.49071087,0.04569076,2697.27856837,0.01998465,0.01998465,22824,70,0
8756.36623152,8756.36566052,2395.43403223,2395.45031156,0.04731195,2697.44324576,0.01998465,0.01998465,22823,70,0
8756.74866912,8756.74931462,2406.38018271,2406.36175286,0.04746477,2697.60523329,0.01998465,0.01998465,22822,70,0
8757.13296524,8757.13300233,2417.34260914,2417.34154856,0.04898345,2697.76625515,0.01998465,0.01998465,22821,70,0
8757.51642356,8757.51672367,2428.32125078,2428.31265849,0.04849065,2697.92516530,0.01998465,0.01998465,22820,70,0
8757.90029300,8757.90047863,2439.31642698,2439.31110459,0.04507137,2698.08248037,0.01998465,0.01998465,22819,70,0
8758.28324753,8758.28426723,2450.32849046,2450.29921066,0.04680026,2698.23765678,0.01998465,0.01998465,22818,70,0
8758.66804197,8758.66808946,2461.35814508,2461.35677932,0.04472840,2698.39180535,0.01998465,0.01998465,22817,70,0
8759.05170768,8759.05194534,2472.40633471,2472.39948875,0.04658134,2698.54373561,0.01998465,0.01998465,22816,70,0
8759.43569131,8759.43583486,2483.47395050,2483.46980839,0.04639232,2698.69402832,0.01998465,0.01998465,22815,70,0
8759.81950550,8759.81975803,2494.56060221,2494.55330430,0.05325215,2698.84247627,0.01998465,0.01998465,22814,70,0
8760.20366006,8760.20371486,2505.66471834,2505.66313244,0.05211866,2698.98924476,0.01998465,0.01998465,22813,70,0
8760.58757618,8760.58770534,2516.78470924,2516.78096645,0.05032827,2699.13408216,0.01998465,0.01998465,22812,70,0
8760.97180979,8760.97172949,2527.92025982,2527.92258994,0.04770089,2699.27718528,0.01998465,0.01998465,22811,70,0
8761.35591280,8761.35578731,2539.07258729,2539.07623407,0.04646984,2699.41839297,0.01998465,0.01998465,22810,70,0
8761.73987590,8761.73987880,2550.24299748,2550.24291316,0.04731219,2699.55771110,0.01998465,0.01998465,22809,70,0
8762.12380013,8762.12400396,2561.43212920,2561.42618724,0.04354343,2699.69517577,0.01998465,0.01998465,22808,70,0
8762.50798841,8762.50816281,2572.63961183,2572.63452004,0.04930374,2699.83087942,0.01998465,0.01998465,22807,70,0
8762.89203679,8762.89235534,2583.86499093,2583.85567651,0.04707742,2699.96466330,0.01998465,0.01998465,22806,70,0
8763.27679787,8763.27658156,2595.10808739,2595.11442171,0.04862968,2700.09680856,0.01998465,0.01998465,22805,70,0
8763.66080850,8763.66084148,2606.36922645,2606.36825905,0.04503155,2700.22680721,0.01998465,0.01998465,22804,70,0
8764.04488662,8764.04513510,2617.64878970,2617.64149067,0.05499216,2700.35493583,0.01998465,0.01998465,22803,70,0
8764.42971975,8764.42946242,2628.94717592,2628.95474687,0.04824779,2700.48141220,0.01998465,0.01998465,22802,70,0
8764.81404857,8764.81382345,2640.26481620,2640.27145052,0.04634097,2700.60581513,0.01998465,0.01998465,22801,70,0
8765.19789923,8765.19821819,2651.60214858,2651.59273333,0.04952890,2700.72815470,0.01998465,0.01998465,22800,70,0
8765.58278848,8765.58264664,2662.95939506,2662.96358886,0.04776924,2700.84890179,0.01998465,0.01998465,22799,70,0
8765.96687005,8765.96710882,2674.33626012,2674.32918875,0.04507010,2700.96746160,0.01998465,0.01998465,22798,70,0
8766.35087388,8766.35160473,2685.73237070,2685.71069201,0.05262033,2701.08405172,0.01998465,0.01998465,22797,70,0
8766.73656183,8766.73613436,2697.14756578,2697.16026581,0.04604875,2701.19918273,0.01998465,0.01998465,22796,70,0
8767.12083419,8767.12069773,2708.58222966,2708.58629040,0.05149879,2701.31192061,0.01998465,0.01998465,22795,70,0
8767.50509395,8767.50529484,2720.03683500,2720.03084677,0.04626282,2701.42268184,0.01998465,0.01998465,22794,70,0
8767.88991655,8767.88992569,2731.51153870,2731.51126568,0.04408001,2701.53161860,0.01998465,0.01998465,22793,70,0
8768.27478193,8768.27459029,2743.00566451,2743.01139535,0.05073364,2701.63856168,0.01998465,0.01998465,22792,70,0
8768.65911842,8768.65928864,2754.51839607,2754.51329801,0.04859754,2701.74333800,0.01998465,0.01998465,22791,70,0
8769.04449621,8769.04402075,2766.04940962,2766.06367103,0.04785963,2701.84635847,0.01998465,0.01998465,22790,70,0
8769.42913095,8769.42878662,2777.59966280,2777.61000769,0.05221439,2701.94714193,0.01998465,0.01998465,22789,70,0
8769.81416818,8769.81358626,2789.17032468,2789.18783810,0.04668462,2702.04599047,0.01998465,0.01998465,22788,70,0
8770.19810000,8770.19841966,2800.76218678,2800.75254965,0.05166222,2702.14251778,0.01998465,0.01998465,22787,70,0
8770.58290072,8770.58328684,2812.37510767,2812.36344709,0.04014537,2702.23720920,0.01998465,0.01998465,22786,70,0
8770.96768222,8770.96818780,2824.00880542,2823.99351116,0.04859413,2702.32982542,0.01998465,0.01998465,22785,70,0
8771.35347129,8771.35312254,2835.66306570,2835.67363307,0.05216051,2702.42059230,0.01998465,0.01998465,22784,70,0
8771.73740747,8771.73809108,2847.33782614,2847.31707765,0.04594075,2702.50883178,0.01998465,0.01998465,22783,70,0
8772.12321900,8772.12309340,2859.03304288,2859.03686157,0.04628793,2702.59538868,0.01998465,0.01998465,22782,70,0
8772.50807143,8772.50812952,2870.74856389,2870.74679495,0.04512976,2702.67960700,0.01998465,0.01998465,22781,70,0
8772.89336483,8772.89319944,2882.48403191,2882.48907618,0.04258242,2702.76178349,0.01998465,0.01998465,22780,70,0
8773.27828688,8773.27830317,2894.23907214,2894.23857457,0.04454704,2702.84173059,0.01998465,0.01998465,22779,70,0
8773.66316212,8773.66344071,2906.01388124,2906.00535710,0.05006114,2702.91950944,0.01998465,0.01998465,22778,70,0
8774.04849247,8774.04861206,2917.80956735,2917.80590184,0.04964622,2702.99521388,0.01998465,0.01998465,22777,70,0
8774.43398148,8774.43381723,2929.62730704,2929.63235062,0.05350886,2703.06877581,0.01998465,0.01998465,22776,70,0
8774.81897092,8774.81905623,2941.46741994,2941.46479583,0.04263102,2703.14006187,0.01998465,0.01998465,22775,70,0
8775.20411870,8775.20432905,2953.32912341,2953.32264165,0.04367934,2703.20917951,0.01998465,0.01998465,22774,70,0
8775.58957566,8775.58963571,2965.21159595,2965.20974246,0.04468933,2703.27613490,0.01998465,0.01998465,22773,70,0
8775.97515305,8775.97497620,2977.11493330,2977.12040085,0.04707123,2703.34088016,0.01998465,0.01998465,22772,70,0
8776.36068639,8776.36035054,2989.04014540,2989.05054773,0.05045665,2703.40338023,0.01998465,0.01998465,22771,70,0
8776.74596320,8776.74575872,3000.98823581,3000.99458077,0.04607840,2703.46359564,0.01998465,0.01998465,22770,70,0
8777.13098262,8777.13120075,3012.95944002,3012.95265907,0.05017227,2703.52151868,0.01998465,0.01998465,22769,70,0
8777.51684141,8777.51667664,3024.95342402,3024.95855564,0.04930511,2703.57729432,0.01998465,0.01998465,22768,70,0
8777.90194151,8777.90218638,3036.96990034,3036.96226062,0.04565026,2703.63067641,0.01998465,0.01998465,22767,70,0
8778.28778878,8778.28772999,3049.00913929,3049.01097677,0.04731328,2703.68186185,0.01998465,0.01998465,22766,70,0
8778.67309083,8778.67330747,3061.07170627,3061.06492242,0.04694203,2703.73066636,0.01998465,0.01998465,22765,70,0
8779.05939519,8779.05891882,3073.15793366,3073.17287800,0.04562944,2703.77726945,0.01998465,0.01998465,22764,70,0
8779.44484188,8779.44456405,3085.26680601,3085.27553691,0.04610036,2703.82142794,0.01998465,0.01998465,22763,70,0
8779.83056343,8779.83024316,3097.39682649,3097.40690732,0.04382329,2703.86325862,0.01998465,0.01998465,22762,70,0
8780.21621411,8780.21595616,3109.54718264,3109.55531511,0.04760369,2703.90270716,0.01998465,0.01998465,22761,70,0
8780.60177304,8780.60170304,3121.71949009,3121.72170072,0.04721177,2703.93976579,0.01998465,0.01998465,22760,70,0
8780.98746583,8780.98748383,3133.91590532,3133.91533576,0.04923269,2703.97444877,0.01998465,0.01998465,22759,70,0
8781.37372731,8781.37329851,3146.13763089,3146.15122745,0.04338228,2704.00677746,0.01998465,0.01998465,22758,70,0
8781.75922467,8781.75914710,3158.38382332,3158.38628753,0.04430200,2704.03662511,0.01998465,0.01998465,22757,70,0
8782.14501752,8782.14502959,3170.65339158,3170.65300743,0.04692692,2704.06406132,0.01998465,0.01998465,22756,70,0
8782.53087588,8782.53094600,3182.94607230,3182.94383681,0.04709865,2704.08905189,0.01998465,0.01998465,22755,70,0
8782.91688792,8782.91689632,3195.26266346,3195.26239509,0.04625733,2704.11158804,0.01998465,0.01998465,22754,70,0
8783.30281706,8783.30288057,3207.60397986,3207.60194720,0.04984900,2704.13164220,0.01998465,0.01998465,22753,70,0
8783.68886796,8783.68889875,3219.96998691,3219.96899961,0.04863087,2704.14920974,0.01998465,0.01998465,22752,70,0
8784.07476026,8784.07495085,3232.36001171,3232.35388925,0.04567742,2704.16426268,0.01998465,0.01998465,22751,70,0
8784.46185451,8784.46103689,3244.77351754,3244.79982968,0.04930896,2704.17682888,0.01998465,0.01998465,22750,70,0
8784.84687666,8784.84715687,3257.21102196,3257.20198727,0.04062038,2704.18679681,0.01998465,0.01998465,22749,70,0
8785.23241564,8785.23331080,3269.67348149,3269.64456351,0.04811986,2704.19423484,0.01998465,0.01998465,22748,70,0
8785.61921771,8785.61949867,3282.16163272,3282.15253824,0.04411382,2704.19912479,0.01998465,0.01998465,22747,70,0
8786.00566767,8786.00572050,3294.67546122,3294.67374786,0.05181368,2704.20142146,0.01998465,0.01998465,22746,70,0
8786.39156058,8786.39197629,3307.21479755,3307.20128914,0.04766525,2704.20111712,0.01998465,0.01998465,22745,70,0
8786.77881873,8786.77826603,3319.77949621,3319.79749080,0.04415333,2704.19818647,0.01998465,0.01998465,22744,70,0
8787.16495218,8787.16458975,3332.36945235,3332.38127496,0.04152243,2704.19263040,0.01998465,0.01998465,22743,70,0
8787.55114526,8787.55094743,3344.98460177,3344.99106717,0.04448939,2704.18442730,0.01998465,0.01998465,22742,70,0
8787.93744513,8787.93733910,3357.62549585,3357.62896820,0.04377530,2704.17355841,0.01998465,0.01998465,22741,70,0
8788.32329981,8788.32376474,3370.29318986,3370.27793284,0.04120477,2704.16002568,0.01998465,0.01998465,22740,70,0
8788.71051801,8788.71022437,3382.98855611,3382.99821234,0.04405746,2704.14373825,0.01998465,0.01998465,22739,70,0
8789.09668013,8789.09671798,3395.71120421,3395.70995679,0.04637495,2704.12477810,0.01998465,0.01998465,22738,70,0
8789.48313968,8789.48324559,3408.46026164,3408.45676481,0.04177882,2704.10307138,0.01998465,0.01998465,22737,70,0
8789.86941049,8789.86980720,3421.23519164,3421.22206849,0.04664127,2704.07862887,0.01998465,0.01998465,22736,70,0
8790.25571887,8790.25640281,3434.03632491,3434.01365523,0.04730701,2704.05142097,0.01998465,0.01998465,22735,70,0
8790.64278586,8790.64303243,3446.86413319,3446.85594415,0.04541615,2704.02137076,0.01998465,0.01998465,22734,70,0
8791.02943245,8791.02969606,3459.71914989,3459.71037671,0.04535900,2703.98854792,0.01998465,0.01998465,22733,70,0
8791.41598515,8791.41639371,3472.60197559,3472.58834992,0.04885724,2703.95291144,0.01998465,0.01998465,22732,70,0
8791.80338932,8791.80312538,3485.51312065,3485.52194165,0.03789963,2703.91434667,0.01998465,0.01998465,22731,70,0
8792.18952143,8792.18989107,3498.45234459,3498.43996544,0.04387968,2703.87305249,0.01998465,0.01998465,22730,70,0
8792.57612698,8792.57669080,3511.41905858,3511.40013876,0.04279025,2703.82883535,0.01998465,0.01998465,22729,70,0
8792.96380026,8792.96352455,3524.41265986,3524.42192970,0.03751806,2703.78159479,0.01998465,0.01998465,22728,70,0
8793.35089019,8793.35039235,3537.43252644,3537.44929704,0.04283117,2703.73151181,0.01998465,0.01998465,22727,70,0
8793.73770780,8793.73729419,3550.47810446,3550.49206384,0.03743414,2703.67854133,0.01998465,0.01998465,22726,70,0
8794.12362783,8794.12423008,3563.55070965,3563.53034091,0.05089690,2703.62276006,0.01998465,0.01998465,22725,70,0
8794.51091908,8794.51120002,3576.65359548,3576.64407136,0.04657185,2703.56380234,0.01998465,0.01998465,22724,70,0
8794.89825910,8794.89820401,3589.78939294,3589.79126472,0.04743329,2703.50182079,0.01998465,0.01998465,22723,70,0
8795.28436732,8795.28524207,3602.95620704,3602.92641741,0.04675078,2703.43702238,0.01998464,0.01998465,22722,70,0
8795.67213750,8795.67231420,3616.15042770,3616.14439902,0.04959952,2703.36891529,0.01998465,0.01998465,22721,70,0
8796.05989808,8796.05942039,3629.37098869,3629.38731990,0.04573534,2703.29776171,0.01998465,0.01998465,22720,70,0
8796.44680949,8796.44656066,3642.62186307,3642.63039042,0.04661668,2703.22368597,0.01998465,0.01998465,22719,70,0
8796.83327404,8796.83373501,3655.90726028,3655.89142262,0.04525275,2703.14658189,0.01998465,0.01998465,22718,70,0
8797.22071759,8797.22094344,3669.22653521,3669.21875757,0.04408095,2703.06613984,0.01998465,0.01998465,22717,70,0
8797.60858415,8797.60818596,3682.57572732,3682.58946722,0.04408105,2702.98246112,0.01998465,0.01998465,22716,70,0
8797.99538607,8797.99546258,3695.95223906,3695.94959398,0.04131592,2702.89587186,0.01998465,0.01998465,22715,70,0
8798.38260573,8798.38277329,3709.35827163,3709.35246555,0.04669713,2702.80601508,0.01998465,0.01998465,22714,70,0
8798.77108054,8798.77011810,3722.79692819,3722.83036006,0.04626892,2702.71263424,0.01998465,0.01998465,22713,70,0
8799.15790602,8799.15749702,3736.26872799,3736.28296798,0.04203398,2702.61640698,0.01998465,0.01998465,22712,70,0
8799.54519442,8799.54491005,3749.77156644,3749.78148824,0.04664737,2702.51681642,0.01998465,0.01998465,22711,70,0
8799.93205085,8799.93235719,3763.30367542,3763.29296477,0.04617363,2702.41408519,0.01998465,0.01998465,22710,70,0
8800.31884870,8800.31983846,3776.86551956,3776.83084082,0.04640255,2702.30809710,0.01998465,0.01998465,22709,70,0
8800.70691198,8800.70735385,3790.45822284,3790.44270627,0.04997557,2702.19844486,0.01998465,0.01998465,22708,70,0
8801.09517477,8801.09490337,3804.08260105,3804.09215298,0.04565586,2702.08538306,0.01998465,0.01998465,22707,70,0
8801.48278975,8801.48248702,3817.73907008,3817.74974869,0.04651133,2701.96913920,0.01998465,0.01998465,22706,70,0
8801.87039322,8801.87010481,3831.42796750,3831.43816455,0.04132259,2701.84950628,0.01998465,0.01998465,22705,70,0
8802.25754108,8802.25775675,3845.14931236,3845.14167016,0.04190395,2701.72660533,0.01998465,0.01998465,22704,70,0
8802.64536093,8802.64544283,3858.90303251,3858.90012393,0.04445618,2701.60005408,0.01998465,0.01998465,22703,70,0
8803.03310814,8803.03316306,3872.69003414,3872.68807906,0.04478046,2701.47005675,0.01998465,0.01998465,22702,70,0
8803.42091000,8803.42091745,3886.51258307,3886.51231718,0.03821545,2701.33652592,0.01998465,0.01998465,22701,70,0
8803.80833958,8803.80870599,3900.37242740,3900.35931491,0.03889076,2701.19957099,0.01998464,0.01998465,22700,70,0
8804.19637762,8804.19652871,3914.26768642,3914.26226676,0.04494680,2701.05883553,0.01998465,0.01998465,22699,70,0
8804.58517609,8804.58438559,3928.19526236,3928.22367925,0.03932237,2700.91425347,0.01998465,0.01998465,22698,70,0
8804.97242704,8804.97227665,3942.15536290,3942.16078207,0.04176118,2700.76666922,0.01998465,0.01998465,22697,70,0
8805.35991036,8805.36020189,3956.15245359,3956.14192007,0.04069724,2700.61535136,0.01998464,0.01998465,22696,70,0
8805.74815273,8805.74816130,3970.18975112,3970.18944061,0.04246379,2700.46001843,0.01998465,0.01998465,22695,70,0
8806.13604416,8806.13615491,3984.26306367,3984.25904208,0.04415997,2700.30112829,0.01998465,0.01998465,22694,70,0
8806.52352889,8806.52418271,3998.36624651,3998.34246025,0.04241850,2700.13876076,0.01998464,0.01998465,22693,70,0
8806.91248665,8806.91224471,4012.49987169,4012.50869403,0.04051360,2699.97208523,0.01998465,0.01998465,22692,70,0
8807.30043740,8807.30034091,4026.67133669,4026.67486532,0.04223577,2699.80204656,0.01998465,0.01998465,22691,70,0
8807.68849594,8807.68847131,4040.88572935,4040.88663281,0.04396251,2699.62807959,0.01998465,0.01998465,22690,70,0
8808.07626798,8808.07663592,4055.13933350,4055.12580602,0.04071453,2699.45038003,0.01998465,0.01998465,22689,70,0
8808.46394375,8808.46483475,4069.42694128,4069.39411209,0.04141349,2699.26890517,0.01998464,0.01998465,22688,70,0
8808.85348141,8808.85306780,4083.74791070,4083.76318558,0.03818107,2699.08269627,0.01998465,0.01998464,22687,70,0
nan,nan,0.00000000,-1.00000000,0.00000000,2705.51158835,nan,0.00000000,-2147483648,69,1
8785.23303438,8785.23331080,13.37175233,13.36582031,0.05285706,2705.96980124,0.01998465,0.01998465,22748,69,0
8785.62150401,8785.61949867,21.66285354,21.70592415,0.06123481,2706.42542269,0.01998465,0.01998465,22747,69,0
8786.00586569,8786.00572050,29.96159142,29.96471249,0.04668984,2706.87543839,0.01998465,0.01998465,22746,69,0
8786.39221834,8786.39197629,38.26810195,38.27330960,0.04896265,2707.32700028,0.01998465,0.01998465,22745,69,0
8786.77816433,8786.77826603,46.58230580,46.58011592,0.04646433,2707.77729422,0.01998465,0.01998465,22744,69,0
8787.16431613,8787.16458975,54.90384548,54.89794940,0.04965851,2708.22701349,0.01998465,0.01998465,22743,69,0
8787.55148357,8787.55094743,63.23234334,63.24390467,0.05201389,2708.67707444,0.01998465,0.01998465,22742,69,0
8787.93610591,8787.93733910,71.56742235,71.54081149,0.04518889,2709.12332044,0.01998465,0.01998465,22741,69,0
8788.32260719,8788.32376474,79.90897319,79.88397694,0.06026172,2709.57087852,0.01998465,0.01998465,22740,69,0
8788.71021100,8788.71022437,88.25738237,88.25709345,0.05735321,2710.01885811,0.01998465,0.01998465,22739,69,0
8789.09636067,8789.09671798,96.61309180,96.60536380,0.04233596,2710.46432675,0.01998465,0.01998465,22738,69,0
8789.48271171,8789.48324559,104.97654549,104.96498850,0.05725955,2710.90921938,0.01998465,0.01998465,22737,69,0
8789.86959486,8789.86980720,113.34805181,113.34345128,0.04811500,2711.35392825,0.01998465,0.01998465,22736,69,0
8790.25640336,8790.25640281,121.72756676,121.72757863,0.04133183,2711.79774931,0.01998465,0.01998465,22735,69,0
8790.64307164,8790.64303243,130.11499002,130.11584095,0.05032318,2712.24059989,0.01998465,0.01998465,22734,69,0
8791.02971767,8791.02969606,138.51022074,138.51068994,0.04459348,2712.68260754,0.01998465,0.01998465,22733,69,0
8791.41619155,8791.41639371,146.91314584,146.90875105,0.04278222,2713.12359287,0.01998465,0.01998465,22732,69,0
8791.80380344,8791.80312538,155.32361117,155.33836320,0.04828502,2713.56503693,0.01998465,0.01998465,22731,69,0
8792.18939340,8792.18989107,163.74145288,163.73061690,0.04629188,2714.00333269,0.01998465,0.01998465,22730,69,0
8792.57701125,8792.57669080,172.16650625,172.17348890,0.05233569,2714.44307237,0.01998465,0.01998465,22729,69,0
8792.96356410,8792.96352455,180.59869120,180.59955361,0.04098714,2714.88073736,0.01998465,0.01998465,22728,69,0
8793.35038849,8793.35039235,189.03831562,189.03823139,0.05407128,2715.31785706,0.01998465,0.01998465,22727,69,0
8793.73671848,8793.73729419,197.48579918,197.47322383,0.04386610,2715.75358570,0.01998465,0.01998465,22726,69,0
8794.12470365,8794.12423008,205.94156385,205.95191767,0.05440094,2716.19036298,0.01998465,0.01998465,22725,69,0
8794.51092036,8794.51120002,214.40593509,214.39981527,0.04837222,2716.62434877,0.01998465,0.01998465,22724,69,0
8794.89838398,8794.89820401,222.87867981,222.88262156,0.04892869,2717.05891798,0.01998465,0.01998465,22723,69,0
8795.28508238,8795.28524207,231.35936629,231.35586580,0.04861241,2717.49178735,0.01998465,0.01998465,22722,69,0
8795.67223062,8795.67231420,239.84756019,239.84572677,0.03957712,2717.92429311,0.01998465,0.01998465,22721,69,0
8796.05959750,8796.05942039,248.34289782,248.34678609,0.04967876,2718.35615365,0.01998465,0.01998465,22720,69,0
8796.44548016,8796.44656066,256.84551046,256.82177044,0.04644277,2718.78547901,0.01998464,0.01998465,22719,69,0
8796.83332167,8796.83373501,265.35573695,265.34664792,0.04501171,2719.21611285,0.01998465,0.01998465,22718,69,0
8797.22054936,8797.22094344,273.87391873,273.86524566,0.04511479,2719.64520858,0.01998465,0.01998465,22717,69,0
8797.60837678,8797.60818596,282.40036956,282.40457293,0.04244659,2720.07412399,0.01998465,0.01998465,22716,69,0
8797.99561909,8797.99546258,290.93517461,290.93862552,0.06244259,2720.50154996,0.01998465,0.01998465,22715,69,0
8798.38232523,8798.38277329,299.47831122,299.46842373,0.04232528,2720.92754002,0.01998464,0.01998465,22714,69,0
8798.77067551,8798.77011810,308.02975597,308.04206752,0.05821299,2721.35448818,0.01998465,0.01998465,22713,69,0
8799.15783908,8799.15749702,316.58949012,316.59705179,0.03916373,2721.77927678,0.01998465,0.01998465,22712,69,0
8799.54545045,8799.54491005,325.15753613,325.16949297,0.04871173,2722.20369974,0.01998465,0.01998465,22711,69,0
8799.93194096,8799.93235719,333.73393757,333.72471997,0.04229403,2722.62604082,0.01998464,0.01998465,22710,69,0
8800.31904928,8800.31983846,342.31873837,342.30124597,0.04684283,2723.04820075,0.01998464,0.01998465,22709,69,0
8800.70714360,8800.70735385,350.91196739,350.90730301,0.05659088,2723.47057413,0.01998465,0.01998465,22708,69,0
8801.09520547,8801.09490337,359.51351720,359.52022508,0.04094286,2723.89204102,0.01998465,0.01998465,22707,69,0
8801.48260600,8801.48248702,368.12320803,368.12585211,0.04995675,2724.31190896,0.01998465,0.01998465,22706,69,0
8801.87027994,8801.87010481,376.74085839,376.74475356,0.04142301,2724.73118061,0.01998465,0.01998465,22705,69,0
8802.25792122,8802.25775675,385.36631365,385.36997475,0.04721303,2725.14951376,0.01998465,0.01998465,22704,69,0
8802.64499995,8802.64544283,393.99966503,393.98979847,0.05330483,2725.56634027,0.01998464,0.01998465,22703,69,0
8803.03274604,8803.03316306,402.64113307,402.63183467,0.04725328,2725.98299197,0.01998464,0.01998465,22702,69,0
8803.42132990,8803.42091745,411.29094063,411.30014555,0.04562036,2726.39965455,0.01998465,0.01998465,22701,69,0
8803.80917730,8803.80870599,419.94929260,419.95982050,0.05158292,2726.81464646,0.01998465,0.01998465,22700,69,0
8804.19650772,8804.19652871,428.61623409,428.61576485,0.04044085,2727.22820583,0.01998465,0.01998465,22699,69,0
8804.58563589,8804.58438559,437.29173055,437.31970959,0.04730717,2727.64279494,0.01998465,0.01998465,22698,69,0
8804.97227155,8804.97227665,445.97574658,445.97563241,0.05380494,2728.05384039,0.01998465,0.01998465,22697,69,0
8805.35970117,8805.36020189,454.66825041,454.65702549,0.04447077,2728.46483737,0.01998464,0.01998465,22696,69,0
8805.74849350,8805.74816130,463.36923883,463.37669243,0.04386812,2728.87637850,0.01998465,0.01998465,22695,69,0
8806.13594902,8806.13615491,472.07872163,472.07409790,0.04779813,2729.28560355,0.01998465,0.01998465,22694,69,0
8806.52383713,8806.52418271,480.79670872,480.78894098,0.04250571,2729.69438183,0.01998465,0.01998465,22693,69,0
8806.91186110,8806.91224471,489.52318361,489.51455355,0.04240615,2730.10239475,0.01998465,0.01998465,22692,69,0
8807.29945377,8807.30034091,498.25795976,498.23798476,0.04738022,2730.50903518,0.01998464,0.01998465,22691,69,0
8807.68832643,8807.68847131,507.00078227,506.99751752,0.05706236,2730.91608060,0.01998465,0.01998465,22690,69,0
8808.07629010,8808.07663592,515.75139454,515.74359538,0.04345002,2731.32122357,0.01998465,0.01998465,22689,69,0
8808.46409335,8808.46483475,524.50966540,524.49293144,0.04021781,2731.72524085,0.01998464,0.01998465,22688,69,0
8808.85336432,8808.85306780,533.27613468,533.28283329,0.04304601,2732.12984593,0.01998465,0.01998464,22687,69,0
8809.24117530,8809.24133507,542.05156671,542.04795369,0.05196056,2732.53202772,0.01998464,0.01998464,22686,69,0
8809.62990149,8809.62963658,550.83673048,550.84272723,0.03574697,2732.93428316,0.01998465,0.01998464,22685,69,0
8810.01743698,8810.01797231,559.63213014,559.61999909,0.04830436,2733.33445318,0.01998464,0.01998464,22684,69,0
8810.40623762,8810.40634228,568.43714836,568.43477448,0.04759157,2733.73504147,0.01998465,0.01998464,22683,69,0
8810.79404437,8810.79474650,577.25087070,577.23493126,0.04597799,2734.13367465,0.01998464,0.01998464,22682,69,0
8811.18367731,8811.18318496,586.07237740,586.08356299,0.05284740,2734.53320363,0.01998465,0.01998464,22681,69,0
8811.57130846,8811.57165767,594.90112657,594.89318718,0.05358918,2734.92967669,0.01998464,0.01998464,22680,69,0
8811.95930928,8811.96016464,603.73778289,603.71831915,0.05821864,2735.32555278,0.01998464,0.01998464,22679,69,0
8812.34836148,8812.34870586,612.58325309,612.57540913,0.04462783,2735.72155969,0.01998464,0.01998464,22678,69,0
8812.73714986,8812.73728136,621.43844740,621.43544907,0.04106772,2736.11639306,0.01998464,0.01998464,22677,69,0
8813.12585010,8813.12589112,630.30381170,630.30287555,0.04398728,2736.51024866,0.01998464,0.01998464,22676,69,0
8813.51392348,8813.51453516,639.17871170,639.16473719,0.05057291,2736.90255114,0.01998464,0.01998464,22675,69,0
8813.90344207,8813.90321347,648.06235722,648.06758425,0.04891854,2737.29535372,0.01998465,0.01998464,22674,69,0
8814.29249396,8814.29192607,656.95396199,656.96695724,0.05627480,2737.68668682,0.01998465,0.01998464,22673,69,0
8814.68058753,8814.68067295,665.85334476,665.85138838,0.05489159,2738.07605055,0.01998464,0.01998464,22672,69,0
8815.06914280,8815.06945413,674.76132236,674.75418570,0.05362605,2738.46490422,0.01998464,0.01998464,22671,69,0
8815.45822746,8815.45826961,683.67880912,683.67784192,0.04376591,2738.85334833,0.01998464,0.01998464,22670,69,0
8815.84722576,8815.84711938,692.60669721,692.60914107,0.04532436,2739.24080157,0.01998464,0.01998464,22669,69,0
8816.23582803,8816.23600346,701.54507641,701.54104206,0.04402764,2739.62695698,0.01998464,0.01998464,22668,69,0
8816.62561580,8816.62492185,710.49312126,710.50909469,0.05419723,2740.01334363,0.01998465,0.01998464,22667,69,0
8817.01333052,8817.01387456,719.44995179,719.43741852,0.04221534,2740.39669332,0.01998464,0.01998464,22666,69,0
8817.40165204,8817.40286158,728.41474367,728.38685705,0.03215828,2740.77962293,0.01998464,0.01998464,22665,69,0
8817.79176811,8817.79188293,737.38755776,737.38490829,0.04508070,2741.16329380,0.01998464,0.01998464,22664,69,0
8818.18148022,8818.18093861,746.36912893,746.38163806,0.04562304,2741.54556653,0.01998464,0.01998464,22663,69,0
8818.56981897,8818.57002862,755.36021324,755.35536615,0.04188703,2741.92552566,0.01998464,0.01998464,22662,69,0
8818.95945776,8818.95915297,764.36148431,764.36853847,0.04002518,2742.30581188,0.01998464,0.01998464,22661,69,0
8819.34868018,8819.34831166,773.37292491,773.38146261,0.04308883,2742.68474199,0.01998464,0.01998464,22660,69,0
8819.73789489,8819.73750470,782.39418495,782.40323370,0.04179154,2743.06269678,0.01998464,0.01998464,22659,69,0
8820.12665505,8820.12673209,791.42491000,791.42312168,0.04470270,2743.43922545,0.01998464,0.01998464,22658,69,0
8820.51605303,8820.51599383,800.46482387,800.46619914,0.04354988,2743.81537018,0.01998464,0.01998464,22657,69,0
8820.90522624,8820.90528994,809.51400998,809.51252871,0.04269757,2744.19029603,0.01998464,0.01998464,22656,69,0
8821.29430046,8821.29462041,818.57265370,818.56520575,0.04274764,2744.56412945,0.01998464,0.01998464,22655,69,0
8821.68367896,8821.68398525,827.64094140,827.63380442,0.05238406,2744.93726108,0.01998464,0.01998464,22654,69,0
8822.07380479,8822.07338446,836.71900569,836.72880966,0.05275251,2745.31011311,0.01998464,0.01998464,22653,69,0
8822.46268189,8822.46281805,845.80684347,845.80366431,0.04847127,2745.68077580,0.01998464,0.01998464,22652,69,0
8822.85293129,8822.85228603,854.90443071,854.91951077,0.05393293,2746.05174210,0.01998464,0.01998464,22651,69,0
8823.24162747,8823.24178839,864.01174726,864.00798285,0.05231269,2746.42022710,0.01998464,0.01998464,22650,69,0
8823.63101610,8823.63132515,873.12895562,873.12171867,0.04803138,2746.78836573,0.01998464,0.01998464,22649,69,0
8824.02090831,8824.02089630,882.25647167,882.25675319,0.04428455,2747.15598760,0.01998464,0.01998464,22648,69,0
8824.41068483,8824.41050185,891.39473235,891.39902659,0.04455248,2747.52252073,0.01998464,0.01998464,22647,69,0
8824.79951039,8824.80014181,900.54412683,900.52929163,0.04415177,2747.88719482,0.01998464,0.01998464,22646,69,0
8825.18950371,8825.18981618,909.70431280,909.69696370,0.05155619,2748.25197812,0.01998464,0.01998464,22645,69,0
8825.58008841,8825.57952497,918.87439166,918.88765582,0.05074515,2748.61628473,0.01998464,0.01998464,22644,69,0
8825.97009121,8825.96926817,928.05344535,928.07283711,0.05027253,2748.97898003,0.01998464,0.01998464,22643,69,0
8826.35955317,8826.35904580,937.24074678,937.25271078,0.04541940,2749.34007478,0.01998464,0.01998464,22642,69,0
8826.74864628,8826.74885786,946.43679418,946.43180040,0.04317797,2749.69974859,0.01998464,0.01998464,22641,69,0
8827.13814364,8827.13870435,955.64256293,955.62931542,0.05212847,2750.05875041,0.01998464,0.01998464,22640,69,0
8827.52849396,8827.52858528,964.85903533,964.85687534,0.05297103,2750.41752302,0.01998464,0.01998464,22639,69,0
8827.91814443,8827.91850065,974.08679884,974.07836379,0.04725349,2750.77465702,0.01998464,0.01998464,22638,69,0
8828.30872789,8828.30845047,983.32530133,983.33187715,0.04452329,2751.13162215,0.01998464,0.01998464,22637,69,0
8828.69861568,8828.69843474,992.57378464,992.57807767,0.05071925,2751.48689554,0.01998464,0.01998464,22636,69,0
8829.08850007,8829.08845347,1001.83149902,1001.83260552,0.05128727,2751.84107818,0.01998464,0.01998464,22635,69,0
8829.47875298,8829.47850666,1011.09824277,1011.10409746,0.04720640,2752.19449508,0.01998464,0.01998464,22634,69,0
8829.86910336,8829.86859431,1020.37454950,1020.38666067,0.04045744,2752.54691546,0.01998464,0.01998464,22633,69,0
8830.25914730,8830.25871644,1029.66100744,1029.67126921,0.05059071,2752.89799390,0.01998464,0.01998464,22632,69,0
8830.64958114,8830.64887303,1038.95815939,1038.97504220,0.04865756,2753.24837312,0.01998464,0.01998464,22631,69,0
8831.03885951,8831.03906411,1048.26600981,1048.26112662,0.04370376,2753.59666514,0.01998464,0.01998464,22630,69,0
8831.42916905,8831.42928967,1057.58422744,1057.58134558,0.04882921,2753.94481018,0.01998464,0.01998464,22629,69,0
8831.81982218,8831.81954972,1066.91247375,1066.91898939,0.05177924,2754.29217246,0.01998464,0.01998464,22628,69,0
8832.20994787,8832.20984426,1076.25048768,1076.25296785,0.04747294,2754.63796450,0.01998464,0.01998464,22627,69,0
8832.60010359,8832.60017330,1085.59833672,1085.59666650,0.05003058,2754.98268104,0.01998464,0.01998464,22626,69,0
8832.99081038,8832.99053684,1094.95617425,1094.96273484,0.04987730,2755.32678161,0.01998464,0.01998464,22625,69,0
8833.38072743,8833.38093489,1104.32415679,1104.31917607,0.04409524,2755.66908798,0.01998464,0.01998464,22624,69,0
8833.77143511,8833.77136745,1113.70259481,1113.70422088,0.04645584,2756.01099469,0.01998464,0.01998464,22623,69,0
8834.16253967,8834.16183453,1123.09205303,1123.10901915,0.04421116,2756.35216836,0.01998464,0.01998464,22622,69,0
8834.55270326,8834.55233612,1132.49312352,1132.50196737,0.04156789,2756.69146095,0.01998464,0.01998464,22621,69,0
8834.94280362,8834.94287224,1141.90633312,1141.90467818,0.04638304,2757.02965386,0.01998464,0.01998464,22620,69,0
8835.33343652,8835.33344289,1151.33134871,1151.33119490,0.04489429,2757.36724465,0.01998464,0.01998464,22619,69,0
8835.72447232,8835.72404808,1160.76724806,1160.77750172,0.04853249,2757.70407961,0.01998464,0.01998464,22618,69,0
8836.11484495,8836.11468780,1170.21309140,1170.21689303,0.04260759,2758.03920372,0.01998464,0.01998464,22617,69,0
8836.50509627,8836.50536206,1179.66825966,1179.66182396,0.04848778,2758.37305971,0.01998464,0.01998464,22616,69,0
8836.89624577,8836.89607088,1189.13344038,1189.13767948,0.04741207,2758.70653663,0.01998464,0.01998464,22615,69,0
8837.28700714,8837.28681425,1198.60965410,1198.61433486,0.04430140,2759.03856714,0.01998464,0.01998464,22614,69,0
8837.67727032,8837.67759217,1208.09791438,1208.09009492,0.05114669,2759.36909209,0.01998464,0.01998464,22613,69,0
8838.06806893,8838.06840465,1217.59857445,1217.59040826,0.05011854,2759.69899386,0.01998464,0.01998464,22612,69,0
8838.45943540,8838.45925171,1227.11104360,1227.11551673,0.05024393,2760.02826952,0.01998464,0.01998464,22611,69,0
8838.84992819,8838.85013333,1236.63465506,1236.62965427,0.04599386,2760.35567965,0.01998464,0.01998464,22610,69,0
8839.24038925,8839.24104953,1246.16881187,1246.15270017,0.04752787,2760.68190906,0.01998464,0.01998464,22609,69,0
8839.63153514,8839.63200031,1255.71356253,1255.70219995,0.04519509,2761.00755071,0.01998464,0.01998464,22608,69,0
8840.02256805,8840.02298567,1265.26929093,1265.25907874,0.04398355,2761.33194641,0.01998464,0.01998464,22607,69,0
8840.41388472,8840.41400562,1274.83638613,1274.83342629,0.05161432,2761.65543301,0.01998464,0.01998464,22606,69,0
8840.80454377,8840.80506017,1284.41511197,1284.40245590,0.04964558,2761.97723797,0.01998464,0.01998464,22605,69,0
8841.19625159,8841.19614931,1294.00540257,1294.00791207,0.04802646,2762.29875802,0.01998464,0.01998464,22604,69,0
8841.58665269,8841.58727306,1303.60713853,1303.59190075,0.04332815,2762.61805197,0.01998464,0.01998464,22603,69,0
8841.97885819,8841.97843141,1313.22019841,1313.23069247,0.04523364,2762.93765313,0.01998464,0.01998464,22602,69,0
8842.36954980,8842.36962438,1322.84444017,1322.84260439,0.04682362,2763.25484666,0.01998464,0.01998464,22601,69,0
8842.76090612,8842.76085196,1332.47970386,1332.48103839,0.04719662,2763.57139510,0.01998464,0.01998464,22600,69,0
8843.15238388,8843.15211417,1342.12582779,1342.13248052,0.04568792,2763.88684548,0.01998464,0.01998464,22599,69,0
8843.54291275,8843.54341100,1351.78277050,1351.77046739,0.04668137,2764.20033313,0.01998464,0.01998464,22598,69,0
8843.93458976,8843.93474246,1361.45099337,1361.44721846,0.04930607,2764.51355075,0.01998464,0.01998464,22597,69,0
8844.32610135,8844.32610856,1371.13109135,1371.13091294,0.04333075,2764.82545770,0.01998464,0.01998464,22596,69,0
8844.71800920,8844.71750930,1380.82364901,1380.83603592,0.04870662,2765.13651394,0.01998464,0.01998464,22595,69,0
8845.10828262,8845.10894468,1390.52878047,1390.51235590,0.04764707,2765.44511148,0.01998464,0.01998464,22594,69,0
8845.50086880,8845.50041471,1400.24603306,1400.25731109,0.05757085,2765.75434848,0.01998464,0.01998464,22593,69,0
8845.89198939,8845.89191940,1409.97491739,1409.97665766,0.04907500,2766.06122422,0.01998464,0.01998464,22592,69,0
8846.28363913,8846.28345874,1419.71500622,1419.71949593,0.04738444,2766.36728965,0.01998464,0.01998464,22591,69,0
8846.67492088,8846.67503275,1429.46623580,1429.46344850,0.04868324,2766.67183609,0.01998464,0.01998464,22590,69,0
8847.06667760,8847.06664142,1439.22866885,1439.22957118,0.05428799,2766.97551623,0.01998464,0.01998464,22589,69,0
8847.45821209,8847.45828477,1449.00237597,1449.00056137,0.04699858,2767.27778572,0.01998464,0.01998464,22588,69,0
8847.84956488,8847.84996279,1458.78778483,1458.77783800,0.04659846,2767.57868596,0.01998464,0.01998464,22587,69,0
8848.24160316,8848.24167549,1468.58583593,1468.58402559,0.05070909,2767.87890491,0.01998464,0.01998464,22586,69,0
8848.63331612,8848.63342288,1478.39751582,1478.39483988,0.04944209,2768.17769121,0.01998464,0.01998464,22585,69,0
8849.02583158,8849.02520496,1488.22355586,1488.23928218,0.04223813,2768.47591903,0.01998464,0.01998464,22584,69,0
8849.41648700,8849.41702174,1498.06305074,1498.04961432,0.04769856,2768.77153656,0.01998464,0.01998464,22583,69,0
8849.80893846,8849.80887322,1507.91445451,1507.91609571,0.04894262,2769.06725844,0.01998464,0.01998464,22582,69,0
8850.20132118,8850.20075940,1517.77623084,1517.79037447,0.04906360,2769.36162016,0.01998464,0.01998464,22581,69,0
8850.59244040,8850.59268028,1527.64798149,1527.64193627,0.04581616,2769.65371579,0.01998464,0.01998464,22580,69,0
8850.98436736,8850.98463589,1537.53097963,1537.52420486,0.05015278,2769.94512754,0.01998464,0.01998464,22579,69,0
8851.37663605,8851.37662621,1547.42664001,1547.42688852,0.04882932,2770.23553968,0.01998464,0.01998464,22578,69,0
8851.76866532,8851.76865125,1557.33614204,1557.33649797,0.05343375,2770.52455011,0.01998464,0.01998464,22577,69,0
8852.16139738,8852.16071103,1567.25924221,1567.27662459,0.05184160,2770.81283789,0.01998464,0.01998464,22576,69,0
8852.55241213,8852.55280553,1577.19517838,1577.18520374,0.04132666,2771.09860337,0.01998464,0.01998464,22575,69,0
8852.94484533,8852.94493477,1587.14319725,1587.14092690,0.04896125,2771.38411235,0.01998464,0.01998464,22574,69,0
8853.33701105,8853.33709875,1597.10310166,1597.10087310,0.04818123,2771.66812156,0.01998464,0.01998464,22573,69,0
8853.72888394,8853.72929748,1607.07540322,1607.06488204,0.05566845,2771.95062453,0.01998464,0.01998464,22572,69,0
8854.12180363,8854.12153096,1617.06066292,1617.06760880,0.05539712,2772.23259345,0.01998464,0.01998464,22571,69,0
8854.51371603,8854.51379919,1627.05931326,1627.05719220,0.04373344,2772.51256025,0.01998464,0.01998464,22570,69,0
8854.90598621,8854.90610219,1637.07119153,1637.06822989,0.05387677,2772.79149265,0.01998464,0.01998464,22569,69,0
8855.29859928,8855.29843995,1647.09596507,1647.10003875,0.04359177,2773.06936134,0.01998464,0.01998464,22568,69,0
8855.69033886,8855.69081247,1657.13331841,1657.12119574,0.05338049,2773.34529358,0.01998464,0.01998464,22567,69,0
8856.08289993,8856.08321978,1667.18334070,1667.17514415,0.05322064,2773.62048021,0.01998464,0.01998464,22566,69,0
8856.47580854,8856.47566186,1677.24650331,1677.25026708,0.05434634,2773.89459010,0.01998464,0.01998464,22565,69,0
8856.86830386,8856.86813872,1687.32329578,1687.32753851,0.05443174,2774.16709993,0.01998464,0.01998464,22564,69,0
8857.26047023,8857.26065037,1697.41398728,1697.40935332,0.04899822,2774.43807292,0.01998464,0.01998464,22563,69,0
8857.65260106,8857.65319681,1707.51819251,1707.50284829,0.04743369,2774.70769695,0.01998464,0.01998464,22562,69,0
8858.04562389,8858.04577805,1717.63540342,1717.63142819,0.04539342,2774.97658574,0.01998464,0.01998464,22561,69,0
8858.43851558,8858.43839410,1727.76516624,1727.76830237,0.04803113,2775.24401740,0.01998464,0.01998464,22560,69,0
8858.83104998,8858.83104495,1737.90762562,1737.90775570,0.04514648,2775.50983852,0.01998464,0.01998464,22559,69,0
8859.22343494,8859.22373060,1748.06328268,1748.05563141,0.04901257,2775.77419963,0.01998464,0.01998464,22558,69,0
8859.61633558,8859.61645108,1758.23264378,1758.22965100,0.05027685,2776.03755386,0.01998464,0.01998464,22557,69,0
8860.00999119,8860.00920637,1768.41599021,1768.43635206,0.04700511,2776.30005584,0.01998464,0.01998464,22556,69,0
8860.40110587,8860.40199649,1778.61322759,1778.59009153,0.04516703,2776.55950808,0.01998463,0.01998464,22555,69,0
8860.79470220,8860.79482144,1788.82422545,1788.82112406,0.04735097,2776.81923287,0.01998464,0.01998464,22554,69,0
8861.18789965,8861.18768123,1799.04885566,1799.05454379,0.05689853,2777.07730879,0.01998464,0.01998464,22553,69,0
8861.58074919,8861.58057585,1809.28700597,1809.29152572,0.05345253,2777.33376403,0.01998464,0.01998464,22552,69,0
8861.97354908,8861.97350531,1819.53856828,1819.53971080,0.04754669,2777.58878636,0.01998464,0.01998464,22551,69,0
8862.36602124,8862.36646963,1829.80344726,1829.79172747,0.04948381,2777.84218861,0.01998464,0.01998464,22550,69,0
8862.75962942,8862.75946879,1840.08177268,1840.08597619,0.05209514,2778.09490839,0.01998464,0.01998464,22549,69,0
8863.15290070,8863.15250282,1850.37386038,1850.38428616,0.05135270,2778.34599702,0.01998464,0.01998464,22548,69,0
8863.54508251,8863.54557170,1860.68003423,1860.66719940,0.04299625,2778.59498296,0.01998463,0.01998464,22547,69,0
8863.93846607,8863.93867545,1871.00062785,1870.99512697,0.04565251,2778.84332154,0.01998464,0.01998464,22546,69,0
8864.33179153,8864.33181408,1881.33599224,1881.33539904,0.04590896,2779.09021273,0.01998464,0.01998464,22545,69,0
8864.72484181,8864.72498758,1891.68648299,1891.68264305,0.04363417,2779.33552338,0.01998464,0.01998464,22544,69,0
8865.11860263,8865.11819596,1902.05229768,1902.06302581,0.04885205,2779.57986371,0.01998464,0.01998464,22543,69,0
8865.51193154,8865.51143922,1912.43277357,1912.44577744,0.04802240,2779.82250041,0.01998464,0.01998464,22542,69,0
8865.90540023,8865.90471738,1922.82695483,1922.84501300,0.04452931,2780.06375857,0.01998464,0.01998464,22541,69,0
8866.29848910,8866.29803043,1933.23395425,1933.24609752,0.05086306,2780.30329400,0.01998464,0.01998464,22540,69,0
8866.69117507,8866.69137837,1943.65407797,1943.64868897,0.04866117,2780.54109795,0.01998464,0.01998464,22539,69,0
8867.08443374,8867.08476123,1954.08858608,1954.07989366,0.05338836,2780.77778241,0.01998464,0.01998464,22538,69,0
8867.47817695,8867.47817899,1964.53876477,1964.53871070,0.04377671,2781.01331030,0.01998464,0.01998464,22537,69,0
8867.87117873,8867.87163166,1975.00504494,1974.99298808,0.05098370,2781.24695164,0.01998463,0.01998464,22536,69,0
8868.26508536,8868.26511925,1985.48635406,1985.48545074,0.04674730,2781.47965266,0.01998464,0.01998464,22535,69,0
8868.65870630,8868.65864177,1995.98145951,1995.98318168,0.04944544,2781.71067214,0.01998464,0.01998464,22534,69,0
8869.05238255,8869.05219921,2006.48944411,2006.49434228,0.04792667,2781.94018486,0.01998464,0.01998464,22533,69,0
8869.44558352,8869.44579158,2017.01066058,2017.00509562,0.05195184,2782.16788530,0.01998464,0.01998464,22532,69,0
8869.83924301,8869.83941889,2027.54577758,2027.54106741,0.04503158,2782.39432218,0.01998463,0.01998464,22531,69,0
8870.23283288,8870.23308114,2038.09547399,2038.08881648,0.05198183,2782.61919705,0.01998463,0.01998464,22530,69,0
8870.62641432,8870.62677834,2048.66047620,2048.65070086,0.04635702,2782.84255345,0.01998463,0.01998464,22529,69,0
8871.01980280,8871.02051048,2059.24153890,2059.22250672,0.05020291,2783.06429598,0.01998463,0.01998464,22528,69,0
8871.41437249,8871.41427758,2069.83939779,2069.84195405,0.05070963,2783.28520084,0.01998463,0.01998463,22527,69,0
8871.80794347,8871.80807964,2080.45416296,2080.45048971,0.04961572,2783.50404044,0.01998463,0.01998463,22526,69,0
8872.20234206,8872.20191667,2091.08528805,2091.09677915,0.05063745,2783.72181161,0.01998463,0.01998463,22525,69,0
8872.59582731,8872.59578866,2101.73219258,2101.73323789,0.05316815,2783.93753367,0.01998463,0.01998463,22524,69,0
8872.98954660,8872.98969563,2112.39445263,2112.39041589,0.04860478,2784.15182332,0.01998463,0.01998463,22523,69,0
8873.38440916,8873.38363758,2123.07195741,2123.09288448,0.05228886,2784.36515728,0.01998464,0.01998463,22522,69,0
8873.77734145,8873.77761451,2133.76463184,2133.75721601,0.05387486,2784.57587064,0.01998463,0.01998463,22521,69,0
8874.17179915,8874.17162643,2144.47251788,2144.47721521,0.04741080,2784.78581217,0.01998463,0.01998463,22520,69,0
8874.56559050,8874.56567334,2155.19609652,2155.19384075,0.04661704,2784.99381179,0.01998463,0.01998463,22519,69,0
8874.95979799,8874.95975524,2165.93595504,2165.93712093,0.05056338,2785.20044612,0.01998463,0.01998463,22518,69,0
8875.35340221,8875.35387215,2176.69260218,2176.67976659,0.04386446,2785.40518334,0.01998463,0.01998463,22517,69,0
8875.74792289,8875.74802407,2187.46596394,2187.46319661,0.05037186,2785.60880211,0.01998463,0.01998463,22516,69,0
8876.14190165,8876.14221099,2198.25571390,2198.24724046,0.04713885,2785.81053289,0.01998463,0.01998463,22515,69,0
8876.53619135,8876.53643293,2209.06151945,2209.05489298,0.04965348,2786.01079931,0.01998463,0.01998463,22514,69,0
8876.93043350,8876.93068990,2219.88301500,2219.87597291,0.05285160,2786.20940276,0.01998463,0.01998463,22513,69,0
8877.32537229,8877.32498188,2230.71980990,2230.73054692,0.05409952,2786.40669896,0.01998464,0.01998463,22512,69,0
8877.71898135,8877.71930890,2241.57152838,2241.56250843,0.04669215,2786.60166507,0.01998463,0.01998463,22511,69,0
8878.11370110,8878.11367095,2252.43836220,2252.43919354,0.04877388,2786.79550706,0.01998463,0.01998463,22510,69,0
8878.50820571,8878.50806804,2263.32116325,2263.32496466,0.04898976,2786.98757532,0.01998463,0.01998463,22509,69,0
8878.90266415,8878.90250018,2274.22082351,2274.22535811,0.04857316,2787.17796106,0.01998463,0.01998463,22508,69,0
8879.29767373,8879.29696736,2285.13788538,2285.15744913,0.04934200,2787.36694997,0.01998464,0.01998463,22507,69,0
8879.69168070,8879.69146960,2296.07226145,2296.07811703,0.04811968,2787.55379100,0.01998463,0.01998463,22506,69,0
8880.08555125,8880.08600689,2307.02379804,2307.01114114,0.04760580,2787.73889058,0.01998463,0.01998463,22505,69,0
8880.48089448,8880.48057925,2317.99225575,2318.00102501,0.04963047,2787.92298340,0.01998463,0.01998463,22504,69,0
8880.87526526,8880.87518667,2328.97716740,2328.97935676,0.05166982,2788.10491111,0.01998463,0.01998463,22503,69,0
8881.27030415,8881.26982916,2339.97802398,2339.99127315,0.04864958,2788.28541558,0.01998463,0.01998463,22502,69,0
8881.66444963,8881.66450674,2350.99461912,2350.99302396,0.04993219,2788.46377315,0.01998463,0.01998463,22501,69,0
8882.05944525,8882.05921939,2362.02796161,2362.03427981,0.04375711,2788.64078092,0.01998463,0.01998463,22500,69,0
8882.45422201,8882.45396713,2373.07937073,2373.08651231,0.04808136,2788.81596769,0.01998463,0.01998463,22499,69,0
8882.84925905,8882.84874996,2384.14990639,2384.16419406,0.04828682,2788.98955276,0.01998463,0.01998463,22498,69,0
8883.24345097,8883.24356788,2395.23910656,2395.23582043,0.04758325,2789.16103696,0.01998463,0.01998463,22497,69,0
8883.63872427,8883.63842091,2406.34596812,2406.35450759,0.04521070,2789.33123161,0.01998463,0.01998463,22496,69,0
8884.03292530,8884.03330904,2417.46958701,2417.45876992,0.04840828,2789.49918642,0.01998463,0.01998463,22495,69,0
8884.42761954,8884.42823228,2428.60989979,2428.59260295,0.05362274,2789.66556245,0.01998463,0.01998463,22494,69,0
8884.82306343,8884.82319063,2439.76724008,2439.76364414,0.05191993,2789.83045533,0.01998463,0.01998463,22493,69,0
8885.21850089,8885.21818410,2450.94198310,2450.95095210,0.05272868,2789.99354104,0.01998463,0.01998463,22492,69,0
8885.61283765,8885.61321270,2462.13488534,2462.12425031,0.04655231,2790.15437734,0.01998463,0.01998463,22491,69,0
8886.00804954,8886.00827642,2473.34693495,2473.34049067,0.04512085,2790.31377581,0.01998463,0.01998463,22490,69,0
8886.40267235,8886.40337528,2484.57902251,2484.55902245,0.04932142,2790.47114602,0.01998463,0.01998463,22489,69,0
8886.79837676,8886.79850927,2495.83055960,2495.82678334,0.05163796,2790.62713191,0.01998463,0.01998463,22488,69,0
8887.19353793,8887.19367841,2507.09988131,2507.09587246,0.04596615,2790.78105608,0.01998463,0.01998463,22487,69,0
8887.58913432,8887.58888269,2518.38537765,2518.39256792,0.04631547,2790.93326917,0.01998463,0.01998463,22486,69,0
8887.98442945,8887.98412212,2529.68703077,2529.69582482,0.05343456,2791.08347781,0.01998463,0.01998463,22485,69,0
8888.37939420,8888.37939671,2541.00616608,2541.00609392,0.04802157,2791.23168392,0.01998463,0.01998463,22484,69,0
8888.77511468,8888.77470647,2552.34411727,2552.35583494,0.04724674,2791.37829958,0.01998463,0.01998463,22483,69,0
8889.17010364,8889.17005138,2563.70130321,2563.70280552,0.04979972,2791.52276856,0.01998463,0.01998463,22482,69,0
8889.56480617,8889.56543147,2575.07728241,2575.05927741,0.04605533,2791.66524489,0.01998463,0.01998463,22481,69,0
8889.96087601,8889.96084673,2586.47159437,2586.47243853,0.04703590,2791.80630172,0.01998463,0.01998463,22480,69,0
8890.35674048,8890.35629718,2597.88419594,2597.89699948,0.05269856,2791.94535988,0.01998463,0.01998463,22479,69,0
8890.75164610,8890.75178280,2609.31546477,2609.31151025,0.04687414,2792.08215755,0.01998463,0.01998463,22478,69,0
8891.14767072,8891.14730362,2620.76580126,2620.77643727,0.05081150,2792.21740766,0.01998463,0.01998463,22477,69,0
8891.54352370,8891.54285963,2632.23563230,2632.25490378,0.04855825,2792.35065678,0.01998463,0.01998463,22476,69,0
8891.93916634,8891.93845084,2643.72541210,2643.74621102,0.05130621,2792.48188898,0.01998463,0.01998463,22475,69,0
8892.33409688,8892.33407725,2655.23558332,2655.23615490,0.04663043,2792.61093839,0.01998463,0.01998463,22474,69,0
8892.72910945,8892.72973887,2666.76618847,2666.74783029,0.04960986,2792.73805826,0.01998463,0.01998463,22473,69,0
8893.12533428,8893.12543571,2678.31685823,2678.31389518,0.04385391,2792.86358721,0.01998463,0.01998463,22472,69,0
8893.52186769,8893.52116776,2689.88722070,2689.90770157,0.04870889,2792.98721222,0.01998463,0.01998463,22471,69,0
8893.91649863,8893.91693503,2701.47733141,2701.46454100,0.04955772,2793.10824551,0.01998463,0.01998463,22470,69,0
8894.31265505,8894.31273753,2713.08766477,2713.08524341,0.05006990,2793.22773496,0.01998463,0.01998463,22469,69,0
8894.70843488,8894.70857526,2724.71868054,2724.71455217,0.04735869,2793.34509121,0.01998463,0.01998463,22468,69,0
8895.10428409,8895.10444823,2736.37015984,2736.36532497,0.04798881,2793.46043496,0.01998463,0.01998463,22467,69,0
8895.50032782,8895.50035644,2748.04127453,2748.04043025,0.05053003,2793.57378098,0.01998463,0.01998463,22466,69,0
8895.89654028,8895.89629989,2759.73123951,2759.73834224,0.04959267,2793.68510042,0.01998463,0.01998463,22465,69,0
8896.29239651,8896.29227860,2771.44037483,2771.44386419,0.04548233,2793.79423942,0.01998463,0.01998463,22464,69,0
8896.68841355,8896.68829256,2783.16987354,2783.17346037,0.04663075,2793.90134184,0.01998463,0.01998463,22463,69,0
8897.08367056,8897.08434178,2794.92089097,2794.90095788,0.05052314,2794.00616185,0.01998463,0.01998463,22462,69,0
8897.48063070,8897.48042626,2806.69371859,2806.69980040,0.04913192,2794.10933531,0.01998463,0.01998463,22461,69,0
8897.87578085,8897.87654602,2818.48807310,2818.46527083,0.04314981,2794.20993497,0.01998463,0.01998463,22460,69,0
8898.27273392,8898.27270104,2830.30367497,2830.30465620,0.04549021,2794.30886585,0.01998463,0.01998463,22459,69,0
8898.66887761,8898.66889135,2842.14039739,2842.13998650,0.04469740,2794.40545551,0.01998463,0.01998463,22458,69,0
8899.06489342,8899.06511694,2853.99819503,2853.99149996,0.04818157,2794.49986503,0.01998463,0.01998463,22457,69,0
8899.46066323,8899.46137782,2865.87698912,2865.85555003,0.04830032,2794.59205639,0.01998463,0.01998463,22456,69,0
8899.85760644,8899.85767399,2877.77647591,2877.77444592,0.04494441,2794.68233801,0.01998463,0.01998463,22455,69,0
8900.25388620,8900.25400546,2889.69625634,2889.69266683,0.04469360,2794.77027283,0.01998463,0.01998463,22454,69,0
8900.65026092,8900.65037223,2901.63615488,2901.63279912,0.05179372,2794.85602066,0.01998463,0.01998463,22453,69,0
8901.04642922,8901.04677431,2913.59708497,2913.58666329,0.04749332,2794.93951162,0.01998463,0.01998463,22452,69,0
8901.44344519,8901.44321170,2925.58029528,2925.58735943,0.04902171,2795.02095838,0.01998463,0.01998463,22451,69,0
8901.83907611,8901.83968441,2937.58661298,2937.56817538,0.04748175,2795.09989956,0.01998463,0.01998463,22450,69,0
8902.23706988,8902.23619244,2949.61544122,2949.64208318,0.04734826,2795.17705712,0.01998463,0.01998463,22449,69,0
8902.63258502,8902.63273579,2961.66588458,2961.66129912,0.04629230,2795.25147459,0.01998463,0.01998463,22448,69,0
8903.02948661,8903.02931447,2973.73760991,2973.74285411,0.04835576,2795.32387364,0.01998463,0.01998463,22447,69,0
8903.42616525,8903.42592849,2985.83154218,2985.83876801,0.04811579,2795.39394315,0.01998463,0.01998463,22446,69,0
8903.82266066,8903.82257785,2997.94877337,2997.95130522,0.04685155,2795.46168630,0.01998463,0.01998463,22445,69,0
8904.21902370,8904.21926256,3010.08983318,3010.08251572,0.04917322,2795.52710325,0.01998463,0.01998463,22444,69,0
8904.61636912,8904.61598261,3022.25442457,3022.26628667,0.04519021,2795.59035461,0.01998463,0.01998463,22443,69,0
8905.01311952,8905.01273802,3034.44220524,3034.45393495,0.04280157,2795.65116990,0.01998463,0.01998463,22442,69,0
8905.40949999,8905.40952879,3046.65330569,3046.65241862,0.04876091,2795.70957867,0.01998463,0.01998463,22441,69,0
8905.80706669,8905.80635493,3058.88830115,3058.91026713,0.05079918,2795.76579128,0.01998463,0.01998463,22440,69,0
8906.20284630,8906.20321643,3071.14766004,3071.13621585,0.04903888,2795.81938013,0.01998463,0.01998463,22439,69,0
8906.59986190,8906.60011330,3083.43057181,3083.42278482,0.04585676,2795.87074125,0.01998463,0.01998463,22438,69,0
8906.99735586,8906.99704555,3095.73548343,3095.74511061,0.04858693,2795.91974054,0.01998463,0.01998463,22437,69,0
8907.39469196,8907.39401319,3108.06129929,3108.08239272,0.04512220,2795.96627900,0.01998463,0.01998463,22436,69,0
8907.79106245,8907.79101621,3120.40943725,3120.41087665,0.04326358,2796.01026434,0.01998463,0.01998463,22435,69,0
8908.18804449,8908.18805463,3132.78215171,3132.78183548,0.04701994,2796.05186834,0.01998463,0.01998463,22434,69,0
8908.58538545,8908.58512844,3145.18090636,3145.18893974,0.04629393,2796.09104473,0.01998463,0.01998463,22433,69,0
8908.98254139,8908.98223765,3157.60493165,3157.61444356,0.04794455,2796.12771979,0.01998463,0.01998463,22432,69,0
8909.37967106,8909.37938227,3170.05308047,3170.06214046,0.04717188,2796.16189133,0.01998463,0.01998463,22431,69,0
8909.77688812,8909.77656230,3182.52499527,3182.53523590,0.05080300,2796.19355254,0.01998463,0.01998463,22430,69,0
8910.17374070,8910.17377775,3195.02148787,3195.02032124,0.04880468,2796.22265690,0.01998463,0.01998463,22429,69,0
8910.57090445,8910.57102862,3207.54341318,3207.53949550,0.04855163,2796.24924071,0.01998463,0.01998463,22428,69,0
8910.96888004,8910.96831491,3220.09075147,3220.10861672,0.04340779,2796.27331049,0.01998463,0.01998463,22427,69,0
8911.36611580,8911.36563664,3232.66280140,3232.67797707,0.04754685,2796.29475445,0.01998463,0.01998463,22426,69,0
8911.76313609,8911.76299380,3245.25901843,3245.26353316,0.04351983,2796.31359372,0.01998463,0.01998463,22425,69,0
8912.16065271,8912.16038639,3257.87997198,3257.88843801,0.05046134,2796.32984456,0.01998463,0.01998463,22424,69,0
8912.55782311,8912.55781444,3270.52666180,3270.52693815,0.05168783,2796.34345620,0.01998463,0.01998463,22423,69,0
8912.95550285,8912.95527793,3283.19981097,3283.20698959,0.04959058,2796.35444035,0.01998463,0.01998463,22422,69,0
8913.35282165,8913.35277688,3295.89937234,3295.90080419,0.04500122,2796.36275446,0.01998463,0.01998463,22421,69,0
8913.75035375,8913.75031128,3308.62516909,3308.62652985,0.05213075,2796.36839491,0.01998463,0.01998463,22420,69,0
8914.14784813,8914.14788115,3321.37705491,3321.37599467,0.04050018,2796.37133937,0.01998463,0.01998463,22419,69,0
8914.54563270,8914.54548649,3334.15492151,3334.15962502,0.04833369,2796.37157074,0.01998463,0.01998463,22418,69,0
8914.94338584,8914.94312730,3346.95873974,3346.96707275,0.04657054,2796.36906924,0.01998463,0.01998463,22417,69,0
8915.34091687,8915.34080358,3359.78921430,3359.79287308,0.04734505,2796.36382137,0.01998463,0.01998463,22416,69,0
8915.73904176,8915.73851535,3372.64746013,3372.66449729,0.04733334,2796.35579418,0.01998463,0.01998463,22415,69,0
8916.13648525,8916.13626261,3385.53421755,3385.54143849,0.04134725,2796.34499536,0.01998463,0.01998463,22414,69,0
8916.53437207,8916.53404536,3398.44887416,3398.45949218,0.04514166,2796.33137878,0.01998463,0.01998463,22413,69,0
8916.93168292,8916.93186361,3411.39052736,3411.38464348,0.04072159,2796.31496357,0.01998463,0.01998463,22412,69,0
8917.32945141,8917.32971736,3424.35883402,3424.35015670,0.04678018,2796.29569093,0.01998463,0.01998463,22411,69,0
8917.72768582,8917.72760661,3437.35422515,3437.35681477,0.04861516,2796.27353203,0.01998463,0.01998463,22410,69,0
8918.12486363,8918.12553137,3450.37720101,3450.35532506,0.04457832,2796.24855890,0.01998463,0.01998463,22409,69,0
8918.52353121,8918.52349166,3463.42834486,3463.42964350,0.04922312,2796.22058691,0.01998463,0.01998463,22408,69,0
8918.92121485,8918.92148746,3476.50828864,3476.49931998,0.04926894,2796.18976363,0.01998463,0.01998463,22407,69,0
8919.31918013,8919.31951878,3489.61739751,3489.60623206,0.04187148,2796.15597835,0.01998463,0.01998463,22406,69,0
8919.71732298,8919.71758564,3502.75521326,3502.74653555,0.04761968,2796.11921643,0.01998463,0.01998463,22405,69,0
8920.11529846,8920.11568803,3515.92111585,3515.90821919,0.04557633,2796.07949213,0.01998463,0.01998463,22404,69,0
8920.51368372,8920.51382596,3529.11446842,3529.10975030,0.04608351,2796.03672810,0.01998463,0.01998463,22403,69,0
8920.91227397,8920.91199944,3542.33461651,3542.34374012,0.04757453,2795.99092295,0.01998463,0.01998463,22402,69,0
8921.31052419,8921.31020846,3555.58134937,3555.59186289,0.04974710,2795.94212324,0.01998463,0.01998463,22401,69,0
8921.70866523,8921.70845304,3568.85714704,3568.86422869,0.04769068,2795.89027756,0.01998463,0.01998463,22400,69,0
8922.10662333,8922.10673318,3582.16548732,3582.16181227,0.04179228,2795.83536418,0.01998463,0.01998463,22399,69,0
8922.50502447,8922.50504888,3595.50744560,3595.50662706,0.03965928,2795.77726649,0.01998463,0.01998463,22398,69,0
8922.90389546,8922.90340015,3608.87970757,3608.89635115,0.04848793,2795.71596217,0.01998463,0.01998463,22397,69,0
8923.30195173,8923.30178699,3622.27895286,3622.28449907,0.04703220,2795.65164796,0.01998463,0.01998463,22396,69,0
8923.70039324,8923.70020941,3635.70691378,3635.71311621,0.04051064,2795.58410727,0.01998463,0.01998463,22395,69,0
8924.09915336,8924.09866741,3649.16832860,3649.18476710,0.04280531,2795.51329738,0.01998463,0.01998463,22394,69,0
8924.49714459,8924.49716100,3662.66580611,3662.66524956,0.04541288,2795.43937892,0.01998463,0.01998463,22393,69,0
8924.89556546,8924.89569019,3676.19611611,3676.19187692,0.04172212,2795.36212699,0.01998463,0.01998463,22392,69,0
8925.29486871,8925.29425496,3689.75529719,3689.77619741,0.04841634,2795.28143853,0.01998463,0.01998463,22391,69,0
8925.69296185,8925.69285535,3703.34342202,3703.34705658,0.04124429,2795.19771943,0.01998463,0.01998463,22390,69,0
8926.09145116,8926.09149133,3716.96374759,3716.96237319,0.04699347,2795.11060013,0.01998463,0.01998463,22389,69,0
8926.49038241,8926.49016293,3730.61850766,3730.62603387,0.04568326,2795.02002210,0.01998463,0.01998463,22388,69,0
8926.88914541,8926.88887014,3744.30616997,3744.31563014,0.04366327,2794.92610654,0.01998463,0.01998463,22387,69,0
8927.28734537,8927.28761298,3758.02449680,3758.01528042,0.04656822,2794.82894822,0.01998463,0.01998463,22386,69,0
8927.68648689,8927.68639144,3771.77302608,3771.77632035,0.04579795,2794.72815652,0.01998463,0.01998463,22385,69,0
8928.08497509,8928.08520553,3785.55288131,3785.54491035,0.04369566,2794.62409999,0.01998463,0.01998463,22384,69,0
8928.48350184,8928.48405525,3799.36510178,3799.34591496,0.04195803,2794.51657500,0.01998463,0.01998463,22383,69,0
8928.88284271,8928.88294062,3813.21020682,3813.20680456,0.04540192,2794.40533333,0.01998463,0.01998463,22382,69,0
8929.28148573,8929.28186163,3827.08859164,3827.07549892,0.04322434,2794.29076735,0.01998463,0.01998463,22381,69,0
8929.68068054,8929.68081829,3841.00039055,3840.99558145,0.04477223,2794.17249427,0.01998463,0.01998463,22380,69,0
8930.07962704,8930.07981060,3854.94551276,3854.93908965,0.04426985,2794.05072334,0.01998463,0.01998463,22379,69,0
8930.47930178,8930.47883858,3868.92440860,3868.94065550,0.04633566,2793.92512125,0.01998463,0.01998463,22378,69,0
8930.87874088,8930.87790221,3882.93921885,3882.96871040,0.04381576,2793.79593913,0.01998463,0.01998463,22377,69,0
8931.27714872,8931.27700152,3896.99218934,3896.99737952,0.04480322,2793.66340363,0.01998463,0.01998463,22376,69,0
8931.67670160,8931.67613650,3911.08235128,3911.10232444,0.04394752,2793.52677041,0.01998463,0.01998463,22375,69,0
8932.07568945,8932.07530715,3925.20644084,3925.21998273,0.04250108,2793.38662118,0.01998463,0.01998463,22374,69,0
8932.47390802,8932.47451349,3939.36340733,3939.34190975,0.04384937,2793.24303165,0.01998462,0.01998463,22373,69,0
8932.87330828,8932.87375552,3953.55745993,3953.54153734,0.04681505,2793.09522348,0.01998462,0.01998463,22372,69,0
8933.27303893,8933.27303324,3967.79272783,3967.79293094,0.04610554,2792.94341754,0.01998463,0.01998463,22371,69,0
8933.67290852,8933.67234666,3982.06615345,3982.08625998,0.04468555,2792.78768226,0.01998463,0.01998463,22370,69,0
8934.07153858,8934.07169578,3996.37115959,3996.36552340,0.04308644,2792.62861547,0.01998463,0.01998462,22369,69,0
8934.47178211,8934.47108060,4010.70673985,4010.73194974,0.04232861,2792.46506053,0.01998463,0.01998462,22368,69,0
8934.87042832,8934.87050114,4025.08025050,4025.07762613,0.04458875,2792.29821936,0.01998463,0.01998462,22367,69,0
8935.27002033,8935.26995740,4039.49778907,4039.50006375,0.03921363,2792.12693500,0.01998463,0.01998462,22366,69,0
8935.66966818,8935.66944937,4053.95623398,4053.96416275,0.04568288,2791.95157821,0.01998463,0.01998462,22365,69,0
8936.06816741,8936.06897707,4068.45003042,4068.42062550,0.04541915,2791.77273173,0.01998462,0.01998462,22364,69,0
8936.46872350,8936.46854051,4082.97802826,4082.98468961,0.04150835,2791.58893031,0.01998463,0.01998462,22363,69,0
nan,nan,0.00000000,-1.00000000,0.00000000,2791.43455487,nan,0.00000000,-2147483648,69,1
nan,nan,0.00000000,-1.00000000,0.00000000,2799.18571695,nan,0.00000000,-2147483648,68,1
8914.54592726,8914.54548649,15.73230216,15.74162906,0.04186444,2799.66448342,0.01998463,0.01998463,22418,68,0
8914.94380625,8914.94312730,24.15007868,24.16445762,0.05793381,2800.12460515,0.01998463,0.01998463,22417,68,0
8915.34124432,8915.34080358,32.57576440,32.58510636,0.04510562,2800.58344576,0.01998463,0.01998463,22416,68,0
8915.73920325,8915.73851535,41.00947360,41.02406705,0.05553460,2801.04211850,0.01998463,0.01998463,22415,68,0
8916.13570263,8916.13626261,49.45099606,49.43910670,0.04685156,2801.49832910,0.01998463,0.01998463,22414,68,0
8916.53379359,8916.53404536,57.89994016,57.89459049,0.04641720,2801.95556362,0.01998463,0.01998463,22413,68,0
8916.93116066,8916.93186361,66.35591019,66.34096310,0.04123147,2802.41113581,0.01998463,0.01998463,22412,68,0
8917.32975211,8917.32971736,74.81854764,74.81928707,0.04743272,2802.86725572,0.01998463,0.01998463,22411,68,0
8917.72732351,8917.72760661,83.28797820,83.28194983,0.05271147,2803.32135849,0.01998463,0.01998463,22410,68,0
8918.12506683,8918.12553137,91.76465637,91.75475655,0.04746086,2803.77482996,0.01998463,0.01998463,22409,68,0
8918.52310059,8918.52349166,100.24904531,100.24070427,0.05021697,2804.22782568,0.01998463,0.01998463,22408,68,0
8918.92024417,8918.92148746,108.74159086,108.71504957,0.04499128,2804.67902449,0.01998463,0.01998463,22407,68,0
8919.32004078,8919.31951878,117.24243515,117.25358850,0.04856797,2805.13245101,0.01998463,0.01998463,22406,68,0
8919.71746429,8919.71758564,125.75148009,125.74888507,0.04836169,2805.58239561,0.01998463,0.01998463,22405,68,0
8920.11546492,8920.11568803,134.26862051,134.26384519,0.04623385,2806.03219500,0.01998463,0.01998463,22404,68,0
8920.51305448,8920.51382596,142.79374888,142.77722264,0.04519964,2806.48072306,0.01998463,0.01998463,22403,68,0
8920.91170225,8920.91199944,151.32672467,151.32035324,0.04960424,2806.92962483,0.01998463,0.01998463,22402,68,0
8921.30971138,8921.31020846,159.86737800,159.85671242,0.04244855,2807.37697628,0.01998463,0.01998463,22401,68,0
8921.70915820,8921.70845304,168.41553703,168.43067893,0.04617219,2807.82509664,0.01998463,0.01998463,22400,68,0
8922.10706849,8922.10673318,176.97104328,176.97824892,0.05721593,2808.27063836,0.01998463,0.01998463,22399,68,0
8922.50547168,8922.50504888,185.53403767,185.54313074,0.04216957,2808.71588166,0.01998463,0.01998463,22398,68,0
8922.90450423,8922.90340015,194.10494682,194.12871244,0.05244237,2809.16099466,0.01998463,0.01998463,22397,68,0
8923.30194764,8923.30178699,202.68421100,202.68767224,0.04305464,2809.60352525,0.01998463,0.01998463,22396,68,0
8923.70119641,8923.70020941,211.27225346,211.29353832,0.04462557,2810.04727084,0.01998463,0.01998463,22395,68,0
8924.09894651,8924.09866741,219.86906678,219.87509102,0.05828439,2810.48855435,0.01998463,0.01998463,22394,68,0
8924.49779951,8924.49716100,228.47421801,228.48801176,0.04113590,2810.93023757,0.01998463,0.01998463,22393,68,0
8924.89584669,8924.89569019,237.08725382,237.09063757,0.05147335,2811.37017950,0.01998463,0.01998463,22392,68,0
8925.29492134,8925.29425496,245.70773613,245.72215448,0.04510219,2811.81038020,0.01998463,0.01998463,22391,68,0
8925.69366380,8925.69285535,254.33561833,254.35312460,0.04745927,2812.24933235,0.01998463,0.01998463,22390,68,0
8926.09176808,8926.09149133,262.97123886,262.97723653,0.05293846,2812.68671654,0.01998463,0.01998463,22389,68,0
8926.49034767,8926.49016293,271.61495416,271.61896122,0.04296653,2813.12377158,0.01998463,0.01998463,22388,68,0
8926.88890634,8926.88887014,280.26711334,280.26789924,0.04584614,2813.55996625,0.01998463,0.01998463,22387,68,0
8927.28647895,8927.28761298,288.92787674,288.90323433,0.05338315,2813.99425206,0.01998462,0.01998463,22386,68,0
8927.68616061,8927.68639144,297.59722689,297.59220642,0.04330332,2814.43000212,0.01998462,0.01998463,22385,68,0
8928.08545626,8928.08520553,306.27513932,306.28059754,0.04483196,2814.86448611,0.01998463,0.01998463,22384,68,0
8928.48358755,8928.48405525,314.96159143,314.95140087,0.04996032,2815.29685743,0.01998462,0.01998463,22383,68,0
8928.88324456,8928.88294062,323.65659663,323.66322502,0.04503635,2815.73003362,0.01998463,0.01998463,22382,68,0
8929.28253906,8929.28186163,332.36019956,332.37498632,0.04677830,2816.16196312,0.01998463,0.01998463,22381,68,0
8929.68195234,8929.68081829,341.07244611,341.09722220,0.04712740,2816.59316616,0.01998463,0.01998463,22380,68,0
8930.07992613,8930.07981060,349.79337384,349.79590005,0.05450291,2817.02196307,0.01998463,0.01998463,22379,68,0
8930.47970300,8930.47883858,358.52289383,358.54181306,0.04357020,2817.45183848,0.01998463,0.01998463,22378,68,0
8930.87820150,8930.87790221,367.26081996,367.26737593,0.05074509,2817.87946471,0.01998463,0.01998463,22377,68,0
8931.27724893,8931.27700152,376.00696258,376.01238683,0.05361620,2818.30679241,0.01998463,0.01998463,22376,68,0
8931.67632590,8931.67613650,384.76115166,384.76530754,0.04897208,2818.73325188,0.01998463,0.01998463,22375,68,0
8932.07585149,8932.07530715,393.52345864,393.53541254,0.04469553,2819.15928960,0.01998463,0.01998463,22374,68,0
8932.47491935,8932.47451349,402.29411256,402.30303333,0.04833907,2819.58394695,0.01998463,0.01998463,22373,68,0
8932.87413235,8932.87375552,411.07334640,411.08163643,0.04920413,2820.00787433,0.01998463,0.01998463,22372,68,0
8933.27256653,8933.27303324,419.86137596,419.85109909,0.05164873,2820.43009962,0.01998462,0.01998463,22371,68,0
8933.67279490,8933.67234666,428.65825240,428.66813167,0.04702983,2820.85334495,0.01998463,0.01998463,22370,68,0
8934.07151830,8934.07169578,437.46393971,437.46002462,0.04930522,2821.27411521,0.01998462,0.01998462,22369,68,0
8934.47160959,8934.47108060,446.27840089,446.29008089,0.04965525,2821.69543718,0.01998463,0.01998462,22368,68,0
8934.87091868,8934.87050114,455.10160328,455.11083091,0.04573905,2822.11503963,0.01998463,0.01998462,22367,68,0
8935.27023911,8935.26995740,463.93354467,463.93977606,0.05196973,2822.53375535,0.01998463,0.01998462,22366,68,0
8935.66939173,8935.66944937,472.77423533,472.77295914,0.05883881,2822.95139397,0.01998463,0.01998462,22365,68,0
8936.06866603,8936.06897707,481.62368560,481.61679286,0.04013717,2823.36825546,0.01998462,0.01998462,22364,68,0
8936.46806852,8936.46854051,490.48186772,490.47139923,0.04261430,2823.78434092,0.01998462,0.01998462,22363,68,0
8936.86839333,8936.86813968,499.34857083,499.35420158,0.04639854,2824.20046061,0.01998463,0.01998462,22362,68,0
8937.26787453,8937.26777459,508.22352802,508.22574847,0.04806318,2824.61476271,0.01998463,0.01998462,22361,68,0
8937.66737821,8937.66744524,517.10647081,517.10498046,0.05089269,2825.02813254,0.01998463,0.01998462,22360,68,0
8938.06680787,8938.06715164,525.99734131,525.98969136,0.04650183,2825.44046452,0.01998462,0.01998462,22359,68,0
8938.46724939,8938.46689380,534.89678867,534.90470874,0.05233547,2825.85290307,0.01998463,0.01998462,22358,68,0
8938.86601830,8938.86667172,543.80561307,543.79104447,0.04137307,2826.26271884,0.01998462,0.01998462,22357,68,0
8939.26593974,8939.26648541,552.72461724,552.71243789,0.05170024,2826.67284994,0.01998462,0.01998462,22356,68,0
8939.66656034,8939.66633486,561.65411279,561.65915095,0.05124432,2827.08283549,0.01998463,0.01998462,22355,68,0
8940.06605099,8940.06622009,570.59329898,570.58951715,0.04087256,2827.49076412,0.01998462,0.01998462,22354,68,0
8940.46587945,8940.46614109,579.54121830,579.53536186,0.04593308,2827.89808979,0.01998462,0.01998462,22353,68,0
8940.86593003,8940.86609788,588.49692093,588.49316098,0.04106249,2828.30464602,0.01998462,0.01998462,22352,68,0
8941.26667279,8941.26609046,597.46018053,597.47323511,0.04526246,2828.71089367,0.01998463,0.01998462,22351,68,0
8941.66624778,8941.66611883,606.43185361,606.43474688,0.04227119,2829.11498451,0.01998462,0.01998462,22350,68,0
8942.06578437,8942.06618300,615.41288996,615.40393652,0.04515101,2829.51810416,0.01998462,0.01998462,22349,68,0
8942.46632064,8942.46628298,624.40420439,624.40505124,0.04257030,2829.92133367,0.01998462,0.01998462,22348,68,0
8942.86642619,8942.86641876,633.40584519,633.40601245,0.04544444,2830.32322900,0.01998462,0.01998462,22347,68,0
8943.26657946,8943.26659035,642.41702303,642.41677768,0.04448691,2830.72423261,0.01998462,0.01998462,22346,68,0
8943.66661697,8943.66679776,651.43690988,651.43283358,0.04443010,2831.12414032,0.01998462,0.01998462,22345,68,0
8944.06691038,8944.06704099,660.46477339,660.46182611,0.04663255,2831.52328724,0.01998462,0.01998462,22344,68,0
8944.46754140,8944.46732005,669.50092947,669.50592861,0.04581873,2831.92176321,0.01998462,0.01998462,22343,68,0
8944.86792520,8944.86763495,678.54632247,678.55288421,0.04784063,2832.31902424,0.01998462,0.01998462,22342,68,0
8945.26789997,8945.26798567,687.60191086,687.59997127,0.04505414,2832.71495016,0.01998462,0.01998462,22341,68,0
8945.66775021,8945.66837224,696.66843545,696.65434208,0.05132841,2833.10985233,0.01998462,0.01998462,22340,68,0
8946.06889958,8946.06879466,705.74540662,705.74778619,0.05141346,2833.50510692,0.01998462,0.01998462,22339,68,0
8946.46902700,8946.46925293,714.83190770,714.82677900,0.05216204,2833.89838195,0.01998462,0.01998462,22338,68,0
8946.87002986,8946.86974705,723.92701615,723.93344128,0.05076524,2834.29149902,0.01998462,0.01998462,22337,68,0
8947.27063491,8947.27027704,733.03018788,733.03832483,0.04834166,2834.68318114,0.01998462,0.01998462,22336,68,0
8947.67136907,8947.67084289,742.14200204,742.15397670,0.04456608,2835.07396606,0.01998462,0.01998462,22335,68,0
8948.07178028,8948.07144461,751.26324684,751.27089365,0.04473720,2835.46344370,0.01998462,0.01998462,22334,68,0
8948.47345886,8948.47208220,760.39470838,760.42610264,0.04122277,2835.85318698,0.01998462,0.01998462,22333,68,0
8948.87243916,8948.87275568,769.53674709,769.52952140,0.04919913,2836.23936410,0.01998462,0.01998462,22332,68,0
8949.27315409,8949.27346504,778.68905368,778.68194798,0.05448544,2836.62625164,0.01998462,0.01998462,22331,68,0
8949.67411776,8949.67421029,787.85125852,787.84914207,0.05449485,2837.01238790,0.01998462,0.01998462,22330,68,0
8950.07497679,8950.07499144,797.02300735,797.02267208,0.04971820,2837.39741299,0.01998462,0.01998462,22329,68,0
8950.47705580,8950.47580848,806.20424061,806.23282572,0.04565167,2837.78258843,0.01998462,0.01998462,22328,68,0
8950.87663202,8950.87666143,815.39514431,815.39446970,0.04307401,2838.16435659,0.01998462,0.01998462,22327,68,0
8951.27738789,8951.27755029,824.59591302,824.59218410,0.04745281,2838.54624474,0.01998462,0.01998462,22326,68,0
8951.67855792,8951.67847506,833.80672149,833.80862602,0.05451085,2838.92752047,0.01998462,0.01998462,22325,68,0
8952.07949716,8952.07943575,843.02760344,843.02901633,0.04899924,2839.30756723,0.01998462,0.01998462,22324,68,0
8952.48054214,8952.48043236,852.25853395,852.26106224,0.04588076,2839.68669918,0.01998462,0.01998462,22323,68,0
8952.88096499,8952.88146491,861.49948783,861.48796257,0.04344520,2840.06422489,0.01998462,0.01998462,22322,68,0
8953.28262139,8953.28253338,870.75054543,870.75257659,0.05152812,2840.44189059,0.01998462,0.01998462,22321,68,0
8953.68372867,8953.68363779,880.01210214,880.01420149,0.05064229,2840.81802917,0.01998462,0.01998462,22320,68,0
8954.08478308,8954.08477815,889.28461409,889.28472815,0.04353115,2841.19312223,0.01998462,0.01998462,22319,68,0
8954.48605567,8954.48595446,898.56852680,898.57087052,0.04936216,2841.56743583,0.01998462,0.01998462,22318,68,0
8954.88743263,8954.88716671,907.86371558,907.86987958,0.05076566,2841.94085269,0.01998462,0.01998462,22317,68,0
8955.28883472,8955.28841493,917.16928220,917.17902258,0.04682527,2842.31325781,0.01998462,0.01998462,22316,68,0
8955.68931566,8955.68969910,926.48426790,926.47536336,0.04691910,2842.68373429,0.01998462,0.01998462,22315,68,0
8956.09087392,8956.09101925,935.80781514,935.80443738,0.05253958,2843.05409224,0.01998462,0.01998462,22314,68,0
8956.49234664,8956.49237536,945.14022224,945.13955413,0.05068824,2843.42326320,0.01998462,0.01998462,22313,68,0
8956.89390537,8956.89376746,954.48249907,954.48571057,0.04656908,2843.79144088,0.01998462,0.01998462,22312,68,0
8957.29520734,8957.29519553,963.83567227,963.83594754,0.05395398,2844.15834767,0.01998462,0.01998462,22311,68,0
8957.69664224,8957.69665959,973.20046774,973.20006279,0.04622198,2844.52436393,0.01998462,0.01998462,22310,68,0
8958.09839366,8958.09815964,982.57639802,982.58186579,0.04681021,2844.88963131,0.01998462,0.01998462,22309,68,0
8958.49964635,8958.49969569,991.96267085,991.96151699,0.05118913,2845.25337381,0.01998462,0.01998462,22308,68,0
8958.90099437,8958.90126774,1001.35849743,1001.35209849,0.04389278,2845.61609676,0.01998462,0.01998462,22307,68,0
8959.30352033,8959.30287579,1010.76360910,1010.77871029,0.04966446,2845.97875883,0.01998462,0.01998462,22306,68,0
8959.70519858,8959.70451986,1020.17854757,1020.19446545,0.04397155,2846.33955039,0.01998462,0.01998462,22305,68,0
8960.10651290,8960.10619994,1029.60392774,1029.61127512,0.04672224,2846.69893012,0.01998462,0.01998462,22304,68,0
8960.50915006,8960.50791604,1039.04031742,1039.06932053,0.04833226,2847.05842169,0.01998462,0.01998462,22303,68,0
8960.90943708,8960.90966817,1048.48772219,1048.48228523,0.05189870,2847.41474522,0.01998462,0.01998462,22302,68,0
8961.31219907,8961.31145633,1057.94579568,1057.96328864,0.04716277,2847.77217746,0.01998462,0.01998462,22301,68,0
8961.71328196,8961.71328052,1067.41418385,1067.41421788,0.05531118,2848.12701078,0.01998462,0.01998462,22300,68,0
8962.11527525,8962.11514075,1076.89262777,1076.89580178,0.05148719,2848.48152511,0.01998462,0.01998462,22299,68,0
8962.51695641,8962.51703703,1086.38121132,1086.37930700,0.04894939,2848.83463856,0.01998462,0.01998462,22298,68,0
8962.91881342,8962.91896935,1095.88009493,1095.87640793,0.04936446,2849.18678220,0.01998462,0.01998462,22297,68,0
8963.32072898,8963.32093773,1105.38944557,1105.38450457,0.04281603,2849.53785392,0.01998462,0.01998462,22296,68,0
8963.72191089,8963.72294217,1114.90962332,1114.88518741,0.04840034,2849.88717315,0.01998462,0.01998462,22295,68,0
8964.12520458,8964.12498268,1124.44122887,1124.44649273,0.04903194,2850.23722900,0.01998462,0.01998462,22294,68,0
8964.52786761,8964.52705925,1133.98488182,1134.00408060,0.04600689,2850.58565256,0.01998462,0.01998462,22293,68,0
8964.92822323,8964.92917190,1143.54106493,1143.51850654,0.04777049,2850.93101688,0.01998462,0.01998462,22292,68,0
8965.33099652,8965.33132062,1153.10925023,1153.10153487,0.04429107,2851.27737294,0.01998462,0.01998462,22291,68,0
8965.73276045,8965.73350543,1162.68846248,1162.67070984,0.04700324,2851.62172774,0.01998462,0.01998462,22290,68,0
8966.13721540,8966.13572633,1172.27772110,1172.31323769,0.05430410,2851.96720546,0.01998462,0.01998462,22289,68,0
8966.53854418,8966.53798332,1181.87663921,1181.89002943,0.04987960,2852.30882095,0.01998462,0.01998462,22288,68,0
8966.94010064,8966.94027641,1191.48611338,1191.48191265,0.04702811,2852.64946941,0.01998462,0.01998462,22287,68,0
8967.34257221,8967.34260560,1201.10721242,1201.10641360,0.04564365,2852.98976203,0.01998462,0.01998462,22286,68,0
8967.74500049,8967.74497090,1210.74093651,1210.74164555,0.04690559,2853.32891474,0.01998462,0.01998462,22285,68,0
8968.14744928,8968.14737231,1220.38730113,1220.38914734,0.04900584,2853.66697629,0.01998462,0.01998462,22284,68,0
8968.55061774,8968.54980984,1230.04562681,1230.06502669,0.04808870,2854.00450148,0.01998462,0.01998462,22283,68,0
8968.95211407,8968.95228349,1239.71521496,1239.71114250,0.04434871,2854.33946253,0.01998462,0.01998462,22282,68,0
8969.35528021,8969.35479327,1249.39558944,1249.40730642,0.05017426,2854.67462608,0.01998462,0.01998462,22281,68,0
8969.75754512,8969.75733918,1259.08700556,1259.09196612,0.04682980,2855.00785534,0.01998462,0.01998462,22280,68,0
8970.16027559,8970.15992123,1268.78986855,1268.79841380,0.04849589,2855.34029340,0.01998462,0.01998462,22279,68,0
8970.56304339,8970.56253942,1278.50457372,1278.51674083,0.04615507,2855.67159289,0.01998462,0.01998462,22278,68,0
8970.96592199,8970.96519376,1288.23125487,1288.24885618,0.04404098,2856.00181277,0.01998462,0.01998462,22277,68,0
8971.36794622,8971.36788425,1297.96979734,1297.97129675,0.04883500,2856.33015597,0.01998462,0.01998462,22276,68,0
8971.77081561,8971.77061090,1307.72007589,1307.72503477,0.04847798,2856.65800102,0.01998462,0.01998462,22275,68,0
8972.17370927,8972.17337370,1317.48195787,1317.49009554,0.04822978,2856.98466636,0.01998462,0.01998462,22274,68,0
8972.57760435,8972.57617268,1327.25528302,1327.29003902,0.04997819,2857.31092905,0.01998462,0.01998462,22273,68,0
8972.97996716,8972.97900782,1337.03988295,1337.06319687,0.04555435,2857.63473408,0.01998462,0.01998462,22272,68,0
8973.38187840,8973.38187914,1346.83560157,1346.83558352,0.04660007,2857.95695002,0.01998462,0.01998462,22271,68,0
8973.78524273,8973.78478665,1356.64264440,1356.65375182,0.04882384,2858.27910099,0.01998462,0.01998462,22270,68,0
8974.18900063,8974.18773033,1366.46161171,1366.49258444,0.04946007,2858.60034688,0.01998462,0.01998462,22269,68,0
8974.59142704,8974.59071021,1376.29312780,1376.31062695,0.05182108,2858.91933421,0.01998462,0.01998462,22268,68,0
8974.99424982,8974.99372629,1386.13765084,1386.15044701,0.04238234,2859.23744580,0.01998462,0.01998462,22267,68,0
8975.39647052,8975.39677856,1395.99488376,1395.98734579,0.04947416,2859.55387860,0.01998462,0.01998462,22266,68,0
8975.79973847,8975.79986704,1405.86431655,1405.86116673,0.04760544,2859.86990612,0.01998462,0.01998462,22265,68,0
8976.20273679,8976.20299173,1415.74544584,1415.73919352,0.04739642,2860.18447126,0.01998462,0.01998462,22264,68,0
8976.60658907,8976.60615264,1425.63803579,1425.64875053,0.04818276,2860.49843552,0.01998462,0.01998462,22263,68,0
8977.00967651,8977.00934976,1435.54213797,1435.55016856,0.04612307,2860.81053640,0.01998462,0.01998462,22262,68,0
8977.41304968,8977.41258311,1445.45781834,1445.46929755,0.05093516,2861.12158640,0.01998462,0.01998462,22261,68,0
8977.81611830,8977.81585270,1455.38530296,1455.39184538,0.05140146,2861.43113222,0.01998462,0.01998462,22260,68,0
8978.21972327,8978.21915851,1465.32545586,1465.33938413,0.05185749,2861.73983993,0.01998462,0.01998462,22259,68,0
8978.62320289,8978.62250057,1475.27930595,1475.29664995,0.05214525,2862.04722737,0.01998462,0.01998462,22258,68,0
8979.02636002,8979.02587886,1485.24781933,1485.25971822,0.05200416,2862.35316963,0.01998462,0.01998462,22257,68,0
8979.42903619,8979.42929341,1495.23062877,1495.22425953,0.04988181,2862.65753199,0.01998462,0.01998462,22256,68,0
8979.83272351,8979.83274422,1505.22616223,1505.22564900,0.05261834,2862.96138562,0.01998462,0.01998462,22255,68,0
8980.23705706,8980.23623128,1515.23279364,1515.25328278,0.05222589,2863.26439290,0.01998462,0.01998462,22254,68,0
8980.63974686,8980.63975460,1525.24956883,1525.24937659,0.05183020,2863.56480906,0.01998462,0.01998462,22253,68,0
8981.04393351,8981.04331420,1535.27757454,1535.29297238,0.05061478,2863.86500568,0.01998462,0.01998462,22252,68,0
8981.44730142,8981.44691007,1545.31828733,1545.32802957,0.04994977,2864.16329818,0.01998462,0.01998462,22251,68,0
8981.85132819,8981.85054222,1555.37308095,1555.39267348,0.05127747,2864.46081468,0.01998462,0.01998462,22250,68,0
8982.25395532,8982.25421065,1565.44202048,1565.43564772,0.04755344,2864.75603807,0.01998462,0.01998462,22249,68,0
8982.65879230,8982.65791537,1575.52432335,1575.54623721,0.04732075,2865.05158164,0.01998462,0.01998462,22248,68,0
8983.06228811,8983.06165638,1585.61919071,1585.63499476,0.04559204,2865.34481944,0.01998462,0.01998462,22247,68,0
8983.46594327,8983.46543369,1595.72625992,1595.73902261,0.04683376,2865.63683154,0.01998462,0.01998462,22246,68,0
8983.86937043,8983.86924731,1605.84601656,1605.84910387,0.04697606,2865.92734631,0.01998462,0.01998462,22245,68,0
8984.27282477,8984.27309723,1615.97904655,1615.97220592,0.04913545,2866.21655923,0.01998462,0.01998462,22244,68,0
8984.67766686,8984.67698347,1626.12584266,1626.14302231,0.05126285,2866.50544642,0.01998462,0.01998462,22243,68,0
8985.08134294,8985.08090602,1636.28629277,1636.29729010,0.05009248,2866.79217483,0.01998462,0.01998462,22242,68,0
8985.48538110,8985.48486490,1646.46004977,1646.47305825,0.04850690,2867.07781766,0.01998462,0.01998462,22241,68,0
8985.88881172,8985.88886010,1656.64677808,1656.64555748,0.04287163,2867.36167510,0.01998462,0.01998462,22240,68,0
8986.29260399,8986.29289164,1666.84653520,1666.83926905,0.04518825,2867.64442581,0.01998462,0.01998462,22239,68,0
8986.69741556,8986.69695951,1677.05980781,1677.07134234,0.05049900,2867.92653059,0.01998462,0.01998462,22238,68,0
8987.10118363,8987.10106373,1687.28710759,1687.29014404,0.05266738,2868.20655963,0.01998462,0.01998462,22237,68,0
8987.50539278,8987.50520429,1697.52871908,1697.53349864,0.04435061,2868.48554664,0.01998462,0.01998462,22236,68,0
8987.90917469,8987.90938121,1707.78424149,1707.77899789,0.04541303,2868.76287462,0.01998462,0.01998462,22235,68,0
8988.31426714,8988.31359449,1718.05314354,1718.07024206,0.05048126,2869.03971173,0.01998462,0.01998462,22234,68,0
8988.71805143,8988.71784412,1728.33496317,1728.34023898,0.05055901,2869.31424973,0.01998462,0.01998462,22233,68,0
8989.12247055,8989.12213013,1738.62988521,1738.63855908,0.04488760,2869.58781197,0.01998462,0.01998462,22232,68,0
8989.52638443,8989.52645250,1748.93843565,1748.93669907,0.05233022,2869.85963422,0.01998462,0.01998462,22231,68,0
8989.93131017,8989.93081125,1759.26114008,1759.27388515,0.05114409,2870.13074206,0.01998462,0.01998462,22230,68,0
8990.33496064,8990.33520639,1769.59824617,1769.59196022,0.04599387,2870.39960523,0.01998462,0.01998462,22229,68,0
8990.73965981,8990.73963791,1779.94964197,1779.95020299,0.05102760,2870.66776307,0.01998462,0.01998462,22228,68,0
8991.14420411,8991.14410582,1790.31519087,1790.31771135,0.04947584,2870.93440305,0.01998462,0.01998462,22227,68,0
8991.54791858,8991.54861013,1800.69476070,1800.67700445,0.04502806,2871.19907534,0.01998461,0.01998462,22226,68,0
8991.95368405,8991.95315084,1811.08823579,1811.10194363,0.05440394,2871.46365246,0.01998462,0.01998462,22225,68,0
8992.35741371,8992.35772796,1821.49550294,1821.48741434,0.04937041,2871.72546002,0.01998462,0.01998462,22224,68,0
8992.76228398,8992.76234149,1831.91648220,1831.91500034,0.05272016,2871.98655404,0.01998462,0.01998462,22223,68,0
8993.16741675,8993.16699143,1842.35137179,1842.36234668,0.04868640,2872.24635898,0.01998462,0.01998462,22222,68,0
8993.57157056,8993.57167780,1852.80050723,1852.79773663,0.04298694,2872.50408414,0.01998462,0.01998462,22221,68,0
8993.97624600,8993.97640059,1863.26422809,1863.26022864,0.05049383,2872.76069032,0.01998461,0.01998462,22220,68,0
8994.38152062,8994.38115981,1873.74288818,1873.75223542,0.05539138,2873.01622219,0.01998462,0.01998462,22219,68,0
8994.78631316,8994.78595547,1884.23685646,1884.24613581,0.04874226,2873.26999899,0.01998462,0.01998462,22218,68,0
8995.19076306,8995.19078757,1894.74650374,1894.74586705,0.04198538,2873.52211398,0.01998462,0.01998462,22217,68,0
8995.59607719,8995.59565611,1905.27182059,1905.28277465,0.04716069,2873.77330877,0.01998462,0.01998462,22216,68,0
8996.00187741,8996.00056111,1915.81193118,1915.84621742,0.05433757,2874.02331324,0.01998462,0.01998462,22215,68,0
8996.40605931,8996.40550256,1926.36583326,1926.38035199,0.05020786,2874.27080650,0.01998462,0.01998462,22214,68,0
8996.81077127,8996.81048047,1936.93283246,1936.94042476,0.05075102,2874.51708744,0.01998462,0.01998462,22213,68,0
8997.21551669,8997.21549485,1947.51378936,1947.51436030,0.05118824,2874.76186418,0.01998462,0.01998462,22212,68,0
8997.62072037,8997.62054570,1958.11005222,1958.11462491,0.05171234,2875.00541490,0.01998462,0.01998461,22211,68,0
8998.02602841,8998.02563302,1968.72284185,1968.73320818,0.05552736,2875.24754398,0.01998462,0.01998461,22210,68,0
8998.43070716,8998.43075682,1979.35185075,1979.35054682,0.04769030,2875.48780093,0.01998462,0.01998461,22209,68,0
8998.83536963,8998.83591711,1989.99581096,1989.98141918,0.05270994,2875.72651700,0.01998461,0.01998461,22208,68,0
8999.24092390,8999.24111389,2000.65345857,2000.64845851,0.05559829,2875.96418748,0.01998461,0.01998461,22207,68,0
8999.64570726,8999.64634716,2011.32440843,2011.30754779,0.05187759,2876.19982209,0.01998461,0.01998461,22206,68,0
9000.05102346,9000.05161694,2022.00929976,2021.99364294,0.05218637,2876.43418861,0.01998461,0.01998461,22205,68,0
9000.45633814,9000.45692322,2032.70883449,2032.69337907,0.04696003,2876.66698333,0.01998461,0.01998461,22204,68,0
9000.86217789,9000.86226601,2043.42374198,2043.42141100,0.04804536,2876.89851411,0.01998461,0.01998461,22203,68,0
9001.26740885,9001.26764531,2054.15480257,2054.14853849,0.04933730,2877.12814360,0.01998461,0.01998461,22202,68,0
9001.67306455,9001.67306113,2064.90280886,2064.90289955,0.05286607,2877.35646724,0.01998461,0.01998461,22201,68,0
9002.07813800,9002.07851348,2075.66831221,2075.65833491,0.05149702,2877.58292224,0.01998461,0.01998461,22200,68,0
9002.48437859,9002.48400236,2086.45093142,2086.46094341,0.04667416,2877.80846649,0.01998461,0.01998461,22199,68,0
9002.88908198,9002.88952777,2097.25006060,2097.23818087,0.05017536,2878.03157965,0.01998461,0.01998461,22198,68,0
9003.29473447,9003.29508972,2108.06513958,2108.05565953,0.04881438,2878.25361613,0.01998461,0.01998461,22197,68,0
9003.70023320,9003.70068822,2118.89594881,2118.88379006,0.05273732,2878.47395516,0.01998461,0.01998461,22196,68,0
9004.10660692,9004.10632327,2129.74240963,2129.74999962,0.05425142,2878.69314194,0.01998461,0.01998461,22195,68,0
9004.51142742,9004.51199487,2140.60447498,2140.58927103,0.05621107,2878.90986204,0.01998461,0.01998461,22194,68,0
9004.91727806,9004.91770303,2151.48248782,2151.47108549,0.04684891,2879.12550058,0.01998461,0.01998461,22193,68,0
9005.32351162,9005.32344775,2162.37705546,2162.37877161,0.04758103,2879.33970897,0.01998461,0.01998461,22192,68,0
9005.72877935,9005.72922904,2173.28877612,2173.27667448,0.04634218,2879.55178277,0.01998461,0.01998461,22191,68,0
9006.13516838,9006.13504691,2184.21779543,2184.22106909,0.04124777,2879.76280730,0.01998461,0.01998461,22190,68,0
9006.54148358,9006.54090136,2195.16379290,2195.17950703,0.04446929,2879.97214073,0.01998461,0.01998461,22189,68,0
9006.94700552,9006.94679239,2206.12642360,2206.13218416,0.04961577,2880.17940257,0.01998461,0.01998461,22188,68,0
9007.35329544,9007.35272001,2217.10531783,2217.12089189,0.05407250,2880.38537557,0.01998462,0.01998461,22187,68,0
9007.75847976,9007.75868422,2228.10007028,2228.09452929,0.04866316,2880.58909629,0.01998461,0.01998461,22186,68,0
9008.16461547,9008.16468503,2239.11027139,2239.10838380,0.05042883,2880.79158438,0.01998461,0.01998461,22185,68,0
9008.57077329,9008.57072245,2250.13590099,2250.13728238,0.04947652,2880.99236220,0.01998461,0.01998461,22184,68,0
9008.97628986,9008.97679648,2261.17777855,2261.16399298,0.04862236,2881.19111259,0.01998461,0.01998461,22183,68,0
9009.38310316,9009.38290711,2272.23683888,2272.24218166,0.04825261,2881.38878958,0.01998461,0.01998461,22182,68,0
9009.78884711,9009.78905437,2283.31378006,2283.30812308,0.04688050,2881.58424546,0.01998461,0.01998461,22181,68,0
9010.19503817,9010.19523825,2294.40857718,2294.40310792,0.04731419,2881.77820504,0.01998461,0.01998461,22180,68,0
9010.60118702,9010.60145876,2305.52106991,2305.51363058,0.04514516,2881.97042015,0.01998461,0.01998461,22179,68,0
9011.00762443,9011.00771591,2316.65103610,2316.64852800,0.05287381,2882.16103284,0.01998461,0.01998461,22178,68,0
9011.41386628,9011.41400969,2327.79800941,2327.79407204,0.05175837,2882.34979861,0.01998461,0.01998461,22177,68,0
9011.82031704,9011.82034012,2338.96145824,2338.96082377,0.05072806,2882.53688767,0.01998461,0.01998461,22176,68,0
9012.22667021,9012.22670719,2350.14108751,2350.14006947,0.05006851,2882.72214485,0.01998461,0.01998461,22175,68,0
9012.63237484,9012.63311092,2361.33785781,2361.31756276,0.04602800,2882.90533119,0.01998461,0.01998461,22174,68,0
9013.03926919,9013.03955131,2372.55314724,2372.54535616,0.05275017,2883.08728649,0.01998461,0.01998461,22173,68,0
9013.44589566,9013.44602836,2383.78810439,2383.78443365,0.05007256,2883.26736160,0.01998461,0.01998461,22172,68,0
9013.85180845,9013.85254208,2395.04231422,2395.02198830,0.04498657,2883.44534869,0.01998461,0.01998461,22171,68,0
9014.26007104,9014.25909247,2406.31472927,2406.34188192,0.04567743,2883.62255375,0.01998461,0.01998461,22170,68,0
9014.66552250,9014.66567954,2417.60440463,2417.60004101,0.05309381,2883.79671578,0.01998461,0.01998461,22169,68,0
9015.07281613,9015.07230329,2428.91127432,2428.92554496,0.04605139,2883.96983011,0.01998461,0.01998461,22168,68,0
9015.47908931,9015.47896374,2440.23568714,2440.23918660,0.04646406,2884.14067073,0.01998461,0.01998461,22167,68,0
9015.88587999,9015.88566087,2451.57804340,2451.58415922,0.05127221,2884.30988452,0.01998461,0.01998461,22166,68,0
9016.29260804,9016.29239470,2462.93915569,2462.94511944,0.04693413,2884.47722955,0.01998461,0.01998461,22165,68,0
9016.69970441,9016.69916524,2474.32005882,2474.33515699,0.04898094,2884.64288613,0.01998461,0.01998461,22164,68,0
9017.10574763,9017.10597249,2485.72162687,2485.71531936,0.05134710,2884.80628244,0.01998461,0.01998461,22163,68,0
9017.51282946,9017.51281644,2497.14306065,2497.14342623,0.04767897,2884.96823808,0.01998461,0.01998461,22162,68,0
9017.91944530,9017.91969712,2508.58260389,2508.57551912,0.05565737,2885.12811562,0.01998461,0.01998461,22161,68,0
9018.32632457,9018.32661452,2520.03866049,2520.03049215,0.04804065,2885.28617183,0.01998461,0.01998461,22160,68,0
9018.73365009,9018.73356865,2531.51153034,2531.51382794,0.04842509,2885.44246803,0.01998461,0.01998461,22159,68,0
9019.14012528,9019.14055951,2543.00263008,2542.99036035,0.04422168,2885.59651958,0.01998461,0.01998461,22158,68,0
9019.54733330,9019.54758711,2554.51328847,2554.50610509,0.04810088,2885.74893511,0.01998461,0.01998461,22157,68,0
9019.95464221,9019.95465145,2566.04368614,2566.04342425,0.05253074,2885.89946408,0.01998461,0.01998461,22156,68,0
9020.36168590,9020.36175254,2577.59333446,2577.59144257,0.04999879,2886.04795556,0.01998461,0.01998461,22155,68,0
9020.76973876,9020.76889038,2589.16179023,2589.18591487,0.04611034,2886.19485317,0.01998461,0.01998461,22154,68,0
9021.17685983,9021.17606498,2600.74915931,2600.77179699,0.05227497,2886.33944886,0.01998461,0.01998461,22153,68,0
9021.58401958,9021.58327634,2612.35585315,2612.37705445,0.04297314,2886.48208864,0.01998461,0.01998461,22152,68,0
9021.99103320,9021.99052447,2623.98229397,2623.99682933,0.05177523,2886.62270324,0.01998461,0.01998461,22151,68,0
9022.39872543,9022.39780938,2635.62893892,2635.65515599,0.05565511,2886.76156846,0.01998461,0.01998461,22150,68,0
9022.80580145,9022.80513106,2647.29626509,2647.31548415,0.04203048,2886.89823743,0.01998461,0.01998461,22149,68,0
9023.21296540,9023.21248953,2658.98467656,2658.99834265,0.04729522,2887.03294384,0.01998461,0.01998461,22148,68,0
9023.61933783,9023.61988478,2670.69401774,2670.67828424,0.05103229,2887.16538872,0.01998461,0.01998461,22147,68,0
9024.02739715,9024.02731682,2682.42388299,2682.42619743,0.04252931,2887.29635733,0.01998461,0.01998461,22146,68,0
9024.43474418,9024.43478567,2694.17396258,2694.17276516,0.04926099,2887.42505786,0.01998461,0.01998461,22145,68,0
9024.84269129,9024.84229131,2705.94454661,2705.95610938,0.04652077,2887.55189784,0.01998461,0.01998461,22144,68,0
9025.25058702,9025.24983377,2717.73615033,2717.75796329,0.04957866,2887.67666478,0.01998461,0.01998461,22143,68,0
9025.65764780,9025.65741304,2729.54909554,2729.55590553,0.04936868,2887.79911749,0.01998461,0.01998461,22142,68,0
9026.06581061,9026.06502912,2741.38277200,2741.40547805,0.04407225,2887.91981872,0.01998461,0.01998461,22141,68,0
9026.47316223,9026.47268203,2753.23628826,2753.25026201,0.04849535,2888.03818028,0.01998461,0.01998461,22140,68,0
9026.88016259,9026.88037177,2765.10914890,2765.10305246,0.04728831,2888.15432917,0.01998461,0.01998461,22139,68,0
9027.28866119,9027.28809833,2777.00229917,2777.01873109,0.04615075,2888.26878265,0.01998461,0.01998461,22138,68,0
9027.69573390,9027.69586174,2788.91701535,2788.91327641,0.04962413,2888.38072160,0.01998461,0.01998461,22137,68,0
9028.10390323,9028.10366199,2800.85418788,2800.86125582,0.05160177,2888.49083842,0.01998461,0.01998461,22136,68,0
9028.51129121,9028.51149909,2812.81367697,2812.80757585,0.04744540,2888.59861029,0.01998461,0.01998461,22135,68,0
9028.91901490,9028.91937304,2824.79517494,2824.78464534,0.05092947,2888.70432116,0.01998461,0.01998461,22134,68,0
9029.32717440,9029.32728385,2836.79845830,2836.79523495,0.04920978,2888.80797671,0.01998461,0.01998461,22133,68,0
9029.73522444,9029.73523152,2848.82346332,2848.82325456,0.05132933,2888.90942317,0.01998461,0.01998461,22132,68,0
9030.14322369,9030.14321605,2860.87013890,2860.87036444,0.04497253,2889.00866388,0.01998461,0.01998461,22131,68,0
9030.55109886,9030.55123747,2872.93828064,2872.93417774,0.04717726,2889.10566870,0.01998461,0.01998461,22130,68,0
9030.95858384,9030.95929576,2885.02748569,2885.00637711,0.04949210,2889.20036343,0.01998461,0.01998461,22129,68,0
9031.36676668,9031.36739093,2897.13738297,2897.11884381,0.04934791,2889.29298383,0.01998461,0.01998461,22128,68,0
9031.77534671,9031.77552299,2909.26847966,2909.26323562,0.04425236,2889.38344480,0.01998461,0.01998461,22127,68,0
9032.18393924,9032.18369194,2921.42205125,2921.42942170,0.04825819,2889.47165500,0.01998461,0.01998461,22126,68,0
9032.59217599,9032.59189779,2933.59927013,2933.60757698,0.05074426,2889.55753322,0.01998461,0.01998461,22125,68,0
9033.00011905,9033.00014054,2945.79996447,2945.79932141,0.04767975,2889.64108335,0.01998461,0.01998461,22124,68,0
9033.40844971,9033.40842021,2958.02320654,2958.02409072,0.04651501,2889.72242476,0.01998461,0.01998461,22123,68,0
9033.81718194,9033.81673678,2970.26830774,2970.28166920,0.04708564,2889.80153641,0.01998461,0.01998461,22122,68,0
9034.22510683,9034.22509027,2982.53595082,2982.53644883,0.04461236,2889.87817956,0.01998461,0.01998461,22121,68,0
9034.63394369,9034.63348069,2994.82728509,2994.84123347,0.04847533,2889.95267038,0.01998461,0.01998461,22120,68,0
9035.04280336,9035.04190803,3007.14313028,3007.17015383,0.04268266,2890.02483004,0.01998461,0.01998461,22119,68,0
9035.45049611,9035.45037231,3019.48329600,3019.48703966,0.04148811,2890.09444328,0.01998461,0.01998461,22118,68,0
9035.85841924,9035.85887352,3031.84740579,3031.83364354,0.04800307,2890.16174084,0.01998461,0.01998461,22117,68,0
9036.26678744,9036.26741168,3044.23543533,3044.21648910,0.04308575,2890.22673844,0.01998461,0.01998461,22116,68,0
9036.67578970,9036.67598678,3056.64794763,3056.64195464,0.04742668,2890.28944575,0.01998461,0.01998461,22115,68,0
9037.08419721,9037.08459884,3069.08550877,3069.07327195,0.04564414,2890.34966259,0.01998461,0.01998461,22114,68,0
9037.49418138,9037.49324786,3081.54756137,3081.57605535,0.05064809,2890.40768334,0.01998461,0.01998461,22113,68,0
9037.90120066,9037.90193384,3094.03251309,3094.01009664,0.04618290,2890.46285660,0.01998461,0.01998461,22112,68,0
9038.31089472,9038.31065678,3106.53902830,3106.54631505,0.05022474,2890.51593067,0.01998461,0.01998461,22111,68,0
9038.71933694,9038.71941670,3119.06824883,3119.06580163,0.04759108,2890.56637612,0.01998461,0.01998461,22110,68,0
9039.12877394,9039.12821360,3131.62252241,3131.63974792,0.04993505,2890.61446831,0.01998461,0.01998461,22109,68,0
9039.53734784,9039.53704748,3144.20357050,3144.21282254,0.04737984,2890.65997926,0.01998461,0.01998461,22108,68,0
9039.94644745,9039.94591835,3156.81073229,3156.82706208,0.05023267,2890.70304884,0.01998461,0.01998461,22107,68,0
9040.35521653,9040.35482622,3169.44280327,3169.45487197,0.04410569,2890.74356604,0.01998461,0.01998461,22106,68,0
9040.76301762,9040.76377108,3182.09932637,3182.07598545,0.04816314,2890.78146383,0.01998461,0.01998461,22105,68,0
9041.17179683,9041.17275294,3194.78112368,3194.75144747,0.04630210,2890.81691087,0.01998461,0.01998461,22104,68,0
9041.58174483,9041.58177182,3207.48909240,3207.48825305,0.04404268,2890.84989097,0.01998461,0.01998461,22103,68,0
9041.99131172,9041.99082770,3220.22322830,3220.23831055,0.04401047,2890.88025649,0.01998461,0.01998461,22102,68,0
9042.39994778,9042.39992061,3232.98279995,3232.98364815,0.04766303,2890.90796209,0.01998461,0.01998461,22101,68,0
9042.80927883,9042.80905053,3245.76725654,3245.77439703,0.04924189,2890.93310415,0.01998461,0.01998461,22100,68,0
9043.21895300,9043.21821749,3258.57722315,3258.60027245,0.04730714,2890.95563738,0.01998461,0.01998461,22099,68,0
9043.62718504,9043.62742148,3271.41374450,3271.40631998,0.04387766,2890.97546055,0.01998461,0.01998461,22098,68,0
9044.03655706,9044.03666251,3284.27752338,3284.27420525,0.04402534,2890.99268701,0.01998461,0.01998461,22097,68,0
9044.44586168,9044.44594058,3297.16848143,3297.16599390,0.04680693,2891.00723914,0.01998461,0.01998461,22096,68,0
9044.85500827,9044.85525570,3310.08643447,3310.07861794,0.04634422,2891.01909949,0.01998461,0.01998461,22095,68,0
9045.26424301,9045.26460788,3323.03123551,3323.01968601,0.04814989,2891.02825961,0.01998461,0.01998461,22094,68,0
9045.67387384,9045.67399711,3336.00277221,3335.99886263,0.04528703,2891.03470540,0.01998461,0.01998461,22093,68,0
9046.08409175,9046.08342340,3349.00107372,3349.02231333,0.04846598,2891.03841388,0.01998461,0.01998461,22092,68,0
9046.49266520,9046.49288677,3362.02699970,3362.01994377,0.04406699,2891.03935937,0.01998461,0.01998461,22091,68,0
9046.90262470,9046.90238721,3375.08171713,3375.08929634,0.04792056,2891.03753445,0.01998461,0.01998461,22090,68,0
9047.31184696,9047.31192473,3388.16575674,3388.16326971,0.04722234,2891.03292427,0.01998461,0.01998461,22089,68,0
9047.72194718,9047.72149933,3401.27833018,3401.29268275,0.04480604,2891.02549182,0.01998461,0.01998461,22088,68,0
9048.13175986,9048.13111102,3414.41853258,3414.43936802,0.04169202,2891.01523552,0.01998461,0.01998461,22087,68,0
9048.54080947,9048.54075980,3427.58625143,3427.58784969,0.04721340,2891.00216144,0.01998461,0.01998461,22086,68,0
9048.95054148,9048.95044568,3440.78198136,3440.78506989,0.05208054,2890.98620678,0.01998461,0.01998461,22085,68,0
9049.36100911,9049.36016867,3454.00625989,3454.03341443,0.04657785,2890.96733658,0.01998461,0.01998461,22084,68,0
9049.76965420,9049.76992877,3467.25971995,3467.25082969,0.04778820,2890.94566130,0.01998461,0.01998461,22083,68,0
9050.17976898,9050.17972598,3480.54301104,3480.54440657,0.04366678,2890.92099083,0.01998461,0.01998461,22082,68,0
9050.58980840,9050.58956031,3493.85624764,3493.86431522,0.05176392,2890.89338451,0.01998461,0.01998461,22081,68,0
9050.99986055,9050.99943176,3507.19883514,3507.21280805,0.04611038,2890.86281994,0.01998461,0.01998461,22080,68,0
9051.40916433,9051.40934034,3520.57012096,3520.56437347,0.04690216,2890.82934535,0.01998461,0.01998461,22079,68,0
9051.81923179,9051.81928606,3533.96943162,3533.96765590,0.04620277,2890.79282102,0.01998461,0.01998461,22078,68,0
9052.22969760,9052.22926892,3547.39609012,3547.41014289,0.04754454,2890.75325144,0.01998461,0.01998461,22077,68,0
9052.63917956,9052.63928892,3560.85076740,3560.84717498,0.04440588,2890.71075712,0.01998461,0.01998461,22076,68,0
9053.04932338,9053.04934607,3574.33679574,3574.33604863,0.04431971,2890.66514177,0.01998461,0.01998461,22075,68,0
9053.45925796,9053.45944037,3587.85742956,3587.85140814,0.04551242,2890.61646548,0.01998461,0.01998461,22074,68,0
9053.86943860,9053.86957184,3601.41145748,3601.40704925,0.04288469,2890.56465667,0.01998461,0.01998461,22073,68,0
9054.27990194,9054.27974047,3614.99495953,3615.00031220,0.04723046,2890.50969985,0.01998461,0.01998461,22072,68,0
9054.69013817,9054.68994627,3628.60622780,3628.61260235,0.05087956,2890.45165155,0.01998461,0.01998461,22071,68,0
9055.10064465,9055.10018924,3642.24933439,3642.26449842,0.04411441,2890.39040466,0.01998461,0.01998461,22070,68,0
9055.51052666,9055.51046939,3655.92890558,3655.93081746,0.04501392,2890.32605432,0.01998461,0.01998461,22069,68,0
9055.92108427,9055.92078673,3669.64435436,3669.65431162,0.04568350,2890.25837544,0.01998461,0.01998461,22068,68,0
9056.33112645,9056.33114126,3683.39136782,3683.39087105,0.04055735,2890.18756221,0.01998461,0.01998461,22067,68,0
9056.74155940,9056.74153298,3697.16737496,3697.16826252,0.04747317,2890.11345356,0.01998461,0.01998461,22066,68,0
9057.15210387,9057.15196191,3710.97496634,3710.97974805,0.04387588,2890.03606067,0.01998461,0.01998461,22065,68,0
9057.56266983,9057.56242804,3724.81740838,3724.82557277,0.04464648,2889.95535927,0.01998461,0.01998461,22064,68,0
9057.97231108,9057.97293137,3738.69468617,3738.67369270,0.04679826,2889.87152391,0.01998460,0.01998461,22063,68,0
9058.38264623,9058.38347193,3752.60442433,3752.57641857,0.04585506,2889.78421881,0.01998460,0.01998461,22062,68,0
9058.79449352,9058.79404970,3766.54509924,3766.56018469,0.04573045,2889.69323207,0.01998461,0.01998461,22061,68,0
9059.20419663,9059.20466470,3780.51756190,3780.50161654,0.04234050,2889.59935343,0.01998461,0.01998461,22060,68,0
9059.61598034,9059.61531693,3794.52300759,3794.54565962,0.04762529,2889.50158646,0.01998461,0.01998461,22059,68,0
9060.02750826,9060.02600640,3808.56215748,3808.61355788,0.04904591,2889.40043630,0.01998461,0.01998461,22058,68,0
9060.43702227,9060.43673310,3822.63544145,3822.64536125,0.04551662,2889.29633838,0.01998461,0.01998461,22057,68,0
9060.84720268,9060.84749705,3836.74312566,3836.73300349,0.04428820,2889.18860406,0.01998460,0.01998461,22056,68,0
9061.25823790,9061.25829826,3850.88514716,3850.88306703,0.04328595,2889.07714251,0.01998461,0.01998461,22055,68,0
9061.66909965,9061.66913672,3865.06163121,3865.06035076,0.04496177,2888.96220028,0.01998460,0.01998461,22054,68,0
9062.08026834,9062.08001243,3879.27439104,3879.28325463,0.04289962,2888.84360316,0.01998461,0.01998461,22053,68,0
9062.49098499,9062.49092542,3893.52596209,3893.52803093,0.03754169,2888.72152594,0.01998460,0.01998460,22052,68,0
9062.90107587,9062.90187568,3907.81646886,3907.78862144,0.04435852,2888.59600763,0.01998460,0.01998460,22051,68,0
9063.31346970,9063.31286321,3922.14268966,3922.16385452,0.04025956,2888.46613306,0.01998461,0.01998460,22050,68,0
9063.72458079,9063.72388802,3936.50245926,3936.52669082,0.04242439,2888.33301441,0.01998461,0.01998460,22049,68,0
9064.13454267,9064.13495012,3950.89937799,3950.88508819,0.04439257,2888.19658403,0.01998460,0.01998460,22048,68,0
9064.54583795,9064.54604951,3965.33825375,3965.33081256,0.04260358,2888.05594107,0.01998460,0.01998460,22047,68,0
9064.95713539,9064.95718620,3979.81747363,3979.81568218,0.04879018,2887.91151032,0.01998461,0.01998460,22046,68,0
9065.36779204,9065.36836019,3994.33020817,3994.31013555,0.04263035,2887.76356952,0.01998460,0.01998460,22045,68,0
9065.77997518,9065.77957149,4008.87383805,4008.88813248,0.04865219,2887.61133102,0.01998461,0.01998460,22044,68,0
9066.19064320,9066.19082009,4023.45545550,4023.44917418,0.04131868,2887.45582091,0.01998460,0.01998460,22043,68,0
9066.60231449,9066.60210602,4038.08207545,4038.08950053,0.03984582,2887.29598939,0.01998461,0.01998460,22042,68,0
9067.01385363,9067.01342926,4052.75138296,4052.76653673,0.04294926,2887.13226008,0.01998461,0.01998460,22041,68,0
9067.42558866,9067.42478984,4067.45749153,4067.48608146,0.04319405,2886.96454017,0.01998461,0.01998460,22040,68,0
9067.83622515,9067.83618774,4082.19869654,4082.20003849,0.03924746,2886.79336466,0.01998461,0.01998460,22039,68,0
nan,nan,0.00000000,-1.00000000,0.00000000,2886.64159404,nan,0.00000000,-2147483648,68,1
nan,nan,0.00000000,-1.00000000,0.00000000,2895.07516937,nan,0.00000000,-2147483648,67,1
9047.31225085,9047.31192473,9.62438141,9.63117879,0.04795155,2895.55136815,0.01998461,0.01998461,22089,67,0
9047.72261470,9047.72149933,18.16476904,18.18803644,0.05482666,2896.02225230,0.01998461,0.01998461,22088,67,0
9048.13119567,9048.13111102,26.71319834,26.71496579,0.04161138,2896.49028707,0.01998461,0.01998461,22087,67,0
9048.54103181,9048.54075980,35.26982401,35.27550811,0.04643305,2896.95895958,0.01998461,0.01998461,22086,67,0
9048.94970091,9048.95044568,43.83469478,43.81911787,0.05551484,2897.42549920,0.01998461,0.01998461,22085,67,0
9049.36047595,9049.36016867,52.40748295,52.41391493,0.04309269,2897.89361867,0.01998461,0.01998461,22084,67,0
9049.76929892,9049.76992877,60.98777594,60.97458210,0.05433130,2898.35866770,0.01998461,0.01998461,22083,67,0
9050.17948475,9050.17972598,69.57515889,69.57010216,0.05409643,2898.82439372,0.01998461,0.01998461,22082,67,0
9050.58992417,9050.58956031,78.16937837,78.17701136,0.05389068,2899.28951577,0.01998461,0.01998461,22081,67,0
9050.99938257,9050.99943176,86.77077861,86.76974586,0.04952256,2899.75265312,0.01998461,0.01998461,22080,67,0
9051.40957606,9051.40934034,95.37984266,95.38479538,0.04760166,2900.21577098,0.01998461,0.01998461,22079,67,0
9051.81934307,9051.81928606,103.99705624,103.99825502,0.05499985,2900.67758004,0.01998461,0.01998461,22078,67,0
9052.22981247,9052.22926892,112.62279766,112.63423879,0.04723120,2901.13936889,0.01998461,0.01998461,22077,67,0
9052.63868388,9052.63928892,121.25704790,121.24430132,0.04785389,2901.59854792,0.01998461,0.01998461,22076,67,0
9053.05086204,9053.04934607,129.89969724,129.93166295,0.05775714,2902.06061112,0.01998461,0.01998461,22075,67,0
9053.46000427,9053.45944037,138.55063532,138.56253577,0.03725710,2902.51843831,0.01998461,0.01998461,22074,67,0
9053.86908665,9053.86957184,147.20973827,147.19949009,0.05208884,2902.97535950,0.01998461,0.01998461,22073,67,0
9054.27922708,9054.27974047,155.87683727,155.86598456,0.04888196,2903.43260829,0.01998461,0.01998461,22072,67,0
9054.69064923,9054.68994627,164.55175297,164.56662490,0.04796001,2903.89041421,0.01998461,0.01998461,22071,67,0
9055.10034659,9055.10018924,173.23430508,173.23763652,0.04709265,2904.34542080,0.01998461,0.01998461,22070,67,0
9055.51073611,9055.51046939,181.92444701,181.93009859,0.05223601,2904.80031035,0.01998461,0.01998461,22069,67,0
9055.92056905,9055.92078673,190.62255392,190.61793734,0.05763195,2905.25371493,0.01998461,0.01998461,22068,67,0
9056.33124766,9056.33114126,199.32908543,199.33134389,0.04895210,2905.70720585,0.01998461,0.01998461,22067,67,0
9056.74202469,9056.74153298,208.04450340,208.05495070,0.05326412,2906.15997578,0.01998461,0.01998461,22066,67,0
9057.15102854,9057.15196191,216.76904877,216.74919885,0.05265873,2906.60997583,0.01998460,0.01998461,22065,67,0
9057.56203566,9057.56242804,225.50235344,225.49400145,0.04159951,2907.06133779,0.01998460,0.01998461,22064,67,0
9057.97280449,9057.97293137,234.24394399,234.24124100,0.04579537,2907.51156683,0.01998461,0.01998461,22063,67,0
9058.38318792,9058.38347193,242.99334526,242.98729022,0.05713288,2907.96047614,0.01998461,0.01998461,22062,67,0
9058.79416339,9058.79404970,251.75031486,251.75274063,0.04975849,2908.40911888,0.01998461,0.01998461,22061,67,0
9059.20385288,9059.20466470,260.51514833,260.49781236,0.04388122,2908.85545936,0.01998460,0.01998461,22060,67,0
9059.61540541,9059.61531693,269.28821800,269.29010910,0.05032211,2909.30294239,0.01998461,0.01998461,22059,67,0
9060.02702652,9060.02600640,278.06989707,278.09172018,0.05701458,2909.74962641,0.01998461,0.01998461,22058,67,0
9060.43653327,9060.43673310,286.86042914,286.85615037,0.05361566,2910.19315800,0.01998460,0.01998461,22057,67,0
9060.84739090,9060.84749705,295.65981511,295.65754011,0.04620082,2910.63728931,0.01998460,0.01998461,22056,67,0
9061.25796005,9061.25829826,304.46802942,304.46077449,0.04430080,2911.08024016,0.01998460,0.01998461,22055,67,0
9061.66969414,9061.66913672,313.28504688,313.29701527,0.04929003,2911.52357109,0.01998461,0.01998461,22054,67,0
9062.08038766,9062.08001243,322.11087064,322.11893439,0.05099984,2911.96490368,0.01998461,0.01998461,22053,67,0
9062.49107761,9062.49092542,330.94554521,330.94881880,0.05207454,2912.40535441,0.01998460,0.01998460,22052,67,0
9062.90142282,9062.90187568,339.78911855,339.77936860,0.05332907,2912.84455746,0.01998460,0.01998460,22051,67,0
9063.31262622,9063.31286321,348.64163480,348.63652786,0.05429442,2913.28379741,0.01998460,0.01998460,22050,67,0
9063.72479852,9063.72388802,357.50302636,357.52266489,0.04346037,2913.72317975,0.01998461,0.01998460,22049,67,0
9064.13507524,9064.13495012,366.37310233,366.37580333,0.04181361,2914.15964106,0.01998460,0.01998460,22048,67,0
9064.54682053,9064.54604951,375.25166439,375.26832319,0.04107547,2914.59674844,0.01998461,0.01998460,22047,67,0
9064.95733968,9064.95718620,384.13852778,384.14184661,0.04996854,2915.03162809,0.01998460,0.01998460,22046,67,0
9065.36818170,9065.36836019,393.03374132,393.02987816,0.05677304,2915.46592315,0.01998460,0.01998460,22045,67,0
9065.78034600,9065.77957149,401.93754207,401.95431986,0.05253423,2915.90069284,0.01998461,0.01998460,22044,67,0
9066.19052812,9066.19082009,410.85017377,410.84384328,0.04997689,2916.33246211,0.01998460,0.01998460,22043,67,0
9066.60153683,9066.60210602,419.77186375,419.75951101,0.05774388,2916.76419889,0.01998460,0.01998460,22042,67,0
9067.01367071,9067.01342926,428.70266972,428.70791463,0.04117207,2917.19620961,0.01998461,0.01998460,22041,67,0
9067.42490234,9067.42478984,437.64255422,437.64500035,0.04845687,2917.62636290,0.01998460,0.01998460,22040,67,0
9067.83634503,9067.83618774,446.59147850,446.59490158,0.04310401,2918.05582017,0.01998460,0.01998460,22039,67,0
9068.24756371,9068.24762298,455.54940905,455.54811797,0.04247830,2918.48412216,0.01998460,0.01998460,22038,67,0
9068.65918813,9068.65909557,464.51634471,464.51836286,0.04730648,2918.91192056,0.01998460,0.01998460,22037,67,0
9069.06972000,9069.07060550,473.49229624,473.47297277,0.04610846,2919.33765748,0.01998460,0.01998460,22036,67,0
9069.48228220,9069.48215278,482.47727444,482.48010122,0.04655914,2919.76456523,0.01998461,0.01998460,22035,67,0
9069.89250319,9069.89373742,491.47123676,491.44425427,0.04999187,2920.18811575,0.01998460,0.01998460,22034,67,0
9070.30549493,9070.30535943,500.47394830,500.47691319,0.05023964,2920.61357099,0.01998461,0.01998460,22033,67,0
9070.71764163,9070.71701880,509.48512956,509.49876886,0.04638124,2921.03718271,0.01998461,0.01998460,22032,67,0
9071.12843503,9071.12871554,518.50450116,518.49835329,0.04860111,2921.45841995,0.01998460,0.01998460,22031,67,0
9071.54103730,9071.54044967,527.53210837,527.54499831,0.04608968,2921.88052253,0.01998461,0.01998460,22030,67,0
9071.95217287,9071.95222117,536.56869490,536.56763427,0.04309933,2922.30016949,0.01998460,0.01998460,22029,67,0
9072.36290988,9072.36403007,545.61509894,545.59047839,0.04799980,2922.71849264,0.01998460,0.01998460,22028,67,0
9072.77547597,9072.77587635,554.67214262,554.66333283,0.05414375,2923.13778993,0.01998460,0.01998460,22027,67,0
9073.18696376,9073.18776004,563.73987603,563.72233685,0.05374917,2923.55510220,0.01998460,0.01998460,22026,67,0
9073.59963069,9073.59968112,572.81736488,572.81625290,0.05053884,2923.97267120,0.01998460,0.01998460,22025,67,0
9074.01182515,9074.01163962,581.90360574,581.90769952,0.05100969,2924.38877338,0.01998460,0.01998460,22024,67,0
9074.42345029,9074.42363553,590.99766808,590.99357773,0.05082158,2924.80326887,0.01998460,0.01998460,22023,67,0
9074.83570073,9074.83566886,600.09971567,600.10041998,0.04864961,2925.21736479,0.01998460,0.01998460,22022,67,0
9075.24760865,9075.24773961,609.21071965,609.20782254,0.05009274,2925.63012870,0.01998460,0.01998460,22021,67,0
9075.65979489,9075.65984779,618.33167562,618.33050412,0.04207370,2926.04222431,0.01998460,0.01998460,22020,67,0
9076.07245331,9076.07199341,627.46339921,627.47359446,0.04561199,2926.45387549,0.01998460,0.01998460,22019,67,0
9076.48428056,9076.48417646,636.60550886,636.60781889,0.05079476,2926.86376177,0.01998460,0.01998460,22018,67,0
9076.89625785,9076.89639696,645.75714279,645.75405293,0.05576909,2927.27281936,0.01998460,0.01998460,22017,67,0
9077.30839562,9077.30865491,654.91743279,654.91166907,0.05389114,2927.68101511,0.01998460,0.01998460,22016,67,0
9077.72003458,9077.72095031,664.08589868,664.06552646,0.04660791,2928.08767256,0.01998460,0.01998460,22015,67,0
9078.13323596,9078.13328317,673.26329309,673.26224174,0.04921329,2928.49485399,0.01998460,0.01998460,22014,67,0
9078.54560660,9078.54565350,682.45061524,682.44956975,0.03989404,2928.90023888,0.01998460,0.01998460,22013,67,0
9078.95753905,9078.95806130,691.64885833,691.63720353,0.04797322,2929.30425714,0.01998460,0.01998460,22012,67,0
9079.36972483,9079.37050657,700.85829048,700.84082590,0.05388201,2929.70759488,0.01998460,0.01998460,22011,67,0
9079.78230995,9079.78298932,710.07805149,710.06285917,0.04960111,2930.11035064,0.01998460,0.01998460,22010,67,0
9080.19571811,9080.19550955,719.30717894,719.31184680,0.04406841,2930.51288743,0.01998460,0.01998460,22009,67,0
9080.60816790,9080.60806728,728.54476981,728.54702365,0.05267100,2930.91342824,0.01998460,0.01998460,22008,67,0
9081.02058905,9081.02066250,737.79088562,737.78923883,0.05481145,2931.31287899,0.01998460,0.01998460,22007,67,0
9081.43303028,9081.43329522,747.04632998,747.04038436,0.04694066,2931.71131800,0.01998460,0.01998460,22006,67,0
9081.84578964,9081.84596545,756.31193035,756.30798073,0.04459493,2932.10906356,0.01998460,0.01998460,22005,67,0
9082.25831842,9082.25867319,765.58837801,765.58039953,0.04853711,2932.50561191,0.01998460,0.01998460,22004,67,0
9082.67167393,9082.67141844,774.87556893,774.88132064,0.05046190,2932.90196834,0.01998460,0.01998460,22003,67,0
9083.08468962,9083.08420122,784.17311772,784.18412403,0.04847295,2933.29699166,0.01998460,0.01998460,22002,67,0
9083.49686253,9083.49702152,793.48063674,793.47705051,0.05126194,2933.69018452,0.01998460,0.01998460,22001,67,0
9083.90973031,9083.90987935,802.79789753,802.79453253,0.04722129,2934.08300059,0.01998460,0.01998460,22000,67,0
9084.32297439,9084.32277472,812.12504829,812.12956097,0.05082460,2934.47513491,0.01998460,0.01998460,21999,67,0
9084.73586218,9084.73570763,821.46229214,821.46578871,0.04928307,2934.86589665,0.01998460,0.01998460,21998,67,0
9085.14877796,9085.14867808,830.80982879,830.81209063,0.05370647,2935.25565483,0.01998460,0.01998460,21997,67,0
9085.56197045,9085.56168609,840.16774843,840.17419474,0.04873780,2935.64464254,0.01998460,0.01998460,21996,67,0
9085.97476087,9085.97473166,849.53602980,849.53669280,0.04868539,2936.03221601,0.01998460,0.01998460,21995,67,0
9086.38818360,9086.38781478,858.91464650,858.92302425,0.05517486,2936.41934013,0.01998460,0.01998460,21994,67,0
9086.80096712,9086.80093548,868.30361838,868.30433802,0.04538183,2936.80482082,0.01998460,0.01998460,21993,67,0
9087.21380915,9087.21409374,877.70328493,877.69680682,0.04952142,2937.18932135,0.01998460,0.01998460,21992,67,0
9087.62704439,9087.62728958,887.11412216,887.10853450,0.04637635,2937.57316661,0.01998460,0.01998460,21991,67,0
9088.04030640,9088.04052301,896.53660853,896.53166663,0.04729721,2937.95602935,0.01998460,0.01998460,21990,67,0
9088.45389317,9088.45379402,905.97084057,905.97310516,0.04954344,2938.33818328,0.01998460,0.01998460,21989,67,0
9088.86700491,9088.86710263,915.41596585,915.41373167,0.04956231,2938.71885067,0.01998460,0.01998460,21988,67,0
9089.28074305,9089.28044883,924.87098249,924.87771545,0.05095224,2939.09900100,0.01998460,0.01998460,21987,67,0
9089.69357521,9089.69383264,934.33493102,934.32903515,0.05375675,2939.47718503,0.01998460,0.01998460,21986,67,0
9090.10694436,9090.10725405,943.80786997,943.80077041,0.05197539,2939.85472474,0.01998460,0.01998460,21985,67,0
9090.52096738,9090.52071308,953.29082769,953.29666334,0.05246408,2940.23175911,0.01998460,0.01998460,21984,67,0
9090.93380079,9090.93420973,962.78487741,962.77548266,0.05261433,2940.60664955,0.01998460,0.01998460,21983,67,0
9091.34738489,9091.34774400,972.29087292,972.28261334,0.04491427,2940.98118856,0.01998460,0.01998460,21982,67,0
9091.76161199,9091.76131590,981.80842000,981.81523758,0.05041734,2941.35525278,0.01998460,0.01998460,21981,67,0
9092.17514422,9092.17492543,991.33669054,991.34173323,0.05293758,2941.72759696,0.01998460,0.01998460,21980,67,0
9092.58895682,9092.58857260,1000.87485570,1000.88371928,0.04570999,2942.09906403,0.01998460,0.01998460,21979,67,0
9093.00171815,9093.00225742,1010.42257591,1010.41012398,0.04811400,2942.46844453,0.01998460,0.01998460,21978,67,0
9093.41606599,9093.41597988,1019.98039804,1019.98238840,0.04768469,2942.83811388,0.01998460,0.01998460,21977,67,0
9093.82982815,9093.82974000,1029.54896535,1029.55100507,0.05338078,2943.20615042,0.01998460,0.01998460,21976,67,0
9094.24333306,9094.24353778,1039.12887209,1039.12412992,0.04718356,2943.57286779,0.01998460,0.01998460,21975,67,0
9094.65742886,9094.65737322,1048.72012475,1048.72141498,0.04770835,2943.93901221,0.01998460,0.01998460,21974,67,0
9095.07197146,9095.07124633,1058.32236093,1058.33919321,0.05249838,2944.30443345,0.01998460,0.01998460,21973,67,0
9095.48481923,9095.48515712,1067.93521013,1067.92735886,0.05617262,2944.66723004,0.01998460,0.01998460,21972,67,0
9095.89875850,9095.89910559,1077.55841766,1077.55034465,0.04980465,2945.02983889,0.01998460,0.01998460,21971,67,0
9096.31285878,9096.31309174,1087.19208386,1087.18666001,0.04515174,2945.39143902,0.01998460,0.01998460,21970,67,0
9096.72681575,9096.72711559,1096.83637665,1096.82938855,0.04938237,2945.75176638,0.01998460,0.01998460,21969,67,0
9097.14163697,9097.14117713,1106.49147649,1106.50220469,0.04860016,2946.11169714,0.01998460,0.01998460,21968,67,0
9097.55583297,9097.55527637,1116.15779832,1116.17079843,0.04124985,2946.46994864,0.01998460,0.01998460,21967,67,0
9097.96973483,9097.96941331,1125.83597822,1125.84349622,0.04465048,2946.82682956,0.01998460,0.01998460,21966,67,0
9098.38388033,9098.38358797,1135.52666509,1135.53350985,0.04553510,2947.18282241,0.01998460,0.01998460,21965,67,0
9098.79822277,9098.79780035,1145.23025714,1145.24015898,0.05325979,2947.53789430,0.01998460,0.01998460,21964,67,0
9099.21205306,9099.21205044,1154.94604029,1154.94610184,0.04638206,2947.89140720,0.01998460,0.01998460,21963,67,0
9099.62653627,9099.62633826,1164.67299085,1164.67764225,0.04780589,2948.24431339,0.01998460,0.01998460,21962,67,0
9100.04066138,9100.04066381,1174.41010645,1174.41004914,0.05025771,2948.59570985,0.01998460,0.01998460,21961,67,0
9100.45525176,9100.45502710,1184.15731248,1184.16259987,0.04311374,2948.94628773,0.01998460,0.01998460,21960,67,0
9100.86985698,9100.86942814,1193.91565544,1193.92575960,0.04640740,2949.29569708,0.01998460,0.01998460,21959,67,0
9101.28417841,9101.28386692,1203.68625551,1203.69360369,0.04801893,2949.64372235,0.01998460,0.01998460,21958,67,0
9101.69882891,9101.69834345,1213.47001119,1213.48147766,0.04794380,2949.99090453,0.01998460,0.01998460,21957,67,0
9102.11319871,9102.11285774,1223.26660370,1223.27466705,0.05018408,2950.33671573,0.01998460,0.01998460,21956,67,0
9102.52752840,9102.52740979,1233.07530599,1233.07811403,0.04511467,2950.68132688,0.01998460,0.01998460,21955,67,0
9102.94213040,9102.94199961,1242.89539731,1242.89849694,0.05050990,2951.02496635,0.01998460,0.01998460,21954,67,0
9103.35705784,9103.35662720,1252.72662900,1252.73684527,0.04614775,2951.36766191,0.01998460,0.01998460,21953,67,0
9103.77182054,9103.77129257,1262.56938033,1262.58191952,0.04517577,2951.70901625,0.01998460,0.01998460,21952,67,0
9104.18618186,9104.18599572,1272.42407631,1272.42850212,0.04802915,2952.04884661,0.01998460,0.01998460,21951,67,0
9104.60108407,9104.60073667,1282.29107720,1282.29934704,0.04907955,2952.38793219,0.01998460,0.01998460,21950,67,0
9105.01553567,9105.01551540,1292.17037741,1292.17086040,0.05561383,2952.72545662,0.01998460,0.01998460,21949,67,0
9105.43098527,9105.43033194,1302.06184655,1302.07743439,0.04515504,2953.06258732,0.01998460,0.01998460,21948,67,0
9105.84456526,9105.84518628,1311.96535265,1311.95051925,0.04627642,2953.39699121,0.01998460,0.01998460,21947,67,0
9106.25971357,9106.26007843,1321.88074489,1321.87202051,0.04703637,2953.73143895,0.01998460,0.01998460,21946,67,0
9106.67460645,9106.67500839,1331.80784916,1331.79822777,0.04540905,2954.06444438,0.01998460,0.01998460,21945,67,0
9107.08930756,9107.08997617,1341.74648866,1341.73046681,0.04687041,2954.39604947,0.01998460,0.01998460,21944,67,0
9107.50480318,9107.50498178,1351.69660339,1351.69231900,0.04885043,2954.72703301,0.01998460,0.01998460,21943,67,0
9107.91983965,9107.92002522,1361.65868150,1361.65422479,0.04859846,2955.05640578,0.01998460,0.01998460,21942,67,0
9108.33439041,9108.33510649,1371.63337382,1371.61615551,0.04747133,2955.38416693,0.01998460,0.01998460,21941,67,0
9108.75070253,9108.75022560,1381.62131128,1381.63279370,0.04838614,2955.71210237,0.01998460,0.01998460,21940,67,0
9109.16538072,9109.16538256,1391.62255903,1391.62251469,0.04743444,2956.03753312,0.01998460,0.01998460,21939,67,0
9109.57984644,9109.58057737,1401.63661005,1401.61897067,0.04942422,2956.36156049,0.01998460,0.01998460,21938,67,0
9109.99519938,9109.99581003,1411.66292845,1411.64817553,0.04849499,2956.68501816,0.01998460,0.01998460,21937,67,0
9110.41120146,9110.41108056,1421.70109622,1421.70402039,0.04684077,2957.00769471,0.01998460,0.01998460,21936,67,0
9110.82631682,9110.82638895,1431.75109803,1431.74935159,0.04589761,2957.32839408,0.01998460,0.01998460,21935,67,0
9111.24168241,9111.24173521,1441.81300269,1441.81172302,0.04837255,2957.64799444,0.01998460,0.01998460,21934,67,0
9111.65713107,9111.65711935,1451.88692296,1451.88720739,0.04577058,2957.96636376,0.01998460,0.01998460,21933,67,0
9112.07215661,9112.07254137,1461.97353165,1461.96418387,0.04696035,2958.28313135,0.01998460,0.01998460,21932,67,0
9112.48820770,9112.48800128,1472.07389475,1472.07891656,0.05296805,2958.59942762,0.01998460,0.01998460,21931,67,0
9112.90366441,9112.90349908,1482.18908836,1482.19311613,0.05355675,2958.91404616,0.01998460,0.01998460,21930,67,0
9113.31944424,9113.31903478,1492.31935453,1492.32934342,0.04955475,2959.22768355,0.01998460,0.01998460,21929,67,0
9113.73442405,9113.73460838,1502.46321656,1502.45871475,0.05035372,2959.53944244,0.01998460,0.01998460,21928,67,0
9114.15002282,9114.15021988,1512.61897630,1512.61415858,0.04730230,2959.85033161,0.01998460,0.01998460,21927,67,0
9114.56604742,9114.56586930,1522.78524303,1522.78960160,0.04581911,2960.16015385,0.01998460,0.01998460,21926,67,0
9114.98156078,9114.98155664,1532.96270993,1532.96281129,0.05341834,2960.46822792,0.01998460,0.01998460,21925,67,0
9115.39761550,9115.39728190,1543.15291681,1543.16109903,0.05281075,2960.77537530,0.01998460,0.01998460,21924,67,0
9115.81317895,9115.81304509,1553.35737848,1553.36066601,0.05049742,2961.08087278,0.01998460,0.01998460,21923,67,0
9116.22890351,9116.22884622,1563.57653075,1563.57793975,0.04356470,2961.38520777,0.01998460,0.01998460,21922,67,0
9116.64432296,9116.64468528,1573.80960382,1573.80068242,0.05539461,2961.68801007,0.01998460,0.01998460,21921,67,0
9117.06093610,9117.06056229,1584.05575929,1584.06497439,0.05391698,2961.99033677,0.01998460,0.01998460,21920,67,0
9117.47676045,9117.47647724,1594.31447230,1594.32146183,0.04825430,2962.29072585,0.01998460,0.01998460,21919,67,0
9117.89184099,9117.89243016,1604.58617307,1604.57161531,0.04710426,2962.58922399,0.01998459,0.01998460,21918,67,0
9118.30891789,9118.30842103,1614.87147397,1614.88376670,0.04838897,2962.88780728,0.01998460,0.01998460,21917,67,0
9118.72483527,9118.72444986,1625.17092331,1625.18047094,0.05231261,2963.18422175,0.01998460,0.01998460,21916,67,0
9119.14105893,9119.14051667,1635.48447186,1635.49792199,0.04889618,2963.47950808,0.01998460,0.01998460,21915,67,0
9119.55654097,9119.55662145,1645.81175872,1645.80976028,0.05283570,2963.77290813,0.01998460,0.01998460,21914,67,0
9119.97304801,9119.97276421,1656.15242816,1656.15948441,0.05216646,2964.06565153,0.01998460,0.01998460,21913,67,0
9120.38870393,9120.38894495,1666.50650361,1666.50050365,0.04497178,2964.35641318,0.01998460,0.01998460,21912,67,0
9120.80472400,9120.80516369,1676.87448643,1676.86352683,0.04535979,2964.64605327,0.01998459,0.01998460,21911,67,0
9121.22069543,9121.22142043,1687.25691186,1687.23881679,0.04662003,2964.93429107,0.01998459,0.01998460,21910,67,0
9121.63789417,9121.63771516,1697.65408033,1697.65855400,0.04676131,2965.22200633,0.01998460,0.01998460,21909,67,0
9122.05406421,9122.05404790,1708.06557442,1708.06598252,0.05173446,2965.50762383,0.01998460,0.01998460,21908,67,0
9122.47068767,9122.47041866,1718.49083816,1718.49757786,0.04958763,2965.79214163,0.01998460,0.01998460,21907,67,0
9122.88656436,9122.88682743,1728.92940300,1728.92280453,0.04847255,2966.07472245,0.01998460,0.01998460,21906,67,0
9123.30298175,9123.30327422,1739.38149687,1739.37415194,0.04853979,2966.35624199,0.01998459,0.01998460,21905,67,0
9123.72013869,9123.71975904,1749.84767169,1749.85721849,0.05515468,2966.63683640,0.01998460,0.01998460,21904,67,0
9124.13628014,9124.13628189,1760.32847072,1760.32842663,0.05061638,2966.91533426,0.01998460,0.01998460,21903,67,0
9124.55315885,9124.55284278,1770.82410292,1770.83207177,0.05365928,2967.19290850,0.01998460,0.01998460,21902,67,0
9124.96936813,9124.96944171,1781.33444096,1781.33258345,0.04874999,2967.46861170,0.01998460,0.01998460,21901,67,0
9125.38603378,9125.38607869,1791.85934176,1791.85820631,0.05398322,2967.74317989,0.01998460,0.01998460,21900,67,0
9125.80359237,9125.80275373,1802.39866940,1802.41989524,0.04949189,2968.01688323,0.01998460,0.01998460,21899,67,0
9126.22026067,9126.21946682,1812.95230411,1812.97242165,0.05467472,2968.28854279,0.01998460,0.01998460,21898,67,0
9126.63646088,9126.63621798,1823.52012723,1823.52629045,0.04726011,2968.55843107,0.01998460,0.01998460,21897,67,0
9127.05433971,9127.05300721,1834.10208959,1834.13594227,0.05219141,2968.82792561,0.01998460,0.01998460,21896,67,0
9127.46961466,9127.46983451,1844.69845473,1844.69286233,0.05495009,2969.09426930,0.01998459,0.01998460,21895,67,0
9127.88762653,9127.88669989,1855.30957519,1855.33317798,0.04677565,2969.36088870,0.01998460,0.01998460,21894,67,0
9128.30402166,9128.30360335,1865.93580801,1865.94647728,0.04869837,2969.62500266,0.01998460,0.01998460,21893,67,0
9128.72118554,9128.72054491,1876.57752870,1876.59389118,0.04867232,2969.88813065,0.01998460,0.01998460,21892,67,0
9129.13738517,9129.13752456,1887.23512458,1887.23155950,0.04748416,2970.14918252,0.01998459,0.01998459,21891,67,0
9129.55455623,9129.55454231,1897.90895835,1897.90931502,0.04955686,2970.40937336,0.01998459,0.01998459,21890,67,0
9129.97162220,9129.97159817,1908.59871911,1908.59933557,0.04867078,2970.66801166,0.01998459,0.01998459,21889,67,0
9130.38838939,9130.38869213,1919.30339604,1919.29562127,0.04879694,2970.92494750,0.01998459,0.01998459,21888,67,0
9130.80612779,9130.80582422,1930.02194601,1930.02975104,0.05098966,2971.18092799,0.01998460,0.01998459,21887,67,0
9131.22324936,9131.22299442,1940.75413036,1940.76069311,0.05403609,2971.43496564,0.01998460,0.01998459,21886,67,0
9131.64023854,9131.64020275,1951.50119506,1951.50211747,0.04848153,2971.68738219,0.01998459,0.01998459,21885,67,0
9132.05782366,9132.05744922,1962.26455500,1962.27422143,0.05177994,2971.93864154,0.01998460,0.01998459,21884,67,0
9132.47450616,9132.47473382,1973.04507072,1973.03918488,0.04746792,2972.18785543,0.01998459,0.01998459,21883,67,0
9132.89223808,9132.89205656,1983.84177525,1983.84647446,0.05379762,2972.43615983,0.01998460,0.01998459,21882,67,0
9133.30859248,9133.30941745,1994.65332224,1994.63193900,0.04165581,2972.68207549,0.01998459,0.01998459,21881,67,0
9133.72683079,9133.72681650,2005.47859473,2005.47896563,0.04772297,2972.92749326,0.01998459,0.01998459,21880,67,0
9134.14421237,9134.14425370,2016.31783706,2016.31676328,0.04999644,2973.17079774,0.01998459,0.01998459,21879,67,0
9134.56228266,9134.56172906,2027.17177951,2027.18618196,0.04964992,2973.41290011,0.01998460,0.01998459,21878,67,0
9134.97934621,9134.97924259,2038.04116371,2038.04386298,0.05217431,2973.65282938,0.01998459,0.01998459,21877,67,0
9135.39702106,9135.39679430,2048.92678255,2048.93269852,0.05199686,2973.89152826,0.01998459,0.01998459,21876,67,0
9135.81398660,9135.81438419,2059.82946143,2059.81907297,0.05122486,2974.12825229,0.01998459,0.01998459,21875,67,0
9136.23175542,9136.23201226,2070.74999150,2070.74327030,0.05304313,2974.36386809,0.01998459,0.01998459,21874,67,0
9136.64929573,9136.64967852,2081.68841729,2081.67838471,0.04704488,2974.59778242,0.01998459,0.01998459,21873,67,0
9137.06713141,9137.06738297,2092.64412893,2092.63752616,0.05231216,2974.83026646,0.01998459,0.01998459,21872,67,0
9137.48562459,9137.48512563,2103.61649579,2103.62961071,0.05222085,2975.06149416,0.01998459,0.01998459,21871,67,0
9137.90229835,9137.90290648,2114.60512001,2114.58911360,0.05175201,2975.29008709,0.01998459,0.01998459,21870,67,0
9138.32084992,9138.32072555,2125.60990101,2125.61317894,0.05339251,2975.51806293,0.01998459,0.01998459,21869,67,0
9138.73907784,9138.73858284,2136.63075911,2136.64382344,0.05499024,2975.74420358,0.01998459,0.01998459,21868,67,0
9139.15654338,9139.15647835,2147.66785654,2147.66957529,0.05364030,2975.96827340,0.01998459,0.01998459,21867,67,0
9139.57498313,9139.57441208,2158.72178771,2158.73690252,0.05345039,2976.19120689,0.01998459,0.01998459,21866,67,0
9139.99268148,9139.99238404,2169.79319576,2169.80108042,0.05187430,2976.41209283,0.01998459,0.01998459,21865,67,0
9140.41073980,9140.41039424,2180.88246360,2180.89163777,0.04949457,2976.63151447,0.01998459,0.01998459,21864,67,0
9140.82823659,9140.82844269,2191.98933067,2191.98385100,0.04689626,2976.84897512,0.01998459,0.01998459,21863,67,0
9141.24607335,9141.24652938,2203.11343747,2203.10129518,0.05112468,2977.06492970,0.01998459,0.01998459,21862,67,0
9141.66463798,9141.66465432,2214.25440893,2214.25397324,0.04926504,2977.27955617,0.01998459,0.01998459,21861,67,0
9142.08222180,9142.08281752,2225.41182716,2225.39592141,0.04619103,2977.49196333,0.01998459,0.01998459,21860,67,0
9142.50068376,9142.50101898,2236.58526231,2236.57629989,0.05406739,2977.70308085,0.01998459,0.01998459,21859,67,0
9142.91916675,9142.91925871,2247.77450541,2247.77204333,0.05131813,2977.91245856,0.01998459,0.01998459,21858,67,0
9143.33734267,9143.33753672,2258.98028223,2258.97507978,0.05025580,2978.11993932,0.01998459,0.01998459,21857,67,0
9143.75583698,9143.75585300,2270.20356904,2270.20313886,0.04941681,2978.32584266,0.01998459,0.01998459,21856,67,0
9144.17450582,9144.17420757,2281.44520184,2281.45322243,0.04877551,2978.53010074,0.01998459,0.01998459,21855,67,0
9144.59208540,9144.59260043,2292.70525795,2292.69138648,0.05018570,2978.73209450,0.01998459,0.01998459,21854,67,0
9145.01050941,9145.01103158,2303.98357001,2303.96948498,0.05192236,2978.93274825,0.01998459,0.01998459,21853,67,0
9145.43018042,9145.42950103,2315.27992821,2315.29828154,0.04977844,2979.13222863,0.01998459,0.01998459,21852,67,0
9145.84771595,9145.84800879,2326.59387416,2326.58595185,0.05507236,2979.32891609,0.01998459,0.01998459,21851,67,0
9146.26600803,9146.26655485,2337.92485248,2337.91003857,0.05171653,2979.52416310,0.01998459,0.01998459,21850,67,0
9146.68534405,9146.68513924,2349.27248719,2349.27804343,0.04774623,2979.71807683,0.01998459,0.01998459,21849,67,0
9147.10448504,9147.10376194,2360.63767254,2360.65731910,0.05334298,2979.91008513,0.01998459,0.01998459,21848,67,0
9147.52303786,9147.52242297,2372.02184763,2372.03858165,0.05156036,2980.10002764,0.01998459,0.01998459,21847,67,0
9147.94100075,9147.94112233,2383.42625121,2383.42293675,0.04647956,2980.28792135,0.01998459,0.01998459,21846,67,0
9148.36019752,9148.35986003,2394.85052221,2394.85973710,0.04956608,2980.47456539,0.01998459,0.01998459,21845,67,0
9148.77791069,9148.77863607,2406.29356685,2406.27373122,0.04988183,2980.65872342,0.01998459,0.01998459,21844,67,0
9149.19810959,9149.19745045,2417.75439729,2417.77244768,0.05101321,2980.84211304,0.01998459,0.01998459,21843,67,0
9149.61630113,9149.61630319,2429.23294582,2429.23288930,0.04724623,2981.02275964,0.01998459,0.01998459,21842,67,0
9150.03539627,9150.03519429,2440.72957741,2440.73512492,0.04772891,2981.20192427,0.01998459,0.01998459,21841,67,0
9150.45372942,9150.45412375,2452.24472053,2452.23387311,0.04626437,2981.37889085,0.01998459,0.01998459,21840,67,0
9150.87309374,9150.87309158,2463.77924780,2463.77930734,0.04832386,2981.55441941,0.01998459,0.01998459,21839,67,0
9151.29180887,9151.29209778,2475.33424329,2475.32626898,0.04620922,2981.72780980,0.01998459,0.01998459,21838,67,0
9151.71084688,9151.71114236,2486.91054347,2486.90237366,0.04978373,2981.89946802,0.01998459,0.01998459,21837,67,0
9152.12997370,9152.13022533,2498.50712817,2498.50015993,0.04985560,2982.06926906,0.01998459,0.01998459,21836,67,0
9152.54910186,9152.54934668,2510.12215033,2510.11536095,0.05056340,2982.23713936,0.01998459,0.01998459,21835,67,0
9152.96819182,9152.96850643,2521.75407628,2521.74533979,0.04970339,2982.40303164,0.01998459,0.01998459,21834,67,0
9153.38731661,9153.38770458,2533.40353009,2533.39274029,0.04629463,2982.56697443,0.01998459,0.01998459,21833,67,0
9153.80693370,9153.80694113,2545.07200807,2545.07180110,0.04655623,2982.72915417,0.01998459,0.01998459,21832,67,0
9154.22640332,9154.22621610,2556.76078384,2556.76600765,0.05444564,2982.88932816,0.01998459,0.01998459,21831,67,0
9154.64493370,9154.64552948,2568.46980324,2568.45315311,0.04718327,2983.04718985,0.01998459,0.01998459,21830,67,0
9155.06467183,9155.06488128,2580.19854599,2580.19268342,0.04793513,2983.20352921,0.01998459,0.01998459,21829,67,0
9155.48446118,9155.48427151,2591.94662421,2591.95194154,0.05094098,2983.35789067,0.01998459,0.01998459,21828,67,0
9155.90299667,9155.90370017,2603.71428550,2603.69453201,0.04912737,2983.50979551,0.01998459,0.01998459,21827,67,0
9156.32319195,9156.32316727,2615.50196448,2615.50265870,0.04633020,2983.66029306,0.01998459,0.01998459,21826,67,0
9156.74176960,9156.74267281,2627.31010960,2627.28466533,0.05035046,2983.80820374,0.01998459,0.01998459,21825,67,0
9157.16272800,9157.16221679,2639.13920860,2639.15363451,0.04606785,2983.95492958,0.01998459,0.01998459,21824,67,0
9157.58214752,9157.58179923,2650.98976181,2650.99960736,0.04872779,2984.09909276,0.01998459,0.01998459,21823,67,0
9158.00115357,9158.00142013,2662.86205703,2662.85450863,0.04865436,2984.24108572,0.01998459,0.01998459,21822,67,0
9158.42092085,9158.42107949,2674.75577637,2674.75127651,0.05081780,2984.38128823,0.01998459,0.01998459,21821,67,0
9158.84120054,9158.84077732,2686.67049465,2686.68251935,0.05128076,2984.51959097,0.01998459,0.01998459,21820,67,0
9159.26061449,9159.26051363,2698.60607308,2698.60894369,0.05105643,2984.65552973,0.01998459,0.01998459,21819,67,0
9159.67975854,9159.68028841,2710.56297367,2710.54786780,0.04968371,2984.78929958,0.01998459,0.01998459,21818,67,0
9160.10042212,9160.10010168,2722.54172738,2722.55087860,0.04560227,2984.92145610,0.01998459,0.01998459,21817,67,0
9160.52015991,9160.51995344,2734.54231043,2734.54821708,0.05262878,2985.05121408,0.01998459,0.01998459,21816,67,0
9160.93957143,9160.93984369,2746.56386330,2746.55606215,0.04836457,2985.17874695,0.01998459,0.01998459,21815,67,0
9161.36083505,9161.35977244,2758.60549192,2758.63598634,0.04922018,2985.30468436,0.01998459,0.01998459,21814,67,0
9161.77965465,9161.77973970,2770.66735852,2770.66491379,0.05012587,2985.42773688,0.01998459,0.01998459,21813,67,0
9162.19902431,9162.19974547,2782.75073993,2782.72997420,0.04850849,2985.54880005,0.01998459,0.01998459,21812,67,0
9162.61975932,9162.61978976,2794.85690734,2794.85602928,0.05213937,2985.66809465,0.01998459,0.01998459,21811,67,0
9163.03983352,9163.03987257,2806.98620920,2806.98508052,0.05301757,2985.78503108,0.01998459,0.01998459,21810,67,0
9163.45962015,9163.45999391,2819.13833806,2819.12751737,0.04721051,2985.89970453,0.01998459,0.01998459,21809,67,0
9163.87959049,9163.88015378,2831.31299301,2831.29665697,0.04506821,2986.01222874,0.01998459,0.01998459,21808,67,0
9164.30044088,9164.30035218,2843.51004669,2843.51262346,0.04472914,2986.12276785,0.01998459,0.01998459,21807,67,0
9164.71993027,9164.72058913,2855.72944977,2855.71027522,0.04954179,2986.23072376,0.01998459,0.01998459,21806,67,0
9165.14124111,9165.14086463,2867.97109286,2867.98206830,0.05128349,2986.33689799,0.01998459,0.01998459,21805,67,0
9165.56061872,9165.56117868,2880.23461048,2880.21825888,0.04632159,2986.44032938,0.01998459,0.01998459,21804,67,0
9165.98136370,9165.98153129,2892.51956641,2892.51466458,0.04688691,2986.54182035,0.01998459,0.01998459,21803,67,0
9166.40210533,9166.40192247,2904.82599607,2904.83135380,0.04721523,2986.64101704,0.01998459,0.01998459,21802,67,0
9166.82222919,9166.82235221,2917.15508584,2917.15147493,0.04636033,2986.73777645,0.01998459,0.01998459,21801,67,0
9167.24257302,9167.24282053,2929.50818347,2929.50090494,0.04434009,2986.83229178,0.01998459,0.01998459,21800,67,0
9167.66351295,9167.66332743,2941.88570110,2941.89116698,0.04541257,2986.92462993,0.01998459,0.01998459,21799,67,0
9168.08444228,9168.08387291,2954.28675600,2954.30356037,0.04801181,2987.01463234,0.01998459,0.01998459,21798,67,0
9168.50434333,9168.50445699,2966.71044220,2966.70708190,0.04826899,2987.10207000,0.01998459,0.01998459,21797,67,0
9168.92562808,9168.92507966,2979.15702963,2979.17327266,0.04397023,2987.18743074,0.01998459,0.01998459,21796,67,0
9169.34561713,9169.34574093,2991.62769490,2991.62402125,0.04813759,2987.27016518,0.01998459,0.01998459,21795,67,0
9169.76662797,9169.76644081,3004.12348916,3004.12905364,0.05176095,2987.35072461,0.01998459,0.01998459,21794,67,0
9170.18714999,9170.18717930,3016.64443126,3016.64355824,0.05099862,2987.42880074,0.01998459,0.01998459,21793,67,0
9170.60752808,9170.60795641,3029.19012440,3029.17734167,0.04527218,2987.50444574,0.01998459,0.01998459,21792,67,0
9171.02928022,9171.02877214,3041.76039474,3041.77558595,0.05149181,2987.57790647,0.01998459,0.01998459,21791,67,0
9171.44988014,9171.44962650,3054.35575777,3054.36335600,0.04531830,2987.64872919,0.01998459,0.01998459,21790,67,0
9171.87073567,9171.87051949,3066.97684619,3066.98333492,0.04527838,2987.71714714,0.01998459,0.01998459,21789,67,0
9172.29167677,9172.29145113,3079.62338299,3079.63016848,0.04980243,2987.78311289,0.01998459,0.01998459,21788,67,0
9172.71229144,9172.71242140,3092.29376809,3092.28985317,0.05032940,2987.84654090,0.01998459,0.01998459,21787,67,0
9173.13416346,9173.13343033,3104.98646560,3105.00858683,0.04871872,2987.90764015,0.01998459,0.01998459,21786,67,0
9173.55398327,9173.55447791,3117.70227604,3117.68732395,0.04856400,2987.96592871,0.01998459,0.01998459,21785,67,0
9173.97608703,9173.97556415,3130.44362811,3130.45946601,0.04906387,2988.02200302,0.01998459,0.01998459,21784,67,0
9174.39663538,9174.39668905,3143.21248988,3143.21086080,0.04511183,2988.07533908,0.01998459,0.01998459,21783,67,0
9174.81725305,9174.81785263,3156.00834933,3155.99011525,0.04730501,2988.12613772,0.01998459,0.01998459,21782,67,0
9175.23915983,9175.23905488,3168.82994306,3168.83314094,0.04671113,2988.17451282,0.01998459,0.01998459,21781,67,0
9175.66002257,9175.66029581,3181.67671035,3181.66836917,0.04825774,2988.22017701,0.01998459,0.01998459,21780,67,0
9176.08186348,9176.08157543,3194.54947964,3194.55829001,0.05086332,2988.26333762,0.01998459,0.01998459,21779,67,0
9176.50200166,9176.50289374,3207.44919262,3207.42185172,0.04303349,2988.30371407,0.01998459,0.01998459,21778,67,0
9176.92398497,9176.92425075,3220.37586038,3220.36769850,0.04615907,2988.34162946,0.01998459,0.01998459,21777,67,0
9177.34644309,9177.34564646,3233.32871954,3233.35322930,0.04270051,2988.37692022,0.01998459,0.01998459,21776,67,0
9177.76797355,9177.76708088,3246.30721536,3246.33473220,0.04641519,2988.40945595,0.01998459,0.01998459,21775,67,0
9178.18858223,9178.18855402,3259.31203326,3259.31290478,0.04774263,2988.43924043,0.01998459,0.01998459,21774,67,0
9178.60972803,9178.61006587,3272.34426431,3272.33380834,0.04954030,2988.46636653,0.01998459,0.01998459,21773,67,0
9179.03094640,9179.03161645,3285.40458351,3285.38380299,0.05200873,2988.49078270,0.01998459,0.01998459,21772,67,0
9179.45309700,9179.45320575,3298.49288267,3298.48950315,0.04196371,2988.51251134,0.01998459,0.01998459,21771,67,0
9179.87497455,9179.87483379,3311.60897028,3311.61335334,0.04995942,2988.53146624,0.01998459,0.01998459,21770,67,0
9180.29675402,9180.29650057,3324.75269892,3324.76060694,0.05086440,2988.54764129,0.01998459,0.01998459,21769,67,0
9180.71794997,9180.71820610,3337.92395148,3337.91594368,0.04767812,2988.56100722,0.01998459,0.01998459,21768,67,0
9181.13997311,9181.13995037,3351.12284663,3351.12355905,0.04842302,2988.57158912,0.01998459,0.01998459,21767,67,0
9181.56229644,9181.56173341,3364.35039214,3364.36806848,0.04131146,2988.57934554,0.01998459,0.01998459,21766,67,0
9181.98295045,9181.98355520,3377.60778855,3377.58876111,0.04521703,2988.58423633,0.01998459,0.01998459,21765,67,0
9182.40582884,9182.40541576,3390.89529321,3390.90831818,0.04929074,2988.58628217,0.01998459,0.01998459,21764,67,0
9182.82711436,9182.82731509,3404.21198430,3404.20564207,0.04880578,2988.58543919,0.01998459,0.01998459,21763,67,0
9183.24934106,9183.24925320,3417.55700380,3417.55978548,0.05313797,2988.58169074,0.01998459,0.01998459,21762,67,0
9183.67120786,9183.67123010,3430.93047675,3430.92977127,0.04909991,2988.57502421,0.01998459,0.01998459,21761,67,0
9184.09296974,9184.09324578,3444.33293671,3444.32416097,0.04641370,2988.56542176,0.01998459,0.01998459,21760,67,0
9184.51608440,9184.51530025,3457.76496981,3457.78995231,0.04644082,2988.55281787,0.01998459,0.01998459,21759,67,0
9184.93652521,9184.93739353,3471.22725426,3471.19952994,0.04302058,2988.53732659,0.01998458,0.01998459,21758,67,0
9185.35945615,9185.35952560,3484.72040721,3484.71818473,0.04663035,2988.51873911,0.01998459,0.01998459,21757,67,0
9185.78047021,9185.78169649,3498.24424122,3498.20491649,0.04639928,2988.49722345,0.01998458,0.01998459,21756,67,0
9186.20325909,9186.20390620,3511.79808775,3511.77729257,0.05093728,2988.47257382,0.01998459,0.01998459,21755,67,0
9186.62513420,9186.62615472,3525.38125768,3525.34839580,0.04507380,2988.44491967,0.01998458,0.01998459,21754,67,0
9187.04860416,9187.04844207,3538.99303958,3538.99826938,0.04818050,2988.41407163,0.01998459,0.01998459,21753,67,0
9187.47080654,9187.47076825,3552.63289677,3552.63413477,0.04653019,2988.38021731,0.01998459,0.01998459,21752,67,0
9187.89383943,9187.89313326,3566.30279226,3566.32567365,0.04450007,2988.34316932,0.01998459,0.01998459,21751,67,0
9188.31548295,9188.31553712,3580.00650800,3580.00474838,0.04944097,2988.30309708,0.01998459,0.01998459,21750,67,0
9188.73747834,9188.73797983,3593.74608017,3593.72975030,0.04533502,2988.25981784,0.01998458,0.01998459,21749,67,0
9189.16062508,9189.16046139,3607.51831851,3607.52366038,0.04487477,2988.21321998,0.01998459,0.01998459,21748,67,0
9189.58217989,9189.58298180,3621.31941550,3621.29319633,0.04486350,2988.16360312,0.01998458,0.01998459,21747,67,0
9190.00429494,9190.00554108,3635.15065309,3635.10981693,0.04855522,2988.11070158,0.01998458,0.01998459,21746,67,0
9190.42810251,9190.42813923,3649.01715917,3649.01595274,0.04410071,2988.05430607,0.01998458,0.01998459,21745,67,0
9190.85064401,9190.85077625,3662.92187531,3662.91751928,0.04309161,2987.99476871,0.01998458,0.01998459,21744,67,0
9191.27346880,9191.27345215,3676.86132462,3676.86187446,0.04986733,2987.93187311,0.01998459,0.01998459,21743,67,0
9191.69677448,9191.69616694,3690.83127089,3690.85136971,0.04775343,2987.86557805,0.01998459,0.01998459,21742,67,0
9192.11887758,9192.11892061,3704.83215533,3704.83072843,0.05096610,2987.79613292,0.01998459,0.01998459,21741,67,0
9192.54175590,9192.54171318,3718.86756930,3718.86898914,0.04536335,2987.72317745,0.01998459,0.01998459,21740,67,0
9192.96477936,9192.96454466,3732.93944790,3732.94726828,0.04610831,2987.64677516,0.01998459,0.01998459,21739,67,0
9193.38749627,9193.38741503,3747.04579827,3747.04851111,0.04480608,2987.56699626,0.01998459,0.01998459,21738,67,0
9193.81003657,9193.81032432,3761.18433961,3761.17470911,0.04745234,2987.48381230,0.01998459,0.01998459,21737,67,0
9194.23319800,9194.23327253,3775.35514359,3775.35264366,0.04312630,2987.39703838,0.01998459,0.01998459,21736,67,0
9194.65622465,9194.65625966,3789.55948651,3789.55830943,0.04660630,2987.30679316,0.01998459,0.01998459,21735,67,0
9195.07966170,9195.07928572,3803.79834980,3803.81102024,0.04761987,2987.21292721,0.01998459,0.01998459,21734,67,0
9195.50277664,9195.50235071,3818.07222150,3818.08660920,0.04323963,2987.11557461,0.01998459,0.01998459,21733,67,0
9195.92531484,9195.92545464,3832.38148003,3832.37674645,0.04430243,2987.01477839,0.01998459,0.01998459,21732,67,0
9196.34874913,9196.34859751,3846.72613717,3846.73128326,0.05025105,2986.91015853,0.01998459,0.01998459,21731,67,0
9196.77214164,9196.77177933,3861.10614811,3861.11847437,0.03818985,2986.80191152,0.01998459,0.01998459,21730,67,0
9197.19576339,9197.19500011,3875.52283213,3875.54886608,0.04655503,2986.68993050,0.01998459,0.01998459,21729,67,0
9197.61792133,9197.61825985,3889.97883813,3889.96726078,0.04427516,2986.57463208,0.01998458,0.01998458,21728,67,0
9198.04126924,9198.04155855,3904.47538106,3904.46546033,0.04082421,2986.45525737,0.01998458,0.01998458,21727,67,0
9198.46545541,9198.46489622,3919.00954441,3919.02876519,0.04323002,2986.33187503,0.01998459,0.01998458,21726,67,0
9198.88931092,9198.88827287,3933.57833533,3933.61409766,0.04553674,2986.20481811,0.01998459,0.01998458,21725,67,0
9199.31136031,9199.31168850,3948.18432497,3948.17298870,0.04052615,2986.07450971,0.01998458,0.01998458,21724,67,0
9199.73590750,9199.73514312,3962.83278943,3962.85927063,0.05081931,2985.93953593,0.01998459,0.01998458,21723,67,0
9200.15796258,9200.15863673,3977.52374990,3977.50033473,0.04412395,2985.80145276,0.01998458,0.01998458,21722,67,0
9200.58252642,9200.58216934,3992.25035112,3992.26277953,0.03972520,2985.65866067,0.01998459,0.01998458,21721,67,0
9201.00575256,9201.00574095,4007.00843032,4007.00883550,0.04209940,2985.51245343,0.01998459,0.01998458,21720,67,0
9201.42941187,9201.42935157,4021.80452291,4021.80663219,0.04067012,2985.36214187,0.01998458,0.01998458,21719,67,0
9201.85323494,9201.85300120,4036.64647210,4036.65467327,0.04745133,2985.20770322,0.01998459,0.01998458,21718,67,0
9202.27632568,9202.27668985,4051.53295930,4051.52014732,0.04131229,2985.04945321,0.01998458,0.01998458,21717,67,0
9202.69970259,9202.70041753,4066.45779929,4066.43258848,0.03910904,2984.88705299,0.01998458,0.01998458,21716,67,0
9203.12363869,9203.12418424,4081.41869482,4081.39941132,0.03843027,2984.72038370,0.01998458,0.01998458,21715,67,0
nan,nan,0.00000000,-1.00000000,0.00000000,2984.56573348,nan,0.00000000,-2147483648,67,1
nan,nan,0.00000000,-1.00000000,0.00000000,2994.31256376,nan,0.00000000,-2147483648,66,1
9184.51647294,9184.51530025,12.00142650,12.02551739,0.05426190,2994.80820953,0.01998459,0.01998459,21759,66,0
9184.93711450,9184.93739353,20.67634637,20.67060929,0.04431191,2995.28179593,0.01998459,0.01998459,21758,66,0
9185.35977646,9185.35952560,29.35960330,29.36476565,0.04444728,2995.75691686,0.01998459,0.01998459,21757,66,0
9185.78126173,9185.78169649,38.05135484,38.04239981,0.05470295,2996.22998092,0.01998459,0.01998459,21756,66,0
9186.20427969,9186.20390620,46.75152871,46.75922821,0.05722019,2996.70402020,0.01998459,0.01998459,21755,66,0
9186.62514147,9186.62615472,55.45972011,55.43881518,0.04652359,2997.17487686,0.01998459,0.01998459,21754,66,0
9187.04820543,9187.04844207,64.17549615,64.17061030,0.05088398,2997.64739967,0.01998459,0.01998459,21753,66,0
9187.47105565,9187.47076825,72.89843236,72.90437058,0.05436085,2998.11885811,0.01998459,0.01998459,21752,66,0
9187.89297617,9187.89313326,81.62849888,81.62525052,0.04474467,2998.58845227,0.01998459,0.01998459,21751,66,0
9188.31637769,9188.31553712,90.36616785,90.38356268,0.04299278,2999.05888565,0.01998459,0.01998459,21750,66,0
9188.73743507,9188.73797983,99.11194624,99.10066331,0.05187007,2999.52593408,0.01998459,0.01998459,21749,66,0
9189.16122466,9189.16046139,107.86633268,107.88215602,0.05428551,2999.99525024,0.01998459,0.01998459,21748,66,0
9189.58243634,9189.58298180,116.62953791,116.61821984,0.04771304,3000.46096030,0.01998459,0.01998459,21747,66,0
9190.00545360,9190.00554108,125.40146255,125.39964576,0.03943894,3000.92790353,0.01998459,0.01998459,21746,66,0
9190.42806684,9190.42813923,134.18199135,134.18048670,0.04700234,3001.39362692,0.01998459,0.01998459,21745,66,0
9190.85089879,9190.85077625,142.97100648,142.97355587,0.04834374,3001.85880698,0.01998459,0.01998459,21744,66,0
9191.27297764,9191.27345215,151.76835370,151.75847329,0.05776454,3002.32236398,0.01998459,0.01998459,21743,66,0
9191.69595161,9191.69616694,160.57384679,160.56935946,0.04672537,3002.78609403,0.01998459,0.01998459,21742,66,0
9192.11960133,9192.11892061,169.38729735,169.40149448,0.04694028,3003.24973833,0.01998459,0.01998459,21741,66,0
9192.54200945,9192.54171318,178.20854582,178.21472958,0.05262304,3003.71118807,0.01998459,0.01998459,21740,66,0
9192.96437768,9192.96454466,187.03780841,187.03432030,0.04926268,3004.17176745,0.01998459,0.01998459,21739,66,0
9193.38840958,9193.38741503,195.87556029,195.89635514,0.05133625,3004.63335035,0.01998459,0.01998459,21738,66,0
9193.81032231,9193.81032432,204.72228437,204.72224215,0.05856755,3005.09184128,0.01998459,0.01998459,21737,66,0
9194.23293173,9194.23327253,213.57839673,213.57125726,0.04507312,3005.55032150,0.01998458,0.01998459,21736,66,0
9194.65547962,9194.65625966,222.44371439,222.42735815,0.04644354,3006.00795288,0.01998458,0.01998459,21735,66,0
9195.07955661,9195.07928572,231.31774508,231.32343015,0.04498696,3006.46642435,0.01998459,0.01998459,21734,66,0
9195.50316760,9195.50235071,240.19999117,240.21714856,0.04996803,3006.92354613,0.01998459,0.01998459,21733,66,0
9195.92512878,9195.92545464,249.09005113,249.08320167,0.05060183,3007.37802277,0.01998458,0.01998459,21732,66,0
9196.34930701,9196.34859751,257.98810179,258.00302771,0.05072719,3007.83402267,0.01998459,0.01998459,21731,66,0
9196.77213142,9196.77177933,266.89453209,266.90194546,0.05595868,3008.28772047,0.01998459,0.01998459,21730,66,0
9197.19522825,9197.19500011,275.80973352,275.81454152,0.05306644,3008.74088031,0.01998459,0.01998459,21729,66,0
9197.61799315,9197.61825985,284.73402733,284.72840157,0.05167475,3009.19286718,0.01998458,0.01998458,21728,66,0
9198.04062895,9198.04155855,293.66745493,293.64782734,0.05191964,3009.64389707,0.01998458,0.01998458,21727,66,0
9198.46469617,9198.46489622,302.60998958,302.60576184,0.05495868,3010.09562593,0.01998458,0.01998458,21726,66,0
9198.88819443,9198.88827287,311.56160441,311.55994515,0.04219019,3010.54591471,0.01998458,0.01998458,21725,66,0
9199.31084979,9199.31168850,320.52229221,320.50453456,0.04221521,3010.99447169,0.01998458,0.01998458,21724,66,0
9199.73503694,9199.73514312,329.49209533,329.48984523,0.04707595,3011.44381288,0.01998458,0.01998458,21723,66,0
9200.15867083,9200.15863673,338.47106395,338.47178740,0.04589966,3011.89172488,0.01998458,0.01998458,21722,66,0
9200.58223941,9200.58216934,347.45924702,347.46073480,0.04473723,3012.33872354,0.01998458,0.01998458,21721,66,0
9201.00528369,9201.00574095,356.45659997,356.44688264,0.04410785,3012.78431973,0.01998458,0.01998458,21720,66,0
9201.42965745,9201.42935157,365.46292953,365.46943584,0.04399405,3013.23044971,0.01998459,0.01998458,21719,66,0
9201.85241253,9201.85300120,374.47802817,374.46549600,0.04387314,3013.67400064,0.01998458,0.01998458,21718,66,0
9202.27627380,9202.27668985,383.50169702,383.49283227,0.04884440,3014.11781912,0.01998458,0.01998458,21717,66,0
9202.70047988,9202.70041753,392.53395976,392.53528934,0.05529626,3014.56110038,0.01998458,0.01998458,21716,66,0
9203.12319777,9203.12418424,401.57506072,401.55400493,0.04070536,3015.00194047,0.01998458,0.01998458,21715,66,0
9203.54802697,9203.54798998,410.62525500,410.62604536,0.05337654,3015.44409945,0.01998458,0.01998458,21714,66,0
9203.97171798,9203.97183476,419.68478218,419.68228486,0.05225731,3015.88419957,0.01998458,0.01998458,21713,66,0
9204.39571655,9204.39571860,428.75370696,428.75366318,0.05401243,3016.32374385,0.01998458,0.01998458,21712,66,0
9204.81964975,9204.81964148,437.83199037,437.83216761,0.05340356,3016.76233863,0.01998458,0.01998458,21711,66,0
9205.24389373,9205.24360342,446.91959181,446.92581765,0.05439947,3017.20036589,0.01998458,0.01998458,21710,66,0
9205.66739683,9205.66760442,456.01647696,456.01202104,0.04865408,3017.63673509,0.01998458,0.01998458,21709,66,0
9206.09142040,9206.09164449,465.12264579,465.11783141,0.04453660,3018.07274222,0.01998458,0.01998458,21708,66,0
9206.51527553,9206.51572363,474.23810955,474.22847326,0.03989869,3018.50767389,0.01998458,0.01998458,21707,66,0
9206.93971586,9206.93984185,483.36287942,483.36016738,0.04357708,3018.94229822,0.01998458,0.01998458,21706,66,0
9207.36333836,9207.36399916,492.49689406,492.48265768,0.04918561,3019.37517197,0.01998458,0.01998458,21705,66,0
9207.78800443,9207.78819555,501.63989512,501.63577391,0.05253731,3019.80817982,0.01998458,0.01998458,21704,66,0
9208.21229906,9208.21243105,510.79158969,510.78874120,0.05244009,3020.23985867,0.01998458,0.01998458,21703,66,0
9208.63513065,9208.63670564,519.95169287,519.91767496,0.05063666,3020.66908663,0.01998458,0.01998458,21702,66,0
9209.06110962,9209.06101933,529.12037927,529.12233100,0.05054416,3021.10054220,0.01998458,0.01998458,21701,66,0
9209.48445924,9209.48537214,538.29847367,538.27871932,0.04407860,3021.52840693,0.01998458,0.01998458,21700,66,0
9209.91040531,9209.90976407,547.48685471,547.50074568,0.04682825,3021.95799904,0.01998459,0.01998458,21699,66,0
9210.33431252,9210.33419511,556.68632887,556.68887505,0.05256794,3022.38467429,0.01998458,0.01998458,21698,66,0
9210.75830236,9210.75866529,565.89664275,565.88876386,0.04878138,3022.81055707,0.01998458,0.01998458,21697,66,0
9211.18287507,9211.18317459,575.11676789,575.11025952,0.04176591,3023.23609531,0.01998458,0.01998458,21696,66,0
9211.60799478,9211.60772304,584.34565199,584.35156133,0.04761539,3023.66119621,0.01998458,0.01998458,21695,66,0
9212.03106921,9212.03231063,593.58248183,593.55546440,0.04844375,3024.08323158,0.01998458,0.01998458,21694,66,0
9212.45705594,9212.45693737,602.82781367,602.83039655,0.05520725,3024.50716524,0.01998458,0.01998458,21693,66,0
9212.88222097,9212.88160326,612.08268499,612.09615369,0.05020047,3024.92931704,0.01998458,0.01998458,21692,66,0
9213.30656858,9213.30630831,621.34813866,621.35381981,0.04281819,3025.34973955,0.01998458,0.01998458,21691,66,0
9213.73051475,9213.73105253,630.62470811,630.61295660,0.04881465,3025.76886785,0.01998458,0.01998458,21690,66,0
9214.15536226,9214.15583592,639.91167838,639.90131784,0.05641041,3026.18795085,0.01998458,0.01998458,21689,66,0
9214.57961440,9214.58065848,649.20814385,649.18528609,0.04880544,3026.60546566,0.01998458,0.01998458,21688,66,0
9215.00450980,9215.00552023,658.51322621,658.49108745,0.04492813,3027.02258726,0.01998458,0.01998458,21687,66,0
9215.42978334,9215.43042116,667.82693867,667.81295133,0.05136353,3027.43904795,0.01998458,0.01998458,21686,66,0
9215.85503898,9215.85536129,677.15027426,677.14319896,0.04679034,3027.85449864,0.01998458,0.01998458,21685,66,0
9216.27945515,9216.28034062,686.48428203,686.46482321,0.04817539,3028.26818151,0.01998458,0.01998458,21684,66,0
9216.70531773,9216.70535914,695.82985652,695.82894545,0.05729304,3028.68235710,0.01998458,0.01998458,21683,66,0
9217.13027093,9217.13041688,705.18661396,705.18339951,0.04458310,3029.09471018,0.01998458,0.01998458,21682,66,0
9217.55570947,9217.55551383,714.55355382,714.55786673,0.04858225,3029.50654622,0.01998458,0.01998458,21681,66,0
9217.98117368,9217.98065000,723.92966560,723.94121965,0.05371632,3029.91736930,0.01998458,0.01998458,21680,66,0
9218.40538840,9218.40582540,733.31435004,733.30470019,0.04497662,3030.32592221,0.01998458,0.01998458,21679,66,0
9218.83027152,9218.83104002,742.70823959,742.69125374,0.04970101,3030.73407747,0.01998458,0.01998458,21678,66,0
9219.25616684,9219.25629389,752.11219805,752.10938709,0.04524126,3031.14219210,0.01998458,0.01998458,21677,66,0
9219.68113645,9219.68158699,761.52707650,761.51709719,0.04701240,3031.54844067,0.01998458,0.01998458,21676,66,0
9220.10624080,9220.10691934,770.95316641,770.93812072,0.05017252,3031.95384694,0.01998458,0.01998458,21675,66,0
9220.53325253,9220.53229094,780.39010202,780.41144602,0.05447304,3032.36007326,0.01998458,0.01998458,21674,66,0
9220.95771317,9220.95770180,789.83747788,789.83773051,0.05039937,3032.76285794,0.01998458,0.01998458,21673,66,0
9221.38339980,9221.38315193,799.29493803,799.30045068,0.04608172,3033.16576978,0.01998458,0.01998458,21672,66,0
9221.80724298,9221.80864132,808.76251562,808.73138585,0.04988976,3033.56590239,0.01998458,0.01998458,21671,66,0
9222.23401454,9222.23416998,818.24042197,818.23695804,0.04380971,3033.96776072,0.01998458,0.01998458,21670,66,0
9222.65939526,9222.65973793,827.72887042,827.72122634,0.05119060,3034.36727607,0.01998458,0.01998458,21669,66,0
9223.08478890,9223.08534516,837.22801251,837.21559097,0.04571459,3034.76577315,0.01998458,0.01998458,21668,66,0
9223.51064120,9223.51099168,846.73784443,846.73000979,0.04975522,3035.16366246,0.01998458,0.01998458,21667,66,0
9223.93670535,9223.93667750,856.25833858,856.25896181,0.05331266,3035.56070468,0.01998458,0.01998458,21666,66,0
9224.36221630,9224.36240262,865.78948141,865.78530793,0.04934817,3035.95618237,0.01998458,0.01998458,21665,66,0
9224.78838338,9224.78816704,875.33152547,875.33637660,0.05515628,3036.35122446,0.01998458,0.01998458,21664,66,0
9225.21469160,9225.21397078,884.88496071,884.90114244,0.04988443,3036.74536553,0.01998458,0.01998458,21663,66,0
9225.63981952,9225.63981384,894.45028846,894.45041630,0.04916544,3037.13740267,0.01998458,0.01998458,21662,66,0
9226.06608119,9226.06569621,904.02779608,904.03645854,0.05045037,3037.52947593,0.01998458,0.01998458,21661,66,0
9226.49162377,9226.49161792,913.61674470,913.61687650,0.04895632,3037.91984373,0.01998458,0.01998458,21660,66,0
9226.91789226,9226.91757896,923.21608670,923.22315037,0.04471254,3038.30978356,0.01998458,0.01998458,21659,66,0
9227.34355522,9227.34357934,932.82478369,932.82423951,0.04961998,3038.69803013,0.01998458,0.01998458,21658,66,0
9227.77000621,9227.76961907,942.44263044,942.45137427,0.04622660,3039.08584095,0.01998458,0.01998458,21657,66,0
9228.19610686,9228.19569814,952.07064585,952.07988639,0.05299922,3039.47221543,0.01998458,0.01998458,21656,66,0
9228.62185133,9228.62181657,961.70995265,961.71073941,0.04722301,3039.85719087,0.01998458,0.01998458,21655,66,0
9229.04843796,9229.04797436,971.36152112,971.37202680,0.04905882,3040.24188210,0.01998458,0.01998458,21654,66,0
9229.47434810,9229.47417152,981.02507769,981.02908349,0.04593242,3040.62490225,0.01998458,0.01998458,21653,66,0
9229.90139174,9229.90040805,990.69975876,990.72209751,0.04783549,3041.00783732,0.01998458,0.01998458,21652,66,0
9230.32639275,9230.32668396,1000.38469422,1000.37807484,0.05118268,3041.38780336,0.01998458,0.01998458,21651,66,0
9230.75308034,9230.75299926,1010.07947033,1010.08131512,0.04766255,3041.76811471,0.01998458,0.01998458,21650,66,0
9231.17882973,9231.17935394,1019.78463580,1019.77269711,0.04948669,3042.14644536,0.01998458,0.01998458,21649,66,0
9231.60517682,9231.60574801,1029.50086398,1029.48784113,0.04701121,3042.52418258,0.01998458,0.01998458,21648,66,0
9232.03224596,9232.03218149,1039.22877706,1039.23024878,0.05728623,3042.90145004,0.01998458,0.01998458,21647,66,0
9232.45859213,9232.45865436,1048.96838185,1048.96695970,0.05072055,3043.27696581,0.01998458,0.01998458,21646,66,0
9232.88425326,9232.88516665,1058.71929880,1058.69840602,0.05316781,3043.65074868,0.01998458,0.01998458,21645,66,0
9233.31186991,9233.31171836,1068.48114014,1068.48461017,0.05094943,3044.02509192,0.01998458,0.01998458,21644,66,0
9233.73871399,9233.73830949,1078.25365779,1078.26292897,0.04892112,3044.39758774,0.01998458,0.01998458,21643,66,0
9234.16560769,9234.16494004,1088.03696870,1088.05228676,0.04769470,3044.76895585,0.01998458,0.01998458,21642,66,0
9234.59191595,9234.59161003,1097.83124875,1097.83827497,0.05000839,3045.13864736,0.01998458,0.01998458,21641,66,0
9235.01802710,9235.01831945,1107.63669605,1107.62997440,0.04867343,3045.50700431,0.01998458,0.01998458,21640,66,0
9235.44490801,9235.44506832,1117.45378508,1117.45009512,0.04637807,3045.87487248,0.01998458,0.01998458,21639,66,0
9235.87217705,9235.87185663,1127.28318717,1127.29057122,0.04944007,3046.24193766,0.01998458,0.01998458,21638,66,0
9236.29912675,9236.29868440,1137.12558168,1137.13578842,0.05524438,3046.60761096,0.01998458,0.01998458,21637,66,0
9236.72558861,9236.72555163,1146.98123009,1146.98208426,0.04774433,3046.97175453,0.01998458,0.01998458,21636,66,0
9237.15198429,9237.15245833,1156.84925569,1156.83829231,0.04838006,3047.33469201,0.01998458,0.01998458,21635,66,0
9237.57813153,9237.57940450,1166.72858519,1166.69911501,0.05059840,3047.69622441,0.01998458,0.01998458,21634,66,0
9238.00609677,9238.00639014,1176.61823922,1176.61144108,0.04496676,3048.05805695,0.01998458,0.01998458,21633,66,0
9238.43302247,9238.43341526,1186.51850189,1186.50939043,0.04529747,3048.41777543,0.01998458,0.01998458,21632,66,0
9238.85975724,9238.86047987,1196.43052337,1196.41374145,0.04831067,3048.77613652,0.01998458,0.01998458,21631,66,0
9239.28810910,9239.28758398,1206.35547681,1206.36768728,0.05111280,3049.13468911,0.01998458,0.01998458,21630,66,0
9239.71422397,9239.71472758,1216.29402425,1216.28229940,0.04972106,3049.49022702,0.01998458,0.01998458,21629,66,0
9240.14205124,9240.14191068,1226.24558886,1226.24886526,0.05036968,3049.84602035,0.01998458,0.01998458,21628,66,0
9240.56937201,9240.56913330,1236.20940745,1236.21497788,0.05640543,3050.20018538,0.01998458,0.01998458,21627,66,0
9240.99596508,9240.99639542,1246.18478619,1246.17473362,0.05092766,3050.55251357,0.01998458,0.01998458,21626,66,0
9241.42405735,9241.42369707,1256.17175402,1256.18017916,0.05529815,3050.90483614,0.01998458,0.01998458,21625,66,0
9241.85146352,9241.85103825,1266.17074931,1266.18070562,0.05315947,3051.25536069,0.01998458,0.01998458,21624,66,0
9242.27857777,9242.27841895,1276.18221612,1276.18593875,0.05182933,3051.60442429,0.01998458,0.01998458,21623,66,0
9242.70617909,9242.70583919,1286.20640701,1286.21438327,0.04934258,3051.95266534,0.01998458,0.01998458,21622,66,0
9243.13374948,9243.13329898,1296.24322300,1296.25380696,0.05079019,3052.29965036,0.01998458,0.01998458,21621,66,0
9243.56114058,9243.56079831,1306.29252705,1306.30057745,0.05019633,3052.64524896,0.01998458,0.01998458,21620,66,0
9243.98892392,9243.98833719,1316.35417659,1316.36799241,0.04977508,3052.98991134,0.01998458,0.01998458,21619,66,0
9244.41591201,9244.41591564,1326.42799969,1326.42791415,0.05012743,3053.33267062,0.01998458,0.01998458,21618,66,0
9244.84338611,9244.84353364,1336.51381200,1336.51033036,0.04972103,3053.67454450,0.01998458,0.01998458,21617,66,0
9245.27144115,9245.27119122,1346.61143941,1346.61734387,0.04780592,3054.01559235,0.01998458,0.01998458,21616,66,0
9245.69822459,9245.69888837,1356.72108361,1356.70538470,0.04650075,3054.35434225,0.01998458,0.01998458,21615,66,0
9246.12696785,9246.12662510,1366.84339744,1366.85151342,0.04999831,3054.69337184,0.01998458,0.01998458,21614,66,0
9246.55514567,9246.55440142,1376.97906486,1376.99671014,0.05796587,3055.03069454,0.01998458,0.01998458,21613,66,0
9246.98240367,9246.98221733,1387.12854517,1387.13296865,0.05076342,3055.36604627,0.01998458,0.01998458,21612,66,0
9247.41027337,9247.41007283,1397.29146992,1397.29623618,0.05002051,3055.70061152,0.01998458,0.01998458,21611,66,0
9247.83752419,9247.83796794,1407.46727985,1407.45672090,0.04878130,3056.03340326,0.01998458,0.01998458,21610,66,0
9248.26587273,9248.26590266,1417.65544053,1417.65472758,0.04908016,3056.36573267,0.01998458,0.01998458,21609,66,0
9248.69411646,9248.69387699,1427.85577550,1427.86148621,0.04966920,3056.69665038,0.01998458,0.01998458,21608,66,0
9249.12213405,9249.12189094,1438.06835198,1438.07415592,0.05429572,3057.02606032,0.01998458,0.01998458,21607,66,0
9249.54998114,9249.54994451,1448.29324607,1448.29412161,0.04848731,3057.35400360,0.01998458,0.01998458,21606,66,0
9249.97835610,9249.97803771,1458.53088339,1458.53850204,0.04660516,3057.68102130,0.01998458,0.01998458,21605,66,0
9250.40595833,9250.40617055,1468.78232023,1468.77723523,0.04567748,3058.00614884,0.01998458,0.01998458,21604,66,0
9250.83464977,9250.83434303,1479.04868641,1479.05604634,0.05109146,3058.33082928,0.01998458,0.01998458,21603,66,0
9251.26285120,9251.26255516,1489.33073976,1489.33785316,0.04946574,3058.65388021,0.01998458,0.01998458,21602,66,0
9251.69095194,9251.69080694,1499.62732114,1499.63080966,0.04977113,3058.97555402,0.01998458,0.01998458,21601,66,0
9252.11934686,9252.11909837,1509.93665672,1509.94264115,0.05052066,3059.29608431,0.01998458,0.01998458,21600,66,0
9252.54769657,9252.54742947,1520.25707021,1520.26350878,0.05515368,3059.61515797,0.01998458,0.01998458,21599,66,0
9252.97532280,9252.97580024,1530.58867370,1530.57715237,0.04461469,3059.93227160,0.01998458,0.01998458,21598,66,0
9253.40446492,9253.40421068,1540.93303736,1540.93917994,0.05016713,3060.24912435,0.01998458,0.01998458,21597,66,0
9253.83331103,9253.83266080,1551.29177842,1551.30750997,0.05187259,3060.56441534,0.01998458,0.01998458,21596,66,0
9254.26080019,9254.26115061,1561.66572725,1561.65723779,0.04808183,3060.87739015,0.01998458,0.01998458,21595,66,0
9254.68927366,9254.68968010,1572.05418630,1572.04432714,0.05381967,3061.18973614,0.01998458,0.01998458,21594,66,0
9255.11813395,9255.11824930,1582.45627872,1582.45347734,0.04814910,3061.50097788,0.01998458,0.01998458,21593,66,0
9255.54671858,9255.54685819,1592.87133343,1592.86793891,0.05183830,3061.81060737,0.01998458,0.01998458,21592,66,0
9255.97573785,9255.97550680,1603.29968705,1603.30531165,0.05237912,3062.11914047,0.01998458,0.01998458,21591,66,0
9256.40456062,9256.40419511,1613.74198001,1613.75088895,0.04678501,3062.42613429,0.01998458,0.01998458,21590,66,0
9256.83307953,9256.83292314,1624.19881187,1624.20262864,0.04830903,3062.73152496,0.01998458,0.01998458,21589,66,0
9257.26137182,9257.26169090,1634.67020706,1634.66240944,0.05149462,3063.03536356,0.01998458,0.01998458,21588,66,0
9257.69025696,9257.69049839,1645.15579293,1645.14988556,0.05303644,3063.33821166,0.01998458,0.01998458,21587,66,0
9258.11934960,9258.11934561,1655.65519342,1655.65529109,0.04673591,3063.63977537,0.01998458,0.01998458,21586,66,0
9258.54797720,9258.54823257,1666.16839590,1666.16213219,0.05129559,3063.93957608,0.01998458,0.01998458,21585,66,0
9258.97695610,9258.97715928,1676.69591566,1676.69092554,0.04754474,3064.23819303,0.01998458,0.01998458,21584,66,0
9259.40595771,9259.40612574,1687.23831298,1687.23418070,0.05154713,3064.53540425,0.01998458,0.01998458,21583,66,0
9259.83519925,9259.83513195,1697.79590446,1697.79756174,0.05440569,3064.83136031,0.01998458,0.01998458,21582,66,0
9260.26466826,9260.26417793,1708.36825452,1708.38034468,0.04752151,3065.12603056,0.01998458,0.01998458,21581,66,0
9260.69334387,9260.69326368,1718.95478094,1718.95676071,0.05115796,3065.41869399,0.01998458,0.01998458,21580,66,0
9261.12267988,9261.12238920,1729.55501112,1729.56219575,0.04490211,3065.71032378,0.01998458,0.01998458,21579,66,0
9261.55146157,9261.55155450,1740.16921937,1740.16691973,0.05103118,3066.00009494,0.01998458,0.01998458,21578,66,0
9261.98004508,9261.98075958,1750.79798478,1750.78027930,0.05607355,3066.28826071,0.01998457,0.01998458,21577,66,0
9262.41031108,9262.41000446,1761.44186562,1761.44947399,0.04855550,3066.57608571,0.01998458,0.01998458,21576,66,0
9262.83961641,9262.83928913,1772.10102751,1772.10915938,0.05094145,3066.86179494,0.01998458,0.01998458,21575,66,0
9263.26913412,9263.26861360,1782.77532966,1782.78828000,0.05085748,3067.14616153,0.01998458,0.01998458,21574,66,0
9263.69835886,9263.69797787,1793.46462231,1793.47411342,0.04838994,3067.42883977,0.01998458,0.01998458,21573,66,0
9264.12755212,9264.12738196,1804.16876592,1804.17301019,0.04798718,3067.70999243,0.01998458,0.01998458,21572,66,0
9264.55740534,9264.55682587,1814.88763598,1814.90210851,0.05201208,3067.99005844,0.01998458,0.01998458,21571,66,0
9264.98598933,9264.98630960,1825.62110836,1825.61309909,0.04462567,3068.26777356,0.01998457,0.01998458,21570,66,0
9265.41585792,9265.41583317,1836.36918509,1836.36980493,0.04624986,3068.54478528,0.01998458,0.01998458,21569,66,0
9265.84481786,9265.84539656,1847.13218485,1847.11767561,0.04789068,3068.81967904,0.01998457,0.01998458,21568,66,0
9266.27468316,9266.27499980,1857.91047737,1857.90252808,0.05092302,3069.09361923,0.01998457,0.01998458,21567,66,0
9266.70483866,9266.70464288,1868.70443952,1868.70936168,0.05224389,3069.36620922,0.01998458,0.01998458,21566,66,0
9267.13419880,9267.13432581,1879.51446940,1879.51127173,0.04560701,3069.63676584,0.01998457,0.01998458,21565,66,0
9267.56482670,9267.56404860,1890.34097347,1890.36059141,0.05055982,3069.90658862,0.01998458,0.01998458,21564,66,0
9267.99367075,9267.99381125,1901.18424143,1901.18069408,0.04842484,3070.17376703,0.01998457,0.01998458,21563,66,0
9268.42291895,9268.42361377,1912.04362777,1912.02606102,0.05046168,3070.43964743,0.01998457,0.01998457,21562,66,0
9268.85254785,9268.85345616,1922.91804059,1922.89504761,0.05213694,3070.70417653,0.01998457,0.01998457,21561,66,0
9269.28313695,9269.28333843,1933.80647636,1933.80137009,0.05382099,3070.96767194,0.01998457,0.01998457,21560,66,0
9269.71284171,9269.71326059,1944.70933620,1944.69870640,0.05269109,3071.22900698,0.01998457,0.01998457,21559,66,0
9270.14330752,9270.14322263,1955.62806930,1955.63022663,0.05474728,3071.48921026,0.01998458,0.01998457,21558,66,0
9270.57320424,9270.57322457,1966.56411393,1966.56359636,0.05373457,3071.74750252,0.01998457,0.01998457,21557,66,0
9271.00344588,9271.00326642,1977.51759908,1977.52217340,0.05107959,3072.00442839,0.01998458,0.01998457,21556,66,0
9271.43379008,9271.43334817,1988.48719683,1988.49847555,0.04976593,3072.25980100,0.01998458,0.01998457,21555,66,0
9271.86352702,9271.86346983,1999.47150487,1999.47296635,0.04660279,3072.51316162,0.01998458,0.01998457,21554,66,0
9272.29338444,9272.29363141,2010.46990765,2010.46358931,0.05056582,3072.76492075,0.01998457,0.01998457,21553,66,0
9272.72408513,9272.72383291,2021.48305463,2021.48951559,0.04917902,3073.01550377,0.01998457,0.01998457,21552,66,0
9273.15448977,9273.15407434,2032.51171410,2032.52237038,0.05582030,3073.26425453,0.01998457,0.01998457,21551,66,0
9273.58450271,9273.58435571,2043.55668331,2043.56045933,0.05376457,3073.51113167,0.01998457,0.01998457,21550,66,0
9274.01509177,9274.01467701,2054.61881628,2054.62948631,0.05415549,3073.75670041,0.01998457,0.01998457,21549,66,0
9274.44471640,9274.44503827,2065.69898108,2065.69068777,0.05362581,3074.00009468,0.01998457,0.01998457,21548,66,0
9274.87561494,9274.87543947,2076.79772144,2076.80224986,0.05196144,3074.24258341,0.01998457,0.01998457,21547,66,0
9275.30535236,9275.30588063,2087.91457062,2087.90091700,0.04991762,3074.48277616,0.01998457,0.01998457,21546,66,0
9275.73641169,9275.73636175,2099.04886415,2099.05015663,0.05028927,3074.72203638,0.01998457,0.01998457,21545,66,0
9276.16669494,9276.16688284,2110.20002859,2110.19515817,0.05027091,3074.95917539,0.01998457,0.01998457,21544,66,0
9276.59678150,9276.59744391,2121.36787971,2121.35068625,0.04974431,3075.19450583,0.01998457,0.01998457,21543,66,0
9277.02782803,9277.02804495,2132.55233155,2132.54669330,0.05207218,3075.42864582,0.01998457,0.01998457,21542,66,0
9277.45819847,9277.45868598,2143.75339339,2143.74070426,0.05312138,3075.66069676,0.01998457,0.01998457,21541,66,0
9277.88928723,9277.88936700,2154.97157210,2154.96949282,0.04981326,3075.89141219,0.01998457,0.01998457,21540,66,0
9278.32056448,9278.32008801,2166.20753966,2166.21997851,0.04922669,3076.12050808,0.01998457,0.01998457,21539,66,0
9278.75076547,9278.75084903,2177.46186669,2177.45968191,0.04923108,3076.34732029,0.01998457,0.01998457,21538,66,0
9279.18080462,9279.18165005,2188.73444649,2188.71230791,0.05420432,3076.57232685,0.01998457,0.01998457,21537,66,0
9279.61128688,9279.61249108,2200.02490434,2199.99332428,0.04788092,3076.79582594,0.01998457,0.01998457,21536,66,0
9280.04294982,9280.04337214,2211.33285603,2211.32176496,0.04990485,3077.01817399,0.01998457,0.01998457,21535,66,0
9280.47432490,9280.47429321,2222.65787452,2222.65870771,0.05272080,3077.23859187,0.01998457,0.01998457,21534,66,0
9280.90526717,9280.90525432,2233.99951094,2233.99984929,0.05142099,3077.45699271,0.01998457,0.01998457,21533,66,0
9281.33644439,9281.33625546,2245.35741923,2245.36240144,0.04632902,3077.67370116,0.01998457,0.01998457,21532,66,0
9281.76669692,9281.76729664,2256.73215578,2256.71631839,0.05040056,3077.88814098,0.01998457,0.01998457,21531,66,0
9282.19770777,9282.19837787,2268.12473726,2268.10701433,0.05137626,3078.10116242,0.01998457,0.01998457,21530,66,0
9282.62980841,9282.62949915,2279.53611248,2279.54430481,0.04438106,3078.31292616,0.01998457,0.01998457,21529,66,0
9283.06057838,9283.06066049,2290.96650228,2290.96432376,0.05018155,3078.52224189,0.01998457,0.01998457,21528,66,0
9283.49170639,9283.49186189,2302.41573524,2302.41160347,0.04888697,3078.72992343,0.01998457,0.01998457,21527,66,0
9283.92289457,9283.92310335,2313.88360890,2313.87805266,0.05119699,3078.93581140,0.01998457,0.01998457,21526,66,0
9284.35446524,9284.35438490,2325.36967913,2325.37182042,0.04595436,3079.14003948,0.01998457,0.01998457,21525,66,0
9284.78560533,9284.78570652,2336.87336625,2336.87066557,0.05126926,3079.34220381,0.01998457,0.01998457,21524,66,0
9285.21775733,9285.21706822,2348.39422106,2348.41263885,0.04675360,3079.54296024,0.01998457,0.01998457,21523,66,0
9285.64822945,9285.64847002,2359.93305514,2359.92661560,0.05382833,3079.74106787,0.01998457,0.01998457,21522,66,0
9286.07997816,9286.07991191,2371.49136943,2371.49314574,0.04895250,3079.93790614,0.01998457,0.01998457,21521,66,0
9286.51162463,9286.51139391,2383.07049441,2383.07669121,0.05110261,3080.13285112,0.01998457,0.01998457,21520,66,0
9286.94291300,9286.94291601,2394.67012893,2394.67004785,0.05191814,3080.32577448,0.01998457,0.01998457,21519,66,0
9287.37405751,9287.37447823,2406.28913102,2406.27779542,0.05096792,3080.51674607,0.01998457,0.01998457,21518,66,0
9287.80611516,9287.80608056,2417.92646791,2417.92740148,0.05098378,3080.70620237,0.01998457,0.01998457,21517,66,0
9288.23798113,9288.23772302,2429.58207165,2429.58904655,0.05240599,3080.89364363,0.01998457,0.01998457,21516,66,0
9288.66884868,9288.66940561,2441.25632443,2441.24125157,0.04656845,3081.07872444,0.01998457,0.01998457,21515,66,0
9289.10093297,9289.10112834,2452.94968661,2452.94439091,0.04898447,3081.26239251,0.01998457,0.01998457,21514,66,0
9289.53296648,9289.53289120,2464.66309517,2464.66513921,0.05071255,3081.44410586,0.01998457,0.01998457,21513,66,0
9289.96452935,9289.96469422,2476.39768627,2476.39320193,0.04998619,3081.62369837,0.01998457,0.01998457,21512,66,0
9290.39695138,9290.39653738,2488.15423109,2488.16551143,0.04944240,3081.80172143,0.01998457,0.01998457,21511,66,0
9290.82831714,9290.82842071,2499.93148191,2499.92865543,0.04761865,3081.97735790,0.01998457,0.01998457,21510,66,0
9291.26076659,9291.26034419,2511.72749974,2511.73904362,0.05302689,3082.15143975,0.01998457,0.01998457,21509,66,0
9291.69133809,9291.69230785,2523.54087970,2523.51434000,0.04453556,3082.32275053,0.01998457,0.01998457,21508,66,0
9292.12439258,9292.12431168,2535.37255812,2535.37477542,0.04453315,3082.49302566,0.01998457,0.01998457,21507,66,0
9292.55683813,9292.55635569,2547.22410607,2547.23735120,0.05233143,3082.66104912,0.01998457,0.01998457,21506,66,0
9292.98907054,9292.98843989,2559.09667068,2559.11401382,0.04947010,3082.82698612,0.01998457,0.01998457,21505,66,0
9293.41984340,9293.42056428,2570.98999334,2570.97013665,0.05031615,3082.99035545,0.01998457,0.01998457,21504,66,0
9293.85159807,9293.85272886,2582.90352866,2582.87233148,0.04889023,3083.15206832,0.01998457,0.01998457,21503,66,0
9294.28534262,9294.28493365,2594.83699704,2594.84829786,0.04974250,3083.31246712,0.01998457,0.01998457,21502,66,0
9294.71687665,9294.71717865,2606.79075822,2606.78239951,0.04934425,3083.46999461,0.01998457,0.01998457,21501,66,0
9295.14986085,9295.14946386,2618.76526854,2618.77627449,0.04972171,3083.62598794,0.01998457,0.01998457,21500,66,0
9295.58189271,9295.58178929,2630.76100800,2630.76387998,0.05109088,3083.77957341,0.01998457,0.01998457,21499,66,0
9296.01423363,9296.01415495,2642.77849378,2642.78068248,0.05273674,3083.93119953,0.01998457,0.01998457,21498,66,0
9296.44651710,9296.44656084,2654.81823785,2654.81701898,0.05508300,3084.08073102,0.01998457,0.01998457,21497,66,0
9296.87913466,9296.87900696,2666.88032950,2666.88389446,0.05099317,3084.22829079,0.01998457,0.01998457,21496,66,0
9297.31154922,9297.31149333,2678.96435358,2678.96591655,0.04877739,3084.37367813,0.01998457,0.01998457,21495,66,0
9297.74353972,9297.74401994,2691.06989546,2691.05644387,0.04969774,3084.51680708,0.01998457,0.01998457,21494,66,0
9298.17558171,9298.17658681,2703.19707525,2703.16887264,0.04736152,3084.65782820,0.01998457,0.01998457,21493,66,0
9298.60986478,9298.60919393,2715.34644421,2715.36530105,0.04925278,3084.79743429,0.01998457,0.01998457,21492,66,0
9299.04196122,9299.04184132,2727.51846213,2727.52183806,0.04758106,3084.93419518,0.01998457,0.01998457,21491,66,0
9299.47415001,9299.47452899,2739.71264847,2739.70195922,0.04896000,3085.06883073,0.01998457,0.01998457,21490,66,0
9299.90679933,9299.90725692,2751.92803232,2751.91510487,0.04970966,3085.20142958,0.01998457,0.01998457,21489,66,0
9300.34031238,9300.34002514,2764.16394755,2764.17207533,0.04812019,3085.33208728,0.01998457,0.01998457,21488,66,0
9300.77242899,9300.77283365,2776.42129663,2776.40982669,0.04581220,3085.46012552,0.01998457,0.01998457,21487,66,0
9301.20627677,9301.20568245,2788.70147635,2788.71835330,0.04958708,3085.58647163,0.01998457,0.01998457,21486,66,0
9301.63923208,9301.63857154,2801.00548485,2801.02427679,0.04899059,3085.71035320,0.01998457,0.01998457,21485,66,0
9302.07141412,9302.07150094,2813.33318316,2813.33070867,0.04561039,3085.83180325,0.01998457,0.01998457,21484,66,0
9302.50475039,9302.50447065,2825.68423491,2825.69222181,0.05030464,3085.95134491,0.01998457,0.01998457,21483,66,0
9302.93713366,9302.93748068,2838.05840833,2838.04848286,0.05009655,3086.06838100,0.01998457,0.01998457,21482,66,0
9303.37014772,9303.37053102,2850.45563796,2850.44465522,0.04603177,3086.18333010,0.01998457,0.01998457,21481,66,0
9303.80362701,9303.80362170,2862.87586067,2862.87601306,0.04746614,3086.29612711,0.01998457,0.01998457,21480,66,0
9304.23682886,9304.23675270,2875.31880755,2875.32099726,0.04272468,3086.40656298,0.01998457,0.01998457,21479,66,0
9304.66985352,9304.66992405,2887.78402827,2887.78199696,0.04795857,3086.51465122,0.01998457,0.01998457,21478,66,0
9305.10350119,9305.10313573,2900.27121608,2900.28175929,0.04728787,3086.62057392,0.01998457,0.01998457,21477,66,0
9305.53546847,9305.53638777,2912.78124186,2912.75467336,0.04939331,3086.72377277,0.01998457,0.01998457,21476,66,0
9305.96982036,9305.96968016,2925.31553062,2925.31959039,0.05025118,3086.82521278,0.01998457,0.01998457,21475,66,0
9306.40283986,9306.40301291,2937.87506087,2937.87004047,0.04670653,3086.92401232,0.01998457,0.01998457,21474,66,0
9306.83655007,9306.83638602,2950.45917541,2950.46394320,0.04168372,3087.02061992,0.01998457,0.01998457,21473,66,0
9307.27084080,9307.26979951,2963.06685622,2963.09717286,0.04744110,3087.11498024,0.01998457,0.01998457,21472,66,0
9307.70391690,9307.70325338,2975.69788214,2975.71723491,0.04893732,3087.20669462,0.01998457,0.01998457,21471,66,0
9308.13688612,9308.13674763,2988.35337793,2988.35742487,0.04485198,3087.29600430,0.01998457,0.01998457,21470,66,0
9308.57181465,9308.57028226,3001.03455191,3001.07941946,0.04900665,3087.38331554,0.01998457,0.01998457,21469,66,0
9309.00317410,9309.00385729,3013.74172515,3013.72168287,0.04655003,3087.46752050,0.01998457,0.01998457,21468,66,0
9309.43666630,9309.43747273,3026.47450196,3026.45079950,0.04077641,3087.54972801,0.01998457,0.01998457,21467,66,0
9309.87201303,9309.87112856,3039.23258652,3039.25863232,0.04787577,3087.62983659,0.01998457,0.01998457,21466,66,0
9310.30498019,9310.30482481,3052.01639764,3052.02098219,0.04986730,3087.70706077,0.01998457,0.01998457,21465,66,0
9310.73927652,9310.73856147,3064.82661247,3064.84775219,0.05159458,3087.78206131,0.01998457,0.01998457,21464,66,0
9311.17192806,9311.17233856,3077.66323725,3077.65107796,0.05085111,3087.85431347,0.01998457,0.01998457,21463,66,0
9311.60652022,9311.60615608,3090.52471200,3090.53551719,0.04870111,3087.92439121,0.01998457,0.01998457,21462,66,0
9312.03980783,9312.04001402,3103.40933527,3103.40320675,0.04549004,3087.99174411,0.01998457,0.01998457,21461,66,0
9312.47340122,9312.47391241,3116.31751662,3116.30229498,0.04777024,3088.05662133,0.01998457,0.01998457,21460,66,0
9312.90805371,9312.90785125,3129.25174309,3129.25778396,0.05027296,3088.11912328,0.01998457,0.01998457,21459,66,0
9313.34116161,9313.34183053,3142.21421542,3142.19421469,0.04941996,3088.17887610,0.01998457,0.01998457,21458,66,0
9313.77512850,9313.77585027,3155.20461045,3155.18298611,0.05104459,3088.23620103,0.01998457,0.01998457,21457,66,0
9314.20990361,9314.20991047,3168.22160578,3168.22139970,0.04499184,3088.29105640,0.01998457,0.01998457,21456,66,0
9314.64365143,9314.64401114,3181.26453405,3181.25371576,0.04878391,3088.34319600,0.01998457,0.01998457,21455,66,0
9315.07887660,9315.07815229,3194.33422603,3194.35605307,0.04931113,3088.39290635,0.01998457,0.01998457,21454,66,0
9315.51331513,9315.51233391,3207.43167007,3207.46129968,0.04368833,3088.43991202,0.01998457,0.01998457,21453,66,0
9315.94667180,9315.94655602,3220.55689157,3220.56039483,0.04377160,3088.48418338,0.01998457,0.01998457,21452,66,0
9316.38155369,9316.38081861,3233.70909299,3233.73137717,0.04895709,3088.52596561,0.01998457,0.01998457,21451,66,0
9316.81489909,9316.81512171,3246.88771916,3246.88095732,0.05018710,3088.56494897,0.01998457,0.01998457,21450,66,0
9317.24997309,9317.24946530,3260.09352122,3260.10897558,0.05026877,3088.60141361,0.01998457,0.01998457,21449,66,0
9317.68425897,9317.68384941,3273.32763751,3273.34012862,0.04711635,3088.63512845,0.01998457,0.01998457,21448,66,0
9318.11881174,9318.11827402,3286.59070691,3286.60714073,0.04537477,3088.66616669,0.01998457,0.01998457,21447,66,0
9318.55226302,9318.55273916,3299.88259275,3299.86801111,0.05284046,3088.69442280,0.01998457,0.01998457,21446,66,0
9318.98742156,9318.98724481,3313.20309649,3313.20852044,0.04734727,3088.72005859,0.01998457,0.01998457,21445,66,0
9319.42205212,9319.42179100,3326.55207022,3326.56009984,0.05038898,3088.74291592,0.01998457,0.01998457,21444,66,0
9319.85610456,9319.85637773,3339.92939260,3339.92097563,0.04929200,3088.76298749,0.01998457,0.01998457,21443,66,0
9320.29147316,9320.29100499,3353.33530949,3353.34976490,0.05013187,3088.78033920,0.01998457,0.01998457,21442,66,0
9320.72596987,9320.72567281,3366.77096232,3366.78015455,0.05283908,3088.79486566,0.01998457,0.01998457,21441,66,0
9321.16023797,9321.16038117,3380.23755123,3380.23311020,0.04115055,3088.80658416,0.01998457,0.01998457,21440,66,0
9321.59488277,9321.59513010,3393.73501702,3393.72733029,0.04764767,3088.81549308,0.01998457,0.01998457,21439,66,0
9322.02952516,9322.02991959,3407.26233962,3407.25005540,0.04453123,3088.82156422,0.01998457,0.01998457,21438,66,0
9322.46511582,9322.46474964,3420.81878400,3420.83021183,0.05015216,3088.82478565,0.01998457,0.01998457,21437,66,0
9322.89890175,9322.89962028,3434.40468231,3434.38221122,0.04446496,3088.82513016,0.01998457,0.01998457,21436,66,0
9323.33510434,9323.33453149,3448.02059897,3448.03855255,0.04496328,3088.82257930,0.01998457,0.01998457,21435,66,0
9323.76957073,9323.76948329,3461.66717776,3461.66992398,0.04671328,3088.81713440,0.01998457,0.01998457,21434,66,0
9324.20470774,9324.20447569,3475.34513814,3475.35244305,0.04665563,3088.80875923,0.01998457,0.01998457,21433,66,0
9324.63905662,9324.63950868,3489.05496679,3489.04070475,0.04402880,3088.79746593,0.01998457,0.01998457,21432,66,0
9325.07463570,9325.07458227,3502.79619659,3502.79788569,0.05039496,3088.78318110,0.01998457,0.01998457,21431,66,0
9325.51135484,9325.50969648,3516.56811763,3516.62066211,0.05786125,3088.76586768,0.01998457,0.01998457,21430,66,0
9325.94516627,9325.94485130,3530.36999999,3530.38000002,0.04303112,3088.74568925,0.01998457,0.01998457,21429,66,0
9326.38022346,9326.38004674,3544.20109347,3544.20671536,0.04688288,3088.72245540,0.01998457,0.01998457,21428,66,0
9326.81529027,9326.81528281,3558.06144966,3558.06168757,0.04342715,3088.69620390,0.01998457,0.01998457,21427,66,0
9327.25096727,9327.25055951,3571.95427951,3571.96730989,0.05272898,3088.66686969,0.01998457,0.01998457,21426,66,0
9327.68560357,9327.68587685,3585.88339339,3585.87463783,0.04640273,3088.63454195,0.01998457,0.01998457,21425,66,0
9328.12145435,9328.12123483,3599.84845998,3599.85550956,0.04419015,3088.59903228,0.01998457,0.01998457,21424,66,0
9328.55694834,9328.55663346,3613.84529097,3613.85542326,0.04457249,3088.56045207,0.01998457,0.01998457,21423,66,0
9328.99277698,9328.99207275,3627.87150900,3627.89421798,0.04506346,3088.51873084,0.01998457,0.01998457,21422,66,0
9329.42795694,9329.42755270,3641.93123467,3641.94430252,0.04746413,3088.47393733,0.01998457,0.01998457,21421,66,0
9329.86399361,9329.86307331,3656.02955330,3656.05938474,0.04531314,3088.42587857,0.01998457,0.01998457,21420,66,0
9330.29894937,9330.29863460,3670.16590973,3670.17613782,0.04817750,3088.37475159,0.01998457,0.01998457,21419,66,0
9330.73393982,9330.73423656,3684.33559567,3684.32593306,0.04448343,3088.32043461,0.01998457,0.01998457,21418,66,0
9331.16918736,9331.16987921,3698.53613906,3698.51356222,0.04025681,3088.26288933,0.01998456,0.01998457,21417,66,0
9331.60512681,9331.60556255,3712.77057254,3712.75631868,0.05318699,3088.20201850,0.01998457,0.01998457,21416,66,0
9332.04156758,9332.04128658,3727.04225747,3727.05147314,0.04772118,3088.13780189,0.01998457,0.01998457,21415,66,0
9332.47697380,9332.47705131,3741.35054435,3741.34799644,0.04557984,3088.07045447,0.01998457,0.01998457,21414,66,0
9332.91245797,9332.91285675,3755.69281492,3755.67967699,0.04621292,3087.99980847,0.01998457,0.01998457,21413,66,0
9333.34877566,9333.34870290,3770.06798168,3770.07038417,0.04237001,3087.92571874,0.01998457,0.01998457,21412,66,0
9333.78385650,9333.78458977,3784.47721493,3784.45294688,0.04283922,3087.84851788,0.01998457,0.01998457,21411,66,0
9334.22031174,9334.22051736,3798.92173717,3798.91491559,0.04532841,3087.76771601,0.01998457,0.01998457,21410,66,0
9334.65649806,9334.65648568,3813.40217577,3813.40258745,0.04554797,3087.68358214,0.01998457,0.01998457,21409,66,0
9335.09294230,9335.09249474,3827.91897898,3827.93389840,0.04611592,3087.59599286,0.01998457,0.01998457,21408,66,0
9335.52834958,9335.52854454,3842.47228571,3842.46577097,0.04613951,3087.50519691,0.01998457,0.01998457,21407,66,0
9335.96421268,9335.96463508,3857.06199521,3857.04784659,0.04200897,3087.41087109,0.01998456,0.01998457,21406,66,0
9336.40104714,9336.40076638,3871.68888275,3871.69831105,0.04382442,3087.31286227,0.01998457,0.01998457,21405,66,0
9336.83676469,9336.83693843,3886.35554761,3886.34969736,0.04230266,3087.21160267,0.01998456,0.01998457,21404,66,0
9337.26823542,nan,0.00000000,3900.91012990,0.06207251,3087.10776099,0.01998456,0.01998457,21403,66,1
9337.70965414,9337.70940483,3915.81226755,3915.82070594,0.04765510,3086.99810914,0.01998457,0.01998457,21402,66,0
9338.14598347,9338.14569919,3930.59653452,3930.60617879,0.04395527,3086.88607108,0.01998457,0.01998457,21401,66,0
9338.58128099,9338.58203433,3945.41811881,3945.39249497,0.04520095,3086.77073819,0.01998456,0.01998457,21400,66,0
9339.01821543,9339.01841026,3960.28252410,3960.27587764,0.04221756,3086.65133140,0.01998456,0.01998457,21399,66,0
9339.45413022,9339.45482698,3975.19145631,3975.16762233,0.04670718,3086.52853132,0.01998456,0.01998457,21398,66,0
9339.89097973,9339.89128450,3990.13831133,3990.12786310,0.04207953,3086.40182063,0.01998457,0.01998457,21397,66,0
9340.32822445,9340.32778282,4005.11756164,4005.13273402,0.04452911,3086.27136785,0.01998457,0.01998457,21396,66,0
9340.76498606,9340.76432195,4020.13482251,4020.15770077,0.03826438,3086.13736895,0.01998457,0.01998457,21395,66,0
9341.20118558,9341.20090190,4035.19868413,4035.20848753,0.04472440,3085.99976194,0.01998457,0.01998457,21394,66,0
9341.63698593,9341.63752266,4050.30898425,4050.29038419,0.04066858,3085.85848385,0.01998456,0.01998457,21393,66,0
9342.07387703,9342.07418426,4065.45929090,4065.44861922,0.04275710,3085.71307941,0.01998457,0.01998457,21392,66,0
9342.51158831,9342.51088668,4080.64668484,4080.67111575,0.04656428,3085.56362163,0.01998457,0.01998457,21391,66,0
nan,nan,0.00000000,-1.00000000,0.00000000,3085.41979502,nan,0.00000000,-2147483648,66,1
nan,nan,0.00000000,-1.00000000,0.00000000,3096.41437201,nan,0.00000000,-2147483648,65,1
9325.94535785,9325.94485130,14.46028607,14.47054045,0.04765453,3096.88506510,0.01998457,0.01998457,21429,65,0
9326.38150212,9326.38004674,23.27410899,23.30359714,0.05068806,3097.37464884,0.01998457,0.01998457,21428,65,0
9326.81623253,9326.81528281,32.09658079,32.11584086,0.05079852,3097.86180380,0.01998457,0.01998457,21427,65,0
9327.25149443,9327.25055951,40.92783900,40.94681596,0.05021927,3098.34871679,0.01998457,0.01998457,21426,65,0
9327.68498074,9327.68587685,49.76766058,49.74945591,0.05486156,3098.83279509,0.01998457,0.01998457,21425,65,0
9328.12110072,9328.12123483,58.61559690,58.61287021,0.05419656,3099.31893231,0.01998457,0.01998457,21424,65,0
9328.55650093,9328.55663346,67.47119341,67.46849673,0.04860218,3099.80335675,0.01998457,0.01998457,21423,65,0
9328.99246425,9328.99207275,76.33407454,76.34204600,0.04465759,3100.28747294,0.01998457,0.01998457,21422,65,0
9329.42825729,9329.42755270,85.20448234,85.21884002,0.05111546,3100.77047577,0.01998457,0.01998457,21421,65,0
9329.86432734,9329.86307331,94.08294483,94.10852023,0.04965129,3101.25288662,0.01998457,0.01998457,21420,65,0
9330.29922900,9330.29863460,102.96999449,102.98212809,0.05944927,3101.73313501,0.01998457,0.01998457,21419,65,0
9330.73449533,9330.73423656,111.86608248,111.87136970,0.05339469,3102.21293729,0.01998457,0.01998457,21418,65,0
9331.16945900,9331.16987921,120.77122794,120.76263430,0.04901303,3102.69155527,0.01998457,0.01998457,21417,65,0
9331.60619851,9331.60556255,129.68531058,129.69832820,0.05781699,3103.17126182,0.01998457,0.01998457,21416,65,0
9332.04128610,9332.04128658,138.60820927,138.60819948,0.05214249,3103.64828173,0.01998457,0.01998457,21415,65,0
9332.47737592,9332.47705131,147.53978789,147.54644411,0.05440575,3104.12551631,0.01998457,0.01998457,21414,65,0
9332.91294337,9332.91285675,156.47986097,156.48163863,0.04286249,3104.60128252,0.01998457,0.01998457,21413,65,0
9333.34868919,9333.34870290,165.42823162,165.42794994,0.04026467,3105.07633324,0.01998457,0.01998457,21412,65,0
9333.78417513,9333.78458977,174.38470286,174.37617957,0.04468165,3105.55017744,0.01998457,0.01998457,21411,65,0
9334.22093593,9334.22051736,183.34927841,183.35788959,0.04486474,3106.02447899,0.01998457,0.01998457,21410,65,0
9334.65720524,9334.65648568,192.32240247,192.33721911,0.04152885,3106.49733762,0.01998457,0.01998457,21409,65,0
9335.09273788,9335.09249474,201.30457988,201.30959111,0.04734994,3106.96851463,0.01998457,0.01998457,21408,65,0
9335.52899889,9335.52854454,210.29630932,210.30568321,0.04580967,3107.43961765,0.01998457,0.01998457,21407,65,0
9335.96500836,9335.96463508,219.29768250,219.30539099,0.04301520,3107.90958812,0.01998457,0.01998457,21406,65,0
9336.40016919,9336.40076638,228.30822360,228.29588022,0.04941969,3108.37775736,0.01998456,0.01998457,21405,65,0
9336.83678162,9336.83693843,237.32741217,237.32416840,0.04281599,3108.84656773,0.01998457,0.01998457,21404,65,0
9337.27392184,9337.27315125,246.35475164,246.37070517,0.04659979,3109.31499195,0.01998457,0.01998457,21403,65,0
9337.70991115,9337.70940483,255.39022240,255.40071329,0.04460956,3109.78122920,0.01998457,0.01998457,21402,65,0
9338.14643379,9338.14569919,264.43421823,264.44945239,0.04154341,3110.24709978,0.01998457,0.01998457,21401,65,0
9338.58074798,9338.58203433,273.48714867,273.46044753,0.04017741,3110.70970060,0.01998456,0.01998457,21400,65,0
9339.01888494,9339.01841026,282.54939415,282.55925648,0.05106936,3111.17546666,0.01998457,0.01998457,21399,65,0
9339.45432668,9339.45482698,291.62106576,291.61066131,0.05078162,3111.63746753,0.01998456,0.01998457,21398,65,0
9339.89061286,9339.89128450,300.70213661,300.68815580,0.05377503,3112.09945947,0.01998456,0.01998457,21397,65,0
9340.32695832,9340.32778282,309.79257848,309.77539949,0.05613479,3112.56060319,0.01998456,0.01998457,21396,65,0
9340.76425277,9340.76432195,318.89237505,318.89093236,0.05009300,3113.02183136,0.01998456,0.01998457,21395,65,0
9341.20123573,9341.20090190,328.00156362,328.00853229,0.05327177,3113.48181071,0.01998457,0.01998457,21394,65,0
9341.63772252,9341.63752266,337.12019671,337.12437258,0.05296671,3113.94034840,0.01998457,0.01998457,21393,65,0
9342.07419464,9342.07418426,346.24832681,346.24854399,0.04428023,3114.39795083,0.01998456,0.01998457,21392,65,0
9342.51165172,9342.51088668,355.38593269,355.40194787,0.04749280,3114.85565816,0.01998457,0.01998457,21391,65,0
9342.94664127,9342.94762994,364.53282218,364.51210660,0.05031884,3115.30984962,0.01998456,0.01998456,21390,65,0
9343.38336649,9343.38441405,373.68877792,373.66680914,0.05150956,3115.76490196,0.01998456,0.01998456,21389,65,0
9343.82157593,9343.82123900,382.85358749,382.86065943,0.05520949,3116.22052854,0.01998457,0.01998456,21388,65,0
9344.25817462,9344.25810482,392.02724723,392.02871360,0.05363526,3116.67350818,0.01998457,0.01998456,21387,65,0
9344.69506411,9344.69501149,401.21000763,401.21111408,0.04602612,3117.12582710,0.01998457,0.01998456,21386,65,0
9345.13155538,9345.13195902,410.40213596,410.39364034,0.05031869,3117.57678183,0.01998456,0.01998456,21385,65,0
9345.56968642,9345.56894744,419.60388462,419.61945313,0.05174115,3118.02848256,0.01998457,0.01998456,21384,65,0
9346.00581830,9346.00597672,428.81532579,428.81198508,0.05173331,3118.47717853,0.01998456,0.01998456,21383,65,0
9346.44329002,9346.44304690,438.03641889,438.04155055,0.05199935,3118.92630127,0.01998457,0.01998456,21382,65,0
9346.88047487,9346.88015796,447.26712137,447.27381689,0.04513418,3119.37417147,0.01998457,0.01998456,21381,65,0
9347.31721064,9347.31730991,456.50739815,456.50529871,0.04791732,3119.82061988,0.01998456,0.01998456,21380,65,0
9347.75384045,9347.75450277,465.75725040,465.74323076,0.05013262,3120.26599538,0.01998456,0.01998456,21379,65,0
9348.19103685,9348.19173654,475.01668990,475.00186548,0.05319249,3120.71097927,0.01998456,0.01998456,21378,65,0
9348.62982694,9348.62901121,484.28572785,484.30302726,0.04683301,3121.15660646,0.01998457,0.01998456,21377,65,0
9349.06613229,9349.06632681,493.56427995,493.56015089,0.04767359,3121.59873014,0.01998456,0.01998456,21376,65,0
9349.50381746,9349.50368333,502.85206496,502.85491460,0.05832895,3122.04125302,0.01998457,0.01998456,21375,65,0
9349.94164525,9349.94108077,512.14877569,512.16077842,0.04783908,3122.48290077,0.01998457,0.01998456,21374,65,0
9350.37878035,9350.37851916,521.45413261,521.45969103,0.04711317,3122.92281603,0.01998457,0.01998456,21373,65,0
9350.81578808,9350.81599848,530.76846061,530.76397890,0.05161150,3123.36158255,0.01998456,0.01998456,21372,65,0
9351.25293693,9351.25351876,540.09265405,540.08024804,0.05086834,3123.79950821,0.01998456,0.01998456,21371,65,0
9351.69091928,9351.69107998,549.42763466,549.42420422,0.05117028,3124.23732254,0.01998456,0.01998456,21370,65,0
9352.12875607,9352.12868216,558.77413290,558.77571229,0.04930307,3124.67407437,0.01998456,0.01998456,21369,65,0
9352.56619998,9352.56632531,568.13158337,568.12890220,0.04776546,3125.10948771,0.01998456,0.01998456,21368,65,0
9353.00348843,9353.00400943,577.49889015,577.48773481,0.04823410,3125.54374554,0.01998456,0.01998456,21367,65,0
9353.44123299,9353.44173452,586.87495030,586.86420333,0.05134629,3125.97739932,0.01998456,0.01998456,21366,65,0
9353.87960803,9353.87950060,596.25922040,596.26152440,0.04359688,3126.41058931,0.01998456,0.01998456,21365,65,0
9354.31722556,9354.31730766,605.65256765,605.65080533,0.04704496,3126.84198098,0.01998456,0.01998456,21364,65,0
9354.75531771,9354.75515571,615.05608171,615.05956270,0.04991951,3127.27283622,0.01998456,0.01998456,21363,65,0
9355.19332168,9355.19304477,624.47081666,624.47677367,0.05059459,3127.70264414,0.01998456,0.01998456,21362,65,0
9355.63038793,9355.63097483,633.89685250,633.88421357,0.05173733,3128.13057352,0.01998456,0.01998456,21361,65,0
9356.06893741,9356.06894589,643.33328675,643.33310391,0.05443580,3128.55894735,0.01998456,0.01998456,21360,65,0
9356.50743132,9356.50695798,652.77916822,652.78938040,0.05316343,3128.98621035,0.01998456,0.01998456,21359,65,0
9356.94536100,9356.94501108,662.23375157,662.24130714,0.04390568,3129.41183183,0.01998456,0.01998456,21358,65,0
9357.38275564,9357.38310522,671.69761424,671.69005902,0.04952742,3129.83586667,0.01998456,0.01998456,21357,65,0
9357.82010782,9357.82124038,681.17185021,681.14734654,0.04905234,3130.25883942,0.01998456,0.01998456,21356,65,0
9358.25803745,9358.25941659,690.65755781,690.62768437,0.04820535,3130.68139225,0.01998456,0.01998456,21355,65,0
9358.69760177,9358.69763384,700.15520361,700.15450818,0.04478094,3131.10455396,0.01998456,0.01998456,21354,65,0
9359.13482637,9359.13589214,709.66390884,709.64077373,0.04860837,3131.52445713,0.01998456,0.01998456,21353,65,0
9359.57405457,9359.57419150,719.18261788,719.17964274,0.05213251,3131.94522296,0.01998456,0.01998456,21352,65,0
9360.01207056,9360.01253192,728.71033976,728.70030764,0.05294864,3132.36372039,0.01998456,0.01998456,21351,65,0
9360.45043151,9360.45091341,738.24714055,738.23665224,0.04403995,3132.78143968,0.01998456,0.01998456,21350,65,0
9360.88884690,9360.88933597,747.79390199,747.78324694,0.05068768,3133.19813725,0.01998456,0.01998456,21349,65,0
9361.32771193,9361.32779961,757.35153231,757.34962006,0.04976451,3133.61422228,0.01998456,0.01998456,21348,65,0
9361.76657788,9361.76630434,766.92072371,766.92669630,0.05046293,3134.02929325,0.01998456,0.01998456,21347,65,0
9362.20437810,9362.20485015,776.50127887,776.49096079,0.04700845,3134.44233175,0.01998456,0.01998456,21346,65,0
9362.64316945,9362.64343707,786.09277412,786.08691867,0.04708880,3134.85525560,0.01998456,0.01998456,21345,65,0
9363.08208161,9363.08206508,795.69479032,795.69515226,0.04942096,3135.26721930,0.01998456,0.01998456,21344,65,0
9363.52041342,9363.52073421,805.30717947,805.30014670,0.05562483,3135.67755575,0.01998456,0.01998456,21343,65,0
9363.95908464,9363.95944445,814.93014095,814.92224460,0.04865898,3136.08713102,0.01998456,0.01998456,21342,65,0
9364.39833339,9364.39819581,824.56389800,824.56692057,0.04991170,3136.49616915,0.01998456,0.01998456,21341,65,0
9364.83712196,9364.83698829,834.20865074,834.21159043,0.05250496,3136.90370730,0.01998456,0.01998456,21340,65,0
9365.27694394,9365.27582191,843.86443710,843.88913848,0.05013141,3137.31112755,0.01998456,0.01998456,21339,65,0
9365.71481359,9365.71469666,853.53122839,853.53380521,0.04815749,3137.71566170,0.01998456,0.01998456,21338,65,0
9366.15411428,9366.15361256,863.20899736,863.22006579,0.05552358,3138.12043171,0.01998456,0.01998456,21337,65,0
9366.59285496,9366.59256960,872.89789749,872.90419952,0.04870236,3138.52360157,0.01998456,0.01998456,21336,65,0
9367.03201439,9367.03156780,882.59841460,882.60828836,0.04715709,3138.92608667,0.01998456,0.01998456,21335,65,0
9367.47159373,9367.47060716,892.31107313,892.33291144,0.05086704,3139.32790174,0.01998456,0.01998456,21334,65,0
9367.91035567,9367.90968769,902.03629796,902.05110185,0.04422300,3139.72792945,0.01998456,0.01998456,21333,65,0
9368.34849863,9368.34880939,911.77354057,911.76664612,0.04658207,3140.12632803,0.01998456,0.01998456,21332,65,0
9368.78752168,9368.78797227,921.52171019,921.51170375,0.04794864,3140.52441011,0.01998456,0.01998456,21331,65,0
9369.22699991,9369.22717633,931.27970564,931.27578454,0.05125799,3140.92173598,0.01998456,0.01998456,21330,65,0
9369.66627217,9369.66642157,941.04705250,941.04372879,0.04864152,3141.31768359,0.01998456,0.01998456,21329,65,0
9370.10522804,9370.10570802,950.82471896,950.81403000,0.04797482,3141.71219062,0.01998456,0.01998456,21328,65,0
9370.54483352,9370.54503566,960.61388033,960.60937357,0.04650683,3142.10616681,0.01998456,0.01998456,21327,65,0
9370.98479440,9370.98440452,970.41561285,970.42431584,0.04828773,3142.49938288,0.01998456,0.01998456,21326,65,0
9371.42429489,9371.42381458,980.22978800,980.24052167,0.05259968,3142.89109954,0.01998456,0.01998456,21325,65,0
9371.86315484,9371.86326586,990.05550985,990.05302621,0.07389177,3143.28111947,0.01998456,0.01998456,21324,65,0
9372.30173327,9372.30275837,999.89186543,999.86891192,0.03617496,3143.66972446,0.01998456,0.01998456,21323,65,0
9372.74199748,9372.74229211,1009.73836427,1009.73176078,0.04839225,3144.05862817,0.01998456,0.01998456,21322,65,0
9373.18106931,9373.18186708,1019.59555324,1019.57765441,0.04710862,3144.44530330,0.01998456,0.01998456,21321,65,0
9373.62050516,9373.62148330,1029.46413774,1029.44216822,0.04914797,3144.83114682,0.01998456,0.01998456,21320,65,0
9374.06080270,9374.06114076,1039.34476930,1039.33716759,0.04965213,3145.21661134,0.01998456,0.01998456,21319,65,0
9374.50030919,9374.50083947,1049.23745405,1049.22551666,0.05375217,3145.60024476,0.01998456,0.01998456,21318,65,0
9374.94113802,9374.94057945,1059.14179413,1059.15438158,0.05402105,3145.98386907,0.01998456,0.01998456,21317,65,0
9375.37944339,9375.38036069,1069.05738363,1069.03669106,0.05601689,3146.36412172,0.01998456,0.01998456,21316,65,0
9375.82045187,9375.82018320,1078.98398386,1078.99005070,0.05852241,3146.74552230,0.01998456,0.01998456,21315,65,0
9376.26006125,9376.26004698,1088.92172858,1088.92205107,0.04884688,3147.12451810,0.01998456,0.01998456,21314,65,0
9376.69965754,9376.69995205,1098.87080216,1098.86413789,0.04386342,3147.50231196,0.01998456,0.01998456,21313,65,0
9377.13929502,9377.13989841,1108.83142582,1108.81775738,0.04908275,3147.87895387,0.01998456,0.01998456,21312,65,0
9377.57982496,9377.57988606,1118.80413760,1118.80275186,0.04671298,3148.25518454,0.01998456,0.01998456,21311,65,0
9378.01991968,9378.01991501,1128.78964427,1128.78975027,0.04540974,3148.62988946,0.01998456,0.01998456,21310,65,0
9378.46071045,9378.45998527,1138.78865103,1138.80513886,0.04445264,3149.00405150,0.01998456,0.01998456,21309,65,0
9378.89967104,9378.90009683,1148.80123149,1148.79153884,0.04885007,3149.37552741,0.01998456,0.01998456,21308,65,0
9379.34079110,9379.34024972,1158.82637306,1158.83871064,0.04849918,3149.74764861,0.01998456,0.01998456,21307,65,0
9379.78032365,9379.78044392,1168.86294952,1168.86020584,0.04896308,3150.11720503,0.01998456,0.01998456,21306,65,0
9380.22072940,9380.22067946,1178.91008102,1178.91122131,0.05270536,3150.48623136,0.01998456,0.01998456,21305,65,0
9380.66122931,9380.66095633,1188.96841482,1188.97465466,0.04838429,3150.85408974,0.01998456,0.01998456,21304,65,0
9381.10138783,9381.10127454,1199.03917436,1199.04176703,0.05189323,3151.22045702,0.01998456,0.01998456,21303,65,0
9381.54207933,9381.54163410,1209.12356257,1209.13376534,0.05259290,3151.58609822,0.01998456,0.01998456,21302,65,0
9381.98152149,9381.98203501,1219.22188290,1219.21010065,0.05012741,3151.94954217,0.01998456,0.01998456,21301,65,0
9382.42241326,9382.42247727,1229.33339695,1229.33192653,0.05138565,3152.31298755,0.01998456,0.01998456,21300,65,0
9382.86289250,9382.86296090,1239.45730324,1239.45573031,0.04817566,3152.67486058,0.01998456,0.01998456,21299,65,0
9383.30301332,9383.30348590,1249.59303520,1249.58215597,0.04617311,3153.03518334,0.01998456,0.01998456,21298,65,0
9383.74371524,9383.74405228,1259.74086968,1259.73310199,0.05347924,3153.39472859,0.01998456,0.01998456,21297,65,0
9384.18422007,9384.18466004,1269.90127188,1269.89112032,0.05029371,3153.75287077,0.01998456,0.01998456,21296,65,0
9384.62572905,9384.62530918,1280.07468184,1280.08438136,0.05479200,3154.11059293,0.01998456,0.01998456,21295,65,0
9385.06638320,9385.06599972,1290.26119373,1290.27006310,0.04783245,3154.46638567,0.01998456,0.01998456,21294,65,0
9385.50739005,9385.50673165,1300.46066883,1300.47591434,0.04916273,3154.82121535,0.01998456,0.01998456,21293,65,0
9385.94754237,9385.94750499,1310.67296287,1310.67382943,0.04755830,3155.17410198,0.01998456,0.01998456,21292,65,0
9386.38810685,9386.38831974,1320.89791514,1320.89297411,0.05444458,3155.52605172,0.01998456,0.01998456,21291,65,0
9386.82977074,9386.82917591,1331.13533612,1331.14915676,0.05088888,3155.87759483,0.01998456,0.01998456,21290,65,0
9387.26937641,9387.27007350,1341.38503189,1341.36881768,0.04678681,3156.22621002,0.01998456,0.01998456,21289,65,0
9387.71107983,9387.71101252,1351.64692334,1351.64849085,0.04479216,3156.57518464,0.01998456,0.01998456,21288,65,0
9388.15249328,9388.15199297,1361.92152879,1361.93319271,0.05531688,3156.92263622,0.01998456,0.01998456,21287,65,0
9388.59293321,9388.59301486,1372.20956217,1372.20765641,0.05239069,3157.26805044,0.01998456,0.01998456,21286,65,0
9389.03464504,9389.03407819,1382.51170248,1382.52495118,0.04343481,3157.61320351,0.01998456,0.01998456,21285,65,0
9389.47483157,9389.47518298,1392.82795165,1392.81972813,0.05538135,3157.95590439,0.01998456,0.01998456,21284,65,0
9389.91634004,9389.91632922,1403.15774287,1403.15799626,0.05361492,3158.29834540,0.01998456,0.01998456,21283,65,0
9390.35712369,9390.35751693,1413.50048906,1413.49126520,0.04939200,3158.63891094,0.01998456,0.01998456,21282,65,0
9390.79890318,9390.79874611,1423.85580454,1423.85949308,0.05324820,3158.97891069,0.01998456,0.01998456,21281,65,0
9391.24013799,9391.24001676,1434.22371505,1434.22656502,0.05234903,3159.31715206,0.01998456,0.01998456,21280,65,0
9391.68141404,9391.68132889,1444.60429614,1444.60630011,0.04603601,3159.65408322,0.01998456,0.01998456,21279,65,0
9392.12326917,9392.12268251,1454.99776560,1455.01158937,0.05071410,3159.99011321,0.01998456,0.01998456,21278,65,0
9392.56377466,9392.56407761,1465.40506643,1465.39791863,0.04848248,3160.32380298,0.01998456,0.01998456,21277,65,0
9393.00546174,9393.00551422,1475.82737929,1475.82613931,0.04464663,3160.65710196,0.01998456,0.01998456,21276,65,0
9393.44645715,9393.44699233,1486.26577591,1486.25311284,0.04902816,3160.98862135,0.01998456,0.01998456,21275,65,0
9393.88816271,9393.88851196,1496.71966922,1496.71139474,0.05221535,3161.31938884,0.01998456,0.01998456,21274,65,0
9394.32976263,9394.33007309,1507.18723330,1507.17986957,0.05077223,3161.64872633,0.01998456,0.01998456,21273,65,0
9394.77129736,9394.77167575,1517.66661927,1517.65763569,0.05072273,3161.97660067,0.01998456,0.01998456,21272,65,0
9395.21341871,9395.21331994,1528.15726822,1528.15961563,0.05140765,3162.30347053,0.01998456,0.01998456,21271,65,0
9395.65533246,9395.65500565,1538.66068384,1538.66846012,0.04786133,3162.62878821,0.01998456,0.01998456,21270,65,0
9396.09720047,9396.09673291,1549.17856477,1549.18970539,0.04565819,3162.95272035,0.01998456,0.01998456,21269,65,0
9396.53841243,9396.53850172,1559.71211543,1559.70998507,0.05067146,3163.27485266,0.01998456,0.01998456,21268,65,0
9396.98033454,9396.98031207,1570.26079961,1570.26133637,0.04636335,3163.59615863,0.01998456,0.01998456,21267,65,0
9397.42222771,9397.42216398,1580.82369988,1580.82522442,0.05010000,3163.91606292,0.01998456,0.01998456,21266,65,0
9397.86467476,9397.86405745,1591.40002209,1591.41480547,0.05110491,3164.23495436,0.01998456,0.01998456,21265,65,0
9398.30613157,9398.30599249,1601.98996833,1601.99330293,0.05370376,3164.55172187,0.01998456,0.01998456,21264,65,0
9398.74788610,9398.74796911,1612.59420642,1612.59221356,0.05376497,3164.86730634,0.01998456,0.01998456,21263,65,0
9399.18953189,9399.18998731,1623.21338343,1623.20243508,0.05334605,3165.18142879,0.01998456,0.01998456,21262,65,0
9399.63130619,9399.63204709,1633.84760662,1633.82977204,0.05284668,3165.49425394,0.01998456,0.01998456,21261,65,0
9400.07449539,9400.07414846,1644.49649496,1644.50485661,0.05044016,3165.80666702,0.01998456,0.01998456,21260,65,0
9400.51564982,9400.51629143,1655.15965174,1655.14416846,0.05200000,3166.11622080,0.01998456,0.01998456,21259,65,0
9400.95850580,9400.95847601,1665.83702673,1665.83774655,0.05360332,3166.42553034,0.01998456,0.01998456,21258,65,0
9401.40028873,9401.40070219,1676.52914833,1676.51914511,0.04682709,3166.73266304,0.01998456,0.01998456,21257,65,0
9401.84315097,9401.84296999,1687.23660341,1687.24098811,0.05258354,3167.03912489,0.01998456,0.01998456,21256,65,0
9402.28540972,9402.28527941,1697.95972475,1697.96288596,0.05231379,3167.34375111,0.01998456,0.01998456,21255,65,0
9402.72770794,9402.72763046,1708.69805665,1708.69993872,0.05445805,3167.64696691,0.01998456,0.01998456,21254,65,0
9403.17003704,9403.17002314,1719.45098894,1719.45132692,0.05101885,3167.94874162,0.01998456,0.01998456,21253,65,0
9403.61332324,9403.61245746,1730.21804835,1730.23913081,0.05253707,3168.24968200,0.01998456,0.01998456,21252,65,0
9404.05484756,9404.05493343,1740.99955907,1740.99746540,0.04935724,3168.54794838,0.01998456,0.01998456,21251,65,0
9404.49755532,9404.49745104,1751.79612868,1751.79867468,0.05140636,3168.84554304,0.01998456,0.01998456,21250,65,0
9404.93993058,9404.94001031,1762.60832649,1762.60637720,0.05383326,3169.14145091,0.01998456,0.01998456,21249,65,0
9405.38273164,9405.38261125,1773.43627077,1773.43921814,0.04674417,3169.43617436,0.01998456,0.01998456,21248,65,0
9405.82550296,9405.82525385,1784.27980909,1784.28591566,0.05308369,3169.72939637,0.01998456,0.01998456,21247,65,0
9406.26890238,9406.26793813,1795.13878473,1795.16245338,0.04712000,3170.02153775,0.01998456,0.01998456,21246,65,0
9406.71064604,9406.71066408,1806.01305469,1806.01261124,0.05457194,3170.31108759,0.01998456,0.01998456,21245,65,0
9407.15373280,9407.15343172,1816.90248894,1816.90989835,0.04784510,3170.60000223,0.01998456,0.01998456,21244,65,0
9407.59688191,9407.59624106,1827.80696081,1827.82275225,0.05677449,3170.88742855,0.01998456,0.01998456,21243,65,0
9408.03900572,9408.03909209,1838.72654260,1838.72441143,0.05456538,3171.17266062,0.01998456,0.01998456,21242,65,0
9408.48189760,9408.48198483,1849.66159672,1849.65944154,0.05232059,3171.45685869,0.01998456,0.01998456,21241,65,0
9408.92515315,9408.92491927,1860.61251125,1860.61829756,0.05149312,3171.73975977,0.01998456,0.01998456,21240,65,0
9409.36745511,9409.36789543,1871.57968586,1871.56877678,0.05165409,3172.02052852,0.01998456,0.01998456,21239,65,0
9409.81094669,9409.81091331,1882.56354142,1882.56436952,0.05215426,3172.30052682,0.01998456,0.01998456,21238,65,0
9410.25387091,9410.25397292,1893.56450458,1893.56196986,0.04827295,3172.57864464,0.01998456,0.01998456,21237,65,0
9410.69693277,9410.69707427,1904.58267662,1904.57915559,0.05693728,3172.85532082,0.01998456,0.01998456,21236,65,0
9411.14017513,9411.14021735,1915.61712063,1915.61606868,0.05318809,3173.13054860,0.01998456,0.01998456,21235,65,0
9411.58332302,9411.58340217,1926.66668673,1926.66471220,0.05461377,3173.40412025,0.01998456,0.01998456,21234,65,0
9412.02616329,9412.02662875,1937.73061457,1937.71898849,0.05414951,3173.67588023,0.01998456,0.01998456,21233,65,0
9412.46977269,9412.46989708,1948.80993720,1948.80682594,0.05446717,3173.94650477,0.01998456,0.01998456,21232,65,0
9412.91303796,9412.91320718,1959.90620314,1959.90196434,0.05077960,3174.21534208,0.01998456,0.01998456,21231,65,0
9413.35659505,9413.35655904,1971.02065649,1971.02155981,0.04923822,3174.48279944,0.01998456,0.01998456,21230,65,0
9413.79994858,9413.79995268,1982.15258321,1982.15248020,0.05204615,3174.74855145,0.01998456,0.01998456,21229,65,0
9414.24326052,9414.24338810,1993.30051012,1993.29730069,0.04879057,3175.01265288,0.01998456,0.01998456,21228,65,0
9414.68742450,9414.68686531,2004.46312152,2004.47720523,0.04519337,3175.27559266,0.01998456,0.01998456,21227,65,0
9415.13021237,9415.13038431,2015.64051195,2015.63617605,0.05278311,3175.53604950,0.01998456,0.01998456,21226,65,0
9415.57329090,9415.57394510,2026.83347753,2026.81695823,0.04897071,3175.79502087,0.01998455,0.01998456,21225,65,0
9416.01692261,9416.01754770,2038.04283092,2038.02702445,0.05028620,3176.05266616,0.01998455,0.01998456,21224,65,0
9416.46108185,9416.46119211,2049.26944035,2049.26664805,0.05409772,3176.30897583,0.01998455,0.01998456,21223,65,0
9416.90463824,9416.90487834,2060.51421111,2060.50812138,0.04774534,3176.56330957,0.01998455,0.01998456,21222,65,0
9417.34859675,9417.34860638,2071.77799029,2071.77774557,0.05207561,3176.81625432,0.01998455,0.01998456,21221,65,0
9417.79239983,9417.79237626,2083.06073794,2083.06133767,0.04771712,3177.06748037,0.01998455,0.01998456,21220,65,0
9418.23612676,9418.23618796,2094.36177437,2094.36021466,0.04881050,3177.31700910,0.01998455,0.01998456,21219,65,0
9418.67929715,9418.68004151,2105.68041997,2105.66142460,0.05036543,3177.56454968,0.01998455,0.01998456,21218,65,0
9419.12402834,9419.12393690,2117.01631594,2117.01865267,0.05236180,3177.81126216,0.01998455,0.01998456,21217,65,0
9419.56730239,9419.56787415,2128.36936505,2128.35473276,0.04704687,3178.05546077,0.01998455,0.01998456,21216,65,0
9420.01126074,9420.01185325,2139.73949826,2139.72431364,0.05412659,3178.29831934,0.01998455,0.01998456,21215,65,0
9420.45578093,9420.45587421,2151.12704750,2151.12465323,0.05081530,3178.53976173,0.01998455,0.01998456,21214,65,0
9420.89946726,9420.89993705,2162.53270252,2162.52062693,0.04833306,3178.77903682,0.01998455,0.01998456,21213,65,0
9421.34418713,9421.34404176,2173.95714432,2173.96088694,0.04847253,3179.01715516,0.01998455,0.01998455,21212,65,0
9421.78759986,9421.78818834,2185.40050974,2185.38533585,0.04898177,3179.25285802,0.01998455,0.01998455,21211,65,0
9422.23190375,9422.23237682,2196.86242576,2196.85020953,0.05246092,3179.48729883,0.01998455,0.01998455,21210,65,0
9422.67690533,9422.67660719,2208.34249483,2208.35020530,0.04780263,3179.72034834,0.01998456,0.01998455,21209,65,0
9423.12154842,9423.12087946,2219.84028333,2219.85760855,0.05008697,3179.95143311,0.01998456,0.01998455,21208,65,0
9423.56474728,9423.56519363,2231.35532317,2231.34374741,0.04737528,3180.17998113,0.01998455,0.01998455,21207,65,0
9424.01025340,9424.00954971,2242.88717946,2242.90545408,0.05216878,3180.40790407,0.01998456,0.01998455,21206,65,0
9424.45399804,9424.45394771,2254.43618333,2254.43749236,0.04914707,3180.63311458,0.01998455,0.01998455,21205,65,0
9424.89819907,9424.89838763,2266.00337548,2265.99846428,0.05025849,3180.85675722,0.01998455,0.01998455,21204,65,0
9425.34316383,9425.34286948,2277.58979589,2277.59747504,0.05460333,3181.07898948,0.01998456,0.01998455,21203,65,0
9425.78795677,9425.78739326,2289.19584013,2289.21056442,0.04877239,3181.29933771,0.01998456,0.01998455,21202,65,0
9426.23231573,9426.23195899,2300.82134328,2300.83067960,0.04712312,3181.51766212,0.01998456,0.01998455,21201,65,0
9426.67695170,9426.67656666,2312.46610556,2312.47619798,0.04862142,3181.73429885,0.01998456,0.01998455,21200,65,0
9427.12200154,9427.12121628,2324.12970198,2324.15031554,0.05259685,3181.94929216,0.01998456,0.01998455,21199,65,0
9427.56656922,9427.56590786,2335.81152903,2335.82891507,0.05262001,3182.16218855,0.01998456,0.01998455,21198,65,0
9428.01165481,9428.01064140,2347.51107137,2347.53775011,0.04764017,3182.37344764,0.01998456,0.01998455,21197,65,0
9428.45464522,9428.45541692,2359.22904383,2359.20869701,0.04758932,3182.58184232,0.01998455,0.01998455,21196,65,0
9428.90063668,9428.90023441,2370.96700868,2370.97763297,0.05106250,3182.78978178,0.01998455,0.01998455,21195,65,0
9429.34546415,9429.34509388,2382.72638980,2382.73618610,0.05257653,3182.99532648,0.01998455,0.01998455,21194,65,0
9429.78925712,9429.78999534,2394.50695097,2394.48738775,0.04966824,3183.19853426,0.01998455,0.01998455,21193,65,0
9430.23580976,9430.23493879,2406.30750004,2406.33061706,0.04613777,3183.40109956,0.01998456,0.01998455,21192,65,0
9430.68004311,9430.67992424,2418.12695751,2418.13011724,0.04793631,3183.60068661,0.01998455,0.01998455,21191,65,0
9431.12602624,9431.12495170,2429.96525732,2429.99386324,0.05272456,3183.79911580,0.01998456,0.01998455,21190,65,0
9431.56934726,9431.57002117,2441.82280008,2441.80483198,0.05200757,3183.99442645,0.01998455,0.01998455,21189,65,0
9432.01513716,9432.01513266,2453.70008259,2453.70020283,0.04823188,3184.18887783,0.01998455,0.01998455,21188,65,0
9432.46047985,9432.46028617,2465.59811066,2465.60329197,0.04943442,3184.38119001,0.01998455,0.01998455,21187,65,0
9432.90509363,9432.90548171,2477.51807572,2477.50767559,0.04887940,3184.57125647,0.01998455,0.01998455,21186,65,0
9433.35134261,9433.35071928,2489.46064765,2489.47738173,0.04456991,3184.76008023,0.01998455,0.01998455,21185,65,0
9433.79604733,9433.79599890,2501.42435021,2501.42565265,0.04452657,3184.94627992,0.01998455,0.01998455,21184,65,0
9434.24120866,9434.24132056,2513.40715010,2513.40413693,0.04868372,3185.13065771,0.01998455,0.01998455,21183,65,0
9434.68682527,9434.68668428,2525.40785657,2525.41165851,0.04528367,3185.31317827,0.01998455,0.01998455,21182,65,0
9435.13209906,9435.13209005,2537.42768558,2537.42792888,0.04669625,3185.49352213,0.01998455,0.01998455,21181,65,0
9435.57745277,9435.57753789,2549.46827942,2549.46597653,0.04758431,3185.67187579,0.01998455,0.01998455,21180,65,0
9436.02323710,9436.02302781,2561.53057900,2561.53625080,0.04628099,3185.84837826,0.01998455,0.01998455,21179,65,0
9436.46792536,9436.46855979,2573.61416816,2573.59694723,0.05049322,3186.02241146,0.01998455,0.01998455,21178,65,0
9436.91399178,9436.91413387,2585.71848521,2585.71462234,0.04698523,3186.19492180,0.01998455,0.01998455,21177,65,0
9437.35918346,9437.35975003,2597.84340639,2597.82797781,0.04768973,3186.36502111,0.01998455,0.01998455,21176,65,0
9437.80546377,9437.80540828,2609.98936993,2609.99088350,0.04934958,3186.53345242,0.01998455,0.01998455,21175,65,0
9438.25139703,9438.25110864,2622.15685661,2622.16473628,0.05090766,3186.69966327,0.01998455,0.01998455,21174,65,0
9438.69613038,9438.69685110,2634.34638220,2634.32665579,0.04811658,3186.86334130,0.01998455,0.01998455,21173,65,0
9439.14269268,9439.14263568,2646.55849253,2646.56005547,0.04864032,3187.02559142,0.01998455,0.01998455,21172,65,0
9439.58876457,9439.58846237,2658.79366656,2658.80196733,0.05183594,3187.18555477,0.01998455,0.01998455,21171,65,0
9440.03461638,9440.03433119,2671.05176080,2671.05960823,0.04911627,3187.34331825,0.01998455,0.01998455,21170,65,0
9440.48065523,9440.48024214,2683.33231089,2683.34369706,0.04283388,3187.49900711,0.01998455,0.01998455,21169,65,0
9440.92616866,9440.92619523,2695.63499602,2695.63426236,0.05259746,3187.65235824,0.01998455,0.01998455,21168,65,0
9441.37237313,9441.37219046,2707.96019831,2707.96525073,0.05296827,3187.80378104,0.01998455,0.01998455,21167,65,0
9441.81887458,9441.81822784,2720.30850878,2720.32642973,0.04669665,3187.95312864,0.01998455,0.01998455,21166,65,0
9442.26471404,9442.26430737,2732.68011188,2732.69140023,0.04599027,3188.10007170,0.01998455,0.01998455,21165,65,0
9442.70938741,9442.71042907,2745.07415269,2745.04518976,0.04390903,3188.24443417,0.01998455,0.01998455,21164,65,0
9443.15572593,9443.15659293,2757.48962774,2757.46548228,0.04868118,3188.38710705,0.01998455,0.01998455,21163,65,0
9443.60292344,9443.60279896,2769.92652192,2769.92999452,0.05504108,3188.52780101,0.01998455,0.01998455,21162,65,0
9444.04903287,9444.04904717,2782.38619232,2782.38579273,0.04810891,3188.66590759,0.01998455,0.01998455,21161,65,0
9444.49529996,9444.49533757,2794.87003863,2794.86898564,0.04742029,3188.80182122,0.01998455,0.01998455,21160,65,0
9444.94148977,9444.94167015,2807.37846704,2807.37340715,0.04833393,3188.93545981,0.01998455,0.01998455,21159,65,0
9445.38791433,9445.38804494,2819.91114248,2819.90747202,0.05462309,3189.06689765,0.01998455,0.01998455,21158,65,0
9445.83531107,9445.83446192,2832.46774182,2832.49164788,0.04687704,3189.19632492,0.01998455,0.01998455,21157,65,0
9446.28179736,9446.28092112,2845.04813833,2845.07285144,0.04526534,3189.32318104,0.01998455,0.01998455,21156,65,0
9446.72778837,9446.72742252,2857.65227775,2857.66261444,0.04942542,3189.44758024,0.01998455,0.01998455,21155,65,0
9447.17472379,9447.17396615,2870.28000455,2870.30144850,0.04613856,3189.56990492,0.01998455,0.01998455,21154,65,0
9447.62073036,9447.62055201,2882.93088838,2882.93594493,0.05006183,3189.68962420,0.01998455,0.01998455,21153,65,0
9448.06725878,9448.06718010,2895.60447058,2895.60670514,0.05197788,3189.80711267,0.01998455,0.01998455,21152,65,0
9448.51415650,9448.51385042,2908.30111827,2908.30982637,0.04730727,3189.92231279,0.01998455,0.01998455,21151,65,0
9448.96114069,9448.96056299,2921.02225436,2921.03872127,0.04941613,3190.03514664,0.01998455,0.01998455,21150,65,0
9449.40784343,9449.40731781,2933.76923503,2933.78424687,0.04970903,3190.14551973,0.01998455,0.01998455,21149,65,0
9449.85417539,9449.85411489,2946.54189720,2946.54362842,0.04891671,3190.25339825,0.01998455,0.01998455,21148,65,0
9450.30095610,9450.30095423,2959.33917790,2959.33923162,0.04676591,3190.35895545,0.01998455,0.01998455,21147,65,0
9450.74850390,9450.74783584,2972.16040397,2972.17958828,0.04992347,3190.46223627,0.01998455,0.01998455,21146,65,0
9451.19437757,9451.19475972,2985.00649770,2984.99550306,0.04707872,3190.56267743,0.01998455,0.01998455,21145,65,0
9451.64180843,9451.64172588,2997.87876946,2997.88114909,0.04675074,3190.66100247,0.01998455,0.01998455,21144,65,0
9452.09021149,9452.08873433,3010.77788758,3010.82055545,0.05060561,3190.75705070,0.01998455,0.01998455,21143,65,0
9452.53615244,9452.53578507,3023.70350532,3023.71413715,0.04522007,3190.85007994,0.01998455,0.01998455,21142,65,0
9452.98314754,9452.98287811,3036.65524026,3036.66305258,0.04684578,3190.94081662,0.01998455,0.01998455,21141,65,0
9453.43030564,9453.43001346,3049.63336708,3049.64185606,0.05430162,3191.02905532,0.01998455,0.01998455,21140,65,0
9453.87799085,9453.87719111,3062.63858971,3062.66187205,0.04616741,3191.11485024,0.01998455,0.01998455,21139,65,0
9454.32524551,9454.32441108,3075.67117368,3075.69551360,0.05226311,3191.19800185,0.01998455,0.01998455,21138,65,0
9454.77205841,9454.77167338,3088.72966471,3088.74091626,0.05071538,3191.27848974,0.01998455,0.01998455,21137,65,0
9455.21916254,9455.21897800,3101.81222394,3101.81762590,0.05169327,3191.35642038,0.01998455,0.01998455,21136,65,0
9455.66707567,9455.66632496,3114.91883785,3114.94085306,0.04854443,3191.43185930,0.01998455,0.01998455,21135,65,0
9456.11331449,9456.11371425,3128.05201694,3128.04026967,0.04820387,3191.50439446,0.01998455,0.01998455,21134,65,0
9456.56157460,9456.56114590,3141.21418206,3141.22680663,0.04964759,3191.57461945,0.01998455,0.01998455,21133,65,0
9457.00886664,9457.00861989,3154.40523493,3154.41251625,0.04902657,3191.64203789,0.01998455,0.01998455,21132,65,0
9457.45525154,9457.45613625,3167.62379667,3167.59763957,0.04936549,3191.70665087,0.01998455,0.01998455,21131,65,0
9457.90358398,9457.90369497,3180.86909125,3180.86580329,0.04866656,3191.76884126,0.01998455,0.01998455,21130,65,0
9458.35128543,9458.35129606,3194.14194772,3194.14163218,0.04775574,3191.82822611,0.01998455,0.01998455,21129,65,0
9458.79910095,9458.79893952,3207.44340341,3207.44820504,0.04878565,3191.88489567,0.01998455,0.01998455,21128,65,0
9459.24620197,9459.24662537,3220.77349611,3220.76087638,0.05308636,3191.93873251,0.01998455,0.01998455,21127,65,0
9459.69352913,9459.69435361,3234.13139161,3234.10676950,0.04969565,3191.98983300,0.01998455,0.01998455,21126,65,0
9460.14227670,9460.14212424,3247.51653903,3247.52110108,0.04582292,3192.03829846,0.01998455,0.01998455,21125,65,0
9460.58967819,9460.58993727,3260.92976131,3260.92199315,0.04720278,3192.08381456,0.01998455,0.01998455,21124,65,0
9461.03742463,9461.03779271,3274.37224419,3274.36118446,0.04756309,3192.12654829,0.01998455,0.01998455,21123,65,0
9461.48540086,9461.48569056,3287.84458133,3287.83585806,0.05283557,3192.16646599,0.01998455,0.01998455,21122,65,0
9461.93374491,9461.93363083,3301.34660912,3301.35005137,0.04095743,3192.20355443,0.01998455,0.01998455,21121,65,0
9462.38194476,9462.38161353,3314.87812245,3314.88813770,0.04517276,3192.23774924,0.01998455,0.01998455,21120,65,0
9462.82926840,9462.82963866,3328.43897267,3328.42775412,0.04983303,3192.26898488,0.01998455,0.01998455,21119,65,0
9463.27722493,9463.27770622,3342.02903947,3342.01442672,0.04552056,3192.29734969,0.01998455,0.01998455,21118,65,0
9463.72606780,9463.72581622,3355.64873167,3355.65638603,0.04802662,3192.32282635,0.01998455,0.01998455,21117,65,0
9464.17440467,9464.17396868,3369.29930981,3369.31260471,0.04940290,3192.34531450,0.01998455,0.01998455,21116,65,0
9464.62156874,9464.62216359,3382.98191690,3382.96373700,0.04966311,3192.36477847,0.01998455,0.01998455,21115,65,0
9465.07019307,9465.07040096,3396.69616129,3396.68979380,0.05139181,3192.38130837,0.01998455,0.01998455,21114,65,0
9465.51800712,9465.51868080,3410.44095712,3410.42028009,0.04594199,3192.39479210,0.01998455,0.01998455,21113,65,0
9465.96683488,9465.96700311,3424.21578165,3424.21060743,0.04815270,3192.40526182,0.01998455,0.01998455,21112,65,0
9466.41560475,9466.41536789,3438.02111671,3438.02841744,0.05232277,3192.41266289,0.01998455,0.01998455,21111,65,0
9466.86326615,9466.86377517,3451.85756433,3451.84184056,0.05399819,3192.41696967,0.01998455,0.01998455,21110,65,0
9467.31210908,9467.31222493,3465.72583037,3465.72224354,0.05008668,3192.41818249,0.01998455,0.01998455,21109,65,0
9467.76094244,9467.76071720,3479.62666568,3479.63365480,0.04792159,3192.41626431,0.01998455,0.01998455,21108,65,0
9468.20978053,9468.20925196,3493.56029204,3493.57673010,0.03969734,3192.41119295,0.01998455,0.01998455,21107,65,0
9468.65761470,9468.65782924,3507.52605335,3507.51936671,0.05012171,3192.40296862,0.01998455,0.01998455,21106,65,0
9469.10687502,9469.10644903,3521.52320053,3521.53650563,0.04845041,3192.39152101,0.01998455,0.01998455,21105,65,0
9469.55470032,9469.55511134,3535.55095980,3535.53809564,0.04702703,3192.37690270,0.01998455,0.01998455,21104,65,0
9470.00427867,9470.00381618,3549.60859132,3549.62309550,0.04893331,3192.35898622,0.01998455,0.01998455,21103,65,0
9470.45327833,9470.45256355,3563.69738267,3563.71984944,0.05303623,3192.33782918,0.01998455,0.01998455,21102,65,0
9470.90113707,9470.90135346,3577.82133069,3577.81451159,0.04880102,3192.31344808,0.01998455,0.01998455,21101,65,0
9471.35087329,9471.35018592,3591.98339495,3592.00511070,0.04601954,3192.28564005,0.01998455,0.01998455,21100,65,0
9471.79925860,9471.79906093,3606.18072685,3606.18698564,0.04608466,3192.25457909,0.01998455,0.01998455,21099,65,0
9472.24750757,9472.24797850,3620.40901984,3620.39407883,0.04353885,3192.22018413,0.01998455,0.01998455,21098,65,0
9472.69748422,9472.69693863,3634.66904895,3634.68639905,0.05351498,3192.18227054,0.01998455,0.01998455,21097,65,0
9473.14652440,9473.14594133,3648.96635478,3648.98494703,0.04127998,3192.14101500,0.01998455,0.01998455,21096,65,0
9473.59440139,9473.59498660,3663.30420879,3663.28549882,0.04925625,3192.09642574,0.01998455,0.01998455,21095,65,0
9474.04423861,9474.04407446,3677.67882843,3677.68408850,0.05127172,3192.04816725,0.01998455,0.01998455,21094,65,0
9474.49240257,9474.49320491,3692.08571188,3692.05994771,0.04498658,3191.99661677,0.01998455,0.01998455,21093,65,0
9474.94231862,9474.94237795,3706.52577893,3706.52386948,0.04767215,3191.94135290,0.01998455,0.01998455,21092,65,0
9475.39079430,9475.39159359,3721.00296559,3720.97717284,0.04793366,3191.88272423,0.01998455,0.01998455,21091,65,0
9475.83959088,9475.84085183,3735.51872538,3735.47793344,0.04430734,3191.82048098,0.01998455,0.01998455,21090,65,0
9476.29002278,9476.29015269,3750.07060979,3750.06639748,0.04610112,3191.75440125,0.01998455,0.01998455,21089,65,0
9476.73969295,9476.73949617,3764.65645283,3764.66284764,0.04839898,3191.68481083,0.01998455,0.01998455,21088,65,0
9477.18890879,9477.18888227,3779.27689143,3779.27775524,0.04124050,3191.61164915,0.01998455,0.01998455,21087,65,0
9477.63764147,9477.63831100,3793.93330763,3793.91144723,0.04771408,3191.53490001,0.01998455,0.01998455,21086,65,0
9478.08761356,9478.08778237,3808.62657598,3808.62105092,0.04608702,3191.45422856,0.01998455,0.01998455,21085,65,0
9478.53711236,9478.53729638,3823.35719184,3823.35115424,0.04213678,3191.36990273,0.01998455,0.01998455,21084,65,0
9478.98681916,9478.98685304,3838.12544346,3838.12432941,0.04442037,3191.28176905,0.01998455,0.01998455,21083,65,0
9479.43621097,9479.43645235,3852.93125130,3852.92329284,0.04426920,3191.18990437,0.01998455,0.01998455,21082,65,0
9479.88695456,9479.88609432,3867.77493068,3867.80336522,0.05095119,3191.09392512,0.01998455,0.01998455,21081,65,0
9480.33521024,9480.33577896,3882.65883617,3882.63998641,0.04363525,3190.99461967,0.01998455,0.01998455,21080,65,0
9480.78561858,9480.78550628,3897.58565200,3897.58938452,0.05275247,3190.89091563,0.01998455,0.01998455,21079,65,0
9481.23521119,9481.23527627,3912.55420176,3912.55203333,0.04578597,3190.78345587,0.01998455,0.01998455,21078,65,0
9481.68418339,9481.68508895,3927.56062009,3927.53037448,0.03940458,3190.67221079,0.01998455,0.01998455,21077,65,0
9482.13504168,9482.13494431,3942.60464592,3942.60790638,0.04903383,3190.55651644,0.01998455,0.01998455,21076,65,0
9482.58472255,9482.58484238,3957.69172706,3957.68770244,0.05055195,3190.43707757,0.01998455,0.01998455,21075,65,0
9483.03566141,9483.03478315,3972.82515190,3972.85473211,0.04888949,3190.31318645,0.01998455,0.01998455,21074,65,0
9483.48471970,9483.48476663,3987.99892324,3987.99733901,0.04884359,3190.18573024,0.01998455,0.01998455,21073,65,0
9483.93453152,9483.93479282,4003.20636834,4003.19752866,0.04460413,3190.05400477,0.01998455,0.01998455,21072,65,0
9484.38508004,9484.38486174,4018.45181898,4018.45922403,0.04214739,3189.91792992,0.01998455,0.01998455,21071,65,0
9484.83474898,9484.83497338,4033.74451746,4033.73688139,0.05024957,3189.77788108,0.01998455,0.01998455,21070,65,0
9485.28482139,9485.28512775,4049.08558589,4049.07513070,0.03900270,3189.63341867,0.01998455,0.01998455,21069,65,0
9485.73556890,9485.73532487,4064.46841667,4064.47676488,0.03943359,3189.48446787,0.01998455,0.01998455,21068,65,0
9486.18602022,9486.18556473,4079.88944708,4079.90506719,0.04276055,3189.33134792,0.01998455,0.01998455,21067,65,0
nan,nan,0.00000000,-1.00000000,0.00000000,3189.17774625,nan,0.00000000,-2147483648,65,1
9471.35043442,9471.35018592,8.05841168,8.06336341,0.05027823,3201.68211451,0.01998455,0.01998455,21100,64,0
9471.80008299,9471.79906093,17.00692674,17.02731099,0.05505052,3202.17937111,0.01998455,0.01998455,21099,64,0
9472.24787367,9472.24797850,25.96424238,25.96214983,0.05172093,3202.67377288,0.01998455,0.01998455,21098,64,0
9472.69813549,9472.69693863,34.93053646,34.95445028,0.05594023,3203.17010374,0.01998455,0.01998455,21097,64,0
9473.14614349,9473.14594133,43.90587849,43.90992149,0.05432238,3203.66315458,0.01998455,0.01998455,21096,64,0
9473.59405226,9473.59498660,52.88990367,52.87120247,0.05475604,3204.15527896,0.01998455,0.01998455,21095,64,0
9474.04450240,9474.04407446,61.88213707,61.89070911,0.05080503,3204.64934157,0.01998455,0.01998455,21094,64,0
9474.49402871,9474.49320491,70.88210189,70.89861575,0.05427412,3205.14150735,0.01998455,0.01998455,21093,64,0
9474.94303928,9474.94237795,79.88959393,79.90286111,0.05523398,3205.63221283,0.01998455,0.01998455,21092,64,0
9475.39250538,9475.39159359,88.90506969,88.92337634,0.05433457,3206.12254111,0.01998455,0.01998455,21091,64,0
9475.83987933,9475.84085183,97.92908572,97.90954275,0.06025403,3206.60974409,0.01998455,0.01998455,21090,64,0
9476.29055381,9476.29015269,106.96219645,106.97026458,0.05588747,3207.09971734,0.01998455,0.01998455,21089,64,0
9476.73961105,9476.73949617,116.00469186,116.00700477,0.05459471,3207.58712121,0.01998455,0.01998455,21088,64,0
9477.18974096,9477.18888227,125.05647623,125.07378048,0.04846759,3208.07486747,0.01998455,0.01998455,21087,64,0
9477.63782077,9477.63831100,134.11742292,134.10753483,0.04951326,3208.55956418,0.01998455,0.01998455,21086,64,0
9478.08810247,9478.08778237,143.18740233,143.19386458,0.04394676,3209.04579938,0.01998455,0.01998455,21085,64,0
9478.53739489,9478.53729638,152.26624456,152.26823513,0.04970556,3209.53011062,0.01998455,0.01998455,21084,64,0
9478.98708680,9478.98685304,161.35374480,161.35847226,0.04985538,3210.01398174,0.01998455,0.01998455,21083,64,0
9479.43621306,9479.43645235,170.44969591,170.44485293,0.04417148,3210.49635992,0.01998455,0.01998455,21082,64,0
9479.88595824,9479.88609432,179.55394603,179.55118946,0.04967395,3210.97850546,0.01998455,0.01998455,21081,64,0
9480.33532613,9480.33577896,188.66679902,188.65761828,0.05347316,3211.45936197,0.01998455,0.01998455,21080,64,0
9480.78656502,9480.78550628,197.78878159,197.81026675,0.05704241,3211.94135486,0.01998455,0.01998455,21079,64,0
9481.23518184,9481.23527627,206.92042501,206.91850693,0.05494036,3212.41971072,0.01998455,0.01998455,21078,64,0
9481.68501360,9481.68508895,216.06208376,216.06055170,0.05178662,3212.89853906,0.01998455,0.01998455,21077,64,0
9482.13516615,9482.13494431,225.21339515,225.21790993,0.05392600,3213.37686046,0.01998455,0.01998455,21076,64,0
9482.58460601,9482.58484238,234.37381450,234.36899964,0.04988533,3213.85354524,0.01998455,0.01998455,21075,64,0
9483.03511962,9483.03478315,243.54279620,243.54965560,0.05941856,3214.33045466,0.01998455,0.01998455,21074,64,0
9483.48578456,9483.48476663,252.72009469,252.74086393,0.05404016,3214.80659194,0.01998455,0.01998455,21073,64,0
9483.93509272,9483.93479282,261.90606554,261.91218991,0.05800921,3215.28038206,0.01998455,0.01998455,21072,64,0
9484.38534339,9484.38486174,271.10113751,271.11098255,0.04945720,3215.75426902,0.01998455,0.01998455,21071,64,0
9484.83468253,9484.83497338,280.30573238,280.29978171,0.04667865,3216.22631884,0.01998455,0.01998455,21070,64,0
9485.28487943,9485.28512775,289.52005257,289.51496722,0.04850273,3216.69839649,0.01998455,0.01998455,21069,64,0
9485.73515408,9485.73532487,298.74407851,298.74057753,0.05660171,3217.16967591,0.01998455,0.01998455,21068,64,0
9486.18495541,9486.18556473,307.97778064,307.96527846,0.05433805,3217.63957566,0.01998455,0.01998455,21067,64,0
9486.63683070,9486.63584735,317.22113562,317.24133143,0.04752762,3218.11074651,0.01998455,0.01998455,21066,64,0
9487.08700971,9487.08617272,326.47417238,326.49137867,0.04751285,3218.57925323,0.01998455,0.01998455,21065,64,0
9487.53711822,9487.53654085,335.73694575,335.74882618,0.04962926,3219.04679145,0.01998455,0.01998455,21064,64,0
9487.98761340,9487.98695176,345.00951103,345.02313873,0.05059131,3219.51383349,0.01998455,0.01998455,21063,64,0
9488.43711325,9488.43740544,354.29186915,354.28584513,0.04859896,3219.97894404,0.01998455,0.01998455,21062,64,0
9488.88736728,9488.88790191,363.58383359,363.57280120,0.04654174,3220.44392037,0.01998455,0.01998455,21061,64,0
9489.33958789,9489.33844116,372.88517656,372.90886128,0.04988823,3220.90999043,0.01998455,0.01998455,21060,64,0
9489.78901911,9489.78902321,382.19567244,382.19558780,0.05074171,3221.37223973,0.01998455,0.01998455,21059,64,0
9490.23971304,9490.23964806,391.51528842,391.51663286,0.04776606,3221.83483498,0.01998455,0.01998455,21058,64,0
9490.68998257,9490.69031571,400.84427974,400.83738044,0.05315069,3222.29605035,0.01998455,0.01998455,21057,64,0
9491.14042378,9491.14102618,410.18292658,410.17043898,0.04587891,3222.75650671,0.01998455,0.01998455,21056,64,0
9491.59153599,9491.59177947,419.53149493,419.52644281,0.04771920,3223.21672057,0.01998455,0.01998455,21055,64,0
9492.04306049,9492.04257558,428.89006479,428.90013632,0.05148241,3223.67642406,0.01998455,0.01998455,21054,64,0
9492.49347776,9492.49341453,438.25859392,438.25990868,0.04454173,3224.13406569,0.01998455,0.01998455,21053,64,0
9492.94443868,9492.94429631,447.63703767,447.64000060,0.04813112,3224.59131786,0.01998455,0.01998455,21052,64,0
9493.39528707,9493.39522093,457.02536032,457.02673792,0.05115070,3225.04750763,0.01998455,0.01998455,21051,64,0
9493.84665554,9493.84618840,466.42356430,466.43330417,0.04832876,3225.50326946,0.01998455,0.01998455,21050,64,0
9494.29705455,9494.29719873,475.83166195,475.82865273,0.05391926,3225.95709680,0.01998455,0.01998455,21049,64,0
9494.74801613,9494.74825193,485.24966372,485.24473791,0.04597448,3226.41053066,0.01998455,0.01998455,21048,64,0
9495.19904061,9495.19934798,494.67745822,494.67103125,0.04570629,3226.86305679,0.01998455,0.01998455,21047,64,0
9495.64996883,9495.65048692,504.11474181,504.10389923,0.05337005,3227.31449661,0.01998455,0.01998455,21046,64,0
9496.10181740,9496.10166873,513.56119204,513.56430604,0.04968746,3227.76584547,0.01998455,0.01998455,21045,64,0
9496.55269036,9496.55289343,523.01655243,523.01229527,0.04863019,3228.21519330,0.01998455,0.01998455,21044,64,0
9497.00470701,9497.00416102,532.48131222,532.49276922,0.04789284,3228.66467081,0.01998455,0.01998455,21043,64,0
9497.45557179,9497.45547151,541.95642624,541.95853275,0.05102921,3229.11203608,0.01998455,0.01998455,21042,64,0
9497.90596382,9497.90682491,551.44286220,551.42475347,0.04661138,3229.55800878,0.01998454,0.01998455,21041,64,0
9498.35764978,9498.35822121,560.94118354,560.92915280,0.05129197,3230.00435699,0.01998455,0.01998455,21040,64,0
9498.80886244,9498.80966043,570.45054612,570.43372847,0.04983777,3230.44928707,0.01998454,0.01998455,21039,64,0
9499.26188415,9499.26114258,579.96979735,579.98543980,0.05198162,3230.89498624,0.01998455,0.01998455,21038,64,0
9499.71204430,9499.71266765,589.49780837,589.48464938,0.04603767,3231.33680609,0.01998455,0.01998455,21037,64,0
9500.16448187,9500.16423566,599.03444915,599.03965105,0.05036754,3231.77978240,0.01998455,0.01998455,21036,64,0
9500.61497557,9500.61584661,608.58078765,608.56236595,0.04820186,3232.21982611,0.01998454,0.01998455,21035,64,0
9501.06693357,9501.06750051,618.13796875,618.12596525,0.05285481,3232.66031613,0.01998454,0.01998455,21034,64,0
9501.51870125,9501.51919736,627.70694036,627.69642452,0.05195369,3233.09967417,0.01998454,0.01998455,21033,64,0
9501.97148705,9501.97093717,637.28728112,637.29894875,0.05223480,3233.53904813,0.01998455,0.01998455,21032,64,0
9502.42266600,9502.42271995,646.87799945,646.87685365,0.05361312,3233.97584230,0.01998455,0.01998455,21031,64,0
9502.87456894,9502.87454570,656.47810048,656.47859458,0.05038941,3234.41226629,0.01998455,0.01998455,21030,64,0
9503.32647045,9503.32641443,666.08724711,666.08843907,0.05373939,3234.84759738,0.01998455,0.01998455,21029,64,0
9503.77868761,9503.77832614,675.70642672,675.71412480,0.05699937,3235.28218028,0.01998455,0.01998455,21028,64,0
9504.23050037,9504.23028084,685.33679073,685.34147116,0.05569129,3235.71537042,0.01998455,0.01998455,21027,64,0
9504.68289238,9504.68227854,694.97938722,694.99249019,0.05140982,3236.14815209,0.01998455,0.01998454,21026,64,0
9505.13425415,9505.13431924,704.63397205,704.63258119,0.04868586,3236.57897044,0.01998454,0.01998454,21025,64,0
9505.58644661,9505.58640295,714.29945629,714.30039033,0.04972945,3237.00954836,0.01998455,0.01998454,21024,64,0
9506.03872717,9506.03852967,723.97472981,723.97895802,0.04747884,3237.43912136,0.01998455,0.01998454,21023,64,0
9506.49055647,9506.49069942,733.65913605,733.65607306,0.05124307,3237.86714497,0.01998454,0.01998454,21022,64,0
9506.94403174,9506.94291219,743.35337129,743.37738337,0.04839669,3238.29562802,0.01998455,0.01998454,21021,64,0
9507.39501206,9507.39516799,753.05838500,753.05503694,0.04980970,3238.72069783,0.01998454,0.01998454,21020,64,0
9507.84734523,9507.84746684,762.77509271,762.77247860,0.05245678,3239.14602010,0.01998454,0.01998454,21019,64,0
9508.30028368,9508.29980873,772.50369439,772.51391496,0.04915788,3239.57088848,0.01998454,0.01998454,21018,64,0
9508.75239423,9508.75219367,782.24376740,782.24808784,0.05325928,3239.99393546,0.01998454,0.01998454,21017,64,0
9509.20367180,9509.20462167,791.99486566,791.97438293,0.05774950,3240.41513752,0.01998454,0.01998454,21016,64,0
9509.65779831,9509.65709274,801.75666193,801.77189203,0.04888895,3240.83790474,0.01998455,0.01998454,21015,64,0
9510.10952371,9510.10960687,811.52928242,811.52748542,0.04588739,3241.25734837,0.01998454,0.01998454,21014,64,0
9510.56186119,9510.56216408,821.31296065,821.30640919,0.05249084,3241.67627769,0.01998454,0.01998454,21013,64,0
9511.01470485,9511.01476438,831.10792599,831.10663702,0.04596192,3242.09459517,0.01998454,0.01998454,21012,64,0
9511.46818655,9511.46740776,840.91428061,840.93116183,0.04887213,3242.51241759,0.01998454,0.01998454,21011,64,0
9511.91973746,9511.92009423,850.73199971,850.72425794,0.04992954,3242.92737637,0.01998454,0.01998454,21010,64,0
9512.37282553,9512.37282381,860.56105281,860.56109021,0.04932210,3243.34265323,0.01998454,0.01998454,21009,64,0
9512.82529320,9512.82559650,870.40150472,870.39490938,0.04787859,3243.75626474,0.01998454,0.01998454,21008,64,0
9513.27927654,9513.27841230,880.25380482,880.27261976,0.05183962,3244.17017379,0.01998454,0.01998454,21007,64,0
9513.73175472,9513.73127121,890.11850212,890.12904073,0.05065014,3244.58164345,0.01998454,0.01998454,21006,64,0
9514.18417474,9514.18417326,899.99611235,899.99614473,0.05809744,3244.99201065,0.01998454,0.01998454,21005,64,0
9514.63704257,9514.63711843,909.88633151,909.88467407,0.05485068,3245.40171430,0.01998454,0.01998454,21004,64,0
9515.08905393,9515.09010674,919.78804525,919.76502090,0.04981938,3245.80952424,0.01998454,0.01998454,21003,64,0
9515.54271445,9515.54313820,929.70009743,929.69082201,0.04687810,3246.21764521,0.01998454,0.01998454,21002,64,0
9515.99576532,9515.99621281,939.62176001,939.61195610,0.04983106,3246.62400642,0.01998454,0.01998454,21001,64,0
9516.44996925,9516.44933057,949.55389412,949.56790099,0.04943777,3247.03021739,0.01998455,0.01998454,21000,64,0
9516.90285340,9516.90249150,959.49773102,959.50567697,0.04683104,3247.43411226,0.01998454,0.01998454,20999,64,0
9517.35514181,9517.35569559,969.45444369,969.44226978,0.04454956,3247.83638568,0.01998454,0.01998454,20998,64,0
9517.80963182,9517.80894286,979.42406969,979.43923266,0.04825269,3248.23951519,0.01998455,0.01998454,20997,64,0
9518.26125454,9518.26223331,989.40568703,989.38412290,0.04991195,3248.63896425,0.01998454,0.01998454,20996,64,0
9518.71532155,9518.71556695,999.39833787,999.39292609,0.04953397,3249.03938847,0.01998454,0.01998454,20995,64,0
9519.16922548,9519.16894378,1009.40145301,1009.40767122,0.04892717,3249.43845161,0.01998454,0.01998454,20994,64,0
9519.62278994,9519.62236382,1019.41557337,1019.42498957,0.05062161,3249.83601711,0.01998455,0.01998454,20993,64,0
9520.07562374,9520.07582705,1029.44143851,1029.43694085,0.05002150,3250.23177024,0.01998454,0.01998454,20992,64,0
9520.52972891,9520.52933350,1039.47973079,1039.48848815,0.04928948,3250.62747981,0.01998454,0.01998454,20991,64,0
9520.98347579,9520.98288317,1049.53045430,1049.54359417,0.04481053,3251.02171646,0.01998455,0.01998454,20990,64,0
9521.43668809,9521.43647606,1059.59319159,1059.59789787,0.04997710,3251.41430827,0.01998454,0.01998454,20989,64,0
9521.89002057,9521.89011218,1069.66751785,1069.66548220,0.05060197,3251.80580186,0.01998454,0.01998454,20988,64,0
9522.34468253,9522.34379154,1079.75320690,1079.77302466,0.04867401,3252.19722152,0.01998455,0.01998454,20987,64,0
9522.79734090,9522.79751414,1089.85040945,1089.84655205,0.04695298,3252.58570090,0.01998454,0.01998454,20986,64,0
9523.25137301,9523.25127999,1099.95931897,1099.96139235,0.05601032,3252.97414295,0.01998454,0.01998454,20985,64,0
9523.70531747,9523.70508910,1110.08018692,1110.08528292,0.05220052,3253.36129623,0.01998454,0.01998454,20984,64,0
9524.15861534,9524.15894147,1120.21361769,1120.20633175,0.05564711,3253.74670421,0.01998454,0.01998454,20983,64,0
9524.61288532,9524.61283710,1130.36035431,1130.36143289,0.04911772,3254.13176399,0.01998454,0.01998454,20982,64,0
9525.06603461,9525.06677601,1140.52111357,1140.50450753,0.05111430,3254.51472275,0.01998454,0.01998454,20981,64,0
9525.52015246,9525.52075820,1150.69573911,1150.68215518,0.04484604,3254.89733413,0.01998454,0.01998454,20980,64,0
9525.97450405,9525.97478367,1160.88310630,1160.87682867,0.05381325,3255.27892567,0.01998454,0.01998454,20979,64,0
9526.42936256,9526.42885244,1171.08203272,1171.09349614,0.05108596,3255.65967353,0.01998454,0.01998454,20978,64,0
9526.88303290,9526.88296451,1181.29185248,1181.29339103,0.04779882,3256.03813147,0.01998454,0.01998454,20977,64,0
9527.33722032,9527.33711988,1191.51352808,1191.51579004,0.04745638,3256.41575518,0.01998454,0.01998454,20976,64,0
9527.79142026,9527.79131856,1201.74834564,1201.75063869,0.05254309,3256.79216443,0.01998454,0.01998454,20975,64,0
9528.24576777,9528.24556056,1211.99746774,1212.00214617,0.05623746,3257.16750664,0.01998454,0.01998454,20974,64,0
9528.70015443,9528.69984588,1222.26078357,1222.26775863,0.05537870,3257.54168051,0.01998454,0.01998454,20973,64,0
9529.15385046,9529.15417453,1232.53746486,1232.53013017,0.04850615,3257.91405089,0.01998454,0.01998454,20972,64,0
9529.60782141,9529.60854652,1242.82668046,1242.81025145,0.05145962,3258.28537564,0.01998454,0.01998454,20971,64,0
9530.06275683,9530.06296185,1253.12812018,1253.12346975,0.05721690,3258.65619632,0.01998454,0.01998454,20970,64,0
9530.51799750,9530.51742053,1263.44221403,1263.45531624,0.04659381,3259.02597968,0.01998454,0.01998454,20969,64,0
9530.97138426,9530.97192256,1273.76945108,1273.75721233,0.05548072,3259.39298966,0.01998454,0.01998454,20968,64,0
9531.42639498,9531.42646795,1284.11020547,1284.10854436,0.05041389,3259.76004937,0.01998454,0.01998454,20967,64,0
9531.88162197,9531.88105671,1294.46442452,1294.47730709,0.05052048,3260.12600710,0.01998454,0.01998454,20966,64,0
9532.33542897,9532.33568884,1304.83195784,1304.82602818,0.05202546,3260.48954073,0.01998454,0.01998454,20965,64,0
9532.79086032,9532.79036436,1315.21265089,1315.22398077,0.05453651,3260.85307623,0.01998454,0.01998454,20964,64,0
9533.24500102,9533.24508325,1325.60631929,1325.60443863,0.04543145,3261.21427260,0.01998454,0.01998454,20963,64,0
9533.69939124,9533.69984554,1336.01276075,1336.00235912,0.05119148,3261.57434601,0.01998454,0.01998454,20962,64,0
9534.15467747,9534.15465123,1346.43178147,1346.43238292,0.04796651,3261.93379089,0.01998454,0.01998454,20961,64,0
9534.60936758,9534.60950032,1356.86358147,1356.86053528,0.05467086,3262.29142861,0.01998454,0.01998454,20960,64,0
9535.06393786,9535.06439282,1367.30887301,1367.29841964,0.04995002,3262.64765495,0.01998454,0.01998454,20959,64,0
9535.51971380,9535.51932874,1377.76840738,1377.77726637,0.05367120,3263.00352284,0.01998454,0.01998454,20958,64,0
9535.97463895,9535.97430808,1388.24263182,1388.25025383,0.05238320,3263.35743318,0.01998454,0.01998454,20957,64,0
9536.42868555,9536.42933084,1398.73109723,1398.71621380,0.05244803,3263.70934955,0.01998454,0.01998454,20956,64,0
9536.88509810,9536.88439705,1409.23318852,1409.24937693,0.05280344,3264.06175260,0.01998454,0.01998454,20955,64,0
9537.33879534,9537.33950669,1419.74835219,1419.73190719,0.05487731,3264.41069559,0.01998454,0.01998454,20954,64,0
9537.79549255,9537.79465979,1430.27648075,1430.29575442,0.05514763,3264.76056292,0.01998454,0.01998454,20953,64,0
9538.25002582,9538.24985633,1440.81765256,1440.82157974,0.05470208,3265.10739107,0.01998454,0.01998454,20952,64,0
9538.70544269,9538.70509634,1451.37198104,1451.38001568,0.04967395,3265.45350859,0.01998454,0.01998454,20951,64,0
9539.16002973,9539.16037981,1461.94017374,1461.93204217,0.05194657,3265.79762956,0.01998454,0.01998454,20950,64,0
9539.61523923,9539.61570676,1472.52344942,1472.51257498,0.04668523,3266.14088688,0.01998454,0.01998454,20949,64,0
9540.07133458,9540.07107718,1483.12303686,1483.12903268,0.05033380,3266.48350467,0.01998454,0.01998454,20948,64,0
9540.52576409,9540.52649109,1493.73904239,1493.72208416,0.05278719,3266.82356483,0.01998454,0.01998454,20947,64,0
9540.98223888,9540.98194849,1504.36970004,1504.37648179,0.04951147,3267.16377825,0.01998454,0.01998454,20946,64,0
9541.43738354,9541.43744939,1515.01305413,1515.01151475,0.05151953,3267.50155683,0.01998454,0.01998454,20945,64,0
9541.89336727,9541.89299379,1525.66789972,1525.67663982,0.05275218,3267.83846847,0.01998454,0.01998454,20944,64,0
9542.34872559,9542.34858170,1536.33550342,1536.33887464,0.05047277,3268.17346415,0.01998454,0.01998454,20943,64,0
9542.80405553,9542.80421313,1547.01764312,1547.01394563,0.05355289,3268.50703529,0.01998454,0.01998454,20942,64,0
9543.25967644,9543.25988808,1557.71583144,1557.71085930,0.05008894,3268.83945428,0.01998454,0.01998454,20941,64,0
9543.71625956,9543.71560656,1568.42981123,1568.44517358,0.05161916,3269.17118923,0.01998454,0.01998454,20940,64,0
9544.17150584,9544.17136857,1579.15862351,1579.16185697,0.05391480,3269.50053421,0.01998454,0.01998454,20939,64,0
9544.62730795,9544.62717412,1589.90137196,1589.90452810,0.05050277,3269.82882742,0.01998454,0.01998454,20938,64,0
9545.08296175,9545.08302322,1600.65809014,1600.65663871,0.05081692,3270.15555391,0.01998454,0.01998454,20937,64,0
9545.53881747,9545.53891588,1611.42946685,1611.42714030,0.04963709,3270.48097835,0.01998454,0.01998454,20936,64,0
9545.99489872,9545.99485209,1622.21619371,1622.21729767,0.05396499,3270.80512901,0.01998454,0.01998454,20935,64,0
9546.45020126,9546.45083187,1633.01846820,1633.00351891,0.04969142,3271.12729295,0.01998454,0.01998454,20934,64,0
9546.90689827,9546.90685523,1643.83590579,1643.83692743,0.05538163,3271.44898581,0.01998454,0.01998454,20933,64,0
9547.36219151,9547.36292216,1654.66808860,1654.65072412,0.05322520,3271.76821673,0.01998454,0.01998454,20932,64,0
9547.81921221,9547.81903267,1665.51492758,1665.51920003,0.04736005,3272.08716961,0.01998454,0.01998454,20931,64,0
9548.27467796,9548.27518678,1676.37696329,1676.36483910,0.04588865,3272.40356120,0.01998454,0.01998454,20930,64,0
9548.73156416,9548.73138448,1687.25481095,1687.25909818,0.05555799,3272.71946925,0.01998454,0.01998454,20929,64,0
9549.18743609,9549.18762579,1698.14881920,1698.14428657,0.05193526,3273.03321043,0.01998454,0.01998454,20928,64,0
9549.64414277,9549.64391071,1709.05851003,1709.06406211,0.05393611,3273.34603629,0.01998454,0.01998454,20927,64,0
9550.10081472,9550.10023924,1719.98324347,1719.99702913,0.05196539,3273.65732129,0.01998454,0.01998454,20926,64,0
9550.55738396,9550.55661140,1730.92254995,1730.94107997,0.05385853,3273.96699896,0.01998454,0.01998454,20925,64,0
9551.01323319,9551.01302718,1741.87680695,1741.88175436,0.04959438,3274.27465804,0.01998454,0.01998454,20924,64,0
9551.46936432,9551.46948660,1752.84665214,1752.84371133,0.04900569,3274.58098719,0.01998454,0.01998454,20923,64,0
9551.92644744,9551.92598966,1763.83266012,1763.84368443,0.04924946,3274.88643830,0.01998454,0.01998454,20922,64,0
9552.38173963,9552.38253637,1774.83489902,1774.81568543,0.05213223,3275.18917629,0.01998454,0.01998454,20921,64,0
9552.83841820,9552.83912673,1785.85320616,1785.83609646,0.05266591,3275.49130324,0.01998454,0.01998454,20920,64,0
9553.29504319,9553.29576075,1796.88741784,1796.87006692,0.05602998,3275.79184723,0.01998454,0.01998454,20919,64,0
9553.75226039,9553.75243844,1807.93738741,1807.93307631,0.05128207,3276.09121855,0.01998454,0.01998454,20918,64,0
9554.20971308,9554.20915980,1819.00297870,1819.01639265,0.05311486,3276.38916773,0.01998454,0.01998454,20917,64,0
9554.66633400,9554.66592484,1830.08407019,1830.09400299,0.05164490,3276.68499155,0.01998454,0.01998454,20916,64,0
9555.12313252,9555.12273356,1841.18081807,1841.19051597,0.04659750,3276.97934364,0.01998454,0.01998454,20915,64,0
9555.58096367,9555.57958597,1852.29361885,1852.32715401,0.05127779,3277.27277117,0.01998454,0.01998454,20914,64,0
9556.03623734,9556.03648209,1863.42288065,1863.41691483,0.05366932,3277.56298360,0.01998454,0.01998454,20913,64,0
9556.49321552,9556.49342190,1874.56902868,1874.56399072,0.05750370,3277.85270479,0.01998454,0.01998454,20912,64,0
9556.95006549,9556.95040543,1885.73250682,1885.72419640,0.05497466,3278.14076744,0.01998454,0.01998454,20911,64,0
9557.40706433,9557.40743267,1896.91374876,1896.90473055,0.05200157,3278.42734837,0.01998454,0.01998454,20910,64,0
9557.86453121,9557.86450363,1908.11253290,1908.11320920,0.05074171,3278.71262981,0.01998454,0.01998454,20909,64,0
9558.32203261,9558.32161832,1919.32772662,1919.33789771,0.04970187,3278.99630119,0.01998454,0.01998454,20908,64,0
9558.77955307,9558.77877675,1930.55813450,1930.57721669,0.05725402,3279.27831428,0.01998454,0.01998454,20907,64,0
9559.23577997,9559.23597892,1941.80355244,1941.79865566,0.05584155,3279.55785425,0.01998454,0.01998454,20906,64,0
9559.69338085,9559.69322484,1953.06543938,1953.06928464,0.05289437,3279.83658346,0.01998454,0.01998454,20905,64,0
9560.15209671,9560.15051451,1964.34541578,1964.38447505,0.04671425,3280.11436203,0.01998454,0.01998454,20904,64,0
9560.60791991,9560.60784794,1975.64410822,1975.64588767,0.05064623,3280.38877836,0.01998454,0.01998454,20903,64,0
9561.06499718,9561.06522514,1986.96019934,1986.95455546,0.05185397,3280.66229626,0.01998454,0.01998454,20902,64,0
9561.52203330,9561.52264611,1998.29214076,1998.27694998,0.05157119,3280.93408823,0.01998454,0.01998454,20901,64,0
9561.97991710,9561.98011086,2009.63906694,2009.63425802,0.05135601,3281.20464967,0.01998454,0.01998454,20900,64,0
9562.43780885,9562.43761939,2021.00161720,2021.00632565,0.04667637,3281.47348693,0.01998454,0.01998454,20899,64,0
9562.89596737,9562.89517172,2032.38063491,2032.40043618,0.04988380,3281.74076220,0.01998454,0.01998454,20898,64,0
9563.35310152,9563.35276784,2043.77699457,2043.78531092,0.05510814,3282.00573832,0.01998454,0.01998454,20897,64,0
9563.81094488,9563.81040777,2055.19163373,2055.20504096,0.04956653,3282.26943456,0.01998454,0.01998454,20896,64,0
9564.26928508,9564.26809151,2066.62550501,2066.65534732,0.05677474,3282.53173421,0.01998454,0.01998454,20895,64,0
9564.72601909,9564.72581906,2078.07912514,2078.08413429,0.04978411,3282.79144148,0.01998454,0.01998454,20894,64,0
9565.18332128,9565.18359044,2089.55193089,2089.54517981,0.05376987,3283.04977558,0.01998454,0.01998454,20893,64,0
9565.64132378,9565.64140565,2101.04319189,2101.04113541,0.04984902,3283.30677783,0.01998454,0.01998454,20892,64,0
9566.09889663,9566.09926470,2112.55234165,2112.54308298,0.04833217,3283.56179057,0.01998454,0.01998454,20891,64,0
9566.55696749,9566.55716758,2124.07922476,2124.07418411,0.05101945,3283.81531770,0.01998454,0.01998454,20890,64,0
9567.01480220,9567.01511431,2135.62374733,2135.61587358,0.05689219,3284.06694015,0.01998454,0.01998454,20889,64,0
9567.47336330,9567.47310490,2147.18603967,2147.19256777,0.05061040,3284.31717768,0.01998454,0.01998454,20888,64,0
9567.93223530,9567.93113935,2158.76676054,2158.79449124,0.05238107,3284.56580236,0.01998454,0.01998454,20887,64,0
9568.39003660,9568.38921767,2170.36664838,2170.38740269,0.04529999,3284.81207603,0.01998454,0.01998454,20886,64,0
9568.84810495,9568.84733986,2181.98611186,2182.00553223,0.04923094,3285.05672151,0.01998454,0.01998454,20885,64,0
9569.30545988,9569.30550593,2193.62483515,2193.62366440,0.05250146,3285.29920094,0.01998454,0.01998454,20884,64,0
9569.76349029,9569.76371589,2205.28240399,2205.27666022,0.04735934,3285.54023232,0.01998454,0.01998454,20883,64,0
9570.22115728,9570.22196973,2216.95837833,2216.93766250,0.05258914,3285.77924830,0.01998454,0.01998454,20882,64,0
9570.67915579,9570.68026748,2228.65227204,2228.62388619,0.04994697,3286.01659259,0.01998454,0.01998454,20881,64,0
9571.13795177,9571.13860913,2240.36359745,2240.34678928,0.05001409,3286.25248069,0.01998454,0.01998454,20880,64,0
9571.59697794,9571.59699470,2252.09243507,2252.09200610,0.05033938,3286.48660711,0.01998454,0.01998454,20879,64,0
9572.05532322,9572.05542418,2263.83981305,2263.83722398,0.05282016,3286.71852097,0.01998454,0.01998454,20878,64,0
9572.51280692,9572.51389758,2275.60684587,2275.57883049,0.05213693,3286.94815219,0.01998453,0.01998454,20877,64,0
9572.97250223,9572.97241492,2287.39412296,2287.39636927,0.04984235,3287.17703615,0.01998454,0.01998454,20876,64,0
9573.43126238,9573.43097619,2299.20150508,2299.20888009,0.04963971,3287.40358495,0.01998454,0.01998454,20875,64,0
9573.89028303,9573.88958140,2311.02879106,2311.04690010,0.04988503,3287.62837865,0.01998454,0.01998454,20874,64,0
9574.34832961,9574.34823057,2322.87557827,2322.87813841,0.04919347,3287.85079901,0.01998454,0.01998454,20873,64,0
9574.80592428,9574.80692369,2334.74124095,2334.71536919,0.05190461,3288.07108666,0.01998453,0.01998454,20872,64,0
9575.26436841,9575.26566077,2346.62520381,2346.59169990,0.05209139,3288.28984513,0.01998453,0.01998454,20871,64,0
9575.72397756,9575.72444182,2358.52807298,2358.51601845,0.04920471,3288.50721353,0.01998454,0.01998454,20870,64,0
9576.18411359,9576.18326684,2370.45147015,2370.47349327,0.04755880,3288.72289855,0.01998454,0.01998454,20869,64,0
9576.64239683,9576.64213585,2382.39691466,2382.40371480,0.05073746,3288.93580912,0.01998454,0.01998454,20868,64,0
9577.10043169,9577.10104884,2394.36423957,2394.34813261,0.04898778,3289.14668902,0.01998454,0.01998454,20867,64,0
9577.55983240,9577.56000582,2406.35220045,2406.34766703,0.05119546,3289.35624109,0.01998454,0.01998454,20866,64,0
9578.01917195,9578.01900681,2418.35966929,2418.36399271,0.04532236,3289.56377564,0.01998454,0.01998454,20865,64,0
9578.47722184,9578.47805180,2430.38658460,2430.36482311,0.04919842,3289.76873501,0.01998453,0.01998454,20864,64,0
9578.93681298,9578.93714080,2442.43336668,2442.42475767,0.04789324,3289.97238099,0.01998454,0.01998454,20863,64,0
9579.39683036,9579.39627383,2454.50055416,2454.51519332,0.04891142,3290.17420499,0.01998454,0.01998454,20862,64,0
9579.85603804,9579.85545087,2466.58922642,2466.60469809,0.05038674,3290.37367411,0.01998454,0.01998454,20861,64,0
9580.31272006,9580.31467195,2478.70063311,2478.64910702,0.04803336,3290.57007335,0.01998453,0.01998454,20860,64,0
9580.77288449,9580.77393707,2490.83529816,2490.80746296,0.04691166,3290.76597647,0.01998453,0.01998454,20859,64,0
9581.23219354,9581.23324623,2502.99152249,2502.96364006,0.05025111,3290.95948025,0.01998453,0.01998454,20858,64,0
9581.69214853,9581.69259944,2515.16718224,2515.15522191,0.04960872,3291.15117363,0.01998454,0.01998454,20857,64,0
9582.15067651,9582.15199671,2527.36138758,2527.32631809,0.04527317,3291.34017386,0.01998453,0.01998454,20856,64,0
9582.61080141,9582.61143804,2539.57559555,2539.55865686,0.04513688,3291.52773854,0.01998454,0.01998454,20855,64,0
9583.07099203,9583.07092344,2551.81150302,2551.81333106,0.05180569,3291.71324701,0.01998454,0.01998454,20854,64,0
9583.53077333,9583.53045292,2564.06977985,2564.07833437,0.04780085,3291.89650836,0.01998454,0.01998454,20853,64,0
9583.98991939,9583.99002648,2576.34989592,2576.34703199,0.04726672,3292.07741975,0.01998454,0.01998454,20852,64,0
9584.44933150,9584.44964413,2588.65129676,2588.64292272,0.05045681,3292.25631904,0.01998454,0.01998454,20851,64,0
9584.90998135,9584.90930587,2600.97404263,2600.99216614,0.05800661,3292.43356355,0.01998454,0.01998454,20850,64,0
9585.36903840,9585.36901171,2613.31862337,2613.31934071,0.05102378,3292.60806200,0.01998454,0.01998454,20849,64,0
9585.82915028,9585.82876166,2625.68554857,2625.69601110,0.05098275,3292.78081979,0.01998454,0.01998454,20848,64,0
9586.28961526,9586.28855573,2638.07537198,2638.10394811,0.04985171,3292.95155901,0.01998454,0.01998454,20847,64,0
9586.74939116,9586.74839391,2650.48866817,2650.51561348,0.04523995,3293.11989084,0.01998454,0.01998454,20846,64,0
9587.20890495,9587.20827623,2662.92579626,2662.94281494,0.05309980,3293.28597019,0.01998454,0.01998454,20845,64,0
9587.66816565,9587.66820267,2675.38641037,2675.38540652,0.04727337,3293.44978642,0.01998453,0.01998454,20844,64,0
9588.12758608,9588.12817325,2687.87002475,2687.85407496,0.05056827,3293.61146840,0.01998453,0.01998454,20843,64,0
9588.58861264,9588.58818798,2700.37654578,2700.38810116,0.05565545,3293.77149873,0.01998454,0.01998454,20842,64,0
9589.04788080,9589.04824687,2712.90653041,2712.89655150,0.04794604,3293.92870504,0.01998453,0.01998454,20841,64,0
9589.50979196,9589.50834991,2725.46055099,2725.49993384,0.04496198,3294.08458161,0.01998454,0.01998454,20840,64,0
9589.96739182,9589.96849711,2738.03830774,2738.00806944,0.04908940,3294.23677702,0.01998453,0.01998454,20839,64,0
9590.42924449,9590.42868849,2750.63875474,2750.65399112,0.04994051,3294.38811451,0.01998454,0.01998454,20838,64,0
9590.88960174,9590.88892404,2763.26106017,2763.27966217,0.04497420,3294.53666804,0.01998454,0.01998454,20837,64,0
9591.34967157,9591.34920378,2775.90605707,2775.91891994,0.04965069,3294.68283836,0.01998454,0.01998454,20836,64,0
9591.80962032,9591.80952771,2788.57527654,2788.57782789,0.04584392,3294.82668615,0.01998453,0.01998454,20835,64,0
9592.26952816,9592.26989583,2801.26983019,2801.25968229,0.05318567,3294.96823664,0.01998453,0.01998454,20834,64,0
9592.73059690,9592.73030816,2813.98957543,2813.99756004,0.05206299,3295.10783571,0.01998454,0.01998454,20833,64,0
9593.19172811,9593.19076469,2826.73414407,2826.76083416,0.04876915,3295.24512363,0.01998454,0.01998454,20832,64,0
9593.65058739,9593.65126544,2839.50329814,2839.48447928,0.04985949,3295.37940596,0.01998453,0.01998453,20831,64,0
9594.11127954,9594.11181042,2852.29697007,2852.28220921,0.04506727,3295.51187298,0.01998453,0.01998453,20830,64,0
9594.57272089,9594.57239962,2865.11507630,2865.12402527,0.05047342,3295.64217884,0.01998454,0.01998453,20829,64,0
9595.03303518,9595.03303306,2877.95727036,2877.95732970,0.04796949,3295.76977964,0.01998454,0.01998453,20828,64,0
9595.49305295,9595.49371074,2890.82305167,2890.80466540,0.04922401,3295.89489855,0.01998453,0.01998453,20827,64,0
9595.95441523,9595.95443266,2903.71229125,2903.71180314,0.05277834,3296.01795944,0.01998453,0.01998453,20826,64,0
9596.41489523,9596.41519884,2916.62623547,2916.61771790,0.05058104,3296.13836322,0.01998453,0.01998453,20825,64,0
9596.87593853,9596.87600928,2929.56643470,2929.56444599,0.04474256,3296.25649063,0.01998453,0.01998453,20824,64,0
9597.33729144,9597.33686399,2942.53338750,2942.54542615,0.04481937,3296.37225946,0.01998454,0.01998453,20823,64,0
9597.79782425,9597.79776297,2955.52608513,2955.52781437,0.04977283,3296.48536654,0.01998453,0.01998453,20822,64,0
9598.25941197,9598.25870623,2968.54354729,2968.56349632,0.04897591,3296.59624782,0.01998454,0.01998453,20821,64,0
9598.72069666,9598.71969377,2981.58628994,2981.61469178,0.05382266,3296.70456142,0.01998454,0.01998453,20820,64,0
9599.18151641,9599.18072561,2994.65568423,2994.67812462,0.04893457,3296.81027237,0.01998454,0.01998453,20819,64,0
9599.64346795,9599.64180175,3007.75273538,3007.80011246,0.04882528,3296.91373431,0.01998454,0.01998453,20818,64,0
9600.10326716,9600.10292219,3020.87722845,3020.88705670,0.05116038,3297.01420279,0.01998453,0.01998453,20817,64,0
9600.56392182,9600.56408694,3034.02872312,3034.02400956,0.04886948,3297.11232696,0.01998453,0.01998453,20816,64,0
9601.02513663,9601.02529601,3047.20731975,3047.20276126,0.04907543,3297.20801774,0.01998453,0.01998453,20815,64,0
9601.48763056,9601.48654940,3060.41373006,3060.44471705,0.04528054,3297.30139857,0.01998454,0.01998453,20814,64,0
9601.94778845,9601.94784713,3073.64843005,3073.64674491,0.05000447,3297.39173581,0.01998453,0.01998453,20813,64,0
9602.40858327,9602.40918919,3086.91015169,3086.89271803,0.04780470,3297.47960304,0.01998453,0.01998453,20812,64,0
9602.87023975,9602.87057559,3100.19694091,3100.18726119,0.04958869,3297.56500282,0.01998453,0.01998453,20811,64,0
9603.33131903,9603.33200635,3113.50834729,3113.48850105,0.04806085,3297.64764973,0.01998453,0.01998453,20810,64,0
9603.79275100,9603.79348146,3126.84685678,3126.82572169,0.05020532,3297.72771322,0.01998453,0.01998453,20809,64,0
9604.25396363,9604.25500093,3140.21509982,3140.18502110,0.05140018,3297.80509251,0.01998453,0.01998453,20808,64,0
9604.71584330,9604.71656477,3153.61323522,3153.59227090,0.05285468,3297.87991629,0.01998453,0.01998453,20807,64,0
9605.17863473,9605.17817299,3167.03983263,3167.05327609,0.05067226,3297.95218569,0.01998453,0.01998453,20806,64,0
9605.64134895,9605.63982559,3180.49400596,3180.53844621,0.05242906,3298.02171810,0.01998454,0.01998453,20805,64,0
9606.10194763,9606.10152257,3193.97657854,3193.98900404,0.04696909,3298.08821483,0.01998453,0.01998453,20804,64,0
9606.56341934,9606.56326396,3207.48863907,3207.49319083,0.04870817,3298.15210718,0.01998453,0.01998453,20803,64,0
9607.02478294,9607.02504974,3221.03023515,3221.02240346,0.05297146,3298.21323579,0.01998453,0.01998453,20802,64,0
9607.48727162,9607.48687993,3234.60049311,3234.61201385,0.04599144,3298.27173429,0.01998453,0.01998453,20801,64,0
9607.94938861,9607.94875453,3248.19887251,3248.21755954,0.05466677,3298.32738792,0.01998453,0.01998453,20800,64,0
9608.41061421,9608.41067355,3261.82627435,3261.82452176,0.04963155,3298.38013290,0.01998453,0.01998453,20799,64,0
9608.87255211,9608.87263700,3275.48393099,3275.48141839,0.04857777,3298.43014194,0.01998453,0.01998453,20798,64,0
9609.33434802,9609.33464489,3289.17238131,3289.16357619,0.05145571,3298.47730168,0.01998453,0.01998453,20797,64,0
9609.79627470,9609.79669721,3302.89143646,3302.87887820,0.04944797,3298.52162165,0.01998453,0.01998453,20796,64,0
9610.25869393,9610.25879398,3316.64088554,3316.63790549,0.04979985,3298.56311242,0.01998453,0.01998453,20795,64,0
9610.72047987,9610.72093520,3330.42057859,3330.40698784,0.04486508,3298.60165627,0.01998453,0.01998453,20794,64,0
9611.18300621,9611.18312088,3344.23040820,3344.22697848,0.04779978,3298.63734906,0.01998453,0.01998453,20793,64,0
9611.64595217,9611.64535102,3358.07097709,3358.08899715,0.04813610,3298.67013891,0.01998453,0.01998453,20792,64,0
9612.10702331,9612.10762564,3371.94365174,3371.92555562,0.04821264,3298.69986210,0.01998453,0.01998453,20791,64,0
9612.57031660,9612.56994473,3385.84943245,3385.86063024,0.05071922,3298.72676244,0.01998453,0.01998453,20790,64,0
9613.03188546,9613.03230831,3399.78761516,3399.77485439,0.04961866,3298.75058548,0.01998453,0.01998453,20789,64,0
9613.49417387,9613.49471637,3413.75708990,3413.74068336,0.04616518,3298.77144659,0.01998453,0.01998453,20788,64,0
9613.95738129,9613.95716894,3427.75761107,3427.76404688,0.04644911,3298.78932020,0.01998453,0.01998453,20787,64,0
9614.41871641,9614.41966601,3441.78975853,3441.76091648,0.05177666,3298.80409045,0.01998453,0.01998453,20786,64,0
9614.88250195,9614.88220759,3455.85418421,3455.86314503,0.04420928,3298.81587192,0.01998453,0.01998453,20785,64,0
9615.34454645,9615.34479368,3469.95165465,3469.94411144,0.04145239,3298.82453257,0.01998453,0.01998453,20784,64,0
9615.80717329,9615.80742430,3484.08290409,3484.07522809,0.04809401,3298.83010826,0.01998453,0.01998453,20783,64,0
9616.27002922,9616.27009945,3498.24780380,3498.24565129,0.05095902,3298.83256661,0.01998453,0.01998453,20782,64,0
9616.73173127,9616.73281913,3512.44559200,3512.41217644,0.05138423,3298.83188992,0.01998453,0.01998453,20781,64,0
9617.19589672,9617.19558335,3526.67547537,3526.68512136,0.04764362,3298.82804039,0.01998453,0.01998453,20780,64,0
9617.65883605,9617.65839213,3540.93663464,3540.95032792,0.05021552,3298.82101753,0.01998453,0.01998453,20779,64,0
9618.12204588,9618.12124546,3555.22864923,3555.25339149,0.04933466,3298.81079046,0.01998453,0.01998453,20778,64,0
9618.58443615,9618.58414335,3569.55433873,3569.56341139,0.04299683,3298.79736793,0.01998453,0.01998453,20777,64,0
9619.04768171,9619.04708580,3583.91801422,3583.93652830,0.04884267,3298.78067550,0.01998453,0.01998453,20776,64,0
9619.51023274,9619.51007284,3598.32035615,3598.32533639,0.04628104,3298.76074350,0.01998453,0.01998453,20775,64,0
9619.97384648,9619.97310445,3612.75698047,3612.78013985,0.04878661,3298.73747649,0.01998453,0.01998453,20774,64,0
9620.43670570,9620.43618065,3627.22483839,3627.24126054,0.04882714,3298.71094793,0.01998453,0.01998453,20773,64,0
9620.89907223,9620.89930144,3641.72806005,3641.72087250,0.04877153,3298.68112889,0.01998453,0.01998453,20772,64,0
9621.36204961,9621.36246684,3656.27223088,3656.25911099,0.04917115,3298.64791247,0.01998453,0.01998453,20771,64,0
9621.82618805,9621.82567684,3670.85676015,3670.87287562,0.04587407,3298.61121644,0.01998453,0.01998453,20770,64,0
9622.28914334,9622.28893145,3685.47649517,3685.48318914,0.04020946,3298.57121650,0.01998453,0.01998453,20769,64,0
9622.75199850,9622.75223068,3700.12918264,3700.12183116,0.04863808,3298.52781908,0.01998453,0.01998453,20768,64,0
9623.21588575,9623.21557454,3714.81836302,3714.82824175,0.04491356,3298.48087644,0.01998453,0.01998453,20767,64,0
9623.67929852,9623.67896303,3729.54736043,3729.55803793,0.05191163,3298.43050106,0.01998453,0.01998453,20766,64,0
9624.14116693,9624.14239616,3744.31479811,3744.27558202,0.04821103,3298.37681300,0.01998453,0.01998453,20765,64,0
9624.60622694,9624.60587393,3759.11789026,3759.12917753,0.04818596,3298.31923085,0.01998453,0.01998453,20764,64,0
9625.07002536,9625.06939636,3773.95616677,3773.97632578,0.04473185,3298.25826453,0.01998453,0.01998453,20763,64,0
9625.53254761,9625.53296344,3788.83105096,3788.81769165,0.04550266,3298.19391762,0.01998453,0.01998453,20762,64,0
9625.99785154,9625.99657519,3803.74371380,3803.78481988,0.05410192,3298.12558050,0.01998453,0.01998453,20761,64,0
9626.46047398,9626.46023161,3818.69473089,3818.70255596,0.04779674,3298.05402867,0.01998453,0.01998453,20760,64,0
9626.92484051,9626.92393271,3833.68452346,3833.71390601,0.04901436,3297.97856308,0.01998453,0.01998453,20759,64,0
9627.38791165,9627.38767849,3848.71308789,3848.72065326,0.05457952,3297.89964884,0.01998453,0.01998453,20758,64,0
9627.85205363,9627.85146896,3863.78045874,3863.79947702,0.04958713,3297.81686153,0.01998453,0.01998453,20757,64,0
9628.31517413,9628.31530413,3878.88851817,3878.88427795,0.04747664,3297.73053918,0.01998453,0.01998453,20756,64,0
9628.78001169,9628.77918400,3894.04028816,3894.06736174,0.04259889,3297.64011951,0.01998453,0.01998453,20755,64,0
9629.24368519,9629.24310859,3909.23585591,3909.25476692,0.04571106,3297.54612856,0.01998453,0.01998453,20754,64,0
9629.70772594,9629.70707788,3924.47133328,3924.49263861,0.03872395,3297.44826395,0.01998453,0.01998453,20753,64,0
9630.17185043,9630.17109190,3939.74499241,3939.76999292,0.04593746,3297.34656708,0.01998453,0.01998453,20752,64,0
9630.63582210,9630.63515065,3955.06189100,3955.08408624,0.04587421,3297.24103185,0.01998453,0.01998453,20751,64,0
9631.09914119,9631.09925414,3970.42664420,3970.42289935,0.04552744,3297.13172194,0.01998453,0.01998453,20750,64,0
9631.56381174,9631.56340237,3985.83431344,3985.84791876,0.04568429,3297.01816256,0.01998453,0.01998453,20749,64,0
9632.02847128,9632.02759534,4001.27727789,4001.30645050,0.04083290,3296.90070183,0.01998453,0.01998453,20748,64,0
9632.49231717,9632.49183307,4016.75828983,4016.77445542,0.05147346,3296.77950979,0.01998453,0.01998453,20747,64,0
9632.95631937,9632.95611557,4032.28711327,4032.29394089,0.04287035,3296.65423832,0.01998453,0.01998453,20746,64,0
9633.41996393,9633.42044283,4047.86625095,4047.85015987,0.04345421,3296.52497776,0.01998453,0.01998453,20745,64,0
9633.88469405,9633.88481486,4063.48900999,4063.48494070,0.04477689,3296.39134219,0.01998453,0.01998453,20744,64,0
9634.34956087,9634.34923168,4079.15116925,4079.16228483,0.04669715,3296.25359875,0.01998453,0.01998453,20743,64,0
nan,nan,0.00000000,-1.00000000,0.00000000,3296.11064228,nan,0.00000000,-2147483648,64,1
nan,nan,0.00000000,-1.00000000,0.00000000,3309.61018212,nan,0.00000000,-2147483648,63,1
9621.82630049,9621.82567684,10.54904123,10.56128188,0.05311401,3310.14439903,0.01998454,0.01998453,20770,63,0
9622.28865504,9622.28893145,19.64553615,19.64010615,0.04762484,3310.65035416,0.01998453,0.01998453,20769,63,0
9622.75266919,9622.75223068,28.75117119,28.75979347,0.05418685,3311.15730582,0.01998453,0.01998453,20768,63,0
9623.21618492,9623.21557454,37.86612943,37.87814245,0.06027988,3311.66289932,0.01998454,0.01998453,20767,63,0
9623.67978195,9623.67896303,46.99034584,47.00647778,0.05035772,3312.16776031,0.01998454,0.01998453,20766,63,0
9624.14091581,9624.14239616,56.12335887,56.09417313,0.05089956,3312.66909481,0.01998453,0.01998453,20765,63,0
9624.60589465,9624.60587393,65.26466903,65.26507771,0.04969180,3313.17372568,0.01998453,0.01998453,20764,63,0
9625.06935761,9625.06939636,74.41380515,74.41304000,0.05003671,3313.67579869,0.01998453,0.01998453,20763,63,0
9625.53225369,9625.53296344,83.57085157,83.55682591,0.04524887,3314.17634910,0.01998453,0.01998453,20762,63,0
9625.99795882,9625.99657519,92.73637474,92.76374065,0.06047669,3314.67904835,0.01998454,0.01998453,20761,63,0
9626.46139450,9626.46023161,101.91096016,101.93398157,0.05466563,3315.17844113,0.01998454,0.01998453,20760,63,0
9626.92540839,9626.92393271,111.09513417,111.12437595,0.04897092,3315.67762520,0.01998454,0.01998453,20759,63,0
9627.38778036,9627.38767849,120.28896823,120.29098869,0.04584779,3316.17421453,0.01998453,0.01998453,20758,63,0
9627.85221388,9627.85146896,129.49233077,129.50711970,0.04725612,3316.67217411,0.01998453,0.01998453,20757,63,0
9628.31602969,9628.31530413,138.70508850,138.71950617,0.05723705,3317.16861587,0.01998453,0.01998453,20756,63,0
9628.78007399,9628.77918400,147.92709116,147.94479219,0.05292891,3317.66443431,0.01998453,0.01998453,20755,63,0
9629.24353025,9629.24310859,157.15813423,157.16652802,0.04983590,3318.15874290,0.01998453,0.01998453,20754,63,0
9629.70698972,9629.70707788,166.39800091,166.39624449,0.03839294,3318.65215833,0.01998453,0.01998453,20753,63,0
9630.17073684,9630.17109190,175.64647803,175.63939815,0.04924190,3319.14496727,0.01998453,0.01998453,20752,63,0
9630.63518551,9630.63515065,184.90363941,184.90433510,0.05449393,3319.63760670,0.01998453,0.01998453,20751,63,0
9631.09921258,9631.09925414,194.17000083,194.16917060,0.04613898,3320.12890782,0.01998453,0.01998453,20750,63,0
9631.56344494,9631.56340237,203.44611853,203.44696974,0.05060314,3320.61956027,0.01998453,0.01998453,20749,63,0
9632.02875057,9632.02759534,212.73250579,212.75562851,0.04994441,3321.11050054,0.01998453,0.01998453,20748,63,0
9632.49174085,9632.49183307,222.02905293,222.02720531,0.05180952,3321.59814630,0.01998453,0.01998453,20747,63,0
9632.95645768,9632.95611557,231.33519932,231.34205973,0.04004310,3322.08672237,0.01998453,0.01998453,20746,63,0
9633.41891454,9633.42044283,240.65037104,240.61969830,0.05010369,3322.57200500,0.01998453,0.01998453,20745,63,0
9633.88550410,9633.88481486,249.97412741,249.98797181,0.05405224,3323.06066961,0.01998453,0.01998453,20744,63,0
9634.34904596,9634.34923168,259.30670520,259.30297154,0.05556033,3323.54520114,0.01998453,0.01998453,20743,63,0
9634.81315770,9634.81369328,268.64855354,268.63777614,0.05741622,3324.02940773,0.01998453,0.01998453,20742,63,0
9635.27798130,9635.27819968,278.00012321,277.99572459,0.05127993,3324.51345279,0.01998453,0.01998453,20741,63,0
9635.74312086,9635.74275088,287.36171620,287.36917572,0.05244625,3324.99693222,0.01998453,0.01998453,20740,63,0
9636.20747303,9636.20734688,296.73333676,296.73588266,0.05272435,3325.47869618,0.01998453,0.01998453,20739,63,0
9636.67384151,9636.67198770,306.11495390,306.15240264,0.04820794,3325.96164376,0.01998453,0.01998453,20738,63,0
9637.13603472,9637.13667334,315.50653922,315.49362615,0.04969153,3326.43936360,0.01998453,0.01998453,20737,63,0
9637.60265388,9637.60140380,324.90811067,324.93341215,0.04813328,3326.92074149,0.01998453,0.01998453,20736,63,0
9638.06637766,9638.06617910,334.31972475,334.32374761,0.05191672,3327.39821837,0.01998453,0.01998453,20735,63,0
9638.53084965,9638.53099924,343.74143943,343.73840579,0.05296341,3327.87555056,0.01998453,0.01998453,20734,63,0
9638.99643476,9638.99586422,353.17327504,353.18485657,0.04699016,3328.35310401,0.01998453,0.01998453,20733,63,0
9639.46049543,9639.46077405,362.61505651,362.60939530,0.04984429,3328.82816115,0.01998453,0.01998453,20732,63,0
9639.92614172,9639.92572875,372.06654494,372.07494358,0.04859779,3329.30388900,0.01998453,0.01998453,20731,63,0
9640.39090823,9640.39072831,381.52750169,381.53116405,0.04851606,3329.77775024,0.01998453,0.01998453,20730,63,0
9640.85629394,9640.85577274,390.99786333,391.00848223,0.05145144,3330.25126650,0.01998453,0.01998453,20729,63,0
9641.32040476,9641.32086205,400.47788802,400.46856260,0.05155876,3330.72252116,0.01998453,0.01998453,20728,63,0
9641.78692628,9641.78599624,409.96786968,409.98685422,0.05215996,3331.19526320,0.01998453,0.01998453,20727,63,0
9642.25156024,9642.25117532,419.46808868,419.47595355,0.05102141,3331.66514471,0.01998453,0.01998453,20726,63,0
9642.71518199,9642.71639931,428.97863326,428.95373548,0.05439163,3332.13305946,0.01998453,0.01998453,20725,63,0
9643.18130041,9643.18166819,438.49945941,438.49192966,0.04861638,3332.60253735,0.01998453,0.01998453,20724,63,0
9643.64752116,9643.64698199,448.03052026,448.04156957,0.05600109,3333.07115176,0.01998453,0.01998453,20723,63,0
9644.11148885,9644.11234071,457.57177955,457.55430556,0.04744829,3333.53653539,0.01998453,0.01998453,20722,63,0
9644.57667316,9644.57774435,467.12324105,467.10124645,0.04966268,3334.00216726,0.01998453,0.01998453,20721,63,0
9645.04308859,9645.04319291,476.68491770,476.68277356,0.04809810,3334.46805013,0.01998453,0.01998453,20720,63,0
9645.50903445,9645.50868642,486.25681792,486.26397798,0.04710693,3334.93247854,0.01998453,0.01998453,20719,63,0
9645.97368107,9645.97422487,495.83879924,495.82760132,0.04591739,3335.39461954,0.01998453,0.01998453,20718,63,0
9646.43991045,9646.43980827,505.43053596,505.43264192,0.04955181,3335.85731836,0.01998453,0.01998453,20717,63,0
9646.90618185,9646.90543662,515.03168940,515.04706240,0.04882641,3336.31901981,0.01998453,0.01998453,20716,63,0
9647.36981675,9647.37110994,524.64205207,524.61535179,0.05057577,3336.77706607,0.01998453,0.01998453,20715,63,0
9647.83696221,9647.83682823,534.26228244,534.26505141,0.05279826,3337.23755434,0.01998453,0.01998453,20714,63,0
9648.30240498,9648.30259149,543.89338997,543.88953109,0.05431743,3337.69538308,0.01998453,0.01998453,20713,63,0
9648.76749018,9648.76839974,553.53638451,553.51754397,0.04467513,3338.15192460,0.01998453,0.01998453,20712,63,0
9649.23495019,9649.23425297,563.19155518,563.20601340,0.05312385,3338.60986315,0.01998453,0.01998453,20711,63,0
9649.70027230,9649.70015120,572.85784386,572.86035745,0.05826825,3339.06472184,0.01998453,0.01998453,20710,63,0
9650.16669566,9650.16609444,582.53403895,582.54652985,0.04581862,3339.51960818,0.01998453,0.01998453,20709,63,0
9650.63198394,9650.63208268,592.21906343,592.21701055,0.05256837,3339.97228645,0.01998453,0.01998453,20708,63,0
9651.09697277,9651.09811593,601.91326936,601.88947872,0.05294278,3340.42358699,0.01998453,0.01998453,20707,63,0
9651.56394228,9651.56419421,611.61784276,611.61259427,0.04662182,3340.87576777,0.01998453,0.01998453,20706,63,0
9652.03093205,9652.03031752,621.33398595,621.34680319,0.04849483,3341.32697480,0.01998453,0.01998453,20705,63,0
9652.49864392,9652.49648586,631.06232733,631.10738853,0.05563100,3341.77790750,0.01998453,0.01998453,20704,63,0
9652.96302122,9652.96269924,640.80204947,640.80877934,0.04874942,3342.22461973,0.01998453,0.01998453,20703,63,0
9653.42822206,9653.42895767,650.55210743,650.53671810,0.04956724,3342.67106673,0.01998453,0.01998453,20702,63,0
9653.89511507,9653.89526115,660.31154292,660.30848423,0.04851554,3343.11802499,0.01998453,0.01998453,20701,63,0
9654.36106954,9654.36160969,670.08064436,670.06932373,0.05390669,3343.56298211,0.01998453,0.01998453,20700,63,0
9654.82770460,9654.82800330,679.86059633,679.85432942,0.04903962,3344.00753443,0.01998453,0.01998453,20699,63,0
9655.29369740,9655.29444199,689.65261001,689.63696922,0.04917414,3344.45047115,0.01998453,0.01998453,20698,63,0
9655.76082971,9655.76092575,699.45736380,699.45534406,0.04693045,3344.89350932,0.01998453,0.01998453,20697,63,0
9656.22707324,9656.22745460,709.27398150,709.26595271,0.05450550,3345.33467917,0.01998453,0.01998453,20696,63,0
9656.69407078,9656.69402855,719.10130176,719.10219170,0.05232328,3345.77547800,0.01998453,0.01998453,20695,63,0
9657.16006366,9657.16064759,728.93823581,728.92592055,0.05867092,3346.21419319,0.01998453,0.01998453,20694,63,0
9657.62708371,9657.62731174,738.78486318,738.78004935,0.05607522,3346.65273654,0.01998453,0.01998453,20693,63,0
9658.09405524,9658.09402101,748.64215517,748.64287855,0.05099602,3347.09013290,0.01998453,0.01998453,20692,63,0
9658.56053496,9658.56077539,758.51111139,758.50602483,0.05245362,3347.52600802,0.01998453,0.01998453,20691,63,0
9659.02811928,9659.02757490,768.39239849,768.40392857,0.05257083,3347.96187536,0.01998453,0.01998453,20690,63,0
9659.49647445,9659.49441955,778.28572207,778.32929321,0.05329663,3348.39739870,0.01998453,0.01998453,20689,63,0
9659.96155992,9659.96130933,788.19061530,788.19593438,0.05272287,3348.82880325,0.01998453,0.01998453,20688,63,0
9660.42839032,9660.42824426,798.10663921,798.10974273,0.05645251,3349.26072132,0.01998453,0.01998453,20687,63,0
9660.89487071,9660.89522433,808.03375351,808.02623216,0.05795565,3349.69120274,0.01998453,0.01998453,20686,63,0
9661.36176830,9661.36224957,817.97219702,817.96194991,0.06260071,3350.12096036,0.01998453,0.01998453,20685,63,0
9661.82897767,9661.82931998,827.92221559,827.91491936,0.06104997,3350.54989974,0.01998453,0.01998453,20684,63,0
9662.29667466,9662.29643555,837.88398175,837.88908373,0.05042103,3350.97818144,0.01998453,0.01998453,20683,63,0
9662.76375800,9662.76359631,847.85748990,847.86094366,0.04995627,3351.40479162,0.01998453,0.01998453,20682,63,0
9663.23078570,9663.23080225,857.84270812,857.84235436,0.04935226,3351.83023542,0.01998453,0.01998453,20681,63,0
9663.69798440,9663.69805338,867.83964282,867.83816617,0.05578632,3352.25471359,0.01998453,0.01998453,20680,63,0
9664.16549220,9664.16534971,877.84866445,877.85171826,0.05864065,3352.67835998,0.01998453,0.01998453,20679,63,0
9664.63218481,9664.63269124,887.87034612,887.85947963,0.06221542,3353.10017591,0.01998453,0.01998453,20678,63,0
9665.09930556,9665.10007799,897.90525961,897.88866511,0.05516074,3353.52130442,0.01998453,0.01998453,20677,63,0
9665.56779856,9665.56750995,907.95336956,907.95957711,0.06006610,3353.94258265,0.01998453,0.01998453,20676,63,0
9666.03407965,9666.03498714,918.01357825,917.99403888,0.05574875,3354.36073880,0.01998453,0.01998453,20675,63,0
9666.50264145,9666.50250956,928.08467393,928.08751636,0.05577324,3354.77974544,0.01998453,0.01998453,20674,63,0
9666.96957186,9666.97007721,938.16571137,938.15481072,0.05624357,3355.19605757,0.01998453,0.01998453,20673,63,0
9667.43787653,9667.43769011,948.25737391,948.26139913,0.04955020,3355.61237942,0.01998453,0.01998453,20672,63,0
9667.90545727,9667.90534826,958.36095150,958.36330799,0.05178561,3356.02689099,0.01998453,0.01998453,20671,63,0
9668.37239981,9668.37305167,968.47770631,968.46359729,0.04728349,3356.43971903,0.01998453,0.01998453,20670,63,0
9668.84063322,9668.84080034,978.60785944,978.60423784,0.05003180,3356.85256942,0.01998453,0.01998453,20669,63,0
9669.30733310,9669.30859429,988.75047254,988.72311312,0.05237865,3357.26290848,0.01998453,0.01998453,20668,63,0
9669.77585930,9669.77643351,998.90454052,998.89207176,0.05386004,3357.67364266,0.01998453,0.01998453,20667,63,0
9670.24502469,9670.24431801,1009.06941366,1009.08477416,0.05604191,3358.08368996,0.01998453,0.01998453,20666,63,0
9670.71204174,9670.71224780,1019.24562247,1019.24113889,0.05332879,3358.49063609,0.01998453,0.01998453,20665,63,0
9671.17968134,9671.18022289,1029.43394290,1029.42214609,0.05333697,3358.89692697,0.01998453,0.01998453,20664,63,0
9671.64781290,9671.64824328,1039.63508973,1039.62570344,0.04841915,3359.30246736,0.01998453,0.01998453,20663,63,0
9672.11647844,9672.11630899,1049.84906340,1049.85276330,0.05635740,3359.70728367,0.01998453,0.01998453,20662,63,0
9672.58452654,9672.58442001,1060.07542548,1060.07775407,0.05447298,3360.11035821,0.01998453,0.01998453,20661,63,0
9673.05213109,9673.05257635,1070.31373165,1070.30398912,0.05000714,3360.51182151,0.01998453,0.01998453,20660,63,0
9673.52060222,9673.52077802,1080.56377159,1080.55992082,0.04988908,3360.91278275,0.01998453,0.01998453,20659,63,0
9673.98824782,9673.98902503,1090.82571314,1090.80867091,0.05533692,3361.31179440,0.01998453,0.01998453,20658,63,0
9674.45745704,9674.45731738,1101.09975941,1101.10282529,0.05254962,3361.71089415,0.01998453,0.01998453,20657,63,0
9674.92600206,9674.92565508,1111.38620130,1111.39382678,0.04706994,3362.10818884,0.01998453,0.01998453,20656,63,0
9675.39348596,9675.39403813,1121.68571075,1121.67356132,0.04739436,3362.50336852,0.01998452,0.01998453,20655,63,0
9675.86288110,9675.86246655,1131.99906854,1132.00820150,0.04766238,3362.89896604,0.01998453,0.01998453,20654,63,0
9676.33138562,9676.33094034,1142.32697671,1142.33679984,0.05095217,3363.29263614,0.01998453,0.01998453,20653,63,0
9676.79902270,9676.79945950,1152.66901940,1152.65937166,0.05640861,3363.68438214,0.01998452,0.01998453,20652,63,0
9677.26713092,9677.26802405,1163.02397979,1163.00423172,0.05421943,3364.07527432,0.01998452,0.01998453,20651,63,0
9677.73680774,9677.73663398,1173.39062729,1173.39447311,0.04529603,3364.46616834,0.01998453,0.01998453,20650,63,0
9678.20564051,9678.20528931,1183.76863642,1183.77641750,0.05344583,3364.85503533,0.01998453,0.01998453,20649,63,0
9678.67443221,9678.67399005,1194.15920549,1194.16901365,0.05532635,3365.24258421,0.01998453,0.01998453,20648,63,0
9679.14172529,9679.14273619,1204.56368667,1204.54123359,0.04730845,3365.62766009,0.01998452,0.01998453,20647,63,0
9679.61129603,9679.61152774,1214.98307381,1214.97792047,0.04965566,3366.01340167,0.01998452,0.01998453,20646,63,0
9680.08045374,9680.08036472,1225.41687138,1225.41885363,0.05214236,3366.39756585,0.01998453,0.01998453,20645,63,0
9680.54866915,9680.54924713,1235.86420003,1235.85131460,0.05476150,3366.77968551,0.01998452,0.01998453,20644,63,0
9681.01908840,9681.01817497,1246.32425305,1246.34463958,0.04957606,3367.16228698,0.01998453,0.01998453,20643,63,0
9681.48732205,9681.48714825,1256.79704407,1256.80092739,0.05318138,3367.54179447,0.01998453,0.01998453,20642,63,0
9681.95682719,9681.95616698,1267.28307743,1267.29784670,0.05172407,3367.92102582,0.01998453,0.01998453,20641,63,0
9682.42596641,9682.42523117,1277.78285964,1277.79932779,0.05393227,3368.29866639,0.01998453,0.01998453,20640,63,0
9682.89488007,9682.89434082,1288.29661376,1288.30870695,0.05137473,3368.67483280,0.01998453,0.01998453,20639,63,0
9683.36364392,9683.36349594,1298.82420514,1298.82752787,0.05110483,3369.04957575,0.01998453,0.01998453,20638,63,0
9683.83366519,9683.83269653,1309.36547535,1309.38725076,0.05225236,3369.42400317,0.01998453,0.01998453,20637,63,0
9684.30216300,9684.30194260,1319.92025211,1319.92521257,0.05246525,3369.79588812,0.01998453,0.01998453,20636,63,0
9684.77205480,9684.77123416,1330.48832908,1330.50681996,0.04635706,3370.16753309,0.01998453,0.01998453,20635,63,0
9685.24199625,9685.24057121,1341.06949295,1341.10163847,0.05312077,3370.53785460,0.01998453,0.01998453,20634,63,0
9685.71141342,9685.70995377,1351.66364562,1351.69660956,0.05521911,3370.90639264,0.01998453,0.01998453,20633,63,0
9686.17926624,9686.17938183,1362.27134149,1362.26872768,0.05125246,3371.27235254,0.01998452,0.01998453,20632,63,0
9686.64898641,9686.64885541,1372.89336604,1372.89633173,0.05183236,3371.63843760,0.01998453,0.01998453,20631,63,0
9687.11750717,9687.11837451,1383.53044590,1383.51078295,0.05221326,3372.00227251,0.01998452,0.01998453,20630,63,0
9687.58677800,9687.58793914,1394.18250066,1394.15614365,0.05036886,3372.36536293,0.01998452,0.01998453,20629,63,0
9688.05757441,9688.05754930,1404.84889747,1404.84946814,0.05390843,3372.72827029,0.01998452,0.01998453,20628,63,0
9688.52705811,9688.52720500,1415.52899697,1415.52565450,0.04455454,3373.08877712,0.01998452,0.01998453,20627,63,0
9688.99667928,9688.99690626,1426.22247061,1426.21730014,0.05492856,3373.44798443,0.01998452,0.01998453,20626,63,0
9689.46711428,9689.46665306,1436.92937712,1436.93989574,0.05041536,3373.80640060,0.01998453,0.01998452,20625,63,0
9689.93602793,9689.93644543,1447.64980146,1447.64026887,0.05638052,3374.16224590,0.01998452,0.01998452,20624,63,0
9690.40590040,9690.40628336,1458.38417419,1458.37541915,0.05010201,3374.51741249,0.01998452,0.01998452,20623,63,0
9690.87572811,9690.87616686,1469.13368753,1469.12364325,0.05058589,3374.87116989,0.01998452,0.01998452,20622,63,0
9691.34542261,9691.34609595,1479.89964408,1479.88420629,0.05263694,3375.22348723,0.01998452,0.01998452,20621,63,0
9691.81654179,9691.81607063,1490.68278926,1490.69360730,0.05039807,3375.57554364,0.01998453,0.01998452,20620,63,0
9692.28554363,9692.28609090,1501.48163808,1501.46905676,0.05306468,3375.92463871,0.01998452,0.01998452,20619,63,0
9692.75613044,9692.75615677,1512.29414264,1512.29353679,0.05483485,3376.27345680,0.01998452,0.01998452,20618,63,0
9693.22644659,9693.22626824,1523.11859778,1523.12270641,0.04824413,3376.62055500,0.01998452,0.01998452,20617,63,0
9693.69622169,9693.69642533,1533.95578947,1533.95109267,0.05403818,3376.96575675,0.01998452,0.01998452,20616,63,0
9694.16695994,9694.16662804,1544.80757601,1544.81524112,0.05650556,3377.31021788,0.01998452,0.01998452,20615,63,0
9694.63643091,9694.63687638,1555.67570470,1555.66540165,0.05499742,3377.65235524,0.01998452,0.01998452,20614,63,0
9695.10736870,9695.10717036,1566.56030372,1566.56489739,0.05032402,3377.99415628,0.01998452,0.01998452,20613,63,0
9695.57787571,9695.57750997,1577.46038781,1577.46886929,0.04992236,3378.33420010,0.01998452,0.01998452,20612,63,0
9696.04863796,9696.04789523,1588.37497584,1588.39222007,0.05124238,3378.67294511,0.01998453,0.01998452,20611,63,0
9696.51874668,9696.51832614,1599.30390751,1599.31368353,0.05311302,3379.00972714,0.01998452,0.01998452,20610,63,0
9696.98863905,9696.98880272,1610.24787938,1610.24406967,0.05528907,3379.34487761,0.01998452,0.01998452,20609,63,0
9697.45973191,9697.45932496,1621.20762554,1621.21711112,0.04911159,3379.67941722,0.01998452,0.01998452,20608,63,0
9697.93051868,9697.92989287,1632.18343935,1632.19804598,0.05862619,3380.01227280,0.01998452,0.01998452,20607,63,0
9698.40062385,9698.40050647,1643.17493921,1643.17768256,0.05184110,3380.34316392,0.01998452,0.01998452,20606,63,0
9698.87222818,9698.87116575,1654.18168541,1654.20654694,0.05148257,3380.67360057,0.01998453,0.01998452,20605,63,0
9699.34280801,9699.34187073,1665.20354898,1665.22551038,0.05193116,3381.00180072,0.01998453,0.01998452,20604,63,0
9699.81249334,9699.81262140,1676.24108169,1676.23807703,0.04709663,3381.32787300,0.01998452,0.01998452,20603,63,0
9700.28410319,9700.28341778,1687.29492892,1687.31103306,0.04905039,3381.65378052,0.01998452,0.01998452,20602,63,0
9700.75550712,9700.75425988,1698.36545480,1698.39480052,0.05352556,3381.97804516,0.01998453,0.01998452,20601,63,0
9701.22548178,9701.22514770,1709.45215642,1709.46002742,0.04812937,3382.29981019,0.01998452,0.01998452,20600,63,0
9701.69624856,9701.69608124,1720.55436203,1720.55830903,0.05653219,3382.62057204,0.01998452,0.01998452,20599,63,0
9702.16781829,9702.16706052,1731.67161134,1731.68950953,0.05491285,3382.94030918,0.01998452,0.01998452,20598,63,0
9702.63859164,9702.63808554,1742.80433824,1742.81630805,0.04923556,3383.25794197,0.01998452,0.01998452,20597,63,0
9703.10907410,9703.10915630,1753.95321233,1753.95126560,0.04814838,3383.57382792,0.01998452,0.01998452,20596,63,0
9703.58039202,9703.58027282,1765.11880561,1765.12163275,0.05171252,3383.88872845,0.01998452,0.01998452,20595,63,0
9704.05160087,9704.05143510,1776.30113499,1776.30507196,0.05721386,3384.20200084,0.01998452,0.01998452,20594,63,0
9704.52225200,9704.52264314,1787.50002848,1787.49072596,0.04836872,3384.51333683,0.01998452,0.01998452,20593,63,0
9704.99368146,9704.99389696,1798.71531550,1798.71018324,0.05337992,3384.82360597,0.01998452,0.01998452,20592,63,0
9705.46468215,9705.46519656,1809.94684539,1809.93457825,0.05276024,3385.13199956,0.01998452,0.01998452,20591,63,0
9705.93586881,9705.93654195,1821.19447515,1821.17840153,0.04724672,3385.43890918,0.01998452,0.01998452,20590,63,0
9706.40764706,9706.40793313,1832.45810211,1832.45126210,0.05373465,3385.74458405,0.01998452,0.01998452,20589,63,0
9706.87844006,9706.87937011,1843.73797274,1843.71570471,0.05226819,3386.04800297,0.01998452,0.01998452,20588,63,0
9707.35059832,9707.35085289,1855.03451062,1855.02840695,0.05173294,3386.35068183,0.01998452,0.01998452,20587,63,0
9707.82373431,9707.82238149,1866.34814619,1866.38062842,0.04809554,3386.65236301,0.01998453,0.01998452,20586,63,0
9708.29447689,9708.29395592,1877.67933234,1877.69185982,0.05291444,3386.95090742,0.01998452,0.01998452,20585,63,0
9708.76642268,9708.76557616,1889.02853657,1889.04892281,0.05170550,3387.24860531,0.01998452,0.01998452,20584,63,0
9709.23722415,9709.23724224,1900.39614087,1900.39570454,0.04619509,3387.54397618,0.01998452,0.01998452,20583,63,0
9709.70893756,9709.70895416,1911.78152791,1911.78112676,0.05259980,3387.83828584,0.01998452,0.01998452,20582,63,0
9710.18111958,9710.18071193,1923.18344613,1923.19330484,0.04900955,3388.13120928,0.01998452,0.01998452,20581,63,0
9710.65215515,9710.65251555,1934.60076329,1934.59203626,0.05135375,3388.42171102,0.01998452,0.01998452,20580,63,0
9711.12513645,9711.12436504,1946.03403099,1946.05273606,0.05433711,3388.71169980,0.01998452,0.01998452,20579,63,0
9711.59590698,9711.59626039,1957.48492899,1957.47634673,0.05108910,3388.99866244,0.01998452,0.01998452,20578,63,0
9712.06787077,9712.06820161,1968.95501962,1968.94697240,0.05555655,3389.28470898,0.01998452,0.01998452,20577,63,0
9712.54002336,9712.54018871,1980.44398787,1980.43995992,0.04658774,3389.56920566,0.01998452,0.01998452,20576,63,0
9713.01235143,9713.01222170,1991.95023745,1991.95340188,0.05340221,3389.85209354,0.01998452,0.01998452,20575,63,0
9713.48374225,9713.48430058,2003.47225233,2003.45861674,0.04783899,3390.13266463,0.01998452,0.01998452,20574,63,0
9713.95636038,9713.95642537,2015.00994149,2015.00835234,0.05248540,3390.41219534,0.01998452,0.01998452,20573,63,0
9714.42796338,9714.42859606,2026.56416852,2026.54867593,0.04763956,3390.68937076,0.01998452,0.01998452,20572,63,0
9714.90359117,9714.90081267,0.00000000,2038.21434986,0.05776911,3390.96739553,0.01998453,0.01998452,20571,63,1
9715.37291481,9715.37307519,2049.72587036,2049.72193127,0.05428273,3391.23952363,0.01998452,0.01998452,20570,63,0
9715.84532162,9715.84538364,2061.33529534,2061.33376950,0.04698623,3391.51197408,0.01998452,0.01998452,20569,63,0
9716.31798047,9716.31773803,2072.96500124,2072.97097512,0.05057871,3391.78286005,0.01998452,0.01998452,20568,63,0
9716.79019038,9716.79013836,2084.61483899,2084.61612286,0.05032328,3392.05176676,0.01998452,0.01998452,20567,63,0
9717.26208645,9717.26258463,2096.28405189,2096.27173764,0.05037880,3392.31874752,0.01998452,0.01998452,20566,63,0
9717.73488445,9717.73507686,2107.97191836,2107.96715516,0.05372903,3392.58446039,0.01998452,0.01998452,20565,63,0
9718.20721468,9718.20761505,2119.67812967,2119.66820395,0.05285639,3392.84811644,0.01998452,0.01998452,20564,63,0
9718.68102102,9718.68019921,2131.40258521,2131.42298871,0.04905873,3393.11078311,0.01998452,0.01998452,20563,63,0
9719.15309823,9719.15282934,2143.14526483,2143.15195048,0.05066783,3393.37067494,0.01998452,0.01998452,20562,63,0
9719.62559188,9719.62550545,2154.90670227,2154.90885461,0.05071536,3393.62898283,0.01998452,0.01998452,20561,63,0
9720.09786093,9720.09822755,2166.68767093,2166.67852690,0.05624902,3393.88536212,0.01998452,0.01998452,20560,63,0
9720.57055759,9720.57099564,2178.48880632,2178.47786294,0.04748448,3394.14016908,0.01998452,0.01998452,20559,63,0
9721.04399332,9721.04380973,2190.30994973,2190.31454319,0.05362928,3394.39355083,0.01998452,0.01998452,20558,63,0
9721.51679199,9721.51666984,2202.15066814,2202.15372931,0.05321907,3394.64475052,0.01998452,0.01998452,20557,63,0
9721.99077694,9721.98957595,2214.01051243,2214.04065406,0.04674524,3394.89471384,0.01998452,0.01998452,20556,63,0
9722.46334889,9722.46252809,2225.88898125,2225.90961101,0.05289169,3395.14205086,0.01998452,0.01998452,20555,63,0
9722.93587679,9722.93552625,2237.78555585,2237.79437854,0.05032220,3395.38746630,0.01998452,0.01998452,20554,63,0
9723.40911831,9723.40857045,2249.70007571,2249.71388469,0.05087710,3395.63133688,0.01998452,0.01998452,20553,63,0
9723.88057757,9723.88166069,2261.63349701,2261.60615467,0.04904277,3395.87239271,0.01998452,0.01998452,20552,63,0
9724.35529547,9724.35479698,2273.58699765,2273.59960208,0.05332434,3396.11321586,0.01998452,0.01998452,20551,63,0
9724.82760974,9724.82797933,2285.56136659,2285.55200605,0.04483512,3396.35093367,0.01998452,0.01998452,20550,63,0
9725.30094936,9725.30120773,2297.55651906,2297.54996483,0.04884427,3396.58726744,0.01998452,0.01998452,20549,63,0
9725.77423316,9725.77448220,2309.57224900,2309.56592115,0.05167466,3396.82165640,0.01998452,0.01998452,20548,63,0
9726.24727329,9726.24780275,2321.60817769,2321.59470392,0.05006929,3397.05399110,0.01998452,0.01998452,20547,63,0
9726.72080312,9726.72116938,2333.66365980,2333.65432516,0.04941664,3397.28460717,0.01998452,0.01998452,20546,63,0
9727.19469780,9727.19458209,2345.73806532,2345.74101842,0.04988110,3397.51341620,0.01998452,0.01998452,20545,63,0
9727.66795393,9727.66804091,2357.83188185,2357.82965826,0.05254072,3397.73993445,0.01998452,0.01998452,20544,63,0
9728.14214144,9728.14154582,2369.94678713,2369.96203967,0.05248248,3397.96493220,0.01998452,0.01998452,20543,63,0
9728.61620745,9728.61509684,2382.08439862,2382.11289040,0.04801434,3398.18792306,0.01998452,0.01998452,20542,63,0
9729.08892972,9729.08869398,2394.24462231,2394.25068036,0.05299560,3398.40832715,0.01998452,0.01998452,20541,63,0
9729.56333181,9729.56233724,2406.42615924,2406.45175863,0.04728737,3398.62751662,0.01998452,0.01998452,20540,63,0
9730.03531847,9730.03602663,2418.62783118,2418.60957593,0.05245754,3398.84357185,0.01998452,0.01998452,20539,63,0
9730.51038118,9730.50976215,2430.84958438,2430.86556697,0.05087847,3399.05899061,0.01998452,0.01998452,20538,63,0
9730.98378286,9730.98354381,2443.09186018,2443.09804187,0.04788021,3399.27161261,0.01998452,0.01998452,20537,63,0
9731.45692356,9731.45737163,2455.35524559,2455.34363923,0.04940747,3399.48207810,0.01998452,0.01998452,20536,63,0
9731.93101224,9731.93124560,2467.64089819,2467.63484263,0.05106392,3399.69092858,0.01998452,0.01998452,20535,63,0
9732.40533391,9732.40516573,2479.95012624,2479.95449852,0.05432406,3399.89785126,0.01998452,0.01998452,20534,63,0
9732.87824575,9732.87913203,2492.28325956,2492.26017739,0.04786405,3400.10212964,0.01998452,0.01998452,20533,63,0
9733.35381573,9733.35314451,2504.63838412,2504.65589324,0.05217249,3400.30546842,0.01998452,0.01998452,20532,63,0
9733.82738587,9733.82720317,2517.01330217,2517.01807494,0.05113556,3400.50582431,0.01998452,0.01998452,20531,63,0
9734.30120656,9734.30130802,2529.40750278,2529.40484849,0.04856863,3400.70414245,0.01998452,0.01998452,20530,63,0
9734.77540473,9734.77545906,2541.82264721,2541.82122341,0.05442234,3400.90048747,0.01998452,0.01998452,20529,63,0
9735.24939886,9735.24965631,2554.26045022,2554.25369157,0.04864871,3401.09463270,0.01998452,0.01998452,20528,63,0
9735.72426069,9735.72389976,2566.72126826,2566.73075977,0.05038285,3401.28700576,0.01998452,0.01998452,20527,63,0
9736.19834478,9736.19818944,2579.20449381,2579.20858584,0.05161908,3401.47691770,0.01998452,0.01998452,20526,63,0
9736.67334580,9736.67252533,2591.70962226,2591.73127047,0.04644498,3401.66502665,0.01998452,0.01998452,20525,63,0
9737.14753305,9737.14690746,2604.23690070,2604.25343514,0.05255035,3401.85063822,0.01998452,0.01998452,20524,63,0
9737.62168180,9737.62133582,2616.78685287,2616.79601291,0.05282828,3402.03405728,0.01998452,0.01998452,20523,63,0
9738.09591213,9738.09581043,2629.36002343,2629.36272073,0.04842413,3402.21532539,0.01998452,0.01998452,20522,63,0
9738.57112718,9738.57033128,2641.95700391,2641.97815172,0.04968825,3402.39477602,0.01998452,0.01998452,20521,63,0
9739.04502276,9739.04489840,2654.57838727,2654.58169796,0.05002446,3402.57153654,0.01998452,0.01998452,20520,63,0
9739.52080838,9739.51951177,2667.22430852,2667.25888766,0.04719700,3402.74678844,0.01998452,0.01998452,20519,63,0
9739.99373906,9739.99417142,2679.89429638,2679.88274532,0.05574911,3402.91877084,0.01998452,0.01998452,20518,63,0
9740.46859368,9740.46887734,2692.58789416,2692.58030219,0.04984113,3403.08920881,0.01998452,0.01998452,20517,63,0
9740.94455303,9740.94362955,2705.30531892,2705.33007912,0.05218670,3403.25777661,0.01998452,0.01998452,20516,63,0
9741.41892993,9741.41842805,2718.04721382,2718.06069509,0.05196242,3403.42352111,0.01998452,0.01998452,20515,63,0
9741.89365207,9741.89327285,2730.81396111,2730.82416626,0.05223893,3403.58711599,0.01998452,0.01998452,20514,63,0
9742.36827059,9742.36816395,2743.60476257,2743.60763740,0.04793194,3403.74838107,0.01998452,0.01998452,20513,63,0
9742.84261802,9742.84310136,2756.41850151,2756.40545046,0.04955016,3403.90723517,0.01998452,0.01998452,20512,63,0
9743.31816067,9743.31808508,2769.25497374,2769.25701827,0.05103269,3404.06414745,0.01998452,0.01998452,20511,63,0
9743.79326204,9743.79311514,2782.11561258,2782.11959347,0.05150254,3404.21857689,0.01998452,0.01998452,20510,63,0
9744.26871148,9744.26819152,2795.00196011,2795.01607768,0.04833075,3404.37078542,0.01998452,0.01998452,20509,63,0
9744.74304027,9744.74331424,2807.91447617,2807.90702322,0.05243589,3404.52029946,0.01998452,0.01998452,20508,63,0
9745.21844974,9745.21848331,2820.85279324,2820.85187831,0.05359505,3404.66779440,0.01998452,0.01998452,20507,63,0
9745.69417041,9745.69369873,2833.81656607,2833.82944551,0.04934187,3404.81300284,0.01998452,0.01998452,20506,63,0
9746.16943008,9746.16896051,2846.80567008,2846.81851574,0.04918099,3404.95567462,0.01998452,0.01998452,20505,63,0
9746.64382102,9746.64426865,2859.82004358,2859.80777586,0.04929558,3405.09568258,0.01998452,0.01998452,20504,63,0
9747.12021899,9747.11962316,2872.85946534,2872.87582404,0.04842845,3405.23385034,0.01998452,0.01998452,20503,63,0
9747.59453882,9747.59502405,2885.92343758,2885.91009166,0.05233133,3405.36897456,0.01998452,0.01998452,20502,63,0
9748.07017856,9748.07047133,2899.01153203,2899.00346548,0.05005988,3405.50201114,0.01998452,0.01998452,20501,63,0
9748.54659133,9748.54596500,2912.12455099,2912.14184003,0.05128853,3405.63278530,0.01998452,0.01998452,20500,63,0
9749.02016766,9749.02150507,2925.26412353,2925.22713265,0.05322560,3405.76032407,0.01998452,0.01998452,20499,63,0
9749.49792632,9749.49709155,2938.43138507,2938.45451973,0.04540500,3405.88650290,0.01998452,0.01998452,20498,63,0
9749.97371040,9749.97272444,2951.62558534,2951.65296217,0.04971208,3406.00965581,0.01998452,0.01998452,20497,63,0
9750.44871339,9750.44840374,2964.84557166,2964.85418520,0.04997463,3406.13008786,0.01998452,0.01998452,20496,63,0
9750.92360938,9750.92412948,2978.09132030,2978.07682533,0.05348546,3406.24796236,0.01998452,0.01998452,20495,63,0
9751.39922931,9751.39990164,2991.36419282,2991.34541758,0.04880664,3406.36347787,0.01998452,0.01998452,20494,63,0
9751.87607521,9751.87572025,3004.66546260,3004.67539556,0.04948105,3406.47673597,0.01998452,0.01998452,20493,63,0
9752.35074465,9752.35158530,3017.99516443,3017.97159294,0.04925302,3406.58692034,0.01998452,0.01998452,20492,63,0
9752.82784549,9752.82749681,3031.35282221,3031.36261839,0.04303006,3406.69507845,0.01998452,0.01998452,20491,63,0
9753.30343634,9753.30345478,3044.73835168,3044.73783257,0.05273952,3406.80029273,0.01998452,0.01998452,20490,63,0
9753.78007757,9753.77945921,3058.15244295,3058.16988672,0.05025451,3406.90312267,0.01998452,0.01998452,20489,63,0
9754.25565762,9754.25551012,3071.59573244,3071.59990206,0.05220548,3407.00310117,0.01998452,0.01998452,20488,63,0
9754.73077992,9754.73160750,3085.06720939,3085.04377024,0.05387143,3407.10034378,0.01998452,0.01998452,20487,63,0
9755.20721698,9755.20775138,3098.56482868,3098.54966654,0.04977104,3407.19517592,0.01998452,0.01998452,20486,63,0
9755.68440849,9755.68394175,3112.08770871,3112.10097558,0.04752880,3407.28744778,0.01998452,0.01998452,20485,63,0
9756.16038579,9756.16017862,3125.63824894,3125.64414984,0.05112414,3407.37678392,0.01998452,0.01998452,20484,63,0
9756.63642074,9756.63646200,3139.21928125,3139.21810342,0.04717447,3407.46343488,0.01998452,0.01998452,20483,63,0
9757.11321264,9757.11279189,3152.83124965,3152.84328588,0.04539692,3407.54750607,0.01998452,0.01998452,20482,63,0
9757.58817492,9757.58916830,3166.47268013,3166.44420565,0.05175730,3407.62852417,0.01998452,0.01998452,20481,63,0
9758.06570858,9758.06559125,3180.14257542,3180.14594539,0.04544261,3407.70721083,0.01998452,0.01998452,20480,63,0
9758.54227116,9758.54206072,3193.84174933,3193.84780599,0.04842864,3407.78295647,0.01998452,0.01998452,20479,63,0
9759.01810139,9759.01857674,3207.57134449,3207.55763382,0.04826362,3407.85580302,0.01998452,0.01998452,20478,63,0
9759.49550471,9759.49513931,3221.33141499,3221.34197637,0.04752447,3407.92607865,0.01998452,0.01998452,20477,63,0
9759.97104000,9759.97174844,3235.12104459,3235.10052725,0.04611687,3407.99325746,0.01998452,0.01998452,20476,63,0
9760.44777068,9760.44840412,3248.93971112,3248.92132848,0.05211263,3408.05775875,0.01998452,0.01998452,20475,63,0
9760.92583704,9760.92510638,3262.78840004,3262.80964938,0.05338305,3408.11956626,0.01998452,0.01998452,20474,63,0
9761.40139090,9761.40185521,3276.66838813,3276.65485563,0.05578376,3408.17818098,0.01998452,0.01998452,20473,63,0
9761.87858347,9761.87865062,3290.58014987,3290.57818832,0.05419035,3408.23410607,0.01998452,0.01998452,20472,63,0
9762.35474813,9762.35549262,3304.52347297,3304.50167995,0.04856889,3408.28700419,0.01998452,0.01998452,20471,63,0
9762.83197339,9762.83238122,3318.49814194,3318.48617814,0.04787861,3408.33708784,0.01998452,0.01998452,20470,63,0
9763.30974221,9763.30931643,3332.50400443,3332.51652130,0.05089786,3408.38426912,0.01998452,0.01998452,20469,63,0
9763.78596701,9763.78629824,3346.54098644,3346.53122838,0.05178412,3408.42833273,0.01998452,0.01998452,20468,63,0
9764.26315125,9764.26332667,3360.60990817,3360.60472881,0.04697212,3408.46949992,0.01998452,0.01998452,20467,63,0
9764.74048463,9764.74040172,3374.71222806,3374.71468150,0.04599069,3408.50767542,0.01998452,0.01998452,20466,63,0
9765.21668316,9765.21752341,3388.84869158,3388.82376800,0.05159763,3408.54274798,0.01998452,0.01998452,20465,63,0
9765.69406262,9765.69469173,3403.01833956,3402.99963759,0.05147036,3408.57486547,0.01998452,0.01998452,20464,63,0
9766.17085063,9766.17190670,3417.22009494,3417.18863289,0.04337851,3408.60388137,0.01998451,0.01998452,20463,63,0
9766.64882984,9766.64916831,3431.45401686,3431.44391104,0.04840109,3408.62987959,0.01998452,0.01998452,20462,63,0
9767.12645282,9767.12647659,3445.72074565,3445.72003440,0.05096960,3408.65274984,0.01998452,0.01998452,20461,63,0
9767.60328503,9767.60383153,3460.02099756,3460.00460723,0.04635338,3408.67246409,0.01998452,0.01998452,20460,63,0
9768.08161063,9768.08123314,3474.35559419,3474.36694198,0.04450936,3408.68909083,0.01998452,0.01998452,20459,63,0
9768.55917521,9768.55868143,3488.72514872,3488.74002719,0.04581256,3408.70252453,0.01998452,0.01998452,20458,63,0
9769.03635654,9769.03617640,3503.12918277,3503.13462271,0.04686031,3408.71276609,0.01998452,0.01998452,20457,63,0
9769.51269932,9769.51371807,3517.56687799,3517.53604407,0.05257612,3408.71979724,0.01998452,0.01998452,20456,63,0
9769.99164586,9769.99130644,3532.03739167,3532.04768693,0.04765054,3408.72363083,0.01998452,0.01998452,20455,63,0
9770.47024034,9770.46894151,3546.53986236,3546.57933983,0.04910230,3408.72420093,0.01998452,0.01998452,20454,63,0
9770.94673173,9770.94662329,3561.07485559,3561.07815888,0.05092780,3408.72151152,0.01998452,0.01998452,20453,63,0
9771.42387218,9771.42435180,3575.64644015,3575.63179161,0.04967968,3408.71554069,0.01998452,0.01998452,20452,63,0
9771.90302863,9771.90212703,3590.25841468,3590.28602489,0.04485655,3408.70621892,0.01998452,0.01998452,20451,63,0
9772.37980310,9772.37994899,3604.90850526,3604.90402712,0.04437528,3408.69361324,0.01998452,0.01998452,20450,63,0
9772.85783682,9772.85781770,3619.59189456,3619.59248271,0.05340362,3408.67762191,0.01998452,0.01998452,20449,63,0
9773.33526569,9773.33573315,3634.30882468,3634.29441219,0.04690800,3408.65828029,0.01998451,0.01998452,20448,63,0
9773.81350098,9773.81369535,3649.06527978,3649.05927014,0.04881067,3408.63549920,0.01998452,0.01998452,20447,63,0
9774.29125534,9774.29170432,3663.86483401,3663.85091495,0.04567072,3408.60930573,0.01998451,0.01998452,20446,63,0
9774.76883865,9774.76976005,3678.70331235,3678.67468028,0.04384240,3408.57967223,0.01998451,0.01998452,20445,63,0
9775.24762058,9775.24786256,3693.57598599,3693.56845023,0.05167453,3408.54648996,0.01998452,0.01998452,20444,63,0
9775.72539865,9775.72601184,3708.48439512,3708.46525225,0.04641736,3408.50988508,0.01998452,0.01998452,20443,63,0
9776.20279459,9776.20420792,3723.43279658,3723.38855679,0.04929190,3408.46979182,0.01998451,0.01998452,20442,63,0
9776.68123223,9776.68245079,3738.42194650,3738.38370663,0.04727578,3408.42605655,0.01998451,0.01998452,20441,63,0
9777.16055587,9777.16074046,3753.44895560,3753.44314937,0.04593143,3408.37865637,0.01998452,0.01998452,20440,63,0
9777.63874919,9777.63907695,3768.51203631,3768.50170294,0.04369110,3408.32777666,0.01998452,0.01998452,20439,63,0
9778.11676415,9778.11746024,3783.61233302,3783.59033390,0.05089485,3408.27330484,0.01998452,0.01998452,20438,63,0
9778.59533288,9778.59589036,3798.75127720,3798.73361491,0.04884940,3408.21512501,0.01998452,0.01998452,20437,63,0
9779.07416719,9779.07436731,3813.92962251,3813.92326609,0.05107939,3408.15323607,0.01998452,0.01998452,20436,63,0
9779.55186926,9779.55289110,3829.14787755,3829.11533944,0.04522956,3408.08780236,0.01998451,0.01998452,20435,63,0
9780.03064554,9780.03146172,3844.40617499,3844.38011975,0.04012439,3408.01849723,0.01998451,0.01998452,20434,63,0
9780.51017659,9780.51007920,3859.70442223,3859.70753902,0.04990032,3407.94532137,0.01998452,0.01998452,20433,63,0
9780.98868797,9780.98874354,3875.04389987,3875.04211688,0.04652142,3407.86851755,0.01998452,0.01998452,20432,63,0
9781.46755654,9781.46745474,3890.42773347,3890.43100968,0.04162402,3407.78783041,0.01998452,0.01998452,20431,63,0
9781.94616720,9781.94621280,3905.85728436,3905.85581253,0.05281755,3407.70332715,0.01998452,0.01998452,20430,63,0
9782.42510719,9782.42501775,3921.32897285,3921.33186652,0.04395450,3407.61489546,0.01998452,0.01998452,20429,63,0
9782.90398168,9782.90386958,3936.83982368,3936.84345936,0.05124447,3407.52259698,0.01998452,0.01998452,20428,63,0
9783.38229038,9783.38276830,3952.39407190,3952.37852618,0.04646815,3407.42648519,0.01998451,0.01998452,20427,63,0
9783.86179649,9783.86171392,3967.99736932,3968.00006322,0.05179176,3407.32613394,0.01998452,0.01998452,20426,63,0
9784.34115382,9784.34070645,3983.64625940,3983.66089320,0.05878149,3407.22180417,0.01998452,0.01998452,20425,63,0
9784.81995059,9784.81974588,3999.33238710,3999.33909754,0.05240556,3407.11362441,0.01998452,0.01998452,20424,63,0
9785.29920006,9785.29883224,4015.05670400,4015.06879319,0.04625326,3407.00133742,0.01998452,0.01998452,20423,63,0
9785.77770966,9785.77796552,4030.82932694,4030.82089029,0.05042865,3406.88512720,0.01998451,0.01998452,20422,63,0
9786.25668907,9786.25714573,4046.65420333,4046.63909998,0.04692060,3406.76464238,0.01998451,0.01998452,20421,63,0
9786.73680319,9786.73637288,4062.52466481,4062.53893268,0.04638408,3406.63971458,0.01998452,0.01998452,20420,63,0
9787.21503864,9787.21564698,4078.43582250,4078.41560081,0.05085080,3406.51114901,0.01998451,0.01998452,20419,63,0
nan,nan,0.00000000,-1.00000000,0.00000000,3406.38124082,nan,0.00000000,-2147483648,63,1
nan,nan,0.00000000,-1.00000000,0.00000000,3421.53359357,nan,0.00000000,-2147483648,62,1
9777.15084702,nan,0.00000000,12.92059182,0.08852115,3422.03460313,0.01998450,0.01998452,20440,62,1
9777.63935818,9777.63907695,22.38010478,22.38554555,0.04607893,3422.56483343,0.01998452,0.01998452,20439,62,0
9778.11605727,9778.11746024,31.63914090,31.61197386,0.04421938,3423.08036096,0.01998452,0.01998452,20438,62,0
9778.59518027,9778.59589036,40.90784090,40.89407782,0.05589748,3423.59766374,0.01998452,0.01998452,20437,62,0
9779.07316851,9779.07436731,50.18596465,50.16270859,0.05044266,3424.11287866,0.01998452,0.01998452,20436,62,0
9779.55310184,9779.55289110,59.47299475,59.47708646,0.04762031,3424.62929037,0.01998452,0.01998452,20435,62,0
9780.02968723,9780.03146172,68.76840538,68.73392563,0.05059774,3425.14117476,0.01998452,0.01998452,20434,62,0
9780.50975624,9780.51007920,78.07182602,78.06554570,0.05346847,3425.65584486,0.01998452,0.01998452,20433,62,0
9780.98934207,9780.98874354,87.38364119,87.39528987,0.04640570,3426.16905670,0.01998452,0.01998452,20432,62,0
9781.46698031,9781.46745474,96.70446374,96.69522219,0.05210990,3426.67928023,0.01998452,0.01998452,20431,62,0
9781.94553052,9781.94621280,106.03490826,106.02160477,0.05294827,3427.18960267,0.01998452,0.01998452,20430,62,0
9782.42554234,9782.42501775,115.37535393,115.38559255,0.04920288,3427.70062020,0.01998452,0.01998452,20429,62,0
9782.90286227,9782.90386958,124.72571563,124.70603687,0.06255251,3428.20790537,0.01998452,0.01998452,20428,62,0
9783.38341151,9783.38276830,134.08585378,134.09843124,0.04931512,3428.71773772,0.01998452,0.01998452,20427,62,0
9783.86187916,9783.86171392,143.45562533,143.45885939,0.05684597,3429.22446756,0.01998452,0.01998452,20426,62,0
9784.34125414,9784.34070645,152.83484225,152.84557154,0.05174675,3429.73124928,0.01998452,0.01998452,20425,62,0
9784.82040493,9784.81974588,162.22327859,162.23620057,0.05223550,3430.23686844,0.01998452,0.01998452,20424,62,0
9785.29845372,9785.29883224,171.62070583,171.61327805,0.05183505,3430.74038637,0.01998452,0.01998452,20423,62,0
9785.77789554,9785.77796552,181.02699402,181.02561970,0.05054992,3431.24441932,0.01998452,0.01998452,20422,62,0
9786.25737630,9786.25714573,190.44254600,190.44707869,0.04889790,3431.74755711,0.01998452,0.01998452,20421,62,0
9786.73679475,9786.73637288,199.86794448,199.87624589,0.04908269,3432.24972056,0.01998452,0.01998452,20420,62,0
9787.21622087,9787.21564698,209.30377260,209.31507710,0.05072494,3432.75100976,0.01998452,0.01998452,20419,62,0
9787.69423708,9787.69496804,218.75024027,218.73582734,0.05585871,3433.24995283,0.01998451,0.01998452,20418,62,0
9788.17321331,9788.17433605,228.20683188,228.18467322,0.05059199,3433.74899293,0.01998451,0.01998452,20417,62,0
9788.65471229,9788.65375103,237.67294583,237.69193442,0.05703911,3434.24971202,0.01998452,0.01998452,20416,62,0
9789.13238144,9789.13321298,247.14801855,247.13157884,0.04828416,3434.74547417,0.01998451,0.01998452,20415,62,0
9789.61275671,9789.61272191,256.63207326,256.63276175,0.04928469,3435.24306362,0.01998452,0.01998452,20414,62,0
9790.09257637,9790.09227783,266.12557070,266.13148335,0.04911388,3435.73911528,0.01998452,0.01998452,20413,62,0
9790.57173311,9790.57188075,275.62898477,275.62605786,0.05295061,3436.23354237,0.01998452,0.01998452,20412,62,0
9791.05162631,9791.05153067,285.14270945,285.14460737,0.05123141,3436.72780468,0.01998452,0.01998452,20411,62,0
9791.53087451,9791.53122759,294.66679984,294.65978612,0.05298682,3437.22047744,0.01998451,0.01998452,20410,62,0
9792.01107289,9792.01097153,304.20122345,304.20323881,0.05127439,3437.71319336,0.01998452,0.01998452,20409,62,0
9792.49067676,9792.49076250,313.74594838,313.74424185,0.05628860,3438.20436023,0.01998451,0.01998452,20408,62,0
9792.97048765,9792.97060049,323.30098000,323.29873197,0.05169103,3438.69479576,0.01998451,0.01998452,20407,62,0
9793.45185224,9793.45048552,332.86637507,332.89363100,0.05249350,3439.18586956,0.01998452,0.01998452,20406,62,0
9793.93100098,9793.93041759,342.44219442,342.45384034,0.05224055,3439.67373653,0.01998452,0.01998452,20405,62,0
9794.41112571,9794.41039671,352.02847440,352.04304135,0.04629307,3440.16164744,0.01998452,0.01998451,20404,62,0
9794.88976181,9794.89042289,361.62505735,361.61183484,0.04572466,3440.64708667,0.01998451,0.01998451,20403,62,0
9795.37102859,9795.37049613,371.23169297,371.24235296,0.05199837,3441.13421137,0.01998452,0.01998451,20402,62,0
9795.85100630,9795.85061644,380.84812955,380.85594168,0.04648493,3441.61903282,0.01998452,0.01998451,20401,62,0
9796.33064020,9796.33078383,390.47427194,390.47139109,0.04595678,3442.10250178,0.01998452,0.01998451,20400,62,0
9796.81187268,9796.81099831,400.11037890,400.12793281,0.05941352,3442.58658094,0.01998452,0.01998451,20399,62,0
9797.29008458,9797.29125987,409.75675906,409.73314095,0.05566108,3443.06663910,0.01998451,0.01998451,20398,62,0
9797.77127542,9797.77156853,419.41370801,419.40781178,0.04858969,3443.54870922,0.01998451,0.01998451,20397,62,0
9798.25199817,9798.25192430,429.08132263,429.08281008,0.04617582,3444.02933040,0.01998452,0.01998451,20396,62,0
9798.73186943,9798.73232718,438.75955708,438.75033052,0.04896287,3444.50811631,0.01998451,0.01998451,20395,62,0
9799.21308979,9799.21277718,448.44836208,448.45466923,0.05199379,3444.98725383,0.01998452,0.01998451,20394,62,0
9799.69389002,9799.69327431,458.14770102,458.16013600,0.05430368,3445.46497198,0.01998452,0.01998451,20393,62,0
9800.17270522,9800.17381857,467.85757903,467.83507160,0.05553979,3445.93971891,0.01998451,0.01998451,20392,62,0
9800.65415239,9800.65440997,477.57800970,477.57279744,0.04532450,3446.41606634,0.01998452,0.01998451,20391,62,0
9801.13424430,9801.13504851,487.30899760,487.29270756,0.05547738,3446.89006072,0.01998451,0.01998451,20390,62,0
9801.61529092,9801.61573421,497.05036531,497.04137756,0.04710178,3447.36397062,0.01998451,0.01998451,20389,62,0
9802.09570563,9802.09646707,506.80176543,506.78631310,0.05099834,3447.83621046,0.01998451,0.01998451,20388,62,0
9802.57675551,9802.57724710,516.56284188,516.55285704,0.05170821,3448.30800407,0.01998451,0.01998451,20387,62,0
9803.05930910,9803.05807430,526.33347215,526.35857546,0.07037628,3448.78018583,0.01998452,0.01998451,20386,62,0
9803.53942229,9803.53894868,536.11447714,536.12411520,0.05650073,3449.24893463,0.01998452,0.01998451,20385,62,0
9804.02048068,9804.01987026,545.90691934,545.91935572,0.04390819,3449.71760692,0.01998452,0.01998451,20384,62,0
9804.50079076,9804.50083902,555.71182384,555.71083933,0.04874002,3450.18459567,0.01998451,0.01998451,20383,62,0
9804.98148185,9804.98185499,565.52912356,565.52150383,0.04812092,3450.65099110,0.01998451,0.01998451,20382,62,0
9805.46379328,9805.46291817,575.35760546,575.37549317,0.04849791,3451.11792639,0.01998452,0.01998451,20381,62,0
9805.94358028,9805.94402857,585.19599483,585.18682400,0.05485203,3451.58132682,0.01998451,0.01998451,20380,62,0
9806.42547507,9806.42518618,595.04340992,595.04932493,0.05562994,3452.04562185,0.01998452,0.01998451,20379,62,0
9806.90578866,9806.90639103,604.90065724,604.88831183,0.05458607,3452.50728901,0.01998451,0.01998451,20378,62,0
9807.38820387,9807.38764312,614.76899551,614.78050039,0.04840167,3452.96992086,0.01998452,0.01998451,20377,62,0
9807.86860035,9807.86894244,624.64964429,624.64261727,0.05040247,3453.42961738,0.01998451,0.01998451,20376,62,0
9808.35002522,9808.35028902,634.54270554,634.53728059,0.04989062,3453.88929657,0.01998451,0.01998451,20375,62,0
9808.83130891,9808.83168286,644.44713730,644.43943971,0.04746503,3454.34778513,0.01998451,0.01998451,20374,62,0
9809.31313786,9809.31312396,654.36183931,654.36212553,0.05241940,3454.80567970,0.01998451,0.01998451,20373,62,0
9809.79410353,9809.79461234,664.28612241,664.27563031,0.05189785,3455.26160653,0.01998451,0.01998451,20372,62,0
9810.27630141,9810.27614799,674.22087468,674.22404157,0.05428445,3455.71758703,0.01998451,0.01998451,20371,62,0
9810.75783486,9810.75773093,684.16736386,684.16951159,0.05605020,3456.17187880,0.01998451,0.01998451,20370,62,0
9811.23866103,9811.23936116,694.12679403,694.11230746,0.05607045,3456.62449517,0.01998451,0.01998451,20369,62,0
9811.72174781,9811.72103869,704.09909196,704.11378111,0.05385767,3457.07821568,0.01998452,0.01998451,20368,62,0
9812.20428596,9812.20276353,714.08307804,714.11464689,0.06092304,3457.53033695,0.01998452,0.01998451,20367,62,0
9812.68467718,9812.68453568,724.07752896,724.08046564,0.05951362,3457.97931028,0.01998451,0.01998451,20366,62,0
9813.16705866,9813.16635515,734.08173047,734.09634442,0.05707403,3458.42896614,0.01998451,0.01998451,20365,62,0
9813.64841615,9813.64822195,744.09645654,744.10049469,0.05672232,3458.87652135,0.01998451,0.01998451,20364,62,0
9814.13134356,9814.13013609,754.12275410,754.14788988,0.05228884,3459.32442764,0.01998452,0.01998451,20363,62,0
9814.61200500,9814.61209756,764.16159746,764.15966834,0.05650805,3459.76916743,0.01998451,0.01998451,20362,62,0
9815.09431760,9815.09410638,774.21307044,774.21747738,0.05054582,3460.21436499,0.01998451,0.01998451,20361,62,0
9815.57667419,9815.57616256,784.27669282,784.28737960,0.05029254,3460.65850417,0.01998451,0.01998451,20360,62,0
9816.05851005,9816.05826610,794.35197430,794.35707497,0.04994520,3461.10103947,0.01998451,0.01998451,20359,62,0
9816.54010636,9816.54041702,804.43866152,804.43215922,0.05335791,3461.54221541,0.01998451,0.01998451,20358,62,0
9817.02245606,9817.02261530,814.53695910,814.53362246,0.05337534,3461.98294339,0.01998451,0.01998451,20357,62,0
9817.50493220,9817.50486097,824.64712488,824.64861897,0.04772400,3462.42265328,0.01998451,0.01998451,20356,62,0
9817.98711238,9817.98715403,834.76938841,834.76851384,0.04600214,3462.86096514,0.01998451,0.01998451,20355,62,0
9818.46991082,9818.46949449,844.90379044,844.91254265,0.05425309,3463.29870499,0.01998451,0.01998451,20354,62,0
9818.95240825,9818.95188235,855.05029767,855.06136552,0.05593151,3463.73503120,0.01998451,0.01998451,20353,62,0
9819.43487148,9819.43431763,865.20888636,865.22055528,0.05402938,3464.17017954,0.01998451,0.01998451,20352,62,0
9819.91579015,9819.91680032,875.37981902,875.35851203,0.05077874,3464.60279895,0.01998451,0.01998451,20351,62,0
9820.39831005,9820.39933043,885.56368168,885.54213340,0.04732148,3465.03573814,0.01998451,0.01998451,20350,62,0
9820.88127475,9820.88190798,895.76108145,895.74769216,0.04701340,3465.46797199,0.01998451,0.01998451,20349,62,0
9821.36431032,9821.36453297,905.97224061,905.96752718,0.05105335,3465.89916714,0.01998451,0.01998451,20348,62,0
9821.84748251,9821.84720540,916.19614226,916.20201510,0.04916153,3466.32933235,0.01998451,0.01998451,20347,62,0
9822.32875503,9822.32992529,926.43151541,926.40669010,0.04797779,3466.75660218,0.01998451,0.01998451,20346,62,0
9822.81281739,9822.81269264,936.67723729,936.67988614,0.05271315,3467.18508436,0.01998451,0.01998451,20345,62,0
9823.29545582,9823.29550745,946.93374693,946.93264952,0.06025745,3467.61105694,0.01998451,0.01998451,20344,62,0
9823.77746676,9823.77836974,957.20238814,957.18317396,0.05243972,3468.03528119,0.01998451,0.01998451,20343,62,0
9824.26138041,9824.26127951,967.48450663,967.48665626,0.05100521,3468.46002898,0.01998451,0.01998451,20342,62,0
9824.74425897,9824.74423677,977.78052054,977.78099416,0.05586791,3468.88272945,0.01998451,0.01998451,20341,62,0
9825.22725623,9825.22724152,988.08948878,988.08980293,0.04917190,3469.30435082,0.01998451,0.01998451,20340,62,0
9825.70977958,9825.71029378,998.41035613,998.39936448,0.04789613,3469.72432818,0.01998451,0.01998451,20339,62,0
9826.19330890,9826.19339354,1008.74239082,1008.74057975,0.04925746,3470.14391230,0.01998451,0.01998451,20338,62,0
9826.67664539,9826.67654082,1019.08610797,1019.08834784,0.05100941,3470.56207525,0.01998451,0.01998451,20337,62,0
9827.15964159,9827.15973562,1029.44232236,1029.44030586,0.04824704,3470.97871878,0.01998451,0.01998451,20336,62,0
9827.64375122,9827.64297796,1039.81178285,1039.82838553,0.04939492,3471.39511806,0.01998451,0.01998451,20335,62,0
9828.12690898,9828.12626783,1050.19448446,1050.20826652,0.05503126,3471.80948954,0.01998451,0.01998451,20334,62,0
9828.60954049,9828.60960524,1060.58996621,1060.58857266,0.04668022,3472.22217928,0.01998451,0.01998451,20333,62,0
9829.09204894,9829.09299021,1070.99776384,1070.97748650,0.05686138,3472.63351024,0.01998451,0.01998451,20332,62,0
9829.57594608,9829.57642274,1081.41768653,1081.40740711,0.05436698,3473.04475286,0.01998451,0.01998451,20331,62,0
9830.05908404,9830.05990283,1091.84991932,1091.83224248,0.05389576,3473.45408080,0.01998451,0.01998451,20330,62,0
9830.54285451,9830.54343049,1102.29467569,1102.28222698,0.04135535,3473.86267612,0.01998451,0.01998451,20329,62,0
9831.02718989,9831.02700573,1112.75229734,1112.75628234,0.05633848,3474.27048437,0.01998451,0.01998451,20328,62,0
9831.51070905,9831.51062856,1123.22352301,1123.22526702,0.05463764,3474.67636609,0.01998451,0.01998451,20327,62,0
9831.99573033,9831.99429898,1133.70917357,1133.74022508,0.04812772,3475.08228999,0.01998451,0.01998451,20326,62,0
9832.47807338,9832.47801700,1144.20989511,1144.21111980,0.05528190,3475.48477966,0.01998451,0.01998451,20325,62,0
9832.96104368,9832.96178263,1154.72499934,1154.70892822,0.04392860,3475.88656750,0.01998451,0.01998451,20324,62,0
9833.44636683,9833.44559587,1165.25319151,1165.26997717,0.04919089,3476.28902135,0.01998451,0.01998451,20323,62,0
9833.92935570,9833.92945673,1175.79323131,1175.79102940,0.04404647,3476.68820118,0.01998451,0.01998451,20322,62,0
9834.41316149,9834.41336523,1186.34522454,1186.34077942,0.04609595,3477.08671606,0.01998451,0.01998451,20321,62,0
9834.89810173,9834.89732135,1196.91053600,1196.92758313,0.05426431,3477.48486508,0.01998451,0.01998451,20320,62,0
9835.38143448,9835.38132512,1207.49058065,1207.49297275,0.05127801,3477.88044537,0.01998451,0.01998451,20319,62,0
9835.86625820,9835.86537654,1218.08600790,1218.10531926,0.05862917,3478.27601030,0.01998451,0.01998451,20318,62,0
9836.34944327,9836.34947562,1228.69605000,1228.69534053,0.05546751,3478.66897117,0.01998451,0.01998451,20317,62,0
9836.83350664,9836.83362236,1239.31978117,1239.31724035,0.04938190,3479.06133680,0.01998451,0.01998451,20316,62,0
9837.31830581,9837.31781677,1249.95653503,1249.96728425,0.05246159,3479.45295404,0.01998451,0.01998451,20315,62,0
9837.80204077,9837.80205886,1260.60662130,1260.60622313,0.05130266,3479.84237526,0.01998451,0.01998451,20314,62,0
9838.28694435,9838.28634863,1271.27057776,1271.28370345,0.04930538,3480.23141066,0.01998451,0.01998451,20313,62,0
9838.77120584,9838.77068610,1281.94888613,1281.96035229,0.05350007,3480.61861606,0.01998451,0.01998451,20312,62,0
9839.25491393,9839.25507126,1292.64158370,1292.63810857,0.04560236,3481.00406163,0.01998451,0.01998451,20311,62,0
9839.73969082,9839.73950413,1303.34850586,1303.35263445,0.05017163,3481.38902501,0.01998451,0.01998451,20310,62,0
9840.22282844,9840.22398471,1314.06948388,1314.04388159,0.06025235,3481.77134520,0.01998451,0.01998451,20309,62,0
9840.70817542,9840.70851302,1324.80431965,1324.79683564,0.05156892,3482.15405147,0.01998451,0.01998451,20308,62,0
9841.19308751,9841.19308905,1335.55279073,1335.55275676,0.05075483,3482.53503668,0.01998451,0.01998451,20307,62,0
9841.67825112,9841.67771281,1346.31468170,1346.32664274,0.05039817,3482.91482664,0.01998451,0.01998451,20306,62,0
9842.16138013,9842.16238431,1357.09019465,1357.06785555,0.05063087,3483.29164000,0.01998451,0.01998451,20305,62,0
9842.64669677,9842.64710356,1367.88010999,1367.87104887,0.05576577,3483.66878973,0.01998451,0.01998451,20304,62,0
9843.13164589,9843.13187057,1378.68525446,1378.68024294,0.05594469,3484.04430409,0.01998451,0.01998451,20303,62,0
9843.61680323,9843.61668534,1389.50604435,1389.50867728,0.04781555,3484.41863648,0.01998451,0.01998451,20302,62,0
9844.10065898,9844.10154788,1400.34193977,1400.32206178,0.05081962,3484.79060036,0.01998451,0.01998451,20301,62,0
9844.58683258,9844.58645820,1411.19226201,1411.20064423,0.04934675,3485.16294318,0.01998451,0.01998451,20300,62,0
9845.07077348,9845.07141629,1422.05646143,1422.04205255,0.05271933,3485.53215377,0.01998451,0.01998451,20299,62,0
9845.55593344,9845.55642218,1432.93450128,1432.92353302,0.05046478,3485.90086198,0.01998451,0.01998451,20298,62,0
9846.04137466,9846.04147587,1443.82646866,1443.82419455,0.05047279,3486.26834461,0.01998451,0.01998451,20297,62,0
9846.52688192,9846.52657736,1454.73258156,1454.73943291,0.05066776,3486.63443766,0.01998451,0.01998451,20296,62,0
9847.01184390,9847.01172666,1465.65387807,1465.65651895,0.05325911,3486.99870989,0.01998451,0.01998451,20295,62,0
9847.49750330,9847.49692378,1476.59172185,1476.60479577,0.05395666,3487.36213177,0.01998451,0.01998451,20294,62,0
9847.98243662,9847.98216873,1487.54728447,1487.55333728,0.05285661,3487.72366854,0.01998451,0.01998451,20293,62,0
9848.46722139,9848.46746151,1498.51966317,1498.51423049,0.05175529,3488.08371599,0.01998451,0.01998451,20292,62,0
9848.95330454,9848.95280213,1509.50672735,1509.51810705,0.05107410,3488.44326589,0.01998451,0.01998451,20291,62,0
9849.43792969,9849.43819060,1520.50643948,1520.50052386,0.05205750,3488.80020691,0.01998451,0.01998451,20290,62,0
9849.92273255,9849.92362692,1531.51889486,1531.49859363,0.04801727,3489.15574673,0.01998451,0.01998451,20289,62,0
9850.40927182,9850.40911110,1542.54599039,1542.54964333,0.05389451,3489.51107408,0.01998451,0.01998451,20288,62,0
9850.89546251,9850.89464315,1553.58964902,1553.60829957,0.05139808,3489.86471417,0.01998451,0.01998451,20287,62,0
9851.38042944,9851.38022308,1564.65045441,1564.65515839,0.04989097,3490.21604755,0.01998451,0.01998451,20286,62,0
9851.86584679,9851.86585088,1575.72743631,1575.72734289,0.04772274,3490.56625130,0.01998451,0.01998451,20285,62,0
9852.35105036,9852.35152658,1586.81954220,1586.80865933,0.05112006,3490.91480415,0.01998451,0.01998451,20284,62,0
9852.83663101,9852.83725017,1597.92640219,1597.91223498,0.05364163,3491.26211073,0.01998451,0.01998451,20283,62,0
9853.32368307,9853.32302167,1609.04869988,1609.06385355,0.05135460,3491.60895898,0.01998451,0.01998451,20282,62,0
9853.80845662,9853.80884108,1620.18721064,1620.17838984,0.05148998,3491.95269833,0.01998451,0.01998451,20281,62,0
9854.29538167,9854.29470840,1631.34232747,1631.35779580,0.05495143,3492.29647450,0.01998451,0.01998451,20280,62,0
9854.78082879,9854.78062365,1642.51367999,1642.51839919,0.04499744,3492.63770229,0.01998451,0.01998451,20279,62,0
9855.26675888,9855.26658684,1653.70080571,1653.70476868,0.05172813,3492.97774249,0.01998451,0.01998451,20278,62,0
9855.75284502,9855.75259796,1664.90353484,1664.90923355,0.04996353,3493.31635030,0.01998451,0.01998451,20277,62,0
9856.23845669,9856.23865702,1676.12242922,1676.11780215,0.04859488,3493.65309697,0.01998451,0.01998451,20276,62,0
9856.72501065,9856.72476404,1687.35816650,1687.36387047,0.04872394,3493.98897476,0.01998451,0.01998451,20275,62,0
9857.21026072,9857.21091903,1698.61112563,1698.59587719,0.04894202,3494.32243749,0.01998451,0.01998451,20274,62,0
9857.69736498,9857.69712197,1709.88077601,1709.88641252,0.05481397,3494.65562839,0.01998451,0.01998451,20273,62,0
9858.18342932,9858.18337290,1721.16641197,1721.16772250,0.05215746,3494.98653484,0.01998451,0.01998451,20272,62,0
9858.66945693,9858.66967180,1732.46758946,1732.46259282,0.04115297,3495.31582402,0.01998451,0.01998451,20271,62,0
9859.15612670,9859.15601869,1743.78480142,1743.78731648,0.05381224,3495.64395933,0.01998451,0.01998451,20270,62,0
9859.64189878,9859.64241358,1755.11875146,1755.10674713,0.05301863,3495.96991581,0.01998451,0.01998451,20269,62,0
9860.12809466,9860.12885647,1766.46999848,1766.45220888,0.05080248,3496.29458993,0.01998451,0.01998451,20268,62,0
9860.61465776,9860.61534737,1777.83850948,1777.82238292,0.05102985,3496.61793031,0.01998451,0.01998451,20267,62,0
9861.10148120,9861.10188629,1789.22410344,1789.21461730,0.05069028,3496.93984895,0.01998451,0.01998451,20266,62,0
9861.58927088,9861.58847323,1800.62660312,1800.64530770,0.05540042,3497.26079282,0.01998451,0.01998451,20265,62,0
9862.07616053,9862.07510821,1812.04585322,1812.07056368,0.05285676,3497.57952069,0.01998451,0.01998451,20264,62,0
9862.56231774,9862.56179122,1823.48170330,1823.49408344,0.05470211,3497.89613770,0.01998451,0.01998451,20263,62,0
9863.04829106,9863.04852228,1834.93409063,1834.92864653,0.05697942,3498.21099556,0.01998451,0.01998451,20262,62,0
9863.53472345,9863.53530139,1846.40334891,1846.38972243,0.04416931,3498.52451008,0.01998451,0.01998451,20261,62,0
9864.02288396,9864.02212856,1857.88992515,1857.90776145,0.05198399,3498.83749156,0.01998451,0.01998451,20260,62,0
9864.50846121,9864.50900379,1869.39427525,1869.38144517,0.05099721,3499.14718347,0.01998451,0.01998451,20259,62,0
9864.99441124,9864.99592710,1880.91688105,1880.88098236,0.04923520,3499.45548593,0.01998451,0.01998451,20258,62,0
9865.48308748,9865.48289850,1892.45823477,1892.46271734,0.04812924,3499.76388010,0.01998451,0.01998451,20257,62,0
9865.96932653,9865.96991798,1904.01854816,1904.00449870,0.05416820,3500.06910186,0.01998451,0.01998451,20256,62,0
9866.45732484,9866.45698555,1915.59682391,1915.60489474,0.05682083,3500.37375279,0.01998451,0.01998451,20255,62,0
9866.94431950,9866.94410123,1927.19173359,1927.19693253,0.04629478,3500.67606029,0.01998451,0.01998451,20254,62,0
9867.43097617,9867.43126501,1938.80246964,1938.79558084,0.05414734,3500.97641529,0.01998451,0.01998451,20253,62,0
9867.91838065,9867.91847692,1950.43030182,1950.42800266,0.04684207,3501.27551014,0.01998451,0.01998451,20252,62,0
9868.40475871,9868.40573695,1962.07702099,1962.05361978,0.04893109,3501.57229414,0.01998451,0.01998451,20251,62,0
9868.89276738,9868.89304510,1973.74375848,1973.73710424,0.05220423,3501.86840425,0.01998451,0.01998451,20250,62,0
9869.37923480,9869.38040140,1985.42932120,1985.40132940,0.04838751,3502.16187514,0.01998451,0.01998451,20249,62,0
9869.86749438,9869.86780584,1997.13200159,1997.12451852,0.05249072,3502.45466401,0.01998451,0.01998451,20248,62,0
9870.35494212,9870.35525844,2008.85067022,2008.84306083,0.05136896,3502.74516717,0.01998451,0.01998451,20247,62,0
9870.84248694,9870.84275919,2020.58593164,2020.57937351,0.05056564,3503.03393680,0.01998451,0.01998451,20246,62,0
9871.33034198,9871.33030811,2032.33871462,2032.33953173,0.05168249,3503.32111089,0.01998451,0.01998451,20245,62,0
9871.81768875,9871.81790520,2044.10998191,2044.10475240,0.05142199,3503.60622283,0.01998451,0.01998451,20244,62,0
9872.30490236,9872.30555048,2055.90076629,2055.88508279,0.05690748,3503.88951056,0.01998451,0.01998451,20243,62,0
9872.79235475,9872.79324394,2067.71211409,2067.69056069,0.05395295,3504.17120435,0.01998450,0.01998451,20242,62,0
9873.28087803,9873.28098560,2079.54448773,2079.54187607,0.05624352,3504.45177812,0.01998451,0.01998451,20241,62,0
9873.76830585,9873.76877546,2091.39721583,2091.38579599,0.04712199,3504.72996095,0.01998451,0.01998451,20240,62,0
9874.25652769,9874.25661353,2103.26949697,2103.26740638,0.05270320,3505.00680341,0.01998451,0.01998451,20239,62,0
9874.74393268,9874.74449981,2115.16079537,2115.14696226,0.04936495,3505.28136952,0.01998451,0.01998451,20238,62,0
9875.23262832,9875.23243432,2127.07097504,2127.07571384,0.05539453,3505.55483067,0.01998451,0.01998451,20237,62,0
9875.71858032,9875.72041706,2138.99994600,2138.95501271,0.05455264,3505.82492557,0.01998450,0.01998451,20236,62,0
9876.20881831,9876.20844804,2150.94803159,2150.95710374,0.05512654,3506.09554991,0.01998451,0.01998451,20235,62,0
9876.69740201,9876.69652726,2162.91601841,2162.93748508,0.04872318,3506.36341696,0.01998451,0.01998451,20234,62,0
9877.18493214,9877.18465474,2174.90468234,2174.91150109,0.05021239,3506.62887791,0.01998451,0.01998451,20233,62,0
9877.67350389,9877.67283047,2186.91412972,2186.93070957,0.05977345,3506.89306493,0.01998451,0.01998451,20232,62,0
9878.16104618,9878.16105447,2198.94392221,2198.94371767,0.05479257,3507.15483743,0.01998451,0.01998451,20231,62,0
9878.64900343,9878.64932675,2210.99359672,2210.98561173,0.05117658,3507.41495368,0.01998451,0.01998451,20230,62,0
9879.13683415,9879.13764731,2223.06264042,2223.04252806,0.05359779,3507.67310187,0.01998451,0.01998451,20229,62,0
9879.62585791,9879.62601615,2235.15050992,2235.14659034,0.05098719,3507.92995219,0.01998451,0.01998451,20228,62,0
9880.11460591,9880.11443329,2247.25685072,2247.26113266,0.04511501,3508.18471027,0.01998451,0.01998451,20227,62,0
9880.60268528,9880.60289873,2259.38246378,2259.37716090,0.04758607,3508.43718371,0.01998451,0.01998451,20226,62,0
9881.09119822,9881.09141248,2271.52858500,2271.52325341,0.05056462,3508.68795916,0.01998451,0.01998451,20225,62,0
9881.58008917,9881.57997455,2283.69619353,2283.69905059,0.04869009,3508.93701220,0.01998451,0.01998451,20224,62,0
9882.06797564,9882.06858494,2295.88529865,2295.87008626,0.05204724,3509.18363084,0.01998451,0.01998451,20223,62,0
9882.55728770,9882.55724366,2308.09568654,2308.09678788,0.05481958,3509.42902503,0.01998451,0.01998451,20222,62,0
9883.04596543,9883.04595073,2320.32700208,2320.32737045,0.05201080,3509.67213843,0.01998451,0.01998451,20221,62,0
9883.53493782,9883.53470613,2332.57858435,2332.58439653,0.05244677,3509.91341094,0.01998451,0.01998451,20220,62,0
9884.02323121,9884.02350989,2344.84975273,2344.84275143,0.04978497,3510.15234037,0.01998451,0.01998451,20219,62,0
9884.51241198,9884.51236201,2357.14086846,2357.14212582,0.05125524,3510.38968826,0.01998451,0.01998451,20218,62,0
9885.00190385,9885.00126249,2369.45366048,2369.46982698,0.05053512,3510.62518973,0.01998451,0.01998451,20217,62,0
9885.49031900,9885.49021135,2381.78984765,2381.79256610,0.05806573,3510.85820227,0.01998451,0.01998451,20216,62,0
9885.97880815,9885.97920859,2394.14941216,2394.13928221,0.04797878,3511.08926778,0.01998451,0.01998451,20215,62,0
9886.46768463,9886.46825422,2406.53099806,2406.51656566,0.04607157,3511.31849391,0.01998451,0.01998451,20214,62,0
9886.95735704,9886.95734825,2418.93337522,2418.93359841,0.05152113,3511.54603037,0.01998451,0.01998451,20213,62,0
9887.44709890,9887.44649068,2431.35650118,2431.37196100,0.04843725,3511.77152198,0.01998451,0.01998451,20212,62,0
9887.93662520,9887.93568151,2443.80083986,2443.82486568,0.04671185,3511.99483539,0.01998451,0.01998451,20211,62,0
9888.42497424,9888.42492077,2456.26703431,2456.26839793,0.05478226,3512.21554048,0.01998451,0.01998451,20210,62,0
9888.91417901,9888.91420845,2468.75632481,2468.75557271,0.05292749,3512.43456774,0.01998451,0.01998451,20209,62,0
9889.40278336,9889.40354456,2481.27007451,2481.25058986,0.04747113,3512.65127432,0.01998450,0.01998451,20208,62,0
9889.89325201,9889.89292911,2493.80836989,2493.81665014,0.05268832,3512.86673330,0.01998451,0.01998451,20207,62,0
9890.38230688,9890.38236210,2506.36909058,2506.36767232,0.04783380,3513.07945241,0.01998451,0.01998451,20206,62,0
9890.87114667,9890.87184355,2518.94999899,2518.93207444,0.05085825,3513.28991408,0.01998451,0.01998451,20205,62,0
9891.36122164,9891.36137346,2531.55102689,2531.54711598,0.04619530,3513.49872370,0.01998451,0.01998451,20204,62,0
9891.85053270,9891.85095183,2544.17400636,2544.16319030,0.05136238,3513.70504511,0.01998451,0.01998451,20203,62,0
9892.34037719,9892.34057868,2556.82060792,2556.81539883,0.05358446,3513.90944156,0.01998451,0.01998451,20202,62,0
9892.83097672,9892.83025401,2569.49086269,2569.50957891,0.05222637,3514.11198435,0.01998451,0.01998451,20201,62,0
9893.32029048,9893.31997783,2582.18411276,2582.19222302,0.04849411,3514.31181096,0.01998451,0.01998451,20200,62,0
9893.81014187,9893.80975015,2594.89996867,2594.91014727,0.05362928,3514.50965221,0.01998451,0.01998451,20199,62,0
9894.29972411,9894.29957097,2607.63883534,2607.64282146,0.05197472,3514.70517408,0.01998451,0.01998451,20198,62,0
9894.78938147,9894.78944030,2620.40126524,2620.39973098,0.05064484,3514.89851084,0.01998451,0.01998451,20197,62,0
9895.27985008,9895.27935815,2633.18784469,2633.20069537,0.05150536,3515.08994266,0.01998451,0.01998451,20196,62,0
9895.77000237,9895.76932453,2645.99920166,2646.01694200,0.05176613,3515.27902171,0.01998451,0.01998451,20195,62,0
9896.25941935,9896.25933943,2658.83589894,2658.83799432,0.04872349,3515.46558771,0.01998451,0.01998451,20194,62,0
9896.74895017,9896.74940288,2671.69779657,2671.68590426,0.05474455,3515.64995236,0.01998450,0.01998451,20193,62,0
9897.23968874,9897.23951487,2684.58435902,2684.58893477,0.05161884,3515.83249673,0.01998451,0.01998451,20192,62,0
9897.73020344,9897.72967542,2697.49527591,2697.50919679,0.04692949,3516.01266319,0.01998451,0.01998451,20191,62,0
9898.22032997,9898.21988453,2710.43104980,2710.44281536,0.04927645,3516.19038880,0.01998451,0.01998451,20190,62,0
9898.71037808,9898.71014220,2723.39234739,2723.39858929,0.04936459,3516.36578402,0.01998451,0.01998451,20189,62,0
9899.20046617,9899.20044845,2736.37908446,2736.37955425,0.04783717,3516.53887590,0.01998451,0.01998451,20188,62,0
9899.69072172,9899.69080329,2749.39015596,2749.38798973,0.04686874,3516.70967916,0.01998451,0.01998451,20187,62,0
9900.18124616,9900.18120671,2762.42456646,2762.42561592,0.05152126,3516.87819942,0.01998451,0.01998451,20186,62,0
9900.67350211,9900.67165873,2775.48305982,2775.53218568,0.04909267,3517.04492079,0.01998451,0.01998451,20185,62,0
9901.16214829,9901.16215936,2788.56731562,2788.56702010,0.04628403,3517.20805506,0.01998451,0.01998451,20184,62,0
9901.65328584,9901.65270859,2801.67856310,2801.69400662,0.05307683,3517.36964749,0.01998451,0.01998451,20183,62,0
9902.14309898,9902.14330645,2814.81664830,2814.81108696,0.05231788,3517.52841683,0.01998450,0.01998451,20182,62,0
9902.63492715,9902.63395293,2827.98116802,2828.00733214,0.04767737,3517.68542024,0.01998451,0.01998451,20181,62,0
9903.12478055,9903.12464805,2841.17188123,2841.17544644,0.05223647,3517.83936583,0.01998451,0.01998451,20180,62,0
9903.61561926,9903.61539180,2854.38871761,2854.39484927,0.04994555,3517.99117535,0.01998451,0.01998451,20179,62,0
9904.10654458,9904.10618420,2867.63155902,2867.64129187,0.05397198,3518.14054647,0.01998451,0.01998451,20178,62,0
9904.59615140,9904.59702526,2880.89996947,2880.87632597,0.05468878,3518.28704128,0.01998450,0.01998451,20177,62,0
9905.08785442,9905.08791498,2894.19340283,2894.19176117,0.04975324,3518.43165496,0.01998451,0.01998451,20176,62,0
9905.57876314,9905.57885337,2907.51207646,2907.50962616,0.04837321,3518.57351533,0.01998451,0.01998451,20175,62,0
9906.07004937,9906.06984044,2920.85757128,2920.86325588,0.05086141,3518.71296602,0.01998451,0.01998451,20174,62,0
9906.56088755,9906.56087619,2934.23145119,2934.23176091,0.04967724,3518.84977353,0.01998451,0.01998451,20173,62,0
9907.05168616,9907.05196063,2947.63352388,2947.62602616,0.05390048,3518.98403702,0.01998450,0.01998451,20172,62,0
9907.54376469,9907.54309377,2961.06256159,2961.08092339,0.05071865,3519.11607938,0.01998451,0.01998451,20171,62,0
9908.03474945,9908.03427562,2974.51798630,2974.53097894,0.05565124,3519.24524102,0.01998451,0.01998451,20170,62,0
9908.52561785,9908.52550618,2988.00101591,2988.00408423,0.05142393,3519.37178461,0.01998450,0.01998451,20169,62,0
9909.01735552,9909.01678545,3001.51311082,3001.52880622,0.04474876,3519.49595539,0.01998451,0.01998451,20168,62,0
9909.50839276,9909.50811346,3015.05465965,3015.06236549,0.04881422,3519.61734200,0.01998450,0.01998451,20167,62,0
9910.00037311,9909.99949020,3028.62518289,3028.64959116,0.04950426,3519.73632727,0.01998451,0.01998450,20166,62,0
9910.48985242,9910.49091568,3042.22442367,3042.19497007,0.05538898,3519.85207160,0.01998450,0.01998450,20165,62,0
9910.98089499,9910.98238991,3055.85300629,3055.81150879,0.05497403,3519.96553191,0.01998450,0.01998450,20164,62,0
9911.47420817,9911.47391290,3069.51168569,3069.51989928,0.04152636,3520.07682915,0.01998451,0.01998450,20163,62,0
9911.96527597,9911.96548465,3083.19975972,3083.19394328,0.04923301,3520.18492093,0.01998450,0.01998450,20162,62,0
9912.45634967,9912.45710517,3096.91512194,3096.89402593,0.04649711,3520.29028790,0.01998450,0.01998450,20161,62,0
9912.94860926,9912.94877447,3110.65648564,3110.65186390,0.04776890,3520.39314774,0.01998450,0.01998450,20160,62,0
9913.44042550,9913.44049256,3124.42608665,3124.42420687,0.04713203,3520.49315446,0.01998450,0.01998450,20159,62,0
9913.93261728,9913.93225944,3138.22695277,3138.23700654,0.04781956,3520.59047946,0.01998450,0.01998450,20158,62,0
9914.42429247,9914.42407511,3152.05983786,3152.06595772,0.05028061,3520.68493386,0.01998450,0.01998450,20157,62,0
9914.91585428,9914.91593960,3165.92323471,3165.92082762,0.04713819,3520.77657144,0.01998450,0.01998450,20156,62,0
9915.40777748,9915.40785290,3179.81603382,3179.81390160,0.05408038,3520.86545338,0.01998450,0.01998450,20155,62,0
9915.90036223,9915.89981502,3193.73903580,3193.75453886,0.05307275,3520.95161238,0.01998451,0.01998450,20154,62,0
9916.39171094,9916.39182597,3207.69343993,3207.69017379,0.05263698,3521.03471041,0.01998450,0.01998450,20153,62,0
9916.88517745,9916.88388576,3221.67930297,3221.71605558,0.05576970,3521.11528836,0.01998451,0.01998450,20152,62,0
9917.37541442,9917.37599439,3235.69566278,3235.67912742,0.05003286,3521.19245869,0.01998450,0.01998450,20151,62,0
9917.86922129,9917.86815187,3249.74202482,3249.77257853,0.05309425,3521.26726774,0.01998451,0.01998450,20150,62,0
9918.36050385,9918.36035820,3263.81946549,3263.82363551,0.05311422,3521.33877032,0.01998450,0.01998450,20149,62,0
9918.85253183,9918.85261341,3277.92930198,3277.92696116,0.05038187,3521.40744569,0.01998450,0.01998450,20148,62,0
9919.35573929,nan,0.00000000,3292.39819266,0.13527552,3521.47469216,0.01998453,0.01998450,20147,62,1
9919.83683882,9919.83727044,3306.24713115,3306.23469106,0.04756586,3521.53593949,0.01998450,0.01998450,20146,62,0
9920.33036636,9920.32967228,3320.45467136,3320.47471987,0.04965157,3521.59586098,0.01998450,0.01998450,20145,62,0
9920.82189931,9920.82212302,3334.69439973,3334.68792403,0.05610242,3521.65252257,0.01998450,0.01998450,20144,62,0
9921.31337658,9921.31462266,3348.96630688,3348.93015795,0.05313700,3521.70614704,0.01998450,0.01998450,20143,62,0
9921.80645461,9921.80717120,3363.27144354,3363.25060756,0.05697867,3521.75688478,0.01998450,0.01998450,20142,62,0
9922.29936284,9922.29976867,3377.61133106,3377.59950306,0.05304962,3521.80452475,0.01998450,0.01998450,20141,62,0
9922.79199780,9922.79241506,3391.98635940,3391.97417038,0.05137626,3521.84904082,0.01998450,0.01998450,20140,62,0
9923.28481945,9923.28511037,3406.39537569,3406.38685820,0.05385940,3521.89045048,0.01998450,0.01998450,20139,62,0
9923.77820065,9923.77785463,3420.83742587,3420.84757860,0.05006651,3521.92875450,0.01998450,0.01998450,20138,62,0
9924.27133642,9924.27064783,3435.31285217,3435.33310174,0.05091130,3521.96386776,0.01998450,0.01998450,20137,62,0
9924.76405107,9924.76348999,3449.82233928,3449.83887670,0.04530480,3521.99576500,0.01998450,0.01998450,20136,62,0
9925.25575956,9925.25638110,3464.36667784,3464.34831579,0.05098399,3522.02440264,0.01998450,0.01998450,20135,62,0
9925.74827615,9925.74932118,3478.94673564,3478.91578912,0.04757839,3522.04986812,0.01998450,0.01998450,20134,62,0
9926.24176198,9926.24231024,3493.56284212,3493.54656840,0.04755573,3522.07213050,0.01998450,0.01998450,20133,62,0
9926.73498753,9926.73534827,3508.21426656,3508.20353443,0.05517482,3522.09110390,0.01998450,0.01998450,20132,62,0
9927.22883316,9927.22843530,3522.90014272,3522.91200553,0.05075661,3522.10679562,0.01998450,0.01998450,20131,62,0
9927.72211697,9927.72157132,3537.61957487,3537.63587906,0.04707343,3522.11914535,0.01998450,0.01998450,20130,62,0
9928.21445013,9928.21475635,3552.37181837,3552.36264872,0.04565501,3522.12813739,0.01998450,0.01998450,20129,62,0
9928.70935058,9928.70799039,3567.15908136,3567.19991093,0.04652802,3522.13379965,0.01998451,0.01998450,20128,62,0
9929.20090050,9929.20127344,3581.98609994,3581.97487470,0.04971190,3522.13605074,0.01998450,0.01998450,20127,62,0
9929.69484128,9929.69460552,3596.85464067,3596.86175494,0.05130954,3522.13490122,0.01998450,0.01998450,20126,62,0
9930.18729804,9930.18798664,3611.76022536,3611.73939959,0.05140364,3522.13032620,0.01998450,0.01998450,20125,62,0
9930.68183158,9930.68141679,3626.69913685,3626.71170897,0.05796740,3522.12226532,0.01998450,0.01998450,20124,62,0
9931.17503101,9931.17489599,3641.67549642,3641.67959943,0.05057610,3522.11074182,0.01998450,0.01998450,20123,62,0
9931.66923023,9931.66842425,3656.69543114,3656.71999541,0.05660142,3522.09567400,0.01998450,0.01998450,20122,62,0
9932.16140321,9932.16200157,3671.75821079,3671.73992766,0.05111490,3522.07713811,0.01998450,0.01998450,20121,62,0
9932.65507137,9932.65562796,3686.85818923,3686.84114474,0.04330256,3522.05498857,0.01998450,0.01998450,20120,62,0
9933.14934045,9933.14930342,3701.99350185,3701.99463847,0.05374648,3522.02922250,0.01998450,0.01998450,20119,62,0
9933.64328228,9933.64302797,3717.16826545,3717.17609206,0.04548796,3521.99985436,0.01998450,0.01998450,20118,62,0
9934.13659099,9934.13680161,3732.38553506,3732.37903537,0.04735557,3521.96688059,0.01998450,0.01998450,20117,62,0
9934.62948396,9934.63062435,3747.64316278,3747.60788583,0.05742760,3521.93027623,0.01998450,0.01998450,20116,62,0
9935.12511819,9935.12449620,3762.93834815,3762.95763377,0.04965744,3521.88976247,0.01998450,0.01998450,20115,62,0
9935.61846089,9935.61841716,3778.27136891,3778.27272816,0.04750788,3521.84572069,0.01998450,0.01998450,20114,62,0
9936.11090253,9936.11238724,3793.64382131,3793.59755898,0.03862699,3521.79803346,0.01998450,0.01998450,20113,62,0
9936.60613771,9936.60640644,3809.05675208,3809.04835707,0.05050193,3521.74629229,0.01998450,0.01998450,20112,62,0
9937.10095513,9937.10047479,3824.51073436,3824.52577841,0.06006403,3521.69077695,0.01998450,0.01998450,20111,62,0
9937.59403059,9937.59459227,3840.00606896,3839.98843237,0.04218615,3521.63163308,0.01998450,0.01998450,20110,62,0
9938.08839233,9938.08875891,3855.54265343,3855.53111370,0.03725014,3521.56847623,0.01998450,0.01998450,20109,62,0
9938.58308253,9938.58297470,3871.12116988,3871.12457347,0.04967891,3521.50137985,0.01998450,0.01998450,20108,62,0
9939.07749518,9939.07723966,3886.74462266,3886.75271129,0.04907991,3521.43038399,0.01998450,0.01998450,20107,62,0
9939.57125208,9939.57155379,3902.41544081,3902.40586254,0.04232228,3521.35551259,0.01998450,0.01998450,20106,62,0
9940.05788002,nan,0.00000000,3917.89350210,0.11439807,3521.27772895,0.01998449,0.01998450,20105,62,1
9940.56066495,9940.56032959,3933.88670573,3933.89740632,0.05295349,3521.19348360,0.01998450,0.01998450,20104,62,0
9941.05550779,9941.05479128,3949.68620642,3949.70913491,0.04495085,3521.10638974,0.01998450,0.01998450,20103,62,0
9941.54974078,9941.54930217,3965.53567833,3965.54975818,0.04599325,3521.01529102,0.01998450,0.01998450,20102,62,0
9942.04406662,9942.04386227,3981.43345846,3981.44003592,0.04461393,3520.92004106,0.01998450,0.01998450,20101,62,0
9942.53778118,9942.53847158,3997.37071726,3997.34844729,0.04533043,3520.82080573,0.01998450,0.01998450,20100,62,0
9943.03360166,9943.03313012,4013.34646093,4013.36171068,0.04808856,3520.71700073,0.01998450,0.01998450,20099,62,0
9943.52841269,9943.52783789,4029.37094898,4029.38959887,0.04275246,3520.60916880,0.01998450,0.01998450,20098,62,0
9944.02213466,9944.02259490,4045.44960753,4045.43462814,0.03152976,3520.49728308,0.01998450,0.01998450,20097,62,0
9944.51677011,9944.51740115,4061.57592304,4061.55533070,0.04491757,3520.38090296,0.01998450,0.01998450,20096,62,0
9945.01225375,9945.01225666,4077.74433320,4077.74423798,0.03773306,3520.26003096,0.01998450,0.01998450,20095,62,0
nan,nan,0.00000000,-1.00000000,0.00000000,3520.13462887,nan,0.00000000,-2147483648,62,1
nan,nan,0.00000000,-1.00000000,0.00000000,3536.97171475,nan,0.00000000,-2147483648,61,1
9937.59366029,9937.59459227,15.80497702,15.78724231,0.04467468,3537.52308215,0.01998450,0.01998450,20110,61,0
9938.08896872,9938.08875891,25.21288046,25.21687669,0.05281407,3538.05292732,0.01998451,0.01998450,20109,61,0
9938.58309583,9938.58297470,34.63066436,34.63297374,0.05305936,3538.58066354,0.01998451,0.01998450,20108,61,0
9939.07659545,9939.07723966,44.05842087,44.04612739,0.06045928,3539.10688756,0.01998450,0.01998450,20107,61,0
9939.57144249,9939.57155379,53.49573950,53.49361363,0.04580020,3539.63367594,0.01998451,0.01998450,20106,61,0
9940.06517133,9940.06591710,62.94206961,62.92781359,0.05602626,3540.15836841,0.01998450,0.01998450,20105,61,0
9940.55859654,9940.56032959,72.39686412,72.36370982,0.05453288,3540.68180021,0.01998450,0.01998450,20104,61,0
9941.05380276,9941.05479128,81.86001075,81.84108442,0.05647745,3541.20616830,0.01998450,0.01998450,20103,61,0
9941.54968135,9941.54930217,91.33209047,91.33935661,0.05656917,3541.73031996,0.01998451,0.01998450,20102,61,0
9942.04456745,9942.04386227,100.81374916,100.82727537,0.03471663,3542.25252783,0.01998451,0.01998450,20101,61,0
9942.53837072,9942.53847158,110.30559202,110.30365544,0.04914837,3542.77273088,0.01998450,0.01998450,20100,61,0
9943.03289626,9943.03313012,119.80775775,119.80326314,0.05782049,3543.29283455,0.01998450,0.01998450,20099,61,0
9943.52864616,9943.52783789,129.32010388,129.33565298,0.05500427,3543.81334925,0.01998451,0.01998450,20098,61,0
9944.02227503,9944.02259490,138.84248321,138.83632399,0.04778425,3544.33075215,0.01998450,0.01998450,20097,61,0
9944.51658189,9944.51740115,148.37472917,148.35893922,0.04589765,3544.84796735,0.01998450,0.01998450,20096,61,0
9945.01279108,9945.01225666,157.91661534,157.92692473,0.05188406,3545.36625200,0.01998450,0.01998450,20095,61,0
9945.50699971,9945.50716142,167.46790219,167.46478002,0.05261402,3545.88151249,0.01998450,0.01998450,20094,61,0
9946.00332403,9946.00211545,177.02836358,177.05171824,0.05486142,3546.39802347,0.01998451,0.01998450,20093,61,0
9946.49656165,9946.49711876,186.59816499,186.58738949,0.04465670,3546.91037838,0.01998450,0.01998450,20092,61,0
9946.99371232,9946.99217135,196.17789671,196.20773058,0.04823389,3547.42587332,0.01998451,0.01998450,20091,61,0
9947.48811739,9947.48727323,205.76817364,205.78453387,0.05093252,3547.93762887,0.01998450,0.01998450,20090,61,0
9947.98224076,9947.98242441,215.36947245,215.36590967,0.04419308,3548.44822397,0.01998450,0.01998450,20089,61,0
9948.47744092,9948.47762489,224.98145596,224.97788343,0.05366844,3548.95903727,0.01998450,0.01998450,20088,61,0
9948.97258704,9948.97287468,234.60349344,234.59790251,0.05062589,3549.46886123,0.01998450,0.01998450,20087,61,0
9949.46859799,9949.46817379,244.23495503,244.24320736,0.05099655,3549.97860165,0.01998450,0.01998450,20086,61,0
9949.96325521,9949.96352223,253.87560365,253.87040469,0.06402506,3550.48596315,0.01998450,0.01998450,20085,61,0
9950.46016553,9950.45892000,263.52586961,263.55014372,0.05373035,3550.99466087,0.01998450,0.01998450,20084,61,0
9950.95542548,9950.95436711,273.18625020,273.20689677,0.05454940,3551.50071856,0.01998450,0.01998450,20083,61,0
9951.44948978,9951.44986357,282.85720984,282.84991060,0.04977474,3552.00462844,0.01998450,0.01998450,20082,61,0
9951.94511396,9951.94540938,292.53888921,292.53311460,0.05416109,3552.50920231,0.01998450,0.01998450,20081,61,0
9952.44098918,9952.44100456,302.23125579,302.23095476,0.05565124,3553.01309588,0.01998450,0.01998450,20080,61,0
9952.93655915,9952.93664911,311.93427531,311.93251338,0.05688493,3553.51573728,0.01998450,0.01998450,20079,61,0
9953.43316702,9953.43234304,321.64794017,321.66409508,0.04890372,3554.01848133,0.01998450,0.01998450,20078,61,0
9953.92813139,9953.92808635,331.37230507,331.37318898,0.04370265,3554.51861308,0.01998450,0.01998450,20077,61,0
9954.42513352,9954.42387906,341.10743389,341.13207845,0.04995337,3555.01984935,0.01998450,0.01998450,20076,61,0
9954.91985062,9954.91972116,350.85337596,350.85592180,0.04970823,3555.51782870,0.01998450,0.01998450,20075,61,0
9955.41641095,9955.41561267,360.60999617,360.62570997,0.04839235,3556.01669593,0.01998450,0.01998450,20074,61,0
9955.91132041,9955.91155360,370.37703336,370.37243866,0.04878136,3556.51292187,0.01998450,0.01998450,20073,61,0
9956.40633215,9956.40754395,380.15422250,380.13032401,0.05205264,3557.00825076,0.01998450,0.01998450,20072,61,0
9956.90365431,9956.90358373,389.94143584,389.94282918,0.05851269,3557.50487354,0.01998450,0.01998450,20071,61,0
9957.39803391,9957.39967294,399.73892994,399.70654419,0.05013209,3557.99755472,0.01998450,0.01998450,20070,61,0
9957.89580850,9957.89581160,409.54702911,409.54696771,0.04989524,3558.49262020,0.01998450,0.01998450,20069,61,0
9958.39215074,9958.39199972,419.36604514,419.36903524,0.04880875,3558.98527364,0.01998450,0.01998450,20068,61,0
9958.88914749,9958.88823729,429.19608408,429.21412358,0.05297398,3559.47758889,0.01998450,0.01998450,20067,61,0
9959.38449937,9959.38452432,439.03709813,439.03660304,0.05776624,3559.96728361,0.01998450,0.01998450,20066,61,0
9959.88037879,9959.88086084,448.88903547,448.87946237,0.05025714,3560.45650102,0.01998450,0.01998450,20065,61,0
9960.37642443,9960.37724683,458.75185928,458.73551058,0.04599274,3560.94487560,0.01998450,0.01998450,20064,61,0
9960.87404777,9960.87368231,468.62557611,468.63284846,0.04973308,3561.43378685,0.01998450,0.01998450,20063,61,0
9961.37142041,9961.37016729,478.51020023,478.53516145,0.04930840,3561.92142985,0.01998450,0.01998450,20062,61,0
9961.86590098,9961.86670177,488.40572981,488.38976294,0.05538951,3562.40521935,0.01998450,0.01998450,20061,61,0
9962.36174982,9962.36328576,498.31194909,498.28129448,0.05699505,3562.88931265,0.01998450,0.01998450,20060,61,0
9962.85883185,9962.85991927,508.22848909,508.20676607,0.04941045,3563.37354671,0.01998450,0.01998450,20059,61,0
9963.35731523,9963.35660230,518.15497615,518.16923074,0.05150695,3563.85805371,0.01998450,0.01998450,20058,61,0
9963.85289600,9963.85333487,528.09141749,528.08263431,0.05820915,3564.33865086,0.01998450,0.01998450,20057,61,0
9964.34955114,9964.35011698,538.03877792,538.02744160,0.06101816,3564.81924270,0.01998450,0.01998450,20056,61,0
9964.84707666,9964.84694864,547.99817569,548.00074343,0.05707433,3565.29967436,0.01998450,0.01998450,20055,61,0
9965.34491482,9965.34382985,557.97059420,557.99238278,0.06000167,3565.77944528,0.01998450,0.01998450,20054,61,0
9965.84006015,9965.84076063,567.95556733,567.94148488,0.06287130,3566.25563757,0.01998450,0.01998450,20053,61,0
9966.33798854,9966.33774097,577.95177255,577.95675452,0.05824554,3566.73344823,0.01998450,0.01998450,20052,61,0
9966.83518805,9966.83477089,587.95787526,587.96627676,0.05293706,3567.20943187,0.01998450,0.01998450,20051,61,0
9967.33184203,9967.33185040,597.97338863,597.97321986,0.05402631,3567.68374064,0.01998450,0.01998450,20050,61,0
9967.82813482,9967.82897950,607.99944914,607.98240492,0.05232391,3568.15660270,0.01998450,0.01998450,20049,61,0
9968.32705396,9968.32615820,618.03738264,618.05547849,0.06271731,3568.63091455,0.01998450,0.01998450,20048,61,0
9968.82322315,9968.82338651,628.08828874,628.08498481,0.06253412,3569.10161123,0.01998450,0.01998450,20047,61,0
9969.32075637,9969.32066443,638.15168188,638.15354362,0.05344399,3569.57257082,0.01998450,0.01998450,20046,61,0
9969.81834698,9969.81799197,648.22641259,648.23360775,0.05539159,3570.04249251,0.01998450,0.01998450,20045,61,0
9970.31448017,9970.31536914,658.31135003,658.29331716,0.05192927,3570.50989269,0.01998450,0.01998450,20044,61,0
9970.81208356,9970.81279595,668.40640702,668.39194233,0.05122709,3570.97752044,0.01998450,0.01998450,20043,61,0
9971.31000084,9971.31027241,678.51282610,678.50730610,0.05296154,3571.44433533,0.01998450,0.01998450,20042,61,0
9971.80750481,9971.80779851,688.63194374,688.62596641,0.05341024,3571.90971186,0.01998450,0.01998450,20041,61,0
9972.30466971,9972.30537428,698.76465973,698.75030313,0.05642155,3572.37375698,0.01998450,0.01998450,20040,61,0
9972.80193532,9972.80299971,708.91012829,708.88841616,0.05778648,3572.83683693,0.01998450,0.01998450,20039,61,0
9973.30106422,9973.30067481,719.06706757,719.07501867,0.05952926,3573.30052216,0.01998450,0.01998450,20038,61,0
9973.79828974,9973.79839960,729.23427977,729.23203472,0.05397989,3573.76125384,0.01998450,0.01998450,20037,61,0
9974.29592721,9974.29617408,739.41186936,739.40681945,0.04986388,3574.22118245,0.01998450,0.01998450,20036,61,0
9974.79268136,9974.79399825,749.60091075,749.57394316,0.05198568,3574.67915569,0.01998450,0.01998450,20035,61,0
9975.29129306,9975.29187212,759.80250487,759.79063251,0.04703519,3575.13774094,0.01998450,0.01998450,20034,61,0
9975.78849918,9975.78979571,770.01725968,769.99064629,0.05683975,3575.59395670,0.01998450,0.01998450,20033,61,0
9976.28814132,9976.28776902,780.24478208,780.25243273,0.04758324,3576.05130054,0.01998450,0.01998450,20032,61,0
9976.78514285,9976.78579205,790.48455591,790.47120071,0.04351014,3576.50509729,0.01998450,0.01998450,20031,61,0
9977.28430314,9977.28386481,800.73614955,800.74517609,0.04409692,3576.95970569,0.01998450,0.01998450,20030,61,0
9977.78172545,9977.78198732,810.99964496,810.99424639,0.04937834,3577.41157323,0.01998450,0.01998450,20029,61,0
9978.27998482,9978.28015957,821.27531225,821.27170574,0.05029524,3577.86304835,0.01998450,0.01998450,20028,61,0
9978.77834232,9978.77838159,831.56341621,831.56260487,0.04893531,3578.31346393,0.01998450,0.01998450,20027,61,0
9979.27696542,9979.27665336,841.86407050,841.87052523,0.05298517,3578.76296900,0.01998450,0.01998450,20026,61,0
9979.77616352,9979.77497490,852.17724553,852.20185865,0.05206511,3579.21183219,0.01998450,0.01998450,20025,61,0
9980.27402848,9980.27334623,862.50290660,862.51704997,0.04988239,3579.65833281,0.01998450,0.01998450,20024,61,0
9980.77110177,9980.77176734,872.84120160,872.82738848,0.04905367,3580.10296423,0.01998450,0.01998450,20023,61,0
9981.27019012,9981.27023824,883.19270364,883.19170383,0.05449685,3580.54825123,0.01998450,0.01998450,20022,61,0
9981.76761056,9981.76875894,893.55804995,893.53415739,0.04989066,3580.99092738,0.01998450,0.01998450,20021,61,0
9982.26625195,9982.26732945,903.93767141,903.91522541,0.05615888,3581.43357675,0.01998450,0.01998450,20020,61,0
9982.76496629,9982.76594978,914.33072158,914.31021089,0.05184203,3581.87513314,0.01998450,0.01998450,20019,61,0
9983.26391987,9983.26461993,924.73586706,924.72125279,0.05279342,3582.31567975,0.01998450,0.01998450,20018,61,0
9983.76334847,9983.76333990,935.15184153,935.15202054,0.05287180,3582.75536277,0.01998450,0.01998450,20017,61,0
9984.26115883,9984.26210972,945.57878686,945.55889777,0.04808305,3583.19234433,0.01998450,0.01998450,20016,61,0
9984.76159948,9984.76092939,956.01808405,956.03211602,0.05253711,3583.63040249,0.01998450,0.01998450,20015,61,0
9985.25959247,9985.25979890,966.47115879,966.46683049,0.04921517,3584.06514481,0.01998450,0.01998450,20014,61,0
9985.75942812,9985.75871828,976.93863594,976.95353769,0.05293261,3584.50033799,0.01998450,0.01998450,20013,61,0
9986.25680485,9986.25768752,987.41958966,987.40103863,0.05030808,3584.93219386,0.01998450,0.01998450,20012,61,0
9986.75672990,9986.75670664,997.91291133,997.91340063,0.05454076,3585.36500748,0.01998450,0.01998450,20011,61,0
9987.25614110,9987.25577564,1008.41778551,1008.42548203,0.05065015,3585.79608061,0.01998450,0.01998450,20010,61,0
9987.75526647,9987.75489453,1018.93470618,1018.94254756,0.05469155,3586.22562767,0.01998450,0.01998450,20009,61,0
9988.25467887,9988.25406332,1029.46452965,1029.47752204,0.04682440,3586.65417056,0.01998450,0.01998450,20008,61,0
9988.75312487,9988.75328202,1040.00804064,1040.00471964,0.04987152,3587.08066160,0.01998450,0.01998450,20007,61,0
9989.25231959,9989.25255063,1050.56522696,1050.56033874,0.05420527,3587.50656189,0.01998450,0.01998450,20006,61,0
9989.75241923,9989.75186915,1061.13560347,1061.14725488,0.05169141,3587.93197233,0.01998450,0.01998450,20005,61,0
9990.25057150,9990.25123761,1071.71868580,1071.70456137,0.05365055,3588.35444480,0.01998450,0.01998450,20004,61,0
9990.74948191,9990.75065600,1082.31430626,1082.28938335,0.05032730,3588.77626550,0.01998450,0.01998450,20003,61,0
9991.24959454,9991.25012433,1092.92266711,1092.91140846,0.05155918,3589.19780408,0.01998450,0.01998450,20002,61,0
9991.75073461,9991.74964262,1103.54399365,1103.56722611,0.04900304,3589.61890717,0.01998450,0.01998450,20001,61,0
9992.24864419,9992.24921086,1114.17869053,1114.16662025,0.05210783,3590.03601492,0.01998450,0.01998450,20000,61,0
9992.74837273,9992.74882906,1124.82756176,1124.81782928,0.05285925,3590.45338760,0.01998450,0.01998450,19999,61,0
9993.24816586,9993.24849724,1135.49147112,1135.48439395,0.04468766,3590.86957942,0.01998450,0.01998450,19998,61,0
9993.74942520,9993.74821540,1146.17094946,1146.19682105,0.04836806,3591.28576507,0.01998450,0.01998450,19997,61,0
9994.24855578,9994.24798354,1156.86504508,1156.87729716,0.04791538,3591.69891766,0.01998450,0.01998450,19996,61,0
9994.74867636,9994.74780169,1167.57239199,1167.59113950,0.04742395,3592.11156321,0.01998450,0.01998450,19995,61,0
9995.24774983,9995.24766983,1178.29181756,1178.29353400,0.05330347,3592.52196992,0.01998450,0.01998450,19994,61,0
9995.74836816,9995.74758798,1189.02389874,1189.04065714,0.05743172,3592.93228332,0.01998450,0.01998450,19993,61,0
9996.24685023,9996.24755615,1199.77011536,1199.75493248,0.05611178,3593.33953837,0.01998450,0.01998450,19992,61,0
9996.74794982,9996.74757435,1210.53189740,1210.53998415,0.05335242,3593.74766401,0.01998450,0.01998450,19991,61,0
9997.24862581,9997.24764258,1221.30942335,1221.33062801,0.04582783,3594.15417396,0.01998450,0.01998450,19990,61,0
9997.74845498,9997.74776085,1232.10176286,1232.11675108,0.05160041,3594.55868670,0.01998450,0.01998450,19989,61,0
9998.24758462,9998.24792916,1242.90795238,1242.90050426,0.05157126,3594.96128440,0.01998450,0.01998450,19988,61,0
9998.74716972,9998.74814753,1253.72762111,1253.70645861,0.05193758,3595.36287911,0.01998450,0.01998450,19987,61,0
9999.24787095,9999.24841597,1264.56126410,1264.54945406,0.04900231,3595.76400700,0.01998450,0.01998450,19986,61,0
9999.74867309,9999.74873447,1275.40944739,1275.40811572,0.05705942,3596.16386364,0.01998450,0.01998450,19985,61,0
10000.24882394,10000.24910305,1286.27253845,1286.26647490,0.04679685,3596.56185683,0.01998450,0.01998450,19984,61,0
10000.74980706,10000.74952172,1297.15043162,1297.15663812,0.05088860,3596.95915509,0.01998450,0.01998450,19983,61,0
10001.24908366,10001.24999048,1308.04295221,1308.02320344,0.05178361,3597.35373490,0.01998450,0.01998450,19982,61,0
10001.75129405,10001.75050934,1318.94991420,1318.96702444,0.04899673,3597.74924437,0.01998450,0.01998450,19981,61,0
10002.25031503,10002.25107831,1329.87109285,1329.85443009,0.05463939,3598.14084707,0.01998450,0.01998450,19980,61,0
10002.75102202,10002.75169739,1340.80625276,1340.79149184,0.05804147,3598.53235975,0.01998450,0.01998450,19979,61,0
10003.25196268,10003.25236659,1351.75527694,1351.74643847,0.05211662,3598.92262749,0.01998450,0.01998450,19978,61,0
10003.75344426,10003.75308593,1362.71876371,1362.72661451,0.05112973,3599.31190059,0.01998450,0.01998450,19977,61,0
10004.25359362,10004.25385540,1373.69758012,1373.69183695,0.05483128,3599.69875162,0.01998450,0.01998450,19976,61,0
10004.75443899,10004.75467502,1384.69249656,1384.68731134,0.05479121,3600.08477125,0.01998450,0.01998450,19975,61,0
10005.25490343,10005.25554479,1395.70332849,1395.68922011,0.05323892,3600.46911363,0.01998450,0.01998450,19974,61,0
10005.75583856,10005.75646472,1406.72937003,1406.71557871,0.05708139,3600.85239991,0.01998450,0.01998450,19973,61,0
10006.25770297,10006.25743482,1417.76993502,1417.77584815,0.05546651,3601.23494358,0.01998450,0.01998450,19972,61,0
10006.75928362,10006.75845510,1428.82477512,1428.84306726,0.05362744,3601.61580130,0.01998450,0.01998450,19971,61,0
10007.25968975,10007.25952555,1439.89397354,1439.89760295,0.05663441,3601.99429877,0.01998450,0.01998450,19970,61,0
10007.76015254,10007.76064620,1450.97764976,1450.96672424,0.04769420,3602.37136899,0.01998450,0.01998450,19969,61,0
10008.26183582,10008.26181705,1462.07656106,1462.07697697,0.05613244,3602.74790151,0.01998450,0.01998450,19968,61,0
10008.76328928,10008.76303810,1473.19210986,1473.19768448,0.05183440,3603.12284302,0.01998450,0.01998450,19967,61,0
10009.26420955,10009.26430937,1484.32569795,1484.32347920,0.04473343,3603.49600831,0.01998450,0.01998450,19966,61,0
10009.76526022,10009.76563085,1495.47719777,1495.46894776,0.05387739,3603.86787997,0.01998450,0.01998450,19965,61,0
10010.26752346,10010.26700257,1506.64448987,1506.65609887,0.05881255,3604.23917603,0.01998450,0.01998450,19964,61,0
10010.76738834,10010.76842451,1517.82532852,1517.80221199,0.05371320,3604.60715073,0.01998450,0.01998450,19963,61,0
10011.27011562,10011.26989671,1529.01901573,1529.02390507,0.05211375,3604.97564481,0.01998450,0.01998450,19962,61,0
10011.77114275,10011.77141915,1540.22737238,1540.22119100,0.05406381,3605.34136128,0.01998450,0.01998450,19961,61,0
10012.27263387,10012.27299185,1551.45245517,1551.44443769,0.05083308,3605.70594468,0.01998450,0.01998450,19960,61,0
10012.77471508,10012.77461482,1562.69533184,1562.69758060,0.05464531,3606.06950794,0.01998450,0.01998450,19959,61,0
10013.27624225,10013.27628806,1573.95511872,1573.95408986,0.05493397,3606.43118498,0.01998450,0.01998450,19958,61,0
10013.77766950,10013.77801158,1585.23070079,1585.22300807,0.04780080,3606.79126206,0.01998450,0.01998450,19957,61,0
10014.27946875,10014.27978540,1596.52149332,1596.51436375,0.05067100,3607.15005023,0.01998450,0.01998450,19956,61,0
10014.78082902,10014.78160950,1607.82813752,1607.81054066,0.05103875,3607.50698238,0.01998449,0.01998450,19955,61,0
10015.28318116,10015.28348391,1619.15145000,1619.14461441,0.05345347,3607.86309211,0.01998450,0.01998450,19954,61,0
10015.78403668,10015.78540864,1630.49192538,1630.46090593,0.04849762,3608.21662456,0.01998449,0.01998450,19953,61,0
10016.28767301,10016.28738368,1641.84921477,1641.85576542,0.05802040,3608.57057344,0.01998450,0.01998450,19952,61,0
10016.78872403,10016.78940904,1653.22283173,1653.20730238,0.05248987,3608.92114304,0.01998449,0.01998450,19951,61,0
10017.29112564,10017.29148474,1664.61256465,1664.60441286,0.05675604,3609.27107806,0.01998450,0.01998450,19950,61,0
10017.79439908,10017.79361079,1676.01898421,1676.03690394,0.05212030,3609.62004369,0.01998450,0.01998450,19949,61,0
10018.29692063,10018.29578718,1687.44280245,1687.46860589,0.05204766,3609.96692650,0.01998450,0.01998450,19948,61,0
10018.79680609,10018.79801393,1698.88441264,1698.85687633,0.04885703,3610.31044444,0.01998449,0.01998450,19947,61,0
10019.30073331,10019.30029104,1710.34325350,1710.35335011,0.04940211,3610.65515389,0.01998450,0.01998450,19946,61,0
10019.80312637,10019.80261853,1721.81858331,1721.83019220,0.05265035,3610.99719786,0.01998450,0.01998450,19945,61,0
10020.30567358,10020.30499639,1733.30998218,1733.32548254,0.05689777,3611.33771153,0.01998450,0.01998450,19944,61,0
10020.80754950,10020.80742464,1744.81800425,1744.82086612,0.05449827,3611.67614613,0.01998450,0.01998450,19943,61,0
10021.31105913,10021.30990329,1756.34338930,1756.36992024,0.05405992,3612.01406438,0.01998450,0.01998450,19942,61,0
10021.81226566,10021.81243233,1767.88667023,1767.88283900,0.05146167,3612.34883385,0.01998450,0.01998450,19941,61,0
10022.31473496,10022.31501179,1779.44776799,1779.44139542,0.04700380,3612.68282969,0.01998450,0.01998450,19940,61,0
10022.81753949,10022.81764166,1791.02649202,1791.02413662,0.05424144,3613.01541297,0.01998450,0.01998450,19939,61,0
10023.31983663,10023.32032196,1802.62265892,1802.61145522,0.05296699,3613.34601281,0.01998449,0.01998450,19938,61,0
10023.82387283,10023.82305270,1814.23610773,1814.25506648,0.05152770,3613.67608805,0.01998450,0.01998450,19937,61,0
10024.32605405,10024.32583387,1825.86668050,1825.87177738,0.05590030,3614.00327226,0.01998450,0.01998450,19936,61,0
10024.82837477,10024.82866549,1837.51438305,1837.50764406,0.05175245,3614.32886477,0.01998450,0.01998450,19935,61,0
10025.33267657,10025.33154756,1849.17962270,1849.20583075,0.04998379,3614.65405101,0.01998450,0.01998450,19934,61,0
10025.83576734,10025.83448010,1860.86287027,1860.89279533,0.05794535,3614.97677260,0.01998450,0.01998450,19933,61,0
10026.33822884,10026.33746311,1872.56461100,1872.58243901,0.05610429,3615.29741581,0.01998450,0.01998450,19932,61,0
10026.84022358,10026.84049659,1884.28535612,1884.27899007,0.05437058,3615.61609405,0.01998449,0.01998450,19931,61,0
10027.34424549,10027.34358056,1896.02561690,1896.04114618,0.04621398,3615.93438654,0.01998450,0.01998450,19930,61,0
10027.84723867,10027.84671503,1907.78526490,1907.79751297,0.05495340,3616.25034479,0.01998450,0.01998450,19929,61,0
10028.34977551,10028.34989999,1919.56302860,1919.56011303,0.05517852,3616.56429186,0.01998450,0.01998450,19928,61,0
10028.85295411,10028.85313547,1931.35753311,1931.35327995,0.05262573,3616.87686709,0.01998450,0.01998450,19927,61,0
10029.35577497,10029.35642146,1943.16866743,1943.15348512,0.05548009,3617.18743648,0.01998449,0.01998450,19926,61,0
10029.85982643,10029.85975797,1954.99816099,1954.99977129,0.05483615,3617.49701286,0.01998450,0.01998450,19925,61,0
10030.36415165,10030.36314501,1966.84784625,1966.87156214,0.05422922,3617.80503863,0.01998450,0.01998450,19924,61,0
10030.86611602,10030.86658260,1978.71791892,1978.70690960,0.04493335,3618.10990964,0.01998449,0.01998450,19923,61,0
10031.37068047,10031.37007073,1990.60669459,1990.62110225,0.05507241,3618.41458390,0.01998450,0.01998450,19922,61,0
10031.87315367,10031.87360941,2002.51244990,2002.50166748,0.04867499,3618.71617266,0.01998449,0.01998450,19921,61,0
10032.37637904,10032.37719865,2014.43487573,2014.41545843,0.04612833,3619.01637325,0.01998449,0.01998450,19920,61,0
10032.88100272,10032.88083847,2026.37490246,2026.37879921,0.05372557,3619.31557385,0.01998450,0.01998450,19919,61,0
10033.38526959,10033.38452886,2038.33351552,2038.35111526,0.05512804,3619.61274335,0.01998450,0.01998450,19918,61,0
10033.88776808,10033.88826983,2050.31176751,2050.29982703,0.05191648,3619.90707737,0.01998449,0.01998450,19917,61,0
10034.39230050,10034.39206140,2062.31075794,2062.31645735,0.04936549,3620.20081806,0.01998449,0.01998450,19916,61,0
10034.89551572,10034.89590357,2074.33142936,2074.32216818,0.04705790,3620.49202229,0.01998449,0.01998450,19915,61,0
10035.39962340,10035.39979634,2086.37349601,2086.36935961,0.05064581,3620.78195257,0.01998449,0.01998450,19914,61,0
10035.90350697,10035.90373973,2098.43611618,2098.43054022,0.05069754,3621.06993174,0.01998449,0.01998450,19913,61,0
10036.40685785,10036.40773375,2110.51854296,2110.49752886,0.04913549,3621.35575903,0.01998449,0.01998450,19912,61,0
10036.91120176,10036.91177839,2122.62052179,2122.60666680,0.05269744,3621.64028180,0.01998449,0.01998450,19911,61,0
10037.41589944,10037.41587367,2134.74194309,2134.74256332,0.05549396,3621.92311895,0.01998449,0.01998450,19910,61,0
10037.92113092,10037.92001959,2146.88290910,2146.90969317,0.04940977,3622.20435842,0.01998450,0.01998449,19909,61,0
10038.42446290,10038.42421617,2159.04415362,2159.05010962,0.04707359,3622.48265972,0.01998449,0.01998449,19908,61,0
10038.92795434,10038.92846341,2171.22652917,2171.21421990,0.05395307,3622.75917950,0.01998449,0.01998449,19907,61,0
10039.43216352,10039.43276132,2183.43045361,2183.41597504,0.05222524,3623.03421755,0.01998449,0.01998449,19906,61,0
10039.93801618,10039.93710990,2195.65553732,2195.67752268,0.05229627,3623.30824531,0.01998450,0.01998449,19905,61,0
10040.44120923,10040.44150917,2207.90129860,2207.89401096,0.05213731,3623.57891554,0.01998449,0.01998449,19904,61,0
10040.94633037,10040.94595913,2220.16721511,2220.17624901,0.05238622,3623.84867765,0.01998450,0.01998449,19903,61,0
10041.44925080,10041.45045978,2232.45271897,2232.42325660,0.04977908,3624.11530525,0.01998449,0.01998449,19902,61,0
10041.95410711,10041.95501115,2244.75732057,2244.73525749,0.04729796,3624.38097198,0.01998449,0.01998449,19901,61,0
10042.45897268,10042.45961322,2257.08158581,2257.06592902,0.05337487,3624.64465439,0.01998449,0.01998449,19900,61,0
10042.96523899,10042.96426602,2269.42679865,2269.45061993,0.05250005,3624.90708755,0.01998450,0.01998449,19899,61,0
10043.46898596,10043.46896955,2281.79410431,2281.79450662,0.05192090,3625.16625866,0.01998449,0.01998449,19898,61,0
10043.97477332,10043.97372382,2294.18365597,2294.20943842,0.05794925,3625.42450761,0.01998450,0.01998449,19897,61,0
10044.47878216,10044.47852883,2306.59523059,2306.60146433,0.05595078,3625.67986642,0.01998449,0.01998449,19896,61,0
10044.98103545,10044.98338459,2319.02849442,2318.97059501,0.03344896,3625.93234904,0.01998449,0.01998449,19895,61,0
10045.48830465,10045.48829111,2331.48277629,2331.48311045,0.05347342,3626.18531477,0.01998449,0.01998449,19894,61,0
10045.99288474,10045.99324840,2343.95734804,2343.94835732,0.05555633,3626.43488138,0.01998449,0.01998449,19893,61,0
10046.49752545,10046.49825647,2356.45243818,2356.43433632,0.05687199,3626.68241853,0.01998449,0.01998449,19892,61,0
10047.00323174,10047.00331532,2368.96982036,2368.96774714,0.05515737,3626.92843592,0.01998449,0.01998449,19891,61,0
10047.50932482,10047.50842496,2381.51131890,2381.53368268,0.04937453,3627.17261779,0.01998450,0.01998449,19890,61,0
10048.01346133,10048.01358540,2394.07699572,2394.07390699,0.05175075,3627.41383094,0.01998449,0.01998449,19889,61,0
10048.51678090,10048.51879664,2406.66543513,2406.61516776,0.05470123,3627.65259758,0.01998449,0.01998449,19888,61,0
10049.02288778,10049.02405870,2419.27535343,2419.24610749,0.05537494,3627.89057899,0.01998449,0.01998449,19887,61,0
10049.52929299,10049.52937157,2431.90672313,2431.90475723,0.05155657,3628.12657327,0.01998449,0.01998449,19886,61,0
10050.03519806,10050.03473528,2444.56003244,2444.57162907,0.05140208,3628.36020689,0.01998449,0.01998449,19885,61,0
10050.54012909,10050.54014983,2457.23598912,2457.23546863,0.04997161,3628.59127125,0.01998449,0.01998449,19884,61,0
10051.04532241,10051.04561521,2469.93592060,2469.92855697,0.05062205,3628.82034803,0.01998449,0.01998449,19883,61,0
10051.55062206,10051.55113145,2482.66123555,2482.64840015,0.05344703,3629.04737606,0.01998449,0.01998449,19882,61,0
10052.05512788,10052.05669855,2495.41172886,2495.37208154,0.04865803,3629.27193771,0.01998449,0.01998449,19881,61,0
10052.56304750,10052.56231652,2508.18508296,2508.20356408,0.04980855,3629.49583494,0.01998450,0.01998449,19880,61,0
10053.06813907,10053.06798536,2520.97907626,2520.98296819,0.05269306,3629.71626183,0.01998449,0.01998449,19879,61,0
10053.57247292,10053.57370509,2533.79412591,2533.76287685,0.05462111,3629.93414145,0.01998449,0.01998449,19878,61,0
10054.07893715,10054.07947570,2546.63220695,2546.61852436,0.04884638,3630.15073410,0.01998449,0.01998449,19877,61,0
10054.58545738,10054.58529722,2559.49485240,2559.49892895,0.05513956,3630.36515117,0.01998449,0.01998449,19876,61,0
10055.09059204,10055.09116963,2572.38179625,2572.36706929,0.05077608,3630.57677322,0.01998449,0.01998449,19875,61,0
10055.59703770,10055.59709297,2585.29235187,2585.29094037,0.04358702,3630.78670593,0.01998449,0.01998449,19874,61,0
10056.10245016,10056.10306722,2598.22631400,2598.21052667,0.05496149,3630.99395952,0.01998449,0.01998449,19873,61,0
10056.60898867,10056.60909240,2611.18419985,2611.18154136,0.05218961,3631.19941407,0.01998449,0.01998449,19872,61,0
10057.11550762,10057.11516852,2624.16659467,2624.17530151,0.05105962,3631.40259339,0.01998449,0.01998449,19871,61,0
10057.62161588,10057.62129558,2637.17413094,2637.18237024,0.05034394,3631.60333965,0.01998449,0.01998449,19870,61,0
10058.12875999,10058.12747359,2650.20747264,2650.24062733,0.05006089,3631.80221849,0.01998449,0.01998449,19869,61,0
10058.63511579,10058.63370257,2663.26705231,2663.30354502,0.05177637,3631.99850495,0.01998450,0.01998449,19868,61,0
10059.13985140,10059.13998251,2676.35248268,2676.34909079,0.05893976,3632.19187257,0.01998449,0.01998449,19867,61,0
10059.64642583,10059.64631342,2689.46321000,2689.46612333,0.04991712,3632.38362265,0.01998449,0.01998449,19866,61,0
10060.15178916,10060.15269532,2702.59922559,2702.57569718,0.05004456,3632.57258227,0.01998449,0.01998449,19865,61,0
10060.65971486,10060.65912821,2715.76120248,2715.77646394,0.04940025,3632.76014841,0.01998449,0.01998449,19864,61,0
10061.16536126,10061.16561210,2728.94969475,2728.94315705,0.05622354,3632.94452441,0.01998449,0.01998449,19863,61,0
10061.67311950,10061.67214699,2742.16402361,2742.18941712,0.05020622,3633.12728837,0.01998449,0.01998449,19862,61,0
10062.17803531,10062.17873289,2755.40295332,2755.38470742,0.04606777,3633.30663121,0.01998449,0.01998449,19861,61,0
10062.68621866,10062.68536982,2768.66608252,2768.68832400,0.05674382,3633.48470109,0.01998449,0.01998449,19860,61,0
10063.19232071,10063.19205777,2781.95491716,2781.96181977,0.05241210,3633.65962151,0.01998449,0.01998449,19859,61,0
10063.69816604,10063.69879676,2795.27115774,2795.25456685,0.05508925,3633.83204735,0.01998449,0.01998449,19858,61,0
10064.20721416,10064.20558680,2808.61531031,2808.65820229,0.05144049,3634.00312769,0.01998450,0.01998449,19857,61,0
10064.71253637,10064.71242789,2821.98696878,2821.98983353,0.04634836,3634.17051694,0.01998449,0.01998449,19856,61,0
10065.21991363,10065.21932003,2835.38576732,2835.40147295,0.04847743,3634.33612216,0.01998449,0.01998449,19855,61,0
10065.72696897,10065.72626325,2848.81158450,2848.83029263,0.05756448,3634.49913814,0.01998449,0.01998449,19854,61,0
10066.23296340,10066.23325754,2862.26434545,2862.25653340,0.05429779,3634.65932142,0.01998449,0.01998449,19853,61,0
10066.74061856,10066.74030291,2875.74374130,2875.75214048,0.05094700,3634.81751039,0.01998449,0.01998449,19852,61,0
10067.24686804,10067.24739937,2889.24920430,2889.23504066,0.05663665,3634.97272623,0.01998449,0.01998449,19851,61,0
10067.75395931,10067.75454693,2902.78045182,2902.76475888,0.05520966,3635.12564449,0.01998449,0.01998449,19850,61,0
10068.26207167,10068.26174560,2916.33877776,2916.34750296,0.04614392,3635.27630490,0.01998449,0.01998449,19849,61,0
10068.76968515,10068.76899538,2929.92597323,2929.94446887,0.05264901,3635.42425687,0.01998449,0.01998449,19848,61,0
10069.27748314,10069.27629628,2943.54259426,2943.57448327,0.04842144,3635.56969137,0.01998449,0.01998449,19847,61,0
10069.78294878,10069.78364831,2957.18746642,2957.16863534,0.05336396,3635.71187508,0.01998449,0.01998449,19846,61,0
10070.29155293,10070.29105147,2970.85957460,2970.87309937,0.04741315,3635.85231436,0.01998449,0.01998449,19845,61,0
10070.79878075,10070.79850579,2984.55977865,2984.56720976,0.05364259,3635.98974206,0.01998449,0.01998449,19844,61,0
10071.30559018,10071.30601125,2998.28966424,2998.27826058,0.04981344,3636.12443113,0.01998449,0.01998449,19843,61,0
10071.81465089,10071.81356787,3012.05002735,3012.07941983,0.05413352,3636.25706736,0.01998449,0.01998449,19842,61,0
10072.32104393,10072.32117566,3025.84044188,3025.83685944,0.05548693,3636.38635098,0.01998449,0.01998449,19841,61,0
10072.82961829,10072.82883463,3039.66051262,3039.68186827,0.05358554,3636.51350292,0.01998449,0.01998449,19840,61,0
10073.33664285,10073.33654478,3053.51073974,3053.51341797,0.04962521,3636.63757284,0.01998449,0.01998449,19839,61,0
10073.84290868,10073.84430612,3067.39196285,3067.35371866,0.05026746,3636.75876271,0.01998449,0.01998449,19838,61,0
10074.35037742,10074.35211866,3081.30381869,3081.25606859,0.05058101,3636.87751779,0.01998449,0.01998449,19837,61,0
10074.86111102,10074.85998240,3095.24417703,3095.27518476,0.04987418,3636.99424909,0.01998449,0.01998449,19836,61,0
10075.36867263,10075.36789736,3109.21138956,3109.23272875,0.05017890,3637.10745518,0.01998449,0.01998449,19835,61,0
10075.87634541,10075.87586355,3123.20743819,3123.22072909,0.05241112,3637.21789387,0.01998449,0.01998449,19834,61,0
10076.38178874,10076.38388096,3137.23554254,3137.17770336,0.04511734,3637.32508130,0.01998449,0.01998449,19833,61,0
10076.89124884,10076.89194961,3151.29678837,3151.27737298,0.05004219,3637.43031681,0.01998449,0.01998449,19832,61,0
10077.39990611,10077.40006950,3165.38964868,3165.38511240,0.05485033,3637.53254805,0.01998449,0.01998449,19831,61,0
10077.90896298,10077.90824065,3179.51290026,3179.53299634,0.05815121,3637.63199316,0.01998449,0.01998449,19830,61,0
10078.41543813,10078.41646305,3193.66732677,3193.63875092,0.05751123,3637.72807595,0.01998449,0.01998449,19829,61,0
10078.92552905,10078.92473673,3207.85418718,3207.87632678,0.04471080,3637.82195347,0.01998449,0.01998449,19828,61,0
10079.43419469,10079.43306168,3222.07353672,3222.10526429,0.05285319,3637.91266076,0.01998449,0.01998449,19827,61,0
10079.94024223,10079.94143791,3236.32436404,3236.29081213,0.04790281,3637.99999489,0.01998449,0.01998449,19826,61,0
10080.45009089,10080.44986544,3250.60621295,3250.61255250,0.05913669,3638.08503255,0.01998449,0.01998449,19825,61,0
10080.95848918,10080.95834427,3264.92025709,3264.92434114,0.04670232,3638.16686607,0.01998449,0.01998449,19824,61,0
10081.46623449,10081.46687440,3279.26784776,3279.24977303,0.05235595,3638.24563077,0.01998449,0.01998449,19823,61,0
10081.97600942,10081.97545585,3293.64930393,3293.66497519,0.06373660,3638.32171269,0.01998449,0.01998449,19822,61,0
10082.48326388,10082.48408862,3308.06437301,3308.04097342,0.04835950,3638.39441609,0.01998449,0.01998449,19821,61,0
10082.99367663,10082.99277272,3322.51283381,3322.53853639,0.04600269,3638.46452839,0.01998449,0.01998449,19820,61,0
10083.50199059,10083.50150816,3336.99452546,3337.00827331,0.05178509,3638.53129773,0.01998449,0.01998449,19819,61,0
10084.00908292,10084.01029495,3351.50954767,3351.47493142,0.04714733,3638.59485032,0.01998449,0.01998449,19818,61,0
10084.51907418,10084.51913309,3366.05918024,3366.05749404,0.04864427,3638.65567308,0.01998449,0.01998449,19817,61,0
10085.02818482,10085.02802259,3380.64495532,3380.64961097,0.05083162,3638.71328239,0.01998449,0.01998449,19816,61,0
10085.53662715,10085.53696346,3395.26683741,3395.25716423,0.04190596,3638.76769494,0.01998449,0.01998449,19815,61,0
10086.04486730,10086.04595570,3409.92353695,3409.89216098,0.05303892,3638.81894298,0.01998449,0.01998449,19814,61,0
10086.55546148,10086.55499933,3424.61434383,3424.62769602,0.05414393,3638.86724140,0.01998449,0.01998449,19813,61,0
10087.06529518,10087.06409436,3439.33981215,3439.37458556,0.04481720,3638.91226218,0.01998449,0.01998449,19812,61,0
10087.57322176,10087.57324078,3454.10067868,3454.10012660,0.05301392,3638.95391080,0.01998449,0.01998449,19811,61,0
10088.08325881,10088.08243862,3468.89781205,3468.92167523,0.05574273,3638.99249599,0.01998449,0.01998449,19810,61,0
10088.59226554,10088.59168787,3483.73207740,3483.74892512,0.05471123,3639.02775031,0.01998449,0.01998449,19809,61,0
10089.10069247,10089.10098854,3498.60339662,3498.59474138,0.04477770,3639.05969819,0.01998449,0.01998449,19808,61,0
10089.61015837,10089.61034064,3513.51089521,3513.50555445,0.04808202,3639.08841330,0.01998449,0.01998449,19807,61,0
10090.11931176,10090.11974419,3528.45365267,3528.44095384,0.05114919,3639.11378951,0.01998449,0.01998449,19806,61,0
10090.62785835,10090.62919918,3543.43071834,3543.39125812,0.04484389,3639.13579909,0.01998449,0.01998449,19805,61,0
10091.13852618,10091.13870562,3558.44200611,3558.43671307,0.04984302,3639.15452484,0.01998449,0.01998449,19804,61,0
10091.64849992,10091.64826353,3573.49143363,3573.49842454,0.04612594,3639.16983272,0.01998449,0.01998449,19803,61,0
10092.15912427,10092.15787291,3588.58357803,3588.62068829,0.06031092,3639.18174368,0.01998449,0.01998449,19802,61,0
10092.66756092,10092.66753376,3603.71693515,3603.71774233,0.05188832,3639.19018035,0.01998449,0.01998449,19801,61,0
10093.17693891,10093.17724611,3618.88617843,3618.87702639,0.05330843,3639.19518121,0.01998449,0.01998449,19800,61,0
10093.67392318,nan,0.00000000,3633.72756237,0.11573690,3639.19671030,0.01998447,0.01998449,19799,61,1
10094.19676974,10094.19682528,3649.33789532,3649.33623179,0.04801284,3639.19472492,0.01998449,0.01998449,19798,61,0
10094.70494469,10094.70669213,3664.63066965,3664.57818629,0.04746937,3639.18923545,0.01998449,0.01998449,19797,61,0
10095.21728839,10095.21661049,3679.96465348,3679.98506256,0.05041437,3639.18012345,0.01998449,0.01998449,19796,61,0
10095.72578571,10095.72658038,3695.33497427,3695.31099557,0.04328657,3639.16750771,0.01998449,0.01998449,19795,61,0
10096.23568915,10096.23660181,3710.74394837,3710.71633888,0.05376981,3639.15125935,0.01998449,0.01998449,19794,61,0
10096.74535681,10096.74667477,3726.19606834,3726.15608731,0.04728693,3639.13138886,0.01998449,0.01998449,19793,61,0
10097.25738632,10097.25679928,3741.69116804,3741.70902202,0.05456832,3639.10774596,0.01998449,0.01998449,19792,61,0
10097.76723943,10097.76697535,3757.22598942,3757.23404019,0.05076241,3639.08051801,0.01998449,0.01998449,19791,61,0
10098.27666904,10098.27720298,3772.79941782,3772.78310078,0.05111080,3639.04961799,0.01998449,0.01998449,19790,61,0
10098.78778835,10098.78748219,3788.41300507,3788.42238495,0.04498329,3639.01487708,0.01998449,0.01998449,19789,61,0
10099.29800024,10099.29781297,3804.06813500,3804.07388706,0.04462435,3638.97643536,0.01998449,0.01998449,19788,61,0
10099.80727711,10099.80819534,3819.76548547,3819.73720743,0.05625445,3638.93428821,0.01998449,0.01998449,19787,61,0
10100.31920751,10100.31862931,3835.50551726,3835.52337020,0.04632246,3638.88809230,0.01998449,0.01998449,19786,61,0
10100.83002728,10100.82911488,3851.28819877,3851.31644400,0.04997520,3638.83814395,0.01998449,0.01998449,19785,61,0
10101.33998789,10101.33965206,3867.11376024,3867.12418428,0.03924273,3638.78441398,0.01998449,0.01998449,19784,61,0
10101.85065426,10101.85024086,3882.98483360,3882.99770251,0.04456750,3638.72670319,0.01998449,0.01998449,19783,61,0
10102.35959558,10102.36088129,3898.90459055,3898.86444828,0.06834916,3638.66525748,0.01998449,0.01998449,19782,61,0
10102.87164208,10102.87157335,3914.87133746,3914.87348926,0.04900172,3638.59945444,0.01998449,0.01998449,19781,61,0
10103.38306911,10103.38231705,3930.88056738,3930.90417020,0.04525154,3638.52973465,0.01998449,0.01998449,19780,61,0
10103.89292264,10103.89311241,3946.93362587,3946.92765324,0.04803376,3638.45622163,0.01998449,0.01998449,19779,61,0
10104.40430103,10104.40395942,3963.03735214,3963.04813842,0.05518409,3638.37840845,0.01998449,0.01998449,19778,61,0
10104.91418139,10104.91485810,3979.19206737,3979.17064098,0.04923526,3638.29672139,0.01998449,0.01998449,19777,61,0
10105.42556045,10105.42580845,3995.38877943,3995.38090976,0.04478511,3638.21069710,0.01998449,0.01998449,19776,61,0
10105.93589732,10105.93681048,4011.62448320,4011.59543104,0.04070327,3638.12074907,0.01998449,0.01998449,19775,61,0
10106.44826994,10106.44786420,4027.90932452,4027.92227546,0.05198654,3638.02623917,0.01998449,0.01998449,19774,61,0
10106.95879186,10106.95896962,4044.25021416,4044.24452216,0.04749270,3637.92780880,0.01998449,0.01998449,19773,61,0
10107.47075997,10107.47012674,4060.64094632,4060.66127757,0.05406701,3637.82483128,0.01998449,0.01998449,19772,61,0
10107.98182221,10107.98133558,4077.07528148,4077.09094603,0.04284538,3637.71778309,0.01998449,0.01998449,19771,61,0
nan,nan,0.00000000,-1.00000000,0.00000000,3637.61032698,nan,0.00000000,-2147483648,61,1
nan,nan,0.00000000,-1.00000000,0.00000000,3655.80328933,nan,0.00000000,-2147483648,60,1
10102.87006946,10102.87157335,9.01074300,8.98260141,0.05695184,3656.25686127,0.01998449,0.01998449,19781,60,0
10103.38195048,10103.38231705,18.57256055,18.56569454,0.05923121,3656.80007802,0.01998449,0.01998449,19780,60,0
10103.89106223,10103.89311241,28.14444541,28.10600829,0.05369766,3657.33946582,0.01998449,0.01998449,19779,60,0
10104.40337548,10104.40395942,37.72661130,37.71565275,0.05824006,3657.88135704,0.01998449,0.01998449,19778,60,0
10104.91632139,10104.91485810,47.31899975,47.34648664,0.04588207,3658.42301670,0.01998450,0.01998449,19777,60,0
10105.42619618,10105.42580845,56.92108014,56.92836983,0.05807864,3658.96050590,0.01998449,0.01998449,19776,60,0
10105.93650432,10105.93681048,66.53227182,66.52651115,0.04331088,3659.49748952,0.01998449,0.01998449,19775,60,0
10106.45257497,10106.44786420,0.00000000,76.21459297,0.03991199,3660.03806602,0.01998450,0.01998449,19774,60,1
10106.95844185,10106.95896962,85.78070177,85.77075494,0.05502852,3660.56986512,0.01998449,0.01998449,19773,60,0
10107.46982969,10107.47012674,95.41885139,95.41324767,0.04459510,3661.10504236,0.01998449,0.01998449,19772,60,0
10107.98149675,10107.98133558,105.06719573,105.07023906,0.04874668,3661.63958831,0.01998449,0.01998449,19771,60,0
10108.49125439,10108.49259614,114.72621356,114.70085178,0.04091270,3662.17124269,0.01998449,0.01998449,19770,60,0
10109.00321744,10109.00390842,124.39584032,124.38276639,0.05201446,3662.70428807,0.01998449,0.01998449,19769,60,0
10109.51486386,10109.51527245,134.07592162,134.06818339,0.05811589,3663.23608033,0.01998449,0.01998449,19768,60,0
10110.02522764,10110.02668821,143.76629898,143.73861086,0.05653388,3663.76560652,0.01998449,0.01998449,19767,60,0
10110.53797796,10110.53815573,153.46676345,153.46339030,0.04920411,3664.29665456,0.01998449,0.01998449,19766,60,0
10111.05016352,10111.04967501,163.17706484,163.18634260,0.04689131,3664.82614461,0.01998449,0.01998449,19765,60,0
10111.56157556,10111.56124606,172.89695026,172.90321368,0.05145998,3665.35384659,0.01998449,0.01998449,19764,60,0
10112.07147778,10112.07286888,182.62633265,182.59986657,0.04867090,3665.87899846,0.01998449,0.01998449,19763,60,0
10112.58449351,10112.58454348,192.36572131,192.36476968,0.05270417,3666.40638047,0.01998449,0.01998449,19762,60,0
10113.09698481,10113.09626988,202.11576159,202.12939040,0.05000503,3666.93227579,0.01998449,0.01998449,19761,60,0
10113.60848626,10113.60804808,211.87707420,211.88543635,0.04567925,3667.45623960,0.01998449,0.01998449,19760,60,0
10114.11735505,10114.11987808,221.64964693,221.60144955,0.04425913,3667.97659318,0.01998449,0.01998449,19759,60,0
10114.63149232,10114.63175990,231.43284323,231.42772689,0.04508435,3668.50136978,0.01998449,0.01998449,19758,60,0
10115.14515461,10115.14369354,241.22599626,241.25395832,0.05368508,3669.02465306,0.01998449,0.01998449,19757,60,0
10115.65514963,10115.65567901,251.02862802,251.01848802,0.05944769,3669.54317343,0.01998449,0.01998449,19756,60,0
10116.16794162,10116.16771632,260.84105367,260.84537323,0.05405724,3670.06351829,0.01998449,0.01998449,19755,60,0
10116.68090441,10116.67980547,270.66379549,270.68488541,0.04610022,3670.58303722,0.01998449,0.01998449,19754,60,0
10117.19142119,10117.19194648,280.49736830,280.48727690,0.04612591,3671.09910894,0.01998449,0.01998449,19753,60,0
10117.70456330,10117.70413936,290.34202404,290.35017664,0.05014611,3671.61686787,0.01998449,0.01998449,19752,60,0
10118.21707397,10118.21638410,300.19773961,300.21101955,0.05594657,3672.13301607,0.01998449,0.01998449,19751,60,0
10118.72923380,10118.72868072,310.06447890,310.07513650,0.05561822,3672.64783210,0.01998449,0.01998449,19750,60,0
10119.24017161,10119.24102923,319.94222240,319.92567971,0.05690569,3673.16043884,0.01998449,0.01998449,19749,60,0
10119.75519221,10119.75342963,329.83101937,329.86505273,0.06871461,3673.67614774,0.01998449,0.01998449,19748,60,0
10120.26694422,10120.26588193,339.73093692,339.75146963,0.05128211,3674.18759377,0.01998449,0.01998449,19747,60,0
10120.77887461,10120.77838614,349.64203468,349.65148592,0.05123133,3674.69822884,0.01998449,0.01998449,19746,60,0
10121.29190231,10121.29094227,359.56420441,359.58279830,0.04904582,3675.20895522,0.01998449,0.01998449,19745,60,0
10121.80427697,10121.80355032,369.49717553,369.51126292,0.05646401,3675.71801030,0.01998449,0.01998449,19744,60,0
10122.31624235,10122.31621031,379.44066915,379.44129094,0.05287396,3676.22562036,0.01998449,0.01998449,19743,60,0
10122.83022110,10122.82892224,389.39452443,389.41975272,0.05077373,3676.73416962,0.01998449,0.01998449,19742,60,0
10123.34039666,10123.34168611,399.35899215,399.33392209,0.05834495,3677.23791651,0.01998449,0.01998449,19741,60,0
10123.85522823,10123.85450194,409.33441343,409.34854848,0.05567491,3677.74522351,0.01998449,0.01998449,19740,60,0
10124.36712132,10124.36736974,419.32111731,419.31627738,0.04881247,3678.24861358,0.01998449,0.01998449,19739,60,0
10124.88044322,10124.88028951,429.31921969,429.32221738,0.05385710,3678.75238669,0.01998449,0.01998449,19738,60,0
10125.39414645,10125.39326126,439.32867071,439.34595192,0.05590509,3679.25550175,0.01998449,0.01998449,19737,60,0
10125.90538097,10125.90628500,449.34941584,449.33174855,0.05336418,3679.75516591,0.01998449,0.01998449,19736,60,0
10126.41887240,10126.41936074,459.38141822,459.37186511,0.04269111,3680.25599153,0.01998449,0.01998449,19735,60,0
10126.93359468,10126.93248848,469.42468586,469.44634829,0.05184455,3680.75696243,0.01998449,0.01998449,19734,60,0
10127.44651153,10127.44566823,479.47923375,479.49576466,0.04390094,3681.25512085,0.01998449,0.01998449,19733,60,0
10127.96034424,10127.95890000,489.54505026,489.57338995,0.05334594,3681.75310680,0.01998449,0.01998449,19732,60,0
10128.47154944,10128.47218380,499.62187855,499.60941887,0.04825623,3682.24747379,0.01998449,0.01998449,19731,60,0
10128.98409134,10128.98551963,509.70932795,509.68124790,0.05526396,3682.74203549,0.01998449,0.01998449,19730,60,0
10129.49860174,10129.49890751,519.80701250,519.80099561,0.06201341,3683.23736721,0.01998449,0.01998449,19729,60,0
10130.01173728,10130.01234744,529.91511086,529.90309260,0.05848807,3683.73025223,0.01998449,0.01998449,19728,60,0
10130.52494453,10130.52583943,540.03471196,540.01706591,0.05821736,3684.22213237,0.01998449,0.01998449,19727,60,0
10131.03955258,10131.03938349,550.16699384,550.17033214,0.05609042,3684.71432879,0.01998449,0.01998449,19726,60,0
10131.55222434,10131.55297962,560.31280468,560.29787562,0.04846764,3685.20368639,0.01998449,0.01998449,19725,60,0
10132.06571611,10132.06662784,570.47128646,570.45324560,0.04740198,3685.69279197,0.01998449,0.01998449,19724,60,0
10132.57946871,10132.58032814,580.64103430,580.62401234,0.05321616,3686.18103652,0.01998449,0.01998449,19723,60,0
10133.09303413,10133.09408055,590.82070526,590.79996248,0.05275050,3686.66792473,0.01998449,0.01998449,19722,60,0
10133.60792947,10133.60788506,601.01035543,601.01123662,0.06488381,3687.15488895,0.01998449,0.01998449,19721,60,0
10134.12116191,10134.12174169,611.21132642,611.19981046,0.05210173,3687.63915893,0.01998449,0.01998449,19720,60,0
10134.63590763,10134.63565044,621.42501425,621.43012899,0.04719066,3688.12379310,0.01998449,0.01998449,19719,60,0
10135.14998185,10135.14961132,631.65214689,631.65952419,0.05417045,3688.60676030,0.01998449,0.01998449,19718,60,0
10135.66489525,10135.66362434,641.89177341,641.91710446,0.05670360,3689.08942820,0.01998449,0.01998449,19717,60,0
10136.17698173,10136.17768950,652.14267914,652.12855910,0.06028880,3689.56830424,0.01998449,0.01998449,19716,60,0
10136.69287864,10136.69180683,662.40386657,662.42526851,0.05204026,3690.04954013,0.01998449,0.01998449,19715,60,0
10137.20412237,10137.20597631,672.67598904,672.63893152,0.04753280,3690.52526934,0.01998448,0.01998449,19714,60,0
10137.71966463,10137.72019796,682.96044366,682.94977069,0.05639367,3691.00388267,0.01998449,0.01998449,19713,60,0
10138.23512266,10138.23447180,693.25859724,693.27163892,0.04717803,3691.48135527,0.01998449,0.01998449,19712,60,0
10138.74655604,10138.74879781,703.57058055,703.52560816,0.05861252,3691.95404954,0.01998448,0.01998449,19711,60,0
10139.26283706,10139.26317603,713.89512396,713.88831680,0.04911930,3692.43009830,0.01998449,0.01998449,19710,60,0
10139.77733228,10139.77760644,724.23087499,724.22536424,0.05761829,3692.90330727,0.01998449,0.01998449,19709,60,0
10140.29156667,10140.29208907,734.57706065,734.56655023,0.05502207,3693.37504567,0.01998449,0.01998449,19708,60,0
10140.80618897,10140.80662391,744.93454807,744.92578828,0.05616961,3693.84594270,0.01998449,0.01998449,19707,60,0
10141.32049716,10141.32121098,755.30449566,755.29010236,0.05288996,3694.31540278,0.01998449,0.01998449,19706,60,0
10141.83767760,10141.83585028,765.68792335,765.72481401,0.05330478,3694.78636631,0.01998449,0.01998449,19705,60,0
10142.34991292,10142.35054183,776.08477648,776.07206518,0.05314248,3695.25171246,0.01998449,0.01998449,19704,60,0
10142.86666718,10142.86528562,786.49451588,786.52247078,0.05399590,3695.72000980,0.01998449,0.01998449,19703,60,0
10143.37930336,10143.38008167,796.91661279,796.90084743,0.05224814,3696.18340043,0.01998449,0.01998449,19702,60,0
10143.89487877,10143.89492999,807.35093067,807.34989199,0.04754268,3696.64825592,0.01998449,0.01998449,19701,60,0
10144.40928527,10144.40983058,817.79773525,817.78666527,0.04458097,3697.11087216,0.01998449,0.01998449,19700,60,0
10144.92582181,10144.92478346,828.25731179,828.27841446,0.05033665,3697.57421937,0.01998449,0.01998449,19699,60,0
10145.44059836,10145.43978862,838.72985565,838.74633104,0.05153986,3698.03480942,0.01998449,0.01998449,19698,60,0
10145.95529889,10145.95484608,849.21535770,849.22458113,0.05714682,3698.49414877,0.01998449,0.01998449,19697,60,0
10146.46951060,10146.46995585,859.71378072,859.70470096,0.06005736,3698.95186330,0.01998449,0.01998449,19696,60,0
10146.98597353,10146.98511793,870.22517765,870.24264562,0.05372975,3699.41038207,0.01998449,0.01998449,19695,60,0
10147.49956688,10147.50033233,880.75006563,880.73441930,0.04880632,3699.86517713,0.01998448,0.01998449,19694,60,0
10148.01527943,10148.01559906,891.28911381,891.28257211,0.05536619,3700.32069116,0.01998449,0.01998449,19693,60,0
10148.53111718,10148.53091813,901.84290141,901.84698071,0.05132982,3700.77517350,0.01998449,0.01998449,19692,60,0
10149.04589582,10149.04628954,912.41083842,912.40276027,0.05078140,3701.22755161,0.01998449,0.01998449,19691,60,0
10149.56089782,10149.56171331,922.99153778,922.97478884,0.06106198,3701.67888967,0.01998449,0.01998449,19690,60,0
10150.07681037,10150.07718944,933.58361712,933.57582449,0.04375050,3702.12972104,0.01998449,0.01998449,19689,60,0
10150.59151567,10150.59271793,944.18688399,944.16214326,0.05428887,3702.57818265,0.01998449,0.01998449,19688,60,0
10151.10788434,10151.10829881,954.80272604,954.79418700,0.05190249,3703.02682716,0.01998449,0.01998449,19687,60,0
10151.62406671,10151.62393207,965.43264761,965.43542515,0.05505561,3703.47409935,0.01998449,0.01998449,19686,60,0
10152.13983896,10152.13961772,976.07748568,976.08205529,0.04842347,3703.91983569,0.01998449,0.01998449,19685,60,0
10152.65493796,10152.65535578,986.73635304,986.72771289,0.06187323,3704.36376849,0.01998449,0.01998449,19684,60,0
10153.17048334,10153.17114624,997.40808393,997.39436147,0.05271873,3704.80680857,0.01998449,0.01998449,19683,60,0
10153.68725973,10153.68698912,1008.09177723,1008.09738468,0.06295475,3705.24958051,0.01998449,0.01998449,19682,60,0
10154.20195870,10154.20288443,1018.78789932,1018.76869542,0.05896698,3705.68926634,0.01998449,0.01998449,19681,60,0
10154.71909298,10154.71883217,1029.49735077,1029.50276771,0.04654659,3706.12975081,0.01998449,0.01998449,19680,60,0
10155.23552222,10155.23483235,1040.22095422,1040.23530010,0.05425239,3706.56837980,0.01998449,0.01998449,19679,60,0
10155.75212066,10155.75088498,1050.95868864,1050.98441535,0.05849612,3707.00589013,0.01998449,0.01998449,19678,60,0
10156.27554787,nan,0.00000000,1061.87915759,0.11211003,3707.44749317,0.01998450,0.01998449,19677,60,1
10156.79430873,nan,0.00000000,1072.69916181,0.07268110,3707.88423876,0.01998451,0.01998449,19676,60,1
10157.29580573,10157.29935764,0.00000000,1083.17135761,0.04633563,3708.30521022,0.01998448,0.01998449,19675,60,1
10157.81490829,10157.81562015,1094.04259563,1094.02770848,0.05317649,3708.73982256,0.01998449,0.01998449,19674,60,0
10158.33040558,10158.33193514,1104.84666785,1104.81464268,0.06612590,3709.16983919,0.01998448,0.01998449,19673,60,0
10158.84736236,10158.84830263,1115.66465326,1115.64494216,0.04540906,3709.59976261,0.01998448,0.01998449,19672,60,0
10159.36531169,10159.36472263,1126.49741979,1126.50978446,0.05014453,3710.02922284,0.01998449,0.01998449,19671,60,0
10159.88223740,10159.88119514,1137.34587601,1137.36778390,0.05041027,3710.45657688,0.01998449,0.01998449,19670,60,0
10160.39807312,10160.39772017,1148.21036018,1148.21778893,0.04387179,3710.88178310,0.01998449,0.01998449,19669,60,0
10160.91322734,10160.91429773,1159.08969036,1159.06713431,0.05576478,3711.30513107,0.01998448,0.01998449,19668,60,0
10161.42959330,10161.43092783,1169.98242715,1169.95427504,0.05426610,3711.72811181,0.01998448,0.01998449,19667,60,0
10161.94794205,10161.94761047,1180.88759051,1180.89459261,0.04781831,3712.15129972,0.01998449,0.01998449,19666,60,0
10162.46565478,10162.46434567,1191.80620314,1191.83388164,0.04985147,3712.57258466,0.01998449,0.01998449,19665,60,0
10162.98169146,10162.98113342,1202.73983241,1202.75164689,0.05300330,3712.99118304,0.01998449,0.01998449,19664,60,0
10163.49833530,10163.49797375,1213.68981095,1213.69747630,0.05862642,3713.40899437,0.01998449,0.01998449,19663,60,0
10164.01415699,10164.01486665,1224.65581334,1224.64074796,0.05791677,3713.82484320,0.01998448,0.01998449,19662,60,0
10164.53011018,10164.53181214,1235.63682106,1235.60064627,0.04804347,3714.23945488,0.01998448,0.01998449,19661,60,0
10165.04926341,10165.04881022,1246.63189511,1246.64153870,0.05124269,3714.65523934,0.01998449,0.01998449,19660,60,0
10165.56706627,10165.56586090,1257.64104436,1257.66672488,0.05596204,3715.06853811,0.01998449,0.01998449,19659,60,0
10166.08376654,10166.08296419,1268.66485421,1268.68196976,0.06298223,3715.47957387,0.01998449,0.01998449,19658,60,0
10166.60109156,10166.60012010,1279.70389858,1279.72464836,0.05684516,3715.88973670,0.01998449,0.01998449,19657,60,0
10167.11811869,10167.11732864,1290.75834648,1290.77524334,0.05250083,3716.29829249,0.01998449,0.01998449,19656,60,0
10167.63412035,10167.63458981,1301.82802546,1301.81797258,0.05815952,3716.70465771,0.01998448,0.01998449,19655,60,0
10168.15312008,10168.15190361,1312.91275009,1312.93883214,0.05707434,3717.11197872,0.01998449,0.01998449,19654,60,0
10168.66874085,10168.66927007,1324.01230682,1324.00094593,0.05475251,3717.51523713,0.01998448,0.01998449,19653,60,0
10169.18593207,10169.18668919,1335.12645061,1335.11017800,0.05490827,3717.91829510,0.01998448,0.01998449,19652,60,0
10169.70501846,10169.70416097,1346.25494187,1346.27339366,0.05272473,3718.32137540,0.01998449,0.01998449,19651,60,0
10170.22242471,10170.22168542,1357.39798891,1357.41391671,0.05472451,3718.72170125,0.01998449,0.01998449,19650,60,0
10170.73874383,10170.73926256,1368.55645060,1368.54525992,0.05039764,3719.11976648,0.01998448,0.01998449,19649,60,0
10171.25736627,10171.25689239,1379.73123743,1379.74147496,0.05361009,3719.51820468,0.01998449,0.01998449,19648,60,0
10171.77599586,10171.77457491,1390.92271114,1390.95345070,0.05099047,3719.91524705,0.01998449,0.01998449,19647,60,0
10172.29308900,10172.29231014,1402.13023129,1402.14710229,0.05307863,3720.30968720,0.01998449,0.01998449,19646,60,0
10172.81126210,10172.81009808,1413.35304760,1413.37829253,0.05148921,3720.70348856,0.01998449,0.01998449,19645,60,0
10173.32866662,10173.32793875,1424.59064903,1424.60645419,0.05278679,3721.09521965,0.01998449,0.01998449,19644,60,0
10173.84523312,10173.84583214,1435.84306011,1435.83003702,0.04828168,3721.48482835,0.01998448,0.01998449,19643,60,0
10174.36292821,10174.36377827,1447.11037797,1447.09187447,0.05709453,3721.87379270,0.01998448,0.01998449,19642,60,0
10174.88105409,10174.88177715,1458.39305024,1458.37729053,0.05619384,3722.26158954,0.01998448,0.01998449,19641,60,0
10175.39928699,10175.39982878,1469.69243376,1469.68060797,0.06626901,3722.64801282,0.01998448,0.01998449,19640,60,0
10175.91700245,10175.91793317,1481.01004071,1480.98969349,0.04371878,3723.03264149,0.01998448,0.01998449,19639,60,0
10176.43608998,10176.43609034,1492.34652790,1492.34652012,0.04733631,3723.41688892,0.01998448,0.01998449,19638,60,0
10176.95375453,10176.95430028,1503.69999893,1503.68803448,0.05039587,3723.79861316,0.01998448,0.01998449,19637,60,0
10177.47228120,10177.47256301,1515.06807222,1515.06188749,0.05487169,3724.17941348,0.01998448,0.01998449,19636,60,0
10177.99032695,10177.99087853,1526.44928064,1526.43716229,0.04884964,3724.55824582,0.01998448,0.01998449,19635,60,0
10178.51041251,10178.50924685,1537.84516878,1537.87081158,0.05281411,3724.93699096,0.01998449,0.01998449,19634,60,0
10179.02706527,10179.02766799,1549.25790481,1549.24462627,0.05257927,3725.31173357,0.01998448,0.01998449,19633,60,0
10179.54593793,10179.54614194,1560.68902119,1560.68451980,0.05752721,3725.68662056,0.01998448,0.01998448,19632,60,0
10180.06420967,10180.06466872,1572.13782751,1572.12768496,0.04938693,3726.05957524,0.01998448,0.01998448,19631,60,0
10180.58230907,10180.58324834,1583.60315001,1583.58237062,0.05718012,3726.43086251,0.01998448,0.01998448,19630,60,0
10181.10352182,10181.10188079,1595.08419600,1595.12054717,0.05639675,3726.80278974,0.01998449,0.01998448,19629,60,0
10181.62088593,10181.62056610,1606.58152480,1606.58861912,0.05636269,3727.17040226,0.01998448,0.01998448,19628,60,0
10182.13863041,10182.13930427,1618.09599524,1618.08102694,0.06530625,3727.53673974,0.01998448,0.01998448,19627,60,0
10182.65775141,10182.65809530,1629.62820363,1629.62055384,0.05030428,3727.90250923,0.01998448,0.01998448,19626,60,0
10183.17762797,10183.17693921,1641.17783521,1641.19317791,0.05198863,3728.26724469,0.01998449,0.01998448,19625,60,0
10183.69555200,10183.69583600,1652.74437823,1652.73804356,0.05622503,3728.62902674,0.01998448,0.01998448,19624,60,0
10184.21524656,10184.21478568,1664.32757810,1664.33787226,0.05170276,3728.99044028,0.01998449,0.01998448,19623,60,0
10184.73318916,10184.73378826,1675.92801280,1675.91461248,0.05393760,3729.34904492,0.01998448,0.01998448,19622,60,0
10185.25389920,10185.25284375,1687.54643115,1687.57007382,0.05406684,3729.70797929,0.01998449,0.01998448,19621,60,0
10185.77220689,10185.77195215,1699.18324023,1699.18895483,0.05158430,3730.06368124,0.01998448,0.01998448,19620,60,0
10186.28982941,10186.29111348,1710.83784507,1710.80899918,0.04862131,3730.41731593,0.01998448,0.01998448,19619,60,0
10186.81055644,10186.81032774,1722.50946581,1722.51461020,0.05664759,3730.77142848,0.01998448,0.01998448,19618,60,0
10187.32972035,10187.32959493,1734.19771539,1734.20054034,0.05550888,3731.12281709,0.01998448,0.01998448,19617,60,0
10187.84733871,10187.84891508,1745.90321100,1745.86765455,0.04434637,3731.47151833,0.01998448,0.01998448,19616,60,0
10188.36746677,10188.36828818,1757.62672996,1757.60817495,0.05670188,3731.82027363,0.01998448,0.01998448,19615,60,0
10188.88787226,10188.88771425,1769.36876579,1769.37234038,0.05717292,3732.16757832,0.01998448,0.01998448,19614,60,0
10189.40588937,10189.40719328,1781.12919808,1781.09965755,0.04365214,3732.51165020,0.01998448,0.01998448,19613,60,0
10189.92729398,10189.92672530,1792.90782619,1792.92072840,0.05625886,3732.85630545,0.01998449,0.01998448,19612,60,0
10190.44641877,10190.44631031,1804.70446092,1804.70692528,0.05744535,3733.19777771,0.01998448,0.01998448,19611,60,0
10190.96615555,10190.96594831,1816.51893454,1816.52364982,0.05320599,3733.53796306,0.01998448,0.01998448,19610,60,0
10191.48568898,10191.48563931,1828.35108586,1828.35221743,0.05502238,3733.87631202,0.01998448,0.01998448,19609,60,0
10192.00534167,10192.00538333,1840.20101559,1840.20006519,0.05157895,3734.21302880,0.01998448,0.01998448,19608,60,0
10192.52571383,10192.52518037,1852.06918910,1852.08137827,0.05211234,3734.54850204,0.01998448,0.01998448,19607,60,0
10193.04475432,10193.04503044,1863.95610323,1863.94978468,0.05548466,3734.88141680,0.01998448,0.01998448,19606,60,0
10193.56486556,10193.56493354,1875.86227626,1875.86071818,0.05081150,3735.21331992,0.01998448,0.01998448,19605,60,0
10194.08440733,10194.08488969,1887.78824923,1887.77717677,0.04614738,3735.54316706,0.01998448,0.01998448,19604,60,0
10194.60536205,10194.60489889,1899.73450045,1899.74514904,0.05392569,3735.87221541,0.01998448,0.01998448,19603,60,0
10195.12478691,10195.12496115,1911.70044241,1911.69643035,0.05259167,3736.19858013,0.01998448,0.01998448,19602,60,0
10195.64543966,10195.64507649,1923.68463405,1923.69300776,0.05083803,3736.52394610,0.01998448,0.01998448,19601,60,0
10196.16496587,10196.16524490,1935.68580787,1935.67936591,0.05729321,3736.84679795,0.01998448,0.01998448,19600,60,0
10196.68566190,10196.68546639,1947.70474865,1947.70926893,0.05168435,3737.16857460,0.01998448,0.01998448,19599,60,0
10197.20510430,10197.20574098,1959.74341859,1959.72867434,0.05697084,3737.48782138,0.01998448,0.01998448,19598,60,0
10197.72409301,10197.72606867,1971.80340874,1971.75758010,0.06208054,3737.80506988,0.01998448,0.01998448,19597,60,0
10198.24526565,10198.24644947,1983.88381150,1983.85630944,0.05826864,3738.12188886,0.01998448,0.01998448,19596,60,0
10198.76649448,10198.76688339,1995.98274294,1995.97369565,0.05789409,3738.43691366,0.01998448,0.01998448,19595,60,0
10199.28818605,10199.28737043,2008.09879701,2008.11779589,0.05115621,3738.75034107,0.01998449,0.01998448,19594,60,0
10199.80890312,10199.80791061,2020.23251326,2020.25566489,0.06035355,3739.06131515,0.01998449,0.01998448,19593,60,0
10200.32853002,10200.32850393,2032.38491791,2032.38552736,0.05009423,3739.36979459,0.01998448,0.01998448,19592,60,0
10200.84939241,10200.84915040,2044.55707498,2044.56273731,0.04998990,3739.67717614,0.01998448,0.01998448,19591,60,0
10201.37067841,10201.36985003,2056.75012629,2056.76954043,0.05393388,3739.98298995,0.01998448,0.01998448,19590,60,0
10201.89069584,10201.89060283,2068.96522017,2068.96740383,0.05447984,3740.28626495,0.01998448,0.01998448,19589,60,0
10202.41143711,10202.41140880,2081.20273070,2081.20339644,0.05613657,3740.58816327,0.01998448,0.01998448,19588,60,0
10202.93247884,10202.93226795,2093.46186752,2093.46683498,0.05007556,3740.88840278,0.01998448,0.01998448,19587,60,0
10203.45325311,10203.45318030,2105.74175819,2105.74347612,0.05107791,3741.18662334,0.01998448,0.01998448,19586,60,0
10203.97510477,10203.97414584,2118.04192052,2118.06457858,0.05095416,3741.48356792,0.01998448,0.01998448,19585,60,0
10204.49417695,10204.49516459,2130.36222682,2130.33885472,0.04869524,3741.77703733,0.01998448,0.01998448,19584,60,0
10205.01689535,10205.01623656,2142.70263023,2142.71824434,0.04590190,3742.07064778,0.01998448,0.01998448,19583,60,0
10205.53631951,10205.53736175,2155.06369900,2155.03895714,0.05696862,3742.36050139,0.01998448,0.01998448,19582,60,0
10206.05865946,10206.05854018,2167.44632887,2167.44916524,0.04662133,3742.65007534,0.01998448,0.01998448,19581,60,0
10206.58049838,10206.57977184,2179.85121723,2179.86852292,0.05795029,3742.93746661,0.01998448,0.01998448,19580,60,0
10207.10116820,10207.10105675,2192.27812660,2192.28078564,0.04775752,3743.22229891,0.01998448,0.01998448,19579,60,0
10207.62155192,10207.62239492,2204.72655293,2204.70640793,0.04979630,3743.50504003,0.01998448,0.01998448,19578,60,0
10208.14376884,10208.14378635,2217.19596367,2217.19554448,0.04748579,3743.78680916,0.01998448,0.01998448,19577,60,0
10208.66645502,10208.66523106,2229.68576795,2229.71510666,0.05047787,3744.06683270,0.01998449,0.01998448,19576,60,0
10209.18527979,10209.18672904,2242.19538858,2242.16059851,0.05299801,3744.34278632,0.01998448,0.01998448,19575,60,0
10209.70928382,10209.70828032,2254.72510556,2254.74923258,0.04642415,3744.61946637,0.01998449,0.01998448,19574,60,0
10210.22948779,10210.22988489,2267.27622214,2267.26665910,0.05494883,3744.89214103,0.01998448,0.01998448,19573,60,0
10210.75008797,10210.75154276,2279.85002359,2279.81492756,0.04820303,3745.16304534,0.01998448,0.01998448,19572,60,0
10211.27336239,10211.27325395,2292.44685376,2292.44947415,0.04898081,3745.43334209,0.01998448,0.01998448,19571,60,0
10211.79583378,10211.79501847,2305.06648541,2305.08622176,0.05332848,3745.70120688,0.01998448,0.01998448,19570,60,0
10212.31633030,10212.31683631,2317.70860179,2317.69633272,0.04904920,3745.96603587,0.01998448,0.01998448,19569,60,0
10212.83927221,10212.83870749,2330.37252850,2330.38624315,0.05464066,3746.23004897,0.01998448,0.01998448,19568,60,0
10213.36121971,10213.36063201,2343.05749169,2343.07178599,0.04421158,3746.49147315,0.01998448,0.01998448,19567,60,0
10213.88292368,10213.88260989,2355.76358234,2355.77122679,0.04840286,3746.75068228,0.01998448,0.01998448,19566,60,0
10214.40505960,10214.40464114,2368.49261039,2368.50282331,0.04943286,3747.00803571,0.01998448,0.01998448,19565,60,0
10214.92634342,10214.92672575,2381.24651049,2381.23716188,0.04811460,3747.26292882,0.01998448,0.01998448,19564,60,0
10215.44823649,10215.44886374,2394.02542830,2394.01006324,0.05291764,3747.51606668,0.01998448,0.01998448,19563,60,0
10215.97079640,10215.97105512,2406.82788538,2406.82153697,0.05451114,3747.76742684,0.01998448,0.01998448,19562,60,0
10216.49441093,10216.49329990,2419.65254271,2419.67984816,0.04729957,3748.01714633,0.01998448,0.01998448,19561,60,0
10217.01566247,10217.01559807,2432.49939152,2432.50097684,0.05044418,3748.26359084,0.01998448,0.01998448,19560,60,0
10217.53776482,10217.53794966,2445.36894645,2445.36438840,0.05053328,3748.50828665,0.01998448,0.01998448,19559,60,0
10218.06167968,10218.06035467,2458.26198935,2458.29472018,0.04988744,3748.75167006,0.01998448,0.01998448,19558,60,0
10218.58421922,10218.58281311,2471.17993941,2471.21473906,0.05122981,3748.99227070,0.01998448,0.01998448,19557,60,0
10219.10584428,10219.10532498,2484.12423422,2484.13711140,0.05230629,3749.23032718,0.01998448,0.01998448,19556,60,0
10219.62699753,10219.62789030,2497.09433185,2497.07215385,0.05418948,3749.46602540,0.01998448,0.01998448,19555,60,0
10220.14987721,10220.15050907,2510.08772622,2510.07200464,0.04219352,3749.70029243,0.01998448,0.01998448,19554,60,0
10220.67455772,10220.67318130,2523.10229477,2523.13659414,0.05653711,3749.93308825,0.01998449,0.01998448,19553,60,0
10221.19472740,10221.19590700,2536.13895372,2536.10950975,0.05980818,3750.16163428,0.01998448,0.01998448,19552,60,0
10221.71795144,10221.71868618,2549.19979721,2549.18142393,0.04859377,3750.38928781,0.01998448,0.01998448,19551,60,0
10222.24219725,10222.24151884,2562.28610395,2562.30309982,0.05984848,3750.61514661,0.01998448,0.01998448,19550,60,0
10222.76474972,10222.76440500,2575.39737553,2575.40602708,0.04473384,3750.83802240,0.01998448,0.01998448,19549,60,0
10223.28617701,10223.28734465,2588.53292444,2588.50356928,0.06088687,3751.05815025,0.01998448,0.01998448,19548,60,0
10223.80954840,10223.81033782,2601.69277464,2601.67289318,0.05432386,3751.27680725,0.01998448,0.01998448,19547,60,0
10224.33317170,10224.33338451,2614.87751748,2614.87214819,0.05374712,3751.49326789,0.01998448,0.01998448,19546,60,0
10224.85596341,10224.85648472,2628.08777757,2628.07460030,0.05849410,3751.70708402,0.01998448,0.01998448,19545,60,0
10225.37993391,10225.37963847,2641.32423530,2641.33171751,0.06339620,3751.91907187,0.01998448,0.01998448,19544,60,0
10225.90346233,10225.90284576,2654.58757980,2654.60322528,0.04944855,3752.12856663,0.01998448,0.01998448,19543,60,0
10226.42638816,10226.42610660,2667.87798502,2667.88514326,0.05475918,3752.33549830,0.01998448,0.01998448,19542,60,0
10226.94805701,10226.94942099,2681.19490794,2681.16016600,0.04211937,3752.53959663,0.01998448,0.01998448,19541,60,0
10227.47295763,10227.47278896,2694.53785925,2694.54216344,0.05870139,3752.74258187,0.01998448,0.01998448,19540,60,0
10227.99609397,10227.99621050,2707.90719690,2707.90421750,0.05768180,3752.94250243,0.01998448,0.01998448,19539,60,0
10228.52022232,10228.51968563,2721.30367020,2721.31741817,0.05340692,3753.14041273,0.01998448,0.01998448,19538,60,0
10229.04412594,10229.04321435,2734.72743083,2734.75082696,0.05527254,3753.33583460,0.01998448,0.01998448,19537,60,0
10229.56642016,10229.56679667,2748.17734326,2748.16766290,0.05428658,3753.52823234,0.01998448,0.01998448,19536,60,0
10230.09014030,10230.09043259,2761.65224522,2761.64471687,0.05013220,3753.71869404,0.01998448,0.01998448,19535,60,0
10230.61386865,10230.61412214,2775.15277496,2775.14623400,0.05891302,3753.90668848,0.01998448,0.01998448,19534,60,0
10231.13808253,10231.13786531,2788.68077599,2788.68639241,0.05788614,3754.09239388,0.01998448,0.01998448,19533,60,0
10231.66007127,10231.66166211,2802.23759961,2802.19638417,0.05774895,3754.27486439,0.01998448,0.01998448,19532,60,0
10232.18366685,10232.18551255,2815.82307069,2815.77515704,0.05479750,3754.45542487,0.01998448,0.01998448,19531,60,0
10232.70991722,10232.70941665,2829.43674800,2829.44976810,0.04099770,3754.63438386,0.01998448,0.01998448,19530,60,0
10233.23280178,10233.23337440,2843.07839119,2843.06346814,0.05856689,3754.80967953,0.01998448,0.01998448,19529,60,0
10233.75741910,10233.75738582,2856.74792595,2856.74879511,0.05719761,3754.98301570,0.01998448,0.01998448,19528,60,0
10234.28010800,10234.28145091,2870.44517706,2870.41004484,0.04635325,3755.15316573,0.01998448,0.01998448,19527,60,0
10234.80501821,10234.80556968,2884.16961136,2884.15515723,0.06082417,3755.32145566,0.01998448,0.01998448,19526,60,0
10235.32905321,10235.32974215,2897.92068183,2897.90259173,0.05055484,3755.48686038,0.01998448,0.01998448,19525,60,0
10235.85417303,10235.85396831,2911.69911287,2911.70449876,0.05163069,3755.64998988,0.01998448,0.01998448,19524,60,0
10236.37778733,10236.37824818,2925.50677118,2925.49462115,0.05448145,3755.81004806,0.01998448,0.01998448,19523,60,0
10236.90244847,10236.90258177,2939.34494533,2939.34142355,0.05248241,3755.96781586,0.01998448,0.01998448,19522,60,0
10237.42640176,10237.42696908,2953.21273970,2953.19772179,0.05783650,3756.12273516,0.01998448,0.01998448,19521,60,0
10237.95107802,10237.95141013,2967.10886896,2967.10006057,0.03892069,3756.27519740,0.01998448,0.01998448,19520,60,0
10238.47411416,10238.47590491,2981.03363015,2980.98603954,0.06349783,3756.42450939,0.01998448,0.01998448,19519,60,0
10238.99888118,10239.00045344,2994.98866111,2994.94678801,0.06050088,3756.57163290,0.01998448,0.01998448,19518,60,0
10239.52493454,10239.52505573,3008.97516009,3008.97192553,0.05731574,3756.71641439,0.01998448,0.01998448,19517,60,0
10240.04998512,10240.04971179,3022.99284691,3023.00015760,0.05626281,3756.85819998,0.01998448,0.01998448,19516,60,0
10240.57485250,10240.57442161,3037.04122559,3037.05277406,0.06220119,3756.99719665,0.01998448,0.01998448,19515,60,0
10241.09933359,10241.09918522,3051.12061985,3051.12460470,0.04488682,3757.13333985,0.01998448,0.01998448,19514,60,0
10241.62453842,10241.62400262,3065.23192144,3065.24634374,0.05306838,3757.26690479,0.01998448,0.01998448,19513,60,0
10242.14758290,10242.14887382,3079.37511287,3079.34029196,0.05399800,3757.39715014,0.01998448,0.01998448,19512,60,0
10242.67434014,10242.67379882,3093.54809333,3093.56272255,0.04450550,3757.52548796,0.01998448,0.01998448,19511,60,0
10243.19809798,10243.19877764,3107.74889629,3107.73049382,0.05047082,3757.65024230,0.01998448,0.01998448,19510,60,0
10243.72419963,10243.72381029,3121.97916398,3121.98972780,0.05110365,3757.77268855,0.01998448,0.01998448,19509,60,0
10244.24785460,10244.24889676,3136.24229853,3136.21395712,0.04854257,3757.89172300,0.01998448,0.01998448,19508,60,0
10244.77225401,10244.77403707,3150.53973721,3150.49113777,0.05072246,3758.00807661,0.01998448,0.01998448,19507,60,0
10245.29930905,10245.29923123,3164.86994992,3164.87207552,0.04995210,3758.12211265,0.01998448,0.01998448,19506,60,0
10245.82382128,10245.82447925,3179.23159764,3179.21358810,0.04967530,3758.23267531,0.01998448,0.01998448,19505,60,0
10246.35003132,10246.34978113,3193.62544343,3193.63230638,0.06169817,3758.34065207,0.01998448,0.01998448,19504,60,0
10246.87641457,10246.87513688,3208.05280905,3208.08793662,0.05863077,3758.44570419,0.01998448,0.01998448,19503,60,0
10247.39944572,10247.40054652,3222.51374380,3222.48341365,0.05434353,3758.54713487,0.01998448,0.01998448,19502,60,0
10247.92694134,10247.92601004,3237.00718384,3237.03289802,0.05027906,3758.64642270,0.01998448,0.01998448,19501,60,0
10248.45161267,10248.45152746,3251.53272344,3251.53508103,0.05059057,3758.74215930,0.01998448,0.01998448,19500,60,0
10248.97643649,10248.97709879,3266.09163968,3266.07327241,0.04715677,3758.83489929,0.01998448,0.01998448,19499,60,0
10249.50281241,10249.50272403,3280.68530880,3280.68776539,0.05820135,3758.92486307,0.01998448,0.01998448,19498,60,0
10250.02709821,10250.02840320,3295.31396170,3295.27760530,0.05344889,3759.01141280,0.01998448,0.01998448,19497,60,0
10250.55309956,10250.55413629,3309.97732906,3309.94838094,0.05540539,3759.09515690,0.01998448,0.01998448,19496,60,0
10251.08153883,10251.07992332,3324.67518834,3324.72039904,0.04643501,3759.17615083,0.01998448,0.01998448,19495,60,0
10251.60495657,10251.60576430,3339.40737288,3339.38471800,0.04524362,3759.25325214,0.01998448,0.01998448,19494,60,0
10252.13057464,10252.13165924,3354.17415069,3354.14366090,0.06314189,3759.32752999,0.01998448,0.01998448,19493,60,0
10252.65577861,10252.65760814,3368.97701175,3368.92545756,0.06032026,3759.39858447,0.01998448,0.01998448,19492,60,0
10253.18368509,10253.18361101,3383.81741782,3383.81951034,0.05250071,3759.46680044,0.01998448,0.01998448,19491,60,0
10253.70935254,10253.70966786,3398.69488015,3398.68595195,0.05111347,3759.53150953,0.01998448,0.01998448,19490,60,0
10254.23688236,10254.23577871,3413.60804182,3413.63936147,0.05361416,3759.59319124,0.01998448,0.01998448,19489,60,0
10254.76253171,10254.76194354,3428.55653377,3428.57326293,0.05109508,3759.65138436,0.01998448,0.01998448,19488,60,0
10255.28860444,10255.28816239,3443.54104965,3443.55365205,0.06787356,3759.70633790,0.01998448,0.01998448,19487,60,0
10255.81576405,10255.81443524,3458.56239607,3458.60036957,0.05056079,3759.75808702,0.01998448,0.01998448,19486,60,0
10256.34151102,10256.34076212,3473.62151522,3473.64296860,0.06675568,3759.80636917,0.01998448,0.01998448,19485,60,0
10256.86616227,10256.86714303,3488.71915337,3488.69098895,0.05019445,3759.85121562,0.01998448,0.01998448,19484,60,0
10257.39557880,10257.39357798,3503.85480521,3503.91239947,0.05550201,3759.89306635,0.01998448,0.01998448,19483,60,0
10257.92011641,10257.92006698,3519.02752026,3519.02894645,0.05609044,3759.93113375,0.01998448,0.01998448,19482,60,0
10258.44606527,10258.44661003,3534.23631766,3534.22056518,0.05745641,3759.96588246,0.01998448,0.01998448,19481,60,0
10258.97179945,10258.97320714,3549.48023724,3549.43944275,0.05178608,3759.99716881,0.01998448,0.01998448,19480,60,0
10259.50090744,10259.49985833,3564.76073944,3564.79121695,0.05462760,3760.02515540,0.01998448,0.01998448,19479,60,0
10260.02563646,10260.02656359,3580.08287329,3580.05586425,0.04211679,3760.04942636,0.01998448,0.01998448,19478,60,0
10260.55332302,10260.55332295,3595.44952669,3595.44952882,0.05297290,3760.07031197,0.01998448,0.01998448,19477,60,0
10261.08064154,10261.08013640,3610.85626206,3610.87105163,0.04324417,3760.08762125,0.01998448,0.01998448,19476,60,0
10261.60719487,10261.60700396,3626.29867979,3626.30428182,0.04872699,3760.10132346,0.01998448,0.01998448,19475,60,0
10262.13288493,10262.13392563,3641.78089648,3641.75027589,0.06487398,3760.11141223,0.01998448,0.01998448,19474,60,0
10262.66143137,10262.66090142,3657.30962288,3657.32526235,0.05227980,3760.11791478,0.01998448,0.01998448,19473,60,0
10263.18876461,10263.18793134,3672.88385948,3672.90851478,0.05259267,3760.12073345,0.01998448,0.01998448,19472,60,0
10263.71389741,10263.71501540,3688.49742808,3688.46427312,0.05061506,3760.11986999,0.01998448,0.01998448,19471,60,0
10264.24341414,10264.24215361,3704.14906592,3704.18654053,0.04169514,3760.11526557,0.01998448,0.01998448,19470,60,0
10264.77072427,10264.76934597,3719.84351167,3719.88460144,0.04479215,3760.10692675,0.01998448,0.01998448,19469,60,0
10265.29613810,10265.29659250,3735.58322682,3735.56964390,0.04246641,3760.09486230,0.01998448,0.01998448,19468,60,0
10265.82339047,10265.82389320,3751.36530828,3751.35024342,0.03939342,3760.07896068,0.01998448,0.01998448,19467,60,0
10266.35043344,10266.35124807,3767.18722410,3767.16275339,0.04361166,3760.05924181,0.01998448,0.01998448,19466,60,0
10266.87652536,10266.87865714,3783.05000785,3782.98580925,0.05827890,3760.03571859,0.01998447,0.01998448,19465,60,0
10267.40668167,10267.40612041,3798.95533258,3798.97227926,0.05353790,3760.00810255,0.01998448,0.01998448,19464,60,0
10267.93251898,10267.93363788,3814.90409357,3814.87022067,0.04507536,3759.97680342,0.01998448,0.01998448,19463,60,0
10268.46136933,10268.46120956,3830.89686565,3830.90171544,0.05759862,3759.94136923,0.01998448,0.01998448,19462,60,0
10268.98861743,10268.98883546,3846.93375803,3846.92712244,0.05039721,3759.90206399,0.01998448,0.01998448,19461,60,0
10269.51775080,10269.51651560,3863.01474587,3863.05243928,0.05549809,3759.85859518,0.01998448,0.01998448,19460,60,0
10270.04407999,10270.04424997,3879.14185953,3879.13665744,0.04472851,3759.81132312,0.01998448,0.01998448,19459,60,0
10270.57321882,10270.57203859,3895.31870563,3895.35493504,0.03948745,3759.75970068,0.01998448,0.01998448,19458,60,0
10271.09930344,10271.09988147,3911.54503143,3911.52723806,0.05931206,3759.70427037,0.01998448,0.01998448,19457,60,0
10271.62734188,10271.62777861,3927.81608547,3927.80260758,0.03588129,3759.64450209,0.01998448,0.01998448,19456,60,0
10272.15726063,10272.15573002,3944.13143923,3944.17880826,0.03931635,3759.58033071,0.01998448,0.01998448,19455,60,0
10272.68366278,10272.68373571,3960.49798226,3960.49571773,0.03425646,3759.51237013,0.01998448,0.01998448,19454,60,0
10273.21115924,10273.21179569,3976.91807803,3976.89825950,0.06768235,3759.44000879,0.01998448,0.01998448,19453,60,0
10273.74063416,10273.73990997,3993.38294433,3993.40554731,0.05938993,3759.36309359,0.01998448,0.01998448,19452,60,0
10274.26682990,10274.26807856,4009.88758284,4009.84851237,0.05776534,3759.28239915,0.01998448,0.01998448,19451,60,0
10274.79657831,10274.79630145,4026.44171731,4026.45040840,0.05681635,3759.19679645,0.01998448,0.01998448,19450,60,0
10275.32568049,10275.32457867,4043.05372029,4043.08842329,0.05117214,3759.10684774,0.01998448,0.01998448,19449,60,0
10275.85290212,10275.85291023,4059.71787156,4059.71761540,0.05167346,3759.01278772,0.01998448,0.01998448,19448,60,0
10276.38217027,10276.38129612,4076.42725200,4076.45493218,0.04227863,3758.91391954,0.01998448,0.01998448,19447,60,0
nan,nan,0.00000000,-1.00000000,0.00000000,3758.81205107,nan,0.00000000,-2147483648,60,1
nan,nan,0.00000000,-1.00000000,0.00000000,3778.93209756,nan,0.00000000,-2147483648,59,1
10274.27062581,10274.26807856,11.70219711,11.74910208,0.04178783,3779.48855801,0.01998449,0.01998448,19451,59,0
10274.80171724,10274.79630145,0.00000000,21.50724007,0.04747657,3780.04408569,0.01998449,0.01998448,19450,59,1
10275.32469169,10275.32457867,31.17529707,31.17738215,0.03508822,3780.59317387,0.01998448,0.01998448,19449,59,0
10275.85345714,10275.85291023,40.92776956,40.93786994,0.04925025,3781.14594829,0.01998448,0.01998448,19448,59,0
10276.38229107,10276.38129612,50.69066105,50.70905321,0.05008487,3781.69787533,0.01998448,0.01998448,19447,59,0
10276.91065789,10276.90973635,60.46337031,60.48042001,0.04511286,3782.24835851,0.01998448,0.01998448,19446,59,0
10277.44058593,10277.43823095,70.24528463,70.28889044,0.05645053,3782.79946916,0.01998449,0.01998448,19445,59,0
10277.96557262,10277.96677990,80.03607740,80.01370439,0.03763234,3783.34443222,0.01998448,0.01998448,19444,59,0
10278.49495185,10278.49538323,89.83629555,89.82829406,0.07625357,3783.89296492,0.01998448,0.01998448,19443,59,0
10279.02414706,10279.02404095,99.64665400,99.64862406,0.05462150,3784.44034891,0.01998448,0.01998448,19442,59,0
10279.55383983,10279.55275305,109.46784252,109.48804057,0.04528346,3784.98732227,0.01998448,0.01998448,19441,59,0
10280.08077039,10280.08151954,119.30008464,119.28614740,0.06637438,3785.53053229,0.01998448,0.01998448,19440,59,0
10280.61091092,10280.61034045,129.14322880,129.15385256,0.05762514,3786.07612110,0.01998448,0.01998448,19439,59,0
10281.13992867,10281.13921577,138.99711185,139.01040106,0.05763289,3786.61961030,0.01998448,0.01998448,19438,59,0
10281.66485274,10281.66814551,148.86154843,148.80010998,0.05741447,3787.15794685,0.01998447,0.01998448,19437,59,0
10282.19824532,10282.19712968,158.73628701,158.75712258,0.05692430,3787.70398333,0.01998448,0.01998448,19436,59,0
10282.72740962,10282.72616830,168.62106201,168.64426588,0.05126465,3788.24469102,0.01998448,0.01998448,19435,59,0
10283.25581707,10283.25526136,178.51564109,178.52603823,0.05445058,3788.78361400,0.01998448,0.01998448,19434,59,0
10283.78522232,10283.78440887,188.42030241,188.43553596,0.05832826,3789.32255194,0.01998448,0.01998448,19433,59,0
10284.31240464,10284.31361086,198.33571425,198.31310240,0.04139277,3789.85826102,0.01998448,0.01998448,19432,59,0
10284.84468871,10284.84286731,208.26255827,208.29673956,0.05479805,3790.39820867,0.01998448,0.01998448,19431,59,0
10285.37085176,10285.37217825,218.20118486,218.17626491,0.05495808,3790.93102681,0.01998448,0.01998448,19430,59,0
10285.90175812,10285.90154368,228.15104630,228.15507882,0.06508608,3791.46768599,0.01998448,0.01998448,19429,59,0
10286.42936348,10286.43096360,238.11144185,238.08132391,0.06037863,3792.00000846,0.01998448,0.01998448,19428,59,0
10286.96171534,10286.96043804,248.08173142,248.10579443,0.05370937,3792.53607026,0.01998448,0.01998448,19427,59,0
10287.48996479,10287.48996698,258.06199972,258.06195829,0.06511808,3793.06695896,0.01998448,0.01998448,19426,59,0
10288.01932530,10288.01955046,268.05278878,268.04853896,0.05454979,3793.59794716,0.01998448,0.01998448,19425,59,0
10288.55040965,10288.54918846,278.05464989,278.07772329,0.05320526,3794.12966585,0.01998448,0.01998448,19424,59,0
10289.07973433,10289.07888101,288.06795662,288.08409633,0.05750655,3794.65864213,0.01998448,0.01998448,19423,59,0
10289.61004065,10289.60862810,298.09271581,298.11946026,0.06318146,3795.18761278,0.01998448,0.01998448,19422,59,0
10290.13723287,10290.13842975,308.12888945,308.10620492,0.05952022,3795.71249119,0.01998448,0.01998448,19421,59,0
10290.66890613,10290.66828597,318.17644856,318.18821468,0.05922230,3796.24082855,0.01998448,0.01998448,19420,59,0
10291.19785130,10291.19819676,328.23543265,328.22887166,0.07569827,3796.76545290,0.01998448,0.01998448,19419,59,0
10291.72794612,10291.72816213,338.30591215,338.30180536,0.04427964,3797.29021321,0.01998448,0.01998448,19418,59,0
10292.25628247,10292.25818210,348.38795466,348.35180110,0.04719874,3797.81223061,0.01998447,0.01998448,19417,59,0
10292.78990802,10292.78825666,358.48148214,358.51294283,0.04758816,3798.33844901,0.01998448,0.01998448,19416,59,0
10293.31639994,10293.31838584,368.58621714,368.54834549,0.05616304,3798.85660389,0.01998447,0.01998448,19415,59,0
10293.84610097,10293.84856963,378.70186613,378.65474292,0.07003152,3799.37686562,0.01998447,0.01998448,19414,59,0
10294.37711745,10294.37880804,388.82823507,388.79593291,0.06297625,3799.89734578,0.01998448,0.01998448,19413,59,0
10294.90736034,10294.90910109,398.96556453,398.93227096,0.06875416,3800.41600247,0.01998448,0.01998448,19412,59,0
10295.43808529,10295.43944878,409.11421358,409.08810862,0.06281344,3800.93407807,0.01998448,0.01998448,19411,59,0
10295.97189187,10295.96985112,419.27452974,419.31364286,0.05314350,3801.45411215,0.01998448,0.01998448,19410,59,0
10296.49996026,10296.50030812,429.44663964,429.43996569,0.05589755,3801.96752131,0.01998448,0.01998448,19409,59,0
10297.03060162,10297.03081978,439.63049126,439.62630118,0.05504111,3802.48238724,0.01998448,0.01998448,19408,59,0
10297.56193267,10297.56138612,449.82602721,449.83653523,0.05703105,3802.99686467,0.01998448,0.01998448,19407,59,0
10298.09270861,10298.09200715,460.03321072,460.04671130,0.05828835,3803.50974066,0.01998448,0.01998448,19406,59,0
10298.62535611,10298.62268286,470.25205128,470.30355499,0.05959872,3804.02335111,0.01998448,0.01998448,19405,59,0
10299.15497515,10299.15341328,480.48256467,480.51268743,0.03337088,3804.53297003,0.01998448,0.01998448,19404,59,0
10299.68508568,10299.68419841,490.72472512,490.74185484,0.04154371,3805.04198546,0.01998448,0.01998448,19403,59,0
10300.21657690,10300.21503825,500.97823278,501.00796733,0.04898610,3805.55122521,0.01998448,0.01998448,19402,59,0
10300.74710439,10300.74593283,511.24267484,511.26533684,0.04301317,3806.05841610,0.01998448,0.01998448,19401,59,0
10301.27756434,10301.27688213,521.51766608,521.53087444,0.04583489,3806.56439423,0.01998448,0.01998448,19400,59,0
10301.81003435,10301.80788618,531.80359033,531.84522360,0.05052494,3807.07114915,0.01998448,0.01998448,19399,59,0
10302.34029729,10302.33894498,542.10164331,542.12788179,0.05391372,3807.57472143,0.01998448,0.01998448,19398,59,0
10302.87081314,10302.87005854,552.41306597,552.42772561,0.06089815,3808.07750792,0.01998448,0.01998448,19397,59,0
10303.40122782,10303.40122687,562.73843822,562.73845669,0.05491607,3808.57919427,0.01998448,0.01998448,19396,59,0
10303.93263703,10303.93244998,573.07657490,573.08021706,0.06122416,3809.08075035,0.01998448,0.01998448,19395,59,0
10304.46509641,10304.46372787,583.42599378,583.45266519,0.04819826,3809.58214469,0.01998448,0.01998448,19394,59,0
10304.99587068,10304.99506056,593.78546655,593.80126870,0.05694455,3810.08073937,0.01998448,0.01998448,19393,59,0
10305.52401164,10305.52644804,604.15563599,604.10806471,0.07518228,3810.57568440,0.01998447,0.01998448,19392,59,0
10306.05565246,10306.05789034,614.53796388,614.49421890,0.05416845,3811.07278912,0.01998447,0.01998448,19391,59,0
10306.58964948,10306.58938746,624.93386917,624.93899728,0.06207074,3811.57102795,0.01998448,0.01998448,19390,59,0
10307.12035678,10307.12093941,635.34346447,635.33204823,0.04747756,3812.06513499,0.01998448,0.01998448,19389,59,0
10307.65046275,10307.65254619,645.76553466,645.72466846,0.04480750,3812.55756131,0.01998447,0.01998448,19388,59,0
10308.18671278,10308.18420782,656.19880059,656.24797978,0.05169849,3813.05448821,0.01998448,0.01998448,19387,59,0
10308.71447775,10308.71592430,666.64274497,666.61431795,0.05403850,3813.54233786,0.01998447,0.01998448,19386,59,0
10309.24821458,10309.24769564,677.09859675,677.10880610,0.04904518,3814.03453516,0.01998448,0.01998448,19385,59,0
10309.77952924,10309.77952185,687.56783502,687.56798049,0.05137077,3814.52339103,0.01998448,0.01998448,19384,59,0
10310.31025765,10310.31140295,698.05159066,698.02900194,0.05312026,3815.01065022,0.01998447,0.01998448,19383,59,0
10310.84227069,10310.84333892,708.54908687,708.52799409,0.05452410,3815.49798549,0.01998448,0.01998448,19382,59,0
10311.37402503,10311.37532980,719.05890429,719.03311527,0.05984994,3815.98390797,0.01998447,0.01998448,19381,59,0
10311.90688739,10311.90737558,729.57972215,729.57006413,0.06078476,3816.46959696,0.01998448,0.01998448,19380,59,0
10312.43715270,10312.43947627,740.11167986,740.06566551,0.04736380,3816.95168166,0.01998447,0.01998448,19379,59,0
10312.97080966,10312.97163188,750.65597046,750.63966947,0.05003827,3817.43565322,0.01998447,0.01998448,19378,59,0
10313.50569596,10313.50384242,761.21380401,761.25059682,0.04052645,3817.91958484,0.01998448,0.01998448,19377,59,0
10314.03576353,10314.03610790,771.78569415,771.77885017,0.05122515,3818.39803302,0.01998448,0.01998448,19376,59,0
10314.56734384,10314.56842833,782.37114944,782.34957155,0.05456876,3818.87669438,0.01998447,0.01998448,19375,59,0
10315.10255443,10315.10080371,792.96959739,793.00446944,0.05373449,3819.35742639,0.01998448,0.01998448,19374,59,0
10315.63186324,10315.63323406,803.58066203,803.55332732,0.05914919,3819.83165197,0.01998447,0.01998448,19373,59,0
10316.16594872,10316.16571938,814.20453972,814.20911802,0.05892399,3820.30894494,0.01998448,0.01998448,19372,59,0
10316.69909983,10316.69825967,824.84153054,824.85832151,0.04992502,3820.78419572,0.01998448,0.01998448,19371,59,0
10317.23010976,10317.23085496,835.49189843,835.47698800,0.05241852,3821.25634444,0.01998447,0.01998448,19370,59,0
10317.76472381,10317.76350525,846.15568530,846.18009525,0.04049341,3821.73049002,0.01998448,0.01998448,19369,59,0
10318.29960539,10318.29621054,856.83285216,856.90093545,0.06041690,3822.20365192,0.01998448,0.01998448,19368,59,0
10318.83046103,10318.82897085,867.52339330,867.55331333,0.05640482,3822.67203829,0.01998448,0.01998448,19367,59,0
10319.36296762,10319.36178618,878.22772122,878.25147117,0.04752820,3823.14067782,0.01998448,0.01998448,19366,59,0
10319.89559456,10319.89465654,888.94653405,888.96541475,0.05001188,3823.60824121,0.01998448,0.01998448,19365,59,0
10320.42528131,10320.42758194,899.68050992,899.63414100,0.06478225,3824.07207335,0.01998447,0.01998448,19364,59,0
10320.96250138,10320.96056239,910.42937241,910.46850040,0.06377259,3824.54131108,0.01998448,0.01998448,19363,59,0
10321.49466298,10321.49359790,921.19171191,921.21322794,0.05970776,3825.00487979,0.01998448,0.01998448,19362,59,0
10322.02722389,10322.02668847,931.96605008,931.97687644,0.06666160,3825.46748033,0.01998448,0.01998448,19361,59,0
10322.55899766,10322.55983412,942.75184160,942.73491090,0.05912392,3825.92805476,0.01998448,0.01998448,19360,59,0
10323.09508621,10323.09303485,953.55043367,953.59200309,0.04972398,3826.39106082,0.01998448,0.01998448,19359,59,0
10323.62711302,10323.62629068,964.36341052,964.38009647,0.05477550,3826.84932399,0.01998448,0.01998448,19358,59,0
10324.15904313,10324.15960160,975.19182141,975.18047487,0.06024588,3827.30631112,0.01998448,0.01998448,19357,59,0
10324.69246790,10324.69296763,986.03484763,986.02468252,0.05349097,3827.76334273,0.01998448,0.01998448,19356,59,0
10325.22604544,10325.22638878,996.89126226,996.88427073,0.06259945,3828.21920486,0.01998448,0.01998448,19355,59,0
10325.76001690,10325.75986505,1007.76007575,1007.76317105,0.06930615,3828.67405367,0.01998448,0.01998448,19354,59,0
10326.29321693,10326.29339646,1018.64171968,1018.63805605,0.05534848,3829.12690985,0.01998448,0.01998448,19353,59,0
10326.82666276,10326.82698301,1029.53714167,1029.53059841,0.05662504,3829.57867232,0.01998448,0.01998448,19352,59,0
10327.36091600,10327.36062472,1040.44720462,1040.45316351,0.04860095,3830.02984175,0.01998448,0.01998448,19351,59,0
10327.89713148,10327.89432158,1051.37187719,1051.42943017,0.04418811,3830.48137492,0.01998448,0.01998448,19350,59,0
10328.42656227,10328.42807361,1062.31062056,1062.27962926,0.05330827,3830.92589476,0.01998447,0.01998448,19349,59,0
10328.96276269,10328.96188082,1073.26291063,1073.28101435,0.06149363,3831.37475353,0.01998448,0.01998448,19348,59,0
10329.49410901,10329.49574321,1084.22863674,1084.19505075,0.06272962,3831.81820269,0.01998447,0.01998448,19347,59,0
10330.02994781,10330.02966079,1095.20803541,1095.21394095,0.05459870,3832.26404706,0.01998448,0.01998448,19346,59,0
10330.56238869,10330.56363358,1106.20136518,1106.17572032,0.05732793,3832.70572099,0.01998447,0.01998448,19345,59,0
10331.09906739,10331.09766158,1117.20919118,1117.23818734,0.04083145,3833.14957130,0.01998448,0.01998448,19344,59,0
10331.63163495,10331.63174480,1128.23244418,1128.23017526,0.05221555,3833.58872259,0.01998447,0.01998448,19343,59,0
10332.16567373,10332.16588325,1139.27207049,1139.26773707,0.07367871,3834.02781762,0.01998447,0.01998448,19342,59,0
10332.70062143,10332.70007694,1150.32814110,1150.33941769,0.05193145,3834.46638021,0.01998448,0.01998448,19341,59,0
10333.23308365,10333.23432587,1161.39928256,1161.37352531,0.04016451,3834.90157134,0.01998447,0.01998448,19340,59,0
10333.77054533,10333.76863005,1172.48398124,1172.52373639,0.04250803,3835.33943180,0.01998448,0.01998448,19339,59,0
10334.30068531,10334.30298950,1183.58161790,1183.53373716,0.05538611,3835.76990241,0.01998447,0.01998448,19338,59,0
10334.83815777,10334.83740422,1194.69356821,1194.70924666,0.04524554,3836.20492960,0.01998448,0.01998448,19337,59,0
10335.37165735,10335.37187421,1205.82148531,1205.81696680,0.05036852,3836.63540658,0.01998447,0.01998448,19336,59,0
10335.90531408,10335.90639950,1216.96641515,1216.94376841,0.06170619,3837.06471246,0.01998447,0.01998448,19335,59,0
10336.44053148,10336.44098008,1228.12761124,1228.11823914,0.05215322,3837.49393293,0.01998447,0.01998447,19334,59,0
10336.97483327,10336.97561597,1239.30399610,1239.28762423,0.05282184,3837.92103052,0.01998447,0.01998447,19333,59,0
10337.50967130,10337.51030717,1250.49479136,1250.48147503,0.04645318,3838.34713011,0.01998447,0.01998447,19332,59,0
10338.04589914,10338.04505369,1261.70035542,1261.71808267,0.05721674,3838.77291041,0.01998448,0.01998447,19331,59,0
10338.57843378,10338.57985555,1272.92131471,1272.89146439,0.04883751,3839.19436073,0.01998447,0.01998447,19330,59,0
10339.11442904,10339.11471274,1284.15818058,1284.15221625,0.05719639,3839.61715504,0.01998447,0.01998447,19329,59,0
10339.65090242,10339.64962529,1295.41091778,1295.43780167,0.05454225,3840.03891604,0.01998448,0.01998447,19328,59,0
10340.18794663,10340.18459319,0.00000000,1306.75160191,0.05207685,3840.45975613,0.01998448,0.01998447,19327,59,1
10340.71828130,10340.71961645,1317.96322373,1317.93504709,0.06784806,3840.87380356,0.01998447,0.01998447,19326,59,0
10341.25588346,10341.25469509,1329.26234521,1329.28745518,0.05575109,3841.29212988,0.01998448,0.01998447,19325,59,0
10341.79038349,10341.78982911,1340.57643674,1340.58816474,0.04365183,3841.70657317,0.01998448,0.01998447,19324,59,0
10342.32663393,10342.32501853,1351.90536151,1351.93957766,0.05411255,3842.12088911,0.01998448,0.01998447,19323,59,0
10342.85764387,10342.86026334,1363.24977028,1363.19421476,0.06801532,3842.52970686,0.01998447,0.01998447,19322,59,0
10343.39564390,10343.39556356,1374.61062350,1374.61232980,0.05737258,3842.94246237,0.01998447,0.01998447,19321,59,0
10343.93315915,10343.93091920,1385.98872750,1386.03636763,0.05693440,3843.35341544,0.01998448,0.01998447,19320,59,0
10344.46530974,10344.46633026,1397.38377214,1397.36203820,0.06528602,3843.75883884,0.01998447,0.01998447,19319,59,0
10344.99940548,10345.00179676,1408.79497058,1408.74397845,0.05325381,3844.16427912,0.01998447,0.01998447,19318,59,0
10345.53670731,10345.53731870,1420.22160547,1420.20855200,0.04628894,3844.57063867,0.01998447,0.01998447,19317,59,0
10346.07532145,10346.07289609,1431.66352430,1431.71537111,0.07066654,3844.97645272,0.01998448,0.01998447,19316,59,0
10346.60981056,10346.60852894,1443.12082708,1443.14825817,0.05218785,3845.37763240,0.01998448,0.01998447,19315,59,0
10347.14371319,10347.14421726,1454.59374028,1454.58293745,0.05379345,3845.77685398,0.01998447,0.01998447,19314,59,0
10347.68081472,10347.67996106,1466.08342085,1466.10174199,0.04854990,3846.17696910,0.01998448,0.01998447,19313,59,0
10348.21655887,10348.21576034,1477.59145534,1477.60861988,0.05965809,3846.57462205,0.01998448,0.01998447,19312,59,0
10348.75072609,10348.75161512,1489.11909013,1489.09994983,0.05499151,3846.96969497,0.01998447,0.01998447,19311,59,0
10349.28626845,10349.28752540,1500.66498874,1500.63789031,0.06716323,3847.36431655,0.01998447,0.01998447,19310,59,0
10349.82382935,10349.82349119,1512.22665412,1512.23395275,0.04902956,3847.75885245,0.01998447,0.01998447,19309,59,0
10350.35995818,10350.35951251,1523.80201153,1523.81164114,0.06357808,3848.15068933,0.01998448,0.01998447,19308,59,0
10350.89663724,10350.89558935,1535.39204072,1535.41471088,0.05328553,3848.54130615,0.01998448,0.01998447,19307,59,0
10351.43300740,10351.43172173,1546.99901604,1547.02687094,0.03931993,3848.93014517,0.01998448,0.01998447,19306,59,0
10351.96668594,10351.96790965,1558.62486363,1558.59831031,0.06021259,3849.31554695,0.01998447,0.01998447,19305,59,0
10352.50385220,10352.50415313,1570.26922941,1570.26269004,0.05155592,3849.70194915,0.01998447,0.01998447,19304,59,0
10353.04382130,10353.04045218,0.00000000,1582.01048136,0.03968676,3850.08898841,0.01998448,0.01998447,19303,59,1
10353.57502373,10353.57680679,1593.60883752,1593.56999001,0.06009349,3850.46774192,0.01998447,0.01998447,19302,59,0
10354.11226723,10354.11321699,1605.30352610,1605.28280534,0.05267468,3850.84941151,0.01998447,0.01998447,19301,59,0
10354.64956115,10354.64968277,1617.01584974,1617.01319247,0.05961590,3851.22952793,0.01998447,0.01998447,19300,59,0
10355.18828039,10355.18620416,1628.74650414,1628.79193248,0.05486321,3851.60907068,0.01998448,0.01998447,19299,59,0
10355.72330099,10355.72278115,1640.49522418,1640.50661450,0.06489713,3851.98442187,0.01998447,0.01998447,19298,59,0
10356.25887453,10356.25941375,1652.26147122,1652.24964014,0.04984583,3852.35855187,0.01998447,0.01998447,19297,59,0
10356.79532406,10356.79610198,1664.04494634,1664.02785463,0.05525553,3852.73166148,0.01998447,0.01998447,19296,59,0
10357.33475392,10357.33284584,1675.84623292,1675.88821605,0.03739559,3853.10520618,0.01998448,0.01998447,19295,59,0
10357.87017826,10357.86964535,1687.66611914,1687.67786233,0.07496707,3853.47436842,0.01998447,0.01998447,19294,59,0
10358.40742103,10358.40650050,1699.50502558,1699.52534035,0.06427097,3853.84317688,0.01998448,0.01998447,19293,59,0
10358.94348235,10358.94341131,1711.36232037,1711.36389028,0.04258392,3854.20953996,0.01998447,0.01998447,19292,59,0
10359.48023756,10359.48037779,1723.23718378,1723.23408060,0.04218947,3854.57470693,0.01998447,0.01998447,19291,59,0
10360.01682909,10360.01739994,1735.12927062,1735.11662068,0.06119382,3854.93807226,0.01998447,0.01998447,19290,59,0
10360.55457557,10360.55447778,1747.03926292,1747.04143295,0.05140903,3855.30053596,0.01998447,0.01998447,19289,59,0
10361.09180538,10361.09161131,1758.96797543,1758.97228846,0.07587741,3855.66098351,0.01998447,0.01998447,19288,59,0
10361.63025211,10361.62880054,1770.91584958,1770.94815860,0.05820827,3856.02057822,0.01998448,0.01998447,19287,59,0
10362.16620407,10362.16604549,1782.88272840,1782.88626337,0.06110525,3856.37683252,0.01998447,0.01998447,19286,59,0
10362.70353537,10362.70334615,1794.86840076,1794.87262486,0.06357523,3856.73231062,0.01998447,0.01998447,19285,59,0
10363.23981630,10363.24070254,1806.87267184,1806.85285939,0.05452165,3857.08538803,0.01998447,0.01998447,19284,59,0
10363.77549187,10363.77811467,1818.89536595,1818.83664864,0.06704982,3857.43635087,0.01998447,0.01998447,19283,59,0
10364.31674893,10364.31558254,1830.93632997,1830.96247944,0.05922666,3857.78921440,0.01998448,0.01998447,19282,59,0
10364.85281237,10364.85310616,1842.99577755,1842.98918132,0.04606420,3858.13694861,0.01998447,0.01998447,19281,59,0
10365.39029797,10365.39068555,1855.07421923,1855.06550453,0.06213105,3858.48386833,0.01998447,0.01998447,19280,59,0
10365.92665233,10365.92832071,1867.17218105,1867.13460999,0.05053123,3858.82832897,0.01998447,0.01998447,19279,59,0
10366.46635990,10366.46601165,1879.29021717,1879.29807206,0.05277644,3859.17320517,0.01998447,0.01998447,19278,59,0
10367.00298675,10367.00375837,1891.42889940,1891.41146711,0.05133495,3859.51438967,0.01998447,0.01998447,19277,59,0
10367.54008139,10367.54156090,1903.58855137,1903.55507364,0.06466189,3859.85414927,0.01998447,0.01998447,19276,59,0
10368.07843052,10368.07941923,1915.76811068,1915.74570568,0.04779950,3860.19293276,0.01998447,0.01998447,19275,59,0
10368.61699354,10368.61733337,1927.96603146,1927.95832029,0.05311715,3860.53002482,0.01998447,0.01998447,19274,59,0
10369.15403980,10369.15530334,1940.18149622,1940.15278545,0.05485007,3860.86431673,0.01998447,0.01998447,19273,59,0
10369.69310812,10369.69332914,1952.41608966,1952.41105978,0.05623962,3861.19804246,0.01998447,0.01998447,19272,59,0
10370.23023419,10370.23141078,1964.67188730,1964.64506535,0.06433552,3861.52879304,0.01998447,0.01998447,19271,59,0
10370.76984293,10370.76954826,1976.94967353,1976.95640184,0.06434442,3861.85930030,0.01998447,0.01998447,19270,59,0
10371.30534251,10371.30774161,1989.24774956,1989.19288924,0.06525197,3862.18547827,0.01998447,0.01998447,19269,59,0
10371.84587602,10371.84599082,2001.56417104,2001.56154222,0.06065029,3862.51282897,0.01998447,0.01998447,19268,59,0
10372.38348197,10372.38429591,2013.89837577,2013.87971296,0.05088742,3862.83649526,0.01998447,0.01998447,19267,59,0
10372.92451788,10372.92265688,2026.25135760,2026.29409072,0.05175375,3863.16031853,0.01998448,0.01998447,19266,59,0
10373.46032297,10373.46107375,2038.62420753,2038.60694104,0.04763223,3863.47914263,0.01998447,0.01998447,19265,59,0
10373.99900636,10373.99954651,2051.01809133,2051.00564835,0.04751792,3863.79782429,0.01998447,0.01998447,19264,59,0
10374.53829346,10374.53807519,2063.43422705,2063.43926373,0.04460965,3864.11501949,0.01998447,0.01998447,19263,59,0
10375.07508201,10375.07665978,2075.87358316,2075.83711037,0.06874989,3864.42892560,0.01998447,0.01998447,19262,59,0
10375.61652796,10375.61530031,2088.33571107,2088.36413812,0.05352625,3864.74369230,0.01998447,0.01998447,19261,59,0
10376.15333691,10376.15399676,2100.81967501,2100.80437105,0.05163283,3865.05388071,0.01998447,0.01998447,19260,59,0
10376.69050155,10376.69274917,2113.32473213,2113.27252154,0.05280563,3865.36236829,0.01998447,0.01998447,19259,59,0
10377.23398258,10377.23155752,2125.85067341,2125.90709401,0.04730574,3865.67252581,0.01998448,0.01998447,19258,59,0
10377.77210138,10377.77042184,2138.39738726,2138.43652354,0.05206184,3865.97766922,0.01998447,0.01998447,19257,59,0
10378.31147016,10378.30934213,2150.96519398,2151.01486081,0.06178531,3866.28156685,0.01998448,0.01998447,19256,59,0
10378.84781482,10378.84831840,2163.55499631,2163.54322342,0.05596369,3866.58183020,0.01998447,0.01998447,19255,59,0
10379.38681206,10379.38735066,2176.16767699,2176.15506354,0.05135602,3866.88164812,0.01998447,0.01998447,19254,59,0
10379.92840199,10379.92643891,2188.80328175,2188.84933282,0.05419404,3867.18094749,0.01998448,0.01998447,19253,59,0
10380.46415249,10380.46558318,2201.46129168,2201.42767468,0.05188533,3867.47506157,0.01998447,0.01998447,19252,59,0
10381.00452781,10381.00478345,2214.14116017,2214.13514381,0.05101485,3867.76971673,0.01998447,0.01998447,19251,59,0
10381.54347948,10381.54403975,2226.84227675,2226.82907057,0.05881137,3868.06157120,0.01998447,0.01998447,19250,59,0
10382.08253425,10382.08335208,2239.56401031,2239.54470442,0.04984450,3868.35143326,0.01998447,0.01998447,19249,59,0
10382.62077263,10382.62272045,2252.30633856,2252.26028608,0.05038200,3868.63880078,0.01998447,0.01998447,19248,59,0
10383.16152335,10383.16214487,2265.07053076,2265.05581149,0.03854635,3868.92545834,0.01998447,0.01998447,19247,59,0
10383.70277423,10383.70162535,2277.85799076,2277.88524695,0.06843966,3869.21034126,0.01998447,0.01998447,19246,59,0
10384.23992708,10384.24116190,2290.66928948,2290.63994320,0.05937733,3869.49104930,0.01998447,0.01998447,19245,59,0
10384.78121632,10384.78075452,2303.50421003,2303.51520392,0.05112025,3869.77186742,0.01998447,0.01998447,19244,59,0
10385.32211230,10385.32040323,2316.36244678,2316.40320322,0.05288783,3870.05040458,0.01998448,0.01998447,19243,59,0
10385.86008024,10385.86010803,2329.24333004,2329.24266644,0.05510188,3870.32534746,0.01998447,0.01998447,19242,59,0
10386.39866300,10386.39986893,2342.14604138,2342.11719189,0.04258760,3870.59849050,0.01998447,0.01998447,19241,59,0
10386.94050834,10386.93968594,2355.07053088,2355.09023761,0.06703052,3870.87114052,0.01998447,0.01998447,19240,59,0
10387.47931470,10387.47955907,2368.01863413,2368.01276782,0.06296576,3871.14015125,0.01998447,0.01998447,19239,59,0
10388.01737829,10388.01948833,2380.99240186,2380.94165181,0.05602896,3871.40672007,0.01998447,0.01998447,19238,59,0
10388.56070493,10388.55947373,2393.99206812,2394.02173522,0.03658190,3871.67378652,0.01998447,0.01998447,19237,59,0
10389.10077024,10389.09951527,2407.01608855,2407.04637986,0.05029105,3871.93710303,0.01998447,0.01998447,19236,59,0
10389.63876164,10389.63961296,2420.06306696,2420.04248496,0.03629501,3872.19723906,0.01998447,0.01998447,19235,59,0
10390.18127966,10390.17976682,2433.13301701,2433.16965356,0.05885198,3872.45735872,0.01998447,0.01998447,19234,59,0
10390.72204591,10390.71997685,2446.22648235,2446.27667494,0.05291753,3872.71443260,0.01998448,0.01998447,19233,59,0
10391.26190412,10391.26024307,2459.34432917,2459.38469704,0.04914556,3872.96888164,0.01998447,0.01998447,19232,59,0
10391.80128311,10391.80056547,2472.48807304,2472.50554732,0.06858231,3873.22093160,0.01998447,0.01998447,19231,59,0
10392.34208898,10392.34094407,2485.65915496,2485.68708831,0.05984295,3873.47148000,0.01998447,0.01998447,19230,59,0
10392.88172098,10392.88137887,2498.85665631,2498.86501805,0.06387477,3873.71928768,0.01998447,0.01998447,19229,59,0
10393.42060167,10393.42186990,2512.07788997,2512.04684324,0.05366590,3873.96449609,0.01998447,0.01998447,19228,59,0
10393.96011049,10393.96241714,2525.32094822,2525.26439191,0.05973368,3874.20768564,0.01998447,0.01998447,19227,59,0
10394.50046864,10394.50302062,2538.58722231,2538.52454252,0.05441183,3874.44895941,0.01998447,0.01998447,19226,59,0
10395.04340005,10395.04368034,2551.87889287,2551.87199548,0.06451057,3874.68909138,0.01998447,0.01998447,19225,59,0
10395.58431472,10395.58439632,2565.19688514,2565.19487365,0.04159507,3874.92604996,0.01998447,0.01998447,19224,59,0
10396.12655563,10396.12516855,2578.54053322,2578.57479032,0.06510198,3875.16127715,0.01998447,0.01998447,19223,59,0
10396.66712206,10396.66599705,2591.90919918,2591.93703276,0.05619967,3875.39344778,0.01998447,0.01998447,19222,59,0
10397.20698515,10397.20688183,2605.30314790,2605.30570880,0.06459279,3875.62298464,0.01998447,0.01998447,19221,59,0
10397.74760685,10397.74782289,2618.72301876,2618.71765414,0.05471493,3875.85050533,0.01998447,0.01998447,19220,59,0
10398.28957335,10398.28882025,2632.16948448,2632.18822081,0.06939318,3876.07623923,0.01998447,0.01998447,19219,59,0
10398.83127152,10398.82987391,2645.64327215,2645.67811084,0.06016042,3876.29950413,0.01998447,0.01998447,19218,59,0
10399.37149631,10399.37098388,2659.14504032,2659.15783906,0.06322787,3876.51980968,0.01998447,0.01998447,19217,59,0
10399.91269186,10399.91215018,2672.67463782,2672.68819352,0.04869458,3876.73813726,0.01998447,0.01998447,19216,59,0
10400.45190981,10400.45337280,2686.23144252,2686.19476267,0.07230161,3876.95327833,0.01998447,0.01998447,19215,59,0
10400.99360543,10400.99465176,2699.81519335,2699.78890994,0.04876295,3877.16698737,0.01998447,0.01998447,19214,59,0
10401.53399674,10401.53598707,2713.42654316,2713.37644923,0.05785426,3877.37775897,0.01998447,0.01998447,19213,59,0
10402.07565782,10402.07737874,2727.06619646,2727.02279775,0.06681691,3877.58659205,0.01998447,0.01998447,19212,59,0
10402.61934754,10402.61882677,2740.73365128,2740.74680903,0.04572220,3877.79373282,0.01998447,0.01998447,19211,59,0
10403.16177850,10403.16033118,2754.42755206,2754.46418527,0.04303194,3877.99788712,0.01998447,0.01998447,19210,59,0
10403.70272172,10403.70189196,2768.14729053,2768.16833075,0.08118609,3878.19896362,0.01998447,0.01998447,19209,59,0
10404.24288579,10404.24350914,2781.89444131,2781.87860397,0.05862947,3878.39724918,0.01998447,0.01998447,19208,59,0
10404.78267270,10404.78518272,2795.67088243,2795.60697904,0.05667360,3878.59290991,0.01998447,0.01998447,19207,59,0
10405.32615922,10405.32691271,2809.47715795,2809.45793529,0.05218996,3878.78739096,0.01998447,0.01998447,19206,59,0
10405.86898998,10405.86869912,2823.31281617,2823.32025141,0.05646522,3878.97908877,0.01998447,0.01998447,19205,59,0
10406.41070139,10406.41054195,2837.17747365,2837.18155750,0.06989140,3879.16782959,0.01998447,0.01998447,19204,59,0
10406.95300009,10406.95244122,2851.07101198,2851.08535479,0.05372559,3879.35419316,0.01998447,0.01998447,19203,59,0
10407.49317190,10407.49439693,2864.99333194,2864.96183170,0.04999748,3879.53723955,0.01998447,0.01998447,19202,59,0
10408.03782092,10408.03640909,2878.94401513,2878.98038819,0.04417419,3879.71916726,0.01998447,0.01998447,19201,59,0
10408.57784431,10408.57847772,2892.92242339,2892.90607443,0.05444020,3879.89691211,0.01998447,0.01998447,19200,59,0
10409.12075112,10409.12060282,2906.92862172,2906.93245698,0.06402419,3880.07294292,0.01998447,0.01998447,19199,59,0
10409.66335676,10409.66278439,2920.96436626,2920.97919885,0.04627804,3880.24621324,0.01998447,0.01998447,19198,59,0
10410.20744307,10410.20502246,2935.03145585,2935.09432033,0.04271619,3880.41728749,0.01998447,0.01998447,19197,59,0
10410.74946277,10410.74731702,2949.12961195,2949.18545244,0.04658951,3880.58503253,0.01998447,0.01998447,19196,59,0
10411.29162762,10411.28966809,2963.25741228,2963.30850616,0.04854566,3880.75011210,0.01998447,0.01998447,19195,59,0
10411.83286956,10411.83207567,2977.41450086,2977.43524283,0.06866566,3880.91218534,0.01998447,0.01998447,19194,59,0
10412.37529760,10412.37453978,2991.60244559,2991.62228751,0.05647907,3881.07188189,0.01998447,0.01998447,19193,59,0
10412.91643660,10412.91706042,3005.82277734,3005.80640833,0.05653472,3881.22847211,0.01998447,0.01998447,19192,59,0
10413.46031097,10413.45963760,3020.07549623,3020.09320369,0.04975450,3881.38309006,0.01998447,0.01998447,19191,59,0
10414.00202256,10414.00227133,3034.36003691,3034.35348145,0.05089335,3881.53431349,0.01998447,0.01998447,19190,59,0
10414.54261046,10414.54496162,3048.67651218,3048.61442054,0.04978167,3881.68243989,0.01998447,0.01998447,19189,59,0
10415.08900794,10415.08770847,3063.02583087,3063.06022498,0.07666434,3881.82932252,0.01998447,0.01998447,19188,59,0
10415.63268484,10415.63051191,0.00000000,3077.47313686,0.05684042,3881.97269810,0.01998447,0.01998447,19187,59,1
10416.17327139,10416.17337193,3091.82192675,3091.81925472,0.06068466,3882.11226307,0.01998447,0.01998447,19186,59,0
10416.71583545,10416.71628854,3106.26445886,3106.25239453,0.05493131,3882.24950801,0.01998447,0.01998447,19185,59,0
10417.25874410,10417.25926175,3120.73712482,3120.72331216,0.06259842,3882.38392437,0.01998447,0.01998447,19184,59,0
10417.80157626,10417.80229158,3135.24349191,3135.22436041,0.04673720,3882.51541953,0.01998447,0.01998447,19183,59,0
10418.34300796,10418.34537803,3149.78536651,3149.72183269,0.06049084,3882.64367994,0.01998446,0.01998447,19182,59,0
10418.88847370,10418.88852111,3164.36123594,3164.35996229,0.05963109,3882.76993699,0.01998447,0.01998447,19181,59,0
10419.43333626,10419.43172083,3178.96964224,3179.01313309,0.05570216,3882.89305623,0.01998447,0.01998447,19180,59,0
10419.97562980,10419.97497719,3193.61132422,3193.62893285,0.05506306,3883.01260569,0.01998447,0.01998447,19179,59,0
10420.51723879,10420.51829021,3208.28766983,3208.25923568,0.05894454,3883.12901827,0.01998447,0.01998447,19178,59,0
10421.06064932,10421.06165990,3222.99871776,3222.97132745,0.05409236,3883.24279810,0.01998447,0.01998447,19177,59,0
10421.60312715,10421.60508626,3237.74334853,3237.69013612,0.06849208,3883.35333594,0.01998447,0.01998447,19176,59,0
10422.14926334,10422.14856930,3252.52122042,3252.54011284,0.05933948,3883.46152098,0.01998447,0.01998447,19175,59,0
10422.69426397,10422.69210904,3267.33371987,3267.39251383,0.06019044,3883.56637122,0.01998447,0.01998447,19174,59,0
10423.23435060,10423.23570547,3282.18223551,3282.14518376,0.06399968,3883.66719940,0.01998447,0.01998447,19173,59,0
10423.78070024,10423.77935861,3297.06690651,3297.10368154,0.07690146,3883.76605902,0.01998447,0.01998447,19172,59,0
10424.32252580,10424.32306848,3311.98744902,3311.97253990,0.06034168,3883.86095909,0.01998447,0.01998447,19171,59,0
10424.86536592,10424.86683507,3326.94363967,3326.90318522,0.06834915,3883.95287662,0.01998447,0.01998447,19170,59,0
10425.41003509,10425.41065839,3341.93531126,3341.91810917,0.05592034,3884.04190152,0.01998447,0.01998447,19169,59,0
10425.95306890,10425.95453846,3356.96296073,3356.92230827,0.05762978,3884.12744652,0.01998447,0.01998447,19168,59,0
10426.50022470,10426.49847529,3372.02826337,3372.07677662,0.06890188,3884.21038286,0.01998447,0.01998447,19167,59,0
10427.03770005,10427.04246887,0.00000000,3387.02013512,0.06365005,3884.28875476,0.01998446,0.01998447,19166,59,1
10427.58837943,10427.58651923,3402.27472157,3402.32655612,0.04749811,3884.36552242,0.01998447,0.01998447,19165,59,0
10428.12750669,10428.13062637,0.00000000,3417.38267748,0.05895198,3884.43757206,0.01998446,0.01998447,19164,59,1
10428.67341630,10428.67479030,3432.66922475,3432.63076098,0.06572505,3884.50704145,0.01998447,0.01998447,19163,59,0
10429.22013082,10429.21901102,3447.92229461,3447.95371700,0.05406530,3884.57330621,0.01998447,0.01998447,19162,59,0
10429.76405248,10429.76328856,3463.21373029,3463.23521897,0.06219102,3884.63585292,0.01998447,0.01998447,19161,59,0
10430.30690157,10430.30762291,3478.54453754,3478.52419621,0.04839932,3884.69489493,0.01998447,0.01998447,19160,59,0
10430.85254411,10430.85201408,3493.91515098,3493.93013456,0.06298547,3884.75081307,0.01998447,0.01998447,19159,59,0
10431.39513867,10431.39646209,3509.32474258,3509.28724134,0.05984859,3884.80298314,0.01998447,0.01998447,19158,59,0
10431.94156152,10431.94096694,3524.77230230,3524.78919004,0.07505963,3884.85203086,0.01998447,0.01998447,19157,59,0
10432.48545830,10432.48552864,3540.25678471,3540.25478224,0.06368021,3884.89734630,0.01998447,0.01998447,19156,59,0
10433.03045482,10433.03014720,3555.77759914,3555.78637594,0.06258393,3884.93922035,0.01998447,0.01998447,19155,59,0
10433.57412254,10433.57482263,3571.33823734,3571.31820983,0.04996404,3884.97745384,0.01998447,0.01998447,19154,59,0
10434.11861639,10434.11955494,3586.94401302,3586.91708635,0.05709003,3885.01218893,0.01998447,0.01998447,19153,59,0
10434.66281012,10434.66434414,3602.59436171,3602.55023857,0.06773690,3885.04331836,0.01998446,0.01998447,19152,59,0
10435.21141824,10435.20919023,0.00000000,3618.37510619,0.08037383,3885.07107692,0.01998447,0.01998447,19151,59,1
10435.75549967,10435.75409323,3634.01046123,3634.05110671,0.07830830,3885.09485346,0.01998447,0.01998447,19150,59,0
10436.29761067,10436.29905314,3649.78237559,3649.74056505,0.03601814,3885.11494384,0.01998446,0.01998447,19149,59,0
10436.84235398,10436.84406998,3665.60322800,3665.55334622,0.04787129,3885.13144167,0.01998446,0.01998447,19148,59,0
10437.38725965,10437.38914374,3681.46771258,3681.41281127,0.07347675,3885.14420793,0.01998446,0.01998447,19147,59,0
10437.93298936,10437.93427445,3697.37095848,3697.33342299,0.03942962,3885.15321722,0.01998447,0.01998447,19146,59,0
10438.47784053,10438.47946211,3713.31620122,3713.26870931,0.03361816,3885.15841765,0.01998446,0.01998447,19145,59,0
10439.02544594,10439.02470672,3729.30798923,3729.32970057,0.07414212,3885.15979653,0.01998447,0.01998447,19144,59,0
10439.57159509,10439.57000830,3745.34504604,3745.39177255,0.03715883,3885.15729903,0.01998447,0.01998447,19143,59,0
10440.11225109,10440.11536686,0.00000000,3761.34150936,0.05127024,3885.15098465,0.01998446,0.01998447,19142,59,1
10440.66009089,10440.66078240,3777.54440731,3777.52394263,0.05729456,3885.14067495,0.01998447,0.01998447,19141,59,0
10441.20222688,10441.20625494,0.00000000,3793.60122146,0.07114088,3885.12654075,0.01998446,0.01998447,19140,59,1
10441.75503479,10441.75178448,0.00000000,3810.02903103,0.06435471,3885.10809361,0.01998448,0.01998447,19139,59,1
10442.29923941,10442.29737103,3826.17094435,3826.22668209,0.07948924,3885.08594343,0.01998447,0.01998447,19138,59,0
10442.84110439,10442.84301461,3842.47056688,3842.41342789,0.07537064,3885.05988042,0.01998446,0.01998447,19137,59,0
10443.39003467,10443.38871521,3858.81572260,3858.85529729,0.07803252,3885.02938874,0.01998447,0.01998447,19136,59,0
10443.93576924,10443.93447285,3875.20773521,3875.24672931,0.06068226,3884.99496181,0.01998447,0.01998447,19135,59,0
10444.47891814,10444.48028754,3891.65033837,3891.60902126,0.05016036,3884.95658611,0.01998446,0.01998447,19134,59,0
10445.02650356,10445.02615929,3908.14480109,3908.15521878,0.04229479,3884.91370683,0.01998447,0.01998447,19133,59,0
10445.57116483,10445.57208810,3924.68654955,3924.65853850,0.05953986,3884.86686154,0.01998447,0.01998447,19132,59,0
10446.11660933,10446.11807399,3941.27339525,3941.22883641,0.05062709,3884.81573149,0.01998446,0.01998447,19131,59,0
10446.65990820,10446.66411696,0.00000000,3957.81420523,0.03961854,3884.76044842,0.01998446,0.01998447,19130,59,1
10447.21011086,10447.21021702,3974.60617402,3974.60292375,0.07237032,3884.70030540,0.01998447,0.01998447,19129,59,0
10447.75549967,10447.75637418,3991.34829532,3991.32145646,0.05351926,3884.63623464,0.01998447,0.01998447,19128,59,0
10448.30295123,10448.30258846,4008.13131214,4008.14247314,0.06870352,3884.56756446,0.01998447,0.01998447,19127,59,0
10448.84976922,10448.84885985,4024.96415743,4024.99222623,0.08132162,3884.49454881,0.01998447,0.01998447,19126,59,0
10449.39570921,10449.39518837,4041.85661409,4041.87274510,0.08808032,3884.41715869,0.01998447,0.01998447,19125,59,0
10449.94070559,10449.94157403,4058.80365385,4058.77668071,0.06896261,3884.33540961,0.01998447,0.01998447,19124,59,0
10450.48984685,10450.48801684,0.00000000,4075.87026336,0.05506265,3884.24841926,0.01998447,0.01998447,19123,59,1
nan,nan,0.00000000,-1.00000000,0.00000000,3884.16234874,nan,0.00000000,-2147483648,59,1
nan,nan,0.00000000,-1.00000000,0.00000000,3906.36102570,nan,0.00000000,-2147483648,58,1
10451.58692478,10451.58107392,0.00000000,14.55736754,0.06021318,3906.96484980,0.01998448,0.01998447,19121,58,1
10452.12834221,10452.12768822,24.38718442,24.39904356,0.07478384,3907.52625924,0.01998447,0.01998447,19120,58,0
10452.67438510,10452.67435970,34.30514246,34.30560350,0.06820004,3908.08992604,0.01998447,0.01998447,19119,58,0
10453.21314221,10453.22108837,0.00000000,44.05938625,0.07251623,3908.64348411,0.01998445,0.01998447,19118,58,1
10453.76370989,10453.76787424,0.00000000,54.06641556,0.06747972,3909.20995389,0.01998446,0.01998447,19117,58,1
10454.31639992,10454.31471732,64.12326093,64.15388806,0.08137641,3909.77947919,0.01998447,0.01998447,19116,58,0
10454.86099089,10454.86161761,74.08210392,74.07068687,0.07689991,3910.33790159,0.01998447,0.01998447,19115,58,0
10455.40701244,10455.40857514,84.05029021,84.02179783,0.09547396,3910.89679354,0.01998447,0.01998447,19114,58,0
10455.95254760,10455.95558990,94.02853761,93.97301594,0.06873339,3911.45422568,0.01998447,0.01998447,19113,58,0
10456.50486881,10456.50266190,104.01760173,104.05791874,0.06658018,3912.01765017,0.01998447,0.01998447,19112,58,0
10457.04686368,10457.04979116,114.01807265,113.96453632,0.07127047,3912.56964705,0.01998446,0.01998447,19111,58,0
10457.59569398,10457.59697768,124.02992152,124.00642173,0.06377585,3913.12769641,0.01998447,0.01998447,19110,58,0
10458.14233618,10458.14422147,134.05297695,134.01842970,0.05895608,3913.68259668,0.01998447,0.01998447,19109,58,0
10458.68806622,10458.69152254,144.08706279,144.02366459,0.07369105,3914.23563589,0.01998446,0.01998447,19108,58,0
10459.23458817,10459.23888091,0.00000000,154.03181470,0.08830621,3914.78734975,0.01998446,0.01998447,19107,58,1
10459.78445098,10459.78629657,164.18734872,164.15343170,0.06117820,3915.34380588,0.01998447,0.01998447,19106,58,0
10460.33039816,10460.33376954,0.00000000,174.17164075,0.07931592,3915.89307824,0.01998446,0.01998447,19105,58,1
10460.88446488,10460.88129983,184.32885380,184.38712618,0.03788126,3916.45163071,0.01998448,0.01998447,19104,58,0
10461.42721311,10461.42888744,194.41555700,194.38469991,0.06940301,3916.99676603,0.01998447,0.01998447,19103,58,0
10461.97700829,10461.97653238,204.51381757,204.52259772,0.07835194,3917.54803446,0.01998447,0.01998447,19102,58,0
10462.52222436,10462.52423467,214.62424974,214.58711974,0.08564388,3918.09379996,0.01998447,0.01998447,19101,58,0
10463.07180906,10463.07199432,224.74657074,224.74314549,0.06998200,3918.64299864,0.01998447,0.01998447,19100,58,0
10463.61996946,10463.61981132,234.88004682,234.88297341,0.08817088,3919.18978873,0.01998447,0.01998447,19099,58,0
10464.16991228,10464.16768570,245.02394679,245.06519045,0.05833129,3919.73732293,0.01998447,0.01998447,19098,58,0
10464.71704577,10464.71561745,255.17805328,255.20453488,0.06494693,3920.28101587,0.01998447,0.01998447,19097,58,0
10465.26302656,10465.26360660,265.34288755,265.33212289,0.05056661,3920.82254781,0.01998447,0.01998447,19096,58,0
10465.81211367,10465.81165314,275.51903098,275.52758656,0.05216362,3921.36616335,0.01998447,0.01998447,19095,58,0
10466.35933347,10466.35975709,285.70697019,285.69909194,0.03960063,3921.90695535,0.01998447,0.01998447,19094,58,0
10466.91168229,10466.90791845,295.90677598,295.97684805,0.03957453,3922.45182719,0.01998448,0.01998447,19093,58,0
10467.45882260,10467.45613724,306.11840832,306.16845478,0.06066517,3922.99057359,0.01998447,0.01998447,19092,58,0
10468.00395649,10468.00441346,316.34183117,316.33330588,0.05114586,3923.52635942,0.01998447,0.01998447,19091,58,0
10468.55182236,10468.55274713,326.57707052,326.55979962,0.04968189,3924.06383551,0.01998447,0.01998447,19090,58,0
10469.10713256,10469.10113824,0.00000000,336.93030003,0.03212337,3924.60728274,0.01998448,0.01998447,19089,58,1
10469.65251975,10469.64958682,347.08329189,347.13818349,0.04948918,3925.14063671,0.01998447,0.01998447,19088,58,0
10470.20269730,10470.19809287,0.00000000,357.43210253,0.05608618,3925.67690638,0.01998448,0.01998447,19087,58,1
10470.74995056,10470.74665640,367.63694902,367.69872827,0.07599427,3926.21017363,0.01998447,0.01998447,19086,58,0
10471.29547625,10471.29527741,377.93092423,377.93465687,0.05126032,3926.74027441,0.01998447,0.01998447,19085,58,0
10471.84587398,10471.84395592,388.23600043,388.27204233,0.07783700,3927.27403576,0.01998447,0.01998447,19084,58,0
10472.39383409,10472.39269194,398.55240259,398.57388622,0.07650167,3927.80436803,0.01998447,0.01998447,19083,58,0
10472.93917176,10472.94148548,408.88050899,408.83694287,0.07582566,3928.33112074,0.01998446,0.01998447,19082,58,0
10473.49055977,10473.49033653,419.22068694,419.22489487,0.07268406,3928.86267430,0.01998447,0.01998447,19081,58,0
10474.03571194,10474.03924512,429.57307496,429.50640394,0.04391105,3929.38718620,0.01998446,0.01998447,19080,58,0
10474.58522528,10474.58821125,439.93761880,439.88121349,0.05638929,3929.91484880,0.01998446,0.01998447,19079,58,0
10475.13378093,10475.13723494,450.31425798,450.24894230,0.05607510,3930.44053603,0.01998446,0.01998447,19078,58,0
10475.68774768,10475.68631618,460.70295600,460.73005443,0.06314306,3930.97033036,0.01998447,0.01998447,19077,58,0
10476.24270941,10476.23545500,0.00000000,471.22464764,0.03550141,3931.49915149,0.01998448,0.01998447,19076,58,1
10476.78607011,10476.78465139,481.51657814,481.54349156,0.05500610,3932.01750168,0.01998447,0.01998447,19075,58,0
10477.33510803,10477.33390537,491.94147358,491.96431208,0.04172919,3932.53934878,0.01998447,0.01998447,19074,58,0
10477.88593335,10477.88321694,502.37806642,502.42970219,0.06489970,3933.06178297,0.01998447,0.01998447,19073,58,0
10478.43135425,10478.43258612,512.82592081,512.80248214,0.06070291,3933.57796694,0.01998447,0.01998447,19072,58,0
10478.98041553,10478.98201292,523.28467459,523.25425270,0.07403148,3934.09644272,0.01998447,0.01998447,19071,58,0
10479.53049904,10479.53149734,533.75493986,533.73590736,0.09123908,3934.61474805,0.01998447,0.01998447,19070,58,0
10480.07911222,10480.08103939,544.23800549,544.20122095,0.06934768,3935.13059336,0.01998446,0.01998447,19069,58,0
10480.63178466,10480.63063908,554.73516038,554.75705477,0.05087807,3935.64922774,0.01998447,0.01998447,19068,58,0
10481.18487341,10481.18029642,0.00000000,565.31975908,0.05971581,3936.16651748,0.01998448,0.01998447,19067,58,1
10481.73514153,10481.73001143,0.00000000,575.85271172,0.03094774,3936.68067395,0.01998448,0.01998447,19066,58,1
10482.28533373,10482.27978410,0.00000000,586.39562926,0.05420194,3937.19364003,0.01998448,0.01998447,19065,58,1
10482.83171082,10482.82961445,596.85233199,596.89255993,0.05714456,3937.70270138,0.01998447,0.01998447,19064,58,0
10483.38048808,10483.37950249,607.40977300,607.42870577,0.05688661,3938.21199102,0.01998447,0.01998447,19063,58,0
10483.92913712,10483.92944823,617.98027966,617.97429624,0.08390875,3938.72005775,0.01998447,0.01998447,19062,58,0
10484.47944688,10484.47945166,628.56513248,628.56504025,0.07884067,3939.22860832,0.01998447,0.01998447,19061,58,0
10485.03055575,10485.02951282,639.16375795,639.18386445,0.05019732,3939.73680476,0.01998447,0.01998447,19060,58,0
10485.57954290,10485.57963170,649.77481267,649.77309905,0.07362331,3940.24188690,0.01998447,0.01998447,19059,58,0
10486.13012296,10486.12980831,660.39703879,660.40311667,0.06199809,3940.74720810,0.01998447,0.01998447,19058,58,0
10486.68072119,10486.68004266,671.03071590,671.04383597,0.06587837,3941.25132540,0.01998447,0.01998447,19057,58,0
10487.23388691,10487.23033476,681.67736225,681.74612849,0.05530840,3941.75663087,0.01998447,0.01998447,19056,58,0
10487.78380856,10487.78068462,692.33851908,692.39907515,0.06014983,3942.25788397,0.01998447,0.01998447,19055,58,0
10488.33351125,10488.33109225,703.01456153,703.06151042,0.04966000,3942.75786216,0.01998447,0.01998447,19054,58,0
10488.88203899,10488.88155766,713.70413623,713.71348827,0.07476222,3943.25562982,0.01998447,0.01998447,19053,58,0
10489.43175788,10489.43208085,724.40574253,724.39946131,0.05344794,3943.75325798,0.01998447,0.01998447,19052,58,0
10489.98396897,10489.98266184,735.11854318,735.14398895,0.07258392,3944.25186729,0.01998447,0.01998447,19051,58,0
10490.53343955,10490.53330064,745.84351386,745.84622099,0.03903321,3944.74677321,0.01998447,0.01998447,19050,58,0
10491.08347315,10491.08399725,756.58194094,756.57171481,0.04651406,3945.24101143,0.01998447,0.01998447,19049,58,0
10491.63426813,10491.63475169,767.33486809,767.32542129,0.04994211,3945.73479700,0.01998446,0.01998447,19048,58,0
10492.18434208,10492.18556395,778.10208748,778.07818837,0.06512553,3946.22678411,0.01998446,0.01998447,19047,58,0
10492.73136758,10492.73643406,0.00000000,788.78726162,0.05992801,3946.71502697,0.01998446,0.01998447,19046,58,1
10493.28541524,10493.28736202,799.67705192,799.63888873,0.06712700,3947.20799210,0.01998446,0.01998447,19045,58,0
10493.83860803,10493.83834784,810.48426066,810.48936697,0.05481493,3947.69911608,0.01998447,0.01998447,19044,58,0
10494.39096428,10494.38939153,821.30493613,821.33583777,0.05320744,3948.18827028,0.01998447,0.01998447,19043,58,0
10494.93941493,10494.94049309,832.13938600,832.11817739,0.06019454,3948.67275954,0.01998446,0.01998447,19042,58,0
10495.49325220,10495.49165254,842.98773568,843.01923984,0.07650492,3949.16078614,0.01998447,0.01998447,19041,58,0
10496.03997195,10496.04286989,853.84994945,853.79280978,0.08006668,3949.64132900,0.01998446,0.01998447,19040,58,0
10496.59163700,10496.59414515,864.72599298,864.67648111,0.07062423,3950.12498954,0.01998446,0.01998447,19039,58,0
10497.14887118,10497.14547832,875.61614526,875.68320396,0.06948964,3950.61228479,0.01998447,0.01998447,19038,58,0
10497.70056231,10497.69686941,0.00000000,886.60110472,0.04047498,3951.09382552,0.01998447,0.01998447,19037,58,1
10498.24919946,10498.24831843,897.44164548,897.45910467,0.05852979,3951.57092397,0.01998447,0.01998447,19036,58,0
10498.79787101,10498.79982540,908.37779343,908.33901471,0.07194044,3952.04718384,0.01998446,0.01998447,19035,58,0
10499.35226502,10499.35139032,919.32818576,919.34556113,0.06410820,3952.52715192,0.01998447,0.01998447,19034,58,0
10499.89930735,10499.90301320,930.29125936,930.21757348,0.07880898,3952.99944071,0.01998446,0.01998447,19033,58,0
10500.45139438,10500.45469404,941.26612022,941.20044483,0.04070479,3953.47471573,0.01998446,0.01998447,19032,58,0
10501.00506792,10501.00643287,952.25400774,952.22680872,0.04853795,3953.95002259,0.01998446,0.01998447,19031,58,0
10501.55973797,10501.55822968,963.25659011,963.28668488,0.07330825,3954.42491119,0.01998447,0.01998447,19030,58,0
10502.11021065,10502.11008449,974.27512297,974.27764361,0.05633559,3954.89499186,0.01998447,0.01998447,19029,58,0
10502.66213605,10502.66199731,985.30889377,985.31166907,0.06432362,3955.36506021,0.01998447,0.01998447,19028,58,0
10503.21577727,10503.21396814,996.35661012,996.39283956,0.02520639,3955.83526672,0.01998447,0.01998447,19027,58,0
10503.76796775,10503.76599699,1007.41719057,1007.45669824,0.04058405,3956.30286830,0.01998447,0.01998447,19026,58,0
10504.31466299,10504.31808388,0.00000000,1018.40854269,0.05296447,3956.76389469,0.01998446,0.01998447,19025,58,1
10504.86795548,10504.87022881,1029.57910664,1029.53342586,0.07624729,3957.23032952,0.01998446,0.01998447,19024,58,0
10505.42089644,10505.42243179,1040.68234559,1040.65145441,0.04086175,3957.69458780,0.01998446,0.01998447,19023,58,0
10505.97649115,10505.97469283,1051.80069767,1051.83692419,0.04806507,3958.15975600,0.01998447,0.01998447,19022,58,0
10506.53092044,10506.52701195,0.00000000,1063.00079886,0.05792144,3958.62211923,0.01998447,0.01998447,19021,58,1
10507.07774288,10507.07938914,1074.08049237,1074.04725229,0.05708036,3959.07774380,0.01998446,0.01998446,19020,58,0
10507.63442161,10507.63182442,1085.24131471,1085.29381617,0.07003538,3959.53970513,0.01998447,0.01998446,19019,58,0
10508.18648192,10508.18431779,1096.41631491,1096.46011346,0.03585979,3959.99645542,0.01998447,0.01998446,19018,58,0
10508.73894234,10508.73686928,1107.60577623,1107.64778252,0.05099339,3960.45216684,0.01998447,0.01998446,19017,58,0
10509.28838822,10509.28947887,1118.81035942,1118.78823118,0.08212526,3960.90405163,0.01998446,0.01998446,19016,58,0
10509.84007082,10509.84214660,1130.03105755,1129.98888434,0.05011152,3961.35646346,0.01998446,0.01998446,19015,58,0
10510.39344032,10510.39487246,1141.26883289,1141.23969446,0.04547639,3961.80896773,0.01998446,0.01998446,19014,58,0
10510.94598724,10510.94765646,1152.52343034,1152.48942334,0.06702120,3962.25949060,0.01998446,0.01998446,19013,58,0
10511.49826684,10511.50049861,1163.79331887,1163.74779726,0.06730132,3962.70841922,0.01998446,0.01998446,19012,58,0
10512.05464893,10512.05339892,1175.07694016,1175.10246389,0.05975736,3963.15922095,0.01998447,0.01998446,19011,58,0
10512.60702978,10512.60635741,1186.37417848,1186.38792364,0.04818534,3963.60531773,0.01998447,0.01998446,19010,58,0
10513.15928741,10513.15937407,1197.68666390,1197.68488996,0.05900509,3964.04991465,0.01998446,0.01998446,19009,58,0
10513.70863338,10513.71244892,0.00000000,1208.94573525,0.08246142,3964.49114332,0.01998446,0.01998446,19008,58,1
10514.26628678,10514.26558197,1220.36308610,1220.37755439,0.06755466,3964.93708274,0.01998447,0.01998446,19007,58,0
10514.82135039,10514.81877323,1231.72655843,1231.77953153,0.04282612,3965.37986212,0.01998447,0.01998446,19006,58,0
10515.37087134,10515.37202271,1243.10540702,1243.08171241,0.06629391,3965.81679844,0.01998446,0.01998446,19005,58,0
10515.92534534,10515.92533041,1254.49919795,1254.49950558,0.04960025,3966.25621479,0.01998446,0.01998446,19004,58,0
10516.47750499,10516.47869634,1265.90850902,1265.88392981,0.05602775,3966.69235574,0.01998446,0.01998446,19003,58,0
10517.03357181,10517.03212052,1277.33399659,1277.36397872,0.06274508,3967.13014634,0.01998447,0.01998446,19002,58,0
10517.58432531,10517.58560296,1288.77599422,1288.74956433,0.06408870,3967.56233698,0.01998446,0.01998446,19001,58,0
10518.13935560,10518.13914365,1300.23434036,1300.23873051,0.06121744,3967.99644254,0.01998446,0.01998446,19000,58,0
10518.69453729,10518.69274262,1311.70883003,1311.74605228,0.06952735,3968.42920287,0.01998447,0.01998446,18999,58,0
10519.24629037,10519.24639987,1323.19923212,1323.19695823,0.05540811,3968.85782334,0.01998446,0.01998446,18998,58,0
10519.80135016,10519.80011541,1334.70527624,1334.73094989,0.08449089,3969.28751826,0.01998447,0.01998446,18997,58,0
10520.35446084,10520.35388924,1346.22669532,1346.23859480,0.05469341,3969.71419543,0.01998447,0.01998446,18996,58,0
10520.90740982,10520.90772139,1357.76370669,1357.75721206,0.06543421,3970.13924231,0.01998446,0.01998446,18995,58,0
10521.46122621,10521.46161185,1369.31725962,1369.30920992,0.07377451,3970.56347371,0.01998446,0.01998446,18994,58,0
10522.01380911,10522.01556064,1380.88835609,1380.85174287,0.05306852,3970.98530953,0.01998446,0.01998446,18993,58,0
10522.57092867,10522.56956777,1392.47727753,1392.50576521,0.06463334,3971.40914266,0.01998447,0.01998446,18992,58,0
10523.12097951,10523.12363324,1404.08327383,1404.02764977,0.08196101,3971.82611809,0.01998446,0.01998446,18991,58,0
10523.67904827,10523.67775706,1415.70551998,1415.73261886,0.06780920,3972.24762974,0.01998447,0.01998446,18990,58,0
10524.23270660,10524.23193925,1427.34357923,1427.35970388,0.06753677,3972.66425132,0.01998447,0.01998446,18989,58,0
10524.78617128,10524.78617982,1438.99752394,1438.99734429,0.07492125,3973.07916962,0.01998446,0.01998446,18988,58,0
10525.33932662,10525.34047876,1450.66748439,1450.64321210,0.04051464,3973.49229633,0.01998446,0.01998446,18987,58,0
10525.89784447,10525.89483610,1462.35428434,1462.41775152,0.03225356,3973.90786695,0.01998447,0.01998446,18986,58,0
10526.44867178,10526.44925183,1474.05954985,1474.04729375,0.06811352,3974.31622675,0.01998446,0.01998446,18985,58,0
10527.00194191,10527.00372598,1485.78487132,1485.74711340,0.05000361,3974.72495481,0.01998446,0.01998446,18984,58,0
10527.55599889,10527.55825854,1497.52976418,1497.48187141,0.05151674,3975.13278796,0.01998446,0.01998446,18983,58,0
10528.11167797,10528.11284954,1509.29168369,1509.26682207,0.05997118,3975.54023307,0.01998446,0.01998446,18982,58,0
10528.66967421,10528.66749897,1521.06813909,1521.11434948,0.06390158,3975.94768736,0.01998447,0.01998446,18981,58,0
10529.22255911,10529.22220685,1532.85928595,1532.86677863,0.05951178,3976.34973680,0.01998446,0.01998446,18980,58,0
10529.77750952,10529.77697318,1544.66745813,1544.67888244,0.07765874,3976.75168559,0.01998446,0.01998446,18979,58,0
10530.33537610,10530.33179798,0.00000000,1556.57755908,0.04526328,3977.15440891,0.01998447,0.01998446,18978,58,1
10530.88821334,10530.88668125,1568.34170797,1568.37444220,0.08447908,3977.55153526,0.01998447,0.01998446,18977,58,0
10531.44028067,10531.44162301,1580.20662964,1580.17791054,0.04273115,3977.94673889,0.01998446,0.01998446,18976,58,0
10531.99800026,10531.99662326,1592.08851277,1592.11801215,0.05060379,3978.34433469,0.01998447,0.01998446,18975,58,0
10532.55127236,10532.55168201,1603.98760001,1603.97881196,0.06255120,3978.73711630,0.01998446,0.01998446,18974,58,0
10533.10634228,10533.10679927,1615.90483718,1615.89501931,0.04191562,3979.12955115,0.01998446,0.01998446,18973,58,0
10533.66382532,10533.66197505,1627.84101601,1627.88082588,0.04648064,3979.52207203,0.01998447,0.01998446,18972,58,0
10534.21332514,10534.21720937,0.00000000,1639.71963269,0.07127082,3979.90760670,0.01998446,0.01998446,18971,58,1
10534.77235954,10534.77250222,1651.76903748,1651.76595889,0.04369833,3980.29768334,0.01998446,0.01998446,18970,58,0
10535.32400561,10535.32785362,0.00000000,1663.68438920,0.07147665,3980.68141864,0.01998446,0.01998446,18969,58,1
10535.88492517,10535.88326358,1675.76931781,1675.80527209,0.04709891,3981.06942789,0.01998447,0.01998446,18968,58,0
10536.43777815,10536.43873210,1687.79791572,1687.77724204,0.05273198,3981.45044833,0.01998446,0.01998446,18967,58,0
10536.99614218,10536.99425921,1699.84619621,1699.88706490,0.05745607,3981.83360954,0.01998447,0.01998446,18966,58,0
10537.55138143,10537.54984489,1711.91348739,1711.94688459,0.03558736,3982.21294309,0.01998447,0.01998446,18965,58,0
10538.10712033,10538.10548917,1723.99892804,1724.03443025,0.08773805,3982.59089999,0.01998447,0.01998446,18964,58,0
10538.65688095,10538.66119206,0.00000000,1736.01257472,0.05128622,3982.96321516,0.01998446,0.01998446,18963,58,1
10539.21804621,10539.21695356,1748.22412474,1748.24797455,0.04939235,3983.34124387,0.01998447,0.01998446,18962,58,0
10539.77233498,10539.77277368,1760.36547967,1760.35588947,0.07333542,3983.71306269,0.01998446,0.01998446,18961,58,0
10540.33019647,10540.32865243,1772.52666679,1772.56047210,0.05334376,3984.08556365,0.01998447,0.01998446,18960,58,0
10540.88187790,10540.88458983,1784.70749745,1784.64803371,0.07497336,3984.45223030,0.01998446,0.01998446,18959,58,0
10541.43874103,10541.44058587,1796.90774969,1796.86723841,0.03281723,3984.82060152,0.01998446,0.01998446,18958,58,0
10541.99590846,10541.99664057,1809.12722297,1809.11112275,0.06995493,3985.18740859,0.01998446,0.01998446,18957,58,0
10542.55453570,10542.55275395,1821.36573249,1821.40497219,0.04836652,3985.55338784,0.01998447,0.01998446,18956,58,0
10543.10947856,10543.10892600,1833.62315306,1833.63533980,0.07594477,3985.91516582,0.01998446,0.01998446,18955,58,0
10543.66638307,10543.66515673,1845.89981846,1845.92690545,0.06252696,3986.27643123,0.01998447,0.01998446,18954,58,0
10544.22373138,10544.22144617,1858.19627539,1858.24682762,0.07178973,3986.63619337,0.01998447,0.01998446,18953,58,0
10544.77768095,10544.77779431,1870.51308335,1870.51057169,0.05282440,3986.99199157,0.01998446,0.01998446,18952,58,0
10545.33480254,10545.33420116,1882.85083406,1882.86417982,0.04531316,3987.34805325,0.01998446,0.01998446,18951,58,0
10545.89249149,10545.89066674,1895.21012865,1895.25069074,0.06134675,3987.70270165,0.01998447,0.01998446,18950,58,0
10546.44973188,10546.44719106,1907.59093863,1907.64750774,0.06175042,3988.05527743,0.01998447,0.01998446,18949,58,0
10547.00290426,10547.00377412,1919.99183101,1919.97243657,0.04915297,3988.40346054,0.01998446,0.01998446,18948,58,0
10547.56031425,10547.56041593,1932.41122052,1932.40895060,0.04655686,3988.75242285,0.01998446,0.01998446,18947,58,0
10548.11953921,10548.11711650,1944.84916564,1944.90333513,0.06073006,3989.10060852,0.01998447,0.01998446,18946,58,0
10548.67331810,10548.67387584,1957.30773372,1957.29524281,0.06528887,3989.44356200,0.01998446,0.01998446,18945,58,0
10549.23043966,10549.23069396,1969.78892274,1969.78321757,0.07800357,3989.78678000,0.01998446,0.01998446,18944,58,0
10549.78423285,10549.78757087,1982.29228174,1982.21727631,0.08372926,3990.12612836,0.01998446,0.01998446,18943,58,0
10550.34258507,10550.34450658,1994.81574809,1994.77251020,0.08298688,3990.46636630,0.01998446,0.01998446,18942,58,0
10550.90130572,10550.90150110,2007.35762384,2007.35322126,0.05725310,3990.80485811,0.01998446,0.01998446,18941,58,0
10551.46049826,10551.45855444,2019.91834434,2019.96220656,0.06981431,3991.14166352,0.01998447,0.01998446,18940,58,0
10552.01403860,10552.01566660,2032.49904725,2032.46225535,0.07437926,3991.47314095,0.01998446,0.01998446,18939,58,0
10552.57158475,10552.57283760,2045.10091312,2045.07255331,0.04387378,3991.80510253,0.01998446,0.01998446,18938,58,0
10553.13005375,10553.13006745,2057.72520916,2057.72489847,0.07064141,3992.13570869,0.01998446,0.01998446,18937,58,0
10553.68625614,10553.68735615,2070.37319188,2070.34820401,0.06459194,3992.46309828,0.01998446,0.01998446,18936,58,0
10554.23971179,10554.24470371,0.00000000,2082.94835834,0.06130755,3992.78743939,0.01998445,0.01998446,18935,58,1
10554.80169026,10554.80211015,2095.74004167,2095.73047074,0.06546290,3993.11396543,0.01998446,0.01998446,18934,58,0
10555.35985680,10555.35957547,2108.45705474,2108.46347768,0.07166694,3993.43673493,0.01998446,0.01998446,18933,58,0
10555.91492752,10555.91709968,2121.19573631,2121.14606601,0.06122447,3993.75574406,0.01998446,0.01998446,18932,58,0
10556.47212101,10556.47468280,2133.95595557,2133.89728329,0.06702849,3994.07398211,0.01998446,0.01998446,18931,58,0
10557.03009681,10557.03232482,2146.73778968,2146.68667967,0.06081571,3994.39065790,0.01998446,0.01998446,18930,58,0
10557.59109582,10557.59002577,2159.54206227,2159.56665043,0.04627325,3994.70703091,0.01998446,0.01998446,18929,58,0
10558.14295652,10558.14778564,0.00000000,2172.26805778,0.08451257,3995.01651649,0.01998445,0.01998446,18928,58,1
10558.70025236,10558.70560446,0.00000000,2185.10480186,0.06268715,3995.32677622,0.01998445,0.01998446,18927,58,1
10559.26288030,10559.26348222,2198.09617236,2198.08226951,0.06158280,3995.63785872,0.01998446,0.01998446,18926,58,0
10559.81767157,10559.82141893,0.00000000,2210.90767515,0.04685943,3995.94274927,0.01998446,0.01998446,18925,58,1
10560.38293494,10560.37941462,0.00000000,2223.99333781,0.05391601,3996.25121758,0.01998447,0.01998446,18924,58,1
10560.94085441,10560.93746928,0.00000000,2236.93081303,0.05274789,3996.55360218,0.01998447,0.01998446,18923,58,1
10561.49745054,10561.49558293,2249.81743565,2249.86084625,0.05132576,3996.85323963,0.01998447,0.01998446,18922,58,0
10562.05311185,10562.05375557,2262.80226457,2262.78727696,0.04237600,3997.15022252,0.01998446,0.01998446,18921,58,0
10562.61283666,10562.61198721,2275.81093979,2275.83075240,0.05548971,3997.44728907,0.01998446,0.01998446,18920,58,0
10563.17448211,10563.17027787,0.00000000,2288.94538158,0.07676208,3997.74333789,0.01998447,0.01998446,18919,58,1
10563.73033040,10563.72862755,2301.90211514,2301.94197378,0.06487921,3998.03411267,0.01998447,0.01998446,18918,58,0
10564.28984244,10564.28703627,0.00000000,2315.05193205,0.06878468,3998.32479240,0.01998447,0.01998446,18917,58,1
10564.84577154,10564.84550402,2328.08968105,2328.09596407,0.07941820,3998.61138783,0.01998446,0.01998446,18916,58,0
10565.40154687,10565.40403083,2341.21789576,2341.15946429,0.04507039,3998.89578959,0.01998446,0.01998446,18915,58,0
10565.96423180,10565.96261670,2354.36858509,2354.40664145,0.06711735,3999.18151158,0.01998446,0.01998446,18914,58,0
10566.52097251,10566.52126163,2367.54359681,2367.53677174,0.05804800,3999.46204787,0.01998446,0.01998446,18913,58,0
10567.07376658,10567.07996565,0.00000000,2380.60808667,0.07453879,3999.73869634,0.01998445,0.01998446,18912,58,1
10567.63998427,10567.63872875,2393.97343606,2394.00318696,0.05357961,4000.01947443,0.01998446,0.01998446,18911,58,0
10568.19542266,10568.19755095,2407.22697811,2407.17645845,0.06484739,4000.29291479,0.01998446,0.01998446,18910,58,0
10568.75680113,10568.75643226,2420.50427515,2420.51304569,0.04920276,4000.56703037,0.01998446,0.01998446,18909,58,0
10569.31777741,10569.31537269,2433.80536694,2433.86264133,0.08531270,4000.83867833,0.01998447,0.01998446,18908,58,0
10569.87089470,10569.87437224,0.00000000,2447.05513345,0.05946593,4001.10444172,0.01998446,0.01998446,18907,58,1
10570.43462112,10570.43343093,2460.48162356,2460.51007317,0.06783429,4001.37274060,0.01998446,0.01998446,18906,58,0
10570.99275128,10570.99254876,2473.85936661,2473.86421724,0.06968852,4001.63628261,0.01998446,0.01998446,18905,58,0
10571.54812571,10571.55172574,0.00000000,2487.18407960,0.06100767,4001.89642254,0.01998445,0.01998446,18904,58,1
10572.11087542,10572.11096189,2500.69859592,2500.69651705,0.06948813,4002.15754272,0.01998446,0.01998446,18903,58,0
10572.67139307,10572.67025721,2514.15589582,2514.18324733,0.04713480,4002.41537396,0.01998446,0.01998446,18902,58,0
10573.22780215,10573.22961171,2527.63581710,2527.59217257,0.05999927,4002.66895295,0.01998446,0.01998446,18901,58,0
10573.79200198,10573.78902541,0.00000000,2541.21284061,0.05633180,4002.92371443,0.01998447,0.01998446,18900,58,1
10574.34669118,10574.34849830,2554.67115857,2554.62741114,0.07475636,4003.17184195,0.01998446,0.01998446,18899,58,0
10574.90774842,10574.90803041,2568.22930317,2568.22246387,0.05895334,4003.42049467,0.01998446,0.01998446,18898,58,0
10575.46428651,10575.46762173,0.00000000,2581.73839966,0.06489120,4003.66489372,0.01998446,0.01998446,18897,58,1
10576.02640934,10576.02727229,2595.42420250,2595.40319710,0.05492792,4003.90914038,0.01998446,0.01998446,18896,58,0
10576.58528411,10576.58698208,2609.06092453,2609.01951709,0.05435268,4004.14967671,0.01998446,0.01998446,18895,58,0
10577.14613591,10577.14675112,2622.72466528,2622.70963393,0.08840702,4004.38865552,0.01998446,0.01998446,18894,58,0
10577.70073956,10577.70657942,0.00000000,2636.28997868,0.05614749,4004.62288434,0.01998445,0.01998446,18893,58,1
10578.26699197,10578.26646698,2650.13616024,2650.14903779,0.03427583,4004.85901124,0.01998446,0.01998446,18892,58,0
10578.82458643,10578.82641383,2663.88519718,2663.84028250,0.06159067,4005.08939428,0.01998446,0.01998446,18891,58,0
10579.38327398,10579.38641995,0.00000000,2677.60276413,0.09330201,4005.31808726,0.01998446,0.01998446,18890,58,1
10579.94620119,10579.94648537,2691.46839230,2691.46138059,0.07319242,4005.54545189,0.01998446,0.01998446,18889,58,0
10580.50803410,10580.50661010,2705.30205394,2705.33725774,0.05595121,4005.77015900,0.01998446,0.01998446,18888,58,0
10581.06591927,10581.06679414,2719.16461264,2719.14294095,0.06738722,4005.99081001,0.01998446,0.01998446,18887,58,0
10581.62756478,10581.62703750,2733.05646273,2733.06954990,0.06204092,4006.21044425,0.01998446,0.01998446,18886,58,0
10582.18584851,10582.18734020,2746.97648310,2746.93938973,0.08361203,4006.42623982,0.01998446,0.01998446,18885,58,0
10582.74893305,10582.74770223,2760.92333529,2760.95399692,0.04851421,4006.64130517,0.01998446,0.01998446,18884,58,0
10582.99238576,nan,0.00000000,2767.03080625,0.07232728,4006.73362708,0.01998492,0.01998446,18884,58,1
10583.30867645,10583.30812362,2774.89753419,2774.91133245,0.08169532,4006.85251286,0.01998446,0.01998446,18883,58,0
10583.86962386,10583.86860437,2788.90110450,2788.92660299,0.05392460,4007.06160695,0.01998446,0.01998446,18882,58,0
10584.43256728,10584.42914449,0.00000000,2803.03227570,0.08287468,4007.26902519,0.01998447,0.01998446,18881,58,1
10584.98409506,10584.98974399,0.00000000,2816.86801827,0.06538975,4007.46952746,0.01998445,0.01998446,18880,58,1
10585.54650112,10585.55040288,0.00000000,2831.00470515,0.05077149,4007.67137769,0.01998445,0.01998446,18879,58,1
10586.10876232,10586.11112117,2845.22097372,2845.16149219,0.04711326,4007.87046383,0.01998446,0.01998446,18878,58,0
10586.67303602,10586.67189886,2859.37597295,2859.40470547,0.06890705,4008.06768517,0.01998446,0.01998446,18877,58,0
10587.23692374,10587.23273598,0.00000000,2873.66759711,0.06233038,4008.26208411,0.01998447,0.01998446,18876,58,1
10587.79493277,10587.79363252,2887.77408493,2887.80706563,0.06278024,4008.45174499,0.01998446,0.01998446,18875,58,0
10588.35634904,10588.35458849,2902.01613169,2902.06087351,0.05897034,4008.63986112,0.01998446,0.01998446,18874,58,0
10588.91948251,10588.91560391,0.00000000,2916.39256836,0.07708428,4008.82589009,0.01998447,0.01998446,18873,58,1
10589.47892983,10589.47667879,2930.59186492,2930.64931516,0.04076153,4009.00784829,0.01998446,0.01998446,18872,58,0
10590.03859905,10590.03781313,2944.92820256,2944.94830294,0.09800763,4009.18724323,0.01998446,0.01998446,18871,58,0
10590.60353479,10590.59900695,0.00000000,2959.42075296,0.06420271,4009.36565192,0.01998447,0.01998446,18870,58,1
10591.15804028,10591.16026025,2973.69326117,2973.63625556,0.07145518,4009.53779697,0.01998446,0.01998446,18869,58,0
10591.72254223,10591.72157304,2988.12232063,2988.14726162,0.08221656,4009.71035702,0.01998446,0.01998446,18868,58,0
10592.28473075,10592.28294533,3002.58460559,3002.63065373,0.08753091,4009.87940309,0.01998446,0.01998446,18867,58,0
10592.84061966,10592.84437714,0.00000000,3016.99846069,0.08643411,4010.04395683,0.01998445,0.01998446,18866,58,1
10593.40652633,10593.40586847,3031.60948844,3031.62652946,0.07506322,4010.20827642,0.01998446,0.01998446,18865,58,0
10593.96256403,10593.96741933,0.00000000,3046.05856694,0.06308651,4010.36721647,0.01998445,0.01998446,18864,58,1
10594.52837351,10594.52902973,3060.76709304,3060.75001944,0.05397510,4010.52577320,0.01998446,0.01998446,18863,58,0
10595.08895410,10595.09069967,3075.39720958,3075.35169213,0.07444759,4010.68012319,0.01998446,0.01998446,18862,58,0
10595.65343256,10595.65242918,3090.05992999,3090.08614721,0.06125787,4010.83260621,0.01998446,0.01998446,18861,58,0
10596.21536747,10596.21421826,3104.75275990,3104.78284472,0.04588546,4010.98142721,0.01998446,0.01998446,18860,58,0
10596.77812654,10596.77606691,3119.47644499,3119.53047752,0.08704265,4011.12748142,0.01998446,0.01998446,18859,58,0
10597.34045092,10597.33797516,3134.23469109,3134.29979393,0.05553731,4011.27045640,0.01998446,0.01998446,18858,58,0
10597.90113378,10597.89994300,3149.02968927,3149.06107570,0.07947511,4011.41006146,0.01998446,0.01998446,18857,58,0
10598.46434648,10598.46197044,3163.85996924,3163.92273469,0.07662457,4011.54729254,0.01998446,0.01998446,18856,58,0
10599.02570157,10599.02405751,3178.72394988,3178.76747334,0.05454862,4011.68104013,0.01998446,0.01998446,18855,58,0
10599.58463368,10599.58620419,3193.62234206,3193.58067207,0.06214812,4011.81119043,0.01998446,0.01998446,18854,58,0
10600.14628951,10600.14841052,3208.55660338,3208.50019664,0.03893794,4011.93893126,0.01998446,0.01998446,18853,58,0
10600.71646514,10600.71067648,0.00000000,3223.69392120,0.07478279,4012.06557286,0.01998447,0.01998446,18852,58,1
10601.27360998,10601.27300210,3238.53162549,3238.54786328,0.05911531,4012.18602156,0.01998446,0.01998446,18851,58,0
10601.83632758,10601.83538739,3253.57094535,3253.59611621,0.08627609,4012.30465942,0.01998446,0.01998446,18850,58,0
10602.39421694,10602.39783235,0.00000000,3268.56666631,0.05568844,4012.41930433,0.01998445,0.01998446,18849,58,1
10602.96220255,10602.96033699,3283.75882885,3283.80900980,0.08666600,4012.53256853,0.01998446,0.01998446,18848,58,0
10603.52215841,10603.52290132,3298.90882426,3298.88879392,0.08792248,4012.64118906,0.01998446,0.01998446,18847,58,0
10604.08525846,10604.08552535,3314.09590790,3314.08869520,0.07754823,4012.74721849,0.01998446,0.01998446,18846,58,0
10604.64887334,10604.64820910,3329.31985568,3329.33784813,0.07943654,4012.85010652,0.01998446,0.01998446,18845,58,0
10605.21280495,10605.21095256,3344.58051599,3344.63080774,0.09191100,4012.94978645,0.01998446,0.01998446,18844,58,0
10605.77293265,10605.77375576,3359.87866633,3359.85626542,0.04106562,4013.04554292,0.01998446,0.01998446,18843,58,0
10606.33564466,10606.33661869,3375.21613959,3375.18956449,0.08488956,4013.13846686,0.01998446,0.01998446,18842,58,0
10606.89626911,10606.89954138,0.00000000,3390.52516407,0.06520928,4013.22788288,0.01998445,0.01998446,18841,58,1
10607.46177728,10607.46252382,3406.01054970,3405.99008238,0.05228135,4013.31448824,0.01998446,0.01998446,18840,58,0
10608.02490195,10608.02556603,3421.46503249,3421.44678345,0.09528467,4013.39747295,0.01998446,0.01998446,18839,58,0
10608.59068920,10608.58866802,0.00000000,3437.03024305,0.09456352,4013.47752269,0.01998446,0.01998446,18838,58,1
10609.15165580,10609.15182979,3452.48936537,3452.48456088,0.08928349,4013.55332599,0.01998446,0.01998446,18837,58,0
10609.71003702,10609.71505136,0.00000000,3467.93890451,0.06465688,4013.62556350,0.01998445,0.01998446,18836,58,1
10610.27737184,10610.27833274,3483.67376122,3483.64709377,0.08691941,4013.69533562,0.01998446,0.01998446,18835,58,0
10610.84387576,10610.84167393,0.00000000,3499.40207723,0.05964632,4013.76161985,0.01998446,0.01998446,18834,58,1
10611.40714572,10611.40507495,3515.02112192,3515.07887302,0.04402406,4013.82390380,0.01998446,0.01998446,18833,58,0
10611.96639722,10611.96853580,3530.75368001,3530.69389901,0.06120368,4013.88230418,0.01998445,0.01998446,18832,58,0
10612.52981750,10612.53205650,3546.52402299,3546.46129355,0.07096772,4013.93759260,0.01998445,0.01998446,18831,58,0
10613.09670287,10613.09563705,3562.33281196,3562.36274681,0.09831008,4013.98960662,0.01998446,0.01998446,18830,58,0
10613.65886359,10613.65927746,3578.18524660,3578.17358959,0.06430866,4014.03759858,0.01998446,0.01998446,18829,58,0
10614.22483322,10614.22297775,3594.08534465,3594.13775363,0.08063337,4014.08228933,0.01998446,0.01998446,18828,58,0
10615.07341343,nan,0.00000000,3618.18000449,0.23818110,4014.14245808,0.01998500,0.01998446,18827,58,1
10615.34691460,10615.35055798,0.00000000,3625.93935070,0.07659089,4014.16004737,0.01998445,0.01998446,18826,58,1
10615.91643844,10615.91443794,3642.03506731,3642.09199960,0.07996471,4014.19380155,0.01998446,0.01998446,18825,58,0
10616.47251505,10616.47837781,0.00000000,3657.97630365,0.05187869,4014.22322719,0.01998445,0.01998446,18824,58,1
10617.03812105,10617.04237761,0.00000000,3674.13789303,0.06276521,4014.24933471,0.01998445,0.01998446,18823,58,1
10617.60713655,10617.60643733,3690.39578466,3690.41584551,0.10423240,4014.27172637,0.01998446,0.01998446,18822,58,0
10618.17056645,10618.17055699,3706.60114669,3706.60141884,0.03197886,4014.29010937,0.01998446,0.01998446,18821,58,0
10618.73689701,10618.73473660,3722.85308434,3722.91540874,0.06691756,4014.30472454,0.01998446,0.01998446,18820,58,0
10619.29902733,10619.29897617,3739.15310620,3739.15458607,0.05035036,4014.31537356,0.01998446,0.01998446,18819,58,0
10619.86836554,10619.86327571,0.00000000,3755.65848637,0.07218206,4014.32221354,0.01998447,0.01998446,18818,58,1
10620.42676185,10620.42763523,3771.88478238,3771.85938986,0.14676998,4014.32502612,0.01998446,0.01998446,18817,58,0
10620.99239644,10620.99205473,3788.31623908,3788.32620031,0.13738846,4014.32392671,0.01998446,0.01998446,18816,58,0
10621.55855238,10621.55653423,0.00000000,3804.87060281,0.05280330,4014.31880678,0.01998446,0.01998446,18815,58,1
10622.11878556,10622.12107374,3821.31772052,3821.25065375,0.07555987,4014.30977602,0.01998445,0.01998446,18814,58,0
10622.67909362,10622.68567326,0.00000000,3837.72085971,0.08652614,4014.29672434,0.01998445,0.01998446,18813,58,1
10623.24998707,10623.25033281,3854.50748118,3854.49729189,0.09916513,4014.27933964,0.01998446,0.01998446,18812,58,0
10623.81064648,10623.81505239,0.00000000,3871.07888732,0.12572595,4014.25810391,0.01998445,0.01998446,18811,58,1
10624.38184064,10624.37983202,3887.89132248,3887.95087159,0.05337125,4014.23236421,0.01998446,0.01998446,18810,58,0
10624.94280787,10624.94467170,3904.66290886,3904.60748419,0.12210816,4014.20286820,0.01998445,0.01998446,18809,58,0
10625.50827001,10625.50957145,3921.48458367,3921.44577791,0.09753267,4014.16892887,0.01998445,0.01998446,18808,58,0
10626.07672359,10626.07453127,0.00000000,3938.45419533,0.14014371,4014.13044349,0.01998446,0.01998446,18807,58,1
10626.63949773,10626.63955117,3955.27257645,3955.27097354,0.08945678,4014.08824238,0.01998446,0.01998446,18806,58,0
10627.20655079,10627.20463117,3972.25049021,3972.30825584,0.05694126,4014.04128449,0.01998446,0.01998446,18805,58,0
10627.77241008,10627.76977127,0.00000000,3989.38252794,0.09362475,4013.98998404,0.01998446,0.01998446,18804,58,1
10628.34331825,10628.33497147,0.00000000,4006.63016472,0.15048646,4013.93385672,0.01998447,0.01998446,18803,58,1
10628.90220453,10628.90023180,4023.47223008,4023.53208357,0.10027015,4013.87465999,0.01998446,0.01998446,18802,58,0
10629.46592525,10629.46555227,4040.65498285,4040.66633890,0.08277821,4013.81041567,0.01998446,0.01998446,18801,58,0
10630.02388707,10630.03093287,0.00000000,4057.70300833,0.11246894,4013.74231494,0.01998445,0.01998446,18800,58,1
10630.59439345,10630.59637362,4075.18365252,4075.12302623,0.07410805,4013.66833276,0.01998445,0.01998446,18799,58,0
nan,nan,0.00000000,-1.00000000,0.00000000,4013.58784255,nan,0.00000000,-2147483648,58,1
