slit_dec_x_a = -0.1704010755187174
slit_dec_y_a = -0.1956586180351446
slit_dec_x_b = 0.175
slit_dec_y_b = -1.8129796287307755e-96
slit_defocus = 0.021376420449278566
slit_tilt_x = 1.1140147804842166
slit_tilt_y = -8.538420475134268
slit_tilt_z = -8.991648390233646
d_slit_col = 1594.3099454095177
coll_tilt_x = 0.11326643287389769
coll_tilt_y = -0.02887918167704939
ech_G = 31.61323522454439
ech_blaze = -74.97483346967573
ech_gamma = 1.1389767043698886
echelle_z = 0.07477061540070701
d_col_trf = -1588.0172331171839
trf_mirror_tilt_x = 0.026269602526054817
trf_mirror_tilt_y = 0.1622497230981415
d_col_grm = -0.004857733897464043
grism_dec_x = 236.4233569563687
grism_dec_y = 0.038285970046772616
grm_tilt_x = -0.014055755699146973
grm_tilt_y = 2.3052758471394426
grm_G = 222.82400140900663
grm_apex = 17.791028576885875
d_grm_cam  = 21.60981547900106
cam_dec_x = -0.309549539052663
cam_dec_y = 0.24728276107307445
cam_tilt_x = -0.011036812958705192
cam_tilt_y = 0.0038301922455242702
d_cam_ff  = -160.05782348781702
ccd_ff_dec_x = -0.002594976287867876
ccd_ff_dec_y = 0.05308091981377169
ccd_ff_tilt_x = 0.019562259036175342
ccd_ff_tilt_y = -0.5727993956668912
ccd_ff_tilt_z = 0.18005046819965662
d_ff_ccd  = -4.83892436839053
ccd_dec_x = 0.6214080921584287
ccd_dec_y = 5.157150906101322
ccd_defocus = 0.28068193907161454
ccd_tilt_x = 0.005085957862873905
ccd_tilt_y = -0.010857311002471606
ccd_tilt_z = 5.080474864041594e-06
p = 0.0001