slit_dec_x_a = -0.1703956744691713
slit_dec_y_a = -0.19598738723361975
slit_dec_x_b = 0.175
slit_dec_y_b = -1.4945044873300153e-96
slit_defocus = 0.005602065493522983
slit_tilt_x = 1.1861504455248753
slit_tilt_y = -8.54004834432769
slit_tilt_z = -8.99084140882931
d_slit_col = 1594.2944774365626
coll_tilt_x = 0.08873375412676324
coll_tilt_y = -0.03185090632830515
ech_G = 31.610658918255798
ech_blaze = -74.97684676176748
ech_gamma = 1.1403841784074142
echelle_z = 0.07478155885225461
d_col_trf = -1588.01855058715
trf_mirror_tilt_x = 0.1386553773504511
trf_mirror_tilt_y = 0.07750243930925153
d_col_grm = -0.00952137168342723
grism_dec_x = 236.43431221037503
grism_dec_y = 0.03417298755150737
grm_tilt_x = -0.01585699500920875
grm_tilt_y = 2.304380209104321
grm_G = 222.82517641788885
grm_apex = 17.815121177224803
d_grm_cam  = 21.60848495967134
cam_dec_x = -0.3021259752455559
cam_dec_y = 0.2503083963647948
cam_tilt_x = -0.018432664239018726
cam_tilt_y = -0.015075336327243186
d_cam_ff  = -160.40096791401552
ccd_ff_dec_x = -0.003520830344798153
ccd_ff_dec_y = 0.0002451242954700833
ccd_ff_tilt_x = 0.14605539443002413
ccd_ff_tilt_y = -0.5720761382244041
ccd_ff_tilt_z = 0.17257653417616203
d_ff_ccd  = -4.811287163368781
ccd_dec_x = 0.6206597146214953
ccd_dec_y = 5.155287126542533
ccd_defocus = 0.3162760588174496
ccd_tilt_x = 0.007707377976634076
ccd_tilt_y = -0.01413040551120591
ccd_tilt_z = 3.1045933977880866e-06
p = 1.1784166666666666e-05