slit_dec_x_a = -0.181778666534
slit_dec_y_a = -0.18243150017
slit_dec_x_b = 0.14512077562974193
slit_dec_y_b = -0.05510809031835813
slit_defocus = -0.002215165537032085
slit_tilt_x = 1.1346702324422606
slit_tilt_y = -8.568238147613862
slit_tilt_z = -9.003627739276366
d_slit_col = 1594.3039766706338
coll_tilt_x = 0.08646140949719468
coll_tilt_y = -0.021992977574364643
ech_G = 31.610890097171463
ech_blaze = -74.99551579131554
ech_gamma = 1.1581480057708666
echelle_z = 0.05761057700832469
d_col_trf = -1588.0162551488152
trf_mirror_tilt_x = 0.12252931925436789
trf_mirror_tilt_y = 0.01863781005185111
d_col_grm = 0.015084805100316217
grism_dec_x = 236.39744276377402
grism_dec_y = -0.005018324939631581
grm_tilt_x = -0.0248770023285349
grm_tilt_y = 2.3272820848901836
grm_G = 222.7857018159929
grm_apex = 17.809226390160198
d_grm_cam  = 21.60452021004187
cam_dec_x = -0.2835631767160426
cam_dec_y = 0.2897228850018614
cam_tilt_x = 0.004320958430557459
cam_tilt_y = -0.02782408125882188
d_cam_ff  = -160.56989727841375
ccd_ff_dec_x = -0.02281842620551268
ccd_ff_dec_y = -0.047796489900196124
ccd_ff_tilt_x = 0.16502958174688193
ccd_ff_tilt_y = -0.589688972229337
ccd_ff_tilt_z = 0.17171194039683516
d_ff_ccd  = -4.785422273362128
ccd_dec_x = 0.5517885954384625
ccd_dec_y = 5.10610043567814
ccd_defocus = 0.31574141998865
ccd_tilt_x = 0.021338150334252824
ccd_tilt_y = -0.00419732683110298
ccd_tilt_z = 3.503698531893641e-07
p = 1.1784166666666666e-05