slit_dec_x_a = -0.181778666534
slit_dec_y_a = -0.18243150017
slit_dec_x_b = 0.14512077562974193
slit_dec_y_b = -0.05510809031835813
slit_defocus = -0.013788144035866978
slit_tilt_x = 1.0540903680819897
slit_tilt_y = -8.559954172422243
slit_tilt_z = -9.026759362022768
d_slit_col = 1594.2902697350617
coll_tilt_x = 0.1213875787295373
coll_tilt_y = -0.026448354703055052
ech_G = 31.614557792672688
ech_blaze = -74.9948929749679
ech_gamma = 1.155640416608032
echelle_z = 0.05700056840056589
d_col_trf = -1588.0163717719788
trf_mirror_tilt_x = 0.007258332226560307
trf_mirror_tilt_y = 0.1553838832383124
d_col_grm = 0.03563060978892655
grism_dec_x = 236.3832121316947
grism_dec_y = 0.009189887107886945
grm_tilt_x = -0.02350894909096226
grm_tilt_y = 2.3257905249807203
grm_G = 222.78406554889892
grm_apex = 17.766512549055737
d_grm_cam  = 21.604702075523406
cam_dec_x = -0.27108449086000214
cam_dec_y = 0.2908625097544184
cam_tilt_x = 0.012421197913805613
cam_tilt_y = 0.008870926975701132
d_cam_ff  = -160.07736475270337
ccd_ff_dec_x = -0.02380033402979149
ccd_ff_dec_y = 0.04208257264014228
ccd_ff_tilt_x = 0.033456245154657685
ccd_ff_tilt_y = -0.5909777920114342
ccd_ff_tilt_z = 0.17191958923703218
d_ff_ccd  = -4.8160122445966325
ccd_dec_x = 0.5532956965742032
ccd_dec_y = 5.107626581072897
ccd_defocus = 0.2857082769196389
ccd_tilt_x = 0.032557886041818855
ccd_tilt_y = -0.0021161229535239076
ccd_tilt_z = 4.704462203544648e-06
p = 0.0001