slit_dec_x_a = -0.181778666534
slit_dec_y_a = -0.18243150017
slit_dec_x_b = 0.14512077562974193
slit_dec_y_b = -0.05510809031835813
slit_defocus = -0.002209729341217927
slit_tilt_x = 1.1347064608732929
slit_tilt_y = -8.568243970748398
slit_tilt_z = -9.003655795043644
d_slit_col = 1594.3039176771404
coll_tilt_x = 0.08642984295586414
coll_tilt_y = -0.022063622049259615
ech_G = 31.610886648719294
ech_blaze = -74.99557762764381
ech_gamma = 1.1581179107172084
echelle_z = 0.05735140650727736
d_col_trf = -1588.0163775382248
trf_mirror_tilt_x = 0.12252213420054595
trf_mirror_tilt_y = 0.01869425218236573
d_col_grm = 0.015025896737473142
grism_dec_x = 236.39747636858144
grism_dec_y = -0.00501962843388584
grm_tilt_x = -0.02472818902389434
grm_tilt_y = 2.327307922369485
grm_G = 222.78575781376514
grm_apex = 17.809158522023324
d_grm_cam  = 21.60432053695477
cam_dec_x = -0.2836109409026726
cam_dec_y = 0.28970999199345504
cam_tilt_x = 0.004337180605665988
cam_tilt_y = -0.027805871668665275
d_cam_ff  = -160.5696487058332
ccd_ff_dec_x = -0.022847631283420967
ccd_ff_dec_y = -0.047806875873051796
ccd_ff_tilt_x = 0.16503764435491694
ccd_ff_tilt_y = -0.5897040054915828
ccd_ff_tilt_z = 0.17170804853924324
d_ff_ccd  = -4.785372506390531
ccd_dec_x = 0.5519230206196862
ccd_dec_y = 5.106191342439444
ccd_defocus = 0.3157958262237009
ccd_tilt_x = 0.02138015845528474
ccd_tilt_y = -0.004207403247850255
ccd_tilt_z = 3.5638816733353325e-07
p = 5.170833333333334e-06