slit_dec_x_a = -0.17043288568159565
slit_dec_y_a = -0.1960576375000649
slit_dec_x_b = 0.175
slit_dec_y_b = -2.063836425432229e-96
slit_defocus = 0.0055648320835275135
slit_tilt_x = 1.186131501009054
slit_tilt_y = -8.539995304671182
slit_tilt_z = -8.990848700669737
d_slit_col = 1594.29446222989
coll_tilt_x = 0.08879509850313662
coll_tilt_y = -0.031751247092807126
ech_G = 31.61067149264126
ech_blaze = -74.97684380749635
ech_gamma = 1.1405178372791949
echelle_z = 0.07480124024208326
d_col_trf = -1588.018537023336
trf_mirror_tilt_x = 0.13865609743091195
trf_mirror_tilt_y = 0.07759610206647827
d_col_grm = -0.0095451147526306
grism_dec_x = 236.434337006184
grism_dec_y = 0.034213269060417724
grm_tilt_x = -0.015663261044911513
grm_tilt_y = 2.304369104007184
grm_G = 222.8252014550282
grm_apex = 17.81510675440297
d_grm_cam  = 21.60847199346487
cam_dec_x = -0.30215752396772044
cam_dec_y = 0.25034783230537105
cam_tilt_x = -0.018599155025531482
cam_tilt_y = -0.015031047094924067
d_cam_ff  = -160.40095124720474
ccd_ff_dec_x = -0.0034895173359349644
ccd_ff_dec_y = 0.00017504992815399326
ccd_ff_tilt_x = 0.14604405708057153
ccd_ff_tilt_y = -0.5720874541612591
ccd_ff_tilt_z = 0.17259638627275192
d_ff_ccd  = -4.8112391377008645
ccd_dec_x = 0.6206893933017634
ccd_dec_y = 5.155289904235552
ccd_defocus = 0.3163025327024889
ccd_tilt_x = 0.0077525460469822696
ccd_tilt_y = -0.014051614035022822
ccd_tilt_z = 3.117347892051872e-06
p = 5.170833333333334e-06