slit_dec_x_a = -0.1704010755187174
slit_dec_y_a = -0.1956586180351446
slit_dec_x_b = 0.175
slit_dec_y_b = -1.7991927424941646e-96
slit_defocus = 0.02137524476571222
slit_tilt_x = 1.1139641220531284
slit_tilt_y = -8.538445634318894
slit_tilt_z = -8.991650448336387
d_slit_col = 1594.3099878441324
coll_tilt_x = 0.11314433233691573
coll_tilt_y = -0.02887610318904982
ech_G = 31.613230481710062
ech_blaze = -74.97483315045332
ech_gamma = 1.1389742570857366
echelle_z = 0.07476276303867231
d_col_trf = -1588.0172310759988
trf_mirror_tilt_x = 0.02631079283120519
trf_mirror_tilt_y = 0.1621911453707601
d_col_grm = -0.004838862725165601
grism_dec_x = 236.42338987071736
grism_dec_y = 0.03814764410790731
grm_tilt_x = -0.014055181945035784
grm_tilt_y = 2.3052829770302323
grm_G = 222.8239995843448
grm_apex = 17.79103401495694
d_grm_cam  = 21.609819856125572
cam_dec_x = -0.30958483334651404
cam_dec_y = 0.24730395141694564
cam_tilt_x = -0.011083583051386165
cam_tilt_y = 0.00380956951420609
d_cam_ff  = -160.05747970838627
ccd_ff_dec_x = -0.0025955301959450813
ccd_ff_dec_y = 0.05306675685590645
ccd_ff_tilt_x = 0.019516425051474728
ccd_ff_tilt_y = -0.5728042463539779
ccd_ff_tilt_z = 0.18004747911504052
d_ff_ccd  = -4.838956478183434
ccd_dec_x = 0.6214052751545186
ccd_dec_y = 5.157147751079782
ccd_defocus = 0.28078438610521883
ccd_tilt_x = 0.005028429649943105
ccd_tilt_y = -0.010908373719164257
ccd_tilt_z = 5.082319391318143e-06
p = 0.0001