slit_dec_x_a = -0.181778666534
slit_dec_y_a = -0.18243150017
slit_dec_x_b = 0.14512077562974193
slit_dec_y_b = -0.05510809031835813
slit_defocus = -0.013783740436847764
slit_tilt_x = 1.054174279815094
slit_tilt_y = -8.559928108895067
slit_tilt_z = -9.02685293746685
d_slit_col = 1594.2902931982878
coll_tilt_x = 0.1213917542085463
coll_tilt_y = -0.026553077750537103
ech_G = 31.614564351198833
ech_blaze = -74.99488752789932
ech_gamma = 1.1556396449389714
echelle_z = 0.05700807338231676
d_col_trf = -1588.0163638750087
trf_mirror_tilt_x = 0.007288650442035773
trf_mirror_tilt_y = 0.15547655547734499
d_col_grm = 0.035663848458035455
grism_dec_x = 236.3832091064699
grism_dec_y = 0.009197730253699458
grm_tilt_x = -0.023507134675773166
grm_tilt_y = 2.3257883589650294
grm_G = 222.78407692778828
grm_apex = 17.766513687766988
d_grm_cam  = 21.604701382209356
cam_dec_x = -0.2711404145892023
cam_dec_y = 0.2909208991668566
cam_tilt_x = 0.012379147850799403
cam_tilt_y = 0.00877738534893574
d_cam_ff  = -160.0769994099794
ccd_ff_dec_x = -0.023799603068139392
ccd_ff_dec_y = 0.0419768194178436
ccd_ff_tilt_x = 0.03350536681551173
ccd_ff_tilt_y = -0.5909794769443804
ccd_ff_tilt_z = 0.17192082377200082
d_ff_ccd  = -4.81596445360758
ccd_dec_x = 0.5533003940860736
ccd_dec_y = 5.107631830776831
ccd_defocus = 0.28572891398525735
ccd_tilt_x = 0.032553617291181655
ccd_tilt_y = -0.0020880884006035444
ccd_tilt_z = 4.692871768002485e-06
p = 0.0001