slit_dec_x_a = -0.181778666534
slit_dec_y_a = -0.18243150017
slit_dec_x_b = 0.14512077562974193
slit_dec_y_b = -0.05510809031835813
slit_defocus = -0.0022037698170344765
slit_tilt_x = 1.1347006394907273
slit_tilt_y = -8.568273085157832
slit_tilt_z = -9.003622422772057
d_slit_col = 1594.3039368189777
coll_tilt_x = 0.08640188137004935
coll_tilt_y = -0.022039693615240566
ech_G = 31.610894830414814
ech_blaze = -74.99559369888954
ech_gamma = 1.158183119475217
echelle_z = 0.05722754130840568
d_col_trf = -1588.0162515039974
trf_mirror_tilt_x = 0.12252258254565844
trf_mirror_tilt_y = 0.01866612877489484
d_col_grm = 0.015019836421178207
grism_dec_x = 236.39747598579478
grism_dec_y = -0.005016726881484081
grm_tilt_x = -0.024740201236652392
grm_tilt_y = 2.3274189162069003
grm_G = 222.78573144606975
grm_apex = 17.809155337737298
d_grm_cam  = 21.604412164581213
cam_dec_x = -0.2836036122890646
cam_dec_y = 0.2897082229479519
cam_tilt_x = 0.004319364350586378
cam_tilt_y = -0.02777481535885943
d_cam_ff  = -160.56960646384738
ccd_ff_dec_x = -0.02277819035655537
ccd_ff_dec_y = -0.047798913929366256
ccd_ff_tilt_x = 0.16503568569144683
ccd_ff_tilt_y = -0.5896292310184916
ccd_ff_tilt_z = 0.17181813968227883
d_ff_ccd  = -4.7853851619133545
ccd_dec_x = 0.5519502648354634
ccd_dec_y = 5.106376966641166
ccd_defocus = 0.31579064130177853
ccd_tilt_x = 0.02138020642267169
ccd_tilt_y = -0.004201642327128773
ccd_tilt_z = 3.0416070289266965e-07
p = 9.66390909090909e-06