slit_dec_x_a = -0.181778666534
slit_dec_y_a = -0.18243150017
slit_dec_x_b = 0.14512077562974193
slit_dec_y_b = -0.05510809031835813
slit_defocus = -0.013814956400846989
slit_tilt_x = 1.0541554090697993
slit_tilt_y = -8.559969758168274
slit_tilt_z = -9.026896731860292
d_slit_col = 1594.2902426677417
coll_tilt_x = 0.12143838211439419
coll_tilt_y = -0.02644918019111639
ech_G = 31.61456091173537
ech_blaze = -74.99488437742268
ech_gamma = 1.1556417054869217
echelle_z = 0.05700456228020137
d_col_trf = -1588.016360305946
trf_mirror_tilt_x = 0.007322259780275502
trf_mirror_tilt_y = 0.15543677790665053
d_col_grm = 0.035653886593805556
grism_dec_x = 236.3832312313713
grism_dec_y = 0.009283429971860995
grm_tilt_x = -0.02350859630057075
grm_tilt_y = 2.3257885630456534
grm_G = 222.78407189978319
grm_apex = 17.7664701092959
d_grm_cam  = 21.60470284173779
cam_dec_x = -0.2711052586371482
cam_dec_y = 0.2909202295848545
cam_tilt_x = 0.012400943938283789
cam_tilt_y = 0.00884193213151932
d_cam_ff  = -160.0775743240866
ccd_ff_dec_x = -0.02380334910095894
ccd_ff_dec_y = 0.04209273073711482
ccd_ff_tilt_x = 0.03346879737976085
ccd_ff_tilt_y = -0.5909760906559991
ccd_ff_tilt_z = 0.17192272426936173
d_ff_ccd  = -4.816049569623072
ccd_dec_x = 0.5533002132403345
ccd_dec_y = 5.107628598606462
ccd_defocus = 0.28580220505048076
ccd_tilt_x = 0.032583699260493273
ccd_tilt_y = -0.0021739969537901984
ccd_tilt_z = 4.692658731941571e-06
p = 0.0001