slit_dec_x_a = -0.181778666534
slit_dec_y_a = -0.18243150017
slit_dec_x_b = 0.14512077562974193
slit_dec_y_b = -0.05510809031835813
slit_defocus = -0.002201566346543739
slit_tilt_x = 1.134692614315421
slit_tilt_y = -8.568242631982804
slit_tilt_z = -9.003666890348393
d_slit_col = 1594.3039608118406
coll_tilt_x = 0.08644477078890139
coll_tilt_y = -0.02202824352340534
ech_G = 31.610872002222294
ech_blaze = -74.99549267846686
ech_gamma = 1.1581736199917174
echelle_z = 0.05752790478815872
d_col_trf = -1588.0163037851355
trf_mirror_tilt_x = 0.12254584119192605
trf_mirror_tilt_y = 0.018676316577819315
d_col_grm = 0.015055866193140848
grism_dec_x = 236.3974772060384
grism_dec_y = -0.005028661145641011
grm_tilt_x = -0.024735993471772584
grm_tilt_y = 2.3273718357994015
grm_G = 222.7856979942189
grm_apex = 17.809207234776256
d_grm_cam  = 21.60438749130797
cam_dec_x = -0.2835764778562464
cam_dec_y = 0.28975825063854527
cam_tilt_x = 0.004341679089190347
cam_tilt_y = -0.027819865763472645
d_cam_ff  = -160.56981397729777
ccd_ff_dec_x = -0.022730336695769925
ccd_ff_dec_y = -0.047796844461049974
ccd_ff_tilt_x = 0.1650248234552223
ccd_ff_tilt_y = -0.5896931037683653
ccd_ff_tilt_z = 0.17173123054839776
d_ff_ccd  = -4.785404547661502
ccd_dec_x = 0.5519123416226509
ccd_dec_y = 5.106134027536253
ccd_defocus = 0.31574696584514433
ccd_tilt_x = 0.02132047694484277
ccd_tilt_y = -0.004216147513193209
ccd_tilt_z = 3.7441726295908737e-07
p = 1.7917500000000003e-05