slit_dec_x_a = -0.17038693615968326
slit_dec_y_a = -0.19595508575980888
slit_dec_x_b = 0.175
slit_dec_y_b = -1.5312516623741432e-96
slit_defocus = 0.005593569574495035
slit_tilt_x = 1.186165080512225
slit_tilt_y = -8.54002856598525
slit_tilt_z = -8.990848137853236
d_slit_col = 1594.2944563382339
coll_tilt_x = 0.08878127543041237
coll_tilt_y = -0.03185995644527688
ech_G = 31.610664516713676
ech_blaze = -74.97684954740573
ech_gamma = 1.1403757351691965
echelle_z = 0.07477598832267623
d_col_trf = -1588.018536776392
trf_mirror_tilt_x = 0.13867271401779252
trf_mirror_tilt_y = 0.07752393209528187
d_col_grm = -0.009522857995004458
grism_dec_x = 236.4343256901959
grism_dec_y = 0.034164878882363414
grm_tilt_x = -0.01582790095473857
grm_tilt_y = 2.3043458134168455
grm_G = 222.82518428223628
grm_apex = 17.81512947072664
d_grm_cam  = 21.608481609922993
cam_dec_x = -0.30212795752194255
cam_dec_y = 0.25032396250097805
cam_tilt_x = -0.01844235318093256
cam_tilt_y = -0.01505724622718714
d_cam_ff  = -160.40093510619468
ccd_ff_dec_x = -0.003533599331350797
ccd_ff_dec_y = 0.00023221986959379927
ccd_ff_tilt_x = 0.14603400040335415
ccd_ff_tilt_y = -0.5720719495396728
ccd_ff_tilt_z = 0.17256728301168245
d_ff_ccd  = -4.811255654508735
ccd_dec_x = 0.6206826596761696
ccd_dec_y = 5.155317204015106
ccd_defocus = 0.3163163852964223
ccd_tilt_x = 0.007709031429514765
ccd_tilt_y = -0.014087707100959775
ccd_tilt_z = 3.1556001168363204e-06
p = 1.7917500000000003e-05