slit_dec_x_a = -0.1704010755187174
slit_dec_y_a = -0.1956586180351446
slit_dec_x_b = 0.175
slit_dec_y_b = -1.7974573672339563e-96
slit_defocus = 0.021393629463015824
slit_tilt_x = 1.1140289280350282
slit_tilt_y = -8.53840496033231
slit_tilt_z = -8.991549535250424
d_slit_col = 1594.3099648657717
coll_tilt_x = 0.11314760134406653
coll_tilt_y = -0.028946459141579763
ech_G = 31.61323530918638
ech_blaze = -74.97483363581196
ech_gamma = 1.1389836436291059
echelle_z = 0.07476859026844587
d_col_trf = -1588.017234372705
trf_mirror_tilt_x = 0.02631383387726954
trf_mirror_tilt_y = 0.16225427185432578
d_col_grm = -0.004846184567333024
grism_dec_x = 236.42334664371606
grism_dec_y = 0.038142039950817656
grm_tilt_x = -0.014051863348016709
grm_tilt_y = 2.305278630320775
grm_G = 222.82400411785798
grm_apex = 17.79102772726052
d_grm_cam  = 21.609815256954548
cam_dec_x = -0.30957771732766376
cam_dec_y = 0.24731336795655026
cam_tilt_x = -0.011162280770810608
cam_tilt_y = 0.0037847805531819696
d_cam_ff  = -160.05754017904093
ccd_ff_dec_x = -0.002604899339390593
ccd_ff_dec_y = 0.05300187844389635
ccd_ff_tilt_x = 0.01950445051891993
ccd_ff_tilt_y = -0.5728043158936101
ccd_ff_tilt_z = 0.1800574401714113
d_ff_ccd  = -4.838962666680903
ccd_dec_x = 0.6214039123014564
ccd_dec_y = 5.157148987718321
ccd_defocus = 0.28066387746083354
ccd_tilt_x = 0.0050785906073187665
ccd_tilt_y = -0.010937663075148967
ccd_tilt_z = 5.0527802621044086e-06
p = 0.0001