slit_dec_x_a = -0.181778666534
slit_dec_y_a = -0.18243150017
slit_dec_x_b = 0.14512077562974193
slit_dec_y_b = -0.05510809031835813
slit_defocus = -0.0022526984837899756
slit_tilt_x = 1.1346969385593444
slit_tilt_y = -8.568360148181698
slit_tilt_z = -9.003597139577236
d_slit_col = 1594.3039540269483
coll_tilt_x = 0.08648731748101719
coll_tilt_y = -0.022031239163012466
ech_G = 31.610939675351634
ech_blaze = -74.99583914339628
ech_gamma = 1.1582603559989997
echelle_z = 0.05644319265859708
d_col_trf = -1588.016370349246
trf_mirror_tilt_x = 0.12244781315461761
trf_mirror_tilt_y = 0.01870470750335747
d_col_grm = 0.014935688033585793
grism_dec_x = 236.39749593500667
grism_dec_y = -0.005085419246154663
grm_tilt_x = -0.02471413302645214
grm_tilt_y = 2.3273746373796467
grm_G = 222.78594390783078
grm_apex = 17.80906408026991
d_grm_cam  = 21.6048173684489
cam_dec_x = -0.28362546937545724
cam_dec_y = 0.28975406376799245
cam_tilt_x = 0.004341718811535609
cam_tilt_y = -0.027773893053955317
d_cam_ff  = -160.5696193157622
ccd_ff_dec_x = -0.022683941755400432
ccd_ff_dec_y = -0.0477694551366907
ccd_ff_tilt_x = 0.16502251601294662
ccd_ff_tilt_y = -0.5893720599828924
ccd_ff_tilt_z = 0.17185695915746893
d_ff_ccd  = -4.785422206389729
ccd_dec_x = 0.5518746764299962
ccd_dec_y = 5.106365352587338
ccd_defocus = 0.31586982456316703
ccd_tilt_x = 0.021387157327845394
ccd_tilt_y = -0.00420338877982009
ccd_tilt_z = 1.8211328487697615e-07
p = 2.9706363636363643e-06