slit_dec_x_a = -0.17038743034717016
slit_dec_y_a = -0.19573561693308178
slit_dec_x_b = 0.175
slit_dec_y_b = -2.59253328447311e-96
slit_defocus = 0.005541041905706841
slit_tilt_x = 1.1861046625584304
slit_tilt_y = -8.540127210577365
slit_tilt_z = -8.990815382742944
d_slit_col = 1594.294480268596
coll_tilt_x = 0.08852240792787264
coll_tilt_y = -0.031791135164229434
ech_G = 31.6106682183053
ech_blaze = -74.97715896078486
ech_gamma = 1.140492756780594
echelle_z = 0.0754353746711893
d_col_trf = -1588.0186107908999
trf_mirror_tilt_x = 0.13865660935641427
trf_mirror_tilt_y = 0.077554928760433
d_col_grm = -0.009548247409588513
grism_dec_x = 236.4343653841086
grism_dec_y = 0.03425182437054986
grm_tilt_x = -0.01571598770911539
grm_tilt_y = 2.3043610707606033
grm_G = 222.82520800880872
grm_apex = 17.815127429379356
d_grm_cam  = 21.60849546764685
cam_dec_x = -0.3021332834016258
cam_dec_y = 0.2503352115681692
cam_tilt_x = -0.018413245777133585
cam_tilt_y = -0.015040402026352847
d_cam_ff  = -160.40099731922868
ccd_ff_dec_x = -0.0035388838974442726
ccd_ff_dec_y = 0.0001466266678902547
ccd_ff_tilt_x = 0.14601250250549053
ccd_ff_tilt_y = -0.5720299929638304
ccd_ff_tilt_z = 0.17252186322080057
d_ff_ccd  = -4.811232102167807
ccd_dec_x = 0.620643694840514
ccd_dec_y = 5.155268203297915
ccd_defocus = 0.3163413087924097
ccd_tilt_x = 0.007809680796867141
ccd_tilt_y = -0.014014846444298014
ccd_tilt_z = 3.366655611591791e-06
p = 2.9706363636363643e-06