slit_dec_x_a = -0.181778666534
slit_dec_y_a = -0.18243150017
slit_dec_x_b = 0.14512077562974193
slit_dec_y_b = -0.05510809031835813
slit_defocus = -0.0022116098692327056
slit_tilt_x = 1.1346863511796876
slit_tilt_y = -8.568374427668205
slit_tilt_z = -9.003569541688899
d_slit_col = 1594.3039891008195
coll_tilt_x = 0.08648747596248406
coll_tilt_y = -0.022063060558532143
ech_G = 31.610917449876293
ech_blaze = -74.99574795794636
ech_gamma = 1.1581552211220525
echelle_z = 0.05673983128066003
d_col_trf = -1588.0163377724828
trf_mirror_tilt_x = 0.12249450661234242
trf_mirror_tilt_y = 0.01872135284393765
d_col_grm = 0.014942852708471892
grism_dec_x = 236.39747122219714
grism_dec_y = -0.005057771340783604
grm_tilt_x = -0.024652206683426613
grm_tilt_y = 2.3273603643174527
grm_G = 222.7858983895147
grm_apex = 17.809077156292958
d_grm_cam  = 21.604872000110813
cam_dec_x = -0.2836410413308614
cam_dec_y = 0.28975558137061813
cam_tilt_x = 0.004328422134494596
cam_tilt_y = -0.027770088648195062
d_cam_ff  = -160.56955747146597
ccd_ff_dec_x = -0.022865501543185892
ccd_ff_dec_y = -0.04778277806747949
ccd_ff_tilt_x = 0.16504176643665644
ccd_ff_tilt_y = -0.5893956126504712
ccd_ff_tilt_z = 0.17175767541804424
d_ff_ccd  = -4.785404857712036
ccd_dec_x = 0.5518544865260693
ccd_dec_y = 5.106366380650165
ccd_defocus = 0.31585754060899
ccd_tilt_x = 0.021370347610160573
ccd_tilt_y = -0.004196502540545465
ccd_tilt_z = 3.179383402683784e-07
p = 1.776636363636364e-06