slit_dec_x_a = -0.17039409881097306
slit_dec_y_a = -0.1958551302842363
slit_dec_x_b = 0.175
slit_dec_y_b = -2.497436121299226e-96
slit_defocus = 0.005516823171027041
slit_tilt_x = 1.186121162854159
slit_tilt_y = -8.540091786231674
slit_tilt_z = -8.990825321812544
d_slit_col = 1594.2944330146702
coll_tilt_x = 0.08854104518672515
coll_tilt_y = -0.03172431097183313
ech_G = 31.610671416446863
ech_blaze = -74.97710443679041
ech_gamma = 1.1405081843568736
echelle_z = 0.0754540508540563
d_col_trf = -1588.0185871785575
trf_mirror_tilt_x = 0.1386527586372699
trf_mirror_tilt_y = 0.07753567808948626
d_col_grm = -0.009531861312656329
grism_dec_x = 236.43431348473135
grism_dec_y = 0.03423376851576166
grm_tilt_x = -0.015960815193902717
grm_tilt_y = 2.3043653377216193
grm_G = 222.82519446117217
grm_apex = 17.81512764509527
d_grm_cam  = 21.608474472244033
cam_dec_x = -0.3021082491408276
cam_dec_y = 0.25033251929878747
cam_tilt_x = -0.018328212858866502
cam_tilt_y = -0.015021084229077877
d_cam_ff  = -160.400974522448
ccd_ff_dec_x = -0.0035444817582756063
ccd_ff_dec_y = 0.0001685011966292364
ccd_ff_tilt_x = 0.1460104691129809
ccd_ff_tilt_y = -0.5720200457913462
ccd_ff_tilt_z = 0.17254667278670174
d_ff_ccd  = -4.811202370817038
ccd_dec_x = 0.6206373552206327
ccd_dec_y = 5.155301470694971
ccd_defocus = 0.3163327851711439
ccd_tilt_x = 0.007803807188022735
ccd_tilt_y = -0.014017327328299875
ccd_tilt_z = 3.3250718367726063e-06
p = 1.776636363636364e-06