slit_dec_x_a = -0.181778666534
slit_dec_y_a = -0.18243150017
slit_dec_x_b = 0.14512077562974193
slit_dec_y_b = -0.05510809031835813
slit_defocus = -0.0021891929268807696
slit_tilt_x = 1.134707058181793
slit_tilt_y = -8.568303246817838
slit_tilt_z = -9.003627230739783
d_slit_col = 1594.3039081273325
coll_tilt_x = 0.08643274990268107
coll_tilt_y = -0.022038187965322663
ech_G = 31.610894285174744
ech_blaze = -74.99560010784869
ech_gamma = 1.1582199795130481
echelle_z = 0.05703463202320489
d_col_trf = -1588.0162565353476
trf_mirror_tilt_x = 0.12250536775184831
trf_mirror_tilt_y = 0.01869127636144215
d_col_grm = 0.014973969870455678
grism_dec_x = 236.3974892461789
grism_dec_y = -0.0050622831584791654
grm_tilt_x = -0.024745546950188598
grm_tilt_y = 2.327435093426448
grm_G = 222.7857492636127
grm_apex = 17.809161337412423
d_grm_cam  = 21.60450536029482
cam_dec_x = -0.28364847368465096
cam_dec_y = 0.2897327083177716
cam_tilt_x = 0.004357210448979415
cam_tilt_y = -0.027791165354275237
d_cam_ff  = -160.56949129987424
ccd_ff_dec_x = -0.023056720173177236
ccd_ff_dec_y = -0.04779351208449933
ccd_ff_tilt_x = 0.16503063484193736
ccd_ff_tilt_y = -0.5896308245803338
ccd_ff_tilt_z = 0.17179139785213746
d_ff_ccd  = -4.785367543607663
ccd_dec_x = 0.5518926102596254
ccd_dec_y = 5.106616437075294
ccd_defocus = 0.3158442943514002
ccd_tilt_x = 0.021420159825166703
ccd_tilt_y = -0.0042253389282174165
ccd_tilt_z = 3.085052079853529e-07
p = 4.897090909090909e-06