slit_dec_x_a = -0.1704010755187174
slit_dec_y_a = -0.1956586180351446
slit_dec_x_b = 0.175
slit_dec_y_b = -1.8093895005144425e-96
slit_defocus = 0.021356172199154654
slit_tilt_x = 1.1139726304476263
slit_tilt_y = -8.538338133325517
slit_tilt_z = -8.991623493120661
d_slit_col = 1594.3100222868957
coll_tilt_x = 0.11322408808850767
coll_tilt_y = -0.02888994041802407
ech_G = 31.61322731699628
ech_blaze = -74.97483021630829
ech_gamma = 1.1389750970230088
echelle_z = 0.07477428935843183
d_col_trf = -1588.0172309399984
trf_mirror_tilt_x = 0.02635677118588819
trf_mirror_tilt_y = 0.16227673752982194
d_col_grm = -0.004776220339546369
grism_dec_x = 236.4233141333738
grism_dec_y = 0.03821406476671594
grm_tilt_x = -0.014058389958569015
grm_tilt_y = 2.305281217687609
grm_G = 222.8240016452121
grm_apex = 17.791015081535686
d_grm_cam  = 21.609814618924894
cam_dec_x = -0.30959004086152264
cam_dec_y = 0.24723978738715416
cam_tilt_x = -0.01101681209368806
cam_tilt_y = 0.003775017807150146
d_cam_ff  = -160.0571537162621
ccd_ff_dec_x = -0.002604248415030986
ccd_ff_dec_y = 0.053042206024384836
ccd_ff_tilt_x = 0.019483286316816614
ccd_ff_tilt_y = -0.5728086870126933
ccd_ff_tilt_z = 0.18004657404987695
d_ff_ccd  = -4.8388860121996355
ccd_dec_x = 0.6214066892897685
ccd_dec_y = 5.157150109833628
ccd_defocus = 0.2807747633370015
ccd_tilt_x = 0.005063525816304416
ccd_tilt_y = -0.010954591161785768
ccd_tilt_z = 5.049493521651109e-06
p = 0.0001