slit_dec_x_a = -0.1703860239377079
slit_dec_y_a = -0.1959546748122028
slit_dec_x_b = 0.175
slit_dec_y_b = -1.549540795135702e-96
slit_defocus = 0.005593603233673989
slit_tilt_x = 1.1861377053902806
slit_tilt_y = -8.540039414606806
slit_tilt_z = -8.990843675454364
d_slit_col = 1594.2944759177633
coll_tilt_x = 0.08871932196508271
coll_tilt_y = -0.03188650517900992
ech_G = 31.61065267911869
ech_blaze = -74.97681019777572
ech_gamma = 1.1403512223892658
echelle_z = 0.07473978927835398
d_col_trf = -1588.0185407605682
trf_mirror_tilt_x = 0.13865770348474413
trf_mirror_tilt_y = 0.07751182391444394
d_col_grm = -0.009535488305895639
grism_dec_x = 236.4343212426829
grism_dec_y = 0.03416770172255571
grm_tilt_x = -0.01586120655096517
grm_tilt_y = 2.304380328139803
grm_G = 222.82515961255467
grm_apex = 17.81512443158576
d_grm_cam  = 21.608480369738075
cam_dec_x = -0.30212104096822157
cam_dec_y = 0.25031709641627575
cam_tilt_x = -0.018447060736564956
cam_tilt_y = -0.015086355721058067
d_cam_ff  = -160.4009696728329
ccd_ff_dec_x = -0.0035169378810231133
ccd_ff_dec_y = 0.00023888461961076444
ccd_ff_tilt_x = 0.14604924521760201
ccd_ff_tilt_y = -0.5720704192984076
ccd_ff_tilt_z = 0.17257398763099274
d_ff_ccd  = -4.81127229088379
ccd_dec_x = 0.6206571290508408
ccd_dec_y = 5.1553002658567815
ccd_defocus = 0.3162956048558254
ccd_tilt_x = 0.007713071610775642
ccd_tilt_y = -0.014100136172331986
ccd_tilt_z = 3.136408518637093e-06
p = 1.2001666666666669e-05