slit_dec_x_a = -0.181778666534
slit_dec_y_a = -0.18243150017
slit_dec_x_b = 0.14512077562974193
slit_dec_y_b = -0.05510809031835813
slit_defocus = -0.002199573107459683
slit_tilt_x = 1.1346660411339533
slit_tilt_y = -8.568237086874086
slit_tilt_z = -9.003641040405792
d_slit_col = 1594.3039792026825
coll_tilt_x = 0.08646197686656233
coll_tilt_y = -0.02200621126397373
ech_G = 31.61088761120423
ech_blaze = -74.99553330580096
ech_gamma = 1.1581492578784103
echelle_z = 0.05759394762169364
d_col_trf = -1588.0162604594955
trf_mirror_tilt_x = 0.12252790400521979
trf_mirror_tilt_y = 0.01863816612782027
d_col_grm = 0.015089922325583899
grism_dec_x = 236.397452039516
grism_dec_y = -0.005031090221803801
grm_tilt_x = -0.02481636903913681
grm_tilt_y = 2.3272803117489667
grm_G = 222.7857323419564
grm_apex = 17.809219956578648
d_grm_cam  = 21.604539457108057
cam_dec_x = -0.28357129447112406
cam_dec_y = 0.2897358222987032
cam_tilt_x = 0.004338151510810313
cam_tilt_y = -0.027827591953602737
d_cam_ff  = -160.56986356199954
ccd_ff_dec_x = -0.022789414276916768
ccd_ff_dec_y = -0.04779178870936372
ccd_ff_tilt_x = 0.16503338674462142
ccd_ff_tilt_y = -0.5896968964902011
ccd_ff_tilt_z = 0.17172953433182245
d_ff_ccd  = -4.7854193917098975
ccd_dec_x = 0.5518346030661335
ccd_dec_y = 5.106121042782989
ccd_defocus = 0.3157316746502513
ccd_tilt_x = 0.021341743198866305
ccd_tilt_y = -0.004200235270730999
ccd_tilt_z = 3.816402828259902e-07
p = 1.2001666666666669e-05