slit_dec_x_a = -0.1704181674244511
slit_dec_y_a = -0.1959612916672879
slit_dec_x_b = 0.175
slit_dec_y_b = -1.8368772134381735e-96
slit_defocus = 0.005561961710478365
slit_tilt_x = 1.1861604821857266
slit_tilt_y = -8.539997776093864
slit_tilt_z = -8.990846657934092
d_slit_col = 1594.2944585684584
coll_tilt_x = 0.08876659113172779
coll_tilt_y = -0.03179042538998899
ech_G = 31.61065221692733
ech_blaze = -74.97673055962979
ech_gamma = 1.1404746589508354
echelle_z = 0.07485914383555638
d_col_trf = -1588.0185386099058
trf_mirror_tilt_x = 0.1386671709045709
trf_mirror_tilt_y = 0.07758672063453358
d_col_grm = -0.009554137522125871
grism_dec_x = 236.43432918941343
grism_dec_y = 0.03420982057665735
grm_tilt_x = -0.015672480138381205
grm_tilt_y = 2.304365290695776
grm_G = 222.8251876907626
grm_apex = 17.815105364959184
d_grm_cam  = 21.608452885800624
cam_dec_x = -0.3021675899892971
cam_dec_y = 0.2503295036232184
cam_tilt_x = -0.018654680827651694
cam_tilt_y = -0.015050199921322395
d_cam_ff  = -160.4009488340026
ccd_ff_dec_x = -0.0035047288579350337
ccd_ff_dec_y = 0.00018573483119297492
ccd_ff_tilt_x = 0.14603386411396166
ccd_ff_tilt_y = -0.572055751077352
ccd_ff_tilt_z = 0.17258450084731758
d_ff_ccd  = -4.81125995502809
ccd_dec_x = 0.6206852990263628
ccd_dec_y = 5.155311461503899
ccd_defocus = 0.31632567660089933
ccd_tilt_x = 0.007738241387077129
ccd_tilt_y = -0.01405827956303203
ccd_tilt_z = 3.1630697010797464e-06
p = 2.5856363636363637e-06