slit_dec_x_a = -0.1704010755187174
slit_dec_y_a = -0.1956586180351446
slit_dec_x_b = 0.175
slit_dec_y_b = -1.881178479940279e-96
slit_defocus = 0.021365857507417534
slit_tilt_x = 1.1139847536512792
slit_tilt_y = -8.538479506768848
slit_tilt_z = -8.991593588878837
d_slit_col = 1594.3099928511192
coll_tilt_x = 0.11324711849172486
coll_tilt_y = -0.028938338524401284
ech_G = 31.613231407171654
ech_blaze = -74.97482979696885
ech_gamma = 1.1389679880089216
echelle_z = 0.07476453557667183
d_col_trf = -1588.0172332821662
trf_mirror_tilt_x = 0.02635483999181936
trf_mirror_tilt_y = 0.16228413574727565
d_col_grm = -0.00480365670489938
grism_dec_x = 236.4232986829339
grism_dec_y = 0.03815353290231278
grm_tilt_x = -0.014064295719919758
grm_tilt_y = 2.3052812942804852
grm_G = 222.8240058915087
grm_apex = 17.791029650711135
d_grm_cam  = 21.60981857228627
cam_dec_x = -0.309584312112364
cam_dec_y = 0.2472703050031818
cam_tilt_x = -0.011078518336465322
cam_tilt_y = 0.003766693640925997
d_cam_ff  = -160.0574710886552
ccd_ff_dec_x = -0.002606147630797885
ccd_ff_dec_y = 0.05314948976183701
ccd_ff_tilt_x = 0.019515952706817944
ccd_ff_tilt_y = -0.5728020891312613
ccd_ff_tilt_z = 0.18005642308451933
d_ff_ccd  = -4.8389698000403145
ccd_dec_x = 0.6214049566035331
ccd_dec_y = 5.157148603365962
ccd_defocus = 0.2806924617157396
ccd_tilt_x = 0.005008239473529372
ccd_tilt_y = -0.01093125922480669
ccd_tilt_z = 5.045900255547448e-06
p = 0.0001