slit_dec_x_a = -0.17041491021096333
slit_dec_y_a = -0.19606709872468744
slit_dec_x_b = 0.175
slit_dec_y_b = -1.5045037082410732e-96
slit_defocus = 0.005576662023544827
slit_tilt_x = 1.1861388917794502
slit_tilt_y = -8.540053961586564
slit_tilt_z = -8.990857943049368
d_slit_col = 1594.2944837863001
coll_tilt_x = 0.08870934003762074
coll_tilt_y = -0.03185680121459689
ech_G = 31.61065715834226
ech_blaze = -74.9768518226079
ech_gamma = 1.1403793545379337
echelle_z = 0.07480542809475445
d_col_trf = -1588.0185434678565
trf_mirror_tilt_x = 0.13866901849153404
trf_mirror_tilt_y = 0.07752315683759128
d_col_grm = -0.00954552166420013
grism_dec_x = 236.4343100180717
grism_dec_y = 0.034165063283689644
grm_tilt_x = -0.01587113120594287
grm_tilt_y = 2.30438010829405
grm_G = 222.82517166962234
grm_apex = 17.815124878878148
d_grm_cam  = 21.60848231790933
cam_dec_x = -0.3021198566805526
cam_dec_y = 0.2503160642816136
cam_tilt_x = -0.018453283262950055
cam_tilt_y = -0.015087308892169528
d_cam_ff  = -160.40097284999317
ccd_ff_dec_x = -0.0035301837392646656
ccd_ff_dec_y = 0.00025775969258632605
ccd_ff_tilt_x = 0.1460528329264838
ccd_ff_tilt_y = -0.5720670533826898
ccd_ff_tilt_z = 0.17257256602546242
d_ff_ccd  = -4.811308959689558
ccd_dec_x = 0.6206678346160969
ccd_dec_y = 5.155294647167959
ccd_defocus = 0.31627942530168407
ccd_tilt_x = 0.007727819095553564
ccd_tilt_y = -0.014135088956002687
ccd_tilt_z = 3.2076621615485212e-06
p = 1.0169545454545455e-05