slit_dec_x_a = -0.181778666534
slit_dec_y_a = -0.18243150017
slit_dec_x_b = 0.14512077562974193
slit_dec_y_b = -0.05510809031835813
slit_defocus = -0.013811887721715202
slit_tilt_x = 1.0540827303551603
slit_tilt_y = -8.559920938614109
slit_tilt_z = -9.026945060490554
d_slit_col = 1594.2902863147144
coll_tilt_x = 0.121434956078289
coll_tilt_y = -0.026466612541903505
ech_G = 31.61456327549836
ech_blaze = -74.99488712439808
ech_gamma = 1.1556434403987965
echelle_z = 0.05700091930426712
d_col_trf = -1588.0163633201457
trf_mirror_tilt_x = 0.007228141564229133
trf_mirror_tilt_y = 0.15545504485440442
d_col_grm = 0.035672394411503015
grism_dec_x = 236.3832035271096
grism_dec_y = 0.00918556507131694
grm_tilt_x = -0.023507842540604448
grm_tilt_y = 2.3257830703374194
grm_G = 222.7840704159542
grm_apex = 17.766527539102064
d_grm_cam  = 21.60470160462622
cam_dec_x = -0.27111807060467313
cam_dec_y = 0.29091292736612634
cam_tilt_x = 0.012397810653112885
cam_tilt_y = 0.008793918552284235
d_cam_ff  = -160.07728034695444
ccd_ff_dec_x = -0.02380346026932792
ccd_ff_dec_y = 0.04204377094507018
ccd_ff_tilt_x = 0.03350625356341881
ccd_ff_tilt_y = -0.590978955385743
ccd_ff_tilt_z = 0.17191009030573484
d_ff_ccd  = -4.81596829883317
ccd_dec_x = 0.5533013587649994
ccd_dec_y = 5.1076333741716935
ccd_defocus = 0.28572151317864625
ccd_tilt_x = 0.03257938009817471
ccd_tilt_y = -0.002081215173588569
ccd_tilt_z = 4.693995882931909e-06
p = 0.0001