slit_dec_x_a = -0.1704010755187174
slit_dec_y_a = -0.1956586180351446
slit_dec_x_b = 0.175
slit_dec_y_b = -1.7845591769834203e-96
slit_defocus = 0.021408996825589232
slit_tilt_x = 1.114029517240452
slit_tilt_y = -8.538445617144996
slit_tilt_z = -8.991698504049557
d_slit_col = 1594.3099534340952
coll_tilt_x = 0.11319331250428655
coll_tilt_y = -0.028882403768991836
ech_G = 31.613226983296283
ech_blaze = -74.97483842851868
ech_gamma = 1.1389756726119344
echelle_z = 0.0747724406892142
d_col_trf = -1588.017235896355
trf_mirror_tilt_x = 0.02631317593526626
trf_mirror_tilt_y = 0.16217087542027464
d_col_grm = -0.004842390774168923
grism_dec_x = 236.42330316959251
grism_dec_y = 0.038178868539543456
grm_tilt_x = -0.01406153430950691
grm_tilt_y = 2.305272266065279
grm_G = 222.82400661138206
grm_apex = 17.791091880561392
d_grm_cam  = 21.609821578494998
cam_dec_x = -0.309527120819344
cam_dec_y = 0.247268380862634
cam_tilt_x = -0.011036194749425405
cam_tilt_y = 0.0038013792134447876
d_cam_ff  = -160.05730792395227
ccd_ff_dec_x = -0.002602992605097361
ccd_ff_dec_y = 0.05306802078872989
ccd_ff_tilt_x = 0.019493404210106806
ccd_ff_tilt_y = -0.5728006460667315
ccd_ff_tilt_z = 0.18005246669069566
d_ff_ccd  = -4.838935983363921
ccd_dec_x = 0.6214056867791155
ccd_dec_y = 5.157143484714579
ccd_defocus = 0.28077001802268703
ccd_tilt_x = 0.005043097207574536
ccd_tilt_y = -0.010904137305302026
ccd_tilt_z = 5.073342342838046e-06
p = 0.0001