slit_dec_x_a = -0.17039144445558205
slit_dec_y_a = -0.19595236137193794
slit_dec_x_b = 0.175
slit_dec_y_b = -1.5189199917315987e-96
slit_defocus = 0.005559946814448929
slit_tilt_x = 1.1861736629405244
slit_tilt_y = -8.540023873666467
slit_tilt_z = -8.99083961379695
d_slit_col = 1594.294458952629
coll_tilt_x = 0.08882929280266127
coll_tilt_y = -0.031861397685912334
ech_G = 31.610677223029867
ech_blaze = -74.97687176897873
ech_gamma = 1.1403954191694583
echelle_z = 0.07480733515148366
d_col_trf = -1588.0185342425852
trf_mirror_tilt_x = 0.13866956278972345
trf_mirror_tilt_y = 0.07756489385165401
d_col_grm = -0.009547421758660014
grism_dec_x = 236.4343275313421
grism_dec_y = 0.034184686999553494
grm_tilt_x = -0.015765122868691746
grm_tilt_y = 2.304362104073464
grm_G = 222.82519095257436
grm_apex = 17.815136487456687
d_grm_cam  = 21.608445701110405
cam_dec_x = -0.3021319994399871
cam_dec_y = 0.2503253928370103
cam_tilt_x = -0.01851595155026769
cam_tilt_y = -0.015060665793855524
d_cam_ff  = -160.40093856961226
ccd_ff_dec_x = -0.0035168439861214267
ccd_ff_dec_y = 0.00020697265522309392
ccd_ff_tilt_x = 0.14603848792888366
ccd_ff_tilt_y = -0.5720527859544056
ccd_ff_tilt_z = 0.17258543053533565
d_ff_ccd  = -4.81127706266335
ccd_dec_x = 0.6206980309114062
ccd_dec_y = 5.155324584210679
ccd_defocus = 0.3163239533456153
ccd_tilt_x = 0.0077112800652902
ccd_tilt_y = -0.014087123908026092
ccd_tilt_z = 3.172483952200772e-06
p = 2.2118333333333328e-05