slit_dec_x_a = -0.181778666534
slit_dec_y_a = -0.18243150017
slit_dec_x_b = 0.14512077562974193
slit_dec_y_b = -0.05510809031835813
slit_defocus = -0.0022074820548893554
slit_tilt_x = 1.1346879901978633
slit_tilt_y = -8.568227612931858
slit_tilt_z = -9.00367875538681
d_slit_col = 1594.303921832681
coll_tilt_x = 0.08642444941635884
coll_tilt_y = -0.02204886068860132
ech_G = 31.610888683289083
ech_blaze = -74.99560350368611
ech_gamma = 1.1581118655731748
echelle_z = 0.057499682994153443
d_col_trf = -1588.0162563577096
trf_mirror_tilt_x = 0.12252423928514176
trf_mirror_tilt_y = 0.01868153978506273
d_col_grm = 0.015061762860885166
grism_dec_x = 236.39746787934735
grism_dec_y = -0.0050223414973757435
grm_tilt_x = -0.024785905641133303
grm_tilt_y = 2.3272424978735837
grm_G = 222.78580924018058
grm_apex = 17.80919635727565
d_grm_cam  = 21.604333261078153
cam_dec_x = -0.28358203085330214
cam_dec_y = 0.2897320219315053
cam_tilt_x = 0.004358987593792462
cam_tilt_y = -0.02781428948053623
d_cam_ff  = -160.56969233937443
ccd_ff_dec_x = -0.0226674947196216
ccd_ff_dec_y = -0.04779016007233478
ccd_ff_tilt_x = 0.16504016434131755
ccd_ff_tilt_y = -0.5897202410129223
ccd_ff_tilt_z = 0.17170609466368048
d_ff_ccd  = -4.785392745984224
ccd_dec_x = 0.5519495403301384
ccd_dec_y = 5.106074114740994
ccd_defocus = 0.3157553167837728
ccd_tilt_x = 0.02135545157867346
ccd_tilt_y = -0.004205258844194141
ccd_tilt_z = 3.9422847155017306e-07
p = 2.2118333333333328e-05