slit_dec_x_a = -0.1704010755187174
slit_dec_y_a = -0.1956586180351446
slit_dec_x_b = 0.175
slit_dec_y_b = -1.8470676511948008e-96
slit_defocus = 0.02137620756523952
slit_tilt_x = 1.11400157878168
slit_tilt_y = -8.538358897469815
slit_tilt_z = -8.99162957308567
d_slit_col = 1594.3099670660413
coll_tilt_x = 0.11311465041542235
coll_tilt_y = -0.028902383028467978
ech_G = 31.613226151657738
ech_blaze = -74.97483409437466
ech_gamma = 1.138968543135155
echelle_z = 0.0747716172073691
d_col_trf = -1588.017232070779
trf_mirror_tilt_x = 0.026324146908464213
trf_mirror_tilt_y = 0.16221522676743477
d_col_grm = -0.004830593390586273
grism_dec_x = 236.42321364979526
grism_dec_y = 0.038198592219097376
grm_tilt_x = -0.014056327210227822
grm_tilt_y = 2.3052742538620796
grm_G = 222.82400447893514
grm_apex = 17.790984229901557
d_grm_cam  = 21.609823306478038
cam_dec_x = -0.30949795020349985
cam_dec_y = 0.24728034416656194
cam_tilt_x = -0.011115130506325947
cam_tilt_y = 0.0037971538926909396
d_cam_ff  = -160.05728991909498
ccd_ff_dec_x = -0.0025993075348154015
ccd_ff_dec_y = 0.053053167113430076
ccd_ff_tilt_x = 0.01952457509291642
ccd_ff_tilt_y = -0.5728060971141588
ccd_ff_tilt_z = 0.1800506790310957
d_ff_ccd  = -4.838965384233411
ccd_dec_x = 0.6214031980238517
ccd_dec_y = 5.1571491865163
ccd_defocus = 0.2807369473522345
ccd_tilt_x = 0.004993466585576278
ccd_tilt_y = -0.01090497448189862
ccd_tilt_z = 5.131372698383728e-06
p = 0.0001