slit_dec_x_a = -0.181778666534
slit_dec_y_a = -0.18243150017
slit_dec_x_b = 0.14512077562974193
slit_dec_y_b = -0.05510809031835813
slit_defocus = -0.013711090570415281
slit_tilt_x = 1.0541118152149151
slit_tilt_y = -8.55996307155228
slit_tilt_z = -9.026844479885632
d_slit_col = 1594.2903054846688
coll_tilt_x = 0.12140019021302613
coll_tilt_y = -0.0265231233863719
ech_G = 31.614560467750636
ech_blaze = -74.99488821623888
ech_gamma = 1.1556405658210525
echelle_z = 0.057000756098997345
d_col_trf = -1588.0163642948312
trf_mirror_tilt_x = 0.007305896229120955
trf_mirror_tilt_y = 0.1553857571921059
d_col_grm = 0.03568608632517463
grism_dec_x = 236.38317592117787
grism_dec_y = 0.009255159760056595
grm_tilt_x = -0.023509384803840846
grm_tilt_y = 2.3257935867780284
grm_G = 222.78407831325524
grm_apex = 17.766505345114403
d_grm_cam  = 21.604693684537796
cam_dec_x = -0.2710931958746458
cam_dec_y = 0.2909330890806153
cam_tilt_x = 0.012425837581011854
cam_tilt_y = 0.008740433213134738
d_cam_ff  = -160.0773083224006
ccd_ff_dec_x = -0.023801094110315817
ccd_ff_dec_y = 0.04198851457811062
ccd_ff_tilt_x = 0.03350563760727976
ccd_ff_tilt_y = -0.5909797734546037
ccd_ff_tilt_z = 0.17191917026031048
d_ff_ccd  = -4.8159775730544965
ccd_dec_x = 0.5532946146088131
ccd_dec_y = 5.107628145410956
ccd_defocus = 0.2857379871762562
ccd_tilt_x = 0.03250286057523072
ccd_tilt_y = -0.002175960214615604
ccd_tilt_z = 4.688489500984362e-06
p = 0.0001