slit_dec_x_a = -0.17040084036864162
slit_dec_y_a = -0.19582064899029436
slit_dec_x_b = 0.175
slit_dec_y_b = -2.582062003498986e-96
slit_defocus = 0.005528519374008065
slit_tilt_x = 1.186130447967065
slit_tilt_y = -8.540101413564665
slit_tilt_z = -8.990825999843338
d_slit_col = 1594.2944351821686
coll_tilt_x = 0.08856332423308062
coll_tilt_y = -0.03174600356568496
ech_G = 31.610677108776514
ech_blaze = -74.97710532010905
ech_gamma = 1.1405365840013009
echelle_z = 0.07548916166482952
d_col_trf = -1588.0185872669147
trf_mirror_tilt_x = 0.1386494257246966
trf_mirror_tilt_y = 0.07752842076672818
d_col_grm = -0.009545774447799913
grism_dec_x = 236.4343041260668
grism_dec_y = 0.034239798972119394
grm_tilt_x = -0.015925365396729712
grm_tilt_y = 2.304372514912133
grm_G = 222.8251877149494
grm_apex = 17.81513221558973
d_grm_cam  = 21.608462900257756
cam_dec_x = -0.3021103206066073
cam_dec_y = 0.2503571301405703
cam_tilt_x = -0.01835985320250779
cam_tilt_y = -0.015024618968932342
d_cam_ff  = -160.40099335988106
ccd_ff_dec_x = -0.0035493334004310013
ccd_ff_dec_y = 0.0001525278288439219
ccd_ff_tilt_x = 0.1460159625597824
ccd_ff_tilt_y = -0.5720214563887981
ccd_ff_tilt_z = 0.17253681611434138
d_ff_ccd  = -4.811203609529397
ccd_dec_x = 0.620641640210484
ccd_dec_y = 5.155305448219522
ccd_defocus = 0.31633552362960055
ccd_tilt_x = 0.007792007610562593
ccd_tilt_y = -0.014015406805429087
ccd_tilt_z = 3.3870376711488236e-06
p = 1.7984166666666665e-06