slit_dec_x_a = -0.181778666534
slit_dec_y_a = -0.18243150017
slit_dec_x_b = 0.14512077562974193
slit_dec_y_b = -0.05510809031835813
slit_defocus = -0.013755535730091724
slit_tilt_x = 1.054151367682141
slit_tilt_y = -8.559984678700129
slit_tilt_z = -9.026936021214274
d_slit_col = 1594.2902880148297
coll_tilt_x = 0.12143229592300414
coll_tilt_y = -0.026511346702594273
ech_G = 31.61456056671599
ech_blaze = -74.9948876381965
ech_gamma = 1.155639847973749
echelle_z = 0.0570055030694421
d_col_trf = -1588.0163608708137
trf_mirror_tilt_x = 0.00729304609989553
trf_mirror_tilt_y = 0.15547582375889776
d_col_grm = 0.03570585809767058
grism_dec_x = 236.38330676627876
grism_dec_y = 0.009244286160997858
grm_tilt_x = -0.023502140990025983
grm_tilt_y = 2.325785310225478
grm_G = 222.7840739783024
grm_apex = 17.766548480186884
d_grm_cam  = 21.604702312904042
cam_dec_x = -0.2710640207897859
cam_dec_y = 0.2909093147879944
cam_tilt_x = 0.012470001335411068
cam_tilt_y = 0.00879855613081248
d_cam_ff  = -160.07675185911964
ccd_ff_dec_x = -0.023796334412093677
ccd_ff_dec_y = 0.04205028096256679
ccd_ff_tilt_x = 0.03346682569017103
ccd_ff_tilt_y = -0.5909738459624008
ccd_ff_tilt_z = 0.1719157755490442
d_ff_ccd  = -4.815991504741684
ccd_dec_x = 0.5532998243612944
ccd_dec_y = 5.10763301125645
ccd_defocus = 0.2858137976495537
ccd_tilt_x = 0.03263189880179847
ccd_tilt_y = -0.0021458855804288987
ccd_tilt_z = 4.6733038471146034e-06
p = 0.0001