slit_dec_x_a = -0.17045587904293077
slit_dec_y_a = -0.19604450914502838
slit_dec_x_b = 0.175
slit_dec_y_b = -2.083221873902507e-96
slit_defocus = 0.005540314914365423
slit_tilt_x = 1.186125266784558
slit_tilt_y = -8.54004830886899
slit_tilt_z = -8.990857160300237
d_slit_col = 1594.2944434728256
coll_tilt_x = 0.08868134083431109
coll_tilt_y = -0.03174811589870461
ech_G = 31.610673822936644
ech_blaze = -74.97717247230388
ech_gamma = 1.1405616543884944
echelle_z = 0.07494810068425573
d_col_trf = -1588.0185516323706
trf_mirror_tilt_x = 0.13871228690466228
trf_mirror_tilt_y = 0.07759956241109837
d_col_grm = -0.009515095460121968
grism_dec_x = 236.43428222374789
grism_dec_y = 0.03422365914136711
grm_tilt_x = -0.01574719467568877
grm_tilt_y = 2.3043728595157416
grm_G = 222.82520164481716
grm_apex = 17.815096090903392
d_grm_cam  = 21.608482516857332
cam_dec_x = -0.30209409455020464
cam_dec_y = 0.25037874571956514
cam_tilt_x = -0.018094772882461477
cam_tilt_y = -0.01501095491564344
d_cam_ff  = -160.4009671814142
ccd_ff_dec_x = -0.003541243750714699
ccd_ff_dec_y = 0.00014884782601218714
ccd_ff_tilt_x = 0.14598546732470313
ccd_ff_tilt_y = -0.57206144125656
ccd_ff_tilt_z = 0.1725714342377469
d_ff_ccd  = -4.8112342730876785
ccd_dec_x = 0.620645347846097
ccd_dec_y = 5.155252694192947
ccd_defocus = 0.3163259959872424
ccd_tilt_x = 0.007754977079649696
ccd_tilt_y = -0.014022839457013388
ccd_tilt_z = 3.2371734543715575e-06
p = 6.118272727272726e-06