slit_dec_x_a = -0.181778666534
slit_dec_y_a = -0.18243150017
slit_dec_x_b = 0.14512077562974193
slit_dec_y_b = -0.05510809031835813
slit_defocus = -0.013749940986117953
slit_tilt_x = 1.054038899285158
slit_tilt_y = -8.55994877912111
slit_tilt_z = -9.026840555361764
d_slit_col = 1594.2902132765219
coll_tilt_x = 0.1214117096738851
coll_tilt_y = -0.026501131611597763
ech_G = 31.614564729535726
ech_blaze = -74.9948888825547
ech_gamma = 1.1556383830539863
echelle_z = 0.057011396476837194
d_col_trf = -1588.0163648314424
trf_mirror_tilt_x = 0.007318915760985266
trf_mirror_tilt_y = 0.15544164173247452
d_col_grm = 0.03563105640892463
grism_dec_x = 236.38324140618587
grism_dec_y = 0.009267017551360215
grm_tilt_x = -0.023501587657409336
grm_tilt_y = 2.3257828501815383
grm_G = 222.7840712632711
grm_apex = 17.766479355138454
d_grm_cam  = 21.60470169800567
cam_dec_x = -0.2711818422399494
cam_dec_y = 0.2909130057616554
cam_tilt_x = 0.012424332819970765
cam_tilt_y = 0.008809958115575221
d_cam_ff  = -160.0771453861924
ccd_ff_dec_x = -0.023794962430006016
ccd_ff_dec_y = 0.042073951896996545
ccd_ff_tilt_x = 0.03343360432988635
ccd_ff_tilt_y = -0.5909899995940223
ccd_ff_tilt_z = 0.17191822337621482
d_ff_ccd  = -4.816014086781609
ccd_dec_x = 0.553295291587764
ccd_dec_y = 5.107640242268509
ccd_defocus = 0.28577740138727653
ccd_tilt_x = 0.03257359451355519
ccd_tilt_y = -0.002095587408067071
ccd_tilt_z = 4.65135564470874e-06
p = 0.0001