slit_dec_x_a = -0.17043236208156692
slit_dec_y_a = -0.19593414256971997
slit_dec_x_b = 0.175
slit_dec_y_b = -2.039785033570659e-96
slit_defocus = 0.005568888105863559
slit_tilt_x = 1.1860935362476168
slit_tilt_y = -8.539985154756916
slit_tilt_z = -8.990843157090378
d_slit_col = 1594.294458624325
coll_tilt_x = 0.08863617796141272
coll_tilt_y = -0.03176471336247411
ech_G = 31.610687639989568
ech_blaze = -74.977027744171
ech_gamma = 1.1404433264894387
echelle_z = 0.07484482721751086
d_col_trf = -1588.0185727720482
trf_mirror_tilt_x = 0.13868331695577538
trf_mirror_tilt_y = 0.07758287904446248
d_col_grm = -0.009556258936547558
grism_dec_x = 236.4343132665895
grism_dec_y = 0.03424341897754174
grm_tilt_x = -0.015688586506609346
grm_tilt_y = 2.304394133777029
grm_G = 222.82517008088988
grm_apex = 17.81511595912433
d_grm_cam  = 21.608468941536053
cam_dec_x = -0.302160024989529
cam_dec_y = 0.25036731720506383
cam_tilt_x = -0.018676960839978756
cam_tilt_y = -0.015045627845972555
d_cam_ff  = -160.40097609756543
ccd_ff_dec_x = -0.0035561100012299817
ccd_ff_dec_y = 0.00017196017801450104
ccd_ff_tilt_x = 0.14601070399813473
ccd_ff_tilt_y = -0.5720954028447678
ccd_ff_tilt_z = 0.17261293478058481
d_ff_ccd  = -4.811215825077649
ccd_dec_x = 0.6207148710346968
ccd_dec_y = 5.155301153340699
ccd_defocus = 0.3162953887678575
ccd_tilt_x = 0.007730840140351263
ccd_tilt_y = -0.014010167514951417
ccd_tilt_z = 3.12330147888308e-06
p = 1.2136363636363637e-05