slit_dec_x_a = -0.181778666534
slit_dec_y_a = -0.18243150017
slit_dec_x_b = 0.14512077562974193
slit_dec_y_b = -0.05510809031835813
slit_defocus = -0.0021934362968040366
slit_tilt_x = 1.1346897946867722
slit_tilt_y = -8.568290510910295
slit_tilt_z = -9.003623268527084
d_slit_col = 1594.3039152243234
coll_tilt_x = 0.08641978272488127
coll_tilt_y = -0.022025535337392176
ech_G = 31.610921973524942
ech_blaze = -74.99578232805605
ech_gamma = 1.1581766072747566
echelle_z = 0.05721884745699219
d_col_trf = -1588.0162449959855
trf_mirror_tilt_x = 0.12251629431324132
trf_mirror_tilt_y = 0.01867646253070238
d_col_grm = 0.015006945419896257
grism_dec_x = 236.39749929647522
grism_dec_y = -0.005030849341946085
grm_tilt_x = -0.024697997635473975
grm_tilt_y = 2.327440713773194
grm_G = 222.78575355857546
grm_apex = 17.80914484272377
d_grm_cam  = 21.604465738496426
cam_dec_x = -0.2836175560605468
cam_dec_y = 0.289711380193052
cam_tilt_x = 0.004319621096059175
cam_tilt_y = -0.027796762344937637
d_cam_ff  = -160.56974779196807
ccd_ff_dec_x = -0.022837719290442232
ccd_ff_dec_y = -0.04778327099481283
ccd_ff_tilt_x = 0.16504738231334165
ccd_ff_tilt_y = -0.5895820489071819
ccd_ff_tilt_z = 0.1718270815958434
d_ff_ccd  = -4.785384818446484
ccd_dec_x = 0.551922959659796
ccd_dec_y = 5.106371984072154
ccd_defocus = 0.3157835967469739
ccd_tilt_x = 0.021380641666868122
ccd_tilt_y = -0.004198223233201242
ccd_tilt_z = 2.809648341419303e-07
p = 1.2136363636363637e-05