slit_dec_x_a = -0.181778666534
slit_dec_y_a = -0.18243150017
slit_dec_x_b = 0.14512077562974193
slit_dec_y_b = -0.05510809031835813
slit_defocus = -0.013819534430513392
slit_tilt_x = 1.0540919291730118
slit_tilt_y = -8.559986637738996
slit_tilt_z = -9.02685898275031
d_slit_col = 1594.2902493636245
coll_tilt_x = 0.12150208708411575
coll_tilt_y = -0.026490033550010502
ech_G = 31.614570840143863
ech_blaze = -74.99488859806989
ech_gamma = 1.1556408411553083
echelle_z = 0.05700205429330204
d_col_trf = -1588.0163659109517
trf_mirror_tilt_x = 0.007319791159298962
trf_mirror_tilt_y = 0.15537758977700195
d_col_grm = 0.03566985196820135
grism_dec_x = 236.38316542491944
grism_dec_y = 0.009230267937602536
grm_tilt_x = -0.023508141740252553
grm_tilt_y = 2.325794465870242
grm_G = 222.7840650548784
grm_apex = 17.766497634975362
d_grm_cam  = 21.604699135525852
cam_dec_x = -0.27109876280506023
cam_dec_y = 0.29089012799992103
cam_tilt_x = 0.012366175666565319
cam_tilt_y = 0.008848199091893865
d_cam_ff  = -160.07703005705537
ccd_ff_dec_x = -0.02380540750918343
ccd_ff_dec_y = 0.04204805334039603
ccd_ff_tilt_x = 0.03352748578844198
ccd_ff_tilt_y = -0.5909849832357317
ccd_ff_tilt_z = 0.17191812636824702
d_ff_ccd  = -4.815985710328736
ccd_dec_x = 0.5532930527373696
ccd_dec_y = 5.1076353651704585
ccd_defocus = 0.2857640238813799
ccd_tilt_x = 0.032536276197665144
ccd_tilt_y = -0.002143499818443604
ccd_tilt_z = 4.6641603696158225e-06
p = 0.0001