slit_dec_x_a = -0.181778666534
slit_dec_y_a = -0.18243150017
slit_dec_x_b = 0.14512077562974193
slit_dec_y_b = -0.05510809031835813
slit_defocus = -0.0021815981919414773
slit_tilt_x = 1.1346596119840147
slit_tilt_y = -8.56823495115328
slit_tilt_z = -9.003637191020145
d_slit_col = 1594.3039519559009
coll_tilt_x = 0.08645157648566652
coll_tilt_y = -0.021994411651854243
ech_G = 31.610927625364845
ech_blaze = -74.99566342275662
ech_gamma = 1.1580020851338058
echelle_z = 0.057600997569819734
d_col_trf = -1588.0161185312008
trf_mirror_tilt_x = 0.12251500488803155
trf_mirror_tilt_y = 0.018631016353162576
d_col_grm = 0.01511545765454891
grism_dec_x = 236.3974269750839
grism_dec_y = -0.005015600608756607
grm_tilt_x = -0.025086476490101716
grm_tilt_y = 2.3269353089292326
grm_G = 222.78583876175298
grm_apex = 17.80919114174013
d_grm_cam  = 21.604643444078647
cam_dec_x = -0.28359564745228927
cam_dec_y = 0.2896582562163246
cam_tilt_x = 0.0042603428698656685
cam_tilt_y = -0.027774736355784823
d_cam_ff  = -160.56962484451546
ccd_ff_dec_x = -0.022838348780374343
ccd_ff_dec_y = -0.04775184327140136
ccd_ff_tilt_x = 0.16504709172454507
ccd_ff_tilt_y = -0.5894988805116436
ccd_ff_tilt_z = 0.17164857008210826
d_ff_ccd  = -4.7854569846588655
ccd_dec_x = 0.5519822862233161
ccd_dec_y = 5.106123096591121
ccd_defocus = 0.3157882694400634
ccd_tilt_x = 0.021305966184524853
ccd_tilt_y = -0.004207899919192431
ccd_tilt_z = 3.9116275609965703e-07
p = 2.0642727272727274e-06