slit_dec_x_a = -0.181778666534
slit_dec_y_a = -0.18243150017
slit_dec_x_b = 0.14512077562974193
slit_dec_y_b = -0.05510809031835813
slit_defocus = -0.002200600049897839
slit_tilt_x = 1.134665108540147
slit_tilt_y = -8.568229258123807
slit_tilt_z = -9.003630684207543
d_slit_col = 1594.3039490050867
coll_tilt_x = 0.0864718497329144
coll_tilt_y = -0.021976467571444534
ech_G = 31.610909367646627
ech_blaze = -74.99562454225988
ech_gamma = 1.1580853372551172
echelle_z = 0.057568352080269704
d_col_trf = -1588.0162372901361
trf_mirror_tilt_x = 0.12251351084184897
trf_mirror_tilt_y = 0.01861826081210083
d_col_grm = 0.015096279482471183
grism_dec_x = 236.39743925613098
grism_dec_y = -0.005021096841697966
grm_tilt_x = -0.024901429330142416
grm_tilt_y = 2.3270712553439497
grm_G = 222.78569988556987
grm_apex = 17.809213205063052
d_grm_cam  = 21.604581674155146
cam_dec_x = -0.2835656846773806
cam_dec_y = 0.28970022536248397
cam_tilt_x = 0.0042970639988204155
cam_tilt_y = -0.027793384976926464
d_cam_ff  = -160.56968538903376
ccd_ff_dec_x = -0.022848828703454616
ccd_ff_dec_y = -0.047786992205939065
ccd_ff_tilt_x = 0.16503283336180546
ccd_ff_tilt_y = -0.5895859159485427
ccd_ff_tilt_z = 0.17178591344973854
d_ff_ccd  = -4.785411912255523
ccd_dec_x = 0.5519079039449312
ccd_dec_y = 5.106111156809278
ccd_defocus = 0.31575269576430826
ccd_tilt_x = 0.021327928425608794
ccd_tilt_y = -0.004221672827239972
ccd_tilt_z = 3.1216208942084257e-07
p = 6.8902727272727274e-06