slit_dec_x_a = -0.1704140038002986
slit_dec_y_a = -0.19591677544406907
slit_dec_x_b = 0.175
slit_dec_y_b = -1.6852258047699724e-96
slit_defocus = 0.0055867568272307076
slit_tilt_x = 1.1861341288001837
slit_tilt_y = -8.540015292058744
slit_tilt_z = -8.990856488267045
d_slit_col = 1594.2944689221094
coll_tilt_x = 0.08874193233031123
coll_tilt_y = -0.03198635170671537
ech_G = 31.610664141112366
ech_blaze = -74.97682780170459
ech_gamma = 1.1402499610323578
echelle_z = 0.07481701497114698
d_col_trf = -1588.0185330932902
trf_mirror_tilt_x = 0.13869686741406953
trf_mirror_tilt_y = 0.07753651474641111
d_col_grm = -0.009540279165620178
grism_dec_x = 236.4343572374312
grism_dec_y = 0.03416326311454206
grm_tilt_x = -0.015995839256370048
grm_tilt_y = 2.3043755225773332
grm_G = 222.82518895667118
grm_apex = 17.815107068545114
d_grm_cam  = 21.60849284419308
cam_dec_x = -0.30210565679896156
cam_dec_y = 0.25033441000173995
cam_tilt_x = -0.018453051627741947
cam_tilt_y = -0.015106101035656154
d_cam_ff  = -160.4009682468789
ccd_ff_dec_x = -0.0035057696989967816
ccd_ff_dec_y = 0.0002610863435859209
ccd_ff_tilt_x = 0.14604317750298926
ccd_ff_tilt_y = -0.5720572010837688
ccd_ff_tilt_z = 0.17259032897813464
d_ff_ccd  = -4.811303945041806
ccd_dec_x = 0.6206894567252557
ccd_dec_y = 5.155292859782014
ccd_defocus = 0.31628382493197743
ccd_tilt_x = 0.0077441635036914576
ccd_tilt_y = -0.014120661731043623
ccd_tilt_z = 3.158921197190639e-06
p = 6.8902727272727274e-06