slit_dec_x_a = -0.181778666534
slit_dec_y_a = -0.18243150017
slit_dec_x_b = 0.14512077562974193
slit_dec_y_b = -0.05510809031835813
slit_defocus = -0.0137836606348985
slit_tilt_x = 1.054084476552282
slit_tilt_y = -8.559993954057862
slit_tilt_z = -9.026870083470502
d_slit_col = 1594.2902881523394
coll_tilt_x = 0.1214474231667905
coll_tilt_y = -0.026482789197054064
ech_G = 31.61456412732062
ech_blaze = -74.99488569651811
ech_gamma = 1.1556367568498263
echelle_z = 0.05700066417659268
d_col_trf = -1588.016367185905
trf_mirror_tilt_x = 0.0072981608045883965
trf_mirror_tilt_y = 0.15543973034065411
d_col_grm = 0.03570089086812142
grism_dec_x = 236.38316629149767
grism_dec_y = 0.009254528640599708
grm_tilt_x = -0.023504191301728955
grm_tilt_y = 2.3257993236538286
grm_G = 222.78407033875598
grm_apex = 17.766531346196814
d_grm_cam  = 21.604701281955858
cam_dec_x = -0.271125125177745
cam_dec_y = 0.2909328551544699
cam_tilt_x = 0.012411501056101507
cam_tilt_y = 0.008787022125024703
d_cam_ff  = -160.0769224120763
ccd_ff_dec_x = -0.02379851795305753
ccd_ff_dec_y = 0.0419994876183588
ccd_ff_tilt_x = 0.03350269299935615
ccd_ff_tilt_y = -0.5909805729600177
ccd_ff_tilt_z = 0.17192010958150755
d_ff_ccd  = -4.815946048743084
ccd_dec_x = 0.5533008512924449
ccd_dec_y = 5.1076333624224635
ccd_defocus = 0.2858054027477044
ccd_tilt_x = 0.0326037909135371
ccd_tilt_y = -0.002159405747586479
ccd_tilt_z = 4.693440378421442e-06
p = 0.0001