slit_dec_x_a = -0.1704145153274211
slit_dec_y_a = -0.19604588552613011
slit_dec_x_b = 0.175
slit_dec_y_b = -1.8444649373947446e-96
slit_defocus = 0.005556753210888803
slit_tilt_x = 1.1861517433589805
slit_tilt_y = -8.539993884452088
slit_tilt_z = -8.990841540653536
d_slit_col = 1594.2944669895564
coll_tilt_x = 0.088793033411786
coll_tilt_y = -0.03177107764869499
ech_G = 31.61065885549986
ech_blaze = -74.97677992071941
ech_gamma = 1.1405014381084646
echelle_z = 0.07484887371883768
d_col_trf = -1588.0185321442405
trf_mirror_tilt_x = 0.13866146803459006
trf_mirror_tilt_y = 0.07757852459081678
d_col_grm = -0.00954376359639999
grism_dec_x = 236.43432572990855
grism_dec_y = 0.03420115701991068
grm_tilt_x = -0.015656229192265943
grm_tilt_y = 2.3043665078148865
grm_G = 222.8251914014801
grm_apex = 17.81510970570953
d_grm_cam  = 21.608464110352237
cam_dec_x = -0.30215042601481595
cam_dec_y = 0.25034305246000116
cam_tilt_x = -0.018592112096833865
cam_tilt_y = -0.015039978905765514
d_cam_ff  = -160.40095454498044
ccd_ff_dec_x = -0.003502251368797495
ccd_ff_dec_y = 0.00018531232112603085
ccd_ff_tilt_x = 0.14604349702102049
ccd_ff_tilt_y = -0.5720682464711726
ccd_ff_tilt_z = 0.1725902273741704
d_ff_ccd  = -4.811243193414021
ccd_dec_x = 0.6206847340598555
ccd_dec_y = 5.15530928523104
ccd_defocus = 0.316303884220756
ccd_tilt_x = 0.007741826176611335
ccd_tilt_y = -0.014054756726294769
ccd_tilt_z = 3.157079982562643e-06
p = 3.80425e-06