slit_dec_x_a = -0.181778666534
slit_dec_y_a = -0.18243150017
slit_dec_x_b = 0.14512077562974193
slit_dec_y_b = -0.05510809031835813
slit_defocus = -0.0022127874630011955
slit_tilt_x = 1.1346970977342667
slit_tilt_y = -8.56822286308156
slit_tilt_z = -9.003656385738513
d_slit_col = 1594.3039043324452
coll_tilt_x = 0.0864341501180967
coll_tilt_y = -0.02207619544506201
ech_G = 31.61087942556629
ech_blaze = -74.99552022758397
ech_gamma = 1.1581081043884833
echelle_z = 0.05742572754159671
d_col_trf = -1588.0163551547766
trf_mirror_tilt_x = 0.12252999021928061
trf_mirror_tilt_y = 0.01867822590284776
d_col_grm = 0.015040426551229646
grism_dec_x = 236.39747961778752
grism_dec_y = -0.005011628766326203
grm_tilt_x = -0.024779925804068095
grm_tilt_y = 2.327284788571458
grm_G = 222.78576042459923
grm_apex = 17.809162663825095
d_grm_cam  = 21.6043019147528
cam_dec_x = -0.28361272277035626
cam_dec_y = 0.2897215653791553
cam_tilt_x = 0.004352595109685402
cam_tilt_y = -0.02779864752481211
d_cam_ff  = -160.5697038121115
ccd_ff_dec_x = -0.02276049319674911
ccd_ff_dec_y = -0.04780220727011773
ccd_ff_tilt_x = 0.16504264687382153
ccd_ff_tilt_y = -0.5897672307445343
ccd_ff_tilt_z = 0.1717541237669777
d_ff_ccd  = -4.785372600057278
ccd_dec_x = 0.5519703008839815
ccd_dec_y = 5.106177757330582
ccd_defocus = 0.3157524316587094
ccd_tilt_x = 0.021377941212550475
ccd_tilt_y = -0.004216225055224308
ccd_tilt_z = 3.187499715235731e-07
p = 3.80425e-06