slit_dec_x_a = -0.181778666534
slit_dec_y_a = -0.18243150017
slit_dec_x_b = 0.14512077562974193
slit_dec_y_b = -0.05510809031835813
slit_defocus = -0.013790779462730532
slit_tilt_x = 1.0541229940035022
slit_tilt_y = -8.559928151825291
slit_tilt_z = -9.026909698584271
d_slit_col = 1594.2902386020414
coll_tilt_x = 0.12137666790447978
coll_tilt_y = -0.02649867479019293
ech_G = 31.61456600654876
ech_blaze = -74.99488370658011
ech_gamma = 1.1556370073270648
echelle_z = 0.05700556453376672
d_col_trf = -1588.0163637710884
trf_mirror_tilt_x = 0.00733737380795741
trf_mirror_tilt_y = 0.15540343871651285
d_col_grm = 0.03572505110072053
grism_dec_x = 236.38322252331048
grism_dec_y = 0.009314732467574895
grm_tilt_x = -0.023502906365615483
grm_tilt_y = 2.3257842079627173
grm_G = 222.78406390774546
grm_apex = 17.766541332686092
d_grm_cam  = 21.604698635970966
cam_dec_x = -0.2710878815083689
cam_dec_y = 0.29088687178382594
cam_tilt_x = 0.012383371927979728
cam_tilt_y = 0.00881578192418164
d_cam_ff  = -160.07719853982414
ccd_ff_dec_x = -0.023800272359851
ccd_ff_dec_y = 0.04204100380368879
ccd_ff_tilt_x = 0.03348550975001102
ccd_ff_tilt_y = -0.5909834025998516
ccd_ff_tilt_z = 0.1719260545247819
d_ff_ccd  = -4.816034116978659
ccd_dec_x = 0.5532966883878262
ccd_dec_y = 5.107635824351768
ccd_defocus = 0.2857973675980885
ccd_tilt_x = 0.032613915221153034
ccd_tilt_y = -0.0021730171228536766
ccd_tilt_z = 4.668648650534883e-06
p = 0.0001