slit_dec_x_a = -0.1704018986598113
slit_dec_y_a = -0.19581210363816937
slit_dec_x_b = 0.175
slit_dec_y_b = -2.677952257940092e-96
slit_defocus = 0.005519640188715438
slit_tilt_x = 1.186122197031216
slit_tilt_y = -8.540103341193579
slit_tilt_z = -8.990821556007813
d_slit_col = 1594.294444024428
coll_tilt_x = 0.08852722806218542
coll_tilt_y = -0.03173676924103831
ech_G = 31.61066493091272
ech_blaze = -74.97709056665282
ech_gamma = 1.1404768299123866
echelle_z = 0.07542454987321602
d_col_trf = -1588.0186046788035
trf_mirror_tilt_x = 0.13865380550743733
trf_mirror_tilt_y = 0.07753481627034356
d_col_grm = -0.00954087373494363
grism_dec_x = 236.434319283206
grism_dec_y = 0.034232392817983466
grm_tilt_x = -0.015851982086883952
grm_tilt_y = 2.3043612347037783
grm_G = 222.82518743809183
grm_apex = 17.81512272375687
d_grm_cam  = 21.608484959481746
cam_dec_x = -0.3020881577257131
cam_dec_y = 0.25033211889410256
cam_tilt_x = -0.018261364284008184
cam_tilt_y = -0.015015636154176558
d_cam_ff  = -160.4009622861029
ccd_ff_dec_x = -0.0035358532635852823
ccd_ff_dec_y = 0.00018447630856003957
ccd_ff_tilt_x = 0.1460119385500933
ccd_ff_tilt_y = -0.5720145212093841
ccd_ff_tilt_z = 0.17256586594077997
d_ff_ccd  = -4.811212251745448
ccd_dec_x = 0.6206322538445076
ccd_dec_y = 5.155283175273884
ccd_defocus = 0.3163070943313663
ccd_tilt_x = 0.007792534338754727
ccd_tilt_y = -0.014016313730124899
ccd_tilt_z = 3.266599604859495e-06
p = 1.3000000000000001e-05