slit_dec_x_a = -0.181778666534
slit_dec_y_a = -0.18243150017
slit_dec_x_b = 0.14512077562974193
slit_dec_y_b = -0.05510809031835813
slit_defocus = -0.013820338534712902
slit_tilt_x = 1.0541064054868141
slit_tilt_y = -8.559972466365199
slit_tilt_z = -9.026860823277907
d_slit_col = 1594.290294797954
coll_tilt_x = 0.12146964761975786
coll_tilt_y = -0.026475685460602298
ech_G = 31.61456195123284
ech_blaze = -74.99488471573521
ech_gamma = 1.1556417205226877
echelle_z = 0.05699908285665711
d_col_trf = -1588.0163615439374
trf_mirror_tilt_x = 0.007364782376280323
trf_mirror_tilt_y = 0.15545279978812562
d_col_grm = 0.03565606210883966
grism_dec_x = 236.38317899938795
grism_dec_y = 0.00922419695873043
grm_tilt_x = -0.02350885468039456
grm_tilt_y = 2.3257928744241645
grm_G = 222.7840698135201
grm_apex = 17.766516433104616
d_grm_cam  = 21.60469538363056
cam_dec_x = -0.2710404884452244
cam_dec_y = 0.2908738357381007
cam_tilt_x = 0.012420169086843411
cam_tilt_y = 0.008852123054132341
d_cam_ff  = -160.07731652370234
ccd_ff_dec_x = -0.02380358641702507
ccd_ff_dec_y = 0.04206295866382751
ccd_ff_tilt_x = 0.03352125910092573
ccd_ff_tilt_y = -0.5909766682524741
ccd_ff_tilt_z = 0.1719142625135923
d_ff_ccd  = -4.815993904943217
ccd_dec_x = 0.553297941138031
ccd_dec_y = 5.107627747410389
ccd_defocus = 0.2857616742137768
ccd_tilt_x = 0.032557137914696825
ccd_tilt_y = -0.002111772218224159
ccd_tilt_z = 4.644986086860145e-06
p = 0.0001