slit_dec_x_a = -0.1704010755187174
slit_dec_y_a = -0.1956586180351446
slit_dec_x_b = 0.175
slit_dec_y_b = -1.804048374513039e-96
slit_defocus = 0.02135494322146009
slit_tilt_x = 1.1140130217184168
slit_tilt_y = -8.538442981331597
slit_tilt_z = -8.991673637543744
d_slit_col = 1594.30998466037
coll_tilt_x = 0.11324592233143854
coll_tilt_y = -0.028798200805302755
ech_G = 31.61323526333625
ech_blaze = -74.97483510130364
ech_gamma = 1.1389778368038599
echelle_z = 0.07476993857179057
d_col_trf = -1588.017231238648
trf_mirror_tilt_x = 0.026284608074562864
trf_mirror_tilt_y = 0.1623288440924754
d_col_grm = -0.004790272899126525
grism_dec_x = 236.42331261824987
grism_dec_y = 0.03818216383828205
grm_tilt_x = -0.014055566805169261
grm_tilt_y = 2.3052699206347755
grm_G = 222.82400591198575
grm_apex = 17.791033053961876
d_grm_cam  = 21.609820761747923
cam_dec_x = -0.3095055257839608
cam_dec_y = 0.24723964683398053
cam_tilt_x = -0.01107920110592715
cam_tilt_y = 0.0037694922788952374
d_cam_ff  = -160.057147275294
ccd_ff_dec_x = -0.0025955046280087797
ccd_ff_dec_y = 0.05304145133421289
ccd_ff_tilt_x = 0.019484931442379425
ccd_ff_tilt_y = -0.5728007060497676
ccd_ff_tilt_z = 0.18005202434056233
d_ff_ccd  = -4.838937489291227
ccd_dec_x = 0.6214083068881738
ccd_dec_y = 5.157153034444604
ccd_defocus = 0.2807318555191386
ccd_tilt_x = 0.005058484873066395
ccd_tilt_y = -0.010941008670194577
ccd_tilt_z = 4.978681573060991e-06
p = 0.0001