slit_dec_x_a = -0.17042086252245767
slit_dec_y_a = -0.19591068878165507
slit_dec_x_b = 0.175
slit_dec_y_b = -1.6261923878653549e-96
slit_defocus = 0.005593841038201521
slit_tilt_x = 1.1861334075684367
slit_tilt_y = -8.540023374725976
slit_tilt_z = -8.990859717155507
d_slit_col = 1594.2944751934504
coll_tilt_x = 0.0887200643345125
coll_tilt_y = -0.03194452556893551
ech_G = 31.610650612740084
ech_blaze = -74.97677127569499
ech_gamma = 1.1402997457827977
echelle_z = 0.07478758554298909
d_col_trf = -1588.0185372391525
trf_mirror_tilt_x = 0.1386853449075803
trf_mirror_tilt_y = 0.07753319884358287
d_col_grm = -0.009534829095962875
grism_dec_x = 236.43434635682652
grism_dec_y = 0.03417233579768415
grm_tilt_x = -0.015965194768517474
grm_tilt_y = 2.3043873912991777
grm_G = 222.82518372749834
grm_apex = 17.815117596516078
d_grm_cam  = 21.60849215902791
cam_dec_x = -0.30211053643586494
cam_dec_y = 0.25033317148101475
cam_tilt_x = -0.018447076159766616
cam_tilt_y = -0.015106196939790099
d_cam_ff  = -160.40096159715787
ccd_ff_dec_x = -0.003508607280475362
ccd_ff_dec_y = 0.00026809030062269234
ccd_ff_tilt_x = 0.14604467871617996
ccd_ff_tilt_y = -0.572067729385338
ccd_ff_tilt_z = 0.17258737243196529
d_ff_ccd  = -4.811304274003255
ccd_dec_x = 0.6207072576698229
ccd_dec_y = 5.155290232528806
ccd_defocus = 0.31628008027409
ccd_tilt_x = 0.007743016465979102
ccd_tilt_y = -0.014125922754644164
ccd_tilt_z = 3.1215436876905164e-06
p = 7.718166666666665e-06