slit_dec_x_a = -0.181778666534
slit_dec_y_a = -0.18243150017
slit_dec_x_b = 0.14512077562974193
slit_dec_y_b = -0.05510809031835813
slit_defocus = -0.0021942988803931407
slit_tilt_x = 1.1346606756772222
slit_tilt_y = -8.568228323474111
slit_tilt_z = -9.003637265183949
d_slit_col = 1594.303953278885
coll_tilt_x = 0.08647785724049627
coll_tilt_y = -0.021988990836687577
ech_G = 31.610910965079515
ech_blaze = -74.99563046219701
ech_gamma = 1.1580925820696057
echelle_z = 0.05753971070110021
d_col_trf = -1588.0162041579613
trf_mirror_tilt_x = 0.12252595507549825
trf_mirror_tilt_y = 0.018612857266620552
d_col_grm = 0.015098066191856867
grism_dec_x = 236.3974348571074
grism_dec_y = -0.005022324177901563
grm_tilt_x = -0.024897011969060523
grm_tilt_y = 2.327095889422555
grm_G = 222.78571616579666
grm_apex = 17.80922221601547
d_grm_cam  = 21.604575882150712
cam_dec_x = -0.2835633859192112
cam_dec_y = 0.28970331934645743
cam_tilt_x = 0.004300471269638009
cam_tilt_y = -0.027795209511885913
d_cam_ff  = -160.56969839908155
ccd_ff_dec_x = -0.022837168498804752
ccd_ff_dec_y = -0.047783780479238445
ccd_ff_tilt_x = 0.16504181548532001
ccd_ff_tilt_y = -0.5896628034294891
ccd_ff_tilt_z = 0.17177123300401526
d_ff_ccd  = -4.785415798562175
ccd_dec_x = 0.5518911995886971
ccd_dec_y = 5.106176248326394
ccd_defocus = 0.31574277485714625
ccd_tilt_x = 0.021327405760743504
ccd_tilt_y = -0.004223253670567569
ccd_tilt_z = 3.2831476404590805e-07
p = 7.718166666666665e-06