slit_dec_x_a = -0.181778666534
slit_dec_y_a = -0.18243150017
slit_dec_x_b = 0.14512077562974193
slit_dec_y_b = -0.05510809031835813
slit_defocus = -0.013787967880643464
slit_tilt_x = 1.05410989346267
slit_tilt_y = -8.559976920182422
slit_tilt_z = -9.026833334375088
d_slit_col = 1594.2902397281214
coll_tilt_x = 0.1214996152665652
coll_tilt_y = -0.026514856712456975
ech_G = 31.614564154147676
ech_blaze = -74.9948950397021
ech_gamma = 1.1556433479906947
echelle_z = 0.05699886955395245
d_col_trf = -1588.0163663706192
trf_mirror_tilt_x = 0.0073370838875458574
trf_mirror_tilt_y = 0.15541589469203737
d_col_grm = 0.03563407046329647
grism_dec_x = 236.38325996551163
grism_dec_y = 0.009220360286843044
grm_tilt_x = -0.023505791951207427
grm_tilt_y = 2.3257872292955915
grm_G = 222.78407514298507
grm_apex = 17.76644447680193
d_grm_cam  = 21.60470250315283
cam_dec_x = -0.27114397099649185
cam_dec_y = 0.2908848074419456
cam_tilt_x = 0.012400585239916929
cam_tilt_y = 0.008807337732852829
d_cam_ff  = -160.07728112135047
ccd_ff_dec_x = -0.02380768531619167
ccd_ff_dec_y = 0.042086428330070716
ccd_ff_tilt_x = 0.03344442895894379
ccd_ff_tilt_y = -0.5909768507527504
ccd_ff_tilt_z = 0.1719176337696915
d_ff_ccd  = -4.815968069920863
ccd_dec_x = 0.5532960015649978
ccd_dec_y = 5.107622944301121
ccd_defocus = 0.28576486217353797
ccd_tilt_x = 0.0325582796067655
ccd_tilt_y = -0.0022008757184104584
ccd_tilt_z = 4.646561533225889e-06
p = 0.0001