slit_dec_x_a = -0.1704010755187174
slit_dec_y_a = -0.1956586180351446
slit_dec_x_b = 0.175
slit_dec_y_b = -1.8962550756768125e-96
slit_defocus = 0.021356712239036724
slit_tilt_x = 1.1139568901431403
slit_tilt_y = -8.538458330418337
slit_tilt_z = -8.99168310559684
d_slit_col = 1594.3099888274785
coll_tilt_x = 0.11324620350019066
coll_tilt_y = -0.028913292227065925
ech_G = 31.613228676022462
ech_blaze = -74.97483092811011
ech_gamma = 1.1389740861897206
echelle_z = 0.07477620598433414
d_col_trf = -1588.0172325293092
trf_mirror_tilt_x = 0.026302076820174592
trf_mirror_tilt_y = 0.16217422900300418
d_col_grm = -0.00483258006804093
grism_dec_x = 236.42333917859952
grism_dec_y = 0.0381402239477308
grm_tilt_x = -0.014055313161821117
grm_tilt_y = 2.3052818027458475
grm_G = 222.8240087370967
grm_apex = 17.7910370431821
d_grm_cam  = 21.609819845843482
cam_dec_x = -0.3095647231480206
cam_dec_y = 0.24727749574585486
cam_tilt_x = -0.011073188756779357
cam_tilt_y = 0.003774581569641519
d_cam_ff  = -160.05757856355643
ccd_ff_dec_x = -0.0025977268306385526
ccd_ff_dec_y = 0.05300272339657993
ccd_ff_tilt_x = 0.019515862877090877
ccd_ff_tilt_y = -0.5728011116228442
ccd_ff_tilt_z = 0.18005399300781044
d_ff_ccd  = -4.838908302970796
ccd_dec_x = 0.6214067349073867
ccd_dec_y = 5.157149894963827
ccd_defocus = 0.2806946424163739
ccd_tilt_x = 0.004970653459178763
ccd_tilt_y = -0.010863225811530623
ccd_tilt_z = 5.005544555969003e-06
p = 0.0001