slit_dec_x_a = -0.181778666534
slit_dec_y_a = -0.18243150017
slit_dec_x_b = 0.14512077562974193
slit_dec_y_b = -0.05510809031835813
slit_defocus = -0.0022004608910197176
slit_tilt_x = 1.1346598600507831
slit_tilt_y = -8.56822948913269
slit_tilt_z = -9.003631881648536
d_slit_col = 1594.303945596926
coll_tilt_x = 0.08648141011115869
coll_tilt_y = -0.021994889268811928
ech_G = 31.61090770405712
ech_blaze = -74.99561311710659
ech_gamma = 1.158113041792269
echelle_z = 0.057541874134537124
d_col_trf = -1588.0161668604821
trf_mirror_tilt_x = 0.12253989718524652
trf_mirror_tilt_y = 0.01862086627617518
d_col_grm = 0.015092720704495126
grism_dec_x = 236.39743531632345
grism_dec_y = -0.005024279793140232
grm_tilt_x = -0.024940364558788283
grm_tilt_y = 2.3271555280771308
grm_G = 222.78573504528725
grm_apex = 17.80922307134746
d_grm_cam  = 21.60460013468881
cam_dec_x = -0.2835514933630758
cam_dec_y = 0.28971359398364016
cam_tilt_x = 0.004304089892360105
cam_tilt_y = -0.02779521937017302
d_cam_ff  = -160.5697534625019
ccd_ff_dec_x = -0.022755762222046616
ccd_ff_dec_y = -0.047792426946011414
ccd_ff_tilt_x = 0.16504084923200296
ccd_ff_tilt_y = -0.5896240874949694
ccd_ff_tilt_z = 0.17176216061954772
d_ff_ccd  = -4.785414254554108
ccd_dec_x = 0.5518374789563282
ccd_dec_y = 5.106162018942574
ccd_defocus = 0.31573869387407916
ccd_tilt_x = 0.021322836449159187
ccd_tilt_y = -0.004212060636116773
ccd_tilt_z = 3.230706074897985e-07
p = 8.253363636363636e-06