slit_dec_x_a = -0.17041321199874568
slit_dec_y_a = -0.19591286327827911
slit_dec_x_b = 0.175
slit_dec_y_b = -1.6502541885735351e-96
slit_defocus = 0.00558908589163678
slit_tilt_x = 1.1861334565014086
slit_tilt_y = -8.540028475679005
slit_tilt_z = -8.990859667799054
d_slit_col = 1594.2944766403828
coll_tilt_x = 0.08872370603944943
coll_tilt_y = -0.031905290211033464
ech_G = 31.61064490112092
ech_blaze = -74.97677117614552
ech_gamma = 1.1403221990328076
echelle_z = 0.07481223981158809
d_col_trf = -1588.01854455058
trf_mirror_tilt_x = 0.13868926360364844
trf_mirror_tilt_y = 0.07753036097539907
d_col_grm = -0.009545050758901287
grism_dec_x = 236.4343408953765
grism_dec_y = 0.03416660389453196
grm_tilt_x = -0.01592542500336096
grm_tilt_y = 2.304386331504404
grm_G = 222.82517546148168
grm_apex = 17.815118238183185
d_grm_cam  = 21.608495244626557
cam_dec_x = -0.3021232737117354
cam_dec_y = 0.2503406844091606
cam_tilt_x = -0.018445413907539805
cam_tilt_y = -0.015106105728261997
d_cam_ff  = -160.4009492662276
ccd_ff_dec_x = -0.0035169951961178296
ccd_ff_dec_y = 0.00026372569919082413
ccd_ff_tilt_x = 0.1460424189046332
ccd_ff_tilt_y = -0.5720666948459009
ccd_ff_tilt_z = 0.17258226957262274
d_ff_ccd  = -4.811305831646106
ccd_dec_x = 0.6207030888322028
ccd_dec_y = 5.155290022082245
ccd_defocus = 0.316273084258579
ccd_tilt_x = 0.0077423761024826235
ccd_tilt_y = -0.014134448450944598
ccd_tilt_z = 3.1732857034455394e-06
p = 8.253363636363636e-06