slit_dec_x_a = -0.181778666534
slit_dec_y_a = -0.18243150017
slit_dec_x_b = 0.14512077562974193
slit_dec_y_b = -0.05510809031835813
slit_defocus = -0.013785445731762743
slit_tilt_x = 1.054076559484758
slit_tilt_y = -8.559987298910796
slit_tilt_z = -9.026733291503586
d_slit_col = 1594.2903108212752
coll_tilt_x = 0.12141288283969434
coll_tilt_y = -0.02649052057016454
ech_G = 31.61456459065231
ech_blaze = -74.99488518497597
ech_gamma = 1.1556337548915705
echelle_z = 0.05700950941806616
d_col_trf = -1588.0163616619395
trf_mirror_tilt_x = 0.007276453374628885
trf_mirror_tilt_y = 0.15543985844607872
d_col_grm = 0.035609224880716904
grism_dec_x = 236.38317862991565
grism_dec_y = 0.009212208682295756
grm_tilt_x = -0.023505833163193705
grm_tilt_y = 2.325786668931988
grm_G = 222.78407269612546
grm_apex = 17.766533144172126
d_grm_cam  = 21.604698415110214
cam_dec_x = -0.27113644588405755
cam_dec_y = 0.2908963876155432
cam_tilt_x = 0.01244186747609875
cam_tilt_y = 0.008860667712585944
d_cam_ff  = -160.07721150641794
ccd_ff_dec_x = -0.023805432672813234
ccd_ff_dec_y = 0.04204520206159926
ccd_ff_tilt_x = 0.033550515247222086
ccd_ff_tilt_y = -0.5909866725492104
ccd_ff_tilt_z = 0.17192011510912306
d_ff_ccd  = -4.816015016363719
ccd_dec_x = 0.5532921536369858
ccd_dec_y = 5.107631158510085
ccd_defocus = 0.28574173877433595
ccd_tilt_x = 0.032568803425946376
ccd_tilt_y = -0.0021634960101687413
ccd_tilt_z = 4.712118994966155e-06
p = 0.0001