slit_dec_x_a = -0.181778666534
slit_dec_y_a = -0.18243150017
slit_dec_x_b = 0.14512077562974193
slit_dec_y_b = -0.05510809031835813
slit_defocus = -0.002205587875429613
slit_tilt_x = 1.1346786215625528
slit_tilt_y = -8.568365753586766
slit_tilt_z = -9.003611361966998
d_slit_col = 1594.303966141711
coll_tilt_x = 0.08645714928433151
coll_tilt_y = -0.022062601001119665
ech_G = 31.610883830920464
ech_blaze = -74.99548638457705
ech_gamma = 1.1581443382622756
echelle_z = 0.056756210317202016
d_col_trf = -1588.0164086714294
trf_mirror_tilt_x = 0.12252727273265432
trf_mirror_tilt_y = 0.018700760650553174
d_col_grm = 0.014999199733939808
grism_dec_x = 236.39747071154585
grism_dec_y = -0.005064827117344458
grm_tilt_x = -0.02466379973147348
grm_tilt_y = 2.3273190682278826
grm_G = 222.78575258221616
grm_apex = 17.80910325537732
d_grm_cam  = 21.60478310191603
cam_dec_x = -0.28363601448166464
cam_dec_y = 0.2897715276292288
cam_tilt_x = 0.004322171708020762
cam_tilt_y = -0.027778480320827758
d_cam_ff  = -160.56960514545935
ccd_ff_dec_x = -0.022906384619726477
ccd_ff_dec_y = -0.04776808093787136
ccd_ff_tilt_x = 0.16504428210409716
ccd_ff_tilt_y = -0.5893526104873469
ccd_ff_tilt_z = 0.1718874886356227
d_ff_ccd  = -4.78537047222095
ccd_dec_x = 0.5518660044859859
ccd_dec_y = 5.106414838831869
ccd_defocus = 0.3158209677649239
ccd_tilt_x = 0.021398026345034047
ccd_tilt_y = -0.00420805596608068
ccd_tilt_z = 2.2232145753770272e-07
p = 3.7271666666666664e-05