slit_dec_x_a = -0.181778666534
slit_dec_y_a = -0.18243150017
slit_dec_x_b = 0.14512077562974193
slit_dec_y_b = -0.05510809031835813
slit_defocus = -0.013824955333263857
slit_tilt_x = 1.0540755772366786
slit_tilt_y = -8.559970832171404
slit_tilt_z = -9.026838755537385
d_slit_col = 1594.2902638402745
coll_tilt_x = 0.1214573217082597
coll_tilt_y = -0.02646593976137187
ech_G = 31.61455671454246
ech_blaze = -74.99488389396735
ech_gamma = 1.1556383930029803
echelle_z = 0.057000220692833746
d_col_trf = -1588.0163666719225
trf_mirror_tilt_x = 0.007328953417729898
trf_mirror_tilt_y = 0.15543684549219836
d_col_grm = 0.0356621277156109
grism_dec_x = 236.38316373692638
grism_dec_y = 0.009252915566917106
grm_tilt_x = -0.023502059495425755
grm_tilt_y = 2.3257922781098626
grm_G = 222.78406993132344
grm_apex = 17.766557162211647
d_grm_cam  = 21.604704231639047
cam_dec_x = -0.27109017684211584
cam_dec_y = 0.29080815130832455
cam_tilt_x = 0.012449801918090175
cam_tilt_y = 0.008910155099720348
d_cam_ff  = -160.0770225270295
ccd_ff_dec_x = -0.02379715585661339
ccd_ff_dec_y = 0.042008991088790255
ccd_ff_tilt_x = 0.033509696045339474
ccd_ff_tilt_y = -0.5909856189899187
ccd_ff_tilt_z = 0.17191821408938557
d_ff_ccd  = -4.81600285288611
ccd_dec_x = 0.5532981176652216
ccd_dec_y = 5.107630193682166
ccd_defocus = 0.28575084595126676
ccd_tilt_x = 0.03262377025830644
ccd_tilt_y = -0.0021365950944529045
ccd_tilt_z = 4.66879217263911e-06
p = 0.0001