slit_dec_x_a = -0.181778666534
slit_dec_y_a = -0.18243150017
slit_dec_x_b = 0.14512077562974193
slit_dec_y_b = -0.05510809031835813
slit_defocus = -0.0022079620606703576
slit_tilt_x = 1.134666162338614
slit_tilt_y = -8.568240911479272
slit_tilt_z = -9.003629503566978
d_slit_col = 1594.303983668302
coll_tilt_x = 0.08646345505068594
coll_tilt_y = -0.0219997685628122
ech_G = 31.610887626494833
ech_blaze = -74.9955332523565
ech_gamma = 1.1581523773274902
echelle_z = 0.05759784126627908
d_col_trf = -1588.0162363747556
trf_mirror_tilt_x = 0.12253081310526892
trf_mirror_tilt_y = 0.01863554804408966
d_col_grm = 0.015078883565394715
grism_dec_x = 236.3974410170113
grism_dec_y = -0.00501434752860305
grm_tilt_x = -0.024854528901509017
grm_tilt_y = 2.3272924377705575
grm_G = 222.7857133515506
grm_apex = 17.80922517460601
d_grm_cam  = 21.60453817494739
cam_dec_x = -0.2835682477706679
cam_dec_y = 0.28973121510010436
cam_tilt_x = 0.004331590747875902
cam_tilt_y = -0.027817135283720096
d_cam_ff  = -160.56990855814993
ccd_ff_dec_x = -0.02279932918649414
ccd_ff_dec_y = -0.047798857304879545
ccd_ff_tilt_x = 0.16503654169141113
ccd_ff_tilt_y = -0.5897328738711537
ccd_ff_tilt_z = 0.17169590180828095
d_ff_ccd  = -4.785414673176571
ccd_dec_x = 0.5518166622849106
ccd_dec_y = 5.106105170449676
ccd_defocus = 0.3157377001383501
ccd_tilt_x = 0.021344759654551744
ccd_tilt_y = -0.0041955971034299145
ccd_tilt_z = 3.7693645754364983e-07
p = 1.1182500000000002e-05