slit_dec_x_a = -0.1704010755187174
slit_dec_y_a = -0.1956586180351446
slit_dec_x_b = 0.175
slit_dec_y_b = -1.7756556851791141e-96
slit_defocus = 0.021398367893727444
slit_tilt_x = 1.1140272836581013
slit_tilt_y = -8.538462587057563
slit_tilt_z = -8.991673815512833
d_slit_col = 1594.3099804474714
coll_tilt_x = 0.11316106494009937
coll_tilt_y = -0.02888552699836079
ech_G = 31.613230013031174
ech_blaze = -74.97483060726573
ech_gamma = 1.1389737691813229
echelle_z = 0.07477377339889611
d_col_trf = -1588.017229656014
trf_mirror_tilt_x = 0.02631434187081236
trf_mirror_tilt_y = 0.16225043967663177
d_col_grm = -0.004855846573957994
grism_dec_x = 236.4233183724852
grism_dec_y = 0.03816729769795647
grm_tilt_x = -0.0140545134459139
grm_tilt_y = 2.3052745967482164
grm_G = 222.82399493178298
grm_apex = 17.79102162387983
d_grm_cam  = 21.60981233775154
cam_dec_x = -0.30954341318756434
cam_dec_y = 0.2472048367433698
cam_tilt_x = -0.01105168070311776
cam_tilt_y = 0.003789236575590572
d_cam_ff  = -160.05745682341248
ccd_ff_dec_x = -0.002594863892197039
ccd_ff_dec_y = 0.053028918236454156
ccd_ff_tilt_x = 0.019459435907168036
ccd_ff_tilt_y = -0.5728005722990585
ccd_ff_tilt_z = 0.18005788774911022
d_ff_ccd  = -4.838966053224647
ccd_dec_x = 0.6214015349560819
ccd_dec_y = 5.157153211522219
ccd_defocus = 0.2807544419882951
ccd_tilt_x = 0.004957713689857076
ccd_tilt_y = -0.010939665832295149
ccd_tilt_z = 5.147871919087882e-06
p = 0.0001