slit_dec_x_a = -0.17037526819733204
slit_dec_y_a = -0.19575829620013974
slit_dec_x_b = 0.175
slit_dec_y_b = -2.4643161990474833e-96
slit_defocus = 0.005533011668776285
slit_tilt_x = 1.1861318824508231
slit_tilt_y = -8.540124118969935
slit_tilt_z = -8.990823714009217
d_slit_col = 1594.2944678532463
coll_tilt_x = 0.08855865135140914
coll_tilt_y = -0.03175934836598912
ech_G = 31.610688490359294
ech_blaze = -74.97720656048728
ech_gamma = 1.140512071690907
echelle_z = 0.07546731918295801
d_col_trf = -1588.0186006576946
trf_mirror_tilt_x = 0.13865469851413337
trf_mirror_tilt_y = 0.07754979900457117
d_col_grm = -0.009518712461636327
grism_dec_x = 236.43434876788467
grism_dec_y = 0.03425294776663187
grm_tilt_x = -0.01584702630315928
grm_tilt_y = 2.3043718247608855
grm_G = 222.82519730531106
grm_apex = 17.815139221971403
d_grm_cam  = 21.608481656374476
cam_dec_x = -0.3021236912341329
cam_dec_y = 0.2503437663767384
cam_tilt_x = -0.018399550762791
cam_tilt_y = -0.01502180738636399
d_cam_ff  = -160.40099226822616
ccd_ff_dec_x = -0.0035491618390592673
ccd_ff_dec_y = 0.00016873381658612854
ccd_ff_tilt_x = 0.14602016037320012
ccd_ff_tilt_y = -0.5720232280781844
ccd_ff_tilt_z = 0.17252418665819388
d_ff_ccd  = -4.811223088312084
ccd_dec_x = 0.6206444180973247
ccd_dec_y = 5.155299588407227
ccd_defocus = 0.3163272816755274
ccd_tilt_x = 0.00779980762385318
ccd_tilt_y = -0.01400924521842416
ccd_tilt_z = 3.326468341924273e-06
p = 2.242166666666667e-06