slit_dec_x_a = -0.181778666534
slit_dec_y_a = -0.18243150017
slit_dec_x_b = 0.14512077562974193
slit_dec_y_b = -0.05510809031835813
slit_defocus = -0.0022289281553863763
slit_tilt_x = 1.1346974751777594
slit_tilt_y = -8.568362793153897
slit_tilt_z = -9.003592237846567
d_slit_col = 1594.3039495877347
coll_tilt_x = 0.08649966925582386
coll_tilt_y = -0.022033868745433758
ech_G = 31.610937813951868
ech_blaze = -74.99582238554203
ech_gamma = 1.1582519525342687
echelle_z = 0.05652600092353615
d_col_trf = -1588.0163325156057
trf_mirror_tilt_x = 0.12246369978803624
trf_mirror_tilt_y = 0.018704322175988972
d_col_grm = 0.014950157650210294
grism_dec_x = 236.39748931103816
grism_dec_y = -0.005063018291099538
grm_tilt_x = -0.02472007583518812
grm_tilt_y = 2.327378382830417
grm_G = 222.78592474226838
grm_apex = 17.809063628719382
d_grm_cam  = 21.604854802186686
cam_dec_x = -0.2836287516655805
cam_dec_y = 0.28974943006877696
cam_tilt_x = 0.004348227792426129
cam_tilt_y = -0.027774602862867356
d_cam_ff  = -160.56968414169324
ccd_ff_dec_x = -0.02270633798490571
ccd_ff_dec_y = -0.04779106243118274
ccd_ff_tilt_x = 0.1650309915087071
ccd_ff_tilt_y = -0.589347728300786
ccd_ff_tilt_z = 0.1718524181371215
d_ff_ccd  = -4.785430585436344
ccd_dec_x = 0.5518383332575265
ccd_dec_y = 5.106321525034087
ccd_defocus = 0.3158618854508609
ccd_tilt_x = 0.021372343822487847
ccd_tilt_y = -0.004192666870360693
ccd_tilt_z = 2.1749901067264362e-07
p = 2.242166666666667e-06