slit_dec_x_a = -0.181778666534
slit_dec_y_a = -0.18243150017
slit_dec_x_b = 0.14512077562974193
slit_dec_y_b = -0.05510809031835813
slit_defocus = -0.013813499370207413
slit_tilt_x = 1.054126576596425
slit_tilt_y = -8.559969588141708
slit_tilt_z = -9.026898818288508
d_slit_col = 1594.2902881404575
coll_tilt_x = 0.12146364110300423
coll_tilt_y = -0.026410576499558115
ech_G = 31.61455903594184
ech_blaze = -74.99488376063952
ech_gamma = 1.1556423621670115
echelle_z = 0.05700728520997166
d_col_trf = -1588.016362597447
trf_mirror_tilt_x = 0.007322696228864683
trf_mirror_tilt_y = 0.15545629952344792
d_col_grm = 0.035597233319356866
grism_dec_x = 236.38320493941998
grism_dec_y = 0.009248218443050052
grm_tilt_x = -0.023511706762190766
grm_tilt_y = 2.3257940237371177
grm_G = 222.78407613043547
grm_apex = 17.7665165137719
d_grm_cam  = 21.604698875283272
cam_dec_x = -0.27119789579762965
cam_dec_y = 0.29086440454920887
cam_tilt_x = 0.012455957351640951
cam_tilt_y = 0.008781246295271208
d_cam_ff  = -160.0769691644412
ccd_ff_dec_x = -0.023802099428283433
ccd_ff_dec_y = 0.04209139794086823
ccd_ff_tilt_x = 0.033462784402067826
ccd_ff_tilt_y = -0.5909776303743354
ccd_ff_tilt_z = 0.17191450746261322
d_ff_ccd  = -4.815997380237756
ccd_dec_x = 0.5532960799310243
ccd_dec_y = 5.107631033277005
ccd_defocus = 0.28572448301269154
ccd_tilt_x = 0.032619257906180754
ccd_tilt_y = -0.0021219561464529526
ccd_tilt_z = 4.623301293435366e-06
p = 0.0001