slit_dec_x_a = -0.1704010755187174
slit_dec_y_a = -0.1956586180351446
slit_dec_x_b = 0.175
slit_dec_y_b = -1.8139880185595176e-96
slit_defocus = 0.02135148000379312
slit_tilt_x = 1.1139535574801651
slit_tilt_y = -8.538444827356065
slit_tilt_z = -8.991603774389207
d_slit_col = 1594.309966987787
coll_tilt_x = 0.11322083546119636
coll_tilt_y = -0.02885561183801259
ech_G = 31.613227216791632
ech_blaze = -74.97483045480608
ech_gamma = 1.1389725404673572
echelle_z = 0.07477329350837723
d_col_trf = -1588.017228657259
trf_mirror_tilt_x = 0.02626206407303822
trf_mirror_tilt_y = 0.1622115640409814
d_col_grm = -0.004832199869424045
grism_dec_x = 236.4233295107967
grism_dec_y = 0.038177374944884525
grm_tilt_x = -0.014053557257436863
grm_tilt_y = 2.305274476625913
grm_G = 222.8240086234631
grm_apex = 17.790998832948386
d_grm_cam  = 21.609819093880777
cam_dec_x = -0.3095013380194017
cam_dec_y = 0.2472793708290467
cam_tilt_x = -0.011047596348428584
cam_tilt_y = 0.0038037138800507287
d_cam_ff  = -160.05760440091032
ccd_ff_dec_x = -0.0025965354833325203
ccd_ff_dec_y = 0.05303717128242425
ccd_ff_tilt_x = 0.019530349930518928
ccd_ff_tilt_y = -0.5728029976846266
ccd_ff_tilt_z = 0.18004900285364317
d_ff_ccd  = -4.838977338271039
ccd_dec_x = 0.6214078948162234
ccd_dec_y = 5.157151028207668
ccd_defocus = 0.28074180414393546
ccd_tilt_x = 0.005000831464152525
ccd_tilt_y = -0.010938406321678005
ccd_tilt_z = 4.990420771404029e-06
p = 0.0001