slit_dec_x_a = -0.17041535871106134
slit_dec_y_a = -0.1959163259295511
slit_dec_x_b = 0.175
slit_dec_y_b = -1.6434890070737289e-96
slit_defocus = 0.0055850108167981955
slit_tilt_x = 1.1861350931826158
slit_tilt_y = -8.540014649756982
slit_tilt_z = -8.99085347053539
d_slit_col = 1594.2944722731993
coll_tilt_x = 0.08875016470761644
coll_tilt_y = -0.03197936174337898
ech_G = 31.610666287811394
ech_blaze = -74.97682899780234
ech_gamma = 1.1402575703077296
echelle_z = 0.07481413284518386
d_col_trf = -1588.0185346864916
trf_mirror_tilt_x = 0.13869805810026778
trf_mirror_tilt_y = 0.07753799810008517
d_col_grm = -0.009539571511169766
grism_dec_x = 236.43435122469768
grism_dec_y = 0.03417044812639821
grm_tilt_x = -0.01601420079440575
grm_tilt_y = 2.3043766705159006
grm_G = 222.82518830203313
grm_apex = 17.815108827756795
d_grm_cam  = 21.608489327002516
cam_dec_x = -0.3021082442490667
cam_dec_y = 0.25033709446558366
cam_tilt_x = -0.01845614772592014
cam_tilt_y = -0.015102388303003767
d_cam_ff  = -160.40096689070336
ccd_ff_dec_x = -0.0035011879368014717
ccd_ff_dec_y = 0.0002631754548534524
ccd_ff_tilt_x = 0.14604734771401046
ccd_ff_tilt_y = -0.5720629810446205
ccd_ff_tilt_z = 0.17259089491068155
d_ff_ccd  = -4.811307073141293
ccd_dec_x = 0.6206915152294933
ccd_dec_y = 5.155290652681845
ccd_defocus = 0.3162822063490582
ccd_tilt_x = 0.007745048706601897
ccd_tilt_y = -0.014124691597359296
ccd_tilt_z = 3.098989431448651e-06
p = 7.504090909090909e-06