slit_dec_x_a = -0.181778666534
slit_dec_y_a = -0.18243150017
slit_dec_x_b = 0.14512077562974193
slit_dec_y_b = -0.05510809031835813
slit_defocus = -0.002199653363869459
slit_tilt_x = 1.1346668831507567
slit_tilt_y = -8.568229914337133
slit_tilt_z = -9.00363099470535
d_slit_col = 1594.3039496585527
coll_tilt_x = 0.08647167993085716
coll_tilt_y = -0.021974886843582484
ech_G = 31.610909696040626
ech_blaze = -74.99562562859741
ech_gamma = 1.1580796833274254
echelle_z = 0.057569718363962435
d_col_trf = -1588.0162413337368
trf_mirror_tilt_x = 0.12251106650560735
trf_mirror_tilt_y = 0.018617179943300814
d_col_grm = 0.015099175436428641
grism_dec_x = 236.39743997053083
grism_dec_y = -0.005023111584265668
grm_tilt_x = -0.0249036598792621
grm_tilt_y = 2.3270817906615284
grm_G = 222.7856920700944
grm_apex = 17.80921516554566
d_grm_cam  = 21.60456951848771
cam_dec_x = -0.2835674711453187
cam_dec_y = 0.28969957431273935
cam_tilt_x = 0.0042964468543247114
cam_tilt_y = -0.02779322072057354
d_cam_ff  = -160.56967750159865
ccd_ff_dec_x = -0.02285458633138404
ccd_ff_dec_y = -0.04778763505575113
ccd_ff_tilt_x = 0.16503226577235267
ccd_ff_tilt_y = -0.5895871469543552
ccd_ff_tilt_z = 0.1717791966818982
d_ff_ccd  = -4.78541188549163
ccd_dec_x = 0.5519242084770177
ccd_dec_y = 5.106116160142324
ccd_defocus = 0.31575318337615715
ccd_tilt_x = 0.021329211949806318
ccd_tilt_y = -0.004223690875746547
ccd_tilt_z = 3.49115577836258e-07
p = 7.504090909090909e-06