slit_dec_x_a = -0.1704299063391303
slit_dec_y_a = -0.1960476239563674
slit_dec_x_b = 0.175
slit_dec_y_b = -1.9862691255006396e-96
slit_defocus = 0.005569130851287544
slit_tilt_x = 1.1861351199142447
slit_tilt_y = -8.540003030508347
slit_tilt_z = -8.990841132171319
d_slit_col = 1594.294461222641
coll_tilt_x = 0.08881140798495024
coll_tilt_y = -0.031779112502759985
ech_G = 31.61067270779493
ech_blaze = -74.97684215381346
ech_gamma = 1.1404926594345792
echelle_z = 0.07479504826114719
d_col_trf = -1588.0185519942027
trf_mirror_tilt_x = 0.13865087963437434
trf_mirror_tilt_y = 0.077600820891163
d_col_grm = -0.009545360213301726
grism_dec_x = 236.43433780739818
grism_dec_y = 0.034203734261335175
grm_tilt_x = -0.015672679361089768
grm_tilt_y = 2.304369235205547
grm_G = 222.82519600084723
grm_apex = 17.815106968516965
d_grm_cam  = 21.60847008184041
cam_dec_x = -0.3021512506331857
cam_dec_y = 0.2503580766623926
cam_tilt_x = -0.018597918869376798
cam_tilt_y = -0.015032751700724777
d_cam_ff  = -160.40095267661752
ccd_ff_dec_x = -0.0034901097562443323
ccd_ff_dec_y = 0.0001809013405873414
ccd_ff_tilt_x = 0.14604024014970515
ccd_ff_tilt_y = -0.5720776625963084
ccd_ff_tilt_z = 0.17259197104603385
d_ff_ccd  = -4.811249166291999
ccd_dec_x = 0.620679897399848
ccd_dec_y = 5.155289318880208
ccd_defocus = 0.3162928352942661
ccd_tilt_x = 0.007759172220918988
ccd_tilt_y = -0.014050463651826484
ccd_tilt_z = 3.1223429146421465e-06
p = 3.878454545454545e-06