slit_dec_x_a = -0.181778666534
slit_dec_y_a = -0.18243150017
slit_dec_x_b = 0.14512077562974193
slit_dec_y_b = -0.05510809031835813
slit_defocus = -0.013773443434425254
slit_tilt_x = 1.0541233507509116
slit_tilt_y = -8.560026504491715
slit_tilt_z = -9.026947440408474
d_slit_col = 1594.2902749975044
coll_tilt_x = 0.12152216507795761
coll_tilt_y = -0.02653334317058469
ech_G = 31.614562169035374
ech_blaze = -74.99488197125733
ech_gamma = 1.1556380388929905
echelle_z = 0.057006631248047765
d_col_trf = -1588.0163637701107
trf_mirror_tilt_x = 0.007334604419523917
trf_mirror_tilt_y = 0.15545094380881663
d_col_grm = 0.035748566622008336
grism_dec_x = 236.38319693880797
grism_dec_y = 0.009270480287946236
grm_tilt_x = -0.023510566586089132
grm_tilt_y = 2.325792581836357
grm_G = 222.78406931349235
grm_apex = 17.76650997420311
d_grm_cam  = 21.60470188448499
cam_dec_x = -0.27107695364300655
cam_dec_y = 0.2908861806953289
cam_tilt_x = 0.012573319048701247
cam_tilt_y = 0.008825136043028023
d_cam_ff  = -160.07674452305176
ccd_ff_dec_x = -0.023800771236088647
ccd_ff_dec_y = 0.041994288687824975
ccd_ff_tilt_x = 0.03346739486040262
ccd_ff_tilt_y = -0.5909795953516394
ccd_ff_tilt_z = 0.17191834520594154
d_ff_ccd  = -4.816022114992148
ccd_dec_x = 0.5532962491763649
ccd_dec_y = 5.107635553975605
ccd_defocus = 0.28571228832384216
ccd_tilt_x = 0.032594104340070366
ccd_tilt_y = -0.0021708213547359406
ccd_tilt_z = 4.663627746555305e-06
p = 0.0001