slit_dec_x_a = -0.1704010755187174
slit_dec_y_a = -0.1956586180351446
slit_dec_x_b = 0.175
slit_dec_y_b = -1.8362095202871926e-96
slit_defocus = 0.021259506454517255
slit_tilt_x = 1.1139935006417083
slit_tilt_y = -8.538402177466827
slit_tilt_z = -8.991640279790957
d_slit_col = 1594.310009015749
coll_tilt_x = 0.1132156525334835
coll_tilt_y = -0.028947980051014382
ech_G = 31.61323165149066
ech_blaze = -74.97483122723283
ech_gamma = 1.1389759466107816
echelle_z = 0.07476644633114234
d_col_trf = -1588.0172247294465
trf_mirror_tilt_x = 0.026346513908368892
trf_mirror_tilt_y = 0.16219478786708783
d_col_grm = -0.004804092004629353
grism_dec_x = 236.42332310991165
grism_dec_y = 0.03821056091154826
grm_tilt_x = -0.01405203333972118
grm_tilt_y = 2.305285317483583
grm_G = 222.82400395550243
grm_apex = 17.79101726105546
d_grm_cam  = 21.609816221909266
cam_dec_x = -0.30951366995240676
cam_dec_y = 0.24723873651046024
cam_tilt_x = -0.011091096577081384
cam_tilt_y = 0.0038123461256231715
d_cam_ff  = -160.05731182746473
ccd_ff_dec_x = -0.002599029641325477
ccd_ff_dec_y = 0.053089478323571304
ccd_ff_tilt_x = 0.019550221618300848
ccd_ff_tilt_y = -0.5728055696250784
ccd_ff_tilt_z = 0.1800490182440789
d_ff_ccd  = -4.838913847310564
ccd_dec_x = 0.6214091903952401
ccd_dec_y = 5.1571473501294545
ccd_defocus = 0.28075855355968493
ccd_tilt_x = 0.005035041640383414
ccd_tilt_y = -0.01092751929661978
ccd_tilt_z = 5.0167748498143905e-06
p = 0.0001