slit_dec_x_a = -0.181778666534
slit_dec_y_a = -0.18243150017
slit_dec_x_b = 0.14512077562974193
slit_dec_y_b = -0.05510809031835813
slit_defocus = -0.002196171148290104
slit_tilt_x = 1.1347050805558623
slit_tilt_y = -8.568303463389478
slit_tilt_z = -9.003611226234046
d_slit_col = 1594.3039305766306
coll_tilt_x = 0.08646263363080113
coll_tilt_y = -0.022040554026713427
ech_G = 31.61090420588494
ech_blaze = -74.99559804447709
ech_gamma = 1.1582130403631057
echelle_z = 0.056968088497940224
d_col_trf = -1588.016260323912
trf_mirror_tilt_x = 0.12249664562221398
trf_mirror_tilt_y = 0.018699124278370054
d_col_grm = 0.014979825274446822
grism_dec_x = 236.3974722995736
grism_dec_y = -0.005066647693979123
grm_tilt_x = -0.024845328488333297
grm_tilt_y = 2.3274589615430794
grm_G = 222.78571863088257
grm_apex = 17.80916230420437
d_grm_cam  = 21.60449689847992
cam_dec_x = -0.28364240661422474
cam_dec_y = 0.2897489387599298
cam_tilt_x = 0.004334110091356081
cam_tilt_y = -0.027818134983182512
d_cam_ff  = -160.56955646102446
ccd_ff_dec_x = -0.022909933291167674
ccd_ff_dec_y = -0.047792243906958534
ccd_ff_tilt_x = 0.1650400987355999
ccd_ff_tilt_y = -0.589610201003311
ccd_ff_tilt_z = 0.17170700101619885
d_ff_ccd  = -4.785388826689281
ccd_dec_x = 0.5519356604920662
ccd_dec_y = 5.106562636222815
ccd_defocus = 0.3158450133148727
ccd_tilt_x = 0.02142420571549058
ccd_tilt_y = -0.004232717708854478
ccd_tilt_z = 3.235621163807718e-07
p = 7.614727272727273e-06