slit_dec_x_a = -0.17047130703706043
slit_dec_y_a = -0.19603428754407554
slit_dec_x_b = 0.175
slit_dec_y_b = -2.078291713561734e-96
slit_defocus = 0.005521468753367884
slit_tilt_x = 1.1861201612842882
slit_tilt_y = -8.540057330105501
slit_tilt_z = -8.990857760453718
d_slit_col = 1594.294451817449
coll_tilt_x = 0.08873137128470847
coll_tilt_y = -0.0317254812396354
ech_G = 31.610674270064578
ech_blaze = -74.97711209046452
ech_gamma = 1.1405747264064916
echelle_z = 0.07500755513228526
d_col_trf = -1588.0185623573313
trf_mirror_tilt_x = 0.1387305921408521
trf_mirror_tilt_y = 0.07758244394870331
d_col_grm = -0.009515059600656078
grism_dec_x = 236.4343001145196
grism_dec_y = 0.03423779150587858
grm_tilt_x = -0.015754397379675426
grm_tilt_y = 2.3043705494137265
grm_G = 222.82520968056755
grm_apex = 17.815096123003293
d_grm_cam  = 21.608496312322313
cam_dec_x = -0.30209951253420914
cam_dec_y = 0.2503841308760639
cam_tilt_x = -0.018163557530889652
cam_tilt_y = -0.015020565759753952
d_cam_ff  = -160.40094400322923
ccd_ff_dec_x = -0.0035599428908203025
ccd_ff_dec_y = 0.0001482630122997091
ccd_ff_tilt_x = 0.14600358916450032
ccd_ff_tilt_y = -0.5720577823406288
ccd_ff_tilt_z = 0.1725649840567614
d_ff_ccd  = -4.811224456873243
ccd_dec_x = 0.6206400339069692
ccd_dec_y = 5.155270434904355
ccd_defocus = 0.31633141416339616
ccd_tilt_x = 0.0077726012889454835
ccd_tilt_y = -0.014010973080415238
ccd_tilt_z = 3.2735980318879286e-06
p = 7.614727272727273e-06