slit_dec_x_a = -0.181778666534
slit_dec_y_a = -0.18243150017
slit_dec_x_b = 0.14512077562974193
slit_dec_y_b = -0.05510809031835813
slit_defocus = -0.013785538337711182
slit_tilt_x = 1.0540583012286735
slit_tilt_y = -8.559891696721175
slit_tilt_z = -9.026851770943951
d_slit_col = 1594.2903432452051
coll_tilt_x = 0.12142250996235868
coll_tilt_y = -0.026418418664297616
ech_G = 31.614559352899626
ech_blaze = -74.99489231918503
ech_gamma = 1.1556399446857724
echelle_z = 0.05699905259716836
d_col_trf = -1588.0163719898633
trf_mirror_tilt_x = 0.007259670181311935
trf_mirror_tilt_y = 0.15541617736162203
d_col_grm = 0.035615577123812275
grism_dec_x = 236.38326429787693
grism_dec_y = 0.009229371993838673
grm_tilt_x = -0.023505385687203253
grm_tilt_y = 2.325789818763934
grm_G = 222.78407305649174
grm_apex = 17.766586825242676
d_grm_cam  = 21.60469895848522
cam_dec_x = -0.2711236753971001
cam_dec_y = 0.29093345533036274
cam_tilt_x = 0.012436229866937945
cam_tilt_y = 0.008830089047729498
d_cam_ff  = -160.0772449843164
ccd_ff_dec_x = -0.02380330482068722
ccd_ff_dec_y = 0.04207450737215497
ccd_ff_tilt_x = 0.03345151319998313
ccd_ff_tilt_y = -0.5909780821348227
ccd_ff_tilt_z = 0.171918145144838
d_ff_ccd  = -4.816031799003033
ccd_dec_x = 0.553302065037517
ccd_dec_y = 5.107631793183884
ccd_defocus = 0.2857435613983577
ccd_tilt_x = 0.032576430336441815
ccd_tilt_y = -0.002047720869085915
ccd_tilt_z = 4.661965919083911e-06
p = 0.0001