slit_dec_x_a = -0.17042154505091997
slit_dec_y_a = -0.19604846970028855
slit_dec_x_b = 0.175
slit_dec_y_b = -1.553751841937066e-96
slit_defocus = 0.0055832024799779235
slit_tilt_x = 1.1861331402553488
slit_tilt_y = -8.54004477320723
slit_tilt_z = -8.990856742833275
d_slit_col = 1594.2944855652606
coll_tilt_x = 0.08873588071144438
coll_tilt_y = -0.031865234317097195
ech_G = 31.61065615020745
ech_blaze = -74.97680587564359
ech_gamma = 1.140359143063219
echelle_z = 0.07481499163421014
d_col_trf = -1588.018536924915
trf_mirror_tilt_x = 0.1386786004216051
trf_mirror_tilt_y = 0.07753056652252677
d_col_grm = -0.009545789231654778
grism_dec_x = 236.43432195739376
grism_dec_y = 0.034163071062458604
grm_tilt_x = -0.01588002904009565
grm_tilt_y = 2.3043792120680635
grm_G = 222.82517096640532
grm_apex = 17.815121435514634
d_grm_cam  = 21.608489323246644
cam_dec_x = -0.3021142720336989
cam_dec_y = 0.2503211674648941
cam_tilt_x = -0.018426321757350338
cam_tilt_y = -0.015080364150388978
d_cam_ff  = -160.40096808997424
ccd_ff_dec_x = -0.0035275895641268145
ccd_ff_dec_y = 0.00025843282923756664
ccd_ff_tilt_x = 0.14605160036035456
ccd_ff_tilt_y = -0.5720667476190482
ccd_ff_tilt_z = 0.17256988317296496
d_ff_ccd  = -4.811305205368106
ccd_dec_x = 0.6206708889464766
ccd_dec_y = 5.155293393586089
ccd_defocus = 0.31627666745976246
ccd_tilt_x = 0.007733280853048059
ccd_tilt_y = -0.01414202570708802
ccd_tilt_z = 3.097595514064665e-06
p = 1.0869166666666666e-05