slit_dec_x_a = -0.181778666534
slit_dec_y_a = -0.18243150017
slit_dec_x_b = 0.14512077562974193
slit_dec_y_b = -0.05510809031835813
slit_defocus = -0.0022061636112556534
slit_tilt_x = 1.134659166787053
slit_tilt_y = -8.568231888782766
slit_tilt_z = -9.003632321296486
d_slit_col = 1594.3039465546958
coll_tilt_x = 0.08648654911892079
coll_tilt_y = -0.02199363015665515
ech_G = 31.610902830044452
ech_blaze = -74.9955533030292
ech_gamma = 1.1581552663662722
echelle_z = 0.057569909855891305
d_col_trf = -1588.0162293115038
trf_mirror_tilt_x = 0.12255017727898813
trf_mirror_tilt_y = 0.01863989685429689
d_col_grm = 0.015092083283574297
grism_dec_x = 236.39742863099954
grism_dec_y = -0.005039741640720738
grm_tilt_x = -0.024892128748955893
grm_tilt_y = 2.327287361774699
grm_G = 222.7856816649627
grm_apex = 17.80922614485745
d_grm_cam  = 21.60453489386997
cam_dec_x = -0.2835470037529962
cam_dec_y = 0.2897146967886923
cam_tilt_x = 0.004312515761566574
cam_tilt_y = -0.02780778821400578
d_cam_ff  = -160.5698843641363
ccd_ff_dec_x = -0.02277695898821751
ccd_ff_dec_y = -0.04779760986462246
ccd_ff_tilt_x = 0.16503265944499987
ccd_ff_tilt_y = -0.5896719597415679
ccd_ff_tilt_z = 0.17177191359963156
d_ff_ccd  = -4.785401950799332
ccd_dec_x = 0.5517738097586348
ccd_dec_y = 5.1061433883691265
ccd_defocus = 0.31574061074416104
ccd_tilt_x = 0.021330107212094163
ccd_tilt_y = -0.004211434395600445
ccd_tilt_z = 3.8212694657045825e-07
p = 1.0869166666666666e-05