slit_dec_x_a = -0.181778666534
slit_dec_y_a = -0.18243150017
slit_dec_x_b = 0.14512077562974193
slit_dec_y_b = -0.05510809031835813
slit_defocus = -0.013796436407972828
slit_tilt_x = 1.054082958919605
slit_tilt_y = -8.559965890754716
slit_tilt_z = -9.026868214200158
d_slit_col = 1594.2903574724521
coll_tilt_x = 0.12146546787295026
coll_tilt_y = -0.026523005988016494
ech_G = 31.614564377478807
ech_blaze = -74.9948816228387
ech_gamma = 1.1556421085834514
echelle_z = 0.05700592548490422
d_col_trf = -1588.016364866256
trf_mirror_tilt_x = 0.0072703768176614406
trf_mirror_tilt_y = 0.15545495570597406
d_col_grm = 0.03566089848050653
grism_dec_x = 236.38318375644283
grism_dec_y = 0.009198995709454746
grm_tilt_x = -0.02350892863277426
grm_tilt_y = 2.325787902685054
grm_G = 222.78407144115474
grm_apex = 17.766607716222932
d_grm_cam  = 21.60469907035435
cam_dec_x = -0.2710808450534615
cam_dec_y = 0.2909110280456084
cam_tilt_x = 0.012436282100843033
cam_tilt_y = 0.00885920644991317
d_cam_ff  = -160.07683022257183
ccd_ff_dec_x = -0.02379671104574638
ccd_ff_dec_y = 0.04203276807613657
ccd_ff_tilt_x = 0.0334160520227152
ccd_ff_tilt_y = -0.59098572317948
ccd_ff_tilt_z = 0.1719243590395404
d_ff_ccd  = -4.815973102416871
ccd_dec_x = 0.55329229899223
ccd_dec_y = 5.107623295793574
ccd_defocus = 0.2857495705309348
ccd_tilt_x = 0.03257333600712925
ccd_tilt_y = -0.0022662586197840675
ccd_tilt_z = 4.716493090621482e-06
p = 0.0001