slit_dec_x_a = -0.181778666534
slit_dec_y_a = -0.18243150017
slit_dec_x_b = 0.14512077562974193
slit_dec_y_b = -0.05510809031835813
slit_defocus = -0.002209186402810329
slit_tilt_x = 1.1346924880830744
slit_tilt_y = -8.56822209874507
slit_tilt_z = -9.003670249789172
d_slit_col = 1594.3039094857031
coll_tilt_x = 0.08643101589832321
coll_tilt_y = -0.022072840162389258
ech_G = 31.610873551876537
ech_blaze = -74.99548705184523
ech_gamma = 1.1581211851794355
echelle_z = 0.057396408574172074
d_col_trf = -1588.0163582939824
trf_mirror_tilt_x = 0.1225268323340977
trf_mirror_tilt_y = 0.018668938687324506
d_col_grm = 0.015054329359817566
grism_dec_x = 236.39746634645053
grism_dec_y = -0.005005474399949815
grm_tilt_x = -0.024762745985189495
grm_tilt_y = 2.3272973664796113
grm_G = 222.78578155611726
grm_apex = 17.809168625801888
d_grm_cam  = 21.60435131562088
cam_dec_x = -0.2836132202864785
cam_dec_y = 0.28971312875260796
cam_tilt_x = 0.004355679682529007
cam_tilt_y = -0.027797421798779254
d_cam_ff  = -160.56971721726487
ccd_ff_dec_x = -0.022711810885771167
ccd_ff_dec_y = -0.047795118475164045
ccd_ff_tilt_x = 0.16503743267103826
ccd_ff_tilt_y = -0.5897362661344138
ccd_ff_tilt_z = 0.1717384725095171
d_ff_ccd  = -4.785371763829617
ccd_dec_x = 0.5520226126245747
ccd_dec_y = 5.106158499755248
ccd_defocus = 0.31574834811277064
ccd_tilt_x = 0.021385848888037073
ccd_tilt_y = -0.004206148775925103
ccd_tilt_z = 3.8820985658146913e-07
p = 2.9385000000000003e-06