slit_dec_x_a = -0.181778666534
slit_dec_y_a = -0.18243150017
slit_dec_x_b = 0.14512077562974193
slit_dec_y_b = -0.05510809031835813
slit_defocus = -0.013740366036313333
slit_tilt_x = 1.0541170143489942
slit_tilt_y = -8.55993521144002
slit_tilt_z = -9.02694316493749
d_slit_col = 1594.2902515026221
coll_tilt_x = 0.12146957040266343
coll_tilt_y = -0.026485421379176227
ech_G = 31.61456080380873
ech_blaze = -74.99488244312883
ech_gamma = 1.1556391440319471
echelle_z = 0.05700186569447267
d_col_trf = -1588.016368486577
trf_mirror_tilt_x = 0.007352386375893531
trf_mirror_tilt_y = 0.15544846947937
d_col_grm = 0.035678368295643394
grism_dec_x = 236.38317686262687
grism_dec_y = 0.009233461746856355
grm_tilt_x = -0.023505440904538606
grm_tilt_y = 2.3257919641938023
grm_G = 222.78406779564583
grm_apex = 17.766487496430905
d_grm_cam  = 21.604697590768232
cam_dec_x = -0.27113182417469295
cam_dec_y = 0.2908667665496342
cam_tilt_x = 0.012443877120837091
cam_tilt_y = 0.008771043608561502
d_cam_ff  = -160.07674267131412
ccd_ff_dec_x = -0.023804365628092804
ccd_ff_dec_y = 0.042077951961476574
ccd_ff_tilt_x = 0.033514613325978736
ccd_ff_tilt_y = -0.5909818774760471
ccd_ff_tilt_z = 0.17191463996380857
d_ff_ccd  = -4.8159587029206365
ccd_dec_x = 0.5532979486877473
ccd_dec_y = 5.107628187070666
ccd_defocus = 0.28575696634476694
ccd_tilt_x = 0.03256189487271406
ccd_tilt_y = -0.0021739818007075395
ccd_tilt_z = 4.62487036895364e-06
p = 0.0001