slit_dec_x_a = -0.1704010755187174
slit_dec_y_a = -0.1956586180351446
slit_dec_x_b = 0.175
slit_dec_y_b = -1.7745257937859998e-96
slit_defocus = 0.021365100478080358
slit_tilt_x = 1.113964844913762
slit_tilt_y = -8.538480481870051
slit_tilt_z = -8.991609033062986
d_slit_col = 1594.3099671587354
coll_tilt_x = 0.11319428586392241
coll_tilt_y = -0.02892962005345667
ech_G = 31.613229867207206
ech_blaze = -74.97482531825707
ech_gamma = 1.1389777527425788
echelle_z = 0.07477436350067827
d_col_trf = -1588.0172411515473
trf_mirror_tilt_x = 0.026299796462837116
trf_mirror_tilt_y = 0.16218983872457196
d_col_grm = -0.004905273637577409
grism_dec_x = 236.42329571305703
grism_dec_y = 0.03819742677201942
grm_tilt_x = -0.014055274772012608
grm_tilt_y = 2.3052744185773184
grm_G = 222.82399772474264
grm_apex = 17.790997794293304
d_grm_cam  = 21.609815730678577
cam_dec_x = -0.3095710313812268
cam_dec_y = 0.24734377116430953
cam_tilt_x = -0.01103047719123747
cam_tilt_y = 0.003787240996919644
d_cam_ff  = -160.05766213746824
ccd_ff_dec_x = -0.0025932739742959474
ccd_ff_dec_y = 0.053064226264994185
ccd_ff_tilt_x = 0.019469573829708445
ccd_ff_tilt_y = -0.5727971555198932
ccd_ff_tilt_z = 0.180053027561443
d_ff_ccd  = -4.8389452504190045
ccd_dec_x = 0.6213992249171851
ccd_dec_y = 5.157152349025565
ccd_defocus = 0.2807453324759705
ccd_tilt_x = 0.005027650300390432
ccd_tilt_y = -0.010952880703363511
ccd_tilt_z = 5.095176514833091e-06
p = 0.0001