slit_dec_x_a = -0.181778666534
slit_dec_y_a = -0.18243150017
slit_dec_x_b = 0.14512077562974193
slit_dec_y_b = -0.05510809031835813
slit_defocus = -0.013768081908433195
slit_tilt_x = 1.0541246111784703
slit_tilt_y = -8.559976217845337
slit_tilt_z = -9.026842248905494
d_slit_col = 1594.2902574060076
coll_tilt_x = 0.12141024589900745
coll_tilt_y = -0.026525574898477185
ech_G = 31.61456053380668
ech_blaze = -74.99488509619243
ech_gamma = 1.1556466789465818
echelle_z = 0.0570053405846873
d_col_trf = -1588.0163639155758
trf_mirror_tilt_x = 0.007310760945271223
trf_mirror_tilt_y = 0.15549080122780273
d_col_grm = 0.0356657647510168
grism_dec_x = 236.38325435187852
grism_dec_y = 0.00925458610882016
grm_tilt_x = -0.023505901911710658
grm_tilt_y = 2.325791976742395
grm_G = 222.7840719360029
grm_apex = 17.766548325675696
d_grm_cam  = 21.60469466784384
cam_dec_x = -0.2711190889370138
cam_dec_y = 0.2908831430401816
cam_tilt_x = 0.012428862687301404
cam_tilt_y = 0.008832523674630024
d_cam_ff  = -160.076861287599
ccd_ff_dec_x = -0.023799332220919213
ccd_ff_dec_y = 0.04212470553026368
ccd_ff_tilt_x = 0.03352560307890275
ccd_ff_tilt_y = -0.5909865622475896
ccd_ff_tilt_z = 0.17192088956595458
d_ff_ccd  = -4.815976119084072
ccd_dec_x = 0.553294092455499
ccd_dec_y = 5.10762966902969
ccd_defocus = 0.28572774745694035
ccd_tilt_x = 0.03255302173526732
ccd_tilt_y = -0.0021439600472136734
ccd_tilt_z = 4.738092867901659e-06
p = 0.0001