slit_dec_x_a = -0.181778666534
slit_dec_y_a = -0.18243150017
slit_dec_x_b = 0.14512077562974193
slit_dec_y_b = -0.05510809031835813
slit_defocus = -0.002200209216690727
slit_tilt_x = 1.134682234000236
slit_tilt_y = -8.56833485922478
slit_tilt_z = -9.00361413085954
d_slit_col = 1594.3039586753982
coll_tilt_x = 0.08644220063740564
coll_tilt_y = -0.022045533570757406
ech_G = 31.610892222872778
ech_blaze = -74.99556938357561
ech_gamma = 1.158081461919153
echelle_z = 0.05680803627975818
d_col_trf = -1588.016337515194
trf_mirror_tilt_x = 0.12250581211530355
trf_mirror_tilt_y = 0.018707893545524535
d_col_grm = 0.01498167511039845
grism_dec_x = 236.39747078520006
grism_dec_y = -0.005049760474240406
grm_tilt_x = -0.02464674857796614
grm_tilt_y = 2.327185847094188
grm_G = 222.7857744746127
grm_apex = 17.809108901106633
d_grm_cam  = 21.604608830822617
cam_dec_x = -0.2836458285254016
cam_dec_y = 0.2897618530181248
cam_tilt_x = 0.004302686112957611
cam_tilt_y = -0.027796700529591958
d_cam_ff  = -160.56960458679896
ccd_ff_dec_x = -0.02285199799775248
ccd_ff_dec_y = -0.047779905552897566
ccd_ff_tilt_x = 0.16504161162660097
ccd_ff_tilt_y = -0.5894380175498236
ccd_ff_tilt_z = 0.17191185834984538
d_ff_ccd  = -4.785379317922219
ccd_dec_x = 0.5519117477852656
ccd_dec_y = 5.10645796597437
ccd_defocus = 0.31580868930151024
ccd_tilt_x = 0.021420204033682853
ccd_tilt_y = -0.004204544177680558
ccd_tilt_z = 2.4997126133713195e-07
p = 5.162272727272726e-06