slit_dec_x_a = -0.1704010755187174
slit_dec_y_a = -0.1956586180351446
slit_dec_x_b = 0.175
slit_dec_y_b = -1.8328253739268642e-96
slit_defocus = 0.02136639800495346
slit_tilt_x = 1.1140691638551905
slit_tilt_y = -8.538405208440304
slit_tilt_z = -8.991645176011005
d_slit_col = 1594.3099367265756
coll_tilt_x = 0.11318039822342019
coll_tilt_y = -0.02887365811842566
ech_G = 31.613235471515964
ech_blaze = -74.9748366416627
ech_gamma = 1.1389766115608515
echelle_z = 0.07477084641551429
d_col_trf = -1588.01722982936
trf_mirror_tilt_x = 0.026296443314232
trf_mirror_tilt_y = 0.16222563005320345
d_col_grm = -0.0048073733320288985
grism_dec_x = 236.42330735229277
grism_dec_y = 0.038176814275935736
grm_tilt_x = -0.014050909562447002
grm_tilt_y = 2.305271686244646
grm_G = 222.8239975489203
grm_apex = 17.79100567336504
d_grm_cam  = 21.609822547907612
cam_dec_x = -0.3095887789503137
cam_dec_y = 0.2473044285558899
cam_tilt_x = -0.011066156463113633
cam_tilt_y = 0.00380046170265237
d_cam_ff  = -160.05745007213838
ccd_ff_dec_x = -0.0025961069119412494
ccd_ff_dec_y = 0.052990410168647716
ccd_ff_tilt_x = 0.019520134768795085
ccd_ff_tilt_y = -0.5728091179413519
ccd_ff_tilt_z = 0.18005624531380604
d_ff_ccd  = -4.838888510953276
ccd_dec_x = 0.6214058189457927
ccd_dec_y = 5.157149031545153
ccd_defocus = 0.2806951547346925
ccd_tilt_x = 0.004991335944992755
ccd_tilt_y = -0.010880050559646548
ccd_tilt_z = 5.100848285156375e-06
p = 0.0001