slit_dec_x_a = -0.181778666534
slit_dec_y_a = -0.18243150017
slit_dec_x_b = 0.14512077562974193
slit_dec_y_b = -0.05510809031835813
slit_defocus = -0.013831276128439788
slit_tilt_x = 1.054052197712016
slit_tilt_y = -8.559994200341286
slit_tilt_z = -9.026890094324045
d_slit_col = 1594.2902755699945
coll_tilt_x = 0.12141435604754382
coll_tilt_y = -0.026497861281907634
ech_G = 31.614564325697646
ech_blaze = -74.99488451272242
ech_gamma = 1.1556376650847624
echelle_z = 0.05699818686375643
d_col_trf = -1588.0163653644872
trf_mirror_tilt_x = 0.007376430264354816
trf_mirror_tilt_y = 0.15540287488734933
d_col_grm = 0.03571864116345429
grism_dec_x = 236.38323726207852
grism_dec_y = 0.009236917211335061
grm_tilt_x = -0.023503078063774052
grm_tilt_y = 2.325798716403516
grm_G = 222.78407101991195
grm_apex = 17.76652276148574
d_grm_cam  = 21.604702351084217
cam_dec_x = -0.2710751433682392
cam_dec_y = 0.29089351525686225
cam_tilt_x = 0.012408194839252621
cam_tilt_y = 0.00878661566208403
d_cam_ff  = -160.07692036755526
ccd_ff_dec_x = -0.02379740486091561
ccd_ff_dec_y = 0.04210961144368934
ccd_ff_tilt_x = 0.033465796255153064
ccd_ff_tilt_y = -0.5909830533395345
ccd_ff_tilt_z = 0.17191187858417253
d_ff_ccd  = -4.815960429098662
ccd_dec_x = 0.5532970066364835
ccd_dec_y = 5.107628556437215
ccd_defocus = 0.2857586669691261
ccd_tilt_x = 0.03270778477095034
ccd_tilt_y = -0.0021610507450398843
ccd_tilt_z = 4.65928245470204e-06
p = 0.0001