slit_dec_x_a = -0.17037766946233251
slit_dec_y_a = -0.19576219966388686
slit_dec_x_b = 0.175
slit_dec_y_b = -2.470708713327468e-96
slit_defocus = 0.005533167840046688
slit_tilt_x = 1.1861202166869782
slit_tilt_y = -8.540127437334704
slit_tilt_z = -8.99081066434015
d_slit_col = 1594.2944798299477
coll_tilt_x = 0.08861122581378936
coll_tilt_y = -0.03177336255655661
ech_G = 31.61069123032021
ech_blaze = -74.97720746397663
ech_gamma = 1.1405122851105456
echelle_z = 0.07540699099871029
d_col_trf = -1588.0186203160708
trf_mirror_tilt_x = 0.13866505891203904
trf_mirror_tilt_y = 0.0775418237123685
d_col_grm = -0.009538168722755574
grism_dec_x = 236.43436654684908
grism_dec_y = 0.0342405781622949
grm_tilt_x = -0.015791970222786653
grm_tilt_y = 2.304360572791428
grm_G = 222.82520612550806
grm_apex = 17.815116655877482
d_grm_cam  = 21.60846953127316
cam_dec_x = -0.30213380421547226
cam_dec_y = 0.25032807127114676
cam_tilt_x = -0.01837635114049518
cam_tilt_y = -0.015034363735043323
d_cam_ff  = -160.40099401971955
ccd_ff_dec_x = -0.00354684597824364
ccd_ff_dec_y = 0.00016283884295130997
ccd_ff_tilt_x = 0.14602025865913995
ccd_ff_tilt_y = -0.5720338046853152
ccd_ff_tilt_z = 0.1725183949792432
d_ff_ccd  = -4.811240192871513
ccd_dec_x = 0.6206454938088909
ccd_dec_y = 5.155266300255645
ccd_defocus = 0.31633287912838165
ccd_tilt_x = 0.007805430951178276
ccd_tilt_y = -0.014014227564185923
ccd_tilt_z = 3.345468550749622e-06
p = 3.2825454545454547e-06