slit_dec_x_a = -0.181778666534
slit_dec_y_a = -0.18243150017
slit_dec_x_b = 0.14512077562974193
slit_dec_y_b = -0.05510809031835813
slit_defocus = -0.002235551693359986
slit_tilt_x = 1.1347085830809591
slit_tilt_y = -8.568368649692971
slit_tilt_z = -9.003595448473847
d_slit_col = 1594.3039493901258
coll_tilt_x = 0.08649372105248607
coll_tilt_y = -0.022037267013794083
ech_G = 31.61093819608773
ech_blaze = -74.99582231956862
ech_gamma = 1.1582396761214477
echelle_z = 0.05649421613869561
d_col_trf = -1588.016323599249
trf_mirror_tilt_x = 0.12245306663238886
trf_mirror_tilt_y = 0.018702325163414708
d_col_grm = 0.014950053337988864
grism_dec_x = 236.39749275503067
grism_dec_y = -0.005066607428569548
grm_tilt_x = -0.02474774677200271
grm_tilt_y = 2.3273412014127333
grm_G = 222.78594955130703
grm_apex = 17.809061730475214
d_grm_cam  = 21.604847272425765
cam_dec_x = -0.2836224835326083
cam_dec_y = 0.2897557253844522
cam_tilt_x = 0.0043542189092080725
cam_tilt_y = -0.02777030840321856
d_cam_ff  = -160.56965918744433
ccd_ff_dec_x = -0.02276411648492327
ccd_ff_dec_y = -0.047775685677640456
ccd_ff_tilt_x = 0.1650258496037284
ccd_ff_tilt_y = -0.589365642882069
ccd_ff_tilt_z = 0.17189172296593427
d_ff_ccd  = -4.7854393322363205
ccd_dec_x = 0.5518313731216131
ccd_dec_y = 5.106317313739552
ccd_defocus = 0.31586639456374277
ccd_tilt_x = 0.02137520195194117
ccd_tilt_y = -0.004192571654005725
ccd_tilt_z = 2.1899954664900917e-07
p = 3.2825454545454547e-06