wlc,wll,posc,posm,posme,posmy,order,flag
5175.75077561,5175.76055339,0.00000000,1537.00000000,0.00000000,6.63632858,118,4
5182.11017064,5182.10933371,1813.19905541,1813.23603493,0.02087109,10.93728562,118,0
5182.32134638,5182.32049588,1822.53438645,1822.57200734,0.01047253,11.07140377,118,0
5186.01441741,5186.01505343,1987.65977972,1987.63105084,0.03974395,13.25730792,118,0
5186.15544809,5186.15775082,0.00000000,1994.00000000,0.00000000,13.33379240,118,4
5190.64694135,5190.64778331,2199.74642584,2199.70733184,0.04207508,15.43049316,118,0
5192.95920980,5192.95913527,2307.81612897,2307.81963896,0.03196136,16.21072793,118,0
5193.44840550,5193.44805687,2330.87456686,2330.89103262,0.04633469,16.34615234,118,0
5195.34440504,5195.34150094,0.00000000,2421.00000000,0.00000000,16.76657350,118,4
5199.44311283,5199.44224981,2619.60711959,2619.64952633,0.03856456,17.06489476,118,0
5202.91230754,5202.90437392,0.00000000,2792.25208838,0.07263796,16.61401414,118,0
5204.64349595,5204.63842920,0.00000000,2880.00000000,0.00000000,16.13774229,118,4
5206.60860076,5206.61196877,0.00000000,2980.98807540,0.07473798,15.39347769,118,0
5207.45586910,5207.44655664,0.00000000,3025.00000000,0.00000000,15.00653774,118,4
5209.23623294,5209.23637960,3118.43277175,3118.42502182,0.03469478,14.06717606,118,0
5214.16783729,5214.18357616,0.00000000,1294.00000000,0.00000000,35.58138504,117,4
5216.63175535,5216.63177488,1396.06661258,1396.06579852,0.03111285,38.06043741,117,0
5218.38647239,5218.38634606,1469.48120809,1469.48651781,0.01349408,39.72439630,117,0
5220.00151771,5220.00089976,1537.61595470,1537.64213446,0.03321988,41.17875754,117,0
5227.94281270,5227.94224367,1881.16389320,1881.18904081,0.04424376,47.16384449,117,0
5231.74663520,5231.75142885,0.00000000,2051.10498047,0.00000000,49.28018178,117,2
nan,5232.45594910,0.00000000,-1.00000000,0.00000000,-11.19885489,117,4
5233.62663445,5233.62651274,2136.45028040,2136.45583719,0.02571996,50.12977856,117,0
5234.25995545,5234.25993874,2165.42427562,2165.42504134,0.01423396,50.38555094,117,0
5235.61531864,5235.61642150,2227.86047627,2227.80950507,0.08885661,50.88014170,117,0
5240.81719948,5240.81717539,2472.11865740,2472.11980815,0.04709060,52.07593874,117,0
5241.46970808,5241.46900990,2503.31672567,2503.35021168,0.02883728,52.14353575,117,0
5243.24402511,5243.24415191,2588.94390543,2588.93775227,0.05176360,52.22967663,117,0
5243.77983486,5243.77132820,0.00000000,2615.00000000,0.00000000,52.22707179,117,4
5246.14205343,5246.14447602,0.00000000,2731.00000000,0.00000000,52.05234517,117,5
5249.10085863,5249.10399466,0.00000000,2879.06274414,0.00000000,51.44318263,117,2
5249.48822555,5249.48780406,2898.66243763,2898.68381411,0.03421616,51.33006315,117,0
5252.20412962,5252.20350117,3037.82486044,3037.85740722,0.05990730,50.31109227,117,0
5252.67688891,5252.67669865,3062.37873198,3062.38862388,0.03289753,50.09225363,117,0
5255.33240777,5255.33154202,3201.82799658,3201.87396175,0.08001718,48.62585212,117,0
5256.73459665,5256.73420351,3276.72296628,3276.74408086,0.06996383,47.68387415,117,0
5257.15505675,5257.15363591,3299.29124514,3299.36783110,0.05042290,47.37808558,117,0
5258.50457896,5258.50801425,0.00000000,3372.54296875,0.00000000,46.32216546,117,2
5260.16981090,5260.18264452,0.00000000,3464.00000000,0.00000000,44.85970268,117,4
5261.35642516,5261.36791758,0.00000000,3530.00000000,0.00000000,43.70660747,117,4
5249.48029779,5249.48780406,0.00000000,909.00000000,0.00000000,60.34888637,116,4
5252.20048427,5252.20350117,0.00000000,1016.00000000,0.00000000,63.71217840,116,4
5252.67667516,5252.67669865,1034.88499568,1034.88406439,0.02100382,64.28341473,116,0
5255.33097397,5255.33154202,1140.76500802,1140.74221410,0.06157542,67.36116835,116,0
5256.73553850,5256.73420351,1197.22490617,1197.27881121,0.06930845,68.91825570,116,0
5257.15304417,5257.15363591,1214.17883138,1214.15488749,0.03382847,69.37132564,116,0
5258.50703726,5258.50801425,1269.15250173,1269.11271796,0.04672871,70.80938427,116,0
5260.18090251,5260.18264452,1337.61773424,1337.54625113,0.02866455,72.51997842,116,0
5261.36893722,5261.36791758,1386.39916393,1386.44125701,0.02641876,73.68768807,116,0
5265.32924632,5265.33100601,1551.56893260,1551.49486815,0.02378875,77.29324182,116,0
5266.21935537,5266.21892710,1589.02547096,1589.04357730,0.03792511,78.04089496,116,0
5266.70942543,5266.71303273,0.00000000,1609.78991699,0.00000000,78.44242691,116,2
5266.84361463,5266.84038732,1615.34196251,1615.47884563,0.21085049,78.55109429,116,0
5268.87283058,5268.87801204,0.00000000,1702.00000000,0.00000000,80.12742827,116,4
5269.60954375,5269.60471623,0.00000000,1733.63873446,0.02756184,80.66804717,116,0
5270.01784554,5270.01799965,1751.22997183,1751.22332599,0.02977932,80.96022099,116,0
5272.09586698,5272.09532822,1841.30837130,1841.33186271,0.02194042,82.36428798,116,0
5273.47289673,5273.47272601,1901.59991607,1901.60741860,0.02480279,83.21643353,116,0
5274.71014525,5274.70935759,1956.12182526,1956.15667023,0.05303774,83.92739263,116,0
5276.14734977,5276.14631750,0.00000000,2020.00000000,0.00000000,84.68673536,116,4
5276.66154528,5276.66080874,2042.92536116,2042.95829605,0.05334390,84.94060461,116,0
5277.39476008,5277.39483989,2075.82389740,2075.82031192,0.03979288,85.28631107,116,0
5281.84957730,5281.84889931,2278.58538532,2278.61666338,0.01772789,86.95872347,116,0
5282.00929710,5282.00779310,2285.91956070,2285.98901781,0.17077538,87.00456282,116,0
5284.84280665,5284.84255909,0.00000000,2418.00000000,0.00000000,87.64755887,116,4
5285.04965124,5285.04919660,2427.69895166,2427.72034932,0.03482589,87.68158653,116,0
5288.40188733,5288.40146979,2587.21532914,2587.23541703,0.04045293,87.97888959,116,0
5295.50408849,5295.50464489,2937.55020346,2937.52205799,0.04157268,86.90390262,116,0
5298.91981334,5298.92023834,3112.61471452,3112.59264921,0.03697038,85.47698454,116,0
5300.91487762,5300.91520383,3217.04294147,3217.02572437,0.07726598,84.34376599,116,0
5302.04475583,5302.04448804,3276.90445586,3276.91871874,0.05844997,83.59885597,116,0
5304.57025043,5304.56851400,3412.77701394,3412.87149882,0.05048205,81.65123341,116,0
5306.05131907,5306.04644960,0.00000000,3494.00000000,0.00000000,80.31939719,116,5
5308.06430981,5308.06476298,3605.99113317,3605.96569035,0.05682232,78.27344838,116,0
5310.02358761,5310.01852329,0.00000000,3717.00000000,0.00000000,76.00685310,116,4
5311.49926446,5311.51803819,0.00000000,3802.00000000,0.00000000,74.11208046,116,4
5295.50408903,5295.50464489,923.54288672,923.52128966,0.02278441,96.94887486,115,0
5298.91960779,5298.92023834,1057.19162177,1057.16676674,0.02434614,101.12230296,115,0
5300.91534789,5300.91520383,1136.16420421,1136.16993364,0.06418023,103.42507131,115,0
5302.04426688,5302.04448804,1181.18936158,1181.18052286,0.02699026,104.68257401,115,0
5304.57103384,5304.56851400,1282.66802427,1282.76992863,0.04168922,107.37577689,115,0
5306.05520851,5306.04644960,0.00000000,1343.00000000,0.00000000,108.87779799,115,4
5308.06367218,5308.06476298,1425.23277925,1425.18794207,0.03587846,110.81388046,115,0
5310.01879720,5310.01852329,1505.94454797,1505.95591932,0.03208957,112.58907885,115,0
5311.51773330,5311.51803819,1568.42051734,1568.40776475,0.03387983,113.87524577,115,0
5316.75699047,5316.75723042,1790.49128561,1790.48097520,0.00965924,117.83938298,115,0
5320.87292442,5320.87484411,1969.40747118,1969.32311395,0.03215811,120.34209821,115,0
5321.93196438,5321.92339252,0.00000000,2016.00000000,0.00000000,120.89424320,115,4
5325.50681351,5325.51151738,0.00000000,2175.65844727,0.00000000,122.46704738,115,2
5325.60912224,5325.60744890,2180.18955366,2180.26512307,0.32550516,122.50517815,115,0
5326.98466247,5326.98526162,2242.67331629,2242.64603982,0.04282082,122.98150937,115,0
5328.79878556,5328.79833251,2325.67308133,2325.69393557,0.05639763,123.50003476,115,0
5333.06159729,5333.06166288,2524.58281253,2524.57971070,0.03077270,124.20527730,115,0
5334.57872376,5334.57926837,2596.70904282,2596.68302766,0.05289395,124.27402427,115,0
5338.02532814,5338.02595217,2763.30563493,2763.27511390,0.04395393,124.05237301,115,0
5339.74032216,5339.74118923,2847.71575251,2847.67281597,0.05465006,123.73730755,115,0
5342.99240172,5342.99259087,3010.61032949,3010.60073754,0.04073377,122.74300103,115,0
5348.12956918,5348.12865133,3276.33687683,3276.38534458,0.05379869,120.02740552,115,0
5350.47372956,5350.46609996,0.00000000,3401.40027087,0.08639416,118.28004888,115,0
5351.50140098,5351.49903703,0.00000000,3456.99194336,0.00000000,117.40619931,115,2
5351.61191981,5351.61373969,0.00000000,3463.00000000,0.00000000,117.30818461,115,4
5355.84819377,5355.84832753,3697.83809307,3697.83053072,0.07001647,112.92995281,115,0
5357.06779794,5357.06692718,3767.12742421,3767.17722431,0.09127256,111.43245462,115,0
5358.06255042,5358.06313395,3824.36383243,3824.33014397,0.05961318,110.12794432,115,0
5359.80774256,5359.80808404,0.00000000,3926.00000000,0.00000000,107.64993969,115,4
5338.02541415,5338.02595217,773.31004120,773.28965436,0.03034258,128.56550275,114,0
5339.72732958,5339.74118923,0.00000000,838.00000000,0.00000000,130.79600341,114,4
5342.98118723,5342.99259087,0.00000000,963.00000000,0.00000000,134.88649555,114,4
5348.13008129,5348.12865133,1164.34586985,1164.40243933,0.03623717,140.86755638,114,0
5350.47528533,5350.46609996,0.00000000,1257.67276991,0.03019503,143.38050949,114,0
5351.50158355,5351.49903703,0.00000000,1298.80541992,0.00000000,144.43675988,114,2
5351.60596920,5351.61373969,0.00000000,1303.00000000,0.00000000,144.54268161,114,4
5355.84869593,5355.84832753,1475.22297791,1475.23808775,0.04476751,148.60479877,114,0
5357.06898345,5357.06692718,1525.35351239,1525.43834471,0.03563932,149.68285407,114,0
5358.06264278,5358.06313395,1566.54836050,1566.52799469,0.00875624,150.52956838,114,0
5359.80837684,5359.80808404,1639.20944221,1639.22168898,0.03041992,151.94868203,114,0
5366.20448610,5366.20445883,1911.21668597,1911.21786551,0.03856317,156.36126221,114,0
5369.86147554,5369.86586386,0.00000000,2071.00000000,0.00000000,158.29033745,114,4
5372.41317967,5372.40958822,0.00000000,2184.46560647,0.02081929,159.36123170,114,0
5372.84339457,5372.84469663,2203.81426403,2203.75577025,0.04233373,159.51856570,114,0
5376.99658805,5376.99673162,2392.63074015,2392.62412710,0.02697471,160.67906119,114,0
5377.25626971,5377.25635320,2404.59915522,2404.59530376,0.02727630,160.72937375,114,0
5378.64855482,5378.65184259,0.00000000,2469.11181641,0.00000000,160.95280863,114,2
5379.60462993,5379.60803421,0.00000000,2513.74194336,0.00000000,161.06027310,114,2
5383.37122179,5383.37707201,0.00000000,2692.30810547,0.00000000,161.10503785,114,2
5383.48973782,5383.51679099,0.00000000,2698.00000000,0.00000000,161.09633378,114,4
5384.42732285,5384.42716411,2743.17856296,2743.18623989,0.06091489,161.00504386,114,0
5385.72037438,5385.71542025,0.00000000,2806.00000000,0.00000000,160.81269144,114,4
5387.02882738,5387.01545647,0.00000000,2870.14086212,0.04061430,160.53777919,114,0
5391.34281760,5391.34609672,0.00000000,3086.00000000,0.00000000,159.03119654,114,4
5392.59195841,5392.59022024,3149.73443752,3149.82368346,0.05615387,158.41447909,114,0
5395.64064926,5395.64128962,3308.30700494,3308.27331116,0.06903865,156.54687676,114,0
5396.23283564,5396.23499529,3339.62364442,3339.50945016,0.03789308,156.12224549,114,0
5397.04203120,5397.04184288,3382.42998690,3382.44001311,0.05832647,155.50838141,114,0
5400.34196547,5400.34017685,3560.53204354,3560.63002859,0.06138102,152.58729256,114,0
5401.03317774,5401.03330291,3598.61989360,3598.61299272,0.04656683,151.88716278,114,0
5402.39207628,5402.40725651,0.00000000,3674.00000000,0.00000000,150.41730255,114,4
5403.39513963,5403.39363066,3730.15628385,3730.24130504,0.06032958,149.25140494,114,0
5407.87039584,5407.88513973,0.00000000,3988.00000000,0.00000000,143.15542793,114,4
5408.37838798,5408.37257039,0.00000000,4018.00000000,0.00000000,142.36621155,114,4
5383.36272323,5383.37707201,0.00000000,702.00000000,0.00000000,163.19933916,113,4
5383.49679944,5383.51679099,0.00000000,707.00000000,0.00000000,163.38142848,113,4
5384.42671243,5384.42716411,741.77099419,741.75408779,0.02525671,164.63449495,113,0
5385.71202971,5385.71542025,0.00000000,790.00000000,0.00000000,166.33741484,113,4
5387.02832786,5387.01545647,0.00000000,839.67207572,0.00578800,168.04609802,113,0
5391.33255612,5391.34609672,0.00000000,1004.00000000,0.00000000,173.37487217,113,4
5392.59188042,5392.59022024,1052.59776749,1052.66207310,0.03897915,174.85690487,113,0
5395.64088210,5395.64128962,1171.55261172,1171.53661559,0.02807972,178.29181160,113,0
5396.23168329,5396.23499529,1194.89168817,1194.76132892,0.02538482,178.93206062,113,0
5397.04177685,5397.04184288,1226.70082783,1226.69821954,0.02171591,179.79597810,113,0
5400.34086024,5400.34017685,1357.98453566,1358.01194054,0.05680714,183.14671461,113,0
5401.03463703,5401.03330291,1385.82849317,1385.88218152,0.06214012,183.81608628,113,0
5403.38549279,5403.39363066,0.00000000,1481.00000000,0.00000000,185.98999358,113,4
5407.88395521,5407.88513973,1666.11040346,1666.06112594,0.06639247,189.72762110,113,0
5408.37274513,5408.37257039,1686.41238206,1686.41966895,0.01733487,190.09898926,113,0
5411.73877621,5411.73846580,1828.00793733,1828.02111016,0.04988579,192.46296738,113,0
5416.26248061,5416.26351912,2022.39789291,2022.35274172,0.02329051,195.08199457,113,0
5423.49786986,5423.49720742,2343.61510849,2343.64515005,0.04637791,197.81911651,113,0
5428.18565035,5428.18728949,2559.49377090,2559.41720862,0.02042009,198.54022452,113,0
5430.55764922,5430.55552228,2670.99586425,2671.09679214,0.04739998,198.56071776,113,0
5431.74615913,5431.74594982,2727.70471258,2727.71472664,0.03442297,198.47923541,113,0
5432.85736994,5432.85736280,2781.07513433,2781.07547882,0.07331207,198.34588800,113,0
5440.13279043,5440.13595848,0.00000000,3141.08789062,0.00000000,196.01485198,113,2
5440.59924769,5440.59868824,3164.81837574,3164.84691928,0.04449672,195.77352751,113,0
5445.44480395,5445.44492862,3416.93313765,3416.92652043,0.06846203,192.54913814,113,0
5445.81944391,5445.81995965,3436.86915753,3436.84169914,0.06409232,192.24282007,113,0
5447.38113081,5447.38020670,3520.49460380,3520.54446245,0.06879509,190.87310256,113,0
5448.55124047,5448.56553490,0.00000000,3584.00000000,0.00000000,189.74630732,113,4
5452.23045489,5452.22020258,0.00000000,3788.00000000,0.00000000,185.60965990,113,4
5453.90970522,5453.90941359,3883.46635690,3883.48307761,0.04509981,183.40541883,113,0
5428.18669187,5428.18728949,582.83768224,582.81586872,0.02615276,196.43804524,112,0
5430.55734049,5430.55552228,669.66539807,669.73234972,0.02827902,199.75408523,112,0
5431.74547540,5431.74594982,713.61786449,713.60030338,0.01947519,201.37423177,112,0
5432.85685712,5432.85736280,754.83384687,754.81505363,0.03441364,202.86362660,112,0
5440.13494531,5440.13595848,1029.45609186,1029.41728737,0.04386769,211.97388107,112,0
5440.59929507,5440.59868824,1047.19710536,1047.22039473,0.03623087,212.51555700,112,0
5445.43944158,5445.44492862,0.00000000,1234.92980957,0.00000000,217.86246677,112,2
5445.82023161,5445.81995965,1249.85190939,1249.86258778,0.05404602,218.25920086,112,0
5447.38130217,5447.38020670,1311.34397356,1311.38729869,0.02505941,219.84920288,112,0
5448.55687690,5448.56553490,0.00000000,1358.00000000,0.00000000,221.00601264,112,4
5452.19767611,5452.22020258,0.00000000,1504.00000000,0.00000000,224.36216203,112,4
5453.90980552,5453.90941359,1573.51693730,1573.53292398,0.01504455,225.81791915,112,0
5460.37846489,5460.38091559,1841.78534792,1841.68206619,0.07385832,230.56813288,112,0
5460.76951808,5460.76844414,1858.12557539,1858.17092568,0.05246297,230.81538819,112,0
5461.08394341,5461.08502290,1871.50559372,1871.45993027,0.02093151,231.01087568,112,0
5465.74283284,5465.74241900,2071.00153704,2071.01949142,0.05966103,233.53992811,112,0
5477.22452325,5477.22693531,0.00000000,2586.33789062,0.00000000,236.53974865,112,2
5478.29018267,5478.29074174,2636.06385472,2636.03768837,0.06500544,236.55976972,112,0
5478.70586862,5478.70531736,2655.49521897,2655.52109420,0.04869686,236.55469551,112,0
5479.37044765,5479.37045083,2686.78617457,2686.78602477,0.04383132,236.53134350,112,0
5481.78097846,5481.78470722,0.00000000,2801.37302149,0.05940800,236.28559598,112,0
5481.93574580,5481.93615548,2808.81186073,2808.79220439,0.04843474,236.26101256,112,0
5482.61809814,5482.62061971,0.00000000,2841.60742188,0.00000000,236.13963502,112,2
5482.72938600,5482.72745902,2846.88126340,2846.97422102,0.12892704,236.11782196,112,0
5484.11835642,5484.12176815,0.00000000,2914.30761719,0.00000000,235.79728684,112,2
5488.52031059,5488.52701508,0.00000000,3132.24194336,0.00000000,234.16521117,112,2
5490.40770274,5490.40823681,3227.95702281,3227.92974472,0.05449211,233.16200176,112,0
5494.47710411,5494.47758542,3439.22647702,3439.20106557,0.05916574,230.32911041,112,0
5496.11745665,5496.11807809,3526.44552966,3526.41226285,0.06634189,228.91224471,112,0
5496.82551636,5496.82613547,3564.45986628,3564.42652553,0.05095907,228.24949031,112,0
5497.95436435,5497.95431036,3625.53658536,3625.53952194,0.05201605,227.12662692,112,0
5499.27094818,5499.27141885,3697.64752510,3697.62159906,0.04755380,225.71136903,112,0
5502.21244158,5502.21300922,3861.88876779,3861.85663282,0.05332909,222.12035919,112,0
5503.34338109,5503.34415180,3926.29884578,3926.25471927,0.06091778,220.57363313,112,0
5503.71278288,5503.71410532,3947.51680655,3947.44080518,0.05932452,220.04774364,112,0
5505.63486797,5505.65860524,0.00000000,4059.00000000,0.00000000,217.13968125,112,5
5477.22767444,5477.22693531,587.64502742,587.67178413,0.04320535,234.92306787,111,0
5478.29059165,5478.29074174,626.23150183,626.22604598,0.01111628,236.41867715,111,0
5478.70865709,5478.70531736,641.30807329,641.42966558,0.04344266,237.00064430,111,0
5479.36586823,5479.37045083,0.00000000,665.38671875,0.00000000,237.90870566,111,2
5481.78023593,5481.78470722,0.00000000,753.92682173,0.17452785,241.16947201,111,0
5481.93566986,5481.93615548,759.66793688,759.65003445,0.08504549,241.37508997,111,0
5482.61487650,5482.62061971,0.00000000,784.73071289,0.00000000,242.26877955,111,2
5482.72911113,5482.72745902,788.88915531,788.95026082,0.14117664,242.41795134,111,0
5484.10549441,5484.12176815,0.00000000,840.00000000,0.00000000,244.19572607,111,4
5488.51813169,5488.52701508,0.00000000,1005.58886719,0.00000000,249.61952267,111,1
5490.40842235,5490.40823681,1077.46136825,1077.46844931,0.01852590,251.81088691,111,0
5494.47757498,5494.47758542,1234.16271426,1234.16230883,0.03432903,256.24603341,111,0
5496.11868436,5496.11807809,1298.14604385,1298.16978174,0.05603662,257.92291835,111,0
5496.82599613,5496.82613547,1325.90820838,1325.90273728,0.03728227,258.62519896,111,0
5497.95505896,5497.95431036,1370.31885947,1370.34840777,0.02421046,259.72009096,111,0
5499.27136140,5499.27141885,1422.46744516,1422.46516435,0.01053812,260.95595164,111,0
5502.21302999,5502.21300922,1540.09109759,1540.09193361,0.04682104,263.55485452,111,0
5503.34384507,5503.34415180,1585.76775347,1585.75533384,0.03593965,264.49266650,111,0
5503.71349384,5503.71410532,1600.75988503,1600.73508365,0.03583703,264.79165251,111,0
5505.65460577,5505.65860524,0.00000000,1679.85606383,0.04657291,266.29988192,111,0
5511.65127337,5511.65152301,1929.23360589,1929.22306185,0.05890305,270.27273770,111,0
5511.94707649,5511.94692785,1941.71956480,1941.72585202,0.03627360,270.44073359,111,0
5516.65247250,5516.64885387,0.00000000,2143.35852245,0.03635370,272.73873410,111,0
5518.68784341,5518.69234677,0.00000000,2232.23315430,0.00000000,273.50574250,111,2
5520.67814465,5520.67697055,2320.10800792,2320.16018025,0.06113779,274.11654504,111,0
5521.34342392,5521.34162459,2349.70074528,2349.78101936,0.04481447,274.28916001,111,0
5522.56052690,5522.56077830,2404.28420665,2404.27290685,0.03528550,274.56307259,111,0
5526.96899239,5526.96858748,2605.11525612,2605.13396205,0.07134383,275.08445309,111,0
5529.35198770,5529.35388998,2716.18715937,2716.09788746,0.22044198,275.04311325,111,0
5529.51668229,5529.51760729,2723.86738113,2723.82391702,0.05893025,275.03150644,111,0
5532.23505665,5532.23406046,2852.68006606,2852.72775231,0.03919554,274.67021919,111,0
5532.80410925,5532.80074799,0.00000000,2880.01011073,0.07017351,274.55319554,111,0
5534.62730561,5534.62798047,2968.21050862,2968.17766300,0.05091448,274.07813139,111,0
5536.25572980,5536.25570783,3047.90856053,3047.90964285,0.05772343,273.52110352,111,0
5538.91083224,5538.90077531,0.00000000,3180.00000000,0.00000000,272.33197381,111,4
5545.95511360,5545.95555637,3544.17197428,3544.14841734,0.07579987,267.33365675,111,0
5546.08285083,5546.08208911,3550.90753312,3550.94810197,0.25279739,267.21631131,111,0
5546.38380258,5546.39447763,0.00000000,3567.00000000,0.00000000,266.93580349,111,4
5554.26263314,5554.26174610,4003.43023261,4003.48124788,0.11532192,257.42724444,111,0
5555.22760279,5555.22847685,4059.31916345,4059.26837114,0.04301383,255.95035156,111,0
5521.34596659,5521.34162459,0.00000000,386.00000000,0.00000000,265.83815258,110,4
5522.53841929,5522.56077830,0.00000000,428.00000000,0.00000000,267.60159102,110,4
5524.20487306,5524.23537169,0.00000000,487.00000000,0.00000000,270.02512740,110,4
5526.95048536,5526.96858748,0.00000000,585.00000000,0.00000000,273.91162074,110,4
5529.51660991,5529.35388998,0.00000000,677.51119307,0.03600234,277.42053470,110,0
5529.51662640,5529.51760729,677.54473757,677.50921281,0.01752298,277.42046125,110,0
5532.23459318,5532.23406046,776.47018263,776.48968803,0.01475540,281.00202790,110,0
5532.80417787,5532.80074799,797.24886294,797.37471882,0.01614668,281.73485899,110,0
5534.61338129,5534.62798047,0.00000000,864.00000000,0.00000000,284.01922120,110,4
5536.25613087,5536.25570783,924.90584544,924.92158996,0.04221799,286.03665536,110,0
5538.90476050,5538.90077531,0.00000000,1024.00000000,0.00000000,289.17162373,110,4
5545.95202611,5545.95555637,0.00000000,1293.10864258,0.00000000,296.76889568,110,2
5546.07412055,5546.08208911,0.00000000,1297.84436035,0.00000000,296.89052734,110,1
5546.38720758,5546.39447763,0.00000000,1310.00000000,0.00000000,297.20081543,110,4
5554.26299692,5554.26174610,1621.55116424,1621.60158309,0.02828441,304.21033074,110,0
5555.23788164,5555.22847685,0.00000000,1661.00000000,0.00000000,304.96668848,110,4
5559.42515936,5559.42473093,1832.34204648,1832.35976615,0.02532179,307.91559813,110,0
5561.41487191,5561.42085532,0.00000000,1915.09082031,0.00000000,309.14050479,110,3
5565.21612745,5565.21051817,0.00000000,2075.57299805,0.00000000,311.14641731,110,3
5565.34062727,5565.34490809,0.00000000,2080.88525391,0.00000000,311.20445118,110,2
5565.71660099,5565.71653638,2096.93160452,2096.93436818,0.05424506,311.37652046,110,0
5510.14777735,5567.34649914,0.00000000,-1.00000000,0.00000000,248.15588454,110,4
5570.03472780,5570.03456920,2283.89714321,2283.90409555,0.05309544,313.01980672,110,0
5510.14777735,5572.21078105,0.00000000,-1.00000000,0.00000000,248.15588454,110,4
5573.63740776,5573.62687746,0.00000000,2443.51639644,0.04781718,313.89525307,110,0
5574.62158759,5574.62185395,2487.73741987,2487.72541679,0.03926506,314.05169657,110,0
5575.13977158,5575.13953099,2511.10204202,2511.11291720,0.05895151,314.11935278,110,0
5576.20425848,5576.20858381,0.00000000,2559.38547306,0.01407735,314.22593386,110,0
5578.58285357,5578.57901398,0.00000000,2668.44298416,0.08543570,314.30265274,110,0
5579.00556549,5579.00540235,0.00000000,2688.00000000,0.00000000,314.29234954,110,4
5579.93087640,5579.92442117,0.00000000,2731.00000000,0.00000000,314.24395669,110,4
5582.35311124,5582.35472041,2844.91137930,2844.83511948,0.04574060,313.94497332,110,0
5582.77065247,5582.77396939,0.00000000,2864.64282227,0.00000000,313.86760923,110,3
5583.13546739,5583.14514002,0.00000000,2882.00000000,0.00000000,313.79364065,110,4
5583.58915904,5583.58940339,2903.66875020,2903.65707590,0.03863705,313.69325865,110,0
5586.17311950,5586.17277338,3028.24729045,3028.26413939,0.05294041,312.94120659,110,0
5592.65521712,5592.65516147,3351.60877439,3351.61162068,0.04783116,309.60336355,110,0
5593.26727260,5593.26638492,3382.95237236,3382.99800803,0.04431634,309.17288001,110,0
5596.69610110,5596.69709691,3561.83967026,3561.78700879,0.04914816,306.36174815,110,0
5597.83834173,5597.83913872,3622.55289115,3622.51032260,0.06596663,305.26819044,110,0
5604.61246667,5604.61149760,3995.93272425,3995.98790113,0.06153338,296.99894003,110,0
5570.01826759,5570.03456920,0.00000000,317.00000000,0.00000000,302.14103811,109,4
5572.21238843,5572.21078105,393.13086409,393.18690271,0.05459691,305.45605893,109,0
5573.60886849,5573.62687746,0.00000000,442.00000000,0.00000000,307.52302060,109,4
5574.62098324,5574.62185395,477.56022255,477.52960042,0.02843393,308.99948778,109,0
5575.13949905,5575.13953099,495.78250393,495.78137852,0.03517539,309.74877626,109,0
5576.20500118,5576.20858381,533.51575698,533.38904308,0.01391188,311.27301868,109,0
5578.58426964,5578.57901398,0.00000000,617.91119733,0.07460879,314.60201637,109,0
5579.00679749,5579.00540235,0.00000000,633.00000000,0.00000000,315.18221530,109,4
5579.90066513,5579.92442117,0.00000000,665.00000000,0.00000000,316.39855187,109,4
5582.35167490,5582.35472041,0.00000000,753.30590820,0.00000000,319.65536487,109,3
5582.77333191,5582.77396939,768.59642023,768.57330580,0.01607364,320.20358572,109,0
5583.14314643,5583.14514002,0.00000000,782.00000000,0.00000000,320.68208889,109,4
5583.58933442,5583.58940339,798.21076128,798.20825273,0.03718908,321.25520529,109,0
5586.17312788,5586.17277338,892.65445300,892.66748339,0.02488780,324.49688745,109,0
5592.65552527,5592.65516147,1134.04981964,1134.06355019,0.04365609,332.01719866,109,0
5593.26814460,5593.26638492,1157.14992120,1157.21651288,0.04291294,332.68068782,109,0
5596.69519017,5596.69709691,1287.94126256,1287.86800145,0.03549986,336.23482430,109,0
5597.84004483,5597.83913872,1331.92398023,1331.95895697,0.07270054,337.36137776,109,0
5604.61294296,5604.61149760,1597.45989075,1597.51746194,0.01509913,343.36800001,109,0
5610.40989066,5610.40817449,1831.66723083,1831.73757556,0.04968791,347.55619445,109,0
5610.85386680,5610.85326259,1849.93127375,1849.95609525,0.05184825,347.83833915,109,0
5612.44911012,5612.44902547,1915.76737138,1915.77087864,0.03883308,348.80511062,109,0
5614.82949716,5614.82224532,0.00000000,2015.00000000,0.00000000,350.10729010,109,4
5616.30330861,5616.30328730,2077.05005945,2077.05096070,0.05838842,350.82660035,109,0
5618.13710497,5618.13391439,0.00000000,2155.00000000,0.00000000,351.62663085,109,4
5618.58138938,5618.58925258,0.00000000,2174.00000000,0.00000000,351.80415537,109,4
5620.06410853,5620.06474334,2237.78178266,2237.75437120,0.04425574,352.34976905,109,0
5622.33739072,5622.33737420,2336.55319672,2336.55391951,0.02075900,353.04290953,109,0
5623.07537345,5623.07526466,2368.89766223,2368.90244206,0.05735906,353.22960621,109,0
5624.10899952,5624.10962555,2414.48981698,2414.46213939,0.01521627,353.45888276,109,0
5626.55472620,5626.55751558,0.00000000,2523.40039062,0.00000000,353.84750879,109,2
5629.35653158,5629.35671480,2650.23470473,2650.22633677,0.05258422,354.01654563,109,0
5629.94138306,5629.93537512,0.00000000,2677.00000000,0.00000000,354.01327352,109,4
5630.54212618,5630.55028386,0.00000000,2704.59511592,0.04862045,353.99569462,109,0
5633.76130948,5633.76116567,2854.34757701,2854.35434076,0.05611323,353.64892943,109,0
5634.02071074,5634.02025250,2866.54455566,2866.56614729,0.02705910,353.60194420,109,0
5635.94896915,5635.95494582,0.00000000,2958.00000000,0.00000000,353.16058349,109,4
5638.34064358,5638.34174409,3073.22171561,3073.16824636,0.05285507,352.37994372,109,0
5641.86811521,5641.87191071,0.00000000,3246.75341797,0.00000000,350.73067244,109,2
5644.15271792,5644.15637265,0.00000000,3361.71093750,0.00000000,349.32619030,109,3
5647.50625861,5647.50657854,3534.36176445,3534.34506969,0.06367505,346.75075564,109,0
5656.37220306,5656.37243286,4015.96272471,4015.94971568,0.05149934,336.62008115,109,0
5656.97158924,5656.97114246,4049.97123727,4049.99669835,0.04494163,335.74050846,109,0
5657.17640562,5657.17763466,4061.75053075,4061.68035357,0.05391728,335.43371899,109,0
5622.33770222,5622.33737420,342.35618826,342.36746488,0.01379259,343.36014880,108,0
5623.07529698,5623.07526466,367.75654519,367.75765945,0.01943774,344.46783210,108,0
5624.10885416,5624.10962555,403.47048375,403.44380198,0.02153394,346.00441670,108,0
5626.55757472,5626.55751558,488.51862234,488.52068594,0.03153066,349.57201617,108,0
5629.35695538,5629.35671480,586.68611734,586.69459708,0.01600600,353.52105894,108,0
5629.93261024,5629.93537512,0.00000000,607.00000000,0.00000000,354.31537882,108,4
5630.54244009,5630.55028386,0.00000000,628.56592783,0.01279247,355.15056932,108,0
5633.76147354,5633.76116567,743.20830134,743.21933111,0.02634992,359.44468198,108,0
5634.00622984,5634.02025250,0.00000000,752.00000000,0.00000000,359.76339628,108,4
5635.95038791,5635.95494582,0.00000000,822.00000000,0.00000000,362.25251370,108,4
5638.34071249,5638.34174409,908.82955379,908.79190049,0.02687071,365.21105831,108,0
5641.85714377,5641.87191071,0.00000000,1038.00000000,0.00000000,369.35324405,108,4
5644.15726725,5644.15637265,1123.48572223,1123.51914155,0.01072331,371.92204204,108,0
5647.50587687,5647.50657854,1249.54441799,1249.51782684,0.01767156,375.45558671,108,0
5656.37268872,5656.37243286,1592.29799927,1592.30809298,0.02644739,383.55121343,108,0
5656.97232818,5656.97114246,1615.95109550,1615.99800806,0.05221189,384.02856455,108,0
5657.17722700,5657.17763466,1624.12517206,1624.10902627,0.05069257,384.18955863,108,0
5659.08440594,5659.08142096,0.00000000,1700.00000000,0.00000000,385.63551629,108,4
5659.30538912,5659.31004408,0.00000000,1708.83752441,0.00000000,385.79680386,108,2
5659.83426660,5659.83464633,1730.03045455,1730.01521979,0.06292332,386.17727933,108,0
5660.63750635,5660.63867353,1762.35104078,1762.30403281,0.07996842,386.74101258,108,0
5661.28097110,5661.28031865,1788.23440857,1788.26077132,0.04228284,387.17986140,108,0
5665.80061088,5665.79383681,0.00000000,1973.00000000,0.00000000,389.93408198,108,4
5667.36505974,5667.36493018,2037.94189275,2037.94729282,0.06021817,390.74849919,108,0
5670.30253021,5670.30783376,0.00000000,2161.40966797,0.00000000,392.07587297,108,2
5671.00957696,5671.00932011,2191.40003125,2191.41095772,0.01889024,392.35471313,108,0
5674.60679535,5674.60806540,2346.03348819,2345.97836792,0.06067018,393.52041951,108,0
5675.82880464,5675.82797514,2399.17681057,2399.21308422,0.04990066,393.81685770,108,0
5677.96004101,5677.96135279,0.00000000,2493.00000000,0.00000000,394.20818364,108,4
5678.86079984,5678.86758684,0.00000000,2533.00000000,0.00000000,394.32427407,108,4
5679.63228696,5679.63138466,2567.39255616,2567.43292034,0.04459729,394.39987617,108,0
5681.95071087,5681.94990032,2671.87673097,2671.91353291,0.05884714,394.49151319,108,0
5684.02292464,5684.02412194,2766.69074884,2766.63565565,0.03712764,394.39553574,108,0
5686.78921705,5686.78943879,2895.13285617,2895.12246293,0.06976630,393.99332441,108,0
5688.03450838,5688.03601426,2953.80965827,2953.73846090,0.03580457,393.70586440,108,0
5612.20471950,5689.67778443,0.00000000,-1.00000000,0.00000000,327.25623754,108,4
5691.74778456,5691.74094909,0.00000000,3131.64695380,0.08848157,392.43478326,108,0
5692.92139438,5692.92157014,3188.89517156,3188.88656357,0.05251239,391.89843125,108,0
5693.75024185,5693.75300759,0.00000000,3229.60961914,0.00000000,391.47911472,108,2
5696.42288407,5696.42246325,3362.68966893,3362.71084687,0.04879738,389.88995284,108,0
5696.75832883,5696.76165222,0.00000000,3379.61499023,0.00000000,389.66417829,108,3
5701.45681958,5701.45711291,3621.32481210,3621.30942844,0.05781728,385.84669281,108,0
5704.43306586,5704.43343643,3779.55809742,3779.53813552,0.05790855,382.75190924,108,0
5705.58677415,5705.58357721,0.00000000,3842.00000000,0.00000000,381.40076454,108,4
5706.21782289,5706.21787769,3876.45812203,3876.45512115,0.06402042,380.62413002,108,0
5706.91348110,5706.91295625,3914.65619731,3914.68513679,0.04588965,379.73636621,108,0
5707.10226411,5707.10380062,3925.18462509,3925.09976398,0.14887197,379.48977589,108,0
5707.22710295,5707.23610957,0.00000000,3932.00000000,0.00000000,379.32527809,108,5
5708.26940750,5708.26890213,3989.91611011,3989.94434569,0.05193631,377.90874801,108,0
5708.88221590,5708.88252202,4024.28887945,4024.27167817,0.05747438,377.03993907,108,0
5674.61279333,5674.60806540,0.00000000,333.00000000,0.00000000,383.74101291,107,4
5675.82858209,5675.82797514,374.43160557,374.45235092,0.02445342,385.56024001,107,0
5677.94327168,5677.96135279,0.00000000,447.00000000,0.00000000,388.66536385,107,5
5678.87118182,5678.86758684,0.00000000,479.00000000,0.00000000,390.00315079,107,4
5679.62285841,5679.63138466,0.00000000,505.00000000,0.00000000,391.07575430,107,4
5681.95089116,5681.94990032,585.94495958,585.97956694,0.04974278,394.33410378,107,0
5684.02246792,5684.02412194,658.66581637,658.60761710,0.03508538,397.15040672,107,0
5686.78930707,5686.78943879,756.49056202,756.48587819,0.02101499,400.78741300,107,0
5688.03586642,5688.03601426,800.93044534,800.92516251,0.03094023,402.37871883,107,0
5689.68353428,5689.67778443,0.00000000,860.00000000,0.00000000,404.43614003,107,4
5691.73294324,5691.74094909,0.00000000,934.00000000,0.00000000,406.92007989,107,4
5664.66350767,5692.92157014,0.00000000,-1.00000000,0.00000000,367.93613654,107,4
5693.75300690,5693.75300759,1007.54081081,1007.54078549,0.02930699,409.28588849,107,0
5696.42310839,5696.42246325,1105.62633631,1105.65016824,0.02379735,412.28276058,107,0
5696.75699227,5696.76165222,0.00000000,1118.00000000,0.00000000,412.64710336,107,4
5701.45698614,5701.45711291,1293.63988968,1293.63510282,0.02754834,417.51671642,107,0
5664.66350767,5704.43343643,0.00000000,-1.00000000,0.00000000,367.93613654,107,4
5705.58783560,5705.58357721,0.00000000,1451.00000000,0.00000000,421.38505442,107,4
5706.21346198,5706.21787769,0.00000000,1475.08654785,0.00000000,421.93591721,107,3
5706.91368239,5706.91295625,1502.08785424,1502.11594298,0.04057637,422.54105368,107,0
5707.10175069,5707.10380062,0.00000000,1509.40368652,0.00000000,422.70185399,107,2
5707.23785939,5707.23610957,1514.59668026,1514.66445868,0.14147588,422.81730776,107,0
5708.26439359,5708.26890213,0.00000000,1554.53210449,0.00000000,423.67528634,107,3
5708.58450295,5708.57684228,0.00000000,1567.00000000,0.00000000,423.93745217,107,4
5708.88345137,5708.88252202,1578.61337349,1578.64965083,0.02369984,424.17976398,107,0
5711.07413665,5711.07737212,0.00000000,1664.61071777,0.00000000,425.88866099,107,3
5715.79547895,5715.79539480,1852.95321311,1852.95660944,0.05340746,429.14614741,107,0
5664.66350767,5716.81371325,0.00000000,-1.00000000,0.00000000,367.93613654,107,4
5717.28493581,5717.28453304,1913.29075883,1913.30714186,0.03591317,430.04854244,107,0
5718.45718278,5718.46178686,0.00000000,1961.13000488,0.00000000,430.71489512,107,2
5718.86669178,5718.86611698,1977.87515160,1977.89872411,0.04256459,430.93834608,107,0
5723.16124695,5723.16414831,2156.12119168,2155.99947566,8.43867969,432.98478017,107,0
5723.82553176,5723.82536175,2183.89781043,2183.90496978,0.05839710,433.25128563,107,0
5725.22334433,5725.23576053,0.00000000,2243.00000000,0.00000000,433.76724008,107,4
5726.68208852,5726.68313787,2305.19717257,2305.15227377,0.07075778,434.23891151,107,0
5727.90007847,5727.90063236,2357.46197754,2357.43812053,0.02417674,434.57934611,107,0
5730.52354575,5730.52324654,2471.32816077,2471.34125472,0.03774848,435.14263756,107,0
5731.60910312,5731.60889468,2518.99042526,2518.99960485,0.06928833,435.30577055,107,0
5732.48853081,5732.48765421,2557.79055346,2557.82936043,0.08329079,435.40703116,107,0
5733.07469964,5733.07267343,2583.74259671,2583.83263523,0.05282376,435.45895097,107,0
5733.45925245,5733.45920737,2600.93181421,2600.93382244,0.05767296,435.48614693,107,0
5733.90745449,5733.90793765,2620.94567078,2620.92409214,0.06801392,435.51094655,107,0
5734.32019633,5734.32015920,2639.37979716,2639.38145945,0.03589037,435.52715316,107,0
5735.94624386,5735.94715084,2712.62062011,2712.57957606,0.03695327,435.52815380,107,0
5737.98401986,5737.98395183,2805.39878875,2805.40190844,0.03819234,435.38404378,107,0
5738.86542111,5738.86428527,2845.88725687,2845.93965277,0.06023705,435.27008738,107,0
5741.31255864,5741.31325983,2959.76966802,2959.73678898,0.03333163,434.78435522,107,0
5664.66350767,5742.91452316,0.00000000,-1.00000000,0.00000000,367.93613654,107,4
5744.36444204,5744.36087967,0.00000000,3104.39749934,0.06594079,433.81359788,107,0
5746.71488845,5746.70483155,0.00000000,3218.00000000,0.00000000,432.77375816,107,5
5752.14966346,5752.15020155,3488.64506217,3488.61768292,0.04670694,429.31166163,107,0
5753.33123903,5753.33191037,3549.05339081,3549.01891483,0.05772540,428.34922002,107,0
5756.75493077,5756.75518761,3727.51853904,3727.50494812,0.05118631,425.09983118,107,0
5757.20251191,5757.20231135,3751.22614278,3751.23679843,0.06108090,424.62211021,107,0
5758.46798830,5758.46862734,3818.87462780,3818.84029805,0.07301468,423.20241584,107,0
5758.91043427,5758.91081405,3842.67870792,3842.65822156,0.05465200,422.68147130,107,0
5759.74035332,5759.74052727,3887.60925334,3887.59979517,0.05688435,421.66902934,107,0
5759.95482953,5759.95488465,3899.27773934,3899.27473577,0.05668228,421.39970802,107,0
5762.04203376,5762.03363433,0.00000000,4014.12963867,0.00000000,418.61137576,107,1
5723.82537566,5723.82536175,188.13453221,188.13499443,0.06536629,418.60054400,106,0
5725.23178389,5725.23576053,0.00000000,235.00000000,0.00000000,420.78004103,106,4
5726.66580030,5726.68313787,0.00000000,283.00000000,0.00000000,422.96969036,106,5
5727.88522659,5727.90063236,0.00000000,324.00000000,0.00000000,424.80584906,106,5
5730.52357433,5730.52324654,413.27537014,413.28651559,0.01607610,428.69555082,106,0
5731.60887522,5731.60889468,450.26145521,450.26079075,0.05643168,430.26258407,106,0
5732.47888086,5732.48765421,0.00000000,480.00000000,0.00000000,431.50439828,106,4
5733.07540189,5733.07267343,500.34929061,500.44288946,0.04044513,432.34841774,106,0
5733.45919966,5733.45920737,513.62053510,513.62027046,0.01841290,432.88831788,106,0
5734.32138494,5734.32015920,543.24032712,543.28256450,0.02161444,434.09172820,106,0
5735.94591308,5735.94715084,599.46865570,599.42576235,0.02813099,436.32434109,106,0
5737.97849419,5737.98395183,0.00000000,670.13195801,0.00000000,439.05202294,106,2
5738.86684285,5738.86428527,701.11414770,701.20374881,0.06466197,440.22106152,106,0
5741.31321233,5741.31325983,787.29429565,787.29261616,0.01346118,443.36550276,106,0
5742.91466381,5742.91452316,844.07932895,844.08433229,0.02860904,445.36377276,106,0
5744.36434766,5744.36087967,895.69051187,895.81457610,0.04745765,447.13130698,106,0
5718.11182661,5746.70483155,0.00000000,-1.00000000,0.00000000,409.43732909,106,4
5752.14965837,5752.15020155,1178.70870694,1178.68865786,0.02864663,455.90870718,106,0
5753.33231786,5753.33191037,1222.43792492,1222.45304390,0.02263828,457.13253117,106,0
5756.75551745,5756.75518761,1350.38081588,1350.39323270,0.01445020,460.50397431,106,0
5757.20271613,5757.20231135,1367.22974069,1367.24500978,0.03056511,460.92513233,106,0
5758.46157250,5758.46862734,0.00000000,1414.87426758,0.00000000,462.08662894,106,2
5758.91077872,5758.91081405,1431.92290842,1431.92156582,0.04638969,462.49198982,106,0
5759.74059001,5759.74052727,1463.51249714,1463.51489050,0.01283897,463.22879658,106,0
5759.95492714,5759.95488465,1471.69456539,1471.69618791,0.03109543,463.41653992,106,0
5762.04745412,5762.03363433,0.00000000,1552.00000000,0.00000000,465.19256542,106,4
5765.24000804,5765.26177352,0.00000000,1676.00000000,0.00000000,467.69685489,106,4
5766.97591374,5766.97890910,0.00000000,1744.21289062,0.00000000,468.95118602,106,3
5769.05079763,5769.05189138,1826.53521418,1826.49161479,0.01765537,470.34769331,106,0
5718.11182661,5772.65504737,0.00000000,-1.00000000,0.00000000,409.43732909,106,4
5779.16045128,5779.16077357,2240.15072913,2240.13718403,0.04013646,475.43738555,106,0
5782.19346848,5782.19320820,2368.67880333,2368.68992926,0.03154276,476.36245278,106,0
5783.54907599,5783.54915091,2426.88031584,2426.87708774,0.05062415,476.67870332,106,0
5718.11182661,5784.29493332,0.00000000,-1.00000000,0.00000000,409.43732909,106,4
5784.40655185,5784.41034003,0.00000000,2463.92675781,0.00000000,476.84678550,106,2
5785.71924554,5785.72364574,0.00000000,2521.00000000,0.00000000,477.05502213,106,4
5785.88876638,5785.89394159,0.00000000,2528.40313024,0.05325213,477.07752862,106,0
5786.63313076,5786.63191858,0.00000000,2561.00000000,0.00000000,477.16432105,106,4
5788.85459556,5788.85276156,2659.07474400,2659.15634999,0.06054981,477.30451242,106,0
5789.19721583,5789.19706340,2674.41186299,2674.41866038,0.03791147,477.30996544,106,0
5790.17786377,5790.17229772,0.00000000,2718.29418945,0.00000000,477.30113486,106,2
5790.31812858,5790.30925961,0.00000000,2724.59053414,0.14447935,477.29688367,106,0
5793.34949303,5793.35449999,0.00000000,2862.06958008,0.00000000,477.01729410,106,1
5793.61932765,5793.61857453,2874.41635970,2874.45092443,0.04325136,476.97457778,106,0
5795.39370943,5795.39421812,2956.37228217,2956.34866011,0.03975345,476.61902252,106,0
5798.12810289,5798.12774705,3084.53833245,3084.55518098,0.03952216,475.80763929,106,0
5800.13290957,5800.13674926,0.00000000,3180.13354492,0.00000000,475.00033636,106,3
5718.11182661,5800.95970640,0.00000000,-1.00000000,0.00000000,409.43732909,106,4
5802.20383592,5802.20474992,3280.40436037,3280.35977898,0.07435244,473.96795074,106,0
5802.38576437,5802.38575718,3289.23952892,3289.23988031,0.05690044,473.86730327,106,0
5803.09789340,5803.09967027,3324.20600732,3324.11874812,0.06069239,473.45752352,106,0
5803.71445172,5803.71463265,3354.47340119,3354.46447354,0.05229114,473.08224617,106,0
5804.56152769,5804.55747156,0.00000000,3396.40114451,0.14743466,472.53489636,106,0
5806.80456583,5806.80372744,3508.78442122,3508.82682078,0.04845213,470.90299733,106,0
5810.91842450,5810.92183458,0.00000000,3720.47283894,0.04133281,467.18012915,106,0
5811.17691176,5811.17679331,3734.02867226,3734.03488930,0.05704788,466.91257471,106,0
5815.43347294,5815.43325081,3961.75123539,3961.76336218,0.04841549,461.89776714,106,0
5816.03051595,5816.03027047,3994.43768389,3994.45115606,0.05248427,461.09701692,106,0
5782.19331454,5782.19320820,315.68982627,315.69337319,0.02104358,466.58692846,105,0
5783.54361790,5783.54915091,0.00000000,360.85119629,0.00000000,468.58520744,105,2
5784.41005004,5784.41034003,389.92721802,389.91747187,0.04201949,469.85115629,105,0
5785.71856595,5785.72364574,0.00000000,434.00000000,0.00000000,471.74083268,105,4
5785.87854532,5785.89394159,0.00000000,439.40213013,0.00000000,471.96989357,105,2
5786.66492652,5786.63191858,0.00000000,466.00000000,0.00000000,473.08969992,105,4
5788.85481930,5788.85276156,540.38752794,540.45776149,0.03312808,476.15378542,105,0
5789.19720526,5789.19706340,552.14667168,552.15151967,0.02195525,476.62554207,105,0
5790.17674279,5790.17229772,0.00000000,585.68035889,0.00000000,477.96393661,105,2
5790.31957474,5790.30925961,0.00000000,590.57962777,0.23408051,478.15773527,105,0
5793.35875855,5793.35449999,0.00000000,695.42832805,0.14684310,482.19707477,105,0
5793.61957214,5793.61857453,704.43972956,704.47437865,0.02741778,482.53589603,105,0
5795.39374392,5795.39421812,766.29465482,766.27807996,0.03439277,484.80961385,105,0
5798.11795359,5798.12774705,0.00000000,862.00000000,0.00000000,488.18945122,105,5
5800.12066250,5800.13674926,0.00000000,933.00000000,0.00000000,490.58513040,105,4
5772.57795130,5800.95970640,0.00000000,-1.00000000,0.00000000,451.54753659,105,4
5802.19149479,5802.20474992,0.00000000,1007.00000000,0.00000000,492.98118290,105,4
5802.38627301,5802.38575718,1013.97989254,1013.99841352,0.03742369,493.20245702,105,0
5803.09829514,5803.09967027,1039.65010626,1039.60058682,0.03043302,494.00409501,105,0
5772.57795130,5803.71463265,0.00000000,-1.00000000,0.00000000,451.54753659,105,4
5804.54933211,5804.55747156,0.00000000,1092.00000000,0.00000000,495.60637184,105,4
5806.80466098,5806.80372744,1174.02329104,1174.05741449,0.04417967,498.01182717,105,0
5810.91736331,5810.92183458,0.00000000,1325.71824229,0.03224145,502.12447811,105,0
5811.17750215,5811.17679331,1335.36752362,1335.39391552,0.03083983,502.37218443,105,0
5815.43395537,5815.43325081,1495.34421582,1495.37095186,0.02120800,506.21265059,105,0
5816.03020508,5816.03027047,1518.02771035,1518.02522288,0.05158084,506.71761121,105,0
5818.37377628,5818.38362642,0.00000000,1607.67065430,0.00000000,508.62118465,105,2
5819.52570992,5819.52463472,1652.03200873,1652.07357755,0.05811391,509.50812213,105,0
5820.62654122,5820.63060754,0.00000000,1694.75174030,0.06692547,510.32568489,105,0
5822.22233429,5822.22789720,0.00000000,1757.00000000,0.00000000,511.45677001,105,4
5822.64470385,5822.64218283,1773.45499330,1773.55390876,0.00871593,511.74530707,105,0
5823.49410317,5823.49361903,1806.92035539,1806.93943150,0.05917822,512.31155742,105,0
5826.96805719,5826.97049968,0.00000000,1945.00000000,0.00000000,514.43083544,105,4
5827.77812663,5827.78042198,0.00000000,1977.53759766,0.00000000,514.87815920,105,3
5830.63299551,5830.64011078,0.00000000,2093.29418945,0.00000000,516.30835781,105,2
5772.57795130,5832.42553173,0.00000000,-1.00000000,0.00000000,451.54753659,105,4
5834.13334959,5834.13123001,2237.53803628,2237.62626478,0.15759747,517.73914755,105,0
5834.35983802,5834.36019754,2247.07459571,2247.05961302,0.06534594,517.81904564,105,0
5835.23882815,5835.23832054,2283.75876617,2283.78002686,0.05572183,518.11415161,105,0
5836.78930633,5836.79051050,2349.04637842,2348.99552088,0.11992825,518.57587253,105,0
5772.57795130,5837.64098367,0.00000000,-1.00000000,0.00000000,451.54753659,105,4
5839.30389029,5839.30252910,0.00000000,2456.00000000,0.00000000,519.16054739,105,4
5842.10670531,5842.10724615,2577.15141115,2577.12784353,0.06911849,519.56319530,105,0
5846.86980470,5846.86959229,2787.78622936,2787.79576585,0.04154332,519.60817218,105,0
5847.82764254,5847.82704361,2830.90956034,2830.93662114,0.04638963,519.51477620,105,0
5858.07022406,5858.07022647,3310.27751977,3310.27740301,0.05438668,516.13259285,105,0
5861.31078390,5861.30975148,3469.53371519,3469.58511733,0.05980177,514.05716348,105,0
5863.62962053,5863.62951892,3586.10066301,3586.10581845,0.06373291,512.23902424,105,0
5865.03269106,5865.03234020,3657.68293814,3657.70095519,0.04987412,510.99619942,105,0
5867.88631180,5867.88619866,3806.02724850,3806.03320060,0.06747631,508.11706892,105,0
5870.42081470,5870.41732778,0.00000000,3940.95356293,0.06820746,505.14214507,105,0
5832.40154005,5832.42553173,0.00000000,139.00000000,0.00000000,501.24637097,104,4
5834.12150603,5834.13123001,0.00000000,195.00000000,0.00000000,503.91283787,104,4
5835.23978307,5835.23832054,231.51636124,231.56428206,0.02738346,505.62175218,104,0
5836.78438889,5836.79051050,0.00000000,282.31970518,0.17898088,507.95189851,104,0
5837.64086435,5837.64098367,310.55661761,310.55267723,0.02317016,509.22691981,104,0
5839.28437292,5839.30252910,0.00000000,365.00000000,0.00000000,511.64316008,104,4
5842.10254543,5842.10724615,0.00000000,459.04315186,0.00000000,515.68439185,104,3
5846.87021450,5846.86959229,620.22580941,620.24702406,0.02742681,522.22267824,104,0
5847.82709724,5847.82704361,652.92814861,652.92998295,0.02785206,523.48843078,104,0
5858.06542485,5858.07022647,0.00000000,1009.96496582,0.00000000,536.00438086,104,2
5861.31092700,5861.30975148,1126.06493994,1126.10727939,0.05263830,539.55869890,104,0
5863.62963102,5863.62951892,1210.01768466,1210.02176111,0.04223534,541.96905822,104,0
5828.09124435,5865.03234020,0.00000000,-1.00000000,0.00000000,494.37039226,104,4
5867.88100032,5867.88619866,0.00000000,1366.02221680,0.00000000,546.09881140,104,3
5870.42018732,5870.41732778,1460.43970141,1460.54674430,0.03737328,548.37910910,104,0
5876.39250633,5876.39179812,1687.10299703,1687.13023402,0.04213544,553.16379873,104,0
5828.09124435,5877.03943983,0.00000000,-1.00000000,0.00000000,494.37039226,104,4
5879.69503628,5879.69948730,0.00000000,1815.16108762,0.03810471,555.44259896,104,0
5886.03022404,5886.02816210,2066.51821526,2066.60137205,0.05665367,559.02621781,104,0
5828.09124435,5889.25846321,0.00000000,-1.00000000,0.00000000,494.37039226,104,4
5890.79019235,5890.78349752,0.00000000,2261.00000000,0.00000000,560.98754837,104,4
5892.16385882,5892.16535866,2318.09742074,2318.03490889,0.06695901,561.42916145,104,0
5892.41835041,5892.41957577,2328.70000745,2328.64886777,0.06243272,561.50464506,104,0
5892.99391940,5892.99309858,2352.67124721,2352.70560705,0.03022429,561.66794943,104,0
5894.25413204,5894.25440691,2405.67186590,2405.66027309,0.03765006,561.98938119,104,0
5895.28765610,5895.29445616,0.00000000,2449.38305664,0.00000000,562.21535048,104,2
5896.78076067,5896.78453589,0.00000000,2513.00000000,0.00000000,562.48045383,104,5
5896.94551849,5896.94555453,2520.05718676,2520.05564291,0.07620977,562.50520602,104,0
5899.01607224,5899.01640727,2609.30008150,2609.28555330,0.04201463,562.73812606,104,0
5900.40923832,5900.40912447,2669.95091130,2669.95589105,0.06012589,562.81170162,104,0
5901.23797911,5901.23765746,2706.28482650,2706.29896845,0.04501556,562.82290453,104,0
5906.75495343,5906.75915380,0.00000000,2953.16796875,0.00000000,562.24722332,104,2
5906.96680395,5906.96705031,2962.83520352,2962.82396527,0.08419309,562.20161539,104,0
5907.60489002,5907.61169394,0.00000000,2992.00000000,0.00000000,562.05324721,104,4
5828.09124435,5909.39066689,0.00000000,-1.00000000,0.00000000,494.37039226,104,4
5911.99623236,5911.99553718,3196.27090924,3196.30375546,0.07974264,560.56960119,104,0
5913.18852837,5913.18898919,3252.90982605,3252.88786748,0.04498554,560.02105017,104,0
5913.62201440,5913.62431197,3273.69270657,3273.58284209,0.03697561,559.80551044,104,0
5914.77009901,5914.76963203,3328.69035468,3328.71287485,0.05434189,559.19234228,104,0
5916.24840055,5916.24740747,3400.36799927,3400.41644591,0.06939773,558.31001626,104,0
5828.09124435,5917.02475755,0.00000000,-1.00000000,0.00000000,494.37039226,104,4
5921.30760144,5921.30729748,3652.18713803,3652.20258347,0.06067570,554.45179931,104,0
5922.82876440,5922.83162932,0.00000000,3730.00000000,0.00000000,553.02034391,104,4
5924.53915392,5924.54095041,3818.78335556,3818.68949815,0.02174571,551.25057749,104,0
5925.28906796,5925.29548500,0.00000000,3858.00000000,0.00000000,550.41914420,104,5
5925.37552899,5925.37448720,3862.49130154,3862.54612522,0.07260305,550.32112881,104,0
5926.95649920,5926.95833347,3946.46734864,3946.36938814,0.14521233,548.44465309,104,0
5927.09758206,5927.09738041,3953.89595279,3953.90673815,0.06432873,548.26948444,104,0
5929.51761086,5929.52260788,0.00000000,4084.81639493,0.08336120,545.05765213,104,0
5886.03450319,5886.02816210,0.00000000,43.00000000,0.00000000,540.16840455,103,4
5892.99377271,5892.99309858,267.16967401,267.19163663,0.02501611,550.86914978,103,0
5894.25467143,5894.25440691,308.34119749,308.34984983,0.02733894,552.73208012,103,0
5895.29251389,5895.29445616,342.42214701,342.35838563,0.04367472,554.24761095,103,0
5896.77030020,5896.78453589,0.00000000,391.00000000,0.00000000,556.37782368,103,4
5899.00516305,5899.01640727,0.00000000,465.00000000,0.00000000,559.53409687,103,4
5900.40920322,5900.40912447,511.77965016,511.78228027,0.02226834,561.47685504,103,0
5901.23699126,5901.23765746,539.48971721,539.46740308,0.05642457,562.60735142,103,0
5906.75922017,5906.75915380,726.23378514,726.23605210,0.03012606,569.86069143,103,0
5906.96875863,5906.96705031,733.33651572,733.39489859,0.05716943,570.12577327,103,0
5907.59992126,5907.61169394,0.00000000,755.00000000,0.00000000,570.91998587,103,4
5909.38922277,5909.39066689,816.54563082,816.49583067,0.02362903,573.13295261,103,0
5912.00020932,5911.99553718,0.00000000,907.00000000,0.00000000,576.26152063,103,4
5913.18895142,5913.18898919,948.49952356,948.49820212,0.01427482,577.64494788,103,0
5913.62211259,5913.62431197,963.74281667,963.66573353,0.03732638,578.14257107,103,0
5884.68220890,5914.76963203,0.00000000,-1.00000000,0.00000000,538.00921654,103,4
5916.24348445,5916.24740747,0.00000000,1056.00000000,0.00000000,581.07931029,103,4
5884.68220890,5917.02475755,0.00000000,-1.00000000,0.00000000,538.00921654,103,4
5921.30810583,5921.30729748,1237.09658768,1237.12579703,0.04808439,586.37791676,103,0
5922.82156662,5922.83162932,0.00000000,1292.00000000,0.00000000,587.86232166,103,4
5924.54015247,5924.54095041,1354.73737106,1354.70814887,0.04327448,589.48981385,103,0
5925.36549313,5925.37448720,0.00000000,1385.00000000,0.00000000,590.24969249,103,4
5926.96518532,5926.95833347,0.00000000,1444.00000000,0.00000000,591.68053888,103,4
5927.09829470,5927.09738041,1448.87858635,1448.91243755,0.07168647,591.79674230,103,0
5929.51682067,5929.52260788,0.00000000,1538.96499818,0.04897125,593.84708677,103,0
5930.29124980,5930.29123780,0.00000000,1568.00000000,0.00000000,594.47588142,103,4
5930.96142077,5930.96111777,1593.18385084,1593.19526448,0.03623887,595.00876382,103,0
5931.30778812,5931.30958923,0.00000000,1606.26574707,0.00000000,595.28053605,103,1
5931.38582495,5931.39623256,0.00000000,1609.21057129,0.00000000,595.34132691,103,2
5935.46248227,5935.46233111,1764.50814300,1764.51395660,0.01215130,598.31783563,103,0
5937.15525091,5937.15343419,1829.82420407,1829.89464470,0.09248713,599.43619508,103,0
5884.68220890,5939.01812076,0.00000000,-1.00000000,0.00000000,538.00921654,103,4
5884.68220890,5941.63696485,0.00000000,-1.00000000,0.00000000,538.00921654,103,4
5944.41613659,5944.41591904,2116.50885585,2116.51760387,0.01952319,603.39713100,103,0
5949.32035489,5949.32002706,2316.28807107,2316.30160276,0.04270473,605.25110726,103,0
5950.21501920,5950.21473138,2353.30360584,2353.31554133,0.04089691,605.51282506,103,0
5951.31016879,5951.31103893,2398.91640777,2398.88008642,0.05508960,605.79990911,103,0
5953.84704164,5953.85155679,0.00000000,2505.53533819,0.04945435,606.32051057,103,0
5955.29865813,5955.29984361,2567.31277922,2567.26215769,0.05356932,606.52491154,103,0
5956.02095258,5956.02205018,2598.21977378,2598.17269902,0.05657538,606.60057905,103,0
5956.30407041,5956.32181389,0.00000000,2610.33401120,0.08449282,606.62546781,103,0
5956.54938645,5956.54873085,2620.84359716,2620.87180190,0.04739278,606.64480495,103,0
5958.50946707,5958.50993380,2705.73155411,2705.71122926,0.03775729,606.72509439,103,0
5961.59092625,5961.59562466,0.00000000,2841.19873047,0.00000000,606.57527129,103,2
5965.58941869,5965.59306958,0.00000000,3021.05419922,0.00000000,605.84844798,103,2
5968.45567074,5968.44717361,0.00000000,3153.00000000,0.00000000,604.93257618,103,5
5884.68220890,5968.80315782,0.00000000,-1.00000000,0.00000000,538.00921654,103,4
5970.42578565,5970.42585573,3245.25517530,3245.25187096,0.05763936,604.10000671,103,0
5970.71043296,5970.71172754,3258.74641575,3258.68525670,0.04499689,603.96558264,103,0
5971.09805559,5971.10431820,0.00000000,3277.02905273,0.00000000,603.77660798,103,2
5884.68220890,5973.15553086,0.00000000,-1.00000000,0.00000000,538.00921654,103,4
5884.68220890,5973.55665087,0.00000000,-1.00000000,0.00000000,538.00921654,103,4
5974.41534442,5974.41071463,0.00000000,3436.20042415,0.11940859,601.87455781,103,0
5977.97717555,5977.97735861,3611.73176650,3611.72261658,0.04789648,599.23223521,103,0
5980.34730788,5980.34710604,3731.38117718,3731.39147048,0.06169268,597.10345803,103,0
5981.81506131,5981.81524407,3806.71797134,3806.70853601,0.05944478,595.62772839,103,0
5984.21540272,5984.21619218,3932.03268935,3931.99103988,0.06804554,592.94060949,103,0
5984.34810307,5984.35466275,0.00000000,3939.00000000,0.00000000,592.78170936,103,5
5984.52744582,5984.52776749,3948.49466537,3948.47764371,0.06514332,592.56539837,103,0
5985.42147165,5985.41909572,3995.85950367,3995.98627649,0.09670617,591.45609209,103,0
5987.22572985,5987.23103128,0.00000000,4093.08813477,0.00000000,589.05918723,103,2
5944.41427481,5944.41591904,64.10587772,64.05386685,0.05632661,585.47632886,102,0
5949.32146370,5949.32002706,220.40185768,220.44799603,0.01855918,592.99784541,102,0
5950.21459742,5950.21473138,249.17859139,249.17427611,0.03068892,594.32992747,102,0
5951.30982165,5951.31103893,284.55528739,284.51594231,0.02141060,595.94771598,102,0
5953.85061208,5953.85155679,0.00000000,367.00000000,0.00000000,599.63308952,102,4
5955.28910523,5955.29984361,0.00000000,414.00000000,0.00000000,601.67644133,102,4
5956.02157395,5956.02205018,438.03022028,438.01458227,0.05585866,602.70462828,102,0
5956.29499983,5956.32181389,0.00000000,447.00000000,0.00000000,603.08658220,102,4
5956.54922833,5956.54873085,455.34068881,455.35705451,0.03641043,603.44047760,102,0
5942.38254447,5958.50993380,0.00000000,-1.00000000,0.00000000,582.26442419,102,4
5961.59228539,5961.59562466,0.00000000,622.66326904,0.00000000,610.25204520,102,2
5965.57810982,5965.59306958,0.00000000,757.00000000,0.00000000,615.34444886,102,4
5968.45001419,5968.44717361,0.00000000,855.00000000,0.00000000,618.84763790,102,5
5942.38254447,5968.80315782,0.00000000,-1.00000000,0.00000000,582.26442419,102,4
5942.38254447,5970.42585573,0.00000000,-1.00000000,0.00000000,582.26442419,102,4
5970.71084480,5970.71172754,932.91650824,932.88596451,0.09767762,621.50439524,102,0
5971.10347489,5971.10431820,946.50929416,946.48007651,0.05992501,621.95653469,102,0
5942.38254447,5973.15553086,0.00000000,-1.00000000,0.00000000,582.26442419,102,4
5973.56022119,5973.55665087,0.00000000,1032.00000000,0.00000000,624.72207699,102,4
5942.38254447,5974.41071463,0.00000000,-1.00000000,0.00000000,582.26442419,102,4
5977.97719706,5977.97735861,1187.82669133,1187.82094245,0.03676780,629.41117792,102,0
5980.34735291,5980.34710604,1272.57481369,1272.58368647,0.01683213,631.77220925,102,0
5981.80589130,5981.81524407,0.00000000,1325.17248535,0.00000000,633.16984030,102,2
5942.38254447,5984.21619218,0.00000000,-1.00000000,0.00000000,582.26442419,102,4
5984.34780039,5984.35466275,0.00000000,1417.56738281,0.00000000,635.50072852,102,2
5984.52351734,5984.52776749,0.00000000,1423.99133301,0.00000000,635.65688090,102,2
5985.42103004,5985.41909572,1456.79116580,1456.86217571,0.07286166,636.44387931,102,0
5987.22962686,5987.23103128,1523.57950299,1523.52754052,0.01682949,637.97823278,102,0
5987.75886983,5987.75879516,1543.12897724,1543.13174646,0.04814719,638.41369682,102,0
5991.71008784,5991.71667732,0.00000000,1691.00000000,0.00000000,641.46774140,102,4
5994.63650038,5994.63714247,1802.25190066,1802.22732318,0.04682272,643.49670282,102,0
5995.40881659,5995.40793536,1831.80846104,1831.84231167,0.04423018,643.99808646,102,0
5996.52464462,5996.52693109,0.00000000,1874.83215332,0.00000000,644.69683879,102,2
5998.41384452,5998.41390942,1948.12358901,1948.12105962,0.05043348,645.80869603,102,0
5942.38254447,5998.97187282,0.00000000,-1.00000000,0.00000000,582.26442419,102,4
5999.62171351,5999.62152723,1995.33837297,1995.34567741,0.02708798,646.47212140,102,0
6001.07088428,6001.07067061,2052.35107340,2052.35951032,0.02485265,647.21770191,102,0
6002.72535655,6002.73165203,0.00000000,2118.00000000,0.00000000,648.00107934,102,4
6005.23425646,6005.23917778,0.00000000,2218.58911133,0.00000000,649.04572291,102,3
6005.39669269,6005.40301343,0.00000000,2225.14746094,0.00000000,649.10728350,102,3
6006.47583162,6006.47600556,2268.86474338,2268.85767763,0.04477881,649.49709177,102,0
6006.89727280,6006.89662528,2285.97242206,2285.99878988,0.06527340,649.64023288,102,0
5942.38254447,6007.34081244,0.00000000,-1.00000000,0.00000000,582.26442419,102,4
6008.02212667,6008.02252889,2331.95911510,2331.94263921,0.06352091,649.99687680,102,0
6008.55968324,6008.55784632,0.00000000,2354.00000000,0.00000000,650.15411443,102,4
6012.52832158,6012.52946089,2518.94006974,2518.89219763,0.05334414,651.04208044,102,0
6012.93261798,6012.93669459,0.00000000,2535.89916992,0.00000000,651.10480979,102,2
6014.26467595,6014.26935947,0.00000000,2592.22057028,0.11186965,651.27401674,102,0
6014.92142079,6014.92596192,0.00000000,2620.15161133,0.00000000,651.33597255,102,2
6015.24609142,6015.24097144,0.00000000,2634.00000000,0.00000000,651.36129151,102,4
6015.71616753,6015.71928317,0.00000000,2654.09814453,0.00000000,651.39166978,102,2
5942.38254447,6016.58538995,0.00000000,-1.00000000,0.00000000,582.26442419,102,4
6018.41039823,6018.41054171,2770.40470699,2770.39846235,0.04086235,651.41939296,102,0
6019.04433270,6019.04502956,2798.07625825,2798.04580409,0.10926642,651.38883023,102,0
5942.38254447,6019.79478641,0.00000000,-1.00000000,0.00000000,582.26442419,102,4
6020.86001976,6020.85955962,2877.83975572,2877.86009935,0.04153783,651.22050895,102,0
5942.38254447,6021.21162991,0.00000000,-1.00000000,0.00000000,582.26442419,102,4
6023.03930657,6023.04012507,2974.90464734,2974.86795065,0.03856365,650.85571616,102,0
6026.38854996,6026.39061661,0.00000000,3126.75195312,0.00000000,649.93134380,102,2
6029.24171028,6029.24338969,3259.02317636,3258.94457124,0.05516856,648.77575880,102,0
6029.79326302,6029.79327767,3284.80728462,3284.80659633,0.04750845,648.51145356,102,0
6030.29637291,6030.29676002,3308.51240523,3308.49414664,0.05312263,648.25839172,102,0
6032.86689401,6032.86706793,3430.91902022,3430.91065640,0.06374018,646.78322736,102,0
6035.36095355,6035.34682031,0.00000000,3552.00000000,0.00000000,645.04806097,102,4
6036.25955812,6036.26023381,3596.24470235,3596.21132884,0.05204075,644.34609389,102,0
5942.38254447,6036.91717884,0.00000000,-1.00000000,0.00000000,582.26442419,102,4
6037.22114196,6037.22115069,3643.87525585,3643.87482154,0.05547621,643.54829548,102,0
5942.38254447,6037.98184607,0.00000000,-1.00000000,0.00000000,582.26442419,102,4
6041.29076542,6041.29098476,3849.95911060,3849.94781098,0.05542444,639.60899723,102,0
6041.60627462,6041.60879812,0.00000000,3866.22998047,0.00000000,639.26380336,102,3
6041.79831699,6041.79560506,0.00000000,3876.16114202,0.06911457,639.05081385,102,0
6005.21609825,6005.23917778,0.00000000,125.00000000,0.00000000,633.54124635,101,4
6005.37472216,6005.40301343,0.00000000,130.00000000,0.00000000,633.78382314,101,5
6007.33518015,6007.34081244,0.00000000,192.00000000,0.00000000,636.75292271,101,4
6008.56222166,6008.55784632,0.00000000,231.00000000,0.00000000,638.58374801,101,4
6012.52760692,6012.52946089,358.13312012,358.07331167,0.01975849,644.35185371,101,0
6012.92776669,6012.93669459,0.00000000,371.00000000,0.00000000,644.92171149,101,4
6014.90296248,6014.92596192,0.00000000,435.00000000,0.00000000,647.69709078,101,4
6015.70170658,6015.71928317,0.00000000,461.00000000,0.00000000,648.80273647,101,4
6016.55951249,6016.58538995,0.00000000,489.00000000,0.00000000,649.97931497,101,4
6018.41005783,6018.41054171,549.69983549,549.68391758,0.02420649,652.47905713,101,0
6019.02710672,6019.04502956,0.00000000,570.00000000,0.00000000,653.30057582,101,4
6019.78452776,6019.79478641,0.00000000,595.00000000,0.00000000,654.30092615,101,4
6020.86014979,6020.85955962,630.59722181,630.61680053,0.02186112,655.70595428,101,0
6021.20313111,6021.21162991,0.00000000,642.00000000,0.00000000,656.15001305,101,5
6001.22520623,6023.04012507,0.00000000,-1.00000000,0.00000000,627.32477984,101,4
6026.38648004,6026.39061661,0.00000000,815.74328613,0.00000000,662.62779561,101,2
6029.24090310,6029.24338969,912.90611293,912.82109687,0.04228265,666.00214952,101,0
6029.79330198,6029.79327767,931.72808961,931.72892258,0.03298535,666.63893920,101,0
6030.29568928,6030.29676002,948.99445076,948.95769874,0.04072698,667.21338126,101,0
6032.84831228,6032.86706793,0.00000000,1037.00000000,0.00000000,670.06256845,101,4
6035.34632133,6035.34682031,0.00000000,1124.00000000,0.00000000,672.73623162,101,4
6001.22520623,6036.26023381,0.00000000,-1.00000000,0.00000000,627.32477984,101,4
6037.22518046,6037.22115069,0.00000000,1190.00000000,0.00000000,674.67053695,101,5
6037.98977458,6037.98184607,0.00000000,1217.00000000,0.00000000,675.43847721,101,4
6041.29143344,6041.29098476,1334.53284428,1334.54892550,0.01352607,678.62375604,101,0
6041.60877028,6041.60879812,1345.93113478,1345.93013566,0.05953883,678.91850947,101,0
6041.79887529,6041.79560506,1352.64514860,1352.76262120,0.04873563,679.09430157,101,0
6046.68597982,6046.69070265,0.00000000,1530.14489746,0.00000000,683.35433097,101,2
6048.13138469,6048.13369370,0.00000000,1583.32629395,0.00000000,684.51756516,101,1
6048.44497710,6048.44239880,1594.81115572,1594.90645368,0.13687144,684.76388832,101,0
6050.01692204,6050.01703285,1653.20725305,1653.20312829,0.04707069,685.96607462,101,0
6052.16126339,6052.16074336,1733.38641709,1733.40596443,0.01753749,687.51681038,101,0
6052.35223157,6052.35186766,1740.57378907,1740.58748033,0.02523298,687.64983694,101,0
6052.76117926,6052.77601647,0.00000000,1756.00000000,0.00000000,687.93209584,101,4
6053.02136751,6053.01942578,1765.72612694,1765.79939579,0.05028010,688.10926353,101,0
6053.41630499,6053.41640791,1780.71949423,1780.71560361,0.03979655,688.37551642,101,0
6054.37962739,6054.38316199,1817.36189292,1817.22766178,0.06761950,689.00981468,101,0
6001.22520623,6056.81170862,0.00000000,-1.00000000,0.00000000,627.32477984,101,4
6058.48733524,6058.48701137,1974.74285300,1974.75540000,0.03850365,691.46261441,101,0
6058.76053652,6058.75948587,1985.30566795,1985.34642413,0.04008877,691.61099285,101,0
6059.21069482,6059.21260626,0.00000000,2002.82873535,0.00000000,691.85136142,101,3
6061.85890906,6061.85939031,2106.45098468,2106.43202606,0.02975818,693.15939420,101,0
6062.16880207,6062.16843580,2118.63509201,2118.64954310,0.02939827,693.30051287,101,0
6067.50628850,6067.50114415,0.00000000,2332.19230130,0.07349602,695.31972940,101,0
6077.86417255,6077.86840355,0.00000000,2765.00000000,0.00000000,696.81754056,101,4
6078.97424146,6078.97404282,2812.96683378,2812.97544980,0.04796319,696.76968604,101,0
6083.29565605,6083.29907942,0.00000000,3003.00000000,0.00000000,696.16084603,101,4
6086.21983497,6086.22019386,3134.69346826,3134.67714588,0.03947285,695.34623681,101,0
6087.44266065,6087.44281781,3190.53339655,3190.52618920,0.06007709,694.90363956,101,0
6089.22905185,6089.22924933,3272.98890221,3272.97972935,0.05464078,694.14448669,101,0
6089.79424865,6089.79517544,3299.33314882,3299.28991768,0.04557850,693.87571863,101,0
6090.74924676,6090.75329865,0.00000000,3343.99365234,0.00000000,693.38962250,101,1
6090.87709704,6090.87613379,3349.95016179,3349.99544755,0.29782865,693.32153923,101,0
6092.97005038,6092.97074052,3449.20929777,3449.17633693,0.07137892,692.09973031,101,0
6100.48512017,6100.48304463,0.00000000,3819.00000000,0.00000000,685.93558033,101,4
6101.40974740,6101.40966414,3866.10825838,3866.11251719,0.07287378,684.96814727,101,0
6101.59004090,6101.59057945,3875.37068331,3875.34308765,0.05626487,684.77377773,101,0
6102.84304563,6102.84335179,3939.93459068,3939.91872708,0.05823363,683.36978627,101,0
6103.17099138,6103.17004864,3956.89041551,3956.93943038,0.06246401,682.98684131,101,0
6103.46853882,6103.46855382,3972.43485028,3972.43406753,0.05679692,682.63355687,101,0
6062.15139993,6062.16843580,0.00000000,28.00000000,0.00000000,674.64763567,100,5
6061.24446782,6063.98824658,0.00000000,-1.00000000,0.00000000,673.22970323,100,4
6067.47763521,6067.50114415,0.00000000,194.00000000,0.00000000,682.75478152,100,4
6077.83828516,6077.86840355,0.00000000,525.00000000,0.00000000,697.39281122,100,4
6078.97415328,6078.97404282,561.97916345,561.98276685,0.02574684,698.90203021,100,0
6061.24446782,6083.29907942,0.00000000,-1.00000000,0.00000000,673.22970323,100,4
6086.21617025,6086.22019386,0.00000000,801.17791748,0.00000000,708.05054126,100,3
6087.44279231,6087.44281781,842.28803951,842.28718274,0.01694132,709.51599516,100,0
6089.22536818,6089.22924933,0.00000000,902.39318848,0.00000000,711.60224067,100,2
6061.24446782,6089.79517544,0.00000000,-1.00000000,0.00000000,673.22970323,100,4
6090.74779642,6090.75329865,0.00000000,954.02734375,0.00000000,713.34095009,100,2
6061.24446782,6090.87613379,0.00000000,-1.00000000,0.00000000,673.22970323,100,4
6092.96986056,6092.97074052,1029.95364114,1029.92346292,0.03998195,715.80693646,100,0
6100.47194011,6100.48304463,0.00000000,1291.00000000,0.00000000,723.47451200,100,4
6061.24446782,6101.40966414,0.00000000,-1.00000000,0.00000000,673.22970323,100,4
6101.59097116,6101.59057945,1330.59564560,1330.60954308,0.02897115,724.52746748,100,0
6102.84356857,6102.84335179,1375.15797969,1375.16571201,0.03723074,725.67718449,100,0
6103.17484762,6103.17004864,0.00000000,1387.00000000,0.00000000,725.97637253,100,5
6061.24446782,6103.46855382,0.00000000,-1.00000000,0.00000000,673.22970323,100,4
6106.66455565,6106.66532280,1512.57039858,1512.54259235,0.02156506,728.99053969,100,0
6109.43393415,6109.43291095,1613.48537178,1613.52290623,0.01317365,731.20315475,100,0
6110.21408985,6110.21190313,1642.12265884,1642.20315544,0.08736576,731.79714322,100,0
6112.37053409,6112.37870823,0.00000000,1721.97241211,0.00000000,733.36912103,100,2
6113.66156217,6113.66775171,0.00000000,1770.10083008,0.00000000,734.26057451,100,2
6113.80279472,6113.79891570,0.00000000,1775.38313345,0.26797129,734.35580333,100,0
6115.31712890,6115.31953300,1832.32640010,1832.23581988,0.02539894,735.34803317,100,0
6115.96814802,6115.96668528,1856.73596252,1856.79123945,0.04784431,735.75808363,100,0
6122.34070080,6122.34075300,2101.34930296,2101.34726782,0.02655674,739.23267577,100,0
6123.13181143,6123.13233636,2132.27040846,2132.24986415,0.04110132,739.59293536,100,0
6126.72211089,6126.72303565,2274.11597378,2274.07910320,0.06504327,741.01960356,100,0
6128.91057533,6128.91768250,0.00000000,2361.85009766,0.00000000,741.71596562,100,3
6061.24446782,6129.46996047,0.00000000,-1.00000000,0.00000000,673.22970323,100,4
6131.41649795,6131.42022037,0.00000000,2463.63378906,0.00000000,742.34492028,100,2
6131.89941089,6131.89926324,2483.40145459,2483.40751083,0.03357184,742.44486028,100,0
6134.31671557,6134.31689672,2583.22320153,2583.21567080,0.05621937,742.83883405,100,0
6137.41707204,6137.41979618,0.00000000,2713.29980469,0.00000000,743.07550053,100,3
6061.24446782,6140.24548725,0.00000000,-1.00000000,0.00000000,673.22970323,100,4
6142.07788415,6142.07844192,2913.51160393,2913.48730485,0.03856280,742.82767056,100,0
6153.96600917,6153.96568661,3452.83272499,3452.84798857,0.04520568,738.46664880,100,0
6155.37540217,6155.37520280,3519.89250078,3519.90203631,0.05323724,737.54786952,100,0
6156.07348148,6156.07519134,3553.45700155,3553.37477275,0.05961271,737.05804908,100,0
6166.22146954,6166.22164539,4062.48174726,4062.47252630,0.06198692,727.04817919,100,0
6123.13042768,6123.13233636,0.00000000,20.00000000,0.00000000,720.94316971,99,4
6126.70719366,6126.72303565,0.00000000,130.00000000,0.00000000,726.39864723,99,5
6129.47681307,6129.46996047,0.00000000,216.00000000,0.00000000,730.50742203,99,4
6131.42052989,6131.42022037,276.77718593,276.78689605,0.02498834,733.32883449,99,0
6131.89886731,6131.89926324,291.81617680,291.80373820,0.03589251,734.01528123,99,0
6134.31650328,6134.31689672,368.07271434,368.06025515,0.02853170,737.43656570,99,0
6122.47598792,6137.41979618,0.00000000,-1.00000000,0.00000000,719.92713042,99,4
6140.24585006,6140.24548725,557.62510077,557.63681541,0.01434802,745.47488929,99,0
6142.07785541,6142.07844192,616.98205805,616.96300721,0.03526522,747.85359255,99,0
6153.96628541,6153.96568661,1011.31101068,1011.33130354,0.01775231,762.00943086,99,0
6122.47598792,6155.37520280,0.00000000,-1.00000000,0.00000000,719.92713042,99,4
6122.47598792,6156.07519134,0.00000000,-1.00000000,0.00000000,719.92713042,99,4
6166.20183857,6166.22164539,0.00000000,1436.00000000,0.00000000,774.03578970,99,4
6167.07181783,6167.06975352,0.00000000,1467.00000000,0.00000000,774.78314573,99,4
6167.52976403,6167.52912590,1483.32541038,1483.34823755,0.02098285,775.17012269,99,0
6169.31061336,6169.30857513,1547.21110280,1547.28455461,0.03363959,776.63613683,99,0
6170.67522288,6170.67432223,1596.57806048,1596.61070822,0.03873929,777.71555108,99,0
6171.20119254,6171.20033984,1615.66766334,1615.69864510,0.03933557,778.12119653,99,0
6171.70812663,6171.70650842,1634.08023566,1634.13916807,0.09671341,778.50669298,99,0
6171.89609707,6171.93617342,0.00000000,1641.00000000,0.00000000,778.64851476,99,4
6173.56861654,6173.56708266,1702.11160376,1702.16791699,0.05663295,779.87450866,99,0
6174.60815883,6174.60880759,1740.44915786,1740.42522464,0.03485412,780.60618466,99,0
6122.47598792,6176.09001702,0.00000000,-1.00000000,0.00000000,719.92713042,99,4
6177.10524726,6177.10397053,1833.01739311,1833.06502744,0.06677855,782.26599127,99,0
6178.18082959,6178.18034750,1873.27690074,1873.29497886,0.03167218,782.93744367,99,0
6183.41377365,6183.40420518,0.00000000,2072.00000000,0.00000000,785.81577159,99,4
6185.55358908,6185.55318957,0.00000000,2154.72167969,0.00000000,786.79924187,99,3
6185.99311331,6185.99814471,0.00000000,2171.82324219,0.00000000,786.98681301,99,4
6187.86276351,6187.85389279,0.00000000,2245.00000000,0.00000000,787.72848604,99,4
6194.04843650,6194.04521685,2492.17094371,2492.30183836,0.08586120,789.50407570,99,0
6196.33851622,6196.33930910,2586.03216765,2585.99951683,0.07229809,789.88221049,99,0
6198.24212437,6198.24151845,2664.79595381,2664.82118469,0.04935759,790.07495036,99,0
6199.69666947,6199.69514696,2725.58874571,2725.65269924,0.03911360,790.14538938,99,0
6200.11567790,6200.11567958,2743.27525988,2743.27518910,0.05079606,790.15305133,99,0
6122.47598792,6203.69089731,0.00000000,-1.00000000,0.00000000,719.92713042,99,4
6205.09149738,6205.08847044,0.00000000,2956.00000000,0.00000000,789.79391385,99,5
6210.15175462,6210.15752781,0.00000000,3179.38159180,0.00000000,788.51900464,99,2
6210.94666125,6210.94618474,3215.14382976,3215.16534494,0.06327373,788.22931729,99,0
6212.93605019,6212.93403758,3305.50605851,3305.59818935,0.06158875,787.39204306,99,0
6217.09300403,6217.09480666,0.00000000,3498.79907227,0.00000000,785.09836373,99,4
6221.40858246,6221.40588834,3705.80255506,3705.93409426,0.05986895,781.87518728,99,0
6222.01226727,6222.01196737,3735.47372439,3735.48844112,0.07315926,781.35084363,99,0
6223.29914828,6223.30013035,3799.01894836,3798.97025629,0.05460863,780.17014785,99,0
6223.87179168,6223.87216881,3827.44980776,3827.43101730,0.05996223,779.61669475,99,0
6225.02939310,6225.02716749,3885.29198366,3885.40399892,0.13794961,778.44316767,99,0
6225.71254199,6225.70990563,3919.75598648,3919.88946567,0.08875146,777.71570837,99,0
6228.85016936,6228.86215481,0.00000000,4081.00000000,0.00000000,774.02673265,99,4
6185.98081259,6185.99814471,0.00000000,31.00000000,0.00000000,769.04645331,98,5
6187.85550667,6187.85389279,0.00000000,88.00000000,0.00000000,771.89275915,98,4
6194.02924436,6194.04521685,0.00000000,278.00000000,0.00000000,780.94846018,98,4
6196.33860262,6196.33930910,350.01642621,349.99431519,0.03492735,784.20613051,98,0
6184.95688095,6198.24151845,0.00000000,-1.00000000,0.00000000,767.47336090,98,4
6199.69863242,6199.69514696,455.60598371,455.71623343,0.03680564,788.81685358,98,0
6200.11494826,6200.11567958,468.92025667,468.89708881,0.02570186,789.37725349,98,0
6203.68701607,6203.69089731,0.00000000,582.70251465,0.00000000,794.08263701,98,3
6205.08937216,6205.08847044,627.72527747,627.75431410,0.05159572,795.87937358,98,0
6210.15052444,6210.15752781,0.00000000,792.14184570,0.00000000,802.11796967,98,2
6210.94356503,6210.94618474,818.24755526,818.16147713,0.07242858,803.05974257,98,0
6212.93367926,6212.93403758,883.78216594,883.77030725,0.11459534,805.37899000,98,0
6184.95688095,6217.09480666,0.00000000,-1.00000000,0.00000000,767.47336090,98,4
6221.40502606,6221.40588834,1168.54137517,1168.51192966,0.12593298,814.52426621,98,0
6222.01419301,6222.01196737,1189.26050907,1189.33668110,0.05837581,815.13440498,98,0
6223.29863492,6223.30013035,1233.46428733,1233.41283946,0.00893261,816.39938721,98,0
6223.87248220,6223.87216881,1253.16518378,1253.17598852,0.03528255,816.95494708,98,0
6225.02809562,6225.02716749,1293.08555164,1293.11770987,0.11051694,818.05574162,98,0
6225.71397343,6225.70990563,0.00000000,1316.91724978,0.08547071,818.69766018,98,0
6228.83488322,6228.86215481,0.00000000,1426.00000000,0.00000000,821.50608368,98,4
6229.06221174,6229.08049581,0.00000000,1434.00000000,0.00000000,821.70340775,98,4
6229.69957610,6229.69921922,1456.44083592,1456.45343310,0.00957077,822.25092404,98,0
6232.94383218,6232.94340125,1571.74681053,1571.76223351,0.04172791,824.91610925,98,0
6233.37027496,6233.37026148,1587.03736607,1587.03784935,0.06134805,825.25077742,98,0
6236.02992998,6236.02963005,1682.93000736,1682.94088415,0.05453850,827.25351560,98,0
6239.91695538,6239.92224464,0.00000000,1825.15319824,0.00000000,829.91094540,98,2
6184.95688095,6242.04359331,0.00000000,-1.00000000,0.00000000,767.47336090,98,4
6248.26161595,6248.26225771,2139.24169915,2139.21705476,0.05821490,834.45809278,98,0
6253.53151506,6253.53101849,2344.31747098,2344.33705773,0.03564355,836.44623175,98,0
6253.53118088,6253.53101849,144.82630882,144.83123786,0.03324562,823.09139155,97,0
6293.76350077,6293.75398550,0.00000000,1451.01090322,0.02610356,870.69597797,97,0
6295.06992549,6295.06959547,1496.73615210,1496.74774212,0.03779565,871.79386046,97,0
6300.27620301,6300.27577285,1681.56396960,1681.57941058,0.01415569,875.83916060,97,0
6361.04799946,6361.04795183,1510.95310583,1510.95476444,0.04832182,921.63047921,96,0
6371.61481413,6371.61452404,1887.24124100,1887.25181498,0.03656544,929.16544441,96,0
6374.21324489,6374.21265177,1982.50587678,1982.52775829,0.01888153,930.66170367,96,0
6391.55745182,6391.55717110,2650.61381928,2650.62513623,0.03386503,936.48626074,96,0
6313.82297732,6394.53009504,0.00000000,-1.00000000,0.00000000,865.20197799,96,4
6313.82297732,6397.19412114,0.00000000,-1.00000000,0.00000000,865.20197799,96,4
6313.82297732,6398.92603283,0.00000000,-1.00000000,0.00000000,865.20197799,96,4
6413.36683294,6413.36675123,3592.23334067,3592.23713921,0.06462529,930.83595375,96,0
6391.55688807,6391.55717110,335.85792080,335.84934078,0.02816657,931.66445078,95,0
6394.53053689,6394.53009504,426.39734472,426.41086362,0.01789624,935.67566171,95,0
6397.19440906,6397.19412114,508.24662652,508.25550828,0.02146618,939.17191252,95,0
6380.29038758,6413.36675123,0.00000000,-1.00000000,0.00000000,915.48060318,95,4
6429.28440010,6429.28454623,1555.25698299,1555.25192045,0.03686398,973.10716143,95,0
6430.47085861,6430.46990039,1596.42348635,1596.45684270,0.02312180,974.03336250,95,0
6432.71689886,6432.71643157,1675.00235203,1675.01877348,0.06013463,975.71336925,95,0
6436.40558329,6436.41383996,0.00000000,1805.69641113,0.00000000,978.25819612,95,2
6443.73481836,6443.73941167,0.00000000,2071.79125977,0.00000000,982.47604351,95,2
6444.33778371,6444.33768064,2094.06566139,2094.06947848,0.06813449,982.77049916,95,0
6447.59352726,6447.59286139,2215.56818761,2215.59324488,0.02006307,984.21707096,95,0
6380.29038758,6450.94353329,0.00000000,-1.00000000,0.00000000,915.48060318,95,4
6380.29038758,6463.28529149,0.00000000,-1.00000000,0.00000000,915.48060318,95,4
6380.29038758,6463.44240202,0.00000000,-1.00000000,0.00000000,915.48060318,95,4
6380.29038758,6463.71655935,0.00000000,-1.00000000,0.00000000,915.48060318,95,4
6466.77131878,6466.77123651,2974.97978441,2974.98322316,0.05702505,987.14254447,95,0
6468.82215173,6468.82535810,0.00000000,3061.27490234,0.00000000,986.80754057,95,3
6380.29038758,6479.61468832,0.00000000,-1.00000000,0.00000000,915.48060318,95,4
6479.76331967,6479.76723864,0.00000000,3541.84570312,0.00000000,982.44730180,95,2
6380.29038758,6481.74700293,0.00000000,-1.00000000,0.00000000,915.48060318,95,4
6483.03593506,6483.03580796,3693.00551194,3693.01145841,0.06434089,980.20060138,95,0
6483.52062987,6483.52091099,3715.74231375,3715.72911347,0.05404397,979.82673071,95,0
6484.30006439,6484.30172503,3752.51816301,3752.43970646,0.07437231,979.20255996,95,0
6488.43917757,6488.43826516,3951.22141869,3951.26601058,0.05756227,975.39224517,95,0
6488.82986635,6488.82985400,3970.39772310,3970.39832888,0.06008218,974.98730991,95,0
6490.02870683,6490.03355252,0.00000000,4029.48974609,0.00000000,973.69418914,95,2
6490.14081112,6490.13483604,0.00000000,4035.04635481,0.16878902,973.56929217,95,0
6448.17175962,6450.94353329,0.00000000,-1.00000000,0.00000000,966.69257429,94,4
6463.27222016,6463.28529149,0.00000000,448.00000000,0.00000000,987.87704665,94,4
6463.44440630,6463.44240202,453.16596907,453.22683064,0.17268241,988.10253810,94,0
6448.17175962,6463.71655935,0.00000000,-1.00000000,0.00000000,966.69257429,94,4
6448.17175962,6466.77123651,0.00000000,-1.00000000,0.00000000,966.69257429,94,4
6468.82470271,6468.82535810,617.98524008,617.96500231,0.04486166,994.95370249,94,0
6479.61120541,6479.61468832,0.00000000,957.09722900,0.00000000,1007.49755603,94,3
6479.76928676,6479.76723864,962.09705858,962.16268233,0.13513566,1007.66901167,94,0
6481.74249613,6481.74700293,0.00000000,1025.60278320,0.00000000,1009.77670776,94,2
6448.17175962,6483.03580796,0.00000000,-1.00000000,0.00000000,966.69257429,94,4
6483.52095820,6483.52091099,1083.16616542,1083.16769783,0.03625200,1011.62570754,94,0
6484.29738062,6484.30172503,0.00000000,1108.41333008,0.00000000,1012.41754787,94,2
6448.17175962,6488.43826516,0.00000000,-1.00000000,0.00000000,966.69257429,94,4
6448.17175962,6488.82985400,0.00000000,-1.00000000,0.00000000,966.69257429,94,4
6490.02787627,6490.03355252,0.00000000,1297.00244141,0.00000000,1017.96525830,94,1
6490.13786837,6490.13483604,1300.55829535,1300.65920745,0.24329696,1018.06642461,94,0
6498.60211235,6498.60222735,1587.05435650,1587.05039885,0.06104902,1025.23315542,94,0
6505.41989642,6505.41991143,1825.06984920,1825.06931754,0.06000080,1030.05322060,94,0
6519.46581937,6519.46665894,2339.06360651,2339.03184185,0.06522371,1036.94514172,94,0
6520.74444293,6520.74819665,0.00000000,2387.57739258,0.00000000,1037.34772275,94,4
6521.30162869,6521.31007057,0.00000000,2408.83018375,0.13572714,1037.51047653,94,0
6522.78580405,6522.78516771,2465.70993033,2465.73442966,0.04003854,1037.90579629,94,0
6523.79494433,6523.79328759,2504.62512958,2504.68924860,0.03325043,1038.14245424,94,0
6526.25393366,6526.25208600,2600.39481525,2600.46726215,0.02983862,1038.60694394,94,0
6527.87995286,6527.88147869,2664.56753489,2664.50716305,0.03040871,1038.82441475,94,0
6528.84447946,6528.84305988,2702.71741281,2702.77388615,0.04914793,1038.91874909,94,0
6537.06461551,6537.07117725,0.00000000,3037.69726562,0.00000000,1038.60715603,94,2
6544.78949137,6544.79413361,0.00000000,3368.40820312,0.00000000,1036.29575082,94,2
6545.93596543,6545.93646849,3418.98156399,3418.95928833,0.05331264,1035.76691146,94,0
6546.29560055,6546.29547514,3434.89815475,3434.90372155,0.06021207,1035.59044957,94,0
6547.53816735,6547.54269439,0.00000000,3490.30249023,0.00000000,1034.94132152,94,2
6547.66698850,6547.67797260,0.00000000,3496.07373047,0.00000000,1034.87048076,94,2
6547.90171132,6547.90214350,3506.62460265,3506.60519810,0.06914349,1034.73964452,94,0
6551.68830839,6551.69262571,0.00000000,3679.00000000,0.00000000,1032.31046667,94,5
6553.62751485,6553.62773132,3769.23580743,3769.22565895,0.05260165,1030.82305823,94,0
6553.88667560,6553.88464060,3781.28148432,3781.37707491,0.06799484,1030.61138965,94,0
6554.56887186,6554.56893732,3813.51558316,3813.51249267,0.06315712,1030.03863091,94,0
6555.06047435,6555.05929940,3836.71572748,3836.77142964,0.07896448,1029.61232483,94,0
6556.82202666,6556.82188887,3920.89124644,3920.89787502,0.06106330,1027.98795499,94,0
6557.70598007,6557.70696963,3963.62714825,3963.57916572,0.06818414,1027.11443384,94,0
6558.67625491,6558.67643406,4010.81529924,4010.80654795,0.06537799,1026.10910396,94,0
6559.27319798,6559.27631010,0.00000000,4040.04956055,0.00000000,1025.46618685,94,2
6519.46147586,6519.46665894,0.00000000,56.12508392,0.00000000,1021.76240118,93,3
6520.74871251,6520.74819665,93.35109002,93.36603931,0.02742722,1023.62994969,93,0
6522.78581957,6522.78516771,152.55923351,152.57823515,0.02270759,1026.54702512,93,0
6523.79579560,6523.79328759,181.98855866,182.06188294,0.03344618,1027.97559825,93,0
6526.25539277,6526.25208600,254.13393091,254.23130374,0.03543981,1031.40531210,93,0
6527.87876892,6527.88147869,302.22882985,302.14865320,0.01469450,1033.62986585,93,0
6528.84560174,6528.84305988,330.71124005,330.78666683,0.04721995,1034.93933511,93,0
6537.06879469,6537.07117725,577.96360082,577.89109003,0.03872487,1045.61557098,93,0
6544.79381952,6544.79413361,815.92364396,815.91384347,0.03633414,1054.84537600,93,0
6517.51271171,6545.93646849,0.00000000,-1.00000000,0.00000000,1018.89987275,93,4
6546.28854393,6546.29547514,0.00000000,862.68853760,0.00000000,1056.53767452,93,2
6547.54150866,6547.54269439,902.09901258,902.06164844,0.04641644,1057.93127042,93,0
6547.88827341,6547.90214350,0.00000000,913.00000000,0.00000000,1058.31341410,93,4
6551.69989275,6551.69262571,0.00000000,1034.00000000,0.00000000,1062.39524548,93,5
6553.62800799,6553.62773132,1095.81698701,1095.82588654,0.03976009,1064.37794520,93,0
6553.88472135,6553.88464060,1104.08505295,1104.08765303,0.04191682,1064.63762054,93,0
6554.56948899,6554.56893732,1126.14704436,1126.16485411,0.03670215,1065.32543106,93,0
6555.05396767,6555.05929940,0.00000000,1141.82995605,0.00000000,1065.80809223,93,2
6556.82230460,6556.82188887,1199.18116964,1199.19470119,0.03373496,1067.53744283,93,0
6557.70581948,6557.70696963,1228.04056131,1228.00299562,0.04475097,1068.38332398,93,0
6517.51271171,6558.67643406,0.00000000,-1.00000000,0.00000000,1018.89987275,93,4
6559.27041732,6559.27631010,0.00000000,1279.26464844,0.00000000,1069.85114741,93,2
6562.13043946,6562.13490456,0.00000000,1373.72930397,0.04228752,1072.43083375,93,0
6565.97964354,6565.97827774,1502.46707315,1502.51312513,0.02656021,1075.68632243,93,0
6568.02838304,6568.02848040,1571.87088978,1571.86757981,0.05579645,1077.31462416,93,0
6571.17121107,6571.18171900,0.00000000,1679.40148926,0.00000000,1079.66649938,93,2
6572.45658803,6572.46106229,0.00000000,1723.78198242,0.00000000,1080.57591437,93,2
6572.59573413,6572.60289022,0.00000000,1728.60070801,0.00000000,1080.67250372,93,2
6574.83828591,6574.83772383,1806.62578076,1806.64544040,0.04546141,1082.17816461,93,0
6576.55782170,6576.56083693,1867.12361486,1867.01736821,0.06168676,1083.26702291,93,0
6576.77612869,6576.78885779,0.00000000,1874.71594238,0.00000000,1083.40111706,93,1
6577.09583630,6577.08857346,0.00000000,1886.00000000,0.00000000,1083.59571950,93,4
6517.51271171,6580.61356317,0.00000000,-1.00000000,0.00000000,1018.89987275,93,4
6581.33171820,6581.33476309,0.00000000,2037.03442383,0.00000000,1085.97799285,93,2
6584.05244019,6584.05411322,2135.64510778,2135.58411438,0.03264382,1087.30931840,93,0
6584.59764051,6584.59711134,2155.46615876,2155.48550020,0.02392234,1087.55679344,93,0
6587.03119080,6587.03134223,2244.97562620,2244.97002644,0.06324672,1088.58079700,93,0
6517.51271171,6588.72091113,0.00000000,-1.00000000,0.00000000,1018.89987275,93,4
6517.51271171,6590.73205279,0.00000000,-1.00000000,0.00000000,1018.89987275,93,4
6593.90862365,6593.90395192,0.00000000,2503.71824852,0.04766917,1090.72512652,93,0
6603.21421001,6603.21435565,2869.16941966,2869.16354754,0.06641405,1091.68756311,93,0
6605.81725700,6605.81734447,2974.88853268,2974.88495243,0.05481338,1091.51504421,93,0
6609.13275905,6609.15161512,0.00000000,3112.00000000,0.00000000,1090.98997559,93,4
6609.79331863,6609.79352245,3139.65989450,3139.65134267,0.03326129,1090.84286301,93,0
6611.06627958,6611.06678818,3193.29509596,3193.27358610,0.06189152,1090.51814880,93,0
6618.30548223,6618.30557090,3507.00196904,3506.99802946,0.05521633,1087.57584369,93,0
6618.57954181,6618.57976587,3519.19552416,3519.18555101,0.07347565,1087.42561449,93,0
6620.87821153,6620.87822161,3622.35009326,3622.34963711,0.07922538,1086.04634126,93,0
6621.09395102,6621.09451753,3632.14499550,3632.11932063,0.05411892,1085.90574537,93,0
6622.36027434,6622.36004141,3689.80815197,3689.81881739,0.05563599,1085.04018442,93,0
6622.91247809,6622.91228585,3715.14465242,3715.15349007,0.07474632,1084.64111046,93,0
6623.60036243,6623.60731295,0.00000000,3746.85937500,0.00000000,1084.12532196,93,2
6627.12567404,6627.12569293,3912.03846065,3912.03756300,0.06298039,1081.14413346,93,0
6627.85561478,6627.85426547,3946.76634985,3946.83086037,0.06438013,1080.45325618,93,0
6630.87284729,6630.87708727,0.00000000,4092.95703125,0.00000000,1077.31261981,93,2
6588.71253848,6588.72091113,0.00000000,10.00000000,0.00000000,1072.68678688,92,4
6590.73176160,6590.73205279,67.61319221,67.60486162,0.03865660,1075.61196258,92,0
6593.90660527,6593.90395192,158.74993973,158.82652265,0.06222067,1080.12143986,92,0
6603.20547506,6603.21435565,0.00000000,430.86859131,0.00000000,1092.67625605,92,4
6609.15240535,6609.15161512,0.00000000,608.86828613,0.00000000,1100.16696628,92,2
6609.79406993,6609.79352245,628.25787883,628.27445171,0.03013542,1100.94901155,92,0
6611.06251787,6611.06678818,0.00000000,666.74530029,0.00000000,1102.47922091,92,2
6618.30023854,6618.30557090,0.00000000,889.32751465,0.00000000,1110.80757918,92,3
6618.57966581,6618.57976587,898.02072311,898.01760496,0.04687532,1111.11457700,92,0
6620.88030187,6620.87822161,969.91762994,969.98295439,0.12064879,1113.60447749,92,0
6621.09511689,6621.09451753,976.71243495,976.73127111,0.06596858,1113.83316043,92,0
6588.36084600,6622.36004141,0.00000000,-1.00000000,0.00000000,1072.17287313,92,4
6622.90724307,6622.91228585,0.00000000,1033.84509277,0.00000000,1115.73564431,92,4
6623.60471718,6623.60731295,1056.01374449,1055.93146823,0.04350935,1116.45554526,92,0
6627.12054768,6627.12569293,0.00000000,1168.06347656,0.00000000,1119.97448124,92,2
6627.85638127,6627.85426547,1191.63192773,1191.70000721,0.06706289,1120.68724893,92,0
6630.87721821,6630.87708727,1289.45564822,1289.45991055,0.00510813,1123.52799786,92,0
6588.36084600,6632.01425031,0.00000000,-1.00000000,0.00000000,1072.17287313,92,4
6633.70224617,6633.70694898,0.00000000,1381.89001465,0.00000000,1126.05502135,92,2
6635.24721037,6635.24711423,1432.84260939,1432.84578913,0.04398503,1127.38211833,92,0
6638.89958254,6638.90715765,0.00000000,1554.56359863,0.00000000,1130.36220466,92,1
6639.09127424,6639.07278607,0.00000000,1561.00000000,0.00000000,1130.51233574,92,4
6642.90453159,6642.90905636,0.00000000,1690.07836914,0.00000000,1133.36502032,92,2
6588.36084600,6649.62929221,0.00000000,-1.00000000,0.00000000,1072.17287313,92,4
6651.37913901,6651.37639360,1984.34827129,1984.44540548,0.06384895,1138.74373232,92,0
6658.48053919,6658.48167716,2239.87583690,2239.83422658,0.10106351,1142.14037336,92,0
6658.65771281,6658.65748042,2246.30656522,2246.31506899,0.04403579,1142.21121204,92,0
6658.86760567,6658.85263567,0.00000000,2254.00000000,0.00000000,1142.29422676,92,4
6659.53560930,6659.53545562,2278.50229670,2278.50794499,0.02096526,1142.55182776,92,0
6662.92175712,6662.91996067,0.00000000,2404.00000000,0.00000000,1143.70047964,92,4
6663.04166015,6663.04102106,2408.45132913,2408.47522952,0.04915539,1143.73617681,92,0
6588.36084600,6664.38326081,0.00000000,-1.00000000,0.00000000,1072.17287313,92,4
6669.00648325,6669.01788984,0.00000000,2635.00000000,0.00000000,1145.06920409,92,4
6670.22088973,6670.22581599,0.00000000,2682.00000000,0.00000000,1145.22933049,92,4
6674.51043876,6674.51025643,2850.55493893,2850.56219221,0.03810350,1145.47430242,92,0
6685.23058850,6685.23028201,3290.94069650,3290.95371769,0.05493888,1143.68182484,92,0
6689.39415733,6689.39341750,3470.29776565,3470.33009536,0.08673874,1141.94224353,92,0
6693.04781051,6693.04741632,3632.03810609,3632.05578094,0.06668052,1139.87231159,92,0
6693.87026568,6693.87037989,3669.06822031,3669.06306343,0.06761135,1139.33174861,92,0
6699.56303568,6699.56483540,3931.77298187,3931.68807423,0.05834475,1134.77914929,92,0
6702.16948320,6702.17946206,0.00000000,4056.00000000,0.00000000,1132.18591461,92,4
6663.03497600,6663.04102106,0.00000000,64.00000000,0.00000000,1129.73657130,91,4
6664.38529306,6664.38326081,102.21658402,102.27429028,0.03135700,1131.65458931,91,0
6668.99400388,6669.01788984,0.00000000,234.00000000,0.00000000,1138.05312910,91,4
6670.20850451,6670.22581599,0.00000000,269.00000000,0.00000000,1139.70048129,91,4
6674.51050204,6674.51025643,393.96059022,393.96777056,0.03319336,1145.40170339,91,0
6685.23075787,6685.23028201,712.50609253,712.52047309,0.01670841,1158.65869831,91,0
6689.39455482,6689.39341750,839.12936088,839.16418845,0.04840427,1163.42038616,91,0
6693.04850750,6693.04741632,951.73096708,951.76479359,0.04555009,1167.41113161,91,0
6693.87178470,6693.87037989,977.28098536,977.32466554,0.02823550,1168.28517647,91,0
6660.76585755,6699.56483540,0.00000000,-1.00000000,0.00000000,1126.47014082,91,4
6702.17001328,6702.17946206,0.00000000,1239.05822754,0.00000000,1176.55767805,91,2
6703.36999726,6703.37026565,1277.54988014,1277.54124952,0.01398174,1177.66988376,91,0
6726.96926273,6726.96966075,2072.63097134,2072.61688234,0.04751611,1194.67755438,91,0
6727.79227571,6727.79141335,2101.77715161,2101.80779582,0.06836220,1195.08516959,91,0
6728.64847235,6728.64566037,2132.20108610,2132.30138966,0.05862815,1195.49456800,91,0
6729.82517681,6729.82976783,0.00000000,2174.39086914,0.00000000,1196.03210673,91,2
6730.02667664,6730.02532998,2181.56064781,2181.60899857,0.08790601,1196.12108288,91,0
6734.01437363,6734.01423485,2326.13274021,2326.13781764,0.05782176,1197.70487554,91,0
6736.88728665,6736.89441869,0.00000000,2432.00000000,0.00000000,1198.62584547,91,4
6738.66493921,6738.66492536,2498.26947068,2498.26998958,0.05033957,1199.09944080,91,0
6740.02541752,6740.03488011,0.00000000,2549.39501953,0.00000000,1199.41062984,91,2
6741.46794461,6741.46958204,0.00000000,2604.00000000,0.00000000,1199.69087683,91,4
6742.53627690,6742.53658998,2644.70716884,2644.69520652,0.04233909,1199.86471369,91,0
6743.22563785,6743.22535667,2671.07555574,2671.08634076,0.07785783,1199.96145736,91,0
6744.97704330,6744.97701359,2738.58662215,2738.58777275,0.03257279,1200.15164668,91,0
6660.76585755,6753.49589307,0.00000000,-1.00000000,0.00000000,1126.47014082,91,4
6756.79272140,6756.79297032,3212.04609967,3212.03576289,0.08394724,1199.16962773,91,0
6763.23894850,6763.23861470,3485.37472618,3485.38919205,0.05711501,1196.75351387,91,0
6767.07833027,6767.07819153,3654.00223381,3654.00841403,0.08718056,1194.58658354,91,0
6767.24623330,6767.24425751,3661.41939177,3661.50748891,0.08095248,1194.47820853,91,0
6769.13090719,6769.13140455,3746.16276884,3746.14027555,0.07187178,1193.18418923,91,0
6770.51035842,6770.51078012,3808.86454141,3808.84527547,0.05457148,1192.14136674,91,0
6770.93402552,6770.93485478,3828.27159724,3828.23358342,0.07553584,1191.80443562,91,0
6771.27728548,6771.28037543,0.00000000,3844.00000000,0.00000000,1191.52539791,91,4
6773.94613931,6773.95107851,0.00000000,3968.00390625,0.00000000,1189.17281395,91,2
6774.59559219,6774.58584863,0.00000000,3998.58643343,0.03354142,1188.54950335,91,0
6775.10726614,6775.10807124,4022.83287064,4022.79470259,0.06126415,1188.04400790,91,0
6775.79680845,6775.79590345,4055.54764752,4055.59081931,0.08304233,1187.34212847,91,0
6736.89476388,6736.89441869,0.00000000,59.00000000,0.00000000,1184.89708931,90,4
6738.66524029,6738.66492536,108.63787742,108.64672974,0.01796529,1187.38999823,90,0
6741.47874480,6741.46958204,0.00000000,188.04183355,0.04907302,1191.28428032,90,0
6742.53594071,6742.53658998,218.04953837,218.03109266,0.04347764,1192.72565999,90,0
6743.22590313,6743.22535667,237.63679188,237.65234811,0.02382730,1193.65994471,90,0
6744.97729367,6744.97701359,287.62849890,287.63651118,0.02436579,1196.00862491,90,0
6750.15285440,6750.15275987,436.83030493,436.83305098,0.03051686,1202.75129559,90,0
6753.49653399,6753.49589307,0.00000000,534.43750000,0.00000000,1206.94527451,90,3
6756.79313708,6756.79297032,631.63638971,631.64133171,0.02038236,1210.95143087,90,0
6763.23928245,6763.23861470,824.58821347,824.60840865,0.02355524,1218.40000602,90,0
6767.07453046,6767.07819153,0.00000000,941.35803223,0.00000000,1222.58093915,90,2
6767.23968756,6767.24425751,0.00000000,946.41845703,0.00000000,1222.75660852,90,2
6734.77965066,6769.13140455,0.00000000,-1.00000000,0.00000000,1181.87671816,90,4
6770.51171126,6770.51078012,1047.23390902,1047.26276548,0.03750333,1226.16120556,90,0
6770.93229883,6770.93485478,0.00000000,1060.30004883,0.00000000,1226.58799082,90,2
6771.27686607,6771.28037543,0.00000000,1071.00000000,0.00000000,1226.93597549,90,4
6734.77965066,6773.95107851,0.00000000,-1.00000000,0.00000000,1181.87671816,90,4
6774.59513109,6774.58584863,0.00000000,1174.70185622,0.01068338,1230.20179216,90,0
6775.10782348,6775.10807124,1190.82865475,1190.82085358,0.04138222,1230.69203450,90,0
6775.79093689,6775.79590345,0.00000000,1212.37097168,0.00000000,1231.34015306,90,2
6778.75220829,6778.76146686,0.00000000,1306.35339355,0.00000000,1234.06895809,90,2
6782.50466691,6782.50454339,1426.91149391,1426.91548956,0.05072578,1237.33677299,90,0
6784.46512929,6784.47180168,0.00000000,1490.59216309,0.00000000,1238.95717271,90,2
6784.57217754,6784.57700911,0.00000000,1494.08251953,0.00000000,1239.04388393,90,1
6784.73187987,6784.72940504,1499.20956910,1499.29032766,0.11056318,1239.17285447,90,0
6790.63894024,6790.63718396,1694.22980168,1694.28845861,0.04723922,1243.65080582,90,0
6792.17763537,6792.17729952,1745.83319732,1745.84448661,0.05152871,1244.72042244,90,0
6734.77965066,6799.74347712,0.00000000,-1.00000000,0.00000000,1181.87671816,90,4
6801.29693322,6801.29643814,2058.31454513,2058.33184440,0.03301281,1250.18066325,90,0
6803.21858676,6803.22306803,0.00000000,2125.80126953,0.00000000,1251.12913644,90,2
6806.82386739,6806.82364333,2253.95726863,2253.96529962,0.06417767,1252.70549314,90,0
6807.09019287,6807.08864220,2263.46162002,2263.51727137,0.04705863,1252.81115584,90,0
6810.50663847,6810.50540428,0.00000000,2387.15454102,0.00000000,1254.03084029,90,2
6811.91377594,6811.91241482,2438.62050543,2438.67051626,0.03390948,1254.45796891,90,0
6813.73499826,6813.73581375,2505.93297851,2505.90273726,0.06569581,1254.94367283,90,0
6814.15391081,6814.15648469,2521.54552855,2521.44988344,0.04673555,1255.04442707,90,0
6814.87228212,6814.87169548,2548.17185778,2548.19373353,0.05682347,1255.20758124,90,0
6816.94560692,6816.94815225,0.00000000,2625.93798828,0.00000000,1255.60889323,90,2
6818.01536465,6818.01471345,2666.34366163,2666.36835196,0.03989473,1255.77467291,90,0
6820.18277259,6820.18311075,2749.04333692,2749.03036446,0.07959724,1256.02222067,90,0
6821.18237811,6821.18271601,2787.49099077,2787.47795839,0.03591924,1256.09553587,90,0
6822.01014429,6822.00930244,2819.44664438,2819.47926675,0.04371779,1256.13631010,90,0
6822.65199221,6822.65223232,2844.40584179,2844.39650345,0.04442408,1256.15532040,90,0
6825.82369968,6825.82341582,2968.82710516,2968.83834374,0.05334023,1256.08333906,90,0
6826.34747166,6826.34751365,2989.60863350,2989.60696618,0.04350493,1256.04424252,90,0
6826.88532306,6826.88620505,3011.03606676,3011.00092754,0.07318002,1255.99586864,90,0
6827.64749142,6827.64274849,0.00000000,3041.44741748,0.07175959,1255.91285276,90,0
6734.77965066,6828.79767700,0.00000000,-1.00000000,0.00000000,1181.87671816,90,4
6831.21563515,6831.21578076,3185.80831725,3185.80236295,0.05368761,1255.29267366,90,0
6734.77965066,6832.73567716,0.00000000,-1.00000000,0.00000000,1181.87671816,90,4
6834.60656301,6834.60569206,3325.95380132,3325.99019879,0.05298458,1254.33224798,90,0
6835.27684202,6835.27755152,3354.09393886,3354.06415505,0.06202690,1254.09750423,90,0
6839.75625823,6839.75562909,3544.93688791,3544.96410228,0.09850973,1252.12601038,90,0
6842.36828539,6842.37253034,0.00000000,3659.04833984,0.00000000,1250.63549565,90,2
6843.72264737,6843.72284698,3719.05966577,3719.05077682,0.05628974,1249.75780424,90,0
6843.94581426,6843.94524596,3728.97151426,3728.99686290,0.06245036,1249.60607258,90,0
6844.34455739,6844.35014951,0.00000000,3746.80784980,0.07466944,1249.32992138,90,0
6734.77965066,6844.63436934,0.00000000,-1.00000000,0.00000000,1181.87671816,90,4
6844.91581631,6844.91206567,0.00000000,3772.41653902,0.07596842,1248.92289066,90,0
6845.24692208,6845.25620771,0.00000000,3787.31008766,0.04065898,1248.68075500,90,0
6848.12025019,6848.12059739,3918.16581020,3918.14981844,0.07866762,1246.38246520,90,0
6850.09866793,6850.12861432,0.00000000,4010.00000000,0.00000000,1244.58548848,90,4
6851.39760308,6851.40022198,0.00000000,4071.10961914,0.00000000,1243.30604308,90,2
6811.90755049,6811.91241482,0.00000000,40.00000000,0.00000000,1240.47958587,89,4
6813.73518598,6813.73581375,90.62004015,90.60261946,0.02349330,1243.04241345,89,0
6814.87295684,6814.87169548,122.19294358,122.22806167,0.02485565,1244.62071406,89,0
6816.94631873,6816.94815225,180.16430638,180.11297103,0.04112519,1247.46290328,89,0
6818.01208836,6818.01471345,0.00000000,210.00000000,0.00000000,1248.90678250,89,4
6820.18254633,6820.18311075,271.14517600,271.12922941,0.02570700,1251.80998674,89,0
6821.18301757,6821.18271601,299.42374669,299.43228924,0.01275765,1253.13142935,89,0
6822.01071094,6822.00930244,322.86833003,322.90832959,0.05438031,1254.21657987,89,0
6822.64589126,6822.65223232,0.00000000,340.97436523,0.00000000,1255.04491674,89,4
6825.82343932,6825.82341582,431.79053485,431.79120978,0.03073938,1259.12009757,89,0
6826.34543718,6826.34751365,446.85314901,446.79342422,0.04938040,1259.77902951,89,0
6826.87380794,6826.88620505,0.00000000,462.00000000,0.00000000,1260.44281355,89,4
6827.64707490,6827.64274849,484.17030027,484.29519441,0.02789825,1261.40851851,89,0
6810.45646302,6828.79767700,0.00000000,-1.00000000,0.00000000,1238.42110988,89,4
6831.21541624,6831.21578076,587.87635596,587.86572080,0.03321856,1265.77763998,89,0
6832.73609386,6832.73567716,632.32264990,632.33486545,0.01691372,1267.59451248,89,0
6834.60701089,6834.60569206,687.28781099,687.32669126,0.01263228,1269.79225974,89,0
6835.27770876,6835.27755152,707.11988544,707.12453217,0.02241506,1270.57020435,89,0
6839.75481777,6839.75562909,840.35549678,840.33118474,0.06305076,1275.62180272,89,0
6810.45646302,6842.37253034,0.00000000,-1.00000000,0.00000000,1238.42110988,89,4
6843.72178160,6843.72284698,960.03122448,959.99888006,0.04652918,1279.88883383,89,0
6843.94532641,6843.94524596,966.78593352,966.78837805,0.04133820,1280.12323911,89,0
6844.34536688,6844.35014951,0.00000000,978.94717267,0.04193448,1280.54095445,89,0
6844.63451811,6844.63436934,987.75015041,987.75468152,0.03781269,1280.84188272,89,0
6844.91392759,6844.91206567,996.21149718,996.26825342,0.09005065,1281.13144746,89,0
6810.45646302,6845.25620771,0.00000000,-1.00000000,0.00000000,1238.42110988,89,4
6848.12071914,6848.12059739,1094.52908334,1094.53283358,0.00817538,1284.37968738,89,0
6810.45646302,6850.12861432,0.00000000,-1.00000000,0.00000000,1238.42110988,89,4
6851.39494892,6851.40022198,0.00000000,1195.99670410,0.00000000,1287.55226564,89,2
6852.26007176,6852.27876318,0.00000000,1223.00000000,0.00000000,1288.36555635,89,4
6853.82316391,6853.84291120,0.00000000,1272.00000000,0.00000000,1289.80801861,89,4
6857.59561350,6857.59899485,0.00000000,1391.40429688,0.00000000,1293.14310113,89,3
6859.10668772,6859.10661478,1439.68654145,1439.68887859,0.03125461,1294.41928884,89,0
6860.28342354,6860.28440194,1477.51645094,1477.48494976,0.06705868,1295.38914901,89,0
6861.45680945,6861.45301043,1515.23170491,1515.35455201,0.04376629,1296.33525832,89,0
6864.76480820,6864.76443384,1622.98921523,1623.00147729,0.07105632,1298.88448657,89,0
6810.45646302,6866.30376522,0.00000000,-1.00000000,0.00000000,1238.42110988,89,4
6810.45646302,6866.45609133,0.00000000,-1.00000000,0.00000000,1238.42110988,89,4
6810.45646302,6875.31937737,0.00000000,-1.00000000,0.00000000,1238.42110988,89,4
6810.45646302,6876.23520364,0.00000000,-1.00000000,0.00000000,1238.42110988,89,4
6810.45646302,6878.64175993,0.00000000,-1.00000000,0.00000000,1238.42110988,89,4
6880.38071682,6880.38103081,2151.29546307,2151.28447918,0.06715138,1308.38857497,89,0
6885.81297455,6885.82317431,0.00000000,2343.73850639,0.04011552,1310.60892454,89,0
6810.45646302,6886.83528247,0.00000000,-1.00000000,0.00000000,1238.42110988,89,4
6887.40723255,6887.40516830,2401.08499574,2401.15963217,0.08585123,1311.14281042,89,0
6888.25080976,6888.25053127,2431.70804461,2431.71815514,0.04419835,1311.40283130,89,0
6889.14589434,6889.15087056,0.00000000,2464.29321289,0.00000000,1311.66156894,89,2
6889.24370269,6889.24365087,0.00000000,2467.86083984,0.00000000,1311.68874954,89,2
6889.53473180,6889.54049722,0.00000000,2478.48657227,0.00000000,1311.76835092,89,2
6889.65488840,6889.65086183,0.00000000,2482.87808229,0.12754892,1311.80065788,89,0
6890.83754413,6890.83788905,2526.25837696,2526.24569296,0.04593696,1312.10112070,89,0
6892.84788111,6892.84681665,2600.50842433,2600.54797183,0.02718393,1312.53746226,89,0
6893.27147158,6893.27091067,2616.28150589,2616.30238979,0.04332969,1312.61724747,89,0
6895.04659601,6895.04461537,2682.63090066,2682.70534532,0.07676570,1312.90455690,89,0
6896.14940688,6896.14804100,2724.22699613,2724.27864087,0.05522034,1313.04412560,89,0
6896.74515541,6896.74579819,2746.86458064,2746.84019993,0.06054641,1313.10687164,89,0
6898.02117685,6898.02108276,2795.39775665,2795.40135019,0.04683323,1313.21089487,89,0
6810.45646302,6898.95531112,0.00000000,-1.00000000,0.00000000,1238.42110988,89,4
6900.72507730,6900.72467899,2899.43059157,2899.44602874,0.04023840,1313.29105841,89,0
6903.10026521,6903.10043830,2992.13848657,2992.13168585,0.08203331,1313.19848127,89,0
6904.42295682,6904.42279942,3044.30210286,3044.30833691,0.05502704,1313.07834463,89,0
6810.45646302,6905.65938932,0.00000000,-1.00000000,0.00000000,1238.42110988,89,4
6906.38594777,6906.39062642,0.00000000,3122.50830078,0.00000000,1312.80648040,89,2
6917.17973791,6917.18416738,0.00000000,3570.09423828,0.00000000,1309.12751701,89,2
6918.95975095,6918.96007097,3647.05412047,3647.04019520,0.07198605,1308.13022800,89,0
6919.15922318,6919.15799731,3655.67394415,3655.72737754,0.14326665,1308.01089688,89,0
6919.79459998,6919.79408013,3683.46768019,3683.49044683,0.06367649,1307.62036141,89,0
6924.31588853,6924.32055408,0.00000000,3884.77789431,0.04851335,1304.37075927,89,0
6924.62149665,6924.62190988,3898.63824418,3898.61948175,0.06121381,1304.12026587,89,0
6888.24983323,6888.25053127,10.81916032,10.80014738,0.04447408,1296.70528671,88,0
6889.64959305,6889.65086183,0.00000000,49.00000000,0.00000000,1298.66860916,88,4
6890.83263385,6890.83788905,0.00000000,81.39329529,0.00000000,1300.31294141,88,2
6892.81851439,6892.84681665,0.00000000,136.00000000,0.00000000,1303.04217178,88,5
6893.27015949,6893.27091067,0.00000000,148.45986938,0.00000000,1303.65740699,88,3
6895.04589774,6895.04461537,197.55832177,197.59389080,0.10363720,1306.05634005,88,0
6896.15046868,6896.14804100,228.20864180,228.27617813,0.04217737,1307.53239729,88,0
6896.74467639,6896.74579819,244.85242069,244.82115749,0.03242227,1308.32132776,88,0
6898.02128675,6898.02108276,280.45635800,280.46206255,0.01483348,1310.00414097,88,0
6898.95569955,6898.95531112,306.61480533,306.62569560,0.01904881,1311.22497311,88,0
6900.72515933,6900.72467899,356.35388094,356.36741919,0.01979296,1313.51213665,88,0
6903.10076014,6903.10043830,423.53754925,423.54668185,0.05096037,1316.53068865,88,0
6904.42302257,6904.42279942,461.13498589,461.14134297,0.02531040,1318.18463080,88,0
6905.65982568,6905.65938932,496.42267672,496.43514986,0.01264176,1319.71430889,88,0
6887.85299831,6906.39062642,0.00000000,-1.00000000,0.00000000,1296.14544308,88,4
6917.18433642,6917.18416738,831.62921781,831.63422247,0.02273560,1333.13105523,88,0
6918.96057214,6918.96007097,884.36093476,884.37586059,0.01432970,1335.05919097,88,0
6919.14892760,6919.15799731,0.00000000,890.00000000,0.00000000,1335.26186667,88,4
6919.78898471,6919.79408013,0.00000000,909.09094238,0.00000000,1335.94562778,88,2
6921.56432223,6921.56365024,962.23485871,962.25504001,0.02543226,1337.81544654,88,0
6924.31702060,6924.32055408,1045.40157635,1045.29448757,0.01429446,1340.63501727,88,0
6924.62225392,6924.62190988,1054.54779702,1054.55823419,0.01555777,1340.94193100,88,0
6935.19020630,6935.18755431,1380.99416019,1381.07764666,0.06482149,1350.78149138,88,0
6941.24849796,6941.24863186,1573.95334856,1573.94903598,0.05444057,1355.70023878,88,0
6943.29317223,6943.29562762,0.00000000,1640.06127930,0.00000000,1357.23363882,88,3
6887.85299831,6944.35042960,0.00000000,-1.00000000,0.00000000,1296.14544308,88,4
6948.31544341,6948.31519511,1804.68898884,1804.69721193,0.03838301,1360.71353778,88,0
6953.78806739,6953.77722408,0.00000000,1988.00000000,0.00000000,1364.01943246,88,4
6957.83883606,6957.84524831,0.00000000,2126.45581055,0.00000000,1366.11928156,88,2
6967.56173163,6967.56289538,2469.39543142,2469.35342713,0.05034727,1369.84721303,88,0
6969.14856819,6969.14953110,2526.88381954,2526.84879904,0.07178941,1370.26678304,88,0
6970.75004059,6970.75003287,2585.32294540,2585.32322845,0.03754276,1370.63291782,88,0
6975.22171415,6975.22040452,2751.13800077,2751.18715168,0.06704601,1371.33888585,88,0
6979.95184307,6979.97663251,0.00000000,2931.00000000,0.00000000,1371.54819759,88,4
6981.06194011,6981.06684407,0.00000000,2973.88671875,0.00000000,1371.51260640,88,2
6983.95762679,6983.96526214,0.00000000,3087.05126953,0.00000000,1371.26044258,88,2
6984.93854528,6984.93921819,3125.84736379,3125.82069343,0.06533230,1371.12123975,88,0
6985.40938852,6985.41401677,0.00000000,3144.51440430,0.00000000,1371.04448346,88,2
7002.66702627,7002.66449303,3870.36354531,3870.47670529,0.11438027,1363.20179479,88,0
6887.85299831,7006.82940276,0.00000000,-1.00000000,0.00000000,1296.14544308,88,4
6967.55182779,6967.56289538,0.00000000,14.08858490,0.00000000,1355.81385385,87,2
6969.14730345,6969.14953110,57.22776445,57.16748399,0.03119369,1358.02889812,87,0
6970.75076850,6970.75003287,100.61892469,100.63890940,0.01505591,1360.23051581,87,0
6975.22041315,6975.22040452,222.79951048,222.79974751,0.04643489,1366.23663158,87,0
6981.06605293,6981.06684407,384.86434562,384.84223434,0.06035027,1373.79220510,87,0
6983.96806223,6983.96526214,466.20442225,466.28332631,0.04301266,1377.41246421,87,0
6984.93253357,6984.93921819,0.00000000,493.50112915,0.00000000,1378.59595132,87,2
6985.41427698,6985.41401677,507.12169491,507.12905786,0.02249614,1379.18355125,87,0
7002.66860556,7002.66449303,1008.22609921,1008.34884222,0.16239711,1398.49083304,87,0
6967.02856805,7006.82940276,0.00000000,-1.00000000,0.00000000,1355.08224789,87,4
7010.33094097,7010.35482173,0.00000000,1240.00000000,0.00000000,1405.89895979,87,4
7016.03032662,7016.02930163,1416.30081714,1416.33284974,0.03286375,1410.89630199,87,0
7016.61732804,7016.63223750,0.00000000,1434.70304868,0.05855671,1411.38502552,87,0
7017.62229455,7017.62591025,0.00000000,1466.24023438,0.00000000,1412.21001260,87,2
7018.96893025,7018.96999771,1508.70957099,1508.67584101,0.03266623,1413.29210815,87,0
7019.18909323,7019.18873031,1515.62372659,1515.63520272,0.02633362,1413.46650540,87,0
7021.93059813,7021.93040981,1602.77042022,1602.77643704,0.05190493,1415.57711894,87,0
7046.13610312,7046.13891047,0.00000000,2415.95434570,0.00000000,1428.75273851,87,3
6967.02856805,7048.79839011,0.00000000,-1.00000000,0.00000000,1355.08224789,87,4
7049.67144919,7049.67068430,2542.24732863,2542.27489129,0.04000401,1429.74374065,87,0
7051.14972608,7051.14960930,2595.73671210,2595.74095160,0.04963151,1430.07778411,87,0
7052.17985967,7052.18022640,2633.24836168,2633.23497925,0.07678425,1430.28174568,87,0
7054.13611330,7054.13379564,0.00000000,2705.00000000,0.00000000,1430.60250678,87,4
6967.02856805,7064.95327939,0.00000000,-1.00000000,0.00000000,1355.08224789,87,4
7065.80247004,7065.82655278,0.00000000,3149.00000000,0.00000000,1430.55511170,87,4
7068.65653892,7068.66465544,0.00000000,3262.22973633,0.00000000,1429.98373616,87,2
7069.40352295,7069.40294055,3292.16118471,3292.18460170,0.09289841,1429.79459635,87,0
7076.72923359,7076.73395366,0.00000000,3593.76342773,0.00000000,1427.00564745,87,2
7077.66389038,7077.66285825,3633.24847475,3633.29227075,0.07342621,1426.52085869,87,0
7078.31470590,7078.27209661,0.00000000,3661.00000000,0.00000000,1426.16458362,87,4
7080.99219347,7080.98899990,0.00000000,3776.26937616,0.09604761,1424.53682656,87,0
7081.97928702,7081.97714512,3819.23135529,3819.32513639,0.10615319,1423.86862686,87,0
7084.04712849,7084.04634335,3910.53237898,3910.56730312,0.07352920,1422.34445247,87,0
7084.86358791,7084.88331166,0.00000000,3947.00000000,0.00000000,1421.69481446,87,4
7086.24156858,7086.25602636,0.00000000,4009.00000000,0.00000000,1420.53545750,87,4
7048.79131576,7048.79839011,0.00000000,19.86684418,0.00000000,1416.31793722,86,2
7049.67144542,7049.67068430,43.33219040,43.35252775,0.03651978,1417.52971184,86,0
7051.14981559,7051.14960930,82.91977645,82.92530762,0.03605446,1419.54936233,86,0
7052.15821195,7052.18022640,0.00000000,110.00000000,0.00000000,1420.91512992,86,4
7054.16126165,7054.13379564,0.00000000,164.00000000,0.00000000,1423.60023851,86,4
7055.85308880,7055.86100134,0.00000000,209.83378601,0.00000000,1425.83863247,86,2
7064.95230621,7064.95327939,0.00000000,460.00000000,0.00000000,1437.39778226,86,4
7065.81321592,7065.82655278,0.00000000,484.00000000,0.00000000,1438.44820575,86,4
7048.04524318,7068.66465544,0.00000000,-1.00000000,0.00000000,1415.28523446,86,4
7069.40443472,7069.40294055,584.72273402,584.76487264,0.05739700,1442.74659612,86,0
7076.72761232,7076.73395366,0.00000000,793.56274414,0.00000000,1451.07820423,86,2
7077.65868485,7077.66285825,0.00000000,820.44427490,0.00000000,1452.09445843,86,2
7078.29982116,7078.27209661,0.00000000,839.00000000,0.00000000,1452.78845054,86,4
7080.65709842,7080.65723032,907.54234543,907.53849434,0.01493296,1455.29867783,86,0
7080.99413856,7080.98899990,0.00000000,917.38680870,0.04827508,1455.65250032,86,0
7048.04524318,7081.97714512,0.00000000,-1.00000000,0.00000000,1415.28523446,86,4
7084.04597135,7084.04634335,1007.00828567,1006.99731023,0.05532037,1458.79260762,86,0
7086.24151704,7086.25602636,0.00000000,1072.00000000,0.00000000,1460.98093633,86,4
7090.59675967,7090.59593974,1202.33229054,1202.35701290,0.02481031,1465.14270743,86,0
7092.07223644,7092.08010652,0.00000000,1246.97324431,0.08173297,1466.49762569,86,0
7093.27258793,7093.27580653,1283.52462894,1283.42667671,0.05446724,1467.57834718,86,0
7103.56955825,7103.56949464,1602.62076506,1602.62277429,0.02440137,1476.03116517,86,0
7104.94713634,7104.94669742,1646.24106195,1646.25500114,0.04312897,1477.04577740,86,0
7105.55900367,7105.56023353,1665.74778534,1665.70863924,0.04230216,1477.48723345,86,0
7109.25100579,7109.25071531,1784.05746435,1784.06684402,0.07001204,1480.02808534,86,0
7111.10027170,7111.09998206,1843.99468206,1844.00410356,0.06992469,1481.21980205,86,0
7048.04524318,7114.42465846,0.00000000,-1.00000000,0.00000000,1415.28523446,86,4
7116.95314843,7116.96702279,0.00000000,2036.70886230,0.00000000,1484.61882558,86,3
7123.61208753,7123.61142286,2261.84159621,2261.86439978,0.05689537,1487.75522971,86,0
7125.19068484,7125.18961571,2316.18956783,2316.22651740,0.06501832,1488.37776746,86,0
7127.45443164,7127.45527656,2394.89291291,2394.86340020,0.09897572,1489.18564323,86,0
7127.63305203,7127.63264366,2401.09085980,2401.10513581,0.08330429,1489.24507615,86,0
7128.23903587,7128.23864161,2422.30379305,2422.31761267,0.05907010,1489.44190265,86,0
7129.92629248,7129.92603958,2481.69632375,2481.70526235,0.04844732,1489.95058326,86,0
7048.04524318,7130.86552575,0.00000000,-1.00000000,0.00000000,1415.28523446,86,4
7131.34472235,7131.34096029,0.00000000,2532.00000000,0.00000000,1490.33257173,86,4
7131.56943904,7131.57177359,0.00000000,2540.00000000,0.00000000,1490.38920695,86,4
7132.02850898,7132.02848738,2556.36999266,2556.37076354,0.03667309,1490.50157421,86,0
7132.63156318,7132.63192377,2577.94128715,2577.92837720,0.07513604,1490.64231426,86,0
7132.63298745,7132.80366596,0.00000000,2577.98259216,0.47028220,1490.64265785,86,0
7133.24499452,7133.24779055,2600.03055993,2599.93013809,0.08878868,1490.77748193,86,0
7136.15089116,7136.14996981,2705.02100873,2705.05459209,0.08996694,1491.30523018,86,0
7136.65968504,7136.65898678,2723.59966316,2723.62518353,0.04050736,1491.37817129,86,0
7143.58719454,7143.59112673,0.00000000,2981.48323779,0.07560893,1491.76226339,86,0
7144.19008653,7144.19103262,3004.41502531,3004.37902439,0.04188549,1491.73972960,86,0
7145.19199095,7145.19106588,3042.57947525,3042.61488281,0.04824339,1491.68152763,86,0
7149.85749406,7149.85773550,3223.62121439,3223.61171686,0.05285994,1491.05714250,86,0
7153.98462409,7154.01564325,0.00000000,3388.00000000,0.00000000,1489.99165872,86,4
7154.29347745,7154.29516213,3400.53548124,3400.46736882,0.06218385,1489.89152674,86,0
7157.81144069,7157.81233311,0.00000000,3544.31616211,0.00000000,1488.53942020,86,2
7164.12008064,7164.09647448,0.00000000,3811.00000000,0.00000000,1485.07660024,86,4
7164.85252146,7164.85138802,3842.68969923,3842.73894684,0.05122917,1484.58194940,86,0
7166.86556878,7166.86583494,3930.89137069,3930.87962990,0.06533544,1483.11640443,86,0
7166.99590212,7167.00311079,0.00000000,3936.63964844,0.00000000,1483.01593109,86,2
7170.21775944,7170.21781842,4080.73133229,4080.72866163,0.06878609,1480.31520211,86,0
7130.96801652,7132.02848738,0.00000000,-1.00000000,0.00000000,1476.77645753,85,4
7132.62723742,7132.63192377,0.00000000,43.72894669,0.00000000,1479.04757104,85,2
7132.63178022,7132.80366596,0.00000000,43.84892611,0.03911784,1479.05375554,85,0
7136.15220363,7136.14996981,137.18990861,137.24944342,0.04543749,1483.79056060,85,0
7136.65957207,7136.65898678,150.76444050,150.78005915,0.02382360,1484.46390367,85,0
7130.96801652,7143.59112673,0.00000000,-1.00000000,0.00000000,1476.77645753,85,4
7144.18862509,7144.19103262,353.78866859,353.72310093,0.02548965,1494.17273811,85,0
7145.19498905,7145.19106588,381.06525842,381.17238381,0.02161711,1495.42970687,85,0
7149.85792389,7149.85773550,509.33023165,509.33544301,0.01403835,1501.12136050,85,0
7153.97844418,7154.01564325,0.00000000,624.00000000,0.00000000,1505.96613496,85,4
7154.28752497,7154.29516213,0.00000000,632.65667725,0.00000000,1506.32240947,85,2
7157.81650576,7157.81233311,731.93738208,732.05552947,0.05817260,1510.31785683,85,0
7164.11543295,7164.09647448,0.00000000,912.12979252,0.01770915,1517.10915233,85,0
7164.85360203,7164.85138802,933.40167572,933.46574315,0.02834447,1517.87565378,85,0
7166.86491708,7166.86583494,991.87744262,991.85071183,0.04559281,1519.93183098,85,0
7170.21770147,7170.21781842,1090.00495567,1090.00151437,0.05251630,1523.25208170,85,0
7172.76608129,7172.76847577,1165.39431973,1165.32324065,0.02611301,1525.68410861,85,0
7180.86329646,7180.86431294,1409.06916848,1409.03814257,0.06098334,1532.86354214,85,0
7181.24643632,7181.24784634,1420.78236185,1420.73927436,0.03810108,1533.18173506,85,0
7181.49199827,7181.49123049,1428.22267146,1428.24615210,0.04240913,1533.38459390,85,0
7190.55626096,7190.55684761,1710.19618991,1710.17763253,0.06702340,1540.28011779,85,0
7191.57934506,7191.58226619,1742.70764606,1742.61487074,0.06501271,1540.98314710,85,0
7193.72356758,7193.70835340,0.00000000,1811.00000000,0.00000000,1542.40425455,85,4
7194.75814840,7194.76267153,0.00000000,1844.20251465,0.00000000,1543.06437918,85,2
7194.92016508,7194.92780213,0.00000000,1849.41442871,0.00000000,1543.16622939,85,1
7195.08700547,7195.09146078,0.00000000,1854.78503418,0.00000000,1543.27067778,85,1
7196.01375702,7196.01205531,1884.62136814,1884.67637412,0.03684410,1543.84268265,85,0
7130.96801652,7198.20585456,0.00000000,-1.00000000,0.00000000,1476.77645753,85,4
7198.62169802,7198.62229949,1969.43903338,1969.41938302,0.02197946,1545.37839354,85,0
7198.91480387,7198.91795574,0.00000000,1979.00000000,0.00000000,1545.54402009,85,4
7130.96801652,7203.94927064,0.00000000,-1.00000000,0.00000000,1476.77645753,85,4
7207.17488395,7207.17641201,2253.97774916,2253.92598022,0.11864640,1549.60543184,85,0
7207.40610539,7207.40477862,2261.71848754,2261.76348349,0.04886653,1549.70163349,85,0
7209.46049281,7209.46051332,2331.76952419,2331.76882240,0.05120858,1550.51280173,85,0
7212.26560031,7212.26545726,2428.40885987,2428.41382055,0.03090468,1551.49049486,85,0
7212.54172574,7212.54094512,2437.96855632,2437.99566289,0.13886871,1551.57844731,85,0
7213.98716753,7213.98707791,2488.36379759,2488.36693137,0.03809445,1552.01417212,85,0
7221.06181986,7221.06187629,2740.03527948,2740.03323602,0.08208202,1553.52112997,85,0
7221.86789906,7221.87468374,0.00000000,2769.28247070,0.00000000,1553.62389836,85,2
7130.96801652,7224.00616440,0.00000000,-1.00000000,0.00000000,1476.77645753,85,4
7228.30237527,7228.30298421,3007.26999012,3007.24707490,0.05595032,1553.90056632,85,0
7229.86197311,7229.86230377,3066.21517331,3066.20261617,0.06548525,1553.81522490,85,0
7232.85768677,7232.85846451,3180.94455657,3180.91452263,0.07578531,1553.47422276,85,0
7221.06115736,7221.06187629,135.98940257,135.97046541,0.03024882,1546.63103895,84,0
7221.87532858,7221.87468374,157.42066952,157.43768922,0.05149470,1547.70021469,84,0
7224.00416834,7224.00616440,213.83635550,213.78338049,0.03988427,1550.46758820,84,0
7215.86497674,7228.30298421,0.00000000,-1.00000000,0.00000000,1539.66878396,84,4
7229.86262541,7229.86230377,370.48844478,370.49711781,0.00635240,1557.86832897,84,0
7232.85780351,7232.85846451,451.60826424,451.59029233,0.04126957,1561.52709645,84,0
7255.75405516,7255.75394564,1095.24852642,1095.25171377,0.03388277,1586.44838866,84,0
7215.86497674,7256.45336650,0.00000000,-1.00000000,0.00000000,1539.66878396,84,4
7215.86497674,7261.48984462,0.00000000,-1.00000000,0.00000000,1539.66878396,84,4
7264.29045738,7264.28860483,1347.24944987,1347.30493512,0.03546443,1594.21900453,84,0
7265.28452629,7265.28251929,1377.07184142,1377.13217440,0.07506021,1595.06464542,84,0
7265.75062836,7265.76617216,0.00000000,1391.15955030,0.07762374,1595.45693402,84,0
7266.94293505,7266.94295491,1427.12764334,1427.12704319,0.05806507,1596.44699839,84,0
7269.40204673,7269.41064878,0.00000000,1501.80402444,0.09012807,1598.43001394,84,0
7275.72790491,7275.72779023,1696.97280234,1696.97638221,0.05802041,1603.15013323,84,0
7279.30091189,7279.29981757,1809.24952063,1809.28415819,0.04007282,1605.56296496,84,0
7281.95392437,7281.95411305,1893.69568712,1893.68965162,0.04193100,1607.23053671,84,0
7292.97880593,7292.97314563,0.00000000,2254.41401872,0.09277206,1612.94689800,84,0
7293.89915649,7293.90590089,0.00000000,2285.30151367,0.00000000,1613.33008312,84,2
7294.05469531,7294.06275028,0.00000000,2290.53393555,0.00000000,1613.39333423,84,2
7294.70983055,7294.70981898,2312.61717312,2312.61756384,0.03954916,1613.65498430,84,0
7296.05224567,7296.05277632,2358.07297856,2358.05496521,0.07442082,1614.16635732,84,0
7300.83048744,7300.82994414,2522.08909504,2522.10795559,0.08441215,1615.71037872,84,0
7301.18053952,7301.17285803,0.00000000,2534.26498517,0.08942045,1615.80594621,84,0
7303.66939880,7303.66946891,2621.33022457,2621.32775732,0.04163488,1616.41429547,84,0
7306.67783874,7306.67897323,0.00000000,2728.00732422,0.00000000,1616.97764711,84,2
7309.43894296,7309.43811205,0.00000000,2827.34545898,0.00000000,1617.32181169,84,2
7311.48746104,7311.48855122,2902.01986613,2901.97994695,0.08207868,1617.46582992,84,0
7315.36925022,7315.36928860,3045.64189301,3045.64045696,0.05849933,1617.46608050,84,0
7215.86497674,7318.08897740,0.00000000,-1.00000000,0.00000000,1539.66878396,84,4
7322.80084231,7322.79845951,3329.54700750,3329.64007374,0.07364560,1616.39200196,84,0
7324.01642750,7324.02134010,0.00000000,3377.29785156,0.00000000,1616.07165484,84,2
7326.00100031,7326.00023473,3455.84619982,3455.87670211,0.07050460,1615.45537729,84,0
7326.36346326,7326.36341340,3470.33273081,3470.33472221,0.07279463,1615.33003365,84,0
7327.13663232,7327.13682484,3501.29691360,3501.28918673,0.07236320,1615.04917612,84,0
7328.09659129,7328.09508688,3539.86854290,3539.92927337,0.07335115,1614.67466632,84,0
7330.41028038,7330.41616981,0.00000000,3634.07006836,0.00000000,1613.65095544,84,2
7331.42548346,7331.42137156,0.00000000,3675.83929419,0.19694835,1613.14616665,84,0
7334.04235424,7334.04385496,3784.93079790,3784.86771081,0.06604042,1611.68185909,84,0
7335.79982203,7335.80000061,3859.21076864,3859.20316743,0.08751576,1610.56174123,84,0
7337.95093457,7337.94893609,3951.42273547,3951.50917557,0.09250919,1609.03321691,84,0
7339.58738361,7339.58909404,4022.80494060,4022.73003482,0.07502695,1607.74950139,84,0
7303.66933713,7303.66946891,22.16787933,22.16448616,0.03335598,1605.11214406,83,0
7306.67439071,7306.67897323,0.00000000,99.82906342,0.00000000,1609.10561289,83,2
7309.44270632,7309.43811205,171.77502965,171.89505374,0.02897029,1612.71612200,83,0
7311.48787152,7311.48855122,225.47876187,225.46091304,0.01423039,1615.34050807,83,0
7315.36717641,7315.36928860,327.91303879,327.85699705,0.03951027,1620.21670709,83,0
7318.08782183,7318.08897740,400.34212339,400.31123851,0.01731024,1623.55560979,83,0
7322.79738305,7322.79845951,0.00000000,527.00000000,0.00000000,1629.17203148,83,4
7324.02309445,7324.02134010,560.19925010,560.24691730,0.03124676,1630.59923230,83,0
7326.00059765,7326.00023473,614.10836678,614.11828030,0.04129900,1632.87057105,83,0
7326.36440233,7326.36341340,624.03478635,624.06183152,0.03319527,1633.28424236,83,0
7327.13739630,7327.13682484,645.20997034,645.22563272,0.02764577,1634.15891876,83,0
7328.09788122,7328.09508688,671.50703840,671.58383844,0.04722973,1635.23727923,83,0
7330.39752623,7330.41616981,0.00000000,735.00000000,0.00000000,1637.78178291,83,4
7331.40800525,7331.42137156,0.00000000,763.00000000,0.00000000,1638.88279322,83,4
7334.03298248,7334.04385496,0.00000000,836.12963867,0.00000000,1641.69350918,83,3
7335.79669433,7335.80000061,885.68136659,885.58840087,0.06101065,1643.54126986,83,0
7302.80749492,7337.94893609,0.00000000,-1.00000000,0.00000000,1603.95295134,83,4
7339.58581508,7339.58909404,992.84437684,992.75109758,0.05248002,1647.39768209,83,0
7343.59574512,7343.59586316,1107.54694477,1107.54354475,0.01406275,1651.30536361,83,0
7343.83117195,7343.83043913,1114.30634203,1114.32746689,0.04203280,1651.52907046,83,0
7344.42884424,7344.42869621,1131.56996519,1131.57424107,0.01320086,1652.09416977,83,0
7345.54899084,7345.57123302,0.00000000,1164.00000000,0.00000000,1653.14250627,83,4
7345.75586565,7345.75975033,0.00000000,1170.00000000,0.00000000,1653.33446880,83,4
7346.61621313,7346.61611613,1194.98221450,1194.98503625,0.05310335,1654.12705274,83,0
7349.77162097,7349.77015201,1287.23113794,1287.27434029,0.03125085,1656.95988983,83,0
7302.80749492,7351.13630468,0.00000000,-1.00000000,0.00000000,1603.95295134,83,4
7351.55929644,7351.54635599,0.00000000,1340.00000000,0.00000000,1658.51135258,83,4
7353.33095263,7353.32951241,1392.51709986,1392.55996721,0.00770796,1660.00948194,83,0
7358.83959733,7358.83624240,1557.98505661,1558.08685360,0.07767778,1664.41145662,83,0
7302.80749492,7359.98937477,0.00000000,-1.00000000,0.00000000,1603.95295134,83,4
7363.71258413,7363.71163067,1707.23087955,1707.26033013,0.05307967,1667.96751812,83,0
7364.07703399,7364.07678107,1718.51769034,1718.52551363,0.00783472,1668.22023833,83,0
7365.04950877,7365.04937920,1748.65962027,1748.66364339,0.02629518,1668.88542391,83,0
7373.97762515,7373.97676107,2030.68623427,2030.71400892,0.04012654,1674.33956051,83,0
7302.80749492,7378.55685242,0.00000000,-1.00000000,0.00000000,1603.95295134,83,4
7378.91137209,7378.89607363,0.00000000,2191.00000000,0.00000000,1676.81803197,83,4
7379.15495683,7379.15277582,0.00000000,2199.00000000,0.00000000,1676.92993690,83,4
7379.40170423,7379.40127387,2207.09666575,2207.11082676,0.07077464,1677.04224678,83,0
7381.67633062,7381.68294921,0.00000000,2282.30444336,0.00000000,1678.02853791,83,1
7382.47303211,7382.47794187,0.00000000,2308.81787109,0.00000000,1678.35266526,83,2
7387.75465224,7387.75138097,2486.88833238,2487.00002753,0.06285293,1680.21106111,83,0
7388.52517509,7388.53342232,0.00000000,2513.35498047,0.00000000,1680.43864181,83,2
7388.63676184,7388.63081553,0.00000000,2517.17978421,0.11971229,1680.47065670,83,0
7389.49599755,7389.49671501,2546.72689532,2546.70220082,0.04955032,1680.70912768,83,0
7390.38250314,7390.38256998,2577.28109400,2577.27878371,0.04663860,1680.93998184,83,0
7394.16094024,7394.16116981,2709.10076425,2709.09268020,0.07838693,1681.74719933,83,0
7394.32070495,7394.33230663,0.00000000,2714.72705078,0.00000000,1681.77490034,83,2
7396.52695530,7396.52695601,2792.90185501,2792.90183000,0.07355888,1682.10165738,83,0
7397.28262414,7397.28379089,2819.92330556,2819.88156676,0.09192260,1682.18948669,83,0
7399.02094320,7399.02093721,2882.35023712,2882.35045342,0.04909886,1682.34370358,83,0
7402.31282188,7402.31723590,0.00000000,3002.19116211,0.00000000,1682.44730437,83,2
7404.71168090,7404.71275348,3090.92761633,3090.88769269,0.08579219,1682.36110698,83,0
7405.81511276,7405.81314000,3132.00093385,3132.07480515,0.08720426,1682.27394133,83,0
7302.80749492,7406.37538077,0.00000000,-1.00000000,0.00000000,1603.95295134,83,4
7406.70776095,7406.70686605,3165.55654608,3165.59022730,0.05510293,1682.18093898,83,0
7407.40138773,7407.40106152,3191.73214579,3191.74447091,0.05612057,1682.09460067,83,0
7408.25987830,7408.26087203,3224.30640502,3224.26866079,0.06718262,1681.97039942,83,0
7410.88555810,7410.88587168,3324.75738829,3324.74529530,0.05535980,1681.46876449,83,0
7412.32062876,7412.32079937,3380.34013362,3380.33349536,0.06876193,1681.11462452,83,0
7413.32782927,7413.32708283,3419.61551092,3419.64473523,0.06500625,1680.83121426,83,0
7414.56356270,7414.56048642,3468.08113469,3468.20248746,0.06324862,1680.44341865,83,0
7417.40922457,7417.41038793,3581.52141464,3581.47467833,0.18116077,1679.37660839,83,0
7418.09353543,7418.09741997,0.00000000,3609.03710938,0.00000000,1679.08265324,83,2
7418.61212717,7418.61742394,0.00000000,3630.00000000,0.00000000,1678.85007046,83,4
7421.52265455,7421.52069562,3748.92607643,3749.00697217,0.06887768,1677.38201690,83,0
7422.89607846,7422.90457681,0.00000000,3806.00048828,0.00000000,1676.58995406,83,3
7425.37881152,7425.37568420,3910.29453932,3910.42726296,0.09545091,1674.98895543,83,0
7426.07721063,7426.07687917,3940.13119160,3940.14532948,0.09667397,1674.49789730,83,0
7426.49466055,7426.49555020,3958.01971222,3957.98163016,0.05676133,1674.19562640,83,0
7427.54864191,7427.54868507,4003.27813148,4003.27627048,0.07651006,1673.40257074,83,0
7428.69093507,7428.69568213,0.00000000,4052.74072266,0.00000000,1672.49476862,83,2
7394.16178084,7394.16116981,58.32604237,58.34164549,0.01092898,1672.72143907,82,0
7396.52704273,7396.52695601,118.90282026,118.90504756,0.02772896,1675.81431984,82,0
7397.27642708,7397.28379089,0.00000000,138.16876221,0.00000000,1676.78468455,82,2
7399.02147602,7399.02093721,183.15264064,183.16656523,0.02190829,1679.02612845,82,0
7402.31993525,7402.31723590,268.69971085,268.77006819,0.19326526,1683.19269647,82,0
7391.87042478,7404.71275348,0.00000000,-1.00000000,0.00000000,1669.68158274,82,4
7405.80402427,7405.81314000,0.00000000,360.00000000,0.00000000,1687.49227429,82,4
7406.37512437,7406.37538077,375.03303100,375.02627607,0.03403610,1688.18650079,82,0
7406.70689275,7406.70686605,383.76985954,383.77056359,0.02801374,1688.58867787,82,0
7407.40192967,7407.40106152,402.09055462,402.11348739,0.02613189,1689.42798406,82,0
7408.25716094,7408.26087203,424.83320999,424.73495606,0.09112325,1690.45496160,82,0
7410.88582434,7410.88587168,494.58530679,494.58404462,0.14841722,1693.56952567,82,0
7412.32083231,7412.32079937,532.92086599,532.92174794,0.02974225,1695.24272638,82,0
7413.32723783,7413.32708283,559.89802495,559.90218639,0.05225446,1696.40483614,82,0
7414.56330359,7414.56048642,593.05994524,593.13583204,0.02768644,1697.81877536,82,0
7417.41237621,7417.41038793,0.00000000,670.19134521,0.00000000,1701.02274885,82,2
7418.09785178,7418.09741997,688.80343825,688.81518648,0.08520722,1701.78152856,82,0
7418.60827330,7418.61742394,0.00000000,702.72115573,0.07865924,1702.34412965,82,0
7421.52229309,7421.52069562,782.40264519,782.44654552,0.00997940,1705.50424009,82,0
7422.90312422,7422.90457681,820.50556653,820.46549362,0.03545009,1706.97199723,82,0
7425.37857251,7425.37568420,888.94791645,889.02819641,0.06695413,1709.55488891,82,0
7426.07778813,7426.07687917,908.45222848,908.47755766,0.02011274,1710.27258169,82,0
7426.49499860,7426.49555020,920.12608293,920.11069358,0.04579270,1710.69868168,82,0
7427.54896882,7427.54868507,949.54758652,949.55552517,0.01081590,1711.76658771,82,0
7428.69545748,7428.69568213,981.69729124,981.69098275,0.02460026,1712.91472851,82,0
7429.68063305,7429.68436883,1009.49251036,1009.38730331,0.08099076,1713.88973796,82,0
7391.87042478,7432.31845128,0.00000000,-1.00000000,0.00000000,1669.68158274,82,4
7434.39876962,7434.40342631,1143.37739067,1143.24428761,0.05145562,1718.41234803,82,0
7444.96012971,7444.95943385,1450.38215599,1450.40275390,0.02653606,1727.60209888,82,0
7445.21628886,7445.22227418,0.00000000,1458.00000000,0.00000000,1727.80842154,82,4
7445.83245997,7445.83756541,0.00000000,1476.27734375,0.00000000,1728.30064134,82,3
7449.93701692,7449.93676092,1599.03085702,1599.03856940,0.06334048,1731.45481392,82,0
7391.87042478,7454.04216712,0.00000000,-1.00000000,0.00000000,1669.68158274,82,4
7454.35252269,7454.35193051,1733.12905464,1733.14718812,0.05953377,1734.59845223,82,0
7391.87042478,7456.25304907,0.00000000,-1.00000000,0.00000000,1669.68158274,82,4
7458.29875557,7458.29757237,1854.84694130,1854.88371388,0.07517755,1737.17904930,82,0
7459.97458359,7459.97272475,1907.08531809,1907.14348133,0.05982408,1738.20718368,82,0
7462.19160137,7462.19240336,1976.83046154,1976.80514696,0.04999866,1739.50327878,82,0
7463.77927232,7463.78132620,2027.13005678,2027.06485085,0.10807224,1740.38561010,82,0
7464.08534984,7464.08441366,2036.75809379,2036.78785097,0.09425380,1740.55119583,82,0
7472.44753132,7472.45452702,0.00000000,2307.35961914,0.00000000,1744.49563593,82,2
7478.40039862,7478.39887147,0.00000000,2506.03125000,0.00000000,1746.57731565,82,2
7482.59242294,7482.59078996,2649.16525765,2649.22159285,0.06593482,1747.65071423,82,0
7489.43388443,7489.43476594,2889.33495989,2889.30349292,0.05109569,1748.64955830,82,0
7495.60935758,7495.61038238,3113.42840459,3113.39060220,0.06008026,1748.67884657,82,0
7496.02785242,7496.03178421,0.00000000,3128.84619141,0.00000000,1748.64879635,82,2
7496.46466414,7496.46464126,3145.02070372,3145.02155214,0.07870788,1748.61292035,82,0
7498.84301612,7498.84169514,3233.74319761,3233.79283593,0.05668295,1748.33548464,82,0
7499.38180898,7499.38305090,0.00000000,3254.06787109,0.00000000,1748.25301705,82,2
7501.76004146,7501.76140441,0.00000000,3344.33984375,0.00000000,1747.79971466,82,2
7504.02758692,7504.02723869,3431.59759498,3431.61109107,0.07074484,1747.22790766,82,0
7504.93939438,7504.94212991,0.00000000,3467.04321289,0.00000000,1746.95832143,82,2
7505.03490385,7505.03625184,0.00000000,3470.76635742,0.00000000,1746.92873959,82,2
7512.11015321,7512.12187031,0.00000000,3753.00000000,0.00000000,1743.99336305,82,4
7512.79179884,7512.79109878,3780.87997227,3780.90868833,0.06198093,1743.62893819,82,0
7514.36606876,7514.36140323,0.00000000,3845.82855710,0.08612591,1742.72973121,82,0
7514.63202324,7514.63170132,3856.85241968,3856.86579241,0.06466025,1742.56969529,82,0
7515.39632379,7515.39573781,3888.68076257,3888.70524574,0.06603778,1742.09638653,82,0
7519.46911423,7519.46887673,4061.42181222,4061.43203834,0.07494233,1739.22772454,82,0
7489.43289135,7489.43476594,159.31442834,159.26667760,0.06048790,1745.11504902,81,0
7495.60661585,7495.61038238,317.87355328,317.77608270,0.03863373,1752.81768819,81,0
7496.00147889,7496.03178421,0.00000000,328.00000000,0.00000000,1753.29952427,81,4
7483.13231780,7496.46464126,0.00000000,-1.00000000,0.00000000,1736.93638709,81,4
7498.84160156,7498.84169514,401.84210100,401.83965889,0.02928127,1756.72549905,81,0
7499.38323132,7499.38305090,415.98092044,415.98563615,0.06873813,1757.37101320,81,0
7501.75487557,7501.76140441,0.00000000,478.17019653,0.00000000,1760.16734674,81,2
7504.02828978,7504.02723869,538.12238759,538.15020297,0.04235939,1762.80077649,81,0
7505.04158877,7505.03625184,0.00000000,565.00000000,0.00000000,1763.95932359,81,4
7512.13096300,7512.12187031,0.00000000,755.00000000,0.00000000,1771.79875400,81,4
7512.79121358,7512.79109878,772.87564504,772.87875882,0.03840675,1772.50404268,81,0
7514.36601515,7514.36140323,815.57293388,815.69858891,0.03323421,1774.17055439,81,0
7514.63258904,7514.63170132,822.92794105,822.95214352,0.03575437,1774.44968929,81,0
7483.13231780,7515.39573781,0.00000000,-1.00000000,0.00000000,1736.93638709,81,4
7519.46930167,7519.46887673,955.78414914,955.79590337,0.04257035,1779.39950687,81,0
7521.94761819,7521.94805628,1024.62386525,1024.61165627,0.02206855,1781.84252710,81,0
7523.69560072,7523.69542291,1073.45324104,1073.45822250,0.01046772,1783.52645996,81,0
7525.49441344,7525.48219811,0.00000000,1124.00000000,0.00000000,1785.22498269,81,4
7483.13231780,7526.53992777,0.00000000,-1.00000000,0.00000000,1736.93638709,81,4
7527.88621275,7527.89285801,0.00000000,1191.65454102,0.00000000,1787.42878639,81,2
7528.06924034,7528.07295278,0.00000000,1196.85290527,0.00000000,1787.59481301,81,2
7530.73798301,7530.74692079,0.00000000,1273.00000000,0.00000000,1789.97272703,81,4
7531.12248092,7531.12731705,0.00000000,1284.02534292,0.06234881,1790.30863220,81,0
7531.78040780,7531.77915072,1302.88430455,1302.92046032,0.05739580,1790.87936564,81,0
7533.68648168,7533.68533577,1357.86647159,1357.89962749,0.06168340,1792.50455863,81,0
7535.13238680,7535.13904751,0.00000000,1399.84644196,0.08353724,1793.70900413,81,0
7483.13231780,7536.00071207,0.00000000,-1.00000000,0.00000000,1736.93638709,81,4
7539.41435993,7539.40774663,0.00000000,1525.26897848,0.09907047,1797.12699945,81,0
7547.50804053,7547.50915237,1767.59341351,1767.55963856,0.04193832,1802.95179580,81,0
7551.26879676,7551.26935655,1882.63525965,1882.61800928,0.05752407,1805.35888060,81,0
7483.13231780,7552.30382101,0.00000000,-1.00000000,0.00000000,1736.93638709,81,4
7557.02071116,7557.01925009,2061.79700748,2061.84304691,0.06069216,1808.64811518,81,0
7557.59576265,7557.61175700,0.00000000,2080.00000000,0.00000000,1808.95008054,81,4
7561.83549141,7561.83455863,2215.07139587,2215.10139017,0.07213336,1811.01642098,81,0
7562.67694365,7562.67817940,2242.24322486,2242.20336091,0.04285053,1811.39262701,81,0
7564.29533780,7564.29291363,2294.51003531,2294.58877961,0.01435272,1812.08352239,81,0
7567.43198660,7567.43119222,2397.14196168,2397.16812418,0.06406341,1813.29799054,81,0
7568.13505400,7568.13465709,2420.34433659,2420.35744697,0.03575452,1813.54715067,81,0
7572.34547960,7572.34693566,2560.82020939,2560.77119228,0.05285541,1814.85602666,81,0
7572.58904443,7572.58894945,2568.97206617,2568.97526709,0.10956458,1814.92190112,81,0
7572.84565293,7572.84554467,2577.62527767,2577.62893106,0.03458580,1814.99011782,81,0
7573.71415620,7573.74010358,0.00000000,2607.00000000,0.00000000,1815.21194553,81,4
7483.13231780,7574.16373000,0.00000000,-1.00000000,0.00000000,1736.93638709,81,4
7574.48005907,7574.47335011,0.00000000,2633.00000000,0.00000000,1815.39580641,81,4
7575.13387033,7575.13388310,2655.26076385,2655.26032842,0.05469453,1815.54389160,81,0
7575.41205875,7575.42410778,0.00000000,2664.76586914,0.00000000,1815.60450450,81,2
7483.13231780,7575.85601732,0.00000000,-1.00000000,0.00000000,1736.93638709,81,4
7576.86252112,7576.86187914,2714.45783797,2714.47992372,0.04801245,1815.89595245,81,0
7577.64758812,7577.65236652,0.00000000,2741.54199219,0.00000000,1816.03657136,81,2
7577.77966266,7577.78387254,0.00000000,2746.10400391,0.00000000,1816.05902457,81,1
7577.96294520,7577.96310459,2752.44507341,2752.43956072,0.03852609,1816.08960782,81,0
7579.96510553,7579.96430595,2821.99785367,2822.02578497,0.08573152,1816.37969755,81,0
7582.05678075,7582.05727912,2895.49777144,2895.48018221,0.03593119,1816.59483631,81,0
7584.16280054,7584.16579503,2970.32250819,2970.21564538,0.05989037,1816.71780454,81,0
7588.23957143,7588.24064418,3117.32996073,3117.29084384,0.05144986,1816.67757950,81,0
7588.52169268,7588.52362881,3127.65724812,3127.58653103,0.05224893,1816.66076057,81,0
7590.08305261,7590.08365498,3184.89195367,3184.86976193,0.06218461,1816.53375805,81,0
7590.60727263,7590.60933643,3204.28945777,3204.21318719,0.06173796,1816.47807865,81,0
7592.61886182,7592.61916744,3278.98761142,3278.97618640,0.07034299,1816.20219324,81,0
7594.76177300,7594.76082107,3359.54690815,3359.58294205,0.05311896,1815.79681614,81,0
7597.14880157,7597.14893884,3450.60081043,3450.59553907,0.06264309,1815.20466727,81,0
7598.48023921,7598.47852612,3501.86819577,3501.93452245,0.07564349,1814.80781385,81,0
7599.08725559,7599.08110893,0.00000000,3525.47154649,0.09416863,1814.61073328,81,0
7599.84416980,7599.83944345,0.00000000,3554.95556641,0.00000000,1814.35043702,81,2
7599.96991578,7599.96926578,3559.83868053,3559.86407033,0.07937152,1814.30565409,81,0
7602.37508268,7602.37521876,3654.56787406,3654.56247243,0.06348594,1813.36077877,81,0
7603.03983987,7603.03431161,0.00000000,3681.01534362,0.08334117,1813.06937585,81,0
7603.25265897,7603.25042090,3689.41037237,3689.49969881,0.10288250,1812.97337459,81,0
7603.63188217,7603.63087097,3704.62184204,3704.66231138,0.07542875,1812.79873893,81,0
7606.61026002,7606.61050441,3825.04604621,3825.03607076,0.07870042,1811.27279213,81,0
7607.93393437,7607.93264138,3879.26382020,3879.31709356,0.07368778,1810.50369665,81,0
7608.26069716,7608.26076026,3892.80021517,3892.79760844,0.06863648,1810.30490016,81,0
7608.90299503,7608.90466277,3919.46043049,3919.39123013,0.07361917,1809.90363766,81,0
7611.27396156,7611.27444610,4018.63928688,4018.61884016,0.07368108,1808.30006024,81,0
7577.64303350,7577.65236652,0.00000000,24.00000000,0.00000000,1807.00366351,80,4
7577.96344692,7577.96310459,31.95261338,31.96112347,0.03867268,1807.42152906,80,0
7579.97165112,7579.96430595,0.00000000,82.00000000,0.00000000,1810.02240842,80,4
7582.05661437,7582.05727912,134.22702615,134.21033778,0.02319372,1812.68915165,80,0
7584.16477161,7584.16579503,187.29471398,187.26888828,0.02536186,1815.35009906,80,0
7588.25422193,7588.24064418,0.00000000,291.00000000,0.00000000,1820.40951781,80,4
7588.52360368,7588.52362881,297.86201152,297.86137044,0.04918453,1820.73752109,80,0
7576.67565437,7590.08365498,0.00000000,-1.00000000,0.00000000,1805.73718153,80,4
7590.60916164,7590.60933643,351.21643419,351.21195037,0.03184589,1823.25976540,80,0
7592.61839222,7592.61916744,402.90724842,402.88725994,0.03620664,1825.65529205,80,0
7594.76291344,7594.76082107,458.28921616,458.34348033,0.02539035,1828.17412884,80,0
7597.14332592,7597.14893884,0.00000000,520.26110840,0.00000000,1830.92294603,80,2
7598.48038885,7598.47852612,555.16825500,555.21704227,0.06081024,1832.44524486,80,0
7599.08827534,7599.08110893,0.00000000,571.14626768,0.03272968,1833.13187669,80,0
7599.84436276,7599.83944345,0.00000000,591.00000000,0.00000000,1833.98147972,80,4
7599.97086929,7599.96926578,594.28881817,594.33097519,0.02759533,1834.12334920,80,0
7602.37464741,7602.37521876,657.75629808,657.74117896,0.03339704,1836.78717032,80,0
7603.04029091,7603.03431161,0.00000000,675.37628174,0.00000000,1837.51555952,80,1
7579.96684201,7603.25042090,0.00000000,81.87988143,0.06541829,1810.01621781,80,0
7603.63502785,7603.63087097,691.04987821,691.16029237,0.07946344,1838.16289976,80,0
7606.61113165,7606.61050441,770.51462447,770.53142638,0.02894778,1841.35238042,80,0
7607.93500137,7607.93264138,805.99674746,806.06019486,0.04286572,1842.74458167,80,0
7608.26004984,7608.26076026,814.82210650,814.80298947,0.03864165,1843.08380560,80,0
7608.90357599,7608.90466277,832.16529339,832.13599362,0.04751469,1843.75240589,80,0
7611.27491754,7611.27444610,896.28335093,896.29615445,0.02922314,1846.18189480,80,0
7617.13055464,7617.13007969,1056.67002742,1056.68314981,0.04363323,1851.94260417,80,0
7617.93877000,7617.93793263,1079.01515714,1079.03834478,0.09237977,1852.71013232,80,0
7621.45645010,7621.45282352,0.00000000,1177.00000000,0.00000000,1855.97139804,80,4
7621.67064441,7621.68390298,0.00000000,1183.00000000,0.00000000,1856.16574506,80,4
7622.90691540,7622.90501835,1217.64424161,1217.69761130,0.05452023,1857.27742036,80,0
7623.73984082,7623.73921516,1241.14347796,1241.16112514,0.05331808,1858.01735859,80,0
7624.06168764,7624.06079430,1250.21819574,1250.24341772,0.03720108,1858.30121773,80,0
7628.48526616,7628.48325996,1375.99176699,1376.04923975,0.06038458,1862.08641268,80,0
7628.99297403,7628.99304734,1390.60917120,1390.60706743,0.18464030,1862.50675695,80,0
7576.67565437,7630.14800111,0.00000000,-1.00000000,0.00000000,1805.73718153,80,4
7631.78445085,7631.78456948,0.00000000,1471.08239746,0.00000000,1864.76432027,80,3
7633.84591722,7633.84655321,0.00000000,1531.00000000,0.00000000,1866.37250474,80,4
7635.05939439,7635.05696728,1566.39982191,1566.47091466,0.06953402,1867.29531689,80,0
7636.84719440,7636.85441978,0.00000000,1619.00000000,0.00000000,1868.62199454,80,4
7637.17835340,7637.17994730,1628.80698087,1628.75994166,0.04798820,1868.86324256,80,0
7637.39821648,7637.39744639,1635.22835018,1635.25109515,0.05218742,1869.02278123,80,0
7638.41544048,7638.41478551,1665.32921261,1665.34862579,0.03386466,1869.75300571,80,0
7639.41270994,7639.41463941,0.00000000,1694.96411133,0.00000000,1870.45626621,80,2
7641.65720937,7641.64610178,0.00000000,1762.00000000,0.00000000,1871.99218857,80,4
7642.22349688,7642.22786203,0.00000000,1779.00000000,0.00000000,1872.36935819,80,4
7643.14922030,7643.15683666,0.00000000,1806.86674895,0.09192998,1872.97682865,80,0
7643.51174172,7643.51194098,1817.80744216,1817.80142521,0.05107166,1873.21153211,80,0
7643.76267730,7643.76230107,1825.37087143,1825.38224233,0.04217679,1873.37303611,80,0
7644.55563021,7644.55537375,1849.37434721,1849.38212056,0.02994101,1873.87779348,80,0
7645.71520613,7645.71496930,1884.60163776,1884.60884897,0.02183534,1874.60065836,80,0
7646.45074302,7646.44930394,1906.99403919,1907.03798455,0.06790196,1875.04974774,80,0
7651.00044192,7651.00069185,2047.16851256,2047.16074897,0.05723036,1877.65870323,80,0
7653.14028186,7653.13855474,2113.88519016,2113.93932481,0.06291064,1878.78273857,80,0
7654.33161050,7654.33178635,2151.37238541,2151.36684772,0.02023008,1879.37903764,80,0
7654.60423040,7654.60297294,2159.91711795,2159.95676164,0.06670576,1879.51247783,80,0
7656.23809480,7656.24098920,2211.74378973,2211.65192093,0.05942983,1880.28860756,80,0
7660.82539575,7660.82535985,2358.65913457,2358.66029611,0.03210993,1882.24321362,80,0
7668.39082448,7668.39674193,0.00000000,2607.62939453,0.00000000,1884.70032642,80,2
7670.84621396,7670.84974023,2690.41886143,2690.29944959,0.06830813,1885.27860933,80,0
7576.67565437,7672.97754903,0.00000000,-1.00000000,0.00000000,1805.73718153,80,4
7678.00689780,7678.00494051,2936.99211775,2937.06076969,0.08962906,1886.29868215,80,0
7576.67565437,7680.63367252,0.00000000,-1.00000000,0.00000000,1805.73718153,80,4
7682.10960471,7682.11109386,3082.58594190,3082.53255417,0.06403266,1886.40337978,80,0
7683.56594133,7683.56566799,3134.91985354,3134.92972786,0.08604618,1886.35063790,80,0
7684.73178155,7684.74188701,0.00000000,3177.17822266,0.00000000,1886.27317786,80,2
7694.02379628,7694.02535030,3524.19236221,3524.13273042,0.07309094,1884.45402264,80,0
7697.80564105,7697.80352745,3670.90539002,3670.98846207,0.05813594,1883.04631515,80,0
7699.12113818,7699.12119045,3722.92790065,3722.92582799,0.06855779,1882.45729096,80,0
7699.78554255,7699.78644880,3749.36206102,3749.32597144,0.08391201,1882.13958978,80,0
7705.71188424,7705.71694025,0.00000000,3990.12445642,0.05016970,1878.67102182,80,0
7672.97485532,7672.97754903,9.56104709,9.49505604,0.02524530,1876.70507612,79,0
7678.00750550,7678.00494051,133.46727877,133.53087732,0.03642333,1883.13403006,79,0
7680.59947771,7680.63367252,0.00000000,198.00000000,0.00000000,1886.36989875,79,4
7682.10991461,7682.11109386,235.78118308,235.75165105,0.03176021,1888.23122034,79,0
7683.56493137,7683.56566799,272.27773981,272.25922453,0.02663492,1890.00765724,79,0
7684.74613277,7684.74188701,0.00000000,302.00000000,0.00000000,1891.43771790,79,4
7694.02306642,7694.02535030,538.73843818,538.67946254,0.02310544,1902.27115950,79,0
7697.80451541,7697.80352745,636.79586282,636.82163639,0.03251602,1906.47852778,79,0
7699.12212358,7699.12119045,671.22475902,671.24918001,0.03095685,1907.91490912,79,0
7699.76119577,7699.78644880,0.00000000,688.00000000,0.00000000,1908.60636146,79,4
7672.58709261,7705.71694025,0.00000000,-1.00000000,0.00000000,1876.20190426,79,4
7708.41519938,7708.40689875,0.00000000,917.74567069,0.16669862,1917.59986829,79,0
7709.53474320,7709.53543229,947.90659801,947.88801664,0.04080719,1918.71204587,79,0
7710.02246268,7710.02179996,961.03113812,961.04903513,0.05184871,1919.19272738,79,0
7672.58709261,7714.05623867,0.00000000,-1.00000000,0.00000000,1876.20190426,79,4
7717.74349254,7717.74436093,1171.99701211,1171.97300956,0.04600954,1926.48785149,79,0
7672.58709261,7720.92463656,0.00000000,-1.00000000,0.00000000,1876.20190426,79,4
7724.04818028,7724.06645753,0.00000000,1348.00000000,0.00000000,1931.98767551,79,4
7727.10913592,7727.10925229,1434.75198230,1434.74866840,0.03747783,1934.50128482,79,0
7727.54348123,7727.54843203,0.00000000,1447.13708496,0.00000000,1934.84964953,79,2
7728.43476522,7728.43477886,1472.58985942,1472.58946907,0.01885713,1935.55706445,79,0
7730.31065985,7730.31421951,1526.54733901,1526.44484249,0.07517909,1937.01704860,79,0
7733.71359562,7733.72258458,0.00000000,1625.00000000,0.00000000,1939.55922449,79,4
7734.15947869,7734.15835633,0.00000000,1638.00000000,0.00000000,1939.88204221,79,4
7736.20543451,7736.20568149,1697.91422435,1697.90696617,0.06281918,1941.33198701,79,0
7739.22381414,7739.22046112,1787.00595148,1787.10557095,0.07423005,1943.37617622,79,0
7740.56337197,7740.58791492,0.00000000,1827.00000000,0.00000000,1944.24603338,79,4
7672.58709261,7749.24583069,0.00000000,-1.00000000,0.00000000,1876.20190426,79,4
7749.44227135,7749.43954935,2096.48545080,2096.56953488,0.17382532,1949.40436309,79,0
7750.32351026,7750.32334230,2123.83253673,2123.83774271,0.05691572,1949.85635704,79,0
7754.60601173,7754.60675002,2257.75892928,2257.73564820,0.04877261,1951.88974565,79,0
7756.32150829,7756.32132309,2312.02808646,2312.03396948,0.07597130,1952.62620435,79,0
7757.20624496,7757.20366703,2340.10419749,2340.18639058,0.06969274,1952.98802276,79,0
7760.13407584,7760.13972211,0.00000000,2434.12084961,0.00000000,1954.09636847,79,2
7762.01668166,7762.01670816,2495.16246530,2495.16160229,0.07434590,1954.73499882,79,0
7762.71095053,7762.70995043,2517.76765395,2517.80031292,0.04505331,1954.95551076,79,0
7763.96924434,7763.98722809,0.00000000,2559.00000000,0.00000000,1955.33412419,79,4
7764.78399417,7764.78505068,2585.83955420,2585.80473234,0.07316372,1955.56472446,79,0
7765.66298891,7765.67139241,0.00000000,2614.83837891,0.00000000,1955.80051112,79,2
7766.09308682,7766.09918628,0.00000000,2629.08653763,0.06812555,1955.91090102,79,0
7774.91975834,7774.90725454,0.00000000,2928.00000000,0.00000000,1957.41873501,79,4
7779.17615321,7779.17668013,3076.91146664,3076.89282415,0.06279794,1957.59394023,79,0
7781.45930623,7781.45661632,3158.03526057,3158.13156350,0.07779354,1957.52794536,79,0
7782.17538652,7782.18692596,0.00000000,3183.81933594,0.00000000,1957.48332771,79,2
7782.30583494,7782.30646839,0.00000000,3188.50952148,0.00000000,1957.47394902,79,1
7782.47777867,7782.47954742,3194.75950118,3194.69583048,0.07931668,1957.46099668,79,0
7784.43411105,7784.43510529,3265.54044774,3265.50427202,0.04759554,1957.26558468,79,0
7784.69558882,7784.69600750,3275.04124534,3275.02598666,0.08612172,1957.23268998,79,0
7672.58709261,7786.30108605,0.00000000,-1.00000000,0.00000000,1876.20190426,79,4
7791.35358275,7791.35371425,3522.41655450,3522.41157216,0.06524538,1955.82785094,79,0
7798.45965982,7798.46663542,0.00000000,3797.74403687,0.06341932,1953.01695936,79,0
7798.66776913,7798.65788003,0.00000000,3806.00000000,0.00000000,1952.91235646,79,4
7799.39648508,7799.38036339,0.00000000,3835.00000000,0.00000000,1952.53554391,79,4
7799.62068880,7799.62034299,3843.94019611,3843.95401074,0.05830002,1952.41624788,79,0
7801.27261992,7801.27147880,3910.28171704,3910.32783971,0.08141751,1951.48849721,79,0
7802.98284413,7802.97906575,0.00000000,3979.84887250,0.05977134,1950.43464074,79,0
7803.52169879,7803.52464636,4002.04663193,4001.92562081,0.06669302,1950.08239931,79,0
7804.55801135,7804.56398532,0.00000000,4044.63208008,0.00000000,1949.37693717,79,2
7779.17608349,7779.17668013,200.60250138,200.58779639,0.01849569,1958.68228787,78,0
7781.45955402,7781.45661632,256.95079294,257.02360977,0.03413104,1961.46254257,78,0
7782.30471128,7782.30646839,0.00000000,278.00000000,0.00000000,1962.48184270,78,4
7782.47000526,7782.47954742,0.00000000,282.10632324,0.00000000,1962.68048735,78,2
7784.43369867,7784.43510529,331.04184861,331.00672572,0.02557513,1965.02359803,78,0
7784.69601610,7784.69600750,337.55878059,337.55899552,0.01789332,1965.33440875,78,0
7786.29362718,7786.30108605,0.00000000,377.56799316,0.00000000,1967.21612700,78,2
7791.35420453,7791.35371425,505.33382793,505.34628701,0.02223747,1973.04031919,78,0
7798.45150896,7798.46663542,0.00000000,687.41583252,0.00000000,1980.85162931,78,2
7798.67085238,7798.65788003,0.00000000,693.09824357,0.18481722,1981.08621236,78,0
7799.37922856,7799.38036339,711.49693843,711.46746698,0.12333244,1981.84072553,78,0
7799.62111308,7799.62034299,717.73102859,717.75103938,0.06329032,1982.09748635,78,0
7770.95773629,7801.27147880,0.00000000,-1.00000000,0.00000000,1948.35287484,78,4
7802.98309165,7802.97906575,805.40595075,805.51152788,0.02221868,1985.61242068,78,0
7803.52047478,7803.52464636,819.72436716,819.61480348,0.03470227,1986.16489582,78,0
7770.95773629,7804.56398532,0.00000000,-1.00000000,0.00000000,1948.35287484,78,4
7805.73200126,7805.74042468,0.00000000,877.88006592,0.00000000,1988.41102912,78,2
7805.91587644,7805.92724658,0.00000000,882.74096680,0.00000000,1988.59577476,78,2
7807.38111145,7807.38048027,921.54884753,921.56561422,0.01183544,1990.05675913,78,0
7808.91629083,7808.91331931,962.34407559,962.42333262,0.03475130,1991.56622433,78,0
7810.35277183,7810.35551759,1000.89850279,1000.82495583,0.04540459,1992.95875881,78,0
7814.06810439,7814.06577240,1100.81376816,1100.87690545,0.06835855,1996.46772979,78,0
7815.69960376,7815.70022750,1145.18172900,1145.16475269,0.04696465,1997.96600955,78,0
7816.60806537,7816.60922152,1169.95579755,1169.92424616,0.03764251,1998.78894239,78,0
7817.59075701,7817.59003323,1196.76053703,1196.78034740,0.04117735,1999.66964894,78,0
7818.10886987,7818.10818550,1210.95507289,1210.97383750,0.04347246,2000.13009781,78,0
7818.47954104,7818.47927355,1221.13593591,1221.14327877,0.04654715,2000.45787466,78,0
7826.07253442,7826.07205944,1432.07984859,1432.09320205,0.05455164,2006.85655823,78,0
7831.99001287,7831.98906861,1600.12287271,1600.14995663,0.05588501,2011.40751629,78,0
7832.37152828,7832.36973280,1611.04842059,1611.09998757,0.06481676,2011.68722683,78,0
7834.19156786,7834.19144258,1663.53846500,1663.54208591,0.00671992,2012.99830902,78,0
7834.94419139,7834.94365651,1685.30751876,1685.32301793,0.05098938,2013.52897981,78,0
7836.62621921,7836.62418508,1734.14960100,1734.20890242,0.05271982,2014.69041025,78,0
7837.26256300,7837.26331835,1752.80326540,1752.78119563,0.07013087,2015.12090707,78,0
7837.89578991,7837.89514036,1771.28360549,1771.30262502,0.04119216,2015.54433364,78,0
7838.78057395,7838.77687502,1797.15252626,1797.26118658,0.05376195,2016.12788300,78,0
7846.87908735,7846.87893708,2038.73730428,2038.74185215,0.04227901,2021.00262682,78,0
7847.35366667,7847.35366092,2053.11777697,2053.11795108,0.08422870,2021.26129618,78,0
7847.90166613,7847.90058552,2069.72122742,2069.75407218,0.04831585,2021.55620596,78,0
7851.07986492,7851.07985590,2166.96506571,2166.96534336,0.06033128,2023.18456611,78,0
7851.79710959,7851.79880980,2189.12715030,2189.07466079,0.07219896,2023.53228741,78,0
7856.87827130,7856.87716388,2347.51615735,2347.55104922,0.01791083,2025.77919427,78,0
7858.81947303,7858.81709188,2408.90607997,2408.98174280,0.06646178,2026.53424964,78,0
7859.47096812,7859.47173026,2429.73261081,2429.70832678,0.05180679,2026.77438728,78,0
7864.42673135,7864.42651372,2589.33316725,2589.34025405,0.03958857,2028.37665692,78,0
7867.92466444,7867.93346749,0.00000000,2704.16703790,0.01630578,2029.25844727,78,0
7869.73072105,7869.73073450,2764.18506080,2764.18461187,0.07406013,2029.62912385,78,0
7873.15245485,7873.15785693,0.00000000,2879.31787109,0.00000000,2030.16671491,78,2
7873.31243835,7873.32035215,0.00000000,2884.74780273,0.00000000,2030.18643423,78,2
7877.56031216,7877.56018824,3030.50568709,3030.50998551,0.04064230,2030.52595917,78,0
7770.95773629,7884.11295112,0.00000000,-1.00000000,0.00000000,1948.35287484,78,4
7889.78450077,7889.78345955,3468.71513643,3468.75376409,0.05395765,2029.33799691,78,0
7890.77270412,7890.77382086,3505.56561488,3505.52394142,0.05874920,2029.08723919,78,0
7891.10104692,7891.10147072,3517.80394382,3517.78809975,0.08436822,2028.99839032,78,0
7891.52581652,7891.53170204,0.00000000,3533.68041992,0.00000000,2028.87937732,78,2
7894.28233173,7894.28194642,3637.84886400,3637.86354844,0.08634801,2027.99065455,78,0
7894.67144718,7894.67292475,3652.77078386,3652.71430789,0.07909607,2027.84862652,78,0
7897.68110500,7897.67727461,0.00000000,3768.84684249,0.05254208,2026.60577441,78,0
7900.61783024,7900.61877601,3884.40267916,3884.36510805,0.07283064,2025.13664363,78,0
7901.27828017,7901.27620775,3910.58286215,3910.66557891,0.13223972,2024.76966108,78,0
7902.60792710,7902.60775919,3963.96425873,3963.97102455,0.06530708,2023.98885142,78,0
7905.04980881,7905.05048824,4063.20715986,4063.17931545,0.09143289,2022.40354966,78,0
7905.77524799,7905.77106624,0.00000000,4092.95605469,0.00000000,2021.89415989,78,2
7873.13851988,7873.15785693,0.00000000,30.00000000,0.00000000,2023.85706615,77,4
7873.30559283,7873.32035215,0.00000000,34.00000000,0.00000000,2024.06859434,77,4
7877.56123323,7877.56018824,136.38881199,136.41408480,0.01388955,2029.38943129,77,0
7884.10838761,7884.11295112,0.00000000,296.00000000,0.00000000,2037.31680397,77,4
7889.76690719,7889.78345955,0.00000000,436.00000000,0.00000000,2043.90748581,77,4
7890.77389493,7890.77382086,461.12220833,461.12405895,0.03854953,2045.05433795,77,0
7891.08908510,7891.10147072,0.00000000,469.00000000,0.00000000,2045.41160935,77,4
7891.51932104,7891.53170204,0.00000000,479.76214600,0.00000000,2045.89807290,77,2
7894.28473725,7894.28194642,549.15422500,549.22457864,0.04779139,2048.98975195,77,0
7894.67219753,7894.67292475,559.01564715,558.99729513,0.04973286,2049.41804016,77,0
7897.68145910,7897.67727461,635.11973088,635.22615428,0.02523858,2052.70224323,77,0
7900.61877006,7900.61877601,710.21785899,710.21770635,0.03370525,2055.83546788,77,0
7901.27265274,7901.27620775,0.00000000,727.00000000,0.00000000,2056.52339721,77,4
7902.60884218,7902.60775919,761.33405674,761.36196609,0.02385446,2057.91683060,77,0
7905.03069115,7905.05048824,0.00000000,824.00000000,0.00000000,2060.40469327,77,4
7905.77563386,7905.77106624,0.00000000,843.34765625,0.00000000,2061.15952256,77,2
7906.46940219,7906.46835900,861.35899304,861.38616686,0.02184194,2061.85748808,77,0
7907.70219820,7907.70382999,893.60092243,893.55825515,0.00880632,2063.08846399,77,0
7909.27874929,7909.27906711,934.88428768,934.87594168,0.03712978,2064.64332715,77,0
7910.15793656,7910.15775919,957.98519413,957.98986291,0.03920249,2065.50038003,77,0
7911.84720803,7911.84827965,1002.59907902,1002.57073237,0.03536381,2067.12755590,77,0
7913.39499632,7913.39487793,1043.59983486,1043.60298091,0.02368549,2068.59512024,77,0
7919.30648838,7919.30289394,1201.96342935,1202.06063992,0.04827483,2073.99203924,77,0
7920.55904581,7920.55602646,0.00000000,1236.00000000,0.00000000,2075.09215181,77,4
7921.00075576,7920.99394395,0.00000000,1248.00000000,0.00000000,2075.47641032,77,4
7871.88342365,7921.58790609,0.00000000,-1.00000000,0.00000000,2022.26170026,77,4
7926.14226988,7926.13992335,1388.83330750,1388.89814934,0.05037098,2079.80421340,77,0
7931.08653499,7931.08988418,1526.69625562,1526.60222299,0.06997181,2083.70651469,77,0
7933.90718607,7933.90597105,1606.12525906,1606.15969348,0.05985261,2085.81364107,77,0
7936.56463894,7936.56529201,1681.84070062,1681.82202344,0.04401429,2087.71749421,77,0
7940.57775343,7940.57528604,1797.33343912,1797.40501232,0.10684830,2090.43747950,77,0
7948.44159550,7948.44170767,2028.79778002,2028.79443246,0.04610653,2095.19862997,77,0
7951.87346194,7951.87236175,2131.88885654,2131.92213850,0.10165589,2097.02664002,77,0
7956.15280557,7956.15223008,2262.46927573,2262.48698070,0.01653064,2099.08085417,77,0
7958.14099356,7958.13962735,2323.86932622,2323.91170315,0.11545889,2099.94667408,77,0
7958.93009079,7958.93171498,2348.47540537,2348.42487311,0.03011232,2100.27422527,77,0
7959.26280844,7959.26223527,2358.76568435,2358.78354162,0.05572095,2100.40955713,77,0
7959.45400312,7959.46177305,0.00000000,2364.74609375,0.00000000,2100.48662474,77,2
7960.16866164,7960.16576278,2386.97977047,2387.07045115,0.07684131,2100.76978191,77,0
7962.16753460,7962.16715604,2449.84629526,2449.85823872,0.06720562,2101.52053346,77,0
7962.53642534,7962.54202799,0.00000000,2461.50720741,0.04146318,2101.65241317,77,0
7964.37140509,7964.37190298,2519.73831822,2519.72246203,0.05515194,2102.27672238,77,0
7964.61896878,7964.62058369,2527.66214066,2527.61065745,0.04716261,2102.35685976,77,0
7965.33700264,7965.33586614,2550.49969703,2550.53603896,0.03782036,2102.58372259,77,0
7966.15415005,7966.15404191,2576.70950901,2576.71297964,0.04606665,2102.83177043,77,0
7966.76128140,7966.76096876,2596.21479758,2596.22485909,0.05832067,2103.00903624,77,0
7969.01348115,7969.01199939,2669.02259735,2669.07077422,0.08509183,2103.61327141,77,0
7972.64083772,7972.65086748,0.00000000,2788.00000000,0.00000000,2104.40442221,77,4
7976.12332610,7976.12268291,2904.08358899,2904.10520508,0.08436431,2104.94276418,77,0
7976.86278890,7976.86000408,0.00000000,2929.00000000,0.00000000,2105.02805347,77,4
7977.28965825,7977.29181122,2943.48992281,2943.41713774,0.04783336,2105.07257609,77,0
7979.08796423,7979.08803734,3004.48687863,3004.48438484,0.03800996,2105.22152956,77,0
7979.37549183,7979.37576283,3014.30901255,3014.29975436,0.05100796,2105.23948629,77,0
7979.82541952,7979.82356961,3029.62509360,3029.68843968,0.03636436,2105.26430121,77,0
7980.69052699,7980.69545497,0.00000000,3059.38305664,0.00000000,2105.30066030,77,2
7980.99394252,7980.98416692,0.00000000,3069.82637400,0.09195888,2105.30983774,77,0
7981.28203261,7981.28295215,3079.79309567,3079.76136449,0.05473141,2105.31682448,77,0
7989.74480793,7989.74542058,3378.36777565,3378.34565292,0.06267645,2104.73168604,77,0
7991.38555703,7991.38556715,3437.87353060,3437.87316150,0.06857723,2104.43057116,77,0
7992.82680194,7992.82700757,3490.63257861,3490.62502015,0.07095261,2104.11232683,77,0
7993.51067836,7993.51089926,3515.82011737,3515.81196622,0.06851603,2103.94332280,77,0
7994.39671997,7994.39649229,3548.57890434,3548.58734706,0.07026362,2103.70688107,77,0
7995.24330783,7995.24690988,3580.20092964,3580.06662626,0.10379931,2103.46218809,77,0
7997.72262798,7997.72288789,3673.21787544,3673.20803138,0.06445601,2102.63704744,77,0
7998.96111090,7998.96270079,3720.34897598,3720.28831041,0.07264390,2102.16235528,77,0
7999.64480044,7999.64666381,0.00000000,3746.41967773,0.00000000,2101.88216416,77,3
8000.58210300,8000.57431955,0.00000000,3782.44275636,0.02597357,2101.47632431,77,0
8000.80571142,8000.80581562,3791.08820090,3791.08417869,0.08450212,2101.37559068,77,0
8003.76132903,8003.76146903,3906.29110565,3906.28559277,0.07421356,2099.90761134,77,0
8005.25831331,8005.25784759,3965.50444760,3965.52298049,0.07366816,2099.06202067,77,0
7976.12327439,7976.12268291,15.50990745,15.52386535,0.01942764,2098.88379850,76,0
7977.28857996,7977.29181122,43.13889913,43.06242817,0.03705282,2100.33877068,76,0
7979.09964638,7979.08803734,0.00000000,86.00000000,0.00000000,2102.58220282,76,4
7979.35209922,7979.37576283,0.00000000,92.00000000,0.00000000,2102.89325393,76,4
7979.81454806,7979.82356961,0.00000000,103.00000000,0.00000000,2103.46195843,76,4
7980.69429213,7980.69545497,123.98875927,123.96102782,0.11117218,2104.54007530,76,0
7980.99514801,7980.98416692,0.00000000,131.13568323,0.11587748,2104.90741779,76,0
7981.28221120,7981.28295215,138.00886476,137.99117108,0.02744635,2105.25761744,76,0
7989.74632175,7989.74542058,342.11891752,342.14087846,0.03397827,2115.32629980,76,0
7991.38642144,7991.38556715,382.16973373,382.19063542,0.02417214,2117.21959511,76,0
7992.80645793,7992.82700757,0.00000000,417.00000000,0.00000000,2118.84325112,76,4
7993.51210520,7993.51089926,434.30674953,434.33641331,0.02394501,2119.64428705,76,0
7994.39693979,7994.39649229,456.11545101,456.12648376,0.02598600,2120.64392571,76,0
7995.24093229,7995.24690988,0.00000000,476.95248413,0.00000000,2121.59185752,76,2
7997.72334260,7997.72288789,538.45615853,538.46746173,0.01329616,2124.34908944,76,0
7998.96307720,7998.96270079,569.32691818,569.33630591,0.06768969,2125.70861252,76,0
7999.65009177,7999.64666381,586.39427284,586.47990768,0.06103323,2126.45669104,76,0
7996.51591338,8000.57431955,0.00000000,508.49752466,0.04106129,2123.01375272,76,0
8000.80729221,8000.80581562,615.39492771,615.43192159,0.03485843,2127.70875124,76,0
8003.76044889,8003.76146903,689.73015605,689.70439613,0.02470126,2130.85581230,76,0
8005.25765667,8005.25784759,727.59670960,727.59187005,0.02519046,2132.42514185,76,0
8010.46269884,8010.46485453,860.53104115,860.47561052,0.03014581,2137.73649915,76,0
8014.09886655,8014.09839136,954.45682915,954.46917281,0.00648490,2141.31189456,76,0
8014.92678092,8014.91357340,0.00000000,976.00000000,0.00000000,2142.10969187,76,4
8015.17293434,8015.17235522,982.40052787,982.41562049,0.02045581,2142.34588462,76,0
8016.25326501,8016.25465106,1010.64695485,1010.61072999,0.02699640,2143.37556550,76,0
8021.60918306,8021.60971275,1151.68859879,1151.67453576,0.02141365,2148.32319918,76,0
8022.71674143,8022.71596180,1181.10520666,1181.12597015,0.07731094,2149.31322163,76,0
8027.46721310,8027.47541250,0.00000000,1308.58496094,0.00000000,2153.42654220,76,2
8032.27133618,8032.27739190,0.00000000,1439.39051306,0.15758209,2157.35827210,76,0
8033.03560392,8033.03453366,1460.34209783,1460.37153153,0.02535655,2157.96159432,76,0
8033.84021475,8033.84009064,1482.52694241,1482.53036502,0.01678817,2158.59058101,76,0
8036.99577320,8037.00956812,0.00000000,1570.00000000,0.00000000,2160.99112012,76,4
8040.15267633,8040.15181510,1658.38452085,1658.40876988,0.02366939,2163.28391462,76,0
8041.21368425,8041.21338756,1688.32640658,1688.33478944,0.03962363,2164.02960250,76,0
8042.04977827,8042.05258579,0.00000000,1712.00000000,0.00000000,2164.60839248,76,4
8042.33194931,8042.37540885,0.00000000,1720.00000000,0.00000000,2164.80187606,76,4
8044.12435652,8044.12335610,0.00000000,1771.00000000,0.00000000,2166.00948984,76,4
8047.86830964,8047.86835662,1878.56201710,1878.56065836,0.00986313,2168.40991539,76,0
8048.72875595,8048.73370870,0.00000000,1903.49165124,0.07798254,2168.93793536,76,0
8048.99213957,8048.99072838,1911.09493939,1911.13592839,0.05586129,2169.09769761,76,0
8050.29082978,8050.29985412,0.00000000,1948.93940693,0.10164062,2169.87302605,76,0
8051.35378569,8051.35535769,1980.06257431,1980.01651792,0.05950650,2170.49202710,76,0
8054.63386903,8054.63848526,0.00000000,2076.68139960,0.08227224,2172.31147121,76,0
8057.82877947,8057.84639858,0.00000000,2172.00000000,0.00000000,2173.94865537,76,4
8067.69592302,8067.69548293,2474.10813857,2474.12189180,0.06981278,2178.11011547,76,0
8068.07626461,8068.07603131,2486.01010309,2486.01740575,0.07687489,2178.24205532,76,0
8069.62539584,8069.63016430,0.00000000,2534.65576172,0.00000000,2178.75643057,76,2
8069.76325167,8069.76939361,0.00000000,2539.00000000,0.00000000,2178.80041169,76,4
8072.43604353,8072.44383854,0.00000000,2623.74438477,0.00000000,2179.59408885,76,2
8072.57730764,8072.57472376,2628.16156129,2628.24400601,0.09478718,2179.63281371,76,0
8075.43645692,8075.45083664,0.00000000,2720.07934570,0.00000000,2180.34800180,76,2
8076.25157649,8076.25776818,0.00000000,2746.47705078,0.00000000,2180.52708644,76,2
8079.53932627,8079.53874445,2853.95347434,2853.97264743,0.07282118,2181.13440124,76,0
8080.22443644,8080.22761156,0.00000000,2876.57568359,0.00000000,2181.23722053,76,2
8081.77226562,8081.77218000,2927.92671149,2927.92956225,0.07200375,2181.43874446,76,0
8082.84342270,8082.84324463,2963.68282051,2963.68878081,0.04989605,2181.55278711,76,0
8086.03474775,8086.03363605,3071.33278496,3071.37060807,0.04648902,2181.76613243,76,0
8097.13035815,8097.13790714,0.00000000,3460.00000000,0.00000000,2180.92166365,76,4
8097.71352035,8097.71309651,3481.08006693,3481.09542237,0.09512712,2180.80394902,76,0
8098.72591933,8098.72865312,3517.96814396,3517.86852897,0.08619890,2180.58116432,76,0
8099.86055811,8099.86090867,3559.36454146,3559.35168727,0.06821768,2180.30305482,76,0
8100.74833412,8100.74904987,3592.02555520,3591.99915679,0.07077129,2180.06424271,76,0
8101.31217332,8101.31387244,3612.89090029,3612.82803990,0.07229961,2179.90271918,76,0
8101.94674097,8101.94773865,3636.38195012,3636.34490476,0.05337348,2179.71178234,76,0
8104.11239939,8104.11238754,3717.34090907,3717.34135521,0.06780622,2178.98474786,76,0
8105.30367967,8105.30581286,3762.43819864,3762.35728638,0.06636752,2178.53428022,76,0
8107.22947189,8107.23021090,3835.86170477,3835.83333458,0.06743044,2177.72804436,76,0
8107.85410567,8107.84707909,0.00000000,3859.85938170,0.05661183,2177.44536344,76,0
8109.68355720,8109.68516046,3930.88431713,3930.82176090,0.06971627,2176.55580391,76,0
8110.53151230,8110.57016683,0.00000000,3964.00000000,0.00000000,2176.11194910,76,4
8112.31498144,8112.31925877,0.00000000,4034.42333984,0.00000000,2175.11102248,76,2
8082.84277921,8082.84324463,24.09009212,24.07924138,0.02348464,2176.96543975,75,0
8086.04497536,8086.03363605,0.00000000,99.00000000,0.00000000,2180.91415488,75,4
8097.72340165,8097.71309651,0.00000000,377.00000000,0.00000000,2194.72044359,75,4
8099.85428102,8099.86090867,0.00000000,428.56616211,0.00000000,2197.13530658,75,2
8100.74945909,8100.74904987,450.29853062,450.30848305,0.02282659,2198.13984193,75,0
8101.31136463,8101.31387244,464.04500663,463.98393038,0.03545563,2198.76752242,75,0
8101.94742088,8101.94773865,479.49415065,479.48639992,0.02342940,2199.47518547,75,0
8104.11354660,8104.11238754,532.42851928,532.45693995,0.01460993,2201.86215246,75,0
8105.31658899,8105.30581286,0.00000000,562.00000000,0.00000000,2203.17256825,75,4
8107.23013087,8107.23021090,609.18400088,609.18202314,0.04407719,2205.23442936,75,0
8107.85422801,8107.84707909,0.00000000,624.61830998,0.00488274,2205.90073752,75,0
8109.68545850,8109.68516046,670.04739339,670.05480405,0.03915197,2207.83838614,75,0
8110.56649405,8110.57016683,0.00000000,692.00000000,0.00000000,2208.76162134,75,4
8112.31994957,8112.31925877,735.79238425,735.80968177,0.02938830,2210.58012156,75,0
8115.96285997,8115.96949888,0.00000000,827.50305176,0.00000000,2214.28032458,75,2
8081.80884949,8116.75578710,0.00000000,-1.00000000,0.00000000,2175.67572770,75,4
8117.20068653,8117.20434834,858.95575921,858.86283333,0.03253435,2215.51295516,75,0
8118.42845093,8118.42704792,890.02107277,890.05680484,0.06443501,2216.72246221,75,0
8119.52364143,8119.51612653,0.00000000,918.00000000,0.00000000,2217.79186720,75,4
8124.67565079,8124.67508069,1050.52118542,1050.53595814,0.00762092,2222.68332658,75,0
8128.47510431,8128.47555788,1149.52550416,1149.51362062,0.00573272,2226.14169883,75,0
8128.83692320,8128.83677676,1158.99427942,1158.99812009,0.04315362,2226.46436952,75,0
8130.28247977,8130.28950142,0.00000000,1197.00000000,0.00000000,2227.74192501,75,4
8132.18118803,8132.16390140,0.00000000,1247.15041301,0.11040182,2229.39042069,75,0
8134.02821237,8134.02625916,1296.15215103,1296.20419302,0.03882861,2230.96163857,75,0
8139.45597286,8139.47198823,0.00000000,1442.00000000,0.00000000,2235.39102509,75,4
8142.11903874,8142.11853476,1514.42112841,1514.43489616,0.03362273,2237.45789774,75,0
8144.14784256,8144.14271258,0.00000000,1570.04828277,0.07163011,2238.98456003,75,0
8147.24790213,8147.24883648,1655.75155037,1655.72559140,0.04545454,2241.23418149,75,0
8081.80884949,8149.75136268,0.00000000,-1.00000000,0.00000000,2175.67572770,75,4
8150.00168519,8150.00694665,0.00000000,1732.59008789,0.00000000,2243.14681759,75,2
8154.54008916,8154.53961156,1860.82789793,1860.84150179,0.06239706,2246.11586190,75,0
8155.08492747,8155.09038174,0.00000000,1876.38296975,0.07601474,2246.45677074,75,0
8155.98083405,8155.97998505,1901.96487569,1901.98918840,0.05471368,2247.00955367,75,0
8081.80884949,8159.81442300,0.00000000,-1.00000000,0.00000000,2175.67572770,75,4
8160.70571703,8160.70603302,2038.43053571,2038.42133586,0.01827665,2249.76807701,75,0
8161.22579654,8161.22669348,2053.60434343,2053.57817684,0.06501651,2250.05512336,75,0
8081.80884949,8162.39543320,0.00000000,-1.00000000,0.00000000,2175.67572770,75,4
8163.20097502,8163.20202529,2111.46399464,2111.43311474,0.08098253,2251.11511490,75,0
8163.43736299,8163.43699568,2118.37548933,2118.38629797,0.02713322,2251.23870047,75,0
8163.79715392,8163.79139205,0.00000000,2128.98908419,0.07618680,2251.42558104,75,0
8167.16753892,8167.16633725,2228.90836422,2228.94423998,0.07954275,2253.09396206,75,0
8168.17994484,8168.17987029,2259.22048486,2259.22271867,0.04704851,2253.56601916,75,0
8170.02353078,8170.02362953,2314.67697881,2314.67399778,0.04354470,2254.39034154,75,0
8174.52096946,8174.52091937,2451.67382239,2451.67536255,0.03871025,2256.20395843,75,0
8175.79356600,8175.79459891,2490.94433560,2490.91240387,0.06928649,2256.66486065,75,0
8176.57225162,8176.57192267,2515.01266003,2515.02286105,0.07527155,2256.93514625,75,0
8176.90392870,8176.90449405,2525.33297817,2525.31542259,0.08674453,2257.04753065,75,0
8178.11231919,8178.11193101,2562.92064814,2562.93276280,0.06573511,2257.44301027,75,0
8185.93130366,8185.93068917,2811.22208810,2811.24195005,0.06906735,2259.45168409,75,0
8188.55916168,8188.55908083,2896.70316730,2896.70581234,0.04794605,2259.90090823,75,0
8189.05743202,8189.05782977,2913.03655361,2913.02351286,0.09029677,2259.97256225,75,0
8190.39419469,8190.39727876,0.00000000,2957.00000000,0.00000000,2260.14311936,75,4
8190.78767381,8190.80408775,0.00000000,2970.00000000,0.00000000,2260.18723634,75,4
8195.11490976,8195.11517284,3114.64549100,3114.63660495,0.04665952,2260.48390733,75,0
8199.11791538,8199.12245115,0.00000000,3251.27929688,0.00000000,2260.43636749,75,4
8199.91003697,8199.91446080,0.00000000,3278.65917969,0.00000000,2260.38847317,75,2
8201.23891975,8201.23495169,0.00000000,3324.85329466,0.06546105,2260.27859523,75,0
8201.96850447,8201.96797187,3350.33062454,3350.34927852,0.06050220,2260.20230533,75,0
8202.48072648,8202.48195166,3368.35831305,3368.31527846,0.06839920,2260.14185969,75,0
8203.24448462,8203.24515337,3395.22348048,3395.19988976,0.06097537,2260.04107670,75,0
8203.66351244,8203.65280864,0.00000000,3410.00000000,0.00000000,2259.98030721,75,4
8205.32466535,8205.32442887,3468.99614449,3469.00458375,0.07847319,2259.70068236,75,0
8207.62237175,8207.62229268,3551.53085809,3551.53371603,0.07729316,2259.20928273,75,0
8208.07718741,8208.09220239,0.00000000,3568.00000000,0.00000000,2259.09722676,75,4
8209.78704351,8209.78393890,3630.18609755,3630.29979610,0.06919445,2258.63103723,75,0
8212.42174602,8212.42695610,0.00000000,3727.56469727,0.00000000,2257.76946907,75,2
8213.07704116,8213.09786713,0.00000000,3752.00000000,0.00000000,2257.52736117,75,4
8213.57057227,8213.57161272,3770.52409889,3770.48509850,0.09036221,2257.33735479,75,0
8215.85927013,8215.85820686,3856.83599459,3856.87642191,0.06828045,2256.37099505,75,0
8217.41785736,8217.41829546,3916.46971519,3916.45288145,0.05861868,2255.62927577,75,0
8218.11957501,8218.12011808,3943.49372212,3943.47276280,0.07273393,2255.27258973,75,0
8219.11349016,8219.11538658,3982.03069639,3981.95701071,0.09874859,2254.74267792,75,0
8221.70728884,8221.70836078,4083.70651644,4083.66412160,0.09284233,2253.21823661,75,0
8195.11571150,8195.11517284,94.27932744,94.29180283,0.01884437,2260.34747329,74,0
8199.10012704,8199.12245115,0.00000000,187.00000000,0.00000000,2265.11572748,74,4
8199.91220483,8199.91446080,0.00000000,206.00000000,0.00000000,2266.07506467,74,4
8201.23936243,8201.23495169,237.02808741,237.13169669,0.04914199,2267.63379160,74,0
8201.96839229,8201.96797187,254.25245591,254.26234912,0.03339052,2268.48453232,74,0
8202.46670065,8202.48195166,0.00000000,266.00000000,0.00000000,2269.06458919,74,4
8203.24542040,8203.24515337,284.34953357,284.35583485,0.02792734,2269.96704852,74,0
8203.65361478,8203.65280864,0.00000000,294.00000000,0.00000000,2270.43892385,74,4
8191.02686861,8205.32442887,0.00000000,-1.00000000,0.00000000,2255.34921355,74,4
8207.62483543,8207.62229268,388.19012346,388.25076334,0.04678361,2274.96788518,74,0
8208.07509935,8208.09220239,0.00000000,399.00000000,0.00000000,2275.47488847,74,4
8209.78394609,8209.78393890,439.87747024,439.87764275,0.03906362,2277.38513411,74,0
8212.42726848,8212.42695610,503.44843204,503.45596877,0.08739617,2280.30015427,74,0
8213.07114098,8213.09786713,0.00000000,519.00000000,0.00000000,2281.00245575,74,4
8213.57099030,8213.57161272,531.10426620,531.08920612,0.04074861,2281.54584324,74,0
8215.83402549,8215.85820686,0.00000000,586.00000000,0.00000000,2283.98292154,74,4
8217.41704452,8217.41829546,624.62898682,624.59842402,0.01915572,2285.66554029,74,0
8218.12865626,8218.12011808,0.00000000,642.00000000,0.00000000,2286.41589681,74,4
8219.10939361,8219.11538658,0.00000000,666.03466797,0.00000000,2287.44386153,74,2
8221.70618901,8221.70836078,730.01546533,729.96182579,0.03538774,2290.13053548,74,0
8222.91726964,8222.91627598,759.89439878,759.91902041,0.05311406,2291.36579119,74,0
8225.37355899,8225.38142735,0.00000000,821.00000000,0.00000000,2293.83742464,74,4
8231.29405925,8231.29691065,969.93311437,969.86082977,0.03368648,2299.59695969,74,0
8233.10074632,8233.10117343,1015.78478376,1015.77390428,0.02908892,2301.29778456,74,0
8234.65332993,8234.65298091,1055.40154511,1055.41047511,0.01818302,2302.73743441,74,0
8234.93325860,8234.92834012,1062.44540872,1062.57135095,0.03057260,2302.99469333,74,0
8235.60379833,8235.60479248,1079.78403452,1079.75853628,0.03383889,2303.60861568,74,0
8237.28407793,8237.29439979,0.00000000,1122.96813965,0.00000000,2305.12998841,74,2
8239.38155644,8239.38216307,1177.20612503,1177.19039433,0.08579353,2306.99443843,74,0
8239.61455358,8239.61846009,0.00000000,1183.24609375,0.00000000,2307.19957913,74,2
8240.99442510,8240.99252565,1219.06591320,1219.11541174,0.04998094,2308.40195905,74,0
8241.88019668,8241.88807080,0.00000000,1242.24096680,0.00000000,2309.16561704,74,2
8191.02686861,8242.80150789,0.00000000,-1.00000000,0.00000000,2255.34921355,74,4
8191.02686861,8245.38601840,0.00000000,-1.00000000,0.00000000,2255.34921355,74,4
8247.52460406,8247.52534615,1390.97408244,1390.95435811,0.04805797,2313.86035998,74,0
8248.94512677,8248.94490175,1428.77895982,1428.78496417,0.04048114,2314.99495454,74,0
8249.65575437,8249.65595223,1447.77360749,1447.76831561,0.05966866,2315.55517125,74,0
8253.50305593,8253.50845421,0.00000000,1551.32165527,0.00000000,2318.50381142,74,2
8253.72337958,8253.72052275,1557.20120390,1557.27862026,0.05703242,2318.66791642,74,0
8255.44246572,8255.46812244,0.00000000,1604.00000000,0.00000000,2319.93420157,74,4
8259.92355653,8259.90511612,0.00000000,1727.00000000,0.00000000,2323.09130987,74,4
8263.39456867,8263.39285395,1823.49670991,1823.54469129,0.05371601,2325.39012993,74,0
8264.33828025,8264.32894268,0.00000000,1850.00000000,0.00000000,2325.99254013,74,4
8265.29410289,8265.28807398,0.00000000,1876.87714739,0.05371391,2326.59243580,74,0
8270.28459279,8270.28500820,2018.70043298,2018.68852617,0.04095808,2329.55540448,74,0
8272.33906358,8272.33942593,2077.80893990,2077.79847176,0.05012115,2330.69003533,74,0
8272.91720730,8272.91692390,2094.51154072,2094.51974649,0.01528436,2331.00028727,74,0
8275.19611768,8275.19608715,2160.77473253,2160.77562382,0.08163867,2332.18315767,74,0
8276.68558368,8276.68637162,2204.41586683,2204.39272398,0.06075633,2332.92135956,74,0
8277.76269703,8277.76143878,2236.05571591,2236.09281681,0.08510622,2333.43769766,74,0
8278.24876380,8278.24941218,2250.45603073,2250.43688020,0.01976707,2333.66575697,74,0
8279.01367597,8279.02032133,0.00000000,2273.06201172,0.00000000,2334.01841251,74,2
8191.02686861,8280.13263105,0.00000000,-1.00000000,0.00000000,2255.34921355,74,4
8281.62179431,8281.61901571,2350.64769566,2350.73086705,0.04975548,2335.16322858,74,0
8283.26542506,8283.26646484,2400.11814181,2400.08680808,0.06837460,2335.83777086,74,0
8284.93926706,8284.94439799,0.00000000,2450.69750977,0.00000000,2336.48674036,74,2
8285.65732855,8285.65679521,2472.49610075,2472.51233146,0.03315688,2336.75312769,74,0
8291.39131231,8291.39031845,2649.04960455,2649.08058399,0.08294165,2338.61361589,74,0
8291.78848126,8291.78857705,2661.47499117,2661.47199993,0.02547516,2338.72442697,74,0
8296.18140030,8296.17752691,0.00000000,2800.00000000,0.00000000,2339.78690801,74,4
8296.65652611,8296.65614932,2815.13177197,2815.14379723,0.07166610,2339.88343685,74,0
8306.88144062,8306.88224823,3149.45715486,3149.43008362,0.04481330,2341.03022839,74,0
8307.65354930,8307.65039458,3175.24953766,3175.35568191,0.06626261,2341.04055623,74,0
8191.02686861,8309.85057406,0.00000000,-1.00000000,0.00000000,2255.34921355,74,4
8310.68418584,8310.67647515,0.00000000,3278.12793169,0.06264945,2340.97026600,74,0
8312.98129053,8312.98097056,0.00000000,3357.11865234,0.00000000,2340.79555537,74,2
8313.14751330,8313.16009495,0.00000000,3362.87231445,0.00000000,2340.77873276,74,2
8318.69345885,8318.69343134,3557.89089388,3557.89187628,0.06835187,2339.87978183,74,0
8320.63921597,8320.63871970,3627.75652223,3627.77444225,0.06940439,2339.40233308,74,0
8321.52958472,8321.52730581,3659.93752344,3660.02031330,0.08410767,2339.15441503,74,0
8322.33733363,8322.33754331,3689.44580826,3689.43815425,0.06553631,2338.91303748,74,0
8325.32503449,8325.32493587,3799.46726501,3799.47092953,0.07480107,2337.88167412,74,0
8329.97379677,8329.97407431,3974.83592884,3974.82529390,0.07477200,2335.81924213,74,0
8332.04289233,8332.04251835,4054.60307134,4054.61759760,0.07422800,2334.71058564,74,0
8306.88703526,8306.88224823,0.00000000,83.00000000,0.00000000,2341.52544512,73,4
8307.65396305,8307.65039458,100.45040646,100.53201963,0.05430785,2342.44336181,73,0
8309.82832555,8309.85057406,0.00000000,150.37623454,0.04196973,2345.02521346,73,0
8310.68347856,8310.67647515,0.00000000,170.04852493,0.02940007,2346.03287049,73,0
8312.98574337,8312.98097056,223.09419222,223.20466671,0.02748139,2348.72352196,73,0
8318.69460046,8318.69343134,356.18087680,356.20830251,0.02979482,2355.25015203,73,0
8320.63826635,8320.63871970,401.91630861,401.90562603,0.03106014,2357.42460942,73,0
8321.53230536,8321.52730581,0.00000000,423.00000000,0.00000000,2358.41662209,73,4
8322.33758076,8322.33754331,442.03082269,442.03170872,0.03195484,2359.30526630,73,0
8325.31645600,8325.32493587,0.00000000,512.76605225,0.00000000,2362.55508090,73,3
8329.97489632,8329.97407431,624.39879302,624.41860906,0.01878078,2367.51475619,73,0
8332.04380278,8332.04251835,674.38522703,674.41634186,0.01816711,2369.66809791,73,0
8333.64329137,8333.64500000,713.29805298,713.25647055,0.07231969,2371.31201053,73,0
8335.60051885,8335.60100000,761.00419693,760.99243138,0.09221683,2373.29782107,73,0
8335.85599370,8335.85400000,767.19311307,767.24190137,0.03579410,2373.55497097,73,0
8337.09461456,8337.09600000,797.63663834,797.60262689,0.01458989,2374.79491975,73,0
8337.76144049,8337.79600000,0.00000000,814.00000000,0.00000000,2375.45816834,73,4
8337.99215677,8337.99200000,819.65729581,819.66115317,0.08115738,2375.68610592,73,0
8339.79145765,8339.79200000,864.05404874,864.04063922,0.04480912,2377.45434580,73,0
8341.60470988,8341.62400000,0.00000000,909.00000000,0.00000000,2379.21197899,73,4
8341.84612537,8341.84300000,0.00000000,915.00000000,0.00000000,2379.44397478,73,4
8341.96677436,8341.96600000,0.00000000,918.00000000,0.00000000,2379.55974593,73,4
8342.50139841,8342.49800000,931.22072270,931.30536095,0.05333520,2380.07138287,73,0
8342.93124783,8342.93000000,941.98636013,942.01747414,0.03798580,2380.48113955,73,0
8343.77180666,8343.77500000,0.00000000,963.00000000,0.00000000,2381.27817036,73,4
8344.55066574,8344.52300000,0.00000000,982.48543550,0.12893402,2382.01170803,73,0
8345.08988876,8345.08700000,0.00000000,996.00000000,0.00000000,2382.51672171,73,4
8346.00574304,8346.02700000,0.00000000,1019.00000000,0.00000000,2383.36912897,73,4
8346.53882653,8346.54400000,0.00000000,1032.41418457,0.00000000,2383.86216807,73,2
8346.72752816,8346.72100000,0.00000000,1037.16729994,0.21559276,2384.03614305,73,0
8349.05236681,8349.05200000,1095.91857516,1095.92787448,0.04071721,2386.15552839,73,0
8350.22141662,8350.23000000,0.00000000,1125.62707520,0.00000000,2387.20462267,73,1
8350.54564314,8350.54300000,1133.80178340,1133.86909193,0.06303033,2387.49313217,73,0
8303.23725042,8351.22000000,0.00000000,-1.00000000,0.00000000,2337.11080285,73,4
8352.11751430,8352.13100000,0.00000000,1174.00000000,0.00000000,2388.88156464,73,4
8352.94366661,8352.94300000,1195.12769486,1195.14478569,0.04656386,2389.60221602,73,0
8353.83329583,8353.82500000,0.00000000,1218.00000000,0.00000000,2390.37269440,73,4
8354.16040652,8354.15500000,0.00000000,1226.41333008,0.00000000,2390.65410312,73,2
8354.28377182,8354.29100000,0.00000000,1229.58837891,0.00000000,2390.75999215,73,2
8354.68800080,8354.67000000,0.00000000,1240.00000000,0.00000000,2391.10603211,73,4
8354.84317337,8354.86200000,0.00000000,1244.00000000,0.00000000,2391.23849031,73,4
8355.11455629,8355.11700000,0.00000000,1251.00000000,0.00000000,2391.46964361,73,4
8303.23725042,8355.29900000,0.00000000,-1.00000000,0.00000000,2337.11080285,73,4
8303.23725042,8355.68800000,0.00000000,-1.00000000,0.00000000,2337.11080285,73,4
8356.23656341,8356.24800000,0.00000000,1280.00000000,0.00000000,2392.41848434,73,4
8356.54543209,8356.54500000,0.00000000,1288.00000000,0.00000000,2392.67773986,73,4
8357.75921373,8357.76200000,1319.57762561,1319.50516590,0.04485896,2393.68823910,73,0
8357.99936142,8358.00400000,0.00000000,1325.75659180,0.00000000,2393.88675892,73,2
8303.23725042,8358.27300000,0.00000000,-1.00000000,0.00000000,2337.11080285,73,4
8359.35907261,8359.35800000,1361.17837333,1361.20639980,0.11463209,2395.00004183,73,0
8359.77155145,8359.76200000,0.00000000,1372.00000000,0.00000000,2395.33480236,73,4
8360.80191814,8360.78900000,0.00000000,1399.00000000,0.00000000,2396.16359823,73,4
8361.48003477,8361.48600000,0.00000000,1416.81567383,0.00000000,2396.70373983,73,2
8363.15577523,8363.16900000,0.00000000,1461.00000000,0.00000000,2398.02023799,73,4
8363.29884358,8363.29900000,1464.77305507,1464.76891814,0.12108510,2398.13101119,73,0
8363.55132699,8363.55100000,1471.44052229,1471.44917748,0.04265591,2398.32676369,73,0
8364.21324408,8364.20400000,0.00000000,1489.00000000,0.00000000,2398.83747136,73,4
8364.56253396,8364.56500000,1498.32445746,1498.25897280,0.13548177,2399.10480282,73,0
8365.55373468,8365.56300000,0.00000000,1524.62658691,0.00000000,2399.85818416,73,2
8365.77346035,8365.76900000,1530.36183404,1530.48070792,0.20864803,2400.02385847,73,0
8366.59612749,8366.59300000,1552.35082920,1552.43439727,0.08547462,2400.64000870,73,0
8369.51905436,8369.51900000,1630.89031686,1630.89178307,0.04676347,2402.77553257,73,0
8371.22353781,8371.24300000,0.00000000,1677.00000000,0.00000000,2403.98209435,73,4
8372.82342038,8372.82100000,1720.42816669,1720.49415510,0.06242039,2405.08737152,73,0
8373.05484218,8373.04800000,0.00000000,1726.81587789,0.17404686,2405.24536269,73,0
8373.93990936,8373.93600000,0.00000000,1751.00000000,0.00000000,2405.84354268,73,4
8374.40802663,8374.42600000,0.00000000,1763.81994629,0.00000000,2406.15663404,73,2
8375.76275762,8375.76700000,0.00000000,1801.03430176,0.00000000,2407.04978103,73,2
8375.95818254,8375.96600000,0.00000000,1806.41662598,0.00000000,2407.17702285,73,1
8376.76000894,8376.76000000,1828.53074015,1828.53098705,0.05593285,2407.69469129,73,0
8381.53927469,8381.55100000,0.00000000,1961.65979004,0.00000000,2410.63671232,73,2
8382.78323074,8382.78400000,1996.69980030,1996.67809835,0.02937203,2411.36091722,73,0
8384.17551441,8384.17500000,2036.02875147,2036.04332984,0.06428436,2412.15032632,73,0
8386.45651104,8386.47000000,0.00000000,2100.98706055,0.00000000,2413.39555489,73,2
8386.60210814,8386.59900000,2105.06180200,2105.15070140,0.09182640,2413.47296265,73,0
8388.04343382,8388.05000000,0.00000000,2146.48510742,0.00000000,2414.22557404,73,2
8303.23725042,8389.50700000,0.00000000,-1.00000000,0.00000000,2337.11080285,73,4
8389.87328519,8389.87300000,2199.26732237,2199.27558153,0.03957265,2415.14490151,73,0
8303.23725042,8390.39200000,0.00000000,-1.00000000,0.00000000,2337.11080285,73,4
8391.47465904,8391.47500000,2245.79821874,2245.78828803,0.05374895,2415.91599011,73,0
8392.03074630,8392.02000000,0.00000000,2262.00000000,0.00000000,2416.17618323,73,4
8393.05647388,8393.05400000,0.00000000,2292.00000000,0.00000000,2416.64599971,73,4
8393.70659354,8393.71000000,2311.17604421,2311.07596476,0.18820331,2416.93685750,73,0
8394.81309346,8394.81400000,2343.68061717,2343.65387520,0.04169454,2417.41941860,73,0
8395.11707354,8395.11700000,2352.62389241,2352.62606413,0.04227488,2417.54918171,73,0
8395.42529631,8395.42800000,2361.81958767,2361.73961964,0.08906649,2417.67960230,73,0
8395.63651597,8395.63400000,2367.91504037,2367.98951760,0.36192229,2417.76823420,73,0
8396.56420591,8396.56500000,2395.51910594,2395.49550948,0.02560622,2418.15049377,73,0
8397.24121359,8397.24000000,2415.60262892,2415.63878275,0.05193076,2418.42235690,73,0
8397.89891185,8397.89500000,2435.14559160,2435.26243720,0.06821364,2418.68064349,73,0
8399.07388075,8399.07300000,2470.41365047,2470.44008855,0.02221779,2419.12744159,73,0
8399.50005269,8399.50000000,2483.24232535,2483.24390961,0.04273045,2419.28490062,73,0
8401.55270143,8401.55200000,2545.19570148,2545.21696488,0.05586050,2420.00808948,73,0
8402.47833293,8402.48000000,2573.38152284,2573.33079056,0.02594535,2420.31488485,73,0
8403.48373281,8403.49100000,0.00000000,2604.00000000,0.00000000,2420.63442790,73,4
8403.95255459,8403.95200000,2618.31889329,2618.33587603,0.04763610,2420.77837759,73,0
8404.89597705,8404.90300000,0.00000000,2647.29541016,0.00000000,2421.05864453,73,2
8405.11391463,8405.11500000,0.00000000,2654.00000000,0.00000000,2421.12152451,73,4
8405.71214252,8405.71200000,2672.41951561,2672.42391368,0.03289982,2421.29043230,73,0
8407.09681297,8407.09700000,2715.28858433,2715.28277750,0.04629895,2421.66133015,73,0
8408.37086833,8408.37100000,2754.95356655,2754.94945591,0.06935501,2421.97716335,73,0
8303.23725042,8408.76500000,0.00000000,-1.00000000,0.00000000,2337.11080285,73,4
8409.71377543,8409.73600000,0.00000000,2797.00000000,0.00000000,2422.28318986,73,4
8409.86106264,8409.86900000,0.00000000,2801.62695312,0.00000000,2422.31505430,73,2
8410.45655957,8410.44900000,0.00000000,2820.36536950,0.07603648,2422.44043490,73,0
8411.25347706,8411.25400000,2845.53856101,2845.52202137,0.06928720,2422.59951848,73,0
8411.82090045,8411.82100000,2863.49558553,2863.49242850,0.04036952,2422.70667383,73,0
8413.26893614,8413.27000000,2909.58708448,2909.55314107,0.07613147,2422.95666285,73,0
8413.81502467,8413.83600000,0.00000000,2927.00000000,0.00000000,2423.04209122,73,5
8415.63357243,8415.63800000,0.00000000,2985.43603516,0.00000000,2423.29117875,73,2
8417.25612113,8417.23700000,0.00000000,3038.00000000,0.00000000,2423.46652946,73,4
8417.51927139,8417.51700000,3046.48100915,3046.55498409,0.10103069,2423.49070659,73,0
8418.29894392,8418.27200000,0.00000000,3072.00000000,0.00000000,2423.55540310,73,4
8421.66683011,8421.69300000,0.00000000,3183.00000000,0.00000000,2423.71146560,73,4
8422.25056505,8422.24200000,0.00000000,3202.42910943,0.10523684,2423.71769327,73,0
8422.67462501,8422.66900000,0.00000000,3216.57960447,0.08504241,2423.71827838,73,0
8422.83682094,8422.84500000,0.00000000,3222.00000000,0.00000000,2423.71762076,73,4
8303.23725042,8423.49100000,0.00000000,-1.00000000,0.00000000,2337.11080285,73,4
8424.16834296,8424.16800000,3266.64970715,3266.66124965,0.05574390,2423.69361923,73,0
8425.01885208,8425.03963719,0.00000000,3295.36108035,0.03476288,2423.66071262,73,0
8425.27194014,8425.27000000,3303.85181778,3303.91750318,0.07087574,2423.64825649,73,0
8426.11131884,8426.11000000,3332.35109718,3332.39594035,0.05369123,2423.59805005,73,0
8426.51072485,8426.50200000,0.00000000,3346.00000000,0.00000000,2423.56931957,73,4
8427.09672201,8427.10900000,0.00000000,3366.00000000,0.00000000,2423.52151124,73,4
8427.41823689,8427.41800000,3376.98412642,3376.99223873,0.08048297,2423.49241264,73,0
8428.35043431,8428.34500000,0.00000000,3409.00000000,0.00000000,2423.39628401,73,4
8429.06349225,8429.06300000,3433.56996069,3433.58696868,0.05763574,2423.31092479,73,0
8429.70478371,8429.70200000,3455.67995353,3455.77646090,0.12565765,2423.22530314,73,0
8430.76992181,8430.78000000,0.00000000,3492.81616211,0.00000000,2423.06424445,73,2
8430.91435564,8430.90700000,0.00000000,3497.85507607,0.17227710,2423.04058206,73,0
8432.98439100,8432.98400000,3570.50178119,3570.51558409,0.07380293,2422.65277166,73,0
8433.98622012,8433.98000000,0.00000000,3606.00000000,0.00000000,2422.43173515,73,4
8434.07067327,8434.06900000,0.00000000,3609.00000000,0.00000000,2422.41209661,73,4
8434.26757060,8434.27600000,0.00000000,3616.00000000,0.00000000,2422.36569688,73,4
8436.30706001,8436.30600000,3688.94353968,3688.98171282,0.07691688,2421.83389816,73,0
8436.80684346,8436.81300000,0.00000000,3707.00000000,0.00000000,2421.68912186,73,5
8436.96219918,8436.96200000,3712.61092395,3712.61812353,0.07751560,2421.64288954,73,0
8437.63137647,8437.63600000,0.00000000,3736.84443869,0.18738775,2421.43759080,73,0
8437.85598679,8437.87200000,0.00000000,3745.00000000,0.00000000,2421.36631110,73,4
8438.84381668,8438.83000000,0.00000000,3781.00000000,0.00000000,2421.03863077,73,5
8441.43324491,8441.43100000,3876.32839798,3876.41177918,0.07080548,2420.06745369,73,0
8443.52473375,8443.52500000,3954.64000528,3954.62997918,0.06927710,2419.16025621,73,0
8444.54068276,8444.53900000,0.00000000,3993.00000000,0.00000000,2418.67873566,73,4
8445.51986388,8445.52100000,4030.29211183,4030.24876954,0.07565124,2418.18834499,73,0
8446.72743771,8446.72700000,4076.49249649,4076.50932908,0.12500382,2417.54788828,73,0
8422.70796030,8422.66900000,0.00000000,93.00000000,0.00000000,2425.94569523,72,4
8424.16858442,8424.16800000,125.97847892,125.99169821,0.02949929,2427.67230786,72,0
8425.00882167,8425.03963719,0.00000000,145.00900269,0.00000000,2428.65931566,72,2
8425.26030644,8425.27000000,0.00000000,150.70959473,0.00000000,2428.95400269,72,2
8426.11168569,8426.11000000,169.99642128,170.03471111,0.03894215,2429.94895872,72,0
8427.12160096,8427.10900000,0.00000000,193.00000000,0.00000000,2431.12321853,72,4
8427.42894307,8427.41800000,0.00000000,200.00000000,0.00000000,2431.47939024,72,4
8429.05600814,8429.06300000,0.00000000,237.13842773,0.00000000,2433.35536347,72,2
8430.79575046,8430.78000000,0.00000000,277.00000000,0.00000000,2435.34325045,72,4
8430.90334137,8430.90700000,0.00000000,279.47033691,0.00000000,2435.46557188,72,2
8432.96826710,8432.98400000,0.00000000,327.00000000,0.00000000,2437.79919804,72,4
8434.05046681,8434.06900000,0.00000000,352.00000000,0.00000000,2439.01150359,72,4
8434.26658178,8434.27600000,0.00000000,357.00000000,0.00000000,2439.25271112,72,4
8436.30572228,8436.30600000,404.30279075,404.29633315,0.05434343,2441.51368445,72,0
8436.93739861,8436.96200000,0.00000000,419.00000000,0.00000000,2442.20896455,72,4
8437.88109617,8437.87200000,0.00000000,441.00000000,0.00000000,2443.24251015,72,4
8441.43173910,8441.43100000,524.20359282,524.22098835,0.03112734,2447.07896680,72,0
8443.51773541,8443.52500000,0.00000000,573.44201660,0.00000000,2449.29352625,72,2
8445.52002541,8445.52100000,620.94995278,620.92678397,0.02633302,2451.39156155,72,0
8447.70409343,8447.70400000,672.98223003,672.98446246,0.03654339,2453.64829745,72,0
8448.66551660,8448.71200000,0.00000000,696.00000000,0.00000000,2454.63158202,72,4
8449.07839659,8449.03800000,0.00000000,705.89811997,0.01963824,2455.05173025,72,0
8450.08196151,8450.08900000,0.00000000,730.00000000,0.00000000,2456.06793316,72,4
8450.87129615,8450.89500000,0.00000000,749.00000000,0.00000000,2456.86217438,72,4
8452.36253203,8452.35400000,0.00000000,785.00000000,0.00000000,2458.35048462,72,4
8453.72449645,8453.71200000,0.00000000,818.00000000,0.00000000,2459.69571469,72,4
8418.56471594,8455.06000000,0.00000000,-1.00000000,0.00000000,2420.98075092,72,4
8455.64174711,8455.64200000,864.64067876,864.63450993,0.01956195,2461.56566980,72,0
8457.99957981,8458.00300000,0.00000000,922.34814453,0.00000000,2463.82947218,72,2
8458.14832517,8458.16900000,0.00000000,926.00000000,0.00000000,2463.97083952,72,4
8459.71794361,8459.71800000,964.62531702,964.62392629,0.01505175,2465.45234603,72,0
8461.39206823,8461.43500000,0.00000000,1006.00000000,0.00000000,2467.01170827,72,4
8462.02248995,8462.03200000,0.00000000,1021.62945557,0.00000000,2467.59328522,72,4
8462.88273222,8462.89000000,0.00000000,1043.00000000,0.00000000,2468.38187021,72,4
8463.52546722,8463.51800000,0.00000000,1059.00000000,0.00000000,2468.96727324,72,4
8464.36733637,8464.38600000,0.00000000,1080.00000000,0.00000000,2469.72910951,72,4
8467.49966852,8467.48700000,0.00000000,1158.56699132,0.03021034,2472.51386002,72,0
8468.42859841,8468.44700000,0.00000000,1182.00000000,0.00000000,2473.32441333,72,4
8468.44569997,8468.63300000,0.00000000,1182.43197816,0.12582082,2473.33926923,72,0
8470.76063883,8470.76300000,0.00000000,1241.10107422,0.00000000,2475.32788922,72,2
8470.99254883,8471.00900000,0.00000000,1247.00000000,0.00000000,2475.52464707,72,4
8472.40449271,8472.41400000,0.00000000,1283.00000000,0.00000000,2476.71279139,72,4
8472.55712679,8472.55900000,0.00000000,1286.90051270,0.00000000,2476.84022070,72,2
8473.22129552,8473.21500000,0.00000000,1303.89333708,0.03937824,2477.39240130,72,0
8473.64288023,8473.64300000,1314.69530522,1314.69223410,0.02607424,2477.74079748,72,0
8474.51642354,8474.52100000,0.00000000,1337.12451172,0.00000000,2478.45826968,72,2
8474.84295830,8474.84300000,1345.51681100,1345.51573802,0.01256184,2478.72448807,72,0
8476.54823056,8476.55800000,0.00000000,1389.51464844,0.00000000,2480.10108547,72,2
8476.71646143,8476.72400000,0.00000000,1393.86669922,0.00000000,2480.23548629,72,2
8476.92822141,8476.92100000,0.00000000,1399.34794179,0.22486534,2480.40430764,72,0
8478.71929196,8478.73291752,0.00000000,1445.84826054,0.01837013,2481.81626786,72,0
8478.91712840,8478.94700000,0.00000000,1451.00000000,0.00000000,2481.97046962,72,4
8480.57238851,8480.57700000,1494.34577560,1494.22504489,0.10334136,2483.24676960,72,0
8481.86227546,8481.87300000,0.00000000,1528.06213379,0.00000000,2484.22403649,72,2
8482.12612000,8482.11300000,0.00000000,1535.00000000,0.00000000,2484.42204371,72,4
8483.11297028,8483.13000000,0.00000000,1561.00000000,0.00000000,2485.15691422,72,4
8484.24787465,8484.27500000,0.00000000,1591.00000000,0.00000000,2485.99077340,72,4
8484.93306223,8484.93300000,1609.15221931,1609.15387070,0.06418741,2486.48804550,72,0
8485.42066085,8485.42000000,1622.08625984,1622.10382548,0.06459446,2486.83939865,72,0
8485.71720857,8485.71700000,0.00000000,1630.00000000,0.00000000,2487.05225624,72,4
8486.01776570,8486.00100000,0.00000000,1638.00000000,0.00000000,2487.26684778,72,4
8488.26078546,8488.26400000,1698.03268069,1697.94645798,0.06016851,2488.84074142,72,0
8489.35445634,8489.35800000,0.00000000,1727.33398438,0.00000000,2489.59032811,72,2
8489.75043921,8489.74900000,0.00000000,1738.00000000,0.00000000,2489.85880875,72,4
8491.15704745,8491.17300000,0.00000000,1776.00000000,0.00000000,2490.79984545,72,4
8418.56471594,8491.60400000,0.00000000,-1.00000000,0.00000000,2420.98075092,72,4
8492.29972116,8492.29100000,0.00000000,1807.00000000,0.00000000,2491.54962429,72,4
8492.53742692,8492.53300000,0.00000000,1813.46362305,0.00000000,2491.70392879,72,3
8493.97244127,8493.97200000,1852.57296517,1852.58502591,0.01516831,2492.62293416,72,0
8498.41676990,8498.42900000,0.00000000,1975.00000000,0.00000000,2495.33305867,72,4
8499.30283885,8499.29400000,0.00000000,1999.62995737,0.03198833,2495.84802147,72,0
8501.49868140,8501.48000000,0.00000000,2061.00000000,0.00000000,2497.08697285,72,4
8418.56471594,8502.43300000,0.00000000,-1.00000000,0.00000000,2420.98075092,72,4
8502.76648141,8502.76100000,0.00000000,2096.65209961,0.00000000,2497.77777699,72,3
8503.92779943,8503.93700000,0.00000000,2129.45312500,0.00000000,2498.39454908,72,2
8506.88856544,8506.88800000,2213.69319279,2213.70937756,0.04192015,2499.89633442,72,0
8508.22356622,8508.23000000,0.00000000,2252.00781250,0.00000000,2500.53970000,72,3
8508.36235033,8508.39100000,0.00000000,2256.00000000,0.00000000,2500.60535146,72,4
8508.71840415,8508.71700000,2266.21078771,2266.25123896,0.08700298,2500.77271159,72,0
8418.56471594,8509.99500000,0.00000000,-1.00000000,0.00000000,2420.98075092,72,4
8510.85491908,8510.85400000,2328.03370520,2328.06039969,0.07088659,2501.74454543,72,0
8512.56852417,8512.57500000,0.00000000,2378.00000000,0.00000000,2502.48308170,72,4
8514.61222383,8514.62500000,0.00000000,2438.00000000,0.00000000,2503.31524205,72,5
8515.59928831,8515.59900000,2467.14062459,2467.14915825,0.07382271,2503.69779678,72,0
8515.80468445,8515.84200000,0.00000000,2473.23388672,0.00000000,2503.77586088,72,1
8516.22259272,8516.22200000,2485.60366529,2485.62125271,0.03434475,2503.93287209,72,0
8517.21628091,8517.21700000,2515.18524039,2515.16382080,0.23706239,2504.29697382,72,0
8517.41222482,8517.40900000,0.00000000,2521.00000000,0.00000000,2504.36717698,72,4
8517.71394605,8517.72200000,0.00000000,2530.00000000,0.00000000,2504.47432169,72,4
8517.94836188,8517.95200000,0.00000000,2537.00000000,0.00000000,2504.55672048,72,4
8518.11566448,8518.10000000,0.00000000,2542.00000000,0.00000000,2504.61507534,72,5
8519.11707694,8519.10500000,0.00000000,2572.00000000,0.00000000,2504.95643024,72,4
8519.74917348,8519.75000000,0.00000000,2591.00000000,0.00000000,2505.16484238,72,4
8522.17646306,8522.17600000,2664.40082649,2664.41490659,0.03308960,2505.91345264,72,0
8522.42588637,8522.42900000,2672.10926363,2672.01448998,0.17602649,2505.98580246,72,0
8523.24085430,8523.24300000,2696.91969035,2696.85414690,0.06978970,2506.21555185,72,0
8523.58551163,8523.58500000,2707.37438096,2707.39003273,0.03059087,2506.30988864,72,0
8523.83380442,8523.84000000,0.00000000,2715.00000000,0.00000000,2506.37687399,72,4
8524.35571674,8524.35700000,0.00000000,2731.00000000,0.00000000,2506.51455651,72,4
8525.01303080,8525.01400000,2751.22736991,2751.19753705,0.12491962,2506.68225469,72,0
8418.56471594,8525.27000000,0.00000000,-1.00000000,0.00000000,2420.98075092,72,4
8526.01146889,8526.00300000,0.00000000,2782.00000000,0.00000000,2506.92488839,72,4
8527.24244114,8527.23900000,2820.04708517,2820.15404020,0.06783593,2507.20346731,72,0
8418.56471594,8527.62300000,0.00000000,-1.00000000,0.00000000,2420.98075092,72,4
8418.56471594,8527.77700000,0.00000000,-1.00000000,0.00000000,2420.98075092,72,4
8528.70370429,8528.70400000,2865.73725723,2865.72800375,0.05267105,2507.50437286,72,0
8530.52634816,8530.53400000,0.00000000,2922.98148790,0.10333645,2507.83326570,72,0
8531.67390572,8531.67400000,2959.27390627,2959.27091674,0.05053728,2508.01340967,72,0
8532.45209079,8532.45200000,0.00000000,2984.00000000,0.00000000,2508.12358082,72,4
8533.45255050,8533.45200000,3015.88752929,3015.90513214,0.07065057,2508.25065281,72,0
8533.73481281,8533.73300000,3024.87892868,3024.93697466,0.13184919,2508.28354173,72,0
8534.70235280,8534.73000000,0.00000000,3056.00000000,0.00000000,2508.38627155,72,5
8418.56471594,8535.42300000,0.00000000,-1.00000000,0.00000000,2420.98075092,72,4
8536.15838409,8536.14100000,0.00000000,3103.00000000,0.00000000,2508.51112131,72,4
8536.91962790,8536.92000000,3127.71271764,3127.70062145,0.05551155,2508.56197420,72,0
8540.09598758,8540.10500000,0.00000000,3231.78979492,0.00000000,2508.66457513,72,2
8541.13974728,8541.14000000,3266.35517597,3266.34678637,0.05088286,2508.65873118,72,0
8542.53137874,8542.53100000,3312.70725936,3312.71992466,0.06135464,2508.61964155,72,0
8544.67880316,8544.67900000,3384.94337088,3384.93671315,0.07225706,2508.48748503,72,0
8546.03028346,8546.04192553,0.00000000,3430.81579780,0.04475056,2508.35844595,72,0
8547.89516422,8547.89200000,3494.54898727,3494.65786851,0.11596629,2508.12062605,72,0
8548.94408563,8548.94400000,3530.86160639,3530.86456965,0.07341610,2507.95563430,72,0
8549.85821232,8549.86200000,3562.70654673,3562.57478339,0.05358279,2507.79323271,72,0
8551.01196650,8551.01200000,3602.83907194,3602.83789868,0.07041769,2507.56294884,72,0
8551.54319481,8551.54200000,3621.42227928,3621.46422639,0.07288583,2507.44730366,72,0
8552.83921725,8552.83900000,3667.14145605,3667.14914680,0.07827193,2507.13925869,72,0
8553.65508941,8553.65600000,3696.13117792,3696.09879534,0.11012187,2506.92611612,72,0
8553.81838049,8553.82400000,0.00000000,3701.90551758,0.00000000,2506.88168854,72,2
8418.56471594,8555.11300000,0.00000000,-1.00000000,0.00000000,2420.98075092,72,4
8556.36381614,8556.36300000,3793.15859549,3793.18807739,0.09498582,2506.10973146,72,0
8558.04448851,8558.04400000,3854.19392202,3854.21175115,0.06595109,2505.51656830,72,0
8559.68215473,8559.68200000,3914.29544336,3914.30115088,0.06873722,2504.87215153,72,0
8560.82784577,8560.83100000,0.00000000,3956.70361328,0.00000000,2504.38140168,72,1
8560.96680305,8560.96600000,3961.84500247,3961.87487748,0.45547763,2504.31951342,72,0
8561.55422042,8561.55400000,3983.76345069,3983.77168180,0.06630914,2504.05254949,72,0
8562.44250794,8562.47500000,0.00000000,4017.00000000,0.00000000,2503.63226431,72,4
8563.32938833,8563.33000000,4050.43786643,4050.41476160,0.09092648,2503.19118515,72,0
8563.90061853,8563.94000000,0.00000000,4072.00000000,0.00000000,2502.89643130,72,4
8541.11661992,8541.14000000,0.00000000,88.00000000,0.00000000,2511.86526865,71,4
8542.53134896,8542.53100000,119.49554167,119.50332247,0.01111388,2513.51828508,71,0
8544.67817063,8544.67900000,167.49862931,167.48005200,0.01457907,2516.00497735,71,0
8545.99419519,8546.04192553,0.00000000,197.00000000,0.00000000,2517.51657677,71,4
8547.90410634,8547.89200000,0.00000000,240.00000000,0.00000000,2519.69322780,71,4
8548.94402556,8548.94400000,263.48601687,263.48659493,0.00850576,2520.86947082,71,0
8549.85847936,8549.86200000,284.27520981,284.19543008,0.02764925,2521.89917852,71,0
8551.01276387,8551.01200000,310.35623513,310.37358799,0.02007027,2523.19087444,71,0
8537.14101602,8551.54200000,0.00000000,-1.00000000,0.00000000,2507.16338583,71,4
8552.83321662,8552.83900000,0.00000000,351.82827759,0.00000000,2525.21356218,71,2
8553.23504852,8553.22700000,0.00000000,361.00000000,0.00000000,2525.65729671,71,4
8553.62899760,8553.65600000,0.00000000,370.00000000,0.00000000,2526.09139100,71,4
8553.81248030,8553.82400000,0.00000000,374.19454956,0.00000000,2526.29325446,71,2
8555.10608248,8555.11300000,0.00000000,403.81759644,0.00000000,2527.71070086,71,2
8556.33318946,8556.36300000,0.00000000,432.00000000,0.00000000,2529.04591815,71,4
8557.54889019,8557.54700000,0.00000000,460.00000000,0.00000000,2530.35963954,71,4
8558.04620394,8558.04400000,471.42940162,471.48030126,0.01810612,2530.89457238,71,0
8559.68322375,8559.68200000,509.32713263,509.35549843,0.02346531,2532.64408865,71,0
8561.55272227,8561.55400000,552.81776262,552.78800826,0.02935523,2534.62135601,71,0
8562.46281631,8562.47500000,0.00000000,574.00000000,0.00000000,2535.57577661,71,4
8563.91725128,8563.94000000,0.00000000,608.00000000,0.00000000,2537.09015639,71,4
8565.13299073,8565.13500000,636.55977036,636.51257570,0.03089463,2538.34545772,71,0
8567.49516741,8567.50200000,0.00000000,692.15515137,0.00000000,2540.75660778,71,2
8569.29382354,8569.29500000,734.76310413,734.73519337,0.02937909,2542.56720977,71,0
8570.07398105,8570.07300000,753.23823428,753.26155538,0.03509469,2543.34563968,71,0
8570.68604201,8570.69200000,0.00000000,767.83848556,0.08542952,2543.95413432,71,0
8571.11252028,8571.13900000,0.00000000,778.00000000,0.00000000,2544.37623357,71,4
8572.87194921,8572.87200000,820.02360755,820.02239136,0.04130155,2546.10364729,71,0
8575.67352774,8575.67300000,887.33759973,887.35033098,0.02721769,2548.81027039,71,0
8576.95466419,8576.96100000,0.00000000,918.31964111,0.00000000,2550.02998796,71,2
8577.97312721,8578.00100000,0.00000000,943.00000000,0.00000000,2550.99060429,71,4
8578.98076764,8578.98000000,967.46423604,967.48291475,0.01183392,2551.93352682,71,0
8580.31487925,8580.34800000,0.00000000,1000.00000000,0.00000000,2553.17045039,71,4
8537.14101602,8580.90200000,0.00000000,-1.00000000,0.00000000,2507.16338583,71,4
8581.40769364,8581.40800000,1026.73247204,1026.72497037,0.02660127,2554.17386324,71,0
8581.78474431,8581.75300000,0.00000000,1035.95988637,0.05683488,2554.51782967,71,0
8582.18257043,8582.17400000,0.00000000,1045.71707418,0.01335160,2554.87970436,71,0
8582.76415240,8582.79500000,0.00000000,1060.00000000,0.00000000,2555.40656726,71,4
8583.73933862,8583.76300000,0.00000000,1084.00000000,0.00000000,2556.28420759,71,4
8586.69911473,8586.69800000,1157.19667877,1157.22437501,0.06168298,2558.90248494,71,0
8586.95818040,8586.95700000,1163.63393200,1163.66327985,0.05778042,2559.12843621,71,0
8588.13572602,8588.12800000,0.00000000,1193.00000000,0.00000000,2560.14913587,71,5
8588.32689274,8588.31900000,0.00000000,1197.76989062,0.09754436,2560.31373256,71,0
8589.05657069,8589.07900000,0.00000000,1216.00000000,0.00000000,2560.93930051,71,4
8589.45619421,8589.45500000,0.00000000,1226.00000000,0.00000000,2561.28009027,71,4
8590.01942008,8590.02100000,1240.13798259,1240.09836227,0.04342354,2561.75770562,71,0
8537.14101602,8590.54900000,0.00000000,-1.00000000,0.00000000,2507.16338583,71,4
8591.79956529,8591.79900000,1284.84175367,1284.85600630,0.04063874,2563.25192964,71,0
8596.44171534,8596.44300000,1402.69320029,1402.66037596,0.02301329,2567.02438321,71,0
8597.34843020,8597.34600000,1425.79189711,1425.85413477,0.08770086,2567.73970061,71,0
8597.76302134,8597.75400000,0.00000000,1436.48927146,0.18497665,2568.06468017,71,0
8598.85745460,8598.85900000,1464.63086854,1464.59110023,0.01132140,2568.91425835,71,0
8599.98330142,8599.98400000,1493.63312087,1493.61508024,0.04999900,2569.77780022,71,0
8602.32229828,8602.32000000,1554.16371808,1554.22348925,0.06786898,2571.53545634,71,0
8602.98961805,8602.98900000,1571.58113753,1571.59724537,0.01819143,2572.02792116,71,0
8603.84743829,8603.85700000,0.00000000,1593.99194336,0.00000000,2572.65522547,71,2
8604.45952493,8604.46800000,0.00000000,1610.00000000,0.00000000,2573.09846746,71,4
8605.48925753,8605.48600000,0.00000000,1637.00000000,0.00000000,2573.83630586,71,4
8605.64152809,8605.63000000,0.00000000,1641.00000000,0.00000000,2573.94457339,71,4
8606.63891091,8606.63400000,0.00000000,1667.24780273,0.00000000,2574.64834824,71,2
8607.34549262,8607.34500000,1685.87107940,1685.88409215,0.04355323,2575.14100862,71,0
8608.56250981,8608.56900000,0.00000000,1718.10583496,0.00000000,2575.97903599,71,2
8537.14101602,8610.31500000,0.00000000,-1.00000000,0.00000000,2507.16338583,71,4
8612.02889879,8612.03100000,1810.60081748,1810.54445602,0.02364469,2578.28634232,71,0
8612.29216461,8612.29700000,0.00000000,1817.61743164,0.00000000,2578.45697111,71,1
8612.45538074,8612.46900000,0.00000000,1822.00000000,0.00000000,2578.56227443,71,4
8613.45897925,8613.49100000,0.00000000,1849.00000000,0.00000000,2579.20390283,71,4
8614.31372018,8614.31100000,1871.98304874,1872.05656257,0.06568223,2579.74211991,71,0
8615.14353317,8615.14300000,1894.50120156,1894.51565345,0.02316868,2580.25779957,71,0
8615.33825237,8615.35200000,0.00000000,1899.80187988,0.00000000,2580.37794333,71,1
8615.53069151,8615.52900000,1904.97091347,1905.01682381,0.09123994,2580.49600684,71,0
8616.67008457,8616.67900000,0.00000000,1936.00000000,0.00000000,2581.18802582,71,4
8617.03695386,8617.01400000,0.00000000,1946.00000000,0.00000000,2581.40793570,71,4
8617.95801735,8617.95600000,1971.10322464,1971.15843129,0.09013183,2581.95376383,71,0
8618.57586608,8618.58500000,0.00000000,1988.08422852,0.00000000,2582.31499646,71,2
8618.71864237,8618.70600000,0.00000000,1992.00000000,0.00000000,2582.39788193,71,4
8537.14101602,8619.53400000,0.00000000,-1.00000000,0.00000000,2507.16338583,71,4
8619.84647425,8619.87400000,0.00000000,2023.00000000,0.00000000,2583.04497163,71,4
8620.82874313,8620.82800000,2050.06427229,2050.08480179,0.06144818,2583.59712616,71,0
8621.33722253,8621.34700000,0.00000000,2064.16284396,0.04757587,2583.87925817,71,0
8537.14101602,8622.10500000,0.00000000,-1.00000000,0.00000000,2507.16338583,71,4
8622.52086172,8622.49500000,0.00000000,2097.00000000,0.00000000,2584.52440320,71,4
8623.36411073,8623.36500000,2120.49129766,2120.46649918,0.03259759,2584.97435770,71,0
8623.80310905,8623.80500000,2132.77054434,2132.71773325,0.05960284,2585.20559587,71,0
8624.35897649,8624.35900000,2148.25781215,2148.25715429,0.03934649,2585.49527522,71,0
8625.73953061,8625.75000000,0.00000000,2187.00000000,0.00000000,2586.19986753,71,5
8626.16586664,8626.18000000,0.00000000,2199.00000000,0.00000000,2586.41299936,71,4
8626.67124355,8626.67100000,2213.23853924,2213.24541458,0.07764477,2586.66287848,71,0
8627.16866396,8627.17900000,0.00000000,2227.29956055,0.00000000,2586.90606977,71,2
8627.72341697,8627.74100000,0.00000000,2243.00000000,0.00000000,2587.17383453,71,4
8628.34230168,8628.34300000,2260.57288469,2260.55305803,0.02184281,2587.46830590,71,0
8628.67476373,8628.69500000,0.00000000,2270.00000000,0.00000000,2587.62465250,71,4
8629.64958552,8629.66400000,0.00000000,2297.76586914,0.00000000,2588.07552659,71,2
8631.12553925,8631.12100000,0.00000000,2340.00000000,0.00000000,2588.73660267,71,4
8632.16893888,8632.14000000,0.00000000,2370.00000000,0.00000000,2589.18805821,71,4
8634.31960047,8634.32500000,0.00000000,2432.21777344,0.00000000,2590.07639631,71,2
8634.50318662,8634.52000000,0.00000000,2437.55297852,0.00000000,2590.14956182,71,2
8635.95910542,8635.95700000,0.00000000,2480.00000000,0.00000000,2590.71474264,71,4
8639.86284082,8639.86600000,2595.12824063,2595.03440631,0.12819341,2592.09542582,71,0
8639.86455121,8640.05200000,0.00000000,2595.08775085,0.48012311,2592.09601497,71,0
8641.71984722,8641.72200000,2650.45506385,2650.39063321,0.07029144,2592.68134630,71,0
8642.44025687,8642.42200000,0.00000000,2672.00000000,0.00000000,2592.89625535,71,4
8643.49726888,8643.50000000,2703.88231072,2703.79995444,0.07788280,2593.19841681,71,0
8644.22171071,8644.22100000,2725.65071694,2725.67221767,0.04715486,2593.39651062,71,0
8644.53837393,8644.53200000,0.00000000,2735.26658834,0.14403515,2593.48090332,71,0
8537.14101602,8645.34100000,0.00000000,-1.00000000,0.00000000,2507.16338583,71,4
8646.14766813,8646.14900000,2784.21188011,2784.17126082,0.36222141,2593.88738105,71,0
8646.77842344,8646.76100000,0.00000000,2803.44161936,0.02165242,2594.03667876,71,0
8647.04719477,8647.04700000,2811.65444033,2811.66040453,0.06170893,2594.09848617,71,0
8537.14101602,8647.88100000,0.00000000,-1.00000000,0.00000000,2507.16338583,71,4
8648.29254746,8648.29200000,2849.88367038,2849.90052789,0.06703911,2594.37138421,71,0
8650.54721472,8650.54400000,2919.55846286,2919.65843127,0.02676615,2594.80704690,71,0
8651.90321468,8651.89600000,0.00000000,2961.96039639,0.04588836,2595.03219422,71,0
8652.44711581,8652.45100000,0.00000000,2979.00000000,0.00000000,2595.11457034,71,4
8653.46488725,8653.47800000,0.00000000,3011.00000000,0.00000000,2595.25638092,71,4
8655.18032683,8655.18100000,3065.29405381,3065.27266075,0.05160745,2595.45848629,71,0
8658.82250750,8658.80700000,0.00000000,3182.00000000,0.00000000,2595.72988374,71,4
8660.50986546,8660.51000000,3236.78046559,3236.77608007,0.07029094,2595.78064129,71,0
8661.93788430,8661.93700000,3283.45904223,3283.48807905,0.05243973,2595.78539848,71,0
8662.65235195,8662.62600000,0.00000000,3307.00000000,0.00000000,2595.77440090,71,5
8664.53781711,8664.53300000,0.00000000,3369.43303463,0.07550926,2595.70177035,71,0
8665.54128144,8665.54100000,3402.89323800,3402.90265330,0.09474342,2595.63690754,71,0
8666.40382316,8666.40500000,3431.86303939,3431.82349147,0.09367477,2595.56631705,71,0
8668.65696973,8668.65300000,3507.85137358,3507.98638067,0.12683441,2595.31606969,71,0
8537.14101602,8669.29800000,0.00000000,-1.00000000,0.00000000,2507.16338583,71,4
8669.62564925,8669.62800000,3541.09817631,3541.01780406,0.11914460,2595.17861328,71,0
8671.61526973,8671.62700000,0.00000000,3609.42285156,0.00000000,2594.83849431,71,2
8672.76289343,8672.76300000,3649.20901953,3649.20531128,0.07294088,2594.60638549,71,0
8673.87078355,8673.87600000,0.00000000,3687.89428711,0.00000000,2594.35652947,71,2
8673.98799813,8674.00000000,0.00000000,3692.00000000,0.00000000,2594.32862055,71,4
8674.33013374,8674.35000000,0.00000000,3704.00000000,0.00000000,2594.24551803,71,4
8674.97413298,8674.97500000,3726.68865255,3726.65809424,0.07010222,2594.08238809,71,0
8537.14101602,8675.89800000,0.00000000,-1.00000000,0.00000000,2507.16338583,71,4
8676.22571466,8676.22600000,3770.94308081,3770.93294993,0.09067546,2593.74020046,71,0
8677.81762422,8677.81800000,3827.72068974,3827.70722379,0.07913065,2593.25618172,71,0
8678.48400266,8678.48400000,3851.63499295,3851.63508881,0.25501541,2593.03700837,71,0
8679.14114004,8679.14500000,0.00000000,3875.32960330,0.10375374,2592.81112271,71,0
8680.04751612,8680.05100000,3908.29434877,3908.16776483,0.19395602,2592.48353588,71,0
8680.23542035,8680.25200000,0.00000000,3915.00000000,0.00000000,2592.41326029,71,4
8659.10543367,8660.51000000,0.00000000,-1.00000000,0.00000000,2595.61468097,70,4
8661.94921342,8661.93700000,0.00000000,62.00000000,0.00000000,2598.97293506,70,4
8659.10543367,8664.53300000,0.00000000,-1.00000000,0.00000000,2595.61468097,70,4
8665.54817745,8665.54100000,0.00000000,141.00000000,0.00000000,2603.15811726,70,4
8666.40292061,8666.40500000,159.90334036,159.85744197,0.05855706,2604.14159300,70,0
8668.62392503,8668.65300000,0.00000000,209.00000000,0.00000000,2606.67643234,70,4
8669.25462498,8669.29800000,0.00000000,223.00000000,0.00000000,2607.39114160,70,4
8669.61463481,8669.62800000,0.00000000,231.00000000,0.00000000,2607.79806842,70,4
8672.76415096,8672.76300000,301.22626721,301.25202761,0.03717184,2611.32534691,70,0
8673.86803232,8673.87600000,0.00000000,326.00000000,0.00000000,2612.54819232,70,4
8659.10543367,8674.35000000,0.00000000,-1.00000000,0.00000000,2595.61468097,70,4
8659.10543367,8674.97500000,0.00000000,-1.00000000,0.00000000,2595.61468097,70,4
8675.55426295,8675.55500000,363.92259054,363.90598550,0.04378741,2614.40129413,70,0
8675.91315155,8675.89800000,0.00000000,372.00000000,0.00000000,2614.79386515,70,4
8676.22385461,8676.22600000,379.05072221,379.00231811,0.02601242,2615.13260203,70,0
8677.81666790,8677.81800000,415.03286269,415.00269941,0.02919832,2616.86115764,70,0
8678.47833940,8678.48400000,0.00000000,430.00000000,0.00000000,2617.57485075,70,4
8679.13960242,8679.14500000,445.13169481,445.00910969,0.04813604,2618.28533805,70,0
8685.69362886,8685.72600000,0.00000000,595.00000000,0.00000000,2625.17864548,70,4
8686.94021098,8686.94200000,623.83409331,623.79270996,0.04415216,2626.45893541,70,0
8687.48605739,8687.48600000,636.42657758,636.42790686,0.01571686,2627.01640430,70,0
8688.28711023,8688.28500000,0.00000000,655.00000000,0.00000000,2627.83097958,70,5
8689.44889766,8689.43800000,0.00000000,682.00000000,0.00000000,2629.00495064,70,4
8689.92127810,8689.95900000,0.00000000,693.00000000,0.00000000,2629.47975287,70,4
8690.82158258,8690.81600000,0.00000000,714.00000000,0.00000000,2630.38059688,70,4
8691.22968563,8691.22700000,723.46592506,723.52869885,0.08334947,2630.78693048,70,0
8692.70149182,8692.72400000,0.00000000,758.00000000,0.00000000,2632.24426992,70,4
8692.87195983,8692.88000000,0.00000000,762.00000000,0.00000000,2632.41209688,70,4
8693.68069700,8693.67000000,0.00000000,781.00000000,0.00000000,2633.20563938,70,4
8695.42031364,8695.41300000,0.00000000,822.00000000,0.00000000,2634.89756112,70,4
8695.78276704,8695.78300000,830.55390950,830.54840250,0.01325428,2635.24680125,70,0
8697.11017953,8697.13100000,0.00000000,862.00000000,0.00000000,2636.52128263,70,4
8697.33161204,8697.34100000,0.00000000,867.25415039,0.00000000,2636.73258877,70,2
8698.28877875,8698.29900000,0.00000000,890.00000000,0.00000000,2637.64206785,70,4
8659.10543367,8699.70300000,0.00000000,-1.00000000,0.00000000,2595.61468097,70,4
8700.25915911,8700.25000000,0.00000000,937.00000000,0.00000000,2639.49411260,70,4
8700.67166567,8700.67000000,946.82917601,946.86905042,0.04255679,2639.87834546,70,0
8701.35093597,8701.35200000,963.17022441,963.14470539,0.04823759,2640.50847604,70,0
8702.77463987,8702.78000000,997.48045048,997.35142254,0.07644458,2641.81850102,70,0
8659.10543367,8703.80900000,0.00000000,-1.00000000,0.00000000,2595.61468097,70,4
8709.56696669,8709.56400000,1162.26170965,1162.33443821,0.03278771,2647.86447958,70,0
8710.04308681,8710.04500000,1174.06054696,1174.01358877,0.06226684,2648.27538390,70,0
8711.29284747,8711.29400000,1204.76874196,1204.74035435,0.03669098,2649.34564985,70,0
8711.88172989,8711.87100000,0.00000000,1219.27406371,0.10846758,2649.84644004,70,0
8712.38658979,8712.38700000,1231.73356463,1231.72342908,0.02600801,2650.27263017,70,0
8713.16532541,8713.15700000,0.00000000,1251.00000000,0.00000000,2650.92748252,70,4
8714.26079858,8714.26100000,1278.15706276,1278.15205892,0.06148394,2651.83944889,70,0
8714.60891032,8714.60900000,1286.80711622,1286.80488582,0.05845137,2652.12751239,70,0
8716.78155495,8716.81344732,0.00000000,1341.00000000,0.00000000,2653.90357445,70,4
8717.69974776,8717.73000000,0.00000000,1364.00000000,0.00000000,2654.64264544,70,4
8718.02336103,8718.02000000,1372.03461696,1372.11899793,0.10155624,2654.90144943,70,0
8718.62907115,8718.62800000,1387.30563504,1387.33257920,0.03373192,2655.38346959,70,0
8719.80634131,8719.81000000,0.00000000,1417.00000000,0.00000000,2656.31243749,70,4
8720.22891797,8720.24800000,0.00000000,1427.67089844,0.00000000,2656.64301650,70,4
8720.45415087,8720.45600000,1433.39997691,1433.35323668,0.16035826,2656.81828489,70,0
8721.00245789,8721.00600000,0.00000000,1447.23864746,0.00000000,2657.24432804,70,1
8721.26933425,8721.25900000,0.00000000,1454.00000000,0.00000000,2657.45063224,70,4
8721.97878479,8721.97100000,0.00000000,1472.00000000,0.00000000,2657.99617227,70,5
8722.87090289,8722.87200000,1494.70424766,1494.67630408,0.02515585,2658.67582409,70,0
8723.10795220,8723.11700000,0.00000000,1500.72729492,0.00000000,2658.85574850,70,2
8724.30054077,8724.32200000,0.00000000,1531.17359920,0.03235453,2659.75188656,70,0
8724.70321408,8724.70200000,1541.43400198,1541.46508718,0.03120904,2660.05133909,70,0
8724.99366727,8724.99800000,1549.02844583,1548.91740173,0.05427227,2660.26708842,70,0
8725.77563916,8725.77200000,1568.88884012,1568.98232925,0.04654229,2660.84342402,70,0
8726.55385308,8726.58200000,0.00000000,1589.00000000,0.00000000,2661.41178048,70,4
8728.09379706,8728.09800000,1628.85595217,1628.74720809,0.04999762,2662.52071070,70,0
8729.29939800,8729.28400000,0.00000000,1660.00000000,0.00000000,2663.37434291,70,4
8729.54541998,8729.54500000,1666.37210900,1666.38302441,0.03623021,2663.54670571,70,0
8731.12758069,8731.12800000,1707.61394269,1707.60299121,0.02161926,2664.64359603,70,0
8732.51545357,8732.52100000,0.00000000,1743.94470215,0.00000000,2665.58742476,70,2
8733.81086674,8733.79900000,0.00000000,1778.00000000,0.00000000,2666.45210281,70,4
8659.10543367,8734.26000000,0.00000000,-1.00000000,0.00000000,2595.61468097,70,4
8734.53473987,8734.54600000,0.00000000,1797.09179688,0.00000000,2666.92848456,70,2
8735.28776772,8735.28800000,0.00000000,1817.00000000,0.00000000,2667.41883562,70,4
8737.46169934,8737.46100000,1874.71935687,1874.73800127,0.04109156,2668.80399568,70,0
8738.40742741,8738.41200000,0.00000000,1900.00000000,0.00000000,2669.39275650,70,4
8738.73020094,8738.72600000,1908.52225091,1908.63471474,0.19430589,2669.59158596,70,0
8739.89877576,8739.89900000,1939.98447210,1939.97844608,0.07260310,2670.30300087,70,0
8740.13529763,8740.12800000,0.00000000,1946.34115290,0.23120841,2670.44543883,70,0
8741.19518008,8741.20500000,0.00000000,1974.90039062,0.00000000,2671.07655561,70,2
8741.49688675,8741.53100000,0.00000000,1983.04882812,0.00000000,2671.25415845,70,1
8741.68005951,8741.65900000,0.00000000,1988.00000000,0.00000000,2671.36153926,70,4
8659.10543367,8742.05000000,0.00000000,-1.00000000,0.00000000,2595.61468097,70,4
8659.10543367,8743.03400000,0.00000000,-1.00000000,0.00000000,2595.61468097,70,4
8743.30561937,8743.30200000,2031.97473603,2032.07314371,0.07089617,2672.29958599,70,0
8659.10543367,8745.40400000,0.00000000,-1.00000000,0.00000000,2595.61468097,70,4
8746.24167846,8746.24100000,2112.28076642,2112.29940483,0.03369578,2673.92491281,70,0
8747.32679251,8747.32800000,2142.19731057,2142.16401640,0.05520710,2674.50284695,70,0
8747.54939539,8747.55800000,0.00000000,2148.31713867,0.00000000,2674.62009407,70,2
8659.10543367,8748.38200000,0.00000000,-1.00000000,0.00000000,2595.61468097,70,4
8750.19928675,8750.20000000,2221.81012966,2221.79025292,0.04567698,2675.97188742,70,0
8751.25940977,8751.25900000,2251.37294348,2251.38440255,0.02316387,2676.49122776,70,0
8754.21198336,8754.21200000,2334.41281756,2334.41234723,0.02152155,2677.87116099,70,0
8756.08404837,8756.09100000,0.00000000,2387.53417969,0.00000000,2678.69440389,70,2
8757.15779132,8757.16100000,0.00000000,2418.17285156,0.00000000,2679.14805023,70,2
8757.34393153,8757.34100000,2423.41045966,2423.49434048,0.11345927,2679.22526324,70,0
8758.11038863,8758.10300000,0.00000000,2445.46053367,0.09624647,2679.53903981,70,0
8659.10543367,8760.16600000,0.00000000,-1.00000000,0.00000000,2595.61468097,70,4
8761.63784019,8761.63900000,2547.42387426,2547.39013152,0.24261487,2680.89083793,70,0
8761.85275755,8761.84800000,0.00000000,2553.64889188,0.09889809,2680.96825281,70,0
8762.33693661,8762.33400000,2567.67438240,2567.76007069,0.05910025,2681.14042134,70,0
8762.92694680,8762.94300000,0.00000000,2585.00000000,0.00000000,2681.34630045,70,4
8763.74613790,8763.73900000,0.00000000,2609.00000000,0.00000000,2681.62473480,70,5
8764.47175483,8764.47800000,0.00000000,2630.32519531,0.00000000,2681.86415449,70,2
8766.61610239,8766.61300000,2693.62131313,2693.71343305,0.07744972,2682.53145734,70,0
8766.99955380,8767.00500000,0.00000000,2705.11237237,0.18336633,2682.64441223,70,0
8767.71699419,8767.72100000,2726.59727257,2726.47777725,0.10133031,2682.85034133,70,0
8767.97605066,8767.97000000,0.00000000,2734.21370726,0.05587628,2682.92304265,70,0
8768.63097277,8768.63100000,2753.79225181,2753.79143629,0.06118497,2683.10261085,70,0
8770.56656113,8770.56900000,0.00000000,2812.00000000,0.00000000,2683.59906119,70,4
8659.10543367,8771.04400000,0.00000000,-1.00000000,0.00000000,2595.61468097,70,4
8771.63512537,8771.64300000,0.00000000,2844.33862305,0.00000000,2683.85064936,70,2
8777.29105169,8777.28400000,0.00000000,3018.06811523,0.00000000,2684.90583487,70,3
8777.56511582,8777.56600000,3026.61255056,3026.58500920,0.09988081,2684.94470374,70,0
8778.82638078,8778.81500000,0.00000000,3066.00000000,0.00000000,2685.10891728,70,5
8779.48996588,8779.49700000,0.00000000,3086.82250977,0.00000000,2685.18526562,70,2
8780.10474242,8780.10500000,3106.17784077,3106.16972404,0.06706767,2685.24975619,70,0
8784.92925588,8784.92200000,0.00000000,3260.00000000,0.00000000,2685.54129921,70,4
8788.49306705,8788.49000000,0.00000000,3376.00000000,0.00000000,2685.50087586,70,4
8789.11687829,8789.11700000,3396.51574863,3396.51173767,0.05585444,2685.47041151,70,0
8789.76764764,8789.75200000,0.00000000,3418.00000000,0.00000000,2685.43097543,70,4
8790.52234517,8790.53100000,0.00000000,3443.00000000,0.00000000,2685.37540533,70,4
8792.92522838,8792.92600000,3523.29093260,3523.26499545,0.10150464,2685.12650403,70,0
8794.36472912,8794.36500000,3571.84078062,3571.83160517,0.04830249,2684.92365443,70,0
8794.75417402,8794.75800000,0.00000000,3585.05249023,0.00000000,2684.86160778,70,2
8796.67605293,8796.67700000,3650.66599237,3650.63348760,0.08134723,2684.51061061,70,0
8796.91700637,8796.90500000,0.00000000,3658.92792829,0.13146970,2684.46109043,70,0
8797.52916415,8797.50200000,0.00000000,3680.00000000,0.00000000,2684.33010302,70,4
8798.01157801,8798.02200000,0.00000000,3696.65747070,0.00000000,2684.22129389,70,2
8798.20455739,8798.20700000,3703.41399995,3703.32944794,0.13857792,2684.17640754,70,0
8800.42294079,8800.41900000,0.00000000,3780.61528103,0.10802093,2683.60206469,70,0
8800.75901235,8800.75800000,3792.38489735,3792.42045592,0.05897998,2683.50551331,70,0
8801.20448574,8801.20600000,3808.14070493,3808.08738075,0.08463350,2683.37376480,70,0
8801.45751742,8801.51900000,0.00000000,3817.00000000,0.00000000,2683.29697619,70,4
8802.08818225,8802.08900000,3839.31897319,3839.29002136,0.04195428,2683.09909010,70,0
8803.20125886,8803.18633222,0.00000000,3878.83422955,0.02789945,2682.72747777,70,0
8804.90496602,8804.90500000,3939.88517450,3939.88395071,0.06605791,2682.10211926,70,0
8805.51780409,8805.50500000,0.00000000,3962.00000000,0.00000000,2681.86009205,70,4
8806.52605709,8806.52800000,3998.66471857,3998.59402580,0.10412630,2681.44152370,70,0
8789.11736349,8789.11700000,97.16072461,97.16858703,0.02677883,2691.84640461,69,0
8792.88537960,8792.92600000,0.00000000,179.00000000,0.00000000,2696.14366752,69,4
8793.06876907,8793.12700000,0.00000000,183.00000000,0.00000000,2696.35088300,69,4
8794.35048366,8794.36500000,0.00000000,211.00000000,0.00000000,2697.79398340,69,4
8796.67564179,8796.67700000,0.00000000,261.99255371,0.00000000,2700.38880427,69,2
8796.90334049,8796.90500000,0.00000000,267.00000000,0.00000000,2700.64129658,69,4
8797.17586171,8797.14300000,0.00000000,272.99642944,0.00000000,2700.94311135,69,2
8797.47060789,8797.50200000,0.00000000,279.48590088,0.00000000,2701.26907241,69,3
8784.60533029,8800.14700000,0.00000000,-1.00000000,0.00000000,2686.59987396,69,4
8800.39045993,8800.41900000,0.00000000,344.00000000,0.00000000,2704.47170723,69,4
8800.76139754,8800.75800000,352.14294061,352.21832164,0.02832289,2704.87474488,69,0
8801.20005062,8801.20600000,0.00000000,361.96173096,0.00000000,2705.35112881,69,2
8802.10151771,8802.08900000,0.00000000,382.00000000,0.00000000,2706.32592781,69,4
8803.20097098,8803.18633222,0.00000000,406.49399861,0.00751521,2707.50847207,69,0
8804.90435781,8804.90500000,444.57620198,444.56181989,0.00917364,2709.32667112,69,0
8806.52860455,8806.52800000,0.00000000,481.00000000,0.00000000,2711.04460949,69,4
8809.45531681,8809.44500000,0.00000000,547.00000000,0.00000000,2714.10045057,69,5
8810.60283221,8810.61100000,0.00000000,573.00000000,0.00000000,2715.28451417,69,4
8810.82315591,8810.86400000,0.00000000,578.00000000,0.00000000,2715.51093890,69,4
8811.21945202,8811.23300000,0.00000000,587.00000000,0.00000000,2715.91746308,69,4
8811.86342495,8811.86400000,601.65847054,601.64538757,0.01935675,2716.57612668,69,0
8812.09879058,8812.11900000,0.00000000,607.00000000,0.00000000,2716.81606157,69,4
8812.42239324,8812.42200000,614.36207715,614.37103603,0.02991612,2717.14557602,69,0
8813.65150226,8813.65200000,642.42869631,642.41732199,0.05407460,2718.39115564,69,0
8814.44337475,8814.44400000,660.54170052,660.52738996,0.05965412,2719.18855201,69,0
8815.42366090,8815.38900000,0.00000000,683.00000000,0.00000000,2720.17050567,69,4
8815.85918309,8815.88700000,0.00000000,693.00000000,0.00000000,2720.60478122,69,4
8816.42467953,8816.44300000,0.00000000,706.00000000,0.00000000,2721.16687167,69,4
8816.81763883,8816.83600000,0.00000000,715.04406738,0.00000000,2721.55627119,69,2
8817.03847420,8817.05200000,0.00000000,720.13043213,0.00000000,2721.77467551,69,3
8817.72333019,8817.72300000,735.90599514,735.91361290,0.03473523,2722.44967402,69,0
8818.99044825,8818.99000000,765.18312559,765.19350167,0.04058882,2723.69099734,69,0
8819.45638788,8819.45800000,0.00000000,776.00000000,0.00000000,2724.14556516,69,4
8823.78047566,8823.78100000,876.74282218,876.73053842,0.03216719,2728.29002971,69,0
8826.67617479,8826.67800000,944.87388213,944.83081052,0.03282300,2730.99711081,69,0
8828.71198410,8828.72200000,0.00000000,993.00000000,0.00000000,2732.86571464,69,4
8784.60533029,8829.16500000,0.00000000,-1.00000000,0.00000000,2686.59987396,69,4
8830.43194358,8830.43300000,1033.92043110,1033.89525802,0.03845895,2734.42211050,69,0
8830.92842102,8830.92900000,1045.74748613,1045.73367127,0.04032706,2734.86751080,69,0
8831.86056564,8831.88300000,0.00000000,1068.00000000,0.00000000,2735.69898310,69,4
8832.15437941,8832.16000000,0.00000000,1075.03039551,0.00000000,2735.95981507,69,2
8832.36193113,8832.37700000,0.00000000,1080.00000000,0.00000000,2736.14369882,69,4
8784.60533029,8835.49700000,0.00000000,-1.00000000,0.00000000,2686.59987396,69,4
8836.18057973,8836.17800000,1171.85111592,1171.91353139,0.04014588,2739.47125147,69,0
8837.15016367,8837.15900000,0.00000000,1195.41784864,0.09676959,2740.29982081,69,0
8837.46255992,8837.49100000,0.00000000,1203.00000000,0.00000000,2740.56516278,69,4
8838.24421917,8838.22200000,0.00000000,1222.00000000,0.00000000,2741.22591719,69,5
8784.60533029,8839.64900000,0.00000000,-1.00000000,0.00000000,2686.59987396,69,4
8784.60533029,8840.47500000,0.00000000,-1.00000000,0.00000000,2686.59987396,69,4
8840.66842844,8840.68400000,0.00000000,1281.18664551,0.00000000,2743.24609233,69,2
8841.61664953,8841.62400000,0.00000000,1304.44592285,0.00000000,2744.02418439,69,2
8841.76131888,8841.79700000,0.00000000,1308.00000000,0.00000000,2744.14229373,69,4
8784.60533029,8842.33300000,0.00000000,-1.00000000,0.00000000,2686.59987396,69,4
8842.98484394,8842.99300000,0.00000000,1338.11608622,0.06397587,2745.13475977,69,0
8845.24406435,8845.26400000,0.00000000,1394.00000000,0.00000000,2746.93680587,69,4
8845.71704613,8845.72500000,0.00000000,1405.74536133,0.00000000,2747.30900671,69,2
8845.86688603,8845.86900000,0.00000000,1409.46960449,0.00000000,2747.42655039,69,2
8846.93502495,8846.93000000,1435.93694048,1436.06224668,0.08959058,2748.25922096,69,0
8847.36192475,8847.36000000,1446.65421469,1446.70226221,0.03305209,2748.58911912,69,0
8848.61097682,8848.61000000,1477.92019016,1477.94467135,0.05081008,2749.54702701,69,0
8849.25120245,8849.25100000,1494.00058627,1494.00566992,0.05473961,2750.03320876,69,0
8850.17600761,8850.18300000,0.00000000,1517.26843262,0.00000000,2750.72986195,69,2
8850.36390390,8850.39200000,0.00000000,1522.00000000,0.00000000,2750.87046817,69,4
8850.88004221,8850.88100000,1535.02203077,1534.99787143,0.05096627,2751.25482357,69,0
8851.15697302,8851.17500000,0.00000000,1542.00000000,0.00000000,2751.46072792,69,4
8852.10727615,8852.10700000,1566.00769495,1566.01468804,0.06317806,2752.16077015,69,0
8852.63322980,8852.63200000,1579.31274131,1579.34393164,0.03706395,2752.54522717,69,0
8853.68222998,8853.70400000,0.00000000,1606.00000000,0.00000000,2753.30529646,69,4
8854.00489348,8854.00500000,1614.20326389,1614.20055150,0.05738518,2753.53677321,69,0
8854.74182539,8854.72700000,0.00000000,1633.00000000,0.00000000,2754.06324619,69,4
8858.15590805,8858.16400000,0.00000000,1720.59484863,0.00000000,2756.43960012,69,2
8858.93545127,8858.93900000,1740.81538355,1740.72362763,0.04117138,2756.96782529,69,0
8861.66958201,8861.67800000,0.00000000,1811.72534180,0.00000000,2758.77782373,69,2
8861.79297229,8861.80200000,0.00000000,1814.94409180,0.00000000,2758.85791125,69,2
8863.01963884,8863.01800000,1846.95919529,1847.00212034,0.05467759,2759.64625948,69,0
8864.39404258,8864.40100000,0.00000000,1883.09387207,0.00000000,2760.51356429,69,3
8865.78088058,8865.78300000,1919.71842333,1919.66239719,0.02630363,2761.37046546,69,0
8870.49646368,8870.49600000,2045.26210979,2045.27455580,0.03978997,2764.14631976,69,0
8784.60533029,8872.05000000,0.00000000,-1.00000000,0.00000000,2686.59987396,69,4
8874.02698391,8874.02000000,0.00000000,2140.66620296,0.02049455,2766.08094671,69,0
8874.62967012,8874.63100000,2157.08736430,2157.05114160,0.05882436,2766.39818655,69,0
8875.27227600,8875.27200000,2174.56732730,2174.57486278,0.02095558,2766.73258899,69,0
8875.93836040,8875.93300000,0.00000000,2192.79437448,0.03387715,2767.07491426,69,0
8877.85829902,8877.86500000,0.00000000,2245.51326520,0.10328044,2768.03469650,69,0
8878.46330833,8878.46600000,0.00000000,2262.20141602,0.00000000,2768.32899212,69,2
8878.62897186,8878.62400000,0.00000000,2266.77732980,0.14667281,2768.40888841,69,0
8879.22470933,8879.23100000,0.00000000,2283.25537109,0.00000000,2768.69374579,69,2
8879.36126786,8879.36500000,0.00000000,2287.03759766,0.00000000,2768.75849949,69,2
8879.52191831,8879.53000000,0.00000000,2291.48950195,0.00000000,2768.83441707,69,2
8880.97944636,8880.98500000,0.00000000,2332.00000000,0.00000000,2769.51026183,69,4
8883.37292540,8883.37500000,0.00000000,2399.00000000,0.00000000,2770.56882312,69,4
8887.29123498,8887.28200000,0.00000000,2510.00000000,0.00000000,2772.16015929,69,4
8887.69567044,8887.69700000,2521.59020451,2521.55219765,0.07032567,2772.31414026,69,0
8888.01942958,8888.01800000,2530.77185002,2530.81276534,0.08894089,2772.43599180,69,0
8888.93264928,8888.91000000,0.00000000,2557.00000000,0.00000000,2772.77293772,69,5
8889.71350035,8889.71200000,2579.41340418,2579.45663062,0.02666631,2773.05290587,69,0
8890.20416487,8890.20400000,2593.60263066,2593.60739021,0.03633520,2773.22506742,69,0
8890.56410316,8890.56400000,2604.00281794,2604.00580021,0.08036510,2773.34947933,69,0
8890.89596011,8890.89700000,2613.63611210,2613.60601007,0.04007221,2773.46276355,69,0
8891.70869356,8891.71200000,2637.27702136,2637.18098439,0.07774542,2773.73452599,69,0
8892.56156545,8892.58700000,0.00000000,2662.00000000,0.00000000,2774.01076013,69,4
8893.24681837,8893.24300000,0.00000000,2682.00000000,0.00000000,2774.22599379,69,4
8893.62289271,8893.62500000,0.00000000,2693.00000000,0.00000000,2774.34157054,69,4
8894.03249602,8894.03600000,0.00000000,2705.00000000,0.00000000,2774.46538661,69,5
8895.59962864,8895.59900000,2751.07239941,2751.09095304,0.09352313,2774.91895544,69,0
8896.59743775,8896.60200000,2780.73835542,2780.60314993,0.05072115,2775.19104631,69,0
8899.31748299,8899.31800000,2861.69980908,2861.68430534,0.03784474,2775.86491754,69,0
8902.27748979,8902.28800000,0.00000000,2951.00000000,0.00000000,2776.48220948,69,5
8904.18281855,8904.18400000,3009.13238862,3009.09620323,0.07099492,2776.81338901,69,0
8904.76737417,8904.76700000,3027.01275585,3027.02424724,0.08267264,2776.90439398,69,0
8905.84767036,8905.84800000,3060.29726525,3060.28708894,0.08050146,2777.05925546,69,0
8784.60533029,8906.37900000,0.00000000,-1.00000000,0.00000000,2686.59987396,69,4
8784.60533029,8906.85500000,0.00000000,-1.00000000,0.00000000,2686.59987396,69,4
8784.60533029,8909.42300000,0.00000000,-1.00000000,0.00000000,2686.59987396,69,4
8909.82477055,8909.83400000,0.00000000,3184.17749023,0.00000000,2777.47615304,69,3
8910.60260196,8910.60900000,0.00000000,3208.67773438,0.00000000,2777.52874136,69,2
8910.75281929,8910.74900000,3213.29262138,3213.41323126,0.21067615,2777.53776893,69,0
8911.96429961,8911.97200000,0.00000000,3251.78955078,0.00000000,2777.59734205,69,4
8912.26023734,8912.26500000,0.00000000,3261.19668010,0.06138447,2777.60825397,69,0
8914.16697528,8914.16600000,3322.09093493,3322.12224863,0.07969620,2777.64373917,69,0
8914.35917890,8914.37300000,0.00000000,3328.30981445,0.00000000,2777.64393317,69,2
8915.24983639,8915.27500000,0.00000000,3357.00000000,0.00000000,2777.63661636,69,4
8916.16188009,8916.15800000,3386.37994165,3386.50578418,0.05439609,2777.61499241,69,0
8916.50806135,8916.50900000,3397.76951843,3397.73901696,0.06917755,2777.60300238,69,0
8917.82148311,8917.82400000,3440.64275752,3440.56043020,0.05420257,2777.53829078,69,0
8918.12388839,8918.12500000,3450.49820600,3450.46178727,0.05458360,2777.51904174,69,0
8918.91224652,8918.91900000,0.00000000,3476.34624234,0.08136508,2777.46111494,69,0
8919.78132835,8919.78200000,0.00000000,3505.00000000,0.00000000,2777.38416018,69,5
8924.96930531,8924.97000000,3678.86272259,3678.83909975,0.11781614,2776.62828019,69,0
8784.60533029,8927.26600000,0.00000000,-1.00000000,0.00000000,2686.59987396,69,4
8928.66370736,8928.66400000,3805.75174002,3805.74158469,0.07051288,2775.76316494,69,0
8929.07009669,8929.07100000,3819.89257642,3819.86115337,0.06927226,2775.65056304,69,0
8930.02422479,8930.02000000,0.00000000,3853.14970647,0.10090211,2775.37213514,69,0
8930.98889455,8930.99000000,0.00000000,3887.00000000,0.00000000,2775.07035168,69,4
8931.27281571,8931.26000000,0.00000000,3897.00000000,0.00000000,2774.97759948,69,4
8931.81918997,8931.83000000,0.00000000,3916.29199219,0.00000000,2774.79402294,69,2
8932.09298405,8932.09900000,0.00000000,3925.98339844,0.00000000,2774.69949666,69,4
8933.66478634,8933.66500000,3981.95808629,3981.95043938,0.07011232,2774.12344882,69,0
8934.32986681,8934.32900000,4005.76090614,4005.79203160,0.10796638,2773.86243595,69,0
8935.47033256,8935.46900000,4046.85343161,4046.90165574,0.09423453,2773.39045651,69,0
8935.96600038,8935.96600000,4064.86648595,4064.86649977,0.05631342,2773.17549003,69,0
8914.16408261,8914.16600000,7.81748488,7.77694614,0.04594133,2780.55581933,68,0
8914.36436855,8914.37300000,0.00000000,12.00000000,0.00000000,2780.78789642,68,5
8916.16013682,8916.15800000,50.02406122,50.06943337,0.02884094,2782.86648892,68,0
8917.82226515,8917.82400000,85.45340189,85.41645230,0.01874212,2784.77468663,68,0
8918.13189158,8918.12500000,0.00000000,92.00000000,0.00000000,2785.12778551,68,4
8919.77105424,8919.78200000,0.00000000,127.00000000,0.00000000,2786.99277950,68,4
8924.93269003,8924.97000000,0.00000000,238.00000000,0.00000000,2792.77206182,68,4
8927.26532582,8927.26600000,288.57471939,288.56007133,0.09505129,2795.33637742,68,0
8928.66272716,8928.66400000,318.99578726,318.96804556,0.03059505,2796.85811790,68,0
8929.06840597,8929.07100000,327.87056387,327.81397357,0.02707962,2797.29791618,68,0
8930.02161462,8930.02000000,348.59630196,348.63160309,0.04674599,2798.32778461,68,0
8931.27146867,8931.26000000,0.00000000,376.00000000,0.00000000,2799.67076712,68,4
8931.81802979,8931.83000000,0.00000000,387.98861694,0.00000000,2800.25513643,68,2
8932.09050953,8932.09900000,0.00000000,393.97076416,0.00000000,2800.54583578,68,2
8933.63737864,8933.66500000,0.00000000,428.00000000,0.00000000,2802.18816989,68,4
8934.31754702,8934.32900000,0.00000000,443.00000000,0.00000000,2802.90600628,68,4
8935.44886454,8935.46900000,0.00000000,468.00000000,0.00000000,2804.09411059,68,4
8935.96178771,8935.96600000,479.45039731,479.35708841,0.03649109,2804.63042536,68,0
8937.33670686,8937.34000000,509.93711881,509.86394785,0.05393051,2806.06047114,68,0
8913.79673996,8937.51300000,0.00000000,-1.00000000,0.00000000,2780.12765553,68,4
8938.55411421,8938.54900000,536.83607670,536.95003261,0.10899787,2807.31725182,68,0
8913.79673996,8939.49400000,0.00000000,-1.00000000,0.00000000,2780.12765553,68,4
8940.21991823,8940.21900000,574.12314808,574.14368858,0.03523830,2809.02324418,68,0
8940.79451633,8940.78200000,0.00000000,587.00000000,0.00000000,2809.60761635,68,4
8941.15154689,8941.16600000,0.00000000,595.00000000,0.00000000,2809.96987059,68,4
8941.29065682,8941.29600000,0.00000000,598.11883545,0.00000000,2810.11081053,68,2
8942.22693668,8942.23000000,619.20514620,619.13631060,0.05234311,2811.05639893,68,0
8943.64376629,8943.64300000,651.01118246,651.02845776,0.03743620,2812.47731428,68,0
8944.47791424,8944.47800000,669.85087917,669.84894246,0.06490490,2813.30796224,68,0
8944.83632078,8944.83600000,677.93920096,677.94645171,0.04002229,2813.66355051,68,0
8945.82056340,8945.83000000,0.00000000,700.23559570,0.00000000,2814.63675568,68,2
8946.05454571,8946.04400000,0.00000000,705.53991699,0.00000000,2814.86715038,68,1
8946.38340173,8946.38600000,0.00000000,713.00000000,0.00000000,2815.19039644,68,4
8947.64585140,8947.64700000,741.70934943,741.68321252,0.02801367,2816.42470123,68,0
8948.44932962,8948.44600000,0.00000000,760.00000000,0.00000000,2817.20582459,68,4
8948.84376441,8948.84300000,0.00000000,769.00000000,0.00000000,2817.58760747,68,4
8949.28158452,8949.32700000,0.00000000,779.00000000,0.00000000,2818.01024679,68,4
8949.41284005,8949.44000000,0.00000000,782.00000000,0.00000000,2818.13671763,68,4
8951.81178461,8951.79500000,0.00000000,837.00000000,0.00000000,2820.42910803,68,4
8952.02917346,8952.02400000,0.00000000,842.00000000,0.00000000,2820.63504027,68,4
8953.11849630,8953.13100000,0.00000000,867.09510140,0.11731612,2821.66241126,68,0
8954.02369446,8954.03947956,0.00000000,888.00000000,0.00000000,2822.51033821,68,4
8954.41277486,8954.41200000,0.00000000,897.00000000,0.00000000,2822.87317804,68,4
8913.79673996,8955.42500000,0.00000000,-1.00000000,0.00000000,2780.12765553,68,4
8913.79673996,8955.71900000,0.00000000,-1.00000000,0.00000000,2780.12765553,68,4
8957.18599117,8957.18200000,961.30782431,961.40083611,0.03702772,2825.43072728,68,0
8957.76718512,8957.77300000,975.09099045,974.95527641,0.04897578,2825.96034468,68,0
8962.72275972,8962.73300000,0.00000000,1091.35486537,0.08103051,2830.38447903,68,0
8963.34546920,8963.35100000,0.00000000,1106.08728027,0.00000000,2830.92860744,68,2
8963.70803410,8963.71400000,0.00000000,1114.67614746,0.00000000,2831.24418995,68,2
8964.48038979,8964.50600000,0.00000000,1133.00000000,0.00000000,2831.91343128,68,4
8966.33725620,8966.33800000,1177.21146901,1177.19371950,0.04183309,2833.50491334,68,0
8967.49995726,8967.53000000,0.00000000,1205.00000000,0.00000000,2834.48988660,68,4
8967.86328411,8967.86100000,1213.63062386,1213.68536309,0.14368109,2834.79495448,68,0
8969.53870151,8969.53600000,1253.86256096,1253.92759179,0.03183095,2836.19234574,68,0
8970.82646732,8970.82900000,0.00000000,1285.00000000,0.00000000,2837.25321533,68,4
8973.09053081,8973.09500000,0.00000000,1339.86779785,0.00000000,2839.08799663,68,2
8975.72877249,8975.73800000,0.00000000,1404.24206543,0.00000000,2841.17802123,68,2
8975.91538813,8975.93900000,0.00000000,1408.81372070,0.00000000,2841.32387645,68,1
8977.39299738,8977.39200000,1445.05840288,1445.08294066,0.05606637,2842.46893692,68,0
8977.96031729,8977.96100000,1459.06970651,1459.05287997,0.06395489,2842.90426020,68,0
8978.19724232,8978.20600000,0.00000000,1464.91088867,0.00000000,2843.08585704,68,2
8978.37171879,8978.38100000,0.00000000,1469.21533203,0.00000000,2843.21893708,68,2
8978.92987725,8978.95100000,0.00000000,1483.00000000,0.00000000,2843.64308332,68,4
8979.67845370,8979.68100000,1501.57343709,1501.51035640,0.15695536,2844.20776301,68,0
8979.92078711,8979.92500000,1507.62847983,1507.52405116,0.05938735,2844.39001551,68,0
8980.48297980,8980.48400000,0.00000000,1521.47399902,0.00000000,2844.81051618,68,1
8980.98711173,8981.00500000,0.00000000,1534.00000000,0.00000000,2845.18539123,68,4
8982.47643407,8982.46900000,0.00000000,1571.11315918,0.00000000,2846.28109237,68,2
8982.67341072,8982.66700000,0.00000000,1576.03393555,0.00000000,2846.42468438,68,2
8984.28468408,8984.27900000,0.00000000,1616.39428711,0.00000000,2847.58754197,68,2
8984.45135748,8984.45500000,1620.66881401,1620.57730800,0.05268503,2847.70654489,68,0
8985.78632067,8985.78400000,1654.11557528,1654.17411179,0.06491890,2848.65200375,68,0
8987.12430579,8987.10800000,0.00000000,1688.00000000,0.00000000,2849.58533642,68,4
8988.50340958,8988.48902925,0.00000000,1723.00000000,0.00000000,2850.53145081,68,4
8989.37195958,8989.37400000,1745.15982629,1745.10779030,0.05745187,2851.11878603,68,0
8992.37272134,8992.38700000,0.00000000,1822.00000000,0.00000000,2853.09960455,68,4
8994.38871460,8994.39800000,0.00000000,1874.06079102,0.00000000,2854.38609718,68,2
8995.34987237,8995.35900000,0.00000000,1899.00000000,0.00000000,2854.98674944,68,4
8996.27202723,8996.28700000,0.00000000,1923.00000000,0.00000000,2855.55522189,68,4
8996.80867947,8996.80900000,0.00000000,1937.00000000,0.00000000,2855.88250104,68,4
8997.29643774,8997.30000000,1949.83581385,1949.74265284,0.05476184,2856.17761364,68,0
8998.58148677,8998.58100000,1983.40854553,1983.42133190,0.02058706,2856.94486852,68,0
8913.79673996,8999.36230991,0.00000000,-1.00000000,0.00000000,2780.12765553,68,4
9001.56364846,9001.56500000,2062.14999816,2062.11415406,0.09395758,2858.66564599,68,0
9002.72386999,9002.73200000,0.00000000,2092.96850586,0.00000000,2859.31282638,68,2
9003.16650642,9003.15392231,0.00000000,2104.76473315,0.01964607,2859.55616061,68,0
8913.79673996,9005.33000000,0.00000000,-1.00000000,0.00000000,2780.12765553,68,4
8913.79673996,9005.43500000,0.00000000,-1.00000000,0.00000000,2780.12765553,68,4
9006.22044800,9006.21900000,2186.59095045,2186.62998468,0.02736547,2861.18246218,68,0
9007.71387611,9007.70100000,0.00000000,2227.00000000,0.00000000,2861.94425386,68,4
9007.84376210,9007.84900000,0.00000000,2230.51998324,0.14070123,2862.00941851,68,0
9008.15642665,9008.14300000,0.00000000,2239.00000000,0.00000000,2862.16557830,68,4
9008.52468962,9008.52800000,0.00000000,2249.00000000,0.00000000,2862.34822333,68,4
9008.63507469,9008.63400000,0.00000000,2252.00000000,0.00000000,2862.40269916,68,4
8913.79673996,9010.78800000,0.00000000,-1.00000000,0.00000000,2780.12765553,68,4
8913.79673996,9010.95800000,0.00000000,-1.00000000,0.00000000,2780.12765553,68,4
9012.10839281,9012.11000000,2347.04447920,2347.00025310,0.07104616,2864.05191766,68,0
9014.53575393,9014.53600000,2414.11626936,2414.10943533,0.06891150,2865.12827357,68,0
9015.70202337,9015.69600000,0.00000000,2446.57924940,0.14056392,2865.62268712,68,0
9016.50459146,9016.51300000,0.00000000,2469.00000000,0.00000000,2865.95404594,68,4
9017.64757163,9017.63100000,0.00000000,2501.04837403,0.16633512,2866.41344920,68,0
9018.60746442,9018.60700000,2528.05670970,2528.06980697,0.07522800,2866.78776598,68,0
9019.16942977,9019.17000000,2543.95072181,2543.93460668,0.06665841,2867.00198025,68,0
9019.86938078,9019.86900000,2563.73127760,2563.74206750,0.05711945,2867.26366091,68,0
9020.34974418,9020.37200000,0.00000000,2577.37602676,0.03932722,2867.44005862,68,0
9021.28399718,9021.28200000,2603.88404362,2603.94095636,0.07792796,2867.77503579,68,0
9023.32118602,9023.32200000,0.00000000,2662.24462891,0.00000000,2868.46979688,68,1
9023.49642776,9023.49600000,2667.25125766,2667.26355629,0.05380667,2868.52700575,68,0
9024.52798077,9024.54100000,0.00000000,2697.00000000,0.00000000,2868.85750886,68,4
9025.97450138,9025.97500000,2738.88741210,2738.87293009,0.06456095,2869.29837351,68,0
8913.79673996,9027.27200000,0.00000000,-1.00000000,0.00000000,2780.12765553,68,4
9027.69951843,9027.70000000,2789.16009073,2789.14600611,0.05312153,2869.78976487,68,0
8913.79673996,9029.35200000,0.00000000,-1.00000000,0.00000000,2780.12765553,68,4
9030.17726060,9030.12200000,0.00000000,2862.00000000,0.00000000,2870.42839527,68,4
9031.76225496,9031.73900000,0.00000000,2909.00000000,0.00000000,2870.79421087,68,4
8913.79673996,9032.72200000,0.00000000,-1.00000000,0.00000000,2780.12765553,68,4
9033.14040442,9033.14200000,2950.16503696,2950.11728228,0.06153399,2871.08451075,68,0
9034.41703528,9034.41800000,2988.46125914,2988.43222426,0.03764181,2871.33003543,68,0
9035.36366385,9035.36900000,0.00000000,3017.00000000,0.00000000,2871.49740097,68,4
9035.65186191,9035.65200000,3025.70421698,3025.70003755,0.05222454,2871.54570534,68,0
9038.21287717,9038.21400000,3103.70540909,3103.67103693,0.05105523,2871.92302745,68,0
9039.44660792,9039.44400000,3141.46780660,3141.54810712,0.03589957,2872.07020088,68,0
8913.79673996,9040.61700000,0.00000000,-1.00000000,0.00000000,2780.12765553,68,4
9041.39567002,9041.39000000,0.00000000,3201.84205244,0.03129932,2872.25569053,68,0
9043.26113615,9043.26200000,3260.07839458,3260.05132082,0.07639285,2872.37785105,68,0
9044.05087837,9044.05000000,3284.82644284,3284.85408603,0.09918415,2872.41289725,68,0
9044.87959003,9044.89500000,0.00000000,3311.00000000,0.00000000,2872.43882970,68,4
9045.32220920,9045.31800000,0.00000000,3325.00000000,0.00000000,2872.44806706,68,4
9046.10424861,9046.10000000,0.00000000,3349.81021600,0.05774054,2872.45646958,68,0
9047.21731295,9047.21600000,3385.23197240,3385.27394212,0.06946133,2872.45078250,68,0
9048.77877708,9048.77900000,3435.39231656,3435.38513448,0.06107506,2872.40721050,68,0
9049.81127362,9049.81400000,3468.82254608,3468.73425230,0.09506569,2872.35512570,68,0
9051.22747813,9051.23600000,0.00000000,3514.77198237,0.13970641,2872.25287430,68,0
9051.56587419,9051.54300000,0.00000000,3525.82104688,0.04647877,2872.22309204,68,0
8913.79673996,9051.88900000,0.00000000,-1.00000000,0.00000000,2780.12765553,68,4
9053.03765484,9053.03900000,3574.13389582,3574.08960100,0.07218347,2872.06916964,68,0
9053.46651064,9053.46600000,3588.21299804,3588.22985630,0.06658778,2872.01673262,68,0
9053.95116363,9053.95000000,3604.21261337,3604.25112704,0.07963315,2871.95329500,68,0
9054.32614094,9054.32600000,3616.66801174,3616.67268450,0.06876012,2871.90116669,68,0
9055.21722853,9055.21900000,3646.34428258,3646.28525493,0.07799678,2871.76651658,68,0
9056.84287628,9056.84500000,3700.78874100,3700.71732150,0.07082346,2871.48083421,68,0
8913.79673996,9058.52800000,0.00000000,-1.00000000,0.00000000,2780.12765553,68,4
9060.29632324,9060.30500000,0.00000000,3817.96142578,0.00000000,2870.69718741,68,2
9061.92320305,9061.96500000,0.00000000,3874.00000000,0.00000000,2870.24125057,68,4
9063.36177629,9063.34000000,0.00000000,3924.00000000,0.00000000,2869.78990661,68,4
9063.87666139,9063.87600000,0.00000000,3942.00000000,0.00000000,2869.61712711,68,4
9065.77921155,9065.79300000,0.00000000,4009.00000000,0.00000000,2868.92602877,68,4
9066.54167177,9066.54100000,4036.06137992,4036.08529328,0.09920209,2868.62515259,68,0
9047.22904044,9047.21600000,0.00000000,8.00000000,0.00000000,2876.85568189,67,4
9048.76219547,9048.77900000,0.00000000,40.00000000,0.00000000,2878.60190420,67,4
9049.81236605,9049.81400000,62.02737468,61.99314339,0.06090459,2879.79277956,67,0
9051.22783958,9051.23600000,0.00000000,91.67026578,0.03553125,2881.38772252,67,0
9051.52904248,9051.54300000,0.00000000,98.00000000,0.00000000,2881.72611680,67,4
9053.04895057,9053.03900000,0.00000000,130.00000000,0.00000000,2883.42724766,67,4
9053.47557450,9053.46600000,0.00000000,139.00000000,0.00000000,2883.90279311,67,4
9053.94910544,9053.95000000,149.02709831,149.00820240,0.04118678,2884.43011503,67,0
9054.32770180,9054.32600000,0.00000000,157.00000000,0.00000000,2884.85006338,67,4
9055.20265335,9055.21900000,0.00000000,175.51507568,0.00000000,2885.81912072,67,2
9056.63980549,9056.60900000,0.00000000,206.00000000,0.00000000,2887.40289857,67,4
9056.84429307,9056.84500000,210.36318431,210.34816216,0.03133829,2887.62760356,67,0
9060.29040684,9060.30500000,0.00000000,283.85031128,0.00000000,2891.38085131,67,2
9061.92946814,9061.96500000,0.00000000,319.00000000,0.00000000,2893.14547201,67,4
9063.32386146,9063.34000000,0.00000000,349.00000000,0.00000000,2894.63605498,67,4
9046.84501712,9063.87600000,0.00000000,-1.00000000,0.00000000,2876.41662912,67,4
9065.79548485,9065.79300000,402.34131087,402.39513968,0.08907106,2897.25365164,67,0
9066.51509817,9066.54100000,0.00000000,418.00000000,0.00000000,2898.01007738,67,4
9068.49263519,9068.51400000,0.00000000,461.00000000,0.00000000,2900.07434775,67,4
9069.22626358,9069.20900000,0.00000000,477.00000000,0.00000000,2900.83491040,67,4
9072.14883274,9072.13000000,0.00000000,541.00000000,0.00000000,2903.83620330,67,4
9074.13030569,9074.11100000,0.00000000,584.63159481,0.03725346,2905.84468263,67,0
9075.76745898,9075.76700000,620.81970454,620.82987145,0.05418804,2907.48778356,67,0
9077.66692829,9077.71300000,0.00000000,663.00000000,0.00000000,2909.37537825,67,4
9078.20410250,9078.22500000,0.00000000,674.95940815,0.09210579,2909.90548594,67,0
9079.05795332,9079.04200000,0.00000000,694.00000000,0.00000000,2910.74471423,67,4
9046.84501712,9080.16800000,0.00000000,-1.00000000,0.00000000,2876.41662912,67,4
9080.97021655,9080.97100000,736.79026589,736.77270393,0.11992436,2912.60862618,67,0
9082.58241196,9082.57600000,0.00000000,773.00000000,0.00000000,2914.16419550,67,4
9084.62110102,9084.61800000,0.00000000,819.00000000,0.00000000,2916.10880641,67,4
9085.14608927,9085.14600000,830.86274926,830.86477082,0.05011054,2916.60482134,67,0
9046.84501712,9085.80300000,0.00000000,-1.00000000,0.00000000,2876.41662912,67,4
9086.29771372,9086.31700000,0.00000000,857.00000000,0.00000000,2917.68937515,67,4
9086.86972793,9086.88000000,0.00000000,870.00000000,0.00000000,2918.22472149,67,4
9088.38480001,9088.38200000,904.44418701,904.50813053,0.09898809,2919.63248173,67,0
9088.74716663,9088.74900000,912.82921826,912.78731139,0.03347372,2919.96735540,67,0
9090.09753287,9090.10100000,943.77813623,943.69865585,0.02441098,2921.20780611,67,0
9046.84501712,9092.81700000,0.00000000,-1.00000000,0.00000000,2876.41662912,67,4
9094.54229840,9094.53900000,1046.08270508,1046.15916841,0.04969993,2925.20831381,67,0
9094.78753721,9094.80700000,0.00000000,1051.84948730,0.00000000,2925.42547655,67,2
9096.17108434,9096.15700000,0.00000000,1084.00000000,0.00000000,2926.64253375,67,4
9097.09605848,9097.09300000,1105.47783670,1105.54918697,0.00982988,2927.44883763,67,0
9046.84501712,9098.82900000,0.00000000,-1.00000000,0.00000000,2876.41662912,67,4
9100.59844382,9100.59800000,1187.63341717,1187.64386707,0.01975286,2930.45108233,67,0
9101.76614801,9101.76600000,1215.17949110,1215.18298752,0.04981107,2931.43352323,67,0
9102.51896093,9102.51800000,1232.96239902,1232.98514510,0.06357126,2932.06200067,67,0
9046.84501712,9103.49300000,0.00000000,-1.00000000,0.00000000,2876.41662912,67,4
9104.96106048,9104.95800000,1290.91056473,1290.98350639,0.06315217,2934.07355371,67,0
9105.69539649,9105.70600000,0.00000000,1308.50893066,0.02281815,2934.67054579,67,0
9108.26486536,9108.26400000,1370.03520158,1370.05600710,0.05472225,2936.72721581,67,0
9109.27779288,9109.27900000,1394.47583713,1394.44672834,0.01853084,2937.52507140,67,0
9110.39393248,9110.39300000,1421.37614870,1421.39869569,0.02217563,2938.39535476,67,0
9111.82139368,9111.82400000,0.00000000,1456.00000000,0.00000000,2939.49515436,67,4
9113.04786917,9113.04500000,1485.74963914,1485.81956448,0.04841904,2940.42719308,67,0
9113.77392329,9113.78100000,0.00000000,1503.54457356,0.05447622,2940.97428318,67,0
9114.53843592,9114.53100000,0.00000000,1522.23299588,0.08287218,2941.54551875,67,0
9115.27057343,9115.27000000,1540.14045622,1540.15451730,0.06238569,2942.08792189,67,0
9116.04638596,9116.05400000,0.00000000,1559.21557617,0.00000000,2942.65902043,67,2
9116.28164890,9116.31800000,0.00000000,1565.00000000,0.00000000,2942.83114940,67,4
9116.82717687,9116.82800000,1578.43668497,1578.41640568,0.02766016,2943.22826821,67,0
9117.86364802,9117.86000000,0.00000000,1604.00000000,0.00000000,2943.97732716,67,4
9046.84501712,9118.57600000,0.00000000,-1.00000000,0.00000000,2876.41662912,67,4
9119.47860518,9119.51700000,0.00000000,1644.00000000,0.00000000,2945.12691230,67,4
9120.04201917,9120.04600000,0.00000000,1658.00000000,0.00000000,2945.52305004,67,4
9120.38752968,9120.38700000,1666.57429390,1666.58748033,0.01204180,2945.76444224,67,0
9123.04421376,9123.02600000,0.00000000,1733.00000000,0.00000000,2947.59031285,67,5
9046.84501712,9125.55700000,0.00000000,-1.00000000,0.00000000,2876.41662912,67,4
9126.82455430,9126.83300000,0.00000000,1828.42033788,0.05733819,2950.08665247,67,0
9127.12295595,9127.11900000,0.00000000,1836.00000000,0.00000000,2950.27852470,67,4
9127.32520615,9127.32200000,1841.05635447,1841.13788263,0.08378550,2950.40804793,67,0
9127.79427030,9127.79800000,1853.16936584,1853.07438407,0.08370562,2950.70728387,67,0
9129.12352940,9129.11700000,0.00000000,1887.00000000,0.00000000,2951.54496411,67,4
9129.55337396,9129.60000000,0.00000000,1898.00000000,0.00000000,2951.81250705,67,4
9131.23079548,9131.23100000,1941.07150253,1941.06623754,0.06595675,2952.84081415,67,0
9132.46849619,9132.48800000,0.00000000,1973.00000000,0.00000000,2953.58360810,67,4
9133.58835945,9133.55800000,0.00000000,2002.00000000,0.00000000,2954.24362947,67,5
9135.99507635,9135.99200000,2064.60183688,2064.68228296,0.11496069,2955.62298956,67,0
9137.51334244,9137.51500000,2104.51764961,2104.47407775,0.01197502,2956.46511744,67,0
9138.25010998,9138.25800000,0.00000000,2123.87791150,0.06264920,2956.86633054,67,0
9138.66991065,9138.66900000,2134.90940985,2134.93343749,0.05500202,2957.09215961,67,0
9139.05066796,9139.06500000,0.00000000,2145.00000000,0.00000000,2957.29604101,67,4
9139.55310003,9139.56600000,0.00000000,2158.28564453,0.00000000,2957.56257178,67,2
9141.39543358,9141.39700000,2207.23200050,2207.19026824,0.04958931,2958.51870595,67,0
9142.06818889,9142.06800000,2225.12915390,2225.13419755,0.06663324,2958.85968314,67,0
9142.43743189,9142.46424398,0.00000000,2235.00000000,0.00000000,2959.04490581,67,4
9144.42170669,9144.42300000,2288.25566026,2288.22084529,0.04376358,2960.01654952,67,0
9046.84501712,9144.98600000,0.00000000,-1.00000000,0.00000000,2876.41662912,67,4
9046.84501712,9145.11400000,0.00000000,-1.00000000,0.00000000,2876.41662912,67,4
9145.22954783,9145.25000000,0.00000000,2310.00000000,0.00000000,2960.40077728,67,5
9146.96526805,9146.94900000,0.00000000,2357.00000000,0.00000000,2961.20346808,67,4
9148.44855854,9148.45800000,0.00000000,2397.39843750,0.00000000,2961.86450659,67,2
9148.62402647,9148.60600000,0.00000000,2402.19186020,0.15077310,2961.94116867,67,0
9153.48407112,9153.49200000,0.00000000,2536.20263672,0.00000000,2963.93240070,67,3
9157.13416800,9157.13300000,2638.43497091,2638.46792743,0.02637985,2965.25480819,67,0
9158.49534252,9158.51900000,0.00000000,2677.00000000,0.00000000,2965.70891175,67,4
9158.74038118,9158.73200000,0.00000000,2683.95556264,0.28663241,2965.78831165,67,0
9159.02348336,9159.02500000,0.00000000,2692.00000000,0.00000000,2965.87916100,67,5
9159.15510540,9159.17100000,0.00000000,2695.74316406,0.00000000,2965.92107576,67,2
9160.37660239,9160.38200000,0.00000000,2730.57495117,0.00000000,2966.30020101,67,2
9162.67720534,9162.67500000,2796.57178490,2796.63541923,0.04079593,2966.96517246,67,0
9164.93529203,9164.93300000,2862.03625975,2862.10302932,0.06310219,2967.55445411,67,0
9165.83391870,9165.84000000,0.00000000,2888.32617188,0.00000000,2967.77105706,67,2
9167.18984270,9167.19400000,2928.19593471,2928.07369577,0.13257818,2968.07820900,67,0
9046.84501712,9167.61100000,0.00000000,-1.00000000,0.00000000,2876.41662912,67,4
9046.84501712,9167.90500000,0.00000000,-1.00000000,0.00000000,2876.41662912,67,4
9169.59030141,9169.59000000,2999.00164535,2999.01059922,0.07512871,2968.56311834,67,0
9046.84501712,9170.57500000,0.00000000,-1.00000000,0.00000000,2876.41662912,67,4
9046.84501712,9172.09300000,0.00000000,-1.00000000,0.00000000,2876.41662912,67,4
9046.84501712,9172.49000000,0.00000000,-1.00000000,0.00000000,2876.41662912,67,4
9046.84501712,9172.69100000,0.00000000,-1.00000000,0.00000000,2876.41662912,67,4
9174.03549483,9174.05500000,0.00000000,3132.39526367,0.00000000,2969.25601986,67,2
9174.25334713,9174.27000000,0.00000000,3139.00000000,0.00000000,2969.28292540,67,4
9174.61569505,9174.61500000,0.00000000,3150.00000000,0.00000000,2969.32618833,67,4
9176.08866502,9176.07800000,0.00000000,3194.90426956,0.04444091,2969.48275499,67,0
9178.00028265,9178.00000000,3253.61971470,3253.62843560,0.08604533,2969.63900809,67,0
9178.54538313,9178.54500000,3270.45804666,3270.46990065,0.05740440,2969.67369651,67,0
9179.56138108,9179.53500000,0.00000000,3302.00000000,0.00000000,2969.72652804,67,4
9181.11503936,9181.11700000,3350.53401713,3350.47259553,0.07635312,2969.77700344,67,0
9181.70505372,9181.70500000,0.00000000,3369.00000000,0.00000000,2969.78647129,67,4
9046.84501712,9181.92200000,0.00000000,-1.00000000,0.00000000,2876.41662912,67,4
9182.37237155,9182.35300000,0.00000000,3390.00000000,0.00000000,2969.79064267,67,4
9183.60390312,9183.60400000,3428.93173485,3428.92866195,0.06866690,2969.77996389,67,0
9185.21577152,9185.21600000,3480.26528461,3480.25797883,0.07202350,2969.72939435,67,0
9185.76648153,9185.76900000,3497.97302643,3497.89226972,0.08614657,2969.70246181,67,0
9187.38488010,9187.36000000,0.00000000,3550.00000000,0.00000000,2969.59437845,67,4
9187.94741084,9187.95400000,0.00000000,3568.21313477,0.00000000,2969.54657306,67,2
9188.15531340,9188.14600000,0.00000000,3574.95795408,0.26883904,2969.52755349,67,0
9046.84501712,9188.65700000,0.00000000,-1.00000000,0.00000000,2876.41662912,67,4
9189.23386469,9189.23400000,3610.05654462,3610.05212769,0.07829153,2969.41712797,67,0
9189.93025245,9189.93100000,3632.84507185,3632.82058698,0.06811534,2969.33521302,67,0
9191.22375674,9191.21220306,0.00000000,3675.37186462,0.05010911,2969.16049658,67,0
9194.48065751,9194.48300000,3783.87899880,3783.80031545,0.05338061,2968.58837049,67,0
9195.81293408,9195.81300000,3828.71480666,3828.71257581,0.06569677,2968.29822663,67,0
9198.43928768,9198.43900000,3918.26668703,3918.27657404,0.07680102,2967.62716295,67,0
9199.42879634,9199.42900000,3952.38493353,3952.37789298,0.06488789,2967.33941301,67,0
9199.73754942,9199.74000000,3963.14999564,3963.06513286,0.11375143,2967.24558531,67,0
9201.67208412,9201.66800000,0.00000000,4030.44419900,0.10907162,2966.61406345,67,0
9185.19103751,9185.21600000,0.00000000,26.00000000,0.00000000,2976.84701560,66,4
9185.77404969,9185.76900000,0.00000000,38.00000000,0.00000000,2977.50761359,66,4
9187.42227139,9187.48000000,0.00000000,72.00000000,0.00000000,2979.36633235,66,4
9187.95436483,9187.95400000,0.00000000,83.00000000,0.00000000,2979.96357822,66,4
9188.14771330,9188.14600000,0.00000000,87.00000000,0.00000000,2980.18026128,66,4
9188.63075760,9188.65700000,0.00000000,97.00000000,0.00000000,2980.72080900,66,4
9189.23477821,9189.23400000,109.51347435,109.52961100,0.01086367,2981.39575602,66,0
9189.93264356,9189.93100000,0.00000000,124.00000000,0.00000000,2982.17201411,66,4
9191.22519856,9191.21220306,0.00000000,150.87668724,0.04099338,2983.60460641,66,0
9195.81145149,9195.81300000,246.84570435,246.81315900,0.02888580,2988.62087455,66,0
9198.44180047,9198.43900000,302.18490339,302.24407551,0.03461950,2991.44998463,66,0
9199.42951394,9199.42900000,323.12589950,323.13678281,0.04195349,2992.50318078,66,0
9199.73538264,9199.74000000,329.72522326,329.62737903,0.04922414,2992.82890707,66,0
9183.92554312,9201.05800000,0.00000000,-1.00000000,0.00000000,2975.40751706,66,4
9201.68387757,9201.66800000,0.00000000,371.00000000,0.00000000,2994.88887414,66,4
9204.02773941,9204.03600000,0.00000000,421.00000000,0.00000000,2997.34085083,66,4
9206.58771943,9206.56500000,0.00000000,475.90041052,0.10283249,2999.98586241,66,0
9207.52138914,9207.51200000,0.00000000,496.00000000,0.00000000,3000.94186489,66,4
9183.92554312,9207.97300000,0.00000000,-1.00000000,0.00000000,2975.40751706,66,4
9208.74568623,9208.73800000,0.00000000,522.41870251,0.05285975,3002.18835478,66,0
9183.92554312,9210.67100000,0.00000000,-1.00000000,0.00000000,2975.40751706,66,4
9211.49466298,9211.52600000,0.00000000,582.00000000,0.00000000,3004.95757343,66,4
9212.33660016,9212.34200000,0.00000000,600.32153320,0.00000000,3005.79744492,66,2
9212.50134257,9212.51500000,0.00000000,603.91058350,0.00000000,3005.96132649,66,2
9213.31414746,9213.31500000,621.65575477,621.63714460,0.02800518,3006.76766031,66,0
9214.42743690,9214.42800000,645.98353447,645.97121141,0.05907541,3007.86618925,66,0
9215.79738003,9215.78300000,0.00000000,676.00000000,0.00000000,3009.20846776,66,4
9216.55745633,9216.55100000,0.00000000,692.70120456,0.06448902,3009.94863687,66,0
9217.48694764,9217.47600000,0.00000000,713.16477900,0.12838744,3010.84934332,66,0
9219.25131299,9219.25500000,0.00000000,752.13037109,0.00000000,3012.54553607,66,2
9219.45753442,9219.45300000,0.00000000,756.69519043,0.00000000,3012.74262552,66,2
9220.10312791,9220.09300000,0.00000000,771.00000000,0.00000000,3013.35804708,66,4
9220.64394893,9220.66000000,0.00000000,783.00000000,0.00000000,3013.87173991,66,4
9226.23655493,9226.25700000,0.00000000,908.00000000,0.00000000,3019.08335026,66,4
9226.55736722,9226.57100000,0.00000000,915.22155762,0.00000000,3019.37667463,66,2
9227.79223461,9227.79200000,943.06426958,943.06956864,0.05483378,3020.49986925,66,0
9183.92554312,9231.35800000,0.00000000,-1.00000000,0.00000000,2975.40751706,66,4
9232.65090471,9232.65100000,1053.47909946,1053.47692108,0.01457871,3024.82904910,66,0
9183.92554312,9233.08800000,0.00000000,-1.00000000,0.00000000,2975.40751706,66,4
9233.63496910,9233.65900000,0.00000000,1076.00000000,0.00000000,3025.68792344,66,4
9234.24537499,9234.25700000,0.00000000,1090.00000000,0.00000000,3026.21764355,66,4
9235.15964235,9235.15400000,0.00000000,1111.00988770,0.00000000,3027.00663972,66,2
9236.08773764,9236.08500000,1132.31120544,1132.37433593,0.04656773,3027.80161979,66,0
9238.33365828,9238.31000000,0.00000000,1184.33227539,0.00000000,3029.70415973,66,2
9238.51207842,9238.50500000,0.00000000,1188.47181272,0.09841026,3029.85385789,66,0
9238.96025372,9238.96000000,1198.85552093,1198.86141512,0.04779136,3030.22835620,66,0
9239.91740132,9239.91400000,1221.06086629,1221.14008888,0.09323708,3031.02551564,66,0
9240.57119685,9240.57000000,1236.34130985,1236.36923520,0.03883619,3031.56581515,66,0
9240.91658979,9240.91600000,1244.41768967,1244.43146246,0.01637164,3031.85032867,66,0
9242.94733830,9242.94300000,0.00000000,1292.00000000,0.00000000,3033.50762031,66,5
9243.76019113,9243.75900000,1311.07131826,1311.09934940,0.05499766,3034.16275523,66,0
9183.92554312,9244.21900000,0.00000000,-1.00000000,0.00000000,2975.40751706,66,4
9245.24739405,9245.24700000,1346.15247860,1346.16178684,0.05575295,3035.35010921,66,0
9245.59146171,9245.59100000,1354.28225857,1354.29317557,0.04082206,3035.62263445,66,0
9246.59218536,9246.59900000,0.00000000,1378.00000000,0.00000000,3036.41108065,66,4
9247.22423777,9247.29200000,0.00000000,1393.00000000,0.00000000,3036.90526734,66,4
9247.43467900,9247.42200000,0.00000000,1398.00000000,0.00000000,3037.06918923,66,4
9249.86691545,9249.88500000,0.00000000,1456.00000000,0.00000000,3038.94120238,66,4
9250.53176402,9250.52200000,0.00000000,1471.92249223,0.05183586,3039.44562418,66,0
9251.10235665,9251.10200000,1485.58830276,1485.59686726,0.02086014,3039.87556241,66,0
9252.64870975,9252.62400000,0.00000000,1522.81965011,0.07712773,3041.03061558,66,0
9253.69135838,9253.72600000,0.00000000,1548.00000000,0.00000000,3041.79931633,66,4
9253.93934562,9253.89000000,0.00000000,1554.00000000,0.00000000,3041.98097542,66,4
9254.80272320,9254.80200000,1574.89302579,1574.91057507,0.07791199,3042.60954034,66,0
9255.13547445,9255.15900000,0.00000000,1583.00000000,0.00000000,3042.85081554,66,4
9256.03277974,9256.04000000,0.00000000,1604.82067871,0.00000000,3043.49638104,66,2
9256.24542123,9256.26700000,0.00000000,1610.00000000,0.00000000,3043.64848489,66,4
9256.52197826,9256.51900000,1616.65590227,1616.72852393,0.04846699,3043.84543960,66,0
9258.59388164,9258.59300000,1667.38455314,1667.40618172,0.19725786,3045.30542502,66,0
9259.71643614,9259.71200000,0.00000000,1695.00000000,0.00000000,3046.08298998,66,4
9183.92554312,9260.24000000,0.00000000,-1.00000000,0.00000000,2975.40751706,66,4
9261.61166142,9261.61000000,1741.72823271,1741.76936155,0.04200336,3047.37290151,66,0
9262.97906410,9262.97900000,1775.68528303,1775.68687621,0.02923210,3048.28632680,66,0
9265.52271246,9265.52000000,0.00000000,1839.16796875,0.00000000,3049.94616321,66,2
9266.63188703,9266.60900000,0.00000000,1867.00000000,0.00000000,3050.65343583,66,4
9267.01584484,9267.01600000,1876.64980496,1876.64590017,0.02391120,3050.89565057,66,0
9267.54562115,9267.56036308,0.00000000,1890.00000000,0.00000000,3051.22850947,66,4
9267.88245875,9267.88000000,1898.42515507,1898.48721166,0.02191686,3051.43856692,66,0
9183.92554312,9269.04600000,0.00000000,-1.00000000,0.00000000,2975.40751706,66,4
9270.20034629,9270.20200000,1957.23483828,1957.19280313,0.05055516,3052.85978953,66,0
9271.17453944,9271.23500000,0.00000000,1982.00000000,0.00000000,3053.44368913,66,4
9271.45782456,9271.46900000,0.00000000,1989.22656250,0.00000000,3053.61192222,66,2
9271.76226026,9271.78600000,0.00000000,1997.00000000,0.00000000,3053.79194852,66,4
9273.10864007,9273.10800000,0.00000000,2031.46997070,0.00000000,3054.57853097,66,2
9183.92554312,9275.28600000,0.00000000,-1.00000000,0.00000000,2975.40751706,66,4
9275.49740729,9275.52300000,0.00000000,2093.00000000,0.00000000,3055.93509125,66,4
9277.37639084,9277.34900000,0.00000000,2141.74068148,0.18612311,3056.96644783,66,0
9183.92554312,9278.98600000,0.00000000,-1.00000000,0.00000000,2975.40751706,66,4
9281.05275100,9281.07900000,0.00000000,2238.00000000,0.00000000,3058.89101141,66,4
9281.58362354,9281.59300000,0.00000000,2252.00000000,0.00000000,3059.15850048,66,5
9281.70474428,9281.70900000,2255.30612645,2255.19374587,0.29773561,3059.21907945,66,0
9183.92554312,9283.47500000,0.00000000,-1.00000000,0.00000000,2975.40751706,66,4
9284.59855407,9284.58000000,0.00000000,2332.00000000,0.00000000,3060.62648892,66,5
9284.79009545,9284.79200000,0.00000000,2337.11108398,0.00000000,3060.71677515,66,2
9183.92554312,9285.19900000,0.00000000,-1.00000000,0.00000000,2975.40751706,66,4
9287.36228948,9287.36800000,0.00000000,2406.08569336,0.00000000,3061.89405611,66,2
9288.24858547,9288.25400000,0.00000000,2430.00000000,0.00000000,3062.28434556,66,4
9288.47050767,9288.48500000,0.00000000,2436.00000000,0.00000000,3062.38082197,66,4
9288.64201304,9288.63700000,0.00000000,2440.64022138,0.10857961,3062.45503626,66,0
9291.43185998,9291.42900000,2516.44986512,2516.52806643,0.03632383,3063.61953059,66,0
9292.33548233,9292.34200000,0.00000000,2541.28271484,0.00000000,3063.97931284,66,2
9293.68930855,9293.68500000,2578.39703145,2578.51584317,0.10786727,3064.50185103,66,0
9296.34044925,9296.34400000,0.00000000,2652.00000000,0.00000000,3065.46753261,66,4
9296.85359786,9296.85700000,2666.39882992,2666.30386611,0.09027964,3065.64537437,66,0
9298.01184048,9298.01100000,2698.67283742,2698.69640559,0.05722042,3066.03590697,66,0
9298.80447279,9298.81200000,0.00000000,2720.97181338,0.06040809,3066.29463438,66,0
9300.15323451,9300.16500000,0.00000000,2759.01000977,0.00000000,3066.71791886,66,2
9302.06881375,9302.06900000,2813.38382934,2813.37852136,0.04624710,3067.28233650,66,0
9304.25617582,9304.25700000,0.00000000,2876.00000000,0.00000000,3067.87320687,66,4
9304.44640307,9304.44300000,2881.36769931,2881.46562532,0.23362683,3067.92176831,66,0
9305.10853104,9305.07500000,0.00000000,2900.55148503,0.02991836,3068.08755244,66,0
9305.99176131,9305.99200000,2926.08393873,2926.07702758,0.08242637,3068.30005713,66,0
9307.41416808,9307.41400000,2967.38644740,2967.39134403,0.03801632,3068.62164814,66,0
9307.78758969,9307.78700000,2978.26176807,2978.27897486,0.05207094,3068.70179414,66,0
9310.38694009,9310.38500000,3054.50364677,3054.56091549,0.03337955,3069.20942796,66,0
9183.92554312,9314.20600000,0.00000000,-1.00000000,0.00000000,2975.40751706,66,4
9315.16768320,9315.18000000,0.00000000,3197.17054615,0.13225377,3069.90513935,66,0
9183.92554312,9321.00900000,0.00000000,-1.00000000,0.00000000,2975.40751706,66,4
9183.92554312,9322.01400000,0.00000000,-1.00000000,0.00000000,2975.40751706,66,4
9323.10586285,9323.10600000,0.00000000,3441.00000000,0.00000000,3070.32789170,66,5
9324.24666259,9324.24700000,3476.81868101,3476.80805705,0.06542967,3070.30826427,66,0
9324.56459105,9324.57100000,0.00000000,3486.83178711,0.00000000,3070.29901325,66,2
9324.71910712,9324.71800000,3491.66662259,3491.70156538,0.07922615,3070.29392556,66,0
9325.77167793,9325.77200000,3525.01777506,3525.00755837,0.08875112,3070.24872399,66,0
9183.92554312,9326.10900000,0.00000000,-1.00000000,0.00000000,2975.40751706,66,4
9327.51214289,9327.51200000,3580.45090137,3580.45547508,0.06549098,3070.13316989,66,0
9183.92554312,9327.81200000,0.00000000,-1.00000000,0.00000000,2975.40751706,66,4
9330.80530357,9330.80600000,3686.80979535,3686.78710528,0.06100664,3069.77047341,66,0
9331.29769339,9331.29400000,3702.73045346,3702.85105818,0.07722363,3069.69952824,66,0
9332.00480299,9332.00500000,3725.99363527,3725.98717654,0.06479399,3069.58989003,66,0
9333.25172029,9333.22900000,0.00000000,3767.00000000,0.00000000,3069.37388283,66,4
9334.22776079,9334.22900000,3799.34288188,3799.30177306,0.05947932,3069.18424660,66,0
9334.66150274,9334.66400000,3813.78976623,3813.70670193,0.06479935,3069.09413176,66,0
9334.93137735,9334.93200000,3822.70935422,3822.68861686,0.08672743,3069.03620972,66,0
9336.94054785,9336.93000000,0.00000000,3890.00000000,0.00000000,3068.55974037,66,5
9338.03525948,9338.03300000,0.00000000,3927.00000000,0.00000000,3068.26593584,66,4
9340.13225337,9340.13900000,0.00000000,3998.53831029,0.08306983,3067.63359350,66,0
9341.30686321,9341.27600000,0.00000000,4039.00000000,0.00000000,3067.23837165,66,4
9342.40248269,9342.43400000,0.00000000,4077.00000000,0.00000000,3066.84243715,66,4
9325.76834684,9325.77200000,0.00000000,11.00000000,0.00000000,3078.05242205,65,4
9326.11413476,9326.10900000,0.00000000,18.00000000,0.00000000,3078.44013669,65,4
9327.51289612,9327.51200000,46.36127906,46.37947801,0.17821963,3080.00397154,65,0
9327.79038051,9327.81200000,0.00000000,52.00000000,0.00000000,3080.31215640,65,4
9330.78404612,9330.80600000,0.00000000,113.00000000,0.00000000,3083.62435253,65,4
9331.27312837,9331.29400000,0.00000000,123.00000000,0.00000000,3084.16164589,65,4
9332.00466089,9332.00500000,137.99284523,137.98589863,0.02458984,3084.96382717,65,0
9334.19765331,9334.22900000,0.00000000,183.00000000,0.00000000,3087.35173968,65,4
9334.63485678,9334.66400000,0.00000000,192.00000000,0.00000000,3087.82527510,65,4
9334.92611177,9334.93200000,0.00000000,198.00000000,0.00000000,3088.14024372,65,4
9336.91176947,9336.93000000,0.00000000,239.00000000,0.00000000,3090.27707602,65,4
9338.02217003,9338.03300000,0.00000000,262.00000000,0.00000000,3091.46398069,65,4
9340.13938649,9340.13900000,0.00000000,306.00000000,0.00000000,3093.71093153,65,4
9341.72123425,9341.75000000,0.00000000,339.00000000,0.00000000,3095.37575637,65,4
9343.29787741,9343.28000000,0.00000000,372.00000000,0.00000000,3097.02310191,65,4
9344.34607858,9344.36500000,0.00000000,394.00000000,0.00000000,3098.11162000,65,4
9345.20197412,9345.22300000,0.00000000,412.00000000,0.00000000,3098.99644574,65,4
9348.13817185,9348.13000000,0.00000000,474.00000000,0.00000000,3102.00435425,65,4
9349.22271597,9349.22400000,0.00000000,497.00000000,0.00000000,3103.10449154,65,4
9350.35170466,9350.33900000,0.00000000,521.00000000,0.00000000,3104.24340080,65,4
9325.22449802,9352.25000000,0.00000000,-1.00000000,0.00000000,3077.44157046,65,4
9352.41432327,9352.44200000,0.00000000,565.00000000,0.00000000,3106.30736589,65,4
9352.78834379,9352.81400000,0.00000000,573.00000000,0.00000000,3106.67929009,65,4
9354.67424977,9354.67300000,613.41182216,613.43867293,0.01820617,3108.54356580,65,0
9355.92002182,9355.66200000,0.00000000,640.24484692,0.20944529,3109.76487975,65,0
9355.91718248,9355.91500000,640.13598978,640.18301708,0.06656888,3109.76207602,65,0
9325.22449802,9358.24700000,0.00000000,-1.00000000,0.00000000,3077.44157046,65,4
9359.01006640,9358.99500000,0.00000000,707.05981445,0.00000000,3112.75875331,65,2
9360.52882857,9360.52500000,739.98501748,740.06837929,0.02945641,3114.21132632,65,0
9362.65987486,9362.65700000,786.50964870,786.57255756,0.01273511,3116.22805518,65,0
9363.43790256,9363.43900000,803.63590321,803.61184857,0.01995339,3116.95828476,65,0
9363.91891788,9363.91800000,814.14070722,814.16084797,0.04186357,3117.40802827,65,0
9364.47737939,9364.48500000,0.00000000,826.44041293,0.08240893,3117.92929777,65,0
9365.82977900,9365.81700000,0.00000000,856.20553232,0.07565011,3119.18276622,65,0
9366.40978247,9366.43100000,0.00000000,869.00000000,0.00000000,3119.71718680,65,4
9366.99211976,9367.00300000,0.00000000,881.86364107,0.03774318,3120.25184173,65,0
9367.94721619,9367.96300000,0.00000000,903.00000000,0.00000000,3121.12455681,65,4
9325.22449802,9369.54000000,0.00000000,-1.00000000,0.00000000,3077.44157046,65,4
9373.46209913,9373.46400000,0.00000000,1026.00000000,0.00000000,3126.06055626,65,4
9377.27417665,9377.32200000,0.00000000,1112.00000000,0.00000000,3129.36709917,65,5
9380.35031556,9380.35400000,0.00000000,1182.00000000,0.00000000,3131.97057426,65,4
9381.43404945,9381.42700000,0.00000000,1206.79228025,0.06820224,3132.87374231,65,0
9382.35869995,9382.38200000,0.00000000,1228.00000000,0.00000000,3133.63847299,65,4
9382.97920992,9382.97700000,1242.19362650,1242.24445379,0.05620494,3134.14804903,65,0
9325.22449802,9383.70400000,0.00000000,-1.00000000,0.00000000,3077.44157046,65,4
9385.43820315,9385.43400000,0.00000000,1299.00000000,0.00000000,3136.14595744,65,4
9387.72082805,9387.74500000,0.00000000,1352.00000000,0.00000000,3137.96482493,65,4
9388.47602171,9388.47600000,1369.59450712,1369.59501366,0.01228303,3138.55865313,65,0
9389.55559913,9389.55600000,1394.83802242,1394.82863869,0.04052942,3139.40158033,65,0
9391.12479917,9391.11000000,0.00000000,1431.64055390,0.02427973,3140.61288664,65,0
9391.60777167,9391.60200000,0.00000000,1443.00000000,0.00000000,3140.98226578,65,4
9392.75033921,9392.74900000,1469.88557243,1469.91719201,0.09812540,3141.84924456,65,0
9393.39770378,9393.41400000,0.00000000,1485.23037354,0.09947886,3142.33726063,65,0
9393.64156499,9393.61300000,0.00000000,1491.00000000,0.00000000,3142.52015336,65,4
9394.65419211,9394.66800000,0.00000000,1515.00000000,0.00000000,3143.27518106,65,4
9395.76895035,9395.76900000,1541.48680785,1541.48562596,0.02041190,3144.09763672,65,0
9398.00903313,9398.01500000,0.00000000,1595.00000000,0.00000000,3145.72493534,65,4
9399.89080634,9399.89600000,1640.32868010,1640.20357053,0.05672420,3147.06357568,65,0
9400.75290583,9400.77500000,0.00000000,1661.00000000,0.00000000,3147.66837878,65,4
9401.83379629,9401.83200000,1687.09017495,1687.13368577,0.06154306,3148.41852306,65,0
9325.22449802,9403.12100000,0.00000000,-1.00000000,0.00000000,3077.44157046,65,4
9325.22449802,9403.29400000,0.00000000,-1.00000000,0.00000000,3077.44157046,65,4
9325.22449802,9403.54000000,0.00000000,-1.00000000,0.00000000,3077.44157046,65,4
9325.22449802,9404.29800000,0.00000000,-1.00000000,0.00000000,3077.44157046,65,4
9325.22449802,9406.04800000,0.00000000,-1.00000000,0.00000000,3077.44157046,65,4
9406.47720194,9406.49300000,0.00000000,1800.39988993,0.16566194,3151.54257286,65,0
9406.85763387,9406.85600000,1809.69902228,1809.73919926,0.06255125,3151.79094368,65,0
9408.20723969,9408.20200000,0.00000000,1843.00000000,0.00000000,3152.66407571,65,4
9408.98952835,9408.98100000,0.00000000,1862.33639204,0.10963702,3153.16348715,65,0
9410.06519510,9410.08700000,0.00000000,1889.00000000,0.00000000,3153.84226612,65,4
9411.20824168,9411.20900000,0.00000000,1917.43066406,0.00000000,3154.55341671,65,2
9412.71923641,9412.73300000,0.00000000,1955.16821289,0.00000000,3155.47725960,65,2
9412.87031218,9412.84100000,0.00000000,1958.95117188,0.00000000,3155.56860456,65,2
9325.22449802,9414.88800000,0.00000000,-1.00000000,0.00000000,3077.44157046,65,4
9415.17957341,9415.18700000,0.00000000,2017.00000000,0.00000000,3156.94137907,65,4
9415.89221523,9415.88700000,0.00000000,2035.00000000,0.00000000,3157.35603369,65,4
9416.53158813,9416.53700000,0.00000000,2051.18432617,0.00000000,3157.72440796,65,2
9417.03694997,9417.05800000,0.00000000,2064.00000000,0.00000000,3158.01311591,65,4
9325.22449802,9417.88800000,0.00000000,-1.00000000,0.00000000,3077.44157046,65,4
9418.09291291,9418.10000000,0.00000000,2090.84619141,0.00000000,3158.60932834,65,4
9419.25667816,9419.25600000,2120.51053086,2120.52786819,0.02240954,3159.25500696,65,0
9420.25099202,9420.28000000,0.00000000,2146.00000000,0.00000000,3159.79780574,65,4
9420.48484253,9420.46800000,0.00000000,2152.00000000,0.00000000,3159.92414301,65,5
9421.49610799,9421.52200000,0.00000000,2178.00000000,0.00000000,3160.46490846,65,5
9325.22449802,9421.96000000,0.00000000,-1.00000000,0.00000000,3077.44157046,65,4
9422.27169625,9422.28200000,0.00000000,2198.00000000,0.00000000,3160.87347792,65,4
9422.73608541,9422.76500000,0.00000000,2210.00000000,0.00000000,3161.11552939,65,4
9423.09166990,9423.08500000,0.00000000,2219.20109920,0.07314817,3161.29955458,65,0
9424.82203477,9424.82000000,2264.07946774,2264.13245368,0.05441016,3162.17862596,65,0
9425.89005118,9425.87900000,0.00000000,2292.00000000,0.00000000,3162.70752480,65,4
9430.05099004,9430.05100000,2401.54452849,2401.54426444,0.02264551,3164.66547627,65,0
9431.38415460,9431.38100000,2436.90570732,2436.98976915,0.09650395,3165.25768041,65,0
9432.02161869,9431.98400000,0.00000000,2454.00000000,0.00000000,3165.53470273,65,4
9432.93639484,9432.93900000,2478.53858884,2478.46876525,0.02037241,3165.92503111,65,0
9433.62692057,9433.65400000,0.00000000,2497.00000000,0.00000000,3166.21423661,65,5
9435.83320670,9435.85100000,0.00000000,2556.51049805,0.00000000,3167.10564418,65,1
9436.41321663,9436.43100000,0.00000000,2572.23578376,0.11063825,3167.33168331,65,0
9438.01160608,9437.99500000,0.00000000,2615.74806294,0.06351001,3167.93642437,65,0
9438.82989062,9438.83000000,2638.11323640,2638.11024108,0.07301519,3168.23538024,65,0
9325.22449802,9440.79000000,0.00000000,-1.00000000,0.00000000,3077.44157046,65,4
9441.98351966,9442.01500000,0.00000000,2725.02328654,0.19850585,3169.32100302,65,0
9442.84693272,9442.86800000,0.00000000,2749.00000000,0.00000000,3169.59913801,65,5
9443.85649607,9443.86400000,0.00000000,2777.13842773,0.00000000,3169.91377365,65,2
9444.13371591,9444.13400000,2784.88331134,2784.87536890,0.06472843,3169.99805712,65,0
9444.71902160,9444.71900000,2801.25802096,2801.25862629,0.05292533,3170.17335769,65,0
9446.38111706,9446.37100000,0.00000000,2848.00000000,0.00000000,3170.64980301,65,4
9446.71747357,9446.72100000,2857.58951168,2857.48989350,0.04104745,3170.74225227,65,0
9447.83021152,9447.83700000,0.00000000,2889.00000000,0.00000000,3171.03885109,65,4
9448.53399049,9448.58100000,0.00000000,2909.00000000,0.00000000,3171.21884038,65,4
9325.22449802,9449.48500000,0.00000000,-1.00000000,0.00000000,3077.44157046,65,4
9325.22449802,9451.91200000,0.00000000,-1.00000000,0.00000000,3077.44157046,65,4
9325.22449802,9454.40500000,0.00000000,-1.00000000,0.00000000,3077.44157046,65,4
9325.22449802,9454.79300000,0.00000000,-1.00000000,0.00000000,3077.44157046,65,4
9325.22449802,9455.20500000,0.00000000,-1.00000000,0.00000000,3077.44157046,65,4
9455.85214367,9455.84900000,3120.40468980,3120.49697945,0.06929508,3172.72950731,65,0
9456.47321762,9456.47200000,3138.71522466,3138.75107142,0.06723421,3172.82627150,65,0
9325.22449802,9457.79500000,0.00000000,-1.00000000,0.00000000,3077.44157046,65,4
9458.44365152,9458.44400000,3197.01906239,3197.00871420,0.07933107,3173.09938301,65,0
9459.43711554,9459.43800000,3226.60865431,3226.58226644,0.05727551,3173.21721933,65,0
9462.38089661,9462.40900000,0.00000000,3315.00000000,0.00000000,3173.48599764,65,4
9325.22449802,9464.56300000,0.00000000,-1.00000000,0.00000000,3077.44157046,65,4
9325.22449802,9465.80900000,0.00000000,-1.00000000,0.00000000,3077.44157046,65,4
9466.42967580,9466.45803167,0.00000000,3438.60329248,0.03893462,3173.65204951,65,0
9467.90905564,9467.90500000,3484.23984030,3484.36576439,0.07465539,3173.65155451,65,0
9468.54605542,9468.54100000,0.00000000,3504.18012257,0.06230534,3173.64095580,65,0
9469.91613659,9469.97100000,0.00000000,3547.00000000,0.00000000,3173.59662366,65,4
9470.24442727,9470.25600000,0.00000000,3557.30395891,0.17581280,3173.58158336,65,0
9472.52227392,9472.51800000,3629.13395228,3629.26977792,0.05687102,3173.42926157,65,0
9474.43029078,9474.42900000,3690.16102896,3690.20247451,0.07189834,3173.23565821,65,0
9475.27216050,9475.27200000,3717.28605128,3717.29122671,0.05702979,3173.13056610,65,0
9476.80752140,9476.84100000,0.00000000,3767.00000000,0.00000000,3172.90727620,65,4
9478.84724152,9478.85400000,0.00000000,3833.67697075,0.03749325,3172.54591054,65,0
9479.32954035,9479.32900000,3849.52785041,3849.54565774,0.03817482,3172.44947144,65,0
9480.02989670,9480.03000000,3872.67415500,3872.67073738,0.06966397,3172.30175094,65,0
9480.50171047,9480.47700000,0.00000000,3888.31502639,0.06106446,3172.19698710,65,0
9481.63705719,9481.63500000,3926.03190443,3926.10059584,0.12719853,3171.92787898,65,0
9481.92688685,9481.91900000,0.00000000,3935.79074217,0.12615365,3171.85520423,65,0
9325.22449802,9482.62200000,0.00000000,-1.00000000,0.00000000,3077.44157046,65,4
9483.72774967,9483.73000000,3996.43117604,3996.35511847,0.05274055,3171.36712567,65,0
9485.51310728,9485.49700000,0.00000000,4057.00000000,0.00000000,3170.81993932,65,4
9485.65942579,9485.65600000,0.00000000,4062.00000000,0.00000000,3170.77221621,65,4
9486.38909680,9486.39800000,0.00000000,4087.00000000,0.00000000,3170.52764063,65,4
9472.54436509,9472.51800000,0.00000000,32.00000000,0.00000000,3184.30397235,64,5
9474.42626279,9474.42900000,69.72589528,69.67103021,0.04235676,3186.37980213,64,0
9475.29088827,9475.27200000,0.00000000,87.00000000,0.00000000,3187.32705948,64,4
9476.83251987,9476.84100000,0.00000000,118.00000000,0.00000000,3189.00960935,64,4
9478.81488488,9478.85400000,0.00000000,158.00000000,0.00000000,3191.15787605,64,4
9480.02949542,9480.03000000,182.60037193,182.59014695,0.01121773,3192.46579987,64,0
9480.50923600,9480.47700000,0.00000000,192.31249339,0.12931450,3192.98024727,64,0
9481.23276868,9481.22700000,0.00000000,207.00000000,0.00000000,3193.75454717,64,4
9481.63569384,9481.63500000,215.17563569,215.18973952,0.07674140,3194.18479437,64,0
9482.60921198,9482.62200000,0.00000000,235.00000000,0.00000000,3195.22107886,64,4
9483.73010648,9483.73000000,257.85408688,257.85626077,0.04686628,3196.40888535,64,0
9486.37487960,9486.39800000,0.00000000,312.00000000,0.00000000,3199.18924477,64,4
9487.39689605,9487.37200000,0.00000000,333.00000000,0.00000000,3200.25497934,64,4
9491.40952051,9491.39900000,0.00000000,415.87912747,0.09334890,3204.39204617,64,0
9494.92500022,9494.93300000,0.00000000,489.06348788,0.06671518,3207.95366848,64,0
9496.39423270,9496.39500000,519.82947250,519.81339048,0.03790220,3209.42455222,64,0
9497.36320910,9497.36800000,0.00000000,540.14349365,0.00000000,3210.38869859,64,2
9497.49918315,9497.51400000,0.00000000,543.00000000,0.00000000,3210.52363659,64,4
9498.07202548,9498.08000000,0.00000000,555.04332222,0.06742429,3211.09111156,64,0
9499.11457436,9499.09500000,0.00000000,577.00000000,0.00000000,3212.11971858,64,4
9500.91332385,9500.93600000,0.00000000,615.00000000,0.00000000,3213.88165913,64,4
9501.47681739,9501.47500000,626.89480026,626.93331788,0.03005336,3214.43019678,64,0
9501.85719592,9501.84200000,0.00000000,635.00000000,0.00000000,3214.79970496,64,4
9502.72543317,9502.72600000,653.44395907,653.43191502,0.01243724,3215.64009844,64,0
9503.17532548,9503.17700000,0.00000000,663.00000000,0.00000000,3216.07420454,64,4
9503.64515489,9503.64100000,0.00000000,673.00000000,0.00000000,3216.52633950,64,4
9470.93970485,9506.13300000,0.00000000,-1.00000000,0.00000000,3182.52276606,64,4
9506.64044581,9506.62500000,0.00000000,737.00000000,0.00000000,3219.38207438,64,5
9507.77282615,9507.78200000,0.00000000,761.30804835,0.01771741,3220.44952999,64,0
9509.19844802,9509.15400000,0.00000000,792.00000000,0.00000000,3221.78380886,64,4
9510.03238043,9510.02700000,0.00000000,810.00000000,0.00000000,3222.55930931,64,4
9510.77087513,9510.76900000,825.91060047,825.95117714,0.03057729,3223.24220331,64,0
9512.29444491,9512.30000000,0.00000000,859.00000000,0.00000000,3224.64410737,64,4
9514.29196367,9514.29300000,902.49297685,902.47035454,0.05692605,3226.46145295,64,0
9517.51136442,9517.50400000,0.00000000,973.00000000,0.00000000,3229.34568633,64,4
9518.10219619,9518.12600000,0.00000000,986.00000000,0.00000000,3229.86861476,64,4
9518.48455093,9518.49600000,0.00000000,994.42272949,0.00000000,3230.20597695,64,2
9470.93970485,9518.99800000,0.00000000,-1.00000000,0.00000000,3182.52276606,64,4
9520.68288831,9520.66200000,0.00000000,1043.00000000,0.00000000,3232.12951767,64,4
9521.16546942,9521.16600000,1053.71186933,1053.70009973,0.08433642,3232.54813873,64,0
9470.93970485,9521.86400000,0.00000000,-1.00000000,0.00000000,3182.52276606,64,4
9522.25093292,9522.25900000,0.00000000,1077.80847168,0.00000000,3233.48461663,64,2
9470.93970485,9522.71400000,0.00000000,-1.00000000,0.00000000,3182.52276606,64,4
9470.93970485,9525.06500000,0.00000000,-1.00000000,0.00000000,3182.52276606,64,4
9470.93970485,9525.35100000,0.00000000,-1.00000000,0.00000000,3182.52276606,64,4
9526.33038650,9526.33400000,0.00000000,1169.00000000,0.00000000,3236.94276200,64,4
9528.20073248,9528.19500000,1210.98746430,1211.11686869,0.13997117,3238.49498089,64,0
9528.80368071,9528.80500000,1224.75663220,1224.72680254,0.04046012,3238.99050703,64,0
9531.58106310,9531.57700000,1287.66260016,1287.75511841,0.02992870,3241.24666786,64,0
9532.67641979,9532.67700000,1312.74443578,1312.73118543,0.02244606,3242.12312631,64,0
9534.53023350,9534.52900000,1355.13425850,1355.16255979,0.05623307,3243.58924491,64,0
9535.39336175,9535.41200000,0.00000000,1375.00000000,0.00000000,3244.26480110,64,4
9538.96586580,9538.96600000,1457.54352131,1457.54040537,0.00846118,3247.00809314,64,0
9539.97419414,9539.98300000,0.00000000,1481.00000000,0.00000000,3247.76790219,64,4
9542.58812721,9542.58700000,1542.03937388,1542.06580501,0.06482501,3249.70442396,64,0
9543.90994664,9543.90900000,1573.09951054,1573.12179389,0.06628526,3250.66639622,64,0
9545.47294537,9545.48500000,0.00000000,1610.00000000,0.00000000,3251.78868285,64,4
9545.83399150,9545.83600000,1618.57651030,1618.52898103,0.07084439,3252.04514254,64,0
9546.24423663,9546.24300000,1628.21368762,1628.24298692,0.07043192,3252.33581821,64,0
9546.99254895,9546.99000000,0.00000000,1646.00000000,0.00000000,3252.86326781,64,4
9547.20308899,9547.17600000,0.00000000,1651.00000000,0.00000000,3253.01087683,64,4
9547.47074466,9547.46100000,0.00000000,1657.36072934,0.09905491,3253.19807934,64,0
9551.59532323,9551.59200000,0.00000000,1756.00000000,0.00000000,3256.01833751,64,4
9553.60471403,9553.60500000,1804.48374522,1804.47682384,0.01174801,3257.34736589,64,0
9554.78226044,9554.79300000,0.00000000,1833.03234863,0.00000000,3258.11265703,64,2
9555.01026844,9555.02100000,0.00000000,1838.57153320,0.00000000,3258.25959852,64,2
9555.20242986,9555.22900000,0.00000000,1843.24279785,0.00000000,3258.38313499,64,2
9470.93970485,9557.69100000,0.00000000,-1.00000000,0.00000000,3182.52276606,64,4
9470.93970485,9558.04100000,0.00000000,-1.00000000,0.00000000,3182.52276606,64,4
9560.55415933,9560.55500000,1974.45529845,1974.43451644,0.01592132,3261.71021328,64,0
9561.43383239,9561.42600000,0.00000000,1996.20642402,0.04961298,3262.23575024,64,0
9564.05589265,9564.05300000,2061.36978856,2061.44205744,0.05879615,3263.76508581,64,0
9470.93970485,9565.01100000,0.00000000,-1.00000000,0.00000000,3182.52276606,64,4
9566.52386950,9566.53200000,0.00000000,2123.37109375,0.00000000,3265.15400051,64,2
9567.06451767,9567.09000000,0.00000000,2137.00000000,0.00000000,3265.45143855,64,5
9567.57933671,9567.58300000,0.00000000,2150.00000000,0.00000000,3265.73238667,64,5
9567.86909894,9567.87000000,2157.33840870,2157.31561574,0.03908154,3265.88930042,64,0
9568.69298829,9568.69300000,2178.18614760,2178.18585059,0.06743799,3266.33225165,64,0
9570.56337327,9570.56000000,2225.69593027,2225.78202131,0.05113483,3267.31641371,64,0
9572.95238938,9572.96400000,0.00000000,2287.00000000,0.00000000,3268.52905001,64,4
9573.17072358,9573.16900000,2292.57546677,2292.61984604,0.18852554,3268.63737182,64,0
9574.54247958,9574.54300000,2328.03375387,2328.02029389,0.07567439,3269.30811803,64,0
9574.88175569,9574.87600000,0.00000000,2336.79919482,0.04137892,3269.47135913,64,0
9578.22964859,9578.25500000,0.00000000,2424.00000000,0.00000000,3271.02602524,64,4
9580.56216586,9580.56300000,2485.38265934,2485.36062092,0.05043842,3272.04724161,64,0
9582.13399809,9582.16000000,0.00000000,2527.00000000,0.00000000,3272.70601438,64,4
9583.44834611,9583.40800000,0.00000000,2562.00000000,0.00000000,3273.23834263,64,4
9584.45207322,9584.45300000,2588.85958403,2588.83475654,0.04837744,3273.63324344,64,0
9584.71191632,9584.71200000,2595.80132601,2595.79908222,0.17872344,3273.73385261,64,0
9586.54010989,9586.56700000,0.00000000,2645.00000000,0.00000000,3274.42258138,64,4
9586.73000289,9586.72800000,2650.06059949,2650.11471197,0.08757684,3274.49196242,64,0
9587.23599469,9587.24000000,2663.91866154,2663.81023517,0.05351644,3274.67568716,64,0
9470.93970485,9588.47000000,0.00000000,-1.00000000,0.00000000,3182.52276606,64,4
9590.57666991,9590.57800000,2754.85371600,2754.81724692,0.06642624,3275.82053858,64,0
9591.86527406,9591.86500000,2790.22752691,2790.23507870,0.08393994,3276.23037714,64,0
9592.38416522,9592.38200000,2804.48856943,2804.54835793,0.02038225,3276.39032736,64,0
9594.04256395,9594.04200000,2850.47928904,2850.49496574,0.05440788,3276.88170097,64,0
9594.52798054,9594.51600000,0.00000000,2864.00000000,0.00000000,3277.01972805,64,4
9470.93970485,9595.52300000,0.00000000,-1.00000000,0.00000000,3182.52276606,64,4
9596.35273274,9596.32200000,0.00000000,2915.00000000,0.00000000,3277.51474112,64,4
9470.93970485,9597.70500000,0.00000000,-1.00000000,0.00000000,3182.52276606,64,4
9470.93970485,9599.38700000,0.00000000,-1.00000000,0.00000000,3182.52276606,64,4
9470.93970485,9601.96700000,0.00000000,-1.00000000,0.00000000,3182.52276606,64,4
9603.43183648,9603.43000000,0.00000000,3116.52172852,0.00000000,3279.06510769,64,2
9603.55218129,9603.55400000,0.00000000,3120.00000000,0.00000000,3279.08618460,64,4
9604.06974230,9604.06800000,3134.92067782,3134.97116095,0.08649528,3279.17470295,64,0
9604.50802027,9604.51200000,3147.80197873,3147.68644544,0.04889416,3279.24707829,64,0
9607.15120074,9607.15400000,3224.94769618,3224.86548019,0.07006492,3279.63110674,64,0
9608.34213841,9608.34200000,3259.92560228,3259.92968817,0.14249221,3279.77422736,64,0
9609.37609940,9609.36700000,0.00000000,3290.54357548,0.14308842,3279.88316802,64,0
9610.88355645,9610.88400000,3335.41750695,3335.40425817,0.06240955,3280.01584030,64,0
9611.23737732,9611.23600000,3345.94060152,3345.98181149,0.07725327,3280.04245267,64,0
9611.62905364,9611.63000000,3357.74025891,3357.71189024,0.07568049,3280.06988096,64,0
9470.93970485,9612.88300000,0.00000000,-1.00000000,0.00000000,3182.52276606,64,4
9613.06777566,9613.08600000,0.00000000,3401.00000000,0.00000000,3280.15213624,64,4
9614.32319962,9614.34800000,0.00000000,3439.00000000,0.00000000,3280.19974815,64,4
9615.07942553,9615.09100000,0.00000000,3462.00000000,0.00000000,3280.21739585,64,4
9615.24345959,9615.23300000,0.00000000,3467.00000000,0.00000000,3280.22011775,64,5
9616.51782654,9616.51700000,3505.95315301,3505.97851514,0.07213281,3280.22769067,64,0
9617.80590989,9617.80400000,3545.56107027,3545.62002148,0.39202462,3280.21058401,64,0
9618.43235441,9618.45100000,0.00000000,3565.00000000,0.00000000,3280.19311671,64,5
9470.93970485,9619.17100000,0.00000000,-1.00000000,0.00000000,3182.52276606,64,4
9619.68996194,9619.69000000,3604.06189198,3604.06070572,0.07558244,3280.13974350,64,0
9620.80958110,9620.80700000,3638.99041919,3639.07132942,0.09057460,3280.07126702,64,0
9621.22155985,9621.20700000,0.00000000,3652.00000000,0.00000000,3280.04104821,64,4
9624.95142951,9624.95000000,3770.26744181,3770.31323518,0.08164902,3279.64096753,64,0
9625.47183630,9625.50400000,0.00000000,3787.00000000,0.00000000,3279.56661992,64,4
9626.77483620,9626.74700000,0.00000000,3829.00000000,0.00000000,3279.35988449,64,4
9628.05218025,9628.05300000,3870.47919647,3870.45249820,0.06504683,3279.12833154,64,0
9629.68827860,9629.70400000,0.00000000,3924.00000000,0.00000000,3278.78876332,64,4
9630.99157125,9631.01900000,0.00000000,3967.00000000,0.00000000,3278.48307186,64,5
9631.45807711,9631.45700000,3982.44526858,3982.48105323,0.06881417,3278.36581763,64,0
9632.10531390,9632.11900000,0.00000000,4004.00000000,0.00000000,3278.19650250,64,5
9632.42803593,9632.42600000,4014.70984053,4014.77780098,0.06144117,3278.10893364,64,0
9632.72511273,9632.71400000,0.00000000,4024.69365862,0.09350967,3278.02673690,64,0
9633.77743704,9633.78400000,0.00000000,4060.00000000,0.00000000,3277.72137659,64,5
9624.95264487,9624.95000000,72.19236312,72.24457823,0.02072982,3294.87963267,63,0
9621.28155428,9625.50400000,0.00000000,-1.00000000,0.00000000,3290.86572674,63,4
9626.76125593,9626.74700000,0.00000000,108.00000000,0.00000000,3296.83567586,63,4
9628.05040473,9628.05300000,133.63181740,133.58027385,0.01835655,3298.22266687,63,0
9629.73074098,9629.70400000,0.00000000,167.00000000,0.00000000,3300.01912314,63,5
9631.03391986,9631.01900000,0.00000000,193.00000000,0.00000000,3301.40451174,63,4
9631.48424862,9631.45700000,0.00000000,202.00000000,0.00000000,3301.88157621,63,4
9632.08406933,9632.11900000,0.00000000,214.00000000,0.00000000,3302.51566739,63,4
9632.43363867,9632.42600000,0.00000000,221.00000000,0.00000000,3302.88450103,63,5
9632.73307824,9632.71400000,0.00000000,227.00000000,0.00000000,3303.20002661,63,4
9633.77972571,9633.78400000,0.00000000,248.00000000,0.00000000,3304.29987679,63,4
9635.56894063,9635.59900000,0.00000000,284.00000000,0.00000000,3306.16908402,63,4
9636.26302647,9636.27300000,0.00000000,298.00000000,0.00000000,3306.89045339,63,4
9637.79993971,9637.80900000,0.00000000,329.06964111,0.00000000,3308.48026574,63,2
9638.38883298,9638.41000000,0.00000000,341.00000000,0.00000000,3309.08666914,63,4
9639.84821527,9639.83400000,0.00000000,370.62698364,0.00000000,3310.58280941,63,2
9640.45641148,9640.51100000,0.00000000,383.00000000,0.00000000,3311.20351832,63,5
9642.62728192,9642.64400000,0.00000000,427.28966869,0.17714031,3313.40547263,63,0
9644.19810007,9644.22600000,0.00000000,459.46110311,0.03552148,3314.98543710,63,0
9644.70741720,9644.71000000,469.96853846,469.91549084,0.03046313,3315.49532584,63,0
9648.00859357,9648.00900000,537.95043257,537.94202818,0.03785799,3318.77080870,63,0
9648.50835592,9648.51500000,0.00000000,548.28253174,0.00000000,3319.26227452,63,2
9648.75859410,9648.77300000,0.00000000,553.46405029,0.00000000,3319.50790460,63,2
9649.62393588,9649.62000000,571.31795334,571.39962208,0.02401854,3320.35485021,63,0
9651.82410285,9651.82200000,617.11872538,617.16256195,0.03152556,3322.49270740,63,0
9652.58301231,9652.58200000,0.00000000,633.00000000,0.00000000,3323.22482199,63,4
9653.58753451,9653.59600000,0.00000000,654.00000000,0.00000000,3324.18944263,63,4
9621.28155428,9655.90200000,0.00000000,-1.00000000,0.00000000,3290.86572674,63,4
9658.90789908,9658.93000000,0.00000000,766.00000000,0.00000000,3329.21576837,63,4
9659.62975699,9659.62000000,0.00000000,781.29819126,0.04802701,3329.88684691,63,0
9660.60472796,9660.58700000,0.00000000,802.00000000,0.00000000,3330.78904084,63,4
9660.89384180,9660.91500000,0.00000000,808.14758450,0.10503496,3331.05564348,63,0
9662.10758334,9662.11100000,0.00000000,834.00000000,0.00000000,3332.17021140,63,4
9662.20134177,9662.22700000,0.00000000,836.00000000,0.00000000,3332.25599407,63,4
9662.99993738,9663.00000000,853.03390571,853.03256744,0.05022351,3332.98396679,63,0
9664.67864553,9664.68800000,0.00000000,889.00000000,0.00000000,3334.50606242,63,4
9664.93316136,9664.92800000,894.34622364,894.45702563,0.03787162,3334.73519956,63,0
9665.93525840,9665.96800000,0.00000000,916.00000000,0.00000000,3335.63515108,63,4
9621.28155428,9670.70000000,0.00000000,-1.00000000,0.00000000,3290.86572674,63,4
9671.66942081,9671.66500000,1040.11747395,1040.21389367,0.05214084,3340.68017327,63,0
9621.28155428,9673.06500000,0.00000000,-1.00000000,0.00000000,3290.86572674,63,4
9674.26468860,9674.23300000,0.00000000,1097.00000000,0.00000000,3342.90482084,63,4
9621.28155428,9676.55100000,0.00000000,-1.00000000,0.00000000,3290.86572674,63,4
9678.01753982,9678.03300000,0.00000000,1179.74414062,0.00000000,3346.05454345,63,2
9678.19665352,9678.19600000,1183.68446989,1183.69894977,0.22447184,3346.20235822,63,0
9621.28155428,9678.85000000,0.00000000,-1.00000000,0.00000000,3290.86572674,63,4
9679.65102691,9679.64500000,0.00000000,1216.00000000,0.00000000,3347.40032176,63,4
9679.83083762,9679.83700000,0.00000000,1220.00000000,0.00000000,3347.54751606,63,4
9680.04012465,9680.03900000,1224.61765045,1224.64268978,0.04994556,3347.71804112,63,0
9682.38773455,9682.38200000,1276.94335855,1277.07178105,0.10401869,3349.61993859,63,0
9682.69679815,9682.70300000,0.00000000,1284.00000000,0.00000000,3349.86799119,63,4
9621.28155428,9684.32500000,0.00000000,-1.00000000,0.00000000,3290.86572674,63,4
9685.20664745,9685.20600000,1340.41134733,1340.42594977,0.02595821,3351.85977127,63,0
9686.64777496,9686.62900000,0.00000000,1373.00000000,0.00000000,3352.98652921,63,4
9686.91268681,9686.95700000,0.00000000,1379.00000000,0.00000000,3353.19223108,63,4
9621.28155428,9687.76300000,0.00000000,-1.00000000,0.00000000,3290.86572674,63,4
9621.28155428,9688.06400000,0.00000000,-1.00000000,0.00000000,3290.86572674,63,4
9621.28155428,9688.24000000,0.00000000,-1.00000000,0.00000000,3290.86572674,63,4
9689.06928761,9689.05600000,0.00000000,1428.00000000,0.00000000,3354.85067946,63,4
9690.57178559,9690.56800000,0.00000000,1462.30322266,0.00000000,3355.98895808,63,2
9691.47574016,9691.47800000,1483.04762220,1482.99579206,0.04391419,3356.66653869,63,0
9693.55456315,9693.54700000,0.00000000,1530.81172698,0.05450905,3358.20620405,63,0
9694.25588757,9694.25900000,0.00000000,1547.00000000,0.00000000,3358.71921714,63,4
9694.84079078,9694.84100000,1560.51946203,1560.51461994,0.01953652,3359.14430609,63,0
9695.33633640,9695.34600000,0.00000000,1572.00000000,0.00000000,3359.50328201,63,4
9696.72756839,9696.73300000,1604.42432462,1604.29797506,0.10822931,3360.50150149,63,0
9698.70471498,9698.70400000,1650.39595207,1650.41267673,0.02756938,3361.89797031,63,0
9621.28155428,9700.05900000,0.00000000,-1.00000000,0.00000000,3290.86572674,63,4
9700.68399509,9700.68600000,1696.88292157,1696.83576925,0.06510402,3363.26959038,63,0
9621.28155428,9704.62400000,0.00000000,-1.00000000,0.00000000,3290.86572674,63,4
9706.18418782,9706.19300000,0.00000000,1827.23388672,0.00000000,3366.93887257,63,2
9706.41686612,9706.42600000,0.00000000,1832.79589844,0.00000000,3367.08936589,63,2
9706.70964816,9706.72000000,0.00000000,1839.80004883,0.00000000,3367.27817948,63,2
9706.84696649,9706.86600000,0.00000000,1843.08715820,0.00000000,3367.36652225,63,2
9707.13173731,9707.13100000,1849.88546369,1849.90313056,0.07606974,3367.54915725,63,0
9707.99679185,9707.99500000,1870.61510143,1870.65814992,0.04228096,3368.10073909,63,0
9621.28155428,9708.99700000,0.00000000,-1.00000000,0.00000000,3290.86572674,63,4
9709.34008706,9709.35400000,0.00000000,1903.00000000,0.00000000,3368.94659105,63,4
9711.20617170,9711.20400000,1948.08542806,1948.13809985,0.07452992,3370.09929385,63,0
9711.57134550,9711.57900000,0.00000000,1957.00000000,0.00000000,3370.32179668,63,4
9712.35284872,9712.35100000,0.00000000,1976.00000000,0.00000000,3370.79463528,63,4
9712.88649030,9712.92100000,0.00000000,1989.00000000,0.00000000,3371.11484854,63,4
9714.01124609,9713.99600000,0.00000000,2016.46984863,0.00000000,3371.78264090,63,2
9715.58231295,9715.61000000,0.00000000,2055.00000000,0.00000000,3372.69909204,63,4
9716.19186728,9716.18200000,0.00000000,2070.00000000,0.00000000,3373.04948858,63,4
9716.43536396,9716.45300000,0.00000000,2076.00000000,0.00000000,3373.18864567,63,4
9717.37148996,9717.37400000,2099.16260638,2099.10054028,0.07074732,3373.71906993,63,0
9717.73087472,9717.72800000,0.00000000,2108.00000000,0.00000000,3373.92115198,63,5
9621.28155428,9720.29600000,0.00000000,-1.00000000,0.00000000,3290.86572674,63,4
9621.28155428,9721.37000000,0.00000000,-1.00000000,0.00000000,3290.86572674,63,4
9724.24774548,9724.27600000,0.00000000,2271.00000000,0.00000000,3377.39980915,63,5
9621.28155428,9725.68400000,0.00000000,-1.00000000,0.00000000,3290.86572674,63,4
9726.98916178,9726.98800000,2340.59062535,2340.62025711,0.04585170,3378.75698921,63,0
9727.58615676,9727.59800000,0.00000000,2355.86231983,0.04238921,3379.04385100,63,0
9729.98806976,9729.98800000,2417.51100527,2417.51280316,0.02184638,3380.16652009,63,0
9731.41538459,9731.40500000,0.00000000,2454.39280027,0.01223232,3380.80928427,63,0
9732.73536087,9732.72400000,0.00000000,2488.66149067,0.06464643,3381.38719989,63,0
9733.24748854,9733.23600000,0.00000000,2502.00000000,0.00000000,3381.60710851,63,4
9734.02962382,9734.03800000,0.00000000,2522.41761808,0.04747516,3381.93826436,63,0
9736.77008648,9736.77000000,2594.40318495,2594.40546783,0.02547461,3383.05311971,63,0
9739.24697138,9739.24800000,2660.11202956,2660.08462630,0.10725625,3383.99863824,63,0
9742.95807685,9742.95800000,2759.64593487,2759.64801090,0.03950523,3385.30169608,63,0
9743.93823978,9743.94400000,0.00000000,2786.17852254,0.08409537,3385.62244851,63,0
9744.32546896,9744.32400000,2796.64313858,2796.68303161,0.03029281,3385.74637032,63,0
9745.43932632,9745.44500000,0.00000000,2827.00000000,0.00000000,3386.09423318,63,4
9748.75395573,9748.75500000,2918.02306439,2917.99421781,0.09081639,3387.05106353,63,0
9621.28155428,9749.68500000,0.00000000,-1.00000000,0.00000000,3290.86572674,63,4
9750.91616024,9750.93400000,0.00000000,2978.00000000,0.00000000,3387.61046343,63,5
9751.23882556,9751.25100000,0.00000000,2987.00000000,0.00000000,3387.68946195,63,4
9756.50081728,9756.49800000,3135.39848676,3135.47886580,0.08464758,3388.80829042,63,0
9756.94856555,9756.94600000,3148.19001837,3148.26336636,0.10929827,3388.88837125,63,0
9757.37105658,9757.37100000,3160.35132896,3160.35294932,0.09303265,3388.96173000,63,0
9758.99415037,9759.03000000,0.00000000,3207.00000000,0.00000000,3389.22320128,63,4
9760.08626045,9760.08600000,3238.56127758,3238.56882388,0.08374297,3389.38071398,63,0
9760.56865809,9760.57500000,0.00000000,3252.56567383,0.00000000,3389.44553188,63,2
9760.78084311,9760.79400000,0.00000000,3258.73046875,0.00000000,3389.47310240,63,1
9762.37914538,9762.38000000,3305.37058451,3305.34556447,0.06320699,3389.66222335,63,0
9763.32729985,9763.32700000,3333.15251042,3333.16132575,0.06780095,3389.75879397,63,0
9764.44907345,9764.45300000,0.00000000,3366.23974609,0.00000000,3389.85780390,63,2
9768.53014161,9768.56600000,0.00000000,3488.00000000,0.00000000,3390.07419941,63,5
9768.70636907,9768.70200000,3493.17968960,3493.31141170,0.11611770,3390.07834269,63,0
9770.03361324,9770.02400000,0.00000000,3533.45341794,0.13378997,3390.09534992,63,0
9771.25858538,9771.25600000,3570.65533636,3570.73425296,0.13020906,3390.08852240,63,0
9776.31374796,9776.32900000,0.00000000,3727.00000000,0.00000000,3389.82313811,63,5
9777.07176668,9777.07200000,3750.79355519,3750.78621989,0.08503775,3389.74925355,63,0
9778.08448086,9778.08500000,3782.72446916,3782.70806406,0.06353541,3389.63620876,63,0
9779.15735104,9779.15900000,3816.75435662,3816.70196191,0.07162992,3389.49833373,63,0
9781.16959319,9781.20500000,0.00000000,3881.00000000,0.00000000,3389.18824768,63,4
9781.56298554,9781.56800000,0.00000000,3893.65258789,0.00000000,3389.11963858,63,2
9786.36162798,9786.36200000,4050.26999893,4050.25768865,0.13203245,3388.06408437,63,0
9777.09531264,9777.07200000,0.00000000,12.00000000,0.00000000,3403.28183802,62,4
9778.08724450,9778.08500000,31.15172296,31.19518119,0.02961981,3404.35750408,62,0
9779.16114796,9779.15900000,0.00000000,52.00000000,0.00000000,3405.51686510,62,4
9781.21906126,9781.20500000,0.00000000,92.00000000,0.00000000,3407.72686500,62,4
9781.52706429,9781.56800000,0.00000000,98.00000000,0.00000000,3408.05620541,62,4
9784.03573635,9784.04000000,0.00000000,147.00000000,0.00000000,3410.72472126,62,4
9786.32911250,9786.36200000,0.00000000,192.00000000,0.00000000,3413.14226836,62,4
9790.48223501,9790.51100000,0.00000000,274.00000000,0.00000000,3417.46594073,62,4
9793.05835257,9793.06400000,325.30967116,325.19714652,0.04849587,3420.11194796,62,0
9793.66249073,9793.66000000,337.18076830,337.23045786,0.03108327,3420.72788876,62,0
9794.40815998,9794.40500000,352.05498169,352.11812110,0.04652605,3421.48678577,62,0
9796.66600837,9796.66900000,397.39277185,397.33273108,0.04176687,3423.77024774,62,0
9776.47401893,9796.99500000,0.00000000,-1.00000000,0.00000000,3402.60645201,62,4
9799.67919538,9799.73100000,0.00000000,458.00000000,0.00000000,3426.78362491,62,4
9800.82488763,9800.82100000,481.07901714,481.15770297,0.04000003,3427.91861618,62,0
9801.31070562,9801.29300000,0.00000000,491.00000000,0.00000000,3428.39844587,62,4
9802.29683659,9802.27400000,0.00000000,511.00000000,0.00000000,3429.36878589,62,4
9804.99832119,9804.99900000,0.00000000,566.00000000,0.00000000,3432.00475544,62,5
9806.36777049,9806.35500000,0.00000000,594.00000000,0.00000000,3433.32840603,62,4
9807.00224274,9807.02600000,0.00000000,607.00000000,0.00000000,3433.93876024,62,4
9807.19729349,9807.19200000,0.00000000,611.00000000,0.00000000,3434.12602590,62,4
9807.44099342,9807.40500000,0.00000000,616.00000000,0.00000000,3434.35975347,62,4
9809.35728497,9809.35700000,655.39654180,655.40241271,0.02048734,3436.18785495,62,0
9810.37358853,9810.37000000,676.29287247,676.36698075,0.03478050,3437.15054687,62,0
9776.47401893,9812.46700000,0.00000000,-1.00000000,0.00000000,3402.60645201,62,4
9813.87704694,9813.89900000,0.00000000,749.00000000,0.00000000,3440.43225579,62,4
9816.33616687,9816.33500000,800.27159498,800.29600772,0.03244410,3442.69977642,62,0
9817.58769646,9817.57700000,0.00000000,826.53398276,0.13179253,3443.84356476,62,0
9818.98901436,9818.98500000,855.89141607,855.97590733,0.09118857,3445.11408417,62,0
9820.27085956,9820.26800000,0.00000000,883.00000000,0.00000000,3446.26822005,62,4
9821.68606759,9821.68800000,912.95206388,912.91112374,0.03991895,3447.53220806,62,0
9823.52832483,9823.52800000,952.00627105,952.01317873,0.05285373,3449.16327619,62,0
9776.47401893,9824.53800000,0.00000000,-1.00000000,0.00000000,3402.60645201,62,4
9776.47401893,9825.93900000,0.00000000,-1.00000000,0.00000000,3402.60645201,62,4
9827.13578673,9827.13500000,1029.03925467,1029.05612544,0.06432573,3452.30628872,62,0
9829.92189151,9829.92500000,0.00000000,1089.00000000,0.00000000,3454.68684402,62,4
9830.31675986,9830.31600000,1097.50617649,1097.52259067,0.00857441,3455.02068998,62,0
9831.28413879,9831.29500000,0.00000000,1118.45510197,0.06015952,3455.83578166,62,0
9776.47401893,9832.62500000,0.00000000,-1.00000000,0.00000000,3402.60645201,62,4
9776.47401893,9833.28100000,0.00000000,-1.00000000,0.00000000,3402.60645201,62,4
9834.60865080,9834.60900000,1190.74067884,1190.73305581,0.03107155,3458.59694759,62,0
9836.35699012,9836.35700000,0.00000000,1229.00000000,0.00000000,3460.02537072,62,4
9837.16895758,9837.17900000,0.00000000,1246.82189941,0.00000000,3460.68271798,62,2
9840.44069867,9840.45200000,0.00000000,1319.00000000,0.00000000,3463.29356760,62,4
9840.57845127,9840.58400000,0.00000000,1322.05200195,0.00000000,3463.40214925,62,2
9840.88184434,9840.88500000,1328.84466076,1328.77468509,0.16416175,3463.64080354,62,0
9842.10746470,9842.10400000,0.00000000,1356.00000000,0.00000000,3464.59998612,62,4
9776.47401893,9844.27100000,0.00000000,-1.00000000,0.00000000,3402.60645201,62,4
9844.92353938,9844.92800000,1418.97025355,1418.87030110,0.04085878,3466.77017057,62,0
9848.70390395,9848.67000000,0.00000000,1504.00000000,0.00000000,3469.60902156,62,4
9851.56520111,9851.55600000,0.00000000,1569.00000000,0.00000000,3471.69938133,62,4
9852.55633622,9852.55600000,1591.62016824,1591.62785577,0.03625521,3472.41138891,62,0
9854.31756650,9854.28100000,0.00000000,1632.00000000,0.00000000,3473.66161185,62,5
9855.01330142,9854.99700000,0.00000000,1648.00000000,0.00000000,3474.14995439,62,4
9855.36067054,9855.34500000,0.00000000,1656.00000000,0.00000000,3474.39260646,62,4
9856.87650231,9856.91200000,0.00000000,1691.00000000,0.00000000,3475.44230126,62,4
9858.60108618,9858.57800000,0.00000000,1731.00000000,0.00000000,3476.61821668,62,4
9860.07951624,9860.08100000,1765.47763367,1765.44299312,0.01877381,3477.61048283,62,0
9861.21505087,9861.23800000,0.00000000,1792.00000000,0.00000000,3478.36274687,62,4
9861.66784650,9861.66400000,1802.52345260,1802.61366621,0.02760899,3478.66027296,62,0
9863.38562186,9863.39200000,0.00000000,1843.00000000,0.00000000,3479.77610564,62,5
9864.06379099,9864.07500000,0.00000000,1859.00000000,0.00000000,3480.21103371,62,4
9866.56766625,9866.56800000,1918.36267120,1918.35473000,0.06200144,3481.78910386,62,0
9776.47401893,9868.39000000,0.00000000,-1.00000000,0.00000000,3402.60645201,62,4
9869.82050999,9869.82000000,1996.10888485,1996.12113667,0.07200726,3483.77237843,62,0
9871.06710894,9871.06700000,2026.11591617,2026.11854218,0.07638524,3484.51184960,62,0
9776.47401893,9873.51500000,0.00000000,-1.00000000,0.00000000,3402.60645201,62,4
9874.15798828,9874.14600000,0.00000000,2101.00000000,0.00000000,3486.29570823,62,5
9874.35401458,9874.35000000,2105.67836209,2105.77615152,0.12761078,3486.40648210,62,0
9776.47401893,9875.28600000,0.00000000,-1.00000000,0.00000000,3402.60645201,62,4
9875.82703713,9875.84200000,0.00000000,2141.73694118,0.16731273,3487.22895462,62,0
9876.24976031,9876.25400000,2152.19505949,2152.09117048,0.05194671,3487.46198274,62,0
9776.47401893,9878.24600000,0.00000000,-1.00000000,0.00000000,3402.60645201,62,4
9881.53961743,9881.53900000,2282.80197098,2282.81736022,0.05811726,3490.25846090,62,0
9884.17987949,9884.18100000,2348.93383573,2348.90567273,0.06875290,3491.56958588,62,0
9776.47401893,9885.42500000,0.00000000,-1.00000000,0.00000000,3402.60645201,62,4
9886.44066553,9886.46100000,0.00000000,2405.95361328,0.00000000,3492.64597247,62,3
9886.91581005,9886.90700000,0.00000000,2418.00000000,0.00000000,3492.86670500,62,4
9888.52723306,9888.55000000,0.00000000,2459.00000000,0.00000000,3493.60083517,62,4
9890.27716509,9890.27900000,2503.84029631,2503.79319266,0.05262139,3494.37261736,62,0
9890.51930380,9890.51000000,0.00000000,2510.00000000,0.00000000,3494.47706765,62,4
9892.30803667,9892.30800000,2556.10309272,2556.10404047,0.16118038,3495.23393963,62,0
9897.99093940,9897.98800000,2704.43646088,2704.51403040,0.06806679,3497.44328228,62,0
9898.37756486,9898.37700000,2714.70951133,2714.72443957,0.03909776,3497.58255434,62,0
9899.19808989,9899.19600000,2736.38801411,2736.44341698,0.04395224,3497.87335991,62,0
9901.99622463,9902.01100000,0.00000000,2811.00000000,0.00000000,3498.81529192,62,5
9776.47401893,9905.02700000,0.00000000,-1.00000000,0.00000000,3402.60645201,62,4
9906.80449772,9906.78500000,0.00000000,2941.00000000,0.00000000,3500.24917363,62,4
9908.60781655,9908.60700000,2990.36660884,2990.38905200,0.04406910,3500.72454326,62,0
9909.87781402,9909.88900000,0.00000000,3025.39233398,0.00000000,3501.03834131,62,2
9910.71033812,9910.71000000,3048.42098308,3048.43035868,0.05272486,3501.23441872,62,0
9776.47401893,9911.68100000,0.00000000,-1.00000000,0.00000000,3402.60645201,62,4
9913.97494973,9913.97300000,3139.50089075,3139.55568604,0.03440079,3501.92872130,62,0
9918.01253700,9917.97800000,0.00000000,3254.00000000,0.00000000,3502.61715378,62,4
9919.92983329,9919.93100000,3309.08038405,3309.04674350,0.07192346,3502.87560992,62,0
9921.23224706,9921.23300000,3346.72932860,3346.70749197,0.06363751,3503.02527464,62,0
9921.85055791,9921.85100000,3364.67802205,3364.66516390,0.05466647,3503.08887480,62,0
9925.37633275,9925.37900000,3468.12557708,3468.04673369,0.09681570,3503.35760877,62,0
9776.47401893,9929.10900000,0.00000000,-1.00000000,0.00000000,3402.60645201,62,4
9931.08958494,9931.09500000,0.00000000,3639.23392690,0.06693138,3503.43836027,62,0
9776.47401893,9932.75600000,0.00000000,-1.00000000,0.00000000,3402.60645201,62,4
9933.44971709,9933.45100000,3711.40232150,3711.36287656,0.06906079,3503.33673015,62,0
9934.60571882,9934.59200000,0.00000000,3747.00000000,0.00000000,3503.25689622,62,4
9935.48393125,9935.48400000,3774.23265328,3774.23051746,0.06658335,3503.18270523,62,0
9939.50626204,9939.49700000,0.00000000,3900.48779945,0.10185670,3502.68963939,62,0
9941.74638807,9941.73900000,0.00000000,3972.00000000,0.00000000,3502.30178204,62,4
9943.76489247,9943.76600000,4037.25312242,4037.21713482,0.05279043,3501.87976330,62,0
9939.51031939,9939.49700000,0.00000000,52.46695679,0.05878297,3520.89736522,61,0
9943.76338077,9943.76600000,0.00000000,134.00000000,0.00000000,3525.39531889,61,4
9948.88250505,9948.94800000,0.00000000,233.00000000,0.00000000,3530.71859908,61,5
9949.39683315,9949.37600000,0.00000000,243.00000000,0.00000000,3531.24786065,61,4
9950.42397049,9950.42400000,0.00000000,263.00000000,0.00000000,3532.30173222,61,4
9950.57786636,9950.59200000,0.00000000,266.00000000,0.00000000,3532.45927792,61,4
9950.93677940,9950.98600000,0.00000000,273.00000000,0.00000000,3532.82634166,61,4
9951.90972012,9951.93300000,0.00000000,292.00000000,0.00000000,3533.81882559,61,4
9952.98294592,9953.02300000,0.00000000,313.00000000,0.00000000,3534.90926385,61,4
9955.22435149,9955.21600000,0.00000000,357.00000000,0.00000000,3537.17178955,61,5
9958.79516488,9958.79600000,427.50535779,427.48880941,0.05718190,3540.73370020,61,0
9960.13086028,9960.17900000,0.00000000,454.00000000,0.00000000,3542.05335816,61,4
9960.43278196,9960.43300000,0.00000000,460.00000000,0.00000000,3542.35050501,61,4
9962.09006901,9962.06100000,0.00000000,493.00000000,0.00000000,3543.97479711,61,4
9963.98897841,9963.99900000,0.00000000,530.94803131,0.07390648,3545.82167577,61,0
9964.35469108,9964.35300000,538.23473496,538.26862052,0.02869570,3546.17537783,61,0
9966.84283665,9966.84200000,588.24031034,588.25715988,0.02872258,3548.56830493,61,0
9968.01675938,9968.01800000,611.95150503,611.92646002,0.03883455,3549.68775281,61,0
9969.79982693,9969.83600000,0.00000000,648.00000000,0.00000000,3551.37705565,61,4
9971.08102284,9971.12400000,0.00000000,674.00000000,0.00000000,3552.58202866,61,4
9973.48614868,9973.50100000,0.00000000,723.00000000,0.00000000,3554.82425267,61,4
9973.68241859,9973.68000000,726.94960263,726.99901909,0.08185981,3555.00559150,61,0
9977.09497407,9977.11900000,0.00000000,797.00000000,0.00000000,3558.13937449,61,4
9978.84041940,9978.79500000,0.00000000,833.00000000,0.00000000,3559.72118575,61,4
9979.02869590,9979.03200000,0.00000000,836.89147949,0.00000000,3559.89096041,61,2
9984.65801305,9984.71000000,0.00000000,954.00000000,0.00000000,3564.88922283,61,5
9936.75576747,9985.97800000,0.00000000,-1.00000000,0.00000000,3517.94859909,61,4
9987.82298124,9987.82400000,1020.52368164,1020.50220013,0.01301233,3567.63198365,61,0
9989.55228013,9989.55200000,1057.03560747,1057.04153837,0.07242217,3569.10948488,61,0
9936.75576747,9989.96300000,0.00000000,-1.00000000,0.00000000,3517.94859909,61,4
9993.17195560,9993.18900000,0.00000000,1134.00000000,0.00000000,3572.15290520,61,4
9994.74708773,9994.75000000,1167.74972269,1167.68730472,0.06674005,3573.45588483,61,0
9936.75576747,9996.21100000,0.00000000,-1.00000000,0.00000000,3517.94859909,61,4
9998.43072931,9998.46900000,0.00000000,1247.00000000,0.00000000,3576.45328334,61,4
9999.76297329,9999.76000000,1275.78144706,1275.84596758,0.09223467,3577.51895117,61,0
10003.24093088,10003.22500000,0.00000000,1351.63816140,0.05904166,3580.25671219,61,0
10004.54416395,10004.54700000,1380.26351640,1380.20123951,0.13655659,3581.26506067,61,0
10004.83402740,10004.83000000,1386.48190550,1386.57039444,0.03580491,3581.48816050,61,0
10006.44323937,10006.42000000,0.00000000,1422.00000000,0.00000000,3582.71756281,61,5
10010.50147412,10010.47300000,0.00000000,1512.00000000,0.00000000,3585.75186748,61,5
10013.56925162,10013.57000000,1580.68537060,1580.66854921,0.03301043,3587.98137992,61,0
10014.15677487,10014.16100000,1593.98148658,1593.88637662,0.05614979,3588.40202674,61,0
10017.48394863,10017.51800000,0.00000000,1669.11507398,0.02802215,3590.74382368,61,0
10021.89450926,10021.89700000,1769.96027756,1769.90301554,0.05655904,3593.74181001,61,0
10022.68088402,10022.67100000,0.00000000,1788.00000000,0.00000000,3594.26320171,61,4
10025.23771369,10025.23700000,1847.11421811,1847.13078108,0.07601781,3595.93092120,61,0
9936.75576747,10027.41700000,0.00000000,-1.00000000,0.00000000,3517.94859909,61,4
10031.05737476,10031.05600000,1983.31816217,1983.35062001,0.04742611,3599.56369414,61,0
10035.79747329,10035.81300000,0.00000000,2096.02197266,0.00000000,3602.34809432,61,2
10035.99740637,10035.98900000,0.00000000,2100.81053554,0.30312236,3602.46201316,61,0
10036.34258970,10036.34100000,2109.04995458,2109.08808563,0.07256451,3602.65808465,61,0
10036.66393221,10036.66600000,2116.84925206,2116.79960587,0.06354997,3602.83978000,61,0
9936.75576747,10037.01400000,0.00000000,-1.00000000,0.00000000,3517.94859909,61,4
10038.45861087,10038.45900000,0.00000000,2160.00000000,0.00000000,3603.84037351,61,4
10041.57099601,10041.57100000,2235.52025328,2235.52015603,0.02260334,3605.51914188,61,0
10043.27349540,10043.27300000,2277.12047775,2277.13262040,0.07645073,3606.40589810,61,0
10048.68784396,10048.70700000,0.00000000,2411.00000000,0.00000000,3609.07427609,61,4
10050.29147895,10050.29700000,0.00000000,2451.11568414,0.10883228,3609.81916656,61,0
10054.72788460,10054.72900000,2563.28140117,2563.25299999,0.10800742,3611.76760344,61,0
10060.34595319,10060.34400000,2707.69940212,2707.75015269,0.04198211,3613.98798210,61,0
10060.84205541,10060.82700000,0.00000000,2720.64543408,0.03249905,3614.17025883,61,0
10065.31330020,10065.33100000,0.00000000,2837.98874637,0.09331648,3615.70951178,61,0
10070.11507579,10070.11500000,2966.24087894,2966.24292177,0.05335567,3617.14603816,61,0
10072.78285145,10072.78500000,3038.59360147,3038.53506049,0.06452507,3617.84276289,61,0
10074.01113797,10074.01700000,0.00000000,3072.07816776,0.06626511,3618.13840299,61,0
10076.35383449,10076.35400000,3136.54128621,3136.53671090,0.03953219,3618.65739150,61,0
10077.95392813,10077.95400000,3180.91843924,3180.91643969,0.06711993,3618.97717655,61,0
10082.08920832,10082.07400000,0.00000000,3297.00000000,0.00000000,3619.66905793,61,5
10085.33389129,10085.33200000,3389.50875754,3389.56310512,0.08174737,3620.07108280,61,0
10086.97888126,10086.98800000,0.00000000,3437.00000000,0.00000000,3620.22573024,61,4
10088.80027373,10088.80000000,3489.94784486,3489.95583572,0.05779577,3620.35729001,61,0
10092.22213173,10092.21700000,0.00000000,3590.62866211,0.00000000,3620.48805519,61,2
10095.37938845,10095.34500000,0.00000000,3685.00000000,0.00000000,3620.46886600,61,4
10097.16067094,10097.16500000,3739.04124816,3738.90968506,0.04875964,3620.39645251,61,0
10098.03889828,10098.03800000,3765.63200212,3765.65942499,0.07721661,3620.34395780,61,0
10099.16133085,10099.16800000,0.00000000,3800.00000000,0.00000000,3620.26047683,61,4
10099.29158205,10099.25400000,0.00000000,3804.00000000,0.00000000,3620.24957737,61,4
10101.51262052,10101.51700000,0.00000000,3872.62425303,0.15688010,3620.02441737,61,0
10104.14487952,10104.17200000,0.00000000,3955.00000000,0.00000000,3619.65900419,61,4
10105.31516577,10105.28100000,0.00000000,3992.00000000,0.00000000,3619.46114970,61,5
10106.26459142,10106.26500000,4022.22716754,4022.21414253,0.09391157,3619.28409692,61,0
10108.28581308,10108.31200000,0.00000000,4087.00000000,0.00000000,3618.85758452,61,4
10106.26503821,10106.26500000,72.86140188,72.86212119,0.02199404,3641.17583446,60,0
10110.97929110,10110.95400000,0.00000000,162.00000000,0.00000000,3646.07518816,60,4
10114.88592629,10114.88300000,236.38549373,236.44146558,0.04067054,3650.07480114,60,0
10116.06304578,10116.07200000,0.00000000,259.00000000,0.00000000,3651.27026654,60,4
10119.46198443,10119.46500000,324.40987801,324.35169059,0.01937804,3654.68992757,60,0
10125.26282505,10125.26300000,436.92839238,436.92497778,0.05078355,3660.42825098,60,0
10128.94193884,10128.96400000,0.00000000,509.00000000,0.00000000,3664.00072660,60,4
10130.41495167,10130.38400000,0.00000000,538.00000000,0.00000000,3665.41573912,60,4
10133.03746691,10133.04000000,589.89063690,589.84043070,0.04026669,3667.91313523,60,0
10136.96438402,10136.98100000,0.00000000,668.00000000,0.00000000,3671.60054114,60,4
10138.91204566,10138.90900000,0.00000000,707.00000000,0.00000000,3673.40538933,60,4
10141.19908016,10141.16500000,0.00000000,753.00000000,0.00000000,3675.50411159,60,4
10145.29768633,10145.30200000,0.00000000,836.00000000,0.00000000,3679.20846439,60,4
10147.50473296,10147.51600000,0.00000000,881.00000000,0.00000000,3681.17241651,60,4
10150.40583699,10150.41900000,0.00000000,940.48388672,0.00000000,3683.72048017,60,2
10150.67392274,10150.68600000,0.00000000,946.00000000,0.00000000,3683.95399725,60,4
10102.38139022,10152.18500000,0.00000000,-1.00000000,0.00000000,3637.08218732,60,4
10153.14558191,10153.14400000,996.98393797,997.01668135,0.06106751,3686.09139970,60,0
10159.39514447,10159.39300000,1127.22861520,1127.27363506,0.03101510,3691.36570554,60,0
10160.66583042,10160.69700000,0.00000000,1154.00000000,0.00000000,3692.41534356,60,4
10163.69428613,10163.70500000,0.00000000,1218.00000000,0.00000000,3694.88373437,60,4
10166.09205027,10166.08800000,0.00000000,1269.00000000,0.00000000,3696.80512891,60,4
10166.79464942,10166.78300000,0.00000000,1284.00000000,0.00000000,3697.36254168,60,4
10168.66240702,10168.67400000,0.00000000,1324.00000000,0.00000000,3698.83184816,60,4
10170.89249291,10170.88900000,0.00000000,1372.00000000,0.00000000,3700.56211478,60,5
10171.63313163,10171.62500000,0.00000000,1388.00000000,0.00000000,3701.13089048,60,5
10171.86430182,10171.89400000,0.00000000,1393.00000000,0.00000000,3701.30781439,60,4
10173.24852772,10173.27200000,0.00000000,1423.00000000,0.00000000,3702.36117116,60,4
10173.75487611,10173.75400000,0.00000000,1434.00000000,0.00000000,3702.74388492,60,4
10180.90335034,10180.90200000,1590.79484673,1590.82474443,0.05704225,3707.99475778,60,0
10185.49037517,10185.53600000,0.00000000,1693.00000000,0.00000000,3711.20912553,60,4
10187.10044430,10187.10100000,1729.18392439,1729.17141431,0.04735315,3712.30793498,60,0
10102.38139022,10195.98800000,0.00000000,-1.00000000,0.00000000,3637.08218732,60,4
10198.20354553,10198.19200000,0.00000000,1983.00000000,0.00000000,3719.44284317,60,4
10200.73454495,10200.73500000,0.00000000,2042.00000000,0.00000000,3720.95684086,60,4
10202.05685545,10202.08200000,0.00000000,2073.00000000,0.00000000,3721.73049355,60,5
10203.31779166,10203.32400000,0.00000000,2102.67527317,0.07591729,3722.45699285,60,0
10102.38139022,10206.05100000,0.00000000,-1.00000000,0.00000000,3637.08218732,60,4
10224.61084376,10224.65300000,0.00000000,2622.00000000,0.00000000,3732.94103814,60,4
10226.07184699,10226.08600000,0.00000000,2659.00000000,0.00000000,3733.52721662,60,4
10226.28280217,10226.27200000,0.00000000,2664.35815265,0.19735155,3733.61033464,60,0
10234.65654722,10234.65500000,2880.36223793,2880.40277228,0.09474199,3736.58925698,60,0
10238.88380491,10238.90500000,0.00000000,2992.00000000,0.00000000,3737.84380060,60,4
10248.53278177,10248.53400000,3253.95203222,3253.91831709,0.06073222,3740.03059387,60,0
10249.74977247,10249.75100000,3287.72633658,3287.69217541,0.05641037,3740.23547027,60,0
10253.62666559,10253.63300000,0.00000000,3396.46752930,0.00000000,3740.77599594,60,2
10256.98555421,10256.99500000,0.00000000,3492.23681641,0.00000000,3741.10148068,60,2
10257.14280802,10257.15500000,0.00000000,3496.75610352,0.00000000,3741.11336699,60,2
10262.35797935,10262.35800000,3648.51649874,3648.51589047,0.06602401,3741.33124300,60,0
10268.65816603,10268.62700000,0.00000000,3837.00000000,0.00000000,3741.11354375,60,5
10274.87188571,10274.88100000,0.00000000,23.00000000,0.00000000,3761.45333313,59,4
10278.11758365,10278.16200000,0.00000000,83.00000000,0.00000000,3764.83181401,59,4
10280.70067386,10280.71500000,0.00000000,131.00000000,0.00000000,3767.49561254,59,4
10288.00720892,10288.02900000,0.00000000,268.00000000,0.00000000,3774.90738962,59,4
10294.27411265,10294.25400000,0.00000000,387.00000000,0.00000000,3781.11483659,59,5
10309.48844540,10309.49900000,0.00000000,682.00000000,0.00000000,3795.57383060,59,4
10311.18164458,10311.18300000,715.40332800,715.37654492,0.03837159,3797.12601121,59,0
10314.49109977,10314.47200000,0.00000000,781.00000000,0.00000000,3800.12805369,59,4
10316.59357021,10316.59500000,822.92434472,822.89577763,0.05176048,3802.01008349,59,0
10319.59084218,10319.53800000,0.00000000,883.00000000,0.00000000,3804.66298443,59,4
10328.94228664,10328.90200000,0.00000000,1073.00000000,0.00000000,3812.68363441,59,4
10335.22916206,10335.29100000,0.00000000,1203.00000000,0.00000000,3817.85066500,59,4
10336.66707419,10336.69100000,0.00000000,1233.00000000,0.00000000,3819.00597790,59,4
10346.54978486,10346.55400000,0.00000000,1442.00000000,0.00000000,3826.66820922,59,4
10351.12135350,10351.12100000,1540.41039750,1540.41805064,0.03229032,3830.04201156,59,0
10353.95568508,10353.98000000,0.00000000,1602.00000000,0.00000000,3832.07666709,59,4
10356.22454741,10356.22200000,1651.58722426,1651.64311558,0.04373769,3833.67403739,59,0
10273.62274952,10375.62500000,0.00000000,-1.00000000,0.00000000,3760.14391482,59,4
10377.61950623,10377.62600000,0.00000000,2135.00000000,0.00000000,3847.22758165,59,4
10381.12395486,10381.12400000,2217.08759190,2217.08652914,0.07685600,3849.16912161,59,0
10386.51474376,10386.52200000,0.00000000,2345.00000000,0.00000000,3851.98630642,59,4
10401.95147292,10401.95200000,0.00000000,2724.00000000,0.00000000,3858.84652974,59,4
10420.02253981,10420.03500000,0.00000000,3195.00000000,0.00000000,3864.28783471,59,4
10432.89386595,10432.89700000,0.00000000,3552.00000000,0.00000000,3866.15391585,59,4
10444.66316438,10444.66400000,3897.34688049,3897.32164060,0.07201571,3866.12677482,59,0
10479.74497392,10479.82100000,0.00000000,538.00000000,0.00000000,3916.13405688,58,4
10489.71087431,10489.76800000,0.00000000,730.00000000,0.00000000,3925.32610749,58,4
10494.97526222,10495.01200000,0.00000000,833.00000000,0.00000000,3930.02646519,58,4
10512.67838809,10512.69300000,0.00000000,1188.00000000,0.00000000,3944.98468879,58,4
10520.39769656,10520.39900000,1347.31570803,1347.28857114,0.03477452,3951.06800149,58,0
10527.52688327,10527.57200000,0.00000000,1497.00000000,0.00000000,3956.42948149,58,4
10528.84643171,10528.87700000,0.00000000,1525.00000000,0.00000000,3957.39387541,58,4
10533.43077336,10533.50800000,0.00000000,1623.00000000,0.00000000,3960.67403598,58,4
10541.72107268,10541.72600000,1803.32098782,1803.21271466,0.05643008,3966.31915675,58,0
10548.07432596,10548.11000000,0.00000000,1944.00000000,0.00000000,3970.38059757,58,4
10554.72059844,10554.75800000,0.00000000,2094.00000000,0.00000000,3974.37142244,58,4
10557.82106487,10557.82200000,2165.02436257,2165.00286120,0.05407596,3976.13956995,58,0
10568.77322913,10568.72600000,0.00000000,2421.00000000,0.00000000,3981.87059099,58,4
10579.35536733,10579.35600000,0.00000000,2677.00000000,0.00000000,3986.59656079,58,4
10588.58662222,10588.59900000,0.00000000,2908.00000000,0.00000000,3990.00298011,58,4
10601.13736252,10601.16200000,0.00000000,3235.00000000,0.00000000,3993.44444930,58,4
5179.94349917,5179.95000000,0.00000000,1718.07234697,0.17645970,9.51863183,118,4
5190.05407709,5190.05720000,0.00000000,2172.24539262,0.04808975,15.19528689,118,4
5192.76737884,5192.76800000,0.00000000,2298.79441224,0.06617862,16.15472360,118,0
5194.56807842,5194.57130000,0.00000000,2383.97313806,0.40958022,16.61493499,118,2
5194.67916119,5194.67000000,0.00000000,2389.25984618,0.10513904,16.63840124,118,0
5199.02901822,5199.01200000,0.00000000,2599.34528568,0.46536115,17.07463313,118,4
5199.90451949,5199.92900000,0.00000000,2642.37923569,0.12636629,17.04310756,118,3
5205.34594264,5205.34520000,0.00000000,2915.92706371,0.01740882,15.89646630,118,0
5207.99471689,5208.01500000,0.00000000,3053.14215711,0.08705436,14.74008150,118,4
5210.31425521,5210.31520000,0.00000000,3175.66809820,0.02529737,13.41746549,118,4
5212.01922435,5212.01800000,0.00000000,3267.21840034,0.05580105,12.27276332,118,4
5210.31377184,5210.31520000,0.00000000,1136.73073351,0.05941849,31.38941238,117,4
5212.02071518,5212.01800000,0.00000000,1206.03620180,0.05315041,33.29183907,117,4
5214.76915167,5214.79100000,0.00000000,1318.79532545,0.08188642,36.20126318,117,4
5215.79144452,5215.79070000,0.00000000,1361.11412103,0.04123685,37.23313038,117,4
5223.80576263,5223.80560000,0.00000000,1700.41828468,0.01476664,44.29658661,117,0
5235.48197247,5235.48420000,0.00000000,2221.65124782,0.21451446,50.83473658,117,0
5275.50832355,5275.50700000,0.00000000,1991.54984918,0.01849493,84.35804940,116,0
5281.55611081,5281.55460000,0.00000000,2265.09323879,0.03984480,86.87190866,116,0
5299.66338738,5299.66330000,0.00000000,3151.32656216,0.02393605,85.08125138,116,0
5306.23343929,5306.23390000,0.00000000,3504.04794666,0.02891749,80.14563279,116,0
5299.66392208,5299.66330000,0.00000000,1086.53590691,0.00889749,101.99258279,115,0
5306.23414644,5306.23390000,0.00000000,1350.29011432,0.02935436,109.05482240,115,0
5316.26463509,5316.26370000,0.00000000,1769.35882525,0.01535100,117.50321137,115,0
5318.28170672,5318.28370000,0.00000000,1856.26975145,0.03119214,118.83147614,115,4
5327.87782791,5327.87800000,0.00000000,2283.41852642,0.01831428,123.25257766,115,0
5332.25787180,5332.26030000,0.00000000,2486.66562626,0.03309163,124.12922330,115,0
5334.79209344,5334.79180000,0.00000000,2606.89236834,0.03231085,124.27571853,115,0
5337.18609752,5337.19400000,0.00000000,2722.35383215,0.09447147,124.15603642,115,0
5342.57921730,5342.57940000,0.00000000,2989.69232349,0.02263460,122.89906782,115,0
5344.76877042,5344.76960000,0.00000000,3101.30792807,0.02441542,121.96878670,115,0
5350.69012617,5350.69160000,0.00000000,3413.06527588,0.04010610,118.10163195,115,0
5356.65345313,5356.65340000,0.00000000,3743.52813091,0.03619168,111.95364723,115,0
5356.86894715,5356.82880000,0.00000000,3755.81508505,0.13977071,111.68421788,115,4
5342.57929630,5342.57940000,0.00000000,947.46799918,0.01479878,134.39392601,114,0
5344.76912203,5344.76960000,0.00000000,1032.42386127,0.01411088,137.03347411,114,0
5350.69096121,5350.69160000,0.00000000,1266.30063104,0.00858883,143.60470628,114,0
5356.65339252,5356.65340000,0.00000000,1508.31010196,0.02845042,149.32040928,114,0
5361.50208086,5361.50270000,0.00000000,1710.36873303,0.01916491,153.23984700,114,0
5361.92390866,5361.91790000,0.00000000,1728.18381623,0.08472981,153.54798832,114,4
5363.72289100,5363.72460000,0.00000000,1804.60156457,0.02590279,154.80075339,114,0
5367.71523378,5367.70920000,0.00000000,1976.83347746,0.04661250,157.21297314,114,0
5373.80542572,5373.80490000,0.00000000,2247.09131742,0.02466716,159.84579805,114,0
5376.47294541,5376.47000000,0.00000000,2368.55492188,0.02205674,160.56951520,114,0
5378.16510661,5378.13000000,0.00000000,2446.64764649,0.14708399,160.88414456,114,4
5378.78038738,5378.75000000,0.00000000,2475.24961418,0.41731300,160.96987203,114,4
5382.20384517,5382.21700000,0.00000000,2636.48651976,0.02724732,161.15724278,114,0
5382.36621099,5382.38200000,0.00000000,2644.22428657,0.08689947,161.15359972,114,5
5384.74508567,5384.74250000,0.00000000,2758.57434829,0.04978783,160.96496034,114,0
5393.59522692,5393.50000000,0.00000000,3201.54471983,0.16603763,157.85754037,114,4
5402.06193793,5402.06310000,0.00000000,3655.60073674,0.02949261,150.78587520,114,2
5382.20462931,5382.21700000,0.00000000,658.92231971,0.03670187,161.61168407,113,4
5383.83738534,5382.38200000,0.00000000,719.71319639,0.00000000,163.84236270,113,4
5393.73884779,5393.74700000,0.00000000,1097.18492339,0.23827313,176.17428260,113,4
5398.42092303,5398.59700000,0.00000000,1281.35433531,0.08384126,181.23005273,113,4
5398.42061270,5402.06310000,0.00000000,1281.34199934,0.07214685,181.22973539,113,4
5414.15754731,5414.15370000,0.00000000,1931.33899925,0.03771532,193.94561519,113,4
5420.07492442,5420.06470000,0.00000000,2189.96171389,6.17569247,196.75796000,113,4
5421.66307003,5421.66200000,0.00000000,2260.87789884,0.04701255,197.30419798,113,4
5435.16026839,5435.16160000,0.00000000,2892.98224238,0.02752470,197.88814324,113,0
5450.02189042,5450.02340000,0.00000000,3664.71265976,0.03413930,188.20322970,113,4
5435.15958983,5435.16160000,0.00000000,840.81080350,0.01966302,205.86890408,112,0
5448.56736827,5448.63400000,0.00000000,1358.41714990,0.08187337,221.01617901,112,4
5450.02223518,5450.02340000,0.00000000,1416.46186466,0.01092723,222.39855228,112,0
5495.94247441,5495.94230000,0.00000000,3517.04135009,0.03880596,229.07141025,112,0
5495.94251132,5495.94230000,0.00000000,1291.27855093,0.03413427,257.74613556,111,0
5508.87442480,5508.87420000,0.00000000,1812.79228652,0.06733978,268.56527545,111,4
5535.21749184,5535.21580000,0.00000000,2996.96802382,0.06737479,273.89095392,111,2
5540.19078601,5540.18930000,0.00000000,3244.63867180,0.05914534,271.62903258,111,4
5535.21877743,5535.21580000,0.00000000,886.40246974,0.06167896,284.76901990,110,0
5540.19371240,5540.18930000,0.00000000,1072.61473212,0.13861860,290.64353400,110,4
5560.57311940,5560.64160000,0.00000000,1879.99022309,169.19849611,308.63664504,110,4
5563.99060674,5563.98630000,0.00000000,2023.47419813,0.00858230,310.54883505,110,0
5564.31193329,5564.31100000,0.00000000,2037.10065508,0.02607382,310.71011417,110,0
5564.59854086,5564.59800000,0.00000000,2049.27488918,0.03427621,310.85122102,110,4
5577.59865118,5577.58770000,0.00000000,2623.11584407,0.09649824,314.29839580,110,2
5590.91651261,5590.89910000,0.00000000,3263.29105080,0.02027079,310.71366067,110,0
5590.91700319,5590.89910000,0.00000000,1068.69295028,0.01698735,330.08923897,109,0
5654.13491183,5654.13520000,0.00000000,3890.62939943,0.02806853,339.67223161,109,0
5657.59599209,5657.59550000,0.00000000,4085.66906542,0.03703462,334.79589514,109,0
5654.13512399,5654.13520000,0.00000000,1504.50188129,0.01235863,381.68923698,108,0
5657.59582543,5657.59550000,0.00000000,1640.71512081,0.01921070,384.51528236,108,0
5658.22816691,5658.22870000,0.00000000,1665.84694642,0.02317964,384.99829970,108,0
5664.11940310,5664.12040000,0.00000000,1903.78514412,0.02215020,388.97803073,108,0
5686.22173171,5686.22400000,0.00000000,2868.55954106,0.03240449,394.10214689,108,0
5691.51062553,5691.39500000,0.00000000,3120.14112458,0.62415715,392.53511307,108,4
5744.69744024,5691.39500000,0.00000000,3120.37325360,0.84948828,433.68212521,107,4
5744.69744024,5716.92650000,0.00000000,3120.37325360,0.84948828,433.68212521,107,4
5720.46829370,5720.46630000,0.00000000,2043.84643134,0.03075881,431.76575832,107,0
5720.81279585,5720.81140000,0.00000000,2058.10376879,0.02685689,431.93386912,107,0
5721.11105627,5721.11670000,0.00000000,2070.46848792,0.01770880,432.07656383,107,0
5744.05009185,5744.03000000,0.00000000,3089.35167033,0.02929600,433.93300274,107,0
5749.89272201,5749.89290000,0.00000000,3374.82590145,0.02582998,430.93665217,107,0
5750.24393830,5750.23910000,0.00000000,3392.39722888,0.02887832,430.70176872,107,0
5762.18469836,5762.18620000,0.00000000,4022.06509939,0.02856820,418.40941229,107,0
5744.04681722,5744.03000000,0.00000000,884.46170345,0.01776102,446.74769766,106,4
5749.89285719,5749.89290000,0.00000000,1095.77539220,0.01635789,453.49153500,106,0
5750.24388183,5750.23910000,0.00000000,1108.62272004,0.02252133,453.87452198,106,4
5762.18495643,5762.18620000,0.00000000,1557.30278548,0.01148079,465.30557705,106,0
5765.65236252,5765.65110000,0.00000000,1692.15229209,0.02574287,468.00177942,106,0
5765.65236252,5766.01750000,0.00000000,1692.15229209,0.02574287,468.00177942,106,4
5771.92038221,5771.90700000,0.00000000,1941.71374169,0.02765251,472.08921297,106,0
5805.70200583,5805.69930000,0.00000000,3453.30509410,0.02676867,471.73887559,106,0
5806.06004499,5806.05900000,0.00000000,3471.27648540,0.02573988,471.47471702,106,0
5813.01711032,5813.01790000,0.00000000,3831.39279533,0.03508054,464.88929284,106,0
5805.70106515,5805.69930000,0.00000000,1133.81497259,0.02208441,496.84796553,105,0
5805.70115475,5806.05900000,0.00000000,1133.81823324,0.02536146,496.84806107,105,4
5813.01802015,5813.01790000,0.00000000,1404.21092934,0.02118193,504.08319330,105,2
5818.23322893,5818.23460000,0.00000000,1602.26797267,0.15477573,508.51073878,105,2
5818.23476771,5821.76940000,0.00000000,1602.32710483,0.03555298,508.51195057,105,4
5818.23476771,5830.52230000,0.00000000,1602.32710483,0.03555298,508.51195057,105,4
5818.23476771,5854.11010000,0.00000000,1602.32710483,0.03555298,508.51195057,105,4
5870.04247413,5870.04300000,0.00000000,3920.61124252,0.03293543,505.61238921,105,0
5830.51971354,5830.52230000,0.00000000,78.08187440,0.09828457,498.27810422,104,4
5830.51858587,5854.11010000,0.00000000,78.04547863,0.06648336,498.27630975,104,4
5870.04290425,5870.04300000,0.00000000,1446.43701464,0.01343222,548.04935946,104,0
5873.77221827,5873.77250000,0.00000000,1586.96928066,0.02361735,551.16726091,104,0
5874.45455581,5874.45520000,0.00000000,1612.93853593,0.02558775,551.70294286,104,0
5874.45449079,5883.52520000,0.00000000,1612.93605725,0.03029755,551.70289234,104,4
5899.96449311,5899.96330000,0.00000000,2650.54287488,0.02328109,562.79562646,104,0
5903.73369920,5903.73000000,0.00000000,2816.89311582,0.02028843,562.70550194,104,0
5903.73372289,5904.09800000,0.00000000,2816.89417400,0.02544752,562.70549973,104,4
5904.42193017,5904.41920000,0.00000000,2847.69952283,0.03121362,562.63219128,104,0
5904.42192339,5908.06610000,0.00000000,2847.69921849,0.03795001,562.63219209,104,4
5915.27055321,5915.27200000,0.00000000,3352.89757924,0.02238641,558.90546439,104,0
5920.54620206,5920.54690000,0.00000000,3613.65485495,0.03525696,555.11919605,104,2
5920.54441521,5920.66910000,0.00000000,3613.56464796,0.06800607,555.12072532,104,2
5899.96483410,5899.96330000,0.00000000,496.94946397,0.02731860,560.86529657,103,0
5903.73345009,5903.73000000,0.00000000,623.44783630,0.02442072,565.94925253,103,1
5904.10057763,5904.09800000,0.00000000,635.86070003,0.01912139,566.43205905,103,0
5904.42256725,5904.41920000,0.00000000,646.76075920,0.05491001,566.85365600,103,0
5908.06585856,5908.06610000,0.00000000,770.97780760,0.01763194,571.50173845,103,0
5908.06567110,5915.27200000,0.00000000,770.97137356,0.01836205,571.50150515,103,4
5920.54541332,5920.54690000,0.00000000,1209.62365681,0.02639159,585.61280805,103,2
5920.54569895,5920.66910000,0.00000000,1209.63394574,0.02085337,585.61309692,103,2
5936.09799303,5936.09640000,0.00000000,1789.00667059,0.02650258,598.74614187,103,2
5940.96384100,5940.96090000,0.00000000,1978.94887713,0.05526885,601.68742765,103,0
5940.96369910,5946.48100000,0.00000000,1978.94327100,0.06488312,601.68735078,103,4
5963.27485445,5963.27430000,0.00000000,2916.36624466,0.02527521,606.34473152,103,0
5963.27476611,5967.12350000,0.00000000,2916.36227990,0.02953096,606.34474645,103,4
5963.27476611,5967.83170000,0.00000000,2916.36227990,0.02953096,606.34474645,103,4
5976.28424003,5976.28230000,0.00000000,3527.67751522,0.02842664,600.56872180,103,0
5976.28433302,5977.18950000,0.00000000,3527.68210041,0.03659405,600.56865245,103,4
5984.03665057,5984.03240000,0.00000000,3922.56946692,0.04323208,593.15277593,103,0
6042.67221338,5946.48100000,0.00000000,3921.56896200,5.37651503,638.05340040,102,4
5963.27496052,5963.27430000,0.00000000,679.14290305,0.01929793,612.43395930,102,0
5967.12398575,5967.12350000,0.00000000,809.62268826,0.02005186,617.24775282,102,0
5967.82939827,5967.83170000,0.00000000,833.73458321,0.04126546,618.10264423,102,0
5976.28392617,5976.28230000,0.00000000,1127.77219025,0.01401777,627.65764038,102,0
5976.28387327,5977.18950000,0.00000000,1127.77031997,0.01609888,627.65758472,102,4
5976.28387327,5984.03240000,0.00000000,1127.77031997,0.01609888,627.65758472,102,4
5989.56587197,5989.56600000,0.00000000,1610.43828726,0.01306524,639.85431182,102,0
5993.31058385,5993.30730000,0.00000000,1751.65110561,0.01236086,642.60267585,102,0
6002.58802200,6002.58950000,0.00000000,2112.53163666,0.01751388,647.93888402,102,0
6002.58817518,6031.66660000,0.00000000,2112.53773372,0.01779830,647.93895368,102,4
6043.66332550,6043.68600000,0.00000000,3973.50338414,0.06311364,636.86519653,102,4
6002.58802051,6002.58950000,0.00000000,42.51432217,0.01672026,629.47190890,101,4
6002.58800055,6031.66660000,0.00000000,42.51369810,0.01941935,629.47187763,101,4
6002.58800055,6043.68600000,0.00000000,42.51369810,0.01941935,629.47187763,101,4
6047.80695379,6047.80900000,0.00000000,1571.35997424,0.01483739,684.26040967,101,0
6066.21462263,6066.21500000,0.00000000,2279.96524640,0.02835738,694.90404489,101,0
6066.21459938,6076.01930000,0.00000000,2279.96430961,0.03455853,694.90403698,101,4
6066.21459938,6097.85060000,0.00000000,2279.96430961,0.03455853,694.90403698,101,4
6066.21516819,6066.21500000,0.00000000,154.40799293,0.01801050,680.86766346,100,0
6066.21511091,6076.01930000,0.00000000,154.40619998,0.02065795,680.86757735,100,4
6066.21511091,6097.85060000,0.00000000,154.40619998,0.02065795,680.86757735,100,4
6119.70735481,6119.71210000,0.00000000,1999.38361838,0.01546347,737.91858994,100,0
6119.70725496,6130.14600000,0.00000000,1999.37977634,0.01654986,737.91853680,100,4
6119.70725496,6144.20800000,0.00000000,1999.37977634,0.01654986,737.91853680,100,4
6119.70725496,6144.76290000,0.00000000,1999.37977634,0.01654986,737.91853680,100,4
6151.99911854,6152.00060000,0.00000000,3360.45501322,0.02621561,739.59615285,100,0
6157.84264469,6157.84170000,0.00000000,3639.05237142,0.03487595,735.70970529,100,0
6157.84264469,6165.29940000,0.00000000,3639.05237142,0.03487595,735.70970529,100,4
6130.14485424,6130.14600000,0.00000000,236.85357250,0.02167548,731.48306044,99,2
6130.14462996,6144.20800000,0.00000000,236.84656387,0.02345205,731.48273390,99,4
6151.99972750,6152.00060000,0.00000000,944.91860287,0.02163522,759.82710671,99,0
6151.99952201,6157.84170000,0.00000000,944.91168919,0.02308238,759.82687528,99,4
6151.99952201,6165.29940000,0.00000000,944.91168919,0.02308238,759.82687528,99,4
6167.78095390,6167.80000000,0.00000000,1492.35253419,0.28780638,775.38115349,99,3
6176.59214141,6176.59160000,0.00000000,1813.95480539,0.02711722,781.93656822,99,0
6177.10480550,6176.99300000,0.00000000,1833.06031338,0.07194540,782.26591084,99,4
6177.10493185,6183.85660000,0.00000000,1833.06502744,0.06677855,782.26599127,99,4
6190.77977504,6190.77740000,0.00000000,2360.60054380,0.01955373,788.69887295,99,0
6194.77839466,6194.77990000,0.00000000,2522.04036497,0.04885838,789.64162680,99,4
6194.77863536,6204.69020000,0.00000000,2522.05019077,0.05359946,789.64166956,99,4
6207.49398035,6207.49450000,0.00000000,3061.12528670,0.02974825,789.30849066,99,0
6215.59472364,6215.59500000,0.00000000,3428.48087483,0.03535089,786.01279929,99,0
6215.59476125,6219.00130000,0.00000000,3428.48263017,0.04366915,786.01277760,99,4
6227.56263485,6227.45730000,0.00000000,4014.33712613,0.00305628,775.61114756,99,4
6190.77982803,6190.77740000,0.00000000,177.55299544,0.01467311,776.24381352,98,0
6194.77507668,6194.77990000,0.00000000,301.19809300,0.04746298,782.00857707,98,4
6204.69416469,6204.69020000,0.00000000,615.03527155,0.02266969,795.37590931,98,3
6204.69416469,6207.49450000,0.00000000,615.03527155,0.02266969,795.37590931,98,4
6215.59508737,6215.59500000,0.00000000,972.28027419,0.01636413,808.38196196,98,0
6227.46133660,6227.45730000,0.00000000,1377.82126313,0.02421782,820.29275725,98,0
6240.75087305,6240.75800000,0.00000000,1855.98785822,0.03483945,830.43791575,98,0
6248.45549452,6248.45740000,0.00000000,2146.68128518,0.02135478,834.54403647,98,0
6251.31733098,6251.32200000,0.00000000,2257.48767751,0.09653464,835.69908821,98,2
6252.65692290,6252.65400000,0.00000000,2309.91512384,0.05501074,836.16673476,98,4
6252.65692290,6254.46200000,0.00000000,2309.91512384,0.05501074,836.16673476,98,4
6252.65692290,6254.63500000,0.00000000,2309.91512384,0.05501074,836.16673476,98,4
6260.52214592,6260.51960000,0.00000000,2625.44018794,0.02459595,837.91190432,98,0
6260.52208407,6268.22850000,0.00000000,2625.43765217,0.02868346,837.91189766,98,4
6274.15718844,6274.15500000,0.00000000,3208.22053037,0.07580073,836.31988256,98,2
6274.75092603,6274.74910000,0.00000000,3234.78158570,0.02751143,836.09867788,98,0
6274.75096214,6277.76850000,0.00000000,3234.78320413,0.03502696,836.09866400,98,4
6251.32342007,6251.32200000,0.00000000,78.03864959,0.16881692,819.81124289,97,4
6252.65293414,6252.65400000,0.00000000,118.21073330,0.08639355,821.79396192,97,4
6254.37693277,6254.46200000,0.00000000,170.53909174,0.26094385,824.33190285,97,4
6260.52272220,6260.51960000,0.00000000,359.32397425,0.01639665,833.06737853,97,0
6274.15352237,6274.15500000,0.00000000,791.50174882,0.19172195,850.58850067,97,4
6274.75067646,6274.74910000,0.00000000,810.89156041,0.02134458,851.29388377,97,0
6277.77108696,6277.76850000,0.00000000,909.59089381,0.01469029,854.77713640,97,0
6279.10621665,6279.24000000,0.00000000,953.55882595,0.06213139,856.27107987,97,4
6295.48534638,6295.48530000,0.00000000,1511.36001081,0.01661431,872.13651678,97,0
6299.57780719,6299.58200000,0.00000000,1656.55718990,0.01724362,875.32823965,97,3
6307.87014636,6307.85700000,0.00000000,1958.87070537,0.05285251,880.73143967,97,3
6315.43390403,6315.43140000,0.00000000,2245.04804878,0.03158256,884.30046987,97,0
6323.00864589,6322.86400000,0.00000000,2542.88035523,0.07977863,886.41881080,97,4
6323.00718140,6329.91440000,0.00000000,2542.82159377,0.06358176,886.41855341,97,4
6323.00718140,6332.64000000,0.00000000,2542.82159377,0.06358176,886.41855341,97,4
6323.00718140,6336.17910000,0.00000000,2542.82159377,0.06358176,886.41855341,97,4
6347.39518129,6347.40800000,0.00000000,3598.51556796,0.16621196,880.81286707,97,4
6353.61108641,6353.60940000,0.00000000,3898.05697852,0.03401857,875.49218102,97,0
6315.43321529,6315.43140000,0.00000000,47.81806023,0.03340834,867.63144282,96,4
6329.91424269,6329.91440000,0.00000000,488.30651087,0.01740757,888.02951800,96,0
6332.64423365,6332.64000000,0.00000000,573.59423001,0.01165045,891.56624808,96,0
6347.39862640,6347.40800000,0.00000000,1048.34858299,0.13083113,908.80945923,96,4
6353.61156762,6353.60940000,0.00000000,1255.89394145,0.02162733,915.04714122,96,2
6353.61144713,6366.75600000,0.00000000,1255.88986863,0.02444985,915.04702657,96,4
6353.61144713,6384.75600000,0.00000000,1255.88986863,0.02444985,915.04702657,96,4
6402.84517518,6402.84500000,0.00000000,3121.25849490,0.02862294,935.68802952,96,0
6411.51992515,6411.51860000,0.00000000,3506.99445786,0.03818651,932.01459863,96,0
6423.48086199,6423.47940000,0.00000000,4081.96269886,0.02989108,921.49170823,96,0
6491.06337847,6402.84500000,0.00000000,4080.98313886,701.92293481,972.51503177,95,4
6491.03236778,6404.01800000,0.00000000,4079.43295332,172.36057108,972.55124106,95,4
6411.52015986,6411.51860000,0.00000000,960.79843027,0.02417868,956.29558014,95,0
6423.48099925,6423.47940000,0.00000000,1356.56946403,0.00961704,968.20608419,95,0
6423.48087996,6446.49290000,0.00000000,1356.56542672,0.00800942,968.20597727,95,4
6491.86190967,6508.32550000,0.00000000,1358.22676723,0.32467709,1019.62695924,94,4
6491.86668888,6512.67600000,0.00000000,1358.38687453,0.40809435,1019.63121523,94,4
6513.59053104,6513.58800000,0.00000000,2119.90287996,0.02299852,1034.59443507,94,0
6513.59052935,6518.59000000,0.00000000,2119.90281782,0.02858761,1034.59443428,94,4
6518.85080473,6518.84200000,0.00000000,2315.79750751,0.03220955,1036.73729370,94,3
6527.38921564,6527.38700000,0.00000000,2645.13249821,0.10259848,1038.76649320,94,0
6527.39068269,6534.68720000,0.00000000,2645.19038500,0.05821440,1038.76667643,94,4
6540.46499472,6540.49100000,0.00000000,3181.21851033,0.12492759,1037.84868160,94,5
6540.94871852,6540.95000000,0.00000000,3201.89080738,0.08197711,1037.70853157,94,0
6541.28353747,6541.29900000,0.00000000,3216.23787258,0.09914350,1037.60668929,94,5
6541.50973664,6541.49900000,0.00000000,3225.94842864,0.16895182,1037.53563191,94,2
6518.59874924,6518.59000000,0.00000000,31.24067367,0.08039563,1020.50034977,93,5
6518.85100385,6518.84200000,0.00000000,38.51048060,0.12994251,1020.87022194,93,4
6518.85100385,6534.68720000,0.00000000,38.51048060,0.12994251,1020.87022194,93,4
6540.94915119,6540.95000000,0.00000000,696.70645358,0.05705819,1050.35207556,93,2
6541.30809400,6541.29900000,0.00000000,707.77319058,0.60954333,1050.78013010,93,4
nan,6541.49900000,0.00000000,-1.00000000,13963254885.20113373,0.00000000,93,4
6561.08659441,6561.09700000,0.00000000,1339.13253827,0.03337540,1071.50488463,93,2
6604.72763049,6604.72440000,0.00000000,2930.43414337,0.03487862,1091.61222946,93,2
6676.53090440,6600.77540000,0.00000000,2931.39400455,0.23140019,1145.40900991,92,4
6604.72593499,6604.72440000,0.00000000,476.06873736,0.01893846,1094.63264689,92,0
6641.84227831,6641.84310000,0.00000000,1653.91942249,0.03176499,1132.59626368,92,0
6641.84229022,6653.92940000,0.00000000,1653.91982723,0.03737177,1132.59627242,92,4
6668.73195704,6668.73300000,0.00000000,2624.41794295,0.03137539,1145.02763062,92,0
6668.73194942,6680.12050000,0.00000000,2624.41764958,0.03677135,1145.02762944,92,4
6668.73213612,6668.73300000,0.00000000,226.46930795,0.01705835,1137.69578513,91,0
6668.73204235,6680.12050000,0.00000000,226.46661238,0.01871953,1137.69565704,91,4
6739.89223467,6739.89200000,0.00000000,2544.37424920,0.06107983,1199.38215899,91,4
6761.45178069,6761.44790000,0.00000000,3408.42338384,0.03136131,1197.57092553,91,0
6739.89246968,6739.89200000,0.00000000,143.20258985,0.04447275,1189.09891288,90,0
6761.45178060,6761.44790000,0.00000000,770.70970851,0.01918239,1216.38701116,90,0
6837.28197423,6888.84000000,0.00000000,766.53209581,569.27288887,1272.86241021,89,4
6837.14310738,6897.31000000,0.00000000,762.40422688,1832.09981849,1272.70518408,89,4
6897.30432616,6897.31000000,0.00000000,260.43679106,0.12963129,1309.06143738,88,4
6976.46148123,7025.98700000,0.00000000,256.98930083,0.74488785,1367.86983470,87,4
6976.53015377,7034.35200000,0.00000000,258.88421936,0.68044411,1367.95974245,87,4
6976.50379043,7053.23650000,0.00000000,258.15671914,0.19776031,1367.92523251,87,4
6976.50379043,7061.05430000,0.00000000,258.15671914,0.19776031,1367.92523251,87,4
7066.70862857,7066.71000000,0.00000000,3184.73881939,0.02840446,1430.39929758,87,0
7066.70870136,7069.67300000,0.00000000,3184.74169836,0.03516190,1430.39928411,87,4
7053.23751122,7053.23650000,0.00000000,139.06126039,0.01951092,1422.36661753,86,0
7053.23751122,7061.05430000,0.00000000,139.06126039,0.01951092,1422.36661753,86,4
7053.23751122,7066.71000000,0.00000000,139.06126039,0.01951092,1422.36661753,86,4
7069.66509733,7069.67300000,0.00000000,592.11194087,0.29623471,1443.05293693,86,2
7114.26913081,7114.26830000,0.00000000,1947.76191274,0.03740573,1483.13189261,86,0
7135.29845858,7135.32600000,0.00000000,2674.06222461,0.04087959,1491.16993609,86,4
7140.50770952,7140.50780000,0.00000000,2865.67474134,0.02145775,1491.73478090,86,0
7224.37763311,7135.32600000,0.00000000,2861.13005494,0.45023419,1553.84872156,85,4
7140.50694321,7140.50780000,0.00000000,253.97831600,0.02019162,1489.49242318,85,0
7215.19716461,7215.19800000,0.00000000,2530.79244399,0.01750883,1552.34644591,85,0
7237.18938605,7237.19170000,0.00000000,3350.41080056,0.01991207,1552.54770051,85,0
7237.18934647,7247.16310000,0.00000000,3350.40923152,0.02420847,1552.54771142,85,4
7237.19031901,7237.19170000,0.00000000,570.08152435,0.01337949,1566.66399732,84,0
7237.19031901,7247.16310000,0.00000000,570.08152435,0.01337949,1566.66399732,84,4
7305.21881882,7305.22800000,0.00000000,2676.07419872,0.05783361,1616.72845397,84,0
7306.85582605,7306.85490000,0.00000000,2734.36879449,0.03076201,1617.00490277,84,0
7305.21787897,7305.22800000,0.00000000,62.11407349,0.07226348,1607.17961028,83,4
7306.85684743,7306.85490000,0.00000000,104.56335896,0.04042067,1609.34560955,83,0
7345.97018075,7345.96800000,0.00000000,1176.22005968,0.01439693,1653.53280607,83,0
7351.54536569,7351.67800000,0.00000000,1339.58795054,0.05679034,1658.49941671,83,4
7441.12949531,7440.94690000,0.00000000,1337.74884411,0.07965826,1724.42386266,82,4
7439.98203040,7474.49620000,0.00000000,1304.28353456,0.00000000,1723.43683112,82,4
7440.20308915,7490.93350000,0.00000000,1310.72063588,3.28106341,1723.62821430,82,4
7493.48505396,7493.47100000,0.00000000,3035.46040207,0.05800456,1748.76737049,82,0
7494.18984549,7494.16500000,0.00000000,3061.21422641,0.02661379,1748.74975124,82,0
7586.58528059,7490.93350000,0.00000000,3057.22022743,234960.98735095,1816.73919219,81,4
7493.48552038,7493.47100000,0.00000000,263.03658767,0.07526570,1750.20700415,81,0
7494.18978523,7494.16500000,0.00000000,281.17873137,0.01372741,1751.07802438,81,0
7524.89289195,7524.89300000,0.00000000,1107.06560241,0.02504080,1784.66084858,81,0
7524.89289195,7537.84880000,0.00000000,1107.06560241,0.02504080,1784.66084858,81,4
7524.89289195,7546.12110000,0.00000000,1107.06560241,0.02504080,1784.66084858,81,4
7635.36958468,7635.36800000,0.00000000,1575.56017367,0.01203605,1867.52828538,80,0
7656.65691834,7656.65300000,0.00000000,2224.95457101,0.02835868,1880.48085556,80,0
7726.74984133,7726.74920000,0.00000000,1424.52682341,0.00585676,1934.21185008,79,0
7730.93699836,7730.93000000,0.00000000,1544.49717579,0.04976025,1937.49523575,79,2
7742.87134412,7742.87000000,0.00000000,1896.20325329,0.02533249,1945.68983316,79,0
7747.16141357,7747.15000000,0.00000000,2026.44921906,0.06646504,1948.18317443,79,2
7835.18268122,7835.18330000,0.00000000,1692.24214162,0.03017607,2013.69585440,78,0
7840.71326507,7840.71300000,0.00000000,1854.23369655,0.03638622,2017.36811403,78,0
7841.20919348,7841.20880000,0.00000000,1868.91819991,0.02797903,2017.67875769,78,0
7842.15728135,7842.14250000,0.00000000,1897.06586497,0.03992286,2018.26387068,78,0
7865.10713340,7865.10900000,0.00000000,2611.53448096,0.02019190,2028.56476247,78,0
7874.09361550,7874.09000000,0.00000000,2911.32286416,0.01716276,2030.27562061,78,0
7876.03803990,7876.03900000,0.00000000,2977.92033978,0.02574486,2030.44567920,78,0
7874.09609831,7874.09000000,0.00000000,52.94692031,0.04213782,2025.06675245,77,0
7876.03709639,7876.03900000,0.00000000,99.61663136,0.01830645,2027.49869211,77,0
7928.37835048,7928.38100000,0.00000000,1450.90352568,0.01647839,2081.60137843,77,0
7929.29805276,7929.29780000,0.00000000,1476.53511533,0.00557699,2082.32512251,77,0
7929.29800658,7939.17890000,0.00000000,1476.53382642,0.00576394,2082.32508639,77,4
7929.29800658,7945.36540000,0.00000000,1476.53382642,0.00576394,2082.32508639,77,4
7946.32532608,7946.32560000,0.00000000,1965.86585035,0.02734731,2093.99411815,77,0
7947.09084566,7947.10400000,0.00000000,1988.57194419,0.04564993,2094.43651670,77,4
8051.37722264,8084.68010000,0.00000000,1980.70070675,0.00000000,2170.50546844,76,4
8086.56393193,8086.56800000,0.00000000,3089.39215894,0.01736133,2181.78279361,76,0
8095.35584500,8095.31000000,0.00000000,3396.25556733,0.03588999,2181.23258991,76,0
8203.24400298,8084.68010000,0.00000000,3395.18634789,0.07135632,2260.04113058,75,4
8086.56444508,8086.56800000,0.00000000,111.20568845,0.01157561,2181.54827236,75,0
8095.35338872,8095.31000000,0.00000000,319.95952437,0.04698606,2191.99605537,75,4
8095.35338872,8120.78180000,0.00000000,319.95952437,0.04698606,2191.99605537,75,4
8131.14583737,8131.14610000,0.00000000,1219.76857767,0.01854982,2228.49563497,75,0
8131.14580341,8138.64320000,0.00000000,1219.76768093,0.02135892,2228.49560546,75,4
8145.73103877,8145.73200000,0.00000000,1613.69704117,0.06799490,2240.14614770,75,1
8152.19155558,8152.22600000,0.00000000,1794.22567335,0.03567270,2244.60838065,75,2
8152.19207547,8162.29500000,0.00000000,1794.24036123,0.02446209,2244.60872129,75,4
8165.89158393,8165.90000000,0.00000000,2190.94835248,0.03205355,2252.47965821,75,0
8187.00456859,8187.01500000,0.00000000,2846.01717246,0.03689248,2259.64945166,75,0
8208.27934200,8208.29900000,0.00000000,3575.33330064,0.01797124,2259.04582103,75,0
8215.29189855,8215.29300000,0.00000000,3835.33648546,0.49471000,2256.62402573,75,0
8216.85155950,8216.83400000,0.00000000,3894.73183187,0.11503012,2255.90682804,75,4
8208.28259222,8208.29900000,0.00000000,403.95479347,0.12735894,2275.70793193,74,0
8216.85474089,8216.83400000,0.00000000,610.87013989,0.13377964,2285.06996718,74,0
8246.60155847,8246.60400000,0.00000000,1366.46525955,0.08879976,2313.11298940,74,0
8246.60142037,8250.95010000,0.00000000,1366.46159984,0.10145931,2313.11287695,74,4
8246.60142037,8261.64980000,0.00000000,1366.46159984,0.10145931,2313.11287695,74,4
8246.60142037,8267.07900000,0.00000000,1366.46159984,0.10145931,2313.11287695,74,4
8246.60142037,8268.34910000,0.00000000,1366.46159984,0.10145931,2313.11287695,74,4
8269.38929132,8269.38900000,0.00000000,1993.06056282,0.03219772,2329.04511249,74,0
8279.59995484,8279.60300000,0.00000000,2290.45177069,0.04548767,2334.28358660,74,0
8282.85457541,8282.87400000,0.00000000,2387.72227348,0.03599682,2335.67264853,74,0
8288.83687370,8288.85200000,0.00000000,2569.89822787,0.06502367,2337.84434943,74,0
8288.83771041,8302.60620000,0.00000000,2569.92402678,0.08516105,2337.84461730,74,4
8288.83771041,8303.83870000,0.00000000,2569.92402678,0.08516105,2337.84461730,74,4
8317.26198503,8317.28000000,0.00000000,3506.97523563,0.08054479,2340.17606567,74,4
8317.26198503,8324.20600000,0.00000000,3506.97523563,0.08054479,2340.17606567,74,4
8303.83929967,8303.83870000,0.00000000,13.64571699,0.01453783,2337.84442331,73,0
8317.25759953,8317.28000000,0.00000000,322.56831535,0.02654831,2353.62720476,73,4
8324.20854822,8324.20600000,0.00000000,486.39959005,0.05725092,2361.35346467,73,0
8341.36269996,8341.35700000,0.00000000,902.98913007,0.02251166,2378.97895666,73,0
8344.89764188,8344.89900000,0.00000000,991.17941952,0.06058564,2382.33693799,73,2
8348.49633477,8348.49400000,0.00000000,1081.84242948,0.04152603,2385.65278541,73,0
8361.23946270,8361.22600000,0.00000000,1410.49108479,0.04106899,2396.51260152,73,0
8362.68153025,8362.68300000,0.00000000,1448.47247998,0.01722234,2397.65031706,73,0
8362.68165810,8368.04550000,0.00000000,1448.47585460,0.01816110,2397.65041707,73,4
8362.68165810,8378.66100000,0.00000000,1448.47585460,0.01816110,2397.65041707,73,4
8415.76955865,8415.52400000,0.00000000,2989.82586263,63.19027970,2423.30758774,73,2
8415.63670197,8419.47270000,0.00000000,2985.53702931,0.08144822,2423.29155988,73,4
8415.63977154,8420.73980000,0.00000000,2985.63608957,0.17544654,2423.29193354,73,4
8424.74716152,8424.73900000,0.00000000,3286.18154151,0.04046951,2423.67272492,73,0
8419.47410205,8419.47270000,0.00000000,20.34111848,0.01133635,2422.07902750,72,0
8419.47400140,8420.73980000,0.00000000,20.33886500,0.01102013,2422.07890621,72,4
8424.74555064,8424.73900000,0.00000000,139.04463672,0.03817072,2428.35041210,72,0
8424.74555064,8465.68240000,0.00000000,139.04463672,0.03817072,2428.35041210,72,4
8486.77496130,8486.77360000,0.00000000,1658.18850134,0.02418955,2487.80361768,72,0
8495.59317816,8495.58600000,0.00000000,1897.01643934,0.05052175,2493.63559868,72,0
8500.37107093,8500.37500000,0.00000000,2029.42561033,0.15104333,2496.45741595,72,2
8535.10246816,8535.09700000,0.00000000,3068.88282609,0.05947168,2508.42415696,72,0
8538.86461375,8538.86000000,0.00000000,3191.24435248,0.08853142,2508.64607210,72,4
8543.92131574,8543.92200000,0.00000000,3359.37800231,0.04930195,2508.54418110,72,0
8547.04333546,8547.04270000,0.00000000,3465.41879206,0.03162707,2508.23795848,72,0
8547.04351085,8555.39900000,0.00000000,3465.42479933,0.03714890,2508.23793584,72,4
8538.84975064,8538.86000000,0.00000000,37.73160419,0.23887817,2509.19460655,71,4
8543.92096009,8543.92200000,0.00000000,150.52743456,0.07520693,2515.13054202,71,0
8547.04290607,8547.04270000,0.00000000,220.58827843,0.00996729,2518.71431532,71,0
8555.39919742,8555.39900000,0.00000000,410.54213934,0.02614757,2528.03047241,71,0
8555.39897305,8573.70820000,0.00000000,410.53699001,0.02539260,2528.03022783,71,4
8575.02225404,8575.01000000,0.00000000,871.67184475,0.01153268,2548.18670428,71,0
8585.26118724,8585.26090000,0.00000000,1121.58166911,0.00654268,2557.63919630,71,0
8601.87510708,8601.87000000,0.00000000,1542.61505504,0.06485542,2571.20358582,71,0
8601.87522828,8637.01900000,0.00000000,1542.61820257,0.07523428,2571.20367611,71,4
8637.69026937,8637.68970000,0.00000000,2530.79167154,0.02841812,2591.35153991,71,0
8637.69044526,8649.41640000,0.00000000,2530.79684988,0.03304433,2591.35160264,71,4
8637.69044526,8656.75990000,0.00000000,2530.79684988,0.03304433,2591.35160264,71,4
8637.69044526,8657.89950000,0.00000000,2530.79684988,0.03304433,2591.35160264,71,4
8667.01880724,8667.00800000,0.00000000,3452.52405060,0.02124995,2595.50752391,71,0
8670.64938314,8670.64800000,0.00000000,3576.12285856,0.04162667,2595.01339739,71,0
8670.64938314,8681.87750000,0.00000000,3576.12285856,0.04162667,2595.01339739,71,4
8682.77077302,8682.75100000,0.00000000,4007.96434962,0.03881836,2591.38475078,71,0
8682.77170019,8684.30620000,0.00000000,4007.99862145,0.04859853,2591.38434684,71,4
8667.01894583,8667.00800000,0.00000000,173.45995606,0.01191951,2604.84729347,70,0
8670.64950833,8670.64800000,0.00000000,254.03178556,0.02826566,2608.96359779,70,0
8670.64950833,8681.87750000,0.00000000,254.03178556,0.02826566,2608.96359779,70,4
8682.76896309,8682.75100000,0.00000000,527.78197790,0.01613726,2622.13589779,70,4
8682.76896309,8684.30620000,0.00000000,527.78197790,0.01613726,2622.13589779,70,4
8682.76896309,8706.50280000,0.00000000,527.78197790,0.01613726,2622.13589779,70,4
8707.95925515,8707.94900000,0.00000000,1123.01974345,0.05102164,2646.46468258,70,0
8710.84324263,8710.84400000,0.00000000,1193.68915814,0.01420878,2648.96251735,70,0
8749.57091311,8749.57200000,0.00000000,2204.30544251,0.01663500,2675.65826407,70,0
8752.10013667,8752.10000000,0.00000000,2274.93425106,0.03276590,2676.89417903,70,0
8769.94472897,8769.94400000,0.00000000,2793.24955770,0.02612371,2683.44526127,70,0
8769.94477196,8774.06640000,0.00000000,2793.25085217,0.03029429,2683.44527209,70,4
8769.94477196,8781.14300000,0.00000000,2793.25085217,0.03029429,2683.44527209,70,4
8769.94477196,8784.41320000,0.00000000,2793.25085217,0.03029429,2683.44527209,70,4
8769.94477196,8786.16600000,0.00000000,2793.25085217,0.03029429,2683.44527209,70,4
8794.92258119,8794.92010000,0.00000000,3590.77303827,0.08705339,2684.83385493,70,0
8799.07373980,8799.07600000,0.00000000,3733.49538476,0.06745032,2683.96415064,70,0
8799.31768991,8799.32300000,0.00000000,3741.98787368,0.03207166,2683.90164270,70,0
8926.89871052,8786.16600000,0.00000000,3744.78234520,0.77206339,2776.21173522,69,4
8794.92205098,8794.92010000,0.00000000,223.51118247,0.05238103,2698.43461073,69,0
8799.06701389,8799.07600000,0.00000000,314.70707956,0.18215902,2703.02606268,69,2
8799.32064698,8799.32300000,0.00000000,320.31431901,0.12821375,2703.30388491,69,0
8824.26791073,8824.26900000,0.00000000,888.17465860,0.02060802,2728.75029732,69,0
8833.33240253,8833.33160000,0.00000000,1103.27323712,0.01898167,2736.99942933,69,0
8833.33236485,8856.29800000,0.00000000,1103.27233238,0.02149465,2736.99939624,69,4
8864.92939648,8864.93000000,0.00000000,1897.19201073,0.02364799,2760.84652873,69,0
8864.92946702,8867.73990000,0.00000000,1897.19386998,0.02689799,2760.84657243,69,4
8864.92946702,8868.19050000,0.00000000,1897.19386998,0.02689799,2760.84657243,69,4
8871.12779837,8871.12200000,0.00000000,2062.25857940,0.01818390,2764.50172265,69,0
8882.35276038,8882.34600000,0.00000000,2370.36970062,0.02373146,2770.12551094,69,0
8886.15739850,8886.17000000,0.00000000,2477.70862615,0.06046665,2771.71810751,69,0
8894.67130778,8894.67300000,0.00000000,2723.75543140,0.02129720,2774.65416599,69,0
8900.05316524,8900.04600000,0.00000000,2883.77561200,0.04782744,2776.02979692,69,0
8901.29048970,8901.29000000,0.00000000,2921.08964151,0.02699119,2776.29008358,69,0
8902.57460448,8902.57300000,0.00000000,2960.02940878,0.03113713,2776.53732091,69,0
8907.83218402,8907.86600000,0.00000000,3121.82487973,0.03456890,2777.29784455,69,0
8917.29046212,8917.31000000,0.00000000,3423.22115600,0.01712522,2777.56812164,69,0
8917.29032454,8921.94960000,0.00000000,3423.21666832,0.01929372,2777.56812872,69,4
8930.02508498,8929.90000000,0.00000000,3853.17980433,0.11858046,2775.37187516,69,5
8917.29303657,8917.31000000,0.00000000,74.13423302,0.01045337,2784.16789378,68,0
8917.29303657,8921.94960000,0.00000000,74.13423302,0.01045337,2784.16789378,68,4
8943.96678724,8943.96810000,0.00000000,658.31480398,0.08118280,2812.79959273,68,0
8961.22854769,8961.21800000,0.00000000,1056.10155175,0.04249229,2829.06800212,68,0
8964.78324103,8964.78800000,0.00000000,1140.19524490,0.02897154,2832.17472050,68,4
8965.96628414,8965.97100000,0.00000000,1168.35787708,0.02486493,2833.18927672,68,0
8965.96596767,8991.02400000,0.00000000,1168.35033155,0.02297859,2833.18900663,68,4
8965.96596767,9013.46700000,0.00000000,1168.35033155,0.02297859,2833.18900663,68,4
9014.09287389,9014.09800000,0.00000000,2401.82833986,0.02734671,2864.93678870,68,0
9060.09399141,9060.10800000,0.00000000,3811.02887750,0.04430339,2870.74992873,68,0
9066.98463994,9066.98500000,0.00000000,4051.85691005,0.02680270,2868.44424580,68,0
9060.08982725,9060.10800000,0.00000000,279.55729568,0.04298232,2891.16398697,67,2
9066.98336483,9066.98500000,0.00000000,428.16519335,0.01883253,2898.50073382,67,0
9073.55694297,9073.56300000,0.00000000,571.98609938,0.07287596,2905.26572072,67,4
nan,9075.52300000,0.00000000,-1.00000000,44469058296.70468140,0.00000000,67,2
9081.93999707,9081.94400000,0.00000000,758.55125231,0.00887034,2913.54632168,67,0
9085.14559382,9084.98100000,0.00000000,830.87092034,0.05551467,2916.60507783,67,2
9087.08929041,9087.09400000,0.00000000,874.99475322,0.04985013,2918.42967885,67,0
9096.76097962,9096.77100000,0.00000000,1097.74263280,0.22041089,2927.15761605,67,4
9098.43658017,9098.44600000,0.00000000,1136.89328642,0.01600847,2928.60810294,67,0
9108.63064384,9108.62600000,0.00000000,1378.86593343,0.03514808,2937.01652726,67,0
9114.99399492,9115.00700000,0.00000000,1533.38863147,0.06193904,2941.88376947,67,0
9121.73039522,9121.73200000,0.00000000,1700.09507584,0.03494204,2946.69473178,67,0
9121.73039522,9151.18290000,0.00000000,1700.09507584,0.03494204,2946.69473178,67,4
nan,9160.59400000,0.00000000,14264.60325948,0.00000000,0.00000000,67,4
9180.29668713,9180.29800000,0.00000000,3324.90361359,0.03417081,2969.75501665,67,0
9193.48453439,9193.47900000,0.00000000,3750.42571382,0.04216761,2968.78384286,67,0
9193.48372662,9193.47900000,0.00000000,198.00905169,0.02123858,2986.08803247,66,0
9193.48372662,9204.28410000,0.00000000,198.00905169,0.02123858,2986.08803247,66,4
9193.48372662,9210.30900000,0.00000000,198.00905169,0.02123858,2986.08803247,66,4
9193.48372662,9222.59000000,0.00000000,198.00905169,0.02123858,2986.08803247,66,4
9224.11117342,9224.11080000,0.00000000,860.29849807,0.01532806,3017.12452571,66,0
9229.22369507,9229.22300000,0.00000000,975.46065070,0.00772430,3021.79045716,66,4
9229.22357861,9236.66600000,0.00000000,975.45801105,0.00584058,3021.79035268,66,4
9248.38012507,9248.38300000,0.00000000,1420.49914448,0.01748987,3037.80181731,66,2
9248.68907185,9248.69600000,0.00000000,1427.86399240,0.03158860,3038.03986055,66,0
9264.16910028,9264.16400000,0.00000000,1805.33092459,0.04967381,3049.06949983,66,0
9264.16944188,9278.06430000,0.00000000,1805.33944592,0.05320664,3049.06972292,66,4
9290.11153263,9290.11200000,0.00000000,2480.51865660,0.01795855,3063.07853844,66,0
9295.14220734,9295.15000000,0.00000000,2618.69707308,0.04948415,3065.04068088,66,4
9299.94729092,9299.95030000,0.00000000,2753.18872172,0.10071154,3066.65465506,66,2
9299.94913553,9303.40530000,0.00000000,2753.24084088,0.04252963,3066.65522391,66,4
9313.13891343,9313.13800000,0.00000000,3136.28619501,0.02626745,3069.64853283,66,0
9316.52958707,9316.52880000,0.00000000,3238.35864577,0.03022695,3070.04454912,66,0
9316.52972099,9329.06630000,0.00000000,3238.36270859,0.03534185,3070.04456151,66,4
9330.39474905,9330.39850000,0.00000000,3673.44108954,0.03027950,3069.82618820,66,0
9473.78242834,9329.06630000,0.00000000,3669.45194235,14.42492949,3173.30824238,65,4
9330.39481505,9330.39850000,0.00000000,105.04852390,0.02799705,3083.19598100,65,0
9353.48126903,9353.48700000,0.00000000,587.83857198,0.02824025,3107.36642010,65,0
9375.88066045,9375.87960000,0.00000000,1080.46774540,0.00650753,3128.16856494,65,4
9379.79894368,9379.80040000,0.00000000,1169.41280792,0.02177394,3131.50824255,65,0
9392.18397850,9392.19100000,0.00000000,1456.57194900,0.02057582,3141.42086477,65,0
9408.59528185,9408.56200000,0.00000000,1852.58575951,0.05875344,3152.91240494,65,0
9416.15933077,9416.15400000,0.00000000,2041.75741058,0.02190565,3157.51035310,65,0
9416.15944263,9427.96550000,0.00000000,2041.76024175,0.02523844,3157.51041760,65,4
9425.64867952,9431.18600000,0.00000000,2285.69338478,0.23888316,3162.58892539,65,2
9434.80855152,9434.80500000,0.00000000,2528.81230930,0.01786888,3166.69783620,65,0
9435.59670165,9435.59610000,0.00000000,2550.10805257,0.03583870,3167.01247516,65,0
9440.19837144,9440.20300000,0.00000000,2675.70445771,0.02470535,3168.71986046,65,0
9452.35652338,9452.41900000,0.00000000,3018.65497335,0.03402174,3172.09162253,65,0
9461.80549901,9461.80600000,0.00000000,3297.62474712,0.02891316,3173.44305930,65,0
9609.96969828,9489.28490000,0.00000000,3308.17748335,38.47585258,3279.93914271,64,4
9609.93569657,9515.32600000,0.00000000,3307.16610965,1.29867656,3279.93606623,64,4
9609.97692112,9536.77930000,0.00000000,3308.39234552,2.35159635,3279.93979420,64,4
9540.66943114,9540.67100000,0.00000000,1497.20252325,0.03825487,3248.28753015,64,0
9540.66910771,9550.02410000,0.00000000,1497.19497857,0.04213519,3248.28728916,64,4
9551.92690923,9551.92900000,0.00000000,1763.98121114,0.09764952,3256.23973154,64,0
9556.32765218,9556.32000000,0.00000000,1870.64996329,0.01388601,3259.10092051,64,0
9556.32746308,9576.62800000,0.00000000,1870.64534942,0.01472741,3259.10080068,64,4
9658.33765730,9658.33500000,0.00000000,753.93244825,0.02131476,3328.68378260,63,0
9658.33747013,9668.07090000,0.00000000,753.92848995,0.02323321,3328.68360772,63,4
9766.34840460,9766.32700000,0.00000000,3422.61769601,0.03655910,3389.98693565,63,0
9794.78375198,9794.76700000,0.00000000,359.63707716,0.05054764,3421.86874046,62,0
9808.81890482,9808.81100000,0.00000000,644.31950862,0.03060547,3435.67612930,62,0
9808.81852845,9811.55540000,0.00000000,644.31176173,0.02684658,3435.67577093,62,4
9917.95296184,9917.91400000,0.00000000,3252.29683189,0.25047579,3502.60840470,62,4
9941.06047445,9941.07700000,0.00000000,3950.01021360,0.20211897,3502.42939503,62,4
9941.08319720,9941.07700000,0.00000000,82.54501186,0.15523756,3522.56865070,61,4
9969.43246547,9969.44700000,0.00000000,640.55789215,0.12841552,3551.03020828,61,0
10010.12393448,10010.12900000,0.00000000,1503.58728799,0.19598478,3585.47362996,61,4
10018.39825120,10018.39700000,0.00000000,1689.90742703,0.02210534,3591.37537680,61,0
10018.39819074,10020.54000000,0.00000000,1689.90605043,0.02609693,3591.37533521,61,4
10018.39819074,10032.00800000,0.00000000,1689.90605043,0.02609693,3591.37533521,61,4
10051.20686201,10051.21200000,0.00000000,2474.11170901,0.07531403,3610.23479368,61,4
10052.24776112,10052.22000000,0.00000000,2500.34791374,0.03582169,3610.69886141,61,0
10066.20389995,10066.20000000,0.00000000,2861.59697106,0.03256454,3615.99320897,61,0
10067.03783369,10067.01000000,0.00000000,2883.77567419,0.02348979,3616.25180373,61,0
10078.40536922,10078.40600000,0.00000000,3193.48162351,0.05329734,3619.06215995,61,4
10078.40509518,10079.48500000,0.00000000,3193.47398307,0.06303348,3619.06210902,61,4
10080.32303189,10080.29000000,0.00000000,3247.16558711,0.02711801,3619.39764289,61,0
10080.82688868,10080.82600000,0.00000000,3261.34375332,0.03133244,3619.47878130,61,0
10121.14810543,10121.14800000,0.00000000,356.96245512,0.02929194,3656.37208330,60,0
10121.77638071,10121.78300000,0.00000000,369.13261469,0.03775053,3656.99570905,60,0
10148.85991076,10148.86600000,0.00000000,908.73898169,0.03157526,3682.36745566,60,0
10280.97816261,10280.97300000,0.00000000,136.16969297,0.10990323,3767.78043887,59,4
10298.23751200,10298.23780000,0.00000000,462.99805043,0.01862102,3784.96663297,59,0
10458.85632704,10458.58000000,0.00000000,147.30223469,0.24904041,3895.71339316,58,4
10565.30593320,10565.30290000,0.00000000,2339.00647150,0.02669640,3980.14462437,58,0
10623.57742551,10623.57350000,0.00000000,3864.25876338,0.03137561,3995.58573323,58,4
5181.45845177,5181.45974922,1784.54910582,1784.49198792,0.02525893,10.51832067,118,0
5203.90492162,5203.90499026,2842.42037715,2842.41689419,0.04721984,16.36160273,118,0
5225.23870849,5225.23991028,1762.62671377,1762.57438528,0.07950646,45.35358349,117,0
5230.19929819,5230.19954576,1981.55711582,1981.54603319,0.03522654,48.48202268,117,0
5230.44255666,5230.44248474,1992.43927268,1992.44249596,0.03608741,48.61331394,117,0
5234.66841317,5234.66725314,2184.11606618,2184.16936977,0.04898405,50.54223014,117,0
5237.69168058,5237.68943392,2324.26165056,2324.36680549,0.05961623,51.49401306,117,0
5238.45542845,5238.45417217,2360.13669660,2360.19576482,0.04400082,51.67485876,117,0
5240.07221118,5240.07578787,0.00000000,2436.63888036,0.05006888,51.97567596,117,0
5244.95574867,5244.95550857,2672.47617564,2672.48796571,0.03375908,52.17376132,117,0
5249.21002215,5249.20967942,2884.56992383,2884.58727433,0.12228890,51.41209777,117,0
5252.01603999,5252.01517667,3028.07918414,3028.12382660,0.21497396,50.39467381,117,0
5255.01858952,5255.01996994,1128.27218831,1128.21688100,0.05995081,67.00803095,116,0
5255.59037121,5255.59067763,1151.16952163,1151.15721141,0.08300870,67.65255055,116,0
5256.02171920,5256.01913465,1168.39331840,1168.49735264,0.05883227,68.13313097,116,0
5267.45423842,5267.45621017,1641.50261247,1641.41871838,0.04561261,79.03873745,116,0
5280.31548305,5280.31735716,2208.25981047,2208.17415420,0.07124706,86.46778856,116,0
5282.64400132,5282.64189306,2315.25774485,2315.35548218,0.04429234,87.17673231,116,0
5283.46295247,5283.46259383,2353.39880875,2353.41551572,0.04234123,87.37507239,116,0
5284.51587691,5284.51789961,2402.73970483,2402.64482390,0.05719073,87.59008252,116,0
5287.56522660,5287.56551792,2547.11306563,2547.09912974,0.05798877,87.95043520,116,0
5289.84962740,5289.85188729,2657.34827228,2657.23846800,0.03908787,87.95391558,116,0
5290.62475714,5290.62426138,2694.96659743,2694.99081597,0.07178570,87.90108238,116,0
5296.97022174,5296.97028255,3012.10183230,3012.09872180,0.07435459,86.36851269,116,0
5301.08278625,5301.08227224,3225.86665584,3225.89382063,0.10554888,84.23783655,116,0
5300.45723027,5300.45648354,1117.94149786,1117.97112921,0.05471147,102.90541825,115,0
5301.08200236,5301.08280505,1142.83222411,1142.80027627,0.15214178,103.61279000,115,0
5302.58093027,5302.58127527,1202.66963505,1202.65581133,0.02301766,105.26863842,115,0
5311.68663287,5311.68886256,1575.57082529,1575.47749636,0.06261924,114.01609734,115,0
5313.35616945,5313.35662831,1645.67259860,1645.65322770,0.02111311,115.36192141,115,0
5314.20543769,5314.20618337,1681.61318454,1681.58157177,0.02816276,116.01419753,115,0
5314.73031355,5314.73039013,1703.86632700,1703.86307188,0.03701995,116.40622078,115,0
5319.21712193,5319.21906061,1896.97991518,1896.89549993,0.05238608,119.40257030,115,0
5320.48695497,5320.48660420,1952.36461166,1952.37999105,0.02140637,120.13133546,115,0
5322.57906664,5322.58506243,0.00000000,2044.65777280,0.02747621,121.21253356,115,0
5323.09137473,5323.09117226,2067.39551170,2067.40452049,0.04193796,121.45396224,115,0
5329.23965768,5329.23954650,2346.00790997,2346.01304027,0.10425252,123.60680025,115,0
5329.50759160,5329.50683284,2358.35239546,2358.38746804,0.02545317,123.66794969,115,0
5334.35467481,5334.35382639,2585.94818278,2585.98864893,0.21836152,124.27011068,115,0
5335.30768451,5335.31118889,0.00000000,2631.60085799,0.04435177,124.27156413,115,0
5336.31177799,5336.31092129,2679.91149810,2679.95290897,0.08056870,124.22963220,115,0
5339.41034056,5339.40928397,2831.29990355,2831.35209905,0.15170195,123.80887476,115,0
5346.81876912,5346.81884915,3207.54363092,3207.53944899,0.05593660,120.86114164,115,0
5345.76072484,5345.76090720,1071.18169729,1071.17455962,0.07708127,138.19291151,114,0
5347.55406664,5347.55551695,1141.70086075,1141.64363189,0.03104460,140.22961156,114,0
5352.12432493,5352.12421964,1323.86086037,1323.86510232,0.05374633,145.06463659,114,0
5358.67914126,5358.67852254,1592.10219427,1592.12792314,0.02711292,151.04082724,114,0
5360.91569605,5360.91623848,1685.68716303,1685.66435070,0.02802395,152.80248896,114,0
5362.82624448,5362.82758764,1766.47475438,1766.41770257,0.14175065,154.18877800,114,0
5363.14996059,5363.14928770,1780.15079962,1780.17943017,0.03807182,154.41256192,114,0
5364.73843184,5364.73540052,1847.93088761,1848.06096214,0.12193475,155.46322714,114,0
5365.29514297,5365.29516102,1871.97942732,1871.97865046,0.04348677,155.81233745,114,0
5365.54285655,5365.54318990,1882.66202368,1882.64765654,0.07782936,155.96451914,114,0
5366.88815499,5366.89044008,1940.94358761,1940.84438279,0.10410744,156.75608715,114,0
5368.00421758,5368.00275931,1989.38512517,1989.44883476,0.08946154,157.36722147,114,0
5371.69090860,5371.69116463,2152.17756173,2152.16614102,0.05322076,159.08169716,114,0
5372.23055624,5372.23107971,2176.30035341,2176.27692640,0.04756479,159.29226986,114,0
5374.93039637,5374.92985608,2298.05112686,2298.07569921,0.02009895,160.18431503,114,0
5375.70700728,5375.70727790,2333.48807123,2333.47570802,0.07121257,160.38979762,114,0
5380.17777543,5380.17739641,2540.61086119,2540.62867183,0.05240535,161.10642373,114,0
5387.31103262,5387.31098334,2884.05926783,2884.06169977,0.01429885,160.46764630,114,0
5394.32740160,5394.32562200,3239.45146270,3239.54410340,0.05514223,157.41579571,114,0
5395.97223108,5395.97203295,3325.73261333,3325.74306639,0.03927426,156.31167582,114,0
5387.30965867,5387.31158177,850.39699169,850.32414141,0.01911742,168.40661910,113,0
5387.68354669,5387.68742762,0.00000000,864.49748974,0.04544888,168.88308188,113,0
5395.97148913,5395.97164916,1184.52882977,1184.52253939,0.03816561,178.65104691,113,0
5407.47732123,5407.47752630,1649.16990996,1649.16139581,0.03578958,189.41334277,113,0
5408.13445952,5408.13492511,1676.50815426,1676.48876172,0.02260969,189.91882335,113,0
5408.58631375,5408.58598220,1695.31658043,1695.33042133,0.06343878,190.25904587,113,0
5409.83560081,5409.83584324,1747.66489396,1747.65470720,0.02421918,191.16831735,113,0
5410.58549399,5410.58582797,1779.23835538,1779.22426804,0.07488990,191.69161695,113,0
5410.80161733,5410.79945038,1788.26198071,1788.35348992,0.04705220,191.83939100,113,0
5414.63063107,5414.63121959,1951.72594983,1951.70058614,0.03045263,194.21365966,113,0
5417.53943474,5417.53809788,2078.01477771,2078.07334185,0.06048876,195.69914486,113,0
5390.46227081,5419.23637365,0.00000000,970.53393244,0.05315666,172.33013322,113,0
5420.55509453,5420.55604196,2211.37115443,2211.32891338,0.03020211,196.93274373,113,0
5420.88079313,5420.88026146,2225.83983328,2225.86358090,0.04868071,197.04660999,113,0
5423.01927932,5423.01854067,2321.93681033,2321.97021809,0.07526636,197.69703783,113,0
5423.85462428,5423.85395467,2359.81070274,2359.84113511,0.04962920,197.90442150,113,0
5425.77406579,5425.77521014,2447.67021401,2447.61756596,0.08522935,198.27872015,113,0
5426.21528543,5426.21512907,2467.93907952,2467.94629405,0.05198775,198.34420775,113,0
5426.85651640,5426.85689573,2497.61037109,2497.59279821,0.08821648,198.42541945,113,0
5427.57677711,5427.57833317,2531.10503525,2531.03263236,0.06715415,198.49667175,113,0
5427.87293875,5427.87300915,2544.82881254,2544.82553050,0.07213853,198.51977670,113,0
5428.90004425,5428.90086470,2592.90323574,2592.86473076,0.11134206,198.57159727,113,0
5430.36743347,5430.36568607,2661.99349568,2662.07630837,0.05208195,198.56799216,113,0
5434.34260433,5434.34039162,2852.93332089,2853.04108996,0.06491806,198.07918432,113,0
5436.97919720,5436.97895308,2982.66131619,2982.67343329,0.05321747,197.34734272,113,0
5439.94132176,5439.94185051,3131.38836081,3131.36152218,0.09599426,196.11052668,113,0
5442.59799443,5442.59789043,3267.61924738,3267.62463780,0.05267492,194.60524342,113,0
5444.60975251,5444.61117459,3372.83915365,3372.76421557,0.07366495,193.20151585,113,0
5445.98073751,5445.98125555,3445.46242734,3445.43480960,0.10044732,192.10832240,113,0
5448.41527203,5448.41628585,3576.63858882,3576.58339016,0.07363226,189.88193375,113,0
5449.18222584,5449.18685677,0.00000000,3618.49837120,0.13799281,189.10179240,113,0
5451.63519737,5451.63287680,3754.38083235,3754.51098456,0.10995451,186.34237461,113,0
5436.97958589,5436.97840628,909.30391839,909.34852579,0.03939889,208.16475936,112,0
5442.59824665,5442.59872348,1124.27124364,1124.25278744,0.03515076,214.79040588,112,0
5443.50144963,5443.50172109,1159.29566581,1159.28511554,0.08081695,215.78786526,112,0
5445.98123656,5445.98231695,1256.22908092,1256.18662886,0.04287755,218.42594431,112,0
5449.19107082,5449.19068699,1383.23548242,1383.25079115,0.08716921,221.61544454,112,0
5449.41750047,5449.41658768,1392.25005607,1392.28650040,0.03576750,221.83057986,112,0
5454.93841670,5454.94000591,1615.65529050,1615.59014725,0.06944873,226.65371432,112,0
5455.72246695,5455.72042523,1647.71601361,1647.80003305,0.07356134,227.27100265,112,0
5456.76889250,5456.76929538,1690.98514686,1690.96848200,0.06200699,228.06725851,112,0
5457.10329345,5457.10306390,1704.80277513,1704.81228614,0.07690050,228.31507792,112,0
5458.29040764,5458.28956519,1754.11829758,1754.15341883,0.04656700,229.16856582,112,0
5462.40749268,5462.40709706,1927.63502062,1927.65187401,0.03390320,231.80013085,112,0
5462.80589650,5462.80552990,1944.62507708,1944.64072587,0.04020523,232.02685296,112,0
5464.62842626,5464.63042554,2022.92319179,2022.83698566,0.03222101,232.99914683,112,0
5466.39992074,5466.39821377,2099.50948085,2099.58382392,0.02778793,233.83951906,112,0
5470.72494157,5470.72468155,2290.27853118,2290.29014193,0.06903407,235.43887273,112,0
5471.27046717,5471.26775400,2314.56677849,2314.68831436,0.06018346,235.59316545,112,0
5471.96418641,5471.96351468,2345.79554153,2345.82574928,0.09416527,235.77349253,112,0
5476.01458795,5476.01318649,2530.24898128,2530.31361994,0.07205809,236.46038517,112,0
5477.81276947,5477.81301291,2613.73922265,2613.72786392,0.02293034,236.55664119,112,0
5479.01596615,5479.01704083,2670.14259810,2670.09204729,0.05866308,236.54614398,112,0
5479.89889164,5479.89975695,2711.78731148,2711.74636621,0.06200317,236.49924914,112,0
5481.16651349,5481.16666635,2771.99262915,2771.98533449,0.08272298,236.37261109,112,0
5484.86221785,5484.86239771,2950.65052025,2950.64171173,0.06583889,235.58827366,112,0
5485.40722190,5485.40838925,2977.44245102,2977.38505632,0.35691601,235.41829413,112,0
5487.14637932,5487.14788470,3063.52934894,3063.45434585,0.02860954,234.77840231,112,0
5489.76200326,5489.75830424,0.00000000,3195.03253031,0.09810853,233.52660744,112,0
5491.54748751,5491.54698497,3286.36915109,3286.39505159,0.05131032,232.46310320,112,0
5492.74621809,5492.74383213,3348.34922338,3348.47338363,0.06052368,231.64973910,112,0
5501.62682173,5501.62633234,3828.76923531,3828.79678466,0.05628079,222.88408930,112,0
5503.02234377,5503.02527870,0.00000000,3907.90499902,0.13148730,221.02230314,112,0
5504.70015937,5504.69902404,4004.42306338,4004.48894861,0.07525116,218.58978953,112,0
5479.01642852,5479.01849609,652.71701459,652.64164880,0.07257494,237.42698657,111,0
5486.40911734,5486.40996946,926.10936672,926.07736918,0.11421033,247.08053369,111,0
5488.76758978,5488.76908783,1015.11021911,1015.05343365,0.08451796,249.91370590,111,0
5489.75790208,5489.75898766,1052.71411790,1052.67279142,0.07809262,251.06609905,111,0
5491.54639441,5491.54714877,1121.03283340,1121.00390006,0.03816091,253.09016136,111,0
5492.72909513,5492.89083534,0.00000000,1166.49251596,0.37398309,254.38817177,111,0
5498.35532370,5498.35394037,1386.10885080,1386.16356276,0.07422758,260.10059662,111,0
5498.66932638,5498.66920798,1398.58693620,1398.59162570,0.06258832,260.39626228,111,0
5500.50176585,5500.50312260,1471.51444795,1471.46025237,0.02504518,262.07053885,111,0
5500.98926277,5500.98628979,1490.84642587,1490.96544666,0.07397220,262.50151997,111,0
5501.27569456,5501.27667402,1502.47267933,1502.43340898,0.07903813,262.75152564,111,0
5501.62651679,5501.62823822,1516.57890648,1516.50978403,0.01973275,263.05496699,111,0
5503.02340088,5503.02317390,1572.78068676,1572.78986375,0.17529865,264.23043002,111,0
5504.70024367,5504.69974825,1640.83731123,1640.85750615,0.03969126,265.57139415,111,0
5505.18262866,5505.18132919,1660.49076758,1660.54386043,0.02682775,265.94275643,111,0
5506.16779228,5506.16692550,1700.85521984,1700.89080433,0.09177313,266.68077181,111,0
5506.42243806,5506.42018649,1711.26868689,1711.36124877,0.09469222,266.86722302,111,0
5507.00507386,5507.00486081,1735.33074106,1735.33952565,0.02341691,267.28634092,111,0
5507.88133275,5507.88264356,1771.60373804,1771.54945404,0.35805701,267.89848665,111,0
5508.59398118,5508.59366870,1801.10470604,1801.11769578,0.06094124,268.37981722,111,0
5510.83814263,5510.83792988,1894.93820573,1894.94715480,0.03256066,269.79690867,111,0
5514.92531652,5514.92440306,2068.68363293,2068.72290500,0.06593635,271.97839342,111,0
5517.70355589,5517.70233140,2189.06080102,2189.11428803,0.08295510,273.15240445,111,0
5517.83997376,5517.83986820,2195.07104888,2195.07566352,0.17859831,273.20336433,111,0
5518.07831829,5518.07852102,2205.51184058,2205.50296494,0.01119535,273.29087316,111,0
5518.91126067,5518.91188424,2242.08104451,2242.05362186,0.10469427,273.58126592,111,0
5519.67032355,5519.67162235,2275.56352786,2275.50615526,0.03986642,273.82474575,111,0
5520.86146859,5520.86221008,2328.34348906,2328.31050678,0.03371710,274.16570703,111,0
5522.01355963,5522.01113544,2379.62976814,2379.73835591,0.05262253,274.44674308,111,0
5524.46158377,5524.46197258,2490.23567507,2490.21799203,0.06513392,274.88018201,111,0
5525.12528322,5525.12378545,2520.39460013,2520.46298865,0.08568435,274.95832221,111,0
5525.27868253,5525.28067309,2527.55930777,2527.46832761,0.10912265,274.97393691,111,0
5525.58018682,5525.58092504,2541.29636971,2541.26256895,0.03566657,275.00195266,111,0
5526.56760853,5526.56854400,2586.65796142,2586.61485648,0.07446839,275.06852748,111,0
5527.31194473,5527.31183740,2620.98965578,2620.99462478,0.04422087,275.09290207,111,0
5527.59368457,5527.59222488,2633.98248898,2634.05019136,0.09006624,275.09626328,111,0
5527.87037958,5527.87024339,2646.88934539,2646.89567397,0.03713269,275.09640342,111,0
5528.65828926,5528.65908158,2683.64425552,2683.60724117,0.04783475,275.07948660,111,0
5529.83721009,5529.83786208,2738.93186934,2738.90116785,0.06585686,275.00558341,111,0
5530.48764578,5530.48705833,2769.56553687,2769.59331526,0.05650549,274.93944212,111,0
5531.55735092,5531.55836180,2820.41252535,2820.36436589,0.11673342,274.79066424,111,0
5533.36809127,5533.36886251,2907.20810392,2907.17091002,0.04040031,274.42261892,111,0
5533.68281811,5533.68248537,2922.34959351,2922.36567616,0.03683273,274.34344391,111,0
5536.09246792,5536.09109162,3039.80395628,3039.87167369,0.08540569,273.58274379,111,0
5537.31203595,5537.31255701,3100.18160652,3100.15574137,0.05788872,273.09046905,111,0
5538.06409717,5538.06424982,3137.59874656,3137.59112482,0.03947519,272.74995587,111,0
5539.12725763,5539.12774732,3190.91124597,3190.88660064,0.07622716,272.21915280,111,0
5539.73160409,5539.73217008,3221.40912984,3221.38050117,0.07141785,271.89112466,111,0
5539.90894521,5539.90971735,3230.39552068,3230.35641560,0.08248516,271.79119698,111,0
5541.38022042,5541.37902955,3305.22992318,3305.29093629,0.10113900,270.89710869,111,0
5544.43475718,5544.43612237,3463.82945170,3463.75772753,0.03864834,268.65426327,111,0
5544.68291037,5544.68657336,0.00000000,3476.80038522,0.07677095,268.44836975,111,0
5545.33149877,5545.33195131,3511.07636078,3511.05240365,0.07565585,267.89223920,111,0
5547.29262902,5547.29310744,3615.76751572,3615.74175919,0.05067499,266.05396826,111,0
5548.50884596,5548.50910216,3681.60872994,3681.59477625,0.05220905,264.79069986,111,0
5549.58724512,5549.58260402,0.00000000,3740.59358533,0.08077224,263.58877186,111,0
5551.22068390,5551.22142818,3831.13561493,3831.09406843,0.08246590,261.61623729,111,0
5552.96337868,5552.96540606,3929.32085621,3929.20573334,0.07684005,259.30155319,111,0
5530.48667106,5530.48860691,712.78975002,712.71934142,0.05564238,278.71502583,110,0
5536.09009126,5536.09191523,918.81162246,918.74377850,0.19399900,285.83518682,110,0
5537.31324223,5537.31247981,964.31123215,964.33972381,0.02568395,287.30558874,110,0
5539.73268712,5539.73189073,1055.17615384,1055.20621358,0.03831138,290.12148179,110,0
5543.80234269,5543.80525067,1210.25928468,1210.14758818,0.09187392,294.57031450,110,0
5544.68689915,5544.68832122,1244.23429858,1244.17946686,0.07877447,295.48771861,110,0
5544.96898971,5544.96880002,1255.05548709,1255.06281011,0.09776583,295.77655093,110,0
5545.33120653,5545.33101570,1269.05083787,1269.05821783,0.05360466,296.14472959,110,0
5547.29292326,5547.29332346,1345.27323403,1345.25762415,0.03975922,298.08520298,110,0
5548.50771061,5548.50799212,1392.79039214,1392.77934765,0.05012812,299.24045318,110,0
5549.58235391,5549.58186413,1435.01580712,1435.03510918,0.06639081,300.23218879,110,0
5550.26822468,5550.26447747,0.00000000,1462.12398967,0.12079031,300.85036198,110,0
5550.99251123,5550.99672044,0.00000000,1490.81670272,0.04724447,301.49012641,110,0
5551.22059184,5551.22128028,1499.89153614,1499.86418423,0.08892749,301.68865521,110,0
5552.96687248,5552.96620920,1569.49518534,1569.52175700,0.06858493,303.16565868,110,0
5553.62240300,5553.62555248,1595.95702584,1595.83047053,0.12996376,303.69976736,110,0
5554.96675917,5554.96579958,1649.98048091,1650.01929525,0.07001513,304.75882486,110,0
5557.52420288,5557.52242240,1754.04034560,1754.11328021,0.06734888,306.63788597,110,0
5557.93902134,5557.93886471,1771.11626909,1771.12269831,0.17828154,306.92548555,110,0
5558.65151855,5558.65197577,1800.44158983,1800.42275189,0.05885421,307.40807356,110,0
5560.52700753,5560.52570021,1878.00744304,1878.06182751,0.33871678,308.60828687,110,0
5562.68437792,5562.68405399,1968.30588856,1968.31951953,0.02410940,309.86001484,110,0
5566.86473335,5566.86504208,2146.21503669,2146.20174776,0.08198603,311.87412844,110,0
5568.37315886,5568.37194874,2211.36607550,2211.41862972,0.04690836,312.46176465,110,0
5568.88186341,5568.88066543,2233.48963760,2233.54180557,0.02952498,312.64270216,110,0
5569.34129649,5569.34152252,2253.58185515,2253.57198881,0.06156508,312.79847613,110,0
5571.26140324,5571.25956926,2337.78782409,2337.86879334,0.04567198,313.37020162,110,0
5571.60267862,5571.60211951,2352.92139036,2352.94611774,0.08650855,313.45816849,110,0
5575.46585328,5575.46540121,2525.84639142,2525.86686551,0.05041068,314.15665531,110,0
5577.23331901,5577.23384837,2606.38151901,2606.35727528,0.09692607,314.28686929,110,0
5577.88148448,5577.88246096,2636.14703207,2636.10212724,0.05773186,314.30363305,110,0
5579.41542679,5579.41661437,2707.06131434,2707.00613979,0.07051106,314.27532360,110,0
5580.07293321,5580.07289419,2737.61962254,2737.62144312,0.05012636,314.23336057,110,0
5580.42564323,5580.42493175,2754.06590633,2754.09918182,0.03950152,314.20334894,110,0
5588.71446968,5588.71577362,3153.20981542,3153.14512599,0.15227947,311.88924002,110,0
5591.73245118,5591.73357512,3304.64507772,3304.58800868,0.07213853,310.21307598,110,0
5592.42274796,5592.42245927,3339.71736149,3339.73209975,0.11144564,309.76138578,110,0
5593.43887310,5593.44036172,3391.90263794,3391.82600887,0.07784196,309.04840578,110,0
5595.31867609,5595.32069707,3489.45078309,3489.34511604,0.09290558,307.57432024,110,0
5598.68067066,5598.68137048,3667.72162184,3667.68393050,0.05073285,304.40906446,110,0
5598.91544482,5598.91376995,3680.25039743,3680.34074859,0.12596576,304.16137945,110,0
5578.07853082,5578.07559359,599.77873388,599.88334281,0.05830786,313.90320522,109,0
5579.41813156,5579.41668840,647.66495029,647.71660480,0.04334935,315.74398769,109,0
5580.07569169,5580.07454255,671.23574438,671.27696529,0.24713207,316.63488786,109,0
5580.42355585,5580.42282840,683.73821835,683.76435219,0.04988364,317.10285487,109,0
5593.44066009,5593.44087734,1163.75557588,1163.74734878,0.09007082,332.86600910,109,0
5595.31927971,5595.32374412,0.00000000,1235.18613613,0.15300586,334.84054303,109,0
5598.27977493,5598.27890918,1348.91591111,1348.94939539,0.10472670,337.78567491,109,0
5598.67978123,5598.68121599,1364.49038023,1364.43478334,0.09594119,338.16762730,109,0
5598.91265426,5599.03876225,0.00000000,1373.47044634,0.15728715,338.38839784,109,0
5601.75135244,5601.75231341,1484.33297093,1484.29519878,0.04832432,340.97042978,109,0
5602.61669487,5602.61564640,1518.33383105,1518.37520005,0.06891011,341.71766059,109,0
5602.82829311,5602.82740129,1526.69273296,1526.72795368,0.02976472,341.89744295,109,0
5603.75301959,5603.75417509,1563.37733608,1563.33149023,0.06368806,342.66969271,109,0
5604.44785349,5604.44838643,1590.96537218,1590.94416045,0.06419673,343.23544958,109,0
5607.98505210,5607.98224607,1732.84194677,1732.95557442,0.14570441,345.91673044,109,0
5608.24401107,5608.24293201,1743.39502409,1743.43877880,0.05449391,346.09949958,109,0
5609.72222061,5609.72041633,1803.52338917,1803.59709696,0.04416841,347.10801296,109,0
5611.80174649,5611.80172463,1888.99340608,1888.99430871,0.04021208,348.42170190,109,0
5615.77441279,5615.77331310,2054.67547785,2054.72182993,0.09277013,350.57617368,109,0
5620.91302204,5620.91359405,2274.51977496,2274.49495631,0.02568583,352.62916055,109,0
5621.37645613,5621.37666401,2294.64019269,2294.63114790,0.07981668,352.77141813,109,0
5624.53338085,5624.53372090,2433.26267626,2433.24760429,0.04801105,353.54195581,109,0
5625.77078363,5625.76742242,0.00000000,2488.30661308,0.13995384,353.74688475,109,0
5626.16816661,5626.16904796,2506.11676151,2506.07730230,0.03916027,353.80075663,109,0
5626.98439725,5626.98488065,2542.73016565,2542.70841878,0.05751905,353.89291415,109,0
5628.99100274,5628.99056305,2633.53277060,2633.55280265,0.06707991,354.01172270,109,0
5629.70735863,5629.70740383,2666.26995492,2666.26788574,0.04261791,354.01621546,109,0
5630.30597933,5630.30547459,2693.70245756,2693.72565428,0.05569138,354.00434004,109,0
5631.00229016,5631.00210085,2725.79182017,2725.80056100,0.04509634,353.97238915,109,0
5632.37603701,5632.37564240,2789.49149080,2789.50987431,0.02751232,353.85116986,109,0
5633.09567767,5633.09471260,2823.07381540,2823.11899832,0.07087012,353.75627644,109,0
5633.25284992,5633.25339704,2830.50713017,2830.48148749,0.03513744,353.73263575,109,0
5634.32154058,5634.32153303,2880.75434098,2880.75469747,0.02667846,353.54381223,109,0
5634.59993214,5634.59880655,2893.85539605,2893.90862402,0.10143408,353.48651955,109,0
5641.38031163,5641.38048704,3222.48679179,3222.47807489,0.05129893,350.99545936,109,0
5643.22720940,5643.22695688,3314.88019172,3314.89291825,0.04182165,349.92818085,109,0
5643.49539609,5643.49619873,3328.46392744,3328.42339054,0.06085675,349.75843796,109,0
5645.50151650,5645.49781159,0.00000000,3430.56874554,0.16656988,348.36598597,109,0
5646.91693906,5646.91535233,3503.56923079,3503.65163955,0.03954126,347.24951522,109,0
5649.94417378,5649.94450593,3662.93445004,3662.91673635,0.06577238,344.46978397,109,0
5650.95270097,5650.95199413,3716.90153197,3716.93955832,0.19911700,343.41913853,109,0
5652.19428616,5652.19558695,3784.17990987,3784.10915003,0.18188588,342.03681895,109,0
5653.57306455,5653.57167373,3859.50764360,3859.58426930,0.05423499,340.38320434,109,0
5654.89582985,5654.89783583,3933.05088658,3932.93893101,0.06054106,338.67442173,109,0
5624.53540860,5624.53360174,418.14674925,418.20934412,0.05838826,346.63326274,108,0
5626.16934318,5626.16807006,474.93870482,474.98306974,0.06571816,349.01335657,108,0
5628.99009845,5628.99045555,573.78422333,573.77165168,0.04876991,353.01151893,108,0
5629.70757429,5629.70713937,599.04462603,599.05997349,0.02552105,354.00569316,108,0
5631.00124503,5631.00190744,644.85057739,644.82708565,0.02998990,355.77456940,108,0
5632.37539672,5632.37585595,693.69294913,693.67657655,0.02765005,357.61935035,108,0
5633.25345469,5633.25318762,725.02565299,725.03520495,0.07124826,358.78005426,108,0
5639.74094145,5639.73997817,959.99355241,960.02889402,0.08212947,366.89119002,108,0
5645.49580986,5645.49755202,1173.73532019,1173.66986752,0.21175580,373.36435284,108,0
5646.91745380,5646.91548501,1227.17091059,1227.24534139,0.03048075,374.85276006,108,0
5648.31457016,5648.31500390,1280.23871257,1280.22221201,0.05767351,376.27127957,108,0
5649.94457781,5649.94414391,1342.42824358,1342.44486269,0.03077612,377.86969334,108,0
5651.08093194,5651.07919691,1386.01789238,1386.08470602,0.25460966,378.94709993,108,0
5653.57257228,5653.57282211,1482.56445581,1482.55472580,0.04950232,381.20104037,108,0
5654.89809621,5654.89854843,1534.34890033,1534.33118444,0.06068631,382.33815181,108,0
5655.13111377,5655.13244786,1543.51711065,1543.46478773,0.03074658,382.53347884,108,0
5655.62731382,5655.62699315,1562.93791738,1562.95052590,0.12963197,382.94491336,108,0
5662.16125881,5662.15933455,1823.84082338,1823.91891767,0.09051522,387.76189963,108,0
5665.23177921,5665.23071973,1949.46432163,1949.50799676,0.05800116,389.61978334,108,0
5672.48497372,5672.48109975,0.00000000,2254.43233893,0.09216954,392.88478701,108,0
5672.82476814,5672.82505745,2269.02849810,2269.01606758,0.07634018,392.99670433,108,0
5676.24001595,5676.23830097,2417.14057739,2417.21574375,0.10728502,393.90492808,108,0
5677.70560187,5677.70540129,2481.73070867,2481.73957929,0.03872772,394.17002286,108,0
5679.98985002,5679.98849637,2583.38606881,2583.44676292,0.12707921,394.42736800,108,0
5680.26058892,5680.26035342,2595.58597617,2595.59655390,0.02830485,394.44497813,108,0
5680.57049624,5680.56918342,2609.47039158,2609.52947038,0.16345750,394.46172334,108,0
5680.87636612,5680.87638282,2623.30759364,2623.30684070,0.04790272,394.47465800,108,0
5683.25553642,5683.25557080,2731.41108053,2731.40950581,0.02848814,394.45111258,108,0
5683.63048282,5683.63136561,2748.64052160,2748.60000009,0.05071902,394.42693204,108,0
5685.03569867,5685.03127596,0.00000000,2813.39664088,0.19548989,394.28539528,108,0
5688.66991580,5688.66936775,2983.82032752,2983.84635382,0.04004546,393.53289904,108,0
5689.92370642,5689.92257980,3043.60388593,3043.65787969,0.04504435,393.13834556,108,0
5692.16442334,5692.16323424,3151.85688588,3151.91481270,0.09323884,392.25195608,108,0
5694.23501455,5694.23542904,3253.57283315,3253.55233324,0.02368057,391.21794449,108,0
5695.62423023,5695.62427944,3322.64991512,3322.64745449,0.11513137,390.40349901,108,0
5697.66579113,5697.66413783,3425.48892411,3425.57295607,0.06649841,389.02309173,108,0
5699.10441049,5699.10408783,3499.11956211,3499.13615843,0.07649878,387.91399768,108,0
5699.73971808,5699.74343129,0.00000000,3531.88363129,0.17706103,387.38745570,108,0
5700.83534068,5700.83459329,3588.75260632,3588.79161364,0.04555208,386.42438051,108,0
5702.46137196,5702.45889509,3674.11600452,3674.24709227,0.09432926,384.86368012,108,0
5702.95320766,5702.95089100,3700.21116241,3700.33430567,0.07956340,384.35987519,108,0
5683.62989208,5683.63117014,644.84728249,644.80236543,0.07167480,396.62279165,107,0
5697.66437097,5697.66358911,1151.60054993,1151.62959068,0.03696784,413.62462379,107,0
5698.16336067,5698.16249622,1170.15031374,1170.18248618,0.09505603,414.15475709,107,0
5699.10516703,5699.10480323,1205.28795299,1205.30154686,0.03302258,415.14044629,107,0
5700.24339314,5700.24191921,1247.88405366,1247.93939656,0.04822223,416.30584990,107,0
5702.46050755,5702.46014657,1331.58853130,1331.60221561,0.05264702,418.49280021,107,0
5709.08814468,5709.09229635,0.00000000,1586.65399024,0.13900136,424.34477068,107,0
5709.80380250,5709.80539211,1614.71193074,1614.64961739,0.07290312,424.91239114,107,0
5718.46222347,5715.63683795,0.00000000,1961.33624375,0.04043060,430.71767552,107,0
5719.18715557,5719.18712434,1991.05034311,1991.05162572,0.07416163,431.10990827,107,0
5722.04614939,5722.04545074,2109.31796668,2109.34710202,0.11001452,432.50647981,107,0
5722.30720809,5722.30712462,2120.23785418,2120.24134010,0.02631623,432.62184086,107,0
5725.97648551,5725.97480281,2274.95354553,2275.02524933,0.07132937,434.01936617,107,0
5728.90439416,5728.90462487,2400.84336216,2400.83336293,0.04196665,434.82277902,107,0
5731.20868672,5731.20609092,2501.27054744,2501.38459025,0.07657677,435.25046247,107,0
5731.81475065,5731.81292871,2527.97987921,2528.06021838,0.07426645,435.33194128,107,0
5733.69756053,5733.69733523,2611.54581364,2611.55586323,0.07482247,435.50026272,107,0
5736.23095349,5736.23185318,2725.51657752,2725.47578667,0.05428401,435.51785732,107,0
5737.02102248,5737.01965789,2761.32385261,2761.38602750,0.10803851,435.47265080,107,0
5739.61906751,5739.61864063,2880.77387591,2880.79366551,0.03333754,435.14730121,107,0
5740.19224987,5740.19363690,2907.47638298,2907.41185590,0.05575604,435.03807771,107,0
5742.54755195,5742.54809702,3017.92173015,3017.89594868,0.11279425,434.44163071,107,0
5755.60500667,5755.60576760,3666.99129460,3666.95141848,0.04162948,426.27016906,107,0
5740.19517480,5740.19541422,747.85533410,747.84690677,0.07947505,441.94197568,106,0
5748.26815843,5748.27027676,1036.63412188,1036.55715817,0.03289898,451.68615396,106,0
5755.60521907,5755.60609989,1307.22903998,1307.19603712,0.03779471,459.40003077,106,0
5762.86628145,5762.86610856,1583.60996715,1583.61665806,0.04231380,465.85855140,106,0
5767.95909371,5767.95944622,1783.10256591,1783.08858980,0.09833795,469.62689270,106,0
5768.41381821,5768.41650925,1801.25645515,1801.14952051,0.05322264,469.93113958,106,0
5769.29693369,5769.29717833,1836.31856544,1836.30880245,0.05946509,470.50581294,106,0
5769.89800757,5769.89852984,1860.35329627,1860.33239041,0.02384960,470.88509666,106,0
5771.31736771,5771.31677073,1917.33507678,1917.35914872,0.03800659,471.74193550,106,0
5775.71903610,5775.71945561,2096.85461494,2096.83730724,0.05564131,474.03901785,106,0
5778.89129204,5778.89170343,2228.84949835,2228.83223079,0.05203639,475.34112974,106,0
5780.05314609,5780.05341461,2277.75666552,2277.74532372,0.03267421,475.74026004,106,0
5780.47239964,5780.47084600,2295.41009716,2295.47588116,0.05364629,475.87380231,106,0
5785.65262459,5781.44208794,0.00000000,2518.09266603,0.33179309,477.04590055,106,0
5784.60925140,5784.61024508,2472.75015372,2472.70705858,0.04874341,476.88282231,106,0
5785.24237864,5785.24326993,2500.25518596,2500.21638837,0.03924913,476.98630858,106,0
5787.33649315,5787.33598324,2591.90849414,2591.93096903,0.03870177,477.22812977,106,0
5788.62105249,5788.61922486,2648.70445673,2648.78565983,0.09796017,477.29829663,106,0
5790.61414227,5790.61442615,2737.90567852,2737.89290339,0.07589646,477.28543924,106,0
5790.91737270,5790.91948257,2751.65035986,2751.55524218,0.05117174,477.27020469,106,0
5791.25228044,5791.25358021,2766.72505275,2766.66633178,0.03419809,477.24924669,106,0
5795.57187529,5795.57177353,2964.62238873,2964.62711992,0.08019787,476.57602247,106,0
5816.53155629,5816.53228531,4022.04807425,4022.00787913,0.11126879,460.40616901,106,0
5784.61039857,5784.60982351,396.63379239,396.65313245,0.16257036,470.14225533,105,0
5791.25522741,5791.25579951,622.75685965,622.73716498,0.06215210,479.41858277,105,0
5808.65097738,5808.65221108,1241.85519623,1241.80974874,0.26252805,499.90253262,105,0
5813.70701421,5813.70879840,1430.17039587,1430.10323991,0.06894679,504.70390932,105,0
5816.53159651,5816.53198503,1537.13381931,1537.11900728,0.08651600,507.13571749,105,0
5817.27878676,5817.27879999,1565.65834661,1565.65784019,0.03042841,507.74787135,105,0
5820.06704019,5820.06604166,1672.98913813,1673.02783735,0.06093200,509.91380910,105,0
5829.61653100,5829.61780757,2051.91726543,2051.86541101,0.06212958,515.82541261,105,0
5833.43047469,5833.42981139,2208.39044901,2208.41796244,0.02084943,517.48116667,105,0
5834.93591272,5834.93497865,2271.06515999,2271.10421150,0.04243661,518.01514213,105,0
5835.24045573,5835.10166177,0.00000000,2283.85159935,0.06902140,518.11470209,105,0
5835.60129998,5835.60055851,2298.94627640,2298.97739559,0.06130955,518.22888124,105,0
5838.34062283,5838.34032619,2414.80859998,2414.82124356,0.12669030,518.96097560,105,0
5838.80436507,5838.79948463,0.00000000,2434.62071937,0.23607577,519.06090410,105,0
5850.78332260,5850.78350838,2965.78088524,2965.77232664,0.03792867,518.99810936,105,0
5858.37535785,5858.37666545,3325.17041028,3325.10678877,0.06401821,515.95941591,105,0
5860.67790241,5860.67866142,3438.19229755,3438.15469614,0.06814452,514.50417622,105,0
5865.34168111,5865.34196163,3673.60528850,3673.59084264,0.06002091,510.70739849,105,0
5869.66792943,5869.66808404,3900.54824545,3900.53997391,0.05640211,506.06881495,105,0
5871.36416536,5871.36466543,3992.03448115,3992.00730146,0.03028981,503.92802741,105,0
5872.55567917,5872.55710824,4057.20993706,4057.13135618,0.05361429,502.30889200,105,0
5845.50930442,5845.50627586,573.85282915,573.95559467,0.05121698,520.39538613,104,0
5850.78306828,5850.78330074,754.60839882,754.60036039,0.02732402,527.29709089,104,0
5858.90959050,5858.90878354,1040.00849573,1040.03728612,0.07895424,536.94901200,104,0
5860.67943203,5860.68075871,1103.44079482,1103.39313994,0.03169693,538.88351454,104,0
5861.72349215,5861.72258917,1140.94771373,1140.98029551,0.05039930,539.99555299,104,0
5862.07149029,5862.07181020,1153.55763653,1153.54607658,0.05375222,540.36140047,104,0
5871.36430946,5871.36426646,1495.94998902,1495.95160543,0.03977579,549.19011243,104,0
5872.35451363,5872.35515946,1533.28008602,1533.25570468,0.05060265,550.01921839,104,0
5872.55668473,5872.55678308,1540.89530732,1540.89159089,0.04041632,550.18571729,104,0
5876.73380978,5876.73328834,1700.24662683,1700.26671240,0.02323302,553.41172743,104,0
5887.99425374,5887.99451339,2146.21403295,2146.20345394,0.04378186,559.91463270,104,0
5894.92018703,5894.91974990,2433.78383227,2433.80233637,0.10325481,562.13891518,104,0
5898.84891902,5898.84887259,2602.03870332,2602.04071500,0.04328734,562.72475275,104,0
5901.85888737,5901.85890807,2733.65372187,2733.65280842,0.03899281,562.81509312,104,0
5902.12213346,5902.12182505,2745.26860645,2745.28224195,0.04870550,562.80754575,104,0
5903.09139210,5903.09180551,2788.28016368,2788.26177548,0.05239345,562.75777243,104,0
5903.53730117,5903.53799929,2808.15594500,2808.12480147,0.10105328,562.72313330,104,0
5920.89189305,5920.89241333,3631.14901706,3631.12268589,0.08124890,554.82020394,104,0
5922.12581493,5922.12476781,3693.87965223,3693.93323683,0.07694943,553.69801830,104,0
5901.85958269,5901.85926933,560.33422543,560.34474537,0.02858807,563.45041422,103,0
5903.09207165,5903.09194985,601.80066792,601.80477318,0.05211463,565.10056303,103,0
5922.62808621,5922.62609890,1284.89357889,1284.96578312,0.10770841,587.67517993,103,0
5936.48749646,5936.48690571,1804.01108197,1804.03391660,0.04829684,599.00338004,103,0
5937.95066986,5937.95414605,1860.93050712,1860.79520220,0.13061238,599.93698376,103,0
5938.37874288,5938.38050169,1877.53180786,1877.46320341,0.06646177,600.19971100,103,0
5942.30941143,5942.30932161,2032.27217732,2032.27574828,0.04313537,602.39210296,103,0
5945.05950132,5945.05838814,2142.38444958,2142.42935600,0.02962186,603.67962750,103,0
5949.82610231,5949.82623009,2337.20966423,2337.20437646,0.03185979,605.40204753,103,0
5953.29042646,5953.28987562,2481.97689425,2482.00014939,0.02467631,606.22387087,103,0
5953.67345888,5953.67521459,2498.26272981,2498.18844696,0.05124794,606.29145169,103,0
5956.82016264,5956.82045023,2632.54278481,2632.53039226,0.04768809,606.66378743,103,0
5960.62913413,5960.62685764,2798.53071028,2798.63115810,0.23820658,606.65917440,103,0
5964.59669965,5964.59151206,0.00000000,2975.95517913,0.06904424,606.08724515,103,0
5983.77409669,5983.77289023,3908.68772081,3908.75113949,0.09396169,593.46098695,103,0
5949.82857948,5949.82788530,236.72547605,236.74780733,0.03044059,593.75557674,102,0
5981.07701635,5981.07459919,1298.77102551,1298.85815182,0.05233269,632.47692841,102,0
5983.77430936,5983.77337035,1396.59336498,1396.62760237,0.10011995,634.98639517,102,0
5990.25517723,5990.25409987,1636.19798523,1636.23839618,0.06638673,640.38417033,102,0
5995.96221833,5995.96169047,1853.10718080,1853.12751063,0.08712096,644.34835647,102,0
6010.07410300,6010.07214198,2416.40565680,2416.48691372,0.03688498,650.55029488,102,0
6011.80958958,6011.80876909,2488.71700560,2488.75134553,0.03216921,650.91765048,102,0
6012.13662955,6012.13632437,2502.43861500,2502.45141061,0.03143560,650.97630938,102,0
6020.34917336,6020.34884218,2855.29517962,2855.30977498,0.04803895,651.28012495,102,0
6022.69158246,6022.69111531,2959.27500508,2959.29590177,0.20807680,650.92612066,102,0
6023.85888728,6023.85992489,3011.76072884,3011.71395110,0.06767895,650.67108188,102,0
6033.61236844,6033.61203951,3466.84527443,3466.86118237,0.04129396,646.29672553,102,0
6042.24838219,6042.24828299,3899.48980528,3899.49496116,0.05542450,638.54310246,102,0
6042.39404634,6042.39699050,0.00000000,3907.07670914,0.06896723,638.37593547,102,0
6043.42213774,6043.42099024,3960.75800046,3960.81829524,0.06084942,637.16008948,102,0
6044.33619165,6044.33671867,4009.06955651,4009.04165166,0.04839153,636.02294782,102,0
6001.83966046,6001.84065363,19.16517147,19.13419331,0.04006486,628.29531420,101,0
6020.34851142,6020.34846629,613.65810264,613.65959684,0.02138239,655.03997050,101,0
6021.97557483,6021.97415541,667.63943132,667.68668472,0.10394451,657.14316921,101,0
6024.98943259,6024.99048545,768.62104024,768.58559840,0.10000132,660.92524045,101,0
6027.24056662,6027.24347758,844.78194136,844.68314918,0.04512107,663.65209881,101,0
6040.06464745,6040.06404422,1290.65852659,1290.68004809,0.06860950,677.46508671,101,0
6042.39884526,6042.39885366,1374.33384510,1374.33354267,0.20666874,679.64359932,101,0
6044.33795275,6044.33842598,1444.46388472,1444.44670672,0.01909246,681.36924043,101,0
6047.17123775,6047.17156574,1547.95820649,1547.94615181,0.39994995,683.74954997,101,0
6047.52064474,6047.51799283,1560.71363221,1560.81125182,0.03446213,684.03151118,101,0
6049.67075823,6049.66919106,1640.26898174,1640.32722972,0.04114705,685.70598329,101,0
6055.04779423,6055.04453417,1842.51775161,1842.64194537,0.25138075,689.43670425,101,0
6056.10081646,6056.10155886,1882.87610249,1882.84767544,0.14534543,690.08755131,101,0
6071.86785801,6071.86792899,2511.31013020,2511.30717939,0.04388515,696.36098621,101,0
6074.38658701,6074.38719349,2616.79131648,2616.76573705,0.05824280,696.69572888,101,0
6079.79871239,6079.79901455,2848.84428788,2848.83111217,0.03599530,696.70605271,101,0
6089.39604496,6089.39480086,3280.68382991,3280.74169379,0.10926449,694.06653016,101,0
6093.27775103,6093.27799871,3463.90106717,3463.88921022,0.06439901,691.90294619,101,0
6071.86779822,6071.86742364,332.88029096,332.89222642,0.05088354,689.14477117,100,0
6079.79845782,6079.80056164,588.97786064,588.90905196,0.03429469,699.98489306,100,0
6082.06547084,6082.06601728,663.36159984,663.34359210,0.01740983,702.90835544,100,0
6095.57452171,6095.57389765,1119.66651397,1119.68812894,0.07484438,718.58572418,100,0
6107.62617514,6107.62620079,1547.46675505,1547.46582151,0.08354592,729.77711731,100,0
6115.58258190,6115.58272064,1842.23922148,1842.23398801,0.05563069,735.51633980,100,0
6116.40246772,6116.40145880,1873.18348430,1873.22169253,0.03178561,736.02622118,100,0
6118.35686366,6118.35778787,1947.62050114,1947.58517754,0.03733405,737.17729575,100,0
6118.91457567,6118.91480108,1968.94102569,1968.93238487,0.09646411,737.48881589,100,0
6125.28621499,6125.28600750,2217.03461940,2217.04283304,0.09382661,740.49063795,100,0
6126.39541139,6126.39673161,2261.11817060,2261.06562968,0.09627133,740.90421677,100,0
6134.75863180,6134.76173970,2601.74880683,2601.61925895,0.05869718,742.89134148,100,0
6140.48436337,6140.48476219,2844.40825293,2844.39104372,0.05557736,742.99706423,100,0
6149.37682043,6149.37639000,3239.30705455,3239.32674877,0.06721069,740.83738673,100,0
6149.63193500,6149.63193447,3251.00888919,3251.00891338,0.05931304,740.72951804,100,0
6160.58657620,6160.58370674,0.00000000,3774.38144768,0.18505125,733.30281286,100,0
6163.67534266,6163.67562990,3930.51967896,3930.50496575,0.06734475,730.10430792,100,0
6140.48272613,6140.48437304,565.34152373,565.28830432,0.07264275,745.78534073,99,0
6149.63215694,6149.63233129,865.59497091,865.58915527,0.02033981,757.11337445,99,0
6168.50428307,6168.50357717,1518.25353690,1518.27888734,0.03075386,775.98041588,99,0
6170.18995049,6170.18917231,1579.00920092,1579.03735425,0.16793197,777.33614308,99,0
6170.50144058,6170.50990388,0.00000000,1590.32593975,2.46038408,777.58051836,99,0
6174.32135948,6174.31945195,1729.78153952,1729.85181760,0.05242562,780.40666921,99,0
6175.61533254,6175.61470426,1777.63926277,1777.66254350,0.04918104,781.29240094,99,0
6181.11500188,6181.11528561,1984.10779103,1984.09700019,0.06660393,784.63233064,99,0
6182.52180714,6182.52093925,2037.73040443,2037.76361826,0.05139015,785.37179803,99,0
6188.62495525,6188.62313980,2274.95821166,2275.02989237,0.07282010,788.00426462,99,0
6189.80802678,6189.80698977,2321.84950843,2321.89070833,0.07534013,788.40137941,99,0
6192.54526371,6192.54350045,2431.37199809,2431.44309233,0.22633943,789.17174746,99,0
6193.41940135,6193.41892971,2466.74848945,2466.76760044,0.03784509,789.37295860,99,0
6196.95095255,6196.95215893,2611.31404022,2611.26418718,0.05793304,789.95646274,99,0
6212.22535775,6212.22467810,3273.10957575,3273.14052953,0.08193840,787.70989201,99,0
6213.48196226,6213.48120153,3330.59589200,3330.63084873,0.04984338,787.13364448,99,0
6216.06340910,6216.06419175,3450.43088035,3450.39422513,0.06910515,785.73760609,99,0
6216.34904737,6216.34928870,3463.79761119,3463.78628430,0.05856437,785.56506880,99,0
6222.86660453,6222.86829273,3777.63272366,3777.54930157,0.08802438,780.57685756,99,0
6224.17726699,6224.17716260,3842.66588455,3842.67109925,0.06932318,779.31419627,99,0
6225.98469117,6225.98266941,3933.58241789,3933.68502481,0.10461557,777.41855779,99,0
6189.80608155,6189.80472653,147.60027304,147.64182694,0.06417356,774.80696014,98,0
6196.95091867,6196.95122919,369.18685461,369.17711720,0.03568272,785.05802168,98,0
6212.22668556,6212.22529625,860.35797759,860.40383405,0.04951197,804.56209784,98,0
6212.47166708,6212.47354519,868.55555176,868.49350523,0.07295845,804.84605272,98,0
6213.48158195,6213.48120800,901.91157391,901.92397784,0.03031806,806.00669024,98,0
6214.69646064,6214.69521717,942.26443330,942.30584457,0.04995557,807.38117226,98,0
6226.46792297,6226.46678678,1343.09587877,1343.13545494,0.06500183,819.39271488,98,0
6231.36393076,6231.36389522,1515.41386420,1515.41512763,0.02189633,823.64438577,98,0
6231.79819600,6231.79770052,1530.84673923,1530.86438177,0.04114475,823.99889655,98,0
6234.02203064,6234.02138304,1610.41231488,1610.43559606,0.03017122,825.75504229,98,0
6241.17352377,6241.17127764,1871.57448845,1871.65786179,0.03636374,830.69899812,98,0
6244.07977058,6244.07809055,1980.20513843,1980.26836944,0.08193002,832.38410653,98,0
6250.19531402,6250.19555057,2213.85543736,2213.84626136,0.06746826,835.27118055,98,0
6250.39496741,6250.39356281,2221.54021428,2221.59475274,0.27708031,835.34971800,98,0
6250.63511253,6250.63443344,2230.89806897,2230.92446632,0.13044490,835.44281414,98,0
6252.93385843,6252.93233956,2320.73759812,2320.79733417,0.07458134,836.25745532,98,0
6255.37851196,6255.37832713,2417.55600390,2417.56336797,0.02616097,836.96819916,98,0
6255.60306248,6255.60379677,2426.54473206,2426.51544107,0.03479033,837.02523512,98,0
6256.84239502,6256.84185187,2476.10436289,2476.12618155,0.06860713,837.31456311,98,0
6258.17517946,6258.17480410,2529.84030616,2529.85549162,0.11347593,837.57678640,98,0
6258.44463403,6258.44456465,2540.76151043,2540.76432163,0.03875907,837.62353484,98,0
6258.69555315,6258.69482829,2550.90768067,2550.93708822,0.04947098,837.66515479,98,0
6259.21219298,6259.20914184,2571.80846560,2571.93262923,0.15003397,837.74503047,98,0
6259.61023947,6259.60801745,2588.05854957,2588.14917652,0.04453437,837.80117053,98,0
6270.40604273,6270.40535904,3042.80705132,3042.83682487,0.04429083,837.40589486,98,0
6272.29778385,6272.29715360,3125.69970669,3125.72748783,0.04379499,836.92435021,98,0
6276.23036889,6276.23045522,3301.43952791,3301.43561779,0.04886103,835.48658212,98,0
6279.92332795,6279.92319061,3470.93080097,3470.93719005,0.04813778,833.56306009,98,0
6281.34204965,6281.34333591,3537.34715678,3537.28669555,0.02263437,832.66675840,98,0
6284.15786254,6284.16171396,0.00000000,3671.12788047,0.23752775,830.61347457,98,0
6284.31185896,6284.31147994,3678.50577010,3678.52401603,0.07572734,830.49045224,98,0
6285.62012386,6285.61997773,3741.81284405,3741.81995117,0.05152928,829.39671572,98,0
6286.31565283,6286.31577516,3775.74819827,3775.74221561,0.04146119,828.78040102,98,0
6290.15595710,6290.15585544,3966.61082637,3966.61596657,0.04724955,824.92058624,98,0
6255.37790760,6255.37989114,201.10061235,201.04007119,0.05538999,825.78785458,97,0
6255.60526978,6255.60396323,207.94190922,207.98181324,0.06793448,826.11681348,97,0
6256.84122319,6256.84302917,245.85610121,245.80072969,0.05159479,827.89335279,97,0
6258.44412016,6258.44511643,295.09511379,295.06442273,0.05915104,830.16787294,97,0
6258.69642124,6258.69590745,302.82399111,302.83983143,0.05395459,830.52276921,97,0
6259.60824065,6259.60728001,330.96380094,330.99350670,0.06038208,831.79845711,97,0
6262.96507045,6262.96444059,435.33159495,435.35128154,0.08905780,836.39939404,97,0
6265.66610247,6265.66639553,520.14420407,520.13496605,0.05308688,839.98934807,97,0
6275.84755741,6275.84775555,846.60473782,846.59827310,0.03936683,852.57474119,97,0
6276.23128441,6276.23185175,859.14551980,859.12698344,0.04263639,853.01860092,97,0
6281.34307976,6281.34378256,1027.72883163,1027.70544315,0.00963057,858.70982877,97,0
6284.31154524,6284.31072609,1127.00284772,1127.03041033,0.06056041,861.81817884,97,0
6285.61905582,6285.61817379,1171.10869594,1171.13852247,0.03136767,863.14033599,97,0
6287.73334096,6287.73466477,1242.97312780,1242.92799434,0.04485898,865.21573886,97,0
6295.72031390,6295.72116345,1519.64702762,1519.61711868,0.06933550,872.32841045,97,0
6296.45126436,6296.44911781,1545.31323159,1545.38903491,0.06313993,872.91928891,97,0
6297.61639221,6297.61705133,1586.66463737,1586.64124496,0.02634296,873.83969057,97,0
6298.85163898,6298.85431757,1630.70070408,1630.60513628,0.18585789,874.78618443,97,0
6299.01405007,6299.01410345,1636.39441666,1636.39251067,0.24971528,874.90813585,97,0
6308.70930473,6308.70740341,1990.03396685,1990.10488191,0.02099975,881.19405016,97,0
6310.46986114,6310.46878719,2055.98935123,2056.02973453,0.05574867,882.11168048,97,0
6310.75100128,6310.75270727,2066.67364956,2066.60940089,0.08108620,882.25151437,97,0
6311.66248316,6311.66202206,2101.00106955,2101.01851592,0.11395633,882.69210144,97,0
6312.18326396,6312.17978020,2120.62747956,2120.75960716,0.14288700,882.93506387,97,0
6314.43603945,6314.43594261,2206.66787576,2206.67159092,0.05059723,883.90912796,97,0
6316.52246177,6316.52175193,2287.09347751,2287.12099447,0.05702528,884.69844876,97,0
6323.00727292,6323.00752569,2542.83352654,2542.82338606,0.05392764,886.41856126,97,0
6324.11780743,6324.11759671,2587.50512846,2587.51363503,0.02777051,886.59601451,97,0
6325.85265340,6325.85227451,2657.87570614,2657.89115393,0.05810271,886.80115670,97,0
6326.20367970,6326.20322660,2672.19931026,2672.21782224,0.05787794,886.83178169,97,0
6327.48893594,6327.48760096,2724.86990770,2724.92486177,0.07151097,886.91202741,97,0
6329.13850409,6329.13777860,2793.12115886,2793.15131106,0.06247143,886.94018402,97,0
6340.48672856,6340.48681286,3281.93332965,3281.92956131,0.05049464,884.64277949,97,0
6344.26496263,6344.26335685,3453.01809543,3453.09182941,0.07097041,882.80089134,97,0
6345.46521991,6345.46472736,3508.43354238,3508.45636180,0.05818800,882.08986118,97,0
6349.80478833,6349.80527425,3712.88034805,3712.85706701,0.04608520,878.97665779,97,0
6351.40941174,6351.41012023,3790.26523256,3790.23085514,0.11182769,877.59766662,97,0
6351.57751571,6351.57718665,3798.37685103,3798.39283861,0.06612040,877.44577657,97,0
6351.78629625,6351.78619703,3808.54010041,3808.54492930,0.06316965,877.25514083,97,0
6354.56087528,6354.56038072,3945.16097721,3945.18562186,0.13245329,874.50469255,97,0
6355.17663688,6355.17636479,3975.95270891,3975.96635004,0.05802440,873.83766184,97,0
6355.72995673,6355.72827554,4003.66689279,4003.75153584,0.06576761,873.22056010,97,0
6356.65063815,6356.65067048,4050.30739319,4050.30575133,0.06092986,872.15472691,97,0
6357.28289849,6357.28449131,4082.56328723,4082.48196897,0.06767318,871.39473333,97,0
6323.00713823,6323.00795977,275.80227277,275.77726500,0.04391173,878.63388958,96,0
6325.85379254,6325.85272221,362.77724681,362.81012017,0.04463551,882.58202731,96,0
6327.48830090,6327.48833539,413.13616840,413.13510390,0.10267390,884.80132500,96,0
6329.13782444,6329.13821885,464.20125126,464.18901181,0.02577014,887.00513530,96,0
6342.07771679,6342.07910964,874.35616759,874.31104200,0.02850707,902.96920345,96,0
6344.26213733,6344.26196718,945.36441003,945.36996494,0.06190124,905.42095846,96,0
6344.47881471,6344.48002085,952.48595345,952.44654629,0.06769315,905.66004435,96,0
6345.11127914,6345.11094122,973.12469293,973.13576074,0.05801076,906.35376461,96,0
6345.46538967,6345.46565876,984.75031801,984.74149315,0.02937956,906.73946917,96,0
6349.61673139,6349.61866315,1121.94598357,1121.88168056,0.06639797,911.10989953,96,0
6349.80587040,6349.80685471,1128.21273445,1128.17994471,0.06210689,911.30232206,96,0
6351.57845580,6351.57974305,1187.47189889,1187.42873399,0.06853775,913.07683165,96,0
6352.79560592,6352.79604431,1228.35794247,1228.34317050,0.04220249,914.26462003,96,0
6354.56124702,6354.56054398,1288.01741026,1288.04126796,0.09559256,915.94261204,96,0
6355.17595491,6355.17585092,1308.92199002,1308.92552677,0.05417606,916.51418828,96,0
6356.13217692,6356.13158275,1341.48180863,1341.50208693,0.03472434,917.38979428,96,0
6356.65155258,6356.65085703,1359.22246313,1359.24625166,0.03667656,917.85853989,96,0
6357.28457483,6357.28545710,1380.95593948,1380.92568200,0.05972313,918.42340483,96,0
6359.02970373,6359.03332525,1441.10706326,1440.98200748,0.16138266,919.94318008,96,0
6359.37698213,6359.37644946,1452.95155652,1452.96997410,0.06762757,920.23862657,96,0
6360.34195105,6360.34177105,1486.39894237,1486.40519231,0.02761747,921.04872215,96,0
6361.94488939,6361.94266022,1542.15823093,1542.23612321,0.08004766,922.35575174,96,0
6362.48816880,6362.48780305,1561.23047735,1561.24328924,0.03901146,922.78768028,96,0
6362.88423191,6362.88221896,1575.05792736,1575.12855504,0.07835089,923.09903009,96,0
6363.20330015,6363.20385330,1586.35005642,1586.33062400,0.11826166,923.34763883,96,0
6366.23242252,6366.23281999,1693.44386618,1693.42972305,0.02817263,925.60839406,96,0
6369.41808134,6369.41789317,1807.57975341,1807.58654450,0.02380086,927.78671715,96,0
6370.88121237,6370.88085477,1860.54589716,1860.55888635,0.08329712,928.71643299,96,0
6373.46251353,6373.46244349,1954.87950844,1954.88208282,0.06286735,930.24466230,96,0
6374.75440466,6374.75420682,2002.50793288,2002.51524781,0.01603418,930.95450280,96,0
6375.91251496,6375.91222496,2045.43315912,2045.44393753,0.01793066,931.55864354,96,0
6376.23592148,6376.23639595,2057.49159376,2057.47392988,0.02572575,931.72189061,96,0
6376.49262971,6376.49308005,2067.05436495,2067.03757575,0.12866394,931.84977890,96,0
6376.75846109,6376.75835796,2076.95130913,2076.95515947,0.09633778,931.98063159,96,0
6378.26631276,6378.26424576,2133.37844110,2133.45616759,0.04015257,932.69175655,96,0
6378.48757093,6378.48682341,2141.75248146,2141.78062014,0.05192426,932.79158938,96,0
6380.80341838,6380.80018651,2229.34797965,2229.47104194,0.03570645,933.76618107,96,0
6382.20974694,6382.20915322,2283.18613592,2283.20890586,0.01635479,934.29387608,96,0
6390.38728978,6390.38723048,2603.60690295,2603.60927772,0.04925974,936.34349285,96,0
6395.37110633,6395.37143786,2806.09248446,2806.07881928,0.06303338,936.67051214,96,0
6406.22967114,6406.22676768,3268.88699092,3269.01519412,0.06182617,934.60224980,96,0
6418.65022184,6418.64970297,3842.93241901,3842.95756252,0.05543025,926.59960202,96,0
6419.43885547,6419.43968977,3881.33863338,3881.29793414,0.04991595,925.85051075,96,0
6422.27997166,6422.27923347,4021.57176606,4021.60865993,0.05983825,922.88008721,96,0
6390.38812022,6390.38708883,300.45397917,300.48512839,0.02913918,930.05740208,95,0
6409.66051194,6409.65887304,900.73701121,900.78973586,0.02896670,954.23997828,95,0
6424.27928379,6424.28023896,1383.65265738,1383.62022394,0.04264173,968.91575260,95,0
6425.43773955,6425.43961189,1423.10513347,1423.04129107,0.08487804,969.92603144,95,0
6426.05482293,6426.05419398,1444.08615099,1444.10765032,0.03348474,970.45428543,95,0
6426.25293669,6426.25297652,1450.88401847,1450.88265573,0.13682529,970.62245159,95,0
6426.43472915,6426.43536099,1457.12639279,1457.10475843,0.12588994,970.77615560,95,0
6426.65176327,6426.65124619,1464.52185361,1464.53957533,0.04105092,970.95889024,95,0
6427.22563017,6427.22469618,1484.19981377,1484.23190286,0.03883379,971.43801613,95,0
6429.83161247,6429.83074613,1574.20190681,1574.23198972,0.07257065,973.53764505,95,0
nan,6430.30358176,0.00000000,-1.00000000,1383113212.31609869,0.00000000,95,0
6438.02008525,6438.02008345,1863.54281412,1863.54287869,0.04781714,979.28512592,95,0
6438.21726495,6438.22066668,1870.76969661,1870.64724095,0.05454663,979.40703380,95,0
6442.42856652,6442.42936612,2023.72995744,2023.70062342,0.05504522,981.80951027,95,0
6448.46356697,6448.46310631,2248.38052865,2248.39793134,0.09624716,984.56131496,95,0
6448.98981527,6448.99099576,2268.34855765,2268.30384363,0.12499359,984.76061619,95,0
6449.54106380,6449.53983035,2289.16803266,2289.21489062,0.05432873,984.96218258,95,0
6450.36052779,6450.36059248,2320.41186467,2320.40939727,0.02269379,985.24802211,95,0
6454.47102327,6454.47120660,2478.87415654,2478.86701137,0.05078328,986.42537027,95,0
6454.95316794,6454.95561846,2497.77657650,2497.68084224,0.06110638,986.53467659,95,0
6456.65381050,6456.65239961,2564.36465305,2564.42026994,0.05602892,986.87023289,95,0
6458.11076387,6458.11214561,2622.14144069,2622.08653375,0.10851435,987.09458708,95,0
6460.15344606,6460.15242928,2703.69242054,2703.73329968,0.05514911,987.30823996,95,0
6460.74373906,6460.74300839,2727.47723639,2727.50671424,0.07472763,987.34753261,95,0
6462.13224628,6462.13234954,2783.74532059,2783.74112206,0.03377840,987.39932938,95,0
6462.98997080,6462.98765811,2818.61441075,2818.70891758,0.11485253,987.40236874,95,0
6473.82617104,6473.82664241,3276.64130190,3276.62067842,0.09613124,985.37687331,95,0
6478.70879973,6478.70716127,3493.83809265,3493.91227628,0.13006077,983.07220789,95,0
6481.42933250,6481.42902759,3618.30819909,3618.32228145,0.08659601,981.36305005,95,0
6485.62814962,6485.62895340,3815.54280725,3815.50444258,0.08438453,978.07256861,95,0
6486.53656757,6486.53464238,3858.94070357,3859.03330097,0.08566631,977.25003870,95,0
6489.05542394,6489.05662219,3981.53429952,3981.47540158,0.05353721,974.74979076,95,0
6456.92036604,6456.92362117,257.21311675,257.11622712,0.05947361,979.29985828,94,0
6462.13327153,6462.13244653,413.47098859,413.49593575,0.02384886,986.37597206,94,0
6469.29014280,6469.29307563,632.43577217,632.34506496,0.09481213,995.52821654,94,0
6476.99491527,6476.99488790,873.68203688,873.68290556,0.02151414,1004.60683760,94,0
6493.13885570,6493.13763680,1401.06503060,1401.10607244,0.06416043,1020.75010100,94,0
6495.04663043,6495.04629780,1465.55700351,1465.56828708,0.02465001,1022.37555817,94,0
6497.01152809,6497.02327950,0.00000000,1532.50068302,0.00000000,1023.98323181,94,0
6497.60373690,6497.60374884,1552.75990725,1552.75949796,0.08122829,1024.45375528,94,0
6497.91092494,6497.91040264,1563.27750973,1563.29543538,0.03674934,1024.69550549,94,0
6501.52643966,6501.52558251,1688.27167080,1688.30152788,0.03101106,1027.40958808,94,0
6517.22376140,6517.22302477,2254.63667695,2254.66423823,0.03403461,1036.14350046,94,0
6517.45347073,6517.45293846,2263.24384957,2263.26378733,0.08817215,1036.23113775,94,0
6528.62199230,6528.62066754,2693.87589465,2693.92852931,0.10046132,1038.89931120,94,0
6532.95118531,6532.95184568,2868.10536855,2868.07846586,0.03207470,1039.02009828,94,0
6536.16016468,6536.15747143,2999.92232278,3000.03415582,0.07114623,1038.74407868,94,0
6537.27742188,6537.27836059,3046.61848633,3046.57923046,0.06616863,1038.57110314,94,0
6539.31126299,6539.31087899,3132.15300376,3132.16926597,0.07346133,1038.15007944,94,0
6543.65308515,6543.65189573,3318.62834973,3318.68018223,0.07047708,1036.77055278,94,0
6549.17635092,6549.17607433,3564.07270900,3564.08523841,0.08138753,1033.98991955,94,0
6550.98670581,6550.98643907,3646.65245801,3646.66470964,0.06064857,1032.80738536,94,0
6553.36454998,6553.36446725,3756.90589787,3756.90976860,0.06704481,1031.03484293,94,0
6555.82437935,6555.82475680,3873.11584563,3873.09784020,0.08431307,1028.92675744,94,0
6524.96927082,6524.96902030,216.41950980,216.42685830,0.02927315,1029.62061180,93,0
6536.16040902,6536.15766620,550.19414838,550.27737943,0.03804325,1044.47786403,93,0
6537.28073476,6537.27791750,584.24818580,584.33397835,0.11218220,1045.87902015,93,0
6539.31372019,6539.31316251,646.43236658,646.44945915,0.04478649,1048.38005026,93,0
6543.65457326,6543.65322773,780.38828655,780.43012048,0.02560185,1053.53497370,93,0
6549.17665447,6549.17628907,953.71114174,953.72271584,0.04939506,1059.71693980,93,0
6553.36494581,6553.36381207,1087.33140840,1087.36784363,0.03712745,1064.11081327,93,0
6559.80453938,6559.80661297,1296.88956935,1296.82129282,0.07320811,1070.34287275,93,0
6562.43441787,6562.43509968,1383.84516398,1383.82249095,0.05865569,1072.69686677,93,0
6563.05714633,6563.05726987,1404.55973172,1404.55561417,0.02162851,1073.23753301,93,0
6563.38281758,6563.38292158,1415.41984899,1415.41637902,0.02211951,1073.51763411,93,0
6563.63618888,6563.63613256,1423.87219346,1423.87407435,0.07002756,1073.73427427,93,0
6564.97554108,6564.97539454,1468.71885734,1468.72377829,0.03445004,1074.86134711,93,0
6565.55783758,6565.55881588,1488.33508728,1488.30215480,0.04911364,1075.34188662,93,0
6569.26602200,6569.26629146,1614.05307333,1614.04386749,0.06249057,1078.26210060,93,0
6575.63558424,6575.63550746,1834.57657305,1834.57926772,0.04206802,1082.69019864,93,0
6581.98852146,6581.98424158,0.00000000,2060.71442413,0.06311048,1086.31396860,93,0
6582.46018318,6582.45949284,2077.71969012,2077.74467369,0.03673441,1086.54930871,93,0
6583.27761748,6583.27629607,2107.33782046,2107.38582681,0.04744967,1086.94637254,93,0
6589.65663958,6589.65725488,2342.71152216,2342.68847610,0.03897060,1089.53320879,93,0
6590.20251258,6590.20090145,2363.10075888,2363.16126841,0.06229549,1089.71081783,93,0
6591.88138839,6591.88058163,2426.46927488,2426.49983920,0.03546934,1090.21220236,93,0
6594.10367941,6594.10388439,2511.19899711,2511.19114058,0.06879332,1090.76903208,93,0
6594.54299802,6594.54393402,2528.08390810,2528.04795397,0.07888077,1090.86435620,93,0
6596.95554206,6596.95811590,2621.42261599,2621.32245607,0.07539724,1091.29877726,93,0
6597.14111661,6597.14623338,0.00000000,2628.54924184,0.04440544,1091.32585795,93,0
6603.48772892,6603.48781257,2880.20267356,2880.19929605,0.06294568,1091.67901207,93,0
6615.47526287,6615.47496445,3382.47930141,3382.49230068,0.09160064,1088.95663299,93,0
6621.42998622,6621.43080661,3647.40753241,3647.37024342,0.07509678,1085.68281791,93,0
6624.67698571,6624.67808869,3796.87205170,3796.82066536,0.09310661,1083.27565890,93,0
6625.94651053,6625.94831597,3856.35581689,3856.27082968,0.07232289,1082.20580422,93,0
6630.47588417,6630.47618463,4073.53768299,4073.52299460,0.07133825,1077.75257317,93,0
6594.54353333,6594.54462012,177.25722163,177.22579801,0.06008212,1081.01275874,92,0
6615.47596514,6615.47555999,801.81927543,801.83176581,0.09918447,1107.64054652,92,0
6620.68716653,6620.68655892,963.90125138,963.92031761,0.07353770,1113.39832872,92,0
6623.24463265,6623.24460008,1044.52405657,1044.52508749,0.05119153,1116.08485726,92,0
6624.67952139,6624.67844445,1090.02317021,1090.05742472,0.09077733,1117.55054144,92,0
6625.94915098,6625.94970600,1130.55360154,1130.53586384,0.04769609,1118.82208340,92,0
6630.47558910,6630.47586334,1276.40529413,1276.39638147,0.05913376,1123.15838999,92,0
6635.86073415,6635.86025730,1453.14840548,1453.16421843,0.09789214,1127.89820603,92,0
6636.80624684,6636.80686654,1484.60153324,1484.58090174,0.03521698,1128.68150020,92,0
6638.17274398,6638.17212420,1530.17142495,1530.19216405,0.05350647,1129.78694709,92,0
6639.34132865,6639.34408922,1569.49370787,1569.40088785,0.02483905,1130.70716246,92,0
6640.64670852,6640.64476142,1613.33293611,1613.39874676,0.11709858,1131.70668786,92,0
6641.41315627,6641.41196335,1639.30632736,1639.34677824,0.01514085,1132.27975932,92,0
6644.18006677,6644.18013927,1733.69902483,1733.69653821,0.03367834,1134.26090683,92,0
6647.89128481,6647.89023754,1861.94457759,1861.98106517,0.06523835,1136.69640522,92,0
6648.26513628,6648.26384633,1874.97227498,1875.01729389,0.06069563,1136.92724195,92,0
6651.03012197,6651.02808594,1972.03457144,1972.10649559,0.08037040,1138.54974257,92,0
6653.06534063,6653.06905358,2044.46405976,2044.33168756,0.03795154,1139.64613005,92,0
6655.19775429,6655.19720442,2120.69640868,2120.71620633,0.04753955,1140.70297399,92,0
6655.67421287,6655.67599422,2137.95336390,2137.88909064,0.08451124,1140.92604014,92,0
6657.83109593,6657.83004714,2216.08143441,2216.11967631,0.07535103,1141.87468186,92,0
6659.85218573,6659.85183387,2290.13960025,2290.15255294,0.05165838,1142.67041312,92,0
6661.39392484,6661.39631233,2347.20574791,2347.11719880,0.10878719,1143.21514924,92,0
6661.59304174,6661.59473966,2354.56440540,2354.50138754,0.08926204,1143.28146087,92,0
6663.27657067,6663.27783504,2417.31240083,2417.26506461,0.03170292,1143.80523424,92,0
6663.80912751,6663.80880149,2437.21740513,2437.22964355,0.04429794,1143.95688838,92,0
6666.40198921,6666.40240094,2535.24159546,2535.22593261,0.06651807,1144.59660573,92,0
6666.87150470,6666.87054916,2553.07188821,2553.10832568,0.05980138,1144.69457447,92,0
6675.23556928,6675.23648150,2879.50578173,2879.46934321,0.04350996,1145.46456410,92,0
6685.85095659,6685.85124778,3317.37457992,3317.36215997,0.05368592,1143.46242459,92,0
6687.77560059,6687.77536394,3399.98224002,3399.99246763,0.06748696,1142.69407379,92,0
6690.24955587,6690.25014444,3507.85023256,3507.82435771,0.06106223,1141.50471587,92,0
6696.08402097,6696.08273090,3769.77095581,3769.83016709,0.05420574,1137.73348661,92,0
6697.27893162,6697.27581226,0.00000000,3824.92137373,0.07803568,1136.78150727,92,0
6698.85206729,6698.85236953,3898.24890010,3898.23471942,0.12387592,1135.42889823,92,0
6699.24293808,6699.24165659,3916.54210486,3916.60241399,0.13221540,1135.07467627,92,0
6683.04412221,6683.04537508,646.72706530,646.68947462,0.04300292,1156.06921282,91,0
6685.85296468,6685.85162114,731.29807544,731.33874144,0.03630167,1159.38455018,91,0
6687.77500929,6687.77522233,789.70814338,789.70165338,0.03941007,1161.59507217,91,0
6690.25072659,6690.25073735,865.42062907,865.42029843,0.06961757,1164.37138596,91,0
6698.85514044,6698.85086680,0.00000000,1133.58225387,0.06065050,1173.37247539,91,0
6702.30553374,6702.29883820,0.00000000,1243.39725267,0.24205338,1176.68441599,91,0
6703.71993356,6703.72155530,1288.85442244,1288.80219921,0.07378963,1177.99029165,91,0
6706.39505955,6706.39559596,1375.36673234,1375.34928987,0.17023656,1180.37654961,91,0
6708.95913679,6708.95831454,1459.09231894,1459.11931473,0.07223583,1182.55769922,91,0
6710.66697603,6710.66473236,1515.31647649,1515.39063287,0.05530526,1183.95186207,91,0
6711.66645083,6711.66497007,1548.43011320,1548.47924558,0.04754522,1184.74501927,91,0
6712.43020939,6712.43114634,1573.89343926,1573.86225228,0.10182076,1185.34009695,91,0
6712.98206733,6712.98122200,1592.22169362,1592.24988827,0.04383967,1185.76392493,91,0
6723.41660979,6723.41694497,1947.88418392,1947.87250713,0.07039170,1192.76256634,91,0
6723.96473516,6723.96300438,1966.93232211,1966.99277822,0.04609187,1193.07428937,91,0
6725.71612981,6725.71654939,2028.41153032,2028.39676733,0.01248372,1194.03081250,91,0
6726.10518075,6726.10626264,2042.13528515,2042.09715296,0.08883650,1194.23495664,91,0
6731.26433061,6731.26491996,2226.20205586,2226.18076997,0.08755468,1196.64969374,91,0
6735.00401189,6735.00387034,2362.42199635,2362.42719926,0.02762967,1198.04336117,91,0
6739.01673540,6739.01759345,2511.48925354,2511.45706199,0.10685379,1199.18422438,91,0
6740.25705566,6740.25634845,2558.10612054,2558.13281777,0.11386755,1199.45909316,91,0
6740.64886448,6740.64950954,2572.96328726,2572.93888581,0.07106622,1199.53806619,91,0
6744.33976885,6744.34202789,2714.04684247,2713.95967283,0.05124177,1200.09179526,91,0
6748.22012916,6748.21977196,2865.30099571,2865.31508357,0.04657083,1200.28626896,91,0
6750.68866928,6750.69193308,2963.47064725,2963.34010043,0.07409727,1200.19119889,91,0
6769.59155454,6769.59235717,3767.04620687,3767.00978125,0.07323716,1192.84506438,91,0
6772.28676250,6772.28789083,3890.62871508,3890.57642121,0.14119533,1190.67462491,91,0
6772.53709078,6772.53876259,3902.27492872,3902.19730163,0.06905267,1190.45619333,91,0
6772.86730156,6772.86995167,3917.67349334,3917.55011439,0.09416251,1190.16384014,91,0
6735.00493504,6735.00531305,6.27502037,6.26449973,0.03829963,1182.20039442,90,0
6772.53943239,6772.53930253,1110.30621500,1110.31026700,0.05078652,1228.19673159,90,0
6772.86902181,6772.87064669,1120.65080671,1120.60004684,0.02199909,1228.52215087,90,0
6776.78394155,6776.78208599,1243.70304808,1243.76183095,0.10627112,1232.26927583,90,0
6781.31112708,6781.31244154,1388.42654466,1388.38419604,0.07981569,1236.32082639,90,0
6785.26362717,6785.41329688,0.00000000,1516.66221462,0.10952629,1239.59953806,90,0
6786.23177695,6786.23147478,1548.35735283,1548.36727046,0.08494302,1240.36427279,90,0
6787.39629659,6787.28186740,0.00000000,1586.68861014,18.49152810,1241.26445672,90,0
6787.45165824,6787.45191728,1588.51377616,1588.50523332,0.04700971,1241.30647411,90,0
6787.92247820,6787.92122385,1604.00479126,1604.04623308,0.06708457,1241.66350174,90,0
6788.47296066,6788.47140250,1622.20232539,1622.25392215,0.13044441,1242.07626525,90,0
6795.63909010,6795.63894775,1863.02491857,1863.02977264,0.07177629,1246.97382028,90,0
6797.04242989,6797.04292832,1911.05048054,1911.03337848,0.08506599,1247.82560195,90,0
6798.31838078,6798.31873764,1954.93784782,1954.92553847,0.08559676,1248.56816705,90,0
6800.60311373,6800.60356432,2034.14428783,2034.12859459,0.07009929,1249.82047477,90,0
6800.85613293,6800.85933873,2043.06750633,2042.95568190,0.06736222,1249.95305794,90,0
6801.10440434,6801.10867860,0.00000000,2051.62193552,0.19494481,1250.08186266,90,0
6805.32349961,6805.32429660,2200.38876991,2200.36039108,0.05581714,1252.08209772,90,0
6806.58713308,6806.58856072,2245.53560023,2245.48448256,0.10662649,1252.61030508,90,0
6811.04265743,6811.04407713,2406.78466290,2406.73271898,0.13997782,1254.19878482,90,0
6812.94491836,6812.94795713,2476.77380726,2476.66157535,0.08011000,1254.74240748,90,0
6816.09851170,6816.09843248,2594.06312986,2594.06610293,0.07979963,1255.45750610,90,0
6816.46324216,6816.46656549,2607.89971050,2607.77473612,0.04198549,1255.52485698,90,0
6817.80226540,6817.80272355,2658.31071056,2658.29335998,0.12060355,1255.74390934,90,0
6818.58988519,6818.59074819,2688.21809744,2688.18527545,0.07885298,1255.85193162,90,0
6824.39850876,6824.39674795,2912.57873027,2912.64785776,0.34454892,1256.15028281,90,0
6825.36614407,6825.36248738,0.00000000,2950.75183450,0.09910665,1256.11107576,90,0
6833.77895686,6833.78027032,3291.54837286,3291.49376579,0.06999941,1254.60131626,90,0
6837.68943433,6837.68962055,3456.17427957,3456.16633517,0.05489478,1253.12444539,90,0
6837.91709758,6837.91456166,3465.77522558,3465.88357500,0.10561740,1253.02208354,90,0
6840.76118273,6840.76197461,3588.62732183,3588.59280783,0.06118575,1251.58359089,90,0
6847.07430140,6847.07031503,0.00000000,3870.18965456,0.08080205,1247.26059209,90,0
6849.26680492,6849.26737213,3971.22723412,3971.20085432,0.06079292,1245.36303528,90,0
6833.78088560,6833.77903885,662.95361144,663.00790260,0.07046528,1268.82704832,89,0
6846.46685831,6846.46656301,1043.71455542,1043.72360350,0.07619370,1282.72172240,89,0
6846.83650362,6846.83646079,1055.05539015,1055.05670394,0.09238649,1283.09554020,89,0
6847.07160827,6847.07283022,1062.30943561,1062.27192085,0.03757153,1283.33233305,89,0
6849.26698261,6849.26764715,1129.93564840,1129.91509239,0.04671900,1285.50695084,89,0
6856.08126534,6856.08078884,1343.25508050,1343.27018026,0.03362446,1291.82936374,89,0
6859.69238770,6859.69148390,1458.44934346,1458.47837290,0.11416274,1294.90462902,89,0
6861.09030330,6861.09406748,1503.63276165,1503.51120956,0.23482587,1296.04212988,89,0
6861.73033363,6861.72972119,1524.17703851,1524.19686109,0.09104285,1296.55247323,89,0
6864.42103399,6864.42010561,1611.71881574,1611.74918162,0.07557731,1298.62772130,89,0
6867.29581092,6867.29799697,1706.39044395,1706.31812487,0.03867191,1300.71518437,89,0
6868.96766472,6868.96549734,1761.75418946,1761.82638298,0.02578388,1301.86590380,89,0
6873.54613225,6873.54862791,1915.86902793,1915.78429960,0.05340753,1304.76895332,89,0
6874.45307336,6874.45234167,1946.60781314,1946.63274746,0.03389031,1305.29961160,89,0
6876.88547802,6876.88552250,2029.96903926,2029.96750795,0.06037261,1306.64796586,89,0
6877.18123761,6877.18197316,2040.18224706,2040.15688971,0.05546710,1306.80429837,89,0
6878.89741949,6878.89620567,2099.52256052,2099.56474827,0.05511607,1307.67875377,89,0
6881.18471258,6881.18153049,2179.36184034,2179.47356846,0.28058729,1308.75527809,89,0
6882.08585166,6882.08901544,2211.29123058,2211.17968289,0.08366391,1309.15072243,89,0
6882.51306552,6882.51264928,2226.24371708,2226.25842490,0.03321986,1309.33246750,89,0
6890.10791327,6890.10749430,2499.44547709,2499.46083085,0.03781260,1311.91953216,89,0
6891.72323553,6891.72041882,2558.78400044,2558.88805441,0.35144532,1312.30501644,89,0
6895.28391776,6895.28353598,2691.61664523,2691.63101279,0.11083957,1312.93713899,89,0
6895.91783430,6895.91710007,2715.50050865,2715.52823508,0.04219389,1313.01732860,89,0
6896.46784899,6896.46852025,2736.35496118,2736.32953685,0.04650298,1313.07877823,89,0
6902.11345530,6902.11207420,2953.41463446,2953.46859334,0.03205471,1313.25589132,89,0
6902.91993264,6902.92197763,2985.13663476,2985.05635926,0.21513256,1313.21099855,89,0
6903.34663538,6903.34781609,3001.86547907,3001.81901942,0.10195389,1313.17988144,89,0
6911.23523528,6911.23376704,3319.66671944,3319.72734506,0.11984356,1311.63124348,89,0
6911.41411817,6911.41713438,3327.24853875,3327.12384001,0.08492138,1311.57351394,89,0
6911.67867777,6911.67840125,3338.05237794,3338.06382877,0.05317188,1311.48631649,89,0
6912.08011145,6912.07935705,3354.67822337,3354.70954649,0.05842814,1311.34949549,89,0
6914.62484142,6914.62396824,3461.23063998,3461.26751119,0.08024222,1310.35504431,89,0
6915.71719763,6915.71749170,3507.57986556,3507.56735553,0.20145951,1309.85898445,89,0
6916.81201119,6916.81176678,3554.29548735,3554.30595853,0.05404130,1309.31889242,89,0
6918.38296550,6918.38342842,3622.02143360,3622.00137976,0.09169298,1308.46652308,89,0
6922.46989577,6922.47175577,3801.85623601,3801.77320897,0.13932088,1305.79989168,89,0
6925.64118801,6925.64127050,3945.09706133,3945.09328735,0.05510974,1303.25374541,89,0
6927.17559080,6927.17601017,4015.76977647,4015.75035545,0.06734912,1301.86105595,89,0
6927.83306032,6927.83459071,4046.36186488,4046.29056508,0.06940669,1301.23096704,89,0
6890.10776704,6890.10849056,61.55643618,61.53662940,0.02723216,1299.30722461,88,0
6896.47031325,6896.46884007,237.13718886,237.17821043,0.11571027,1307.95749212,88,0
6902.11137608,6902.11248663,395.54471957,395.51329849,0.04878285,1315.28090421,88,0
6922.47220396,6922.47270397,989.57985854,989.56479507,0.06801150,1338.75632562,88,0
6925.64156991,6925.64179547,1085.53706184,1085.53019721,0.01280618,1341.95692909,88,0
6927.17712082,6927.17751635,1132.39981287,1132.38770959,0.02496359,1343.45997479,88,0
6936.96293544,6936.96241932,1437.04262639,1437.05897559,0.07423974,1352.27749188,88,0
6937.33230675,6937.33122912,1448.73407622,1448.76826342,0.06190482,1352.58333448,88,0
6947.12228390,6947.12175001,1765.26416517,1765.28175836,0.04722394,1359.92441348,88,0
6947.35276195,6947.35304906,1772.88968935,1772.88021963,0.03722375,1360.07869501,88,0
6959.52593334,6959.52368432,2184.76798576,2184.84614559,0.03775704,1366.90232935,88,0
6960.01879247,6960.02078735,2202.06422054,2201.99472853,0.07761308,1367.12074616,88,0
6960.40074666,6960.39979989,2215.27897772,2215.31201661,0.05974050,1367.28674525,88,0
6960.67392486,6960.67165230,2224.76996423,2224.84934288,0.10158916,1367.40368269,88,0
6965.35127216,6965.35383073,2390.10504553,2390.01369713,0.11169768,1369.17128077,88,0
6968.82156254,6968.82148676,2514.96233899,2514.96509094,0.06151383,1370.18490383,88,0
6969.35465362,6969.35437587,2534.33753569,2534.34764688,0.04950173,1370.31715196,88,0
6973.09511665,6973.09425099,2671.78626427,2671.81839096,0.02513062,1371.06244485,88,0
6982.15429734,6982.15259216,3016.27702118,3016.34351887,0.06793698,1371.44490808,88,0
6982.37989351,6982.37885850,3025.10672047,3025.14713737,0.13682977,1371.42682629,88,0
6984.65679472,6984.65658232,3114.65539924,3114.66380270,0.04850992,1371.16406217,88,0
6985.12100895,6985.12114514,3133.06236270,3133.05695807,0.08693817,1371.09227151,88,0
6990.53389969,6990.53471802,3351.49365906,3351.46007647,0.06453963,1369.77555654,88,0
6998.65548222,6998.65677368,3693.99684091,3693.94082224,0.06926277,1365.98305683,88,0
6998.91755190,6998.91630080,3705.26413133,3705.31849625,0.10161746,1365.82077739,88,0
6999.14969226,6999.14785012,3715.32875741,3715.40892339,0.06391975,1365.67490268,88,0
7001.18651208,7001.18350832,3804.57810886,3804.71079623,0.05105229,1364.30373772,88,0
7002.82400984,7002.82517012,3877.53813054,3877.48624411,0.17099185,1363.07973328,88,0
6968.82027128,6968.82168752,48.35985734,48.32156528,0.05301700,1357.57676100,87,0
6975.61563587,6975.61691589,233.70725963,233.67202732,0.09303074,1366.75825465,87,0
6984.65729478,6984.65851707,485.76676675,485.73225302,0.08190197,1378.25949364,87,0
6989.64561167,6989.64565029,627.61000809,627.60890154,0.04011215,1384.23403987,87,0
6991.07969409,6991.08215933,668.85402702,668.78311148,0.08905051,1385.90062127,87,0
7001.51797027,7001.51741439,974.06065530,974.07718694,0.12246885,1397.31351829,87,0
7004.32477218,7004.32347956,1057.88391877,1057.92270915,0.21766939,1400.15672391,87,0
7009.26840959,7009.26819288,1207.49616752,1207.50278068,0.03426800,1404.91744861,87,0
7015.69332113,7015.69421353,1405.83415735,1405.80629687,0.09138519,1410.61353983,87,0
7019.47388977,7019.47409805,1524.65183415,1524.64524148,0.08765123,1413.69100872,87,0
7021.53344427,7021.53183468,1590.04561258,1590.09696289,0.07944669,1415.27842936,87,0
7028.92921912,7028.92920414,1829.47320005,1829.47369197,0.02332980,1420.43388168,87,0
7029.35956487,7029.35789257,1843.56468815,1843.61970574,0.01786541,1420.70659583,87,0
7030.49253949,7030.49606593,1881.10600079,1880.98943455,0.10355999,1421.40988392,87,0
7032.64081821,7032.64245899,1952.36936013,1952.31464269,0.03700013,1422.68316963,87,0
7045.70978057,7045.70966972,2400.85790350,2400.86182267,0.06466106,1428.61536797,87,0
7055.05154325,7055.04953632,2738.75351948,2738.82785945,0.04978982,1430.72199051,87,0
7057.19600968,7057.19541960,2818.69154799,2818.71365849,0.02266813,1430.92352564,87,0
7057.88771232,7057.88639260,2844.63146563,2844.68110361,0.04423758,1430.96464337,87,0
7059.18593325,7059.18668821,2893.71048683,2893.68189782,0.06008939,1431.00964125,87,0
7063.66201571,7063.66293659,3065.36998207,3065.33420137,0.10102020,1430.83136344,87,0
7071.60021423,7071.60022052,3381.11297494,3381.11271812,0.05219774,1429.13950488,87,0
7075.54709570,7075.54599873,3544.05878732,3544.10466544,0.03585420,1427.57552529,87,0
7077.34983312,7077.34943587,3619.96383861,3619.98065884,0.07077910,1426.68719887,87,0
7077.83993597,7077.84281241,3640.90484850,3640.78259586,0.47296023,1426.42588370,87,0
7086.64916067,7086.64952094,4027.48621495,4027.46986489,0.11211414,1420.17697895,87,0
7057.19477466,7057.19634028,246.36541325,246.32274787,0.03056837,1427.59395607,86,0
7063.66183872,7063.66037427,424.09046780,424.13109836,0.10434186,1435.80878246,86,0
7086.64752268,7086.64710792,1084.06345637,1084.07579457,0.04450990,1461.37918362,86,0
7089.19146650,7089.19369544,1160.15412414,1160.08723060,0.09733914,1463.82635262,86,0
7096.14094119,7096.14155337,1371.17236127,1371.15354171,0.04646544,1470.08218825,86,0
7096.56414116,7096.56209854,1384.11155962,1384.17445758,0.12350571,1470.44214709,86,0
7096.85447445,7096.85245166,1393.05706714,1393.11941981,0.07070516,1470.68767897,86,0
7097.83358611,7097.82774283,0.00000000,1423.35195955,0.26938736,1471.50699703,86,0
7100.04799186,7100.04678039,1492.06838780,1492.10616527,0.10438992,1473.30971333,86,0
7101.32545894,7101.32528723,1532.02413661,1532.02951461,0.05209424,1474.31788953,86,0
7105.93181558,7105.93339207,1677.63360977,1677.58336089,0.02685937,1477.75339528,86,0
7110.05533872,7110.05510181,1810.07508847,1810.08276373,0.07588002,1480.55319519,86,0
7110.25644547,7110.25617888,1816.59206740,1816.60071106,0.08681649,1480.68287010,86,0
7121.90913390,7121.90942834,2203.65862425,2203.64859519,0.02866441,1487.03047560,86,0
7122.11231383,7122.11363595,2210.61760793,2210.57253201,0.05712287,1487.11982307,86,0
7122.65589985,7122.65403762,2229.06333907,2229.12697490,0.08740821,1487.35506111,86,0
7125.39029217,7125.39178040,2323.17947128,2323.12799316,0.10713060,1488.45305479,86,0
7133.94526029,7133.94584170,2625.13733850,2625.11638680,0.17525660,1490.92170953,86,0
7134.97725591,7134.97767915,2662.41971653,2662.40438218,0.05183536,1491.11465386,86,0
7139.16739498,7139.17139834,0.00000000,2815.87120228,0.11526851,1491.65027496,86,0
7141.60827773,7141.60951427,2906.89189639,2906.84552155,0.05278917,1491.77162240,86,0
7142.16764825,7142.16831266,2927.88118929,2927.85619303,0.05286971,1491.77891178,86,0
7151.18261430,7151.18194942,3275.90412689,3275.93048654,0.07603554,1490.76945491,86,0
7152.07012089,7152.07074402,3311.24000450,3311.21516479,0.02938880,1490.54831804,86,0
7153.43374033,7153.43132079,3365.71249433,3365.80977087,0.08212900,1490.16314417,86,0
7154.47870913,7154.47799161,3407.93176648,3407.96081064,0.09004935,1489.83003315,86,0
7155.42399858,7155.42414954,3446.34575255,3446.33960542,0.15070012,1489.49967184,86,0
7155.97065706,7155.97124469,3468.66309518,3468.63908138,0.07067302,1489.29587795,86,0
7158.67623912,7158.67627972,3580.17955237,3580.17786357,0.06168379,1488.14599033,86,0
7160.03321016,7160.03412073,3636.92554933,3636.88732669,0.06126063,1487.47799915,86,0
7168.83200539,7168.83061942,4018.24433634,4018.30640156,0.07702560,1481.52942355,86,0
7134.97789373,7134.97583447,105.94447697,105.99918994,0.04046077,1482.22297025,85,0
7139.17054408,7139.17551852,218.14467475,218.01103841,0.21328714,1487.76134785,85,0
7142.16730536,7142.16751714,298.83910391,298.83336973,0.01229422,1491.61903606,85,0
7146.85349143,7146.85423243,426.58193410,426.56160483,0.05000630,1497.47880618,85,0
7151.18265033,7151.18193896,546.03200247,546.05175800,0.06308637,1502.69811708,85,0
7152.07178155,7152.07168587,570.77416270,570.77682665,0.03527893,1503.74641966,85,0
7158.67688535,7158.67671394,756.43504354,756.43990856,0.02436168,1511.27120223,85,0
7171.25624734,7171.25751021,1120.65413366,1120.61683831,0.06122452,1524.25275061,85,0
7174.07714632,7174.08009435,1204.42238184,1204.33448362,0.07642253,1526.90414796,85,0
7177.93379602,7177.93410911,1320.08937000,1320.07991131,0.06151304,1530.36507764,85,0
7179.16927649,7179.16792986,1357.44049151,1357.48134653,0.06789214,1531.43262550,85,0
7185.45724127,7185.45484253,1550.34119775,1550.41564145,0.20235888,1536.54556754,85,0
7191.79800404,7191.80002440,1749.61968240,1749.55545847,0.07908428,1541.13115431,85,0
7192.32421917,7192.32198458,1766.22796737,1766.29913962,0.03821304,1541.48470051,85,0
7195.28005427,7195.28033542,1861.00592092,1860.99686120,0.31507386,1543.39084972,85,0
7197.93454127,7197.93436017,1946.99863374,1947.00453215,0.10291797,1544.98455012,85,0
7204.18172912,7204.18379454,2153.22996999,2153.16090343,0.12953792,1548.27193404,85,0
7209.97212817,7209.97141572,2349.27644366,2349.30088387,0.10686021,1550.70240197,85,0
7210.45428126,7210.45722690,2365.96651663,2365.86521493,0.14998458,1550.87655201,85,0
7210.89894039,7210.90097389,2381.23578966,2381.16571066,0.06398183,1551.03311204,85,0
7216.25426047,7216.25434381,2568.06387820,2568.06093262,0.09019890,1552.61214565,85,0
7219.50892745,7219.50864239,2684.01331138,2684.02355187,0.07228387,1553.28229359,85,0
7220.01042888,7220.01049086,2702.06481913,2702.06258698,0.03553875,1553.36524716,85,0
7220.24775243,7220.24926625,2710.66989082,2710.61530187,0.05555918,1553.40257448,85,0
7222.27757558,7222.27726130,2784.17903299,2784.19048345,0.05035776,1553.67048366,85,0
7222.54135319,7222.54170460,2793.82053830,2793.80771680,0.07612133,1553.69846015,85,0
7222.83139462,7222.83017221,2804.35367464,2804.39834467,0.04324183,1553.72738478,85,0
7223.11011344,7223.10798034,2814.51416807,2814.59222446,0.08202817,1553.75336134,85,0
7227.17572939,7227.17431929,2964.93115894,2964.98389095,0.09934239,1553.92415669,85,0
7228.82463931,7228.82214945,3026.84349858,3026.93747226,0.05364004,1553.87885572,85,0
7230.91819626,7230.91755442,3106.40336189,3106.42787062,0.07544271,1553.72195395,85,0
7233.32471511,7233.32693680,3199.06337800,3198.97732906,0.07897548,1553.39947674,85,0
7236.25588104,7236.25643246,3313.52241470,3313.50067909,0.04265689,1552.79237291,85,0
7238.99288301,7238.99000521,3422.19854522,3422.31393497,0.05819660,1552.00250700,85,0
7240.47488146,7240.47597342,3482.06952558,3482.02531886,0.08412484,1551.48092550,85,0
7251.40125692,7251.40147159,3941.16246838,3941.15309153,0.08256576,1545.38771886,85,0
7252.60353284,7252.60282641,3993.90478086,3993.93592813,0.06721577,1544.45140145,85,0
7253.93441836,7253.93472917,4052.92873470,4052.91488472,0.09335106,1543.34774676,85,0
7216.25341462,7216.25350100,10.10279637,10.10054852,0.02251086,1540.19728062,84,0
7219.50896351,7219.50810503,95.14399506,95.16651512,0.02772563,1544.57622618,84,0
7220.01049141,7220.01084494,108.34114031,108.33185349,0.05021166,1545.24244168,84,0
7222.27742616,7222.27699824,168.04483317,168.05613960,0.03287746,1548.22604154,84,0
7226.90489337,7226.90461268,291.06186691,291.06937352,0.05160658,1554.17179925,84,0
7236.25540903,7236.25693732,544.43528962,544.39334577,0.03516761,1565.57142295,84,0
7238.99228152,7238.99216729,619.79298390,619.79614322,0.06502604,1568.74534956,84,0
7241.99277460,7241.99360197,703.16524970,703.14215911,0.10114807,1572.13678428,84,0
7251.40296795,7251.40376367,969.48747718,969.46462771,0.02192765,1582.15237897,84,0
7252.60346891,7252.60359321,1004.00627679,1004.00269444,0.04401843,1583.35970009,84,0
7253.93561104,7253.93479428,1042.45119654,1042.47483603,0.01871248,1584.67981398,84,0
7268.86237285,7268.86180474,1485.33355097,1485.35084702,0.06210727,1598.00152230,84,0
7269.77085746,7269.77170689,1513.07953786,1513.05359676,0.05496590,1598.72025008,84,0
7271.08569515,7271.08302396,1553.22825528,1553.31022092,0.09787749,1599.74064819,84,0
7272.20350201,7272.20330507,1587.66764072,1587.67370871,0.05096856,1600.58914908,84,0
7277.33394793,7277.33327305,1747.24624636,1747.26744498,0.04090029,1604.25797974,84,0
7277.70272450,7277.70293824,1758.86574599,1758.85902292,0.05250840,1604.50702802,84,0
7284.45896707,7284.45982291,1974.24223537,1974.21458054,0.03735154,1608.70480807,84,0
7286.45116603,7286.45007741,2038.79548715,2038.83093116,0.18733899,1609.80545087,84,0
7288.91599993,7288.91671934,2119.55038689,2119.52670958,0.02304407,1611.07697833,84,0
7293.40956294,7293.40836792,2268.81685381,2268.85695065,0.07935048,1613.12816248,84,0
7300.35490958,7300.35545594,2505.63464777,2505.61572103,0.06699814,1615.57657266,84,0
7301.84825581,7301.84779866,2557.50689952,2557.52284474,0.04983817,1615.98152707,84,0
7303.11285091,7303.25863874,0.00000000,2601.77285773,0.16073452,1616.28928144,84,0
7305.57756668,7305.57284776,0.00000000,2688.80854062,0.08511521,1616.79395732,84,0
7306.37435611,7306.37333407,2717.13097630,2717.16743782,0.04018442,1616.92955992,84,0
7311.08906551,7311.08880569,2887.39630088,2887.40579706,0.06062523,1617.44543355,84,0
7314.28942907,7314.28992765,3005.38500269,3005.36646416,0.06089316,1617.50280520,84,0
7316.56508095,7316.56291539,3090.44721947,3090.52877078,0.04553876,1617.39134407,84,0
7317.54148459,7317.54218624,3127.42771932,3127.40115358,0.05522306,1617.30328332,84,0
7318.71184758,7318.71210021,3171.88050178,3171.87087193,0.12587048,1617.16506186,84,0
7320.28856450,7320.28760802,3232.22018504,3232.25698654,0.08466737,1616.92129457,84,0
7321.18914307,7321.19245719,3267.12390969,3266.99571506,0.07170851,1616.75177983,84,0
7321.88524369,7321.88482058,3293.95772487,3293.97416118,0.15364177,1616.60537172,84,0
7322.30752789,7322.30269629,0.00000000,3310.40342414,0.08263539,1616.50988794,84,0
7324.79319378,7324.79286332,3407.92097390,3407.93404239,0.07472137,1615.84442890,84,0
7325.19529063,7325.19421258,3423.81256488,3423.85530428,0.07002009,1615.71975865,84,0
7328.92999600,7328.92732121,3573.55975429,3573.66835319,0.07192604,1614.32592667,84,0
7331.63543751,7331.63703868,3684.57475676,3684.50853015,0.10904990,1613.03749845,84,0
7337.65903983,7337.66245033,0.00000000,3938.90389061,0.07097628,1609.25094835,84,0
7338.28044647,7338.27571712,0.00000000,3965.78576495,0.05769171,1608.78317803,84,0
7309.77428517,7309.77570925,180.59712667,180.55989220,0.05820883,1613.14406951,83,0
7311.08799750,7311.08713677,214.94322456,214.96580376,0.06249993,1614.83029421,83,0
7313.12182372,7313.12071044,268.43539177,268.46475559,0.05662678,1617.41086594,83,0
7314.28956031,7314.28970588,299.31252190,299.30867136,0.02859210,1618.87575789,83,0
7320.28805971,7320.28546494,459.22911372,459.29889283,0.04092036,1626.20576930,83,0
7321.19134069,7321.19242582,483.64846579,483.61921514,0.05580868,1627.28061141,83,0
7324.79243356,7324.79358035,581.20372131,581.17249792,0.03661551,1631.48755574,83,0
7325.19662396,7325.19515292,592.14259272,592.18268411,0.02125660,1631.95186766,83,0
7333.26883494,7333.26954768,814.79073655,814.77085041,0.04062978,1640.88228887,83,0
7341.09147471,7341.09344026,1035.74788814,1035.69170851,0.06588329,1648.88647120,83,0
7346.82817271,7346.82915226,1201.18184873,1201.15333197,0.05063159,1654.32104236,83,0
7347.47416380,7347.67591471,0.00000000,1219.99315853,0.36355122,1654.90941816,83,0
7347.94216941,7347.94694547,0.00000000,1233.65864517,0.30932181,1655.33230654,83,0
7348.14421468,7348.14576191,1239.59920460,1239.55396122,0.05468471,1655.51373138,83,0
7353.64536744,7353.64787665,1401.99796491,1401.92320339,0.06748097,1660.27128763,83,0
7355.61806703,7355.61869026,1460.90392493,1460.88523048,0.07366855,1661.88465258,83,0
7356.63796697,7356.64118489,1491.64293947,1491.54606295,0.07256814,1662.69955857,83,0
7359.40756770,7359.40748630,1575.32813263,1575.33060800,0.11127426,1664.84243836,83,0
7359.68201635,7359.68251264,1583.69509934,1583.67999417,0.06958918,1665.04924786,83,0
7362.38156499,7362.38198865,1666.26216305,1666.24914084,0.02572794,1667.02871279,83,0
7367.25885689,7367.25894268,1817.54928607,1817.54659988,0.01989402,1670.34603248,83,0
7367.66123221,7367.66123879,1830.15513513,1830.15492885,0.03605479,1670.60438530,83,0
7368.62909649,7368.62849579,1860.54200667,1860.56091375,0.09101692,1671.21597076,83,0
7369.60856046,7369.60961631,1891.48514176,1891.45177400,0.06977033,1671.82072740,83,0
7369.82969988,7369.82768948,1898.38001151,1898.44360377,0.02485835,1671.95528831,83,0
7372.56191031,7372.56248480,1985.34578936,1985.32741827,0.03858924,1673.55597318,83,0
7372.93761864,7372.93695605,1997.32870789,1997.34992423,0.03451018,1673.76705218,83,0
7375.00051597,7374.99929550,2063.62488641,2063.66429111,0.04584849,1674.88582658,83,0
7376.59254795,7376.59187257,2115.22591353,2115.24786914,0.08181187,1675.70280130,83,0
7377.04742750,7377.04850940,2130.08400570,2130.04877075,0.22427113,1675.92860720,83,0
7377.68928126,7377.68895262,2150.96909947,2150.97983085,0.10157567,1676.24138246,83,0
7380.49897611,7380.49709064,2243.23553876,2243.29785157,0.13516667,1677.52927443,83,0
7389.93381927,7389.93809595,0.00000000,2561.78605691,0.10573882,1680.82506294,83,0
7391.96140398,7391.96195449,2632.08133354,2632.06216033,0.09620323,1681.31253704,83,0
7393.02320516,7393.02195109,2669.09773549,2669.14164742,0.03584240,1681.53478053,83,0
7393.25480008,7393.25763327,2677.36520796,2677.26589405,0.04952406,1681.58024876,83,0
7394.69225870,7394.69291971,2727.85145899,2727.82811875,0.09579631,1681.83715386,83,0
7402.13282076,7402.13215954,2995.55252234,2995.57678316,0.09834172,1682.44817938,83,0
7407.92937645,7407.93042209,3211.76678471,3211.72714393,0.06420059,1682.02050317,83,0
7408.46995617,7408.47277229,3232.35530991,3232.24823509,0.08342496,1681.93707591,83,0
7410.39835509,7410.39812613,3305.97434765,3305.98315248,0.11070995,1681.57597143,83,0
7411.60113056,7411.59861728,3352.30914378,3352.40649403,0.18428419,1681.29936608,83,0
7413.10833267,7413.10910536,3411.08705539,3411.05684404,0.10192095,1680.89546007,83,0
7416.78744278,7416.78926973,3556.62550955,3556.55244003,0.07542714,1679.63082046,83,0
7393.02023336,7393.01979216,29.22060955,29.23184363,0.06365940,1671.21210141,82,0
7407.93076549,7407.93083675,416.09499432,416.09310920,0.04660375,1690.06369195,82,0
7408.47347251,7408.47687955,430.55386184,430.46360563,0.14901383,1690.71361321,82,0
7416.78706425,7416.78949879,653.29378786,653.22780715,0.05837059,1700.32632788,82,0
7429.97410822,7429.97579597,1017.71123845,1017.66366903,0.07743110,1714.17848509,82,0
7430.42882252,7430.42780225,1030.46016738,1030.48896552,0.06219076,1714.62356291,82,0
7436.45553573,7436.45431978,1202.18046603,1202.21544983,0.04650211,1720.30506740,82,0
7437.66176446,7437.66026920,1236.94851836,1236.99171162,0.05417853,1721.39263820,82,0
7446.52970661,7446.52958472,1496.99596928,1496.99959802,0.05703049,1728.85161535,82,0
7446.94248428,7446.93791886,1509.16779031,1509.30388506,0.04511174,1729.17520377,82,0
7448.24993298,7448.24746937,1548.29526004,1548.36904023,0.10425525,1730.18497084,82,0
7448.67582003,7448.67587463,1561.12526602,1561.12362804,0.08460731,1730.50885819,82,0
7451.14322964,7451.14170217,1635.41369852,1635.45992479,0.04372019,1732.33976277,82,0
7452.01975579,7452.02059995,1662.05402280,1662.02839566,0.07818307,1732.97063598,82,0
7454.71305978,7454.71337821,1744.20480653,1744.19504235,0.08198862,1734.84336509,82,0
7457.89173456,7457.88931265,1842.16876955,1842.24392148,0.06423378,1736.92319282,82,0
7459.31094000,7459.30973726,1886.36782190,1886.40535492,0.10793901,1737.80491831,82,0
7459.53455930,7459.53549117,1893.41604929,1893.38694215,0.04487050,1737.94118418,82,0
7464.27085415,7464.27100468,2042.69126890,2042.68648075,0.22233517,1740.65084473,82,0
7467.79771175,7467.79520852,2155.65084953,2155.73166851,0.33912498,1742.44291235,82,0
7470.45372036,7470.45368873,2241.98209869,2241.98313164,0.05680607,1743.65986755,82,0
7470.96038363,7470.95384192,0.00000000,2258.53868172,0.08058558,1743.87857603,82,0
7471.63793927,7471.63606044,2280.68398667,2280.74565074,0.05255312,1744.16441985,82,0
7473.41097671,7473.41344625,2339.24094030,2339.15926263,0.14151266,1744.87516075,82,0
7475.76006342,7475.76038085,2417.26571574,2417.25510696,0.06587368,1745.73227591,82,0
7477.67186067,7477.67186918,2481.43200008,2481.43171321,0.06922061,1746.35693058,82,0
7478.01615754,7478.01440427,2492.99089483,2493.05010481,0.07786127,1746.46233410,82,0
7478.63010902,7478.62855786,2513.75969217,2513.81221809,0.11811738,1746.64482739,82,0
7480.87637379,7480.87610579,2590.25618679,2590.26535697,0.08239960,1747.25203292,82,0
7486.72515674,7486.72779060,2793.35544003,2793.26270406,0.05205572,1748.37025582,82,0
7487.33274323,7487.33254404,2814.68038835,2814.68742410,0.04324135,1748.44645101,82,0
7489.64962517,7489.64820707,2896.95772731,2897.00839777,0.06974995,1748.66502332,82,0
7495.04502991,7495.04547958,3092.61995970,3092.60341797,0.05903986,1748.71274349,82,0
7500.37234390,7500.37368235,3291.55911624,3291.50836803,0.09878961,1748.08207477,82,0
7509.15226713,7509.15185560,3633.39326038,3633.40972785,0.05524576,1745.40397885,82,0
7509.39402339,7509.39520238,3643.13951802,3643.09225518,0.07980047,1745.29888586,82,0
7517.81675350,7517.81525300,3990.67397250,3990.73778648,0.13796818,1740.46320337,82,0
7519.75247057,7519.75384367,4073.70381794,4073.64457892,0.06499281,1739.00568990,82,0
7487.33347224,7487.33296569,105.91164440,105.92448089,0.03705987,1742.42482073,81,0
7495.04610479,7495.04482327,303.23908716,303.27219729,0.05143010,1752.13102723,81,0
7500.37540190,7500.37316158,441.89467894,441.95339423,0.29677166,1758.54692163,81,0
7509.39660130,7509.39721049,681.27722330,681.26086407,0.03383758,1768.83096911,81,0
7509.95086106,7509.95328147,696.22462071,696.15949593,0.09428406,1769.43823646,81,0
7519.75394796,7519.75543009,963.71410762,963.67307202,0.11399979,1779.68334249,81,0
7520.65291768,7520.65415016,988.63318628,988.59896596,0.04911832,1780.57435437,81,0
7523.35631757,7523.35414860,1063.89676690,1063.95747500,0.07908758,1783.20219495,81,0
7527.33341450,7527.33252191,1175.93865659,1175.96395286,0.09047592,1786.92479461,81,0
7550.00964764,7550.00920617,1843.89997439,1843.91351132,0.07531081,1804.57495611,81,0
7556.06249798,7556.06210845,2031.69947252,2031.71169757,0.07739531,1808.13431699,81,0
7556.56055048,7556.55634017,2047.23595749,2047.36840539,0.03120079,1808.40327079,81,0
7557.30487627,7557.30396099,2070.77435273,2070.80323159,0.06374571,1808.79784915,81,0
7558.86157623,7558.86075262,2120.05579078,2120.08194395,0.09137390,1809.59632285,81,0
7559.24030334,7559.24206202,2132.17308842,2132.11715945,0.03360012,1809.78489844,81,0
7563.33046332,7563.33078772,2263.32315802,2263.31266497,0.06236936,1811.67678194,81,0
7566.98648513,7566.98650614,2382.51115903,2382.51046852,0.01720904,1813.13567229,81,0
7568.96023794,7568.96651489,0.00000000,2447.66728769,0.15945591,1813.82858472,81,0
7569.85669275,7569.85672106,2477.45213058,2477.45118779,0.04999951,1814.12072222,81,0
7570.38872702,7570.38881572,2495.18935837,2495.18639832,0.04789887,1814.28734964,81,0
7571.12657600,7571.12833904,2519.90993444,2519.85090604,0.25975346,1814.50998638,81,0
7576.57695919,7576.57662903,2704.65149761,2704.66284001,0.08951947,1815.84179958,81,0
7578.68329034,7578.68293272,2777.38274906,2777.39516006,0.05005191,1816.20330087,81,0
7581.51573631,7581.51338268,2876.31436540,2876.39721745,0.21564212,1816.54793444,81,0
7585.86354937,7585.85980332,3031.04660718,3031.18149475,0.08391510,1816.74652031,81,0
7586.33761667,7586.33553733,3048.19378169,3048.26885790,0.08826236,1816.74303377,81,0
7589.23773223,7589.23741397,3153.78531426,3153.79698818,0.08985938,1816.60968044,81,0
7589.64647660,7589.64668500,3168.81296532,3168.80530557,0.09310359,1816.57509056,81,0
7591.18155903,7591.18218239,3225.49803082,3225.47491511,0.05901196,1816.40942935,81,0
7594.53706877,7594.53687555,3351.07551749,3351.08282181,0.14607844,1815.84484199,81,0
7596.25742935,7596.26000894,3416.55276329,3416.45424284,0.19219314,1815.44349883,81,0
7597.83089629,7597.83360084,3476.93997025,3476.83568362,0.08829138,1815.00748796,81,0
7601.67987259,7601.68043834,3627.06315894,3627.04081777,0.03084086,1813.65123072,81,0
7605.97989840,7605.97739357,3799.24599532,3799.34781701,0.08351874,1811.61922448,81,0
7580.97079864,7580.97231699,107.02528710,106.98727256,0.17584058,1811.30466704,80,0
7585.86058203,7585.85713708,230.06926169,230.15656446,0.09549273,1817.46481642,80,0
7589.24074810,7589.24089993,316.17643125,316.17255062,0.05166913,1821.60883551,80,0
7591.18330333,7591.18359568,365.95915768,365.95164690,0.07444766,1823.94782199,80,0
7615.29364705,7615.29316988,1006.06024107,1006.07335146,0.07797344,1850.17300073,80,0
7616.03123482,7616.02970397,1026.31824775,1026.36040011,0.05309418,1850.88768199,80,0
7626.02205774,7626.02454756,1305.84981583,1305.77905428,0.08849494,1860.00589604,80,0
7629.39005142,7629.38907957,1401.98193033,1402.00985571,0.04895285,1862.83344384,80,0
7631.43940178,7631.44151062,1461.14416430,1461.08315765,0.05266100,1864.48990195,80,0
7645.37670553,7645.37628774,1874.29621690,1874.30892101,0.12547435,1874.39151675,80,0
7655.73945850,7655.73916442,2195.82574383,2195.83506097,0.05367722,1880.05604385,80,0
7657.25975415,7657.25792706,2244.09406050,2244.15229562,0.09184640,1880.75290530,80,0
7657.62246706,7657.61983475,2255.63460066,2255.71863328,0.11236499,1880.91373524,80,0
7660.28781744,7660.28397065,2341.16301428,2341.28721337,0.04567531,1882.03169956,80,0
7662.94680307,7662.94801990,2427.66885556,2427.62911368,0.04788953,1883.03137234,80,0
7663.21751036,7663.22008896,2436.56450500,2436.48018153,0.06668826,1883.12655902,80,0
7664.15363458,7664.15843240,0.00000000,2467.15380666,0.12205885,1883.44593550,80,0
7664.60441222,7664.60605212,2482.02805783,2481.97408950,0.07693882,1883.59440771,80,0
7665.22546311,7665.22515394,2502.43001557,2502.44021753,0.07266137,1883.79318676,80,0
7665.82322644,7665.82620576,2522.28420704,2522.18563855,0.12026312,1883.97808850,80,0
7666.15881910,7666.15781754,2533.26779366,2533.30097613,0.11515392,1884.07920397,80,0
7666.70296327,7666.70053566,2551.26830029,2551.34893610,0.06579753,1884.23882457,80,0
7667.00895838,7667.00877492,2561.51384887,2561.51995029,0.02248900,1884.32629233,80,0
7668.07729139,7668.07641383,2597.10942902,2597.13876078,0.08196849,1884.61846710,80,0
7666.44766673,7668.53964020,0.00000000,2542.87189000,0.18717378,1884.16455452,80,0
7669.82245777,7669.82223417,2655.69744655,2655.70498162,0.08035593,1885.05104682,80,0
7670.53822307,7670.53518840,2679.77487923,2679.87749240,0.08444243,1885.21223978,80,0
7671.19707377,7671.19773097,2702.20495252,2702.18265866,0.07340943,1885.35198397,80,0
7671.81444112,7671.81301083,2723.10842038,2723.15708700,0.09377429,1885.47551118,80,0
7675.91902521,7675.91928154,2864.22197663,2864.21307674,0.04379037,1886.10770079,80,0
7677.20507971,7677.20695315,2909.06290468,2908.99747230,0.04420142,1886.23604909,80,0
7678.92960368,7678.92835106,2969.45870395,2969.50285008,0.02962771,1886.35399375,80,0
7680.27714327,7680.27769531,3017.18140166,3017.16180734,0.08004342,1886.40198527,80,0
7683.23758229,7683.23649806,3123.04098813,3123.08007595,0.09041947,1886.36676177,80,0
7684.41174457,7684.41167449,3165.55451754,3165.55706077,0.05824884,1886.29759559,80,0
7687.18775458,7687.18563017,3266.99858253,3267.07688241,0.09914478,1886.00445097,80,0
7687.40761563,7687.40549736,3275.10403675,3275.18220544,0.08122879,1885.97326871,80,0
7687.79208561,7687.79034287,3289.32219684,3289.38665659,0.11985576,1885.91584619,80,0
7688.38425260,7688.38353155,3311.29901020,3311.32576722,0.08195407,1885.82020725,80,0
7689.14208580,7689.14172389,3339.49506370,3339.50855261,0.02891311,1885.68496698,80,0
7690.64765083,7690.64804396,3395.89063703,3395.87585180,0.04871211,1885.37266793,80,0
7694.45569405,7694.45424693,3540.67063274,3540.72630000,0.06340348,1884.31402153,80,0
7701.08419644,7701.08611455,3801.32200306,3801.24496121,0.05011250,1881.47878063,80,0
7703.81135886,7703.81042629,3911.77786408,3911.81604043,0.07600594,1879.91208184,80,0
7704.09437132,7704.09399747,3923.39669219,3923.41202336,0.05885257,1879.73518980,80,0
7707.90289721,7707.89612456,0.00000000,4081.74826279,0.02856440,1877.08014928,80,0
7675.92076537,7675.92157666,81.94384634,81.92383423,0.05215137,1880.49167145,79,0
7680.27677033,7680.27573499,189.92281794,189.94863032,0.03075393,1885.96972732,79,0
7684.40895534,7684.40992012,293.51911682,293.49481853,0.04012129,1891.03032128,79,0
7686.79490381,7686.79543806,353.78792124,353.77438086,0.10928931,1893.89061200,79,0
7687.18382831,7687.18231123,363.59808429,363.63657298,0.19094608,1894.35257385,79,0
7687.79292850,7687.78627957,0.00000000,379.10788629,0.11945977,1895.07387574,79,0
7694.45105693,7694.45009524,549.71306947,549.73793295,0.06115919,1902.75358105,79,0
7702.68400256,7702.68726407,765.05340740,764.96716985,0.10609165,1911.72102481,79,0
7703.80558039,7703.80499322,794.64332780,794.65890225,0.13195914,1912.89516463,79,0
7704.09387673,7704.09513323,802.34195261,802.30859984,0.04186701,1913.19519518,79,0
7713.37856721,7713.37641844,1052.07759218,1052.13620260,0.03855513,1922.43743594,79,0
7714.43304083,7714.43313528,1080.94285269,1080.94026886,0.05629389,1923.43365059,79,0
7715.01947124,7715.01966074,1097.00156844,1096.99637524,0.05154965,1923.98274204,79,0
7721.91021803,7721.91097465,1287.92829898,1287.90710124,0.07433001,1930.17027180,79,0
7722.75572777,7722.75723655,1311.66826294,1311.62588670,0.05129338,1930.89505241,79,0
7728.17357870,7728.18049610,0.00000000,1465.13070883,0.35143207,1935.35091630,79,0
7730.56921145,7730.56884068,1533.87256397,1533.88324775,0.05145995,1937.21476521,79,0
7732.78986838,7732.79044003,1598.14250101,1598.12590153,0.09920514,1938.88263991,79,0
7738.39694754,7738.39574994,1762.53279714,1762.56827056,0.09505392,1942.82753144,79,0
7742.24362645,7742.24114632,1877.24263467,1877.31714900,0.04396617,1945.30400362,79,0
7743.92171380,7743.91617811,0.00000000,1927.89612253,0.31822589,1946.32347303,79,0
7745.48193159,7745.48042969,1975.16240475,1975.20809157,0.11608220,1947.23715639,79,0
7746.04811043,7746.04685154,1992.41080196,1992.44917576,0.03474290,1947.56051738,79,0
7747.66483205,7747.66929768,0.00000000,2041.87421242,0.03998251,1948.45908501,79,0
7748.17985671,7748.17996151,2057.67797375,2057.67475386,0.02820643,1948.73745883,79,0
7748.65076081,7748.64984254,2072.13018887,2072.15846175,0.07296847,1948.98885051,79,0
7752.75235023,7752.75216927,2199.48375886,2199.48942437,0.08329138,1951.04320970,79,0
7753.10767254,7753.11612277,0.00000000,2210.62179452,0.13865006,1951.20952766,79,0
7754.94930670,7754.95181375,2268.64803589,2268.56886198,0.07450185,1952.04073936,79,0
7758.72747696,7758.72677907,2388.81779671,2388.84019537,0.04915263,1953.58109778,79,0
7766.53811441,7766.53750747,2643.83061176,2643.85077758,0.07102252,1956.02159285,79,0
7767.28910490,7767.28877615,2668.83730677,2668.84826946,0.04403533,1956.20042846,79,0
7767.50369860,7767.50175153,2675.94287665,2676.00787041,0.12520300,1956.24966224,79,0
7768.11392755,7768.11370834,2696.39938673,2696.40672517,0.05322181,1956.38508520,79,0
7774.08896238,7774.08927416,2899.33527668,2899.32453601,0.02234199,1957.34099888,79,0
7778.93232605,7778.93060070,3068.21074040,3068.27170518,0.06751882,1957.59424637,79,0
7782.74818950,7782.74911117,3204.47136531,3204.43813148,0.05660828,1957.43925692,79,0
7789.08955613,7789.08935620,3437.19506611,3437.20254016,0.09552211,1956.43140239,79,0
7791.90821602,7791.90348482,0.00000000,3543.45408755,0.18792310,1955.65942990,79,0
7793.19805306,7793.19981757,3592.74970283,3592.68207017,0.08067498,1955.23543205,79,0
7796.10196623,7796.09628872,0.00000000,3704.99928014,0.06289237,1954.11070977,79,0
7796.66729013,7796.67161993,0.00000000,3727.10722791,0.16450464,1953.86354287,79,0
7800.35910572,7800.35945322,3873.53920624,3873.52525413,0.07048621,1952.01236750,79,0
7802.62366547,7802.61866385,0.00000000,3965.17838744,0.08010956,1950.66402438,79,0
7805.28734149,7805.28268227,0.00000000,4074.87879133,0.08983139,1948.85809529,79,0
7774.08893163,7774.08940407,75.98288057,75.97137771,0.01858494,1952.34735113,78,0
7789.09325978,7789.08792664,447.91646524,448.05121050,0.13335661,1970.46371332,78,0
7793.20111567,7793.20030032,552.37538608,552.39620976,0.03001400,1975.11375748,78,0
7797.37388670,7797.37376184,659.54341976,659.54664296,0.04599950,1979.69305819,78,0
7800.36015660,7800.35924464,736.94632828,736.97006385,0.02480197,1982.87859209,78,0
7802.61810968,7802.61944530,795.96885116,795.93386139,0.06054786,1985.23527537,78,0
7805.28266197,7805.28371395,866.02386614,865.99609909,0.07168146,1987.95764801,78,0
7808.68380362,7808.68416970,956.23559936,956.22584182,0.03347854,1991.33911023,78,0
7814.84250488,7814.84257343,1121.87113160,1121.86927104,0.03622052,1997.18211529,78,0
7815.98952500,7815.98891659,1153.04253202,1153.05910602,0.06068910,1998.22953881,78,0
7823.13005985,7823.13075793,1349.76047257,1349.74102978,0.03222525,2004.44951574,78,0
7824.04030151,7824.03982403,1375.11845512,1375.13179538,0.03262587,2005.20406759,78,0
7828.25983884,7828.25763617,1493.76198043,1493.82438230,0.10884955,2008.58454440,78,0
7830.05702544,7830.05787650,1544.90708569,1544.88283499,0.05306343,2009.96436710,78,0
7830.53503728,7830.53395898,1558.48513335,1558.51591380,0.03206537,2010.32522642,78,0
7831.13695379,7831.13666000,1575.70748080,1575.71588447,0.07148317,2010.77594994,78,0
7831.41977003,7831.41913634,1583.79110357,1583.80924599,0.14213367,2010.98627971,78,0
7833.85809016,7833.85606603,1653.85038043,1653.90881937,0.05500527,2012.76100874,78,0
7839.87134602,7839.87104556,1829.35227147,1829.36113246,0.04271799,2016.83351064,78,0
7840.37683595,7840.38508019,0.00000000,1844.28715348,0.39381086,2017.15559901,78,0
7842.89312913,7842.88960729,1918.87772409,1918.98275271,0.19507780,2018.71005460,78,0
7843.20891352,7843.20904457,1928.40949359,1928.40558089,0.07634564,2018.89935243,78,0
7848.86563257,7848.86351666,2099.04812504,2099.11269107,0.12016608,2022.06506851,78,0
7850.42478354,7850.42647776,2146.88230398,2146.83029816,0.08013375,2022.86059928,78,0
7853.55017833,7853.55427914,2243.51228797,2243.38481089,0.06640782,2024.35084208,78,0
7854.76482823,7854.76662422,2281.29358446,2281.23747372,0.14345794,2024.89142417,78,0
7854.98106122,7854.98266574,2288.04639818,2287.99622253,0.07179272,2024.98536044,78,0
7858.57852079,7858.57900343,2401.34018752,2401.32486500,0.04944652,2026.44367166,78,0
7859.76394328,7859.76414327,2439.05574881,2439.04936844,0.08220388,2026.88020122,78,0
7860.81069383,7860.81165220,2472.55580832,2472.52508710,0.03011857,2027.24710338,78,0
7861.25859963,7861.25992888,2486.93965929,2486.89696655,0.09733799,2027.39871828,78,0
7863.08729843,7863.08593705,2545.81318357,2545.85724679,0.16165575,2027.98358356,78,0
7863.31655701,7863.31531048,2553.24090098,2553.28128745,0.15114740,2028.05299441,78,0
7863.59727886,7863.59609928,2562.34382138,2562.38208643,0.06867369,2028.13679019,78,0
7863.91325561,7863.91208560,2572.60156290,2572.63957196,0.08443985,2028.22953035,78,0
7865.67805826,7865.67744543,2630.18196421,2630.20203205,0.10611290,2028.71642326,78,0
7866.76697736,7866.76615827,2665.92445108,2665.95141197,0.08784390,2028.99014265,78,0
7867.62564552,7867.62325345,2694.20131714,2694.28036258,0.03891397,2029.19144273,78,0
7874.89309980,7874.89229857,2938.60051380,2938.62792843,0.06072713,2030.35458698,78,0
7875.23349865,7875.23556180,2950.35594877,2950.28523240,0.04721207,2030.38438771,78,0
7879.69058388,7879.68711076,3104.69214248,3104.81394725,0.14380597,2030.55809415,78,0
7880.39658090,7880.39787252,3129.66709021,3129.62162758,0.06300701,2030.54761373,78,0
7881.13789676,7881.13811705,3155.77879692,3155.77101074,0.05393211,2030.52506738,78,0
7885.36787585,7885.36828474,3306.99804725,3306.98325908,0.09257095,2030.16307938,78,0
7885.84074323,7885.85138616,0.00000000,3324.11121205,0.14964008,2030.09715828,78,0
7887.72543818,7887.72592113,3392.83789321,3392.82018871,0.07092182,2029.78169797,78,0
7888.02187234,7888.02039630,3403.64238318,3403.69658684,0.05048906,2029.72427106,78,0
7888.47138378,7888.46700105,0.00000000,3420.22385871,0.16299597,2029.63308691,78,0
7890.15031766,7890.15272959,3482.42102292,3482.33135470,0.08584224,2029.24813217,78,0
7896.58594225,7896.58669834,3726.37287863,3726.34362772,0.05352030,2027.08785362,78,0
7899.27337743,7899.27587517,3831.29684922,3831.19851927,0.09934808,2025.84167502,78,0
7899.95586900,7899.95804087,3858.21357444,3858.12768174,0.11202078,2025.49072962,78,0
7901.72622737,7901.72536439,3928.53478593,3928.56932418,0.04658211,2024.51293991,78,0
7885.84466337,7885.84989982,338.87955529,338.75035220,0.20698594,2039.36533588,77,0
7888.02210131,7888.02222827,392.61723007,392.61408028,0.03444110,2041.90132329,77,0
7896.58585079,7896.58565555,607.39871673,607.40366689,0.05584859,2051.51516082,77,0
7901.72409963,7901.72436659,738.59959322,738.59273154,0.03816700,2056.99577051,77,0
7912.25581728,7912.25573409,1013.38296884,1013.38517181,0.03051812,2067.51714483,77,0
7917.36977026,7917.36993842,1149.83078567,1149.82626410,0.03701018,2072.26043912,77,0
7920.28301273,7920.28217942,1228.47435961,1228.49696516,0.05760551,2074.85064285,77,0
7924.30731185,7924.30701473,1338.34231032,1338.35047043,0.02829915,2078.29059023,77,0
7924.81244512,7924.81268967,1352.24107861,1352.23435159,0.05235141,2078.71068033,77,0
7925.62392037,7925.62498006,1374.61618364,1374.58695284,0.14030703,2079.38009829,77,0
7930.06330709,7930.06102641,1497.84939237,1497.91321798,0.09534152,2082.92019197,77,0
7930.45062196,7930.44971811,1508.73361234,1508.75893690,0.04583578,2083.21910715,77,0
7931.80748792,7931.80630036,1546.82324402,1546.85666468,0.11394465,2084.25320582,77,0
7932.74324502,7932.74079024,1573.16610256,1573.23541266,0.09991543,2084.95471131,77,0
7935.94820557,7935.94654623,1664.16336371,1664.21072183,0.06995217,2087.28306307,77,0
7937.17096441,7937.17089293,1699.17804111,1699.18008976,0.06921489,2088.14050577,77,0
7941.09587280,7941.09749988,1812.49592812,1812.44864192,0.12881628,2090.77475341,77,0
7953.03004305,7953.03202317,2167.04832216,2166.98814754,0.06950458,2097.60690016,77,0
7954.68251801,7954.68328961,2217.40285508,2217.37924631,0.04302852,2098.40403564,77,0
7955.76787064,7955.77535130,0.00000000,2250.64843967,0.08031131,2098.90658254,77,0
7960.94886003,7960.94931975,2411.52718725,2411.51275896,0.04244334,2101.07004242,77,0
7961.28001092,7961.27686016,2421.81756041,2421.91658255,0.06750276,2101.19475177,77,0
7963.23686272,7963.23537881,2483.62794670,2483.67498270,0.05688719,2101.89697280,77,0
7964.13534571,7964.13598374,2512.22862413,2512.20832451,0.07530695,2102.19939574,77,0
7967.40398160,7967.40535294,2616.98173369,2616.93747724,0.09968687,2103.19008277,77,0
7967.90561544,7967.90466175,2633.11345289,2633.14429932,0.13152335,2103.32662447,77,0
7969.41479881,7969.42079343,0.00000000,2682.13941843,0.18535080,2103.71206020,77,0
7969.94145093,7969.94089870,2699.28844958,2699.30648095,0.08235445,2103.83738458,77,0
7970.14299967,7970.14279828,2705.88396276,2705.89054471,0.23426688,2103.88411065,77,0
7971.12087791,7971.12568784,0.00000000,2737.92622727,0.05466089,2104.10086317,77,0
7971.46669237,7971.46779249,2749.32307494,2749.28689924,0.03558779,2104.17350442,77,0
7973.47754330,7973.47820464,2815.73977827,2815.71782449,0.08849880,2104.55396487,77,0
7974.98757383,7974.98630377,2865.98659545,2866.02906675,0.08492093,2104.79172015,77,0
7978.54504224,7978.54576367,2986.01444113,2985.98989961,0.07521372,2105.18319004,77,0
7980.25055716,7980.24993449,3044.24141010,3044.26278056,0.07168292,2105.28404394,77,0
7982.04244418,7982.04287663,3106.06154009,3106.04656628,0.10561299,2105.32710612,77,0
7982.75808539,7982.75804812,3130.87044736,3130.87174288,0.08759610,2105.32587983,77,0
7983.19246609,7983.19330400,3146.01891728,3145.98971950,0.14922948,2105.31992587,77,0
7983.91908341,7983.91962568,3171.37485204,3171.35588863,0.05538240,2105.30107684,77,0
7984.87534319,7984.87311674,3204.80337479,3204.88164045,0.12245743,2105.25912403,77,0
7987.30383550,7987.30314033,3290.78514806,3290.80991158,0.08863074,2105.06292192,77,0
7989.01615135,7989.01649829,3352.10133925,3352.08886375,0.03625162,2104.84497618,77,0
7990.57272151,7990.57221924,3408.29493915,3408.31316294,0.05274122,2104.58778103,77,0
7996.51875683,7996.51853713,3627.79188899,3627.80014085,0.05425850,2103.05821510,77,0
7998.04985110,7998.04920483,3685.58936767,3685.61389254,0.16926707,2102.51572113,77,0
7998.72997616,7998.72968586,3711.46420453,3711.47526549,0.06006613,2102.25416009,77,0
8002.99071741,8002.98953860,3875.97794632,3876.02410652,0.10067028,2100.31577822,77,0
8004.12467171,8004.12516887,3920.62908482,3920.60946386,0.12324912,2099.70880046,77,0
8005.94997215,8005.95198272,3993.16518315,3993.08483906,0.09241332,2098.64753483,77,0
7978.54601314,7978.54668567,72.87752879,72.86157067,0.04571634,2101.89899104,76,0
7984.86968960,7984.86642781,223.94406966,224.02262137,0.12363657,2109.58569964,76,0
8002.98936822,8002.98894085,670.24698172,670.25774770,0.04967835,2130.04085819,76,0
8004.12219838,8004.12285115,698.86102279,698.84452040,0.09554355,2131.23663309,76,0
8020.11586243,8020.11505502,1112.09774663,1112.11908323,0.05514418,2146.97017008,76,0
8024.04028907,8024.04404183,1216.56206056,1216.46170165,0.15191785,2150.48144990,76,0
8025.07669831,8025.07542164,1244.17407365,1244.20832082,0.04421789,2151.38378676,76,0
8027.06139913,8027.05873596,1297.54755361,1297.61945389,0.07707509,2153.08361166,76,0
8028.94013429,8028.94154385,1348.51277599,1348.47451438,0.03510813,2154.65663947,76,0
8029.30161957,8029.30036659,1358.25841096,1358.29246172,0.04417963,2154.95521650,76,0
8032.01867419,8032.01929350,1432.47140107,1432.45442919,0.11322618,2157.15715898,76,0
8037.91884606,8037.92145668,1595.82152262,1595.74857231,0.07782247,2161.67273980,76,0
8038.47679183,8038.47723350,1611.36633475,1611.35396969,0.03888311,2162.08030605,76,0
8038.71564006,8038.71519348,1618.03104604,1618.04355881,0.07621578,2162.25373724,76,0
8039.55273761,8039.55206719,1641.51434750,1641.53318689,0.03350434,2162.85663031,76,0
8043.12155469,8043.12262846,1742.45160120,1742.42105777,0.10522636,2165.33828108,76,0
8043.43935083,8043.43795136,1751.42571381,1751.46556380,0.06450483,2165.55221899,76,0
8049.60287472,8049.60133118,1928.84840227,1928.89332542,0.04936373,2169.46494763,76,0
8049.92775626,8049.92656674,1938.31909825,1938.35375546,0.03440834,2169.65839337,76,0
8053.04020779,8053.04192976,2029.61511364,2029.56437672,0.03746237,2171.44465292,76,0
8055.49937229,8055.49945361,2102.38059162,2102.37817187,0.04009728,2172.76817244,76,0
8058.39382333,8058.39313041,2188.95318124,2188.97403173,0.06506836,2174.22386610,76,0
8058.81646321,8058.81944995,2201.79791319,2201.70790849,0.06079813,2174.42708820,76,0
8059.20855148,8059.20884625,2213.53978449,2213.53088521,0.02273346,2174.61328661,76,0
8065.01543651,8065.01588409,2390.84905349,2390.83522326,0.11530751,2177.11869463,76,0
8067.09459560,8067.09608926,2455.40083777,2455.35428117,0.02431592,2177.89704492,76,0
8069.03646376,8069.03753011,2516.16542511,2516.13191632,0.02644101,2178.56528586,76,0
8071.32123496,8071.31858663,2588.19447572,2588.27852360,0.07121646,2179.27680564,76,0
8080.48290121,8080.48138411,2885.08536204,2885.13557120,0.05771149,2181.27390463,76,0
8087.05838605,8087.05928078,3106.31162243,3106.28103902,0.06235397,2181.79345885,76,0
8088.10367414,8088.10575711,3142.18084884,3142.10924144,0.07134273,2181.80024371,76,0
8089.00567394,8089.00585797,3173.19478376,3173.18842931,0.08306189,2181.78870663,76,0
8090.62152013,8090.61762419,0.00000000,3229.22690952,0.09697844,2181.72706039,76,0
8094.13821299,8094.13570817,3352.79063998,3352.87956226,0.11096157,2181.40562639,76,0
8094.70927979,8094.70746338,3373.11745766,3373.18215150,0.37300262,2181.32852499,76,0
8095.76723124,8095.76932545,3411.05112674,3410.97608854,0.11275104,2181.16676832,76,0
8097.51883294,8097.51701819,3473.98043907,3474.04610950,0.07006383,2180.84410375,76,0
8098.29813509,8098.30045445,3502.39583680,3502.31152498,0.07836952,2180.67814032,76,0
8103.25049016,8103.24846944,3684.90065911,3684.97634711,0.07530109,2179.28815115,76,0
8110.11424557,8110.11445606,3947.65921314,3947.65097541,0.09887156,2176.33288608,76,0
8111.84249514,8111.84293629,4015.72016517,4015.70270014,0.06353304,2175.38488809,76,0
8090.62015045,8090.62091218,207.01936972,207.00129447,0.16268150,2186.43586414,75,0
8111.84187236,8111.84286774,723.86998555,723.84508700,0.03139265,2210.08673148,75,0
8122.77135783,8122.76849941,1001.24741075,1001.32107815,0.09271920,2220.90180749,75,0
8125.98395411,8125.98821345,1084.60677223,1084.49598820,0.04430561,2223.88865744,75,0
8126.94402703,8126.94498951,1109.51959692,1109.49449950,0.02349247,2224.76341229,75,0
8148.38477638,8148.38618089,1687.40820262,1687.36903765,0.05858643,2242.03366411,75,0
8149.41310792,8149.41664814,1716.20301908,1716.10394773,0.04432926,2242.74500051,75,0
8158.20221496,8158.20246838,1965.85185849,1965.84454387,0.13592267,2248.33979587,75,0
8158.54931464,8158.55005779,1975.89145604,1975.86997684,0.05105221,2248.54238990,75,0
8159.27686928,8159.27341676,1996.82213614,1996.92216584,0.04824664,2248.96228577,75,0
8161.94309783,8161.94353090,2074.54836234,2074.53569027,0.01623418,2250.44563072,75,0
8164.58971757,8164.59167142,2152.42564924,2152.36790822,0.05069115,2251.83093381,75,0
8166.95422992,8166.95745632,2222.67350992,2222.57728395,0.21140507,2252.99272559,75,0
8168.99662376,8168.99517822,2283.69153407,2283.73499622,0.04605381,2253.93682386,75,0
8170.89289279,8170.89326319,2340.97235407,2340.96113588,0.11425072,2254.76294888,75,0
8174.29468818,8174.29260299,2444.65699076,2444.72104262,0.06120416,2256.11954968,75,0
8175.27078962,8175.27030245,2474.75351336,2474.76854118,0.03452640,2256.47838093,75,0
8178.44773189,8178.44987599,2573.47548204,2573.40846745,0.06709188,2257.54887610,75,0
8182.62768388,8182.63025433,2705.35468318,2705.27284434,0.06813283,2258.72239793,75,0
8183.46152256,8183.46398833,2731.94921197,2731.87041178,0.08702994,2258.92336119,75,0
8185.51001538,8185.51003551,2797.63890990,2797.63826077,0.04305446,2259.36872945,75,0
8187.55281954,8187.54945515,2863.73754248,2863.84710039,0.05402532,2259.74288193,75,0
8187.81023126,8187.80993496,2872.23460236,2872.24426458,0.04536984,2259.78501213,75,0
8189.72664938,8189.72698639,2935.01215966,2935.00107308,0.08131533,2260.06191219,75,0
8192.47373231,8192.47425892,3025.99681285,3025.97925362,0.13131816,2260.34433802,75,0
8193.15690003,8193.15640988,3048.78261243,3048.79901383,0.05891030,2260.39306625,75,0
8196.08685251,8196.08565101,3147.51286726,3147.55366846,0.10372483,2260.50160400,75,0
8204.59498807,8204.59355428,3442.96827170,3443.01922843,0.08031970,2259.83118943,75,0
8206.90298696,8206.90359375,3525.60517411,3525.58332773,0.10354448,2259.37641454,75,0
8209.19164994,8209.19157315,3608.52951443,3608.53231644,0.07066082,2258.80151908,75,0
8211.36435747,8211.36394833,3688.32956449,3688.34469730,0.03310964,2258.13651264,75,0
8214.51288199,8214.51307329,3805.91134863,3805.90413793,0.06026467,2256.95678252,75,0
8219.28047093,8219.27908201,3988.41930072,3988.47334577,0.21175818,2254.65040323,75,0
8221.36778172,8221.36785277,4070.25470906,4070.25190512,0.09146928,2253.42957502,75,0
8192.47677595,8192.46923684,0.00000000,33.33596110,0.14317630,2257.13341539,74,0
8204.59409037,8204.59822887,316.34285644,316.24487435,0.05026618,2271.52135131,74,0
8211.36253518,8211.36242244,477.79654959,477.79926285,0.03283343,2279.13202481,74,0
8214.51279281,8214.51135619,553.87003643,553.90488281,0.03108425,2282.56464254,74,0
8219.11102226,8219.28445244,0.00000000,666.07463111,0.23173012,2287.44556263,74,0
8229.61208244,8229.61297902,927.34699649,927.32436992,0.06013398,2297.98941701,74,0
8230.23619555,8230.23535302,943.06462434,943.08591758,0.10363204,2298.58864626,74,0
8230.60022723,8230.60054821,952.29862291,952.29050294,0.03241457,2298.93664774,74,0
8234.21676917,8234.21430784,1044.18447713,1044.24737642,0.06886850,2302.33466382,74,0
8250.07354729,8250.06942059,1458.85365683,1458.96419030,0.10331598,2315.88271452,74,0
8254.37893321,8254.37587474,1574.98912194,1575.07217042,0.06537536,2319.15452657,74,0
8258.45492316,8258.45449785,1686.46842066,1686.48012352,0.04759498,2322.07952783,74,0
8259.24559766,8259.24609127,1708.27830412,1708.26468621,0.07163617,2322.62694028,74,0
8263.19041071,8263.19035780,1817.83231789,1817.83379752,0.04419810,2325.25853467,74,0
8273.48865375,8273.48971997,2111.11349044,2111.08255526,0.04262577,2331.30293982,74,0
8273.96219510,8273.96371471,2124.87760856,2124.83344420,0.06167073,2331.55068727,74,0
8274.59000666,8274.58754736,2143.02844858,2143.10008479,0.06891592,2331.87485171,74,0
8276.91928884,8276.91765035,2211.21194819,2211.26011666,0.13146233,2333.03465801,74,0
8282.03341030,8282.03395267,2363.07283274,2363.05657505,0.05648802,2335.33553713,74,0
8284.06536817,8284.06071757,0.00000000,2424.23348911,0.04592530,2336.15279366,74,0
8286.26528285,8286.26821395,2491.12408374,2491.03467620,0.05977478,2336.97300237,74,0
8289.21892845,8289.22185358,2581.77814207,2581.68780358,0.08159378,2337.96559043,74,0
8293.05341155,8293.05643502,2701.18737773,2701.09243895,0.11064260,2339.06135361,74,0
8293.55313928,8293.55256698,2716.77636225,2716.79437475,0.07868256,2339.18755440,74,0
8297.91415448,8297.91337545,2855.37364957,2855.39865861,0.05402264,2340.12123130,74,0
8298.68958521,8298.68984584,2880.34500096,2880.33660499,0.04873096,2340.25484439,74,0
8308.37372855,8308.37461782,3199.66094765,3199.63091607,0.12969812,2341.03997651,74,0
8311.79623352,8311.79877666,3316.33164780,3316.24421507,0.14908334,2340.89905254,74,0
8312.06185390,8312.05932598,3325.29558023,3325.38261165,0.07038463,2340.87835015,74,0
8314.81811331,8314.81909763,3421.02219308,3420.98778945,0.06910358,2340.57763853,74,0
8323.70883650,8323.70933169,3739.72126280,3739.70303921,0.04081355,2338.46705157,74,0
8325.83174605,8325.83216567,3818.34342907,3818.32778787,0.12432559,2337.68457528,74,0
8329.02533406,8329.02537722,3938.60982512,3938.60818312,0.08162014,2336.28734790,74,0
8331.05897563,8331.06149200,4016.61092901,4016.51386760,0.06796944,2335.25327834,74,0
8314.81979869,8314.82050739,265.75444465,265.73797085,0.02066275,2350.84267093,73,0
8323.70504429,8323.70374255,474.41273572,474.44363944,0.08081144,2360.80476367,73,0
8331.06158294,8331.06307434,650.68711253,650.65106563,0.03595517,2368.64977346,73,0
8393.23563439,8393.23613110,2297.26829484,2297.25372688,0.02662952,2416.72671646,73,0
8406.87930848,8406.88019876,2708.56081498,2708.53320110,0.14736036,2421.60496314,73,0
8440.85554585,8440.85366753,3854.92572587,3854.99523136,0.07417908,2420.29841701,73,0
8440.37592502,8440.37749772,499.43992706,499.40300506,0.09801169,2445.94698638,72,0
8470.25278793,8470.25232084,1228.17047143,1228.18233211,0.09815396,2474.89495072,72,0
8537.87813051,8537.87970104,3158.99110950,3158.93980163,0.13735169,2508.61172623,72,0
8599.75561678,8599.76010765,1487.86473837,1487.74886061,0.34375307,2569.60440462,71,0
8600.70015912,8600.69604317,1512.04907855,1512.15558546,0.20395921,2570.32202756,71,0
8664.90384729,8664.90348792,3381.60203158,3381.61401330,0.07498665,2595.68025597,71,0
8676.74040850,8676.73414107,0.00000000,3789.22040679,0.11032287,2593.58983492,71,0
8711.61536730,8711.61605436,1212.70508861,1212.68814942,0.03451345,2649.61994134,70,0
8746.54312479,8746.54319249,2120.58669960,2120.58483795,0.02331106,2674.08672473,70,0
8767.22405738,8767.22307091,2711.75037701,2711.77974609,0.13791868,2682.70948531,70,0
8776.18081251,8776.18523029,2983.74861424,2983.61187416,0.14020114,2684.73631117,70,0
8805.82705144,8805.82910063,3973.27873079,3973.20443960,0.04616831,2681.73433126,70,0
8805.82511403,8805.83115760,465.33935117,465.20374105,0.05051143,2710.30256191,69,0
8820.92575913,8820.92468898,810.07502291,810.09991074,0.03558515,2725.56731932,69,0
8905.30044552,8905.30102639,3043.43416166,3043.41627716,0.04641710,2776.98298146,69,0
8980.66832900,8980.66408481,1525.96868181,1526.07411463,0.08890769,2844.94848444,68,0
8993.44675048,8993.44562381,1849.65426568,1849.68336472,0.03792201,2853.78919063,68,0
8995.72520945,8995.72452717,1908.73600473,1908.75376045,0.01966429,2855.21891135,68,0
9026.86073972,9043.48949727,0.00000000,2764.66671657,0.34181675,2869.55566298,68,0
9104.24991065,9104.24589355,1273.96865043,1274.06417671,0.05573955,2933.49243340,67,0
9134.80331928,9134.80471202,2033.61010597,2033.57384378,0.05398841,2954.94650452,67,0
9272.77835003,9272.78051976,2023.05085130,2022.99525905,0.05897899,3054.38691564,66,0
9292.53455162,9292.53369679,2546.71914116,2546.74260776,0.30367414,3064.05733678,66,0
9317.56654104,9317.56472268,3269.82202252,3269.87744682,0.06044841,3070.13258245,66,0
9459.85731047,9459.85328240,3239.01064069,3239.13103019,0.07476208,3173.26298744,65,0
9474.77899176,9474.78238523,3701.52152760,3701.41240033,0.06936666,3173.19358850,65,0
9622.86881025,9622.86574833,3703.86846718,3703.96547451,0.07614617,3279.89275478,64,0
9628.99425593,9628.99396178,3901.21233168,3901.22196625,0.08510568,3278.93878188,64,0
9896.17673874,9896.17568735,2656.77061838,2656.79817796,0.09887514,3496.77071581,62,0
5175.77418275,5175.76055339,0.00000000,1538.00000000,0.00000000,6.65261843,118,4
5182.11028899,5182.10933371,1813.19905541,1813.24126414,0.02125362,10.93736102,118,0
5182.32112373,5182.32049588,1822.53438645,1822.56215835,0.00969131,11.07126280,118,0
5186.01496839,5186.01505343,1987.65977972,1987.65593845,0.02772033,13.25760804,118,0
5186.15266905,5186.15775082,0.00000000,1993.87438965,0.00000000,13.33229012,118,2
5190.00793657,5190.00686344,2170.04816931,2170.09779275,0.04549297,15.17628108,118,0
5190.64829233,5190.64778331,2199.74642584,2199.77006098,0.02166334,15.43101368,118,0
5192.95926979,5192.95913527,2307.81612897,2307.82246375,0.03351838,16.21074520,118,0
5193.44876103,5193.44805687,2330.87456686,2330.90782478,0.03935208,16.34624683,118,0
5195.34162476,5195.34150094,2420.84955282,2420.85547297,0.07428218,16.76603946,118,0
5199.42953791,5199.44224981,0.00000000,2619.00000000,0.00000000,17.06534842,118,5
5202.91029224,5202.90437392,0.00000000,2792.15058669,0.06460014,16.61447042,118,0
5204.64349595,5204.63842920,0.00000000,2880.00000000,0.00000000,16.13774229,118,4
5206.61124568,5206.61196877,2981.14236939,2981.10493434,0.05563520,15.39249937,118,0
5207.45140915,5207.44655664,0.00000000,3024.76756659,0.06415325,15.00867742,118,0
5209.23555175,5209.23637960,3118.43277175,3118.38902744,0.03408565,14.06756750,118,0
5214.18074620,5214.18357616,1294.64773187,1294.53119723,0.06854461,35.59478292,117,0
5216.63139540,5216.63177488,1396.06661258,1396.05079799,0.03016325,38.06008720,117,0
5218.38706801,5218.38634606,1469.48120809,1469.51155233,0.01920923,39.72494651,117,0
5220.00342788,5220.00089976,1537.61499891,1537.72211938,0.02674536,41.18041298,117,0
5227.94341424,5227.94224367,1881.16389320,1881.21562581,0.04588261,47.16421966,117,0
5230.74883603,5230.74840466,2006.16149566,2006.18085953,0.03081541,48.77553588,117,0
5231.74719208,5231.75142885,0.00000000,2051.13012695,0.00000000,49.28045318,117,2
5232.45390413,5232.45594910,2083.19770958,2083.10498456,0.05367449,49.61549752,117,0
5233.62715918,5233.62651274,2136.45028040,2136.47979435,0.02952012,50.12999692,117,0
5234.25945115,5234.25993874,2165.42427562,2165.40192899,0.00734214,50.38535348,117,0
5235.61555726,5235.61642150,2227.86047627,2227.82053357,0.03561993,50.88022235,117,0
5236.11639886,5236.11681246,0.00000000,2251.00000000,0.00000000,51.04440179,117,4
5240.81757092,5240.81717539,2472.11865740,2472.13754850,0.04941784,52.07598263,117,0
5241.46937243,5241.46900990,2503.31672567,2503.33411314,0.02745573,52.14350589,117,0
5243.24415503,5243.24415191,2588.94390543,2588.94405684,0.04489530,52.22967763,117,0
5243.77084253,5243.77132820,2614.57136747,2614.54771611,0.04489447,52.22723173,117,0
5246.14406636,5246.14447602,2731.10624641,2731.08595913,0.04930687,52.05211701,117,0
5249.10159710,5249.10399466,0.00000000,2879.10009766,0.00000000,51.44297447,117,2
5249.48599542,5249.48780406,2898.65400099,2898.56225516,0.05555566,51.33078725,117,0
5252.20470245,5252.20350117,3037.82486044,3037.88707392,0.06899343,50.31083470,117,0
5252.67788947,5252.67669865,3062.37873198,3062.44064398,0.05963069,50.09177711,117,0
5255.33155212,5255.33154202,3201.82799658,3201.82853271,0.04686129,48.62639096,117,0
5256.73431842,5256.73420351,0.00000000,3276.74804688,0.00000000,47.68382141,117,3
5257.15291355,5257.15363591,3299.29124514,3299.25230881,0.07719543,47.37967187,117,0
5258.50750636,5258.50801425,3372.70989141,3372.68219693,0.04568793,46.32005933,117,0
5260.16981090,5260.18264452,0.00000000,3464.00000000,0.00000000,44.85970268,117,4
5261.35642516,5261.36791758,0.00000000,3530.00000000,0.00000000,43.70660747,117,4
5249.48029779,5249.48780406,0.00000000,909.00000000,0.00000000,60.34888637,116,4
5252.20048427,5252.20350117,0.00000000,1016.00000000,0.00000000,63.71217840,116,4
5252.67594693,5252.67669865,1034.88499568,1034.85518894,0.04502082,64.28254638,116,0
5255.33163925,5255.33154202,1140.76500802,1140.76890946,0.04047269,67.36191783,116,0
5256.73567977,5256.73420351,1197.22490617,1197.28451539,0.04662002,68.91840975,116,0
5257.15310327,5257.15363591,1214.17883138,1214.15727881,0.02634555,69.37138946,116,0
5258.50710124,5258.50801425,1269.15250173,1269.11532339,0.02566993,70.80945109,116,0
5260.18111276,5260.18264452,1337.61773424,1337.55487863,0.02646509,72.52018848,116,0
5261.36834733,5261.36791758,1386.39916393,1386.41690517,0.02100162,73.68711782,116,0
5265.32973650,5265.33100601,1551.56648279,1551.51304910,0.04929510,77.29361035,116,0
5266.21831344,5266.21892710,0.00000000,1589.00000000,0.00000000,78.04004289,116,4
5266.70997263,5266.71303273,0.00000000,1609.81311035,0.00000000,78.44287119,116,2
5266.84366608,5266.84038732,0.00000000,1615.48171772,0.19134273,78.55114900,116,0
5268.87283058,5268.87801204,0.00000000,1702.00000000,0.00000000,80.12742827,116,4
5269.60856656,5269.60471623,0.00000000,1733.59668688,0.04118906,80.66734143,116,0
5270.01731628,5270.01799965,1751.22997183,1751.20050285,0.03062374,80.95984562,116,0
5272.09573473,5272.09532822,1841.30837130,1841.32609619,0.02873998,82.36420312,116,0
5273.47259178,5273.47272601,1901.59991607,1901.59401696,0.02429020,83.21625183,116,0
5274.71054525,5274.70935759,1956.12182526,1956.17436554,0.02400871,83.92761396,116,0
5276.14291051,5276.14631750,0.00000000,2019.80200195,0.00000000,84.68450176,116,2
5276.66152792,5276.66080874,2042.92536116,2042.95751957,0.04477513,84.94059619,116,0
5277.39480646,5277.39483989,2075.82389740,2075.82239539,0.04145036,85.28633233,116,0
5281.84932764,5281.84889931,2278.58538532,2278.60514590,0.01888047,86.95865103,116,0
5282.00945277,5282.00779310,2285.91905579,2285.99569598,0.16182475,87.00460387,116,0
5284.84280665,5284.84255909,0.00000000,2418.00000000,0.00000000,87.64755887,116,5
5285.04959487,5285.04919660,2427.69895166,2427.71769640,0.03425578,87.68157749,116,0
5288.37600243,5288.40146979,0.00000000,2586.00000000,0.00000000,87.97847874,116,4
5295.50460571,5295.50464489,2937.55020346,2937.54822169,0.03915405,86.90373365,116,0
5298.91954653,5298.92023834,3112.61471452,3112.57879637,0.04094367,85.47712089,116,0
5300.91429261,5300.91520383,3217.04294147,3216.99484750,0.05292705,84.34413216,116,0
5302.04401250,5302.04448804,3276.90445586,3276.87912903,0.06265501,83.59937122,116,0
5304.57089614,5304.56851400,0.00000000,3412.91926965,0.06599688,81.65048647,116,0
5306.03317777,5306.04644960,0.00000000,3493.00000000,0.00000000,80.33658448,116,5
5308.06459386,5308.06476298,0.00000000,3606.00000000,0.00000000,78.27278453,116,5
5310.00610044,5310.01852329,0.00000000,3716.00000000,0.00000000,76.02832128,116,4
5311.51649908,5311.51803819,0.00000000,3803.00000000,0.00000000,74.08896626,116,4
5295.50391125,5295.50464489,923.54288672,923.51438250,0.03145809,96.94865012,115,0
5298.91971419,5298.92023834,1057.19162177,1057.17096079,0.02455826,101.12242844,115,0
5300.91412575,5300.91520383,1136.16420421,1136.12133039,0.02579727,103.42369209,115,0
5302.04461457,5302.04448804,1181.18936158,1181.19441886,0.03016079,104.68295614,115,0
5304.57179911,5304.56851400,1282.66802427,1282.80087662,0.04659481,107.37656676,115,0
5306.04859358,5306.04644960,1342.64369005,1342.73099769,0.09225667,108.87124613,115,0
5308.06497883,5308.06476298,1425.23277925,1425.24165163,0.03597686,110.81510289,115,0
5310.01868613,5310.01852329,1505.94454797,1505.95130801,0.03380164,112.58898110,115,0
5311.50790592,5311.51803819,0.00000000,1568.00000000,0.00000000,113.86709236,115,4
5316.75575017,5316.75723042,1790.49128561,1790.42768067,0.02354214,117.83854557,115,0
5320.86834535,5320.87484411,0.00000000,1969.12305760,0.02656218,120.33964176,115,0
5321.92391525,5321.92339252,2015.62136711,2015.64446690,0.02794814,120.89019553,115,0
5325.50818222,5325.51151738,0.00000000,2175.72021484,0.00000000,122.46756134,115,2
5325.51021920,5325.60744890,0.00000000,2175.81214097,0.21079486,122.46832610,115,0
5326.98559471,5326.98526162,2242.67331629,2242.68848060,0.03764492,122.98180807,115,0
5328.79515479,5328.79833251,0.00000000,2325.52685547,0.00000000,123.49912410,115,2
5333.06194819,5333.06166288,2524.58281253,2524.59630563,0.02680776,124.20530456,115,0
5334.57983381,5334.57926837,2596.70904282,2596.73605307,0.04952572,124.27403822,115,0
5338.02577357,5338.02595217,2763.30563493,2763.29689991,0.04449297,124.05230928,115,0
5339.73985535,5339.74118923,2847.71575251,2847.64969968,0.05185076,123.73741253,115,0
5342.99272147,5342.99259087,3010.61032949,3010.61695185,0.03097282,122.74287675,115,0
5348.12856640,5348.12865133,3276.33687683,3276.33239197,0.04877067,120.02808185,115,0
5350.48486489,5350.46609996,0.00000000,3402.00000000,0.00000000,118.27094002,115,4
5351.50370595,5351.49903703,0.00000000,3457.11718750,0.00000000,117.40416321,115,1
5351.61735087,5351.61373969,0.00000000,3463.29539404,0.13549602,117.30334761,115,0
5355.84800210,5355.84832753,3697.83809307,3697.81969458,0.03552855,112.93017951,115,0
5357.06708926,5357.06692718,3767.12742421,3767.13669360,0.06324449,111.43335717,115,0
5358.05668112,5358.06313395,0.00000000,3824.00000000,0.00000000,110.13566252,115,5
5359.80774256,5359.80808404,0.00000000,3926.00000000,0.00000000,107.64993969,115,4
5338.02535048,5338.02595217,773.31004120,773.28724193,0.02664374,128.56541817,114,0
5339.73815736,5339.74118923,0.00000000,838.41314697,0.00000000,130.80999735,114,3
5342.99246972,5342.99259087,963.45482825,963.45014161,0.01240702,134.90070439,114,0
5348.12898787,5348.12865133,1164.34586985,1164.35918336,0.02995111,140.86635309,114,0
5350.45845871,5350.46609996,0.00000000,1257.00000000,0.00000000,143.36296854,114,4
5351.49844469,5351.49903703,0.00000000,1298.67932129,0.00000000,144.43357049,114,2
5351.61922199,5351.61373969,0.00000000,1303.53268871,0.15468893,144.55610935,114,0
5355.84892176,5355.84832753,1475.22297791,1475.24735000,0.03910802,148.60500210,114,0
5357.06796965,5357.06692718,1525.35013638,1525.39313794,0.02403472,149.68190481,114,0
5358.06284539,5358.06313395,1566.54836050,1566.53639565,0.01731244,150.52973821,114,0
5359.80297974,5359.80808404,0.00000000,1639.00000000,0.00000000,151.94450761,114,4
5366.20526857,5366.20445883,1911.21668597,1911.25171552,0.04510417,156.36172296,114,0
5369.86147554,5369.86586386,0.00000000,2071.00000000,0.00000000,158.29033745,114,4
5372.41502258,5372.40958822,0.00000000,2184.54816390,0.02350691,159.36192037,114,0
5372.84237404,5372.84469663,2203.81990902,2203.71559995,0.04084661,159.51824554,114,0
5376.99673740,5376.99673162,2392.63074015,2392.63100669,0.01881390,160.67909090,114,0
5377.25606285,5377.25635320,2404.59915522,2404.58575982,0.02210008,160.72933474,114,0
5378.64875941,5378.65184259,0.00000000,2469.12133789,0.00000000,160.95283567,114,2
5379.60264498,5379.60803421,0.00000000,2513.64900046,0.06102526,161.06008933,114,0
5383.37375944,5383.37707201,0.00000000,2692.42993164,0.00000000,161.10485810,114,2
5383.48973782,5383.51679099,0.00000000,2698.00000000,0.00000000,161.09633378,114,4
5384.42733460,5384.42716411,2743.17856296,2743.18680829,0.05090455,161.00504246,114,0
5385.71925928,5385.71542025,0.00000000,2805.94559052,0.08494419,160.81289099,114,0
5387.02572370,5387.01545647,0.00000000,2869.98800941,0.03105379,160.53852855,114,0
5391.32315082,5391.34609672,0.00000000,3085.00000000,0.00000000,159.04023857,114,4
5392.59161763,5392.59022024,3149.73759473,3149.80935482,0.04419120,158.41462630,114,0
5395.64024156,5395.64128962,3308.30700494,3308.25185960,0.07506051,156.54716200,114,0
5396.22310003,5396.23499529,0.00000000,3339.00000000,0.00000000,156.12931990,114,5
5397.04173346,5397.04184288,3382.42998690,3382.42416128,0.06816350,155.50861453,114,0
5400.34093783,5400.34017685,3560.53321264,3560.57488468,0.06988665,152.58828927,114,0
5401.03362434,5401.03330291,3598.61989360,3598.63761496,0.06073877,151.88670012,114,0
5402.40999037,5402.40725651,0.00000000,3675.00000000,0.00000000,150.39708895,114,4
5403.39419835,5403.39363066,3730.16871797,3730.20070761,0.05735949,149.25226786,114,0
5407.87039584,5407.88513973,0.00000000,3988.00000000,0.00000000,143.15542793,114,4
5408.37838798,5408.37257039,0.00000000,4018.00000000,0.00000000,142.36621155,114,4
5383.38954418,5383.37707201,0.00000000,703.00000000,0.00000000,163.23579348,113,4
5383.49679944,5383.51679099,0.00000000,707.00000000,0.00000000,163.38142848,113,4
5384.42675939,5384.42716411,741.77099419,741.75584562,0.03326652,164.63455777,113,0
5385.71202971,5385.71542025,0.00000000,790.00000000,0.00000000,166.33741484,113,4
5387.02546031,5387.01545647,0.00000000,839.56357447,0.01201542,168.04241504,113,0
5391.33255612,5391.34609672,0.00000000,1004.00000000,0.00000000,173.37487217,113,4
5392.59344726,5392.59022024,1052.58394102,1052.70893750,0.02532996,174.85831094,113,0
5395.63969025,5395.64128962,1171.55261172,1171.48983340,0.06427050,178.29051173,113,0
5396.23021113,5396.23499529,0.00000000,1194.70247930,0.05602195,178.93045105,113,0
5397.04191580,5397.04184288,1226.70082783,1226.70370859,0.02698038,179.79612493,113,0
5400.33931522,5400.34017685,1357.98453566,1357.94998346,0.05323641,183.14521022,113,0
5401.03422278,5401.03330291,1385.82849317,1385.86551126,0.03781665,183.81569029,113,0
5402.42477920,5402.40725651,0.00000000,1442.00000000,0.00000000,185.11936253,113,4
5403.39481070,5403.39363066,1481.32403051,1481.37205268,0.02502641,185.99816046,113,0
5407.88413548,5407.88513973,1666.11040346,1666.06862565,0.08265674,189.72775936,113,0
5408.37319465,5408.37257039,1686.41238206,1686.43841412,0.01786259,190.09932756,113,0
5411.73846720,5411.73846580,1828.00793733,1828.00799662,0.05080328,192.46276621,113,0
5416.26283913,5416.26351912,2022.39789291,2022.36832915,0.02442597,195.08217556,113,0
5419.55752260,5419.54654902,0.00000000,2167.00000000,0.00000000,196.56032870,113,4
5423.49843259,5423.49720742,2343.61510849,2343.67066969,0.05804628,197.81925490,113,0
5428.18545981,5428.18728949,2559.49565913,2559.41018241,0.01818872,198.54021566,113,0
5430.55728816,5430.55552228,2670.99586425,2671.07965896,0.06558382,198.56073306,113,0
5431.74633943,5431.74594982,2727.70471258,2727.72335282,0.03291591,198.47921829,113,0
5432.85757516,5432.85736280,2781.07513433,2781.08537028,0.06770622,198.34585820,113,0
5440.13502525,5440.13595848,3141.24929965,3141.20185105,0.08736322,196.01372026,113,0
5440.60037942,5440.59868824,3164.81336513,3164.89965013,0.06180717,195.77297990,113,0
5445.44595079,5445.44492862,3416.93313765,3416.98738976,0.07415866,192.54821337,113,0
5445.81972021,5445.81995965,3436.86915753,3436.85640938,0.09094029,192.24259102,113,0
5447.38038265,5447.38020670,3520.49460380,3520.50409688,0.05767472,190.87379511,113,0
5448.56707473,5448.56553490,3584.77393210,3584.85789318,0.04204556,189.73055212,113,0
5452.23045489,5452.22020258,0.00000000,3788.00000000,0.00000000,185.60965990,113,4
5453.90945234,5453.90941359,3883.46635690,3883.46857865,0.04852161,183.40576646,113,0
5428.16465821,5428.18728949,0.00000000,582.00000000,0.00000000,196.40625163,112,4
5430.55560427,5430.55552228,669.66539807,669.66841731,0.05025790,199.75169784,112,0
5431.74601131,5431.74594982,713.61786449,713.62014031,0.01850508,201.37495626,112,0
5432.85686055,5432.85736280,754.83384687,754.81518122,0.02766804,202.86363117,112,0
5440.13510110,5440.13595848,1029.45609186,1029.42325435,0.03163353,211.97406362,112,0
5440.60024944,5440.59868824,1047.19710536,1047.25702270,0.05776701,212.51666528,112,0
5445.44487155,5445.44492862,1235.13850450,1235.13626726,0.04409139,217.86798074,112,0
5445.81881193,5445.81995965,1249.85190939,1249.80684514,0.05066690,218.25772774,112,0
5447.38107932,5447.38020670,1311.34397356,1311.37848520,0.02671574,219.84898025,112,0
5448.56685705,5448.56553490,1358.34180619,1358.39437210,0.06402675,221.01562397,112,0
5452.19767611,5452.22020258,0.00000000,1504.00000000,0.00000000,224.36216203,112,4
5453.91005165,5453.90941359,1573.51693730,1573.54296358,0.01513295,225.81812269,112,0
5460.37927498,5460.38091559,1841.77806569,1841.70892915,0.05111872,230.56853993,112,0
5460.76952381,5460.76844414,1858.12557539,1858.17116783,0.05119969,230.81539178,112,0
5461.08397732,5461.08502290,1871.50559372,1871.46136451,0.02023023,231.01089660,112,0
5465.74230565,5465.74241900,2071.00153704,2070.99661897,0.05562339,233.53968195,112,0
5477.22365668,5477.22693531,0.00000000,2586.29760742,0.00000000,236.53971321,112,2
5478.29051335,5478.29074174,2636.06385472,2636.05316547,0.06701597,236.55976858,112,0
5478.70516507,5478.70531736,2655.49521897,2655.48807076,0.05423507,236.55471027,112,0
5479.37041212,5479.37045083,2686.78617457,2686.78434969,0.04380550,236.53134525,112,0
5481.78114409,5481.78470722,0.00000000,2801.38095881,0.02799106,236.28557024,112,0
5481.93521272,5481.93615548,2808.81186073,2808.76662755,0.06418108,236.26109912,112,0
5482.61889839,5482.62061971,0.00000000,2841.64599609,0.00000000,236.13948021,112,2
5482.72862641,5482.72745902,2846.88469755,2846.94102358,0.07376644,236.11795859,112,0
5484.11552994,5484.12176815,0.00000000,2914.16992188,0.00000000,235.79803089,112,2
5488.52582228,5488.52701508,3132.58088482,3132.52085354,0.03690020,234.16254094,112,0
5490.40766528,5490.40823681,3227.95702281,3227.92783142,0.05904796,233.16202356,112,0
5494.47720985,5494.47758542,3439.22647702,3439.20664801,0.05634897,230.32902434,112,0
5496.10993445,5496.11807809,0.00000000,3526.00000000,0.00000000,228.91928205,112,4
5496.82562533,5496.82613547,3564.45986628,3564.43239356,0.05242711,228.24938589,112,0
5497.95429388,5497.95431036,3625.53658536,3625.53568906,0.05355317,227.12669956,112,0
5499.27176783,5499.27141885,3697.64752510,3697.66674847,0.04509123,225.71045178,112,0
5502.21245291,5502.21300922,3861.88876779,3861.85727430,0.04978342,222.12034417,112,0
5503.34367566,5503.34415180,3926.29884578,3926.27158454,0.06782227,220.57321785,112,0
5503.71354257,5503.71410532,3947.51846424,3947.48612312,0.06723784,220.04660971,112,0
5505.65860815,5505.65860524,4060.40256102,4060.40273138,0.06480778,217.10163140,112,0
5477.22226135,5477.22693531,0.00000000,587.46569824,0.00000000,234.91499692,111,2
5478.29050447,5478.29074174,626.23150183,626.22287704,0.04082411,236.41855539,111,0
5478.69688081,5478.70531736,0.00000000,641.00000000,0.00000000,236.98425818,111,4
5479.36977401,5479.37045083,665.55677455,665.53207894,0.01994690,237.91418185,111,0
5481.78078633,5481.78470722,0.00000000,753.94710169,0.05193318,241.17020171,111,0
5481.93729173,5481.93615548,759.66793688,759.70982471,0.29087023,241.37723475,111,0
5482.61816533,5482.62061971,0.00000000,784.85229492,0.00000000,242.27308255,111,2
5482.72815878,5482.72745902,788.88915531,788.91503687,0.05490305,242.41670750,111,0
5484.13238260,5484.12176815,0.00000000,841.00000000,0.00000000,244.23005305,111,4
5488.52542143,5488.52701508,1005.93855752,1005.87820603,0.04437115,249.62854142,111,0
5490.40797371,5490.40823681,1077.46136825,1077.45132728,0.02886058,251.81037667,111,0
5494.47760049,5494.47758542,1234.16271426,1234.16329989,0.03373034,256.24605998,111,0
5496.11429775,5496.11807809,0.00000000,1298.00000000,0.00000000,257.91857378,111,4
5496.82632954,5496.82613547,1325.90820838,1325.91582860,0.03624199,258.62552701,111,0
5497.95482768,5497.95431036,1370.31885947,1370.33927872,0.02409496,259.71986994,111,0
5499.27118648,5499.27141885,1422.46744516,1422.45821970,0.01313054,260.95579041,111,0
5502.21292814,5502.21300922,1540.09109759,1540.08783273,0.04815157,263.55476851,111,0
5503.34416055,5503.34415180,1585.76775347,1585.76810774,0.03356067,264.49292328,111,0
5503.71349425,5503.71410532,1600.75988503,1600.73510033,0.03662327,264.79165284,111,0
5505.65811290,5505.65860524,1680.01323430,1679.99307255,0.04859934,266.30239011,111,0
5511.65110704,5511.65152301,1929.23360589,1929.21603676,0.03794292,270.27264247,111,0
5511.94700829,5511.94692785,1941.71956480,1941.72296706,0.03601507,270.44069517,111,0
5513.02777038,5513.02739804,1987.56385221,1987.57969801,0.01380700,271.03136593,111,0
5516.65056027,5516.64885387,2143.20154615,2143.27562389,0.03785308,272.73794844,111,0
5518.68940538,5518.69234677,0.00000000,2232.30175781,0.00000000,273.50627646,111,2
5520.67705835,5520.67697055,2320.10800792,2320.11190956,0.06542615,274.11625011,111,0
5521.34304505,5521.34162459,2349.69676544,2349.76011897,0.04273742,274.28904410,111,0
5522.56044129,5522.56077830,2404.28420665,2404.26905884,0.03389845,274.56305524,111,0
5524.23672844,5524.23537169,0.00000000,2480.00000000,0.00000000,274.84984721,111,4
5526.96829535,5526.96858748,2605.11525612,2605.10176036,0.08954908,275.08443107,111,0
5529.35271616,5529.35388998,2716.17886672,2716.12377305,0.11701260,275.04307626,111,0
5529.51669710,5529.51760729,2723.86738113,2723.82461264,0.05975134,275.03150535,111,0
5532.23532376,5532.23406046,2852.68006606,2852.74053821,0.02881071,274.67016767,111,0
5532.80535029,5532.80074799,0.00000000,2880.06974119,0.07292958,274.55292424,111,0
5534.62740315,5534.62798047,2968.21050862,2968.18241066,0.06578620,274.07810183,111,0
5536.25608863,5536.25570783,3047.90856053,3047.92732044,0.05359380,273.52096660,111,0
5538.91083224,5538.90077531,0.00000000,3180.00000000,0.00000000,272.33197381,111,4
5545.95303635,5545.95555637,0.00000000,3544.03100586,0.00000000,267.33567524,111,2
5546.08366041,5546.08208911,3550.90211778,3550.98583816,0.19193447,267.21565762,111,0
5546.36508191,5546.39447763,0.00000000,3566.00000000,0.00000000,266.95342186,111,4
5554.26379894,5554.26174610,4003.41060599,4003.52869974,0.14479387,257.42601341,111,0
5555.22699912,5555.22847685,4059.29837345,4059.21252017,0.06691778,255.95185981,111,0
5521.34596659,5521.34162459,0.00000000,386.00000000,0.00000000,265.83815258,110,4
5522.53841929,5522.56077830,0.00000000,428.00000000,0.00000000,267.60159102,110,4
5524.23303078,5524.23537169,0.00000000,488.00000000,0.00000000,270.06566293,110,4
5526.95048536,5526.96858748,0.00000000,585.00000000,0.00000000,273.91162074,110,4
5529.35448774,5529.35388998,671.61745731,671.63909185,0.03652355,277.20243720,110,0
5529.51664436,5529.51760729,677.54473757,677.50986315,0.02706104,277.42048537,110,0
5532.23423693,5532.23406046,776.47018263,776.47664393,0.02552201,281.00156770,110,0
5532.80520046,5532.80074799,0.00000000,797.41102854,0.03149828,281.73612609,110,0
5534.62745295,5534.62798047,864.52879322,864.50929576,0.03125040,284.03636951,110,0
5536.25590934,5536.25570783,924.90584544,924.91334493,0.04315779,286.03638695,110,0
5538.90476050,5538.90077531,0.00000000,1024.00000000,0.00000000,289.17162373,110,4
5545.95094319,5545.95555637,0.00000000,1293.06665039,0.00000000,296.76781529,110,2
5545.94943316,5546.08208911,0.00000000,1293.00809716,0.26104720,296.76630875,110,0
5546.36146763,5546.39447763,0.00000000,1309.00000000,0.00000000,297.17539329,110,4
5554.26523034,5554.26174610,0.00000000,1621.70123466,0.12702259,304.21228071,110,0
5555.22916783,5555.22847685,1660.61203155,1660.64001578,0.02753226,304.95991005,110,0
5559.42506386,5559.42473093,1832.34204648,1832.35581615,0.02480366,307.91553655,110,0
5561.41642876,5561.42085532,0.00000000,1915.15588379,0.00000000,309.14141708,110,3
5565.21831389,5565.21051817,0.00000000,2075.66625977,0.00000000,311.14744078,110,2
5565.34553866,5565.34490809,2081.05015893,2081.07707741,0.06783556,311.20653672,110,0
5565.71660132,5565.71653638,2096.93160452,2096.93438261,0.05508886,311.37652061,110,0
5567.34745825,5567.34649914,2166.96735581,2167.00875505,0.08977200,312.07040783,110,0
5570.03467746,5570.03456920,2283.89714321,2283.90188894,0.05284570,313.01979125,110,0
5572.21059035,5572.21078105,2379.89227841,2379.88381106,0.05216495,313.60453216,110,0
5573.63786246,5573.62687746,0.00000000,2443.53675974,0.04490340,313.89533373,110,0
5574.62113351,5574.62185395,2487.73741987,2487.70495465,0.04450653,314.05163280,110,0
5575.13990054,5575.13953099,2511.10204202,2511.11874652,0.05759216,314.11936834,110,0
5576.20439332,5576.20858381,0.00000000,2559.39160890,0.01403875,314.22594458,110,0
5578.57326524,5578.57901398,0.00000000,2668.00000000,0.00000000,314.30280135,110,4
5579.00426230,5579.00540235,2687.98272847,2687.92990702,0.07015632,314.29239954,110,0
5579.92034486,5579.92442117,0.00000000,2730.50910978,0.11466712,314.24470884,110,0
5582.35449859,5582.35472041,2844.91137930,2844.90086698,0.04732944,313.94472895,110,0
5582.77453530,5582.77396939,2864.80939628,2864.83629419,0.04443605,313.86681653,110,0
5583.14544321,5583.14514002,2882.47293825,2882.48738394,0.04384565,313.79148038,110,0
5583.58837816,5583.58940339,2903.66875020,2903.61976878,0.03555374,313.69343929,110,0
5586.17313844,5586.17277338,3028.24729045,3028.26506159,0.05088505,312.94119992,110,0
5592.65509661,5592.65516147,3351.60877439,3351.60545655,0.03845952,309.60344624,110,0
5593.26668923,5593.26638492,3382.95237236,3382.96801709,0.06568514,309.17330034,110,0
5596.69778220,5596.69709691,3561.83967026,3561.87591018,0.03924642,306.36019854,110,0
5597.83899960,5597.83913872,3622.55289115,3622.54546033,0.05675825,305.26753730,110,0
5604.61253052,5604.61149760,3995.93272425,3995.99153615,0.08387826,296.99884665,110,0
5570.01826759,5570.03456920,0.00000000,317.00000000,0.00000000,302.14103811,109,4
5572.20966815,5572.21078105,393.13086409,393.09206497,0.02993505,305.45199975,109,0
5573.63863583,5573.62687746,0.00000000,443.04299372,0.02593507,307.56669957,109,0
5574.62070768,5574.62185395,477.56022255,477.51990908,0.02044984,308.99908827,109,0
5575.13898765,5575.13953099,495.78250393,495.76336133,0.02969095,309.74803968,109,0
5576.20449320,5576.20858381,0.00000000,533.37015191,0.01853043,311.27225966,109,0
5578.58675832,5578.57901398,0.00000000,618.00000000,0.00000000,314.60544353,109,4
5579.00482150,5579.00540235,632.95426332,632.93350306,0.07470247,315.17966771,109,0
5579.92854985,5579.92442117,0.00000000,666.00000000,0.00000000,316.43625271,109,5
5582.34972742,5582.35472041,0.00000000,753.23541260,0.00000000,319.65282335,109,3
5582.77413391,5582.77396939,768.59642023,768.60238538,0.01253967,320.20462573,109,0
5583.14682484,5583.14514002,782.06494052,782.12612235,0.06299918,320.68656759,109,0
5583.59031512,5583.58940339,798.21076128,798.24392270,0.04546389,321.25646111,109,0
5586.17325494,5586.17277338,892.65445300,892.67215371,0.02866237,324.49704358,109,0
5592.65603874,5592.65516147,1134.04981964,1134.08292915,0.04844787,332.01775823,109,0
5593.26891350,5593.26638492,1157.15686182,1157.25254875,0.08643954,332.68171260,109,0
5596.69526953,5596.69709691,1287.94126256,1287.87105044,0.04783587,336.23490347,109,0
5597.84008727,5597.83913872,1331.92398023,1331.96059502,0.08524861,337.36141893,109,0
5604.61331186,5604.61149760,1597.45989075,1597.53215590,0.03661952,343.36829540,109,0
5610.40969332,5610.40817449,1831.66723083,1831.72948697,0.06289053,347.55606779,109,0
5610.85365787,5610.85326259,1849.93127375,1849.94751212,0.04911745,347.83820771,109,0
5612.44914682,5612.44902547,1915.76737138,1915.77239916,0.03872590,348.80513200,109,0
5614.82227228,5614.82224532,2014.69355472,2014.69468526,0.03211424,350.10357012,109,0
5616.30359921,5616.30328730,2077.05005945,2077.06324902,0.06573638,350.82673556,109,0
5618.13408706,5618.13391439,2154.85011682,2154.85749148,0.04888671,351.62527344,109,0
5618.59336363,5618.58925258,0.00000000,2174.51273632,0.18481288,351.80885112,109,0
5620.06010917,5620.06474334,0.00000000,2237.58081055,0.00000000,352.34838842,109,2
5622.33736836,5622.33737420,2336.55319672,2336.55294139,0.02103743,353.04290358,109,0
5623.07539875,5623.07526466,2368.89766223,2368.90355343,0.05784345,353.22961229,109,0
5624.10911288,5624.10962555,2414.48981698,2414.46715110,0.01405974,353.45890582,109,0
5626.55427463,5626.55751558,0.00000000,2523.38012695,0.00000000,353.84745743,109,2
5629.35629785,5629.35671480,2650.23470473,2650.21566202,0.05523211,354.01654423,109,0
5629.93665273,5629.93537512,2676.71402494,2676.77259985,0.08913540,354.01335847,109,0
5630.54491487,5630.55028386,0.00000000,2704.72346581,0.05307388,353.99557917,109,0
5633.76117808,5633.76116567,2854.34757701,2854.34816061,0.03535186,353.64895250,109,0
5634.02067958,5634.02025250,2866.54455566,2866.56467915,0.02874145,353.60195002,109,0
5635.94896915,5635.95494582,0.00000000,2958.00000000,0.00000000,353.16058349,109,4
5638.34155488,5638.34174409,3073.22171561,3073.21252279,0.04733608,352.37959546,109,0
5641.87153217,5641.87191071,3246.94832760,3246.92945333,0.05039597,350.72871180,109,0
5644.15638347,5644.15637265,3361.89560997,3361.89615965,0.04350074,349.32372689,109,0
5647.50600560,5647.50657854,3534.36176445,3534.33186648,0.06554398,346.75097398,109,0
5656.37242257,5656.37243286,4015.96272471,4015.96214197,0.05009620,336.61976405,109,0
5656.97391012,5656.97114246,0.00000000,4050.11516086,0.03253123,335.73741057,109,0
5657.17681912,5657.17763466,4061.75053075,4061.70396387,0.06481207,335.43309647,109,0
5622.33776999,5622.33737420,342.35618826,342.36979468,0.01317264,343.36025099,108,0
5623.07561047,5623.07526466,367.75654519,367.76846461,0.01757071,344.46830094,108,0
5624.10868138,5624.10962555,403.47048375,403.43782579,0.01885812,346.00416136,108,0
5626.55784797,5626.55751558,488.51862234,488.53022033,0.02613201,349.57240842,108,0
5629.35608333,5629.35671480,586.68611734,586.66385984,0.03562693,353.51985070,108,0
5629.94006153,5629.93537512,0.00000000,607.26321180,0.09625487,354.32562472,108,0
5630.54381995,5630.55028386,0.00000000,628.61478059,0.04723027,355.15245139,108,0
5633.76047820,5633.76116567,743.20830134,743.18367184,0.03287891,359.44338470,108,0
5634.02115894,5634.02025250,752.49517183,752.52768059,0.01569762,359.78250363,108,0
5635.95038791,5635.95494582,0.00000000,822.00000000,0.00000000,362.25251370,108,4
5638.34130258,5638.34174409,908.82955379,908.81343881,0.02233786,365.21177495,108,0
5641.87183208,5641.87191071,1038.55403772,1038.55112746,0.01252848,369.37023957,108,0
5644.15839190,5644.15637265,1123.49288004,1123.56832286,0.02548544,371.92347970,108,0
5647.50642629,5647.50657854,1249.54441799,1249.53864832,0.01740300,375.45614588,108,0
5656.37270861,5656.37243286,1592.29799927,1592.30887766,0.02808205,383.55122942,108,0
5656.97243254,5656.97114246,1615.95109550,1616.00213700,0.06046675,384.02864682,108,0
5657.17732667,5657.17763466,1624.12517206,1624.11297357,0.05236708,384.18963668,108,0
5659.08083199,5659.08142096,1699.86980129,1699.84626261,0.05223841,385.63269743,108,0
5659.31145527,5659.31004408,1709.01207413,1709.06853777,0.06583602,385.80100008,108,0
5659.83437631,5659.83464633,1730.03045455,1730.01962152,0.06267179,386.17735753,108,0
5660.65452134,5660.63867353,0.00000000,1763.00000000,0.00000000,386.75294592,108,4
5661.28111224,5661.28031865,1788.23440857,1788.26647384,0.04571459,387.17995641,108,0
5665.79018968,5665.79383681,0.00000000,1972.56909180,0.00000000,389.92841118,108,2
5667.36462668,5667.36493018,2037.94189275,2037.92924403,0.06423885,390.74828399,108,0
5670.30646902,5670.30783376,2161.62015329,2161.56233616,0.02733593,392.07733517,108,0
5671.00952740,5671.00932011,2191.40003125,2191.40884935,0.01904606,392.35469414,108,0
5674.58418434,5674.60806540,0.00000000,2345.00000000,0.00000000,393.51446781,108,4
5675.82863465,5675.82797514,2399.17681057,2399.20565049,0.05141272,393.81682006,108,0
5677.96004101,5677.96135279,0.00000000,2493.00000000,0.00000000,394.20818364,108,4
5678.86079984,5678.86758684,0.00000000,2533.00000000,0.00000000,394.32427407,108,4
5679.63137857,5679.63138466,2567.39255616,2567.39228348,0.04095134,394.39980021,108,0
5681.95083165,5681.94990032,2671.87673097,2671.91901700,0.05875361,394.49151256,108,0
5684.02289918,5684.02412194,2766.69074884,2766.63448425,0.03304421,394.39553798,108,0
5686.78920091,5686.78943879,2895.13285617,2895.12170638,0.06841270,393.99332770,108,0
5688.02932930,5688.03601426,0.00000000,2953.49340820,0.00000000,393.70720172,108,3
5689.67854718,5689.67778443,3031.88283048,3031.91931831,0.07547495,393.22112468,108,0
5691.74525999,5691.74094909,0.00000000,3131.52436794,0.10527127,392.43586540,108,0
5692.92156473,5692.92157014,3188.89517156,3188.89490638,0.05604394,391.89834856,108,0
5693.75177963,5693.75300759,3229.75338143,3229.69284841,0.04142974,391.47822561,108,0
5696.42444611,5696.42246325,3362.69274807,3362.79253337,0.05154859,389.88887479,108,0
5696.76148231,5696.76165222,3379.78315937,3379.77458518,0.05506101,389.66202101,108,0
5701.45698645,5701.45711291,3621.32481210,3621.31817994,0.06046109,385.84653466,108,0
5704.43335346,5704.43343643,3779.55809742,3779.55362803,0.04713436,382.75158319,108,0
5705.60513992,5705.58357721,0.00000000,3843.00000000,0.00000000,381.37853773,108,4
5706.20944680,5706.21787769,0.00000000,3876.00000000,0.00000000,380.63453372,108,5
5706.91170670,5706.91295625,3914.65386499,3914.58497821,0.05868290,379.73872783,108,0
5707.10043516,5707.10380062,0.00000000,3925.00000000,0.00000000,379.49214767,108,5
5707.23562305,5707.23610957,3932.49892268,3932.47202216,0.08236799,379.31399276,108,0
5708.26926057,5708.26890213,3989.91611011,3989.93613642,0.04796664,377.90895315,108,0
5708.57669577,5708.57684228,4007.14141645,4007.13321063,0.07778573,377.47646024,108,0
5708.88249906,5708.88252202,4024.28887945,4024.28758891,0.07442988,377.03953127,108,0
5674.58340750,5674.60806540,0.00000000,332.00000000,0.00000000,383.69672108,107,4
5675.82835700,5675.82797514,374.43160557,374.44465759,0.04458886,385.55990541,107,0
5677.94327168,5677.96135279,0.00000000,447.00000000,0.00000000,388.66536385,107,4
5678.87118182,5678.86758684,0.00000000,479.00000000,0.00000000,390.00315079,107,4
5679.63171674,5679.63138466,505.29923947,505.31074132,0.03235309,391.08849584,107,0
5681.95100480,5681.94990032,585.94495958,585.98353598,0.03192856,394.33426043,107,0
5684.02239289,5684.02412194,658.66581637,658.60497687,0.02009483,397.15030616,107,0
5686.78932430,5686.78943879,756.49056202,756.48649099,0.01533611,400.78743520,107,0
5688.03040190,5688.03601426,0.00000000,800.73872959,0.04409723,402.37212115,107,0
5689.67791901,5689.67778443,859.77951182,859.78435128,0.04004764,404.42874982,107,0
5691.74626191,5691.74094909,0.00000000,934.48287086,0.04326494,406.93594775,107,0
5692.92269149,5692.92157014,977.20029301,977.24114761,0.04168558,408.32354734,107,0
5693.74444272,5693.75300759,0.00000000,1007.21911621,0.00000000,409.27576325,107,2
5696.42500969,5696.42246325,1105.63054256,1105.72463452,0.03432809,412.28496612,107,0
5696.76246121,5696.76165222,1118.16556178,1118.19549133,0.02931734,412.65284753,107,0
5701.45709655,5701.45711291,1293.63988968,1293.63927213,0.02453880,417.51682510,107,0
5704.43333286,5704.43343643,1406.72974121,1406.72577981,0.03108634,420.34394926,107,0
5705.58783560,5705.58357721,0.00000000,1451.00000000,0.00000000,421.38505442,107,4
5706.21453214,5706.21787769,0.00000000,1475.12780762,0.00000000,421.93685144,107,3
5706.91384072,5706.91295625,1502.08785424,1502.12206768,0.04902130,422.54118924,107,0
5707.10131238,5707.10380062,0.00000000,1509.38671875,0.00000000,422.70148077,107,1
5707.23880485,5707.23610957,1514.60572468,1514.71012797,0.17646455,422.81830774,107,0
5708.26903908,5708.26890213,1554.69420933,1554.69953977,0.03380202,423.67882646,107,0
5708.55884585,5708.57684228,0.00000000,1566.00000000,0.00000000,423.91653300,107,4
5708.88302371,5708.88252202,1578.61337349,1578.63295678,0.02235119,424.17941858,107,0
5711.07820872,5711.07737212,1664.72902840,1664.76202382,0.03988510,425.89154614,107,0
5715.79549978,5715.79539480,1852.95321311,1852.95745038,0.05102620,429.14616046,107,0
5716.81399992,5716.81371325,1894.16232251,1894.17395502,0.04692739,429.76987985,107,0
5717.28495715,5717.28453304,1913.29075883,1913.30801004,0.03273141,430.04855493,107,0
5718.46180771,5718.46178686,1961.31185459,1961.31270763,0.02939707,430.71735826,107,0
5718.86712110,5718.86611698,1977.87515160,1977.91633076,0.05487024,430.93857791,107,0
5723.16325023,5723.16414831,2156.10702210,2156.06934773,0.06147201,432.98546579,107,0
5723.82540663,5723.82536175,2183.89781043,2183.89970061,0.05771909,433.25123669,107,0
5725.23002532,5725.23576053,0.00000000,2243.28349491,0.02250910,433.76955671,107,0
5726.68219102,5726.68313787,2305.19717257,2305.15665967,0.07055036,434.23894223,107,0
5727.90030814,5727.90063236,2357.46197754,2357.44801294,0.02857380,434.57940564,107,0
5730.52330037,5730.52324654,2471.32816077,2471.33051637,0.03891800,435.14259598,107,0
5731.60825711,5731.60889468,2518.99042526,2518.96234653,0.06561879,435.30565974,107,0
5733.07530753,5733.07267343,2583.74259671,2583.85964790,0.06349720,435.45899827,107,0
5733.45908538,5733.45920737,2600.93181421,2600.92638081,0.05600602,435.48613629,107,0
5733.90806433,5733.90793765,2620.94567078,2620.95132848,0.06745138,435.51097520,107,0
5734.31993337,5734.32015920,2639.37979716,2639.36968475,0.03500594,435.52714487,107,0
5735.94615010,5735.94715084,2712.62062011,2712.57533321,0.03186340,435.52815667,107,0
5737.98397263,5737.98395183,2805.39878875,2805.39974250,0.03658560,435.38404904,107,0
5738.86559969,5738.86428527,2845.88725687,2845.94789042,0.06151796,435.27006107,107,0
5741.31035851,5741.31325983,2959.77250928,2959.63645413,0.05681584,434.78489124,107,0
5742.91439750,5742.91452316,3035.27690364,3035.27094391,0.05247198,434.32683804,107,0
5744.36523934,5744.36087967,0.00000000,3104.43570457,0.07550887,433.81328923,107,0
5746.70681687,5746.70483155,3217.51231369,3217.60910017,0.05989145,432.77775508,107,0
5752.14862431,5752.15020155,3488.63568643,3488.55544502,0.04545525,429.31261760,107,0
5753.33131391,5753.33191037,3549.05339081,3549.02276029,0.05931008,428.34915654,107,0
5756.75454959,5756.75518761,3727.51853904,3727.48477737,0.06342123,425.10023265,107,0
5757.20224302,5757.20231135,3751.22614278,3751.22251236,0.05131092,424.62240101,107,0
5758.46768516,5758.46862734,3818.87462780,3818.82401337,0.07383996,423.20276832,107,0
5758.91029809,5758.91081405,3842.67870792,3842.65087561,0.05022994,422.68163364,107,0
5759.73993076,5759.74052727,3887.60925334,3887.57681842,0.05411125,421.66955681,107,0
5759.95500431,5759.95488465,3899.27773934,3899.28425995,0.05762837,421.39948725,107,0
5762.02828079,5762.03363433,0.00000000,4013.36524175,0.04690716,418.63076663,107,0
5723.82096718,5723.82536175,0.00000000,188.00000000,0.00000000,418.59420657,106,5
5725.23178389,5725.23576053,0.00000000,235.00000000,0.00000000,420.78004103,106,4
5726.67603705,5726.68313787,0.00000000,283.34348064,0.07329537,422.98520369,106,0
5727.90027375,5727.90063236,324.50293850,324.49085555,0.05418175,424.82764100,106,0
5730.52177683,5730.52324654,413.27537014,413.22539833,0.02401492,428.69293936,106,0
5731.60116668,5731.60889468,0.00000000,450.00000000,0.00000000,430.25162099,106,4
5732.48870908,5732.48765421,480.30346265,480.33957870,0.02543838,431.51848232,106,0
5733.07822109,5733.07267343,0.00000000,500.53867210,0.04553273,432.35235386,106,0
5733.45856636,5733.45920737,513.62053510,513.59851682,0.02581453,432.88742927,106,0
5734.31973594,5734.32015920,543.24032712,543.22574195,0.02048015,434.08943865,106,0
5735.94746288,5735.94715084,599.46865570,599.47946916,0.01451417,436.32644853,106,0
5737.97471515,5737.98395183,0.00000000,670.00000000,0.00000000,439.04701959,106,4
5738.86690184,5738.86428527,701.11414770,701.20581531,0.06894121,440.22113867,106,0
5741.30265037,5741.31325983,0.00000000,786.92858887,0.00000000,443.35249903,106,2
5742.91441879,5742.91452316,844.07932895,844.07561639,0.02684746,445.36347072,106,0
5744.36537939,5744.36087967,0.00000000,895.85109030,0.05342110,447.13253688,106,0
5746.70656896,5746.70483155,979.93462881,979.99737118,0.06207773,449.90037784,106,0
5752.14825773,5752.15020155,1178.70870694,1178.63695926,0.03099374,455.90724022,106,0
5753.33247829,5753.33191037,1222.43792492,1222.45899614,0.02009187,457.13269517,106,0
5756.75535030,5756.75518761,1350.38081588,1350.38694050,0.02221175,460.50381606,106,0
5757.20301098,5757.20231135,1367.22974069,1367.25613223,0.03210745,460.92540854,106,0
5758.46152745,5758.46862734,0.00000000,1414.87255859,0.00000000,462.08658803,106,2
5758.91095137,5758.91081405,1431.92290842,1431.92812624,0.04137968,462.49214477,106,0
5759.74049324,5759.74052727,1463.51249714,1463.51119869,0.01359168,463.22871158,106,0
5759.95509536,5759.95488465,1471.69456539,1471.70261235,0.03292257,463.41668685,106,0
5762.02812294,5762.03363433,0.00000000,1551.25476074,0.00000000,465.17664070,106,1
5765.18889339,5765.19566110,0.00000000,1674.00000000,0.00000000,467.65875729,106,4
5766.98042863,5766.97890910,1744.31904251,1744.37900741,0.02430324,468.95413382,106,0
5769.04945507,5769.05189138,1826.54457374,1826.44745735,0.01684465,470.34697799,106,0
5772.65546435,5772.65504737,1971.47447312,1971.49140335,0.01280238,472.49864485,106,0
5779.16085394,5779.16077357,2240.15072913,2240.15410714,0.04932345,475.43752784,106,0
5782.19342462,5782.19320820,2368.67880333,2368.68805434,0.02926049,476.36244156,106,0
5783.54925090,5783.54915091,2426.88031584,2426.88462439,0.05067107,476.67874014,106,0
5784.40704793,5784.41034003,0.00000000,2463.94824219,0.00000000,476.84687545,106,2
5785.71924554,5785.72364574,0.00000000,2521.00000000,0.00000000,477.05502213,106,4
5785.89001035,5785.89394159,0.00000000,2528.45748347,0.06942670,477.07769004,106,0
5786.63313076,5786.63191858,0.00000000,2561.00000000,0.00000000,477.16432105,106,4
5788.85329958,5788.85276156,2659.07474400,2659.09868376,0.06430076,477.30448347,106,0
5789.19723828,5789.19706340,2674.41186299,2674.41966145,0.03088928,477.30996566,106,0
5790.17783113,5790.17229772,0.00000000,2718.29272461,0.00000000,477.30113576,106,2
5790.30743589,5790.30925961,0.00000000,2724.11035156,0.00000000,477.29723426,106,2
5793.35580244,5793.35449999,2862.30682407,2862.36649852,0.08012418,477.01630363,106,0
5793.61884188,5793.61857453,2874.41635970,2874.42862984,0.03945659,476.97465730,106,0
5795.39418423,5795.39421812,2956.37228217,2956.37070826,0.03612532,476.61890972,106,0
5798.12805493,5798.12774705,3084.53833245,3084.55291001,0.03975346,475.80765642,106,0
5800.13655482,5800.13674926,3180.32233599,3180.31299931,0.05417711,474.99865791,106,0
5800.96053893,5800.95970640,3219.96810426,3220.00834165,0.04711630,474.61239628,106,0
5802.20423992,5802.20474992,3280.40436037,3280.37948436,0.11136300,473.96772905,106,0
5802.38547954,5802.38575718,3289.23952892,3289.22596730,0.05973632,473.86746213,106,0
5803.09903395,5803.09967027,3324.20329801,3324.17205180,0.05558922,473.45687963,106,0
5803.71141291,5803.71463265,0.00000000,3354.31625637,0.04010632,473.08412155,106,0
5804.55957656,5804.55747156,3396.20206856,3396.30662108,0.08559617,472.53616756,106,0
5806.80422164,5806.80372744,3508.78442122,3508.80941419,0.04653163,470.90326855,106,0
5810.91856067,5810.92183458,0.00000000,3720.47996868,0.03218850,467.17998941,106,0
5811.17597888,5811.17679331,3734.02867226,3733.98592608,0.03075488,466.91354695,106,0
5815.43337721,5815.43325081,3961.75123539,3961.75813609,0.05520426,461.89789354,106,0
5816.03041589,5816.03027047,3994.43768389,3994.44566463,0.05610060,461.09715315,106,0
5782.19357329,5782.19320820,315.68982627,315.70200304,0.02353905,466.58731400,105,0
5783.54825707,5783.54915091,361.02454685,360.99459106,0.02654735,468.59149179,105,0
5784.41025979,5784.41034003,389.92721802,389.92452133,0.02986186,469.85146140,105,0
5785.71856595,5785.72364574,0.00000000,434.00000000,0.00000000,471.74083268,105,4
5785.86663963,5785.89394159,0.00000000,439.00000000,0.00000000,471.95286135,105,4
5786.60587005,5786.63191858,0.00000000,464.00000000,0.00000000,473.00595936,105,4
5788.85266713,5788.85276156,540.38752794,540.38430492,0.05500724,476.15081387,105,0
5789.19685207,5789.19706340,552.14667168,552.13944914,0.02233386,476.62505644,105,0
5790.17696883,5790.17229772,0.00000000,585.68811035,0.00000000,477.96424359,105,2
5790.30268024,5790.30925961,0.00000000,590.00000000,0.00000000,478.13483067,105,4
5793.35571008,5793.35449999,695.27273382,695.31471713,0.04629232,482.19280967,105,0
5793.61940131,5793.61857453,704.43972956,704.46844533,0.01305018,482.53567430,105,0
5795.39369057,5795.39421812,766.29465482,766.27621517,0.01918553,484.80954633,105,0
5798.12828296,5798.12774705,862.33091081,862.34983687,0.01612046,488.20148771,105,0
5800.13700955,5800.13674926,933.57465896,933.58392417,0.01796753,490.60444027,105,0
5800.99022471,5800.95970640,0.00000000,964.00000000,0.00000000,491.60141138,105,4
5802.20317263,5802.20474992,1007.48300639,1007.42641174,0.22561932,492.99469142,105,0
5802.38610798,5802.38575718,1013.97989254,1013.99248800,0.04064355,493.20227006,105,0
5803.09920156,5803.09967027,1039.65010626,1039.63322763,0.01937563,494.00510917,105,0
5803.70592269,5803.71463265,0.00000000,1061.50268555,0.00000000,494.68009907,105,2
5804.56039513,5804.55747156,1092.29433088,1092.40023013,0.10066338,495.61841151,105,0
5806.80445011,5806.80372744,1174.02329104,1174.04970658,0.04539940,498.01160716,105,0
5810.91825519,5810.92183458,1325.88342328,1325.75028222,0.02517300,502.12530127,105,0
5811.17560939,5811.17679331,1335.36752362,1335.32344326,0.02322188,502.37038663,105,0
5815.43397179,5815.43325081,1495.34421582,1495.37157485,0.01772039,506.21266461,105,0
5816.03019002,5816.03027047,1518.02771035,1518.02464996,0.04888699,506.71759856,105,0
5818.38010338,5818.38362642,1608.04788409,1607.91240862,0.04773880,508.62611396,105,0
5819.52352967,5819.52463472,0.00000000,1652.00000000,0.00000000,509.50668309,105,4
5820.62737621,5820.63060754,1694.90819360,1694.78262296,0.05820554,510.32626410,105,0
5822.22898792,5822.22789720,1757.20578239,1757.24849237,0.03554732,511.46113934,105,0
5822.64337974,5822.64218283,1773.44374165,1773.49070098,0.03439931,511.74421514,105,0
5823.49372779,5823.49361903,1806.92035539,1806.92464057,0.06508621,512.31131119,105,0
5826.97061887,5826.97049968,1945.09148089,1945.09625805,0.06243927,514.43218812,105,0
5827.78143298,5827.78042198,1977.62525848,1977.66596019,0.02633486,514.87988454,105,0
5830.63562518,5830.64011078,0.00000000,2093.40161133,0.00000000,516.30956816,105,2
5832.42873802,5832.42553173,0.00000000,2167.00000000,0.00000000,517.08788588,105,4
5834.13144619,5834.13123001,2237.53809226,2237.54709140,0.18318256,517.73846990,105,0
5834.36007380,5834.36019754,2247.07459571,2247.06943902,0.07282224,517.81912799,105,0
5835.23892381,5835.23832054,2283.75876617,2283.78403343,0.05309563,518.11418243,105,0
5836.78929531,5836.79051050,0.00000000,2349.00000000,0.00000000,518.57590150,105,4
5837.64064153,5837.64098367,2385.05766524,2385.04313972,0.06421925,518.79683465,105,0
5839.30389029,5839.30252910,0.00000000,2456.00000000,0.00000000,519.16054739,105,4
5842.10747193,5842.10724615,2577.15141115,2577.16124975,0.05917979,519.56326839,105,0
5846.86565373,5846.86959229,0.00000000,2787.61230469,0.00000000,519.60849490,105,2
5847.83030096,5847.82704361,0.00000000,2831.05552272,0.05687618,519.51447061,105,0
5858.07023057,5858.07022647,3310.27751977,3310.27771869,0.05859002,516.13258920,105,0
5861.31038092,5861.30975148,3469.53371519,3469.56505388,0.05992905,514.05745471,105,0
5863.62952348,5863.62951892,3586.10066301,3586.10089422,0.05486619,512.23910643,105,0
5865.03264169,5865.03234020,3657.68293814,3657.69841996,0.05029255,510.99624512,105,0
5867.88641726,5867.88619866,3806.02724850,3806.03874918,0.05771045,508.11695355,105,0
5870.42125929,5870.41732778,0.00000000,3940.97750968,0.06194232,505.14158697,105,0
5830.64108714,5830.64011078,0.00000000,82.00000000,0.00000000,498.47113830,104,4
5834.12150603,5834.13123001,0.00000000,195.00000000,0.00000000,503.91283787,104,4
5835.23862293,5835.23832054,231.51636124,231.52626944,0.02952344,505.61998875,104,0
5836.77468157,5836.79051050,0.00000000,282.00000000,0.00000000,507.93737390,104,4
5837.64035831,5837.64098367,310.55661761,310.53596471,0.02230832,509.22616953,104,0
5839.30305945,5839.30252910,365.59189811,365.60951530,0.03193933,511.66989114,104,0
5842.10780183,5842.10724615,459.20026851,459.21890502,0.02979673,515.69178769,104,0
5846.86982844,5846.86959229,620.22580941,620.23386130,0.01990489,522.22216441,104,0
5847.83042345,5847.82704361,652.92730172,653.04294123,0.04766057,523.49277050,104,0
5858.07053178,5858.07022647,1010.14252707,1010.15338286,0.02865101,536.01035234,104,0
5861.31063886,5861.30975148,1126.06493994,1126.09690125,0.05318679,539.55839262,104,0
5863.62961584,5863.62951892,1210.01768466,1210.02120915,0.04377017,541.96904280,104,0
5865.03288940,5865.03234020,1261.18006525,1261.20015312,0.03732005,543.37421047,104,0
5867.88763392,5867.88619866,1366.20455116,1366.25768743,0.03999839,546.10469994,104,0
5870.42068787,5870.41732778,1460.43970141,1460.56548173,0.03656001,548.37954452,104,0
5876.36281629,5876.39179812,0.00000000,1686.00000000,0.00000000,553.14231666,104,4
5877.04042645,5877.03943983,1712.04818254,1712.08624301,0.05089443,553.63204197,104,0
5879.69542249,5879.69948730,0.00000000,1815.17617742,0.04077574,555.44284947,104,0
5886.02858736,5886.02816210,2066.49897981,2066.51612887,0.01754666,559.02520302,104,0
5889.25535015,5889.25846321,2197.90322595,2197.77552194,0.05859984,560.42706653,104,0
5890.79019235,5890.78349752,0.00000000,2261.00000000,0.00000000,560.98754837,104,4
5892.16405531,5892.16535866,2318.09742074,2318.04309819,0.07887226,561.42922050,104,0
5892.41880438,5892.41957577,2328.70000745,2328.66781385,0.05774457,561.50477792,104,0
5892.99380146,5892.99309858,2352.67124721,2352.70067002,0.03151157,561.66791702,104,0
5894.25412122,5894.25440691,2405.67186590,2405.65981686,0.03729574,561.98937864,104,0
5895.28808772,5895.29445616,0.00000000,2449.40136719,0.00000000,562.21543764,104,2
5896.78265129,5896.78453589,2513.16319182,2513.08253923,0.05840676,562.48074876,104,0
5896.94556962,5896.94555453,2520.05718676,2520.05783298,0.06772501,562.50521356,104,0
5899.00930169,5899.01640727,0.00000000,2609.00000000,0.00000000,562.73761748,104,4
5900.40915371,5900.40912447,2669.95091130,2669.95219024,0.05814570,562.81169923,104,0
5901.23860819,5901.23765746,2706.28482650,2706.32662724,0.04251629,562.82290368,104,0
5906.75875940,5906.75915380,2953.35784421,2953.33987749,0.04971502,562.24642654,104,0
5906.96729445,5906.96705031,2962.83520352,2962.84634069,0.08029262,562.20150769,104,0
5907.61163083,5907.61169394,2992.30657936,2992.30368779,0.06622617,562.05161941,104,0
5909.39139130,5909.39066689,3074.32886606,3074.36247986,0.04858220,561.54876974,104,0
5911.99571640,5911.99553718,3196.27090924,3196.27937703,0.06427328,560.56982466,104,0
5913.18874850,5913.18898919,3252.90982605,3252.89835690,0.04747837,560.02094294,104,0
5914.76978040,5914.76963203,3328.69035468,3328.69750968,0.07461198,559.19252107,104,0
5916.24878889,5916.24740747,3400.36799927,3400.43539104,0.07439525,558.30977046,104,0
5828.09124435,5917.02475755,0.00000000,-1.00000000,0.00000000,494.37039226,104,4
5921.30756447,5921.30729748,3652.18713803,3652.20070506,0.05050810,554.45183251,104,0
5922.84819232,5922.83162932,0.00000000,3731.00000000,0.00000000,553.00120832,104,4
5924.54050825,5924.54095041,3818.78930559,3818.76621052,0.09233230,551.24898311,104,0
5925.28906796,5925.29548500,0.00000000,3858.00000000,0.00000000,550.41914420,104,4
5925.37527510,5925.37448720,3862.49130154,3862.53276427,0.05775957,550.32141744,104,0
5926.95643862,5926.95833347,3946.46734864,3946.36615279,0.16452503,548.44472805,104,0
5927.09784161,5927.09738041,3953.89595279,3953.92062011,0.05969507,548.26916084,104,0
5929.52096587,5929.52260788,0.00000000,4085.00000000,0.00000000,545.05292230,104,4
5886.00311858,5886.02816210,0.00000000,42.00000000,0.00000000,540.11858105,103,4
5889.21967943,5889.25846321,0.00000000,145.00000000,0.00000000,545.15277216,103,4
5892.99397731,5892.99309858,267.16967401,267.19830223,0.01843553,550.86945403,103,0
5894.25476516,5894.25440691,308.34119749,308.35291559,0.01787664,552.73221771,103,0
5895.28116060,5895.29445616,0.00000000,342.00000000,0.00000000,554.23175235,103,4
5896.77570206,5896.78453589,0.00000000,391.17819214,0.00000000,556.38554646,103,2
5896.94823733,5896.94555453,396.78331018,396.87185986,0.08738243,556.63199663,103,0
5899.00516305,5899.01640727,0.00000000,465.00000000,0.00000000,559.53409687,103,4
5900.40938994,5900.40912447,511.77965016,511.78851595,0.02166784,561.47711128,103,0
5901.23588508,5901.23765746,539.48971721,539.43035248,0.05786235,562.60584804,103,0
5906.75490475,5906.75915380,0.00000000,726.09222412,0.00000000,569.85535589,103,2
5906.95706581,5906.96705031,0.00000000,733.00000000,0.00000000,570.11117564,103,4
5907.61119883,5907.61169394,755.39257127,755.37561028,0.03212122,570.93371649,103,0
5909.39096568,5909.39066689,816.54563082,816.55593462,0.02199087,573.13508099,103,0
5911.99086696,5911.99553718,0.00000000,906.67462158,0.00000000,576.25054654,103,2
5913.18905607,5913.18898919,948.49952356,948.50186335,0.01306648,577.64506852,103,0
5914.77249691,5914.76963203,1003.96796337,1004.06881133,0.06601592,579.44718764,103,0
5916.24348445,5916.24740747,0.00000000,1056.00000000,0.00000000,581.07931029,103,4
5884.68220890,5917.02475755,0.00000000,-1.00000000,0.00000000,538.00921654,103,4
5921.30797920,5921.30729748,1237.09658768,1237.12122129,0.04577893,586.37779064,103,0
5922.82156662,5922.83162932,0.00000000,1292.00000000,0.00000000,587.86232166,103,4
5924.54102487,5924.54095041,1354.73737106,1354.74009779,0.04583540,589.49062432,103,0
5925.36549313,5925.37448720,0.00000000,1385.00000000,0.00000000,590.24969249,103,4
5926.96518532,5926.95833347,0.00000000,1444.00000000,0.00000000,591.68053888,103,4
5927.09848335,5927.09738041,1448.87858635,1448.91942233,0.07905664,591.79690721,103,0
5929.51448691,5929.52260788,0.00000000,1538.87765200,0.04721606,593.84517141,103,0
5930.29124980,5930.29123780,0.00000000,1568.00000000,0.00000000,594.47588142,103,4
5930.96090338,5930.96111777,1593.18385084,1593.17577508,0.03798594,595.00835620,103,0
5931.30074456,5931.30958923,0.00000000,1606.00000000,0.00000000,595.27504219,103,4
5931.38024580,5931.39623256,0.00000000,1609.00000000,0.00000000,595.33698541,103,4
5935.46248464,5935.46233111,1764.50814300,1764.51404768,0.01266032,598.31783724,103,0
5937.15509861,5937.15343419,1829.81476604,1829.87929997,0.08961445,599.43594197,103,0
5939.01887952,5939.01812076,1902.44409279,1902.47378665,0.02132822,600.58420571,103,0
5941.63860313,5941.63696485,2005.58292840,2005.64785969,0.02041893,602.04687095,103,0
5944.41733832,5944.41591904,2116.50885585,2116.56592607,0.03606076,603.39766949,103,0
5949.32032483,5949.32002706,2316.28807107,2316.30036228,0.04332476,605.25109806,103,0
5950.21501609,5950.21473138,2353.30360584,2353.31541266,0.04005816,605.51282420,103,0
5951.31061773,5951.31103893,2398.91640777,2398.89882615,0.05333104,605.80001922,103,0
5953.83439912,5953.85155679,0.00000000,2505.00000000,0.00000000,606.31842716,103,4
5955.29949092,5955.29984361,2567.31277922,2567.29771890,0.06119852,606.52500883,103,0
5956.02123494,5956.02205018,2598.21977378,2598.18480921,0.05963548,606.60060521,103,0
5956.29629602,5956.32181389,0.00000000,2610.00000000,0.00000000,606.62482105,103,4
5956.54926314,5956.54873085,2620.84359716,2620.86649722,0.05238629,606.64479573,103,0
5958.50975404,5958.50993380,2705.73155411,2705.72372615,0.04053316,606.72509634,103,0
5961.59409667,5961.59562466,2841.40917257,2841.34132274,0.05464673,606.57493353,103,0
5965.58974541,5965.59306958,0.00000000,3021.06909180,0.00000000,605.84836288,103,2
5968.44967197,5968.44717361,3152.60645294,3152.72261000,0.05869158,604.93484113,103,0
5968.80508182,5968.80315782,3169.17805791,3169.26773671,0.05945173,604.79724524,103,0
5970.42584651,5970.42585573,3245.25517530,3245.25474020,0.06001403,604.09997836,103,0
5970.71114853,5970.71172754,3258.74641575,3258.71906221,0.06242267,603.96524013,103,0
5971.09744253,5971.10431820,0.00000000,3277.00000000,0.00000000,603.77691222,103,5
5973.15544477,5973.15553086,3375.27794105,3375.27379766,0.05865674,602.65816331,103,0
5973.54393247,5973.55665087,0.00000000,3394.00000000,0.00000000,602.42464893,103,4
5974.41087791,5974.41071463,0.00000000,3435.98339844,0.00000000,601.87747131,103,3
5977.97720195,5977.97735861,3611.73176650,3611.72393577,0.04776747,599.23221320,103,0
5980.34669662,5980.34710604,3731.38117718,3731.36029827,0.05448358,597.10404707,103,0
5981.81611464,5981.81524407,3806.71797134,3806.76291752,0.07074454,595.62662494,103,0
5984.21578731,5984.21619218,3932.03268935,3932.01132947,0.06400862,592.94015082,103,0
5984.35644393,5984.35466275,3939.34518460,3939.43928976,0.11609700,592.77172000,103,0
5984.52719350,5984.52776749,3948.49466537,3948.46429143,0.06176812,592.56570428,103,0
5985.42169792,5985.41909572,0.00000000,3996.00019877,0.08810180,591.45576090,103,0
5987.22693517,5987.23103128,0.00000000,4093.15356445,0.00000000,589.05751348,103,2
5944.41238828,5944.41591904,0.00000000,64.00000000,0.00000000,585.47365984,102,4
5949.32198482,5949.32002706,220.40185768,220.46473197,0.01259311,592.99862595,102,0
5950.21470578,5950.21473138,249.17859139,249.17776661,0.02921920,594.33008839,102,0
5951.31066317,5951.31103893,284.55528739,284.54314183,0.00913023,595.94895211,102,0
5953.81993115,5953.85155679,0.00000000,366.00000000,0.00000000,599.58916753,102,4
5955.28910523,5955.29984361,0.00000000,414.00000000,0.00000000,601.67644133,102,4
5956.01875115,5956.02205018,438.03476370,437.92645098,0.02278714,602.70087454,102,0
5956.29499983,5956.32181389,0.00000000,447.00000000,0.00000000,603.08658220,102,4
5956.54982801,5956.54873085,455.34068881,455.37678204,0.03282764,603.44131147,102,0
5958.50954807,5958.50993380,520.06369420,520.05092356,0.02030217,606.13610998,102,0
5961.59484338,5961.59562466,622.77618692,622.75004060,0.04586717,610.25544286,102,0
5965.58771129,5965.59306958,0.00000000,757.32592773,0.00000000,615.35639584,102,2
5968.44936427,5968.44717361,854.90193200,854.97708078,0.04687598,618.84683950,102,0
5968.80499194,5968.80315782,867.10645174,867.16945207,0.04704906,619.27018710,102,0
5970.42585273,5970.42585573,923.02931783,923.02921409,0.04270254,621.17441014,102,0
5970.71183716,5970.71172754,932.91650824,932.92030132,0.09648586,621.50554161,102,0
5971.09760310,5971.10431820,0.00000000,946.27502441,0.00000000,621.94974021,102,2
5973.15539656,5973.15553086,1017.86241506,1017.85772566,0.03551772,624.27413432,102,0
5973.56022119,5973.55665087,0.00000000,1032.00000000,0.00000000,624.72207699,102,4
5974.40694929,5974.41071463,0.00000000,1061.66369629,0.00000000,625.64955738,102,2
5977.97721882,5977.97735861,1187.82669133,1187.82171651,0.03592281,629.41120009,102,0
5980.34736767,5980.34710604,1272.57481369,1272.58421706,0.01547767,631.77222362,102,0
5981.81508423,5981.81524407,1325.50491435,1325.49913576,0.05282338,633.17836072,102,0
5984.21070133,5984.21619218,0.00000000,1412.55859375,0.00000000,635.37844274,102,2
5984.34885926,5984.35466275,0.00000000,1417.60607910,0.00000000,635.50167145,102,1
5984.52815054,5984.52776749,1424.13799784,1424.15200328,0.04767218,635.66077660,102,0
5985.42030308,5985.41909572,1456.79116580,1456.83548842,0.05733020,636.44324851,102,0
5987.23017999,5987.23103128,1523.57950299,1523.54800590,0.01412361,637.97869110,102,0
5987.75889004,5987.75879516,1543.12897724,1543.13249607,0.04707213,638.41371333,102,0
5991.71008784,5991.71667732,0.00000000,1691.00000000,0.00000000,641.46774140,102,4
5994.63749783,5994.63714247,1802.25190066,1802.26550271,0.05667279,643.49735971,102,0
5995.40997952,5995.40793536,1831.81783553,1831.89635996,0.04241917,643.99898657,102,0
5996.52689194,5996.52693109,0.00000000,1874.91894531,0.00000000,644.69821467,102,2
5998.41413037,5998.41390942,1948.12358901,1948.13220002,0.04677738,645.80885743,102,0
5999.62161255,5999.62152723,1995.33837297,1995.34171866,0.02582437,646.47206753,102,0
6001.07094068,6001.07067061,2052.35107340,2052.36173695,0.02602502,647.21772984,102,0
6002.72795535,6002.73165203,0.00000000,2118.10351562,0.00000000,648.00225131,102,2
6005.23857668,6005.23917778,2218.78272547,2218.75845846,0.05728456,649.04732259,102,0
6005.40393907,6005.40301343,2225.39958185,2225.43698058,0.03115921,649.10998262,102,0
6006.47597608,6006.47600556,2268.86474338,2268.86354588,0.06141387,649.49714172,102,0
6006.89595565,6006.89662528,2285.97242206,2285.94515347,0.06176240,649.63979352,102,0
6008.02189446,6008.02252889,2331.95911510,2331.93312719,0.07029251,649.99680704,102,0
6008.55968324,6008.55784632,0.00000000,2354.00000000,0.00000000,650.15411443,102,4
6012.52832845,6012.52946089,2518.94006974,2518.89248602,0.05272759,651.04208155,102,0
6012.93359181,6012.93669459,0.00000000,2535.94018555,0.00000000,651.10495455,102,2
6014.25991088,6014.26935947,0.00000000,2592.01831055,0.00000000,651.27351500,102,2
6014.92167288,6014.92596192,0.00000000,2620.16235352,0.00000000,651.33599357,102,2
6015.23627861,6015.24097144,0.00000000,2633.58105469,0.00000000,651.36057805,102,2
6015.72017158,6015.71928317,2654.21766189,2654.25569976,0.04606245,651.39187814,102,0
6016.55258183,6016.58538995,0.00000000,2690.00000000,0.00000000,651.42717123,102,4
6018.41068745,6018.41054171,2770.40470699,2770.41105042,0.03844058,651.41938230,102,0
6019.04465800,6019.04502956,2798.07625825,2798.06002058,0.06769893,651.38881084,102,0
6019.79385271,6019.79478641,2830.92124326,2830.88024213,0.04546163,651.33399050,102,0
6020.85979153,6020.85955962,2877.83975572,2877.85000896,0.04154601,651.22053775,102,0
6021.20982204,6021.21162991,2893.42120842,2893.34111920,0.05211814,651.17408304,102,0
6023.03900762,6023.04012507,2974.90464734,2974.85454783,0.04701360,650.85577871,102,0
6026.39146197,6026.39061661,3126.84745917,3126.88622883,0.05112352,649.93033580,102,0
6029.24206015,6029.24338969,3259.02053856,3258.95832644,0.05899332,648.77562155,102,0
6029.79342700,6029.79327767,3284.80728462,3284.81430283,0.04407082,648.51137294,102,0
6030.29537907,6030.29676002,3308.51240523,3308.44727171,0.04777573,648.25890287,102,0
6032.86636077,6032.86706793,3430.91902022,3430.88501256,0.05014645,646.78356575,102,0
6035.33765255,6035.34682031,0.00000000,3550.85766602,0.00000000,645.06571318,102,1
6036.25904629,6036.26023381,3596.24470235,3596.18604874,0.05495779,644.34650574,102,0
6036.91430180,6036.91717884,0.00000000,3628.63716346,0.04906857,643.80797439,102,0
6037.22091514,6037.22115069,3643.87525585,3643.86353355,0.05324634,643.54848946,102,0
6037.98332197,6037.98184607,3681.86855943,3681.94251493,0.05495849,642.88053631,102,0
6041.29065265,6041.29098476,3849.95911060,3849.94200155,0.05659397,639.60911951,102,0
6041.60940878,6041.60879812,3866.35376463,3866.38531022,0.08048604,639.26048631,102,0
6041.80001886,6041.79560506,0.00000000,3876.24922761,0.04441198,639.04891643,102,0
6002.73148317,6002.73165203,0.00000000,47.00000000,0.00000000,629.69647876,101,5
6005.23726342,6005.23917778,0.00000000,125.66700745,0.00000000,633.57363349,101,2
6005.40709510,6005.40301343,130.89156835,131.02027130,0.09714594,633.83326452,101,0
6006.45129735,6006.47600556,0.00000000,164.00000000,0.00000000,635.42094248,101,4
6008.56222166,6008.55784632,0.00000000,231.00000000,0.00000000,638.58374801,101,4
6012.52807164,6012.52946089,358.13312012,358.08830360,0.02158722,644.35251642,101,0
6012.93920232,6012.93669459,371.28847517,371.36946894,0.07898442,644.93795320,101,0
6014.25627050,6014.26935947,0.00000000,414.00000000,0.00000000,646.79485285,101,4
6014.92620564,6014.92596192,435.74337667,435.75130134,0.02233889,647.72921687,101,0
6015.72057242,6015.71928317,461.57337701,461.61541020,0.03058880,648.82875375,101,0
6016.55951249,6016.58538995,0.00000000,489.00000000,0.00000000,649.97931497,101,4
6018.41037397,6018.41054171,549.69983549,549.69431765,0.02467973,652.47947965,101,0
6019.04244047,6019.04502956,570.59074701,570.50539621,0.24292917,653.32091426,101,0
6019.79548533,6019.79478641,595.34395315,595.36704963,0.05273025,654.31552640,101,0
6020.85994273,6020.85955962,630.59722181,630.60993150,0.02405307,655.70568559,101,0
6021.21141293,6021.21162991,642.28418262,642.27697561,0.03987857,656.16078775,101,0
6023.03959266,6023.04012507,703.20210978,703.18430823,0.01898233,658.49540167,101,0
6026.39079633,6026.39061661,815.87089512,815.87697476,0.03704988,662.63256330,101,0
6029.24054285,6029.24338969,912.90611293,912.80878028,0.03519565,666.00173255,101,0
6029.79345488,6029.79327767,931.72808961,931.73416201,0.03201293,666.63911473,101,0
6030.29501004,6030.29676002,948.99445076,948.93438469,0.03663579,667.21260766,101,0
6032.86666309,6032.86706793,1037.65439520,1037.64036272,0.03128685,670.08276277,101,0
6035.31774632,6035.34682031,0.00000000,1123.00000000,0.00000000,672.70630041,101,4
6036.25908087,6036.26023381,1156.03156933,1155.99107238,0.04023540,673.68394017,101,0
6036.91658300,6036.91717884,1179.13487686,1179.11389727,0.03940371,674.35707423,101,0
6037.22093407,6037.22115069,1189.84412445,1189.83648810,0.03856281,674.66584498,101,0
6037.98222354,6037.98184607,1216.70397262,1216.71732279,0.03126267,675.43050751,101,0
6041.29155287,6041.29098476,1334.53284428,1334.55320617,0.01331087,678.62386735,101,0
6041.61031171,6041.60879812,1345.93113478,1345.98545510,0.06996297,678.91993626,101,0
6041.79875626,6041.79560506,1352.64514860,1352.75834548,0.05657625,679.09419184,101,0
6046.69065982,6046.69070265,1530.30457440,1530.30300402,0.02878449,683.35786714,101,0
6048.12254436,6048.13369370,0.00000000,1583.00000000,0.00000000,684.51058842,101,4
6048.44040037,6048.44239880,0.00000000,1594.73999023,0.00000000,684.76036511,101,2
6050.01742093,6050.01703285,1653.20725305,1653.22169920,0.04238514,685.96644753,101,0
6052.16116637,6052.16074336,1733.38641709,1733.40231758,0.01643096,687.51674258,101,0
6052.35240807,6052.35186766,1740.57378907,1740.59412061,0.02992041,687.64995950,101,0
6052.77555389,6052.77601647,1756.54637623,1756.52894005,0.05646853,687.94170433,101,0
6053.01828764,6053.01942578,1765.72612694,1765.68318068,0.00000000,688.10717287,101,0
6053.41640101,6053.41640791,1780.71949423,1780.71923334,0.03793128,688.37558071,101,0
6054.39613648,6054.38316199,0.00000000,1817.85727609,0.02955081,689.02053537,101,0
6056.80972224,6056.81170862,1910.11707908,1910.04075038,0.09330555,690.51073369,101,0
6058.48739126,6058.48701137,1974.74285300,1974.75757011,0.03889681,691.46264503,101,0
6058.76051912,6058.75948587,1985.30566795,1985.34574924,0.04013171,691.61098347,101,0
6059.21389426,6059.21260626,2002.90030907,2002.95037062,0.07148459,691.85301393,101,0
6061.85855442,6061.85939031,2106.45098468,2106.41805479,0.03121857,693.15923124,101,0
6062.16850325,6062.16843580,2118.63509201,2118.63775324,0.02980538,693.30037803,101,0
6067.50154902,6067.50114415,0.00000000,2332.00000000,0.00000000,695.31829166,101,4
6077.87181103,6077.86840355,0.00000000,2765.32902284,0.04591811,696.81735771,101,0
6078.97432349,6078.97404282,2812.96683378,2812.97900808,0.04681432,696.76968091,101,0
6083.30019470,6083.29907942,3003.14455525,3003.19428480,0.08957739,696.15988092,101,0
6086.22007264,6086.22019386,3134.69346826,3134.68795519,0.02929822,695.34615675,101,0
6087.43809885,6087.44281781,0.00000000,3190.31835938,0.00000000,694.90539379,101,2
6089.22885048,6089.22924933,3272.98890221,3272.97037542,0.04955006,694.14457996,101,0
6001.22520623,6089.79517544,0.00000000,-1.00000000,0.00000000,627.32477984,101,4
6090.74966258,6090.75329865,0.00000000,3344.01318359,0.00000000,693.38940202,101,2
6090.87813604,6090.87613379,3349.95673161,3350.05086638,0.12605399,693.32090746,101,0
6092.96984944,6092.97074052,3449.20929777,3449.16673974,0.05828626,692.09985736,101,0
6100.48941040,6100.48304463,0.00000000,3819.21776475,0.04574992,685.93120336,101,0
6101.40910294,6101.40966414,3866.10825838,3866.07954999,0.08543044,684.96883863,101,0
6101.58998499,6101.59057945,3875.37068331,3875.34022314,0.05292410,684.77383830,101,0
6102.84418428,6102.84335179,3939.93459068,3939.97772648,0.05361665,683.36846814,101,0
6103.17084919,6103.17004864,3956.89041551,3956.93203774,0.07087558,682.98700880,101,0
6103.46859035,6103.46855382,3972.43485028,3972.43675521,0.05222496,682.63349521,101,0
6062.16757430,6062.16843580,28.51598918,28.48935118,0.04908777,674.67228710,100,0
6063.99005400,6063.98824658,0.00000000,85.00000000,0.00000000,677.48912684,100,4
6067.50945817,6067.50114415,0.00000000,195.00000000,0.00000000,682.80206867,100,4
6077.87165060,6077.86840355,525.97843800,526.08395530,0.05405629,697.43740704,100,0
6078.97416214,6078.97404282,561.97916345,561.98305577,0.02580302,698.90204190,100,0
6083.29171291,6083.29907942,0.00000000,703.85552979,0.00000000,704.45629654,100,2
6061.24446782,6086.22019386,0.00000000,-1.00000000,0.00000000,673.22970323,100,4
6087.43772554,6087.44281781,0.00000000,842.13195801,0.00000000,709.51052068,100,2
6089.22310149,6089.22924933,0.00000000,902.31652832,0.00000000,711.59962250,100,2
6089.79471530,6089.79517544,921.68262321,921.66702288,0.02773378,712.25704195,100,0
6090.74813738,6090.75329865,0.00000000,954.03894043,0.00000000,713.34133504,100,2
6090.87981959,6090.87613379,958.39181480,958.51723483,0.13275257,713.48980530,100,0
6092.97043921,6092.97074052,1029.95364114,1029.94330773,0.04339630,715.80756729,100,0
6100.49011660,6100.48304463,0.00000000,1291.64204397,0.03301048,723.49181145,100,0
6101.40819542,6101.40966414,1324.17925869,1324.12718638,0.13922900,724.35713371,100,0
6101.59115026,6101.59057945,1330.59564560,1330.61589732,0.04185792,724.52763407,100,0
6102.84450913,6102.84335179,1375.15797969,1375.19926086,0.03028954,725.67803632,100,0
6103.17029714,6103.17004864,1386.81952286,1386.82839955,0.06198950,725.97205275,100,0
6103.46894696,6103.46855382,1397.48900187,1397.50306219,0.00752250,726.23973224,100,0
6106.66399601,6106.66532280,1512.57039858,1512.52230761,0.01740367,728.99007625,100,0
6109.43393535,6109.43291095,1613.48537178,1613.52295026,0.01363951,731.20315568,100,0
6110.21005708,6110.21190313,0.00000000,1642.05761719,0.00000000,731.79416747,100,3
6112.37765815,6112.37870823,1722.26164082,1722.22260785,0.03489774,733.37386616,100,0
6113.66182662,6113.66775171,0.00000000,1770.11071777,0.00000000,734.26075324,100,2
6113.80275744,6113.79891570,0.00000000,1775.38173871,0.25242484,734.35577825,100,0
6115.32057263,6115.31953300,1832.31738431,1832.35655394,0.06752438,735.35007661,100,0
6115.96758217,6115.96668528,1856.73596252,1856.76985583,0.03966059,735.75773140,100,0
6122.34064187,6122.34075300,2101.34930296,2101.34497031,0.02715724,739.23264833,100,0
6123.13194292,6123.13233636,2132.27040846,2132.25501025,0.03867223,739.59299388,100,0
6126.71889529,6126.72303565,0.00000000,2273.95574351,0.04458258,741.01852449,100,0
6128.91770059,6128.91768250,2362.12706272,2362.12779208,0.06250908,741.71794249,100,0
6129.46913153,6129.46996047,2384.43831918,2384.40477559,0.02356881,741.87187875,100,0
6131.41651586,6131.42022037,0.00000000,2463.63452148,0.00000000,742.34492412,100,2
6131.89913261,6131.89926324,2483.40145459,2483.39609685,0.03374414,742.44480468,100,0
6134.31681254,6134.31689672,2583.22320153,2583.21970197,0.05572639,742.83884624,100,0
6137.42166270,6137.41979618,2713.40454034,2713.48358293,0.05217838,743.07561327,100,0
6140.24130211,6140.24548725,0.00000000,2833.91186523,0.00000000,743.01503471,100,2
6142.07715015,6142.07844192,2913.51160393,2913.45532886,0.04219670,742.82776940,100,0
6153.96588116,6153.96568661,3452.83272499,3452.84193147,0.04417497,738.46672803,100,0
6155.37530434,6155.37520280,3519.89250078,3519.89735729,0.05167154,737.54793654,100,0
6156.07490227,6156.07519134,3553.45591209,3553.44201607,0.05685632,737.05704419,100,0
6166.22159007,6166.22164539,4062.48174726,4062.47884672,0.06330949,727.04802508,100,0
6122.47598792,6123.13233636,0.00000000,-1.00000000,0.00000000,719.92713042,99,4
6126.73953364,6126.72303565,0.00000000,131.00000000,0.00000000,726.44721232,99,4
6129.47039054,6129.46996047,215.77808945,215.79149903,0.05883524,730.49762654,99,0
6131.42041550,6131.42022037,276.77718593,276.78330739,0.02784026,733.32866994,99,0
6131.89943935,6131.89926324,291.81617680,291.82170949,0.01620805,734.01610023,99,0
6134.31647879,6134.31689672,368.07271434,368.05947962,0.02793007,737.43653145,99,0
6137.42431657,6137.41979618,0.00000000,466.96750865,0.05303053,741.71348241,99,0
6140.24040324,6140.24548725,0.00000000,557.45709229,0.00000000,745.46758417,99,2
6142.07786028,6142.07844192,616.98205805,616.96316531,0.03718558,747.85359881,99,0
6153.96618880,6153.96568661,1011.31101068,1011.32802971,0.01756344,762.00932530,99,0
6155.37620993,6155.37520280,1059.20669305,1059.24100646,0.02875815,763.53308382,99,0
6156.06952222,6156.07519134,0.00000000,1082.89025879,0.00000000,764.26954029,99,2
6166.22211708,6166.22164539,1436.69197751,1436.70875142,0.03492873,774.05307480,99,0
6167.06239441,6167.06975352,0.00000000,1466.66360941,0.02837261,774.77513123,99,0
6167.52982587,6167.52912590,1483.32541038,1483.35044973,0.02225524,775.17017472,99,0
6169.31245719,6169.30857513,0.00000000,1547.36638445,0.03028710,776.63796474,99,0
6170.67035636,6170.67432223,0.00000000,1596.44702148,0.00000000,777.71204341,99,2
6171.20063665,6171.20033984,1615.66766334,1615.67844763,0.03629566,778.12077086,99,0
6171.70655628,6171.70650842,1634.08023566,1634.08197869,0.13131103,778.50550715,99,0
6173.56883760,6173.56708266,1702.11160376,1702.17603255,0.05850703,779.87466673,99,0
6174.60888801,6174.60880759,1740.44915786,1740.45212456,0.01300063,780.60668962,99,0
6122.47598792,6176.09001702,0.00000000,-1.00000000,0.00000000,719.92713042,99,4
6177.10453248,6177.10397053,1833.01739311,1833.03835928,0.05492119,782.26553627,99,0
6178.18107505,6178.18034750,1873.27690074,1873.30418364,0.02902606,782.93759388,99,0
6183.40605516,6183.40420518,2071.62949766,2071.70063202,0.04224185,785.81198315,99,0
6184.82727063,6184.82836922,2126.57154902,2126.52900548,0.02379128,786.47824342,99,0
6185.55355768,6185.55318957,0.00000000,2154.72045898,0.00000000,786.79922829,99,2
6185.99775846,6185.99814471,2172.00324813,2171.98820114,0.06211552,786.98859602,99,0
6187.86276351,6187.85389279,0.00000000,2245.00000000,0.00000000,787.72848604,99,4
6194.04855822,6194.04521685,2492.17094371,2492.30678697,0.11332114,789.50409995,99,0
6194.70978752,6194.71113608,2519.29558194,2519.24055397,0.03271316,789.62937207,99,0
6196.33882634,6196.33930910,2586.03216765,2586.01228774,0.06492740,789.88225100,99,0
6198.24212296,6198.24151845,2664.79595381,2664.82112578,0.04685854,790.07495026,99,0
6199.69723872,6199.69514696,2725.59698686,2725.68483689,0.03767487,790.14540857,99,0
6200.11581158,6200.11567958,2743.27525988,2743.28081832,0.04734869,790.15305286,99,0
6203.69123173,6203.69089731,2895.46478823,2895.47917786,0.04070166,789.98098581,99,0
6205.08850535,6205.08847044,2955.86378653,2955.86530239,0.05135643,789.79440517,99,0
6210.15317936,6210.15752781,0.00000000,3179.44555664,0.00000000,788.51850786,99,2
6210.94296335,6210.94618474,0.00000000,3215.00000000,0.00000000,788.23071011,99,4
6212.93652705,6212.93403758,3305.50605851,3305.62001814,0.05542106,787.39182277,99,0
6217.09490991,6217.09480666,3498.88926566,3498.89413952,0.04911254,785.09706577,99,0
6221.40843879,6221.40588834,3705.80255506,3705.92707970,0.06965966,781.87530982,99,0
6222.01212152,6222.01196737,3735.47372439,3735.48128902,0.06127532,781.35097247,99,0
6223.29855074,6223.30013035,3799.01067935,3798.93234028,0.05202322,780.17087522,99,0
6223.87200806,6223.87216881,3827.44980776,3827.44179830,0.06342043,779.61648227,99,0
6225.02859628,6225.02716749,3885.28251808,3885.35443006,0.08305202,778.44419753,99,0
6225.71224672,6225.70990563,3919.75598648,3919.87451591,0.07919228,777.71602848,99,0
6228.86076653,6228.86215481,4081.63306258,4081.56075687,0.08739482,774.01305740,99,0
6229.07403884,6229.08049581,0.00000000,4092.67187500,0.00000000,773.74089408,99,2
6185.98081259,6185.99814471,0.00000000,31.00000000,0.00000000,769.04645331,98,4
6187.85550667,6187.85389279,0.00000000,88.00000000,0.00000000,771.89275915,98,4
6194.02924436,6194.04521685,0.00000000,278.00000000,0.00000000,780.94846018,98,4
6194.70757371,6194.71113608,299.20660155,299.09569261,0.03809069,781.91290912,98,0
6196.33905869,6196.33930910,350.01642621,350.00858908,0.02411815,784.20676692,98,0
6198.24109293,6198.24151845,409.72836288,409.71496523,0.03191967,786.83596758,98,0
6199.69829623,6199.69514696,455.60598371,455.70559945,0.03911996,788.81640018,98,0
6200.11524077,6200.11567958,468.92025667,468.90635544,0.02920902,789.37764635,98,0
6203.69131694,6203.69089731,582.83340551,582.84685457,0.02965900,794.08845326,98,0
6205.08895907,6205.08847044,627.72527747,627.74101198,0.03726334,795.87884859,98,0
6210.15289384,6210.15752781,0.00000000,792.21948242,0.00000000,802.12079828,98,2
6210.93860375,6210.94618474,0.00000000,818.00000000,0.00000000,803.05393646,98,4
6212.94016504,6212.93403758,0.00000000,884.00000000,0.00000000,805.38697007,98,4
6217.09518478,6217.09480666,1022.53356666,1022.54626951,0.01452910,810.02304156,98,0
6221.38972117,6221.40588834,0.00000000,1168.00000000,0.00000000,814.50916654,98,4
6222.01270436,6222.01196737,1189.26050907,1189.28573238,0.02944312,815.13292201,98,0
6223.29967655,6223.30013035,1233.46428733,1233.44867500,0.01058716,816.40040110,98,0
6223.87268721,6223.87216881,1253.16518378,1253.18305659,0.03464413,816.95514449,98,0
6225.02128039,6225.02716749,0.00000000,1292.89147949,0.00000000,818.04958960,98,2
6225.71299403,6225.70990563,1316.77309483,1316.88036166,0.07629794,818.69667333,98,0
6228.85705448,6228.86215481,0.00000000,1426.77990723,0.00000000,821.52537244,98,2
6229.08106910,6229.08049581,1434.63199388,1434.65217382,0.03830087,821.71944189,98,0
6229.69948793,6229.69921922,1456.44083592,1456.45032093,0.01220739,822.25084879,98,0
6232.94398098,6232.94340125,1571.74681053,1571.76755912,0.04579163,824.91622668,98,0
6233.37024270,6233.37026148,1587.03736607,1587.03669309,0.06252544,825.25075226,98,0
6236.02998807,6236.02963005,1682.93000736,1682.94299100,0.05293212,827.25355773,98,0
6239.92262288,6239.92224464,1825.33692843,1825.35088779,0.02423998,829.91437981,98,0
6242.03979575,6242.04359331,0.00000000,1903.88061523,0.00000000,831.22163794,98,2
6248.26236957,6248.26225771,2139.24169915,2139.24599470,0.03662883,834.45842798,98,0
6253.53139635,6253.53101849,2344.31747098,2344.33237538,0.03574410,836.44619522,98,0
6253.53202063,6253.53101849,144.82630882,144.85672686,0.02274345,823.09262755,97,0
6293.76451973,6293.75398550,0.00000000,1451.04649052,0.02583786,870.69684716,97,0
6295.06992032,6295.06959547,1496.73615210,1496.74756048,0.03772979,871.79385617,97,0
6300.27624844,6300.27577285,1681.56396960,1681.58104141,0.01506987,875.83919353,97,0
6361.04806832,6361.04795183,1510.95310583,1510.95716206,0.04765657,921.63053548,96,0
6371.61508602,6371.61452404,1887.24124100,1887.26172510,0.03844591,929.16560869,96,0
6374.21327587,6374.21265177,1982.50587678,1982.52890120,0.01766509,930.66172062,96,0
6391.55747115,6391.55717110,2650.61381928,2650.62591550,0.03411193,936.48626277,96,0
6394.53042989,6394.53009504,2771.50275981,2771.51649159,0.03624243,936.66774969,96,0
6313.82297732,6397.19412114,0.00000000,-1.00000000,0.00000000,865.20197799,96,4
6398.93013664,6398.92603283,0.00000000,2954.34492478,0.07401265,936.43454866,96,0
6411.63051532,6411.63093065,3512.08877065,3512.06971457,0.06640458,931.94814114,96,0
6413.36693602,6413.36675123,3592.23334067,3592.24193132,0.06462958,930.83588376,96,0
6391.55729783,6391.55717110,335.85792080,335.86176280,0.02745296,931.66501126,95,0
6394.53057826,6394.53009504,426.39734472,426.41212915,0.01761412,935.67571672,95,0
6397.19437955,6397.19412114,508.24662652,508.25459808,0.02092095,939.17187432,95,0
6398.93162567,6398.92603283,0.00000000,561.99273916,0.04321922,941.40093411,95,0
6411.63106864,6411.63093065,964.38656290,964.39103178,0.01414079,956.41655905,95,0
6413.36695175,6413.36675123,1020.77424577,1020.78077857,0.03166256,958.28457624,95,0
6429.28431828,6429.28454623,1555.25698299,1555.24908603,0.03633411,973.10709665,95,0
6430.47077564,6430.46990039,1596.42348635,1596.45395422,0.02067172,974.03329866,95,0
6432.71675758,6432.71643157,1675.00235203,1675.01380859,0.05908891,975.71326664,95,0
6436.40606188,6436.41383996,0.00000000,1805.71350098,0.00000000,978.25850854,95,2
6443.71338803,6443.73941167,0.00000000,2071.00000000,0.00000000,982.46541854,95,4
6444.33769778,6444.33768064,2094.06566139,2094.06629592,0.06836031,982.77045775,95,0
6447.59403713,6447.59286139,2215.56818761,2215.61243183,0.01740098,984.21727805,95,0
6380.29038758,6450.94353329,0.00000000,-1.00000000,0.00000000,915.48060318,95,4
6451.69618453,6451.69006591,0.00000000,2371.53100777,0.06811267,985.67800403,95,0
6463.28581187,6463.28529149,2830.78645422,2830.80775935,0.13784179,987.39821151,95,0
6463.44226431,6463.44240202,2837.22187379,2837.21623020,0.05841703,987.39492458,95,0
6463.71703478,6463.71655935,2848.46626327,2848.48577902,0.04050686,987.38732195,95,0
6466.77134996,6466.77123651,2974.97978441,2974.98452679,0.05761946,987.14254043,95,0
6468.82532110,6468.82535810,3061.40418424,3061.40261740,0.04206939,986.80694374,95,0
6479.61358407,6479.61468832,0.00000000,3535.01733398,0.00000000,982.53889602,95,1
6479.76719241,6479.76723864,3542.02242195,3542.02031354,0.07212792,982.44494840,95,0
6481.74647134,6481.74700293,3633.01051487,3632.98590575,0.05659071,981.14290073,95,0
6483.03680892,6483.03580796,3693.00551194,3693.05234280,0.07382995,980.19993704,95,0
6483.52093359,6483.52091099,3715.74231375,3715.74337459,0.05280103,979.82649304,95,0
6484.30278551,6484.30172503,3752.51816301,3752.56826595,0.10938711,979.20033068,95,0
6488.43892694,6488.43826516,3951.22141869,3951.25376147,0.06871206,975.39250227,95,0
6488.83003744,6488.82985400,3970.39772310,3970.40672329,0.06300955,974.98713076,95,0
6490.02847521,6490.03355252,0.00000000,4029.47827148,0.00000000,973.69444647,95,2
6490.13045799,6490.13483604,0.00000000,4034.53295898,0.00000000,973.58085565,95,2
6450.94383967,6450.94353329,80.76488405,80.77384557,0.02392298,970.78361930,94,0
6463.27222016,6463.28529149,0.00000000,448.00000000,0.00000000,987.87704665,94,4
6463.44409776,6463.44240202,453.16596907,453.21746164,0.12022335,988.10213436,94,0
6463.71724947,6463.71655935,461.49451897,461.51549293,0.00963076,988.45909664,94,0
6466.77185279,6466.77123651,554.76130452,554.78021362,0.02790500,992.38457799,94,0
6468.82473413,6468.82535810,617.98524008,617.96597241,0.04324172,994.95374138,94,0
6479.61278550,6479.61468832,0.00000000,957.14782715,0.00000000,1007.49927100,94,2
6479.76900362,6479.76723864,962.09705858,962.15361036,0.07354126,1007.66870502,94,0
6481.74617435,6481.74700293,1025.75384457,1025.72711279,0.03134977,1009.78076636,94,0
6483.03689638,6483.03580796,1067.43173753,1067.46701281,0.04629187,1011.12738905,94,0
6483.52084414,6483.52091099,1083.16616542,1083.16399521,0.03332581,1011.62559055,94,0
6484.28468687,6484.30172503,0.00000000,1108.00000000,0.00000000,1012.40467713,94,4
6488.43959094,6488.43826516,1244.26953998,1244.31337522,0.02364931,1016.48054530,94,0
6488.83057985,6488.82985400,1257.22627361,1257.25030818,0.02876380,1016.84977683,94,0
6490.02760839,6490.03355252,0.00000000,1296.99353027,0.00000000,1017.96501147,94,1
6490.13023143,6490.13483604,0.00000000,1300.40795898,0.00000000,1018.05948149,94,2
6498.60166657,6498.60222735,1587.05435650,1587.03505768,0.05602992,1025.23281151,94,0
6505.42003356,6505.41991143,1825.06984920,1825.07417568,0.05819494,1030.05330846,94,0
6519.46578588,6519.46665894,2339.06360651,2339.03057470,0.07134690,1036.94513066,94,0
6520.74853609,6520.74819665,2387.70982042,2387.72275098,0.04372446,1037.34886381,94,0
6521.30312729,6521.31007057,0.00000000,2408.88742732,0.12205994,1037.51090380,94,0
6522.78574327,6522.78516771,2465.70993033,2465.73208946,0.04251179,1037.90578125,94,0
6523.79474939,6523.79328759,2504.62512958,2504.68170406,0.03726380,1038.14241108,94,0
6526.25361159,6526.25208600,2600.39481525,2600.45463353,0.03434874,1038.60689370,94,0
6527.88175696,6527.88147869,2664.56753489,2664.57854515,0.03072144,1038.82461553,94,0
6528.84433482,6528.84305988,2702.71741281,2702.76813235,0.04713092,1038.91873691,94,0
6537.07068053,6537.07117725,3037.96020910,3037.93946471,0.05648950,1038.60619196,94,0
6544.79376531,6544.79413361,3368.60116642,3368.58498843,0.05227779,1036.29398251,94,0
6545.93316456,6545.93646849,0.00000000,3418.84023121,0.05664319,1035.76821168,94,0
6546.29591244,6546.29547514,3434.89815475,3434.91756611,0.05376782,1035.59029433,94,0
6547.54191139,6547.54269439,3490.50568389,3490.47061610,0.06494924,1034.93926640,94,0
6547.90339121,6547.90214350,3506.62460265,3506.68062437,0.06631114,1034.73870018,94,0
6551.69381038,6551.69262571,3679.18736709,3679.24209976,0.05838125,1032.30667423,94,0
6553.62758965,6553.62773132,3769.23580743,3769.22916546,0.06167957,1030.82299754,94,0
6553.88746271,6553.88464060,0.00000000,3781.42012977,0.05685100,1030.61063487,94,0
6554.56843501,6554.56893732,3813.51558316,3813.49186608,0.06732304,1030.03900459,94,0
6555.05951566,6555.05929940,3836.71572748,3836.72597990,0.10339754,1029.61316749,94,0
6556.82196648,6556.82188887,3920.89124644,3920.89497990,0.05867796,1027.98801311,94,0
6557.70617288,6557.70696963,3963.62714825,3963.58851466,0.05318185,1027.11423886,94,0
6558.67622770,6558.67643406,4010.81529924,4010.80521876,0.06205637,1026.10913283,94,0
6559.26683999,6559.27631010,0.00000000,4039.73728897,0.33126174,1025.47313475,94,0
6519.46952359,6519.46665894,56.27256233,56.35529154,0.04208631,1021.77402358,93,0
6520.74896036,6520.74819665,93.35109002,93.37322169,0.02509011,1023.63030742,93,0
6522.78550959,6522.78516771,152.55923351,152.56919935,0.02353144,1026.54658487,93,0
6523.79416995,6523.79328759,181.98855866,182.01435537,0.03898723,1027.97330820,93,0
6526.25194168,6526.25208600,254.12834913,254.12409930,0.03160268,1031.40028808,93,0
6527.88180244,6527.88147869,302.22092311,302.23050105,0.02110964,1033.63362970,93,0
6528.84578385,6528.84305988,330.71124005,330.79207090,0.04255148,1034.93958080,93,0
6537.06905072,6537.07117725,577.96360082,577.89888198,0.06607751,1045.61589005,93,0
6544.79388328,6544.79413361,815.92364396,815.91583297,0.03596577,1054.84544883,93,0
6545.93276156,6545.93646849,851.65019559,851.53406884,0.02724261,1056.13772986,93,0
6546.29516109,6546.29547514,862.89094907,862.88109887,0.03538206,1056.54455891,93,0
6547.54190532,6547.54269439,902.09901258,902.07414788,0.03683716,1057.93170835,93,0
6547.90171271,6547.90214350,913.43311274,913.41952065,0.02952212,1058.32802711,93,0
6551.69431641,6551.69262571,1033.77318806,1033.82721546,0.03811210,1062.38960690,93,0
6553.62764662,6553.62773132,1095.81698701,1095.81426220,0.03782084,1064.37757896,93,0
6553.88844295,6553.88464060,1104.08739025,1104.20985304,0.04832116,1064.64145208,93,0
6554.56894823,6554.56893732,1126.14704436,1126.14739664,0.03248071,1065.32489069,93,0
6555.05922510,6555.05929940,0.00000000,1142.00000000,0.00000000,1065.81330698,93,4
6556.82231685,6556.82188887,1199.18116964,1199.19510008,0.03254808,1067.53745464,93,0
6557.70623544,6557.70696963,1228.04056131,1228.01658157,0.04595396,1068.38371933,93,0
6558.67611427,6558.67643406,1259.75928169,1259.74879996,0.03428293,1069.29796772,93,0
6559.26916134,6559.27631010,0.00000000,1279.22338867,0.00000000,1069.84998521,93,2
6562.13303001,6562.13490456,1373.86859929,1373.80634117,0.04282213,1072.43287129,93,0
6565.98719854,6565.97827774,0.00000000,1502.77843715,0.04821743,1075.69271798,93,0
6568.02757000,6568.02848040,1571.87088978,1571.83993923,0.05185670,1077.31399262,93,0
6571.17836998,6571.18171900,1679.76059560,1679.64526978,0.06341658,1079.67159248,93,0
6572.45534337,6572.46106229,0.00000000,1723.73889160,0.00000000,1080.57504873,93,2
6572.59547689,6572.60289022,0.00000000,1728.59179688,0.00000000,1080.67232548,93,2
6574.83675749,6574.83772383,1806.62578076,1806.59198084,0.04007984,1082.17717111,93,0
6576.56008484,6576.56083693,1867.11464017,1867.08813933,0.05059428,1083.26826050,93,0
6576.78532787,6576.78885779,0.00000000,1875.04040527,0.00000000,1083.40674495,93,1
6577.08917228,6577.08857346,1885.73288115,1885.75403309,0.03631461,1083.59150225,93,0
6579.98578571,6579.98594517,1988.73542728,1988.72972114,0.06772290,1085.26109860,93,0
6580.61418936,6580.61356317,2011.22211102,2011.24457457,0.04349476,1085.60051046,93,0
6581.33134859,6581.33476309,0.00000000,2037.02111816,0.00000000,1085.97780121,93,2
6584.05328222,6584.05411322,2135.64510778,2135.61481201,0.02215115,1087.30970566,93,0
6584.59758582,6584.59711134,2155.46615876,2155.48350103,0.02118475,1087.55676894,93,0
6587.03119654,6587.03134223,2244.97562620,2244.97023843,0.06151508,1088.58079926,93,0
6588.71684720,6588.72091113,0.00000000,2307.56616211,0.00000000,1089.21081485,93,4
6590.73144421,6590.73205279,2383.07890861,2383.05598367,0.07460780,1089.87613456,93,0
6593.90848951,6593.90395192,0.00000000,2503.71311272,0.05945026,1090.72509600,93,0
6603.21342839,6603.21435565,2869.16941966,2869.13203509,0.06766207,1091.68758437,93,0
6605.81752754,6605.81734447,2974.88853268,2974.89602616,0.05448559,1091.51501554,93,0
6609.15142364,6609.15161512,3112.78735046,3112.77935148,0.06585084,1090.98601872,93,0
6609.79349921,6609.79352245,3139.65989450,3139.65891950,0.04377644,1090.84282080,93,0
6611.06641071,6611.06678818,3193.29509596,3193.27913191,0.05053549,1090.51811252,93,0
6618.30541066,6618.30557090,3507.00196904,3506.99484961,0.04644303,1087.57588254,93,0
6618.57937608,6618.57976587,3519.19552416,3519.17817404,0.07201585,1087.42570624,93,0
6620.87760194,6620.87822161,3622.35009326,3622.32205338,0.06681877,1086.04673577,93,0
6621.09401623,6621.09451753,3632.14499550,3632.12227627,0.06241769,1085.90570258,93,0
6622.36024545,6622.36004141,3689.80815197,3689.81749474,0.05462417,1085.04020495,93,0
6622.91346823,6622.91228585,3715.14465242,3715.19900929,0.09888831,1084.64038299,93,0
6623.60731795,6623.60731295,3747.18150648,3747.18173763,0.07067409,1084.11998443,93,0
6627.12562105,6627.12569293,3912.03846065,3912.03504406,0.06731949,1081.14418269,93,0
6627.85621057,6627.85426547,3946.77273431,3946.86573278,0.08227596,1080.45255275,93,0
6630.87377795,6630.87708727,0.00000000,4093.00268555,0.00000000,1077.31157823,93,2
6588.72010510,6588.72091113,10.23348991,10.21055975,0.08704301,1072.69758839,92,0
6590.73165385,6590.73205279,67.61319221,67.60177906,0.02752940,1075.61180765,92,0
6593.87789656,6593.90395192,0.00000000,158.00000000,0.00000000,1080.08125683,92,4
6603.21345715,6603.21435565,431.12928693,431.10263378,0.03416090,1092.68648119,92,0
6605.81782659,6605.81734447,508.64895459,508.66336769,0.02329790,1096.02051904,92,0
6609.15327217,6609.15161512,608.84833808,608.89838722,0.08652896,1100.16818458,92,0
6609.79430438,6609.79352245,628.25787883,628.28154888,0.02373808,1100.94929631,92,0
6611.05935488,6611.06678818,0.00000000,666.64916992,0.00000000,1102.47543058,92,2
6618.30473586,6618.30557090,889.48035674,889.45436174,0.02740302,1110.81207016,92,0
6618.58051989,6618.57976587,898.02072311,898.04422108,0.04347224,1111.11551518,92,0
6620.87885523,6620.87822161,969.91762994,969.93752692,0.12461394,1113.60293528,92,0
6621.09520246,6621.09451753,976.71243495,976.73396008,0.05329844,1113.83325139,92,0
6622.36054282,6622.36004141,1016.56639612,1016.58221885,0.01239381,1115.16682693,92,0
6622.91380467,6622.91228585,1034.01018459,1034.05820844,0.06341015,1115.74263289,92,0
6623.60737340,6623.60731295,1056.01374449,1056.01566071,0.04575184,1116.45827263,92,0
6627.12645539,6627.12569293,1168.21938250,1168.24385410,0.03096507,1119.97995882,92,0
6627.85638363,6627.85426547,1191.63192773,1191.70008317,0.05657825,1120.68725120,92,0
6630.87720197,6630.87708727,1289.45564822,1289.45938210,0.00764603,1123.52798297,92,0
6632.01477906,6632.01425031,1326.54500118,1326.56227960,0.01945366,1124.56092035,92,0
6633.70623364,6633.70694898,1382.03695612,1382.01342462,0.12427161,1126.05829214,92,0
6635.24712251,6635.24711423,1432.84260939,1432.84288314,0.04440214,1127.38204399,92,0
6638.90139373,6638.90715765,0.00000000,1554.62438965,0.00000000,1130.36362614,92,2
6639.06150143,6639.07278607,0.00000000,1560.00000000,0.00000000,1130.48905956,92,4
6642.91000584,6642.90905636,1690.22299064,1690.25537926,0.04155645,1133.36872550,92,0
6649.62994925,6649.62929221,1922.77350094,1922.79656966,0.04445145,1137.74700900,92,0
6651.37717702,6651.37639360,1984.34891450,1984.37663771,0.03973884,1138.74265880,92,0
6658.48005782,6658.48167716,2239.87583690,2239.81662529,0.11495897,1142.14017993,92,0
6658.65753560,6658.65748042,2246.30656522,2246.30858441,0.04428163,1142.21114154,92,0
6659.53585678,6659.53545562,2278.50229670,2278.51704029,0.01980906,1142.55192134,92,0
6662.91679227,6662.91996067,0.00000000,2403.81445312,0.00000000,1143.69899177,92,2
6663.04235927,6663.04102106,2408.45132913,2408.50137477,0.05546987,1143.73638429,92,0
6588.36084600,6664.38326081,0.00000000,-1.00000000,0.00000000,1072.17287313,92,4
6668.59287811,6668.59773351,0.00000000,2619.06287069,0.12573901,1145.00581905,92,0
6669.01773061,6669.01788984,2635.42733064,2635.42118858,0.03813160,1145.07081682,92,0
6670.22088973,6670.22581599,0.00000000,2682.00000000,0.00000000,1145.22933049,92,4
6674.51024630,6674.51025643,2850.55493893,2850.55453592,0.03793383,1145.47430299,92,0
6685.23063429,6685.23028201,3290.94069650,3290.95566312,0.05477220,1143.68180914,92,0
6689.39370418,6689.39341750,3470.29776565,3470.31029344,0.07520030,1141.94246785,92,0
6693.04781933,6693.04741632,3632.03810609,3632.05617654,0.06982286,1139.87230594,92,0
6693.87066495,6693.87037989,3669.06822031,3669.08109137,0.07347455,1139.33147920,92,0
6699.56398168,6699.56483540,3931.76890106,3931.72862995,0.07065458,1134.77834921,92,0
6702.19022187,6702.17946206,0.00000000,4057.00000000,0.00000000,1132.16391122,92,4
6663.03936280,6663.04102106,64.17380021,64.12687849,0.04045973,1129.74297329,91,0
6664.38258628,6664.38326081,102.21658402,102.19743084,0.03806826,1131.65076426,91,0
6669.01434332,6669.01788984,234.68513124,234.58309706,0.08821010,1138.08075526,91,0
6670.20850451,6670.22581599,0.00000000,269.00000000,0.00000000,1139.70048129,91,4
6674.50992103,6674.51025643,393.96059022,393.95078511,0.03247078,1145.40094767,91,0
6685.23094209,6685.23028201,712.50609253,712.52604022,0.01698503,1158.65891399,91,0
6689.39348447,6689.39341750,839.12936088,839.13141176,0.03538284,1163.41919122,91,0
6693.04834875,6693.04741632,951.73096708,951.75987225,0.04404727,1167.41096218,91,0
6693.87123911,6693.87037989,977.28098536,977.30770134,0.02618255,1168.28460027,91,0
6699.56443516,6699.56483540,1156.04988636,1156.03719418,0.03882270,1174.06737693,91,0
6702.16819421,6702.17946206,0.00000000,1239.00000000,0.00000000,1176.55597498,91,4
6703.36523918,6703.37026565,0.00000000,1277.40051270,0.00000000,1177.66586492,91,2
6726.96898574,6726.96966075,2072.63097134,2072.60707758,0.03017013,1194.67741489,91,0
6727.78908759,6727.79141335,0.00000000,2101.70898438,0.00000000,1195.08381572,91,2
6728.64976574,6728.64566037,0.00000000,2132.34911869,0.07731929,1195.49519565,91,0
6729.83059185,6729.82976783,2174.54256886,2174.57212613,0.02880710,1196.03435254,91,0
6730.02633727,6730.02532998,2181.56064781,2181.59681381,0.06385544,1196.12093348,91,0
6734.01381846,6734.01423485,2326.13274021,2326.11750607,0.06936339,1197.70467943,91,0
6736.89608139,6736.89441869,2432.25734346,2432.31904896,0.04685519,1198.62831543,91,0
6738.66478740,6738.66492536,2498.26947068,2498.26430363,0.04975920,1199.09940357,91,0
6740.03429127,6740.03488011,2549.75048044,2549.72827712,0.04237345,1199.41250351,91,0
6741.47583299,6741.46958204,0.00000000,2604.29974224,0.10256467,1199.69226658,91,0
6742.53634090,6742.53658998,2644.70716884,2644.69765163,0.04191547,1199.86472324,91,0
6743.22561955,6743.22535667,2671.07555574,2671.08563896,0.07654798,1199.96145496,91,0
6744.97709741,6744.97701359,2738.58662215,2738.58986831,0.03259270,1200.15165130,91,0
6750.15307954,6750.15275987,2941.93576871,2941.94851328,0.05561638,1200.22677348,91,0
6753.49542090,6753.49589307,3076.56645136,3076.54723950,0.04395312,1199.86504980,91,0
6756.79306697,6756.79297032,3212.04609967,3212.05011318,0.07751186,1199.16953646,91,0
6763.24059696,6763.23861470,3485.37061214,3485.45650576,0.05775692,1196.75275189,91,0
6767.07785993,6767.07819153,3654.00223381,3653.98746316,0.06580689,1194.58688488,91,0
6767.24650538,6767.24425751,3661.41939177,3661.51962024,0.12802693,1194.47803238,91,0
6769.13124936,6769.13140455,3746.16276884,3746.15575062,0.07125494,1193.18394070,91,0
6770.51047939,6770.51078012,3808.86454141,3808.85080220,0.05761753,1192.14127167,91,0
6770.93278132,6770.93485478,3828.27110130,3828.17603455,0.05117143,1191.80544584,91,0
6771.27555955,6771.28037543,0.00000000,3843.92065430,0.00000000,1191.52681353,91,2
6771.36358423,6771.36911006,0.00000000,3847.96875000,0.00000000,1191.45444462,91,2
6773.94604574,6773.95107851,0.00000000,3967.99951172,0.00000000,1189.17290229,91,2
6774.59589654,6774.58584863,0.00000000,3998.60080344,0.03537536,1188.54920646,91,0
6775.10802397,6775.10807124,4022.83287064,4022.83062959,0.06176143,1188.04324975,91,0
6775.79802920,6775.79590345,4055.53435011,4055.63572872,0.16444546,1187.34115388,91,0
6736.89476388,6736.89441869,0.00000000,59.00000000,0.00000000,1184.89708931,90,4
6738.66504111,6738.66492536,108.63787742,108.64113111,0.02108272,1187.38971961,90,0
6740.02899963,6740.03488011,0.00000000,147.05412292,0.00000000,1189.28805158,90,2
6741.47726812,6741.46958204,0.00000000,188.00000000,0.00000000,1191.28225834,90,4
6742.53526187,6742.53658998,218.04953837,218.01180700,0.02819033,1192.72473827,90,0
6743.22587622,6743.22535667,237.63679188,237.65158196,0.02379623,1193.65990837,90,0
6744.97742936,6744.97701359,287.62849890,287.64039292,0.02436685,1196.00880556,90,0
6750.15283428,6750.15275987,436.83030493,436.83246641,0.02960636,1202.75126996,90,0
6753.49620120,6753.49589307,534.42275028,534.43178980,0.01708643,1206.94503417,90,0
6756.79334388,6756.79297032,631.63638971,631.64746054,0.01725315,1210.95167809,90,0
6763.24061871,6763.23861470,824.58821347,824.64882201,0.03243735,1218.40149573,90,0
6767.07499671,6767.07819153,0.00000000,941.37231445,0.00000000,1222.58143560,90,2
6767.23971345,6767.24425751,0.00000000,946.41925049,0.00000000,1222.75663602,90,2
6769.12579953,6769.13140455,0.00000000,1004.40863037,0.00000000,1224.73678233,90,2
6770.51167392,6770.51078012,1047.23390902,1047.26160830,0.03430677,1226.16116754,90,0
6770.93607646,6770.93485478,1060.38547643,1060.42338963,0.04020939,1226.59201386,90,0
6771.27686607,6771.28037543,0.00000000,1071.00000000,0.00000000,1226.93597549,90,4
6773.95063026,6773.95107851,1154.47090815,1154.45684954,0.04958526,1229.57943599,90,0
6774.59534655,6774.58584863,0.00000000,1174.70862892,0.01307026,1230.20199912,90,0
6775.10803327,6775.10807124,1190.82865475,1190.82745914,0.03988749,1230.69223445,90,0
6775.79564690,6775.79590345,1212.51429432,1212.50619517,0.06943237,1231.34419351,90,0
6778.76060078,6778.76146686,1306.64502524,1306.61738417,0.02277325,1234.07639925,90,0
6782.50467403,6782.50454339,1426.91149391,1426.91571973,0.04849885,1237.33677898,90,0
6784.46502069,6784.47180168,0.00000000,1490.58862305,0.00000000,1238.95708465,90,2
6784.57141395,6784.57700911,0.00000000,1494.05761719,0.00000000,1239.04326606,90,1
6784.73192381,6784.72940504,1499.20956910,1499.29176160,0.11602391,1239.17288992,90,0
6790.63881254,6790.63718396,1694.22980168,1694.28419353,0.04254016,1243.65071536,90,0
6792.17765930,6792.17729952,1745.83319732,1745.84529082,0.05113565,1244.72043876,90,0
6799.74356801,6799.74347712,2004.24221979,2004.24537417,0.06565376,1249.36122934,90,0
6801.29861896,6801.29643814,2058.31454513,2058.39074801,0.04768458,1250.18152699,90,0
6803.22297792,6803.22306803,2125.94762819,2125.94445125,0.07745729,1251.13106225,90,0
6806.82413465,6806.82364333,2253.95726863,2253.97487921,0.06568914,1252.70559993,90,0
6807.09133935,6807.08864220,2263.46139384,2263.55820394,0.05286706,1252.81160510,90,0
6811.91733545,6811.91241482,0.00000000,2438.80834544,0.03865173,1254.45904771,90,0
6813.73550363,6813.73581375,2505.93297851,2505.92147826,0.06476251,1254.94379689,90,0
6814.14665030,6814.15648469,0.00000000,2521.18110718,0.09450888,1255.04272215,90,0
6814.87191843,6814.87169548,2548.17185778,2548.18017131,0.05784424,1255.20750176,90,0
6816.95015941,6816.94815225,0.00000000,2626.10961914,0.00000000,1255.60965905,90,2
6818.01692199,6818.01471345,2666.34366163,2666.42739918,0.03907437,1255.77489355,90,0
6820.18261081,6820.18311075,2749.04333692,2749.02415828,0.07631509,1256.02220669,90,0
6821.18295239,6821.18271601,2787.49099077,2787.50010777,0.04369534,1256.09557046,90,0
6822.01022384,6822.00930244,2819.44664438,2819.48234941,0.04043698,1256.13631314,90,0
6822.65203901,6822.65223232,2844.40584179,2844.39832349,0.04391661,1256.15532138,90,0
6825.82350243,6825.82341582,2968.82710516,2968.83053400,0.05171428,1256.08335230,90,0
6826.34775472,6826.34751365,2989.60863350,2989.61820722,0.04259912,1256.04421926,90,0
6826.88632879,6826.88620505,3011.03606676,3011.04099691,0.09696637,1255.99577033,90,0
6827.64692860,6827.64274849,0.00000000,3041.42489188,0.09187798,1255.91292034,90,0
6734.77965066,6828.79767700,0.00000000,-1.00000000,0.00000000,1181.87671816,90,4
6831.21596608,6831.21578076,3185.80831725,3185.81589577,0.05456327,1255.29259798,90,0
6832.73536627,6832.73567716,3248.27311190,3248.26027714,0.06436462,1254.90836222,90,0
6834.60652525,6834.60569206,3325.95380132,3325.98862113,0.05600937,1254.33226077,90,0
6835.27695914,6835.27755152,3354.09393886,3354.06907137,0.06759986,1254.09746189,90,0
6839.75495575,6839.75562909,3544.93688791,3544.90776135,0.07921524,1252.12668875,90,0
6842.37297237,6842.37253034,3659.21420054,3659.23369549,0.06022960,1250.63288386,90,0
6843.72138018,6843.72284698,3719.05966577,3718.99434746,0.10889603,1249.75866003,90,0
6843.94426435,6843.94524596,3728.97151426,3728.92773022,0.07159081,1249.60713335,90,0
6844.34556789,6844.35014951,0.00000000,3746.85305234,0.05950256,1249.32921329,90,0
6844.63524525,6844.63436934,3759.78890677,3759.82817894,0.05130017,1249.12444417,90,0
6844.91423586,6844.91206567,3772.24106373,3772.33855640,0.07572978,1248.92414800,90,0
6845.24932743,6845.25620771,0.00000000,3787.41842000,0.03893011,1248.67897917,90,0
6848.12014303,6848.12059739,3918.16581020,3918.14488292,0.08016243,1246.38255769,90,0
6850.09866793,6850.12861432,0.00000000,4010.00000000,0.00000000,1244.58548848,90,4
6851.39819149,6851.40022198,0.00000000,4071.13745117,0.00000000,1243.30544509,90,2
6811.90755049,6811.91241482,0.00000000,40.00000000,0.00000000,1240.47958587,89,4
6813.73536224,6813.73581375,90.62004015,90.60751066,0.03097446,1243.04265894,89,0
6814.87195316,6814.87169548,122.19294358,122.20011769,0.02229888,1244.61932743,89,0
6816.94219429,6816.94815225,0.00000000,180.00000000,0.00000000,1247.45741503,89,4
6818.01627598,6818.01471345,210.06985187,210.11372616,0.06008626,1248.91224607,89,0
6820.18293606,6820.18311075,271.14517600,271.14024046,0.02874670,1251.81050363,89,0
6821.18229133,6821.18271601,299.42374669,299.41171629,0.02659830,1253.13047404,89,0
6822.01355254,6822.00930244,0.00000000,323.00000000,0.00000000,1254.22079781,89,4
6822.65224757,6822.65223232,341.14441463,341.14484857,0.02325022,1255.05270556,89,0
6825.82285274,6825.82341582,431.79053485,431.77436470,0.02935115,1259.11935543,89,0
6826.34631376,6826.34751365,446.85314901,446.81863685,0.04486365,1259.78013350,89,0
6826.87380794,6826.88620505,0.00000000,462.00000000,0.00000000,1260.44281355,89,4
6827.63677982,6827.64274849,0.00000000,484.00000000,0.00000000,1261.39579061,89,4
6810.45646302,6828.79767700,0.00000000,-1.00000000,0.00000000,1238.42110988,89,4
6831.21566116,6831.21578076,587.87635596,587.87286649,0.03006296,1265.77793478,89,0
6832.73668138,6832.73567716,632.32264990,632.35208893,0.01502740,1267.59520931,89,0
6834.60724283,6834.60569206,687.28781099,687.33352911,0.01338216,1269.79252964,89,0
6835.27743454,6835.27755152,707.11988544,707.11642828,0.02137776,1270.56988735,89,0
6839.75376847,6839.75562909,840.35549678,840.29974191,0.08700064,1275.62064783,89,0
6842.37321621,6842.37253034,919.12415242,919.14489064,0.03971125,1278.46093059,89,0
6843.72091422,6843.72284698,960.03122448,959.97254725,0.06470569,1279.88792309,89,0
6843.94440138,6843.94524596,966.78593352,966.76027131,0.03560500,1280.12227044,89,0
6844.34525985,6844.35014951,0.00000000,978.94391636,0.03789615,1280.54084293,89,0
6844.63525868,6844.63436934,987.75015041,987.77723682,0.03452378,1280.84265159,89,0
6844.91529553,6844.91206567,996.20161376,996.30005951,0.06249636,1281.13252682,89,0
6810.45646302,6845.25620771,0.00000000,-1.00000000,0.00000000,1238.42110988,89,4
6848.12059287,6848.12059739,1094.52908334,1094.52894388,0.00824453,1284.37956223,89,0
6850.12139858,6850.12861432,0.00000000,1156.39422329,0.03189450,1286.33590170,89,0
6851.40079767,6851.40022198,1196.14879318,1196.16673262,0.05360829,1287.55742743,89,0
6852.27545035,6852.27876318,1223.58239912,1223.47883032,0.01203912,1288.37986009,89,0
6857.60052083,6857.59899485,1391.50717352,1391.55581717,0.02823342,1293.14717115,89,0
6859.10643799,6859.10661478,1439.68654145,1439.68087676,0.03036104,1294.41908081,89,0
6860.27771855,6860.28440194,0.00000000,1477.31372070,0.00000000,1295.38481286,89,2
6861.45585537,6861.45301043,1515.23170491,1515.32370034,0.04821098,1296.33449799,89,0
6864.75976265,6864.76443384,0.00000000,1622.84594727,0.00000000,1298.88095298,89,2
6866.31677478,6866.30376522,0.00000000,1674.00000000,0.00000000,1300.01981269,89,4
6866.45713293,6866.45609133,1678.58524569,1678.61958962,0.04741390,1300.12035482,89,0
6875.31975618,6875.31937737,1976.21439724,1976.22735873,0.04947889,1305.79268926,89,0
6876.23611451,6876.23520364,2007.60854411,2007.63982322,0.02280608,1306.29889893,89,0
6878.64204984,6878.64175993,2090.68395026,2090.69401528,0.04063964,1307.55219507,89,0
6880.38161704,6880.38103081,2151.29546307,2151.31597064,0.03947962,1308.38899258,89,0
6885.81069600,6885.82317431,0.00000000,2343.65675239,0.04752587,1310.60812227,89,0
6886.83389072,6886.83528247,2380.50044629,2380.45026281,0.06795773,1310.95707607,89,0
6887.40695057,6887.40516830,2401.07941172,2401.14386078,0.08219717,1311.14267190,89,0
6888.25055680,6888.25053127,2431.70804461,2431.70897154,0.04854191,1311.40275567,89,0
6889.53557373,6889.54049722,0.00000000,2478.51733398,0.00000000,1311.76857843,89,2
6889.65368212,6889.65086183,2482.73019993,2482.83330607,0.25863497,1311.80033022,89,0
6890.83766482,6890.83788905,2526.25837696,2526.25013121,0.04743361,1312.10114973,89,0
6892.84648038,6892.84681665,2600.50842433,2600.49593093,0.03095087,1312.53719133,89,0
6893.27128664,6893.27091067,2616.28150589,2616.29550408,0.05882781,1312.61721357,89,0
6895.04565548,6895.04461537,2682.63090066,2682.66999425,0.06414940,1312.90442501,89,0
6896.14919914,6896.14804100,2724.22699613,2724.27078622,0.06120787,1313.04410216,89,0
6896.74565016,6896.74579819,2746.86458064,2746.85896585,0.07517178,1313.10692002,89,0
6898.02143694,6898.02108276,2795.39775665,2795.41128302,0.04041233,1313.21091181,89,0
6898.95554601,6898.95531112,2831.16994120,2831.17895853,0.05811128,1313.26041777,89,0
6900.72538434,6900.72467899,2899.43059157,2899.45792865,0.04212967,1313.29105644,89,0
6903.10062403,6903.10043830,2992.13848657,2992.14578455,0.07582381,1313.19845543,89,0
6904.42303139,6904.42279942,3044.30210286,3044.31129053,0.05439932,1313.07833644,89,0
6905.65993789,6905.65938932,3093.46398097,3093.48586637,0.05190433,1312.92023362,89,0
6906.38591731,6906.39062642,0.00000000,3122.50708029,0.03060921,1312.80648550,89,0
6917.18409334,6917.18416738,3570.27170999,3570.26852943,0.06590395,1309.12537918,89,0
6918.95992720,6918.96007097,3647.05412047,3647.04786461,0.07175944,1308.13012325,89,0
6919.14202695,6919.15799731,0.00000000,3655.00000000,0.00000000,1308.02094092,89,4
6919.79385309,6919.79408013,3683.46768019,3683.45773752,0.06532444,1307.62082974,89,0
6921.56326076,6921.56365024,3761.44906646,3761.43179142,0.06084349,1306.44929876,89,0
6924.31629021,6924.32055408,0.00000000,3884.79608454,0.04499494,1304.37043236,89,0
6924.62160717,6924.62190988,3898.63824418,3898.62449997,0.06883720,1304.12017442,89,0
6888.24334245,6888.25053127,0.00000000,10.62650967,0.00000000,1296.69630250,88,3
6889.53984157,6889.54049722,0.00000000,46.00000000,0.00000000,1298.51537031,88,4
6889.64199887,6889.65086183,0.00000000,48.79238892,0.00000000,1298.65800968,88,2
6890.83732903,6890.83788905,81.54057075,81.52521436,0.02684438,1300.31959925,88,0
6892.84668806,6892.84681665,136.78073163,136.77718592,0.02801793,1303.08062869,88,0
6893.27067869,6893.27091067,148.48051049,148.47410721,0.05053971,1303.65810842,88,0
6895.04491219,6895.04461537,197.55832177,197.56655447,0.04510237,1306.05501742,88,0
6896.14923323,6896.14804100,228.20864180,228.24180881,0.05086304,1307.53075331,88,0
6896.74509585,6896.74579819,244.85242069,244.83284728,0.02903343,1308.32188344,88,0
6898.02128450,6898.02108276,280.45635800,280.46199980,0.02537778,1310.00413803,88,0
6898.95557382,6898.95531112,306.61480533,306.62217054,0.02049062,1311.22480945,88,0
6900.72525494,6900.72467899,356.35388094,356.37011392,0.01789561,1313.51225936,88,0
6903.10050272,6903.10043830,423.53754925,423.53937743,0.05121814,1316.53036484,88,0
6904.42320589,6904.42279942,461.13498589,461.14656531,0.02512524,1318.18485879,88,0
6905.65961333,6905.65938932,496.42267672,496.42907988,0.00956301,1319.71404773,88,0
6906.39137299,6906.39062642,517.34662418,517.36800938,0.03563173,1320.61102649,88,0
6917.18426308,6917.18416738,831.62921781,831.63205116,0.02341869,1333.13097483,88,0
6918.94749365,6918.96007097,0.00000000,884.00000000,0.00000000,1335.04562603,88,4
6919.14892760,6919.15799731,0.00000000,890.00000000,0.00000000,1335.26186667,88,4
6919.79458069,6919.79408013,909.23756779,909.25252050,0.02491242,1335.95138708,88,0
6921.56454335,6921.56365024,962.23485871,962.26168101,0.03128663,1337.81567696,88,0
6924.31748833,6924.32055408,1045.40157635,1045.30866290,0.01485423,1340.63548807,88,0
6924.62212546,6924.62190988,1054.54779702,1054.55433694,0.01338907,1340.94180220,88,0
6935.19023200,6935.18755431,1380.99416019,1381.07845564,0.05909428,1350.78151340,88,0
6941.24863713,6941.24863186,1573.95334856,1573.95351833,0.05523252,1355.70034539,88,0
6887.85299831,6943.29562762,0.00000000,-1.00000000,0.00000000,1296.14544308,88,4
6944.34953004,6944.35042960,1674.44221014,1674.41289193,0.01781111,1357.99962210,88,0
6948.31543572,6948.31519511,1804.68898884,1804.69695724,0.03728502,1360.71353277,88,0
6953.78302321,6953.77722408,0.00000000,1987.82910156,0.00000000,1364.01662932,88,1
6957.84500734,6957.84524831,2126.66659647,2126.65828619,0.03252623,1366.12210196,88,0
6969.14829455,6969.14953110,2526.88381954,2526.83884724,0.07499607,1370.26671553,88,0
6970.74988382,6970.75003287,2585.32294540,2585.31748086,0.03825103,1370.63288484,88,0
6975.22237247,6975.22040452,2751.13800077,2751.21185891,0.06473556,1371.33895436,88,0
6979.95184307,6979.97663251,0.00000000,2931.00000000,0.00000000,1371.54819759,88,4
6981.06246297,6981.06684407,0.00000000,2973.90698242,0.00000000,1371.51258180,88,2
6983.96667087,6983.96526214,3087.35487582,3087.41040969,0.07280202,1371.25927680,88,0
6984.93604661,6984.93921819,3125.84766692,3125.72194208,0.10321035,1371.12162858,88,0
6985.41424844,6985.41401677,3144.69592074,3144.70513224,0.04948871,1371.04366801,88,0
7002.66794574,7002.66449303,0.00000000,3870.52539262,0.09752305,1363.20095003,88,0
7006.82846980,7006.82940276,4059.48027881,4059.43720275,0.07620300,1359.60004455,88,0
6969.14121446,6969.14953110,0.00000000,57.00000000,0.00000000,1358.02035058,87,4
6970.75019318,6970.75003287,100.61892469,100.62327980,0.01959403,1360.22973032,87,0
6975.22750001,6975.22040452,0.00000000,223.00000000,0.00000000,1366.24625825,87,4
6979.93975428,6979.97663251,0.00000000,353.42083740,0.00000000,1372.36377389,87,2
6981.06622217,6981.06684407,384.86434562,384.84696452,0.05416489,1373.79241881,87,0
6983.96907785,6983.96526214,466.20442225,466.31194572,0.08117809,1377.41371559,87,0
6984.93125592,6984.93921819,0.00000000,493.46502562,0.10222178,1378.59439023,87,0
6985.41477028,6985.41401677,507.12169491,507.14301628,0.02580623,1379.18415140,87,0
7002.65686451,7002.66449303,0.00000000,1008.00000000,0.00000000,1398.47895507,87,4
7006.82917345,7006.82940276,1133.38728051,1133.38034129,0.01472702,1402.60823446,87,0
7010.35464554,7010.35482173,1240.72008544,1240.71468838,0.04514817,1405.92033374,87,0
7016.03100487,7016.02930163,1416.30081714,1416.35404581,0.02821352,1410.89686936,87,0
7016.61731085,7016.63223750,0.00000000,1434.70251013,0.05385824,1411.38501128,87,0
7017.62746428,7017.62591025,1466.34150060,1466.39036023,0.02605224,1412.21389736,87,0
7018.96918843,7018.96999771,1508.70957099,1508.68399887,0.03354013,1413.29231309,87,0
7019.18906242,7019.18873031,1515.62372659,1515.63422847,0.02721261,1413.46648104,87,0
7021.93072579,7021.93040981,1602.77042022,1602.78051566,0.04919640,1415.57721455,87,0
7046.14022037,7046.13891047,2416.04964039,2416.09604455,0.06487658,1428.75400905,87,0
7048.79830078,7048.79839011,2510.87951801,2510.87631251,0.08417100,1429.52389793,87,0
7049.67159430,7049.67068430,2542.24732863,2542.28012034,0.05534332,1429.74377580,87,0
7051.14941870,7051.14960930,2595.73671210,2595.72979226,0.05221627,1430.07771968,87,0
7052.17499136,7052.18022640,0.00000000,2633.06708212,0.06406874,1430.28088800,87,0
7054.13065199,7054.13379564,2704.91429158,2704.79840261,0.07784597,1430.60173381,87,0
7055.86160079,7055.86100134,2768.87300771,2768.89530642,0.06089221,1430.81113855,87,0
7064.95364283,7064.95327939,3115.68294409,3115.69716400,0.05039052,1430.67993494,87,0
7065.82789184,7065.82655278,0.00000000,3150.00000000,0.00000000,1430.55105965,87,4
7076.73369546,7076.73395366,3593.95048489,3593.93959335,0.06085478,1427.00354819,87,0
7077.65937354,7077.66285825,0.00000000,3633.11889648,0.00000000,1426.52304528,87,2
7078.26779676,7078.27209661,0.00000000,3659.00000000,0.00000000,1426.19075456,87,4
7080.65662987,7080.65723032,3761.73225942,3761.70621945,0.06691203,1424.75542984,87,0
7080.99122378,7080.98899990,3776.12390098,3776.22056651,0.08456658,1424.53756548,87,0
7081.97908850,7081.97714512,3819.23135529,3819.31644452,0.12875976,1423.86876506,87,0
7084.04596049,7084.04634335,3910.53237898,3910.51534869,0.06045551,1422.34536216,87,0
7086.26367223,7086.25602636,0.00000000,4010.00000000,0.00000000,1420.51620269,87,4
7048.79710595,7048.79839011,0.00000000,20.02117729,0.00000000,1416.32593222,86,2
7049.66731125,7049.67068430,43.32993309,43.23982413,0.05911087,1417.52392014,86,0
7051.14878939,7051.14960930,82.91977645,82.89779187,0.03242715,1419.54796769,86,0
7054.13056587,7054.13379564,163.25561192,163.16831679,0.03400969,1423.55927656,86,0
7055.85410989,7055.86100134,0.00000000,209.86151123,0.00000000,1425.83997519,86,2
7064.95334360,7064.95327939,460.02917255,460.03096080,0.02432651,1437.39914395,86,0
7065.81321592,7065.82655278,0.00000000,484.00000000,0.00000000,1438.44820575,86,4
7076.74277859,7076.73395366,0.00000000,794.00000000,0.00000000,1451.09483759,86,4
7048.04524318,7077.66285825,0.00000000,-1.00000000,0.00000000,1415.28523446,86,4
7078.26530177,7078.27209661,0.00000000,838.00000000,0.00000000,1452.75120640,86,4
7080.65716574,7080.65723032,907.54234543,907.54045999,0.00921892,1455.29874862,86,0
7080.99228493,7080.98899990,917.23524401,917.33122213,0.04007679,1455.65050810,86,0
7081.98256247,7081.97714512,0.00000000,946.31114975,0.12314466,1456.68168692,86,0
7084.04636525,7084.04634335,1007.00828567,1007.00893178,0.05396664,1458.79300559,86,0
7086.24151704,7086.25602636,0.00000000,1072.00000000,0.00000000,1460.98093633,86,4
7090.59735881,7090.59593974,1202.33229054,1202.37507790,0.01860579,1465.14326320,86,0
7092.07464442,7092.08010652,0.00000000,1247.04622265,0.07801962,1466.49981289,86,0
7093.27280627,7093.27580653,1283.52462894,1283.43332140,0.05799637,1467.57854202,86,0
7103.54959657,7103.56949464,0.00000000,1602.00000000,0.00000000,1476.01643823,86,4
7104.94665005,7104.94669742,1646.24106195,1646.23955760,0.05483304,1477.04542427,86,0
7048.04524318,7105.56023353,0.00000000,-1.00000000,0.00000000,1415.28523446,86,4
7109.24868641,7109.25071531,0.00000000,1784.00000000,0.00000000,1480.02672065,86,4
7111.10041760,7111.09998206,1843.99468206,1844.00884925,0.06830317,1481.21989388,86,0
7114.41965913,7114.42465846,0.00000000,1952.72399902,0.00000000,1483.21854434,86,2
7116.96916533,7116.96702279,2037.16484504,2037.23622530,0.05301364,1484.62722267,86,0
7123.61609293,7123.61142286,0.00000000,2262.00000000,0.00000000,1487.75684772,86,4
7125.19093423,7125.18961571,2316.18956783,2316.23513631,0.05548562,1488.37786201,86,0
7127.45141805,7127.45527656,2394.89867429,2394.76391754,0.16840863,1489.18469038,86,0
7127.62991847,7127.63264366,0.00000000,2401.00000000,0.00000000,1489.24408078,86,5
7128.22986720,7128.23864161,0.00000000,2422.00000000,0.00000000,1489.43901434,86,4
7129.92650511,7129.92603958,2481.69632375,2481.71277756,0.05184784,1489.95064368,86,0
7048.04524318,7130.86552575,0.00000000,-1.00000000,0.00000000,1415.28523446,86,4
7131.34472235,7131.34096029,0.00000000,2532.00000000,0.00000000,1490.33257173,86,4
7132.02857764,7132.02848738,2556.36999266,2556.37321431,0.03637881,1490.50159067,86,0
7132.63153493,7132.63192377,2577.94128715,2577.92736590,0.06934036,1490.64230785,86,0
7132.79776805,7132.80366596,0.00000000,2583.88525391,0.00000000,1490.67975512,86,2
7133.24354180,7133.24779055,0.00000000,2599.87766093,0.09400578,1490.77716972,86,0
7136.15026729,7136.14996981,2705.02100873,2705.03185157,0.08738301,1491.30513713,86,0
7136.65951116,7136.65898678,2723.59966316,2723.61882840,0.03324464,1491.37814737,86,0
7143.58784774,7143.59112673,2981.63143785,2981.50707566,0.06496264,1491.76224473,86,0
7144.19027445,7144.19103262,3004.41502531,3004.38617528,0.04489890,1491.73972113,86,0
7145.19313366,7145.19106588,3042.57947525,3042.65862136,0.06467725,1491.68144632,86,0
7149.85264467,7149.85773550,0.00000000,3223.42138672,0.00000000,1491.05810138,86,2
7153.98462409,7154.01564325,0.00000000,3388.00000000,0.00000000,1489.99165872,86,4
7154.29381208,7154.29516213,3400.53548124,3400.48089806,0.06525513,1489.89141660,86,0
7157.82023874,7157.81233311,0.00000000,3544.68008303,0.11718531,1488.53554058,86,0
7164.12104921,7164.09647448,0.00000000,3811.04186604,0.03329746,1485.07595930,86,0
7164.85278765,7164.85138802,0.00000000,3842.75610352,0.00000000,1484.58167728,86,2
7166.86580349,7166.86583494,3930.89137069,3930.88998315,0.06487226,1483.11622436,86,0
7170.21796590,7170.21781842,4080.73133229,4080.73801134,0.06440150,1480.31501518,86,0
7132.02812274,7132.02848738,27.92551775,27.91590113,0.02666363,1478.23022652,85,0
7132.62548670,7132.63192377,0.00000000,43.68270874,0.00000000,1479.04518758,85,2
7132.79651918,7132.80366596,0.00000000,48.20077133,0.00000000,1479.27790426,85,2
7136.14286489,7136.14996981,0.00000000,137.00000000,0.00000000,1483.77811664,85,4
7136.65832232,7136.65898678,150.76444050,150.74670942,0.02199623,1484.46224805,85,0
7130.96801652,7140.18098277,0.00000000,-1.00000000,0.00000000,1476.77645753,85,4
7143.58491366,7143.59112673,0.00000000,337.30649271,0.04360079,1493.41458180,85,0
7144.19000968,7144.19103262,353.78866859,353.76080933,0.02774426,1494.17447406,85,0
7145.18861596,7145.19106588,0.00000000,381.00000000,0.00000000,1495.42185479,85,4
7149.85814058,7149.85773550,509.33023165,509.34143733,0.01222733,1501.12161988,85,0
7153.97844418,7154.01564325,0.00000000,624.00000000,0.00000000,1505.96613496,85,4
7154.29977732,7154.29516213,0.00000000,633.00000000,0.00000000,1506.33651183,85,4
7130.96801652,7157.81233311,0.00000000,-1.00000000,0.00000000,1476.77645753,85,4
7164.12027898,7164.09647448,0.00000000,912.26968229,0.01740555,1517.11420424,85,0
7164.85873155,7164.85138802,0.00000000,933.61135807,0.05306796,1517.88085728,85,0
7166.86543721,7166.86583494,991.87744262,991.86585946,0.04345673,1519.93235659,85,0
7170.21767848,7170.21781842,1090.00495567,1090.00083759,0.05312630,1523.25205940,85,0
7172.76573399,7172.76847577,1165.40109648,1165.31970635,0.03486088,1525.68399686,85,0
7180.85909735,7180.86431294,0.00000000,1408.91162109,0.00000000,1532.86008833,85,2
7181.24674796,7181.24784634,1420.78236185,1420.74879746,0.03571863,1533.18199303,85,0
7181.49247763,7181.49123049,1428.22267146,1428.26081232,0.04260918,1533.38498909,85,0
7190.55654109,7190.55684761,1710.19618991,1710.18649369,0.04937972,1540.28031238,85,0
7194.76188874,7191.58226619,0.00000000,1844.32279957,0.07841206,1543.06673518,85,0
7193.04226388,7193.04228992,1789.20227121,1789.20143931,0.05188139,1541.96024927,85,0
7193.70784955,7193.70835340,1810.50669230,1810.49055485,0.01930629,1542.39397388,85,0
7194.75770428,7194.76267153,0.00000000,1844.18823242,0.00000000,1543.06409941,85,2
7194.92027509,7194.92780213,0.00000000,1849.41796875,0.00000000,1543.16629841,85,2
7196.01323948,7196.01205531,1884.62136814,1884.65964526,0.03141576,1543.84236694,85,0
7198.19938382,7198.20585456,0.00000000,1955.63671875,0.00000000,1545.13727550,85,2
7198.35791369,7198.36184907,0.00000000,1960.80786133,0.00000000,1545.22813487,85,1
7198.60884605,7198.62229949,0.00000000,1969.00000000,0.00000000,1545.37110630,85,4
7198.91827598,7198.91795574,1979.10463666,1979.11511279,0.07812694,1545.54600026,85,0
7200.02559508,7200.02516599,2015.39961649,2015.41371077,0.02225600,1546.15871746,85,0
7203.94946974,7203.94927064,2145.39156382,2145.39821472,0.03164293,1548.16176225,85,0
7207.17717386,7207.17641201,0.00000000,2254.00000000,0.00000000,1549.60634547,85,4
7207.40603415,7207.40477862,2261.71848754,2261.76106728,0.05164666,1549.70160400,85,0
7209.46004938,7209.46051332,2331.76952419,2331.75364390,0.05025863,1550.51263523,85,0
7130.96801652,7212.26545726,0.00000000,-1.00000000,0.00000000,1476.77645753,85,4
7212.51293548,7212.54094512,0.00000000,2437.00000000,0.00000000,1551.56938345,85,4
7213.98711796,7213.98707791,2488.36379759,2488.36519805,0.03602417,1552.01415790,85,0
7214.62439626,7214.62392233,2510.66645571,2510.68307714,0.09577201,1552.19290753,85,0
7221.06152119,7221.06187629,2740.03527948,2740.02242076,0.07656662,1553.52108918,85,0
7221.87417051,7221.87468374,2769.52725748,2769.50859803,0.04727702,1553.62463419,85,0
7224.00473368,7224.00616440,2847.46262072,2847.41000881,0.04731872,1553.82456922,85,0
7228.30369153,7228.30298421,3007.26999012,3007.29660735,0.05202844,1553.90052026,85,0
7229.86200210,7229.86230377,3066.21517331,3066.20371705,0.06478722,1553.81522273,85,0
7232.85889574,7232.85846451,3180.94455657,3180.96120971,0.07638392,1553.47403695,85,0
7221.06230110,7221.06187629,0.00000000,136.00000000,0.00000000,1546.63251554,84,4
7221.87529037,7221.87468374,157.42066952,157.43668063,0.02784333,1547.70016465,84,0
7224.00447014,7224.00616440,213.83635550,213.79139000,0.03556113,1550.46797758,84,0
7228.30335601,7228.30298421,328.53122805,328.54121006,0.01254783,1555.92964966,84,0
7229.86226749,7229.86230377,370.48844478,370.48746662,0.00569424,1557.86788660,84,0
7232.85775220,7232.85846451,451.60826424,451.58889710,0.05086990,1561.52703450,84,0
7255.75426451,7255.75394564,1095.24852642,1095.25780653,0.02833341,1586.44859000,84,0
7256.43162599,7256.45336650,0.00000000,1115.00000000,0.00000000,1587.09755922,84,4
7263.89499420,7263.89183538,1335.37650639,1335.47099992,0.01921391,1593.87916454,84,0
7264.29042327,7264.28860483,1347.24944987,1347.30391343,0.03837152,1594.21897530,84,0
7215.86497674,7265.28251929,0.00000000,-1.00000000,0.00000000,1539.66878396,84,4
7265.74215010,7265.76617216,0.00000000,1390.90429688,0.00000000,1595.44982651,84,4
7266.94248419,7266.94295491,1427.12764334,1427.11341611,0.37669901,1596.44662759,84,0
7269.39882336,7269.41064878,0.00000000,1501.70571573,0.05263142,1598.42746780,84,0
7275.72845427,7275.72779023,0.00000000,1697.00000000,0.00000000,1603.15066392,84,4
7279.30222616,7279.29981757,1809.24952063,1809.32575772,0.04857080,1605.56381765,84,0
7281.95449887,7281.95411305,1893.69568712,1893.70802844,0.04795735,1607.23088615,84,0
7292.98191769,7292.97314563,0.00000000,2254.51823990,0.12661304,1612.94821916,84,0
7293.90002766,7293.90590089,0.00000000,2285.33081055,0.00000000,1613.33043861,84,2
7294.05511609,7294.06275028,0.00000000,2290.54809570,0.00000000,1613.39350474,84,2
7294.71288350,7294.70981898,2312.61387555,2312.71730625,0.09891611,1613.65614661,84,0
7296.05264721,7296.05277632,2358.07297856,2358.06859578,0.07922008,1614.16650528,84,0
7300.83166108,7300.82994414,2522.08909504,2522.14869916,0.07726391,1615.71070335,84,0
7301.18114261,7301.17285803,0.00000000,2534.28595722,0.07896288,1615.80610883,84,0
7303.66953798,7303.66946891,2621.33022457,2621.33265515,0.03837429,1616.41432594,84,0
7306.67886447,7306.67897323,2728.04330047,2728.03941431,0.08626775,1616.97778639,84,0
7215.86497674,7309.43811205,0.00000000,-1.00000000,0.00000000,1539.66878396,84,4
7311.48772124,7311.48855122,2902.01986613,2901.98947464,0.07559225,1617.46584202,84,0
7315.36916554,7315.36928860,3045.64189301,3045.63728891,0.06947017,1617.46608452,84,0
7322.80040547,7322.79845951,3329.54700750,3329.62301202,0.05560053,1616.39210943,84,0
7324.01712238,7324.02134010,0.00000000,3377.32519531,0.00000000,1616.07145947,84,2
7326.00092243,7326.00023473,3455.84619982,3455.87359936,0.06953508,1615.45540379,84,0
7326.36369633,7326.36341340,3470.33273081,3470.34402966,0.06492162,1615.32995176,84,0
7327.13240482,7327.13682484,0.00000000,3501.11425781,0.00000000,1615.05081118,84,2
7328.09541310,7328.09508688,3539.86854290,3539.88171152,0.07596699,1614.67514363,84,0
7330.41347411,7330.41616981,3634.30687776,3634.19634320,0.09332754,1613.64947626,84,0
7331.42820238,7331.42137156,0.00000000,3675.95154726,0.18250912,1613.14476813,84,0
7334.04410173,7334.04385496,3784.93079790,3784.94117152,0.06424406,1611.68080091,84,0
7335.80038020,7335.80000061,3859.21076864,3859.22692553,0.10050049,1610.56136744,84,0
7337.94958083,7337.94893609,3951.42321613,3951.45110591,0.10679652,1609.03422648,84,0
7339.58815867,7339.58909404,4022.81855057,4022.77759428,0.07339416,1607.74861376,84,0
7303.67086529,7303.66946891,22.16787933,22.20383367,0.02707125,1605.11419421,83,0
7306.67874489,7306.67897323,99.94886928,99.94294664,0.03168560,1609.11139063,83,0
7309.44081144,7309.43811205,171.77416811,171.84468402,0.04142171,1612.71363042,83,0
7311.48870996,7311.48855122,225.47876187,225.48293032,0.01815512,1615.34157638,83,0
7315.36696195,7315.36928860,327.91303879,327.85130711,0.04095990,1620.21644125,83,0
7322.80022356,7322.79845951,527.03264164,527.08039997,0.03871310,1629.17550626,83,0
7324.02314462,7324.02134010,560.19925010,560.24828040,0.02408265,1630.59929042,83,0
7326.00055714,7326.00023473,614.10836678,614.11717384,0.05141233,1632.87052492,83,0
7326.36417004,7326.36341340,624.03478635,624.05547898,0.04022654,1633.28397864,83,0
7327.13754936,7327.13682484,645.20997034,645.22982787,0.03286768,1634.15909136,83,0
7328.09541852,7328.09508688,671.50413725,671.51324854,0.01659812,1635.23440756,83,0
7302.80749492,7330.41616981,0.00000000,-1.00000000,0.00000000,1603.95295134,83,4
7331.42692826,7331.42137156,0.00000000,763.52514406,0.17275361,1638.90331141,83,0
7334.04451897,7334.04385496,836.42016384,836.43873432,0.01505803,1641.70519009,83,0
7335.77574085,7335.80000061,0.00000000,885.00000000,0.00000000,1643.51953956,83,4
7337.95809928,7337.94893609,0.00000000,946.56393388,0.17904032,1645.76025385,83,0
7339.58610959,7339.58909404,992.85258841,992.76767582,0.05098106,1647.39826311,83,0
7343.59595981,7343.59586316,1107.54694477,1107.54972854,0.01076174,1651.30556789,83,0
7343.83167191,7343.83043913,1114.30634203,1114.34187926,0.03828143,1651.52954486,83,0
7344.42887507,7344.42869621,1131.56996519,1131.57513167,0.01546156,1652.09419882,83,0
7345.56748612,7345.57123302,0.00000000,1164.53625488,0.00000000,1653.15968874,83,2
7345.75092185,7345.75975033,0.00000000,1169.85656738,0.00000000,1653.32988721,83,2
7346.61667353,7346.61611613,1194.98221450,1194.99842959,0.05383936,1654.12747468,83,0
7349.76583719,7349.77015201,0.00000000,1287.11193848,0.00000000,1656.95503591,83,2
7351.13694459,7351.13630468,1327.49574696,1327.51464602,0.00684249,1658.14836825,83,0
7351.52548685,7351.54635599,0.00000000,1339.00000000,0.00000000,1658.48238034,83,4
7358.83940612,7358.83624240,1557.98505661,1558.08105188,0.06927105,1664.41131074,83,0
7359.98838833,7359.98937477,1593.03965826,1593.00960364,0.05505178,1665.27889288,83,0
7363.71263024,7363.71163067,1707.23087955,1707.26175451,0.04862634,1667.96755022,83,0
7364.07701985,7364.07678107,1718.51769034,1718.52507638,0.01172170,1668.22022857,83,0
7365.04945971,7365.04937920,1748.65962027,1748.66212014,0.02798206,1668.88539069,83,0
7373.98644279,7373.97676107,0.00000000,2031.00000000,0.00000000,1674.34438365,83,4
7302.80749492,7378.55685242,0.00000000,-1.00000000,0.00000000,1603.95295134,83,4
7378.91211089,7378.89607363,0.00000000,2191.02425175,0.32310089,1676.81837290,83,0
7379.06364229,7379.05103285,0.00000000,2196.00000000,0.00000000,1676.88810402,83,4
7379.14954791,7379.15277582,0.00000000,2198.82226562,0.00000000,1676.92746292,83,1
7379.40144689,7379.40127387,2207.09666575,2207.10235900,0.07125115,1677.04213013,83,0
7381.67844713,7381.68294921,0.00000000,2282.37475586,0.00000000,1678.02941378,83,1
7382.45586560,7382.47794187,0.00000000,2308.24560547,0.00000000,1678.34579947,83,2
7387.75469598,7387.75138097,0.00000000,2487.00000000,0.00000000,1680.21106086,83,4
7388.52071508,7388.53342232,0.00000000,2513.20214844,0.00000000,1680.43735721,83,2
7388.63735716,7388.63081553,0.00000000,2517.20019531,0.00000000,1680.47082685,83,3
7389.49699196,7389.49671501,2546.72689532,2546.73642738,0.05718828,1680.70939527,83,0
7390.38227288,7390.38256998,2577.28109400,2577.27082475,0.04243611,1680.93992388,83,0
7394.15617643,7394.16116981,0.00000000,2708.93164062,0.00000000,1681.74639939,83,2
7396.52708757,7396.52695601,2792.90185501,2792.90654307,0.07492839,1682.10167384,83,0
7302.80749492,7397.28379089,0.00000000,-1.00000000,0.00000000,1603.95295134,83,4
7399.02094266,7399.02093721,2882.35023712,2882.35043377,0.04938800,1682.34370354,83,0
7402.31453677,7402.31723590,0.00000000,3002.25415039,0.00000000,1682.44729234,83,3
7404.71340847,7404.71275348,3090.92761633,3090.95199666,0.07728541,1682.36099420,83,0
7405.81586472,7405.81314000,3132.00038896,3132.10242332,0.09807678,1682.27387284,83,0
7406.37504885,7406.37538077,3153.09098928,3153.07851836,0.08236518,1682.21797508,83,0
7406.70801900,7406.70686605,3165.55654608,3165.59993975,0.04842870,1682.18090916,83,0
7407.40161805,7407.40106152,3191.73214579,3191.75317304,0.05972320,1682.09456993,83,0
7302.80749492,7408.26087203,0.00000000,-1.00000000,0.00000000,1603.95295134,83,4
7410.88728022,7410.88587168,3324.75738829,3324.81170858,0.11812402,1681.46837396,83,0
7413.32752997,7413.32708283,3419.61551092,3419.63301723,0.05721970,1680.83130281,83,0
7414.53299551,7414.56048642,0.00000000,3467.00000000,0.00000000,1680.45352566,83,4
7417.40926983,7417.41038793,3581.52141464,3581.47649640,0.14078800,1679.37658945,83,0
7418.09297883,7418.09741997,0.00000000,3609.01464844,0.00000000,1679.08289827,83,2
7418.61212717,7418.61742394,0.00000000,3630.00000000,0.00000000,1678.85007046,83,4
7421.52213830,7421.52069562,3748.93897164,3748.99855646,0.07335303,1677.38212960,83,0
7422.90251768,7422.90457681,3806.34953153,3806.26367611,0.12391140,1676.58616263,83,0
7302.80749492,7425.37568420,0.00000000,-1.00000000,0.00000000,1603.95295134,83,4
7302.80749492,7426.07687917,0.00000000,-1.00000000,0.00000000,1603.95295134,83,4
7426.49505698,7426.49555020,3958.01971222,3957.99859944,0.06241405,1674.19533613,83,0
7427.54868753,7427.54868507,4003.27813148,4003.27823759,0.07574320,1673.40253551,83,0
7428.69553950,7428.69568213,4052.96196549,4052.95575844,0.07328904,1672.49072698,83,0
7394.16199277,7394.16116981,58.32604237,58.34705727,0.01055276,1672.72171830,82,0
7396.52702077,7396.52695601,118.90282026,118.90448368,0.02598554,1675.81429134,82,0
7397.27321528,7397.28379089,0.00000000,138.08612061,0.00000000,1676.78053550,82,2
7399.01445593,7399.02093721,0.00000000,182.98762512,0.00000000,1679.01728498,82,2
7402.29014714,7402.31723590,0.00000000,268.00000000,0.00000000,1683.15578523,82,4
7404.71590398,7404.71275348,331.32604597,331.40867801,0.04093925,1686.16043563,82,0
7405.80402427,7405.81314000,0.00000000,360.00000000,0.00000000,1687.49227429,82,4
7406.37595500,7406.37538077,375.03303100,375.04815961,0.02496520,1688.18750895,82,0
7406.70697085,7406.70686605,383.76985954,383.77262297,0.02709952,1688.58877243,82,0
7407.40165768,7407.40106152,402.09055462,402.10630250,0.03295319,1689.42765646,82,0
7408.25404201,7408.26087203,0.00000000,424.65322876,0.00000000,1690.45126742,82,2
7410.87935818,7410.88587168,0.00000000,494.40664673,0.00000000,1693.56172360,82,2
7413.32691876,7413.32708283,559.89802495,559.89361991,0.07815353,1696.40446918,82,0
7391.87042478,7414.56048642,0.00000000,-1.00000000,0.00000000,1669.68158274,82,4
7417.40604444,7417.41038793,0.00000000,670.01940918,0.00000000,1701.01571546,82,2
7418.09797799,7418.09741997,688.80343825,688.81862031,0.06485014,1701.78166790,82,0
7418.60806934,7418.61742394,0.00000000,702.71559828,0.07914056,1702.34390549,82,0
7421.52283508,7421.52069562,782.40264519,782.46144001,0.02707577,1705.50482006,82,0
7422.89953429,7422.90457681,0.00000000,820.37860107,0.00000000,1706.96867154,82,2
7425.37754010,7425.37568420,0.00000000,889.00000000,0.00000000,1709.55384363,82,4
7426.07728910,7426.07687917,908.45222848,908.46365154,0.01334896,1710.27207092,82,0
7426.49574788,7426.49555020,920.12608293,920.13159817,0.04895688,1710.69944524,82,0
7391.87042478,7427.54868507,0.00000000,-1.00000000,0.00000000,1669.68158274,82,4
7428.69442767,7428.69568213,981.69729124,981.66206367,0.03076064,1712.91370343,82,0
7429.68274851,7429.68436883,1009.50091588,1009.45528665,0.02738431,1713.89211467,82,0
7432.31880238,7432.31845128,1083.98151271,1083.99147917,0.04958789,1716.44914776,82,0
7434.39634045,7434.40342631,0.00000000,1143.17486001,0.06663896,1718.41008375,82,0
7444.96006305,7444.95943385,1450.38215599,1450.40078054,0.02412280,1727.60204516,82,0
7445.21922349,7445.22227418,1458.17811291,1458.08771615,0.12854035,1727.81079778,82,0
7445.83833887,7445.83756541,1476.41844743,1476.44141780,0.01537463,1728.30503341,82,0
7449.93723002,7449.93676092,1599.03085702,1599.04498965,0.05979403,1731.45497196,82,0
7454.04110017,7454.04216712,1723.64912456,1723.61649161,0.02846677,1734.38545300,82,0
7454.35275397,7454.35193051,1733.12905464,1733.15427067,0.05901562,1734.59860992,82,0
7456.24737077,7456.25304907,0.00000000,1791.38024902,0.00000000,1735.86529897,82,2
7458.29165925,7458.29757237,0.00000000,1854.66870117,0.00000000,1737.17472039,82,2
7459.97535465,7459.97272475,1907.08799150,1907.17026340,0.09136689,1738.20769831,82,0
7462.19218688,7462.19240336,1976.83046154,1976.82362833,0.05010878,1739.50361136,82,0
7463.77925421,7463.78132620,2027.13005678,2027.06427581,0.07658790,1740.38560026,82,0
7464.08552452,7464.08441366,2036.75809379,2036.79340322,0.08566945,1740.55128991,82,0
7472.45437024,7472.45452702,2307.59521925,2307.59005505,0.04848045,1744.49844970,82,0
7478.40601199,7478.39887147,0.00000000,2506.22113013,0.09219622,1746.57897571,82,0
7482.59738777,7482.59078996,0.00000000,2649.40203865,0.08031826,1747.65184153,82,0
7489.43455578,7489.43476594,2889.33495989,2889.32745782,0.05154896,1748.64960800,82,0
7495.60937838,7495.61038238,3113.42840459,3113.39136948,0.05336079,1748.67884518,82,0
7496.02948717,7496.03178421,3128.99081545,3128.90586197,0.07070190,1748.64867233,82,0
7496.46476210,7496.46464126,3145.02070372,3145.02518430,0.09118562,1748.61291179,82,0
7498.83748205,7498.84169514,0.00000000,3233.58203125,0.00000000,1748.33630478,82,2
7499.38097994,7499.38305090,0.00000000,3254.03662109,0.00000000,1748.25314962,82,2
7501.76812721,7501.76140441,0.00000000,3344.64892578,0.00000000,1747.79792113,82,3
7504.02157749,7504.02723869,0.00000000,3431.37670898,0.00000000,1747.22961903,82,2
7512.12012037,7512.12187031,3753.48809904,3753.41663346,0.05484965,1743.98802070,82,0
7512.79193186,7512.79109878,3780.87997227,3780.91414470,0.06603827,1743.62886564,82,0
7514.36594268,7514.36140323,0.00000000,3845.82332786,0.10743122,1742.72980654,82,0
7515.39681405,7515.39573781,3888.68076257,3888.72572963,0.08873298,1742.09607646,82,0
7519.46706533,7519.46887673,4061.42181222,4061.34381830,0.06289775,1739.22931924,82,0
7483.13231780,7489.43476594,0.00000000,-1.00000000,0.00000000,1736.93638709,81,4
7495.61525221,7495.61038238,0.00000000,318.00000000,0.00000000,1752.82826050,81,4
7496.03016251,7496.03178421,328.77332622,328.73131319,0.03710635,1753.33392020,81,0
7496.46455934,7496.46464126,339.99394716,339.99182228,0.03146776,1753.86236306,81,0
7498.84152761,7498.84169514,401.84210100,401.83772878,0.03532046,1756.72541074,81,0
7499.37699791,7499.38305090,0.00000000,415.82785034,0.00000000,1757.36383226,81,2
7501.74840443,7501.76140441,0.00000000,478.00000000,0.00000000,1760.15978513,81,4
7504.02550850,7504.02723869,538.12238759,538.07660112,0.04432730,1762.79758338,81,0
7512.12019688,7512.12187031,754.74334373,754.69805424,0.03513794,1771.78679486,81,0
7512.79176781,7512.79109878,772.87564504,772.89379127,0.04953778,1772.50463335,81,0
7514.36384392,7514.36140323,815.56154085,815.62803071,0.04808585,1774.16783463,81,0
7515.40317088,7515.39573781,0.00000000,844.00000000,0.00000000,1775.25446814,81,4
7519.47190041,7519.46887673,955.78148350,955.86512252,0.03976931,1779.40200574,81,0
7521.94255447,7521.94805628,0.00000000,1024.46374512,0.00000000,1781.83736476,81,2
7523.69562763,7523.69542291,1073.45324104,1073.45897645,0.01096217,1783.52648563,81,0
7525.46888003,7525.48219811,0.00000000,1123.28051758,0.00000000,1785.20111648,81,2
7526.54003532,7526.53992777,1153.50245771,1153.50549842,0.01076034,1786.19593360,81,0
7527.88490580,7527.89285801,0.00000000,1191.61743164,0.00000000,1787.42759949,81,2
7528.07523665,7528.07295278,1196.94681037,1197.01168893,0.19436971,1787.59987686,81,0
7483.13231780,7530.74692079,0.00000000,-1.00000000,0.00000000,1736.93638709,81,4
7531.11836429,7531.12731705,0.00000000,1283.90722656,0.00000000,1790.30504485,81,2
7531.77888217,7531.77915072,1302.88430455,1302.87658068,0.06062726,1790.87804746,81,0
7533.68611861,7533.68533577,1357.86647159,1357.88912223,0.05604165,1792.50425313,81,0
7535.13633696,7535.13904751,1400.03832901,1399.95950123,0.07335098,1793.71220894,81,0
7483.13231780,7536.00071207,0.00000000,-1.00000000,0.00000000,1736.93638709,81,4
7539.41296800,7539.40774663,0.00000000,1525.22790642,0.27313072,1797.12592514,81,0
7547.50863408,7547.50915237,1767.59341351,1767.57766906,0.04017507,1802.95219112,81,0
7551.26959817,7551.26935655,1882.63525965,1882.64270544,0.06598657,1805.35937245,81,0
7483.13231780,7552.30382101,0.00000000,-1.00000000,0.00000000,1736.93638709,81,4
7557.02197253,7557.01925009,2061.81157478,2061.89737642,0.07936483,1808.64902730,81,0
7557.59576265,7557.61175700,0.00000000,2080.00000000,0.00000000,1808.95008054,81,4
7561.83588101,7561.83455863,2215.07139587,2215.11391840,0.07293528,1811.01659785,81,0
7562.67829795,7562.67817940,2242.24322486,2242.24704935,0.04590605,1811.39322312,81,0
7564.30006401,7564.29291363,0.00000000,2294.74009761,0.01820300,1812.08544884,81,0
7567.43180819,7567.43119222,2397.14196168,2397.16224808,0.07493320,1813.29792622,81,0
7568.13514336,7568.13465709,2420.34433659,2420.36039879,0.03580455,1813.54718179,81,0
7572.34328790,7572.34693566,2560.82028151,2560.69746143,0.05030956,1814.85542933,81,0
7572.58978808,7572.58894945,0.00000000,2569.00000000,0.00000000,1814.92209794,81,4
7572.84559313,7572.84554467,2577.62527767,2577.62691297,0.03469240,1814.99010206,81,0
7573.73147887,7573.74010358,0.00000000,2607.58701495,0.20499605,1815.21622623,81,0
7574.15769075,7574.16373000,0.00000000,2622.04516602,0.00000000,1815.31977012,81,2
7575.13387672,7575.13388310,2655.26076385,2655.26054638,0.05187913,1815.54389301,81,0
7483.13231780,7575.85601732,0.00000000,-1.00000000,0.00000000,1736.93638709,81,4
7576.86222190,7576.86187914,2714.45783797,2714.46962981,0.03682260,1815.89589654,81,0
7577.64661241,7577.65236652,0.00000000,2741.50830078,0.00000000,1816.03640419,81,2
7577.78170468,7577.78387254,0.00000000,2746.17456055,0.00000000,1816.05936900,81,1
7577.96317926,7577.96310459,2752.44507341,2752.44765557,0.03554899,1816.08964645,81,0
7483.13231780,7579.96430595,0.00000000,-1.00000000,0.00000000,1736.93638709,81,4
7582.05730254,7582.05727912,2895.49777144,2895.49859803,0.05238742,1816.59487852,81,0
7584.16382438,7584.16579503,2970.31964552,2970.24932717,0.06225464,1816.71783816,81,0
7588.24033394,7588.24064418,3117.32996073,3117.31864831,0.05195611,1816.67753655,81,0
7588.52365898,7588.52362881,3127.65724812,3127.65835001,0.05872389,1816.66063681,81,0
7590.08303383,7590.08365498,3184.89195367,3184.86907021,0.06609961,1816.53375993,81,0
7592.61918691,7592.61916744,3278.98761142,3278.98833919,0.06633643,1816.20214056,81,0
7483.13231780,7594.76082107,0.00000000,-1.00000000,0.00000000,1736.93638709,81,4
7597.14873323,7597.14893884,3450.60081043,3450.59291492,0.06020852,1815.20468640,81,0
7599.07512085,7599.08110893,0.00000000,3525.00000000,0.00000000,1814.61477503,81,5
7599.96991273,7599.96926578,3559.83868053,3559.86395099,0.08407568,1814.30565519,81,0
7602.37546546,7602.37521876,3654.56787406,3654.57766634,0.06497469,1813.36061483,81,0
7603.03930121,7603.03431161,0.00000000,3680.99387443,0.07714215,1813.06961721,81,0
7603.25259411,7603.25042090,3689.41037237,3689.49711029,0.07404972,1812.97340407,81,0
7603.63210888,7603.63087097,3704.62184204,3704.67138456,0.10574348,1812.79863326,81,0
7606.61093159,7606.61050441,3825.04604621,3825.06348367,0.07353575,1811.27241642,81,0
7607.93406615,7607.93264138,3879.26382020,3879.32252308,0.07815935,1810.50361720,81,0
7608.26045669,7608.26076026,3892.80021517,3892.78767519,0.06537739,1810.30504779,81,0
7608.90259353,7608.90466277,3919.45514258,3919.36929154,0.07460492,1809.90397365,81,0
7611.27430037,7611.27444610,4018.63928688,4018.63313708,0.07354621,1808.29981711,81,0
7576.83703910,7576.86187914,0.00000000,4.00000000,0.00000000,1805.94896742,80,4
7577.65027201,7577.65236652,24.23091265,24.17888612,0.12304377,1807.01306521,80,0
7577.96281270,7577.96310459,31.95261338,31.94535704,0.04647836,1807.42070262,80,0
7579.97165112,7579.96430595,0.00000000,82.00000000,0.00000000,1810.02240842,80,4
7582.05990548,7582.05727912,134.22702615,134.29296044,0.05474023,1812.69333375,80,0
7584.16367883,7584.16579503,187.29471398,187.24131231,0.02429610,1815.34872894,80,0
7588.21499797,7588.24064418,0.00000000,290.00000000,0.00000000,1820.36164457,80,4
7588.52335538,7588.52362881,297.86201152,297.85503647,0.04097573,1820.73721868,80,0
7590.08256466,7590.08365498,337.74049686,337.71256629,0.03406045,1822.62626976,80,0
7592.61869199,7592.61916744,402.90724842,402.89498924,0.03353898,1825.65564686,80,0
7594.76284513,7594.76082107,458.28921616,458.34170867,0.02292397,1828.17404923,80,0
7597.14301951,7597.14893884,0.00000000,520.25311279,0.00000000,1830.92259539,80,2
7598.47223263,7598.47852612,0.00000000,555.00000000,0.00000000,1832.43585865,80,4
7599.07734988,7599.08110893,0.00000000,570.85968018,0.00000000,1833.11956239,80,2
7576.67565437,7599.96926578,0.00000000,-1.00000000,0.00000000,1805.73718153,80,4
7602.37509977,7602.37521876,657.75629808,657.75314938,0.02820532,1836.78766658,80,0
7603.03757955,7603.03431161,0.00000000,675.30438232,0.00000000,1837.51260082,80,2
7603.24601610,7603.25042090,0.00000000,680.83325195,0.00000000,1837.73985359,80,2
7603.63376002,7603.63087097,691.04987821,691.12661649,0.09685426,1838.16152325,80,0
7606.61118092,7606.61050441,770.51462447,770.53274614,0.01191275,1841.35243254,80,0
7576.67565437,7607.93264138,0.00000000,-1.00000000,0.00000000,1805.73718153,80,4
7608.26046182,7608.26076026,814.82210650,814.81407564,0.03407773,1843.08423490,80,0
7608.90529667,7608.90466277,832.16529339,832.18238337,0.04460169,1843.75418831,80,0
7611.27538269,7611.27444610,896.28335093,896.30878718,0.02690827,1846.18236611,80,0
7617.13136042,7617.13007969,1056.67002742,1056.70541267,0.07412209,1851.94337283,80,0
7617.93844843,7617.93793263,1079.01515714,1079.02944026,0.07696154,1852.70982832,80,0
7621.45645010,7621.45282352,0.00000000,1177.00000000,0.00000000,1855.97139804,80,4
7621.67064441,7621.68390298,0.00000000,1183.00000000,0.00000000,1856.16574506,80,4
7622.90418233,7622.90501835,1217.64424161,1217.62072212,0.03436063,1857.27497994,80,0
7623.74004491,7623.73921516,1241.14347796,1241.16688158,0.05315026,1858.01753895,80,0
7624.06168304,7624.06079430,1250.21819574,1250.24328794,0.04200356,1858.30121369,80,0
7624.60214498,7624.61199242,0.00000000,1265.52808897,0.09832358,1858.77570508,80,0
7628.48500905,7628.48325996,1375.99176699,1376.04187401,0.06072671,1862.08619907,80,0
7628.99478128,7628.99304734,1390.60917120,1390.65893323,0.21757654,1862.50824798,80,0
7630.14730333,7630.14800111,1423.81237117,1423.79227730,0.03805173,1863.45125760,80,0
7631.78571848,7631.78456948,1471.07482838,1471.10810987,0.08194975,1864.76502369,80,0
7633.84591722,7633.84655321,0.00000000,1531.00000000,0.00000000,1866.37250474,80,4
7576.67565437,7637.17994730,0.00000000,-1.00000000,0.00000000,1805.73718153,80,4
7639.41755280,7639.41463941,1695.02327444,1695.10993626,0.08989741,1870.45969155,80,0
7641.65720937,7641.64610178,0.00000000,1762.00000000,0.00000000,1871.99218857,80,4
7642.22349688,7642.22786203,0.00000000,1779.00000000,0.00000000,1872.36935819,80,4
7643.14776101,7643.15683666,0.00000000,1806.82274526,0.07377062,1872.97587997,80,0
7643.51240258,7643.51194098,1817.80744216,1817.82138097,0.05258375,1873.21195856,80,0
7643.76265331,7643.76230107,1825.37087143,1825.38151730,0.05800074,1873.37302071,80,0
7644.55602014,7644.55537375,1849.37434721,1849.39393981,0.03158795,1873.87803961,80,0
7645.71539513,7645.71496930,1884.60163776,1884.61460375,0.02207203,1874.60077470,80,0
7646.45058407,7646.44930394,1906.99403919,1907.03313054,0.06545220,1875.04965149,80,0
7651.00070472,7651.00069185,2047.16851256,2047.16891227,0.05640139,1877.65884534,80,0
7653.14039836,7653.13855474,2113.88519016,2113.94297621,0.06408651,1878.78279793,80,0
7654.33157606,7654.33178635,2151.37238541,2151.36576326,0.01998523,1879.37902072,80,0
7654.60379773,7654.60297294,2159.91711795,2159.94312071,0.06677857,1879.51226694,80,0
7656.23579841,7656.24098920,0.00000000,2211.57666016,0.00000000,1880.28751120,80,2
7660.82575163,7660.82535985,2358.65913457,2358.67180994,0.03013698,1882.24335207,80,0
7668.39070779,7668.39674193,0.00000000,2607.62548828,0.00000000,1884.70029630,80,2
7670.83986682,7670.84974023,0.00000000,2690.08300781,0.00000000,1885.27725014,80,2
7672.97653282,7672.97754903,2762.84164940,2762.80688391,0.06904970,1885.68815291,80,0
7678.00051315,7678.00494051,0.00000000,2936.83583905,0.08935502,1886.29823466,80,0
7680.63623062,7680.63367252,3029.83523527,3029.92620568,0.07383142,1886.40811504,80,0
7682.10626862,7682.11109386,0.00000000,3082.40771484,0.00000000,1886.40344819,80,2
7683.57160548,7683.56566799,0.00000000,3135.13377562,0.07313629,1886.35033876,80,0
7684.73769775,7684.74188701,0.00000000,3177.39331055,0.00000000,1886.27270367,80,2
7691.98591999,7691.98625876,3446.41878774,3446.40594646,0.06389145,1885.04527801,80,0
7576.67565437,7694.02535030,0.00000000,-1.00000000,0.00000000,1805.73718153,80,4
7697.80533437,7697.80352745,3670.90116378,3670.97221867,0.06386917,1883.04649191,80,0
7699.12118882,7699.12119045,3722.92790065,3722.92783593,0.06895823,1882.45726727,80,0
7699.78570727,7699.78644880,3749.36206102,3749.33253087,0.06617716,1882.13950931,80,0
7705.71407652,7705.71694025,3990.33055328,3990.21174860,0.05839843,1878.66957744,80,0
7672.97680215,7672.97754903,9.56104709,9.54274990,0.01302637,1876.70759960,79,0
7677.99977487,7678.00494051,133.46713778,133.33905898,0.06901802,1883.12429441,79,0
7680.63680158,7680.63367252,198.85414047,198.93222331,0.04064176,1886.41615962,79,0
7682.10909597,7682.11109386,235.78118308,235.73114978,0.06117358,1888.23021626,79,0
7683.57359504,7683.56566799,0.00000000,272.48326884,0.01938160,1890.01848764,79,0
7672.58709261,7684.74188701,0.00000000,-1.00000000,0.00000000,1876.20190426,79,4
7691.97929977,7691.98625876,0.00000000,486.04440308,0.00000000,1899.94591963,79,2
7694.02384019,7694.02535030,538.73843818,538.69944326,0.02255498,1902.27203306,79,0
7697.80469779,7697.80352745,636.79586282,636.82639429,0.03676658,1906.47872770,79,0
7699.12214591,7699.12119045,671.22475902,671.24976429,0.02798098,1907.91493332,79,0
7699.79932278,7699.78644880,0.00000000,689.00000000,0.00000000,1908.64748649,79,4
7705.71222991,7705.71694025,845.50520017,845.37958027,0.01167819,1914.86559211,79,0
7708.41103954,7708.40689875,917.52271198,917.63400530,0.10382783,1917.59571891,79,0
7709.53590129,7709.53543229,947.90659801,947.91924477,0.05035802,1918.71318997,79,0
7710.02187247,7710.02179996,961.03113812,961.03309628,0.04495906,1919.19214706,79,0
7714.05745172,7714.05623867,0.00000000,1070.66625977,0.00000000,1923.07995970,79,2
7717.73647724,7717.74436093,0.00000000,1171.78747559,0.00000000,1926.48177232,79,2
7720.92517706,7720.92463656,1260.34232898,1260.35741939,0.02814564,1929.31623542,79,0
7724.08363794,7724.06645753,0.00000000,1349.00000000,0.00000000,1932.01739137,79,5
7727.08261258,7727.10925229,0.00000000,1434.00000000,0.00000000,1934.48014725,79,4
7727.53867573,7727.54843203,0.00000000,1447.00000000,0.00000000,1934.84580917,79,4
7728.43327553,7728.43477886,1472.58985942,1472.54684256,0.02694920,1935.55588905,79,0
7730.31046137,7730.31421951,1526.54733901,1526.43912747,0.04531342,1937.01689632,79,0
7734.15395211,7734.15835633,0.00000000,1637.83874512,0.00000000,1939.87805576,79,2
7736.20528409,7736.20568149,1697.91422435,1697.90254579,0.05748680,1941.33188230,79,0
7739.22032990,7739.22046112,0.00000000,1787.00000000,0.00000000,1943.37383793,79,4
7740.56337197,7740.58791492,0.00000000,1827.00000000,0.00000000,1944.24603338,79,4
7672.58709261,7749.24583069,0.00000000,-1.00000000,0.00000000,1876.20190426,79,4
7672.58709261,7749.43954935,0.00000000,-1.00000000,0.00000000,1876.20190426,79,4
7750.32329332,7750.32334230,2123.83253673,2123.83101851,0.05547891,1949.85624717,79,0
7754.61063954,7754.60675002,2257.75662822,2257.87929751,0.06207615,1951.89176108,79,0
7756.32152380,7756.32132309,2312.02808646,2312.03446226,0.07391865,1952.62621080,79,0
7757.20553981,7757.20366703,2340.10553797,2340.16523560,0.06881239,1952.98775600,79,0
7760.13897300,7760.13972211,2434.30102116,2434.27683535,0.04377442,1954.09808238,79,0
7762.01652072,7762.01670816,2495.16246530,2495.15636216,0.07187583,1954.73494676,79,0
7762.70704975,7762.70995043,2517.76256686,2517.66784365,0.04670310,1954.95424616,79,0
7763.98718216,7763.98722809,2559.59271984,2559.59121172,0.02658548,1955.33934409,79,0
7764.78415922,7764.78505068,2585.83955420,2585.81017245,0.06742699,1955.56477000,79,0
7766.09794036,7766.09918628,2629.28258312,2629.24127319,0.06499234,1955.91208063,79,0
7774.90692807,7774.90725454,2927.57005197,2927.55875905,0.03601901,1957.41764647,79,0
7779.17156152,7779.17668013,0.00000000,3076.72680664,0.00000000,1957.59395826,79,2
7781.45925709,7781.45661632,3158.03526057,3158.12980411,0.08067175,1957.52794803,79,0
7782.17621523,7782.18692596,0.00000000,3183.84912109,0.00000000,1957.48326935,79,2
7782.30597749,7782.30646839,0.00000000,3188.51464844,0.00000000,1957.47393856,79,2
7782.47850651,7782.47954742,3194.75950118,3194.72203082,0.08589145,1957.46094041,79,0
7784.43435730,7784.43510529,3265.54044774,3265.51323205,0.05357944,1957.26555446,79,0
7784.69560946,7784.69600750,3275.04124534,3275.02673861,0.08076804,1957.23268732,79,0
7672.58709261,7786.30108605,0.00000000,-1.00000000,0.00000000,1876.20190426,79,4
7672.58709261,7791.35371425,0.00000000,-1.00000000,0.00000000,1876.20190426,79,4
7798.45865129,7798.46663542,0.00000000,3797.70405500,0.05715691,1953.01746305,79,0
7798.64257737,7798.65788003,0.00000000,3805.00000000,0.00000000,1952.92508946,79,4
7799.38440950,7799.38036339,0.00000000,3834.51828052,0.07951222,1952.54192247,79,0
7799.61958000,7799.62034299,3843.94019611,3843.90971648,0.07722966,1952.41684145,79,0
7801.27210348,7801.27147880,3910.28171704,3910.30696580,0.09767793,1951.48880101,79,0
7802.97911387,7802.97906575,3979.71076427,3979.71273335,0.07293581,1950.43678658,79,0
7803.52232741,7803.52464636,4002.04663193,4001.95142805,0.04194794,1950.08198259,79,0
7804.56536069,7804.56398532,4044.89837526,4044.95528565,0.13821380,1949.37147718,79,0
7672.58709261,7805.74042468,0.00000000,-1.00000000,0.00000000,1876.20190426,79,4
7779.17548091,7779.17668013,200.60250138,200.57294496,0.02230860,1958.68154896,78,0
7781.46151236,7781.45661632,256.95868853,257.08004000,0.04409129,1961.46529490,78,0
7782.30471128,7782.30646839,0.00000000,278.00000000,0.00000000,1962.48184270,78,4
7782.47976830,7782.47954742,282.33665956,282.34214742,0.08690004,1962.69188654,78,0
7784.43401294,7784.43510529,331.04184861,331.01457303,0.04157281,1965.02397072,78,0
7784.69623520,7784.69600750,337.55878059,337.56446999,0.01112692,1965.33466813,78,0
7770.95773629,7786.30108605,0.00000000,-1.00000000,0.00000000,1948.35287484,78,4
7791.34952727,7791.35371425,505.33034287,505.22393539,0.04313981,1973.03487741,78,0
7798.44802341,7798.46663542,0.00000000,687.32556152,0.00000000,1980.84789822,78,1
7798.67022335,7798.65788003,0.00000000,693.08194288,0.20343024,1981.08554022,78,0
7799.38325081,7799.38036339,711.49693843,711.57192532,0.13703638,1981.84499950,78,0
7799.62056854,7799.62034299,717.73102859,717.73688950,0.05783785,1982.09690892,78,0
7770.95773629,7801.27147880,0.00000000,-1.00000000,0.00000000,1948.35287484,78,4
7770.95773629,7802.97906575,0.00000000,-1.00000000,0.00000000,1948.35287484,78,4
7803.52129194,7803.52464636,819.72436716,819.63626543,0.03151202,1986.16573394,78,0
7804.56628720,7804.56398532,847.04639112,847.10702335,0.10963082,1987.23201139,78,0
7805.73580483,7805.74042468,0.00000000,877.98059082,0.00000000,1988.41485384,78,2
7805.92376445,7805.92724658,883.04186079,882.94978094,0.15074759,1988.60370193,78,0
7807.38003921,7807.38048027,921.54884753,921.53713140,0.02052040,1990.05569683,78,0
7808.91582993,7808.91331931,962.34552975,962.41249635,0.03846100,1991.56582780,78,0
7810.35358130,7810.35551759,1000.89850279,1000.84663795,0.04082468,1992.95953788,78,0
7814.07157222,7814.06577240,0.00000000,1100.97428843,0.08984623,1996.47106129,78,0
7815.70010711,7815.70022750,1145.18172900,1145.17845243,0.04854870,1997.96646780,78,0
7816.60163708,7816.60922152,0.00000000,1169.75732422,0.00000000,1998.78342967,78,2
7817.58910008,7817.59003323,1196.76053703,1196.73499606,0.03444050,1999.66817215,78,0
7818.10928996,7818.10818550,1210.95507289,1210.98535561,0.04326774,2000.13047006,78,0
7818.47952735,7818.47927355,1221.13593591,1221.14290296,0.04413570,2000.45786258,78,0
7826.07252855,7826.07205944,1432.07984859,1432.09303710,0.05513096,2006.85655352,78,0
7831.98973670,7831.98906861,1600.12287271,1600.14203534,0.06536284,2011.40731320,78,0
7832.37161541,7832.36973280,1611.04842059,1611.10249019,0.05657585,2011.68729053,78,0
7834.19145290,7834.19144258,1663.53846500,1663.53876324,0.01074124,2012.99822745,78,0
7834.94488236,7834.94365651,1685.30751876,1685.34303997,0.04127656,2013.52946388,78,0
7836.62617403,7836.62418508,1734.14960100,1734.20758504,0.06224940,2014.69037951,78,0
7837.26986030,7837.26331835,0.00000000,1753.00000000,0.00000000,2015.12594359,78,4
7837.89568797,7837.89514036,1771.28360549,1771.29964007,0.03986211,2015.54426587,78,0
7838.77948276,7838.77687502,1797.15252626,1797.22913164,0.04519065,2016.12716953,78,0
7846.87923573,7846.87893708,2038.73730428,2038.74634258,0.04091744,2021.00270817,78,0
7847.35482186,7847.35366092,2053.11777697,2053.15297881,0.08740432,2021.26192210,78,0
7847.90112513,7847.90058552,2069.72122742,2069.73762867,0.04204908,2021.55591681,78,0
7851.08019389,7851.07985590,2166.96506571,2166.97546853,0.06167712,2023.18472727,78,0
7851.79883224,7851.79880980,2189.12715030,2189.12784315,0.08837170,2023.53311372,78,0
7856.87820900,7856.87716388,2347.51615735,2347.54908633,0.01310274,2025.77916911,78,0
7858.81863658,7858.81709188,2408.90246518,2408.95155188,0.07624321,2026.53389447,78,0
7859.47078943,7859.47173026,2429.73261081,2429.70263330,0.04939922,2026.77432233,78,0
7864.42618571,7864.42651372,2589.33316725,2589.32248619,0.04523030,2028.37650294,78,0
7867.92485520,7867.93346749,0.00000000,2704.17335023,0.02251028,2029.25848951,78,0
7869.73084512,7869.73073450,2764.18506080,2764.18875240,0.07493083,2029.62914728,78,0
7873.15743898,7873.15785693,2879.51293709,2879.49875509,0.03583384,2030.16737998,78,0
7873.30700236,7873.32035215,0.00000000,2884.56323242,0.00000000,2030.18577228,78,2
7877.56029825,7877.56018824,3030.50568709,3030.50950316,0.04127818,2030.52595865,78,0
7770.95773629,7884.11295112,0.00000000,-1.00000000,0.00000000,1948.35287484,78,4
7889.78392766,7889.78345955,3468.71513643,3468.73250233,0.04408005,2029.33813512,78,0
7890.77334180,7890.77382086,3505.56561488,3505.54773790,0.06323335,2029.08706932,78,0
7891.52749043,7891.53170204,0.00000000,3533.74316406,0.00000000,2028.87889877,78,2
7894.28418564,7894.28194642,3637.85865234,3637.94401570,0.10719891,2027.98989531,78,0
7894.67039440,7894.67292475,3652.78161569,3652.68491926,0.08682339,2027.84891137,78,0
7897.68047998,7897.67727461,3768.69453691,3768.81940528,0.05520930,2026.60609574,78,0
7900.61729637,7900.61877601,3884.40267916,3884.34390008,0.08456200,2025.13693469,78,0
7901.28146331,7901.27620775,0.00000000,3910.78977745,0.13326165,2024.76789946,78,0
7902.60800015,7902.60775919,3963.96425873,3963.97396825,0.06544385,2023.98880693,78,0
7905.04931717,7905.05048824,4063.20715986,4063.15916677,0.08545721,2022.40388909,78,0
7770.95773629,7905.77106624,0.00000000,-1.00000000,0.00000000,1948.35287484,78,4
7873.15794878,7873.15785693,30.46418918,30.46638805,0.00766266,2023.88174409,77,0
7877.56126881,7877.56018824,136.38881199,136.41494539,0.01315799,2029.38947523,77,0
7871.88342365,7884.11295112,0.00000000,-1.00000000,0.00000000,2022.26170026,77,4
7889.78421795,7889.78345955,436.40907701,436.42797761,0.03309743,2043.92711331,77,0
7890.77401538,7890.77382086,461.12220833,461.12706858,0.03605595,2045.05447468,77,0
7891.52339356,7891.53170204,0.00000000,479.86407471,0.00000000,2045.90267065,77,2
7894.27592150,7894.28194642,0.00000000,549.00000000,0.00000000,2048.97989045,77,4
7894.67217834,7894.67292475,559.01564715,558.99681102,0.14345932,2049.41801899,77,0
7897.67361094,7897.67727461,0.00000000,635.02612305,0.00000000,2052.69375624,77,2
7900.61949038,7900.61877601,710.21785899,710.23617504,0.03311056,2055.83622760,77,0
7901.27265274,7901.27620775,0.00000000,727.00000000,0.00000000,2056.52339721,77,4
7902.60892412,7902.60775919,761.33405674,761.36407775,0.02332537,2057.91691561,77,0
7905.05063785,7905.05048824,824.49968179,824.50356324,0.02792813,2060.42442075,77,0
7905.77467522,7905.77106624,843.22920537,843.32303432,0.05453361,2061.15856604,77,0
7906.46184877,7906.46835900,0.00000000,861.20562744,0.00000000,2061.85053012,77,2
7907.70300468,7907.70382999,893.60092243,893.57934261,0.00770646,2063.08926502,77,0
7909.27858734,7909.27906711,934.88428768,934.87168909,0.03776526,2064.64316862,77,0
7910.15750211,7910.15775919,957.98519413,957.97842692,0.04065725,2065.49995825,77,0
7911.84771047,7911.84827965,1002.59907902,1002.58402299,0.03041742,2067.12803592,77,0
7913.39510996,7913.39487793,1043.59983486,1043.60600037,0.03097127,2068.59522718,77,0
7919.30458167,7919.30289394,1201.94961599,1201.99525621,0.05488088,2073.98990089,77,0
7920.55095675,7920.55602646,0.00000000,1235.78039551,0.00000000,2075.08509681,77,2
7920.74316462,7920.75733057,0.00000000,1241.00000000,0.00000000,2075.25255854,77,4
7920.99368691,7920.99394395,1247.80264431,1247.79565702,0.03511030,2075.46988754,77,0
7921.58876776,7921.58790609,0.00000000,1264.00000000,0.00000000,2075.98492787,77,4
7926.14051058,7926.13992335,1388.83330750,1388.84953459,0.04098639,2079.80277861,77,0
7931.08527905,7931.08988418,1526.69625562,1526.56696137,0.07983247,2083.70555684,77,0
7933.90720689,7933.90597105,1606.12525906,1606.16028349,0.04717358,2085.81365630,77,0
7936.56571954,7936.56529201,1681.84070062,1681.85292764,0.04204193,2087.71825190,77,0
7940.57671238,7940.57528604,1797.33343912,1797.37481367,0.04381908,2090.43679858,77,0
7948.41493287,7948.44170767,0.00000000,2028.00000000,0.00000000,2095.18384444,77,4
7956.15118420,7956.15223008,2262.46927573,2262.43709928,0.03854257,2099.08012489,77,0
7958.13995225,7958.13962735,2323.86932622,2323.87940402,0.07851928,2099.94623572,77,0
7958.93068588,7958.93171498,2348.47540537,2348.44338752,0.02979982,2100.27446879,77,0
7959.25583688,7959.26223527,0.00000000,2358.56811523,0.00000000,2100.40676132,77,1
7959.46214399,7959.46177305,0.00000000,2365.00000000,0.00000000,2100.48989307,77,4
7960.17203501,7960.16576278,0.00000000,2387.17403866,0.07694275,2100.77107596,77,0
7962.16749255,7962.16715604,2449.84629526,2449.85691218,0.06553129,2101.52051831,77,0
7871.88342365,7962.54202799,0.00000000,-1.00000000,0.00000000,2022.26170026,77,4
7964.37132541,7964.37190298,2519.73831822,2519.71992424,0.05136550,2102.27669643,77,0
7964.61981485,7964.62058369,2527.66214066,2527.63762993,0.04032567,2102.35713195,77,0
7965.34101825,7965.33586614,0.00000000,2550.66127432,0.04203881,2102.58493720,77,0
7966.15428681,7966.15404191,2576.70950901,2576.71736868,0.04567421,2102.83181104,77,0
7966.76114596,7966.76096876,2596.21479758,2596.22050028,0.06572161,2103.00899737,77,0
7969.01256380,7969.01199939,2669.02259735,2669.04094830,0.05926171,2103.61304260,77,0
7972.65100739,7972.65086748,2788.33029969,2788.33492553,0.04434328,2104.40630785,77,0
7976.12328218,7976.12268291,2904.08358899,2904.10372919,0.07904847,2104.94275881,77,0
7976.86021869,7976.86000408,2928.90795172,2928.91519099,0.07725145,2105.02778099,77,0
7977.29003086,7977.29181122,2943.48992281,2943.42973447,0.04427961,2105.07261342,77,0
7979.08819311,7979.08803734,3004.48687863,3004.49219222,0.03821026,2105.22154450,77,0
7979.37465815,7979.37576283,3014.30901255,3014.27127391,0.05804222,2105.23943658,77,0
7979.82752237,7979.82356961,3029.63150295,3029.76685072,0.03491922,2105.26441721,77,0
7980.69707184,7980.69545497,0.00000000,3059.60815430,0.00000000,2105.30087792,77,2
7871.88342365,7980.98416692,0.00000000,-1.00000000,0.00000000,2022.26170026,77,4
7981.28251755,7981.28295215,3079.79309567,3079.77809850,0.05911528,2105.31683482,77,0
7989.74554277,7989.74542058,3378.36777565,3378.37218813,0.07342535,2104.73156550,77,0
7991.38549261,7991.38556715,3437.87353060,3437.87081366,0.06767460,2104.43058425,77,0
7992.82622370,7992.82700757,3490.63257861,3490.60376560,0.06339574,2104.11246480,77,0
7871.88342365,7993.51089926,0.00000000,-1.00000000,0.00000000,2022.26170026,77,4
7994.39577951,7994.39649229,3548.57890434,3548.55247325,0.06987189,2103.70714259,77,0
7995.21462143,7995.24690988,0.00000000,3579.00000000,0.00000000,2103.47076156,77,5
7997.72259149,7997.72288789,3673.21787544,3673.20664905,0.06185305,2102.63706081,77,0
7871.88342365,7998.96270079,0.00000000,-1.00000000,0.00000000,2022.26170026,77,4
7999.64664587,7999.64666381,3746.50358105,3746.50289361,0.08692925,2101.88125281,77,0
8000.80149418,8000.80581562,0.00000000,3790.90600586,0.00000000,2101.37768085,77,4
8003.76114931,8003.76146903,3906.29110565,3906.27851598,0.07334923,2099.90770867,77,0
8005.25811986,8005.25784759,3965.50444760,3965.51528257,0.07404530,2099.06213457,77,0
7976.10114963,7976.12268291,0.00000000,15.00000000,0.00000000,2098.85599863,76,4
7976.86327420,7976.86000408,0.00000000,33.00000000,0.00000000,2099.80859181,76,4
7977.28928769,7977.29181122,43.13889913,43.07917730,0.03261110,2100.33965178,76,0
7979.09964638,7979.08803734,0.00000000,86.00000000,0.00000000,2102.58220282,76,4
7979.35209922,7979.37576283,0.00000000,92.00000000,0.00000000,2102.89325393,76,4
7979.82591476,7979.82356961,103.21775181,103.27355972,0.03018441,2103.47607591,76,0
7980.69603385,7980.69545497,0.00000000,124.00000000,0.00000000,2104.54207299,76,4
7980.52868906,7980.98416692,0.00000000,120.00997596,109.19362181,2104.33741518,76,0
7981.28293048,7981.28295215,138.00886476,138.00834721,0.03859393,2105.25849387,76,0
7989.74694295,7989.74542058,342.11891752,342.15601670,0.03189492,2115.32702053,76,0
7991.37836809,7991.38556715,0.00000000,381.99996948,0.00000000,2117.21064552,76,4
7992.80645793,7992.82700757,0.00000000,417.00000000,0.00000000,2118.84325112,76,4
7993.51194322,7993.51089926,434.30674953,434.33242901,0.02383011,2119.64410353,76,0
7994.39180678,7994.39649229,0.00000000,456.00000000,0.00000000,2120.63814624,76,4
7995.25272764,7995.24690988,0.00000000,477.24385409,0.22506527,2121.60506786,76,0
7997.72321081,7997.72288789,538.45615853,538.46418558,0.01103228,2124.34894430,76,0
7998.95860064,7998.96270079,569.32318716,569.22094191,0.08765954,2125.70356165,76,0
7999.64586565,7999.64666381,0.00000000,586.37359619,0.00000000,2126.45206735,76,2
8000.57742183,8000.57431955,609.59605103,609.67373641,0.31109575,2127.46086277,76,0
8000.80759192,8000.80581562,615.39492771,615.43943046,0.04140507,2127.70907413,76,0
8003.76155858,8003.76146903,689.73015605,689.73241730,0.04269968,2130.85698196,76,0
8005.25662033,8005.25784759,727.59670960,727.56559919,0.02201958,2132.42406213,76,0
8014.09965153,8014.09839136,954.45682915,954.48956374,0.02850084,2141.31265386,76,0
8014.92678092,8014.91357340,0.00000000,976.00000000,0.00000000,2142.10969187,76,4
8015.17321902,8015.17235522,982.40052787,982.42303982,0.01829949,2142.34615736,76,0
8021.60903918,8021.60971275,1151.68859879,1151.67071571,0.02084162,2148.32306980,76,0
8022.71451213,8022.71596180,1181.10520666,1181.06659896,0.05550930,2149.31124078,76,0
8027.47494715,8027.47541250,1308.80347801,1308.79090029,0.04136716,2153.43296294,76,0
8032.26230332,8032.27739190,0.00000000,1439.14270020,0.00000000,2157.35110094,76,2
8033.03571908,8033.03453366,1460.34209783,1460.37469849,0.02937119,2157.96168482,76,0
8033.84217858,8033.84009064,1482.52694241,1482.58452341,0.03074209,2158.59210799,76,0
8036.85216170,8036.87186112,0.00000000,1566.00000000,0.00000000,2160.88420976,76,4
8037.01069452,8037.00956812,1570.37600457,1570.40739110,0.02408218,2161.00199329,76,0
8040.15287758,8040.15181510,1658.38452085,1658.41443644,0.02520399,2163.28405728,76,0
8041.21349830,8041.21338756,1688.32640658,1688.32953547,0.03722639,2164.02947293,76,0
8042.05508262,8042.05258579,1712.07158298,1712.14233495,0.14783178,2164.61184452,76,0
8042.33194931,8042.37540885,0.00000000,1720.00000000,0.00000000,2164.80187606,76,4
8044.12539621,8044.12335610,1770.96469870,1771.02292424,0.06738754,2166.01002261,76,0
8047.86864341,8047.86835662,1878.56201710,1878.57031238,0.01444140,2168.41012192,76,0
8048.99186486,8048.99072838,1911.09493939,1911.12794906,0.05579230,2169.09753137,76,0
8050.29552178,8050.29985412,1949.20459432,1949.07818483,0.09014854,2169.87582711,76,0
8051.35441478,8051.35535769,1980.06257431,1980.03494893,0.05846396,2170.49238930,76,0
8054.64461318,8054.63848526,0.00000000,2077.00000000,0.00000000,2172.31720293,76,4
8057.84023045,8057.84639858,0.00000000,2172.34375000,0.00000000,2173.95427778,76,2
7975.46503903,8067.69548293,0.00000000,-1.00000000,0.00000000,2098.05806557,76,4
8068.07603330,8068.07603131,2486.01010309,2486.01016540,0.07544735,2178.24197575,76,0
8069.62476037,8069.63016430,0.00000000,2534.63574219,0.00000000,2178.75622715,76,2
8069.76503301,8069.76939361,0.00000000,2539.05615234,0.00000000,2178.80097808,76,2
8072.43564546,8072.44383854,0.00000000,2623.73168945,0.00000000,2179.59397911,76,2
8072.57771408,8072.57472376,2628.16952440,2628.26495216,0.11308998,2179.63299318,76,0
8075.43949309,8075.45083664,0.00000000,2720.17749023,0.00000000,2180.34868952,76,2
8076.25802433,8076.25776818,2746.67645333,2746.68476516,0.04938362,2180.52844873,76,0
8079.53980629,8079.53874445,2853.95347434,2853.98846589,0.06792447,2181.13447621,76,0
8080.22422963,8080.22761156,0.00000000,2876.56884766,0.00000000,2181.23719074,76,2
8082.84321857,8082.84324463,2963.68282051,2963.68194808,0.05251419,2181.55276738,76,0
7975.46503903,8086.03363605,0.00000000,-1.00000000,0.00000000,2098.05806557,76,4
8097.13035815,8097.13790714,0.00000000,3460.00000000,0.00000000,2180.92166365,76,4
8097.71479294,8097.71309651,3481.08006693,3481.14152769,0.08975345,2180.80368369,76,0
7975.46503903,8098.72865312,0.00000000,-1.00000000,0.00000000,2098.05806557,76,4
8099.86060939,8099.86090867,3559.36454146,3559.35356765,0.06640213,2180.30304157,76,0
8100.74867022,8100.74904987,3592.02555520,3592.01155298,0.09157570,2180.06414871,76,0
8101.31131992,8101.31387244,3612.89222463,3612.79777807,0.06119292,2179.90295903,76,0
8101.94552566,8101.94773865,3636.39120764,3636.30900984,0.07893978,2179.71208070,76,0
8104.11288418,8104.11238754,3717.34090907,3717.35960602,0.05825047,2178.98457194,76,0
8107.23396602,8107.23021090,0.00000000,3836.00000000,0.00000000,2177.72611574,76,4
8107.80586775,8107.84707909,0.00000000,3858.00000000,0.00000000,2177.46757476,76,4
8109.68455121,8109.68516046,3930.88431713,3930.86054530,0.04295967,2176.55529544,76,0
8110.58246375,8110.57016683,0.00000000,3966.00000000,0.00000000,2176.08462545,76,5
8112.31847830,8112.31925877,4034.61288226,4034.58186669,0.08485222,2175.10867933,76,0
8082.84279545,8082.84324463,24.09009212,24.07961981,0.02316378,2176.96545994,75,0
8086.01759383,8086.03363605,0.00000000,98.35703278,0.00000000,2180.88067973,75,2
8097.14296181,8097.13790714,0.00000000,363.00000000,0.00000000,2194.05694354,75,4
8097.71626686,8097.71309651,376.74466780,376.82119463,0.10867164,2194.71199070,75,0
8098.71653942,8098.72865312,0.00000000,401.00000000,0.00000000,2195.85004692,75,4
8099.85390243,8099.86090867,0.00000000,428.55697632,0.00000000,2197.13488047,75,2
8100.75063774,8100.74904987,450.29853062,450.33714882,0.02001887,2198.14116099,75,0
8101.31264845,8101.31387244,464.04500663,464.01519704,0.05215351,2198.76895383,75,0
8101.94607378,8101.94773865,479.49415065,479.45354300,0.02896454,2199.47368996,75,0
8104.11472665,8104.11238754,532.42851928,532.48587534,0.02376280,2201.86344322,75,0
8109.68304490,8109.68516046,0.00000000,670.00000000,0.00000000,2207.83607024,75,4
8110.56628960,8110.57016683,692.09215339,691.99548936,0.14072106,2208.76143242,75,0
8115.98250805,8115.96949888,0.00000000,828.00000000,0.00000000,2214.29998823,75,4
8081.80884949,8117.20434834,0.00000000,-1.00000000,0.00000000,2175.67572770,75,4
8120.46949943,8120.46761103,942.14090594,942.18926151,0.07674718,2218.70688319,75,0
8124.67509921,8124.67508069,1050.52118542,1050.52166533,0.01222796,2222.68281517,75,0
8128.47517528,8128.47555788,1149.52550416,1149.51548018,0.00556448,2226.14176225,75,0
8128.83739081,8128.83677676,1158.99427942,1159.01038395,0.04515526,2226.46478576,75,0
8130.28519459,8130.28950142,1197.18539228,1197.07195585,0.06805738,2227.74432081,75,0
8132.13775365,8132.16390140,0.00000000,1246.00000000,0.00000000,2229.35308310,75,4
8134.02800579,8134.02625916,1296.15215103,1296.19868869,0.03933463,2230.96146455,75,0
8139.47227984,8139.47198823,1442.42345756,1442.43135527,0.01579973,2235.40359620,75,0
8142.11828672,8142.11853476,1514.42112841,1514.41435252,0.03004072,2237.45732412,75,0
8144.15254381,8144.14271258,0.00000000,1570.17756164,0.09150756,2238.98804798,75,0
8147.24173361,8147.24883648,0.00000000,1655.56005859,0.00000000,2241.22995475,75,2
8149.74999626,8149.75136268,1725.56537876,1725.52709505,0.04157636,2242.97523346,75,0
8150.00708877,8150.00694665,1732.72949303,1732.73347860,0.04226252,2243.15029231,75,0
8154.54097542,8154.53961156,1860.82789793,1860.86674579,0.05043589,2246.11641895,75,0
8155.03646530,8155.09038174,0.00000000,1875.00000000,0.00000000,2246.42660011,75,4
8155.77145444,8155.76406396,0.00000000,1896.00000000,0.00000000,2246.88125253,75,4
8155.98073155,8155.97998505,1901.96487569,1901.98625330,0.05483412,2247.00949094,75,0
8160.70552737,8160.70603302,2038.43053571,2038.41581406,0.01950319,2249.76797173,75,0
8161.22470202,8161.22669348,2053.60434343,2053.54624602,0.03957876,2250.05452272,75,0
8081.80884949,8162.39543320,0.00000000,-1.00000000,0.00000000,2175.67572770,75,4
8163.20134535,8163.20202529,2111.46399464,2111.44400316,0.06447653,2251.11530907,75,0
8163.43721407,8163.43699568,2118.37548933,2118.38191587,0.02505305,2251.23862284,75,0
8163.79735132,8163.79139205,0.00000000,2128.99490056,0.07899117,2251.42568304,75,0
8167.16779755,8167.16633725,2228.90836422,2228.95196124,0.07896495,2253.09408441,75,0
8168.18020599,8168.17987029,2259.22048486,2259.23054381,0.05112170,2253.56613915,75,0
8170.02366792,8170.02362953,2314.67697881,2314.67813780,0.04364404,2254.39040114,75,0
8174.52155188,8174.52091937,2451.67382239,2451.69327106,0.04664319,2256.20417474,75,0
8175.79864883,8175.79459891,2490.94205746,2491.06723902,0.07308415,2256.66662780,75,0
8081.80884949,8176.57192267,0.00000000,-1.00000000,0.00000000,2175.67572770,75,4
8176.89172887,8176.90449405,0.00000000,2524.93139648,0.00000000,2257.04336969,75,1
8178.11210393,8178.11193101,2562.92064814,2562.92604479,0.06695402,2257.44294178,75,0
8185.93156325,8185.93068917,2811.22208810,2811.25034079,0.06643722,2259.45173428,75,0
8188.55992824,8188.55908083,2896.70316730,2896.73088863,0.06063338,2259.90102182,75,0
8189.05775584,8189.05782977,2913.03655361,2913.03412958,0.07918969,2259.97260740,75,0
8190.48506396,8190.49133207,0.00000000,2960.00000000,0.00000000,2260.15355550,75,4
8190.78767381,8190.80408775,0.00000000,2970.00000000,0.00000000,2260.18723634,75,4
8195.11463624,8195.11517284,3114.64549100,3114.62736598,0.04881565,2260.48389977,75,0
8199.12323013,8199.12245115,3251.43477836,3251.46164069,0.04643075,2260.43609093,75,0
8199.91309290,8199.91446080,3278.80650106,3278.75911805,0.07588763,2260.38827487,75,0
8201.24166278,8201.23495169,0.00000000,3324.94898885,0.06681469,2260.27832970,75,0
8201.96733386,8201.96797187,3350.33062454,3350.30827886,0.06328265,2260.20243695,75,0
8202.47992078,8202.48195166,3368.35831305,3368.28697831,0.16213862,2260.14195926,75,0
8203.24444414,8203.24515337,3395.22348048,3395.19846165,0.06384684,2260.04108238,75,0
8203.65355651,8203.65280864,3409.62033170,3409.64677362,0.06291737,2259.98180132,75,0
8205.32220778,8205.32442887,3468.98889323,3468.90963654,0.09236954,2259.70118031,75,0
8207.62250005,8207.62229268,3551.53085809,3551.53835331,0.09506296,2259.20925183,75,0
8208.08886693,8208.09220239,3568.54122237,3568.42028862,0.09715041,2259.09430557,75,0
8209.78620417,8209.78393890,3630.17891396,3630.26184065,0.06233257,2258.63134159,75,0
8212.42332054,8212.42695610,0.00000000,3727.62329102,0.00000000,2257.76890085,75,2
8213.07704116,8213.09786713,0.00000000,3752.00000000,0.00000000,2257.52736117,75,5
8213.56782851,8213.57161272,0.00000000,3770.36631606,0.08163020,2257.33859459,75,0
8215.85762963,8215.85820686,3856.83599459,3856.81404756,0.09349081,2256.37173937,75,0
8217.41749235,8217.41829546,3916.46971519,3916.43885608,0.07797742,2255.62945763,75,0
8081.80884949,8218.12011808,0.00000000,-1.00000000,0.00000000,2175.67572770,75,4
8219.11400159,8219.11538658,3982.05244221,3981.99859795,0.11613508,2254.74209136,75,0
8221.70814943,8221.70836078,4083.70651644,4083.69815743,0.08438503,2253.21769631,75,0
8195.11568902,8195.11517284,94.27932744,94.29128234,0.01997982,2260.34744611,74,0
8199.10012704,8199.12245115,0.00000000,187.00000000,0.00000000,2265.11572748,74,4
8199.91493118,8199.91446080,206.05158452,206.06259901,0.03248826,2266.07821532,74,0
8201.24607184,8201.23495169,0.00000000,237.28550517,0.04224975,2267.64145204,74,0
8201.96891348,8201.96797187,254.25245591,254.27461349,0.03906468,2268.48513962,74,0
8202.46670065,8202.48195166,0.00000000,266.00000000,0.00000000,2269.06458919,74,4
8203.24466427,8203.24515337,284.34953357,284.33799186,0.04335411,2269.96617404,74,0
8203.65486910,8203.65280864,293.97366300,294.02232995,0.06017737,2270.44001460,74,0
8205.30131144,8205.32442887,0.00000000,333.00000000,0.00000000,2272.33113809,74,4
8207.62402392,8207.62229268,388.19012346,388.23141032,0.05007047,2274.96697061,74,0
8208.08359402,8208.09220239,0.00000000,399.20279851,0.15826061,2275.48443501,74,0
8209.78893898,8209.78393890,0.00000000,440.00000000,0.00000000,2277.39080964,74,4
8212.42685562,8212.42695610,0.00000000,503.44219971,0.00000000,2280.29953036,74,2
8213.07114098,8213.09786713,0.00000000,519.00000000,0.00000000,2281.00245575,74,4
8213.57098392,8213.57161272,531.10426620,531.08905198,0.03856269,2281.54583633,74,0
8191.02686861,8215.85820686,0.00000000,-1.00000000,0.00000000,2255.34921355,74,4
8217.41588248,8217.41829546,624.62898682,624.57003332,0.02006089,2285.66431190,74,0
8219.10841605,8219.11538658,0.00000000,666.01068115,0.00000000,2287.44284047,74,2
8191.02686861,8221.70836078,0.00000000,-1.00000000,0.00000000,2255.34921355,74,4
8222.91766460,8222.91627598,759.89439878,759.92880697,0.05197456,2291.36619225,74,0
8225.37355899,8225.38142735,0.00000000,821.00000000,0.00000000,2293.83742464,74,4
8231.29535910,8231.29691065,969.93311437,969.89378150,0.03214020,2299.59819315,74,0
8233.09421796,8233.10117343,0.00000000,1015.60235596,0.00000000,2301.29149598,74,2
8234.65320050,8234.65298091,1055.40154511,1055.40716352,0.02229810,2302.73731524,74,0
8234.93108292,8234.92834012,1062.44540872,1062.51564060,0.01528083,2302.99269524,74,0
8235.60252106,8235.60479248,1079.78403452,1079.72577690,0.02197512,2303.60745027,74,0
8237.29607524,8237.29439979,1123.22451901,1123.26770485,0.05972009,2305.14042564,74,0
8239.37444082,8239.38216307,0.00000000,1177.01672363,0.00000000,2306.98854608,74,2
8239.60507102,8239.61846009,0.00000000,1183.00000000,0.00000000,2307.19125464,74,4
8240.98563995,8240.99252565,0.00000000,1218.90075684,0.00000000,2308.39482829,74,2
8241.88690383,8241.88807080,1242.43343632,1242.40294868,0.02023618,2309.17093415,74,0
8242.79480147,8242.80150789,0.00000000,1266.16821289,0.00000000,2309.94622810,74,2
8245.38766516,8245.38601840,1334.30939995,1334.35287122,0.02329768,2312.11759561,74,0
8247.52447153,8247.52534615,1390.97408244,1390.95083559,0.04757087,2313.86025321,74,0
8248.94471013,8248.94490175,1428.77895982,1428.77384671,0.04519162,2314.99462466,74,0
8249.65487839,8249.65595223,1447.77360749,1447.74488737,0.04174129,2315.55448362,74,0
8253.50722360,8253.50845421,1551.45655050,1551.42322732,0.21700564,2318.50661460,74,0
8253.72299399,8253.72052275,1557.20120390,1557.26817129,0.07075379,2318.66762910,74,0
8255.45413978,8255.46812244,0.00000000,1604.31809243,0.06916563,2319.94269625,74,0
8259.92355653,8259.90511612,0.00000000,1727.00000000,0.00000000,2323.09130987,74,4
8263.40010199,8263.39285395,0.00000000,1823.70547133,0.06031750,2325.39382677,74,0
8191.02686861,8264.32894268,0.00000000,-1.00000000,0.00000000,2255.34921355,74,4
8270.28780585,8270.28500820,2018.70115034,2018.78136227,0.16217775,2329.55723281,74,0
8272.33913028,8272.33942593,2077.80893990,2077.80039865,0.04763543,2330.69007135,74,0
8272.91734362,8272.91692390,2094.51154072,2094.52369344,0.01696390,2331.00035995,74,0
8275.19620883,8275.19608715,2160.77473253,2160.77828499,0.05933440,2332.18320369,74,0
8276.68567048,8276.68637162,2204.41586683,2204.39527348,0.04784411,2332.92140177,74,0
8277.76213543,8277.76143878,2236.05571591,2236.07625744,0.07259905,2333.43743237,74,0
8278.24312714,8278.24941218,0.00000000,2250.26684570,0.00000000,2333.66307391,74,2
8279.01411271,8279.02032133,0.00000000,2273.07495117,0.00000000,2334.01861172,74,2
8280.13337662,8280.13263105,2306.28946987,2306.31165769,0.04097367,2334.52097743,74,0
8281.62166833,8281.61901571,2350.64769566,2350.72709603,0.04478184,2335.16317547,74,0
8283.26554981,8283.26646484,2400.11814181,2400.09056735,0.07393806,2335.83782068,74,0
8284.93969358,8284.94439799,0.00000000,2450.71044922,0.00000000,2336.48690075,74,2
8285.65319951,8285.65679521,0.00000000,2472.38769531,0.00000000,2336.75162854,74,2
8291.39026797,8291.39031845,2649.04960455,2649.04803096,0.06551324,2338.61332137,74,0
8291.78937481,8291.78857705,2661.47499117,2661.49990341,0.04004416,2338.72467358,74,0
8296.65196236,8296.65614932,0.00000000,2815.00000000,0.00000000,2339.88253844,74,4
8191.02686861,8306.88224823,0.00000000,-1.00000000,0.00000000,2255.34921355,74,4
8307.65281203,8307.65039458,3175.24953766,3175.33087535,0.06236950,2341.04055176,74,0
8309.84729199,8309.85057406,3249.69580793,3249.58412284,0.05343970,2341.00760240,74,0
8310.68792275,8310.67647515,0.00000000,3278.25565334,0.04204980,2340.97006816,74,0
8191.02686861,8312.98097056,0.00000000,-1.00000000,0.00000000,2255.34921355,74,4
8318.69347318,8318.69343134,3557.89089388,3557.89238778,0.06900359,2339.87977864,74,0
8320.63930908,8320.63871970,3627.75652223,3627.77780452,0.06758639,2339.40230814,74,0
8321.53153299,8321.52730581,0.00000000,3660.10351456,0.07190677,2339.15375281,74,0
8322.33728283,8322.33754331,3689.44580826,3689.43629955,0.06460864,2338.91305316,74,0
8325.32422746,8325.32493587,3799.46726501,3799.44094370,0.06127786,2337.88198280,74,0
8329.97403835,8329.97407431,3974.83592884,3974.83455122,0.06915048,2335.81911968,74,0
8332.04265591,8332.04251835,4054.60307134,4054.60841465,0.07333323,2334.71071935,74,0
8306.88703526,8306.88224823,0.00000000,83.00000000,0.00000000,2341.52544512,73,4
8307.67470533,8307.65039458,0.00000000,101.00000000,0.00000000,2342.46779390,73,4
8303.23725042,8309.85057406,0.00000000,-1.00000000,0.00000000,2337.11080285,73,4
8310.68867469,8310.67647515,0.00000000,170.16817457,0.04194663,2346.03897957,73,0
8312.98571384,8312.98097056,223.09419222,223.20398323,0.01893403,2348.72348766,73,0
8318.69491714,8318.69343134,356.18087680,356.21573125,0.02637618,2355.25050834,73,0
8320.63826332,8320.63871970,401.91630861,401.90555466,0.03107622,2357.42460605,73,0
8321.53230536,8321.52730581,0.00000000,423.00000000,0.00000000,2358.41662209,73,4
8322.33763245,8322.33754331,442.03082269,442.03293188,0.03380284,2359.30532322,73,0
8325.32427466,8325.32493587,512.97137109,512.95561503,0.02500308,2362.56367794,73,0
8329.97501828,8329.97407431,624.39879302,624.42154923,0.01746769,2367.51488404,73,0
8332.04388026,8332.04251835,674.38522703,674.41821862,0.01805397,2369.66817796,73,0
8335.59737116,8335.60100000,761.01803514,760.92929259,0.07565653,2373.29521973,73,0
8335.85560150,8335.85400000,767.19311307,767.23230368,0.03615442,2373.55457655,73,0
8337.06956344,8337.09600000,0.00000000,797.00000000,0.00000000,2374.77045850,73,4
8337.99177850,8337.99200000,819.65729581,819.65184593,0.09824797,2375.68573162,73,0
8303.23725042,8339.79200000,0.00000000,-1.00000000,0.00000000,2337.11080285,73,4
8341.60470988,8341.62400000,0.00000000,909.00000000,0.00000000,2379.21197899,73,4
8341.82887853,8341.84300000,0.00000000,914.57122803,0.00000000,2379.42741595,73,2
8341.94907171,8341.96600000,0.00000000,917.55975342,0.00000000,2379.54276611,73,2
8340.67673527,8342.28600000,0.00000000,885.97279650,0.02491105,2378.31599745,73,0
8342.49961443,8342.49800000,931.22015532,931.26037024,0.06626766,2380.06965784,73,0
8342.93055581,8342.93000000,0.00000000,942.00000000,0.00000000,2380.48047271,73,4
8343.49160320,8343.46200000,0.00000000,956.00000000,0.00000000,2381.01309448,73,5
8344.53128233,8344.52300000,0.00000000,982.00000000,0.00000000,2381.99351110,73,4
8345.12975651,8345.08700000,0.00000000,997.00000000,0.00000000,2382.55396783,73,4
8303.23725042,8346.54400000,0.00000000,-1.00000000,0.00000000,2337.11080285,73,4
8346.72088792,8346.72100000,0.00000000,1037.00000000,0.00000000,2384.03002594,73,4
8347.71179715,8347.70600000,0.00000000,1062.00000000,0.00000000,2384.93889895,73,4
8349.05230669,8349.05200000,1095.91857516,1095.92635030,0.04098647,2386.15547417,73,0
8350.22443442,8350.23000000,0.00000000,1125.70385742,0.00000000,2387.20731568,73,1
8350.54510716,8350.54300000,1133.80178340,1133.85544297,0.05031867,2387.49265533,73,0
8350.90357146,8350.89800000,0.00000000,1143.00000000,0.00000000,2387.81142204,73,4
8351.21928872,8351.22000000,1151.05935899,1151.04120966,0.07639566,2388.09056445,73,0
8352.11751430,8352.13100000,0.00000000,1174.00000000,0.00000000,2388.88156464,73,4
8352.94402124,8352.94300000,1195.12769486,1195.15387768,0.04638352,2389.60252427,73,0
8353.83329583,8353.82500000,0.00000000,1218.00000000,0.00000000,2390.37269440,73,4
8354.15370340,8354.15500000,0.00000000,1226.24084473,0.00000000,2390.64834580,73,2
8354.28595794,8354.29100000,0.00000000,1229.64465332,0.00000000,2390.76186739,73,2
8354.84317337,8354.86200000,0.00000000,1244.00000000,0.00000000,2391.23849031,73,4
8355.07580048,8355.11700000,0.00000000,1250.00000000,0.00000000,2391.43667225,73,4
8303.23725042,8355.68800000,0.00000000,-1.00000000,0.00000000,2337.11080285,73,4
8303.23725042,8356.01600000,0.00000000,-1.00000000,0.00000000,2337.11080285,73,4
8357.73963963,8357.76200000,0.00000000,1319.00000000,0.00000000,2393.67216832,73,4
8358.00660560,8358.00400000,1325.87315214,1325.94095829,0.03894782,2393.89260365,73,0
8359.35883886,8359.35800000,1361.17837333,1361.20029195,0.08674522,2394.99985184,73,0
8359.73332801,8359.76200000,0.00000000,1371.00000000,0.00000000,2395.30387019,73,4
8360.80191814,8360.78900000,0.00000000,1399.00000000,0.00000000,2396.16359823,73,4
8361.30007402,8361.30600000,0.00000000,1412.08410645,0.00000000,2396.56080851,73,2
8361.48985955,8361.48600000,1416.97256840,1417.07407485,0.10433083,2396.71153474,73,0
8363.29735110,8363.29900000,1464.77305507,1464.72944660,0.09378563,2398.12985231,73,0
8363.55491371,8363.55100000,1471.45423256,1471.55781869,0.08895403,2398.32994100,73,0
8364.10010954,8364.08300000,0.00000000,1486.00000000,0.00000000,2398.75054312,73,4
8364.21324408,8364.20400000,0.00000000,1489.00000000,0.00000000,2398.83747136,73,4
8365.55230007,8365.56300000,0.00000000,1524.58837891,0.00000000,2399.85710096,73,2
8365.77300093,8365.76900000,1530.36183404,1530.46846389,0.24888357,2400.02351256,73,0
8366.59761845,8366.59300000,1552.35082920,1552.47423673,0.12419971,2400.64111944,73,0
8367.25017382,8367.25100000,1569.94095795,1569.91883307,0.07607030,2401.12490889,73,0
8303.23725042,8369.51900000,0.00000000,-1.00000000,0.00000000,2337.11080285,73,4
8303.23725042,8371.14100000,0.00000000,-1.00000000,0.00000000,2337.11080285,73,4
8303.23725042,8371.24300000,0.00000000,-1.00000000,0.00000000,2337.11080285,73,4
8372.82185977,8372.82100000,1720.42816669,1720.45160722,0.03389624,2405.08630589,73,0
8373.05075687,8373.04800000,1726.61946473,1726.69468687,0.27875699,2405.24234025,73,0
8373.64742090,8373.66200000,0.00000000,1743.00000000,0.00000000,2405.64675977,73,4
8373.93695024,8373.93600000,1750.88494458,1750.91094846,0.04077913,2405.84135814,73,0
8374.42768026,8374.42600000,1764.30442466,1764.35047756,0.02438611,2406.16953102,73,0
8374.88853092,8374.88300000,0.00000000,1777.00000000,0.00000000,2406.47562880,73,4
8375.76429166,8375.76700000,0.00000000,1801.07653809,0.00000000,2407.05078143,73,2
8375.95795657,8375.96600000,0.00000000,1806.41040039,0.00000000,2407.17687596,73,2
8376.75601149,8376.76000000,0.00000000,1828.42712402,0.00000000,2407.69227928,73,2
8376.94928719,8376.96200000,0.00000000,1833.76818848,0.00000000,2407.81607885,73,2
8377.10233241,8377.12500000,0.00000000,1838.00000000,0.00000000,2407.91382548,73,4
8378.18487029,8378.18200000,1867.91695648,1867.99663705,0.16881097,2408.59802759,73,0
8378.37143839,8378.37800000,0.00000000,1873.17712402,0.00000000,2408.71465347,73,2
8381.55118978,8381.55100000,1961.98648139,1961.99181228,0.05397784,2410.64367592,73,0
8382.02485092,8382.02200000,1975.22984635,1975.31005587,0.06214404,2410.92147002,73,0
8382.78333884,8382.78400000,1996.69980030,1996.68114810,0.02587804,2411.36097939,73,0
8303.23725042,8384.17500000,0.00000000,-1.00000000,0.00000000,2337.11080285,73,4
8386.45627191,8386.47000000,0.00000000,2100.98022461,0.00000000,2413.39542756,73,2
8386.60174375,8386.59900000,2105.06180200,2105.14027906,0.08565364,2413.47276925,73,0
8388.05030514,8388.05000000,2146.66359404,2146.67236796,0.04007478,2414.22891812,73,0
8389.50741129,8389.50700000,2188.67575612,2188.68764976,0.03711288,2414.96428146,73,0
8389.87369674,8389.87300000,2199.26732237,2199.28749977,0.04022523,2415.14510376,73,0
8390.38116986,8390.39200000,0.00000000,2214.00000000,0.00000000,2415.39294609,73,4
8391.47479042,8391.47500000,2245.79821874,2245.79211451,0.05393262,2415.91605204,73,0
8391.99648571,8392.02000000,0.00000000,2261.00000000,0.00000000,2416.16026164,73,4
8393.04740134,8393.05400000,0.00000000,2291.73413086,0.00000000,2416.64190262,73,2
8393.69831153,8393.71000000,0.00000000,2310.83263812,0.14838732,2416.93318600,73,0
8394.79092158,8394.81400000,0.00000000,2343.00000000,0.00000000,2417.40990876,73,4
8395.11849914,8395.11700000,2352.62389241,2352.66816668,0.04485901,2417.54978744,73,0
8395.63686586,8395.63400000,0.00000000,2368.00000000,0.00000000,2417.76838230,73,4
8396.56496315,8396.56500000,2395.51910594,2395.51801108,0.02479466,2418.15080127,73,0
8397.24000921,8397.24000000,2415.60262892,2415.60290322,0.03941816,2418.42187872,73,0
8303.23725042,8399.07300000,0.00000000,-1.00000000,0.00000000,2337.11080285,73,4
8399.50041606,8399.50000000,2483.24232535,2483.25483627,0.04505678,2419.28503382,73,0
8401.55320181,8401.55200000,2545.19570148,2545.23213365,0.05471582,2420.00825859,73,0
8402.47287076,8402.48000000,0.00000000,2573.16821289,0.00000000,2420.31314886,73,2
8403.48560187,8403.49100000,0.00000000,2604.05712891,0.00000000,2420.63500839,73,1
8403.94997795,8403.95200000,2618.31889329,2618.25697451,0.05063423,2420.77759476,73,0
8404.90302976,8404.90300000,2647.49920845,2647.50012341,0.04281738,2421.06057563,73,0
8405.70788334,8405.71200000,2672.43045997,2672.30343230,0.05984589,2421.28934624,73,0
8408.11596334,8408.11600000,0.00000000,2747.00000000,0.00000000,2421.91598113,73,4
8408.37039589,8408.37100000,2754.95356655,2754.93470735,0.07557922,2421.97705082,73,0
8303.23725042,8410.44900000,0.00000000,-1.00000000,0.00000000,2337.11080285,73,4
8413.27702970,8413.27000000,0.00000000,2909.80731140,0.09844179,2422.95794391,73,0
8415.64151754,8415.63800000,2985.57633626,2985.68985367,0.04036827,2423.29213628,73,0
8303.23725042,8418.06200000,0.00000000,-1.00000000,0.00000000,2337.11080285,73,4
8419.09622723,8419.10000000,3098.23159880,3098.10779978,0.06693007,2423.61056680,73,0
8421.50341330,8421.51000000,0.00000000,3177.57104492,0.00000000,2423.70860314,73,1
8421.69910627,8421.69300000,0.00000000,3184.07279089,0.12062453,2423.71197323,73,0
8422.25097542,8422.24200000,0.00000000,3202.44278830,0.10000728,2423.71769545,73,0
8303.23725042,8422.66900000,0.00000000,-1.00000000,0.00000000,2337.11080285,73,4
8303.23725042,8422.98900000,0.00000000,-1.00000000,0.00000000,2337.11080285,73,4
8423.16556528,8423.17000000,0.00000000,3233.00000000,0.00000000,2423.71478519,73,4
8423.51148652,8423.49100000,0.00000000,3244.59472656,0.00000000,2423.70961964,73,3
8424.16875951,8424.16800000,3266.64970715,3266.67526880,0.05844358,2423.69360650,73,0
8425.01137849,8425.03963719,0.00000000,3295.10839844,0.00000000,2423.66106199,73,3
8303.23725042,8426.92500000,0.00000000,-1.00000000,0.00000000,2337.11080285,73,4
8303.23725042,8427.10900000,0.00000000,-1.00000000,0.00000000,2337.11080285,73,4
8303.23725042,8427.23900000,0.00000000,-1.00000000,0.00000000,2337.11080285,73,4
8429.06301236,8429.06300000,3433.56996069,3433.57038788,0.06241356,2423.31098572,73,0
8430.39628127,8430.42700000,0.00000000,3479.79956055,0.00000000,2423.12342812,73,3
8430.76224879,8430.78000000,0.00000000,3492.54858398,0.00000000,2423.06548926,73,3
8430.91538350,8430.90700000,0.00000000,3497.89095004,0.53341720,2423.04041209,73,0
8432.60099433,8432.58100000,0.00000000,3557.00000000,0.00000000,2422.73150314,73,4
8432.98138434,8432.98400000,3570.50551159,3570.41315154,0.05245825,2422.65337969,73,0
8433.98622012,8433.98000000,0.00000000,3606.00000000,0.00000000,2422.43173515,73,4
8434.07067327,8434.06900000,0.00000000,3609.00000000,0.00000000,2422.41209661,73,4
8434.26757060,8434.27600000,0.00000000,3616.00000000,0.00000000,2422.36569688,73,4
8436.30713473,8436.30600000,3688.94353968,3688.98440382,0.07842695,2421.83387693,73,0
8436.95683896,8436.96200000,0.00000000,3712.41821289,0.00000000,2421.64454353,73,2
8437.85598679,8437.87200000,0.00000000,3745.00000000,0.00000000,2421.36631110,73,4
8441.43225393,8441.43100000,3876.32839798,3876.37497157,0.09100051,2420.06785706,73,0
8443.52467443,8443.52500000,3954.64000528,3954.62774518,0.06848003,2419.16028355,73,0
8444.54068276,8444.53900000,0.00000000,3993.00000000,0.00000000,2418.67873566,73,5
8445.52004115,8445.52100000,4030.29211183,4030.25553244,0.07719256,2418.18825391,73,0
8446.72803341,8446.72700000,4076.49249649,4076.53223719,0.15162333,2417.54756251,73,0
8419.10141181,8419.10000000,0.00000000,12.00000000,0.00000000,2421.62950138,72,5
8421.50890542,8421.51000000,0.00000000,66.00000000,0.00000000,2424.51913395,72,4
8421.69647131,8421.69300000,70.14867615,70.22677033,0.07365063,2424.74326144,72,0
8422.25069653,8422.24200000,0.00000000,82.69513774,0.10093178,2425.40266781,72,0
8422.66360669,8422.66900000,0.00000000,92.00000000,0.00000000,2425.89307668,72,4
8423.15126007,8423.17000000,0.00000000,103.00000000,0.00000000,2426.47096242,72,4
8423.47924487,8423.49100000,0.00000000,110.40496063,0.00000000,2426.85884468,72,3
8424.16921836,8424.16800000,0.00000000,126.00000000,0.00000000,2427.67274005,72,4
8425.00842440,8425.03963719,0.00000000,145.00000000,0.00000000,2428.65884985,72,4
8425.27311409,8425.27000000,0.00000000,151.00000000,0.00000000,2428.96900040,72,4
8429.06360829,8429.06300000,237.29429976,237.30820866,0.03710101,2433.36388670,72,0
8429.66176936,8429.70200000,0.00000000,251.00000000,0.00000000,2434.04964763,72,4
8430.44612396,8430.42700000,0.00000000,268.97659302,0.00000000,2434.94525924,72,3
8430.79575046,8430.78000000,0.00000000,277.00000000,0.00000000,2435.34325045,72,4
8430.88285875,8430.90700000,0.00000000,279.00000000,0.00000000,2435.44229049,72,4
8432.96826710,8432.98400000,0.00000000,327.00000000,0.00000000,2437.79919804,72,4
8433.96399049,8433.98000000,0.00000000,350.00000000,0.00000000,2438.91490358,72,4
8434.09369847,8434.06900000,0.00000000,353.00000000,0.00000000,2439.05977853,72,4
8434.26658178,8434.27600000,0.00000000,357.00000000,0.00000000,2439.25271112,72,4
8436.30646318,8436.30600000,404.30279075,404.31356076,0.05256199,2441.51450119,72,0
8436.96097446,8436.96200000,419.56844387,419.54455944,0.02690053,2442.23464527,72,0
8437.83824645,8437.87200000,0.00000000,440.00000000,0.00000000,2443.19570636,72,4
8438.86543968,8438.83000000,0.00000000,464.00000000,0.00000000,2444.31438239,72,5
8441.43294810,8441.43100000,524.20359282,524.24944335,0.03576275,2447.08025876,72,0
8442.35610052,8442.33100000,0.00000000,546.00000000,0.00000000,2448.06384938,72,4
8443.51806565,8443.52500000,0.00000000,573.44982910,0.00000000,2449.29387453,72,2
8445.51231537,8445.52100000,0.00000000,620.74353027,0.00000000,2451.38353730,72,2
8418.56471594,8447.70400000,0.00000000,-1.00000000,0.00000000,2420.98075092,72,4
8448.66551660,8448.71200000,0.00000000,696.00000000,0.00000000,2454.63158202,72,4
8449.08264407,8449.03800000,0.00000000,706.00000000,0.00000000,2455.05604625,72,4
8418.56471594,8450.08900000,0.00000000,-1.00000000,0.00000000,2420.98075092,72,4
8418.56471594,8452.35400000,0.00000000,-1.00000000,0.00000000,2420.98075092,72,4
8453.39476286,8453.40800000,0.00000000,810.00000000,0.00000000,2459.37127202,72,4
8418.56471594,8455.64200000,0.00000000,-1.00000000,0.00000000,2420.98075092,72,4
8456.67942521,8456.70500000,0.00000000,890.00000000,0.00000000,2462.56749240,72,4
8457.99480561,8458.00300000,0.00000000,922.23095703,0.00000000,2463.82493202,72,2
8458.16143875,8458.16900000,0.00000000,926.32202148,0.00000000,2463.98329461,72,1
8458.39258611,8458.39700000,0.00000000,932.00000000,0.00000000,2464.20262137,72,4
8459.71812586,8459.71800000,964.62531702,964.62842089,0.01208739,2465.45251697,72,0
8460.42191386,8460.44800000,0.00000000,982.00000000,0.00000000,2466.11069848,72,4
8461.43243607,8461.43500000,0.00000000,1007.00000000,0.00000000,2467.04904106,72,4
8462.03742293,8462.03200000,0.00000000,1022.00000000,0.00000000,2467.60702366,72,4
8463.48532949,8463.51800000,0.00000000,1058.00000000,0.00000000,2468.93081114,72,4
8464.38544466,8464.38600000,1080.46608058,1080.45221486,0.06032419,2469.74543370,72,0
8465.26742223,8465.26500000,1102.43925409,1102.49988009,0.02404187,2470.53716384,72,0
8466.32409651,8466.33700000,0.00000000,1129.00000000,0.00000000,2471.47800970,72,4
8467.49178278,8467.48700000,1158.24721729,1158.36770521,0.03565062,2472.50692723,72,0
8468.09957391,8468.09600000,1173.60223487,1173.69242371,0.26115561,2473.03810445,72,0
8468.44113918,8468.44700000,0.00000000,1182.31677246,0.00000000,2473.33530757,72,2
8468.44655849,8468.63300000,0.00000000,1182.45366462,0.14041823,2473.34001496,72,0
8470.76569204,8470.76300000,1241.14686063,1241.21531254,0.08632464,2475.33170515,72,0
8471.01164237,8471.00900000,1247.40408652,1247.47132058,0.10018860,2475.54034276,72,0
8472.56101902,8472.55900000,0.00000000,1287.00000000,0.00000000,2476.84346760,72,4
8473.21917656,8473.21500000,1303.73151672,1303.83847676,0.05198809,2477.39062640,72,0
8473.63595453,8473.64300000,0.00000000,1314.51916504,0.00000000,2477.73522929,72,2
8474.52171871,8474.52100000,1337.23614713,1337.25462116,0.06329782,2478.46240651,72,0
8474.84278240,8474.84300000,1345.51681100,1345.51121238,0.00629802,2478.72434481,72,0
8418.56471594,8476.55800000,0.00000000,-1.00000000,0.00000000,2420.98075092,72,4
8476.71361205,8476.72400000,0.00000000,1393.79296875,0.00000000,2480.23321197,72,2
8476.93002068,8476.92100000,0.00000000,1399.39452934,0.27136987,2480.40574038,72,0
8478.72270253,8478.73291752,0.00000000,1445.93704695,0.02535337,2481.81892917,72,0
8480.60197065,8480.57700000,0.00000000,1495.00000000,0.00000000,2483.26936605,72,4
8481.85991156,8481.87300000,0.00000000,1528.00000000,0.00000000,2484.22225954,72,4
8484.24787465,8484.27500000,0.00000000,1591.00000000,0.00000000,2485.99077340,72,4
8485.42038022,8485.42000000,1622.08625984,1622.09636631,0.06893610,2486.83919708,72,0
8418.56471594,8485.71700000,0.00000000,-1.00000000,0.00000000,2420.98075092,72,4
8485.98021179,8486.00100000,0.00000000,1637.00000000,0.00000000,2487.24008245,72,4
8486.64692523,8486.64800000,1654.79229526,1654.76361482,0.06706318,2487.71303789,72,0
8418.56471594,8487.29600000,0.00000000,-1.00000000,0.00000000,2420.98075092,72,4
8488.26028129,8488.26400000,1698.03268069,1697.93293486,0.05924927,2488.84039316,72,0
8489.36336449,8489.35800000,0.00000000,1727.57377846,0.03892202,2489.59638504,72,0
8489.75043921,8489.74900000,0.00000000,1738.00000000,0.00000000,2489.85880875,72,4
8490.82449165,8490.82700000,0.00000000,1767.00000000,0.00000000,2490.57915361,72,4
8491.19397555,8491.17300000,0.00000000,1777.00000000,0.00000000,2490.82428303,72,4
8491.60154420,8491.60400000,1788.10174296,1788.03514599,0.05351888,2491.09284344,72,0
8493.97248709,8493.97200000,1852.57296517,1852.58627824,0.01267107,2492.62296317,72,0
8495.00985748,8495.00200000,0.00000000,1881.00000000,0.00000000,2493.27436776,72,4
8496.05282695,8496.05500000,0.00000000,1909.65966797,0.00000000,2493.91771771,72,2
8497.83969371,8497.85100000,0.00000000,1959.00000000,0.00000000,2494.99308971,72,4
8498.42925894,8498.42900000,1975.33812419,1975.34531271,0.02969205,2495.34034865,72,0
8498.70487325,8498.71800000,0.00000000,1983.00000000,0.00000000,2495.50143608,72,4
8499.29499931,8499.29400000,1999.38605862,1999.41387797,0.03290826,2495.84354784,72,0
8501.47463822,8501.48000000,0.00000000,2060.32543945,0.00000000,2497.07369733,72,2
8502.43265367,8502.43300000,2087.24318103,2087.23342983,0.04377988,2497.59734612,72,0
8503.93800104,8503.93700000,2129.70294082,2129.73127564,0.05854919,2498.39970228,72,0
8418.56471594,8505.58500000,0.00000000,-1.00000000,0.00000000,2420.98075092,72,4
8505.79518435,8505.78600000,0.00000000,2182.48887599,0.14206938,2499.35371260,72,0
8506.88477576,8506.88800000,0.00000000,2213.60351562,0.00000000,2499.89452207,72,2
8508.22329456,8508.23000000,0.00000000,2252.00000000,0.00000000,2500.53957126,72,5
8508.71991768,8508.71700000,2266.21050776,2266.29457092,0.03628162,2500.77341529,72,0
8509.99906720,8509.99500000,2303.12097070,2303.23872423,0.11322584,2501.36194936,72,0
8510.85448302,8510.85400000,2328.03370520,2328.04773427,0.06217083,2501.74435284,72,0
8512.56975986,8512.57500000,0.00000000,2378.03613281,0.00000000,2502.48360095,72,2
8512.73560198,8512.74100000,0.00000000,2382.88710539,0.40932802,2502.55311457,72,0
8514.62730376,8514.62500000,2438.37009308,2438.43800327,0.09979697,2503.32109555,72,0
8418.56471594,8515.59900000,0.00000000,-1.00000000,0.00000000,2420.98075092,72,4
8516.22230348,8516.22200000,2485.60366529,2485.61267047,0.04351363,2503.93276420,72,0
8517.21990879,8517.21700000,2515.18117375,2515.26781785,0.05702422,2504.29822978,72,0
8517.44576770,8517.40900000,0.00000000,2522.00000000,0.00000000,2504.37914881,72,4
8517.70859439,8517.72200000,0.00000000,2529.84026952,0.07109595,2504.47243191,72,0
8519.08376291,8519.10500000,0.00000000,2571.00000000,0.00000000,2504.94529407,72,4
8522.19525796,8522.17600000,0.00000000,2665.00000000,0.00000000,2505.91905715,72,4
8418.56471594,8523.58500000,0.00000000,-1.00000000,0.00000000,2420.98075092,72,4
8418.56471594,8523.84000000,0.00000000,-1.00000000,0.00000000,2420.98075092,72,4
8525.75253290,8525.74700000,0.00000000,2774.00000000,0.00000000,2506.86339467,72,4
8526.20547796,8526.22500000,0.00000000,2788.00000000,0.00000000,2506.97030742,72,4
8418.56471594,8527.23900000,0.00000000,-1.00000000,0.00000000,2420.98075092,72,4
8527.62007538,8527.62300000,0.00000000,2831.90405273,0.00000000,2507.28436463,72,3
8527.77585081,8527.77700000,2836.79016713,2836.75435779,0.19527867,2507.31708633,72,0
8528.70439982,8528.70400000,2865.73725723,2865.74976866,0.05445692,2507.50450828,72,0
8530.52693500,8530.53400000,0.00000000,2923.00000000,0.00000000,2507.83336320,72,4
8531.66825926,8531.67400000,0.00000000,2959.09814453,0.00000000,2508.01260407,72,2
8531.85428916,8531.86900000,0.00000000,2965.00000000,0.00000000,2508.03984134,72,4
8532.42066899,8532.45200000,0.00000000,2983.00000000,0.00000000,2508.11932360,72,4
8532.60871732,8532.60600000,2988.89685967,2988.98340722,0.16734989,2508.14454760,72,0
8533.45252990,8533.45200000,3015.88752929,3015.90447351,0.06645266,2508.25065036,72,0
8534.70235280,8534.73000000,0.00000000,3056.00000000,0.00000000,2508.38627155,72,4
8535.42377975,8535.42300000,3079.22040464,3079.24558152,0.05033915,2508.45262336,72,0
8536.92014038,8536.92000000,3127.71271764,3127.71728122,0.05189642,2508.56200507,72,0
8538.76275794,8538.76000000,3187.80700005,3187.89748485,0.04717031,2508.64332114,72,0
8539.46554529,8539.48800000,0.00000000,3211.00000000,0.00000000,2508.65850853,72,4
8418.56471594,8539.93500000,0.00000000,-1.00000000,0.00000000,2420.98075092,72,4
8541.13996798,8541.14000000,3266.35517597,3266.35411291,0.05193492,2508.65872783,72,0
8542.53144779,8542.53100000,3312.70725936,3312.72223357,0.06120951,2508.61963871,72,0
8543.41136996,8543.40900000,3342.13396015,3342.21357513,0.14635796,2508.57615440,72,0
8543.70215953,8543.74600000,0.00000000,3352.00000000,0.00000000,2508.55852545,72,4
8418.56471594,8544.05000000,0.00000000,-1.00000000,0.00000000,2420.98075092,72,4
8544.67904270,8544.67900000,3384.94337088,3384.94481501,0.07154762,2508.48746533,72,0
8546.02687573,8546.04192553,0.00000000,3430.69971782,0.05638252,2508.35881662,72,0
8546.27038795,8546.24900000,0.00000000,3439.00000000,0.00000000,2508.33174674,72,4
8546.76813578,8546.79200000,0.00000000,3456.00000000,0.00000000,2508.27272729,72,4
8547.71422118,8547.71900000,0.00000000,3488.43920898,0.00000000,2508.14677092,72,2
8547.89598718,8547.89200000,0.00000000,3494.69076474,0.12266352,2508.12048604,72,0
8548.94453765,8548.94400000,3530.86160639,3530.88021108,0.06933889,2507.95555831,72,0
8549.38541576,8549.42900000,0.00000000,3546.15381447,0.06361712,2507.87941797,72,0
8549.85878773,8549.86200000,3562.70654673,3562.59480002,0.05636065,2507.79312492,72,0
8551.01188707,8551.01200000,3602.83907194,3602.83511724,0.06306651,2507.56296568,72,0
8551.54166057,8551.54200000,3621.42227928,3621.41036249,0.08946104,2507.44764640,72,0
8551.70047029,8551.71600000,0.00000000,3627.00000000,0.00000000,2507.41182275,72,5
8552.49519786,8552.51900000,0.00000000,3655.00000000,0.00000000,2507.22456151,72,5
8552.83921374,8552.83900000,3667.14145605,3667.14902252,0.08093339,2507.13925957,72,0
8553.22990549,8553.22700000,0.00000000,3681.00000000,0.00000000,2507.03901762,72,4
8553.65441193,8553.65600000,3696.13117792,3696.07470261,0.10621805,2506.92629928,72,0
8553.81744059,8553.82400000,0.00000000,3701.87207031,0.00000000,2506.88194605,72,2
8555.12022541,8555.11300000,0.00000000,3748.41162109,0.00000000,2506.50567527,72,2
8556.36367110,8556.36300000,3793.15859549,3793.18283820,0.07838406,2506.10977974,72,0
8557.54877891,8557.54700000,3836.08215625,3836.14688571,0.08047389,2505.69859785,72,0
8558.04653469,8558.04400000,3854.19080136,3854.28332915,0.09353769,2505.51583629,72,0
8559.68255852,8559.68200000,3914.29544336,3914.31604551,0.06901883,2504.87198438,72,0
8560.97166539,8560.96600000,0.00000000,3962.04881465,0.22169124,2504.31742409,72,0
8561.55525937,8561.55400000,3983.76345069,3983.81047938,0.06916575,2504.05206942,72,0
8562.47629539,8562.47500000,4018.23945864,4018.28808567,0.10008663,2503.61560397,72,0
8563.92699962,8563.94000000,0.00000000,4073.00000000,0.00000000,2502.88258906,72,5
8538.76278842,8538.76000000,35.75503498,35.81671514,0.01715648,2509.09207075,71,0
8541.13969897,8541.14000000,88.53016618,88.52347552,0.00920448,2511.89286642,71,0
8542.50909209,8542.53100000,0.00000000,119.00000000,0.00000000,2513.49200068,71,4
8544.67847639,8544.67900000,167.49862931,167.48690092,0.01274880,2516.00532969,71,0
8546.03870354,8546.04192553,0.00000000,198.00000000,0.00000000,2517.56753626,71,4
8547.70860751,8547.71900000,0.00000000,235.59013367,0.00000000,2519.47137855,71,3
8547.90410634,8547.89200000,0.00000000,240.00000000,0.00000000,2519.69322780,71,4
8548.94386884,8548.94400000,263.48601687,263.48305066,0.00647575,2520.86929399,71,0
8549.38488087,8549.42900000,0.00000000,273.46440366,0.01219761,2521.36646715,71,0
8549.86005146,8549.86200000,284.26644590,284.22229594,0.03162777,2521.90050985,71,0
8551.01282356,8551.01200000,310.35623513,310.37494404,0.02388677,2523.19094106,71,0
8551.52382446,8551.54200000,0.00000000,322.00000000,0.00000000,2523.76097956,71,4
8552.84706868,8552.83900000,0.00000000,352.14430728,0.04809928,2525.22887471,71,0
8553.62899760,8553.65600000,0.00000000,370.00000000,0.00000000,2526.09139100,71,4
8553.81503615,8553.82400000,0.00000000,374.25299072,0.00000000,2526.29606493,71,2
8555.11697948,8555.11300000,403.97914439,404.07041008,0.11109013,2527.72273624,71,0
8556.33318946,8556.36300000,0.00000000,432.00000000,0.00000000,2529.04591815,71,4
8557.54669499,8557.54700000,459.95773781,459.95070157,0.09418140,2530.35733780,71,0
8558.02554153,8558.04400000,0.00000000,471.00000000,0.00000000,2530.87223564,71,4
8559.68375234,8559.68200000,509.32713263,509.36775095,0.02412141,2532.64465081,71,0
8561.55233363,8561.55400000,552.81776262,552.77895823,0.02780518,2534.62094724,71,0
8562.46281631,8562.47500000,0.00000000,574.00000000,0.00000000,2535.57577661,71,4
8563.91725128,8563.94000000,0.00000000,608.00000000,0.00000000,2537.09015639,71,4
8565.13455245,8565.13500000,636.55977036,636.54925801,0.12771081,2538.34706408,71,0
8566.98032368,8566.99100000,0.00000000,680.00000000,0.00000000,2540.23424985,71,4
8567.50292945,8567.50200000,692.30597190,692.32793132,0.02991076,2540.76401528,71,0
8537.14101602,8569.29500000,0.00000000,-1.00000000,0.00000000,2507.16338583,71,4
8570.07406513,8570.07300000,753.23823428,753.26355411,0.03577498,2543.34572336,71,0
8572.87037995,8572.87200000,0.00000000,820.00000000,0.00000000,2546.10273464,71,4
8574.03791847,8574.04000000,0.00000000,848.00000000,0.00000000,2547.23749547,71,4
8575.65830343,8575.67300000,0.00000000,887.00000000,0.00000000,2548.79638158,71,4
8576.94145597,8576.96100000,0.00000000,918.00000000,0.00000000,2550.01748037,71,4
8577.97312721,8578.00100000,0.00000000,943.00000000,0.00000000,2550.99060429,71,4
8578.98068777,8578.98000000,967.46423604,967.48097136,0.01319918,2551.93345237,71,0
8580.88782023,8580.90200000,0.00000000,1014.00000000,0.00000000,2553.69757685,71,4
8581.41905013,8581.40800000,0.00000000,1027.00000000,0.00000000,2554.18412761,71,4
8582.80483679,8582.79500000,0.00000000,1061.00000000,0.00000000,2555.44332744,71,4
8583.77991525,8583.76300000,0.00000000,1085.00000000,0.00000000,2556.32056739,71,4
8584.42853028,8584.44900000,0.00000000,1101.00000000,0.00000000,2556.90005458,71,4
8584.73413872,8584.72900000,0.00000000,1108.54858398,0.00000000,2557.17196530,71,1
8585.12466430,8585.12700000,0.00000000,1118.20385742,0.00000000,2557.51837536,71,2
8586.69911748,8586.69800000,1157.19667877,1157.22444330,0.05716984,2558.90248734,71,0
8586.95859340,8586.95700000,1163.63393200,1163.67354823,0.06123008,2559.12879599,71,0
8588.32049813,8588.31900000,1197.55746403,1197.59484918,0.01489132,2560.30769905,71,0
8589.08329449,8589.07900000,1216.55980539,1216.66721567,0.10162735,2560.96209063,71,0
8589.45754429,8589.45500000,1225.95479388,1226.01850161,0.08134374,2561.28071923,71,0
8590.02058482,8590.02100000,1240.13798259,1240.12757097,0.04808366,2561.75869168,71,0
8590.53462776,8590.54900000,0.00000000,1253.04276086,0.08870751,2562.19329852,71,0
8591.79946799,8591.79900000,1284.84175367,1284.85355298,0.03912659,2563.25184866,71,0
8592.63445145,8592.63500000,0.00000000,1305.93713379,0.00000000,2563.94409724,71,2
8592.83505186,8592.84400000,0.00000000,1311.00695801,0.00000000,2564.10944694,71,2
8593.19059852,8593.17100000,0.00000000,1320.00000000,0.00000000,2564.40169089,71,4
8594.33940008,8594.34600000,0.00000000,1349.12074592,0.11303810,2565.33871844,71,0
8594.98732591,8595.04300000,0.00000000,1365.58792830,0.03034771,2565.86229655,71,0
8596.44190966,8596.44300000,1402.69320029,1402.66534100,0.02431945,2567.02453730,71,0
8596.82442771,8596.82200000,1412.38164846,1412.44373743,0.03032860,2567.32721181,71,0
8597.34787088,8597.34600000,1425.79189711,1425.83981037,0.06306575,2567.73926161,71,0
8598.85778963,8598.85900000,1464.63086854,1464.59972161,0.02098640,2568.91451696,71,0
8599.56549119,8599.56100000,0.00000000,1482.84558105,0.00000000,2569.45902864,71,2
8599.98375536,8599.98400000,1493.63312087,1493.62680302,0.05952616,2569.77814614,71,0
8601.39870528,8601.39500000,1530.15488218,1530.25096678,0.08782589,2570.84762296,71,0
8601.78050769,8601.77200000,0.00000000,1540.15868509,0.04435074,2571.13307115,71,0
8602.32160750,8602.32000000,1554.16371808,1554.20552416,0.06402810,2571.53494449,71,0
8602.99119446,8602.98900000,1571.58113753,1571.63833033,0.02547674,2572.02907972,71,0
8603.85650634,8603.85700000,1594.23176403,1594.21886569,0.04043533,2572.66153874,71,0
8604.32708089,8604.33600000,0.00000000,1606.53356934,0.00000000,2573.00285180,71,2
8604.32605524,8604.46800000,0.00000000,1606.50673097,23.48614272,2573.00211072,71,0
8605.45117850,8605.48600000,0.00000000,1636.00000000,0.00000000,2573.80919697,71,4
8537.14101602,8606.63400000,0.00000000,-1.00000000,0.00000000,2507.16338583,71,4
8607.34954681,8607.34500000,0.00000000,1686.00000000,0.00000000,2575.14405444,71,4
8537.14101602,8610.31500000,0.00000000,-1.00000000,0.00000000,2507.16338583,71,4
8612.02824922,8612.03100000,1810.60081748,1810.52703240,0.02262387,2578.28592096,71,0
8612.29420183,8612.29700000,0.00000000,1817.67211914,0.00000000,2578.45828711,71,1
8612.45538074,8612.46900000,0.00000000,1822.00000000,0.00000000,2578.56227443,71,4
8613.49039590,8613.49100000,1849.85383370,1849.83755375,0.05384074,2579.22361052,71,0
8614.31300862,8614.31100000,1871.98304874,1872.03733234,0.07143525,2579.74167473,71,0
8615.14352109,8615.14300000,1894.50120156,1894.51532579,0.01781102,2580.25779211,71,0
8615.34555812,8615.35200000,0.00000000,1900.00000000,0.00000000,2580.38243701,71,4
8615.53093072,8615.52900000,1904.97091347,1905.02331638,0.08878702,2580.49615354,71,0
8617.25685524,8617.24200000,0.00000000,1952.00000000,0.00000000,2581.53907514,71,4
8617.95545956,8617.95600000,1971.10322464,1971.08843517,0.08174594,2581.95225997,71,0
8618.58329899,8618.58500000,1988.33523014,1988.28858098,0.02944103,2582.31932837,71,0
8619.48313984,8619.53400000,0.00000000,2013.00000000,0.00000000,2582.83799650,71,4
8619.62852874,8619.61800000,0.00000000,2017.00000000,0.00000000,2582.92098808,71,4
8619.84647425,8619.87400000,0.00000000,2023.00000000,0.00000000,2583.04497163,71,4
8620.82849063,8620.82800000,2050.06427229,2050.07782633,0.06174708,2583.59698554,71,0
8621.33968285,8621.34700000,0.00000000,2064.23095703,0.00000000,2583.88061511,71,2
8623.77699912,8623.80500000,0.00000000,2132.00000000,0.00000000,2585.19211832,71,4
8624.35895004,8624.35900000,2148.25781215,2148.25641404,0.04171269,2585.49526152,71,0
8626.17036797,8626.18000000,0.00000000,2199.12679770,0.03668138,2586.41523853,71,0
8626.66241948,8626.67100000,0.00000000,2213.00000000,0.00000000,2586.65860245,71,4
8627.18028148,8627.17900000,2227.59214601,2227.62838596,0.04002506,2586.91172010,71,0
8627.73690539,8627.74100000,2243.49675359,2243.38074381,0.18840025,2587.18027667,71,0
8627.95993229,8627.96100000,2249.73487994,2249.70460802,0.07514179,2587.28692067,71,0
8628.34252051,8628.34300000,2260.57288469,2260.55927120,0.01843819,2587.46840922,71,0
8628.69898430,8628.69500000,2270.57389541,2270.68718253,0.04892532,2587.63596704,71,0
8629.65779039,8629.66400000,0.00000000,2298.00000000,0.00000000,2588.07927364,71,4
8537.14101602,8630.83100000,0.00000000,-1.00000000,0.00000000,2507.16338583,71,4
8631.12553925,8631.12100000,0.00000000,2340.00000000,0.00000000,2588.73660267,71,4
8633.51913460,8633.54100000,0.00000000,2409.00000000,0.00000000,2589.75245924,71,4
8634.31839870,8634.32500000,0.00000000,2432.18286133,0.00000000,2590.07591597,71,2
8634.51223945,8634.52000000,0.00000000,2437.81616211,0.00000000,2590.15315875,71,2
8635.95206632,8635.95700000,0.00000000,2479.79418945,0.00000000,2590.71207480,71,2
8636.09587370,8636.12000000,0.00000000,2484.00000000,0.00000000,2590.76645266,71,4
8637.84503550,8637.85000000,0.00000000,2535.34960938,0.00000000,2591.40658249,71,2
8639.86475918,8639.86600000,2595.12264137,2595.08578883,0.09660323,2592.09599330,71,0
8640.04661798,8640.05200000,0.00000000,2600.49755859,0.00000000,2592.15551655,71,2
8641.72176277,8641.72200000,2650.45506385,2650.44796390,0.05627727,2592.68192672,71,0
8642.44025687,8642.42200000,0.00000000,2672.00000000,0.00000000,2592.89625535,71,4
8642.73986041,8642.74500000,0.00000000,2681.00000000,0.00000000,2592.98347529,71,4
8643.49609422,8643.50000000,2703.88231072,2703.76453314,0.09761971,2593.19808957,71,0
8644.21775158,8644.22100000,2725.65724717,2725.55899204,0.05952551,2593.39550557,71,0
8644.53294628,8644.53200000,2735.06545596,2735.09412100,0.07188566,2593.47939975,71,0
8645.34077001,8645.34100000,2759.61278628,2759.60579638,0.04203968,2593.68815142,71,0
8646.04344063,8646.03400000,0.00000000,2781.00000000,0.00000000,2593.86222302,71,4
8646.15571666,8646.14900000,0.00000000,2784.42355514,0.05591691,2593.88937539,71,0
8646.77735297,8646.76100000,0.00000000,2803.40888200,0.04669857,2594.03643033,71,0
8647.04684081,8647.04700000,2811.65444033,2811.64956560,0.04591348,2594.09840540,71,0
8647.88116911,8647.88100000,2837.23988020,2837.24507794,0.06027215,2594.28374348,71,0
8648.29281243,8648.29200000,2849.88367038,2849.90868667,0.06592071,2594.37143986,71,0
8648.77779697,8648.77500000,2864.76574333,2864.85203532,0.07909727,2594.47151862,71,0
8650.54588231,8650.54400000,2919.56092307,2919.61944020,0.03648064,2594.80682579,71,0
8651.90027534,8651.89600000,0.00000000,2961.86842651,0.04947277,2595.03173665,71,0
8652.90831714,8652.92900000,0.00000000,2993.48212288,0.06072481,2595.18083205,71,0
8653.46488725,8653.47800000,0.00000000,3011.00000000,0.00000000,2595.25638092,71,4
8655.18035961,8655.18100000,3065.29405381,3065.27370255,0.05226112,2595.45848971,71,0
8657.70139771,8657.69800000,3145.73952211,3145.84877057,0.11184240,2595.66961358,71,0
8658.98698543,8658.80700000,0.00000000,3187.31966157,0.23858385,2595.73695446,71,0
8660.50962369,8660.51000000,3236.78046559,3236.76819900,0.06678888,2595.78063750,71,0
8537.14101602,8661.93700000,0.00000000,-1.00000000,0.00000000,2507.16338583,71,4
8664.53896031,8664.53300000,0.00000000,3369.47107348,0.07861324,2595.70170689,71,0
8665.54093052,8665.54100000,3402.89323800,3402.89091370,0.07911072,2595.63693346,71,0
8666.40453714,8666.40500000,3431.86303939,3431.84748488,0.04975642,2595.56625289,71,0
8667.38852703,8667.37100000,0.00000000,3465.00000000,0.00000000,2595.46876265,71,5
8668.06820887,8668.10900000,0.00000000,3488.00000000,0.00000000,2595.39075169,71,4
8537.14101602,8670.37900000,0.00000000,-1.00000000,0.00000000,2507.16338583,71,4
8672.76182328,8672.76300000,3649.20901953,3649.16807367,0.08154165,2594.60661452,71,0
8673.90235850,8673.87600000,0.00000000,3689.00000000,0.00000000,2594.34903959,71,4
8674.32512687,8674.35000000,0.00000000,3703.82421875,0.00000000,2594.24675182,71,3
8674.97427235,8674.97500000,3726.68865255,3726.66300609,0.09031846,2594.08235184,71,0
8675.55502473,8675.55500000,3747.16574498,3747.16661969,0.09628500,2593.92773282,71,0
8675.86136919,8675.89800000,0.00000000,3758.00000000,0.00000000,2593.84335587,71,4
8676.21471688,8676.22600000,0.00000000,3770.53012507,0.04908701,2593.74345327,71,0
8677.81867658,8677.81800000,3827.72068974,3827.74493450,0.04674088,2593.25584337,71,0
8537.14101602,8678.48400000,0.00000000,-1.00000000,0.00000000,2507.16338583,71,4
8679.14170346,8679.14500000,3875.46735754,3875.34824892,0.04361703,2592.81094150,71,0
8680.04286810,8680.05100000,0.00000000,3908.00000000,0.00000000,2592.48525231,71,4
8680.79241007,8680.81300000,0.00000000,3935.29604748,0.04523040,2592.20019981,71,0
8681.60408969,8681.62700000,0.00000000,3965.00000000,0.00000000,2591.87680166,71,4
8683.93846037,8683.93700000,4051.25940325,4051.31381386,0.06164597,2590.85927292,71,0
8660.48357021,8660.51000000,0.00000000,30.00000000,0.00000000,2597.24774062,70,4
8661.94921342,8661.93700000,0.00000000,62.00000000,0.00000000,2598.97293506,70,4
8664.53420182,8664.53300000,118.66288280,118.68930752,0.06346607,2601.98681451,70,0
8665.54817745,8665.54100000,0.00000000,141.00000000,0.00000000,2603.15811726,70,4
8666.36433748,8666.40500000,0.00000000,159.00000000,0.00000000,2604.09700451,70,4
8672.76620680,8672.76300000,301.22626721,301.29804096,0.04338571,2611.32763005,70,0
8673.86803232,8673.87600000,0.00000000,326.00000000,0.00000000,2612.54819232,70,4
8674.34542023,8674.35000000,0.00000000,336.71875000,0.00000000,2613.07463958,70,3
8674.98067897,8674.97500000,0.00000000,351.00000000,0.00000000,2613.77306550,70,4
8675.54982544,8675.55500000,363.93245411,363.81589314,0.04758652,2614.39691835,70,0
8675.90760455,8675.89800000,0.00000000,371.87494638,0.09142195,2614.78780822,70,0
8676.20943049,8676.22600000,0.00000000,378.68170879,0.03756858,2615.11711050,70,0
8677.81864155,8677.81800000,415.03286269,415.04738967,0.03995800,2616.86328996,70,0
8678.48698792,8678.48400000,430.12540408,430.19316883,0.10805770,2617.58401874,70,0
8679.13930695,8679.14500000,0.00000000,445.00000000,0.00000000,2618.28490797,70,4
8680.79229265,8680.81300000,0.00000000,482.61318475,0.01152415,2620.04885982,70,0
8683.91212240,8683.93700000,0.00000000,554.00000000,0.00000000,2623.33167728,70,4
8685.30321240,8685.29000000,0.00000000,586.00000000,0.00000000,2624.77561654,70,4
8685.73698603,8685.72600000,0.00000000,596.00000000,0.00000000,2625.22334305,70,4
8686.94021510,8686.94200000,623.83409331,623.79280515,0.03843397,2626.45893963,70,0
8687.48737256,8687.48600000,636.42657758,636.45837072,0.01481584,2627.01774516,70,0
8688.29637298,8688.28500000,0.00000000,655.21496582,0.00000000,2627.84037436,70,1
8688.50250344,8688.50600000,0.00000000,660.00000000,0.00000000,2628.04929817,70,4
8690.77875597,8690.81600000,0.00000000,713.00000000,0.00000000,2630.33786608,70,4
8691.22933492,8691.22700000,723.46592506,723.52050139,0.21428718,2630.78658157,70,0
8692.70149182,8692.72400000,0.00000000,758.00000000,0.00000000,2632.24426992,70,4
8659.10543367,8693.67000000,0.00000000,-1.00000000,0.00000000,2595.61468097,70,4
8695.46264845,8695.41300000,0.00000000,823.00000000,0.00000000,2634.93847830,70,4
8695.78309435,8695.78300000,830.55390950,830.55613979,0.02651222,2635.24711680,70,0
8697.13156323,8697.13100000,0.00000000,862.50726318,0.00000000,2636.54170324,70,2
8659.10543367,8697.34100000,0.00000000,-1.00000000,0.00000000,2595.61468097,70,4
8698.28877875,8698.29900000,0.00000000,890.00000000,0.00000000,2637.64206785,70,4
8698.41484672,8698.42300000,0.00000000,893.00000000,0.00000000,2637.76137951,70,4
8699.33809957,8699.36200000,0.00000000,915.00000000,0.00000000,2638.63176444,70,4
8699.70028077,8699.70300000,923.70593457,923.64097895,0.04804406,2638.97142872,70,0
8700.21734037,8700.25000000,0.00000000,936.00000000,0.00000000,2639.45508928,70,4
8700.67149015,8700.67000000,946.82917601,946.86484843,0.04784066,2639.87818221,70,0
8701.35183887,8701.35200000,963.17022441,963.16636009,0.05994959,2640.50931150,70,0
8702.77598586,8702.78000000,997.48045048,997.38382282,0.05709486,2641.81973266,70,0
8703.81010289,8703.80900000,1022.28870431,1022.31532304,0.24190587,2642.76229940,70,0
8704.48489100,8704.48300000,0.00000000,1038.61462402,0.00000000,2643.37294265,70,2
8706.02778517,8706.03400000,0.00000000,1076.00000000,0.00000000,2644.75692603,70,4
8706.27481277,8706.28700000,0.00000000,1082.00000000,0.00000000,2644.97688500,70,4
8707.42544045,8707.42400000,0.00000000,1110.00000000,0.00000000,2645.99547271,70,4
8707.86246935,8707.86400000,1120.68389938,1120.64655519,0.03468771,2646.37936610,70,0
8709.56547924,8709.56400000,1162.26170965,1162.29797315,0.03626326,2647.86319310,70,0
8710.04347147,8710.04500000,1174.06054696,1174.02302993,0.05002011,2648.27571515,70,0
8710.32192444,8710.31900000,1180.79971765,1180.87155893,0.11741720,2648.51561360,70,0
8711.29357711,8711.29400000,1204.76874196,1204.75832596,0.03142012,2649.34627126,70,0
8711.88199369,8711.87100000,0.00000000,1219.28057224,0.08933514,2649.84666352,70,0
8712.38647637,8712.38700000,1231.73356463,1231.72062664,0.02811150,2650.27253452,70,0
8713.16532541,8713.15700000,0.00000000,1251.00000000,0.00000000,2650.92748252,70,4
8714.25408863,8714.26100000,0.00000000,1278.00000000,0.00000000,2651.83437558,70,4
8714.60715857,8714.60900000,1286.80711622,1286.76132096,0.05655463,2652.12606516,70,0
8715.09859755,8715.09400000,0.00000000,1299.00000000,0.00000000,2652.53140075,70,4
8716.78155495,8716.81344732,0.00000000,1341.00000000,0.00000000,2653.90357445,70,4
8717.73961414,8717.73000000,0.00000000,1365.00000000,0.00000000,2654.67458062,70,4
8718.01212234,8718.02000000,0.00000000,1371.83862305,0.00000000,2654.89253027,70,2
8659.10543367,8718.46200000,0.00000000,-1.00000000,0.00000000,2595.61468097,70,4
8718.62206150,8718.62800000,0.00000000,1387.16467285,0.00000000,2655.37817060,70,2
8720.23695682,8720.24800000,0.00000000,1427.87402344,0.00000000,2656.64929097,70,2
8720.45515407,8720.45600000,1433.39997691,1433.37859445,0.15614496,2656.81906584,70,0
8720.99718946,8721.00600000,0.00000000,1447.10522461,0.00000000,2657.24024941,70,2
8721.26195736,8721.25900000,1453.72289303,1453.79783779,0.08844078,2657.44447476,70,0
8722.87121616,8722.87200000,1494.70424766,1494.68428312,0.02861344,2658.67606174,70,0
8723.10694628,8723.11700000,0.00000000,1500.70166016,0.00000000,2658.85498754,70,2
8724.68453167,8724.70200000,0.00000000,1541.00000000,0.00000000,2660.03784412,70,4
8724.99125692,8724.99800000,0.00000000,1548.85735036,0.04644184,2660.26535356,70,0
8725.73733215,8725.77200000,0.00000000,1568.00000000,0.00000000,2660.81536276,70,5
8659.10543367,8726.58200000,0.00000000,-1.00000000,0.00000000,2595.61468097,70,4
8659.10543367,8728.09800000,0.00000000,-1.00000000,0.00000000,2595.61468097,70,4
8729.26089001,8729.28400000,0.00000000,1659.00000000,0.00000000,2663.34727869,70,4
8729.53878936,8729.54500000,0.00000000,1666.21936035,0.00000000,2663.54229464,70,2
8729.68422378,8729.67500000,0.00000000,1670.00000000,0.00000000,2663.64407767,70,4
8731.12778163,8731.12800000,1707.61394269,1707.60823952,0.02121342,2664.64373391,70,0
8732.51908601,8732.52100000,1744.07974530,1744.02952796,0.05180804,2665.58960229,70,0
8734.25606363,8734.26000000,0.00000000,1789.73657227,0.00000000,2666.74566754,70,2
8659.10543367,8734.54600000,0.00000000,-1.00000000,0.00000000,2595.61468097,70,4
8735.24998656,8735.28800000,0.00000000,1816.00000000,0.00000000,2667.39436091,70,4
8737.46153405,8737.46100000,1874.71935687,1874.73359453,0.03199713,2668.80389205,70,0
8738.40177633,8738.41200000,0.00000000,1899.84887695,0.00000000,2669.38926568,70,2
8738.54372874,8738.53500000,0.00000000,1903.64587402,0.00000000,2669.47685909,70,2
8738.72222300,8738.72600000,0.00000000,1908.42285156,0.00000000,2669.58672215,70,2
8659.10543367,8739.89900000,0.00000000,-1.00000000,0.00000000,2595.61468097,70,4
8740.11923724,8740.12800000,0.00000000,1945.90917969,0.00000000,2670.43578963,70,1
8741.20497096,8741.20500000,1975.16263582,1975.16185185,0.08179565,2671.08227140,70,0
8741.50488922,8741.53100000,0.00000000,1983.26507102,0.23853076,2671.25885675,70,0
8742.04966990,8742.05000000,0.00000000,1998.00000000,0.00000000,2671.57718646,70,4
8742.89800676,8742.90400000,0.00000000,2021.00000000,0.00000000,2672.06691875,70,4
8743.03074800,8743.03400000,2024.69144021,2024.60310355,0.14595117,2672.14284848,70,0
8743.30338199,8743.30200000,2031.96914895,2032.00670939,0.07528867,2672.29819611,70,0
8743.85402906,8743.88900000,0.00000000,2047.00000000,0.00000000,2672.61002787,70,4
8745.40566697,8745.40400000,2089.31987817,2089.36554094,0.01235364,2673.47111974,70,0
8746.24047699,8746.24100000,2112.28076642,2112.26639864,0.05463203,2673.92426595,70,0
8747.32694388,8747.32800000,2142.19731057,2142.16819014,0.06155711,2674.50292669,70,0
8747.55805384,8747.55800000,2148.54168318,2148.54316899,0.17593234,2674.62438917,70,0
8748.37014926,8748.38200000,0.00000000,2171.00000000,0.00000000,2675.04692173,70,4
8750.20027242,8750.20000000,2221.81012966,2221.81772147,0.04575103,2675.97237615,70,0
8751.25913250,8751.25900000,2251.37294348,2251.37664885,0.02289522,2676.49109358,70,0
8752.31626323,8752.30400000,0.00000000,2281.00000000,0.00000000,2676.99648618,70,4
8754.21127969,8754.21200000,2334.41281756,2334.39245360,0.02124753,2677.87084398,70,0
8755.11534683,8755.12300000,0.00000000,2360.00000000,0.00000000,2678.27351068,70,4
8756.10040617,8756.09100000,0.00000000,2388.00000000,0.00000000,2678.70141693,70,4
8757.15478577,8757.16100000,0.00000000,2418.08691406,0.00000000,2679.14679947,70,2
8757.34440266,8757.34100000,2423.41045966,2423.50782091,0.11808730,2679.22545824,70,0
8758.10101061,8758.10300000,0.00000000,2445.19140625,0.00000000,2679.53524363,70,2
8659.10543367,8760.16600000,0.00000000,-1.00000000,0.00000000,2595.61468097,70,4
8761.63841435,8761.63900000,2547.42387426,2547.40683552,0.20995442,2680.89104540,70,0
8761.85148726,8761.84800000,2553.50710930,2553.60866755,0.09071545,2680.96775734,70,0
8762.33851809,8762.33400000,2567.67438240,2567.80621744,0.03522644,2681.14097898,70,0
8766.61729789,8766.61300000,2693.62131313,2693.74893165,0.09221218,2682.53181244,70,0
8767.00529292,8767.00500000,2705.26102619,2705.26973887,0.15367550,2682.64595658,70,0
8767.97382513,8767.97000000,2734.02900744,2734.14323406,0.06582497,2682.92238481,70,0
8768.62998951,8768.63100000,2753.79225181,2753.76199090,0.07056968,2683.10234553,70,0
8769.67061818,8769.62600000,0.00000000,2785.00000000,0.00000000,2683.37575214,70,4
8770.59967810,8770.56900000,0.00000000,2813.00000000,0.00000000,2683.60710028,70,4
8771.03739471,8771.04400000,0.00000000,2826.23071289,0.00000000,2683.71190545,70,2
8771.64316150,8771.64300000,2844.57497918,2844.57987899,0.04227429,2683.85246125,70,0
8772.36019224,8772.36200000,2866.42447891,2866.36945665,0.04909944,2684.01213313,70,0
8776.50837092,8776.51100000,2993.83947163,2993.75797495,0.08273733,2684.78827410,70,0
8777.28886212,8777.28400000,0.00000000,3018.00000000,0.00000000,2684.90551916,70,4
8777.56580718,8777.56600000,3026.61255056,3026.60654452,0.06646860,2684.94480049,70,0
8778.81477233,8778.81500000,3065.63542062,3065.62828578,0.05606262,2685.10748898,70,0
8779.49707752,8779.49700000,3087.04217901,3087.04461580,0.07457867,2685.18604122,70,0
8780.10471238,8780.10500000,3106.17784077,3106.16877733,0.06966292,2685.24975319,70,0
8783.45495987,8783.45300000,3212.54074187,3212.60352501,0.10375245,2685.49338685,70,0
8784.56047319,8784.56700000,0.00000000,3248.11381559,0.06337367,2685.53279294,70,0
8784.92141071,8784.92200000,3259.75620597,3259.73720139,0.06361599,2685.54113654,70,0
8785.83084109,8785.83700000,0.00000000,3289.15039062,0.00000000,2685.55221108,70,2
8787.66022089,8787.66100000,3348.71650830,3348.69102811,0.05953911,2685.53055608,70,0
8787.88807373,8787.88600000,3356.07930784,3356.14720780,0.16329476,2685.52368539,70,0
8788.15250842,8788.15400000,3364.86052751,3364.81162069,0.07391226,2685.51453806,70,0
8788.49065412,8788.49000000,3375.88722944,3375.90871494,0.12849098,2685.50099577,70,0
8789.11687009,8789.11700000,3396.51574863,3396.51146741,0.05560274,2685.47041195,70,0
8789.75431481,8789.75200000,3417.47673134,3417.55325496,0.06420537,2685.43187367,70,0
8790.49221433,8790.53100000,0.00000000,3442.00000000,0.00000000,2685.37782827,70,4
8792.92924468,8792.92600000,3523.28335728,3523.39243619,0.05066782,2685.12602331,70,0
8794.36582663,8794.36500000,3571.84078062,3571.86878142,0.06823341,2684.92348405,70,0
8794.75834506,8794.75800000,3585.16940488,3585.18112203,0.07042412,2684.86098975,70,0
8796.67791373,8796.67700000,3650.66599237,3650.69735304,0.06007634,2684.51023372,70,0
8797.50016128,8797.50200000,0.00000000,3679.00000000,0.00000000,2684.33648727,70,4
8797.78653237,8797.79100000,0.00000000,3688.88109547,0.12355366,2684.27266887,70,0
8798.55744865,8798.59000000,0.00000000,3715.56135649,0.03170833,2684.09217864,70,0
8800.15058566,8800.14700000,3770.94465474,3771.07017465,0.20703193,2683.67842135,70,0
8800.75880510,8800.75800000,3792.38489735,3792.41317626,0.07344064,2683.50557357,70,0
8801.50391191,8801.51900000,0.00000000,3818.63685081,0.04411168,2683.28272854,70,0
8803.20389699,8803.18633222,0.00000000,3878.92827173,0.03012496,2682.72656268,70,0
8804.90514291,8804.90500000,3939.88517450,3939.89032177,0.06559714,2682.10205072,70,0
8805.50225706,8805.50500000,3961.53724309,3961.43806956,0.08984894,2681.86634356,70,0
8806.51033728,8806.52800000,0.00000000,3998.00000000,0.00000000,2681.44849851,70,4
8784.93182234,8784.92200000,0.00000000,7.00000000,0.00000000,2686.98305426,69,4
8785.83769182,8785.83700000,26.44239424,26.45725995,0.01097819,2688.04388642,69,0
8786.65393281,8786.66700000,0.00000000,44.00000000,0.00000000,2688.99496691,69,4
8787.67499136,8787.66100000,0.00000000,66.00000000,0.00000000,2690.18050148,69,4
8788.13839361,8788.15400000,0.00000000,76.00000000,0.00000000,2690.71673384,69,4
8789.11753635,8789.11700000,97.16072461,97.17232606,0.02604534,2691.84660349,69,0
8789.75401439,8789.75200000,110.90592103,110.94955655,0.04465694,2692.57784844,69,0
8792.93007377,8792.92600000,179.89304638,179.98189013,0.02408825,2696.19455773,69,0
8794.36674856,8794.36500000,211.31946606,211.35771299,0.01736199,2697.81233581,69,0
8794.75810005,8794.75800000,219.91920283,219.92139297,0.02497667,2698.25106255,69,0
8796.66732458,8796.67700000,0.00000000,261.80969238,0.00000000,2700.37957595,69,2
8796.90334049,8796.90500000,0.00000000,267.00000000,0.00000000,2700.64129658,69,4
8798.55753800,8798.59000000,0.00000000,303.45320691,0.02618503,2702.46689822,69,0
8800.11969688,8800.14700000,0.00000000,338.00000000,0.00000000,2704.17675415,69,4
8800.75122455,8800.75800000,0.00000000,352.00000000,0.00000000,2704.86405252,69,4
8801.51688984,8801.51900000,0.00000000,369.00000000,0.00000000,2705.69427454,69,4
8803.20331737,8803.18633222,0.00000000,406.54633706,0.00777573,2707.51098830,69,0
8804.90431891,8804.90500000,444.57620198,444.56094865,0.01217871,2709.32662978,69,0
8806.52860455,8806.52800000,0.00000000,481.00000000,0.00000000,2711.04460949,69,4
8810.60283221,8810.61100000,0.00000000,573.00000000,0.00000000,2715.28451417,69,4
8810.82315591,8810.86400000,0.00000000,578.00000000,0.00000000,2715.51093890,69,4
8811.23698062,8811.23300000,587.30835230,587.39879764,0.03160691,2715.93544557,69,0
8811.86313332,8811.86400000,601.65847054,601.63875267,0.02125464,2716.57582908,69,0
8812.09879058,8812.11900000,0.00000000,607.00000000,0.00000000,2716.81606157,69,4
8812.42216359,8812.42200000,614.36207715,614.36580401,0.03617810,2717.14534245,69,0
8813.65125046,8813.65200000,642.42869631,642.41156790,0.03593583,2718.39090142,69,0
8814.44375900,8814.44400000,660.54170052,660.53618454,0.04976345,2719.18893793,69,0
8815.42366090,8815.38900000,0.00000000,683.00000000,0.00000000,2720.17050567,69,4
8815.87320734,8815.88700000,0.00000000,693.32218429,0.09095729,2720.61874545,69,0
8816.42467953,8816.44300000,0.00000000,706.00000000,0.00000000,2721.16687167,69,4
8816.82943762,8816.83600000,0.00000000,715.31575277,0.04175666,2721.56794793,69,0
8817.72375486,8817.72300000,735.90599514,735.92341014,0.03640281,2722.45009174,69,0
8818.99037492,8818.99000000,765.18312559,765.19180410,0.03363413,2723.69092578,69,0
8819.45638788,8819.45800000,0.00000000,776.00000000,0.00000000,2724.14556516,69,4
8823.78018361,8823.78100000,876.74282218,876.72369662,0.02825948,2728.28975389,69,0
8825.94437128,8825.94500000,927.59069863,927.57588573,0.04130216,2730.31843934,69,0
8826.34414852,8826.36600000,0.00000000,937.00000000,0.00000000,2730.68971765,69,4
8826.67657191,8826.67800000,944.87388213,944.84018199,0.02995929,2730.99747807,69,0
8826.89511056,8826.90049581,0.00000000,950.00000000,0.00000000,2731.19946965,69,4
8828.71198410,8828.72200000,0.00000000,993.00000000,0.00000000,2732.86571464,69,4
8829.16339219,8829.16500000,1003.75691755,1003.71873132,0.03592225,2733.27631620,69,0
8830.43059983,8830.43300000,1033.92043110,1033.86323860,0.04432882,2734.42090269,69,0
8830.92851531,8830.92900000,1045.74748613,1045.73592114,0.03775232,2734.86759523,69,0
8831.06537796,8831.07800000,0.00000000,1049.00000000,0.00000000,2734.98999414,69,4
8831.86056564,8831.88300000,0.00000000,1068.00000000,0.00000000,2735.69898310,69,4
8832.15400714,8832.16000000,0.00000000,1075.02148438,0.00000000,2735.95948498,69,2
8832.38088467,8832.37700000,1080.35870865,1080.45175262,0.15127836,2736.16039424,69,0
8833.64733431,8833.64500000,1110.77283503,1110.82892167,0.06097686,2737.27532314,69,0
8835.48039542,8835.49700000,0.00000000,1155.00000000,0.00000000,2738.86938519,69,4
8836.18026226,8836.17800000,1171.85111592,1171.90585042,0.05262485,2739.47097922,69,0
8837.15428120,8837.15900000,1195.62985961,1195.51537679,0.09238598,2740.30323988,69,0
8837.48068264,8837.49100000,0.00000000,1203.44005379,0.09843519,2740.58053364,69,0
8838.21337083,8838.22200000,0.00000000,1221.24938965,0.00000000,2741.19992643,69,2
8839.64969975,8839.64900000,1256.23264588,1256.24973820,0.03995413,2742.40197625,69,0
8840.44855567,8840.47500000,0.00000000,1275.80208419,0.01735993,2743.06469199,69,0
8840.67803570,8840.68400000,0.00000000,1281.42199707,0.00000000,2743.25401019,69,1
8841.61659983,8841.62400000,0.00000000,1304.44470215,0.00000000,2744.02414379,69,2
8841.78390714,8841.79700000,0.00000000,1308.55505371,0.00000000,2744.16072052,69,2
8842.33218629,8842.33300000,1322.05258341,1322.03255771,0.04223675,2744.60659151,69,0
8842.98248746,8842.99300000,0.00000000,1338.05798340,0.00000000,2745.13285940,69,1
8844.96099403,8844.98000000,0.00000000,1386.97824893,0.04406278,2746.71320694,69,0
8845.72545901,8845.72500000,1405.93687473,1405.94828167,0.06318801,2747.31541712,69,0
8846.93154463,8846.93000000,1435.92750380,1435.96601035,0.04131109,2748.25622861,69,0
8847.36105870,8847.36000000,1446.65421469,1446.68064293,0.02933697,2748.58845070,69,0
8848.60936777,8848.61000000,1477.92019016,1477.90434522,0.04287413,2749.54580096,69,0
8849.25105347,8849.25100000,1494.00058627,1494.00192898,0.05564368,2750.03309601,69,0
8850.17434443,8850.18300000,0.00000000,1517.22656250,0.00000000,2750.72861607,69,2
8850.36390390,8850.39200000,0.00000000,1522.00000000,0.00000000,2750.87046817,69,4
8850.88086913,8850.88100000,1535.02203077,1535.01872958,0.06573535,2751.25543812,69,0
8852.61922303,8852.63200000,0.00000000,1579.00000000,0.00000000,2752.53534388,69,4
8853.99637695,8854.00500000,0.00000000,1613.99584961,0.00000000,2753.53100857,69,2
8784.60533029,8854.72700000,0.00000000,-1.00000000,0.00000000,2686.59987396,69,4
8784.60533029,8854.89000000,0.00000000,-1.00000000,0.00000000,2686.59987396,69,4
8855.51777759,8855.52500000,0.00000000,1652.82775879,0.00000000,2754.61221197,69,2
8855.71119146,8855.71000000,1657.73752228,1657.76802281,0.07967118,2754.74798450,69,0
8857.31757179,8857.31900000,0.00000000,1699.00000000,0.00000000,2755.86548634,69,4
8858.16252402,8858.16400000,1720.79117830,1720.75310745,0.03947291,2756.44377920,69,0
8858.93725502,8858.93900000,1740.80652534,1740.76140350,0.04724437,2756.96881034,69,0
8861.68011289,8861.67800000,0.00000000,1812.00000000,0.00000000,2758.78466431,69,4
8861.79511509,8861.80200000,0.00000000,1815.00000000,0.00000000,2758.85930083,69,4
8863.01942869,8863.01800000,1846.95919529,1846.99661602,0.04921498,2759.64612558,69,0
8864.40201695,8864.40100000,1883.26653792,1883.29329829,0.04025643,2760.51829706,69,0
8865.78186736,8865.78300000,1919.71842333,1919.68848241,0.03043842,2761.37106885,69,0
8866.98401776,8866.97500000,0.00000000,1951.52962573,0.04790643,2762.09926089,69,0
8867.49120810,8867.47900000,0.00000000,1965.00000000,0.00000000,2762.40230100,69,4
8870.19790901,8870.19700000,2037.24065701,2037.26503091,0.07573457,2763.97706824,69,0
8870.49640762,8870.49600000,2045.26210979,2045.27305107,0.04109823,2764.14628807,69,0
8874.02442485,8874.02000000,2140.47364768,2140.59391764,0.01435813,2766.07953736,69,0
8874.62899364,8874.63100000,2157.08736430,2157.03271608,0.06662433,2766.39783228,69,0
8875.25071350,8875.27200000,0.00000000,2174.00000000,0.00000000,2766.72169909,69,4
8784.60533029,8875.93300000,0.00000000,-1.00000000,0.00000000,2686.59987396,69,4
8877.86322975,8877.86500000,2245.69777147,2245.64899863,0.06140047,2768.03710863,69,0
8878.46071780,8878.46600000,0.00000000,2262.12988281,0.00000000,2768.32774040,69,2
8878.62821741,8878.62400000,2266.63693962,2266.75346527,0.10143847,2768.40847262,69,0
8879.22382763,8879.23100000,0.00000000,2283.23095703,0.00000000,2768.69332704,69,2
8879.35991072,8879.36500000,0.00000000,2287.00000000,0.00000000,2768.75785696,69,4
8879.50425886,8879.53000000,0.00000000,2291.00000000,0.00000000,2768.82608562,69,4
8880.97944636,8880.98500000,0.00000000,2332.00000000,0.00000000,2769.51026183,69,4
8882.20354014,8882.20400000,2366.19401385,2366.18114250,0.11751841,2770.05952528,69,0
8883.37292540,8883.37500000,0.00000000,2399.00000000,0.00000000,2770.56882312,69,4
8884.40228855,8884.42900000,0.00000000,2428.00000000,0.00000000,2771.00412247,69,5
8886.06206557,8886.04700000,0.00000000,2475.00000000,0.00000000,2771.68024873,69,4
8887.04586806,8887.02200000,0.00000000,2503.00000000,0.00000000,2772.06578799,69,4
8887.27896876,8887.28200000,0.00000000,2509.64990234,0.00000000,2772.15545854,69,2
8887.69880076,8887.69700000,2521.59020451,2521.64168143,0.07326743,2772.31532444,69,0
8888.01903007,8888.01800000,2530.77185002,2530.80133101,0.06334436,2772.43584222,69,0
8888.61915126,8888.62000000,0.00000000,2548.00000000,0.00000000,2772.65840769,69,4
8889.71218941,8889.71200000,2579.41340418,2579.41886122,0.05347274,2773.05244196,69,0
8890.20418230,8890.20400000,2593.60263066,2593.60789337,0.03535382,2773.22507348,69,0
8890.56396388,8890.56400000,2604.00281794,2604.00177370,0.08101252,2773.34943150,69,0
8890.89616950,8890.89700000,2613.63611210,2613.61207132,0.04081107,2773.46283459,69,0
8891.71358583,8891.71200000,2637.26610780,2637.31216291,0.07622437,2773.73601260,69,0
8892.59086050,8892.58700000,2662.73686626,2662.84939522,0.03658224,2774.02003470,69,0
8893.62289271,8893.62500000,0.00000000,2693.00000000,0.00000000,2774.34157054,69,4
8894.06659856,8894.03600000,0.00000000,2706.00000000,0.00000000,2774.47559780,69,4
8894.40736100,8894.42900000,0.00000000,2716.00000000,0.00000000,2774.57680601,69,5
8895.60361459,8895.59900000,2751.07587328,2751.21205948,0.06250610,2774.92010124,69,0
8896.59924347,8896.60200000,2780.73835542,2780.65666356,0.05295859,2775.19152668,69,0
8899.31562700,8899.31800000,2861.69980908,2861.62864940,0.04470054,2775.86449202,69,0
8902.73799597,8902.76200000,0.00000000,2965.00000000,0.00000000,2776.56708758,69,5
8904.18363756,8904.18400000,3009.13238862,3009.12128790,0.06439417,2776.81352004,69,0
8904.76877004,8904.76700000,3027.01275585,3027.06711649,0.11246704,2776.90460526,69,0
8905.83862802,8905.84800000,0.00000000,3060.01901823,0.09142637,2777.05808005,69,0
8906.38813537,8906.37900000,0.00000000,3076.99860976,0.12244189,2777.13020016,69,0
8909.42371920,8909.42300000,3171.55188311,3171.57444864,0.19796208,2777.44526134,69,0
8909.83316059,8909.83400000,3184.45915921,3184.43277252,0.04242711,2777.47675181,69,0
8910.60459798,8910.60900000,0.00000000,3208.74072266,0.00000000,2777.52886386,69,2
8899.82459291,8910.74900000,0.00000000,2876.90449215,10171544578.68446732,2775.97937309,69,0
8911.26255065,8911.27100000,0.00000000,3229.53657890,0.17043593,2777.56574414,69,0
8911.97067744,8911.97200000,3252.02518234,3251.98318246,0.06936731,2777.59758131,69,0
8912.22261478,8912.26500000,0.00000000,3260.00000000,0.00000000,2777.60694655,69,4
8914.16534911,8914.16600000,3322.09093493,3322.07003672,0.08534065,2777.64373485,69,0
8914.35953591,8914.37300000,0.00000000,3328.32128906,0.00000000,2777.64393295,69,2
8916.16214940,8916.15800000,3386.37994165,3386.51451884,0.05685133,2777.61498390,69,0
8916.50436210,8916.50900000,0.00000000,3397.62980281,0.13157907,2777.60312892,69,0
8917.81861693,8917.82400000,0.00000000,3440.47314453,0.00000000,2777.53845331,69,2
8918.12753061,8918.12500000,3450.49615069,3450.57905664,0.12024301,2777.51880411,69,0
8918.91795075,8918.91900000,3476.56534227,3476.53082252,0.08030423,2777.46066236,69,0
8919.78661285,8919.78200000,0.00000000,3505.17463099,0.06655069,2777.38364984,69,0
8920.83752100,8920.83200000,0.00000000,3540.00000000,0.00000000,2777.27187001,69,4
8921.31838333,8921.35100000,0.00000000,3556.00000000,0.00000000,2777.21383789,69,4
8924.94432501,8924.97000000,0.00000000,3678.00000000,0.00000000,2776.63312051,69,5
8927.26230297,8927.26600000,0.00000000,3757.28833008,0.00000000,2776.12468415,69,2
8927.40855701,8927.39600000,0.00000000,3762.32617188,0.00000000,2776.08889140,69,2
8928.66429439,8928.66400000,3805.75174002,3805.76195618,0.07140521,2775.76300484,69,0
8929.07012227,8929.07100000,3819.89257642,3819.86204340,0.06664139,2775.65055584,69,0
8930.02349527,8930.02000000,3852.99979322,3853.12209194,0.06977149,2775.37237365,69,0
8930.98434497,8930.99000000,0.00000000,3886.83989755,0.06904393,2775.07182331,69,0
8931.26127165,8931.26000000,3896.54279326,3896.58762863,0.06080206,2774.98145678,69,0
8931.82812462,8931.83000000,3916.67430863,3916.60796518,0.06950581,2774.79096538,69,0
8932.09910742,8932.09900000,3926.19723666,3926.20104205,0.07059410,2774.69735614,69,0
8933.66422328,8933.66500000,3981.95808629,3981.93028765,0.07519404,2774.12366549,69,0
8935.96760259,8935.96600000,4064.86648595,4064.92465375,0.08821172,2773.17478556,69,0
8914.17523142,8914.16600000,0.00000000,8.00000000,0.00000000,2780.56808469,68,4
8914.36002638,8914.37300000,0.00000000,11.90815163,0.00000000,2780.78285210,68,2
8916.16187932,8916.15800000,50.02036050,50.10271639,0.05976133,2782.86829554,68,0
8916.51114605,8916.50900000,57.47957294,57.52517213,0.14855641,2783.27072679,68,0
8917.82552308,8917.82400000,85.45340189,85.48584128,0.08680681,2784.77841199,68,0
8918.12581165,8918.12500000,91.86618845,91.88348589,0.09370812,2785.12154276,68,0
8920.70521990,8920.73400000,0.00000000,147.00000000,0.00000000,2788.04929088,68,4
8924.93269003,8924.97000000,0.00000000,238.00000000,0.00000000,2792.77206182,68,4
8927.26500455,8927.26600000,288.57471939,288.55309104,0.05607384,2795.33602633,68,0
8928.66275900,8928.66400000,318.99578726,318.96873961,0.03105664,2796.85815246,68,0
8929.06828794,8929.07100000,327.87056387,327.81139872,0.02572871,2797.29778835,68,0
8929.99238355,8930.02000000,0.00000000,348.00000000,0.00000000,2798.29664456,68,4
8930.98230095,8930.99000000,0.00000000,369.66304910,0.03859782,2799.36091649,68,0
8931.27146867,8931.26000000,0.00000000,376.00000000,0.00000000,2799.67076712,68,4
8931.82612220,8931.83000000,388.25426121,388.16915143,0.12450863,2800.26391810,68,0
8932.09052204,8932.09900000,0.00000000,393.97103882,0.00000000,2800.54584911,68,2
8933.66057023,8933.66500000,0.00000000,428.51107788,0.00000000,2802.21268931,68,2
8935.45845870,8935.46900000,0.00000000,468.21228465,0.06644741,2804.10415488,68,0
8935.96625135,8935.96600000,479.45347330,479.45904177,0.11365237,2804.63523021,68,0
8936.79581147,8936.80000000,497.94233126,497.84937344,0.03329507,2805.49911306,68,0
8937.33086662,8937.34000000,0.00000000,509.73016357,0.00000000,2806.05423348,68,2
8937.49606849,8937.51300000,0.00000000,513.40173340,0.00000000,2806.22531198,68,2
8938.51150841,8938.54900000,0.00000000,536.00000000,0.00000000,2807.27337622,68,4
8939.49780587,8939.49400000,0.00000000,558.00000000,0.00000000,2808.28557787,68,4
8940.21976600,8940.21900000,574.12314808,574.14028321,0.03676912,2809.02308903,68,0
8940.79451633,8940.78200000,0.00000000,587.00000000,0.00000000,2809.60761635,68,4
8941.29491687,8941.29600000,598.24194354,598.21766010,0.04294025,2810.11527379,68,0
8942.22711601,8942.23000000,619.20514620,619.14034045,0.05052327,2811.05657954,68,0
8943.64359075,8943.64300000,651.01118246,651.02450028,0.03453933,2812.47713901,68,0
8944.47770786,8944.47800000,669.85087917,669.84428180,0.04408685,2813.30775727,68,0
8944.83606515,8944.83600000,677.93920096,677.94067358,0.03625880,2813.66329716,68,0
8945.82706243,8945.83000000,700.43959174,700.37300185,0.11007123,2814.64272981,68,0
8946.07483459,8946.04400000,0.00000000,706.00000000,0.00000000,2814.88711236,68,4
8946.38340173,8946.38600000,0.00000000,713.00000000,0.00000000,2815.19039644,68,4
8947.64624898,8947.64700000,741.70934943,741.69225952,0.02968637,2816.42508840,68,0
8948.44932962,8948.44600000,0.00000000,760.00000000,0.00000000,2817.20582459,68,4
8949.41284005,8949.44000000,0.00000000,782.00000000,0.00000000,2818.13671763,68,4
8951.79444051,8951.79500000,0.00000000,836.60119629,0.00000000,2820.41266503,68,1
8952.02917346,8952.02400000,0.00000000,842.00000000,0.00000000,2820.63504027,68,4
8952.68064247,8952.69400000,0.00000000,857.00000000,0.00000000,2821.25037122,68,4
8953.11437369,8953.13100000,0.00000000,867.00000000,0.00000000,2821.65853743,68,4
8954.02725830,8954.03947956,0.00000000,888.08239746,0.00000000,2822.51366614,68,1
8954.41277486,8954.41200000,0.00000000,897.00000000,0.00000000,2822.87317804,68,4
8955.40537730,8955.42500000,0.00000000,920.00000000,0.00000000,2823.79439206,68,4
8957.77121889,8957.77300000,975.09327286,975.05169564,0.04978846,2825.96410131,68,0
8963.34435047,8963.35100000,0.00000000,1106.06079102,0.00000000,2830.92763227,68,2
8963.71628160,8963.71400000,1114.80667131,1114.86073685,0.03712862,2831.25095910,68,0
8966.33716262,8966.33800000,1177.21146901,1177.19148636,0.10659398,2833.50483373,68,0
8967.85993870,8967.86100000,1213.63062386,1213.60518966,0.02039578,2834.79214408,68,0
8969.53763964,8969.53600000,1253.86256096,1253.90203050,0.05231064,2836.19146654,68,0
8970.82646732,8970.82900000,0.00000000,1285.00000000,0.00000000,2837.25321533,68,4
8973.09596886,8973.09500000,0.00000000,1340.00000000,0.00000000,2839.09235812,68,4
8975.72890707,8975.73800000,0.00000000,1404.24536133,0.00000000,2841.17812650,68,2
8975.91930366,8975.93900000,0.00000000,1408.90966797,0.00000000,2841.32693393,68,1
8977.39281205,8977.39200000,1445.05840288,1445.07838110,0.05491186,2842.46879431,68,0
8977.96088791,8977.96100000,1459.06970651,1459.06694385,0.06180385,2842.90469685,68,0
8978.19745513,8978.20600000,0.00000000,1464.91613770,0.00000000,2843.08601951,68,2
8978.37282191,8978.38100000,0.00000000,1469.24255371,0.00000000,2843.21977773,68,2
8978.59446913,8978.60500000,0.00000000,1474.71386719,0.00000000,2843.38849527,68,2
8979.69773724,8979.68100000,0.00000000,1502.00000000,0.00000000,2844.22262431,68,4
8979.92586991,8979.92500000,1507.62018060,1507.64174546,0.04580428,2844.39357650,68,0
8980.46388824,8980.48400000,0.00000000,1521.00000000,0.00000000,2844.79628024,68,5
8982.46902587,8982.46900000,1570.91496915,1570.91561521,0.08667644,2846.27531964,68,0
8983.95758444,8983.96000000,1608.23350964,1608.17291988,0.11556023,2847.35282131,68,0
8984.27800900,8984.27900000,0.00000000,1616.22668457,0.00000000,2847.58276790,68,2
8984.45807740,8984.45500000,1620.66881401,1620.74612421,0.13486608,2847.71134156,68,0
8985.78555694,8985.78400000,1654.11557528,1654.15484741,0.06008732,2848.65146689,68,0
8987.08481721,8987.10800000,0.00000000,1687.00000000,0.00000000,2849.55801146,68,4
8987.99185132,8987.99800000,0.00000000,1710.00000000,0.00000000,2850.18236550,68,4
8988.50771385,8988.48902925,0.00000000,1723.10946930,0.12608598,2850.53437868,68,0
8989.36203028,8989.37400000,0.00000000,1744.86584473,0.00000000,2851.11240136,68,1
8991.59480688,8991.59200000,0.00000000,1802.00000000,0.00000000,2852.59364700,68,4
8992.37272134,8992.38700000,0.00000000,1822.00000000,0.00000000,2853.09960455,68,4
8994.38636809,8994.39800000,0.00000000,1874.00000000,0.00000000,2854.38462069,68,4
8995.34675389,8995.35900000,0.00000000,1898.91895995,0.09846162,2854.98481401,68,0
8996.80867947,8996.80900000,0.00000000,1937.00000000,0.00000000,2855.88250104,68,4
8997.29905989,8997.30000000,1949.83343094,1949.80884728,0.04650664,2856.17913977,68,0
8998.57405757,8998.58100000,0.00000000,1983.22827148,0.00000000,2856.94052291,68,2
8999.34753830,8999.36230991,0.00000000,2003.56750301,0.24225498,2857.39500543,68,0
9001.56450187,9001.56500000,2062.14999816,2062.13678718,0.11014818,2858.66612641,68,0
9002.72869789,9002.73200000,2093.18175225,2093.09381578,0.06293561,2859.31542320,68,0
9003.16317215,9003.15392231,0.00000000,2104.67580871,0.01169022,2859.55433473,68,0
9003.96164634,9003.96100000,0.00000000,2126.00000000,0.00000000,2859.98849431,68,5
9005.30469584,9005.33000000,0.00000000,2162.00000000,0.00000000,2860.70465110,68,4
9006.22006887,9006.21900000,2186.59095045,2186.61976440,0.03144791,2861.18226596,68,0
9006.74842042,9006.75200000,2200.97922146,2200.88256355,0.12339648,2861.45444325,68,0
9007.84732484,9007.84900000,2230.66087186,2230.61545557,0.06030194,2862.01118316,68,0
9008.14076185,9008.14300000,2238.63530862,2238.57457438,0.03370870,2862.15777198,68,0
9008.63507469,9008.63400000,0.00000000,2252.00000000,0.00000000,2862.40269916,68,4
9009.65112090,9009.65300000,2279.71656767,2279.66530073,0.06315298,2862.89815137,68,0
9010.93121286,9010.95800000,0.00000000,2314.67271162,0.02168498,2863.50721631,68,0
9012.10831460,9012.11000000,2347.04447920,2346.99810093,0.07475160,2864.05188196,68,0
9012.88070643,9012.87800000,2368.21510535,2368.28981087,0.10571024,2864.40133108,68,0
9013.23211389,9013.25500000,0.00000000,2378.00000000,0.00000000,2864.55824505,68,4
9014.53558738,9014.53600000,2414.11626936,2414.10480989,0.06935289,2865.12820191,68,0
9015.29282815,9015.28200000,0.00000000,2435.17388665,0.09583782,2865.45097873,68,0
9016.46884742,9016.51300000,0.00000000,2468.00000000,0.00000000,2865.93944159,68,4
9018.60678178,9018.60700000,2528.05670970,2528.05055571,0.06422048,2866.78750354,68,0
9019.16846633,9019.17000000,2543.95072181,2543.90737948,0.07287111,2867.00161614,68,0
9019.87823865,9019.86900000,0.00000000,2564.00000000,0.00000000,2867.26702625,68,4
9021.28573475,9021.28200000,2603.89074892,2603.99718461,0.08515714,2867.77573258,68,0
9023.34747665,9023.32200000,0.00000000,2663.00000000,0.00000000,2868.47843340,68,4
9023.48665025,9023.49600000,0.00000000,2667.00000000,0.00000000,2868.52401182,68,4
9025.97851336,9025.97500000,0.00000000,2739.00000000,0.00000000,2869.29966771,68,4
9027.24927442,9027.27200000,0.00000000,2776.00000000,0.00000000,2869.66526616,68,4
9027.38625609,9027.38300000,0.00000000,2780.00000000,0.00000000,2869.70344760,68,4
9027.70070437,9027.70000000,2789.16009073,2789.18069169,0.08023005,2869.79008961,68,0
9029.35223740,9029.35200000,2837.64789369,2837.65488625,0.04005609,2870.22466666,68,0
9031.33959474,9031.33800000,2896.38992288,2896.43727735,0.04731220,2870.69998004,68,0
9031.72864348,9031.73900000,0.00000000,2908.00000000,0.00000000,2870.78680491,68,4
9033.13997041,9033.14200000,2950.16503696,2950.10429271,0.08241875,2871.08442342,68,0
9034.41742758,9034.41800000,2988.46125914,2988.44403127,0.03844214,2871.33010738,68,0
9035.36624463,9035.36900000,3017.15469674,3017.07141061,0.09260942,2871.49780252,68,0
9035.65276566,9035.65200000,3025.70421698,3025.72739026,0.05591385,2871.54585525,68,0
9036.98331288,9036.98300000,3066.11407250,3066.12360173,0.09495512,2871.75381461,68,0
9038.21775531,9038.21400000,0.00000000,3103.82397461,0.00000000,2871.92366922,68,2
9039.44422195,9039.44400000,3141.46540298,3141.47223785,0.04209682,2872.06992971,68,0
9040.61211359,9040.61700000,0.00000000,3177.53968291,0.06816208,2872.18813901,68,0
9041.39739348,9041.39000000,0.00000000,3201.89560482,0.02441548,2872.25582862,68,0
9042.20377659,9042.22400000,0.00000000,3227.00000000,0.00000000,2872.31535309,68,4
9043.26287082,9043.26200000,3260.07839458,3260.10568707,0.07080175,2872.37793899,68,0
9044.08681774,9044.05000000,0.00000000,3286.00000000,0.00000000,2872.41427066,68,4
9044.89695088,9044.89500000,3311.47332170,3311.53496366,0.06792159,2872.43924226,68,0
9045.20360550,9045.20700000,0.00000000,3321.24560547,0.00000000,2872.44590809,68,1
9045.32220920,9045.31800000,0.00000000,3325.00000000,0.00000000,2872.44806706,68,4
9046.10235305,9046.10000000,3349.65910470,3349.73389709,0.05342116,2872.45645936,68,0
9047.21753207,9047.21600000,3385.23197240,3385.28094634,0.06996951,2872.45077932,68,0
9048.77776261,9048.77900000,3435.39231656,3435.35245057,0.05702014,2872.40725249,68,0
9049.81256658,9049.81400000,3468.82409307,3468.77766909,0.06001643,2872.35504586,68,0
9051.22915256,9051.23600000,0.00000000,3514.82660693,0.13090220,2872.25273206,68,0
9051.90764038,9051.88900000,0.00000000,3537.00000000,0.00000000,2872.19089337,68,5
9053.03715230,9053.03900000,3574.13389582,3574.07305306,0.07570590,2872.06922906,68,0
9053.46573286,9053.46600000,3588.21299804,3588.20417866,0.06193456,2872.01683086,68,0
9053.95087986,9053.95000000,3604.21261337,3604.24173491,0.08397795,2871.95333345,68,0
9054.32598126,9054.32600000,3616.66801174,3616.66739047,0.06968153,2871.90118946,68,0
9055.21889223,9055.21900000,3646.34428258,3646.34069139,0.05721346,2871.76625079,68,0
9055.98660104,9055.97900000,0.00000000,3672.00000000,0.00000000,2871.63772056,68,4
9056.84370615,9056.84500000,3700.78874100,3700.74522953,0.06831278,2871.48067504,68,0
9058.51346390,9058.52800000,0.00000000,3757.14997190,0.18315472,2871.13237073,68,0
9060.92428466,9060.90800000,0.00000000,3839.52905273,0.00000000,2870.52795015,68,2
9061.95209465,9061.96500000,0.00000000,3875.00000000,0.00000000,2870.23263556,68,4
9065.79308079,9065.79300000,4009.50509022,4009.50795114,0.05424885,2868.92050017,68,0
9066.54143522,9066.54100000,4036.06137992,4036.07687254,0.08356631,2868.62524806,68,0
9067.40841228,9067.42000000,0.00000000,4067.00000000,0.00000000,2868.26659229,68,5
9047.22904044,9047.21600000,0.00000000,8.00000000,0.00000000,2876.85568189,67,4
9048.78216851,9048.77900000,40.36537267,40.43161913,0.07072074,2878.62534809,67,0
9049.81312731,9049.81400000,62.02737468,62.00909186,0.03029076,2879.79364038,67,0
9051.22686668,9051.23600000,0.00000000,91.64982666,0.06527113,2881.38662881,67,0
9053.04895057,9053.03900000,0.00000000,130.00000000,0.00000000,2883.42724766,67,4
9053.47557450,9053.46600000,0.00000000,139.00000000,0.00000000,2883.90279311,67,4
9053.94318464,9053.95000000,0.00000000,148.87370300,0.00000000,2884.42303884,67,2
9054.32770180,9054.32600000,0.00000000,157.00000000,0.00000000,2884.85006338,67,4
9055.21768114,9055.21900000,175.86743343,175.83950101,0.03257567,2885.83605264,67,0
9056.84484055,9056.84500000,210.36318431,210.35979601,0.02402553,2887.62820437,67,0
9061.92946814,9061.96500000,0.00000000,319.00000000,0.00000000,2893.14547201,67,4
9065.31520231,9065.28400000,0.00000000,392.00000000,0.00000000,2896.74760702,67,4
9065.79254228,9065.79300000,402.34131087,402.33139540,0.03223137,2897.25055376,67,0
9066.53912671,9066.54100000,418.55863811,418.51798893,0.00843185,2898.03511966,67,0
9068.49263519,9068.51400000,0.00000000,461.00000000,0.00000000,2900.07434775,67,4
9069.22626358,9069.20900000,0.00000000,477.00000000,0.00000000,2900.83491040,67,4
9072.14883274,9072.13000000,0.00000000,541.00000000,0.00000000,2903.83620330,67,4
9073.64830585,9073.65600000,0.00000000,574.00000000,0.00000000,2905.35809712,67,5
9074.12586674,9074.11100000,0.00000000,584.53363037,0.00000000,2905.84020729,67,2
9075.80544585,9075.76700000,0.00000000,621.67174554,0.01617692,2907.52574700,67,0
9079.01315195,9079.04200000,0.00000000,693.00000000,0.00000000,2910.70078393,67,4
9080.16715020,9080.16800000,718.80419544,718.78517506,0.18644954,2911.82837926,67,0
9080.96932560,9080.97100000,736.79026589,736.75273217,0.05418005,2912.60776276,67,0
9082.57479234,9082.57600000,772.84088573,772.81370216,0.04183848,2914.15625030,67,0
9084.62110102,9084.61800000,0.00000000,819.00000000,0.00000000,2916.10880641,67,4
9085.14608001,9085.14600000,830.86274926,830.86456121,0.03654952,2916.60481260,67,0
9085.80349667,9085.80300000,845.75287163,845.76413730,0.02794071,2917.22446876,67,0
9086.29771372,9086.31700000,0.00000000,857.00000000,0.00000000,2917.68937515,67,4
9086.64764090,9086.66200000,0.00000000,864.95053996,0.31487354,2918.01710786,67,0
9086.88374949,9086.88000000,870.21431515,870.29959104,0.14471351,2918.23702648,67,0
9088.37972322,9088.38200000,0.00000000,904.40472412,0.00000000,2919.62829214,67,3
9088.74991720,9088.74900000,912.82921826,912.85018349,0.10383293,2919.96989417,67,0
9046.84501712,9089.39000000,0.00000000,-1.00000000,0.00000000,2876.41662912,67,4
9090.10043589,9090.10100000,943.77813623,943.76520451,0.03505604,2921.21045990,67,0
9092.80599215,9092.81700000,0.00000000,1006.00000000,0.00000000,2923.66069317,67,4
9094.54163307,9094.53900000,1046.08764325,1046.14868458,0.04750367,2925.20791322,67,0
9094.79402572,9094.80700000,0.00000000,1052.00000000,0.00000000,2925.43121348,67,4
9046.84501712,9096.15700000,0.00000000,-1.00000000,0.00000000,2876.41662912,67,4
9097.09576153,9097.09300000,1105.47783670,1105.54225937,0.00640321,2927.44857964,67,0
9098.83197817,9098.82900000,1146.08335689,1146.15316554,0.05447506,2928.94750997,67,0
9099.72015260,9099.73500000,0.00000000,1167.00000000,0.00000000,2929.70649137,67,4
9100.59807140,9100.59800000,1187.63341717,1187.63509827,0.02442775,2930.45076753,67,0
9101.75882161,9101.76600000,0.00000000,1215.02734375,0.00000000,2931.42800560,67,2
9102.51926779,9102.51800000,1232.96239902,1232.99240867,0.06219584,2932.06225604,67,0
9103.48934237,9103.49300000,0.00000000,1256.00000000,0.00000000,2932.86681584,67,4
9104.96107325,9104.95800000,1290.91871036,1290.99193298,0.05986653,2934.07384197,67,0
9105.69172975,9105.70600000,0.00000000,1308.42139356,0.01699662,2934.66757640,67,0
9107.47092735,9107.47400000,0.00000000,1351.00000000,0.00000000,2936.09707526,67,4
9108.26446304,9108.26400000,1370.03520158,1370.04633423,0.05188637,2936.72689746,67,0
9110.39387305,9110.39300000,1421.37614870,1421.39725873,0.02408257,2938.39530867,67,0
9111.83446433,9111.82400000,0.00000000,1456.31739795,0.06834523,2939.50515183,67,0
9113.04657578,9113.04500000,1485.74963914,1485.78804281,0.03899022,2940.42621555,67,0
9114.53173269,9114.53100000,1522.03929133,1522.05721942,0.05622840,2941.54017265,67,0
9115.27139941,9115.27000000,1540.14045622,1540.17477086,0.05430763,2942.08853188,67,0
9116.05395250,9116.05400000,1559.38866071,1559.38749306,0.01848430,2942.66414415,67,0
9116.28164890,9116.31800000,0.00000000,1565.00000000,0.00000000,2942.83114940,67,4
9116.84917160,9116.82800000,0.00000000,1578.97003181,0.03108596,2943.24459169,67,0
9117.85489371,9117.86000000,1603.90632217,1603.78015039,0.13462106,2943.97093606,67,0
9118.59133234,9118.57600000,0.00000000,1622.00000000,0.00000000,2944.49789681,67,4
9119.51888036,9119.51700000,0.00000000,1645.00000000,0.00000000,2945.15531477,67,4
9120.04201917,9120.04600000,0.00000000,1658.00000000,0.00000000,2945.52305004,67,4
9120.38748783,9120.38700000,1666.57429390,1666.58643854,0.01493375,2945.76441303,67,0
9127.32992043,9127.32200000,0.00000000,1841.26123047,0.00000000,2950.41115213,67,3
9127.76827555,9127.79800000,0.00000000,1852.41589355,0.00000000,2950.69083728,67,3
9131.23222826,9131.23100000,1941.07150253,1941.10312151,0.06943442,2952.84168176,67,0
9132.46849619,9132.48800000,0.00000000,1973.00000000,0.00000000,2953.58360810,67,5
9133.58835945,9133.55800000,0.00000000,2002.00000000,0.00000000,2954.24362947,67,5
9136.00708742,9135.99200000,0.00000000,2065.00000000,0.00000000,2955.62981658,67,4
9137.51417483,9137.51500000,2104.51764961,2104.49595869,0.01362554,2956.46557335,67,0
9138.24470863,9138.25800000,0.00000000,2123.73559570,0.00000000,2956.86341040,67,3
9138.66162583,9138.66900000,0.00000000,2134.72827148,0.00000000,2957.08798701,67,3
9140.93707870,9140.89700000,0.00000000,2195.00000000,0.00000000,2958.28404763,67,4
9141.39526961,9141.39700000,2207.23200050,2207.18590002,0.05742812,2958.51862230,67,0
9142.06833479,9142.06800000,2225.12915390,2225.13809344,0.06499979,2958.85975660,67,0
9142.43743189,9142.46424398,0.00000000,2235.00000000,0.00000000,2959.04490581,67,4
9144.41951463,9144.42300000,0.00000000,2288.16528320,0.00000000,2960.01555935,67,2
9046.84501712,9144.98600000,0.00000000,-1.00000000,0.00000000,2876.41662912,67,4
9046.84501712,9145.25000000,0.00000000,-1.00000000,0.00000000,2876.41662912,67,4
9146.92845027,9146.94900000,0.00000000,2356.00000000,0.00000000,2961.18676626,67,4
9147.51694784,9147.53900000,0.00000000,2372.00000000,0.00000000,2961.45203067,67,4
9148.44488423,9148.45800000,0.00000000,2397.29809570,0.00000000,2961.86289779,67,2
9148.61495549,9148.60600000,0.00000000,2401.94398444,0.10234615,2961.93721356,67,0
9149.38442510,9149.37100000,0.00000000,2423.00000000,0.00000000,2962.26959974,67,4
9150.22245509,9150.23400000,0.00000000,2446.00000000,0.00000000,2962.62438797,67,4
9151.01458090,9151.01400000,2467.78232900,2467.79834651,0.05094464,2962.95265885,67,0
9152.38063621,9152.38200000,2505.59875114,2505.56095736,0.05907211,2963.50297086,67,0
9157.13388564,9157.13300000,2638.43497091,2638.45996021,0.02524116,2965.25471180,67,0
9158.53058632,9158.51900000,0.00000000,2678.00000000,0.00000000,2965.72037545,67,4
9160.38252364,9160.38200000,2730.71698150,2730.73195277,0.04908539,2966.30186530,67,0
9160.93082300,9160.89300000,0.00000000,2746.43530604,0.02006341,2966.46630771,67,0
9162.67566547,9162.67500000,2796.57178490,2796.59098665,0.04503696,2966.96474896,67,0
9164.93029476,9164.93300000,2862.03625975,2861.95745382,0.08761511,2967.55322065,67,0
9165.83951446,9165.84000000,2888.50600611,2888.49181179,0.03279133,2967.77238995,67,0
9167.18862476,9167.19400000,0.00000000,2928.04443359,0.00000000,2968.07799224,67,2
9167.35608213,9167.37500000,0.00000000,2932.96997070,0.00000000,2968.11428270,67,1
9167.61152690,9167.61100000,2940.46482714,2940.48034562,0.02783441,2968.16886512,67,0
9167.90251229,9167.90500000,2949.12949040,2949.05612689,0.04697720,2968.23007910,67,0
9168.37444708,9168.38800000,0.00000000,2963.00000000,0.00000000,2968.32708170,67,5
9168.54303019,9168.54400000,2967.99983108,2967.97115266,0.19601859,2968.36090726,67,0
9168.78014124,9168.81800000,0.00000000,2975.00000000,0.00000000,2968.40805533,67,4
9169.58948320,9169.59000000,2999.00164535,2998.98629321,0.06095519,2968.56296606,67,0
9170.56345328,9170.57500000,0.00000000,3028.00000000,0.00000000,2968.73798524,67,4
9172.09873620,9172.09300000,0.00000000,3073.96242050,0.05585519,2968.98758129,67,0
9172.69191654,9172.69100000,3091.77339826,3091.80100694,0.15248885,2969.07532819,67,0
9173.14383908,9173.15200000,0.00000000,3105.43034544,0.07345003,2969.13893535,67,0
9174.05094603,9174.05500000,3132.97918250,3132.85632743,0.03849083,2969.25792073,67,0
9174.26076800,9174.27000000,0.00000000,3139.22509766,0.00000000,2969.28383009,67,1
9174.61569505,9174.61500000,0.00000000,3150.00000000,0.00000000,2969.32618833,67,4
9176.02640288,9176.07800000,0.00000000,3193.00000000,0.00000000,2969.47676861,67,4
9178.00163719,9178.00000000,3253.61971470,3253.67022934,0.04747954,2969.63909975,67,0
9178.54446812,9178.54500000,3270.45804666,3270.44159049,0.05802115,2969.67364198,67,0
9179.52921750,9179.53500000,0.00000000,3301.00000000,0.00000000,2969.72509470,67,5
9180.77992589,9180.77600000,0.00000000,3340.00000000,0.00000000,2969.76924952,67,5
9181.11865641,9181.11700000,3350.53401713,3350.58590840,0.04227057,2969.77707785,67,0
9181.67322215,9181.70500000,0.00000000,3368.00000000,0.00000000,2969.78609884,67,4
9183.60401924,9183.60400000,3428.93173485,3428.93234509,0.07041602,2969.77996175,67,0
9185.21451651,9185.21600000,3480.26528461,3480.21784879,0.08885424,2969.72945007,67,0
9185.76789986,9185.76900000,3497.97302643,3497.93774959,0.05464733,2969.70238604,67,0
9187.36267406,9187.36000000,3549.18956628,3549.27600818,0.14700817,2969.59617154,67,0
9187.95067744,9187.95400000,3568.42084638,3568.31311004,0.09227139,2969.54629633,67,0
9188.14950364,9188.14600000,3574.64976637,3574.76349072,0.31905072,2969.52811181,67,0
9188.65746092,9188.65700000,3591.24736455,3591.26236788,0.07198225,2969.47864172,67,0
9189.23356867,9189.23400000,3610.05654462,3610.04246476,0.07980570,2969.41716102,67,0
9189.93159722,9189.93100000,3632.84507185,3632.86463283,0.09712479,2969.33504673,67,0
9191.21186570,9191.21220306,3674.97587252,3674.96473646,0.05901877,2969.16230159,67,0
9192.95783597,9192.96600000,0.00000000,3732.85693696,0.10836154,2968.87982945,67,0
9195.81288084,9195.81300000,3828.71480666,3828.71077443,0.06722510,2968.29823889,67,0
9198.43761415,9198.43900000,3918.26668703,3918.21905775,0.06808531,2967.62763329,67,0
9199.42860261,9199.42900000,3952.38493353,3952.37119557,0.06700498,2967.33947126,67,0
9199.73817482,9199.74000000,3963.14866945,3963.08542949,0.09504051,2967.24540546,67,0
9200.99789413,9201.05800000,0.00000000,4006.87231445,0.00000000,2966.84283141,67,2
9185.23964749,9185.21600000,0.00000000,27.00000000,0.00000000,2976.90215673,66,4
9185.72549097,9185.76900000,0.00000000,37.00000000,0.00000000,2977.45265505,66,4
9187.37387125,9187.36000000,0.00000000,71.00000000,0.00000000,2979.31193781,66,4
9187.95436483,9187.95400000,0.00000000,83.00000000,0.00000000,2979.96357822,66,4
9188.63075760,9188.65700000,0.00000000,97.00000000,0.00000000,2980.72080900,66,4
9189.23428174,9189.23400000,109.51347435,109.51931645,0.01111981,2981.39520254,66,0
9189.91867236,9189.93100000,0.00000000,123.70987365,0.10241509,2982.15648446,66,0
9191.21145904,9191.21220306,150.61560393,150.60011523,0.03042343,2983.58992531,66,0
9195.81154229,9195.81300000,246.84570435,246.81506724,0.02824527,2988.62097281,66,0
9198.42999570,9198.43900000,0.00000000,302.00000000,0.00000000,2991.43763837,66,4
9199.43007690,9199.42900000,323.12589950,323.14870397,0.03162446,2992.50377967,66,0
9199.73634702,9199.74000000,329.72522326,329.64781458,0.10166013,2992.82993152,66,0
9200.99464281,9201.05800000,0.00000000,356.34469604,0.00000000,2994.16239817,66,2
9203.60671503,9203.60295823,0.00000000,412.00000000,0.00000000,2996.90252594,66,4
9204.02773941,9204.03600000,0.00000000,421.00000000,0.00000000,2997.34085083,66,4
9206.54584866,9206.56500000,0.00000000,475.00000000,0.00000000,2999.94288093,66,4
9207.52138914,9207.51200000,0.00000000,496.00000000,0.00000000,3000.94186489,66,4
9207.98519852,9207.97300000,0.00000000,506.00000000,0.00000000,3001.41503096,66,4
9208.74551546,9208.73800000,0.00000000,522.41501262,0.06112306,3002.18818148,66,0
9210.66113716,9210.67100000,0.00000000,563.89557034,0.11586109,3004.12226081,66,0
9211.08049847,9211.09400000,0.00000000,573.00000000,0.00000000,3004.54299650,66,4
9211.53965137,9211.52600000,0.00000000,582.97812348,0.09662735,3005.00254998,66,0
9212.33658895,9212.34200000,0.00000000,600.32128906,0.00000000,3005.79743377,66,2
9212.50010730,9212.51500000,0.00000000,603.88366699,0.00000000,3005.96009823,66,2
9213.31454277,9213.31500000,621.65575477,621.64577390,0.02456461,3006.76805158,66,0
9214.42572107,9214.42800000,645.98353447,645.93366223,0.05843060,3007.86450159,66,0
9215.79738003,9215.78300000,0.00000000,676.00000000,0.00000000,3009.20846776,66,4
9216.52557104,9216.55100000,0.00000000,692.00000000,0.00000000,3009.91765222,66,4
9217.46275467,9217.47600000,0.00000000,712.63159180,0.00000000,3010.82596170,66,2
9217.66092802,9217.68100000,0.00000000,717.00000000,0.00000000,3011.01739093,66,4
9219.42613474,9219.45300000,0.00000000,756.00000000,0.00000000,3012.71263208,66,4
9220.10312791,9220.09300000,0.00000000,771.00000000,0.00000000,3013.35804708,66,4
9222.50882330,9222.50900000,824.48345096,824.47951094,0.01235545,3015.62932260,66,0
9223.65088456,9223.70600000,0.00000000,850.00000000,0.00000000,3016.69677006,66,4
9183.92554312,9227.16500000,0.00000000,-1.00000000,0.00000000,2975.40751706,66,4
9231.34486914,9231.35800000,0.00000000,1023.66699219,0.00000000,3023.67966018,66,2
9232.65077452,9232.65100000,1053.47909946,1053.47394469,0.03012875,3024.82893505,66,0
9233.09699584,9233.08800000,0.00000000,1063.67919922,0.00000000,3025.21911200,66,2
9233.66025043,9233.65900000,1076.54983132,1076.57848340,0.16992089,3025.70987451,66,0
9235.13900211,9235.15400000,0.00000000,1110.53503418,0.00000000,3026.98888625,66,2
9236.08809315,9236.08500000,1132.32050322,1132.39183565,0.05281402,3027.80226793,66,0
9237.62890553,9237.65400000,0.00000000,1168.00000000,0.00000000,3029.11083046,66,4
9238.31650699,9238.31000000,0.00000000,1183.93444824,0.00000000,3029.68975850,66,2
9238.50601379,9238.50500000,1188.29204087,1188.31556308,0.05861656,3029.84821247,66,0
9238.95931774,9238.96000000,1198.85552093,1198.83967148,0.04705035,3030.22757426,66,0
9239.92357624,9239.91400000,0.00000000,1221.28806984,0.08768544,3031.03078375,66,0
9240.57142540,9240.57000000,1236.34130985,1236.37456779,0.04844350,3031.56600368,66,0
9240.91658849,9240.91600000,1244.41768967,1244.43143203,0.01615952,3031.85032760,66,0
9242.94540185,9242.94300000,1291.88667682,1291.94308870,0.02344462,3033.50565937,66,0
9243.76050862,9243.75900000,1311.07131826,1311.10682079,0.05331110,3034.16301035,66,0
9245.24774490,9245.24700000,1346.15247860,1346.17007447,0.04898594,3035.35038751,66,0
9245.59181385,9245.59100000,1354.28225857,1354.30150170,0.04096730,3035.62291295,66,0
9246.59218536,9246.59900000,0.00000000,1378.00000000,0.00000000,3036.41108065,66,4
9247.30842884,9247.29200000,0.00000000,1395.00000000,0.00000000,3036.97088451,66,4
9248.86501194,9248.85100000,0.00000000,1432.06096416,0.13403261,3038.17512169,66,0
9249.21710734,9249.21700000,0.00000000,1440.46618652,0.00000000,3038.44515302,66,1
9249.44873160,9249.41000000,0.00000000,1446.00000000,0.00000000,3038.62231350,66,5
9250.52639019,9250.52200000,1471.68444502,1471.78968145,0.03735810,3039.44143367,66,0
9251.07689626,9251.10200000,0.00000000,1485.00000000,0.00000000,3039.85685915,66,4
9252.61471836,9252.62400000,0.00000000,1522.00000000,0.00000000,3041.00542170,66,4
9253.69135838,9253.72600000,0.00000000,1548.00000000,0.00000000,3041.79931633,66,4
9253.89802661,9253.89000000,0.00000000,1553.00000000,0.00000000,3041.95073920,66,4
9254.80226613,9254.80200000,1574.89302579,1574.89948366,0.08868444,3042.60920880,66,0
9255.17178685,9255.15900000,0.00000000,1583.88194901,0.02620116,3042.87705680,66,0
9256.04014412,9256.04000000,0.00000000,1605.00000000,0.00000000,3043.50165448,66,4
9256.28646200,9256.26700000,0.00000000,1611.00000000,0.00000000,3043.67780264,66,4
9256.51043181,9256.51900000,0.00000000,1616.45935059,0.00000000,3043.83757447,66,2
9258.57694538,9258.59300000,0.00000000,1667.00000000,0.00000000,3045.29388767,66,4
9259.71377046,9259.71200000,1694.87998284,1694.92355609,0.05293140,3046.08085281,66,0
9260.24011545,9260.24000000,1707.88493926,1707.88778520,0.04684481,3046.44195378,66,0
9261.61090576,9261.61000000,1741.72823271,1741.75065486,0.03395635,3047.37239261,66,0
9262.97874991,9262.97900000,1775.68528303,1775.67906721,0.03434344,3048.28611863,66,0
9183.92554312,9263.74500000,0.00000000,-1.00000000,0.00000000,2975.40751706,66,4
9265.07758400,9265.07500000,1827.95145080,1828.01608976,0.10809243,3049.65927163,66,0
9265.53183486,9265.52000000,0.00000000,1839.39648438,0.00000000,3049.95202105,66,2
9266.63188703,9266.60900000,0.00000000,1867.00000000,0.00000000,3050.65343583,66,4
9267.01681333,9267.01600000,1876.64980496,1876.67027403,0.02271837,3050.89626072,66,0
9267.88256541,9267.88000000,1898.42515507,1898.48990360,0.02139208,3051.43863336,66,0
9269.04615258,9269.04600000,1927.90637973,1927.91024409,0.05703679,3052.15780973,66,0
9270.20253817,9270.20200000,1957.23483828,1957.24851804,0.06313734,3052.86111202,66,0
9271.25296625,9271.23500000,0.00000000,1984.00000000,0.00000000,3053.49033286,66,4
9271.46458772,9271.46900000,0.00000000,1989.39916992,0.00000000,3053.61593022,66,2
9271.79284548,9271.78600000,0.00000000,1997.78138110,0.05269119,3053.80999088,66,0
9273.10865267,9273.10800000,2031.44570404,2031.46244362,0.07049846,3054.57836129,66,0
9275.28100487,9275.28600000,0.00000000,2087.40600586,0.00000000,3055.81427682,66,2
9275.50562099,9275.52300000,0.00000000,2093.21240234,0.00000000,3055.93966862,66,2
9277.34792492,9277.34900000,0.00000000,2141.00000000,0.00000000,3056.95106096,66,4
9278.99601269,9278.98600000,0.00000000,2184.00000000,0.00000000,3057.82972107,66,4
9280.12122204,9280.12800000,0.00000000,2213.49560547,0.00000000,3058.41522925,66,2
9281.05275100,9281.07900000,0.00000000,2238.00000000,0.00000000,3058.89101141,66,4
9281.69725568,9281.70900000,0.00000000,2255.00000000,0.00000000,3059.21540916,66,4
9183.92554312,9283.47500000,0.00000000,-1.00000000,0.00000000,2975.40751706,66,4
9284.59855407,9284.58000000,0.00000000,2332.00000000,0.00000000,3060.62648892,66,4
9285.19773299,9285.19900000,0.00000000,2348.00000000,0.00000000,3060.90772305,66,4
9285.99247396,9286.01400000,0.00000000,2369.27465820,0.00000000,3061.27528633,66,2
9286.60332519,9286.59700000,0.00000000,2385.66773043,0.04179743,3061.55353852,66,0
9287.35910846,9287.36800000,0.00000000,2406.00000000,0.00000000,3061.89264100,66,5
9288.28558492,9288.25400000,0.00000000,2431.00000000,0.00000000,3062.30046524,66,4
9288.47749401,9288.48500000,0.00000000,2436.18896484,0.00000000,3062.38385099,66,1
9288.64029870,9288.63700000,2440.50003808,2440.58931355,0.07012456,3062.45422394,66,0
9289.57475678,9289.57700000,2465.98076642,2465.91983757,0.07878755,3062.85325801,66,0
9290.38633933,9290.43800000,0.00000000,2488.00000000,0.00000000,3063.19265521,66,4
9291.43209637,9291.42900000,2516.44986512,2516.53452992,0.03330405,3063.61962582,66,0
9292.33459247,9292.34200000,0.00000000,2541.25830078,0.00000000,3063.97896287,66,2
9295.65750502,9295.66400000,0.00000000,2633.00000000,0.00000000,3065.22619742,66,4
9296.51078280,9296.49800000,0.00000000,2656.74661850,0.14426927,3065.52691398,66,0
9296.87834443,9296.85700000,0.00000000,2667.00000000,0.00000000,3065.65394522,66,4
9298.00481167,9298.01100000,0.00000000,2698.51513672,0.00000000,3066.03376867,66,2
9298.80547490,9298.81200000,0.00000000,2721.00000000,0.00000000,3066.29495669,66,5
9299.33820668,9299.30600000,0.00000000,2736.00000000,0.00000000,3066.46465908,66,5
9300.15325178,9300.16500000,0.00000000,2759.01049805,0.00000000,3066.71792414,66,2
9300.32789990,9300.33900000,0.00000000,2763.95092773,0.00000000,3066.77118552,66,2
9302.06876725,9302.06900000,2813.38382934,2813.37719613,0.04189827,3067.28232333,66,0
9302.78235998,9302.78600000,2833.84906827,2833.74503666,0.06463897,3067.48146568,66,0
9304.24835564,9304.25700000,0.00000000,2875.77514648,0.00000000,3067.87119872,66,2
9304.44728895,9304.44300000,2881.36769931,2881.49111748,0.22375155,3067.92199367,66,0
9305.99219520,9305.99200000,2926.08393873,2926.08959074,0.07866649,3068.30015912,66,0
9307.41327463,9307.41400000,2967.38644740,2967.36531503,0.04293690,3068.62145424,66,0
9307.78755176,9307.78700000,2978.26176807,2978.27786828,0.05080837,3068.70178609,66,0
9309.85857363,9309.87400000,0.00000000,3039.00000000,0.00000000,3069.11353552,66,4
9310.38635128,9310.38500000,3054.50364677,3054.54353477,0.04641998,3069.20932305,66,0
9312.74511714,9312.74100000,0.00000000,3124.53247070,0.00000000,3069.59205777,66,1
9183.92554312,9314.20600000,0.00000000,-1.00000000,0.00000000,2975.40751706,66,4
9315.17298895,9315.18000000,0.00000000,3197.33050984,0.05789164,3069.90573417,66,0
9316.70188926,9316.70500000,3243.67549982,3243.58105041,0.09995512,3070.06025340,66,0
9321.01892565,9321.00900000,0.00000000,3376.00000000,0.00000000,3070.30998186,66,4
9322.01387563,9322.01400000,3406.89744948,3406.89357634,0.06847170,3070.32709888,66,0
9323.10967686,9323.10600000,3440.99790674,3441.11301475,0.10992774,3070.32786273,66,0
9324.24724691,9324.24700000,3476.81868101,3476.82645544,0.07171309,3070.30824880,66,0
9324.71899472,9324.71800000,3491.66662259,3491.69801773,0.07018133,3070.29392941,66,0
9325.77133405,9325.77200000,0.00000000,3525.00000000,0.00000000,3070.24873631,66,4
9327.51112384,9327.51200000,3580.45090137,3580.42285624,0.07580548,3070.13325269,66,0
9327.81209824,9327.81200000,3590.06193305,3590.06508294,0.07822020,3070.10801946,66,0
9328.66225073,9328.66100000,3617.34090025,3617.38116410,0.06796241,3070.02825422,66,0
9330.17684127,9330.17600000,3666.31645701,3666.34377701,0.07278661,3069.85462447,66,0
9330.80712860,9330.80600000,3686.80979535,3686.84656608,0.07612823,3069.77021863,66,0
9331.29593829,9331.29400000,3702.72855793,3702.79186445,0.06875514,3069.69979746,66,0
9332.00481793,9332.00500000,3725.99363527,3725.98766626,0.06733547,3069.58988761,66,0
9333.19110878,9333.22900000,0.00000000,3765.00000000,0.00000000,3069.38505903,66,5
9334.22885627,9334.22900000,3799.34288188,3799.33811374,0.07039015,3069.18402357,66,0
9334.64021644,9334.66400000,0.00000000,3813.00000000,0.00000000,3069.09863262,66,5
9334.93192462,9334.93200000,3822.70935422,3822.70684370,0.09915919,3069.03609083,66,0
9338.54131769,9338.53000000,0.00000000,3944.18360208,0.12502979,3068.12178280,66,0
9340.11657041,9340.13900000,0.00000000,3998.00000000,0.00000000,3067.63866849,66,5
9341.74021560,9341.75000000,0.00000000,4054.00000000,0.00000000,3067.08494815,66,4
9325.76834684,9325.77200000,0.00000000,11.00000000,0.00000000,3078.05242205,65,4
9327.51230016,9327.51200000,46.36127906,46.36737482,0.20908065,3080.00330735,65,0
9327.81298707,9327.81200000,52.45565637,52.47571400,0.01117149,3080.33821756,65,0
9328.67559038,9328.66100000,0.00000000,70.00000000,0.00000000,3081.29572749,65,4
9330.18162562,9330.17600000,100.58975077,100.70457769,0.11425193,3082.96153065,65,0
9330.80566872,9330.80600000,113.45980262,113.45303248,0.04152428,3083.64872833,65,0
9331.27312837,9331.29400000,0.00000000,123.00000000,0.00000000,3084.16164589,65,4
9332.00454282,9332.00500000,137.99284523,137.98347985,0.02362556,3084.96369798,65,0
9333.17601456,9333.22900000,0.00000000,162.00000000,0.00000000,3086.24177249,65,5
9334.19765331,9334.22900000,0.00000000,183.00000000,0.00000000,3087.35173968,65,4
9334.63485678,9334.66400000,0.00000000,192.00000000,0.00000000,3087.82527510,65,4
9334.92904766,9334.93200000,198.12573622,198.06490333,0.12879575,3088.14364764,65,0
9335.99258146,9335.96200000,0.00000000,220.00000000,0.00000000,3089.29018893,65,4
9338.55233987,9338.53000000,0.00000000,273.00000000,0.00000000,3092.02863065,65,4
9340.13938649,9340.13900000,0.00000000,306.00000000,0.00000000,3093.71093153,65,4
9345.20197412,9345.22300000,0.00000000,412.00000000,0.00000000,3098.99644574,65,4
9347.36963945,9347.36600000,457.65713099,457.73409396,0.01645705,3101.22119304,65,0
9348.12927217,9348.13000000,473.83025891,473.81484033,0.03251021,3101.99546320,65,0
9349.22593056,9349.22400000,497.03141262,497.07240052,0.07006773,3103.10794119,65,0
9350.30471874,9350.33900000,0.00000000,520.00000000,0.00000000,3104.19613100,65,4
9352.24161096,9352.25000000,0.00000000,561.30804443,0.00000000,3106.13537812,65,2
9352.46109269,9352.44200000,0.00000000,566.00000000,0.00000000,3106.35391266,65,4
9352.78834379,9352.81400000,0.00000000,573.00000000,0.00000000,3106.67929009,65,4
9354.67421206,9354.67300000,613.41182216,613.43786264,0.01613682,3108.54352871,65,0
9358.98062257,9355.66200000,0.00000000,706.42095173,16.45730173,3112.73046674,65,0
9355.90865855,9355.91500000,0.00000000,640.00000000,0.00000000,3109.75377657,65,4
9358.22313833,9358.24700000,0.00000000,690.00000000,0.00000000,3112.00115306,65,4
9359.00730976,9358.99500000,0.00000000,707.00000000,0.00000000,3112.75610522,65,4
9359.23768248,9359.23300000,0.00000000,712.00000000,0.00000000,3112.97726566,65,4
9360.53574354,9360.52500000,0.00000000,740.22228944,0.06976772,3114.21805824,65,0
9362.63305100,9362.65700000,0.00000000,786.00000000,0.00000000,3116.20343677,65,4
9363.43659611,9363.43900000,803.63590321,803.58321261,0.04314966,3116.95706146,65,0
9363.91986027,9363.91800000,814.14070722,814.18152641,0.03966716,3117.40890811,65,0
9364.45733662,9364.48500000,0.00000000,826.00000000,0.00000000,3117.91064410,65,5
9365.82045525,9365.81700000,0.00000000,856.00000000,0.00000000,3119.17415971,65,4
9366.98825319,9367.00300000,0.00000000,881.77817126,0.04213868,3120.24829811,65,0
9367.94721619,9367.96300000,0.00000000,903.00000000,0.00000000,3121.12455681,65,4
9370.55691574,9370.53600000,0.00000000,961.00000000,0.00000000,3123.48243588,65,4
9372.66514761,9372.67100000,1008.24988139,1008.11873126,0.11513668,3125.35810453,65,0
9373.23935527,9373.30300000,0.00000000,1021.00000000,0.00000000,3125.86465346,65,4
9373.45992449,9373.46400000,0.00000000,1025.95117188,0.00000000,3126.05864509,65,2
9377.09767259,9377.10100000,0.00000000,1108.00000000,0.00000000,3129.21594646,65,4
9381.44311668,9381.42700000,0.00000000,1207.00000000,0.00000000,3132.88126761,65,4
9382.97855250,9382.97700000,1242.19362650,1242.22933344,0.07830821,3134.14750985,65,0
9383.71425659,9383.70400000,0.00000000,1259.18293390,0.16402045,3134.74974760,65,0
9385.43820315,9385.43400000,0.00000000,1299.00000000,0.00000000,3136.14595744,65,4
9385.65413563,9385.69300000,0.00000000,1304.00000000,0.00000000,3136.31948122,65,4
9387.27662961,9387.27600000,1341.63813660,1341.65278035,0.03668922,3137.61328017,65,0
9387.72082805,9387.74500000,0.00000000,1352.00000000,0.00000000,3137.96482493,65,4
9388.45006119,9388.47600000,0.00000000,1369.00000000,0.00000000,3138.53865300,65,4
9389.55557085,9389.55600000,1394.83802242,1394.82797668,0.04041072,3139.40155835,65,0
9391.14009159,9391.11000000,0.00000000,1432.00000000,0.00000000,3140.62460671,65,4
9391.59083679,9391.60200000,0.00000000,1442.60144043,0.00000000,3140.96934086,65,2
9392.75318083,9392.74900000,0.00000000,1470.00000000,0.00000000,3141.85189372,65,4
9393.39681491,9393.41400000,0.00000000,1485.20935059,0.00000000,3142.33659323,65,2
9393.60570667,9393.61300000,0.00000000,1490.15136719,0.00000000,3142.49328598,65,2
9394.65419211,9394.66800000,0.00000000,1515.00000000,0.00000000,3143.27518106,65,4
9395.76295718,9395.76900000,0.00000000,1541.35632324,0.00000000,3144.09364894,65,2
9398.00718612,9398.01500000,0.00000000,1594.95574709,0.09629128,3145.72360872,65,0
9399.89135932,9399.89600000,1640.32868010,1640.21689111,0.04630479,3147.06396530,65,0
9400.79431349,9400.77500000,0.00000000,1662.00000000,0.00000000,3147.69728531,65,4
9401.83354432,9401.83200000,1687.09017495,1687.12758251,0.06460875,3148.41834915,65,0
9403.11123222,9403.12100000,0.00000000,1718.14624023,0.00000000,3149.29443825,65,2
9403.29080129,9403.29400000,0.00000000,1722.51367188,0.00000000,3149.41654711,65,2
9403.51623999,9403.54000000,0.00000000,1728.00000000,0.00000000,3149.56950378,65,5
9404.29535326,9404.29800000,1747.04335405,1746.97876831,0.06864602,3150.09488513,65,0
9405.31883075,9405.27500000,0.00000000,1772.00000000,0.00000000,3150.77867145,65,4
9406.85608824,9406.85600000,1809.69902228,1809.70119221,0.05662903,3151.78993576,65,0
9408.20020860,9408.20200000,0.00000000,1842.82641602,0.00000000,3152.65956520,65,1
9408.97593493,9408.98100000,0.00000000,1862.00000000,0.00000000,3153.15485043,65,5
9410.22625774,9410.25500000,0.00000000,1893.00000000,0.00000000,3153.94310701,65,4
9411.19095705,9411.20900000,0.00000000,1917.00000000,0.00000000,3154.54274139,65,4
9412.73517919,9412.73300000,1955.50829092,1955.56284551,0.02361383,3155.48679934,65,0
9415.17957341,9415.18700000,0.00000000,2017.00000000,0.00000000,3156.94137907,65,4
9415.57568565,9415.55900000,0.00000000,2027.00000000,0.00000000,3157.17238678,65,4
9415.89627927,9415.88700000,0.00000000,2035.10276769,0.11852372,3157.35838611,65,0
9416.53726820,9416.53700000,2051.30712367,2051.31391749,0.08379448,3157.72734059,65,0
9417.05840221,9417.05800000,2064.51682651,2064.52703408,0.06612569,3158.02493218,65,0
9417.88332719,9417.88800000,0.00000000,2085.51049805,0.00000000,3158.49175471,65,2
9418.10047135,9418.10000000,2091.01085724,2091.02286345,0.09365246,3158.61321352,65,0
9419.25551435,9419.25600000,2120.51053086,2120.49811517,0.02575516,3159.25436683,65,0
9420.48186804,9420.46800000,0.00000000,2151.92365316,0.24835693,3159.92253907,65,0
9421.95997091,9421.96000000,2189.94557981,2189.94482932,0.15149298,3160.70969740,65,0
9423.05494298,9423.08500000,0.00000000,2218.25024414,0.00000000,3161.28060027,65,2
9424.77848631,9424.82000000,0.00000000,2263.00000000,0.00000000,3162.15686887,65,5
9426.68611212,9426.68900000,2312.91272185,2312.83702544,0.05138711,3163.09482639,65,0
9427.26404077,9427.27300000,0.00000000,2328.00000000,0.00000000,3163.37227199,65,4
9427.64454733,9427.62700000,0.00000000,2338.00000000,0.00000000,3163.55322350,65,4
9430.04828516,9430.05100000,2401.54452849,2401.47251908,0.03074717,3164.66425709,65,0
9431.03499553,9431.03900000,2427.79792359,2427.69134664,0.07233508,3165.10428261,65,0
9431.38105438,9431.38100000,2436.90108106,2436.90253006,0.07246029,3165.25624767,65,0
9431.98420828,9431.98400000,2452.98728939,2452.99285214,0.02586012,3165.51843030,65,0
9432.27213362,9432.27400000,2460.73675858,2460.68685772,0.07459674,3165.64232827,65,0
9432.93733712,9432.93900000,2478.53858884,2478.49402034,0.02382486,3165.92542900,65,0
9433.66414216,9433.65400000,0.00000000,2498.00000000,0.00000000,3166.22968597,65,4
9435.22289072,9435.26100000,0.00000000,2540.00000000,0.00000000,3166.86404037,65,4
9435.84872075,9435.85100000,2556.98794209,2556.92622084,0.08905507,3167.11167103,65,0
9436.40025880,9436.43100000,0.00000000,2571.88409956,0.11899808,3167.32667157,65,0
9436.99340827,9437.00900000,0.00000000,2588.00000000,0.00000000,3167.55429239,65,5
9438.01166892,9437.99500000,0.00000000,2615.74977879,0.07224356,3167.93644761,65,0
9438.82342474,9438.83000000,0.00000000,2637.94825343,0.04493740,3168.23324355,65,0
9440.78976918,9440.79000000,2691.99675555,2691.99038556,0.06444939,3168.92268936,65,0
9441.99496191,9442.01500000,0.00000000,2725.34050643,0.11867507,3169.32474312,65,0
9442.87151704,9442.86800000,2749.58108619,2749.67892667,0.09247894,3169.60687928,65,0
9443.86242722,9443.86400000,2777.33901140,2777.29508913,0.08556784,3169.91548980,65,0
9444.13312751,9444.13400000,2784.88331134,2784.85891893,0.07788355,3169.99787893,65,0
9444.71907130,9444.71900000,2801.25802096,2801.26001907,0.04927284,3170.17337241,65,0
9445.79862612,9445.79600000,2831.50775485,2831.58166473,0.10006578,3170.48644362,65,0
9446.36274155,9446.37100000,0.00000000,2847.48163677,0.07983395,3170.64471155,65,0
9446.71810916,9446.72100000,2857.59334005,2857.51165834,0.03950130,3170.74246264,65,0
9447.72446952,9447.71000000,0.00000000,2886.00000000,0.00000000,3171.01129903,65,4
9447.83800543,9447.83700000,2889.19562446,2889.22415479,0.10722229,3171.04090394,65,0
9448.14716337,9448.14600000,0.00000000,2898.00000000,0.00000000,3171.12064065,65,4
9449.06049181,9449.09500000,0.00000000,2924.00000000,0.00000000,3171.34961992,65,4
9449.44586653,9449.48500000,0.00000000,2935.00000000,0.00000000,3171.44323035,65,5
9450.17221214,9450.17300000,2955.79229660,2955.76972435,0.06096955,3171.61468808,65,0
9450.42404673,9450.45100000,0.00000000,2963.00000000,0.00000000,3171.67275131,65,4
9451.91253138,9451.91200000,3005.79643843,3005.81177458,0.07100986,3171.99937130,65,0
9453.98806066,9454.00400000,0.00000000,3066.00000000,0.00000000,3172.40884896,65,4
9454.79400568,9454.79300000,3089.47732308,3089.50671580,0.04124776,3172.55300013,65,0
9455.20584410,9455.20500000,3101.52778435,3101.55249165,0.04085719,3172.62343647,65,0
9455.86907318,9455.84900000,0.00000000,3121.00000000,0.00000000,3172.73224535,65,4
9456.47414710,9456.47200000,3138.71522466,3138.77843510,0.10820872,3172.82641255,65,0
9457.12581754,9457.12300000,0.00000000,3158.00000000,0.00000000,3172.92252541,65,4
9458.44393825,9458.44400000,3197.01906239,3197.01722858,0.07679932,3173.09941895,65,0
9459.43822577,9459.43800000,3226.60865431,3226.61539018,0.05343455,3173.21734346,65,0
9462.41047261,9462.40900000,3315.83494500,3315.87947575,0.06475162,3173.48804256,65,0
9464.56458768,9464.56300000,3381.30464558,3381.35315429,0.06316594,3173.60552095,65,0
9465.81292042,9465.80900000,3419.49403202,3419.61452023,0.04741056,3173.64242623,65,0
9466.42555457,9466.45803167,0.00000000,3438.47625509,0.03889140,3173.65200429,65,0
9467.90595813,9467.90500000,3484.23941627,3484.26916879,0.07181704,3173.65159081,65,0
9468.53978611,9468.54100000,3504.01968499,3503.98187375,0.09474694,3173.64109291,65,0
9470.23475071,9470.25600000,0.00000000,3557.00000000,0.00000000,3173.58205132,65,4
9472.50367080,9472.51800000,0.00000000,3628.68188477,0.00000000,3173.43084089,65,2
9474.43016967,9474.42900000,3690.16102896,3690.19858565,0.07774134,3173.23567245,65,0
9475.27637019,9475.27200000,0.00000000,3717.42983731,0.05822860,3173.12999826,65,0
9476.83019326,9476.84100000,0.00000000,3767.73706055,0.00000000,3172.90366892,65,2
9477.85001619,9477.82300000,0.00000000,3800.98543986,0.05081049,3172.73194055,65,0
9478.84655876,9478.85400000,0.00000000,3833.65452667,0.05063244,3172.54604409,65,0
9479.34311259,9479.32900000,0.00000000,3850.00000000,0.00000000,3172.44665118,65,4
9480.02930388,9480.03000000,3872.67415500,3872.65112375,0.06948484,3172.30187984,65,0
9481.24271243,9481.22700000,0.00000000,3912.95140912,0.08240390,3172.02410589,65,0
9481.90324405,9481.91900000,0.00000000,3935.00000000,0.00000000,3171.86119069,65,4
9482.58962446,9482.62200000,0.00000000,3958.00000000,0.00000000,3171.68300028,65,4
9483.73103586,9483.73000000,3996.43117604,3996.46618678,0.06717255,3171.36617698,65,0
9485.54238123,9485.49700000,0.00000000,4058.00000000,0.00000000,3170.81042649,65,4
9486.38909680,9486.39800000,0.00000000,4087.00000000,0.00000000,3170.52764063,65,5
9472.49429382,9472.51800000,0.00000000,31.00000000,0.00000000,3184.24855819,64,4
9472.79464941,9472.80200000,0.00000000,37.00000000,0.00000000,3184.58080266,64,4
9474.39362620,9474.42900000,0.00000000,69.00000000,0.00000000,3186.34302463,64,4
9475.27295940,9475.27200000,0.00000000,86.64002228,0.00000000,3187.30743091,64,2
9477.84973474,9477.82300000,0.00000000,138.50584917,0.01104226,3190.11411443,64,0
9480.00060202,9480.03000000,0.00000000,182.00000000,0.00000000,3192.43452411,64,4
9481.23276868,9481.22700000,0.00000000,207.00000000,0.00000000,3193.75454717,64,4
9483.73140913,9483.73000000,257.85408688,257.88285678,0.05202419,3196.41026262,64,0
9486.37487960,9486.39800000,0.00000000,312.00000000,0.00000000,3199.18924477,64,4
9487.38343535,9487.37200000,0.00000000,332.72312891,0.12831866,3200.24097431,64,0
9489.57972741,9489.54900000,0.00000000,378.00000000,0.00000000,3202.51489691,64,4
9490.20849267,9490.20900000,0.00000000,391.00000000,0.00000000,3203.16172025,64,5
9491.40940402,9491.39900000,0.00000000,415.87671131,0.02491032,3204.39192716,64,0
9494.92196183,9494.93300000,0.00000000,489.00000000,0.00000000,3207.95061595,64,4
9496.39478165,9496.39500000,519.82947250,519.82489602,0.02623855,3209.42509974,64,0
9497.35637753,9497.36800000,0.00000000,540.00000000,0.00000000,3210.38191667,64,4
9498.06996612,9498.08000000,0.00000000,555.00000000,0.00000000,3211.08907440,64,4
9499.06714348,9499.09500000,0.00000000,576.00000000,0.00000000,3212.07303933,64,4
9500.77157415,9500.72700000,0.00000000,612.00000000,0.00000000,3213.74339960,64,4
9501.47486229,9501.47500000,626.89480026,626.89188172,0.06250733,3214.42829604,64,0
9501.81004883,9501.84200000,0.00000000,634.00000000,0.00000000,3214.75395485,64,4
9502.70500590,9502.72600000,0.00000000,653.00000000,0.00000000,3215.62046777,64,4
9503.17481163,9503.17700000,663.03073345,662.98419604,0.07658159,3216.07348872,64,0
9503.64515489,9503.64100000,0.00000000,673.00000000,0.00000000,3216.52633950,64,4
9506.12706119,9506.13300000,0.00000000,726.00000000,0.00000000,3218.89591381,64,4
9506.59379904,9506.62500000,0.00000000,736.00000000,0.00000000,3219.33795804,64,4
9508.54873156,9508.60200000,0.00000000,778.00000000,0.00000000,3221.17705461,64,4
9509.15036758,9509.15400000,0.00000000,790.96325684,0.00000000,3221.73898445,64,2
9510.03238043,9510.02700000,0.00000000,810.00000000,0.00000000,3222.55930931,64,5
9510.76446577,9510.76900000,825.92371629,825.82558812,0.20810532,3223.23684257,64,0
9512.34048627,9512.30000000,0.00000000,860.00000000,0.00000000,3224.68625395,64,4
9513.12481662,9513.09700000,0.00000000,877.05182701,0.08563227,3225.40246556,64,0
9513.81120556,9513.79700000,0.00000000,892.00000000,0.00000000,3226.02648977,64,4
9514.29534595,9514.29300000,902.49297685,902.54418738,0.06480303,3226.46451390,64,0
9515.87085225,9515.87900000,0.00000000,937.00000000,0.00000000,3227.88345636,64,4
9517.51136442,9517.50400000,0.00000000,973.00000000,0.00000000,3229.34568633,64,4
9518.10219619,9518.12600000,0.00000000,986.00000000,0.00000000,3229.86861476,64,4
9518.49356809,9518.49600000,994.67767359,994.62406978,0.04815525,3230.21402750,64,0
9519.00031669,9518.99800000,1005.74859885,1005.79971804,0.05844086,3230.65986533,64,0
9520.65614417,9520.66200000,0.00000000,1042.40747070,0.00000000,3232.10628254,64,3
9521.17156152,9521.16600000,1053.70532567,1053.82869386,0.08411643,3232.55315858,64,0
9521.86371352,9521.86400000,1069.20737132,1069.20100658,0.03822280,3233.15133170,64,0
9522.25980378,9522.25900000,1077.98681732,1078.00469030,0.05004150,3233.49220048,64,0
9525.08220256,9525.06500000,0.00000000,1141.00000000,0.00000000,3235.89511124,64,4
9525.34963422,9525.35100000,1147.00947885,1146.97886672,0.05566379,3236.11987067,64,0
9526.32955523,9526.33400000,0.00000000,1168.98132324,0.00000000,3236.94206737,64,2
9528.79539762,9528.80500000,0.00000000,1224.55566406,0.00000000,3238.98429443,64,2
9531.54770325,9531.57700000,0.00000000,1287.00000000,0.00000000,3241.22001386,64,4
9532.67501428,9532.67700000,1312.74443578,1312.69908748,0.03893950,3242.12200634,64,0
9534.52913958,9534.52900000,1355.13425850,1355.13746090,0.05131950,3243.58838619,64,0
9535.41794441,9535.41200000,0.00000000,1375.56538725,0.02756735,3244.28396287,64,0
9536.99872436,9537.01200000,0.00000000,1412.00000000,0.00000000,3245.50800049,64,4
9538.96552865,9538.96600000,1457.54352131,1457.53257746,0.00751041,3247.00783814,64,0
9542.58779579,9542.58700000,1542.03937388,1542.05803370,0.06377110,3249.70418131,64,0
9543.90991746,9543.90900000,1573.09951054,1573.12110705,0.06123227,3250.66637512,64,0
9545.81119875,9545.83600000,0.00000000,1618.00000000,0.00000000,3252.02927034,64,4
9546.24737150,9546.24300000,1628.22025788,1628.32382408,0.03465254,3252.33823080,64,0
9546.97721358,9546.99000000,0.00000000,1645.63592550,0.24531006,3252.85250406,64,0
9547.49763351,9547.46100000,0.00000000,1658.00000000,0.00000000,3253.21685793,64,4
9549.49319890,9549.49000000,1705.50155233,1705.57804371,0.10981400,3254.59612507,64,0
9550.18751847,9550.19500000,0.00000000,1722.20019531,0.00000000,3255.06946376,64,2
9550.39635661,9550.38300000,0.00000000,1727.20543323,0.12734557,3255.21112954,64,0
9551.59532323,9551.59200000,0.00000000,1756.00000000,0.00000000,3256.01833751,64,4
9552.22916925,9552.26800000,0.00000000,1771.26330566,0.00000000,3256.44084414,64,2
9553.60477441,9553.60500000,1804.48374522,1804.47828536,0.01083831,3257.34740539,64,0
9554.78235861,9554.79300000,0.00000000,1833.03473267,0.21226861,3258.11272038,64,0
9555.00883185,9555.02100000,0.00000000,1838.53662109,0.00000000,3258.25867392,64,2
9555.21666170,9555.22900000,0.00000000,1843.58886719,0.00000000,3258.39227328,64,2
9557.69173568,9557.69100000,0.00000000,1904.00000000,0.00000000,3259.95815680,64,4
9560.55439215,9560.55500000,1974.45529845,1974.44027211,0.01438773,3261.71035321,64,0
9561.42550306,9561.42600000,0.00000000,1996.00000000,0.00000000,3262.23080308,64,4
9562.89624678,9562.86100000,0.00000000,2032.53258163,0.20168346,3263.09574244,64,0
9565.01220561,9565.01100000,2085.34513325,2085.37535553,0.03813151,3264.30911345,64,0
9566.53543081,9566.53200000,2123.57359218,2123.66000496,0.07756398,3265.16033651,64,0
9567.86923348,9567.87000000,2157.33840870,2157.31901918,0.02593135,3265.88937322,64,0
9568.69224409,9568.69300000,2178.18614760,2178.16697192,0.05849281,3266.33185411,64,0
9570.56176758,9570.56000000,2225.69975172,2225.74487359,0.04287072,3267.31565970,64,0
9572.95329360,9572.96400000,0.00000000,2287.02326263,0.23184664,3268.52949944,64,0
9573.17289755,9573.16900000,2292.57239390,2292.67273929,0.15263818,3268.63838894,64,0
9574.54332714,9574.54300000,2328.03375387,2328.04221486,0.07109674,3269.30852717,64,0
9574.88235708,9574.87600000,0.00000000,2336.81476867,0.11103581,3269.47164763,64,0
9576.02418704,9576.02500000,2366.45614442,2366.43501312,0.09637876,3270.01334074,64,0
9576.46841919,9576.49600000,0.00000000,2378.00000000,0.00000000,3270.22103845,64,4
9577.02159531,9577.03100000,0.00000000,2392.41751031,0.39333706,3270.47697510,64,0
9578.24306666,9578.25500000,0.00000000,2424.35154313,0.09937147,3271.03204709,64,0
9578.75888723,9578.76500000,0.00000000,2437.87823094,0.15093176,3271.26225777,64,0
9579.55771170,9579.55700000,2458.85111726,2458.86985309,0.05932801,3271.61373128,64,0
9580.56352583,9580.56300000,2485.38265934,2485.39655212,0.04052059,3272.04782201,64,0
9582.17163803,9582.16000000,0.00000000,2528.00000000,0.00000000,3272.72149505,64,5
9582.61068051,9582.61000000,2539.65693254,2539.67503941,0.05648503,3272.90105166,64,0
9582.92336053,9582.92100000,0.00000000,2548.00000000,0.00000000,3273.02775713,64,4
9584.45426276,9584.45300000,2588.85958403,2588.89341241,0.09020058,3273.63409403,64,0
9584.71699813,9584.71200000,2595.80596425,2595.94000039,0.10234038,3273.73588038,64,0
9586.72995390,9586.72800000,2650.06059949,2650.11338834,0.10299885,3274.49194452,64,0
9587.23966227,9587.24000000,2663.90734524,2663.89820240,0.02553856,3274.67685756,64,0
9588.46957567,9588.47000000,2697.28387341,2697.27233221,0.04642626,3275.11199244,64,0
9590.57682756,9590.57800000,2754.85371600,2754.82156938,0.06156773,3275.82058982,64,0
9591.85648010,9591.86500000,0.00000000,2790.00000000,0.00000000,3276.22772288,64,5
9592.38126181,9592.38200000,2804.48856943,2804.46818588,0.05169639,3276.38944054,64,0
9593.59255801,9593.61100000,0.00000000,2838.00000000,0.00000000,3276.75140698,64,5
9594.04258738,9594.04200000,2850.47928904,2850.49561709,0.04529061,3276.88170770,64,0
9594.28400821,9594.28700000,2857.28899881,2857.20576794,0.08511145,3276.95065170,64,0
9595.95196514,9595.95100000,2903.74209192,2903.76911430,0.09426632,3277.40929338,64,0
9596.32888906,9596.32200000,0.00000000,2914.33116873,0.02656680,3277.50851772,64,0
9597.70585977,9597.70500000,2953.03007362,2953.05432295,0.06859948,3277.85708524,64,0
9599.38736945,9599.38700000,3000.63421947,3000.64471242,0.04123947,3278.25272839,64,0
9601.96321681,9601.96700000,3074.32394123,3074.21531109,0.03471840,3278.79331365,64,0
9602.82090730,9602.82300000,3098.95106310,3098.89075742,0.07743603,3278.95530566,64,0
9603.43016353,9603.43000000,0.00000000,3116.47338867,0.00000000,3279.06481342,64,1
9603.55218129,9603.55400000,0.00000000,3120.00000000,0.00000000,3279.08618460,64,4
9604.55787472,9604.51200000,0.00000000,3149.13807652,0.03388500,3279.25517712,64,0
9607.14993071,9607.15400000,3224.94769618,3224.82817876,0.09088013,3279.63094406,64,0
9609.37393662,9609.36700000,0.00000000,3290.47941367,0.04532457,3279.88295531,64,0
9610.88300412,9610.88400000,3335.41750695,3335.38775982,0.05380646,3280.01579740,64,0
9611.23735060,9611.23600000,3345.94060152,3345.98101207,0.08895129,3280.04245073,64,0
9611.60477933,9611.63000000,0.00000000,3357.00000000,0.00000000,3280.06827881,64,4
9614.32319962,9614.34800000,0.00000000,3439.00000000,0.00000000,3280.19974815,64,5
9615.14505471,9615.09100000,0.00000000,3464.00000000,0.00000000,3280.21853237,64,4
9616.51595976,9616.51700000,3505.95315301,3505.92123388,0.08368720,3280.22769729,64,0
9617.63639015,9617.64300000,0.00000000,3540.39477539,0.00000000,3280.21427027,64,2
9617.81122082,9617.80400000,0.00000000,3545.79091234,0.55135918,3280.21045612,64,0
9618.46463739,9618.45100000,0.00000000,3566.00000000,0.00000000,3280.19205320,64,4
9619.68980147,9619.69000000,3604.06189198,3604.05570341,0.07930745,3280.13975189,64,0
9620.77537444,9620.80700000,0.00000000,3638.00000000,0.00000000,3280.07365175,64,4
9621.20763672,9621.20700000,3651.51814396,3651.53814688,0.07756910,3280.04217353,64,0
9624.93731343,9624.95000000,0.00000000,3769.85546875,0.00000000,3279.64294467,64,1
9626.74043602,9626.74700000,0.00000000,3827.88735864,0.13741365,3279.36572304,64,0
9628.05316821,9628.05300000,3870.47919647,3870.48467503,0.06462016,3279.12814118,64,0
9628.74273255,9628.72900000,0.00000000,3893.00000000,0.00000000,3278.99090595,64,4
9629.65785509,9629.70400000,0.00000000,3923.00000000,0.00000000,3278.79552259,64,4
9631.47406326,9631.45700000,0.00000000,3983.00000000,0.00000000,3278.36182109,64,5
9632.10531390,9632.11900000,0.00000000,4004.00000000,0.00000000,3278.19650250,64,5
9632.42962043,9632.42600000,4014.70771147,4014.82860330,0.09210588,3278.10851650,64,0
9633.78880151,9633.78400000,0.00000000,4060.38247821,0.06451744,3277.71796009,64,0
9634.60738243,9634.60100000,0.00000000,4088.00000000,0.00000000,3277.46511929,64,4
9624.93269349,9624.95000000,0.00000000,71.83580780,0.00000000,3294.85715350,63,2
9628.05097505,9628.05300000,133.63181740,133.59160079,0.01558424,3298.22327874,63,0
9629.68055260,9629.70400000,0.00000000,166.00000000,0.00000000,3299.96562529,63,4
9630.98385883,9631.01900000,0.00000000,192.00000000,0.00000000,3301.35142543,63,4
9631.48424862,9631.45700000,0.00000000,202.00000000,0.00000000,3301.88157621,63,4
9632.13402252,9632.11900000,0.00000000,215.00000000,0.00000000,3302.56840541,63,4
9632.42998208,9632.42600000,220.84931143,220.92907551,0.06545703,3302.88076787,63,0
9632.73307824,9632.71400000,0.00000000,227.00000000,0.00000000,3303.20002661,63,4
9633.78553955,9633.78400000,248.08153472,248.11245644,0.09872160,3304.30574776,63,0
9635.59601521,9635.59900000,284.60066817,284.54051092,0.07040808,3306.19699222,63,0
9636.21348087,9636.27300000,0.00000000,297.00000000,0.00000000,3306.83902999,63,4
9637.79650010,9637.80900000,0.00000000,329.00000000,0.00000000,3308.47671936,63,4
9638.38883298,9638.41000000,0.00000000,341.00000000,0.00000000,3309.08666914,63,4
9640.50553356,9640.51100000,0.00000000,384.00000000,0.00000000,3311.25357864,63,4
9642.31958195,9642.31700000,0.00000000,421.00000000,0.00000000,3313.09466359,63,5
9642.61311519,9642.64400000,0.00000000,427.00000000,0.00000000,3313.39117220,63,4
9644.70915430,9644.71000000,469.96853846,469.95116877,0.03075451,3315.49706298,63,0
9648.00818452,9648.00900000,537.95043257,537.93356963,0.03053209,3318.77040599,63,0
9648.50827041,9648.51500000,0.00000000,548.28076172,0.00000000,3319.26219054,63,2
9648.75759805,9648.77300000,0.00000000,553.44342041,0.00000000,3319.50692749,63,2
9649.62476656,9649.62000000,571.31795334,571.41685871,0.03472143,3320.35566170,63,0
9651.82278492,9651.82200000,617.11872538,617.13508803,0.03185961,3322.49143391,63,0
9652.58301231,9652.58200000,0.00000000,633.00000000,0.00000000,3323.22482199,63,4
9653.58753451,9653.59600000,0.00000000,654.00000000,0.00000000,3324.18944263,63,4
9655.90141250,9655.90200000,702.54911896,702.53675840,0.01122184,3326.39214043,63,0
9662.99372592,9663.00000000,853.04862530,852.91453304,0.10359320,3332.97893786,63,0
9664.67864553,9664.68800000,0.00000000,889.00000000,0.00000000,3334.50606242,63,4
9664.95820859,9664.92800000,0.00000000,895.00000000,0.00000000,3334.75797282,63,4
9665.93525840,9665.96800000,0.00000000,916.00000000,0.00000000,3335.63515108,63,4
9666.95646258,9666.95000000,0.00000000,938.00000000,0.00000000,3336.54657772,63,4
9667.21257192,9667.21200000,943.51111353,943.52345661,0.07393266,3336.77419728,63,0
9668.22652334,9668.23000000,965.50751085,965.43229281,0.06774656,3337.67227270,63,0
9668.50542933,9668.50200000,971.39060335,971.46483892,0.10244479,3337.91821515,63,0
9669.08385842,9669.12800000,0.00000000,984.00000000,0.00000000,3338.42741338,63,4
9670.70088392,9670.70000000,1019.10238989,1019.12162250,0.04482459,3339.84079728,63,0
9671.66316460,9671.66500000,0.00000000,1040.08251953,0.00000000,3340.67496708,63,2
9673.06396546,9673.06500000,1070.70902855,1070.68639285,0.05440438,3341.88034014,63,0
9674.21912251,9674.23300000,0.00000000,1096.00000000,0.00000000,3342.86608873,63,4
9674.72007233,9674.70000000,0.00000000,1107.00000000,0.00000000,3343.29126677,63,4
9678.04027067,9678.03300000,0.00000000,1180.24765069,0.21899465,3346.07337645,63,0
9680.01056740,9680.03900000,0.00000000,1224.00000000,0.00000000,3347.69445571,63,4
9684.29978436,9684.32500000,0.00000000,1320.00000000,0.00000000,3351.14460790,63,4
9685.20753077,9685.20600000,1340.41134733,1340.44587179,0.01719279,3351.86046555,63,0
9686.95406158,9686.95700000,1379.99618829,1379.92959595,0.12884369,3353.22404974,63,0
9688.06232282,9688.06400000,0.00000000,1405.08630371,0.00000000,3354.07990266,63,2
9688.24060526,9688.24000000,1409.12128482,1409.13504578,0.09878917,3354.21670321,63,0
9689.02539733,9689.05600000,0.00000000,1427.00000000,0.00000000,3354.81721562,63,4
9690.55853051,9690.56800000,0.00000000,1462.00000000,0.00000000,3355.97897835,63,4
9691.46980570,9691.47800000,0.00000000,1482.87129605,0.06506272,3356.66248244,63,0
9693.54695314,9693.54700000,1530.62821216,1530.62713167,0.03297351,3358.20033009,63,0
9694.25448045,9694.25900000,1547.06922672,1546.96480421,0.12490318,3358.71810630,63,0
9694.84250979,9694.84100000,1560.51946203,1560.55440467,0.02658958,3359.14555319,63,0
9696.73148180,9696.73300000,1604.41878975,1604.38347564,0.04686055,3360.50412199,63,0
9698.70542171,9698.70400000,1650.39595207,1650.42920834,0.03197103,3361.89846486,63,0
9700.05959806,9700.05900000,1682.14971807,1682.16375924,0.06529809,3362.83979731,63,0
9700.68443452,9700.68600000,1696.88292157,1696.84610393,0.07402565,3363.26989191,63,0
9703.23240269,9703.18300000,0.00000000,1757.00000000,0.00000000,3364.99617732,63,5
9704.19271191,9704.26000000,0.00000000,1779.78334240,0.07654552,3365.63497422,63,0
nan,9704.62400000,0.00000000,-1.00000000,409949633400.49719238,0.00000000,63,0
9706.18373829,9706.19300000,0.00000000,1827.22314453,0.00000000,3366.93858144,63,2
9706.41007656,9706.42600000,0.00000000,1832.63354492,0.00000000,3367.08498001,63,2
9707.13151414,9707.13100000,1849.88546369,1849.89778318,0.07239320,3367.54901425,63,0
9707.99913425,9707.99500000,1870.61972565,1870.71904812,0.02894512,3368.10234742,63,0
9710.12687008,9710.16900000,0.00000000,1922.00000000,0.00000000,3369.43574841,63,5
9711.21405205,9711.20400000,0.00000000,1948.32845575,0.03707049,3370.10408640,63,0
9713.99204078,9713.99600000,0.00000000,2016.00000000,0.00000000,3371.77131973,63,4
9715.77901777,9715.77600000,2059.75161175,2059.82583270,0.03341393,3372.81221266,63,0
9717.37461897,9717.37400000,2099.16260638,2099.17791169,0.05919043,3373.72083225,63,0
9717.72426442,9717.72800000,2107.92848195,2107.83602319,0.12491734,3373.91743990,63,0
9720.30602943,9720.29600000,0.00000000,2172.00000000,0.00000000,3375.33733958,63,4
9721.34613819,9721.37000000,0.00000000,2198.00000000,0.00000000,3375.89407399,63,4
9721.94461036,9721.96100000,0.00000000,2213.00000000,0.00000000,3376.21038150,63,4
9724.27773943,9724.27600000,2271.71750529,2271.76147787,0.08032935,3377.41506973,63,0
9725.70788405,9725.68400000,0.00000000,2308.00000000,0.00000000,3378.13067029,63,4
9726.99050207,9726.98800000,2340.59062535,2340.65444222,0.03671457,3378.75763671,63,0
9727.59107955,9727.59800000,0.00000000,2355.98816195,0.07397022,3379.04620405,63,0
9729.47650731,9729.47200000,2404.22500454,2404.34096972,0.13061836,3379.93172459,63,0
9729.98792188,9729.98800000,2417.51100527,2417.50899194,0.02146491,3380.16645255,63,0
9731.39992381,9731.40500000,2454.12362140,2453.99214556,0.11695304,3380.80241738,63,0
9731.67035860,9731.68800000,0.00000000,2461.00000000,0.00000000,3380.92215909,63,4
9732.71706069,9732.72400000,0.00000000,2488.18530273,0.00000000,3381.37929694,63,2
9734.03363184,9734.03800000,2522.63629966,2522.52210824,0.04497091,3381.93994210,63,0
9736.76740602,9736.77000000,2594.40318495,2594.33470984,0.02817679,3383.05206422,63,0
9739.25121092,9739.24800000,2660.11202956,2660.19757175,0.08888212,3384.00020535,63,0
9742.95767581,9742.95800000,2759.64593487,2759.63717711,0.03435063,3385.30156283,63,0
9743.94133989,9743.94400000,2786.33124660,2786.25911554,0.06298137,3385.62340591,63,0
9744.32730133,9744.32400000,2796.64574524,2796.73539726,0.04781925,3385.74698370,63,0
9745.43530693,9745.44500000,0.00000000,2826.89037705,0.08830113,3386.09300153,63,0
9748.27773455,9748.28200000,2904.96270625,2904.84506447,0.06525156,3386.92088454,63,0
9748.75451268,9748.75500000,2918.02306439,2918.00960265,0.04937741,3387.05121424,63,0
9749.68529016,9749.68500000,2943.76393201,2943.77197894,0.04966043,3387.29834223,63,0
9750.93560130,9750.93400000,2978.48971019,2978.53434345,0.14120620,3387.61518940,63,0
9751.27465107,9751.25100000,0.00000000,2988.00000000,0.00000000,3387.69816064,63,5
9754.72417893,9754.71000000,0.00000000,3084.98182346,0.04987287,3388.46679861,63,0
9755.64122594,9755.68200000,0.00000000,3111.00000000,0.00000000,3388.64776939,63,4
9756.49623834,9756.49800000,3135.39483787,3135.34457625,0.04171288,3388.80743557,63,0
9756.94220126,9756.94600000,3148.19243072,3148.08384341,0.07010061,3388.88726456,63,0
9757.37261490,9757.37100000,3160.35132896,3160.39757889,0.06591765,3388.96199654,63,0
9760.08694971,9760.08600000,3238.56127758,3238.58879474,0.05351484,3389.38080866,63,0
9621.28155428,9762.10000000,0.00000000,-1.00000000,0.00000000,3290.86572674,63,4
9762.38090665,9762.38000000,3305.37058451,3305.39712795,0.05003735,3389.66241362,63,0
9763.32775472,9763.32700000,3333.15251042,3333.17469872,0.07954086,3389.75883748,63,0
9764.50862794,9764.45300000,0.00000000,3368.00000000,0.00000000,3389.86259081,63,4
9766.46182023,9766.47100000,0.00000000,3426.00000000,0.00000000,3389.99309558,63,5
9768.55753370,9768.56600000,0.00000000,3488.82519531,0.00000000,3390.07487215,63,2
9768.70912515,9768.70200000,0.00000000,3493.39388865,0.09159271,3390.07840354,63,0
9770.03108520,9770.02400000,0.00000000,3533.37671230,0.13956312,3390.09534152,63,0
9777.07179567,9777.07200000,3750.79355519,3750.78713124,0.07577160,3389.74925055,63,0
9777.39657803,9777.39500000,0.00000000,3761.00000000,0.00000000,3389.71481492,63,4
9778.08407540,9778.08500000,3782.72446916,3782.69525149,0.05993032,3389.63625733,63,0
9779.15452493,9779.15900000,0.00000000,3816.61075557,0.07464766,3389.49872778,63,0
9781.54271604,9781.56800000,0.00000000,3893.00000000,0.00000000,3389.12323829,63,4
9784.07204855,9784.04000000,0.00000000,3975.00000000,0.00000000,3388.61897227,63,4
9777.04356535,9777.07200000,0.00000000,11.00000000,0.00000000,3403.22564182,62,4
9778.08660228,9778.08500000,31.15172296,31.18274635,0.04278326,3404.35680912,62,0
9779.16114796,9779.15900000,0.00000000,52.00000000,0.00000000,3405.51686510,62,4
9781.21906126,9781.20500000,0.00000000,92.00000000,0.00000000,3407.72686500,62,4
9781.56275175,9781.56800000,98.80145336,98.69918203,0.06141021,3408.09454690,62,0
9781.93745727,9781.92900000,0.00000000,106.00000000,0.00000000,3408.49444936,62,4
9790.51128936,9790.51100000,274.56342936,274.56916571,0.05226184,3417.49558292,62,0
9793.06175909,9793.06400000,325.29817615,325.25352683,0.03508477,3420.11483916,62,0
9793.66190167,9793.66000000,337.18076830,337.21870625,0.02585138,3420.72728835,62,0
9794.40696114,9794.40500000,352.05498169,352.09416709,0.04135328,3421.48556752,62,0
9796.66643871,9796.66900000,397.39277185,397.34136770,0.01214719,3423.77068085,62,0
9797.74046697,9797.75700000,0.00000000,418.92895508,0.00000000,3424.84957786,62,1
9799.87724548,9799.85700000,0.00000000,462.00000000,0.00000000,3426.98027322,62,4
9800.82366254,9800.82100000,481.08316528,481.13705968,0.03930938,3427.91760818,62,0
9801.30277276,9801.29300000,0.00000000,490.83927658,0.08827029,3428.39062256,62,0
9802.29683659,9802.27400000,0.00000000,511.00000000,0.00000000,3429.36878589,62,4
9804.99832119,9804.99900000,0.00000000,566.00000000,0.00000000,3432.00475544,62,4
9806.37999658,9806.35500000,0.00000000,594.25034134,0.02587797,3433.34018478,62,0
9807.39226353,9807.40500000,0.00000000,615.00000000,0.00000000,3434.31303947,62,4
9809.35771501,9809.35700000,655.39654180,655.41127241,0.01495269,3436.18826325,62,0
9810.37606230,9810.37000000,676.29287247,676.41806799,0.03141872,3437.15288433,62,0
9812.46314310,9812.46700000,719.69714841,719.61713572,0.02777650,3439.11469831,62,0
9813.87704694,9813.89900000,0.00000000,749.00000000,0.00000000,3440.43225579,62,4
9816.32870920,9816.33500000,800.28182988,800.15020994,0.05995529,3442.69339032,62,0
9820.26308247,9820.26800000,882.93404133,882.83024142,0.04214922,3446.26100605,62,0
9821.68980957,9821.68800000,0.00000000,913.00000000,0.00000000,3447.53594275,62,4
9823.52834426,9823.52800000,952.00627105,952.01359202,0.05034742,3449.16329330,62,0
9824.51395916,9824.53800000,0.00000000,973.00000000,0.00000000,3450.02874064,62,4
9825.93767745,9825.93900000,1003.42798642,1003.39970297,0.01722166,3451.27003663,62,0
9827.12523001,9827.13500000,0.00000000,1028.82763672,0.00000000,3452.29710607,62,2
9829.92189151,9829.92500000,0.00000000,1089.00000000,0.00000000,3454.68684402,62,4
9830.31740495,9830.31600000,1097.50617649,1097.53652547,0.01878685,3455.02123489,62,0
9831.26312490,9831.29500000,0.00000000,1118.00000000,0.00000000,3455.81813411,62,4
9831.40162743,9831.43000000,0.00000000,1121.00000000,0.00000000,3455.93440517,62,4
9832.60112413,9832.62500000,0.00000000,1147.02330629,0.08634313,3456.93701936,62,0
9833.28135939,9833.28100000,1161.79610568,1161.80392699,0.04338182,3457.50171173,62,0
9834.60854791,9834.60900000,1190.74067884,1190.73080983,0.04640987,3458.59686307,62,0
9836.35699012,9836.35700000,0.00000000,1229.00000000,0.00000000,3460.02537072,62,4
9837.17945648,9837.17900000,1247.02915272,1247.03918198,0.05324604,3460.69070128,62,0
9840.58723626,9840.58400000,1322.17241958,1322.24413277,0.11680114,3463.40897979,62,0
9842.13497331,9842.10400000,0.00000000,1356.61197104,0.07178582,3464.62141186,62,0
9844.27024696,9844.27100000,1404.26123860,1404.24439206,0.07480719,3466.27089017,62,0
9844.92195281,9844.92800000,1418.97025355,1418.83475007,0.06057115,3466.76896108,62,0
9845.28608747,9845.29900000,0.00000000,1427.00000000,0.00000000,3467.04622793,62,4
9845.41982267,9845.41600000,0.00000000,1430.00000000,0.00000000,3467.14783369,62,4
9847.97793742,9847.96400000,0.00000000,1487.58679199,0.00000000,3469.07060905,62,2
9848.66925949,9848.67000000,1503.22691902,1503.21016042,0.05721707,3469.58320961,62,0
9852.55783512,9852.55600000,1591.62016824,1591.66212817,0.07631051,3472.41246118,62,0
9854.28738588,9854.28100000,0.00000000,1631.30661903,0.09478687,3473.64035730,62,0
9855.36067054,9855.34500000,0.00000000,1656.00000000,0.00000000,3474.39260646,62,4
9860.08118383,9860.08100000,1765.47763367,1765.48192547,0.02885300,3477.61159381,62,0
9861.21505087,9861.23800000,0.00000000,1792.00000000,0.00000000,3478.36274687,62,4
9861.64172129,9861.66400000,0.00000000,1802.00000000,0.00000000,3478.64311899,62,4
9862.51561953,9862.51400000,1822.48157085,1822.51964853,0.08417438,3479.21347919,62,0
9863.38594616,9863.39200000,0.00000000,1843.00764381,0.17526158,3479.77631439,62,0
9864.06379099,9864.07500000,0.00000000,1859.00000000,0.00000000,3480.21103371,62,4
9866.56446074,9866.56800000,1918.35869242,1918.27449248,0.07914028,3481.78700818,62,0
9867.33082270,9867.32300000,0.00000000,1936.52523394,0.14255324,3482.26106646,62,0
9868.38997914,9868.39000000,1961.82475283,1961.82425386,0.05530198,3482.90949151,62,0
9869.82053720,9869.82000000,1996.10888485,1996.12179043,0.07108897,3483.77239470,62,0
9871.06738048,9871.06700000,2026.11591617,2026.12508755,0.07757752,3484.51200940,62,0
9873.00192807,9873.02000000,0.00000000,2072.90744440,0.16664628,3485.63686001,62,0
9873.50006598,9873.51500000,0.00000000,2085.00000000,0.00000000,3485.92199238,62,4
9874.15553120,9874.14600000,0.00000000,2100.94018555,0.00000000,3486.29431866,62,2
9874.35139408,9874.35000000,2105.67198971,2105.70595195,0.07291836,3486.40485657,62,0
9875.27580214,9875.28600000,0.00000000,2128.25927734,0.00000000,3486.92309520,62,2
9875.87864725,9875.84200000,0.00000000,2143.00000000,0.00000000,3487.25747119,62,4
9876.25312757,9876.25400000,2152.18956950,2152.16819260,0.09075935,3487.46370982,62,0
9878.72583894,9878.69900000,0.00000000,2213.00000000,0.00000000,3488.79850123,62,5
9879.45381381,9879.47400000,0.00000000,2231.00000000,0.00000000,3489.18226188,62,4
9880.54258278,9880.55200000,0.00000000,2258.00000000,0.00000000,3489.74831424,62,4
9881.53880311,9881.53900000,2282.80197098,2282.79706360,0.05517970,3490.25804766,62,0
9882.90948259,9882.86900000,0.00000000,2317.02709961,0.00000000,3490.94574820,62,2
9884.17982007,9884.18100000,2348.93383573,2348.90417930,0.08365741,3491.56955703,62,0
9885.42812348,9885.42500000,2380.26877785,2380.34763633,0.05920552,3492.16918224,62,0
9886.44249662,9886.46100000,0.00000000,2406.00000000,0.00000000,3492.64682682,62,5
9888.48803559,9888.55000000,0.00000000,2458.00000000,0.00000000,3493.58324465,62,4
9890.28002727,9890.27900000,2503.84029631,2503.86666746,0.09008220,3494.37385736,62,0
9892.30617994,9892.30800000,2556.10309272,2556.05604951,0.18502814,3495.23316917,62,0
9894.19338269,9894.22000000,0.00000000,2605.00000000,0.00000000,3496.00009756,62,4
9897.98783740,9897.98800000,2704.43646088,2704.43216996,0.05440966,3497.44215907,62,0
9898.37576831,9898.37700000,2714.70951133,2714.67695989,0.05481189,3497.58191050,62,0
9899.19907328,9899.19600000,2736.38993190,2736.47139201,0.03114672,3497.87372971,62,0
9902.01189571,9902.01100000,2811.39905159,2811.42304824,0.08311822,3498.82038775,62,0
9903.18812626,9903.20300000,0.00000000,2843.00000000,0.00000000,3499.19282444,62,4
9904.85503982,9904.85100000,0.00000000,2888.00000000,0.00000000,3499.69656716,62,4
9905.48196362,9905.49400000,0.00000000,2905.00000000,0.00000000,3499.87861131,62,5
9906.78104113,9906.78500000,0.00000000,2940.35986328,0.00000000,3500.24276167,62,2
9908.60554322,9908.60700000,2990.36660884,2990.32656882,0.03242169,3500.72396597,62,0
9909.88878630,9909.88900000,3025.69588860,3025.68998373,0.05828122,3501.04092753,62,0
9910.71149162,9910.71000000,3048.42098308,3048.46234355,0.05999120,3501.23468518,62,0
9911.30944538,9911.30600000,3064.97154593,3065.06729978,0.07226161,3501.37085777,62,0
9913.10722821,9913.11300000,0.00000000,3115.21435547,0.00000000,3501.75595234,62,2
9913.97432257,9913.97300000,3139.50089075,3139.53806043,0.06544568,3501.92859955,62,0
9915.36685920,9915.36600000,0.00000000,3178.78540039,0.00000000,3502.18770716,62,2
9919.92992439,9919.93100000,3309.08038405,3309.04937031,0.07674368,3502.87562113,62,0
9921.23227105,9921.23300000,3346.72932860,3346.70818781,0.06319433,3503.02527720,62,0
9921.85013524,9921.85100000,3364.67802205,3364.65287067,0.05953783,3503.08883297,62,0
9925.37484055,9925.37900000,0.00000000,3468.00000000,0.00000000,3503.35752475,62,5
9928.06427089,9928.09500000,0.00000000,3548.00000000,0.00000000,3503.45177617,62,4
9929.10896300,9929.10900000,3579.34464876,3579.34353558,0.05632795,3503.46168272,62,0
9929.39615153,9929.39200000,0.00000000,3588.00000000,0.00000000,3503.46174018,62,4
9931.08777951,9931.09500000,0.00000000,3639.17907764,0.07718025,3503.43840699,62,0
9932.75621550,9932.75600000,3690.06942901,3690.07603292,0.08504317,3503.37507460,62,0
9933.44854485,9933.45100000,3711.40232150,3711.32683490,0.08382702,3503.33680098,62,0
9934.57929950,9934.59200000,0.00000000,3746.18310547,0.00000000,3503.25894542,62,2
9935.48388093,9935.48400000,3774.23265328,3774.22895459,0.06960366,3503.18270981,62,0
9938.03532860,9938.04300000,0.00000000,3854.00000000,0.00000000,3502.89968588,62,4
9939.49438883,9939.49700000,0.00000000,3900.11108398,0.00000000,3502.69147486,62,2
9941.74638807,9941.73900000,0.00000000,3972.00000000,0.00000000,3502.30178204,62,4
9943.76454498,9943.76600000,4037.25312242,4037.20584352,0.08748566,3501.87984200,62,0
9939.48586485,9939.49700000,0.00000000,52.00000000,0.00000000,3520.87130861,61,4
9941.73317527,9941.73900000,0.00000000,95.00000000,0.00000000,3523.25661809,61,4
9943.76338077,9943.76600000,0.00000000,134.00000000,0.00000000,3525.39531889,61,4
9948.94769260,9948.94800000,234.26251334,234.25653957,0.03632249,3530.78518805,61,0
9949.39683315,9949.37600000,0.00000000,243.00000000,0.00000000,3531.24786065,61,4
9950.59788525,9950.59200000,266.27227818,266.38702204,0.04348022,3532.47959230,61,0
9951.88117965,9951.93300000,0.00000000,291.44214038,0.00983356,3533.78976505,61,0
9953.02227372,9953.02300000,313.76822244,313.75399677,0.02405846,3534.94828831,61,0
9955.22435149,9955.21600000,0.00000000,357.00000000,0.00000000,3537.17178955,61,4
9958.76994211,9958.79600000,0.00000000,427.00000000,0.00000000,3540.70926589,61,4
9960.18119331,9960.17900000,0.00000000,455.00000000,0.00000000,3542.10292153,61,4
9960.43278196,9960.43300000,0.00000000,460.00000000,0.00000000,3542.35050501,61,4
9960.93557681,9960.94700000,0.00000000,470.00000000,0.00000000,3542.84450477,61,4
9962.09006901,9962.06100000,0.00000000,493.00000000,0.00000000,3543.97479711,61,4
9963.99270331,9963.99900000,531.14242081,531.01634162,0.08188627,3545.82498012,61,0
9964.35473469,9964.35300000,538.23473496,538.26949438,0.02457517,3546.17542000,61,0
9966.84312713,9966.84200000,588.24031034,588.26301007,0.02855134,3548.56858269,61,0
9968.01780030,9968.01800000,611.95150503,611.94747358,0.06093931,3549.68874277,61,0
9969.75048090,9969.71600000,0.00000000,647.00000000,0.00000000,3551.33049985,61,4
9971.13023032,9971.12400000,0.00000000,675.00000000,0.00000000,3552.62816306,61,4
9971.91685161,9971.93100000,0.00000000,691.00000000,0.00000000,3553.36419031,61,4
9973.68234249,9973.68000000,726.94960263,726.99746426,0.06169031,3555.00552104,61,0
9977.09497407,9977.11900000,0.00000000,797.00000000,0.00000000,3558.13937449,61,4
9979.02129720,9979.03200000,0.00000000,836.73852539,0.00000000,3559.88429191,61,2
9984.71753923,9984.71000000,0.00000000,955.24627686,0.00000000,3564.94126016,61,2
9987.81594341,9987.82400000,0.00000000,1020.35064688,0.01921547,3567.62581189,61,0
9988.84139603,9988.82800000,0.00000000,1042.00000000,0.00000000,3568.50380060,61,4
9989.55211630,9989.55200000,1057.03560747,1057.03806987,0.07996116,3569.10934562,61,0
9989.96537075,9989.96300000,0.00000000,1065.78857422,0.00000000,3569.46007485,61,2
9994.71458174,9994.75000000,0.00000000,1167.00000000,0.00000000,3573.42947871,61,5
9996.21064193,9996.21100000,1199.11514465,1199.10744384,0.05231755,3574.65512683,61,0
9998.43072931,9998.46900000,0.00000000,1247.00000000,0.00000000,3576.45328334,61,4
9999.76525263,9999.76000000,1275.79024056,1275.90420032,0.07563966,3577.52108927,61,0
10003.23998492,10003.22500000,0.00000000,1351.61746039,0.06665505,3580.25597675,61,0
10004.54281532,10004.54700000,1380.26615730,1380.17427935,0.17581093,3581.26411495,61,0
10004.83208407,10004.83000000,1386.48031577,1386.52611485,0.03217415,3581.48661167,61,0
10006.42679577,10006.42000000,0.00000000,1421.63723553,0.05278799,3582.70507486,61,0
10010.46151741,10010.47300000,0.00000000,1511.10925293,0.00000000,3585.72246004,61,2
10012.78225040,10012.80700000,0.00000000,1563.00000000,0.00000000,3587.41480354,61,4
10013.56910480,10013.57000000,1580.68537060,1580.66524914,0.03507433,3587.98127456,61,0
10014.15446740,10014.16100000,0.00000000,1593.83229477,0.09768047,3588.40031122,61,0
10017.56692854,10017.51800000,0.00000000,1671.00000000,0.00000000,3590.80135712,61,4
10017.69895859,10017.73900000,0.00000000,1674.00000000,0.00000000,3590.89281068,61,4
10018.85626310,10018.86400000,0.00000000,1700.34273051,0.05227847,3591.68978033,61,0
10020.44523600,10020.40100000,0.00000000,1736.64782715,0.00000000,3592.77027179,61,2
10021.00770886,10021.00000000,0.00000000,1749.53756232,0.15577138,3593.14890419,61,0
10021.89371341,10021.89700000,1769.96206653,1769.88650396,0.06693813,3593.74133194,61,0
10022.63748154,10022.67100000,0.00000000,1787.00000000,0.00000000,3594.23452513,61,4
10025.22898102,10025.23700000,0.00000000,1846.92382812,0.00000000,3595.92518017,61,2
10027.38001568,10027.41700000,0.00000000,1897.00000000,0.00000000,3597.29470160,61,4
10031.05440969,10031.05600000,1983.31816217,1983.28061539,0.09253403,3599.56190213,61,0
10035.80659465,10035.81300000,0.00000000,2096.24037327,0.23455327,3602.35329786,61,0
10036.33860010,10036.34100000,2109.04995458,2108.99238991,0.07034176,3602.65582404,61,0
10036.66480460,10036.66600000,2116.84925206,2116.82055144,0.08127857,3602.84027224,61,0
10037.01660931,10037.01400000,2125.20879070,2125.27150298,0.06179248,3603.03831411,61,0
10041.57021089,10041.57100000,2235.52025328,2235.50101507,0.02375876,3605.51872773,61,0
10043.27305195,10043.27300000,2277.12047775,2277.12175103,0.07352386,3606.40567002,61,0
10048.28674896,10048.29200000,0.00000000,2401.00000000,0.00000000,3608.88466147,61,4
10048.70404641,10048.70700000,2411.48918494,2411.41549141,0.04000662,3609.08212048,61,0
10050.28686685,10050.29700000,0.00000000,2451.00000000,0.00000000,3609.81705475,61,4
10051.11504956,10051.12600000,0.00000000,2471.80200195,0.00000000,3610.19342279,61,2
10051.30354326,10051.30400000,0.00000000,2476.54467773,0.00000000,3610.27828199,61,2
10060.34715916,10060.34400000,2707.70301082,2707.78508947,0.05845428,3613.98847945,61,0
10060.83053228,10060.82700000,2720.26287432,2720.35480871,0.04527636,3614.16617943,61,0
10065.31372545,10065.33100000,0.00000000,2838.00000000,0.00000000,3615.70964909,61,4
10066.32708077,10066.33100000,2864.98209729,2864.87798015,0.12432827,3616.03194798,61,0
10067.75983168,10067.77500000,0.00000000,2903.03466797,0.00000000,3616.47013041,61,2
10070.11679944,10070.11500000,2966.24087894,2966.28938157,0.05269051,3617.14651206,61,0
10071.73552200,10071.70700000,0.00000000,3010.05765868,0.04857200,3617.57802453,61,0
10072.78290117,10072.78500000,3038.59360147,3038.53641503,0.05858751,3617.84277518,61,0
10074.01373788,10074.01700000,3072.24837368,3072.15905680,0.04349876,3618.13909477,61,0
10075.45367879,10075.45700000,3111.79165859,3111.70018806,0.21543958,3618.46507083,61,0
10076.35374253,10076.35400000,3136.54128621,3136.53416867,0.04406211,3618.65737230,61,0
10077.95476966,10077.95400000,3180.91843924,3180.93985286,0.05841398,3618.97733718,61,0
10079.28313495,10079.27500000,0.00000000,3218.00000000,0.00000000,3619.22092956,61,4
10082.07818440,10082.07400000,3296.57988895,3296.69840161,0.08496926,3619.66753112,61,0
10085.34920369,10085.33200000,0.00000000,3390.00000000,0.00000000,3620.07266588,61,4
10088.80080541,10088.80000000,3489.94784486,3489.97135722,0.06169859,3620.35732222,61,0
10092.22011247,10092.21700000,3590.49051166,3590.58283667,0.07162407,3620.48803121,61,0
10093.98022828,10093.98400000,0.00000000,3643.00000000,0.00000000,3620.49432809,61,4
10095.34624166,10095.34500000,3683.96834035,3684.00575001,0.20799512,3620.46978218,61,0
10098.03929790,10098.03800000,3765.63200212,3765.67162475,0.06632355,3620.34393135,61,0
10099.16133085,10099.16800000,0.00000000,3800.00000000,0.00000000,3620.26047683,61,4
10099.25902741,10099.25400000,0.00000000,3803.00000000,0.00000000,3620.25232522,61,4
10100.28207450,10100.28100000,0.00000000,3834.50585938,0.00000000,3620.15838883,61,2
10101.50678965,10101.51700000,0.00000000,3872.44305187,0.15952816,3620.02510682,61,0
10104.14487952,10104.17200000,0.00000000,3955.00000000,0.00000000,3619.65900419,61,5
10106.26528285,10106.26500000,4022.22716754,4022.23618435,0.08244455,3619.28396268,61,0
10106.26485577,10106.26500000,72.86140188,72.85868668,0.02345560,3641.17564338,60,0
10108.33994203,10108.31200000,0.00000000,112.00000000,0.00000000,3643.34175564,60,4
10110.92662969,10110.95400000,0.00000000,161.00000000,0.00000000,3646.02088943,60,4
10116.05982073,10116.07200000,0.00000000,258.93817091,0.02752114,3651.26700051,60,0
10119.46269319,10119.46500000,324.40987801,324.36536646,0.04155082,3654.69063640,60,0
10125.26366079,10125.26300000,436.92839238,436.94128962,0.03577636,3660.42906846,60,0
10128.96294357,10128.96400000,509.42672085,509.40595350,0.04982393,3664.02062329,60,0
10130.38377011,10130.38400000,537.38149403,537.37696169,0.02346747,3665.38547415,60,0
10133.04055634,10133.04000000,589.89063690,589.90166374,0.09592566,3667.91606076,60,0
10136.98300764,10136.98100000,668.31895719,668.35906380,0.05192029,3671.61726458,60,0
10138.91204566,10138.90900000,0.00000000,707.00000000,0.00000000,3673.40538933,60,4
10141.18551840,10141.16500000,0.00000000,752.72656996,0.05006183,3675.49173274,60,0
10145.29768633,10145.30200000,0.00000000,836.00000000,0.00000000,3679.20846439,60,4
10147.52610841,10147.51600000,0.00000000,881.43689064,0.04992113,3681.19133061,60,0
10150.41978104,10150.41900000,940.75230670,940.76837368,0.05160379,3683.73253505,60,0
10150.67392274,10150.68600000,0.00000000,946.00000000,0.00000000,3683.95399725,60,4
10152.18717672,10152.18500000,977.15380246,977.19876515,0.05473378,3685.26589127,60,0
10153.14515616,10153.14400000,996.98393797,997.00786889,0.04825053,3686.09103397,60,0
10159.39444783,10159.39300000,1127.22861520,1127.25901008,0.03068363,3691.36512812,60,0
10160.66583042,10160.69700000,0.00000000,1154.00000000,0.00000000,3692.41534356,60,4
10168.33616291,10168.31400000,0.00000000,1317.00000000,0.00000000,3698.57651834,60,4
10170.89249291,10170.88900000,0.00000000,1372.00000000,0.00000000,3700.56211478,60,4
10171.58688162,10171.62500000,0.00000000,1387.00000000,0.00000000,3701.09545893,60,4
10177.37242360,10177.41100000,0.00000000,1513.00000000,0.00000000,3705.43699332,60,4
10180.91148701,10180.90200000,0.00000000,1591.00000000,0.00000000,3708.00041091,60,4
10182.89352761,10182.89200000,0.00000000,1635.00000000,0.00000000,3709.40450788,60,4
10187.10085028,10187.10100000,1729.18392439,1729.18055375,0.05241604,3712.30821004,60,0
10191.42096524,10191.40000000,0.00000000,1827.00000000,0.00000000,3715.17722657,60,4
10195.98922613,10195.98800000,1931.72935845,1931.75765234,0.02856760,3718.08369906,60,0
10198.16048525,10198.19200000,0.00000000,1982.00000000,0.00000000,3719.41671256,60,4
10200.73454495,10200.73500000,0.00000000,2042.00000000,0.00000000,3720.95684086,60,4
10202.08529009,10202.08200000,2073.59742252,2073.67471628,0.14656073,3721.74716486,60,0
10203.31877050,10203.32400000,2102.83501710,2102.71170872,0.07066368,3722.45787638,60,0
10206.07672212,10206.05100000,0.00000000,2168.00000000,0.00000000,3724.00767966,60,5
10222.46515342,10222.50900000,0.00000000,2568.00000000,0.00000000,3732.04720989,60,4
10226.07562590,10226.08600000,0.00000000,2659.09594727,0.00000000,3733.52870894,60,2
10226.27246340,10226.27200000,2664.09774639,2664.10952089,0.44989106,3733.60648766,60,0
10234.66677822,10234.65500000,0.00000000,2880.63662686,0.10631284,3736.59208809,60,0
10238.90754757,10238.90500000,2992.58078220,2992.64860431,0.02934087,3737.85052721,60,0
10239.48409083,10239.47500000,0.00000000,3008.00000000,0.00000000,3738.00783100,60,4
10246.86899777,10246.88000000,0.00000000,3208.00000000,0.00000000,3739.72384276,60,5
10248.53292353,10248.53400000,3253.95203222,3253.92224040,0.05952121,3740.03061869,60,0
10249.74992477,10249.75100000,3287.72633658,3287.69641369,0.05056471,3740.23549487,60,0
10253.68081163,10253.63300000,0.00000000,3398.00000000,0.00000000,3740.78231196,60,4
10256.98726234,10256.99500000,0.00000000,3492.28588867,0.00000000,3741.10161143,60,2
10257.15191138,10257.15500000,0.00000000,3497.01782227,0.00000000,3741.11404577,60,2
10260.73881270,10260.75500000,0.00000000,3601.00000000,0.00000000,3741.30084093,60,4
10262.35761999,10262.35800000,3648.51649874,3648.50530377,0.06017089,3741.33124006,60,0
10268.59234598,10268.62700000,0.00000000,3835.00000000,0.00000000,3741.11868239,60,5
10274.84205649,10274.88100000,0.00000000,4028.00000000,0.00000000,3740.34456816,60,4
10278.17152022,10278.16200000,0.00000000,84.00000000,0.00000000,3764.88766353,59,4
10280.75436078,10280.71500000,0.00000000,132.00000000,0.00000000,3767.55073936,59,4
10285.03243192,10285.09400000,0.00000000,212.00000000,0.00000000,3771.91201752,59,4
10294.25568628,10294.25400000,386.59245518,386.62466655,0.03685054,3781.09559572,59,0
10297.85210262,10297.85300000,455.58300097,455.56573699,0.03264872,3784.59381867,59,0
10308.11506139,10308.10500000,0.00000000,655.00000000,0.00000000,3794.30571191,59,4
10309.50836828,10309.49900000,0.00000000,682.39223298,0.03373492,3795.59217051,59,0
10311.18346625,10311.18300000,715.40332800,715.41254106,0.01964363,3797.12767600,59,0
10314.47579644,10314.47200000,780.61339116,780.68891240,0.06696963,3800.11397833,59,0
10316.59462412,10316.59500000,822.92434472,822.91683461,0.07218207,3802.01102263,59,0
10323.74897285,10323.72900000,0.00000000,967.00000000,0.00000000,3808.27752706,59,4
10328.89357438,10328.90200000,0.00000000,1072.00000000,0.00000000,3812.64287685,59,4
10337.04969883,10337.06800000,0.00000000,1241.00000000,0.00000000,3819.31171125,59,4
10338.95764845,10338.97000000,0.00000000,1281.00000000,0.00000000,3820.82553061,59,4
10346.54978486,10346.55400000,0.00000000,1442.00000000,0.00000000,3826.66820922,59,4
10351.12231427,10351.12100000,1540.41039750,1540.43885084,0.02619006,3830.04270872,59,0
10353.12946035,10353.16600000,0.00000000,1584.00000000,0.00000000,3831.48803472,59,4
10353.95568508,10353.98000000,0.00000000,1602.00000000,0.00000000,3832.07666709,59,5
10356.22479817,10356.22200000,1651.58722426,1651.64861748,0.02965661,3833.67421231,59,0
10370.32859170,10370.29200000,0.00000000,1967.00000000,0.00000000,3842.92800666,59,4
10375.62466077,10375.62500000,2088.70514202,2088.69728655,0.03855233,3846.08629741,59,0
10377.61950623,10377.62600000,0.00000000,2135.00000000,0.00000000,3847.22758165,59,4
10380.10057810,10380.09700000,0.00000000,2193.00000000,0.00000000,3848.61025363,59,4
10381.12527073,10381.12400000,2217.08759190,2217.11751161,0.08335199,3849.16983468,59,0
10394.02516930,10394.02500000,2526.99576734,2526.99991927,0.07721627,3855.55783984,59,0
10395.46616476,10395.51000000,0.00000000,2562.38363711,0.05071729,3856.19269897,59,0
10410.12289666,10410.13500000,0.00000000,2933.00000000,0.00000000,3861.68141330,59,4
10412.32113741,10412.32100000,2990.34037044,2990.34396749,0.06186744,3862.34180929,59,0
10429.64242557,10429.64600000,0.00000000,3459.92285156,0.00000000,3865.85776860,59,3
10432.89856297,10432.89700000,3552.12281730,3552.16738729,0.16610430,3866.15433744,59,0
10439.38485992,10439.39900000,0.00000000,3740.00000000,0.00000000,3866.36120510,59,4
10444.66568835,10444.66400000,3897.34688049,3897.39787742,0.07077967,3866.12657151,59,0
10470.04841234,10470.12400000,0.00000000,354.74228066,0.04946399,3906.84088357,58,0
10484.33729451,10484.32000000,0.00000000,626.00000000,0.00000000,3920.41645019,58,4
10512.62948480,10512.69300000,0.00000000,1187.00000000,0.00000000,3944.94526612,58,4
10520.39815859,10520.39900000,1347.31570803,1347.29819035,0.01893464,3951.06835706,58,0
10526.05707676,10526.05200000,1465.82715847,1465.93432208,0.05585568,3955.34535287,58,0
10528.88066635,10528.87700000,0.00000000,1525.72766113,0.00000000,3957.41877682,58,3
10532.22061388,10532.17300000,0.00000000,1597.01980397,0.02528348,3959.81888320,58,0
10541.72170716,10541.72600000,1803.32098782,1803.22665675,0.11560596,3966.31957410,58,0
10548.11207302,10548.11000000,0.00000000,1944.84399414,0.00000000,3970.40402306,58,3
10553.35732852,10553.38900000,0.00000000,2063.00000000,0.00000000,3973.57508705,58,5
10557.82138348,10557.82200000,2165.02436257,2165.01018682,0.05188530,3976.13974837,58,0
10568.77322913,10568.72600000,0.00000000,2421.00000000,0.00000000,3981.87059099,58,4
10579.39597939,10579.35600000,0.00000000,2678.00000000,0.00000000,3986.61305761,58,5
10587.00974440,10586.98000000,0.00000000,2868.00000000,0.00000000,3989.47116261,58,5
10589.95895718,10589.99700000,0.00000000,2943.00000000,0.00000000,3990.44843317,58,4
10601.17054885,10601.16200000,0.00000000,3235.88613736,0.04955109,3993.45159139,58,0
10608.92578469,10608.92200000,3446.29003263,3446.39443778,0.10683445,3994.81622162,58,0
10622.34571728,10622.41600000,0.00000000,3828.00000000,0.00000000,3995.62008670,58,4
5286.90497312,5286.88660000,0.00000000,2515.58107763,0.09912652,87.90624099,116,4
5451.63248513,5451.65200000,0.00000000,3754.36661519,0.21275243,186.34548781,113,0
5451.63236484,5451.65200000,0.00000000,1481.16512968,0.08153171,223.86400005,112,0
5888.56929026,5888.58400000,0.00000000,2169.68497014,0.04336097,560.15410761,104,0
5950.91088160,5950.90500000,0.00000000,2382.24325727,0.03994983,605.69957543,103,0
6025.15007818,6025.15000000,0.00000000,3070.18765532,0.36173302,650.32598739,102,1
6025.14942885,6025.15000000,0.00000000,773.98481419,6592683.50017120,661.12227238,101,2
6105.65502215,6105.63500000,0.00000000,1476.04214794,0.06110117,728.14429592,100,0
6138.80227089,6138.65510000,0.00000000,2772.19662089,0.09724502,743.07962230,100,4
6170.18935989,6170.17400000,0.00000000,1579.02870436,0.12330387,777.33595492,99,0
6173.10000422,6173.09600000,0.00000000,1684.99358320,0.06503803,779.53725809,99,4
6212.47816554,6212.50300000,0.00000000,3284.67236927,0.08995142,787.59918741,99,0
6212.47340744,6212.50300000,0.00000000,868.56687160,0.06044147,804.84862242,98,0
6243.11481443,6243.11990000,0.00000000,1944.04604794,0.16412472,831.84629152,98,4
6416.26765776,6416.30700000,0.00000000,3728.60429318,0.08669670,928.67428241,96,0
6416.26857310,6416.30700000,0.00000000,1115.81903605,0.04927857,961.30152442,95,0
6604.87177338,6604.85300000,0.00000000,2936.29885825,0.07696690,1091.60145513,93,0
6643.68247703,6643.69730000,0.00000000,1716.66036112,0.24731582,1133.91508968,92,0
6666.40048796,6666.35870000,0.00000000,2535.16858038,0.06299481,1144.59628221,92,0
6752.82256886,6752.83400000,0.00000000,3049.23614145,0.06714166,1199.96496561,91,0
6752.82071943,6752.83400000,0.00000000,514.63129884,0.07439806,1206.10810306,90,3
6862.73310055,6861.26890000,0.00000000,1556.72843640,0.20150990,1297.33958208,89,2
7271.08136526,7265.17200000,0.00000000,1553.17702218,0.15305683,1599.73731890,84,4
7372.09544067,7372.11800000,0.00000000,1970.42394293,0.09422739,1673.29079807,83,0
7393.01407984,7392.98000000,0.00000000,2668.83165691,0.02991621,1681.53302266,83,0
7393.01377891,7392.98000000,0.00000000,29.06880670,0.03876977,1671.20360640,82,0
7435.34291429,7435.36800000,0.00000000,1170.27159660,0.10922545,1719.28738058,82,0
7724.21060295,7724.20700000,0.00000000,1352.58169431,0.27616606,1932.12368287,79,4
8006.40676492,8006.15700000,0.00000000,4011.36893718,0.00000000,2098.36518765,77,4
8053.31672471,8053.30800000,0.00000000,2037.72131242,0.20585137,2171.59744298,76,4
5197.90421617,5197.90298950,2544.36751939,2544.42716495,0.06614685,17.05495691,118,0
5225.73613652,5225.73621155,1784.26538928,1784.26211346,0.05134730,45.70489797,117,0
5226.57472138,5226.57505824,1820.97542050,1820.96064499,0.04622969,46.27868511,117,0
5230.44353444,5230.44402105,1992.50813313,1992.48632248,0.03237983,48.61383732,117,0
5234.66665065,5234.66595349,2184.05634734,2184.08838176,0.04450105,50.54156809,117,0
5240.07495809,5240.07522245,2436.77107303,2436.75851034,0.03386106,51.97605595,117,0
5244.95633645,5244.95659291,2672.52942305,2672.51682937,0.04612608,52.17371812,117,0
5248.81314895,5248.81294222,2864.51230707,2864.52274401,0.03063970,51.52212687,117,0
5249.21038215,5249.21040275,2884.60654223,2884.60549933,0.05487964,51.41199423,117,0
5252.01447868,5252.01526190,3028.08359166,3028.04309097,0.14108993,50.39535935,117,0
5267.45526036,5267.45620018,1641.50180610,1641.46181514,0.03990019,79.03953691,116,0
5279.63661528,5279.63729936,2177.23116700,2177.20002495,0.04400014,86.22159092,116,0
5280.31267245,5280.31366759,2208.08817159,2208.04267548,0.08215031,86.46678265,116,0
5283.46577695,5283.46383847,2353.45996216,2353.55029060,0.05230121,87.37572498,116,0
5284.51681128,5284.51867620,2402.77613327,2402.68865333,0.07516573,87.59025307,116,0
5289.85066904,5289.85155061,2657.31952899,2657.27669496,0.02836332,87.95387604,116,0
5290.62196799,5290.62278845,2694.89464293,2694.85456250,0.04409963,87.90132266,116,0
5290.75077951,5290.75185944,2701.20274251,2701.14993926,0.23327402,87.88984570,116,0
5296.96922897,5296.97089116,3012.14051543,3012.05548879,0.04322141,86.36885422,116,0
5301.08130748,5301.08263391,3225.88577001,3225.81566980,0.10679887,84.23877669,116,0
5301.44261343,5301.44006498,0.00000000,3244.94178178,0.16142995,84.00517715,116,0
5301.08326791,5301.08246294,1142.81860798,1142.85064619,0.12088201,103.61421279,115,0
5301.44094613,5301.44253389,1157.16154320,1157.09824624,0.05389870,104.01467744,115,0
5302.57907710,5302.58166685,1202.68728893,1202.58351447,0.04422500,105.26668049,115,0
5311.95352574,5311.95463690,1586.70115559,1586.65458331,0.04123321,114.23681210,115,0
5312.15479072,5312.15525840,1595.11384226,1595.09422169,0.05688706,114.40187261,115,0
5314.20053015,5314.20192536,1681.43266949,1681.37352193,0.03254515,116.01049200,115,0
5320.48696585,5320.48765249,1952.41057387,1952.38046798,0.02747691,120.13134147,115,0
5321.49581398,5321.49523714,1996.72119506,1996.74663198,0.03781877,120.67155794,115,0
5322.57838864,5322.58549668,0.00000000,2044.62769159,0.03443728,121.21220771,115,0
5323.08889462,5323.08895046,2067.29665472,2067.29417045,0.03767675,121.45281495,115,0
5326.74718912,5326.74681380,2231.82461662,2231.84168233,0.25785711,122.90434426,115,0
5329.24012932,5329.23981300,2346.02020782,2346.03480496,0.06783178,123.60691038,115,0
5333.35915064,5333.35839867,2538.62942263,2538.66505214,0.04234307,124.22652504,115,0
5335.11182593,5335.11306176,2622.25238726,2622.19314678,0.03377446,124.27452318,115,0
5340.23444337,5340.23525043,2872.22577437,2872.18566627,0.12503339,123.62022928,115,0
5345.75898860,5345.75961343,3152.43870805,3152.40633243,0.05152271,121.46307162,115,0
5346.81802648,5346.81836221,3207.51818547,3207.50064218,0.04300298,120.86158588,115,0
5345.76098580,5345.76034102,1071.15953677,1071.18477372,0.04700913,138.19321344,114,0
5346.81730636,5346.81954192,1112.70695254,1112.61902679,0.02212658,139.40197391,114,0
5358.67680974,5358.67722443,1592.04821360,1592.03096929,0.04409548,151.03891454,114,0
5360.91641736,5360.91663844,1685.70398392,1685.69468604,0.03234792,152.80303316,114,0
5363.14721237,5363.14859600,1780.12136907,1780.06249848,0.06120249,154.41067576,114,0
5363.99004236,5363.99064164,1816.03182205,1816.00620741,0.09596285,154.97811013,114,0
5365.29714093,5365.29664124,1872.04313557,1872.06464261,0.04283807,155.81357278,114,0
5368.40344553,5368.40423810,2006.94199736,2006.90730410,0.16542382,157.57562816,114,0
5371.68973823,5371.69164464,2152.21024003,2152.12519858,0.05644081,159.08133004,114,0
5372.22749364,5372.22859281,2176.18905711,2176.13986610,0.02702998,159.29110457,114,0
5374.49857429,5374.49510210,0.00000000,2278.46465285,0.12443102,160.06005197,114,0
5375.70861420,5375.70870885,2333.55344308,2333.54911905,0.04645445,160.39019856,114,0
5376.16093759,5376.15720392,0.00000000,2354.24546065,0.05860413,160.49907863,114,0
5379.20963810,5379.20950400,2495.26408663,2495.27035108,0.07046392,161.02046714,114,0
5380.17853805,5380.17881834,2540.67767996,2540.66450876,0.03211299,161.10647592,114,0
5381.96568670,5381.96445880,2625.08285634,2625.14123982,0.05255087,161.16049286,114,0
5387.31148897,5387.31128311,2884.07406207,2884.08422136,0.03175272,160.46752982,114,0
5391.77448804,5391.77461597,3107.99682419,3107.99029861,0.06607438,158.82751603,114,0
5393.41360716,5393.41243331,3192.08801560,3192.14867080,0.45566742,157.96251845,114,0
5394.33347291,5394.33226183,3239.80208031,3239.86512003,0.07423365,157.41194650,114,0
5395.97188475,5395.97032759,3325.64429742,3325.72645429,0.09193297,156.31190223,114,0
5387.31144928,5387.31178540,850.39826223,850.38552968,0.02687336,168.40869075,113,0
5394.33353670,5394.33241027,1120.32176760,1120.36572445,0.01454397,176.84554700,113,0
5405.62982165,5405.62990149,1572.81529076,1572.81200613,0.11155230,187.92569193,113,0
5406.16975820,5406.17029300,1595.07506210,1595.05300502,0.02153129,188.37050631,113,0
5407.47870425,5407.47815256,1649.19591196,1649.21881748,0.03620872,189.41441984,113,0
5408.13684116,5408.13585120,1676.54672807,1676.58796238,0.04397515,189.92063235,113,0
5409.32778483,5409.32674512,1726.30016375,1726.34373808,0.04247437,190.80429512,113,0
5409.63824924,5409.63812725,1739.36091011,1739.36603111,0.04377030,191.02776593,113,0
5409.83644719,5409.83690485,1747.70950352,1747.69027254,0.05592473,191.16891760,113,0
5410.58062570,5410.58148392,1779.05512537,1779.01892681,0.03962732,191.68827477,113,0
5412.65977286,5412.66112196,1867.25717241,1867.19963935,0.05003794,193.04927835,113,0
5413.29083981,5413.28969042,1894.11031532,1894.15950627,0.04007956,193.43564979,113,0
5414.63196852,5414.63056995,1951.69795165,1951.75822746,0.06587389,194.21440716,113,0
5417.54041952,5417.53858000,2078.03589819,2078.11648213,0.07190195,195.69959953,113,0
5418.08152204,5418.08107595,2101.83904071,2101.85864438,0.10058238,195.94439822,113,0
5420.00424239,5420.00357152,2186.78036624,2186.81017649,0.04305567,196.73143606,113,0
5420.15383452,5420.15334994,2193.43886288,2193.46041543,0.04744572,196.78718162,113,0
5420.88018714,5420.88084802,2225.86603270,2225.83651332,0.04365307,197.04640172,113,0
5423.85403461,5423.85303520,2359.76891446,2359.81433554,0.04883318,197.90428453,113,0
5425.77292711,5425.77344992,2447.58923179,2447.56517898,0.08096379,198.27854108,113,0
5426.21492866,5426.21515607,2467.94032563,2467.92983290,0.04956518,198.34415795,113,0
5427.87403452,5427.87454198,2544.90026649,2544.87661076,0.04069816,198.51985545,113,0
5430.36918236,5430.36823969,2662.10211587,2662.14679278,0.04095400,198.56794140,113,0
5434.34609634,5434.34397455,2853.10782693,2853.21117071,0.10886020,198.07843590,113,0
5436.97863175,5436.97907111,2982.66717480,2982.64536691,0.04720900,197.34753613,113,0
5442.59638775,5442.59823479,3267.63860622,3267.54286566,0.05612291,194.60625315,113,0
5443.50118411,5443.50218579,3314.66606971,3314.61376844,0.05265535,194.00392432,113,0
5445.98169667,5445.98161615,3445.48165141,3445.48594440,0.04398276,192.10751786,113,0
5454.93705017,5454.93681399,3942.67958922,3942.69326912,0.07017256,181.95316519,113,0
5436.97730544,5436.97815317,909.29434697,909.26228969,0.02576118,208.16192609,112,0
5442.59781430,5442.59781492,1124.23607696,1124.23605282,0.03216598,214.78992386,112,0
5443.50246263,5443.50252253,1159.32681395,1159.32448589,0.06999805,215.78897318,112,0
5445.98225703,5445.98292238,1256.25287037,1256.22672644,0.03640612,218.42699913,112,0
5456.76994498,5456.77092600,1691.05259640,1691.01201689,0.06476363,228.06804357,112,0
5457.10565829,5457.10438123,1704.85735741,1704.91027209,0.03943190,228.31681893,112,0
5458.29081284,5458.29004857,1754.13844952,1754.17031169,0.05462993,229.16885006,112,0
5462.40668999,5462.40818651,1927.68143170,1927.61767926,0.05780534,231.79966894,112,0
5462.80624779,5462.80570761,1944.63266275,1944.65572142,0.03690501,232.02705064,112,0
5464.63185666,5464.63291162,2023.02721516,2022.98174157,0.04921111,233.00083812,112,0
5466.40239256,5466.40081456,2099.62275270,2099.69147989,0.13746882,233.84061861,112,0
5468.97111350,5468.97000447,2212.33405619,2212.38308155,0.13881119,234.86976018,112,0
5469.81361673,5469.80877550,0.00000000,2249.71038798,0.04100501,235.15696183,112,0
5472.70214898,5472.69976697,2378.99032501,2379.09795383,0.04747775,235.94562883,112,0
5476.01570033,5476.01478171,2530.32255647,2530.36492560,0.08366909,236.46048539,112,0
5476.52631291,5476.52511928,2553.89777157,2553.95300005,0.11367163,236.50121378,112,0
5477.81256025,5477.81283782,2613.73105300,2613.71810169,0.01308830,236.55663773,112,0
5479.01869975,5479.01879051,2670.22490083,2670.22063180,0.04847192,236.54605040,112,0
5479.89882093,5479.89761153,2711.68579285,2711.74301987,0.08998794,236.49925424,112,0
5481.16344622,5481.16309451,2771.82218358,2771.83896690,0.05285997,236.37300307,112,0
5481.39235354,5481.39470249,2782.88622140,2782.77395099,0.06544189,236.34258880,112,0
5482.40999980,5482.41051705,2831.60974426,2831.58484358,0.11588809,236.17889433,112,0
5483.90838847,5483.90791402,2904.07170538,2904.09477796,0.29285112,235.85148790,112,0
5485.40748125,5485.40481873,2977.27069715,2977.40161619,0.16330063,235.41818464,112,0
5486.40977714,5486.41024787,3026.88421597,3026.86089767,0.05731028,235.06776668,112,0
5487.61763617,5487.61812040,3086.99952764,3086.97531874,0.10264251,234.57889898,112,0
5488.76559497,5488.76671324,3144.65682959,3144.60043579,0.04915804,234.04546854,112,0
5489.75858503,5489.75893261,3194.87680300,3194.85914342,0.08653525,233.52847443,112,0
5491.54335415,5491.54458882,3286.24565725,3286.18202555,0.13092494,232.46576796,112,0
5492.74549835,5492.74587080,3348.45277020,3348.43338884,0.05738651,231.65028674,112,0
5492.88903210,5492.88690150,3355.79853428,3355.90953604,0.21813898,231.54738884,112,0
5494.98832683,5494.98726391,3466.19319334,3466.24955373,0.06993227,229.90511853,112,0
5498.66229233,5498.66321367,3664.23289712,3664.18241777,0.13054345,226.38013194,112,0
5500.50394778,5500.50342993,3765.89323105,3765.92208142,0.03598694,224.27976571,112,0
5503.02403196,5503.02482906,3908.04170335,3907.99619592,0.10492856,221.02008892,112,0
5479.02057726,5479.01940968,652.75561364,652.79816727,0.04750950,237.43292126,111,0
5486.40911462,5486.41111929,926.15254324,926.07726694,0.09016793,247.08053035,111,0
5488.76527629,5488.76690653,1015.02753447,1014.96573850,0.07862187,249.91098796,111,0
5492.74629128,5492.74556773,1167.12378224,1167.15168198,0.04828938,254.40669061,111,0
5494.98530459,5494.98743964,1254.00482513,1253.92167713,0.04205265,256.77203716,111,0
5498.66420377,5498.66359971,1398.36481206,1398.38873668,0.05065494,260.39145917,111,0
5500.50258960,5500.50411374,1471.55403887,1471.49315718,0.02025463,262.07127201,111,0
5501.27876906,5501.27810291,1502.52996853,1502.55667726,0.06688445,262.75419931,111,0
5501.62661735,5501.62773415,1516.55866571,1516.51382168,0.01396327,263.05505349,111,0
5503.02324427,5503.02399098,1572.81372245,1572.78353206,0.07496503,264.23030118,111,0
5505.18329088,5505.18300952,1660.55942136,1660.57091723,0.04052138,265.94326174,111,0
5507.00477990,5507.00472373,1735.32508871,1735.32740463,0.02264880,267.28613182,111,0
5508.59347058,5508.59315283,1801.08326140,1801.09647053,0.08115236,268.37947767,111,0
5510.45915389,5510.46218288,1879.15883884,1879.03170574,0.08466492,269.56835498,111,0
5510.83858654,5510.83800565,1894.94139307,1894.96582715,0.04922217,269.79717398,111,0
5514.00785473,5514.00637953,2029.32500676,2029.38808916,0.12998851,271.53497828,111,0
5514.92141820,5514.92081216,2068.52925169,2068.55530646,0.04848131,271.97656663,111,0
5515.36520079,5515.36500584,2087.65185950,2087.66026315,0.03274972,272.18136086,111,0
5518.07777128,5518.07819028,2205.49736093,2205.47901718,0.01998749,273.29067456,111,0
5519.67275902,5519.67234488,2275.59544434,2275.61373842,0.03899052,273.82549440,111,0
5520.86846071,5520.86960919,2328.67261855,2328.62153052,0.04617510,274.16755804,111,0
5524.46112059,5524.46105672,2490.19402193,2490.19692682,0.07220979,274.88012152,111,0
5527.59535714,5527.59374845,2634.05315447,2634.12776833,0.13366251,275.09627355,111,0
5527.87021104,5527.87065531,2646.90848641,2646.88784200,0.03510914,275.09640429,111,0
5528.65697387,5528.65627711,2683.51324036,2683.54579063,0.05914505,275.07953635,111,0
5529.83640658,5529.83756178,2738.91772863,2738.86333144,0.06866795,275.00565388,111,0
5530.48771364,5530.48922330,2769.66791097,2769.59652384,0.04259685,274.93943427,111,0
5533.37086738,5533.37239820,2907.37861775,2907.30479141,0.06355095,274.42194050,111,0
5533.68724985,5533.68605618,2922.52218906,2922.57988650,0.12138152,274.34229631,111,0
5537.31419439,5537.31390518,3100.24853012,3100.26288700,0.04935255,273.08953251,111,0
5538.06488624,5538.06464437,3137.61844699,3137.63052358,0.05293676,272.74958345,111,0
5539.73291921,5539.73291632,3221.44687635,3221.44702270,0.08488940,271.89038972,111,0
5540.05629848,5540.05708538,3237.86266109,3237.82276973,0.06743166,271.70690649,111,0
5540.26854817,5540.26735535,3248.53000183,3248.59056176,0.07896528,271.58347590,111,0
5543.80794300,5543.80859272,3430.94620770,3430.91224892,0.09392686,269.15841825,111,0
5544.43541685,5544.43479447,3463.75968670,3463.79238550,0.06893631,268.65372044,111,0
5544.68608872,5544.68743531,3477.04733430,3476.97643227,0.12801734,268.44556848,111,0
5547.29228460,5547.29335101,3615.78062878,3615.72321686,0.07249055,266.05431233,111,0
5548.50949167,5548.50906360,3681.60662950,3681.62994447,0.04393609,264.79000316,111,0
5549.58454508,5549.58412922,3740.43342851,3740.45629507,0.03709226,263.59164570,111,0
5551.21902582,5551.22077138,3831.09162168,3830.99416658,0.11024564,261.61850075,111,0
5552.96541088,5552.96536971,3929.32271260,3929.32505015,0.03905308,259.29862657,111,0
5527.87132632,5527.87103607,618.08804558,618.09849415,0.02846093,275.18491180,110,0
5530.48851721,5530.48964891,712.82764899,712.78648765,0.06781880,278.71747298,110,0
5537.31492625,5537.31410244,964.37186978,964.40265574,0.02120846,287.30759172,110,0
5539.73288912,5539.73233109,1055.19277534,1055.21383816,0.06590243,290.12171166,110,0
5540.05796051,5540.05887315,1067.52587954,1067.49138890,0.02850892,290.49047619,110,0
5540.26654091,5540.27131733,0.00000000,1075.36944865,0.16049645,290.72562910,110,0
5541.71078449,5541.71363544,1130.28316195,1130.17464349,0.08673307,292.32968313,110,0
5543.80892380,5543.80957737,1210.41449413,1210.38938958,0.05509024,294.57690883,110,0
5544.43438530,5544.43516447,1234.47820568,1234.44819400,0.01412250,295.22759240,110,0
5544.68559829,5544.68629265,1244.15608189,1244.12930916,0.06971074,295.48638237,110,0
5544.97017669,5544.96972877,1255.09134171,1255.10863389,0.04711135,295.77776238,110,0
5547.29430955,5547.29381110,1345.29225457,1345.31169696,0.09099136,298.08654148,110,0
5547.63512117,5547.63741896,1358.71096555,1358.62118639,0.06012549,298.41433863,110,0
5548.50960963,5548.50828342,1392.80182119,1392.85385450,0.03919995,299.24223126,110,0
5549.58450795,5549.58347185,1435.07916756,1435.12000058,0.06131835,300.23414752,110,0
5550.26593222,5550.26545558,1462.00243409,1462.02128353,0.03786193,300.84804419,110,0
5550.99374646,5550.99873144,0.00000000,1490.86571976,0.06063765,301.49120613,110,0
5551.21811336,5551.22039897,1499.86474930,1499.77395439,0.09824180,301.68668288,110,0
5552.96624589,5552.96644426,1569.50460211,1569.49665515,0.02028914,303.16514285,110,0
5557.93754734,5557.93628224,1771.01026872,1771.06219630,0.10255827,306.92447226,110,0
5558.65228979,5558.65107678,1800.40455047,1800.45452781,0.10443092,307.40858811,110,0
5560.71774499,5560.71608158,1885.94064281,1886.00990567,0.06847914,308.72471472,110,0
5562.68685169,5562.68607786,1968.39105352,1968.42361701,0.04434585,309.86136929,110,0
5566.43888070,5566.44000957,2127.94118680,2127.89270775,0.38962231,311.69459706,110,0
5566.65895199,5566.65921997,2137.36067953,2137.34915751,0.05301344,311.78811998,110,0
5566.86622311,5566.86463298,2146.19742761,2146.26587326,0.09096491,311.87474602,110,0
5567.21989914,5567.50840067,0.00000000,2161.51830968,0.07815032,312.01941514,110,0
5568.37153182,5568.37041847,2211.29961851,2211.34796922,0.04723706,312.46117180,110,0
5568.88292153,5568.88222973,2233.55775763,2233.58788373,0.02909725,312.64306928,110,0
5569.09906495,5569.10057875,2243.07133835,2243.00534533,0.05332593,312.71725276,110,0
5571.60398229,5571.60390250,2353.00024604,2353.00377471,0.14714194,313.45849656,110,0
5575.46481323,5575.46529032,2525.84136960,2525.81976226,0.08358599,314.15654284,110,0
5577.23281678,5577.23339889,2606.36093358,2606.33427413,0.07381132,314.28684978,110,0
5577.87971364,5577.88250364,2636.16024495,2636.03192643,0.08651288,314.30361341,110,0
5579.41655130,5579.41745078,2707.10017374,2707.05838387,0.08357749,314.27526727,110,0
5580.07150407,5580.07340652,2737.64835834,2737.55959572,0.03196606,314.23346342,110,0
5580.42745045,5580.42733436,2754.17827534,2754.18370444,0.05252131,314.20318159,110,0
5587.73264091,5587.73222988,3104.60636269,3104.62659773,0.17974140,312.33341139,110,0
5588.47571466,5588.47477202,3141.26445467,3141.31113328,0.06705094,312.00173122,110,0
5588.71549380,5588.71624313,3153.23310774,3153.19593300,0.11151760,311.88875129,110,0
5589.65526375,5589.65511274,3199.96694879,3199.97449299,0.06143320,311.41780216,110,0
5591.41140138,5591.41127526,3288.29987498,3288.30626296,0.06030103,310.41433159,110,0
5591.72920744,5591.73203309,0.00000000,3304.42239762,0.04604522,310.21514859,110,0
5595.94344357,5595.94571768,3522.21681884,3522.09728569,0.08979086,307.03850174,110,0
5599.03278134,5599.03386609,3686.73637312,3686.67777123,0.47262952,304.03622195,110,0
5603.28859504,5603.28704321,3920.99226145,3921.07947299,0.11565298,298.86995454,110,0
5604.44914625,5604.44954333,3986.71698821,3986.69440689,0.06743049,297.23684681,110,0
5605.52426779,5605.52481371,4048.17349141,4048.14210891,0.05408122,295.63347938,110,0
5580.07381951,5580.07482433,671.24585213,671.20980818,0.05761980,316.63236322,109,0
5588.71806165,5588.71817030,986.69156303,986.68752839,0.05929168,327.55661190,109,0
5591.41234798,5591.41149831,1087.24304040,1087.27493192,0.02973343,330.64548149,109,0
5593.43928498,5593.43895568,1163.68280368,1163.69527383,0.09587652,332.86453460,109,0
5595.94281537,5595.94438598,1259.07309379,1259.01296807,0.08318693,335.47764729,109,0
5598.68257665,5598.67995102,1364.44807275,1364.54982133,0.09832042,338.17044777,109,0
5598.91563938,5599.03450065,0.00000000,1373.58624797,0.08655800,338.39121722,109,0
5601.08666156,5601.08550577,1458.16609436,1458.21137470,0.11795161,340.38365402,109,0
5601.75208339,5601.75087613,1484.27647718,1484.32392984,0.06470236,340.97106900,109,0
5603.74778387,5603.74953631,1563.19328876,1563.12376035,0.05814404,342.66538174,109,0
5604.44855019,5604.44867085,1590.97669261,1590.97189000,0.04343926,343.23601047,109,0
5605.52575152,5605.52523152,1633.93732198,1633.95812873,0.04278111,344.08796462,109,0
5609.01560278,5609.01506304,1774.76205770,1774.78402567,0.06775965,346.63354965,109,0
5609.72030538,5609.72045664,1803.52503592,1803.51885651,0.05435241,347.10674591,109,0
5611.80126781,5611.80185385,1888.99874150,1888.97454346,0.04484473,348.42141386,109,0
5613.87186431,5613.87294787,1974.97327281,1974.92804114,0.06431866,349.60392587,109,0
5618.43825077,5618.43777933,2167.83953483,2167.85970567,0.05445406,351.74753355,109,0
5620.91370471,5620.91391543,2274.53371908,2274.52457642,0.04680269,352.62937546,109,0
5621.37593996,5621.37560530,2294.59412804,2294.60868924,0.06279399,352.77126375,109,0
5623.75334017,5623.75375877,2398.77202186,2398.75355154,0.03294512,353.38427760,109,0
5624.53402499,5624.53420409,2433.28409220,2433.27615384,0.04302506,353.54207697,109,0
5626.17021212,5626.16959322,2506.14117345,2506.16888296,0.06331731,353.80101875,109,0
5626.79742218,5626.79847946,2534.34913482,2534.30162392,0.43124096,353.87401307,109,0
5626.98533533,5626.98470969,2542.72247437,2542.75062049,0.09030256,353.89300566,109,0
5628.99048658,5628.98993189,2633.50401540,2633.52928658,0.12057104,354.01171218,109,0
5629.70645299,5629.70665311,2666.23558795,2666.22642689,0.04704324,354.01622259,109,0
5630.30497203,5630.30504829,2693.68286612,2693.67936144,0.04024639,354.00437208,109,0
5631.00065579,5631.00073307,2725.72866763,2725.72509953,0.04083089,353.97248718,109,0
5631.25222117,5631.25182655,2737.33155527,2737.34980526,0.04956511,353.95611538,109,0
5632.37572564,5632.37548124,2789.48398294,2789.49536838,0.02607047,353.85120620,109,0
5633.09611698,5633.09749092,2823.20389167,2823.13956577,0.12058834,353.75621183,109,0
5633.25263573,5633.25336392,2830.50557816,2830.47144842,0.03962527,353.73266869,109,0
5634.32466755,5634.32444177,2880.89166368,2880.90232275,0.04323805,353.54318739,109,0
5639.37570426,5639.37495704,3123.59442872,3123.63098982,0.08542703,351.95903580,109,0
5639.74534646,5639.74489607,3141.72332688,3141.74543232,0.08395702,351.79623222,109,0
5643.22614700,5643.22702494,3314.88362176,3314.83937439,0.07683930,349.92884573,109,0
5643.49506455,5643.49566816,3328.43713120,3328.40664581,0.06573827,349.75865015,109,0
5646.91193160,5646.91351310,3503.47370947,3503.39157437,0.06719633,347.25366576,109,0
5648.31314872,5648.31354347,3576.61300562,3576.59226193,0.03666093,346.03538441,109,0
5651.07470521,5651.07565603,3723.55787986,3723.50667187,0.21799149,343.28770413,109,0
5651.32115243,5651.32333115,3736.89864934,3736.78106379,0.14345088,343.01957149,109,0
5654.89600737,5654.89761866,3933.03876567,3932.94883836,0.10237805,338.67418418,109,0
5655.33982562,5655.34079562,3957.82882332,3957.77443372,0.05100068,338.07321218,109,0
5624.53268458,5624.53435028,418.17268085,418.11497644,0.08345968,346.62925663,108,0
5626.17132370,5626.16611263,0.00000000,475.04899685,0.07385619,349.01608548,108,0
5629.70657079,5629.70663040,599.02666522,599.02456152,0.03812758,354.00430935,108,0
5630.99897865,5631.00020236,644.79010816,644.74671082,0.02814543,355.77149729,108,0
5632.37527021,5632.37568519,693.68686106,693.67206635,0.03092663,357.61918208,108,0
5633.25207396,5633.25324035,725.02753912,724.98582289,0.09166439,358.77824092,108,0
5643.22626009,5643.22739891,1088.85362380,1088.81125342,0.05241216,370.89610567,108,0
5643.49659954,5643.49613095,1098.85752718,1098.87498085,0.05281013,371.19591745,108,0
5646.91422583,5646.91251175,1227.05850651,1227.12330705,0.07225099,374.84943130,108,0
5648.31388010,5648.31421680,1280.20876898,1280.19595999,0.04759696,376.27058976,108,0
5649.04638969,5649.04452555,1308.03678445,1308.10792220,0.04300232,376.99666735,108,0
5649.94447515,5649.94384229,1342.41669147,1342.44093062,0.11491899,377.86959464,108,0
5651.07774164,5651.07695491,1385.93155743,1385.96185278,0.22698884,378.94411738,108,0
5653.57191039,5653.57261706,1482.55646975,1482.52894791,0.02493399,381.20046160,108,0
5654.89838403,5654.89860844,1534.35125126,1534.34245993,0.06092679,382.33839392,108,0
5655.34037335,5655.34105828,1551.70323866,1551.67634681,0.04099029,382.70773936,108,0
5655.62369570,5655.62427849,1562.83118083,1562.80826648,0.10477124,382.94193565,108,0
5660.39329933,5660.39256903,1752.44491034,1752.47428956,0.02422528,386.57148689,108,0
5661.85550881,5661.85833371,1811.63431182,1811.51984114,0.09848733,387.56224752,108,0
5663.62703223,5663.62664503,1883.60134065,1883.61717388,0.02212158,388.68235145,108,0
5664.64980847,5664.65004641,1925.56264051,1925.55285975,0.01344378,389.28850348,108,0
5665.22985062,5665.23048752,1949.45474941,1949.42849446,0.05579177,389.61870190,108,0
5669.66830750,5669.66569396,2134.47760510,2134.58793996,0.05605294,391.81211400,108,0
5672.82497555,5672.82431142,2268.99644494,2269.02497922,0.08225256,392.99677148,108,0
5675.55666598,5675.55683112,2387.32937128,2387.32216187,0.08122255,393.75531114,108,0
5677.70635758,5677.70545806,2481.73321943,2481.77300114,0.04166602,394.17013968,108,0
5680.26425065,5680.26335794,2595.72092496,2595.76102179,0.03859412,394.44519729,108,0
5680.87781242,5680.87659260,2623.31705147,2623.37204786,0.06866574,394.47471065,108,0
5682.92395630,5682.92570052,2716.33040529,2716.25071756,0.19978674,394.46778306,108,0
5683.25573231,5683.25500918,2731.38536203,2731.41847652,0.05890980,394.45110143,108,0
5683.63343783,5683.63335039,2748.73162784,2748.73564147,0.41425962,394.42671895,108,0
5688.34872554,5688.34893890,2968.62068522,2968.61057545,0.03527334,393.62257307,108,0
5688.66938431,5688.67012125,2983.85611036,2983.82111426,0.07842976,393.53305124,108,0
5689.92339732,5689.92264750,3043.60713066,3043.64306572,0.04642714,393.13845168,108,0
5694.23571106,5694.23279910,0.00000000,3253.58293612,0.08021307,391.21760373,108,0
5695.62268588,5695.62401332,3322.63660847,3322.57023177,0.16897811,390.40445961,108,0
5697.66513712,5697.66426002,3425.49995208,3425.54453896,0.06585949,389.02350045,108,0
5697.84468818,5697.84123329,0.00000000,3434.67030532,0.13966914,388.89146369,108,0
5699.10173908,5699.10336256,3499.08225782,3498.99875419,0.05328821,387.91616440,108,0
5699.91280876,5699.91188696,3540.80150370,3540.84921843,0.05314203,387.23977579,108,0
5700.24453759,5700.24478823,3558.05616619,3558.04315683,0.10508967,386.95232302,108,0
5700.83506805,5700.83410367,3588.72705247,3588.77738454,0.04450435,386.42462894,108,0
5702.45842191,5702.45545948,0.00000000,3674.09005186,0.05157786,384.86667419,108,0
5702.95467620,5702.95267003,3700.30572731,3700.41236776,0.04867136,384.35834843,108,0
5677.70627501,5677.70471375,438.78578825,438.83950568,0.01254862,388.32108833,107,0
5689.92455238,5689.92286405,868.59716193,868.65793584,0.03141459,404.73211678,107,0
5690.29861441,5690.30264391,0.00000000,882.14672477,0.08403099,405.19040941,107,0
5691.20928490,5691.20736134,914.96293383,915.03255613,0.04433926,406.29328885,107,0
5697.66476598,5697.66447035,1151.63328211,1151.64426271,0.01445873,413.62504560,107,0
5697.84018519,5697.84139874,1158.20741434,1158.16230610,0.22444017,413.81203258,107,0
5698.16614353,5698.16404630,1170.21646210,1170.29452144,0.04707849,414.15793865,107,0
5699.10474865,5699.10432934,1205.27024519,1205.28591319,0.03933560,415.14001268,107,0
5699.91207990,5699.91184781,1235.49890823,1235.50761100,0.04068853,415.96960323,107,0
5702.45737093,5702.45553796,1331.41751197,1331.48700496,0.03249235,418.48987946,107,0
5709.08959620,5709.09000933,1586.71632420,1586.70018313,0.19216081,424.34571942,107,0
5709.80100901,5709.80329361,1614.64074920,1614.55119035,0.07043418,424.91042138,107,0
5715.59581786,5715.63765601,0.00000000,1844.91331927,79.67864605,429.02069830,107,0
5722.04694015,5722.04694119,2109.38012231,2109.38007880,0.11045866,432.50683238,107,0
5722.31201787,5722.30936432,2120.34485977,2120.45566541,0.02432789,432.62408797,107,0
5725.97685798,5725.97572118,2274.98953262,2275.03797398,0.07857417,434.01946251,107,0
5731.20891496,5731.20725795,2501.32181915,2501.39461800,0.08097901,435.25049562,107,0
5736.22987115,5736.22923878,2725.39804475,2725.42671540,0.07659389,435.51790244,107,0
5739.61868677,5739.62051745,2880.85110841,2880.76624716,0.11669105,435.14740682,107,0
5740.19118392,5740.19304382,2907.44226923,2907.35571800,0.09800577,435.03832215,107,0
5747.21045740,5747.21349301,0.00000000,3242.20623575,0.09528024,432.52061351,107,0
5748.26556855,5748.26768962,3294.15458254,3294.04994577,0.03598329,431.94109662,107,0
5749.70009557,5749.69987607,3365.19763536,3365.20858566,0.05839089,431.06273107,107,0
5750.38014475,5750.37955294,3399.19780512,3399.22749090,0.06097326,430.60888482,107,0
5751.95764610,5751.95428464,0.00000000,3478.84497399,0.10303058,429.46086799,107,0
5739.61903961,5739.62002315,727.62388590,727.58933648,0.12731338,441.19957674,106,0
5748.27063064,5748.26935045,1036.60046674,1036.64697941,0.04831210,451.68894217,106,0
5749.69982590,5749.69977528,1088.71670490,1088.71855424,0.02054509,453.27984800,106,0
5750.04185774,5750.04178275,1101.22009906,1101.22284258,0.03044121,453.65430525,106,0
5750.38013832,5750.38012079,1113.60728296,1113.60792514,0.01857278,454.02229980,106,0
5750.66986851,5751.95802786,0.00000000,1124.23852375,0.20324278,454.33586756,106,0
5754.58712930,5754.58809880,1269.16662480,1269.13046118,0.13913816,458.39818016,106,0
5755.60639643,5755.60649771,1307.24394592,1307.24015088,0.06185261,459.40117602,106,0
5762.86588537,5762.86485086,1583.56129420,1583.60132981,0.03231699,465.85823307,106,0
5764.19899156,5764.19785095,1635.30658719,1635.35100686,0.07216646,466.90776734,106,0
5767.95764767,5767.95719887,1783.01346490,1783.03125852,0.07668090,469.62591715,106,0
5768.41208991,5768.41634810,0.00000000,1801.08204024,0.07921913,469.93001426,106,0
5769.29726354,5769.29742117,1836.32825684,1836.32196619,0.03182208,470.50602374,106,0
5769.68689493,5769.68647347,1851.86958409,1851.88643593,0.07237967,470.75299025,106,0
5769.89734584,5769.89841301,1860.34861995,1860.30590268,0.05306124,470.88468445,106,0
5771.31964034,5771.31844993,1917.40278760,1917.45078930,0.12629801,471.74326315,106,0
5774.93626415,5774.93388990,2064.53409462,2064.63162516,0.05405628,473.67149262,106,0
5775.72024342,5775.72026223,2096.88789319,2096.88711696,0.08142953,474.03957114,106,0
5778.89274775,5778.89224336,2228.87216125,2228.89333258,0.05646943,475.34165646,106,0
5780.05408912,5780.05483428,2277.81663052,2277.78515615,0.06316723,475.74056669,106,0
5780.47241739,5780.47131943,2295.43014295,2295.47663276,0.03519541,475.87380785,106,0
5785.25126153,5785.24976924,2500.53810601,2500.60306810,0.05519739,476.98766143,106,0
5786.99202195,5786.99202307,2576.76437196,2576.76432289,0.06370445,477.19909894,106,0
5787.33374901,5787.33713887,0.00000000,2591.81616025,0.08142277,477.22792633,106,0
5791.25238472,5791.25391230,2766.74005641,2766.67104287,0.03517744,477.24923948,106,0
5794.26487097,5794.26488306,2904.13623925,2904.13568250,0.04140290,476.86035823,106,0
5795.57355825,5795.57145177,2964.61095794,2964.70890428,0.11193620,476.57559120,106,0
5800.75684096,5800.75573999,3210.11762714,3210.17075704,0.06894768,474.71090401,106,0
5801.21772774,5801.21610765,3232.36681745,3232.44525148,0.08087439,474.48523678,106,0
5804.42123653,5804.42390996,3389.57177953,3389.43913567,0.18386988,472.62807134,106,0
5807.38769547,5807.38464684,0.00000000,3538.37365750,0.17759165,470.43432859,106,0
5808.49037250,5808.48856481,3594.57042036,3594.66312040,0.09690349,469.49562814,106,0
5812.87736294,5812.87686460,3823.92170812,3823.94825604,0.04686629,465.05036465,106,0
5813.71141334,5813.71035793,3868.49388775,3868.55054282,0.03336737,464.06958724,106,0
5817.27444622,5817.27568751,4063.18280511,4063.11385057,0.17745491,459.34878515,106,0
5791.25449204,5791.25608973,622.76685055,622.71184958,0.12117347,479.41759784,105,0
5795.39073749,5795.57425225,0.00000000,766.18421711,0.04768008,484.80621513,105,0
5797.08241818,5797.08306641,825.51186093,825.48906106,0.03941471,486.92060735,105,0
5812.87747374,5812.87760569,1398.93579076,1398.93084022,0.05464956,503.95506679,105,0
5813.31669470,5813.31679115,1415.42727899,1415.42365448,0.01381504,504.35354285,105,0
5813.71256771,5813.71204677,1430.29266429,1430.31227256,0.02532367,504.70886917,105,0
5816.53249281,5816.53217283,1537.14097944,1537.15317860,0.09388371,507.13645962,105,0
5817.27717576,5817.27729926,1565.60092224,1565.59619639,0.02608316,507.74656560,105,0
5817.90445482,5817.90346389,1589.59382705,1589.63184764,0.05349079,508.25027910,105,0
5818.57981585,5818.57789265,1615.51016130,1615.58418215,0.12456767,508.78196895,105,0
5820.06544494,5820.06488374,1672.94426165,1672.96601180,0.05914267,509.91262426,105,0
5825.49959527,5825.49869763,1886.30754417,1886.34326523,0.03321218,513.57418553,105,0
5825.78881676,5825.78923389,1897.87812116,1897.86149621,0.08195505,513.74750309,105,0
5830.40827955,5830.40832236,2084.10233110,2084.10058411,0.09910043,516.20396851,105,0
5832.26824996,5832.26846383,2160.37754003,2160.36872742,0.21822997,517.02192805,105,0
5833.43084006,5833.43052317,2208.41997323,2208.43311769,0.02141321,517.48130468,105,0
5834.93566785,5834.93510008,2271.07023686,2271.09397405,0.04736426,518.01506094,105,0
5835.60252186,5835.60030027,2298.93690868,2299.03013836,0.07250858,518.22927186,105,0
5836.95876240,5836.96033751,2356.22244317,2356.15585452,0.34843690,518.62170419,105,0
5837.11037735,5837.11197232,2362.63577553,2362.56828701,0.06320894,518.66193207,105,0
5838.33902918,5838.33870011,2414.73929233,2414.75331837,0.11160925,518.96062012,105,0
5838.65271692,5838.65473683,2428.22891874,2428.14266880,0.06845164,519.02901875,105,0
5838.80045529,5838.80209906,2434.51601694,2434.44577066,0.06384922,519.06005333,105,0
5839.95151001,5839.94968223,2483.73232728,2483.81096655,0.07473928,519.27733495,105,0
5840.65290918,5840.65340963,2514.07426917,2514.05264759,0.05428766,519.38786364,105,0
5841.22348101,5841.22240888,2538.69734420,2538.74381574,0.07996457,519.46538566,105,0
5843.03789733,5843.03728144,2617.79514230,2617.82213298,0.06847393,519.63671882,105,0
5843.43719111,5843.43727771,2635.34559063,2635.34178596,0.04857782,519.65881044,105,0
5844.60515886,5844.60642132,2686.90011126,2686.84423547,0.29676619,519.69043061,105,0
5846.33432274,5846.33673590,2763.90819076,2763.80021963,0.05594265,519.64502781,105,0
5850.40637755,5850.40597156,2948.41000016,2948.42865661,0.03552086,519.08364827,105,0
5850.78200349,5850.78257198,2965.73774610,2965.71155625,0.03834960,518.99841891,105,0
5853.62618535,5853.62631343,3098.06206995,3098.05605140,0.06793899,518.16042043,105,0
5855.52609810,5855.52597339,3187.93282492,3187.93876462,0.05148865,517.40439646,105,0
5858.37460101,5858.37404851,3325.04308321,3325.06996484,0.06206134,515.95985103,105,0
5859.19303282,5859.19321188,3365.02647151,3365.01770312,0.06391405,515.47292231,105,0
5861.71873084,5861.71783249,3489.88528376,3489.93016015,0.10304874,513.75797409,105,0
5863.13697192,5863.13765540,3561.20168119,3561.16715941,0.09953018,512.64947418,105,0
5864.09959880,5864.09711268,3609.87489016,3610.00151286,0.11705236,511.83485097,105,0
5865.34143577,5865.34210913,3673.61288417,3673.57820844,0.06655707,510.70762999,105,0
5867.62323768,5867.62289275,3792.19001867,3792.20812493,0.05674641,508.40274774,105,0
5869.66827806,5869.66800202,3900.54385714,3900.55862536,0.08160401,506.06839429,105,0
5870.82989102,5870.83118977,3963.10111893,3963.03085888,0.09643462,504.62307572,105,0
5871.36368227,5871.36454075,3992.02770446,3991.98104463,0.05936391,503.92866430,105,0
5872.55598214,5872.55644959,4057.17371929,4057.14801548,0.07500986,502.30846772,105,0
5833.43200492,5833.43153576,172.48794024,172.50322348,0.04398722,502.84879589,104,0
5840.65520000,5840.65466216,410.60651163,410.62445793,0.07148836,513.62463956,104,0
5843.43751770,5843.43742643,503.91028616,503.91336076,0.02951358,517.55360790,104,0
5846.33496588,5846.33940686,0.00000000,602.01269421,0.09563558,521.50773249,104,0
5850.40781404,5850.40673783,741.59737669,741.63453500,0.01610336,526.82222431,104,0
5850.78290850,5850.78313199,754.60256369,754.59483569,0.02412176,527.29688923,104,0
5853.62673390,5853.62682189,853.47096861,853.46789296,0.01261414,530.81388257,104,0
5855.52619787,5855.52653578,920.12945880,920.11755699,0.03667846,533.08077846,104,0
5858.91172533,5858.90546138,0.00000000,1040.10848355,0.15423437,536.95122827,104,0
5859.19396962,5859.19413123,1050.19480674,1050.18903453,0.03084127,537.26406019,104,0
5861.72107179,5861.72166245,1140.91427564,1140.89296336,0.06298447,539.99299998,104,0
5864.09857118,5864.09870931,1227.09716926,1227.09213599,0.06560350,542.44320545,104,0
5865.34377406,5865.34371870,1272.57752276,1272.57955082,0.04160238,543.67996362,104,0
5866.65802200,5866.65715585,1320.82605564,1320.85795420,0.08497339,544.95014069,104,0
5866.89958949,5866.89990209,1329.77014092,1329.75861750,0.04079596,545.17953914,104,0
5869.66804659,5869.66849735,1432.44549090,1432.42867805,0.01853324,547.71828920,104,0
5870.83275699,5870.83290075,1475.99631577,1475.99092376,0.08489271,548.73576954,104,0
5871.36439255,5871.36421372,1495.94800611,1495.95472941,0.03555288,549.19018296,104,0
5872.55614427,5872.55632963,1540.87817243,1540.87116821,0.04647394,550.18527344,104,0
5873.87371017,5873.87430575,1590.83747939,1590.81483743,0.04909065,551.24738158,104,0
5877.32263665,5877.32210925,1722.96031124,1722.98068528,0.18085009,553.83279855,104,0
5886.27915241,5886.27938713,2076.63726997,2076.62779099,0.07663173,559.14463226,104,0
5890.96527813,5890.96450206,2268.20986043,2268.24199014,0.06350251,561.04698644,104,0
5898.84929451,5898.84940863,2602.06192533,2602.05698151,0.03718556,562.72478387,104,0
5899.22364434,5899.22571528,2618.39158727,2618.30166239,0.09698092,562.75340204,104,0
5901.85884872,5901.85877960,2733.64805138,2733.65110215,0.04246738,562.81509404,104,0
5903.09192952,5903.09221005,2788.29815742,2788.28567985,0.04470275,562.75773517,104,0
5903.53783629,5903.53761840,2808.13895319,2808.14867328,0.07224760,562.72308725,104,0
5907.86573203,5907.86565140,3003.95246593,3003.95616634,0.05619253,561.98786225,104,0
5908.25659168,5908.25722370,3021.94946795,3021.92037983,0.06450432,561.88461019,104,0
5912.69868332,5912.69845334,3229.57416637,3229.58508975,0.04877867,560.25418936,104,0
5914.60363261,5914.60621969,3320.81793155,3320.69331230,0.11655253,559.28506115,104,0
5920.89166310,5920.89150474,3631.10303425,3631.11104853,0.06625421,554.82040503,104,0
5922.62692373,5922.62625933,3719.59499825,3719.62913866,0.14177279,553.21769520,104,0
5901.85942278,5901.85913251,560.32963224,560.33937699,0.03461726,563.45019847,103,0
5903.53811517,5903.53784692,616.84240954,616.85146603,0.02491602,565.69151389,103,0
5907.86528368,5907.86472247,764.06541183,764.08465820,0.03636937,571.25134246,103,0
5908.25624378,5908.25685642,777.52414082,777.50309782,0.03841804,571.73795548,103,0
5912.69987438,5912.69902864,931.37257559,931.40211541,0.03916501,577.07890639,103,0
5920.89140641,5920.89095441,1222.06442799,1222.08073378,0.03333361,585.96111289,103,0
5922.62760203,5922.62702068,1284.91655937,1284.93768755,0.08650318,587.67443061,103,0
5936.48877938,5936.49066521,1804.15639977,1804.08350582,0.04518429,599.00422194,103,0
5938.38076774,5938.38116604,1877.55772169,1877.54218577,0.04004557,600.20094360,103,0
5942.30962994,5942.30916221,2032.26583966,2032.28443587,0.02249716,602.39221344,103,0
5942.88770313,5942.88735003,2055.28824799,2055.30232994,0.02903547,602.67997198,103,0
5945.06035581,5945.06015299,2142.45564459,2142.46382665,0.03694674,603.67999496,103,0
5948.98184457,5948.98328510,2302.40075127,2302.34139616,0.04331123,605.14575995,103,0
5949.82789316,5949.82779336,2337.27435916,2337.27848907,0.02049519,605.40256820,103,0
5953.06674077,5953.06623430,2472.54135672,2472.56271100,0.07709674,606.18221800,103,0
5956.81543483,5956.81633670,2632.36552942,2632.32666780,0.04366631,606.66347747,103,0
5957.27377597,5957.27229303,2652.04074267,2652.10482667,0.09857482,606.68996190,103,0
5960.62534585,5960.62584213,2798.48155536,2798.45965673,0.11192440,606.65944419,103,0
5962.90860225,5962.90831962,2899.94331144,2899.95596400,0.07006079,606.40403619,103,0
5963.55383989,5963.55323100,2928.87298281,2928.90035697,0.05693206,606.29605878,103,0
5971.81423177,5971.81492685,3311.08959979,3311.05648656,0.09869697,603.40951566,103,0
5976.41881911,5976.41852838,3534.31067346,3534.32502103,0.04893546,600.46778105,103,0
5981.07688179,5981.07530988,3768.62040728,3768.70106358,0.09786857,596.38554887,103,0
5983.77293850,5983.77356792,3908.72334401,3908.69025836,0.12133387,593.46233706,103,0
5945.06040989,5945.06029207,84.50626236,84.50999549,0.05991481,586.48599692,102,0
5962.90921558,5962.90910398,666.83131424,666.83506488,0.08406585,611.96354078,102,0
5963.55452363,5963.55370602,688.52295425,688.55050550,0.01910827,612.79162773,102,0
5975.25933449,5975.26279655,1091.74526796,1091.62337342,0.07339532,626.56967472,102,0
5976.41895823,5976.41903865,1132.53900175,1132.53615731,0.00889811,627.79920755,102,0
5979.13433716,5979.13203760,1229.01821427,1229.10044779,0.16205505,630.57770231,102,0
5981.07646982,5981.07494554,1298.77733609,1298.83229442,0.03751322,632.47624119,102,0
5981.57800875,5981.57950787,1316.98612800,1316.93197836,0.17221932,632.95423626,102,0
5990.25143906,5990.25237860,1636.13342206,1636.09818089,0.19001097,640.38132422,102,0
5995.96372634,5995.96457790,1853.21838597,1853.18558910,0.07262020,644.34930067,102,0
5996.62244551,5996.62063542,1878.52684291,1878.59678564,0.19214494,644.75638942,102,0
6001.84048163,6001.84029495,2082.80591368,2082.81331659,0.04957796,647.59113363,102,0
6003.49482901,6003.49347942,2148.64103621,2148.69500406,0.06413744,648.33984952,102,0
6006.28673525,6006.28343714,2261.04844321,2261.18229471,0.14042452,649.43122088,102,0
6010.51552541,6010.51502086,2434.77157082,2434.79252873,0.04943694,650.65256401,102,0
6011.80658517,6011.80813837,2488.69060801,2488.62560307,0.04812194,650.91709588,102,0
6012.13691079,6012.13590174,2502.42089434,2502.46320274,0.03066605,650.97635836,102,0
6020.34949773,6020.34873326,2855.29037951,2855.32407083,0.04729032,651.28009016,102,0
6022.69346891,6022.69029773,0.00000000,2959.38354511,0.25610960,650.92573708,102,0
6024.77887376,6024.77626890,3053.20976359,3053.32793042,0.08813477,650.43204537,102,0
6027.24388777,6027.24318161,3166.07258524,3166.10516872,0.06357677,649.62149353,102,0
6030.74836532,6030.74676014,3329.77618649,3329.85214944,0.03874621,648.02121660,102,0
6032.66098957,6032.66031546,3420.98392287,3421.01629075,0.07025316,646.91287723,102,0
6033.16564421,6033.16846761,3445.42593064,3445.28985655,0.17678429,646.59154385,102,0
6034.86250060,6034.86262272,3527.62339408,3527.61743112,0.07688304,645.41953238,102,0
6040.06488455,6040.06374630,3787.07744881,3787.13546609,0.08046391,640.89407536,102,0
6042.24811927,6042.24777172,3899.46323029,3899.48129538,0.05595553,638.54340280,102,0
6042.39601275,6042.39749070,3907.25423575,3907.17733102,0.08213703,638.37370965,102,0
6044.11519457,6044.11679658,3997.43576525,3997.35109378,0.05840213,636.30262786,102,0
6044.33781156,6044.33698284,4009.08354383,4009.12742385,0.09126785,636.02088636,102,0
6001.83999141,6001.84005769,19.14658322,19.14451609,0.05946346,628.29583594,101,0
6010.51615424,6010.51423306,293.34478328,293.40633851,0.02849304,641.45420724,101,0
6021.98462237,6021.98217877,667.90945775,667.99083875,0.08190942,657.15485536,101,0
6022.38745023,6022.38420702,681.30791325,681.41607726,0.03669374,657.66895845,101,0
6023.86253688,6023.86247493,730.73449598,730.73657267,0.06650607,659.52876741,101,0
6030.74655885,6030.74746726,964.47806170,964.44682549,0.03932907,667.72509961,101,0
6032.66030761,6032.66188736,1030.54538887,1030.49067745,0.05374219,669.85685874,101,0
6040.27638782,6040.27439090,1298.17244145,1298.24372490,0.05491363,677.66741340,101,0
6042.39827418,6042.39893271,1374.33669205,1374.31297573,0.14978806,679.64307971,101,0
6044.11724300,6044.11648006,1436.41141092,1436.43907738,0.04195735,681.17677860,101,0
6044.33704184,6044.33722945,1444.42045108,1444.41364114,0.01863880,681.36844815,101,0
6047.52405960,6047.52461003,1560.94503015,1560.92476576,0.02734110,684.03398535,101,0
6055.46715913,6055.46888620,1858.68894182,1858.62301939,0.05058382,689.69899918,101,0
6055.71677799,6055.71549451,1868.10774329,1868.15679368,0.03337384,689.85321689,101,0
6057.23657824,6057.23689733,1926.47101101,1926.45872655,0.02655825,690.75958504,101,0
6060.06600930,6060.06504760,2036.09598624,2036.13351198,0.05013985,692.29357704,101,0
6065.32109737,6065.31747507,0.00000000,2244.04704513,0.04210588,694.58879471,101,0
6068.16796802,6068.16594952,2359.00457474,2359.08677028,0.10908246,695.51404799,101,0
6068.90217490,6068.90211841,2389.03284515,2389.03515508,0.06859388,695.71464118,101,0
6071.86785031,6071.86792247,2511.30985889,2511.30685900,0.04453606,696.36098488,101,0
6073.40710421,6073.40655122,2575.54805521,2575.57124497,0.02203732,696.58952018,101,0
6074.38652831,6074.38651255,2616.76259638,2616.76326131,0.04414799,696.69572344,101,0
6076.54943148,6076.54954065,2708.59057095,2708.58590560,0.03948203,696.81921132,101,0
6077.66985153,6077.66875056,2756.58334512,2756.63071205,0.08253941,696.82151661,101,0
6079.79874489,6079.79849290,2848.82154143,2848.83252945,0.03331073,696.70604973,101,0
6081.23925091,6081.24279283,0.00000000,2911.91779206,0.03529000,696.53622249,101,0
6082.06521961,6082.06526025,2948.35382376,2948.35202608,0.03854499,696.40452494,101,0
6085.14940300,6085.14998545,3086.20414804,3086.17784525,0.11094751,695.68367157,101,0
6086.89368935,6086.89478739,3165.44857450,3165.39840379,0.06654687,695.10993086,101,0
6089.39650204,6089.39437134,3280.66954326,3280.76864009,0.14021366,694.06625758,101,0
6090.21128180,6090.21176211,3318.79348314,3318.77101332,0.20819149,693.66844199,101,0
6093.27912596,6093.27703231,3463.85092929,3463.95115327,0.05097567,691.90210922,101,0
6094.32114032,6094.31889664,3513.92559037,3514.03386391,0.07467099,691.20210893,101,0
6094.51592704,6094.51850850,3523.56567970,3523.44091429,0.03723081,691.06543883,101,0
6068.90213625,6068.90245636,238.85992563,238.84982235,0.03044774,684.85733976,100,0
6071.86706245,6071.86750048,332.88273931,332.86878244,0.05540368,689.14372281,100,0
6073.59237871,6073.59457637,388.07019649,387.99978021,0.06097436,691.58084818,100,0
6074.38674386,6074.38646112,413.47600152,413.48508433,0.00998519,692.68838474,100,0
6076.54990371,6076.54993276,483.23167561,483.23073579,0.02922729,695.65774297,100,0
6079.79841194,6079.79880691,588.92046949,588.90755155,0.02446551,699.98483310,100,0
6081.24449665,6081.24519236,636.34428916,636.32141880,0.21506619,701.85892638,100,0
6082.06578842,6082.06605791,663.36293861,663.35405789,0.01466630,702.90875927,100,0
6086.89315112,6086.89618679,823.95289677,823.85109832,0.05412402,708.86266517,100,0
6088.28091039,6088.27618236,0.00000000,870.50660227,0.05376575,710.50381688,100,0
6093.27947746,6093.27983314,1040.56065358,1040.54844036,0.05037388,716.14363923,100,0
6094.32012717,6094.32039197,1076.35952852,1076.35040201,0.05249074,717.26279057,100,0
6094.51817515,6094.52094147,1083.27219290,1083.17675297,0.03949330,717.47348227,100,0
6095.57261338,6095.57131394,1119.57702510,1119.62203218,0.06215316,718.58373301,100,0
6109.71399489,6109.71251137,1623.74881004,1623.80330243,0.05707920,731.41782061,100,0
6112.00077277,6112.00102272,1708.23519695,1708.22592268,0.05090509,733.10662818,100,0
6113.42461190,6113.42493416,1761.24532593,1761.23329055,0.23007004,734.09954974,100,0
6114.61814328,6114.61789735,1805.92342150,1805.93265793,0.05387806,734.89641264,100,0
6115.58188781,6115.58235000,1842.22524074,1842.20780627,0.06222718,735.51590148,100,0
6118.35763326,6118.35785303,1947.62299130,1947.61459180,0.03732207,737.17773080,100,0
6118.91177579,6118.91287141,1968.86705384,1968.82505469,0.08550838,737.48727072,100,0
6121.11455174,6121.11374471,2053.66434902,2053.69560682,0.07048387,738.64250798,100,0
6124.09392414,6124.09278299,2169.95086260,2169.99574588,0.08037174,740.00898831,100,0
6125.28693894,6125.28706577,2217.07651086,2217.07149022,0.13381049,740.49091884,100,0
6126.28320022,6126.39912374,0.00000000,2256.60437781,0.26010291,740.86393851,100,0
6133.67448022,6133.67325768,2556.51633218,2556.56696482,0.13512487,742.75168937,100,0
6134.75929915,6134.75766637,2601.57092708,2601.63898190,0.07114653,742.89139439,100,0
6135.03029251,6135.03073220,2612.96117187,2612.94281732,0.13769430,742.92053295,100,0
6136.68901006,6136.68969378,2682.55517864,2682.52635212,0.05244868,743.04780283,100,0
6138.80167599,6138.79932563,2772.07043540,2772.17078896,0.11926767,743.07963457,100,0
6141.07641785,6141.07514705,2869.93185607,2869.98689706,0.06675525,742.94462234,100,0
6141.44350602,6141.44169354,2885.81597204,2885.89463889,0.03539686,742.90591766,100,0
6142.62011059,6142.62229255,2937.24967456,2937.15425817,0.08954368,742.74932451,100,0
6143.14803351,6143.14852563,2960.29631285,2960.27472152,0.08504071,742.66277249,100,0
6144.03323207,6144.03288926,2999.20835905,2999.22348635,0.05389324,742.49458439,100,0
6149.37571370,6149.37635607,3239.30550217,3239.27611088,0.05854014,740.83784880,100,0
6149.63174362,6149.63201330,3251.01250199,3251.00014249,0.06842649,740.72959997,100,0
6152.51077664,6152.51102388,3384.36561342,3384.35403956,0.11739417,739.31915037,100,0
6160.59488985,6160.59361362,3774.74210639,3774.80577367,0.07910591,733.29473213,100,0
6161.09738966,6161.09789764,3799.94851001,3799.92306822,0.05503780,732.81045996,100,0
6163.67627532,6163.67612332,3930.54495422,3930.55274002,0.06908371,730.10325999,100,0
6165.94259196,6165.94347582,4047.91211120,4047.86587498,0.10517537,727.40234035,100,0
6141.44502429,6141.44001556,0.00000000,596.42590107,0.02741840,747.03752923,99,0
6144.03324092,6144.03337057,680.69136552,680.68712637,0.02240592,750.33600896,99,0
6149.37685026,6149.37698818,857.08188819,857.07729194,0.03774957,756.81527888,99,0
6149.63226515,6149.63255398,865.60239894,865.59276483,0.02308197,757.11350057,99,0
6151.78418984,6151.78461809,937.68553597,937.67113798,0.03447572,759.58401614,99,0
6152.51388154,6152.51062591,962.12230223,962.23204527,0.13192914,760.40389089,99,0
6157.31054963,6157.30915933,1125.32864301,1125.37635843,0.22056231,765.56660773,99,0
6160.59404339,6160.59274352,1238.75337402,1238.79856671,0.05373760,768.86580368,99,0
6161.09921059,6161.09851667,1256.35438348,1256.37855605,0.02886844,769.35587650,99,0
6163.67628074,6163.67666682,1346.64229874,1346.62871067,0.02398562,771.78181446,99,0
6165.94628537,6165.94337721,1426.80898795,1426.91231590,0.07588631,773.81333595,99,0
6168.50415668,6168.50204387,1518.20746402,1518.28334462,0.13702371,775.98051784,99,0
6170.50475723,6170.50853277,1590.57979934,1590.44303034,0.17509050,777.58304081,99,0
6175.61459520,6175.61442667,1777.62897664,1777.63522158,0.03416647,781.29190683,99,0
6178.57968995,6178.58088859,1888.31178925,1888.26675199,0.03276388,783.17970026,99,0
6179.70394056,6179.70565185,1930.68648281,1930.62185207,0.05662452,783.84263545,99,0
6180.11310549,6180.11296642,1946.08369063,1946.08895272,0.11132596,784.07647083,99,0
6181.12231804,6181.12304501,1984.40290088,1984.37525187,0.02651415,784.63630171,99,0
6181.63629900,6181.63557496,2003.91761812,2003.94521562,0.06116444,784.91201065,99,0
6182.52246471,6182.52260032,2037.79397283,2037.78878291,0.04508479,785.37213231,99,0
6183.10092433,6183.10071647,2059.95115579,2059.95913483,0.08238163,785.66209265,99,0
6187.35475208,6187.34903395,0.00000000,2225.04722925,0.08400226,787.53605243,99,0
6188.62447161,6188.62249289,2274.93548131,2275.01360874,0.12564110,788.00411959,99,0
6192.54334593,6192.54283175,2431.33742451,2431.35815512,0.22965016,789.17123592,99,0
6193.41871443,6193.41791230,2466.70726279,2466.73976603,0.04274442,789.37280911,99,0
6194.89882354,6194.89759448,2526.90784698,2526.95804898,0.12277710,789.66280154,99,0
6196.95050937,6196.95143924,2611.28429924,2611.24587304,0.06428262,789.95641317,99,0
6204.91417732,6204.91532970,2948.35118465,2948.30121106,0.15876535,789.82145885,99,0
6208.57347950,6208.57381374,3108.92037287,3108.90553013,0.05693296,789.02053684,99,0
6212.22297794,6212.22328046,3273.04592202,3273.03214453,0.08565095,787.71092087,99,0
6213.48354688,6213.48203277,3330.63408923,3330.70366595,0.04803262,787.13287599,99,0
6216.06356252,6216.06312266,3450.38080958,3450.40141061,0.05997049,785.73751441,99,0
6216.34934617,6216.34904794,3463.78631080,3463.80030827,0.04856988,785.56488639,99,0
6217.98432225,6217.98411423,3541.00235159,3541.01223383,0.06231724,784.50564325,99,0
6218.58140508,6218.58113455,3569.42786328,3569.44077483,0.05184734,784.08797022,99,0
6222.46532282,6222.46539682,3757.76633711,3757.76269199,0.04934098,780.94502349,99,0
6225.98401961,6225.98423405,3933.65771177,3933.64683048,0.10341731,777.41938532,99,0
6189.80530197,6189.80526450,147.61677086,147.61791969,0.10099365,774.80580511,98,0
6208.57473999,6208.57518961,740.65933300,740.64468582,0.02266058,800.21723123,98,0
6212.22288437,6212.22283818,860.27684532,860.27836985,0.03144997,804.55768443,98,0
6213.48365596,6213.48173211,901.92895867,901.99277355,0.04919805,806.00905743,98,0
6216.06320028,6216.06282603,987.92712235,987.93965074,0.03988016,808.89820705,98,0
6216.34797793,6216.34961219,997.53216426,997.47740366,0.03922738,809.21042266,98,0
6217.98442248,6217.98536901,1052.50371622,1052.47180893,0.02832662,810.97790933,98,0
6218.58155152,6218.58182943,1072.63099841,1072.62161116,0.01863773,811.61154303,98,0
6222.46483351,6222.46536106,1204.79198833,1204.77389923,0.02695815,815.58153103,98,0
6222.86706362,6222.86745083,1218.59080822,1218.57750916,0.00772814,815.97761688,98,0
6225.98498330,6225.98377206,1326.28737852,1326.32948989,0.05430272,818.94864181,98,0
6226.46654741,6226.46184619,0.00000000,1343.09552021,0.14527998,819.39166584,98,0
6231.36399348,6231.36389894,1515.41399665,1515.41735712,0.02145408,823.64443725,98,0
6231.80108616,6231.80067047,1530.95249026,1530.96729207,0.04370768,824.00124325,98,0
6234.25820926,6234.25873033,1618.94953186,1618.93077917,0.05414715,825.93562964,98,0
6235.35946690,6235.36073671,1658.70691184,1658.66099246,0.12078522,826.76252301,98,0
6238.57820042,6238.57762701,1775.86194736,1775.88297967,0.20215878,829.03250481,98,0
6238.92224356,6238.92109453,1788.47021766,1788.51243168,0.01379297,829.26194411,98,0
6239.38915261,6239.38692515,1805.61292450,1805.69493155,0.07257192,829.56937378,98,0
6241.17515083,6241.17429411,1871.67606028,1871.70786142,0.05610912,830.69982393,98,0
6243.30931436,6243.30859261,1951.30008701,1951.32714396,0.11842061,831.95634153,98,0
6244.08179694,6244.08173454,1980.34228718,1980.34463571,0.08133904,832.38521337,98,0
6245.37431864,6245.37223243,2029.05480344,2029.13379388,0.06952374,833.07130325,98,0
6245.77731314,6245.77800999,2044.42124755,2044.39482107,0.03655522,833.27689674,98,0
6249.67729924,6249.67660780,2193.75226571,2193.77901427,0.05275618,835.06263821,98,0
6250.77566582,6250.77361568,2236.30925365,2236.38899011,0.25951963,835.49659667,98,0
6251.09174354,6251.09313956,2248.74693831,2248.69256050,0.06254912,835.61567550,98,0
6251.55396530,6251.55257288,2266.66365427,2266.71802133,0.17789067,835.78509552,98,0
6252.93329173,6252.93197164,2320.72312843,2320.77504642,0.06026303,836.25727174,98,0
6254.08367285,6254.08163361,2366.07600660,2366.15669774,0.13895548,836.61209681,98,0
6254.38043077,6254.37962077,2377.86641530,2377.89851721,0.05817911,836.69772398,98,0
6255.06715646,6255.06673249,2405.15073787,2405.16760413,0.05242007,836.88678548,98,0
6255.37801015,6255.37783869,2417.53654287,2417.54337439,0.02304792,836.96807012,98,0
6255.60320536,6255.60415650,2426.55908224,2426.52114085,0.03655673,837.02527096,98,0
6256.84240675,6256.84210927,2476.11470273,2476.12665270,0.06516207,837.31456564,98,0
6258.17496333,6258.17316264,2529.77268059,2529.84553463,0.06304568,837.57674273,98,0
6258.44478987,6258.44473272,2540.76831992,2540.77063504,0.04198219,837.62356126,98,0
6258.69552348,6258.69512022,2550.91952413,2550.93588444,0.05764774,837.66514998,98,0
6259.61264742,6259.61025935,2588.14998755,2588.24738835,0.06296664,837.80149578,98,0
6260.74407917,6260.74151620,2634.43831408,2634.54352452,0.06437823,837.93504957,98,0
6264.93063486,6264.93125545,2808.54296275,2808.51684873,0.08062523,838.08436288,98,0
6265.21225831,6265.21168577,2820.35342144,2820.37755503,0.05051779,838.07427106,98,0
6265.66566902,6265.66555512,2839.51161180,2839.51642668,0.04275506,838.05253170,98,0
6269.85621520,6269.95637052,0.00000000,3018.94773536,0.24227014,837.52125242,98,0
6270.40594054,6270.40595980,3042.83321355,3042.83237440,0.04687823,837.40591733,98,0
6272.29789880,6272.29770214,3125.72388609,3125.73255485,0.04333467,836.92431692,98,0
6274.28090535,6274.28050196,3213.72547078,3213.74349900,0.03843410,836.27495237,98,0
6274.49954337,6274.50087573,3223.58170979,3223.52207668,0.10973473,836.19402942,98,0
6275.36212657,6275.36399471,3262.32064797,3262.23654983,0.04587323,835.85642454,98,0
6275.58845193,6275.58868949,3272.43721504,3272.42650466,0.10367782,835.76299342,98,0
6275.84582168,6275.84413404,3283.96498026,3284.04121357,0.07154236,835.65417618,98,0
6276.23387292,6276.23363469,3301.58353833,3301.59432882,0.06809215,835.48502740,98,0
6279.72228497,6279.72114432,3461.53861756,3461.59160090,0.10085205,833.68282929,98,0
6279.92341498,6279.92171041,3470.85896851,3470.93826171,0.06000849,833.56304626,98,0
6280.19892283,6280.19887710,3483.76965864,3483.77179058,0.04661426,833.39596982,98,0
6280.36680577,6280.36654745,3491.59134596,3491.60340365,0.05435822,833.29252985,98,0
6281.12410610,6281.12413763,3527.05159538,3527.05011535,0.06884470,832.81030175,98,0
6281.35099853,6281.34978708,3537.65040436,3537.70735204,0.04038452,832.66081866,98,0
6281.91920435,6281.91918128,3564.47183894,3564.47292781,0.05860548,832.27622347,98,0
6283.48265761,6283.47750092,0.00000000,3638.76491107,0.27320980,831.14000958,98,0
6283.94328231,6283.94325882,3660.80537587,3660.80650289,0.11065193,830.78348091,98,0
6284.15893537,6284.16146423,3671.29807776,3671.17654185,0.22044434,830.61266844,98,0
6284.31073326,6284.31141402,3678.50259636,3678.46982453,0.05739912,830.49135726,98,0
6285.62107362,6285.62008743,3741.81817944,3741.86614167,0.07215827,829.39589081,98,0
6286.31580337,6286.31565646,3775.74239297,3775.74957790,0.04924021,828.78026498,98,0
6287.17342607,6287.17404076,3817.86369537,3817.83342613,0.05762240,827.98643198,98,0
6290.15517963,6290.15540048,3966.58782227,3966.57665542,0.09074547,824.92144966,98,0
6290.82775515,6290.82611391,4000.58164111,4000.66507146,0.07923757,824.16214617,98,0
6291.40291303,6291.39958932,0.00000000,4029.98383645,0.15241910,823.49212776,98,0
6254.38109720,6254.38034515,170.63793611,170.66082083,0.03988155,824.33774772,97,0
6255.37327043,6255.37885878,0.00000000,200.90432618,0.03291599,825.78141295,97,0
6255.60519618,6255.60469188,207.96416345,207.97956554,0.15586330,826.11670711,97,0
6256.84013570,6256.84304241,245.86493659,245.77581947,0.06938641,827.89219134,97,0
6258.44360304,6258.44516104,295.09648807,295.04849252,0.04449121,830.16714468,97,0
6258.69684177,6258.69578057,302.82007924,302.85279648,0.07121339,830.52336005,97,0
6262.96628131,6262.96555841,435.36653279,435.38912756,0.07043208,836.40102613,97,0
6265.66577297,6265.66601960,520.13235382,520.12457961,0.03947550,839.98891640,97,0
6270.40618672,6270.40649290,670.73681771,670.72701648,0.02458753,846.03887356,97,0
6272.29792134,6272.29842837,731.51709203,731.50075381,0.01403016,848.36184028,97,0
6275.36379345,6275.36654660,830.92968745,830.84000645,0.12381153,852.01236177,97,0
6275.84409322,6275.84397872,846.48150951,846.48524544,0.04597367,852.57072375,97,0
6276.23571053,6276.23448139,859.23143726,859.27159681,0.07742492,853.02370732,97,0
6279.92217839,6279.92348386,980.58130738,980.53807709,0.03508188,857.17016297,97,0
6280.36848813,6280.37101549,995.41298724,995.32916475,0.19365291,857.65738954,97,0
6281.12552492,6281.12473473,1020.44220566,1020.46848060,0.02724084,858.47625465,97,0
6281.35132627,6281.35027901,1027.94502869,1027.97988128,0.01417838,858.71866734,97,0
6281.91957150,6281.91987274,1046.92195762,1046.91191040,0.03794050,859.32504734,97,0
6283.94411134,6283.94395467,1114.67098398,1114.67624764,0.07591810,861.44144252,97,0
6284.31184289,6284.31132045,1127.02284668,1127.04042565,0.07832201,861.81848312,97,0
6285.62099943,6285.62018349,1171.17665567,1171.20424732,0.04322802,863.14227941,97,0
6286.31557286,6286.31622105,1194.74360800,1194.72163182,0.03133544,863.83256732,97,0
6286.59470493,6286.59598481,1204.23415731,1204.19071408,0.06974554,864.10763379,97,0
6287.17322132,6287.17366990,1223.86621443,1223.85095242,0.05145815,864.67347621,97,0
6287.73418735,6287.73385212,1242.94542173,1242.95685093,0.05902830,865.21655404,97,0
6289.04653288,6289.04365117,1287.72882268,1287.82757926,0.14984141,866.46559498,97,0
6290.15608749,6290.15548320,1325.91227701,1325.93307527,0.03895296,867.49725012,97,0
6290.82538163,6290.82474054,1348.97608983,1348.99821204,0.04628807,868.10873921,97,0
6291.40084764,6291.40146824,1368.90160898,1368.88014129,0.05705844,868.62798923,97,0
6292.34477397,6292.34359211,1401.55764122,1401.59868409,0.11195892,869.46667276,97,0
6295.72011627,6295.72043612,1519.62142165,1519.61016101,0.02757229,872.32824928,97,0
6296.45121094,6296.45056602,1545.36437356,1545.38714843,0.05508085,872.91924610,97,0
6297.61611704,6297.61688132,1586.65860390,1586.63147909,0.03167547,873.83947638,97,0
6300.98853372,6300.98855772,1707.18931893,1707.18845463,0.03765153,876.35015732,97,0
6305.31696809,6305.31713893,1864.57162903,1864.56535707,0.02281498,879.22601542,97,0
6308.71193053,6308.71156653,1990.18946585,1990.20304433,0.01458877,881.19547582,97,0
6310.47206660,6310.47177677,2056.10176725,2056.11266596,0.06742381,882.11278459,97,0
6311.11181793,6311.11048166,2080.16081209,2080.21123396,0.12969659,882.42827451,97,0
6335.44965830,6311.93147692,0.00000000,3060.57786447,1.81968149,886.22668023,97,0
6312.18200459,6312.17845314,2120.57714894,2120.71184287,0.12838488,882.93448465,97,0
6313.41484841,6313.41721691,2167.70220665,2167.61182865,0.07626596,883.48306398,97,0
6313.69110238,6313.69059352,2178.12832917,2178.14777535,0.04674471,883.60074777,97,0
6314.43563109,6314.43527454,2206.64224528,2206.65592428,0.03632357,883.90896268,97,0
6320.07378058,6320.07514367,2426.10487804,2426.05105312,0.07526611,885.78188826,97,0
6320.36123118,6320.36167598,2437.42811808,2437.41052670,0.03898126,885.85481013,97,0
6321.22779353,6321.22767895,2471.76244007,2471.76699359,0.04637151,886.06094928,97,0
6323.00684035,6323.00700808,2542.81276104,2542.80603223,0.04203896,886.41848524,97,0
6324.11222607,6324.11254817,2587.30132454,2587.28832198,0.04411824,886.59521178,97,0
6325.46443022,6325.46454455,2642.08594692,2642.08129657,0.02071830,886.76298914,97,0
6325.85591031,6325.85750958,2658.08914907,2658.02394319,0.09256211,886.80145785,97,0
6327.63652718,6327.63688567,2731.01788107,2731.00311099,0.05163969,886.91800251,97,0
6329.46964672,6329.46969338,2806.93002436,2806.92808098,0.08797518,886.93550164,97,0
6329.72252393,6329.72231818,2817.45897932,2817.46756152,0.03890198,886.92956749,97,0
6331.09879582,6331.09775995,2875.07140115,2875.11497061,0.07920492,886.86103309,97,0
6333.40301863,6333.40274489,2972.68297703,2972.69465319,0.03629281,886.60599624,97,0
6334.01148766,6334.01112728,2998.68279063,2998.69822180,0.03920848,886.50853342,97,0
6341.83621554,6341.83553979,3342.50398573,3342.53447629,0.10719244,884.05216774,97,0
6342.08048100,6342.07966517,3353.52894423,3353.56582096,0.05548387,883.93740425,97,0
6343.57461844,6343.57223129,3421.36310439,3421.47216759,0.06973958,883.18169515,97,0
6344.26476984,6344.26348003,3453.02582729,3453.08505436,0.07305560,882.80097490,97,0
6344.48235286,6344.48194560,3463.06557492,3463.08430633,0.04892738,882.67672797,97,0
6345.10915668,6345.11093583,3492.06343443,3491.98121841,0.11033855,882.30733549,97,0
6345.46433140,6345.46505127,3508.44854902,3508.41519799,0.06148040,882.09041077,97,0
6346.63028567,6346.63434147,0.00000000,3562.66350984,0.22301059,881.33909822,97,0
6347.99404200,6347.99531930,3626.77754361,3626.71724566,0.04717718,880.38231738,97,0
6349.62019323,6349.61919237,3703.97124663,3704.01913084,0.08109004,879.12716205,97,0
6349.80287409,6349.80283926,3712.76368432,3712.76535340,0.05777340,878.97822699,97,0
6351.40811857,6351.40983074,3790.25118586,3790.16810870,0.16911700,877.59882955,97,0
6351.57382712,6351.57469560,3798.25582509,3798.21363083,0.06154555,877.44912469,97,0
6351.78614187,6351.78654852,3808.55720646,3808.53741609,0.05854795,877.25528261,97,0
6352.79372575,6352.79412048,3857.80196919,3857.78259596,0.07634826,876.30364593,97,0
6354.38207346,6354.38063340,3936.21135397,3936.28299725,0.06849767,874.69436289,97,0
6355.17692174,6355.17674835,3975.97193895,3975.98063188,0.05617106,873.83734830,97,0
6355.73076014,6355.72871570,4003.68905310,4003.79198553,0.08576381,873.21965136,97,0
6356.13486790,6356.13141091,0.00000000,4024.18073443,0.10688993,872.75776103,97,0
6356.65079148,6356.65082557,4050.31526815,4050.31353729,0.05810379,872.15454532,97,0
6357.28316929,6357.28398768,4082.55106579,4082.50928871,0.07116436,871.39407994,97,0
6320.07613359,6320.07765202,186.99688402,186.95106849,0.04143232,874.46055398,96,0
6320.36443262,6320.36382899,195.63540253,195.65363134,0.06690203,874.87585043,96,0
6321.22657772,6321.22867893,221.78500228,221.72139053,0.04163868,876.11148508,96,0
6323.00679888,6323.00773818,275.79552745,275.76693520,0.02995499,878.63341271,96,0
6324.11298911,6324.11272546,309.48533559,309.49338787,0.01824632,880.17993027,96,0
6325.46046172,6325.46558060,0.00000000,350.74755361,0.04734118,882.04314946,96,0
6325.85922985,6325.85862069,362.95840924,362.97711882,0.07666631,882.58946894,96,0
6327.63587173,6327.63575893,417.68786182,417.69134515,0.13553085,884.99995078,96,0
6329.13884920,6329.13921780,464.23225179,464.22081302,0.02700923,887.00649309,96,0
6329.72283680,6329.72325895,482.37280289,482.35967933,0.02325869,887.77792249,96,0
6333.40229031,6333.40317222,597.44423163,597.41649372,0.01097585,892.53020835,96,0
6334.01165075,6334.01124205,616.58858554,616.60146670,0.01893551,893.29893465,96,0
6341.83596887,6341.83776810,866.54070685,866.48246783,0.09319716,902.69342056,96,0
6342.08056053,6342.08075643,874.40952028,874.40317338,0.01827684,902.97244233,96,0
6343.57188754,6343.57285873,922.89097341,922.85933286,0.07276379,904.65430873,96,0
6344.48329875,6344.48307107,952.58561170,952.59305069,0.02459830,905.66498435,96,0
6345.46591830,6345.46547772,984.74438086,984.75882989,0.02662053,906.74004349,96,0
6346.63649807,6346.63499060,1023.17368263,1023.22331698,0.06969337,908.00067499,96,0
6347.99446331,6347.99509091,1068.06956584,1068.04880005,0.01378313,909.43550387,96,0
6349.61975414,6349.62045137,1122.00550891,1121.98229963,0.08248417,911.11297933,96,0
6351.57575096,6351.57657413,1187.36563674,1187.33803364,0.04923083,913.07416440,96,0
6351.78733755,6351.78856748,1194.47720741,1194.43593102,0.01976177,913.28243785,96,0
6352.79495861,6352.79474659,1228.31421439,1228.32135845,0.02644603,914.26399499,96,0
6353.25384880,6353.25527110,1243.84510612,1243.79710053,0.04838082,914.70527119,96,0
6354.56031475,6354.56175439,1288.05848591,1288.00963148,0.09273399,915.94174012,96,0
6355.17643654,6355.17635561,1308.93915480,1308.94190756,0.05124598,916.51463346,96,0
6356.13324361,6356.13306777,1341.53249050,1341.53849157,0.02490841,917.39076189,96,0
6356.65157992,6356.65100359,1359.22747580,1359.24718656,0.03788026,917.85856443,96,0
6356.93117611,6356.93089772,1368.80577605,1368.81530854,0.04963204,918.10892766,96,0
6357.28438119,6357.28452869,1380.92409967,1380.91904122,0.05741407,918.42323313,96,0
6359.02886389,6359.03602007,0.00000000,1440.95613341,0.17131486,919.94253956,96,0
6360.34350365,6360.34349585,1486.45882958,1486.45910049,0.03689898,921.05001173,96,0
6361.94313036,6361.94291049,1542.16697594,1542.17465849,0.05255181,922.35434424,96,0
6362.48879366,6362.48850111,1561.25492958,1561.26517756,0.02962466,922.78817386,96,0
6362.88479497,6362.88355464,1575.10479165,1575.14831101,0.08894868,923.09947056,96,0
6363.37446494,6363.37366121,1592.31744416,1592.34569815,0.10115951,923.48018290,96,0
6364.14190080,6364.14308964,1619.40944298,1619.36751282,0.02734243,924.06743593,96,0
6364.52441566,6364.52276394,1632.81190023,1632.87025484,0.08700153,924.35587050,96,0
6365.90931107,6365.90939031,1681.94323162,1681.94041587,0.04741796,925.37593177,96,0
6366.23290647,6366.23261347,1693.43651758,1693.44694335,0.02238101,925.60874066,96,0
6367.20979438,6367.21098294,1728.32518234,1728.28270392,0.15630700,926.29877382,96,0
6369.41755674,6369.41782685,1807.57736000,1807.56761182,0.02408286,927.78637568,96,0
6370.88044880,6370.87999509,1860.51467105,1860.53115123,0.05468881,928.71595966,96,0
6373.46245950,6373.46109182,1954.82982908,1954.88009689,0.06863667,930.24463184,96,0
6374.75426702,6374.75422543,2002.50862094,2002.51015875,0.01455370,930.95442918,96,0
6375.91253326,6375.91206368,2045.42716502,2045.44461790,0.01893658,931.55865285,96,0
6376.23588341,6376.23635580,2057.49009908,2057.47251253,0.02503586,931.72187153,96,0
6376.48682379,6376.48786594,2066.85997952,2066.82112796,0.06823830,931.84690301,96,0
6377.45327798,6377.45236196,2102.90641627,2102.94073200,0.10034555,932.31494556,96,0
6377.73182110,6377.73186960,2113.38403188,2113.38221235,0.01925156,932.44579760,96,0
6378.26492915,6378.26387909,2133.36465278,2133.40413893,0.03835289,932.69112859,96,0
6378.48826526,6378.48713152,2141.76407958,2141.80675682,0.05613953,932.79190083,96,0
6380.11689321,6380.11742021,2203.38715860,2203.36715408,0.05591574,933.49077467,96,0
6380.28805177,6380.28665586,2209.81401381,2209.86704749,0.19380126,933.56051719,96,0
6380.80696216,6380.80578574,2229.56151073,2229.60631491,0.03148775,933.76757578,96,0
6381.16452859,6381.16362942,2243.20072917,2243.23502810,0.12449134,933.90637517,96,0
6382.20689909,6382.20607243,2283.06798532,2283.09968810,0.02533944,934.29285717,96,0
6385.33761071,6385.33769468,2404.12526233,2404.12198950,0.06787470,935.28800432,96,0
6388.60321685,6388.60329435,2532.51648888,2532.51341556,0.03090505,936.05081112,96,0
6390.38833754,6390.38794500,2603.63551922,2603.65124031,0.08619207,936.34363830,96,0
6392.76738628,6392.76873195,2699.62953659,2699.57490539,0.09397902,936.59194609,96,0
6395.36998966,6395.36872253,2805.98056531,2806.03279306,0.09058053,936.67052298,96,0
6396.27588978,6396.27493687,2843.43447447,2843.47396689,0.08160026,936.64890016,96,0
6399.76602666,6399.76364901,2989.53433258,2989.63497839,0.05153594,936.31917081,96,0
6400.09963212,6400.10073117,3003.80880787,3003.76219082,0.03378207,936.26660177,96,0
6401.68071235,6401.68031405,3071.15714947,3071.17422155,0.08867962,935.96551208,96,0
6406.23129954,6406.23153851,3269.09114059,3269.08058993,0.05951198,934.60168090,96,0
6408.20871070,6408.20793058,3356.95682905,3356.99175149,0.03467938,933.76623413,96,0
6408.90923984,6408.90881253,3388.41148147,3388.43070711,0.04465403,933.43317152,96,0
6409.08775830,6409.08830622,3396.49250045,3396.46781676,0.14299208,933.34512758,96,0
6409.66162708,6409.66138456,3422.36297806,3422.37394847,0.04802289,933.05329901,96,0
6409.99337125,6409.99635275,3437.53221954,3437.39704610,0.19480838,932.87844745,96,0
6411.34266330,6411.34156030,3498.82525154,3498.87575705,0.05523789,932.11992943,96,0
6412.82958358,6412.83025193,3567.34771456,3567.31678363,0.08561008,931.19426166,96,0
6415.99380097,6415.99353807,3715.58539234,3715.59786508,0.05183874,928.89511881,96,0
6416.62711802,6416.62547831,3745.63485079,3745.71302606,0.02542828,928.37908512,96,0
6418.64939235,6418.65013975,3842.95358418,3842.91736703,0.09948071,926.60037326,96,0
6419.43879522,6419.43855327,3881.28319215,3881.29499507,0.06178369,925.85056920,96,0
6421.07167225,6421.07348109,3961.60769789,3961.51822022,0.06851961,924.19626812,96,0
6422.27859176,6422.27743425,4021.48184490,4021.53969449,0.08620327,922.88163561,96,0
6423.19237983,6423.19215849,4067.40076148,4067.41191682,0.09316001,921.83252321,96,0
6385.33721561,6385.33806558,149.10044817,149.07515898,0.03392438,922.91858795,95,0
6388.60520217,6388.60485531,246.76684386,246.77726527,0.04370837,927.57306991,95,0
6390.38923685,6390.38807342,300.48371506,300.51885180,0.04742437,930.05894545,95,0
6399.76617473,6399.76493719,587.88534031,587.92383155,0.05551398,942.45769211,95,0
6400.10036477,6400.10165378,598.36339088,598.32325894,0.04789520,942.87804536,95,0
6401.67963074,6401.67907691,647.60741607,647.62474991,0.04876289,944.84397626,95,0
6406.23202757,6406.23196571,791.18589239,791.18785844,0.02862961,950.31585159,95,0
6408.91010509,6408.91044334,876.69528902,876.68443911,0.04302707,953.39573984,95,0
6409.66179735,6409.66167980,900.82730710,900.83108879,0.02520296,954.24141746,95,0
6409.99530608,6409.99681619,911.61571282,911.56707181,0.07374658,954.61400031,95,0
6411.34254893,6411.34092040,955.00016386,955.05284327,0.05507948,956.10161082,95,0
6412.83098529,6412.82980474,1003.29664748,1003.33504001,0.02535272,957.71285521,95,0
6416.62583751,6416.62578123,1127.57956595,1127.58142159,0.03543851,961.66344871,95,0
6419.43832818,6419.43847238,1220.80491886,1220.80011372,0.03416888,964.44242086,95,0
6421.07414107,6421.07333850,1275.45119789,1275.47811259,0.05427419,965.99862514,95,0
6422.27755872,6422.27724123,1315.92057019,1315.93126518,0.02950351,967.11484284,95,0
6423.19206422,6423.19272014,1346.81070734,1346.78853710,0.04203880,967.94619598,95,0
6423.80794063,6423.80481886,1367.53269054,1367.63847807,0.13146947,968.49809127,95,0
6424.00296210,6424.00367500,1374.26726554,1374.24308737,0.02924254,968.67125917,95,0
6424.27810708,6424.27694268,1383.54073039,1383.58026810,0.04072968,968.91471422,95,0
6425.43469040,6425.43553198,1422.96601891,1422.93732333,0.05116811,969.92340428,95,0
6426.05641438,6426.05623560,1444.15593874,1444.16204995,0.04361124,970.45563906,95,0
6426.25305173,6426.25222347,1450.85825473,1450.88659154,0.13224245,970.62254904,95,0
6426.43068217,6426.43081880,1456.97086874,1456.96619071,0.10314065,970.77274027,95,0
6429.83592867,6429.83447502,1574.33139070,1574.38186820,0.05836317,973.54101824,95,0
6430.66704023,6430.30391119,0.00000000,1603.30088795,0.28880778,974.18420018,95,0
6437.11821428,6437.11685009,1831.12443362,1831.17329963,0.09996972,978.71800959,95,0
6437.40302552,6437.40306416,1841.38303987,1841.38165405,0.03829756,978.89892619,95,0
6438.01674564,6438.01716145,1863.43772534,1863.42277097,0.05298564,979.28305700,95,0
6438.21598481,6438.21763747,1870.65110612,1870.59161371,0.03546914,979.40608284,95,0
6440.26067513,6440.25991843,1944.51478922,1944.54227828,0.02088370,980.62038280,95,0
6440.54451935,6440.54448181,1954.85932197,1954.86068754,0.05813919,980.78187456,95,0
6441.57794372,6441.57807006,1992.55551235,1992.55089382,0.06312461,981.35523270,95,0
6442.42499816,6442.42566374,2023.59413426,2023.56971735,0.04669134,981.80763826,95,0
6443.12825267,6443.12806783,2049.40332989,2049.41013313,0.02466016,982.17109807,95,0
6445.06420396,6445.06527927,2121.05891173,2121.01895166,0.06816696,983.11457764,95,0
6447.38290753,6447.37876543,0.00000000,2207.67945045,0.07359805,984.13108165,95,0
6448.98953078,6448.99025979,2268.32068102,2268.29306775,0.09133002,984.76051026,95,0
6449.22110237,6449.22105464,2277.06812656,2277.06993669,0.10286082,984.84608732,95,0
6449.54156501,6449.54090717,2289.20894024,2289.23393104,0.07796810,984.96236247,95,0
6450.36083662,6450.36058080,2320.41141920,2320.42117679,0.02402291,985.24812669,95,0
6454.46750150,6454.46732391,2478.72283504,2478.72975591,0.04367810,986.42454906,95,0
6456.64767701,6456.64859883,2564.21482995,2564.17849301,0.03409827,986.86916424,95,0
6457.14431082,6457.14340892,2583.74651708,2583.78216791,0.16175283,986.95234197,95,0
6459.80853710,6459.80785852,2689.85285542,2689.88008376,0.11567901,987.28057666,95,0
6460.74352810,6460.74331698,2727.48968589,2727.49820311,0.06449434,987.34752040,95,0
6462.13238464,6462.13227315,2783.74221462,2783.74674792,0.03928786,987.39933167,95,0
6462.99418306,6462.99183603,2818.78514046,2818.88105313,0.09026286,987.40232837,95,0
6465.17333620,6465.17156960,2908.43847766,2908.51161382,0.06237353,987.30767630,95,0
6467.89728876,6467.89858258,3022.26962103,3022.21515349,0.04163521,986.97606409,95,0
6469.29009523,6469.29147900,3081.17748307,3081.11869760,0.06566434,986.71122551,95,0
6471.15657358,6471.15630162,3160.85081816,3160.86250881,0.03853017,986.25147614,95,0
6471.84139264,6471.84131519,3190.35719430,3190.36053779,0.05840169,986.05190703,95,0
6472.56129308,6472.56213916,3221.55707979,3221.52036688,0.07635423,985.82378759,95,0
6473.82680755,6473.82571866,3276.60088589,3276.64852723,0.07228579,985.37663337,95,0
6475.97812970,6475.97461864,0.00000000,3371.48138569,0.21433078,984.47716326,95,0
6478.70631031,6478.70751731,3493.85907760,3493.80442230,0.11351773,983.07356648,95,0
6486.53653583,6486.53641144,3859.01956474,3859.02554649,0.04009161,977.25018833,95,0
6489.05616018,6489.05680710,3981.54338875,3981.51159018,0.08309661,974.74901110,95,0
6452.98346127,6452.98665548,140.70331242,140.60932509,0.04070839,973.73711667,94,0
6454.46774947,6454.46804050,184.38365026,184.37505016,0.05012784,975.85589324,94,0
6455.68105936,6455.68444196,220.39599384,220.29567768,0.08192431,977.56867531,94,0
6456.92486212,6456.92534467,257.25854588,257.24418167,0.07756633,979.30583103,94,0
6460.74156344,6460.74355461,371.56170746,371.50174767,0.04971086,984.51967877,94,0
6462.13245094,6462.13236589,413.46855009,413.47112208,0.02524886,986.37488473,94,0
6469.29234116,6469.29317083,632.44306971,632.41740811,0.07385570,995.53109725,94,0
6471.15604202,6471.15488178,690.18720782,690.22331078,0.02281718,997.80238937,94,0
6471.84111770,6471.84121040,711.57142820,711.56853651,0.02771626,998.62565555,94,0
6472.56122485,6472.56212302,734.08129698,734.05322568,0.09828572,999.48387421,94,0
6473.82251876,6473.82509101,773.64914096,773.56838928,0.05443797,1000.96976932,94,0
6475.97427015,6475.97573825,841.39877284,841.35235070,0.03328723,1003.45229207,94,0
6476.99308538,6476.99668387,873.75198197,873.63779158,0.05148617,1004.60523984,94,0
6489.05671112,6489.05606068,1264.71993949,1264.74149700,0.09317284,1017.06218793,94,0
6492.90484782,6492.90354643,1393.18625605,1393.23003786,0.14798848,1020.54631379,94,0
6493.13944773,6493.13828156,1401.08674014,1401.12600679,0.07302522,1020.75061535,94,0
6493.38076145,6493.38109540,1409.26597605,1409.25472240,0.09438526,1020.95975289,94,0
6493.86699529,6493.87170544,0.00000000,1425.66128794,0.10598673,1021.37819949,94,0
6495.04664734,6495.04629299,1465.55684042,1465.56886086,0.03004232,1022.37557230,94,0
6496.17927416,6496.18006895,1504.10894594,1504.08185938,0.07311023,1023.31059398,94,0
6497.02185686,6497.02363804,1532.90236647,1532.84147172,0.05855425,1023.99120862,94,0
6497.60559367,6497.60496922,1552.80173573,1552.82313884,0.18698675,1024.45522161,94,0
6497.91146139,6497.91121882,1563.30552138,1563.31384674,0.03770847,1024.69592617,94,0
6498.82147065,6498.82280628,1594.64859335,1594.60258964,0.20768575,1025.40193325,94,0
6500.59171123,6500.59193636,1655.81201379,1655.80420161,0.04634665,1026.73138023,94,0
6501.52913322,6501.52913294,1688.39534312,1688.39535272,0.05759022,1027.41151835,94,0
6502.84208852,6502.83714774,0.00000000,1734.27204888,0.28252514,1028.33614985,94,0
6505.23323439,6505.23724991,0.00000000,1818.46972266,0.31445563,1029.93347141,94,0
6512.94870885,6512.94668043,2096.24839562,2096.32276385,0.05175837,1034.28942330,94,0
6513.21966584,6513.21761456,2106.20089061,2106.27618116,0.06660676,1034.41940572,94,0
6513.79058926,6513.79343032,2127.36445828,2127.25989595,0.08786199,1034.68752871,94,0
6515.87373275,6515.87205585,2204.24279380,2204.30515019,0.04774558,1035.60328946,94,0
6517.22368798,6517.22294643,2254.63374599,2254.66149123,0.03666592,1036.14347225,94,0
6517.45631869,6517.45640431,2263.37367517,2263.37046810,0.03805171,1036.23221648,94,0
6517.76035332,6517.76018814,2274.76226128,2274.76845867,0.04744972,1036.34627717,94,0
6520.11369209,6520.11197048,2363.51696168,2363.58230939,0.04245926,1037.15409320,94,0
6523.15209480,6523.15121986,2479.81661752,2479.85036762,0.03640462,1037.99474254,94,0
6524.17772980,6524.17687992,2519.48509628,2519.51805126,0.06104308,1038.22528760,94,0
6524.96918673,6524.96923819,2550.27211072,2550.27010712,0.04763469,1038.38431786,94,0
6525.23514372,6525.23496867,2560.62563898,2560.63246425,0.04394824,1038.43403008,94,0
6528.62363090,6528.62169989,2693.91691144,2693.99363400,0.10290766,1038.89945947,94,0
6531.64044801,6531.63954687,2814.85167789,2814.88810481,0.08145398,1039.04174481,94,0
6532.95086371,6532.95065517,2868.05686865,2868.06536431,0.04170374,1039.02010995,94,0
6533.27016266,6533.27002093,2881.07891043,2881.08469442,0.08038106,1039.00697106,94,0
6533.50474290,6533.50569682,2890.70283048,2890.66385342,0.04620119,1038.99533411,94,0
6536.16137604,6536.16132452,3000.07346426,3000.07560346,0.07998281,1038.74394219,94,0
6537.50969961,6537.50708398,3056.19661096,3056.30613296,0.12769362,1038.52997298,94,0
6538.34874393,6538.34899747,3091.54636906,3091.53569537,0.05296710,1038.36658813,94,0
6539.30953599,6539.30999704,3132.11565295,3132.09612778,0.06108111,1038.15049615,94,0
6542.64433030,6542.64291488,3274.80444903,3274.86571430,0.07739744,1037.15156141,94,0
6543.65219668,6543.65263059,3318.66037348,3318.64146461,0.04643282,1036.77090491,94,0
6545.42682908,6545.42382982,3396.32738689,3396.45970105,0.08518551,1036.00804050,94,0
6549.17308346,6549.17360551,3563.96087376,3563.93722578,0.03753884,1033.99192746,94,0
6552.57306042,6552.57288159,3719.98469999,3719.99301535,0.05721846,1031.65308670,94,0
6555.82351163,6555.82400962,3873.08020263,3873.05644711,0.09352355,1028.92755233,94,0
6517.76073539,6517.76177921,7.15104802,7.12104670,0.07304804,1019.26626107,93,0
6524.97014820,6524.97015550,216.45280819,216.45259426,0.05570536,1029.62183565,93,0
6531.63874535,6531.63852255,414.01685093,414.02351840,0.07675066,1038.66021540,93,0
6532.95075605,6532.95156522,453.39237297,453.36805719,0.04769290,1040.37493888,93,0
6533.26912387,6533.26956301,462.95288396,462.93967475,0.05712755,1040.78781442,93,0
6533.50509010,6533.50715556,470.10201992,470.03984882,0.05486308,1041.09300204,93,0
6536.16126403,6536.16108016,550.30377310,550.30935325,0.01478177,1044.47918942,93,0
6538.34971450,6538.34917567,616.93072283,616.94718615,0.03876212,1047.20094569,93,0
6542.64402983,6542.64187341,749.00112757,749.06792494,0.07972419,1052.35766275,93,0
6549.17415596,6549.17356978,953.62500812,953.64357517,0.03358729,1059.71424149,93,0
6552.57273094,6552.57313616,1061.95486352,1061.94187461,0.04359189,1063.29993648,93,0
6555.82327350,6555.82298867,1166.72794380,1166.73718173,0.05745186,1066.56631699,93,0
6559.37206726,6559.37867650,0.00000000,1282.60456502,0.49886385,1069.94512347,93,0
6560.74899652,6560.74957231,1327.98740915,1327.96838972,0.04322921,1071.20144126,93,0
6562.43530119,6562.43665719,1383.89695830,1383.85186516,0.05608303,1072.69763831,93,0
6563.05930837,6563.05957442,1404.63654569,1404.62767765,0.07833904,1073.23939860,93,0
6563.38412115,6563.38436853,1415.46812858,1415.45987431,0.04932459,1073.51875155,93,0
6563.62945142,6563.63193729,1423.73623762,1423.65320087,0.10648356,1073.72863323,93,0
6564.97665116,6564.97602259,1468.73994822,1468.76105676,0.04864417,1074.86226871,93,0
6566.49579454,6566.49360816,1519.86650464,1519.94036790,0.06835418,1076.10370150,93,0
6568.62787704,6568.62768761,1592.26524681,1592.27170164,0.03684610,1077.77703167,93,0
6569.03772030,6569.03647856,1606.20573351,1606.24811416,0.05716070,1078.08940631,93,0
6569.26581370,6569.26647730,1614.05942217,1614.03675122,0.06350732,1078.26194346,93,0
6575.63623088,6575.63565246,1834.58166181,1834.60196029,0.03323135,1082.69060885,93,0
6576.90515331,6576.90434458,1879.22822264,1879.25676476,0.16394548,1083.47970498,93,0
6581.98931836,6581.98664112,2060.64425218,2060.74092190,0.04819134,1086.31433886,93,0
6582.45853088,6582.45868606,2077.69049315,2077.68487699,0.02812721,1086.54849158,93,0
6583.62331264,6583.62140500,2119.88520914,2119.95462089,0.14356942,1087.10992932,93,0
6589.66104861,6589.66070671,2342.84080995,2342.85361592,0.05000757,1089.53467183,93,0
6590.21321036,6590.20917525,0.00000000,2363.57198021,0.09861057,1089.71430318,93,0
6590.50865380,6590.50791630,2374.64113683,2374.66888267,0.22566451,1089.80731582,93,0
6591.87876543,6591.87914991,2426.41503386,2426.40046766,0.02791613,1090.21147268,93,0
6594.10240718,6594.10392784,2511.20066234,2511.14237783,0.05970728,1090.76874887,93,0
6594.54202780,6594.54262639,2528.03367878,2528.01068533,0.07024470,1090.86415112,93,0
6596.95650923,6596.95924641,2621.46660962,2621.36009296,0.07128622,1091.29892075,93,0
6597.14292207,6597.14410303,2628.65356852,2628.60757230,0.04216645,1091.32607268,93,0
6597.93722075,6597.93690442,2659.60039254,2659.61276826,0.02539196,1091.43149029,93,0
6602.42593852,6602.42630427,2837.47054873,2837.45587116,0.05559901,1091.69986434,93,0
6603.48902372,6603.49010072,2880.29506319,2880.25157631,0.06468885,1091.67896632,93,0
6610.29817838,6610.30201822,0.00000000,3160.87086803,0.17471665,1090.72058693,93,0
6611.31711286,6611.31769400,3203.91628224,3203.89165925,0.07416689,1090.44767902,93,0
6611.54641731,6611.54652216,3213.61970937,3213.61525990,0.04062750,1090.38135625,93,0
6613.51103043,6613.51186592,3297.54299637,3297.50708341,0.08227757,1089.73809975,93,0
6615.04692700,6615.04990895,3363.99901426,3363.86951092,0.07611651,1089.13905437,93,0
6615.47275206,6615.47532502,3382.50150534,3382.38943847,0.06609790,1088.95765782,93,0
6621.43251427,6621.43260696,3647.48936410,3647.48515100,0.08390866,1085.68112230,93,0
6623.24263945,6623.24408911,3730.41761422,3730.35080248,0.06208581,1084.39615072,93,0
6624.66878655,6624.67016020,3796.50268329,3796.43869071,0.06952492,1083.28232618,93,0
6625.16047514,6625.15640239,0.00000000,3819.39305534,0.17798156,1082.87697759,93,0
6625.94611652,6625.94827298,3856.35379315,3856.25228290,0.07164472,1082.20614795,93,0
6630.47460660,6630.47367871,4073.41518078,4073.46054031,0.06157748,1077.75397602,93,0
6589.66090008,6589.66216056,37.04692939,37.01097179,0.06129493,1074.06587724,92,0
6591.88042576,6591.87940016,100.48424449,100.51367470,0.02482593,1077.25613741,92,0
6594.54432299,6594.54334326,177.22030219,177.24863024,0.07688515,1081.01386100,92,0
6597.93952991,6597.93800063,275.85396325,275.89861574,0.02250732,1085.68834735,92,0
6602.42573683,6602.42524837,407.75009216,407.76454610,0.04146204,1091.66198481,92,0
6611.31648489,6611.31899878,674.54154837,674.46508272,0.07186156,1102.78305944,92,0
6611.54654721,6611.54777219,681.49833611,681.46105687,0.02331984,1103.05747975,92,0
6613.51376611,6613.51265601,741.49895430,741.53295044,0.02951280,1105.37742283,92,0
6614.53031758,6614.53032710,772.72099752,772.72070486,0.14142065,1106.55615919,92,0
6615.05088032,6615.05176528,788.76253666,788.73528908,0.08286205,1107.15459769,92,0
6623.24403555,6623.24501350,1044.53714437,1044.50618496,0.05353094,1116.08424101,92,0
6624.66901255,6624.67057099,1089.77274033,1089.72317230,0.04207692,1117.53991837,92,0
6625.15671989,6625.15674702,1105.24978813,1105.24892374,0.03634137,1118.03122021,92,0
6625.94890629,6625.94960995,1130.55053198,1130.52804368,0.04671693,1118.82184061,92,0
6628.97693273,6628.97988732,1227.94068365,1227.84520888,0.10600012,1121.75769527,92,0
6630.47288700,6630.47259672,1276.29913065,1276.30856454,0.08670162,1123.15589494,92,0
6631.68625977,6631.68609855,1315.82778595,1315.83304846,0.04525376,1124.26477767,92,0
6632.86060262,6632.86249214,1354.30666913,1354.24472798,0.03394254,1125.31538824,92,0
6635.47130291,6635.47140650,1440.26457537,1440.26114585,0.05141893,1127.57133294,92,0
6635.85776163,6635.85818519,1453.07969303,1453.06564748,0.12610667,1127.89572034,92,0
6636.80511566,6636.80638330,1484.58544500,1484.54324225,0.04912832,1128.68057194,92,0
6638.17419029,6638.17182014,1530.16975363,1530.24907567,0.08870960,1129.78830293,92,0
6639.34189001,6639.34283077,1569.44261066,1569.41097510,0.04548155,1130.70739563,92,0
6642.70923981,6642.71060882,1683.45627646,1683.40961408,0.12099659,1133.22501716,92,0
6644.18039053,6644.18086895,1733.72405180,1733.70764281,0.03692915,1134.26113053,92,0
6644.72623368,6644.72733709,1752.48836958,1752.45043925,0.04163077,1134.63552397,92,0
6647.07714511,6647.07784358,1833.69073369,1833.66648409,0.01332536,1136.18444264,92,0
6647.89569972,6647.89578125,1862.13772563,1862.13488492,0.06233170,1136.69914688,92,0
6648.26548985,6648.26604129,1875.04887834,1875.02963328,0.06811243,1136.92745900,92,0
6651.02763284,6651.02771930,1972.01969484,1972.01664000,0.08655393,1138.54831978,92,0
6653.06749570,6653.07314380,0.00000000,2044.41054903,0.02539404,1139.64727561,92,0
6654.45087997,6654.44872514,2093.79283651,2093.87016056,0.44352053,1140.34356752,92,0
6655.19797259,6655.19795054,2120.72327217,2120.72406622,0.05976763,1140.70307731,92,0
6655.67587035,6655.67663262,2137.97639830,2137.94889458,0.11410554,1140.92680764,92,0
6656.05551973,6656.05622698,2151.68468203,2151.65911844,0.08222996,1141.10105006,92,0
6656.89601554,6657.48730743,0.00000000,2182.11403119,0.62389182,1141.47592973,92,0
6657.83129049,6657.82840391,2216.02363621,2216.12885636,0.09439312,1141.87478668,92,0
6661.58609362,6661.58638047,2354.25416115,2354.24351527,0.05518746,1143.27916176,92,0
6663.27652979,6663.27702663,2417.28213484,2417.26353410,0.04051205,1143.80522234,92,0
6666.87234612,6666.87115753,2553.09508692,2553.14041156,0.05650471,1144.69474504,92,0
6667.44715088,6667.44664825,2575.07358898,2575.09281476,0.11692010,1144.80707768,92,0
6672.20765527,6672.20688829,2759.53367812,2759.56378800,0.06950103,1145.40603182,92,0
6673.51254160,6673.51237935,2810.97321729,2810.97963432,0.07963093,1145.46305631,92,0
6674.91897941,6674.92014054,2866.88031771,2866.83401633,0.09779818,1145.47068504,92,0
6675.23548986,6675.23577374,2879.47751028,2879.46617113,0.05018175,1145.46456600,92,0
6676.83127797,6676.82999744,2943.43618699,2943.48780535,0.03717976,1145.38904890,92,0
6683.04206482,6683.04200080,3198.64259776,3198.64527934,0.05725676,1144.34918373,92,0
6687.77565144,6687.77509300,3399.97053045,3399.99466501,0.05798797,1142.69405170,92,0
6688.47836586,6688.47706128,3430.38110496,3430.43775676,0.04848232,1142.37968791,92,0
6688.67530977,6688.67569094,3439.01239012,3438.99581562,0.08499779,1142.28828118,92,0
6688.83203412,6688.83120369,3445.77806981,3445.81421711,0.09867562,1142.21450230,92,0
6689.66888032,6689.66924961,3482.36339602,3482.34722614,0.10585193,1141.80479708,92,0
6690.08765092,6690.08933483,3500.78449667,3500.71054877,0.09584001,1141.58969336,92,0
6690.24939913,6690.24992939,3507.84077866,3507.81746708,0.05851695,1141.50479863,92,0
6696.08376435,6696.08348008,3769.80534157,3769.81838870,0.05356022,1137.73368423,92,0
6698.84827137,6698.85221146,0.00000000,3898.07249305,0.11657215,1135.43199938,92,0
6701.33731271,6701.33693971,4015.99986148,4016.01771352,0.08980175,1133.05071654,92,0
6672.20855157,6672.20759173,326.86700443,326.89487511,0.05263747,1142.37682229,91,0
6674.20324590,6674.20509136,385.04320350,384.98929993,0.05008152,1145.00150080,91,0
6675.23490778,6675.23642736,415.21278490,415.16826357,0.03075703,1146.34090603,91,0
6676.83035480,6676.83007303,462.01963896,462.02793489,0.05274432,1148.38803066,91,0
6683.04118278,6683.04270967,646.64709321,646.60128138,0.03345067,1156.06569125,91,0
6687.77504642,6687.77541414,789.71398674,789.70278449,0.03387586,1161.59511441,91,0
6688.47812326,6688.47743201,811.12277177,811.14387502,0.05359534,1162.39177207,91,0
6688.83330609,6688.83104785,821.92453583,821.99355765,0.18761833,1162.79173947,91,0
6690.25096354,6690.25091746,865.42616023,865.42757564,0.06719467,1164.37164782,91,0
6695.19048736,6695.19189605,1018.45933990,1018.41535239,0.03718397,1169.66562478,91,0
6698.85244686,6698.85312605,1133.50924531,1133.48776321,0.05116645,1173.36953203,91,0
6701.33766539,6701.33552409,1212.37321482,1212.44155175,0.04838314,1175.77281145,91,0
6702.30500829,6702.29868544,0.00000000,1243.38042503,0.33123572,1176.68392512,91,0
6703.72057962,6703.72090848,1288.83359332,1288.82300338,0.12856049,1177.99088148,91,0
6704.93019178,6704.93192837,1327.91142222,1327.85527257,0.04539520,1179.08376549,91,0
6690.82846664,6708.06700390,0.00000000,883.19542459,1.35390697,1165.00814602,91,0
6708.55029478,6708.55384413,1445.83423816,1445.71788335,0.08684836,1182.21725730,91,0
6708.72774164,6708.73164484,1451.66492781,1451.53688614,0.13235568,1182.36547725,91,0
6708.95806767,6708.95877782,1459.10752889,1459.08421363,0.06562561,1182.55681176,91,0
6709.44962497,6709.44990024,1475.24840504,1475.23934905,0.03675929,1182.96291569,91,0
6710.66597205,6710.66567309,1515.34082625,1515.35070676,0.08483886,1183.95089309,91,0
6711.25477568,6711.25577323,1534.86470198,1534.83166036,0.12873767,1184.42026734,91,0
6711.66547260,6711.66520436,1548.43788727,1548.44678737,0.02497255,1184.74425089,91,0
6712.42989479,6712.42978624,1573.84816767,1573.85178082,0.06635513,1185.33985386,91,0
6712.98117262,6712.98060907,1592.20125035,1592.22004656,0.03985368,1185.76324202,91,0
6714.57666481,6714.57863282,1645.67415398,1645.60808393,0.07007138,1186.95932275,91,0
6714.76544232,6714.76760438,1652.02068494,1651.94804643,0.19703852,1187.09794885,91,0
6715.56250210,6715.56145659,1678.73311056,1678.76834585,0.05795219,1187.67637422,91,0
6719.81831232,6719.81821364,1823.46854468,1823.47193017,0.01233746,1190.57353641,91,0
6722.61266004,6722.61430272,1919.96932508,1919.91228534,0.06166970,1192.29485990,91,0
6723.41684364,6723.41752912,1947.90453418,1947.88065356,0.05763745,1192.76270055,91,0
6723.96329737,6723.96281125,1966.92557600,1966.94255622,0.04169985,1193.07347922,91,0
6725.71340927,6725.71415239,2028.32719259,2028.30104642,0.02382521,1194.02937430,91,0
6726.10510366,6726.10670755,2042.15096669,2042.09443589,0.07188214,1194.23491649,91,0
6730.77845898,6730.77802099,2208.63570355,2208.65148776,0.05604638,1196.44607507,91,0
6733.75769771,6733.75665374,2316.71437122,2316.75252144,0.08971007,1197.61346811,91,0
6735.00368046,6735.00380718,2362.41967461,2362.41501654,0.02958124,1198.04325153,91,0
6735.79996131,6735.79893725,2391.71010047,2391.74790465,0.10946277,1198.29949181,91,0
6739.58934562,6739.58971896,2532.98372132,2532.96967535,0.19348024,1199.31579688,91,0
6740.25612571,6740.25712623,2558.13548159,2558.09771196,0.08402833,1199.45890120,91,0
6740.65133741,6740.65348479,2573.11773575,2573.03649018,0.10870938,1199.53857366,91,0
6744.34183883,6744.34250926,2714.05643703,2714.03056398,0.06421149,1200.09198327,91,0
6745.28606267,6745.28631831,2750.57501373,2750.56509723,0.06572738,1200.17679239,91,0
6745.66015827,6745.65912776,2765.05045764,2765.09050954,0.02395209,1200.20380886,91,0
6746.59874138,6746.59723103,2801.60678119,2801.66579611,0.07903831,1200.25494522,91,0
6746.85348789,6746.85409302,2811.65064966,2811.62697052,0.05360242,1200.26468212,91,0
6748.22315835,6748.22275022,2865.41845769,2865.43455431,0.05824434,1200.28625888,91,0
6750.68762023,6750.69201919,0.00000000,2963.30003764,0.07606822,1200.19127326,91,0
6757.51560182,6757.51776553,3242.20909885,3242.11885212,0.08215510,1198.97009516,91,0
6772.29086543,6772.29186028,3890.81268925,3890.76657991,0.23145080,1190.67107041,91,0
6772.53681451,6772.53855199,3902.26514996,3902.18447389,0.08111691,1190.45643580,91,0
6772.87075338,6772.87087722,3917.71339942,3917.70763308,0.05831786,1190.16081835,91,0
6775.94069957,6775.94210912,4062.52612951,4062.45881392,0.31391073,1187.19265804,91,0
6735.00381583,6735.00546178,6.27915958,6.23335040,0.03464957,1182.19878674,90,0
6744.34466863,6744.34260493,269.49498970,269.55392877,0.03104605,1195.16415172,90,0
6745.66103096,6745.65862444,307.14623210,307.21521091,0.04121461,1196.91632170,90,0
6748.22158709,6748.22272287,380.92810749,380.89530320,0.03554808,1200.27030444,90,0
6762.55227977,6762.55088022,803.81188493,803.85411925,0.09064319,1217.63107485,90,0
6764.70027509,6764.70220292,868.96068205,868.90209177,0.08236377,1220.01510934,90,0
6769.12972607,6768.92812589,0.00000000,1004.52974097,0.05879556,1224.74085450,90,0
6769.58947529,6769.59549839,0.00000000,1018.72147203,0.09528627,1225.21620247,90,0
6772.53990491,6772.53878988,1110.29021983,1110.32500993,0.04493506,1228.19719921,90,0
6772.87072149,6772.87112988,1120.66590137,1120.65314340,0.03353204,1228.52382513,90,0
6773.54647014,6773.54548646,1141.75905495,1141.78986258,0.04067002,1229.18628528,90,0
6776.78411798,6776.78187853,1243.69647602,1243.76742005,0.05066492,1232.26943968,90,0
6781.31260560,6781.31218186,1388.41817814,1388.43183019,0.05593438,1236.32209884,90,0
6783.03561374,6783.03425144,1444.06317589,1444.10733346,0.10844060,1237.78144832,90,0
6785.41286696,6785.41314250,1521.54362038,1521.53460622,0.21399618,1239.71823750,90,0
6786.23335587,6786.23235032,1548.38608938,1548.41909339,0.04263277,1240.36550797,90,0
6786.67047594,6786.67100444,1562.79693570,1562.77955712,0.04486494,1240.70592267,90,0
6787.45174020,6787.45182141,1588.51061449,1588.50793613,0.05528918,1241.30653658,90,0
6787.92137999,6787.92142167,1604.01132691,1604.00994970,0.07376151,1241.66267325,90,0
6788.47139727,6788.47230604,1622.23224503,1622.20215200,0.20270677,1242.07510008,90,0
6794.18804189,6794.18954891,1813.75153195,1813.70045023,0.05726516,1246.05534636,90,0
6794.47755039,6794.47705783,1823.50258085,1823.51929591,0.05729580,1246.24165382,90,0
6795.37735291,6795.37868502,1854.15509923,1854.10972669,0.09056451,1246.81097678,90,0
6795.63812312,6795.63828520,1863.00232579,1862.99679893,0.05001376,1246.97322095,90,0
6797.04254134,6797.04322152,1911.06054101,1911.03720254,0.05476150,1247.82566815,90,0
6797.45516868,6797.46000904,0.00000000,1925.20911724,0.03818726,1248.06921340,90,0
6797.69438237,6797.69645668,1933.50343832,1933.43208299,0.16633773,1248.20887002,90,0
6798.31787748,6798.31797903,1954.91168121,1954.90817829,0.05594231,1248.56788020,90,0
6799.06034042,6799.06137157,1980.59953237,1980.56384038,0.07651990,1248.98588864,90,0
6800.60100943,6800.60126502,2034.06420670,2034.05530479,0.06770584,1249.81936810,90,0
6800.85597414,6800.85868928,2043.04485213,2042.95014277,0.07536247,1249.95297519,90,0
6805.32249966,6805.32312457,2200.34703703,2200.32478556,0.03917767,1252.08166648,90,0
6807.86814215,6807.86791126,2291.48400388,2291.49232296,0.08497239,1253.11117819,90,0
6811.03474267,6811.03547331,2406.46987104,2406.44313926,0.11324833,1254.19635094,90,0
6812.94214071,6812.94509524,2476.66810816,2476.55898927,0.13069648,1254.74167434,90,0
6816.09816107,6816.09906690,2594.08694034,2594.05294375,0.07888327,1255.45743982,90,0
6816.46288728,6816.46658365,0.00000000,2607.76245273,0.07572840,1255.52479815,90,0
6817.38164161,6817.38012415,2642.32531072,2642.38264363,0.06674248,1255.67986565,90,0
6817.79914140,6817.79966832,2658.19500733,2658.17505271,0.07663434,1255.74344991,90,0
6818.58834346,6818.58699489,2688.07535122,2688.12664010,0.05007091,1255.85173544,90,0
6825.36045040,6825.35885392,2950.45894529,2950.52198369,0.05931192,1256.11139044,90,0
6830.05020519,6830.05110505,3138.34243804,3138.30589316,0.08407358,1255.53803571,90,0
6833.77598344,6833.77864849,3291.48675440,3291.37596633,0.07706312,1254.60219847,90,0
6835.58597247,6835.58639956,3367.07246071,3367.05449445,0.10050773,1253.98409503,90,0
6837.68707159,6837.68653201,3456.04251996,3456.06553890,0.06695353,1253.12549830,90,0
6837.91923774,6837.91881479,3465.95966760,3465.97773934,0.05397175,1253.02108332,90,0
6840.76107821,6840.75989559,3588.53670848,3588.58825252,0.07276839,1251.58364931,90,0
6847.06815512,6847.06848890,3869.90907148,3869.89383001,0.10943288,1247.26588038,90,0
6847.30561761,6847.30533911,3880.73523268,3880.74797510,0.08807266,1247.07081852,90,0
6837.91818622,6837.91906453,785.48367483,785.45750651,0.02448627,1273.57934887,89,0
6846.83425617,6846.83472398,1055.00210832,1054.98775700,0.13111968,1283.09327296,89,0
6847.07228251,6847.07139088,1062.26524681,1062.29262048,0.08461232,1283.33301104,89,0
6849.26713353,6849.26716443,1129.92071657,1129.91976087,0.03891722,1285.50709810,89,0
6850.56458148,6850.56558581,1170.17815843,1170.14695126,0.04427497,1286.76148957,89,0
6851.97707300,6851.97593102,1214.10881638,1214.14448155,0.05972192,1288.10028238,89,0
6856.07211246,6856.07402878,1343.04086325,1342.98013871,0.03700342,1291.82132189,89,0
6856.32792830,6856.32749975,1351.07669076,1351.09028347,0.07149369,1292.04562085,89,0
6859.69083887,6859.69274164,1458.48974122,1458.42862553,0.03309021,1294.90335236,89,0
6860.81718063,6860.81760578,1494.70177474,1494.68805815,0.01877720,1295.82212117,89,0
6861.08821823,6861.09262265,0.00000000,1503.44556021,0.23550745,1296.04049803,89,0
6861.72855747,6861.72806815,1524.12353515,1524.13937269,0.06335026,1296.55106552,89,0
6862.08785735,6862.08540707,1535.69702418,1535.77643867,0.04840095,1296.83481445,89,0
6864.42004388,6864.41951434,1611.69947648,1611.71679681,0.04834116,1298.62697904,89,0
6867.29636775,6867.29717861,1706.36337081,1706.33654584,0.04002684,1300.71557540,89,0
6868.97152195,6868.97132471,1761.94104616,1761.94761598,0.03110507,1301.86835668,89,0
6874.45268980,6874.45281300,1946.62387489,1946.61967635,0.04900244,1305.29939036,89,0
6876.88332385,6876.88450299,2029.93393804,2029.89334095,0.04689987,1306.64682113,89,0
6877.17904557,6877.17994747,2040.11241349,2040.08132169,0.09877091,1306.80314580,89,0
6880.99681219,6880.99590001,2172.83579051,2172.86779354,0.02985187,1308.67062267,89,0
6882.30433604,6882.30078496,2218.76142755,2218.88675478,0.06270543,1309.24412526,89,0
6893.88474532,6893.88475772,2639.17215154,2639.17168847,0.09153350,1312.72513571,89,0
6894.21211821,6894.21197217,2651.40468770,2651.41015192,0.04632438,1312.77901463,89,0
6895.27555792,6895.27468145,2691.28342599,2691.31640930,0.07550946,1312.93601490,89,0
6895.91754658,6895.91705790,2715.49891610,2715.51737013,0.02592545,1313.01729447,89,0
6896.46708721,6896.46898769,2736.37266580,2736.30068409,0.06924093,1313.07869838,89,0
6900.14101966,6900.14690497,0.00000000,2876.83489058,0.40300185,1313.29019217,89,0
6902.10733466,6902.11034455,2953.35033025,2953.23272844,0.06479552,1313.25615899,89,0
6903.34926640,6903.34862596,3001.89734695,3001.92254790,0.07606681,1313.17967354,89,0
6907.82371290,6907.82462627,3180.40126394,3180.36435375,0.09745240,1312.53442027,89,0
6908.42678383,6908.42792509,3204.82918051,3204.78287433,0.08474274,1312.40148599,89,0
6911.67316851,6911.67635859,3337.97464361,3337.84253618,0.14479091,1311.48810173,89,0
6912.07936406,6912.07907627,3354.66656508,3354.67851445,0.06676144,1311.34975521,89,0
6912.71060568,6912.71115489,3380.96643059,3380.94353076,0.05158569,1311.12370438,89,0
6913.30906378,6913.31285084,0.00000000,3405.95340292,0.09108929,1310.89687278,89,0
6914.61457013,6914.61414125,3460.81569811,3460.83380690,0.06152549,1310.35950779,89,0
6915.71470072,6915.71535176,3507.48883091,3507.46113522,0.08520361,1309.86016688,89,0
6916.53311215,6916.53435444,3542.42135752,3542.36823186,0.12328372,1309.46059860,89,0
6916.80699542,6916.80871932,3554.16492617,3554.09107096,0.08775546,1309.32146603,89,0
6918.38371164,6918.38300820,3622.00322962,3622.03370222,0.08924865,1308.46609628,89,0
6920.24788104,6920.24861237,3703.40407593,3703.37194899,0.06988006,1307.33210912,89,0
6922.47213109,6922.47140697,3801.84066605,3801.87298990,0.12196784,1305.79824881,89,0
6925.01465128,6925.01419797,3916.47669559,3916.49733886,0.05589783,1303.79157407,89,0
6925.64128075,6925.64086865,3945.07867487,3945.09753046,0.06673764,1303.25366450,89,0
6927.17677066,6927.17613488,4015.77555179,4015.80499505,0.05302911,1301.85994382,89,0
6927.65485631,6927.65636183,4038.06457100,4037.99453766,0.14095708,1301.40380618,89,0
6927.83205118,6927.83223886,4046.25229428,4046.24355050,0.07287193,1301.23195007,89,0
6895.91924214,6895.91773467,221.80378740,221.84569703,0.07804054,1307.22444061,88,0
6902.11006056,6902.11118446,395.50787678,395.47607811,0.08750351,1315.27923549,88,0
6912.08037398,6912.07917262,681.68627772,681.72127852,0.04771934,1327.37902592,88,0
6912.71187218,6912.71023520,700.09399640,700.14180205,0.04879394,1328.10745829,88,0
6914.61382404,6914.61474791,755.86179510,755.83466574,0.04108146,1330.27290667,88,0
6920.24946027,6920.24939981,922.84838359,922.85019219,0.04287689,1336.43439212,88,0
6922.47188326,6922.47071859,989.52004713,989.55513391,0.04800194,1338.75599512,88,0
6923.45156974,6923.45164929,1019.11505901,1019.11265523,0.07311613,1339.75931312,88,0
6925.01473392,6925.01477289,1066.47358846,1066.47240494,0.02885550,1341.33440289,88,0
6925.64129302,6925.64166334,1085.53304059,1085.52177070,0.00493183,1341.95665526,88,0
6927.17652725,6927.17815250,1132.41927909,1132.36954639,0.02232328,1343.45939976,88,0
6927.83260529,6927.83328671,1152.49037938,1152.46947887,0.03165771,1344.09214143,88,0
6929.52025828,6929.51986185,1204.36557986,1204.37780900,0.02101153,1345.69285590,88,0
6934.35742543,6934.35718341,1354.88833034,1354.89592527,0.04000404,1350.06265044,88,0
6935.46865398,6935.46841857,1389.83710125,1389.84452074,0.05782465,1351.01946112,88,0
6936.25877824,6936.25817039,1414.76222055,1414.78142845,0.29697160,1351.68885922,88,0
6936.96341722,6936.96307575,1437.06342025,1437.07423718,0.05472869,1352.27789210,88,0
6944.81366224,6944.81393829,1689.56207476,1689.55306213,0.01099335,1358.33054292,88,0
6945.42494650,6945.42515314,1709.54206513,1709.53530180,0.04034634,1358.76104132,88,0
6945.87329428,6945.87247195,1724.19622486,1724.22318963,0.10165408,1359.07293854,88,0
6947.12341802,6947.12238709,1765.28515867,1765.31913125,0.03605668,1359.92517483,88,0
6947.35366621,6947.35373950,1772.91246276,1772.91004520,0.04350174,1360.07929857,88,0
6949.08948779,6949.08891824,1830.35245906,1830.37137884,0.04467243,1361.21265490,88,0
6953.06151320,6953.06118740,1963.40813325,1963.41913846,0.07322993,1363.61089734,88,0
6956.31710028,6956.31484776,2074.06131794,2074.13847838,0.03837141,1365.36601545,88,0
6958.23740843,6957.65645365,0.00000000,2140.21288939,0.41114297,1366.30924892,88,0
6959.75276982,6959.75338563,2192.75511672,2192.73369196,0.03645670,1367.00344253,88,0
6960.01803812,6960.02197010,2202.11090558,2201.97397353,0.09125113,1367.12048499,88,0
6960.40265118,6960.40156149,2215.34045149,2215.37847791,0.04317648,1367.28756575,88,0
6960.66943624,6960.67019257,2224.72027173,2224.69384790,0.13159763,1367.40178918,88,0
6968.82022490,6968.82172404,2514.97095562,2514.91651740,0.13552393,1370.18456398,88,0
6969.35580360,6969.35508342,2534.36329398,2534.38951243,0.05514209,1370.31743034,88,0
6970.45001922,6970.45074492,2574.35894385,2574.33237945,0.04785327,1370.56876222,88,0
6971.05135064,6971.05122918,2596.37413934,2596.37859925,0.04276863,1370.69527204,88,0
6971.87079406,6971.87088734,2626.53346640,2626.53002717,0.06242422,1370.85422759,88,0
6972.42964621,6972.43033996,2647.19086245,2647.16520795,0.06757370,1370.95364733,88,0
6972.62960242,6972.63072347,2654.60499707,2654.56349605,0.06691236,1370.98743812,88,0
6972.81584488,6972.81718879,2661.51143665,2661.46163468,0.08564584,1371.01806291,88,0
6973.08516773,6973.08638097,2671.49419591,2671.44917194,0.04223900,1371.06089560,88,0
6973.56354404,6973.56164259,2689.15350737,2689.22424732,0.03047776,1371.13271391,88,0
6974.43941030,6974.43999182,2721.90723194,2721.88549559,0.05888091,1371.24994819,88,0
6975.61297932,6975.61404671,2765.92618765,2765.88604822,0.05487147,1371.37771544,88,0
6976.02556462,6976.02654875,2781.45547958,2781.41838919,0.10809480,1371.41454601,88,0
6980.12558637,6980.12392073,2937.62762605,2937.69182723,0.25063519,1371.54481375,88,0
6982.15510927,6982.15628012,3016.42084278,3016.37518222,0.09701950,1371.44484554,88,0
6983.12483208,6983.12362148,3054.25538170,3054.30287067,0.06052027,1371.35702280,88,0
6984.65649338,6984.65623351,3114.64159889,3114.65188027,0.09093708,1371.16410674,88,0
6985.11982442,6985.11899497,3132.97703658,3133.00995173,0.09163463,1371.09246271,88,0
6986.28272610,6986.28252657,3179.31397166,3179.32194393,0.06798569,1370.88485428,88,0
6986.73030480,6986.73272180,3197.32982856,3197.23297249,0.10854995,1370.79423904,88,0
6989.64629308,6989.64660363,3315.15241073,3315.13973901,0.07433874,1370.05393051,88,0
6990.53876969,6990.53890099,3351.66532306,3351.65993471,0.08512811,1369.77395914,88,0
6997.18288627,6997.18097585,3630.32328117,3630.40522705,0.14276791,1366.84631749,88,0
6997.65023033,6997.64861976,3650.41935706,3650.48870528,0.16953408,1366.58131471,88,0
6998.65364264,6998.65452866,3693.89946054,3693.86102909,0.06598252,1365.98418667,88,0
6999.14839546,6999.14661248,3715.27489848,3715.35248926,0.09709448,1365.67572365,88,0
7001.18384845,7001.18277563,3804.55384711,3804.60122395,0.08026165,1364.30550841,88,0
7002.82582958,7002.82675705,3877.60909762,3877.56762161,0.30861522,1363.07831098,88,0
7006.07551986,7006.07244221,0.00000000,4024.77822423,0.07110843,1360.30912327,88,0
6971.05001921,6971.05041428,108.78284963,108.77210757,0.02001481,1360.63867383,87,0
6971.87196904,6971.87272429,131.16741859,131.14683700,0.07788373,1361.75543416,87,0
6973.56351851,6973.56429308,177.36571200,177.34450938,0.07647040,1364.03294021,87,0
6983.12330769,6983.12388052,442.52463546,442.50852988,0.03341451,1376.36785949,87,0
6986.28117886,6986.28273082,531.73377307,531.68974671,0.03037611,1380.23416677,87,0
6989.64645417,6989.64718564,627.65400192,627.63304244,0.04368268,1384.23502588,87,0
6991.07570376,6991.07855039,668.75072243,668.66880643,0.05087290,1385.89603653,87,0
6994.46350638,6994.46407663,766.66971450,766.65313399,0.09694248,1389.74054398,87,0
6997.18049688,6997.17942503,845.95290406,845.98433334,0.09202062,1392.72760029,87,0
6997.64563183,6997.64878177,859.73851127,859.64600654,0.03221075,1393.23066242,87,0
6998.65616734,6998.65517549,889.32978436,889.35901187,0.03881838,1394.31327706,87,0
6998.91507337,6998.91555954,897.00636488,896.99202475,0.05708337,1394.58884696,87,0
6999.14769123,6999.14754199,903.85176435,903.85617006,0.06716449,1394.83577072,87,0
7004.32786354,7004.32424285,1057.89859885,1058.00725612,0.19848846,1400.15952758,87,0
7005.48118065,7005.48154478,1092.69746060,1092.68649391,0.10706081,1401.29877189,87,0
7009.26755827,7009.26722188,1207.46653665,1207.47680182,0.02220727,1404.91665644,87,0
7012.85145320,7012.85146052,1317.54122056,1317.54099410,0.18045966,1408.16481903,87,0
7013.17438085,7013.33107990,0.00000000,1327.52751102,2.17495955,1408.44884354,87,0
7014.25348934,7014.25138796,1360.90448553,1360.96974194,0.18098981,1409.38701522,87,0
7015.69332167,7015.69364385,1405.81637205,1405.80631369,0.06784350,1410.61354028,87,0
7018.46713476,7018.62562276,0.00000000,1492.84294632,0.06579803,1412.89212883,87,0
7019.47657679,7019.47584386,1524.70709352,1524.73029251,0.09708096,1413.69312104,87,0
7024.84821904,7024.84781851,1696.51275888,1696.52570041,0.01160384,1417.69664931,87,0
7025.50495782,7025.50533867,1717.78591939,1717.77358103,0.04875178,1418.15525991,87,0
7026.96288019,7026.96159941,1765.10319991,1765.14493232,0.09009614,1419.14875533,87,0
7028.23647534,7028.23606658,1806.73835984,1806.75174882,0.03029060,1419.98837529,87,0
7028.92901382,7028.93261945,1829.59116509,1829.47274044,0.03058484,1420.43386322,87,0
7029.36061714,7029.36089444,1843.66344781,1843.65432489,0.03103734,1420.70725887,87,0
7029.61959324,7029.62002726,1852.19330162,1852.17900721,0.14024412,1420.86987564,87,0
7030.49634213,7030.49583905,1881.09122276,1881.10785346,0.05679583,1421.41207300,87,0
7032.63977299,7032.63984693,1952.28225216,1952.27978663,0.03992427,1422.68256951,87,0
7040.95235386,7040.94984568,2234.44466236,2234.53139872,0.07543620,1426.83316058,87,0
7041.56954806,7041.56863945,2255.87544772,2255.90695244,0.07680201,1427.08974976,87,0
7042.13784065,7042.13762077,2275.63070278,2275.63834800,0.03150414,1427.31938896,87,0
7042.50039007,7042.49960232,2288.22761570,2288.25505301,0.20283136,1427.46259596,87,0
7043.05481288,7043.05511529,2307.60115010,2307.59059037,0.02409204,1427.67657163,87,0
7043.65491400,7043.65567795,2328.59972870,2328.57298249,0.02948166,1427.90124974,87,0
7045.03819744,7045.03882769,2377.17638439,2377.15417391,0.08998881,1428.39140678,87,0
7045.30453431,7045.30492868,2386.56060378,2386.54668658,0.01958808,1428.48133110,87,0
7045.70932057,7045.70913558,2400.83901715,2400.84555815,0.06379801,1428.61521775,87,0
7048.97621020,7048.97663676,2517.27886664,2517.26354611,0.07881994,1429.57003863,87,0
7051.76146393,7051.76077071,2617.95826781,2617.98351105,0.08597906,1430.20179291,87,0
7051.98044725,7051.97896351,2625.90785598,2625.96194373,0.08841969,1430.24413358,87,0
7055.05003790,7055.04969495,2738.75528219,2738.76798727,0.04189676,1430.72179698,87,0
7056.42331744,7056.42409176,2789.85064883,2789.82175733,0.06911181,1430.86371287,87,0
7057.88859583,7057.88796382,2844.69056331,2844.71433494,0.07064424,1430.96468832,87,0
7058.24817110,7058.24736848,2858.22231963,2858.25256874,0.09297828,1430.98137186,87,0
7059.18923856,7059.18167091,0.00000000,2893.79825570,0.05578431,1431.00969740,87,0
7063.65870658,7063.65993356,3065.25330057,3065.20562713,0.09808437,1430.83169250,87,0
7065.35491188,7065.35670846,3131.48721527,3131.41674136,0.05482078,1430.62346497,87,0
7072.32621709,7072.32559146,3410.75612834,3410.78175596,0.09023279,1428.88980754,87,0
7075.54227703,7075.54235565,3543.90642548,3543.90313756,0.05658031,1427.57774917,87,0
7077.34831337,7077.34926653,3619.95666817,3619.91630975,0.06880905,1426.68799536,87,0
7081.43293809,7081.43282476,3795.45797413,3795.46291517,0.08710448,1424.24299753,87,0
7081.83756103,7081.83932456,3813.20013455,3813.12299995,0.30627433,1423.96689808,87,0
7083.85233188,7083.84853076,0.00000000,3901.92016724,0.15162779,1422.49520242,87,0
7048.97914814,7048.97542296,24.77300113,24.87233987,0.16728943,1416.57702366,86,0
7055.04932644,7055.04840271,188.00539874,188.03042569,0.08766080,1424.77847317,86,0
7057.19367582,7057.19516424,246.33336438,246.29280296,0.07048084,1427.59252526,86,0
7063.65989150,7063.65858030,424.04069527,424.07707369,0.09009986,1435.80637189,86,0
7065.36192297,7065.36101982,471.39062415,471.41580414,0.09579196,1437.89870311,86,0
7081.43352724,7081.43032547,930.13835098,930.23202785,0.10839157,1456.11139803,86,0
7083.84641807,7083.84732540,1001.13825611,1001.11150245,0.32516144,1458.59074603,86,0
7086.65124166,7086.65006810,1084.15151735,1084.18642939,0.03264809,1461.38282024,86,0
7093.91364782,7093.91103557,1302.87817556,1302.95785180,0.18821495,1468.14764781,86,0
7094.20192653,7094.20135800,1311.73675779,1311.75411785,0.02850519,1468.40182617,86,0
7095.22409567,7095.22487013,1343.04038607,1343.01665877,0.10176448,1469.29404723,86,0
7096.13733066,7096.13853813,1371.07966668,1371.04254689,0.05079221,1470.07910686,86,0
7096.85590284,7096.85447134,1393.11932400,1393.16345033,0.08806862,1470.68888405,86,0
7097.83314770,7097.82694962,0.00000000,1423.33840053,0.31650936,1471.50663322,86,0
7100.05015208,7100.04800817,1492.10667383,1492.17352830,0.09168154,1473.31143832,86,0
7100.90893184,7100.90834687,1518.97496227,1518.99325685,0.07768574,1473.99180583,86,0
7101.32612684,7101.32569149,1532.03679839,1532.05043412,0.05576174,1474.31841037,86,0
7108.07638740,7108.07540046,1746.19386034,1746.22558453,0.05215972,1479.24281421,86,0
7110.05460739,7110.05446759,1810.05454131,1810.05907043,0.07412266,1480.55272244,86,0
7110.25891605,7110.25655506,1816.60426452,1816.68081516,0.11325036,1480.68445908,86,0
7113.41531402,7113.41589893,1919.69361699,1919.67440690,0.04007976,1482.63316336,86,0
7115.09455274,7115.09427280,1975.00055925,1975.00981796,0.06360291,1483.60232410,86,0
7118.37676791,7118.38008990,2084.40980427,2084.29841621,0.06086766,1485.35670638,86,0
7118.90223036,7118.90245349,2101.93293704,2101.92543716,0.06114522,1485.61981396,86,0
7119.88696105,7119.88623337,2135.06689001,2135.09144890,0.09387769,1486.09991652,86,0
7121.01049540,7121.01110981,2173.12416521,2173.10332487,0.08907110,1486.62616688,86,0
7121.90810782,7121.90665311,2203.56409491,2203.61364496,0.01957278,1487.03002244,86,0
7122.11294643,7122.11327151,2210.60518289,2210.59409984,0.06673562,1487.12010006,86,0
7122.65562516,7122.65381773,2229.05582507,2229.11758803,0.14896734,1487.35494364,86,0
7125.39110921,7125.39248977,2323.20400872,2323.15625455,0.12415907,1488.45336136,86,0
7134.25856965,7134.25913622,2636.43611723,2636.41566814,0.05207185,1490.98277129,86,0
7134.97693656,7134.97704426,2662.39671400,2662.39281228,0.04691777,1491.11459780,86,0
7138.27300586,7138.27196518,2782.79281140,2782.83116040,0.25300611,1491.57007443,86,0
7141.61670995,7141.61328817,2907.02660831,2907.15498002,0.11764844,1491.77178620,86,0
7142.16909741,7142.16886500,2927.90196932,2927.91071312,0.05790770,1491.77892058,86,0
7143.16252900,7143.16099093,2965.33351216,2965.39170186,0.05911353,1491.77257768,86,0
7146.85603580,7146.85586645,3106.60890293,3106.61544516,0.09571978,1491.52655143,86,0
7155.97088086,7155.97137029,3468.66822787,3468.64822691,0.13111516,1489.29579258,86,0
7158.67683751,7158.67682668,3580.20230719,3580.20275783,0.06155117,1488.14570942,86,0
7160.03273936,7160.03311819,3636.88346616,3636.86756451,0.06424035,1487.47824172,86,0
7163.48999184,7163.49064970,3783.86265242,3783.83434857,0.07965506,1485.48605137,86,0
7168.83080300,7168.83039576,4018.23432045,4018.25255712,0.09158789,1481.53044176,86,0
7138.26931634,7138.26783443,193.78820513,193.82791946,0.17635006,1486.58450436,85,0
7142.16864057,7142.16824163,298.85872107,298.86952304,0.02610389,1491.62073569,85,0
7143.16103130,7143.16202036,325.80522902,325.77837197,0.02718661,1492.87932373,85,0
7158.30456897,7158.30529072,745.89951264,745.87905248,0.07609306,1510.85960575,85,0
7158.67756055,7158.67772319,756.46368948,756.45907318,0.00898700,1511.27194734,85,0
7163.49083116,7163.49220822,894.14541196,894.10572680,0.09348317,1516.45533261,85,0
7168.83070026,7168.83081886,1049.27544294,1049.27196748,0.04819859,1521.89503854,85,0
7171.25756982,7171.25764681,1120.65816770,1120.65589405,0.07151922,1524.25401653,85,0
7177.93206735,7177.93220483,1320.03184055,1320.02768731,0.05554160,1530.36356967,85,0
7178.84263359,7178.84292671,1347.58622350,1347.57734118,0.01447116,1531.15235076,85,0
7182.66937443,7182.66651871,1464.25723496,1464.34496508,0.05519155,1534.34614076,85,0
7185.45592799,7185.26857604,0.00000000,1550.38483758,0.14548140,1536.54480388,85,0
7185.45432101,7185.45486040,1550.34175229,1550.32501264,0.04809494,1536.54332069,85,0
7186.66742828,7186.66704531,1588.04828073,1588.06021929,0.05591986,1537.46625838,85,0
7191.79447640,7191.79719852,1749.53680395,1749.45027688,0.05288712,1541.12891769,85,0
7197.93347196,7197.93027993,1946.86710400,1946.97107834,0.08939688,1544.98395567,85,0
7200.56270209,7200.56234164,2033.06275500,2033.07461995,0.08529747,1546.44840561,85,0
7210.45300612,7210.45288399,2365.81141614,2365.81561523,0.14867659,1550.87603777,85,0
7211.25710402,7211.25691766,2393.51331123,2393.51974465,0.02655567,1551.15650810,85,0
7214.38512140,7214.38564198,2502.31412672,2502.29588889,0.05358859,1552.12676264,85,0
7215.58694719,7215.58765853,2544.54060866,2544.51555015,0.08487098,1552.44713090,85,0
7216.25438892,7216.25393945,2568.04958735,2568.06547230,0.07725715,1552.61217653,85,0
7219.50870265,7219.50835747,2684.00307566,2684.01547598,0.07143737,1553.28225517,85,0
7222.27697465,7222.27704964,2784.17132154,2784.16858908,0.04361553,1553.67041811,85,0
7222.54174442,7222.54207977,2793.83422673,2793.82199107,0.06203556,1553.69850046,85,0
7223.10825318,7223.10900282,2814.55043875,2814.52300398,0.12393894,1553.75319112,85,0
7226.90414989,7226.90455512,2954.85051379,2954.83538206,0.04965217,1553.92514641,85,0
7227.17471556,7227.17394856,2964.91729556,2964.94597806,0.09582476,1553.92416375,85,0
7230.27548801,7230.27723395,3081.99131737,3081.92485978,0.08797102,1553.78215263,85,0
7233.32431417,7233.32588573,3199.02094168,3198.96007377,0.06323324,1553.39955088,85,0
7234.34506538,7234.34659481,3238.67883506,3238.61924584,0.05744562,1553.21536410,85,0
7236.25551116,7236.25478607,3313.45751877,3313.48609936,0.05187897,1552.79246484,85,0
7238.99535316,7238.99472089,3422.38928302,3422.41463919,0.04686868,1552.00167991,85,0
7241.98653961,7241.98833378,3543.58899271,3543.51567040,0.12575387,1550.87856791,85,0
7250.24746367,7250.24626710,3890.90963905,3890.96147068,0.08613212,1546.23302054,85,0
7251.40225044,7251.40243904,3941.20472765,3941.19648937,0.06709437,1545.38696897,85,0
7252.25974572,7252.25973754,3978.79275193,3978.79311183,0.09820206,1544.72498731,85,0
7252.60355855,7252.60390098,3993.95215985,3993.93706189,0.06872740,1544.45138081,85,0
7253.93653622,7253.93840423,4053.07414667,4052.99093120,0.10274497,1543.34628462,85,0
7216.25321109,7216.25343083,10.10097049,10.09525247,0.02452331,1540.19700398,84,0
7217.45347385,7217.45419586,41.39594904,41.37710097,0.17917347,1541.82226688,84,0
7219.50819979,7219.50808189,95.14338830,95.14648098,0.01481508,1544.57521003,84,0
7220.01107923,7220.01084394,108.34111416,108.34729504,0.01770725,1545.24322127,84,0
7222.27570175,7222.27694078,168.04331500,168.01057792,0.03300054,1548.22378960,84,0
7222.54417614,7222.54201083,175.04941133,175.10666351,0.10007299,1548.57407825,84,0
7226.90521026,7226.90607055,291.10085568,291.07784852,0.05142627,1554.17219964,84,0
7233.32675084,7233.32735265,464.36523174,464.34884784,0.10113829,1562.09214159,84,0
7234.35435770,7234.35076001,492.25760089,492.35580830,0.08894550,1563.32240245,84,0
7238.99474056,7238.99434364,619.85317756,619.86415567,0.02645387,1568.74816707,84,0
7243.42554550,7243.42345675,743.14493833,743.20344850,0.04523569,1573.72328693,84,0
7250.24846927,7250.24803032,936.36404806,936.37660640,0.04498002,1580.97604255,84,0
7251.40252401,7251.40302716,969.46632794,969.45187979,0.02019929,1582.15192947,84,0
7252.25949351,7252.25940199,994.09141656,994.09405169,0.06280566,1583.01547981,84,0
7252.60304654,7252.60357714,1004.00581348,1003.99052150,0.03252462,1583.35927827,84,0
7253.94015742,7253.93848244,1042.55794405,1042.60642391,0.06542838,1584.68428451,84,0
7254.81349784,7254.81170909,1067.86642617,1067.91833559,0.06121928,1585.53855602,84,0
7257.71990729,7257.71984349,1152.65705342,1152.65892284,0.02661233,1588.31647383,84,0
7257.97355189,7257.97030161,1160.00567919,1160.10099043,0.05654041,1588.55440045,84,0
7258.44447368,7258.44467932,1173.91958188,1173.91354276,0.05383908,1588.99341251,84,0
7258.68559801,7258.68926127,1181.11336086,1181.00568542,0.08302452,1589.21752211,84,0
7259.74121978,7259.74267665,1212.11927097,1212.07629740,0.11094530,1590.18891667,84,0
7263.56807742,7263.56969992,1325.74416269,1325.69568499,0.27371276,1593.59658634,84,0
7264.87700111,7264.87798963,1364.92062711,1364.89095675,0.09324605,1594.71948279,84,0
7268.18693270,7268.19017986,1464.92349108,1464.82488448,0.15188585,1597.46029503,84,0
7268.86147426,7268.86103259,1485.31004312,1485.32348969,0.10746447,1598.00080587,84,0
7269.77016761,7269.77091435,1513.05533410,1513.03252881,0.04569240,1598.71970861,84,0
7270.78085761,7270.77807245,1543.87600516,1543.96137330,0.07665686,1599.50621782,84,0
7277.70552449,7277.70608689,1758.96478268,1758.94709284,0.08866675,1604.50891119,84,0
7283.43613059,7283.43411038,1941.17382194,1941.23880904,0.05711102,1608.11484961,84,0
7283.67399766,7283.67491144,1948.92376783,1948.89434397,0.06474946,1608.25351464,84,0
7284.02646786,7284.02486282,1960.20084289,1960.25260570,0.10158067,1608.45735061,84,0
7284.46239819,7284.46148106,1974.29581497,1974.32545047,0.01484304,1608.70675939,84,0
7288.91626213,7288.91638323,2119.53932491,2119.53533924,0.01835839,1611.07710819,84,0
7289.74222653,7289.74255426,2146.77615178,2146.76532872,0.06568170,1611.48034938,84,0
7293.41125391,7293.41280340,2268.96567970,2268.91368841,0.07436719,1613.12886733,84,0
7294.48663887,7294.48367306,2304.98514605,2305.08514351,0.08474862,1613.56670273,84,0
7300.35357284,7300.35487845,2505.61464285,2505.56941455,0.05530931,1615.57619023,84,0
7301.84735655,7301.84809461,2557.51722227,2557.49147897,0.05878881,1615.98129670,84,0
7303.10945355,7303.11340688,0.00000000,2601.65361245,0.12593175,1616.28849845,84,0
7305.38588549,7305.38578071,2681.98879693,2681.99251624,0.09218494,1616.75925232,84,0
7305.57518570,7305.57342459,2688.65266819,2688.71524052,0.07774403,1616.79348779,84,0
7307.31178067,7307.31169887,2750.68699794,2750.68992975,0.05410350,1617.07156657,84,0
7309.77463308,7309.77881281,0.00000000,2839.51949081,0.02568086,1617.35201435,84,0
7311.08974199,7311.08966851,2887.42783584,2887.43052139,0.05018524,1617.44547133,84,0
7314.28953782,7314.28908637,3005.35372173,3005.37050760,0.07596896,1617.50280295,84,0
7316.11899195,7316.11939734,3073.76786638,3073.75263293,0.06774771,1617.42344678,84,0
7316.56176219,7316.56177418,3090.41064437,3090.41019264,0.04703865,1617.39158846,84,0
7324.79259329,7324.79261467,3407.91114075,3407.91029523,0.05990062,1615.84461149,84,0
7328.92655338,7328.92787338,3573.57645623,3573.52287374,0.15092692,1614.32747390,84,0
7331.63734749,7331.63678331,3684.56419402,3684.58752941,0.07118086,1613.03650204,84,0
7337.66593018,7337.66606992,3939.20191459,3939.19588402,0.09863105,1609.24593695,84,0
7338.27817939,7338.27667454,3965.62153101,3965.68681958,0.05099130,1608.78492352,84,0
7341.09236371,7341.09342959,4089.09206910,4089.04484732,0.06769832,1606.47238185,84,0
7309.78168038,7309.78159173,180.75093275,180.75325064,0.16278355,1613.15360420,83,0
7311.08816290,7311.08846624,214.97809995,214.97014257,0.04991659,1614.83050554,83,0
7316.56168497,7316.56220472,359.61723267,359.60339646,0.01308220,1621.69103772,83,0
7324.79453821,7324.79262391,581.17768071,581.22980059,0.04073804,1631.48997777,83,0
7331.64020995,7331.63672881,769.34850800,769.44517843,0.11114351,1639.13428162,83,0
7333.26678798,7333.27050703,814.82792049,814.72414224,0.05072826,1640.88050609,83,0
7337.66669975,7337.66668173,938.32230549,938.32281499,0.07456232,1645.46415791,83,0
7338.27636404,7338.27927896,955.66206644,955.57948175,0.03374680,1646.08281058,83,0
7346.82810291,7346.82924301,1201.18449068,1201.15129972,0.05733828,1654.32097856,83,0
7351.82112757,7351.81941431,1347.69325028,1347.74396503,0.05293882,1658.73511963,83,0
7353.64848088,7353.65136228,1402.10377210,1402.01792925,0.06551031,1660.27392842,83,0
7359.40733662,7359.40867076,1575.36415007,1575.32358112,0.10026081,1664.84226379,83,0
7359.68117531,7359.68135313,1583.65980839,1583.65439620,0.04311743,1665.04861568,83,0
7367.66204548,7367.66163605,1830.16759249,1830.18043118,0.04547105,1670.60490504,83,0
7370.96629043,7370.96582912,1934.45922776,1934.47388145,0.03014121,1672.63513180,83,0
7372.55682039,7372.55985360,1985.25947715,1985.16250160,0.08805790,1673.55306014,83,0
7372.93753194,7372.93728875,1997.33936111,1997.34714810,0.04903227,1673.76700373,83,0
7375.58486686,7375.58366093,2082.51774668,2082.55678666,0.02949794,1675.19045500,83,0
7377.04782264,7377.04912092,2130.10392175,2130.06163961,0.17454952,1675.92880186,83,0
7377.68797692,7377.68817164,2150.94359729,2150.93723915,0.06792741,1676.24075381,83,0
7381.32605171,7381.32552874,2270.66191044,2270.67925634,0.18559367,1677.88253237,83,0
7391.96218062,7391.96305875,2632.11979266,2632.08920913,0.10838334,1681.31270797,83,0
7393.25974203,7393.26075882,2677.46468004,2677.42903423,0.04950407,1681.58114991,83,0
7395.93693754,7395.93649569,2771.89487440,2771.91057023,0.06433755,1682.02446907,83,0
7401.51421454,7401.51405757,2972.91205303,2972.91779313,0.10286228,1682.44533615,83,0
7402.12724561,7402.13077592,2995.50767272,2995.37813376,0.11365687,1682.44819374,83,0
7402.72927519,7402.72982648,3017.51754623,3017.49725175,0.33257661,1682.44232480,83,0
7404.96534960,7404.97233432,0.00000000,3100.32919841,0.05456108,1682.34376749,83,0
7410.39889119,7410.40001270,3306.04689833,3306.00376922,0.16794942,1681.57585704,83,0
7401.51037356,7401.51592110,0.00000000,247.69797644,0.05942096,1682.17892511,82,0
7408.47507365,7408.47536657,430.51104874,430.50328819,0.22841672,1690.71540290,82,0
7429.96608176,7429.97057983,1017.55640865,1017.42962175,0.10401230,1714.17033612,82,0
7435.74717746,7435.74748785,1181.86901112,1181.86010206,0.08295285,1719.65864336,82,0
7434.19927088,7435.94681807,0.00000000,1137.54385315,0.01673555,1718.22615518,82,0
7440.26310533,7440.26349272,1312.47907420,1312.46778637,0.00970256,1723.68003386,82,0
7443.51496421,7443.51587046,1407.76113976,1407.73444316,0.02757314,1726.42451851,82,0
7445.41982041,7445.41736826,1463.94901804,1464.02172904,0.05625032,1727.97123764,82,0
7446.52999629,7446.52958609,1496.99600986,1497.00822237,0.05916815,1728.85184309,82,0
7448.24873480,7448.25080506,1548.38489279,1548.32289384,0.05407168,1730.18379383,82,0
7454.70841422,7454.70882787,1744.06527936,1744.05259597,0.07045079,1734.84022090,82,0
7459.30799187,7459.30670016,1886.27304572,1886.31335486,0.07391386,1737.80311697,82,0
7459.53491495,7459.53589704,1893.42872703,1893.39805072,0.08694016,1737.94140032,82,0
7463.53612432,7463.53510004,2019.31657632,2019.34906479,0.01677316,1740.25302998,82,0
7464.27101202,7464.27165293,2042.71188987,2042.69150248,0.28494538,1740.65092930,82,0
7471.63997870,7471.63936121,2280.79231982,2280.81258646,0.05218274,1744.16526841,82,0
7477.67270271,7477.67212144,2481.44050623,2481.46010618,0.06600643,1746.35719103,82,0
7478.02128950,7478.01954550,2493.16452147,2493.22341996,0.05426690,1746.46388862,82,0
7478.88187326,7478.88341537,2522.39458829,2522.34231030,0.10276701,1746.71762570,82,0
7479.48023374,7479.47992607,2542.64331839,2542.65377638,0.05341857,1746.88586219,82,0
7485.79266312,7485.79160465,2760.46875197,2760.50584602,0.03221632,1748.23833111,82,0
7487.33143650,7487.33142165,2814.64074476,2814.64126923,0.06367613,1748.44629544,82,0
7489.65015965,7489.65058114,2897.04255585,2897.02749556,0.07517792,1748.66506037,82,0
7495.04597917,7495.04478320,3092.59434223,3092.63833787,0.08092965,1748.71269282,82,0
7509.15248186,7509.15271932,3633.42782253,3633.41832056,0.05797921,1745.40388630,82,0
7509.39398843,7509.39500622,3643.13165424,3643.09085375,0.07666708,1745.29890118,82,0
7487.33210174,7487.33303216,105.91332874,105.88975101,0.03398645,1742.42305311,81,0
7509.15284073,7509.15386855,674.74511565,674.71753619,0.09256349,1768.56304076,81,0
7509.39604383,7509.39687938,681.26833182,681.24589386,0.02741337,1768.83035698,81,0
7509.95204772,7509.95535471,696.28796520,696.19899800,0.06009858,1769.43984142,81,0
7523.35927782,7523.35617372,1063.94727061,1064.03416049,0.11981653,1783.20481857,81,0
7538.75732139,7538.75805668,1505.91899440,1505.89734525,0.02484260,1796.61702944,81,0
7540.42877183,7540.42860253,1555.24077343,1555.24578731,0.05330098,1797.90323737,81,0
7546.76560471,7546.76608039,1745.05049040,1745.03607834,0.08953348,1802.45353942,81,0
7549.16226862,7549.15930564,1817.88574872,1817.97631912,0.07619246,1804.03498803,81,0
7550.00954923,7550.00954039,1843.91022266,1843.91049383,0.06518749,1804.57489398,81,0
7554.68457255,7554.68701101,1988.65227488,1988.57612256,0.09259346,1807.37120639,81,0
7555.60233675,7555.60170129,2017.26291682,2017.28282522,0.02326093,1807.88266904,81,0
7555.85685077,7555.85744041,2025.27880722,2025.26031678,0.10014071,1808.02225003,81,0
7556.06461363,7556.06509165,2031.79309611,2031.77809415,0.07728194,1808.13546659,81,0
7556.56092093,7556.55671285,2047.24768098,2047.38005896,0.05798396,1808.40346939,81,0
7557.30592094,7557.30435595,2070.78681453,2070.83619347,0.08364381,1808.79839739,81,0
7558.85977336,7558.86093193,2120.06148456,2120.02469489,0.08105351,1809.59541980,81,0
7559.24194809,7559.24318851,2132.20891299,2132.16946520,0.03342615,1809.78571249,81,0
7563.32898222,7563.33015261,2263.30261504,2263.26475825,0.02716687,1811.67614585,81,0
7566.98607789,7566.98616482,2382.49994065,2382.49708351,0.02083178,1813.13552235,81,0
7568.95601587,7568.95987542,2447.65730935,2447.52934832,0.07130561,1813.82719583,81,0
7570.38489801,7570.38756589,2495.14434334,2495.05531934,0.04624995,1814.28613818,81,0
7576.57609583,7576.57566219,2704.61828300,2704.63318027,0.08415119,1815.84163344,81,0
7578.68391252,7578.68361916,2777.40657159,2777.41675261,0.05843480,1816.20339457,81,0
7580.96069252,7580.96545543,0.00000000,2856.88522184,0.09854636,1816.49345422,81,0
7585.86380633,7585.86161186,3031.10517956,3031.18420245,0.09368122,1816.74652015,81,0
7586.33643287,7586.33604538,3048.21212504,3048.22611567,0.09793988,1816.74304879,81,0
7589.23783144,7589.23800554,3153.80701312,3153.80062709,0.09032384,1816.60967253,81,0
7589.64808607,7589.64803679,3168.86265039,3168.86446190,0.07307893,1816.57494653,81,0
7601.68069301,7601.68202728,3627.12590566,3627.07321568,0.11745890,1813.65089643,81,0
7605.96713320,7605.96876389,3798.91004999,3798.84378348,0.06785385,1811.62590912,81,0
7607.73082696,7607.72887910,3870.87496739,3870.95510018,0.06267621,1810.62545257,81,0
7585.85923235,7585.85898592,230.10946428,230.11570877,0.07687545,1817.46281726,80,0
7605.96651986,7605.96997363,753.38468877,753.29234569,0.10120204,1840.66895540,80,0
7615.29714479,7615.29412069,1006.07862935,1006.16171977,0.05971218,1850.17612928,80,0
7619.18502031,7619.18595177,1113.63979533,1113.61390167,0.04686498,1853.88017414,80,0
7626.02216064,7626.02474422,1305.85540492,1305.78197864,0.11175182,1860.00598440,80,0
7631.44582575,7631.44550694,1461.25977575,1461.26899886,0.05031148,1864.49501792,80,0
7645.37821522,7645.37750286,1874.33316595,1874.35482707,0.12518977,1874.39245294,80,0
7655.73682181,7655.73740153,2195.76989108,2195.75152414,0.04037124,1880.05480408,80,0
7657.25768621,7657.25502094,2243.99744389,2244.08239875,0.12046784,1880.75192636,80,0
7662.94812851,7662.94937413,2427.71308544,2427.67240294,0.11062410,1883.03184119,80,0
7665.22154618,7665.22237112,2502.33818742,2502.31096634,0.08216789,1883.79195416,80,0
7665.82675691,7665.82696033,2522.31415065,2522.30742077,0.14446553,1883.97920794,80,0
7666.16013174,7666.15733461,2533.24761500,2533.34029566,0.13497296,1884.07955786,80,0
7666.70395753,7666.69944362,0.00000000,2551.38003591,0.11115800,1884.23909475,80,0
7667.00905721,7667.00906850,2561.52361243,2561.52323697,0.02128790,1884.32632030,80,0
7668.07785721,7668.07817913,2597.16843309,2597.15767292,0.09871794,1884.61861639,80,0
7668.38925954,7668.54018196,0.00000000,2607.57700768,0.23209615,1884.69992239,80,0
7669.82767940,7669.82610039,2655.82773643,2655.88094938,0.08574981,1885.05225689,80,0
7671.81472232,7671.81270488,2723.09801030,2723.16665479,0.08869760,1885.47556578,80,0
7675.91178332,7675.91378884,2864.03127544,2863.96164714,0.03926445,1886.10688169,80,0
7677.19634193,7677.19862165,2908.76437401,2908.68473044,0.04711568,1886.23527383,80,0
7678.93211457,7678.92897454,2969.48331672,2969.59399320,0.08284944,1886.35412331,80,0
7680.27703338,7680.27675974,3017.14819437,3017.15790712,0.08291115,1886.40198297,80,0
7684.41204963,7684.41051247,3165.51234768,3165.56813173,0.14607979,1886.29757345,80,0
7686.78798574,7686.79220689,0.00000000,3252.36039893,0.10133961,1886.05812580,80,0
7687.18115390,7687.18246432,3266.87948202,3266.83119348,0.05737380,1886.00537820,80,0
7689.14074280,7689.14050700,3339.44970957,3339.45849777,0.02930813,1885.68521953,80,0
7690.64874530,7690.65016232,3395.97030530,3395.91701330,0.07950495,1885.37241950,80,0
7694.45500609,7694.45452292,3540.68124944,3540.69983576,0.06820913,1884.31424868,80,0
7698.69762870,7698.69508787,3706.04831086,3706.14875577,0.07959073,1882.65277716,80,0
7701.08385795,7701.08442990,3801.26919708,3801.24623058,0.04823479,1881.47876389,80,0
7703.80937353,7703.80968061,3911.74733904,3911.73476801,0.05408146,1879.91331318,80,0
7675.91353989,7675.91585113,81.80261472,81.74560389,0.05166011,1880.48246553,79,0
7677.19731433,7677.19942053,113.51374677,113.46162629,0.08220295,1882.11195713,79,0
7680.27678043,7680.27495158,189.90328654,189.94888202,0.03842302,1885.96973985,79,0
7687.17974493,7687.18164935,363.58129248,363.53297730,0.10088258,1894.34773002,79,0
7698.69751454,7698.69358494,660.04106296,660.14382234,0.06020760,1907.45381568,79,0
7701.08386525,7701.08483454,722.77450453,722.74899006,0.02285109,1910.02526211,79,0
7703.80873555,7703.80986721,794.77260743,794.74259072,0.02147794,1912.89845248,79,0
7707.88984939,7707.88634351,903.54225712,903.63634296,0.15159592,1917.07387063,79,0
7714.43272025,7714.43370214,1080.95835956,1080.93149926,0.05045966,1923.43334947,79,0
7715.02198056,7715.02104205,1097.03942163,1097.06514052,0.09257834,1923.98508412,79,0
7731.81923574,7731.81839196,1569.96084891,1569.98527319,0.09531104,1938.16081421,79,0
7732.79390030,7732.79608446,1598.30640512,1598.24298087,0.14983895,1938.88561454,79,0
7738.39729314,7738.39614946,1762.54463118,1762.57850753,0.08768045,1942.82776250,79,0
7742.24997400,7742.24912096,1877.48223125,1877.50786115,0.03124162,1945.30793048,79,0
7743.90532517,7743.90789405,1927.48059733,1927.40293596,0.09169505,1946.31374537,79,0
7745.48127616,7745.47984113,1975.14450131,1975.18815371,0.09693540,1947.23677948,79,0
7747.65579163,7747.65807071,2041.66069510,2041.59082406,0.04580775,1948.45405298,79,0
7748.17887556,7748.18020958,2057.68559575,2057.64460796,0.04105512,1948.73693182,79,0
7748.65265784,7748.65056428,2072.15241078,2072.21687080,0.09563581,1948.98985699,79,0
7751.26940579,7751.26921708,2153.20368044,2153.20955140,0.04145432,1950.32887478,79,0
7752.75330387,7752.75067832,2199.44262422,2199.52480102,0.08250840,1951.04374161,79,0
7753.90880264,7753.90936418,2235.79790375,2235.78024347,0.07964069,1951.57752236,79,0
7754.96375089,7754.96261071,2268.98901943,2269.02502909,0.06473893,1952.04705303,79,0
7757.53895852,7757.53682801,2350.73255533,2350.80055994,0.05516992,1953.12088860,79,0
7758.72828660,7758.72775174,2388.84901455,2388.86618121,0.05175895,1953.58140363,79,0
7766.53575894,7766.53592304,2643.77796952,2643.77251708,0.07001574,1956.02101602,79,0
7767.29006327,7767.28950481,2668.86160485,2668.88022765,0.06369801,1956.20065019,79,0
7774.08883127,7774.08900650,2899.32605601,2899.32001938,0.01410520,1957.34098551,79,0
7775.39467285,7775.39379170,2944.42162939,2944.45218799,0.11666958,1957.45692165,79,0
7782.74981406,7782.75004676,3204.50510153,3204.49671041,0.05034709,1957.43912123,79,0
7789.08943407,7789.08707536,3437.10401801,3437.19218562,0.21832159,1956.43146808,79,0
7790.22233488,7790.22337151,3479.73007019,3479.69105411,0.12687309,1956.14617405,79,0
7791.90790987,7791.90644987,3543.39112364,3543.44661313,0.19001789,1955.65949109,79,0
7793.19882442,7793.19954847,3592.73938831,3592.71163580,0.08299894,1955.23516478,79,0
7797.38110478,7797.37594580,0.00000000,3755.13867664,0.08553641,1953.53795310,79,0
7800.35739343,7800.35812744,3873.48597680,3873.45650717,0.10714508,1952.01332406,79,0
7805.28843587,7805.28408537,0.00000000,4074.92429864,0.12338022,1948.85730267,79,0
7774.08905147,7774.08949619,75.98512334,75.97429532,0.01149419,1952.34750260,78,0
7800.35772408,7800.35868306,736.93171178,736.90675237,0.04367153,1982.87602942,78,0
7806.26903709,7806.26975392,892.08973505,892.07075611,0.09110418,1988.94922702,78,0
7808.68015977,7808.68431792,956.23815799,956.12732589,0.26618679,1991.33549466,78,0
7814.84273461,7814.84279956,1121.87726911,1121.87550632,0.04120944,1997.18232635,78,0
7815.98815090,7815.98730364,1152.99859341,1153.02167383,0.06372094,1998.22829178,78,0
7823.12543973,7823.12868178,1349.70871855,1349.61841156,0.04487899,2004.44584496,78,0
7824.04218236,7824.04152803,1375.16606320,1375.18434464,0.03688202,2005.20561774,78,0
7828.47717916,7828.47661494,1499.96785991,1499.98385553,0.08239017,2008.75337297,78,0
7830.05671996,7830.05756766,1544.89828528,1544.87413029,0.07858216,2009.96413567,78,0
7830.53261800,7830.53312552,1558.46134195,1558.44685466,0.02188817,2010.32340650,78,0
7831.42276627,7831.42276198,1583.89490472,1583.89502772,0.11089131,2010.98850298,78,0
7833.86170075,7833.85743542,1653.89646619,1654.01960480,0.10889208,2012.76374681,78,0
7841.51290740,7839.66721586,0.00000000,1877.92441916,0.74889579,2017.86745050,78,0
7839.87466706,7839.87551109,1829.48397049,1829.45907783,0.02378733,2016.83563665,78,0
7842.90090662,7842.89484958,0.00000000,1919.21245913,0.10239786,2018.71468735,78,0
7850.42516761,7850.42743428,2146.91166547,2146.84208738,0.08299677,2022.86079100,78,0
7853.55184379,7853.55031110,2243.39284247,2243.44048471,0.07281609,2024.35165522,78,0
7854.98373488,7854.98224710,2288.03330652,2288.07983182,0.05102688,2024.98651757,78,0
7858.58909943,7858.58451665,0.00000000,2401.66287565,0.15001576,2026.44769144,78,0
7859.76488303,7859.76504421,2439.08449265,2439.07935056,0.08418624,2026.88053844,78,0
7861.25905553,7861.25953819,2486.92711110,2486.91160935,0.08665361,2027.39887094,78,0
7863.08247409,7863.08267736,2545.70767958,2545.70110076,0.08785042,2027.98211351,78,0
7865.67842907,7865.67713143,2630.17168224,2630.21417436,0.07521024,2028.71651996,78,0
7875.23632106,7875.23403741,2950.30449679,2950.38277772,0.05469748,2030.38462719,78,0
7879.69065347,7879.69016341,3104.80632119,3104.82350495,0.13733164,2030.55809216,78,0
7881.13932732,7881.13850708,3155.79258259,3155.82157448,0.07203492,2030.52501235,78,0
7885.36529085,7885.36321161,3306.81456957,3306.88976792,0.08451913,2030.16342528,78,0
7885.83792273,7885.84207144,0.00000000,3324.00893239,0.10671069,2030.09756699,78,0
7887.72592355,7887.72607626,3392.84358011,3392.83798186,0.12733578,2029.78160570,78,0
7888.01963997,7888.01983413,3403.62173919,3403.61460949,0.04548099,2029.72471156,78,0
7888.47778194,7888.46985414,0.00000000,3420.45939547,0.21870990,2029.63175323,78,0
7896.58987972,7896.58745743,3726.38968312,3726.48338268,0.07666074,2027.08631999,78,0
7897.27613590,7897.27233200,0.00000000,3753.09138796,0.10942399,2026.78814156,78,0
7899.27167475,7899.27084337,3831.10751650,3831.14023977,0.09411751,2025.84242083,78,0
7899.95534226,7899.95706230,3858.17891491,3858.11090647,0.06607490,2025.49095217,78,0
7901.72791086,7901.72835180,3928.65434991,3928.63670215,0.08000802,2024.51196322,78,0
7881.13572971,7881.13824468,223.28584144,223.22450483,0.02080061,2033.75659008,77,0
7885.83743861,7885.84083479,338.65588733,338.57209232,0.11389505,2039.35685970,77,0
7888.46824087,7888.46434907,403.59849963,403.69515393,0.13084671,2042.41680799,77,0
7896.58780153,7896.58974867,607.50249828,607.45312820,0.07065052,2051.51728298,77,0
7897.27017768,7897.26956836,624.75635899,624.77183902,0.14814262,2052.25776052,77,0
7899.26988117,7899.27088913,675.72845198,675.70271608,0.04627382,2054.40542010,77,0
7901.72748510,7901.72681242,738.66245900,738.67974915,0.03235225,2056.99930751,77,0
7907.38353870,7907.37969706,885.14565704,885.24598645,0.10485515,2062.77211952,77,0
7910.84345731,7910.84259704,976.03184292,976.05453661,0.07290744,2066.16383411,77,0
7917.37479371,7917.37393719,1149.93830500,1149.96133514,0.04421067,2072.26497696,77,0
7924.30704059,7924.30677199,1338.33564398,1338.34302064,0.03166483,2078.29036394,77,0
7924.81173240,7924.81083840,1352.19015408,1352.21474592,0.04946603,2078.71008944,77,0
7927.82197772,7927.82111924,1435.40345650,1435.42729591,0.03674151,2081.15895855,77,0
7929.10269253,7929.10499481,1471.13663910,1471.07241580,0.03648098,2082.17181522,77,0
7930.06095505,7930.06284188,1497.90019884,1497.84739530,0.07036100,2082.91837173,77,0
7930.45469928,7930.45403754,1508.85463781,1508.87317939,0.04387976,2083.22224507,77,0
7931.81147728,7931.81084861,1546.95124258,1546.96893516,0.07875130,2084.25621664,77,0
7935.94987667,7935.94805825,1664.20651712,1664.25841594,0.06245302,2087.28424672,77,0
7937.17043219,7937.17024281,1699.15941013,1699.16483720,0.06884795,2088.14013632,77,0
7937.90168673,7937.90314612,1720.19044459,1720.14851092,0.04030618,2088.64465241,77,0
7938.33379836,7938.33691270,1732.67327284,1732.58365082,0.05216093,2088.94009263,77,0
7939.57702473,7939.57741602,1768.44134150,1768.43003242,0.03889583,2089.77700142,77,0
7942.08144084,7942.08188498,1841.15233312,1841.13938183,0.03989177,2091.40730067,77,0
7944.73097020,7944.73110088,1918.78732828,1918.78348019,0.07049661,2093.04878143,77,0
7954.68422165,7954.68457527,2217.44219325,2217.43137326,0.05267120,2098.40483781,77,0
7955.76893378,7955.77255536,2250.79449152,2250.68322970,0.15771919,2098.90709817,77,0
7960.95096121,7960.95252399,2411.62775369,2411.57870495,0.04839929,2101.07083873,77,0
7961.27967172,7961.27754908,2421.83544188,2421.90214929,0.09255962,2101.19458005,77,0
7963.23923416,7963.23890166,2483.73961248,2483.75015183,0.05232751,2101.89778779,77,0
7964.13084951,7964.13179655,2512.09540453,2512.06527377,0.07098661,2102.19791427,77,0
7967.90228777,7967.90377565,2633.08479299,2633.03666899,0.12203274,2103.32573252,77,0
7969.93143672,7970.14497796,0.00000000,2698.98675584,0.07405268,2103.83509664,77,0
7971.46504948,7971.46590679,2749.26106703,2749.23287595,0.05329469,2104.17316422,77,0
7974.98619045,7974.98633097,2865.98750496,2865.98280602,0.06136308,2104.79152150,77,0
7978.54570156,7978.54857163,2986.11435208,2986.01670705,0.10607952,2105.18324988,77,0
7982.04231023,7982.04285748,3106.06087703,3106.04192803,0.08663285,2105.32710535,77,0
7982.76305034,7982.75862682,0.00000000,3131.04392381,0.16614782,2105.32583422,77,0
7983.92012168,7983.91943616,3171.36822464,3171.39219724,0.05039356,2105.30104190,77,0
7984.87599483,7984.87564941,3204.89266549,3204.90480981,0.10280526,2105.25908833,77,0
7990.56928583,7990.57018087,3408.22098243,3408.18850866,0.06839462,2104.58841188,77,0
8002.99058652,8002.99087115,3876.03012677,3876.01898109,0.10342704,2100.31584599,77,0
8005.94587456,8005.94920124,3993.05403325,3992.92110017,0.13417197,2098.65003671,77,0
7978.55165166,7978.55074785,72.97391811,72.99536430,0.05435553,2101.90596292,76,0
7983.92613491,7983.92358128,201.25871657,201.32007272,0.06340109,2108.45558250,76,0
8037.91823986,8037.92187282,1595.84172969,1595.74020620,0.06509942,2161.67252018,76,0
8038.47649236,8038.47539831,1611.31495701,1611.34558568,0.04293765,2162.08008820,76,0
8049.60180241,8049.60274338,1928.88950291,1928.86211690,0.06943173,2169.46430694,76,0
8049.93020567,8049.93077715,1938.44177171,1938.42512114,0.01700951,2169.65984681,76,0
8058.39113809,8058.38946329,2188.84283617,2188.89323140,0.04689232,2174.22256773,76,0
8058.81511641,8058.81831324,2201.76365868,2201.66732344,0.09548753,2174.42644491,76,0
8059.20938449,8059.20980200,2213.56863909,2213.55603414,0.03538759,2174.61368012,76,0
8065.01477415,8065.01332767,2390.77005988,2390.81475604,0.09087646,2177.11843644,76,0
8071.31969566,8071.31691004,2588.14126742,2588.22967200,0.05741140,2179.27635385,76,0
8073.60656406,8073.60545740,2661.12699991,2661.16247887,0.12906802,2179.90564781,76,0
8078.10659659,8078.10531280,2806.87941733,2806.92143305,0.07443982,2180.89265517,76,0
8080.47450515,8080.47755674,2884.94721367,2884.84622574,0.07880954,2181.27268483,76,0
8080.87259562,8080.87565800,2898.13448290,2898.03294442,0.12811063,2181.32683984,76,0
8087.05838279,8087.05897800,3106.30127268,3106.28092761,0.05306783,2181.79345880,76,0
8087.66843016,8087.67107714,3127.25442253,3127.16364133,0.10255402,2181.80002981,76,0
8088.09693921,8088.10396012,0.00000000,3141.87745003,0.15579447,2181.80026898,76,0
8089.00234367,8089.00378723,3173.12328243,3173.07343795,0.07702156,2181.78877913,76,0
8097.51834887,8097.52149616,3474.13463219,3474.02074943,0.17885402,2180.84424673,76,0
8103.24906170,8103.24745494,3684.86266010,3684.92284253,0.07881234,2179.28863853,76,0
8110.11790815,8110.11762872,3947.78338147,3947.79431726,0.16410664,2176.33096775,76,0
8111.84298820,8111.84325392,4015.73273982,4015.72221997,0.06715849,2175.38460546,76,0
8088.99292810,8088.99648508,168.54758435,168.46349066,0.15575710,2184.48864811,75,0
8098.30243156,8098.30465299,391.03348905,390.97979433,0.12689403,2195.37962957,75,0
8110.12317258,8110.12221788,680.92135419,680.94512242,0.11702010,2208.29756957,75,0
8111.84266401,8111.84306736,723.87497879,723.86488929,0.03086129,2210.08755010,75,0
8148.38541540,8148.38568140,1687.39427437,1687.38685695,0.03278371,2242.03410956,75,0
8149.41456451,8149.41710673,1716.20592749,1716.13478641,0.05919774,2242.74575643,75,0
8158.19841677,8158.20018504,1965.78595294,1965.73491479,0.11613572,2248.33757110,75,0
8158.54769697,8158.55069953,1975.91059738,1975.82383440,0.06285731,2248.54146134,75,0
8161.94193626,8161.94263101,2074.52203038,2074.50170103,0.01749160,2250.44500340,75,0
8164.58978452,8164.59078064,2152.39932449,2152.36988652,0.05194032,2251.83096772,75,0
8166.95413468,8166.95784943,2222.68523427,2222.57444336,0.20791218,2252.99268027,75,0
8172.08286248,8172.08254378,2377.07785732,2377.08755799,0.09255593,2255.25595235,75,0
8175.26882222,8175.26777526,2474.67555637,2474.70785230,0.01473730,2256.47767158,75,0
8178.44811307,8178.45018633,2573.48518191,2573.42038140,0.05185776,2257.54899544,75,0
8180.38273854,8180.38362528,2634.17186051,2634.14391131,0.09913012,2258.12601092,75,0
8182.62656939,8182.62612474,2705.21513148,2705.22928981,0.09728304,2258.72205900,75,0
8185.51144678,8185.51024602,2797.64570079,2797.68443571,0.05101738,2259.36901634,75,0
8187.80688309,8187.80801724,2872.17206623,2872.13508199,0.05350205,2259.78447203,75,0
8189.73103494,8189.73350008,2935.22598663,2935.14487794,0.08867856,2260.06246977,75,0
8192.47801409,8192.47964587,3026.17643889,3026.12202741,0.08028768,2260.34467047,75,0
8196.08536763,8196.08466599,3147.47941750,3147.50324422,0.11280934,2260.50159103,75,0
8209.18259556,8209.18221164,3608.18789854,3608.20190795,0.16037045,2258.80404395,75,0
8212.55326662,8212.55025314,3732.34595193,3732.45818475,0.22800337,2257.72180965,75,0
8214.51153618,8214.51345000,3805.92554814,3805.85340967,0.06241320,2256.95734310,75,0
8219.27885550,8219.27910231,3988.42009081,3988.41048686,0.27329293,2254.65129687,75,0
8192.48110176,8192.47870881,33.38498097,33.44009353,0.02580394,2257.13895942,74,0
8214.51636761,8214.51529222,553.96550838,553.99159323,0.03493310,2282.56849770,74,0
8234.21532628,8234.21409470,1044.17903053,1044.21050333,0.04661051,2302.33332993,74,0
8238.02480640,8238.02558248,1142.09252643,1142.07247745,0.04611015,2305.79257014,74,0
8246.39283056,8246.39182761,1360.90147157,1360.92802995,0.10015988,2312.94259533,74,0
8248.57728536,8248.57551107,1418.92767911,1418.97497327,0.10447514,2314.70306350,74,0
8254.37936887,8254.37658966,1574.99907428,1575.07454834,0.04786705,2319.15459125,74,0
8255.11503414,8255.11151888,1594.98814730,1595.08382652,0.06743575,2319.69539814,74,0
8259.24427251,8259.24538393,1708.25878969,1708.22812720,0.06508527,2322.62602833,74,0
8268.65436153,8268.65473013,1972.09520739,1972.08469902,0.05299415,2328.61918727,74,0
8273.96158069,8273.96328067,2124.86499413,2124.81558738,0.03892412,2331.55036762,74,0
8274.58828739,8274.58796908,2143.04073266,2143.05000445,0.09253100,2331.87397068,74,0
8276.91958226,8276.92023507,2211.28793387,2211.26874264,0.12753066,2333.03479982,74,0
8282.04085355,8282.03948175,2363.23857028,2363.27969121,0.04252752,2335.33863256,74,0
8287.40063465,8287.40150931,2525.77905156,2525.75224686,0.05651044,2337.36952500,74,0
8288.16103471,8288.16049102,2549.07424662,2549.09095970,0.10204259,2337.62464928,74,0
8288.77262360,8288.77289349,2567.92391731,2567.91559927,0.09800260,2337.82373017,74,0
8293.34442270,8293.34727512,2710.32584559,2710.23616302,0.11146116,2339.13534996,74,0
8293.55490925,8293.55467636,2716.84275311,2716.85008287,0.09680733,2339.18799474,74,0
8295.97387525,8295.97381313,2793.38957395,2793.39155026,0.14807407,2339.74357304,74,0
8297.91707077,8297.91604653,2855.45939975,2855.49228145,0.05535030,2340.12175251,74,0
8298.68669039,8298.68526676,2880.19748806,2880.24334919,0.05331414,2340.25436427,74,0
8305.84371123,8305.83969256,3114.60493990,3114.73892415,0.03616893,2340.99871792,74,0
8307.46261521,8307.46695219,0.00000000,3168.93721036,0.13000314,2341.03905254,74,0
8308.37996069,8308.37762736,3199.76338499,3199.84218478,0.20243470,2341.03992795,74,0
8311.79668201,8311.79881755,3316.33074649,3316.25733154,0.08434913,2340.89902383,74,0
8312.06407933,8312.06051589,3325.33654650,3325.45922985,0.05351686,2340.87817064,74,0
8314.81928781,8314.81992443,3421.05109152,3421.02884027,0.05493014,2340.57747644,74,0
8323.71094137,8323.70917327,3739.71543265,3739.78050004,0.05786883,2338.46633162,74,0
8325.83197722,8325.83290852,3818.37111831,3818.33640479,0.07889820,2337.68448385,74,0
8327.34004589,8327.33810079,3874.74708022,3874.82028592,0.07368832,2337.05847567,74,0
8327.72719773,8327.72661966,3889.38924424,3889.41106048,0.09462431,2336.88809146,74,0
8331.06165500,8331.06331395,4016.70178653,4016.63781440,0.08534224,2335.25155234,74,0
8317.21469239,8317.21675012,321.60306286,321.55496750,0.03222008,2353.57802394,73,0
8323.70866418,8323.70672044,474.48343182,474.52957729,0.08127866,2360.80871617,73,0
8325.83219986,8325.82825494,524.97165518,525.06578239,0.07942613,2363.11165367,73,0
8393.23298041,8393.23377423,2297.19917099,2297.17588942,0.02538205,2416.72552398,73,0
8440.38469793,8440.37781815,0.00000000,3837.59217659,0.20866353,2420.48057190,73,0
8440.85453306,8440.85636416,3855.02551237,3854.95775388,0.18764494,2420.29881460,73,0
8500.00200593,8500.00144009,2019.10164311,2019.11743017,0.05481940,2496.24826953,72,0
8537.87516901,8537.87495556,3158.83608020,3158.84305316,0.09393802,2508.61159725,72,0
8599.75760997,8599.76009647,1487.85279658,1487.78862674,0.30868422,2569.60558198,71,0
8600.69859091,8600.69908414,1512.11905172,1512.10628844,0.12549473,2570.32058818,71,0
8661.71324477,8661.71221885,3276.08260530,3276.11625157,0.06611224,2595.78700116,71,0
8676.73773665,8676.73715003,3789.11667835,3789.13756410,0.04544010,2593.59052796,71,0
8746.54872088,8746.54855654,2120.73421030,2120.73872966,0.02084451,2674.08971948,70,0
8776.17531770,8776.18348014,0.00000000,2983.44692878,0.08809168,2684.73545231,70,0
8805.81660517,8805.81723550,3972.84858697,3972.82573635,0.06524673,2681.73861645,70,0
8806.27338574,8806.26861755,0.00000000,3989.38516240,0.05189186,2681.54898169,70,0
8805.81746502,8805.81902718,465.06778662,465.03272837,0.04530769,2710.29450583,69,0
8810.21138791,8810.20998617,564.09504087,564.12681825,0.03224345,2714.88167623,69,0
8905.29699487,8905.29965635,3043.40026781,3043.31833498,0.02714076,2776.98252501,69,0
8972.38431723,8972.38316024,1322.68193036,1322.71000063,0.07588239,2838.51952171,68,0
8995.72617201,8995.72551701,1908.76176454,1908.77881063,0.02398738,2855.21950561,68,0
9072.50084933,9072.50394104,548.80728920,548.73930535,0.03485601,2904.19469255,67,0
9083.98421496,9083.98325710,804.56956932,804.59119973,0.10899236,2915.50337070,67,0
9104.25970358,9104.24877623,0.00000000,1274.30071350,0.14471299,2933.50058994,67,0
9148.09496322,9148.09596766,2387.76422368,2387.73682561,0.02347135,2961.70884412,67,0
9236.52791706,9236.52942116,1142.56588481,1142.53115779,0.06967492,3028.17696744,66,0
9253.26433886,9253.26615090,1537.70848304,1537.66471521,0.06096709,3041.48503935,66,0
9266.22316312,9266.22663440,1856.81645066,1856.72930778,0.13469143,3050.39388636,66,0
9268.53846469,9268.53585325,1914.99527885,1915.06132291,0.03413937,3051.84543248,66,0
9272.77549694,9272.77633468,2022.94362246,2022.92215844,0.05931995,3054.38525779,66,0
9280.12385493,9280.31134332,0.00000000,2213.56475507,0.08806400,3058.41658547,66,0
9292.52952638,9292.53064430,2546.63534549,2546.60465733,0.15491179,3064.05537134,66,0
9317.57257670,9317.56901492,3269.96192293,3270.07050395,0.05558540,3070.13307183,66,0
9375.42304158,9375.42236967,1070.12198385,1070.13714143,0.04801077,3127.77242002,65,0
9386.88646668,9386.88578502,1332.56698261,1332.58282102,0.10610751,3137.30371195,65,0
9434.17450868,9434.17404620,2511.71308612,2511.72553553,0.06374733,3166.44011176,65,0
9623.18584390,9623.18286196,3713.92344307,3714.01807305,0.12278699,3279.85910755,64,0
9628.99191187,9628.99227936,3901.15722560,3901.14518895,0.06372795,3278.93927359,64,0
9854.82824759,9854.82859426,1643.74604852,1643.73807157,0.06442600,3474.02027017,62,0
9896.17514040,9896.17876828,2656.85997541,2656.76487838,0.08199756,3496.77023395,62,0
10443.36330477,10443.36872407,0.00000000,3858.17014983,0.10950881,3866.21972049,59,0
5168.09285040,5168.09472656,0.00000000,1216.00000000,0.00000000,1.54219799,118,4
5169.32870689,5169.31738281,0.00000000,1267.00000000,0.00000000,2.30591136,118,4
5170.02822363,5170.02636719,0.00000000,1296.00000000,0.00000000,2.75222274,118,4
5171.10904705,5171.13134766,0.00000000,1341.00000000,0.00000000,3.45869245,118,4
5171.65929009,5171.66259766,0.00000000,1364.00000000,0.00000000,3.82512085,118,4
5172.08888679,5172.07324219,0.00000000,1382.00000000,0.00000000,4.11392481,118,4
5173.53802271,5173.55371094,0.00000000,1443.00000000,0.00000000,5.10226549,118,4
5175.14120824,5175.11230469,0.00000000,1511.00000000,0.00000000,6.21225202,118,4
5175.28204542,5175.28222656,0.00000000,1517.00000000,0.00000000,6.31019168,118,4
5175.70395293,5175.68408203,0.00000000,1535.00000000,0.00000000,6.60374331,118,4
5175.82098864,5175.81103516,0.00000000,1540.00000000,0.00000000,6.68519237,118,4
5176.26508646,5176.24023438,0.00000000,1559.00000000,0.00000000,6.99420542,118,4
5176.75475599,5176.76611328,0.00000000,1580.00000000,0.00000000,7.33459558,118,4
5177.35930275,5177.35351562,0.00000000,1606.00000000,0.00000000,7.75385029,118,4
5177.84620810,5177.84521484,0.00000000,1627.00000000,0.00000000,8.09030496,118,4
5178.40115793,5178.40283203,0.00000000,1651.00000000,0.00000000,8.47198494,118,4
5178.93146929,5178.91796875,0.00000000,1674.00000000,0.00000000,8.83448844,118,4
5179.06956735,5179.06494141,0.00000000,1680.00000000,0.00000000,8.92847472,118,4
5179.78146466,5179.77832031,0.00000000,1711.00000000,0.00000000,9.40986158,118,4
5182.17267434,5182.16357422,0.00000000,1816.00000000,0.00000000,10.97709494,118,5
5183.96813221,5183.97021484,0.00000000,1895.75000000,0.00000000,12.08621703,118,3
5184.51053442,5184.53320312,0.00000000,1920.00000000,0.00000000,12.40712138,118,4
5185.44603001,5185.43310547,0.00000000,1962.00000000,0.00000000,12.94314452,118,5
5185.89241384,5185.89746094,0.00000000,1982.11999512,0.00000000,13.19061317,118,3
5187.85063429,5187.85742188,0.00000000,2071.00000000,0.00000000,14.20617562,118,5
5188.78179166,5188.78222656,2113.63061609,2113.61065213,0.01858425,14.64524823,118,0
5192.31446383,5192.31787109,0.00000000,2277.52221680,0.00000000,16.01604588,118,3
5195.27271628,5195.27197266,0.00000000,2417.57299805,0.00000000,16.75378799,118,3
5195.38622719,5195.39208984,0.00000000,2423.00000000,0.00000000,16.77391691,118,4
5195.90435082,5195.90429688,2447.80748534,2447.81007422,0.04354876,16.85774792,118,0
5197.26056016,5197.26074219,2513.20383122,2513.19501675,0.03517690,17.01382267,118,0
5198.69509800,5198.68359375,0.00000000,2583.00000000,0.00000000,17.07580021,118,5
5200.24829393,5200.24755859,2659.28973794,2659.32607843,0.03608728,17.01939206,118,0
5200.61185573,5200.61181641,2677.31494459,2677.31689285,0.02883481,16.98724600,118,0
5200.76640379,5200.77441406,0.00000000,2685.00000000,0.00000000,16.97133483,118,5
5206.60883107,5206.60156250,0.00000000,2981.00000000,0.00000000,15.39337787,118,4
5207.22540961,5207.22851562,0.00000000,3013.00000000,0.00000000,15.11568144,118,4
5207.94647258,5207.94531250,0.00000000,3050.61767578,0.00000000,14.76457784,118,3
5208.56392969,5208.53417969,0.00000000,3083.00000000,0.00000000,14.44163825,118,4
5209.22791338,5209.25146484,0.00000000,3118.00000000,0.00000000,14.07179677,118,4
5211.18012145,5211.17480469,0.00000000,3222.00000000,0.00000000,12.85357163,118,4
5212.67904138,5212.68115234,0.00000000,3303.00000000,0.00000000,11.79334148,118,4
5211.17545254,5211.17480469,1171.63065295,1171.65695520,0.02284476,32.35891886,117,0
5212.68118036,5212.68115234,1233.00288171,1233.00402713,0.02745035,34.00870635,117,0
5218.04783349,5218.04882812,1455.30787541,1455.26614603,0.02692635,39.40996556,117,0
5219.96275668,5219.97998047,0.00000000,1536.00000000,0.00000000,41.14474365,117,4
5220.56330475,5220.56298828,1561.46577388,1561.47922278,0.01495482,41.66676836,117,0
5221.44429922,5221.41699219,0.00000000,1599.00000000,0.00000000,42.41314639,117,4
5222.38087608,5222.37988281,1639.03169798,1639.07430405,0.03617359,43.18080567,117,0
5229.68034559,5229.68017578,1958.34340017,1958.35097770,0.02276344,48.19481594,117,0
5232.61224778,5232.61572266,0.00000000,2090.29150391,0.00000000,49.68803582,117,2
5233.46300291,5233.47021484,0.00000000,2129.00000000,0.00000000,50.06127468,117,5
5234.68257030,5234.68212891,2184.79964046,2184.81992438,0.03699967,50.54754351,117,0
5239.36271827,5239.36132812,0.00000000,2403.00000000,0.00000000,51.85757035,117,4
5240.27225710,5240.27197266,2446.12698694,2446.14052234,0.04482933,52.00497298,117,0
5241.01090086,5241.01074219,2481.36942966,2481.37701755,0.01801744,52.09799221,117,0
5241.65622110,5241.65576172,2512.27891781,2512.30097621,0.03391166,52.15934381,117,0
5243.30732133,5243.31005859,0.00000000,2592.02221680,0.00000000,52.23007048,117,3
5245.20994704,5245.20019531,0.00000000,2685.00000000,0.00000000,52.15348992,117,4
5245.29124171,5245.29638672,0.00000000,2689.00000000,0.00000000,52.14635593,117,4
5248.65718362,5248.65722656,2856.65530651,2856.65314096,0.05356912,51.56312016,117,0
5249.11561554,5249.11523438,2879.79019108,2879.80947509,0.04789464,51.43901607,117,0
5251.14007787,5251.12841797,0.00000000,2983.00000000,0.00000000,50.75798856,117,4
5252.34162953,5252.33447266,0.00000000,3045.00000000,0.00000000,50.24858432,117,4
5252.84219624,5252.82568359,0.00000000,3071.00000000,0.00000000,50.01265442,117,4
5254.21816731,5254.21777344,0.00000000,3143.00000000,0.00000000,49.29074667,117,4
5255.72232508,5255.72119141,3222.55100198,3222.61139252,0.06147556,48.37573129,117,0
5259.82378162,5259.82373047,3444.86981989,3444.87264132,0.05267043,45.17861149,117,0
5261.55296281,5261.56835938,0.00000000,3541.00000000,0.00000000,43.50651247,117,4
5262.91887104,5262.93652344,0.00000000,3618.00000000,0.00000000,42.04294464,117,4
5252.35206673,5252.33447266,0.00000000,1022.00000000,0.00000000,63.89440371,116,4
5253.63643330,5253.62695312,0.00000000,1073.00000000,0.00000000,65.41595320,116,4
5254.91348479,5254.91455078,0.00000000,1124.00000000,0.00000000,66.88847417,116,4
5255.13808682,5255.13720703,0.00000000,1133.00000000,0.00000000,67.14323521,116,4
5255.71103322,5255.72119141,0.00000000,1156.00000000,0.00000000,67.78733997,116,4
5259.82367155,5259.82373047,1322.90171854,1322.89930450,0.02870118,72.16133570,116,0
5261.56766596,5261.56835938,1394.67787756,1394.64922449,0.01630489,73.87925359,116,0
5262.93699363,5262.93652344,1451.38372751,1451.40328078,0.03876666,75.16874050,116,0
5264.05419171,5264.08593750,0.00000000,1498.00000000,0.00000000,76.18156269,116,4
5268.17608401,5268.17578125,1672.17647832,1672.18940781,0.03334234,79.60049403,116,0
5271.28374639,5271.25927734,0.00000000,1806.00000000,0.00000000,81.83232764,116,5
5274.39480931,5274.39404297,1942.18593911,1942.21977843,0.03533403,83.75119395,116,0
5274.60050119,5274.59960938,1951.26836478,1951.30779086,0.05961076,83.86651421,116,0
5275.58020082,5275.58642578,0.00000000,1994.74475098,0.00000000,84.39573733,116,2
5278.61489984,5278.61425781,2130.80479278,2130.83384097,0.04197103,85.81844335,116,0
5278.96783332,5278.96875000,2146.85969101,2146.81813236,0.05388484,85.96211013,116,0
5280.63948634,5280.66601562,0.00000000,2223.00000000,0.00000000,86.57907675,116,4
5282.53850488,5282.53808594,2310.44953228,2310.46894233,0.01399088,87.14923934,116,0
5283.85632814,5283.86474609,0.00000000,2371.77490234,0.00000000,87.46073623,116,2
5285.16379374,5285.16650391,0.00000000,2433.10375977,0.00000000,87.69964578,116,2
5291.09470675,5291.09423828,0.00000000,2718.00000000,0.00000000,87.85535269,116,4
5293.28920247,5293.28906250,2826.37170739,2826.37867531,0.03698884,87.50216259,116,0
5295.87009240,5295.87011719,2956.06345242,2956.06219488,0.07218034,86.78084841,116,0
5296.57643160,5296.56152344,0.00000000,2992.00000000,0.00000000,86.52338991,116,4
5297.75263263,5297.75244141,3052.23516753,3052.24501021,0.04809310,86.03577116,116,0
5298.34863065,5298.31835938,0.00000000,3083.00000000,0.00000000,85.75979099,116,5
5299.21653327,5299.21728516,3128.05569412,3128.01656024,0.07482145,85.32287571,116,0
5299.75077588,5299.75683594,0.00000000,3155.89331055,0.00000000,85.03268434,116,2
5302.00845887,5301.99804688,0.00000000,3275.00000000,0.00000000,83.62379288,116,5
5302.86929158,5302.87939453,0.00000000,3321.00000000,0.00000000,83.00639229,116,4
5304.94846012,5304.95898438,0.00000000,3433.49804688,0.00000000,81.32463007,116,3
5307.02659684,5307.05322266,0.00000000,3548.00000000,0.00000000,79.36273006,116,4
5308.43798731,5308.46289062,0.00000000,3627.00000000,0.00000000,77.86222144,116,5
5308.93383255,5308.94189453,0.00000000,3655.00000000,0.00000000,77.30164025,116,5
5311.74028182,5311.74414062,0.00000000,3816.00000000,0.00000000,73.78674177,116,4
5293.28192747,5293.28906250,0.00000000,837.60327148,0.00000000,94.08078805,115,2
5295.87006647,5295.87011719,937.75167829,937.74970515,0.02994499,97.40984588,115,0
5297.75261187,5297.75244141,1011.27756103,1011.28424569,0.02325202,99.72893503,115,0
5299.21567551,5299.21728516,1068.90757928,1068.84405574,0.04466049,101.47034837,115,0
5301.99834716,5301.99804688,1179.33343476,1179.34543385,0.02525067,104.63207751,115,0
5302.86381210,5302.87939453,0.00000000,1214.00000000,0.00000000,105.57459856,115,4
5304.94731529,5304.95898438,0.00000000,1298.00000000,0.00000000,107.76223922,115,4
5307.23059378,5307.21972656,0.00000000,1391.00000000,0.00000000,110.02442543,115,4
5308.44795655,5308.46289062,0.00000000,1441.00000000,0.00000000,111.17135081,115,5
5308.93290079,5308.94189453,0.00000000,1461.00000000,0.00000000,111.61656781,115,5
5309.77879988,5309.78759766,0.00000000,1496.00000000,0.00000000,112.37707619,115,4
5309.89935642,5309.90869141,0.00000000,1501.00000000,0.00000000,112.48378638,115,4
5310.21246847,5310.20214844,0.00000000,1514.00000000,0.00000000,112.75897108,115,4
5310.26059660,5310.28271484,0.00000000,1516.00000000,0.00000000,112.80101726,115,4
5311.10098422,5311.08642578,0.00000000,1551.00000000,0.00000000,113.52431413,115,4
5311.74303180,5311.74414062,1577.88284616,1577.83641705,0.02151644,114.06287988,115,0
5312.31926336,5312.34375000,0.00000000,1602.00000000,0.00000000,114.53591178,115,4
5313.47953146,5313.47949219,1650.86103663,1650.86269550,0.03602745,115.45804109,115,0
5314.00617647,5314.00683594,1673.16613756,1673.13820774,0.03577647,115.86314510,115,0
5314.38296725,5314.38232422,1689.08390667,1689.11119180,0.04938465,116.14774438,115,0
5316.69789425,5316.70654297,0.00000000,1787.94812012,0.00000000,117.79952393,115,2
5318.97437389,5318.97363281,1886.29556151,1886.32779035,0.02926495,119.25706625,115,0
5319.59018823,5319.58984375,1913.14139550,1913.15642826,0.05753730,119.62227362,115,0
5319.88429091,5319.90625000,0.00000000,1926.00000000,0.00000000,119.79221574,115,5
5324.37955081,5324.37939453,2124.93739233,2124.94439876,0.05889410,122.02040145,115,0
5324.89281540,5324.88134766,0.00000000,2148.00000000,0.00000000,122.22956361,115,4
5326.11159485,5326.12597656,0.00000000,2203.00000000,0.00000000,122.68740854,115,4
5326.62553879,5326.62500000,2226.28765690,2226.31213936,0.02721854,122.86398740,115,0
5326.91308848,5326.91308594,2239.38811021,2239.38822577,0.02669700,122.95847731,115,0
5327.75941124,5327.75878906,0.00000000,2278.00000000,0.00000000,123.21838723,115,5
5328.45736732,5328.45751953,2310.00082131,2309.99382899,0.04702239,123.41212795,115,0
5330.85204549,5330.85693359,0.00000000,2420.81958008,0.00000000,123.93177813,115,2
5270.53152656,5331.56298828,0.00000000,-1.00000000,0.00000000,58.43296948,115,4
5333.22922122,5333.23095703,2532.59103389,2532.50884699,0.04237771,124.21770538,115,0
5338.48906596,5338.50000000,0.00000000,2786.00000000,0.00000000,123.98095904,115,5
5339.72671976,5339.69824219,0.00000000,2847.00000000,0.00000000,123.74035873,115,4
5341.37325124,5341.38378906,0.00000000,2929.00000000,0.00000000,123.30460091,115,4
5341.98436734,5341.98388672,2959.65605713,2959.68024422,0.04311940,123.10843051,115,0
5345.06749840,5345.06738281,3116.67449665,3116.68045102,0.04018915,121.82192214,115,0
5347.85665328,5347.86474609,0.00000000,3262.00000000,0.00000000,120.20915382,115,5
5349.02770918,5349.04101562,0.00000000,3324.00000000,0.00000000,119.39740253,115,4
5349.45880991,5349.45898438,3346.97418946,3346.96487439,0.05878849,119.07793272,115,0
5352.61410326,5352.61474609,3517.78468767,3517.74941648,0.05740287,116.38286457,115,0
5353.31899676,5353.32470703,0.00000000,3556.54858398,0.00000000,115.69202099,115,2
5354.48005667,5354.47558594,0.00000000,3621.00000000,0.00000000,114.47999830,115,5
5355.23005394,5355.19873047,0.00000000,3663.00000000,0.00000000,113.64684772,115,4
5356.09845427,5356.09082031,0.00000000,3712.00000000,0.00000000,112.63157003,115,5
5357.13464937,5357.12597656,0.00000000,3771.00000000,0.00000000,111.34718454,115,4
5359.92678311,5359.90332031,0.00000000,3933.00000000,0.00000000,107.47190190,115,4
5338.49238574,5338.50000000,0.00000000,791.00000000,0.00000000,129.18358818,114,4
5339.85833730,5339.85009766,0.00000000,843.00000000,0.00000000,130.96515066,114,4
5345.06591470,5345.06738281,0.00000000,1044.00000000,0.00000000,137.38276494,114,4
5347.86701714,5347.86474609,0.00000000,1154.00000000,0.00000000,140.57717209,114,4
5349.45889428,5349.45898438,1217.12758900,1217.12400321,0.04040121,142.30808821,114,0
5352.61437733,5352.61474609,1343.64431378,1343.62942449,0.02126689,145.55147593,114,0
5353.31583276,5353.32470703,0.00000000,1372.00000000,0.00000000,146.23740462,114,4
5354.47267855,5354.47558594,0.00000000,1419.00000000,0.00000000,147.34023227,114,4
5355.20776368,5355.19873047,0.00000000,1449.00000000,0.00000000,148.02227874,114,4
5356.11079516,5356.09082031,0.00000000,1486.00000000,0.00000000,148.83994616,114,5
5357.12563814,5357.12597656,1527.78623516,1527.77227152,0.02588010,149.73180933,114,0
5357.66346858,5357.68017578,0.00000000,1550.00000000,0.00000000,150.19285005,114,4
5360.19850375,5360.19628906,1655.46543376,1655.55824244,0.05603949,152.25371624,114,0
5361.63332059,5361.64062500,0.00000000,1715.90722656,0.00000000,153.33629544,114,2
5362.64672341,5362.64648438,1758.78573778,1758.79588172,0.03268245,154.06327440,114,0
5364.06703507,5364.06640625,1819.27083336,1819.29772129,0.03013070,155.02883303,114,0
5365.10949875,5365.09814453,0.00000000,1864.00000000,0.00000000,155.69710059,114,4
5366.13002749,5366.11523438,0.00000000,1908.00000000,0.00000000,156.31736164,114,4
5316.77376193,5370.14599609,0.00000000,-1.00000000,0.00000000,96.09316958,114,4
5370.77504727,5370.77490234,2111.41296764,2111.41939885,0.01184149,158.70031703,114,0
5370.94052382,5370.93994141,2118.74024079,2118.76611006,0.05383528,158.77144929,114,0
5372.20248855,5372.20263672,2175.02754396,2175.02091396,0.05366103,159.28157765,114,0
5374.19636020,5374.19677734,2264.78734286,2264.76845928,0.03258002,159.96885827,114,0
5376.31615961,5376.31640625,2361.36484015,2361.35353170,0.02941204,160.53456217,114,0
5376.84741550,5376.84716797,2385.74479486,2385.75618589,0.04147785,160.64894548,114,0
5377.26458533,5377.26367188,2404.93681342,2404.97895816,0.08344142,160.73094034,114,0
5377.62528457,5377.62548828,2421.64764243,2421.63822389,0.02969882,160.79622049,114,0
5379.63149534,5379.66503906,0.00000000,2515.00000000,0.00000000,161.06274423,114,4
5380.33098901,5380.33105469,2547.83503598,2547.83194675,0.05406986,161.11641428,114,0
5380.60608036,5380.60595703,2560.77723939,2560.78305079,0.04206310,161.13185374,114,0
5382.86400503,5382.86718750,0.00000000,2668.00000000,0.00000000,161.13516885,114,5
5384.42429851,5384.42431641,2743.04084296,2743.03997762,0.07981569,161.00540293,114,0
5385.53580412,5385.53271484,0.00000000,2797.00000000,0.00000000,160.84492235,114,4
5385.78184459,5385.79833984,0.00000000,2809.00000000,0.00000000,160.80160076,114,5
5388.10832057,5388.10791016,2923.49230591,2923.51267184,0.02920417,160.24862636,114,0
5388.64091589,5388.64990234,0.00000000,2950.00000000,0.00000000,160.08477463,114,4
5389.54496753,5389.54882812,0.00000000,2995.19921875,0.00000000,159.77402338,114,3
5392.55636292,5392.57470703,0.00000000,3148.00000000,0.00000000,158.43318322,114,5
5394.07214868,5394.07177734,3226.25542104,3226.27471494,0.06154313,157.57318462,114,0
5394.68133706,5394.67626953,0.00000000,3258.00000000,0.00000000,157.19130513,114,4
5395.34992470,5395.37255859,0.00000000,3293.00000000,0.00000000,156.74774802,114,5
5395.47292211,5395.47119141,3299.36378398,3299.45472247,0.08377537,156.66339868,114,0
5396.26074774,5396.26074219,3340.98244750,3340.98274094,0.05726461,156.10175907,114,0
5397.61456370,5397.61425781,0.00000000,3413.00000000,0.00000000,155.05009155,114,4
5399.70790925,5399.70556641,0.00000000,3526.00000000,0.00000000,153.20194449,114,4
5400.20180206,5400.20214844,3552.97940107,3552.96045700,0.04960925,152.72536869,114,0
5400.67563929,5400.67529297,3578.91455281,3578.93358103,0.05747831,152.25329645,114,0
5401.11255215,5401.12304688,0.00000000,3603.00000000,0.00000000,151.80455042,114,5
5404.71341046,5404.70166016,0.00000000,3805.00000000,0.00000000,147.61025437,114,4
5409.05152618,5409.06445312,0.00000000,4058.00000000,0.00000000,141.28824863,114,4
5380.34072711,5380.33105469,0.00000000,590.00000000,0.00000000,159.00140515,113,4
5380.61200160,5380.60595703,0.00000000,600.00000000,0.00000000,159.38547143,113,4
5382.87945796,5382.86718750,0.00000000,684.00000000,0.00000000,162.54004589,113,4
5384.40662406,5384.42431641,0.00000000,741.00000000,0.00000000,164.60754022,113,4
5385.76516570,5385.79833984,0.00000000,792.00000000,0.00000000,166.40708810,113,4
5388.10787016,5388.10791016,880.60651104,880.60499060,0.01983965,169.42007428,113,0
5389.53468714,5389.54882812,0.00000000,935.00000000,0.00000000,171.19813198,113,4
5392.57517152,5392.57470703,0.00000000,1052.00000000,0.00000000,174.83703642,113,4
5394.07235531,5394.07177734,1110.15729897,1110.17982551,0.05433674,176.55182092,113,0
5395.37228976,5395.37255859,0.00000000,1161.00000000,0.00000000,177.99801324,113,4
5395.47209446,5395.47119141,1164.87817620,1164.91359883,0.06226760,178.10738079,113,0
5396.26044379,5396.26074219,1195.89958167,1195.88783706,0.03332273,178.96285883,113,0
5397.60548942,5397.61425781,0.00000000,1249.00000000,0.00000000,180.38791221,113,4
5399.71627852,5399.70556641,0.00000000,1333.00000000,0.00000000,182.53351331,113,4
5400.20227482,5400.20214844,1352.45131199,1352.45637672,0.01169048,183.01153181,113,0
5400.67158046,5400.67529297,0.00000000,1371.28674316,0.00000000,183.46737016,113,2
5404.70840691,5404.70166016,0.00000000,1535.00000000,0.00000000,187.14787597,113,4
5408.25865031,5408.25830078,1681.64857759,1681.66314502,0.02992082,190.01293147,113,0
5409.15742350,5409.15673828,1719.17848024,1719.20717113,0.03765614,190.68045304,113,0
5410.27155352,5410.25195312,0.00000000,1766.00000000,0.00000000,191.47472970,113,4
5410.36651174,5410.36816406,0.00000000,1770.00000000,0.00000000,191.54068530,113,4
5412.27300686,5412.27294922,1850.72101081,1850.72346386,0.02920196,192.80629367,113,0
5415.42461211,5415.42333984,0.00000000,1986.00000000,0.00000000,194.64718591,113,4
5416.94281376,5416.93847656,0.00000000,2052.00000000,0.00000000,195.41779447,113,4
5418.99151807,5418.99169922,2141.95635530,2141.94835494,0.05184468,196.33312631,113,0
5420.63517905,5420.63525391,2214.90363551,2214.90029631,0.05600274,196.96109960,113,0
5422.71013836,5422.71582031,0.00000000,2308.00000000,0.00000000,197.61355232,113,4
5423.15256021,5423.16992188,0.00000000,2328.00000000,0.00000000,197.73190877,113,4
5423.34372492,5423.34326172,2336.63673157,2336.65771935,0.03481083,197.78075119,113,0
5424.95411407,5424.95410156,0.00000000,2410.00000000,0.00000000,198.13651038,113,4
5424.99780568,5425.01123047,0.00000000,2412.00000000,0.00000000,198.14475835,113,4
5425.51558091,5425.51562500,2435.73777970,2435.73575480,0.04064481,198.23675177,113,0
5426.23803363,5426.23779297,0.00000000,2469.00000000,0.00000000,198.34738485,113,4
5427.18641416,5427.18652344,2512.89606475,2512.89099234,0.05094683,198.46069351,113,0
5427.91579642,5427.91601562,2546.83384845,2546.82362723,0.05013849,198.52281943,113,0
5429.11569466,5429.12939453,0.00000000,2603.00000000,0.00000000,198.57684345,113,5
5430.49236288,5430.46484375,0.00000000,2668.00000000,0.00000000,198.56339197,113,4
5430.59774004,5430.61376953,0.00000000,2673.00000000,0.00000000,198.55898252,113,4
5432.62184917,5432.62158203,2769.71986981,2769.73272506,0.04165654,198.37882475,113,0
5435.66177711,5435.66210938,2917.61470077,2917.59836917,0.02637256,197.75511678,113,0
5436.63512252,5436.63330078,2965.52911646,2965.61931978,0.06992643,197.46207669,113,0
5437.40310482,5437.40332031,3003.75831423,3003.74758432,0.03464016,197.19784616,113,0
5437.98911677,5438.01074219,0.00000000,3033.00000000,0.00000000,196.97620094,113,4
5438.89866374,5438.89941406,3078.68695901,3078.64916192,0.03520628,196.59751226,113,0
5439.64885611,5439.64892578,3116.53870334,3116.53517588,0.04038665,196.25288204,113,0
5441.36341860,5441.36376953,3203.96586734,3203.94785280,0.06047253,195.35285827,113,0
5442.11361355,5442.11376953,3242.57994382,3242.57189169,0.04406928,194.90862341,113,0
5442.72615975,5442.72705078,3274.31707433,3274.27084182,0.07071732,194.52274944,113,0
5444.63113341,5444.63134766,3373.90063550,3373.88934244,0.03902025,193.18535558,113,0
5450.99298702,5450.99316406,3718.62145202,3718.61158059,0.06294751,187.10447569,113,0
5453.73311501,5453.73388672,3873.41220825,3873.36804659,0.06794593,183.64698411,113,0
5427.17642211,5427.18652344,0.00000000,546.00000000,0.00000000,194.99104111,112,4
5427.78078589,5427.77001953,0.00000000,568.00000000,0.00000000,195.85875577,112,4
5427.89052108,5427.91601562,0.00000000,572.00000000,0.00000000,196.01555518,112,4
5432.62155379,5432.62158203,746.07582906,746.07478041,0.02364720,202.55042964,112,0
5435.66150003,5435.66210938,859.67575391,859.65284667,0.02063839,206.50885854,112,0
5436.62621309,5436.63330078,0.00000000,896.00000000,0.00000000,207.72453222,112,4
5437.20839585,5437.23437500,0.00000000,918.00000000,0.00000000,208.44829177,112,4
5437.39334209,5437.40332031,0.00000000,925.00000000,0.00000000,208.67667108,112,4
5438.89914785,5438.89941406,982.21682552,982.20668021,0.03641748,210.50852731,112,0
5439.65395512,5439.64892578,0.00000000,1011.00000000,0.00000000,211.40722956,112,5
5441.37429572,5441.36376953,0.00000000,1077.00000000,0.00000000,213.40826354,112,5
5442.11369889,5442.11376953,1105.52176602,1105.51903799,0.02316413,214.24748997,112,0
5442.72080233,5442.72705078,0.00000000,1129.00000000,0.00000000,214.92692996,112,4
5444.63143985,5444.63134766,1203.30240820,1203.30600899,0.01961329,217.00834115,112,0
5446.28147317,5446.30224609,0.00000000,1268.00000000,0.00000000,218.73539216,112,4
5447.92719468,5447.92724609,0.00000000,1333.00000000,0.00000000,220.39070412,112,4
5450.98272785,5450.99316406,0.00000000,1455.00000000,0.00000000,223.28098422,112,4
5452.02454327,5452.02539062,0.00000000,1497.00000000,0.00000000,224.21050625,112,4
5452.19767611,5452.17871094,0.00000000,1504.00000000,0.00000000,224.36216203,112,4
5452.51882701,5452.49218750,0.00000000,1517.00000000,0.00000000,224.64133305,112,4
5453.73417601,5453.73388672,1566.36030788,1566.37209806,0.01762717,225.67225370,112,0
5457.75811609,5457.77001953,0.00000000,1732.00000000,0.00000000,228.79111562,112,4
5458.80644632,5458.80712891,1775.72287427,1775.69434389,0.03275497,229.52658772,112,0
5460.48497843,5460.48437500,1846.13912195,1846.16456465,0.03774511,230.63586400,112,0
5463.25874478,5463.25341797,0.00000000,1964.00000000,0.00000000,232.27847309,112,4
5464.13107686,5464.13085938,2001.41368549,2001.42303700,0.01627246,232.74452926,112,0
5465.72373657,5465.72363281,2070.18653880,2070.19103993,0.04577244,233.53100575,112,0
5468.66791429,5468.68994141,0.00000000,2199.00000000,0.00000000,234.76028167,112,4
5471.66490080,5471.66601562,2332.42809166,2332.37804083,0.05231889,235.69789397,112,0
5472.27905534,5472.27929688,2360.00972580,2359.99884323,0.05665667,235.84941437,112,0
5474.04447554,5474.05664062,0.00000000,2440.00000000,0.00000000,236.20570052,112,4
5474.92007281,5474.92919922,0.00000000,2480.00000000,0.00000000,236.33780259,112,4
5476.25257619,5476.25537109,0.00000000,2541.29711914,0.00000000,236.48068830,112,2
5476.38805317,5476.38623047,2547.47435697,2547.55863169,0.19876889,236.49122726,112,0
5479.05627416,5479.07275391,0.00000000,2672.00000000,0.00000000,236.54472285,112,5
5480.26748410,5480.26708984,2729.19131044,2729.21001345,0.08157499,236.46969389,112,0
5480.59722522,5480.59716797,2744.86720991,2744.86993180,0.05699697,236.43822066,112,0
5482.41864780,5482.41357422,0.00000000,2832.00000000,0.00000000,236.17730632,112,4
5484.01625125,5484.02490234,0.00000000,2909.33520508,0.00000000,235.82392554,112,2
5484.66519450,5484.66796875,0.00000000,2941.00000000,0.00000000,235.64620024,112,4
5486.51335205,5486.51660156,0.00000000,3032.00000000,0.00000000,235.02867385,112,4
5489.01132615,5489.03320312,0.00000000,3157.00000000,0.00000000,233.92239784,112,4
5489.36715035,5489.36621094,0.00000000,3175.00000000,0.00000000,233.73851877,112,4
5490.15329546,5490.15380859,3214.97383090,3214.94767163,0.06884754,233.30834974,112,0
5490.45017243,5490.45019531,3230.10042338,3230.09925425,0.04063747,233.13723130,112,0
5490.60482880,5490.61376953,0.00000000,3238.00000000,0.00000000,233.04626577,112,5
5494.16931570,5494.16943359,3422.97737008,3422.97116140,0.05602752,230.57684597,112,0
5494.72958010,5494.72998047,3452.56609697,3452.54491439,0.04220085,230.12167903,112,0
5495.85245554,5495.85693359,0.00000000,3512.23095703,0.00000000,229.15246801,112,2
5497.66394004,5497.66406250,3609.76759111,3609.76094525,0.04808168,227.42330891,112,0
5500.78274357,5500.78320312,3781.49931188,3781.47364558,0.05751091,223.94149348,112,0
5501.17474533,5501.17529297,3803.43523921,3803.40454635,0.05169477,223.45670971,112,0
5502.79599318,5502.81005859,0.00000000,3895.00000000,0.00000000,221.33405369,112,5
5503.46105559,5503.47216797,0.00000000,3933.00000000,0.00000000,220.40711377,112,4
5504.22564692,5504.24853516,0.00000000,3977.00000000,0.00000000,219.29993377,112,4
5504.88124141,5504.89843750,0.00000000,4015.00000000,0.00000000,218.31450510,112,4
5505.83095066,5505.83105469,4070.52286963,4070.51675966,0.05841395,216.82619319,112,0
5475.10160948,5475.13720703,0.00000000,511.00000000,0.00000000,231.86428491,111,4
5476.24077966,5476.25537109,0.00000000,552.00000000,0.00000000,233.51395096,111,4
5476.37937049,5476.38623047,0.00000000,557.00000000,0.00000000,233.71292937,111,5
5480.59624838,5480.59716797,0.00000000,710.40313721,0.00000000,239.58530713,111,3
5483.99791255,5484.02490234,0.00000000,836.00000000,0.00000000,244.05822705,111,4
5486.08734799,5486.08349609,0.00000000,914.00000000,0.00000000,246.68430941,111,4
5489.37245408,5489.36621094,0.00000000,1038.00000000,0.00000000,250.61984263,111,4
5490.15338975,5490.15380859,1067.75609019,1067.74012082,0.07448702,251.52007634,111,0
5490.44876430,5490.45019531,0.00000000,1079.00000000,0.00000000,251.85650517,111,4
5490.60586009,5490.61376953,0.00000000,1085.00000000,0.00000000,252.03478774,111,4
5494.16996755,5494.16943359,1222.19665966,1222.21738032,0.03318951,255.92443996,111,0
5494.72951062,5494.72998047,1243.97519331,1243.95691737,0.03091728,256.50770187,111,0
5495.85867001,5495.85693359,0.00000000,1288.00000000,0.00000000,257.66171180,111,4
5497.66724613,5497.66406250,0.00000000,1359.00000000,0.00000000,259.44411282,111,4
5499.51126478,5499.52539062,0.00000000,1432.00000000,0.00000000,261.17644746,111,4
5500.78294772,5500.78320312,1482.71014164,1482.69992506,0.02796065,262.31977330,111,0
5501.17597411,5501.17529297,1498.40887478,1498.43617165,0.01438568,262.66466919,111,0
5502.80955289,5502.81005859,1564.16856105,1564.14813583,0.04455030,264.05386435,111,0
5503.47400772,5503.47216797,1590.95990402,1591.03444176,0.03610273,264.59852225,111,0
5505.83133348,5505.83105469,1687.07813486,1687.08956137,0.05645806,266.43181513,111,0
5508.44474026,5508.44970703,0.00000000,1794.92565918,0.00000000,268.28039863,111,3
5509.07056016,5509.06835938,1820.86916997,1820.96087393,0.05123257,268.69349410,111,0
5510.08939153,5510.08886719,1863.49574758,1863.51771198,0.01535750,269.34092086,111,0
5511.52443577,5511.52441406,1923.86651009,1923.86742643,0.04452120,270.19986463,111,0
5512.21590861,5512.21435547,1953.03971735,1953.10551102,0.07786082,270.59104933,111,0
5512.56705234,5512.59179688,0.00000000,1968.00000000,0.00000000,270.78406508,111,4
5514.20891676,5514.23144531,0.00000000,2038.00000000,0.00000000,271.63457905,111,4
5516.25216873,5516.26562500,0.00000000,2126.00000000,0.00000000,272.57136528,111,4
5516.40164123,5516.40478516,0.00000000,2132.47705078,0.00000000,272.63448744,111,2
5520.52267295,5520.52246094,2313.24524134,2313.25465392,0.04516317,274.07390166,111,0
5520.76862837,5520.76855469,2324.17864664,2324.18192256,0.04366804,274.14096190,111,0
5521.86307038,5521.87597656,0.00000000,2373.00000000,0.00000000,274.41278723,111,4
5523.28690114,5523.28662109,2436.97738952,2436.99003128,0.06364575,274.70036686,111,0
5524.70458720,5524.70166016,0.00000000,2501.27563477,0.00000000,274.91076998,111,3
5525.75350676,5525.75292969,2549.17607865,2549.20252911,0.05365378,275.01643579,111,0
5526.11850603,5526.11718750,2565.89122513,2565.95180070,0.06150430,275.04305139,111,0
5526.69094082,5526.69238281,0.00000000,2592.30566406,0.00000000,275.07411623,111,2
5528.05996874,5528.06689453,0.00000000,2655.72314453,0.00000000,275.09467864,111,2
5528.83070914,5528.83056641,2691.66002524,2691.66670101,0.03432910,275.07233821,111,0
5529.76309069,5529.76269531,2735.39321465,2735.41182318,0.03820987,275.01196767,111,0
5530.63463337,5530.63281250,0.00000000,2776.54931641,0.00000000,274.92195938,111,3
5531.61204772,5531.61230469,2822.98291638,2822.97066946,0.05658445,274.78170268,111,0
5532.23330550,5532.23388672,2852.67174909,2852.64392689,0.02450415,274.67055691,111,0
5533.13650553,5533.10888672,0.00000000,2896.00000000,0.00000000,274.47802362,111,4
5534.21211048,5534.22802734,0.00000000,2948.00000000,0.00000000,274.19991003,111,4
5534.66470220,5534.68359375,0.00000000,2970.00000000,0.00000000,274.06675142,111,4
5537.50857743,5537.50878906,3109.92891463,3109.91839503,0.04552738,273.00423914,111,0
5537.85833803,5537.87011719,0.00000000,3127.32348633,0.00000000,272.84600566,111,3
5538.67169508,5538.66748047,0.00000000,3167.99416528,0.05689882,272.45377771,111,0
5539.09464041,5539.09423828,3189.22505087,3189.24528344,0.05867445,272.23630668,111,0
5540.80016495,5540.80029297,3275.64584691,3275.63931853,0.04190443,271.26368087,111,0
5541.44911549,5541.44921875,3308.82696370,3308.82167036,0.04766578,270.85234427,111,0
5542.68484160,5542.68554688,3372.51956251,3372.48304181,0.04079969,270.00449455,111,0
5543.12089312,5543.12060547,3395.08880339,3395.10375304,0.06748416,269.68464951,111,0
5543.48400834,5543.47509766,0.00000000,3414.00000000,0.00000000,269.40999810,111,5
5544.42970803,5544.42968750,3463.49138492,3463.49246358,0.05169064,268.65841716,111,0
5547.66814504,5547.66064453,0.00000000,3636.00000000,0.00000000,265.67414675,111,5
5548.66312547,5548.67431641,0.00000000,3690.00000000,0.00000000,264.62351768,111,4
5549.71670412,5549.71679688,3747.73273138,3747.72762469,0.04988697,263.43894369,111,0
5552.91388575,5552.91357422,0.00000000,3926.40136719,0.00000000,259.37026078,111,2
5554.16358831,5554.16503906,3997.85013741,3997.76676326,0.04965552,257.57517952,111,0
5523.61288882,5523.64062500,0.00000000,466.00000000,0.00000000,269.16971021,110,4
5526.11912968,5526.11718750,555.15700822,555.22647843,0.02905799,272.74925433,110,0
5527.64641346,5527.63671875,0.00000000,610.00000000,0.00000000,274.87520345,110,4
5527.75759265,5527.77539062,0.00000000,614.00000000,0.00000000,275.02832324,110,4
5527.81316472,5527.84814453,0.00000000,616.00000000,0.00000000,275.10477411,110,4
5528.83048921,5528.83056641,652.69519803,652.69240899,0.01589362,276.49444973,110,0
5529.76374359,5529.76269531,686.42600196,686.46401060,0.03992526,277.75184453,110,0
5530.63183817,5530.63281250,0.00000000,718.00000000,0.00000000,278.90722830,110,4
5531.59201423,5531.61230469,0.00000000,753.00000000,0.00000000,280.16826342,110,5
5532.22103252,5532.23388672,0.00000000,776.00000000,0.00000000,280.98474951,110,4
5510.14777735,5537.50878906,0.00000000,-1.00000000,0.00000000,248.15588454,110,4
5538.66537273,5538.66748047,0.00000000,1015.00000000,0.00000000,288.89433524,110,4
5539.09463838,5539.09423828,1031.13993757,1031.15499831,0.03100507,289.39099968,110,0
5540.01874220,5540.03222656,0.00000000,1066.00000000,0.00000000,290.44583022,110,4
5540.80022342,5540.80029297,1095.58627672,1095.58364043,0.01932283,291.32374484,110,0
5541.44959871,5541.44921875,1120.21914363,1120.23358773,0.02713337,292.04286056,110,0
5542.68609209,5542.68554688,1167.34964774,1167.37048721,0.02330420,293.38659632,110,0
5543.12088373,5543.12060547,1183.99296198,1184.00361667,0.04169637,293.85090732,110,0
5543.47413476,5543.47509766,1197.57691304,1197.53998574,0.01948613,294.22497658,110,0
5544.42997426,5544.42968750,1234.26724705,1234.27829221,0.02481435,295.22303509,110,0
5547.33749641,5547.34619141,0.00000000,1347.00000000,0.00000000,298.12830578,110,4
5547.65972669,5547.66064453,1359.61296942,1359.57710684,0.01616171,298.43775436,110,0
5548.67463861,5548.67431641,1399.31838153,1399.33103193,0.02421984,299.39641024,110,0
5549.71717920,5549.71679688,1440.33523965,1440.35031680,0.02184204,300.35456752,110,0
5552.72879160,5552.73339844,0.00000000,1560.00000000,0.00000000,302.96914282,110,4
5552.91390453,5552.91357422,1567.38685194,1567.40008126,0.02032307,303.12201788,110,0
5554.17338595,5554.16503906,0.00000000,1618.00000000,0.00000000,304.13972986,110,4
5556.05106484,5556.08935547,0.00000000,1694.00000000,0.00000000,305.57769129,110,4
5557.07489344,5557.07421875,1735.70033885,1735.72791578,0.03164059,306.32087384,110,0
5557.69270057,5557.69189453,1760.98526650,1761.01831102,0.06422014,306.75529726,110,0
5558.58890123,5558.58886719,1797.84187481,1797.84327706,0.03930206,307.36623986,110,0
5559.88614631,5559.88574219,1851.43145154,1851.44820522,0.01406047,308.20972405,110,0
5561.43545464,5561.43505859,1915.93080025,1915.94735595,0.05468315,309.15250825,110,0
5562.15303799,5562.16601562,0.00000000,1946.00000000,0.00000000,309.56485759,110,5
5565.74676720,5565.74658203,2098.21703350,2098.22495612,0.04208177,311.39014459,110,0
5566.34792480,5566.34521484,0.00000000,2124.00000000,0.00000000,311.65560431,110,4
5566.55748459,5566.55371094,0.00000000,2133.00000000,0.00000000,311.74531880,110,4
5570.08647230,5570.08642578,2286.17069454,2286.17273449,0.05428382,313.03565563,110,0
5570.35596787,5570.38623047,0.00000000,2298.00000000,0.00000000,313.11669215,110,4
5572.46056301,5572.47363281,0.00000000,2391.00000000,0.00000000,313.66089326,110,4
5572.73873172,5572.73828125,2403.35305437,2403.37312079,0.04436390,313.72085254,110,0
5510.14777735,5574.01220703,0.00000000,-1.00000000,0.00000000,248.15588454,110,4
5574.90132645,5574.90136719,2500.34391927,2500.34208045,0.03276184,314.08949318,110,0
5576.45930153,5576.46337891,0.00000000,2571.00000000,0.00000000,314.24492795,110,4
5577.75299708,5577.75292969,2630.19289644,2630.19599314,0.05944776,314.30165115,110,0
5579.14611611,5579.15039062,0.00000000,2694.51464844,0.00000000,314.28729232,110,3
5579.43664487,5579.44775391,0.00000000,2708.00000000,0.00000000,314.27424309,110,4
5580.90759572,5580.90771484,2776.68031880,2776.67472977,0.03352215,314.15379284,110,0
5581.62689341,5581.62646484,2810.48593460,2810.50614249,0.02742314,314.06126275,110,0
5582.30399730,5582.30419922,2842.51754989,2842.50798419,0.03235777,313.95356941,110,0
5583.91699874,5583.91699219,2919.33727239,2919.33758635,0.04023095,313.61497318,110,0
5584.22288863,5584.22998047,0.00000000,2934.00000000,0.00000000,313.53751113,110,5
5584.41701458,5584.41699219,2943.32463825,2943.32571465,0.04005053,313.48610128,110,0
5585.31391374,5585.31250000,2986.50342607,2986.57181079,0.03910735,313.22593192,110,0
5588.57761598,5588.57763672,3146.36028037,3146.35925265,0.05307024,311.95407280,110,0
5589.27495096,5589.28662109,0.00000000,3181.00000000,0.00000000,311.61387851,110,5
5590.41980081,5590.42089844,3238.34271408,3238.28755957,0.04853106,311.00088772,110,0
5593.46169727,5593.46093750,0.00000000,3393.00000000,0.00000000,309.03174037,110,4
5595.16489444,5595.16406250,3481.27605033,3481.31949690,0.06079909,307.70249361,110,0
5596.61674701,5596.61718750,3557.61533493,3557.59205733,0.04883786,306.43469729,110,0
5597.39882156,5597.39990234,3599.13133514,3599.07380127,0.08268703,305.69858806,110,0
5597.51008202,5597.50976562,0.00000000,3605.00000000,0.00000000,305.59074628,110,5
5601.20225267,5601.20947266,0.00000000,3805.00000000,0.00000000,301.55893880,110,5
5603.15807950,5603.15820312,3913.75933002,3913.75239014,0.05251379,299.04725182,110,0
5606.07249887,5606.07177734,4079.69883352,4079.74052855,0.05924592,294.78114746,110,0
5571.80492038,5571.80224609,0.00000000,379.00000000,0.00000000,304.84697324,109,4
5572.72266410,5572.73828125,0.00000000,411.00000000,0.00000000,306.21550379,109,4
5574.01263752,5574.01220703,456.14178272,456.15689080,0.02056585,308.11415355,109,0
5574.90174422,5574.90136719,487.39516153,487.40843411,0.01502032,309.40581652,109,0
5577.75343009,5577.75292969,588.30096207,588.31876083,0.02337064,313.45172037,109,0
5580.90749083,5580.90771484,701.17782226,701.16975649,0.02134717,317.75024053,109,0
5581.62753217,5581.62646484,727.09066742,727.12919072,0.02215862,318.70521695,109,0
5582.28796518,5582.30419922,0.00000000,751.00000000,0.00000000,319.57218356,109,4
5583.88566580,5583.91699219,0.00000000,809.00000000,0.00000000,321.63405619,109,4
5584.40688604,5584.41699219,0.00000000,828.00000000,0.00000000,322.29573814,109,4
5585.31462318,5585.31250000,861.09346936,861.17122132,0.02380762,323.43465375,109,0
5587.37636985,5587.39892578,0.00000000,937.00000000,0.00000000,325.96037221,109,4
5588.57787541,5588.57763672,981.47432816,981.48318679,0.01372491,327.39160189,109,0
5590.42546069,5590.42089844,0.00000000,1050.29479980,0.00000000,329.53207781,109,2
5591.77770844,5591.76660156,0.00000000,1101.00000000,0.00000000,331.05214877,109,5
5593.42075614,5593.46093750,0.00000000,1163.00000000,0.00000000,332.84484291,109,5
5595.16512268,5595.16406250,1229.25147162,1229.29192304,0.02601732,334.68128160,109,0
5596.61725356,5596.61718750,1284.87152030,1284.87405768,0.03394159,336.15699338,109,0
5597.39445137,5597.39990234,0.00000000,1314.77587891,0.00000000,336.92671315,109,2
5597.40366741,5597.50976562,0.00000000,1315.13097529,0.41759500,336.93575224,109,0
5601.20942314,5601.20947266,1463.02424236,1463.02230124,0.04774992,340.49284899,109,0
5603.15822516,5603.15820312,1539.76722284,1539.76809432,0.03305309,342.17547174,109,0
5604.18060540,5604.18164062,1580.35469971,1580.31354428,0.01063718,343.01934981,109,0
5605.32650652,5605.31884766,0.00000000,1626.00000000,0.00000000,343.93288354,109,4
5606.07179569,5606.07177734,1655.83504154,1655.83577757,0.04061402,344.50810792,109,0
5606.85093123,5606.85205078,1687.19502332,1687.14994466,0.06374313,345.09367699,109,0
5607.94350116,5607.94287109,1731.23688825,1731.26239855,0.04108430,345.88701525,109,0
5608.36112183,5608.35986328,1748.13781059,1748.18887244,0.05756593,346.18162854,109,0
5608.75754726,5608.74902344,0.00000000,1764.29782861,0.13257114,346.45696429,109,0
5611.13140162,5611.13085938,1861.34348849,1861.36579684,0.03170344,348.01182999,109,0
5611.65833413,5611.66210938,0.00000000,1883.08532715,0.00000000,348.33525943,109,2
5611.78989204,5611.78808594,1888.43027609,1888.50484589,0.15617199,348.41456673,109,0
5612.23477068,5612.23876953,0.00000000,1906.90136719,0.00000000,348.67961701,109,3
5613.62639925,5613.62597656,1964.67091316,1964.68853311,0.02666705,349.47041281,109,0
5616.87849652,5616.87841797,2101.41028741,2101.41361985,0.01581746,351.08903708,109,0
5617.26875892,5617.28808594,0.00000000,2118.00000000,0.00000000,351.26126081,109,4
5618.09027411,5618.06005859,0.00000000,2153.00000000,0.00000000,351.60754546,109,4
5618.23073008,5618.25000000,0.00000000,2159.00000000,0.00000000,351.66457385,109,4
5560.70822493,5619.20117188,0.00000000,-1.00000000,0.00000000,287.18748654,109,4
5620.18557393,5620.18261719,0.00000000,2243.00000000,0.00000000,352.39122675,109,4
5620.56349598,5620.56787109,0.00000000,2259.34704290,0.04767862,352.51707276,109,0
5621.54111714,5621.53564453,0.00000000,2301.79916837,0.06118802,352.82020163,109,0
5622.50748676,5622.47705078,0.00000000,2344.00000000,0.00000000,353.08764288,109,4
5622.84771578,5622.84863281,0.00000000,2358.91455078,0.00000000,353.17408049,109,2
5560.70822493,5623.34912109,0.00000000,-1.00000000,0.00000000,287.18748654,109,4
5626.32643616,5626.33544922,0.00000000,2513.16333008,0.00000000,353.82056825,109,1
5626.47523880,5626.47460938,2519.80933039,2519.83756094,0.05145686,353.83835801,109,0
5628.30151653,5628.29931641,2602.11547593,2602.21528864,0.06909974,353.98840669,109,0
5630.87639109,5630.87304688,0.00000000,2719.99639660,0.05486499,353.97961431,109,0
5631.85954243,5631.85986328,2765.50550282,2765.49060754,0.02662754,353.90589225,109,0
5633.69010055,5633.68261719,0.00000000,2851.00000000,0.00000000,353.66134168,109,4
5634.34817659,5634.33642578,0.00000000,2882.00000000,0.00000000,353.53852841,109,5
5634.33053163,5634.43603516,0.00000000,2881.16697123,0.22026929,353.54206620,109,0
5634.85844889,5634.85888672,2906.16425230,2906.14351379,0.06605067,353.43029396,109,0
5636.17918451,5636.18164062,0.00000000,2969.00000000,0.00000000,353.09684010,109,4
5637.44411449,5637.44384766,3029.74462300,3029.75749957,0.03657180,352.70359375,109,0
5641.31127756,5641.31152344,3219.06055862,3219.04834592,0.06001006,351.03197517,109,0
5643.13011694,5643.12353516,0.00000000,3310.00000000,0.00000000,349.98871617,109,5
5643.30017392,5643.30029297,3318.57731683,3318.57131325,0.04423164,349.88237523,109,0
5647.09151396,5647.09179688,3512.75229976,3512.73758456,0.05473150,347.10371093,109,0
5647.23576925,5647.23583984,3520.24870004,3520.24502402,0.06848601,346.98206981,109,0
5647.46153844,5647.46191406,0.00000000,3532.00000000,0.00000000,346.78948526,109,5
5648.01604520,5648.01855469,0.00000000,3561.00000000,0.00000000,346.30329991,109,5
5649.28714456,5649.27343750,0.00000000,3628.00000000,0.00000000,345.11983069,109,5
5650.55902328,5650.55859375,3695.77387093,3695.79690029,0.04712528,343.83681814,109,0
5654.80725746,5654.77832031,0.00000000,3928.00000000,0.00000000,338.79261528,109,4
5655.57549697,5655.59277344,0.00000000,3971.00000000,0.00000000,337.74837615,109,4
5656.07264701,5656.08740234,0.00000000,3999.00000000,0.00000000,337.04994488,109,5
5621.56914823,5621.58007812,0.00000000,316.00000000,0.00000000,342.19714429,108,4
5626.48544688,5626.47460938,0.00000000,486.00000000,0.00000000,349.46825342,108,4
5631.85078625,5631.85986328,0.00000000,675.00000000,0.00000000,356.91931001,108,4
5634.85868786,5634.85888672,782.62703945,782.61988215,0.02442508,360.86350835,108,0
5637.44016984,5637.44384766,0.00000000,876.00000000,0.00000000,364.10987909,108,4
5641.31119408,5641.31152344,1017.83994209,1017.82778222,0.03262739,368.72724472,108,0
5643.12457884,5643.12353516,1084.99014449,1085.02895892,0.03826938,370.78293286,108,0
5643.30067595,5643.30029297,1091.56608637,1091.58033956,0.02801221,370.97879068,108,0
5644.67792382,5644.67480469,0.00000000,1143.00000000,0.00000000,372.48793369,108,4
5647.08636336,5647.09179688,0.00000000,1233.64477539,0.00000000,375.02692550,108,2
5647.23756208,5647.23583984,1239.29002820,1239.35522312,0.13247857,375.18168716,108,0
5647.46065062,5647.46191406,1247.85192841,1247.80405696,0.04659353,375.40953432,108,0
5648.01965009,5648.01855469,1268.96921347,1269.01082421,0.04395097,375.97550064,108,0
5649.27333900,5649.27343750,1316.77606728,1316.77230533,0.03698350,377.21906255,108,0
5650.55839271,5650.55859375,1365.99559384,1365.98787163,0.04286081,378.45540806,108,0
5655.59126245,5655.59277344,1561.59254726,1561.53314716,0.01719809,382.91522833,108,0
5656.08850069,5656.08740234,1581.06023417,1581.10351155,0.05606622,383.32173923,108,0
5612.20471950,5659.49560547,0.00000000,-1.00000000,0.00000000,327.25623754,108,4
5660.25690948,5660.26806641,0.00000000,1747.00000000,0.00000000,386.47628204,108,4
5660.77861473,5660.78417969,0.00000000,1768.00000000,0.00000000,386.83840801,108,4
5661.59571576,5661.58642578,0.00000000,1801.00000000,0.00000000,387.39056889,108,4
5662.23083543,5662.23046875,1826.71933391,1826.73422060,0.04247767,387.80682595,108,0
5664.61193361,5664.61328125,0.00000000,1924.00000000,0.00000000,389.26665287,108,4
5665.53440572,5665.54980469,0.00000000,1962.00000000,0.00000000,389.78821733,108,4
5666.19345873,5666.19287109,1989.23564983,1989.26000257,0.03727651,390.14549020,108,0
5667.20118673,5667.20068359,2031.09949774,2031.12044915,0.06970335,390.66665870,108,0
5667.98562369,5667.99169922,0.00000000,2063.87500000,0.00000000,391.05126061,108,3
5668.70042697,5668.70068359,2093.82902355,2093.81824468,0.04680703,391.38503152,108,0
5669.89111427,5669.91210938,0.00000000,2144.00000000,0.00000000,391.90622586,108,4
5672.64487402,5672.64453125,2261.27647310,2261.29118438,0.03371845,392.93792574,108,0
5673.08015442,5673.07080078,0.00000000,2280.00000000,0.00000000,393.07832968,108,4
5674.30749898,5674.29736328,0.00000000,2333.00000000,0.00000000,393.43998931,108,4
5612.20471950,5675.41064453,0.00000000,-1.00000000,0.00000000,327.25623754,108,4
5676.02948382,5676.03906250,0.00000000,2408.00000000,0.00000000,393.86061288,108,4
5612.20471950,5677.07666016,0.00000000,-1.00000000,0.00000000,327.25623754,108,4
5678.62828109,5678.62792969,2522.64077468,2522.65639970,0.02890013,394.29716650,108,0
5680.58028051,5680.58056641,2609.98265506,2609.96978879,0.06258389,394.46219246,108,0
5682.83092384,5682.82470703,0.00000000,2712.00000000,0.00000000,394.47167491,108,5
5684.42146326,5684.42285156,0.00000000,2785.00000000,0.00000000,394.35722655,108,4
5685.07030542,5685.06201172,0.00000000,2815.00000000,0.00000000,394.28088329,108,4
5686.76948061,5686.76953125,2894.19983209,2894.19745886,0.04966001,393.99733875,108,0
5687.38294217,5687.40478516,0.00000000,2923.00000000,0.00000000,393.86473059,108,4
5688.44130215,5688.45410156,0.00000000,2973.00000000,0.00000000,393.59718904,108,5
5688.92759052,5688.92675781,2996.05463626,2996.09425306,0.07037503,393.45762208,108,0
5692.27172507,5692.27197266,3157.15609237,3157.14402221,0.06448715,392.20352435,108,0
5693.21524467,5693.21826172,0.00000000,3203.29272461,0.00000000,391.75367892,108,2
5693.73787338,5693.73876953,0.00000000,3229.00000000,0.00000000,391.48562304,108,4
5696.01064495,5696.01318359,0.00000000,3342.00000000,0.00000000,390.15921604,108,5
5697.97072450,5697.97070312,3441.09657621,3441.09766556,0.05783674,388.79752610,108,0
5699.87424201,5699.87451172,3538.86715516,3538.85319871,0.04282470,387.27278499,108,0
5700.10887670,5700.12451172,0.00000000,3551.00000000,0.00000000,387.07074571,108,4
5702.03954413,5702.04003906,3651.97741255,3651.95131008,0.05080686,385.28412166,108,0
5702.27075890,5702.27832031,0.00000000,3664.16625977,0.00000000,385.05493679,108,2
5702.36371733,5702.36230469,3669.00091877,3669.07565623,0.11851029,384.96203292,108,0
5702.49969939,5702.49951172,3676.26440839,3676.27434946,0.06346105,384.82498758,108,0
5704.22786837,5704.23339844,0.00000000,3768.47753906,0.00000000,382.98353545,108,3
5707.22710295,5707.22021484,0.00000000,3932.00000000,0.00000000,379.32527809,108,4
5708.68582986,5708.68652344,4013.28784059,4013.24895236,0.04452434,377.32132095,108,0
5676.56384935,5676.56103516,399.52673542,399.62315762,0.02277030,386.64893690,107,0
5678.62849830,5678.62792969,470.60296753,470.62259546,0.01859270,389.65480957,107,0
5680.57400151,5680.58056641,0.00000000,538.00000000,0.00000000,392.41861748,107,5
5686.76913285,5686.76953125,755.78271370,755.76854853,0.03226901,400.76141933,107,0
5688.90377447,5688.92675781,0.00000000,832.00000000,0.00000000,403.46921884,107,4
5692.25647485,5692.27197266,0.00000000,953.00000000,0.00000000,407.54111766,107,4
5697.97075483,5697.97070312,1163.01495720,1163.01688026,0.04148922,413.95077695,107,0
5699.87518711,5699.87451172,1234.09898434,1234.12430625,0.04162942,415.93200805,107,0
5700.11147914,5700.12451172,0.00000000,1243.00000000,0.00000000,416.17260186,107,4
5702.03934716,5702.04003906,1315.67636723,1315.65018228,0.02840143,418.08600958,107,0
5702.28619210,5702.27832031,0.00000000,1325.00000000,0.00000000,418.32502064,107,4
5702.36536607,5702.36230469,0.00000000,1328.00000000,0.00000000,418.40136048,107,4
5702.50061599,5702.49951172,1333.08093701,1333.12280537,0.08155431,418.53132580,107,0
5704.23277498,5704.23339844,1399.08182291,1399.05799620,0.04377583,420.15988475,107,0
5704.85832981,5704.85400391,0.00000000,1423.00000000,0.00000000,420.73093479,107,4
5705.53580758,5705.52490234,0.00000000,1449.00000000,0.00000000,421.33882207,107,5
5707.21991405,5707.22021484,1513.98102808,1513.96937793,0.05052221,422.80208332,107,0
5708.68636593,5708.68652344,1570.96582535,1570.95968246,0.04407562,424.02010029,107,0
5710.26230568,5710.26318359,1632.67822574,1632.64373282,0.02965536,425.26942795,107,0
5713.58140962,5713.58056641,1764.04976046,1764.08342046,0.05280942,427.69234923,107,0
5714.17291732,5714.17431641,1787.78617194,1787.73015601,0.03102285,428.09369451,107,0
5715.42429088,5715.41406250,0.00000000,1838.00000000,0.00000000,428.91189913,107,4
5717.11131729,5717.11083984,1906.22862846,1906.24803250,0.04209296,429.94653378,107,0
5718.74708331,5718.75683594,0.00000000,1973.00000000,0.00000000,430.87361592,107,4
5719.11280428,5719.11083984,0.00000000,1988.00000000,0.00000000,431.07039415,107,4
5721.20990023,5721.20898438,2074.51282115,2074.55084075,0.02273100,432.12304382,107,0
5721.76966591,5721.76953125,2097.81969779,2097.82530556,0.04910736,432.38204120,107,0
5664.66350767,5722.54052734,0.00000000,-1.00000000,0.00000000,367.93613654,107,4
5723.01098113,5723.01123047,2149.69484994,2149.68439886,0.03460237,432.92243419,107,0
5725.10547057,5725.11865234,0.00000000,2238.00000000,0.00000000,433.72613281,107,4
5725.82466809,5725.82519531,2268.57828883,2268.55584382,0.01806705,433.96999150,107,0
5726.05208220,5726.05175781,2278.23036523,2278.24419454,0.04217245,434.04363950,107,0
5726.58499581,5726.59960938,0.00000000,2301.00000000,0.00000000,434.20966846,107,4
5726.97694442,5726.97656250,2317.76206657,2317.77843392,0.04546471,434.32583778,107,0
5728.60783159,5728.60205078,0.00000000,2388.00000000,0.00000000,434.75448317,107,4
5729.29899413,5729.29931641,2417.96862301,2417.95462480,0.05981487,434.90906198,107,0
5731.57213498,5731.57226562,2517.37745706,2517.37170481,0.03634986,435.30090452,107,0
5733.19186556,5733.19238281,2589.05723354,2589.03423321,0.06143112,435.46780661,107,0
5734.56132683,5734.56542969,0.00000000,2650.19897461,0.00000000,435.53366528,107,2
5734.69061407,5734.68896484,0.00000000,2656.00000000,0.00000000,435.53624836,107,4
5735.46842129,5735.47607422,0.00000000,2691.00000000,0.00000000,435.53836506,107,5
5735.73421452,5735.75585938,0.00000000,2703.00000000,0.00000000,435.53377113,107,4
5737.62112625,5737.62060547,2788.75778482,2788.78160687,0.04118466,435.42179861,107,0
5740.54846880,5740.55810547,0.00000000,2924.00000000,0.00000000,434.96324193,107,5
5742.55097299,5742.55126953,3018.07179190,3018.05776502,0.08578568,434.44058796,107,0
5664.66350767,5742.76269531,0.00000000,-1.00000000,0.00000000,367.93613654,107,4
5743.42162980,5743.42138672,3059.36148378,3059.37305626,0.04753096,434.15814995,107,0
5743.67757736,5743.67626953,3071.50746428,3071.56984540,0.05851269,434.06859984,107,0
5664.66350767,5744.65625000,0.00000000,-1.00000000,0.00000000,367.93613654,107,4
5664.66350767,5746.82666016,0.00000000,-1.00000000,0.00000000,367.93613654,107,4
5747.26287680,5747.26904297,0.00000000,3244.77197266,0.00000000,432.49313097,107,3
5748.78618361,5748.78710938,3319.82824437,3319.78239426,0.03704255,431.63454138,107,0
5748.97895397,5748.97900391,3329.33917168,3329.33669468,0.05578354,431.51752399,107,0
5750.33091259,5750.33544922,0.00000000,3396.75610352,0.00000000,430.64259510,107,2
5750.98323321,5750.98291016,3429.53578545,3429.55206801,0.04534414,430.18581556,107,0
5751.37345734,5751.38085938,0.00000000,3449.24145508,0.00000000,429.90177754,107,3
5754.16506790,5754.17724609,0.00000000,3592.00000000,0.00000000,427.62213213,107,4
5754.62167383,5754.62207031,3615.68827079,3615.66768331,0.05080679,427.20676250,107,0
5756.32901396,5756.33056641,0.00000000,3705.00000000,0.00000000,425.54294409,107,4
5725.81760802,5725.82519531,0.00000000,254.58108521,0.00000000,421.67849515,106,3
5726.03926644,5726.05175781,0.00000000,262.00000000,0.00000000,422.01702753,106,4
5726.97663118,5726.97656250,293.41884995,293.42115649,0.02001282,423.43937909,106,0
5729.30644390,5729.29931641,0.00000000,372.00000000,0.00000000,426.91549375,106,4
5731.57186290,5731.57226562,0.00000000,449.00000000,0.00000000,430.20957136,106,4
5734.55836394,5734.56542969,0.00000000,551.44921875,0.00000000,434.42015790,106,2
5734.69029008,5734.68896484,0.00000000,556.00000000,0.00000000,434.60262959,106,4
5737.62064719,5737.62060547,657.64414847,657.64560296,0.02962815,438.57714118,106,0
5740.56826742,5740.55810547,0.00000000,761.00000000,0.00000000,442.41989018,106,4
5742.54621366,5742.55126953,0.00000000,831.00000000,0.00000000,444.90875059,106,4
5742.77131678,5742.76269531,0.00000000,839.00000000,0.00000000,445.18734088,106,5
5743.42153900,5743.42138672,862.12751632,862.13294400,0.02970672,445.98616401,106,0
5718.11182661,5743.67626953,0.00000000,-1.00000000,0.00000000,409.43732909,106,4
5718.11182661,5745.17529297,0.00000000,-1.00000000,0.00000000,409.43732909,106,4
5747.26009916,5747.26904297,0.00000000,1000.00000000,0.00000000,450.53878625,106,4
5748.78737863,5748.78710938,1055.43190260,1055.44170581,0.00778147,452.26903287,106,0
5750.32960782,5750.33544922,0.00000000,1111.76306152,0.00000000,453.96766637,106,2
5750.98377086,5750.98291016,1135.72201639,1135.75363565,0.03396020,454.67313217,106,0
5751.37487661,5751.38085938,0.00000000,1150.14306641,0.00000000,455.09108370,106,3
5752.15781434,5752.15429688,0.00000000,1179.00000000,0.00000000,455.91754054,106,5
5754.62219471,5754.62207031,1270.43391312,1270.43855417,0.01469948,458.43305946,106,0
5756.14547446,5756.14794922,0.00000000,1327.46350098,0.00000000,459.92234890,106,3
5756.31948434,5756.33056641,0.00000000,1334.00000000,0.00000000,460.08915725,106,4
5757.32848694,5757.31689453,0.00000000,1372.00000000,0.00000000,461.04300355,106,4
5758.67568129,5758.69970703,0.00000000,1423.00000000,0.00000000,462.28052857,106,5
5759.22807679,5759.25097656,0.00000000,1444.00000000,0.00000000,462.77589287,106,5
5760.51738397,5760.51464844,1493.11156986,1493.21629795,0.06922886,463.90437431,106,0
5763.13413748,5763.12500000,0.00000000,1594.00000000,0.00000000,466.07317082,106,4
5763.36628763,5763.36962891,0.00000000,1603.00000000,0.00000000,466.25755714,106,4
5764.39502982,5764.39208984,0.00000000,1643.00000000,0.00000000,467.05862480,106,5
5765.12740678,5765.12744141,1671.58623266,1671.58487838,0.01812474,467.61265184,106,0
5769.37844003,5769.37792969,1839.54186714,1839.56224219,0.01520226,470.55781403,106,0
5769.78110255,5769.78076172,1855.64062574,1855.65426045,0.02322666,470.81209011,106,0
5718.11182661,5771.58984375,0.00000000,-1.00000000,0.00000000,409.43732909,106,4
5718.11182661,5772.46679688,0.00000000,-1.00000000,0.00000000,409.43732909,106,4
5773.36077135,5773.36035156,2000.16149788,2000.17859988,0.04536323,472.87729279,106,0
5718.11182661,5773.56250000,0.00000000,-1.00000000,0.00000000,409.43732909,106,4
5775.54379588,5775.54736328,0.00000000,2089.62915039,0.00000000,473.95845693,106,4
5718.11182661,5777.39843750,0.00000000,-1.00000000,0.00000000,409.43732909,106,4
5777.76945545,5777.76904297,2181.86937404,2181.88658008,0.04749248,474.91563917,106,0
5718.11182661,5778.15039062,0.00000000,-1.00000000,0.00000000,409.43732909,106,4
5779.00264611,5779.00244141,2233.49884910,2233.50744594,0.01327920,475.38122891,106,0
5780.18397483,5780.19677734,0.00000000,2283.27661133,0.00000000,475.78255650,106,3
5781.00357723,5781.00976562,0.00000000,2318.00000000,0.00000000,476.03490019,106,4
5781.43774103,5781.43798828,2336.46800104,2336.45747765,0.02766264,476.15978040,106,0
5783.26206639,5783.26220703,2414.52639308,2414.52034289,0.03344617,476.61688545,106,0
5783.89950398,5783.91699219,0.00000000,2442.00000000,0.00000000,476.75043936,106,4
5785.44409604,5785.43554688,0.00000000,2509.00000000,0.00000000,477.01634314,106,4
5786.47867215,5786.46679688,0.00000000,2554.22393327,0.11878179,477.14793054,106,0
5787.47398009,5787.46972656,0.00000000,2598.00000000,0.00000000,477.23852994,106,4
5788.40068385,5788.39160156,0.00000000,2639.00000000,0.00000000,477.29056886,106,4
5791.25067342,5791.25048828,2766.58536603,2766.59372993,0.02863597,477.24935770,106,0
5793.30973064,5793.31054688,2860.29330967,2860.25592301,0.06217037,477.02330794,106,0
5718.11182661,5794.03662109,0.00000000,-1.00000000,0.00000000,409.43732909,106,4
5718.11182661,5797.00927734,0.00000000,-1.00000000,0.00000000,409.43732909,106,4
5797.67549442,5797.67529297,3063.14855765,3063.15806610,0.05874725,475.96467919,106,0
5718.11182661,5798.92675781,0.00000000,-1.00000000,0.00000000,409.43732909,106,4
5800.06764783,5800.08544922,0.00000000,3177.00000000,0.00000000,475.02954629,106,4
5802.43788118,5802.43798828,3291.79130538,3291.78607178,0.04279931,473.83816898,106,0
5803.38030567,5803.41992188,0.00000000,3338.00000000,0.00000000,473.28802377,106,4
5803.98844406,5803.99414062,0.00000000,3368.00000000,0.00000000,472.90922679,106,4
5804.45274043,5804.45800781,0.00000000,3391.00000000,0.00000000,472.60726167,106,4
5805.74964525,5805.75048828,3455.74416871,3455.70189691,0.04017954,471.70399938,106,0
5807.30947262,5807.31103516,3534.49019255,3534.41086383,0.04427589,470.49814782,106,0
5807.87137086,5807.89013672,0.00000000,3563.00000000,0.00000000,470.03105112,106,4
5809.29158285,5809.29150391,3635.87472705,3635.87880145,0.04193289,468.77016358,106,0
5810.25816017,5810.26660156,0.00000000,3686.00000000,0.00000000,467.84448886,106,5
5814.58403478,5814.58398438,3915.59500616,3915.59773491,0.05197699,462.99405950,106,0
5817.03375581,5817.03417969,4049.79824794,4049.77474973,0.05283605,459.69543635,106,0
5783.24947189,5783.26220703,0.00000000,351.00000000,0.00000000,468.15254878,105,4
5783.90596340,5783.91699219,0.00000000,373.00000000,0.00000000,469.11626532,105,4
5791.25082320,5791.25048828,622.57402062,622.58555019,0.01718080,479.41268379,105,0
5793.28874974,5793.31054688,0.00000000,693.00000000,0.00000000,482.10585951,105,4
5794.03652864,5794.03662109,718.96998564,718.96677003,0.03193286,483.07550514,105,0
5797.57939190,5797.56005859,0.00000000,843.00000000,0.00000000,487.53228202,105,4
5797.67404251,5797.67529297,0.00000000,846.33636475,0.00000000,487.64817088,105,3
5798.16067844,5798.13037109,0.00000000,863.50897217,0.00000000,488.24135247,105,3
5798.90960364,5798.92675781,0.00000000,890.00000000,0.00000000,489.14554240,105,4
5772.57795130,5799.86621094,0.00000000,-1.00000000,0.00000000,451.54753659,105,4
5800.09256289,5800.08544922,0.00000000,932.00000000,0.00000000,490.55204637,105,4
5802.43765362,5802.43798828,1015.85545077,1015.84343231,0.03376860,493.26063901,105,0
5804.46649381,5804.45800781,0.00000000,1089.00000000,0.00000000,495.51603042,105,4
5805.74966448,5805.75048828,1135.60369957,1135.57371510,0.01881445,496.89946676,105,0
5807.30960938,5807.31103516,1192.58547011,1192.53324687,0.01463987,498.53597385,105,0
5809.29166311,5809.29150391,1265.43725628,1265.44313709,0.01387465,500.54174811,105,0
5810.27883915,5810.26660156,0.00000000,1302.00000000,0.00000000,501.50982411,105,5
5811.59605569,5811.60302734,0.00000000,1351.00000000,0.00000000,502.76800634,105,4
5814.58485325,5814.58398438,1463.17979918,1463.21264003,0.03488170,505.47927983,105,0
5816.31820603,5816.33691406,0.00000000,1529.00000000,0.00000000,506.95876888,105,4
5817.03443531,5817.03417969,1556.30350867,1556.31327858,0.02463607,507.54911747,105,0
5819.34238197,5819.34716797,0.00000000,1645.00000000,0.00000000,509.36931047,105,5
5820.05783846,5820.06250000,0.00000000,1672.68164062,0.00000000,509.90717357,105,3
5820.76155399,5820.74023438,0.00000000,1700.00000000,0.00000000,510.42385949,105,4
5820.91579978,5820.91210938,0.00000000,1706.00000000,0.00000000,510.53546209,105,4
5823.64756457,5823.66455078,0.00000000,1813.00000000,0.00000000,512.41210445,105,4
5824.12888835,5824.13623047,0.00000000,1832.00000000,0.00000000,512.72284806,105,5
5824.40262032,5824.40771484,0.00000000,1842.82543945,0.00000000,512.89686411,105,2
5772.57795130,5831.47802734,0.00000000,-1.00000000,0.00000000,451.54753659,105,4
5772.57795130,5832.44384766,0.00000000,-1.00000000,0.00000000,451.54753659,105,4
5772.57795130,5833.28955078,0.00000000,-1.00000000,0.00000000,451.54753659,105,4
5833.39609470,5833.37109375,0.00000000,2207.00000000,0.00000000,517.46823495,105,4
5833.98752334,5833.98730469,2231.54892442,2231.55802015,0.02314994,517.68686812,105,0
5839.90942057,5839.93066406,0.00000000,2482.00000000,0.00000000,519.27017173,105,4
5840.57202277,5840.56884766,0.00000000,2510.55688477,0.00000000,519.37596405,105,3
5841.20275564,5841.20898438,0.00000000,2537.84472656,0.00000000,519.46276342,105,3
5841.46680037,5841.47021484,0.00000000,2549.29882812,0.00000000,519.49503615,105,3
5842.25435208,5842.25976562,0.00000000,2583.57055664,0.00000000,519.57690450,105,3
5842.83629381,5842.81982422,0.00000000,2609.00000000,0.00000000,519.62341582,105,4
5843.38363346,5843.37792969,0.00000000,2633.00000000,0.00000000,519.65619074,105,4
5843.65661485,5843.66992188,0.00000000,2645.00000000,0.00000000,519.66852840,105,4
5845.42687376,5845.42675781,2723.30259546,2723.30775436,0.04261362,519.68275420,105,0
5846.38351108,5846.41064453,0.00000000,2766.00000000,0.00000000,519.64209832,105,4
5846.53983541,5846.50439453,0.00000000,2773.00000000,0.00000000,519.63217287,105,4
5847.53615604,5847.53955078,0.00000000,2817.77978516,0.00000000,519.54695512,105,3
5849.87384704,5849.89355469,0.00000000,2924.00000000,0.00000000,519.19457639,105,4
5850.17926616,5850.17773438,0.00000000,2938.00000000,0.00000000,519.13237077,105,4
5851.58906238,5851.61865234,0.00000000,3003.00000000,0.00000000,518.79548431,105,4
5772.57795130,5852.18896484,0.00000000,-1.00000000,0.00000000,451.54753659,105,4
5852.44990168,5852.43261719,0.00000000,3043.00000000,0.00000000,518.54885560,105,4
5855.75090615,5855.74316406,0.00000000,3198.65454102,0.00000000,517.30418115,105,3
5856.61465688,5856.65234375,0.00000000,3240.00000000,0.00000000,516.89738560,105,4
5857.71385064,5857.73583984,0.00000000,3293.00000000,0.00000000,516.32917326,105,4
5857.85835223,5857.85205078,0.00000000,3300.00000000,0.00000000,516.25020041,105,4
5857.98208535,5858.00341797,0.00000000,3306.00000000,0.00000000,516.18178038,105,4
5860.27051843,5860.26171875,0.00000000,3418.00000000,0.00000000,514.78111262,105,5
5860.37173954,5860.37792969,0.00000000,3423.00000000,0.00000000,514.71311764,105,5
5861.15850242,5861.14990234,0.00000000,3462.00000000,0.00000000,514.16673027,105,5
5861.29437691,5861.29296875,0.00000000,3468.76000977,0.00000000,514.06913422,105,3
5862.10014541,5862.10498047,0.00000000,3509.00000000,0.00000000,513.47051989,105,4
5862.81659188,5862.81640625,0.00000000,3545.00000000,0.00000000,512.90935746,105,4
5865.34370273,5865.34375000,3673.69738295,3673.69494882,0.04699277,510.70549082,105,0
5868.43472616,5868.43798828,0.00000000,3834.95532227,0.00000000,507.50790746,105,3
5871.47748619,5871.47753906,3998.17187760,3998.16900158,0.07381588,503.77821372,105,0
5872.18095033,5872.18017578,4036.52050890,4036.56294198,0.10834913,502.82879708,105,0
5872.80925525,5872.81005859,4071.13456995,4071.09029710,0.05263491,501.95157039,105,0
5831.47621390,5831.47802734,0.00000000,109.00000000,0.00000000,499.79341520,104,4
5832.40154005,5832.44384766,0.00000000,139.00000000,0.00000000,501.24637097,104,4
5833.99896727,5833.98730469,0.00000000,191.00000000,0.00000000,503.72434973,104,4
5834.76403648,5834.74414062,0.00000000,216.00000000,0.00000000,504.89742032,104,4
5839.16390620,5839.15039062,0.00000000,361.00000000,0.00000000,511.46756048,104,4
5840.56395733,5840.56884766,0.00000000,407.58822632,0.00000000,513.49399907,104,3
5841.44441065,5841.47021484,0.00000000,437.00000000,0.00000000,514.75216580,104,4
5842.25406316,5842.25976562,0.00000000,464.12506104,0.00000000,515.89800711,104,3
5845.42758845,5845.42675781,571.15959551,571.18777605,0.01638871,520.28484811,104,0
5846.33459287,5846.31787109,0.00000000,602.00000000,0.00000000,521.50723258,104,4
5846.42273147,5846.41064453,0.00000000,605.00000000,0.00000000,521.62529105,104,4
5847.53925233,5847.53955078,643.09753165,643.08733072,0.03172709,523.10936393,104,0
5852.42412382,5852.43261719,0.00000000,811.54071045,0.00000000,529.34499063,104,3
5828.09124435,5854.30322266,0.00000000,-1.00000000,0.00000000,494.37039226,104,4
5855.74992259,5855.74316406,0.00000000,928.00000000,0.00000000,533.34334786,104,4
5856.65640213,5856.65234375,0.00000000,960.00000000,0.00000000,534.39728196,104,4
5828.09124435,5857.12207031,0.00000000,-1.00000000,0.00000000,494.37039226,104,4
5828.09124435,5857.85205078,0.00000000,-1.00000000,0.00000000,494.37039226,104,4
5860.26882442,5860.26171875,0.00000000,1088.65734863,0.00000000,538.44030493,104,3
5860.38985804,5860.37792969,0.00000000,1093.00000000,0.00000000,538.57134323,104,4
5861.16883232,5861.14990234,0.00000000,1121.00000000,0.00000000,539.40772818,104,5
5861.27991486,5861.29296875,0.00000000,1125.00000000,0.00000000,539.52600942,104,5
5828.09124435,5861.88330078,0.00000000,-1.00000000,0.00000000,494.37039226,104,4
5865.34368066,5865.34375000,1272.57866947,1272.57612942,0.01893233,543.67987206,104,0
5868.43426897,5868.43798828,0.00000000,1386.53002930,0.00000000,546.60776448,104,3
5869.44174088,5869.46875000,0.00000000,1424.00000000,0.00000000,547.51731559,104,4
5871.47796370,5871.47753906,1500.20963762,1500.22561007,0.03127638,549.28642676,104,0
5872.17954392,5872.18017578,1526.67671520,1526.65287980,0.07698866,549.87436490,104,0
5872.80985578,5872.81005859,1550.47190607,1550.46423251,0.00880402,550.39290442,104,0
5875.66638511,5875.66601562,1659.23599517,1659.25015891,0.04001611,552.62691241,104,0
5875.97879461,5875.97900391,1671.24227278,1671.23423832,0.02438814,552.85947183,104,0
5876.61475514,5876.61474609,1695.68168223,1695.68203046,0.02909912,553.32556609,104,0
5828.09124435,5877.12011719,0.00000000,-1.00000000,0.00000000,494.37039226,104,4
5879.15271936,5879.18994141,0.00000000,1794.00000000,0.00000000,555.08710137,104,4
5880.73764502,5880.75537109,0.00000000,1856.00000000,0.00000000,556.10500837,104,5
5828.09124435,5883.61328125,0.00000000,-1.00000000,0.00000000,494.37039226,104,4
5885.22012270,5885.25537109,0.00000000,2034.00000000,0.00000000,558.62821160,104,4
5887.12794618,5887.13037109,0.00000000,2111.00000000,0.00000000,559.53632862,104,4
5828.09124435,5887.33251953,0.00000000,-1.00000000,0.00000000,494.37039226,104,4
5888.16273686,5888.16259766,2153.06558883,2153.07126572,0.05665292,559.98573867,104,0
5828.09124435,5888.46777344,0.00000000,-1.00000000,0.00000000,494.37039226,104,4
5889.48005869,5889.44873047,0.00000000,2207.00000000,0.00000000,560.51348938,104,4
5889.57742508,5889.55029297,0.00000000,2211.00000000,0.00000000,560.55047117,104,4
5889.86921764,5889.89355469,0.00000000,2223.00000000,0.00000000,560.65962481,104,4
5893.08374309,5893.08349609,2356.45630230,2356.46664711,0.02292468,561.69250453,104,0
5894.06095317,5894.06591797,0.00000000,2397.52587891,0.00000000,561.94340653,104,3
5894.83015084,5894.82519531,0.00000000,2430.00000000,0.00000000,562.11957447,104,5
5895.08993564,5895.10839844,0.00000000,2441.00000000,0.00000000,562.17478793,104,5
5896.33299446,5896.33007812,2493.73933255,2493.86380429,0.04285691,562.40864754,104,0
5896.91539743,5896.91552734,2518.77110756,2518.76554393,0.03482433,562.50074953,104,0
5897.22417598,5897.25439453,0.00000000,2532.00000000,0.00000000,562.54499232,104,4
5897.99766957,5897.99707031,2565.23355723,2565.25938252,0.04748394,562.64175940,104,0
5898.40866262,5898.42138672,0.00000000,2583.00000000,0.00000000,562.68493886,104,5
5901.04887538,5901.04003906,0.00000000,2698.00000000,0.00000000,562.82251609,104,4
5901.15780734,5901.15771484,2702.77088159,2702.77494626,0.07920117,562.82289646,104,0
5901.47915678,5901.47900391,2716.90428843,2716.91102020,0.04884539,562.82153034,104,0
5905.78255217,5905.79589844,0.00000000,2909.01124256,0.02203422,562.43363653,104,0
5906.80266190,5906.81250000,0.00000000,2955.34179688,0.00000000,562.23710735,104,3
5907.20718608,5907.20703125,2973.79151443,2973.79858896,0.04464969,562.14766856,104,0
5828.09124435,5908.47851562,0.00000000,-1.00000000,0.00000000,494.37039226,104,4
5912.86869689,5912.86767578,3237.61605037,3237.66460167,0.04956600,560.17450257,104,0
5913.77708081,5913.74316406,0.00000000,3281.00000000,0.00000000,559.72631567,104,4
5916.02401104,5916.02441406,3389.49890432,3389.47927742,0.06123498,558.45079957,104,0
5918.36796054,5918.36767578,3504.66030145,3504.67442555,0.03962192,556.85596221,104,0
5918.89784945,5918.91894531,0.00000000,3531.00000000,0.00000000,556.45673204,104,4
5919.83787654,5919.82958984,0.00000000,3578.00000000,0.00000000,555.71181017,104,4
5924.46851210,5924.44384766,0.00000000,3815.00000000,0.00000000,551.32712960,104,4
5924.50681106,5924.50537109,0.00000000,3817.00000000,0.00000000,551.28566387,104,4
5925.55492575,5925.56005859,0.00000000,3872.00000000,0.00000000,550.11606451,104,4
5927.04546427,5927.04541016,3951.11714379,3951.12003618,0.05717755,548.33437139,104,0
5927.87411352,5927.87402344,3995.59720320,3995.60205540,0.05193571,547.28128912,104,0
5885.24897208,5885.25537109,0.00000000,18.00000000,0.00000000,538.91724293,103,4
5887.33378601,5887.33251953,84.43690472,84.47741892,0.02775196,542.21858429,103,0
5888.16148951,5888.16259766,0.00000000,111.00000000,0.00000000,543.51280405,103,4
5893.08342952,5893.08349609,270.11514181,270.11297221,0.02997537,551.00241645,103,0
5894.02946217,5894.06591797,0.00000000,301.00000000,0.00000000,552.40171831,103,4
5896.34558704,5896.33007812,0.00000000,377.00000000,0.00000000,555.76922131,103,4
5896.92183697,5896.91552734,0.00000000,396.00000000,0.00000000,556.59429734,103,4
5901.47991969,5901.47900391,547.57707466,547.60777588,0.01935623,562.93703947,103,0
5905.78269450,5905.79589844,0.00000000,692.94275148,0.02729287,568.61533377,103,0
5907.20741867,5907.20703125,741.54121636,741.55446721,0.01662073,570.42674522,103,0
5912.86015414,5912.86767578,0.00000000,937.00000000,0.00000000,577.26484951,103,4
5916.01742685,5916.02441406,0.00000000,1048.00000000,0.00000000,580.83116098,103,4
5918.35299172,5918.36767578,0.00000000,1131.00000000,0.00000000,583.34762231,103,4
5918.94048279,5918.91894531,0.00000000,1152.00000000,0.00000000,583.96393628,103,4
5922.60764946,5922.61669922,0.00000000,1284.22497559,0.00000000,587.65541736,103,3
5923.59035825,5923.60839844,0.00000000,1320.00000000,0.00000000,588.59809015,103,4
5884.68220890,5926.03027344,0.00000000,-1.00000000,0.00000000,538.00921654,103,4
5927.04583778,5927.04541016,1446.95465098,1446.97047955,0.04365089,591.75085926,103,0
5927.63928416,5927.64501953,0.00000000,1468.98486328,0.00000000,592.26687213,103,1
5927.87394407,5927.87402344,1477.68673867,1477.68378938,0.03237247,592.46827885,103,0
5928.55383800,5928.58251953,0.00000000,1503.00000000,0.00000000,593.04638654,103,4
5930.50302128,5930.50390625,1575.97774382,1575.94447181,0.05084849,594.64518739,103,0
5931.12268083,5931.12304688,1599.28568299,1599.27188471,0.07979782,595.13551072,103,0
5931.57798466,5931.57714844,1616.42113549,1616.45272408,0.01608830,595.49013996,103,0
5884.68220890,5934.07080078,0.00000000,-1.00000000,0.00000000,538.00921654,103,4
5938.03102887,5938.03076172,1863.90186622,1863.91226818,0.04273601,599.98651045,103,0
5884.68220890,5938.80712891,0.00000000,-1.00000000,0.00000000,538.00921654,103,4
5884.68220890,5938.93408203,0.00000000,-1.00000000,0.00000000,538.00921654,103,4
5939.30861617,5939.30859375,1913.81967065,1913.82054928,0.04429129,600.75479148,103,0
5884.68220890,5939.68115234,0.00000000,-1.00000000,0.00000000,538.00921654,103,4
5940.09558131,5940.10205078,0.00000000,1944.72241211,0.00000000,601.20717853,103,3
5940.47014377,5940.47070312,0.00000000,1959.46936035,0.00000000,601.41678204,103,3
5884.68220890,5940.69091797,0.00000000,-1.00000000,0.00000000,538.00921654,103,4
5942.22677378,5942.21191406,0.00000000,2029.00000000,0.00000000,602.35034670,103,5
5943.18024935,5943.21240234,0.00000000,2067.00000000,0.00000000,602.82242039,103,4
5943.87984050,5943.90039062,0.00000000,2095.00000000,0.00000000,603.15301650,103,4
5944.00450220,5944.00488281,0.00000000,2100.00000000,0.00000000,603.21051162,103,4
5944.45261851,5944.44189453,0.00000000,2118.00000000,0.00000000,603.41363041,103,4
5884.68220890,5946.65429688,0.00000000,-1.00000000,0.00000000,538.00921654,103,4
5950.44687400,5950.44726562,2362.95298123,2362.93671899,0.05626379,605.57666948,103,0
5951.01446875,5951.01855469,0.00000000,2386.55810547,0.00000000,605.72609332,103,2
5952.05402958,5952.07470703,0.00000000,2430.00000000,0.00000000,605.97372834,103,5
5952.29246429,5952.28662109,0.00000000,2440.00000000,0.00000000,606.02574863,103,4
5952.41156028,5952.42089844,0.00000000,2445.00000000,0.00000000,606.05105945,103,4
5954.89387499,5954.89941406,0.00000000,2550.00000000,0.00000000,606.47490443,103,5
5955.22479888,5955.23144531,0.00000000,2564.11303711,0.00000000,606.51620302,103,3
5956.20316463,5956.23388672,0.00000000,2606.00000000,0.00000000,606.61691416,103,4
5956.38937550,5956.40966797,0.00000000,2614.00000000,0.00000000,606.63242975,103,4
5957.21164158,5957.21142578,2649.41093857,2649.42026035,0.03241269,606.68679463,103,0
5957.91768750,5957.90966797,0.00000000,2680.00000000,0.00000000,606.71492542,103,4
5958.74534853,5958.74072266,0.00000000,2716.00000000,0.00000000,606.72571337,103,4
5959.11184583,5959.11816406,0.00000000,2732.00000000,0.00000000,606.72275810,103,4
5959.24906775,5959.23925781,0.00000000,2738.00000000,0.00000000,606.72042042,103,5
5962.19344890,5962.17529297,0.00000000,2868.00000000,0.00000000,606.50513667,103,4
5962.43286058,5962.43164062,2878.63367287,2878.68813567,0.03823223,606.47343782,103,0
5884.68220890,5963.70800781,0.00000000,-1.00000000,0.00000000,538.00921654,103,4
5971.39116103,5971.39111328,3290.92935354,3290.93162141,0.04832110,603.62922310,103,0
5972.10655458,5972.10400391,0.00000000,3325.00000000,0.00000000,603.25288117,103,4
5972.69171884,5972.72900391,0.00000000,3353.00000000,0.00000000,602.92744139,103,4
5972.98333788,5973.01318359,0.00000000,3367.00000000,0.00000000,602.75926399,103,4
5975.31940439,5975.31933594,3480.28781070,3480.29116093,0.06024436,601.26453555,103,0
5976.71591778,5976.71972656,0.00000000,3549.00000000,0.00000000,600.24204484,103,4
5983.54199448,5983.54150391,0.00000000,3896.56982422,0.00000000,593.72975889,103,3
5983.75973311,5983.75292969,0.00000000,3908.00000000,0.00000000,593.47763963,103,5
5884.68220890,5984.82226562,0.00000000,-1.00000000,0.00000000,538.00921654,103,4
5942.79587726,5942.77343750,0.00000000,13.00000000,0.00000000,582.92246723,102,4
5944.03275367,5944.00488281,0.00000000,52.00000000,0.00000000,584.87773238,102,4
5944.44400446,5944.44189453,0.00000000,65.00000000,0.00000000,585.52319954,102,4
5950.44414723,5950.44726562,0.00000000,256.58306885,0.00000000,594.67099469,102,3
5956.26456805,5956.23388672,0.00000000,446.00000000,0.00000000,603.04414826,102,4
5957.20650307,5957.21142578,0.00000000,477.00000000,0.00000000,604.35095080,102,4
5957.90795416,5957.90966797,500.21018522,500.15355893,0.02931894,605.31532604,102,0
5961.33329947,5961.32470703,0.00000000,614.00000000,0.00000000,609.91211814,102,4
5961.99052336,5962.02050781,0.00000000,636.00000000,0.00000000,610.77261950,102,4
5962.40796686,5962.43164062,0.00000000,650.00000000,0.00000000,611.31552382,102,4
5965.60756764,5965.57812500,0.00000000,758.00000000,0.00000000,615.38109788,102,4
5971.39161009,5971.39111328,956.45118894,956.46842063,0.01691900,622.28655545,102,0
5942.38254447,5972.72900391,0.00000000,-1.00000000,0.00000000,582.26442419,102,4
5975.31922699,5975.31933594,1093.73465106,1093.73081530,0.03145062,626.63376949,102,0
5979.71768890,5979.73095703,0.00000000,1250.00000000,0.00000000,631.15621536,102,4
5980.99765405,5980.98144531,0.00000000,1296.00000000,0.00000000,632.40089139,102,4
5983.53581101,5983.54150391,0.00000000,1387.94468614,0.11220632,634.77072738,102,0
5983.75489912,5983.75292969,1395.85329329,1395.92508367,0.05983315,634.96899806,102,0
5985.66934211,5985.64843750,0.00000000,1466.00000000,0.00000000,636.65908581,102,4
5986.64677837,5986.64794922,0.00000000,1502.00000000,0.00000000,637.49180435,102,4
5986.86342243,5986.86669922,0.00000000,1510.00000000,0.00000000,637.67357670,102,4
5987.32310977,5987.33691406,0.00000000,1527.00000000,0.00000000,638.05588718,102,4
5987.92473838,5987.92480469,1549.28822048,1549.28575942,0.02956223,638.54891911,102,0
5990.70446583,5990.70361328,1653.07595917,1653.10800181,0.05223976,640.72392134,102,0
5991.39804696,5991.40185547,0.00000000,1679.22717285,0.00000000,641.23950361,102,3
5992.66674837,5992.66650391,1727.17514225,1727.18441323,0.04291663,642.15308576,102,0
5995.15320027,5995.15283203,1822.01488476,1822.02901350,0.05872887,643.83375634,102,0
5995.78929291,5995.78906250,1846.46150944,1846.47037575,0.01475672,644.23971334,102,0
5942.38254447,5996.88037109,0.00000000,-1.00000000,0.00000000,582.26442419,102,4
5998.29119572,5998.29052734,1943.31655378,1943.34258634,0.02667556,645.73925177,102,0
6001.26377723,6001.25000000,0.00000000,2060.00000000,0.00000000,647.31301550,102,4
6002.42385674,6002.42431641,0.00000000,2106.00000000,0.00000000,647.86386500,102,4
6002.86240157,6002.86523438,0.00000000,2123.46069336,0.00000000,648.06263127,102,2
6006.82887491,6006.82812500,2283.18351780,2283.21404354,0.04955250,649.61735087,102,0
6008.73591875,6008.73583984,2361.23244998,2361.23569465,0.04357667,650.20371829,102,0
5942.38254447,6009.25292969,0.00000000,-1.00000000,0.00000000,582.26442419,102,4
6010.08646366,6010.10009766,0.00000000,2417.00000000,0.00000000,650.55324651,102,4
6011.82509623,6011.82470703,2489.38408318,2489.40037383,0.03041762,650.92050841,102,0
6013.19831617,6013.19873047,2547.11420861,2547.09673521,0.06736757,651.14316502,102,0
6013.97652922,6013.99951172,0.00000000,2580.00000000,0.00000000,651.24233085,102,4
6015.10550066,6015.10351562,0.00000000,2628.00000000,0.00000000,651.35076118,102,4
6017.08619710,6017.08789062,0.00000000,2713.00000000,0.00000000,651.43726980,102,4
6018.02091344,6018.02490234,0.00000000,2753.46997070,0.00000000,651.43106118,102,3
6019.54584137,6019.52734375,0.00000000,2820.00000000,0.00000000,651.35439308,102,5
6020.65659656,6020.66113281,0.00000000,2868.86450195,0.00000000,651.24542929,102,3
5942.38254447,6021.30566406,0.00000000,-1.00000000,0.00000000,582.26442419,102,4
5942.38254447,6022.16503906,0.00000000,-1.00000000,0.00000000,582.26442419,102,4
6022.70302944,6022.70312500,2959.81224139,2959.80796665,0.04031441,650.92387755,102,0
6024.89236608,6024.89257812,3058.48365382,3058.47402471,0.05310940,650.40023667,102,0
5942.38254447,6025.75537109,0.00000000,-1.00000000,0.00000000,582.26442419,102,4
5942.38254447,6027.44677734,0.00000000,-1.00000000,0.00000000,582.26442419,102,4
6027.71441175,6027.71337891,3187.80122525,3187.84903308,0.04502242,649.43787070,102,0
6029.90364722,6029.94042969,0.00000000,3290.00000000,0.00000000,648.45686924,102,4
6033.57398501,6033.57861328,0.00000000,3465.00000000,0.00000000,646.32250598,102,4
6034.54329394,6034.54296875,3512.03348763,3512.04932868,0.06568090,645.65089012,102,0
6035.08284631,6035.08349609,3538.41711276,3538.38533317,0.06722439,645.25685495,102,0
6035.77795977,6035.80664062,0.00000000,3572.47973633,0.00000000,644.72744526,102,3
6035.91043309,6035.88281250,0.00000000,3579.00000000,0.00000000,644.62371997,102,5
6036.03221168,6036.00390625,0.00000000,3585.00000000,0.00000000,644.52756749,102,4
6036.19439759,6036.21093750,0.00000000,3593.00000000,0.00000000,644.39831511,102,4
5942.38254447,6036.86328125,0.00000000,-1.00000000,0.00000000,582.26442419,102,4
6039.36920208,6039.36914062,3751.77184200,3751.77495665,0.05108306,641.58496817,102,0
6040.35239215,6040.35253906,3801.81445176,3801.80694599,0.04887326,640.60053421,102,0
6040.86395260,6040.89697266,0.00000000,3828.00000000,0.00000000,640.06643783,102,4
6041.31113118,6041.33593750,0.00000000,3851.00000000,0.00000000,639.58684035,102,4
6044.26004128,6044.26269531,0.00000000,4005.00000000,0.00000000,636.11992877,102,5
6044.73133072,6044.72021484,0.00000000,4030.00000000,0.00000000,635.51512643,102,4
6006.82938371,6006.82812500,175.91977098,175.95963580,0.02378462,635.99166496,101,0
6008.73659611,6008.73583984,236.51895405,236.54304981,0.01699886,638.84165391,101,0
6011.82545354,6011.82470703,335.42488246,335.44890717,0.02215437,643.34696962,101,0
6013.19965620,6013.19873047,379.74677418,379.77670139,0.05152146,645.30684264,101,0
6017.07911821,6017.08789062,0.00000000,506.00000000,0.00000000,650.68652465,101,4
6018.02428897,6018.02490234,0.00000000,537.00000000,0.00000000,651.96225314,101,4
6020.66066162,6020.66113281,0.00000000,624.00000000,0.00000000,655.44672177,101,4
6021.29801005,6021.30566406,0.00000000,645.15173340,0.00000000,656.27253490,101,3
6021.95485997,6021.93847656,0.00000000,667.00000000,0.00000000,657.11677919,101,4
6022.70286843,6022.70312500,691.94172568,691.93315895,0.03199475,658.06934890,101,0
6001.22520623,6023.07910156,0.00000000,-1.00000000,0.00000000,627.32477984,101,4
6024.89293819,6024.89257812,765.32587039,765.33798638,0.01760748,660.80646456,101,0
6027.44966459,6027.44677734,851.68414202,851.78220366,0.07452913,663.90097992,101,0
6027.72090203,6027.71337891,0.00000000,861.00000000,0.00000000,664.22273907,101,5
6001.22520623,6033.57861328,0.00000000,-1.00000000,0.00000000,627.32477984,101,4
6034.02855439,6034.04248047,0.00000000,1078.00000000,0.00000000,671.34012794,101,4
6034.34428922,6034.34423828,0.00000000,1089.00000000,0.00000000,671.67756263,101,4
6034.54278217,6034.54296875,1095.92504190,1095.91853454,0.03351500,671.88864075,101,0
6035.08293516,6035.08349609,1114.79786022,1114.77825313,0.03368241,672.45950786,101,0
6001.22520623,6036.00390625,0.00000000,-1.00000000,0.00000000,627.32477984,101,4
6036.17360184,6036.21093750,0.00000000,1153.00000000,0.00000000,673.59613945,101,5
6036.54357607,6036.51367188,0.00000000,1166.00000000,0.00000000,673.97653391,101,4
6036.85620759,6036.86328125,0.00000000,1177.00000000,0.00000000,674.29594934,101,4
6001.22520623,6037.54345703,0.00000000,-1.00000000,0.00000000,627.32477984,101,4
6038.41353705,6038.43359375,0.00000000,1232.00000000,0.00000000,675.85924895,101,4
6039.37138731,6039.36914062,0.00000000,1266.00000000,0.00000000,676.79749869,101,4
6040.35255301,6040.35253906,1300.95708227,1300.95758032,0.03893973,677.73974900,101,0
6044.26279379,6044.26269531,1441.71536278,1441.71893634,0.03564706,681.30381288,101,0
6044.71053631,6044.72021484,0.00000000,1458.00000000,0.00000000,681.69227457,101,4
6046.10874285,6046.10644531,0.00000000,1509.00000000,0.00000000,682.87722354,101,4
6048.85289166,6048.82861328,0.00000000,1610.00000000,0.00000000,685.08120423,101,4
6049.44624132,6049.47314453,0.00000000,1632.00000000,0.00000000,685.53613402,101,5
6050.72601018,6050.72607422,1679.64129907,1679.63890780,0.02731308,686.49041882,101,0
6052.65294245,6052.65722656,0.00000000,1751.92150879,0.00000000,687.85783328,101,3
6054.11996459,6054.12011719,1807.36822867,1807.36244018,0.03621991,688.84087436,101,0
6055.05700746,6055.05664062,1842.96913912,1842.98311380,0.04912736,689.44235334,101,0
6001.22520623,6057.27001953,0.00000000,-1.00000000,0.00000000,627.32477984,101,4
6059.85004973,6059.85888672,0.00000000,2027.72009277,0.00000000,692.18380874,101,3
6060.26711585,6060.29052734,0.00000000,2044.00000000,0.00000000,692.39502101,101,5
6060.81096290,6060.81445312,0.00000000,2065.27978516,0.00000000,692.66368265,101,3
6063.20468352,6063.21386719,0.00000000,2159.64135742,0.00000000,693.75374957,101,3
6001.22520623,6063.30322266,0.00000000,-1.00000000,0.00000000,627.32477984,101,4
6001.22520623,6064.29443359,0.00000000,-1.00000000,0.00000000,627.32477984,101,4
6067.45924703,6067.45947266,2330.29072260,2330.28157109,0.03973706,695.30541340,101,0
6001.22520623,6068.76025391,0.00000000,-1.00000000,0.00000000,627.32477984,101,4
6070.69796992,6070.70068359,0.00000000,2462.83471680,0.00000000,696.13793207,101,2
6072.02879598,6072.02148438,0.00000000,2518.00000000,0.00000000,696.38836027,101,5
6072.55672944,6072.58154297,0.00000000,2540.00000000,0.00000000,696.47248769,101,4
6074.79443099,6074.78515625,0.00000000,2634.00000000,0.00000000,696.73082515,101,4
6075.00714653,6074.98291016,0.00000000,2643.00000000,0.00000000,696.74696362,101,4
6001.22520623,6075.90185547,0.00000000,-1.00000000,0.00000000,627.32477984,101,4
6078.78795385,6078.78808594,2804.90565956,2804.89993716,0.05655100,696.78072858,101,0
6079.55284680,6079.55566406,0.00000000,2838.11865234,0.00000000,696.72756137,101,2
6080.10413467,6080.10400391,2862.15626483,2862.16197781,0.06209278,696.67631521,101,0
6001.22520623,6080.90576172,0.00000000,-1.00000000,0.00000000,627.32477984,101,4
6081.15017884,6081.15527344,0.00000000,2908.00000000,0.00000000,696.54891836,101,5
6082.59884954,6082.58300781,0.00000000,2972.00000000,0.00000000,696.30587330,101,4
6001.22520623,6084.92626953,0.00000000,-1.00000000,0.00000000,627.32477984,101,4
6001.22520623,6085.22753906,0.00000000,-1.00000000,0.00000000,627.32477984,101,4
6001.22520623,6086.94042969,0.00000000,-1.00000000,0.00000000,627.32477984,101,4
6088.12716766,6088.13964844,0.00000000,3222.00000000,0.00000000,694.62873406,101,4
6088.36844079,6088.38671875,0.00000000,3233.12963867,0.00000000,694.52712733,101,3
6088.94804433,6088.94726562,3259.90542064,3259.94151112,0.06648722,694.27292055,101,0
6089.71574347,6089.71582031,3295.63251965,3295.62893723,0.04412770,693.91388559,101,0
6095.24955204,6095.24072266,0.00000000,3559.00000000,0.00000000,690.53399355,101,4
6001.22520623,6096.73339844,0.00000000,-1.00000000,0.00000000,627.32477984,101,4
6099.81333057,6099.81152344,0.00000000,3785.00000000,0.00000000,686.60817406,101,4
6100.76751883,6100.77148438,0.00000000,3833.35131836,0.00000000,685.64524396,101,3
6103.41405542,6103.41406250,3969.59378581,3969.59341668,0.05803793,682.69865843,101,0
6001.22520623,6104.28369141,0.00000000,-1.00000000,0.00000000,627.32477984,101,4
6105.30579625,6105.33105469,0.00000000,4069.00000000,0.00000000,680.33141096,101,4
6067.44580910,6067.45947266,0.00000000,193.00000000,0.00000000,682.70747579,100,4
6070.70083347,6070.70068359,295.77783728,295.78259419,0.02354232,687.47254214,100,0
6078.78788338,6078.78808594,555.91478183,555.90817837,0.02602782,698.65587593,100,0
6079.55535898,6079.55566406,580.97099183,580.96102073,0.02590349,699.66665567,100,0
6080.10364619,6080.10400391,598.90708569,598.89537488,0.03014491,700.38308183,100,0
6080.90599372,6080.90576172,625.19249455,625.20011201,0.02189348,701.42308644,100,0
6086.95719284,6086.94042969,0.00000000,826.00000000,0.00000000,708.93914150,100,5
6087.06000500,6087.05957031,829.42058694,829.43517106,0.01922102,709.06121648,100,0
6088.94169844,6088.94726562,0.00000000,892.80438232,0.00000000,711.27390909,100,3
6061.24446782,6089.71582031,0.00000000,-1.00000000,0.00000000,673.22970323,100,4
6061.24446782,6089.88867188,0.00000000,-1.00000000,0.00000000,673.22970323,100,4
6091.77408364,6091.79980469,0.00000000,989.00000000,0.00000000,714.49053218,100,4
6099.81991873,6099.81152344,0.00000000,1268.00000000,0.00000000,722.84975496,100,4
6100.76893738,6100.77148438,0.00000000,1301.49670410,0.00000000,723.75638057,100,2
6061.24446782,6101.49609375,0.00000000,-1.00000000,0.00000000,673.22970323,100,4
6101.68632462,6101.67773438,0.00000000,1334.00000000,0.00000000,724.61624683,100,5
6103.42670723,6103.41406250,0.00000000,1396.00000000,0.00000000,726.20216891,100,5
6104.28408271,6104.28369141,1426.68498088,1426.69901726,0.02970655,726.96107311,100,0
6105.32468991,6105.33105469,0.00000000,1464.12890625,0.00000000,727.86275224,100,2
6108.52954080,6108.53369141,0.00000000,1580.42504883,0.00000000,730.49874112,100,3
6109.22423393,6109.22412109,1605.82990844,1605.83404355,0.05046631,731.04132360,100,0
6109.96882857,6109.97070312,0.00000000,1633.18249512,0.00000000,731.61196099,100,3
6110.09980184,6110.09863281,0.00000000,1638.00000000,0.00000000,731.71104548,100,4
6061.24446782,6112.16699219,0.00000000,-1.00000000,0.00000000,673.22970323,100,4
6114.52956431,6114.52978516,1802.61476896,1802.60647797,0.02233974,734.83839033,100,0
6115.65556378,6115.65576172,0.00000000,1845.00000000,0.00000000,735.56257530,100,4
6116.23186809,6116.23144531,1866.74768159,1866.76367894,0.03767366,735.92142553,100,0
6061.24446782,6117.85888672,0.00000000,-1.00000000,0.00000000,673.22970323,100,4
6121.16047647,6121.15966797,2055.44325971,2055.47458231,0.01414036,738.66529606,100,0
6121.39278016,6121.39306641,2064.49133852,2064.48023442,0.01647118,738.77975641,100,0
6122.25073766,6122.25048828,2097.83090172,2097.84062000,0.05590474,739.19067871,100,0
6123.10570722,6123.10205078,0.00000000,2131.24339246,0.07391931,739.58148053,100,0
6061.24446782,6124.02441406,0.00000000,-1.00000000,0.00000000,673.22970323,100,4
6061.24446782,6124.44824219,0.00000000,-1.00000000,0.00000000,673.22970323,100,4
6125.52922528,6125.52783203,2226.61282305,2226.66803941,0.03494922,740.58412796,100,0
6125.76452411,6125.76318359,0.00000000,2236.00000000,0.00000000,740.67313218,100,4
6126.17602878,6126.17578125,2252.33010011,2252.33993968,0.03535638,740.82509276,100,0
6061.24446782,6127.43457031,0.00000000,-1.00000000,0.00000000,673.22970323,100,4
6131.22974947,6131.24267578,0.00000000,2456.00000000,0.00000000,742.30440113,100,4
6132.14297315,6132.15039062,0.00000000,2493.40600586,0.00000000,742.49263915,100,3
6133.66070267,6133.66162109,0.00000000,2556.00000000,0.00000000,742.74969250,100,4
6134.55731678,6134.56005859,0.00000000,2593.23364258,0.00000000,742.86819401,100,3
6134.75341048,6134.75439453,2601.43455830,2601.39354390,0.05217520,742.89073547,100,0
6135.53369530,6135.51220703,0.00000000,2634.00000000,0.00000000,742.96850563,100,4
6136.27244924,6136.25146484,0.00000000,2665.00000000,0.00000000,743.02419220,100,4
6061.24446782,6136.83349609,0.00000000,-1.00000000,0.00000000,673.22970323,100,4
6139.62561105,6139.62451172,2807.38840470,2807.43558534,0.04788966,743.05138031,100,0
6061.24446782,6140.21630859,0.00000000,-1.00000000,0.00000000,673.22970323,100,4
6140.34222507,6140.34521484,0.00000000,2838.26074219,0.00000000,743.00782373,100,2
6142.73088074,6142.69335938,0.00000000,2942.00000000,0.00000000,742.73200422,100,4
6061.24446782,6146.10546875,0.00000000,-1.00000000,0.00000000,673.22970323,100,4
6149.63171610,6149.65820312,0.00000000,3251.00000000,0.00000000,740.72960130,100,4
6153.69532935,6153.69531250,3440.05136092,3440.05215647,0.06489306,738.63251265,100,0
6155.77156084,6155.77148438,3538.87272764,3538.87639517,0.04512013,737.27275865,100,0
6156.21696992,6156.21923828,0.00000000,3560.28002930,0.00000000,736.95441828,100,3
6157.28107833,6157.28466797,0.00000000,3611.72656250,0.00000000,736.15451770,100,3
6061.24446782,6158.79150391,0.00000000,-1.00000000,0.00000000,673.22970323,100,4
6163.05845505,6163.05859375,3898.99045825,3898.98338939,0.04981000,730.78650358,100,0
6163.45847998,6163.47021484,0.00000000,3919.41186523,0.00000000,730.34648794,100,3
6166.18515823,6166.18554688,4060.58906994,4060.56869620,0.05812321,727.09456483,100,0
6123.09773575,6123.10205078,0.00000000,19.00000000,0.00000000,720.89254414,99,4
6126.17607116,6126.17578125,113.57641689,113.58536675,0.02118230,725.59881645,99,0
6134.56687682,6134.56005859,0.00000000,376.00000000,0.00000000,737.78658834,99,4
6134.75616315,6134.75439453,0.00000000,382.00000000,0.00000000,738.05032224,99,4
6139.60606889,6139.62451172,0.00000000,537.00000000,0.00000000,744.63216330,99,4
6140.34159032,6140.34521484,0.00000000,560.72436523,0.00000000,745.60029405,99,3
6141.06144016,6141.05273438,0.00000000,584.00000000,0.00000000,746.53997930,99,4
6142.72478927,6142.69335938,0.00000000,638.00000000,0.00000000,748.68141917,99,4
6146.78143147,6146.82519531,0.00000000,771.00000000,0.00000000,753.72539702,99,4
6150.18677359,6150.17578125,0.00000000,884.12347412,0.00000000,757.75782960,99,3
6122.47598792,6152.38525391,0.00000000,-1.00000000,0.00000000,719.92713042,99,4
6122.47598792,6153.69531250,0.00000000,-1.00000000,0.00000000,719.92713042,99,4
6122.47598792,6155.77148438,0.00000000,-1.00000000,0.00000000,719.92713042,99,4
6122.47598792,6156.21923828,0.00000000,-1.00000000,0.00000000,719.92713042,99,4
6157.28466207,6157.28466797,1124.48813805,1124.48793556,0.01284867,765.53982660,99,0
6158.79284225,6158.79150391,0.00000000,1176.41174316,0.00000000,767.08054678,99,3
6122.47598792,6163.05859375,0.00000000,-1.00000000,0.00000000,719.92713042,99,4
6163.44269439,6163.47021484,0.00000000,1338.41894531,0.00000000,771.56735907,99,3
6163.99886749,6163.96728516,0.00000000,1358.00000000,0.00000000,772.07679763,99,4
6122.47598792,6165.43115234,0.00000000,-1.00000000,0.00000000,719.92713042,99,4
6166.17372203,6166.18554688,0.00000000,1435.00000000,0.00000000,774.01138583,99,4
6166.56705394,6166.54882812,0.00000000,1449.00000000,0.00000000,774.35135877,99,4
6170.54764981,6170.54833984,0.00000000,1592.00000000,0.00000000,777.61655802,99,4
6171.52978480,6171.52929688,1627.62907127,1627.64682659,0.02502850,778.37168783,99,0
6172.36207026,6172.36279297,0.00000000,1658.00000000,0.00000000,778.99618004,99,4
6177.63856012,6177.66748047,0.00000000,1853.00000000,0.00000000,782.60244722,99,4
6177.87904343,6177.86816406,0.00000000,1862.00000000,0.00000000,782.75194276,99,4
6178.54294233,6178.51953125,0.00000000,1886.89868164,0.00000000,783.15773543,99,3
6180.14134033,6180.14111328,1947.14877548,1947.15736762,0.05395863,784.09246036,99,0
6181.55358476,6181.55908203,0.00000000,2000.79553223,0.00000000,784.86811394,99,3
6182.41530078,6182.41503906,2033.67871350,2033.68872424,0.03320320,785.31751495,99,0
6184.33254413,6184.33251953,0.00000000,2107.40993620,0.14412277,786.25221169,99,0
6122.47598792,6186.69970703,0.00000000,-1.00000000,0.00000000,719.92713042,99,4
6187.47763725,6187.48339844,0.00000000,2229.86889648,0.00000000,787.58322768,99,3
6188.09191984,6188.09033203,0.00000000,2254.01757812,0.00000000,787.81304622,99,3
6189.83743454,6189.83740234,2323.05786449,2323.05914397,0.06450817,788.41076360,99,0
6192.41017521,6192.42187500,0.00000000,2426.00000000,0.00000000,789.13869717,99,4
6193.61909762,6193.61865234,2474.84597979,2474.86404306,0.04821052,789.41583516,99,0
6195.55959220,6195.57031250,0.00000000,2554.00000000,0.00000000,789.77127195,99,4
6197.03694235,6197.03515625,2614.74467444,2614.81851913,0.05647595,789.96596455,99,0
6198.10635947,6198.11083984,0.00000000,2659.18505859,0.00000000,790.06497091,99,3
6199.93783736,6199.93750000,2735.77614627,2735.79033747,0.05071917,790.15049645,99,0
6122.47598792,6200.77441406,0.00000000,-1.00000000,0.00000000,719.92713042,99,4
6202.14514143,6202.14843750,0.00000000,2829.25415039,0.00000000,790.10833187,99,2
6122.47598792,6202.26806641,0.00000000,-1.00000000,0.00000000,719.92713042,99,4
6122.47598792,6204.88476562,0.00000000,-1.00000000,0.00000000,719.92713042,99,4
6205.20868194,6205.20898438,2961.09778762,2961.08464782,0.06761247,789.77512280,99,0
6122.47598792,6206.73535156,0.00000000,-1.00000000,0.00000000,719.92713042,99,4
6208.93747102,6208.93750000,3125.09044294,3125.08915297,0.06133154,788.91346511,99,0
6209.46724223,6209.46728516,3148.72295417,3148.72103575,0.03489448,788.74844491,99,0
6210.40480151,6210.40478516,3190.74829311,3190.74902839,0.04306696,788.42953708,99,0
6210.70462240,6210.70458984,3204.24500435,3204.24647150,0.08678476,788.32021275,99,0
6211.67319999,6211.66796875,0.00000000,3248.04711914,0.00000000,787.94231793,99,3
6122.47598792,6214.43798828,0.00000000,-1.00000000,0.00000000,719.92713042,99,4
6221.73221039,6221.73193359,3721.74760259,3721.76115467,0.05655580,781.59639066,99,0
6222.77444743,6222.78076172,0.00000000,3773.00000000,0.00000000,780.66214435,99,5
6223.03954435,6223.04052734,3786.16070316,3786.11206411,0.06312000,780.41529492,99,0
6225.23965457,6225.24121094,0.00000000,3896.00000000,0.00000000,778.22198125,99,4
6226.24889944,6226.24902344,3947.11016549,3947.10385764,0.06507163,777.12615643,99,0
6228.07942717,6228.09228516,0.00000000,4041.00000000,0.00000000,774.98726465,99,4
6189.83785829,6189.83740234,148.60237296,148.61635642,0.01084079,774.85403356,98,0
6192.41582239,6192.42187500,0.00000000,228.00000000,0.00000000,778.62983145,98,4
6193.61859458,6193.61865234,265.24342261,265.24163031,0.02572965,780.36119741,98,0
6195.56925140,6195.57031250,325.97935082,325.94622585,0.04122285,783.12859923,98,0
6197.04066852,6197.03515625,0.00000000,372.00000000,0.00000000,785.18281112,98,4
6199.93816508,6199.93750000,463.27715351,463.29821135,0.02019921,789.13960168,98,0
6202.16354542,6202.14843750,0.00000000,534.00000000,0.00000000,792.09821337,98,4
6205.20906165,6205.20898438,631.60682138,631.60931070,0.01930077,796.03137881,98,0
6208.93770097,6208.93750000,752.46980724,752.47636276,0.01171222,800.65826130,98,0
6210.40544352,6210.40478516,800.46615353,800.48774332,0.01144628,802.42140732,98,0
6211.63773678,6211.66796875,0.00000000,841.00000000,0.00000000,803.87608504,98,4
6214.43798911,6214.43798828,933.70153324,933.70156067,0.03156868,807.09082943,98,0
6184.95688095,6219.15966797,0.00000000,-1.00000000,0.00000000,767.47336090,98,4
6221.72800926,6221.73193359,0.00000000,1179.55944824,0.00000000,814.84894106,98,2
6222.76242773,6222.78076172,0.00000000,1215.00000000,0.00000000,815.87530007,98,5
6223.04015833,6223.04052734,1224.53737394,1224.52469095,0.01071433,816.14718373,98,0
6224.99554112,6225.02880859,0.00000000,1292.00000000,0.00000000,818.02533790,98,4
6225.25527304,6225.24121094,0.00000000,1301.00000000,0.00000000,818.26949951,98,4
6226.24960136,6226.24902344,1335.51399092,1335.53410394,0.01335704,819.19250587,98,0
6232.83830498,6232.84667969,0.00000000,1568.00000000,0.00000000,824.83302297,98,5
6233.09845846,6233.10498047,0.00000000,1577.31079102,0.00000000,825.03816861,98,3
6235.92014261,6235.92041016,1678.97005759,1678.96035944,0.05512817,827.17376609,98,0
6236.58007688,6236.58007812,1702.91584231,1702.91579705,0.05008803,827.64929721,98,0
6184.95688095,6236.90332031,0.00000000,-1.00000000,0.00000000,767.47336090,98,4
6239.80925918,6239.80761719,1821.10747983,1821.16805018,0.06270331,829.84155861,98,0
6241.98932865,6242.03271484,0.00000000,1902.00000000,0.00000000,831.19166137,98,5
6184.95688095,6242.67968750,0.00000000,-1.00000000,0.00000000,767.47336090,98,4
6243.59359386,6243.60156250,0.00000000,1962.00000000,0.00000000,832.11588927,98,4
6244.66814051,6244.66748047,2002.41647674,2002.44138140,0.01890943,832.70138366,98,0
6245.07998323,6245.08837891,0.00000000,2018.00000000,0.00000000,832.91860156,98,4
6247.91675871,6247.90136719,0.00000000,2126.00000000,0.00000000,834.30339111,98,4
6184.95688095,6249.84863281,0.00000000,-1.00000000,0.00000000,767.47336090,98,4
6252.21411292,6252.21484375,2292.56954428,2292.54090526,0.02936216,836.01737004,98,0
6253.49749652,6253.50781250,0.00000000,2343.00000000,0.00000000,836.43578271,98,4
6253.72551418,6253.69140625,0.00000000,2352.00000000,0.00000000,836.50548197,98,4
6256.50234222,6256.50292969,0.00000000,2462.48657227,0.00000000,837.23953532,98,3
6257.03821475,6257.07275391,0.00000000,2484.00000000,0.00000000,837.35631513,98,4
6257.26192714,6257.26123047,0.00000000,2493.00000000,0.00000000,837.40264062,98,4
6258.40104798,6258.39746094,0.00000000,2539.00000000,0.00000000,837.61612258,98,4
6259.15450889,6259.15429688,2569.57218397,2569.58080748,0.03210099,837.73648676,98,0
6260.34057608,6260.33789062,0.00000000,2618.00000000,0.00000000,837.89185496,98,4
6184.95688095,6261.95019531,0.00000000,-1.00000000,0.00000000,767.47336090,98,4
6262.79571844,6262.79589844,2719.26445837,2719.25697963,0.05160260,838.07730918,98,0
6263.15024869,6263.15087891,2734.02923890,2734.00299877,0.06278183,838.08858003,98,0
6184.95688095,6269.53173828,0.00000000,-1.00000000,0.00000000,767.47336090,98,4
6184.95688095,6273.27880859,0.00000000,-1.00000000,0.00000000,767.47336090,98,4
6275.85160793,6275.85205078,3284.32259955,3284.30259444,0.04987811,835.65169885,98,0
6276.81553986,6276.82177734,0.00000000,3328.00000000,0.00000000,835.21992856,98,4
6278.97874219,6278.97460938,0.00000000,3427.14866727,0.06576115,834.11042020,98,0
6280.89982037,6280.90332031,0.00000000,3516.52729918,0.03053441,832.95585888,98,0
6282.58489986,6282.61279297,0.00000000,3596.00000000,0.00000000,831.80638907,98,5
6287.01457608,6287.01660156,3810.11141963,3810.01178530,0.04251152,828.13642103,98,0
6287.78427910,6287.78369141,0.00000000,3848.00000000,0.00000000,827.39748480,98,5
6288.44894235,6288.44921875,0.00000000,3881.00000000,0.00000000,826.73418269,98,4
6288.99347468,6288.99414062,3908.19871179,3908.16539093,0.05282275,826.17323338,98,0
6289.76700154,6289.81005859,0.00000000,3947.00000000,0.00000000,825.34792552,98,4
6291.22695604,6291.22753906,0.00000000,4021.00000000,0.00000000,823.69910042,98,5
6292.10552741,6292.14111328,0.00000000,4066.00000000,0.00000000,822.64759727,98,4
6259.15430395,6259.15429688,316.96677107,316.96698940,0.02736115,831.16472327,97,0
6261.96014863,6261.95019531,0.00000000,404.00000000,0.00000000,835.03830406,97,5
6262.79489132,6262.79589844,430.06521630,430.03375605,0.04294814,836.16981573,97,0
6263.14999636,6263.15087891,441.16057948,441.13297827,0.03091228,836.64842020,97,0
6264.54965655,6264.53369141,0.00000000,485.00000000,0.00000000,838.51773982,97,4
6248.72579216,6268.34716797,0.00000000,-1.00000000,0.00000000,815.87425878,97,4
6273.28082994,6273.27880859,763.16038363,763.22574823,0.03108946,849.54743137,97,0
6275.85186685,6275.85205078,846.74488218,846.73888075,0.02893238,852.57973859,97,0
6276.80784483,6276.82177734,0.00000000,878.00000000,0.00000000,853.68176578,97,4
6276.92999203,6276.94824219,0.00000000,882.00000000,0.00000000,853.82147637,97,4
6277.87483692,6277.90136719,0.00000000,913.00000000,0.00000000,854.89424393,97,4
6278.97855570,6278.97460938,949.21328213,949.34349209,0.04061873,856.12939365,97,0
6248.72579216,6280.90332031,0.00000000,-1.00000000,0.00000000,815.87425878,97,4
6281.71239052,6281.71484375,0.00000000,1040.00000000,0.00000000,859.10442800,97,4
6282.90997603,6282.90722656,0.00000000,1080.00000000,0.00000000,860.36899979,97,4
6248.72579216,6284.88281250,0.00000000,-1.00000000,0.00000000,815.87425878,97,4
6287.01417385,6287.01660156,1218.53630522,1218.45376237,0.01297207,864.51884721,97,0
6287.77951221,6287.78369141,0.00000000,1244.51675140,0.02896949,865.26059722,97,0
6288.98826509,6288.99414062,0.00000000,1285.83386230,0.00000000,866.41088289,97,2
6291.22759181,6291.22753906,1362.88733087,1362.88915406,0.07044043,868.47228936,97,0
6292.93140938,6292.93115234,1421.98265788,1421.99160215,0.04973314,869.97945709,97,0
6293.36199970,6293.36865234,0.00000000,1437.00000000,0.00000000,870.35196433,97,4
6293.80032054,6293.79980469,1452.26323587,1452.28125245,0.05239952,870.72699085,97,0
6294.63198824,6294.63134766,1481.35935821,1481.38181365,0.02483475,871.42929904,97,0
6294.98366602,6294.98291016,1493.69241766,1493.71895314,0.03627979,871.72234478,97,0
6296.80766108,6296.79687500,0.00000000,1558.00000000,0.00000000,873.20397700,97,4
6296.92072628,6296.90429688,0.00000000,1562.00000000,0.00000000,873.29366528,97,4
6297.87960477,6297.84570312,0.00000000,1596.00000000,0.00000000,874.04414862,97,4
6300.63884098,6300.64404297,0.00000000,1694.61901855,0.00000000,876.10085481,97,3
6248.72579216,6301.18261719,0.00000000,-1.00000000,0.00000000,815.87425878,97,4
6302.65937188,6302.65869141,1767.55387461,1767.57855887,0.01882341,877.50748055,97,0
6303.15553290,6303.15576172,1785.60516783,1785.59684850,0.02176529,877.83981401,97,0
6304.99435647,6304.99365234,1852.70430036,1852.73011212,0.03065436,879.02555512,97,0
6248.72579216,6307.02050781,0.00000000,-1.00000000,0.00000000,815.87425878,97,4
6248.72579216,6307.10009766,0.00000000,-1.00000000,0.00000000,815.87425878,97,4
6248.72579216,6309.18652344,0.00000000,-1.00000000,0.00000000,815.87425878,97,4
6312.55558801,6312.55566406,2134.88433956,2134.88144972,0.05621171,883.10447938,97,0
6314.36303867,6314.36816406,0.00000000,2203.88110352,0.00000000,883.87961802,97,4
6317.52227390,6317.52099609,2325.92778432,2325.97756725,0.05570330,885.03714900,97,0
6248.72579216,6318.92968750,0.00000000,-1.00000000,0.00000000,815.87425878,97,4
6248.72579216,6320.91064453,0.00000000,-1.00000000,0.00000000,815.87425878,97,4
6323.04087957,6323.04833984,0.00000000,2544.17382812,0.00000000,886.42446055,97,3
6323.56531804,6323.56738281,0.00000000,2565.25097656,0.00000000,886.51219679,97,3
6324.25343832,6324.27929688,0.00000000,2593.00000000,0.00000000,886.61527344,97,4
6324.59960621,6324.61621094,0.00000000,2607.00000000,0.00000000,886.66191472,97,5
6325.58187442,6325.59082031,0.00000000,2646.87500000,0.00000000,886.77504650,97,3
6326.14902353,6326.14599609,0.00000000,2670.00000000,0.00000000,886.82728726,97,5
6327.36900192,6327.33935547,0.00000000,2720.00000000,0.00000000,886.90668883,97,5
6328.11649790,6328.11621094,2750.79358854,2750.80544398,0.04502273,886.93276568,97,0
6329.02753585,6329.02734375,2788.53292732,2788.54090559,0.03608955,886.94097298,97,0
6333.17542279,6333.16455078,0.00000000,2963.00000000,0.00000000,886.63915534,97,4
6248.72579216,6334.26318359,0.00000000,-1.00000000,0.00000000,815.87425878,97,4
6248.72579216,6334.75292969,0.00000000,-1.00000000,0.00000000,815.87425878,97,4
6339.36898524,6339.37255859,0.00000000,3232.16748047,0.00000000,885.07727439,97,3
6341.41776509,6341.42138672,0.00000000,3323.68994141,0.00000000,884.24304253,97,1
6342.04561894,6342.05224609,0.00000000,3352.00000000,0.00000000,883.95383028,97,4
6344.61330200,6344.61328125,3469.10903864,3469.10999399,0.06753997,882.60096759,97,0
6347.87513726,6347.87548828,3621.12310639,3621.10655018,0.06123999,880.46914034,97,0
6349.84949809,6349.88183594,0.00000000,3715.00000000,0.00000000,878.93994858,97,4
6350.49257271,6350.49267578,3745.90498834,3745.90002304,0.05317208,878.40122759,97,0
6357.38681029,6357.38720703,4087.82261512,4087.80234373,0.05277951,871.26722947,97,0
6317.51599373,6317.52099609,0.00000000,110.00000000,0.00000000,870.72763410,96,4
6318.91563399,6318.92968750,0.00000000,152.00000000,0.00000000,872.77859225,96,5
6320.14386975,6320.14599609,0.00000000,189.00000000,0.00000000,874.55845697,96,4
6320.90510822,6320.91064453,0.00000000,212.00000000,0.00000000,875.65214639,96,4
6323.01420895,6323.04833984,0.00000000,276.00000000,0.00000000,878.64417171,96,4
6323.56342597,6323.56738281,0.00000000,292.73309326,0.00000000,879.41400970,96,3
6325.56648689,6325.59082031,0.00000000,354.00000000,0.00000000,882.18871161,96,4
6313.82297732,6326.14599609,0.00000000,-1.00000000,0.00000000,865.20197799,96,4
6327.32171984,6327.33935547,0.00000000,408.00000000,0.00000000,884.57700615,96,4
6328.11674814,6328.11621094,432.53706012,432.55367624,0.01381131,885.64520660,96,0
6329.02757332,6329.02734375,460.76108058,460.76820220,0.02582822,886.85897082,96,0
6313.82297732,6336.76464844,0.00000000,-1.00000000,0.00000000,865.20197799,96,4
6338.15172414,6338.16796875,0.00000000,748.00000000,0.00000000,898.38205505,96,4
6339.37237068,6339.37255859,787.08954707,787.08351583,0.03249502,899.83274818,96,0
6341.42179740,6341.42138672,853.07286203,853.08613584,0.03994125,902.21888620,96,0
6342.06763641,6342.05224609,0.00000000,874.00000000,0.00000000,902.95826763,96,4
6313.82297732,6343.53613281,0.00000000,-1.00000000,0.00000000,865.20197799,96,4
6313.82297732,6343.63037109,0.00000000,-1.00000000,0.00000000,865.20197799,96,4
6344.61320827,6344.61328125,956.84094437,956.83855882,0.03653476,905.80796814,96,0
6313.82297732,6346.08447266,0.00000000,-1.00000000,0.00000000,865.20197799,96,4
6313.82297732,6347.87548828,0.00000000,-1.00000000,0.00000000,865.20197799,96,4
6313.82297732,6350.49267578,0.00000000,-1.00000000,0.00000000,865.20197799,96,4
6357.38761415,6357.38720703,1384.44620954,1384.46017759,0.00864971,918.51468006,96,0
6357.66843785,6357.66796875,1394.08457828,1394.10069103,0.04816446,918.76247309,96,0
6313.82297732,6357.89550781,0.00000000,-1.00000000,0.00000000,865.20197799,96,4
6360.37318733,6360.37939453,0.00000000,1487.50378418,0.00000000,921.07499192,96,3
6360.88815423,6360.89355469,0.00000000,1505.40246582,0.00000000,921.49987198,96,3
6361.43301377,6361.43261719,1524.35567633,1524.36950423,0.02348243,921.94370300,96,0
6362.19513329,6362.22314453,0.00000000,1551.00000000,0.00000000,922.55572935,96,4
6365.03670921,6365.03125000,0.00000000,1651.00000000,0.00000000,924.73788815,96,4
6366.19190969,6366.18701172,0.00000000,1692.00000000,0.00000000,925.57959836,96,4
6368.20667573,6368.18847656,0.00000000,1764.00000000,0.00000000,926.98318261,96,4
6370.90017350,6370.89990234,1861.23779216,1861.24764234,0.05345820,928.72818283,96,0
6373.70547887,6373.70507812,1963.80296311,1963.81771094,0.05059691,930.38098904,96,0
6373.87630343,6373.88671875,0.00000000,1970.11328125,0.00000000,930.47615968,96,1
6376.00772854,6376.03076172,0.00000000,2049.00000000,0.00000000,931.60717518,96,4
6376.58821220,6376.58837891,2070.60814054,2070.60192226,0.02851899,931.89701421,96,0
6378.49300580,6378.47167969,0.00000000,2142.00000000,0.00000000,932.79420319,96,4
6378.69360967,6378.69335938,2149.53095679,2149.54038806,0.01973727,932.88350780,96,0
6380.51881480,6380.52343750,0.00000000,2218.64404297,0.00000000,933.65346552,96,3
6380.79098454,6380.76708984,0.00000000,2229.00000000,0.00000000,933.76132188,96,4
6380.92225948,6380.93554688,0.00000000,2234.00000000,0.00000000,933.81269384,96,4
6381.43686427,6381.43701172,2253.63543170,2253.62980013,0.02830220,934.00995396,96,0
6383.37417111,6383.37402344,0.00000000,2328.00000000,0.00000000,934.69333525,96,4
6313.82297732,6384.56787109,0.00000000,-1.00000000,0.00000000,865.20197799,96,4
6313.82297732,6384.98974609,0.00000000,-1.00000000,0.00000000,865.20197799,96,4
6389.16114571,6389.16113281,2554.67121948,2554.67173244,0.03659571,936.15194775,96,0
6390.17945843,6390.18408203,0.00000000,2595.29956055,0.00000000,936.31405546,96,3
6390.57945544,6390.57958984,2611.31483371,2611.30944514,0.04260019,936.36964352,96,0
6391.14876448,6391.15820312,0.00000000,2634.18261719,0.00000000,936.44092853,96,3
6391.89070599,6391.89550781,0.00000000,2664.08837891,0.00000000,936.51969731,96,3
6392.94403383,6392.94384766,0.00000000,2706.76220703,0.00000000,936.60377460,96,3
6394.13702806,6394.13574219,0.00000000,2755.40722656,0.00000000,936.65899912,96,3
6395.81307548,6395.81738281,0.00000000,2824.32373047,0.00000000,936.66316198,96,3
6396.81861684,6396.81542969,0.00000000,2866.00000000,0.00000000,936.62354179,96,4
6313.82297732,6398.71728516,0.00000000,-1.00000000,0.00000000,865.20197799,96,4
6313.82297732,6400.22119141,0.00000000,-1.00000000,0.00000000,865.20197799,96,4
6402.49132135,6402.46484375,0.00000000,3106.00000000,0.00000000,935.77742306,96,4
6408.21677645,6408.21679688,3357.35374515,3357.35283096,0.06217827,933.76251142,96,0
6413.67128370,6413.67138672,3606.41136910,3606.40656945,0.06422891,930.62716298,96,0
6415.38768146,6415.38720703,3686.88473383,3686.90714053,0.04576513,929.37132819,96,0
6417.30692175,6417.31054688,0.00000000,3778.21728516,0.00000000,927.80351561,96,3
6417.86435407,6417.87500000,0.00000000,3805.00000000,0.00000000,927.31475178,96,5
6381.44785938,6381.43701172,0.00000000,34.00000000,0.00000000,917.21275689,95,4
6389.16210627,6389.16113281,263.49448974,263.52378667,0.01775614,928.35335764,95,0
6390.17302096,6390.18408203,0.00000000,294.00000000,0.00000000,929.76022077,95,4
6390.57269418,6390.57958984,0.00000000,306.07177734,0.00000000,930.31279452,95,3
6391.15697591,6391.15820312,0.00000000,323.74584961,0.00000000,931.11700581,95,3
6391.89119336,6391.89550781,0.00000000,346.00000000,0.00000000,932.12150528,95,4
6392.94406422,6392.94384766,0.00000000,378.00000000,0.00000000,933.55005229,95,4
6394.12447174,6394.13574219,0.00000000,414.00000000,0.00000000,935.13480977,95,4
6395.81263363,6395.81738281,0.00000000,465.71588135,0.00000000,937.36996807,95,3
6396.79705752,6396.81542969,0.00000000,496.00000000,0.00000000,938.65616832,95,4
6380.29038758,6398.71728516,0.00000000,-1.00000000,0.00000000,915.48060318,95,4
6380.29038758,6400.22119141,0.00000000,-1.00000000,0.00000000,915.48060318,95,4
6408.21716080,6408.21679688,854.47399307,854.48563715,0.00930549,952.60888865,95,0
6380.29038758,6410.36962891,0.00000000,-1.00000000,0.00000000,915.48060318,95,4
6413.67145213,6413.67138672,1030.70499661,1030.70713007,0.03000681,958.60739624,95,0
6415.38717400,6415.38720703,1086.84270853,1086.84162471,0.03895700,960.39912360,95,0
6415.90941663,6415.91308594,0.00000000,1104.00000000,0.00000000,960.93531281,95,4
6416.45621105,6416.47802734,0.00000000,1122.00000000,0.00000000,961.49202533,95,4
6380.29038758,6417.31054688,0.00000000,-1.00000000,0.00000000,915.48060318,95,4
6417.87143121,6417.87500000,0.00000000,1168.75720215,0.00000000,962.91051445,95,3
6423.87752936,6423.88232422,0.00000000,1370.00000000,0.00000000,968.56010007,95,4
6426.59034533,6426.58837891,1462.36752274,1462.43489906,0.02676703,970.90726343,95,0
6428.46707999,6428.49902344,0.00000000,1527.00000000,0.00000000,972.45420239,95,4
6429.26902199,6429.28125000,0.00000000,1554.73339844,0.00000000,973.09530862,95,2
6430.55196341,6430.55029297,1599.22245495,1599.28062331,0.04662653,974.09570017,95,0
6434.69947548,6434.73095703,0.00000000,1745.00000000,0.00000000,977.11497256,95,4
6438.44909965,6438.44873047,0.00000000,1879.00000000,0.00000000,979.54918465,95,4
6440.16299201,6440.16259766,0.00000000,1941.00000000,0.00000000,980.56449478,95,4
6440.68555243,6440.69531250,0.00000000,1960.00000000,0.00000000,980.86158360,95,4
6380.29038758,6442.02490234,0.00000000,-1.00000000,0.00000000,915.48060318,95,4
6443.06234344,6443.06152344,0.00000000,2047.00000000,0.00000000,982.13771398,95,5
6445.62767856,6445.60058594,0.00000000,2142.00000000,0.00000000,983.37326798,95,4
6447.41939050,6447.42138672,2209.11816585,2209.04311018,0.06839622,984.14598044,95,0
6447.89637476,6447.91601562,0.00000000,2227.00000000,0.00000000,984.33900049,95,4
6448.55308773,6448.55273438,2251.76714401,2251.78049829,0.04577915,984.59569243,95,0
6450.95186021,6450.94238281,0.00000000,2343.00000000,0.00000000,985.44392050,95,4
6380.29038758,6452.06591797,0.00000000,-1.00000000,0.00000000,915.48060318,95,4
6452.72117469,6452.73828125,0.00000000,2411.00000000,0.00000000,985.97730203,95,4
6456.41458831,6456.41503906,0.00000000,2555.00000000,0.00000000,986.82780512,95,4
6457.04880914,6457.04931641,2580.02820055,2580.00816002,0.08195271,986.93687514,95,0
6459.06635918,6459.06689453,0.00000000,2660.17758080,0.10214411,987.20943397,95,0
6460.25923919,6460.24853516,0.00000000,2708.00000000,0.00000000,987.31605308,95,4
6461.07770678,6461.08203125,0.00000000,2741.00000000,0.00000000,987.36523563,95,4
6462.26004719,6462.26025391,2788.94786012,2788.93944859,0.06216619,987.40119669,95,0
6462.84700955,6462.84521484,2812.79255171,2812.86583804,0.04830971,987.40341749,95,0
6467.36844007,6467.37646484,0.00000000,3000.00000000,0.00000000,987.05945287,95,4
6468.50413828,6468.50390625,3047.80318701,3047.81299403,0.04633566,986.86877611,95,0
6380.29038758,6469.46191406,0.00000000,-1.00000000,0.00000000,915.48060318,95,4
6380.29038758,6469.59423828,0.00000000,-1.00000000,0.00000000,915.48060318,95,4
6480.37895396,6480.40625000,0.00000000,3570.00000000,0.00000000,982.06061662,95,4
6482.39255247,6482.40039062,0.00000000,3663.00000000,0.00000000,980.67999218,95,5
6483.09246719,6483.09277344,3695.67124730,3695.65691309,0.05154468,980.15755152,95,0
6485.42884858,6485.41015625,0.00000000,3806.00000000,0.00000000,978.24754027,95,4
6485.86110741,6485.86230469,3826.69176038,3826.63450150,0.05889443,977.86556248,95,0
6489.27381022,6489.27392578,3992.22360989,3992.21792137,0.06284751,974.51729256,95,0
6490.67602124,6490.67626953,4061.66770412,4061.65533096,0.06059321,972.96333451,95,0
6448.55054980,6448.55273438,0.00000000,11.00000000,0.00000000,967.25673534,94,5
6451.77107689,6451.78857422,0.00000000,105.00000000,0.00000000,971.98732914,94,4
6452.45250022,6452.48486328,0.00000000,125.00000000,0.00000000,972.97295685,94,4
6452.69068338,6452.73828125,0.00000000,132.00000000,0.00000000,973.31619600,94,4
6457.05076966,6457.04931641,0.00000000,261.00000000,0.00000000,979.48101428,94,4
6459.06695127,6459.06689453,321.20252716,321.20422683,0.02585020,982.25390465,94,0
6462.21591971,6462.26025391,0.00000000,416.00000000,0.00000000,986.48564202,94,5
6462.84844078,6462.84521484,435.05001015,435.14776877,0.03150511,987.32046304,94,0
6468.11270302,6468.14453125,0.00000000,596.00000000,0.00000000,994.06886376,94,4
6468.50459954,6468.50390625,608.06472464,608.08610874,0.03457443,994.55683126,94,0
6469.44055652,6469.46191406,0.00000000,637.00000000,0.00000000,995.71338198,94,4
6482.21931189,6482.23339844,0.00000000,1041.00000000,0.00000000,1010.27718881,94,4
6483.08562051,6483.09277344,0.00000000,1069.04199219,0.00000000,1011.17757955,94,2
6448.17175962,6485.86230469,0.00000000,-1.00000000,0.00000000,966.69257429,94,4
6487.15640859,6487.16894531,0.00000000,1202.00000000,0.00000000,1015.25158598,94,4
6448.17175962,6488.88623047,0.00000000,-1.00000000,0.00000000,966.69257429,94,4
6489.27390906,6489.27392578,1271.94395873,1271.94340388,0.04098550,1017.26543256,94,0
6448.17175962,6490.67626953,0.00000000,-1.00000000,0.00000000,966.69257429,94,4
6492.53087387,6492.53076172,1380.65405214,1380.65781962,0.02696390,1020.21867489,94,0
6494.99175907,6494.99121094,1463.68852612,1463.70711577,0.03780303,1022.32968835,94,0
6497.04565848,6497.05029297,0.00000000,1533.66772461,0.00000000,1024.01053989,94,3
6497.72702489,6497.72607422,0.00000000,1557.00000000,0.00000000,1024.55129786,94,4
6497.82496520,6497.82470703,0.00000000,1560.35913086,0.00000000,1024.62833423,94,3
6499.28622111,6499.28613281,1610.62225878,1610.62530595,0.02761488,1025.75657392,94,0
6500.53943003,6500.55468750,0.00000000,1654.00000000,0.00000000,1026.69316396,94,4
6502.43432466,6502.45410156,0.00000000,1720.00000000,0.00000000,1028.05260554,94,4
6503.78842540,6503.78808594,1767.46727440,1767.47921405,0.01056339,1028.98153315,94,0
6505.30470950,6505.30810547,0.00000000,1821.00000000,0.00000000,1029.97947680,94,4
6506.25419577,6506.25390625,0.00000000,1854.68798828,0.00000000,1030.58088909,94,3
6509.75125914,6509.74414062,0.00000000,1980.00000000,0.00000000,1032.63674151,94,4
6510.84364660,6510.84863281,0.00000000,2019.55297852,0.00000000,1033.22632067,94,3
6511.43368527,6511.43750000,0.00000000,2041.00000000,0.00000000,1033.53411045,94,4
6448.17175962,6512.79589844,0.00000000,-1.00000000,0.00000000,966.69257429,94,4
6513.14822174,6513.15625000,0.00000000,2103.65673828,0.00000000,1034.38537296,94,3
6514.16311907,6514.16308594,2140.96974109,2140.97096266,0.05983885,1034.85839722,94,0
6448.17175962,6514.84716797,0.00000000,-1.00000000,0.00000000,966.69257429,94,4
6448.17175962,6514.99316406,0.00000000,-1.00000000,0.00000000,966.69257429,94,4
6516.29526506,6516.26464844,0.00000000,2220.00000000,0.00000000,1035.77659941,94,4
6520.78178930,6520.77148438,0.00000000,2389.00000000,0.00000000,1037.35887367,94,4
6523.84536002,6523.84521484,2506.63506739,2506.64068758,0.03149053,1038.15358351,94,0
6524.30186858,6524.30126953,0.00000000,2524.33276367,0.00000000,1038.25132219,94,3
6526.30302482,6526.30322266,0.00000000,2602.40161133,0.00000000,1038.61460556,94,3
6528.38820832,6528.38427734,0.00000000,2684.65966797,0.00000000,1038.87741522,94,3
6528.72411573,6528.70898438,0.00000000,2698.00000000,0.00000000,1038.90843518,94,4
6448.17175962,6530.57763672,0.00000000,-1.00000000,0.00000000,966.69257429,94,4
6531.39551132,6531.40136719,0.00000000,2805.00000000,0.00000000,1039.04009369,94,4
6533.14646644,6533.14599609,2876.01911787,2876.03829991,0.07185295,1039.01242991,94,0
6538.97363120,6538.98242188,0.00000000,3117.88964844,0.00000000,1038.22959174,94,3
6539.40158200,6539.41992188,0.00000000,3136.00000000,0.00000000,1038.12811740,94,5
6540.08442000,6540.10839844,0.00000000,3165.00000000,0.00000000,1037.95318900,94,4
6543.85428546,6543.85693359,0.00000000,3327.46386719,0.00000000,1036.68996229,94,3
6448.17175962,6545.68798828,0.00000000,-1.00000000,0.00000000,966.69257429,94,4
6547.52720791,6547.52685547,3489.79635271,3489.81213568,0.05627086,1034.94731254,94,0
6551.99113440,6551.99609375,0.00000000,3693.00000000,0.00000000,1032.08940361,94,4
6553.51530745,6553.51513672,3763.95942431,3763.96742167,0.05770806,1030.91381769,94,0
6555.97035618,6555.97070312,3880.08239893,3880.06582706,0.06825090,1028.79250156,94,0
6520.25269913,6520.24365234,0.00000000,79.00000000,0.00000000,1022.91253444,93,4
6523.84602702,6523.84521484,183.50681225,183.53056047,0.01551495,1028.04634424,93,0
6524.27208258,6524.30126953,0.00000000,196.00000000,0.00000000,1028.64540524,93,4
6530.53316134,6530.57763672,0.00000000,381.00000000,0.00000000,1037.19914145,93,4
6533.14641998,6533.14599609,459.23677935,459.24952488,0.02185375,1040.62883658,93,0
6517.51271171,6536.40966797,0.00000000,-1.00000000,0.00000000,1018.89987275,93,4
6539.00537193,6538.98242188,0.00000000,637.00000000,0.00000000,1048.00411695,93,5
6539.39701901,6539.41992188,0.00000000,649.00000000,0.00000000,1048.48124063,93,5
6540.11375862,6540.10839844,0.00000000,671.00000000,0.00000000,1049.34914241,93,4
6543.84654277,6543.85693359,0.00000000,786.41033936,0.00000000,1053.75742988,93,3
6544.34726323,6544.32080078,0.00000000,802.00000000,0.00000000,1054.33427855,93,5
6547.52758503,6547.52685547,901.59991836,901.62290673,0.02017169,1057.91589700,93,0
6551.99357389,6551.99609375,1043.47611907,1043.39550620,0.02839177,1062.70103620,93,0
6553.51562723,6553.51513672,1092.19584390,1092.21161589,0.03137127,1064.26395440,93,0
6555.97110398,6555.97070312,1171.51990096,1171.53290799,0.01227739,1066.71101188,93,0
6517.51271171,6560.68701172,0.00000000,-1.00000000,0.00000000,1018.89987275,93,4
6517.51271171,6561.02197266,0.00000000,-1.00000000,0.00000000,1018.89987275,93,4
6561.86155307,6561.87011719,0.00000000,1364.80419922,0.00000000,1072.19404532,93,2
6561.98799447,6562.02832031,0.00000000,1369.00000000,0.00000000,1072.30554288,93,4
6562.65245452,6562.66552734,0.00000000,1391.08288574,0.00000000,1072.88708842,93,3
6563.04033313,6563.06103516,0.00000000,1404.00000000,0.00000000,1073.22314595,93,4
6563.91467135,6563.91748047,1433.27976506,1433.18582572,0.07362080,1073.97128654,93,0
6566.26056412,6566.25781250,0.00000000,1512.00000000,0.00000000,1075.91421577,93,4
6566.88094426,6566.88378906,1533.05838350,1532.96212705,0.05516982,1076.41196712,93,0
6567.70813200,6567.70751953,0.00000000,1561.00000000,0.00000000,1077.06525062,93,4
6568.12017722,6568.12841797,0.00000000,1575.00000000,0.00000000,1077.38610400,93,4
6570.86895452,6570.88867188,0.00000000,1669.00000000,0.00000000,1079.44818469,93,4
6571.44979648,6571.44726562,0.00000000,1689.00000000,0.00000000,1079.86621719,93,4
6579.03099171,6579.03125000,1954.64643033,1954.63722924,0.03117854,1084.72964656,93,0
6579.46164232,6579.47314453,0.00000000,1970.00000000,0.00000000,1084.97174004,93,4
6581.30298149,6581.29785156,0.00000000,2036.00000000,0.00000000,1085.96308441,93,4
6582.04781847,6582.04736328,2062.82062321,2062.83706106,0.05967310,1086.34358819,93,0
6585.72565121,6585.72412109,0.00000000,2196.84153531,0.08871759,1088.04808957,93,0
6586.19203718,6586.19140625,0.00000000,2214.00000000,0.00000000,1088.24282421,93,4
6586.43231394,6586.43164062,2222.82762399,2222.85245852,0.05444238,1088.34120505,93,0
6587.14013090,6587.15771484,0.00000000,2249.00000000,0.00000000,1088.62349714,93,5
6587.51280110,6587.51367188,2262.83161372,2262.79933951,0.05916204,1088.76747986,93,0
6587.81460088,6587.81787109,0.00000000,2273.99731445,0.00000000,1088.88178268,93,3
6590.35897878,6590.35937500,0.00000000,2369.05025446,0.11800191,1089.76050020,93,0
6517.51271171,6593.00000000,0.00000000,-1.00000000,0.00000000,1018.89987275,93,4
6593.30579057,6593.30468750,0.00000000,2480.67352159,0.06862395,1090.58336109,93,0
6594.35945663,6594.36621094,0.00000000,2521.00000000,0.00000000,1090.82512670,93,4
6595.28405586,6595.28417969,2556.57276099,2556.56798607,0.03074915,1091.01391303,93,0
6595.76057066,6595.76025391,2574.95358065,2574.96582595,0.06765620,1091.10257179,93,0
6596.69004724,6596.72070312,0.00000000,2611.00000000,0.00000000,1091.25845579,93,4
6517.51271171,6604.84960938,0.00000000,-1.00000000,0.00000000,1018.89987275,93,4
6605.28157623,6605.29052734,0.00000000,2953.00000000,0.00000000,1091.56736189,93,4
6517.51271171,6607.24072266,0.00000000,-1.00000000,0.00000000,1018.89987275,93,4
6517.51271171,6608.61621094,0.00000000,-1.00000000,0.00000000,1018.89987275,93,4
6611.48465685,6611.49121094,0.00000000,3211.00000000,0.00000000,1090.39936261,93,4
6612.09646648,6612.13232422,0.00000000,3237.00000000,0.00000000,1090.21484934,93,4
6613.03294873,6613.02392578,0.00000000,3277.00000000,0.00000000,1089.90710027,93,4
6616.88034116,6616.89794922,0.00000000,3444.00000000,0.00000000,1088.30954889,93,5
6617.17561053,6617.17089844,0.00000000,3457.00000000,0.00000000,1088.16402330,93,4
6517.51271171,6618.88525391,0.00000000,-1.00000000,0.00000000,1018.89987275,93,4
6619.34229116,6619.34277344,3553.24508701,3553.22350905,0.06201091,1086.99181635,93,0
6619.99268160,6619.99462891,3582.49370654,3582.40613139,0.05052047,1086.60321182,93,0
6621.77387163,6621.77392578,3663.02731196,3663.02484303,0.07367144,1085.44961446,93,0
6627.92158087,6627.95166016,0.00000000,3950.00000000,0.00000000,1080.38923986,93,4
6629.95272780,6629.99853516,0.00000000,4048.00000000,0.00000000,1078.31999398,93,4
6590.35907676,6590.35937500,56.95623899,56.94771453,0.03246575,1075.07531689,92,0
6593.01059670,6593.00000000,0.00000000,133.00000000,0.00000000,1078.85999497,92,4
6593.30568826,6593.30468750,141.46979919,141.49863385,0.01494165,1079.27642520,92,0
6595.28395652,6595.28417969,198.66379766,198.65733133,0.01571747,1082.04325222,92,0
6595.76096282,6595.76025391,212.46708127,212.48764868,0.01820222,1082.70384714,92,0
6602.90632607,6602.95361328,0.00000000,422.00000000,0.00000000,1092.28806451,92,4
6605.46113563,6605.44433594,0.00000000,498.00000000,0.00000000,1095.56858866,92,4
6605.96302654,6605.92871094,0.00000000,513.00000000,0.00000000,1096.20372451,92,4
6607.24128156,6607.24072266,0.00000000,551.30828857,0.00000000,1097.80733409,92,3
6608.62668346,6608.61621094,0.00000000,593.00000000,0.00000000,1099.52243525,92,4
6610.24726680,6610.26855469,0.00000000,642.00000000,0.00000000,1101.49802549,92,4
6610.87342373,6610.85888672,0.00000000,661.00000000,0.00000000,1102.25239586,92,4
6613.03878857,6613.02392578,0.00000000,727.00000000,0.00000000,1104.82214841,92,4
6618.88791881,6618.88525391,907.55072395,907.63382856,0.03679857,1111.45270210,92,0
6588.36084600,6619.34277344,0.00000000,-1.00000000,0.00000000,1072.17287313,92,4
6619.99314659,6619.99462891,942.21661809,942.17021781,0.02524259,1112.65329102,92,0
6621.76885378,6621.77392578,0.00000000,997.92132568,0.00000000,1114.54588737,92,2
6625.49369141,6625.46435547,0.00000000,1116.00000000,0.00000000,1118.36887816,92,4
6627.95851662,6627.95166016,0.00000000,1195.00000000,0.00000000,1120.78595816,92,4
6588.36084600,6629.99853516,0.00000000,-1.00000000,0.00000000,1072.17287313,92,4
6633.40218262,6633.39843750,0.00000000,1372.02648926,0.00000000,1125.79271358,92,3
6635.28181462,6635.28955078,0.00000000,1434.00000000,0.00000000,1127.41163517,92,4
6635.58384031,6635.61865234,0.00000000,1444.00000000,0.00000000,1127.66635885,92,5
6639.02862439,6639.03662109,0.00000000,1558.89587402,0.00000000,1130.46333873,92,3
6640.73988848,6640.74511719,0.00000000,1616.56018066,0.00000000,1131.77716041,92,2
6644.15942446,6644.16357422,0.00000000,1733.00000000,0.00000000,1134.24687070,92,5
6644.97452532,6644.95214844,0.00000000,1761.00000000,0.00000000,1134.80419467,92,4
6588.36084600,6645.86279297,0.00000000,-1.00000000,0.00000000,1072.17287313,92,4
6648.37185060,6648.37646484,0.00000000,1878.75317383,0.00000000,1136.99282779,92,3
6650.33082180,6650.33154297,1947.46432162,1947.43892770,0.02440309,1138.15366809,92,0
6650.79249584,6650.79443359,1963.78183629,1963.71344936,0.04398785,1138.41621510,92,0
6650.94210573,6650.95166016,0.00000000,1969.00000000,0.00000000,1138.50046894,92,4
6588.36084600,6652.39697266,0.00000000,-1.00000000,0.00000000,1072.17287313,92,4
6656.20620219,6656.20507812,2157.06682110,2157.10747942,0.08129362,1141.16934851,92,0
6657.32459418,6657.32714844,2197.77405317,2197.68116964,0.04178842,1141.66106824,92,0
6657.74538791,6657.76513672,0.00000000,2213.00000000,0.00000000,1141.83897227,92,4
6660.51618878,6660.51611328,2314.63254818,2314.63533641,0.02979250,1142.91173307,92,0
6664.10366772,6664.10791016,0.00000000,2448.30322266,0.00000000,1144.03789295,92,2
6665.53686048,6665.53662109,2502.37682065,2502.38588836,0.03942365,1144.40160456,92,0
6666.78992489,6666.80468750,0.00000000,2550.00000000,0.00000000,1144.67796145,92,4
6670.65713435,6670.65771484,2698.96995484,2698.94735883,0.07316074,1145.27724900,92,0
6675.42241663,6675.42236328,2886.93438936,2886.93652236,0.07126567,1145.45958557,92,0
6676.54596204,6676.53955078,0.00000000,2932.00000000,0.00000000,1145.40807284,92,4
6588.36084600,6676.85693359,0.00000000,-1.00000000,0.00000000,1072.17287313,92,4
6588.36084600,6679.80175781,0.00000000,-1.00000000,0.00000000,1072.17287313,92,4
6685.21234825,6685.21240234,3290.18112808,3290.17883032,0.06583096,1143.68807122,92,0
6685.88884606,6685.89404297,0.00000000,3318.98779297,0.00000000,1143.44850489,92,3
6686.56728253,6686.53173828,0.00000000,3348.00000000,0.00000000,1143.19200815,92,4
6688.09921472,6688.06103516,0.00000000,3414.00000000,0.00000000,1142.55152120,92,4
6689.36399060,6689.36621094,0.00000000,3469.01391602,0.00000000,1141.95713784,92,3
6588.36084600,6692.11621094,0.00000000,-1.00000000,0.00000000,1072.17287313,92,4
6693.17981881,6693.22753906,0.00000000,3638.00000000,0.00000000,1139.78716501,92,4
6694.57222489,6694.57421875,0.00000000,3700.84350586,0.00000000,1138.84763840,92,3
6695.85466572,6695.85449219,3759.30427242,3759.31222355,0.05586717,1137.90895306,92,0
6696.34157044,6696.34472656,0.00000000,3781.65844727,0.00000000,1137.53375352,92,3
6697.02132004,6697.02734375,0.00000000,3813.00000000,0.00000000,1136.99219646,92,5
6697.98966724,6697.98828125,3857.86004330,3857.92459284,0.05319201,1136.18472817,92,0
6698.84672586,6698.82763672,0.00000000,3898.00000000,0.00000000,1135.43338501,92,4
6699.56099829,6699.56103516,3931.58964024,3931.58790117,0.06283039,1134.78112535,92,0
6702.64554512,6702.65917969,0.00000000,4079.00000000,0.00000000,1131.67522100,92,4
6664.10870204,6664.10791016,94.40119937,94.42366674,0.01822565,1131.26333645,91,0
6665.53709889,6665.53662109,135.02221024,135.03582243,0.03302162,1133.27529474,91,0
6670.65852749,6670.65771484,0.00000000,282.00000000,0.00000000,1140.30671465,91,4
6672.55600721,6672.56689453,0.00000000,337.00000000,0.00000000,1142.83774841,91,4
6675.39965005,6675.42236328,0.00000000,420.00000000,0.00000000,1146.55382059,91,4
6676.54023334,6676.53955078,453.46967283,453.48975157,0.01615974,1148.01798410,91,0
6676.82949730,6676.85693359,0.00000000,462.00000000,0.00000000,1148.38682211,91,4
6682.52090514,6682.50781250,0.00000000,631.00000000,0.00000000,1155.44052141,91,4
6685.21222868,6685.21240234,711.96578217,711.96053426,0.03278522,1158.63700266,91,0
6685.87469757,6685.89404297,0.00000000,732.00000000,0.00000000,1159.40993982,91,4
6689.35609317,6689.36621094,0.00000000,838.00000000,0.00000000,1163.37793124,91,4
6660.76585755,6692.11621094,0.00000000,-1.00000000,0.00000000,1126.47014082,91,4
6660.76585755,6694.57421875,0.00000000,-1.00000000,0.00000000,1126.47014082,91,4
6660.76585755,6695.05517578,0.00000000,-1.00000000,0.00000000,1126.47014082,91,4
6695.84594034,6695.85449219,0.00000000,1038.90039062,0.00000000,1170.34245308,91,3
6696.34495171,6696.34472656,1054.53158377,1054.53864291,0.00855042,1170.85405124,91,0
6697.02882620,6697.02734375,0.00000000,1076.00000000,0.00000000,1171.54897335,91,5
6697.98178885,6697.98828125,0.00000000,1106.00000000,0.00000000,1172.50646399,91,4
6660.76585755,6699.56103516,0.00000000,-1.00000000,0.00000000,1126.47014082,91,4
6660.76585755,6702.86816406,0.00000000,-1.00000000,0.00000000,1126.47014082,91,4
6705.74568686,6705.74755859,0.00000000,1354.26928711,0.00000000,1179.80776978,91,3
6706.99849492,6707.00781250,0.00000000,1395.00000000,0.00000000,1180.89955342,91,4
6709.62427356,6709.59033203,0.00000000,1481.00000000,0.00000000,1183.10658819,91,4
6709.92788274,6709.92285156,0.00000000,1491.00000000,0.00000000,1183.35457158,91,4
6710.71559388,6710.69238281,0.00000000,1517.00000000,0.00000000,1183.99089612,91,5
6711.07833765,6711.11083984,0.00000000,1529.00000000,0.00000000,1184.28047636,91,4
6713.10507357,6713.10449219,1596.33413607,1596.35353627,0.02666502,1185.85768096,91,0
6714.64764239,6714.68066406,0.00000000,1648.00000000,0.00000000,1187.01170814,91,4
6715.80636998,6715.82324219,0.00000000,1687.00000000,0.00000000,1187.85130437,91,4
6721.06772175,6721.05419922,0.00000000,1866.45556641,0.00000000,1191.36143841,91,3
6660.76585755,6722.93310547,0.00000000,-1.00000000,0.00000000,1126.47014082,91,4
6723.79295703,6723.81250000,0.00000000,1961.00000000,0.00000000,1192.97729646,91,4
6728.16284851,6728.16601562,0.00000000,2115.00000000,0.00000000,1195.26434208,91,4
6729.31465010,6729.31542969,2156.11702229,2156.08912956,0.06720808,1195.80229435,91,0
6729.97599768,6729.97558594,2179.77485331,2179.78963283,0.04663833,1196.09874456,91,0
6730.61654586,6730.61621094,2202.80675059,2202.81881082,0.05323759,1196.37709443,91,0
6731.78485274,6731.79052734,0.00000000,2245.00000000,0.00000000,1196.86212765,91,5
6660.76585755,6733.52978516,0.00000000,-1.00000000,0.00000000,1126.47014082,91,4
6734.49946572,6734.50781250,0.00000000,2343.90747070,0.00000000,1197.87358901,91,2
6660.76585755,6735.60742188,0.00000000,-1.00000000,0.00000000,1126.47014082,91,4
6736.97733868,6736.98535156,0.00000000,2435.34277344,0.00000000,1198.65163283,91,3
6741.80976670,6741.81738281,0.00000000,2617.00000000,0.00000000,1199.74966020,91,5
6743.79574613,6743.78320312,0.00000000,2693.00000000,0.00000000,1200.03222580,91,5
6744.74595513,6744.74560547,2729.63034896,2729.64387355,0.03842179,1200.13117864,91,0
6747.95844653,6747.99853516,0.00000000,2855.00000000,0.00000000,1200.28616646,91,4
6749.22380190,6749.26025391,0.00000000,2905.00000000,0.00000000,1200.26872043,91,4
6756.11587714,6756.13085938,0.00000000,3184.00000000,0.00000000,1199.34081558,91,4
6758.31752442,6758.31787109,3275.66040789,3275.64587399,0.05205263,1198.72839006,91,0
6758.97386042,6758.97412109,3303.23413713,3303.22316129,0.07940206,1198.51430156,91,0
6760.06838160,6760.06884766,3349.49073612,3349.47097120,0.05264718,1198.12430898,91,0
6762.53590915,6762.53173828,0.00000000,3455.00000000,0.00000000,1197.08910978,91,4
6762.72131310,6762.75878906,0.00000000,3463.00000000,0.00000000,1197.00238985,91,4
6660.76585755,6764.36523438,0.00000000,-1.00000000,0.00000000,1126.47014082,91,4
6765.20113022,6765.19677734,0.00000000,3571.00000000,0.00000000,1195.71790131,91,4
6768.19574692,6768.21386719,0.00000000,3704.00000000,0.00000000,1193.84479612,91,5
6771.03779046,6771.00341797,0.00000000,3833.00000000,0.00000000,1191.72055602,91,4
6771.97559562,6771.97558594,3876.17446134,3876.17490902,0.05472722,1190.94190735,91,0
6774.05247349,6774.04345703,0.00000000,3973.00000000,0.00000000,1189.07215323,91,4
6774.98495304,6774.96777344,0.00000000,4017.00000000,0.00000000,1188.16598127,91,5
6776.22406644,6776.25683594,0.00000000,4076.00000000,0.00000000,1186.89543379,91,4
6735.60735203,6735.60742188,23.04666415,23.04471689,0.03636607,1183.06391274,90,0
6737.00198984,6736.98535156,0.00000000,62.00000000,0.00000000,1185.04899010,90,4
6743.76434957,6743.78320312,0.00000000,253.00000000,0.00000000,1194.38589960,90,4
6744.74567685,6744.74560547,281.01061663,281.01265731,0.03178487,1195.69996903,90,0
6755.52056677,6755.52343750,0.00000000,594.00000000,0.00000000,1209.42027982,90,5
6757.34476833,6757.34130859,0.00000000,648.00000000,0.00000000,1211.60890120,90,4
6758.31741314,6758.31787109,676.92604927,676.91241762,0.03656467,1212.75912836,90,0
6758.95763788,6758.97412109,0.00000000,696.00000000,0.00000000,1213.51023996,90,4
6760.06316737,6760.06884766,0.00000000,729.04211426,0.00000000,1214.79495924,90,2
6762.52182284,6762.53173828,0.00000000,802.94470215,0.00000000,1217.59720420,90,3
6762.76068328,6762.75878906,810.08798766,810.14518664,0.03481994,1217.86497365,90,0
6765.19616525,6765.19677734,0.00000000,884.00000000,0.00000000,1220.55755790,90,4
6768.21297437,6768.21386719,0.00000000,976.29699707,0.00000000,1223.78442415,90,3
6770.98706916,6771.00341797,0.00000000,1062.00000000,0.00000000,1226.64341449,90,4
6771.21249177,6771.24902344,0.00000000,1069.00000000,0.00000000,1226.87108795,90,4
6771.97471455,6771.97558594,1092.73579693,1092.70866427,0.04103308,1227.63565359,90,0
6773.20144527,6773.19628906,0.00000000,1131.00000000,0.00000000,1228.84911775,90,4
6734.77965066,6774.04345703,0.00000000,-1.00000000,0.00000000,1181.87671816,90,4
6774.96700648,6774.96777344,1186.41231289,1186.38817637,0.01740845,1230.55768549,90,0
6775.65244135,6775.64111328,0.00000000,1208.00000000,0.00000000,1231.20937210,90,4
6776.25396352,6776.25683594,0.00000000,1227.00000000,0.00000000,1231.77535721,90,4
6778.10215112,6778.10058594,1285.57631662,1285.62615524,0.01556961,1233.48080026,90,0
6780.18331352,6780.18310547,1352.12425219,1352.13092480,0.04824991,1235.34055178,90,0
6781.20586331,6781.19580078,0.00000000,1385.00000000,0.00000000,1236.23031981,90,4
6781.99678960,6781.99658203,1410.49459027,1410.50129330,0.00808736,1236.90724936,90,0
6782.28413909,6782.28417969,1419.78612723,1419.78481498,0.04524797,1237.15077437,90,0
6786.67684010,6786.66748047,0.00000000,1563.00000000,0.00000000,1240.71111936,90,4
6788.25348857,6788.23828125,0.00000000,1615.00000000,0.00000000,1241.91253538,90,4
6789.61044192,6789.60986328,1659.98822494,1660.00747321,0.06285237,1242.91312690,90,0
6790.71407720,6790.71386719,1696.79128679,1696.79830287,0.04760785,1243.70398375,90,0
6793.10751332,6793.10937500,0.00000000,1777.16882324,0.00000000,1245.34695282,90,3
6734.77965066,6797.67382812,0.00000000,-1.00000000,0.00000000,1181.87671816,90,4
6798.65721983,6798.65869141,1966.67366153,1966.62281780,0.02326467,1248.76021530,90,0
6800.36353281,6800.36376953,2025.79684741,2025.78861104,0.05250663,1249.69392095,90,0
6800.62431945,6800.62255859,2034.80586162,2034.86719546,0.06202359,1249.83162229,90,0
6802.34305225,6802.34082031,2094.90268148,2094.98106837,0.06628224,1250.70602412,90,0
6803.13221353,6803.13378906,2122.80059610,2122.74507065,0.06068110,1251.08794235,90,0
6734.77965066,6804.29101562,0.00000000,-1.00000000,0.00000000,1181.87671816,90,4
6804.66335471,6804.66308594,2176.88277553,2176.89231500,0.05519885,1251.79292165,90,0
6804.86513919,6804.86621094,2184.09575807,2184.05768136,0.07798558,1251.88226388,90,0
6806.61712358,6806.61523438,2246.49072637,2246.55837882,0.02815554,1252.62242989,90,0
6807.34609425,6807.34619141,2272.71071691,2272.70722561,0.05125865,1252.91126614,90,0
6807.62646386,6807.62792969,2282.84253305,2282.78978176,0.05953908,1253.01935375,90,0
6808.96188462,6808.99316406,0.00000000,2331.00000000,0.00000000,1253.51092594,90,4
6809.19686135,6809.19726562,2339.52836790,2339.51371309,0.02615431,1253.59339585,90,0
6810.97888172,6810.97949219,2404.42196637,2404.39963725,0.02142591,1254.17913280,90,0
6811.19642125,6811.19628906,2412.35572947,2412.36056938,0.04159764,1254.24578677,90,0
6811.38208225,6811.38916016,0.00000000,2419.16723633,0.00000000,1254.30187334,90,2
6811.55970210,6811.55712891,2425.58382342,2425.67820385,0.18982338,1254.35474428,90,0
6734.77965066,6812.42919922,0.00000000,-1.00000000,0.00000000,1181.87671816,90,4
6813.41379287,6813.37841797,0.00000000,2494.00000000,0.00000000,1254.86360104,90,4
6813.84435866,6813.84277344,2509.90047913,2509.95929586,0.05628637,1254.97038037,90,0
6814.37180392,6814.37158203,2529.54576886,2529.55402254,0.02531860,1255.09522446,90,0
6814.65683044,6814.65527344,2540.10581649,2540.16381472,0.07664272,1255.15994373,90,0
6815.49432402,6815.49316406,2571.38343926,2571.42683351,0.05354612,1255.33888648,90,0
6817.49317717,6817.49316406,2646.59750853,2646.59800410,0.03710005,1255.69727614,90,0
6818.71612853,6818.71142578,0.00000000,2693.00000000,0.00000000,1255.86782989,90,4
6821.42895599,6821.44042969,0.00000000,2797.00000000,0.00000000,1256.10959078,90,4
6821.68769448,6821.68310547,0.00000000,2807.00000000,0.00000000,1256.12259780,90,5
6825.39138826,6825.39160156,2951.75213226,2951.74370842,0.05060662,1256.10970693,90,0
6826.56068503,6826.56054688,2998.07417273,2998.07966614,0.07253414,1256.02606800,90,0
6734.77965066,6830.91992188,0.00000000,-1.00000000,0.00000000,1181.87671816,90,4
6831.22626179,6831.23193359,0.00000000,3186.24145508,0.00000000,1255.29021637,90,3
6834.77935328,6834.77783203,3333.15167349,3333.21531944,0.07686878,1254.27318660,90,0
6836.81065216,6836.81054688,3418.78080074,3418.78526618,0.05961851,1253.50241479,90,0
6837.80142037,6837.79980469,3460.87664160,3460.94562092,0.07300552,1253.07431203,90,0
6838.75985046,6838.76318359,0.00000000,3502.00000000,0.00000000,1252.62677192,90,4
6839.38677562,6839.38427734,0.00000000,3529.00000000,0.00000000,1252.31594664,90,4
6734.77965066,6841.18164062,0.00000000,-1.00000000,0.00000000,1181.87671816,90,4
6734.77965066,6844.62255859,0.00000000,-1.00000000,0.00000000,1181.87671816,90,4
6848.36777575,6848.36816406,3929.57803031,3929.56011422,0.07468069,1246.16746870,90,0
6810.97400103,6810.97949219,0.00000000,14.24851856,0.26616701,1239.15767005,89,0
6811.18270651,6811.19628906,0.00000000,20.00000000,0.00000000,1239.45395005,89,4
6812.42916736,6812.42919922,54.41919719,54.41831597,0.03225747,1241.21451463,89,0
6814.32556860,6814.37158203,0.00000000,107.00000000,0.00000000,1243.86298884,89,5
6814.64917774,6814.65527344,0.00000000,116.00000000,0.00000000,1244.31131955,89,4
6817.47753720,6817.49316406,0.00000000,195.00000000,0.00000000,1248.18412214,89,4
6821.69650332,6821.68310547,0.00000000,314.00000000,0.00000000,1253.80596955,89,4
6825.39175825,6825.39160156,419.39809666,419.40259055,0.00956307,1258.57291420,89,0
6826.56050105,6826.56054688,452.98254431,452.98122551,0.03208088,1260.04963492,89,0
6828.19058899,6828.18603516,0.00000000,500.00000000,0.00000000,1262.08340780,89,4
6830.92054325,6830.91992188,579.24774185,579.26585705,0.01819792,1265.42218246,89,0
6833.13388956,6833.14013672,0.00000000,644.00000000,0.00000000,1268.06524135,89,4
6834.78054712,6834.77783203,692.36975758,692.44985080,0.02103290,1269.99424531,89,0
6836.81075445,6836.81054688,752.51705090,752.52321194,0.01039210,1272.32758614,89,0
6837.79981916,6837.79980469,781.93107977,781.93151079,0.05546386,1273.44626254,89,0
6841.18124193,6841.18164062,883.18827258,883.17626773,0.04272708,1277.17902811,89,0
6844.60995374,6844.62255859,0.00000000,987.00000000,0.00000000,1280.81615176,89,4
6848.36829758,6848.36816406,1102.15837409,1102.16249067,0.04505179,1284.62466044,89,0
6852.45193883,6852.42919922,0.00000000,1229.00000000,0.00000000,1288.54449333,89,5
6852.61172831,6852.58203125,0.00000000,1234.00000000,0.00000000,1288.69311524,89,4
6854.23639898,6854.24560547,0.00000000,1285.00000000,0.00000000,1290.18349968,89,5
6810.45646302,6855.41503906,0.00000000,-1.00000000,0.00000000,1238.42110988,89,4
6856.00053170,6856.00000000,1340.69533890,1340.71218314,0.03464642,1291.75838735,89,0
6856.41944315,6856.40234375,0.00000000,1354.00000000,0.00000000,1292.12580677,89,4
6857.20132512,6857.20703125,0.00000000,1378.84716797,0.00000000,1292.80437345,89,3
6857.57561930,6857.58154297,0.00000000,1390.76708984,0.00000000,1293.12598048,89,3
6864.76094973,6864.76220703,1622.91627614,1622.87509361,0.06225941,1298.88161521,89,0
6864.97809228,6864.98437500,0.00000000,1630.00000000,0.00000000,1299.04304249,89,4
6868.05190612,6868.05175781,1731.36631053,1731.37123248,0.04411323,1301.24137764,89,0
6868.26182377,6868.26074219,1738.30504545,1738.34097190,0.03436545,1301.38576676,89,0
6868.65839092,6868.65820312,1751.51769851,1751.52394614,0.01024222,1301.65649554,89,0
6870.34585461,6870.34619141,1807.86689384,1807.85561063,0.05703288,1302.77829541,89,0
6871.12481937,6871.15478516,0.00000000,1834.00000000,0.00000000,1303.27964372,89,4
6871.78216709,6871.78125000,1856.08158950,1856.11249249,0.06762519,1303.69412622,89,0
6872.62282571,6872.62207031,1884.46635545,1884.49190389,0.01893926,1304.21325325,89,0
6872.88393411,6872.88427734,1893.33971601,1893.32809372,0.02976318,1304.37194505,89,0
6874.94805049,6874.95166016,1963.64550255,1963.52221608,0.05474468,1305.58292896,89,0
6875.98647021,6875.98876953,1999.15007464,1999.07119076,0.09615263,1306.16256835,89,0
6876.64967184,6876.64941406,2021.84390514,2021.85277149,0.05546098,1306.52213414,89,0
6810.45646302,6879.36035156,0.00000000,-1.00000000,0.00000000,1238.42110988,89,4
6879.94336561,6879.94238281,2135.96591923,2136.00023206,0.08163323,1308.18379560,89,0
6882.45867914,6882.46386719,0.00000000,2224.33666992,0.00000000,1309.30953098,89,2
6882.64726288,6882.67089844,0.00000000,2231.00000000,0.00000000,1309.38877607,89,4
6810.45646302,6884.70996094,0.00000000,-1.00000000,0.00000000,1238.42110988,89,4
6885.21458200,6885.21386719,2322.27498176,2322.30055520,0.04462788,1310.39444614,89,0
6885.73738693,6885.74072266,2341.14588310,2341.02623986,0.06650052,1310.58224459,89,0
6888.30795977,6888.30810547,2433.79853388,2433.79324290,0.05543058,1311.41988090,89,0
6890.05774136,6890.06005859,0.00000000,2497.62084961,0.00000000,1311.90658549,89,3
6890.73508959,6890.73583984,2522.50653169,2522.47895529,0.04760267,1312.07636185,89,0
6891.20390752,6891.20410156,2539.73747022,2539.73032173,0.04675551,1312.18766836,89,0
6894.15105340,6894.15234375,2649.17390627,2649.12564069,0.07429880,1312.76916140,89,0
6895.50588164,6895.51757812,0.00000000,2700.00000000,0.00000000,1312.96638916,89,4
6896.12443915,6896.13232422,0.00000000,2723.34277344,0.00000000,1313.04132532,89,3
6899.98994575,6900.03417969,0.00000000,2871.00000000,0.00000000,1313.28847605,89,4
6902.66351807,6902.66650391,0.00000000,2975.00000000,0.00000000,1313.22723921,89,4
6904.11349742,6904.11425781,3032.09357648,3032.06351729,0.31367123,1313.11094020,89,0
6810.45646302,6905.22412109,0.00000000,-1.00000000,0.00000000,1238.42110988,89,4
6906.51350815,6906.48193359,0.00000000,3127.62121786,0.08727498,1312.78486788,89,0
6906.84682559,6906.85400391,0.00000000,3141.00000000,0.00000000,1312.72608595,89,4
6910.89417097,6910.89550781,3305.71426689,3305.65918227,0.12030175,1311.73831947,89,0
6911.12050366,6911.12646484,0.00000000,3315.00000000,0.00000000,1311.66762296,89,5
6911.74995024,6911.75585938,0.00000000,3341.02656150,0.04532530,1311.46233008,89,0
6913.13284742,6913.13281250,3398.57276858,3398.57422884,0.06086457,1310.96497487,89,0
6916.62092707,6916.62109375,3546.13174743,3546.12461552,0.07557495,1309.41628673,89,0
6916.89800840,6916.91210938,0.00000000,3558.00000000,0.00000000,1309.27451995,89,5
6810.45646302,6918.03662109,0.00000000,-1.00000000,0.00000000,1238.42110988,89,4
6921.94518720,6921.94824219,3778.51882340,3778.38295333,0.05392437,1306.18002045,89,0
6922.76581917,6922.74658203,0.00000000,3815.00000000,0.00000000,1305.58053970,89,4
6926.55342871,6926.57080078,0.00000000,3987.00000000,0.00000000,1302.43870234,89,4
6888.30873349,6888.30810547,12.38746463,12.40457297,0.01823003,1296.78827580,88,0
6891.20449596,6891.20410156,91.58729298,91.59811827,0.01878368,1300.82704693,88,0
6887.85299831,6894.15234375,0.00000000,-1.00000000,0.00000000,1296.14544308,88,4
6896.14032448,6896.13232422,0.00000000,228.00000000,0.00000000,1307.51918633,88,4
6897.03778643,6897.01562500,0.00000000,253.00000000,0.00000000,1308.70951319,88,4
6887.85299831,6900.03417969,0.00000000,-1.00000000,0.00000000,1296.14544308,88,4
6902.69080587,6902.66650391,0.00000000,411.92531594,0.72706870,1316.01429375,88,0
6904.17580259,6904.11425781,0.00000000,454.10002571,1.50453420,1317.87678162,88,0
6910.88445615,6910.89550781,0.00000000,646.94100926,0.20613149,1325.98710655,88,0
6911.74638920,6911.75585938,0.00000000,672.00000000,0.00000000,1326.99215538,88,4
6913.13331617,6913.13281250,712.44307195,712.45780007,0.00979813,1328.59110475,88,0
6915.02742822,6915.07519531,0.00000000,768.00000000,0.00000000,1330.73853931,88,4
6916.61817179,6916.62109375,0.00000000,814.89837646,0.00000000,1332.50883560,88,3
6916.89216296,6916.91210938,0.00000000,823.00000000,0.00000000,1332.81066973,88,4
6918.03065923,6918.03662109,0.00000000,856.73980713,0.00000000,1334.05506676,88,2
6921.95526027,6921.94824219,0.00000000,974.00000000,0.00000000,1338.22171756,88,4
6922.28763715,6922.29785156,0.00000000,984.00000000,0.00000000,1338.56568699,88,4
6933.72257906,6933.69677734,0.00000000,1335.00000000,0.00000000,1349.50821622,88,4
6934.36054153,6934.37207031,0.00000000,1355.00000000,0.00000000,1350.06553210,88,4
6936.13900641,6936.14257812,0.00000000,1411.00000000,0.00000000,1351.58806511,88,4
6938.55876002,6938.56640625,0.00000000,1487.78417969,0.00000000,1353.58477179,88,3
6938.98338088,6938.98242188,0.00000000,1501.32995605,0.00000000,1353.92610900,88,3
6939.50500869,6939.53320312,0.00000000,1518.00000000,0.00000000,1354.34168338,88,4
6942.24162693,6942.24511719,0.00000000,1606.00000000,0.00000000,1356.45335713,88,4
6943.47607355,6943.48437500,0.00000000,1646.00000000,0.00000000,1357.36756648,88,4
6944.44763435,6944.45312500,0.00000000,1677.61755371,0.00000000,1358.07000781,88,2
6887.85299831,6945.52587891,0.00000000,-1.00000000,0.00000000,1296.14544308,88,4
6947.40614759,6947.40625000,1774.64463630,1774.64125757,0.02836876,1360.11430475,88,0
6948.11287058,6948.12890625,0.00000000,1798.00000000,0.00000000,1360.58140837,88,4
6949.82954432,6949.83349609,0.00000000,1855.00000000,0.00000000,1361.68040179,88,4
6950.12320174,6950.12158203,1864.72828345,1864.78231840,0.06380705,1361.86318672,88,0
6950.31045868,6950.31103516,0.00000000,1871.04052734,0.00000000,1361.97922790,88,2
6953.55182499,6953.58154297,0.00000000,1980.00000000,0.00000000,1363.88765480,88,4
6954.84820178,6954.88427734,0.00000000,2024.00000000,0.00000000,1364.59830778,88,4
6887.85299831,6956.57470703,0.00000000,-1.00000000,0.00000000,1296.14544308,88,4
6964.22629709,6964.23242188,0.00000000,2349.95703125,0.00000000,1368.78731947,88,3
6965.82649259,6965.85107422,0.00000000,2407.00000000,0.00000000,1369.32545208,88,4
6966.18946227,6966.19287109,0.00000000,2420.00000000,0.00000000,1369.43996244,88,4
6967.86095468,6967.85937500,2480.10447013,2480.16157096,0.08976735,1369.93059201,88,0
6971.21671308,6971.22021484,0.00000000,2602.45971680,0.00000000,1370.72863933,88,3
6979.40572672,6979.38427734,0.00000000,2910.00000000,0.00000000,1371.55360833,88,5
6980.16731157,6980.16455078,0.00000000,2939.30322266,0.00000000,1371.54387908,88,3
6983.00733740,6983.00830078,3049.73324737,3049.69548313,0.08796449,1371.36906754,88,0
6984.53891384,6984.53417969,0.00000000,3110.00000000,0.00000000,1371.18130094,88,5
6987.39979891,6987.39843750,3224.06297593,3224.11776497,0.08827696,1370.64741271,88,0
6887.85299831,6987.95605469,0.00000000,-1.00000000,0.00000000,1296.14544308,88,4
6990.79026215,6990.80175781,0.00000000,3362.00000000,0.00000000,1369.69033437,88,4
6991.58303322,6991.58300781,3394.66266640,3394.66371631,0.05767860,1369.41353771,88,0
6994.63382756,6994.62500000,0.00000000,3522.00000000,0.00000000,1368.15116632,88,5
6887.85299831,6994.96582031,0.00000000,-1.00000000,0.00000000,1296.14544308,88,4
6995.91755552,6995.91650391,0.00000000,3576.36425781,0.00000000,1367.52327301,88,3
6887.85299831,6996.66552734,0.00000000,-1.00000000,0.00000000,1296.14544308,88,4
6997.07977505,6997.06982422,0.00000000,3626.00000000,0.00000000,1366.90347185,88,4
6997.84726301,6997.85351562,0.00000000,3659.00000000,0.00000000,1366.46681245,88,4
6998.67977909,6998.68798828,0.00000000,3695.00000000,0.00000000,1365.96804845,88,4
6999.34018366,6999.34179688,0.00000000,3723.71093750,0.00000000,1365.55350422,88,3
6887.85299831,7000.17578125,0.00000000,-1.00000000,0.00000000,1296.14544308,88,4
7001.20016765,7001.20068359,3805.34472918,3805.32194155,0.07656029,1364.29385761,88,0
7001.53201303,7001.55371094,0.00000000,3820.00000000,0.00000000,1364.05453596,88,5
7002.73408192,7002.73437500,3873.47934632,3873.46624994,0.07302173,1363.14984467,88,0
7004.81406265,7004.81396484,3967.18319452,3967.18763976,0.07498612,1361.43920237,88,0
6967.85729909,6967.85937500,0.00000000,22.32213593,0.00000000,1356.23977201,87,3
6967.02856805,6979.38427734,0.00000000,-1.00000000,0.00000000,1355.08224789,87,4
6980.13996644,6980.16455078,0.00000000,359.00000000,0.00000000,1372.61869289,87,4
6983.00883263,6983.00830078,439.27559020,439.29053848,0.01543709,1376.22569331,87,0
6984.52528717,6984.53417969,0.00000000,482.00000000,0.00000000,1378.09747236,87,4
6987.41834691,6987.39843750,0.00000000,564.00000000,0.00000000,1381.59987127,87,4
6987.95620967,6987.95605469,579.32480502,579.32922348,0.04526855,1382.24129278,87,0
6991.58346931,6991.58300781,683.27333855,683.28663647,0.02131352,1386.48046089,87,0
6994.62383436,6994.62500000,771.35002700,771.31611638,0.04801241,1389.91922732,87,0
6994.96583564,6994.96582031,781.27065134,781.27109764,0.02246415,1390.29939853,87,0
6995.91627846,6995.91650391,0.00000000,809.00000000,0.00000000,1391.34901065,87,4
6998.13397653,6998.13232422,0.00000000,874.00000000,0.00000000,1393.75562828,87,4
6967.02856805,6998.68798828,0.00000000,-1.00000000,0.00000000,1355.08224789,87,4
6999.35556740,6999.34179688,0.00000000,910.00000000,0.00000000,1395.05606929,87,5
7000.20109242,7000.17578125,0.00000000,935.00000000,0.00000000,1395.94554209,87,4
7001.20060287,7001.20068359,964.64655824,964.64416034,0.02409664,1396.98579169,87,0
7001.54824770,7001.55371094,0.00000000,974.97314453,0.00000000,1397.34456348,87,2
7002.73497450,7002.73437500,1010.32181600,1010.33971159,0.02277181,1398.55857999,87,0
7004.81435668,7004.81396484,1072.61375756,1072.62553326,0.02349692,1400.64236787,87,0
7008.56251008,7008.59033203,0.00000000,1186.00000000,0.00000000,1404.25764378,87,4
7015.53924714,7015.55468750,0.00000000,1401.00000000,0.00000000,1410.48377694,87,4
7016.90293951,7016.90332031,1443.65583906,1443.64390138,0.06045165,1411.62071217,87,0
7017.23268653,7017.25195312,0.00000000,1454.00000000,0.00000000,1411.89192389,87,4
7020.50346298,7020.50292969,1557.28150555,1557.29845457,0.03690023,1414.49250289,87,0
7022.40636297,7022.42089844,0.00000000,1618.00000000,0.00000000,1415.93195374,87,4
7023.21969410,7023.21972656,1644.06944672,1644.06840431,0.07311299,1416.52997030,87,0
7023.57447801,7023.61328125,0.00000000,1655.47546387,0.00000000,1416.78784206,87,3
7028.39157420,7028.39941406,0.00000000,1811.84057617,0.00000000,1420.08895054,87,3
7029.94768738,7029.96142578,0.00000000,1863.00000000,0.00000000,1421.07443250,87,4
6967.02856805,7034.29541016,0.00000000,-1.00000000,0.00000000,1355.08224789,87,4
7038.22300331,7038.22314453,2140.71736060,2140.71253657,0.04344320,1425.61083749,87,0
7040.61865062,7040.66259766,0.00000000,2223.00000000,0.00000000,1426.69136418,87,4
6967.02856805,7045.16943359,0.00000000,-1.00000000,0.00000000,1355.08224789,87,4
7046.89815629,7046.90966797,0.00000000,2443.00000000,0.00000000,1428.98877562,87,4
7047.74011047,7047.73974609,2472.98249063,2472.99550146,0.06932600,1429.23535086,87,0
7055.56493986,7055.56445312,2757.85023788,2757.86831628,0.06309010,1430.78030782,87,0
7056.36096664,7056.36279297,0.00000000,2787.49951172,0.00000000,1430.85826203,87,3
6967.02856805,7057.60156250,0.00000000,-1.00000000,0.00000000,1355.08224789,87,4
7057.84164734,7057.84667969,0.00000000,2842.94702148,0.00000000,1430.96227042,87,2
7058.53330591,7058.52441406,0.00000000,2869.00000000,0.00000000,1430.99230057,87,4
7060.43124809,7060.43554688,0.00000000,2941.00000000,0.00000000,1431.01266580,87,4
7061.98810571,7061.98828125,3000.62953028,3000.62277758,0.04610869,1430.95993172,87,0
7062.60047888,7062.60058594,3024.22565594,3024.22152275,0.06663988,1430.92164647,87,0
6967.02856805,7066.39941406,0.00000000,-1.00000000,0.00000000,1355.08224789,87,4
6967.02856805,7068.23437500,0.00000000,-1.00000000,0.00000000,1355.08224789,87,4
7069.47334186,7069.46044922,0.00000000,3295.00000000,0.00000000,1429.77600264,87,4
7073.04347726,7073.04345703,3440.22961782,3440.23045014,0.06712080,1428.62656170,87,0
7073.42740485,7073.42919922,0.00000000,3456.04931641,0.00000000,1428.47882007,87,3
7074.34402054,7074.34375000,3493.96649712,3493.97772647,0.06068002,1428.10655364,87,0
7076.20031192,7076.20800781,0.00000000,3571.49609375,0.00000000,1427.26657627,87,3
7077.28423396,7077.28417969,3617.20131158,3617.20360858,0.06484123,1426.72150570,87,0
7079.31951587,7079.32031250,0.00000000,3704.00000000,0.00000000,1425.58481375,87,5
7079.66835084,7079.69189453,0.00000000,3719.00000000,0.00000000,1425.37488341,87,4
7086.12211732,7086.12207031,4003.60449587,4003.60661993,0.07110918,1420.63900204,87,0
7051.74888654,7051.78515625,0.00000000,99.00000000,0.00000000,1420.36181169,86,4
7055.56408631,7055.56445312,201.99647777,201.98652604,0.03499489,1425.45804317,86,0
7056.36256122,7056.36279297,223.67752497,223.67122459,0.02434503,1426.50707660,86,0
7057.84263199,7057.84667969,0.00000000,264.00000000,0.00000000,1428.43582037,86,4
7061.99493887,7061.98828125,0.00000000,378.00000000,0.00000000,1433.73151969,86,4
7062.59997011,7062.60058594,394.73254697,394.71551339,0.03121277,1434.48858485,86,0
7066.40005376,7066.39941406,500.38111478,500.39899923,0.00765328,1439.16005759,86,0
7068.24097690,7068.23437500,0.00000000,552.00000000,0.00000000,1441.36874843,86,4
7069.16474692,7069.19091797,0.00000000,578.00000000,0.00000000,1442.46368082,86,4
7069.48393396,7069.46044922,0.00000000,587.00000000,0.00000000,1442.83989289,86,4
7073.04545459,7073.04345703,0.00000000,688.00000000,0.00000000,1446.96295712,86,4
7074.34428934,7074.34375000,725.08340595,725.09884142,0.03534773,1448.43182311,86,0
7076.18735550,7076.20800781,0.00000000,778.00000000,0.00000000,1450.48397567,86,5
7077.28407953,7077.28417969,809.61214542,809.60925332,0.02621110,1451.68638903,86,0
7086.12250336,7086.12207031,1068.45701490,1068.46987690,0.00823441,1460.86402603,86,0
7090.25268108,7090.28222656,0.00000000,1192.00000000,0.00000000,1464.82311435,86,4
7048.04524318,7090.77783203,0.00000000,-1.00000000,0.00000000,1415.28523446,86,4
7091.29476917,7091.29394531,1223.40538075,1223.43028429,0.01395531,1465.78708291,86,0
7098.98379702,7098.98925781,0.00000000,1459.00000000,0.00000000,1472.45217973,86,4
7101.03677950,7101.05029297,0.00000000,1523.00000000,0.00000000,1474.09235074,86,4
7102.47212971,7102.47216797,1568.02730422,1568.02610046,0.07127809,1475.20259251,86,0
7104.54825203,7104.54833984,1633.59957498,1633.59679057,0.02064098,1476.75491352,86,0
7048.04524318,7107.61425781,0.00000000,-1.00000000,0.00000000,1415.28523446,86,4
7048.04524318,7109.42773438,0.00000000,-1.00000000,0.00000000,1415.28523446,86,4
7111.14083498,7111.14062500,1845.31683566,1845.32366699,0.05445187,1481.24532031,86,0
7111.82024509,7111.81982422,1867.44442108,1867.45815212,0.01327389,1481.66875372,86,0
7114.85220788,7114.88085938,0.00000000,1967.00000000,0.00000000,1483.46540394,86,5
7048.04524318,7121.13964844,0.00000000,-1.00000000,0.00000000,1415.28523446,86,4
7124.00963926,7124.00732422,2275.43683410,2275.51641184,0.05638179,1487.91649310,86,0
7048.04524318,7124.85253906,0.00000000,-1.00000000,0.00000000,1415.28523446,86,4
7127.48665768,7127.48583984,2395.96055851,2395.98912959,0.07589816,1489.19641325,86,0
7128.28691670,7128.29589844,0.00000000,2424.00000000,0.00000000,1489.45717223,86,4
7128.78419360,7128.78417969,2441.45095516,2441.45144403,0.03085318,1489.61260836,86,0
7129.62314848,7129.60888672,0.00000000,2471.00000000,0.00000000,1489.86349992,86,4
7132.14599475,7132.14990234,0.00000000,2560.56591797,0.00000000,1490.52960646,86,2
7132.24942506,7132.25292969,0.00000000,2564.26147461,0.00000000,1490.55404256,86,2
7132.68947876,7132.68945312,2580.00124774,2580.00216562,0.08406730,1490.65541986,86,0
7133.32466222,7133.32275391,2602.71777738,2602.78633730,0.04308825,1490.79440143,86,0
7134.57594285,7134.57617188,2647.88838932,2647.88010917,0.07194653,1491.04241984,86,0
7136.45073282,7136.45654297,0.00000000,2716.00000000,0.00000000,1491.34895812,86,4
7138.90060052,7138.92578125,0.00000000,2806.00000000,0.00000000,1491.62833120,86,4
7048.04524318,7139.60791016,0.00000000,-1.00000000,0.00000000,1415.28523446,86,4
7141.82834755,7141.82910156,0.00000000,2915.10009766,0.00000000,1491.77541386,86,3
7142.43129973,7142.43066406,2937.75886344,2937.78281489,0.05154708,1491.77965040,86,0
7144.29980604,7144.29980469,3008.55535201,3008.55540351,0.04264077,1491.73462410,86,0
7048.04524318,7146.13867188,0.00000000,-1.00000000,0.00000000,1415.28523446,86,4
7149.35808881,7149.39306641,0.00000000,3204.00000000,0.00000000,1491.15260178,86,5
7048.04524318,7150.52929688,0.00000000,-1.00000000,0.00000000,1415.28523446,86,4
7152.25520456,7152.25537109,3318.60381861,3318.59717273,0.05483167,1490.49929158,86,0
7153.48812601,7153.49707031,0.00000000,3368.00000000,0.00000000,1490.14660187,86,4
7155.55972762,7155.55957031,3451.86254885,3451.86896016,0.06771201,1489.44995068,86,0
7156.73378909,7156.73437500,3499.92853940,3499.90447460,0.05532394,1488.99549455,86,0
7156.92596635,7156.92578125,3507.79481276,3507.80242449,0.06570016,1488.91690968,86,0
7161.91664020,7161.92089844,0.00000000,3716.51131333,0.08766336,1486.44537549,86,0
7164.25882035,7164.22119141,0.00000000,3817.00000000,0.00000000,1484.98443402,86,4
7165.11127260,7165.15087891,0.00000000,3854.00000000,0.00000000,1484.40223395,86,4
7166.30026771,7166.29443359,0.00000000,3906.00000000,0.00000000,1483.54376441,86,4
7167.13984572,7167.14990234,0.00000000,3943.00000000,0.00000000,1482.90431654,86,4
7169.17833903,7169.17822266,4033.83503965,4033.84026742,0.06469968,1481.23357599,86,0
7130.96801652,7132.14990234,0.00000000,-1.00000000,0.00000000,1476.77645753,85,4
7132.68980905,7132.68945312,45.37290532,45.38230896,0.01576023,1479.13277329,85,0
7133.32493724,7133.32275391,62.11817947,62.17595297,0.01881685,1479.99544137,85,0
7134.57665546,7134.57617188,95.33186116,95.34469511,0.01804633,1481.68454537,85,0
7142.43152064,7142.43066406,0.00000000,306.00000000,0.00000000,1491.95549780,85,5
7144.29968696,7144.29980469,356.75147254,356.74826545,0.02918442,1494.31192436,85,0
7147.77949634,7147.76660156,0.00000000,452.00000000,0.00000000,1498.61121207,85,4
7149.41193084,7149.39306641,0.00000000,497.00000000,0.00000000,1500.58624691,85,4
7150.52917947,7150.52929688,527.92546248,527.92220829,0.03865489,1501.92255039,85,0
7152.25492588,7152.25537109,575.88991459,575.87751207,0.03414077,1503.96132868,85,0
7155.56033869,7155.55957031,668.36421525,668.38581837,0.00989691,1507.77879047,85,0
7156.72999720,7156.73437500,0.00000000,701.34246826,0.00000000,1509.10205072,85,2
7156.92733322,7156.92578125,706.86469502,706.90853283,0.14509660,1509.32363206,85,0
7130.96801652,7161.85498047,0.00000000,-1.00000000,0.00000000,1476.77645753,85,4
7130.96801652,7161.92089844,0.00000000,-1.00000000,0.00000000,1476.77645753,85,4
7162.72222871,7162.74560547,0.00000000,872.00000000,0.00000000,1515.64557461,85,4
7130.96801652,7166.48681641,0.00000000,-1.00000000,0.00000000,1476.77645753,85,4
7168.75339091,7168.79443359,0.00000000,1047.00000000,0.00000000,1521.81847313,85,4
7169.17954469,7169.17822266,1059.46127822,1059.50006060,0.01505910,1522.23859102,85,0
7170.86520961,7170.87109375,0.00000000,1109.08117676,0.00000000,1523.87765804,85,2
7172.33392360,7172.33642578,0.00000000,1152.51147461,0.00000000,1525.27754208,85,2
7130.96801652,7176.11083984,0.00000000,-1.00000000,0.00000000,1476.77645753,85,4
7178.69141301,7178.69970703,0.00000000,1343.00000000,0.00000000,1531.02222821,85,4
7181.69496997,7181.69384766,1434.42144173,1434.45578959,0.02547106,1533.55164228,85,0
7185.21786540,7185.20263672,0.00000000,1543.00000000,0.00000000,1536.36123910,85,4
7186.37641685,7186.40478516,0.00000000,1579.00000000,0.00000000,1537.24696294,85,4
7130.96801652,7186.50097656,0.00000000,-1.00000000,0.00000000,1476.77645753,85,4
7189.37814652,7189.40380859,0.00000000,1673.00000000,0.00000000,1539.45143011,85,4
7190.51334705,7190.51367188,1708.83053421,1708.82026086,0.05502544,1540.25029259,85,0
7191.27644193,7191.29638672,0.00000000,1733.00000000,0.00000000,1540.77670183,85,4
7130.96801652,7193.11474609,0.00000000,-1.00000000,0.00000000,1476.77645753,85,4
7193.98874513,7194.00195312,0.00000000,1819.49731445,0.00000000,1542.57505407,85,3
7198.54760819,7198.55078125,0.00000000,1967.00000000,0.00000000,1545.33631128,85,4
7200.10435198,7200.07714844,0.00000000,2018.00000000,0.00000000,1546.20148453,85,4
7130.96801652,7202.02978516,0.00000000,-1.00000000,0.00000000,1476.77645753,85,4
7203.00743840,7203.02880859,0.00000000,2114.00000000,0.00000000,1547.70527878,85,4
7130.96801652,7203.79394531,0.00000000,-1.00000000,0.00000000,1476.77645753,85,4
7206.73404977,7206.74804688,0.00000000,2239.00000000,0.00000000,1549.41922206,85,4
7208.46406685,7208.46923828,0.00000000,2297.73071289,0.00000000,1550.12920255,85,2
7209.99291316,7209.99267578,2350.00579116,2350.01393514,0.07760956,1550.70999843,85,0
7214.67750104,7214.67724609,2512.53682172,2512.54576517,0.02246562,1552.20742913,85,0
7218.11121421,7218.14355469,0.00000000,2634.00000000,0.00000000,1553.02226890,85,4
7218.88003771,7218.89599609,0.00000000,2661.47778320,0.00000000,1553.17055670,85,3
7219.73912376,7219.74560547,0.00000000,2692.30702818,0.56153994,1553.32109732,85,0
7219.90809490,7219.91308594,0.00000000,2698.38647461,0.00000000,1553.34880733,85,1
7220.04388195,7220.04345703,2703.25223302,2703.26753945,0.06581284,1553.37058400,85,0
7221.14059227,7221.14062500,2742.88749333,2742.88630772,0.07117888,1553.53181733,85,0
7222.97046228,7222.97070312,2809.49095261,2809.48214497,0.03131709,1553.74056818,85,0
7227.10089190,7227.10058594,2962.17440307,2962.18584019,0.06891211,1553.92461035,85,0
7228.18926927,7228.22070312,0.00000000,3003.00000000,0.00000000,1553.90435584,85,5
7232.85502529,7232.85498047,3180.81001456,3180.81174557,0.06292549,1553.47463168,85,0
7235.38462366,7235.38476562,3279.25150251,3279.24593565,0.07097259,1552.99807433,85,0
7240.37546356,7240.39697266,0.00000000,3478.00000000,0.00000000,1551.51804932,85,4
7241.23824335,7241.25683594,0.00000000,3513.00000000,0.00000000,1551.18577013,85,4
7242.16950412,7242.18017578,0.00000000,3551.00000000,0.00000000,1550.80073458,85,4
7243.31344429,7243.28027344,0.00000000,3598.00000000,0.00000000,1550.28955842,85,4
7244.08755166,7244.08740234,3629.98860833,3629.99479638,0.06532149,1549.91947813,85,0
7244.35238975,7244.35107422,0.00000000,3641.00000000,0.00000000,1549.78804497,85,4
7244.61724029,7244.63134766,0.00000000,3652.01025391,0.00000000,1549.65443269,85,3
7130.96801652,7247.28515625,0.00000000,-1.00000000,0.00000000,1476.77645753,85,4
7251.00786874,7250.96630859,0.00000000,3924.00000000,0.00000000,1545.68154327,85,4
7218.12810811,7218.14355469,0.00000000,59.00000000,0.00000000,1542.73020687,84,4
7220.04411939,7220.04345703,109.19786655,109.21526755,0.02770794,1545.28703546,84,0
7221.14087911,7221.14062500,138.06391151,138.07060638,0.02850094,1546.73599776,84,0
7222.97150913,7222.97070312,186.39079835,186.41213386,0.01374427,1549.13031067,84,0
7227.08889787,7227.10058594,0.00000000,296.00000000,0.00000000,1554.40452302,84,4
7232.85521247,7232.85498047,451.51353665,451.51984442,0.01652867,1561.52396849,84,0
7235.37822506,7235.38476562,0.00000000,520.34631348,0.00000000,1564.53807997,84,3
7242.16661525,7242.18017578,0.00000000,708.00000000,0.00000000,1572.33067281,84,5
7243.27525637,7243.28027344,0.00000000,739.00000000,0.00000000,1573.55815220,84,4
7244.08700394,7244.08740234,761.76326368,761.75207890,0.03444226,1574.44825728,84,0
7244.34467408,7244.35107422,0.00000000,769.00000000,0.00000000,1574.72989205,84,4
7244.59371475,7244.63134766,0.00000000,776.00000000,0.00000000,1575.00101369,84,4
7215.86497674,7247.28515625,0.00000000,-1.00000000,0.00000000,1539.66878396,84,4
7215.86497674,7247.49707031,0.00000000,-1.00000000,0.00000000,1539.66878396,84,4
7251.87417474,7251.84179688,0.00000000,983.00000000,0.00000000,1582.62802773,84,4
7252.60366944,7252.58886719,0.00000000,1004.00000000,0.00000000,1583.35960672,84,4
7255.67163002,7255.67333984,1092.90290941,1092.85316059,0.06272989,1586.36907546,84,0
7257.35333092,7257.35351562,1141.92981339,1141.92440807,0.04143852,1587.97156982,84,0
7258.80434503,7258.80712891,0.00000000,1184.49719238,0.00000000,1589.32752771,84,3
7258.98578264,7258.98583984,1189.82516484,1189.82348210,0.04859911,1589.49492809,84,0
7260.17665774,7260.17675781,1224.93316442,1224.93020809,0.04689211,1590.58581778,84,0
7269.08040726,7269.09082031,0.00000000,1492.00000000,0.00000000,1598.17525944,84,4
7270.83454526,7270.83203125,0.00000000,1545.60681152,0.00000000,1599.54758992,84,1
7272.55997642,7272.56054688,1598.68139797,1598.66379966,0.04583171,1600.85613799,84,0
7274.54059562,7274.53417969,0.00000000,1660.00000000,0.00000000,1602.30725512,84,4
7275.72845427,7275.73535156,0.00000000,1697.00000000,0.00000000,1603.15066392,84,4
7276.27244707,7276.29833984,0.00000000,1714.00000000,0.00000000,1603.53011455,84,4
7277.83913861,7277.83398438,0.00000000,1763.15698242,0.00000000,1604.59877117,84,3
7284.73079014,7284.72167969,0.00000000,1983.00000000,0.00000000,1608.85876275,84,4
7286.91038935,7286.91015625,2053.78982633,2053.79743115,0.05349455,1610.04992066,84,0
7290.97536943,7290.99902344,0.00000000,2187.60717773,0.00000000,1612.06073579,84,3
7291.43951924,7291.44921875,0.00000000,2203.03295898,0.00000000,1612.27231767,84,3
7293.29465675,7293.27783203,0.00000000,2265.00000000,0.00000000,1613.08011514,84,4
7295.40169178,7295.37646484,0.00000000,2336.00000000,0.00000000,1613.92267552,84,4
7296.19776099,7296.21777344,0.00000000,2363.00000000,0.00000000,1614.21982007,84,4
7296.31799567,7296.32568359,0.00000000,2367.08642578,0.00000000,1614.26367547,84,2
7298.27580434,7298.27587891,2433.94288411,2433.94032644,0.07531775,1614.93943474,84,0
7300.15306859,7300.15429688,2498.66934369,2498.62683284,0.04168258,1615.51842544,84,0
7304.18394003,7304.18408203,2639.46218787,2639.45717809,0.03494147,1616.52417845,84,0
7304.44488006,7304.44384766,2648.63264797,2648.66911927,0.04934495,1616.57779347,84,0
7307.41710315,7307.41699219,2754.46192973,2754.46590896,0.03645769,1617.08632048,84,0
7215.86497674,7307.66308594,0.00000000,-1.00000000,0.00000000,1539.66878396,84,4
7310.51411003,7310.52050781,0.00000000,2866.41259766,0.00000000,1617.40946204,84,2
7310.65566350,7310.65527344,2871.56760449,2871.58183102,0.04630744,1617.41904150,84,0
7311.26629098,7311.27050781,0.00000000,2893.87528179,0.06938413,1617.45495045,84,0
7313.03805182,7313.01660156,0.00000000,2959.00000000,0.00000000,1617.50957883,84,4
7313.52936455,7313.52978516,2977.18047772,2977.16490404,0.07957427,1617.51145189,84,0
7317.08151003,7317.08154297,3110.01122900,3110.00998542,0.07698316,1617.34781593,84,0
7317.62781355,7317.62695312,3130.63804179,3130.67063709,0.04822537,1617.29431351,84,0
7215.86497674,7320.61279297,0.00000000,-1.00000000,0.00000000,1539.66878396,84,4
7325.22841935,7325.22802734,3425.15328177,3425.16882586,0.08170549,1615.70927211,84,0
7325.87858852,7325.86425781,0.00000000,3451.00000000,0.00000000,1615.49681769,84,4
7326.82529560,7326.82519531,3488.80201898,3488.80603613,0.06619276,1615.16448924,84,0
7328.04885337,7328.07666016,0.00000000,3538.00000000,0.00000000,1614.69399551,84,4
7330.30373707,7330.30371094,3629.68772141,3629.68879155,0.06076898,1613.70210159,84,0
7331.51044408,7331.51123047,3679.37317866,3679.34067795,0.08901657,1613.10243846,84,0
7333.99814810,7334.03759766,0.00000000,3783.00000000,0.00000000,1611.70873044,84,5
7337.59653569,7337.59716797,3936.22921113,3936.20193920,0.07759508,1609.29724869,84,0
7339.79894787,7339.80322266,0.00000000,4032.00927734,0.00000000,1607.57554864,84,3
7310.65557226,7310.65527344,203.62042710,203.62825772,0.02889460,1614.27694672,83,0
7311.24156124,7311.27050781,0.00000000,219.00000000,0.00000000,1615.02664385,83,4
7313.53030595,7313.52978516,279.23042063,279.24417049,0.02392781,1617.92472332,83,0
7317.08221438,7317.08154297,373.45197588,373.46987389,0.00747646,1622.32944699,83,0
7317.62724730,7317.62695312,388.00117154,388.00902434,0.02788453,1622.99519462,83,0
7325.22726094,7325.22802734,593.03857953,593.01769048,0.02995131,1631.98699397,83,0
7326.82472172,7326.82519531,636.67237328,636.65940388,0.03119072,1633.80583333,83,0
7330.30446743,7330.30371094,732.40061958,732.42154046,0.01386901,1637.67970152,83,0
7331.51113819,7331.51123047,765.85385479,765.85129326,0.03324319,1638.99413948,83,0
7333.88529599,7333.92382812,0.00000000,832.00000000,0.00000000,1641.53728686,83,4
7337.58465825,7337.59716797,0.00000000,936.00000000,0.00000000,1645.38048618,83,4
7339.80046282,7339.80322266,0.00000000,998.85992432,0.00000000,1647.61145235,83,1
7302.80749492,7340.61230469,0.00000000,-1.00000000,0.00000000,1603.95295134,83,4
7341.43678099,7341.43212891,0.00000000,1045.56018066,0.00000000,1649.22405300,83,2
7341.62623315,7341.62548828,1050.96814805,1050.98947452,0.04955473,1649.40905110,83,0
7343.17444616,7343.17382812,1095.39930621,1095.41708283,0.01447717,1650.90347194,83,0
7344.30481528,7344.32226562,0.00000000,1128.00000000,0.00000000,1651.97748607,83,4
7344.59994270,7344.59960938,1136.50850002,1136.51813428,0.01000643,1652.25519784,83,0
7348.36420455,7348.36621094,0.00000000,1246.00000000,0.00000000,1655.71140765,83,4
7349.08097919,7349.06787109,0.00000000,1267.00000000,0.00000000,1656.35035246,83,4
7302.80749492,7351.33544922,0.00000000,-1.00000000,0.00000000,1603.95295134,83,4
7352.47068472,7352.47949219,0.00000000,1367.00000000,0.00000000,1659.28698300,83,4
7352.90848928,7352.95556641,0.00000000,1380.00000000,0.00000000,1659.65588134,83,4
7355.02083124,7355.04296875,0.00000000,1443.00000000,0.00000000,1661.40169550,83,4
7360.36886487,7360.37207031,1604.71525591,1604.61745329,0.07202444,1665.56248814,83,0
7361.06880599,7361.09228516,0.00000000,1626.00000000,0.00000000,1666.07871625,83,4
7363.37613943,7363.37500000,1696.83971269,1696.87486257,0.04907831,1667.73256454,83,0
7364.22342175,7364.22314453,1723.04637961,1723.05495956,0.07159767,1668.32122437,83,0
7367.24830502,7367.19824219,0.00000000,1817.22095349,0.07722156,1670.33932289,83,0
7367.45380317,7367.45507812,1823.69284083,1823.65289114,0.05809764,1670.47150200,83,0
7372.85509228,7372.85498047,1994.70416995,1994.70774924,0.03444642,1673.72088064,83,0
7374.14188004,7374.13525391,0.00000000,2036.00000000,0.00000000,1674.42847536,83,4
7378.90381548,7378.90917969,0.00000000,2190.75195312,0.00000000,1676.81454433,83,2
7379.88418819,7379.92041016,0.00000000,2223.00000000,0.00000000,1677.25892026,83,5
7382.17834067,7382.18457031,0.00000000,2299.00000000,0.00000000,1678.23407874,83,4
7385.74620187,7385.74511719,2418.69895970,2418.73565368,0.05471336,1679.56490315,83,0
7386.20944136,7386.20898438,2434.40751777,2434.42300977,0.02755543,1679.72062896,83,0
7387.53504024,7387.53466797,2479.49301678,2479.50571710,0.02317044,1680.14411982,83,0
7302.80749492,7388.37939453,0.00000000,-1.00000000,0.00000000,1603.95295134,83,4
7388.95559041,7388.95703125,2528.17446695,2528.12499672,0.08263462,1680.56085284,83,0
7390.46116002,7390.43164062,0.00000000,2580.00000000,0.00000000,1680.95973157,83,4
7391.29503808,7391.29638672,2608.93786340,2608.89104116,0.07428995,1681.16139401,83,0
7392.11972188,7392.13769531,0.00000000,2637.58642906,0.06738661,1681.34717907,83,0
7395.46926216,7395.47460938,0.00000000,2755.31689453,0.00000000,1681.95796860,83,2
7398.90068290,7398.93212891,0.00000000,2878.00000000,0.00000000,1682.33518777,83,5
7400.58438494,7400.57666016,0.00000000,2939.00000000,0.00000000,1682.42418562,83,4
7400.66680486,7400.63232422,0.00000000,2942.00000000,0.00000000,1682.42687285,83,5
7401.43431568,7401.42578125,0.00000000,2970.00000000,0.00000000,1682.44431295,83,4
7404.29075066,7404.29101562,3075.24600343,3075.23616173,0.05974992,1682.38639010,83,0
7406.02902289,7406.02880859,3140.08233947,3140.09037501,0.07456228,1682.25350105,83,0
7302.80749492,7406.29833984,0.00000000,-1.00000000,0.00000000,1603.95295134,83,4
7411.24632252,7411.25341797,0.00000000,3338.68017578,0.00000000,1681.38511631,83,3
7413.00783816,7413.00878906,3407.16598750,3407.12883106,0.08702058,1680.92441082,83,0
7413.77843183,7413.77978516,3437.36396458,3437.31083430,0.06628255,1680.69495393,83,0
7415.46834395,7415.45117188,0.00000000,3504.00000000,0.00000000,1680.13081970,83,4
7415.61950145,7415.63623047,0.00000000,3510.00000000,0.00000000,1680.07620619,83,4
7416.14740831,7416.17626953,0.00000000,3531.00000000,0.00000000,1679.88004080,83,4
7302.80749492,7417.95605469,0.00000000,-1.00000000,0.00000000,1603.95295134,83,4
7419.83406871,7419.83398438,3679.67127128,3679.67471587,0.06571475,1678.26783155,83,0
7420.59291566,7420.59326172,3710.75657593,3710.74237332,0.06463362,1677.88144513,83,0
7423.49442259,7423.50732422,0.00000000,3831.00000000,0.00000000,1676.22432347,83,5
7423.87604366,7423.87158203,0.00000000,3847.00000000,0.00000000,1675.98448774,83,4
7424.06646588,7424.05615234,0.00000000,3855.00000000,0.00000000,1675.86286387,83,5
7425.84776076,7425.84863281,3930.40420343,3930.36707026,0.07136747,1674.66120656,83,0
7427.28722901,7427.28662109,3991.98768771,3992.01385850,0.07686946,1673.60317434,83,0
7395.47424423,7395.47460938,91.91353346,91.90418182,0.02907502,1674.44332444,82,0
7398.00761286,7398.05029297,0.00000000,157.00000000,0.00000000,1677.72700916,82,4
7398.92445619,7398.93212891,0.00000000,180.66194153,0.00000000,1678.90229567,82,3
7404.29164333,7404.29101562,320.27118610,320.28763029,0.01621965,1685.63853785,82,0
7405.72797961,7405.73681641,0.00000000,358.00000000,0.00000000,1687.39957509,82,4
7411.25001889,7411.25341797,504.38497869,504.29425205,0.04830415,1693.99574700,82,0
7412.99563326,7413.00878906,0.00000000,551.00000000,0.00000000,1696.02280654,82,4
7413.77939135,7413.77978516,572.05983647,572.04925049,0.03216298,1696.92387951,82,0
7415.63319993,7415.63623047,0.00000000,622.00000000,0.00000000,1699.03112623,82,5
7417.92052489,7417.95605469,0.00000000,684.00000000,0.00000000,1701.58592862,82,4
7419.83459584,7419.83398438,736.17290926,736.18962491,0.02974507,1703.68429489,82,0
7420.59284442,7420.59326172,756.95206801,756.94063405,0.03770200,1704.50536489,82,0
7421.43287044,7421.43359375,0.00000000,780.00000000,0.00000000,1705.40892150,82,4
7391.87042478,7423.87158203,0.00000000,-1.00000000,0.00000000,1669.68158274,82,4
7425.83884420,7425.84863281,0.00000000,901.83074951,0.00000000,1710.02805649,82,3
7427.28898193,7427.28662109,942.21862269,942.28462220,0.03480806,1711.50429976,82,0
7429.24046169,7429.27148438,0.00000000,997.00000000,0.00000000,1713.45532339,82,4
7391.87042478,7430.98632812,0.00000000,-1.00000000,0.00000000,1669.68158274,82,4
7391.87042478,7432.29980469,0.00000000,-1.00000000,0.00000000,1669.68158274,82,4
7391.87042478,7441.13476562,0.00000000,-1.00000000,0.00000000,1669.68158274,82,4
7445.91503536,7445.92480469,0.00000000,1478.72973633,0.00000000,1728.36623982,82,3
7446.79955635,7446.79931641,1505.02987862,1505.03702834,0.05789605,1729.06329121,82,0
7449.90017225,7449.89990234,1597.92048645,1597.92861688,0.05894351,1731.42747951,82,0
7451.65691726,7451.65673828,1651.01493595,1651.02036237,0.07207000,1732.71075015,82,0
7451.86212595,7451.86083984,1657.20537523,1657.24439710,0.07247293,1732.85795287,82,0
7452.24384256,7452.24707031,0.00000000,1668.83813477,0.00000000,1733.13034150,82,3
7454.57600953,7454.56884766,0.00000000,1740.00000000,0.00000000,1734.75061986,82,4
7457.26176671,7457.26123047,1822.70210153,1822.71870290,0.03658687,1736.52245749,82,0
7458.87254910,7458.87353516,1872.76776154,1872.73704538,0.05021767,1737.53566902,82,0
7459.70224022,7459.70605469,1898.75005429,1898.63085083,0.03195353,1738.04297261,82,0
7460.79974823,7460.80859375,0.00000000,1933.00000000,0.00000000,1738.69817906,82,4
7463.92953666,7463.92968750,2031.84154869,2031.83675722,0.05712614,1740.46708397,82,0
7465.04869068,7465.04638672,2067.41336938,2067.48691849,0.02726119,1741.06314861,82,0
7391.87042478,7467.08251953,0.00000000,-1.00000000,0.00000000,1669.68158274,82,4
7467.27868397,7467.29101562,0.00000000,2139.00000000,0.00000000,1742.19177009,82,4
7467.48453942,7467.49560547,0.00000000,2145.63500977,0.00000000,1742.29194754,82,2
7471.11065988,7471.11376953,2263.56161794,2263.45979366,0.02050816,1743.94266305,82,0
7476.08127898,7476.10205078,0.00000000,2428.00000000,0.00000000,1745.84186964,82,4
7476.61760082,7476.61621094,2445.92316282,2445.96979690,0.12965860,1746.02065152,82,0
7482.69695417,7482.70507812,0.00000000,2652.83807610,0.10051672,1747.67319930,82,0
7483.41470811,7483.41455078,2677.64264343,2677.64809342,0.04068074,1747.82131269,82,0
7391.87042478,7485.68652344,0.00000000,-1.00000000,0.00000000,1669.68158274,82,4
7490.04103040,7490.03564453,0.00000000,2911.00000000,0.00000000,1748.69047176,82,4
7495.49118956,7495.49072266,3109.01581936,3109.03303151,0.08173654,1748.68657191,82,0
7497.62019368,7497.62841797,0.00000000,3188.00000000,0.00000000,1748.49561083,82,4
7499.93622797,7499.94873047,0.00000000,3275.00000000,0.00000000,1748.16042963,82,4
7501.06785837,7501.06787109,3317.93172649,3317.93124216,0.06615652,1747.94687471,82,0
7501.69881723,7501.70898438,0.00000000,3342.00000000,0.00000000,1747.81323884,82,4
7503.26171855,7503.24462891,0.00000000,3402.00000000,0.00000000,1747.43662757,82,5
7505.92713945,7505.89599609,0.00000000,3505.65463494,0.03711158,1746.63995460,82,0
7507.35885158,7507.35986328,3562.08377334,3562.04375653,0.08636798,1746.12896329,82,0
7509.80730819,7509.80566406,3659.62113111,3659.68725521,0.07848745,1745.11502770,82,0
7509.99163981,7509.99121094,3667.08853337,3667.10580484,0.08778840,1745.03130991,82,0
7510.54535345,7510.54638672,3689.48726255,3689.44550284,0.07032491,1744.77351261,82,0
7391.87042478,7512.21337891,0.00000000,-1.00000000,0.00000000,1669.68158274,82,4
7513.41752445,7513.41845703,3806.66568991,3806.62727915,0.07965940,1743.28132157,82,0
7513.85859104,7513.85888672,3824.83430038,3824.82208357,0.06533538,1743.02857139,82,0
7518.80744387,7518.81005859,0.00000000,4033.00000000,0.00000000,1739.73482727,82,5
7520.01951349,7520.02099609,4085.24061900,4085.17653159,0.10325804,1738.79370391,82,0
7483.41482484,7483.41455078,7.08086795,7.08774722,0.02304426,1737.30970763,81,0
7485.68695867,7485.68652344,64.27466810,64.28565454,0.01408656,1740.29052773,81,0
7495.49930882,7495.49072266,0.00000000,315.00000000,0.00000000,1752.68654239,81,4
7483.13231780,7496.31738281,0.00000000,-1.00000000,0.00000000,1736.93638709,81,4
7497.63110289,7497.62841797,370.22699523,370.29685167,0.04812851,1755.27359269,81,0
7499.05550314,7499.05566406,407.42792723,407.42372502,0.02638204,1756.98072896,81,0
7499.95708675,7499.94873047,0.00000000,431.00000000,0.00000000,1758.05234540,81,4
7501.06833164,7501.06787109,460.11907300,460.13116590,0.02858944,1759.36309133,81,0
7505.92607642,7505.89599609,0.00000000,588.50012812,0.01660967,1764.96303145,81,0
7507.35935769,7507.35986328,626.71836063,626.70485727,0.03328440,1766.57425090,81,0
7509.80320124,7509.80566406,0.00000000,692.19598389,0.00000000,1769.27706167,81,2
7509.99398149,7509.99121094,697.24523894,697.31979489,0.09650352,1769.48536779,81,0
7510.54691784,7510.54638672,712.19763523,712.21195092,0.03007962,1770.08820340,81,0
7510.83563142,7510.86279297,0.00000000,720.00000000,0.00000000,1770.40192466,81,4
7511.65039996,7511.66406250,0.00000000,742.00000000,0.00000000,1771.28242488,81,4
7513.38468844,7513.41845703,0.00000000,789.00000000,0.00000000,1773.13522099,81,5
7513.85789912,7513.85888672,801.88166839,801.85480201,0.04111532,1773.63526384,81,0
7516.72345961,7516.74853516,0.00000000,880.15184675,0.02895183,1776.61872156,81,0
7518.82541548,7518.81005859,0.00000000,938.00000000,0.00000000,1778.75428578,81,4
7520.01804244,7520.02099609,971.06650649,970.98466869,0.04254271,1779.94582992,81,0
7520.85382014,7520.85302734,994.15663639,994.17866093,0.04518984,1780.77232314,81,0
7522.17699617,7522.19677734,0.00000000,1031.00000000,0.00000000,1782.06512595,81,4
7522.75017027,7522.76562500,0.00000000,1047.00000000,0.00000000,1782.61951179,81,5
7525.20558535,7525.20654297,1115.88546841,1115.85851286,0.04666611,1784.95439103,81,0
7527.40276492,7527.40039062,0.00000000,1177.93823242,0.00000000,1786.98844619,81,2
7527.58027920,7527.57958984,1182.94321263,1182.96276387,0.05168497,1787.15013209,81,0
7529.40906810,7529.42187500,0.00000000,1235.00000000,0.00000000,1788.79872545,81,4
7533.20556671,7533.21728516,0.00000000,1344.00000000,0.00000000,1792.09867023,81,4
7533.89703765,7533.88916016,0.00000000,1364.00000000,0.00000000,1792.68163238,81,4
7539.50249711,7539.50341797,1527.89021366,1527.86303670,0.05749137,1797.19479196,81,0
7542.66843058,7542.66748047,1621.80386504,1621.83222506,0.06560436,1799.57131380,81,0
7549.35931746,7549.36914062,0.00000000,1824.00000000,0.00000000,1804.16143782,81,4
7551.39257207,7551.39208984,1886.41833678,1886.43320431,0.01756199,1805.43473813,81,0
7557.40728174,7557.40576172,2073.98711096,2074.03509287,0.08049609,1808.85151329,81,0
7559.82275864,7559.83007812,0.00000000,2150.66943359,0.00000000,1810.07064078,81,2
7565.78097992,7565.79394531,0.00000000,2343.00000000,0.00000000,1812.67950696,81,4
7567.93451453,7567.93505859,2413.75412714,2413.73617107,0.04968106,1813.47696224,81,0
7568.61329307,7568.61279297,2436.15445588,2436.17101042,0.06739804,1813.71169461,81,0
7569.67794905,7569.68164062,0.00000000,2471.50122070,0.00000000,1814.06359498,81,2
7569.82590757,7569.82519531,2476.40255200,2476.42626334,0.03802792,1814.11092554,81,0
7571.59048060,7571.59521484,0.00000000,2535.39282227,0.00000000,1814.64484433,81,2
7571.73275050,7571.74267578,0.00000000,2540.16796875,0.00000000,1814.68543514,81,2
7572.61945233,7572.64306641,0.00000000,2570.00000000,0.00000000,1814.93004700,81,4
7573.11708647,7573.11669922,0.00000000,2586.79614258,0.00000000,1815.06096324,81,2
7575.42315796,7575.42871094,0.00000000,2665.14501953,0.00000000,1815.60688965,81,2
7576.52835841,7576.55273438,0.00000000,2703.00000000,0.00000000,1815.83246138,81,5
7579.36226502,7579.35449219,0.00000000,2801.00000000,0.00000000,1816.30089911,81,4
7579.64922579,7579.64013672,0.00000000,2811.00000000,0.00000000,1816.33933202,81,4
7582.43202265,7582.43212891,2908.73915800,2908.73540102,0.06792491,1816.62370210,81,0
7582.75048831,7582.77685547,0.00000000,2920.00000000,0.00000000,1816.64584100,81,5
7583.17344949,7583.15722656,0.00000000,2935.00000000,0.00000000,1816.67191003,81,4
7585.49712280,7585.51367188,0.00000000,3018.00000000,0.00000000,1816.74575985,81,5
7587.87490052,7587.88037109,0.00000000,3104.00000000,0.00000000,1816.69658354,81,4
7589.08246993,7589.08300781,3148.12406959,3148.10435670,0.06247632,1816.62178301,81,0
7594.11092717,7594.09228516,0.00000000,3335.00000000,0.00000000,1815.93230652,81,4
7600.29670592,7600.29882812,3572.73014169,3572.64704145,0.06437295,1814.18708788,81,0
7605.70995598,7605.71728516,0.00000000,3788.38891602,0.00000000,1811.76358565,81,2
7609.91681603,7609.91699219,3961.61537351,3961.60800773,0.06939554,1809.24188450,81,0
7610.76112345,7610.75585938,0.00000000,3997.00000000,0.00000000,1808.66371754,81,4
7582.40662635,7582.43212891,0.00000000,143.00000000,0.00000000,1813.13338374,80,4
7582.76466053,7582.77685547,0.00000000,152.00000000,0.00000000,1813.58683861,80,4
7585.51437722,7585.51367188,0.00000000,221.38650513,0.00000000,1817.03500684,80,3
7587.86180643,7587.88037109,0.00000000,281.00000000,0.00000000,1819.92999643,80,4
7600.29671227,7600.29882812,602.95690331,602.90122811,0.03391419,1834.48747549,80,0
7604.86922756,7604.88476562,0.00000000,724.00000000,0.00000000,1839.49583721,80,4
7605.35662414,7605.34130859,0.00000000,737.00000000,0.00000000,1840.01831169,80,4
7605.71606892,7605.71728516,746.62249696,746.59001130,0.02649129,1840.40185307,80,0
7609.91730552,7609.91699219,859.49890937,859.50738224,0.00835151,1844.79759545,80,0
7610.75917550,7610.75585938,882.22635864,882.31625291,0.07001227,1845.65862318,80,0
7612.18319946,7612.18994141,0.00000000,921.00000000,0.00000000,1847.09827168,80,5
7576.67565437,7613.38037109,0.00000000,-1.00000000,0.00000000,1805.73718153,80,4
7614.21061948,7614.20947266,976.32949968,976.36091303,0.01679816,1849.11339761,80,0
7616.88611678,7616.88378906,1049.86766927,1049.93193617,0.07858664,1851.70910994,80,0
7618.78138434,7618.78027344,1102.36976403,1102.40060531,0.03365995,1853.50298362,80,0
7622.17548074,7622.17480469,1197.12677571,1197.14574752,0.04603630,1856.62147594,80,0
7625.67762218,7625.66699219,0.00000000,1296.00000000,0.00000000,1859.70959565,80,4
7626.38147131,7626.41113281,0.00000000,1316.00000000,0.00000000,1860.31381789,80,5
7627.21195550,7627.21777344,0.00000000,1339.65747070,0.00000000,1861.01960609,80,2
7627.80433902,7627.80419922,1356.56235269,1356.56634801,0.01138107,1861.51812913,80,0
7629.27369884,7629.27441406,1398.68767231,1398.66712805,0.02870650,1862.73790842,80,0
7632.40242897,7632.41064453,0.00000000,1489.00000000,0.00000000,1865.25172817,80,4
7632.63068038,7632.63720703,0.00000000,1495.62744141,0.00000000,1865.43060748,80,1
7634.23215459,7634.23193359,1542.25805303,1542.26450705,0.04410741,1866.66791741,80,0
7635.86973344,7635.86669922,1590.15113305,1590.24026014,0.05895254,1867.90154007,80,0
7638.27706122,7638.27636719,1661.22751832,1661.24807950,0.04541258,1869.65443892,80,0
7639.48840421,7639.48779297,1697.19197045,1697.21015539,0.05016419,1870.50898377,80,0
7640.88300008,7640.88330078,1738.81788279,1738.80888982,0.04928946,1871.46961355,80,0
7643.68371457,7643.70263672,0.00000000,1823.00000000,0.00000000,1873.32239102,80,4
7644.13822306,7644.13867188,1836.75365489,1836.74007197,0.05141685,1873.61314975,80,0
7644.98598178,7644.98583984,1862.43279183,1862.43710113,0.01940608,1874.14818518,80,0
7576.67565437,7646.84521484,0.00000000,-1.00000000,0.00000000,1805.73718153,80,4
7647.07194668,7647.06884766,1925.93416760,1926.02900653,0.09001802,1875.42320588,80,0
7649.47794810,7649.48437500,0.00000000,2000.00000000,0.00000000,1876.81847121,80,4
7653.10770393,7653.10742188,2112.90942897,2112.91826850,0.06047335,1878.76613184,80,0
7653.84849431,7653.85253906,2136.30439741,2136.17726637,0.04099651,1879.13995399,80,0
7654.42656891,7654.42626953,2154.34832801,2154.35775931,0.02514548,1879.42564471,80,0
7655.93529895,7655.93505859,2202.03480801,2202.04242972,0.07618082,1880.14782962,80,0
7656.80088665,7656.80664062,0.00000000,2229.53344727,0.00000000,1880.54632113,80,2
7657.81788483,7657.81542969,0.00000000,2261.95727539,0.00000000,1880.99952329,80,2
7660.43247254,7660.43212891,2345.94794055,2345.95903929,0.06790216,1882.08909148,80,0
7662.13296537,7662.13281250,2401.08960371,2401.09457970,0.07933143,1882.73788605,80,0
7662.99874232,7662.99902344,2429.33483381,2429.32565032,0.03805396,1883.04972241,80,0
7576.67565437,7663.73339844,0.00000000,-1.00000000,0.00000000,1805.73718153,80,4
7667.84376117,7667.84375000,2589.33701129,2589.33738409,0.05556233,1884.55635503,80,0
7668.67752599,7668.67822266,2617.25213561,2617.22878634,0.05251677,1884.77355909,80,0
7671.07050164,7671.07128906,2697.91700212,2697.89030675,0.07647171,1885.32576302,80,0
7671.83909658,7671.86865234,0.00000000,2724.00000000,0.00000000,1885.48031578,80,4
7674.36623863,7674.36669922,2810.52851937,2810.51265281,0.03575548,1885.90779538,80,0
7678.33195038,7678.33251953,2948.49185327,2948.47185608,0.03645942,1886.32022766,80,0
7680.23984044,7680.23974609,3015.83455933,3015.83790753,0.06274570,1886.40118687,80,0
7684.16386893,7684.16357422,3156.55628940,3156.56697171,0.04960104,1886.31486521,80,0
7685.13373795,7685.13330078,3191.79102393,3191.80695029,0.06934407,1886.23908319,80,0
7687.42315544,7687.42236328,3275.72645381,3275.75568926,0.06164651,1885.97101884,80,0
7688.26969293,7688.26953125,3307.06993190,3307.07592798,0.08027940,1885.83939243,80,0
7692.81745852,7692.77636719,0.00000000,3478.00000000,0.00000000,1884.81777041,80,4
7693.88760744,7693.88769531,3518.91224283,3518.90887362,0.07283045,1884.49709294,80,0
7695.91866212,7695.91894531,3597.27853601,3597.26753716,0.07040515,1883.80053899,80,0
7700.04056456,7700.04248047,0.00000000,3759.47778320,0.00000000,1882.01413701,80,2
7700.17198858,7700.17333984,0.00000000,3764.72192383,0.00000000,1881.94861658,80,2
7701.52169349,7701.52197266,3818.86469611,3818.85345243,0.07176885,1881.24381342,80,0
7701.89805972,7701.89843750,3834.04704873,3834.03179327,0.11102172,1881.03685975,80,0
7703.22626574,7703.22753906,3887.96523758,3887.91333218,0.05693002,1880.26916310,80,0
7705.80455050,7705.80517578,3994.01636066,3993.99040176,0.07666587,1878.60692357,80,0
7674.34024699,7674.36669922,0.00000000,43.00000000,0.00000000,1878.46806850,79,5
7678.33293507,7678.33251953,141.59254552,141.60285625,0.01548597,1883.54313956,79,0
7680.23968267,7680.23974609,189.02560819,189.02402709,0.02782396,1885.92370033,79,0
7684.15069577,7684.16357422,0.00000000,287.00000000,0.00000000,1890.71837492,79,4
7685.14259610,7685.13330078,0.00000000,312.00000000,0.00000000,1891.91510967,79,4
7687.42248680,7687.42236328,369.69005434,369.69318992,0.02618361,1894.63543952,79,0
7688.26072834,7688.26953125,0.00000000,391.00000000,0.00000000,1895.62548539,79,4
7693.88862145,7693.88769531,535.18450190,535.20840797,0.03268363,1902.11929903,79,0
7695.91851358,7695.91894531,587.76328015,587.75207601,0.03769293,1904.39576975,79,0
7700.03218655,7700.04248047,0.00000000,695.10986328,0.00000000,1908.89837870,79,2
7700.16543712,7700.17333984,0.00000000,698.60784912,0.00000000,1909.04172720,79,2
7701.52329437,7701.52197266,734.28668888,734.32151410,0.02684574,1910.49316108,79,0
7701.89994304,7701.89843750,744.21080084,744.25050922,0.05184994,1910.89276125,79,0
7703.22902096,7703.22753906,779.33832588,779.37757190,0.02750967,1912.29278008,79,0
7672.58709261,7705.80517578,0.00000000,-1.00000000,0.00000000,1876.20190426,79,4
7712.01174902,7712.01269531,1014.95812526,1014.93242184,0.05198881,1921.12948852,79,0
7712.39184455,7712.39111328,1025.24259424,1025.26247982,0.03586249,1921.49505429,79,0
7713.24705749,7713.24755859,1048.56345957,1048.54979655,0.01474513,1922.31239307,79,0
7714.52854256,7714.52783203,1083.53370271,1083.55314493,0.00364323,1923.52330998,79,0
7716.06102849,7716.06054688,1125.57351862,1125.58676128,0.01727703,1924.94945652,79,0
7672.58709261,7720.95996094,0.00000000,-1.00000000,0.00000000,1876.20190426,79,4
7723.32132761,7723.32666016,0.00000000,1327.52612305,0.00000000,1931.37548149,79,2
7731.07797638,7731.07812500,1548.56102711,1548.55673662,0.01087958,1937.60199478,79,0
7732.57862061,7732.59960938,0.00000000,1592.00000000,0.00000000,1938.72666987,79,5
7733.86672645,7733.86621094,1629.44057375,1629.45560136,0.01613596,1939.67019496,79,0
7736.75900121,7736.75927734,1714.19905145,1714.19092034,0.05806203,1941.71541103,79,0
7739.91127918,7739.92724609,0.00000000,1807.55407715,0.00000000,1943.82546407,79,2
7740.50663381,7740.50097656,0.00000000,1825.30617295,0.04552756,1944.20965921,79,0
7744.69453766,7744.69384766,1951.27438923,1951.29530932,0.04333691,1946.78018028,79,0
7746.08500248,7746.08642578,1993.61719015,1993.57379917,0.03399088,1947.58143188,79,0
7750.48978428,7750.50927734,0.00000000,2129.00000000,0.00000000,1949.94048230,79,4
7751.03731498,7751.02587891,0.00000000,2146.00000000,0.00000000,1950.21426920,79,5
7672.58709261,7751.45117188,0.00000000,-1.00000000,0.00000000,1876.20190426,79,4
7751.72425016,7751.72558594,2167.41480753,2167.37317192,0.08300063,1950.55141432,79,0
7754.61454253,7754.58984375,0.00000000,2258.00000000,0.00000000,1951.89345429,79,4
7672.58709261,7760.63183594,0.00000000,-1.00000000,0.00000000,1876.20190426,79,4
7763.84916080,7763.84960938,2555.07504192,2555.06032100,0.07501136,1955.29918617,79,0
7764.86773564,7764.86767578,2588.56335657,2588.56533014,0.03119009,1955.58776955,79,0
7766.78977406,7766.79101562,2652.25863467,2652.21733246,0.06287108,1956.08264923,79,0
7769.07793536,7769.07861328,2728.77575667,2728.75295680,0.09889051,1956.58509763,79,0
7672.58709261,7770.11816406,0.00000000,-1.00000000,0.00000000,1876.20190426,79,4
7774.08735611,7774.08447266,2899.15964715,2899.25899970,0.03817785,1957.34080494,79,0
7778.81243827,7778.81298828,3064.05629791,3064.03687594,0.08140138,1957.59392616,79,0
7780.63221996,7780.63232422,3128.59164587,3128.58793027,0.04316353,1957.56514995,79,0
7781.87828595,7781.88037109,3173.22748821,3173.15267722,0.07401115,1957.50324051,79,0
7784.45751324,7784.45800781,3266.37382512,3266.35582737,0.05594752,1957.26270669,79,0
7785.54329696,7785.55419922,0.00000000,3306.00000000,0.00000000,1957.11482999,79,5
7786.38778134,7786.39794922,0.00000000,3337.00000000,0.00000000,1956.98024422,79,5
7787.90300322,7787.89501953,0.00000000,3393.00000000,0.00000000,1956.69494735,79,4
7789.79313014,7789.79736328,0.00000000,3463.55371094,0.00000000,1956.25818881,79,2
7789.94714018,7789.94335938,0.00000000,3469.33738657,0.27844094,1956.21856113,79,0
7791.07729382,7791.07763672,3511.96490220,3511.95193094,0.07108137,1955.90871272,79,0
7795.28004056,7795.27587891,0.00000000,3673.00000000,0.00000000,1954.45343819,79,5
7800.50330444,7800.50341797,3879.32238667,3879.31782372,0.07562878,1951.93147352,79,0
7802.17733524,7802.17431641,0.00000000,3947.00000000,0.00000000,1950.94306412,79,4
7774.08688287,7774.08447266,75.86281205,75.92149496,0.02335341,1952.34476129,78,0
7778.78680434,7778.81298828,0.00000000,191.00000000,0.00000000,1958.20446310,78,4
7780.63190279,7780.63232422,236.54072726,236.53030367,0.01177175,1960.45934853,78,0
7784.45722635,7784.45800781,331.61373768,331.59422356,0.01972527,1965.05149668,78,0
7786.35070644,7786.39794922,0.00000000,379.00000000,0.00000000,1967.28296389,78,4
7787.86236191,7787.89501953,0.00000000,417.00000000,0.00000000,1969.04359132,78,4
7789.80302932,7789.79736328,0.00000000,466.00000000,0.00000000,1971.27699114,78,4
7789.94192138,7789.94335938,469.55511599,469.51869850,10.74964124,1971.43577371,78,0
7791.06518503,7791.07763672,0.00000000,498.00000000,0.00000000,1972.71312303,78,4
7795.29445607,7795.27587891,0.00000000,606.00000000,0.00000000,1977.42940985,78,4
7800.50301425,7800.50341797,740.69943799,740.68892632,0.02381354,1983.02899977,78,0
7806.30363249,7806.28906250,0.00000000,893.00000000,0.00000000,1988.98434866,78,4
7806.67725731,7806.67773438,902.89889132,902.88624350,0.03992557,1989.35708790,78,0
7808.18731073,7808.19287109,0.00000000,943.00000000,0.00000000,1990.85222347,78,4
7810.02406039,7810.02441406,992.03346108,992.02399590,0.05204820,1992.64185638,78,0
7810.47924913,7810.47900391,1004.20669956,1004.21327027,0.03496184,1993.08040895,78,0
7811.40333324,7811.38769531,0.00000000,1029.00000000,0.00000000,1993.96431581,78,4
7811.55217894,7811.58105469,0.00000000,1033.00000000,0.00000000,1994.10596734,78,4
7812.77387411,7812.77343750,1065.89153683,1065.90331397,0.03744248,1995.26072598,78,0
7815.62705218,7815.62597656,1143.16106775,1143.19033617,0.05276144,1997.89993213,78,0
7770.95773629,7819.92089844,0.00000000,-1.00000000,0.00000000,1948.35287484,78,4
7824.54108179,7824.54052734,1389.11987039,1389.13538786,0.05055373,2005.61548488,78,0
7836.61320599,7836.61328125,1733.83172708,1733.82953318,0.04791785,2014.68155501,78,0
7837.77692716,7837.77734375,1767.83507315,1767.82287981,0.04334299,2015.46523047,78,0
7838.61667235,7838.61572266,1792.41128608,1792.43916947,0.01664456,2016.02035783,78,0
7842.44960881,7842.45507812,0.00000000,1905.76464844,0.00000000,2018.44194637,78,2
7842.60950306,7842.61474609,0.00000000,1910.52661133,0.00000000,2018.53888049,78,2
7843.94866308,7843.94873047,1950.52323177,1950.52121422,0.00796839,2019.33765901,78,0
7844.42256882,7844.42285156,1964.73114889,1964.72266749,0.03804985,2019.61469327,78,0
7849.94096530,7849.96142578,0.00000000,2132.00000000,0.00000000,2022.61753681,78,4
7850.61378162,7850.61376953,2152.63359129,2152.63396260,0.03230326,2022.95469188,78,0
7851.78562692,7851.78515625,2188.70564324,2188.72017327,0.04498369,2023.52677840,78,0
7857.27299949,7857.26416016,0.00000000,2360.00000000,0.00000000,2025.93743999,78,4
7864.50927979,7864.50927734,2592.02874052,2592.02882013,0.09463071,2028.39989427,78,0
7866.18518699,7866.18505859,2646.82375597,2646.82797056,0.06679065,2028.84645449,78,0
7867.24220398,7867.24121094,0.00000000,2681.61938477,0.00000000,2029.10318163,78,3
7867.42582215,7867.42431641,2687.62150685,2687.67122164,0.07939700,2029.14571354,78,0
7868.13405112,7868.13427734,2711.10089695,2711.09340285,0.07930529,2029.30438774,78,0
7869.84501598,7869.85351562,0.00000000,2768.00000000,0.00000000,2029.65059351,78,5
7870.57170546,7870.56884766,2792.21184203,2792.30759558,0.14330664,2029.78149465,78,0
7871.10373892,7871.09912109,0.00000000,2810.15589483,0.17313981,2029.87113782,78,0
7871.94014898,7871.94628906,0.00000000,2838.30908203,0.00000000,2030.00139300,78,2
7873.46706577,7873.47216797,0.00000000,2890.00000000,0.00000000,2030.20502503,78,4
7874.79652592,7874.79736328,2935.35302038,2935.32438349,0.05677222,2030.34571606,78,0
7877.62916035,7877.62988281,3032.92364054,3032.89857102,0.07848012,2030.52847347,78,0
7879.23300882,7879.24267578,0.00000000,3088.78609702,0.25884517,2030.55921845,78,0
7882.75032674,7882.75195312,0.00000000,3213.00000000,0.00000000,2030.43452988,78,4
7882.92172995,7882.94238281,0.00000000,3219.11320124,0.04409822,2030.42151468,78,0
7884.25005388,7884.26416016,0.00000000,3266.68338474,0.05549949,2030.29817375,78,0
7885.75492747,7885.77392578,0.00000000,3321.00000000,0.00000000,2030.10950966,78,4
7888.45247647,7888.45263672,3419.53509958,3419.52920027,0.06153037,2029.63701470,78,0
7895.78885634,7895.79101562,3695.66016201,3695.57706106,0.06904698,2027.41720982,78,0
7896.95699825,7896.96142578,0.00000000,3740.70434570,0.00000000,2026.92848714,78,3
7898.58081972,7898.59765625,0.00000000,3804.00000000,0.00000000,2026.18330784,78,5
7899.39521837,7899.41455078,0.00000000,3836.00000000,0.00000000,2025.78002688,78,4
7901.79566566,7901.79638672,3931.37791200,3931.34904032,0.07384127,2024.47258012,78,0
7902.49320137,7902.49365234,3959.36849880,3959.35034383,0.07508988,2024.05849747,78,0
7905.53333072,7905.50732422,0.00000000,4083.00000000,0.00000000,2022.06620392,78,4
7874.79460274,7874.79736328,69.79079130,69.72445846,0.03332398,2025.94539536,77,0
7877.63124647,7877.62988281,138.07447804,138.10746263,0.03045272,2029.47587349,77,0
7879.23613448,7879.24267578,0.00000000,177.00000000,0.00000000,2031.44749383,77,4
7885.77377246,7885.77392578,0.00000000,337.00000000,0.00000000,2039.28208359,77,4
7886.09792994,7886.14648438,0.00000000,345.00000000,0.00000000,2039.66215579,77,4
7888.45347761,7888.45263672,403.30066106,403.32154464,0.02407062,2042.39946253,77,0
7895.78866827,7895.79101562,587.27128209,587.21188334,0.03193143,2050.64529856,77,0
7896.96416076,7896.96142578,0.00000000,617.00000000,0.00000000,2051.92610758,77,4
7898.59548399,7898.59765625,658.55487302,658.49950701,1.76795852,2053.68498874,77,0
7899.39006954,7899.41455078,0.00000000,678.77972412,0.00000000,2054.53374110,77,3
7901.79662101,7901.79638672,740.45090795,740.45693114,0.01482515,2057.07151604,77,0
7902.49435954,7902.49365234,758.39399229,758.41221060,0.02338297,2057.79800974,77,0
7906.60431881,7906.60791016,865.01144550,864.91785707,0.06525615,2061.99348628,77,0
7910.31029731,7910.32031250,0.00000000,962.00000000,0.00000000,2065.64814170,77,4
7910.68781534,7910.68457031,0.00000000,971.94720459,0.00000000,2066.01347699,77,3
7916.70575486,7916.68505859,0.00000000,1132.00000000,0.00000000,2071.65880995,77,4
7918.93430561,7918.98242188,0.00000000,1192.00000000,0.00000000,2073.66215008,77,4
7923.03563376,7923.03613281,1303.50413013,1303.49047378,0.02742752,2077.22131134,77,0
7924.44001633,7924.42431641,0.00000000,1342.00000000,0.00000000,2078.40133433,77,4
7927.17223200,7927.17138672,1417.37917548,1417.40260199,0.02889512,2080.63853422,77,0
7927.91430861,7927.92871094,0.00000000,1438.00000000,0.00000000,2081.23278778,77,4
7931.10075368,7931.13525391,0.00000000,1527.00000000,0.00000000,2083.71731851,77,4
7931.99217886,7932.00146484,0.00000000,1552.06591797,0.00000000,2084.39267871,77,2
7932.13184776,7932.13330078,0.00000000,1556.00000000,0.00000000,2084.49770341,77,4
7934.99306022,7935.00097656,0.00000000,1637.00000000,0.00000000,2086.60144160,77,4
7939.91742558,7939.91699219,1778.26147844,1778.27401921,0.03954304,2090.00299748,77,0
7943.91057158,7943.91064453,1894.66075723,1894.65861536,0.02851923,2092.54975648,77,0
7947.26007940,7947.25488281,0.00000000,1993.60037043,0.12521846,2094.53330061,77,0
7948.24738668,7948.27685547,0.00000000,2023.00000000,0.00000000,2095.09054034,77,5
7948.38143213,7948.36962891,0.00000000,2027.00000000,0.00000000,2095.16521771,77,4
7949.05063949,7949.08251953,0.00000000,2047.00000000,0.00000000,2095.53451380,77,5
7951.87991053,7951.87646484,2132.02251067,2132.12674877,0.12375586,2097.03008666,77,0
7956.78030015,7956.78027344,2281.81743941,2281.81826358,0.05584183,2099.36028375,77,0
7963.34942217,7963.34960938,2487.24962855,2487.24369173,0.11612586,2101.93555872,77,0
7963.55284354,7963.55175781,2493.66302557,2493.69748634,0.10705711,2102.00478625,77,0
7964.17325519,7964.17333984,2513.41724676,2513.41455304,0.01619229,2102.21187386,77,0
7967.90092849,7967.89648438,0.00000000,2633.00000000,0.00000000,2103.32542860,77,5
7871.88342365,7971.98291016,0.00000000,-1.00000000,0.00000000,2022.26170026,77,4
7972.44805710,7972.44580078,2781.55358593,2781.62811250,0.02589311,2104.36818175,77,0
7974.78878905,7974.78857422,2859.37756180,2859.38473902,0.04100002,2104.76281137,77,0
7976.35232895,7976.35253906,2911.81273616,2911.80566696,0.06637832,2104.97028346,77,0
7978.37031565,7978.36669922,2979.92948547,2980.05241335,0.07632189,2105.16963361,77,0
7979.06135326,7979.06982422,0.00000000,3003.58300781,0.00000000,2105.21979742,77,2
7981.17308669,7981.16796875,0.00000000,3076.00000000,0.00000000,2105.31437937,77,4
7983.42035341,7983.42138672,3153.97156027,3153.93551053,0.06441448,2105.31521580,77,0
7983.87460156,7983.87304688,3169.74616047,3169.80051637,0.08717931,2105.30255217,77,0
7984.70347517,7984.70361328,3198.84748592,3198.84263541,0.07489278,2105.26811414,77,0
7986.56579917,7986.56445312,3264.52780516,3264.57554612,0.04927768,2105.13636091,77,0
7990.17190434,7990.16992188,3393.71542894,3393.78719219,0.05820236,2104.65948003,77,0
7991.36415690,7991.36376953,3437.07906090,3437.09317869,0.06035201,2104.43491415,77,0
7993.56370238,7993.56347656,3517.76051681,3517.76885186,0.07202132,2103.92973035,77,0
7994.35657545,7994.35742188,0.00000000,3547.09570312,0.00000000,2103.71804776,77,2
7995.87920957,7995.87939453,3603.82768649,3603.82076316,0.07276777,2103.26611831,77,0
7999.16762204,7999.16943359,3728.24244591,3728.17323244,0.06324857,2102.07906786,77,0
8002.24507521,8002.24560547,3846.92087226,3846.90021147,0.06799929,2100.69341790,77,0
8004.38834280,8004.38916016,3931.05593022,3931.02362086,0.09643884,2099.56199069,77,0
8005.65521133,8005.65625000,3981.38084049,3981.33939551,0.06713893,2098.82580322,77,0
8007.39430734,8007.39794922,0.00000000,4051.09467474,0.06884416,2097.73141658,77,0
7976.35233186,7976.35253906,20.93565378,20.93076151,0.02763438,2099.17045930,76,0
7978.34140719,7978.36669922,0.00000000,68.00000000,0.00000000,2101.64545683,76,4
7981.15704597,7981.16796875,0.00000000,135.00000000,0.00000000,2105.10491544,76,4
7983.41302438,7983.42138672,0.00000000,189.00000000,0.00000000,2107.83869241,76,4
7983.87111332,7983.87304688,0.00000000,200.00000000,0.00000000,2108.38960518,76,4
7986.56788511,7986.56445312,0.00000000,265.00000000,0.00000000,2111.60370070,76,4
7990.17192848,7990.16992188,352.46931879,352.51827132,0.00927414,2115.81946320,76,0
7991.37836934,7991.36376953,0.00000000,382.00000000,0.00000000,2117.21064695,76,4
7993.57959125,7993.56347656,0.00000000,436.00000000,0.00000000,2119.72088759,76,4
7994.35790685,7994.35742188,455.15225894,455.16421431,0.03572252,2120.59994961,76,0
7995.87831356,7995.87939453,492.74046873,492.71372391,0.02741494,2122.30439543,76,0
7999.15023118,7999.16943359,0.00000000,574.00000000,0.00000000,2125.91260977,76,4
8002.24421403,8002.24560547,651.53855306,651.50356181,0.02714304,2129.24884951,76,0
8004.36529835,8004.38916016,0.00000000,705.00000000,0.00000000,2131.49230072,76,5
8005.62836836,8005.65625000,0.00000000,737.00000000,0.00000000,2132.81105740,76,4
8007.39279556,8007.39794922,782.01579959,781.88438594,0.03318423,2134.63148787,76,0
8012.88540275,8012.90380859,0.00000000,923.00000000,0.00000000,2140.13161811,76,5
8015.71260375,8015.71142578,996.45967024,996.49041387,0.01337029,2142.86159039,76,0
8016.70882754,8016.70654297,1022.46472456,1022.52450882,0.00889604,2143.80657498,76,0
8024.40242514,8024.40820312,0.00000000,1226.15075684,0.00000000,2150.79804241,76,2
8024.53538554,8024.53759766,0.00000000,1229.71105957,0.00000000,2150.91397226,76,2
8026.45992750,8026.45996094,1281.39657537,1281.39567436,0.02964739,2152.57245525,76,0
8027.93476482,8027.93408203,1321.20828445,1321.22676209,0.04283604,2153.81933809,76,0
7975.46503903,8028.42089844,0.00000000,-1.00000000,0.00000000,2098.05806557,76,4
8028.66448492,8028.65380859,0.00000000,1341.00000000,0.00000000,2154.42822099,76,4
8029.29061289,8029.29980469,0.00000000,1358.00000000,0.00000000,2154.94634624,76,5
8032.40867472,8032.40869141,1443.14959643,1443.14913856,0.05273515,2157.46690924,76,0
8034.61747321,8034.64062500,0.00000000,1504.00000000,0.00000000,2159.19196435,76,4
8035.08739226,8035.11621094,0.00000000,1517.00000000,0.00000000,2159.55225903,76,4
8039.04831218,8039.03906250,0.00000000,1627.37821310,0.06393947,2162.49445855,76,0
8039.92478032,8039.91796875,0.00000000,1652.00000000,0.00000000,2163.12222276,76,4
8047.22561387,8047.21728516,0.00000000,1860.00000000,0.00000000,2168.00988349,76,4
8047.39883476,8047.41015625,0.00000000,1865.00000000,0.00000000,2168.11822907,76,4
8048.54973706,8048.55175781,1898.35470098,1898.29609974,0.04243036,2168.82877776,76,0
8049.02186908,8049.05126953,0.00000000,1912.00000000,0.00000000,2169.11569324,76,4
7975.46503903,8054.93408203,0.00000000,-1.00000000,0.00000000,2098.05806557,76,4
8056.75104399,8056.75048828,2139.69082514,2139.70743666,0.03039785,2173.41144510,76,0
8060.18748961,8060.19042969,2243.22395924,2243.13488036,0.06468306,2175.06901494,76,0
8064.84775658,8064.84814453,2385.66772386,2385.65574468,0.04009832,2177.05312760,76,0
8069.04467863,8069.04492188,2516.39770835,2516.39006444,0.02695773,2178.56798983,76,0
8077.87285210,8077.87304688,2799.28208316,2799.27571581,0.05086576,2180.84983307,76,0
8079.17579224,8079.20751953,0.00000000,2842.00000000,0.00000000,2181.07643920,76,5
8087.44235756,8087.44238281,3119.41900512,3119.41814044,0.04517950,2181.79844583,76,0
8088.76848227,8088.79736328,0.00000000,3165.00000000,0.00000000,2181.79331570,76,4
8091.70934960,8091.70996094,3267.24352943,3267.22211580,0.06982197,2181.65541733,76,0
8092.10208488,8092.13183594,0.00000000,3281.00000000,0.00000000,2181.62348730,76,4
8094.46265693,8094.46289062,3364.41279743,3364.40448581,0.05224433,2181.36269962,76,0
8095.84946642,8095.84960938,3413.92846284,3413.92333806,0.07293677,2181.15315812,76,0
8098.48509483,8098.48632812,3509.15612658,3509.11124838,0.06756838,2180.63624524,76,0
8107.62344188,8107.62353516,3850.98061397,3850.97702405,0.06658099,2177.55096177,76,0
8087.44168756,8087.44238281,131.87045383,131.85407533,0.02937019,2182.61515526,75,0
8091.71419471,8091.70996094,0.00000000,233.00000000,0.00000000,2187.73506037,75,4
8094.43736560,8094.46289062,0.00000000,298.00000000,0.00000000,2190.93231628,75,4
8095.84880126,8095.84960938,331.86415147,331.84473402,0.03019834,2192.56832959,75,0
8107.62300642,8107.62353516,618.90928360,618.89620275,0.03167830,2205.65421728,75,0
8081.80884949,8116.77978516,0.00000000,-1.00000000,0.00000000,2175.67572770,75,4
8123.29499171,8123.29541016,1014.84250343,1014.83170395,0.02703444,2221.39497238,75,0
8124.58119519,8124.58154297,1048.09771277,1048.08870338,0.04621739,2222.59571076,75,0
8124.94925353,8124.95751953,0.00000000,1057.62365723,0.00000000,2222.93650436,75,2
8131.60872323,8131.64062500,0.00000000,1232.00000000,0.00000000,2228.89690458,75,4
8135.19763416,8135.17871094,0.00000000,1327.41528320,0.00000000,2231.94012879,75,2
8140.17506626,8140.17431641,1461.46759479,1461.48795253,0.00884892,2235.95582607,75,0
8081.80884949,8140.71337891,0.00000000,-1.00000000,0.00000000,2175.67572770,75,4
8142.14324865,8142.14062500,1515.02461030,1515.09628799,0.04748833,2237.47636115,75,0
8145.38002536,8145.37695312,0.00000000,1604.00000000,0.00000000,2239.89087153,75,4
8148.98031158,8148.99560547,0.00000000,1704.00000000,0.00000000,2242.44706670,75,4
8151.94619370,8151.94335938,1787.21802130,1787.29802853,0.04186471,2244.44730757,75,0
8152.57437848,8152.57519531,1805.06470213,1805.04159201,0.06951188,2244.85823777,75,0
8154.62114521,8154.62304688,1863.20480275,1863.15062019,0.05394173,2246.16677153,75,0
8081.80884949,8156.43359375,0.00000000,-1.00000000,0.00000000,2175.67572770,75,4
8158.24221688,8158.19482422,0.00000000,1967.00000000,0.00000000,2248.36323192,75,4
8081.80884949,8159.78662109,0.00000000,-1.00000000,0.00000000,2175.67572770,75,4
8161.97153502,8161.97119141,2075.35779333,2075.36784922,0.02667551,2250.46098338,75,0
8164.30188503,8164.30273438,2143.89155118,2143.86647855,0.06702660,2251.68460092,75,0
8165.35771228,8165.36572266,0.00000000,2175.10766602,0.00000000,2252.21634370,75,2
8167.39671275,8167.38964844,0.00000000,2235.78405129,0.06144391,2253.20195349,75,0
8168.69369017,8168.69335938,2274.62268964,2274.63262272,0.02950613,2253.80031540,75,0
8170.13382976,8170.11230469,0.00000000,2318.00000000,0.00000000,2254.43813185,75,4
8081.80884949,8172.03271484,0.00000000,-1.00000000,0.00000000,2175.67572770,75,4
8174.37027031,8174.37060547,2447.05343923,2447.04314041,0.07072693,2256.14782541,75,0
8176.34585496,8176.34326172,0.00000000,2508.00000000,0.00000000,2256.85743394,75,4
8179.42854810,8179.42773438,2604.10526830,2604.13081124,0.07626278,2257.84862740,75,0
8180.44213291,8180.44335938,2636.05486808,2636.01620083,0.10794438,2258.14280876,75,0
8181.28405070,8181.28417969,2662.61487699,2662.61079461,0.03975640,2258.37499233,75,0
8081.80884949,8184.51953125,0.00000000,-1.00000000,0.00000000,2175.67572770,75,4
8189.16217312,8189.16210938,2916.45633817,2916.45842905,0.03684878,2259.98706864,75,0
8192.18191765,8192.19921875,0.00000000,3016.26440430,0.00000000,2260.32090106,75,3
8193.13580429,8193.13769531,3048.15641477,3048.09314390,0.06546950,2260.39169195,75,0
8193.32135206,8193.32519531,0.00000000,3054.30932617,0.00000000,2260.40350270,75,1
8195.48057884,8195.48730469,0.00000000,3127.00000000,0.00000000,2260.49272199,75,5
8196.64792270,8196.64746094,3166.61746599,3166.63318878,0.05439841,2260.50339589,75,0
8198.20893892,8198.21191406,3220.10096270,3219.99883071,0.08691037,2260.47539860,75,0
8200.69589382,8200.69531250,3305.91251609,3305.93273701,0.06412786,2260.32801558,75,0
8204.40177974,8204.40234375,3436.17625759,3436.15623378,0.07054840,2259.86372313,75,0
8205.45569671,8205.45605469,3473.69516195,3473.68237744,0.06399290,2259.67595776,75,0
8207.36530250,8207.36718750,3542.31691124,3542.24887612,0.06836125,2259.27041148,75,0
8209.17694397,8209.17968750,0.00000000,3608.00000000,0.00000000,2258.80558593,75,5
8209.73465369,8209.73535156,3628.40051372,3628.37497406,0.05899956,2258.64644130,75,0
8211.70244927,8211.70312500,3700.88661357,3700.86157207,0.06822695,2258.02225678,75,0
8212.29903691,8212.31054688,0.00000000,3723.00000000,0.00000000,2257.81355351,75,4
8214.46269332,8214.48046875,0.00000000,3804.00000000,0.00000000,2256.97779407,75,5
8215.70979784,8215.70996094,3851.20208998,3851.19589441,0.09493296,2256.43850462,75,0
8216.40582723,8216.40527344,3877.67366388,3877.69479718,0.07410749,2256.11880259,75,0
8219.48512463,8219.48535156,3996.44960476,3996.44076530,0.07588862,2254.53657742,75,0
8193.11310129,8193.13769531,0.00000000,48.00000000,0.00000000,2257.91233367,74,4
8196.64764285,8196.64746094,129.83346150,129.83768996,0.03632907,2262.19282526,74,0
8198.20080425,8198.21191406,0.00000000,166.00000000,0.00000000,2264.04832686,74,4
8200.68014285,8200.69531250,0.00000000,224.00000000,0.00000000,2266.97829599,74,4
8204.41488695,8204.40234375,0.00000000,312.00000000,0.00000000,2271.31544172,74,4
8191.02686861,8205.45605469,0.00000000,-1.00000000,0.00000000,2255.34921355,74,4
8207.36239809,8207.36718750,0.00000000,382.00000000,0.00000000,2274.67216231,74,4
8209.73401380,8209.73535156,438.71261648,438.68054631,0.02087332,2277.32959367,74,0
8211.70240868,8211.70312500,485.99957338,485.98232008,0.04406818,2279.50579984,74,0
8214.43434814,8214.48046875,0.00000000,552.00000000,0.00000000,2282.47991919,74,5
8216.40537667,8216.40527344,599.91392957,599.91644474,0.03106941,2284.59248078,74,0
8219.48685055,8219.48535156,675.25694328,675.29374812,0.03250328,2287.83726950,74,0
8222.75856051,8222.77148438,0.00000000,756.00000000,0.00000000,2291.20505630,74,4
8223.01263335,8223.01074219,762.23548740,762.28236164,0.17936974,2291.46259594,74,0
8229.73101717,8229.73437500,0.00000000,930.32672119,0.00000000,2298.10388547,74,2
8229.94167854,8229.94531250,0.00000000,935.64495850,0.00000000,2298.30627601,74,2
8233.67099843,8233.66992188,1030.28380529,1030.31127253,0.03355917,2301.82888461,74,0
8234.71561670,8234.74023438,0.00000000,1057.00000000,0.00000000,2302.79461395,74,4
8236.61270007,8236.61230469,1105.66137519,1105.67154535,0.02515528,2304.52477985,74,0
8237.20226262,8237.20214844,1120.84701871,1120.84996098,0.03302974,2305.05614509,74,0
8191.02686861,8238.60937500,0.00000000,-1.00000000,0.00000000,2255.34921355,74,4
8240.00453776,8240.00585938,1193.39391742,1193.35958401,0.04577518,2307.54079734,74,0
8248.27784906,8248.27929688,0.00000000,1411.00000000,0.00000000,2314.46457289,74,5
8254.66185876,8254.66210938,1582.75617228,1582.74936063,0.03279449,2319.36282519,74,0
8255.88468289,8255.88476562,1616.05091561,1616.04865822,0.05618378,2320.25476660,74,0
8257.01284001,8257.01171875,1646.86039271,1646.89110373,0.04189951,2321.06416894,74,0
8263.27915236,8263.28515625,0.00000000,1820.32177734,0.00000000,2325.31593261,74,2
8264.23139512,8264.25683594,0.00000000,1847.00000000,0.00000000,2325.92482253,74,4
8266.19626433,8266.19531250,1902.29713015,1902.32403035,0.03166195,2327.14915029,74,0
8277.90228487,8277.90136719,2240.18260564,2240.20967713,0.05009481,2333.50350820,74,0
8284.52615808,8284.52636719,2438.17738652,2438.17105370,0.06255652,2336.33014436,74,0
8287.80007430,8287.83203125,0.00000000,2538.00000000,0.00000000,2337.50455624,74,5
8289.42322417,8289.41308594,0.00000000,2588.00000000,0.00000000,2338.02953929,74,4
8290.69299966,8290.69335938,2627.35886012,2627.34768222,0.03910822,2338.41301183,74,0
8191.02686861,8294.80664062,0.00000000,-1.00000000,0.00000000,2255.34921355,74,4
8297.82985599,8297.83007812,2852.70008223,2852.69295377,0.04869731,2340.10610432,74,0
8299.45665138,8299.45703125,2905.09874319,2905.08646655,0.07674460,2340.37708780,74,0
8191.02686861,8300.64550781,0.00000000,-1.00000000,0.00000000,2255.34921355,74,4
8306.70712566,8306.70800781,3143.61914148,3143.58959811,0.05016116,2341.02634105,74,0
8311.55158462,8311.55078125,3307.80917296,3307.83675650,0.05150712,2340.91685947,74,0
8312.34089653,8312.36914062,0.00000000,3335.00000000,0.00000000,2340.85504699,74,4
8313.91682916,8313.91503906,3389.50175137,3389.56400865,0.05031812,2340.69341697,74,0
8316.35617650,8316.36425781,0.00000000,3474.96752930,0.00000000,2340.34004806,74,3
8318.89228937,8318.88867188,0.00000000,3565.00000000,0.00000000,2339.83495983,74,5
8323.14229609,8323.14257812,3718.90034549,3718.89000188,0.07363791,2338.65685430,74,0
8325.15118486,8325.18457031,0.00000000,3793.00000000,0.00000000,2337.94793887,74,4
8328.35103310,8328.36035156,0.00000000,3913.00000000,0.00000000,2336.60509898,74,4
8329.50668109,8329.50781250,3956.99851286,3956.95530683,0.06998044,2336.05295177,74,0
8330.63022381,8330.63476562,0.00000000,4000.00000000,0.00000000,2335.48094378,74,5
8331.30471956,8331.28613281,0.00000000,4026.00000000,0.00000000,2335.12043926,74,4
8332.73890841,8332.73925781,4081.72457512,4081.71094388,0.07369224,2334.30995865,74,0
8306.66799429,8306.70800781,0.00000000,78.00000000,0.00000000,2341.26272939,73,4
8311.54908745,8311.55078125,0.00000000,190.00000000,0.00000000,2347.04827023,73,4
8313.91555933,8313.91503906,244.72841282,244.74048094,0.02653825,2349.80026397,73,0
8316.33395412,8316.36425781,0.00000000,301.00000000,0.00000000,2352.57674087,73,4
8318.89847777,8318.88867188,0.00000000,361.00000000,0.00000000,2355.47979237,73,4
8323.14263912,8323.14257812,461.09913696,461.10058304,0.03463137,2360.18958655,73,0
8329.50815753,8329.50781250,613.16608697,613.17439370,0.03815460,2367.02471977,73,0
8330.66213172,8330.63476562,0.00000000,641.00000000,0.00000000,2368.23353333,73,4
8331.28280363,8331.28613281,0.00000000,656.00000000,0.00000000,2368.87979583,73,4
8332.74009413,8332.73925781,691.28092747,691.30123041,0.02856862,2370.38585695,73,0
8335.71895683,8335.72070312,763.93181193,763.88909467,0.04252156,2373.41709285,73,0
8337.99658262,8337.99804688,819.80607981,819.77005147,0.03209524,2375.69048527,73,0
8343.76966403,8343.76953125,962.94309330,962.94641177,0.04028368,2381.27614421,73,0
8346.47486484,8346.47460938,1030.80088680,1030.80731838,0.03652476,2383.80326713,73,0
8348.16166921,8348.16308594,1073.41071804,1073.37488787,0.03354766,2385.34895227,73,0
8303.23725042,8348.83691406,0.00000000,-1.00000000,0.00000000,2337.11080285,73,4
8353.40514666,8353.36621094,0.00000000,1207.00000000,0.00000000,2390.00296851,73,4
8353.63874839,8353.67089844,0.00000000,1213.00000000,0.00000000,2390.20488981,73,4
8357.44144180,8357.44433594,0.00000000,1311.24890137,0.00000000,2393.42504441,73,2
8303.23725042,8358.36621094,0.00000000,-1.00000000,0.00000000,2337.11080285,73,4
8360.13423035,8360.13281250,1381.44927790,1381.48641988,0.03129915,2395.62739940,73,0
8361.01634529,8361.02246094,0.00000000,1404.62951660,0.00000000,2396.33485417,73,2
8369.69357005,8369.69335938,1635.59474393,1635.60042970,0.01537272,2402.90039322,73,0
8370.70689359,8370.70214844,0.00000000,1663.00000000,0.00000000,2403.61953415,73,4
8371.64092644,8371.64160156,1688.33829343,1688.31996006,0.03313288,2404.27283096,73,0
8385.37749664,8385.39257812,0.00000000,2070.20190430,0.00000000,2412.81414713,73,3
8388.02734391,8388.03222656,0.00000000,2146.02246094,0.00000000,2414.21730960,73,2
8303.23725042,8389.41015625,0.00000000,-1.00000000,0.00000000,2337.11080285,73,4
8390.84165140,8390.84179688,2227.37530411,2227.37107606,0.02484566,2415.61502787,73,0
8394.68921920,8394.70312500,0.00000000,2340.00000000,0.00000000,2417.36618502,73,4
8395.12963693,8395.16210938,0.00000000,2353.00000000,0.00000000,2417.55456046,73,4
8399.32557034,8399.37890625,0.00000000,2478.00000000,0.00000000,2419.22074522,73,4
8400.48717705,8400.48535156,2512.92957627,2512.98468200,0.06749693,2419.64001260,73,0
8401.56611025,8401.56640625,2545.63243166,2545.62345819,0.03738075,2420.01261998,73,0
8404.29816410,8404.29882812,2628.94709906,2628.92673593,0.06273982,2420.88250711,73,0
8406.11888631,8406.10546875,0.00000000,2684.99809617,0.01997754,2421.40244149,73,0
8408.98775481,8408.98828125,2774.24931628,2774.23283826,0.05256974,2422.12117682,73,0
8409.32939138,8409.32812500,2784.89495425,2784.93465445,0.06919611,2422.19841311,73,0
8412.85880993,8412.85449219,0.00000000,2896.47181126,0.06037650,2422.88927248,73,0
8414.22889650,8414.22851562,2940.23996027,2940.25216911,0.05051960,2423.10358085,73,0
8416.32867671,8416.31542969,0.00000000,3007.90478516,0.00000000,2423.37177560,73,3
8416.60939822,8416.59765625,0.00000000,3017.00000000,0.00000000,2423.40200502,73,5
8417.27432475,8417.26464844,0.00000000,3038.59204102,0.00000000,2423.46824193,73,3
8417.69888573,8417.69824219,3052.38640870,3052.40738686,0.04761331,2423.50654287,73,0
8419.03941028,8419.04003906,3096.27116413,3096.25053702,0.05724519,2423.60701783,73,0
8420.33852277,8420.31152344,0.00000000,3139.00000000,0.00000000,2423.67414647,73,4
8303.23725042,8423.53906250,0.00000000,-1.00000000,0.00000000,2337.11080285,73,4
8426.34253449,8426.34277344,3340.27080658,3340.26267162,0.05975521,2423.58181040,73,0
8428.69649672,8428.69628906,3420.91197185,3420.91913252,0.06830421,2423.35615337,73,0
8432.91291877,8432.90527344,0.00000000,3568.00000000,0.00000000,2422.66765369,73,5
8434.81086040,8434.81054688,3635.33126215,3635.34244622,0.05785508,2422.23328971,73,0
8442.86924042,8442.89550781,0.00000000,3930.00000000,0.00000000,2419.45669620,73,4
8442.94924516,8442.98925781,0.00000000,3933.00000000,0.00000000,2419.42111839,73,4
8443.07314893,8443.08105469,0.00000000,3937.64916992,0.00000000,2419.36569243,73,1
8419.01200533,8419.04003906,0.00000000,10.00000000,0.00000000,2421.52154320,72,4
8423.53835664,8423.53906250,111.76215891,111.74621540,0.02542269,2426.92900355,72,0
8426.34404653,8426.34277344,175.28520197,175.31413543,0.02576843,2430.21968574,72,0
8428.69536562,8428.69628906,228.91291185,228.89181520,0.02901389,2432.94079259,72,0
8432.88157417,8432.90527344,0.00000000,325.00000000,0.00000000,2437.70176232,72,4
8434.78481553,8434.81054688,0.00000000,369.00000000,0.00000000,2439.82990421,72,4
8442.90680688,8442.89550781,0.00000000,559.00000000,0.00000000,2448.64794960,72,4
8447.53708417,8447.52832031,0.00000000,669.00000000,0.00000000,2453.47717066,72,4
8447.80821444,8447.80761719,675.45846824,675.47274340,0.01193601,2453.75503071,72,0
8448.83265052,8448.83203125,699.98124611,699.99609344,0.03851058,2454.80140263,72,0
8452.99341144,8452.99707031,0.00000000,800.27160645,0.00000000,2458.97529044,72,2
8453.15511754,8453.16699219,0.00000000,804.19000244,0.00000000,2459.13497416,72,2
8418.56471594,8454.72460938,0.00000000,-1.00000000,0.00000000,2420.98075092,72,4
8455.71681554,8455.72753906,0.00000000,866.48382568,0.00000000,2461.63907343,72,2
8457.25163809,8457.25195312,904.00367228,903.99595147,0.04506372,2463.11565845,72,0
8458.66116067,8458.67089844,0.00000000,938.60174561,0.00000000,2464.45695245,72,2
8466.56296797,8466.56250000,0.00000000,1135.00000000,0.00000000,2471.68939773,72,4
8467.99795606,8467.99707031,1171.09549183,1171.11783600,0.04137183,2472.94914032,72,0
8469.45643326,8469.49902344,0.00000000,1208.00000000,0.00000000,2474.21299758,72,4
8472.71747405,8472.68945312,0.00000000,1291.00000000,0.00000000,2476.97387586,72,4
8418.56471594,8474.15332031,0.00000000,-1.00000000,0.00000000,2420.98075092,72,4
8480.68073958,8480.68750000,0.00000000,1497.06262207,0.00000000,2483.32945979,72,2
8480.85209414,8480.86132812,0.00000000,1501.55139160,0.00000000,2483.45999219,72,2
8484.09678748,8484.08007812,0.00000000,1587.00000000,0.00000000,2485.88046307,72,4
8485.64202434,8485.63281250,0.00000000,1628.00000000,0.00000000,2486.99844088,72,4
8488.89560130,8488.89453125,1714.95245555,1714.98121519,0.08537017,2489.27700835,72,0
8489.81537241,8489.81640625,1739.76871890,1739.74084570,0.06935877,2489.90244777,72,0
8491.94976486,8491.96289062,0.00000000,1797.49340820,0.00000000,2491.32140465,72,3
8494.16319564,8494.15039062,0.00000000,1857.80932617,0.00000000,2492.74371924,72,3
8418.56471594,8502.35351562,0.00000000,-1.00000000,0.00000000,2420.98075092,72,4
8503.01337602,8503.01464844,2103.63727355,2103.60137294,0.03064683,2497.90995050,72,0
8503.77697691,8503.77636719,2125.15743246,2125.17468138,0.04970156,2498.31512074,72,0
8418.56471594,8504.10253906,0.00000000,-1.00000000,0.00000000,2420.98075092,72,4
8510.50839401,8510.51074219,0.00000000,2318.00000000,0.00000000,2501.59071851,72,4
8512.96230025,8512.96191406,2389.50415313,2389.51546445,0.02060051,2502.64746163,72,0
8514.24922936,8514.24804688,2427.26690608,2427.30171002,0.03196988,2503.17127354,72,0
8514.92404119,8514.93554688,0.00000000,2447.19716616,0.10138546,2503.43748001,72,0
8515.76302049,8515.74511719,0.00000000,2472.00000000,0.00000000,2503.76008074,72,4
8517.91488764,8517.95605469,0.00000000,2536.00000000,0.00000000,2504.54499936,72,4
8518.89368483,8518.89453125,2565.31896423,2565.29358303,0.04344017,2504.88142666,72,0
8521.67238638,8521.67187500,2649.08898050,2649.10449523,0.07365983,2505.76476412,72,0
8523.76848278,8523.74218750,0.00000000,2713.00000000,0.00000000,2506.35936305,72,5
8418.56471594,8525.42480469,0.00000000,-1.00000000,0.00000000,2420.98075092,72,4
8533.25392248,8533.25390625,3009.55632121,3009.55683970,0.04471980,2508.22672173,72,0
8533.79447620,8533.79492188,3026.86195626,3026.84768140,0.06760468,2508.29032513,72,0
8534.45350339,8534.43652344,0.00000000,3048.00000000,0.00000000,2508.36135267,72,4
8537.02507074,8537.02441406,3131.10800646,3131.12936630,0.07920531,2508.56822944,72,0
8542.13948008,8542.13867188,3299.60030122,3299.62727628,0.05408462,2508.63430520,72,0
8546.06934898,8546.06933594,3432.14506814,3432.14551252,0.07449532,2508.35418385,72,0
8554.12985907,8554.11425781,0.00000000,3713.00000000,0.00000000,2506.79524756,72,4
8557.29401353,8557.29394531,3826.88152517,3826.88400351,0.06812364,2505.78983587,72,0
8558.67532204,8558.67578125,3877.29745095,3877.28062359,0.06794917,2505.27624938,72,0
8560.79672103,8560.79785156,3955.59367535,3955.55167313,0.06216734,2504.39512745,72,0
8562.78455160,8562.78613281,4029.91528892,4029.85579630,0.09712178,2503.46475395,72,0
8542.13803204,8542.13867188,110.75164960,110.73739601,0.02621152,2513.05992982,71,0
8546.03870354,8546.06933594,0.00000000,198.00000000,0.00000000,2517.56753626,71,4
8554.11000743,8554.11425781,0.00000000,381.00000000,0.00000000,2526.62015783,71,4
8557.29442769,8557.29394531,454.12181591,454.13293721,0.03505756,2530.08542687,71,0
8558.67537468,8558.67578125,486.03039862,486.02099606,0.03391201,2531.56900952,71,0
8558.93403043,8558.94921875,0.00000000,492.00000000,0.00000000,2531.84532741,71,4
8560.79770224,8560.79785156,535.22647798,535.22300750,0.03333788,2533.82543638,71,0
8562.78198488,8562.78613281,581.54882846,581.45195929,0.05320258,2535.90931787,71,0
8565.53673719,8565.51562500,0.00000000,646.00000000,0.00000000,2538.76018433,71,4
8566.49416673,8566.49511719,668.55348721,668.53109693,0.01284493,2539.73914770,71,0
8567.06508078,8567.09960938,0.00000000,682.00000000,0.00000000,2540.32036583,71,4
8570.55890417,8570.56250000,764.89679454,764.81119184,0.03473028,2543.82805318,71,0
8575.47538928,8575.47558594,882.57651631,882.57177490,0.01099703,2548.62064963,71,0
8576.44526119,8576.42968750,0.00000000,906.00000000,0.00000000,2549.54669088,71,5
8577.68665498,8577.68652344,936.04731203,936.05050174,0.03992760,2550.72113817,71,0
8537.14101602,8579.63281250,0.00000000,-1.00000000,0.00000000,2507.16338583,71,4
8589.99944439,8589.99218750,0.00000000,1239.61218262,0.00000000,2561.74129051,71,3
8537.14101602,8590.80371094,0.00000000,-1.00000000,0.00000000,2507.16338583,71,4
8595.46671452,8595.46875000,1377.83433725,1377.78247714,0.03828122,2566.24709518,71,0
8598.83389550,8598.82812500,0.00000000,1464.00000000,0.00000000,2568.89652460,71,4
8599.06699363,8599.06250000,0.00000000,1470.00000000,0.00000000,2569.07625984,71,4
8602.10259865,8602.11816406,0.00000000,1548.52502441,0.00000000,2571.37282724,71,1
8607.23596615,8607.29492188,0.00000000,1683.00000000,0.00000000,2575.06514787,71,4
8608.52057232,8608.51855469,1716.92899839,1716.98249805,0.07670113,2575.95011369,71,0
8610.10068346,8610.09667969,0.00000000,1759.00000000,0.00000000,2577.01748745,71,4
8617.03695386,8617.04882812,0.00000000,1946.00000000,0.00000000,2581.40793570,71,4
8618.58917454,8618.58886719,1988.44128626,1988.44971524,0.01324037,2582.32274364,71,0
8620.96989044,8620.96777344,0.00000000,2054.00000000,0.00000000,2583.67592298,71,4
8622.55682961,8622.56054688,0.00000000,2098.00000000,0.00000000,2584.54376604,71,4
8623.69113471,8623.69140625,2129.59866725,2129.59108639,0.01770283,2585.14682071,71,0
8631.51042890,8631.51269531,0.00000000,2351.05249023,0.00000000,2588.90467719,71,3
8633.13902275,8633.12304688,0.00000000,2398.00000000,0.00000000,2589.59584251,71,4
8633.72665992,8633.72753906,2415.03146660,2415.00598619,0.07079371,2589.83711868,71,0
8640.73539303,8640.73535156,0.00000000,2621.00000000,0.00000000,2592.37660228,71,4
8641.81470060,8641.81445312,2653.22266925,2653.23007890,0.05117357,2592.71002760,71,0
8537.14101602,8647.68359375,0.00000000,-1.00000000,0.00000000,2507.16338583,71,4
8650.78688919,8650.77050781,0.00000000,2927.11972951,0.13996984,2594.84889792,71,0
8651.52427776,8651.52441406,2950.11135219,2950.10709506,0.07499974,2594.97207545,71,0
8667.86523293,8667.86523438,3481.12332031,3481.12327135,0.07880658,2595.41496600,71,0
8669.82960710,8669.82617188,0.00000000,3548.00000000,0.00000000,2595.14732202,71,4
8670.49234870,8670.49707031,0.00000000,3570.72583008,0.00000000,2595.04007836,71,2
8677.79799976,8677.78027344,0.00000000,3827.00000000,0.00000000,2593.26252292,71,5
8659.10543367,8664.65625000,0.00000000,-1.00000000,0.00000000,2595.61468097,70,4
8667.86612747,8667.86523438,192.18736496,192.20714205,0.02582650,2605.81480082,70,0
8670.51341743,8670.49707031,0.00000000,251.00000000,0.00000000,2608.81068261,70,4
8688.11471474,8688.11816406,0.00000000,651.00000000,0.00000000,2627.65602469,70,4
8688.47889364,8688.47851562,659.44092451,659.44969857,0.02332522,2628.02529037,70,0
8689.01898839,8689.00488281,0.00000000,672.00000000,0.00000000,2628.57156294,70,5
8690.23493404,8690.23437500,700.28823549,700.30127352,0.02796312,2629.79379093,70,0
8691.57074538,8691.56250000,0.00000000,731.50997713,0.05837266,2631.12611380,70,0
8693.71988959,8693.72070312,781.92735200,781.90821656,0.03515897,2633.24342100,70,0
8700.98539552,8700.98535156,954.38138502,954.38243822,0.03314070,2640.16978116,70,0
8659.10543367,8703.51074219,0.00000000,-1.00000000,0.00000000,2595.61468097,70,4
8709.75090075,8709.75000000,1166.82256917,1166.84466143,0.03477998,2648.02342918,70,0
8711.62573086,8711.62597656,1212.94972208,1212.94366425,0.04188886,2649.62874223,70,0
8712.80712765,8712.80664062,1242.10784425,1242.11989102,0.04858538,2650.62657640,70,0
8715.26011901,8715.24316406,0.00000000,1303.02220727,0.01490135,2652.66407234,70,0
8659.10543367,8716.04687500,0.00000000,-1.00000000,0.00000000,2595.61468097,70,4
8716.66161182,8716.66113281,0.00000000,1338.00000000,0.00000000,2653.80652921,70,4
8717.26091477,8717.30664062,0.00000000,1353.00000000,0.00000000,2654.29026764,70,4
8659.10543367,8720.15136719,0.00000000,-1.00000000,0.00000000,2595.61468097,70,4
8722.02372261,8722.02441406,1473.14374099,1473.12617539,0.04770436,2658.03012628,70,0
8724.05428217,8724.05566406,1524.90194784,1524.86663591,0.07778630,2659.56750805,70,0
8724.85643193,8724.85351562,1545.31435172,1545.38905812,0.03014576,2660.16505487,70,0
8726.11590579,8726.11425781,1577.67666728,1577.71905145,0.03117351,2661.09229682,70,0
8726.77173181,8726.77148438,1594.59546173,1594.60183729,0.01480420,2661.56964765,70,0
8733.22042810,8733.21875000,1762.40615288,1762.45027486,0.03188934,2666.05966176,70,0
8734.82196194,8734.82324219,1804.70323654,1804.66939654,0.02464973,2667.11589580,70,0
8736.42204290,8736.42187500,1847.06559022,1847.07005070,0.06459827,2668.14708844,70,0
8738.14555866,8738.13671875,0.00000000,1893.00000000,0.00000000,2669.23066702,70,4
8659.10543367,8742.18164062,0.00000000,-1.00000000,0.00000000,2595.61468097,70,4
8659.10543367,8745.65429688,0.00000000,-1.00000000,0.00000000,2595.61468097,70,4
8746.99380281,8747.00195312,0.00000000,2133.00000000,0.00000000,2674.32707045,70,4
8750.43335112,8750.43359375,2228.32242542,2228.31565866,0.03453162,2676.08764126,70,0
8751.57243379,8751.57226562,2260.13810618,2260.14281408,0.05623098,2676.64215734,70,0
8753.61058480,8753.60937500,2317.39373549,2317.42786640,0.01741649,2677.59812729,70,0
8760.64813270,8760.64843750,2518.65972657,2518.65089239,0.03568447,2680.52705743,70,0
8762.85485963,8762.85546875,2582.90150180,2582.88369284,0.06094634,2681.32129182,70,0
8659.10543367,8769.15234375,0.00000000,-1.00000000,0.00000000,2595.61468097,70,4
8775.21414231,8775.21386719,2953.74491883,2953.75339656,0.05873285,2684.57349374,70,0
8777.98280077,8777.98242188,3039.59663856,3039.60846426,0.04672106,2685.00181337,70,0
8792.78966616,8792.79003906,3518.72229128,3518.70976517,0.04932525,2685.14350858,70,0
8794.47064572,8794.47070312,3575.42245961,3575.42051387,0.05943226,2684.90710037,70,0
8807.00635927,8807.00683594,4016.11096887,4016.09357572,0.07687566,2681.23338097,70,0
8659.10543367,8808.31738281,0.00000000,-1.00000000,0.00000000,2595.61468097,70,4
8792.79365792,8792.79003906,0.00000000,177.00000000,0.00000000,2696.03996056,69,4
8794.44189993,8794.47070312,0.00000000,213.00000000,0.00000000,2697.89656595,69,4
8807.00620797,8807.00683594,491.75902043,491.74489154,0.02396716,2711.54700783,69,0
8808.34904004,8808.31738281,0.00000000,522.00000000,0.00000000,2712.95139971,69,4
8808.61480533,8808.64941406,0.00000000,528.00000000,0.00000000,2713.22811331,69,4
8812.67228177,8812.67285156,620.07894724,620.06595738,0.04105690,2717.39954723,69,0
8814.92831618,8814.93066406,671.68636834,671.63257063,0.03411527,2719.67484125,69,0
8818.59455694,8818.59375000,756.01591929,756.03457699,0.04133491,2723.30422467,69,0
8784.60533029,8822.65234375,0.00000000,-1.00000000,0.00000000,2686.59987396,69,4
8822.83384709,8822.84277344,0.00000000,854.60021973,0.00000000,2727.39384818,69,2
8832.11128047,8832.11816406,0.00000000,1073.99877930,0.00000000,2735.92159250,69,2
8838.56511017,8838.56250000,1229.73226103,1229.79583470,0.05065166,2741.49530800,69,0
8843.61067089,8843.61035156,1353.54289297,1353.55077954,0.00896389,2745.63761336,69,0
8844.50224887,8844.50195312,1375.59297717,1375.60030136,0.05167824,2746.34916596,69,0
8845.96865622,8845.98730469,0.00000000,1412.00000000,0.00000000,2747.50628378,69,4
8849.92691955,8849.95703125,0.00000000,1511.00000000,0.00000000,2750.54301752,69,4
8850.41778008,8850.41796875,1523.35049792,1523.34574544,0.03752260,2750.91039184,69,0
8850.73430723,8850.73339844,1531.29974621,1531.32265959,0.03162141,2751.14642732,69,0
8851.74485970,8851.74511719,1556.84876081,1556.84224781,0.03889058,2751.89450903,69,0
8857.31757179,8857.33886719,0.00000000,1699.00000000,0.00000000,2755.86548634,69,4
8860.33529447,8860.30664062,0.00000000,1777.00000000,0.00000000,2757.90296064,69,4
8861.45114431,8861.45019531,1805.99504324,1806.01977879,0.06684000,2758.63544144,69,0
8861.84532219,8861.84375000,1816.25942500,1816.30045488,0.05670880,2758.89160862,69,0
8863.40070092,8863.40917969,0.00000000,1857.00000000,0.00000000,2759.88866055,69,4
8871.26865092,8871.26855469,2066.02854089,2066.03113152,0.07269967,2764.58002199,69,0
8874.66201632,8874.66210938,2157.93475645,2157.93222163,0.09084268,2766.41512064,69,0
8877.66890470,8877.66894531,2240.29787996,2240.29676162,0.03820248,2767.94176398,69,0
8784.60533029,8884.33984375,0.00000000,-1.00000000,0.00000000,2686.59987396,69,4
8891.63412108,8891.63476562,2635.02346382,2635.00475130,0.07894405,2773.70982193,69,0
8892.72028943,8892.72070312,2666.62286544,2666.61079988,0.04428799,2774.06096310,69,0
8895.42738185,8895.42773438,2746.01936437,2746.00896707,0.07605760,2774.87065718,69,0
8895.98162839,8895.98046875,2762.33945707,2762.37373416,0.03387913,2775.02466799,69,0
8903.35468260,8903.35546875,2983.80407983,2983.78009212,0.06237410,2776.67588966,69,0
8913.30223499,8913.30273438,3294.43086333,3294.41489496,0.05081541,2777.63515900,69,0
8915.21982124,8915.22070312,3356.04486139,3356.01639413,0.07992430,2777.63709098,69,0
8919.93257485,8919.95800781,0.00000000,3510.00000000,0.00000000,2777.36935025,69,4
8926.67206926,8926.69628906,0.00000000,3737.00000000,0.00000000,2776.26460999,69,4
8930.17971304,8930.18066406,3858.62193585,3858.58863591,0.06418458,2775.32491435,69,0
8930.54336337,8930.54394531,3871.35610009,3871.33567856,0.07011575,2775.21234145,69,0
8915.35615030,8915.34472656,0.00000000,33.00000000,0.00000000,2781.93750332,68,4
8919.91129499,8919.95800781,0.00000000,130.00000000,0.00000000,2787.15168257,68,4
8926.68683434,8926.69628906,0.00000000,276.00000000,0.00000000,2794.70332826,68,4
8930.17532982,8930.18066406,0.00000000,352.00000000,0.00000000,2798.49374536,68,4
8930.54349082,8930.54394531,360.05829982,360.04835140,0.02860423,2798.88952374,68,0
8913.79673996,8937.69726562,0.00000000,-1.00000000,0.00000000,2780.12765553,68,4
8944.08577278,8944.11523438,0.00000000,661.00000000,0.00000000,2812.91813929,68,4
8951.57822262,8951.57910156,831.63396811,831.61377115,0.01707030,2820.20680853,68,0
8958.30524883,8958.30468750,987.51322949,987.52635052,0.00606630,2826.44884523,68,0
8960.41649905,8960.44531250,0.00000000,1037.00000000,0.00000000,2828.34618257,68,4
8966.49613839,8966.51464844,0.00000000,1181.00000000,0.00000000,2833.64048894,68,4
8967.41640902,8967.45117188,0.00000000,1203.00000000,0.00000000,2834.41946318,68,4
8967.54172434,8967.55664062,0.00000000,1206.00000000,0.00000000,2834.52507379,68,4
8969.45792924,8969.46289062,0.00000000,1252.00000000,0.00000000,2836.12601456,68,4
8913.79673996,8970.10156250,0.00000000,-1.00000000,0.00000000,2780.12765553,68,4
8913.79673996,8972.32910156,0.00000000,-1.00000000,0.00000000,2780.12765553,68,4
8981.34887436,8981.35351562,0.00000000,1543.00000000,0.00000000,2845.45316220,68,4
8982.16773480,8982.16894531,1563.42384826,1563.39364031,0.05900762,2846.05503591,68,0
8983.19519388,8983.20410156,0.00000000,1589.08276367,0.00000000,2846.80354884,68,2
8987.72794387,8987.74707031,0.00000000,1703.30141590,0.11442897,2850.00141599,68,0
8989.86909792,8989.87500000,0.00000000,1757.80625847,0.04740350,2851.45254662,68,0
8992.91612634,8992.94628906,0.00000000,1836.00000000,0.00000000,2853.44990045,68,4
8993.36754975,8993.36132812,0.00000000,1847.64859690,0.03786999,2853.73892982,68,0
8997.65838375,8997.65820312,1959.20631611,1959.21104551,0.05547701,2856.39518464,68,0
8999.25000794,8999.24414062,0.00000000,2001.00000000,0.00000000,2857.33800565,68,4
9000.34642193,9000.34570312,2029.88469273,2029.90367424,0.06738086,2857.97348524,68,0
9002.01070456,9001.99511719,0.00000000,2074.00000000,0.00000000,2858.91679087,68,4
9012.35647150,9012.35546875,2353.80219735,2353.82981520,0.06162619,2864.16481239,68,0
9014.99984846,9015.00000000,2427.01338224,2427.00916664,0.06826988,2865.32675509,68,0
9016.80523450,9016.83496094,0.00000000,2477.41635123,0.06433889,2866.07631467,68,0
9019.06547115,9019.06542969,2540.99607847,2540.99724988,0.07321505,2866.96262865,68,0
8913.79673996,9029.11035156,0.00000000,-1.00000000,0.00000000,2780.12765553,68,4
9034.29841299,9034.29785156,2984.84613870,2984.86302678,0.06330984,2871.30818252,68,0
8913.79673996,9040.37402344,0.00000000,-1.00000000,0.00000000,2780.12765553,68,4
9041.17580424,9041.17187500,3194.88476628,3195.00673038,0.04783248,2872.23767580,68,0
9042.60175836,9042.60449219,3239.50375961,3239.41832509,0.04796162,2872.34095138,68,0
9047.83595595,9047.83593750,3405.07995258,3405.08054436,0.07731590,2872.43853677,68,0
9050.73296914,9050.73339844,3498.67281310,3498.65884275,0.06148698,2872.29266835,68,0
9055.73984446,9055.74023438,3663.74231375,3663.72927787,0.07485733,2871.68034986,68,0
9055.96971517,9055.97070312,3671.45274681,3671.41967265,0.06331822,2871.64074897,68,0
8913.79673996,9058.56445312,0.00000000,-1.00000000,0.00000000,2780.12765553,68,4
9060.74264068,9060.74511719,3833.36518689,3833.28006257,0.09417450,2870.57778790,68,0
9065.04930623,9065.05078125,3983.27117117,3983.21912867,0.07598641,2869.20091369,68,0
9066.44801836,9066.44726562,4032.72575616,4032.75253404,0.07409740,2868.66284283,68,0
9047.83530616,9047.83593750,20.66842836,20.65525557,0.01852220,2877.54818344,67,0
9050.71967328,9050.73339844,0.00000000,81.00000000,0.00000000,2880.81585703,67,4
9055.73220838,9055.74023438,0.00000000,186.73742676,0.00000000,2886.40385737,67,2
9055.97060722,9055.97070312,191.80064252,191.79860820,0.12302946,2886.66691904,67,0
9058.56589692,9058.56445312,0.00000000,247.00000000,0.00000000,2889.50983834,67,4
9065.05141192,9065.05078125,386.27577222,386.28941251,0.03339588,2896.46887811,67,0
9066.42291016,9066.44726562,0.00000000,416.00000000,0.00000000,2897.91334680,67,4
9068.60070062,9068.59960938,463.33390079,463.35769037,0.02486794,2900.18667796,67,0
9069.72994063,9069.73730469,0.00000000,488.00000000,0.00000000,2901.35542319,67,4
9072.07627613,9072.07128906,539.29665007,539.40619803,0.04560824,2903.76225819,67,0
9074.77588365,9074.76855469,0.00000000,598.88958927,0.08515441,2906.49439086,67,0
9078.68396750,9078.68652344,685.70172891,685.64473331,0.10953588,2910.37716933,67,0
9084.79790720,9084.81445312,0.00000000,823.00000000,0.00000000,2916.27628399,67,4
9046.84501712,9093.31347656,0.00000000,-1.00000000,0.00000000,2876.41662912,67,4
9100.43461232,9100.43554688,1183.80920948,1183.78721434,0.12043345,2930.31250840,67,0
9046.84501712,9103.58007812,0.00000000,-1.00000000,0.00000000,2876.41662912,67,4
9105.84159966,9105.83984375,0.00000000,1312.00000000,0.00000000,2934.78886556,67,4
9107.92916612,9107.96777344,0.00000000,1362.00000000,0.00000000,2936.46154802,67,4
9109.72650142,9109.72656250,1405.27474105,1405.27326652,0.05421179,2937.87609477,67,0
9111.81495888,9111.81347656,1455.79145207,1455.82744312,0.05364218,2939.48971843,67,0
9112.27409906,9112.29394531,0.00000000,1467.00000000,0.00000000,2939.84066990,67,4
9114.03195340,9114.03125000,1509.81898251,1509.83617179,0.05514265,2941.16723476,67,0
9115.15642081,9115.17089844,0.00000000,1537.36962891,0.00000000,2942.00398236,67,2
9115.99692583,9115.95507812,0.00000000,1558.00000000,0.00000000,2942.62277820,67,5
9120.63826896,9120.64062500,1672.89059487,1672.83189842,0.06026685,2945.93920972,67,0
9127.00488301,9127.02343750,0.00000000,1833.00000000,0.00000000,2950.20269548,67,5
9128.83419482,9128.83300781,1879.56274016,1879.59307014,0.01713250,2951.36369054,67,0
9131.68741819,9131.68750000,1952.83183907,1952.82972980,0.06136776,2953.11638980,67,0
9132.19551188,9132.18554688,0.00000000,1965.94677734,0.00000000,2953.42099016,67,2
9133.43413834,9133.47460938,0.00000000,1998.00000000,0.00000000,2954.15341432,67,4
9134.78001399,9134.78027344,2032.97382888,2032.96707411,0.05453393,2954.93315150,67,0
9137.19899994,9137.19824219,2096.19540127,2096.21529961,0.04362112,2956.29247382,67,0
9138.44250483,9138.44433594,2128.98375246,2128.93547358,0.05805462,2956.96988953,67,0
9140.23766851,9140.23925781,2176.45220162,2176.41003737,0.05295264,2957.92150114,67,0
9143.06388083,9143.06445312,2251.77717152,2251.76184261,0.04844319,2959.35593512,67,0
9155.87720374,9155.87792969,2603.10798300,2603.08759823,0.09318666,2964.81657465,67,0
9157.80758323,9157.80957031,2657.55166406,2657.49544012,0.03064343,2965.48206656,67,0
9158.70273886,9158.70019531,2682.79738791,2682.86961643,0.07539554,2965.77596703,67,0
9159.41008352,9159.43750000,0.00000000,2703.00000000,0.00000000,2966.00168715,67,5
9159.93107545,9159.93457031,2717.94478651,2717.84506241,0.05907063,2966.16392697,67,0
9046.84501712,9167.52832031,0.00000000,-1.00000000,0.00000000,2876.41662912,67,4
9168.41033134,9168.41015625,2964.04302599,2964.04820070,0.07555081,2968.33424715,67,0
9173.33814820,9173.33886719,3111.31288957,3111.29117685,0.05301466,2969.16537313,67,0
9181.29790382,9181.29785156,3356.20220772,3356.20384632,0.06852642,2969.78051214,67,0
9182.30891166,9182.34472656,0.00000000,3388.00000000,0.00000000,2969.79054551,67,5
9184.42402015,9184.41699219,0.00000000,3455.00000000,0.00000000,2969.75945877,67,4
9188.86385829,9188.88183594,0.00000000,3598.00000000,0.00000000,2969.45721755,67,4
9190.08597570,9190.08691406,3637.95410801,3637.92334540,0.05653408,2969.31574709,67,0
9196.11530393,9196.11523438,3838.95130654,3838.95366442,0.06449393,2968.22772271,67,0
9202.20879497,9202.20800781,4049.26885503,4049.29653466,0.07571032,2966.42504314,67,0
9190.08825246,9190.08691406,127.21516418,127.24296608,0.02165276,2982.34550620,66,0
9196.11567520,9196.11523438,253.19995740,253.20922840,0.03091332,2988.94990550,66,0
9202.21046980,9202.20800781,382.15511821,382.20756727,0.02345872,2995.44206005,66,0
9206.49934231,9206.48730469,0.00000000,474.00000000,0.00000000,2999.89512992,66,4
9183.92554312,9210.55175781,0.00000000,-1.00000000,0.00000000,2975.40751706,66,4
9211.10707862,9211.10742188,573.58930009,573.58184348,0.01505137,3004.56983866,66,0
9218.44887913,9218.44824219,734.36667214,734.38073781,0.02585368,3011.77595488,66,0
9230.04414082,9230.04394531,994.07441245,994.07885355,0.04770311,3022.52457197,66,0
9235.02028634,9235.02929688,0.00000000,1107.80432129,0.00000000,3026.88672150,66,2
9236.37435444,9236.39062500,0.00000000,1139.00000000,0.00000000,3028.04666209,66,4
9183.92554312,9241.86132812,0.00000000,-1.00000000,0.00000000,2975.40751706,66,4
9242.09455985,9242.13574219,0.00000000,1272.00000000,0.00000000,3032.81527430,66,4
9242.73432537,9242.75195312,0.00000000,1287.00000000,0.00000000,3033.33513978,66,4
9246.29841639,9246.29687500,1370.98934025,1371.02586079,0.04742089,3036.18007533,66,0
9250.66012399,9250.65625000,0.00000000,1475.00000000,0.00000000,3039.54264756,66,4
9253.11503133,9253.11621094,1534.08763764,1534.05915797,0.06194631,3041.37499590,66,0
9262.86577738,9262.86621094,1772.88246849,1772.87169644,0.04781464,3048.21121652,66,0
9266.22214563,9266.22460938,1856.75847876,1856.69663264,0.04146095,3050.39305792,66,0
9183.92554312,9268.74902344,0.00000000,-1.00000000,0.00000000,2975.40751706,66,4
9183.92554312,9269.46191406,0.00000000,-1.00000000,0.00000000,2975.40751706,66,4
9270.23071052,9270.23242188,1958.00816748,1957.96466224,0.06459122,3052.87810641,66,0
9272.69346768,9272.69335938,2020.81793903,2020.82071332,0.04509408,3054.33756235,66,0
9273.72359926,9273.72363281,2047.25107443,2047.25021207,0.04120933,3054.93224729,66,0
9183.92554312,9275.36914062,0.00000000,-1.00000000,0.00000000,2975.40751706,66,4
9183.92554312,9278.81835938,0.00000000,-1.00000000,0.00000000,2975.40751706,66,4
9288.92720168,9288.92871094,2448.39396356,2448.35307156,0.02014227,3062.57762578,66,0
9292.11068296,9292.11132812,2535.13332523,2535.11564161,0.07295746,3063.89060501,66,0
9297.52448806,9297.52441406,2685.04147138,2685.04354225,0.06899604,3065.87336975,66,0
9310.44970756,9310.44921875,3056.39956999,3056.41400334,0.04050769,3069.22058567,66,0
9320.28558187,9320.28515625,3353.28422242,3353.29736517,0.05709595,3070.28747267,66,0
9322.47082701,9322.48046875,0.00000000,3421.15087891,0.00000000,3070.32974212,66,2
9322.63289824,9322.62890625,3426.07965581,3426.20433615,0.15008890,3070.32988190,66,0
9325.58212132,9325.59765625,0.00000000,3519.00000000,0.00000000,3070.25821962,66,5
9338.72414330,9338.72363281,3950.38157697,3950.39895687,0.05334217,3068.06843821,66,0
9338.69683151,9338.72363281,0.00000000,276.00000000,0.00000000,3092.18228915,65,4
9343.26851417,9343.26757812,371.35960863,371.37923363,0.01923101,3096.99227486,65,0
9346.67237730,9346.65722656,0.00000000,443.00000000,0.00000000,3100.50811665,65,4
9358.55800586,9358.55761719,697.23619399,697.24462027,0.03634093,3112.32344720,65,0
9325.22449802,9359.81347656,0.00000000,-1.00000000,0.00000000,3077.44157046,65,4
9363.56148504,9363.55566406,806.20454257,806.33217859,0.02748819,3117.07443393,65,0
9325.22449802,9373.22265625,0.00000000,-1.00000000,0.00000000,3077.44157046,65,4
9325.22449802,9379.35644531,0.00000000,-1.00000000,0.00000000,3077.44157046,65,4
9325.22449802,9381.10742188,0.00000000,-1.00000000,0.00000000,3077.44157046,65,4
9382.31514983,9382.30175781,0.00000000,1227.00000000,0.00000000,3133.60257661,65,4
9383.18521940,9383.21679688,0.00000000,1247.00000000,0.00000000,3134.31744478,65,4
9385.84675256,9385.84570312,1308.43142563,1308.45574879,0.01771594,3136.47377764,65,0
9391.50622480,9391.50585938,1440.58877377,1440.59736961,0.01830910,3140.90431190,65,0
9393.16074073,9393.16113281,1479.62219225,1479.61292384,0.02619424,3142.15867664,65,0
9394.84132372,9394.84082031,1519.41988524,1519.43183840,0.04020654,3143.41358966,65,0
9399.21733461,9399.24414062,0.00000000,1624.00000000,0.00000000,3146.58751405,65,4
9401.66762337,9401.66699219,1683.09419505,1683.10947691,0.06307115,3148.30372825,65,0
9405.03269904,9404.99804688,0.00000000,1765.00000000,0.00000000,3150.58838963,65,5
9407.84249292,9407.85644531,0.00000000,1834.00000000,0.00000000,3152.42957424,65,4
9409.50084735,9409.47265625,0.00000000,1875.00000000,0.00000000,3153.48729387,65,4
9411.92413131,9411.92968750,0.00000000,1935.28808594,0.00000000,3154.99343789,65,2
9416.67149904,9416.67089844,2054.69969920,2054.71492011,0.04079499,3157.80420810,65,0
9420.04154770,9420.04003906,2140.57938461,2140.61804873,0.02610549,3159.68398921,65,0
9423.19408647,9423.20410156,0.00000000,2221.85327148,0.00000000,3161.35234598,65,2
9425.50723057,9425.51855469,0.00000000,2282.00000000,0.00000000,3162.51917209,65,4
9434.18565838,9434.18652344,2512.04896658,2512.02567920,0.08048824,3166.44467941,65,0
9437.72768747,9437.71093750,0.00000000,2608.00000000,0.00000000,3167.83096731,65,4
9439.40153600,9439.40136719,2653.77787559,2653.78250916,0.04809538,3168.44011048,65,0
9444.55815681,9444.55859375,0.00000000,2796.76123047,0.00000000,3170.12566480,65,3
9325.22449802,9449.58007812,0.00000000,-1.00000000,0.00000000,3077.44157046,65,4
9325.22449802,9457.79589844,0.00000000,-1.00000000,0.00000000,3077.44157046,65,4
9463.61525535,9463.62304688,0.00000000,3352.43188477,0.00000000,3173.56208501,65,2
9463.79234819,9463.80175781,0.00000000,3357.82006836,0.00000000,3173.57119164,65,2
9469.79192735,9469.79199219,3543.10068992,3543.09865859,0.07698707,3173.60187567,65,0
9473.27949420,9473.27929688,3653.35327859,3653.35957578,0.05911101,3173.35980227,65,0
9473.27804150,9473.27929688,46.70348502,46.67837284,0.02269141,3185.11551713,64,0
9498.10059475,9498.10253906,555.68665235,555.64574349,0.02536012,3211.11943630,64,0
9499.77809325,9499.79394531,0.00000000,591.00000000,0.00000000,3212.77154591,64,4
9502.65794699,9502.66015625,0.00000000,652.00000000,0.00000000,3215.57500599,64,5
9502.90609913,9502.90527344,657.25376813,657.27131796,0.03924298,3215.81446915,64,0
9470.93970485,9504.04394531,0.00000000,-1.00000000,0.00000000,3182.52276606,64,4
9506.82451837,9506.82226562,740.88787972,740.93618116,0.04742870,3219.55556867,64,0
9508.00094775,9508.00000000,766.17619189,766.19657319,0.03919372,3220.66306012,64,0
9510.26023706,9510.25976562,814.89767747,814.90786701,0.03253172,3222.76985648,64,0
9513.55580762,9513.55468750,886.39200505,886.41640811,0.06201168,3225.79381659,64,0
9517.40405291,9517.40820312,970.72715890,970.63592977,0.03342474,3229.25030023,64,0
9539.02485841,9539.02246094,1458.85454715,1458.91022154,0.05232524,3247.05270072,64,0
9556.60198653,9556.60546875,1877.42845378,1877.34342260,0.02031987,3259.27439629,64,0
9562.26978772,9562.22851562,0.00000000,2016.95104980,0.00000000,3262.72944445,64,2
9563.86681992,9563.86718750,2056.72908600,2056.71990858,0.04654017,3263.65666585,64,0
9470.93970485,9568.18261719,0.00000000,-1.00000000,0.00000000,3182.52276606,64,4
9569.90394216,9569.90429688,2208.97856288,2208.96952695,0.06795711,3266.97290877,64,0
9570.45165517,9570.45312500,2222.97196046,2222.93445190,0.06123288,3267.25855104,64,0
9573.02364296,9573.02636719,2288.90382807,2288.83371881,0.06248812,3268.56445013,64,0
9574.11619356,9574.12695312,0.00000000,2317.00000000,0.00000000,3269.10145707,64,5
9585.44197607,9585.44140625,2615.38647931,2615.40179964,0.03856108,3274.01288578,64,0
9585.71262242,9585.70800781,2622.56519014,2622.68939867,0.13530142,3274.11505711,64,0
9589.65721461,9589.65625000,2729.62322331,2729.64958138,0.04063656,3275.51714998,64,0
9592.97419306,9592.97265625,2820.81775517,2820.86029202,0.07558005,3276.56862895,64,0
9598.02415038,9598.02148438,2961.96744090,2962.04273963,0.07522670,3277.93457618,64,0
9608.44569723,9608.44042969,0.00000000,3263.00000000,0.00000000,3279.78582675,64,4
9611.12138732,9611.12207031,3342.53272396,3342.51229969,0.05735048,3280.03392002,64,0
9611.56985168,9611.57031250,3355.95128950,3355.93747964,0.06656284,3280.06587255,64,0
9621.85401725,9621.85546875,3671.92890971,3671.88314144,0.06531803,3279.98938326,64,0
9623.63446343,9623.63378906,3728.24887633,3728.27033005,0.05741878,3279.80864777,64,0
9627.83786687,9627.83789062,3863.47763555,3863.47686270,0.06054160,3279.16920991,64,0
9632.20943049,9632.20996094,4007.50294254,4007.48525806,0.06897308,3278.16838707,64,0
9633.42049791,9633.38476562,0.00000000,4048.00000000,0.00000000,3277.82738613,64,4
9621.84227230,9621.85546875,0.00000000,11.00000000,0.00000000,3291.48221026,63,4
9623.63687719,9623.63378906,46.23604211,46.29687036,0.02067234,3293.44747362,63,0
9626.00358914,9626.04687500,0.00000000,93.00000000,0.00000000,3296.01754477,63,4
9627.83901681,9627.83789062,129.36046273,129.38282048,0.02050894,3297.99578622,63,0
9630.28248996,9630.31054688,0.00000000,178.00000000,0.00000000,3300.60655492,63,4
9632.20961909,9632.20996094,216.51970248,216.51285885,0.01047190,3302.64816049,63,0
9635.28646786,9635.28515625,278.27708662,278.30350643,0.02063413,3305.87467551,63,0
9645.10096565,9645.12207031,0.00000000,478.00000000,0.00000000,3315.88844030,63,4
9621.28155428,9646.28906250,0.00000000,-1.00000000,0.00000000,3290.86572674,63,4
9654.68520818,9654.64746094,0.00000000,677.00000000,0.00000000,3325.23789496,63,4
9659.08889379,9659.08886719,769.81639233,769.81695600,0.03258086,3329.38355322,63,0
9662.71665547,9662.73144531,0.00000000,847.00000000,0.00000000,3332.72666207,63,4
9621.28155428,9666.29296875,0.00000000,-1.00000000,0.00000000,3290.86572674,63,4
9667.32720753,9667.34863281,0.00000000,946.00000000,0.00000000,3336.87609714,63,4
9677.44463077,9677.44433594,1167.04472091,1167.05124213,0.04963451,3345.57845282,63,0
9621.28155428,9678.75683594,0.00000000,-1.00000000,0.00000000,3290.86572674,63,4
9679.48098619,9679.49023438,0.00000000,1212.21899414,0.00000000,3347.26095201,63,2
9680.81834985,9680.88476562,0.00000000,1242.00000000,0.00000000,3348.35253278,63,4
9685.05161295,9685.05859375,0.00000000,1336.93566895,0.00000000,3351.73803831,63,2
9686.42687545,9686.38867188,0.00000000,1368.00000000,0.00000000,3352.81467323,63,4
9621.28155428,9688.33300781,0.00000000,-1.00000000,0.00000000,3290.86572674,63,4
9697.68922937,9697.68945312,1626.69722245,1626.69200332,0.03363745,3361.18387638,63,0
9704.92369230,9704.93261719,0.00000000,1797.16833496,0.00000000,3366.11685666,63,2
9718.80060179,9718.80566406,0.00000000,2134.52197266,0.00000000,3374.51592666,63,2
9721.14638880,9721.15625000,0.00000000,2193.00000000,0.00000000,3375.78784381,63,4
9735.00654367,9734.99902344,0.00000000,2548.00000000,0.00000000,3382.34385978,63,4
9738.86775790,9738.88183594,0.00000000,2650.00000000,0.00000000,3383.85790007,63,5
9746.23260737,9746.23242188,2848.66665119,2848.67172684,0.04178447,3386.33399087,63,0
9749.13507294,9749.13476562,2928.52205532,2928.53055837,0.03670840,3387.15340394,63,0
9756.26649579,9756.26660156,3128.79656737,3128.79355299,0.06155073,3388.76538868,63,0
9759.89390821,9759.89453125,0.00000000,3233.00000000,0.00000000,3389.35406794,63,4
9772.21343430,9772.21289062,3599.91802686,3599.93470236,0.07599807,3390.06796770,63,0
9792.19371886,9792.19531250,308.00571589,307.97402147,0.03693187,3419.22640333,62,0
9798.88567438,9798.88574219,441.98492775,441.98356050,0.03084537,3425.99370218,62,0
9776.47401893,9799.93164062,0.00000000,-1.00000000,0.00000000,3402.60645201,62,4
9803.08429316,9803.04980469,0.00000000,527.00000000,0.00000000,3430.14052518,62,4
9804.36116273,9804.39453125,0.00000000,553.00000000,0.00000000,3431.38600630,62,4
9815.38835234,9815.38769531,780.47161782,780.48533713,0.01224161,3441.82897413,62,0
9817.65756380,9817.64843750,0.00000000,828.00000000,0.00000000,3443.90715212,62,4
9821.87865679,9821.87011719,0.00000000,917.00000000,0.00000000,3447.70389848,62,4
9829.13365028,9829.14355469,0.00000000,1072.00000000,0.00000000,3454.01749213,62,4
9834.39119039,9834.36425781,0.00000000,1186.00000000,0.00000000,3458.41866316,62,5
9836.11842295,9836.11914062,1223.77209576,1223.75636719,0.03774182,3459.83100667,62,0
9843.58808718,9843.61523438,0.00000000,1389.00000000,0.00000000,3465.74689381,62,4
9858.44419841,9858.44433594,1727.35213789,1727.34894154,0.03496149,3476.51193324,62,0
9866.76310874,9866.79589844,0.00000000,1923.00000000,0.00000000,3481.91025734,62,4
9867.30815928,9867.30175781,0.00000000,1935.98486328,0.00000000,3482.24710614,62,2
9868.15613349,9868.15332031,1956.16539210,1956.23263293,0.06192564,3482.76704695,62,0
9870.60588537,9870.59570312,0.00000000,2015.00000000,0.00000000,3484.23942341,62,5
9871.60106679,9871.62597656,0.00000000,2039.00000000,0.00000000,3484.82502760,62,4
9872.59323205,9872.64355469,0.00000000,2063.00000000,0.00000000,3485.40152873,62,4
9874.69756913,9874.70117188,0.00000000,2114.14648438,0.00000000,3486.59974708,62,3
9776.47401893,9875.33593750,0.00000000,-1.00000000,0.00000000,3402.60645201,62,4
9876.52338925,9876.52148438,2158.74650272,2158.79321786,0.04371369,3487.61191365,62,0
9883.49887996,9883.49414062,0.00000000,2331.79736328,0.00000000,3491.23678284,62,3
9898.76020885,9898.76074219,2724.85864342,2724.84452759,0.06045468,3497.71897864,62,0
9901.06600275,9901.06640625,2786.13932306,2786.12855293,0.06650490,3498.51076779,62,0
9912.79105512,9912.79199219,3106.40018802,3106.37399048,0.04232238,3501.69091593,62,0
9913.82899785,9913.83007812,3135.48554787,3135.45520810,0.04797454,3501.90026480,62,0
9916.32761717,9916.34082031,0.00000000,3206.00000000,0.00000000,3502.35327141,62,4
9922.13671397,9922.16406250,0.00000000,3373.00000000,0.00000000,3503.11669123,62,4
9776.47401893,9928.89746094,0.00000000,-1.00000000,0.00000000,3402.60645201,62,4
9930.04540759,9930.04589844,3607.60062104,3607.58578509,0.06583185,3503.45759313,62,0
9937.90822243,9937.92285156,0.00000000,3850.00000000,0.00000000,3502.91620804,62,4
9937.92015470,9937.92285156,22.20054236,22.14919502,0.01715419,3519.19861899,61,0
9941.57668819,9941.56054688,0.00000000,92.00000000,0.00000000,3523.09112844,61,4
9945.78997210,9945.79003906,173.07600350,173.07470995,0.01755625,3527.51451632,61,0
9955.07184074,9955.09863281,0.00000000,354.00000000,0.00000000,3537.01848163,61,4
9966.22246224,9966.22167969,575.75442695,575.77016930,0.05025269,3547.97420837,61,0
9973.19558863,9973.19531250,717.05036624,717.05600372,0.03936509,3554.55425565,61,0
9977.42228966,9977.42285156,803.73489700,803.72332243,0.03472027,3558.43633083,61,0
9987.78569806,9987.78710938,1019.74584338,1019.71608711,0.03393076,3567.59996654,61,0
9990.37296946,9990.37304688,1074.43379280,1074.43215097,0.01424796,3569.80533989,61,0
9992.67276156,9992.67480469,1123.38086455,1123.33729430,0.02752860,3571.73677733,61,0
9995.38880938,9995.38769531,1181.42686019,1181.45077163,0.00479675,3573.98311450,61,0
9996.58775352,9996.60253906,0.00000000,1207.23522949,0.00000000,3574.96282583,61,3
10001.19592106,10001.25000000,0.00000000,1307.00000000,0.00000000,3578.65521367,61,4
10001.70130688,10001.70019531,1317.98595791,1318.01019021,0.06662718,3579.05313717,61,0
10014.07305947,10014.13867188,0.00000000,1592.00000000,0.00000000,3588.34216230,61,5
10019.62994210,10019.64843750,0.00000000,1718.00000000,0.00000000,3592.21787412,61,4
10035.97230134,10035.97167969,2100.19615197,2100.21104692,0.04324602,3602.44777118,61,0
10042.11434708,10042.11523438,2248.79853447,2248.77686933,0.05416544,3605.80459122,61,0
10050.79024407,10050.79101562,2463.66839487,2463.64900608,0.04250025,3610.04671988,61,0
10082.30094585,10082.30371094,0.00000000,3303.00000000,0.00000000,3619.69913940,61,4
10085.64290691,10085.64257812,3398.43968430,3398.44914538,0.05671717,3620.10270054,61,0
10086.54846351,10086.54882812,3424.57156551,3424.56103043,0.05734566,3620.18854375,61,0
10089.14453543,10089.16796875,0.00000000,3500.00000000,0.00000000,3620.37735724,61,5
10091.90016369,10091.90039062,3581.09024517,3581.08352400,0.07352169,3620.48236160,61,0
10107.81053567,10107.84667969,0.00000000,102.00000000,0.00000000,3642.79054310,60,4
10136.34358263,10136.34375000,655.59649448,655.59315491,0.01413378,3671.02147403,60,0
10140.15637066,10140.16503906,0.00000000,732.00000000,0.00000000,3674.55003950,60,4
10143.20770620,10143.20996094,793.61260009,793.56694343,0.02084586,3677.32791392,60,0
10144.16437053,10144.17675781,0.00000000,812.97625732,0.00000000,3678.19154332,60,2
10102.38139022,10147.04492188,0.00000000,-1.00000000,0.00000000,3637.08218732,60,4
10177.79657842,10177.79589844,1522.29852968,1522.31346279,0.03694715,3705.74806953,60,0
10181.30721886,10181.30859375,1599.80180076,1599.77132815,0.04968494,3708.28272981,60,0
10183.38741825,10183.38281250,0.00000000,1646.00000000,0.00000000,3709.75080421,60,5
10191.20140745,10191.20800781,0.00000000,1822.00000000,0.00000000,3715.03420863,60,4
10102.38139022,10206.01660156,0.00000000,-1.00000000,0.00000000,3637.08218732,60,4
10221.23189659,10221.23242188,2537.18460200,2537.17148807,0.05509660,3731.51651954,60,0
10226.42609535,10226.45996094,0.00000000,2668.00000000,0.00000000,3733.66657310,60,5
10238.83414977,10238.83300781,2990.66446954,2990.69486223,0.04870922,3737.83024538,60,0
10250.37144967,10250.36523438,0.00000000,3305.00000000,0.00000000,3740.33365283,60,5
10253.46874269,10253.48828125,0.00000000,3392.00000000,0.00000000,3740.75737738,60,4
10260.18027669,10260.17968750,3584.68627215,3584.70345167,0.05544544,3741.28248231,60,0
10260.97833930,10260.97753906,3607.99447302,3608.01789214,0.07178197,3741.30749833,60,0
10285.88404003,10285.93359375,0.00000000,228.00000000,0.00000000,3772.77267705,59,5
10311.36758811,10311.36914062,719.08204219,719.05135493,0.03321079,3797.29586584,59,0
10319.69028300,10319.71777344,0.00000000,885.00000000,0.00000000,3804.75030654,59,4
10351.88682166,10351.88378906,0.00000000,1557.00000000,0.00000000,3830.59566276,59,4
10419.98548379,10419.93847656,0.00000000,3194.00000000,0.00000000,3864.27988336,59,4
10495.12712002,10495.13183594,0.00000000,835.98791504,0.00000000,3930.16040501,58,2
10497.71229875,10497.71484375,0.00000000,887.00000000,0.00000000,3932.42612084,58,4
10501.38723024,10501.36816406,0.00000000,960.00000000,0.00000000,3935.59930908,58,4
10505.48070461,10505.46582031,0.00000000,1042.00000000,0.00000000,3939.06650542,58,4
10515.07962491,10515.08398438,0.00000000,1237.24011230,0.00000000,3946.90685898,58,3
10528.70525833,10528.72167969,0.00000000,1522.00000000,0.00000000,3957.29112571,58,4
10530.63032928,10530.66992188,0.00000000,1563.00000000,0.00000000,3958.68335822,58,4
10532.87227615,10532.86914062,0.00000000,1611.00000000,0.00000000,3960.28034329,58,5
10559.33024419,10559.34179688,0.00000000,2199.73974609,0.00000000,3976.97632318,58,2
10568.19945849,10568.19921875,2407.41644018,2407.42213057,0.03236849,3981.59190502,58,0
10570.03241126,10570.07519531,0.00000000,2451.00000000,0.00000000,3982.47631567,58,4
10582.42578908,10582.37988281,0.00000000,2753.00000000,0.00000000,3987.80687672,58,4
5190.05677685,5190.05720000,0.00000000,2172.37026622,0.01352960,15.19638928,118,0
5194.67826774,5194.57130000,0.00000000,2389.21730959,0.11897967,16.63821484,118,4
5194.67745867,5194.67000000,0.00000000,2389.17879037,0.08471471,16.63804601,118,4
5205.34400674,5205.34520000,0.00000000,2915.82779043,0.04598814,15.89716924,118,4
5210.31405595,5210.31520000,0.00000000,3175.65747405,0.04643178,13.41759100,118,4
5210.52974155,5210.31520000,0.00000000,1145.46951149,0.01410640,31.63403857,117,4
5215.78977364,5215.79070000,0.00000000,1361.04478293,0.02207033,37.23146669,117,0
5223.80567706,5223.80560000,0.00000000,1700.41458674,0.01268178,44.29652152,117,0
5235.48330003,5235.48420000,0.00000000,2221.71254266,0.03628666,50.83519220,117,0
5275.58652851,5275.50700000,0.00000000,1995.02607545,0.13830146,84.39904649,116,5
5281.55596825,5281.55460000,0.00000000,2265.08667372,0.03515112,86.87186565,116,0
5299.65965639,5299.66330000,0.00000000,3151.13165919,0.14437077,85.08331520,116,1
5306.23309495,5306.23390000,0.00000000,3504.02893351,0.02544511,80.14596342,116,0
5299.66092184,5299.66330000,0.00000000,1086.41725144,0.10168908,101.98910064,115,4
5306.23361514,5306.23390000,0.00000000,1350.26845924,0.01867494,109.05429808,115,0
5316.26483615,5316.26370000,0.00000000,1769.36744197,0.01734379,117.50335026,115,0
5327.87866885,5327.87800000,0.00000000,2283.45702017,0.09192030,123.25281854,115,0
5332.25776843,5332.26030000,0.00000000,2486.66076275,0.03399544,124.12921178,115,0
5334.78929619,5334.79180000,0.00000000,2606.75854974,0.04826899,124.27570922,115,4
5337.19237413,5337.19400000,0.00000000,2722.65904293,0.08021233,124.15538191,115,0
5342.57894019,5342.57940000,0.00000000,2989.67831459,0.02279437,122.89916957,115,0
5350.69031967,5350.69160000,0.00000000,3413.07571627,0.04277869,118.10147109,115,0
5356.65165170,5356.65340000,0.00000000,3743.42552474,0.04730797,111.95588483,115,0
5356.91500950,5356.91300000,0.00000000,3758.44476096,0.07786631,111.62617266,115,2
5342.57918543,5342.57940000,0.00000000,947.46371797,0.01444942,134.39378963,114,0
5350.69068453,5350.69160000,0.00000000,1266.28955726,0.01416453,143.60441943,114,0
5356.65269177,5356.65340000,0.00000000,1508.28125073,0.01485013,149.31979406,114,0
5356.90563755,5356.82880000,0.00000000,1518.70188488,0.12393023,149.54097212,114,4
5356.91084460,5356.91300000,0.00000000,1518.91653618,0.24170902,149.54550639,114,4
5359.49071353,5359.51000000,0.00000000,1625.95062900,0.07509570,151.69713283,114,4
5361.49952724,5361.50270000,0.00000000,1710.26100408,0.16379629,153.23796516,114,2
5361.91693067,5361.91790000,0.00000000,1727.88879765,0.04562323,153.54293499,114,0
5367.71371875,5367.70920000,0.00000000,1976.76740384,0.01423091,157.21215719,114,0
5373.80515221,5373.80490000,0.00000000,2247.07896338,0.02422102,159.84570993,114,0
5382.22504839,5382.21700000,0.00000000,2637.49651116,0.10796042,161.15683289,114,5
5384.74410868,5384.74250000,0.00000000,2758.52700122,0.02758333,160.96509068,114,0
5393.50603470,5393.50000000,0.00000000,3196.93032837,0.12445898,157.90930575,114,5
5402.06192327,5402.06310000,0.00000000,3655.59992098,0.03063877,150.78589140,114,2
5384.74495060,5384.74250000,0.00000000,753.67479346,0.04072888,165.05921757,113,2
5393.50007878,5393.50000000,0.00000000,1087.89499404,0.03907022,175.90245375,113,4
5398.45419573,5398.46600000,0.00000000,1282.67706988,0.05749583,181.26406304,113,4
5398.60102706,5398.59700000,0.00000000,1288.51666138,0.23060578,181.41381795,113,4
5402.06213102,5402.06310000,0.00000000,1427.32483469,0.01382126,184.78429860,113,0
5420.06537031,5420.06470000,0.00000000,2189.53708675,0.01094788,196.75439741,113,0
5421.66121802,5421.66200000,0.00000000,2260.79481212,0.05958353,197.30361471,113,4
5435.16038652,5435.16160000,0.00000000,2892.98802990,0.02963417,197.88811333,113,0
5450.02230594,5450.02340000,0.00000000,3664.73561735,0.02968265,188.20277333,113,0
5435.15987522,5435.16160000,0.00000000,840.82151040,0.02441712,205.86926962,112,0
5450.02268685,5450.02340000,0.00000000,1416.47994627,0.01127682,222.39897293,112,0
5495.85399302,5495.94230000,0.00000000,3512.31308459,0.11115598,229.15108780,112,0
5495.85406195,5495.94230000,0.00000000,1287.81984116,0.12100306,257.65706671,111,4
5508.87180697,5508.87420000,0.00000000,1812.68331499,0.05789069,268.56355638,111,0
5513.02699954,5513.01600000,0.00000000,1987.54673750,0.03621227,271.03095576,111,0
5535.21602524,5535.21580000,0.00000000,2996.89633218,0.02891371,273.89143961,111,0
5535.21653198,5535.21580000,0.00000000,886.31927665,0.02359057,284.76625254,110,0
5560.64209906,5560.64160000,0.00000000,1882.86083015,0.02354718,308.67872848,110,0
5563.98640347,5563.98630000,0.00000000,2023.29610787,0.01573881,310.54670387,110,0
5564.31185663,5564.31100000,0.00000000,2037.09740123,0.03103189,310.71007608,110,0
5564.59833337,5564.59800000,0.00000000,2049.26606849,0.03038014,310.85111981,110,0
5577.75357268,5577.58770000,0.00000000,588.31588681,0.02340450,313.45160785,109,4
5657.59565834,5657.59550000,0.00000000,4085.64992995,0.03023105,334.79640817,109,0
5657.59560191,5657.59550000,0.00000000,1640.70625108,0.01834469,384.51510977,108,0
5658.22797794,5658.22870000,0.00000000,1665.83942461,0.02442833,384.99815693,108,0
5664.11911754,5664.12040000,0.00000000,1903.77343911,0.02107475,388.97786136,108,0
5686.24244753,5686.22400000,0.00000000,2869.52697390,0.04498424,394.09841827,108,0
5683.71622461,5691.39500000,0.00000000,2752.53822534,246.11553802,394.42060307,108,4
5691.39443859,5691.39500000,0.00000000,921.73601686,0.02268596,406.51558725,107,0
5691.39423310,5716.92650000,0.00000000,921.72857689,0.02277740,406.51534100,107,4
5720.81269476,5720.81140000,0.00000000,2058.09958141,0.02600611,431.93382031,107,0
5721.20941154,5721.11670000,0.00000000,2074.55022886,0.02609230,432.12303687,107,2
5744.03963665,5744.03000000,0.00000000,3088.85183609,0.05209868,433.93689597,107,4
5754.12658713,5750.23910000,0.00000000,3590.00948160,46.05745439,427.65658026,107,2
5750.33526781,5750.23910000,0.00000000,1111.97043896,0.16316182,453.97381079,106,1
5765.65151232,5765.65110000,0.00000000,1692.11895615,0.02618933,468.00115516,106,4
5765.65160541,5766.01750000,0.00000000,1692.12260621,0.02891287,468.00122351,106,4
5771.91539776,5771.90700000,0.00000000,1941.51216897,0.01186540,472.08638453,106,0
5806.05976961,5806.05900000,0.00000000,3471.26264331,0.02698603,471.47492284,106,0
5813.01702411,5813.01790000,0.00000000,3831.38819587,0.02534675,464.88939268,106,0
5806.05927918,5806.05900000,0.00000000,1146.86048465,0.02203036,497.22859302,105,0
5813.01772346,5813.01790000,0.00000000,1404.19979241,0.01920395,504.08292360,105,2
5818.23524537,5818.23460000,0.00000000,1602.34546040,0.01698578,508.51232672,105,0
5818.23513619,5830.52230000,0.00000000,1602.34126480,0.01764444,508.51224074,105,4
5870.03903310,5870.04300000,0.00000000,3920.42655741,0.02758377,505.61662320,105,0
5870.03851518,5870.04300000,0.00000000,1446.27298852,0.01566779,548.04550417,104,0
5873.77203818,5873.77250000,0.00000000,1586.96243718,0.02204416,551.16711808,104,0
5874.45441241,5874.45520000,0.00000000,1612.93306973,0.02677663,551.70283144,104,0
5874.45433003,5883.52520000,0.00000000,1612.92992928,0.03152471,551.70276742,104,4
5899.96397037,5899.96330000,0.00000000,2650.52007380,0.01379110,562.79560345,104,0
5903.73202363,5903.73000000,0.00000000,2816.81828135,0.02062393,562.70565848,104,0
5903.73206492,5904.09800000,0.00000000,2816.82012529,0.02529825,562.70565463,104,4
5904.42166043,5904.41920000,0.00000000,2847.68742179,0.02861680,562.63222355,104,0
5908.06559629,5908.06610000,0.00000000,3013.14245546,0.02882115,561.93581438,104,0
5915.27027303,5915.27200000,0.00000000,3352.88401455,0.02601154,558.90562835,104,0
5919.60288094,5920.66910000,0.00000000,3566.21682537,1.16213793,555.90243927,104,4
5899.96491804,5899.96330000,0.00000000,496.95226321,0.03161028,560.86541237,103,0
5903.73145160,5903.73000000,0.00000000,623.38031020,0.02050123,565.94661820,103,0
5904.09875409,5904.09800000,0.00000000,635.79900467,0.01880859,566.42966646,103,0
5904.42213150,5904.41920000,0.00000000,646.74599971,0.04159946,566.85308662,103,0
5908.06557716,5908.06610000,0.00000000,770.96814963,0.01879781,571.50138824,103,0
5915.27049424,5915.27200000,0.00000000,1021.61704594,0.01812311,580.00433297,103,0
5920.54834640,5920.66910000,0.00000000,1209.72931143,0.01491876,585.61577437,103,2
5940.96325841,5940.96090000,0.00000000,1978.92586164,0.04187434,601.68711205,103,0
5963.27480678,5963.27430000,0.00000000,2916.36410533,0.02500729,606.34473957,103,0
5963.27473307,5967.12350000,0.00000000,2916.36079689,0.02932977,606.34475204,103,4
5976.28401798,5976.28230000,0.00000000,3527.66656636,0.02900729,600.56888738,103,0
5976.28407897,5977.18950000,0.00000000,3527.66957382,0.03732424,600.56884189,103,4
5984.03463439,5984.03240000,0.00000000,3922.46325656,0.02751912,593.15515836,103,0
6042.90249594,5946.48100000,0.00000000,3933.59405350,47.28133260,637.78278212,102,4
5963.27485775,5963.27430000,0.00000000,679.13944314,0.02061139,612.43382745,102,0
5967.12375262,5967.12350000,0.00000000,809.61473019,0.02012279,617.24746888,102,0
5967.82969003,5967.83170000,0.00000000,833.74456887,0.04222412,618.10299603,102,0
5976.28389149,5976.28230000,0.00000000,1127.77096437,0.01690517,627.65760390,102,0
5976.28370508,5977.18950000,0.00000000,1127.76437450,0.01661114,627.65740778,102,4
5976.28370508,5984.03240000,0.00000000,1127.76437450,0.01661114,627.65740778,102,4
5989.56563503,5989.56600000,0.00000000,1610.42942806,0.01366483,639.85412775,102,0
5993.31033416,5993.30730000,0.00000000,1751.64160848,0.01369048,642.60250350,102,0
5993.31020665,6031.66660000,0.00000000,1751.63675836,0.01376283,642.60241548,102,4
6043.66234635,6043.68600000,0.00000000,3973.45184396,0.07237980,636.86640081,102,0
6103.41411604,6043.68600000,0.00000000,3969.59652825,0.07191600,682.69858720,101,4
6047.80691200,6047.80900000,0.00000000,1571.35843384,0.01559248,684.26037639,101,0
6066.21453709,6066.21500000,0.00000000,2279.96179962,0.02820291,694.90401578,101,0
6066.21453782,6076.01930000,0.00000000,2279.96182908,0.03432656,694.90401603,101,4
6066.21453782,6097.85060000,0.00000000,2279.96182908,0.03432656,694.90401603,101,4
6066.21494200,6066.21500000,0.00000000,154.40091310,0.02384436,680.86732341,100,4
6066.21468810,6144.20800000,0.00000000,154.39296629,0.02374723,680.86694171,100,4
6157.84082699,6157.84170000,0.00000000,3638.96372358,0.02509558,735.71117069,100,0
6157.84088622,6165.29940000,0.00000000,3638.96661199,0.03527081,735.71112294,100,4
6219.90613600,6144.20800000,0.00000000,3633.02182297,66.18837165,783.09993188,99,4
6219.88409875,6157.84170000,0.00000000,3631.95884949,0.32049003,783.11706263,99,4
6219.90503840,6165.29940000,0.00000000,3632.96887553,1.02923576,783.10078567,99,4
6174.53281109,6174.52370000,0.00000000,1737.65972598,0.02543300,780.55420028,99,0
6176.59125309,6176.59160000,0.00000000,1813.92173938,0.02524430,781.93599239,99,0
6176.99609934,6176.99300000,0.00000000,1829.00537165,0.02917403,782.19657466,99,0
6176.99609934,6183.85660000,0.00000000,1829.00537165,0.02917403,782.19657466,99,4
6184.87254773,6184.86840000,0.00000000,2128.29767910,0.02450611,786.49881244,99,0
6190.77983446,6190.77740000,0.00000000,2360.60291693,0.03913462,788.69889034,99,0
6194.78019337,6194.77990000,0.00000000,2522.11379071,0.02527365,789.64194624,99,2
6194.78019337,6204.69020000,0.00000000,2522.11379071,0.02527365,789.64194624,99,4
6207.49470269,6207.49450000,0.00000000,3061.15714232,0.04193482,789.30831269,99,0
6211.99186605,6211.90000000,0.00000000,3262.52136003,290.02805444,787.80966760,99,4
6215.59468109,6215.59500000,0.00000000,3428.47888877,0.03648935,786.01282383,99,0
6215.59472690,6219.00130000,0.00000000,3428.48102702,0.04501753,786.01279741,99,4
6227.45623482,6227.45730000,0.00000000,4008.86313583,0.02499043,775.73761189,99,4
6190.78256671,6190.77740000,0.00000000,177.63723428,0.04910324,776.24783687,98,4
6194.77999880,6194.77990000,0.00000000,301.35136843,0.02653660,782.01554855,98,0
6204.69346915,6204.69020000,0.00000000,615.01290484,0.01256199,795.37502133,98,3
6204.69346915,6207.49450000,0.00000000,615.01290484,0.01256199,795.37502133,98,4
6215.59507029,6215.59500000,0.00000000,972.27970341,0.01675908,808.38194306,98,0
6227.46101101,6227.45730000,0.00000000,1377.80987482,0.02208452,820.29246539,98,0
6240.75862913,6240.75800000,0.00000000,1856.27519918,0.05453424,830.44274398,98,0
6248.45499989,6248.45740000,0.00000000,2146.66227152,0.01943984,834.54381885,98,0
6251.32068819,6251.32200000,0.00000000,2257.61861454,0.02761868,835.70031925,98,0
6252.65678375,6252.65400000,0.00000000,2309.90965897,0.04107774,836.16668865,98,4
6260.52190434,6260.51960000,0.00000000,2625.43028351,0.02440627,837.91187830,98,0
6274.16082540,6274.15500000,0.00000000,3208.38290201,0.02219553,836.31856963,98,0
6274.75125980,6274.74910000,0.00000000,3234.79654741,0.03106484,836.09854963,98,0
6274.75127362,6277.76850000,0.00000000,3234.79716710,0.03946983,836.09854431,98,4
6285.31071569,6285.32000000,0.00000000,3726.78927764,0.13271568,829.66307425,98,4
6251.32080403,6251.32200000,0.00000000,77.95975950,0.04360606,819.80731985,97,0
6252.65652541,6252.65400000,0.00000000,118.31945966,0.06396755,821.79928768,97,4
6254.48365885,6254.46200000,0.00000000,173.78741416,0.12257733,824.48777845,97,3
6260.52226770,6260.51960000,0.00000000,359.30988027,0.02053696,833.06675095,97,0
6274.16092147,6274.15500000,0.00000000,791.74175407,0.04172515,850.59727417,97,3
6274.75107314,6274.74910000,0.00000000,810.90445395,0.02185150,851.29435052,97,0
6277.76634962,6277.76850000,0.00000000,909.43526040,0.14141375,854.77178506,97,0
6295.48501196,6295.48530000,0.00000000,1511.34824808,0.01603878,872.13624252,97,0
6299.56280511,6299.58200000,0.00000000,1656.02028392,0.05191731,875.31715072,97,4
6299.56305054,6306.53290000,0.00000000,1656.02906736,0.06004800,875.31733217,97,4
6307.87178742,6307.85700000,0.00000000,1958.93167213,0.07647744,880.73236010,97,4
6315.43390506,6315.43140000,0.00000000,2245.04808827,0.03293374,884.30047025,97,0
6322.87244243,6322.86400000,0.00000000,2537.41732648,0.10701349,886.39461021,97,4
6329.91398533,6329.91440000,0.00000000,2825.46143853,0.04042673,886.92370690,97,0
6329.91408142,6336.17910000,0.00000000,2825.46545066,0.04867134,886.92370367,97,4
6347.39310305,6347.40800000,0.00000000,3598.41787266,0.03699207,880.81433314,97,4
6353.61109106,6353.60940000,0.00000000,3898.05720840,0.03724404,875.49217630,97,0
6315.43334240,6315.43140000,0.00000000,47.82184340,0.03046445,867.63163337,96,4
6329.91421311,6329.91440000,0.00000000,488.30559103,0.01861835,888.02947913,96,0
6332.64419296,6332.64000000,0.00000000,573.59295301,0.01264681,891.56619613,96,0
6332.64404786,6336.17910000,0.00000000,573.58839983,0.01179317,891.56601088,96,4
6347.39986206,6347.40800000,0.00000000,1048.38938496,0.05517113,908.81076322,96,5
6353.61136732,6353.60940000,0.00000000,1255.88717116,0.02402953,915.04695064,96,0
6353.61126048,6366.75600000,0.00000000,1255.88356006,0.02749466,915.04684898,96,4
6353.61126048,6384.75600000,0.00000000,1255.88356006,0.02749466,915.04684898,96,4
6402.84507512,6402.84500000,0.00000000,3121.25417524,0.02899824,935.68805543,96,0
6402.84503979,6404.01800000,0.00000000,3121.25265019,0.03428025,935.68806457,96,4
6411.52023447,6411.51860000,0.00000000,3507.00863884,0.04361519,932.01441360,96,0
6423.48077291,6423.47940000,0.00000000,4081.95819820,0.03074489,921.49181425,96,0
6491.08753910,6402.84500000,0.00000000,4082.19119438,0.27487719,972.48678335,95,4
6491.08317691,6404.01800000,0.00000000,4081.97306109,0.15030869,972.49188602,95,4
6411.52047801,6411.51860000,0.00000000,960.80872866,0.02127373,956.29592727,95,0
6423.48073582,6423.47940000,0.00000000,1356.56054868,0.00948303,968.20584809,95,0
6423.48060929,6446.49290000,0.00000000,1356.55626623,0.00721778,968.20573469,95,4
6491.89355063,6512.67600000,0.00000000,1359.28682009,0.18966723,1019.65512901,94,4
6513.59505358,6513.58800000,0.00000000,2120.06917005,0.02730584,1034.59655014,94,0
6513.59473618,6518.59000000,0.00000000,2120.05749934,0.01857429,1034.59640171,94,4
6518.84898160,6518.84200000,0.00000000,2315.72873053,0.06619273,1036.73666386,94,3
6527.38965378,6527.38700000,0.00000000,2645.14978639,0.04617676,1038.76654793,94,4
6540.94937613,6540.95000000,0.00000000,3201.91895531,0.05124179,1037.70833543,94,0
6541.29219688,6541.29900000,0.00000000,3216.60934844,0.02511485,1037.60400259,94,0
6541.49713244,6541.49900000,0.00000000,3225.40695956,0.02970863,1037.53963934,94,4
6518.59987934,6518.59000000,0.00000000,31.27323111,0.05940493,1020.50200838,93,4
6527.38920775,6527.38700000,0.00000000,287.67576866,0.05837282,1032.96239089,93,4
6527.38847429,6534.68720000,0.00000000,287.65409855,0.05203153,1032.96138862,93,4
6541.28870218,6541.29900000,0.00000000,707.17498120,0.09631422,1050.75704885,93,0
6541.49908029,6541.49900000,0.00000000,713.66686233,0.07723522,1051.00718188,93,3
6541.49921138,6560.83600000,0.00000000,713.67090897,0.08917906,1051.00733755,93,4
6604.72718370,6604.72440000,0.00000000,2930.41597280,0.03664418,1091.61226187,93,2
6676.54115945,6600.77540000,0.00000000,2931.80671393,0.06934652,1145.40837245,92,4
6604.72627786,6604.72440000,0.00000000,476.07895397,0.02313513,1094.63308492,92,0
6641.84264618,6641.84310000,0.00000000,1653.93191736,0.03067632,1132.59653341,92,0
6642.62841413,6642.63000000,0.00000000,1680.66415105,0.03897556,1133.16714555,92,4
6642.62841413,6653.92940000,0.00000000,1680.66415105,0.03897556,1133.16714555,92,4
6668.73192754,6668.73300000,0.00000000,2624.41680682,0.02688664,1145.02762604,92,0
6668.73189018,6680.12050000,0.00000000,2624.41536788,0.03146584,1145.02762025,92,4
6668.73235373,6668.73300000,0.00000000,226.47556363,0.01516086,1137.69608240,91,0
6668.73215529,6680.12050000,0.00000000,226.46985899,0.01306198,1137.69581132,91,4
6739.89255463,6739.89200000,0.00000000,2544.38630679,0.04336167,1199.38222791,91,0
6761.45147436,6761.44790000,0.00000000,3408.41027173,0.03140040,1197.57105562,91,0
6739.89278550,6739.89200000,0.00000000,143.21149747,0.02613884,1189.09935062,90,0
6761.45176726,6761.44790000,0.00000000,770.70930731,0.02119668,1216.38699598,90,0
6994.62330341,7025.98700000,0.00000000,771.31122298,0.05958373,1389.91904001,87,4
6994.62348625,7034.35200000,0.00000000,771.31654196,0.05448160,1389.91924361,87,4
6994.62348625,7053.23650000,0.00000000,771.31654196,0.05448160,1389.91924361,87,4
6994.62348625,7061.05430000,0.00000000,771.31654196,0.05448160,1389.91924361,87,4
7066.70689196,7066.71000000,0.00000000,3184.67014203,0.03199359,1430.39961870,87,0
7053.23741048,7053.23650000,0.00000000,139.05854403,0.01934660,1422.36648256,86,0
7053.23741048,7061.05430000,0.00000000,139.05854403,0.01934660,1422.36648256,86,4
7053.23741048,7066.71000000,0.00000000,139.05854403,0.01934660,1422.36648256,86,4
7069.68210806,7069.67300000,0.00000000,592.59207715,0.19604447,1443.07292308,86,4
7114.26951778,7114.26830000,0.00000000,1947.77466521,0.02440605,1483.13211586,86,0
7135.32504136,7135.32600000,0.00000000,2675.02694309,0.11450339,1491.17440329,86,5
7140.50792108,7140.50780000,0.00000000,2865.68263067,0.02351279,1491.73479082,86,0
7224.55468725,7135.32600000,0.00000000,2867.65562048,0.12800310,1553.85904680,85,4
7140.50788485,7140.50780000,0.00000000,254.00370293,0.02570160,1489.49363691,85,0
7215.19725171,7215.19800000,0.00000000,2530.79550685,0.01779546,1552.34646876,85,0
7237.18896628,7237.19170000,0.00000000,3350.39415812,0.02214195,1552.54781622,85,0
7237.18974535,7237.19170000,0.00000000,570.06573925,0.01249095,1566.66332953,84,0
7237.18974535,7247.16310000,0.00000000,570.06573925,0.01249095,1566.66332953,84,4
7305.21862382,7305.22800000,0.00000000,2676.06728318,0.03563451,1616.72841762,84,0
7306.85534650,7306.85490000,0.00000000,2734.35164702,0.02537815,1617.00483026,84,0
7305.22098477,7305.22800000,0.00000000,62.19434892,0.01025193,1607.18373636,83,0
7306.85570394,7306.85490000,0.00000000,104.53368127,0.01340562,1609.34410632,83,0
7345.96970985,7345.96800000,0.00000000,1176.20638797,0.01622007,1653.53237086,83,0
7435.42396745,7474.49620000,0.00000000,1172.59566830,0.21615560,1719.36202609,82,4
7435.43012583,7490.93350000,0.00000000,1172.77227480,0.06205618,1719.36769454,82,4
7493.48429500,7493.47100000,0.00000000,3035.43272167,0.02786225,1748.76738325,82,2
7494.19000514,7494.16500000,0.00000000,3061.22007123,0.02821640,1748.74974594,82,0
7586.70852097,7490.93350000,0.00000000,3061.67658220,0.07216219,1816.73676320,81,4
7493.48440412,7493.47100000,0.00000000,263.00785843,0.07413644,1750.20562030,81,4
7494.18992020,7494.16500000,0.00000000,281.18221157,0.01779857,1751.07819092,81,0
7524.89336535,7524.89300000,0.00000000,1107.07891714,0.02428763,1784.66129409,81,0
7524.89336535,7537.84880000,0.00000000,1107.07891714,0.02428763,1784.66129409,81,4
7524.89336535,7546.12110000,0.00000000,1107.07891714,0.02428763,1784.66129409,81,4
7592.74884596,7592.72800000,0.00000000,3283.84219158,0.04433982,1816.18089664,81,0
7606.72951042,7606.72700000,0.00000000,3829.90279124,0.03995202,1811.20588946,81,0
7592.74833023,7592.72800000,0.00000000,406.24389135,0.01007314,1825.80928019,80,0
7606.72795252,7606.72700000,0.00000000,773.67283442,0.03237732,1841.47636151,80,0
7623.63724297,7623.43000000,0.00000000,1238.27879099,0.08749452,1857.92697541,80,5
7635.37001427,7635.36800000,0.00000000,1575.57277069,0.01173344,1867.52860727,80,0
7656.65092202,7656.65300000,0.00000000,2224.76391918,0.30432438,1880.47812190,80,2
7691.91084417,7691.90500000,0.00000000,3443.55712999,0.03069063,1885.06492947,80,0
7691.91078466,7691.90500000,0.00000000,484.28485647,0.01617305,1899.86735916,79,0
7726.74996753,7726.74920000,0.00000000,1424.53041385,0.00841885,1934.21195206,79,0
7742.87034289,7742.87000000,0.00000000,1896.17310273,0.02700352,1945.68922211,79,0
7747.15578918,7747.15000000,0.00000000,2026.27705571,0.03068845,1948.18007175,79,0
7835.18383239,7835.18330000,0.00000000,1692.27552914,0.02387488,2013.69665764,78,0
7840.71342804,7840.71300000,0.00000000,1854.23851747,0.02623848,2017.36821663,78,0
7841.20910317,7841.20880000,0.00000000,1868.91552320,0.02825614,2017.67870140,78,0
7842.14449391,7842.14250000,0.00000000,1896.68556416,0.02792617,2018.25605581,78,0
7865.10716862,7865.10900000,0.00000000,2611.53563134,0.02134789,2028.56477200,78,0
7874.09682252,7874.09000000,0.00000000,2911.43217584,0.02818603,2030.27596234,78,0
7876.03678847,7876.03900000,0.00000000,2977.87726823,0.03764121,2030.44559391,78,0
7874.09384176,7874.09000000,0.00000000,52.89278575,0.04419076,2025.06390947,77,4
7876.03468950,7876.03900000,0.00000000,99.55862870,0.03329032,2027.49569318,77,0
7909.33987933,7909.35900000,0.00000000,936.47985819,151.37247998,2064.70309531,77,4
7928.37870745,7928.38100000,0.00000000,1450.91345935,0.01939404,2081.60166109,77,0
7929.29808897,7929.29780000,0.00000000,1476.53612610,0.00638710,2082.32515082,77,0
7929.29802998,7939.17890000,0.00000000,1476.53447940,0.00639145,2082.32510469,77,4
7929.29802998,7945.36540000,0.00000000,1476.53447940,0.00639145,2082.32510469,77,4
7946.32587027,7946.32560000,0.00000000,1965.88196840,0.02378171,2093.99443530,77,0
8044.01578791,8044.00000000,0.00000000,1767.90182671,0.02176422,2165.93740377,76,0
8076.00650303,8076.00000000,0.00000000,2738.52998521,0.04763002,2180.47441632,76,0
8076.00718884,8084.68010000,0.00000000,2738.55221168,0.04358979,2180.47456512,76,4
8086.56501283,8086.56800000,0.00000000,3089.42902086,0.01608056,2181.78282210,76,0
8194.39106201,8084.68010000,0.00000000,3090.22269854,0.25074952,2260.45884333,75,4
8086.56584637,8086.56800000,0.00000000,111.23863320,0.01210808,2181.54998045,75,0
8086.56577456,8120.78180000,0.00000000,111.23694507,0.01307165,2181.54989293,75,4
8131.14579998,8131.14610000,0.00000000,1219.76759038,0.02087882,2228.49560248,75,4
8131.14579998,8138.64320000,0.00000000,1219.76759038,0.02087882,2228.49560248,75,4
8152.21266277,8152.22600000,0.00000000,1794.82201540,0.05177234,2244.62220815,75,4
8155.67981610,8155.69000000,0.00000000,1893.37873206,0.01672498,2246.82490873,75,0
8155.67988888,8162.29500000,0.00000000,1893.38081355,0.01889998,2246.82495352,75,4
8165.88777690,8165.90000000,0.00000000,2190.83527764,0.02046313,2252.47779364,75,2
8187.00589198,8187.01500000,0.00000000,2846.06015729,0.01611753,2259.64968340,75,0
8208.28424373,8208.29900000,0.00000000,3575.51122215,0.03032120,2259.04456232,75,0
8215.30905286,8215.29300000,0.00000000,3835.98651609,0.03646323,2256.61650737,75,0
8216.82890950,8216.83400000,0.00000000,3893.86495977,0.04083313,2255.91773516,75,0
8208.28153205,8208.29900000,0.00000000,403.92947095,0.06484981,2275.70674197,74,0
8215.30206063,8215.29300000,0.00000000,573.06380646,0.05339049,2283.41336549,74,4
8216.82955347,8216.83400000,0.00000000,610.25566561,0.02339653,2285.04323506,74,0
8246.59817464,8246.60400000,0.00000000,1366.37559092,0.01660171,2313.11023420,74,0
8246.59823385,8250.95010000,0.00000000,1366.37715998,0.01867327,2313.11028242,74,4
8246.59823385,8261.64980000,0.00000000,1366.37715998,0.01867327,2313.11028242,74,4
8246.59823385,8267.07900000,0.00000000,1366.37715998,0.01867327,2313.11028242,74,4
8246.59823385,8268.34910000,0.00000000,1366.37715998,0.01867327,2313.11028242,74,4
8269.38918217,8269.38900000,0.00000000,1993.05744351,0.03335696,2329.04504970,74,0
8279.59787902,8279.60300000,0.00000000,2290.39012900,0.01236781,2334.28265566,74,0
8282.85368234,8282.87400000,0.00000000,2387.69540919,0.02460854,2335.67228696,74,0
8288.84375159,8288.85200000,0.00000000,2570.11030046,0.03520884,2337.84655105,74,0
8288.84375159,8302.60620000,0.00000000,2570.11030046,0.03520884,2337.84655105,74,4
8288.84375159,8303.83870000,0.00000000,2570.11030046,0.03520884,2337.84655105,74,4
8317.27683814,8317.28000000,0.00000000,3507.50144987,0.03421185,2340.17322610,74,0
8317.27710238,8324.20600000,0.00000000,3507.51081174,0.04024297,2340.17317554,74,4
8303.83926609,8303.83870000,0.00000000,13.64495532,0.01430864,2337.84438245,73,2
8317.27676007,8317.28000000,0.00000000,323.01623046,0.02271825,2353.64893799,73,0
8324.20361196,8324.20600000,0.00000000,486.28227351,0.02748262,2361.34809219,73,0
8341.36262332,8341.35700000,0.00000000,902.98722715,0.01765832,2378.97888280,73,0
8344.89917805,8344.89900000,0.00000000,991.21792885,0.02281632,2382.33837574,73,0
8348.49748483,8348.49400000,0.00000000,1081.87154866,0.02555283,2385.65382819,73,0
8361.02255313,8361.22600000,0.00000000,1404.79255044,0.04035279,2396.33980587,73,1
8362.75526884,8362.68300000,0.00000000,1450.41913617,1.12165369,2397.70797290,73,4
8362.77818325,8368.04550000,0.00000000,1451.02415341,109.60530593,2397.72587922,73,4
8374.41208727,8374.40700000,0.00000000,1763.93123931,0.02299706,2406.15933991,73,0
8374.41196934,8378.66100000,0.00000000,1763.92800712,0.02672659,2406.15926133,73,4
8374.41196934,8408.70600000,0.00000000,1763.92800712,0.02672659,2406.15926133,73,4
8415.53025812,8415.52400000,0.00000000,2982.10279174,0.04654895,2423.27850434,73,0
8415.53025812,8420.73980000,0.00000000,2982.10279174,0.04654895,2423.27850434,73,4
8424.74817278,8424.73900000,0.00000000,3286.21568465,0.03927941,2423.67268283,73,0
8435.92796384,8435.95400000,0.00000000,3675.34960979,0.09242391,2421.93988593,73,0
8419.47384431,8419.47270000,0.00000000,20.33534780,0.01108553,2422.07871691,72,0
8419.47375440,8420.73980000,0.00000000,20.33333468,0.01104780,2422.07860855,72,4
8424.74838736,8424.73900000,0.00000000,139.10888366,0.01363711,2428.35374271,72,0
8435.92786883,8435.95400000,0.00000000,395.51934934,0.05270070,2441.09693177,72,4
8435.92786883,8465.68240000,0.00000000,395.51934934,0.05270070,2441.09693177,72,4
8486.77477387,8486.77360000,0.00000000,1658.18349797,0.02472796,2487.80348550,72,0
8495.59103346,8495.58600000,0.00000000,1896.95749342,0.02451841,2493.63427710,72,0
8500.37685425,8500.37500000,0.00000000,2029.58722750,0.03975224,2496.46068090,72,3
8535.25858115,8535.09700000,0.00000000,3073.91601066,0.33019986,2508.43820668,72,4
8538.86465704,8538.86000000,0.00000000,3191.24577342,0.02574018,2508.64607323,72,0
8543.92339175,8543.92200000,0.00000000,3359.44793272,0.03638706,2508.54404081,72,0
8547.04321133,8547.04270000,0.00000000,3465.41454063,0.03117464,2508.23797451,72,0
8547.04344008,8555.39900000,0.00000000,3465.42237549,0.03584261,2508.23794497,72,4
8538.86500364,8538.86000000,0.00000000,38.06903092,0.01276599,2509.21266852,71,0
8543.92402130,8543.92200000,0.00000000,150.59589761,0.01843225,2515.13408275,71,0
8547.04227882,8547.04270000,0.00000000,220.57415349,0.01749277,2518.71360079,71,0
8555.39835680,8555.39900000,0.00000000,410.52284757,0.02744058,2528.02955609,71,0
8555.39792587,8573.70820000,0.00000000,410.51295798,0.01956471,2528.02908635,71,4
8575.02440808,8575.01000000,0.00000000,871.72371233,0.06866525,2548.18877389,71,0
8581.80646125,8581.80500000,0.00000000,1036.49225154,0.10313095,2554.53761497,71,0
8582.18064656,8582.17600000,0.00000000,1045.66986378,0.03935556,2554.87795725,71,0
8585.26114745,8585.26090000,0.00000000,1121.58068434,0.00617749,2557.63916111,71,0
8585.26107360,8593.61840000,0.00000000,1121.57885683,0.00577051,2557.63909579,71,4
8601.87876738,8601.87000000,0.00000000,1542.71011270,0.01792252,2571.20631259,71,0
8601.87884855,8637.01900000,0.00000000,1542.71222079,0.02079210,2571.20637306,71,4
8637.69028265,8637.68970000,0.00000000,2530.79206236,0.02793491,2591.35154464,71,0
8637.69041637,8649.41640000,0.00000000,2530.79599929,0.03282403,2591.35159233,71,4
8637.69041637,8656.75990000,0.00000000,2530.79599929,0.03282403,2591.35159233,71,4
8637.69041637,8657.89950000,0.00000000,2530.79599929,0.03282403,2591.35159233,71,4
8667.01909964,8667.00800000,0.00000000,3452.53390781,0.02202325,2595.50749427,71,0
8670.65372142,8670.64800000,0.00000000,3576.27202510,0.14154950,2595.01265336,71,0
8670.65372142,8684.30620000,0.00000000,3576.27202510,0.14154950,2595.01265336,71,4
8667.01887684,8667.00800000,0.00000000,173.45843094,0.01253023,2604.84721452,70,0
8670.65418306,8670.64800000,0.00000000,254.13594377,0.11076424,2608.96884851,70,2
8670.65418306,8684.30620000,0.00000000,254.13594377,0.11076424,2608.96884851,70,4
8670.65418306,8706.50280000,0.00000000,254.13594377,0.11076424,2608.96884851,70,4
8707.96128991,8707.94900000,0.00000000,1123.06940723,0.02724057,2646.46646700,70,0
8710.84257978,8710.84400000,0.00000000,1193.67285116,0.01127728,2648.96195051,70,0
8749.57068948,8749.57200000,0.00000000,2204.29922635,0.01772815,2675.65815168,70,0
8752.10022474,8752.10000000,0.00000000,2274.93672183,0.03265270,2676.89422083,70,0
8769.94429543,8769.94400000,0.00000000,2793.23650230,0.02526165,2683.44515216,70,0
8769.94432902,8774.06640000,0.00000000,2793.23751372,0.02930704,2683.44516061,70,4
8769.94432902,8781.14300000,0.00000000,2793.23751372,0.02930704,2683.44516061,70,4
8769.94432902,8783.03360000,0.00000000,2793.23751372,0.02930704,2683.44516061,70,4
8769.94432902,8784.41320000,0.00000000,2793.23751372,0.02930704,2683.44516061,70,4
8769.94432902,8786.16600000,0.00000000,2793.23751372,0.02930704,2683.44516061,70,4
8794.91994958,8794.92010000,0.00000000,3590.68360532,0.03292122,2684.83429302,70,0
8799.07637997,8799.07600000,0.00000000,3733.58723122,0.04395788,2683.96348108,70,0
8799.32183801,8799.32300000,0.00000000,3742.13238245,0.03778244,2683.90056859,70,0
8926.70944448,8786.16600000,0.00000000,3738.28268871,0.04447753,2776.25596360,69,4
8794.92061944,8794.92010000,0.00000000,223.47982793,0.01084380,2698.43300848,69,0
8799.07259738,8799.07600000,0.00000000,314.83048388,0.12969730,2703.03218259,69,0
8799.32521157,8799.32300000,0.00000000,320.41526011,0.12459777,2703.30888149,69,0
8824.26541055,8824.26900000,0.00000000,888.11601856,0.03870353,2728.74794440,69,0
8833.33228352,8833.33160000,0.00000000,1103.27037934,0.02093205,2736.99932480,69,4
8833.33225493,8856.29800000,0.00000000,1103.26969291,0.02378143,2736.99929969,69,4
8864.92962137,8864.93000000,0.00000000,1897.19793811,0.02511768,2760.84666804,69,0
8864.92985311,8867.73990000,0.00000000,1897.20404624,0.02499243,2760.84681159,69,4
8864.92985311,8868.19050000,0.00000000,1897.20404624,0.02499243,2760.84681159,69,4
8882.35164868,8882.34600000,0.00000000,2370.33856077,0.01786326,2770.12502144,69,0
8886.15921574,8886.17000000,0.00000000,2477.76026767,0.02431103,2771.71882814,69,0
8894.67105401,8894.67300000,0.00000000,2723.74797105,0.02538507,2774.65409205,69,0
8900.04804993,8900.04600000,0.00000000,2883.62176613,0.04211601,2776.02867641,69,0
8901.29063676,8901.29000000,0.00000000,2921.09408840,0.03588896,2776.29011323,69,0
8902.57397049,8902.57300000,0.00000000,2960.01012900,0.03291890,2776.53720466,69,0
8907.83274190,8907.86600000,0.00000000,3121.84225547,0.06182946,2777.29790313,69,4
8907.83274190,8921.94960000,0.00000000,3121.84225547,0.06182946,2777.29790313,69,4
8929.88191283,8929.90000000,0.00000000,3848.17236756,0.07827907,2775.41492278,69,0
8931.69869032,8931.70180000,0.00000000,3912.03178899,0.03172324,2774.83508741,69,0
9063.38087092,8921.94960000,0.00000000,3924.66654336,42.19389016,2869.78360579,68,4
8931.70011275,8931.70180000,0.00000000,385.40092730,0.01667174,2800.12920490,68,0
8943.96572610,8943.96810000,0.00000000,658.29086006,0.32254403,2812.79853511,68,2
8961.23119042,8961.21800000,0.00000000,1056.16378153,0.02622897,2829.07034392,68,0
8964.68791649,8964.78800000,0.00000000,1137.92986938,0.12390829,2832.09254668,68,4
8965.96583673,8965.97100000,0.00000000,1168.34720956,0.01770490,2833.18889488,68,0
8965.96579412,8991.02400000,0.00000000,1168.34619365,0.02005052,2833.18885852,68,4
8965.96579412,9013.46700000,0.00000000,1168.34619365,0.02005052,2833.18885852,68,4
9014.08906879,9014.09800000,0.00000000,2401.72283672,0.06104077,2864.93513306,68,0
9039.47615231,9039.47920000,0.00000000,3142.46483659,0.04411632,2872.07346988,68,0
9051.55020886,9051.57000000,0.00000000,3525.30912300,0.06102968,2872.22451675,68,0
9054.91182635,9054.90900000,0.00000000,3636.14049309,0.11058966,2871.81429253,68,4
9055.13944639,9055.12700000,0.00000000,3643.71745375,0.05677758,2871.77877174,68,0
9060.09750048,9060.10800000,0.00000000,3811.14904101,0.03934582,2870.74902141,68,0
9066.98501722,9066.98500000,0.00000000,4051.87037404,0.03569915,2868.44408957,68,0
9055.13977732,9055.12700000,0.00000000,174.18342231,0.10048367,2885.74960370,67,0
9060.09640528,9060.10800000,0.00000000,279.69805677,0.01870930,2891.17110223,67,0
9066.98345766,9066.98500000,0.00000000,428.16720957,0.01996655,2898.50083098,67,0
9073.55304892,9073.56300000,0.00000000,571.90027276,0.02115281,2905.26178246,67,4
9081.94019648,9081.94400000,0.00000000,758.55573385,0.00830374,2913.54651385,67,0
9084.97015231,9084.98100000,0.00000000,826.89845385,0.16473136,2916.43926049,67,0
9087.08543655,9087.09400000,0.00000000,874.90706001,0.02016749,2918.42608389,67,0
9096.75881609,9096.77100000,0.00000000,1097.69219136,0.01734090,2927.15573111,67,0
9098.43693778,9098.44600000,0.00000000,1136.90166016,0.01763225,2928.60841050,67,0
9108.62937149,9108.62600000,0.00000000,1378.83531219,0.03123738,2937.01552389,67,0
9114.99736301,9115.00700000,0.00000000,1533.47116321,0.12159486,2941.88626429,67,2
9121.72824283,9121.73200000,0.00000000,1700.04127587,0.02696426,2946.69325290,67,0
9121.72824283,9151.18290000,0.00000000,1700.04127587,0.02696426,2946.69325290,67,4
9160.59170704,9160.59400000,0.00000000,2736.72648283,0.02934080,2966.36511095,67,0
9180.29430837,9180.29800000,0.00000000,3324.82938814,0.03314054,2969.75493775,67,0
9193.48457168,9193.47900000,0.00000000,3750.42695973,0.03530993,2968.78383589,67,2
9193.48345969,9193.47900000,0.00000000,198.00346852,0.01991624,2986.08774046,66,0
9193.48345969,9210.30900000,0.00000000,198.00346852,0.01991624,2986.08774046,66,4
9193.48345969,9222.59000000,0.00000000,198.00346852,0.01991624,2986.08774046,66,4
9224.11123123,9224.11080000,0.00000000,860.29979229,0.01698311,3017.12457936,66,4
9229.22363860,9229.22300000,0.00000000,975.45937083,0.00812230,3021.79040650,66,0
9229.22352336,9236.66600000,0.00000000,975.45675873,0.00648153,3021.79030311,66,4
9238.34176854,9238.35500000,0.00000000,1184.52040029,0.01225109,3029.71096891,66,0
9248.38109219,9248.38300000,0.00000000,1420.52218924,0.01797764,3037.80256352,66,0
9248.69073191,9248.69600000,0.00000000,1427.90358276,0.02259025,3038.04113781,66,0
9264.16877759,9264.16400000,0.00000000,1805.32287485,0.01790080,3049.06928908,66,0
9264.16872478,9278.06430000,0.00000000,1805.32155745,0.02034450,3049.06925459,66,4
9295.14379521,9295.15000000,0.00000000,2618.74110359,0.04142770,3065.04125704,66,5
9299.94951202,9299.95030000,0.00000000,2753.25147861,0.02254072,3066.65534000,66,0
9299.94950193,9303.40530000,0.00000000,2753.25119346,0.02626356,3066.65533689,66,4
9313.13951563,9313.13800000,0.00000000,3136.30418469,0.02989073,3069.64861754,66,0
9316.52957137,9316.52880000,0.00000000,3238.35816938,0.03079701,3070.04454766,66,0
9316.52970039,9329.06630000,0.00000000,3238.36208362,0.03601028,3070.04455960,66,4
9330.39459587,9330.39850000,0.00000000,3673.43611167,0.02902486,3069.82620843,66,0
9473.89327034,9329.06630000,0.00000000,3672.99868446,0.11785478,3173.29632287,65,4
9330.39592905,9330.39850000,0.00000000,105.07127273,0.01219559,3083.19720800,65,0
9353.47997182,9353.48700000,0.00000000,587.81077183,0.02283609,3107.36513607,65,0
9362.69737284,9362.69100000,0.00000000,787.40745784,0.00829461,3116.26394416,65,2
9375.88055978,9375.87960000,0.00000000,1080.46547143,0.00633308,3128.16847793,65,4
9379.80011711,9379.80040000,0.00000000,1169.43957719,0.02671231,3131.50922851,65,0
9392.18424972,9392.19100000,0.00000000,1456.57834244,0.01385183,3141.42107068,65,0
9408.58134240,9408.56200000,0.00000000,1852.24121902,0.03963904,3152.90350489,65,0
9412.88143116,9412.88000000,0.00000000,1959.22966345,0.02936910,3155.57532003,65,0
9412.88146628,9414.90000000,0.00000000,1959.23054330,0.03365666,3155.57534125,65,4
9416.16179049,9416.15400000,0.00000000,2041.81966276,0.04817668,3157.51177134,65,0
9416.16038720,9427.96550000,0.00000000,2041.78414724,0.02782617,3157.51096223,65,4
9431.18871900,9431.18600000,0.00000000,2431.78760198,0.02513168,3165.17203065,65,0
9435.59664957,9435.59610000,0.00000000,2550.10664328,0.03866512,3167.01245458,65,0
9440.19573932,9440.20300000,0.00000000,2675.63198977,0.02396423,3168.71894841,65,0
9452.36472251,9452.41900000,0.00000000,3018.89207693,0.06421499,3172.09330075,65,0
9461.80534412,9461.80600000,0.00000000,3297.62007640,0.02947378,3173.44304711,65,0
9609.59542599,9489.28490000,0.00000000,3297.05349249,0.24650688,3279.90440897,64,4
9609.59542599,9515.32600000,0.00000000,3297.05349249,0.24650688,3279.90440897,64,4
9609.59542599,9518.48100000,0.00000000,3297.05349249,0.24650688,3279.90440897,64,4
9609.59542599,9536.77930000,0.00000000,3297.05349249,0.24650688,3279.90440897,64,4
9540.66304606,9540.67100000,0.00000000,1497.05357888,0.02830893,3248.28277251,64,0
9540.66304606,9550.02410000,0.00000000,1497.05357888,0.02830893,3248.28277251,64,4
9551.93508500,9551.92900000,0.00000000,1764.17809825,0.09741379,3256.24518020,64,4
9556.32394873,9556.32000000,0.00000000,1870.55960579,0.07738496,3259.09857379,64,0
9556.32563392,9576.62800000,0.00000000,1870.60072124,0.01779123,3259.09964164,64,4
9556.32563392,9602.12300000,0.00000000,1870.60072124,0.01779123,3259.09964164,64,4
9658.33581050,9658.33500000,0.00000000,753.89339101,0.03840294,3328.68205704,63,0
9658.33595481,9668.07090000,0.00000000,753.89644288,0.04413415,3328.68219188,63,4
9766.35040639,9766.32700000,0.00000000,3422.67737823,0.02493153,3389.98704590,63,0
9794.78836077,9794.76700000,0.00000000,359.72922461,0.01834364,3421.87341594,62,0
9808.81876942,9808.81100000,0.00000000,644.31672165,0.01900127,3435.67600037,62,0
9808.81847701,9811.55540000,0.00000000,644.31070310,0.01294360,3435.67572196,62,4
9939.56721922,9939.57700000,0.00000000,3902.42223923,0.33161176,3502.68017987,62,4
9941.09309223,9941.07700000,0.00000000,3951.05403229,0.30630226,3502.42350499,62,4
9969.43582946,9969.44700000,0.00000000,640.62601469,0.02159162,3551.03338712,61,0
10018.39856051,10018.39700000,0.00000000,1689.91446995,0.03038730,3591.37558957,61,0
10018.39851562,10020.54000000,0.00000000,1689.91344784,0.03583889,3591.37555869,61,4
10018.39851562,10032.00800000,0.00000000,1689.91344784,0.03583889,3591.37555869,61,4
10051.20894699,10051.21200000,0.00000000,2474.16416879,0.03770242,3610.23573236,61,0
10052.24813011,10052.22000000,0.00000000,2500.35723075,0.01717020,3610.69902430,61,0
10066.20435830,10066.20000000,0.00000000,2861.60914165,0.02548810,3615.99335298,61,0
10067.03786325,10067.01000000,0.00000000,2883.77646143,0.03077904,3616.25181278,61,0
10078.40481182,10078.40600000,0.00000000,3193.46608260,0.06954183,3619.06205635,61,4
10078.40481182,10079.48500000,0.00000000,3193.46608260,0.06954183,3619.06205635,61,4
10080.32284898,10080.29000000,0.00000000,3247.16044571,0.04191285,3619.39761290,61,0
10080.82507237,10080.82600000,0.00000000,3261.29258860,0.02152607,3619.47849410,61,0
10121.14714280,10121.14800000,0.00000000,356.94381975,0.01932439,3656.37112665,60,4
10121.78163268,10121.78300000,0.00000000,369.23441180,0.03802780,3657.00091585,60,4
10148.85970451,10148.86600000,0.00000000,908.73475372,0.01392804,3682.36727441,60,0
10248.52265128,10248.52130000,0.00000000,3253.61906407,0.10164734,3740.02870000,60,0
10280.97524149,10280.97300000,0.00000000,136.11525814,0.05735163,3767.77744186,59,5
10298.23706531,10298.23780000,0.00000000,462.98945230,0.02348802,3784.96620216,59,0
10565.30583007,10565.30290000,0.00000000,2339.00404586,0.02767753,3980.14457179,58,0
10623.57691708,10623.57350000,0.00000000,3864.24375051,0.03010292,3995.58575140,58,0
