slit_dec_x_a = -0.181778666534
slit_dec_y_a = -0.18243150017
slit_dec_x_b = 0.14512077562974193
slit_dec_y_b = -0.05510809031835813
slit_defocus = -0.013758156245221892
slit_tilt_x = 1.0541219689621164
slit_tilt_y = -8.559984521143436
slit_tilt_z = -9.026806401369614
d_slit_col = 1594.290221786825
coll_tilt_x = 0.12141074593437694
coll_tilt_y = -0.026474547874590495
ech_G = 31.614553453248462
ech_blaze = -74.99488821244539
ech_gamma = 1.1556421862820838
echelle_z = 0.05700303260104809
d_col_trf = -1588.016367190496
trf_mirror_tilt_x = 0.007307746661746418
trf_mirror_tilt_y = 0.1553996009186317
d_col_grm = 0.035664862758914756
grism_dec_x = 236.3832064806126
grism_dec_y = 0.009287169463294045
grm_tilt_x = -0.023503765961659772
grm_tilt_y = 2.3257861573748153
grm_G = 222.7840650659554
grm_apex = 17.766526543205654
d_grm_cam  = 21.604694569774704
cam_dec_x = -0.2710393433722872
cam_dec_y = 0.29094792629716393
cam_tilt_x = 0.012434600894216701
cam_tilt_y = 0.008822736749907675
d_cam_ff  = -160.07680788073552
ccd_ff_dec_x = -0.023800415046511203
ccd_ff_dec_y = 0.042054650705388635
ccd_ff_tilt_x = 0.0334501899811761
ccd_ff_tilt_y = -0.5909802821216157
ccd_ff_tilt_z = 0.17191635853200454
d_ff_ccd  = -4.815935608912472
ccd_dec_x = 0.5532966396384307
ccd_dec_y = 5.107629899125113
ccd_defocus = 0.2857613328403292
ccd_tilt_x = 0.032606058982082485
ccd_tilt_y = -0.002129533882392461
ccd_tilt_z = 4.67848182360288e-06
p = 0.0001