slit_dec_x_a = -0.17039379485054834
slit_dec_y_a = -0.19598424081535276
slit_dec_x_b = 0.175
slit_dec_y_b = -1.583419688857815e-96
slit_defocus = 0.005577099625525506
slit_tilt_x = 1.1861760092359783
slit_tilt_y = -8.54001767222937
slit_tilt_z = -8.990844858319864
d_slit_col = 1594.2944603214003
coll_tilt_x = 0.08884340954460901
coll_tilt_y = -0.03182266952430103
ech_G = 31.61067481397937
ech_blaze = -74.97687616147554
ech_gamma = 1.1404131258621415
echelle_z = 0.07483572931582971
d_col_trf = -1588.0185263464148
trf_mirror_tilt_x = 0.13867348872079763
trf_mirror_tilt_y = 0.07754031759673431
d_col_grm = -0.009518557742939597
grism_dec_x = 236.4343276690969
grism_dec_y = 0.03418110799557375
grm_tilt_x = -0.015747958616802032
grm_tilt_y = 2.304366642392048
grm_G = 222.8251767281577
grm_apex = 17.815142610343287
d_grm_cam  = 21.608473077289588
cam_dec_x = -0.302122771217944
cam_dec_y = 0.2503223342518274
cam_tilt_x = -0.018484279359572788
cam_tilt_y = -0.015052912044948009
d_cam_ff  = -160.40093620733117
ccd_ff_dec_x = -0.003526013525106391
ccd_ff_dec_y = 0.00021644268689621223
ccd_ff_tilt_x = 0.14602583107220163
ccd_ff_tilt_y = -0.572043042304985
ccd_ff_tilt_z = 0.1725814220192108
d_ff_ccd  = -4.8112730009243165
ccd_dec_x = 0.6206883580001944
ccd_dec_y = 5.15531936492265
ccd_defocus = 0.31632081341131973
ccd_tilt_x = 0.007705119254282801
ccd_tilt_y = -0.01409448172194845
ccd_tilt_z = 3.132517719080889e-06
p = 1.9162499999999998e-05