slit_dec_x_a = -0.181778666534
slit_dec_y_a = -0.18243150017
slit_dec_x_b = 0.14512077562974193
slit_dec_y_b = -0.05510809031835813
slit_defocus = -0.002219146351609544
slit_tilt_x = 1.1346908658899908
slit_tilt_y = -8.568239231509885
slit_tilt_z = -9.00367118689702
d_slit_col = 1594.3039472699468
coll_tilt_x = 0.08644656225461057
coll_tilt_y = -0.022052467243007978
ech_G = 31.61087376913585
ech_blaze = -74.99552090488793
ech_gamma = 1.158127955959698
echelle_z = 0.05754308416955874
d_col_trf = -1588.0162509183217
trf_mirror_tilt_x = 0.122540368105124
trf_mirror_tilt_y = 0.01867673440104087
d_col_grm = 0.015052679574131487
grism_dec_x = 236.39748168594824
grism_dec_y = -0.00503586934182484
grm_tilt_x = -0.02471139342408417
grm_tilt_y = 2.3273352976610897
grm_G = 222.78584918084184
grm_apex = 17.809205407163546
d_grm_cam  = 21.604343210692008
cam_dec_x = -0.28358316278105655
cam_dec_y = 0.2897557355016768
cam_tilt_x = 0.0043372815553070635
cam_tilt_y = -0.027822566509027393
d_cam_ff  = -160.56982810566817
ccd_ff_dec_x = -0.02276794422439834
ccd_ff_dec_y = -0.04778843995847051
ccd_ff_tilt_x = 0.1650165779026404
ccd_ff_tilt_y = -0.5896662345584547
ccd_ff_tilt_z = 0.17172039902249295
d_ff_ccd  = -4.785391320311895
ccd_dec_x = 0.5519484573010722
ccd_dec_y = 5.106085296433823
ccd_defocus = 0.31574655574108473
ccd_tilt_x = 0.021352033076631968
ccd_tilt_y = -0.004225998182937603
ccd_tilt_z = 4.024068916678557e-07
p = 1.9162499999999998e-05