slit_dec_x_a = -0.17039353845841917
slit_dec_y_a = -0.19593961632707824
slit_dec_x_b = 0.175
slit_dec_y_b = -1.486983561678226e-96
slit_defocus = 0.005587657863229652
slit_tilt_x = 1.1861735400798485
slit_tilt_y = -8.540029315372783
slit_tilt_z = -8.99084643596286
d_slit_col = 1594.2944516987989
coll_tilt_x = 0.08880720895247067
coll_tilt_y = -0.03184858376434303
ech_G = 31.61067450264155
ech_blaze = -74.97690409918059
ech_gamma = 1.140387169458086
echelle_z = 0.07480736116786574
d_col_trf = -1588.0185303319508
trf_mirror_tilt_x = 0.138670567481029
trf_mirror_tilt_y = 0.07752809156984239
d_col_grm = -0.009523451905763479
grism_dec_x = 236.43433091047314
grism_dec_y = 0.034169771579708304
grm_tilt_x = -0.015835118814116658
grm_tilt_y = 2.3043466652084184
grm_G = 222.8251754917232
grm_apex = 17.81513062857569
d_grm_cam  = 21.608482697383078
cam_dec_x = -0.3021172454547006
cam_dec_y = 0.25032609418931595
cam_tilt_x = -0.01847172642718633
cam_tilt_y = -0.015047974941285874
d_cam_ff  = -160.4009373643098
ccd_ff_dec_x = -0.0035416498164698097
ccd_ff_dec_y = 0.00023168282745254543
ccd_ff_tilt_x = 0.14603765619393066
ccd_ff_tilt_y = -0.5720594583585484
ccd_ff_tilt_z = 0.17257273833097672
d_ff_ccd  = -4.811261187854415
ccd_dec_x = 0.620686582088529
ccd_dec_y = 5.155329128183857
ccd_defocus = 0.31632719815250193
ccd_tilt_x = 0.007700852139270845
ccd_tilt_y = -0.014095815429597668
ccd_tilt_z = 3.1358049520566274e-06
p = 1.897090909090909e-05