slit_dec_x_a = -0.181778666534
slit_dec_y_a = -0.18243150017
slit_dec_x_b = 0.14512077562974193
slit_dec_y_b = -0.05510809031835813
slit_defocus = -0.0021974120572908575
slit_tilt_x = 1.1346887990755146
slit_tilt_y = -8.568234234802256
slit_tilt_z = -9.003670130826954
d_slit_col = 1594.3039522020601
coll_tilt_x = 0.08644335639018463
coll_tilt_y = -0.022043591426568778
ech_G = 31.61087239151703
ech_blaze = -74.99552897857978
ech_gamma = 1.1581423542385372
echelle_z = 0.05755320762486521
d_col_trf = -1588.0162784498364
trf_mirror_tilt_x = 0.12254442836112828
trf_mirror_tilt_y = 0.01867035524379191
d_col_grm = 0.015058472762021567
grism_dec_x = 236.39747405075735
grism_dec_y = -0.00503839956092385
grm_tilt_x = -0.024706924697667616
grm_tilt_y = 2.327330452700128
grm_G = 222.78579772486208
grm_apex = 17.80921346755934
d_grm_cam  = 21.60435911956535
cam_dec_x = -0.2835810056625308
cam_dec_y = 0.289758834428577
cam_tilt_x = 0.004339060695065695
cam_tilt_y = -0.02781731773794632
d_cam_ff  = -160.56979883023732
ccd_ff_dec_x = -0.02271749210878064
ccd_ff_dec_y = -0.047785842892295774
ccd_ff_tilt_x = 0.16502710450165828
ccd_ff_tilt_y = -0.5896844641540595
ccd_ff_tilt_z = 0.1717191247380724
d_ff_ccd  = -4.785402752097064
ccd_dec_x = 0.551959740618037
ccd_dec_y = 5.106157020484108
ccd_defocus = 0.3157429307828967
ccd_tilt_x = 0.02133497140576502
ccd_tilt_y = -0.004225777367361042
ccd_tilt_z = 4.0345123082483067e-07
p = 1.897090909090909e-05