slit_dec_x_a = -0.181778666534
slit_dec_y_a = -0.18243150017
slit_dec_x_b = 0.14512077562974193
slit_dec_y_b = -0.05510809031835813
slit_defocus = -0.013784636484923424
slit_tilt_x = 1.0540845733858184
slit_tilt_y = -8.559907649068958
slit_tilt_z = -9.026949022972513
d_slit_col = 1594.2902728531062
coll_tilt_x = 0.1214947578240357
coll_tilt_y = -0.026511519142540452
ech_G = 31.614564516445032
ech_blaze = -74.99488616686273
ech_gamma = 1.155635217226891
echelle_z = 0.05700315220569772
d_col_trf = -1588.0163643353912
trf_mirror_tilt_x = 0.007306983948526172
trf_mirror_tilt_y = 0.15545624643829015
d_col_grm = 0.03569551613965377
grism_dec_x = 236.3832531949375
grism_dec_y = 0.00925529944483691
grm_tilt_x = -0.023512639531676607
grm_tilt_y = 2.325785163033556
grm_G = 222.78406670075253
grm_apex = 17.766531003693114
d_grm_cam  = 21.604705398074156
cam_dec_x = -0.2710745966855889
cam_dec_y = 0.2908628930692299
cam_tilt_x = 0.01252471957846427
cam_tilt_y = 0.008807289918090393
d_cam_ff  = -160.07709910782054
ccd_ff_dec_x = -0.02380094509281268
ccd_ff_dec_y = 0.04202751478852642
ccd_ff_tilt_x = 0.03351531399915845
ccd_ff_tilt_y = -0.5909857687059206
ccd_ff_tilt_z = 0.17191330723437684
d_ff_ccd  = -4.815992323063449
ccd_dec_x = 0.5532969284186194
ccd_dec_y = 5.107630743007223
ccd_defocus = 0.28579487162484235
ccd_tilt_x = 0.032560549892498035
ccd_tilt_y = -0.002133730084945805
ccd_tilt_z = 4.697873121173233e-06
p = 0.0001