slit_dec_x_a = -0.17045111609633282
slit_dec_y_a = -0.1960422630656573
slit_dec_x_b = 0.175
slit_dec_y_b = -2.3176778077248192e-96
slit_defocus = 0.005514514943764536
slit_tilt_x = 1.1861367512978491
slit_tilt_y = -8.540052324182923
slit_tilt_z = -8.990866216495164
d_slit_col = 1594.2944503080512
coll_tilt_x = 0.08886345532955252
coll_tilt_y = -0.031699673780063595
ech_G = 31.610685667522485
ech_blaze = -74.9770400949437
ech_gamma = 1.1405946201032608
echelle_z = 0.0751338498788794
d_col_trf = -1588.0185680239533
trf_mirror_tilt_x = 0.13873570315818198
trf_mirror_tilt_y = 0.0775695730018339
d_col_grm = -0.009528848380453888
grism_dec_x = 236.43431199697304
grism_dec_y = 0.034240454634912695
grm_tilt_x = -0.01578520187002981
grm_tilt_y = 2.3043887596873045
grm_G = 222.82522725033706
grm_apex = 17.81511447737312
d_grm_cam  = 21.608494448718798
cam_dec_x = -0.30210611999038806
cam_dec_y = 0.25036832808665693
cam_tilt_x = -0.018137240043343533
cam_tilt_y = -0.014998742957068904
d_cam_ff  = -160.40092808349996
ccd_ff_dec_x = -0.0035597009233834993
ccd_ff_dec_y = 0.0001434692850767288
ccd_ff_tilt_x = 0.14599707187721744
ccd_ff_tilt_y = -0.5720475685841462
ccd_ff_tilt_z = 0.17256643134369892
d_ff_ccd  = -4.81121212293766
ccd_dec_x = 0.620638088433848
ccd_dec_y = 5.155279393891606
ccd_defocus = 0.3163193327420074
ccd_tilt_x = 0.007822033648452109
ccd_tilt_y = -0.01401802548485342
ccd_tilt_z = 3.206720639147331e-06
p = 1.2024166666666666e-05