slit_dec_x_a = -0.181778666534
slit_dec_y_a = -0.18243150017
slit_dec_x_b = 0.14512077562974193
slit_dec_y_b = -0.05510809031835813
slit_defocus = -0.0021966431539696325
slit_tilt_x = 1.1347116616673842
slit_tilt_y = -8.568309224748702
slit_tilt_z = -9.003597228654936
d_slit_col = 1594.3039130204586
coll_tilt_x = 0.08646495156996513
coll_tilt_y = -0.02205254716288882
ech_G = 31.610904430269635
ech_blaze = -74.99562695109547
ech_gamma = 1.1582036286457993
echelle_z = 0.05696937299557304
d_col_trf = -1588.0162203566604
trf_mirror_tilt_x = 0.12250134350551617
trf_mirror_tilt_y = 0.018724044175726155
d_col_grm = 0.014994258756455521
grism_dec_x = 236.39749591073365
grism_dec_y = -0.005072750794663546
grm_tilt_x = -0.02477336790713835
grm_tilt_y = 2.3274622537261855
grm_G = 222.78576443145465
grm_apex = 17.809142619656296
d_grm_cam  = 21.604572541211372
cam_dec_x = -0.2836331230182475
cam_dec_y = 0.289754877190489
cam_tilt_x = 0.004326780213932495
cam_tilt_y = -0.02780904813087212
d_cam_ff  = -160.56966232303915
ccd_ff_dec_x = -0.022903331188937216
ccd_ff_dec_y = -0.04777820416602145
ccd_ff_tilt_x = 0.16504762948517315
ccd_ff_tilt_y = -0.5895268547473024
ccd_ff_tilt_z = 0.1717286116793609
d_ff_ccd  = -4.78537622632193
ccd_dec_x = 0.5519106747517005
ccd_dec_y = 5.106415598096499
ccd_defocus = 0.31584199763924936
ccd_tilt_x = 0.021428215193880155
ccd_tilt_y = -0.004223516611437802
ccd_tilt_z = 2.986508233518226e-07
p = 1.2024166666666666e-05