slit_dec_x_a = -0.181778666534
slit_dec_y_a = -0.18243150017
slit_dec_x_b = 0.14512077562974193
slit_dec_y_b = -0.05510809031835813
slit_defocus = -0.013776744961118602
slit_tilt_x = 1.0541261416351264
slit_tilt_y = -8.55999215045953
slit_tilt_z = -9.02681412655803
d_slit_col = 1594.2903361224592
coll_tilt_x = 0.12144307172396542
coll_tilt_y = -0.026390442648360362
ech_G = 31.61455410195735
ech_blaze = -74.99488709089526
ech_gamma = 1.155633861333472
echelle_z = 0.057006429479950674
d_col_trf = -1588.0163646195906
trf_mirror_tilt_x = 0.007353021692407762
trf_mirror_tilt_y = 0.15539675109802378
d_col_grm = 0.03565915330007746
grism_dec_x = 236.3832255079141
grism_dec_y = 0.009205785693479157
grm_tilt_x = -0.023512460874494497
grm_tilt_y = 2.3257884511965523
grm_G = 222.784067049152
grm_apex = 17.76647706448918
d_grm_cam  = 21.60469741108679
cam_dec_x = -0.2711403481986708
cam_dec_y = 0.2908776415779403
cam_tilt_x = 0.012458278364638739
cam_tilt_y = 0.008866651183520141
d_cam_ff  = -160.07727920847097
ccd_ff_dec_x = -0.023808482448017906
ccd_ff_dec_y = 0.04206585641937863
ccd_ff_tilt_x = 0.033543424273290115
ccd_ff_tilt_y = -0.5909787770992229
ccd_ff_tilt_z = 0.17191747487035888
d_ff_ccd  = -4.816011930102832
ccd_dec_x = 0.5532894255910485
ccd_dec_y = 5.1076295712929225
ccd_defocus = 0.2857770209223085
ccd_tilt_x = 0.03264416643620356
ccd_tilt_y = -0.0022279699613743506
ccd_tilt_z = 4.591835527491857e-06
p = 0.0001