slit_dec_x_a = -0.1704010755187174
slit_dec_y_a = -0.1956586180351446
slit_dec_x_b = 0.175
slit_dec_y_b = -1.8163684461801456e-96
slit_defocus = 0.021359155559231475
slit_tilt_x = 1.1140501476965035
slit_tilt_y = -8.538386707106351
slit_tilt_z = -8.99161046115987
d_slit_col = 1594.3099510395523
coll_tilt_x = 0.11323388608021134
coll_tilt_y = -0.02884904757846421
ech_G = 31.613228123559043
ech_blaze = -74.97482900226149
ech_gamma = 1.1389706997050406
echelle_z = 0.07477109825234585
d_col_trf = -1588.0172350563296
trf_mirror_tilt_x = 0.026231304792849287
trf_mirror_tilt_y = 0.16224382404079568
d_col_grm = -0.004840382992225974
grism_dec_x = 236.42330761955853
grism_dec_y = 0.038195527763182587
grm_tilt_x = -0.014053316876216419
grm_tilt_y = 2.305271951440541
grm_G = 222.82400242977388
grm_apex = 17.79109004376025
d_grm_cam  = 21.60981276483097
cam_dec_x = -0.3094687265463205
cam_dec_y = 0.24725049374617125
cam_tilt_x = -0.011075507220908777
cam_tilt_y = 0.0038004498819577473
d_cam_ff  = -160.0575110103877
ccd_ff_dec_x = -0.00259733627860381
ccd_ff_dec_y = 0.05303273986327027
ccd_ff_tilt_x = 0.019507394245482406
ccd_ff_tilt_y = -0.5728012273226736
ccd_ff_tilt_z = 0.1800552205104449
d_ff_ccd  = -4.8389454001846754
ccd_dec_x = 0.6214062033500153
ccd_dec_y = 5.157144486370122
ccd_defocus = 0.28073045827843146
ccd_tilt_x = 0.005049721435886315
ccd_tilt_y = -0.010926304233297757
ccd_tilt_z = 5.004023447519642e-06
p = 0.0001