slit_dec_x_a = -0.17040679500246037
slit_dec_y_a = -0.19592348242185412
slit_dec_x_b = 0.175
slit_dec_y_b = -1.7941494898956325e-96
slit_defocus = 0.0055936415482758135
slit_tilt_x = 1.186126431544538
slit_tilt_y = -8.54001260941854
slit_tilt_z = -8.990854364838231
d_slit_col = 1594.2944792498079
coll_tilt_x = 0.0887162164847636
coll_tilt_y = -0.031996638268900576
ech_G = 31.610646078005118
ech_blaze = -74.97676815856248
ech_gamma = 1.1402555818092426
echelle_z = 0.07486632514096904
d_col_trf = -1588.0185220870371
trf_mirror_tilt_x = 0.13869904182623605
trf_mirror_tilt_y = 0.07753500710118807
d_col_grm = -0.009530084578930469
grism_dec_x = 236.43435672120026
grism_dec_y = 0.034162315458235094
grm_tilt_x = -0.015930065586533978
grm_tilt_y = 2.3043846392100513
grm_G = 222.82518959548696
grm_apex = 17.815096800444923
d_grm_cam  = 21.608500045852434
cam_dec_x = -0.30210753227610265
cam_dec_y = 0.2503353495693505
cam_tilt_x = -0.01849180432622781
cam_tilt_y = -0.015105052347861624
d_cam_ff  = -160.40096412795955
ccd_ff_dec_x = -0.003501843620285767
ccd_ff_dec_y = 0.0002598249404439224
ccd_ff_tilt_x = 0.14604560360668276
ccd_ff_tilt_y = -0.572064520086931
ccd_ff_tilt_z = 0.17260180871935044
d_ff_ccd  = -4.811309869182886
ccd_dec_x = 0.620691613599679
ccd_dec_y = 5.155290388069875
ccd_defocus = 0.3162860537963238
ccd_tilt_x = 0.007753306264902281
ccd_tilt_y = -0.014118019850365877
ccd_tilt_z = 3.1074727706315613e-06
p = 5.955666666666667e-06