slit_dec_x_a = -0.181778666534
slit_dec_y_a = -0.18243150017
slit_dec_x_b = 0.14512077562974193
slit_dec_y_b = -0.05510809031835813
slit_defocus = -0.0021969770791405293
slit_tilt_x = 1.1346668967802276
slit_tilt_y = -8.568224622312966
slit_tilt_z = -9.00361781423888
d_slit_col = 1594.3039481419744
coll_tilt_x = 0.08647039396613242
coll_tilt_y = -0.021975612925242628
ech_G = 31.61090282355821
ech_blaze = -74.99562949327847
ech_gamma = 1.15808706221452
echelle_z = 0.057545516396354406
d_col_trf = -1588.0161518809016
trf_mirror_tilt_x = 0.12251260672748261
trf_mirror_tilt_y = 0.01862084423913424
d_col_grm = 0.01510817121020093
grism_dec_x = 236.39743182982934
grism_dec_y = -0.0050130951315873985
grm_tilt_x = -0.02483868742716059
grm_tilt_y = 2.3270657133558035
grm_G = 222.7856815699115
grm_apex = 17.809207249563105
d_grm_cam  = 21.604634757756447
cam_dec_x = -0.2835759379734547
cam_dec_y = 0.28968162582716844
cam_tilt_x = 0.004288691133501693
cam_tilt_y = -0.02778985151900882
d_cam_ff  = -160.56971734872414
ccd_ff_dec_x = -0.022895161677482765
ccd_ff_dec_y = -0.04777868639333022
ccd_ff_tilt_x = 0.1650357337624892
ccd_ff_tilt_y = -0.589625961909569
ccd_ff_tilt_z = 0.17172796699199605
d_ff_ccd  = -4.785419800707016
ccd_dec_x = 0.5519176269109123
ccd_dec_y = 5.106110441154308
ccd_defocus = 0.3157589048205888
ccd_tilt_x = 0.021316168079028325
ccd_tilt_y = -0.004218532575839255
ccd_tilt_z = 3.6255979975646665e-07
p = 5.955666666666667e-06