slit_dec_x_a = -0.1704491883425178
slit_dec_y_a = -0.19608920501032703
slit_dec_x_b = 0.175
slit_dec_y_b = -2.3692466640773986e-96
slit_defocus = 0.005510978324919383
slit_tilt_x = 1.1861287685309814
slit_tilt_y = -8.540069305723973
slit_tilt_z = -8.990859269572047
d_slit_col = 1594.2944467887862
coll_tilt_x = 0.08884561164064682
coll_tilt_y = -0.0317057742897669
ech_G = 31.610685730578144
ech_blaze = -74.97698665114488
ech_gamma = 1.140582039957977
echelle_z = 0.07518989224821533
d_col_trf = -1588.0185769471034
trf_mirror_tilt_x = 0.13871710956863262
trf_mirror_tilt_y = 0.0775681629323816
d_col_grm = -0.00954121457877788
grism_dec_x = 236.4343121139231
grism_dec_y = 0.03425165891783912
grm_tilt_x = -0.015860349136535327
grm_tilt_y = 2.3043925562778287
grm_G = 222.8252217184703
grm_apex = 17.815106348090165
d_grm_cam  = 21.608480502969204
cam_dec_x = -0.30212348801468936
cam_dec_y = 0.2503573983394546
cam_tilt_x = -0.01816270429906911
cam_tilt_y = -0.014990692114063219
d_cam_ff  = -160.400940034328
ccd_ff_dec_x = -0.0035708268845779903
ccd_ff_dec_y = 0.00012181863521031428
ccd_ff_tilt_x = 0.1460107889108298
ccd_ff_tilt_y = -0.5720455347482624
ccd_ff_tilt_z = 0.17256249200530463
d_ff_ccd  = -4.8112069517933875
ccd_dec_x = 0.6206297735600591
ccd_dec_y = 5.155286233555246
ccd_defocus = 0.31632201696163353
ccd_tilt_x = 0.00781801908071854
ccd_tilt_y = -0.014013383555521468
ccd_tilt_z = 3.254362599153274e-06
p = 1.1673636363636363e-05