slit_dec_x_a = -0.181778666534
slit_dec_y_a = -0.18243150017
slit_dec_x_b = 0.14512077562974193
slit_dec_y_b = -0.05510809031835813
slit_defocus = -0.002195526754154514
slit_tilt_x = 1.1347098217877731
slit_tilt_y = -8.56831986709604
slit_tilt_z = -9.003606236305973
d_slit_col = 1594.3039130962648
coll_tilt_x = 0.08646519915541716
coll_tilt_y = -0.022051987553868495
ech_G = 31.610894213063485
ech_blaze = -74.99556102337267
ech_gamma = 1.1581799857274366
echelle_z = 0.056949022781097376
d_col_trf = -1588.0162275802375
trf_mirror_tilt_x = 0.12250476372270606
trf_mirror_tilt_y = 0.018737788051556133
d_col_grm = 0.0150030939559482
grism_dec_x = 236.39749651776043
grism_dec_y = -0.0050733985682698485
grm_tilt_x = -0.02470268877887937
grm_tilt_y = 2.3274055853618054
grm_G = 222.7857586563342
grm_apex = 17.809138092278097
d_grm_cam  = 21.604591716743645
cam_dec_x = -0.28363660453455686
cam_dec_y = 0.28976198043240436
cam_tilt_x = 0.004314243879141353
cam_tilt_y = -0.02779556645327832
d_cam_ff  = -160.5696402561974
ccd_ff_dec_x = -0.02286038265224283
ccd_ff_dec_y = -0.04777544993106748
ccd_ff_tilt_x = 0.16503169183263422
ccd_ff_tilt_y = -0.5894722472746285
ccd_ff_tilt_z = 0.17181675702638816
d_ff_ccd  = -4.785371574768293
ccd_dec_x = 0.5519137676583885
ccd_dec_y = 5.106433695039323
ccd_defocus = 0.31584127857069993
ccd_tilt_x = 0.02142872902393299
ccd_tilt_y = -0.004234906653636993
ccd_tilt_z = 2.743083436951108e-07
p = 1.1673636363636363e-05