slit_dec_x_a = -0.181778666534
slit_dec_y_a = -0.18243150017
slit_dec_x_b = 0.14512077562974193
slit_dec_y_b = -0.05510809031835813
slit_defocus = -0.002186287077319088
slit_tilt_x = 1.1346727556635687
slit_tilt_y = -8.568223033472629
slit_tilt_z = -9.003629962870164
d_slit_col = 1594.3039379393997
coll_tilt_x = 0.08646844509730026
coll_tilt_y = -0.021986586917287086
ech_G = 31.610902970159465
ech_blaze = -74.99561551290496
ech_gamma = 1.158086787097121
echelle_z = 0.05755797311192993
d_col_trf = -1588.0161318317644
trf_mirror_tilt_x = 0.12251275175707563
trf_mirror_tilt_y = 0.018638336169626228
d_col_grm = 0.015100321358709725
grism_dec_x = 236.39742813163275
grism_dec_y = -0.005018657219997534
grm_tilt_x = -0.024899525349979995
grm_tilt_y = 2.3270455902849605
grm_G = 222.7857432483953
grm_apex = 17.809188708419313
d_grm_cam  = 21.60466329165738
cam_dec_x = -0.2835772047492374
cam_dec_y = 0.2896933990938404
cam_tilt_x = 0.004291109040071052
cam_tilt_y = -0.027791816893616515
d_cam_ff  = -160.56962571899996
ccd_ff_dec_x = -0.022893093146963167
ccd_ff_dec_y = -0.04776499538616496
ccd_ff_tilt_x = 0.16504489200854097
ccd_ff_tilt_y = -0.589565632710461
ccd_ff_tilt_z = 0.17175538375787894
d_ff_ccd  = -4.785423423074378
ccd_dec_x = 0.5519704675214515
ccd_dec_y = 5.106061008188377
ccd_defocus = 0.31575929540355585
ccd_tilt_x = 0.021324628181053278
ccd_tilt_y = -0.004215892328032185
ccd_tilt_z = 3.5504779667673596e-07
p = 4.141333333333333e-06