slit_dec_x_a = -0.1704016026921399
slit_dec_y_a = -0.1958289814407299
slit_dec_x_b = 0.175
slit_dec_y_b = -1.8042840674305635e-96
slit_defocus = 0.00559304586298413
slit_tilt_x = 1.1861201414595115
slit_tilt_y = -8.54001348569582
slit_tilt_z = -8.990844923456361
d_slit_col = 1594.2944903769767
coll_tilt_x = 0.08870934923991088
coll_tilt_y = -0.032014038337144356
ech_G = 31.610649589275017
ech_blaze = -74.9768338979142
ech_gamma = 1.1402317527786794
echelle_z = 0.07483026341602272
d_col_trf = -1588.0185186800777
trf_mirror_tilt_x = 0.13870046097953234
trf_mirror_tilt_y = 0.07753384702620397
d_col_grm = -0.009514889962602975
grism_dec_x = 236.4343580140545
grism_dec_y = 0.034157262984954646
grm_tilt_x = -0.015837783742218572
grm_tilt_y = 2.304383561487539
grm_G = 222.82518771535186
grm_apex = 17.815088266045567
d_grm_cam  = 21.608500056398242
cam_dec_x = -0.30209999181878233
cam_dec_y = 0.25033081695116055
cam_tilt_x = -0.018533796027873133
cam_tilt_y = -0.015105402965904803
d_cam_ff  = -160.40096046967014
ccd_ff_dec_x = -0.003511502171920748
ccd_ff_dec_y = 0.00026689708387591814
ccd_ff_tilt_x = 0.14603731989036936
ccd_ff_tilt_y = -0.5720704872035589
ccd_ff_tilt_z = 0.17259393627275327
d_ff_ccd  = -4.811325439711254
ccd_dec_x = 0.6206902455503847
ccd_dec_y = 5.155279748814918
ccd_defocus = 0.31628216190468056
ccd_tilt_x = 0.007746471896593936
ccd_tilt_y = -0.014103464500574729
ccd_tilt_z = 3.1618167405563716e-06
p = 4.141333333333333e-06