slit_dec_x_a = -0.1704010755187174
slit_dec_y_a = -0.1956586180351446
slit_dec_x_b = 0.175
slit_dec_y_b = -1.849450786637506e-96
slit_defocus = 0.02133893401911476
slit_tilt_x = 1.113972584624952
slit_tilt_y = -8.53841767749507
slit_tilt_z = -8.991630180439948
d_slit_col = 1594.309949537619
coll_tilt_x = 0.11312883995174312
coll_tilt_y = -0.02886564723389559
ech_G = 31.61322476706374
ech_blaze = -74.97482657964247
ech_gamma = 1.1389729200790215
echelle_z = 0.07477575796736259
d_col_trf = -1588.0172339095502
trf_mirror_tilt_x = 0.026281446636487977
trf_mirror_tilt_y = 0.16220217948619092
d_col_grm = -0.0048840032758423815
grism_dec_x = 236.42326745564452
grism_dec_y = 0.03816542443827039
grm_tilt_x = -0.014058148425235638
grm_tilt_y = 2.305282137036189
grm_G = 222.8240126322871
grm_apex = 17.79096648165457
d_grm_cam  = 21.60981898083166
cam_dec_x = -0.3095573426360716
cam_dec_y = 0.24726778387087678
cam_tilt_x = -0.011016122379854621
cam_tilt_y = 0.003802381505378986
d_cam_ff  = -160.05734053349173
ccd_ff_dec_x = -0.002599266897017628
ccd_ff_dec_y = 0.05305545605786472
ccd_ff_tilt_x = 0.019541321018350225
ccd_ff_tilt_y = -0.5728043218297586
ccd_ff_tilt_z = 0.18004903084094917
d_ff_ccd  = -4.838941580369237
ccd_dec_x = 0.6214014620553833
ccd_dec_y = 5.157149491992649
ccd_defocus = 0.2807813823514362
ccd_tilt_x = 0.005046798814478289
ccd_tilt_y = -0.010945480235465287
ccd_tilt_z = 5.09957778152387e-06
p = 0.0001