slit_dec_x_a = -0.17041680691365427
slit_dec_y_a = -0.19585624032154983
slit_dec_x_b = 0.175
slit_dec_y_b = -2.332699124125102e-96
slit_defocus = 0.005511415546617477
slit_tilt_x = 1.1861291595699692
slit_tilt_y = -8.540104887576195
slit_tilt_z = -8.990838367849664
d_slit_col = 1594.2944435197978
coll_tilt_x = 0.08853545746549647
coll_tilt_y = -0.03179287109265356
ech_G = 31.61066119448473
ech_blaze = -74.97707440439733
ech_gamma = 1.140442765314782
echelle_z = 0.07533817919330614
d_col_trf = -1588.018582019769
trf_mirror_tilt_x = 0.13868691451038342
trf_mirror_tilt_y = 0.07754215596650352
d_col_grm = -0.009517173537057135
grism_dec_x = 236.43433713135903
grism_dec_y = 0.03424273393054838
grm_tilt_x = -0.01584863612638934
grm_tilt_y = 2.304347847441637
grm_G = 222.82520428545382
grm_apex = 17.815122899644393
d_grm_cam  = 21.608493556380882
cam_dec_x = -0.3021233977298613
cam_dec_y = 0.2503605465457362
cam_tilt_x = -0.018276277144533462
cam_tilt_y = -0.015022786965205029
d_cam_ff  = -160.40097349048253
ccd_ff_dec_x = -0.0035494944444016035
ccd_ff_dec_y = 0.00016979509371195054
ccd_ff_tilt_x = 0.14602808535487027
ccd_ff_tilt_y = -0.572019196707438
ccd_ff_tilt_z = 0.1725412825488022
d_ff_ccd  = -4.81124038843376
ccd_dec_x = 0.6206731153222448
ccd_dec_y = 5.155277650910115
ccd_defocus = 0.3163225074045235
ccd_tilt_x = 0.007784803602245873
ccd_tilt_y = -0.013990655176771822
ccd_tilt_z = 3.31179505934878e-06
p = 7.202583333333334e-06