slit_dec_x_a = -0.181778666534
slit_dec_y_a = -0.18243150017
slit_dec_x_b = 0.14512077562974193
slit_dec_y_b = -0.05510809031835813
slit_defocus = -0.002204854897505184
slit_tilt_x = 1.1346673503841485
slit_tilt_y = -8.56836323870655
slit_tilt_z = -9.003609760686857
d_slit_col = 1594.303979960886
coll_tilt_x = 0.08645909565795314
coll_tilt_y = -0.022055262430969294
ech_G = 31.610893984295675
ech_blaze = -74.9955271053946
ech_gamma = 1.1581817694009717
echelle_z = 0.05671074575691485
d_col_trf = -1588.0164381717416
trf_mirror_tilt_x = 0.12253165805970745
trf_mirror_tilt_y = 0.018705057420999316
d_col_grm = 0.014988999281899064
grism_dec_x = 236.3974710476115
grism_dec_y = -0.005065994016732442
grm_tilt_x = -0.024690561598479
grm_tilt_y = 2.3273877696463363
grm_G = 222.7857723050072
grm_apex = 17.809091998013532
d_grm_cam  = 21.604759197877357
cam_dec_x = -0.2836312189778415
cam_dec_y = 0.2897588740874351
cam_tilt_x = 0.004315426236988282
cam_tilt_y = -0.027786784595074145
d_cam_ff  = -160.5695663636337
ccd_ff_dec_x = -0.02288873131563694
ccd_ff_dec_y = -0.04778825332782559
ccd_ff_tilt_x = 0.16504807840459282
ccd_ff_tilt_y = -0.5892932923399236
ccd_ff_tilt_z = 0.17187500042322854
d_ff_ccd  = -4.785372819136128
ccd_dec_x = 0.5518758309466063
ccd_dec_y = 5.106420977469307
ccd_defocus = 0.31582718267753745
ccd_tilt_x = 0.021392905994668997
ccd_tilt_y = -0.004220319998352856
ccd_tilt_z = 2.207407898118892e-07
p = 7.202583333333334e-06