slit_dec_x_a = -0.1704010755187174
slit_dec_y_a = -0.1956586180351446
slit_dec_x_b = 0.175
slit_dec_y_b = -1.8517390503770564e-96
slit_defocus = 0.021436400503329657
slit_tilt_x = 1.1139839556862914
slit_tilt_y = -8.538411263307088
slit_tilt_z = -8.991628295680716
d_slit_col = 1594.3099081560506
coll_tilt_x = 0.11315277362475158
coll_tilt_y = -0.028936984808080213
ech_G = 31.613230314474112
ech_blaze = -74.9748312317874
ech_gamma = 1.1389709616742534
echelle_z = 0.07476968985463209
d_col_trf = -1588.0172383817105
trf_mirror_tilt_x = 0.026314397255148354
trf_mirror_tilt_y = 0.16222328815976722
d_col_grm = -0.004847418460532616
grism_dec_x = 236.42334050528814
grism_dec_y = 0.0381823237628723
grm_tilt_x = -0.014054593769900287
grm_tilt_y = 2.305272807923331
grm_G = 222.82399642601032
grm_apex = 17.791038943912177
d_grm_cam  = 21.609819901813097
cam_dec_x = -0.3095971749046744
cam_dec_y = 0.24730110666288732
cam_tilt_x = -0.011072406985419071
cam_tilt_y = 0.00378175153687254
d_cam_ff  = -160.0576675291334
ccd_ff_dec_x = -0.002600089509169387
ccd_ff_dec_y = 0.05307205990627299
ccd_ff_tilt_x = 0.019548829508270367
ccd_ff_tilt_y = -0.5728092810033532
ccd_ff_tilt_z = 0.18005554135253396
d_ff_ccd  = -4.838973362727551
ccd_dec_x = 0.6214040785492391
ccd_dec_y = 5.157157346449743
ccd_defocus = 0.28070578602386315
ccd_tilt_x = 0.005007689814608193
ccd_tilt_y = -0.010939490127228035
ccd_tilt_z = 5.080185240390534e-06
p = 0.0001