slit_dec_x_a = -0.181778666534
slit_dec_y_a = -0.18243150017
slit_dec_x_b = 0.14512077562974193
slit_dec_y_b = -0.05510809031835813
slit_defocus = -0.01379843162193805
slit_tilt_x = 1.0541251897216564
slit_tilt_y = -8.559972432755641
slit_tilt_z = -9.026848467167609
d_slit_col = 1594.2903042645098
coll_tilt_x = 0.12144227205072293
coll_tilt_y = -0.026497887923252084
ech_G = 31.614569470587917
ech_blaze = -74.9948881714518
ech_gamma = 1.1556415152499084
echelle_z = 0.05699848566014361
d_col_trf = -1588.0163576224074
trf_mirror_tilt_x = 0.0072772657080375685
trf_mirror_tilt_y = 0.1553861835176135
d_col_grm = 0.03566668886304157
grism_dec_x = 236.3831844234875
grism_dec_y = 0.00924942185774377
grm_tilt_x = -0.023508330695780483
grm_tilt_y = 2.325797785729171
grm_G = 222.7840700335275
grm_apex = 17.76652137075199
d_grm_cam  = 21.604701015113314
cam_dec_x = -0.2710244486042586
cam_dec_y = 0.29087347083212584
cam_tilt_x = 0.012439927964551985
cam_tilt_y = 0.008855178746216172
d_cam_ff  = -160.07724884414898
ccd_ff_dec_x = -0.02380019308593111
ccd_ff_dec_y = 0.04201510788400704
ccd_ff_tilt_x = 0.033504747405376595
ccd_ff_tilt_y = -0.5909824888844392
ccd_ff_tilt_z = 0.1719149035743458
d_ff_ccd  = -4.815994430281817
ccd_dec_x = 0.5532999291273348
ccd_dec_y = 5.10762715568133
ccd_defocus = 0.28577783534092915
ccd_tilt_x = 0.032548010083203995
ccd_tilt_y = -0.0021500386163856603
ccd_tilt_z = 4.690687878847512e-06
p = 0.0001