slit_dec_x_a = -0.181778666534
slit_dec_y_a = -0.18243150017
slit_dec_x_b = 0.14512077562974193
slit_dec_y_b = -0.05510809031835813
slit_defocus = -0.002204381612060027
slit_tilt_x = 1.1346706423635589
slit_tilt_y = -8.568373189149506
slit_tilt_z = -9.00360115348573
d_slit_col = 1594.3039956029097
coll_tilt_x = 0.0864659828148498
coll_tilt_y = -0.022066600057996478
ech_G = 31.610899668300046
ech_blaze = -74.99559075136091
ech_gamma = 1.1581496564137728
echelle_z = 0.05670909724194007
d_col_trf = -1588.0163753150666
trf_mirror_tilt_x = 0.12251827206210178
trf_mirror_tilt_y = 0.01869469966697661
d_col_grm = 0.014979374193104978
grism_dec_x = 236.39746555719006
grism_dec_y = -0.005071541764192569
grm_tilt_x = -0.024665472878952575
grm_tilt_y = 2.3273594966954443
grm_G = 222.7857918176665
grm_apex = 17.809093698755472
d_grm_cam  = 21.60483576072124
cam_dec_x = -0.2836235060121047
cam_dec_y = 0.2897492058209847
cam_tilt_x = 0.004318769337938157
cam_tilt_y = -0.02778898668776001
d_cam_ff  = -160.56951106329691
ccd_ff_dec_x = -0.022885271643021385
ccd_ff_dec_y = -0.0477687459115016
ccd_ff_tilt_x = 0.16505269538784723
ccd_ff_tilt_y = -0.5893607199324805
ccd_ff_tilt_z = 0.17191914562555383
d_ff_ccd  = -4.785387901154734
ccd_dec_x = 0.5518787733917608
ccd_dec_y = 5.106363244526047
ccd_defocus = 0.3158421593139412
ccd_tilt_x = 0.0213753783960021
ccd_tilt_y = -0.004232088252224402
ccd_tilt_z = 2.0087868130473613e-07
p = 7.344916666666668e-06