slit_dec_x_a = -0.17041532801746953
slit_dec_y_a = -0.1958510956850069
slit_dec_x_b = 0.175
slit_dec_y_b = -2.347370649958648e-96
slit_defocus = 0.0055160828136057586
slit_tilt_x = 1.1861272986853488
slit_tilt_y = -8.540104564561258
slit_tilt_z = -8.990845032955372
d_slit_col = 1594.2944432192028
coll_tilt_x = 0.08855023157277875
coll_tilt_y = -0.031821836803631494
ech_G = 31.610650523214456
ech_blaze = -74.97702615693436
ech_gamma = 1.1404112805887447
echelle_z = 0.07539784613318498
d_col_trf = -1588.0185779019898
trf_mirror_tilt_x = 0.13867216452570494
trf_mirror_tilt_y = 0.07753141669644771
d_col_grm = -0.009522144666471971
grism_dec_x = 236.43433266376977
grism_dec_y = 0.03424105751572509
grm_tilt_x = -0.015820479547625395
grm_tilt_y = 2.304350113425756
grm_G = 222.82519530823842
grm_apex = 17.815122332215665
d_grm_cam  = 21.608488156555214
cam_dec_x = -0.3021145412414571
cam_dec_y = 0.2503540415457225
cam_tilt_x = -0.0182444501718005
cam_tilt_y = -0.015016932655841163
d_cam_ff  = -160.4009798856769
ccd_ff_dec_x = -0.0035423847075095227
ccd_ff_dec_y = 0.00018523042439706373
ccd_ff_tilt_x = 0.1460205495654025
ccd_ff_tilt_y = -0.5720144090684912
ccd_ff_tilt_z = 0.1725513003604378
d_ff_ccd  = -4.811225662321302
ccd_dec_x = 0.6206644483248519
ccd_dec_y = 5.15527740145744
ccd_defocus = 0.3163257504023086
ccd_tilt_x = 0.007782334364259228
ccd_tilt_y = -0.013997383553042978
ccd_tilt_z = 3.267446999878228e-06
p = 7.344916666666668e-06