slit_dec_x_a = -0.1704010755187174
slit_dec_y_a = -0.1956586180351446
slit_dec_x_b = 0.175
slit_dec_y_b = -1.8866302345462373e-96
slit_defocus = 0.021425137988765677
slit_tilt_x = 1.1140378050560962
slit_tilt_y = -8.53846929220302
slit_tilt_z = -8.991601555950934
d_slit_col = 1594.3099842532451
coll_tilt_x = 0.11318880386431251
coll_tilt_y = -0.028900512476036953
ech_G = 31.61322727062014
ech_blaze = -74.97483199431643
ech_gamma = 1.1389741918808438
echelle_z = 0.07477471029868077
d_col_trf = -1588.0172353101127
trf_mirror_tilt_x = 0.026298106782038616
trf_mirror_tilt_y = 0.16229325535904698
d_col_grm = -0.0048230519169069706
grism_dec_x = 236.4233472568536
grism_dec_y = 0.03816861051443148
grm_tilt_x = -0.014050869738854475
grm_tilt_y = 2.305274658097002
grm_G = 222.82399993273452
grm_apex = 17.79103863607691
d_grm_cam  = 21.609819322667875
cam_dec_x = -0.30956416382044155
cam_dec_y = 0.24715299422980228
cam_tilt_x = -0.011035604323706986
cam_tilt_y = 0.003771644747551293
d_cam_ff  = -160.05768709208294
ccd_ff_dec_x = -0.002596698014363995
ccd_ff_dec_y = 0.05308002792645982
ccd_ff_tilt_x = 0.019491737572756976
ccd_ff_tilt_y = -0.5728038805698333
ccd_ff_tilt_z = 0.1800538989748704
d_ff_ccd  = -4.8389301975482155
ccd_dec_x = 0.6214026228195603
ccd_dec_y = 5.157152952976604
ccd_defocus = 0.2807282856490572
ccd_tilt_x = 0.005028865059160225
ccd_tilt_y = -0.01088767880030659
ccd_tilt_z = 5.043409984230093e-06
p = 0.0001