slit_dec_x_a = -0.181778666534
slit_dec_y_a = -0.18243150017
slit_dec_x_b = 0.14512077562974193
slit_dec_y_b = -0.05510809031835813
slit_defocus = -0.0021897862770398437
slit_tilt_x = 1.134708321802034
slit_tilt_y = -8.568303151192776
slit_tilt_z = -9.00360020732314
d_slit_col = 1594.3039301226352
coll_tilt_x = 0.08646832155606086
coll_tilt_y = -0.022046233899263527
ech_G = 31.610906538434804
ech_blaze = -74.99560584641029
ech_gamma = 1.1582205393304303
echelle_z = 0.0569618307698416
d_col_trf = -1588.0162313575238
trf_mirror_tilt_x = 0.12249606353359481
trf_mirror_tilt_y = 0.018695612464976672
d_col_grm = 0.014970123981820061
grism_dec_x = 236.39747736670992
grism_dec_y = -0.005066164360797881
grm_tilt_x = -0.02481423291196796
grm_tilt_y = 2.3274786714039366
grm_G = 222.7857131023677
grm_apex = 17.809160558044354
d_grm_cam  = 21.604530990178926
cam_dec_x = -0.28364618634899375
cam_dec_y = 0.28974757486311054
cam_tilt_x = 0.004332738637133487
cam_tilt_y = -0.027809626405665505
d_cam_ff  = -160.56956994260892
ccd_ff_dec_x = -0.022905865183663096
ccd_ff_dec_y = -0.04778269673953984
ccd_ff_tilt_x = 0.16503449352000718
ccd_ff_tilt_y = -0.5895902400505314
ccd_ff_tilt_z = 0.171682632783552
d_ff_ccd  = -4.785388723105439
ccd_dec_x = 0.5519406493257764
ccd_dec_y = 5.1065750820235465
ccd_defocus = 0.3158436026681485
ccd_tilt_x = 0.02142746161071624
ccd_tilt_y = -0.004219151049119944
ccd_tilt_z = 3.586459858777109e-07
p = 7.534909090909091e-06