slit_dec_x_a = -0.1704010755187174
slit_dec_y_a = -0.1956586180351446
slit_dec_x_b = 0.175
slit_dec_y_b = -1.809157794878469e-96
slit_defocus = 0.02145260483967689
slit_tilt_x = 1.1140767485700342
slit_tilt_y = -8.538462212580212
slit_tilt_z = -8.991727676369312
d_slit_col = 1594.309973572464
coll_tilt_x = 0.11318600429284512
coll_tilt_y = -0.028930405209627603
ech_G = 31.61323335474987
ech_blaze = -74.97483440968342
ech_gamma = 1.1389722083068439
echelle_z = 0.07477360800384293
d_col_trf = -1588.0172348005722
trf_mirror_tilt_x = 0.026337748688648473
trf_mirror_tilt_y = 0.16224614872697574
d_col_grm = -0.004839546591256915
grism_dec_x = 236.42332364371032
grism_dec_y = 0.03817234253537927
grm_tilt_x = -0.014052457927675078
grm_tilt_y = 2.3052832565636914
grm_G = 222.82400257396134
grm_apex = 17.791051685995395
d_grm_cam  = 21.6098159816557
cam_dec_x = -0.30960340280573895
cam_dec_y = 0.2472721234063353
cam_tilt_x = -0.011172054034323208
cam_tilt_y = 0.0037740108047311666
d_cam_ff  = -160.057269038845
ccd_ff_dec_x = -0.002605612289746375
ccd_ff_dec_y = 0.05303170625869944
ccd_ff_tilt_x = 0.019564399868013255
ccd_ff_tilt_y = -0.5727986848263779
ccd_ff_tilt_z = 0.18004962475070738
d_ff_ccd  = -4.839015433097415
ccd_dec_x = 0.621402769755646
ccd_dec_y = 5.157152253774539
ccd_defocus = 0.2807631373058749
ccd_tilt_x = 0.005014199575024752
ccd_tilt_y = -0.010900585943589235
ccd_tilt_z = 5.122293091243295e-06
p = 0.0001