slit_dec_x_a = -0.181778666534
slit_dec_y_a = -0.18243150017
slit_dec_x_b = 0.14512077562974193
slit_dec_y_b = -0.05510809031835813
slit_defocus = -0.013787661981363582
slit_tilt_x = 1.0540835255985834
slit_tilt_y = -8.559914884299829
slit_tilt_z = -9.026875640436181
d_slit_col = 1594.2902908541562
coll_tilt_x = 0.12144443558901574
coll_tilt_y = -0.026453423059359226
ech_G = 31.6145678234929
ech_blaze = -74.99488588667124
ech_gamma = 1.1556421729689743
echelle_z = 0.05699903122880113
d_col_trf = -1588.0163630519644
trf_mirror_tilt_x = 0.007304218791571563
trf_mirror_tilt_y = 0.15545110352619718
d_col_grm = 0.035681669076996894
grism_dec_x = 236.3831802735276
grism_dec_y = 0.009187305178380296
grm_tilt_x = -0.023510149760859026
grm_tilt_y = 2.3257825995015358
grm_G = 222.7840689524022
grm_apex = 17.76650946611423
d_grm_cam  = 21.604697478359036
cam_dec_x = -0.2711169068642247
cam_dec_y = 0.2909519565226003
cam_tilt_x = 0.012339974076658166
cam_tilt_y = 0.008844225520836774
d_cam_ff  = -160.07728214551312
ccd_ff_dec_x = -0.023811836201946265
ccd_ff_dec_y = 0.04194763233347309
ccd_ff_tilt_x = 0.03352836692933713
ccd_ff_tilt_y = -0.5909850650890033
ccd_ff_tilt_z = 0.17191812757829558
d_ff_ccd  = -4.81594630907873
ccd_dec_x = 0.553293654966238
ccd_dec_y = 5.107632307199804
ccd_defocus = 0.2857408900706105
ccd_tilt_x = 0.03255164421228807
ccd_tilt_y = -0.00214197509732054
ccd_tilt_z = 4.632872296544236e-06
p = 0.0001