slit_dec_x_a = -0.17038351956617898
slit_dec_y_a = -0.19590803225363398
slit_dec_x_b = 0.175
slit_dec_y_b = -1.5893530190774018e-96
slit_defocus = 0.0055961896071875655
slit_tilt_x = 1.1861340186001332
slit_tilt_y = -8.540040498105341
slit_tilt_z = -8.990838993544795
d_slit_col = 1594.2944753112672
coll_tilt_x = 0.08872978389878201
coll_tilt_y = -0.03181982410171628
ech_G = 31.610652498320913
ech_blaze = -74.97680497632955
ech_gamma = 1.1403069882773302
echelle_z = 0.07473339580337686
d_col_trf = -1588.0185483299392
trf_mirror_tilt_x = 0.13866075001236253
trf_mirror_tilt_y = 0.07751825040891923
d_col_grm = -0.009535813325080907
grism_dec_x = 236.4343219776556
grism_dec_y = 0.03417337439028183
grm_tilt_x = -0.015809987364709836
grm_tilt_y = 2.3043759091379807
grm_G = 222.82516222656616
grm_apex = 17.81512535575407
d_grm_cam  = 21.60847878867281
cam_dec_x = -0.3021280284649739
cam_dec_y = 0.2503244338217314
cam_tilt_x = -0.018448268196825737
cam_tilt_y = -0.01509172025853548
d_cam_ff  = -160.4009713253688
ccd_ff_dec_x = -0.0035265127977897174
ccd_ff_dec_y = 0.00024399846619938223
ccd_ff_tilt_x = 0.14604363278439217
ccd_ff_tilt_y = -0.5720707914243595
ccd_ff_tilt_z = 0.17257199663847267
d_ff_ccd  = -4.8112622462257715
ccd_dec_x = 0.6206662338739433
ccd_dec_y = 5.155302243600782
ccd_defocus = 0.31629823589620715
ccd_tilt_x = 0.0077195361118166895
ccd_tilt_y = -0.01410072738885692
ccd_tilt_z = 3.0930171706145983e-06
p = 1.2095454545454546e-05