slit_dec_x_a = -0.181778666534
slit_dec_y_a = -0.18243150017
slit_dec_x_b = 0.14512077562974193
slit_dec_y_b = -0.05510809031835813
slit_defocus = -0.0022019205100236522
slit_tilt_x = 1.1346729825034623
slit_tilt_y = -8.568235261333056
slit_tilt_z = -9.003640154226812
d_slit_col = 1594.3039808014396
coll_tilt_x = 0.08646131656831205
coll_tilt_y = -0.022004773996469655
ech_G = 31.610884678229326
ech_blaze = -74.99551734322068
ech_gamma = 1.158080624036084
echelle_z = 0.05756119711935668
d_col_trf = -1588.0162658423415
trf_mirror_tilt_x = 0.12253027718979662
trf_mirror_tilt_y = 0.018645418085614842
d_col_grm = 0.015087461748477785
grism_dec_x = 236.3974529692584
grism_dec_y = -0.00503177729337425
grm_tilt_x = -0.02477879877930903
grm_tilt_y = 2.3272930676657015
grm_G = 222.78570841633004
grm_apex = 17.809221605011984
d_grm_cam  = 21.60451993904483
cam_dec_x = -0.2835699499113531
cam_dec_y = 0.28973820577744996
cam_tilt_x = 0.004335639599560131
cam_tilt_y = -0.027829191539422458
d_cam_ff  = -160.56985518975196
ccd_ff_dec_x = -0.022776992722799923
ccd_ff_dec_y = -0.047794198568081696
ccd_ff_tilt_x = 0.16503389507038407
ccd_ff_tilt_y = -0.5896864318722421
ccd_ff_tilt_z = 0.17172434707813017
d_ff_ccd  = -4.785424665253602
ccd_dec_x = 0.5518310307901929
ccd_dec_y = 5.106127881794689
ccd_defocus = 0.3157302312818347
ccd_tilt_x = 0.021335405638490804
ccd_tilt_y = -0.00419874260350428
ccd_tilt_z = 3.672092976215398e-07
p = 1.2095454545454546e-05