slit_dec_x_a = -0.181778666534
slit_dec_y_a = -0.18243150017
slit_dec_x_b = 0.14512077562974193
slit_dec_y_b = -0.05510809031835813
slit_defocus = -0.013762334054914078
slit_tilt_x = 1.0541327767688093
slit_tilt_y = -8.559943568331894
slit_tilt_z = -9.026862730539905
d_slit_col = 1594.290316139475
coll_tilt_x = 0.12148126792958003
coll_tilt_y = -0.02644388705729312
ech_G = 31.614565033387898
ech_blaze = -74.9948860647388
ech_gamma = 1.1556373947729859
echelle_z = 0.05699869185046512
d_col_trf = -1588.0163610523284
trf_mirror_tilt_x = 0.007225891167190309
trf_mirror_tilt_y = 0.15548807779031046
d_col_grm = 0.03554070952373409
grism_dec_x = 236.38319413072813
grism_dec_y = 0.009235604311747695
grm_tilt_x = -0.023516721503458796
grm_tilt_y = 2.3257903633548715
grm_G = 222.78406946054739
grm_apex = 17.766519214468634
d_grm_cam  = 21.604703375828148
cam_dec_x = -0.27113511335290424
cam_dec_y = 0.29095026754296044
cam_tilt_x = 0.012380273383963422
cam_tilt_y = 0.008829902530985787
d_cam_ff  = -160.0770026167725
ccd_ff_dec_x = -0.02380121236095249
ccd_ff_dec_y = 0.04204754614346377
ccd_ff_tilt_x = 0.03349990353610831
ccd_ff_tilt_y = -0.5909839745831436
ccd_ff_tilt_z = 0.17191481774713624
d_ff_ccd  = -4.816030763606959
ccd_dec_x = 0.5532993637190216
ccd_dec_y = 5.107621007276231
ccd_defocus = 0.28577658390411614
ccd_tilt_x = 0.03260691684242179
ccd_tilt_y = -0.00218292476454082
ccd_tilt_z = 4.271086767365695e-06
p = 0.0001