slit_dec_x_a = -0.170391522593919
slit_dec_y_a = -0.1956974613776671
slit_dec_x_b = 0.175
slit_dec_y_b = -1.7020740349018874e-96
slit_defocus = 0.005560807961614072
slit_tilt_x = 1.1860886496235974
slit_tilt_y = -8.540009057687612
slit_tilt_z = -8.990846333296393
d_slit_col = 1594.2945124109758
coll_tilt_x = 0.08875516604777138
coll_tilt_y = -0.03197824944312455
ech_G = 31.610673169309294
ech_blaze = -74.97689365855055
ech_gamma = 1.1402264558579502
echelle_z = 0.07464075212364057
d_col_trf = -1588.0185202645375
trf_mirror_tilt_x = 0.13871765810422554
trf_mirror_tilt_y = 0.07750879015608156
d_col_grm = -0.009510420049419164
grism_dec_x = 236.43434602274246
grism_dec_y = 0.03416546518170527
grm_tilt_x = -0.01581482930943787
grm_tilt_y = 2.304374455297635
grm_G = 222.82516947979784
grm_apex = 17.815105489472245
d_grm_cam  = 21.60847939001427
cam_dec_x = -0.30210119733337276
cam_dec_y = 0.2503079888615561
cam_tilt_x = -0.01863681587472107
cam_tilt_y = -0.015107528200006127
d_cam_ff  = -160.4009425382544
ccd_ff_dec_x = -0.003490149516851492
ccd_ff_dec_y = 0.0002692077180583409
ccd_ff_tilt_x = 0.14604105191143124
ccd_ff_tilt_y = -0.5720948700251798
ccd_ff_tilt_z = 0.17258004240049662
d_ff_ccd  = -4.811317029650695
ccd_dec_x = 0.6206582274431476
ccd_dec_y = 5.155285302609846
ccd_defocus = 0.31626868591958757
ccd_tilt_x = 0.007758488750765397
ccd_tilt_y = -0.014109189797716113
ccd_tilt_z = 3.0781961938796366e-06
p = 1.8574545454545452e-06