slit_dec_x_a = -0.17038059089912078
slit_dec_y_a = -0.19579808395797796
slit_dec_x_b = 0.175
slit_dec_y_b = -1.1918277196362965e-96
slit_defocus = 0.005619298913615171
slit_tilt_x = 1.1861514313662649
slit_tilt_y = -8.539963087591303
slit_tilt_z = -8.990818230973652
d_slit_col = 1594.2944551156213
coll_tilt_x = 0.08959366777706249
coll_tilt_y = -0.032116727577790646
ech_G = 31.610758579240596
ech_blaze = -74.97636501923968
ech_gamma = 1.1400846944626415
echelle_z = 0.07226642878393723
d_col_trf = -1588.0184412268807
trf_mirror_tilt_x = 0.13868219683093808
trf_mirror_tilt_y = 0.07755896728318792
d_col_grm = -0.009573487819979987
grism_dec_x = 236.43424193020795
grism_dec_y = 0.03416276204649752
grm_tilt_x = -0.015942969010406562
grm_tilt_y = 2.304406396800847
grm_G = 222.82517013864828
grm_apex = 17.815014979086513
d_grm_cam  = 21.60841864447051
cam_dec_x = -0.30212065109478253
cam_dec_y = 0.2502912875703279
cam_tilt_x = -0.019024727944028888
cam_tilt_y = -0.015158482096954907
d_cam_ff  = -160.40088538858882
ccd_ff_dec_x = -0.0035047568386528177
ccd_ff_dec_y = 0.00021216530608372255
ccd_ff_tilt_x = 0.14610751959634796
ccd_ff_tilt_y = -0.5721345301997741
ccd_ff_tilt_z = 0.17278692139612742
d_ff_ccd  = -4.8112918209197275
ccd_dec_x = 0.6206935887639057
ccd_dec_y = 5.155304897270042
ccd_defocus = 0.31628407216395765
ccd_tilt_x = 0.007733294614340786
ccd_tilt_y = -0.01412450002731551
ccd_tilt_z = 0.006351657614530631
p = 1.8574545454545452e-06