slit_dec_x_a = -0.181778666534
slit_dec_y_a = -0.18243150017
slit_dec_x_b = 0.14512077562974193
slit_dec_y_b = -0.05510809031835813
slit_defocus = -0.002186949923705508
slit_tilt_x = 1.1346528705442718
slit_tilt_y = -8.568235589381738
slit_tilt_z = -9.003639273327867
d_slit_col = 1594.3039512607158
coll_tilt_x = 0.08645615015174458
coll_tilt_y = -0.021984550390495253
ech_G = 31.610938109938783
ech_blaze = -74.99570346779358
ech_gamma = 1.1579746036811462
echelle_z = 0.057603319828858995
d_col_trf = -1588.0161222303404
trf_mirror_tilt_x = 0.12250765605496747
trf_mirror_tilt_y = 0.0186434692323665
d_col_grm = 0.01511209871939709
grism_dec_x = 236.39742624839738
grism_dec_y = -0.00500780576864493
grm_tilt_x = -0.0251523113954169
grm_tilt_y = 2.326883144588804
grm_G = 222.78581525891138
grm_apex = 17.809190710785543
d_grm_cam  = 21.604622485372694
cam_dec_x = -0.28359979971463245
cam_dec_y = 0.28965208190933645
cam_tilt_x = 0.004255185952921081
cam_tilt_y = -0.027774957485983565
d_cam_ff  = -160.56960252413495
ccd_ff_dec_x = -0.022791781955069652
ccd_ff_dec_y = -0.04775784051973007
ccd_ff_tilt_x = 0.16504681847539276
ccd_ff_tilt_y = -0.5895435342792861
ccd_ff_tilt_z = 0.17170679068030112
d_ff_ccd  = -4.785455410657161
ccd_dec_x = 0.551997885787108
ccd_dec_y = 5.106128721913061
ccd_defocus = 0.31578645893232415
ccd_tilt_x = 0.02128665342045538
ccd_tilt_y = -0.004205360463416832
ccd_tilt_z = 3.3183235533241606e-07
p = 1.8574545454545452e-06