slit_dec_x_a = -0.17042078617706768
slit_dec_y_a = -0.1960067087152392
slit_dec_x_b = 0.175
slit_dec_y_b = -1.917903645117247e-96
slit_defocus = 0.005575127837981156
slit_tilt_x = 1.1861208042887517
slit_tilt_y = -8.540001916196372
slit_tilt_z = -8.990855921192695
d_slit_col = 1594.2944258470968
coll_tilt_x = 0.08868200020715569
coll_tilt_y = -0.03179142408434186
ech_G = 31.610686809634448
ech_blaze = -74.97711885387241
ech_gamma = 1.1404345999648098
echelle_z = 0.07491827303272283
d_col_trf = -1588.0185561404137
trf_mirror_tilt_x = 0.1386971209728793
trf_mirror_tilt_y = 0.07760030024277015
d_col_grm = -0.009527256597635992
grism_dec_x = 236.43428663562355
grism_dec_y = 0.03424543039930215
grm_tilt_x = -0.015720745643480947
grm_tilt_y = 2.304367481379961
grm_G = 222.82517020942961
grm_apex = 17.81510231808463
d_grm_cam  = 21.60848636579037
cam_dec_x = -0.30213998415666643
cam_dec_y = 0.25036033657217766
cam_tilt_x = -0.018429510791972453
cam_tilt_y = -0.015026500390673086
d_cam_ff  = -160.4009794088377
ccd_ff_dec_x = -0.0035354482665796772
ccd_ff_dec_y = 0.00014941849490275665
ccd_ff_tilt_x = 0.14601322449455068
ccd_ff_tilt_y = -0.5721146386092225
ccd_ff_tilt_z = 0.17257394609745377
d_ff_ccd  = -4.81124361292729
ccd_dec_x = 0.6206710251289369
ccd_dec_y = 5.155291853389023
ccd_defocus = 0.3162992578953327
ccd_tilt_x = 0.007770053697976514
ccd_tilt_y = -0.014026027218855729
ccd_tilt_z = 3.1347096912341935e-06
p = 1.2817499999999999e-05