slit_dec_x_a = -0.1704010755187174
slit_dec_y_a = -0.1956586180351446
slit_dec_x_b = 0.175
slit_dec_y_b = -1.8235905041911127e-96
slit_defocus = 0.021375376952035317
slit_tilt_x = 1.1139570380011847
slit_tilt_y = -8.538414164545406
slit_tilt_z = -8.991609533260828
d_slit_col = 1594.3099162417654
coll_tilt_x = 0.11324920050497908
coll_tilt_y = -0.028951179796765304
ech_G = 31.613231090530604
ech_blaze = -74.97483080420014
ech_gamma = 1.1389759227634144
echelle_z = 0.07477429733608554
d_col_trf = -1588.017228685608
trf_mirror_tilt_x = 0.026287536458765227
trf_mirror_tilt_y = 0.1621622787750861
d_col_grm = -0.004870956659039239
grism_dec_x = 236.42328871812265
grism_dec_y = 0.03813273420614639
grm_tilt_x = -0.014060828676675925
grm_tilt_y = 2.3052784876419437
grm_G = 222.82400741458108
grm_apex = 17.791077470192874
d_grm_cam  = 21.609821706686727
cam_dec_x = -0.3095428487629776
cam_dec_y = 0.24728647881138863
cam_tilt_x = -0.011100689587441738
cam_tilt_y = 0.0038282911515730086
d_cam_ff  = -160.05760003230387
ccd_ff_dec_x = -0.0026004218976037738
ccd_ff_dec_y = 0.05301292719307741
ccd_ff_tilt_x = 0.019561148360515288
ccd_ff_tilt_y = -0.5728008366383481
ccd_ff_tilt_z = 0.18005504553538523
d_ff_ccd  = -4.8389847542498865
ccd_dec_x = 0.6214093790144328
ccd_dec_y = 5.157148406456425
ccd_defocus = 0.28077779991023655
ccd_tilt_x = 0.005024547790072404
ccd_tilt_y = -0.010816979282824752
ccd_tilt_z = 5.002536348806134e-06
p = 0.0001