slit_dec_x_a = -0.17040610137257822
slit_dec_y_a = -0.19585113169957208
slit_dec_x_b = 0.175
slit_dec_y_b = -1.8023852136463264e-96
slit_defocus = 0.005601106988479996
slit_tilt_x = 1.1861176640514743
slit_tilt_y = -8.540007116225164
slit_tilt_z = -8.990847359427823
d_slit_col = 1594.294489154595
coll_tilt_x = 0.08868486660296869
coll_tilt_y = -0.03198411542168332
ech_G = 31.610642190280213
ech_blaze = -74.9768007284578
ech_gamma = 1.1402591653551177
echelle_z = 0.07483809202308668
d_col_trf = -1588.0185153837476
trf_mirror_tilt_x = 0.1386980904782152
trf_mirror_tilt_y = 0.07753025787530551
d_col_grm = -0.00951610262830035
grism_dec_x = 236.43435429206488
grism_dec_y = 0.034156080626313444
grm_tilt_x = -0.01583623686891687
grm_tilt_y = 2.304384922716007
grm_G = 222.82518667033256
grm_apex = 17.81509505981887
d_grm_cam  = 21.60850463964642
cam_dec_x = -0.30210354987765675
cam_dec_y = 0.2503293857418309
cam_tilt_x = -0.01851736264659898
cam_tilt_y = -0.01511353533690667
d_cam_ff  = -160.4009634214
ccd_ff_dec_x = -0.0035130577842295858
ccd_ff_dec_y = 0.00026217252283099136
ccd_ff_tilt_x = 0.1460340292867635
ccd_ff_tilt_y = -0.5720725370064511
ccd_ff_tilt_z = 0.17259469245367515
d_ff_ccd  = -4.811320750298149
ccd_dec_x = 0.6206899413039254
ccd_dec_y = 5.155282581074978
ccd_defocus = 0.3162811944237181
ccd_tilt_x = 0.007750422739607233
ccd_tilt_y = -0.014106819914331185
ccd_tilt_z = 3.1685652302086965e-06
p = 5.1997500000000005e-06