slit_dec_x_a = -0.181778666534
slit_dec_y_a = -0.18243150017
slit_dec_x_b = 0.14512077562974193
slit_dec_y_b = -0.05510809031835813
slit_defocus = -0.002191155876014991
slit_tilt_x = 1.1346751287031502
slit_tilt_y = -8.568226186948158
slit_tilt_z = -9.00362993107707
d_slit_col = 1594.303936286753
coll_tilt_x = 0.08646489503340284
coll_tilt_y = -0.021983702508777236
ech_G = 31.610904621849137
ech_blaze = -74.99562468639655
ech_gamma = 1.158065731392603
echelle_z = 0.05754623007521645
d_col_trf = -1588.0161026522103
trf_mirror_tilt_x = 0.12251171376771944
trf_mirror_tilt_y = 0.018634289814734882
d_col_grm = 0.015097549771016587
grism_dec_x = 236.3974257709473
grism_dec_y = -0.005017139029073361
grm_tilt_x = -0.024873591089300286
grm_tilt_y = 2.3270277357513907
grm_G = 222.78575612919994
grm_apex = 17.80919241345017
d_grm_cam  = 21.604654048199606
cam_dec_x = -0.28357915628255403
cam_dec_y = 0.2896925039078938
cam_tilt_x = 0.004288801562636799
cam_tilt_y = -0.027792026616959998
d_cam_ff  = -160.56964079785953
ccd_ff_dec_x = -0.02289059952833757
ccd_ff_dec_y = -0.04776727305238823
ccd_ff_tilt_x = 0.16504256467103293
ccd_ff_tilt_y = -0.5895807535821049
ccd_ff_tilt_z = 0.17174040803880256
d_ff_ccd  = -4.7854151598172585
ccd_dec_x = 0.5519708031065416
ccd_dec_y = 5.106110467743184
ccd_defocus = 0.3157666331543491
ccd_tilt_x = 0.021319392606316465
ccd_tilt_y = -0.004214248150315086
ccd_tilt_z = 3.8044977544728885e-07
p = 5.1997500000000005e-06