slit_dec_x_a = -0.181778666534
slit_dec_y_a = -0.18243150017
slit_dec_x_b = 0.14512077562974193
slit_dec_y_b = -0.05510809031835813
slit_defocus = -0.013817479737752198
slit_tilt_x = 1.0541278148857591
slit_tilt_y = -8.560018953282437
slit_tilt_z = -9.026823132994902
d_slit_col = 1594.2901886465297
coll_tilt_x = 0.12144003774930849
coll_tilt_y = -0.026451169966486675
ech_G = 31.614562992231896
ech_blaze = -74.99488398924034
ech_gamma = 1.1556391638193377
echelle_z = 0.05700359186140502
d_col_trf = -1588.016369509612
trf_mirror_tilt_x = 0.0073254721380557
trf_mirror_tilt_y = 0.15548777342041797
d_col_grm = 0.03560222723845535
grism_dec_x = 236.38323547988662
grism_dec_y = 0.00924075965461186
grm_tilt_x = -0.023500263671327848
grm_tilt_y = 2.3257875316782957
grm_G = 222.78406788923982
grm_apex = 17.766534705622647
d_grm_cam  = 21.604702394085436
cam_dec_x = -0.2711155049898593
cam_dec_y = 0.2908952869494221
cam_tilt_x = 0.01246369644548514
cam_tilt_y = 0.00879452841714893
d_cam_ff  = -160.07733460564958
ccd_ff_dec_x = -0.023814623334336812
ccd_ff_dec_y = 0.0420566621315786
ccd_ff_tilt_x = 0.03346343002629238
ccd_ff_tilt_y = -0.5909756546843209
ccd_ff_tilt_z = 0.17192339726243436
d_ff_ccd  = -4.816051449367534
ccd_dec_x = 0.5532958027448897
ccd_dec_y = 5.107632516191176
ccd_defocus = 0.2857877441243661
ccd_tilt_x = 0.032571221252730306
ccd_tilt_y = -0.0021065183520007327
ccd_tilt_z = 4.696894486382924e-06
p = 0.0001