slit_dec_x_a = -0.181778666534
slit_dec_y_a = -0.18243150017
slit_dec_x_b = 0.14512077562974193
slit_dec_y_b = -0.05510809031835813
slit_defocus = -0.0022067578993735172
slit_tilt_x = 1.1347085831901673
slit_tilt_y = -8.568264845352646
slit_tilt_z = -9.003653038393924
d_slit_col = 1594.3039251630441
coll_tilt_x = 0.08643184614436016
coll_tilt_y = -0.022053120857798172
ech_G = 31.610883572091197
ech_blaze = -74.99553137190422
ech_gamma = 1.1581366728149807
echelle_z = 0.057340176531194664
d_col_trf = -1588.0163573644274
trf_mirror_tilt_x = 0.12252549216830581
trf_mirror_tilt_y = 0.01869005652017534
d_col_grm = 0.01502524645980265
grism_dec_x = 236.39746147567695
grism_dec_y = -0.005024004439932752
grm_tilt_x = -0.02473523344129595
grm_tilt_y = 2.3273151929665445
grm_G = 222.78573114787932
grm_apex = 17.809160353336964
d_grm_cam  = 21.60429421632008
cam_dec_x = -0.2836104862681232
cam_dec_y = 0.28971785384515203
cam_tilt_x = 0.004333842007444389
cam_tilt_y = -0.02781007563985904
d_cam_ff  = -160.56958616836775
ccd_ff_dec_x = -0.02277673901806203
ccd_ff_dec_y = -0.047793527138446465
ccd_ff_tilt_x = 0.1650293111328802
ccd_ff_tilt_y = -0.5897311175473462
ccd_ff_tilt_z = 0.17179116255690627
d_ff_ccd  = -4.785385050095104
ccd_dec_x = 0.5519331836077973
ccd_dec_y = 5.106181466748291
ccd_defocus = 0.3157947360733698
ccd_tilt_x = 0.021370052012787733
ccd_tilt_y = -0.004203183350954744
ccd_tilt_z = 3.177479241299157e-07
p = 5.60925e-06