slit_dec_x_a = -0.17039848576919975
slit_dec_y_a = -0.19583927670554088
slit_dec_x_b = 0.175
slit_dec_y_b = -2.5015432239767838e-96
slit_defocus = 0.005516721768957468
slit_tilt_x = 1.1861277192445085
slit_tilt_y = -8.540094830240118
slit_tilt_z = -8.99083128468274
d_slit_col = 1594.2944314460972
coll_tilt_x = 0.08854354410325879
coll_tilt_y = -0.03172420144076848
ech_G = 31.610668810137234
ech_blaze = -74.97709821293488
ech_gamma = 1.140526608916639
echelle_z = 0.07545109661972248
d_col_trf = -1588.0185944797677
trf_mirror_tilt_x = 0.13864867449832471
trf_mirror_tilt_y = 0.07753609145321283
d_col_grm = -0.009530835636065018
grism_dec_x = 236.43431005419728
grism_dec_y = 0.03423467580603124
grm_tilt_x = -0.01595973319844692
grm_tilt_y = 2.3043716936644847
grm_G = 222.8251946751775
grm_apex = 17.815132198795922
d_grm_cam  = 21.608467209343566
cam_dec_x = -0.3021064112738039
cam_dec_y = 0.25033082665916634
cam_tilt_x = -0.0182996927513169
cam_tilt_y = -0.015019076038173646
d_cam_ff  = -160.4009779261331
ccd_ff_dec_x = -0.00353959063914594
ccd_ff_dec_y = 0.00016937053764128814
ccd_ff_tilt_x = 0.1460127372031742
ccd_ff_tilt_y = -0.5720245128738016
ccd_ff_tilt_z = 0.17254552605984066
d_ff_ccd  = -4.81119736441769
ccd_dec_x = 0.6206411092565579
ccd_dec_y = 5.155293497089329
ccd_defocus = 0.3163331562960016
ccd_tilt_x = 0.0078045298669650875
ccd_tilt_y = -0.014015508993980312
ccd_tilt_z = 3.3393033197683718e-06
p = 1.8021818181818184e-06