slit_dec_x_a = -0.181778666534
slit_dec_y_a = -0.18243150017
slit_dec_x_b = 0.14512077562974193
slit_dec_y_b = -0.05510809031835813
slit_defocus = -0.0022089411926815923
slit_tilt_x = 1.1346829724998542
slit_tilt_y = -8.568379277380332
slit_tilt_z = -9.003574973804689
d_slit_col = 1594.3039897121246
coll_tilt_x = 0.086482905943209
coll_tilt_y = -0.022064760757928504
ech_G = 31.610917941129674
ech_blaze = -74.9957472614363
ech_gamma = 1.1581612231409224
echelle_z = 0.05672317775351746
d_col_trf = -1588.016314917584
trf_mirror_tilt_x = 0.12248969844866348
trf_mirror_tilt_y = 0.018722160077782605
d_col_grm = 0.014947672781371595
grism_dec_x = 236.39747956544218
grism_dec_y = -0.005055982920423171
grm_tilt_x = -0.024676756964673717
grm_tilt_y = 2.327345386158055
grm_G = 222.78588671419462
grm_apex = 17.8090764564646
d_grm_cam  = 21.604902613451124
cam_dec_x = -0.28363588194702405
cam_dec_y = 0.28976037326290854
cam_tilt_x = 0.004330396470300285
cam_tilt_y = -0.02777193134968516
d_cam_ff  = -160.56956604079056
ccd_ff_dec_x = -0.022855367402802574
ccd_ff_dec_y = -0.04778239310658169
ccd_ff_tilt_x = 0.16503958031944535
ccd_ff_tilt_y = -0.5893733966029162
ccd_ff_tilt_z = 0.1717373253901461
d_ff_ccd  = -4.785402203466637
ccd_dec_x = 0.5518850289844521
ccd_dec_y = 5.106354136733989
ccd_defocus = 0.3158568903187956
ccd_tilt_x = 0.021367748914436775
ccd_tilt_y = -0.004198580855508139
ccd_tilt_z = 3.006631968611669e-07
p = 1.8021818181818184e-06