slit_dec_x_a = -0.1704010755187174
slit_dec_y_a = -0.1956586180351446
slit_dec_x_b = 0.175
slit_dec_y_b = -1.8796618190275227e-96
slit_defocus = 0.02144323266134298
slit_tilt_x = 1.1140262152201175
slit_tilt_y = -8.538420493754485
slit_tilt_z = -8.991612831048185
d_slit_col = 1594.3099297652934
coll_tilt_x = 0.1132191289759619
coll_tilt_y = -0.028836081298274027
ech_G = 31.613228523463707
ech_blaze = -74.97482630158176
ech_gamma = 1.138966801883199
echelle_z = 0.07477326324381113
d_col_trf = -1588.017234637289
trf_mirror_tilt_x = 0.026262251196909985
trf_mirror_tilt_y = 0.1622494255578507
d_col_grm = -0.004815004553874104
grism_dec_x = 236.42334587927024
grism_dec_y = 0.038189822149663835
grm_tilt_x = -0.014049043515127611
grm_tilt_y = 2.305277650476115
grm_G = 222.82400038145212
grm_apex = 17.79107054264235
d_grm_cam  = 21.609823675611032
cam_dec_x = -0.30954493745343037
cam_dec_y = 0.24725171712272798
cam_tilt_x = -0.011090475387785419
cam_tilt_y = 0.0038056494929010584
d_cam_ff  = -160.05758945527984
ccd_ff_dec_x = -0.00259952311778163
ccd_ff_dec_y = 0.05302949846653932
ccd_ff_tilt_x = 0.01944294639393968
ccd_ff_tilt_y = -0.5728051085363679
ccd_ff_tilt_z = 0.18004940415497678
d_ff_ccd  = -4.83902562044457
ccd_dec_x = 0.6214023384979478
ccd_dec_y = 5.157148246200452
ccd_defocus = 0.28076073739382684
ccd_tilt_x = 0.00499758451373355
ccd_tilt_y = -0.010910941126781242
ccd_tilt_z = 5.049448043756667e-06
p = 0.0001