slit_dec_x_a = -0.17040483881055313
slit_dec_y_a = -0.19581150136568273
slit_dec_x_b = 0.175
slit_dec_y_b = -1.7504280205362151e-96
slit_defocus = 0.005589617494820064
slit_tilt_x = 1.1861179656813607
slit_tilt_y = -8.540010432101996
slit_tilt_z = -8.990847866787636
d_slit_col = 1594.2944841269561
coll_tilt_x = 0.08871588603133433
coll_tilt_y = -0.03199545099793264
ech_G = 31.610653310409436
ech_blaze = -74.97684216575497
ech_gamma = 1.1402408433583546
echelle_z = 0.07480921404739779
d_col_trf = -1588.0185173369448
trf_mirror_tilt_x = 0.138704200704116
trf_mirror_tilt_y = 0.07752797594595677
d_col_grm = -0.00951039998760689
grism_dec_x = 236.43435668899752
grism_dec_y = 0.03415313985782885
grm_tilt_x = -0.015814848887103782
grm_tilt_y = 2.3043804254870244
grm_G = 222.82518457974757
grm_apex = 17.81509349196726
d_grm_cam  = 21.60849966288952
cam_dec_x = -0.30210322023108377
cam_dec_y = 0.2503381980140324
cam_tilt_x = -0.01855103597652105
cam_tilt_y = -0.015104298979561037
d_cam_ff  = -160.4009568491474
ccd_ff_dec_x = -0.0035111693358887987
ccd_ff_dec_y = 0.0002644434055211226
ccd_ff_tilt_x = 0.14603334555136005
ccd_ff_tilt_y = -0.5720785464254409
ccd_ff_tilt_z = 0.1725902046933354
d_ff_ccd  = -4.811319580775353
ccd_dec_x = 0.6206906041363635
ccd_dec_y = 5.155283361268498
ccd_defocus = 0.3162823586744553
ccd_tilt_x = 0.007746380315563494
ccd_tilt_y = -0.014103080759397563
ccd_tilt_z = 3.095674701606466e-06
p = 5.327666666666667e-06