slit_dec_x_a = -0.181778666534
slit_dec_y_a = -0.18243150017
slit_dec_x_b = 0.14512077562974193
slit_dec_y_b = -0.05510809031835813
slit_defocus = -0.0021820923038128916
slit_tilt_x = 1.1346697695237349
slit_tilt_y = -8.568218263367076
slit_tilt_z = -9.003629796145244
d_slit_col = 1594.3039386467385
coll_tilt_x = 0.08646947749759124
coll_tilt_y = -0.021986941701668795
ech_G = 31.610907335556842
ech_blaze = -74.99560859159234
ech_gamma = 1.1580584899233783
echelle_z = 0.057552613586984776
d_col_trf = -1588.016111107528
trf_mirror_tilt_x = 0.12251518756837494
trf_mirror_tilt_y = 0.018640809757737225
d_col_grm = 0.015098612995873567
grism_dec_x = 236.39742851848726
grism_dec_y = -0.005014059217050172
grm_tilt_x = -0.024939015612219777
grm_tilt_y = 2.3270099768187094
grm_G = 222.78576977537446
grm_apex = 17.8091835233172
d_grm_cam  = 21.604688180504063
cam_dec_x = -0.2835736576428945
cam_dec_y = 0.28969259144662424
cam_tilt_x = 0.00429135842058269
cam_tilt_y = -0.027791510749609664
d_cam_ff  = -160.56962606672
ccd_ff_dec_x = -0.022919045403651212
ccd_ff_dec_y = -0.04776171670950321
ccd_ff_tilt_x = 0.16504594343833298
ccd_ff_tilt_y = -0.5895671947024554
ccd_ff_tilt_z = 0.17178348907843227
d_ff_ccd  = -4.785424534044795
ccd_dec_x = 0.5519559510126625
ccd_dec_y = 5.1060536707351645
ccd_defocus = 0.3157610701957507
ccd_tilt_x = 0.021325199565850706
ccd_tilt_y = -0.004219338357075668
ccd_tilt_z = 3.533606998362445e-07
p = 5.327666666666667e-06