slit_dec_x_a = -0.181778666534
slit_dec_y_a = -0.18243150017
slit_dec_x_b = 0.14512077562974193
slit_dec_y_b = -0.05510809031835813
slit_defocus = -0.013724335854324171
slit_tilt_x = 1.0541442121354534
slit_tilt_y = -8.559955944674787
slit_tilt_z = -9.02683401829456
d_slit_col = 1594.2903384823494
coll_tilt_x = 0.12145717134539231
coll_tilt_y = -0.02657766141041569
ech_G = 31.61455621708957
ech_blaze = -74.99488732233979
ech_gamma = 1.155636532568149
echelle_z = 0.05699701564790994
d_col_trf = -1588.0163669331562
trf_mirror_tilt_x = 0.00729719270792101
trf_mirror_tilt_y = 0.15542559631334898
d_col_grm = 0.03564765590066047
grism_dec_x = 236.38317636264748
grism_dec_y = 0.009211804536600393
grm_tilt_x = -0.02350115042105536
grm_tilt_y = 2.3257871370257948
grm_G = 222.7840711070102
grm_apex = 17.7665107604523
d_grm_cam  = 21.604701977690446
cam_dec_x = -0.2711392872787034
cam_dec_y = 0.2908820519750207
cam_tilt_x = 0.012456663112009377
cam_tilt_y = 0.00884241893810646
d_cam_ff  = -160.07729106739015
ccd_ff_dec_x = -0.023797020655190782
ccd_ff_dec_y = 0.042056713525763234
ccd_ff_tilt_x = 0.03351552409233874
ccd_ff_tilt_y = -0.5909839782456751
ccd_ff_tilt_z = 0.17191959690170053
d_ff_ccd  = -4.81598434495249
ccd_dec_x = 0.5532992806871573
ccd_dec_y = 5.1076309841550565
ccd_defocus = 0.2857296371454152
ccd_tilt_x = 0.032604793890119825
ccd_tilt_y = -0.002151029468583391
ccd_tilt_z = 4.6921115854379155e-06
p = 0.0001