slit_dec_x_a = -0.181778666534
slit_dec_y_a = -0.18243150017
slit_dec_x_b = 0.14512077562974193
slit_dec_y_b = -0.05510809031835813
slit_defocus = -0.002202344336163217
slit_tilt_x = 1.1346629044865628
slit_tilt_y = -8.56822607073215
slit_tilt_z = -9.003638821532682
d_slit_col = 1594.303938782129
coll_tilt_x = 0.08647760867293619
coll_tilt_y = -0.02199797145414231
ech_G = 31.6109062111309
ech_blaze = -74.99559872255209
ech_gamma = 1.1581173490138374
echelle_z = 0.05753145575683422
d_col_trf = -1588.0161111677025
trf_mirror_tilt_x = 0.12254165586877903
trf_mirror_tilt_y = 0.018628642344897875
d_col_grm = 0.015087749199947867
grism_dec_x = 236.39742926759055
grism_dec_y = -0.005027125373242877
grm_tilt_x = -0.024897673384249815
grm_tilt_y = 2.327168893760905
grm_G = 222.78572424503514
grm_apex = 17.80922499685598
d_grm_cam  = 21.604597316676173
cam_dec_x = -0.28355481841671343
cam_dec_y = 0.2897098544693905
cam_tilt_x = 0.004309179352815231
cam_tilt_y = -0.027792653957488585
d_cam_ff  = -160.5698364496738
ccd_ff_dec_x = -0.022728552587517385
ccd_ff_dec_y = -0.04779507740102623
ccd_ff_tilt_x = 0.16504482114232366
ccd_ff_tilt_y = -0.5896285322043758
ccd_ff_tilt_z = 0.17173556613269172
d_ff_ccd  = -4.785408863045307
ccd_dec_x = 0.5518029515396627
ccd_dec_y = 5.106161881570703
ccd_defocus = 0.31573848031685814
ccd_tilt_x = 0.02132983142429735
ccd_tilt_y = -0.0042125942094057185
ccd_tilt_z = 3.54773796385856e-07
p = 8.257090909090908e-06