slit_dec_x_a = -0.17041649285166804
slit_dec_y_a = -0.19595384670984906
slit_dec_x_b = 0.175
slit_dec_y_b = -1.60001053579801e-96
slit_defocus = 0.005581513681983163
slit_tilt_x = 1.1861271133544662
slit_tilt_y = -8.54003308517058
slit_tilt_z = -8.99086315300783
d_slit_col = 1594.2944856443905
coll_tilt_x = 0.08870545706326899
coll_tilt_y = -0.03191417059949548
ech_G = 31.61064574403942
ech_blaze = -74.97676797256065
ech_gamma = 1.1403256608473447
echelle_z = 0.07480468703848366
d_col_trf = -1588.0185470053475
trf_mirror_tilt_x = 0.13868504466903717
trf_mirror_tilt_y = 0.07752940001646853
d_col_grm = -0.009546315341884364
grism_dec_x = 236.43433370844232
grism_dec_y = 0.034162146937679556
grm_tilt_x = -0.015916084178584908
grm_tilt_y = 2.304392142672474
grm_G = 222.82517696704346
grm_apex = 17.81511427811977
d_grm_cam  = 21.6084921918155
cam_dec_x = -0.30211433382366254
cam_dec_y = 0.25033890827654853
cam_tilt_x = -0.018441969929928772
cam_tilt_y = -0.015100717013272884
d_cam_ff  = -160.40094483205442
ccd_ff_dec_x = -0.0035175019665277247
ccd_ff_dec_y = 0.00025579906158028386
ccd_ff_tilt_x = 0.14604126574014867
ccd_ff_tilt_y = -0.5720592560462467
ccd_ff_tilt_z = 0.17257700466518516
d_ff_ccd  = -4.811302860817676
ccd_dec_x = 0.6206947709399618
ccd_dec_y = 5.155295564305872
ccd_defocus = 0.31627178039465165
ccd_tilt_x = 0.007739138831926967
ccd_tilt_y = -0.014140393773813952
ccd_tilt_z = 3.0539028774782893e-06
p = 8.257090909090908e-06