slit_dec_x_a = -0.181778666534
slit_dec_y_a = -0.18243150017
slit_dec_x_b = 0.14512077562974193
slit_dec_y_b = -0.05510809031835813
slit_defocus = -0.013801848344230308
slit_tilt_x = 1.0540680723259426
slit_tilt_y = -8.559988207693197
slit_tilt_z = -9.026831256361207
d_slit_col = 1594.2902737662214
coll_tilt_x = 0.12139013408562975
coll_tilt_y = -0.026515724517297574
ech_G = 31.6145604332528
ech_blaze = -74.99488319470433
ech_gamma = 1.155639544899565
echelle_z = 0.057001573032236234
d_col_trf = -1588.0163636797386
trf_mirror_tilt_x = 0.007262207854797184
trf_mirror_tilt_y = 0.15549434412982222
d_col_grm = 0.03565961120032766
grism_dec_x = 236.38319578604256
grism_dec_y = 0.009177425449613103
grm_tilt_x = -0.02350589373894608
grm_tilt_y = 2.325788711113653
grm_G = 222.78407136816077
grm_apex = 17.766533824152823
d_grm_cam  = 21.60470149492431
cam_dec_x = -0.27106366718832364
cam_dec_y = 0.2908638195726404
cam_tilt_x = 0.01242389850533168
cam_tilt_y = 0.008906512943828344
d_cam_ff  = -160.07726369685383
ccd_ff_dec_x = -0.02380718006693634
ccd_ff_dec_y = 0.042027872536273575
ccd_ff_tilt_x = 0.033461286475385446
ccd_ff_tilt_y = -0.5909769450120878
ccd_ff_tilt_z = 0.17191753230560303
d_ff_ccd  = -4.815993265116911
ccd_dec_x = 0.553306951354349
ccd_dec_y = 5.10763258599349
ccd_defocus = 0.2857641072860721
ccd_tilt_x = 0.032603791452337556
ccd_tilt_y = -0.0020918366288356117
ccd_tilt_z = 4.646971330117939e-06
p = 0.0001