slit_dec_x_a = -0.181778666534
slit_dec_y_a = -0.18243150017
slit_dec_x_b = 0.14512077562974193
slit_dec_y_b = -0.05510809031835813
slit_defocus = -0.0022432267293125215
slit_tilt_x = 1.1347094900577865
slit_tilt_y = -8.568377251989117
slit_tilt_z = -9.003578228181773
d_slit_col = 1594.303954620164
coll_tilt_x = 0.0864885482969005
coll_tilt_y = -0.022055475898827934
ech_G = 31.610933017653544
ech_blaze = -74.99580656273318
ech_gamma = 1.1582346136288997
echelle_z = 0.0564549680938939
d_col_trf = -1588.016436093352
trf_mirror_tilt_x = 0.12245204894653437
trf_mirror_tilt_y = 0.018671031973180752
d_col_grm = 0.014936460184892334
grism_dec_x = 236.39750905933488
grism_dec_y = -0.005071858247431475
grm_tilt_x = -0.024676167106576493
grm_tilt_y = 2.327380066877775
grm_G = 222.7858110838774
grm_apex = 17.809055463910617
d_grm_cam  = 21.604747795453253
cam_dec_x = -0.2836325139209009
cam_dec_y = 0.289766566673808
cam_tilt_x = 0.004326632152051965
cam_tilt_y = -0.027775321021573977
d_cam_ff  = -160.56955170089563
ccd_ff_dec_x = -0.02262878481469736
ccd_ff_dec_y = -0.04779195945792469
ccd_ff_tilt_x = 0.16502515431473908
ccd_ff_tilt_y = -0.589461059955743
ccd_ff_tilt_z = 0.17182988362600207
d_ff_ccd  = -4.785428167972454
ccd_dec_x = 0.5519874003345544
ccd_dec_y = 5.106325061968654
ccd_defocus = 0.31588631269006917
ccd_tilt_x = 0.021399503559256763
ccd_tilt_y = -0.00419192411758748
ccd_tilt_z = 2.0207170611749925e-07
p = 5.28690909090909e-06