slit_dec_x_a = -0.1703905939464412
slit_dec_y_a = -0.19582574271558822
slit_dec_x_b = 0.175
slit_dec_y_b = -2.611489018323124e-96
slit_defocus = 0.00552570816419994
slit_tilt_x = 1.1861012796084145
slit_tilt_y = -8.540133940131414
slit_tilt_z = -8.990805980678598
d_slit_col = 1594.2944895814587
coll_tilt_x = 0.08842339215353595
coll_tilt_y = -0.03171404421690168
ech_G = 31.610655062702723
ech_blaze = -74.97714630741432
ech_gamma = 1.1405645947690832
echelle_z = 0.07547483685184753
d_col_trf = -1588.0186127351485
trf_mirror_tilt_x = 0.13864660221721656
trf_mirror_tilt_y = 0.07754180860571838
d_col_grm = -0.009543426225144829
grism_dec_x = 236.43439808834407
grism_dec_y = 0.034223854165461295
grm_tilt_x = -0.015823661831766173
grm_tilt_y = 2.304360876553604
grm_G = 222.82518906638458
grm_apex = 17.815109610402075
d_grm_cam  = 21.60850581369181
cam_dec_x = -0.30213362302588337
cam_dec_y = 0.25033822148699136
cam_tilt_x = -0.0183298433598938
cam_tilt_y = -0.01503484418711372
d_cam_ff  = -160.401011851931
ccd_ff_dec_x = -0.0035129850207582716
ccd_ff_dec_y = 0.00016043064716149706
ccd_ff_tilt_x = 0.14601542983259688
ccd_ff_tilt_y = -0.5720626506081706
ccd_ff_tilt_z = 0.17253723366517115
d_ff_ccd  = -4.81120762094079
ccd_dec_x = 0.6206396763055712
ccd_dec_y = 5.1552607919744675
ccd_defocus = 0.31634452422969517
ccd_tilt_x = 0.007807610751741458
ccd_tilt_y = -0.014014431056816778
ccd_tilt_z = 3.3860085765414633e-06
p = 5.28690909090909e-06