slit_dec_x_a = -0.1704010755187174
slit_dec_y_a = -0.1956586180351446
slit_dec_x_b = 0.175
slit_dec_y_b = -1.8391934407417817e-96
slit_defocus = 0.021398646637942203
slit_tilt_x = 1.1139846224357908
slit_tilt_y = -8.538479101032864
slit_tilt_z = -8.991619098271514
d_slit_col = 1594.3099372949282
coll_tilt_x = 0.11316238948179669
coll_tilt_y = -0.02882599823260667
ech_G = 31.613228510209115
ech_blaze = -74.97483243883126
ech_gamma = 1.1389745084237914
echelle_z = 0.07477230747872177
d_col_trf = -1588.0172334666297
trf_mirror_tilt_x = 0.026282722465985713
trf_mirror_tilt_y = 0.16216118510549057
d_col_grm = -0.004805455190474763
grism_dec_x = 236.42336156360722
grism_dec_y = 0.038171180006756726
grm_tilt_x = -0.014057480086977022
grm_tilt_y = 2.30527717495761
grm_G = 222.82400273930267
grm_apex = 17.791093574080517
d_grm_cam  = 21.60981140995481
cam_dec_x = -0.30951355852075685
cam_dec_y = 0.2472307749907528
cam_tilt_x = -0.011111551612340736
cam_tilt_y = 0.0038212603707491006
d_cam_ff  = -160.0575388148691
ccd_ff_dec_x = -0.0025983512949475968
ccd_ff_dec_y = 0.05309622861384406
ccd_ff_tilt_x = 0.01955101369656656
ccd_ff_tilt_y = -0.5728075486537832
ccd_ff_tilt_z = 0.18004884846670444
d_ff_ccd  = -4.838918840479602
ccd_dec_x = 0.6213984711470651
ccd_dec_y = 5.157149275101147
ccd_defocus = 0.2807712469348418
ccd_tilt_x = 0.005058394983370605
ccd_tilt_y = -0.010865987113149962
ccd_tilt_z = 5.0860765554317616e-06
p = 0.0001