slit_dec_x_a = -0.181778666534
slit_dec_y_a = -0.18243150017
slit_dec_x_b = 0.14512077562974193
slit_dec_y_b = -0.05510809031835813
slit_defocus = -0.0021993638682078144
slit_tilt_x = 1.134668458282188
slit_tilt_y = -8.568233284044053
slit_tilt_z = -9.003639064413894
d_slit_col = 1594.3039439088989
coll_tilt_x = 0.08647870757489728
coll_tilt_y = -0.02198483075667645
ech_G = 31.610907983854574
ech_blaze = -74.9955719673246
ech_gamma = 1.158143545210112
echelle_z = 0.05759914642128873
d_col_trf = -1588.016165492015
trf_mirror_tilt_x = 0.12254597924256327
trf_mirror_tilt_y = 0.018633666196458645
d_col_grm = 0.01509542033035201
grism_dec_x = 236.3974293342548
grism_dec_y = -0.00503605318394109
grm_tilt_x = -0.024921685594655893
grm_tilt_y = 2.3272157943923175
grm_G = 222.7857035639118
grm_apex = 17.80922149284232
d_grm_cam  = 21.60457102564703
cam_dec_x = -0.28355687122917805
cam_dec_y = 0.289716119158628
cam_tilt_x = 0.0042998434384172775
cam_tilt_y = -0.027802563420042316
d_cam_ff  = -160.56987047057885
ccd_ff_dec_x = -0.022750784003948688
ccd_ff_dec_y = -0.047802669313879595
ccd_ff_tilt_x = 0.16504009227632782
ccd_ff_tilt_y = -0.5896609639601653
ccd_ff_tilt_z = 0.17178668967456803
d_ff_ccd  = -4.785415504217246
ccd_dec_x = 0.5517785927430057
ccd_dec_y = 5.106186472475912
ccd_defocus = 0.3157374153880945
ccd_tilt_x = 0.02133388567325442
ccd_tilt_y = -0.004207193102142556
ccd_tilt_z = 3.4374677272488967e-07
p = 8.913583333333332e-06