slit_dec_x_a = -0.1704010755187174
slit_dec_y_a = -0.1956586180351446
slit_dec_x_b = 0.175
slit_dec_y_b = -1.9117817010614913e-96
slit_defocus = 0.02139089255253521
slit_tilt_x = 1.1140482171301158
slit_tilt_y = -8.538478091908948
slit_tilt_z = -8.991689596622471
d_slit_col = 1594.3099763138052
coll_tilt_x = 0.11317191754350106
coll_tilt_y = -0.02887719740932146
ech_G = 31.613226465836163
ech_blaze = -74.97482732978452
ech_gamma = 1.138968983929808
echelle_z = 0.07477229721507239
d_col_trf = -1588.0172349720515
trf_mirror_tilt_x = 0.0262550265668157
trf_mirror_tilt_y = 0.16225808548937307
d_col_grm = -0.004788442068496975
grism_dec_x = 236.42331456068277
grism_dec_y = 0.03815805046420317
grm_tilt_x = -0.01405343157471782
grm_tilt_y = 2.3052814596969373
grm_G = 222.82400662398345
grm_apex = 17.79107355165069
d_grm_cam  = 21.60981749169528
cam_dec_x = -0.30951775047494434
cam_dec_y = 0.2472655250693996
cam_tilt_x = -0.011137620521091724
cam_tilt_y = 0.0037500270844606203
d_cam_ff  = -160.05766174907595
ccd_ff_dec_x = -0.0025994380396991376
ccd_ff_dec_y = 0.05302021795517377
ccd_ff_tilt_x = 0.01955444662953813
ccd_ff_tilt_y = -0.5728057919401154
ccd_ff_tilt_z = 0.18005430397923897
d_ff_ccd  = -4.838989467013717
ccd_dec_x = 0.6214031667326034
ccd_dec_y = 5.1571510104328935
ccd_defocus = 0.28082391093503445
ccd_tilt_x = 0.005057445497995768
ccd_tilt_y = -0.0109755332019979
ccd_tilt_z = 5.089745894839492e-06
p = 0.0001