slit_dec_x_a = -0.181778666534
slit_dec_y_a = -0.18243150017
slit_dec_x_b = 0.14512077562974193
slit_dec_y_b = -0.05510809031835813
slit_defocus = -0.013755996199841513
slit_tilt_x = 1.054137249642932
slit_tilt_y = -8.559889582951955
slit_tilt_z = -9.026771334032007
d_slit_col = 1594.2903075690126
coll_tilt_x = 0.12145757587271963
coll_tilt_y = -0.02646512519391536
ech_G = 31.61456090299165
ech_blaze = -74.9948874169296
ech_gamma = 1.1556393613355995
echelle_z = 0.05700685458547348
d_col_trf = -1588.016371211715
trf_mirror_tilt_x = 0.007290092201876361
trf_mirror_tilt_y = 0.1554603513335521
d_col_grm = 0.03562853132161202
grism_dec_x = 236.3832436849704
grism_dec_y = 0.009201285004174468
grm_tilt_x = -0.023506910778770075
grm_tilt_y = 2.3257921578232934
grm_G = 222.7840725891282
grm_apex = 17.766559149190265
d_grm_cam  = 21.60469881727824
cam_dec_x = -0.2711736436065418
cam_dec_y = 0.2908701962058946
cam_tilt_x = 0.012413308572008714
cam_tilt_y = 0.008837151570316169
d_cam_ff  = -160.07758763711016
ccd_ff_dec_x = -0.023803432390954234
ccd_ff_dec_y = 0.04206847743563282
ccd_ff_tilt_x = 0.033484287624657494
ccd_ff_tilt_y = -0.5909831350200185
ccd_ff_tilt_z = 0.17191660615353185
d_ff_ccd  = -4.8159967402841595
ccd_dec_x = 0.5532956273417706
ccd_dec_y = 5.107631648934599
ccd_defocus = 0.2856887191543754
ccd_tilt_x = 0.03255832159918638
ccd_tilt_y = -0.0021762973051194954
ccd_tilt_z = 4.655886935164112e-06
p = 0.0001