slit_dec_x_a = -0.17038782137364575
slit_dec_y_a = -0.1956884337148098
slit_dec_x_b = 0.175
slit_dec_y_b = -1.6457441861976343e-96
slit_defocus = 0.0055681737502756515
slit_tilt_x = 1.1861075516016868
slit_tilt_y = -8.539992969138021
slit_tilt_z = -8.990843277198294
d_slit_col = 1594.29450692319
coll_tilt_x = 0.08878256116597842
coll_tilt_y = -0.03194460116386054
ech_G = 31.610681360471503
ech_blaze = -74.97690234574033
ech_gamma = 1.1402702217948861
echelle_z = 0.07470770330281003
d_col_trf = -1588.0185247006743
trf_mirror_tilt_x = 0.13871473027240802
trf_mirror_tilt_y = 0.07750522413818099
d_col_grm = -0.0095068628346403
grism_dec_x = 236.43434588787676
grism_dec_y = 0.03416617633386887
grm_tilt_x = -0.015760220491260152
grm_tilt_y = 2.304373353127853
grm_G = 222.82517570138322
grm_apex = 17.815112345168934
d_grm_cam  = 21.60848374906664
cam_dec_x = -0.3021073150219092
cam_dec_y = 0.25032054593861675
cam_tilt_x = -0.018723201277310055
cam_tilt_y = -0.015110464697645716
d_cam_ff  = -160.40095648903338
ccd_ff_dec_x = -0.0035049219927536755
ccd_ff_dec_y = 0.0002629657083433082
ccd_ff_tilt_x = 0.14604606629342118
ccd_ff_tilt_y = -0.5720827443716648
ccd_ff_tilt_z = 0.17258813947020277
d_ff_ccd  = -4.8113188207787685
ccd_dec_x = 0.6206664526184215
ccd_dec_y = 5.155268891255156
ccd_defocus = 0.3162677505103842
ccd_tilt_x = 0.007761530802750995
ccd_tilt_y = -0.014107838144547502
ccd_tilt_z = 3.1159864886056464e-06
p = 2.5540909090909093e-06