slit_dec_x_a = -0.181778666534
slit_dec_y_a = -0.18243150017
slit_dec_x_b = 0.14512077562974193
slit_dec_y_b = -0.05510809031835813
slit_defocus = -0.002177987143286653
slit_tilt_x = 1.134644048609208
slit_tilt_y = -8.568231655079847
slit_tilt_z = -9.003643678420515
d_slit_col = 1594.3039467090866
coll_tilt_x = 0.08645691029769294
coll_tilt_y = -0.02200407437145209
ech_G = 31.610932527864794
ech_blaze = -74.99568776320535
ech_gamma = 1.1579948753247173
echelle_z = 0.05758661946903371
d_col_trf = -1588.0161737649594
trf_mirror_tilt_x = 0.12250955163988811
trf_mirror_tilt_y = 0.018633202282389023
d_col_grm = 0.015117157560325167
grism_dec_x = 236.39742476455226
grism_dec_y = -0.005019600521992967
grm_tilt_x = -0.025097492900114572
grm_tilt_y = 2.3269306656665925
grm_G = 222.7858565960361
grm_apex = 17.80918814796669
d_grm_cam  = 21.604650884866935
cam_dec_x = -0.28360262604280073
cam_dec_y = 0.2896623586192364
cam_tilt_x = 0.004261015658099604
cam_tilt_y = -0.027768667900397427
d_cam_ff  = -160.56962216536326
ccd_ff_dec_x = -0.022798979486000088
ccd_ff_dec_y = -0.04776400206533952
ccd_ff_tilt_x = 0.1650497193148449
ccd_ff_tilt_y = -0.5895023322127706
ccd_ff_tilt_z = 0.17169405988027667
d_ff_ccd  = -4.785454448832395
ccd_dec_x = 0.5519445587032583
ccd_dec_y = 5.10610171316163
ccd_defocus = 0.3157923324328994
ccd_tilt_x = 0.02129938232115518
ccd_tilt_y = -0.004207757446381482
ccd_tilt_z = 3.863999562215427e-07
p = 2.5540909090909093e-06