slit_dec_x_a = -0.181778666534
slit_dec_y_a = -0.18243150017
slit_dec_x_b = 0.14512077562974193
slit_dec_y_b = -0.05510809031835813
slit_defocus = -0.013802372996965247
slit_tilt_x = 1.05411365849961
slit_tilt_y = -8.559913263031728
slit_tilt_z = -9.026865733536024
d_slit_col = 1594.290305943955
coll_tilt_x = 0.12145256216637584
coll_tilt_y = -0.026480336208828916
ech_G = 31.614559840458647
ech_blaze = -74.99488655415658
ech_gamma = 1.1556383344330379
echelle_z = 0.05700360235827175
d_col_trf = -1588.0163642245911
trf_mirror_tilt_x = 0.007338033232270339
trf_mirror_tilt_y = 0.15545708320791576
d_col_grm = 0.035690379532141644
grism_dec_x = 236.38314779475704
grism_dec_y = 0.009236844613860484
grm_tilt_x = -0.023501299381925647
grm_tilt_y = 2.32579320449113
grm_G = 222.7840699829164
grm_apex = 17.76652357223634
d_grm_cam  = 21.60470660195454
cam_dec_x = -0.2711347282697597
cam_dec_y = 0.2908745038677776
cam_tilt_x = 0.012479596504494048
cam_tilt_y = 0.008807140937555472
d_cam_ff  = -160.07712017715883
ccd_ff_dec_x = -0.023801555891520165
ccd_ff_dec_y = 0.042051418839493114
ccd_ff_tilt_x = 0.033499004988120404
ccd_ff_tilt_y = -0.5909715765413942
ccd_ff_tilt_z = 0.17191614304192052
d_ff_ccd  = -4.815998203605485
ccd_dec_x = 0.5532939367021386
ccd_dec_y = 5.107633133567202
ccd_defocus = 0.2857804240794074
ccd_tilt_x = 0.03263124151073432
ccd_tilt_y = -0.002100035328078201
ccd_tilt_z = 4.718402689953123e-06
p = 0.0001