slit_dec_x_a = -0.181778666534
slit_dec_y_a = -0.18243150017
slit_dec_x_b = 0.14512077562974193
slit_dec_y_b = -0.05510809031835813
slit_defocus = -0.002212721736367028
slit_tilt_x = 1.1346972390593626
slit_tilt_y = -8.568222724659075
slit_tilt_z = -9.003656464304711
d_slit_col = 1594.3039045645837
coll_tilt_x = 0.08643408685018612
coll_tilt_y = -0.022076414557531347
ech_G = 31.610879010836793
ech_blaze = -74.9955178092873
ech_gamma = 1.1581073099728156
echelle_z = 0.05742513106026699
d_col_trf = -1588.0163582354517
trf_mirror_tilt_x = 0.12252959771512442
trf_mirror_tilt_y = 0.018678051057827754
d_col_grm = 0.015040793362338482
grism_dec_x = 236.39747942572566
grism_dec_y = -0.005011511606270277
grm_tilt_x = -0.02477956028886504
grm_tilt_y = 2.3272844275029168
grm_G = 222.78576230004134
grm_apex = 17.809162906782138
d_grm_cam  = 21.604299978534737
cam_dec_x = -0.283612622418025
cam_dec_y = 0.28972160171678246
cam_tilt_x = 0.004352340868083848
cam_tilt_y = -0.02779882388208856
d_cam_ff  = -160.5697031559503
ccd_ff_dec_x = -0.022761118263191816
ccd_ff_dec_y = -0.047802087880788345
ccd_ff_tilt_x = 0.16504247904048128
ccd_ff_tilt_y = -0.5897663237184408
ccd_ff_tilt_z = 0.17175436578859538
d_ff_ccd  = -4.785372712760431
ccd_dec_x = 0.5519708845103498
ccd_dec_y = 5.106177523312178
ccd_defocus = 0.3157525634672242
ccd_tilt_x = 0.02137782970223091
ccd_tilt_y = -0.004216308381859643
ccd_tilt_z = 3.5691719285134194e-07
p = 3.063909090909091e-06