slit_dec_x_a = -0.181778666534
slit_dec_y_a = -0.18243150017
slit_dec_x_b = 0.14512077562974193
slit_dec_y_b = -0.05510809031835813
slit_defocus = -0.0137600565005226
slit_tilt_x = 1.0541336860933164
slit_tilt_y = -8.559976142160433
slit_tilt_z = -9.026832017254064
d_slit_col = 1594.2903040284964
coll_tilt_x = 0.12144246884794263
coll_tilt_y = -0.026459209631499957
ech_G = 31.614564309856345
ech_blaze = -74.9948848412097
ech_gamma = 1.1556431707122456
echelle_z = 0.05700093428839574
d_col_trf = -1588.0163592746856
trf_mirror_tilt_x = 0.0073585731733859525
trf_mirror_tilt_y = 0.15545164803615108
d_col_grm = 0.035668877597800554
grism_dec_x = 236.38316056577403
grism_dec_y = 0.009215660366709465
grm_tilt_x = -0.023501043870631583
grm_tilt_y = 2.325782475228529
grm_G = 222.78407050801624
grm_apex = 17.766457628284016
d_grm_cam  = 21.60470243034996
cam_dec_x = -0.2710579224045484
cam_dec_y = 0.29087756874476833
cam_tilt_x = 0.012428881307773577
cam_tilt_y = 0.00879847493899731
d_cam_ff  = -160.07717358977015
ccd_ff_dec_x = -0.023797644318721778
ccd_ff_dec_y = 0.04203682526115137
ccd_ff_tilt_x = 0.033452262119768206
ccd_ff_tilt_y = -0.5909830788309981
ccd_ff_tilt_z = 0.1719199239833235
d_ff_ccd  = -4.815952491505961
ccd_dec_x = 0.5533011323723259
ccd_dec_y = 5.107635645360063
ccd_defocus = 0.28576943534648114
ccd_tilt_x = 0.03261523000598159
ccd_tilt_y = -0.0021641115181609714
ccd_tilt_z = 4.6933912390540855e-06
p = 0.0001