slit_dec_x_a = -0.181778666534
slit_dec_y_a = -0.18243150017
slit_dec_x_b = 0.14512077562974193
slit_dec_y_b = -0.05510809031835813
slit_defocus = -0.002212639520370486
slit_tilt_x = 1.1347037972331888
slit_tilt_y = -8.568250031739444
slit_tilt_z = -9.003655587937919
d_slit_col = 1594.303922481867
coll_tilt_x = 0.08643241768262686
coll_tilt_y = -0.022062927550653498
ech_G = 31.610885185258937
ech_blaze = -74.99555298541219
ech_gamma = 1.1581320289305166
echelle_z = 0.05737077484704924
d_col_trf = -1588.016382157259
trf_mirror_tilt_x = 0.12252377420992147
trf_mirror_tilt_y = 0.018698751916302284
d_col_grm = 0.015028779192535471
grism_dec_x = 236.397477639293
grism_dec_y = -0.0050157306778340705
grm_tilt_x = -0.02474469695103331
grm_tilt_y = 2.3273244253716485
grm_G = 222.78574877000779
grm_apex = 17.809159133881163
d_grm_cam  = 21.604318272000516
cam_dec_x = -0.28361177249944286
cam_dec_y = 0.289710821013428
cam_tilt_x = 0.004333635945352573
cam_tilt_y = -0.027810027279515835
d_cam_ff  = -160.5696654053658
ccd_ff_dec_x = -0.022803074065003957
ccd_ff_dec_y = -0.04780550132399531
ccd_ff_tilt_x = 0.1650365582642798
ccd_ff_tilt_y = -0.5897065800011254
ccd_ff_tilt_z = 0.17172097411528595
d_ff_ccd  = -4.785375753146502
ccd_dec_x = 0.5519144071985913
ccd_dec_y = 5.106195017054543
ccd_defocus = 0.31579561911698656
ccd_tilt_x = 0.021378617527513397
ccd_tilt_y = -0.004212462585949505
ccd_tilt_z = 3.5623354582945426e-07
p = 5.4250000000000006e-06