slit_dec_x_a = -0.17043486695962176
slit_dec_y_a = -0.1960563126172171
slit_dec_x_b = 0.175
slit_dec_y_b = -2.081195172258544e-96
slit_defocus = 0.005571528706075086
slit_tilt_x = 1.1861311504341017
slit_tilt_y = -8.53999671116251
slit_tilt_z = -8.990850623835017
d_slit_col = 1594.2944610274817
coll_tilt_x = 0.08880155640363414
coll_tilt_y = -0.03174992008062205
ech_G = 31.610668834538377
ech_blaze = -74.97683140179937
ech_gamma = 1.140514973093529
echelle_z = 0.07481988429100946
d_col_trf = -1588.0185370827353
trf_mirror_tilt_x = 0.1386455045824979
trf_mirror_tilt_y = 0.07760063610101242
d_col_grm = -0.009544176222740758
grism_dec_x = 236.43433181233968
grism_dec_y = 0.034217963230130946
grm_tilt_x = -0.01562112877949158
grm_tilt_y = 2.304370803409039
grm_G = 222.82519888710326
grm_apex = 17.815109668003426
d_grm_cam  = 21.608473471988425
cam_dec_x = -0.3021552956873183
cam_dec_y = 0.250350966413691
cam_tilt_x = -0.01860496533198569
cam_tilt_y = -0.015037808331583871
d_cam_ff  = -160.4009536955468
ccd_ff_dec_x = -0.0034884119400686964
ccd_ff_dec_y = 0.00017411436594063956
ccd_ff_tilt_x = 0.146044201827329
ccd_ff_tilt_y = -0.5720926975687025
ccd_ff_tilt_z = 0.17260342470601817
d_ff_ccd  = -4.811240326191493
ccd_dec_x = 0.6206918123040113
ccd_dec_y = 5.155291533265711
ccd_defocus = 0.3163037436824754
ccd_tilt_x = 0.007752548892762727
ccd_tilt_y = -0.014053307948228656
ccd_tilt_z = 3.1442383680066905e-06
p = 5.4250000000000006e-06