slit_dec_x_a = -0.181778666534
slit_dec_y_a = -0.18243150017
slit_dec_x_b = 0.14512077562974193
slit_dec_y_b = -0.05510809031835813
slit_defocus = -0.01384485259254658
slit_tilt_x = 1.054061770870715
slit_tilt_y = -8.559923922339753
slit_tilt_z = -9.026916943819124
d_slit_col = 1594.2902611253455
coll_tilt_x = 0.12145522262478547
coll_tilt_y = -0.026481832458347558
ech_G = 31.61456234981068
ech_blaze = -74.9948877405525
ech_gamma = 1.1556353057174673
echelle_z = 0.057005444916952815
d_col_trf = -1588.0163643862784
trf_mirror_tilt_x = 0.007296044960223782
trf_mirror_tilt_y = 0.1554849806791779
d_col_grm = 0.03559218313969776
grism_dec_x = 236.3832107137023
grism_dec_y = 0.009299800727135647
grm_tilt_x = -0.02349689767861045
grm_tilt_y = 2.325785034579129
grm_G = 222.7840685900524
grm_apex = 17.766482401570446
d_grm_cam  = 21.60469699908326
cam_dec_x = -0.27112604176729066
cam_dec_y = 0.2908575310773966
cam_tilt_x = 0.012446004684679343
cam_tilt_y = 0.008851800020347337
d_cam_ff  = -160.0770411379709
ccd_ff_dec_x = -0.023798167028302283
ccd_ff_dec_y = 0.04208566503883024
ccd_ff_tilt_x = 0.03352564389400406
ccd_ff_tilt_y = -0.5909801705278528
ccd_ff_tilt_z = 0.1719119656037268
d_ff_ccd  = -4.816046620451301
ccd_dec_x = 0.5532947362079761
ccd_dec_y = 5.107633222897029
ccd_defocus = 0.2857225160736708
ccd_tilt_x = 0.03253777143331166
ccd_tilt_y = -0.002201071820431305
ccd_tilt_z = 4.703487752271548e-06
p = 0.0001