slit_dec_x_a = -0.1704010755187174
slit_dec_y_a = -0.1956586180351446
slit_dec_x_b = 0.175
slit_dec_y_b = -1.794347945761521e-96
slit_defocus = 0.02133483163045613
slit_tilt_x = 1.114040535407124
slit_tilt_y = -8.538427039489221
slit_tilt_z = -8.99154973637653
d_slit_col = 1594.310012669806
coll_tilt_x = 0.11317576680258326
coll_tilt_y = -0.02888522325375201
ech_G = 31.61322489841885
ech_blaze = -74.97482970574706
ech_gamma = 1.1389710109622098
echelle_z = 0.07477287817133718
d_col_trf = -1588.017229990598
trf_mirror_tilt_x = 0.026315905689979904
trf_mirror_tilt_y = 0.1621587346730618
d_col_grm = -0.004810301621835032
grism_dec_x = 236.42330100017836
grism_dec_y = 0.038243277646951256
grm_tilt_x = -0.014051041325683867
grm_tilt_y = 2.305275800335291
grm_G = 222.82400009545458
grm_apex = 17.79100235024002
d_grm_cam  = 21.609816312508908
cam_dec_x = -0.3095233195617929
cam_dec_y = 0.24727654775900054
cam_tilt_x = -0.01104169556953894
cam_tilt_y = 0.0037700989553863724
d_cam_ff  = -160.05774132989902
ccd_ff_dec_x = -0.0025997615909685388
ccd_ff_dec_y = 0.05299421790947768
ccd_ff_tilt_x = 0.019556758177349896
ccd_ff_tilt_y = -0.572802597182822
ccd_ff_tilt_z = 0.18005299620039272
d_ff_ccd  = -4.838951790114641
ccd_dec_x = 0.6213958518739346
ccd_dec_y = 5.157152810000517
ccd_defocus = 0.28080414213788907
ccd_tilt_x = 0.004997942197799238
ccd_tilt_y = -0.010966935964785453
ccd_tilt_z = 5.0630412252581075e-06
p = 0.0001