slit_dec_x_a = -0.181778666534
slit_dec_y_a = -0.18243150017
slit_dec_x_b = 0.14512077562974193
slit_dec_y_b = -0.05510809031835813
slit_defocus = -0.0021796102752083156
slit_tilt_x = 1.134706146021644
slit_tilt_y = -8.568293172643898
slit_tilt_z = -9.003622830526819
d_slit_col = 1594.3039242398595
coll_tilt_x = 0.08644002042535602
coll_tilt_y = -0.022052810524582144
ech_G = 31.610893573763263
ech_blaze = -74.99559546683724
ech_gamma = 1.1582023184174053
echelle_z = 0.05712223112520502
d_col_trf = -1588.0162666333201
trf_mirror_tilt_x = 0.12251245558514048
trf_mirror_tilt_y = 0.0186919078248239
d_col_grm = 0.01498237710886402
grism_dec_x = 236.39748850994425
grism_dec_y = -0.00504415406313863
grm_tilt_x = -0.024772952104120703
grm_tilt_y = 2.327460512632708
grm_G = 222.78567821120294
grm_apex = 17.809176249219814
d_grm_cam  = 21.60453861661117
cam_dec_x = -0.2836499643140851
cam_dec_y = 0.28973011943626437
cam_tilt_x = 0.00437070348525773
cam_tilt_y = -0.027797794782295993
d_cam_ff  = -160.56954334441332
ccd_ff_dec_x = -0.02304283042611679
ccd_ff_dec_y = -0.04778471958708823
ccd_ff_tilt_x = 0.16502515766606576
ccd_ff_tilt_y = -0.5896880083177448
ccd_ff_tilt_z = 0.1718013274563407
d_ff_ccd  = -4.785367701570695
ccd_dec_x = 0.551918920574446
ccd_dec_y = 5.106604289375138
ccd_defocus = 0.31583751720033476
ccd_tilt_x = 0.021433447726533168
ccd_tilt_y = -0.004226984618106771
ccd_tilt_z = 2.983777636571088e-07
p = 4.095636363636364e-06