slit_dec_x_a = -0.181778666534
slit_dec_y_a = -0.18243150017
slit_dec_x_b = 0.14512077562974193
slit_dec_y_b = -0.05510809031835813
slit_defocus = -0.01382951376478432
slit_tilt_x = 1.0540907355257123
slit_tilt_y = -8.559959018117015
slit_tilt_z = -9.026919631673007
d_slit_col = 1594.290276764327
coll_tilt_x = 0.12140746995558536
coll_tilt_y = -0.02646562459980935
ech_G = 31.614560259484257
ech_blaze = -74.99488452300494
ech_gamma = 1.1556440923868763
echelle_z = 0.05700744671090728
d_col_trf = -1588.0163599649645
trf_mirror_tilt_x = 0.007270579468031498
trf_mirror_tilt_y = 0.15541989354117933
d_col_grm = 0.03569183718692553
grism_dec_x = 236.38321786359754
grism_dec_y = 0.009216426189105101
grm_tilt_x = -0.02350675873540544
grm_tilt_y = 2.3257883256140874
grm_G = 222.78407521643092
grm_apex = 17.76651585207125
d_grm_cam  = 21.604697121558402
cam_dec_x = -0.2711060664567717
cam_dec_y = 0.2909598317350324
cam_tilt_x = 0.012424010813570172
cam_tilt_y = 0.008824965174233222
d_cam_ff  = -160.07690650547715
ccd_ff_dec_x = -0.023808871934084815
ccd_ff_dec_y = 0.04209941450254204
ccd_ff_tilt_x = 0.03351103379432115
ccd_ff_tilt_y = -0.5909893054209417
ccd_ff_tilt_z = 0.1719119597002136
d_ff_ccd  = -4.815979963883009
ccd_dec_x = 0.5532992823473547
ccd_dec_y = 5.107631329344126
ccd_defocus = 0.285795072644386
ccd_tilt_x = 0.03257026782246352
ccd_tilt_y = -0.0021064805673131214
ccd_tilt_z = 4.704901840881209e-06
p = 0.0001