slit_dec_x_a = -0.1704010755187174
slit_dec_y_a = -0.1956586180351446
slit_dec_x_b = 0.175
slit_dec_y_b = -1.9382177677421187e-96
slit_defocus = 0.021393521587068788
slit_tilt_x = 1.1140515457503353
slit_tilt_y = -8.538490452796996
slit_tilt_z = -8.99169014342833
d_slit_col = 1594.3099867398607
coll_tilt_x = 0.11321198113159475
coll_tilt_y = -0.028927698241757734
ech_G = 31.613232281667205
ech_blaze = -74.97483462656001
ech_gamma = 1.1389713412712317
echelle_z = 0.07477645980779261
d_col_trf = -1588.0172321738996
trf_mirror_tilt_x = 0.02623392439782695
trf_mirror_tilt_y = 0.16228425238620675
d_col_grm = -0.004862275078742448
grism_dec_x = 236.42327840536626
grism_dec_y = 0.038167124989522995
grm_tilt_x = -0.014053170963401408
grm_tilt_y = 2.3052802587567216
grm_G = 222.82399909981524
grm_apex = 17.791090550890928
d_grm_cam  = 21.60981918828467
cam_dec_x = -0.3095272872366461
cam_dec_y = 0.24728140348290775
cam_tilt_x = -0.011032516848454618
cam_tilt_y = 0.0037600650026712156
d_cam_ff  = -160.05756352028206
ccd_ff_dec_x = -0.002592668261084562
ccd_ff_dec_y = 0.053054870770511485
ccd_ff_tilt_x = 0.019457629834835996
ccd_ff_tilt_y = -0.572806365890692
ccd_ff_tilt_z = 0.18004585148192845
d_ff_ccd  = -4.838927650248195
ccd_dec_x = 0.6213977257676455
ccd_dec_y = 5.157148536420842
ccd_defocus = 0.2807298874109849
ccd_tilt_x = 0.004974539979411964
ccd_tilt_y = -0.010892173550785618
ccd_tilt_z = 5.094731630971191e-06
p = 0.0001