slit_dec_x_a = -0.1704628488807418
slit_dec_y_a = -0.19608579112494987
slit_dec_x_b = 0.175
slit_dec_y_b = -2.0372415312270075e-96
slit_defocus = 0.005570204900529783
slit_tilt_x = 1.1861257206142335
slit_tilt_y = -8.540024375956973
slit_tilt_z = -8.99087146842347
d_slit_col = 1594.2944261451494
coll_tilt_x = 0.08873611264289785
coll_tilt_y = -0.031759012501188726
ech_G = 31.610686079318352
ech_blaze = -74.97714829021226
ech_gamma = 1.1405215253575995
echelle_z = 0.07498255331051001
d_col_trf = -1588.0185562409963
trf_mirror_tilt_x = 0.1387163233233657
trf_mirror_tilt_y = 0.07759303481463248
d_col_grm = -0.00952511927807802
grism_dec_x = 236.43429673353793
grism_dec_y = 0.0342358610894322
grm_tilt_x = -0.015762118698138823
grm_tilt_y = 2.304367630582508
grm_G = 222.82520216852026
grm_apex = 17.815106918801302
d_grm_cam  = 21.60847968247334
cam_dec_x = -0.3021321899103082
cam_dec_y = 0.25038411536443406
cam_tilt_x = -0.018189111604636442
cam_tilt_y = -0.015037399317800687
d_cam_ff  = -160.40095553960268
ccd_ff_dec_x = -0.003540404990983344
ccd_ff_dec_y = 0.00013815689530175806
ccd_ff_tilt_x = 0.14598499420938799
ccd_ff_tilt_y = -0.5720524973416116
ccd_ff_tilt_z = 0.17256366140494014
d_ff_ccd  = -4.811230574472522
ccd_dec_x = 0.6206498221669178
ccd_dec_y = 5.155251807411316
ccd_defocus = 0.3163179712666586
ccd_tilt_x = 0.007740159671126427
ccd_tilt_y = -0.014004951760468088
ccd_tilt_z = 3.233817210744095e-06
p = 4.041e-06