slit_dec_x_a = -0.1704010755187174
slit_dec_y_a = -0.1956586180351446
slit_dec_x_b = 0.175
slit_dec_y_b = -1.7985504615123475e-96
slit_defocus = 0.021383173048817344
slit_tilt_x = 1.1139651407400046
slit_tilt_y = -8.538446703221384
slit_tilt_z = -8.99164144014296
d_slit_col = 1594.3100099396854
coll_tilt_x = 0.11312516184605544
coll_tilt_y = -0.02890469474148502
ech_G = 31.61322913283599
ech_blaze = -74.97484003847731
ech_gamma = 1.1389800475186236
echelle_z = 0.07477597106201407
d_col_trf = -1588.0172312627499
trf_mirror_tilt_x = 0.026302849547222767
trf_mirror_tilt_y = 0.1622495668141446
d_col_grm = -0.004810612392436217
grism_dec_x = 236.42326817202928
grism_dec_y = 0.03816564690497441
grm_tilt_x = -0.014050771494269924
grm_tilt_y = 2.3052725355381027
grm_G = 222.82400461488731
grm_apex = 17.791057705250015
d_grm_cam  = 21.609817691933884
cam_dec_x = -0.3095186132889898
cam_dec_y = 0.2472808798775532
cam_tilt_x = -0.011112047164476332
cam_tilt_y = 0.003834277937165626
d_cam_ff  = -160.0573415982613
ccd_ff_dec_x = -0.0026036381847779275
ccd_ff_dec_y = 0.05303873498788948
ccd_ff_tilt_x = 0.01964944952626163
ccd_ff_tilt_y = -0.5728006085830842
ccd_ff_tilt_z = 0.1800594869706601
d_ff_ccd  = -4.838921123530302
ccd_dec_x = 0.6214026247635493
ccd_dec_y = 5.157156493837109
ccd_defocus = 0.280678425112467
ccd_tilt_x = 0.0050948921282032425
ccd_tilt_y = -0.01092654395231644
ccd_tilt_z = 5.07253959620057e-06
p = 0.0001