slit_dec_x_a = -0.181778666534
slit_dec_y_a = -0.18243150017
slit_dec_x_b = 0.14512077562974193
slit_dec_y_b = -0.05510809031835813
slit_defocus = -0.00219636300530804
slit_tilt_x = 1.134701844049231
slit_tilt_y = -8.568280120369375
slit_tilt_z = -9.00363617417796
d_slit_col = 1594.303933671579
coll_tilt_x = 0.08640842468175179
coll_tilt_y = -0.022045641665028967
ech_G = 31.610901811870743
ech_blaze = -74.99563527492184
ech_gamma = 1.1581576329078231
echelle_z = 0.05729925822766122
d_col_trf = -1588.0162618650932
trf_mirror_tilt_x = 0.12252170922660269
trf_mirror_tilt_y = 0.018665839264822202
d_col_grm = 0.015011371999644776
grism_dec_x = 236.39747240169774
grism_dec_y = -0.005014219340806225
grm_tilt_x = -0.024767957465062575
grm_tilt_y = 2.327409256478806
grm_G = 222.7857261701332
grm_apex = 17.8091579988007
d_grm_cam  = 21.60432408851011
cam_dec_x = -0.2835994578320813
cam_dec_y = 0.28971953286088764
cam_tilt_x = 0.004317155743623492
cam_tilt_y = -0.027772295594666083
d_cam_ff  = -160.56961610981313
ccd_ff_dec_x = -0.02279488416548253
ccd_ff_dec_y = -0.04780129848126428
ccd_ff_tilt_x = 0.16503049277490314
ccd_ff_tilt_y = -0.5896815458546154
ccd_ff_tilt_z = 0.17180576085085775
d_ff_ccd  = -4.785377323317739
ccd_dec_x = 0.5519916279630581
ccd_dec_y = 5.1062817591136564
ccd_defocus = 0.31579705451403106
ccd_tilt_x = 0.02138379908793183
ccd_tilt_y = -0.004196501186701568
ccd_tilt_z = 3.0246291899067546e-07
p = 1.16775e-05