slit_dec_x_a = -0.181778666534
slit_dec_y_a = -0.18243150017
slit_dec_x_b = 0.14512077562974193
slit_dec_y_b = -0.05510809031835813
slit_defocus = -0.0022047590576751335
slit_tilt_x = 1.1346905583676243
slit_tilt_y = -8.568238343311412
slit_tilt_z = -9.003651729186096
d_slit_col = 1594.3039679634526
coll_tilt_x = 0.08644366687158785
coll_tilt_y = -0.02202391842971217
ech_G = 31.610879625797377
ech_blaze = -74.9955191445279
ech_gamma = 1.1581712052291067
echelle_z = 0.05760240644957793
d_col_trf = -1588.0162727179024
trf_mirror_tilt_x = 0.12255113122958265
trf_mirror_tilt_y = 0.01866701927237228
d_col_grm = 0.015055467734476418
grism_dec_x = 236.39746743923627
grism_dec_y = -0.005021158866165132
grm_tilt_x = -0.024764357456359787
grm_tilt_y = 2.327347476847313
grm_G = 222.7857420367686
grm_apex = 17.80921843668717
d_grm_cam  = 21.60446519009551
cam_dec_x = -0.2835718001066542
cam_dec_y = 0.28974990428373604
cam_tilt_x = 0.004344435501879808
cam_tilt_y = -0.027814720661178273
d_cam_ff  = -160.5697980046918
ccd_ff_dec_x = -0.022771830259919527
ccd_ff_dec_y = -0.047798704027208566
ccd_ff_tilt_x = 0.16502795535658013
ccd_ff_tilt_y = -0.5897009760353022
ccd_ff_tilt_z = 0.1716951178817881
d_ff_ccd  = -4.785415905421522
ccd_dec_x = 0.551882648047497
ccd_dec_y = 5.106135982741156
ccd_defocus = 0.3157419582819763
ccd_tilt_x = 0.021327691701987454
ccd_tilt_y = -0.004209788308302481
ccd_tilt_z = 3.949232440891054e-07
p = 1.8795000000000002e-05