slit_dec_x_a = -0.1704010755187174
slit_dec_y_a = -0.1956586180351446
slit_dec_x_b = 0.175
slit_dec_y_b = -1.8319419799801233e-96
slit_defocus = 0.021374174866363626
slit_tilt_x = 1.1140373380861281
slit_tilt_y = -8.538442459819269
slit_tilt_z = -8.99161448185214
d_slit_col = 1594.3099753093488
coll_tilt_x = 0.11322969043843714
coll_tilt_y = -0.02888076762743187
ech_G = 31.613229729848236
ech_blaze = -74.97482359181654
ech_gamma = 1.1389777398613652
echelle_z = 0.074773291102241
d_col_trf = -1588.017233318649
trf_mirror_tilt_x = 0.026298953896961855
trf_mirror_tilt_y = 0.1621950584635451
d_col_grm = -0.00485802295030495
grism_dec_x = 236.42335541758575
grism_dec_y = 0.038163614284633336
grm_tilt_x = -0.0140579944303976
grm_tilt_y = 2.3052849556879926
grm_G = 222.8239986282094
grm_apex = 17.791085710105023
d_grm_cam  = 21.609826608936498
cam_dec_x = -0.30954278519923145
cam_dec_y = 0.247259919527754
cam_tilt_x = -0.011048154551929189
cam_tilt_y = 0.0038545363546269307
d_cam_ff  = -160.0571735035479
ccd_ff_dec_x = -0.002602171562964158
ccd_ff_dec_y = 0.05308526842919104
ccd_ff_tilt_x = 0.019540530090817534
ccd_ff_tilt_y = -0.5727956309099425
ccd_ff_tilt_z = 0.18004488065921204
d_ff_ccd  = -4.838919971839291
ccd_dec_x = 0.621406805171451
ccd_dec_y = 5.157150986209948
ccd_defocus = 0.28071140677583906
ccd_tilt_x = 0.005032275900665871
ccd_tilt_y = -0.010899211574962929
ccd_tilt_z = 5.085000426901614e-06
p = 0.0001