slit_dec_x_a = -0.1704174230614751
slit_dec_y_a = -0.19605628797864152
slit_dec_x_b = 0.175
slit_dec_y_b = -1.5968126802573207e-96
slit_defocus = 0.0055771696276603056
slit_tilt_x = 1.1861247504102779
slit_tilt_y = -8.540038921383799
slit_tilt_z = -8.990858021868412
d_slit_col = 1594.294496330699
coll_tilt_x = 0.08872294973286239
coll_tilt_y = -0.03191029023292172
ech_G = 31.61065084579111
ech_blaze = -74.97678414654521
ech_gamma = 1.140326113544982
echelle_z = 0.07480521807726365
d_col_trf = -1588.0185364361466
trf_mirror_tilt_x = 0.13868674996847108
trf_mirror_tilt_y = 0.07753047597552719
d_col_grm = -0.009547995184730505
grism_dec_x = 236.4343277451742
grism_dec_y = 0.03416721238724826
grm_tilt_x = -0.01589085589578423
grm_tilt_y = 2.304386857632374
grm_G = 222.82516680732593
grm_apex = 17.81512018623703
d_grm_cam  = 21.608490327354385
cam_dec_x = -0.30212182223092915
cam_dec_y = 0.2503234351608919
cam_tilt_x = -0.01842015118662476
cam_tilt_y = -0.015080932885469127
d_cam_ff  = -160.40096153836566
ccd_ff_dec_x = -0.0035207698837320047
ccd_ff_dec_y = 0.0002657354374632212
ccd_ff_tilt_x = 0.14603999637117487
ccd_ff_tilt_y = -0.5720589147260599
ccd_ff_tilt_z = 0.1725717435743282
d_ff_ccd  = -4.811303871145887
ccd_dec_x = 0.6206702221582111
ccd_dec_y = 5.155301280669233
ccd_defocus = 0.3162675192439893
ccd_tilt_x = 0.007739282304227463
ccd_tilt_y = -0.014151763602934039
ccd_tilt_z = 3.146870660598977e-06
p = 9.358416666666667e-06