slit_dec_x_a = -0.181778666534
slit_dec_y_a = -0.18243150017
slit_dec_x_b = 0.14512077562974193
slit_dec_y_b = -0.05510809031835813
slit_defocus = -0.0022023866238203944
slit_tilt_x = 1.134665276391356
slit_tilt_y = -8.568235144172721
slit_tilt_z = -9.003639180786019
d_slit_col = 1594.3039430500935
coll_tilt_x = 0.08648014402794607
coll_tilt_y = -0.02198907770166901
ech_G = 31.61090700371348
ech_blaze = -74.99558001731819
ech_gamma = 1.1581527782776389
echelle_z = 0.057607174516140405
d_col_trf = -1588.0161773770956
trf_mirror_tilt_x = 0.12254708746337803
trf_mirror_tilt_y = 0.018637541477471854
d_col_grm = 0.01509471076074448
grism_dec_x = 236.39743255630884
grism_dec_y = -0.005035911434311471
grm_tilt_x = -0.024916052445836192
grm_tilt_y = 2.327251583454704
grm_G = 222.78572011378168
grm_apex = 17.809222965661785
d_grm_cam  = 21.604558897581505
cam_dec_x = -0.2835565881054052
cam_dec_y = 0.2897174199315132
cam_tilt_x = 0.004306689096626298
cam_tilt_y = -0.02780527079407293
d_cam_ff  = -160.56987197717913
ccd_ff_dec_x = -0.02275645149980322
ccd_ff_dec_y = -0.04779408676331128
ccd_ff_tilt_x = 0.16503655921775492
ccd_ff_tilt_y = -0.5896516691749875
ccd_ff_tilt_z = 0.17175880909549376
d_ff_ccd  = -4.78541354488156
ccd_dec_x = 0.5517724051289477
ccd_dec_y = 5.106173783189488
ccd_defocus = 0.31573937003301594
ccd_tilt_x = 0.021337965922223666
ccd_tilt_y = -0.004211482191180639
ccd_tilt_z = 3.5332126664161457e-07
p = 9.358416666666667e-06