slit_dec_x_a = -0.181778666534
slit_dec_y_a = -0.18243150017
slit_dec_x_b = 0.14512077562974193
slit_dec_y_b = -0.05510809031835813
slit_defocus = -0.013789728041721157
slit_tilt_x = 1.0540867299601944
slit_tilt_y = -8.559929669638365
slit_tilt_z = -9.026887073174931
d_slit_col = 1594.2902857833674
coll_tilt_x = 0.12143061935787978
coll_tilt_y = -0.026476732191164285
ech_G = 31.614563257226298
ech_blaze = -74.99488750522333
ech_gamma = 1.1556384878844452
echelle_z = 0.05700300485468046
d_col_trf = -1588.0163649543938
trf_mirror_tilt_x = 0.007278281650524867
trf_mirror_tilt_y = 0.15544841619250083
d_col_grm = 0.03561891811166918
grism_dec_x = 236.38318151611418
grism_dec_y = 0.009294871984705891
grm_tilt_x = -0.0235010425089611
grm_tilt_y = 2.3257909375342414
grm_G = 222.7840730193576
grm_apex = 17.766495394466034
d_grm_cam  = 21.604702299717935
cam_dec_x = -0.2711121508358607
cam_dec_y = 0.29087849002936556
cam_tilt_x = 0.012485352803434201
cam_tilt_y = 0.00883115685442452
d_cam_ff  = -160.07709789185577
ccd_ff_dec_x = -0.02380272852714756
ccd_ff_dec_y = 0.04204091427112993
ccd_ff_tilt_x = 0.03347843387823185
ccd_ff_tilt_y = -0.5909778592851046
ccd_ff_tilt_z = 0.17191650925464746
d_ff_ccd  = -4.816052570363047
ccd_dec_x = 0.5532971169169857
ccd_dec_y = 5.1076234754901995
ccd_defocus = 0.28582223962528397
ccd_tilt_x = 0.03253992193281614
ccd_tilt_y = -0.002160385255127507
ccd_tilt_z = 4.681096588294181e-06
p = 0.0001