slit_dec_x_a = -0.17040212060912555
slit_dec_y_a = -0.1959117711456389
slit_dec_x_b = 0.175
slit_dec_y_b = -2.393238047988185e-96
slit_defocus = 0.005521493120066406
slit_tilt_x = 1.1861067626856518
slit_tilt_y = -8.54010035215308
slit_tilt_z = -8.990857369405388
d_slit_col = 1594.2944433983612
coll_tilt_x = 0.08860570215346111
coll_tilt_y = -0.03173746014650519
ech_G = 31.610651704722766
ech_blaze = -74.97698123548375
ech_gamma = 1.14052133478948
echelle_z = 0.07537778297893377
d_col_trf = -1588.0185578659432
trf_mirror_tilt_x = 0.13869351914418945
trf_mirror_tilt_y = 0.07752127780010198
d_col_grm = -0.009525844983295577
grism_dec_x = 236.43432087910966
grism_dec_y = 0.03424328491275557
grm_tilt_x = -0.01589584146573395
grm_tilt_y = 2.304373660910577
grm_G = 222.82521026688264
grm_apex = 17.8151400227682
d_grm_cam  = 21.608500203418128
cam_dec_x = -0.30211056812785536
cam_dec_y = 0.25034638290775957
cam_tilt_x = -0.018133427874778694
cam_tilt_y = -0.015014263101607575
d_cam_ff  = -160.4009553428501
ccd_ff_dec_x = -0.003564656307345134
ccd_ff_dec_y = 0.00013198327118019095
ccd_ff_tilt_x = 0.14605031045151268
ccd_ff_tilt_y = -0.5720302679945091
ccd_ff_tilt_z = 0.17254893930508236
d_ff_ccd  = -4.811230418009822
ccd_dec_x = 0.620656756923792
ccd_dec_y = 5.15529668892871
ccd_defocus = 0.3163109221189486
ccd_tilt_x = 0.007805995946399745
ccd_tilt_y = -0.014007600668459732
ccd_tilt_z = 3.308503756946677e-06
p = 7.5094545454545454e-06