slit_dec_x_a = -0.181778666534
slit_dec_y_a = -0.18243150017
slit_dec_x_b = 0.14512077562974193
slit_dec_y_b = -0.05510809031835813
slit_defocus = -0.013794391351146885
slit_tilt_x = 1.0540904357971592
slit_tilt_y = -8.559962035989695
slit_tilt_z = -9.026876234872258
d_slit_col = 1594.2902884867876
coll_tilt_x = 0.12147706880280347
coll_tilt_y = -0.026483900770623642
ech_G = 31.614561258108356
ech_blaze = -74.99488898485627
ech_gamma = 1.1556405704919555
echelle_z = 0.05700283406512639
d_col_trf = -1588.0163642649895
trf_mirror_tilt_x = 0.007303115933353065
trf_mirror_tilt_y = 0.15544998304552132
d_col_grm = 0.03566133967263346
grism_dec_x = 236.38321687458537
grism_dec_y = 0.009246064235963103
grm_tilt_x = -0.02350747126324708
grm_tilt_y = 2.3257878777567043
grm_G = 222.78407025802667
grm_apex = 17.76651787981037
d_grm_cam  = 21.604700191882124
cam_dec_x = -0.2711091165879971
cam_dec_y = 0.290886747973153
cam_tilt_x = 0.012391330645494102
cam_tilt_y = 0.00882825793816671
d_cam_ff  = -160.07709012162354
ccd_ff_dec_x = -0.023802510381070615
ccd_ff_dec_y = 0.042043936951851955
ccd_ff_tilt_x = 0.03348606756356571
ccd_ff_tilt_y = -0.5909806112237299
ccd_ff_tilt_z = 0.17191772177443923
d_ff_ccd  = -4.815988705749946
ccd_dec_x = 0.5532973034872939
ccd_dec_y = 5.107631731226937
ccd_defocus = 0.2857627962474257
ccd_tilt_x = 0.0325907921138329
ccd_tilt_y = -0.0021506846468557425
ccd_tilt_z = 4.410689141153096e-06
p = 0.0001