slit_dec_x_a = -0.1704010755187174
slit_dec_y_a = -0.1956586180351446
slit_dec_x_b = 0.175
slit_dec_y_b = -1.8489587020236134e-96
slit_defocus = 0.021424534943244825
slit_tilt_x = 1.1140095533201408
slit_tilt_y = -8.538405095404192
slit_tilt_z = -8.991595641555804
d_slit_col = 1594.309954013588
coll_tilt_x = 0.11321805701388554
coll_tilt_y = -0.028892685630143914
ech_G = 31.61323448851849
ech_blaze = -74.97483626580144
ech_gamma = 1.1389776587868068
echelle_z = 0.07477584811720246
d_col_trf = -1588.0172297959593
trf_mirror_tilt_x = 0.026286546822967157
trf_mirror_tilt_y = 0.16221688427881503
d_col_grm = -0.004795104866816073
grism_dec_x = 236.42325158668143
grism_dec_y = 0.03819073561983757
grm_tilt_x = -0.014053140004510866
grm_tilt_y = 2.305280647717
grm_G = 222.82400069412432
grm_apex = 17.791051237120733
d_grm_cam  = 21.609816795010232
cam_dec_x = -0.30944766977055527
cam_dec_y = 0.24727727620233295
cam_tilt_x = -0.011027051876527643
cam_tilt_y = 0.003773838128670397
d_cam_ff  = -160.0575416555951
ccd_ff_dec_x = -0.0026056034887650724
ccd_ff_dec_y = 0.053010319141912336
ccd_ff_tilt_x = 0.01946650030423522
ccd_ff_tilt_y = -0.5728124959961304
ccd_ff_tilt_z = 0.18004954573400206
d_ff_ccd  = -4.8389355917489505
ccd_dec_x = 0.6213994413228486
ccd_dec_y = 5.157150563646858
ccd_defocus = 0.280769187876342
ccd_tilt_x = 0.005029249382553578
ccd_tilt_y = -0.010885300830143307
ccd_tilt_z = 5.041292516625632e-06
p = 0.0001