slit_dec_x_a = -0.181778666534
slit_dec_y_a = -0.18243150017
slit_dec_x_b = 0.14512077562974193
slit_dec_y_b = -0.05510809031835813
slit_defocus = -0.013774126291986008
slit_tilt_x = 1.054084408296267
slit_tilt_y = -8.559972968168726
slit_tilt_z = -9.026872975485333
d_slit_col = 1594.2903072383165
coll_tilt_x = 0.1214324624319178
coll_tilt_y = -0.026450501925831517
ech_G = 31.61456103512699
ech_blaze = -74.99488559487203
ech_gamma = 1.155638617968302
echelle_z = 0.05700512645978161
d_col_trf = -1588.016372419655
trf_mirror_tilt_x = 0.007283995327225246
trf_mirror_tilt_y = 0.15547768601336093
d_col_grm = 0.035664112882368725
grism_dec_x = 236.3831980520617
grism_dec_y = 0.009264247220231473
grm_tilt_x = -0.023506955191216875
grm_tilt_y = 2.325783988739689
grm_G = 222.78407116356726
grm_apex = 17.76650686516516
d_grm_cam  = 21.604696871585436
cam_dec_x = -0.2711061038801362
cam_dec_y = 0.2908865730490238
cam_tilt_x = 0.012492355130249854
cam_tilt_y = 0.0087786942728809
d_cam_ff  = -160.07714579133128
ccd_ff_dec_x = -0.023805455546250513
ccd_ff_dec_y = 0.04205263140980619
ccd_ff_tilt_x = 0.03346245058885373
ccd_ff_tilt_y = -0.590977770638185
ccd_ff_tilt_z = 0.17192136145178
d_ff_ccd  = -4.8160289808495715
ccd_dec_x = 0.553296959203726
ccd_dec_y = 5.107633088144216
ccd_defocus = 0.28573675021600925
ccd_tilt_x = 0.032545025730936906
ccd_tilt_y = -0.0021203229702057846
ccd_tilt_z = 4.7275826414153726e-06
p = 0.0001