slit_dec_x_a = -0.181778666534
slit_dec_y_a = -0.18243150017
slit_dec_x_b = 0.14512077562974193
slit_dec_y_b = -0.05510809031835813
slit_defocus = -0.0022030952522065915
slit_tilt_x = 1.1346736538642204
slit_tilt_y = -8.568357504533974
slit_tilt_z = -9.003630922218639
d_slit_col = 1594.303955329295
coll_tilt_x = 0.08644977783260907
coll_tilt_y = -0.02205865245970775
ech_G = 31.610880660690253
ech_blaze = -74.99551443320419
ech_gamma = 1.158139306240878
echelle_z = 0.0567887364494094
d_col_trf = -1588.0164024331038
trf_mirror_tilt_x = 0.12252669478450594
trf_mirror_tilt_y = 0.018702883771178798
d_col_grm = 0.015009750972021906
grism_dec_x = 236.39746822656423
grism_dec_y = -0.005059746566749221
grm_tilt_x = -0.024626850607491625
grm_tilt_y = 2.3273041985393
grm_G = 222.78576000706997
grm_apex = 17.80910236226973
d_grm_cam  = 21.6047104758524
cam_dec_x = -0.2836437071466401
cam_dec_y = 0.2897749947061679
cam_tilt_x = 0.0043203263255903275
cam_tilt_y = -0.027785017502425853
d_cam_ff  = -160.56964172806843
ccd_ff_dec_x = -0.022884441065617746
ccd_ff_dec_y = -0.04776855771737623
ccd_ff_tilt_x = 0.16503854513067195
ccd_ff_tilt_y = -0.5893818374755806
ccd_ff_tilt_z = 0.17190298753431063
d_ff_ccd  = -4.785375004470435
ccd_dec_x = 0.5518703885010094
ccd_dec_y = 5.10645742723107
ccd_defocus = 0.315822731804121
ccd_tilt_x = 0.021390965565650132
ccd_tilt_y = -0.004212765091142104
ccd_tilt_z = 2.2423490036786027e-07
p = 1.2236666666666666e-05