slit_dec_x_a = -0.17041464053414368
slit_dec_y_a = -0.1958974691371673
slit_dec_x_b = 0.175
slit_dec_y_b = -2.266339977017669e-96
slit_defocus = 0.005511824231216538
slit_tilt_x = 1.1861183192217095
slit_tilt_y = -8.540095980426615
slit_tilt_z = -8.990839321883005
d_slit_col = 1594.2944410541277
coll_tilt_x = 0.08856688808600142
coll_tilt_y = -0.03170744257360188
ech_G = 31.610661984785082
ech_blaze = -74.97709953854462
ech_gamma = 1.1405347735784117
echelle_z = 0.0753270922272121
d_col_trf = -1588.0185621652395
trf_mirror_tilt_x = 0.1386885946958486
trf_mirror_tilt_y = 0.07753663601899517
d_col_grm = -0.009536519929719062
grism_dec_x = 236.43432480560614
grism_dec_y = 0.03424930024929298
grm_tilt_x = -0.01588979665529359
grm_tilt_y = 2.3043491831124756
grm_G = 222.82521263826288
grm_apex = 17.81514411079473
d_grm_cam  = 21.608484330196074
cam_dec_x = -0.3021099246929604
cam_dec_y = 0.25034957644919403
cam_tilt_x = -0.018177502284738505
cam_tilt_y = -0.01501358027924362
d_cam_ff  = -160.40094500175323
ccd_ff_dec_x = -0.0035572354941207827
ccd_ff_dec_y = 0.00014628126613092787
ccd_ff_tilt_x = 0.1460398873225617
ccd_ff_tilt_y = -0.5720269213844861
ccd_ff_tilt_z = 0.1725444703093483
d_ff_ccd  = -4.811240498075947
ccd_dec_x = 0.6206700760055175
ccd_dec_y = 5.155297981885627
ccd_defocus = 0.3163242178890988
ccd_tilt_x = 0.007821320734584742
ccd_tilt_y = -0.013996263117394511
ccd_tilt_z = 3.2614137788583396e-06
p = 1.2236666666666666e-05