slit_dec_x_a = -0.1704010755187174
slit_dec_y_a = -0.1956586180351446
slit_dec_x_b = 0.175
slit_dec_y_b = -1.8596481894607535e-96
slit_defocus = 0.021351256174619717
slit_tilt_x = 1.1140268482659847
slit_tilt_y = -8.538446639559169
slit_tilt_z = -8.991628237100658
d_slit_col = 1594.3100188050676
coll_tilt_x = 0.11317475953326295
coll_tilt_y = -0.028881059493181413
ech_G = 31.613230038367536
ech_blaze = -74.97483804783923
ech_gamma = 1.1389739323865609
echelle_z = 0.07477392515549608
d_col_trf = -1588.0172330679052
trf_mirror_tilt_x = 0.026311487270952057
trf_mirror_tilt_y = 0.16216559741835904
d_col_grm = -0.004771419576226268
grism_dec_x = 236.4232499043099
grism_dec_y = 0.03819092000883287
grm_tilt_x = -0.01405523025404886
grm_tilt_y = 2.305281356687048
grm_G = 222.82399775220077
grm_apex = 17.791035667397956
d_grm_cam  = 21.609811067282667
cam_dec_x = -0.3095782885475523
cam_dec_y = 0.24725343931302077
cam_tilt_x = -0.011049400348022128
cam_tilt_y = 0.0037334156334508026
d_cam_ff  = -160.05778145754672
ccd_ff_dec_x = -0.0025962913076328902
ccd_ff_dec_y = 0.052991372456764926
ccd_ff_tilt_x = 0.01949988824787558
ccd_ff_tilt_y = -0.5728038871592621
ccd_ff_tilt_z = 0.18005346656059454
d_ff_ccd  = -4.83895793191884
ccd_dec_x = 0.6214062870681533
ccd_dec_y = 5.157150366324149
ccd_defocus = 0.28079047171436844
ccd_tilt_x = 0.005124484402736779
ccd_tilt_y = -0.01090141670382063
ccd_tilt_z = 5.033058547234413e-06
p = 0.0001