slit_dec_x_a = -0.17044478745576497
slit_dec_y_a = -0.1961087414346596
slit_dec_x_b = 0.175
slit_dec_y_b = -2.234744046197982e-96
slit_defocus = 0.005512542675501829
slit_tilt_x = 1.1861184803920013
slit_tilt_y = -8.54007366324734
slit_tilt_z = -8.99087248784632
d_slit_col = 1594.2944502519651
coll_tilt_x = 0.08879702212498776
coll_tilt_y = -0.03178078022582637
ech_G = 31.61068637342318
ech_blaze = -74.97705217444906
ech_gamma = 1.1404932057065424
echelle_z = 0.07524792055144237
d_col_trf = -1588.0185462996983
trf_mirror_tilt_x = 0.13870015423584336
trf_mirror_tilt_y = 0.07753668654847913
d_col_grm = -0.009526325600427673
grism_dec_x = 236.43432021162099
grism_dec_y = 0.03424327270388798
grm_tilt_x = -0.015969128351907804
grm_tilt_y = 2.304385967997048
grm_G = 222.8252007042558
grm_apex = 17.81512605740267
d_grm_cam  = 21.60850057890487
cam_dec_x = -0.3021090463495314
cam_dec_y = 0.2503458054051492
cam_tilt_x = -0.018055345036613196
cam_tilt_y = -0.014988939723453746
d_cam_ff  = -160.40095742245228
ccd_ff_dec_x = -0.0035554246584505443
ccd_ff_dec_y = 0.00012469852594660814
ccd_ff_tilt_x = 0.14604625990979891
ccd_ff_tilt_y = -0.5720453611640923
ccd_ff_tilt_z = 0.17255697446341453
d_ff_ccd  = -4.811223976218581
ccd_dec_x = 0.6206339485352161
ccd_dec_y = 5.155281649339757
ccd_defocus = 0.3163151530789854
ccd_tilt_x = 0.007816781938480172
ccd_tilt_y = -0.014015765790058905
ccd_tilt_z = 3.248838866498403e-06
p = 8.225727272727274e-06