slit_dec_x_a = -0.181778666534
slit_dec_y_a = -0.18243150017
slit_dec_x_b = 0.14512077562974193
slit_dec_y_b = -0.05510809031835813
slit_defocus = -0.002198498070132176
slit_tilt_x = 1.1347081908253827
slit_tilt_y = -8.568327739279086
slit_tilt_z = -9.003620614179576
d_slit_col = 1594.3039386164403
coll_tilt_x = 0.08648193589230446
coll_tilt_y = -0.02203305065377665
ech_G = 31.610887010245442
ech_blaze = -74.99550281851663
ech_gamma = 1.1581177764191353
echelle_z = 0.05690508075484631
d_col_trf = -1588.0162411930255
trf_mirror_tilt_x = 0.12252500349466222
trf_mirror_tilt_y = 0.018732549208378333
d_col_grm = 0.01499521214765531
grism_dec_x = 236.39748374195761
grism_dec_y = -0.005031917538638105
grm_tilt_x = -0.024621329757094662
grm_tilt_y = 2.327247967265764
grm_G = 222.78582866298137
grm_apex = 17.809119612294946
d_grm_cam  = 21.60458977722898
cam_dec_x = -0.28362644357509603
cam_dec_y = 0.2897631080869553
cam_tilt_x = 0.004279970586263872
cam_tilt_y = -0.027792241299690927
d_cam_ff  = -160.56963596073015
ccd_ff_dec_x = -0.022877565469672068
ccd_ff_dec_y = -0.047784460148370435
ccd_ff_tilt_x = 0.16501237729421864
ccd_ff_tilt_y = -0.5895344162766168
ccd_ff_tilt_z = 0.17182139541543864
d_ff_ccd  = -4.785370741948776
ccd_dec_x = 0.5518963988864003
ccd_dec_y = 5.1065420744715
ccd_defocus = 0.31582808151292646
ccd_tilt_x = 0.021424324694931784
ccd_tilt_y = -0.004210394560238173
ccd_tilt_z = 2.594403063867762e-07
p = 8.225727272727274e-06