slit_dec_x_a = -0.17047166729866858
slit_dec_y_a = -0.19611179798461262
slit_dec_x_b = 0.175
slit_dec_y_b = -1.9403012351670866e-96
slit_defocus = 0.005556888927670776
slit_tilt_x = 1.1861268985329765
slit_tilt_y = -8.540038792256976
slit_tilt_z = -8.990867360708924
d_slit_col = 1594.2944361182915
coll_tilt_x = 0.08869749979269138
coll_tilt_y = -0.03176059561634012
ech_G = 31.6106794563465
ech_blaze = -74.97718308505787
ech_gamma = 1.1405452333495711
echelle_z = 0.07493813540125409
d_col_trf = -1588.0185642028407
trf_mirror_tilt_x = 0.13871405348423005
trf_mirror_tilt_y = 0.07760510588195538
d_col_grm = -0.009516155422303756
grism_dec_x = 236.43428146260354
grism_dec_y = 0.03422579025701988
grm_tilt_x = -0.015785469157918022
grm_tilt_y = 2.3043750028712533
grm_G = 222.82519612027284
grm_apex = 17.815108850991493
d_grm_cam  = 21.608478794574292
cam_dec_x = -0.302107750992465
cam_dec_y = 0.2503980917793201
cam_tilt_x = -0.018133455825378935
cam_tilt_y = -0.015015257304613644
d_cam_ff  = -160.4009588639052
ccd_ff_dec_x = -0.0035399265200839313
ccd_ff_dec_y = 0.00014639909974977964
ccd_ff_tilt_x = 0.14597516427215632
ccd_ff_tilt_y = -0.5720537066160285
ccd_ff_tilt_z = 0.17255597174729612
d_ff_ccd  = -4.8112308005885405
ccd_dec_x = 0.6206473206516556
ccd_dec_y = 5.155249548790797
ccd_defocus = 0.31632162507310807
ccd_tilt_x = 0.007747344071769812
ccd_tilt_y = -0.014005685531764282
ccd_tilt_z = 3.2270905244650244e-06
p = 4.259000000000001e-06