slit_dec_x_a = -0.181778666534
slit_dec_y_a = -0.18243150017
slit_dec_x_b = 0.14512077562974193
slit_dec_y_b = -0.05510809031835813
slit_defocus = -0.0021868283335153608
slit_tilt_x = 1.1347035634756166
slit_tilt_y = -8.568303442858191
slit_tilt_z = -9.003626331305117
d_slit_col = 1594.303911105235
coll_tilt_x = 0.08643432233243976
coll_tilt_y = -0.022034178373223513
ech_G = 31.610894970126587
ech_blaze = -74.99561392411388
ech_gamma = 1.158213517329252
echelle_z = 0.05702911457987463
d_col_trf = -1588.0162339313254
trf_mirror_tilt_x = 0.12250876911182167
trf_mirror_tilt_y = 0.018703514610661134
d_col_grm = 0.014976496391394244
grism_dec_x = 236.39747574747207
grism_dec_y = -0.005072565608636307
grm_tilt_x = -0.024757681527383543
grm_tilt_y = 2.327413297913396
grm_G = 222.7857156426941
grm_apex = 17.80915475518309
d_grm_cam  = 21.604526197697666
cam_dec_x = -0.28364680686647487
cam_dec_y = 0.28973708420779826
cam_tilt_x = 0.004354970064433926
cam_tilt_y = -0.027796327528473528
d_cam_ff  = -160.5695382205024
ccd_ff_dec_x = -0.02303105771943087
ccd_ff_dec_y = -0.047795742443254935
ccd_ff_tilt_x = 0.1650331047038084
ccd_ff_tilt_y = -0.5896495748805411
ccd_ff_tilt_z = 0.17177189206383836
d_ff_ccd  = -4.785373872009778
ccd_dec_x = 0.5518587015416669
ccd_dec_y = 5.10655615363375
ccd_defocus = 0.31584552412612815
ccd_tilt_x = 0.021421144351241605
ccd_tilt_y = -0.004226453344817342
ccd_tilt_z = 2.963313593718283e-07
p = 4.259000000000001e-06