slit_dec_x_a = -0.1704491081697807
slit_dec_y_a = -0.19592624541441675
slit_dec_x_b = 0.175
slit_dec_y_b = -2.013842549760039e-96
slit_defocus = 0.005551776657155362
slit_tilt_x = 1.1861097606123099
slit_tilt_y = -8.539996865623134
slit_tilt_z = -8.990844482280618
d_slit_col = 1594.2944563447052
coll_tilt_x = 0.0886783387947625
coll_tilt_y = -0.03175242215343215
ech_G = 31.610676441259578
ech_blaze = -74.97693469501543
ech_gamma = 1.1404757642668608
echelle_z = 0.07485200591525337
d_col_trf = -1588.0185765521194
trf_mirror_tilt_x = 0.13867482108597232
trf_mirror_tilt_y = 0.0775770093512716
d_col_grm = -0.00955302145872747
grism_dec_x = 236.43431397304803
grism_dec_y = 0.0342240656564636
grm_tilt_x = -0.015695729142572577
grm_tilt_y = 2.304385683477233
grm_G = 222.82518039659175
grm_apex = 17.815109766687517
d_grm_cam  = 21.60848597053543
cam_dec_x = -0.3021676984971665
cam_dec_y = 0.2503607272628984
cam_tilt_x = -0.018615515112918434
cam_tilt_y = -0.015038862746645641
d_cam_ff  = -160.40097503803517
ccd_ff_dec_x = -0.003537489135613407
ccd_ff_dec_y = 0.00017128399033772103
ccd_ff_tilt_x = 0.14602294285149714
ccd_ff_tilt_y = -0.5720876042724392
ccd_ff_tilt_z = 0.1726129645287194
d_ff_ccd  = -4.811243674267765
ccd_dec_x = 0.6207034354347294
ccd_dec_y = 5.15529555163379
ccd_defocus = 0.3163046916226139
ccd_tilt_x = 0.007737234691955022
ccd_tilt_y = -0.014005425431630115
ccd_tilt_z = 3.171347555993131e-06
p = 1.0214999999999998e-05