slit_dec_x_a = -0.181778666534
slit_dec_y_a = -0.18243150017
slit_dec_x_b = 0.14512077562974193
slit_dec_y_b = -0.05510809031835813
slit_defocus = -0.002192492659027695
slit_tilt_x = 1.1346946914271587
slit_tilt_y = -8.56828161237974
slit_tilt_z = -9.003604062631116
d_slit_col = 1594.3039334022417
coll_tilt_x = 0.08640497872532346
coll_tilt_y = -0.022038305336721714
ech_G = 31.610895552052007
ech_blaze = -74.99559283655583
ech_gamma = 1.158166183660146
echelle_z = 0.05722503750524987
d_col_trf = -1588.0162679657683
trf_mirror_tilt_x = 0.12251110168464767
trf_mirror_tilt_y = 0.018666862879666412
d_col_grm = 0.01502023823775625
grism_dec_x = 236.39747613107573
grism_dec_y = -0.005019335696121352
grm_tilt_x = -0.024750132240568094
grm_tilt_y = 2.3274039647407827
grm_G = 222.78573209379655
grm_apex = 17.80915602289312
d_grm_cam  = 21.60446771305875
cam_dec_x = -0.2836060229121503
cam_dec_y = 0.28971431996027147
cam_tilt_x = 0.004320755735993698
cam_tilt_y = -0.027781478160496063
d_cam_ff  = -160.56967467667633
ccd_ff_dec_x = -0.02276460957938141
ccd_ff_dec_y = -0.04779300706834958
ccd_ff_tilt_x = 0.1650249144968524
ccd_ff_tilt_y = -0.5895992562853443
ccd_ff_tilt_z = 0.17181468073583447
d_ff_ccd  = -4.785379868360228
ccd_dec_x = 0.5518998858656206
ccd_dec_y = 5.106339781905242
ccd_defocus = 0.31579414434371667
ccd_tilt_x = 0.021384892674518017
ccd_tilt_y = -0.004205476973749397
ccd_tilt_z = 2.958469957100671e-07
p = 1.0214999999999998e-05