slit_dec_x_a = -0.181778666534
slit_dec_y_a = -0.18243150017
slit_dec_x_b = 0.14512077562974193
slit_dec_y_b = -0.05510809031835813
slit_defocus = -0.013792023161378486
slit_tilt_x = 1.0540988068909252
slit_tilt_y = -8.559934364747974
slit_tilt_z = -9.026927776049316
d_slit_col = 1594.2902363795222
coll_tilt_x = 0.12138945918168963
coll_tilt_y = -0.026509924255552597
ech_G = 31.614559477206946
ech_blaze = -74.99489490048582
ech_gamma = 1.1556342577428065
echelle_z = 0.057005066455876746
d_col_trf = -1588.0163625417833
trf_mirror_tilt_x = 0.00735361535845849
trf_mirror_tilt_y = 0.15538121014547251
d_col_grm = 0.035626896672521606
grism_dec_x = 236.38327134635998
grism_dec_y = 0.009243830762465415
grm_tilt_x = -0.023510119909004704
grm_tilt_y = 2.3257937907385067
grm_G = 222.78407364633836
grm_apex = 17.766478712438445
d_grm_cam  = 21.60469924490738
cam_dec_x = -0.27109728603234107
cam_dec_y = 0.2909275963958231
cam_tilt_x = 0.012412024956209956
cam_tilt_y = 0.00887799454988322
d_cam_ff  = -160.07719069312947
ccd_ff_dec_x = -0.023803153158888934
ccd_ff_dec_y = 0.04205570620895672
ccd_ff_tilt_x = 0.033560818776309675
ccd_ff_tilt_y = -0.5909840455533023
ccd_ff_tilt_z = 0.17191180797806146
d_ff_ccd  = -4.815997518095997
ccd_dec_x = 0.5532939125637715
ccd_dec_y = 5.107635101643547
ccd_defocus = 0.28582727135600233
ccd_tilt_x = 0.03265841741774874
ccd_tilt_y = -0.0020888346910778966
ccd_tilt_z = 4.712365626398375e-06
p = 0.0001