slit_dec_x_a = -0.1704010755187174
slit_dec_y_a = -0.1956586180351446
slit_dec_x_b = 0.175
slit_dec_y_b = -1.86352854095109e-96
slit_defocus = 0.02137269442421969
slit_tilt_x = 1.11402052594729
slit_tilt_y = -8.538410993182517
slit_tilt_z = -8.99156299695167
d_slit_col = 1594.3100041606906
coll_tilt_x = 0.11322520678656639
coll_tilt_y = -0.028867375386742465
ech_G = 31.61323706366517
ech_blaze = -74.97482896841657
ech_gamma = 1.1389767634744115
echelle_z = 0.07476965475605116
d_col_trf = -1588.0172284921555
trf_mirror_tilt_x = 0.02627848611588157
trf_mirror_tilt_y = 0.1622924963420003
d_col_grm = -0.004823872660563294
grism_dec_x = 236.4233242329727
grism_dec_y = 0.03815098482010773
grm_tilt_x = -0.014057060799230395
grm_tilt_y = 2.305269979966842
grm_G = 222.82400859877694
grm_apex = 17.79105114774579
d_grm_cam  = 21.609822995214685
cam_dec_x = -0.3095248761269984
cam_dec_y = 0.2472288885908164
cam_tilt_x = -0.011066148279688298
cam_tilt_y = 0.0037555949324427403
d_cam_ff  = -160.0574438037535
ccd_ff_dec_x = -0.0026019020394690657
ccd_ff_dec_y = 0.053076402014568626
ccd_ff_tilt_x = 0.019549597008176493
ccd_ff_tilt_y = -0.572801107455308
ccd_ff_tilt_z = 0.18005196989108027
d_ff_ccd  = -4.838907166802452
ccd_dec_x = 0.6213965198079525
ccd_dec_y = 5.157148227517906
ccd_defocus = 0.28069639388707307
ccd_tilt_x = 0.005010105536787922
ccd_tilt_y = -0.010916999757262324
ccd_tilt_z = 5.113107730330498e-06
p = 0.0001