slit_dec_x_a = -0.17043009015268293
slit_dec_y_a = -0.19604768768537176
slit_dec_x_b = 0.175
slit_dec_y_b = -1.8633523835073254e-96
slit_defocus = 0.0055735200839379774
slit_tilt_x = 1.186118905873709
slit_tilt_y = -8.540010695550603
slit_tilt_z = -8.990859324700711
d_slit_col = 1594.2944387936443
coll_tilt_x = 0.08870437202293793
coll_tilt_y = -0.031828165759617374
ech_G = 31.610693458973486
ech_blaze = -74.9771394907243
ech_gamma = 1.1404045787107073
echelle_z = 0.07494979711983148
d_col_trf = -1588.0185520022935
trf_mirror_tilt_x = 0.13870562813728202
trf_mirror_tilt_y = 0.077598128165278
d_col_grm = -0.00952910612383899
grism_dec_x = 236.4342810058132
grism_dec_y = 0.03424012077928365
grm_tilt_x = -0.015758857644007328
grm_tilt_y = 2.3043627600897816
grm_G = 222.8251673494191
grm_apex = 17.815112488321507
d_grm_cam  = 21.608486847999924
cam_dec_x = -0.30212787313206385
cam_dec_y = 0.25037211759154376
cam_tilt_x = -0.01839114741293757
cam_tilt_y = -0.015027691501895632
d_cam_ff  = -160.40097155669827
ccd_ff_dec_x = -0.003540880063840141
ccd_ff_dec_y = 0.00015218387201993558
ccd_ff_tilt_x = 0.14601856162699098
ccd_ff_tilt_y = -0.5721051680513669
ccd_ff_tilt_z = 0.17256962988882346
d_ff_ccd  = -4.811229567442089
ccd_dec_x = 0.6206713495913786
ccd_dec_y = 5.155271410352347
ccd_defocus = 0.31630412961541904
ccd_tilt_x = 0.007762135033907836
ccd_tilt_y = -0.014018235180241692
ccd_tilt_z = 3.161263576236889e-06
p = 1.9078181818181824e-05