slit_dec_x_a = -0.181778666534
slit_dec_y_a = -0.18243150017
slit_dec_x_b = 0.14512077562974193
slit_dec_y_b = -0.05510809031835813
slit_defocus = -0.002212301695114299
slit_tilt_x = 1.1346901589839078
slit_tilt_y = -8.568295996251633
slit_tilt_z = -9.003628349228375
d_slit_col = 1594.3039085588136
coll_tilt_x = 0.08643514466327404
coll_tilt_y = -0.022048118118815196
ech_G = 31.61091661617114
ech_blaze = -74.99572871454424
ech_gamma = 1.1581306494006645
echelle_z = 0.05721009591002689
d_col_trf = -1588.0162060164707
trf_mirror_tilt_x = 0.1225060657041458
trf_mirror_tilt_y = 0.018689163024804563
d_col_grm = 0.01499194004822226
grism_dec_x = 236.3974874501945
grism_dec_y = -0.005047538648669337
grm_tilt_x = -0.024816131119082915
grm_tilt_y = 2.327401033888214
grm_G = 222.78566318009862
grm_apex = 17.80918270921057
d_grm_cam  = 21.604455249836946
cam_dec_x = -0.28363038935994545
cam_dec_y = 0.28970826550249673
cam_tilt_x = 0.004357426449794365
cam_tilt_y = -0.027809598579348963
d_cam_ff  = -160.56968079415356
ccd_ff_dec_x = -0.02301118168240863
ccd_ff_dec_y = -0.04777568724097888
ccd_ff_tilt_x = 0.1650482707422165
ccd_ff_tilt_y = -0.5896002042943448
ccd_ff_tilt_z = 0.17182784910398993
d_ff_ccd  = -4.785359725485384
ccd_dec_x = 0.5519799388420789
ccd_dec_y = 5.106458793239205
ccd_defocus = 0.3158015294421914
ccd_tilt_x = 0.0214281969945752
ccd_tilt_y = -0.0041827947026908865
ccd_tilt_z = 2.2333733722128854e-07
p = 1.9078181818181824e-05