slit_dec_x_a = -0.1703798996890524
slit_dec_y_a = -0.19576083848753587
slit_dec_x_b = 0.175
slit_dec_y_b = -2.4595713760541206e-96
slit_defocus = 0.005532344041039212
slit_tilt_x = 1.1861177646339531
slit_tilt_y = -8.540127274612178
slit_tilt_z = -8.99081607955896
d_slit_col = 1594.2944766715798
coll_tilt_x = 0.08860409235092884
coll_tilt_y = -0.03177159951288555
ech_G = 31.61068887724081
ech_blaze = -74.97720225707481
ech_gamma = 1.1405098680203698
echelle_z = 0.0754117396487324
d_col_trf = -1588.0186185890848
trf_mirror_tilt_x = 0.13866956428018878
trf_mirror_tilt_y = 0.07754398184505112
d_col_grm = -0.00954341149927648
grism_dec_x = 236.43436631697028
grism_dec_y = 0.03424263550756524
grm_tilt_x = -0.01578576510976118
grm_tilt_y = 2.3043578313531783
grm_G = 222.82520581869034
grm_apex = 17.8151162448245
d_grm_cam  = 21.608469111532326
cam_dec_x = -0.30212836800270304
cam_dec_y = 0.2503291742267729
cam_tilt_x = -0.018379596798098446
cam_tilt_y = -0.01503831590760469
d_cam_ff  = -160.40099304687917
ccd_ff_dec_x = -0.0035447796066383165
ccd_ff_dec_y = 0.00016311890292738202
ccd_ff_tilt_x = 0.14601523009320422
ccd_ff_tilt_y = -0.5720312168725709
ccd_ff_tilt_z = 0.17252233631772984
d_ff_ccd  = -4.8112394149673285
ccd_dec_x = 0.6206381107959461
ccd_dec_y = 5.155270402301606
ccd_defocus = 0.3163347339421743
ccd_tilt_x = 0.007804691715767719
ccd_tilt_y = -0.014019926676148146
ccd_tilt_z = 3.3588251253702897e-06
p = 3.6109166666666663e-06