slit_dec_x_a = -0.1704010755187174
slit_dec_y_a = -0.1956586180351446
slit_dec_x_b = 0.175
slit_dec_y_b = -1.8556295330894004e-96
slit_defocus = 0.02141058819021692
slit_tilt_x = 1.114001081062176
slit_tilt_y = -8.538472854930736
slit_tilt_z = -8.991572711950617
d_slit_col = 1594.3099186934244
coll_tilt_x = 0.11322400475282804
coll_tilt_y = -0.028846494206624673
ech_G = 31.613228310825313
ech_blaze = -74.97483726082102
ech_gamma = 1.1389760195804555
echelle_z = 0.07476887548458541
d_col_trf = -1588.017232143636
trf_mirror_tilt_x = 0.02626360126293542
trf_mirror_tilt_y = 0.16224866505597277
d_col_grm = -0.004810169121186662
grism_dec_x = 236.42331180400407
grism_dec_y = 0.03819500120017924
grm_tilt_x = -0.014053613945130232
grm_tilt_y = 2.305276112822962
grm_G = 222.82400030233694
grm_apex = 17.791031528489885
d_grm_cam  = 21.609822198825253
cam_dec_x = -0.3095232492358446
cam_dec_y = 0.24723631317510628
cam_tilt_x = -0.011025501897048894
cam_tilt_y = 0.003680639745315347
d_cam_ff  = -160.05737330870866
ccd_ff_dec_x = -0.00259539585013101
ccd_ff_dec_y = 0.05307871521885374
ccd_ff_tilt_x = 0.019478555740488925
ccd_ff_tilt_y = -0.5728023830307918
ccd_ff_tilt_z = 0.18005224055243513
d_ff_ccd  = -4.838985301309933
ccd_dec_x = 0.621404934526965
ccd_dec_y = 5.157146351407945
ccd_defocus = 0.2806674668524495
ccd_tilt_x = 0.00500834829087463
ccd_tilt_y = -0.010889245060182733
ccd_tilt_z = 5.054395675854555e-06
p = 0.0001