slit_dec_x_a = -0.181778666534
slit_dec_y_a = -0.18243150017
slit_dec_x_b = 0.14512077562974193
slit_dec_y_b = -0.05510809031835813
slit_defocus = -0.0022015815822745695
slit_tilt_x = 1.134669021227337
slit_tilt_y = -8.568233403263045
slit_tilt_z = -9.003638313704114
d_slit_col = 1594.3039431130678
coll_tilt_x = 0.08647934070465306
coll_tilt_y = -0.021988128903546414
ech_G = 31.610902877375892
ech_blaze = -74.99556173340224
ech_gamma = 1.1581525784440367
echelle_z = 0.05758172799888823
d_col_trf = -1588.0161328661443
trf_mirror_tilt_x = 0.12254513019339774
trf_mirror_tilt_y = 0.018633675395264462
d_col_grm = 0.01509564465711131
grism_dec_x = 236.39742876254968
grism_dec_y = -0.005036830440715291
grm_tilt_x = -0.024915733156840626
grm_tilt_y = 2.327220808703879
grm_G = 222.78570303942394
grm_apex = 17.809224325595462
d_grm_cam  = 21.60456415423994
cam_dec_x = -0.28355748488684074
cam_dec_y = 0.2897117262810743
cam_tilt_x = 0.004307393768563893
cam_tilt_y = -0.027798100321621038
d_cam_ff  = -160.56985978486912
ccd_ff_dec_x = -0.022719644004939987
ccd_ff_dec_y = -0.047802885929804306
ccd_ff_tilt_x = 0.16504215813447795
ccd_ff_tilt_y = -0.5896732965356364
ccd_ff_tilt_z = 0.17177136249614725
d_ff_ccd  = -4.785413517818035
ccd_dec_x = 0.5517988546003391
ccd_dec_y = 5.106218230903569
ccd_defocus = 0.31573842750441544
ccd_tilt_x = 0.021331954566675547
ccd_tilt_y = -0.0042090872078752095
ccd_tilt_z = 3.594724342387907e-07
p = 9.071333333333334e-06