slit_dec_x_a = -0.17041267016700035
slit_dec_y_a = -0.1960297802620152
slit_dec_x_b = 0.175
slit_dec_y_b = -1.5400932022121774e-96
slit_defocus = 0.00557871506020053
slit_tilt_x = 1.186120212926086
slit_tilt_y = -8.540037641096458
slit_tilt_z = -8.990859561415125
d_slit_col = 1594.2944943916527
coll_tilt_x = 0.08871620662806864
coll_tilt_y = -0.031910915263303
ech_G = 31.61065095653175
ech_blaze = -74.97677207329902
ech_gamma = 1.140331818300744
echelle_z = 0.07478205517433709
d_col_trf = -1588.0185438098865
trf_mirror_tilt_x = 0.13868009278489177
trf_mirror_tilt_y = 0.07752862888587428
d_col_grm = -0.009542641800654995
grism_dec_x = 236.43432704507694
grism_dec_y = 0.034170890757864655
grm_tilt_x = -0.015952375899363366
grm_tilt_y = 2.304392793823105
grm_G = 222.825169360553
grm_apex = 17.815120430018265
d_grm_cam  = 21.608488400952872
cam_dec_x = -0.3021197210257239
cam_dec_y = 0.25033471852173395
cam_tilt_x = -0.018438444710756043
cam_tilt_y = -0.015092194151607029
d_cam_ff  = -160.40094920372516
ccd_ff_dec_x = -0.003515224254196247
ccd_ff_dec_y = 0.0002516250236818199
ccd_ff_tilt_x = 0.14603647600612335
ccd_ff_tilt_y = -0.5720621316873723
ccd_ff_tilt_z = 0.17256863795327523
d_ff_ccd  = -4.81129956428174
ccd_dec_x = 0.6206835934978526
ccd_dec_y = 5.155297632326961
ccd_defocus = 0.3162641096704777
ccd_tilt_x = 0.007738574723527012
ccd_tilt_y = -0.014136718030276751
ccd_tilt_z = 3.132575558503051e-06
p = 9.071333333333334e-06