slit_dec_x_a = -0.1704010755187174
slit_dec_y_a = -0.1956586180351446
slit_dec_x_b = 0.175
slit_dec_y_b = -1.8812250817150573e-96
slit_defocus = 0.021356557294927452
slit_tilt_x = 1.114035852555302
slit_tilt_y = -8.538369558068222
slit_tilt_z = -8.991640976280454
d_slit_col = 1594.3100394762964
coll_tilt_x = 0.11319768807261875
coll_tilt_y = -0.0288913357458021
ech_G = 31.613229154035135
ech_blaze = -74.97482999712793
ech_gamma = 1.1389768837251286
echelle_z = 0.07477576017887534
d_col_trf = -1588.017233946144
trf_mirror_tilt_x = 0.026349622569188262
trf_mirror_tilt_y = 0.16216867339222105
d_col_grm = -0.004796047744185732
grism_dec_x = 236.423306963409
grism_dec_y = 0.03813433432504353
grm_tilt_x = -0.014055291078923053
grm_tilt_y = 2.3052707160966586
grm_G = 222.82400679221132
grm_apex = 17.791014928347835
d_grm_cam  = 21.609815488935197
cam_dec_x = -0.30951520013758926
cam_dec_y = 0.24726850755552623
cam_tilt_x = -0.011024723276762141
cam_tilt_y = 0.003769060613510653
d_cam_ff  = -160.05746911297413
ccd_ff_dec_x = -0.002601502699118391
ccd_ff_dec_y = 0.05307980569611273
ccd_ff_tilt_x = 0.019587594469795307
ccd_ff_tilt_y = -0.5728057227715218
ccd_ff_tilt_z = 0.18004947838957588
d_ff_ccd  = -4.838935645685347
ccd_dec_x = 0.6214050941304419
ccd_dec_y = 5.157143876954109
ccd_defocus = 0.2807166734085918
ccd_tilt_x = 0.005056972485621468
ccd_tilt_y = -0.010854220505974328
ccd_tilt_z = 5.0654104134700976e-06
p = 0.0001