slit_dec_x_a = -0.17046165216224582
slit_dec_y_a = -0.19605855557325524
slit_dec_x_b = 0.175
slit_dec_y_b = -2.1480366447174703e-96
slit_defocus = 0.005523794919698971
slit_tilt_x = 1.186117756920935
slit_tilt_y = -8.540049892481138
slit_tilt_z = -8.99085595420871
d_slit_col = 1594.2944512896304
coll_tilt_x = 0.0887885034816062
coll_tilt_y = -0.03171278979311525
ech_G = 31.61067876790184
ech_blaze = -74.97702664395513
ech_gamma = 1.1405929877676024
echelle_z = 0.07503854362227949
d_col_trf = -1588.0185631263796
trf_mirror_tilt_x = 0.13873158031618057
trf_mirror_tilt_y = 0.07757744674052097
d_col_grm = -0.009525019841798306
grism_dec_x = 236.43429896205205
grism_dec_y = 0.034219089044242125
grm_tilt_x = -0.015744119319343757
grm_tilt_y = 2.304373624278778
grm_G = 222.82523183951474
grm_apex = 17.81510447505227
d_grm_cam  = 21.60848292907529
cam_dec_x = -0.302103788015715
cam_dec_y = 0.25037926366305735
cam_tilt_x = -0.018228123093437087
cam_tilt_y = -0.01501000897062633
d_cam_ff  = -160.40093746924748
ccd_ff_dec_x = -0.0035532643957089612
ccd_ff_dec_y = 0.00013701883676248594
ccd_ff_tilt_x = 0.14599819104753536
ccd_ff_tilt_y = -0.5720631901341444
ccd_ff_tilt_z = 0.17255684727670115
d_ff_ccd  = -4.811221888871939
ccd_dec_x = 0.6206428616244256
ccd_dec_y = 5.155264817797002
ccd_defocus = 0.3163311405747083
ccd_tilt_x = 0.007781161451517145
ccd_tilt_y = -0.014004750620283177
ccd_tilt_z = 3.2859961044672253e-06
p = 6.8141666666666665e-06