slit_dec_x_a = -0.181778666534
slit_dec_y_a = -0.18243150017
slit_dec_x_b = 0.14512077562974193
slit_dec_y_b = -0.05510809031835813
slit_defocus = -0.013818647685421098
slit_tilt_x = 1.0540169750902306
slit_tilt_y = -8.560000754367037
slit_tilt_z = -9.026838502540413
d_slit_col = 1594.2902816426501
coll_tilt_x = 0.12145872509890679
coll_tilt_y = -0.0265058784737255
ech_G = 31.61456178161536
ech_blaze = -74.99489398442311
ech_gamma = 1.1556373474525927
echelle_z = 0.05700448651471564
d_col_trf = -1588.016359240491
trf_mirror_tilt_x = 0.007308441383276614
trf_mirror_tilt_y = 0.15545099059939177
d_col_grm = 0.03565927000353678
grism_dec_x = 236.3832369309338
grism_dec_y = 0.009208613860702295
grm_tilt_x = -0.023510860930655523
grm_tilt_y = 2.325789110049616
grm_G = 222.7840721983284
grm_apex = 17.766575376599675
d_grm_cam  = 21.604700863101943
cam_dec_x = -0.2710835537007501
cam_dec_y = 0.2909300108790678
cam_tilt_x = 0.012471090059270662
cam_tilt_y = 0.008821068650903824
d_cam_ff  = -160.07729816223699
ccd_ff_dec_x = -0.023801329740334828
ccd_ff_dec_y = 0.0420290543112854
ccd_ff_tilt_x = 0.03347300902898486
ccd_ff_tilt_y = -0.5909807825042214
ccd_ff_tilt_z = 0.17192129461765784
d_ff_ccd  = -4.816014458252589
ccd_dec_x = 0.5532993688686921
ccd_dec_y = 5.107628465541943
ccd_defocus = 0.285813161146078
ccd_tilt_x = 0.03263568490507995
ccd_tilt_y = -0.002163168660323705
ccd_tilt_z = 4.7126224557886345e-06
p = 0.0001