slit_dec_x_a = -0.1704010755187174
slit_dec_y_a = -0.1956586180351446
slit_dec_x_b = 0.175
slit_dec_y_b = -1.8653610589705257e-96
slit_defocus = 0.021384233206962658
slit_tilt_x = 1.1139706268147804
slit_tilt_y = -8.538481142852818
slit_tilt_z = -8.991626633654908
d_slit_col = 1594.3099767529034
coll_tilt_x = 0.11322732105442193
coll_tilt_y = -0.028929644888679884
ech_G = 31.613230980382763
ech_blaze = -74.9748277798439
ech_gamma = 1.1389753729148404
echelle_z = 0.07477532516832268
d_col_trf = -1588.017228581662
trf_mirror_tilt_x = 0.026273067609022007
trf_mirror_tilt_y = 0.1622925617674669
d_col_grm = -0.004877960392438802
grism_dec_x = 236.42327982304374
grism_dec_y = 0.03819773675333875
grm_tilt_x = -0.01404929167113935
grm_tilt_y = 2.3052772038507023
grm_G = 222.8239982941064
grm_apex = 17.791070384112796
d_grm_cam  = 21.609819120261154
cam_dec_x = -0.3094796418717762
cam_dec_y = 0.2472739626307106
cam_tilt_x = -0.011074757782968727
cam_tilt_y = 0.0037879806579899943
d_cam_ff  = -160.05754791366513
ccd_ff_dec_x = -0.002602202101926644
ccd_ff_dec_y = 0.05310643925374263
ccd_ff_tilt_x = 0.019423476885754583
ccd_ff_tilt_y = -0.5728029283329228
ccd_ff_tilt_z = 0.18004782894584243
d_ff_ccd  = -4.838895126912719
ccd_dec_x = 0.6214064953727877
ccd_dec_y = 5.157151729853538
ccd_defocus = 0.28071647934691646
ccd_tilt_x = 0.005081308299329017
ccd_tilt_y = -0.010929376806379825
ccd_tilt_z = 5.034286353370877e-06
p = 0.0001