slit_dec_x_a = -0.17046720390645717
slit_dec_y_a = -0.19609246256474994
slit_dec_x_b = 0.175
slit_dec_y_b = -1.939707868766266e-96
slit_defocus = 0.00555428147682367
slit_tilt_x = 1.1861239986814858
slit_tilt_y = -8.540036961181265
slit_tilt_z = -8.990863961320404
d_slit_col = 1594.2944389744189
coll_tilt_x = 0.08867761027937629
coll_tilt_y = -0.031740562546204866
ech_G = 31.610674674600425
ech_blaze = -74.9771777450483
ech_gamma = 1.1405603841903007
echelle_z = 0.07494080716705098
d_col_trf = -1588.0185607662665
trf_mirror_tilt_x = 0.13871472049865047
trf_mirror_tilt_y = 0.07760666718218481
d_col_grm = -0.009515912566825865
grism_dec_x = 236.43428684124672
grism_dec_y = 0.03422538923632581
grm_tilt_x = -0.015783214611661503
grm_tilt_y = 2.304372016861049
grm_G = 222.82519901742845
grm_apex = 17.815107365774775
d_grm_cam  = 21.608475044102526
cam_dec_x = -0.30210977237347214
cam_dec_y = 0.2504020385878469
cam_tilt_x = -0.01812607721741613
cam_tilt_y = -0.015010990004505852
d_cam_ff  = -160.40096223100565
ccd_ff_dec_x = -0.003539985311371713
ccd_ff_dec_y = 0.00014504699785048062
ccd_ff_tilt_x = 0.14598156049075625
ccd_ff_tilt_y = -0.5720560970279371
ccd_ff_tilt_z = 0.17255471332192662
d_ff_ccd  = -4.811233975268745
ccd_dec_x = 0.6206434428817348
ccd_dec_y = 5.1552499829966285
ccd_defocus = 0.31632753020008886
ccd_tilt_x = 0.007750825643140388
ccd_tilt_y = -0.014008617428217435
ccd_tilt_z = 3.2068231045092293e-06
p = 4.9275e-06