slit_dec_x_a = -0.181778666534
slit_dec_y_a = -0.18243150017
slit_dec_x_b = 0.14512077562974193
slit_dec_y_b = -0.05510809031835813
slit_defocus = -0.0021866610788834227
slit_tilt_x = 1.1347034923031525
slit_tilt_y = -8.568303343108134
slit_tilt_z = -9.003626251171099
d_slit_col = 1594.3039114081912
coll_tilt_x = 0.08643405632142862
coll_tilt_y = -0.02203391606747282
ech_G = 31.61089454639301
ech_blaze = -74.99561437777076
ech_gamma = 1.1582131355092882
echelle_z = 0.0570289674537397
d_col_trf = -1588.016233356575
trf_mirror_tilt_x = 0.12250879242583924
trf_mirror_tilt_y = 0.01870337705726922
d_col_grm = 0.014976766967415836
grism_dec_x = 236.3974756818283
grism_dec_y = -0.0050721338802443925
grm_tilt_x = -0.02475870624330816
grm_tilt_y = 2.3274140280509354
grm_G = 222.78571749506318
grm_apex = 17.80915469872257
d_grm_cam  = 21.604526883079757
cam_dec_x = -0.28364690009039933
cam_dec_y = 0.2897373331578881
cam_tilt_x = 0.004354789901211364
cam_tilt_y = -0.027796270454833686
d_cam_ff  = -160.5695403559157
ccd_ff_dec_x = -0.023032027046407635
ccd_ff_dec_y = -0.047796104134727166
ccd_ff_tilt_x = 0.16503283699027502
ccd_ff_tilt_y = -0.5896507121602058
ccd_ff_tilt_z = 0.1717714838388059
d_ff_ccd  = -4.785373742141988
ccd_dec_x = 0.551857781895563
ccd_dec_y = 5.1065555913943745
ccd_defocus = 0.3158456453036307
ccd_tilt_x = 0.021421214652427866
ccd_tilt_y = -0.004226531028587039
ccd_tilt_z = 2.4595398427822767e-07
p = 4.9275e-06