slit_dec_x_a = -0.17040337467565794
slit_dec_y_a = -0.1958579978167932
slit_dec_x_b = 0.175
slit_dec_y_b = -1.8560695421861024e-96
slit_defocus = 0.005600837804863724
slit_tilt_x = 1.1861213542134919
slit_tilt_y = -8.540006892791817
slit_tilt_z = -8.990848178547598
d_slit_col = 1594.2944872002731
coll_tilt_x = 0.08867327979955827
coll_tilt_y = -0.031984377187396794
ech_G = 31.610642560651936
ech_blaze = -74.97679099480376
ech_gamma = 1.140253212946751
echelle_z = 0.07482708602774722
d_col_trf = -1588.0185148836179
trf_mirror_tilt_x = 0.1386975035058634
trf_mirror_tilt_y = 0.07753261509889732
d_col_grm = -0.009523874984142111
grism_dec_x = 236.43435501476228
grism_dec_y = 0.034157746206905565
grm_tilt_x = -0.01587049501978203
grm_tilt_y = 2.3043892746800463
grm_G = 222.82518860063738
grm_apex = 17.815092525495
d_grm_cam  = 21.60850517934574
cam_dec_x = -0.30210446506153943
cam_dec_y = 0.2503289155305709
cam_tilt_x = -0.018536798570884607
cam_tilt_y = -0.015115910813128424
d_cam_ff  = -160.4009623885984
ccd_ff_dec_x = -0.0035100420488051063
ccd_ff_dec_y = 0.00026165293988311905
ccd_ff_tilt_x = 0.14604096060729777
ccd_ff_tilt_y = -0.5720659043251014
ccd_ff_tilt_z = 0.17259016371864644
d_ff_ccd  = -4.811317364357519
ccd_dec_x = 0.6206870133911776
ccd_dec_y = 5.155284211505324
ccd_defocus = 0.3162820659398205
ccd_tilt_x = 0.007754654824256485
ccd_tilt_y = -0.014108617899620209
ccd_tilt_z = 3.1302246857207435e-06
p = 5.620272727272727e-06