slit_dec_x_a = -0.181778666534
slit_dec_y_a = -0.18243150017
slit_dec_x_b = 0.14512077562974193
slit_dec_y_b = -0.05510809031835813
slit_defocus = -0.01388332014136796
slit_tilt_x = 1.0541150816093758
slit_tilt_y = -8.560015044836433
slit_tilt_z = -9.026837784406277
d_slit_col = 1594.2903401803246
coll_tilt_x = 0.12145658711564532
coll_tilt_y = -0.026520412856309104
ech_G = 31.6145663070581
ech_blaze = -74.99488350305258
ech_gamma = 1.1556447173157722
echelle_z = 0.05700776417344764
d_col_trf = -1588.016363525555
trf_mirror_tilt_x = 0.007331627121083037
trf_mirror_tilt_y = 0.15539403304819063
d_col_grm = 0.035691102885918105
grism_dec_x = 236.38323983478955
grism_dec_y = 0.009322792643513997
grm_tilt_x = -0.02350289796539631
grm_tilt_y = 2.325785124058202
grm_G = 222.784070386336
grm_apex = 17.76647232591587
d_grm_cam  = 21.604700289650815
cam_dec_x = -0.2712258583266459
cam_dec_y = 0.29097164749209314
cam_tilt_x = 0.012385644788346969
cam_tilt_y = 0.008828542555334827
d_cam_ff  = -160.07707454389444
ccd_ff_dec_x = -0.023807930977172712
ccd_ff_dec_y = 0.04207756821145812
ccd_ff_tilt_x = 0.03349043464344651
ccd_ff_tilt_y = -0.5909820390886713
ccd_ff_tilt_z = 0.17192097632804526
d_ff_ccd  = -4.815958713119965
ccd_dec_x = 0.5532914013034514
ccd_dec_y = 5.10762919184183
ccd_defocus = 0.2858273983033523
ccd_tilt_x = 0.032546489841329684
ccd_tilt_y = -0.0021661680265622723
ccd_tilt_z = 4.721044633993109e-06
p = 0.0001