slit_dec_x_a = -0.1704010755187174
slit_dec_y_a = -0.1956586180351446
slit_dec_x_b = 0.175
slit_dec_y_b = -1.8366627042516173e-96
slit_defocus = 0.021334558984818775
slit_tilt_x = 1.1139995724959644
slit_tilt_y = -8.53838376352081
slit_tilt_z = -8.991644784677488
d_slit_col = 1594.3099080294983
coll_tilt_x = 0.11314935153982493
coll_tilt_y = -0.028897744758272163
ech_G = 31.613223822071788
ech_blaze = -74.9748362273406
ech_gamma = 1.1389765740527704
echelle_z = 0.07477894886314239
d_col_trf = -1588.0172353139233
trf_mirror_tilt_x = 0.026345985756185093
trf_mirror_tilt_y = 0.16214735118481055
d_col_grm = -0.004809334374509461
grism_dec_x = 236.42332864756955
grism_dec_y = 0.038168194928152835
grm_tilt_x = -0.01405906993561788
grm_tilt_y = 2.3052738722312744
grm_G = 222.82400649341557
grm_apex = 17.79107137516987
d_grm_cam  = 21.609821210072553
cam_dec_x = -0.30957874603022045
cam_dec_y = 0.2472777667088593
cam_tilt_x = -0.011070084781762862
cam_tilt_y = 0.0037618151013558755
d_cam_ff  = -160.05741565459041
ccd_ff_dec_x = -0.0026034735663857398
ccd_ff_dec_y = 0.0530580092763613
ccd_ff_tilt_x = 0.01954023349485508
ccd_ff_tilt_y = -0.5728110556272524
ccd_ff_tilt_z = 0.18004819735935076
d_ff_ccd  = -4.838903967559772
ccd_dec_x = 0.6214047736566813
ccd_dec_y = 5.157148510955983
ccd_defocus = 0.28072882530052173
ccd_tilt_x = 0.005004471958134217
ccd_tilt_y = -0.01096583472088209
ccd_tilt_z = 5.059520848092569e-06
p = 0.0001