slit_dec_x_a = -0.181778666534
slit_dec_y_a = -0.18243150017
slit_dec_x_b = 0.14512077562974193
slit_dec_y_b = -0.05510809031835813
slit_defocus = -0.002182853064230138
slit_tilt_x = 1.1347027414258504
slit_tilt_y = -8.568286347598498
slit_tilt_z = -9.003625746875676
d_slit_col = 1594.303921165002
coll_tilt_x = 0.08643308978090551
coll_tilt_y = -0.022053947886496617
ech_G = 31.61089317784684
ech_blaze = -74.99559211164295
ech_gamma = 1.1581892243039487
echelle_z = 0.05713813413629186
d_col_trf = -1588.0162845079258
trf_mirror_tilt_x = 0.12251015128337467
trf_mirror_tilt_y = 0.018693514516192528
d_col_grm = 0.014980975630475174
grism_dec_x = 236.39748822482895
grism_dec_y = -0.005043827724566418
grm_tilt_x = -0.024778089882499316
grm_tilt_y = 2.327438146719199
grm_G = 222.7856735026263
grm_apex = 17.809179616716115
d_grm_cam  = 21.60452435101084
cam_dec_x = -0.28364776692691757
cam_dec_y = 0.28972625940045305
cam_tilt_x = 0.004370928857615304
cam_tilt_y = -0.027789487406812162
d_cam_ff  = -160.56955303488806
ccd_ff_dec_x = -0.023056416213833475
ccd_ff_dec_y = -0.04778491156723158
ccd_ff_tilt_x = 0.1650228463352845
ccd_ff_tilt_y = -0.5896693785229515
ccd_ff_tilt_z = 0.17179274971789238
d_ff_ccd  = -4.785367375481652
ccd_dec_x = 0.5519138115221668
ccd_dec_y = 5.106639143355259
ccd_defocus = 0.31583740670947863
ccd_tilt_x = 0.021430087780786092
ccd_tilt_y = -0.00422344151942861
ccd_tilt_z = 3.427130700464294e-07
p = 3.745166666666667e-06