slit_dec_x_a = -0.17041411588102448
slit_dec_y_a = -0.19591561281949554
slit_dec_x_b = 0.175
slit_dec_y_b = -1.6864034184926522e-96
slit_defocus = 0.005586771450001156
slit_tilt_x = 1.1861342392054945
slit_tilt_y = -8.54001553303333
slit_tilt_z = -8.990856268920322
d_slit_col = 1594.2944690023269
coll_tilt_x = 0.08874129246096779
coll_tilt_y = -0.03198668424198689
ech_G = 31.6106653585606
ech_blaze = -74.97682585154101
ech_gamma = 1.1402513123222542
echelle_z = 0.07481732681652037
d_col_trf = -1588.0185333860652
trf_mirror_tilt_x = 0.13869696472997795
trf_mirror_tilt_y = 0.0775368373188736
d_col_grm = -0.009540395707058868
grism_dec_x = 236.43435727788446
grism_dec_y = 0.03416343352545297
grm_tilt_x = -0.015996171026098314
grm_tilt_y = 2.3043758733143105
grm_G = 222.8251887300627
grm_apex = 17.81510700247872
d_grm_cam  = 21.608493055413863
cam_dec_x = -0.30210559896613975
cam_dec_y = 0.25033430708241483
cam_tilt_x = -0.018453614300705145
cam_tilt_y = -0.01510610037786911
d_cam_ff  = -160.40096840284687
ccd_ff_dec_x = -0.0035056391390996303
ccd_ff_dec_y = 0.00026094622199983666
ccd_ff_tilt_x = 0.14604301904807887
ccd_ff_tilt_y = -0.5720570358897801
ccd_ff_tilt_z = 0.1725902639705951
d_ff_ccd  = -4.811303656051347
ccd_dec_x = 0.6206897633506521
ccd_dec_y = 5.155292890673642
ccd_defocus = 0.3162838161719627
ccd_tilt_x = 0.007744384354711381
ccd_tilt_y = -0.014120451367131618
ccd_tilt_z = 3.104106839004867e-06
p = 8.358749999999999e-06