slit_dec_x_a = -0.181778666534
slit_dec_y_a = -0.18243150017
slit_dec_x_b = 0.14512077562974193
slit_dec_y_b = -0.05510809031835813
slit_defocus = -0.0021964410518428715
slit_tilt_x = 1.1346661684374237
slit_tilt_y = -8.568230287216185
slit_tilt_z = -9.003629472120322
d_slit_col = 1594.303951177798
coll_tilt_x = 0.08647050825257857
coll_tilt_y = -0.02197869749899519
ech_G = 31.610912783301472
ech_blaze = -74.99564087434194
ech_gamma = 1.158082320687851
echelle_z = 0.05755951495440562
d_col_trf = -1588.0162226863956
trf_mirror_tilt_x = 0.12251275001761534
trf_mirror_tilt_y = 0.018621438776490366
d_col_grm = 0.015097287451536491
grism_dec_x = 236.39743611265925
grism_dec_y = -0.005013602246173923
grm_tilt_x = -0.024887478166055885
grm_tilt_y = 2.3270730773352257
grm_G = 222.7856965138482
grm_apex = 17.809215196048406
d_grm_cam  = 21.604593087903098
cam_dec_x = -0.28357276610575716
cam_dec_y = 0.2897000896291415
cam_tilt_x = 0.00429527130282325
cam_tilt_y = -0.027795859408789793
d_cam_ff  = -160.56967204776316
ccd_ff_dec_x = -0.022870849652115142
ccd_ff_dec_y = -0.04779172216687185
ccd_ff_tilt_x = 0.16503271655707935
ccd_ff_tilt_y = -0.5895994349466431
ccd_ff_tilt_z = 0.17178122026982845
d_ff_ccd  = -4.7854146688577375
ccd_dec_x = 0.5519070145978892
ccd_dec_y = 5.1061111183606895
ccd_defocus = 0.3157543556139148
ccd_tilt_x = 0.021329854436095565
ccd_tilt_y = -0.004223779259191442
ccd_tilt_z = 3.5716428583204754e-07
p = 8.358749999999999e-06