slit_dec_x_a = -0.1704010755187174
slit_dec_y_a = -0.1956586180351446
slit_dec_x_b = 0.175
slit_dec_y_b = -1.8332803872624451e-96
slit_defocus = 0.02135618729554225
slit_tilt_x = 1.1139547765302766
slit_tilt_y = -8.538435549418615
slit_tilt_z = -8.991626360746087
d_slit_col = 1594.3099438110648
coll_tilt_x = 0.11320119549438223
coll_tilt_y = -0.02888634401707222
ech_G = 31.613237902907372
ech_blaze = -74.97483466802429
ech_gamma = 1.1389766732925761
echelle_z = 0.07477319259274151
d_col_trf = -1588.0172269401437
trf_mirror_tilt_x = 0.026344644254430255
trf_mirror_tilt_y = 0.16223318561055775
d_col_grm = -0.0047935323951598255
grism_dec_x = 236.42324536714236
grism_dec_y = 0.038197381534205495
grm_tilt_x = -0.014058713428013542
grm_tilt_y = 2.3052752746938423
grm_G = 222.82400153943695
grm_apex = 17.79100117841233
d_grm_cam  = 21.609819336421353
cam_dec_x = -0.3095113624176666
cam_dec_y = 0.2471958666786422
cam_tilt_x = -0.011107908545917727
cam_tilt_y = 0.0037768603576205225
d_cam_ff  = -160.057595804715
ccd_ff_dec_x = -0.0026054925034591525
ccd_ff_dec_y = 0.05305037329347449
ccd_ff_tilt_x = 0.019515381580295164
ccd_ff_tilt_y = -0.5728015993963094
ccd_ff_tilt_z = 0.18003952779269317
d_ff_ccd  = -4.838942790381052
ccd_dec_x = 0.6214067168714785
ccd_dec_y = 5.15714973345662
ccd_defocus = 0.2806874151137087
ccd_tilt_x = 0.005062494022310019
ccd_tilt_y = -0.010896532908259801
ccd_tilt_z = 5.142978854795863e-06
p = 0.0001