slit_dec_x_a = -0.181778666534
slit_dec_y_a = -0.18243150017
slit_dec_x_b = 0.14512077562974193
slit_dec_y_b = -0.05510809031835813
slit_defocus = -0.01381212906626358
slit_tilt_x = 1.054092923650489
slit_tilt_y = -8.55990922439841
slit_tilt_z = -9.026862284897545
d_slit_col = 1594.2902477778177
coll_tilt_x = 0.12143527873309654
coll_tilt_y = -0.026511219031637563
ech_G = 31.614565600563925
ech_blaze = -74.9948939007253
ech_gamma = 1.1556422328625293
echelle_z = 0.05700828207601699
d_col_trf = -1588.0163588275545
trf_mirror_tilt_x = 0.007331641706617582
trf_mirror_tilt_y = 0.15549372181081034
d_col_grm = 0.03568821166722295
grism_dec_x = 236.38324363657725
grism_dec_y = 0.009247544874696262
grm_tilt_x = -0.023504438397013352
grm_tilt_y = 2.325784867996177
grm_G = 222.7840702400261
grm_apex = 17.766503944335557
d_grm_cam  = 21.604691278826298
cam_dec_x = -0.27111369622828013
cam_dec_y = 0.2908924737644101
cam_tilt_x = 0.012406044390229656
cam_tilt_y = 0.00878249682523396
d_cam_ff  = -160.0771378020809
ccd_ff_dec_x = -0.02380647876134024
ccd_ff_dec_y = 0.042060192295986266
ccd_ff_tilt_x = 0.03345354181807098
ccd_ff_tilt_y = -0.5909708287987713
ccd_ff_tilt_z = 0.17191548555932515
d_ff_ccd  = -4.815972536414699
ccd_dec_x = 0.553302549313527
ccd_dec_y = 5.107633251655973
ccd_defocus = 0.28581235021852064
ccd_tilt_x = 0.03254883977383843
ccd_tilt_y = -0.00208783152974334
ccd_tilt_z = 4.65993104104567e-06
p = 0.0001