slit_dec_x_a = -0.17039807968411988
slit_dec_y_a = -0.19578585716108643
slit_dec_x_b = 0.175
slit_dec_y_b = -2.5775730769468085e-96
slit_defocus = 0.005524701789111466
slit_tilt_x = 1.1861236409219977
slit_tilt_y = -8.540096589936663
slit_tilt_z = -8.990829500967664
d_slit_col = 1594.2944280232311
coll_tilt_x = 0.08855544207351111
coll_tilt_y = -0.03176109462517501
ech_G = 31.610672989939474
ech_blaze = -74.97708807650528
ech_gamma = 1.1405134297043769
echelle_z = 0.0754449844807617
d_col_trf = -1588.018585844515
trf_mirror_tilt_x = 0.13864728020236494
trf_mirror_tilt_y = 0.07753313128565313
d_col_grm = -0.009531640763006536
grism_dec_x = 236.4343035534002
grism_dec_y = 0.034234278009251225
grm_tilt_x = -0.015955935607394754
grm_tilt_y = 2.304372069060938
grm_G = 222.82518618482558
grm_apex = 17.815133412457108
d_grm_cam  = 21.608471404329634
cam_dec_x = -0.3021028467771719
cam_dec_y = 0.2503402919922213
cam_tilt_x = -0.018344534324727695
cam_tilt_y = -0.01501175375694206
d_cam_ff  = -160.40098685321917
ccd_ff_dec_x = -0.0035436398555096634
ccd_ff_dec_y = 0.00016762963911386882
ccd_ff_tilt_x = 0.1460183513849672
ccd_ff_tilt_y = -0.5720237227993497
ccd_ff_tilt_z = 0.1725468127835111
d_ff_ccd  = -4.811202264672856
ccd_dec_x = 0.6206395612540538
ccd_dec_y = 5.1552962545753305
ccd_defocus = 0.3163330631357326
ccd_tilt_x = 0.007798975296832455
ccd_tilt_y = -0.014016354294837274
ccd_tilt_z = 3.3559216382711355e-06
p = 1.7952727272727273e-06