slit_dec_x_a = -0.181778666534
slit_dec_y_a = -0.18243150017
slit_dec_x_b = 0.14512077562974193
slit_dec_y_b = -0.05510809031835813
slit_defocus = -0.0022051207632469614
slit_tilt_x = 1.1346854330701723
slit_tilt_y = -8.568375642105014
slit_tilt_z = -9.003572059732994
d_slit_col = 1594.3039834138083
coll_tilt_x = 0.08648247652340751
coll_tilt_y = -0.02205669864230775
ech_G = 31.610924085316153
ech_blaze = -74.995758879338
ech_gamma = 1.1581979386332155
echelle_z = 0.056725481051663335
d_col_trf = -1588.016305169181
trf_mirror_tilt_x = 0.12248692906484242
trf_mirror_tilt_y = 0.01872297043882161
d_col_grm = 0.014955046559235323
grism_dec_x = 236.39747783985834
grism_dec_y = -0.0050588235885040645
grm_tilt_x = -0.024713477791271928
grm_tilt_y = 2.327372950159622
grm_G = 222.78591313797878
grm_apex = 17.809079628826254
d_grm_cam  = 21.60493322225404
cam_dec_x = -0.2836348867604854
cam_dec_y = 0.2897595944868011
cam_tilt_x = 0.004337798467177109
cam_tilt_y = -0.027768313454725677
d_cam_ff  = -160.5695820986234
ccd_ff_dec_x = -0.022867839992840606
ccd_ff_dec_y = -0.04778021133151957
ccd_ff_tilt_x = 0.16503027124373096
ccd_ff_tilt_y = -0.5893654542024438
ccd_ff_tilt_z = 0.17179409000949478
d_ff_ccd  = -4.785406692652168
ccd_dec_x = 0.5518839750259243
ccd_dec_y = 5.106355887281576
ccd_defocus = 0.3158658218942006
ccd_tilt_x = 0.021370258265291747
ccd_tilt_y = -0.004196661680192289
ccd_tilt_z = 2.5677252653840426e-07
p = 1.7952727272727273e-06