slit_dec_x_a = -0.1704010755187174
slit_dec_y_a = -0.1956586180351446
slit_dec_x_b = 0.175
slit_dec_y_b = -1.7609191700143268e-96
slit_defocus = 0.02144539247152707
slit_tilt_x = 1.1139938262553697
slit_tilt_y = -8.53844259349668
slit_tilt_z = -8.99168745761952
d_slit_col = 1594.310046078239
coll_tilt_x = 0.1131851238846578
coll_tilt_y = -0.028860567086084313
ech_G = 31.613231284860586
ech_blaze = -74.97483061715404
ech_gamma = 1.1389753148914847
echelle_z = 0.07477178366746602
d_col_trf = -1588.0172271365454
trf_mirror_tilt_x = 0.02629539723882829
trf_mirror_tilt_y = 0.16219270542591988
d_col_grm = -0.004799749601066075
grism_dec_x = 236.423268831217
grism_dec_y = 0.0381560277019716
grm_tilt_x = -0.01405415124008914
grm_tilt_y = 2.3052725424976135
grm_G = 222.82400793806457
grm_apex = 17.791001788509462
d_grm_cam  = 21.60981455469959
cam_dec_x = -0.3095836060665842
cam_dec_y = 0.24734686549974294
cam_tilt_x = -0.011043493692217148
cam_tilt_y = 0.00379625646779019
d_cam_ff  = -160.05762749101277
ccd_ff_dec_x = -0.0025978118104039312
ccd_ff_dec_y = 0.052985293073206534
ccd_ff_tilt_x = 0.01953782688094686
ccd_ff_tilt_y = -0.5728011330338575
ccd_ff_tilt_z = 0.18005524222658625
d_ff_ccd  = -4.838874417342268
ccd_dec_x = 0.6214024802698682
ccd_dec_y = 5.157146207191202
ccd_defocus = 0.2806604433772575
ccd_tilt_x = 0.005071549029050513
ccd_tilt_y = -0.010860801920147638
ccd_tilt_z = 5.060783874063617e-06
p = 0.0001