slit_dec_x_a = -0.17040843357397328
slit_dec_y_a = -0.19589443926704603
slit_dec_x_b = 0.175
slit_dec_y_b = -2.2725704410309925e-96
slit_defocus = 0.005509107474630403
slit_tilt_x = 1.186118121934751
slit_tilt_y = -8.5400928746972
slit_tilt_z = -8.990845498307552
d_slit_col = 1594.294437562534
coll_tilt_x = 0.08857117731797116
coll_tilt_y = -0.031688444574915944
ech_G = 31.610660063142777
ech_blaze = -74.9770783661131
ech_gamma = 1.1405564529351202
echelle_z = 0.07532585705543515
d_col_trf = -1588.0185576300364
trf_mirror_tilt_x = 0.13869179407303558
trf_mirror_tilt_y = 0.07753504134202797
d_col_grm = -0.009536921101220296
grism_dec_x = 236.43432590480188
grism_dec_y = 0.034248146256318064
grm_tilt_x = -0.015892050590609205
grm_tilt_y = 2.3043531326218325
grm_G = 222.82521170703572
grm_apex = 17.815138107167897
d_grm_cam  = 21.608485447360742
cam_dec_x = -0.3021089115150076
cam_dec_y = 0.250349404834367
cam_tilt_x = -0.01816330854066063
cam_tilt_y = -0.015010463580826366
d_cam_ff  = -160.4009469804383
ccd_ff_dec_x = -0.0035543711630717126
ccd_ff_dec_y = 0.00014085873642723405
ccd_ff_tilt_x = 0.14604210343162602
ccd_ff_tilt_y = -0.5720285682199061
ccd_ff_tilt_z = 0.17254488788627473
d_ff_ccd  = -4.811237252339643
ccd_dec_x = 0.620662352200801
ccd_dec_y = 5.155296570563002
ccd_defocus = 0.31632434049721253
ccd_tilt_x = 0.007822801285753253
ccd_tilt_y = -0.013992866870455147
ccd_tilt_z = 3.283782002537953e-06
p = 1.213181818181818e-05