slit_dec_x_a = -0.181778666534
slit_dec_y_a = -0.18243150017
slit_dec_x_b = 0.14512077562974193
slit_dec_y_b = -0.05510809031835813
slit_defocus = -0.0022018854601006657
slit_tilt_x = 1.1346725521112802
slit_tilt_y = -8.568356887702468
slit_tilt_z = -9.0036246983253
d_slit_col = 1594.3039569745788
coll_tilt_x = 0.08645250014830701
coll_tilt_y = -0.022052849882097117
ech_G = 31.610882896572242
ech_blaze = -74.99552190897333
ech_gamma = 1.1581487739058798
echelle_z = 0.056790066252063724
d_col_trf = -1588.0163784369302
trf_mirror_tilt_x = 0.12252855686361888
trf_mirror_tilt_y = 0.018699653840475942
d_col_grm = 0.015004865157859116
grism_dec_x = 236.39747236223843
grism_dec_y = -0.005061024838783372
grm_tilt_x = -0.024625396377494817
grm_tilt_y = 2.3273137245107347
grm_G = 222.78575568316816
grm_apex = 17.80910374824831
d_grm_cam  = 21.60472297879723
cam_dec_x = -0.2836450941563486
cam_dec_y = 0.28976568095027017
cam_tilt_x = 0.004318364129856386
cam_tilt_y = -0.027789708240832336
d_cam_ff  = -160.56964955880937
ccd_ff_dec_x = -0.022865706919718592
ccd_ff_dec_y = -0.047768060964999144
ccd_ff_tilt_x = 0.16503804218102155
ccd_ff_tilt_y = -0.589396514310453
ccd_ff_tilt_z = 0.17192965905526292
d_ff_ccd  = -4.785378193540742
ccd_dec_x = 0.5518635495680507
ccd_dec_y = 5.106453110093366
ccd_defocus = 0.3158242433195936
ccd_tilt_x = 0.021389511281905915
ccd_tilt_y = -0.004214437155250325
ccd_tilt_z = 2.1173654931963597e-07
p = 1.213181818181818e-05