slit_dec_x_a = -0.181778666534
slit_dec_y_a = -0.18243150017
slit_dec_x_b = 0.14512077562974193
slit_dec_y_b = -0.05510809031835813
slit_defocus = -0.013782994400040155
slit_tilt_x = 1.0540695539263902
slit_tilt_y = -8.559946743067172
slit_tilt_z = -9.026917139258005
d_slit_col = 1594.2902850681232
coll_tilt_x = 0.12148741767992628
coll_tilt_y = -0.02648521684597006
ech_G = 31.61456248244876
ech_blaze = -74.99489140309143
ech_gamma = 1.1556386793715276
echelle_z = 0.05699969981716714
d_col_trf = -1588.016362757298
trf_mirror_tilt_x = 0.007309335471329631
trf_mirror_tilt_y = 0.1554196212773115
d_col_grm = 0.035705673397786256
grism_dec_x = 236.38322370529445
grism_dec_y = 0.009270160718587966
grm_tilt_x = -0.023508296806175832
grm_tilt_y = 2.325783301657875
grm_G = 222.7840673896888
grm_apex = 17.76654207564985
d_grm_cam  = 21.60469333152888
cam_dec_x = -0.271093247120964
cam_dec_y = 0.29087344920742675
cam_tilt_x = 0.012489293546921625
cam_tilt_y = 0.008774140870350276
d_cam_ff  = -160.07705439469322
ccd_ff_dec_x = -0.02380151819580753
ccd_ff_dec_y = 0.042000348060200206
ccd_ff_tilt_x = 0.033514263090351215
ccd_ff_tilt_y = -0.5909805629928483
ccd_ff_tilt_z = 0.1719278157720229
d_ff_ccd  = -4.815932711521369
ccd_dec_x = 0.5532974155095188
ccd_dec_y = 5.107636520928402
ccd_defocus = 0.2857797409874625
ccd_tilt_x = 0.032575589192606114
ccd_tilt_y = -0.002165993464691944
ccd_tilt_z = 4.605280731589978e-06
p = 0.0001