slit_dec_x_a = -0.181778666534
slit_dec_y_a = -0.18243150017
slit_dec_x_b = 0.14512077562974193
slit_dec_y_b = -0.05510809031835813
slit_defocus = -0.0021910551790812146
slit_tilt_x = 1.134656963703992
slit_tilt_y = -8.56822794469325
slit_tilt_z = -9.003636251821849
d_slit_col = 1594.3039522188008
coll_tilt_x = 0.08647928488900399
coll_tilt_y = -0.021986813945686398
ech_G = 31.61091361267648
ech_blaze = -74.99562601741215
ech_gamma = 1.158092714676629
echelle_z = 0.05757130516457154
d_col_trf = -1588.0161910050895
trf_mirror_tilt_x = 0.12252974026593978
trf_mirror_tilt_y = 0.018612722987743326
d_col_grm = 0.015093663775751498
grism_dec_x = 236.39743678844943
grism_dec_y = -0.005017584358953605
grm_tilt_x = -0.024918332745037467
grm_tilt_y = 2.32710550471314
grm_G = 222.78571735097353
grm_apex = 17.809221265822192
d_grm_cam  = 21.604568351679294
cam_dec_x = -0.28356036101173987
cam_dec_y = 0.28970018693704147
cam_tilt_x = 0.004299161475251465
cam_tilt_y = -0.02779346670036597
d_cam_ff  = -160.56971802004838
ccd_ff_dec_x = -0.02283702828707368
ccd_ff_dec_y = -0.047782477737421614
ccd_ff_tilt_x = 0.165037021350783
ccd_ff_tilt_y = -0.5896629009013099
ccd_ff_tilt_z = 0.1717941660783914
d_ff_ccd  = -4.785414940147788
ccd_dec_x = 0.5518759765478992
ccd_dec_y = 5.106175191742011
ccd_defocus = 0.315738197618732
ccd_tilt_x = 0.021325345031000812
ccd_tilt_y = -0.004224256751960701
ccd_tilt_z = 2.932720001602915e-07
p = 8.373363636363636e-06