slit_dec_x_a = -0.1704010755187174
slit_dec_y_a = -0.1956586180351446
slit_dec_x_b = 0.175
slit_dec_y_b = -1.8270713305300647e-96
slit_defocus = 0.021393410525040738
slit_tilt_x = 1.1139852347970227
slit_tilt_y = -8.538432490154072
slit_tilt_z = -8.991614609269313
d_slit_col = 1594.3099154120719
coll_tilt_x = 0.11316117369569396
coll_tilt_y = -0.0289114149549555
ech_G = 31.613231851506026
ech_blaze = -74.97483520807404
ech_gamma = 1.1389753643320093
echelle_z = 0.07476484207555328
d_col_trf = -1588.0172280551742
trf_mirror_tilt_x = 0.026322632203307807
trf_mirror_tilt_y = 0.16219708712655337
d_col_grm = -0.004852969312206868
grism_dec_x = 236.4233353779507
grism_dec_y = 0.038173645156375405
grm_tilt_x = -0.01405645508812498
grm_tilt_y = 2.305273642949756
grm_G = 222.82400130291262
grm_apex = 17.791079174487045
d_grm_cam  = 21.60981337723284
cam_dec_x = -0.3095378513811691
cam_dec_y = 0.24723080057758381
cam_tilt_x = -0.011076273288396849
cam_tilt_y = 0.00377577594924798
d_cam_ff  = -160.05750105741197
ccd_ff_dec_x = -0.00260195891681194
ccd_ff_dec_y = 0.0530230951195316
ccd_ff_tilt_x = 0.0195344962033504
ccd_ff_tilt_y = -0.5727996210292228
ccd_ff_tilt_z = 0.18005290023550122
d_ff_ccd  = -4.838990622177327
ccd_dec_x = 0.6214023253348196
ccd_dec_y = 5.15714382672829
ccd_defocus = 0.28074352084055
ccd_tilt_x = 0.0050521072226550265
ccd_tilt_y = -0.010954765136429541
ccd_tilt_z = 5.12820719091481e-06
p = 0.0001