slit_dec_x_a = -0.17037348421256468
slit_dec_y_a = -0.19573532672764957
slit_dec_x_b = 0.175
slit_dec_y_b = -2.4682934917625217e-96
slit_defocus = 0.005534511130013181
slit_tilt_x = 1.1861324270520717
slit_tilt_y = -8.540126148656139
slit_tilt_z = -8.990824778776005
d_slit_col = 1594.2944648110058
coll_tilt_x = 0.08857638794437707
coll_tilt_y = -0.03178603344099141
ech_G = 31.610689692021964
ech_blaze = -74.97721466573046
ech_gamma = 1.1404918925156216
echelle_z = 0.07546036339008037
d_col_trf = -1588.0185996297378
trf_mirror_tilt_x = 0.13865324329186582
trf_mirror_tilt_y = 0.07754975551824869
d_col_grm = -0.00952747413491555
grism_dec_x = 236.43434788639263
grism_dec_y = 0.03425555803464235
grm_tilt_x = -0.015847762857460736
grm_tilt_y = 2.304374018947382
grm_G = 222.82519433431125
grm_apex = 17.815133922439532
d_grm_cam  = 21.608482328152512
cam_dec_x = -0.30212645820783857
cam_dec_y = 0.2503413896260333
cam_tilt_x = -0.018370217486976082
cam_tilt_y = -0.015020890615834663
d_cam_ff  = -160.40099379754716
ccd_ff_dec_x = -0.003548276233382925
ccd_ff_dec_y = 0.0001667620019379018
ccd_ff_tilt_x = 0.14601393945871607
ccd_ff_tilt_y = -0.5720252598117019
ccd_ff_tilt_z = 0.17252371170976769
d_ff_ccd  = -4.811219122459293
ccd_dec_x = 0.6206424225008386
ccd_dec_y = 5.155295983521876
ccd_defocus = 0.31632336747916223
ccd_tilt_x = 0.007801744089372512
ccd_tilt_y = -0.01400499970717404
ccd_tilt_z = 3.348158711725984e-06
p = 2.2874545454545457e-06