slit_dec_x_a = -0.17041583337073637
slit_dec_y_a = -0.19597152494792155
slit_dec_x_b = 0.175
slit_dec_y_b = -1.8353389093700843e-96
slit_defocus = 0.005557558422344746
slit_tilt_x = 1.1861547812229916
slit_tilt_y = -8.539993939043585
slit_tilt_z = -8.990839770953007
d_slit_col = 1594.2944619560944
coll_tilt_x = 0.0887658448284438
coll_tilt_y = -0.03176088001995869
ech_G = 31.61065070982099
ech_blaze = -74.97671119112303
ech_gamma = 1.1405116369027684
echelle_z = 0.07484830031575106
d_col_trf = -1588.018534991952
trf_mirror_tilt_x = 0.1386635147449577
trf_mirror_tilt_y = 0.0775885888676485
d_col_grm = -0.009546449507728323
grism_dec_x = 236.4343338072014
grism_dec_y = 0.03419947201392619
grm_tilt_x = -0.01566362964923608
grm_tilt_y = 2.3043652400356964
grm_G = 222.82518568202116
grm_apex = 17.815106833176117
d_grm_cam  = 21.608457023049315
cam_dec_x = -0.3021597531082519
cam_dec_y = 0.25034650737970676
cam_tilt_x = -0.018651257126778956
cam_tilt_y = -0.015047467825431749
d_cam_ff  = -160.40095423223676
ccd_ff_dec_x = -0.0035063940684901475
ccd_ff_dec_y = 0.0001887503052249803
ccd_ff_tilt_x = 0.14603243488131937
ccd_ff_tilt_y = -0.5720574406754332
ccd_ff_tilt_z = 0.1725843350935273
d_ff_ccd  = -4.8112492044139294
ccd_dec_x = 0.620680692058745
ccd_dec_y = 5.155303008797507
ccd_defocus = 0.3163259612616421
ccd_tilt_x = 0.007736848495232014
ccd_tilt_y = -0.014052435600849827
ccd_tilt_z = 3.0900170623186287e-06
p = 2.950545454545455e-06