slit_dec_x_a = -0.181778666534
slit_dec_y_a = -0.18243150017
slit_dec_x_b = 0.14512077562974193
slit_dec_y_b = -0.05510809031835813
slit_defocus = -0.002204699580814018
slit_tilt_x = 1.134692187133796
slit_tilt_y = -8.568225477173156
slit_tilt_z = -9.003662322494634
d_slit_col = 1594.3039080744604
coll_tilt_x = 0.0864321072840473
coll_tilt_y = -0.022072104397090835
ech_G = 31.610878443552973
ech_blaze = -74.99550960639594
ech_gamma = 1.158116369358082
echelle_z = 0.0573756466543314
d_col_trf = -1588.0163686942956
trf_mirror_tilt_x = 0.12253786273920393
trf_mirror_tilt_y = 0.01867422614948521
d_col_grm = 0.015044469209465762
grism_dec_x = 236.39746777153294
grism_dec_y = -0.0050117003086988885
grm_tilt_x = -0.024763552920289703
grm_tilt_y = 2.3272931041555878
grm_G = 222.78575601821396
grm_apex = 17.80916237730784
d_grm_cam  = 21.60435845694646
cam_dec_x = -0.2836117450197925
cam_dec_y = 0.2897155382986066
cam_tilt_x = 0.004354371547720495
cam_tilt_y = -0.027796185905899995
d_cam_ff  = -160.56971214979976
ccd_ff_dec_x = -0.02275554801927897
ccd_ff_dec_y = -0.04780122220127387
ccd_ff_tilt_x = 0.1650321521992968
ccd_ff_tilt_y = -0.5897520849037542
ccd_ff_tilt_z = 0.17175052734644156
d_ff_ccd  = -4.785370496408894
ccd_dec_x = 0.5519649528131072
ccd_dec_y = 5.106201832843427
ccd_defocus = 0.3157531293813453
ccd_tilt_x = 0.021391769855398153
ccd_tilt_y = -0.0042169297991510495
ccd_tilt_z = 3.718709384480638e-07
p = 2.950545454545455e-06