slit_dec_x_a = -0.181778666534
slit_dec_y_a = -0.18243150017
slit_dec_x_b = 0.14512077562974193
slit_dec_y_b = -0.05510809031835813
slit_defocus = -0.0022043990764995815
slit_tilt_x = 1.1346713809994096
slit_tilt_y = -8.568372575751788
slit_tilt_z = -9.003600768745148
d_slit_col = 1594.3039953524535
coll_tilt_x = 0.08646589405501633
coll_tilt_y = -0.022066409120121193
ech_G = 31.61090108381646
ech_blaze = -74.99559092720857
ech_gamma = 1.1581477304586667
echelle_z = 0.05671302760637305
d_col_trf = -1588.016377265177
trf_mirror_tilt_x = 0.1225185298919712
trf_mirror_tilt_y = 0.018694688350797645
d_col_grm = 0.014979462600981756
grism_dec_x = 236.39746595410324
grism_dec_y = -0.005071356107149776
grm_tilt_x = -0.024662846437003786
grm_tilt_y = 2.3273590349741964
grm_G = 222.7857918577126
grm_apex = 17.809093818591837
d_grm_cam  = 21.604832562574927
cam_dec_x = -0.2836239564604161
cam_dec_y = 0.2897496141152767
cam_tilt_x = 0.004318863551363138
cam_tilt_y = -0.02778926976374525
d_cam_ff  = -160.56951473116632
ccd_ff_dec_x = -0.022881818061641142
ccd_ff_dec_y = -0.04776918728818992
ccd_ff_tilt_x = 0.16505312908479794
ccd_ff_tilt_y = -0.5893626619528686
ccd_ff_tilt_z = 0.17191320768537696
d_ff_ccd  = -4.785387560359917
ccd_dec_x = 0.55187666565515
ccd_dec_y = 5.10636632632674
ccd_defocus = 0.3158422101385825
ccd_tilt_x = 0.02137507296531905
ccd_tilt_y = -0.004231742751558595
ccd_tilt_z = 2.132176753446957e-07
p = 9.211583333333333e-06