slit_dec_x_a = -0.1704182135099094
slit_dec_y_a = -0.19583898808130654
slit_dec_x_b = 0.175
slit_dec_y_b = -2.3768804459901108e-96
slit_defocus = 0.005515213078958751
slit_tilt_x = 1.1861323656694105
slit_tilt_y = -8.540103848387893
slit_tilt_z = -8.990841825124557
d_slit_col = 1594.2944369171032
coll_tilt_x = 0.08856926791237621
coll_tilt_y = -0.031834161964623714
ech_G = 31.61065535183756
ech_blaze = -74.97701795824602
ech_gamma = 1.1404120096934653
echelle_z = 0.07538748314582773
d_col_trf = -1588.018582154393
trf_mirror_tilt_x = 0.13867271069631992
trf_mirror_tilt_y = 0.07753651410757352
d_col_grm = -0.009524929070156039
grism_dec_x = 236.43433566843797
grism_dec_y = 0.034239043563822964
grm_tilt_x = -0.015848734248470994
grm_tilt_y = 2.304347871521039
grm_G = 222.825194412582
grm_apex = 17.81512215512851
d_grm_cam  = 21.60848836380527
cam_dec_x = -0.3021132663471528
cam_dec_y = 0.2503528746927849
cam_tilt_x = -0.018243523484919564
cam_tilt_y = -0.015015434041014438
d_cam_ff  = -160.40097791088178
ccd_ff_dec_x = -0.0035430312185972266
ccd_ff_dec_y = 0.00017711164655475145
ccd_ff_tilt_x = 0.14601596912594034
ccd_ff_tilt_y = -0.5720141595761973
ccd_ff_tilt_z = 0.17255744489693933
d_ff_ccd  = -4.811222489966488
ccd_dec_x = 0.6206582373100586
ccd_dec_y = 5.1552777455809
ccd_defocus = 0.31632736129578215
ccd_tilt_x = 0.007786504347867891
ccd_tilt_y = -0.014000179496282416
ccd_tilt_z = 3.3309558123437787e-06
p = 9.211583333333333e-06