slit_dec_x_a = -0.1704010755187174
slit_dec_y_a = -0.1956586180351446
slit_dec_x_b = 0.175
slit_dec_y_b = -1.911158761852395e-96
slit_defocus = 0.02140858341052609
slit_tilt_x = 1.1140420988798112
slit_tilt_y = -8.538402052513979
slit_tilt_z = -8.991704323050193
d_slit_col = 1594.3099870625047
coll_tilt_x = 0.1132002174448691
coll_tilt_y = -0.028944971225689245
ech_G = 31.613230254616912
ech_blaze = -74.97482835058472
ech_gamma = 1.1389772542170191
echelle_z = 0.07477540212454735
d_col_trf = -1588.0172337989259
trf_mirror_tilt_x = 0.026245988348870822
trf_mirror_tilt_y = 0.16220492127324093
d_col_grm = -0.004798668891121733
grism_dec_x = 236.423333868978
grism_dec_y = 0.038171663720609574
grm_tilt_x = -0.01405338631552456
grm_tilt_y = 2.3052736729572993
grm_G = 222.82399996656162
grm_apex = 17.79101281399636
d_grm_cam  = 21.609817187011434
cam_dec_x = -0.3095557182865348
cam_dec_y = 0.24721063844776847
cam_tilt_x = -0.0110413484482391
cam_tilt_y = 0.0037950070956284435
d_cam_ff  = -160.0577765158395
ccd_ff_dec_x = -0.002596293689937269
ccd_ff_dec_y = 0.05306303372961878
ccd_ff_tilt_x = 0.019475140511737783
ccd_ff_tilt_y = -0.572801749715001
ccd_ff_tilt_z = 0.18005370045005184
d_ff_ccd  = -4.838901140261883
ccd_dec_x = 0.6214064964333821
ccd_dec_y = 5.157153715999894
ccd_defocus = 0.280702190349019
ccd_tilt_x = 0.005029190384855917
ccd_tilt_y = -0.010913464864946074
ccd_tilt_z = 5.082662767727788e-06
p = 0.0001