slit_dec_x_a = -0.181778666534
slit_dec_y_a = -0.18243150017
slit_dec_x_b = 0.14512077562974193
slit_dec_y_b = -0.05510809031835813
slit_defocus = -0.013832901214852384
slit_tilt_x = 1.0540681615179424
slit_tilt_y = -8.560029791353132
slit_tilt_z = -9.026893827038286
d_slit_col = 1594.2902743896586
coll_tilt_x = 0.12144043913614587
coll_tilt_y = -0.026550418512406988
ech_G = 31.61456608264013
ech_blaze = -74.99488147887114
ech_gamma = 1.1556372948955802
echelle_z = 0.056998329640109646
d_col_trf = -1588.0163659674668
trf_mirror_tilt_x = 0.007243835046377579
trf_mirror_tilt_y = 0.1553926245416642
d_col_grm = 0.03568537690994034
grism_dec_x = 236.38326324387668
grism_dec_y = 0.009202465972925627
grm_tilt_x = -0.023508319247573798
grm_tilt_y = 2.325792362604048
grm_G = 222.78406733891487
grm_apex = 17.766503167038003
d_grm_cam  = 21.604703156906442
cam_dec_x = -0.2711005325766055
cam_dec_y = 0.29092994063218663
cam_tilt_x = 0.012391276680208048
cam_tilt_y = 0.008737313633378804
d_cam_ff  = -160.07657969349734
ccd_ff_dec_x = -0.023804044979920468
ccd_ff_dec_y = 0.04204873630258323
ccd_ff_tilt_x = 0.03350232544773331
ccd_ff_tilt_y = -0.5909809061129256
ccd_ff_tilt_z = 0.1719152346987681
d_ff_ccd  = -4.81598206485963
ccd_dec_x = 0.5532992696584663
ccd_dec_y = 5.107624393298397
ccd_defocus = 0.28575084437127535
ccd_tilt_x = 0.03260689338560385
ccd_tilt_y = -0.0020906662541593417
ccd_tilt_z = 4.689071085601429e-06
p = 0.0001