slit_dec_x_a = -0.181778666534
slit_dec_y_a = -0.18243150017
slit_dec_x_b = 0.14512077562974193
slit_dec_y_b = -0.05510809031835813
slit_defocus = -0.0022035148287879243
slit_tilt_x = 1.1347037122536
slit_tilt_y = -8.568256068025018
slit_tilt_z = -9.003653948879059
d_slit_col = 1594.3039263723272
coll_tilt_x = 0.08642845481194601
coll_tilt_y = -0.022057225640272033
ech_G = 31.610886690151244
ech_blaze = -74.99555538838443
ech_gamma = 1.1581301833655364
echelle_z = 0.05735808153410275
d_col_trf = -1588.0163080248997
trf_mirror_tilt_x = 0.12252765399865606
trf_mirror_tilt_y = 0.018690313384926688
d_col_grm = 0.015023965029441122
grism_dec_x = 236.39746884508986
grism_dec_y = -0.005022734038140116
grm_tilt_x = -0.024742090432133844
grm_tilt_y = 2.327303437369932
grm_G = 222.7857270925781
grm_apex = 17.809159690642
d_grm_cam  = 21.604281789546462
cam_dec_x = -0.2836105739270317
cam_dec_y = 0.2897231143530493
cam_tilt_x = 0.004339144836367864
cam_tilt_y = -0.027811009151461667
d_cam_ff  = -160.56958567769823
ccd_ff_dec_x = -0.022776423050932044
ccd_ff_dec_y = -0.04779888930755918
ccd_ff_tilt_x = 0.1650307324232093
ccd_ff_tilt_y = -0.5897244434148086
ccd_ff_tilt_z = 0.17179300618419382
d_ff_ccd  = -4.785385604126789
ccd_dec_x = 0.5519308498349835
ccd_dec_y = 5.106202080567247
ccd_defocus = 0.315791342454176
ccd_tilt_x = 0.021369495956384526
ccd_tilt_y = -0.004205802326719496
ccd_tilt_z = 3.6870862893853963e-07
p = 4.725666666666667e-06