slit_dec_x_a = -0.181778666534
slit_dec_y_a = -0.18243150017
slit_dec_x_b = 0.14512077562974193
slit_dec_y_b = -0.05510809031835813
slit_defocus = -0.01374710504609442
slit_tilt_x = 1.0540751231801244
slit_tilt_y = -8.559971629074374
slit_tilt_z = -9.026888428286556
d_slit_col = 1594.2902984503128
coll_tilt_x = 0.12144633915104526
coll_tilt_y = -0.026430426316305235
ech_G = 31.614569869089713
ech_blaze = -74.99488671966934
ech_gamma = 1.1556416032073855
echelle_z = 0.05700151699633613
d_col_trf = -1588.0163599105679
trf_mirror_tilt_x = 0.0072699282175301945
trf_mirror_tilt_y = 0.15549999226096636
d_col_grm = 0.03559579338573193
grism_dec_x = 236.38326864657313
grism_dec_y = 0.009253208450926255
grm_tilt_x = -0.02351144016461594
grm_tilt_y = 2.3257911882251205
grm_G = 222.7840722586066
grm_apex = 17.76651168385008
d_grm_cam  = 21.604695820847773
cam_dec_x = -0.27111234493073955
cam_dec_y = 0.29096892051902495
cam_tilt_x = 0.012439002818812946
cam_tilt_y = 0.00880006907900204
d_cam_ff  = -160.07692623891785
ccd_ff_dec_x = -0.023788689892599843
ccd_ff_dec_y = 0.042022945655812535
ccd_ff_tilt_x = 0.03343688574087962
ccd_ff_tilt_y = -0.5909709849769124
ccd_ff_tilt_z = 0.1719204355527014
d_ff_ccd  = -4.815972387877631
ccd_dec_x = 0.5532971802247761
ccd_dec_y = 5.107635384847035
ccd_defocus = 0.2857293110090489
ccd_tilt_x = 0.03260805966093181
ccd_tilt_y = -0.0021770437552526153
ccd_tilt_z = 4.701119680520962e-06
p = 0.0001