slit_dec_x_a = -0.181778666534
slit_dec_y_a = -0.18243150017
slit_dec_x_b = 0.14512077562974193
slit_dec_y_b = -0.05510809031835813
slit_defocus = -0.0022176291335414666
slit_tilt_x = 1.134697835493314
slit_tilt_y = -8.568368798367496
slit_tilt_z = -9.00358977463265
d_slit_col = 1594.303957323098
coll_tilt_x = 0.0864836019676774
coll_tilt_y = -0.022038016250114756
ech_G = 31.610933687218328
ech_blaze = -74.99581833702945
ech_gamma = 1.1582477002455933
echelle_z = 0.056585804373644286
d_col_trf = -1588.0162845534887
trf_mirror_tilt_x = 0.12246872100730131
trf_mirror_tilt_y = 0.01870448771951532
d_col_grm = 0.014946237807480217
grism_dec_x = 236.3974916789067
grism_dec_y = -0.005068733313821573
grm_tilt_x = -0.024706846002321984
grm_tilt_y = 2.327376903689794
grm_G = 222.78588982668447
grm_apex = 17.80906941220009
d_grm_cam  = 21.60488250573204
cam_dec_x = -0.2836288446115457
cam_dec_y = 0.28974309691769123
cam_tilt_x = 0.00435728364881285
cam_tilt_y = -0.02777818277346154
d_cam_ff  = -160.56969822641813
ccd_ff_dec_x = -0.022720204802900882
ccd_ff_dec_y = -0.0477863970269962
ccd_ff_tilt_x = 0.165036186193818
ccd_ff_tilt_y = -0.5893331472525837
ccd_ff_tilt_z = 0.1718383395483167
d_ff_ccd  = -4.785427767147978
ccd_dec_x = 0.5518001223851259
ccd_dec_y = 5.1063579180380385
ccd_defocus = 0.3158525924909098
ccd_tilt_x = 0.021366017043128432
ccd_tilt_y = -0.004181194351930179
ccd_tilt_z = 2.538291558338575e-07
p = 2.3002727272727278e-06