slit_dec_x_a = -0.181778666534
slit_dec_y_a = -0.18243150017
slit_dec_x_b = 0.14512077562974193
slit_dec_y_b = -0.05510809031835813
slit_defocus = -0.002207928195573875
slit_tilt_x = 1.1346720843645894
slit_tilt_y = -8.568366352407137
slit_tilt_z = -9.003610826548266
d_slit_col = 1594.3039884676646
coll_tilt_x = 0.08646750068392209
coll_tilt_y = -0.022065813910259982
ech_G = 31.61089734915187
ech_blaze = -74.99557675302408
ech_gamma = 1.158176860507386
echelle_z = 0.05673798257114776
d_col_trf = -1588.01643560264
trf_mirror_tilt_x = 0.12252625177939837
trf_mirror_tilt_y = 0.01869931683639796
d_col_grm = 0.014982632577513942
grism_dec_x = 236.39747260491902
grism_dec_y = -0.005069354829938237
grm_tilt_x = -0.024642208351263573
grm_tilt_y = 2.3274064621039185
grm_G = 222.7857138476893
grm_apex = 17.809097318092917
d_grm_cam  = 21.60480586307826
cam_dec_x = -0.2836334946925041
cam_dec_y = 0.2897639582037132
cam_tilt_x = 0.004312942682786863
cam_tilt_y = -0.027783149720222867
d_cam_ff  = -160.56954641981568
ccd_ff_dec_x = -0.022897455258004858
ccd_ff_dec_y = -0.04778105835041812
ccd_ff_tilt_x = 0.1650561734079983
ccd_ff_tilt_y = -0.5893458925275069
ccd_ff_tilt_z = 0.17189232078701053
d_ff_ccd  = -4.785385022726398
ccd_dec_x = 0.5518289196033817
ccd_dec_y = 5.1064049981580615
ccd_defocus = 0.31583493597760653
ccd_tilt_x = 0.02138455157667604
ccd_tilt_y = -0.004228341275268618
ccd_tilt_z = 2.4889828588468217e-07
p = 1.4261818181818182e-05