slit_dec_x_a = -0.17041383582536004
slit_dec_y_a = -0.1958479076087925
slit_dec_x_b = 0.175
slit_dec_y_b = -2.3198793014515632e-96
slit_defocus = 0.005509063510781701
slit_tilt_x = 1.1861231684401607
slit_tilt_y = -8.540102808014764
slit_tilt_z = -8.990841428181318
d_slit_col = 1594.2944448330525
coll_tilt_x = 0.08854790073408585
coll_tilt_y = -0.03180501790013989
ech_G = 31.610657963442616
ech_blaze = -74.97706055588633
ech_gamma = 1.1404124481021662
echelle_z = 0.0753685266079286
d_col_trf = -1588.0185763403329
trf_mirror_tilt_x = 0.1386777942035719
trf_mirror_tilt_y = 0.07753964467153991
d_col_grm = -0.009522019417367305
grism_dec_x = 236.4343363448316
grism_dec_y = 0.034247146394226775
grm_tilt_x = -0.01583010345115956
grm_tilt_y = 2.3043479390603574
grm_G = 222.8251928279771
grm_apex = 17.815122782060786
d_grm_cam  = 21.608491103018874
cam_dec_x = -0.3021160326217207
cam_dec_y = 0.2503469090648719
cam_tilt_x = -0.018252704206415126
cam_tilt_y = -0.015024343973674966
d_cam_ff  = -160.40097519214737
ccd_ff_dec_x = -0.003546601514214036
ccd_ff_dec_y = 0.00018282218530022977
ccd_ff_tilt_x = 0.1460283817921255
ccd_ff_tilt_y = -0.5720091817113725
ccd_ff_tilt_z = 0.17254216177686857
d_ff_ccd  = -4.8112304510520945
ccd_dec_x = 0.6206676420892113
ccd_dec_y = 5.155280588502648
ccd_defocus = 0.31631835237190087
ccd_tilt_x = 0.007788946218146065
ccd_tilt_y = -0.0139944463755258
ccd_tilt_z = 3.2987528176108153e-06
p = 1.4261818181818182e-05