slit_dec_x_a = -0.1704010755187174
slit_dec_y_a = -0.1956586180351446
slit_dec_x_b = 0.175
slit_dec_y_b = -1.886997572908796e-96
slit_defocus = 0.02136000980735935
slit_tilt_x = 1.113973486950512
slit_tilt_y = -8.538392611537065
slit_tilt_z = -8.991659892155534
d_slit_col = 1594.309992739502
coll_tilt_x = 0.11320885728386161
coll_tilt_y = -0.02891264786341279
ech_G = 31.613229432113645
ech_blaze = -74.974838797607
ech_gamma = 1.1389748501183496
echelle_z = 0.07477504970286375
d_col_trf = -1588.0172353802209
trf_mirror_tilt_x = 0.026334707984060325
trf_mirror_tilt_y = 0.1622251216572588
d_col_grm = -0.004803254265957131
grism_dec_x = 236.42332173908008
grism_dec_y = 0.03809864384758257
grm_tilt_x = -0.014052777613794263
grm_tilt_y = 2.305274480005088
grm_G = 222.82400367521768
grm_apex = 17.791010121820968
d_grm_cam  = 21.609810886618014
cam_dec_x = -0.3095737757096089
cam_dec_y = 0.24726525463204865
cam_tilt_x = -0.01104066380558385
cam_tilt_y = 0.00375750636895084
d_cam_ff  = -160.05741349918725
ccd_ff_dec_x = -0.0026038336981866264
ccd_ff_dec_y = 0.05296493239381787
ccd_ff_tilt_x = 0.0195374714823583
ccd_ff_tilt_y = -0.5728083754035344
ccd_ff_tilt_z = 0.18005569724917614
d_ff_ccd  = -4.838876591919536
ccd_dec_x = 0.6214015943203344
ccd_dec_y = 5.157152227635421
ccd_defocus = 0.28069064641236907
ccd_tilt_x = 0.0050037859252972825
ccd_tilt_y = -0.010860317030293895
ccd_tilt_z = 5.0605190328136375e-06
p = 0.0001