slit_dec_x_a = -0.181778666534
slit_dec_y_a = -0.18243150017
slit_dec_x_b = 0.14512077562974193
slit_dec_y_b = -0.05510809031835813
slit_defocus = -0.013810992685324593
slit_tilt_x = 1.0540134860366788
slit_tilt_y = -8.559978720317837
slit_tilt_z = -9.026895563470813
d_slit_col = 1594.2902861502612
coll_tilt_x = 0.12145432177410548
coll_tilt_y = -0.026483300525652734
ech_G = 31.614564981020585
ech_blaze = -74.99489117766069
ech_gamma = 1.1556431921748185
echelle_z = 0.05700058444044835
d_col_trf = -1588.0163646304686
trf_mirror_tilt_x = 0.007260841396637272
trf_mirror_tilt_y = 0.15543886614303967
d_col_grm = 0.03572513299187239
grism_dec_x = 236.38319878025996
grism_dec_y = 0.009245643833890009
grm_tilt_x = -0.023500974102864433
grm_tilt_y = 2.3257862394299127
grm_G = 222.78407014950187
grm_apex = 17.766499074488433
d_grm_cam  = 21.60468999219096
cam_dec_x = -0.2711206072431754
cam_dec_y = 0.2909506466995601
cam_tilt_x = 0.012398058853337373
cam_tilt_y = 0.008815385273900253
d_cam_ff  = -160.07701767542662
ccd_ff_dec_x = -0.023802683460511172
ccd_ff_dec_y = 0.042061357675691476
ccd_ff_tilt_x = 0.03348341599651018
ccd_ff_tilt_y = -0.5909835966620873
ccd_ff_tilt_z = 0.17191899722391799
d_ff_ccd  = -4.8159867356655415
ccd_dec_x = 0.5532982940569304
ccd_dec_y = 5.107624103610958
ccd_defocus = 0.2857440723472457
ccd_tilt_x = 0.03259314033239741
ccd_tilt_y = -0.0021818875637592875
ccd_tilt_z = 4.685765855699658e-06
p = 0.0001