slit_dec_x_a = -0.181778666534
slit_dec_y_a = -0.18243150017
slit_dec_x_b = 0.14512077562974193
slit_dec_y_b = -0.05510809031835813
slit_defocus = -0.002207193150543122
slit_tilt_x = 1.1346596167263872
slit_tilt_y = -8.568236926566223
slit_tilt_z = -9.003637667860696
d_slit_col = 1594.3039436912336
coll_tilt_x = 0.08648122293276138
coll_tilt_y = -0.021991156576679834
ech_G = 31.61090580633007
ech_blaze = -74.99558730310068
ech_gamma = 1.1581485511948928
echelle_z = 0.05757132419320935
d_col_trf = -1588.016201038796
trf_mirror_tilt_x = 0.12254922926237057
trf_mirror_tilt_y = 0.018636906241836795
d_col_grm = 0.015095146476156182
grism_dec_x = 236.39743065597492
grism_dec_y = -0.005038404412066368
grm_tilt_x = -0.024872567279743206
grm_tilt_y = 2.32726407116118
grm_G = 222.7856942387345
grm_apex = 17.809221739138565
d_grm_cam  = 21.604540472620656
cam_dec_x = -0.2835545658885932
cam_dec_y = 0.2897146859126646
cam_tilt_x = 0.004310063136893676
cam_tilt_y = -0.027807109488106812
d_cam_ff  = -160.56991393076015
ccd_ff_dec_x = -0.0227749288964306
ccd_ff_dec_y = -0.04780105831681604
ccd_ff_tilt_x = 0.16503600573550023
ccd_ff_tilt_y = -0.5896709194170117
ccd_ff_tilt_z = 0.17176615806906054
d_ff_ccd  = -4.785404524357318
ccd_dec_x = 0.5517646224362184
ccd_dec_y = 5.106173475327161
ccd_defocus = 0.31574096101361576
ccd_tilt_x = 0.021330894004095536
ccd_tilt_y = -0.004218333790767001
ccd_tilt_z = 3.5768987458889335e-07
p = 9.694083333333333e-06