slit_dec_x_a = -0.1704162463257825
slit_dec_y_a = -0.19605579592191158
slit_dec_x_b = 0.175
slit_dec_y_b = -1.5844621241781055e-96
slit_defocus = 0.005577915152904836
slit_tilt_x = 1.1861279489666863
slit_tilt_y = -8.540041594402974
slit_tilt_z = -8.990861072034335
d_slit_col = 1594.2944912074827
coll_tilt_x = 0.08874748780166582
coll_tilt_y = -0.03187977235880476
ech_G = 31.610656063377782
ech_blaze = -74.97679010913119
ech_gamma = 1.1403410159973624
echelle_z = 0.07480322166669215
d_col_trf = -1588.018536484322
trf_mirror_tilt_x = 0.13868161975042212
trf_mirror_tilt_y = 0.07752690685168075
d_col_grm = -0.009547176882471982
grism_dec_x = 236.434324320284
grism_dec_y = 0.03416850821910524
grm_tilt_x = -0.015890178684733428
grm_tilt_y = 2.304385112002677
grm_G = 222.82517092647925
grm_apex = 17.81512169633066
d_grm_cam  = 21.608484700178447
cam_dec_x = -0.30211637156263393
cam_dec_y = 0.25032124632098013
cam_tilt_x = -0.018419076792031884
cam_tilt_y = -0.015082209800808332
d_cam_ff  = -160.40096524921105
ccd_ff_dec_x = -0.0035274816572738814
ccd_ff_dec_y = 0.0002625444717552298
ccd_ff_tilt_x = 0.1460440909972996
ccd_ff_tilt_y = -0.5720617261575108
ccd_ff_tilt_z = 0.17256976908257973
d_ff_ccd  = -4.811309684500624
ccd_dec_x = 0.6206706671419152
ccd_dec_y = 5.155296085406665
ccd_defocus = 0.3162776836243013
ccd_tilt_x = 0.007734867576442594
ccd_tilt_y = -0.014147246119808053
ccd_tilt_z = 3.125040030749346e-06
p = 9.694083333333333e-06