slit_dec_x_a = -0.1704010755187174
slit_dec_y_a = -0.1956586180351446
slit_dec_x_b = 0.175
slit_dec_y_b = -1.874139687325952e-96
slit_defocus = 0.021392374380480646
slit_tilt_x = 1.1140244093743539
slit_tilt_y = -8.538410216580358
slit_tilt_z = -8.991648808617866
d_slit_col = 1594.310016731042
coll_tilt_x = 0.11315314547240003
coll_tilt_y = -0.028932390748049992
ech_G = 31.613230700908144
ech_blaze = -74.97483633727764
ech_gamma = 1.1389821171280992
echelle_z = 0.07477167926941317
d_col_trf = -1588.0172262476362
trf_mirror_tilt_x = 0.026330871816765338
trf_mirror_tilt_y = 0.16228062801904314
d_col_grm = -0.004860144373096144
grism_dec_x = 236.42332245723355
grism_dec_y = 0.03818994688627043
grm_tilt_x = -0.014056174346277244
grm_tilt_y = 2.305282035724493
grm_G = 222.82399872040878
grm_apex = 17.79099849433301
d_grm_cam  = 21.609818168925994
cam_dec_x = -0.30949140002143666
cam_dec_y = 0.2472472860358095
cam_tilt_x = -0.011062739551680589
cam_tilt_y = 0.003788361866974803
d_cam_ff  = -160.05750595049076
ccd_ff_dec_x = -0.002598854589880546
ccd_ff_dec_y = 0.053023634789710235
ccd_ff_tilt_x = 0.019494477530639737
ccd_ff_tilt_y = -0.5728045899085618
ccd_ff_tilt_z = 0.1800549716049298
d_ff_ccd  = -4.838960120136795
ccd_dec_x = 0.6214016029416505
ccd_dec_y = 5.157146799242995
ccd_defocus = 0.2807744371435469
ccd_tilt_x = 0.005009880955838925
ccd_tilt_y = -0.01094395054047088
ccd_tilt_z = 5.10044040631e-06
p = 0.0001