slit_dec_x_a = -0.181778666534
slit_dec_y_a = -0.18243150017
slit_dec_x_b = 0.14512077562974193
slit_dec_y_b = -0.05510809031835813
slit_defocus = -0.0137905464213866
slit_tilt_x = 1.0540569027252724
slit_tilt_y = -8.559929944860336
slit_tilt_z = -9.026933315447138
d_slit_col = 1594.290257530302
coll_tilt_x = 0.121389565097809
coll_tilt_y = -0.026462623935469977
ech_G = 31.61456434331923
ech_blaze = -74.99489176866058
ech_gamma = 1.1556402939850918
echelle_z = 0.05700248681703023
d_col_trf = -1588.0163680510423
trf_mirror_tilt_x = 0.007323456262750387
trf_mirror_tilt_y = 0.15542436073452
d_col_grm = 0.035729726307952965
grism_dec_x = 236.38320185917846
grism_dec_y = 0.009150867195996575
grm_tilt_x = -0.023505714383324557
grm_tilt_y = 2.325790134587146
grm_G = 222.78407320790194
grm_apex = 17.76660215375278
d_grm_cam  = 21.60470238707443
cam_dec_x = -0.27107944357891595
cam_dec_y = 0.2908709973100299
cam_tilt_x = 0.01240751815629075
cam_tilt_y = 0.00880409491232461
d_cam_ff  = -160.07712411923475
ccd_ff_dec_x = -0.023808993293959614
ccd_ff_dec_y = 0.04203932892501853
ccd_ff_tilt_x = 0.033432819102132416
ccd_ff_tilt_y = -0.5909817460580671
ccd_ff_tilt_z = 0.17191831452643563
d_ff_ccd  = -4.816066669591419
ccd_dec_x = 0.5532988311234385
ccd_dec_y = 5.107632856786401
ccd_defocus = 0.2857193650055073
ccd_tilt_x = 0.03260219683847077
ccd_tilt_y = -0.0021139846793212535
ccd_tilt_z = 4.651937663575792e-06
p = 0.0001