slit_dec_x_a = -0.17039784435295205
slit_dec_y_a = -0.19581902616389577
slit_dec_x_b = 0.175
slit_dec_y_b = -2.621391475372161e-96
slit_defocus = 0.005522223877709635
slit_tilt_x = 1.1861013376219613
slit_tilt_y = -8.540134453766596
slit_tilt_z = -8.990811950980943
d_slit_col = 1594.294486977609
coll_tilt_x = 0.08843812294357982
coll_tilt_y = -0.03172747199558325
ech_G = 31.610658159536367
ech_blaze = -74.97715448121357
ech_gamma = 1.1405501540665113
echelle_z = 0.0754681565579592
d_col_trf = -1588.0186158437837
trf_mirror_tilt_x = 0.13864082097706276
trf_mirror_tilt_y = 0.07754282289181094
d_col_grm = -0.009548966782025815
grism_dec_x = 236.4343923165979
grism_dec_y = 0.03422589030081099
grm_tilt_x = -0.01580376950918663
grm_tilt_y = 2.3043594132492733
grm_G = 222.82519018463077
grm_apex = 17.815110157812047
d_grm_cam  = 21.608504629040205
cam_dec_x = -0.3021321023123952
cam_dec_y = 0.2503362451647558
cam_tilt_x = -0.018338098721289
cam_tilt_y = -0.015032528958243847
d_cam_ff  = -160.40101316463276
ccd_ff_dec_x = -0.003517742636966678
ccd_ff_dec_y = 0.00015907254928631284
ccd_ff_tilt_x = 0.14601784670109705
ccd_ff_tilt_y = -0.5720592946605757
ccd_ff_tilt_z = 0.1725290398494538
d_ff_ccd  = -4.811210887379701
ccd_dec_x = 0.620636107373488
ccd_dec_y = 5.155262529630478
ccd_defocus = 0.3163466379196798
ccd_tilt_x = 0.007804397074389248
ccd_tilt_y = -0.014014571746468285
ccd_tilt_z = 3.3719771363221e-06
p = 4.906454545454545e-06