slit_dec_x_a = -0.181778666534
slit_dec_y_a = -0.18243150017
slit_dec_x_b = 0.14512077562974193
slit_dec_y_b = -0.05510809031835813
slit_defocus = -0.00223898902115057
slit_tilt_x = 1.1347128733215557
slit_tilt_y = -8.568375346300483
slit_tilt_z = -9.003585321683897
d_slit_col = 1594.303950507629
coll_tilt_x = 0.08648582735274545
coll_tilt_y = -0.02205429832549798
ech_G = 31.610931860139022
ech_blaze = -74.99579175008272
ech_gamma = 1.1582167103073016
echelle_z = 0.05646440441774092
d_col_trf = -1588.0164264032621
trf_mirror_tilt_x = 0.12244929261226051
trf_mirror_tilt_y = 0.018672643699168035
d_col_grm = 0.014939887454206744
grism_dec_x = 236.39750918686005
grism_dec_y = -0.005074309723875506
grm_tilt_x = -0.024684158264214107
grm_tilt_y = 2.32736896078074
grm_G = 222.78582009797114
grm_apex = 17.809054279821908
d_grm_cam  = 21.60473573025995
cam_dec_x = -0.28363411356477625
cam_dec_y = 0.28976725624993965
cam_tilt_x = 0.004325015256859773
cam_tilt_y = -0.02777377814014527
d_cam_ff  = -160.56955454935502
ccd_ff_dec_x = -0.022653487993104963
ccd_ff_dec_y = -0.04779292453450136
ccd_ff_tilt_x = 0.16501992485640837
ccd_ff_tilt_y = -0.589467071153654
ccd_ff_tilt_z = 0.17182608147554698
d_ff_ccd  = -4.785424662602178
ccd_dec_x = 0.5519714562788027
ccd_dec_y = 5.106298378976442
ccd_defocus = 0.3158857423456802
ccd_tilt_x = 0.021401207680338975
ccd_tilt_y = -0.004192347068394482
ccd_tilt_z = 1.9437275365788103e-07
p = 4.906454545454545e-06