slit_dec_x_a = -0.1704010755187174
slit_dec_y_a = -0.1956586180351446
slit_dec_x_b = 0.175
slit_dec_y_b = -1.8540991793814596e-96
slit_defocus = 0.021378111376777937
slit_tilt_x = 1.113959105544115
slit_tilt_y = -8.538406190395145
slit_tilt_z = -8.991705296344168
d_slit_col = 1594.3099733218353
coll_tilt_x = 0.11319807258754795
coll_tilt_y = -0.028832124811426958
ech_G = 31.613232581859926
ech_blaze = -74.97483441971961
ech_gamma = 1.1389735827799747
echelle_z = 0.0747697412214479
d_col_trf = -1588.0172287004248
trf_mirror_tilt_x = 0.026277234634767627
trf_mirror_tilt_y = 0.16218227260460324
d_col_grm = -0.004810259485470175
grism_dec_x = 236.42332634508355
grism_dec_y = 0.0381645777450927
grm_tilt_x = -0.01405699769450704
grm_tilt_y = 2.305269497697109
grm_G = 222.82400311165384
grm_apex = 17.791017594185348
d_grm_cam  = 21.609815613152232
cam_dec_x = -0.3094978920409694
cam_dec_y = 0.24728830238791427
cam_tilt_x = -0.011058008310044871
cam_tilt_y = 0.0038103306600242377
d_cam_ff  = -160.05744351230763
ccd_ff_dec_x = -0.002600405172968187
ccd_ff_dec_y = 0.05302027405927033
ccd_ff_tilt_x = 0.019495984719825006
ccd_ff_tilt_y = -0.5728025795377211
ccd_ff_tilt_z = 0.18004807193202255
d_ff_ccd  = -4.838946793234468
ccd_dec_x = 0.6214054412652026
ccd_dec_y = 5.157156149574037
ccd_defocus = 0.2807244178572734
ccd_tilt_x = 0.0050784238540476
ccd_tilt_y = -0.01084291862038447
ccd_tilt_z = 5.078416704757569e-06
p = 0.0001