slit_dec_x_a = -0.181778666534
slit_dec_y_a = -0.18243150017
slit_dec_x_b = 0.14512077562974193
slit_dec_y_b = -0.05510809031835813
slit_defocus = -0.0022129045744479848
slit_tilt_x = 1.1347057900502309
slit_tilt_y = -8.568265179486977
slit_tilt_z = -9.003661467983758
d_slit_col = 1594.3039286309531
coll_tilt_x = 0.08643336132610889
coll_tilt_y = -0.02206204762185413
ech_G = 31.610880950716506
ech_blaze = -74.99551783474291
ech_gamma = 1.1581445592972452
echelle_z = 0.05737509208971335
d_col_trf = -1588.016387121252
trf_mirror_tilt_x = 0.12252128192901858
trf_mirror_tilt_y = 0.018695898083521637
d_col_grm = 0.015025410846257668
grism_dec_x = 236.3974771979233
grism_dec_y = -0.005016080060635851
grm_tilt_x = -0.024764444692709255
grm_tilt_y = 2.3273262494539724
grm_G = 222.78572015839913
grm_apex = 17.80915616950711
d_grm_cam  = 21.604290855195366
cam_dec_x = -0.2836140652792386
cam_dec_y = 0.2897240403782081
cam_tilt_x = 0.004338330295495641
cam_tilt_y = -0.027806171464857258
d_cam_ff  = -160.5696588085886
ccd_ff_dec_x = -0.02278646892268693
ccd_ff_dec_y = -0.047800887972337884
ccd_ff_tilt_x = 0.16503462102579441
ccd_ff_tilt_y = -0.5897012899843761
ccd_ff_tilt_z = 0.1717470089557262
d_ff_ccd  = -4.785382816748788
ccd_dec_x = 0.5519115654288897
ccd_dec_y = 5.106209281341929
ccd_defocus = 0.31579947504294115
ccd_tilt_x = 0.021375032578283572
ccd_tilt_y = -0.004207833708677924
ccd_tilt_z = 3.9467906537665213e-07
p = 5.971545454545454e-06