slit_dec_x_a = -0.17043232149521384
slit_dec_y_a = -0.19607344148102446
slit_dec_x_b = 0.175
slit_dec_y_b = -2.1228810726864196e-96
slit_defocus = 0.005570703514786294
slit_tilt_x = 1.1861325680594872
slit_tilt_y = -8.539997265772936
slit_tilt_z = -8.990845599576911
d_slit_col = 1594.2944644466038
coll_tilt_x = 0.08879091397426521
coll_tilt_y = -0.03173970022973811
ech_G = 31.61067099780402
ech_blaze = -74.97684379622743
ech_gamma = 1.1405285178653066
echelle_z = 0.07479637250377803
d_col_trf = -1588.0185399257225
trf_mirror_tilt_x = 0.13864951718578541
trf_mirror_tilt_y = 0.07759728018580148
d_col_grm = -0.00954562798613618
grism_dec_x = 236.43433163261298
grism_dec_y = 0.03421119673435749
grm_tilt_x = -0.01564807252724281
grm_tilt_y = 2.3043704458401457
grm_G = 222.82520117321636
grm_apex = 17.815113000951186
d_grm_cam  = 21.608477014502245
cam_dec_x = -0.3021563009027946
cam_dec_y = 0.25035240931375086
cam_tilt_x = -0.018614879477446226
cam_tilt_y = -0.01503792281387381
d_cam_ff  = -160.40094758598224
ccd_ff_dec_x = -0.0034903760107789046
ccd_ff_dec_y = 0.00017506801293028392
ccd_ff_tilt_x = 0.14604026706186332
ccd_ff_tilt_y = -0.5720872238478253
ccd_ff_tilt_z = 0.17260713441213862
d_ff_ccd  = -4.81124031241095
ccd_dec_x = 0.6206960249795376
ccd_dec_y = 5.155288791822832
ccd_defocus = 0.3163038831711255
ccd_tilt_x = 0.007750653303500367
ccd_tilt_y = -0.01404993905624592
ccd_tilt_z = 3.153002018359204e-06
p = 5.971545454545454e-06