slit_dec_x_a = -0.1704010755187174
slit_dec_y_a = -0.1956586180351446
slit_dec_x_b = 0.175
slit_dec_y_b = -1.8702535489014352e-96
slit_defocus = 0.021377981181791017
slit_tilt_x = 1.1140610613030735
slit_tilt_y = -8.53845134990264
slit_tilt_z = -8.991618156488709
d_slit_col = 1594.309954370828
coll_tilt_x = 0.11320863332362732
coll_tilt_y = -0.028896381222492478
ech_G = 31.613228315864713
ech_blaze = -74.97482723232793
ech_gamma = 1.1389774103023758
echelle_z = 0.07476704345949256
d_col_trf = -1588.0172288402948
trf_mirror_tilt_x = 0.02632256166752552
trf_mirror_tilt_y = 0.1622180226534084
d_col_grm = -0.004796490224432195
grism_dec_x = 236.42333561007283
grism_dec_y = 0.038154135287236206
grm_tilt_x = -0.014058855574830728
grm_tilt_y = 2.3052738443885663
grm_G = 222.8240029217906
grm_apex = 17.791023354759954
d_grm_cam  = 21.60981987814988
cam_dec_x = -0.30951321496810574
cam_dec_y = 0.2472697892209294
cam_tilt_x = -0.011022472571447386
cam_tilt_y = 0.0037798663178368595
d_cam_ff  = -160.05698419892886
ccd_ff_dec_x = -0.0025937345750569013
ccd_ff_dec_y = 0.053107131299769496
ccd_ff_tilt_x = 0.019473231469715656
ccd_ff_tilt_y = -0.5728095519126403
ccd_ff_tilt_z = 0.18005161760765961
d_ff_ccd  = -4.838897014073811
ccd_dec_x = 0.6214061678633989
ccd_dec_y = 5.157149382219807
ccd_defocus = 0.28073058156111197
ccd_tilt_x = 0.005042795557378558
ccd_tilt_y = -0.010885978484714938
ccd_tilt_z = 5.068186387205667e-06
p = 0.0001