slit_dec_x_a = -0.181778666534
slit_dec_y_a = -0.18243150017
slit_dec_x_b = 0.14512077562974193
slit_dec_y_b = -0.05510809031835813
slit_defocus = -0.01381108266742127
slit_tilt_x = 1.0540807740123777
slit_tilt_y = -8.559944837096324
slit_tilt_z = -9.026904183193043
d_slit_col = 1594.290281745897
coll_tilt_x = 0.12141695812502827
coll_tilt_y = -0.02643824470269175
ech_G = 31.61455723217695
ech_blaze = -74.99489009328644
ech_gamma = 1.155640379617877
echelle_z = 0.057003787026471506
d_col_trf = -1588.016357178941
trf_mirror_tilt_x = 0.007360361381507818
trf_mirror_tilt_y = 0.15542220870294413
d_col_grm = 0.03564268241504816
grism_dec_x = 236.38322297073864
grism_dec_y = 0.00927346627657363
grm_tilt_x = -0.023507574784884386
grm_tilt_y = 2.3257889508348835
grm_G = 222.78406521153548
grm_apex = 17.766499875431453
d_grm_cam  = 21.604705820204664
cam_dec_x = -0.27114315833388264
cam_dec_y = 0.2908501274675327
cam_tilt_x = 0.012483502834904318
cam_tilt_y = 0.008837566584027371
d_cam_ff  = -160.0771398275398
ccd_ff_dec_x = -0.02380303582354886
ccd_ff_dec_y = 0.04204624014459587
ccd_ff_tilt_x = 0.033469903610153555
ccd_ff_tilt_y = -0.5909773630375151
ccd_ff_tilt_z = 0.17191487361492583
d_ff_ccd  = -4.816049327034128
ccd_dec_x = 0.5532939374928659
ccd_dec_y = 5.107630494933413
ccd_defocus = 0.2857819717240793
ccd_tilt_x = 0.032498316988644325
ccd_tilt_y = -0.002120935370712962
ccd_tilt_z = 4.687591910547431e-06
p = 0.0001