slit_dec_x_a = -0.181778666534
slit_dec_y_a = -0.18243150017
slit_dec_x_b = 0.14512077562974193
slit_dec_y_b = -0.05510809031835813
slit_defocus = -0.002193837579144184
slit_tilt_x = 1.1346930304029106
slit_tilt_y = -8.568293895980474
slit_tilt_z = -9.003634748879582
d_slit_col = 1594.3039193957386
coll_tilt_x = 0.08642865016495961
coll_tilt_y = -0.02204043870772366
ech_G = 31.610905559291115
ech_blaze = -74.9956346525507
ech_gamma = 1.1581857892181957
echelle_z = 0.05714054751169764
d_col_trf = -1588.0162719969892
trf_mirror_tilt_x = 0.12249887552807345
trf_mirror_tilt_y = 0.018698881031451793
d_col_grm = 0.014986921565647033
grism_dec_x = 236.39748888035177
grism_dec_y = -0.005051175989853061
grm_tilt_x = -0.024861178703543953
grm_tilt_y = 2.327419415330413
grm_G = 222.78574404781486
grm_apex = 17.80917371962478
d_grm_cam  = 21.604597541689607
cam_dec_x = -0.2836337953016986
cam_dec_y = 0.2897105407998958
cam_tilt_x = 0.004356806460830869
cam_tilt_y = -0.027796619112534345
d_cam_ff  = -160.56962131984116
ccd_ff_dec_x = -0.02307575705914074
ccd_ff_dec_y = -0.04778066457727224
ccd_ff_tilt_x = 0.16502907621871418
ccd_ff_tilt_y = -0.5896263244239903
ccd_ff_tilt_z = 0.1718737942564329
d_ff_ccd  = -4.785367327362465
ccd_dec_x = 0.5519251518534495
ccd_dec_y = 5.106572408675311
ccd_defocus = 0.31582238151484626
ccd_tilt_x = 0.021421874976080755
ccd_tilt_y = -0.0042037630325502786
ccd_tilt_z = 2.8844105916497744e-07
p = 2.4237272727272722e-06