slit_dec_x_a = -0.17046017861061344
slit_dec_y_a = -0.19607560705171595
slit_dec_x_b = 0.175
slit_dec_y_b = -1.8712641664615168e-96
slit_defocus = 0.005565510752866053
slit_tilt_x = 1.1861438830099194
slit_tilt_y = -8.540011848536452
slit_tilt_z = -8.990845567899765
d_slit_col = 1594.2944295319376
coll_tilt_x = 0.08877964370617085
coll_tilt_y = -0.03174555303118656
ech_G = 31.610694389051663
ech_blaze = -74.97711706255265
ech_gamma = 1.14053142600565
echelle_z = 0.07496930638800169
d_col_trf = -1588.0185578820078
trf_mirror_tilt_x = 0.1387090195461546
trf_mirror_tilt_y = 0.07758698933975514
d_col_grm = -0.009522239646772497
grism_dec_x = 236.43429651661918
grism_dec_y = 0.03425339612778546
grm_tilt_x = -0.015764063088913118
grm_tilt_y = 2.3043707299279097
grm_G = 222.8251768062907
grm_apex = 17.815116873121802
d_grm_cam  = 21.60849020582222
cam_dec_x = -0.3021080027809174
cam_dec_y = 0.25036946072158645
cam_tilt_x = -0.01829395545348399
cam_tilt_y = -0.015033480198258516
d_cam_ff  = -160.40094123356454
ccd_ff_dec_x = -0.003531215973633773
ccd_ff_dec_y = 0.000142994527871102
ccd_ff_tilt_x = 0.14599447386828363
ccd_ff_tilt_y = -0.5720866530473179
ccd_ff_tilt_z = 0.1725468165261094
d_ff_ccd  = -4.811234692007994
ccd_dec_x = 0.6206592900738253
ccd_dec_y = 5.155255581192514
ccd_defocus = 0.31632220104540565
ccd_tilt_x = 0.007749627218315971
ccd_tilt_y = -0.014001573719294357
ccd_tilt_z = 3.300429976707759e-06
p = 2.4237272727272722e-06