slit_dec_x_a = -0.181778666534
slit_dec_y_a = -0.18243150017
slit_dec_x_b = 0.14512077562974193
slit_dec_y_b = -0.05510809031835813
slit_defocus = -0.013739074369821016
slit_tilt_x = 1.0540651485969161
slit_tilt_y = -8.559938714956248
slit_tilt_z = -9.026870912894664
d_slit_col = 1594.2902356463972
coll_tilt_x = 0.1214422115407562
coll_tilt_y = -0.026482850581313555
ech_G = 31.61456828712013
ech_blaze = -74.9948852413904
ech_gamma = 1.155643928074191
echelle_z = 0.05700763567095696
d_col_trf = -1588.0163615881909
trf_mirror_tilt_x = 0.007298478960433321
trf_mirror_tilt_y = 0.15540341888531453
d_col_grm = 0.03563063218434546
grism_dec_x = 236.383245313254
grism_dec_y = 0.009226051570514267
grm_tilt_x = -0.023512259183622788
grm_tilt_y = 2.3257847828123555
grm_G = 222.7840736809043
grm_apex = 17.766531368320308
d_grm_cam  = 21.604699864577498
cam_dec_x = -0.27117919662289164
cam_dec_y = 0.2908943134044116
cam_tilt_x = 0.012427758675913987
cam_tilt_y = 0.00885266126470867
d_cam_ff  = -160.07668219367667
ccd_ff_dec_x = -0.02380921036140218
ccd_ff_dec_y = 0.042103362390381524
ccd_ff_tilt_x = 0.033512591966117326
ccd_ff_tilt_y = -0.5909740921004942
ccd_ff_tilt_z = 0.1719196207175071
d_ff_ccd  = -4.815968765875898
ccd_dec_x = 0.5532954427897445
ccd_dec_y = 5.107630250444891
ccd_defocus = 0.28578194140914465
ccd_tilt_x = 0.03249893393905924
ccd_tilt_y = -0.00215792759600407
ccd_tilt_z = 4.665301988521275e-06
p = 0.0001