slit_dec_x_a = -0.181778666534
slit_dec_y_a = -0.18243150017
slit_dec_x_b = 0.14512077562974193
slit_dec_y_b = -0.05510809031835813
slit_defocus = -0.002242714996981894
slit_tilt_x = 1.1347021910456137
slit_tilt_y = -8.56837253680784
slit_tilt_z = -9.003599163742777
d_slit_col = 1594.3039499719068
coll_tilt_x = 0.08648701866958457
coll_tilt_y = -0.02202948472202551
ech_G = 31.610936029712445
ech_blaze = -74.99582429318792
ech_gamma = 1.1582530210848943
echelle_z = 0.056458413035303426
d_col_trf = -1588.016324961754
trf_mirror_tilt_x = 0.12244767350000196
trf_mirror_tilt_y = 0.01870871123345779
d_col_grm = 0.014938686939797878
grism_dec_x = 236.39750230468204
grism_dec_y = -0.005084231779693593
grm_tilt_x = -0.024714956931008825
grm_tilt_y = 2.3273661612458914
grm_G = 222.78590415831525
grm_apex = 17.809071841067016
d_grm_cam  = 21.604833225195623
cam_dec_x = -0.28362287679112286
cam_dec_y = 0.28975117838203757
cam_tilt_x = 0.004348933098469843
cam_tilt_y = -0.027774923384389742
d_cam_ff  = -160.56963394678743
ccd_ff_dec_x = -0.022704293390277113
ccd_ff_dec_y = -0.04776545006535128
ccd_ff_tilt_x = 0.1650202517823265
ccd_ff_tilt_y = -0.5893807919214374
ccd_ff_tilt_z = 0.17187213263547838
d_ff_ccd  = -4.785431057768618
ccd_dec_x = 0.5518733723497294
ccd_dec_y = 5.106337205669171
ccd_defocus = 0.3158666514436925
ccd_tilt_x = 0.021379214079025526
ccd_tilt_y = -0.004197650789400765
ccd_tilt_z = 1.927136320961361e-07
p = 4.51625e-06