slit_dec_x_a = -0.1704010755187174
slit_dec_y_a = -0.1956586180351446
slit_dec_x_b = 0.175
slit_dec_y_b = -1.8248053526605363e-96
slit_defocus = 0.0213557779614308
slit_tilt_x = 1.1140370580366277
slit_tilt_y = -8.538459361785744
slit_tilt_z = -8.991621066453147
d_slit_col = 1594.310015786539
coll_tilt_x = 0.11316614601898355
coll_tilt_y = -0.02892815141820183
ech_G = 31.613228474906293
ech_blaze = -74.97483201454823
ech_gamma = 1.1389779358273613
echelle_z = 0.07476564522681986
d_col_trf = -1588.0172303529607
trf_mirror_tilt_x = 0.02630687080626602
trf_mirror_tilt_y = 0.162223784922932
d_col_grm = -0.004813288197924191
grism_dec_x = 236.4233326072421
grism_dec_y = 0.038188389241630434
grm_tilt_x = -0.014049954035455652
grm_tilt_y = 2.305276422101518
grm_G = 222.82400367613954
grm_apex = 17.79105210091355
d_grm_cam  = 21.609815770527142
cam_dec_x = -0.3095337045207564
cam_dec_y = 0.24729194144554476
cam_tilt_x = -0.011112918398219986
cam_tilt_y = 0.0037662283760922176
d_cam_ff  = -160.05727303691245
ccd_ff_dec_x = -0.0025998248570420234
ccd_ff_dec_y = 0.05302489354009828
ccd_ff_tilt_x = 0.019535926723096377
ccd_ff_tilt_y = -0.572800049423708
ccd_ff_tilt_z = 0.18004642093436152
d_ff_ccd  = -4.838843558214427
ccd_dec_x = 0.6214092730453898
ccd_dec_y = 5.157146158257074
ccd_defocus = 0.2806979282246908
ccd_tilt_x = 0.005062643763792499
ccd_tilt_y = -0.010925330795508137
ccd_tilt_z = 5.019179013149604e-06
p = 0.0001