slit_dec_x_a = -0.181778666534
slit_dec_y_a = -0.18243150017
slit_dec_x_b = 0.14512077562974193
slit_dec_y_b = -0.05510809031835813
slit_defocus = -0.0022079996279996917
slit_tilt_x = 1.134704110728129
slit_tilt_y = -8.568259564524224
slit_tilt_z = -9.003660172550187
d_slit_col = 1594.3039274828877
coll_tilt_x = 0.08643174486697248
coll_tilt_y = -0.022062222130463147
ech_G = 31.610881793999674
ech_blaze = -74.99553447710656
ech_gamma = 1.158121750850406
echelle_z = 0.057359119762069206
d_col_trf = -1588.0163327835344
trf_mirror_tilt_x = 0.12252324347469029
trf_mirror_tilt_y = 0.018694336446211404
d_col_grm = 0.01502043010002047
grism_dec_x = 236.39747093496365
grism_dec_y = -0.005027283527506154
grm_tilt_x = -0.0247348278375398
grm_tilt_y = 2.3273078397761946
grm_G = 222.78572284496528
grm_apex = 17.809156671710372
d_grm_cam  = 21.604298762990645
cam_dec_x = -0.2836147146661691
cam_dec_y = 0.2897216397933684
cam_tilt_x = 0.004337941785249778
cam_tilt_y = -0.027809331742202043
d_cam_ff  = -160.5696097229036
ccd_ff_dec_x = -0.0228195555836822
ccd_ff_dec_y = -0.04780255747988861
ccd_ff_tilt_x = 0.16502833512746004
ccd_ff_tilt_y = -0.5897224519506566
ccd_ff_tilt_z = 0.17175310572816568
d_ff_ccd  = -4.785384191128073
ccd_dec_x = 0.5519154007456726
ccd_dec_y = 5.106198135411019
ccd_defocus = 0.3157908803284664
ccd_tilt_x = 0.021372369750216346
ccd_tilt_y = -0.004203100020250743
ccd_tilt_z = 3.6717153319786565e-07
p = 5.249545454545454e-06