slit_dec_x_a = -0.17039102783719182
slit_dec_y_a = -0.19581745706107942
slit_dec_x_b = 0.175
slit_dec_y_b = -2.653715110406017e-96
slit_defocus = 0.005532513194531567
slit_tilt_x = 1.1860886505886339
slit_tilt_y = -8.540129542936869
slit_tilt_z = -8.990808624530136
d_slit_col = 1594.2944825835082
coll_tilt_x = 0.08846655656014887
coll_tilt_y = -0.031769403757291884
ech_G = 31.610666502279013
ech_blaze = -74.97713935123953
ech_gamma = 1.1405057378619046
echelle_z = 0.07548152729907297
d_col_trf = -1588.0186185378116
trf_mirror_tilt_x = 0.13864381853412502
trf_mirror_tilt_y = 0.07755497451721237
d_col_grm = -0.009549108781115345
grism_dec_x = 236.4343894506138
grism_dec_y = 0.0342336847131243
grm_tilt_x = -0.01583058279589983
grm_tilt_y = 2.304356707335607
grm_G = 222.82519984166507
grm_apex = 17.81511281658694
d_grm_cam  = 21.608504040680447
cam_dec_x = -0.3021303570252193
cam_dec_y = 0.25032912433820376
cam_tilt_x = -0.018401198792731714
cam_tilt_y = -0.015032484557738854
d_cam_ff  = -160.40100731465964
ccd_ff_dec_x = -0.0035212802672664892
ccd_ff_dec_y = 0.00015348551934235205
ccd_ff_tilt_x = 0.14602325982216832
ccd_ff_tilt_y = -0.5720540622031006
ccd_ff_tilt_z = 0.17252493992380522
d_ff_ccd  = -4.811216771897516
ccd_dec_x = 0.6206309427255765
ccd_dec_y = 5.155260136126217
ccd_defocus = 0.3163455908099659
ccd_tilt_x = 0.0078015678017100375
ccd_tilt_y = -0.01401736191387799
ccd_tilt_z = 3.3354495264772414e-06
p = 4.1145e-06