slit_dec_x_a = -0.181778666534
slit_dec_y_a = -0.18243150017
slit_dec_x_b = 0.14512077562974193
slit_dec_y_b = -0.05510809031835813
slit_defocus = -0.0022503163961380716
slit_tilt_x = 1.1347126505565692
slit_tilt_y = -8.568358637759202
slit_tilt_z = -9.003590222967427
d_slit_col = 1594.3039499942845
coll_tilt_x = 0.08648304537024439
coll_tilt_y = -0.022037045476585897
ech_G = 31.610930830464564
ech_blaze = -74.99579571404345
ech_gamma = 1.1582451640336666
echelle_z = 0.056517299516190805
d_col_trf = -1588.0164104241567
trf_mirror_tilt_x = 0.12245704369109642
trf_mirror_tilt_y = 0.018681613835799124
d_col_grm = 0.01493880738814023
grism_dec_x = 236.39752099039924
grism_dec_y = -0.005089966861139584
grm_tilt_x = -0.024665724182059128
grm_tilt_y = 2.327373745440657
grm_G = 222.7858884953359
grm_apex = 17.80905842744334
d_grm_cam  = 21.604737287564106
cam_dec_x = -0.28362881164250586
cam_dec_y = 0.2897588614572421
cam_tilt_x = 0.004330228367440139
cam_tilt_y = -0.027772014282228065
d_cam_ff  = -160.56954317762654
ccd_ff_dec_x = -0.022670410711300295
ccd_ff_dec_y = -0.047782241334934875
ccd_ff_tilt_x = 0.16502109475705065
ccd_ff_tilt_y = -0.5894528422637592
ccd_ff_tilt_z = 0.1718666254815586
d_ff_ccd  = -4.785422748673259
ccd_dec_x = 0.5519173555701778
ccd_dec_y = 5.10632491423969
ccd_defocus = 0.31587103351716966
ccd_tilt_x = 0.021393783654060066
ccd_tilt_y = -0.00418949986037891
ccd_tilt_z = 2.1630859294970336e-07
p = 4.1145e-06