slit_dec_x_a = -0.181778666534
slit_dec_y_a = -0.18243150017
slit_dec_x_b = 0.14512077562974193
slit_dec_y_b = -0.05510809031835813
slit_defocus = -0.0022141707552194604
slit_tilt_x = 1.1346967142508197
slit_tilt_y = -8.56822643668
slit_tilt_z = -9.00364624670081
d_slit_col = 1594.3039098105783
coll_tilt_x = 0.08642798517201575
coll_tilt_y = -0.022081090197247914
ech_G = 31.61087937983384
ech_blaze = -74.99553406667921
ech_gamma = 1.1580855318568257
echelle_z = 0.057411803831263396
d_col_trf = -1588.0163687846796
trf_mirror_tilt_x = 0.12252536410355533
trf_mirror_tilt_y = 0.018677362544098998
d_col_grm = 0.015036049783348913
grism_dec_x = 236.397477257031
grism_dec_y = -0.005020666460057992
grm_tilt_x = -0.024728014057471128
grm_tilt_y = 2.327301034979054
grm_G = 222.78580718990668
grm_apex = 17.809162972811922
d_grm_cam  = 21.604304722457517
cam_dec_x = -0.28361600396468095
cam_dec_y = 0.28971268632355474
cam_tilt_x = 0.004332964487306143
cam_tilt_y = -0.02779907862916457
d_cam_ff  = -160.56966316756404
ccd_ff_dec_x = -0.02282096838070383
ccd_ff_dec_y = -0.047812104091327585
ccd_ff_tilt_x = 0.16503660272035459
ccd_ff_tilt_y = -0.5897561051672704
ccd_ff_tilt_z = 0.17170936296973044
d_ff_ccd  = -4.785363368341229
ccd_dec_x = 0.5520053631614157
ccd_dec_y = 5.106190654564018
ccd_defocus = 0.3157775923988476
ccd_tilt_x = 0.021374229690245876
ccd_tilt_y = -0.004208109165109852
ccd_tilt_z = 4.232795331335664e-07
p = 4.351083333333334e-06