slit_dec_x_a = -0.17042842832812602
slit_dec_y_a = -0.19605179214645627
slit_dec_x_b = 0.175
slit_dec_y_b = -1.9686294451241695e-96
slit_defocus = 0.005569487411133262
slit_tilt_x = 1.1861394292293652
slit_tilt_y = -8.540000086439413
slit_tilt_z = -8.990837497328862
d_slit_col = 1594.2944596819448
coll_tilt_x = 0.0887812457110698
coll_tilt_y = -0.03177830403979995
ech_G = 31.61066604808837
ech_blaze = -74.97683435516737
ech_gamma = 1.1404899605155037
echelle_z = 0.0748063719510925
d_col_trf = -1588.018550876014
trf_mirror_tilt_x = 0.1386505103567077
trf_mirror_tilt_y = 0.07759539523157702
d_col_grm = -0.00954567674969403
grism_dec_x = 236.4343392821876
grism_dec_y = 0.03420501119053211
grm_tilt_x = -0.015667942255080513
grm_tilt_y = 2.3043726729225256
grm_G = 222.82519733562668
grm_apex = 17.81510524163843
d_grm_cam  = 21.60846925975077
cam_dec_x = -0.3021535704216319
cam_dec_y = 0.2503625464129746
cam_tilt_x = -0.018599627319293946
cam_tilt_y = -0.015030024661137746
d_cam_ff  = -160.4009482291076
ccd_ff_dec_x = -0.0034955089672727953
ccd_ff_dec_y = 0.0001820426601303748
ccd_ff_tilt_x = 0.1460437399070086
ccd_ff_tilt_y = -0.5720730862519731
ccd_ff_tilt_z = 0.17258757186464463
d_ff_ccd  = -4.811252559486301
ccd_dec_x = 0.6206833474893327
ccd_dec_y = 5.155289863171557
ccd_defocus = 0.31628930515625187
ccd_tilt_x = 0.007757306091404675
ccd_tilt_y = -0.0140519319264347
ccd_tilt_z = 3.1437511068131213e-06
p = 4.351083333333334e-06