slit_dec_x_a = -0.181778666534
slit_dec_y_a = -0.18243150017
slit_dec_x_b = 0.14512077562974193
slit_dec_y_b = -0.05510809031835813
slit_defocus = -0.013755606475973878
slit_tilt_x = 1.0541020510023231
slit_tilt_y = -8.559941118174466
slit_tilt_z = -9.02686871781188
d_slit_col = 1594.2903580277077
coll_tilt_x = 0.12143977774746674
coll_tilt_y = -0.02655486808102873
ech_G = 31.614558193270767
ech_blaze = -74.99489248809982
ech_gamma = 1.155643443932522
echelle_z = 0.05700085287417985
d_col_trf = -1588.0163680343558
trf_mirror_tilt_x = 0.007282626402369029
trf_mirror_tilt_y = 0.1553767821549903
d_col_grm = 0.035685618022549985
grism_dec_x = 236.3832335487171
grism_dec_y = 0.00925404345329693
grm_tilt_x = -0.023503643848097538
grm_tilt_y = 2.325783754536457
grm_G = 222.78406366791677
grm_apex = 17.76652973524284
d_grm_cam  = 21.6046987404993
cam_dec_x = -0.2711137240574269
cam_dec_y = 0.290796737480254
cam_tilt_x = 0.01240406058367247
cam_tilt_y = 0.008857616447403047
d_cam_ff  = -160.0767914235603
ccd_ff_dec_x = -0.023802173908276228
ccd_ff_dec_y = 0.04207850117590498
ccd_ff_tilt_x = 0.0334384871459851
ccd_ff_tilt_y = -0.5909793534089524
ccd_ff_tilt_z = 0.17192340732680006
d_ff_ccd  = -4.816028421055689
ccd_dec_x = 0.5532999009019196
ccd_dec_y = 5.107631438284897
ccd_defocus = 0.2857727358260093
ccd_tilt_x = 0.0325283462910924
ccd_tilt_y = -0.002142909696243343
ccd_tilt_z = 4.622074560740866e-06
p = 0.0001