slit_dec_x_a = -0.181778666534
slit_dec_y_a = -0.18243150017
slit_dec_x_b = 0.14512077562974193
slit_dec_y_b = -0.05510809031835813
slit_defocus = -0.0021986362471547558
slit_tilt_x = 1.1346507123911702
slit_tilt_y = -8.568225081692209
slit_tilt_z = -9.003635139400437
d_slit_col = 1594.3039479928138
coll_tilt_x = 0.08648212157748485
coll_tilt_y = -0.02198419863716254
ech_G = 31.610909356123074
ech_blaze = -74.99559180341062
ech_gamma = 1.1580904805937113
echelle_z = 0.05749879400439544
d_col_trf = -1588.016177128706
trf_mirror_tilt_x = 0.12253094661808579
trf_mirror_tilt_y = 0.018614666290116634
d_col_grm = 0.01509258624989588
grism_dec_x = 236.3974381052699
grism_dec_y = -0.0050217585014872435
grm_tilt_x = -0.024929594667917845
grm_tilt_y = 2.3270969850712
grm_G = 222.785697604901
grm_apex = 17.809223307237264
d_grm_cam  = 21.60458074771954
cam_dec_x = -0.28355995187837485
cam_dec_y = 0.2897031985174475
cam_tilt_x = 0.004304297098502464
cam_tilt_y = -0.027798471461043205
d_cam_ff  = -160.56972251292723
ccd_ff_dec_x = -0.022816092941253977
ccd_ff_dec_y = -0.04778780338848702
ccd_ff_tilt_x = 0.1650416951302661
ccd_ff_tilt_y = -0.58966659301753
ccd_ff_tilt_z = 0.17177185212960785
d_ff_ccd  = -4.785417744767931
ccd_dec_x = 0.5518733453673863
ccd_dec_y = 5.106196396107113
ccd_defocus = 0.3157325188132736
ccd_tilt_x = 0.021327969111513162
ccd_tilt_y = -0.004216439328863362
ccd_tilt_z = 3.3911861676827836e-07
p = 8.049181818181818e-06