slit_dec_x_a = -0.17042034255162392
slit_dec_y_a = -0.1959364192351646
slit_dec_x_b = 0.175
slit_dec_y_b = -1.6317550221827807e-96
slit_defocus = 0.005588332240061695
slit_tilt_x = 1.1861284557656155
slit_tilt_y = -8.540020012467735
slit_tilt_z = -8.990856897743114
d_slit_col = 1594.2944746099856
coll_tilt_x = 0.08871521571326084
coll_tilt_y = -0.031934612860221354
ech_G = 31.610652114618258
ech_blaze = -74.97677397114404
ech_gamma = 1.1403041605511717
echelle_z = 0.07475125946452704
d_col_trf = -1588.018538434108
trf_mirror_tilt_x = 0.13868853229241343
trf_mirror_tilt_y = 0.07753743557265456
d_col_grm = -0.009531452832689458
grism_dec_x = 236.43434844233013
grism_dec_y = 0.034169893093453085
grm_tilt_x = -0.01596658412253595
grm_tilt_y = 2.3043861426480317
grm_G = 222.82518261310008
grm_apex = 17.81511473960046
d_grm_cam  = 21.608494853690264
cam_dec_x = -0.3021126402198877
cam_dec_y = 0.250338707161503
cam_tilt_x = -0.018450142807030574
cam_tilt_y = -0.015107938724109307
d_cam_ff  = -160.40095728470646
ccd_ff_dec_x = -0.003509287823126669
ccd_ff_dec_y = 0.0002645170558339972
ccd_ff_tilt_x = 0.14604700472582685
ccd_ff_tilt_y = -0.5720669373713817
ccd_ff_tilt_z = 0.17258274817176408
d_ff_ccd  = -4.811302535680072
ccd_dec_x = 0.6207056242187149
ccd_dec_y = 5.155298502001798
ccd_defocus = 0.3162726325275899
ccd_tilt_x = 0.007747170712100885
ccd_tilt_y = -0.014122868009232164
ccd_tilt_z = 3.1099084759207604e-06
p = 8.049181818181818e-06