slit_dec_x_a = -0.181778666534
slit_dec_y_a = -0.18243150017
slit_dec_x_b = 0.14512077562974193
slit_dec_y_b = -0.05510809031835813
slit_defocus = -0.013756560417219437
slit_tilt_x = 1.0541573002594016
slit_tilt_y = -8.559962242059262
slit_tilt_z = -9.026848200283407
d_slit_col = 1594.2902706310417
coll_tilt_x = 0.12150931546541605
coll_tilt_y = -0.026580161718593884
ech_G = 31.614565877480352
ech_blaze = -74.99489053755657
ech_gamma = 1.155634812120951
echelle_z = 0.05699864671820701
d_col_trf = -1588.0163642463863
trf_mirror_tilt_x = 0.007298957936473899
trf_mirror_tilt_y = 0.15543947940724023
d_col_grm = 0.03565037882854973
grism_dec_x = 236.3831786017787
grism_dec_y = 0.009297529452222788
grm_tilt_x = -0.023506394148627506
grm_tilt_y = 2.3257822696087542
grm_G = 222.78407001459013
grm_apex = 17.766479606275915
d_grm_cam  = 21.60470243725351
cam_dec_x = -0.27109770789054827
cam_dec_y = 0.2909196683598505
cam_tilt_x = 0.012442265238181028
cam_tilt_y = 0.008769154826629271
d_cam_ff  = -160.07674984779558
ccd_ff_dec_x = -0.023806779214708116
ccd_ff_dec_y = 0.04206026736385181
ccd_ff_tilt_x = 0.03347023421402846
ccd_ff_tilt_y = -0.5909784089824069
ccd_ff_tilt_z = 0.17191604728663373
d_ff_ccd  = -4.816044293882647
ccd_dec_x = 0.5532959973048621
ccd_dec_y = 5.107633369024619
ccd_defocus = 0.2857206852894419
ccd_tilt_x = 0.03252658206592768
ccd_tilt_y = -0.002173007989493398
ccd_tilt_z = 4.706891423450541e-06
p = 0.0001