slit_dec_x_a = -0.1704010755187174
slit_dec_y_a = -0.1956586180351446
slit_dec_x_b = 0.175
slit_dec_y_b = -1.8079208556626112e-96
slit_defocus = 0.021379154545086133
slit_tilt_x = 1.1140032463409297
slit_tilt_y = -8.538441177203604
slit_tilt_z = -8.991582008026583
d_slit_col = 1594.3099437128365
coll_tilt_x = 0.11320593951987082
coll_tilt_y = -0.028916757742074084
ech_G = 31.6132269667524
ech_blaze = -74.97483360413105
ech_gamma = 1.138971319619355
echelle_z = 0.0747686707645824
d_col_trf = -1588.0172316371816
trf_mirror_tilt_x = 0.026310224153130297
trf_mirror_tilt_y = 0.16212095345707317
d_col_grm = -0.004845270859586386
grism_dec_x = 236.42332247262985
grism_dec_y = 0.0381067365895418
grm_tilt_x = -0.014057586915829985
grm_tilt_y = 2.3052679613261438
grm_G = 222.8240097427076
grm_apex = 17.7910044632665
d_grm_cam  = 21.609824772376953
cam_dec_x = -0.30954012581006013
cam_dec_y = 0.24736838403119768
cam_tilt_x = -0.01106235631532497
cam_tilt_y = 0.003809889710078514
d_cam_ff  = -160.05744112632772
ccd_ff_dec_x = -0.002599030999887943
ccd_ff_dec_y = 0.053036544194405524
ccd_ff_tilt_x = 0.01952875544674671
ccd_ff_tilt_y = -0.5728045881807116
ccd_ff_tilt_z = 0.18005745809150742
d_ff_ccd  = -4.838930605524497
ccd_dec_x = 0.6214097316474133
ccd_dec_y = 5.15715152754277
ccd_defocus = 0.28073518391221264
ccd_tilt_x = 0.005107753310580845
ccd_tilt_y = -0.010889133280661847
ccd_tilt_z = 5.065897582671518e-06
p = 0.0001