slit_dec_x_a = -0.17039504363681568
slit_dec_y_a = -0.19600201110467347
slit_dec_x_b = 0.175
slit_dec_y_b = -1.590022634494962e-96
slit_defocus = 0.005550845442053148
slit_tilt_x = 1.1861652466212245
slit_tilt_y = -8.54002014854832
slit_tilt_z = -8.990836787491741
d_slit_col = 1594.2944524052632
coll_tilt_x = 0.08881129728499075
coll_tilt_y = -0.031845764571711434
ech_G = 31.610675025270933
ech_blaze = -74.97686138935504
ech_gamma = 1.140403439142398
echelle_z = 0.07482366998301451
d_col_trf = -1588.0185296975262
trf_mirror_tilt_x = 0.13866713533865588
trf_mirror_tilt_y = 0.07757160042393108
d_col_grm = -0.009556883368603747
grism_dec_x = 236.43433084212745
grism_dec_y = 0.03417925137862488
grm_tilt_x = -0.01576260089237857
grm_tilt_y = 2.3043591747036762
grm_G = 222.82519102401633
grm_apex = 17.81513789038527
d_grm_cam  = 21.608451657587935
cam_dec_x = -0.30212968633833587
cam_dec_y = 0.250323803367281
cam_tilt_x = -0.01857843824906398
cam_tilt_y = -0.01505292579233446
d_cam_ff  = -160.4009352293434
ccd_ff_dec_x = -0.003506850237753409
ccd_ff_dec_y = 0.00020823365505533595
ccd_ff_tilt_x = 0.14604069262541483
ccd_ff_tilt_y = -0.5720537504104752
ccd_ff_tilt_z = 0.17258166802184166
d_ff_ccd  = -4.811280965828032
ccd_dec_x = 0.6207072618389716
ccd_dec_y = 5.15532174139621
ccd_defocus = 0.3163210551718344
ccd_tilt_x = 0.007721803382316831
ccd_tilt_y = -0.01407978483278182
ccd_tilt_z = 3.133445339318617e-06
p = 2.311818181818182e-05