slit_dec_x_a = -0.181778666534
slit_dec_y_a = -0.18243150017
slit_dec_x_b = 0.14512077562974193
slit_dec_y_b = -0.05510809031835813
slit_defocus = -0.002215989880944179
slit_tilt_x = 1.1346908358895131
slit_tilt_y = -8.568234231598012
slit_tilt_z = -9.003681314494823
d_slit_col = 1594.3039238338085
coll_tilt_x = 0.08642590529927109
coll_tilt_y = -0.022053846310538545
ech_G = 31.6108847858005
ech_blaze = -74.99559465282485
ech_gamma = 1.1580797028701364
echelle_z = 0.057478556823818354
d_col_trf = -1588.0162883251594
trf_mirror_tilt_x = 0.12251824454886964
trf_mirror_tilt_y = 0.018680334778680738
d_col_grm = 0.01505242176094612
grism_dec_x = 236.39746478455803
grism_dec_y = -0.0050240581480693325
grm_tilt_x = -0.024765929481903898
grm_tilt_y = 2.3272212034291506
grm_G = 222.78578314340353
grm_apex = 17.809192133588123
d_grm_cam  = 21.60430997539436
cam_dec_x = -0.28358644457866433
cam_dec_y = 0.28973482535650763
cam_tilt_x = 0.0043541333618058375
cam_tilt_y = -0.027815969465046057
d_cam_ff  = -160.56967764515426
ccd_ff_dec_x = -0.02265988108050993
ccd_ff_dec_y = -0.047785390645028264
ccd_ff_tilt_x = 0.16504079281699635
ccd_ff_tilt_y = -0.5897393620833185
ccd_ff_tilt_z = 0.17168056287591466
d_ff_ccd  = -4.785390100397823
ccd_dec_x = 0.5519791723878718
ccd_dec_y = 5.106073732904353
ccd_defocus = 0.31575839494766433
ccd_tilt_x = 0.021356533106623738
ccd_tilt_y = -0.0042077864162055455
ccd_tilt_z = 4.2949010375037364e-07
p = 2.311818181818182e-05