slit_dec_x_a = -0.181778666534
slit_dec_y_a = -0.18243150017
slit_dec_x_b = 0.14512077562974193
slit_dec_y_b = -0.05510809031835813
slit_defocus = -0.0021981909556068216
slit_tilt_x = 1.134655853835881
slit_tilt_y = -8.568225272465801
slit_tilt_z = -9.003633227045437
d_slit_col = 1594.3039523559405
coll_tilt_x = 0.08647573942289066
coll_tilt_y = -0.021984919233068737
ech_G = 31.610911187616306
ech_blaze = -74.99560283544015
ech_gamma = 1.158101730599551
echelle_z = 0.057526258037211675
d_col_trf = -1588.0161936576958
trf_mirror_tilt_x = 0.12253377705259531
trf_mirror_tilt_y = 0.018615698307102614
d_col_grm = 0.015089634890115486
grism_dec_x = 236.39743627730778
grism_dec_y = -0.0050154080885200176
grm_tilt_x = -0.02492359474704492
grm_tilt_y = 2.3271118640590016
grm_G = 222.78571720913624
grm_apex = 17.8092165251118
d_grm_cam  = 21.604583310729097
cam_dec_x = -0.283558894045079
cam_dec_y = 0.28970648502203783
cam_tilt_x = 0.00430395717363392
cam_tilt_y = -0.027795608103423648
d_cam_ff  = -160.56970840391364
ccd_ff_dec_x = -0.022811190536378808
ccd_ff_dec_y = -0.047789749537973145
ccd_ff_tilt_x = 0.16504168775080838
ccd_ff_tilt_y = -0.5896831721006563
ccd_ff_tilt_z = 0.1717875614850861
d_ff_ccd  = -4.78541427434844
ccd_dec_x = 0.5518670063540445
ccd_dec_y = 5.106199221846583
ccd_defocus = 0.31573261786713097
ccd_tilt_x = 0.02132667915754724
ccd_tilt_y = -0.004218595081626288
ccd_tilt_z = 3.922907296245945e-07
p = 7.674636363636367e-06