slit_dec_x_a = -0.17042165970810266
slit_dec_y_a = -0.19592609127143432
slit_dec_x_b = 0.175
slit_dec_y_b = -1.6309710128188655e-96
slit_defocus = 0.005585584057983638
slit_tilt_x = 1.1861298901639232
slit_tilt_y = -8.540019127713217
slit_tilt_z = -8.990855790761143
d_slit_col = 1594.2944753072925
coll_tilt_x = 0.08872145718288012
coll_tilt_y = -0.03193710597794321
ech_G = 31.610653883525632
ech_blaze = -74.97678037608735
ech_gamma = 1.140310126880902
echelle_z = 0.07476004107422465
d_col_trf = -1588.0185365827876
trf_mirror_tilt_x = 0.1386910980163826
trf_mirror_tilt_y = 0.07753690781426634
d_col_grm = -0.009530906010591502
grism_dec_x = 236.4343494196002
grism_dec_y = 0.03417171044108524
grm_tilt_x = -0.01596104920085805
grm_tilt_y = 2.304385139639971
grm_G = 222.82518389624366
grm_apex = 17.81511620043423
d_grm_cam  = 21.60849617098746
cam_dec_x = -0.30211353494438165
cam_dec_y = 0.25033770858096255
cam_tilt_x = -0.018450353244991766
cam_tilt_y = -0.015103171575722947
d_cam_ff  = -160.4009601795062
ccd_ff_dec_x = -0.0035102497813508634
ccd_ff_dec_y = 0.00026629684073662253
ccd_ff_tilt_x = 0.14604331947409582
ccd_ff_tilt_y = -0.572066191742658
ccd_ff_tilt_z = 0.1725828985150839
d_ff_ccd  = -4.811299949828011
ccd_dec_x = 0.6207052082185596
ccd_dec_y = 5.155298504017463
ccd_defocus = 0.3162739030836037
ccd_tilt_x = 0.007744658316563893
ccd_tilt_y = -0.01412280865116633
ccd_tilt_z = 3.093034880099658e-06
p = 7.674636363636367e-06