slit_dec_x_a = -0.1704010755187174
slit_dec_y_a = -0.1956586180351446
slit_dec_x_b = 0.175
slit_dec_y_b = -1.8648066468627267e-96
slit_defocus = 0.02146853209301633
slit_tilt_x = 1.1140124726112786
slit_tilt_y = -8.53843028120133
slit_tilt_z = -8.991642550867013
d_slit_col = 1594.3099618618342
coll_tilt_x = 0.1132385673232212
coll_tilt_y = -0.02888998260117531
ech_G = 31.613232656326097
ech_blaze = -74.97483457134439
ech_gamma = 1.138978610914809
echelle_z = 0.07477057066196564
d_col_trf = -1588.0172357229208
trf_mirror_tilt_x = 0.026338584405311304
trf_mirror_tilt_y = 0.16219698733295962
d_col_grm = -0.004795030752328834
grism_dec_x = 236.42322455193974
grism_dec_y = 0.03811256281768686
grm_tilt_x = -0.01405568694685373
grm_tilt_y = 2.3052756918208352
grm_G = 222.8240114238975
grm_apex = 17.791054904280212
d_grm_cam  = 21.609820776507195
cam_dec_x = -0.3095113360705186
cam_dec_y = 0.24722147506095693
cam_tilt_x = -0.011041484933455872
cam_tilt_y = 0.0037428011656089185
d_cam_ff  = -160.05747823854014
ccd_ff_dec_x = -0.0026017847072552086
ccd_ff_dec_y = 0.053068014000312184
ccd_ff_tilt_x = 0.01944907291854174
ccd_ff_tilt_y = -0.5728102983821381
ccd_ff_tilt_z = 0.18005557215708862
d_ff_ccd  = -4.838970427250358
ccd_dec_x = 0.6214070204128729
ccd_dec_y = 5.157155005500866
ccd_defocus = 0.28077602703422483
ccd_tilt_x = 0.005085779920190814
ccd_tilt_y = -0.010884912518207595
ccd_tilt_z = 5.069453296231773e-06
p = 0.0001