slit_dec_x_a = -0.181778666534
slit_dec_y_a = -0.18243150017
slit_dec_x_b = 0.14512077562974193
slit_dec_y_b = -0.05510809031835813
slit_defocus = -0.002191963260149627
slit_tilt_x = 1.1346904380349654
slit_tilt_y = -8.568299259209741
slit_tilt_z = -9.003628787781963
d_slit_col = 1594.3039197381004
coll_tilt_x = 0.08643276287077133
coll_tilt_y = -0.02204681912296013
ech_G = 31.61089810604168
ech_blaze = -74.99561842723898
ech_gamma = 1.1581823133435492
echelle_z = 0.057150688528938724
d_col_trf = -1588.0162526824531
trf_mirror_tilt_x = 0.12250584173245603
trf_mirror_tilt_y = 0.0186944630610402
d_col_grm = 0.014997449957534043
grism_dec_x = 236.39749547786735
grism_dec_y = -0.005058786865468133
grm_tilt_x = -0.024823898715722242
grm_tilt_y = 2.3274416517960326
grm_G = 222.78574935208238
grm_apex = 17.809166114194937
d_grm_cam  = 21.604590045169402
cam_dec_x = -0.28362887428767664
cam_dec_y = 0.28970886064103996
cam_tilt_x = 0.004363271031894691
cam_tilt_y = -0.027804521737932908
d_cam_ff  = -160.5696270460071
ccd_ff_dec_x = -0.023035461484001075
ccd_ff_dec_y = -0.047776849806999824
ccd_ff_tilt_x = 0.1650371914132958
ccd_ff_tilt_y = -0.5896055434284551
ccd_ff_tilt_z = 0.17190231745875162
d_ff_ccd  = -4.7853623134342005
ccd_dec_x = 0.5519093583326079
ccd_dec_y = 5.106532575621396
ccd_defocus = 0.3158230631849488
ccd_tilt_x = 0.021421376190525726
ccd_tilt_y = -0.004193787078194015
ccd_tilt_z = 2.4182778816393403e-07
p = 2.1166363636363632e-06