slit_dec_x_a = -0.181778666534
slit_dec_y_a = -0.18243150017
slit_dec_x_b = 0.14512077562974193
slit_dec_y_b = -0.05510809031835813
slit_defocus = -0.013755559250677717
slit_tilt_x = 1.054043073426609
slit_tilt_y = -8.559932674902997
slit_tilt_z = -9.026931993663494
d_slit_col = 1594.2903195860442
coll_tilt_x = 0.12139568243339821
coll_tilt_y = -0.026494876915231825
ech_G = 31.61456229022108
ech_blaze = -74.99488257205508
ech_gamma = 1.155646501172688
echelle_z = 0.05700831295132432
d_col_trf = -1588.0163664533752
trf_mirror_tilt_x = 0.0073388433633202925
trf_mirror_tilt_y = 0.15544785295633745
d_col_grm = 0.03561086484363037
grism_dec_x = 236.38318343764084
grism_dec_y = 0.009208881349830703
grm_tilt_x = -0.02350609560814533
grm_tilt_y = 2.3257887989178494
grm_G = 222.78407190898133
grm_apex = 17.766484512405142
d_grm_cam  = 21.604695207024072
cam_dec_x = -0.2710717396189951
cam_dec_y = 0.2908817746295027
cam_tilt_x = 0.012407409830022694
cam_tilt_y = 0.008825946900991383
d_cam_ff  = -160.07700710382682
ccd_ff_dec_x = -0.023805521610956903
ccd_ff_dec_y = 0.04205636645921931
ccd_ff_tilt_x = 0.03350880774885866
ccd_ff_tilt_y = -0.5909808303234184
ccd_ff_tilt_z = 0.1719201642980494
d_ff_ccd  = -4.815983082764376
ccd_dec_x = 0.5533016993245004
ccd_dec_y = 5.107635253055497
ccd_defocus = 0.28572932377178595
ccd_tilt_x = 0.03262518550437974
ccd_tilt_y = -0.0021709927524669547
ccd_tilt_z = 4.666807369243822e-06
p = 0.0001