slit_dec_x_a = -0.1704430815208114
slit_dec_y_a = -0.1959400052573999
slit_dec_x_b = 0.175
slit_dec_y_b = -2.053160225770332e-96
slit_defocus = 0.005550875004118234
slit_tilt_x = 1.186108553874005
slit_tilt_y = -8.540002080289959
slit_tilt_z = -8.990844704978537
d_slit_col = 1594.2944595054405
coll_tilt_x = 0.08868742395844992
coll_tilt_y = -0.03175118410522085
ech_G = 31.610675431585854
ech_blaze = -74.97691438605217
ech_gamma = 1.1404807918221405
echelle_z = 0.07484679974423064
d_col_trf = -1588.018577934515
trf_mirror_tilt_x = 0.1386758188298697
trf_mirror_tilt_y = 0.077578761585736
d_col_grm = -0.009550218805916718
grism_dec_x = 236.43431624579674
grism_dec_y = 0.0342192428713159
grm_tilt_x = -0.015706801854374768
grm_tilt_y = 2.304384441560711
grm_G = 222.82518825846063
grm_apex = 17.81510727463006
d_grm_cam  = 21.60848072757791
cam_dec_x = -0.3021664071013649
cam_dec_y = 0.2503567124584151
cam_tilt_x = -0.018619601036603907
cam_tilt_y = -0.01504007523665894
d_cam_ff  = -160.40097234022514
ccd_ff_dec_x = -0.0035403424605541527
ccd_ff_dec_y = 0.00016191519523846786
ccd_ff_tilt_x = 0.14602596267228302
ccd_ff_tilt_y = -0.5720823117221728
ccd_ff_tilt_z = 0.17261237263405066
d_ff_ccd  = -4.811244684894286
ccd_dec_x = 0.6206983862980694
ccd_dec_y = 5.15529934740181
ccd_defocus = 0.31629991031505955
ccd_tilt_x = 0.007730786645005664
ccd_tilt_y = -0.014012156394486129
ccd_tilt_z = 3.136462329466207e-06
p = 7.754090909090908e-06