slit_dec_x_a = -0.17040706138148357
slit_dec_y_a = -0.19594696479554966
slit_dec_x_b = 0.175
slit_dec_y_b = -2.490283070748325e-96
slit_defocus = 0.005520418447183216
slit_tilt_x = 1.1861072654108564
slit_tilt_y = -8.540087644388008
slit_tilt_z = -8.990858836965042
d_slit_col = 1594.2944503981369
coll_tilt_x = 0.08862553373491629
coll_tilt_y = -0.0317777937794122
ech_G = 31.610656247449977
ech_blaze = -74.97699560539496
ech_gamma = 1.1404756218658219
echelle_z = 0.07537526912314294
d_col_trf = -1588.0185539874476
trf_mirror_tilt_x = 0.13869994085076365
trf_mirror_tilt_y = 0.07751494944521459
d_col_grm = -0.009520880613938111
grism_dec_x = 236.43431701250597
grism_dec_y = 0.03424428972430155
grm_tilt_x = -0.015887737514167992
grm_tilt_y = 2.3043754088954165
grm_G = 222.825206067743
grm_apex = 17.815146607194556
d_grm_cam  = 21.60849766817097
cam_dec_x = -0.30211672942922385
cam_dec_y = 0.25034076898402435
cam_tilt_x = -0.01817669814624054
cam_tilt_y = -0.015013553568778194
d_cam_ff  = -160.40096044466054
ccd_ff_dec_x = -0.003560973710681726
ccd_ff_dec_y = 0.00013471248142165796
ccd_ff_tilt_x = 0.14603904231993992
ccd_ff_tilt_y = -0.5720388800241507
ccd_ff_tilt_z = 0.17254906451232477
d_ff_ccd  = -4.811227081878743
ccd_dec_x = 0.620660691091786
ccd_dec_y = 5.155294314219726
ccd_defocus = 0.3163102688603489
ccd_tilt_x = 0.007798822375605084
ccd_tilt_y = -0.014010667598889378
ccd_tilt_z = 3.234489280081968e-06
p = 5.801454545454546e-06