slit_dec_x_a = -0.181778666534
slit_dec_y_a = -0.18243150017
slit_dec_x_b = 0.14512077562974193
slit_dec_y_b = -0.05510809031835813
slit_defocus = -0.002209785014782636
slit_tilt_x = 1.1346954751063278
slit_tilt_y = -8.56829834987151
slit_tilt_z = -9.003628011970076
d_slit_col = 1594.3039127010486
coll_tilt_x = 0.08642985094395902
coll_tilt_y = -0.02205042975340318
ech_G = 31.610901817996684
ech_blaze = -74.99565705823747
ech_gamma = 1.1581471622786514
echelle_z = 0.05714975985712062
d_col_trf = -1588.0162239968045
trf_mirror_tilt_x = 0.12250011996182687
trf_mirror_tilt_y = 0.018691380667559692
d_col_grm = 0.014988958087990072
grism_dec_x = 236.39750022024737
grism_dec_y = -0.005062623066860591
grm_tilt_x = -0.02480386872229844
grm_tilt_y = 2.327431159270763
grm_G = 222.78572967280616
grm_apex = 17.809172525321912
d_grm_cam  = 21.604496035221896
cam_dec_x = -0.28363482524790995
cam_dec_y = 0.28970600054923806
cam_tilt_x = 0.004361418898188771
cam_tilt_y = -0.027804827321601305
d_cam_ff  = -160.56962063878146
ccd_ff_dec_x = -0.02299126886046804
ccd_ff_dec_y = -0.04777543448050377
ccd_ff_tilt_x = 0.16504168546532524
ccd_ff_tilt_y = -0.5896467004129056
ccd_ff_tilt_z = 0.171843758705266
d_ff_ccd  = -4.7853576064696774
ccd_dec_x = 0.5519648471808394
ccd_dec_y = 5.106464090292242
ccd_defocus = 0.3158214669723667
ccd_tilt_x = 0.021414867568201896
ccd_tilt_y = -0.004195503246695043
ccd_tilt_z = 3.0720337776286293e-07
p = 1.6935e-06