slit_dec_x_a = -0.17044432892089778
slit_dec_y_a = -0.1960864721835785
slit_dec_x_b = 0.175
slit_dec_y_b = -1.8160687690402352e-96
slit_defocus = 0.005575127731357554
slit_tilt_x = 1.1861194681771505
slit_tilt_y = -8.540009437467745
slit_tilt_z = -8.990853025668942
d_slit_col = 1594.2944400996826
coll_tilt_x = 0.08873572150321438
coll_tilt_y = -0.031777262926513575
ech_G = 31.610688012042527
ech_blaze = -74.97710066724746
ech_gamma = 1.1404564708019957
echelle_z = 0.07492058257582958
d_col_trf = -1588.018563274461
trf_mirror_tilt_x = 0.13871342984891014
trf_mirror_tilt_y = 0.0775857079182009
d_col_grm = -0.009514751357831848
grism_dec_x = 236.43427986555858
grism_dec_y = 0.034236617733771776
grm_tilt_x = -0.015803187824006474
grm_tilt_y = 2.3043622531265724
grm_G = 222.82516453846898
grm_apex = 17.81511604770415
d_grm_cam  = 21.608489248198712
cam_dec_x = -0.3021082069356697
cam_dec_y = 0.25038264350177936
cam_tilt_x = -0.018325379084732266
cam_tilt_y = -0.01503346405598513
d_cam_ff  = -160.4009612032713
ccd_ff_dec_x = -0.0035451552665002593
ccd_ff_dec_y = 0.0001490084184872743
ccd_ff_tilt_x = 0.14601772044657652
ccd_ff_tilt_y = -0.572094975643451
ccd_ff_tilt_z = 0.172573130198133
d_ff_ccd  = -4.811225638662752
ccd_dec_x = 0.620675270514377
ccd_dec_y = 5.15527039810133
ccd_defocus = 0.3163132815332641
ccd_tilt_x = 0.0077624875597679804
ccd_tilt_y = -0.014004241762763022
ccd_tilt_z = 3.195814676440007e-06
p = 1.6935e-06