slit_dec_x_a = -0.1704010755187174
slit_dec_y_a = -0.1956586180351446
slit_dec_x_b = 0.175
slit_dec_y_b = -1.8245633969076568e-96
slit_defocus = 0.021355026142239268
slit_tilt_x = 1.1139888607829516
slit_tilt_y = -8.538446235674188
slit_tilt_z = -8.991586737392538
d_slit_col = 1594.3100185245755
coll_tilt_x = 0.1131570158565173
coll_tilt_y = -0.028888571483398726
ech_G = 31.61323229076937
ech_blaze = -74.9748309339699
ech_gamma = 1.138967987594506
echelle_z = 0.07477251279390384
d_col_trf = -1588.017235592709
trf_mirror_tilt_x = 0.02631644347215503
trf_mirror_tilt_y = 0.1622743829181749
d_col_grm = -0.004888349849754456
grism_dec_x = 236.42332642448045
grism_dec_y = 0.03820556664619999
grm_tilt_x = -0.01405803571335406
grm_tilt_y = 2.3052838951673347
grm_G = 222.82400833078643
grm_apex = 17.79104338467053
d_grm_cam  = 21.609814086447024
cam_dec_x = -0.3095235679365339
cam_dec_y = 0.24734495977923465
cam_tilt_x = -0.011077684150966174
cam_tilt_y = 0.003852757536624164
d_cam_ff  = -160.05758170908038
ccd_ff_dec_x = -0.00260063047711952
ccd_ff_dec_y = 0.05304745538039567
ccd_ff_tilt_x = 0.019446700711551825
ccd_ff_tilt_y = -0.5727977499527793
ccd_ff_tilt_z = 0.1800483453180524
d_ff_ccd  = -4.838887088116471
ccd_dec_x = 0.6213996012766563
ccd_dec_y = 5.1571467701694855
ccd_defocus = 0.2806340311806117
ccd_tilt_x = 0.00505311040340546
ccd_tilt_y = -0.010884886688264778
ccd_tilt_z = 5.080884983433648e-06
p = 0.0001