slit_dec_x_a = -0.181778666534
slit_dec_y_a = -0.18243150017
slit_dec_x_b = 0.14512077562974193
slit_dec_y_b = -0.05510809031835813
slit_defocus = -0.002203102985564003
slit_tilt_x = 1.134711331891995
slit_tilt_y = -8.568325607088154
slit_tilt_z = -9.003609185320506
d_slit_col = 1594.3039242627992
coll_tilt_x = 0.08647399179544042
coll_tilt_y = -0.022053900083414065
ech_G = 31.61090302142815
ech_blaze = -74.99557735962196
ech_gamma = 1.1581579943340594
echelle_z = 0.05688952147851581
d_col_trf = -1588.016217720916
trf_mirror_tilt_x = 0.12250027588574938
trf_mirror_tilt_y = 0.01874187164539713
d_col_grm = 0.01500142341070958
grism_dec_x = 236.39750151023432
grism_dec_y = -0.00507583447471454
grm_tilt_x = -0.024722095527037004
grm_tilt_y = 2.327406270057372
grm_G = 222.7858168687604
grm_apex = 17.809138928900616
d_grm_cam  = 21.604565058613133
cam_dec_x = -0.28362648291565684
cam_dec_y = 0.2897634221880002
cam_tilt_x = 0.004310946901586244
cam_tilt_y = -0.02780213920250332
d_cam_ff  = -160.56966435264965
ccd_ff_dec_x = -0.022837599539919193
ccd_ff_dec_y = -0.04777464252781694
ccd_ff_tilt_x = 0.16502922351753435
ccd_ff_tilt_y = -0.5895090923575029
ccd_ff_tilt_z = 0.17186991473199845
d_ff_ccd  = -4.785368586214047
ccd_dec_x = 0.5519133704295717
ccd_dec_y = 5.106431285453583
ccd_defocus = 0.315844070914391
ccd_tilt_x = 0.021435832678701243
ccd_tilt_y = -0.004230073612654384
ccd_tilt_z = 2.100470671367465e-07
p = 1.2375833333333336e-05