slit_dec_x_a = -0.17045634497765225
slit_dec_y_a = -0.19608213729732454
slit_dec_x_b = 0.175
slit_dec_y_b = -2.4121642099751923e-96
slit_defocus = 0.005513458201922523
slit_tilt_x = 1.1861271081162439
slit_tilt_y = -8.540073998785756
slit_tilt_z = -8.990854586241925
d_slit_col = 1594.2944451503013
coll_tilt_x = 0.08878441879147937
coll_tilt_y = -0.03169000277373673
ech_G = 31.610676942973598
ech_blaze = -74.97700094973968
ech_gamma = 1.1405877968254614
echelle_z = 0.07519936893609619
d_col_trf = -1588.0185706477646
trf_mirror_tilt_x = 0.1387202669571057
trf_mirror_tilt_y = 0.07757468377398666
d_col_grm = -0.009542731597499337
grism_dec_x = 236.43431660643873
grism_dec_y = 0.03425156121594985
grm_tilt_x = -0.015854510879067245
grm_tilt_y = 2.3043890072834543
grm_G = 222.8252159314012
grm_apex = 17.81511543598518
d_grm_cam  = 21.60847972363711
cam_dec_x = -0.30212207077798625
cam_dec_y = 0.25035892889173444
cam_tilt_x = -0.018083881476861585
cam_tilt_y = -0.014992998125388252
d_cam_ff  = -160.4009365094942
ccd_ff_dec_x = -0.0035659164103856015
ccd_ff_dec_y = 0.00012011059882897405
ccd_ff_tilt_x = 0.1460166128415188
ccd_ff_tilt_y = -0.5720408760328564
ccd_ff_tilt_z = 0.17255518639593656
d_ff_ccd  = -4.811211701070994
ccd_dec_x = 0.6206318339739503
ccd_dec_y = 5.155280453242329
ccd_defocus = 0.3163143625025758
ccd_tilt_x = 0.00782341197441795
ccd_tilt_y = -0.01400815677064575
ccd_tilt_z = 3.25155175603941e-06
p = 1.2375833333333336e-05