slit_dec_x_a = -0.181778666534
slit_dec_y_a = -0.18243150017
slit_dec_x_b = 0.14512077562974193
slit_dec_y_b = -0.05510809031835813
slit_defocus = -0.013814402640721505
slit_tilt_x = 1.0540128520510204
slit_tilt_y = -8.559903082280936
slit_tilt_z = -9.026860663050488
d_slit_col = 1594.290312380166
coll_tilt_x = 0.12146820539425428
coll_tilt_y = -0.026453791738014275
ech_G = 31.614563336290257
ech_blaze = -74.99488697158058
ech_gamma = 1.1556418977172538
echelle_z = 0.057003317455744315
d_col_trf = -1588.0163603077465
trf_mirror_tilt_x = 0.007307590502182346
trf_mirror_tilt_y = 0.15550795962948077
d_col_grm = 0.03567284129974791
grism_dec_x = 236.38317968725747
grism_dec_y = 0.009201039395101944
grm_tilt_x = -0.023510888853108886
grm_tilt_y = 2.325784208710799
grm_G = 222.78406755259184
grm_apex = 17.766482722890103
d_grm_cam  = 21.604698151958598
cam_dec_x = -0.2711625774279431
cam_dec_y = 0.2908692946244413
cam_tilt_x = 0.01243949223798776
cam_tilt_y = 0.0088632652081852
d_cam_ff  = -160.07709081119694
ccd_ff_dec_x = -0.023809661879400066
ccd_ff_dec_y = 0.04204446808135745
ccd_ff_tilt_x = 0.03352203266173275
ccd_ff_tilt_y = -0.5909825368869389
ccd_ff_tilt_z = 0.17192217868853923
d_ff_ccd  = -4.815986866129112
ccd_dec_x = 0.5532980282914244
ccd_dec_y = 5.10763700879625
ccd_defocus = 0.28571043251864725
ccd_tilt_x = 0.03256506017948924
ccd_tilt_y = -0.002096084243075017
ccd_tilt_z = 4.703488007021534e-06
p = 0.0001