slit_dec_x_a = -0.17038536132643212
slit_dec_y_a = -0.19590998839501828
slit_dec_x_b = 0.175
slit_dec_y_b = -1.5171099636864093e-96
slit_defocus = 0.005588933552710177
slit_tilt_x = 1.1861649142136785
slit_tilt_y = -8.5400346787863
slit_tilt_z = -8.990845443110722
d_slit_col = 1594.294459062341
coll_tilt_x = 0.08872916004809457
coll_tilt_y = -0.031884279927765005
ech_G = 31.610658798876486
ech_blaze = -74.9768576252703
ech_gamma = 1.1403577439414303
echelle_z = 0.07475217276234801
d_col_trf = -1588.018538464072
trf_mirror_tilt_x = 0.13867502701830353
trf_mirror_tilt_y = 0.07752196870442564
d_col_grm = -0.009532859796505111
grism_dec_x = 236.43432482740403
grism_dec_y = 0.03416645543583108
grm_tilt_x = -0.0158228898901055
grm_tilt_y = 2.304364170067814
grm_G = 222.82516154459378
grm_apex = 17.815124587526938
d_grm_cam  = 21.608478887571966
cam_dec_x = -0.3021307240102356
cam_dec_y = 0.25033507589308857
cam_tilt_x = -0.01847553855752655
cam_tilt_y = -0.01506967669198504
d_cam_ff  = -160.40094944900676
ccd_ff_dec_x = -0.003527157627091347
ccd_ff_dec_y = 0.0002302715214848926
ccd_ff_tilt_x = 0.14605037686328945
ccd_ff_tilt_y = -0.5720614139231913
ccd_ff_tilt_z = 0.17255924679635604
d_ff_ccd  = -4.811260124108549
ccd_dec_x = 0.62067971134997
ccd_dec_y = 5.155305717741732
ccd_defocus = 0.316300709154706
ccd_tilt_x = 0.007712930868131608
ccd_tilt_y = -0.014090469255074296
ccd_tilt_z = 3.1397507384224588e-06
p = 1.8717272727272725e-05