slit_dec_x_a = -0.181778666534
slit_dec_y_a = -0.18243150017
slit_dec_x_b = 0.14512077562974193
slit_dec_y_b = -0.05510809031835813
slit_defocus = -0.0022045097047791746
slit_tilt_x = 1.1346895328611728
slit_tilt_y = -8.568238897072096
slit_tilt_z = -9.0036530672376
d_slit_col = 1594.3039670919825
coll_tilt_x = 0.08644866277998328
coll_tilt_y = -0.022021478023031876
ech_G = 31.610875429479133
ech_blaze = -74.99550706597182
ech_gamma = 1.1581650611954362
echelle_z = 0.05759156732451041
d_col_trf = -1588.0162624570182
trf_mirror_tilt_x = 0.12254400414529076
trf_mirror_tilt_y = 0.01866601655717622
d_col_grm = 0.015060126502264175
grism_dec_x = 236.39746595110623
grism_dec_y = -0.005026689349583644
grm_tilt_x = -0.024747380459905273
grm_tilt_y = 2.3273249473200397
grm_G = 222.78574334842534
grm_apex = 17.809216337248888
d_grm_cam  = 21.60448173990781
cam_dec_x = -0.283565728944764
cam_dec_y = 0.28974866868471943
cam_tilt_x = 0.004337385370762153
cam_tilt_y = -0.027820711345943026
d_cam_ff  = -160.56980930590498
ccd_ff_dec_x = -0.02276837561169195
ccd_ff_dec_y = -0.04779699434179298
ccd_ff_tilt_x = 0.1650245442146056
ccd_ff_tilt_y = -0.5896856044425132
ccd_ff_tilt_z = 0.17169048630534184
d_ff_ccd  = -4.785424786316102
ccd_dec_x = 0.5518640725676128
ccd_dec_y = 5.1061197160057645
ccd_defocus = 0.3157389351002871
ccd_tilt_x = 0.021322288839420143
ccd_tilt_y = -0.004208625707445321
ccd_tilt_z = 4.358325814305344e-07
p = 1.8717272727272725e-05