slit_dec_x_a = -0.181778666534
slit_dec_y_a = -0.18243150017
slit_dec_x_b = 0.14512077562974193
slit_dec_y_b = -0.05510809031835813
slit_defocus = -0.013808893553504486
slit_tilt_x = 1.0540700700210157
slit_tilt_y = -8.559851865769222
slit_tilt_z = -9.02688583570286
d_slit_col = 1594.2903241456424
coll_tilt_x = 0.1214962628670237
coll_tilt_y = -0.0264724974610535
ech_G = 31.614560393807867
ech_blaze = -74.9948920339772
ech_gamma = 1.1556480821662949
echelle_z = 0.05700380081016737
d_col_trf = -1588.0163627189181
trf_mirror_tilt_x = 0.0073377200467530344
trf_mirror_tilt_y = 0.15547446318887043
d_col_grm = 0.035687202710981636
grism_dec_x = 236.3831946654453
grism_dec_y = 0.009221763728056295
grm_tilt_x = -0.02350708801741756
grm_tilt_y = 2.325797417888333
grm_G = 222.78407451770312
grm_apex = 17.766500177574176
d_grm_cam  = 21.604694101510873
cam_dec_x = -0.27106646440429644
cam_dec_y = 0.29085308418684896
cam_tilt_x = 0.01246962796998558
cam_tilt_y = 0.008846006143126414
d_cam_ff  = -160.07702553349782
ccd_ff_dec_x = -0.02380170445404953
ccd_ff_dec_y = 0.041993136168901
ccd_ff_tilt_x = 0.03349228146933382
ccd_ff_tilt_y = -0.59097393268285
ccd_ff_tilt_z = 0.17191442132825147
d_ff_ccd  = -4.8159317799648695
ccd_dec_x = 0.5532936590690074
ccd_dec_y = 5.107632752002489
ccd_defocus = 0.28577347433079503
ccd_tilt_x = 0.0325583528724382
ccd_tilt_y = -0.0021387962937798816
ccd_tilt_z = 4.663248710294731e-06
p = 0.0001