slit_dec_x_a = -0.17038724909717165
slit_dec_y_a = -0.19573223768419643
slit_dec_x_b = 0.175
slit_dec_y_b = -1.6780456361204525e-96
slit_defocus = 0.005575255807121854
slit_tilt_x = 1.186107799192407
slit_tilt_y = -8.539995403630618
slit_tilt_z = -8.990838336807974
d_slit_col = 1594.2944900191774
coll_tilt_x = 0.08872499391503377
coll_tilt_y = -0.03204905517383857
ech_G = 31.610668419628773
ech_blaze = -74.97692037004599
ech_gamma = 1.1401878093948794
echelle_z = 0.0747464282954216
d_col_trf = -1588.0185130171226
trf_mirror_tilt_x = 0.1387071554422577
trf_mirror_tilt_y = 0.07752066978554158
d_col_grm = -0.009509199272407764
grism_dec_x = 236.434351860932
grism_dec_y = 0.03417304779272593
grm_tilt_x = -0.015818371568883226
grm_tilt_y = 2.304368576715926
grm_G = 222.8251735537423
grm_apex = 17.81510284806832
d_grm_cam  = 21.608489706822834
cam_dec_x = -0.3021005084473578
cam_dec_y = 0.2503262988981126
cam_tilt_x = -0.01862274210722491
cam_tilt_y = -0.015100028393951078
d_cam_ff  = -160.400951646875
ccd_ff_dec_x = -0.003498851864919262
ccd_ff_dec_y = 0.00026457128577128523
ccd_ff_tilt_x = 0.14603047783576767
ccd_ff_tilt_y = -0.572082188390776
ccd_ff_tilt_z = 0.17258863359720533
d_ff_ccd  = -4.811322471461707
ccd_dec_x = 0.6206798052174858
ccd_dec_y = 5.155274562043225
ccd_defocus = 0.31626768574563174
ccd_tilt_x = 0.007747636886618779
ccd_tilt_y = -0.014102056260992727
ccd_tilt_z = 3.1150711691188658e-06
p = 3.6307272727272723e-06