slit_dec_x_a = -0.1704010755187174
slit_dec_y_a = -0.1956586180351446
slit_dec_x_b = 0.175
slit_dec_y_b = -1.8644520995258231e-96
slit_defocus = 0.021447355332002444
slit_tilt_x = 1.114017877612686
slit_tilt_y = -8.538401568378388
slit_tilt_z = -8.991669324332099
d_slit_col = 1594.3098755299436
coll_tilt_x = 0.11318314135983874
coll_tilt_y = -0.028886153548401804
ech_G = 31.61323594471676
ech_blaze = -74.97483284929676
ech_gamma = 1.1389766124736842
echelle_z = 0.07477320899514059
d_col_trf = -1588.017237521576
trf_mirror_tilt_x = 0.0262163332873195
trf_mirror_tilt_y = 0.16221334605016172
d_col_grm = -0.004887042180687509
grism_dec_x = 236.42331404392326
grism_dec_y = 0.038148426061197206
grm_tilt_x = -0.01405255148518345
grm_tilt_y = 2.3052842470353156
grm_G = 222.8239974295063
grm_apex = 17.790951319620124
d_grm_cam  = 21.609821717714986
cam_dec_x = -0.3095384214995249
cam_dec_y = 0.24728570002991537
cam_tilt_x = -0.011061776132090034
cam_tilt_y = 0.0037722851636670506
d_cam_ff  = -160.0572140391168
ccd_ff_dec_x = -0.0025995355141690346
ccd_ff_dec_y = 0.0529499811338321
ccd_ff_tilt_x = 0.019508678761024356
ccd_ff_tilt_y = -0.5727989579385377
ccd_ff_tilt_z = 0.18005189564555393
d_ff_ccd  = -4.838984062116912
ccd_dec_x = 0.6214069035544213
ccd_dec_y = 5.157148923722481
ccd_defocus = 0.2806732071166185
ccd_tilt_x = 0.005008371979266701
ccd_tilt_y = -0.01095727197229332
ccd_tilt_z = 5.084790293807075e-06
p = 0.0001