slit_dec_x_a = -0.181778666534
slit_dec_y_a = -0.18243150017
slit_dec_x_b = 0.14512077562974193
slit_dec_y_b = -0.05510809031835813
slit_defocus = -0.002195638879799561
slit_tilt_x = 1.1347067246230491
slit_tilt_y = -8.568325106689539
slit_tilt_z = -9.003611541402522
d_slit_col = 1594.303958685051
coll_tilt_x = 0.08646640106841808
coll_tilt_y = -0.022039487815972564
ech_G = 31.61089139690004
ech_blaze = -74.99553508115662
ech_gamma = 1.1580819313054567
echelle_z = 0.056855506354874845
d_col_trf = -1588.016311850452
trf_mirror_tilt_x = 0.12251363558979261
trf_mirror_tilt_y = 0.01872378527951557
d_col_grm = 0.014984094845191434
grism_dec_x = 236.3974874187689
grism_dec_y = -0.005026570943199404
grm_tilt_x = -0.024600294377783896
grm_tilt_y = 2.3272057696660973
grm_G = 222.78578629971852
grm_apex = 17.809109895047207
d_grm_cam  = 21.604573160366783
cam_dec_x = -0.28363279136535646
cam_dec_y = 0.28976226155648427
cam_tilt_x = 0.004287717383859134
cam_tilt_y = -0.02779568275529795
d_cam_ff  = -160.56966981256707
ccd_ff_dec_x = -0.02283871680291493
ccd_ff_dec_y = -0.04779338297653632
ccd_ff_tilt_x = 0.16503874311075503
ccd_ff_tilt_y = -0.5894804765192391
ccd_ff_tilt_z = 0.17183667943340133
d_ff_ccd  = -4.785376864091997
ccd_dec_x = 0.5519329246347003
ccd_dec_y = 5.106552822861876
ccd_defocus = 0.3158194934406505
ccd_tilt_x = 0.021407797357624242
ccd_tilt_y = -0.004213984476495147
ccd_tilt_z = 2.793918158431458e-07
p = 1.0821818181818181e-05