slit_dec_x_a = -0.17044230437798558
slit_dec_y_a = -0.19605817472139558
slit_dec_x_b = 0.175
slit_dec_y_b = -2.330628687784124e-96
slit_defocus = 0.005518569066191357
slit_tilt_x = 1.1861149531472723
slit_tilt_y = -8.540083522420824
slit_tilt_z = -8.99085887211739
d_slit_col = 1594.2944543188698
coll_tilt_x = 0.08878550153694453
coll_tilt_y = -0.031759044578834356
ech_G = 31.61069910071771
ech_blaze = -74.97711338919912
ech_gamma = 1.1404933109769668
echelle_z = 0.07533330225163866
d_col_trf = -1588.0185370080815
trf_mirror_tilt_x = 0.13869740704572622
trf_mirror_tilt_y = 0.07755123038806794
d_col_grm = -0.009508844649626695
grism_dec_x = 236.43431992286654
grism_dec_y = 0.0342536343939052
grm_tilt_x = -0.015965794333501333
grm_tilt_y = 2.3043735695209207
grm_G = 222.8252097969707
grm_apex = 17.815132365184134
d_grm_cam  = 21.608495534489503
cam_dec_x = -0.30210804800688124
cam_dec_y = 0.25035690435792146
cam_tilt_x = -0.018077308364664146
cam_tilt_y = -0.01499358197376946
d_cam_ff  = -160.40095916920836
ccd_ff_dec_x = -0.0035519891947400645
ccd_ff_dec_y = 0.00013667690140506888
ccd_ff_tilt_x = 0.14603744367125018
ccd_ff_tilt_y = -0.5720368103781394
ccd_ff_tilt_z = 0.1725679194420054
d_ff_ccd  = -4.811229624068816
ccd_dec_x = 0.6206502062563457
ccd_dec_y = 5.155287911182737
ccd_defocus = 0.31631544035430337
ccd_tilt_x = 0.00781011521616704
ccd_tilt_y = -0.014023138404060661
ccd_tilt_z = 3.3372302761281753e-06
p = 1.0821818181818181e-05