slit_dec_x_a = -0.1704010755187174
slit_dec_y_a = -0.1956586180351446
slit_dec_x_b = 0.175
slit_dec_y_b = -1.8128396068156246e-96
slit_defocus = 0.021377448603660365
slit_tilt_x = 1.1140102260581637
slit_tilt_y = -8.538430844231712
slit_tilt_z = -8.991566252574623
d_slit_col = 1594.3100206537358
coll_tilt_x = 0.11318347392212909
coll_tilt_y = -0.028926696417049366
ech_G = 31.613225928863887
ech_blaze = -74.97483049015199
ech_gamma = 1.1389770769950007
echelle_z = 0.07476806030485605
d_col_trf = -1588.0172274389133
trf_mirror_tilt_x = 0.026327633482382456
trf_mirror_tilt_y = 0.16221416416136933
d_col_grm = -0.0047874825344955295
grism_dec_x = 236.42335436543658
grism_dec_y = 0.03818691790352871
grm_tilt_x = -0.014049797631746772
grm_tilt_y = 2.3052791752499027
grm_G = 222.82400318365288
grm_apex = 17.79111485924415
d_grm_cam  = 21.609814241578675
cam_dec_x = -0.3095128356547553
cam_dec_y = 0.2472369214769869
cam_tilt_x = -0.011091374139235683
cam_tilt_y = 0.0037810848608052085
d_cam_ff  = -160.05737933546445
ccd_ff_dec_x = -0.0026002029597572006
ccd_ff_dec_y = 0.0530200138470285
ccd_ff_tilt_x = 0.019558985552432465
ccd_ff_tilt_y = -0.5728072018226981
ccd_ff_tilt_z = 0.1800569690102221
d_ff_ccd  = -4.838917040261543
ccd_dec_x = 0.6213960125259531
ccd_dec_y = 5.157148622623054
ccd_defocus = 0.28077272403486525
ccd_tilt_x = 0.005020795896454201
ccd_tilt_y = -0.010874495847690464
ccd_tilt_z = 5.0629460476177506e-06
p = 0.0001