slit_dec_x_a = -0.1704026236516343
slit_dec_y_a = -0.19598577930050556
slit_dec_x_b = 0.175
slit_dec_y_b = -1.5052212480392317e-96
slit_defocus = 0.005581032769692592
slit_tilt_x = 1.1861731299097162
slit_tilt_y = -8.540019480091436
slit_tilt_z = -8.99084222822977
d_slit_col = 1594.2944633025768
coll_tilt_x = 0.0888258016669913
coll_tilt_y = -0.03183351089102938
ech_G = 31.61067593056623
ech_blaze = -74.97688715282825
ech_gamma = 1.1404136184004472
echelle_z = 0.07484622975695654
d_col_trf = -1588.0185287919867
trf_mirror_tilt_x = 0.13867301685031144
trf_mirror_tilt_y = 0.0775335349714961
d_col_grm = -0.009516415640574184
grism_dec_x = 236.43432566086673
grism_dec_y = 0.03418171713822286
grm_tilt_x = -0.0157685934042418
grm_tilt_y = 2.3043701811183697
grm_G = 222.8251748035115
grm_apex = 17.81514178299399
d_grm_cam  = 21.608478243346227
cam_dec_x = -0.3021288143638641
cam_dec_y = 0.25032245722668994
cam_tilt_x = -0.018474651833893425
cam_tilt_y = -0.015048257882275404
d_cam_ff  = -160.40093470499477
ccd_ff_dec_x = -0.0035248886195064035
ccd_ff_dec_y = 0.00021690980551029247
ccd_ff_tilt_x = 0.14602475833398382
ccd_ff_tilt_y = -0.5720438412707847
ccd_ff_tilt_z = 0.17257618833291039
d_ff_ccd  = -4.811270249117776
ccd_dec_x = 0.6206916802103264
ccd_dec_y = 5.155316107890157
ccd_defocus = 0.31632207410893304
ccd_tilt_x = 0.007708627141226169
ccd_tilt_y = -0.014095774527071078
ccd_tilt_z = 3.1531923254447755e-06
p = 1.9383636363636364e-05