slit_dec_x_a = -0.181778666534
slit_dec_y_a = -0.18243150017
slit_dec_x_b = 0.14512077562974193
slit_dec_y_b = -0.05510809031835813
slit_defocus = -0.0022191267300497673
slit_tilt_x = 1.134690557255531
slit_tilt_y = -8.568238989345573
slit_tilt_z = -9.003671873045262
d_slit_col = 1594.30394906873
coll_tilt_x = 0.08644623393394334
coll_tilt_y = -0.022051837224167373
ech_G = 31.610876096115952
ech_blaze = -74.99552643708995
ech_gamma = 1.1581316238561612
echelle_z = 0.0575423737005551
d_col_trf = -1588.0162436350513
trf_mirror_tilt_x = 0.12254022379080715
trf_mirror_tilt_y = 0.018677072540789794
d_col_grm = 0.015051719481231705
grism_dec_x = 236.39748079504625
grism_dec_y = -0.005036737373938022
grm_tilt_x = -0.02470487699389984
grm_tilt_y = 2.327334277098694
grm_G = 222.7858520214166
grm_apex = 17.809204506039187
d_grm_cam  = 21.604348813306817
cam_dec_x = -0.28358207693288356
cam_dec_y = 0.2897560973311492
cam_tilt_x = 0.004336821771485281
cam_tilt_y = -0.027822532229682496
d_cam_ff  = -160.56982658516998
ccd_ff_dec_x = -0.022767508179190054
ccd_ff_dec_y = -0.047790388205589764
ccd_ff_tilt_x = 0.16501751426957387
ccd_ff_tilt_y = -0.5896644251592313
ccd_ff_tilt_z = 0.17172429629931293
d_ff_ccd  = -4.785390964035888
ccd_dec_x = 0.5519482684523335
ccd_dec_y = 5.1060817663794795
ccd_defocus = 0.31574691625747164
ccd_tilt_x = 0.021350061885213226
ccd_tilt_y = -0.004226079311916405
ccd_tilt_z = 4.0306864367917444e-07
p = 1.9383636363636364e-05