slit_dec_x_a = -0.1704010755187174
slit_dec_y_a = -0.1956586180351446
slit_dec_x_b = 0.175
slit_dec_y_b = -1.7925174610248153e-96
slit_defocus = 0.021423510931371244
slit_tilt_x = 1.1140299720180085
slit_tilt_y = -8.538428862293946
slit_tilt_z = -8.991650248482472
d_slit_col = 1594.3099967596497
coll_tilt_x = 0.11319774932802408
coll_tilt_y = -0.028815443012185256
ech_G = 31.613226888047407
ech_blaze = -74.97483787131634
ech_gamma = 1.1389763987506591
echelle_z = 0.07476403132892216
d_col_trf = -1588.0172347407718
trf_mirror_tilt_x = 0.026313756949787496
trf_mirror_tilt_y = 0.16224939101802638
d_col_grm = -0.004807742611096492
grism_dec_x = 236.4233317831509
grism_dec_y = 0.038153077458765644
grm_tilt_x = -0.014052895173322014
grm_tilt_y = 2.30527942189141
grm_G = 222.8240099124314
grm_apex = 17.791002345251144
d_grm_cam  = 21.609819714338762
cam_dec_x = -0.3095267547819851
cam_dec_y = 0.2472883362685594
cam_tilt_x = -0.011079406665901516
cam_tilt_y = 0.003783170807749097
d_cam_ff  = -160.05721673091685
ccd_ff_dec_x = -0.0026009054760434687
ccd_ff_dec_y = 0.05303858235356447
ccd_ff_tilt_x = 0.019531001327619934
ccd_ff_tilt_y = -0.5728032835251371
ccd_ff_tilt_z = 0.1800535111514143
d_ff_ccd  = -4.838956425412864
ccd_dec_x = 0.6214049355850431
ccd_dec_y = 5.1571456104482465
ccd_defocus = 0.2807382592191204
ccd_tilt_x = 0.004995254038359714
ccd_tilt_y = -0.010806487567200857
ccd_tilt_z = 5.039465138164114e-06
p = 0.0001