slit_dec_x_a = -0.1704177369641717
slit_dec_y_a = -0.19594370227513594
slit_dec_x_b = 0.175
slit_dec_y_b = -1.775010959798755e-96
slit_defocus = 0.005565304053783767
slit_tilt_x = 1.1861517201684866
slit_tilt_y = -8.540006972273604
slit_tilt_z = -8.990839531500702
d_slit_col = 1594.294461616988
coll_tilt_x = 0.08878103683600862
coll_tilt_y = -0.031816796933907446
ech_G = 31.610652245226714
ech_blaze = -74.97675927070502
ech_gamma = 1.1404409055373335
echelle_z = 0.07482574324456955
d_col_trf = -1588.0185355621916
trf_mirror_tilt_x = 0.13866345132214086
trf_mirror_tilt_y = 0.07759030001052927
d_col_grm = -0.009563202508350972
grism_dec_x = 236.43432535693628
grism_dec_y = 0.03420736929729297
grm_tilt_x = -0.015681568941329216
grm_tilt_y = 2.30436249006494
grm_G = 222.825185512286
grm_apex = 17.81512676244817
d_grm_cam  = 21.60844511772562
cam_dec_x = -0.3021649919311953
cam_dec_y = 0.25033101501514265
cam_tilt_x = -0.018636795144644416
cam_tilt_y = -0.015048955034922259
d_cam_ff  = -160.40094081791895
ccd_ff_dec_x = -0.0035019326138599496
ccd_ff_dec_y = 0.00018687336935933568
ccd_ff_tilt_x = 0.14603243411293604
ccd_ff_tilt_y = -0.5720497186952963
ccd_ff_tilt_z = 0.17259403333229414
d_ff_ccd  = -4.811254838792968
ccd_dec_x = 0.6206844471747776
ccd_dec_y = 5.155310499686487
ccd_defocus = 0.3163312290616643
ccd_tilt_x = 0.007726386515388646
ccd_tilt_y = -0.014069523948506704
ccd_tilt_z = 3.1136573574593093e-06
p = 2.1002500000000003e-06