slit_dec_x_a = -0.1704010755187174
slit_dec_y_a = -0.1956586180351446
slit_dec_x_b = 0.175
slit_dec_y_b = -1.7961364417163612e-96
slit_defocus = 0.0213830089497061
slit_tilt_x = 1.113981428891716
slit_tilt_y = -8.538473027400016
slit_tilt_z = -8.991625859520921
d_slit_col = 1594.3099308245087
coll_tilt_x = 0.11313467894317869
coll_tilt_y = -0.02891552252167354
ech_G = 31.613231015632604
ech_blaze = -74.9748324181062
ech_gamma = 1.1389716570859796
echelle_z = 0.07477545592867868
d_col_trf = -1588.0172297921522
trf_mirror_tilt_x = 0.026314825145592573
trf_mirror_tilt_y = 0.16226613953662414
d_col_grm = -0.0049385840801097
grism_dec_x = 236.42334516085225
grism_dec_y = 0.038210535579979034
grm_tilt_x = -0.014052908339062916
grm_tilt_y = 2.305278641572724
grm_G = 222.82400589998
grm_apex = 17.79103677176139
d_grm_cam  = 21.609815624972196
cam_dec_x = -0.30952376036225787
cam_dec_y = 0.2472181889185895
cam_tilt_x = -0.01112623763305453
cam_tilt_y = 0.0037842978473729473
d_cam_ff  = -160.05731759610012
ccd_ff_dec_x = -0.0026039372941039714
ccd_ff_dec_y = 0.0530904067702045
ccd_ff_tilt_x = 0.019505318267266435
ccd_ff_tilt_y = -0.5728041126750064
ccd_ff_tilt_z = 0.18005021305555613
d_ff_ccd  = -4.838963456812084
ccd_dec_x = 0.6214021562472288
ccd_dec_y = 5.157148938350936
ccd_defocus = 0.2807190395506163
ccd_tilt_x = 0.005061374950108438
ccd_tilt_y = -0.010933458110170866
ccd_tilt_z = 5.128147126769621e-06
p = 0.0001