slit_dec_x_a = -0.181778666534
slit_dec_y_a = -0.18243150017
slit_dec_x_b = 0.14512077562974193
slit_dec_y_b = -0.05510809031835813
slit_defocus = -0.013751714571252158
slit_tilt_x = 1.054092990061802
slit_tilt_y = -8.559892651706006
slit_tilt_z = -9.02687292678364
d_slit_col = 1594.2902930153102
coll_tilt_x = 0.12142911300226315
coll_tilt_y = -0.026566345164458764
ech_G = 31.614566200086834
ech_blaze = -74.99488955034592
ech_gamma = 1.1556418276163456
echelle_z = 0.05699951786980802
d_col_trf = -1588.0163650110665
trf_mirror_tilt_x = 0.007295110678173528
trf_mirror_tilt_y = 0.1554147441040392
d_col_grm = 0.035714796142264894
grism_dec_x = 236.38318697365358
grism_dec_y = 0.009209074341447031
grm_tilt_x = -0.02350156039724172
grm_tilt_y = 2.3257837373267938
grm_G = 222.78407273217235
grm_apex = 17.766502510620906
d_grm_cam  = 21.604697571889478
cam_dec_x = -0.2711151324069265
cam_dec_y = 0.29084861300523096
cam_tilt_x = 0.012417355814304486
cam_tilt_y = 0.008787760324848995
d_cam_ff  = -160.07729535357606
ccd_ff_dec_x = -0.023802141206335132
ccd_ff_dec_y = 0.042040246357026856
ccd_ff_tilt_x = 0.0334183790231537
ccd_ff_tilt_y = -0.5909786622347569
ccd_ff_tilt_z = 0.17191133380575632
d_ff_ccd  = -4.815979919736284
ccd_dec_x = 0.5532971848229628
ccd_dec_y = 5.107628362656808
ccd_defocus = 0.2857398962702941
ccd_tilt_x = 0.0326232952897859
ccd_tilt_y = -0.0021370803676280786
ccd_tilt_z = 4.684625635033012e-06
p = 0.0001