slit_dec_x_a = -0.17037867674440985
slit_dec_y_a = -0.19576645227023473
slit_dec_x_b = 0.175
slit_dec_y_b = -2.5929249500321973e-96
slit_defocus = 0.0055260211345927335
slit_tilt_x = 1.1861280998842005
slit_tilt_y = -8.540122042397263
slit_tilt_z = -8.990823561111673
d_slit_col = 1594.2944458961517
coll_tilt_x = 0.08858043739239681
coll_tilt_y = -0.031783763932861246
ech_G = 31.61068175586421
ech_blaze = -74.97714566173066
ech_gamma = 1.1404956664545876
echelle_z = 0.07550708704135875
d_col_trf = -1588.0185913316623
trf_mirror_tilt_x = 0.1386438590660185
trf_mirror_tilt_y = 0.0775403931680407
d_col_grm = -0.009527541163862204
grism_dec_x = 236.43434476516998
grism_dec_y = 0.03425176019413371
grm_tilt_x = -0.01584899404126898
grm_tilt_y = 2.304365626485638
grm_G = 222.82520024577096
grm_apex = 17.81514202422992
d_grm_cam  = 21.608480285916738
cam_dec_x = -0.3021233403255832
cam_dec_y = 0.2503380178128912
cam_tilt_x = -0.01836545682301953
cam_tilt_y = -0.015021443126088342
d_cam_ff  = -160.4009985202015
ccd_ff_dec_x = -0.0035461379381615944
ccd_ff_dec_y = 0.00016855243270260593
ccd_ff_tilt_x = 0.1460210096565527
ccd_ff_tilt_y = -0.5720366288420822
ccd_ff_tilt_z = 0.1725302757509877
d_ff_ccd  = -4.811224427646004
ccd_dec_x = 0.6206463314859645
ccd_dec_y = 5.155306222015789
ccd_defocus = 0.31633463269308393
ccd_tilt_x = 0.007798494492736077
ccd_tilt_y = -0.014017966750541748
ccd_tilt_z = 3.3664804488620713e-06
p = 2.0436363636363637e-06