slit_dec_x_a = -0.17038991272354584
slit_dec_y_a = -0.1958149688634587
slit_dec_x_b = 0.175
slit_dec_y_b = -2.736626405083842e-96
slit_defocus = 0.005533463114814053
slit_tilt_x = 1.1861016333498744
slit_tilt_y = -8.540136659503993
slit_tilt_z = -8.990811431461028
d_slit_col = 1594.2944827363433
coll_tilt_x = 0.08844849411290308
coll_tilt_y = -0.031781234910910755
ech_G = 31.61066043216502
ech_blaze = -74.97712463452237
ech_gamma = 1.140501250773777
echelle_z = 0.07549653720707818
d_col_trf = -1588.0186227783659
trf_mirror_tilt_x = 0.13864877350490012
trf_mirror_tilt_y = 0.07755083610266564
d_col_grm = -0.009549826933481016
grism_dec_x = 236.4343852596854
grism_dec_y = 0.03423584664872442
grm_tilt_x = -0.015818792265106435
grm_tilt_y = 2.3043536356363674
grm_G = 222.82519991410837
grm_apex = 17.81511509836723
d_grm_cam  = 21.60849208166506
cam_dec_x = -0.30213522368335466
cam_dec_y = 0.25033731896561556
cam_tilt_x = -0.018398839004687726
cam_tilt_y = -0.015036986198353657
d_cam_ff  = -160.40100456052895
ccd_ff_dec_x = -0.0035175559292280924
ccd_ff_dec_y = 0.00015723313807735188
ccd_ff_tilt_x = 0.14602280455020666
ccd_ff_tilt_y = -0.572050719885137
ccd_ff_tilt_z = 0.17253330485256965
d_ff_ccd  = -4.811217313647968
ccd_dec_x = 0.6206336034796461
ccd_dec_y = 5.1552604657945125
ccd_defocus = 0.31634282819124226
ccd_tilt_x = 0.0078065971440507385
ccd_tilt_y = -0.014027906168388534
ccd_tilt_z = 3.396131247023374e-06
p = 3.650454545454545e-06