slit_dec_x_a = -0.181778666534
slit_dec_y_a = -0.18243150017
slit_dec_x_b = 0.14512077562974193
slit_dec_y_b = -0.05510809031835813
slit_defocus = -0.013778911817841683
slit_tilt_x = 1.0540910172117206
slit_tilt_y = -8.560012022460526
slit_tilt_z = -9.026791458102446
d_slit_col = 1594.2902864186678
coll_tilt_x = 0.12150526504356389
coll_tilt_y = -0.026456084566693343
ech_G = 31.6145644459139
ech_blaze = -74.9948877412083
ech_gamma = 1.1556406644741677
echelle_z = 0.05700058588785471
d_col_trf = -1588.0163606762242
trf_mirror_tilt_x = 0.007282642437934671
trf_mirror_tilt_y = 0.15544657349114505
d_col_grm = 0.03567744379907573
grism_dec_x = 236.38323152379905
grism_dec_y = 0.009242989031278341
grm_tilt_x = -0.023503519813767703
grm_tilt_y = 2.32579247823722
grm_G = 222.78407468193146
grm_apex = 17.766545101271994
d_grm_cam  = 21.60469995524174
cam_dec_x = -0.27108844496530987
cam_dec_y = 0.2908640832376468
cam_tilt_x = 0.012417518227085547
cam_tilt_y = 0.008759942237395022
d_cam_ff  = -160.07705680365592
ccd_ff_dec_x = -0.02380544437775188
ccd_ff_dec_y = 0.04203340901225299
ccd_ff_tilt_x = 0.03351957684672346
ccd_ff_tilt_y = -0.5909778976702154
ccd_ff_tilt_z = 0.1719156687743626
d_ff_ccd  = -4.816020757452177
ccd_dec_x = 0.5532997005799787
ccd_dec_y = 5.107636001466347
ccd_defocus = 0.28578006216289464
ccd_tilt_x = 0.03260251112005511
ccd_tilt_y = -0.0021461832773760226
ccd_tilt_z = 4.68979911783846e-06
p = 0.0001