slit_dec_x_a = -0.1704010755187174
slit_dec_y_a = -0.1956586180351446
slit_dec_x_b = 0.175
slit_dec_y_b = -1.803358738226387e-96
slit_defocus = 0.02142850495084595
slit_tilt_x = 1.1140184302486256
slit_tilt_y = -8.53844865596603
slit_tilt_z = -8.991639463134089
d_slit_col = 1594.3100083220897
coll_tilt_x = 0.11326997224098007
coll_tilt_y = -0.02890903236087244
ech_G = 31.613230673736226
ech_blaze = -74.97483278917571
ech_gamma = 1.1389722008147585
echelle_z = 0.07476950326176957
d_col_trf = -1588.017237842999
trf_mirror_tilt_x = 0.026298860751453695
trf_mirror_tilt_y = 0.16222557613911753
d_col_grm = -0.004861812054462398
grism_dec_x = 236.42327196066122
grism_dec_y = 0.0381669345851174
grm_tilt_x = -0.014055609963343898
grm_tilt_y = 2.3052756812587774
grm_G = 222.8240059703081
grm_apex = 17.79099609462202
d_grm_cam  = 21.609825124711524
cam_dec_x = -0.3095625861020894
cam_dec_y = 0.24738468286520235
cam_tilt_x = -0.011052222746205893
cam_tilt_y = 0.0037772488617500715
d_cam_ff  = -160.0574081590877
ccd_ff_dec_x = -0.0026067482113138305
ccd_ff_dec_y = 0.05305838636341327
ccd_ff_tilt_x = 0.019491880832414703
ccd_ff_tilt_y = -0.5727992770142475
ccd_ff_tilt_z = 0.1800518875397487
d_ff_ccd  = -4.838913155271349
ccd_dec_x = 0.6214045112846992
ccd_dec_y = 5.157153566958051
ccd_defocus = 0.28069657503176576
ccd_tilt_x = 0.005068927470600963
ccd_tilt_y = -0.01091596109312153
ccd_tilt_z = 5.07122744635712e-06
p = 0.0001