slit_dec_x_a = -0.17039605827070423
slit_dec_y_a = -0.19589926664102267
slit_dec_x_b = 0.175
slit_dec_y_b = -1.531013171324156e-96
slit_defocus = 0.005588306374779479
slit_tilt_x = 1.1861391338144696
slit_tilt_y = -8.54002358913193
slit_tilt_z = -8.99083758937218
d_slit_col = 1594.2944689356445
coll_tilt_x = 0.08873412921531616
coll_tilt_y = -0.03186977796373998
ech_G = 31.610646572791854
ech_blaze = -74.976820209074
ech_gamma = 1.1403472062774958
echelle_z = 0.07478566200804687
d_col_trf = -1588.0185410426875
trf_mirror_tilt_x = 0.13864753660981594
trf_mirror_tilt_y = 0.0775169610637008
d_col_grm = -0.00954180982013489
grism_dec_x = 236.43433255209155
grism_dec_y = 0.03418307663203935
grm_tilt_x = -0.015783299816298467
grm_tilt_y = 2.304379550393022
grm_G = 222.8251590478676
grm_apex = 17.81513017646245
d_grm_cam  = 21.60848771901119
cam_dec_x = -0.30211914699353093
cam_dec_y = 0.25033303968072107
cam_tilt_x = -0.01848373922490672
cam_tilt_y = -0.01508488610853894
d_cam_ff  = -160.40096243605439
ccd_ff_dec_x = -0.0035242600470994463
ccd_ff_dec_y = 0.00023677138936012865
ccd_ff_tilt_x = 0.14604046061825934
ccd_ff_tilt_y = -0.5720722951199924
ccd_ff_tilt_z = 0.17257155435626131
d_ff_ccd  = -4.811252444861462
ccd_dec_x = 0.6206632452391869
ccd_dec_y = 5.155302049468153
ccd_defocus = 0.316297347409433
ccd_tilt_x = 0.0077179100413621825
ccd_tilt_y = -0.014097610514341606
ccd_tilt_z = 3.113067063539681e-06
p = 1.6223636363636364e-05