slit_dec_x_a = -0.181778666534
slit_dec_y_a = -0.18243150017
slit_dec_x_b = 0.14512077562974193
slit_dec_y_b = -0.05510809031835813
slit_defocus = -0.013763894430011499
slit_tilt_x = 1.0540567421779847
slit_tilt_y = -8.559968711822973
slit_tilt_z = -9.02685512677884
d_slit_col = 1594.2903344353585
coll_tilt_x = 0.12148106262839055
coll_tilt_y = -0.026486768665251296
ech_G = 31.614564228498743
ech_blaze = -74.99488531492975
ech_gamma = 1.1556448669054504
echelle_z = 0.05699387282943184
d_col_trf = -1588.01636511999
trf_mirror_tilt_x = 0.007268953954160109
trf_mirror_tilt_y = 0.15549891370410002
d_col_grm = 0.03562994814998937
grism_dec_x = 236.38322048782695
grism_dec_y = 0.009241483837668594
grm_tilt_x = -0.023507316396932744
grm_tilt_y = 2.325781769905267
grm_G = 222.78406433595217
grm_apex = 17.766506942036543
d_grm_cam  = 21.604701977211633
cam_dec_x = -0.27108030705601566
cam_dec_y = 0.29090162512638934
cam_tilt_x = 0.012383928126939883
cam_tilt_y = 0.008816858531613589
d_cam_ff  = -160.07666614122044
ccd_ff_dec_x = -0.023802104040992193
ccd_ff_dec_y = 0.04201852272492276
ccd_ff_tilt_x = 0.03354486914772388
ccd_ff_tilt_y = -0.5909807851453028
ccd_ff_tilt_z = 0.17192257324687235
d_ff_ccd  = -4.815916777293792
ccd_dec_x = 0.5533006261626378
ccd_dec_y = 5.107625810337796
ccd_defocus = 0.2857738724513579
ccd_tilt_x = 0.03259645401570599
ccd_tilt_y = -0.002194350779082829
ccd_tilt_z = 4.626627070181515e-06
p = 0.0001