slit_dec_x_a = -0.1704010755187174
slit_dec_y_a = -0.1956586180351446
slit_dec_x_b = 0.175
slit_dec_y_b = -1.8102875541866688e-96
slit_defocus = 0.021343567645074297
slit_tilt_x = 1.1139869983625776
slit_tilt_y = -8.538424892070012
slit_tilt_z = -8.991650243141315
d_slit_col = 1594.3098934284344
coll_tilt_x = 0.11322144056098606
coll_tilt_y = -0.028897133943964648
ech_G = 31.613232190612862
ech_blaze = -74.97483198722136
ech_gamma = 1.1389763743204528
echelle_z = 0.07477361539752321
d_col_trf = -1588.0172273518076
trf_mirror_tilt_x = 0.02631970825719097
trf_mirror_tilt_y = 0.16217051991470724
d_col_grm = -0.004797323102000128
grism_dec_x = 236.42333679320672
grism_dec_y = 0.038151683294619036
grm_tilt_x = -0.014051086982494531
grm_tilt_y = 2.305271917988435
grm_G = 222.82399855553737
grm_apex = 17.791036760415032
d_grm_cam  = 21.609819303091932
cam_dec_x = -0.30956611245140236
cam_dec_y = 0.2472600056655922
cam_tilt_x = -0.011135646149462133
cam_tilt_y = 0.003777503225206543
d_cam_ff  = -160.05736785981782
ccd_ff_dec_x = -0.0026006930933930514
ccd_ff_dec_y = 0.05302080241130999
ccd_ff_tilt_x = 0.019543078494147464
ccd_ff_tilt_y = -0.5728009319215456
ccd_ff_tilt_z = 0.18005243591814427
d_ff_ccd  = -4.838990218843023
ccd_dec_x = 0.6214028894140535
ccd_dec_y = 5.157150202090763
ccd_defocus = 0.2807181739679473
ccd_tilt_x = 0.005053544170667574
ccd_tilt_y = -0.01096569435688432
ccd_tilt_z = 5.09047172317842e-06
p = 0.0001