slit_dec_x_a = -0.181778666534
slit_dec_y_a = -0.18243150017
slit_dec_x_b = 0.14512077562974193
slit_dec_y_b = -0.05510809031835813
slit_defocus = -0.0021774855704045208
slit_tilt_x = 1.1346510846038385
slit_tilt_y = -8.56822963356352
slit_tilt_z = -9.003644249317455
d_slit_col = 1594.30394743099
coll_tilt_x = 0.08645567170698311
coll_tilt_y = -0.021999974777098575
ech_G = 31.610929289386853
ech_blaze = -74.99567487449798
ech_gamma = 1.1580050347012174
echelle_z = 0.05759614797229434
d_col_trf = -1588.0161642497617
trf_mirror_tilt_x = 0.12250900553994232
trf_mirror_tilt_y = 0.01863795905648989
d_col_grm = 0.015111804226586584
grism_dec_x = 236.39742596194762
grism_dec_y = -0.005022269067615609
grm_tilt_x = -0.02509533689726806
grm_tilt_y = 2.326944016261105
grm_G = 222.7858574030587
grm_apex = 17.809186589929336
d_grm_cam  = 21.604653877570374
cam_dec_x = -0.28360207614213867
cam_dec_y = 0.2896654365446684
cam_tilt_x = 0.0042586602729192445
cam_tilt_y = -0.027774883850066687
d_cam_ff  = -160.5696259681206
ccd_ff_dec_x = -0.022785600031341228
ccd_ff_dec_y = -0.04775715757078276
ccd_ff_tilt_x = 0.16505147357811645
ccd_ff_tilt_y = -0.5895060640227946
ccd_ff_tilt_z = 0.17169281551668156
d_ff_ccd  = -4.785459826824232
ccd_dec_x = 0.5519785015238179
ccd_dec_y = 5.1061296426683365
ccd_defocus = 0.3157906893517225
ccd_tilt_x = 0.021305455022312
ccd_tilt_y = -0.004206977672539675
ccd_tilt_z = 3.6848414797649207e-07
p = 2.525083333333333e-06