slit_dec_x_a = -0.1703832237475326
slit_dec_y_a = -0.1956926200411582
slit_dec_x_b = 0.175
slit_dec_y_b = -1.599123687813403e-96
slit_defocus = 0.005570150469311767
slit_tilt_x = 1.1861046492447993
slit_tilt_y = -8.540002704786001
slit_tilt_z = -8.99084463706419
d_slit_col = 1594.294510027136
coll_tilt_x = 0.08879283307342926
coll_tilt_y = -0.0319490359574929
ech_G = 31.610682264492393
ech_blaze = -74.97689756679195
ech_gamma = 1.1402683817635484
echelle_z = 0.07468273060476825
d_col_trf = -1588.018519220584
trf_mirror_tilt_x = 0.13872151830423723
trf_mirror_tilt_y = 0.07750769714487887
d_col_grm = -0.009515503758371064
grism_dec_x = 236.43434468972103
grism_dec_y = 0.03416731495297627
grm_tilt_x = -0.015836167591193908
grm_tilt_y = 2.3043667457318247
grm_G = 222.8251752362056
grm_apex = 17.81511061271718
d_grm_cam  = 21.60848053195366
cam_dec_x = -0.3021010919907201
cam_dec_y = 0.2503109653650197
cam_tilt_x = -0.018663893186482396
cam_tilt_y = -0.01510300681573976
d_cam_ff  = -160.40095182197
ccd_ff_dec_x = -0.003494462344891391
ccd_ff_dec_y = 0.0002652770166479373
ccd_ff_tilt_x = 0.14604048694587454
ccd_ff_tilt_y = -0.5720961815977319
ccd_ff_tilt_z = 0.17257784793366404
d_ff_ccd  = -4.811323161860084
ccd_dec_x = 0.6206685682289412
ccd_dec_y = 5.155270762886787
ccd_defocus = 0.31626956064604395
ccd_tilt_x = 0.0077583914683150065
ccd_tilt_y = -0.014113557560850802
ccd_tilt_z = 3.0661352522728633e-06
p = 2.525083333333333e-06