slit_dec_x_a = -0.181778666534
slit_dec_y_a = -0.18243150017
slit_dec_x_b = 0.14512077562974193
slit_dec_y_b = -0.05510809031835813
slit_defocus = -0.0021937279271930636
slit_tilt_x = 1.1346910677313757
slit_tilt_y = -8.568296254100922
slit_tilt_z = -9.00363269176893
d_slit_col = 1594.3039204959452
coll_tilt_x = 0.08643091455724207
coll_tilt_y = -0.022041011627174974
ech_G = 31.610902262669455
ech_blaze = -74.99561742254551
ech_gamma = 1.1581790761854067
echelle_z = 0.05715090590060182
d_col_trf = -1588.016246539243
trf_mirror_tilt_x = 0.12250555403682233
trf_mirror_tilt_y = 0.0186951684090979
d_col_grm = 0.014990669107805854
grism_dec_x = 236.39749351558294
grism_dec_y = -0.005053390747270969
grm_tilt_x = -0.024876321238391716
grm_tilt_y = 2.3274259806340853
grm_G = 222.78574581719457
grm_apex = 17.809172723303345
d_grm_cam  = 21.60459461528941
cam_dec_x = -0.28363269301616373
cam_dec_y = 0.28971113978592916
cam_tilt_x = 0.004354799027214567
cam_tilt_y = -0.027801015660808063
d_cam_ff  = -160.5696391628421
ccd_ff_dec_x = -0.023071423189113045
ccd_ff_dec_y = -0.04777806287381919
ccd_ff_tilt_x = 0.16502934179496923
ccd_ff_tilt_y = -0.5896152904108868
ccd_ff_tilt_z = 0.1718828477053898
d_ff_ccd  = -4.785367984850957
ccd_dec_x = 0.5519167991040438
ccd_dec_y = 5.106567027617352
ccd_defocus = 0.3158238097942854
ccd_tilt_x = 0.021425055218864394
ccd_tilt_y = -0.00420398961813514
ccd_tilt_z = 2.815588520946714e-07
p = 2.4249166666666666e-06