slit_dec_x_a = -0.17046019466145618
slit_dec_y_a = -0.19607900304839335
slit_dec_x_b = 0.175
slit_dec_y_b = -1.8690151803701e-96
slit_defocus = 0.005567408343794208
slit_tilt_x = 1.1861373239632964
slit_tilt_y = -8.540013919651212
slit_tilt_z = -8.990841566187768
d_slit_col = 1594.2944329119462
coll_tilt_x = 0.08876696149149957
coll_tilt_y = -0.031728715686816095
ech_G = 31.61068994015541
ech_blaze = -74.97710437114999
ech_gamma = 1.140540381031091
echelle_z = 0.07498227681509942
d_col_trf = -1588.0185629848313
trf_mirror_tilt_x = 0.1387126082975962
trf_mirror_tilt_y = 0.0775860276767742
d_col_grm = -0.009520541750140835
grism_dec_x = 236.4342898570404
grism_dec_y = 0.0342508045016987
grm_tilt_x = -0.015761746223401343
grm_tilt_y = 2.3043718580079133
grm_G = 222.82517615438317
grm_apex = 17.81511600519772
d_grm_cam  = 21.608488699943596
cam_dec_x = -0.3021135368698399
cam_dec_y = 0.25037228946717716
cam_tilt_x = -0.018320565111575298
cam_tilt_y = -0.015030633113199703
d_cam_ff  = -160.4009445983067
ccd_ff_dec_x = -0.0035353938179835424
ccd_ff_dec_y = 0.00014762778027167136
ccd_ff_tilt_x = 0.14599679011184294
ccd_ff_tilt_y = -0.5720861097478913
ccd_ff_tilt_z = 0.17254698839079727
d_ff_ccd  = -4.811236293217053
ccd_dec_x = 0.6206642019624673
ccd_dec_y = 5.155257163232242
ccd_defocus = 0.31632321165147037
ccd_tilt_x = 0.0077509953116257115
ccd_tilt_y = -0.013999009361369
ccd_tilt_z = 3.2067802765765126e-06
p = 2.4249166666666666e-06