slit_dec_x_a = -0.17043095596740868
slit_dec_y_a = -0.19595277467452651
slit_dec_x_b = 0.175
slit_dec_y_b = -1.9059095167430014e-96
slit_defocus = 0.00556691638464718
slit_tilt_x = 1.186121219543834
slit_tilt_y = -8.540002766274819
slit_tilt_z = -8.990849940994785
d_slit_col = 1594.294432260362
coll_tilt_x = 0.08864136401217798
coll_tilt_y = -0.03179657614816985
ech_G = 31.610678510054008
ech_blaze = -74.9770748029658
ech_gamma = 1.1404341279136472
echelle_z = 0.0749692832514726
d_col_trf = -1588.0185607594126
trf_mirror_tilt_x = 0.13868935582373815
trf_mirror_tilt_y = 0.0776049204972215
d_col_grm = -0.009533414615595513
grism_dec_x = 236.43428116107148
grism_dec_y = 0.03424591742612961
grm_tilt_x = -0.01575430595685023
grm_tilt_y = 2.3043677752492733
grm_G = 222.82518043404963
grm_apex = 17.81510171848783
d_grm_cam  = 21.60848238960988
cam_dec_x = -0.302138734438964
cam_dec_y = 0.2503656086870263
cam_tilt_x = -0.01842854477989241
cam_tilt_y = -0.015018798050363165
d_cam_ff  = -160.40098448087832
ccd_ff_dec_x = -0.003549421196562592
ccd_ff_dec_y = 0.00015563206395478228
ccd_ff_tilt_x = 0.14600064956033237
ccd_ff_tilt_y = -0.5721114770818546
ccd_ff_tilt_z = 0.17257538656945517
d_ff_ccd  = -4.811244152620334
ccd_dec_x = 0.620667008895064
ccd_dec_y = 5.15529571518792
ccd_defocus = 0.316305939631343
ccd_tilt_x = 0.007767495479029401
ccd_tilt_y = -0.014025467667247445
ccd_tilt_z = 3.1693678474405516e-06
p = 1.5244545454545456e-05