slit_dec_x_a = -0.181778666534
slit_dec_y_a = -0.18243150017
slit_dec_x_b = 0.14512077562974193
slit_dec_y_b = -0.05510809031835813
slit_defocus = -0.002207568525422698
slit_tilt_x = 1.1346783429299026
slit_tilt_y = -8.56829750276081
slit_tilt_z = -9.003628035609916
d_slit_col = 1594.3039207609545
coll_tilt_x = 0.08644382526519066
coll_tilt_y = -0.022040330679284067
ech_G = 31.61091977696252
ech_blaze = -74.99574414726852
ech_gamma = 1.1581343783848417
echelle_z = 0.05725503448274425
d_col_trf = -1588.0162333396931
trf_mirror_tilt_x = 0.12251147451785926
trf_mirror_tilt_y = 0.018679007944698758
d_col_grm = 0.01499583631000542
grism_dec_x = 236.39747778998162
grism_dec_y = -0.005046922359426273
grm_tilt_x = -0.02476726897398153
grm_tilt_y = 2.3274111348358395
grm_G = 222.7856947874334
grm_apex = 17.80916376520476
d_grm_cam  = 21.60438604894883
cam_dec_x = -0.2836361899610593
cam_dec_y = 0.28972758320981945
cam_tilt_x = 0.004348189510828059
cam_tilt_y = -0.02780217906017454
d_cam_ff  = -160.569617454085
ccd_ff_dec_x = -0.022969735788129764
ccd_ff_dec_y = -0.04778314449050426
ccd_ff_tilt_x = 0.16504740266502274
ccd_ff_tilt_y = -0.5895483274241492
ccd_ff_tilt_z = 0.17172648578105645
d_ff_ccd  = -4.7853613074125425
ccd_dec_x = 0.552014898370355
ccd_dec_y = 5.10639486361585
ccd_defocus = 0.31580340507984545
ccd_tilt_x = 0.021401429280256953
ccd_tilt_y = -0.004194442145102423
ccd_tilt_z = 3.3490858973276073e-07
p = 1.5244545454545456e-05