slit_dec_x_a = -0.1704010755187174
slit_dec_y_a = -0.1956586180351446
slit_dec_x_b = 0.175
slit_dec_y_b = -1.8260057428925969e-96
slit_defocus = 0.02134827894635364
slit_tilt_x = 1.1139916886768266
slit_tilt_y = -8.538424809332067
slit_tilt_z = -8.991654495652108
d_slit_col = 1594.3099312429574
coll_tilt_x = 0.11323071097354384
coll_tilt_y = -0.028884110177365637
ech_G = 31.6132337813015
ech_blaze = -74.97483665721676
ech_gamma = 1.1389709203828986
echelle_z = 0.07477609098312317
d_col_trf = -1588.0172292675056
trf_mirror_tilt_x = 0.02628395678537685
trf_mirror_tilt_y = 0.16229652397492605
d_col_grm = -0.004851628129413191
grism_dec_x = 236.4233498623824
grism_dec_y = 0.0381761908207598
grm_tilt_x = -0.014055532838120482
grm_tilt_y = 2.305279719537056
grm_G = 222.82399860465577
grm_apex = 17.790988707860077
d_grm_cam  = 21.609818428748365
cam_dec_x = -0.30952289262912236
cam_dec_y = 0.24729023915608309
cam_tilt_x = -0.010997275415952532
cam_tilt_y = 0.003878637482917487
d_cam_ff  = -160.05710083191246
ccd_ff_dec_x = -0.0025975081294487977
ccd_ff_dec_y = 0.05307497377680042
ccd_ff_tilt_x = 0.019473783656742395
ccd_ff_tilt_y = -0.5728034968891171
ccd_ff_tilt_z = 0.1800501622587005
d_ff_ccd  = -4.8389698431881465
ccd_dec_x = 0.6214096722020018
ccd_dec_y = 5.157148484925874
ccd_defocus = 0.2807555000712073
ccd_tilt_x = 0.00500089818316141
ccd_tilt_y = -0.010887236008721605
ccd_tilt_z = 5.106072619849568e-06
p = 0.0001