slit_dec_x_a = -0.181778666534
slit_dec_y_a = -0.18243150017
slit_dec_x_b = 0.14512077562974193
slit_dec_y_b = -0.05510809031835813
slit_defocus = -0.0021908192648797268
slit_tilt_x = 1.134705075030591
slit_tilt_y = -8.5682911338426
slit_tilt_z = -9.003623130780541
d_slit_col = 1594.3039238283582
coll_tilt_x = 0.08643740502247023
coll_tilt_y = -0.022042354831648195
ech_G = 31.61089497987017
ech_blaze = -74.99556335904629
ech_gamma = 1.15818599350597
echelle_z = 0.05711100104821394
d_col_trf = -1588.0162483078589
trf_mirror_tilt_x = 0.12251049341996625
trf_mirror_tilt_y = 0.018694338280836796
d_col_grm = 0.014983373226385918
grism_dec_x = 236.39748908761499
grism_dec_y = -0.005052192506416358
grm_tilt_x = -0.02480337737917813
grm_tilt_y = 2.327435071960429
grm_G = 222.7857246777631
grm_apex = 17.809175421759054
d_grm_cam  = 21.604586198158156
cam_dec_x = -0.2836457680263819
cam_dec_y = 0.28972258300007897
cam_tilt_x = 0.0043575424372323075
cam_tilt_y = -0.02779698904260936
d_cam_ff  = -160.56956504765336
ccd_ff_dec_x = -0.023090531946849405
ccd_ff_dec_y = -0.04777513893585737
ccd_ff_tilt_x = 0.1650274556670382
ccd_ff_tilt_y = -0.5896456735513574
ccd_ff_tilt_z = 0.17186406559418782
d_ff_ccd  = -4.7853688298454395
ccd_dec_x = 0.551920511213223
ccd_dec_y = 5.106588799131275
ccd_defocus = 0.3158310344283576
ccd_tilt_x = 0.021426639548895524
ccd_tilt_y = -0.004215808753532794
ccd_tilt_z = 2.9053904368610164e-07
p = 3.347916666666667e-06