slit_dec_x_a = -0.1704592032232992
slit_dec_y_a = -0.19608710386064915
slit_dec_x_b = 0.175
slit_dec_y_b = -1.8331751896585793e-96
slit_defocus = 0.0055632503878291556
slit_tilt_x = 1.1861403842805127
slit_tilt_y = -8.54001800759423
slit_tilt_z = -8.99085517895968
d_slit_col = 1594.2944160685465
coll_tilt_x = 0.08879437372206556
coll_tilt_y = -0.03174570041574072
ech_G = 31.610697786581465
ech_blaze = -74.97714651783821
ech_gamma = 1.140526208242633
echelle_z = 0.07495715293558997
d_col_trf = -1588.0185491666302
trf_mirror_tilt_x = 0.1387065664579261
trf_mirror_tilt_y = 0.07758334674732774
d_col_grm = -0.009525899511387315
grism_dec_x = 236.43429495631975
grism_dec_y = 0.03424231855503314
grm_tilt_x = -0.015740375163475574
grm_tilt_y = 2.3043724294022336
grm_G = 222.8251836332386
grm_apex = 17.815121495249105
d_grm_cam  = 21.608481374676117
cam_dec_x = -0.30212077854847147
cam_dec_y = 0.25037493404228384
cam_tilt_x = -0.018247628964556038
cam_tilt_y = -0.01503309383611083
d_cam_ff  = -160.4009554687335
ccd_ff_dec_x = -0.0035396877770639225
ccd_ff_dec_y = 0.00014425046436710885
ccd_ff_tilt_x = 0.14599402503715858
ccd_ff_tilt_y = -0.5720741719131013
ccd_ff_tilt_z = 0.17255008630705082
d_ff_ccd  = -4.811227764777652
ccd_dec_x = 0.6206616890606584
ccd_dec_y = 5.155251140944505
ccd_defocus = 0.3163150902410215
ccd_tilt_x = 0.007755796240896821
ccd_tilt_y = -0.014008344897913907
ccd_tilt_z = 3.212144221045601e-06
p = 3.347916666666667e-06