slit_dec_x_a = -0.1704400305171854
slit_dec_y_a = -0.19586638235860743
slit_dec_x_b = 0.175
slit_dec_y_b = -2.1898579304085167e-96
slit_defocus = 0.005549058726823897
slit_tilt_x = 1.1861139755829009
slit_tilt_y = -8.539999994553433
slit_tilt_z = -8.990847483232052
d_slit_col = 1594.2944539468315
coll_tilt_x = 0.08871820936455566
coll_tilt_y = -0.03171849582657099
ech_G = 31.610676186408515
ech_blaze = -74.97692137038808
ech_gamma = 1.1404978419482175
echelle_z = 0.07487175459007527
d_col_trf = -1588.018576576415
trf_mirror_tilt_x = 0.13866119238229216
trf_mirror_tilt_y = 0.07759375966633389
d_col_grm = -0.009554843672482714
grism_dec_x = 236.43431352546298
grism_dec_y = 0.034213858468322415
grm_tilt_x = -0.015662803550058852
grm_tilt_y = 2.304382024548083
grm_G = 222.82518897674797
grm_apex = 17.8151132806838
d_grm_cam  = 21.608490464551313
cam_dec_x = -0.30216403822368354
cam_dec_y = 0.25035851529921055
cam_tilt_x = -0.018598770340474146
cam_tilt_y = -0.015052488251844274
d_cam_ff  = -160.40096595090492
ccd_ff_dec_x = -0.003534384478188128
ccd_ff_dec_y = 0.00017069328434570638
ccd_ff_tilt_x = 0.1460323539091217
ccd_ff_tilt_y = -0.5720819643244748
ccd_ff_tilt_z = 0.17260848891939196
d_ff_ccd  = -4.811245376781066
ccd_dec_x = 0.6206956330630742
ccd_dec_y = 5.155292603201596
ccd_defocus = 0.31631123260258037
ccd_tilt_x = 0.007732023997289079
ccd_tilt_y = -0.014012406538853162
ccd_tilt_z = 3.154226966659584e-06
p = 1.0548181818181817e-05