slit_dec_x_a = -0.181778666534
slit_dec_y_a = -0.18243150017
slit_dec_x_b = 0.14512077562974193
slit_dec_y_b = -0.05510809031835813
slit_defocus = -0.002197394080554645
slit_tilt_x = 1.134662701762521
slit_tilt_y = -8.568231269501247
slit_tilt_z = -9.00364107342784
d_slit_col = 1594.3039497379818
coll_tilt_x = 0.08645984255257169
coll_tilt_y = -0.021971314074284883
ech_G = 31.61095559167384
ech_blaze = -74.99575501747472
ech_gamma = 1.157990012498951
echelle_z = 0.0576017828535526
d_col_trf = -1588.0161217507375
trf_mirror_tilt_x = 0.1225196941965552
trf_mirror_tilt_y = 0.018653835637397333
d_col_grm = 0.015111504138633167
grism_dec_x = 236.39742638250692
grism_dec_y = -0.005006943662544717
grm_tilt_x = -0.025169119900974393
grm_tilt_y = 2.3268671377265795
grm_G = 222.78581903017843
grm_apex = 17.809188995918696
d_grm_cam  = 21.604607161222695
cam_dec_x = -0.2836037979049654
cam_dec_y = 0.289657724728206
cam_tilt_x = 0.004254067244954498
cam_tilt_y = -0.02778785340620001
d_cam_ff  = -160.56962921276067
ccd_ff_dec_x = -0.022797494616006008
ccd_ff_dec_y = -0.04775380903433735
ccd_ff_tilt_x = 0.16504020278647782
ccd_ff_tilt_y = -0.5895596705154141
ccd_ff_tilt_z = 0.17170560302564147
d_ff_ccd  = -4.785465320380937
ccd_dec_x = 0.5520028508316589
ccd_dec_y = 5.10616096211194
ccd_defocus = 0.3157793990509816
ccd_tilt_x = 0.02128865429068306
ccd_tilt_y = -0.004198173119634935
ccd_tilt_z = 3.797629085848598e-07
p = 3.4460833333333336e-06