slit_dec_x_a = -0.17039575034102608
slit_dec_y_a = -0.19563950660986207
slit_dec_x_b = 0.175
slit_dec_y_b = -1.7197458465969594e-96
slit_defocus = 0.005559998049015774
slit_tilt_x = 1.1860869006884405
slit_tilt_y = -8.540013064370944
slit_tilt_z = -8.99084601915159
d_slit_col = 1594.294515152347
coll_tilt_x = 0.08875318793665056
coll_tilt_y = -0.03200570515829615
ech_G = 31.610678304008132
ech_blaze = -74.97689920633204
ech_gamma = 1.1402307445907978
echelle_z = 0.07464838018536814
d_col_trf = -1588.0185118665809
trf_mirror_tilt_x = 0.1387130093404279
trf_mirror_tilt_y = 0.07750219725417017
d_col_grm = -0.009507861381382411
grism_dec_x = 236.43435085020016
grism_dec_y = 0.03416587034193698
grm_tilt_x = -0.01579760040725879
grm_tilt_y = 2.3043744398700383
grm_G = 222.82517059797556
grm_apex = 17.815106624379627
d_grm_cam  = 21.608486140992248
cam_dec_x = -0.30210322761528435
cam_dec_y = 0.2503119650244506
cam_tilt_x = -0.01863048003711181
cam_tilt_y = -0.015104527917653075
d_cam_ff  = -160.4009460690252
ccd_ff_dec_x = -0.003495507308344372
ccd_ff_dec_y = 0.0002686469808475042
ccd_ff_tilt_x = 0.14604494196192488
ccd_ff_tilt_y = -0.5720888846553533
ccd_ff_tilt_z = 0.1725806819671856
d_ff_ccd  = -4.811318367149288
ccd_dec_x = 0.6206526800928845
ccd_dec_y = 5.155285216187946
ccd_defocus = 0.31626880645501065
ccd_tilt_x = 0.0077488436883005355
ccd_tilt_y = -0.01411202843037482
ccd_tilt_z = 3.1040645485029887e-06
p = 3.4460833333333336e-06