slit_dec_x_a = -0.1704010755187174
slit_dec_y_a = -0.1956586180351446
slit_dec_x_b = 0.175
slit_dec_y_b = -1.818140009140435e-96
slit_defocus = 0.021359665502689733
slit_tilt_x = 1.1139762739983785
slit_tilt_y = -8.538362712090803
slit_tilt_z = -8.991666656071628
d_slit_col = 1594.3099257373403
coll_tilt_x = 0.11315811032050979
coll_tilt_y = -0.028979979664675807
ech_G = 31.613229543855365
ech_blaze = -74.97482991748848
ech_gamma = 1.1389797569719518
echelle_z = 0.07477448764058954
d_col_trf = -1588.01722887502
trf_mirror_tilt_x = 0.026304205195106078
trf_mirror_tilt_y = 0.16227094460156224
d_col_grm = -0.004760144708975538
grism_dec_x = 236.4233026839889
grism_dec_y = 0.03814239820142796
grm_tilt_x = -0.01405688735489225
grm_tilt_y = 2.305282871199365
grm_G = 222.8240049453896
grm_apex = 17.79105963541309
d_grm_cam  = 21.609820972445103
cam_dec_x = -0.3095864073089037
cam_dec_y = 0.24728282803759347
cam_tilt_x = -0.011060275263793228
cam_tilt_y = 0.0037430251485510023
d_cam_ff  = -160.0572857162485
ccd_ff_dec_x = -0.002608772563249324
ccd_ff_dec_y = 0.053066790542787956
ccd_ff_tilt_x = 0.01956986229960079
ccd_ff_tilt_y = -0.5728134608324819
ccd_ff_tilt_z = 0.1800601835122644
d_ff_ccd  = -4.838929866559842
ccd_dec_x = 0.6214011980937985
ccd_dec_y = 5.15715296084
ccd_defocus = 0.28075651248407885
ccd_tilt_x = 0.005064615725631204
ccd_tilt_y = -0.010875229609868564
ccd_tilt_z = 5.0534547787106726e-06
p = 0.0001