slit_dec_x_a = -0.17039839763396628
slit_dec_y_a = -0.19583214500146373
slit_dec_x_b = 0.175
slit_dec_y_b = -2.60919601481068e-96
slit_defocus = 0.005532051012690974
slit_tilt_x = 1.1860978007123495
slit_tilt_y = -8.540132797254634
slit_tilt_z = -8.990810316236583
d_slit_col = 1594.2944882406061
coll_tilt_x = 0.08846751488357998
coll_tilt_y = -0.03176122726021728
ech_G = 31.610665739312612
ech_blaze = -74.97715413832978
ech_gamma = 1.1405214416246183
echelle_z = 0.07546823574955668
d_col_trf = -1588.0186214451808
trf_mirror_tilt_x = 0.13864187326587388
trf_mirror_tilt_y = 0.07755435038968927
d_col_grm = -0.009545224006958055
grism_dec_x = 236.4343913288088
grism_dec_y = 0.03422934857022731
grm_tilt_x = -0.015812060628542193
grm_tilt_y = 2.3043564313531424
grm_G = 222.82519074560344
grm_apex = 17.815109467351956
d_grm_cam  = 21.608500087286554
cam_dec_x = -0.3021370060431447
cam_dec_y = 0.2503270999373263
cam_tilt_x = -0.018365954171750725
cam_tilt_y = -0.015029647748057354
d_cam_ff  = -160.40100641601828
ccd_ff_dec_x = -0.0035258924103410394
ccd_ff_dec_y = 0.0001546133663816419
ccd_ff_tilt_x = 0.1460170650087731
ccd_ff_tilt_y = -0.5720549489158988
ccd_ff_tilt_z = 0.17252704335084385
d_ff_ccd  = -4.8112154738477795
ccd_dec_x = 0.6206324509195297
ccd_dec_y = 5.15526370147325
ccd_defocus = 0.31635246025067526
ccd_tilt_x = 0.007806129967308986
ccd_tilt_y = -0.014018615660784753
ccd_tilt_z = 3.3508965156302778e-06
p = 4.627363636363636e-06