slit_dec_x_a = -0.1704010755187174
slit_dec_y_a = -0.1956586180351446
slit_dec_x_b = 0.175
slit_dec_y_b = -1.8555199062143557e-96
slit_defocus = 0.02143123460137203
slit_tilt_x = 1.114032289229885
slit_tilt_y = -8.538453420676348
slit_tilt_z = -8.991723824107309
d_slit_col = 1594.3100014083748
coll_tilt_x = 0.11316514516241802
coll_tilt_y = -0.02888616789080948
ech_G = 31.613234948701503
ech_blaze = -74.97483545194257
ech_gamma = 1.138973792834986
echelle_z = 0.07477158215326972
d_col_trf = -1588.0172281849414
trf_mirror_tilt_x = 0.026289777893812455
trf_mirror_tilt_y = 0.1622813846167106
d_col_grm = -0.004777166373878182
grism_dec_x = 236.42328584647908
grism_dec_y = 0.038128758579482946
grm_tilt_x = -0.01405787758387006
grm_tilt_y = 2.3052773804693976
grm_G = 222.82400288125908
grm_apex = 17.791098017632976
d_grm_cam  = 21.609818472407234
cam_dec_x = -0.309582275726288
cam_dec_y = 0.24727853924037488
cam_tilt_x = -0.011074684642232477
cam_tilt_y = 0.0037664537135466726
d_cam_ff  = -160.057287404236
ccd_ff_dec_x = -0.002599756678525326
ccd_ff_dec_y = 0.053015066731860114
ccd_ff_tilt_x = 0.01950467939409923
ccd_ff_tilt_y = -0.5728041027480243
ccd_ff_tilt_z = 0.18005525782866214
d_ff_ccd  = -4.838878157614468
ccd_dec_x = 0.621404748602496
ccd_dec_y = 5.157153265368195
ccd_defocus = 0.2807014887062288
ccd_tilt_x = 0.004977957880136372
ccd_tilt_y = -0.010960952850843683
ccd_tilt_z = 5.094803415221005e-06
p = 0.0001