slit_dec_x_a = -0.181778666534
slit_dec_y_a = -0.18243150017
slit_dec_x_b = 0.14512077562974193
slit_dec_y_b = -0.05510809031835813
slit_defocus = -0.013793947803216267
slit_tilt_x = 1.0540968401530806
slit_tilt_y = -8.559944572504
slit_tilt_z = -9.026785948174053
d_slit_col = 1594.2902363083958
coll_tilt_x = 0.12141171626570205
coll_tilt_y = -0.026521198046311922
ech_G = 31.614563190410294
ech_blaze = -74.99489266340899
ech_gamma = 1.1556308861468865
echelle_z = 0.05700315576004491
d_col_trf = -1588.0163674175894
trf_mirror_tilt_x = 0.007297682348387006
trf_mirror_tilt_y = 0.15552248460913765
d_col_grm = 0.03558689326909839
grism_dec_x = 236.38322240357087
grism_dec_y = 0.009169864413646067
grm_tilt_x = -0.02350757475184933
grm_tilt_y = 2.325790659231933
grm_G = 222.784068204448
grm_apex = 17.76650710625742
d_grm_cam  = 21.604693305872466
cam_dec_x = -0.2710650182811572
cam_dec_y = 0.2909244367361257
cam_tilt_x = 0.012464334896177239
cam_tilt_y = 0.008819076050047373
d_cam_ff  = -160.07698042350097
ccd_ff_dec_x = -0.02380212571263466
ccd_ff_dec_y = 0.04201254870741279
ccd_ff_tilt_x = 0.03345125401766697
ccd_ff_tilt_y = -0.5909776541782755
ccd_ff_tilt_z = 0.17191764379776223
d_ff_ccd  = -4.815972433584427
ccd_dec_x = 0.5532983098961561
ccd_dec_y = 5.107638482900221
ccd_defocus = 0.2858368919945361
ccd_tilt_x = 0.032594928335568985
ccd_tilt_y = -0.002158520040408399
ccd_tilt_z = 4.6797759627891225e-06
p = 0.0001