slit_dec_x_a = -0.181778666534
slit_dec_y_a = -0.18243150017
slit_dec_x_b = 0.14512077562974193
slit_dec_y_b = -0.05510809031835813
slit_defocus = -0.002203722948560121
slit_tilt_x = 1.1346879914070658
slit_tilt_y = -8.568287834069544
slit_tilt_z = -9.003623791312759
d_slit_col = 1594.303912972173
coll_tilt_x = 0.08642474139339192
coll_tilt_y = -0.02203047786622073
ech_G = 31.610923396217895
ech_blaze = -74.99577412209278
ech_gamma = 1.158164079137356
echelle_z = 0.05722420213432947
d_col_trf = -1588.0162656233108
trf_mirror_tilt_x = 0.12252590633340774
trf_mirror_tilt_y = 0.01867961627232232
d_col_grm = 0.015005382507658616
grism_dec_x = 236.39749202931142
grism_dec_y = -0.0050251765544605505
grm_tilt_x = -0.02472913798877065
grm_tilt_y = 2.3274269585554648
grm_G = 222.78574001100003
grm_apex = 17.809138910055722
d_grm_cam  = 21.60449600092421
cam_dec_x = -0.28362793009135745
cam_dec_y = 0.2897210191754319
cam_tilt_x = 0.004329815134075715
cam_tilt_y = -0.02779909360687598
d_cam_ff  = -160.569754595569
ccd_ff_dec_x = -0.022821235201331082
ccd_ff_dec_y = -0.04778262555282522
ccd_ff_tilt_x = 0.1650586194808678
ccd_ff_tilt_y = -0.5895600315334601
ccd_ff_tilt_z = 0.17179769633959685
d_ff_ccd  = -4.785377147685654
ccd_dec_x = 0.5519086885628843
ccd_dec_y = 5.106401052732241
ccd_defocus = 0.31578059732246483
ccd_tilt_x = 0.02138819981869798
ccd_tilt_y = -0.004197245493886795
ccd_tilt_z = 2.704151436646156e-07
p = 1.294181818181818e-05