slit_dec_x_a = -0.1704010755187174
slit_dec_y_a = -0.1956586180351446
slit_dec_x_b = 0.175
slit_dec_y_b = -1.7877236738849648e-96
slit_defocus = 0.021366334172637752
slit_tilt_x = 1.1140323499910443
slit_tilt_y = -8.538445085168984
slit_tilt_z = -8.991585596112229
d_slit_col = 1594.3099538615172
coll_tilt_x = 0.11314966838146934
coll_tilt_y = -0.028870925285275028
ech_G = 31.613230421522637
ech_blaze = -74.97483675664782
ech_gamma = 1.1389701831028223
echelle_z = 0.07477509278516678
d_col_trf = -1588.0172345884957
trf_mirror_tilt_x = 0.026329921643625225
trf_mirror_tilt_y = 0.1622551319291294
d_col_grm = -0.0048490393666746155
grism_dec_x = 236.42337630306136
grism_dec_y = 0.03818810410988623
grm_tilt_x = -0.014055883694132932
grm_tilt_y = 2.3052684570283084
grm_G = 222.82400257181712
grm_apex = 17.791050928429502
d_grm_cam  = 21.60982052059096
cam_dec_x = -0.309482209259621
cam_dec_y = 0.24728023112305794
cam_tilt_x = -0.011071821641987922
cam_tilt_y = 0.0037217148717894953
d_cam_ff  = -160.0572364422199
ccd_ff_dec_x = -0.002605723090751389
ccd_ff_dec_y = 0.05304415924885121
ccd_ff_tilt_x = 0.0194310412404759
ccd_ff_tilt_y = -0.5728064175637688
ccd_ff_tilt_z = 0.18005709602777592
d_ff_ccd  = -4.838926670539646
ccd_dec_x = 0.6214020244231022
ccd_dec_y = 5.157149021555428
ccd_defocus = 0.2807352808135212
ccd_tilt_x = 0.00505149651858631
ccd_tilt_y = -0.010875474386116244
ccd_tilt_z = 5.0574667489470704e-06
p = 0.0001