slit_dec_x_a = -0.181778666534
slit_dec_y_a = -0.18243150017
slit_dec_x_b = 0.14512077562974193
slit_dec_y_b = -0.05510809031835813
slit_defocus = -0.0137279842869947
slit_tilt_x = 1.0540642701506089
slit_tilt_y = -8.560054005013956
slit_tilt_z = -9.026835675491816
d_slit_col = 1594.290272203042
coll_tilt_x = 0.1214286357266384
coll_tilt_y = -0.026565714679613387
ech_G = 31.614564828373332
ech_blaze = -74.99488643810541
ech_gamma = 1.1556370369943672
echelle_z = 0.057003611586226764
d_col_trf = -1588.016358823904
trf_mirror_tilt_x = 0.007304574272147932
trf_mirror_tilt_y = 0.15542220695929587
d_col_grm = 0.0357186120917818
grism_dec_x = 236.3832339219449
grism_dec_y = 0.009194274883980412
grm_tilt_x = -0.023505906036822784
grm_tilt_y = 2.325787846148711
grm_G = 222.78406773905988
grm_apex = 17.766497199272553
d_grm_cam  = 21.604698260186815
cam_dec_x = -0.27109523845092987
cam_dec_y = 0.29090236561442945
cam_tilt_x = 0.012404122267612401
cam_tilt_y = 0.008811889573523808
d_cam_ff  = -160.07672000251185
ccd_ff_dec_x = -0.023803239318819745
ccd_ff_dec_y = 0.042115792875091776
ccd_ff_tilt_x = 0.033511422753576804
ccd_ff_tilt_y = -0.5909847894438675
ccd_ff_tilt_z = 0.1719179461045383
d_ff_ccd  = -4.816004298257061
ccd_dec_x = 0.553303654638902
ccd_dec_y = 5.107627757410664
ccd_defocus = 0.28575056797706233
ccd_tilt_x = 0.03257470652253356
ccd_tilt_y = -0.0020850904831466108
ccd_tilt_z = 4.703391786850392e-06
p = 0.0001