slit_dec_x_a = -0.17043686918542358
slit_dec_y_a = -0.19592586218677976
slit_dec_x_b = 0.175
slit_dec_y_b = -2.0778543442719693e-96
slit_defocus = 0.005549749874200039
slit_tilt_x = 1.186105002388837
slit_tilt_y = -8.540000216392494
slit_tilt_z = -8.990840060263873
d_slit_col = 1594.2944567387437
coll_tilt_x = 0.08871771399674654
coll_tilt_y = -0.03173334212559615
ech_G = 31.610675955760303
ech_blaze = -74.97688861316325
ech_gamma = 1.1404909427815186
echelle_z = 0.07484309539573938
d_col_trf = -1588.0185760882098
trf_mirror_tilt_x = 0.13867070007299603
trf_mirror_tilt_y = 0.07758400674487383
d_col_grm = -0.009550426346454513
grism_dec_x = 236.4343177302798
grism_dec_y = 0.034208126433918275
grm_tilt_x = -0.015697263507764143
grm_tilt_y = 2.304381234656199
grm_G = 222.82518728350965
grm_apex = 17.81510805655729
d_grm_cam  = 21.608480587449836
cam_dec_x = -0.3021644674146809
cam_dec_y = 0.25036525505676444
cam_tilt_x = -0.018634057269238804
cam_tilt_y = -0.015043489553144742
d_cam_ff  = -160.40096798490765
ccd_ff_dec_x = -0.0035365330538649643
ccd_ff_dec_y = 0.00016847979465344057
ccd_ff_tilt_x = 0.14603087369437623
ccd_ff_tilt_y = -0.572085369823849
ccd_ff_tilt_z = 0.17261088995543264
d_ff_ccd  = -4.811244787090086
ccd_dec_x = 0.6206977459724355
ccd_dec_y = 5.155298909859713
ccd_defocus = 0.31630791335155184
ccd_tilt_x = 0.007732789710844845
ccd_tilt_y = -0.014011402835910252
ccd_tilt_z = 3.1389581470113204e-06
p = 1.0943333333333334e-05