slit_dec_x_a = -0.181778666534
slit_dec_y_a = -0.18243150017
slit_dec_x_b = 0.14512077562974193
slit_dec_y_b = -0.05510809031835813
slit_defocus = -0.013796373805832537
slit_tilt_x = 1.0541190328839538
slit_tilt_y = -8.559914241808231
slit_tilt_z = -9.026876982829775
d_slit_col = 1594.2902923124975
coll_tilt_x = 0.12143784501059007
coll_tilt_y = -0.026496261539415283
ech_G = 31.61456731528045
ech_blaze = -74.9948787985792
ech_gamma = 1.1556463685511718
echelle_z = 0.057001513579021924
d_col_trf = -1588.0163643094766
trf_mirror_tilt_x = 0.00733499752922228
trf_mirror_tilt_y = 0.1554381895223611
d_col_grm = 0.03573274147185293
grism_dec_x = 236.3832052372135
grism_dec_y = 0.009289300151501794
grm_tilt_x = -0.02350218751581384
grm_tilt_y = 2.3257872469849925
grm_G = 222.7840701062612
grm_apex = 17.76662537856403
d_grm_cam  = 21.604706735860166
cam_dec_x = -0.2711178560503646
cam_dec_y = 0.29086462477210967
cam_tilt_x = 0.012452776843817915
cam_tilt_y = 0.008765319776695084
d_cam_ff  = -160.07714449060842
ccd_ff_dec_x = -0.02379930969593357
ccd_ff_dec_y = 0.04199993495345094
ccd_ff_tilt_x = 0.03356287631274191
ccd_ff_tilt_y = -0.5909868859527952
ccd_ff_tilt_z = 0.17191877919982673
d_ff_ccd  = -4.815986759149368
ccd_dec_x = 0.5533056798592182
ccd_dec_y = 5.107629300647926
ccd_defocus = 0.2857495181463541
ccd_tilt_x = 0.03256600870964928
ccd_tilt_y = -0.0021773217822572055
ccd_tilt_z = 4.707256476108653e-06
p = 0.0001