slit_dec_x_a = -0.1704225230873471
slit_dec_y_a = -0.19582315388034838
slit_dec_x_b = 0.175
slit_dec_y_b = -2.4720733334044024e-96
slit_defocus = 0.005514043909425468
slit_tilt_x = 1.186121067094122
slit_tilt_y = -8.540103495526795
slit_tilt_z = -8.990831451373465
d_slit_col = 1594.294434366016
coll_tilt_x = 0.0885464573814368
coll_tilt_y = -0.031850082120010906
ech_G = 31.61065401614211
ech_blaze = -74.97702175324943
ech_gamma = 1.140380033142775
echelle_z = 0.07538624938867924
d_col_trf = -1588.018588349545
trf_mirror_tilt_x = 0.13866424995027798
trf_mirror_tilt_y = 0.07752757402624649
d_col_grm = -0.009530645176490951
grism_dec_x = 236.43433069378722
grism_dec_y = 0.034242129815099324
grm_tilt_x = -0.015847816484864653
grm_tilt_y = 2.304348264726283
grm_G = 222.8251904115192
grm_apex = 17.815118608052565
d_grm_cam  = 21.608486332145727
cam_dec_x = -0.30210678240107885
cam_dec_y = 0.25034767395026775
cam_tilt_x = -0.018269885407744848
cam_tilt_y = -0.01502026195159227
d_cam_ff  = -160.40096111374987
ccd_ff_dec_x = -0.003537506603461762
ccd_ff_dec_y = 0.0001866566529890654
ccd_ff_tilt_x = 0.14600333971037283
ccd_ff_tilt_y = -0.5720078616395003
ccd_ff_tilt_z = 0.17255616504373578
d_ff_ccd  = -4.811226227306911
ccd_dec_x = 0.6206513432352075
ccd_dec_y = 5.15528299894236
ccd_defocus = 0.31632952561956523
ccd_tilt_x = 0.007786344010495192
ccd_tilt_y = -0.014002796994705904
ccd_tilt_z = 3.281245123317955e-06
p = 1.1691666666666667e-05