slit_dec_x_a = -0.1704010755187174
slit_dec_y_a = -0.1956586180351446
slit_dec_x_b = 0.175
slit_dec_y_b = -1.873821951590868e-96
slit_defocus = 0.02143720601868269
slit_tilt_x = 1.114063197374961
slit_tilt_y = -8.538461382362424
slit_tilt_z = -8.99167164649538
d_slit_col = 1594.309919245601
coll_tilt_x = 0.11324641800042283
coll_tilt_y = -0.028906240546614323
ech_G = 31.613229529321956
ech_blaze = -74.9748304671444
ech_gamma = 1.138975356340343
echelle_z = 0.07477052215500854
d_col_trf = -1588.0172298690413
trf_mirror_tilt_x = 0.026306529662575313
trf_mirror_tilt_y = 0.16228994068696184
d_col_grm = -0.004818118087180228
grism_dec_x = 236.42326669505255
grism_dec_y = 0.038144034266295805
grm_tilt_x = -0.014055833267451282
grm_tilt_y = 2.305274621793843
grm_G = 222.8240067904147
grm_apex = 17.79102862191385
d_grm_cam  = 21.609822721569397
cam_dec_x = -0.3095353870902849
cam_dec_y = 0.24727674288436624
cam_tilt_x = -0.01104016882105802
cam_tilt_y = 0.0037998143733407523
d_cam_ff  = -160.0575734699809
ccd_ff_dec_x = -0.00259792341614971
ccd_ff_dec_y = 0.05301542088070782
ccd_ff_tilt_x = 0.019538175326986634
ccd_ff_tilt_y = -0.5727966482958343
ccd_ff_tilt_z = 0.1800508870283197
d_ff_ccd  = -4.838936582338574
ccd_dec_x = 0.6214111406378222
ccd_dec_y = 5.157145655550217
ccd_defocus = 0.28070956300708483
ccd_tilt_x = 0.005042539503622823
ccd_tilt_y = -0.010882915284960569
ccd_tilt_z = 5.052523909298634e-06
p = 0.0001