slit_dec_x_a = -0.17039511063272156
slit_dec_y_a = -0.19576407893000936
slit_dec_x_b = 0.175
slit_dec_y_b = -1.7010068887114717e-96
slit_defocus = 0.005592049894977702
slit_tilt_x = 1.186118470835414
slit_tilt_y = -8.539994599653044
slit_tilt_z = -8.990847385723775
d_slit_col = 1594.2944846101557
coll_tilt_x = 0.08873951512349773
coll_tilt_y = -0.031990722265491454
ech_G = 31.610665569307702
ech_blaze = -74.97688943726466
ech_gamma = 1.1402550013949226
echelle_z = 0.07476002339440185
d_col_trf = -1588.0185167276275
trf_mirror_tilt_x = 0.138703910804527
trf_mirror_tilt_y = 0.07753001539690815
d_col_grm = -0.009518277999999564
grism_dec_x = 236.4343535780232
grism_dec_y = 0.034170439374183986
grm_tilt_x = -0.01581232102333388
grm_tilt_y = 2.304374547051357
grm_G = 222.82518269225588
grm_apex = 17.815090309375112
d_grm_cam  = 21.60849933607935
cam_dec_x = -0.30210028565794167
cam_dec_y = 0.25033478488605587
cam_tilt_x = -0.018565104920982747
cam_tilt_y = -0.015100515115444005
d_cam_ff  = -160.4009578893196
ccd_ff_dec_x = -0.0035066881117527733
ccd_ff_dec_y = 0.0002585945298555545
ccd_ff_tilt_x = 0.14602931478141046
ccd_ff_tilt_y = -0.5720805327460678
ccd_ff_tilt_z = 0.17258601881974098
d_ff_ccd  = -4.811324748070209
ccd_dec_x = 0.6206766851880542
ccd_dec_y = 5.15527629265814
ccd_defocus = 0.3162637713824138
ccd_tilt_x = 0.00774589166285097
ccd_tilt_y = -0.014101582385409688
ccd_tilt_z = 3.117968141051652e-06
p = 4.4191666666666666e-06