slit_dec_x_a = -0.17037063439603745
slit_dec_y_a = -0.19579413954010927
slit_dec_x_b = 0.175
slit_dec_y_b = -2.5553264841447137e-96
slit_defocus = 0.005523498803516689
slit_tilt_x = 1.186137945227513
slit_tilt_y = -8.540118083314466
slit_tilt_z = -8.990819847542792
d_slit_col = 1594.294462156484
coll_tilt_x = 0.08853599857372921
coll_tilt_y = -0.03176083392991364
ech_G = 31.610680975228224
ech_blaze = -74.97717853091565
ech_gamma = 1.1405083862734735
echelle_z = 0.07549577126120133
d_col_trf = -1588.0185991218582
trf_mirror_tilt_x = 0.13865224494458467
trf_mirror_tilt_y = 0.07754893610016995
d_col_grm = -0.009518254618996157
grism_dec_x = 236.43434821455062
grism_dec_y = 0.03424965905021933
grm_tilt_x = -0.01583511839287404
grm_tilt_y = 2.3043719763891537
grm_G = 222.8251957342559
grm_apex = 17.815137835119074
d_grm_cam  = 21.608484556475243
cam_dec_x = -0.3021181377495901
cam_dec_y = 0.25033873505952203
cam_tilt_x = -0.018398726028080473
cam_tilt_y = -0.015030778074897775
d_cam_ff  = -160.40099226676938
ccd_ff_dec_x = -0.003549410904487756
ccd_ff_dec_y = 0.0001646486810585961
ccd_ff_tilt_x = 0.14601938537238185
ccd_ff_tilt_y = -0.5720257285524292
ccd_ff_tilt_z = 0.1725303105104542
d_ff_ccd  = -4.811227026064551
ccd_dec_x = 0.6206403746126335
ccd_dec_y = 5.155300089504666
ccd_defocus = 0.31632526426506496
ccd_tilt_x = 0.0077903909952453465
ccd_tilt_y = -0.014007694078524813
ccd_tilt_z = 3.3538653223485955e-06
p = 2.2758333333333337e-06