slit_dec_x_a = -0.1704010755187174
slit_dec_y_a = -0.1956586180351446
slit_dec_x_b = 0.175
slit_dec_y_b = -1.8326768313610563e-96
slit_defocus = 0.02136429346812449
slit_tilt_x = 1.1140310892755692
slit_tilt_y = -8.538470175853588
slit_tilt_z = -8.991616715290277
d_slit_col = 1594.3099646906257
coll_tilt_x = 0.11314162111631869
coll_tilt_y = -0.028901302279986277
ech_G = 31.613231429571304
ech_blaze = -74.97483468264146
ech_gamma = 1.1389768728566965
echelle_z = 0.074778874158311
d_col_trf = -1588.0172233341975
trf_mirror_tilt_x = 0.02628272351828401
trf_mirror_tilt_y = 0.16222288504128218
d_col_grm = -0.004808167461713018
grism_dec_x = 236.42330429559476
grism_dec_y = 0.038166694266349235
grm_tilt_x = -0.014051115559622901
grm_tilt_y = 2.3052785006007244
grm_G = 222.82400000753785
grm_apex = 17.79101412938102
d_grm_cam  = 21.609821385622705
cam_dec_x = -0.3095638600369897
cam_dec_y = 0.24728161053162798
cam_tilt_x = -0.011093720328994153
cam_tilt_y = 0.0037797959124674127
d_cam_ff  = -160.05800233326272
ccd_ff_dec_x = -0.0025977897472104724
ccd_ff_dec_y = 0.053039861142981225
ccd_ff_tilt_x = 0.019520369851769307
ccd_ff_tilt_y = -0.5728041403602735
ccd_ff_tilt_z = 0.18005142151344053
d_ff_ccd  = -4.83898056219259
ccd_dec_x = 0.6214097485098354
ccd_dec_y = 5.1571420930303065
ccd_defocus = 0.280684247639557
ccd_tilt_x = 0.0050355959552274435
ccd_tilt_y = -0.010935315716973159
ccd_tilt_z = 5.098075903189741e-06
p = 0.0001