slit_dec_x_a = -0.181778666534
slit_dec_y_a = -0.18243150017
slit_dec_x_b = 0.14512077562974193
slit_dec_y_b = -0.05510809031835813
slit_defocus = -0.013800286276391495
slit_tilt_x = 1.054051132032254
slit_tilt_y = -8.559986339318836
slit_tilt_z = -9.026937514660075
d_slit_col = 1594.2902285160435
coll_tilt_x = 0.12146678470642513
coll_tilt_y = -0.026522649873119565
ech_G = 31.61456911333291
ech_blaze = -74.9948870480863
ech_gamma = 1.1556459261909173
echelle_z = 0.057008560882057545
d_col_trf = -1588.0163608241467
trf_mirror_tilt_x = 0.00731570686978891
trf_mirror_tilt_y = 0.15544544898714432
d_col_grm = 0.03567684930770755
grism_dec_x = 236.38326342202683
grism_dec_y = 0.009221662089278838
grm_tilt_x = -0.023501952542756027
grm_tilt_y = 2.3257951024230534
grm_G = 222.7840669952885
grm_apex = 17.766511386519483
d_grm_cam  = 21.604698206187688
cam_dec_x = -0.27107620048636766
cam_dec_y = 0.29088882845445485
cam_tilt_x = 0.01245752030160817
cam_tilt_y = 0.00878984276609113
d_cam_ff  = -160.07700897883097
ccd_ff_dec_x = -0.023791678075337306
ccd_ff_dec_y = 0.04210255165390515
ccd_ff_tilt_x = 0.03345945245132742
ccd_ff_tilt_y = -0.5909793839500994
ccd_ff_tilt_z = 0.17192683034314665
d_ff_ccd  = -4.8159623852164515
ccd_dec_x = 0.5533012333148037
ccd_dec_y = 5.107633868534876
ccd_defocus = 0.2857971234577406
ccd_tilt_x = 0.03257745218756036
ccd_tilt_y = -0.0021102906399865454
ccd_tilt_z = 4.711423582533933e-06
p = 0.0001