slit_dec_x_a = -0.1704467761765414
slit_dec_y_a = -0.19610719185158468
slit_dec_x_b = 0.175
slit_dec_y_b = -2.2568909463691605e-96
slit_defocus = 0.005525968871546584
slit_tilt_x = 1.1861118291201684
slit_tilt_y = -8.54007610959272
slit_tilt_z = -8.990866072609961
d_slit_col = 1594.2944509514473
coll_tilt_x = 0.08878428201039101
coll_tilt_y = -0.03175541886919574
ech_G = 31.61068574481846
ech_blaze = -74.97703398861766
ech_gamma = 1.1405089711054393
echelle_z = 0.07530715171511361
d_col_trf = -1588.0185478804601
trf_mirror_tilt_x = 0.13869663708016128
trf_mirror_tilt_y = 0.07754230155636785
d_col_grm = -0.009530882924388029
grism_dec_x = 236.43431533897788
grism_dec_y = 0.034235843726490266
grm_tilt_x = -0.015960641559884303
grm_tilt_y = 2.304371837423702
grm_G = 222.82520551443017
grm_apex = 17.815132685469734
d_grm_cam  = 21.60849772882922
cam_dec_x = -0.3021108662539247
cam_dec_y = 0.25034344018977595
cam_tilt_x = -0.018060843157280636
cam_tilt_y = -0.015001915831492015
d_cam_ff  = -160.40095471309223
ccd_ff_dec_x = -0.003541344630562481
ccd_ff_dec_y = 0.00013391801844008793
ccd_ff_tilt_x = 0.14604962141077873
ccd_ff_tilt_y = -0.5720482729113467
ccd_ff_tilt_z = 0.17256860704302507
d_ff_ccd  = -4.811233266432755
ccd_dec_x = 0.6206433892552966
ccd_dec_y = 5.155278970966966
ccd_defocus = 0.3163172715478998
ccd_tilt_x = 0.007820020897965718
ccd_tilt_y = -0.014020263129378475
ccd_tilt_z = 3.2761646685551715e-06
p = 5.981666666666665e-06