slit_dec_x_a = -0.181778666534
slit_dec_y_a = -0.18243150017
slit_dec_x_b = 0.14512077562974193
slit_dec_y_b = -0.05510809031835813
slit_defocus = -0.0021978271855493023
slit_tilt_x = 1.134701224935391
slit_tilt_y = -8.568326270896453
slit_tilt_z = -9.003615816883006
d_slit_col = 1594.303948820761
coll_tilt_x = 0.0864723377576681
coll_tilt_y = -0.02204232798315325
ech_G = 31.610889897341178
ech_blaze = -74.9955177161509
ech_gamma = 1.1581037174751072
echelle_z = 0.0568815870945544
d_col_trf = -1588.0162568012956
trf_mirror_tilt_x = 0.12252433606068555
trf_mirror_tilt_y = 0.018732389492959738
d_col_grm = 0.014995689561470326
grism_dec_x = 236.397483122426
grism_dec_y = -0.005038693710585415
grm_tilt_x = -0.02459981161716086
grm_tilt_y = 2.3272238452130396
grm_G = 222.78580440705088
grm_apex = 17.80912298465225
d_grm_cam  = 21.60453206128781
cam_dec_x = -0.2836318656913527
cam_dec_y = 0.28976724580185587
cam_tilt_x = 0.004276641277149968
cam_tilt_y = -0.027804037390872796
d_cam_ff  = -160.56964009632497
ccd_ff_dec_x = -0.022843691875793513
ccd_ff_dec_y = -0.04779189456572628
ccd_ff_tilt_x = 0.16502121721951857
ccd_ff_tilt_y = -0.5895014460570615
ccd_ff_tilt_z = 0.17182523185757417
d_ff_ccd  = -4.785382734928343
ccd_dec_x = 0.5518946074192975
ccd_dec_y = 5.106515235152792
ccd_defocus = 0.31582216788729967
ccd_tilt_x = 0.02142166522806969
ccd_tilt_y = -0.004212488667861624
ccd_tilt_z = 2.931039004194964e-07
p = 5.981666666666665e-06