slit_dec_x_a = -0.181778666534
slit_dec_y_a = -0.18243150017
slit_dec_x_b = 0.14512077562974193
slit_dec_y_b = -0.05510809031835813
slit_defocus = -0.01379159553815105
slit_tilt_x = 1.054142136638418
slit_tilt_y = -8.559939809760468
slit_tilt_z = -9.02684728343546
d_slit_col = 1594.2902565529375
coll_tilt_x = 0.12144258124507384
coll_tilt_y = -0.02648580375762551
ech_G = 31.614559403760932
ech_blaze = -74.99489332264353
ech_gamma = 1.1556401903173528
echelle_z = 0.0570082076088087
d_col_trf = -1588.0163602275552
trf_mirror_tilt_x = 0.007290643692956001
trf_mirror_tilt_y = 0.15547172034644938
d_col_grm = 0.03563301708204702
grism_dec_x = 236.3832136370161
grism_dec_y = 0.009244662651970721
grm_tilt_x = -0.023506303508532056
grm_tilt_y = 2.3257865110167
grm_G = 222.7840757705386
grm_apex = 17.76649655175979
d_grm_cam  = 21.604704231003424
cam_dec_x = -0.27110592205761597
cam_dec_y = 0.2908748074456584
cam_tilt_x = 0.012450604680801773
cam_tilt_y = 0.008884756414270249
d_cam_ff  = -160.07700636340232
ccd_ff_dec_x = -0.02379742971254595
ccd_ff_dec_y = 0.042025568126042884
ccd_ff_tilt_x = 0.03349178640331762
ccd_ff_tilt_y = -0.5909805197669411
ccd_ff_tilt_z = 0.17191336377817573
d_ff_ccd  = -4.815958820930647
ccd_dec_x = 0.5532963992129991
ccd_dec_y = 5.107633021986657
ccd_defocus = 0.2857801484694552
ccd_tilt_x = 0.03260224739526834
ccd_tilt_y = -0.0021686887536617413
ccd_tilt_z = 4.714757888594693e-06
p = 0.0001