slit_dec_x_a = -0.181778666534
slit_dec_y_a = -0.18243150017
slit_dec_x_b = 0.14512077562974193
slit_dec_y_b = -0.05510809031835813
slit_defocus = -0.0022055023548228493
slit_tilt_x = 1.1346640213070738
slit_tilt_y = -8.568240409812654
slit_tilt_z = -9.00363093513032
d_slit_col = 1594.3039779774629
coll_tilt_x = 0.08646829120922102
coll_tilt_y = -0.022001560369650116
ech_G = 31.610886687903967
ech_blaze = -74.9955163426536
ech_gamma = 1.1581601456211428
echelle_z = 0.057591696830059706
d_col_trf = -1588.0162527906928
trf_mirror_tilt_x = 0.12252417852928071
trf_mirror_tilt_y = 0.01863283104551003
d_col_grm = 0.015086151074545431
grism_dec_x = 236.39744212916256
grism_dec_y = -0.005020148629569705
grm_tilt_x = -0.02483184517606116
grm_tilt_y = 2.327305035888553
grm_G = 222.7857366052579
grm_apex = 17.809222568970043
d_grm_cam  = 21.604541376584404
cam_dec_x = -0.2835656019308828
cam_dec_y = 0.28973464787550474
cam_tilt_x = 0.004337348930808356
cam_tilt_y = -0.02781803435905801
d_cam_ff  = -160.56991111369686
ccd_ff_dec_x = -0.02279744969031575
ccd_ff_dec_y = -0.04779530124834777
ccd_ff_tilt_x = 0.1650356815708465
ccd_ff_tilt_y = -0.5897334145354493
ccd_ff_tilt_z = 0.17172246341961367
d_ff_ccd  = -4.78541933698776
ccd_dec_x = 0.551828604755997
ccd_dec_y = 5.106099166388627
ccd_defocus = 0.31574373942027595
ccd_tilt_x = 0.02134558318199044
ccd_tilt_y = -0.004198068057245028
ccd_tilt_z = 3.649967115656867e-07
p = 1.1285833333333333e-05