slit_dec_x_a = -0.1703983995781341
slit_dec_y_a = -0.1959673576676678
slit_dec_x_b = 0.175
slit_dec_y_b = -1.4769327975064998e-96
slit_defocus = 0.0055980599105014
slit_tilt_x = 1.1861433186091963
slit_tilt_y = -8.540046678781566
slit_tilt_z = -8.990844178667315
d_slit_col = 1594.2944828029222
coll_tilt_x = 0.08871209474031125
coll_tilt_y = -0.03189040402772893
ech_G = 31.61065481920648
ech_blaze = -74.97684636972396
ech_gamma = 1.1403552622175603
echelle_z = 0.07471564973845123
d_col_trf = -1588.018550592891
trf_mirror_tilt_x = 0.1386637531184547
trf_mirror_tilt_y = 0.07750963521546868
d_col_grm = -0.009523599211216613
grism_dec_x = 236.43431928014365
grism_dec_y = 0.03417451500568489
grm_tilt_x = -0.015848925886447762
grm_tilt_y = 2.3043828712012067
grm_G = 222.82516770427463
grm_apex = 17.815116439733206
d_grm_cam  = 21.608481062745994
cam_dec_x = -0.3021171088834538
cam_dec_y = 0.2503161806586325
cam_tilt_x = -0.018433534426282587
cam_tilt_y = -0.015069595615628881
d_cam_ff  = -160.4009726775962
ccd_ff_dec_x = -0.003519904627765402
ccd_ff_dec_y = 0.00024076397957507713
ccd_ff_tilt_x = 0.14605968768257585
ccd_ff_tilt_y = -0.5720774262354514
ccd_ff_tilt_z = 0.17257883366401727
d_ff_ccd  = -4.811283615721164
ccd_dec_x = 0.6206549109137134
ccd_dec_y = 5.15529492814073
ccd_defocus = 0.31629005961570084
ccd_tilt_x = 0.007710494850299474
ccd_tilt_y = -0.014122008743684107
ccd_tilt_z = 3.0872988303167093e-06
p = 1.1285833333333333e-05