slit_dec_x_a = -0.1704010755187174
slit_dec_y_a = -0.1956586180351446
slit_dec_x_b = 0.175
slit_dec_y_b = -1.8579556791809584e-96
slit_defocus = 0.021374151689712552
slit_tilt_x = 1.113997824779887
slit_tilt_y = -8.538393536437233
slit_tilt_z = -8.991655249330838
d_slit_col = 1594.3099570362
coll_tilt_x = 0.11322367952008017
coll_tilt_y = -0.02895867489347169
ech_G = 31.613233920293
ech_blaze = -74.9748228561737
ech_gamma = 1.138980434230298
echelle_z = 0.0747708623055357
d_col_trf = -1588.0172304025252
trf_mirror_tilt_x = 0.026260648042941988
trf_mirror_tilt_y = 0.16213659334873717
d_col_grm = -0.004840170990593391
grism_dec_x = 236.42327549027237
grism_dec_y = 0.03818030125732051
grm_tilt_x = -0.014056911623777087
grm_tilt_y = 2.305281106426056
grm_G = 222.82399315121083
grm_apex = 17.791027254635477
d_grm_cam  = 21.60981470825496
cam_dec_x = -0.3094944852248883
cam_dec_y = 0.24736185690587975
cam_tilt_x = -0.011056073338989066
cam_tilt_y = 0.003793404395718653
d_cam_ff  = -160.05749654382114
ccd_ff_dec_x = -0.00259951244273484
ccd_ff_dec_y = 0.05304832845886131
ccd_ff_tilt_x = 0.019557652951228514
ccd_ff_tilt_y = -0.5727977864549396
ccd_ff_tilt_z = 0.18005404593590985
d_ff_ccd  = -4.838956080990101
ccd_dec_x = 0.621399201752134
ccd_dec_y = 5.157148119716707
ccd_defocus = 0.2807050219077824
ccd_tilt_x = 0.005064403681628069
ccd_tilt_y = -0.010880476619401822
ccd_tilt_z = 5.030415839734083e-06
p = 0.0001