slit_dec_x_a = -0.17046836648730118
slit_dec_y_a = -0.1960878365957876
slit_dec_x_b = 0.175
slit_dec_y_b = -1.9899302223160157e-96
slit_defocus = 0.005561604613998318
slit_tilt_x = 1.186117799698532
slit_tilt_y = -8.540030934960708
slit_tilt_z = -8.990864925542006
d_slit_col = 1594.2944348343342
coll_tilt_x = 0.08872099170634173
coll_tilt_y = -0.03176101269616493
ech_G = 31.610693201179995
ech_blaze = -74.97720217613131
ech_gamma = 1.1405422707524302
echelle_z = 0.07493273930423354
d_col_trf = -1588.0185588849004
trf_mirror_tilt_x = 0.1387093639379794
trf_mirror_tilt_y = 0.07759625025925143
d_col_grm = -0.009518588413014898
grism_dec_x = 236.43428501460807
grism_dec_y = 0.03422061043985213
grm_tilt_x = -0.015834878352296463
grm_tilt_y = 2.304375631283504
grm_G = 222.82519867046378
grm_apex = 17.81511040649263
d_grm_cam  = 21.608479321047653
cam_dec_x = -0.3021151897947332
cam_dec_y = 0.2503956037133255
cam_tilt_x = -0.01813921352889012
cam_tilt_y = -0.015018253668020736
d_cam_ff  = -160.4009562342716
ccd_ff_dec_x = -0.003534759701562274
ccd_ff_dec_y = 0.0001483835038523731
ccd_ff_tilt_x = 0.14597282945746906
ccd_ff_tilt_y = -0.5720577670839808
ccd_ff_tilt_z = 0.1725591016208676
d_ff_ccd  = -4.811229421615572
ccd_dec_x = 0.6206446662082074
ccd_dec_y = 5.155248341839933
ccd_defocus = 0.316322956956038
ccd_tilt_x = 0.00774828872899086
ccd_tilt_y = -0.014003144276805594
ccd_tilt_z = 3.251024171068341e-06
p = 5.014272727272727e-06