slit_dec_x_a = -0.181778666534
slit_dec_y_a = -0.18243150017
slit_dec_x_b = 0.14512077562974193
slit_dec_y_b = -0.05510809031835813
slit_defocus = -0.013805680442952342
slit_tilt_x = 1.054076208084344
slit_tilt_y = -8.559999833060456
slit_tilt_z = -9.026900517038333
d_slit_col = 1594.290264116647
coll_tilt_x = 0.12142065660338079
coll_tilt_y = -0.026547944270008488
ech_G = 31.614561141190304
ech_blaze = -74.99489379486835
ech_gamma = 1.155640660800134
echelle_z = 0.057002288734118
d_col_trf = -1588.01635832811
trf_mirror_tilt_x = 0.0072900067403179345
trf_mirror_tilt_y = 0.155430846571774
d_col_grm = 0.035616801221443554
grism_dec_x = 236.3831855559863
grism_dec_y = 0.009355928083285532
grm_tilt_x = -0.02350309194683188
grm_tilt_y = 2.3257904816054333
grm_G = 222.78406713318202
grm_apex = 17.76651132304121
d_grm_cam  = 21.60470394843923
cam_dec_x = -0.2711115340413186
cam_dec_y = 0.2909380586038276
cam_tilt_x = 0.012443975722166276
cam_tilt_y = 0.008840399850430277
d_cam_ff  = -160.07705734043148
ccd_ff_dec_x = -0.02380074554862202
ccd_ff_dec_y = 0.04207691125421202
ccd_ff_tilt_x = 0.033454342280372334
ccd_ff_tilt_y = -0.5909795886922606
ccd_ff_tilt_z = 0.17191875862927947
d_ff_ccd  = -4.81594515505539
ccd_dec_x = 0.5532947219211101
ccd_dec_y = 5.107634622497037
ccd_defocus = 0.285749984380776
ccd_tilt_x = 0.03257694209204441
ccd_tilt_y = -0.0021079622384401453
ccd_tilt_z = 4.6784777175934894e-06
p = 0.0001