slit_dec_x_a = -0.17042786058999065
slit_dec_y_a = -0.19605244651396528
slit_dec_x_b = 0.175
slit_dec_y_b = -1.8527082651089245e-96
slit_defocus = 0.005573054136521985
slit_tilt_x = 1.1861157346966396
slit_tilt_y = -8.540008167859893
slit_tilt_z = -8.990858561252164
d_slit_col = 1594.2944359344333
coll_tilt_x = 0.08870386212761194
coll_tilt_y = -0.03181892407567344
ech_G = 31.61068948169645
ech_blaze = -74.97709877514474
ech_gamma = 1.140413824364222
echelle_z = 0.07496521990027752
d_col_trf = -1588.0185447842687
trf_mirror_tilt_x = 0.13870588317788388
trf_mirror_tilt_y = 0.07759810466498777
d_col_grm = -0.0095317650700398
grism_dec_x = 236.43428051870592
grism_dec_y = 0.034242763144535504
grm_tilt_x = -0.015753896074475478
grm_tilt_y = 2.304361461957767
grm_G = 222.8251698002483
grm_apex = 17.815110521484883
d_grm_cam  = 21.608489571665448
cam_dec_x = -0.3021295010479913
cam_dec_y = 0.2503720390574222
cam_tilt_x = -0.01840004228632906
cam_tilt_y = -0.015027864427670509
d_cam_ff  = -160.40097290544574
ccd_ff_dec_x = -0.0035400393041809188
ccd_ff_dec_y = 0.00015207294138576638
ccd_ff_tilt_x = 0.146018398052878
ccd_ff_tilt_y = -0.5721070263513627
ccd_ff_tilt_z = 0.17257397796109408
d_ff_ccd  = -4.811228231539782
ccd_dec_x = 0.6206716401157829
ccd_dec_y = 5.155274301226242
ccd_defocus = 0.31630098686747554
ccd_tilt_x = 0.007767104126738839
ccd_tilt_y = -0.014018016635363584
ccd_tilt_z = 3.185461112200001e-06
p = 1.7304999999999998e-05