slit_dec_x_a = -0.181778666534
slit_dec_y_a = -0.18243150017
slit_dec_x_b = 0.14512077562974193
slit_dec_y_b = -0.05510809031835813
slit_defocus = -0.0022133736690975667
slit_tilt_x = 1.1346686075498298
slit_tilt_y = -8.568238552470278
slit_tilt_z = -9.003627855948059
d_slit_col = 1594.3039716243766
coll_tilt_x = 0.08646276610519882
coll_tilt_y = -0.021991454527560163
ech_G = 31.61088815790853
ech_blaze = -74.99551273161161
ech_gamma = 1.1581576417151365
echelle_z = 0.057636429825074
d_col_trf = -1588.0162787810727
trf_mirror_tilt_x = 0.12252754262631768
trf_mirror_tilt_y = 0.018637760369152677
d_col_grm = 0.015084006631060552
grism_dec_x = 236.39743999375534
grism_dec_y = -0.005018299065891253
grm_tilt_x = -0.024919779095452156
grm_tilt_y = 2.3272853597526457
grm_G = 222.78568205847466
grm_apex = 17.80922610953643
d_grm_cam  = 21.604507254965096
cam_dec_x = -0.2835646568492246
cam_dec_y = 0.2897223484432628
cam_tilt_x = 0.004322060278513343
cam_tilt_y = -0.02782504159350783
d_cam_ff  = -160.56990462074944
ccd_ff_dec_x = -0.02282140646236585
ccd_ff_dec_y = -0.047798541578812706
ccd_ff_tilt_x = 0.1650339782379309
ccd_ff_tilt_y = -0.5896829507339214
ccd_ff_tilt_z = 0.17171327440855041
d_ff_ccd  = -4.785420146296985
ccd_dec_x = 0.5517858680068501
ccd_dec_y = 5.106108417108465
ccd_defocus = 0.31574178674934034
ccd_tilt_x = 0.02133865998977124
ccd_tilt_y = -0.004201877398625068
ccd_tilt_z = 3.85257909848299e-07
p = 1.1215e-05