slit_dec_x_a = -0.17039779245633493
slit_dec_y_a = -0.19600370565773337
slit_dec_x_b = 0.175
slit_dec_y_b = -1.4812971497904736e-96
slit_defocus = 0.005597025038131195
slit_tilt_x = 1.1861445905198833
slit_tilt_y = -8.5400471266022
slit_tilt_z = -8.990847042743383
d_slit_col = 1594.2944739607633
coll_tilt_x = 0.08872354061952871
coll_tilt_y = -0.031848433032260474
ech_G = 31.610654901713986
ech_blaze = -74.97684828305061
ech_gamma = 1.1403875021858856
echelle_z = 0.07481346279926254
d_col_trf = -1588.018546702775
trf_mirror_tilt_x = 0.13865609197381648
trf_mirror_tilt_y = 0.07751528045105768
d_col_grm = -0.009525107640167167
grism_dec_x = 236.4343113564528
grism_dec_y = 0.03417608776592068
grm_tilt_x = -0.01585086759970096
grm_tilt_y = 2.3043868653290454
grm_G = 222.8251715875263
grm_apex = 17.815122320378308
d_grm_cam  = 21.608485551162254
cam_dec_x = -0.30212581731642585
cam_dec_y = 0.25030959074621434
cam_tilt_x = -0.01844021620427057
cam_tilt_y = -0.015080202818379745
d_cam_ff  = -160.40097330326893
ccd_ff_dec_x = -0.0035198966890873542
ccd_ff_dec_y = 0.00025171241859503425
ccd_ff_tilt_x = 0.14605246614509582
ccd_ff_tilt_y = -0.5720746886861467
ccd_ff_tilt_z = 0.17257421200649942
d_ff_ccd  = -4.81129841255302
ccd_dec_x = 0.6206630499765065
ccd_dec_y = 5.155288773140096
ccd_defocus = 0.3162778555373705
ccd_tilt_x = 0.00771537278724873
ccd_tilt_y = -0.01412912800749323
ccd_tilt_z = 3.1029854049924107e-06
p = 1.1215e-05