slit_dec_x_a = -0.1704010755187174
slit_dec_y_a = -0.1956586180351446
slit_dec_x_b = 0.175
slit_dec_y_b = -1.8948691186460757e-96
slit_defocus = 0.02140839393671048
slit_tilt_x = 1.1140128868595478
slit_tilt_y = -8.538412847112813
slit_tilt_z = -8.991624006395014
d_slit_col = 1594.3099645877494
coll_tilt_x = 0.11322106357415782
coll_tilt_y = -0.028916038918893217
ech_G = 31.613235589090834
ech_blaze = -74.97483006707641
ech_gamma = 1.1389685593285361
echelle_z = 0.07477208665534052
d_col_trf = -1588.0172356653266
trf_mirror_tilt_x = 0.02633617832232187
trf_mirror_tilt_y = 0.1622313912515436
d_col_grm = -0.004838574867177149
grism_dec_x = 236.4232634603964
grism_dec_y = 0.03818151447201732
grm_tilt_x = -0.014054004221527914
grm_tilt_y = 2.3052710830932126
grm_G = 222.8240034633624
grm_apex = 17.791015212203472
d_grm_cam  = 21.609819883633854
cam_dec_x = -0.3095350488921504
cam_dec_y = 0.24729289759853695
cam_tilt_x = -0.011036445758121852
cam_tilt_y = 0.003794238233240481
d_cam_ff  = -160.0574881798609
ccd_ff_dec_x = -0.002600230940405925
ccd_ff_dec_y = 0.053052817486895575
ccd_ff_tilt_x = 0.01953420142929673
ccd_ff_tilt_y = -0.5728057168764694
ccd_ff_tilt_z = 0.18005219143586376
d_ff_ccd  = -4.83890341104198
ccd_dec_x = 0.6214039032710973
ccd_dec_y = 5.157155637612555
ccd_defocus = 0.2807480722634796
ccd_tilt_x = 0.005095113644453041
ccd_tilt_y = -0.010922260853265694
ccd_tilt_z = 5.121467487009075e-06
p = 0.0001