slit_dec_x_a = -0.181778666534
slit_dec_y_a = -0.18243150017
slit_dec_x_b = 0.14512077562974193
slit_dec_y_b = -0.05510809031835813
slit_defocus = -0.013809416153732506
slit_tilt_x = 1.054058380534749
slit_tilt_y = -8.56000402996656
slit_tilt_z = -9.026893286244357
d_slit_col = 1594.2903023550168
coll_tilt_x = 0.12146375461581176
coll_tilt_y = -0.02647183343476337
ech_G = 31.614569612163272
ech_blaze = -74.99488958988184
ech_gamma = 1.1556399077168873
echelle_z = 0.05700469930804929
d_col_trf = -1588.0163653243008
trf_mirror_tilt_x = 0.007292101697923894
trf_mirror_tilt_y = 0.1554622631807402
d_col_grm = 0.035701068460273086
grism_dec_x = 236.38321318998277
grism_dec_y = 0.009170306314213911
grm_tilt_x = -0.0235053271072919
grm_tilt_y = 2.325783527433072
grm_G = 222.78406542969626
grm_apex = 17.766469043557244
d_grm_cam  = 21.604699468570153
cam_dec_x = -0.2711070271308905
cam_dec_y = 0.290861113432919
cam_tilt_x = 0.012440038277550856
cam_tilt_y = 0.008788505856498537
d_cam_ff  = -160.0769525396368
ccd_ff_dec_x = -0.02380477224758798
ccd_ff_dec_y = 0.04207587699906328
ccd_ff_tilt_x = 0.03356089724333722
ccd_ff_tilt_y = -0.5909743110504774
ccd_ff_tilt_z = 0.17192076006765641
d_ff_ccd  = -4.8160048526120605
ccd_dec_x = 0.5533043386195102
ccd_dec_y = 5.1076280828827665
ccd_defocus = 0.2857901978860544
ccd_tilt_x = 0.03261099336292935
ccd_tilt_y = -0.0021269784455723623
ccd_tilt_z = 4.6687664753176125e-06
p = 0.0001