slit_dec_x_a = -0.181778666534
slit_dec_y_a = -0.18243150017
slit_dec_x_b = 0.14512077562974193
slit_dec_y_b = -0.05510809031835813
slit_defocus = -0.0022008832981046463
slit_tilt_x = 1.134704316573839
slit_tilt_y = -8.568281060354682
slit_tilt_z = -9.003633464516925
d_slit_col = 1594.3039385110746
coll_tilt_x = 0.08640915886308018
coll_tilt_y = -0.022048870525317593
ech_G = 31.61090079159325
ech_blaze = -74.99563728122729
ech_gamma = 1.1581677559185937
echelle_z = 0.05729300146904212
d_col_trf = -1588.0162860726068
trf_mirror_tilt_x = 0.12252705368961707
trf_mirror_tilt_y = 0.018665742606185292
d_col_grm = 0.015017018851000204
grism_dec_x = 236.39747054076778
grism_dec_y = -0.005018534489480261
grm_tilt_x = -0.02475688281700981
grm_tilt_y = 2.327415965253493
grm_G = 222.78576091292365
grm_apex = 17.809157229629594
d_grm_cam  = 21.604345291460387
cam_dec_x = -0.28360332319015347
cam_dec_y = 0.28971605478069495
cam_tilt_x = 0.004321033074607057
cam_tilt_y = -0.027773530063517807
d_cam_ff  = -160.56960795250245
ccd_ff_dec_x = -0.022781952043652107
ccd_ff_dec_y = -0.04780311245196205
ccd_ff_tilt_x = 0.16502989219379227
ccd_ff_tilt_y = -0.5896685675878172
ccd_ff_tilt_z = 0.171801498625153
d_ff_ccd  = -4.785380449096565
ccd_dec_x = 0.5519816293796136
ccd_dec_y = 5.106307178951947
ccd_defocus = 0.3157946013969671
ccd_tilt_x = 0.021383852497384163
ccd_tilt_y = -0.004195769326750211
ccd_tilt_z = 3.130549235798644e-07
p = 1.1303636363636365e-05