slit_dec_x_a = -0.181778666534
slit_dec_y_a = -0.18243150017
slit_dec_x_b = 0.14512077562974193
slit_dec_y_b = -0.05510809031835813
slit_defocus = -0.013806768185116301
slit_tilt_x = 1.054049458163619
slit_tilt_y = -8.559966415946718
slit_tilt_z = -9.026855130180376
d_slit_col = 1594.290283385629
coll_tilt_x = 0.12150358808012356
coll_tilt_y = -0.02646541417452423
ech_G = 31.614564299540472
ech_blaze = -74.99488287831552
ech_gamma = 1.1556372237243993
echelle_z = 0.05699955508116437
d_col_trf = -1588.0163647861862
trf_mirror_tilt_x = 0.007290827671273688
trf_mirror_tilt_y = 0.15547244303649346
d_col_grm = 0.035579948505722346
grism_dec_x = 236.3831759116211
grism_dec_y = 0.009265502613025372
grm_tilt_x = -0.023499191543766257
grm_tilt_y = 2.3257834286257033
grm_G = 222.78406863443726
grm_apex = 17.76643389737667
d_grm_cam  = 21.604699481791062
cam_dec_x = -0.2710652441118908
cam_dec_y = 0.2908722462940224
cam_tilt_x = 0.012446654028508662
cam_tilt_y = 0.008824988838229573
d_cam_ff  = -160.07687537886503
ccd_ff_dec_x = -0.023797075478779788
ccd_ff_dec_y = 0.04207757155927244
ccd_ff_tilt_x = 0.03350349582231151
ccd_ff_tilt_y = -0.5909777038998635
ccd_ff_tilt_z = 0.17191327052921465
d_ff_ccd  = -4.815995525727886
ccd_dec_x = 0.553300676474306
ccd_dec_y = 5.107634101448214
ccd_defocus = 0.28578254141281884
ccd_tilt_x = 0.032561437731598725
ccd_tilt_y = -0.0021553956918341026
ccd_tilt_z = 4.70086674726903e-06
p = 0.0001