slit_dec_x_a = -0.1704010755187174
slit_dec_y_a = -0.1956586180351446
slit_dec_x_b = 0.175
slit_dec_y_b = -1.828615522742581e-96
slit_defocus = 0.02136608036147417
slit_tilt_x = 1.1140217806729948
slit_tilt_y = -8.538392413045457
slit_tilt_z = -8.991677770626922
d_slit_col = 1594.3099479694968
coll_tilt_x = 0.11324583628833249
coll_tilt_y = -0.02891086254335641
ech_G = 31.613232404331004
ech_blaze = -74.97483988961281
ech_gamma = 1.1389791616825846
echelle_z = 0.07477047176844481
d_col_trf = -1588.017227458405
trf_mirror_tilt_x = 0.026338058968244416
trf_mirror_tilt_y = 0.16227061932241948
d_col_grm = -0.004822264071349227
grism_dec_x = 236.42331764375623
grism_dec_y = 0.038171947539102684
grm_tilt_x = -0.014058380923656303
grm_tilt_y = 2.3052750420165316
grm_G = 222.82399335761502
grm_apex = 17.791038526349233
d_grm_cam  = 21.60982103348792
cam_dec_x = -0.30957329188483257
cam_dec_y = 0.2472258246055612
cam_tilt_x = -0.011058747859207595
cam_tilt_y = 0.003797565742059756
d_cam_ff  = -160.05751306489293
ccd_ff_dec_x = -0.00259287895296969
ccd_ff_dec_y = 0.05300506142177402
ccd_ff_tilt_x = 0.01955037977367052
ccd_ff_tilt_y = -0.5728132828313449
ccd_ff_tilt_z = 0.18005198655059249
d_ff_ccd  = -4.838984333384845
ccd_dec_x = 0.6214024949551185
ccd_dec_y = 5.157142976094741
ccd_defocus = 0.2807532839286315
ccd_tilt_x = 0.0050023113595691684
ccd_tilt_y = -0.010932438212485827
ccd_tilt_z = 5.053023528515692e-06
p = 0.0001