slit_dec_x_a = -0.17039368230019641
slit_dec_y_a = -0.19597306361928776
slit_dec_x_b = 0.175
slit_dec_y_b = -1.5904926009512504e-96
slit_defocus = 0.005550529024399602
slit_tilt_x = 1.1861688054926682
slit_tilt_y = -8.54001814606945
slit_tilt_z = -8.990829409390452
d_slit_col = 1594.2944511262392
coll_tilt_x = 0.0888301115988976
coll_tilt_y = -0.03184608531067169
ech_G = 31.610675277060537
ech_blaze = -74.97685354767233
ech_gamma = 1.1404035685136191
echelle_z = 0.07482576453341344
d_col_trf = -1588.018530254135
trf_mirror_tilt_x = 0.13866932268864096
trf_mirror_tilt_y = 0.07756697624204276
d_col_grm = -0.0095523298614872
grism_dec_x = 236.4343279248332
grism_dec_y = 0.03417628504117705
grm_tilt_x = -0.015752105754498986
grm_tilt_y = 2.304363559694694
grm_G = 222.82519667854524
grm_apex = 17.81513869899128
d_grm_cam  = 21.608454404010377
cam_dec_x = -0.3021322744383991
cam_dec_y = 0.25032391155652234
cam_tilt_x = -0.018585497132846636
cam_tilt_y = -0.015058577587949856
d_cam_ff  = -160.40093277903887
ccd_ff_dec_x = -0.0035127103222569573
ccd_ff_dec_y = 0.00021102251209026402
ccd_ff_tilt_x = 0.1460394084861644
ccd_ff_tilt_y = -0.5720564191515066
ccd_ff_tilt_z = 0.17258630393261495
d_ff_ccd  = -4.811281124433072
ccd_dec_x = 0.6207010669403491
ccd_dec_y = 5.155322834201918
ccd_defocus = 0.3163234245968188
ccd_tilt_x = 0.007713742628645724
ccd_tilt_y = -0.014080957931095137
ccd_tilt_z = 3.1427611648259257e-06
p = 2.199818181818182e-05