slit_dec_x_a = -0.181778666534
slit_dec_y_a = -0.18243150017
slit_dec_x_b = 0.14512077562974193
slit_dec_y_b = -0.05510809031835813
slit_defocus = -0.002212843284581096
slit_tilt_x = 1.1346906290105883
slit_tilt_y = -8.568228094213016
slit_tilt_z = -9.003676884204573
d_slit_col = 1594.3039220453197
coll_tilt_x = 0.08642496694491461
coll_tilt_y = -0.02205243779173944
ech_G = 31.610884673477187
ech_blaze = -74.99559916004557
ech_gamma = 1.1580985327544708
echelle_z = 0.057482599770062454
d_col_trf = -1588.0162693822565
trf_mirror_tilt_x = 0.12252195353189986
trf_mirror_tilt_y = 0.01868314581219916
d_col_grm = 0.015054772705338743
grism_dec_x = 236.397466379741
grism_dec_y = -0.005024953591074137
grm_tilt_x = -0.024774227423290236
grm_tilt_y = 2.3272348352356307
grm_G = 222.7858186339235
grm_apex = 17.809196634352144
d_grm_cam  = 21.60431716081768
cam_dec_x = -0.2835799615381581
cam_dec_y = 0.2897337455654314
cam_tilt_x = 0.004351221115645401
cam_tilt_y = -0.027816324392484507
d_cam_ff  = -160.56968097428518
ccd_ff_dec_x = -0.02263592884659647
ccd_ff_dec_y = -0.04779029160372719
ccd_ff_tilt_x = 0.16504416570030697
ccd_ff_tilt_y = -0.5897490445739287
ccd_ff_tilt_z = 0.1716845927764914
d_ff_ccd  = -4.785391195209148
ccd_dec_x = 0.5519677378897243
ccd_dec_y = 5.1060915046587505
ccd_defocus = 0.31575791060148306
ccd_tilt_x = 0.021357505471559627
ccd_tilt_y = -0.00420773873358472
ccd_tilt_z = 4.0087654401190265e-07
p = 2.199818181818182e-05