slit_dec_x_a = -0.17037969651126747
slit_dec_y_a = -0.19576591209767336
slit_dec_x_b = 0.175
slit_dec_y_b = -2.552440491763068e-96
slit_defocus = 0.005521459277273049
slit_tilt_x = 1.1861300847361655
slit_tilt_y = -8.540118473497651
slit_tilt_z = -8.99081711489644
d_slit_col = 1594.294445654618
coll_tilt_x = 0.08858497251069834
coll_tilt_y = -0.03176175889033686
ech_G = 31.610683070419338
ech_blaze = -74.97714218909259
ech_gamma = 1.1405172625752844
echelle_z = 0.07549274299772868
d_col_trf = -1588.0185883680167
trf_mirror_tilt_x = 0.13864685886576186
trf_mirror_tilt_y = 0.07753751646261674
d_col_grm = -0.00953102705552387
grism_dec_x = 236.43434321432542
grism_dec_y = 0.03425199701930947
grm_tilt_x = -0.015855056221790995
grm_tilt_y = 2.304368570035127
grm_G = 222.82519674734075
grm_apex = 17.81513960454603
d_grm_cam  = 21.608479110977285
cam_dec_x = -0.3021254917504278
cam_dec_y = 0.25033671563443555
cam_tilt_x = -0.018388383719238628
cam_tilt_y = -0.015021647089080386
d_cam_ff  = -160.400995491251
ccd_ff_dec_x = -0.0035383829047830463
ccd_ff_dec_y = 0.00016722694709196036
ccd_ff_tilt_x = 0.14601832314670019
ccd_ff_tilt_y = -0.5720381290434278
ccd_ff_tilt_z = 0.17252976561255196
d_ff_ccd  = -4.811219243826821
ccd_dec_x = 0.6206452688528166
ccd_dec_y = 5.155303878520706
ccd_defocus = 0.31633189608871515
ccd_tilt_x = 0.007795148120943517
ccd_tilt_y = -0.014020166440699167
ccd_tilt_z = 3.3575441435841162e-06
p = 2.2683636363636363e-06