slit_dec_x_a = -0.181778666534
slit_dec_y_a = -0.18243150017
slit_dec_x_b = 0.14512077562974193
slit_dec_y_b = -0.05510809031835813
slit_defocus = -0.0022187277092794626
slit_tilt_x = 1.1347005736124258
slit_tilt_y = -8.5683723336061
slit_tilt_z = -9.003581055500746
d_slit_col = 1594.303958602836
coll_tilt_x = 0.08648321982079633
coll_tilt_y = -0.022047423726093036
ech_G = 31.610930829521237
ech_blaze = -74.99579766200652
ech_gamma = 1.158261362491934
echelle_z = 0.05660669777811672
d_col_trf = -1588.0162684453085
trf_mirror_tilt_x = 0.12246848647326643
trf_mirror_tilt_y = 0.018710156074308378
d_col_grm = 0.014945022938098036
grism_dec_x = 236.39749258127924
grism_dec_y = -0.0050684307532989125
grm_tilt_x = -0.024732985967520396
grm_tilt_y = 2.3274172575992647
grm_G = 222.78589418732176
grm_apex = 17.80906946468232
d_grm_cam  = 21.60489280673328
cam_dec_x = -0.28363134624590625
cam_dec_y = 0.2897478162279763
cam_tilt_x = 0.0043579871195361455
cam_tilt_y = -0.027773701640965955
d_cam_ff  = -160.56966498818986
ccd_ff_dec_x = -0.022729052803414623
ccd_ff_dec_y = -0.04778236700816683
ccd_ff_tilt_x = 0.1650286189419646
ccd_ff_tilt_y = -0.5893769995678729
ccd_ff_tilt_z = 0.17186318204575907
d_ff_ccd  = -4.785427157987389
ccd_dec_x = 0.55183717282424
ccd_dec_y = 5.106332083579671
ccd_defocus = 0.31585616215751117
ccd_tilt_x = 0.021368521576533312
ccd_tilt_y = -0.004174295679580194
ccd_tilt_z = 2.285619420916041e-07
p = 2.2683636363636363e-06