slit_dec_x_a = -0.1704010755187174
slit_dec_y_a = -0.1956586180351446
slit_dec_x_b = 0.175
slit_dec_y_b = -1.8042497740542616e-96
slit_defocus = 0.021376274034339712
slit_tilt_x = 1.1140226999657066
slit_tilt_y = -8.538503797863093
slit_tilt_z = -8.991610668020648
d_slit_col = 1594.309991712362
coll_tilt_x = 0.11319945011450062
coll_tilt_y = -0.02888544896328596
ech_G = 31.613226159789303
ech_blaze = -74.97483745558513
ech_gamma = 1.138971587452519
echelle_z = 0.07477433682223686
d_col_trf = -1588.0172306906688
trf_mirror_tilt_x = 0.026377430025907124
trf_mirror_tilt_y = 0.16224671593727738
d_col_grm = -0.004828598658975672
grism_dec_x = 236.4233200534348
grism_dec_y = 0.03819840103132674
grm_tilt_x = -0.01405552241744334
grm_tilt_y = 2.3052817452915364
grm_G = 222.82400655991896
grm_apex = 17.790974015114
d_grm_cam  = 21.609812199897757
cam_dec_x = -0.309581879442854
cam_dec_y = 0.24724953521010287
cam_tilt_x = -0.011090894448495411
cam_tilt_y = 0.0038333635044289875
d_cam_ff  = -160.0574864379037
ccd_ff_dec_x = -0.0025999824662437843
ccd_ff_dec_y = 0.05306494223279774
ccd_ff_tilt_x = 0.019557335517041776
ccd_ff_tilt_y = -0.5728078191674317
ccd_ff_tilt_z = 0.18005693127631378
d_ff_ccd  = -4.838975807305529
ccd_dec_x = 0.6214036774269385
ccd_dec_y = 5.157150962333457
ccd_defocus = 0.2807747460080991
ccd_tilt_x = 0.005067430443149421
ccd_tilt_y = -0.010914494003550488
ccd_tilt_z = 5.109792868689892e-06
p = 0.0001