slit_dec_x_a = -0.181778666534
slit_dec_y_a = -0.18243150017
slit_dec_x_b = 0.14512077562974193
slit_dec_y_b = -0.05510809031835813
slit_defocus = -0.013781806137914928
slit_tilt_x = 1.0541176031415296
slit_tilt_y = -8.559941698293093
slit_tilt_z = -9.026886478900424
d_slit_col = 1594.2902721756766
coll_tilt_x = 0.12148899578446408
coll_tilt_y = -0.026489144188023093
ech_G = 31.61456400664612
ech_blaze = -74.99488864631448
ech_gamma = 1.15563890836329
echelle_z = 0.0570028852635572
d_col_trf = -1588.016369355091
trf_mirror_tilt_x = 0.007299651600251516
trf_mirror_tilt_y = 0.15544858073795612
d_col_grm = 0.035701351941758046
grism_dec_x = 236.38311865062562
grism_dec_y = 0.009251306393884565
grm_tilt_x = -0.023507910651726183
grm_tilt_y = 2.3257878366312164
grm_G = 222.7840660493
grm_apex = 17.76649802016189
d_grm_cam  = 21.604688502602716
cam_dec_x = -0.27113219014236895
cam_dec_y = 0.2908821894716735
cam_tilt_x = 0.012407230429345948
cam_tilt_y = 0.008820859256628415
d_cam_ff  = -160.07732684920686
ccd_ff_dec_x = -0.023806728993864355
ccd_ff_dec_y = 0.042012473385340136
ccd_ff_tilt_x = 0.03348860397282112
ccd_ff_tilt_y = -0.5909828574915296
ccd_ff_tilt_z = 0.1719162748626517
d_ff_ccd  = -4.815937415903242
ccd_dec_x = 0.5532997083590009
ccd_dec_y = 5.107637923377225
ccd_defocus = 0.2857940101562316
ccd_tilt_x = 0.03258099262021669
ccd_tilt_y = -0.0020977037964009715
ccd_tilt_z = 4.6652925797868965e-06
p = 0.0001