slit_dec_x_a = -0.181778666534
slit_dec_y_a = -0.18243150017
slit_dec_x_b = 0.14512077562974193
slit_dec_y_b = -0.05510809031835813
slit_defocus = -0.0021973134792172603
slit_tilt_x = 1.1346749863858019
slit_tilt_y = -8.568233605100334
slit_tilt_z = -9.003649296217224
d_slit_col = 1594.303976643159
coll_tilt_x = 0.08646045197773534
coll_tilt_y = -0.02199806889255698
ech_G = 31.61088026204714
ech_blaze = -74.9955203773561
ech_gamma = 1.1581109534277538
echelle_z = 0.057584436231935175
d_col_trf = -1588.0162629141014
trf_mirror_tilt_x = 0.12253740783011077
trf_mirror_tilt_y = 0.01865176650117503
d_col_grm = 0.01506941360518641
grism_dec_x = 236.3974646563435
grism_dec_y = -0.005030644840977562
grm_tilt_x = -0.02478451291890852
grm_tilt_y = 2.327306508139126
grm_G = 222.7857593627754
grm_apex = 17.809220199473728
d_grm_cam  = 21.604494161081025
cam_dec_x = -0.28356781026995276
cam_dec_y = 0.2897373877392573
cam_tilt_x = 0.00433326114433817
cam_tilt_y = -0.027827692757236008
d_cam_ff  = -160.5698173090753
ccd_ff_dec_x = -0.022795771347640898
ccd_ff_dec_y = -0.04779698469020568
ccd_ff_tilt_x = 0.16503179510560767
ccd_ff_tilt_y = -0.5897064278974036
ccd_ff_tilt_z = 0.1717114167992242
d_ff_ccd  = -4.7854222117918335
ccd_dec_x = 0.5518436121494433
ccd_dec_y = 5.106120511631799
ccd_defocus = 0.31573455446501253
ccd_tilt_x = 0.021339375278707873
ccd_tilt_y = -0.004198273810054408
ccd_tilt_z = 3.996821629122031e-07
p = 2.0543333333333334e-05