slit_dec_x_a = -0.17038230882570277
slit_dec_y_a = -0.19587938904015462
slit_dec_x_b = 0.175
slit_dec_y_b = -1.55771095871796e-96
slit_defocus = 0.005595350050270896
slit_tilt_x = 1.1861285669141512
slit_tilt_y = -8.540036545394377
slit_tilt_z = -8.990838819878613
d_slit_col = 1594.2944709719864
coll_tilt_x = 0.08872691934182354
coll_tilt_y = -0.03184522029350315
ech_G = 31.610650935228872
ech_blaze = -74.97682734935113
ech_gamma = 1.1403217318594068
echelle_z = 0.07475332411443254
d_col_trf = -1588.0185470115682
trf_mirror_tilt_x = 0.13866114618906913
trf_mirror_tilt_y = 0.07751466088567585
d_col_grm = -0.009533094101197953
grism_dec_x = 236.43431993632956
grism_dec_y = 0.034176539010831765
grm_tilt_x = -0.015823888613938283
grm_tilt_y = 2.3043827022784265
grm_G = 222.82515968988378
grm_apex = 17.81512820125202
d_grm_cam  = 21.608487602458812
cam_dec_x = -0.30212296936665245
cam_dec_y = 0.25032282533881495
cam_tilt_x = -0.018454794633855867
cam_tilt_y = -0.015094427452353823
d_cam_ff  = -160.40096238709617
ccd_ff_dec_x = -0.0035248191104756805
ccd_ff_dec_y = 0.00024737198783868387
ccd_ff_tilt_x = 0.14604329494988064
ccd_ff_tilt_y = -0.5720777067471833
ccd_ff_tilt_z = 0.17257394604805337
d_ff_ccd  = -4.8112573641554475
ccd_dec_x = 0.6206603729231959
ccd_dec_y = 5.155301803361088
ccd_defocus = 0.3162985591210221
ccd_tilt_x = 0.0077222745794390145
ccd_tilt_y = -0.014103446382845027
ccd_tilt_z = 3.1689141438248496e-06
p = 2.0543333333333334e-05