slit_dec_x_a = -0.1704646359524375
slit_dec_y_a = -0.1960507410488864
slit_dec_x_b = 0.175
slit_dec_y_b = -2.1224305603465104e-96
slit_defocus = 0.005532870116752255
slit_tilt_x = 1.186127632785551
slit_tilt_y = -8.540046892417402
slit_tilt_z = -8.990858653490205
d_slit_col = 1594.2944571888165
coll_tilt_x = 0.08868537040179603
coll_tilt_y = -0.03176070151711591
ech_G = 31.61067726698745
ech_blaze = -74.97715745831933
ech_gamma = 1.140544645880778
echelle_z = 0.07494674647032916
d_col_trf = -1588.0185617781167
trf_mirror_tilt_x = 0.1387115414302734
trf_mirror_tilt_y = 0.07758404302994595
d_col_grm = -0.009514569157209099
grism_dec_x = 236.4343010672353
grism_dec_y = 0.034225112241633465
grm_tilt_x = -0.01580500426376959
grm_tilt_y = 2.3043627857472053
grm_G = 222.82520238107085
grm_apex = 17.815095283199366
d_grm_cam  = 21.608483703742664
cam_dec_x = -0.30209719565542925
cam_dec_y = 0.25038115639645353
cam_tilt_x = -0.01810616828327897
cam_tilt_y = -0.01499969448440476
d_cam_ff  = -160.40096091625946
ccd_ff_dec_x = -0.0035417331573912975
ccd_ff_dec_y = 0.00015693398482751156
ccd_ff_tilt_x = 0.14599186188230057
ccd_ff_tilt_y = -0.5720611250670414
ccd_ff_tilt_z = 0.1725693634221046
d_ff_ccd  = -4.8112325083250465
ccd_dec_x = 0.6206443836192609
ccd_dec_y = 5.155266913881994
ccd_defocus = 0.31632312692845904
ccd_tilt_x = 0.007764614849848498
ccd_tilt_y = -0.014018269105525602
ccd_tilt_z = 3.244004128286054e-06
p = 5.869363636363636e-06