slit_dec_x_a = -0.181778666534
slit_dec_y_a = -0.18243150017
slit_dec_x_b = 0.14512077562974193
slit_dec_y_b = -0.05510809031835813
slit_defocus = -0.0021972539818131947
slit_tilt_x = 1.1346997834419568
slit_tilt_y = -8.568303300107846
slit_tilt_z = -9.003610856810546
d_slit_col = 1594.3039036044008
coll_tilt_x = 0.08644785194082495
coll_tilt_y = -0.022035133507583717
ech_G = 31.61090594142497
ech_blaze = -74.99561773751641
ech_gamma = 1.1582304708279227
echelle_z = 0.057043558661712936
d_col_trf = -1588.0162171076652
trf_mirror_tilt_x = 0.12249477975266607
trf_mirror_tilt_y = 0.018700797095116385
d_col_grm = 0.01498941605968966
grism_dec_x = 236.39748356870658
grism_dec_y = -0.005070838196767954
grm_tilt_x = -0.024809198688363086
grm_tilt_y = 2.327445142761005
grm_G = 222.7857599976049
grm_apex = 17.80916039326732
d_grm_cam  = 21.604502049242935
cam_dec_x = -0.2836368704695591
cam_dec_y = 0.2897471166542519
cam_tilt_x = 0.004334182869560843
cam_tilt_y = -0.027798165872458758
d_cam_ff  = -160.5695131121454
ccd_ff_dec_x = -0.02298863477002528
ccd_ff_dec_y = -0.04780099411119683
ccd_ff_tilt_x = 0.165024586046569
ccd_ff_tilt_y = -0.5895247445981918
ccd_ff_tilt_z = 0.17177014106160157
d_ff_ccd  = -4.785377046720996
ccd_dec_x = 0.5518989072127727
ccd_dec_y = 5.106592604780321
ccd_defocus = 0.31583717350298096
ccd_tilt_x = 0.021427517380495982
ccd_tilt_y = -0.004236999860614437
ccd_tilt_z = 2.835430522605675e-07
p = 5.869363636363636e-06