slit_dec_x_a = -0.1704010755187174
slit_dec_y_a = -0.1956586180351446
slit_dec_x_b = 0.175
slit_dec_y_b = -1.8287547578811198e-96
slit_defocus = 0.02133686665631242
slit_tilt_x = 1.1139806182685879
slit_tilt_y = -8.53844342427826
slit_tilt_z = -8.991594079342192
d_slit_col = 1594.309935388991
coll_tilt_x = 0.11316354154650031
coll_tilt_y = -0.028939892508234668
ech_G = 31.613231509593128
ech_blaze = -74.97483144644049
ech_gamma = 1.138974041811351
echelle_z = 0.07476818264341593
d_col_trf = -1588.0172253077312
trf_mirror_tilt_x = 0.026265882161956328
trf_mirror_tilt_y = 0.16222514479575403
d_col_grm = -0.004812900155565943
grism_dec_x = 236.42326237308816
grism_dec_y = 0.038188507127571006
grm_tilt_x = -0.014057785020161681
grm_tilt_y = 2.3052782695053113
grm_G = 222.82400830828516
grm_apex = 17.791056046189016
d_grm_cam  = 21.609819677309552
cam_dec_x = -0.30954858261311696
cam_dec_y = 0.24721704057581573
cam_tilt_x = -0.011080069254122955
cam_tilt_y = 0.0037019935005883436
d_cam_ff  = -160.0576894682532
ccd_ff_dec_x = -0.0026012007743948557
ccd_ff_dec_y = 0.0529639889180836
ccd_ff_tilt_x = 0.019480794226280965
ccd_ff_tilt_y = -0.5728022408979854
ccd_ff_tilt_z = 0.1800566446368855
d_ff_ccd  = -4.838908750456461
ccd_dec_x = 0.6214040016668367
ccd_dec_y = 5.15714821165421
ccd_defocus = 0.28072985878228723
ccd_tilt_x = 0.005051532062106618
ccd_tilt_y = -0.01095623701189211
ccd_tilt_z = 5.07583148588555e-06
p = 0.0001