slit_dec_x_a = -0.181778666534
slit_dec_y_a = -0.18243150017
slit_dec_x_b = 0.14512077562974193
slit_dec_y_b = -0.05510809031835813
slit_defocus = -0.002211606384514889
slit_tilt_x = 1.1346811150707674
slit_tilt_y = -8.568309945580044
slit_tilt_z = -9.003624472191863
d_slit_col = 1594.3039088912703
coll_tilt_x = 0.08644063553928936
coll_tilt_y = -0.02203709364485123
ech_G = 31.610917183064526
ech_blaze = -74.99573636810807
ech_gamma = 1.1581418495619258
echelle_z = 0.05720734726728022
d_col_trf = -1588.0163300627091
trf_mirror_tilt_x = 0.12251768869384855
trf_mirror_tilt_y = 0.0186830197794521
d_col_grm = 0.01499991707279833
grism_dec_x = 236.3974789322086
grism_dec_y = -0.005039791005717848
grm_tilt_x = -0.024726708843164014
grm_tilt_y = 2.3274008224143885
grm_G = 222.78575721546983
grm_apex = 17.809153024677038
d_grm_cam  = 21.604415353291568
cam_dec_x = -0.2836271022037105
cam_dec_y = 0.2897371482558758
cam_tilt_x = 0.004349257919572623
cam_tilt_y = -0.027803368369955214
d_cam_ff  = -160.56962967817412
ccd_ff_dec_x = -0.022966427488730345
ccd_ff_dec_y = -0.04778028286301334
ccd_ff_tilt_x = 0.16505128915937697
ccd_ff_tilt_y = -0.5895621539499839
ccd_ff_tilt_z = 0.17175087828352464
d_ff_ccd  = -4.785374012120661
ccd_dec_x = 0.5519150469852715
ccd_dec_y = 5.106421396760262
ccd_defocus = 0.315792300146299
ccd_tilt_x = 0.02138916993214049
ccd_tilt_y = -0.004193224274909191
ccd_tilt_z = 3.3397050436989055e-07
p = 1.256e-05