slit_dec_x_a = -0.1704214058846799
slit_dec_y_a = -0.1958590189445534
slit_dec_x_b = 0.175
slit_dec_y_b = -1.957046590517625e-96
slit_defocus = 0.005569672010738274
slit_tilt_x = 1.1861116351099446
slit_tilt_y = -8.540000833549861
slit_tilt_z = -8.990845921580009
d_slit_col = 1594.2944408834107
coll_tilt_x = 0.0885817830360164
coll_tilt_y = -0.031774571156271525
ech_G = 31.61066623055289
ech_blaze = -74.97700059493044
ech_gamma = 1.1404548702576098
echelle_z = 0.07487362640632417
d_col_trf = -1588.0185632725381
trf_mirror_tilt_x = 0.1386779546818155
trf_mirror_tilt_y = 0.07759843534288281
d_col_grm = -0.009544114309688283
grism_dec_x = 236.43429084783784
grism_dec_y = 0.0342319845240643
grm_tilt_x = -0.015762316700944103
grm_tilt_y = 2.30437016248337
grm_G = 222.82518115680992
grm_apex = 17.815110741939893
d_grm_cam  = 21.60848242446245
cam_dec_x = -0.302143407644973
cam_dec_y = 0.25036527497386535
cam_tilt_x = -0.018502716975877357
cam_tilt_y = -0.015022285666817901
d_cam_ff  = -160.4009978929698
ccd_ff_dec_x = -0.0035535493396389186
ccd_ff_dec_y = 0.00014175138546127452
ccd_ff_tilt_x = 0.14599809657393512
ccd_ff_tilt_y = -0.5721048339356664
ccd_ff_tilt_z = 0.17259455130758844
d_ff_ccd  = -4.81123390423897
ccd_dec_x = 0.6206792277283786
ccd_dec_y = 5.155304978653335
ccd_defocus = 0.3163054142268925
ccd_tilt_x = 0.007752850522644169
ccd_tilt_y = -0.014016000035063793
ccd_tilt_z = 3.1762157756175187e-06
p = 1.256e-05