slit_dec_x_a = -0.181778666534
slit_dec_y_a = -0.18243150017
slit_dec_x_b = 0.14512077562974193
slit_dec_y_b = -0.05510809031835813
slit_defocus = -0.0021991635431026515
slit_tilt_x = 1.134694575648549
slit_tilt_y = -8.568328105365866
slit_tilt_z = -9.003616320307925
d_slit_col = 1594.3039644560033
coll_tilt_x = 0.08645381383165367
coll_tilt_y = -0.022046111800040857
ech_G = 31.61089312308783
ech_blaze = -74.99557082258136
ech_gamma = 1.1580967745573478
echelle_z = 0.05681207508299327
d_col_trf = -1588.0163581991903
trf_mirror_tilt_x = 0.12251230270367264
trf_mirror_tilt_y = 0.018704194623965997
d_col_grm = 0.014980824828202401
grism_dec_x = 236.39746953356604
grism_dec_y = -0.0050432791737490355
grm_tilt_x = -0.024606531914185735
grm_tilt_y = 2.3271925217155087
grm_G = 222.78577331102343
grm_apex = 17.8091098763455
d_grm_cam  = 21.604585497538068
cam_dec_x = -0.2836474003011489
cam_dec_y = 0.2897596495758077
cam_tilt_x = 0.004300280707516974
cam_tilt_y = -0.027792761885218856
d_cam_ff  = -160.5696240778843
ccd_ff_dec_x = -0.022833584768584318
ccd_ff_dec_y = -0.047788446990325105
ccd_ff_tilt_x = 0.16504095123720322
ccd_ff_tilt_y = -0.5894321027369307
ccd_ff_tilt_z = 0.17185420884115593
d_ff_ccd  = -4.785382495474588
ccd_dec_x = 0.5518886982870548
ccd_dec_y = 5.106489900675043
ccd_defocus = 0.3158064691187568
ccd_tilt_x = 0.02141925870628298
ccd_tilt_y = -0.004205444263677905
ccd_tilt_z = 2.4292451792772404e-07
p = 1.1248181818181817e-05