slit_dec_x_a = -0.17041974835454196
slit_dec_y_a = -0.1960220434723338
slit_dec_x_b = 0.175
slit_dec_y_b = -2.418940009898735e-96
slit_defocus = 0.005525088011152553
slit_tilt_x = 1.186101307573744
slit_tilt_y = -8.540089007275645
slit_tilt_z = -8.990854840272196
d_slit_col = 1594.294460907216
coll_tilt_x = 0.08867356783166472
coll_tilt_y = -0.03177533742615039
ech_G = 31.610670304641367
ech_blaze = -74.97702087240258
ech_gamma = 1.1404830543460893
echelle_z = 0.07537441038831932
d_col_trf = -1588.018560917333
trf_mirror_tilt_x = 0.1386950884093842
trf_mirror_tilt_y = 0.0775162102261236
d_col_grm = -0.009516445994748102
grism_dec_x = 236.434320625188
grism_dec_y = 0.034253195228236846
grm_tilt_x = -0.015921340226085365
grm_tilt_y = 2.3043754964885452
grm_G = 222.8252085332328
grm_apex = 17.815141725623683
d_grm_cam  = 21.60848698049537
cam_dec_x = -0.3021189665795111
cam_dec_y = 0.2503488707313097
cam_tilt_x = -0.018152533521602766
cam_tilt_y = -0.015005471611044775
d_cam_ff  = -160.4009552213123
ccd_ff_dec_x = -0.0035721421839755995
ccd_ff_dec_y = 0.00013432582768052145
ccd_ff_tilt_x = 0.1460272179305359
ccd_ff_tilt_y = -0.5720460125624147
ccd_ff_tilt_z = 0.17255741274259923
d_ff_ccd  = -4.81122518767832
ccd_dec_x = 0.6206614410004214
ccd_dec_y = 5.155288109226417
ccd_defocus = 0.31631808992811605
ccd_tilt_x = 0.007805728633791655
ccd_tilt_y = -0.014008989358066735
ccd_tilt_z = 3.2770426740141854e-06
p = 1.1248181818181817e-05