slit_dec_x_a = -0.1704010755187174
slit_dec_y_a = -0.1956586180351446
slit_dec_x_b = 0.175
slit_dec_y_b = -1.903765401342077e-96
slit_defocus = 0.02143899802782935
slit_tilt_x = 1.1141137136015964
slit_tilt_y = -8.53838509039805
slit_tilt_z = -8.991677571143594
d_slit_col = 1594.3099850051997
coll_tilt_x = 0.11318370543426289
coll_tilt_y = -0.028903690267246027
ech_G = 31.61323241354841
ech_blaze = -74.97483301333882
ech_gamma = 1.1389781197605005
echelle_z = 0.07477058147682894
d_col_trf = -1588.0172330114153
trf_mirror_tilt_x = 0.02636624914783127
trf_mirror_tilt_y = 0.1621758788437876
d_col_grm = -0.0048679483375270475
grism_dec_x = 236.42334515170126
grism_dec_y = 0.038144412773459646
grm_tilt_x = -0.014054291686119293
grm_tilt_y = 2.3052683323492427
grm_G = 222.82400527311563
grm_apex = 17.79100275410282
d_grm_cam  = 21.609817689575397
cam_dec_x = -0.3095228999208895
cam_dec_y = 0.24729793052817173
cam_tilt_x = -0.011013353382037688
cam_tilt_y = 0.003795046800466965
d_cam_ff  = -160.0574412976581
ccd_ff_dec_x = -0.0026026248941527475
ccd_ff_dec_y = 0.05301307437564367
ccd_ff_tilt_x = 0.01944410562363084
ccd_ff_tilt_y = -0.572798702707854
ccd_ff_tilt_z = 0.18004857619931453
d_ff_ccd  = -4.838950336877491
ccd_dec_x = 0.6214060100796277
ccd_dec_y = 5.157148977663766
ccd_defocus = 0.280708138912638
ccd_tilt_x = 0.00502604297899084
ccd_tilt_y = -0.010849376008945885
ccd_tilt_z = 5.0861749930497775e-06
p = 0.0001