slit_dec_x_a = -0.181778666534
slit_dec_y_a = -0.18243150017
slit_dec_x_b = 0.14512077562974193
slit_dec_y_b = -0.05510809031835813
slit_defocus = -0.0021950098825406043
slit_tilt_x = 1.1347015433848473
slit_tilt_y = -8.568332708851534
slit_tilt_z = -9.003610981906148
d_slit_col = 1594.3039589785094
coll_tilt_x = 0.08645723626189404
coll_tilt_y = -0.022040963780777977
ech_G = 31.61089968750343
ech_blaze = -74.99559011144929
ech_gamma = 1.158075550562807
echelle_z = 0.05685735287808175
d_col_trf = -1588.016342483644
trf_mirror_tilt_x = 0.12251054964117286
trf_mirror_tilt_y = 0.018710694669585394
d_col_grm = 0.014976596805491411
grism_dec_x = 236.3974714698482
grism_dec_y = -0.0050322037161058385
grm_tilt_x = -0.024622500338948
grm_tilt_y = 2.3271893996623882
grm_G = 222.78578024974692
grm_apex = 17.8091068774201
d_grm_cam  = 21.60455120784267
cam_dec_x = -0.2836349896125238
cam_dec_y = 0.2897518859214039
cam_tilt_x = 0.004297391264064961
cam_tilt_y = -0.027801927850123098
d_cam_ff  = -160.5696567703928
ccd_ff_dec_x = -0.02282574573439329
ccd_ff_dec_y = -0.04778622396197498
ccd_ff_tilt_x = 0.1650393468751535
ccd_ff_tilt_y = -0.5894820316798758
ccd_ff_tilt_z = 0.1718194988124232
d_ff_ccd  = -4.785369572683125
ccd_dec_x = 0.5519118248306848
ccd_dec_y = 5.106522043962497
ccd_defocus = 0.3158109100831898
ccd_tilt_x = 0.02141489114173821
ccd_tilt_y = -0.0041984922160631785
ccd_tilt_z = 2.6305594718823104e-07
p = 7.503272727272728e-06