slit_dec_x_a = -0.17042709881227922
slit_dec_y_a = -0.1960467240984597
slit_dec_x_b = 0.175
slit_dec_y_b = -2.411111057202913e-96
slit_defocus = 0.005523705793151242
slit_tilt_x = 1.1861046942877176
slit_tilt_y = -8.540097185863358
slit_tilt_z = -8.990860464925653
d_slit_col = 1594.2944614362655
coll_tilt_x = 0.08871742680100583
coll_tilt_y = -0.03177736059276782
ech_G = 31.610688885583425
ech_blaze = -74.9770793175307
ech_gamma = 1.1404671768952104
echelle_z = 0.07535996922692104
d_col_trf = -1588.018546072833
trf_mirror_tilt_x = 0.13869165494120878
trf_mirror_tilt_y = 0.07753326966968754
d_col_grm = -0.009506351291085445
grism_dec_x = 236.43431974704666
grism_dec_y = 0.03425285557569107
grm_tilt_x = -0.015973389387263896
grm_tilt_y = 2.3043742798990183
grm_G = 222.82520419640167
grm_apex = 17.815144650748387
d_grm_cam  = 21.608492480916894
cam_dec_x = -0.302114289512417
cam_dec_y = 0.25034706665157547
cam_tilt_x = -0.018136662240317725
cam_tilt_y = -0.015001522104491924
d_cam_ff  = -160.40095278274157
ccd_ff_dec_x = -0.0035643168210519474
ccd_ff_dec_y = 0.0001257965316885516
ccd_ff_tilt_x = 0.14602776108843055
ccd_ff_tilt_y = -0.5720501769184243
ccd_ff_tilt_z = 0.17256103783883492
d_ff_ccd  = -4.811232750398566
ccd_dec_x = 0.6206626279477744
ccd_dec_y = 5.155284357881651
ccd_defocus = 0.31631813159800143
ccd_tilt_x = 0.00780389440882211
ccd_tilt_y = -0.01401050511424587
ccd_tilt_z = 3.2432712615590453e-06
p = 7.503272727272728e-06