slit_dec_x_a = -0.181778666534
slit_dec_y_a = -0.18243150017
slit_dec_x_b = 0.14512077562974193
slit_dec_y_b = -0.05510809031835813
slit_defocus = -0.013811187381959553
slit_tilt_x = 1.0540936181984517
slit_tilt_y = -8.559924097409413
slit_tilt_z = -9.026863918222835
d_slit_col = 1594.2903387517108
coll_tilt_x = 0.12137767525512867
coll_tilt_y = -0.0264632101749889
ech_G = 31.614563323770803
ech_blaze = -74.99488511690555
ech_gamma = 1.1556330489552011
echelle_z = 0.05700876521997876
d_col_trf = -1588.0163617198152
trf_mirror_tilt_x = 0.007322735179013516
trf_mirror_tilt_y = 0.1554154753116191
d_col_grm = 0.0357129956042194
grism_dec_x = 236.38321995673508
grism_dec_y = 0.009262284300711302
grm_tilt_x = -0.023499692509109833
grm_tilt_y = 2.325790936446677
grm_G = 222.78406572422662
grm_apex = 17.766565252731198
d_grm_cam  = 21.6046997832763
cam_dec_x = -0.27109466303917124
cam_dec_y = 0.29085137350629464
cam_tilt_x = 0.012379744676288372
cam_tilt_y = 0.00884100847704326
d_cam_ff  = -160.07723970064586
ccd_ff_dec_x = -0.02379437618455098
ccd_ff_dec_y = 0.04197091580959309
ccd_ff_tilt_x = 0.03345497772162076
ccd_ff_tilt_y = -0.5909829262305991
ccd_ff_tilt_z = 0.1719195703034509
d_ff_ccd  = -4.815998867775316
ccd_dec_x = 0.5533005479984103
ccd_dec_y = 5.107633413117258
ccd_defocus = 0.2857223192312148
ccd_tilt_x = 0.032607179188253746
ccd_tilt_y = -0.002187944310010934
ccd_tilt_z = 4.649902162650548e-06
p = 0.0001