slit_dec_x_a = -0.181778666534
slit_dec_y_a = -0.18243150017
slit_dec_x_b = 0.14512077562974193
slit_dec_y_b = -0.05510809031835813
slit_defocus = -0.0021981611052420977
slit_tilt_x = 1.1346978506057508
slit_tilt_y = -8.568288553868351
slit_tilt_z = -9.003622019033847
d_slit_col = 1594.3039169668314
coll_tilt_x = 0.08640878927487923
coll_tilt_y = -0.022026994952431343
ech_G = 31.61091972589046
ech_blaze = -74.99577635582568
ech_gamma = 1.1581892159510236
echelle_z = 0.05721047698230165
d_col_trf = -1588.0162347606113
trf_mirror_tilt_x = 0.12251494297254639
trf_mirror_tilt_y = 0.018665879920812308
d_col_grm = 0.015003323143097679
grism_dec_x = 236.39750120097406
grism_dec_y = -0.005037780186046474
grm_tilt_x = -0.024714312481209717
grm_tilt_y = 2.3274514551992884
grm_G = 222.78577861326747
grm_apex = 17.809146067710046
d_grm_cam  = 21.604482454882728
cam_dec_x = -0.2836120593517055
cam_dec_y = 0.28971053396208907
cam_tilt_x = 0.004320899870601447
cam_tilt_y = -0.027795788550942807
d_cam_ff  = -160.56976655002464
ccd_ff_dec_x = -0.02279642239512185
ccd_ff_dec_y = -0.04778339147960673
ccd_ff_tilt_x = 0.1650502830238923
ccd_ff_tilt_y = -0.5895409600223063
ccd_ff_tilt_z = 0.17179597896809765
d_ff_ccd  = -4.78537928085701
ccd_dec_x = 0.5519175742728503
ccd_dec_y = 5.106391373384193
ccd_defocus = 0.3157939650268001
ccd_tilt_x = 0.02137741910472109
ccd_tilt_y = -0.004198858936523531
ccd_tilt_z = 3.2254345828462745e-07
p = 1.4156363636363635e-05