slit_dec_x_a = -0.17044217526046673
slit_dec_y_a = -0.19594773650858946
slit_dec_x_b = 0.175
slit_dec_y_b = -1.9983139331997445e-96
slit_defocus = 0.005568547991628662
slit_tilt_x = 1.1860896908827772
slit_tilt_y = -8.539992495907212
slit_tilt_z = -8.990842144259188
d_slit_col = 1594.294464171543
coll_tilt_x = 0.08864344335113543
coll_tilt_y = -0.03175207321627968
ech_G = 31.61067969185562
ech_blaze = -74.97698924226827
ech_gamma = 1.1404554488971714
echelle_z = 0.07481782941666533
d_col_trf = -1588.0185714779643
trf_mirror_tilt_x = 0.1386775777997398
trf_mirror_tilt_y = 0.07758335131310562
d_col_grm = -0.009563065123201387
grism_dec_x = 236.4343131949002
grism_dec_y = 0.0342413949305861
grm_tilt_x = -0.015688338814362483
grm_tilt_y = 2.304393217152502
grm_G = 222.82516812016843
grm_apex = 17.815114425266596
d_grm_cam  = 21.60847340871934
cam_dec_x = -0.302162432721409
cam_dec_y = 0.2503748508176599
cam_tilt_x = -0.01863524299058892
cam_tilt_y = -0.015046414081525674
d_cam_ff  = -160.40097544973563
ccd_ff_dec_x = -0.003538016065126519
ccd_ff_dec_y = 0.00016723570280236685
ccd_ff_tilt_x = 0.14602149590002875
ccd_ff_tilt_y = -0.5720870223915137
ccd_ff_tilt_z = 0.17260547027899628
d_ff_ccd  = -4.811217207067167
ccd_dec_x = 0.6207057888626095
ccd_dec_y = 5.155292187598461
ccd_defocus = 0.3162956061782369
ccd_tilt_x = 0.007728604474046064
ccd_tilt_y = -0.014011489221590488
ccd_tilt_z = 3.1258221543862037e-06
p = 1.4156363636363635e-05