slit_dec_x_a = -0.1704010755187174
slit_dec_y_a = -0.1956586180351446
slit_dec_x_b = 0.175
slit_dec_y_b = -1.8119117972743377e-96
slit_defocus = 0.021341630676456492
slit_tilt_x = 1.113933004585918
slit_tilt_y = -8.53847521308127
slit_tilt_z = -8.99160856494026
d_slit_col = 1594.3099911710071
coll_tilt_x = 0.11317056817625976
coll_tilt_y = -0.028888697266014278
ech_G = 31.61323067921488
ech_blaze = -74.97482749898276
ech_gamma = 1.1389780343403402
echelle_z = 0.07477035345844528
d_col_trf = -1588.017230760897
trf_mirror_tilt_x = 0.026353926622051046
trf_mirror_tilt_y = 0.162289662877348
d_col_grm = -0.004858063374819155
grism_dec_x = 236.42328964825487
grism_dec_y = 0.03816427428144173
grm_tilt_x = -0.014053264562833819
grm_tilt_y = 2.3052770109619822
grm_G = 222.82400532707766
grm_apex = 17.79099901144685
d_grm_cam  = 21.609818533955732
cam_dec_x = -0.3095648718776985
cam_dec_y = 0.24728198062697707
cam_tilt_x = -0.011050524713859497
cam_tilt_y = 0.0037661357448272137
d_cam_ff  = -160.05736792425577
ccd_ff_dec_x = -0.0026008379502401786
ccd_ff_dec_y = 0.05296444180419438
ccd_ff_tilt_x = 0.019485643292035323
ccd_ff_tilt_y = -0.572799813794494
ccd_ff_tilt_z = 0.18005744211030997
d_ff_ccd  = -4.838942580257649
ccd_dec_x = 0.621405950032547
ccd_dec_y = 5.157149820603155
ccd_defocus = 0.28078776277363215
ccd_tilt_x = 0.005077491627292674
ccd_tilt_y = -0.010906199235833901
ccd_tilt_z = 5.044143514092985e-06
p = 0.0001