slit_dec_x_a = -0.181778666534
slit_dec_y_a = -0.18243150017
slit_dec_x_b = 0.14512077562974193
slit_dec_y_b = -0.05510809031835813
slit_defocus = -0.00219477090649833
slit_tilt_x = 1.134716841711132
slit_tilt_y = -8.568334910278791
slit_tilt_z = -9.003607507432067
d_slit_col = 1594.30392552245
coll_tilt_x = 0.08648024294552589
coll_tilt_y = -0.022050286107727763
ech_G = 31.610901303076094
ech_blaze = -74.9955711798605
ech_gamma = 1.158172102575533
echelle_z = 0.05691961563106495
d_col_trf = -1588.0162208668175
trf_mirror_tilt_x = 0.12250380163902942
trf_mirror_tilt_y = 0.01873977379462134
d_col_grm = 0.015000363832252506
grism_dec_x = 236.3975089204451
grism_dec_y = -0.00507026898412631
grm_tilt_x = -0.02470686784652538
grm_tilt_y = 2.3273904637354206
grm_G = 222.78585467852523
grm_apex = 17.8091442188922
d_grm_cam  = 21.60460154196618
cam_dec_x = -0.28361808553082424
cam_dec_y = 0.2897620503144943
cam_tilt_x = 0.004302336358937773
cam_tilt_y = -0.027799058483466272
d_cam_ff  = -160.56959832568825
ccd_ff_dec_x = -0.02285420161380221
ccd_ff_dec_y = -0.04777293214617811
ccd_ff_tilt_x = 0.16502727906715617
ccd_ff_tilt_y = -0.5895211360554979
ccd_ff_tilt_z = 0.1718626620353505
d_ff_ccd  = -4.785367758042792
ccd_dec_x = 0.5519127376415485
ccd_dec_y = 5.106470859756986
ccd_defocus = 0.31583894003359564
ccd_tilt_x = 0.021434321865784402
ccd_tilt_y = -0.004229842789923853
ccd_tilt_z = 2.222025708935733e-07
p = 1.1723636363636365e-05