slit_dec_x_a = -0.17045816163230149
slit_dec_y_a = -0.19609377085349883
slit_dec_x_b = 0.175
slit_dec_y_b = -2.3975385311996045e-96
slit_defocus = 0.005520596793777186
slit_tilt_x = 1.1861301663594725
slit_tilt_y = -8.54006828449677
slit_tilt_z = -8.990859052857363
d_slit_col = 1594.2944532673569
coll_tilt_x = 0.08875868219782368
coll_tilt_y = -0.031683713797985055
ech_G = 31.610673572933337
ech_blaze = -74.97701174565209
ech_gamma = 1.1406072101905869
echelle_z = 0.07519374855983625
d_col_trf = -1588.0185678890673
trf_mirror_tilt_x = 0.13871775015798143
trf_mirror_tilt_y = 0.07758154957415317
d_col_grm = -0.009536356033809801
grism_dec_x = 236.43432215409402
grism_dec_y = 0.03425691258865516
grm_tilt_x = -0.015866285875458006
grm_tilt_y = 2.3043911308153904
grm_G = 222.8252152331295
grm_apex = 17.815114967935376
d_grm_cam  = 21.608480403993603
cam_dec_x = -0.30211953278197035
cam_dec_y = 0.25036316716561313
cam_tilt_x = -0.018082332027038243
cam_tilt_y = -0.014988113871747415
d_cam_ff  = -160.40094361412562
ccd_ff_dec_x = -0.0035673665629360357
ccd_ff_dec_y = 0.00012231890095648344
ccd_ff_tilt_x = 0.1460254788157724
ccd_ff_tilt_y = -0.5720359644032389
ccd_ff_tilt_z = 0.1725613516659276
d_ff_ccd  = -4.811216908068907
ccd_dec_x = 0.6206362685671701
ccd_dec_y = 5.155281411746033
ccd_defocus = 0.31630711351636737
ccd_tilt_x = 0.00782335627414618
ccd_tilt_y = -0.014009983628979573
ccd_tilt_z = 3.2451800700965874e-06
p = 1.1723636363636365e-05