slit_dec_x_a = -0.1704010755187174
slit_dec_y_a = -0.1956586180351446
slit_dec_x_b = 0.175
slit_dec_y_b = -1.8587966050077312e-96
slit_defocus = 0.021363414760665986
slit_tilt_x = 1.1140236820404255
slit_tilt_y = -8.538426401846799
slit_tilt_z = -8.991742670516194
d_slit_col = 1594.3099518139647
coll_tilt_x = 0.11322419314517304
coll_tilt_y = -0.028885712355263563
ech_G = 31.613229874626256
ech_blaze = -74.97482814649031
ech_gamma = 1.1389712310655824
echelle_z = 0.07476470688470484
d_col_trf = -1588.0172361060513
trf_mirror_tilt_x = 0.026294179409169054
trf_mirror_tilt_y = 0.16223327202866974
d_col_grm = -0.004804486968135769
grism_dec_x = 236.4232585682217
grism_dec_y = 0.038146216394008295
grm_tilt_x = -0.01405725159119037
grm_tilt_y = 2.3052721146123503
grm_G = 222.82400641781786
grm_apex = 17.791061947151533
d_grm_cam  = 21.60981854985219
cam_dec_x = -0.30962692624238747
cam_dec_y = 0.2473443637713035
cam_tilt_x = -0.01104036402943214
cam_tilt_y = 0.0037557096968167023
d_cam_ff  = -160.05748954269205
ccd_ff_dec_x = -0.0025973641637420473
ccd_ff_dec_y = 0.05302236938144821
ccd_ff_tilt_x = 0.019565417364456408
ccd_ff_tilt_y = -0.5728053498905475
ccd_ff_tilt_z = 0.1800516485148571
d_ff_ccd  = -4.83900236024369
ccd_dec_x = 0.6214070587999283
ccd_dec_y = 5.15715099961853
ccd_defocus = 0.28076202879495776
ccd_tilt_x = 0.005063738004025155
ccd_tilt_y = -0.01089628373943358
ccd_tilt_z = 5.03548400901024e-06
p = 0.0001