slit_dec_x_a = -0.181778666534
slit_dec_y_a = -0.18243150017
slit_dec_x_b = 0.14512077562974193
slit_dec_y_b = -0.05510809031835813
slit_defocus = -0.013789853890211982
slit_tilt_x = 1.0541520850052823
slit_tilt_y = -8.559952883316994
slit_tilt_z = -9.026848412986421
d_slit_col = 1594.2902955647996
coll_tilt_x = 0.12149144204437973
coll_tilt_y = -0.026464046903985728
ech_G = 31.614565821436205
ech_blaze = -74.99488302365587
ech_gamma = 1.155642716126827
echelle_z = 0.057003174585448985
d_col_trf = -1588.0163653806726
trf_mirror_tilt_x = 0.0073219715739421334
trf_mirror_tilt_y = 0.15544380866531995
d_col_grm = 0.035656726438262336
grism_dec_x = 236.38320964937571
grism_dec_y = 0.009227424550054847
grm_tilt_x = -0.023505416074109456
grm_tilt_y = 2.325785627405243
grm_G = 222.78407486340996
grm_apex = 17.766556423589662
d_grm_cam  = 21.604698892156375
cam_dec_x = -0.27104144444831224
cam_dec_y = 0.29089879819810566
cam_tilt_x = 0.012445828605217495
cam_tilt_y = 0.008824945571162372
d_cam_ff  = -160.07687714598683
ccd_ff_dec_x = -0.023800586010530943
ccd_ff_dec_y = 0.042090632791061816
ccd_ff_tilt_x = 0.03347233310456098
ccd_ff_tilt_y = -0.590977445410061
ccd_ff_tilt_z = 0.17191243063168068
d_ff_ccd  = -4.815968085707963
ccd_dec_x = 0.553293088155372
ccd_dec_y = 5.1076289864025455
ccd_defocus = 0.2857045362741119
ccd_tilt_x = 0.03259950355768813
ccd_tilt_y = -0.002113789489020015
ccd_tilt_z = 4.704569003611453e-06
p = 0.0001