slit_dec_x_a = -0.181778666534
slit_dec_y_a = -0.18243150017
slit_dec_x_b = 0.14512077562974193
slit_dec_y_b = -0.05510809031835813
slit_defocus = -0.0022100195255369956
slit_tilt_x = 1.1346896258385317
slit_tilt_y = -8.56823586523899
slit_tilt_z = -9.003675965829236
d_slit_col = 1594.3039338572892
coll_tilt_x = 0.08644304431773646
coll_tilt_y = -0.02206377619017869
ech_G = 31.610880007879764
ech_blaze = -74.99553966201498
ech_gamma = 1.1581167519287117
echelle_z = 0.057521041551832956
d_col_trf = -1588.01623445916
trf_mirror_tilt_x = 0.12253167889651508
trf_mirror_tilt_y = 0.01868033938182852
d_col_grm = 0.015058136059061374
grism_dec_x = 236.3974768419117
grism_dec_y = -0.005029939731506449
grm_tilt_x = -0.024735325178717255
grm_tilt_y = 2.327287353713935
grm_G = 222.78586586126752
grm_apex = 17.80920331125516
d_grm_cam  = 21.60436485021659
cam_dec_x = -0.28359064507852005
cam_dec_y = 0.28975133440598133
cam_tilt_x = 0.0043290739470927915
cam_tilt_y = -0.027816097412923783
d_cam_ff  = -160.56980131791735
ccd_ff_dec_x = -0.022720794057313885
ccd_ff_dec_y = -0.047794023863407156
ccd_ff_tilt_x = 0.1650224728858841
ccd_ff_tilt_y = -0.5896702694029691
ccd_ff_tilt_z = 0.1717204106488093
d_ff_ccd  = -4.785395877406026
ccd_dec_x = 0.5519914388314171
ccd_dec_y = 5.1060649482143
ccd_defocus = 0.3157481603804074
ccd_tilt_x = 0.02135113945753858
ccd_tilt_y = -0.004217065998635529
ccd_tilt_z = 3.911347641295345e-07
p = 2.2491666666666667e-05