slit_dec_x_a = -0.17038919921117415
slit_dec_y_a = -0.19597051386152484
slit_dec_x_b = 0.175
slit_dec_y_b = -1.5720761666498153e-96
slit_defocus = 0.005566846814264035
slit_tilt_x = 1.1861782562287366
slit_tilt_y = -8.540019650478825
slit_tilt_z = -8.990834102228416
d_slit_col = 1594.2944530048903
coll_tilt_x = 0.0887902267811614
coll_tilt_y = -0.03183128248835688
ech_G = 31.610666802803852
ech_blaze = -74.97686252821234
ech_gamma = 1.140412773245882
echelle_z = 0.07489731921195658
d_col_trf = -1588.01852747431
trf_mirror_tilt_x = 0.1386710809580735
trf_mirror_tilt_y = 0.07754718388146442
d_col_grm = -0.009531276641216826
grism_dec_x = 236.434324959423
grism_dec_y = 0.03417358438181944
grm_tilt_x = -0.015748438188239646
grm_tilt_y = 2.3043659655878215
grm_G = 222.82518962259815
grm_apex = 17.815145658601114
d_grm_cam  = 21.608463589307377
cam_dec_x = -0.3021250342424396
cam_dec_y = 0.2503275685069177
cam_tilt_x = -0.01848494537674123
cam_tilt_y = -0.015066435370364535
d_cam_ff  = -160.40093128652117
ccd_ff_dec_x = -0.0035215691769716665
ccd_ff_dec_y = 0.00021240766814183818
ccd_ff_tilt_x = 0.1460252668538605
ccd_ff_tilt_y = -0.5720473678520482
ccd_ff_tilt_z = 0.1725897078738619
d_ff_ccd  = -4.811269261425303
ccd_dec_x = 0.6206906806228911
ccd_dec_y = 5.155326272088917
ccd_defocus = 0.3163283141100234
ccd_tilt_x = 0.007713051146877698
ccd_tilt_y = -0.014096037424404354
ccd_tilt_z = 3.171972572413069e-06
p = 2.2491666666666667e-05