slit_dec_x_a = -0.17044394293331389
slit_dec_y_a = -0.1959131427763444
slit_dec_x_b = 0.175
slit_dec_y_b = -1.990610755855209e-96
slit_defocus = 0.00556120678311637
slit_tilt_x = 1.186097455200548
slit_tilt_y = -8.539999208550535
slit_tilt_z = -8.99084932444579
d_slit_col = 1594.2944690306456
coll_tilt_x = 0.08870175938375777
coll_tilt_y = -0.03176552406014997
ech_G = 31.61068310083576
ech_blaze = -74.97696340197362
ech_gamma = 1.1404577068538928
echelle_z = 0.07480665185018652
d_col_trf = -1588.018570784726
trf_mirror_tilt_x = 0.13867207271076834
trf_mirror_tilt_y = 0.07758700573278259
d_col_grm = -0.009558441041725664
grism_dec_x = 236.43431150794856
grism_dec_y = 0.034238394889045884
grm_tilt_x = -0.015691297411563394
grm_tilt_y = 2.3043962773861497
grm_G = 222.82517479226186
grm_apex = 17.81511280924482
d_grm_cam  = 21.6084841652632
cam_dec_x = -0.3021663097229792
cam_dec_y = 0.2503634507011078
cam_tilt_x = -0.018611619410126304
cam_tilt_y = -0.015040482810254744
d_cam_ff  = -160.4009716610381
ccd_ff_dec_x = -0.0035344350375545834
ccd_ff_dec_y = 0.0001734359098252489
ccd_ff_tilt_x = 0.14602319738925856
ccd_ff_tilt_y = -0.572093161682865
ccd_ff_tilt_z = 0.17260140905506555
d_ff_ccd  = -4.811226423345303
ccd_dec_x = 0.6207008148621543
ccd_dec_y = 5.155291139820223
ccd_defocus = 0.3163027594954765
ccd_tilt_x = 0.007737913898695266
ccd_tilt_y = -0.014007082105579473
ccd_tilt_z = 3.0933637041343533e-06
p = 1.0709166666666664e-05