slit_dec_x_a = -0.181778666534
slit_dec_y_a = -0.18243150017
slit_dec_x_b = 0.14512077562974193
slit_dec_y_b = -0.05510809031835813
slit_defocus = -0.0021925738927545467
slit_tilt_x = 1.1346952598152464
slit_tilt_y = -8.56828490061341
slit_tilt_z = -9.003612316251857
d_slit_col = 1594.3039191093037
coll_tilt_x = 0.08640435948316552
coll_tilt_y = -0.022033659540566276
ech_G = 31.61091328420959
ech_blaze = -74.99573505244327
ech_gamma = 1.1581834527564092
echelle_z = 0.05722702853897096
d_col_trf = -1588.0162039640586
trf_mirror_tilt_x = 0.12252833504345818
trf_mirror_tilt_y = 0.018665362723004005
d_col_grm = 0.015011680919123992
grism_dec_x = 236.3974897065096
grism_dec_y = -0.005032465707702155
grm_tilt_x = -0.02471285394377332
grm_tilt_y = 2.3274395884978474
grm_G = 222.78575723897353
grm_apex = 17.80915134576182
d_grm_cam  = 21.604499846976612
cam_dec_x = -0.28360991347710585
cam_dec_y = 0.28971307267203117
cam_tilt_x = 0.004320971202025942
cam_tilt_y = -0.02778206265771792
d_cam_ff  = -160.56970881419474
ccd_ff_dec_x = -0.022748988531377943
ccd_ff_dec_y = -0.047786808551827924
ccd_ff_tilt_x = 0.16503848472756832
ccd_ff_tilt_y = -0.5895385072808514
ccd_ff_tilt_z = 0.1718041209468957
d_ff_ccd  = -4.7853673370752325
ccd_dec_x = 0.5519362682831073
ccd_dec_y = 5.106365068386398
ccd_defocus = 0.3157969910378759
ccd_tilt_x = 0.021376476866556117
ccd_tilt_y = -0.004203264546680153
ccd_tilt_z = 3.0192522344819127e-07
p = 1.0709166666666664e-05