slit_dec_x_a = -0.17039596979796626
slit_dec_y_a = -0.19598179433404853
slit_dec_x_b = 0.175
slit_dec_y_b = -1.510970411964186e-96
slit_defocus = 0.0055692798369058084
slit_tilt_x = 1.1861788533732573
slit_tilt_y = -8.540020778840924
slit_tilt_z = -8.99084974866007
d_slit_col = 1594.2944581975567
coll_tilt_x = 0.08883907196677243
coll_tilt_y = -0.03184004797886826
ech_G = 31.61067140231194
ech_blaze = -74.9768503675669
ech_gamma = 1.1404251685632159
echelle_z = 0.07485589700725341
d_col_trf = -1588.0185339622774
trf_mirror_tilt_x = 0.1386749905682921
trf_mirror_tilt_y = 0.07754970495018441
d_col_grm = -0.00953941958982882
grism_dec_x = 236.43431704485104
grism_dec_y = 0.03417995661643687
grm_tilt_x = -0.015743650559507105
grm_tilt_y = 2.3043680430999807
grm_G = 222.82518415869208
grm_apex = 17.81513676181236
d_grm_cam  = 21.608456421480643
cam_dec_x = -0.3021310284103972
cam_dec_y = 0.25032219270819767
cam_tilt_x = -0.0185041083233148
cam_tilt_y = -0.015055257334124352
d_cam_ff  = -160.40093418650557
ccd_ff_dec_x = -0.0035184255557865114
ccd_ff_dec_y = 0.00020905413698171248
ccd_ff_tilt_x = 0.1460328898411346
ccd_ff_tilt_y = -0.572050285774849
ccd_ff_tilt_z = 0.17258679695016738
d_ff_ccd  = -4.81126841380658
ccd_dec_x = 0.6206890941674723
ccd_dec_y = 5.155322168409313
ccd_defocus = 0.3163215850850168
ccd_tilt_x = 0.007700377812134449
ccd_tilt_y = -0.014096194479180802
ccd_tilt_z = 3.1614536613175955e-06
p = 1.8949090909090908e-05