slit_dec_x_a = -0.1704010755187174
slit_dec_y_a = -0.1956586180351446
slit_dec_x_b = 0.175
slit_dec_y_b = -1.821982649001419e-96
slit_defocus = 0.021400353527495048
slit_tilt_x = 1.1140553518609242
slit_tilt_y = -8.538463159558999
slit_tilt_z = -8.991657986831676
d_slit_col = 1594.3099877439913
coll_tilt_x = 0.11320367473121776
coll_tilt_y = -0.028927901414627952
ech_G = 31.613239189290404
ech_blaze = -74.9748261169806
ech_gamma = 1.138979343948854
echelle_z = 0.07477020252948345
d_col_trf = -1588.0172238179725
trf_mirror_tilt_x = 0.026254488037521166
trf_mirror_tilt_y = 0.16220238617041716
d_col_grm = -0.00478851862853633
grism_dec_x = 236.4232690745913
grism_dec_y = 0.03821843773349239
grm_tilt_x = -0.014058101154978082
grm_tilt_y = 2.3052755345087146
grm_G = 222.82400670882288
grm_apex = 17.79104333807687
d_grm_cam  = 21.609816083577257
cam_dec_x = -0.3095699087338534
cam_dec_y = 0.24727408212306914
cam_tilt_x = -0.011090379866221176
cam_tilt_y = 0.003725454308089363
d_cam_ff  = -160.0576590584027
ccd_ff_dec_x = -0.002597344154981738
ccd_ff_dec_y = 0.052979038897937564
ccd_ff_tilt_x = 0.019511226186357065
ccd_ff_tilt_y = -0.5728017933146173
ccd_ff_tilt_z = 0.1800504604867948
d_ff_ccd  = -4.83898193231965
ccd_dec_x = 0.6214037919570129
ccd_dec_y = 5.157146437366704
ccd_defocus = 0.28077577200613446
ccd_tilt_x = 0.005065287170760513
ccd_tilt_y = -0.010891486397946458
ccd_tilt_z = 5.082227791999611e-06
p = 0.0001