slit_dec_x_a = -0.181778666534
slit_dec_y_a = -0.18243150017
slit_dec_x_b = 0.14512077562974193
slit_dec_y_b = -0.05510809031835813
slit_defocus = -0.01379744830424394
slit_tilt_x = 1.0540678968788992
slit_tilt_y = -8.559965556819305
slit_tilt_z = -9.026899989731481
d_slit_col = 1594.2902647656938
coll_tilt_x = 0.12142953059443076
coll_tilt_y = -0.026518792135985236
ech_G = 31.614563693791677
ech_blaze = -74.99489139274698
ech_gamma = 1.1556462298055366
echelle_z = 0.056998376074061614
d_col_trf = -1588.0163710504473
trf_mirror_tilt_x = 0.007334578813778616
trf_mirror_tilt_y = 0.1554276853665879
d_col_grm = 0.03562182020997565
grism_dec_x = 236.38321770525937
grism_dec_y = 0.009269331667524599
grm_tilt_x = -0.023504933544925114
grm_tilt_y = 2.325781211329939
grm_G = 222.7840671472568
grm_apex = 17.76653866865661
d_grm_cam  = 21.604703989491174
cam_dec_x = -0.27115642436244874
cam_dec_y = 0.29089337786649033
cam_tilt_x = 0.012464203220918057
cam_tilt_y = 0.008817907592178474
d_cam_ff  = -160.0771394282051
ccd_ff_dec_x = -0.023807253511414786
ccd_ff_dec_y = 0.0420856135248735
ccd_ff_tilt_x = 0.03343124033735238
ccd_ff_tilt_y = -0.5909800220485237
ccd_ff_tilt_z = 0.17191911456253886
d_ff_ccd  = -4.815952534186465
ccd_dec_x = 0.5532962600913328
ccd_dec_y = 5.107639886673994
ccd_defocus = 0.2857824602706941
ccd_tilt_x = 0.0326169632656441
ccd_tilt_y = -0.002140769051878359
ccd_tilt_z = 4.621004652474714e-06
p = 0.0001