slit_dec_x_a = -0.181778666534
slit_dec_y_a = -0.18243150017
slit_dec_x_b = 0.14512077562974193
slit_dec_y_b = -0.05510809031835813
slit_defocus = -0.013769791635829066
slit_tilt_x = 1.0540590986628042
slit_tilt_y = -8.559947773375152
slit_tilt_z = -9.02681671777422
d_slit_col = 1594.2902726057102
coll_tilt_x = 0.12145536717652582
coll_tilt_y = -0.02642702361042241
ech_G = 31.61456241522021
ech_blaze = -74.994888828817
ech_gamma = 1.1556340506728737
echelle_z = 0.05700496346079396
d_col_trf = -1588.0163695500194
trf_mirror_tilt_x = 0.007282681676809042
trf_mirror_tilt_y = 0.15542435093060164
d_col_grm = 0.035725135340264315
grism_dec_x = 236.38326687962123
grism_dec_y = 0.009223986630265364
grm_tilt_x = -0.02351137676040379
grm_tilt_y = 2.3257898616638384
grm_G = 222.78407094571222
grm_apex = 17.766578319476768
d_grm_cam  = 21.60469204067524
cam_dec_x = -0.2711519195978965
cam_dec_y = 0.290953625078816
cam_tilt_x = 0.012452698691550754
cam_tilt_y = 0.0087861356709341
d_cam_ff  = -160.0772975807342
ccd_ff_dec_x = -0.023802800229439525
ccd_ff_dec_y = 0.04208808658392654
ccd_ff_tilt_x = 0.033436040505524046
ccd_ff_tilt_y = -0.5909818265449501
ccd_ff_tilt_z = 0.17191794433679317
d_ff_ccd  = -4.816003636528565
ccd_dec_x = 0.5532987935580757
ccd_dec_y = 5.107632514741286
ccd_defocus = 0.2857331173542039
ccd_tilt_x = 0.03253949580192639
ccd_tilt_y = -0.002110379915384022
ccd_tilt_z = 4.6878782655831024e-06
p = 0.0001