slit_dec_x_a = -0.17042329149129432
slit_dec_y_a = -0.19598336941233355
slit_dec_x_b = 0.175
slit_dec_y_b = -1.8279473664692674e-96
slit_defocus = 0.005561345736033714
slit_tilt_x = 1.1861594737767736
slit_tilt_y = -8.539999857128116
slit_tilt_z = -8.990842244958227
d_slit_col = 1594.294463316475
coll_tilt_x = 0.08876574619670018
coll_tilt_y = -0.03179598356362786
ech_G = 31.61065032227458
ech_blaze = -74.97673398191577
ech_gamma = 1.1404656655189604
echelle_z = 0.07487065098332722
d_col_trf = -1588.0185421500619
trf_mirror_tilt_x = 0.1386658828697965
trf_mirror_tilt_y = 0.07758807272128479
d_col_grm = -0.009553143968721915
grism_dec_x = 236.43432515100926
grism_dec_y = 0.034208946040322194
grm_tilt_x = -0.01567419415042338
grm_tilt_y = 2.3043618971222095
grm_G = 222.8251876658334
grm_apex = 17.81510749997052
d_grm_cam  = 21.608453086894023
cam_dec_x = -0.30216788131132866
cam_dec_y = 0.25033423855181364
cam_tilt_x = -0.0186349463978615
cam_tilt_y = -0.015047517946467475
d_cam_ff  = -160.4009443459395
ccd_ff_dec_x = -0.0035079759023926545
ccd_ff_dec_y = 0.00018206469874679695
ccd_ff_tilt_x = 0.14602691597380682
ccd_ff_tilt_y = -0.572052411016413
ccd_ff_tilt_z = 0.17258174051139696
d_ff_ccd  = -4.811258991873667
ccd_dec_x = 0.6206903526050327
ccd_dec_y = 5.155318136950519
ccd_defocus = 0.3163264273206121
ccd_tilt_x = 0.007729013593307049
ccd_tilt_y = -0.014054624454848551
ccd_tilt_z = 3.161489945405944e-06
p = 2.6147500000000002e-06