slit_dec_x_a = -0.181778666534
slit_dec_y_a = -0.18243150017
slit_dec_x_b = 0.14512077562974193
slit_dec_y_b = -0.05510809031835813
slit_defocus = -0.0021755986936392874
slit_tilt_x = 1.1346674256472007
slit_tilt_y = -8.568223223671382
slit_tilt_z = -9.00362550170761
d_slit_col = 1594.3039369827773
coll_tilt_x = 0.0864667261937102
coll_tilt_y = -0.021990755386139912
ech_G = 31.610908880371557
ech_blaze = -74.99561381739642
ech_gamma = 1.1580546384659898
echelle_z = 0.05757168872014058
d_col_trf = -1588.0161040330033
trf_mirror_tilt_x = 0.12251084657435994
trf_mirror_tilt_y = 0.01864301034579425
d_col_grm = 0.015094562768247782
grism_dec_x = 236.39743304917855
grism_dec_y = -0.005003728495460994
grm_tilt_x = -0.024910676098810203
grm_tilt_y = 2.3270024220863337
grm_G = 222.7857776102561
grm_apex = 17.809188871221313
d_grm_cam  = 21.604696672268187
cam_dec_x = -0.28357724933034956
cam_dec_y = 0.28970250149437893
cam_tilt_x = 0.004281761254496353
cam_tilt_y = -0.027792825388379676
d_cam_ff  = -160.569709168414
ccd_ff_dec_x = -0.022897304384978976
ccd_ff_dec_y = -0.047769676631041084
ccd_ff_tilt_x = 0.16504462542500956
ccd_ff_tilt_y = -0.5895394498229103
ccd_ff_tilt_z = 0.17182412654442752
d_ff_ccd  = -4.785429677075647
ccd_dec_x = 0.5519576535036806
ccd_dec_y = 5.10610680395198
ccd_defocus = 0.3157638150060851
ccd_tilt_x = 0.02133276253022709
ccd_tilt_y = -0.004226255574013719
ccd_tilt_z = 3.591369217589816e-07
p = 5.0661666666666665e-06