slit_dec_x_a = -0.181778666534
slit_dec_y_a = -0.18243150017
slit_dec_x_b = 0.14512077562974193
slit_dec_y_b = -0.05510809031835813
slit_defocus = -0.013830981548403386
slit_tilt_x = 1.0541014097277042
slit_tilt_y = -8.559929713353844
slit_tilt_z = -9.026857772026426
d_slit_col = 1594.2902776728097
coll_tilt_x = 0.12142187043160389
coll_tilt_y = -0.026438643327425803
ech_G = 31.614567465773312
ech_blaze = -74.99488513148535
ech_gamma = 1.1556397696521385
echelle_z = 0.05700379915868672
d_col_trf = -1588.0163695443553
trf_mirror_tilt_x = 0.0072678418318012465
trf_mirror_tilt_y = 0.15551454459039019
d_col_grm = 0.035710910856598894
grism_dec_x = 236.38321332377015
grism_dec_y = 0.00929731965170719
grm_tilt_x = -0.02350447777868114
grm_tilt_y = 2.32579187869332
grm_G = 222.78407067227695
grm_apex = 17.76653466388493
d_grm_cam  = 21.604700473007235
cam_dec_x = -0.2711145058391181
cam_dec_y = 0.29079745034300375
cam_tilt_x = 0.012417663075865289
cam_tilt_y = 0.008844636584412098
d_cam_ff  = -160.07712241956827
ccd_ff_dec_x = -0.02380568090853617
ccd_ff_dec_y = 0.04198096541234879
ccd_ff_tilt_x = 0.03348549834715181
ccd_ff_tilt_y = -0.5909834736021146
ccd_ff_tilt_z = 0.1719189907237357
d_ff_ccd  = -4.815982996345548
ccd_dec_x = 0.5532956245914329
ccd_dec_y = 5.10763257801703
ccd_defocus = 0.28584023113291096
ccd_tilt_x = 0.03263804251473525
ccd_tilt_y = -0.0021855277791621597
ccd_tilt_z = 4.732948568788036e-06
p = 0.0001