slit_dec_x_a = -0.1704399494882054
slit_dec_y_a = -0.19606278780821187
slit_dec_x_b = 0.175
slit_dec_y_b = -2.28444328152277e-96
slit_defocus = 0.005505481390785259
slit_tilt_x = 1.1861254829027215
slit_tilt_y = -8.540073395872918
slit_tilt_z = -8.990864184825025
d_slit_col = 1594.2944503877704
coll_tilt_x = 0.088815095688779
coll_tilt_y = -0.03176400424156692
ech_G = 31.610690188280973
ech_blaze = -74.97704279932027
ech_gamma = 1.1405186163334793
echelle_z = 0.0752176129524132
d_col_trf = -1588.018548412044
trf_mirror_tilt_x = 0.1387049152088506
trf_mirror_tilt_y = 0.07755066398847858
d_col_grm = -0.009516442201391903
grism_dec_x = 236.43432166980568
grism_dec_y = 0.03423821835565664
grm_tilt_x = -0.015957064360161137
grm_tilt_y = 2.304383149764712
grm_G = 222.82519901317895
grm_apex = 17.81511987583123
d_grm_cam  = 21.608506134918734
cam_dec_x = -0.30211451150879826
cam_dec_y = 0.25034172099790786
cam_tilt_x = -0.01806890484839144
cam_tilt_y = -0.014984956326587858
d_cam_ff  = -160.40095452363374
ccd_ff_dec_x = -0.0035491204911494135
ccd_ff_dec_y = 0.00012565475369386716
ccd_ff_tilt_x = 0.14604179891127006
ccd_ff_tilt_y = -0.5720433602221738
ccd_ff_tilt_z = 0.17255860382336205
d_ff_ccd  = -4.8112319641933405
ccd_dec_x = 0.6206316556065229
ccd_dec_y = 5.155280005874806
ccd_defocus = 0.31631760543186627
ccd_tilt_x = 0.007823620828495545
ccd_tilt_y = -0.014016008444180945
ccd_tilt_z = 3.2376290140478215e-06
p = 1.5065e-05