slit_dec_x_a = -0.1704010755187174
slit_dec_y_a = -0.1956586180351446
slit_dec_x_b = 0.175
slit_dec_y_b = -1.7744045670975528e-96
slit_defocus = 0.021365718545647113
slit_tilt_x = 1.1139948805296822
slit_tilt_y = -8.538373693779276
slit_tilt_z = -8.991652579087555
d_slit_col = 1594.3099088292408
coll_tilt_x = 0.1131862561346114
coll_tilt_y = -0.028913848485467804
ech_G = 31.613229935563286
ech_blaze = -74.97483185656348
ech_gamma = 1.1389759764692697
echelle_z = 0.07476625343319411
d_col_trf = -1588.0172301893915
trf_mirror_tilt_x = 0.026319779334913862
trf_mirror_tilt_y = 0.1622892069522921
d_col_grm = -0.004885859962492797
grism_dec_x = 236.42334003968347
grism_dec_y = 0.03816330148551314
grm_tilt_x = -0.014051233691288125
grm_tilt_y = 2.3052760487724777
grm_G = 222.82399608898822
grm_apex = 17.79110509743902
d_grm_cam  = 21.609815833993146
cam_dec_x = -0.3095125580144369
cam_dec_y = 0.24730769650499043
cam_tilt_x = -0.011050294067679448
cam_tilt_y = 0.003810179699850434
d_cam_ff  = -160.05759372419442
ccd_ff_dec_x = -0.0025949800926414906
ccd_ff_dec_y = 0.0530399503169828
ccd_ff_tilt_x = 0.01951079164742863
ccd_ff_tilt_y = -0.5728057594480914
ccd_ff_tilt_z = 0.1800576242124919
d_ff_ccd  = -4.838966234533913
ccd_dec_x = 0.6214008689532736
ccd_dec_y = 5.157150914966359
ccd_defocus = 0.28075666428587437
ccd_tilt_x = 0.0050280810119726575
ccd_tilt_y = -0.010956814541230982
ccd_tilt_z = 5.069560203616994e-06
p = 0.0001