slit_dec_x_a = -0.181778666534
slit_dec_y_a = -0.18243150017
slit_dec_x_b = 0.14512077562974193
slit_dec_y_b = -0.05510809031835813
slit_defocus = -0.0021928559203228614
slit_tilt_x = 1.1347013128908325
slit_tilt_y = -8.568301294800735
slit_tilt_z = -9.0036114371563
d_slit_col = 1594.303901364741
coll_tilt_x = 0.08643941129678609
coll_tilt_y = -0.02203512641775946
ech_G = 31.610904031877006
ech_blaze = -74.99561878748935
ech_gamma = 1.1582148247389008
echelle_z = 0.05703085911996817
d_col_trf = -1588.0162296710696
trf_mirror_tilt_x = 0.1224925757161831
trf_mirror_tilt_y = 0.018701109141027343
d_col_grm = 0.014989809231993407
grism_dec_x = 236.397479114469
grism_dec_y = -0.005075942094545378
grm_tilt_x = -0.024804289400390537
grm_tilt_y = 2.327454657459157
grm_G = 222.78572656337437
grm_apex = 17.8091599026568
d_grm_cam  = 21.604505830975928
cam_dec_x = -0.2836382592572028
cam_dec_y = 0.28974637568007156
cam_tilt_x = 0.0043414430093434405
cam_tilt_y = -0.02779871017625155
d_cam_ff  = -160.5695580640119
ccd_ff_dec_x = -0.023032501562070498
ccd_ff_dec_y = -0.047799353774489566
ccd_ff_tilt_x = 0.1650227412408917
ccd_ff_tilt_y = -0.5895586602198356
ccd_ff_tilt_z = 0.17177570097759923
d_ff_ccd  = -4.785383691317182
ccd_dec_x = 0.551906826377401
ccd_dec_y = 5.106537786348553
ccd_defocus = 0.3158353753342115
ccd_tilt_x = 0.02142168236613888
ccd_tilt_y = -0.004239066578945476
ccd_tilt_z = 2.9073307659432464e-07
p = 6.516583333333334e-06