slit_dec_x_a = -0.17046292814413028
slit_dec_y_a = -0.19603402910642206
slit_dec_x_b = 0.175
slit_dec_y_b = -2.1320754932081323e-96
slit_defocus = 0.005539440036874462
slit_tilt_x = 1.186129117027749
slit_tilt_y = -8.54005252001697
slit_tilt_z = -8.990864075515423
d_slit_col = 1594.2944570876084
coll_tilt_x = 0.08869195299246126
coll_tilt_y = -0.03175382580231628
ech_G = 31.610670833007013
ech_blaze = -74.97712174001575
ech_gamma = 1.1405467443135076
echelle_z = 0.0749639743474737
d_col_trf = -1588.018555754069
trf_mirror_tilt_x = 0.13871409103929805
trf_mirror_tilt_y = 0.07759069689160024
d_col_grm = -0.009515428909301543
grism_dec_x = 236.4342935732081
grism_dec_y = 0.034223185855961735
grm_tilt_x = -0.015783955435667806
grm_tilt_y = 2.3043641585721746
grm_G = 222.8252044600442
grm_apex = 17.815092065965597
d_grm_cam  = 21.608481036283912
cam_dec_x = -0.3020959786040822
cam_dec_y = 0.2503843817207419
cam_tilt_x = -0.01808686631041254
cam_tilt_y = -0.015001217129539337
d_cam_ff  = -160.40096253947988
ccd_ff_dec_x = -0.003538188775258479
ccd_ff_dec_y = 0.00015446924720320334
ccd_ff_tilt_x = 0.14599506390873435
ccd_ff_tilt_y = -0.5720639436625228
ccd_ff_tilt_z = 0.1725712683022334
d_ff_ccd  = -4.811231148239937
ccd_dec_x = 0.6206426438940986
ccd_dec_y = 5.155262406832534
ccd_defocus = 0.3163216904613826
ccd_tilt_x = 0.007763504598551659
ccd_tilt_y = -0.014020012196723788
ccd_tilt_z = 3.2482444010367995e-06
p = 6.516583333333334e-06