slit_dec_x_a = -0.181778666534
slit_dec_y_a = -0.18243150017
slit_dec_x_b = 0.14512077562974193
slit_dec_y_b = -0.05510809031835813
slit_defocus = -0.013819311950049538
slit_tilt_x = 1.0540736153959145
slit_tilt_y = -8.559980087851727
slit_tilt_z = -9.026850431275369
d_slit_col = 1594.2903483651269
coll_tilt_x = 0.12148806856325053
coll_tilt_y = -0.02649925398300565
ech_G = 31.614561017423863
ech_blaze = -74.99489272110333
ech_gamma = 1.155643399874437
echelle_z = 0.05698886419549805
d_col_trf = -1588.0163708921432
trf_mirror_tilt_x = 0.0073673753569030625
trf_mirror_tilt_y = 0.1554381842867487
d_col_grm = 0.035603369119356895
grism_dec_x = 236.38318442163504
grism_dec_y = 0.009219341971671393
grm_tilt_x = -0.023503468320811453
grm_tilt_y = 2.325799274288305
grm_G = 222.78406859733977
grm_apex = 17.766563529547653
d_grm_cam  = 21.60469982909685
cam_dec_x = -0.2710995632666767
cam_dec_y = 0.29080384535733667
cam_tilt_x = 0.012484998763563987
cam_tilt_y = 0.00887114248429927
d_cam_ff  = -160.07682201520814
ccd_ff_dec_x = -0.023802503416012154
ccd_ff_dec_y = 0.042013323578047795
ccd_ff_tilt_x = 0.033486622698798076
ccd_ff_tilt_y = -0.5909764710676831
ccd_ff_tilt_z = 0.17190897673824504
d_ff_ccd  = -4.815984257757912
ccd_dec_x = 0.553297549625137
ccd_dec_y = 5.107625916281418
ccd_defocus = 0.2857917799530081
ccd_tilt_x = 0.03259230955603737
ccd_tilt_y = -0.0021855549977222543
ccd_tilt_z = 4.712839094781979e-06
p = 0.0001