slit_dec_x_a = -0.1704010755187174
slit_dec_y_a = -0.1956586180351446
slit_dec_x_b = 0.175
slit_dec_y_b = -1.7431472226656377e-96
slit_defocus = 0.021406644096258667
slit_tilt_x = 1.1139857813220597
slit_tilt_y = -8.538486806134904
slit_tilt_z = -8.991657558769598
d_slit_col = 1594.3100579007355
coll_tilt_x = 0.11323412075155584
coll_tilt_y = -0.028890089400310036
ech_G = 31.61323005742615
ech_blaze = -74.9748308115936
ech_gamma = 1.1389775518325775
echelle_z = 0.07477235323222046
d_col_trf = -1588.017233656224
trf_mirror_tilt_x = 0.026267043369067752
trf_mirror_tilt_y = 0.16222553697681164
d_col_grm = -0.004861651696954647
grism_dec_x = 236.42332984609294
grism_dec_y = 0.038181449209271634
grm_tilt_x = -0.01405578900951578
grm_tilt_y = 2.3052752915752883
grm_G = 222.82400146567034
grm_apex = 17.791003260801475
d_grm_cam  = 21.609812770399103
cam_dec_x = -0.3095096497090715
cam_dec_y = 0.24729991442609858
cam_tilt_x = -0.011045871772062362
cam_tilt_y = 0.0037964162221526174
d_cam_ff  = -160.05730055263223
ccd_ff_dec_x = -0.002598850171785955
ccd_ff_dec_y = 0.05297670046923735
ccd_ff_tilt_x = 0.019471818223061786
ccd_ff_tilt_y = -0.5728030686005148
ccd_ff_tilt_z = 0.1800493307331073
d_ff_ccd  = -4.838925276777301
ccd_dec_x = 0.6214039424904154
ccd_dec_y = 5.157155486828548
ccd_defocus = 0.2807016035199145
ccd_tilt_x = 0.00501169697339314
ccd_tilt_y = -0.010942902503444523
ccd_tilt_z = 5.058856026114113e-06
p = 0.0001