slit_dec_x_a = -0.17041907154511196
slit_dec_y_a = -0.1959310432048304
slit_dec_x_b = 0.175
slit_dec_y_b = -1.7729497413654526e-96
slit_defocus = 0.005567871575156208
slit_tilt_x = 1.1861520837752
slit_tilt_y = -8.540002417047475
slit_tilt_z = -8.990841228098242
d_slit_col = 1594.2944587884592
coll_tilt_x = 0.08876166517566536
coll_tilt_y = -0.03181258229333069
ech_G = 31.610650486194068
ech_blaze = -74.97676080725935
ech_gamma = 1.1404457703237356
echelle_z = 0.07484389313590875
d_col_trf = -1588.0185336090005
trf_mirror_tilt_x = 0.13866200028015463
trf_mirror_tilt_y = 0.07759051856455326
d_col_grm = -0.009558789058226623
grism_dec_x = 236.4343278035161
grism_dec_y = 0.034210198746851855
grm_tilt_x = -0.015660666256506885
grm_tilt_y = 2.3043651359515467
grm_G = 222.82518621015035
grm_apex = 17.81511869828958
d_grm_cam  = 21.608449389414904
cam_dec_x = -0.30216892434564896
cam_dec_y = 0.2503346590300591
cam_tilt_x = -0.018643932543508785
cam_tilt_y = -0.015048873557889355
d_cam_ff  = -160.4009381632863
ccd_ff_dec_x = -0.0035034540568743447
ccd_ff_dec_y = 0.00018055889394670698
ccd_ff_tilt_x = 0.14603147962855167
ccd_ff_tilt_y = -0.5720470249165536
ccd_ff_tilt_z = 0.1725921401848635
d_ff_ccd  = -4.811260238270336
ccd_dec_x = 0.6206878749180094
ccd_dec_y = 5.155317175788426
ccd_defocus = 0.3163328529841095
ccd_tilt_x = 0.007730345431150929
ccd_tilt_y = -0.014064870682680414
ccd_tilt_z = 3.159400655863466e-06
p = 2.2857499999999997e-06