slit_dec_x_a = -0.181778666534
slit_dec_y_a = -0.18243150017
slit_dec_x_b = 0.14512077562974193
slit_dec_y_b = -0.05510809031835813
slit_defocus = -0.002217157399443103
slit_tilt_x = 1.134695065590367
slit_tilt_y = -8.568214922816665
slit_tilt_z = -9.003671238099074
d_slit_col = 1594.3039169781998
coll_tilt_x = 0.08642811527394927
coll_tilt_y = -0.022064955058553885
ech_G = 31.610866301104593
ech_blaze = -74.99549133383204
ech_gamma = 1.158110887430048
echelle_z = 0.05736990056456506
d_col_trf = -1588.0163534220599
trf_mirror_tilt_x = 0.12253401725235102
trf_mirror_tilt_y = 0.01867453953524012
d_col_grm = 0.015052695783000074
grism_dec_x = 236.3974715154202
grism_dec_y = -0.005010178235071114
grm_tilt_x = -0.024718402762673976
grm_tilt_y = 2.327264964380025
grm_G = 222.78573663224074
grm_apex = 17.80917198580343
d_grm_cam  = 21.60436173464295
cam_dec_x = -0.28360568104275174
cam_dec_y = 0.28971636333288736
cam_tilt_x = 0.004345874543801518
cam_tilt_y = -0.02779893715043741
d_cam_ff  = -160.56972350548563
ccd_ff_dec_x = -0.022689480930224125
ccd_ff_dec_y = -0.04779146787345114
ccd_ff_tilt_x = 0.16504418934139245
ccd_ff_tilt_y = -0.5897320526300546
ccd_ff_tilt_z = 0.17176255866297863
d_ff_ccd  = -4.785362384139022
ccd_dec_x = 0.5520621319460686
ccd_dec_y = 5.106175995301667
ccd_defocus = 0.31574237973439623
ccd_tilt_x = 0.02137513452600288
ccd_tilt_y = -0.00420610749063457
ccd_tilt_z = 3.532123288792045e-07
p = 2.2857499999999997e-06