slit_dec_x_a = -0.181778666534
slit_dec_y_a = -0.18243150017
slit_dec_x_b = 0.14512077562974193
slit_dec_y_b = -0.05510809031835813
slit_defocus = -0.013837551392074066
slit_tilt_x = 1.054083117483284
slit_tilt_y = -8.560020588935698
slit_tilt_z = -9.026876941534445
d_slit_col = 1594.2902156488985
coll_tilt_x = 0.1214225071577618
coll_tilt_y = -0.026535437962763114
ech_G = 31.61456723339083
ech_blaze = -74.99489160503124
ech_gamma = 1.155634488425807
echelle_z = 0.05701109589680782
d_col_trf = -1588.0163594895948
trf_mirror_tilt_x = 0.007298643378175702
trf_mirror_tilt_y = 0.15546492984512567
d_col_grm = 0.03565454064173844
grism_dec_x = 236.38323512406018
grism_dec_y = 0.009244312350164771
grm_tilt_x = -0.023501610430133074
grm_tilt_y = 2.325780869188348
grm_G = 222.78406549169102
grm_apex = 17.766576329282767
d_grm_cam  = 21.604692682493877
cam_dec_x = -0.27107967098157304
cam_dec_y = 0.2909535350705158
cam_tilt_x = 0.012465800814026857
cam_tilt_y = 0.008809017448516143
d_cam_ff  = -160.07726118663516
ccd_ff_dec_x = -0.023802870680296143
ccd_ff_dec_y = 0.0420681017962854
ccd_ff_tilt_x = 0.03343670568153853
ccd_ff_tilt_y = -0.5909806035206491
ccd_ff_tilt_z = 0.17191219118969414
d_ff_ccd  = -4.8160375835423705
ccd_dec_x = 0.5532994596020053
ccd_dec_y = 5.107631300278226
ccd_defocus = 0.28579425747576176
ccd_tilt_x = 0.03262890201835688
ccd_tilt_y = -0.0021108667630818415
ccd_tilt_z = 4.685443959302211e-06
p = 0.0001