slit_dec_x_a = -0.181778666534
slit_dec_y_a = -0.18243150017
slit_dec_x_b = 0.14512077562974193
slit_dec_y_b = -0.05510809031835813
slit_defocus = -0.002204980867544333
slit_tilt_x = 1.1346843754340732
slit_tilt_y = -8.568380129912558
slit_tilt_z = -9.003588418839884
d_slit_col = 1594.30399744221
coll_tilt_x = 0.086479515203266
coll_tilt_y = -0.022056551700118613
ech_G = 31.610920597072628
ech_blaze = -74.99570539557357
ech_gamma = 1.1581372699786119
echelle_z = 0.05676921944051035
d_col_trf = -1588.0163270718995
trf_mirror_tilt_x = 0.12249182864528319
trf_mirror_tilt_y = 0.018712416922801425
d_col_grm = 0.01495960777415989
grism_dec_x = 236.397471003892
grism_dec_y = -0.005069625290198448
grm_tilt_x = -0.024650528440134836
grm_tilt_y = 2.3273371022613256
grm_G = 222.78576139595805
grm_apex = 17.809072658308736
d_grm_cam  = 21.604858960623083
cam_dec_x = -0.28362591358372913
cam_dec_y = 0.2897650645228212
cam_tilt_x = 0.004334672929840157
cam_tilt_y = -0.027778385926203256
d_cam_ff  = -160.56947808293324
ccd_ff_dec_x = -0.02285309467675566
ccd_ff_dec_y = -0.047769134317527634
ccd_ff_tilt_x = 0.16502750356205706
ccd_ff_tilt_y = -0.5893852383725535
ccd_ff_tilt_z = 0.17181627898931853
d_ff_ccd  = -4.785382788690627
ccd_dec_x = 0.5518062620540022
ccd_dec_y = 5.106443168817395
ccd_defocus = 0.3158505374446445
ccd_tilt_x = 0.02138608447750969
ccd_tilt_y = -0.0042198044820667135
ccd_tilt_z = 2.5153725391854966e-07
p = 1.2166363636363637e-05