slit_dec_x_a = -0.17040249805740162
slit_dec_y_a = -0.1958141731693142
slit_dec_x_b = 0.175
slit_dec_y_b = -2.5619919189789526e-96
slit_defocus = 0.005513035622574264
slit_tilt_x = 1.1861252209469213
slit_tilt_y = -8.540108132665608
slit_tilt_z = -8.990825065150139
d_slit_col = 1594.2944437299207
coll_tilt_x = 0.08855545117337481
coll_tilt_y = -0.031785873277377315
ech_G = 31.610667868813564
ech_blaze = -74.97709119263664
ech_gamma = 1.1404224884691077
echelle_z = 0.07540191382766545
d_col_trf = -1588.01860320073
trf_mirror_tilt_x = 0.13865446801088005
trf_mirror_tilt_y = 0.07753371282646321
d_col_grm = -0.009537817671990917
grism_dec_x = 236.43432223572415
grism_dec_y = 0.03423023943723341
grm_tilt_x = -0.0158468651781517
grm_tilt_y = 2.304354556186021
grm_G = 222.82517837635342
grm_apex = 17.815130218317908
d_grm_cam  = 21.60848739503294
cam_dec_x = -0.30209337389661556
cam_dec_y = 0.2503370640156857
cam_tilt_x = -0.018254989504684876
cam_tilt_y = -0.01502501137593541
d_cam_ff  = -160.40096117250903
ccd_ff_dec_x = -0.0035370392885452815
ccd_ff_dec_y = 0.00018701613489955558
ccd_ff_tilt_x = 0.1460132246652433
ccd_ff_tilt_y = -0.5720113098778566
ccd_ff_tilt_z = 0.1725699058572657
d_ff_ccd  = -4.811214698845865
ccd_dec_x = 0.620633772680111
ccd_dec_y = 5.155282921968153
ccd_defocus = 0.31631218953220575
ccd_tilt_x = 0.0077865387274233
ccd_tilt_y = -0.014009026938297628
ccd_tilt_z = 3.2753891842349883e-06
p = 1.2166363636363637e-05