slit_dec_x_a = -0.181778666534
slit_dec_y_a = -0.18243150017
slit_dec_x_b = 0.14512077562974193
slit_dec_y_b = -0.05510809031835813
slit_defocus = -0.01378117722006256
slit_tilt_x = 1.054144385755658
slit_tilt_y = -8.55994291532118
slit_tilt_z = -9.026927226418842
d_slit_col = 1594.2902627240971
coll_tilt_x = 0.12145590064341634
coll_tilt_y = -0.026499509217471868
ech_G = 31.614569707535153
ech_blaze = -74.99488609094641
ech_gamma = 1.155641001483705
echelle_z = 0.05700784388126167
d_col_trf = -1588.016362041586
trf_mirror_tilt_x = 0.007277789855657334
trf_mirror_tilt_y = 0.1554720394315449
d_col_grm = 0.035609411643036507
grism_dec_x = 236.3832220531989
grism_dec_y = 0.009178295353949633
grm_tilt_x = -0.02350629472043869
grm_tilt_y = 2.325788121498855
grm_G = 222.78407866964056
grm_apex = 17.766487756886534
d_grm_cam  = 21.604701437211737
cam_dec_x = -0.27105680798535003
cam_dec_y = 0.29086671368947886
cam_tilt_x = 0.01242583456117986
cam_tilt_y = 0.00876622999191088
d_cam_ff  = -160.07705434675287
ccd_ff_dec_x = -0.023804702798781222
ccd_ff_dec_y = 0.042038740636177525
ccd_ff_tilt_x = 0.03344288871523351
ccd_ff_tilt_y = -0.5909733588308821
ccd_ff_tilt_z = 0.1719186897987589
d_ff_ccd  = -4.8159358293065635
ccd_dec_x = 0.5532973741148163
ccd_dec_y = 5.107626445626649
ccd_defocus = 0.28577938512947293
ccd_tilt_x = 0.03261130185788355
ccd_tilt_y = -0.0022005921021357026
ccd_tilt_z = 4.706531009433679e-06
p = 0.0001