slit_dec_x_a = -0.181778666534
slit_dec_y_a = -0.18243150017
slit_dec_x_b = 0.14512077562974193
slit_dec_y_b = -0.05510809031835813
slit_defocus = -0.0022318063591964844
slit_tilt_x = 1.1347030432933685
slit_tilt_y = -8.56836558139148
slit_tilt_z = -9.003594877669732
d_slit_col = 1594.3039470644812
coll_tilt_x = 0.08650136184085032
coll_tilt_y = -0.022030909490977774
ech_G = 31.61093838758664
ech_blaze = -74.99580931105065
ech_gamma = 1.1582390158036484
echelle_z = 0.056543844269780826
d_col_trf = -1588.0163173966885
trf_mirror_tilt_x = 0.12246206701452265
trf_mirror_tilt_y = 0.018703006332456466
d_col_grm = 0.014952313182165874
grism_dec_x = 236.3974901233785
grism_dec_y = -0.005067153686182235
grm_tilt_x = -0.024757221054588493
grm_tilt_y = 2.3273366813184504
grm_G = 222.78593054261728
grm_apex = 17.809060039152495
d_grm_cam  = 21.604840650944546
cam_dec_x = -0.28362859428859666
cam_dec_y = 0.28974902891318804
cam_tilt_x = 0.004352892631863462
cam_tilt_y = -0.027774831069603146
d_cam_ff  = -160.56966799489794
ccd_ff_dec_x = -0.022707205971690535
ccd_ff_dec_y = -0.047785272302586244
ccd_ff_tilt_x = 0.1650278691527498
ccd_ff_tilt_y = -0.5893580181466004
ccd_ff_tilt_z = 0.17185500559869563
d_ff_ccd  = -4.785430788336059
ccd_dec_x = 0.5518530772292697
ccd_dec_y = 5.106297754201617
ccd_defocus = 0.31586265147615883
ccd_tilt_x = 0.021370590779639143
ccd_tilt_y = -0.00419397443920877
ccd_tilt_z = 2.132814909966716e-07
p = 2.488909090909091e-06