slit_dec_x_a = -0.17037334441118251
slit_dec_y_a = -0.19569677941452931
slit_dec_x_b = 0.175
slit_dec_y_b = -2.4711329171387765e-96
slit_defocus = 0.005538457593917049
slit_tilt_x = 1.1861287989096856
slit_tilt_y = -8.540128041682033
slit_tilt_z = -8.99082697997531
d_slit_col = 1594.2944663323383
coll_tilt_x = 0.08857325731458844
coll_tilt_y = -0.03179998072697596
ech_G = 31.610686785555707
ech_blaze = -74.97721840836789
ech_gamma = 1.140477511347375
echelle_z = 0.07547450107173596
d_col_trf = -1588.0186005953888
trf_mirror_tilt_x = 0.13866195321963556
trf_mirror_tilt_y = 0.07755550565552029
d_col_grm = -0.009530411295165695
grism_dec_x = 236.43434850835158
grism_dec_y = 0.03424658785904172
grm_tilt_x = -0.01582349313126442
grm_tilt_y = 2.304372455378899
grm_G = 222.82518671336805
grm_apex = 17.81513363320762
d_grm_cam  = 21.60847545781609
cam_dec_x = -0.3021269142235247
cam_dec_y = 0.25034304327004353
cam_tilt_x = -0.01835527394073562
cam_tilt_y = -0.015026193031781293
d_cam_ff  = -160.4009919567472
ccd_ff_dec_x = -0.0035510070624497525
ccd_ff_dec_y = 0.0001646345697493328
ccd_ff_tilt_x = 0.1460121712684196
ccd_ff_tilt_y = -0.572028246704409
ccd_ff_tilt_z = 0.17252332802073042
d_ff_ccd  = -4.811222694722519
ccd_dec_x = 0.6206425352133031
ccd_dec_y = 5.1552931492250655
ccd_defocus = 0.31632615860008373
ccd_tilt_x = 0.007797842085414332
ccd_tilt_y = -0.014005141129139384
ccd_tilt_z = 3.3668527999345754e-06
p = 2.488909090909091e-06