slit_dec_x_a = -0.181778666534
slit_dec_y_a = -0.18243150017
slit_dec_x_b = 0.14512077562974193
slit_dec_y_b = -0.05510809031835813
slit_defocus = -0.013774193530327434
slit_tilt_x = 1.054106714214404
slit_tilt_y = -8.55996556184597
slit_tilt_z = -9.026916162314357
d_slit_col = 1594.290323329927
coll_tilt_x = 0.12144600575261093
coll_tilt_y = -0.02654240307085794
ech_G = 31.614564229789266
ech_blaze = -74.9948888662848
ech_gamma = 1.1556497283056721
echelle_z = 0.05700106786121943
d_col_trf = -1588.0163606620736
trf_mirror_tilt_x = 0.007284519563498266
trf_mirror_tilt_y = 0.15543470516483607
d_col_grm = 0.03563703104871402
grism_dec_x = 236.38320156594267
grism_dec_y = 0.009220669563468484
grm_tilt_x = -0.02349770436852565
grm_tilt_y = 2.3257881863798078
grm_G = 222.78407121793367
grm_apex = 17.766533016810737
d_grm_cam  = 21.60469698205888
cam_dec_x = -0.27113592745147547
cam_dec_y = 0.2908815475908321
cam_tilt_x = 0.012468677850552164
cam_tilt_y = 0.008888486479019
d_cam_ff  = -160.07727940303758
ccd_ff_dec_x = -0.02379912429837132
ccd_ff_dec_y = 0.04200232401039292
ccd_ff_tilt_x = 0.0334854560088471
ccd_ff_tilt_y = -0.5909751490472579
ccd_ff_tilt_z = 0.1719213768796247
d_ff_ccd  = -4.815997206578907
ccd_dec_x = 0.5532941646217826
ccd_dec_y = 5.107635236234717
ccd_defocus = 0.2857544739649552
ccd_tilt_x = 0.03255657393846113
ccd_tilt_y = -0.0020800781189595813
ccd_tilt_z = 4.651050437788629e-06
p = 0.0001