slit_dec_x_a = -0.181778666534
slit_dec_y_a = -0.18243150017
slit_dec_x_b = 0.14512077562974193
slit_dec_y_b = -0.05510809031835813
slit_defocus = -0.002208702312652194
slit_tilt_x = 1.134678564154827
slit_tilt_y = -8.568319454850947
slit_tilt_z = -9.003619901008788
d_slit_col = 1594.3039127487903
coll_tilt_x = 0.08643625034793768
coll_tilt_y = -0.022036897625219008
ech_G = 31.610918961533816
ech_blaze = -74.9957481749044
ech_gamma = 1.1581595425105475
echelle_z = 0.05721549929802071
d_col_trf = -1588.0163046526266
trf_mirror_tilt_x = 0.12251679944374913
trf_mirror_tilt_y = 0.018685990949114814
d_col_grm = 0.015001427047465276
grism_dec_x = 236.3974851330319
grism_dec_y = -0.005037285742838447
grm_tilt_x = -0.02473962485334425
grm_tilt_y = 2.3274101778817897
grm_G = 222.78576036321346
grm_apex = 17.80915073603914
d_grm_cam  = 21.604414125573943
cam_dec_x = -0.28362582134547265
cam_dec_y = 0.2897336291261328
cam_tilt_x = 0.004352916338600779
cam_tilt_y = -0.02780462225446835
d_cam_ff  = -160.5696384316061
ccd_ff_dec_x = -0.022950078159684126
ccd_ff_dec_y = -0.04778664709315139
ccd_ff_tilt_x = 0.16505219936274013
ccd_ff_tilt_y = -0.5895446924613994
ccd_ff_tilt_z = 0.17176940826149245
d_ff_ccd  = -4.785376505597738
ccd_dec_x = 0.5519164687366125
ccd_dec_y = 5.106411982655296
ccd_defocus = 0.31579064421577496
ccd_tilt_x = 0.02138770443185469
ccd_tilt_y = -0.00419126435008538
ccd_tilt_z = 3.025740976214756e-07
p = 1.3460909090909092e-05