slit_dec_x_a = -0.1704010755187174
slit_dec_y_a = -0.1956586180351446
slit_dec_x_b = 0.175
slit_dec_y_b = -1.8829269432582694e-96
slit_defocus = 0.021411488171916526
slit_tilt_x = 1.1140227577406707
slit_tilt_y = -8.538452633476988
slit_tilt_z = -8.991616603823255
d_slit_col = 1594.3099793835058
coll_tilt_x = 0.11327273843207394
coll_tilt_y = -0.02887465863840011
ech_G = 31.613234217330128
ech_blaze = -74.97483544380457
ech_gamma = 1.1389834440328066
echelle_z = 0.07476924926017683
d_col_trf = -1588.0172325487463
trf_mirror_tilt_x = 0.026294439628787455
trf_mirror_tilt_y = 0.1622026422011646
d_col_grm = -0.004881189895419773
grism_dec_x = 236.4232459825197
grism_dec_y = 0.03819811265884347
grm_tilt_x = -0.014048927957530722
grm_tilt_y = 2.305277818140584
grm_G = 222.82400050633296
grm_apex = 17.79108555373752
d_grm_cam  = 21.609815584719428
cam_dec_x = -0.30953744658070526
cam_dec_y = 0.24731312060674085
cam_tilt_x = -0.011057344866487144
cam_tilt_y = 0.0037606152130698796
d_cam_ff  = -160.05734141890517
ccd_ff_dec_x = -0.00259437278428333
ccd_ff_dec_y = 0.053058386657431414
ccd_ff_tilt_x = 0.019455935683671124
ccd_ff_tilt_y = -0.5728020053343647
ccd_ff_tilt_z = 0.18005643981490005
d_ff_ccd  = -4.838941071766282
ccd_dec_x = 0.6214084099918252
ccd_dec_y = 5.157140692998034
ccd_defocus = 0.28070374101975787
ccd_tilt_x = 0.005032828164354417
ccd_tilt_y = -0.010916942995903641
ccd_tilt_z = 5.0125206103972024e-06
p = 0.0001