slit_dec_x_a = -0.181778666534
slit_dec_y_a = -0.18243150017
slit_dec_x_b = 0.14512077562974193
slit_dec_y_b = -0.05510809031835813
slit_defocus = -0.013726974578314191
slit_tilt_x = 1.0541151358063292
slit_tilt_y = -8.559972117314329
slit_tilt_z = -9.026834524254298
d_slit_col = 1594.2902793134845
coll_tilt_x = 0.12147632914553828
coll_tilt_y = -0.026506344162233405
ech_G = 31.614562708303495
ech_blaze = -74.99489350856409
ech_gamma = 1.1556375581057712
echelle_z = 0.05700186999122934
d_col_trf = -1588.0163639003035
trf_mirror_tilt_x = 0.0072493071371407345
trf_mirror_tilt_y = 0.15535744895154055
d_col_grm = 0.03559549533836428
grism_dec_x = 236.3832315392944
grism_dec_y = 0.00922238419259517
grm_tilt_x = -0.023512619620423884
grm_tilt_y = 2.325791483975993
grm_G = 222.78407264361357
grm_apex = 17.766565097585758
d_grm_cam  = 21.604698084017514
cam_dec_x = -0.2710722591917896
cam_dec_y = 0.2909189524523084
cam_tilt_x = 0.012419413293990267
cam_tilt_y = 0.008804543092131353
d_cam_ff  = -160.07732272286503
ccd_ff_dec_x = -0.02380485842868835
ccd_ff_dec_y = 0.04201142026726747
ccd_ff_tilt_x = 0.03354479509735457
ccd_ff_tilt_y = -0.5909789055386457
ccd_ff_tilt_z = 0.1719178815713514
d_ff_ccd  = -4.815994692610914
ccd_dec_x = 0.5533012334551529
ccd_dec_y = 5.107633298908801
ccd_defocus = 0.28578678246017075
ccd_tilt_x = 0.03262422140662027
ccd_tilt_y = -0.002160751551204702
ccd_tilt_z = 4.6267422439557786e-06
p = 0.0001