slit_dec_x_a = -0.17042160186685656
slit_dec_y_a = -0.19591286104826325
slit_dec_x_b = 0.175
slit_dec_y_b = -1.6264120351069002e-96
slit_defocus = 0.005591558856727279
slit_tilt_x = 1.186131014732967
slit_tilt_y = -8.540021401697423
slit_tilt_z = -8.990856001879186
d_slit_col = 1594.2944703790029
coll_tilt_x = 0.08871278180878861
coll_tilt_y = -0.03195619100140912
ech_G = 31.610652077742728
ech_blaze = -74.97678487795135
ech_gamma = 1.1402841383587556
echelle_z = 0.07479350769594612
d_col_trf = -1588.018534116099
trf_mirror_tilt_x = 0.13868942667032577
trf_mirror_tilt_y = 0.07753134646021355
d_col_grm = -0.009540490642559666
grism_dec_x = 236.43434852622667
grism_dec_y = 0.03416990267180785
grm_tilt_x = -0.015998039415437947
grm_tilt_y = 2.3043879466931876
grm_G = 222.82518805849048
grm_apex = 17.8151197439527
d_grm_cam  = 21.608490801338842
cam_dec_x = -0.30211096580484914
cam_dec_y = 0.2503304678904132
cam_tilt_x = -0.018453053326078633
cam_tilt_y = -0.015103888327751894
d_cam_ff  = -160.40096943328538
ccd_ff_dec_x = -0.0035085748230838064
ccd_ff_dec_y = 0.00026622458561893184
ccd_ff_tilt_x = 0.14603952451691846
ccd_ff_tilt_y = -0.5720664302754221
ccd_ff_tilt_z = 0.1725870464706597
d_ff_ccd  = -4.811305726621226
ccd_dec_x = 0.6207009460817078
ccd_dec_y = 5.155287789427191
ccd_defocus = 0.31628096654564924
ccd_tilt_x = 0.007741546794212957
ccd_tilt_y = -0.014129266115330705
ccd_tilt_z = 3.093681798379683e-06
p = 8.282909090909093e-06