slit_dec_x_a = -0.181778666534
slit_dec_y_a = -0.18243150017
slit_dec_x_b = 0.14512077562974193
slit_dec_y_b = -0.05510809031835813
slit_defocus = -0.002198039889209329
slit_tilt_x = 1.1346635963139997
slit_tilt_y = -8.56822617803511
slit_tilt_z = -9.003634937965616
d_slit_col = 1594.303952495776
coll_tilt_x = 0.08647095500468394
coll_tilt_y = -0.021984512508827388
ech_G = 31.610907476131487
ech_blaze = -74.9956331813744
ech_gamma = 1.1580886733244964
echelle_z = 0.05755186871763744
d_col_trf = -1588.0162133935753
trf_mirror_tilt_x = 0.12251723220473937
trf_mirror_tilt_y = 0.018616010081408566
d_col_grm = 0.015096425155220467
grism_dec_x = 236.397440102406
grism_dec_y = -0.005017669525636863
grm_tilt_x = -0.02489055269138245
grm_tilt_y = 2.3271015623627362
grm_G = 222.78571352714553
grm_apex = 17.80922150566765
d_grm_cam  = 21.604597078832313
cam_dec_x = -0.28356188035324603
cam_dec_y = 0.2897095599007332
cam_tilt_x = 0.004302242524650906
cam_tilt_y = -0.02779458390607026
d_cam_ff  = -160.56970820107654
ccd_ff_dec_x = -0.022848274745765316
ccd_ff_dec_y = -0.04778174569889101
ccd_ff_tilt_x = 0.165040914960258
ccd_ff_tilt_y = -0.589640112656655
ccd_ff_tilt_z = 0.1717755683836001
d_ff_ccd  = -4.785409278682789
ccd_dec_x = 0.5519111070518211
ccd_dec_y = 5.106173877560404
ccd_defocus = 0.31574343153962703
ccd_tilt_x = 0.02132904813583299
ccd_tilt_y = -0.004224289233604345
ccd_tilt_z = 3.779955806345872e-07
p = 8.282909090909093e-06