slit_dec_x_a = -0.1704010755187174
slit_dec_y_a = -0.1956586180351446
slit_dec_x_b = 0.175
slit_dec_y_b = -1.795051685698737e-96
slit_defocus = 0.021389020254101093
slit_tilt_x = 1.1140148528292104
slit_tilt_y = -8.538461580903537
slit_tilt_z = -8.991609759880012
d_slit_col = 1594.309919393633
coll_tilt_x = 0.11324166349627163
coll_tilt_y = -0.028865053560493344
ech_G = 31.613228762987
ech_blaze = -74.97482935248468
ech_gamma = 1.1389695815395622
echelle_z = 0.07476854193415072
d_col_trf = -1588.0172282742305
trf_mirror_tilt_x = 0.02632343902233043
trf_mirror_tilt_y = 0.16223059573302784
d_col_grm = -0.004827450954387809
grism_dec_x = 236.4233454782842
grism_dec_y = 0.03816760692801351
grm_tilt_x = -0.014049099945168028
grm_tilt_y = 2.3052776652727447
grm_G = 222.82400554912678
grm_apex = 17.791052926643893
d_grm_cam  = 21.60981937716031
cam_dec_x = -0.30958427691463275
cam_dec_y = 0.24726674978513244
cam_tilt_x = -0.011038240777901265
cam_tilt_y = 0.003856823698505079
d_cam_ff  = -160.0573399298564
ccd_ff_dec_x = -0.0026012611530857135
ccd_ff_dec_y = 0.05301448331898385
ccd_ff_tilt_x = 0.019529085670092455
ccd_ff_tilt_y = -0.572805414890249
ccd_ff_tilt_z = 0.18005850813703006
d_ff_ccd  = -4.838856450850505
ccd_dec_x = 0.6214074286287699
ccd_dec_y = 5.157152686933468
ccd_defocus = 0.2807424800673026
ccd_tilt_x = 0.005080069600790823
ccd_tilt_y = -0.010897861345422975
ccd_tilt_z = 5.074041127206361e-06
p = 0.0001