slit_dec_x_a = -0.181778666534
slit_dec_y_a = -0.18243150017
slit_dec_x_b = 0.14512077562974193
slit_dec_y_b = -0.05510809031835813
slit_defocus = -0.01374938280155392
slit_tilt_x = 1.0540665316666455
slit_tilt_y = -8.559914136567732
slit_tilt_z = -9.026875972565097
d_slit_col = 1594.2902540438465
coll_tilt_x = 0.12147812647207828
coll_tilt_y = -0.02654855390461512
ech_G = 31.614559231087334
ech_blaze = -74.99489177626153
ech_gamma = 1.1556385670928824
echelle_z = 0.057003029354580695
d_col_trf = -1588.0163628599396
trf_mirror_tilt_x = 0.00728544690557967
trf_mirror_tilt_y = 0.1554355267560225
d_col_grm = 0.03562650016176448
grism_dec_x = 236.38327580950977
grism_dec_y = 0.0092924254354097
grm_tilt_x = -0.02351264844731082
grm_tilt_y = 2.325793335101601
grm_G = 222.78407538573137
grm_apex = 17.766478973147603
d_grm_cam  = 21.604695180345644
cam_dec_x = -0.2710681395950905
cam_dec_y = 0.2909006445970488
cam_tilt_x = 0.012465541459288708
cam_tilt_y = 0.008782021524866348
d_cam_ff  = -160.07731499722084
ccd_ff_dec_x = -0.02380428369923205
ccd_ff_dec_y = 0.04202782506610382
ccd_ff_tilt_x = 0.03342761188972612
ccd_ff_tilt_y = -0.5909828624571957
ccd_ff_tilt_z = 0.17191926533331836
d_ff_ccd  = -4.815986346478577
ccd_dec_x = 0.5533014694488647
ccd_dec_y = 5.10762847026916
ccd_defocus = 0.2857653508007466
ccd_tilt_x = 0.03261208436745906
ccd_tilt_y = -0.0022064415435231843
ccd_tilt_z = 4.692442440300005e-06
p = 0.0001