slit_dec_x_a = -0.181778666534
slit_dec_y_a = -0.18243150017
slit_dec_x_b = 0.14512077562974193
slit_dec_y_b = -0.05510809031835813
slit_defocus = -0.002198146929662852
slit_tilt_x = 1.1346862972882619
slit_tilt_y = -8.568239286984248
slit_tilt_z = -9.003654309680805
d_slit_col = 1594.3039681437924
coll_tilt_x = 0.08645197238242748
coll_tilt_y = -0.022020237292232698
ech_G = 31.610870995138075
ech_blaze = -74.99549224222692
ech_gamma = 1.158179651394505
echelle_z = 0.05761498449064886
d_col_trf = -1588.016253234516
trf_mirror_tilt_x = 0.12254008991157284
trf_mirror_tilt_y = 0.018667291172993424
d_col_grm = 0.015063776692402945
grism_dec_x = 236.39746958508934
grism_dec_y = -0.005027860686038097
grm_tilt_x = -0.024734139100802847
grm_tilt_y = 2.3273538179549895
grm_G = 222.78574771760512
grm_apex = 17.80921467989621
d_grm_cam  = 21.60449215593543
cam_dec_x = -0.28356772444474626
cam_dec_y = 0.28975448893687195
cam_tilt_x = 0.004339853827043727
cam_tilt_y = -0.027815866442854796
d_cam_ff  = -160.56985388816463
ccd_ff_dec_x = -0.022783863977885555
ccd_ff_dec_y = -0.04779728053961298
ccd_ff_tilt_x = 0.16502712523334992
ccd_ff_tilt_y = -0.5896890903869693
ccd_ff_tilt_z = 0.17169342658489264
d_ff_ccd  = -4.785423247205554
ccd_dec_x = 0.5518527748225108
ccd_dec_y = 5.106112235447193
ccd_defocus = 0.3157346738226698
ccd_tilt_x = 0.02132353074726038
ccd_tilt_y = -0.004207275420185735
ccd_tilt_z = 4.044615825465384e-07
p = 1.6586666666666665e-05