slit_dec_x_a = -0.17039407502299167
slit_dec_y_a = -0.19587971709764962
slit_dec_x_b = 0.175
slit_dec_y_b = -1.533139264020418e-96
slit_defocus = 0.005584499215964968
slit_tilt_x = 1.1861548155873476
slit_tilt_y = -8.540041788879714
slit_tilt_z = -8.990844817227297
d_slit_col = 1594.294454086947
coll_tilt_x = 0.08875876311058341
coll_tilt_y = -0.03185776934554629
ech_G = 31.61065591412393
ech_blaze = -74.97683575333825
ech_gamma = 1.1403811851133163
echelle_z = 0.07478704551318181
d_col_trf = -1588.0185360931334
trf_mirror_tilt_x = 0.13866834923409227
trf_mirror_tilt_y = 0.07752234799619032
d_col_grm = -0.00954251859759263
grism_dec_x = 236.434333333027
grism_dec_y = 0.03416656919438708
grm_tilt_x = -0.015810374908380997
grm_tilt_y = 2.30437233285506
grm_G = 222.82516097547096
grm_apex = 17.815129292026235
d_grm_cam  = 21.60847952632397
cam_dec_x = -0.3021254065568559
cam_dec_y = 0.2503340841057914
cam_tilt_x = -0.018461521463351845
cam_tilt_y = -0.01507938404197339
d_cam_ff  = -160.40095152464627
ccd_ff_dec_x = -0.0035231509544436084
ccd_ff_dec_y = 0.00023907984162387796
ccd_ff_tilt_x = 0.14604933723298588
ccd_ff_tilt_y = -0.572068511253045
ccd_ff_tilt_z = 0.17256090544143
d_ff_ccd  = -4.811254957264056
ccd_dec_x = 0.6206773671765148
ccd_dec_y = 5.1553041851080685
ccd_defocus = 0.31629807877862576
ccd_tilt_x = 0.007719591094020947
ccd_tilt_y = -0.014094283012463044
ccd_tilt_z = 3.1590296906942774e-06
p = 1.6586666666666665e-05