slit_dec_x_a = -0.1704010755187174
slit_dec_y_a = -0.1956586180351446
slit_dec_x_b = 0.175
slit_dec_y_b = -1.8715695422683564e-96
slit_defocus = 0.02137867246277628
slit_tilt_x = 1.1139864430585191
slit_tilt_y = -8.538485207436977
slit_tilt_z = -8.991572270982049
d_slit_col = 1594.3100010771684
coll_tilt_x = 0.11323414691824986
coll_tilt_y = -0.02887027263742993
ech_G = 31.613232609112135
ech_blaze = -74.97483061741146
ech_gamma = 1.1389740227209664
echelle_z = 0.07477208536252163
d_col_trf = -1588.0172377143122
trf_mirror_tilt_x = 0.02627214964699671
trf_mirror_tilt_y = 0.16227903011288478
d_col_grm = -0.004823847550298751
grism_dec_x = 236.42327449483687
grism_dec_y = 0.03819642312466367
grm_tilt_x = -0.014055904422609415
grm_tilt_y = 2.3052758580500994
grm_G = 222.82399824409498
grm_apex = 17.791046548494464
d_grm_cam  = 21.609820364697843
cam_dec_x = -0.30955528163187657
cam_dec_y = 0.247228103014317
cam_tilt_x = -0.01104950964254615
cam_tilt_y = 0.003795619596639227
d_cam_ff  = -160.05757784356496
ccd_ff_dec_x = -0.0025965246034838716
ccd_ff_dec_y = 0.05305357703454378
ccd_ff_tilt_x = 0.01952806559236596
ccd_ff_tilt_y = -0.5728079660986883
ccd_ff_tilt_z = 0.18005474256147222
d_ff_ccd  = -4.839008583028657
ccd_dec_x = 0.6214028462966835
ccd_dec_y = 5.157144487085346
ccd_defocus = 0.2807848782350809
ccd_tilt_x = 0.005050547334245696
ccd_tilt_y = -0.010949568742669023
ccd_tilt_z = 5.146104546748281e-06
p = 0.0001