slit_dec_x_a = -0.17044313258755767
slit_dec_y_a = -0.19608871050434254
slit_dec_x_b = 0.175
slit_dec_y_b = -1.8653748446065185e-96
slit_defocus = 0.005572660483791754
slit_tilt_x = 1.1861185554532643
slit_tilt_y = -8.540011411569633
slit_tilt_z = -8.990854458863902
d_slit_col = 1594.2944427089456
coll_tilt_x = 0.08873749169479253
coll_tilt_y = -0.03176174441412345
ech_G = 31.61068436358188
ech_blaze = -74.97707899762955
ech_gamma = 1.1404567832350567
echelle_z = 0.07495006880712732
d_col_trf = -1588.0185632284959
trf_mirror_tilt_x = 0.13871545638526897
trf_mirror_tilt_y = 0.0775881972170326
d_col_grm = -0.009516311775736088
grism_dec_x = 236.4342780693879
grism_dec_y = 0.03423621540998011
grm_tilt_x = -0.015786325727484438
grm_tilt_y = 2.304366883582698
grm_G = 222.8251658145254
grm_apex = 17.815116517556117
d_grm_cam  = 21.608490271660244
cam_dec_x = -0.30210938075472704
cam_dec_y = 0.2503832084010485
cam_tilt_x = -0.01833390618711069
cam_tilt_y = -0.015034756596586478
d_cam_ff  = -160.40096220388784
ccd_ff_dec_x = -0.003545310341546462
ccd_ff_dec_y = 0.00014854988459308185
ccd_ff_tilt_x = 0.1460145103441923
ccd_ff_tilt_y = -0.5720945029424971
ccd_ff_tilt_z = 0.17257064458791968
d_ff_ccd  = -4.811228017686757
ccd_dec_x = 0.6206732173839364
ccd_dec_y = 5.1552704447262485
ccd_defocus = 0.31631857143444875
ccd_tilt_x = 0.0077611580960300405
ccd_tilt_y = -0.014003541982884178
ccd_tilt_z = 3.158980843617222e-06
p = 1.5467272727272724e-06