slit_dec_x_a = -0.181778666534
slit_dec_y_a = -0.18243150017
slit_dec_x_b = 0.14512077562974193
slit_dec_y_b = -0.05510809031835813
slit_defocus = -0.0022078417295992164
slit_tilt_x = 1.1346964428975932
slit_tilt_y = -8.5683022177549
slit_tilt_z = -9.003627241239728
d_slit_col = 1594.303908878438
coll_tilt_x = 0.08643395543287773
coll_tilt_y = -0.022047721471995678
ech_G = 31.61090575918818
ech_blaze = -74.99569690833474
ech_gamma = 1.1581478493396336
echelle_z = 0.05717869076587455
d_col_trf = -1588.0162024828455
trf_mirror_tilt_x = 0.12249993431719111
trf_mirror_tilt_y = 0.018689010874775862
d_col_grm = 0.014981879623978001
grism_dec_x = 236.39749350930148
grism_dec_y = -0.0050574715174781125
grm_tilt_x = -0.02478690253494107
grm_tilt_y = 2.327448255343051
grm_G = 222.7857218913307
grm_apex = 17.809172682555783
d_grm_cam  = 21.604483699566646
cam_dec_x = -0.2836322290973213
cam_dec_y = 0.28971235345867374
cam_tilt_x = 0.00436671708475814
cam_tilt_y = -0.0278050008446789
d_cam_ff  = -160.56963115767988
ccd_ff_dec_x = -0.023002450963253252
ccd_ff_dec_y = -0.04777108068531062
ccd_ff_tilt_x = 0.16504737073861991
ccd_ff_tilt_y = -0.5896379969128157
ccd_ff_tilt_z = 0.17184610776037895
d_ff_ccd  = -4.785356933472576
ccd_dec_x = 0.5519568015242254
ccd_dec_y = 5.1064540202717135
ccd_defocus = 0.3158147818649917
ccd_tilt_x = 0.02141551766392083
ccd_tilt_y = -0.004190799806945164
ccd_tilt_z = 2.983796657434158e-07
p = 1.5467272727272724e-06