slit_dec_x_a = -0.181778666534
slit_dec_y_a = -0.18243150017
slit_dec_x_b = 0.14512077562974193
slit_dec_y_b = -0.05510809031835813
slit_defocus = -0.002197026121844676
slit_tilt_x = 1.1346785821389584
slit_tilt_y = -8.568342698162985
slit_tilt_z = -9.003614647453208
d_slit_col = 1594.3039567190735
coll_tilt_x = 0.08644289309731853
coll_tilt_y = -0.022040283966877242
ech_G = 31.610887182455205
ech_blaze = -74.99554726213061
ech_gamma = 1.1581209129154904
echelle_z = 0.05676794945510429
d_col_trf = -1588.016339560955
trf_mirror_tilt_x = 0.12251972608318584
trf_mirror_tilt_y = 0.018705123865255857
d_col_grm = 0.014992576084262405
grism_dec_x = 236.39746377065336
grism_dec_y = -0.0050569504231943565
grm_tilt_x = -0.02459538429705973
grm_tilt_y = 2.327243248244749
grm_G = 222.7858004559559
grm_apex = 17.809110200420733
d_grm_cam  = 21.604689743965604
cam_dec_x = -0.2836399951109531
cam_dec_y = 0.2897638289027092
cam_tilt_x = 0.00431365819617346
cam_tilt_y = -0.02778806195285317
d_cam_ff  = -160.56961289972574
ccd_ff_dec_x = -0.022860270262047643
ccd_ff_dec_y = -0.04777561298826171
ccd_ff_tilt_x = 0.16504017296761578
ccd_ff_tilt_y = -0.5893693046607243
ccd_ff_tilt_z = 0.17197935843172452
d_ff_ccd  = -4.7853822284059495
ccd_dec_x = 0.5519356446804975
ccd_dec_y = 5.106439071118418
ccd_defocus = 0.315819844392768
ccd_tilt_x = 0.021403646575787465
ccd_tilt_y = -0.004217040504093757
ccd_tilt_z = 2.2055759435842842e-07
p = 1.0157181818181819e-05