slit_dec_x_a = -0.1704010755187174
slit_dec_y_a = -0.1956586180351446
slit_dec_x_b = 0.175
slit_dec_y_b = -1.7834623455615322e-96
slit_defocus = 0.021332474491438144
slit_tilt_x = 1.1139723293012238
slit_tilt_y = -8.53843152286479
slit_tilt_z = -8.991691691323165
d_slit_col = 1594.3099287045916
coll_tilt_x = 0.1132096730718141
coll_tilt_y = -0.02883880459988224
ech_G = 31.613231301400504
ech_blaze = -74.97482853968413
ech_gamma = 1.1389786669063684
echelle_z = 0.07477178713116946
d_col_trf = -1588.0172381981345
trf_mirror_tilt_x = 0.026325254043006816
trf_mirror_tilt_y = 0.1622369014169883
d_col_grm = -0.004886084717590798
grism_dec_x = 236.42332970438147
grism_dec_y = 0.03820570411905104
grm_tilt_x = -0.01404998200218394
grm_tilt_y = 2.305276403834652
grm_G = 222.82400051741013
grm_apex = 17.79098422085797
d_grm_cam  = 21.609822121486882
cam_dec_x = -0.3094864431389749
cam_dec_y = 0.24728132796974425
cam_tilt_x = -0.011066452571810935
cam_tilt_y = 0.003829871995940111
d_cam_ff  = -160.0576212021218
ccd_ff_dec_x = -0.0025994875029910747
ccd_ff_dec_y = 0.053053807171689345
ccd_ff_tilt_x = 0.019562433524231315
ccd_ff_tilt_y = -0.5727996605630556
ccd_ff_tilt_z = 0.18005017142634294
d_ff_ccd  = -4.838894654377997
ccd_dec_x = 0.621407745767578
ccd_dec_y = 5.157148630969832
ccd_defocus = 0.2807323971764698
ccd_tilt_x = 0.005055133190428846
ccd_tilt_y = -0.010911577416405579
ccd_tilt_z = 5.048068087111475e-06
p = 0.0001