slit_dec_x_a = -0.181778666534
slit_dec_y_a = -0.18243150017
slit_dec_x_b = 0.14512077562974193
slit_dec_y_b = -0.05510809031835813
slit_defocus = -0.0022127389399344347
slit_tilt_x = 1.134697192672068
slit_tilt_y = -8.568222799541203
slit_tilt_z = -9.003655734375783
d_slit_col = 1594.3039040874119
coll_tilt_x = 0.08643430517555721
coll_tilt_y = -0.022076209229371913
ech_G = 31.61088006702837
ech_blaze = -74.99551928710193
ech_gamma = 1.1581085170126184
echelle_z = 0.05742534711980075
d_col_trf = -1588.016358504342
trf_mirror_tilt_x = 0.12253009068856398
trf_mirror_tilt_y = 0.018678309958845098
d_col_grm = 0.015041280869900898
grism_dec_x = 236.39747904729515
grism_dec_y = -0.0050116638927532875
grm_tilt_x = -0.024780144930542577
grm_tilt_y = 2.327284960359278
grm_G = 222.78576021885576
grm_apex = 17.809163096076933
d_grm_cam  = 21.604296925179845
cam_dec_x = -0.2836125654706932
cam_dec_y = 0.2897216499854436
cam_tilt_x = 0.004352562724356575
cam_tilt_y = -0.02779906150923504
d_cam_ff  = -160.5697040853928
ccd_ff_dec_x = -0.022760767300303252
ccd_ff_dec_y = -0.04780212884669458
ccd_ff_tilt_x = 0.1650424598942945
ccd_ff_tilt_y = -0.5897646677592239
ccd_ff_tilt_z = 0.17175333146377342
d_ff_ccd  = -4.785373079049113
ccd_dec_x = 0.5519709859821579
ccd_dec_y = 5.106177313129626
ccd_defocus = 0.3157528567550782
ccd_tilt_x = 0.021377678904110072
ccd_tilt_y = -0.004216465866389714
ccd_tilt_z = 3.654743206711388e-07
p = 3.60125e-06