slit_dec_x_a = -0.17041867693009602
slit_dec_y_a = -0.19604483952134388
slit_dec_x_b = 0.175
slit_dec_y_b = -1.8775236609480246e-96
slit_defocus = 0.0055596877755720656
slit_tilt_x = 1.1861454716074722
slit_tilt_y = -8.539993675792118
slit_tilt_z = -8.990837333420938
d_slit_col = 1594.294468858388
coll_tilt_x = 0.08878336951843196
coll_tilt_y = -0.03178936587811678
ech_G = 31.610658685569483
ech_blaze = -74.97678640226196
ech_gamma = 1.1404879742902243
echelle_z = 0.07485185696652555
d_col_trf = -1588.0185338394272
trf_mirror_tilt_x = 0.1386562346087073
trf_mirror_tilt_y = 0.0775812447927325
d_col_grm = -0.00954356360385542
grism_dec_x = 236.4343251433888
grism_dec_y = 0.03419905435609896
grm_tilt_x = -0.01567328520505027
grm_tilt_y = 2.3043747433874255
grm_G = 222.82519015363545
grm_apex = 17.815115406913783
d_grm_cam  = 21.60846576551911
cam_dec_x = -0.3021519888091734
cam_dec_y = 0.25035212292782044
cam_tilt_x = -0.018573799770023
cam_tilt_y = -0.015039830464786394
d_cam_ff  = -160.40094941916712
ccd_ff_dec_x = -0.0035008051906205797
ccd_ff_dec_y = 0.00018307374316055175
ccd_ff_tilt_x = 0.1460433083792999
ccd_ff_tilt_y = -0.5720714206522115
ccd_ff_tilt_z = 0.17258398085126617
d_ff_ccd  = -4.811248402100005
ccd_dec_x = 0.6206800399194209
ccd_dec_y = 5.155304174177613
ccd_defocus = 0.31630133376298464
ccd_tilt_x = 0.007743728209135856
ccd_tilt_y = -0.014057258723992836
ccd_tilt_z = 3.1663092900789897e-06
p = 3.60125e-06