slit_dec_x_a = -0.1704010755187174
slit_dec_y_a = -0.1956586180351446
slit_dec_x_b = 0.175
slit_dec_y_b = -1.8277622852686223e-96
slit_defocus = 0.02141715377274294
slit_tilt_x = 1.1140002466654142
slit_tilt_y = -8.53846149532737
slit_tilt_z = -8.991703399575535
d_slit_col = 1594.3100032904454
coll_tilt_x = 0.11318400519196331
coll_tilt_y = -0.028864889199530532
ech_G = 31.61323277182187
ech_blaze = -74.97483706305933
ech_gamma = 1.1389676913412523
echelle_z = 0.0747801762663958
d_col_trf = -1588.017235754185
trf_mirror_tilt_x = 0.026276964234994784
trf_mirror_tilt_y = 0.16219942215329458
d_col_grm = -0.004804055971625399
grism_dec_x = 236.4233006464673
grism_dec_y = 0.03816492533306535
grm_tilt_x = -0.01405895839854707
grm_tilt_y = 2.3052695727391477
grm_G = 222.82400136376168
grm_apex = 17.791081874691283
d_grm_cam  = 21.609818705823297
cam_dec_x = -0.30956262067847323
cam_dec_y = 0.24723930682251682
cam_tilt_x = -0.011051789239140597
cam_tilt_y = 0.003766054306691487
d_cam_ff  = -160.05755496377944
ccd_ff_dec_x = -0.002599597913144124
ccd_ff_dec_y = 0.05311276375831793
ccd_ff_tilt_x = 0.01951845535696381
ccd_ff_tilt_y = -0.5728067958190852
ccd_ff_tilt_z = 0.18004805778302085
d_ff_ccd  = -4.8388937204439495
ccd_dec_x = 0.6214044241544615
ccd_dec_y = 5.157152166217329
ccd_defocus = 0.2807626876512731
ccd_tilt_x = 0.005020963374499188
ccd_tilt_y = -0.010836226954862475
ccd_tilt_z = 5.074702817815303e-06
p = 0.0001