slit_dec_x_a = -0.181778666534
slit_dec_y_a = -0.18243150017
slit_dec_x_b = 0.14512077562974193
slit_dec_y_b = -0.05510809031835813
slit_defocus = -0.0022002279508905823
slit_tilt_x = 1.1347102287106687
slit_tilt_y = -8.568327884103612
slit_tilt_z = -9.003620771843208
d_slit_col = 1594.3039349502799
coll_tilt_x = 0.08647584559766677
coll_tilt_y = -0.02204445443797084
ech_G = 31.61089366031916
ech_blaze = -74.99554955297148
ech_gamma = 1.1581491372343105
echelle_z = 0.05692425966996619
d_col_trf = -1588.0162820884543
trf_mirror_tilt_x = 0.12251192416007978
trf_mirror_tilt_y = 0.018742806029563686
d_col_grm = 0.014992857984087992
grism_dec_x = 236.39750322921202
grism_dec_y = -0.005063650457096943
grm_tilt_x = -0.02464960391022849
grm_tilt_y = 2.327328251693794
grm_G = 222.7858597889667
grm_apex = 17.809133926226572
d_grm_cam  = 21.60458290644441
cam_dec_x = -0.2836195988775176
cam_dec_y = 0.2897692161133233
cam_tilt_x = 0.004297620153798805
cam_tilt_y = -0.027787236194611865
d_cam_ff  = -160.56961571080618
ccd_ff_dec_x = -0.022827334422379275
ccd_ff_dec_y = -0.04777326493147403
ccd_ff_tilt_x = 0.16502094342298188
ccd_ff_tilt_y = -0.5894896318071734
ccd_ff_tilt_z = 0.17185796286851338
d_ff_ccd  = -4.785362964409319
ccd_dec_x = 0.5519059302232464
ccd_dec_y = 5.106517367592979
ccd_defocus = 0.31582658101958133
ccd_tilt_x = 0.02142683352354222
ccd_tilt_y = -0.004227778225274502
ccd_tilt_z = 2.0972751470171592e-07
p = 1.389090909090909e-05