slit_dec_x_a = -0.17045274519989234
slit_dec_y_a = -0.19607794855041216
slit_dec_x_b = 0.175
slit_dec_y_b = -2.37008148481837e-96
slit_defocus = 0.005506631216868751
slit_tilt_x = 1.1861216852192344
slit_tilt_y = -8.540063973488744
slit_tilt_z = -8.990878088333789
d_slit_col = 1594.294438017983
coll_tilt_x = 0.088792241168387
coll_tilt_y = -0.0316779146763864
ech_G = 31.610677306932015
ech_blaze = -74.97699841939301
ech_gamma = 1.14061358147557
echelle_z = 0.07517635517730091
d_col_trf = -1588.0185524754165
trf_mirror_tilt_x = 0.13870950377613694
trf_mirror_tilt_y = 0.07757303661533861
d_col_grm = -0.009523563981309007
grism_dec_x = 236.43432741873664
grism_dec_y = 0.03424567396682336
grm_tilt_x = -0.01586830734319735
grm_tilt_y = 2.3043949266163724
grm_G = 222.8251999379295
grm_apex = 17.815112359400807
d_grm_cam  = 21.608494425737295
cam_dec_x = -0.30211684873584066
cam_dec_y = 0.2503660548207363
cam_tilt_x = -0.01810774707393768
cam_tilt_y = -0.01497872259932445
d_cam_ff  = -160.40094442615168
ccd_ff_dec_x = -0.0035610837970264007
ccd_ff_dec_y = 0.00012063975421284986
ccd_ff_tilt_x = 0.14603884657267063
ccd_ff_tilt_y = -0.5720306675107245
ccd_ff_tilt_z = 0.17256810621076368
d_ff_ccd  = -4.811228885193075
ccd_dec_x = 0.6206459859085768
ccd_dec_y = 5.155276144252008
ccd_defocus = 0.3163197581505565
ccd_tilt_x = 0.0078123591464604215
ccd_tilt_y = -0.014013008090069624
ccd_tilt_z = 3.238226405174758e-06
p = 1.389090909090909e-05