slit_dec_x_a = -0.1704010755187174
slit_dec_y_a = -0.1956586180351446
slit_dec_x_b = 0.175
slit_dec_y_b = -1.8544255634467053e-96
slit_defocus = 0.021358313373306487
slit_tilt_x = 1.1139891119521343
slit_tilt_y = -8.538444625280507
slit_tilt_z = -8.991577810930387
d_slit_col = 1594.3099463695712
coll_tilt_x = 0.11320287812292992
coll_tilt_y = -0.028913549656238765
ech_G = 31.61323739889091
ech_blaze = -74.97483217479338
ech_gamma = 1.1389700634146742
echelle_z = 0.07477483434320867
d_col_trf = -1588.0172310794653
trf_mirror_tilt_x = 0.02633749858997027
trf_mirror_tilt_y = 0.16224724164257093
d_col_grm = -0.004895243746452559
grism_dec_x = 236.4233231242628
grism_dec_y = 0.038093191693572885
grm_tilt_x = -0.014049834229732303
grm_tilt_y = 2.3052750997500078
grm_G = 222.82401219676842
grm_apex = 17.791001610923875
d_grm_cam  = 21.60981938220063
cam_dec_x = -0.3095351681158966
cam_dec_y = 0.24726355936709546
cam_tilt_x = -0.01110902992834419
cam_tilt_y = 0.00375223348279249
d_cam_ff  = -160.05729636627763
ccd_ff_dec_x = -0.00259660951491519
ccd_ff_dec_y = 0.053042854607274086
ccd_ff_tilt_x = 0.019454734189457763
ccd_ff_tilt_y = -0.5728041873355479
ccd_ff_tilt_z = 0.18005655078992172
d_ff_ccd  = -4.838928097115505
ccd_dec_x = 0.6214101297780172
ccd_dec_y = 5.157145423915067
ccd_defocus = 0.28073106775530277
ccd_tilt_x = 0.005041548013500201
ccd_tilt_y = -0.010913703188002177
ccd_tilt_z = 5.156586320425619e-06
p = 0.0001