slit_dec_x_a = -0.181778666534
slit_dec_y_a = -0.18243150017
slit_dec_x_b = 0.14512077562974193
slit_dec_y_b = -0.05510809031835813
slit_defocus = -0.0022051213179971963
slit_tilt_x = 1.134683341940318
slit_tilt_y = -8.568373767860294
slit_tilt_z = -9.003579492774207
d_slit_col = 1594.3039814935757
coll_tilt_x = 0.0864841331765905
coll_tilt_y = -0.02205406546068416
ech_G = 31.610922327634352
ech_blaze = -74.99573927989144
ech_gamma = 1.1582087796103675
echelle_z = 0.05671820334042097
d_col_trf = -1588.0162900715377
trf_mirror_tilt_x = 0.12248819529199878
trf_mirror_tilt_y = 0.01872346133303518
d_col_grm = 0.014952033552849853
grism_dec_x = 236.3974789332387
grism_dec_y = -0.005062255131930648
grm_tilt_x = -0.024719375994970514
grm_tilt_y = 2.32736611564591
grm_G = 222.78591801977498
grm_apex = 17.809081279937327
d_grm_cam  = 21.604957210573055
cam_dec_x = -0.28363736411992196
cam_dec_y = 0.2897619902932838
cam_tilt_x = 0.004342581873139235
cam_tilt_y = -0.027767371897845214
d_cam_ff  = -160.56958612635742
ccd_ff_dec_x = -0.022865885381647244
ccd_ff_dec_y = -0.0477843209869363
ccd_ff_tilt_x = 0.1650344507924113
ccd_ff_tilt_y = -0.5893531358920391
ccd_ff_tilt_z = 0.17182383487878694
d_ff_ccd  = -4.785406875239412
ccd_dec_x = 0.5518892758641921
ccd_dec_y = 5.106355275270421
ccd_defocus = 0.3158694093127172
ccd_tilt_x = 0.021368456620264657
ccd_tilt_y = -0.004196838345233866
ccd_tilt_z = 2.677007818061066e-07
p = 1.7571666666666665e-06