slit_dec_x_a = -0.1704015131656135
slit_dec_y_a = -0.19579637437510988
slit_dec_x_b = 0.175
slit_dec_y_b = -2.568300670954008e-96
slit_defocus = 0.005524391811407591
slit_tilt_x = 1.1861285314977477
slit_tilt_y = -8.540099205972304
slit_tilt_z = -8.990826196555467
d_slit_col = 1594.2944320909335
coll_tilt_x = 0.08856527090106342
coll_tilt_y = -0.03176128077291546
ech_G = 31.610673824560756
ech_blaze = -74.97708116629656
ech_gamma = 1.1405158833534088
echelle_z = 0.07544566710706294
d_col_trf = -1588.0185843119486
trf_mirror_tilt_x = 0.1386448454409551
trf_mirror_tilt_y = 0.07752789651307013
d_col_grm = -0.009538963164506555
grism_dec_x = 236.4343054384179
grism_dec_y = 0.034233797872371186
grm_tilt_x = -0.015955880285773986
grm_tilt_y = 2.304372842035696
grm_G = 222.8251850207367
grm_apex = 17.815137556404864
d_grm_cam  = 21.608471581667462
cam_dec_x = -0.3021092450278919
cam_dec_y = 0.2503441201581845
cam_tilt_x = -0.01834033899376621
cam_tilt_y = -0.015014732001615188
d_cam_ff  = -160.40099154767682
ccd_ff_dec_x = -0.003549594095764248
ccd_ff_dec_y = 0.00016659515423614446
ccd_ff_tilt_x = 0.14601959827126734
ccd_ff_tilt_y = -0.5720177569500768
ccd_ff_tilt_z = 0.17254277006118482
d_ff_ccd  = -4.81120521190715
ccd_dec_x = 0.6206427834290574
ccd_dec_y = 5.155299917622688
ccd_defocus = 0.3163320145287461
ccd_tilt_x = 0.007799097487621568
ccd_tilt_y = -0.014018099698396668
ccd_tilt_z = 3.3677921446281317e-06
p = 1.7571666666666665e-06