slit_dec_x_a = -0.181778666534
slit_dec_y_a = -0.18243150017
slit_dec_x_b = 0.14512077562974193
slit_dec_y_b = -0.05510809031835813
slit_defocus = -0.013819079775002716
slit_tilt_x = 1.0540903829858892
slit_tilt_y = -8.559955585208636
slit_tilt_z = -9.026869208931299
d_slit_col = 1594.2902608095203
coll_tilt_x = 0.12148873812642699
coll_tilt_y = -0.02648297437475665
ech_G = 31.614573014562442
ech_blaze = -74.99489304571374
ech_gamma = 1.1556408709699009
echelle_z = 0.05700706889378145
d_col_trf = -1588.016361050756
trf_mirror_tilt_x = 0.00737074293908844
trf_mirror_tilt_y = 0.15543523134267456
d_col_grm = 0.035665167553718374
grism_dec_x = 236.38325447447036
grism_dec_y = 0.009336331036243681
grm_tilt_x = -0.023506884685864357
grm_tilt_y = 2.3257917341501124
grm_G = 222.78406602070064
grm_apex = 17.76654544953461
d_grm_cam  = 21.604698970619953
cam_dec_x = -0.2711458052988157
cam_dec_y = 0.29089650918587845
cam_tilt_x = 0.012423048872994738
cam_tilt_y = 0.008823408154325033
d_cam_ff  = -160.07708712162443
ccd_ff_dec_x = -0.023803397374260727
ccd_ff_dec_y = 0.04207051379205285
ccd_ff_tilt_x = 0.033444204708717985
ccd_ff_tilt_y = -0.5909775425588301
ccd_ff_tilt_z = 0.17191559362973433
d_ff_ccd  = -4.815991753251198
ccd_dec_x = 0.5532946309284916
ccd_dec_y = 5.107630657509521
ccd_defocus = 0.2858074466353335
ccd_tilt_x = 0.03262772630546485
ccd_tilt_y = -0.0021780245679999723
ccd_tilt_z = 5.419866730039999e-06
p = 0.0001