slit_dec_x_a = -0.181778666534
slit_dec_y_a = -0.18243150017
slit_dec_x_b = 0.14512077562974193
slit_dec_y_b = -0.05510809031835813
slit_defocus = -0.002186979762450876
slit_tilt_x = 1.1346547564083482
slit_tilt_y = -8.56822243259894
slit_tilt_z = -9.003642446671638
d_slit_col = 1594.3039424759324
coll_tilt_x = 0.08646093375829561
coll_tilt_y = -0.02201594182023221
ech_G = 31.610933158852227
ech_blaze = -74.99568599051263
ech_gamma = 1.1579743648323126
echelle_z = 0.057575422395486624
d_col_trf = -1588.0161301547969
trf_mirror_tilt_x = 0.12251265167993368
trf_mirror_tilt_y = 0.018637137349776567
d_col_grm = 0.015109498479255965
grism_dec_x = 236.39742743182234
grism_dec_y = -0.005019889865856239
grm_tilt_x = -0.025073967774840687
grm_tilt_y = 2.326922502913605
grm_G = 222.7858222764909
grm_apex = 17.809184414385932
d_grm_cam  = 21.604680676310448
cam_dec_x = -0.28360914915479585
cam_dec_y = 0.2896656119469247
cam_tilt_x = 0.00425110428322172
cam_tilt_y = -0.027776396128265303
d_cam_ff  = -160.56963836344875
ccd_ff_dec_x = -0.02283397740137373
ccd_ff_dec_y = -0.04776161292636211
ccd_ff_tilt_x = 0.16504233601723425
ccd_ff_tilt_y = -0.5895607827635903
ccd_ff_tilt_z = 0.17169815665538918
d_ff_ccd  = -4.785451909574677
ccd_dec_x = 0.5518841697439406
ccd_dec_y = 5.10611213063886
ccd_defocus = 0.31578951071754646
ccd_tilt_x = 0.021308078519173938
ccd_tilt_y = -0.004207292804677185
ccd_tilt_z = 4.748589661352838e-07
p = 2.892909090909091e-06