slit_dec_x_a = -0.1703900637585038
slit_dec_y_a = -0.19571178988375915
slit_dec_x_b = 0.175
slit_dec_y_b = -1.5102623957365e-96
slit_defocus = 0.005574531284191383
slit_tilt_x = 1.1861123008080345
slit_tilt_y = -8.539998758963417
slit_tilt_z = -8.990848066339097
d_slit_col = 1594.2944988106715
coll_tilt_x = 0.08875462317446275
coll_tilt_y = -0.03196675163568317
ech_G = 31.610673819476656
ech_blaze = -74.9768969860042
ech_gamma = 1.140251294465507
echelle_z = 0.07469683090814508
d_col_trf = -1588.0185205218706
trf_mirror_tilt_x = 0.13871579635513887
trf_mirror_tilt_y = 0.07751535345322993
d_col_grm = -0.009503599037283256
grism_dec_x = 236.434338132094
grism_dec_y = 0.03416827710151039
grm_tilt_x = -0.01575602795143532
grm_tilt_y = 2.304374221079292
grm_G = 222.82517712428285
grm_apex = 17.815113587633792
d_grm_cam  = 21.608485205599894
cam_dec_x = -0.30210611413872773
cam_dec_y = 0.25031941439839955
cam_tilt_x = -0.018678105719724388
cam_tilt_y = -0.015113485996406347
d_cam_ff  = -160.4009545194091
ccd_ff_dec_x = -0.0035126433862399434
ccd_ff_dec_y = 0.00026110853281956545
ccd_ff_tilt_x = 0.1460456541950041
ccd_ff_tilt_y = -0.5720861559679917
ccd_ff_tilt_z = 0.1725883044440631
d_ff_ccd  = -4.811326702499316
ccd_dec_x = 0.6206686958464406
ccd_dec_y = 5.155270062346967
ccd_defocus = 0.3162590748374601
ccd_tilt_x = 0.007755417368019304
ccd_tilt_y = -0.014105375528183733
ccd_tilt_z = 3.066162626871691e-06
p = 2.892909090909091e-06