slit_dec_x_a = -0.17041118521018292
slit_dec_y_a = -0.19581548664120277
slit_dec_x_b = 0.175
slit_dec_y_b = -2.34004182720337e-96
slit_defocus = 0.005509096762580573
slit_tilt_x = 1.1861245925987036
slit_tilt_y = -8.540106545182919
slit_tilt_z = -8.990845330456349
d_slit_col = 1594.2944448226333
coll_tilt_x = 0.08854871925417677
coll_tilt_y = -0.03180034877643229
ech_G = 31.610654715932306
ech_blaze = -74.97705234699629
ech_gamma = 1.140418671565008
echelle_z = 0.0753456095685864
d_col_trf = -1588.018575224332
trf_mirror_tilt_x = 0.13867745761054612
trf_mirror_tilt_y = 0.07754317871610597
d_col_grm = -0.009518449610315706
grism_dec_x = 236.43433466173119
grism_dec_y = 0.034241154598341525
grm_tilt_x = -0.01583185592490344
grm_tilt_y = 2.3043464803849876
grm_G = 222.82519576209492
grm_apex = 17.815125070586667
d_grm_cam  = 21.608490808595793
cam_dec_x = -0.30211509419803595
cam_dec_y = 0.25035263753972675
cam_tilt_x = -0.018253567736045532
cam_tilt_y = -0.015027504000451693
d_cam_ff  = -160.4009758471841
ccd_ff_dec_x = -0.0035429848792609565
ccd_ff_dec_y = 0.0001800781971076448
ccd_ff_tilt_x = 0.14602969854133035
ccd_ff_tilt_y = -0.572010576871133
ccd_ff_tilt_z = 0.17254295261218158
d_ff_ccd  = -4.81122816689773
ccd_dec_x = 0.6206636041289646
ccd_dec_y = 5.15527536888289
ccd_defocus = 0.31632290611054054
ccd_tilt_x = 0.007790085002434825
ccd_tilt_y = -0.013986452404193385
ccd_tilt_z = 3.243571261524437e-06
p = 1.1670833333333335e-05