slit_dec_x_a = -0.181778666534
slit_dec_y_a = -0.18243150017
slit_dec_x_b = 0.14512077562974193
slit_dec_y_b = -0.05510809031835813
slit_defocus = -0.0022068598831327226
slit_tilt_x = 1.1346673038154416
slit_tilt_y = -8.568369838321422
slit_tilt_z = -9.003612706205047
d_slit_col = 1594.3039815768727
coll_tilt_x = 0.08646566593505196
coll_tilt_y = -0.02206357371784974
ech_G = 31.61089175146051
ech_blaze = -74.99555829375953
ech_gamma = 1.1581764161587873
echelle_z = 0.05672645295575459
d_col_trf = -1588.0164157957397
trf_mirror_tilt_x = 0.12252502376546497
trf_mirror_tilt_y = 0.01870109811721906
d_col_grm = 0.014984159512714432
grism_dec_x = 236.39746608841673
grism_dec_y = -0.005067594776953884
grm_tilt_x = -0.024633252435236553
grm_tilt_y = 2.3274064603768014
grm_G = 222.78570186455934
grm_apex = 17.80909897488588
d_grm_cam  = 21.604812799971395
cam_dec_x = -0.2836342480510332
cam_dec_y = 0.28976604525195215
cam_tilt_x = 0.004316081633061471
cam_tilt_y = -0.02778030568744481
d_cam_ff  = -160.56955620738972
ccd_ff_dec_x = -0.022873583150066636
ccd_ff_dec_y = -0.0477771336843428
ccd_ff_tilt_x = 0.1650559476190992
ccd_ff_tilt_y = -0.5893447198316518
ccd_ff_tilt_z = 0.17187526399232284
d_ff_ccd  = -4.78538332170236
ccd_dec_x = 0.5518593376265674
ccd_dec_y = 5.1064145170625705
ccd_defocus = 0.3158359837371094
ccd_tilt_x = 0.02139001580937656
ccd_tilt_y = -0.004223456041811447
ccd_tilt_z = 2.4111716986014494e-07
p = 1.1670833333333335e-05