slit_dec_x_a = -0.1704010755187174
slit_dec_y_a = -0.1956586180351446
slit_dec_x_b = 0.175
slit_dec_y_b = -1.8473691368556211e-96
slit_defocus = 0.021379408038642855
slit_tilt_x = 1.1139808369618274
slit_tilt_y = -8.53834978274784
slit_tilt_z = -8.991609497278652
d_slit_col = 1594.3099704881956
coll_tilt_x = 0.11317502706020606
coll_tilt_y = -0.02894710430674227
ech_G = 31.613236119023
ech_blaze = -74.97483576846086
ech_gamma = 1.1389701610432477
echelle_z = 0.07477113440836279
d_col_trf = -1588.0172339986184
trf_mirror_tilt_x = 0.02628137061921049
trf_mirror_tilt_y = 0.16225641455773912
d_col_grm = -0.004852375019686116
grism_dec_x = 236.4233452214644
grism_dec_y = 0.03818536915107349
grm_tilt_x = -0.014059383018220831
grm_tilt_y = 2.3052726887797377
grm_G = 222.82400141968202
grm_apex = 17.79098434780516
d_grm_cam  = 21.609819399832446
cam_dec_x = -0.3095353297219202
cam_dec_y = 0.2473241670951085
cam_tilt_x = -0.011114829451969798
cam_tilt_y = 0.0038136726267437265
d_cam_ff  = -160.05737486815022
ccd_ff_dec_x = -0.0025997768781738494
ccd_ff_dec_y = 0.05300112054921791
ccd_ff_tilt_x = 0.019509953206419448
ccd_ff_tilt_y = -0.5728002398757474
ccd_ff_tilt_z = 0.18004865520376273
d_ff_ccd  = -4.838935882731944
ccd_dec_x = 0.6214087469192224
ccd_dec_y = 5.157149458018594
ccd_defocus = 0.28075822437281117
ccd_tilt_x = 0.005060949308066052
ccd_tilt_y = -0.01094396343117876
ccd_tilt_z = 5.114169710021103e-06
p = 0.0001