slit_dec_x_a = -0.17037687800865578
slit_dec_y_a = -0.19573980624503184
slit_dec_x_b = 0.175
slit_dec_y_b = -2.530175425425001e-96
slit_defocus = 0.005520901623303228
slit_tilt_x = 1.1861326201577498
slit_tilt_y = -8.540117224066623
slit_tilt_z = -8.990818962519159
d_slit_col = 1594.2944491951637
coll_tilt_x = 0.08856431470935576
coll_tilt_y = -0.031771885004811914
ech_G = 31.61068122398652
ech_blaze = -74.97713120904406
ech_gamma = 1.1405122335062403
echelle_z = 0.07549755950222335
d_col_trf = -1588.0185941161403
trf_mirror_tilt_x = 0.1386463290198834
trf_mirror_tilt_y = 0.07753725542592352
d_col_grm = -0.009533215567151204
grism_dec_x = 236.434339591366
grism_dec_y = 0.034252641483754155
grm_tilt_x = -0.0158847215088901
grm_tilt_y = 2.3043678099118177
grm_G = 222.82519521336758
grm_apex = 17.81514114818686
d_grm_cam  = 21.60847766546989
cam_dec_x = -0.3021268638880552
cam_dec_y = 0.2503368967368353
cam_tilt_x = -0.018407614554412168
cam_tilt_y = -0.01502065684790737
d_cam_ff  = -160.40099368080385
ccd_ff_dec_x = -0.0035317151317159757
ccd_ff_dec_y = 0.0001650471883072425
ccd_ff_tilt_x = 0.14601135272420382
ccd_ff_tilt_y = -0.5720333569378951
ccd_ff_tilt_z = 0.17253105686999617
d_ff_ccd  = -4.811220264517533
ccd_dec_x = 0.6206445157980833
ccd_dec_y = 5.155307143445723
ccd_defocus = 0.31633621229653236
ccd_tilt_x = 0.007793473027673547
ccd_tilt_y = -0.014023184626023278
ccd_tilt_z = 3.360002955485355e-06
p = 2.2327272727272727e-06