slit_dec_x_a = -0.181778666534
slit_dec_y_a = -0.18243150017
slit_dec_x_b = 0.14512077562974193
slit_dec_y_b = -0.05510809031835813
slit_defocus = -0.0022189931135083636
slit_tilt_x = 1.1347012056818895
slit_tilt_y = -8.568371936914138
slit_tilt_z = -9.00358163323343
d_slit_col = 1594.3039572998284
coll_tilt_x = 0.08648361206545652
coll_tilt_y = -0.022045928213993395
ech_G = 31.61093131248483
ech_blaze = -74.99580163495257
ech_gamma = 1.1582635034496112
echelle_z = 0.05660584757847723
d_col_trf = -1588.016266498834
trf_mirror_tilt_x = 0.122468163099609
trf_mirror_tilt_y = 0.01870922615398009
d_col_grm = 0.014944797290016174
grism_dec_x = 236.39749296017322
grism_dec_y = -0.0050692783173503396
grm_tilt_x = -0.024722348589347853
grm_tilt_y = 2.3274169270774214
grm_G = 222.78589510036446
grm_apex = 17.809069276203473
d_grm_cam  = 21.604894236735714
cam_dec_x = -0.2836316641900071
cam_dec_y = 0.2897482399403177
cam_tilt_x = 0.004356482262852979
cam_tilt_y = -0.027773590566430115
d_cam_ff  = -160.56966331858987
ccd_ff_dec_x = -0.022728483365221402
ccd_ff_dec_y = -0.04778272983591685
ccd_ff_tilt_x = 0.16502658575714618
ccd_ff_tilt_y = -0.5893762652282594
ccd_ff_tilt_z = 0.17185880355902633
d_ff_ccd  = -4.785426957835742
ccd_dec_x = 0.5518397562973922
ccd_dec_y = 5.106330517610305
ccd_defocus = 0.31585650559905
ccd_tilt_x = 0.021369095196603457
ccd_tilt_y = -0.0041745367345999975
ccd_tilt_z = 2.3133554061290486e-07
p = 2.2327272727272727e-06