slit_dec_x_a = -0.181778666534
slit_dec_y_a = -0.18243150017
slit_dec_x_b = 0.14512077562974193
slit_dec_y_b = -0.05510809031835813
slit_defocus = -0.0021935344479185625
slit_tilt_x = 1.134713672238353
slit_tilt_y = -8.56828938670693
slit_tilt_z = -9.003598191157257
d_slit_col = 1594.3039146596084
coll_tilt_x = 0.08646146452036098
coll_tilt_y = -0.022049689478756566
ech_G = 31.610902944706098
ech_blaze = -74.99561592192103
ech_gamma = 1.1582096362049286
echelle_z = 0.05698123737910537
d_col_trf = -1588.0161982589195
trf_mirror_tilt_x = 0.12251033816317645
trf_mirror_tilt_y = 0.018719429699333868
d_col_grm = 0.014986776916072385
grism_dec_x = 236.39747774264214
grism_dec_y = -0.005066354602592872
grm_tilt_x = -0.024786193296143528
grm_tilt_y = 2.3274467443482507
grm_G = 222.7857146405848
grm_apex = 17.809155611607352
d_grm_cam  = 21.604588731201584
cam_dec_x = -0.2836357789542598
cam_dec_y = 0.28974611717564885
cam_tilt_x = 0.004331342646648389
cam_tilt_y = -0.027820342146407603
d_cam_ff  = -160.569639747642
ccd_ff_dec_x = -0.02294094504245404
ccd_ff_dec_y = -0.04777674416952416
ccd_ff_tilt_x = 0.16503587855546722
ccd_ff_tilt_y = -0.5895207845199938
ccd_ff_tilt_z = 0.17166995071344285
d_ff_ccd  = -4.7853823527802115
ccd_dec_x = 0.551970256584118
ccd_dec_y = 5.106462790182139
ccd_defocus = 0.3158449945756292
ccd_tilt_x = 0.0214205505439997
ccd_tilt_y = -0.004236301986376334
ccd_tilt_z = 3.129417094501601e-07
p = 1.105818181818182e-05