slit_dec_x_a = -0.17044983198561736
slit_dec_y_a = -0.19600921204290503
slit_dec_x_b = 0.175
slit_dec_y_b = -2.241364096425232e-96
slit_defocus = 0.005518398813946042
slit_tilt_x = 1.186132412002806
slit_tilt_y = -8.540047098604752
slit_tilt_z = -8.990867047042002
d_slit_col = 1594.2944544411046
coll_tilt_x = 0.08881799609191185
coll_tilt_y = -0.031690075380824405
ech_G = 31.610673072450634
ech_blaze = -74.97698436391195
ech_gamma = 1.140626707829053
echelle_z = 0.0751159770920985
d_col_trf = -1588.0185706648444
trf_mirror_tilt_x = 0.1387342987422843
trf_mirror_tilt_y = 0.07756930176854292
d_col_grm = -0.009523764286231718
grism_dec_x = 236.4343106541446
grism_dec_y = 0.034228402449192764
grm_tilt_x = -0.015817328853849705
grm_tilt_y = 2.3043828123516543
grm_G = 222.82521504397266
grm_apex = 17.81511128590622
d_grm_cam  = 21.608488445194695
cam_dec_x = -0.3021056017327267
cam_dec_y = 0.2503782923435684
cam_tilt_x = -0.018134527735849865
cam_tilt_y = -0.015004553811591761
d_cam_ff  = -160.4009401663354
ccd_ff_dec_x = -0.003558536302278495
ccd_ff_dec_y = 0.00012841360014527207
ccd_ff_tilt_x = 0.14600841305505885
ccd_ff_tilt_y = -0.5720482585958687
ccd_ff_tilt_z = 0.1725641764261988
d_ff_ccd  = -4.811216857855165
ccd_dec_x = 0.6206398256999559
ccd_dec_y = 5.155276257511095
ccd_defocus = 0.31631854852669017
ccd_tilt_x = 0.007808352975828463
ccd_tilt_y = -0.014020906024458322
ccd_tilt_z = 3.2543988239001993e-06
p = 1.105818181818182e-05