slit_dec_x_a = -0.181778666534
slit_dec_y_a = -0.18243150017
slit_dec_x_b = 0.14512077562974193
slit_dec_y_b = -0.05510809031835813
slit_defocus = -0.013714737652450586
slit_tilt_x = 1.0540570549097108
slit_tilt_y = -8.559912644326777
slit_tilt_z = -9.026927687223175
d_slit_col = 1594.2902915190718
coll_tilt_x = 0.12147069233772909
coll_tilt_y = -0.026500168132833554
ech_G = 31.614568094935994
ech_blaze = -74.99488691592738
ech_gamma = 1.1556447212034293
echelle_z = 0.05700260018271142
d_col_trf = -1588.0163638689578
trf_mirror_tilt_x = 0.007302499208682563
trf_mirror_tilt_y = 0.15547293837428056
d_col_grm = 0.03567229021540257
grism_dec_x = 236.38324210064877
grism_dec_y = 0.009299390135603247
grm_tilt_x = -0.023502443118004913
grm_tilt_y = 2.3257938482628155
grm_G = 222.78406722932408
grm_apex = 17.766521020772853
d_grm_cam  = 21.6046991414253
cam_dec_x = -0.2711052351049879
cam_dec_y = 0.29088078626371167
cam_tilt_x = 0.012404802140018729
cam_tilt_y = 0.008847556785626712
d_cam_ff  = -160.07704097878542
ccd_ff_dec_x = -0.023801654683835834
ccd_ff_dec_y = 0.04210083595697204
ccd_ff_tilt_x = 0.03345371632192026
ccd_ff_tilt_y = -0.590982495519419
ccd_ff_tilt_z = 0.17191623436681877
d_ff_ccd  = -4.815977413092613
ccd_dec_x = 0.5532995899504571
ccd_dec_y = 5.107632242610715
ccd_defocus = 0.2857297380585341
ccd_tilt_x = 0.032628047205987096
ccd_tilt_y = -0.0021565530298285527
ccd_tilt_z = 4.688569425583897e-06
p = 0.0001