slit_dec_x_a = -0.1704010755187174
slit_dec_y_a = -0.1956586180351446
slit_dec_x_b = 0.175
slit_dec_y_b = -1.8184606037600397e-96
slit_defocus = 0.021422365910875436
slit_tilt_x = 1.11398190209326
slit_tilt_y = -8.538400929781076
slit_tilt_z = -8.991691457462075
d_slit_col = 1594.3099816447834
coll_tilt_x = 0.11316787250646775
coll_tilt_y = -0.028935400373719444
ech_G = 31.613233766416844
ech_blaze = -74.97482600770394
ech_gamma = 1.1389772753532619
echelle_z = 0.07476535106880566
d_col_trf = -1588.017229536509
trf_mirror_tilt_x = 0.026284551949539516
trf_mirror_tilt_y = 0.1621801942034152
d_col_grm = -0.004767342569879243
grism_dec_x = 236.42332101688797
grism_dec_y = 0.038190632326010235
grm_tilt_x = -0.014059042485961296
grm_tilt_y = 2.3052765728881432
grm_G = 222.82400479835775
grm_apex = 17.791026823073228
d_grm_cam  = 21.609815689213754
cam_dec_x = -0.30952784691277985
cam_dec_y = 0.24725444984873807
cam_tilt_x = -0.011160899630401903
cam_tilt_y = 0.003782510410397525
d_cam_ff  = -160.05765941473112
ccd_ff_dec_x = -0.0025969821608472915
ccd_ff_dec_y = 0.0530048106572258
ccd_ff_tilt_x = 0.01950261172591673
ccd_ff_tilt_y = -0.5728118937070217
ccd_ff_tilt_z = 0.1800553585457952
d_ff_ccd  = -4.838866093734905
ccd_dec_x = 0.621411108726601
ccd_dec_y = 5.157154156511607
ccd_defocus = 0.2807943624874554
ccd_tilt_x = 0.005077755770876009
ccd_tilt_y = -0.010915047896002776
ccd_tilt_z = 5.1540693924710836e-06
p = 0.0001