slit_dec_x_a = -0.181778666534
slit_dec_y_a = -0.18243150017
slit_dec_x_b = 0.14512077562974193
slit_dec_y_b = -0.05510809031835813
slit_defocus = -0.0022058056495292576
slit_tilt_x = 1.1346859883377816
slit_tilt_y = -8.56837648670846
slit_tilt_z = -9.003574643291845
d_slit_col = 1594.303987113657
coll_tilt_x = 0.08648171085438475
coll_tilt_y = -0.022059845244430564
ech_G = 31.6109189806551
ech_blaze = -74.99574581228717
ech_gamma = 1.1581782775809195
echelle_z = 0.05672240887172988
d_col_trf = -1588.0162997690936
trf_mirror_tilt_x = 0.12248839030406579
trf_mirror_tilt_y = 0.01872466973699087
d_col_grm = 0.014953473504191576
grism_dec_x = 236.3974793429722
grism_dec_y = -0.005061752450203651
grm_tilt_x = -0.024679781354701818
grm_tilt_y = 2.327342740134777
grm_G = 222.78590857244302
grm_apex = 17.80907706728143
d_grm_cam  = 21.604906161335833
cam_dec_x = -0.2836358321141096
cam_dec_y = 0.2897582233737516
cam_tilt_x = 0.0043345525685236745
cam_tilt_y = -0.027771877395898276
d_cam_ff  = -160.5695703372389
ccd_ff_dec_x = -0.022873150019943427
ccd_ff_dec_y = -0.047780242761184456
ccd_ff_tilt_x = 0.16503276363959676
ccd_ff_tilt_y = -0.5893574397896928
ccd_ff_tilt_z = 0.17177403880354442
d_ff_ccd  = -4.785400330929337
ccd_dec_x = 0.5518828912546226
ccd_dec_y = 5.10635282192274
ccd_defocus = 0.3158657435454056
ccd_tilt_x = 0.021368859124940007
ccd_tilt_y = -0.004198419389188095
ccd_tilt_z = 3.131750801104168e-07
p = 1.7945454545454543e-06