slit_dec_x_a = -0.17040089284278243
slit_dec_y_a = -0.1958336952430491
slit_dec_x_b = 0.175
slit_dec_y_b = -2.5776983918098995e-96
slit_defocus = 0.005521537038323163
slit_tilt_x = 1.1861269792847466
slit_tilt_y = -8.540096613419422
slit_tilt_z = -8.990829457463343
d_slit_col = 1594.2944308196977
coll_tilt_x = 0.08854737126414797
coll_tilt_y = -0.03172636933940079
ech_G = 31.61067301415033
ech_blaze = -74.97710240273784
ech_gamma = 1.1405381291776704
echelle_z = 0.07546164327364253
d_col_trf = -1588.0185898251284
trf_mirror_tilt_x = 0.13864791069945656
trf_mirror_tilt_y = 0.07753471788628859
d_col_grm = -0.009530420284054823
grism_dec_x = 236.4343105388464
grism_dec_y = 0.03423535604408693
grm_tilt_x = -0.01596498991054864
grm_tilt_y = 2.304372424187608
grm_G = 222.82519473451634
grm_apex = 17.81513374865796
d_grm_cam  = 21.608471720617842
cam_dec_x = -0.30210057008282726
cam_dec_y = 0.25033403657264763
cam_tilt_x = -0.018333104725361787
cam_tilt_y = -0.015017449210218015
d_cam_ff  = -160.40098176169207
ccd_ff_dec_x = -0.0035444684399539754
ccd_ff_dec_y = 0.0001691397648114857
ccd_ff_tilt_x = 0.1460138400709309
ccd_ff_tilt_y = -0.5720248549145831
ccd_ff_tilt_z = 0.17254679803153022
d_ff_ccd  = -4.8112012848296715
ccd_dec_x = 0.6206410674659829
ccd_dec_y = 5.155294299258191
ccd_defocus = 0.3163337149593941
ccd_tilt_x = 0.007808236517468453
ccd_tilt_y = -0.014013235204340625
ccd_tilt_z = 3.3724632733390994e-06
p = 1.7945454545454543e-06