slit_dec_x_a = -0.1704010755187174
slit_dec_y_a = -0.1956586180351446
slit_dec_x_b = 0.175
slit_dec_y_b = -1.8327172512483113e-96
slit_defocus = 0.021309796351743248
slit_tilt_x = 1.1140394548895345
slit_tilt_y = -8.538465409202312
slit_tilt_z = -8.991671042389063
d_slit_col = 1594.3100227424434
coll_tilt_x = 0.11318019823709281
coll_tilt_y = -0.028904548260529093
ech_G = 31.61322551909663
ech_blaze = -74.97483436836741
ech_gamma = 1.138978508058388
echelle_z = 0.07477632097679303
d_col_trf = -1588.0172294045917
trf_mirror_tilt_x = 0.02631269045567882
trf_mirror_tilt_y = 0.16224210069377054
d_col_grm = -0.0049057462585592754
grism_dec_x = 236.42328008089882
grism_dec_y = 0.03818799516144435
grm_tilt_x = -0.014045705458657846
grm_tilt_y = 2.3052792205207706
grm_G = 222.82400823565408
grm_apex = 17.791003730975376
d_grm_cam  = 21.609817234211004
cam_dec_x = -0.30954874528538806
cam_dec_y = 0.24729208939920072
cam_tilt_x = -0.011011576561715088
cam_tilt_y = 0.003796565824607521
d_cam_ff  = -160.05768926869598
ccd_ff_dec_x = -0.0025976941508661
ccd_ff_dec_y = 0.053083052758051245
ccd_ff_tilt_x = 0.019511780641395245
ccd_ff_tilt_y = -0.5728028359809286
ccd_ff_tilt_z = 0.1800539323953473
d_ff_ccd  = -4.838973505075832
ccd_dec_x = 0.6214030782770965
ccd_dec_y = 5.157150922754168
ccd_defocus = 0.28078121027069386
ccd_tilt_x = 0.00502936036363859
ccd_tilt_y = -0.01091272100969582
ccd_tilt_z = 5.038124892897998e-06
p = 0.0001