slit_dec_x_a = -0.181778666534
slit_dec_y_a = -0.18243150017
slit_dec_x_b = 0.14512077562974193
slit_dec_y_b = -0.05510809031835813
slit_defocus = -0.013833391470914454
slit_tilt_x = 1.0540287654027873
slit_tilt_y = -8.560012619903791
slit_tilt_z = -9.026895025063626
d_slit_col = 1594.2902894107388
coll_tilt_x = 0.12143859481783065
coll_tilt_y = -0.026477362008258547
ech_G = 31.614558599402137
ech_blaze = -74.99488978117158
ech_gamma = 1.155641053512777
echelle_z = 0.05700720913224363
d_col_trf = -1588.0163641786025
trf_mirror_tilt_x = 0.007310650619931254
trf_mirror_tilt_y = 0.15547666777080218
d_col_grm = 0.03564650607084533
grism_dec_x = 236.3831566099313
grism_dec_y = 0.009215635643587322
grm_tilt_x = -0.023502886254659516
grm_tilt_y = 2.3257883510173087
grm_G = 222.78407548920936
grm_apex = 17.766506147566
d_grm_cam  = 21.604691091378236
cam_dec_x = -0.2710849442254152
cam_dec_y = 0.2908759663048617
cam_tilt_x = 0.012515491545552471
cam_tilt_y = 0.008801764573520545
d_cam_ff  = -160.07720399306532
ccd_ff_dec_x = -0.02379983776198399
ccd_ff_dec_y = 0.04211671724304085
ccd_ff_tilt_x = 0.033409294699606226
ccd_ff_tilt_y = -0.5909785176676543
ccd_ff_tilt_z = 0.17191573014667025
d_ff_ccd  = -4.815935639785853
ccd_dec_x = 0.5532939764941016
ccd_dec_y = 5.107626486446825
ccd_defocus = 0.2857224015344812
ccd_tilt_x = 0.032581382050077885
ccd_tilt_y = -0.002129280637299945
ccd_tilt_z = 4.6904318171153e-06
p = 0.0001