slit_dec_x_a = -0.17045983492113065
slit_dec_y_a = -0.19605499944299834
slit_dec_x_b = 0.175
slit_dec_y_b = -2.138707502256727e-96
slit_defocus = 0.0055243218911398126
slit_tilt_x = 1.1861203362715276
slit_tilt_y = -8.54005058511174
slit_tilt_z = -8.990858597745147
d_slit_col = 1594.2944531585713
coll_tilt_x = 0.08877186802725484
coll_tilt_y = -0.03172444021621203
ech_G = 31.6106717301793
ech_blaze = -74.97702523716507
ech_gamma = 1.140580270428915
echelle_z = 0.07502894325814688
d_col_trf = -1588.018558569197
trf_mirror_tilt_x = 0.13873345951636368
trf_mirror_tilt_y = 0.07757747801520856
d_col_grm = -0.009527351001259631
grism_dec_x = 236.43429769143575
grism_dec_y = 0.034215126293506475
grm_tilt_x = -0.015712512862250103
grm_tilt_y = 2.304371570813687
grm_G = 222.825226813751
grm_apex = 17.815102002310116
d_grm_cam  = 21.608484659607058
cam_dec_x = -0.30210342065140644
cam_dec_y = 0.2503829060635004
cam_tilt_x = -0.01820209097352942
cam_tilt_y = -0.015012278982631161
d_cam_ff  = -160.4009365112195
ccd_ff_dec_x = -0.0035587329664976994
ccd_ff_dec_y = 0.00013705083561816735
ccd_ff_tilt_x = 0.1459936180271315
ccd_ff_tilt_y = -0.5720610331632376
ccd_ff_tilt_z = 0.1725584247579113
d_ff_ccd  = -4.811219882609093
ccd_dec_x = 0.620644672780892
ccd_dec_y = 5.155270470634655
ccd_defocus = 0.3163328092243566
ccd_tilt_x = 0.007778783371833151
ccd_tilt_y = -0.014004590371658248
ccd_tilt_z = 3.2710743829089523e-06
p = 6.218363636363637e-06