slit_dec_x_a = -0.181778666534
slit_dec_y_a = -0.18243150017
slit_dec_x_b = 0.14512077562974193
slit_dec_y_b = -0.05510809031835813
slit_defocus = -0.0021889921080609303
slit_tilt_x = 1.134704126950082
slit_tilt_y = -8.568302920999317
slit_tilt_z = -9.003598803134121
d_slit_col = 1594.3039328563727
coll_tilt_x = 0.08646729218259508
coll_tilt_y = -0.0220448629276621
ech_G = 31.610904368509324
ech_blaze = -74.99559354386611
ech_gamma = 1.158241367013336
echelle_z = 0.056976744290883834
d_col_trf = -1588.0162227989736
trf_mirror_tilt_x = 0.12249748914457856
trf_mirror_tilt_y = 0.01869795691945783
d_col_grm = 0.014975195273851985
grism_dec_x = 236.39747897233053
grism_dec_y = -0.005065427614569642
grm_tilt_x = -0.024821313689915716
grm_tilt_y = 2.3275007214411074
grm_G = 222.78569595892276
grm_apex = 17.809155944072227
d_grm_cam  = 21.604543860248967
cam_dec_x = -0.28364497359632596
cam_dec_y = 0.2897431462823408
cam_tilt_x = 0.0043356830259231255
cam_tilt_y = -0.027809821485500385
d_cam_ff  = -160.5695715683225
ccd_ff_dec_x = -0.022913112191987932
ccd_ff_dec_y = -0.04778251978920131
ccd_ff_tilt_x = 0.16503691888317462
ccd_ff_tilt_y = -0.5895774528350348
ccd_ff_tilt_z = 0.17167927233663194
d_ff_ccd  = -4.785393125193374
ccd_dec_x = 0.5519695544401155
ccd_dec_y = 5.106565326736508
ccd_defocus = 0.31583652464243067
ccd_tilt_x = 0.021426967944597343
ccd_tilt_y = -0.004222253826825702
ccd_tilt_z = 2.6682656975139007e-07
p = 6.218363636363637e-06