slit_dec_x_a = -0.1704010755187174
slit_dec_y_a = -0.1956586180351446
slit_dec_x_b = 0.175
slit_dec_y_b = -1.8207390675749504e-96
slit_defocus = 0.02135056896302014
slit_tilt_x = 1.114045913046529
slit_tilt_y = -8.538415849345329
slit_tilt_z = -8.991636538231127
d_slit_col = 1594.310042170051
coll_tilt_x = 0.11319722628185931
coll_tilt_y = -0.02889126296716719
ech_G = 31.613228514988464
ech_blaze = -74.97484058433416
ech_gamma = 1.1389797878340613
echelle_z = 0.07477064153695591
d_col_trf = -1588.01723092139
trf_mirror_tilt_x = 0.026265183193366955
trf_mirror_tilt_y = 0.16225163191796957
d_col_grm = -0.004800080663832381
grism_dec_x = 236.4232987448532
grism_dec_y = 0.038157403080541136
grm_tilt_x = -0.014055715971261519
grm_tilt_y = 2.3052820356693813
grm_G = 222.8240057770083
grm_apex = 17.791076417782556
d_grm_cam  = 21.60982056204236
cam_dec_x = -0.30951288851037306
cam_dec_y = 0.24727505994280724
cam_tilt_x = -0.011047698913366495
cam_tilt_y = 0.0037818686561033976
d_cam_ff  = -160.05778373904283
ccd_ff_dec_x = -0.002601724921005359
ccd_ff_dec_y = 0.05310569666193058
ccd_ff_tilt_x = 0.019540878265436747
ccd_ff_tilt_y = -0.5728047629146102
ccd_ff_tilt_z = 0.1800545173945588
d_ff_ccd  = -4.838957815868403
ccd_dec_x = 0.6214042548627139
ccd_dec_y = 5.157148038275719
ccd_defocus = 0.28072687563314874
ccd_tilt_x = 0.005049473074218631
ccd_tilt_y = -0.010889086673706803
ccd_tilt_z = 5.039173915403792e-06
p = 0.0001