slit_dec_x_a = -0.181778666534
slit_dec_y_a = -0.18243150017
slit_dec_x_b = 0.14512077562974193
slit_dec_y_b = -0.05510809031835813
slit_defocus = -0.0021858523982315244
slit_tilt_x = 1.1347056273008485
slit_tilt_y = -8.568291765556069
slit_tilt_z = -9.003596295108359
d_slit_col = 1594.3039146863614
coll_tilt_x = 0.08647171332567756
coll_tilt_y = -0.022042937277594255
ech_G = 31.610901964171145
ech_blaze = -74.9955989295036
ech_gamma = 1.1582246042383713
echelle_z = 0.05699930220268603
d_col_trf = -1588.0162212591288
trf_mirror_tilt_x = 0.122508812941239
trf_mirror_tilt_y = 0.018710123079864104
d_col_grm = 0.014984210591943355
grism_dec_x = 236.39748373592496
grism_dec_y = -0.0050680865179049284
grm_tilt_x = -0.024814427253306688
grm_tilt_y = 2.327479588833724
grm_G = 222.7856906225627
grm_apex = 17.80916047840466
d_grm_cam  = 21.60460684532126
cam_dec_x = -0.28363274276969025
cam_dec_y = 0.2897524114472974
cam_tilt_x = 0.004337450343410545
cam_tilt_y = -0.027823215614255676
d_cam_ff  = -160.56960194198683
ccd_ff_dec_x = -0.02290429567566719
ccd_ff_dec_y = -0.04778111421203479
ccd_ff_tilt_x = 0.16503798728492367
ccd_ff_tilt_y = -0.5895420456453287
ccd_ff_tilt_z = 0.17167199549899856
d_ff_ccd  = -4.785388939856428
ccd_dec_x = 0.5519707592637324
ccd_dec_y = 5.106487665226423
ccd_defocus = 0.3158346049543791
ccd_tilt_x = 0.021418869177905503
ccd_tilt_y = -0.004227581940926679
ccd_tilt_z = 2.973536938887122e-07
p = 9.290454545454545e-06