slit_dec_x_a = -0.17046315497298625
slit_dec_y_a = -0.1960116064174424
slit_dec_x_b = 0.175
slit_dec_y_b = -2.2285245068601647e-96
slit_defocus = 0.005524894072504621
slit_tilt_x = 1.1861283649435652
slit_tilt_y = -8.540047913783628
slit_tilt_z = -8.990867990346024
d_slit_col = 1594.294456397904
coll_tilt_x = 0.08881727853980001
coll_tilt_y = -0.03171082770964758
ech_G = 31.61067360647431
ech_blaze = -74.97702220860363
ech_gamma = 1.1405956549248222
echelle_z = 0.07506356458058341
d_col_trf = -1588.0185615045157
trf_mirror_tilt_x = 0.13872688900267724
trf_mirror_tilt_y = 0.07757581345337371
d_col_grm = -0.009519012013196385
grism_dec_x = 236.4343075628578
grism_dec_y = 0.034218470905467493
grm_tilt_x = -0.015760809010971193
grm_tilt_y = 2.3043746376024146
grm_G = 222.8252236937435
grm_apex = 17.81511248292375
d_grm_cam  = 21.608482688641676
cam_dec_x = -0.30209913884920575
cam_dec_y = 0.2503843694281296
cam_tilt_x = -0.018148887468450652
cam_tilt_y = -0.01500714612556026
d_cam_ff  = -160.40093700931587
ccd_ff_dec_x = -0.003557602662832614
ccd_ff_dec_y = 0.0001321118824030349
ccd_ff_tilt_x = 0.14600490381209408
ccd_ff_tilt_y = -0.572059481038189
ccd_ff_tilt_z = 0.17256008261939462
d_ff_ccd  = -4.811213688739039
ccd_dec_x = 0.6206372697667153
ccd_dec_y = 5.155271655919228
ccd_defocus = 0.31632092676041756
ccd_tilt_x = 0.007795455136662006
ccd_tilt_y = -0.01400929263049466
ccd_tilt_z = 3.2637092786624714e-06
p = 9.290454545454545e-06