slit_dec_x_a = -0.181778666534
slit_dec_y_a = -0.18243150017
slit_dec_x_b = 0.14512077562974193
slit_dec_y_b = -0.05510809031835813
slit_defocus = -0.013748449306794887
slit_tilt_x = 1.0541433068424368
slit_tilt_y = -8.559925398211655
slit_tilt_z = -9.026845238241462
d_slit_col = 1594.2902826716204
coll_tilt_x = 0.1214019828414726
coll_tilt_y = -0.02641844307054466
ech_G = 31.61456375970141
ech_blaze = -74.99488931270896
ech_gamma = 1.1556432501259253
echelle_z = 0.05699743287044267
d_col_trf = -1588.0163641289055
trf_mirror_tilt_x = 0.0073552983713260104
trf_mirror_tilt_y = 0.15545091184595075
d_col_grm = 0.03570220159613108
grism_dec_x = 236.3832045216082
grism_dec_y = 0.009272118863425202
grm_tilt_x = -0.02350553585910063
grm_tilt_y = 2.3257930806243547
grm_G = 222.78407026938396
grm_apex = 17.766545376058957
d_grm_cam  = 21.604703123969387
cam_dec_x = -0.2711470441145987
cam_dec_y = 0.2908926916822046
cam_tilt_x = 0.012461947052487213
cam_tilt_y = 0.008798057502158847
d_cam_ff  = -160.07688197646888
ccd_ff_dec_x = -0.023807829589354366
ccd_ff_dec_y = 0.04203873678542136
ccd_ff_tilt_x = 0.033516658104406884
ccd_ff_tilt_y = -0.5909834427896988
ccd_ff_tilt_z = 0.1719128290302256
d_ff_ccd  = -4.816026610511573
ccd_dec_x = 0.5532948570281793
ccd_dec_y = 5.107632351218604
ccd_defocus = 0.28578605197046797
ccd_tilt_x = 0.032602226525848495
ccd_tilt_y = -0.0020892999230974238
ccd_tilt_z = 4.719049384217323e-06
p = 0.0001