slit_dec_x_a = -0.1704010755187174
slit_dec_y_a = -0.1956586180351446
slit_dec_x_b = 0.175
slit_dec_y_b = -1.8147103773573859e-96
slit_defocus = 0.021375167157964586
slit_tilt_x = 1.1139968690397353
slit_tilt_y = -8.538382700652306
slit_tilt_z = -8.991630516669623
d_slit_col = 1594.309885229445
coll_tilt_x = 0.11314463926133002
coll_tilt_y = -0.0289131502159674
ech_G = 31.613227531640064
ech_blaze = -74.97483131287237
ech_gamma = 1.138979122783001
echelle_z = 0.07476473419190961
d_col_trf = -1588.017230875732
trf_mirror_tilt_x = 0.026205572554229145
trf_mirror_tilt_y = 0.162287561585924
d_col_grm = -0.004822935976713616
grism_dec_x = 236.42330139608876
grism_dec_y = 0.038206938818802785
grm_tilt_x = -0.01405389916481122
grm_tilt_y = 2.3052738811556126
grm_G = 222.82400071987726
grm_apex = 17.79096725056628
d_grm_cam  = 21.609827143534226
cam_dec_x = -0.3094939981246444
cam_dec_y = 0.24721117881320442
cam_tilt_x = -0.011039483729798646
cam_tilt_y = 0.003759447155721816
d_cam_ff  = -160.0577860382665
ccd_ff_dec_x = -0.002604690327637043
ccd_ff_dec_y = 0.053045456430519736
ccd_ff_tilt_x = 0.019529016253577742
ccd_ff_tilt_y = -0.5728076637662449
ccd_ff_tilt_z = 0.18005343031270007
d_ff_ccd  = -4.838914043305561
ccd_dec_x = 0.621412933116841
ccd_dec_y = 5.1571533208792
ccd_defocus = 0.2807100128299613
ccd_tilt_x = 0.005067916002373584
ccd_tilt_y = -0.010887226413489322
ccd_tilt_z = 5.0505200906218e-06
p = 0.0001