slit_dec_x_a = -0.17044560280156
slit_dec_y_a = -0.1960797153451391
slit_dec_x_b = 0.175
slit_dec_y_b = -2.298728343047338e-96
slit_defocus = 0.005518095010570496
slit_tilt_x = 1.1861016249970382
slit_tilt_y = -8.54008058807876
slit_tilt_z = -8.990861503483014
d_slit_col = 1594.2944518018235
coll_tilt_x = 0.08878240389130189
coll_tilt_y = -0.03176577114915699
ech_G = 31.610695773009507
ech_blaze = -74.97709254441658
ech_gamma = 1.1404908408267265
echelle_z = 0.07533122378258672
d_col_trf = -1588.0185454075893
trf_mirror_tilt_x = 0.13869479872160537
trf_mirror_tilt_y = 0.0775538873431537
d_col_grm = -0.009508370424936807
grism_dec_x = 236.43430963493807
grism_dec_y = 0.034239133342953317
grm_tilt_x = -0.01593493727125314
grm_tilt_y = 2.304365855649726
grm_G = 222.8252094829989
grm_apex = 17.815129242645284
d_grm_cam  = 21.60849169936316
cam_dec_x = -0.30211475521512954
cam_dec_y = 0.25035424052610106
cam_tilt_x = -0.01810506463363966
cam_tilt_y = -0.014996807472999482
d_cam_ff  = -160.40094990720664
ccd_ff_dec_x = -0.003539264846200796
ccd_ff_dec_y = 0.00013406670141354605
ccd_ff_tilt_x = 0.14603838045525583
ccd_ff_tilt_y = -0.572035924976959
ccd_ff_tilt_z = 0.1725701082151138
d_ff_ccd  = -4.8112266790569915
ccd_dec_x = 0.6206479325606177
ccd_dec_y = 5.155286602299492
ccd_defocus = 0.31631971957666977
ccd_tilt_x = 0.0078082928994270264
ccd_tilt_y = -0.014021261121540063
ccd_tilt_z = 3.29470166563968e-06
p = 7.283083333333332e-06