slit_dec_x_a = -0.1704010755187174
slit_dec_y_a = -0.1956586180351446
slit_dec_x_b = 0.175
slit_dec_y_b = -1.832139288862264e-96
slit_defocus = 0.021334023685343494
slit_tilt_x = 1.1139126769456684
slit_tilt_y = -8.538436756275635
slit_tilt_z = -8.991629189216631
d_slit_col = 1594.309994757731
coll_tilt_x = 0.11318632925543823
coll_tilt_y = -0.02891974093302613
ech_G = 31.613228001805346
ech_blaze = -74.97483137257426
ech_gamma = 1.13897371651993
echelle_z = 0.07477193579305023
d_col_trf = -1588.0172293264213
trf_mirror_tilt_x = 0.026291568590819877
trf_mirror_tilt_y = 0.16221952771513973
d_col_grm = -0.004815792694357809
grism_dec_x = 236.42330473628596
grism_dec_y = 0.038268297958225894
grm_tilt_x = -0.014054494067836695
grm_tilt_y = 2.3052765829061035
grm_G = 222.82400316293428
grm_apex = 17.7910230472611
d_grm_cam  = 21.609815908504906
cam_dec_x = -0.30955331832195127
cam_dec_y = 0.24731104069524104
cam_tilt_x = -0.011013691623015028
cam_tilt_y = 0.0038061052456873786
d_cam_ff  = -160.05746940365944
ccd_ff_dec_x = -0.0026034872280259647
ccd_ff_dec_y = 0.05300862043249855
ccd_ff_tilt_x = 0.019466578561575014
ccd_ff_tilt_y = -0.5728108730181252
ccd_ff_tilt_z = 0.18005044120292565
d_ff_ccd  = -4.838982936788437
ccd_dec_x = 0.6214025020870121
ccd_dec_y = 5.157155120941116
ccd_defocus = 0.28070353613739063
ccd_tilt_x = 0.0049879446074728535
ccd_tilt_y = -0.010920776283141186
ccd_tilt_z = 5.087830703864778e-06
p = 0.0001