slit_dec_x_a = -0.17042332186552936
slit_dec_y_a = -0.19601067167251754
slit_dec_x_b = 0.175
slit_dec_y_b = -2.2143294545704145e-96
slit_defocus = 0.0055495757607927085
slit_tilt_x = 1.186123432675
slit_tilt_y = -8.540000499263739
slit_tilt_z = -8.99085565938368
d_slit_col = 1594.2944662019972
coll_tilt_x = 0.0888087224261792
coll_tilt_y = -0.03174180493158244
ech_G = 31.610675378569557
ech_blaze = -74.97682491741713
ech_gamma = 1.1405121585748135
echelle_z = 0.07484233617962466
d_col_trf = -1588.0185661293256
trf_mirror_tilt_x = 0.13865565163891524
trf_mirror_tilt_y = 0.07759809789110339
d_col_grm = -0.00954571355463943
grism_dec_x = 236.4343221109123
grism_dec_y = 0.034208115758269646
grm_tilt_x = -0.01569601547375804
grm_tilt_y = 2.304372735257198
grm_G = 222.8251872425626
grm_apex = 17.815108171541542
d_grm_cam  = 21.608476520213877
cam_dec_x = -0.3021592995778802
cam_dec_y = 0.2503604887215394
cam_tilt_x = -0.01860302540649344
cam_tilt_y = -0.015050720908221585
d_cam_ff  = -160.40095203991802
ccd_ff_dec_x = -0.003507956575128279
ccd_ff_dec_y = 0.0001765350094477437
ccd_ff_tilt_x = 0.14603889514882964
ccd_ff_tilt_y = -0.572076723626213
ccd_ff_tilt_z = 0.17260330757183748
d_ff_ccd  = -4.811251507515224
ccd_dec_x = 0.620688258154232
ccd_dec_y = 5.155281594246667
ccd_defocus = 0.3163090629125953
ccd_tilt_x = 0.007736392609966936
ccd_tilt_y = -0.014044917423899413
ccd_tilt_z = 3.1485833367260414e-06
p = 6.731666666666666e-06