slit_dec_x_a = -0.181778666534
slit_dec_y_a = -0.18243150017
slit_dec_x_b = 0.14512077562974193
slit_dec_y_b = -0.05510809031835813
slit_defocus = -0.0022132254568087923
slit_tilt_x = 1.1347025409125795
slit_tilt_y = -8.56826978239401
slit_tilt_z = -9.003649924810013
d_slit_col = 1594.3039275835467
coll_tilt_x = 0.08642982550956288
coll_tilt_y = -0.022049465197366284
ech_G = 31.610888295675956
ech_blaze = -74.99556777976943
ech_gamma = 1.1581320731068285
echelle_z = 0.05737501645811831
d_col_trf = -1588.0163419192972
trf_mirror_tilt_x = 0.12253564837433079
trf_mirror_tilt_y = 0.018692247901571056
d_col_grm = 0.015025364432288578
grism_dec_x = 236.39746984381242
grism_dec_y = -0.0050205266799562415
grm_tilt_x = -0.02472385777768369
grm_tilt_y = 2.3272981563673008
grm_G = 222.78573161138027
grm_apex = 17.80914927043837
d_grm_cam  = 21.60431499091469
cam_dec_x = -0.2836210558133734
cam_dec_y = 0.289720961498074
cam_tilt_x = 0.004331527233123297
cam_tilt_y = -0.027802040668937825
d_cam_ff  = -160.56961070372503
ccd_ff_dec_x = -0.02277830053389485
ccd_ff_dec_y = -0.04779534099540694
ccd_ff_tilt_x = 0.16502740466286478
ccd_ff_tilt_y = -0.5897231006167011
ccd_ff_tilt_z = 0.17177512949504983
d_ff_ccd  = -4.785386138243599
ccd_dec_x = 0.5519417988514008
ccd_dec_y = 5.106208751640475
ccd_defocus = 0.3158014850841435
ccd_tilt_x = 0.02137479451167815
ccd_tilt_y = -0.004206877252130509
ccd_tilt_z = 3.4948893310616693e-07
p = 6.731666666666666e-06