slit_dec_x_a = -0.1704010755187174
slit_dec_y_a = -0.1956586180351446
slit_dec_x_b = 0.175
slit_dec_y_b = -1.8108506033186422e-96
slit_defocus = 0.021353935260187727
slit_tilt_x = 1.114032653009735
slit_tilt_y = -8.53843427550161
slit_tilt_z = -8.991616359048415
d_slit_col = 1594.3100085499036
coll_tilt_x = 0.11322485859380814
coll_tilt_y = -0.02882169373613583
ech_G = 31.613231329392786
ech_blaze = -74.97482606531767
ech_gamma = 1.138975904374941
echelle_z = 0.07477085468189684
d_col_trf = -1588.017231865916
trf_mirror_tilt_x = 0.026258278376782945
trf_mirror_tilt_y = 0.16220237582003794
d_col_grm = -0.0048137974251539276
grism_dec_x = 236.42335026861358
grism_dec_y = 0.0381089265546391
grm_tilt_x = -0.014055760422410121
grm_tilt_y = 2.305280701139102
grm_G = 222.82400497038003
grm_apex = 17.79107880042719
d_grm_cam  = 21.609826172950918
cam_dec_x = -0.3095760351245808
cam_dec_y = 0.24725067574121945
cam_tilt_x = -0.011032809863618579
cam_tilt_y = 0.003870314490348099
d_cam_ff  = -160.05724852640034
ccd_ff_dec_x = -0.002596271232822866
ccd_ff_dec_y = 0.053009572047304186
ccd_ff_tilt_x = 0.0194702440118114
ccd_ff_tilt_y = -0.5727936930410616
ccd_ff_tilt_z = 0.18004924577297773
d_ff_ccd  = -4.83893221202065
ccd_dec_x = 0.6214080767891772
ccd_dec_y = 5.157141440443268
ccd_defocus = 0.28065198752192966
ccd_tilt_x = 0.004971013959076364
ccd_tilt_y = -0.010935666289666442
ccd_tilt_z = 5.071392351946142e-06
p = 0.0001