slit_dec_x_a = -0.1704631571457802
slit_dec_y_a = -0.19607301989917297
slit_dec_x_b = 0.175
slit_dec_y_b = -1.8662677425399746e-96
slit_defocus = 0.005569358810010345
slit_tilt_x = 1.1861297213271296
slit_tilt_y = -8.540010448230346
slit_tilt_z = -8.990843180183113
d_slit_col = 1594.294434801387
coll_tilt_x = 0.0887738908673287
coll_tilt_y = -0.03176945340540575
ech_G = 31.61068798213829
ech_blaze = -74.97706439582753
ech_gamma = 1.1405016066460074
echelle_z = 0.07496898583870393
d_col_trf = -1588.0185618685543
trf_mirror_tilt_x = 0.13871823325538185
trf_mirror_tilt_y = 0.07759061424040069
d_col_grm = -0.00951752889221831
grism_dec_x = 236.4342807239085
grism_dec_y = 0.03425239443534658
grm_tilt_x = -0.015796185102352252
grm_tilt_y = 2.304371136614658
grm_G = 222.82516820587531
grm_apex = 17.815108515607175
d_grm_cam  = 21.608487068335183
cam_dec_x = -0.30210299229180243
cam_dec_y = 0.250382311203419
cam_tilt_x = -0.018332099484890826
cam_tilt_y = -0.015028917794051137
d_cam_ff  = -160.40095358808162
ccd_ff_dec_x = -0.0035372514265687616
ccd_ff_dec_y = 0.0001409892536008894
ccd_ff_tilt_x = 0.14599971864920108
ccd_ff_tilt_y = -0.5720853990617336
ccd_ff_tilt_z = 0.17255150779664952
d_ff_ccd  = -4.811239796548589
ccd_dec_x = 0.6206661400740563
ccd_dec_y = 5.155261639283009
ccd_defocus = 0.31632627734789204
ccd_tilt_x = 0.007754396448918534
ccd_tilt_y = -0.013999621998263342
ccd_tilt_z = 3.23590203682013e-06
p = 1.9721666666666665e-06