slit_dec_x_a = -0.1704260977567706
slit_dec_y_a = -0.19585902150648626
slit_dec_x_b = 0.175
slit_dec_y_b = -2.0538363195181357e-96
slit_defocus = 0.005572226286198506
slit_tilt_x = 1.186115815428265
slit_tilt_y = -8.540002647039703
slit_tilt_z = -8.990845267970498
d_slit_col = 1594.294445591315
coll_tilt_x = 0.08863851664615655
coll_tilt_y = -0.03178149187823928
ech_G = 31.610669706787085
ech_blaze = -74.97698480519271
ech_gamma = 1.1404472275227886
echelle_z = 0.07490546695862972
d_col_trf = -1588.0185651502743
trf_mirror_tilt_x = 0.13867974951699305
trf_mirror_tilt_y = 0.077581751711009
d_col_grm = -0.009545328409721577
grism_dec_x = 236.43429781744078
grism_dec_y = 0.03422881707998876
grm_tilt_x = -0.01571811189042714
grm_tilt_y = 2.3043690267810186
grm_G = 222.82518042308772
grm_apex = 17.815112422000116
d_grm_cam  = 21.608490472293266
cam_dec_x = -0.30214632122543655
cam_dec_y = 0.25035815808770157
cam_tilt_x = -0.018494015801582296
cam_tilt_y = -0.015020254704121114
d_cam_ff  = -160.40099660039562
ccd_ff_dec_x = -0.0035473178066425613
ccd_ff_dec_y = 0.00014222743652577503
ccd_ff_tilt_x = 0.1460055929610332
ccd_ff_tilt_y = -0.5721105220597248
ccd_ff_tilt_z = 0.17259806389163018
d_ff_ccd  = -4.8112329640341445
ccd_dec_x = 0.6206794296610179
ccd_dec_y = 5.155307124946739
ccd_defocus = 0.3163009238086842
ccd_tilt_x = 0.007751172759442434
ccd_tilt_y = -0.01401020409370931
ccd_tilt_z = 3.1800039899223825e-06
p = 1.3716666666666665e-05