slit_dec_x_a = -0.1704010755187174
slit_dec_y_a = -0.1956586180351446
slit_dec_x_b = 0.175
slit_dec_y_b = -1.8331540363114524e-96
slit_defocus = 0.021372030865277104
slit_tilt_x = 1.1139390924695158
slit_tilt_y = -8.538499365766373
slit_tilt_z = -8.991635982188416
d_slit_col = 1594.3099998298542
coll_tilt_x = 0.11313690999716121
coll_tilt_y = -0.0289446871744697
ech_G = 31.613226736032967
ech_blaze = -74.97483659257428
ech_gamma = 1.1389685980675008
echelle_z = 0.07478044020761358
d_col_trf = -1588.0172320398908
trf_mirror_tilt_x = 0.02632610243770126
trf_mirror_tilt_y = 0.1621858800624296
d_col_grm = -0.004810983245066343
grism_dec_x = 236.42321843982998
grism_dec_y = 0.038215634026638724
grm_tilt_x = -0.01406021012286888
grm_tilt_y = 2.3052774513748515
grm_G = 222.8240029183171
grm_apex = 17.791033993262367
d_grm_cam  = 21.609815546308276
cam_dec_x = -0.30943969784303127
cam_dec_y = 0.2473055143283164
cam_tilt_x = -0.011096166314651578
cam_tilt_y = 0.0037385709535202698
d_cam_ff  = -160.0572408439548
ccd_ff_dec_x = -0.0026032385167593397
ccd_ff_dec_y = 0.05308168794710967
ccd_ff_tilt_x = 0.01954449143313606
ccd_ff_tilt_y = -0.5728057474882778
ccd_ff_tilt_z = 0.1800508446426823
d_ff_ccd  = -4.838914125179356
ccd_dec_x = 0.6213969872298867
ccd_dec_y = 5.157149761254645
ccd_defocus = 0.28077004982544024
ccd_tilt_x = 0.0050314757465464224
ccd_tilt_y = -0.01091137580033291
ccd_tilt_z = 5.07754676887882e-06
p = 0.0001