slit_dec_x_a = -0.181778666534
slit_dec_y_a = -0.18243150017
slit_dec_x_b = 0.14512077562974193
slit_dec_y_b = -0.05510809031835813
slit_defocus = -0.013820017354816534
slit_tilt_x = 1.0541113981077201
slit_tilt_y = -8.559961832914052
slit_tilt_z = -9.0269542111257
d_slit_col = 1594.290261019412
coll_tilt_x = 0.12140862597229816
coll_tilt_y = -0.026522557479118667
ech_G = 31.614563854312014
ech_blaze = -74.99489830480209
ech_gamma = 1.1556387428486832
echelle_z = 0.05700955630109052
d_col_trf = -1588.0163603767412
trf_mirror_tilt_x = 0.007234225024795241
trf_mirror_tilt_y = 0.1554284608079933
d_col_grm = 0.03568819609247626
grism_dec_x = 236.38326832344424
grism_dec_y = 0.009270569187214299
grm_tilt_x = -0.023503818484696577
grm_tilt_y = 2.3257921466197047
grm_G = 222.7840672079274
grm_apex = 17.7664729669393
d_grm_cam  = 21.604696160232816
cam_dec_x = -0.2711239628867391
cam_dec_y = 0.2909017275263406
cam_tilt_x = 0.012399749278799622
cam_tilt_y = 0.008877329820853331
d_cam_ff  = -160.07703157695818
ccd_ff_dec_x = -0.02380410709198572
ccd_ff_dec_y = 0.042067498693403926
ccd_ff_tilt_x = 0.03342142654665213
ccd_ff_tilt_y = -0.5909740384952065
ccd_ff_tilt_z = 0.1719169744392977
d_ff_ccd  = -4.81597068802676
ccd_dec_x = 0.5532963023188684
ccd_dec_y = 5.107632301404473
ccd_defocus = 0.28574565574256316
ccd_tilt_x = 0.0325526092799347
ccd_tilt_y = -0.0021742185163826657
ccd_tilt_z = 4.675266734086295e-06
p = 0.0001