slit_dec_x_a = -0.181778666534
slit_dec_y_a = -0.18243150017
slit_dec_x_b = 0.14512077562974193
slit_dec_y_b = -0.05510809031835813
slit_defocus = -0.0022133242564781382
slit_tilt_x = 1.134690609629288
slit_tilt_y = -8.568301199995599
slit_tilt_z = -9.003628399091117
d_slit_col = 1594.3039145325026
coll_tilt_x = 0.08643356464398451
coll_tilt_y = -0.022039339549605283
ech_G = 31.61091811350144
ech_blaze = -74.99576211639967
ech_gamma = 1.1581311608019305
echelle_z = 0.0572077485721046
d_col_trf = -1588.0161918412186
trf_mirror_tilt_x = 0.12250660770471851
trf_mirror_tilt_y = 0.018685359071919035
d_col_grm = 0.014988335689935574
grism_dec_x = 236.39748540676726
grism_dec_y = -0.005038260425763505
grm_tilt_x = -0.024743990560580985
grm_tilt_y = 2.327438590505521
grm_G = 222.78569532588932
grm_apex = 17.809183265620053
d_grm_cam  = 21.604419398460774
cam_dec_x = -0.28362785529352025
cam_dec_y = 0.28971561426586484
cam_tilt_x = 0.004357072989008488
cam_tilt_y = -0.027820979205264936
d_cam_ff  = -160.56965657065177
ccd_ff_dec_x = -0.02295903288039801
ccd_ff_dec_y = -0.04777620634977647
ccd_ff_tilt_x = 0.1650493476384187
ccd_ff_tilt_y = -0.5895932455977737
ccd_ff_tilt_z = 0.17180997942759763
d_ff_ccd  = -4.785362651960665
ccd_dec_x = 0.5520098747947593
ccd_dec_y = 5.106461295550453
ccd_defocus = 0.3157961651073999
ccd_tilt_x = 0.021419389281660844
ccd_tilt_y = -0.004188712961069104
ccd_tilt_z = 2.574849518758478e-07
p = 1.6820833333333333e-05