slit_dec_x_a = -0.17042853006987416
slit_dec_y_a = -0.19601381244326654
slit_dec_x_b = 0.175
slit_dec_y_b = -1.947465337889157e-96
slit_defocus = 0.005575185468061508
slit_tilt_x = 1.186121149424978
slit_tilt_y = -8.540004976208795
slit_tilt_z = -8.990855301627436
d_slit_col = 1594.2944310268672
coll_tilt_x = 0.08870452540346808
coll_tilt_y = -0.03178472444318782
ech_G = 31.610684736013003
ech_blaze = -74.977087677432
ech_gamma = 1.14044166998357
echelle_z = 0.07496487015508256
d_col_trf = -1588.0185558742069
trf_mirror_tilt_x = 0.13870723692513404
trf_mirror_tilt_y = 0.07759515729348956
d_col_grm = -0.009532209540976189
grism_dec_x = 236.43428796848798
grism_dec_y = 0.03424612632056632
grm_tilt_x = -0.015717509898453375
grm_tilt_y = 2.3043742801560056
grm_G = 222.825168011142
grm_apex = 17.81510569750924
d_grm_cam  = 21.608486002149636
cam_dec_x = -0.30213101872834947
cam_dec_y = 0.2503688000130189
cam_tilt_x = -0.018389549118419966
cam_tilt_y = -0.015036836306212699
d_cam_ff  = -160.40098250015387
ccd_ff_dec_x = -0.003537914421682216
ccd_ff_dec_y = 0.000152084502030609
ccd_ff_tilt_x = 0.1460164103580333
ccd_ff_tilt_y = -0.5721081619034041
ccd_ff_tilt_z = 0.17257727873152395
d_ff_ccd  = -4.8112340128711395
ccd_dec_x = 0.620680212633985
ccd_dec_y = 5.1552822544434855
ccd_defocus = 0.3162997528087003
ccd_tilt_x = 0.0077672223798712844
ccd_tilt_y = -0.014022700312056846
ccd_tilt_z = 3.218364923628463e-06
p = 1.6820833333333333e-05