slit_dec_x_a = -0.181778666534
slit_dec_y_a = -0.18243150017
slit_dec_x_b = 0.14512077562974193
slit_dec_y_b = -0.05510809031835813
slit_defocus = -0.013793275321519914
slit_tilt_x = 1.054122112654177
slit_tilt_y = -8.559979672734869
slit_tilt_z = -9.02684680107422
d_slit_col = 1594.2903861369623
coll_tilt_x = 0.1214538395218397
coll_tilt_y = -0.026519766404814266
ech_G = 31.61456071719328
ech_blaze = -74.99488921849547
ech_gamma = 1.1556405527828817
echelle_z = 0.05700345606174616
d_col_trf = -1588.016372744107
trf_mirror_tilt_x = 0.0073027050561416925
trf_mirror_tilt_y = 0.15545057964665096
d_col_grm = 0.03573664878695448
grism_dec_x = 236.3832402196077
grism_dec_y = 0.009263569329468136
grm_tilt_x = -0.023504136398165364
grm_tilt_y = 2.3257912243287464
grm_G = 222.78406930174526
grm_apex = 17.76647200966714
d_grm_cam  = 21.60470449487092
cam_dec_x = -0.27108469452394335
cam_dec_y = 0.2908994473163428
cam_tilt_x = 0.012464549426286541
cam_tilt_y = 0.008822548977334164
d_cam_ff  = -160.07763112326887
ccd_ff_dec_x = -0.023798785943231277
ccd_ff_dec_y = 0.04203929722253516
ccd_ff_tilt_x = 0.03342176946310672
ccd_ff_tilt_y = -0.5909792636281136
ccd_ff_tilt_z = 0.17191558610468297
d_ff_ccd  = -4.816032875538251
ccd_dec_x = 0.553299707203625
ccd_dec_y = 5.107627502826027
ccd_defocus = 0.285766079365511
ccd_tilt_x = 0.032592977541382406
ccd_tilt_y = -0.0020751138744922056
ccd_tilt_z = 4.695725140694441e-06
p = 0.0001