slit_dec_x_a = -0.17039165610544
slit_dec_y_a = -0.19594487614379957
slit_dec_x_b = 0.175
slit_dec_y_b = -1.5532543707728953e-96
slit_defocus = 0.005592679317747095
slit_tilt_x = 1.1861694723467702
slit_tilt_y = -8.540025235306846
slit_tilt_z = -8.990841347363968
d_slit_col = 1594.294458125231
coll_tilt_x = 0.08878805850511409
coll_tilt_y = -0.031841690395613305
ech_G = 31.610667884031862
ech_blaze = -74.97685020143324
ech_gamma = 1.1403945785732716
echelle_z = 0.07475009489569397
d_col_trf = -1588.018538081443
trf_mirror_tilt_x = 0.13866804147591544
trf_mirror_tilt_y = 0.07752747927288206
d_col_grm = -0.009532053829220911
grism_dec_x = 236.43432370236516
grism_dec_y = 0.034165617942598744
grm_tilt_x = -0.015831676894028965
grm_tilt_y = 2.304347370891573
grm_G = 222.82517555575828
grm_apex = 17.815128635932926
d_grm_cam  = 21.608483274750963
cam_dec_x = -0.3021233513443563
cam_dec_y = 0.2503259902584149
cam_tilt_x = -0.01843066788956692
cam_tilt_y = -0.015054966640019953
d_cam_ff  = -160.4009347659922
ccd_ff_dec_x = -0.003537010327629317
ccd_ff_dec_y = 0.00023107103048201983
ccd_ff_tilt_x = 0.1460271587367157
ccd_ff_tilt_y = -0.5720718401060555
ccd_ff_tilt_z = 0.1725683178758084
d_ff_ccd  = -4.811251564577382
ccd_dec_x = 0.6206786978189766
ccd_dec_y = 5.155325024890943
ccd_defocus = 0.3163195648364636
ccd_tilt_x = 0.0077058093744841885
ccd_tilt_y = -0.014091693553186102
ccd_tilt_z = 3.1343750305347377e-06
p = 1.9775833333333335e-05