slit_dec_x_a = -0.1704010755187174
slit_dec_y_a = -0.1956586180351446
slit_dec_x_b = 0.175
slit_dec_y_b = -1.7747719546356903e-96
slit_defocus = 0.02139838408344334
slit_tilt_x = 1.1140020119663294
slit_tilt_y = -8.538456211110237
slit_tilt_z = -8.991631755777073
d_slit_col = 1594.3099895662565
coll_tilt_x = 0.11319718287115885
coll_tilt_y = -0.02889696556735125
ech_G = 31.61322481952082
ech_blaze = -74.97483335391722
ech_gamma = 1.13897020700107
echelle_z = 0.0747789841806307
d_col_trf = -1588.0172287291493
trf_mirror_tilt_x = 0.026266025939877886
trf_mirror_tilt_y = 0.16218001850827948
d_col_grm = -0.004827061251681984
grism_dec_x = 236.4233587707162
grism_dec_y = 0.03820732954132723
grm_tilt_x = -0.014056853042713632
grm_tilt_y = 2.305277706197361
grm_G = 222.8240015325599
grm_apex = 17.790981279606886
d_grm_cam  = 21.609815182229543
cam_dec_x = -0.309501158104468
cam_dec_y = 0.24726285449981786
cam_tilt_x = -0.011034069018278594
cam_tilt_y = 0.0037926594485631518
d_cam_ff  = -160.05754973267133
ccd_ff_dec_x = -0.002604641193760969
ccd_ff_dec_y = 0.05294956727645767
ccd_ff_tilt_x = 0.01948479427259221
ccd_ff_tilt_y = -0.5728015198462121
ccd_ff_tilt_z = 0.18006070140108918
d_ff_ccd  = -4.838830389497311
ccd_dec_x = 0.6214080759962624
ccd_dec_y = 5.15714915325139
ccd_defocus = 0.2807033496127518
ccd_tilt_x = 0.005013671704580902
ccd_tilt_y = -0.0108895337123961
ccd_tilt_z = 5.09293759240481e-06
p = 0.0001