slit_dec_x_a = -0.1703870398680193
slit_dec_y_a = -0.19589511750465555
slit_dec_x_b = 0.175
slit_dec_y_b = -1.5031778107273136e-96
slit_defocus = 0.005592584310160174
slit_tilt_x = 1.1861575282693102
slit_tilt_y = -8.540044117825481
slit_tilt_z = -8.990848610264527
d_slit_col = 1594.2944625783787
coll_tilt_x = 0.08873980783403923
coll_tilt_y = -0.03186303505409567
ech_G = 31.610659846590295
ech_blaze = -74.97686108383903
ech_gamma = 1.1403805289733864
echelle_z = 0.07476486917568637
d_col_trf = -1588.0185376568006
trf_mirror_tilt_x = 0.13867362919310908
trf_mirror_tilt_y = 0.0775227197642702
d_col_grm = -0.00954053556738774
grism_dec_x = 236.43433293537151
grism_dec_y = 0.034164197764656845
grm_tilt_x = -0.015823951920368767
grm_tilt_y = 2.304363312016334
grm_G = 222.82516268897035
grm_apex = 17.815127168605517
d_grm_cam  = 21.608479041719207
cam_dec_x = -0.30212822226780933
cam_dec_y = 0.25033105753576135
cam_tilt_x = -0.01846307250116582
cam_tilt_y = -0.01507435172093781
d_cam_ff  = -160.40095060310807
ccd_ff_dec_x = -0.0035275302461911964
ccd_ff_dec_y = 0.0002331032781459065
ccd_ff_tilt_x = 0.1460507415131473
ccd_ff_tilt_y = -0.5720616105891607
ccd_ff_tilt_z = 0.17256562950168247
d_ff_ccd  = -4.811263033129582
ccd_dec_x = 0.6206787766976788
ccd_dec_y = 5.1553093412081115
ccd_defocus = 0.31629824357667086
ccd_tilt_x = 0.0077157490880721
ccd_tilt_y = -0.01409059797045466
ccd_tilt_z = 3.1477640632235247e-06
p = 1.7289166666666667e-05