slit_dec_x_a = -0.1704010755187174
slit_dec_y_a = -0.1956586180351446
slit_dec_x_b = 0.175
slit_dec_y_b = -1.8611201312820486e-96
slit_defocus = 0.021401118296843397
slit_tilt_x = 1.1139770791310626
slit_tilt_y = -8.53846655038922
slit_tilt_z = -8.991634265346049
d_slit_col = 1594.3099868468692
coll_tilt_x = 0.11317971270993914
coll_tilt_y = -0.02891186200840189
ech_G = 31.613228333438013
ech_blaze = -74.97482573587592
ech_gamma = 1.1389734025862057
echelle_z = 0.07477038814848619
d_col_trf = -1588.0172267582684
trf_mirror_tilt_x = 0.02630957107002672
trf_mirror_tilt_y = 0.16220523155057615
d_col_grm = -0.00488314797777531
grism_dec_x = 236.42330225806873
grism_dec_y = 0.03815720809547474
grm_tilt_x = -0.014061010414827763
grm_tilt_y = 2.3052774352884833
grm_G = 222.8240051325623
grm_apex = 17.79110687993546
d_grm_cam  = 21.609819926668553
cam_dec_x = -0.30954962233892097
cam_dec_y = 0.24724616471261668
cam_tilt_x = -0.010991237887526628
cam_tilt_y = 0.0037787402920935213
d_cam_ff  = -160.05730297252316
ccd_ff_dec_x = -0.0025944701368655907
ccd_ff_dec_y = 0.053026854854355966
ccd_ff_tilt_x = 0.019472064213681913
ccd_ff_tilt_y = -0.5728045287476604
ccd_ff_tilt_z = 0.18004654699178357
d_ff_ccd  = -4.838973295918078
ccd_dec_x = 0.6214003940619445
ccd_dec_y = 5.157151029792698
ccd_defocus = 0.2806997178207814
ccd_tilt_x = 0.005051383798061304
ccd_tilt_y = -0.01101283653769033
ccd_tilt_z = 5.085310148942555e-06
p = 0.0001