slit_dec_x_a = -0.1704598557520035
slit_dec_y_a = -0.19607980860984192
slit_dec_x_b = 0.175
slit_dec_y_b = -2.3979227086831316e-96
slit_defocus = 0.005518176420190712
slit_tilt_x = 1.1861329823355278
slit_tilt_y = -8.54007009397682
slit_tilt_z = -8.990863461264848
d_slit_col = 1594.2944434902815
coll_tilt_x = 0.08874201610493188
coll_tilt_y = -0.03168612507318301
ech_G = 31.61067247709615
ech_blaze = -74.9770121073503
ech_gamma = 1.1406095973429564
echelle_z = 0.07517306820950692
d_col_trf = -1588.0185623907216
trf_mirror_tilt_x = 0.13871947820241523
trf_mirror_tilt_y = 0.07757696987734763
d_col_grm = -0.009526558921567365
grism_dec_x = 236.43432838854454
grism_dec_y = 0.03425352206326799
grm_tilt_x = -0.015865576734647155
grm_tilt_y = 2.3043931274650364
grm_G = 222.825212864723
grm_apex = 17.8151132253698
d_grm_cam  = 21.60848575801325
cam_dec_x = -0.302116862598408
cam_dec_y = 0.25036241953033833
cam_tilt_x = -0.018082353832533024
cam_tilt_y = -0.01498373265676681
d_cam_ff  = -160.40094625941765
ccd_ff_dec_x = -0.0035619949933541045
ccd_ff_dec_y = 0.00012361122487164754
ccd_ff_tilt_x = 0.14602825376387313
ccd_ff_tilt_y = -0.5720333128601051
ccd_ff_tilt_z = 0.17256042283722692
d_ff_ccd  = -4.8112223423536165
ccd_dec_x = 0.6206456717127684
ccd_dec_y = 5.1552804320644885
ccd_defocus = 0.31631133724960253
ccd_tilt_x = 0.007818756951632548
ccd_tilt_y = -0.01401843782758734
ccd_tilt_z = 3.2419074316573787e-06
p = 1.2029999999999998e-05