slit_dec_x_a = -0.181778666534
slit_dec_y_a = -0.18243150017
slit_dec_x_b = 0.14512077562974193
slit_dec_y_b = -0.05510809031835813
slit_defocus = -0.002199692145064534
slit_tilt_x = 1.134716588949746
slit_tilt_y = -8.568335964264659
slit_tilt_z = -9.00361340302347
d_slit_col = 1594.3039357218668
coll_tilt_x = 0.08648010364237366
coll_tilt_y = -0.02204551124449856
ech_G = 31.610896864597883
ech_blaze = -74.99553451106658
ech_gamma = 1.1581661659183802
echelle_z = 0.05691724241760696
d_col_trf = -1588.016273535177
trf_mirror_tilt_x = 0.12250615566324259
trf_mirror_tilt_y = 0.018738783014524404
d_col_grm = 0.01499924157354777
grism_dec_x = 236.39750755007233
grism_dec_y = -0.005066311067855541
grm_tilt_x = -0.024711281314924383
grm_tilt_y = 2.3273508904247238
grm_G = 222.78585949696497
grm_apex = 17.80913791301641
d_grm_cam  = 21.60459675388222
cam_dec_x = -0.28361831157187195
cam_dec_y = 0.2897647341903665
cam_tilt_x = 0.004304458181514983
cam_tilt_y = -0.027795514426857567
d_cam_ff  = -160.56960630477002
ccd_ff_dec_x = -0.022832987191872208
ccd_ff_dec_y = -0.0477712558760331
ccd_ff_tilt_x = 0.16502888348175332
ccd_ff_tilt_y = -0.5895069217741776
ccd_ff_tilt_z = 0.1718495448659767
d_ff_ccd  = -4.785369895585865
ccd_dec_x = 0.5519188493752083
ccd_dec_y = 5.106476307675652
ccd_defocus = 0.31582871721068845
ccd_tilt_x = 0.021424898650791172
ccd_tilt_y = -0.004234938623913694
ccd_tilt_z = 2.4290376693091434e-07
p = 1.2029999999999998e-05