slit_dec_x_a = -0.181778666534
slit_dec_y_a = -0.18243150017
slit_dec_x_b = 0.14512077562974193
slit_dec_y_b = -0.05510809031835813
slit_defocus = -0.013798396504019384
slit_tilt_x = 1.0540897216818959
slit_tilt_y = -8.559962550134829
slit_tilt_z = -9.026894573467459
d_slit_col = 1594.2902251465325
coll_tilt_x = 0.1213681216945919
coll_tilt_y = -0.026508704535584095
ech_G = 31.61455779669719
ech_blaze = -74.99489489686286
ech_gamma = 1.1556376378428002
echelle_z = 0.05700132464680684
d_col_trf = -1588.0163646327753
trf_mirror_tilt_x = 0.007337341319909002
trf_mirror_tilt_y = 0.15546399630667646
d_col_grm = 0.03565791297192752
grism_dec_x = 236.3832399091692
grism_dec_y = 0.009257141795131367
grm_tilt_x = -0.023501194551819277
grm_tilt_y = 2.325789249346927
grm_G = 222.7840678967257
grm_apex = 17.76655236442299
d_grm_cam  = 21.604707896796914
cam_dec_x = -0.27106045031515696
cam_dec_y = 0.2909130965225369
cam_tilt_x = 0.012424151086458184
cam_tilt_y = 0.008808247615063209
d_cam_ff  = -160.0772983090257
ccd_ff_dec_x = -0.02380902117197808
ccd_ff_dec_y = 0.04207055661065817
ccd_ff_tilt_x = 0.033420786378181945
ccd_ff_tilt_y = -0.5909800663459537
ccd_ff_tilt_z = 0.17191237310714053
d_ff_ccd  = -4.815964384874804
ccd_dec_x = 0.5533018329177886
ccd_dec_y = 5.107626186694098
ccd_defocus = 0.28576480437576335
ccd_tilt_x = 0.032609577544914406
ccd_tilt_y = -0.002146138137276306
ccd_tilt_z = 4.710332984743889e-06
p = 0.0001