slit_dec_x_a = -0.17039379752423436
slit_dec_y_a = -0.1956814605909409
slit_dec_x_b = 0.175
slit_dec_y_b = -2.5587974601546044e-96
slit_defocus = 0.0055213037947310865
slit_tilt_x = 1.1861379388682436
slit_tilt_y = -8.540107650511983
slit_tilt_z = -8.990825737212276
d_slit_col = 1594.294436069428
coll_tilt_x = 0.08855769098931567
coll_tilt_y = -0.03175117673578529
ech_G = 31.61068243543989
ech_blaze = -74.97716020561032
ech_gamma = 1.1405372614384104
echelle_z = 0.07548672487498022
d_col_trf = -1588.0185998897095
trf_mirror_tilt_x = 0.1386460123784579
trf_mirror_tilt_y = 0.07754096376726752
d_col_grm = -0.009531652143692738
grism_dec_x = 236.43432198399114
grism_dec_y = 0.03425326028719146
grm_tilt_x = -0.015867331932659087
grm_tilt_y = 2.3043675617366897
grm_G = 222.82519088534988
grm_apex = 17.815145748183408
d_grm_cam  = 21.608461432383393
cam_dec_x = -0.3021160699932122
cam_dec_y = 0.25035036147925427
cam_tilt_x = -0.01839390772917121
cam_tilt_y = -0.015011642458855027
d_cam_ff  = -160.40099103636396
ccd_ff_dec_x = -0.0035265252008004236
ccd_ff_dec_y = 0.0001629235845751971
ccd_ff_tilt_x = 0.14600480410615388
ccd_ff_tilt_y = -0.5720286879947133
ccd_ff_tilt_z = 0.17253090545992833
d_ff_ccd  = -4.81121389477887
ccd_dec_x = 0.6206485038761165
ccd_dec_y = 5.15530735492103
ccd_defocus = 0.3163301513223998
ccd_tilt_x = 0.0077893888787343305
ccd_tilt_y = -0.014018407709984014
ccd_tilt_z = 3.345180353666224e-06
p = 2.0931666666666667e-06