slit_dec_x_a = -0.181778666534
slit_dec_y_a = -0.18243150017
slit_dec_x_b = 0.14512077562974193
slit_dec_y_b = -0.05510809031835813
slit_defocus = -0.0022248998132641086
slit_tilt_x = 1.1346942948035705
slit_tilt_y = -8.568371330393104
slit_tilt_z = -9.00357839271747
d_slit_col = 1594.3039565228992
coll_tilt_x = 0.08648780136336967
coll_tilt_y = -0.02205032992199405
ech_G = 31.61093965699143
ech_blaze = -74.9958205584159
ech_gamma = 1.1582250171593187
echelle_z = 0.05665980973608239
d_col_trf = -1588.016279841007
trf_mirror_tilt_x = 0.12247262618911003
trf_mirror_tilt_y = 0.018710265852533714
d_col_grm = 0.014944893712734855
grism_dec_x = 236.39748722416772
grism_dec_y = -0.005065542260054392
grm_tilt_x = -0.024773482545318366
grm_tilt_y = 2.327347569679861
grm_G = 222.7859408172569
grm_apex = 17.80907147385433
d_grm_cam  = 21.604940641937983
cam_dec_x = -0.2836383390974988
cam_dec_y = 0.2897530901688571
cam_tilt_x = 0.004343714394272771
cam_tilt_y = -0.02776575554419094
d_cam_ff  = -160.56962953397493
ccd_ff_dec_x = -0.022770845594803503
ccd_ff_dec_y = -0.04778728709316841
ccd_ff_tilt_x = 0.16503318759466237
ccd_ff_tilt_y = -0.5893890755955102
ccd_ff_tilt_z = 0.17186999340976805
d_ff_ccd  = -4.785420767309379
ccd_dec_x = 0.5519203550182659
ccd_dec_y = 5.106330956699598
ccd_defocus = 0.31586118679849345
ccd_tilt_x = 0.021374927593054673
ccd_tilt_y = -0.004180964457473502
ccd_tilt_z = 2.397375785609108e-07
p = 2.0931666666666667e-06