slit_dec_x_a = -0.181778666534
slit_dec_y_a = -0.18243150017
slit_dec_x_b = 0.14512077562974193
slit_dec_y_b = -0.05510809031835813
slit_defocus = -0.002202615450417312
slit_tilt_x = 1.1347072054450453
slit_tilt_y = -8.56830275607922
slit_tilt_z = -9.003612515921843
d_slit_col = 1594.3039270030822
coll_tilt_x = 0.08646230609571627
coll_tilt_y = -0.022040068338584372
ech_G = 31.610904451066563
ech_blaze = -74.99558229604034
ech_gamma = 1.1582230084760492
echelle_z = 0.05699313595195762
d_col_trf = -1588.0162538473796
trf_mirror_tilt_x = 0.1224886048318072
trf_mirror_tilt_y = 0.018699038117991087
d_col_grm = 0.01497630453581461
grism_dec_x = 236.39748059957807
grism_dec_y = -0.005064178381434997
grm_tilt_x = -0.024826253991630267
grm_tilt_y = 2.327463517607712
grm_G = 222.78571521827297
grm_apex = 17.80915979381865
d_grm_cam  = 21.604489506104912
cam_dec_x = -0.28363839393886464
cam_dec_y = 0.2897486021687577
cam_tilt_x = 0.004334321949281851
cam_tilt_y = -0.027817589151023354
d_cam_ff  = -160.5695671754398
ccd_ff_dec_x = -0.022915746306677764
ccd_ff_dec_y = -0.04779307971324495
ccd_ff_tilt_x = 0.16504045318809846
ccd_ff_tilt_y = -0.5896069177808739
ccd_ff_tilt_z = 0.17170384382475173
d_ff_ccd  = -4.785386306401222
ccd_dec_x = 0.5519251229617291
ccd_dec_y = 5.106568969379792
ccd_defocus = 0.3158418861970387
ccd_tilt_x = 0.021423975297781395
ccd_tilt_y = -0.004232827880533359
ccd_tilt_z = 2.9796878196388155e-07
p = 7.558545454545455e-06