slit_dec_x_a = -0.1704654229611393
slit_dec_y_a = -0.196071673488726
slit_dec_x_b = 0.175
slit_dec_y_b = -2.1275377944140556e-96
slit_defocus = 0.005527185919619391
slit_tilt_x = 1.1861203787710133
slit_tilt_y = -8.540056614970315
slit_tilt_z = -8.990860445766376
d_slit_col = 1594.294458446236
coll_tilt_x = 0.088705471317792
coll_tilt_y = -0.031712589975885455
ech_G = 31.610672931682377
ech_blaze = -74.97711480353048
ech_gamma = 1.1405926755235531
echelle_z = 0.07499844863296275
d_col_trf = -1588.0185616516671
trf_mirror_tilt_x = 0.13872941083171259
trf_mirror_tilt_y = 0.07757989174822903
d_col_grm = -0.009515542054562955
grism_dec_x = 236.43429980986318
grism_dec_y = 0.03423773844818087
grm_tilt_x = -0.015733499759604586
grm_tilt_y = 2.304368692858942
grm_G = 222.8252094784503
grm_apex = 17.815098447141615
d_grm_cam  = 21.608492984136493
cam_dec_x = -0.3021010397975255
cam_dec_y = 0.2503826251280546
cam_tilt_x = -0.018153657860685353
cam_tilt_y = -0.015015901633325005
d_cam_ff  = -160.40094851369352
ccd_ff_dec_x = -0.0035568387560103013
ccd_ff_dec_y = 0.00014565254525322963
ccd_ff_tilt_x = 0.14600295567055718
ccd_ff_tilt_y = -0.572054055835277
ccd_ff_tilt_z = 0.1725682947684633
d_ff_ccd  = -4.811229283380912
ccd_dec_x = 0.6206386891807603
ccd_dec_y = 5.1552716816958055
ccd_defocus = 0.31632840076184965
ccd_tilt_x = 0.007771779814803429
ccd_tilt_y = -0.014012393728104151
ccd_tilt_z = 3.270451194695358e-06
p = 7.558545454545455e-06