slit_dec_x_a = -0.181778666534
slit_dec_y_a = -0.18243150017
slit_dec_x_b = 0.14512077562974193
slit_dec_y_b = -0.05510809031835813
slit_defocus = -0.01381647790057438
slit_tilt_x = 1.0541173033393385
slit_tilt_y = -8.559987404331865
slit_tilt_z = -9.02687280542787
d_slit_col = 1594.290265696018
coll_tilt_x = 0.12147859890611468
coll_tilt_y = -0.026451442873964438
ech_G = 31.61456300827302
ech_blaze = -74.99488847806604
ech_gamma = 1.1556372319587715
echelle_z = 0.057003339391303
d_col_trf = -1588.0163652943768
trf_mirror_tilt_x = 0.007311148958739589
trf_mirror_tilt_y = 0.15537657091985693
d_col_grm = 0.03563203951869697
grism_dec_x = 236.38319677261424
grism_dec_y = 0.009211896242407874
grm_tilt_x = -0.023509033755306042
grm_tilt_y = 2.32578655756388
grm_G = 222.78407196856054
grm_apex = 17.766476679981682
d_grm_cam  = 21.60469711037597
cam_dec_x = -0.2711250368644089
cam_dec_y = 0.29090255055101494
cam_tilt_x = 0.012416719223704622
cam_tilt_y = 0.00877832110441541
d_cam_ff  = -160.07724355142614
ccd_ff_dec_x = -0.02380740501043674
ccd_ff_dec_y = 0.04203918919846503
ccd_ff_tilt_x = 0.033541442952081855
ccd_ff_tilt_y = -0.5909801468482401
ccd_ff_tilt_z = 0.1719228990795075
d_ff_ccd  = -4.815939284326368
ccd_dec_x = 0.5533054383137017
ccd_dec_y = 5.107641937596111
ccd_defocus = 0.2857684257623693
ccd_tilt_x = 0.032575239719021605
ccd_tilt_y = -0.002092469209168084
ccd_tilt_z = 4.653060939838155e-06
p = 0.0001