slit_dec_x_a = -0.181778666534
slit_dec_y_a = -0.18243150017
slit_dec_x_b = 0.14512077562974193
slit_dec_y_b = -0.05510809031835813
slit_defocus = -0.002182635648033102
slit_tilt_x = 1.1346625504593981
slit_tilt_y = -8.568215337769741
slit_tilt_z = -9.003637260483561
d_slit_col = 1594.3039433584286
coll_tilt_x = 0.0864572102289154
coll_tilt_y = -0.022008062249605425
ech_G = 31.610917969046675
ech_blaze = -74.99566041392202
ech_gamma = 1.1579892017208653
echelle_z = 0.057558242937058766
d_col_trf = -1588.016123753074
trf_mirror_tilt_x = 0.12250566794642762
trf_mirror_tilt_y = 0.018640494093759646
d_col_grm = 0.01509541480913763
grism_dec_x = 236.39743781859147
grism_dec_y = -0.00501944008943565
grm_tilt_x = -0.024974018691794685
grm_tilt_y = 2.326938512971477
grm_G = 222.7858048969395
grm_apex = 17.809201636668224
d_grm_cam  = 21.604698434966604
cam_dec_x = -0.2835957785233283
cam_dec_y = 0.28969409442743216
cam_tilt_x = 0.004269735041808446
cam_tilt_y = -0.027774924585124677
d_cam_ff  = -160.5696540273934
ccd_ff_dec_x = -0.022871051208935816
ccd_ff_dec_y = -0.0477698844527041
ccd_ff_tilt_x = 0.16505593987725195
ccd_ff_tilt_y = -0.5895564908517025
ccd_ff_tilt_z = 0.1717698491666363
d_ff_ccd  = -4.785446060628516
ccd_dec_x = 0.551891070910803
ccd_dec_y = 5.106115322888981
ccd_defocus = 0.31577776102251626
ccd_tilt_x = 0.021318823405412263
ccd_tilt_y = -0.00421517418386503
ccd_tilt_z = 3.453914398699675e-07
p = 3.7776363636363643e-06