slit_dec_x_a = -0.17039152075294012
slit_dec_y_a = -0.19570141028443816
slit_dec_x_b = 0.175
slit_dec_y_b = -1.676327633657212e-96
slit_defocus = 0.005575600397298951
slit_tilt_x = 1.1861005822944672
slit_tilt_y = -8.539993645299653
slit_tilt_z = -8.990833005775032
d_slit_col = 1594.2944893396045
coll_tilt_x = 0.08873008955657836
coll_tilt_y = -0.032028225966061995
ech_G = 31.610668736619765
ech_blaze = -74.97691366286311
ech_gamma = 1.1401961533248017
echelle_z = 0.07471633656311026
d_col_trf = -1588.0185150961552
trf_mirror_tilt_x = 0.13870824512001007
trf_mirror_tilt_y = 0.07751778386506901
d_col_grm = -0.009504490812310192
grism_dec_x = 236.43435012663826
grism_dec_y = 0.03417407962860223
grm_tilt_x = -0.01579409849507233
grm_tilt_y = 2.304370271478385
grm_G = 222.8251789042632
grm_apex = 17.81511320798688
d_grm_cam  = 21.60848247261423
cam_dec_x = -0.3021060368623665
cam_dec_y = 0.2503250305826228
cam_tilt_x = -0.01862854175440908
cam_tilt_y = -0.015098585387621068
d_cam_ff  = -160.40095259316183
ccd_ff_dec_x = -0.0035002563352193074
ccd_ff_dec_y = 0.00025944574014519233
ccd_ff_tilt_x = 0.14603093309268464
ccd_ff_tilt_y = -0.5720841066023417
ccd_ff_tilt_z = 0.17258813074973675
d_ff_ccd  = -4.8113267660685155
ccd_dec_x = 0.6206777429984672
ccd_dec_y = 5.155267190999847
ccd_defocus = 0.31626037065200835
ccd_tilt_x = 0.0077443298893373055
ccd_tilt_y = -0.01410707476532173
ccd_tilt_z = 3.107755982445131e-06
p = 3.7776363636363643e-06