slit_dec_x_a = -0.181778666534
slit_dec_y_a = -0.18243150017
slit_dec_x_b = 0.14512077562974193
slit_dec_y_b = -0.05510809031835813
slit_defocus = -0.013797006340174226
slit_tilt_x = 1.0540695976772514
slit_tilt_y = -8.55989887428299
slit_tilt_z = -9.026869258669992
d_slit_col = 1594.2903078794534
coll_tilt_x = 0.12142736012125825
coll_tilt_y = -0.02655609426308231
ech_G = 31.61456737496928
ech_blaze = -74.99488798150072
ech_gamma = 1.155644446948378
echelle_z = 0.05700781892025788
d_col_trf = -1588.0163578515835
trf_mirror_tilt_x = 0.007335213888940979
trf_mirror_tilt_y = 0.1553981065960178
d_col_grm = 0.03566305129419641
grism_dec_x = 236.38325150025054
grism_dec_y = 0.009181964283896489
grm_tilt_x = -0.023513541734883014
grm_tilt_y = 2.3257880424321087
grm_G = 222.78407280380253
grm_apex = 17.766580516645327
d_grm_cam  = 21.604697997226594
cam_dec_x = -0.271106839769374
cam_dec_y = 0.29095764230384913
cam_tilt_x = 0.012418487942609312
cam_tilt_y = 0.008879273335810987
d_cam_ff  = -160.07712635939865
ccd_ff_dec_x = -0.023798849329756268
ccd_ff_dec_y = 0.042057931401249006
ccd_ff_tilt_x = 0.03346306645788012
ccd_ff_tilt_y = -0.5909838677359747
ccd_ff_tilt_z = 0.17191720029674187
d_ff_ccd  = -4.815957235113366
ccd_dec_x = 0.5533006001706285
ccd_dec_y = 5.107630411003418
ccd_defocus = 0.28579409075343143
ccd_tilt_x = 0.03258313205673345
ccd_tilt_y = -0.002074779914197044
ccd_tilt_z = 4.657011989502839e-06
p = 0.0001