slit_dec_x_a = -0.181778666534
slit_dec_y_a = -0.18243150017
slit_dec_x_b = 0.14512077562974193
slit_dec_y_b = -0.05510809031835813
slit_defocus = -0.0022484437778216592
slit_tilt_x = 1.1347104674060624
slit_tilt_y = -8.568362177454091
slit_tilt_z = -9.00358645152657
d_slit_col = 1594.3039533990836
coll_tilt_x = 0.08648570182040272
coll_tilt_y = -0.022038878710939715
ech_G = 31.610933344866677
ech_blaze = -74.99579812608964
ech_gamma = 1.1582431535648938
echelle_z = 0.05652353851617153
d_col_trf = -1588.0164329052923
trf_mirror_tilt_x = 0.12245683462544783
trf_mirror_tilt_y = 0.018684478745398542
d_col_grm = 0.014937769319125384
grism_dec_x = 236.39752311812265
grism_dec_y = -0.005080786848157699
grm_tilt_x = -0.024686735554705685
grm_tilt_y = 2.327360651920585
grm_G = 222.7858891016225
grm_apex = 17.809061531498017
d_grm_cam  = 21.604727288450373
cam_dec_x = -0.28362696699305423
cam_dec_y = 0.2897631357525685
cam_tilt_x = 0.004325058634234078
cam_tilt_y = -0.027770594657100994
d_cam_ff  = -160.56953368343
ccd_ff_dec_x = -0.022666755734544023
ccd_ff_dec_y = -0.047784827258650575
ccd_ff_tilt_x = 0.165019337051821
ccd_ff_tilt_y = -0.5894633991024163
ccd_ff_tilt_z = 0.17183952930355298
d_ff_ccd  = -4.78542238192248
ccd_dec_x = 0.5519153521764028
ccd_dec_y = 5.106317407308066
ccd_defocus = 0.3158745050883081
ccd_tilt_x = 0.021396356309633092
ccd_tilt_y = -0.004188982772933652
ccd_tilt_z = 1.9820999045064714e-07
p = 4.2285e-06