slit_dec_x_a = -0.17041169194705336
slit_dec_y_a = -0.19588081549199066
slit_dec_x_b = 0.175
slit_dec_y_b = -1.7395718140896545e-96
slit_defocus = 0.005590568382608367
slit_tilt_x = 1.1861292827934415
slit_tilt_y = -8.540011889169994
slit_tilt_z = -8.990852822112965
d_slit_col = 1594.2944765835152
coll_tilt_x = 0.08873097037139215
coll_tilt_y = -0.03199939851816455
ech_G = 31.6106568961812
ech_blaze = -74.97680344981391
ech_gamma = 1.14025701902375
echelle_z = 0.07481491873169048
d_col_trf = -1588.0185315305189
trf_mirror_tilt_x = 0.13870144934055742
trf_mirror_tilt_y = 0.0775354504998862
d_col_grm = -0.009541224932799323
grism_dec_x = 236.4343556534025
grism_dec_y = 0.03416303172683806
grm_tilt_x = -0.015976863309090726
grm_tilt_y = 2.30438649409626
grm_G = 222.8251843094472
grm_apex = 17.81510287438481
d_grm_cam  = 21.608501367405438
cam_dec_x = -0.30210179689625927
cam_dec_y = 0.25033421259262867
cam_tilt_x = -0.01848184501860051
cam_tilt_y = -0.015105517068854291
d_cam_ff  = -160.40096418247245
ccd_ff_dec_x = -0.003505874107631209
ccd_ff_dec_y = 0.0002622439007487045
ccd_ff_tilt_x = 0.1460463120709085
ccd_ff_tilt_y = -0.5720617910759814
ccd_ff_tilt_z = 0.17259784930549374
d_ff_ccd  = -4.8113074821330555
ccd_dec_x = 0.6206907474689739
ccd_dec_y = 5.155287720992627
ccd_defocus = 0.31628516044671745
ccd_tilt_x = 0.007750751985061956
ccd_tilt_y = -0.014121655512031227
ccd_tilt_z = 3.1151892788717825e-06
p = 6.5165454545454555e-06