slit_dec_x_a = -0.181778666534
slit_dec_y_a = -0.18243150017
slit_dec_x_b = 0.14512077562974193
slit_dec_y_b = -0.05510809031835813
slit_defocus = -0.002195931537114531
slit_tilt_x = 1.1346578261392688
slit_tilt_y = -8.568224977291658
slit_tilt_z = -9.00363162471268
d_slit_col = 1594.3039483365487
coll_tilt_x = 0.08647778479049453
coll_tilt_y = -0.02197681458147235
ech_G = 31.61090756344149
ech_blaze = -74.99563851566565
ech_gamma = 1.15809034585149
echelle_z = 0.05754067468898468
d_col_trf = -1588.0161920484811
trf_mirror_tilt_x = 0.12251630898229965
trf_mirror_tilt_y = 0.018614465391975817
d_col_grm = 0.01510789954383796
grism_dec_x = 236.39743752035076
grism_dec_y = -0.005019639852369927
grm_tilt_x = -0.02486233107155824
grm_tilt_y = 2.3270717704929105
grm_G = 222.78570789838403
grm_apex = 17.8092087854575
d_grm_cam  = 21.604615444893756
cam_dec_x = -0.28357466514931806
cam_dec_y = 0.28969366822102555
cam_tilt_x = 0.004293872765537712
cam_tilt_y = -0.027796299112206966
d_cam_ff  = -160.56969450622236
ccd_ff_dec_x = -0.022867436165749815
ccd_ff_dec_y = -0.047785182380769654
ccd_ff_tilt_x = 0.16503497404007467
ccd_ff_tilt_y = -0.5896219153639228
ccd_ff_tilt_z = 0.17175580752686379
d_ff_ccd  = -4.785421736433955
ccd_dec_x = 0.5519179776948072
ccd_dec_y = 5.106111606663773
ccd_defocus = 0.31575047714592513
ccd_tilt_x = 0.021325196642825357
ccd_tilt_y = -0.0042204334219407115
ccd_tilt_z = 3.678228143068151e-07
p = 6.5165454545454555e-06