slit_dec_x_a = -0.181778666534
slit_dec_y_a = -0.18243150017
slit_dec_x_b = 0.14512077562974193
slit_dec_y_b = -0.05510809031835813
slit_defocus = -0.013753981822528844
slit_tilt_x = 1.054129752287565
slit_tilt_y = -8.55993868213634
slit_tilt_z = -9.026870975432317
d_slit_col = 1594.290313165215
coll_tilt_x = 0.12145824770485227
coll_tilt_y = -0.02650495770028034
ech_G = 31.614560459093944
ech_blaze = -74.99489064516594
ech_gamma = 1.1556425288575654
echelle_z = 0.05700476451698917
d_col_trf = -1588.0163603126828
trf_mirror_tilt_x = 0.007345569720113854
trf_mirror_tilt_y = 0.15547499422534122
d_col_grm = 0.035607556288682264
grism_dec_x = 236.38326319113582
grism_dec_y = 0.00933218438731283
grm_tilt_x = -0.023503627111517468
grm_tilt_y = 2.325782680282379
grm_G = 222.78407267882534
grm_apex = 17.76654879876848
d_grm_cam  = 21.604702309070646
cam_dec_x = -0.2711725059534629
cam_dec_y = 0.2908777079293422
cam_tilt_x = 0.012468568956808887
cam_tilt_y = 0.008789003824302168
d_cam_ff  = -160.0769950590433
ccd_ff_dec_x = -0.023807215154267612
ccd_ff_dec_y = 0.04207288834642365
ccd_ff_tilt_x = 0.03345261797762317
ccd_ff_tilt_y = -0.5909805635687161
ccd_ff_tilt_z = 0.17191533607869325
d_ff_ccd  = -4.816039452266123
ccd_dec_x = 0.5532964826140369
ccd_dec_y = 5.107626583075219
ccd_defocus = 0.28572031038928397
ccd_tilt_x = 0.032618323764285306
ccd_tilt_y = -0.002174686035913733
ccd_tilt_z = 4.701293655344601e-06
p = 0.0001