slit_dec_x_a = -0.1704010755187174
slit_dec_y_a = -0.1956586180351446
slit_dec_x_b = 0.175
slit_dec_y_b = -1.8450968902131945e-96
slit_defocus = 0.02138343837416288
slit_tilt_x = 1.11401520637947
slit_tilt_y = -8.538473495760684
slit_tilt_z = -8.991598672961908
d_slit_col = 1594.3099879716026
coll_tilt_x = 0.11315741819208294
coll_tilt_y = -0.028834098303443058
ech_G = 31.613228123912208
ech_blaze = -74.97483497602381
ech_gamma = 1.1389767794995431
echelle_z = 0.07477137868067804
d_col_trf = -1588.0172358663617
trf_mirror_tilt_x = 0.026315558786861322
trf_mirror_tilt_y = 0.16223312499599307
d_col_grm = -0.004866817798757279
grism_dec_x = 236.4233136934894
grism_dec_y = 0.03824603241780647
grm_tilt_x = -0.014052843563827777
grm_tilt_y = 2.305276473857647
grm_G = 222.8240056636097
grm_apex = 17.790972289148407
d_grm_cam  = 21.60981462631813
cam_dec_x = -0.3095094154821005
cam_dec_y = 0.24728781630104435
cam_tilt_x = -0.011108854040839292
cam_tilt_y = 0.003723414879604776
d_cam_ff  = -160.0571610271507
ccd_ff_dec_x = -0.0026059014679212537
ccd_ff_dec_y = 0.052971888571679844
ccd_ff_tilt_x = 0.01950671147165617
ccd_ff_tilt_y = -0.572801716148338
ccd_ff_tilt_z = 0.18005727048890885
d_ff_ccd  = -4.838899682034811
ccd_dec_x = 0.6214086801016553
ccd_dec_y = 5.157149794305463
ccd_defocus = 0.28076330675605793
ccd_tilt_x = 0.00503847544030598
ccd_tilt_y = -0.010880415119493569
ccd_tilt_z = 5.060047365256349e-06
p = 0.0001