slit_dec_x_a = -0.17040625363447442
slit_dec_y_a = -0.1959817177327417
slit_dec_x_b = 0.175
slit_dec_y_b = -1.443252333041773e-96
slit_defocus = 0.005580160666760305
slit_tilt_x = 1.1861724624699421
slit_tilt_y = -8.540018395992144
slit_tilt_z = -8.99084382943951
d_slit_col = 1594.29446280142
coll_tilt_x = 0.08883093821928872
coll_tilt_y = -0.03182142958465087
ech_G = 31.610678601953726
ech_blaze = -74.9768752226709
ech_gamma = 1.140414956378308
echelle_z = 0.07481991469884616
d_col_trf = -1588.018527192286
trf_mirror_tilt_x = 0.13867560317016503
trf_mirror_tilt_y = 0.07753145357031291
d_col_grm = -0.009517803754467627
grism_dec_x = 236.43432655284235
grism_dec_y = 0.03417581146211702
grm_tilt_x = -0.01580157239471625
grm_tilt_y = 2.304363764922869
grm_G = 222.82517499754127
grm_apex = 17.815134472744525
d_grm_cam  = 21.6084821807081
cam_dec_x = -0.3021292872435587
cam_dec_y = 0.2503227410938282
cam_tilt_x = -0.01847401505952417
cam_tilt_y = -0.015047847757643855
d_cam_ff  = -160.40093490544425
ccd_ff_dec_x = -0.003528946569163926
ccd_ff_dec_y = 0.00021774889098819902
ccd_ff_tilt_x = 0.14602576793975466
ccd_ff_tilt_y = -0.5720500221323113
ccd_ff_tilt_z = 0.1725791044537904
d_ff_ccd  = -4.811266830848988
ccd_dec_x = 0.620690551474178
ccd_dec_y = 5.155318197296892
ccd_defocus = 0.3163235239711281
ccd_tilt_x = 0.007708786583700066
ccd_tilt_y = -0.014093505674261897
ccd_tilt_z = 3.116491729511366e-06
p = 2.130181818181818e-05