slit_dec_x_a = -0.181778666534
slit_dec_y_a = -0.18243150017
slit_dec_x_b = 0.14512077562974193
slit_dec_y_b = -0.05510809031835813
slit_defocus = -0.0022091750103737204
slit_tilt_x = 1.1346864361378455
slit_tilt_y = -8.568235231779207
slit_tilt_z = -9.00367248976872
d_slit_col = 1594.3039526630296
coll_tilt_x = 0.08644241750784779
coll_tilt_y = -0.022049371149655373
ech_G = 31.61087797964857
ech_blaze = -74.99553739190529
ech_gamma = 1.158127063098039
echelle_z = 0.05756223334386011
d_col_trf = -1588.0162387062387
trf_mirror_tilt_x = 0.12254357536251881
trf_mirror_tilt_y = 0.018674466485690232
d_col_grm = 0.015055544338058599
grism_dec_x = 236.39747331948325
grism_dec_y = -0.0050393120650101715
grm_tilt_x = -0.02470628521920328
grm_tilt_y = 2.3273334287909098
grm_G = 222.7858362082787
grm_apex = 17.809201189813507
d_grm_cam  = 21.604327784567786
cam_dec_x = -0.2835857809877747
cam_dec_y = 0.2897539435025029
cam_tilt_x = 0.004343413469730939
cam_tilt_y = -0.027825026469109723
d_cam_ff  = -160.5698371667128
ccd_ff_dec_x = -0.022763539354883747
ccd_ff_dec_y = -0.047786365667695126
ccd_ff_tilt_x = 0.1650179020158422
ccd_ff_tilt_y = -0.5896675070858503
ccd_ff_tilt_z = 0.1717294589398564
d_ff_ccd  = -4.785395212722659
ccd_dec_x = 0.5519569009939043
ccd_dec_y = 5.106102321478115
ccd_defocus = 0.3157455881374816
ccd_tilt_x = 0.021346761640055213
ccd_tilt_y = -0.004223082257109508
ccd_tilt_z = 3.770014301329509e-07
p = 2.130181818181818e-05