slit_dec_x_a = -0.181778666534
slit_dec_y_a = -0.18243150017
slit_dec_x_b = 0.14512077562974193
slit_dec_y_b = -0.05510809031835813
slit_defocus = -0.0021926493188046494
slit_tilt_x = 1.1347054942660444
slit_tilt_y = -8.568322690364518
slit_tilt_z = -9.003620525699263
d_slit_col = 1594.3039431260052
coll_tilt_x = 0.08647043279356122
coll_tilt_y = -0.022041167994986278
ech_G = 31.610889565799773
ech_blaze = -74.9955055244566
ech_gamma = 1.158107090589147
echelle_z = 0.056875210821839765
d_col_trf = -1588.0162430288149
trf_mirror_tilt_x = 0.12252149077689155
trf_mirror_tilt_y = 0.01872919317997674
d_col_grm = 0.014996608291842442
grism_dec_x = 236.39748200913996
grism_dec_y = -0.005037989823010615
grm_tilt_x = -0.02462012116643533
grm_tilt_y = 2.3272344003213155
grm_G = 222.78580253240622
grm_apex = 17.80912306423132
d_grm_cam  = 21.60452751667233
cam_dec_x = -0.2836328508129871
cam_dec_y = 0.2897672399354137
cam_tilt_x = 0.0042752350872549685
cam_tilt_y = -0.02780314649657574
d_cam_ff  = -160.56965338630894
ccd_ff_dec_x = -0.022834257543545556
ccd_ff_dec_y = -0.04778879229239332
ccd_ff_tilt_x = 0.16501568355422944
ccd_ff_tilt_y = -0.5895027617276719
ccd_ff_tilt_z = 0.17183197526858168
d_ff_ccd  = -4.7853789740206985
ccd_dec_x = 0.5518989053798131
ccd_dec_y = 5.106524200492868
ccd_defocus = 0.3158229953444786
ccd_tilt_x = 0.02141983004109903
ccd_tilt_y = -0.00420945286683894
ccd_tilt_z = 2.733761887871421e-07
p = 5.609916666666666e-06