slit_dec_x_a = -0.1704010755187174
slit_dec_y_a = -0.1956586180351446
slit_dec_x_b = 0.175
slit_dec_y_b = -1.7750338466283915e-96
slit_defocus = 0.02137711274494412
slit_tilt_x = 1.114043103602559
slit_tilt_y = -8.538394928035792
slit_tilt_z = -8.991684818506549
d_slit_col = 1594.3099770441577
coll_tilt_x = 0.11314052706328903
coll_tilt_y = -0.028887232233056954
ech_G = 31.61322842452656
ech_blaze = -74.97482896787373
ech_gamma = 1.1389717921842775
echelle_z = 0.07476620309558833
d_col_trf = -1588.0172321407579
trf_mirror_tilt_x = 0.026309264159916988
trf_mirror_tilt_y = 0.16225385446580023
d_col_grm = -0.004880623100630109
grism_dec_x = 236.42329636888672
grism_dec_y = 0.038221361944049445
grm_tilt_x = -0.014049177163693666
grm_tilt_y = 2.3052780508679844
grm_G = 222.82399613488204
grm_apex = 17.791024925871014
d_grm_cam  = 21.609820045823366
cam_dec_x = -0.3095292766944413
cam_dec_y = 0.24724933094736265
cam_tilt_x = -0.011102862256667703
cam_tilt_y = 0.003855215904402386
d_cam_ff  = -160.0577405480554
ccd_ff_dec_x = -0.0025926920732294127
ccd_ff_dec_y = 0.05304354635603279
ccd_ff_tilt_x = 0.01953238678777037
ccd_ff_tilt_y = -0.5728062422540903
ccd_ff_tilt_z = 0.18004566314117476
d_ff_ccd  = -4.838989825123879
ccd_dec_x = 0.621404107304388
ccd_dec_y = 5.15714882931244
ccd_defocus = 0.2807403613372921
ccd_tilt_x = 0.004983692089022226
ccd_tilt_y = -0.010898714440022965
ccd_tilt_z = 5.126765157141252e-06
p = 0.0001