slit_dec_x_a = -0.17039742504512095
slit_dec_y_a = -0.1957641214154607
slit_dec_x_b = 0.175
slit_dec_y_b = -2.568687530146283e-96
slit_defocus = 0.005522221701474305
slit_tilt_x = 1.1861386412289494
slit_tilt_y = -8.540107474524266
slit_tilt_z = -8.990829081852343
d_slit_col = 1594.2944377711663
coll_tilt_x = 0.08857694111918755
coll_tilt_y = -0.031720998283748074
ech_G = 31.61067976137046
ech_blaze = -74.977139296363
ech_gamma = 1.1405645976085157
echelle_z = 0.07550706971165144
d_col_trf = -1588.0185895648547
trf_mirror_tilt_x = 0.1386429366325194
trf_mirror_tilt_y = 0.07753377692898891
d_col_grm = -0.00953805432719834
grism_dec_x = 236.43431251952103
grism_dec_y = 0.03424765747885075
grm_tilt_x = -0.01586321963964172
grm_tilt_y = 2.3043719572939967
grm_G = 222.82519120457664
grm_apex = 17.81514231098818
d_grm_cam  = 21.60846671856377
cam_dec_x = -0.30210848318472017
cam_dec_y = 0.2503577626928315
cam_tilt_x = -0.018370570745121446
cam_tilt_y = -0.015007721223336767
d_cam_ff  = -160.4009956553728
ccd_ff_dec_x = -0.0035292637942014953
ccd_ff_dec_y = 0.0001662558819685909
ccd_ff_tilt_x = 0.14600502971844642
ccd_ff_tilt_y = -0.5720308885039009
ccd_ff_tilt_z = 0.17253287350865457
d_ff_ccd  = -4.811207057094886
ccd_dec_x = 0.6206556849315095
ccd_dec_y = 5.155295145619419
ccd_defocus = 0.3163333711030651
ccd_tilt_x = 0.0077860009018491305
ccd_tilt_y = -0.014024272405806532
ccd_tilt_z = 3.3679137241853967e-06
p = 1.958e-06