slit_dec_x_a = -0.181778666534
slit_dec_y_a = -0.18243150017
slit_dec_x_b = 0.14512077562974193
slit_dec_y_b = -0.05510809031835813
slit_defocus = -0.002220904768272783
slit_tilt_x = 1.1346870856095654
slit_tilt_y = -8.568378655633536
slit_tilt_z = -9.003576842184259
d_slit_col = 1594.3039593910999
coll_tilt_x = 0.08648330285885174
coll_tilt_y = -0.022053163782514772
ech_G = 31.61093392755858
ech_blaze = -74.99579986490046
ech_gamma = 1.1582146226858603
echelle_z = 0.0566706354242251
d_col_trf = -1588.0162713636498
trf_mirror_tilt_x = 0.12248786536626172
trf_mirror_tilt_y = 0.018711282574966046
d_col_grm = 0.014938319546118625
grism_dec_x = 236.39748370763866
grism_dec_y = -0.005065447426306452
grm_tilt_x = -0.024770976130489793
grm_tilt_y = 2.327340778958086
grm_G = 222.78592353420754
grm_apex = 17.809075265289486
d_grm_cam  = 21.6049250477865
cam_dec_x = -0.28363508654558484
cam_dec_y = 0.28975670355437
cam_tilt_x = 0.004347502906316987
cam_tilt_y = -0.02776308892427262
d_cam_ff  = -160.56959875086275
ccd_ff_dec_x = -0.022737505548593957
ccd_ff_dec_y = -0.04779025292431005
ccd_ff_tilt_x = 0.165030122512496
ccd_ff_tilt_y = -0.589357431529138
ccd_ff_tilt_z = 0.17185087444617547
d_ff_ccd  = -4.78540771131601
ccd_dec_x = 0.551916460937446
ccd_dec_y = 5.10633807471059
ccd_defocus = 0.31585440632506206
ccd_tilt_x = 0.02137450123337492
ccd_tilt_y = -0.0041894343523180815
ccd_tilt_z = 2.3372751152972817e-07
p = 1.958e-06