slit_dec_x_a = -0.17041050312103095
slit_dec_y_a = -0.19605867135175684
slit_dec_x_b = 0.175
slit_dec_y_b = -1.4785845199724152e-96
slit_defocus = 0.005581058550779153
slit_tilt_x = 1.1861444552542102
slit_tilt_y = -8.540054433298966
slit_tilt_z = -8.990859012339211
d_slit_col = 1594.294487037237
coll_tilt_x = 0.0887394481613959
coll_tilt_y = -0.03183750417566603
ech_G = 31.61065917177572
ech_blaze = -74.97682126241875
ech_gamma = 1.1403894718269685
echelle_z = 0.07478036586565147
d_col_trf = -1588.0185408744362
trf_mirror_tilt_x = 0.138657556527586
trf_mirror_tilt_y = 0.0775216347456243
d_col_grm = -0.00953487310986594
grism_dec_x = 236.43430460986733
grism_dec_y = 0.03417337376155544
grm_tilt_x = -0.015864184294468685
grm_tilt_y = 2.304380436071215
grm_G = 222.82517037217548
grm_apex = 17.815122687527786
d_grm_cam  = 21.608481964997743
cam_dec_x = -0.3021248140083782
cam_dec_y = 0.25031573795531153
cam_tilt_x = -0.018462241488010133
cam_tilt_y = -0.015087249593604826
d_cam_ff  = -160.40098051034514
ccd_ff_dec_x = -0.0035316095142084807
ccd_ff_dec_y = 0.0002582124140982898
ccd_ff_tilt_x = 0.1460515307189612
ccd_ff_tilt_y = -0.5720761692729478
ccd_ff_tilt_z = 0.17257238667641292
d_ff_ccd  = -4.81130797468077
ccd_dec_x = 0.6206605228117384
ccd_dec_y = 5.155294183736391
ccd_defocus = 0.31628418193823743
ccd_tilt_x = 0.007716831995906768
ccd_tilt_y = -0.014133280215761946
ccd_tilt_z = 3.1101153554796608e-06
p = 1.1448181818181819e-05