slit_dec_x_a = -0.181778666534
slit_dec_y_a = -0.18243150017
slit_dec_x_b = 0.14512077562974193
slit_dec_y_b = -0.05510809031835813
slit_defocus = -0.002215628698121153
slit_tilt_x = 1.1346669825245794
slit_tilt_y = -8.5682434289888
slit_tilt_z = -9.003634305098783
d_slit_col = 1594.303957077463
coll_tilt_x = 0.08648237375331258
coll_tilt_y = -0.022003013257760412
ech_G = 31.61089232876985
ech_blaze = -74.99551188240356
ech_gamma = 1.1581514329999467
echelle_z = 0.057596561236973556
d_col_trf = -1588.016225525548
trf_mirror_tilt_x = 0.12253921783893608
trf_mirror_tilt_y = 0.018639099394735605
d_col_grm = 0.015087269556001594
grism_dec_x = 236.3974292044289
grism_dec_y = -0.005028430907170693
grm_tilt_x = -0.024875437072916853
grm_tilt_y = 2.327300895854325
grm_G = 222.78567712418658
grm_apex = 17.809219869669445
d_grm_cam  = 21.60451228600917
cam_dec_x = -0.2835551191796809
cam_dec_y = 0.28972471719584214
cam_tilt_x = 0.00432074294422752
cam_tilt_y = -0.027818270204472376
d_cam_ff  = -160.56991162173316
ccd_ff_dec_x = -0.022780808325715326
ccd_ff_dec_y = -0.04780204594353252
ccd_ff_tilt_x = 0.16502971316661072
ccd_ff_tilt_y = -0.5896251451538413
ccd_ff_tilt_z = 0.1717426713732576
d_ff_ccd  = -4.785417689472208
ccd_dec_x = 0.5517919067818529
ccd_dec_y = 5.1061373916278905
ccd_defocus = 0.31574488091146646
ccd_tilt_x = 0.021339927948099153
ccd_tilt_y = -0.00419903329453981
ccd_tilt_z = 3.89422535496671e-07
p = 1.1448181818181819e-05