slit_dec_x_a = -0.181778666534
slit_dec_y_a = -0.18243150017
slit_dec_x_b = 0.14512077562974193
slit_dec_y_b = -0.05510809031835813
slit_defocus = -0.013814364754974313
slit_tilt_x = 1.054015505783645
slit_tilt_y = -8.559991130228152
slit_tilt_z = -9.026843179913326
d_slit_col = 1594.290321599663
coll_tilt_x = 0.12145936508483034
coll_tilt_y = -0.0264403250406064
ech_G = 31.61456235388824
ech_blaze = -74.99488426125882
ech_gamma = 1.1556407969456148
echelle_z = 0.057003474350360156
d_col_trf = -1588.0163665959772
trf_mirror_tilt_x = 0.0072935384454200355
trf_mirror_tilt_y = 0.15542046141891608
d_col_grm = 0.035649459611389524
grism_dec_x = 236.38320045498907
grism_dec_y = 0.009215422201245615
grm_tilt_x = -0.02350928902859126
grm_tilt_y = 2.3257872434779276
grm_G = 222.7840646335925
grm_apex = 17.766450196739974
d_grm_cam  = 21.60470013012144
cam_dec_x = -0.27116303129312674
cam_dec_y = 0.29090046847626855
cam_tilt_x = 0.012497663345072484
cam_tilt_y = 0.008811675974676044
d_cam_ff  = -160.0767418837398
ccd_ff_dec_x = -0.023801235266605852
ccd_ff_dec_y = 0.04211549157519888
ccd_ff_tilt_x = 0.033497120535090706
ccd_ff_tilt_y = -0.5909829650315298
ccd_ff_tilt_z = 0.17192106506836724
d_ff_ccd  = -4.815961937603285
ccd_dec_x = 0.5532927322566998
ccd_dec_y = 5.107632081671882
ccd_defocus = 0.2858350349196314
ccd_tilt_x = 0.032599066406138924
ccd_tilt_y = -0.002099145842376464
ccd_tilt_z = 4.688197528491592e-06
p = 0.0001