slit_dec_x_a = -0.17045362042580184
slit_dec_y_a = -0.1959890296917035
slit_dec_x_b = 0.175
slit_dec_y_b = -2.2330421948061378e-96
slit_defocus = 0.00551990833117942
slit_tilt_x = 1.1861333847125641
slit_tilt_y = -8.540045824396762
slit_tilt_z = -8.99086803087236
d_slit_col = 1594.294455696671
coll_tilt_x = 0.08881150668190017
coll_tilt_y = -0.03170339268560625
ech_G = 31.610671334190954
ech_blaze = -74.97697957997315
ech_gamma = 1.1406144084174936
echelle_z = 0.07513484705714872
d_col_trf = -1588.0185692947948
trf_mirror_tilt_x = 0.13873416162493601
trf_mirror_tilt_y = 0.0775740584054107
d_col_grm = -0.009525638735197172
grism_dec_x = 236.43430664920263
grism_dec_y = 0.034224029469990404
grm_tilt_x = -0.01582663572098745
grm_tilt_y = 2.304388392262246
grm_G = 222.8252179782258
grm_apex = 17.8151111180055
d_grm_cam  = 21.608485506077756
cam_dec_x = -0.30210498651505013
cam_dec_y = 0.2503795770480737
cam_tilt_x = -0.018121171069846807
cam_tilt_y = -0.015007732714805285
d_cam_ff  = -160.40093788915036
ccd_ff_dec_x = -0.0035556089656998825
ccd_ff_dec_y = 0.00012773856198503358
ccd_ff_tilt_x = 0.14600995691245938
ccd_ff_tilt_y = -0.5720547510331232
ccd_ff_tilt_z = 0.17255809189087876
d_ff_ccd  = -4.811216166524495
ccd_dec_x = 0.6206425379689945
ccd_dec_y = 5.155274998097956
ccd_defocus = 0.3163200329366093
ccd_tilt_x = 0.007801344197026239
ccd_tilt_y = -0.01402086934086647
ccd_tilt_z = 3.2899343688621247e-06
p = 1.0685833333333332e-05