slit_dec_x_a = -0.181778666534
slit_dec_y_a = -0.18243150017
slit_dec_x_b = 0.14512077562974193
slit_dec_y_b = -0.05510809031835813
slit_defocus = -0.0021913490022878496
slit_tilt_x = 1.1347108338731848
slit_tilt_y = -8.56828953695342
slit_tilt_z = -9.003599572136755
d_slit_col = 1594.3039174310427
coll_tilt_x = 0.08646523449213762
coll_tilt_y = -0.02204476626179826
ech_G = 31.610903409154318
ech_blaze = -74.99560501745013
ech_gamma = 1.1582084337701264
echelle_z = 0.05697719055071519
d_col_trf = -1588.0162190762699
trf_mirror_tilt_x = 0.12251006784859023
trf_mirror_tilt_y = 0.018715051867561148
d_col_grm = 0.014986526545544292
grism_dec_x = 236.39747879927287
grism_dec_y = -0.0050655590433545394
grm_tilt_x = -0.024789649786317005
grm_tilt_y = 2.327462066472642
grm_G = 222.78567209780906
grm_apex = 17.8091578156856
d_grm_cam  = 21.60456845165467
cam_dec_x = -0.28363801783010767
cam_dec_y = 0.2897455677883378
cam_tilt_x = 0.004330069559042148
cam_tilt_y = -0.02781831392701636
d_cam_ff  = -160.56964691093228
ccd_ff_dec_x = -0.02291850990049325
ccd_ff_dec_y = -0.04778283241343722
ccd_ff_tilt_x = 0.1650402942689794
ccd_ff_tilt_y = -0.5895352877637929
ccd_ff_tilt_z = 0.17165814123787407
d_ff_ccd  = -4.785382463280589
ccd_dec_x = 0.5519876616213819
ccd_dec_y = 5.106465988650933
ccd_defocus = 0.3158406553352597
ccd_tilt_x = 0.021419979920406708
ccd_tilt_y = -0.004234005333838051
ccd_tilt_z = 3.4252350038924257e-07
p = 1.0685833333333332e-05