slit_dec_x_a = -0.181778666534
slit_dec_y_a = -0.18243150017
slit_dec_x_b = 0.14512077562974193
slit_dec_y_b = -0.05510809031835813
slit_defocus = -0.0138241881007688
slit_tilt_x = 1.054150892069739
slit_tilt_y = -8.559942601610075
slit_tilt_z = -9.02693549048647
d_slit_col = 1594.2902590462027
coll_tilt_x = 0.12148103589672457
coll_tilt_y = -0.026494859616475793
ech_G = 31.61456311762795
ech_blaze = -74.99488170432153
ech_gamma = 1.1556397516474926
echelle_z = 0.05700483382733618
d_col_trf = -1588.0163627006004
trf_mirror_tilt_x = 0.007311127036960794
trf_mirror_tilt_y = 0.15545769811081384
d_col_grm = 0.03561750698985507
grism_dec_x = 236.38320456963498
grism_dec_y = 0.00929313672860172
grm_tilt_x = -0.023508086668622964
grm_tilt_y = 2.325784111853721
grm_G = 222.78407084768864
grm_apex = 17.76649017226822
d_grm_cam  = 21.60469660345678
cam_dec_x = -0.2711480659421877
cam_dec_y = 0.29086253140308954
cam_tilt_x = 0.012445797521317626
cam_tilt_y = 0.008825440080095389
d_cam_ff  = -160.07724478677176
ccd_ff_dec_x = -0.023801030726068498
ccd_ff_dec_y = 0.04210903759145868
ccd_ff_tilt_x = 0.033469726916489355
ccd_ff_tilt_y = -0.590981564717665
ccd_ff_tilt_z = 0.17192055237471598
d_ff_ccd  = -4.816022865660801
ccd_dec_x = 0.5532895249886323
ccd_dec_y = 5.107631500827484
ccd_defocus = 0.2857639681963737
ccd_tilt_x = 0.0326186735727981
ccd_tilt_y = -0.0021520022114734855
ccd_tilt_z = 4.6458458991624366e-06
p = 0.0001