slit_dec_x_a = -0.181778666534
slit_dec_y_a = -0.18243150017
slit_dec_x_b = 0.14512077562974193
slit_dec_y_b = -0.05510809031835813
slit_defocus = -0.0022044329289935024
slit_tilt_x = 1.1346621557384964
slit_tilt_y = -8.568237249204861
slit_tilt_z = -9.003639825453755
d_slit_col = 1594.3039772524896
coll_tilt_x = 0.08646236679199287
coll_tilt_y = -0.02200890084816107
ech_G = 31.61088584632242
ech_blaze = -74.99550766220916
ech_gamma = 1.1581380837217614
echelle_z = 0.05759460909427285
d_col_trf = -1588.0162611899952
trf_mirror_tilt_x = 0.12252646983427024
trf_mirror_tilt_y = 0.018632278738217767
d_col_grm = 0.015092365103675932
grism_dec_x = 236.3974503982586
grism_dec_y = -0.005027403123620411
grm_tilt_x = -0.02483300739863786
grm_tilt_y = 2.3272923199570656
grm_G = 222.78572813121013
grm_apex = 17.809221163664194
d_grm_cam  = 21.60452810746744
cam_dec_x = -0.2835681024911441
cam_dec_y = 0.2897348270626597
cam_tilt_x = 0.004339330538632575
cam_tilt_y = -0.027828128813506353
d_cam_ff  = -160.56988288144836
ccd_ff_dec_x = -0.02278959511832997
ccd_ff_dec_y = -0.047793823378061574
ccd_ff_tilt_x = 0.1650353717044637
ccd_ff_tilt_y = -0.5897245950364376
ccd_ff_tilt_z = 0.1717095151640049
d_ff_ccd  = -4.785418511796742
ccd_dec_x = 0.551823154485697
ccd_dec_y = 5.1061154338580215
ccd_defocus = 0.3157352485488555
ccd_tilt_x = 0.0213409909556886
ccd_tilt_y = -0.004195025078002185
ccd_tilt_z = 3.787558487684989e-07
p = 1.2145454545454546e-05