slit_dec_x_a = -0.181778666534
slit_dec_y_a = -0.18243150017
slit_dec_x_b = 0.14512077562974193
slit_dec_y_b = -0.05510809031835813
slit_defocus = -0.00220090173991441
slit_tilt_x = 1.1347100969448762
slit_tilt_y = -8.568308583911074
slit_tilt_z = -9.003596956663515
d_slit_col = 1594.30391471541
coll_tilt_x = 0.08646689262066007
coll_tilt_y = -0.022052893400672166
ech_G = 31.61090550951137
ech_blaze = -74.99559190982296
ech_gamma = 1.158190269709931
echelle_z = 0.0569625270132174
d_col_trf = -1588.0162336543779
trf_mirror_tilt_x = 0.12250920145401718
trf_mirror_tilt_y = 0.018726653742431685
d_col_grm = 0.015000759717940659
grism_dec_x = 236.39749477287953
grism_dec_y = -0.00507532031888414
grm_tilt_x = -0.024787864518135524
grm_tilt_y = 2.327431895528658
grm_G = 222.78576062923932
grm_apex = 17.809140641423006
d_grm_cam  = 21.60457094576076
cam_dec_x = -0.28363943637953665
cam_dec_y = 0.28975862499409344
cam_tilt_x = 0.004323755140812445
cam_tilt_y = -0.027805721718948177
d_cam_ff  = -160.56966427349897
ccd_ff_dec_x = -0.022883083709411146
ccd_ff_dec_y = -0.047782406126757444
ccd_ff_tilt_x = 0.16504422543178796
ccd_ff_tilt_y = -0.5895081870511809
ccd_ff_tilt_z = 0.17174228237889666
d_ff_ccd  = -4.785371612206546
ccd_dec_x = 0.5519129231701437
ccd_dec_y = 5.106429475618533
ccd_defocus = 0.3158378763481873
ccd_tilt_x = 0.021428361007623492
ccd_tilt_y = -0.0042268900023939016
ccd_tilt_z = 2.486116078719247e-07
p = 1.1314545454545455e-05