slit_dec_x_a = -0.17045255474954482
slit_dec_y_a = -0.19604552583297072
slit_dec_x_b = 0.175
slit_dec_y_b = -2.3306624370849684e-96
slit_defocus = 0.005514240966850054
slit_tilt_x = 1.1861370956808577
slit_tilt_y = -8.540058462020308
slit_tilt_z = -8.990865251369625
d_slit_col = 1594.2944573159234
coll_tilt_x = 0.08887470193400313
coll_tilt_y = -0.0316811337016819
ech_G = 31.61069087607321
ech_blaze = -74.97699410152356
ech_gamma = 1.1406087671763514
echelle_z = 0.07513859458655603
d_col_trf = -1588.018571547828
trf_mirror_tilt_x = 0.1387349086486674
trf_mirror_tilt_y = 0.07756101893662949
d_col_grm = -0.009531587322205137
grism_dec_x = 236.4343114862541
grism_dec_y = 0.034243576667555245
grm_tilt_x = -0.015821301955851214
grm_tilt_y = 2.3043896406241173
grm_G = 222.82522414366625
grm_apex = 17.815115323988007
d_grm_cam  = 21.608497862999986
cam_dec_x = -0.3021093978307458
cam_dec_y = 0.25036892354055484
cam_tilt_x = -0.018177005734866504
cam_tilt_y = -0.014994001920035511
d_cam_ff  = -160.40093187643
ccd_ff_dec_x = -0.0035626836682580644
ccd_ff_dec_y = 0.0001384832074353349
ccd_ff_tilt_x = 0.14600797133906526
ccd_ff_tilt_y = -0.5720463005717508
ccd_ff_tilt_z = 0.17256149585182237
d_ff_ccd  = -4.8112193419909906
ccd_dec_x = 0.6206336191514251
ccd_dec_y = 5.1552802640839746
ccd_defocus = 0.3163255919203036
ccd_tilt_x = 0.007821279915861571
ccd_tilt_y = -0.014023013393265418
ccd_tilt_z = 3.2297217428581423e-06
p = 1.1314545454545455e-05