slit_dec_x_a = -0.181778666534
slit_dec_y_a = -0.18243150017
slit_dec_x_b = 0.14512077562974193
slit_dec_y_b = -0.05510809031835813
slit_defocus = -0.013804654331352417
slit_tilt_x = 1.0541147929387475
slit_tilt_y = -8.559957234434581
slit_tilt_z = -9.02691741249273
d_slit_col = 1594.2903203687629
coll_tilt_x = 0.1214551731547011
coll_tilt_y = -0.026525530237175673
ech_G = 31.614561207173132
ech_blaze = -74.99489127580001
ech_gamma = 1.1556332387071864
echelle_z = 0.05700107741580007
d_col_trf = -1588.0163642785906
trf_mirror_tilt_x = 0.007334142794696184
trf_mirror_tilt_y = 0.15547132573954692
d_col_grm = 0.03564813182754299
grism_dec_x = 236.38324219244706
grism_dec_y = 0.009184098843126641
grm_tilt_x = -0.02350235871373279
grm_tilt_y = 2.3257860605914895
grm_G = 222.7840758320458
grm_apex = 17.76656130896212
d_grm_cam  = 21.604694717114445
cam_dec_x = -0.271073897276037
cam_dec_y = 0.29087047427092577
cam_tilt_x = 0.012495627675306644
cam_tilt_y = 0.008822619989846544
d_cam_ff  = -160.077013451824
ccd_ff_dec_x = -0.02379591300301931
ccd_ff_dec_y = 0.042005405221600144
ccd_ff_tilt_x = 0.03347156293301937
ccd_ff_tilt_y = -0.590977053925007
ccd_ff_tilt_z = 0.1719158615412719
d_ff_ccd  = -4.815940290610365
ccd_dec_x = 0.5532911406373413
ccd_dec_y = 5.1076261407312415
ccd_defocus = 0.285789778205909
ccd_tilt_x = 0.03255433654059875
ccd_tilt_y = -0.0020808785539484682
ccd_tilt_z = 4.707092159310532e-06
p = 0.0001