slit_dec_x_a = -0.17043318321628517
slit_dec_y_a = -0.19605381301852012
slit_dec_x_b = 0.175
slit_dec_y_b = -2.0783296583964505e-96
slit_defocus = 0.005567691805977528
slit_tilt_x = 1.1861327225984748
slit_tilt_y = -8.539994798396428
slit_tilt_z = -8.9908438314603
d_slit_col = 1594.294463460491
coll_tilt_x = 0.08880012135198968
coll_tilt_y = -0.03175955171622852
ech_G = 31.610673305693172
ech_blaze = -74.97683498240809
ech_gamma = 1.1405155643094937
echelle_z = 0.07481327168040074
d_col_trf = -1588.0185442386396
trf_mirror_tilt_x = 0.13865643411441672
trf_mirror_tilt_y = 0.07759802294133586
d_col_grm = -0.009541154240692575
grism_dec_x = 236.4343375857302
grism_dec_y = 0.03420763230316949
grm_tilt_x = -0.01566715882221911
grm_tilt_y = 2.304366198073624
grm_G = 222.82520089325982
grm_apex = 17.815109305633403
d_grm_cam  = 21.608469425664865
cam_dec_x = -0.30215150182438577
cam_dec_y = 0.2503451727147642
cam_tilt_x = -0.018614896232466243
cam_tilt_y = -0.015032310176142878
d_cam_ff  = -160.40095163946398
ccd_ff_dec_x = -0.0034929068319783678
ccd_ff_dec_y = 0.00017836613327830146
ccd_ff_tilt_x = 0.1460445467687078
ccd_ff_tilt_y = -0.5720865932437339
ccd_ff_tilt_z = 0.17259502957133852
d_ff_ccd  = -4.811242102214716
ccd_dec_x = 0.6206865336327799
ccd_dec_y = 5.155291570147564
ccd_defocus = 0.3162986947798272
ccd_tilt_x = 0.007763853498968285
ccd_tilt_y = -0.014055371321521843
ccd_tilt_z = 3.1268058060398973e-06
p = 4.5925e-06