slit_dec_x_a = -0.181778666534
slit_dec_y_a = -0.18243150017
slit_dec_x_b = 0.14512077562974193
slit_dec_y_b = -0.05510809031835813
slit_defocus = -0.0022054132075875785
slit_tilt_x = 1.1347044480034607
slit_tilt_y = -8.568239187774083
slit_tilt_z = -9.003655292928924
d_slit_col = 1594.3039187155089
coll_tilt_x = 0.08642685845916713
coll_tilt_y = -0.022070238222404663
ech_G = 31.61088755251168
ech_blaze = -74.99557412501152
ech_gamma = 1.1581169003508118
echelle_z = 0.057351690669269366
d_col_trf = -1588.0163746721414
trf_mirror_tilt_x = 0.1225252317738954
trf_mirror_tilt_y = 0.018692616824592594
d_col_grm = 0.015031715159687839
grism_dec_x = 236.3974826250833
grism_dec_y = -0.005016921421124526
grm_tilt_x = -0.024742331028268942
grm_tilt_y = 2.327306769504341
grm_G = 222.78579433375893
grm_apex = 17.809165492836343
d_grm_cam  = 21.604321652163257
cam_dec_x = -0.2836110468669694
cam_dec_y = 0.28971135268221737
cam_tilt_x = 0.0043375675554109755
cam_tilt_y = -0.027805519389495006
d_cam_ff  = -160.56964782251927
ccd_ff_dec_x = -0.022819289726474064
ccd_ff_dec_y = -0.047804946774459206
ccd_ff_tilt_x = 0.16503980569793394
ccd_ff_tilt_y = -0.589713881285252
ccd_ff_tilt_z = 0.17172209556114337
d_ff_ccd  = -4.785375079699329
ccd_dec_x = 0.5519161649491248
ccd_dec_y = 5.106215857373806
ccd_defocus = 0.31579262920376633
ccd_tilt_x = 0.02137473131517494
ccd_tilt_y = -0.004211283879951083
ccd_tilt_z = 3.547573299222136e-07
p = 4.5925e-06