slit_dec_x_a = -0.17045558814778952
slit_dec_y_a = -0.19610582224796588
slit_dec_x_b = 0.175
slit_dec_y_b = -2.389777273659309e-96
slit_defocus = 0.005508050089673702
slit_tilt_x = 1.186129311934597
slit_tilt_y = -8.540065014724382
slit_tilt_z = -8.990867501178592
d_slit_col = 1594.29444635519
coll_tilt_x = 0.08877724059043066
coll_tilt_y = -0.031674588423032245
ech_G = 31.610679537896015
ech_blaze = -74.9770297392117
ech_gamma = 1.1406234247550304
echelle_z = 0.07516994451627153
d_col_trf = -1588.0185569760579
trf_mirror_tilt_x = 0.13871773880825808
trf_mirror_tilt_y = 0.07757147184992842
d_col_grm = -0.009524041486095694
grism_dec_x = 236.43432866762333
grism_dec_y = 0.0342521992745031
grm_tilt_x = -0.015861608372809522
grm_tilt_y = 2.304391643246926
grm_G = 222.8252110886001
grm_apex = 17.81510981682496
d_grm_cam  = 21.608492027687333
cam_dec_x = -0.3021208339365818
cam_dec_y = 0.2503616171763074
cam_tilt_x = -0.01806604314230757
cam_tilt_y = -0.014983841383785048
d_cam_ff  = -160.4009457578733
ccd_ff_dec_x = -0.0035557706929019816
ccd_ff_dec_y = 0.00012229895934659456
ccd_ff_tilt_x = 0.14603321828342303
ccd_ff_tilt_y = -0.5720367776766025
ccd_ff_tilt_z = 0.17256383369891953
d_ff_ccd  = -4.811222701690781
ccd_dec_x = 0.6206422769442134
ccd_dec_y = 5.155281684162845
ccd_defocus = 0.3163139909980469
ccd_tilt_x = 0.007813419195386714
ccd_tilt_y = -0.014017360471680741
ccd_tilt_z = 3.245470401591486e-06
p = 1.175e-05