slit_dec_x_a = -0.181778666534
slit_dec_y_a = -0.18243150017
slit_dec_x_b = 0.14512077562974193
slit_dec_y_b = -0.05510809031835813
slit_defocus = -0.002197137413755585
slit_tilt_x = 1.1347139969461586
slit_tilt_y = -8.568334358058191
slit_tilt_z = -9.003619456132853
d_slit_col = 1594.3039277277767
coll_tilt_x = 0.08648287234711782
coll_tilt_y = -0.02204742691955045
ech_G = 31.610892917000026
ech_blaze = -74.99549319355641
ech_gamma = 1.1581532526604166
echelle_z = 0.05692849111483545
d_col_trf = -1588.016264003089
trf_mirror_tilt_x = 0.12251205030096207
trf_mirror_tilt_y = 0.0187426990711206
d_col_grm = 0.01500147221621417
grism_dec_x = 236.39750950110096
grism_dec_y = -0.005060613699825693
grm_tilt_x = -0.024703721086287513
grm_tilt_y = 2.327316506930142
grm_G = 222.78585787915378
grm_apex = 17.809139220664136
d_grm_cam  = 21.604588017806613
cam_dec_x = -0.28362357353720774
cam_dec_y = 0.28976196648371505
cam_tilt_x = 0.004301523961795327
cam_tilt_y = -0.02779683166664539
d_cam_ff  = -160.5695909456518
ccd_ff_dec_x = -0.022821277323126294
ccd_ff_dec_y = -0.04777053406386427
ccd_ff_tilt_x = 0.16502751965198847
ccd_ff_tilt_y = -0.5895188324317008
ccd_ff_tilt_z = 0.17185728792123478
d_ff_ccd  = -4.785369588305234
ccd_dec_x = 0.5519030090317539
ccd_dec_y = 5.106468230065955
ccd_defocus = 0.3158286330334629
ccd_tilt_x = 0.021419382310339307
ccd_tilt_y = -0.004232520145816458
ccd_tilt_z = 2.4207172241515927e-07
p = 1.175e-05