slit_dec_x_a = -0.1704010755187174
slit_dec_y_a = -0.1956586180351446
slit_dec_x_b = 0.175
slit_dec_y_b = -1.8286059486601076e-96
slit_defocus = 0.021369864894262815
slit_tilt_x = 1.1139770086339325
slit_tilt_y = -8.53846351524941
slit_tilt_z = -8.991594157449533
d_slit_col = 1594.3099323846668
coll_tilt_x = 0.11323708861458141
coll_tilt_y = -0.02891380752019333
ech_G = 31.613234532762387
ech_blaze = -74.97483297771483
ech_gamma = 1.1389843503198511
echelle_z = 0.07477113538332388
d_col_trf = -1588.0172369828374
trf_mirror_tilt_x = 0.026300365055236127
trf_mirror_tilt_y = 0.16222116623711627
d_col_grm = -0.004839173428767515
grism_dec_x = 236.4233118118029
grism_dec_y = 0.03817206376045092
grm_tilt_x = -0.014053249082875141
grm_tilt_y = 2.3052758581303445
grm_G = 222.82400540789575
grm_apex = 17.790978408226138
d_grm_cam  = 21.60982216575791
cam_dec_x = -0.30951249574601875
cam_dec_y = 0.2472358124185206
cam_tilt_x = -0.010977237082265437
cam_tilt_y = 0.003764143217522754
d_cam_ff  = -160.05703755932544
ccd_ff_dec_x = -0.0025969350026743263
ccd_ff_dec_y = 0.05305905523548036
ccd_ff_tilt_x = 0.019488762797941556
ccd_ff_tilt_y = -0.5728052669549357
ccd_ff_tilt_z = 0.18004855282914478
d_ff_ccd  = -4.838921375020907
ccd_dec_x = 0.6214010614709821
ccd_dec_y = 5.157148249089363
ccd_defocus = 0.2807415346489274
ccd_tilt_x = 0.00499101669557236
ccd_tilt_y = -0.010962339062287293
ccd_tilt_z = 5.078220164723944e-06
p = 0.0001