slit_dec_x_a = -0.181778666534
slit_dec_y_a = -0.18243150017
slit_dec_x_b = 0.14512077562974193
slit_dec_y_b = -0.05510809031835813
slit_defocus = -0.0021999544982072685
slit_tilt_x = 1.1346762855674162
slit_tilt_y = -8.568353411601569
slit_tilt_z = -9.003619039158195
d_slit_col = 1594.3039558584508
coll_tilt_x = 0.08644657849552204
coll_tilt_y = -0.022049163856173934
ech_G = 31.610882097494503
ech_blaze = -74.99551013376843
ech_gamma = 1.1581373419099106
echelle_z = 0.056784097806410486
d_col_trf = -1588.0163823280013
trf_mirror_tilt_x = 0.12252327374707689
trf_mirror_tilt_y = 0.0187036228439999
d_col_grm = 0.014996704382766629
grism_dec_x = 236.39746899952777
grism_dec_y = -0.005058137226603078
grm_tilt_x = -0.02462968966469082
grm_tilt_y = 2.3272945532558174
grm_G = 222.78576781267927
grm_apex = 17.809110054812958
d_grm_cam  = 21.604701754578052
cam_dec_x = -0.28364476787816056
cam_dec_y = 0.28976543116493414
cam_tilt_x = 0.004314254615904352
cam_tilt_y = -0.02778751330894928
d_cam_ff  = -160.56960158323974
ccd_ff_dec_x = -0.02284046583792197
ccd_ff_dec_y = -0.04777327798582018
ccd_ff_tilt_x = 0.16503928522178601
ccd_ff_tilt_y = -0.5893808042199492
ccd_ff_tilt_z = 0.17195986013774417
d_ff_ccd  = -4.785385453008498
ccd_dec_x = 0.551926438550973
ccd_dec_y = 5.106409615003357
ccd_defocus = 0.3158204390926099
ccd_tilt_x = 0.021402972445995715
ccd_tilt_y = -0.004218274644562407
ccd_tilt_z = 2.1894455777898564e-07
p = 9.311666666666666e-06