slit_dec_x_a = -0.1704052135396582
slit_dec_y_a = -0.19588141949318996
slit_dec_x_b = 0.175
slit_dec_y_b = -2.3162464705307955e-96
slit_defocus = 0.0055160653146140905
slit_tilt_x = 1.1861155521724571
slit_tilt_y = -8.540096633027563
slit_tilt_z = -8.990855877136639
d_slit_col = 1594.294438956258
coll_tilt_x = 0.08857437204906889
coll_tilt_y = -0.03171482739835542
ech_G = 31.610653610249532
ech_blaze = -74.97703869316956
ech_gamma = 1.1405340193396045
echelle_z = 0.07535159917277115
d_col_trf = -1588.0185667163275
trf_mirror_tilt_x = 0.1386902596350549
trf_mirror_tilt_y = 0.07753275434282413
d_col_grm = -0.009534731839847257
grism_dec_x = 236.4343233264785
grism_dec_y = 0.03424640878281778
grm_tilt_x = -0.01585242088359468
grm_tilt_y = 2.304358237243985
grm_G = 222.82521475309952
grm_apex = 17.815137173458893
d_grm_cam  = 21.608488081224536
cam_dec_x = -0.3021084712870985
cam_dec_y = 0.25035126790508094
cam_tilt_x = -0.01817033585835849
cam_tilt_y = -0.015014250664290418
d_cam_ff  = -160.40094903175023
ccd_ff_dec_x = -0.0035599141963957594
ccd_ff_dec_y = 0.000140204562136128
ccd_ff_tilt_x = 0.1460416018981132
ccd_ff_tilt_y = -0.5720299221725189
ccd_ff_tilt_z = 0.1725397190151796
d_ff_ccd  = -4.811236440482328
ccd_dec_x = 0.6206632340468832
ccd_dec_y = 5.155292994312909
ccd_defocus = 0.31632233796200177
ccd_tilt_x = 0.007821487744402094
ccd_tilt_y = -0.013994966309205568
ccd_tilt_z = 3.289884973465474e-06
p = 9.311666666666666e-06