slit_dec_x_a = -0.181778666534
slit_dec_y_a = -0.18243150017
slit_dec_x_b = 0.14512077562974193
slit_dec_y_b = -0.05510809031835813
slit_defocus = -0.013775658532258761
slit_tilt_x = 1.0541297847502085
slit_tilt_y = -8.55990514884586
slit_tilt_z = -9.026983108378833
d_slit_col = 1594.2903288139607
coll_tilt_x = 0.12143226613054695
coll_tilt_y = -0.02649683079759512
ech_G = 31.614564961730924
ech_blaze = -74.99488515957401
ech_gamma = 1.1556385985908422
echelle_z = 0.05700343545557362
d_col_trf = -1588.0163676777972
trf_mirror_tilt_x = 0.007257965637779045
trf_mirror_tilt_y = 0.15539970299798175
d_col_grm = 0.03566376761532081
grism_dec_x = 236.3832826178177
grism_dec_y = 0.009221332497300607
grm_tilt_x = -0.023507064718189603
grm_tilt_y = 2.3257944281827245
grm_G = 222.78406579736895
grm_apex = 17.76656864415597
d_grm_cam  = 21.60469275538303
cam_dec_x = -0.271107813185688
cam_dec_y = 0.2909491287590366
cam_tilt_x = 0.012471297739785723
cam_tilt_y = 0.008868940338030361
d_cam_ff  = -160.07699648791362
ccd_ff_dec_x = -0.02380136220148319
ccd_ff_dec_y = 0.04207052492087744
ccd_ff_tilt_x = 0.03343823645006723
ccd_ff_tilt_y = -0.5909848694794892
ccd_ff_tilt_z = 0.17191645548818577
d_ff_ccd  = -4.816037678534009
ccd_dec_x = 0.553295787629539
ccd_dec_y = 5.1076337555337545
ccd_defocus = 0.2857282721582479
ccd_tilt_x = 0.03251227149942026
ccd_tilt_y = -0.002172961466345304
ccd_tilt_z = 4.706742501274167e-06
p = 0.0001