slit_dec_x_a = -0.1704010755187174
slit_dec_y_a = -0.1956586180351446
slit_dec_x_b = 0.175
slit_dec_y_b = -1.8664591638283768e-96
slit_defocus = 0.021319587657834097
slit_tilt_x = 1.1139396567777324
slit_tilt_y = -8.538415937128702
slit_tilt_z = -8.991605792913223
d_slit_col = 1594.309912545839
coll_tilt_x = 0.11316801687022715
coll_tilt_y = -0.028979243207798544
ech_G = 31.613229317101393
ech_blaze = -74.9748365604183
ech_gamma = 1.138966222988086
echelle_z = 0.07476775155009206
d_col_trf = -1588.0172317155898
trf_mirror_tilt_x = 0.02623287826561764
trf_mirror_tilt_y = 0.16219038850346454
d_col_grm = -0.0048058939102093795
grism_dec_x = 236.42331808539492
grism_dec_y = 0.03815299577399684
grm_tilt_x = -0.014053758945094254
grm_tilt_y = 2.3052738052321353
grm_G = 222.8240058100953
grm_apex = 17.791072975635494
d_grm_cam  = 21.60981338359555
cam_dec_x = -0.3094820121412393
cam_dec_y = 0.24731489758966277
cam_tilt_x = -0.011016217244188786
cam_tilt_y = 0.003854525311740896
d_cam_ff  = -160.05767866736508
ccd_ff_dec_x = -0.0025993761956079556
ccd_ff_dec_y = 0.05297239970203235
ccd_ff_tilt_x = 0.01945784673751034
ccd_ff_tilt_y = -0.572797665250817
ccd_ff_tilt_z = 0.1800508748259297
d_ff_ccd  = -4.838934067573784
ccd_dec_x = 0.6214090315027221
ccd_dec_y = 5.157148842703834
ccd_defocus = 0.28071194539232275
ccd_tilt_x = 0.0050268945412824985
ccd_tilt_y = -0.010979222359136773
ccd_tilt_z = 5.077923347098288e-06
p = 0.0001