slit_dec_x_a = -0.181778666534
slit_dec_y_a = -0.18243150017
slit_dec_x_b = 0.14512077562974193
slit_dec_y_b = -0.05510809031835813
slit_defocus = -0.0022020119175003724
slit_tilt_x = 1.1347033910912991
slit_tilt_y = -8.568324604643422
slit_tilt_z = -9.003608707799433
d_slit_col = 1594.3039528597828
coll_tilt_x = 0.08646785727108318
coll_tilt_y = -0.02204372089045092
ech_G = 31.610893802102325
ech_blaze = -74.99554172974224
ech_gamma = 1.1580978166838172
echelle_z = 0.05690789579620242
d_col_trf = -1588.0162907245794
trf_mirror_tilt_x = 0.12251575282476099
trf_mirror_tilt_y = 0.018725694377037305
d_col_grm = 0.01499560506193708
grism_dec_x = 236.39748790047477
grism_dec_y = -0.005031966468521305
grm_tilt_x = -0.024608817303228614
grm_tilt_y = 2.327232766616898
grm_G = 222.78576779337428
grm_apex = 17.80911168750249
d_grm_cam  = 21.604553148312167
cam_dec_x = -0.28363138615563216
cam_dec_y = 0.28975646616604245
cam_tilt_x = 0.00428569641380857
cam_tilt_y = -0.027796451110871076
d_cam_ff  = -160.569626287934
ccd_ff_dec_x = -0.022834687211896344
ccd_ff_dec_y = -0.04779361642937138
ccd_ff_tilt_x = 0.16503166425503984
ccd_ff_tilt_y = -0.5894788388415384
ccd_ff_tilt_z = 0.17183685147351313
d_ff_ccd  = -4.785376615062636
ccd_dec_x = 0.5519327666207613
ccd_dec_y = 5.106554389559477
ccd_defocus = 0.3158192739364778
ccd_tilt_x = 0.02141519758085763
ccd_tilt_y = -0.0042196487193095576
ccd_tilt_z = 2.527714030378669e-07
p = 7.1975e-06