slit_dec_x_a = -0.17045025796428986
slit_dec_y_a = -0.19606902835818127
slit_dec_x_b = 0.175
slit_dec_y_b = -2.3278907255925254e-96
slit_defocus = 0.005519317172720473
slit_tilt_x = 1.186102630358932
slit_tilt_y = -8.540080707452434
slit_tilt_z = -8.990860770285805
d_slit_col = 1594.2944529784936
coll_tilt_x = 0.0887837040231206
coll_tilt_y = -0.03173852078821024
ech_G = 31.610693269300267
ech_blaze = -74.97706921914043
ech_gamma = 1.1405194253827653
echelle_z = 0.07533077150512926
d_col_trf = -1588.018543708174
trf_mirror_tilt_x = 0.13869423898163527
trf_mirror_tilt_y = 0.07755522697342421
d_col_grm = -0.009512792485295584
grism_dec_x = 236.43431137635326
grism_dec_y = 0.034239978537016956
grm_tilt_x = -0.01595829123526995
grm_tilt_y = 2.3043703429127045
grm_G = 222.82521405997244
grm_apex = 17.815133544718567
d_grm_cam  = 21.608490021381762
cam_dec_x = -0.302115829363646
cam_dec_y = 0.2503564320376853
cam_tilt_x = -0.01809017211706585
cam_tilt_y = -0.015000220423296894
d_cam_ff  = -160.40095305230952
ccd_ff_dec_x = -0.0035373026104216017
ccd_ff_dec_y = 0.0001290108143470772
ccd_ff_tilt_x = 0.14604281311351114
ccd_ff_tilt_y = -0.5720351289426545
ccd_ff_tilt_z = 0.17257411792062533
d_ff_ccd  = -4.811229473763665
ccd_dec_x = 0.620649638459527
ccd_dec_y = 5.155283181880181
ccd_defocus = 0.3163229865271075
ccd_tilt_x = 0.007808410804512446
ccd_tilt_y = -0.014026698670192116
ccd_tilt_z = 3.2686298640461195e-06
p = 7.1975e-06