slit_dec_x_a = -0.1704010755187174
slit_dec_y_a = -0.1956586180351446
slit_dec_x_b = 0.175
slit_dec_y_b = -1.8436459930988001e-96
slit_defocus = 0.02141248175099437
slit_tilt_x = 1.1139900041991895
slit_tilt_y = -8.538483853010892
slit_tilt_z = -8.991623127147383
d_slit_col = 1594.309996542653
coll_tilt_x = 0.11317686731448141
coll_tilt_y = -0.02891361338773633
ech_G = 31.613225274474857
ech_blaze = -74.974831572764
ech_gamma = 1.1389756041918488
echelle_z = 0.07476880844845299
d_col_trf = -1588.0172296081173
trf_mirror_tilt_x = 0.02620291094454439
trf_mirror_tilt_y = 0.1622155734656727
d_col_grm = -0.004821651116136137
grism_dec_x = 236.42328053031525
grism_dec_y = 0.0381466232542311
grm_tilt_x = -0.01404884045492289
grm_tilt_y = 2.30528176462364
grm_G = 222.82399990532906
grm_apex = 17.791073976715726
d_grm_cam  = 21.609814820674973
cam_dec_x = -0.30949975596415197
cam_dec_y = 0.24723120190380107
cam_tilt_x = -0.011033853401840807
cam_tilt_y = 0.003771728866788577
d_cam_ff  = -160.0572297958287
ccd_ff_dec_x = -0.0026039128918972053
ccd_ff_dec_y = 0.05295873377743991
ccd_ff_tilt_x = 0.01946658095369206
ccd_ff_tilt_y = -0.5728114563916006
ccd_ff_tilt_z = 0.18004747161645826
d_ff_ccd  = -4.838985500584837
ccd_dec_x = 0.6214062250017651
ccd_dec_y = 5.157144695088199
ccd_defocus = 0.2807697677082277
ccd_tilt_x = 0.005071893521837096
ccd_tilt_y = -0.010901245461367457
ccd_tilt_z = 5.0856107452822114e-06
p = 0.0001