slit_dec_x_a = -0.17046134942000943
slit_dec_y_a = -0.19609173252612852
slit_dec_x_b = 0.175
slit_dec_y_b = -2.044924053906988e-96
slit_defocus = 0.005574052955597193
slit_tilt_x = 1.1861214728054752
slit_tilt_y = -8.540023010725658
slit_tilt_z = -8.99087240982519
d_slit_col = 1594.294430318065
coll_tilt_x = 0.08874239173285996
coll_tilt_y = -0.03176853826592373
ech_G = 31.610689345961767
ech_blaze = -74.97717976375486
ech_gamma = 1.1405190136205219
echelle_z = 0.07497131615268406
d_col_trf = -1588.018556319502
trf_mirror_tilt_x = 0.13871195743826487
trf_mirror_tilt_y = 0.0775946942656697
d_col_grm = -0.009527680454909078
grism_dec_x = 236.43429520144994
grism_dec_y = 0.034232509936360574
grm_tilt_x = -0.015785654780601767
grm_tilt_y = 2.3043703598194964
grm_G = 222.82520527748358
grm_apex = 17.815104980767284
d_grm_cam  = 21.60847761305675
cam_dec_x = -0.3021350805762873
cam_dec_y = 0.25039351524023057
cam_tilt_x = -0.0181754994573633
cam_tilt_y = -0.015034297603293327
d_cam_ff  = -160.40095251175262
ccd_ff_dec_x = -0.0035403770213534927
ccd_ff_dec_y = 0.00014321694395967027
ccd_ff_tilt_x = 0.14597718232830256
ccd_ff_tilt_y = -0.5720561255471343
ccd_ff_tilt_z = 0.17256446220881227
d_ff_ccd  = -4.811230469260729
ccd_dec_x = 0.6206473024969609
ccd_dec_y = 5.155247841582632
ccd_defocus = 0.31631953263354523
ccd_tilt_x = 0.007737984769156415
ccd_tilt_y = -0.014002969303313257
ccd_tilt_z = 3.2411845095731453e-06
p = 4.070333333333333e-06