slit_dec_x_a = -0.181778666534
slit_dec_y_a = -0.18243150017
slit_dec_x_b = 0.14512077562974193
slit_dec_y_b = -0.05510809031835813
slit_defocus = -0.013848684834118597
slit_tilt_x = 1.0540763295598763
slit_tilt_y = -8.559992830039636
slit_tilt_z = -9.026866313926085
d_slit_col = 1594.2902111821516
coll_tilt_x = 0.12146243130415799
coll_tilt_y = -0.026462824561348727
ech_G = 31.614565059189296
ech_blaze = -74.99489212318339
ech_gamma = 1.1556458527404163
echelle_z = 0.05699445859034752
d_col_trf = -1588.0163651412947
trf_mirror_tilt_x = 0.007365241413509739
trf_mirror_tilt_y = 0.15542746465503393
d_col_grm = 0.03573038303709233
grism_dec_x = 236.38319586747568
grism_dec_y = 0.009192320186471342
grm_tilt_x = -0.023511333749908974
grm_tilt_y = 2.325792079567083
grm_G = 222.78406631125006
grm_apex = 17.766511807541537
d_grm_cam  = 21.604701514570166
cam_dec_x = -0.2711395464757669
cam_dec_y = 0.2908876386635957
cam_tilt_x = 0.012447088731417469
cam_tilt_y = 0.00884044572222291
d_cam_ff  = -160.07724912598079
ccd_ff_dec_x = -0.02380477476328294
ccd_ff_dec_y = 0.04200212154971958
ccd_ff_tilt_x = 0.03351596209242885
ccd_ff_tilt_y = -0.590980471916898
ccd_ff_tilt_z = 0.17191518342899942
d_ff_ccd  = -4.816042841164192
ccd_dec_x = 0.5532951569429154
ccd_dec_y = 5.107627885951361
ccd_defocus = 0.2857541177924715
ccd_tilt_x = 0.0326293373460118
ccd_tilt_y = -0.0020764138935674826
ccd_tilt_z = 4.70572365223007e-06
p = 0.0001