slit_dec_x_a = -0.1703916545707723
slit_dec_y_a = -0.19598727270185748
slit_dec_x_b = 0.175
slit_dec_y_b = -1.5140934212551668e-96
slit_defocus = 0.00555651978178261
slit_tilt_x = 1.1861767744644462
slit_tilt_y = -8.540022335257285
slit_tilt_z = -8.990848583146006
d_slit_col = 1594.2944584207328
coll_tilt_x = 0.08883778108463083
coll_tilt_y = -0.03183583995710113
ech_G = 31.610678885939834
ech_blaze = -74.97687192239684
ech_gamma = 1.1404231668462874
echelle_z = 0.07479353938741418
d_col_trf = -1588.0185304597155
trf_mirror_tilt_x = 0.13866996534385753
trf_mirror_tilt_y = 0.07756014908281163
d_col_grm = -0.009549040998488224
grism_dec_x = 236.4343236967332
grism_dec_y = 0.034184827673418954
grm_tilt_x = -0.015758504125115598
grm_tilt_y = 2.3043634323805904
grm_G = 222.8251882255549
grm_apex = 17.815137642791633
d_grm_cam  = 21.608444048670197
cam_dec_x = -0.30212872985509975
cam_dec_y = 0.25032184167797966
cam_tilt_x = -0.01851472646062025
cam_tilt_y = -0.015059376039363224
d_cam_ff  = -160.40093474268485
ccd_ff_dec_x = -0.0035151062441075727
ccd_ff_dec_y = 0.0002091633303000789
ccd_ff_tilt_x = 0.14603814167214044
ccd_ff_tilt_y = -0.5720523847883623
ccd_ff_tilt_z = 0.17259214753960406
d_ff_ccd  = -4.811272506446938
ccd_dec_x = 0.6206931143042297
ccd_dec_y = 5.155324225150522
ccd_defocus = 0.31632339808438426
ccd_tilt_x = 0.007711129681203413
ccd_tilt_y = -0.014085774848706099
ccd_tilt_z = 3.1528699479789095e-06
p = 2.3141666666666666e-05