slit_dec_x_a = -0.181778666534
slit_dec_y_a = -0.18243150017
slit_dec_x_b = 0.14512077562974193
slit_dec_y_b = -0.05510809031835813
slit_defocus = -0.002200139406112379
slit_tilt_x = 1.134689856789818
slit_tilt_y = -8.568232888741877
slit_tilt_z = -9.003674895045963
d_slit_col = 1594.3039310027777
coll_tilt_x = 0.08643239614817945
coll_tilt_y = -0.022048694300620855
ech_G = 31.610891281867342
ech_blaze = -74.9956053961174
ech_gamma = 1.158126041117095
echelle_z = 0.05750040145428871
d_col_trf = -1588.0162288979066
trf_mirror_tilt_x = 0.12252863740157474
trf_mirror_tilt_y = 0.018684452414361653
d_col_grm = 0.015060450977856275
grism_dec_x = 236.39747426092222
grism_dec_y = -0.005022275675996027
grm_tilt_x = -0.024792867165020303
grm_tilt_y = 2.327268664318041
grm_G = 222.78581249523654
grm_apex = 17.80919665609112
d_grm_cam  = 21.60433255181082
cam_dec_x = -0.28358325123150274
cam_dec_y = 0.2897371632880442
cam_tilt_x = 0.0043538737238507826
cam_tilt_y = -0.027816269884613738
d_cam_ff  = -160.56970187753373
ccd_ff_dec_x = -0.022666141705807503
ccd_ff_dec_y = -0.047792551324189976
ccd_ff_tilt_x = 0.1650362483128234
ccd_ff_tilt_y = -0.5896912245614241
ccd_ff_tilt_z = 0.17170500446667358
d_ff_ccd  = -4.785397057360489
ccd_dec_x = 0.5519586777795003
ccd_dec_y = 5.106083487846993
ccd_defocus = 0.31575160996968965
ccd_tilt_x = 0.02136211524444133
ccd_tilt_y = -0.004206543346317788
ccd_tilt_z = 3.879275679153791e-07
p = 2.3141666666666666e-05