slit_dec_x_a = -0.181778666534
slit_dec_y_a = -0.18243150017
slit_dec_x_b = 0.14512077562974193
slit_dec_y_b = -0.05510809031835813
slit_defocus = -0.013732227493311492
slit_tilt_x = 1.054108599983009
slit_tilt_y = -8.559894378129483
slit_tilt_z = -9.02688933209667
d_slit_col = 1594.2903727759224
coll_tilt_x = 0.12146959844945478
coll_tilt_y = -0.026536339035112606
ech_G = 31.614562051780382
ech_blaze = -74.99488703621913
ech_gamma = 1.1556438567351695
echelle_z = 0.05700267052202476
d_col_trf = -1588.0163642111622
trf_mirror_tilt_x = 0.007246501285512823
trf_mirror_tilt_y = 0.15546419097984193
d_col_grm = 0.03566863573724754
grism_dec_x = 236.38313659816464
grism_dec_y = 0.00923910263775402
grm_tilt_x = -0.02351633895098052
grm_tilt_y = 2.325789291146607
grm_G = 222.78407682849576
grm_apex = 17.76655735172226
d_grm_cam  = 21.604700550053813
cam_dec_x = -0.27109320702677947
cam_dec_y = 0.29094947163221846
cam_tilt_x = 0.01240049286577907
cam_tilt_y = 0.008822351401414479
d_cam_ff  = -160.07710488765596
ccd_ff_dec_x = -0.023804966097879993
ccd_ff_dec_y = 0.04208753576170712
ccd_ff_tilt_x = 0.03350216861771533
ccd_ff_tilt_y = -0.5909877683621063
ccd_ff_tilt_z = 0.17192125801654506
d_ff_ccd  = -4.816037699973227
ccd_dec_x = 0.5533032675249022
ccd_dec_y = 5.107632436639172
ccd_defocus = 0.28568917972799124
ccd_tilt_x = 0.03257186647758199
ccd_tilt_y = -0.002124844634568252
ccd_tilt_z = 4.655535622774268e-06
p = 0.0001