slit_dec_x_a = -0.181778666534
slit_dec_y_a = -0.18243150017
slit_dec_x_b = 0.14512077562974193
slit_dec_y_b = -0.05510809031835813
slit_defocus = -0.002177717750781728
slit_tilt_x = 1.1346443573451521
slit_tilt_y = -8.568230595666535
slit_tilt_z = -9.003646276917728
d_slit_col = 1594.3039469501978
coll_tilt_x = 0.08645658920439805
coll_tilt_y = -0.022003343047271126
ech_G = 31.610932405956678
ech_blaze = -74.99568822688084
ech_gamma = 1.1580052615521308
echelle_z = 0.057590843950415076
d_col_trf = -1588.0161729543245
trf_mirror_tilt_x = 0.12251239989775368
trf_mirror_tilt_y = 0.01863608315016966
d_col_grm = 0.015116036322067334
grism_dec_x = 236.3974255538444
grism_dec_y = -0.005023101267159532
grm_tilt_x = -0.025104696523641317
grm_tilt_y = 2.3269402991500607
grm_G = 222.78586050763403
grm_apex = 17.809186859426
d_grm_cam  = 21.60464552956408
cam_dec_x = -0.28360345018881084
cam_dec_y = 0.2896631789012167
cam_tilt_x = 0.004264024857729433
cam_tilt_y = -0.027766160349363904
d_cam_ff  = -160.56962506798948
ccd_ff_dec_x = -0.02279062484770918
ccd_ff_dec_y = -0.047761820361226566
ccd_ff_tilt_x = 0.1650495543562757
ccd_ff_tilt_y = -0.5895044433821746
ccd_ff_tilt_z = 0.17168045104864432
d_ff_ccd  = -4.7854543168709665
ccd_dec_x = 0.5519569942376787
ccd_dec_y = 5.1061166108362865
ccd_defocus = 0.31579165011920013
ccd_tilt_x = 0.021299687763249142
ccd_tilt_y = -0.004207206066448422
ccd_tilt_z = 3.737044280124228e-07
p = 1.6695833333333334e-06