slit_dec_x_a = -0.17038715156583958
slit_dec_y_a = -0.19569864832303244
slit_dec_x_b = 0.175
slit_dec_y_b = -1.6453132655541026e-96
slit_defocus = 0.00556984365218789
slit_tilt_x = 1.1861075987513108
slit_tilt_y = -8.539999296835832
slit_tilt_z = -8.990842574527095
d_slit_col = 1594.2945065035906
coll_tilt_x = 0.08879586238478643
coll_tilt_y = -0.03194439462112033
ech_G = 31.610682737529824
ech_blaze = -74.97689813055325
ech_gamma = 1.1402732932247224
echelle_z = 0.0746858607921956
d_col_trf = -1588.0185212485271
trf_mirror_tilt_x = 0.13872364182589944
trf_mirror_tilt_y = 0.07750490268894848
d_col_grm = -0.009508971138172308
grism_dec_x = 236.43433999354463
grism_dec_y = 0.03416963094349032
grm_tilt_x = -0.01581451262415011
grm_tilt_y = 2.304366334455808
grm_G = 222.8251798383157
grm_apex = 17.815114154298413
d_grm_cam  = 21.60848127211463
cam_dec_x = -0.3021017627270205
cam_dec_y = 0.2503157449189829
cam_tilt_x = -0.01866337978892647
cam_tilt_y = -0.015101849101122024
d_cam_ff  = -160.40095327197812
ccd_ff_dec_x = -0.003494818186212881
ccd_ff_dec_y = 0.0002644902948752183
ccd_ff_tilt_x = 0.14604423378631382
ccd_ff_tilt_y = -0.572090607016383
ccd_ff_tilt_z = 0.17258032618790076
d_ff_ccd  = -4.811321614644151
ccd_dec_x = 0.6206649899487692
ccd_dec_y = 5.155273376167264
ccd_defocus = 0.3162706267303659
ccd_tilt_x = 0.007757913419519619
ccd_tilt_y = -0.01411295391069258
ccd_tilt_z = 3.076115682695734e-06
p = 1.6695833333333334e-06