slit_dec_x_a = -0.181778666534
slit_dec_y_a = -0.18243150017
slit_dec_x_b = 0.14512077562974193
slit_dec_y_b = -0.05510809031835813
slit_defocus = -0.013829503925918701
slit_tilt_x = 1.054091740777859
slit_tilt_y = -8.559914203785638
slit_tilt_z = -9.026883458356158
d_slit_col = 1594.2902345347852
coll_tilt_x = 0.12146497942640501
coll_tilt_y = -0.02654687102382894
ech_G = 31.614558176828837
ech_blaze = -74.99488250783489
ech_gamma = 1.1556418108728101
echelle_z = 0.05701001664628263
d_col_trf = -1588.016360198148
trf_mirror_tilt_x = 0.007255025544445407
trf_mirror_tilt_y = 0.15540878694554358
d_col_grm = 0.035669022971649686
grism_dec_x = 236.38320860511743
grism_dec_y = 0.009278577463004253
grm_tilt_x = -0.02350854828568499
grm_tilt_y = 2.3257906872487224
grm_G = 222.7840762933698
grm_apex = 17.766522374192743
d_grm_cam  = 21.60469973265877
cam_dec_x = -0.2711419793733382
cam_dec_y = 0.2908783998871816
cam_tilt_x = 0.01244443658597042
cam_tilt_y = 0.00881636481064165
d_cam_ff  = -160.07701243503794
ccd_ff_dec_x = -0.02380416955619193
ccd_ff_dec_y = 0.04198987098891413
ccd_ff_tilt_x = 0.03346799772339522
ccd_ff_tilt_y = -0.5909773974491066
ccd_ff_tilt_z = 0.17191745646972317
d_ff_ccd  = -4.81600882165225
ccd_dec_x = 0.5532973327019454
ccd_dec_y = 5.107632128741269
ccd_defocus = 0.285757223804978
ccd_tilt_x = 0.03254338369511187
ccd_tilt_y = -0.002089132459432549
ccd_tilt_z = 4.663258113848516e-06
p = 0.0001