slit_dec_x_a = -0.1703946731360861
slit_dec_y_a = -0.19597794821496395
slit_dec_x_b = 0.175
slit_dec_y_b = -1.4578278249862416e-96
slit_defocus = 0.005599211291998831
slit_tilt_x = 1.186143261453926
slit_tilt_y = -8.54004447638348
slit_tilt_z = -8.990841253207364
d_slit_col = 1594.2944850158874
coll_tilt_x = 0.0887349527058831
coll_tilt_y = -0.031877657736761926
ech_G = 31.610655193616967
ech_blaze = -74.97684221372319
ech_gamma = 1.140364371413205
echelle_z = 0.07475283426946304
d_col_trf = -1588.0185522640193
trf_mirror_tilt_x = 0.13866445879489703
trf_mirror_tilt_y = 0.07750808361082695
d_col_grm = -0.009522318413623021
grism_dec_x = 236.43431994014674
grism_dec_y = 0.03417064058073791
grm_tilt_x = -0.01584558677320876
grm_tilt_y = 2.3043789418913874
grm_G = 222.82517115281215
grm_apex = 17.815118026459377
d_grm_cam  = 21.6084800138767
cam_dec_x = -0.3021186487235841
cam_dec_y = 0.25031462523940307
cam_tilt_x = -0.01843640539253482
cam_tilt_y = -0.01507485227868385
d_cam_ff  = -160.40097064180736
ccd_ff_dec_x = -0.003520236642132681
ccd_ff_dec_y = 0.00024655330999169556
ccd_ff_tilt_x = 0.14605489188313978
ccd_ff_tilt_y = -0.572075211129654
ccd_ff_tilt_z = 0.17257456275550329
d_ff_ccd  = -4.811283805855423
ccd_dec_x = 0.6206569554647902
ccd_dec_y = 5.155290142827221
ccd_defocus = 0.3162815702052895
ccd_tilt_x = 0.007710052689012107
ccd_tilt_y = -0.014122799278030408
ccd_tilt_z = 3.1066744964536214e-06
p = 1.1098181818181817e-05