slit_dec_x_a = -0.181778666534
slit_dec_y_a = -0.18243150017
slit_dec_x_b = 0.14512077562974193
slit_dec_y_b = -0.05510809031835813
slit_defocus = -0.0022076475505344653
slit_tilt_x = 1.1346665727223426
slit_tilt_y = -8.568241154472675
slit_tilt_z = -9.00362943861681
d_slit_col = 1594.3039838606107
coll_tilt_x = 0.08646339658459103
coll_tilt_y = -0.021999880690747743
ech_G = 31.61088872479684
ech_blaze = -74.99553332395354
ech_gamma = 1.1581535448847569
echelle_z = 0.05759837569716591
d_col_trf = -1588.0162387240143
trf_mirror_tilt_x = 0.12253095858359708
trf_mirror_tilt_y = 0.018635906912054846
d_col_grm = 0.015078923516430396
grism_dec_x = 236.39744113209576
grism_dec_y = -0.005014348743982843
grm_tilt_x = -0.024855336600966407
grm_tilt_y = 2.3272932646309172
grm_G = 222.785716795595
grm_apex = 17.80922581438474
d_grm_cam  = 21.604537836697897
cam_dec_x = -0.28356801260103387
cam_dec_y = 0.2897306250272651
cam_tilt_x = 0.004331686913995098
cam_tilt_y = -0.027817771382509744
d_cam_ff  = -160.56991062464596
ccd_ff_dec_x = -0.022802410663362808
ccd_ff_dec_y = -0.04779863850723088
ccd_ff_tilt_x = 0.16503735770790193
ccd_ff_tilt_y = -0.5897311784332427
ccd_ff_tilt_z = 0.17169629286553495
d_ff_ccd  = -4.785414254778888
ccd_dec_x = 0.551816378412418
ccd_dec_y = 5.106104058710714
ccd_defocus = 0.31573808073212833
ccd_tilt_x = 0.0213443815998028
ccd_tilt_y = -0.004195688725309436
ccd_tilt_z = 3.984786272631774e-07
p = 1.1098181818181817e-05