slit_dec_x_a = -0.1704010755187174
slit_dec_y_a = -0.1956586180351446
slit_dec_x_b = 0.175
slit_dec_y_b = -1.8258951828656845e-96
slit_defocus = 0.021376312788247667
slit_tilt_x = 1.1140483575624964
slit_tilt_y = -8.538421948877373
slit_tilt_z = -8.991683673558628
d_slit_col = 1594.3099659895563
coll_tilt_x = 0.11319412513736603
coll_tilt_y = -0.028922223466579782
ech_G = 31.613227437192414
ech_blaze = -74.97482972256942
ech_gamma = 1.1389757686475783
echelle_z = 0.07477596571289873
d_col_trf = -1588.0172340498725
trf_mirror_tilt_x = 0.02630427202419823
trf_mirror_tilt_y = 0.1621933979006092
d_col_grm = -0.004816697913014336
grism_dec_x = 236.4232145830545
grism_dec_y = 0.03817314608718503
grm_tilt_x = -0.0140587110398714
grm_tilt_y = 2.3052721120696447
grm_G = 222.82400989169548
grm_apex = 17.791005849034462
d_grm_cam  = 21.60981580478841
cam_dec_x = -0.30949841433306563
cam_dec_y = 0.24723156167726662
cam_tilt_x = -0.011021285951687743
cam_tilt_y = 0.0037721561317170405
d_cam_ff  = -160.05774505241132
ccd_ff_dec_x = -0.0026032999437413896
ccd_ff_dec_y = 0.05307422078863716
ccd_ff_tilt_x = 0.019603527627740546
ccd_ff_tilt_y = -0.5728033923829434
ccd_ff_tilt_z = 0.18005798157754305
d_ff_ccd  = -4.83893303091922
ccd_dec_x = 0.6214064782360293
ccd_dec_y = 5.1571519962998345
ccd_defocus = 0.2807481024157902
ccd_tilt_x = 0.005077672919199991
ccd_tilt_y = -0.010882054256807619
ccd_tilt_z = 5.073797308433481e-06
p = 0.0001