slit_dec_x_a = -0.181778666534
slit_dec_y_a = -0.18243150017
slit_dec_x_b = 0.14512077562974193
slit_dec_y_b = -0.05510809031835813
slit_defocus = -0.002184310359545658
slit_tilt_x = 1.1347047989005596
slit_tilt_y = -8.568286991994533
slit_tilt_z = -9.00359667128975
d_slit_col = 1594.3039200742005
coll_tilt_x = 0.08646923860418765
coll_tilt_y = -0.02204659681615829
ech_G = 31.610905546140696
ech_blaze = -74.99559744713031
ech_gamma = 1.1582245871576624
echelle_z = 0.0569909803717474
d_col_trf = -1588.0162151552806
trf_mirror_tilt_x = 0.1225050423473043
trf_mirror_tilt_y = 0.018708531631841514
d_col_grm = 0.01497982972668763
grism_dec_x = 236.39748423980308
grism_dec_y = -0.005070945073545966
grm_tilt_x = -0.024825709117501177
grm_tilt_y = 2.3274822808397184
grm_G = 222.78572051550861
grm_apex = 17.809159751290938
d_grm_cam  = 21.604614926390052
cam_dec_x = -0.28363902927929485
cam_dec_y = 0.28975144382072915
cam_tilt_x = 0.004332828760644533
cam_tilt_y = -0.027815245183602358
d_cam_ff  = -160.56958176339134
ccd_ff_dec_x = -0.02290337632842495
ccd_ff_dec_y = -0.047780984820976424
ccd_ff_tilt_x = 0.1650351137767831
ccd_ff_tilt_y = -0.5895643288585151
ccd_ff_tilt_z = 0.17165554452326087
d_ff_ccd  = -4.785391841816749
ccd_dec_x = 0.5519560492678269
ccd_dec_y = 5.106493074515469
ccd_defocus = 0.3158363281805589
ccd_tilt_x = 0.02142449859495976
ccd_tilt_y = -0.004223803245523076
ccd_tilt_z = 3.1344953115776686e-07
p = 9.087666666666666e-06