slit_dec_x_a = -0.181778666534
slit_dec_y_a = -0.18243150017
slit_dec_x_b = 0.14512077562974193
slit_dec_y_b = -0.05510809031835813
slit_defocus = -0.002234082746268968
slit_tilt_x = 1.1347024822066452
slit_tilt_y = -8.5683699097467
slit_tilt_z = -9.003594004038298
d_slit_col = 1594.3039495256123
coll_tilt_x = 0.08649535209534916
coll_tilt_y = -0.022035043374315888
ech_G = 31.610932860569193
ech_blaze = -74.99578468092488
ech_gamma = 1.1582377467246359
echelle_z = 0.056546208127647046
d_col_trf = -1588.0163541746579
trf_mirror_tilt_x = 0.1224540856254169
trf_mirror_tilt_y = 0.01870177424538775
d_col_grm = 0.014950217943076721
grism_dec_x = 236.39749345702765
grism_dec_y = -0.005069876643485118
grm_tilt_x = -0.02475470627843422
grm_tilt_y = 2.3273308538604356
grm_G = 222.78591213747694
grm_apex = 17.80905875243408
d_grm_cam  = 21.604840087751498
cam_dec_x = -0.28363057828713933
cam_dec_y = 0.2897545662860321
cam_tilt_x = 0.004353809328978645
cam_tilt_y = -0.02777459246170815
d_cam_ff  = -160.56966089878415
ccd_ff_dec_x = -0.022716859273922658
ccd_ff_dec_y = -0.04778507486861796
ccd_ff_tilt_x = 0.16502596420882662
ccd_ff_tilt_y = -0.5893541895930753
ccd_ff_tilt_z = 0.17184401020570092
d_ff_ccd  = -4.785435080317921
ccd_dec_x = 0.5518376607925924
ccd_dec_y = 5.106297102176521
ccd_defocus = 0.31586036600124817
ccd_tilt_x = 0.021369322987970115
ccd_tilt_y = -0.004189421496302211
ccd_tilt_z = 2.0674154387075969e-07
p = 3.173272727272727e-06