slit_dec_x_a = -0.17037488428650102
slit_dec_y_a = -0.19571914367575663
slit_dec_x_b = 0.175
slit_dec_y_b = -2.4510077694185934e-96
slit_defocus = 0.005539655608918199
slit_tilt_x = 1.1861273258554066
slit_tilt_y = -8.540127003383235
slit_tilt_z = -8.990828095556749
d_slit_col = 1594.2944665120008
coll_tilt_x = 0.08854842310251365
coll_tilt_y = -0.03178013223711175
ech_G = 31.61067972100283
ech_blaze = -74.97721605415833
ech_gamma = 1.1405120808304843
echelle_z = 0.07547574423780798
d_col_trf = -1588.018604014316
trf_mirror_tilt_x = 0.13866350799719188
trf_mirror_tilt_y = 0.07755165793762958
d_col_grm = -0.00953525945186707
grism_dec_x = 236.4343523003756
grism_dec_y = 0.03424716580764535
grm_tilt_x = -0.01576616257098029
grm_tilt_y = 2.3043762713053564
grm_G = 222.82519395717011
grm_apex = 17.815120094940717
d_grm_cam  = 21.608473808267632
cam_dec_x = -0.302132617556932
cam_dec_y = 0.2503384663361228
cam_tilt_x = -0.018364616479399656
cam_tilt_y = -0.01502826342520941
d_cam_ff  = -160.40098849696847
ccd_ff_dec_x = -0.0035418298777524734
ccd_ff_dec_y = 0.00016100344414643169
ccd_ff_tilt_x = 0.14600665272263763
ccd_ff_tilt_y = -0.5720332909343568
ccd_ff_tilt_z = 0.17251646295466405
d_ff_ccd  = -4.8112388758919105
ccd_dec_x = 0.6206448806242146
ccd_dec_y = 5.155286254419864
ccd_defocus = 0.31633506548828194
ccd_tilt_x = 0.007806242172550707
ccd_tilt_y = -0.014004746186345094
ccd_tilt_z = 3.38595532429898e-06
p = 3.173272727272727e-06