slit_dec_x_a = -0.181778666534
slit_dec_y_a = -0.18243150017
slit_dec_x_b = 0.14512077562974193
slit_dec_y_b = -0.05510809031835813
slit_defocus = -0.0138362325714842
slit_tilt_x = 1.054061695111847
slit_tilt_y = -8.559891673814679
slit_tilt_z = -9.026908751407648
d_slit_col = 1594.290323076204
coll_tilt_x = 0.1214732481550369
coll_tilt_y = -0.026486598947987383
ech_G = 31.614566277075603
ech_blaze = -74.99488466034309
ech_gamma = 1.1556369872913188
echelle_z = 0.05700347711787462
d_col_trf = -1588.0163590412099
trf_mirror_tilt_x = 0.00724217281414972
trf_mirror_tilt_y = 0.15547313804651203
d_col_grm = 0.035602329776286495
grism_dec_x = 236.3832280461397
grism_dec_y = 0.009208414643372874
grm_tilt_x = -0.023512618523619987
grm_tilt_y = 2.32579504253605
grm_G = 222.78407083114317
grm_apex = 17.766542283620574
d_grm_cam  = 21.604701939565004
cam_dec_x = -0.27104653321944266
cam_dec_y = 0.2908363767468296
cam_tilt_x = 0.012442447237339768
cam_tilt_y = 0.008811225380110458
d_cam_ff  = -160.07690492448688
ccd_ff_dec_x = -0.023804614522556323
ccd_ff_dec_y = 0.04202417795366323
ccd_ff_tilt_x = 0.03350237404651032
ccd_ff_tilt_y = -0.5909830644203377
ccd_ff_tilt_z = 0.17192029119723776
d_ff_ccd  = -4.816003277387751
ccd_dec_x = 0.5532963024423192
ccd_dec_y = 5.107636731213284
ccd_defocus = 0.28576414214407786
ccd_tilt_x = 0.03255850688482403
ccd_tilt_y = -0.0020774230025357226
ccd_tilt_z = 4.695329876362094e-06
p = 0.0001