slit_dec_x_a = -0.17040939231246918
slit_dec_y_a = -0.19599317902054642
slit_dec_x_b = 0.175
slit_dec_y_b = -1.6109206973730992e-96
slit_defocus = 0.005556885759989378
slit_tilt_x = 1.186150981140817
slit_tilt_y = -8.540020276179888
slit_tilt_z = -8.990837547862418
d_slit_col = 1594.2944663602009
coll_tilt_x = 0.08875869400026185
coll_tilt_y = -0.031826018191160634
ech_G = 31.61066898692544
ech_blaze = -74.97678983120437
ech_gamma = 1.1403830734439362
echelle_z = 0.07476372639619949
d_col_trf = -1588.0185230275963
trf_mirror_tilt_x = 0.13867108994047941
trf_mirror_tilt_y = 0.07758553022591792
d_col_grm = -0.00955857312763559
grism_dec_x = 236.43432519833885
grism_dec_y = 0.034185079618621106
grm_tilt_x = -0.01576523976270938
grm_tilt_y = 2.304357653556928
grm_G = 222.82518705895666
grm_apex = 17.815135393700587
d_grm_cam  = 21.60844744940404
cam_dec_x = -0.30214236479476636
cam_dec_y = 0.2503247195018347
cam_tilt_x = -0.01865851788057529
cam_tilt_y = -0.015056814003613457
d_cam_ff  = -160.40093049294805
ccd_ff_dec_x = -0.003491902184076907
ccd_ff_dec_y = 0.00018371132558370074
ccd_ff_tilt_x = 0.14604309105192032
ccd_ff_tilt_y = -0.5720452849227978
ccd_ff_tilt_z = 0.17257657463263354
d_ff_ccd  = -4.811265305274126
ccd_dec_x = 0.620703319819166
ccd_dec_y = 5.155322876088436
ccd_defocus = 0.31630829297989405
ccd_tilt_x = 0.0077389517703415865
ccd_tilt_y = -0.014084124855352678
ccd_tilt_z = 3.112656748827163e-06
p = 1.5964545454545455e-06