slit_dec_x_a = -0.1704010755187174
slit_dec_y_a = -0.1956586180351446
slit_dec_x_b = 0.175
slit_dec_y_b = -1.8512672497526902e-96
slit_defocus = 0.021330903479781834
slit_tilt_x = 1.113983698147497
slit_tilt_y = -8.538481939767346
slit_tilt_z = -8.991681729891457
d_slit_col = 1594.3099418622655
coll_tilt_x = 0.1131911216345312
coll_tilt_y = -0.02892148122589036
ech_G = 31.61323627218379
ech_blaze = -74.97483689989419
ech_gamma = 1.1389763838383309
echelle_z = 0.07476772513684589
d_col_trf = -1588.0172298621487
trf_mirror_tilt_x = 0.026308087190774654
trf_mirror_tilt_y = 0.16220130442939662
d_col_grm = -0.004929505431874854
grism_dec_x = 236.42329279731965
grism_dec_y = 0.03817737113575277
grm_tilt_x = -0.01405565203332235
grm_tilt_y = 2.305285873263691
grm_G = 222.82400594592244
grm_apex = 17.791062748853957
d_grm_cam  = 21.609824389781316
cam_dec_x = -0.3095301537095001
cam_dec_y = 0.24730328585148267
cam_tilt_x = -0.01109810021327743
cam_tilt_y = 0.003809108645037084
d_cam_ff  = -160.0576985639934
ccd_ff_dec_x = -0.002594496359914081
ccd_ff_dec_y = 0.05307910200496119
ccd_ff_tilt_x = 0.01957358103702574
ccd_ff_tilt_y = -0.5728039923489981
ccd_ff_tilt_z = 0.1800506668389728
d_ff_ccd  = -4.838948989675882
ccd_dec_x = 0.621399863491785
ccd_dec_y = 5.157144713052051
ccd_defocus = 0.28073628744567486
ccd_tilt_x = 0.005033855175175338
ccd_tilt_y = -0.010837235604697164
ccd_tilt_z = 5.128417477340172e-06
p = 0.0001