slit_dec_x_a = -0.181778666534
slit_dec_y_a = -0.18243150017
slit_dec_x_b = 0.14512077562974193
slit_dec_y_b = -0.05510809031835813
slit_defocus = -0.013802272128826574
slit_tilt_x = 1.0541285038709114
slit_tilt_y = -8.559919191370124
slit_tilt_z = -9.026910011816824
d_slit_col = 1594.290258826615
coll_tilt_x = 0.12144830945049812
coll_tilt_y = -0.02642599138944902
ech_G = 31.614569582977946
ech_blaze = -74.99489009883143
ech_gamma = 1.155647499345194
echelle_z = 0.05700530051342237
d_col_trf = -1588.0163683628791
trf_mirror_tilt_x = 0.0073480064881167985
trf_mirror_tilt_y = 0.15547867526659093
d_col_grm = 0.03567775400198992
grism_dec_x = 236.38312535081607
grism_dec_y = 0.00925177776793889
grm_tilt_x = -0.023508109828125356
grm_tilt_y = 2.32578949811384
grm_G = 222.7840739819375
grm_apex = 17.76657918055192
d_grm_cam  = 21.60470006702203
cam_dec_x = -0.2711356121620556
cam_dec_y = 0.2908938162492421
cam_tilt_x = 0.01242820950564013
cam_tilt_y = 0.008796254500135608
d_cam_ff  = -160.07730743139345
ccd_ff_dec_x = -0.02379958308526642
ccd_ff_dec_y = 0.04206705488762741
ccd_ff_tilt_x = 0.03348625967603604
ccd_ff_tilt_y = -0.5909774716820541
ccd_ff_tilt_z = 0.1719163036132783
d_ff_ccd  = -4.816023295486024
ccd_dec_x = 0.5532966329314072
ccd_dec_y = 5.107636195575173
ccd_defocus = 0.2856687200068424
ccd_tilt_x = 0.032561585013854116
ccd_tilt_y = -0.0021296189405527453
ccd_tilt_z = 4.665256004772185e-06
p = 0.0001