slit_dec_x_a = -0.181778666534
slit_dec_y_a = -0.18243150017
slit_dec_x_b = 0.14512077562974193
slit_dec_y_b = -0.05510809031835813
slit_defocus = -0.0022012817081386343
slit_tilt_x = 1.1346789805176174
slit_tilt_y = -8.568373736200124
slit_tilt_z = -9.003579394212494
d_slit_col = 1594.3039850671892
coll_tilt_x = 0.08648314160632566
coll_tilt_y = -0.02205475722739739
ech_G = 31.610921994008507
ech_blaze = -74.9957313516258
ech_gamma = 1.1582146659043677
echelle_z = 0.05672862761141704
d_col_trf = -1588.0162530920336
trf_mirror_tilt_x = 0.12248410264333238
trf_mirror_tilt_y = 0.01872348369043575
d_col_grm = 0.014950161290094261
grism_dec_x = 236.3974768931151
grism_dec_y = -0.005061508434698668
grm_tilt_x = -0.024735005519883852
grm_tilt_y = 2.3273607469746196
grm_G = 222.78591912499655
grm_apex = 17.80907740317652
d_grm_cam  = 21.604949620209307
cam_dec_x = -0.2836337325642183
cam_dec_y = 0.28976465947671415
cam_tilt_x = 0.00434323597374143
cam_tilt_y = -0.0277696078491607
d_cam_ff  = -160.56959772882325
ccd_ff_dec_x = -0.022854639356478794
ccd_ff_dec_y = -0.047784272468721446
ccd_ff_tilt_x = 0.16503162049948814
ccd_ff_tilt_y = -0.5894042807513252
ccd_ff_tilt_z = 0.17182696065063502
d_ff_ccd  = -4.785401433803773
ccd_dec_x = 0.5518948011450908
ccd_dec_y = 5.106348470784464
ccd_defocus = 0.31586811076938537
ccd_tilt_x = 0.021372323155029117
ccd_tilt_y = -0.004191257572137269
ccd_tilt_z = 2.1988636450947368e-07
p = 1.7834545454545453e-06