slit_dec_x_a = -0.17040881736430377
slit_dec_y_a = -0.19580218428571447
slit_dec_x_b = 0.175
slit_dec_y_b = -2.651058003901177e-96
slit_defocus = 0.005527098340973579
slit_tilt_x = 1.1861318936871676
slit_tilt_y = -8.540103143011727
slit_tilt_z = -8.990827657592316
d_slit_col = 1594.2944420790689
coll_tilt_x = 0.0885811470461642
coll_tilt_y = -0.031734408350825076
ech_G = 31.61068116027152
ech_blaze = -74.97712489613923
ech_gamma = 1.1405478641265965
echelle_z = 0.07551138482737754
d_col_trf = -1588.0185927761204
trf_mirror_tilt_x = 0.13864589130933222
trf_mirror_tilt_y = 0.07753019326684223
d_col_grm = -0.009538862840100852
grism_dec_x = 236.43430836360747
grism_dec_y = 0.03424137412120127
grm_tilt_x = -0.015896219325777585
grm_tilt_y = 2.3043711788449537
grm_G = 222.82518892478058
grm_apex = 17.81513189757698
d_grm_cam  = 21.608463157891702
cam_dec_x = -0.30211394134923264
cam_dec_y = 0.2503555285223101
cam_tilt_x = -0.018363872122667272
cam_tilt_y = -0.015024260471274337
d_cam_ff  = -160.40099175837838
ccd_ff_dec_x = -0.0035496541949460113
ccd_ff_dec_y = 0.0001514585511882983
ccd_ff_tilt_x = 0.14601111678837697
ccd_ff_tilt_y = -0.5720216166987846
ccd_ff_tilt_z = 0.17253579960684023
d_ff_ccd  = -4.811209308311941
ccd_dec_x = 0.6206413791743035
ccd_dec_y = 5.155297668169622
ccd_defocus = 0.3163335107141277
ccd_tilt_x = 0.0077908665412642205
ccd_tilt_y = -0.014015590275500154
ccd_tilt_z = 3.3741792113169613e-06
p = 1.7834545454545453e-06