slit_dec_x_a = -0.1704010755187174
slit_dec_y_a = -0.1956586180351446
slit_dec_x_b = 0.175
slit_dec_y_b = -1.8620743875093587e-96
slit_defocus = 0.02141917072794485
slit_tilt_x = 1.114013065353726
slit_tilt_y = -8.538503789292271
slit_tilt_z = -8.991626862516304
d_slit_col = 1594.3100491921632
coll_tilt_x = 0.11325635284399901
coll_tilt_y = -0.028900577573529016
ech_G = 31.613225872175867
ech_blaze = -74.9748345729837
ech_gamma = 1.138972987875303
echelle_z = 0.07477646673742994
d_col_trf = -1588.0172320489824
trf_mirror_tilt_x = 0.02628670672678387
trf_mirror_tilt_y = 0.16219630465011728
d_col_grm = -0.004845400101719393
grism_dec_x = 236.42333815311912
grism_dec_y = 0.038226603873503864
grm_tilt_x = -0.01405138582431961
grm_tilt_y = 2.30527048927348
grm_G = 222.82400729229275
grm_apex = 17.791027616828213
d_grm_cam  = 21.609822572754513
cam_dec_x = -0.30954463573658164
cam_dec_y = 0.24726249264802846
cam_tilt_x = -0.011029027019740303
cam_tilt_y = 0.003866408355896123
d_cam_ff  = -160.05798456700938
ccd_ff_dec_x = -0.002595371333063326
ccd_ff_dec_y = 0.053030343780573655
ccd_ff_tilt_x = 0.01951866970507812
ccd_ff_tilt_y = -0.5728031829267128
ccd_ff_tilt_z = 0.18005135462983948
d_ff_ccd  = -4.839002761022335
ccd_dec_x = 0.6214103674905618
ccd_dec_y = 5.157150045749642
ccd_defocus = 0.28070265406351225
ccd_tilt_x = 0.005032384473604947
ccd_tilt_y = -0.010882011919357445
ccd_tilt_z = 5.029384835400405e-06
p = 0.0001