slit_dec_x_a = -0.181778666534
slit_dec_y_a = -0.18243150017
slit_dec_x_b = 0.14512077562974193
slit_dec_y_b = -0.05510809031835813
slit_defocus = -0.013826019685372606
slit_tilt_x = 1.0541065472621998
slit_tilt_y = -8.559952726106046
slit_tilt_z = -9.026888628816337
d_slit_col = 1594.2903214129556
coll_tilt_x = 0.12146080381427647
coll_tilt_y = -0.02646244768879139
ech_G = 31.614558300330344
ech_blaze = -74.99488753072868
ech_gamma = 1.1556437430781548
echelle_z = 0.05699963963701759
d_col_trf = -1588.0163650431437
trf_mirror_tilt_x = 0.007265462052714853
trf_mirror_tilt_y = 0.15537910166796812
d_col_grm = 0.035657192314176744
grism_dec_x = 236.38318900559457
grism_dec_y = 0.009219280137049176
grm_tilt_x = -0.02350536182471297
grm_tilt_y = 2.3257886250812763
grm_G = 222.78407202891714
grm_apex = 17.766485480278288
d_grm_cam  = 21.604698028902153
cam_dec_x = -0.27116586704749296
cam_dec_y = 0.2908738398617107
cam_tilt_x = 0.012387775771623777
cam_tilt_y = 0.008854522282948035
d_cam_ff  = -160.07685439659218
ccd_ff_dec_x = -0.023806631005327036
ccd_ff_dec_y = 0.04206636416085298
ccd_ff_tilt_x = 0.03350500069795159
ccd_ff_tilt_y = -0.5909800204789502
ccd_ff_tilt_z = 0.17191904382628842
d_ff_ccd  = -4.815958115047774
ccd_dec_x = 0.553299294568688
ccd_dec_y = 5.107629715909029
ccd_defocus = 0.2857487293582625
ccd_tilt_x = 0.03256823370698611
ccd_tilt_y = -0.0021170405718874455
ccd_tilt_z = 4.632940181213854e-06
p = 0.0001