slit_dec_x_a = -0.181778666534
slit_dec_y_a = -0.18243150017
slit_dec_x_b = 0.14512077562974193
slit_dec_y_b = -0.05510809031835813
slit_defocus = -0.002196694118771453
slit_tilt_x = 1.1346622633080865
slit_tilt_y = -8.56822031293833
slit_tilt_z = -9.003616810074604
d_slit_col = 1594.3039467755239
coll_tilt_x = 0.08647008283400283
coll_tilt_y = -0.021972158988356506
ech_G = 31.610905574689824
ech_blaze = -74.99564932073612
ech_gamma = 1.1580771887778636
echelle_z = 0.05755159217906315
d_col_trf = -1588.0161835853244
trf_mirror_tilt_x = 0.12251430605291216
trf_mirror_tilt_y = 0.01861944396538711
d_col_grm = 0.015109736707999257
grism_dec_x = 236.3974354529694
grism_dec_y = -0.00501609024656617
grm_tilt_x = -0.024861217550809313
grm_tilt_y = 2.327030555602067
grm_G = 222.7856927064916
grm_apex = 17.809202198806783
d_grm_cam  = 21.60460615528707
cam_dec_x = -0.2835742231886367
cam_dec_y = 0.2896836861418693
cam_tilt_x = 0.004287240020964879
cam_tilt_y = -0.027791389436868506
d_cam_ff  = -160.5697082225234
ccd_ff_dec_x = -0.022853069932332305
ccd_ff_dec_y = -0.04778173665534107
ccd_ff_tilt_x = 0.16503581789165223
ccd_ff_tilt_y = -0.5896344978281388
ccd_ff_tilt_z = 0.171730196966837
d_ff_ccd  = -4.785417868181855
ccd_dec_x = 0.551936275923293
ccd_dec_y = 5.106126002983535
ccd_defocus = 0.31575507622170174
ccd_tilt_x = 0.021317360462803893
ccd_tilt_y = -0.004223712932540725
ccd_tilt_z = 3.580125103762488e-07
p = 6.0283636363636376e-06