slit_dec_x_a = -0.17040365457954937
slit_dec_y_a = -0.1959260605027687
slit_dec_x_b = 0.175
slit_dec_y_b = -1.8007354145751062e-96
slit_defocus = 0.00559219244932325
slit_tilt_x = 1.1861291609723736
slit_tilt_y = -8.540009197730908
slit_tilt_z = -8.990852796068545
d_slit_col = 1594.2944813367071
coll_tilt_x = 0.08872386679542003
coll_tilt_y = -0.03198911340426394
ech_G = 31.61065155720324
ech_blaze = -74.97681231650247
ech_gamma = 1.1402653558366491
echelle_z = 0.07485990258264648
d_col_trf = -1588.018526397973
trf_mirror_tilt_x = 0.13869916602745636
trf_mirror_tilt_y = 0.0775354937346128
d_col_grm = -0.009527643314583209
grism_dec_x = 236.4343543538118
grism_dec_y = 0.03416084024634063
grm_tilt_x = -0.01593430357858255
grm_tilt_y = 2.3043865434411743
grm_G = 222.82518856602488
grm_apex = 17.815096917193074
d_grm_cam  = 21.608498851336556
cam_dec_x = -0.302109496935534
cam_dec_y = 0.25033733920176154
cam_tilt_x = -0.018480458336098276
cam_tilt_y = -0.015104456440800745
d_cam_ff  = -160.40096508134815
ccd_ff_dec_x = -0.003498205439840335
ccd_ff_dec_y = 0.000259033943212211
ccd_ff_tilt_x = 0.14604417412030424
ccd_ff_tilt_y = -0.5720653077032876
ccd_ff_tilt_z = 0.1725990832629415
d_ff_ccd  = -4.811308963877704
ccd_dec_x = 0.6206882014680097
ccd_dec_y = 5.155285887160816
ccd_defocus = 0.31628273427664866
ccd_tilt_x = 0.007756409862571026
ccd_tilt_y = -0.014117103209165689
ccd_tilt_z = 3.1566721160807047e-06
p = 6.0283636363636376e-06