slit_dec_x_a = -0.181778666534
slit_dec_y_a = -0.18243150017
slit_dec_x_b = 0.14512077562974193
slit_dec_y_b = -0.05510809031835813
slit_defocus = -0.013677676461399583
slit_tilt_x = 1.0540831963571944
slit_tilt_y = -8.560013329916897
slit_tilt_z = -9.026883706461863
d_slit_col = 1594.290312496434
coll_tilt_x = 0.12143108602456339
coll_tilt_y = -0.026469450434226414
ech_G = 31.614560751670602
ech_blaze = -74.99489508426363
ech_gamma = 1.15564576174198
echelle_z = 0.0569952578359146
d_col_trf = -1588.016367539105
trf_mirror_tilt_x = 0.007289564043132749
trf_mirror_tilt_y = 0.1555216258490388
d_col_grm = 0.035633792650471736
grism_dec_x = 236.3832172770025
grism_dec_y = 0.00920700287549443
grm_tilt_x = -0.02350344279276891
grm_tilt_y = 2.325789701409658
grm_G = 222.78406826269773
grm_apex = 17.766545170859192
d_grm_cam  = 21.60469939167928
cam_dec_x = -0.27115629435574534
cam_dec_y = 0.29088372284271735
cam_tilt_x = 0.012440366760459003
cam_tilt_y = 0.008790350312999217
d_cam_ff  = -160.07720205070353
ccd_ff_dec_x = -0.023799281001176707
ccd_ff_dec_y = 0.042038041440407535
ccd_ff_tilt_x = 0.033454711903037115
ccd_ff_tilt_y = -0.5909806020170488
ccd_ff_tilt_z = 0.17191130316399852
d_ff_ccd  = -4.815996364117662
ccd_dec_x = 0.5532957535799525
ccd_dec_y = 5.107634231728477
ccd_defocus = 0.28572143421896445
ccd_tilt_x = 0.03258717863771705
ccd_tilt_y = -0.002095476133990113
ccd_tilt_z = 4.686953419222205e-06
p = 0.0001