slit_dec_x_a = -0.1704010755187174
slit_dec_y_a = -0.1956586180351446
slit_dec_x_b = 0.175
slit_dec_y_b = -1.9060932307313977e-96
slit_defocus = 0.021356511956077937
slit_tilt_x = 1.1140672278433226
slit_tilt_y = -8.538497516114585
slit_tilt_z = -8.991602712170423
d_slit_col = 1594.3099698547217
coll_tilt_x = 0.11326320731306223
coll_tilt_y = -0.02888467937749343
ech_G = 31.613233353145514
ech_blaze = -74.97482708537869
ech_gamma = 1.1389777724760497
echelle_z = 0.07477006293771879
d_col_trf = -1588.017238522347
trf_mirror_tilt_x = 0.026324131956956345
trf_mirror_tilt_y = 0.16219700141388937
d_col_grm = -0.004823013280256577
grism_dec_x = 236.42333654200934
grism_dec_y = 0.038214222412474776
grm_tilt_x = -0.014056273030418268
grm_tilt_y = 2.305279773732228
grm_G = 222.82401222087287
grm_apex = 17.79097094628756
d_grm_cam  = 21.609819126440883
cam_dec_x = -0.3095266149473824
cam_dec_y = 0.2472917231888617
cam_tilt_x = -0.011002075356437071
cam_tilt_y = 0.0037552001117806574
d_cam_ff  = -160.0574448018778
ccd_ff_dec_x = -0.0026036129489828835
ccd_ff_dec_y = 0.053098473050111374
ccd_ff_tilt_x = 0.019507272814419
ccd_ff_tilt_y = -0.5728018669768221
ccd_ff_tilt_z = 0.18005238469345555
d_ff_ccd  = -4.838985586731069
ccd_dec_x = 0.6213989151089535
ccd_dec_y = 5.157153862308819
ccd_defocus = 0.280750264892607
ccd_tilt_x = 0.005046932342675439
ccd_tilt_y = -0.010909637515925365
ccd_tilt_z = 5.085712501254987e-06
p = 0.0001