slit_dec_x_a = -0.181778666534
slit_dec_y_a = -0.18243150017
slit_dec_x_b = 0.14512077562974193
slit_dec_y_b = -0.05510809031835813
slit_defocus = -0.002215328732259243
slit_tilt_x = 1.1346912895674222
slit_tilt_y = -8.568230946022135
slit_tilt_z = -9.00367530184432
d_slit_col = 1594.3039396209567
coll_tilt_x = 0.08644740598232196
coll_tilt_y = -0.02205872501054446
ech_G = 31.61088230084874
ech_blaze = -74.99553807459608
ech_gamma = 1.1581021982896909
echelle_z = 0.057538423970354545
d_col_trf = -1588.016225479545
trf_mirror_tilt_x = 0.12253789291315811
trf_mirror_tilt_y = 0.01867881117865838
d_col_grm = 0.01506031563978426
grism_dec_x = 236.39747504638743
grism_dec_y = -0.005030707494996515
grm_tilt_x = -0.02475903758590955
grm_tilt_y = 2.3272916571396443
grm_G = 222.7858612474111
grm_apex = 17.809203682714006
d_grm_cam  = 21.60436821617881
cam_dec_x = -0.28358933060352376
cam_dec_y = 0.2897542319557633
cam_tilt_x = 0.004337348584563861
cam_tilt_y = -0.027816733701677216
d_cam_ff  = -160.56980106680638
ccd_ff_dec_x = -0.02272974772012602
ccd_ff_dec_y = -0.04779439680885025
ccd_ff_tilt_x = 0.16502073521654342
ccd_ff_tilt_y = -0.5896910087315718
ccd_ff_tilt_z = 0.1717232107800397
d_ff_ccd  = -4.785395625897327
ccd_dec_x = 0.5519766874855887
ccd_dec_y = 5.1060578985401905
ccd_defocus = 0.3157516918931925
ccd_tilt_x = 0.021347701901607525
ccd_tilt_y = -0.004218323607183603
ccd_tilt_z = 3.680881416210762e-07
p = 2.0625e-05