slit_dec_x_a = -0.17039479020588866
slit_dec_y_a = -0.19594626453129957
slit_dec_x_b = 0.175
slit_dec_y_b = -1.6267460441035043e-96
slit_defocus = 0.005568068910512494
slit_tilt_x = 1.186171313848985
slit_tilt_y = -8.540018941607848
slit_tilt_z = -8.990838442704934
d_slit_col = 1594.2944553172263
coll_tilt_x = 0.08878766726382831
coll_tilt_y = -0.0318124941360914
ech_G = 31.610664441337754
ech_blaze = -74.97685811132519
ech_gamma = 1.1404210696912667
echelle_z = 0.07487523241566747
d_col_trf = -1588.0185224011577
trf_mirror_tilt_x = 0.13867698785350357
trf_mirror_tilt_y = 0.07754526022657494
d_col_grm = -0.009527391339197947
grism_dec_x = 236.43432613139666
grism_dec_y = 0.03417924039269381
grm_tilt_x = -0.015736729299275998
grm_tilt_y = 2.3043634268205198
grm_G = 222.8251832766872
grm_apex = 17.815143194038434
d_grm_cam  = 21.608472128297333
cam_dec_x = -0.3021250307424309
cam_dec_y = 0.25032989185826854
cam_tilt_x = -0.018466246479339813
cam_tilt_y = -0.015059366250275768
d_cam_ff  = -160.40092958713015
ccd_ff_dec_x = -0.003526579000034741
ccd_ff_dec_y = 0.00020742371942193314
ccd_ff_tilt_x = 0.14602267987828674
ccd_ff_tilt_y = -0.5720440305365523
ccd_ff_tilt_z = 0.17259001160975967
d_ff_ccd  = -4.811269932257969
ccd_dec_x = 0.6206934236402741
ccd_dec_y = 5.1553210473017135
ccd_defocus = 0.3163252535833087
ccd_tilt_x = 0.007708434430765632
ccd_tilt_y = -0.014096166232940755
ccd_tilt_z = 3.1624293990782536e-06
p = 2.0625e-05