slit_dec_x_a = -0.181778666534
slit_dec_y_a = -0.18243150017
slit_dec_x_b = 0.14512077562974193
slit_dec_y_b = -0.05510809031835813
slit_defocus = -0.01377970863187845
slit_tilt_x = 1.054081499467012
slit_tilt_y = -8.55997268437278
slit_tilt_z = -9.026895341431992
d_slit_col = 1594.2902860786385
coll_tilt_x = 0.12146743471969275
coll_tilt_y = -0.026544716812068807
ech_G = 31.61456683615315
ech_blaze = -74.99488451758637
ech_gamma = 1.1556425203839937
echelle_z = 0.056999205548291694
d_col_trf = -1588.016368348611
trf_mirror_tilt_x = 0.0072898873919655756
trf_mirror_tilt_y = 0.1554304191624011
d_col_grm = 0.03565023918425203
grism_dec_x = 236.38311387869666
grism_dec_y = 0.009246749860012147
grm_tilt_x = -0.023509349317533013
grm_tilt_y = 2.3257922074539694
grm_G = 222.78407165144415
grm_apex = 17.766483739146874
d_grm_cam  = 21.604700131562858
cam_dec_x = -0.27113111267911827
cam_dec_y = 0.29086223282129064
cam_tilt_x = 0.012445037384145449
cam_tilt_y = 0.00883608077684793
d_cam_ff  = -160.07729944277696
ccd_ff_dec_x = -0.023789986517666378
ccd_ff_dec_y = 0.04210603623419047
ccd_ff_tilt_x = 0.03350078185006156
ccd_ff_tilt_y = -0.5909797752557984
ccd_ff_tilt_z = 0.17191615390667478
d_ff_ccd  = -4.815971422889204
ccd_dec_x = 0.5532988902184807
ccd_dec_y = 5.107630634375832
ccd_defocus = 0.2857564714774292
ccd_tilt_x = 0.03257710494963332
ccd_tilt_y = -0.0021742981915465194
ccd_tilt_z = 4.632792335977454e-06
p = 0.0001