slit_dec_x_a = -0.1704010755187174
slit_dec_y_a = -0.1956586180351446
slit_dec_x_b = 0.175
slit_dec_y_b = -1.8005498295026171e-96
slit_defocus = 0.02139980568531703
slit_tilt_x = 1.1139425737109574
slit_tilt_y = -8.538437744265385
slit_tilt_z = -8.99160698905945
d_slit_col = 1594.310020530118
coll_tilt_x = 0.11316697183412187
coll_tilt_y = -0.028854422521342373
ech_G = 31.613228205771488
ech_blaze = -74.97483382440154
ech_gamma = 1.138978268442779
echelle_z = 0.07476879613372074
d_col_trf = -1588.0172307158225
trf_mirror_tilt_x = 0.02626756533603122
trf_mirror_tilt_y = 0.16226932131780125
d_col_grm = -0.004828240188042837
grism_dec_x = 236.42334816043297
grism_dec_y = 0.03812475759233637
grm_tilt_x = -0.014051076508301391
grm_tilt_y = 2.3052729410901853
grm_G = 222.8240072142269
grm_apex = 17.79105363728986
d_grm_cam  = 21.609814788586455
cam_dec_x = -0.30952425272446377
cam_dec_y = 0.24729528134870218
cam_tilt_x = -0.011017544422022895
cam_tilt_y = 0.0038289260417237628
d_cam_ff  = -160.05795026869114
ccd_ff_dec_x = -0.0025949639992387625
ccd_ff_dec_y = 0.05303919733613658
ccd_ff_tilt_x = 0.01947427362347318
ccd_ff_tilt_y = -0.5728039828749263
ccd_ff_tilt_z = 0.18005959306561306
d_ff_ccd  = -4.838904247261233
ccd_dec_x = 0.6214037064875286
ccd_dec_y = 5.157155092579979
ccd_defocus = 0.280733744376899
ccd_tilt_x = 0.0050623394677022406
ccd_tilt_y = -0.010923979185410614
ccd_tilt_z = 5.086086743873017e-06
p = 0.0001