slit_dec_x_a = -0.17042337952699382
slit_dec_y_a = -0.19586688642437877
slit_dec_x_b = 0.175
slit_dec_y_b = -1.929015753143887e-96
slit_defocus = 0.005563084563665412
slit_tilt_x = 1.1861128360230684
slit_tilt_y = -8.539996272102833
slit_tilt_z = -8.99085811171572
d_slit_col = 1594.2944407931254
coll_tilt_x = 0.08858017037556709
coll_tilt_y = -0.03175195658323006
ech_G = 31.610665152166487
ech_blaze = -74.97702955970998
ech_gamma = 1.140463529678143
echelle_z = 0.07490918578967705
d_col_trf = -1588.0185596629299
trf_mirror_tilt_x = 0.13867897355500808
trf_mirror_tilt_y = 0.07760098054241404
d_col_grm = -0.009542971888601424
grism_dec_x = 236.43428972582842
grism_dec_y = 0.034234273847510086
grm_tilt_x = -0.015743959397332617
grm_tilt_y = 2.3043665276285705
grm_G = 222.82517881180618
grm_apex = 17.815110055031326
d_grm_cam  = 21.60848225669322
cam_dec_x = -0.3021418935892185
cam_dec_y = 0.25037266795658014
cam_tilt_x = -0.018451983355164778
cam_tilt_y = -0.01501648184471967
d_cam_ff  = -160.40099589409328
ccd_ff_dec_x = -0.003552123993393322
ccd_ff_dec_y = 0.00014246479094747697
ccd_ff_tilt_x = 0.14600368930944072
ccd_ff_tilt_y = -0.5721083809163968
ccd_ff_tilt_z = 0.17258690805539662
d_ff_ccd  = -4.811240510676872
ccd_dec_x = 0.6206777848923973
ccd_dec_y = 5.155301303545983
ccd_defocus = 0.3163082936614749
ccd_tilt_x = 0.00776806339478881
ccd_tilt_y = -0.014024171446506608
ccd_tilt_z = 3.159964162045692e-06
p = 1.531181818181818e-05