slit_dec_x_a = -0.181778666534
slit_dec_y_a = -0.18243150017
slit_dec_x_b = 0.14512077562974193
slit_dec_y_b = -0.05510809031835813
slit_defocus = -0.00220229552672298
slit_tilt_x = 1.1346812720520574
slit_tilt_y = -8.568311337963218
slit_tilt_z = -9.003625040749348
d_slit_col = 1594.3039188909936
coll_tilt_x = 0.08644660047342141
coll_tilt_y = -0.02204161712899632
ech_G = 31.610911417588763
ech_blaze = -74.99569498170919
ech_gamma = 1.158128977430792
echelle_z = 0.05724545655925432
d_col_trf = -1588.0162862867853
trf_mirror_tilt_x = 0.12251539616062725
trf_mirror_tilt_y = 0.018684073466715034
d_col_grm = 0.014995986790183453
grism_dec_x = 236.39748013742548
grism_dec_y = -0.005040245338309621
grm_tilt_x = -0.024724968171967596
grm_tilt_y = 2.327399690807638
grm_G = 222.78572408851878
grm_apex = 17.809151474620776
d_grm_cam  = 21.604385017239835
cam_dec_x = -0.2836273474318216
cam_dec_y = 0.28973344415823715
cam_tilt_x = 0.004347935543466675
cam_tilt_y = -0.027801998928966943
d_cam_ff  = -160.5696315247965
ccd_ff_dec_x = -0.0229406544210266
ccd_ff_dec_y = -0.047773943891333624
ccd_ff_tilt_x = 0.16504942226678673
ccd_ff_tilt_y = -0.5895205156776891
ccd_ff_tilt_z = 0.1717386180599561
d_ff_ccd  = -4.785370286200799
ccd_dec_x = 0.5519540558501023
ccd_dec_y = 5.106383113146686
ccd_defocus = 0.31579870406441873
ccd_tilt_x = 0.02139493694912782
ccd_tilt_y = -0.004191483862842031
ccd_tilt_z = 3.446436085729015e-07
p = 1.531181818181818e-05