slit_dec_x_a = -0.1704579073494159
slit_dec_y_a = -0.19610507795718524
slit_dec_x_b = 0.175
slit_dec_y_b = -2.344905551152148e-96
slit_defocus = 0.0055081384155429266
slit_tilt_x = 1.1861263938905053
slit_tilt_y = -8.540065597286706
slit_tilt_z = -8.990868574313701
d_slit_col = 1594.2944403987585
coll_tilt_x = 0.08878025079908908
coll_tilt_y = -0.03166005408088902
ech_G = 31.61067657183964
ech_blaze = -74.97700148959153
ech_gamma = 1.1406360351887734
echelle_z = 0.07517153931466186
d_col_trf = -1588.0185555260114
trf_mirror_tilt_x = 0.1387156094470026
trf_mirror_tilt_y = 0.07757319357016651
d_col_grm = -0.009526306518330299
grism_dec_x = 236.43432977646987
grism_dec_y = 0.034252887414186
grm_tilt_x = -0.01589092864816197
grm_tilt_y = 2.304394840910514
grm_G = 222.8252080578807
grm_apex = 17.81511878460696
d_grm_cam  = 21.608492448656914
cam_dec_x = -0.30211998714659916
cam_dec_y = 0.25036002062217755
cam_tilt_x = -0.01806817413809796
cam_tilt_y = -0.014980493891534734
d_cam_ff  = -160.4009461474993
ccd_ff_dec_x = -0.0035569104378170816
ccd_ff_dec_y = 0.00011976475820226517
ccd_ff_tilt_x = 0.14602774823827083
ccd_ff_tilt_y = -0.5720369882901257
ccd_ff_tilt_z = 0.1725666677539272
d_ff_ccd  = -4.811227206580059
ccd_dec_x = 0.6206436610329867
ccd_dec_y = 5.155279751648148
ccd_defocus = 0.3163177362178819
ccd_tilt_x = 0.007813145706416632
ccd_tilt_y = -0.014020169347007385
ccd_tilt_z = 3.250442998453744e-06
p = 1.2409166666666668e-05