slit_dec_x_a = -0.181778666534
slit_dec_y_a = -0.18243150017
slit_dec_x_b = 0.14512077562974193
slit_dec_y_b = -0.05510809031835813
slit_defocus = -0.0021952826000197663
slit_tilt_x = 1.1347084569746353
slit_tilt_y = -8.56832852612226
slit_tilt_z = -9.003617593742534
d_slit_col = 1594.3039316755362
coll_tilt_x = 0.08648048775565666
coll_tilt_y = -0.022047900391083543
ech_G = 31.610895787145218
ech_blaze = -74.9955411249
ech_gamma = 1.1581554447102116
echelle_z = 0.05690990363342304
d_col_trf = -1588.0163080966472
trf_mirror_tilt_x = 0.12250998398485158
trf_mirror_tilt_y = 0.018746467587357176
d_col_grm = 0.014997270813644976
grism_dec_x = 236.39750724639342
grism_dec_y = -0.005059720486940002
grm_tilt_x = -0.02467731134018083
grm_tilt_y = 2.3273164752409885
grm_G = 222.78588358171737
grm_apex = 17.809133783010154
d_grm_cam  = 21.604578253738197
cam_dec_x = -0.2836101057265163
cam_dec_y = 0.28976328377804916
cam_tilt_x = 0.004301179898140711
cam_tilt_y = -0.027794082986562416
d_cam_ff  = -160.56959861663304
ccd_ff_dec_x = -0.02282060904038581
ccd_ff_dec_y = -0.04777571813359394
ccd_ff_tilt_x = 0.1650218815144666
ccd_ff_tilt_y = -0.5895102719687043
ccd_ff_tilt_z = 0.17185138702428399
d_ff_ccd  = -4.785370002144935
ccd_dec_x = 0.5519045613362724
ccd_dec_y = 5.106476840850345
ccd_defocus = 0.3158297626932896
ccd_tilt_x = 0.021426926625470237
ccd_tilt_y = -0.004231995431546108
ccd_tilt_z = 2.7238140861574253e-07
p = 1.2409166666666668e-05