slit_dec_x_a = -0.181778666534
slit_dec_y_a = -0.18243150017
slit_dec_x_b = 0.14512077562974193
slit_dec_y_b = -0.05510809031835813
slit_defocus = -0.013820972413121189
slit_tilt_x = 1.0540567495709485
slit_tilt_y = -8.559958092485568
slit_tilt_z = -9.026884741400927
d_slit_col = 1594.290246897169
coll_tilt_x = 0.12141967868989569
coll_tilt_y = -0.026519493857835925
ech_G = 31.614569931626544
ech_blaze = -74.99488887134059
ech_gamma = 1.1556363802012894
echelle_z = 0.056996426621861856
d_col_trf = -1588.0163606947465
trf_mirror_tilt_x = 0.007299688567068409
trf_mirror_tilt_y = 0.1554777736237271
d_col_grm = 0.03566756097483274
grism_dec_x = 236.38319075645862
grism_dec_y = 0.009192478849607773
grm_tilt_x = -0.02350331784688943
grm_tilt_y = 2.3257849595052105
grm_G = 222.78407353682746
grm_apex = 17.766491722678083
d_grm_cam  = 21.604705215734022
cam_dec_x = -0.2711791391098534
cam_dec_y = 0.29085741214170113
cam_tilt_x = 0.012383172630056031
cam_tilt_y = 0.008860818503508094
d_cam_ff  = -160.07732688084934
ccd_ff_dec_x = -0.02380003432502676
ccd_ff_dec_y = 0.042034093015052586
ccd_ff_tilt_x = 0.03347947934154878
ccd_ff_tilt_y = -0.5909801779377089
ccd_ff_tilt_z = 0.17191722868739934
d_ff_ccd  = -4.81600907661805
ccd_dec_x = 0.5532963704444763
ccd_dec_y = 5.107632448684154
ccd_defocus = 0.2858341117381056
ccd_tilt_x = 0.03257672757970468
ccd_tilt_y = -0.002138564804111041
ccd_tilt_z = 4.67474929964182e-06
p = 0.0001