slit_dec_x_a = -0.181778666534
slit_dec_y_a = -0.18243150017
slit_dec_x_b = 0.14512077562974193
slit_dec_y_b = -0.05510809031835813
slit_defocus = -0.002195549838253307
slit_tilt_x = 1.1346912656778025
slit_tilt_y = -8.568292596193794
slit_tilt_z = -9.003617240062225
d_slit_col = 1594.3039161269214
coll_tilt_x = 0.08641645213941518
coll_tilt_y = -0.022027183793814364
ech_G = 31.610924948355226
ech_blaze = -74.99579131944486
ech_gamma = 1.158186598585616
echelle_z = 0.05719109822673468
d_col_trf = -1588.0162628166017
trf_mirror_tilt_x = 0.12251631363622272
trf_mirror_tilt_y = 0.018677847857789632
d_col_grm = 0.015009945060012483
grism_dec_x = 236.39749569511994
grism_dec_y = -0.005032017230428051
grm_tilt_x = -0.02471467648218674
grm_tilt_y = 2.3274667578415578
grm_G = 222.78578051901428
grm_apex = 17.80914440882258
d_grm_cam  = 21.604471980431345
cam_dec_x = -0.2836140334249524
cam_dec_y = 0.2897118469528018
cam_tilt_x = 0.004321546194536515
cam_tilt_y = -0.02779206019210726
d_cam_ff  = -160.56975451380748
ccd_ff_dec_x = -0.02282334437591613
ccd_ff_dec_y = -0.04778684711010308
ccd_ff_tilt_x = 0.16504878717279906
ccd_ff_tilt_y = -0.5895617463797267
ccd_ff_tilt_z = 0.17180883340810538
d_ff_ccd  = -4.785383806482096
ccd_dec_x = 0.551922854556512
ccd_dec_y = 5.106378275222769
ccd_defocus = 0.31578918387003024
ccd_tilt_x = 0.021380211967550147
ccd_tilt_y = -0.004192597551850645
ccd_tilt_z = 2.956460216046686e-07
p = 9.785636363636364e-06