slit_dec_x_a = -0.17043383700810297
slit_dec_y_a = -0.1959407749417923
slit_dec_x_b = 0.175
slit_dec_y_b = -2.0361157801857098e-96
slit_defocus = 0.005567990324576097
slit_tilt_x = 1.1860913129449502
slit_tilt_y = -8.53999559755503
slit_tilt_z = -8.990837346509966
d_slit_col = 1594.2944588110552
coll_tilt_x = 0.08862387282708163
coll_tilt_y = -0.03176060954446314
ech_G = 31.610681178123695
ech_blaze = -74.97699708052522
ech_gamma = 1.1404458467681196
echelle_z = 0.0748273282133667
d_col_trf = -1588.018569211538
trf_mirror_tilt_x = 0.13867868901222163
trf_mirror_tilt_y = 0.07758644899579273
d_col_grm = -0.009562211561260907
grism_dec_x = 236.43431287543982
grism_dec_y = 0.03424396237423285
grm_tilt_x = -0.015705453141800964
grm_tilt_y = 2.3043927550850385
grm_G = 222.8251679435092
grm_apex = 17.815115420416188
d_grm_cam  = 21.608474408057642
cam_dec_x = -0.3021614105760466
cam_dec_y = 0.2503691883959089
cam_tilt_x = -0.018642684267061865
cam_tilt_y = -0.015044990679296872
d_cam_ff  = -160.40098068503073
ccd_ff_dec_x = -0.003543404216673788
ccd_ff_dec_y = 0.00017111716666805174
ccd_ff_tilt_x = 0.14601513889913784
ccd_ff_tilt_y = -0.57209320160347
ccd_ff_tilt_z = 0.17260988776899427
d_ff_ccd  = -4.811213634043935
ccd_dec_x = 0.620711834190079
ccd_dec_y = 5.15529662032533
ccd_defocus = 0.3162961702837566
ccd_tilt_x = 0.007734191842457946
ccd_tilt_y = -0.014012624867993555
ccd_tilt_z = 3.1265292316883298e-06
p = 9.785636363636364e-06