slit_dec_x_a = -0.181778666534
slit_dec_y_a = -0.18243150017
slit_dec_x_b = 0.14512077562974193
slit_dec_y_b = -0.05510809031835813
slit_defocus = -0.002222481287409943
slit_tilt_x = 1.1347043353829778
slit_tilt_y = -8.568374960000089
slit_tilt_z = -9.003581388713998
d_slit_col = 1594.303958340648
coll_tilt_x = 0.08648632645294367
coll_tilt_y = -0.022048431105740507
ech_G = 31.610933259417358
ech_blaze = -74.99580404964763
ech_gamma = 1.1582478285480804
echelle_z = 0.056619908291381194
d_col_trf = -1588.0162517678405
trf_mirror_tilt_x = 0.12246876856479973
trf_mirror_tilt_y = 0.018706576842169195
d_col_grm = 0.014943353460649194
grism_dec_x = 236.39748995392836
grism_dec_y = -0.005068200455595818
grm_tilt_x = -0.024734918217869002
grm_tilt_y = 2.327385651053467
grm_G = 222.7858955953463
grm_apex = 17.809064720366862
d_grm_cam  = 21.604886505112805
cam_dec_x = -0.28363912925913504
cam_dec_y = 0.28975465671583767
cam_tilt_x = 0.004354791509308867
cam_tilt_y = -0.027774274936752247
d_cam_ff  = -160.56967919249846
ccd_ff_dec_x = -0.022755539795226234
ccd_ff_dec_y = -0.047784317565305066
ccd_ff_tilt_x = 0.16502422710338213
ccd_ff_tilt_y = -0.5893726263105024
ccd_ff_tilt_z = 0.17183679516676587
d_ff_ccd  = -4.785425493107167
ccd_dec_x = 0.5518774515937966
ccd_dec_y = 5.106347285301775
ccd_defocus = 0.31585563576289044
ccd_tilt_x = 0.021364046489306055
ccd_tilt_y = -0.0041745006090584645
ccd_tilt_z = 2.446353759577065e-07
p = 2.15175e-06