slit_dec_x_a = -0.181778666534
slit_dec_y_a = -0.18243150017
slit_dec_x_b = 0.14512077562974193
slit_dec_y_b = -0.05510809031835813
slit_defocus = -0.013832889571456541
slit_tilt_x = 1.0541138038894868
slit_tilt_y = -8.560038106092637
slit_tilt_z = -9.026865418458584
d_slit_col = 1594.2902587532242
coll_tilt_x = 0.12146407336703367
coll_tilt_y = -0.026534866350177478
ech_G = 31.614569933114886
ech_blaze = -74.99488805579453
ech_gamma = 1.1556389109015286
echelle_z = 0.05700306139804502
d_col_trf = -1588.0163623423266
trf_mirror_tilt_x = 0.00736462845631882
trf_mirror_tilt_y = 0.15545256844256816
d_col_grm = 0.03573547855350181
grism_dec_x = 236.38322904755208
grism_dec_y = 0.009236050999111081
grm_tilt_x = -0.023502915893568965
grm_tilt_y = 2.325792378789437
grm_G = 222.7840721422236
grm_apex = 17.766447928339087
d_grm_cam  = 21.604700349849704
cam_dec_x = -0.2711389593078584
cam_dec_y = 0.29093751293346587
cam_tilt_x = 0.01241339814588389
cam_tilt_y = 0.008863009249485795
d_cam_ff  = -160.0770315039954
ccd_ff_dec_x = -0.023803790992357056
ccd_ff_dec_y = 0.04210707847917979
ccd_ff_tilt_x = 0.0334773235743922
ccd_ff_tilt_y = -0.5909770093934483
ccd_ff_tilt_z = 0.1719155051106809
d_ff_ccd  = -4.815977298956219
ccd_dec_x = 0.5532933015427854
ccd_dec_y = 5.107634238862428
ccd_defocus = 0.28579690948934666
ccd_tilt_x = 0.03267134012983541
ccd_tilt_y = -0.002152605258971315
ccd_tilt_z = 4.634916995361466e-06
p = 0.0001