slit_dec_x_a = -0.1704010755187174
slit_dec_y_a = -0.1956586180351446
slit_dec_x_b = 0.175
slit_dec_y_b = -1.8370230810938436e-96
slit_defocus = 0.02136327033756408
slit_tilt_x = 1.114062524651227
slit_tilt_y = -8.538448409337633
slit_tilt_z = -8.991633478676308
d_slit_col = 1594.309969553885
coll_tilt_x = 0.11316050057428459
coll_tilt_y = -0.0289393172816013
ech_G = 31.613231320611067
ech_blaze = -74.9748355503825
ech_gamma = 1.138977472587979
echelle_z = 0.07476765871591202
d_col_trf = -1588.0172325449723
trf_mirror_tilt_x = 0.026379016946446718
trf_mirror_tilt_y = 0.16220024898285415
d_col_grm = -0.004866644988226346
grism_dec_x = 236.423372265795
grism_dec_y = 0.03823342774443697
grm_tilt_x = -0.014063040558744138
grm_tilt_y = 2.305271052081643
grm_G = 222.8240060631347
grm_apex = 17.79102070491161
d_grm_cam  = 21.609820085891705
cam_dec_x = -0.30951254512450965
cam_dec_y = 0.24723993325937285
cam_tilt_x = -0.011077716596444152
cam_tilt_y = 0.003773841227482266
d_cam_ff  = -160.05739250629128
ccd_ff_dec_x = -0.0025999356776465494
ccd_ff_dec_y = 0.053033326831626176
ccd_ff_tilt_x = 0.019504266082645324
ccd_ff_tilt_y = -0.5728077722519643
ccd_ff_tilt_z = 0.1800529827789692
d_ff_ccd  = -4.838915976143455
ccd_dec_x = 0.6214042172823989
ccd_dec_y = 5.157152455195906
ccd_defocus = 0.2806939119920546
ccd_tilt_x = 0.005051885392024036
ccd_tilt_y = -0.010924648609204486
ccd_tilt_z = 5.06595694609118e-06
p = 0.0001