slit_dec_x_a = -0.17042357793773255
slit_dec_y_a = -0.19601287079803306
slit_dec_x_b = 0.175
slit_dec_y_b = -1.9172226667925754e-96
slit_defocus = 0.005571683954253726
slit_tilt_x = 1.1861237074301343
slit_tilt_y = -8.540003600990879
slit_tilt_z = -8.990851297866167
d_slit_col = 1594.2944271572806
coll_tilt_x = 0.08864851705061051
coll_tilt_y = -0.0317966886678734
ech_G = 31.610686410394084
ech_blaze = -74.97709956495531
ech_gamma = 1.140439011716294
echelle_z = 0.0749256229547614
d_col_trf = -1588.0185627019034
trf_mirror_tilt_x = 0.13869274374501397
trf_mirror_tilt_y = 0.07760437001886865
d_col_grm = -0.009533365917631424
grism_dec_x = 236.43428107836564
grism_dec_y = 0.03425094584500218
grm_tilt_x = -0.01574808258113379
grm_tilt_y = 2.3043721278474996
grm_G = 222.825177679677
grm_apex = 17.81509678391349
d_grm_cam  = 21.608485350826417
cam_dec_x = -0.3021385934299334
cam_dec_y = 0.2503645693707667
cam_tilt_x = -0.018448146720154917
cam_tilt_y = -0.015016608830963337
d_cam_ff  = -160.400982104738
ccd_ff_dec_x = -0.0035419834085260657
ccd_ff_dec_y = 0.00016047578970931203
ccd_ff_tilt_x = 0.14600575213502073
ccd_ff_tilt_y = -0.5721184963478261
ccd_ff_tilt_z = 0.1725782317865293
d_ff_ccd  = -4.811249350506665
ccd_dec_x = 0.6206696923508292
ccd_dec_y = 5.155294394083798
ccd_defocus = 0.31630193336050466
ccd_tilt_x = 0.007764952709025541
ccd_tilt_y = -0.014022565814319446
ccd_tilt_z = 3.1602829105765e-06
p = 1.6994166666666664e-05