slit_dec_x_a = -0.181778666534
slit_dec_y_a = -0.18243150017
slit_dec_x_b = 0.14512077562974193
slit_dec_y_b = -0.05510809031835813
slit_defocus = -0.002216470930533741
slit_tilt_x = 1.1346821194778214
slit_tilt_y = -8.56830344406418
slit_tilt_z = -9.003626442207079
d_slit_col = 1594.3039217908604
coll_tilt_x = 0.08642979088360372
coll_tilt_y = -0.022035566574984417
ech_G = 31.610921177801796
ech_blaze = -74.99574572866717
ech_gamma = 1.1581485734200048
echelle_z = 0.05721718432201993
d_col_trf = -1588.0162398815373
trf_mirror_tilt_x = 0.12250551546535757
trf_mirror_tilt_y = 0.018680738835975746
d_col_grm = 0.01499060181380316
grism_dec_x = 236.39748463231518
grism_dec_y = -0.005047235182662822
grm_tilt_x = -0.024785612853512252
grm_tilt_y = 2.3274288916836308
grm_G = 222.7857079361302
grm_apex = 17.809174588720843
d_grm_cam  = 21.604399842837122
cam_dec_x = -0.2836363098607474
cam_dec_y = 0.28972216620329944
cam_tilt_x = 0.004345902406381313
cam_tilt_y = -0.02780703382686876
d_cam_ff  = -160.56962019633872
ccd_ff_dec_x = -0.022958994613950658
ccd_ff_dec_y = -0.04778512625633406
ccd_ff_tilt_x = 0.16504062794609434
ccd_ff_tilt_y = -0.5895442375520181
ccd_ff_tilt_z = 0.1717805604786108
d_ff_ccd  = -4.78535962309639
ccd_dec_x = 0.5520047890519796
ccd_dec_y = 5.106398668557767
ccd_defocus = 0.3158045574484109
ccd_tilt_x = 0.02140843398553442
ccd_tilt_y = -0.004187515983265166
ccd_tilt_z = 3.0936006712705186e-07
p = 1.6994166666666664e-05