slit_dec_x_a = -0.1704010755187174
slit_dec_y_a = -0.1956586180351446
slit_dec_x_b = 0.175
slit_dec_y_b = -1.81208739412184e-96
slit_defocus = 0.021383345434047824
slit_tilt_x = 1.114032369738982
slit_tilt_y = -8.538516949708788
slit_tilt_z = -8.991637320863115
d_slit_col = 1594.3099745121299
coll_tilt_x = 0.11318731708763194
coll_tilt_y = -0.02887793533436573
ech_G = 31.613231049694193
ech_blaze = -74.97482998336132
ech_gamma = 1.1389742383323682
echelle_z = 0.07477215410246761
d_col_trf = -1588.0172373782302
trf_mirror_tilt_x = 0.026332296032766992
trf_mirror_tilt_y = 0.1622282410537594
d_col_grm = -0.004834954366911954
grism_dec_x = 236.42327627419894
grism_dec_y = 0.03816172328495209
grm_tilt_x = -0.014052985065207621
grm_tilt_y = 2.305275298389801
grm_G = 222.8240136558604
grm_apex = 17.791054086903944
d_grm_cam  = 21.609821792590356
cam_dec_x = -0.309467412067172
cam_dec_y = 0.24729653851502156
cam_tilt_x = -0.011063574252390398
cam_tilt_y = 0.0037540675511808968
d_cam_ff  = -160.05748918103262
ccd_ff_dec_x = -0.002605441273165157
ccd_ff_dec_y = 0.05302686184257286
ccd_ff_tilt_x = 0.019597870094021974
ccd_ff_tilt_y = -0.5727984497999153
ccd_ff_tilt_z = 0.1800408854170078
d_ff_ccd  = -4.8389581471948615
ccd_dec_x = 0.6213987097463561
ccd_dec_y = 5.157148297382986
ccd_defocus = 0.2806784590797126
ccd_tilt_x = 0.005026042841088645
ccd_tilt_y = -0.010888538711797175
ccd_tilt_z = 5.081114674780814e-06
p = 0.0001