slit_dec_x_a = -0.17046073625691835
slit_dec_y_a = -0.1960642501326388
slit_dec_x_b = 0.175
slit_dec_y_b = -1.9419034104626123e-96
slit_defocus = 0.00556415405988467
slit_tilt_x = 1.1861337496092934
slit_tilt_y = -8.540027327379837
slit_tilt_z = -8.990871221880218
d_slit_col = 1594.2944280752324
coll_tilt_x = 0.08875753470022729
coll_tilt_y = -0.03176195176301966
ech_G = 31.61069402983627
ech_blaze = -74.97715372980038
ech_gamma = 1.1405126296205732
echelle_z = 0.07496622518704237
d_col_trf = -1588.0185542686547
trf_mirror_tilt_x = 0.13871499161549602
trf_mirror_tilt_y = 0.07759223142352971
d_col_grm = -0.009525017303339083
grism_dec_x = 236.4342988060301
grism_dec_y = 0.034236801138685144
grm_tilt_x = -0.01578376991634833
grm_tilt_y = 2.304366266232397
grm_G = 222.8251944577304
grm_apex = 17.815110208231136
d_grm_cam  = 21.608479136895856
cam_dec_x = -0.3021340854102562
cam_dec_y = 0.25038429475302093
cam_tilt_x = -0.018220201963693877
cam_tilt_y = -0.015036475548603162
d_cam_ff  = -160.40095585641274
ccd_ff_dec_x = -0.0035434236090158915
ccd_ff_dec_y = 0.0001384497027741155
ccd_ff_tilt_x = 0.14598461118069833
ccd_ff_tilt_y = -0.5720585549648496
ccd_ff_tilt_z = 0.17256522379258182
d_ff_ccd  = -4.811227480837024
ccd_dec_x = 0.62065168437444
ccd_dec_y = 5.155253368046073
ccd_defocus = 0.3163243123069266
ccd_tilt_x = 0.007745305032576255
ccd_tilt_y = -0.014004494058133792
ccd_tilt_z = 3.2221026941086594e-06
p = 3.77725e-06