slit_dec_x_a = -0.181778666534
slit_dec_y_a = -0.18243150017
slit_dec_x_b = 0.14512077562974193
slit_dec_y_b = -0.05510809031835813
slit_defocus = -0.0021827761630075753
slit_tilt_x = 1.1347025685228933
slit_tilt_y = -8.568286112473292
slit_tilt_z = -9.003626172787493
d_slit_col = 1594.3039214518653
coll_tilt_x = 0.08643278069407415
coll_tilt_y = -0.022054303562446576
ech_G = 31.610896395290357
ech_blaze = -74.99559536385827
ech_gamma = 1.1581885441133712
echelle_z = 0.057137618592264516
d_col_trf = -1588.0162838293188
trf_mirror_tilt_x = 0.12250968238153133
trf_mirror_tilt_y = 0.018693582126581877
d_col_grm = 0.014981219073974683
grism_dec_x = 236.39748867188948
grism_dec_y = -0.005043615530894286
grm_tilt_x = -0.02477955732358851
grm_tilt_y = 2.327439411971278
grm_G = 222.78567205208392
grm_apex = 17.80917931704272
d_grm_cam  = 21.604526714879803
cam_dec_x = -0.28364799802631313
cam_dec_y = 0.2897264207717422
cam_tilt_x = 0.004370609452887328
cam_tilt_y = -0.027789513993408777
d_cam_ff  = -160.56955240313633
ccd_ff_dec_x = -0.02305452942963575
ccd_ff_dec_y = -0.04778522385828104
ccd_ff_tilt_x = 0.16502199095729567
ccd_ff_tilt_y = -0.5896700809050924
ccd_ff_tilt_z = 0.17179345099895021
d_ff_ccd  = -4.785367446017604
ccd_dec_x = 0.5519134027632903
ccd_dec_y = 5.10664014556669
ccd_defocus = 0.31583742589127983
ccd_tilt_x = 0.021429832381408595
ccd_tilt_y = -0.004223271893344462
ccd_tilt_z = 3.1337939153895534e-07
p = 3.77725e-06