slit_dec_x_a = -0.1704010755187174
slit_dec_y_a = -0.1956586180351446
slit_dec_x_b = 0.175
slit_dec_y_b = -1.818721087034215e-96
slit_defocus = 0.02140011169328571
slit_tilt_x = 1.113996889436283
slit_tilt_y = -8.538443649519674
slit_tilt_z = -8.991684674770626
d_slit_col = 1594.3099674053353
coll_tilt_x = 0.11313956680717123
coll_tilt_y = -0.028917799391243455
ech_G = 31.613227724625144
ech_blaze = -74.97482575882513
ech_gamma = 1.1389770608241265
echelle_z = 0.07477102294588753
d_col_trf = -1588.0172227847952
trf_mirror_tilt_x = 0.02632037395202547
trf_mirror_tilt_y = 0.16226283875482608
d_col_grm = -0.004808928799943459
grism_dec_x = 236.42335598304317
grism_dec_y = 0.03818439687654743
grm_tilt_x = -0.014048306806480717
grm_tilt_y = 2.3052706332163777
grm_G = 222.82400097589047
grm_apex = 17.791071290296397
d_grm_cam  = 21.609820037482645
cam_dec_x = -0.3095372094626237
cam_dec_y = 0.24728036576650456
cam_tilt_x = -0.011093785564159856
cam_tilt_y = 0.003797566456364524
d_cam_ff  = -160.0577775320501
ccd_ff_dec_x = -0.0026027711134836164
ccd_ff_dec_y = 0.05307464573837874
ccd_ff_tilt_x = 0.01955896392659127
ccd_ff_tilt_y = -0.5728075679762471
ccd_ff_tilt_z = 0.18004966823193094
d_ff_ccd  = -4.8389281522683065
ccd_dec_x = 0.6214030900652834
ccd_dec_y = 5.157152360206221
ccd_defocus = 0.2807156055515085
ccd_tilt_x = 0.005047438751092178
ccd_tilt_y = -0.01100179309371848
ccd_tilt_z = 5.0750676946591854e-06
p = 0.0001