slit_dec_x_a = -0.181778666534
slit_dec_y_a = -0.18243150017
slit_dec_x_b = 0.14512077562974193
slit_dec_y_b = -0.05510809031835813
slit_defocus = -0.013814346782577772
slit_tilt_x = 1.0540872931151395
slit_tilt_y = -8.55998677984717
slit_tilt_z = -9.026875332642039
d_slit_col = 1594.2903339712848
coll_tilt_x = 0.1214062149662804
coll_tilt_y = -0.026509174978557204
ech_G = 31.614569059890037
ech_blaze = -74.9948958534683
ech_gamma = 1.1556361523385594
echelle_z = 0.05700727786837898
d_col_trf = -1588.01636417624
trf_mirror_tilt_x = 0.007275670351527941
trf_mirror_tilt_y = 0.15547542346941728
d_col_grm = 0.03567676005316896
grism_dec_x = 236.38321687900134
grism_dec_y = 0.0092143638948777
grm_tilt_x = -0.02350857224985811
grm_tilt_y = 2.325789446477177
grm_G = 222.7840761727136
grm_apex = 17.76654836783833
d_grm_cam  = 21.604705238232846
cam_dec_x = -0.2710974649579428
cam_dec_y = 0.2908949009799462
cam_tilt_x = 0.012371337130026494
cam_tilt_y = 0.008815501942810295
d_cam_ff  = -160.07725821997838
ccd_ff_dec_x = -0.023803324468213892
ccd_ff_dec_y = 0.04200932198481021
ccd_ff_tilt_x = 0.03347140639140026
ccd_ff_tilt_y = -0.5909748181265532
ccd_ff_tilt_z = 0.17191443748825433
d_ff_ccd  = -4.815980609110908
ccd_dec_x = 0.5532972092883787
ccd_dec_y = 5.107629804410985
ccd_defocus = 0.2857992418672549
ccd_tilt_x = 0.03248473592133331
ccd_tilt_y = -0.002182297461190078
ccd_tilt_z = 4.688195939960555e-06
p = 0.0001