slit_dec_x_a = -0.17042894230819441
slit_dec_y_a = -0.19590778017277383
slit_dec_x_b = 0.175
slit_dec_y_b = -2.0432384323145048e-96
slit_defocus = 0.005576300466580841
slit_tilt_x = 1.186101768632706
slit_tilt_y = -8.539994829735635
slit_tilt_z = -8.990838577915715
d_slit_col = 1594.2944463749363
coll_tilt_x = 0.08863248565271552
coll_tilt_y = -0.031769382677153124
ech_G = 31.610679829734334
ech_blaze = -74.97701853948615
ech_gamma = 1.1404552853184449
echelle_z = 0.07484066245519151
d_col_trf = -1588.018572615651
trf_mirror_tilt_x = 0.13868283466431644
trf_mirror_tilt_y = 0.0775801375662152
d_col_grm = -0.009559614577217124
grism_dec_x = 236.43430555122671
grism_dec_y = 0.03424441699798765
grm_tilt_x = -0.015720979414191445
grm_tilt_y = 2.304387325676395
grm_G = 222.8251791544106
grm_apex = 17.81511484056351
d_grm_cam  = 21.60848245435684
cam_dec_x = -0.30215199848215996
cam_dec_y = 0.2503661628394618
cam_tilt_x = -0.018578698756612215
cam_tilt_y = -0.015038316386147452
d_cam_ff  = -160.40098464264108
ccd_ff_dec_x = -0.003556099220831032
ccd_ff_dec_y = 0.0001626953435166606
ccd_ff_tilt_x = 0.14600940165429482
ccd_ff_tilt_y = -0.5720969923772206
ccd_ff_tilt_z = 0.172603185731929
d_ff_ccd  = -4.811220546710815
ccd_dec_x = 0.6206941505233138
ccd_dec_y = 5.155295956692648
ccd_defocus = 0.3162951392528894
ccd_tilt_x = 0.007733444320124432
ccd_tilt_y = -0.014006537323599617
ccd_tilt_z = 3.128971909354791e-06
p = 1.3732727272727274e-05