slit_dec_x_a = -0.181778666534
slit_dec_y_a = -0.18243150017
slit_dec_x_b = 0.14512077562974193
slit_dec_y_b = -0.05510809031835813
slit_defocus = -0.0022113395140897045
slit_tilt_x = 1.134687690497605
slit_tilt_y = -8.568296754190524
slit_tilt_z = -9.003627419485662
d_slit_col = 1594.30391579181
coll_tilt_x = 0.08643132128006026
coll_tilt_y = -0.022036449138387097
ech_G = 31.610916871154156
ech_blaze = -74.99574291465345
ech_gamma = 1.158167208903474
echelle_z = 0.05716409108715547
d_col_trf = -1588.0162751993632
trf_mirror_tilt_x = 0.12252634382563991
trf_mirror_tilt_y = 0.018680918188178255
d_col_grm = 0.01499577111938955
grism_dec_x = 236.39748976579034
grism_dec_y = -0.005037121371639731
grm_tilt_x = -0.024709215986155126
grm_tilt_y = 2.327444117325326
grm_G = 222.7856658374628
grm_apex = 17.809142100064125
d_grm_cam  = 21.604490431724088
cam_dec_x = -0.28361893343323774
cam_dec_y = 0.28972477626802245
cam_tilt_x = 0.004335483828354345
cam_tilt_y = -0.027804687154800643
d_cam_ff  = -160.5697590019983
ccd_ff_dec_x = -0.022905636540351045
ccd_ff_dec_y = -0.04778456431631228
ccd_ff_tilt_x = 0.16506384722707315
ccd_ff_tilt_y = -0.5895329855160623
ccd_ff_tilt_z = 0.17178640764812755
d_ff_ccd  = -4.78537216566157
ccd_dec_x = 0.5519477354009481
ccd_dec_y = 5.106389174107524
ccd_defocus = 0.31578088891321626
ccd_tilt_x = 0.02138614418818505
ccd_tilt_y = -0.004197065257469816
ccd_tilt_z = 3.164737793228082e-07
p = 1.3732727272727274e-05