slit_dec_x_a = -0.181778666534
slit_dec_y_a = -0.18243150017
slit_dec_x_b = 0.14512077562974193
slit_dec_y_b = -0.05510809031835813
slit_defocus = -0.002210130712169932
slit_tilt_x = 1.1346960850044676
slit_tilt_y = -8.568227965641617
slit_tilt_z = -9.003662912672278
d_slit_col = 1594.3039066808137
coll_tilt_x = 0.08643802311794063
coll_tilt_y = -0.022070669661869564
ech_G = 31.610881909059636
ech_blaze = -74.99552611481883
ech_gamma = 1.1581176019973851
echelle_z = 0.05740974554329744
d_col_trf = -1588.0163462848795
trf_mirror_tilt_x = 0.12253262180252
trf_mirror_tilt_y = 0.018678680639033628
d_col_grm = 0.015046288443353184
grism_dec_x = 236.39746932337403
grism_dec_y = -0.005012955097689122
grm_tilt_x = -0.02479949287173976
grm_tilt_y = 2.3272748128900616
grm_G = 222.78575795191134
grm_apex = 17.80916191915677
d_grm_cam  = 21.604323382458215
cam_dec_x = -0.2836129541454011
cam_dec_y = 0.28971728550586506
cam_tilt_x = 0.004358992605052351
cam_tilt_y = -0.027792478921881462
d_cam_ff  = -160.56972174883794
ccd_ff_dec_x = -0.02274663554525734
ccd_ff_dec_y = -0.04780236695976413
ccd_ff_tilt_x = 0.16503214154779514
ccd_ff_tilt_y = -0.5897386057214796
ccd_ff_tilt_z = 0.1717581756218192
d_ff_ccd  = -4.785365718398235
ccd_dec_x = 0.5519677045368002
ccd_dec_y = 5.106218741927923
ccd_defocus = 0.3157517482520604
ccd_tilt_x = 0.021387718870195655
ccd_tilt_y = -0.004215120644704676
ccd_tilt_z = 3.36236255464195e-07
p = 2.8530833333333336e-06