slit_dec_x_a = -0.17041439351328483
slit_dec_y_a = -0.19600802266562528
slit_dec_x_b = 0.175
slit_dec_y_b = -1.7960672275824642e-96
slit_defocus = 0.005560585915721719
slit_tilt_x = 1.1861566302189819
slit_tilt_y = -8.539991300881649
slit_tilt_z = -8.990837334198995
d_slit_col = 1594.2944631913622
coll_tilt_x = 0.08878783384174734
coll_tilt_y = -0.031768349858892736
ech_G = 31.610655415225054
ech_blaze = -74.97672708527953
ech_gamma = 1.1405004331858974
echelle_z = 0.07485983805826704
d_col_trf = -1588.0185319839939
trf_mirror_tilt_x = 0.13866173960023495
trf_mirror_tilt_y = 0.07758408239352875
d_col_grm = -0.009549847474343159
grism_dec_x = 236.43432787672808
grism_dec_y = 0.0341966391046521
grm_tilt_x = -0.01567679828103952
grm_tilt_y = 2.3043667291627608
grm_G = 222.82518670821037
grm_apex = 17.815101472065905
d_grm_cam  = 21.608462021452457
cam_dec_x = -0.3021576539067418
cam_dec_y = 0.25034756455561036
cam_tilt_x = -0.018648659509024997
cam_tilt_y = -0.015047007760149458
d_cam_ff  = -160.40095561422456
ccd_ff_dec_x = -0.003502390558909979
ccd_ff_dec_y = 0.00018474525342501732
ccd_ff_tilt_x = 0.14603225007539647
ccd_ff_tilt_y = -0.5720577424901073
ccd_ff_tilt_z = 0.17259236873328812
d_ff_ccd  = -4.81125192660483
ccd_dec_x = 0.620677880287845
ccd_dec_y = 5.1553050206455735
ccd_defocus = 0.31631941744763414
ccd_tilt_x = 0.0077405506341734626
ccd_tilt_y = -0.014051883504772898
ccd_tilt_z = 3.1250849459186355e-06
p = 2.8530833333333336e-06