slit_dec_x_a = -0.181778666534
slit_dec_y_a = -0.18243150017
slit_dec_x_b = 0.14512077562974193
slit_dec_y_b = -0.05510809031835813
slit_defocus = -0.013794016975869268
slit_tilt_x = 1.0539990568804838
slit_tilt_y = -8.559947609917714
slit_tilt_z = -9.026846794831204
d_slit_col = 1594.290243331594
coll_tilt_x = 0.1214363731846178
coll_tilt_y = -0.026516068643847222
ech_G = 31.614563794359313
ech_blaze = -74.99489006706693
ech_gamma = 1.1556396119747077
echelle_z = 0.057007689840116366
d_col_trf = -1588.0163614227545
trf_mirror_tilt_x = 0.007366463276981389
trf_mirror_tilt_y = 0.15545604936241902
d_col_grm = 0.03564020762163024
grism_dec_x = 236.3831764645918
grism_dec_y = 0.009280339679140947
grm_tilt_x = -0.023508511433877322
grm_tilt_y = 2.325787389307744
grm_G = 222.78407044407342
grm_apex = 17.766527257648548
d_grm_cam  = 21.604696653164417
cam_dec_x = -0.2710780314629128
cam_dec_y = 0.290840891616373
cam_tilt_x = 0.012499667581107307
cam_tilt_y = 0.008807939482057629
d_cam_ff  = -160.07688997065756
ccd_ff_dec_x = -0.023803587331295728
ccd_ff_dec_y = 0.0420620963589151
ccd_ff_tilt_x = 0.03343539836921849
ccd_ff_tilt_y = -0.5909820753576256
ccd_ff_tilt_z = 0.1719127568338218
d_ff_ccd  = -4.8159860381872015
ccd_dec_x = 0.5533023084836572
ccd_dec_y = 5.1076290273652845
ccd_defocus = 0.2858072772301708
ccd_tilt_x = 0.03258205605782647
ccd_tilt_y = -0.0021751516380171905
ccd_tilt_z = 4.7438372217876395e-06
p = 0.0001