slit_dec_x_a = -0.17041980563381218
slit_dec_y_a = -0.19587428950189958
slit_dec_x_b = 0.175
slit_dec_y_b = -2.3375143218269266e-96
slit_defocus = 0.005515659763157318
slit_tilt_x = 1.1861326527202283
slit_tilt_y = -8.540107962371152
slit_tilt_z = -8.990837561327725
d_slit_col = 1594.2944459061418
coll_tilt_x = 0.08853638591731286
coll_tilt_y = -0.03177970837384676
ech_G = 31.610659636715564
ech_blaze = -74.9770613751529
ech_gamma = 1.1404769059113462
echelle_z = 0.07534014105329515
d_col_trf = -1588.018578132756
trf_mirror_tilt_x = 0.13868037442761263
trf_mirror_tilt_y = 0.07753786451703283
d_col_grm = -0.009520341309235292
grism_dec_x = 236.4343268748105
grism_dec_y = 0.03423804105091422
grm_tilt_x = -0.015859117210532972
grm_tilt_y = 2.304349680167512
grm_G = 222.825204283076
grm_apex = 17.815131386687707
d_grm_cam  = 21.60849519278841
cam_dec_x = -0.30211894648458176
cam_dec_y = 0.2503624071716077
cam_tilt_x = -0.01828788416704691
cam_tilt_y = -0.015010561083531142
d_cam_ff  = -160.40097223971253
ccd_ff_dec_x = -0.0035537634047661405
ccd_ff_dec_y = 0.0001691486189952682
ccd_ff_tilt_x = 0.14602777073806164
ccd_ff_tilt_y = -0.5720207492342608
ccd_ff_tilt_z = 0.17254254606432518
d_ff_ccd  = -4.811248143142064
ccd_dec_x = 0.6206718107850282
ccd_dec_y = 5.15528246481224
ccd_defocus = 0.31632437607887304
ccd_tilt_x = 0.0077943897723926955
ccd_tilt_y = -0.013986523266176288
ccd_tilt_z = 3.279037101137958e-06
p = 9.384363636363636e-06