slit_dec_x_a = -0.181778666534
slit_dec_y_a = -0.18243150017
slit_dec_x_b = 0.14512077562974193
slit_dec_y_b = -0.05510809031835813
slit_defocus = -0.002203926897982177
slit_tilt_x = 1.1346683030130331
slit_tilt_y = -8.568371931445022
slit_tilt_z = -9.003619437345234
d_slit_col = 1594.3039757414283
coll_tilt_x = 0.08645193910465207
coll_tilt_y = -0.02206454150052331
ech_G = 31.610881142036575
ech_blaze = -74.99548899094536
ech_gamma = 1.1581592087760018
echelle_z = 0.05673696825057192
d_col_trf = -1588.0164225130407
trf_mirror_tilt_x = 0.12252978107271188
trf_mirror_tilt_y = 0.018704635453178377
d_col_grm = 0.01498978107281993
grism_dec_x = 236.39746989451848
grism_dec_y = -0.005066214129120791
grm_tilt_x = -0.0246453160576816
grm_tilt_y = 2.327331668805982
grm_G = 222.78576522367618
grm_apex = 17.809095248244233
d_grm_cam  = 21.604740034490764
cam_dec_x = -0.28362525527066984
cam_dec_y = 0.28976209838151307
cam_tilt_x = 0.0043255823332166285
cam_tilt_y = -0.02778866086201541
d_cam_ff  = -160.56959730572262
ccd_ff_dec_x = -0.022901206450001585
ccd_ff_dec_y = -0.04777945533219222
ccd_ff_tilt_x = 0.16505335840856614
ccd_ff_tilt_y = -0.589321931568744
ccd_ff_tilt_z = 0.17186678779566117
d_ff_ccd  = -4.785359675415849
ccd_dec_x = 0.5518405229752846
ccd_dec_y = 5.106423000286843
ccd_defocus = 0.3158297279283103
ccd_tilt_x = 0.02139094048410458
ccd_tilt_y = -0.004226217950020819
ccd_tilt_z = 2.3814870113316956e-07
p = 9.384363636363636e-06