slit_dec_x_a = -0.181778666534
slit_dec_y_a = -0.18243150017
slit_dec_x_b = 0.14512077562974193
slit_dec_y_b = -0.05510809031835813
slit_defocus = -0.013865887391949357
slit_tilt_x = 1.0540645324242766
slit_tilt_y = -8.559971117167517
slit_tilt_z = -9.026847265767096
d_slit_col = 1594.2902965011115
coll_tilt_x = 0.12152233316870868
coll_tilt_y = -0.026443140995010894
ech_G = 31.61456619012828
ech_blaze = -74.99488841694183
ech_gamma = 1.1556411325392504
echelle_z = 0.05699577358538567
d_col_trf = -1588.0163676031452
trf_mirror_tilt_x = 0.007335736189806414
trf_mirror_tilt_y = 0.15539100999381006
d_col_grm = 0.035645886042006095
grism_dec_x = 236.38322679511498
grism_dec_y = 0.009238255125121107
grm_tilt_x = -0.02350716864699662
grm_tilt_y = 2.3257893363021642
grm_G = 222.78406960248267
grm_apex = 17.766460641867035
d_grm_cam  = 21.604700441192325
cam_dec_x = -0.2711822957598063
cam_dec_y = 0.29092552212412254
cam_tilt_x = 0.012442396190693194
cam_tilt_y = 0.008867177571925889
d_cam_ff  = -160.07696234200446
ccd_ff_dec_x = -0.02379967020459764
ccd_ff_dec_y = 0.042070381257428104
ccd_ff_tilt_x = 0.033519338196898056
ccd_ff_tilt_y = -0.5909799281570252
ccd_ff_tilt_z = 0.17191894597450566
d_ff_ccd  = -4.8159881260603825
ccd_dec_x = 0.5532932049960921
ccd_dec_y = 5.1076308507377055
ccd_defocus = 0.2857347005365687
ccd_tilt_x = 0.032614843422276336
ccd_tilt_y = -0.0021777580717750235
ccd_tilt_z = 4.599060734270096e-06
p = 0.0001