slit_dec_x_a = -0.1704010755187174
slit_dec_y_a = -0.1956586180351446
slit_dec_x_b = 0.175
slit_dec_y_b = -1.8149707009390068e-96
slit_defocus = 0.02136405844335914
slit_tilt_x = 1.1140309605912087
slit_tilt_y = -8.538414077730717
slit_tilt_z = -8.99162789714852
d_slit_col = 1594.3099473808268
coll_tilt_x = 0.11325543492247085
coll_tilt_y = -0.028896741846792598
ech_G = 31.613232398641365
ech_blaze = -74.97483437380293
ech_gamma = 1.1389745684389068
echelle_z = 0.0747694769055547
d_col_trf = -1588.0172361249627
trf_mirror_tilt_x = 0.026328181962544547
trf_mirror_tilt_y = 0.1622264484666493
d_col_grm = -0.0048905376868662465
grism_dec_x = 236.42330012935707
grism_dec_y = 0.0382318922357104
grm_tilt_x = -0.014053798329718528
grm_tilt_y = 2.3052702790857493
grm_G = 222.82400779457635
grm_apex = 17.79100883069948
d_grm_cam  = 21.60981473378278
cam_dec_x = -0.3095161261786817
cam_dec_y = 0.24730838578005465
cam_tilt_x = -0.011080004114978514
cam_tilt_y = 0.003827841436594401
d_cam_ff  = -160.0578224134745
ccd_ff_dec_x = -0.0025944045652263525
ccd_ff_dec_y = 0.05301831005985443
ccd_ff_tilt_x = 0.019560200695838612
ccd_ff_tilt_y = -0.5728031348661006
ccd_ff_tilt_z = 0.18005382078742244
d_ff_ccd  = -4.838914671467825
ccd_dec_x = 0.6214048534680341
ccd_dec_y = 5.157150271493659
ccd_defocus = 0.28072905425553546
ccd_tilt_x = 0.0050183660202219845
ccd_tilt_y = -0.010888768469495406
ccd_tilt_z = 5.021310811200862e-06
p = 0.0001