slit_dec_x_a = -0.17041239240127615
slit_dec_y_a = -0.1959150316907149
slit_dec_x_b = 0.175
slit_dec_y_b = -1.6449115061169997e-96
slit_defocus = 0.005588240307454681
slit_tilt_x = 1.1861341866834625
slit_tilt_y = -8.540028266467207
slit_tilt_z = -8.990858386350181
d_slit_col = 1594.294474936517
coll_tilt_x = 0.08871779057308497
coll_tilt_y = -0.03190536445483373
ech_G = 31.61064445170526
ech_blaze = -74.97676257985067
ech_gamma = 1.1403300165308208
echelle_z = 0.07480815892238621
d_col_trf = -1588.0185451275745
trf_mirror_tilt_x = 0.13868877495959236
trf_mirror_tilt_y = 0.0775308551885111
d_col_grm = -0.009545429726104128
grism_dec_x = 236.43434102682028
grism_dec_y = 0.034168466584569825
grm_tilt_x = -0.015927122919621454
grm_tilt_y = 2.304385689723361
grm_G = 222.82517460886743
grm_apex = 17.81511823357977
d_grm_cam  = 21.608494825421083
cam_dec_x = -0.3021232396860069
cam_dec_y = 0.25034047927806197
cam_tilt_x = -0.018445614432641803
cam_tilt_y = -0.015106688264237937
d_cam_ff  = -160.40094996374972
ccd_ff_dec_x = -0.0035160452964196074
ccd_ff_dec_y = 0.0002626897692027678
ccd_ff_tilt_x = 0.14604128714213166
ccd_ff_tilt_y = -0.5720653213178746
ccd_ff_tilt_z = 0.17258186800014796
d_ff_ccd  = -4.811307059704043
ccd_dec_x = 0.6207037768969456
ccd_dec_y = 5.15528946398153
ccd_defocus = 0.3162731422287841
ccd_tilt_x = 0.007741568449800055
ccd_tilt_y = -0.014134952337672252
ccd_tilt_z = 3.1315231561013138e-06
p = 7.3555e-06