slit_dec_x_a = -0.181778666534
slit_dec_y_a = -0.18243150017
slit_dec_x_b = 0.14512077562974193
slit_dec_y_b = -0.05510809031835813
slit_defocus = -0.002201696915468267
slit_tilt_x = 1.1346578796786073
slit_tilt_y = -8.568229973726073
slit_tilt_z = -9.003629437341875
d_slit_col = 1594.3039407106066
coll_tilt_x = 0.08649080219214254
coll_tilt_y = -0.021987927003757547
ech_G = 31.610908048270954
ech_blaze = -74.9955910236821
ech_gamma = 1.1581168861903195
echelle_z = 0.05750763405697114
d_col_trf = -1588.0161834597482
trf_mirror_tilt_x = 0.12253560492835204
trf_mirror_tilt_y = 0.01861316737005433
d_col_grm = 0.015095207709065691
grism_dec_x = 236.39743753598492
grism_dec_y = -0.005022329754329939
grm_tilt_x = -0.024948999169175756
grm_tilt_y = 2.3271304384303737
grm_G = 222.78570678471007
grm_apex = 17.809226128481818
d_grm_cam  = 21.604577579923273
cam_dec_x = -0.2835590644981943
cam_dec_y = 0.28970781674299567
cam_tilt_x = 0.0043116413225264705
cam_tilt_y = -0.027790058794102707
d_cam_ff  = -160.56971711361598
ccd_ff_dec_x = -0.022775317501041177
ccd_ff_dec_y = -0.04778511087862787
ccd_ff_tilt_x = 0.16503900514003467
ccd_ff_tilt_y = -0.5896462708595698
ccd_ff_tilt_z = 0.17177528293820044
d_ff_ccd  = -4.7854136319911245
ccd_dec_x = 0.5518477980762813
ccd_dec_y = 5.106183776497959
ccd_defocus = 0.3157337514478271
ccd_tilt_x = 0.02132729917124917
ccd_tilt_y = -0.004215927202517674
ccd_tilt_z = 2.69397740311964e-07
p = 7.3555e-06