slit_dec_x_a = -0.17038819427556892
slit_dec_y_a = -0.19571185480199826
slit_dec_x_b = 0.175
slit_dec_y_b = -1.6336025252070558e-96
slit_defocus = 0.005582513507192044
slit_tilt_x = 1.1861029693198681
slit_tilt_y = -8.539991260569378
slit_tilt_z = -8.990836602374085
d_slit_col = 1594.2944963893729
coll_tilt_x = 0.08876614637703792
coll_tilt_y = -0.031982968430642585
ech_G = 31.610678133057224
ech_blaze = -74.9769150372104
ech_gamma = 1.1402363875789359
echelle_z = 0.07469835038420596
d_col_trf = -1588.0185173303144
trf_mirror_tilt_x = 0.13870998864330095
trf_mirror_tilt_y = 0.07752303745171044
d_col_grm = -0.009505412542056956
grism_dec_x = 236.4343454814505
grism_dec_y = 0.03417238547317231
grm_tilt_x = -0.015745214290173597
grm_tilt_y = 2.3043697451704204
grm_G = 222.82517898222807
grm_apex = 17.81510915534324
d_grm_cam  = 21.608483075100796
cam_dec_x = -0.3021103620624063
cam_dec_y = 0.2503144579222446
cam_tilt_x = -0.018694723163671847
cam_tilt_y = -0.015101666278722576
d_cam_ff  = -160.40095524581312
ccd_ff_dec_x = -0.0035063265462609767
ccd_ff_dec_y = 0.0002674192289280483
ccd_ff_tilt_x = 0.14604034297235
ccd_ff_tilt_y = -0.5720785198891262
ccd_ff_tilt_z = 0.1725898549220761
d_ff_ccd  = -4.811336545773318
ccd_dec_x = 0.6206681637001066
ccd_dec_y = 5.15526228059922
ccd_defocus = 0.3162542660077484
ccd_tilt_x = 0.007751301573092812
ccd_tilt_y = -0.014101197495803476
ccd_tilt_z = 3.0872068753811253e-06
p = 2.70025e-06