slit_dec_x_a = -0.181778666534
slit_dec_y_a = -0.18243150017
slit_dec_x_b = 0.14512077562974193
slit_dec_y_b = -0.05510809031835813
slit_defocus = -0.0021848858431815503
slit_tilt_x = 1.1346574309009112
slit_tilt_y = -8.568214236944304
slit_tilt_z = -9.00363538946858
d_slit_col = 1594.3039386932237
coll_tilt_x = 0.08646010162141576
coll_tilt_y = -0.022010331146021685
ech_G = 31.610924205574687
ech_blaze = -74.99568357235682
ech_gamma = 1.15799122404414
echelle_z = 0.05760176157326176
d_col_trf = -1588.0161404942894
trf_mirror_tilt_x = 0.1225083084142992
trf_mirror_tilt_y = 0.018645240343100857
d_col_grm = 0.015104572971453397
grism_dec_x = 236.3974320900596
grism_dec_y = -0.005020266844127345
grm_tilt_x = -0.02496634753490553
grm_tilt_y = 2.3269436007723727
grm_G = 222.7858057674828
grm_apex = 17.809196492667258
d_grm_cam  = 21.604673076307325
cam_dec_x = -0.28360143608529326
cam_dec_y = 0.2896787823823364
cam_tilt_x = 0.004255775149948544
cam_tilt_y = -0.027780186798676675
d_cam_ff  = -160.56965111582724
ccd_ff_dec_x = -0.02284228503091957
ccd_ff_dec_y = -0.04777363307408357
ccd_ff_tilt_x = 0.1650572418068544
ccd_ff_tilt_y = -0.5895458742660927
ccd_ff_tilt_z = 0.17172609798729166
d_ff_ccd  = -4.785446897735614
ccd_dec_x = 0.5518881342947245
ccd_dec_y = 5.10611556707539
ccd_defocus = 0.31578658797338455
ccd_tilt_x = 0.021314666148876074
ccd_tilt_y = -0.004216726781052653
ccd_tilt_z = 3.582530565093841e-07
p = 2.70025e-06