slit_dec_x_a = -0.181778666534
slit_dec_y_a = -0.18243150017
slit_dec_x_b = 0.14512077562974193
slit_dec_y_b = -0.05510809031835813
slit_defocus = -0.013863049620321088
slit_tilt_x = 1.0540683700916889
slit_tilt_y = -8.55993309302036
slit_tilt_z = -9.026929104491566
d_slit_col = 1594.2902279892917
coll_tilt_x = 0.12143896740082238
coll_tilt_y = -0.026471163884923297
ech_G = 31.614567264136653
ech_blaze = -74.99488872313637
ech_gamma = 1.1556404781577452
echelle_z = 0.05700452228434223
d_col_trf = -1588.0163706161243
trf_mirror_tilt_x = 0.00731360709023601
trf_mirror_tilt_y = 0.15549905911988754
d_col_grm = 0.03564823565866894
grism_dec_x = 236.3832188739774
grism_dec_y = 0.009208087739585343
grm_tilt_x = -0.02350736518220965
grm_tilt_y = 2.325788866982562
grm_G = 222.78407218504753
grm_apex = 17.766471582653338
d_grm_cam  = 21.60469689591009
cam_dec_x = -0.2710968679065904
cam_dec_y = 0.2909047719907522
cam_tilt_x = 0.012452434904331618
cam_tilt_y = 0.00878878369404171
d_cam_ff  = -160.07681421249984
ccd_ff_dec_x = -0.023807847590779443
ccd_ff_dec_y = 0.04205414889233268
ccd_ff_tilt_x = 0.03346932897007531
ccd_ff_tilt_y = -0.5909757540076794
ccd_ff_tilt_z = 0.17191878867419566
d_ff_ccd  = -4.816061302855421
ccd_dec_x = 0.5532974234438455
ccd_dec_y = 5.1076274283603365
ccd_defocus = 0.28575387305830163
ccd_tilt_x = 0.032593815692033186
ccd_tilt_y = -0.002145110009265319
ccd_tilt_z = 4.678745983830854e-06
p = 0.0001