slit_dec_x_a = -0.1704010755187174
slit_dec_y_a = -0.1956586180351446
slit_dec_x_b = 0.175
slit_dec_y_b = -1.8227184294965335e-96
slit_defocus = 0.02142437254674636
slit_tilt_x = 1.1139761074553274
slit_tilt_y = -8.53844415376868
slit_tilt_z = -8.991606390521255
d_slit_col = 1594.3099431672613
coll_tilt_x = 0.11320562432623066
coll_tilt_y = -0.02891418994672597
ech_G = 31.61323789353385
ech_blaze = -74.97483401786157
ech_gamma = 1.1389783651927192
echelle_z = 0.07477900025260391
d_col_trf = -1588.0172298469113
trf_mirror_tilt_x = 0.02628945115622647
trf_mirror_tilt_y = 0.16215495936782598
d_col_grm = -0.0048488756102573185
grism_dec_x = 236.42335113513823
grism_dec_y = 0.03825657862114294
grm_tilt_x = -0.014055937497007636
grm_tilt_y = 2.3052782996879633
grm_G = 222.82400088505534
grm_apex = 17.79099432482707
d_grm_cam  = 21.609818998109947
cam_dec_x = -0.3095931668054523
cam_dec_y = 0.24722023117611383
cam_tilt_x = -0.011066851009633968
cam_tilt_y = 0.003741500078820445
d_cam_ff  = -160.05772179544866
ccd_ff_dec_x = -0.002598851637077855
ccd_ff_dec_y = 0.05300303827701169
ccd_ff_tilt_x = 0.019491267587538625
ccd_ff_tilt_y = -0.5728066033934964
ccd_ff_tilt_z = 0.18005503103669754
d_ff_ccd  = -4.8390095996214955
ccd_dec_x = 0.6214047905261265
ccd_dec_y = 5.157150537481075
ccd_defocus = 0.2806940412209687
ccd_tilt_x = 0.005063327696150197
ccd_tilt_y = -0.010938516442429685
ccd_tilt_z = 5.076443417063277e-06
p = 0.0001