slit_dec_x_a = -0.181778666534
slit_dec_y_a = -0.18243150017
slit_dec_x_b = 0.14512077562974193
slit_dec_y_b = -0.05510809031835813
slit_defocus = -0.0021978864487766764
slit_tilt_x = 1.1347011365409154
slit_tilt_y = -8.568326369427826
slit_tilt_z = -9.003615719825309
d_slit_col = 1594.3039486389116
coll_tilt_x = 0.08647232532049985
coll_tilt_y = -0.022042320986627423
ech_G = 31.61089059739399
ech_blaze = -74.99551671297486
ech_gamma = 1.158103785439602
echelle_z = 0.056880801373814696
d_col_trf = -1588.0162571266828
trf_mirror_tilt_x = 0.12252444990925383
trf_mirror_tilt_y = 0.01873219191010393
d_col_grm = 0.014995563714042183
grism_dec_x = 236.39748314900538
grism_dec_y = -0.005038728434258203
grm_tilt_x = -0.024600628272003745
grm_tilt_y = 2.3272246882273193
grm_G = 222.78580378946532
grm_apex = 17.809122918338375
d_grm_cam  = 21.604531225858587
cam_dec_x = -0.28363205299857097
cam_dec_y = 0.2897673542036527
cam_tilt_x = 0.0042767542024454135
cam_tilt_y = -0.02780410236186502
d_cam_ff  = -160.5696395808746
ccd_ff_dec_x = -0.0228435959836967
ccd_ff_dec_y = -0.047791869812796095
ccd_ff_tilt_x = 0.16502130459672767
ccd_ff_tilt_y = -0.5895010401095523
ccd_ff_tilt_z = 0.17182571170085975
d_ff_ccd  = -4.785382778790598
ccd_dec_x = 0.5518944902518372
ccd_dec_y = 5.106515280842951
ccd_defocus = 0.3158220455666285
ccd_tilt_x = 0.02142178941535597
ccd_tilt_y = -0.004212495706327794
ccd_tilt_z = 2.534203838600822e-07
p = 5.150666666666667e-06