slit_dec_x_a = -0.181778666534
slit_dec_y_a = -0.18243150017
slit_dec_x_b = 0.14512077562974193
slit_dec_y_b = -0.05510809031835813
slit_defocus = -0.013775692128965254
slit_tilt_x = 1.0541086621046583
slit_tilt_y = -8.560036002643196
slit_tilt_z = -9.026853125298109
d_slit_col = 1594.290310945051
coll_tilt_x = 0.12141771181488419
coll_tilt_y = -0.026442084719601057
ech_G = 31.614555815649474
ech_blaze = -74.99488952945111
ech_gamma = 1.1556398632665816
echelle_z = 0.05700640385574305
d_col_trf = -1588.0163592899328
trf_mirror_tilt_x = 0.007271429036077652
trf_mirror_tilt_y = 0.15539957380272032
d_col_grm = 0.03568770944724058
grism_dec_x = 236.3832865925156
grism_dec_y = 0.009267775938920794
grm_tilt_x = -0.023504179896952762
grm_tilt_y = 2.3257854839782675
grm_G = 222.78407557668655
grm_apex = 17.76649405649405
d_grm_cam  = 21.60469806401255
cam_dec_x = -0.2710904187195527
cam_dec_y = 0.2908979113047678
cam_tilt_x = 0.012462819789253062
cam_tilt_y = 0.00878620366162901
d_cam_ff  = -160.07696230079097
ccd_ff_dec_x = -0.02380274099259705
ccd_ff_dec_y = 0.04201290651506467
ccd_ff_tilt_x = 0.03344388756694809
ccd_ff_tilt_y = -0.59098330065555
ccd_ff_tilt_z = 0.17192180434169252
d_ff_ccd  = -4.81599882561841
ccd_dec_x = 0.5532924756768318
ccd_dec_y = 5.1076231958861635
ccd_defocus = 0.28572824002265396
ccd_tilt_x = 0.03264591338693082
ccd_tilt_y = -0.0021339193477117775
ccd_tilt_z = 4.68707624340732e-06
p = 0.0001