slit_dec_x_a = -0.1703854007431869
slit_dec_y_a = -0.19591086768197202
slit_dec_x_b = 0.175
slit_dec_y_b = -1.5000453769496382e-96
slit_defocus = 0.005589607881877524
slit_tilt_x = 1.1861665934810044
slit_tilt_y = -8.54002678765009
slit_tilt_z = -8.990845335072464
d_slit_col = 1594.294462691664
coll_tilt_x = 0.08875937445663247
coll_tilt_y = -0.031872485972851354
ech_G = 31.610666902715653
ech_blaze = -74.97687663134063
ech_gamma = 1.140377363450204
echelle_z = 0.07475103565859195
d_col_trf = -1588.0185305764846
trf_mirror_tilt_x = 0.13867042834950402
trf_mirror_tilt_y = 0.07751899489445777
d_col_grm = -0.009517924245382668
grism_dec_x = 236.43432397319378
grism_dec_y = 0.0341632242982088
grm_tilt_x = -0.015849126889697532
grm_tilt_y = 2.3043540289209687
grm_G = 222.82517681022307
grm_apex = 17.815129736529165
d_grm_cam  = 21.60848008984237
cam_dec_x = -0.30213061009097414
cam_dec_y = 0.2503230592447598
cam_tilt_x = -0.01843997612679925
cam_tilt_y = -0.015055845636865368
d_cam_ff  = -160.40094035147638
ccd_ff_dec_x = -0.0035363412772339373
ccd_ff_dec_y = 0.0002270160280786929
ccd_ff_tilt_x = 0.14604306003541193
ccd_ff_tilt_y = -0.5720632642201324
ccd_ff_tilt_z = 0.17256626405819558
d_ff_ccd  = -4.811258677315682
ccd_dec_x = 0.6206810511045591
ccd_dec_y = 5.155310557177743
ccd_defocus = 0.31630863658726444
ccd_tilt_x = 0.007707290166019336
ccd_tilt_y = -0.014086839427022485
ccd_tilt_z = 3.149820011669234e-06
p = 1.7250833333333334e-05