slit_dec_x_a = -0.181778666534
slit_dec_y_a = -0.18243150017
slit_dec_x_b = 0.14512077562974193
slit_dec_y_b = -0.05510809031835813
slit_defocus = -0.002206232238876705
slit_tilt_x = 1.1346936568396084
slit_tilt_y = -8.568240816810544
slit_tilt_z = -9.003654463729921
d_slit_col = 1594.3039634345917
coll_tilt_x = 0.08644108290597857
coll_tilt_y = -0.02202507189458244
ech_G = 31.610877000370785
ech_blaze = -74.99551258163702
ech_gamma = 1.158177510802801
echelle_z = 0.05757946777853533
d_col_trf = -1588.0162838362448
trf_mirror_tilt_x = 0.12255065510494406
trf_mirror_tilt_y = 0.018670651615309276
d_col_grm = 0.01505817291748934
grism_dec_x = 236.3974675794948
grism_dec_y = -0.005028112283086341
grm_tilt_x = -0.024761431880963244
grm_tilt_y = 2.327346931934823
grm_G = 222.78570480208856
grm_apex = 17.80921067944581
d_grm_cam  = 21.60444579504874
cam_dec_x = -0.2835771551171425
cam_dec_y = 0.28974920078532573
cam_tilt_x = 0.0043502600001678535
cam_tilt_y = -0.027818024852737135
d_cam_ff  = -160.56981518854326
ccd_ff_dec_x = -0.022761596422818924
ccd_ff_dec_y = -0.04779701444785737
ccd_ff_tilt_x = 0.16502703152852038
ccd_ff_tilt_y = -0.5897160551233532
ccd_ff_tilt_z = 0.171681711662911
d_ff_ccd  = -4.78541402076219
ccd_dec_x = 0.551874225793457
ccd_dec_y = 5.106135953321605
ccd_defocus = 0.3157437912076995
ccd_tilt_x = 0.021323778481809864
ccd_tilt_y = -0.00421285091437472
ccd_tilt_z = 4.3165174870838357e-07
p = 1.7250833333333334e-05