slit_dec_x_a = -0.181778666534
slit_dec_y_a = -0.18243150017
slit_dec_x_b = 0.14512077562974193
slit_dec_y_b = -0.05510809031835813
slit_defocus = -0.013760506336208456
slit_tilt_x = 1.0540876921261708
slit_tilt_y = -8.559894847207357
slit_tilt_z = -9.026907086394893
d_slit_col = 1594.2902878990965
coll_tilt_x = 0.12141015839945161
coll_tilt_y = -0.02651549641440648
ech_G = 31.61456109317393
ech_blaze = -74.99488397321517
ech_gamma = 1.15563997502212
echelle_z = 0.05700264371689357
d_col_trf = -1588.0163607878806
trf_mirror_tilt_x = 0.007287169208868677
trf_mirror_tilt_y = 0.15548127385229388
d_col_grm = 0.03553623213266644
grism_dec_x = 236.3832070762435
grism_dec_y = 0.009252011522033659
grm_tilt_x = -0.023506350165063354
grm_tilt_y = 2.325782606374282
grm_G = 222.784068520761
grm_apex = 17.76649112786452
d_grm_cam  = 21.604700942934556
cam_dec_x = -0.27106322863989846
cam_dec_y = 0.29087214632314284
cam_tilt_x = 0.012444492388567787
cam_tilt_y = 0.00881079147326568
d_cam_ff  = -160.07677310252586
ccd_ff_dec_x = -0.02380126163056416
ccd_ff_dec_y = 0.04206662136592174
ccd_ff_tilt_x = 0.033427405823862354
ccd_ff_tilt_y = -0.5909789703264237
ccd_ff_tilt_z = 0.17191931237636415
d_ff_ccd  = -4.815967062716
ccd_dec_x = 0.5532956162219336
ccd_dec_y = 5.107628305651691
ccd_defocus = 0.28573150253990065
ccd_tilt_x = 0.03258203371862511
ccd_tilt_y = -0.0021780470617390004
ccd_tilt_z = 4.686016406442712e-06
p = 0.0001