slit_dec_x_a = -0.181778666534
slit_dec_y_a = -0.18243150017
slit_dec_x_b = 0.14512077562974193
slit_dec_y_b = -0.05510809031835813
slit_defocus = -0.0022247318648352093
slit_tilt_x = 1.1346966934725184
slit_tilt_y = -8.568369139193956
slit_tilt_z = -9.003583796050018
d_slit_col = 1594.3039553398528
coll_tilt_x = 0.0864845930700763
coll_tilt_y = -0.022047988192575498
ech_G = 31.610939515195167
ech_blaze = -74.99583259606848
ech_gamma = 1.1582418855225773
echelle_z = 0.056610980739216284
d_col_trf = -1588.0162497491967
trf_mirror_tilt_x = 0.12246699578139014
trf_mirror_tilt_y = 0.0187074683211072
d_col_grm = 0.014946295679398073
grism_dec_x = 236.39749099487963
grism_dec_y = -0.0050703215485175986
grm_tilt_x = -0.02476260425852195
grm_tilt_y = 2.327378255672185
grm_G = 222.78591130081264
grm_apex = 17.80906055593388
d_grm_cam  = 21.604915523143113
cam_dec_x = -0.28364300098342704
cam_dec_y = 0.28975468357553846
cam_tilt_x = 0.004352865532036359
cam_tilt_y = -0.027774115474440367
d_cam_ff  = -160.56968426174146
ccd_ff_dec_x = -0.022778428570612293
ccd_ff_dec_y = -0.04778583447742164
ccd_ff_tilt_x = 0.1650290303051435
ccd_ff_tilt_y = -0.5893829920634278
ccd_ff_tilt_z = 0.1718666902690148
d_ff_ccd  = -4.785420707263893
ccd_dec_x = 0.5518749559231804
ccd_dec_y = 5.106331636793421
ccd_defocus = 0.31585667965099057
ccd_tilt_x = 0.021364994012123
ccd_tilt_y = -0.004182978934508096
ccd_tilt_z = 2.1836972038680287e-07
p = 2.1285e-06