slit_dec_x_a = -0.181778666534
slit_dec_y_a = -0.18243150017
slit_dec_x_b = 0.14512077562974193
slit_dec_y_b = -0.05510809031835813
slit_defocus = -0.013773168209757691
slit_tilt_x = 1.0541562814933918
slit_tilt_y = -8.560006972242558
slit_tilt_z = -9.02689646691178
d_slit_col = 1594.290229771518
coll_tilt_x = 0.12147659608333411
coll_tilt_y = -0.026491708828473577
ech_G = 31.614561182239132
ech_blaze = -74.99488993641141
ech_gamma = 1.1556345304261544
echelle_z = 0.05700238225198979
d_col_trf = -1588.0163682613024
trf_mirror_tilt_x = 0.00724511243090313
trf_mirror_tilt_y = 0.1554308368110363
d_col_grm = 0.035657320891264555
grism_dec_x = 236.38321484018965
grism_dec_y = 0.0092175496433459
grm_tilt_x = -0.023509908615350048
grm_tilt_y = 2.3257915404725744
grm_G = 222.78407475530898
grm_apex = 17.76651042759718
d_grm_cam  = 21.604701523734544
cam_dec_x = -0.2711450388931381
cam_dec_y = 0.29094457296083454
cam_tilt_x = 0.012476666840152816
cam_tilt_y = 0.008864430771560782
d_cam_ff  = -160.07708132621437
ccd_ff_dec_x = -0.023797285871175498
ccd_ff_dec_y = 0.042080936541619825
ccd_ff_tilt_x = 0.0334730162956936
ccd_ff_tilt_y = -0.5909795685310825
ccd_ff_tilt_z = 0.1719239548912361
d_ff_ccd  = -4.815990567256161
ccd_dec_x = 0.5532982054805693
ccd_dec_y = 5.107635325014577
ccd_defocus = 0.2857487416296852
ccd_tilt_x = 0.03257124356955058
ccd_tilt_y = -0.002138719162933432
ccd_tilt_z = 4.6678604156273735e-06
p = 0.0001