slit_dec_x_a = -0.1704010755187174
slit_dec_y_a = -0.1956586180351446
slit_dec_x_b = 0.175
slit_dec_y_b = -1.7947978697310649e-96
slit_defocus = 0.021396057698360723
slit_tilt_x = 1.113975079401083
slit_tilt_y = -8.538399364154442
slit_tilt_z = -8.991666394303946
d_slit_col = 1594.3099798692651
coll_tilt_x = 0.1132328500776236
coll_tilt_y = -0.02883350840383965
ech_G = 31.613233568891303
ech_blaze = -74.97483408437701
ech_gamma = 1.1389766693585135
echelle_z = 0.07477857293405046
d_col_trf = -1588.0172293595422
trf_mirror_tilt_x = 0.02628123589826837
trf_mirror_tilt_y = 0.16228884657690465
d_col_grm = -0.00490732184166719
grism_dec_x = 236.42338143275768
grism_dec_y = 0.038209595112467076
grm_tilt_x = -0.014056473115715215
grm_tilt_y = 2.305276067588367
grm_G = 222.82400403108767
grm_apex = 17.791084967604384
d_grm_cam  = 21.609817503419567
cam_dec_x = -0.3095586085323585
cam_dec_y = 0.2472995535566163
cam_tilt_x = -0.0110645916564269
cam_tilt_y = 0.003753097608119265
d_cam_ff  = -160.05714493453732
ccd_ff_dec_x = -0.002599183279275524
ccd_ff_dec_y = 0.0530292719823183
ccd_ff_tilt_x = 0.019508898501098902
ccd_ff_tilt_y = -0.5728042263672213
ccd_ff_tilt_z = 0.180047187900454
d_ff_ccd  = -4.838957259532016
ccd_dec_x = 0.621410874630559
ccd_dec_y = 5.157147499033276
ccd_defocus = 0.28071549867593454
ccd_tilt_x = 0.005092787033260847
ccd_tilt_y = -0.010924564864603787
ccd_tilt_z = 5.070454733961068e-06
p = 0.0001