slit_dec_x_a = -0.17041400070950502
slit_dec_y_a = -0.19599764542047862
slit_dec_x_b = 0.175
slit_dec_y_b = -1.5980419555341693e-96
slit_defocus = 0.005578898244717087
slit_tilt_x = 1.186119261704202
slit_tilt_y = -8.540029947864863
slit_tilt_z = -8.990862811434923
d_slit_col = 1594.2944885571546
coll_tilt_x = 0.08869468918516937
coll_tilt_y = -0.03193198622824924
ech_G = 31.610651806097547
ech_blaze = -74.97680393119994
ech_gamma = 1.140314964872776
echelle_z = 0.07479838897367562
d_col_trf = -1588.0185419751786
trf_mirror_tilt_x = 0.13868118960376546
trf_mirror_tilt_y = 0.07752895175476761
d_col_grm = -0.009542933536384971
grism_dec_x = 236.43432965992224
grism_dec_y = 0.034165933350156864
grm_tilt_x = -0.01591193117123269
grm_tilt_y = 2.304394487343903
grm_G = 222.82517067987814
grm_apex = 17.815119862200742
d_grm_cam  = 21.608486215791217
cam_dec_x = -0.30211364608609853
cam_dec_y = 0.2503328220674092
cam_tilt_x = -0.018463927644925927
cam_tilt_y = -0.015092120137745742
d_cam_ff  = -160.40094906018845
ccd_ff_dec_x = -0.0035131346548544695
ccd_ff_dec_y = 0.00024998452750604175
ccd_ff_tilt_x = 0.14603882928466888
ccd_ff_tilt_y = -0.5720614501139842
ccd_ff_tilt_z = 0.17256939285513911
d_ff_ccd  = -4.811295736538197
ccd_dec_x = 0.6206833212378996
ccd_dec_y = 5.155297361607568
ccd_defocus = 0.31626497719101887
ccd_tilt_x = 0.007742104683972477
ccd_tilt_y = -0.014136296026670792
ccd_tilt_z = 3.1297438319746958e-06
p = 9.892727272727273e-06