slit_dec_x_a = -0.181778666534
slit_dec_y_a = -0.18243150017
slit_dec_x_b = 0.14512077562974193
slit_dec_y_b = -0.05510809031835813
slit_defocus = -0.0022023682041074797
slit_tilt_x = 1.1346662356906212
slit_tilt_y = -8.568227629199363
slit_tilt_z = -9.003637717685859
d_slit_col = 1594.303940484852
coll_tilt_x = 0.08647456890405252
coll_tilt_y = -0.021991100792264243
ech_G = 31.61090174922303
ech_blaze = -74.99556100483491
ech_gamma = 1.1581503749887612
echelle_z = 0.05755108103462519
d_col_trf = -1588.0161215693295
trf_mirror_tilt_x = 0.1225475833548197
trf_mirror_tilt_y = 0.018633842791486135
d_col_grm = 0.01509047360254972
grism_dec_x = 236.39742867120287
grism_dec_y = -0.005030888553780307
grm_tilt_x = -0.02489802470254947
grm_tilt_y = 2.327213547512344
grm_G = 222.78570847894935
grm_apex = 17.809225913988314
d_grm_cam  = 21.60456693930455
cam_dec_x = -0.28355327757387555
cam_dec_y = 0.2897148519529551
cam_tilt_x = 0.004305596347874337
cam_tilt_y = -0.02779638807217567
d_cam_ff  = -160.56984442809653
ccd_ff_dec_x = -0.022732752838398932
ccd_ff_dec_y = -0.047797292522272564
ccd_ff_tilt_x = 0.16503996572344318
ccd_ff_tilt_y = -0.5896595766991436
ccd_ff_tilt_z = 0.17177750642699274
d_ff_ccd  = -4.78541677706433
ccd_dec_x = 0.5518030254615675
ccd_dec_y = 5.106194940733858
ccd_defocus = 0.31574035849571136
ccd_tilt_x = 0.02133151674416906
ccd_tilt_y = -0.004209723680072214
ccd_tilt_z = 3.468198837503888e-07
p = 9.892727272727273e-06