slit_dec_x_a = -0.181778666534
slit_dec_y_a = -0.18243150017
slit_dec_x_b = 0.14512077562974193
slit_dec_y_b = -0.05510809031835813
slit_defocus = -0.0021771933096196537
slit_tilt_x = 1.134654807951625
slit_tilt_y = -8.568235436677126
slit_tilt_z = -9.003639459224384
d_slit_col = 1594.3039508649656
coll_tilt_x = 0.08645493875241454
coll_tilt_y = -0.021995548292691455
ech_G = 31.61092742263633
ech_blaze = -74.99565029527447
ech_gamma = 1.1580036157488425
echelle_z = 0.057596244039356856
d_col_trf = -1588.0161413808048
trf_mirror_tilt_x = 0.12251342136618633
trf_mirror_tilt_y = 0.018632684249795136
d_col_grm = 0.015111117689874772
grism_dec_x = 236.39742754152792
grism_dec_y = -0.005020634127811832
grm_tilt_x = -0.02510683882903786
grm_tilt_y = 2.3269460235843464
grm_G = 222.78584545350722
grm_apex = 17.809185138869793
d_grm_cam  = 21.604656768562588
cam_dec_x = -0.2836008900197495
cam_dec_y = 0.2896618140551854
cam_tilt_x = 0.004260022143388029
cam_tilt_y = -0.027773945371727057
d_cam_ff  = -160.5696337609703
ccd_ff_dec_x = -0.022818316021824384
ccd_ff_dec_y = -0.04775744224296129
ccd_ff_tilt_x = 0.16504747397871122
ccd_ff_tilt_y = -0.5894887724093877
ccd_ff_tilt_z = 0.17168319517067443
d_ff_ccd  = -4.785454783789707
ccd_dec_x = 0.5519817308748581
ccd_dec_y = 5.106124619348318
ccd_defocus = 0.3157842918432729
ccd_tilt_x = 0.021304975942106126
ccd_tilt_y = -0.004207733322424084
ccd_tilt_z = 4.30396319211749e-07
p = 2.0943636363636364e-06