slit_dec_x_a = -0.17038934146182708
slit_dec_y_a = -0.19572121467803816
slit_dec_x_b = 0.175
slit_dec_y_b = -1.6141784390218612e-96
slit_defocus = 0.005562604369146996
slit_tilt_x = 1.1860975796668791
slit_tilt_y = -8.540008884397317
slit_tilt_z = -8.990851274461837
d_slit_col = 1594.2945112589896
coll_tilt_x = 0.0887815532403674
coll_tilt_y = -0.03195657654868843
ech_G = 31.610680347585244
ech_blaze = -74.97689352909157
ech_gamma = 1.1402541993796196
echelle_z = 0.0746920602780789
d_col_trf = -1588.0185209803678
trf_mirror_tilt_x = 0.13871554060225333
trf_mirror_tilt_y = 0.07750725338848112
d_col_grm = -0.009517185216994054
grism_dec_x = 236.4343428487016
grism_dec_y = 0.03417224487772605
grm_tilt_x = -0.015852317225860744
grm_tilt_y = 2.3043662882340583
grm_G = 222.8251740587305
grm_apex = 17.81511233139249
d_grm_cam  = 21.608477166713143
cam_dec_x = -0.3020993090939739
cam_dec_y = 0.25031273219350875
cam_tilt_x = -0.018630061404814047
cam_tilt_y = -0.015099902625843398
d_cam_ff  = -160.40094914131032
ccd_ff_dec_x = -0.0034964476665184964
ccd_ff_dec_y = 0.00027006300687562395
ccd_ff_tilt_x = 0.14603955967153534
ccd_ff_tilt_y = -0.5720915337928003
ccd_ff_tilt_z = 0.17258365577775453
d_ff_ccd  = -4.811320036525957
ccd_dec_x = 0.6206628780597966
ccd_dec_y = 5.155273872400086
ccd_defocus = 0.3162691612758974
ccd_tilt_x = 0.007754350196159783
ccd_tilt_y = -0.014114747528450931
ccd_tilt_z = 3.1020009037739286e-06
p = 2.0943636363636364e-06