slit_dec_x_a = -0.17044903154506275
slit_dec_y_a = -0.19592666516813353
slit_dec_x_b = 0.175
slit_dec_y_b = -2.0187427010770475e-96
slit_defocus = 0.00555184054063016
slit_tilt_x = 1.1861099485997555
slit_tilt_y = -8.53999673152164
slit_tilt_z = -8.99084447443403
d_slit_col = 1594.2944564920863
coll_tilt_x = 0.08867734662327667
coll_tilt_y = -0.0317505484104905
ech_G = 31.61067682934461
ech_blaze = -74.97693706030954
ech_gamma = 1.1404774537652098
echelle_z = 0.07485313950745102
d_col_trf = -1588.0185765703297
trf_mirror_tilt_x = 0.13867537973229224
trf_mirror_tilt_y = 0.07757702163561339
d_col_grm = -0.00955273553449298
grism_dec_x = 236.43431383844216
grism_dec_y = 0.03422428196912046
grm_tilt_x = -0.015695698112586313
grm_tilt_y = 2.3043858030846986
grm_G = 222.8251802879852
grm_apex = 17.815110549378286
d_grm_cam  = 21.608485670120036
cam_dec_x = -0.3021681930997041
cam_dec_y = 0.25036026046245385
cam_tilt_x = -0.018613823107777257
cam_tilt_y = -0.015039215618499512
d_cam_ff  = -160.4009751174757
ccd_ff_dec_x = -0.0035373251386405574
ccd_ff_dec_y = 0.00017170359938087083
ccd_ff_tilt_x = 0.14602264739266796
ccd_ff_tilt_y = -0.5720876749750372
ccd_ff_tilt_z = 0.17261296034236356
d_ff_ccd  = -4.8112434463463
ccd_dec_x = 0.6207040665919069
ccd_dec_y = 5.155296052369541
ccd_defocus = 0.31630538150413345
ccd_tilt_x = 0.0077373680960305165
ccd_tilt_y = -0.01400540599417119
ccd_tilt_z = 3.115323542242555e-06
p = 8.628818181818182e-06