slit_dec_x_a = -0.1704010755187174
slit_dec_y_a = -0.1956586180351446
slit_dec_x_b = 0.175
slit_dec_y_b = -1.8184833844189744e-96
slit_defocus = 0.021346920475982127
slit_tilt_x = 1.1139709807725888
slit_tilt_y = -8.53851973561198
slit_tilt_z = -8.991686693203789
d_slit_col = 1594.3099886339567
coll_tilt_x = 0.11321201428785964
coll_tilt_y = -0.028939712915341458
ech_G = 31.613236643724665
ech_blaze = -74.9748353398072
ech_gamma = 1.138979617436742
echelle_z = 0.07477110634835309
d_col_trf = -1588.0172354840452
trf_mirror_tilt_x = 0.026303713434592486
trf_mirror_tilt_y = 0.16222271632861984
d_col_grm = -0.004866345333946028
grism_dec_x = 236.423339594941
grism_dec_y = 0.03814672559985869
grm_tilt_x = -0.014064198942121789
grm_tilt_y = 2.3052817612572922
grm_G = 222.82400107157665
grm_apex = 17.79101618842993
d_grm_cam  = 21.609815730750217
cam_dec_x = -0.3095214517233615
cam_dec_y = 0.24734177454230827
cam_tilt_x = -0.011004018281577151
cam_tilt_y = 0.0037424212324527278
d_cam_ff  = -160.0574725481128
ccd_ff_dec_x = -0.002600057012645649
ccd_ff_dec_y = 0.05304364798829126
ccd_ff_tilt_x = 0.01949947856933572
ccd_ff_tilt_y = -0.5727970749337417
ccd_ff_tilt_z = 0.18005407786330888
d_ff_ccd  = -4.838964016374462
ccd_dec_x = 0.621405725387304
ccd_dec_y = 5.157148307908475
ccd_defocus = 0.28070664697970443
ccd_tilt_x = 0.005015426971894896
ccd_tilt_y = -0.010860837149468136
ccd_tilt_z = 5.09003206343396e-06
p = 0.0001