slit_dec_x_a = -0.17041002727313828
slit_dec_y_a = -0.19584163432450888
slit_dec_x_b = 0.175
slit_dec_y_b = -2.5577063685037726e-96
slit_defocus = 0.005524308336088684
slit_tilt_x = 1.186122171381401
slit_tilt_y = -8.540108518436654
slit_tilt_z = -8.990824203225184
d_slit_col = 1594.2944383191825
coll_tilt_x = 0.088518543224396
coll_tilt_y = -0.03184490132646259
ech_G = 31.610651621693826
ech_blaze = -74.97706230531134
ech_gamma = 1.1403668628164079
echelle_z = 0.07536917227933476
d_col_trf = -1588.0185923649678
trf_mirror_tilt_x = 0.138658576482143
trf_mirror_tilt_y = 0.07752796510778578
d_col_grm = -0.009525503716711374
grism_dec_x = 236.43432400614563
grism_dec_y = 0.03423957963571608
grm_tilt_x = -0.015823688882760346
grm_tilt_y = 2.3043467882378486
grm_G = 222.82518383668298
grm_apex = 17.815129732179727
d_grm_cam  = 21.608494174570794
cam_dec_x = -0.30210750203200887
cam_dec_y = 0.2503499587434799
cam_tilt_x = -0.018226177935250443
cam_tilt_y = -0.015021702551324278
d_cam_ff  = -160.40095708868316
ccd_ff_dec_x = -0.003538585062658966
ccd_ff_dec_y = 0.00018423996730618548
ccd_ff_tilt_x = 0.14600769785709408
ccd_ff_tilt_y = -0.5720155809598925
ccd_ff_tilt_z = 0.1725700670263016
d_ff_ccd  = -4.811215753260427
ccd_dec_x = 0.6206384542669927
ccd_dec_y = 5.155285347139983
ccd_defocus = 0.31632107857656394
ccd_tilt_x = 0.007793246748347579
ccd_tilt_y = -0.014001168380850795
ccd_tilt_z = 3.2812760259177106e-06
p = 9.258000000000002e-06