slit_dec_x_a = -0.181778666534
slit_dec_y_a = -0.18243150017
slit_dec_x_b = 0.14512077562974193
slit_dec_y_b = -0.05510809031835813
slit_defocus = -0.013756216433579728
slit_tilt_x = 1.054152557440098
slit_tilt_y = -8.560008594517075
slit_tilt_z = -9.02691600423027
d_slit_col = 1594.29031639528
coll_tilt_x = 0.12147915618182982
coll_tilt_y = -0.02649742386768151
ech_G = 31.61456348888675
ech_blaze = -74.99488877905104
ech_gamma = 1.155641565523198
echelle_z = 0.05700038861482437
d_col_trf = -1588.0163590843465
trf_mirror_tilt_x = 0.007358927502332365
trf_mirror_tilt_y = 0.15547414112634655
d_col_grm = 0.03564424904311006
grism_dec_x = 236.383233710575
grism_dec_y = 0.009246313248677468
grm_tilt_x = -0.023507749812151254
grm_tilt_y = 2.3257873499062334
grm_G = 222.7840693664419
grm_apex = 17.76649828712532
d_grm_cam  = 21.604707320770643
cam_dec_x = -0.271143942535028
cam_dec_y = 0.2908762522194711
cam_tilt_x = 0.012504024194249001
cam_tilt_y = 0.00876727654637192
d_cam_ff  = -160.0769497783266
ccd_ff_dec_x = -0.023805878020073227
ccd_ff_dec_y = 0.042034778784271136
ccd_ff_tilt_x = 0.03353842972137438
ccd_ff_tilt_y = -0.5909863365530781
ccd_ff_tilt_z = 0.17192258834592591
d_ff_ccd  = -4.815966773456291
ccd_dec_x = 0.5532949806376429
ccd_dec_y = 5.10763718918793
ccd_defocus = 0.2857700284678613
ccd_tilt_x = 0.032617352626166676
ccd_tilt_y = -0.002116045740494386
ccd_tilt_z = 4.717678764202868e-06
p = 0.0001