slit_dec_x_a = -0.181778666534
slit_dec_y_a = -0.18243150017
slit_dec_x_b = 0.14512077562974193
slit_dec_y_b = -0.05510809031835813
slit_defocus = -0.013786929623246796
slit_tilt_x = 1.054067411240036
slit_tilt_y = -8.559956393345816
slit_tilt_z = -9.026960849608178
d_slit_col = 1594.2903239219752
coll_tilt_x = 0.12140562974198754
coll_tilt_y = -0.0264533904998774
ech_G = 31.614563764668272
ech_blaze = -74.99488836594507
ech_gamma = 1.155644257333522
echelle_z = 0.056996635507647955
d_col_trf = -1588.0163661834733
trf_mirror_tilt_x = 0.007285302693060781
trf_mirror_tilt_y = 0.15542229111334416
d_col_grm = 0.0357260207084699
grism_dec_x = 236.38320498577556
grism_dec_y = 0.009159161628345703
grm_tilt_x = -0.02350579299268662
grm_tilt_y = 2.3257908316896594
grm_G = 222.784072354466
grm_apex = 17.76651513610008
d_grm_cam  = 21.60469821441192
cam_dec_x = -0.27114667366706274
cam_dec_y = 0.2909080768384083
cam_tilt_x = 0.01239294693275585
cam_tilt_y = 0.008831255412084116
d_cam_ff  = -160.07687251653664
ccd_ff_dec_x = -0.02379756056552617
ccd_ff_dec_y = 0.04196262237253254
ccd_ff_tilt_x = 0.03345662870343491
ccd_ff_tilt_y = -0.5909790357729375
ccd_ff_tilt_z = 0.17191970287266772
d_ff_ccd  = -4.8160370028455
ccd_dec_x = 0.5532960659608702
ccd_dec_y = 5.1076298863601455
ccd_defocus = 0.28575138188352167
ccd_tilt_x = 0.03256073253642535
ccd_tilt_y = -0.0021089062748805786
ccd_tilt_z = 4.750608289540917e-06
p = 0.0001