slit_dec_x_a = -0.1704589048023626
slit_dec_y_a = -0.19603700700486368
slit_dec_x_b = 0.175
slit_dec_y_b = -2.1526978817325633e-96
slit_defocus = 0.00553629997816899
slit_tilt_x = 1.1861287912961067
slit_tilt_y = -8.540049304685231
slit_tilt_z = -8.990860610133783
d_slit_col = 1594.2944504057093
coll_tilt_x = 0.08869008594933783
coll_tilt_y = -0.03174608515339065
ech_G = 31.610672526485793
ech_blaze = -74.9771552079842
ech_gamma = 1.140555108631934
echelle_z = 0.07494919239980288
d_col_trf = -1588.0185507413216
trf_mirror_tilt_x = 0.13871281843369407
trf_mirror_tilt_y = 0.07759418934342187
d_col_grm = -0.009520367397829143
grism_dec_x = 236.43429045964214
grism_dec_y = 0.034223508052740166
grm_tilt_x = -0.015779634522366952
grm_tilt_y = 2.3043688820335486
grm_G = 222.82520053423548
grm_apex = 17.815095481459483
d_grm_cam  = 21.608485073757542
cam_dec_x = -0.3020966576975043
cam_dec_y = 0.2503726678178789
cam_tilt_x = -0.018083559852701374
cam_tilt_y = -0.01500910836042133
d_cam_ff  = -160.4009621212983
ccd_ff_dec_x = -0.0035399676731896396
ccd_ff_dec_y = 0.00014693967379020262
ccd_ff_tilt_x = 0.14598868880932647
ccd_ff_tilt_y = -0.5720647080818932
ccd_ff_tilt_z = 0.1725664221189834
d_ff_ccd  = -4.811236854451145
ccd_dec_x = 0.620648174823446
ccd_dec_y = 5.155251750667725
ccd_defocus = 0.316329038382847
ccd_tilt_x = 0.007758372741381001
ccd_tilt_y = -0.0140249151725362
ccd_tilt_z = 3.2490825836968557e-06
p = 5.7465833333333335e-06