slit_dec_x_a = -0.181778666534
slit_dec_y_a = -0.18243150017
slit_dec_x_b = 0.14512077562974193
slit_dec_y_b = -0.05510809031835813
slit_defocus = -0.0021901671539350906
slit_tilt_x = 1.1347029502084165
slit_tilt_y = -8.568296197726678
slit_tilt_z = -9.003618157120174
d_slit_col = 1594.3039027129785
coll_tilt_x = 0.08644157615054165
coll_tilt_y = -0.02202965451465522
ech_G = 31.610900772577505
ech_blaze = -74.99561548518635
ech_gamma = 1.158212281546563
echelle_z = 0.05703273217846364
d_col_trf = -1588.016231179353
trf_mirror_tilt_x = 0.12249972154580205
trf_mirror_tilt_y = 0.01870387758234459
d_col_grm = 0.014988308971888296
grism_dec_x = 236.39748424135172
grism_dec_y = -0.005073029550434571
grm_tilt_x = -0.02478327514218752
grm_tilt_y = 2.3274089863075416
grm_G = 222.78571818284402
grm_apex = 17.80915496884677
d_grm_cam  = 21.60455082733787
cam_dec_x = -0.28364192994627846
cam_dec_y = 0.2897416965276711
cam_tilt_x = 0.004339501953824998
cam_tilt_y = -0.027800222417702185
d_cam_ff  = -160.56952568946969
ccd_ff_dec_x = -0.022988659544556905
ccd_ff_dec_y = -0.04779578604723267
ccd_ff_tilt_x = 0.1650256059608821
ccd_ff_tilt_y = -0.5896088619763913
ccd_ff_tilt_z = 0.17176953620421928
d_ff_ccd  = -4.785387314785509
ccd_dec_x = 0.5519067131133282
ccd_dec_y = 5.106539392402032
ccd_defocus = 0.31583820872030643
ccd_tilt_x = 0.021420772449792624
ccd_tilt_y = -0.004236934915323703
ccd_tilt_z = 3.0098683869317525e-07
p = 5.7465833333333335e-06