slit_dec_x_a = -0.181778666534
slit_dec_y_a = -0.18243150017
slit_dec_x_b = 0.14512077562974193
slit_dec_y_b = -0.05510809031835813
slit_defocus = -0.013845327118145817
slit_tilt_x = 1.0540533366301306
slit_tilt_y = -8.55989485134858
slit_tilt_z = -9.026849146206107
d_slit_col = 1594.290306002298
coll_tilt_x = 0.1214247253209882
coll_tilt_y = -0.026511730695365433
ech_G = 31.614566081436386
ech_blaze = -74.99489211422637
ech_gamma = 1.1556424206076477
echelle_z = 0.05700049561875086
d_col_trf = -1588.0163603516828
trf_mirror_tilt_x = 0.007348478238846293
trf_mirror_tilt_y = 0.15542756608904237
d_col_grm = 0.035645133003175344
grism_dec_x = 236.38320300106682
grism_dec_y = 0.009192524586540433
grm_tilt_x = -0.023501069357081624
grm_tilt_y = 2.3257852581513987
grm_G = 222.7840725393792
grm_apex = 17.766552884925847
d_grm_cam  = 21.604702972623816
cam_dec_x = -0.2710927474762153
cam_dec_y = 0.2908772976908768
cam_tilt_x = 0.012410129219078277
cam_tilt_y = 0.008851141582068959
d_cam_ff  = -160.07710932218006
ccd_ff_dec_x = -0.023804831223451218
ccd_ff_dec_y = 0.04206680608644267
ccd_ff_tilt_x = 0.03351988209189213
ccd_ff_tilt_y = -0.5909919415225651
ccd_ff_tilt_z = 0.1719096239817647
d_ff_ccd  = -4.815993316474268
ccd_dec_x = 0.5533014164745146
ccd_dec_y = 5.107630478928543
ccd_defocus = 0.2857175675186777
ccd_tilt_x = 0.03259182299033657
ccd_tilt_y = -0.0021972258687165706
ccd_tilt_z = 4.669723117703748e-06
p = 0.0001