slit_dec_x_a = -0.181778666534
slit_dec_y_a = -0.18243150017
slit_dec_x_b = 0.14512077562974193
slit_dec_y_b = -0.05510809031835813
slit_defocus = -0.002207000352859677
slit_tilt_x = 1.1347086879658996
slit_tilt_y = -8.568275363509558
slit_tilt_z = -9.003636248653438
d_slit_col = 1594.303928325243
coll_tilt_x = 0.08643161299307997
coll_tilt_y = -0.022053721465099714
ech_G = 31.610891303222413
ech_blaze = -74.99560461699386
ech_gamma = 1.1581363704549141
echelle_z = 0.057357792872188104
d_col_trf = -1588.016347950554
trf_mirror_tilt_x = 0.12253039466621087
trf_mirror_tilt_y = 0.01868790172791308
d_col_grm = 0.015010664807016445
grism_dec_x = 236.39746947685643
grism_dec_y = -0.005029889640438984
grm_tilt_x = -0.024663087460102217
grm_tilt_y = 2.3273356469297846
grm_G = 222.7857311942853
grm_apex = 17.809142376833343
d_grm_cam  = 21.604299063673796
cam_dec_x = -0.2836165048734978
cam_dec_y = 0.28972093651157604
cam_tilt_x = 0.004336485894840169
cam_tilt_y = -0.027791687170857886
d_cam_ff  = -160.56961023010928
ccd_ff_dec_x = -0.022807102016675802
ccd_ff_dec_y = -0.047793712216626524
ccd_ff_tilt_x = 0.1650322116706371
ccd_ff_tilt_y = -0.589726206410334
ccd_ff_tilt_z = 0.1717973272458233
d_ff_ccd  = -4.785376723011078
ccd_dec_x = 0.5519827438581899
ccd_dec_y = 5.1062048331304375
ccd_defocus = 0.31579677327866984
ccd_tilt_x = 0.021379381085711215
ccd_tilt_y = -0.004205049533457743
ccd_tilt_z = 3.3952599498576964e-07
p = 9.000454545454544e-06