slit_dec_x_a = -0.17043617984406514
slit_dec_y_a = -0.19599891078163822
slit_dec_x_b = 0.175
slit_dec_y_b = -2.1983560181501815e-96
slit_defocus = 0.005548566530204297
slit_tilt_x = 1.1861225574964143
slit_tilt_y = -8.539993269782872
slit_tilt_z = -8.9908543487843
d_slit_col = 1594.2944639474035
coll_tilt_x = 0.08880593498322058
coll_tilt_y = -0.03172818970338099
ech_G = 31.61068106022623
ech_blaze = -74.97682729316948
ech_gamma = 1.1405149075193142
echelle_z = 0.07488545089532023
d_col_trf = -1588.0185799735998
trf_mirror_tilt_x = 0.1386547510017054
trf_mirror_tilt_y = 0.07757975362336982
d_col_grm = -0.009550729604887905
grism_dec_x = 236.4343153074036
grism_dec_y = 0.03419951266298856
grm_tilt_x = -0.015736049242260332
grm_tilt_y = 2.3043706565825195
grm_G = 222.82518814070627
grm_apex = 17.815109615703076
d_grm_cam  = 21.608478659764252
cam_dec_x = -0.30217241881643353
cam_dec_y = 0.25036744249082166
cam_tilt_x = -0.018610809617970726
cam_tilt_y = -0.01504825013240158
d_cam_ff  = -160.40095122192943
ccd_ff_dec_x = -0.003522366186982365
ccd_ff_dec_y = 0.0001669900503416255
ccd_ff_tilt_x = 0.14602701413288094
ccd_ff_tilt_y = -0.5720702543306518
ccd_ff_tilt_z = 0.1725988101368968
d_ff_ccd  = -4.811251205442444
ccd_dec_x = 0.6206853297145946
ccd_dec_y = 5.155281106683967
ccd_defocus = 0.31631422780265905
ccd_tilt_x = 0.007733582485549503
ccd_tilt_y = -0.014025988285193358
ccd_tilt_z = 3.150028896365882e-06
p = 9.000454545454544e-06