slit_dec_x_a = -0.1704010755187174
slit_dec_y_a = -0.1956586180351446
slit_dec_x_b = 0.175
slit_dec_y_b = -1.80173438493976e-96
slit_defocus = 0.021408680958114323
slit_tilt_x = 1.1139696080273478
slit_tilt_y = -8.538414435758542
slit_tilt_z = -8.991605311574627
d_slit_col = 1594.3099185459953
coll_tilt_x = 0.11322060263024694
coll_tilt_y = -0.028877649532013435
ech_G = 31.61322566223179
ech_blaze = -74.97483276838372
ech_gamma = 1.1389741448667823
echelle_z = 0.07477384653222
d_col_trf = -1588.0172356219528
trf_mirror_tilt_x = 0.026295564662417604
trf_mirror_tilt_y = 0.16221572296673184
d_col_grm = -0.004847885373452408
grism_dec_x = 236.42331678067663
grism_dec_y = 0.03821665516912238
grm_tilt_x = -0.01406486099725563
grm_tilt_y = 2.305273728658711
grm_G = 222.824006584032
grm_apex = 17.791057420053864
d_grm_cam  = 21.609813434350873
cam_dec_x = -0.3095154603949623
cam_dec_y = 0.2473008645606811
cam_tilt_x = -0.010976658415754974
cam_tilt_y = 0.0037763552586154176
d_cam_ff  = -160.05733415656886
ccd_ff_dec_x = -0.0026042385837304043
ccd_ff_dec_y = 0.053049581731268024
ccd_ff_tilt_x = 0.019523444482958716
ccd_ff_tilt_y = -0.5728077081136542
ccd_ff_tilt_z = 0.18005328832663972
d_ff_ccd  = -4.838962447287634
ccd_dec_x = 0.6214038663875008
ccd_dec_y = 5.15715421359127
ccd_defocus = 0.28071181740560336
ccd_tilt_x = 0.005022939128056394
ccd_tilt_y = -0.010836636328899692
ccd_tilt_z = 5.039765452105828e-06
p = 0.0001