slit_dec_x_a = -0.181778666534
slit_dec_y_a = -0.18243150017
slit_dec_x_b = 0.14512077562974193
slit_dec_y_b = -0.05510809031835813
slit_defocus = -0.01377291174293514
slit_tilt_x = 1.054059568102972
slit_tilt_y = -8.559959978340856
slit_tilt_z = -9.02688905783161
d_slit_col = 1594.2902755780306
coll_tilt_x = 0.12143309197905482
coll_tilt_y = -0.02647721788470589
ech_G = 31.61455551589129
ech_blaze = -74.99488858210955
ech_gamma = 1.1556385099490751
echelle_z = 0.05700510814531042
d_col_trf = -1588.0163668152813
trf_mirror_tilt_x = 0.007324372428228246
trf_mirror_tilt_y = 0.1554258193114356
d_col_grm = 0.03566561888773206
grism_dec_x = 236.38326677448958
grism_dec_y = 0.009217597685585766
grm_tilt_x = -0.023507094961246526
grm_tilt_y = 2.325782530561361
grm_G = 222.7840727782811
grm_apex = 17.766474188536133
d_grm_cam  = 21.604700879306172
cam_dec_x = -0.2710445770017905
cam_dec_y = 0.29085821724814614
cam_tilt_x = 0.012477128861790076
cam_tilt_y = 0.008766773471660591
d_cam_ff  = -160.07724983458317
ccd_ff_dec_x = -0.02380526408529145
ccd_ff_dec_y = 0.04209015275024122
ccd_ff_tilt_x = 0.03352368415459098
ccd_ff_tilt_y = -0.59097564655125
ccd_ff_tilt_z = 0.17191480760578193
d_ff_ccd  = -4.816035159391758
ccd_dec_x = 0.5532933110146072
ccd_dec_y = 5.107628999200197
ccd_defocus = 0.2857483541446998
ccd_tilt_x = 0.03257045958196412
ccd_tilt_y = -0.0021714066694917752
ccd_tilt_z = 4.682332622740366e-06
p = 0.0001