slit_dec_x_a = -0.17045945490909392
slit_dec_y_a = -0.19605159239392891
slit_dec_x_b = 0.175
slit_dec_y_b = -2.078108655108683e-96
slit_defocus = 0.005522492319309119
slit_tilt_x = 1.1861176805670204
slit_tilt_y = -8.540055840841045
slit_tilt_z = -8.99085804952998
d_slit_col = 1594.2944523046297
coll_tilt_x = 0.08872976380097519
coll_tilt_y = -0.031744646504785
ech_G = 31.61066432954937
ech_blaze = -74.97705914297728
ech_gamma = 1.1405463519531474
echelle_z = 0.07503610630709975
d_col_trf = -1588.0185569496075
trf_mirror_tilt_x = 0.13873028576953403
trf_mirror_tilt_y = 0.0775747455664709
d_col_grm = -0.009516004176301426
grism_dec_x = 236.43429498591226
grism_dec_y = 0.03422614477246437
grm_tilt_x = -0.01572582687101795
grm_tilt_y = 2.3043771562924893
grm_G = 222.82522120313897
grm_apex = 17.81509470020136
d_grm_cam  = 21.608493372432637
cam_dec_x = -0.3020992195629116
cam_dec_y = 0.2503810730756491
cam_tilt_x = -0.01818033804329754
cam_tilt_y = -0.015021610029418828
d_cam_ff  = -160.4009422055809
ccd_ff_dec_x = -0.0035606188959220056
ccd_ff_dec_y = 0.00014374183490518182
ccd_ff_tilt_x = 0.1459967573639099
ccd_ff_tilt_y = -0.5720632016120072
ccd_ff_tilt_z = 0.1725592054921378
d_ff_ccd  = -4.811221660678719
ccd_dec_x = 0.6206409417756789
ccd_dec_y = 5.155274226946669
ccd_defocus = 0.3163338198220439
ccd_tilt_x = 0.007769510016732643
ccd_tilt_y = -0.014004540487401115
ccd_tilt_z = 3.235682082919315e-06
p = 7.506333333333333e-06