slit_dec_x_a = -0.17040158517606846
slit_dec_y_a = -0.19580445589309856
slit_dec_x_b = 0.175
slit_dec_y_b = -2.6248667081378415e-96
slit_defocus = 0.0055151725632984405
slit_tilt_x = 1.186127734934319
slit_tilt_y = -8.540103039448889
slit_tilt_z = -8.990820704654933
d_slit_col = 1594.2944432397164
coll_tilt_x = 0.08855195244826031
coll_tilt_y = -0.03175371123331854
ech_G = 31.61066823375194
ech_blaze = -74.97709187084165
ech_gamma = 1.1404556711392548
echelle_z = 0.07543268589768051
d_col_trf = -1588.0186071119122
trf_mirror_tilt_x = 0.1386588101727516
trf_mirror_tilt_y = 0.07753381775052359
d_col_grm = -0.00954053930063666
grism_dec_x = 236.43432170136742
grism_dec_y = 0.03423185758173281
grm_tilt_x = -0.015824556234565256
grm_tilt_y = 2.304355612258797
grm_G = 222.82518385844503
grm_apex = 17.815124955012607
d_grm_cam  = 21.608487597591388
cam_dec_x = -0.302089478980948
cam_dec_y = 0.25033664918009213
cam_tilt_x = -0.018286363063329234
cam_tilt_y = -0.015023434588079771
d_cam_ff  = -160.400966635024
ccd_ff_dec_x = -0.0035355967487164797
ccd_ff_dec_y = 0.00018555673253436606
ccd_ff_tilt_x = 0.14601318593120097
ccd_ff_tilt_y = -0.5720121150679675
ccd_ff_tilt_z = 0.17256855061713328
d_ff_ccd  = -4.8112130358786045
ccd_dec_x = 0.620636096391369
ccd_dec_y = 5.155285396872865
ccd_defocus = 0.31631036693070935
ccd_tilt_x = 0.007791184355821216
ccd_tilt_y = -0.014014702247630517
ccd_tilt_z = 3.2729164765822543e-06
p = 1.245e-05