slit_dec_x_a = -0.181778666534
slit_dec_y_a = -0.18243150017
slit_dec_x_b = 0.14512077562974193
slit_dec_y_b = -0.05510809031835813
slit_defocus = -0.002204437909103013
slit_tilt_x = 1.1346915960494668
slit_tilt_y = -8.568381886926149
slit_tilt_z = -9.003583384142733
d_slit_col = 1594.3039999602424
coll_tilt_x = 0.08648004495717862
coll_tilt_y = -0.022061075847769465
ech_G = 31.610922763411832
ech_blaze = -74.9957129732047
ech_gamma = 1.158146607499456
echelle_z = 0.05676409004888096
d_col_trf = -1588.0163371427254
trf_mirror_tilt_x = 0.12249364702086367
trf_mirror_tilt_y = 0.018711951908289837
d_col_grm = 0.014964663911952291
grism_dec_x = 236.3974659961778
grism_dec_y = -0.005067493706960212
grm_tilt_x = -0.02467051909014003
grm_tilt_y = 2.327373281548036
grm_G = 222.78574654755954
grm_apex = 17.80907447622719
d_grm_cam  = 21.604858249497955
cam_dec_x = -0.2836259787735607
cam_dec_y = 0.2897611259501793
cam_tilt_x = 0.004333693951816574
cam_tilt_y = -0.02777907605637234
d_cam_ff  = -160.5694986678784
ccd_ff_dec_x = -0.022867525431783907
ccd_ff_dec_y = -0.04776717672356683
ccd_ff_tilt_x = 0.16502990856628286
ccd_ff_tilt_y = -0.589391021061935
ccd_ff_tilt_z = 0.17180130123929208
d_ff_ccd  = -4.785388127679927
ccd_dec_x = 0.5518220797305967
ccd_dec_y = 5.106411720697016
ccd_defocus = 0.3158489456540917
ccd_tilt_x = 0.02137868739893282
ccd_tilt_y = -0.004217027866608644
ccd_tilt_z = 2.356153476363422e-07
p = 1.245e-05