slit_dec_x_a = -0.17037315777217782
slit_dec_y_a = -0.19569903252591714
slit_dec_x_b = 0.175
slit_dec_y_b = -2.5000101387552348e-96
slit_defocus = 0.005542641770531
slit_tilt_x = 1.1861244245446703
slit_tilt_y = -8.5401273811105
slit_tilt_z = -8.990828769644033
d_slit_col = 1594.2944649528124
coll_tilt_x = 0.08856915036023551
coll_tilt_y = -0.031797270615318736
ech_G = 31.610682233361068
ech_blaze = -74.97720553875422
ech_gamma = 1.1404830928108383
echelle_z = 0.07548103904602702
d_col_trf = -1588.0186024912516
trf_mirror_tilt_x = 0.13866309191985135
trf_mirror_tilt_y = 0.0775559224241055
d_col_grm = -0.009531226499231585
grism_dec_x = 236.43435042458208
grism_dec_y = 0.0342458093436511
grm_tilt_x = -0.01580623743299087
grm_tilt_y = 2.3043712614784306
grm_G = 222.8251889818937
grm_apex = 17.81512802219066
d_grm_cam  = 21.6084750077745
cam_dec_x = -0.30212809354945164
cam_dec_y = 0.2503386594488217
cam_tilt_x = -0.01835083553009018
cam_tilt_y = -0.015027931951891048
d_cam_ff  = -160.4009902283358
ccd_ff_dec_x = -0.0035482834735556636
ccd_ff_dec_y = 0.00016787717015305823
ccd_ff_tilt_x = 0.14600794779670861
ccd_ff_tilt_y = -0.5720337687896527
ccd_ff_tilt_z = 0.17252401032651282
d_ff_ccd  = -4.8112280887814824
ccd_dec_x = 0.6206442528593183
ccd_dec_y = 5.155290197163076
ccd_defocus = 0.31633382732257154
ccd_tilt_x = 0.007793301852132103
ccd_tilt_y = -0.014009116011509445
ccd_tilt_z = 3.371844563563206e-06
p = 2.5805833333333336e-06