slit_dec_x_a = -0.181778666534
slit_dec_y_a = -0.18243150017
slit_dec_x_b = 0.14512077562974193
slit_dec_y_b = -0.05510809031835813
slit_defocus = -0.002232069261904534
slit_tilt_x = 1.1347041683617511
slit_tilt_y = -8.568366654087782
slit_tilt_z = -9.003595974548524
d_slit_col = 1594.3039462407728
coll_tilt_x = 0.08650020958252011
coll_tilt_y = -0.022029248466383766
ech_G = 31.610936562860342
ech_blaze = -74.99580830726661
ech_gamma = 1.1582417609510884
echelle_z = 0.05655035684569586
d_col_trf = -1588.016315234831
trf_mirror_tilt_x = 0.12246235973495069
trf_mirror_tilt_y = 0.018703864828083377
d_col_grm = 0.014953697455820245
grism_dec_x = 236.3974911710974
grism_dec_y = -0.005067776187030848
grm_tilt_x = -0.024750078926094585
grm_tilt_y = 2.3273339866396374
grm_G = 222.78592783872307
grm_apex = 17.80906013545922
d_grm_cam  = 21.604832522367772
cam_dec_x = -0.28362735281102686
cam_dec_y = 0.2897500268131405
cam_tilt_x = 0.004353113602488182
cam_tilt_y = -0.027776353749408428
d_cam_ff  = -160.56966494689453
ccd_ff_dec_x = -0.022706506089113274
ccd_ff_dec_y = -0.047784216336450296
ccd_ff_tilt_x = 0.165027054052514
ccd_ff_tilt_y = -0.5893600002669458
ccd_ff_tilt_z = 0.1718509913604477
d_ff_ccd  = -4.785430775299054
ccd_dec_x = 0.5518457381734395
ccd_dec_y = 5.106290989583192
ccd_defocus = 0.3158622557033975
ccd_tilt_x = 0.021370037524092098
ccd_tilt_y = -0.004193656676564342
ccd_tilt_z = 2.3771472640029048e-07
p = 2.5805833333333336e-06