slit_dec_x_a = -0.181778666534
slit_dec_y_a = -0.18243150017
slit_dec_x_b = 0.14512077562974193
slit_dec_y_b = -0.05510809031835813
slit_defocus = -0.013798365915158059
slit_tilt_x = 1.054148048492609
slit_tilt_y = -8.559965614766194
slit_tilt_z = -9.026878760208778
d_slit_col = 1594.2903013946116
coll_tilt_x = 0.12142938265985342
coll_tilt_y = -0.026508468979217128
ech_G = 31.614562446049593
ech_blaze = -74.99489388460977
ech_gamma = 1.1556384183182193
echelle_z = 0.05700259453109037
d_col_trf = -1588.016367022703
trf_mirror_tilt_x = 0.007318277203413181
trf_mirror_tilt_y = 0.15543201658868006
d_col_grm = 0.035685336278377125
grism_dec_x = 236.3832359057399
grism_dec_y = 0.009281749980363857
grm_tilt_x = -0.02350596787483275
grm_tilt_y = 2.325789607326604
grm_G = 222.78407440896325
grm_apex = 17.76651598392011
d_grm_cam  = 21.60469958882544
cam_dec_x = -0.27109757101872056
cam_dec_y = 0.2908696743979307
cam_tilt_x = 0.012467976429710276
cam_tilt_y = 0.008866375520291094
d_cam_ff  = -160.07721408884387
ccd_ff_dec_x = -0.023806955438634914
ccd_ff_dec_y = 0.04209397311628568
ccd_ff_tilt_x = 0.03347876403687253
ccd_ff_tilt_y = -0.5909811132302492
ccd_ff_tilt_z = 0.17191403395532653
d_ff_ccd  = -4.81593763572962
ccd_dec_x = 0.5532940014731248
ccd_dec_y = 5.107632131513365
ccd_defocus = 0.28580569012414614
ccd_tilt_x = 0.032581356847706903
ccd_tilt_y = -0.0021953356357081164
ccd_tilt_z = 4.700248838816076e-06
p = 0.0001