slit_dec_x_a = -0.1704010755187174
slit_dec_y_a = -0.1956586180351446
slit_dec_x_b = 0.175
slit_dec_y_b = -1.9259295545136935e-96
slit_defocus = 0.021398042863511775
slit_tilt_x = 1.113991982300515
slit_tilt_y = -8.538355062547828
slit_tilt_z = -8.99168319445672
d_slit_col = 1594.3100537832547
coll_tilt_x = 0.11317606954128083
coll_tilt_y = -0.02887782329723218
ech_G = 31.613232030614025
ech_blaze = -74.97483524211542
ech_gamma = 1.1389718860813307
echelle_z = 0.07476672782802508
d_col_trf = -1588.0172381496704
trf_mirror_tilt_x = 0.02629166723156683
trf_mirror_tilt_y = 0.16214246507148752
d_col_grm = -0.004856899664586473
grism_dec_x = 236.42328399433848
grism_dec_y = 0.03820439460005345
grm_tilt_x = -0.014058352636049007
grm_tilt_y = 2.3052707657072764
grm_G = 222.82400219943437
grm_apex = 17.791035892067928
d_grm_cam  = 21.609811866158378
cam_dec_x = -0.30956920978942987
cam_dec_y = 0.24728050415187613
cam_tilt_x = -0.011057351868383988
cam_tilt_y = 0.0038139797053869696
d_cam_ff  = -160.05762569680846
ccd_ff_dec_x = -0.0026046560997706734
ccd_ff_dec_y = 0.0530438418176813
ccd_ff_tilt_x = 0.019523849464619315
ccd_ff_tilt_y = -0.5728053347974226
ccd_ff_tilt_z = 0.18005578556285973
d_ff_ccd  = -4.838907155645638
ccd_dec_x = 0.6213960564836392
ccd_dec_y = 5.157151346675
ccd_defocus = 0.280722265293713
ccd_tilt_x = 0.005068123865266557
ccd_tilt_y = -0.01091058200821202
ccd_tilt_z = 5.068827723885806e-06
p = 0.0001