slit_dec_x_a = -0.17044947349287123
slit_dec_y_a = -0.1960849321450651
slit_dec_x_b = 0.175
slit_dec_y_b = -2.364917051139726e-96
slit_defocus = 0.005507694870528766
slit_tilt_x = 1.1861221813732172
slit_tilt_y = -8.540066235182033
slit_tilt_z = -8.990874261325297
d_slit_col = 1594.2944408866776
coll_tilt_x = 0.08878608274338161
coll_tilt_y = -0.031657430374925306
ech_G = 31.61067471855765
ech_blaze = -74.97698929234399
ech_gamma = 1.1406327233167644
echelle_z = 0.07517052548505404
d_col_trf = -1588.0185527497185
trf_mirror_tilt_x = 0.13871503992992007
trf_mirror_tilt_y = 0.07757360043621869
d_col_grm = -0.009522496662304609
grism_dec_x = 236.43432794465934
grism_dec_y = 0.034252662468128185
grm_tilt_x = -0.015876468470365005
grm_tilt_y = 2.304393313495414
grm_G = 222.82520582748003
grm_apex = 17.81511446963981
d_grm_cam  = 21.60849301350662
cam_dec_x = -0.3021192472934661
cam_dec_y = 0.2503670436969176
cam_tilt_x = -0.018088754340715118
cam_tilt_y = -0.014981813726432465
d_cam_ff  = -160.40094207152018
ccd_ff_dec_x = -0.0035609164016704316
ccd_ff_dec_y = 0.00011903648621511638
ccd_ff_tilt_x = 0.14603472804404932
ccd_ff_tilt_y = -0.5720365867966798
ccd_ff_tilt_z = 0.17256620441976922
d_ff_ccd  = -4.811228677278239
ccd_dec_x = 0.6206441871679017
ccd_dec_y = 5.155276671171994
ccd_defocus = 0.31632047686849224
ccd_tilt_x = 0.0078120263564997235
ccd_tilt_y = -0.014016305211161663
ccd_tilt_z = 3.2053441393018806e-06
p = 1.1061818181818182e-05