slit_dec_x_a = -0.181778666534
slit_dec_y_a = -0.18243150017
slit_dec_x_b = 0.14512077562974193
slit_dec_y_b = -0.05510809031835813
slit_defocus = -0.0021995682762955887
slit_tilt_x = 1.1347105095598893
slit_tilt_y = -8.568327420072304
slit_tilt_z = -9.003620240467349
d_slit_col = 1594.303934206466
coll_tilt_x = 0.08647682151332146
coll_tilt_y = -0.022045476401957132
ech_G = 31.610894096402326
ech_blaze = -74.9955497279388
ech_gamma = 1.158154887140936
echelle_z = 0.05692336030643537
d_col_trf = -1588.0162797721787
trf_mirror_tilt_x = 0.12251212629335972
trf_mirror_tilt_y = 0.018743238099155998
d_col_grm = 0.014992354446134214
grism_dec_x = 236.39750272199674
grism_dec_y = -0.005062522598862424
grm_tilt_x = -0.024650188107232098
grm_tilt_y = 2.327324219559292
grm_G = 222.7858647838503
grm_apex = 17.809133431300054
d_grm_cam  = 21.604583369658826
cam_dec_x = -0.28361817627845354
cam_dec_y = 0.28976902502971014
cam_tilt_x = 0.00429752774555283
cam_tilt_y = -0.027787010269724743
d_cam_ff  = -160.56961112565023
ccd_ff_dec_x = -0.02282574447906866
ccd_ff_dec_y = -0.04777346344304116
ccd_ff_tilt_x = 0.16502037279908693
ccd_ff_tilt_y = -0.5894906056742556
ccd_ff_tilt_z = 0.17185678368511922
d_ff_ccd  = -4.785362827116536
ccd_dec_x = 0.5519005990863174
ccd_dec_y = 5.106512727377996
ccd_defocus = 0.3158271981606709
ccd_tilt_x = 0.02142742336886526
ccd_tilt_y = -0.0042283889315819475
ccd_tilt_z = 2.2578362789336833e-07
p = 1.1061818181818182e-05