slit_dec_x_a = -0.181778666534
slit_dec_y_a = -0.18243150017
slit_dec_x_b = 0.14512077562974193
slit_dec_y_b = -0.05510809031835813
slit_defocus = -0.013798874998273656
slit_tilt_x = 1.054117682944365
slit_tilt_y = -8.559921157246897
slit_tilt_z = -9.026896673853031
d_slit_col = 1594.2902670567378
coll_tilt_x = 0.12137264863757635
coll_tilt_y = -0.026466495656556066
ech_G = 31.614562428247343
ech_blaze = -74.99488512615899
ech_gamma = 1.1556411930592345
echelle_z = 0.05700485945781429
d_col_trf = -1588.0163614473195
trf_mirror_tilt_x = 0.007353058378222909
trf_mirror_tilt_y = 0.1553958562997408
d_col_grm = 0.03571175752873042
grism_dec_x = 236.38325897563817
grism_dec_y = 0.009202335494328083
grm_tilt_x = -0.02350316503495711
grm_tilt_y = 2.3257924290918397
grm_G = 222.7840718907016
grm_apex = 17.766497426271222
d_grm_cam  = 21.604696803754198
cam_dec_x = -0.2710426112142518
cam_dec_y = 0.2908523718638384
cam_tilt_x = 0.012380854777450845
cam_tilt_y = 0.008821441769993428
d_cam_ff  = -160.07672855882203
ccd_ff_dec_x = -0.023811303436553775
ccd_ff_dec_y = 0.04199504460424083
ccd_ff_tilt_x = 0.033461424059890006
ccd_ff_tilt_y = -0.5909784687284639
ccd_ff_tilt_z = 0.17191729742599401
d_ff_ccd  = -4.815981149077259
ccd_dec_x = 0.5532978596743078
ccd_dec_y = 5.107633930715371
ccd_defocus = 0.2857605715300423
ccd_tilt_x = 0.032619811787271795
ccd_tilt_y = -0.0021585794145927255
ccd_tilt_z = 4.69467174726273e-06
p = 0.0001