slit_dec_x_a = -0.181778666534
slit_dec_y_a = -0.18243150017
slit_dec_x_b = 0.14512077562974193
slit_dec_y_b = -0.05510809031835813
slit_defocus = -0.0021840485284182077
slit_tilt_x = 1.1346982567798454
slit_tilt_y = -8.568287049321972
slit_tilt_z = -9.003638426175165
d_slit_col = 1594.3039332793026
coll_tilt_x = 0.08642024773440139
coll_tilt_y = -0.022043715420682106
ech_G = 31.61089810170546
ech_blaze = -74.99563589187177
ech_gamma = 1.1581568679915402
echelle_z = 0.05737634053644355
d_col_trf = -1588.0163099886965
trf_mirror_tilt_x = 0.12254317289091328
trf_mirror_tilt_y = 0.018669947017750058
d_col_grm = 0.015012798412784769
grism_dec_x = 236.3974644273966
grism_dec_y = -0.005022895041098379
grm_tilt_x = -0.024679322241164127
grm_tilt_y = 2.3273897183220718
grm_G = 222.78571343792072
grm_apex = 17.809142062686384
d_grm_cam  = 21.604298010380276
cam_dec_x = -0.2836172621008154
cam_dec_y = 0.2897155256413872
cam_tilt_x = 0.004327604015336155
cam_tilt_y = -0.027791913489992198
d_cam_ff  = -160.56965632706547
ccd_ff_dec_x = -0.022819485602241934
ccd_ff_dec_y = -0.04779747116855403
ccd_ff_tilt_x = 0.16503694270451758
ccd_ff_tilt_y = -0.5896954745374612
ccd_ff_tilt_z = 0.17180685151314373
d_ff_ccd  = -4.785376980349268
ccd_dec_x = 0.5520395472666856
ccd_dec_y = 5.106241044604669
ccd_defocus = 0.315799281389156
ccd_tilt_x = 0.021374929886186875
ccd_tilt_y = -0.004198757711873761
ccd_tilt_z = 3.276332169746943e-07
p = 1.0178181818181819e-05