slit_dec_x_a = -0.1704241186366449
slit_dec_y_a = -0.19605247439238005
slit_dec_x_b = 0.175
slit_dec_y_b = -1.9189578090038637e-96
slit_defocus = 0.005571887492870825
slit_tilt_x = 1.1861078755484307
slit_tilt_y = -8.540000034823747
slit_tilt_z = -8.990861564294732
d_slit_col = 1594.2944329328798
coll_tilt_x = 0.08871281106869777
coll_tilt_y = -0.03181338587931404
ech_G = 31.6106859507924
ech_blaze = -74.9770716516792
ech_gamma = 1.1404129569298964
echelle_z = 0.07495746062014073
d_col_trf = -1588.0185503215566
trf_mirror_tilt_x = 0.13869946428253244
trf_mirror_tilt_y = 0.07758928700575334
d_col_grm = -0.009532608457621728
grism_dec_x = 236.43428096878054
grism_dec_y = 0.034243198771950034
grm_tilt_x = -0.015750030139632044
grm_tilt_y = 2.3043608748122395
grm_G = 222.82516843356134
grm_apex = 17.815107159619732
d_grm_cam  = 21.608487073379834
cam_dec_x = -0.3021328900888583
cam_dec_y = 0.2503725076055711
cam_tilt_x = -0.01837485412947412
cam_tilt_y = -0.015027907426058588
d_cam_ff  = -160.40097435237547
ccd_ff_dec_x = -0.0035407098735671175
ccd_ff_dec_y = 0.00015371351544170726
ccd_ff_tilt_x = 0.14601577690088272
ccd_ff_tilt_y = -0.5721115980171806
ccd_ff_tilt_z = 0.17257192328546078
d_ff_ccd  = -4.811224332801013
ccd_dec_x = 0.6206724850550202
ccd_dec_y = 5.155270079195587
ccd_defocus = 0.3163002830421773
ccd_tilt_x = 0.007769174694027842
ccd_tilt_y = -0.014020713758214442
ccd_tilt_z = 3.1979823008610766e-06
p = 1.7957272727272722e-05