slit_dec_x_a = -0.181778666534
slit_dec_y_a = -0.18243150017
slit_dec_x_b = 0.14512077562974193
slit_dec_y_b = -0.05510809031835813
slit_defocus = -0.0022128092972947353
slit_tilt_x = 1.1346899403876691
slit_tilt_y = -8.568296721190945
slit_tilt_z = -9.003627817966004
d_slit_col = 1594.3039089765805
coll_tilt_x = 0.08643562300219058
coll_tilt_y = -0.022046800395867653
ech_G = 31.610919324666153
ech_blaze = -74.99572617871767
ech_gamma = 1.1581294138119778
echelle_z = 0.057209191566742736
d_col_trf = -1588.0162038297103
trf_mirror_tilt_x = 0.12250574585906727
trf_mirror_tilt_y = 0.01868932787307618
d_col_grm = 0.014991756476264089
grism_dec_x = 236.39748730309975
grism_dec_y = -0.005046936426942443
grm_tilt_x = -0.02481442360841005
grm_tilt_y = 2.3274041401184418
grm_G = 222.7856642881042
grm_apex = 17.80918302171934
d_grm_cam  = 21.604458950716772
cam_dec_x = -0.28363016908355426
cam_dec_y = 0.28970957897711597
cam_tilt_x = 0.004358365456486113
cam_tilt_y = -0.027809492102423113
d_cam_ff  = -160.56968425286078
ccd_ff_dec_x = -0.02301108800175213
ccd_ff_dec_y = -0.04777616449655579
ccd_ff_tilt_x = 0.16504882617012928
ccd_ff_tilt_y = -0.589596973798388
ccd_ff_tilt_z = 0.17182500851884686
d_ff_ccd  = -4.785360038527937
ccd_dec_x = 0.5519817587241453
ccd_dec_y = 5.106464205381749
ccd_defocus = 0.3158013828466344
ccd_tilt_x = 0.021427068271862065
ccd_tilt_y = -0.004182300973416839
ccd_tilt_z = 2.852954737371046e-07
p = 1.7957272727272722e-05