slit_dec_x_a = -0.1704010755187174
slit_dec_y_a = -0.1956586180351446
slit_dec_x_b = 0.175
slit_dec_y_b = -1.8428543532958183e-96
slit_defocus = 0.021418249397584712
slit_tilt_x = 1.1140447968732512
slit_tilt_y = -8.538399711539883
slit_tilt_z = -8.991690243310158
d_slit_col = 1594.3099738211229
coll_tilt_x = 0.1132071420996213
coll_tilt_y = -0.028882796907197333
ech_G = 31.613228262060538
ech_blaze = -74.97482763313762
ech_gamma = 1.1389741729772132
echelle_z = 0.07476736147297945
d_col_trf = -1588.017235899073
trf_mirror_tilt_x = 0.02629905463943176
trf_mirror_tilt_y = 0.16219896953473248
d_col_grm = -0.00479714952812118
grism_dec_x = 236.42331160949632
grism_dec_y = 0.03822718252246318
grm_tilt_x = -0.014057360256561065
grm_tilt_y = 2.3052792910309408
grm_G = 222.82400397271545
grm_apex = 17.790985367905222
d_grm_cam  = 21.609813990790496
cam_dec_x = -0.3095173786794329
cam_dec_y = 0.24738166429520933
cam_tilt_x = -0.011023654205443604
cam_tilt_y = 0.0038097444122427546
d_cam_ff  = -160.05750413637787
ccd_ff_dec_x = -0.002597354052259196
ccd_ff_dec_y = 0.05309161596372895
ccd_ff_tilt_x = 0.019501542733646446
ccd_ff_tilt_y = -0.5728084770642119
ccd_ff_tilt_z = 0.18005610738451558
d_ff_ccd  = -4.838816473126521
ccd_dec_x = 0.6214084226689774
ccd_dec_y = 5.157153211226722
ccd_defocus = 0.28077410084562066
ccd_tilt_x = 0.005040807727609158
ccd_tilt_y = -0.01091733583762283
ccd_tilt_z = 5.078589130000149e-06
p = 0.0001