slit_dec_x_a = -0.17041379745515864
slit_dec_y_a = -0.19598875166037769
slit_dec_x_b = 0.175
slit_dec_y_b = -1.6305423616991886e-96
slit_defocus = 0.0055543692870283256
slit_tilt_x = 1.1861517084419486
slit_tilt_y = -8.540007667174748
slit_tilt_z = -8.990838289332258
d_slit_col = 1594.294476906165
coll_tilt_x = 0.08879738723386486
coll_tilt_y = -0.031801158429024305
ech_G = 31.610666572593498
ech_blaze = -74.97676198350742
ech_gamma = 1.1404365796347393
echelle_z = 0.07481496137106422
d_col_trf = -1588.0185319938955
trf_mirror_tilt_x = 0.1386638767251789
trf_mirror_tilt_y = 0.07758282434969
d_col_grm = -0.009562684935325538
grism_dec_x = 236.43432407339887
grism_dec_y = 0.0341958904151519
grm_tilt_x = -0.01574358472210048
grm_tilt_y = 2.3043678109726904
grm_G = 222.82518794537938
grm_apex = 17.815132329782177
d_grm_cam  = 21.608439222911024
cam_dec_x = -0.30215050134182714
cam_dec_y = 0.2503328066351978
cam_tilt_x = -0.01863051895745194
cam_tilt_y = -0.015057403064342867
d_cam_ff  = -160.4009392219056
ccd_ff_dec_x = -0.0034936106429949224
ccd_ff_dec_y = 0.00018478731567674077
ccd_ff_tilt_x = 0.1460324734834997
ccd_ff_tilt_y = -0.5720497141389166
ccd_ff_tilt_z = 0.17257523736322547
d_ff_ccd  = -4.811254976861979
ccd_dec_x = 0.6206923284954718
ccd_dec_y = 5.155319072062601
ccd_defocus = 0.31631127018835525
ccd_tilt_x = 0.007730128817433062
ccd_tilt_y = -0.014077889777599028
ccd_tilt_z = 3.115218977105166e-06
p = 1.603818181818182e-06