slit_dec_x_a = -0.1704010755187174
slit_dec_y_a = -0.1956586180351446
slit_dec_x_b = 0.175
slit_dec_y_b = -1.872049054287579e-96
slit_defocus = 0.0214251394847695
slit_tilt_x = 1.1139808634233836
slit_tilt_y = -8.538486918301944
slit_tilt_z = -8.99153497912982
d_slit_col = 1594.3099612677654
coll_tilt_x = 0.11317113430858837
coll_tilt_y = -0.02887795271241692
ech_G = 31.613233957416963
ech_blaze = -74.97483740200431
ech_gamma = 1.1389745938953895
echelle_z = 0.07476804314139955
d_col_trf = -1588.0172354907434
trf_mirror_tilt_x = 0.02628229840070133
trf_mirror_tilt_y = 0.16218282510539697
d_col_grm = -0.004847610231843599
grism_dec_x = 236.42332524350957
grism_dec_y = 0.03818142035451758
grm_tilt_x = -0.014060800489149391
grm_tilt_y = 2.305272378300815
grm_G = 222.82400032721526
grm_apex = 17.79098322795231
d_grm_cam  = 21.609807977297606
cam_dec_x = -0.3095331888070953
cam_dec_y = 0.24723899897829213
cam_tilt_x = -0.011058240822995965
cam_tilt_y = 0.003811520364973855
d_cam_ff  = -160.05743440948166
ccd_ff_dec_x = -0.0025984939282693753
ccd_ff_dec_y = 0.05296858099602877
ccd_ff_tilt_x = 0.01943664235808303
ccd_ff_tilt_y = -0.572799249327652
ccd_ff_tilt_z = 0.18005152117160414
d_ff_ccd  = -4.838869242849629
ccd_dec_x = 0.6214081048501431
ccd_dec_y = 5.157147706684707
ccd_defocus = 0.28075106543996
ccd_tilt_x = 0.005031046368183604
ccd_tilt_y = -0.010882481203638897
ccd_tilt_z = 5.124601699741207e-06
p = 0.0001