slit_dec_x_a = -0.181778666534
slit_dec_y_a = -0.18243150017
slit_dec_x_b = 0.14512077562974193
slit_dec_y_b = -0.05510809031835813
slit_defocus = -0.013791129702203699
slit_tilt_x = 1.0541578853561957
slit_tilt_y = -8.560033232049188
slit_tilt_z = -9.026819398243708
d_slit_col = 1594.2902139988885
coll_tilt_x = 0.12142369054422837
coll_tilt_y = -0.026532428890039084
ech_G = 31.614567947663904
ech_blaze = -74.99488817114553
ech_gamma = 1.1556382127212887
echelle_z = 0.05699908234891001
d_col_trf = -1588.0163592433964
trf_mirror_tilt_x = 0.007261908168723501
trf_mirror_tilt_y = 0.1554467299739376
d_col_grm = 0.03570852933775331
grism_dec_x = 236.38319453740803
grism_dec_y = 0.009283396442108157
grm_tilt_x = -0.02350634292773177
grm_tilt_y = 2.325794071130876
grm_G = 222.78407403659855
grm_apex = 17.76656855543637
d_grm_cam  = 21.604699733046736
cam_dec_x = -0.2710456359460863
cam_dec_y = 0.29085973823240846
cam_tilt_x = 0.012375697795849804
cam_tilt_y = 0.008830366099215803
d_cam_ff  = -160.0767966317202
ccd_ff_dec_x = -0.023804924325178663
ccd_ff_dec_y = 0.04205336990472183
ccd_ff_tilt_x = 0.03345235800752741
ccd_ff_tilt_y = -0.5909758154680601
ccd_ff_tilt_z = 0.17192033965070647
d_ff_ccd  = -4.81601001514541
ccd_dec_x = 0.5532912224655164
ccd_dec_y = 5.107638476252856
ccd_defocus = 0.2857888520446637
ccd_tilt_x = 0.03260874553785884
ccd_tilt_y = -0.0022076728949205603
ccd_tilt_z = 4.660208722526851e-06
p = 0.0001