slit_dec_x_a = -0.17038658509475732
slit_dec_y_a = -0.19575978100888003
slit_dec_x_b = 0.175
slit_dec_y_b = -2.512515992989302e-96
slit_defocus = 0.005531978397285944
slit_tilt_x = 1.1861094294679018
slit_tilt_y = -8.5401272439983
slit_tilt_z = -8.990814658574442
d_slit_col = 1594.2944757051598
coll_tilt_x = 0.08861122819279464
coll_tilt_y = -0.03176969474417312
ech_G = 31.61069052106234
ech_blaze = -74.97719060961538
ech_gamma = 1.1405047300208184
echelle_z = 0.07539798367550343
d_col_trf = -1588.0186203942337
trf_mirror_tilt_x = 0.13867024770737044
trf_mirror_tilt_y = 0.07754751118673221
d_col_grm = -0.009543124056283847
grism_dec_x = 236.43436466645448
grism_dec_y = 0.03424401128969184
grm_tilt_x = -0.015794675706260208
grm_tilt_y = 2.30435114678368
grm_G = 222.82521060244176
grm_apex = 17.815113951914146
d_grm_cam  = 21.608469219228812
cam_dec_x = -0.3021247143586619
cam_dec_y = 0.2503259469211179
cam_tilt_x = -0.018403368266035884
cam_tilt_y = -0.015038240444207538
d_cam_ff  = -160.40099378345616
ccd_ff_dec_x = -0.003543056885722364
ccd_ff_dec_y = 0.00016210402247196788
ccd_ff_tilt_x = 0.1460105871321976
ccd_ff_tilt_y = -0.5720334402031461
ccd_ff_tilt_z = 0.17252068418595257
d_ff_ccd  = -4.811241426257851
ccd_dec_x = 0.6206379635948563
ccd_dec_y = 5.1552657333235725
ccd_defocus = 0.3163363153769062
ccd_tilt_x = 0.007808710226702204
ccd_tilt_y = -0.014018749132406976
ccd_tilt_z = 3.3763800246645074e-06
p = 2.7076666666666665e-06