slit_dec_x_a = -0.181778666534
slit_dec_y_a = -0.18243150017
slit_dec_x_b = 0.14512077562974193
slit_dec_y_b = -0.05510809031835813
slit_defocus = -0.002199685086557715
slit_tilt_x = 1.1347134899685531
slit_tilt_y = -8.568301529474123
slit_tilt_z = -9.003599525239068
d_slit_col = 1594.3039181578258
coll_tilt_x = 0.08647072667580577
coll_tilt_y = -0.022053572224300745
ech_G = 31.61090517717467
ech_blaze = -74.99563119430036
ech_gamma = 1.158226424298649
echelle_z = 0.05696024743014883
d_col_trf = -1588.016218787647
trf_mirror_tilt_x = 0.1225094306746728
trf_mirror_tilt_y = 0.018718239546597588
d_col_grm = 0.014989759947848074
grism_dec_x = 236.39748029819526
grism_dec_y = -0.005067512136236543
grm_tilt_x = -0.02479136672374767
grm_tilt_y = 2.327463265670439
grm_G = 222.78573792434455
grm_apex = 17.8091494800665
d_grm_cam  = 21.604593604876552
cam_dec_x = -0.2836350446725409
cam_dec_y = 0.2897486391922038
cam_tilt_x = 0.004323929557688197
cam_tilt_y = -0.027814235352425252
d_cam_ff  = -160.56964724198988
ccd_ff_dec_x = -0.022929711814333766
ccd_ff_dec_y = -0.04778040954205375
ccd_ff_tilt_x = 0.16504771314970093
ccd_ff_tilt_y = -0.5895136937487533
ccd_ff_tilt_z = 0.1716924599395423
d_ff_ccd  = -4.785379617524102
ccd_dec_x = 0.551935804478848
ccd_dec_y = 5.106397563347616
ccd_defocus = 0.31584474038511173
ccd_tilt_x = 0.021427423451774782
ccd_tilt_y = -0.004223460270393254
ccd_tilt_z = 3.2307336072609703e-07
p = 9.940363636363638e-06