slit_dec_x_a = -0.17044925301269329
slit_dec_y_a = -0.19603371854867022
slit_dec_x_b = 0.175
slit_dec_y_b = -2.2899946614000423e-96
slit_defocus = 0.005515478277603245
slit_tilt_x = 1.1861359073078757
slit_tilt_y = -8.540045574127813
slit_tilt_z = -8.990862591669726
d_slit_col = 1594.2944553118198
coll_tilt_x = 0.08885166276340488
coll_tilt_y = -0.03171251527148018
ech_G = 31.61068050041305
ech_blaze = -74.97702848158201
ech_gamma = 1.1406041913444733
echelle_z = 0.07513249339771622
d_col_trf = -1588.0185684522667
trf_mirror_tilt_x = 0.13872952820643034
trf_mirror_tilt_y = 0.07757120884434386
d_col_grm = -0.009523409490321107
grism_dec_x = 236.43431337255674
grism_dec_y = 0.03423217067066817
grm_tilt_x = -0.015796734076118243
grm_tilt_y = 2.3043868247985735
grm_G = 222.82522335251815
grm_apex = 17.815113794041952
d_grm_cam  = 21.60849155188383
cam_dec_x = -0.3021059909994946
cam_dec_y = 0.2503760314472063
cam_tilt_x = -0.018125323663568144
cam_tilt_y = -0.014998350875066038
d_cam_ff  = -160.40093348453337
ccd_ff_dec_x = -0.0035634573629400763
ccd_ff_dec_y = 0.0001366915583871948
ccd_ff_tilt_x = 0.14600327304010108
ccd_ff_tilt_y = -0.5720505690678346
ccd_ff_tilt_z = 0.17256578388236454
d_ff_ccd  = -4.8112199330262735
ccd_dec_x = 0.6206413868473477
ccd_dec_y = 5.155272636045076
ccd_defocus = 0.316320904189463
ccd_tilt_x = 0.007817381179759372
ccd_tilt_y = -0.014018335722609732
ccd_tilt_z = 3.252704644466748e-06
p = 9.940363636363638e-06