slit_dec_x_a = -0.181778666534
slit_dec_y_a = -0.18243150017
slit_dec_x_b = 0.14512077562974193
slit_dec_y_b = -0.05510809031835813
slit_defocus = -0.002200902895730183
slit_tilt_x = 1.1346768497828055
slit_tilt_y = -8.568234095760303
slit_tilt_z = -9.003653617371297
d_slit_col = 1594.3039652212885
coll_tilt_x = 0.08645378675551701
coll_tilt_y = -0.022017517002808303
ech_G = 31.610870519258118
ech_blaze = -74.99550224582998
ech_gamma = 1.1581715817448577
echelle_z = 0.05760337334475152
d_col_trf = -1588.0162357525187
trf_mirror_tilt_x = 0.12253480496592828
trf_mirror_tilt_y = 0.018666734620014398
d_col_grm = 0.015069075383218021
grism_dec_x = 236.39746407240574
grism_dec_y = -0.005034374423261176
grm_tilt_x = -0.024688773700045637
grm_tilt_y = 2.3273454663091733
grm_G = 222.78575572825025
grm_apex = 17.809215968557666
d_grm_cam  = 21.60452061131007
cam_dec_x = -0.28357516867599375
cam_dec_y = 0.2897509085462766
cam_tilt_x = 0.004335237027092958
cam_tilt_y = -0.027819773449610927
d_cam_ff  = -160.56985402515681
ccd_ff_dec_x = -0.022766731901926268
ccd_ff_dec_y = -0.0477965237805951
ccd_ff_tilt_x = 0.16502957260954698
ccd_ff_tilt_y = -0.5896929294309537
ccd_ff_tilt_z = 0.17170509538893503
d_ff_ccd  = -4.785424193130154
ccd_dec_x = 0.5518430488627665
ccd_dec_y = 5.106128105409262
ccd_defocus = 0.3157352779220004
ccd_tilt_x = 0.02132730920280329
ccd_tilt_y = -0.004205180822269082
ccd_tilt_z = 3.934876118467362e-07
p = 1.8564166666666668e-05