slit_dec_x_a = -0.1703943700942742
slit_dec_y_a = -0.19587132248527683
slit_dec_x_b = 0.175
slit_dec_y_b = -1.5521338264333308e-96
slit_defocus = 0.005585202961584636
slit_tilt_x = 1.1861568021503868
slit_tilt_y = -8.540040060084166
slit_tilt_z = -8.990845330511178
d_slit_col = 1594.294454408241
coll_tilt_x = 0.08877167551596968
coll_tilt_y = -0.03184926525203843
ech_G = 31.61065852920678
ech_blaze = -74.97683634272934
ech_gamma = 1.1403858942110436
echelle_z = 0.07477452880362204
d_col_trf = -1588.018537004012
trf_mirror_tilt_x = 0.13866611310687244
trf_mirror_tilt_y = 0.07752042973472689
d_col_grm = -0.009541007842893336
grism_dec_x = 236.43433348606519
grism_dec_y = 0.03416869557414634
grm_tilt_x = -0.015809217612801976
grm_tilt_y = 2.304374366642892
grm_G = 222.82516078711768
grm_apex = 17.815127580975737
d_grm_cam  = 21.608483331983408
cam_dec_x = -0.30212458074565796
cam_dec_y = 0.2503350427799256
cam_tilt_x = -0.018462339274420928
cam_tilt_y = -0.015079910541332456
d_cam_ff  = -160.40094985199033
ccd_ff_dec_x = -0.0035232395352992945
ccd_ff_dec_y = 0.00023622010547420704
ccd_ff_tilt_x = 0.14604882165655697
ccd_ff_tilt_y = -0.5720713743570397
ccd_ff_tilt_z = 0.1725604102535386
d_ff_ccd  = -4.811253931031394
ccd_dec_x = 0.6206759595309796
ccd_dec_y = 5.1553055176076645
ccd_defocus = 0.3162979025857531
ccd_tilt_x = 0.00772120601615418
ccd_tilt_y = -0.014094606422904606
ccd_tilt_z = 3.137992282315626e-06
p = 1.8564166666666668e-05