slit_dec_x_a = -0.181778666534
slit_dec_y_a = -0.18243150017
slit_dec_x_b = 0.14512077562974193
slit_dec_y_b = -0.05510809031835813
slit_defocus = -0.013744090504703009
slit_tilt_x = 1.0541528506080693
slit_tilt_y = -8.559961485872705
slit_tilt_z = -9.026830437027227
d_slit_col = 1594.290270609925
coll_tilt_x = 0.12147360324856774
coll_tilt_y = -0.026444850734540896
ech_G = 31.6145570475888
ech_blaze = -74.99489000401846
ech_gamma = 1.1556413291157455
echelle_z = 0.057004985769263196
d_col_trf = -1588.0163620924836
trf_mirror_tilt_x = 0.007310278027396595
trf_mirror_tilt_y = 0.15542966429703814
d_col_grm = 0.03562472260865954
grism_dec_x = 236.38323824961014
grism_dec_y = 0.00918281431850429
grm_tilt_x = -0.023504499883869982
grm_tilt_y = 2.3257864804626327
grm_G = 222.78407258868057
grm_apex = 17.76649540422069
d_grm_cam  = 21.604706246008075
cam_dec_x = -0.27112288915799587
cam_dec_y = 0.2908863572186473
cam_tilt_x = 0.012478824598834093
cam_tilt_y = 0.00880877559052135
d_cam_ff  = -160.076852421127
ccd_ff_dec_x = -0.02380424616264902
ccd_ff_dec_y = 0.04201405453197015
ccd_ff_tilt_x = 0.033477452135571434
ccd_ff_tilt_y = -0.590979481836012
ccd_ff_tilt_z = 0.17191698592337834
d_ff_ccd  = -4.815995635800955
ccd_dec_x = 0.5533007386228815
ccd_dec_y = 5.107625762545566
ccd_defocus = 0.2858220054879034
ccd_tilt_x = 0.03262258511379313
ccd_tilt_y = -0.002142369365033344
ccd_tilt_z = 4.682381433583063e-06
p = 0.0001