slit_dec_x_a = -0.1704010755187174
slit_dec_y_a = -0.1956586180351446
slit_dec_x_b = 0.175
slit_dec_y_b = -1.792231419444049e-96
slit_defocus = 0.021384454862289376
slit_tilt_x = 1.1140465836685063
slit_tilt_y = -8.538410244966618
slit_tilt_z = -8.991613424862365
d_slit_col = 1594.3099483516924
coll_tilt_x = 0.11323216374111433
coll_tilt_y = -0.028909313354539404
ech_G = 31.613225730221707
ech_blaze = -74.9748284051155
ech_gamma = 1.1389824982002683
echelle_z = 0.07477395483404076
d_col_trf = -1588.0172251540318
trf_mirror_tilt_x = 0.0262970050320279
trf_mirror_tilt_y = 0.162190744529772
d_col_grm = -0.004799358661273257
grism_dec_x = 236.42334010336552
grism_dec_y = 0.03819328047883984
grm_tilt_x = -0.01404876292562063
grm_tilt_y = 2.3052753135378974
grm_G = 222.82400186931974
grm_apex = 17.790959620470804
d_grm_cam  = 21.60982444237991
cam_dec_x = -0.3095479123130221
cam_dec_y = 0.24726947197308294
cam_tilt_x = -0.011059069884855709
cam_tilt_y = 0.003788547985188309
d_cam_ff  = -160.05755851907693
ccd_ff_dec_x = -0.002606370470679264
ccd_ff_dec_y = 0.05301559898587287
ccd_ff_tilt_x = 0.01954617324202001
ccd_ff_tilt_y = -0.5728079404978963
ccd_ff_tilt_z = 0.18004429554892717
d_ff_ccd  = -4.838951611766856
ccd_dec_x = 0.6213999661980524
ccd_dec_y = 5.1571513816748835
ccd_defocus = 0.28063973224037014
ccd_tilt_x = 0.00500632795938555
ccd_tilt_y = -0.01095067444255611
ccd_tilt_z = 5.094008700144602e-06
p = 0.0001