slit_dec_x_a = -0.17039415265210464
slit_dec_y_a = -0.1960153409710498
slit_dec_x_b = 0.175
slit_dec_y_b = -1.4841611515229751e-96
slit_defocus = 0.005585272052647774
slit_tilt_x = 1.1861481091653767
slit_tilt_y = -8.540051902410497
slit_tilt_z = -8.990842847576769
d_slit_col = 1594.2944760991238
coll_tilt_x = 0.08870504264637011
coll_tilt_y = -0.031839356254374236
ech_G = 31.610648499528878
ech_blaze = -74.97683109765488
ech_gamma = 1.1403998762367809
echelle_z = 0.07482453385781727
d_col_trf = -1588.0185476906868
trf_mirror_tilt_x = 0.13865546150845987
trf_mirror_tilt_y = 0.07751671626992981
d_col_grm = -0.00953226345053251
grism_dec_x = 236.43431768243883
grism_dec_y = 0.03417954543351894
grm_tilt_x = -0.01585351361666057
grm_tilt_y = 2.304382020245249
grm_G = 222.82516946555148
grm_apex = 17.81512707775041
d_grm_cam  = 21.60848459553695
cam_dec_x = -0.3021245527909677
cam_dec_y = 0.2503131772452767
cam_tilt_x = -0.018435322693493645
cam_tilt_y = -0.015083079529622692
d_cam_ff  = -160.40097351929978
ccd_ff_dec_x = -0.00352614738621344
ccd_ff_dec_y = 0.0002546751962442334
ccd_ff_tilt_x = 0.14605203980841888
ccd_ff_tilt_y = -0.5720780642408345
ccd_ff_tilt_z = 0.17257006072530529
d_ff_ccd  = -4.811297751018962
ccd_dec_x = 0.62066633772533
ccd_dec_y = 5.155291405934241
ccd_defocus = 0.3162808557383015
ccd_tilt_x = 0.007714260312520657
ccd_tilt_y = -0.014134922360389926
ccd_tilt_z = 3.16388745373358e-06
p = 1.0837499999999999e-05