slit_dec_x_a = -0.1704010755187174
slit_dec_y_a = -0.1956586180351446
slit_dec_x_b = 0.175
slit_dec_y_b = -1.8259192847560914e-96
slit_defocus = 0.021373562721850998
slit_tilt_x = 1.1139819817321395
slit_tilt_y = -8.538485591374393
slit_tilt_z = -8.991641322481252
d_slit_col = 1594.310018712322
coll_tilt_x = 0.1131386279270241
coll_tilt_y = -0.028887077567660336
ech_G = 31.61322863947226
ech_blaze = -74.97482180826266
ech_gamma = 1.1389740868577933
echelle_z = 0.07477143836980507
d_col_trf = -1588.0172269452098
trf_mirror_tilt_x = 0.026301898309103542
trf_mirror_tilt_y = 0.16219887447222944
d_col_grm = -0.004791704573763726
grism_dec_x = 236.42333073230213
grism_dec_y = 0.03819491322377477
grm_tilt_x = -0.014049591263324479
grm_tilt_y = 2.305278073398278
grm_G = 222.82400246786608
grm_apex = 17.791061764306036
d_grm_cam  = 21.60981690779075
cam_dec_x = -0.30951310994749154
cam_dec_y = 0.24727247933381577
cam_tilt_x = -0.011096600450349279
cam_tilt_y = 0.0038355864692151587
d_cam_ff  = -160.05738833447418
ccd_ff_dec_x = -0.0025992553218873397
ccd_ff_dec_y = 0.052990322174488104
ccd_ff_tilt_x = 0.019513325167709143
ccd_ff_tilt_y = -0.5727960107314933
ccd_ff_tilt_z = 0.1800512645917711
d_ff_ccd  = -4.838920796525041
ccd_dec_x = 0.6214077246183072
ccd_dec_y = 5.157148565730703
ccd_defocus = 0.2807721649134457
ccd_tilt_x = 0.00509828452625245
ccd_tilt_y = -0.010926646706257315
ccd_tilt_z = 5.066111216693221e-06
p = 0.0001