slit_dec_x_a = -0.181778666534
slit_dec_y_a = -0.18243150017
slit_dec_x_b = 0.14512077562974193
slit_dec_y_b = -0.05510809031835813
slit_defocus = -0.013799740183695756
slit_tilt_x = 1.0541034331064063
slit_tilt_y = -8.559925655326058
slit_tilt_z = -9.026897860855641
d_slit_col = 1594.2903015223458
coll_tilt_x = 0.12140769194060486
coll_tilt_y = -0.026493582993047205
ech_G = 31.614563507903025
ech_blaze = -74.99489110922407
ech_gamma = 1.1556434020044462
echelle_z = 0.05700254719960263
d_col_trf = -1588.0163637239918
trf_mirror_tilt_x = 0.0073019251199171855
trf_mirror_tilt_y = 0.15549793337041629
d_col_grm = 0.03569355156680582
grism_dec_x = 236.38325562029937
grism_dec_y = 0.009223023817416885
grm_tilt_x = -0.023507164818786747
grm_tilt_y = 2.3257924524640186
grm_G = 222.78407219379952
grm_apex = 17.76651534915868
d_grm_cam  = 21.604703295316334
cam_dec_x = -0.2710382955151744
cam_dec_y = 0.29094062642417645
cam_tilt_x = 0.012430914137140979
cam_tilt_y = 0.008805334345303315
d_cam_ff  = -160.07705879623228
ccd_ff_dec_x = -0.023799665361393847
ccd_ff_dec_y = 0.04204592178811701
ccd_ff_tilt_x = 0.03352381586088244
ccd_ff_tilt_y = -0.5909790848661627
ccd_ff_tilt_z = 0.1719093520904328
d_ff_ccd  = -4.816020677887775
ccd_dec_x = 0.5532940177849234
ccd_dec_y = 5.107636623091975
ccd_defocus = 0.2857029173734389
ccd_tilt_x = 0.032563801405392175
ccd_tilt_y = -0.0021124287868796495
ccd_tilt_z = 4.659747512196716e-06
p = 0.0001