slit_dec_x_a = -0.181778666534
slit_dec_y_a = -0.18243150017
slit_dec_x_b = 0.14512077562974193
slit_dec_y_b = -0.05510809031835813
slit_defocus = -0.013836293581979022
slit_tilt_x = 1.0541358464822086
slit_tilt_y = -8.559992338948664
slit_tilt_z = -9.026885383711615
d_slit_col = 1594.2902768133317
coll_tilt_x = 0.1214347714160419
coll_tilt_y = -0.026534335316882672
ech_G = 31.61456598758506
ech_blaze = -74.99488767664715
ech_gamma = 1.1556451333618856
echelle_z = 0.057002168012708326
d_col_trf = -1588.0163652681144
trf_mirror_tilt_x = 0.007314065179540335
trf_mirror_tilt_y = 0.15544768706334175
d_col_grm = 0.0356753117055104
grism_dec_x = 236.38324175140264
grism_dec_y = 0.009259362637005096
grm_tilt_x = -0.023510193550217152
grm_tilt_y = 2.325786661701339
grm_G = 222.7840706468599
grm_apex = 17.76646156749064
d_grm_cam  = 21.604707826814774
cam_dec_x = -0.2710660860202289
cam_dec_y = 0.2908537584739828
cam_tilt_x = 0.012424580326361349
cam_tilt_y = 0.008787259650214164
d_cam_ff  = -160.0768063544942
ccd_ff_dec_x = -0.023803916098030706
ccd_ff_dec_y = 0.04203734393461199
ccd_ff_tilt_x = 0.03349104668875775
ccd_ff_tilt_y = -0.5909767826384238
ccd_ff_tilt_z = 0.17192482671931167
d_ff_ccd  = -4.815994606950426
ccd_dec_x = 0.5532983521255184
ccd_dec_y = 5.107630274262581
ccd_defocus = 0.2857161246266282
ccd_tilt_x = 0.03261109625182538
ccd_tilt_y = -0.0021582903640105376
ccd_tilt_z = 4.639633192198579e-06
p = 0.0001