slit_dec_x_a = -0.181778666534
slit_dec_y_a = -0.18243150017
slit_dec_x_b = 0.14512077562974193
slit_dec_y_b = -0.05510809031835813
slit_defocus = -0.0022047058096136512
slit_tilt_x = 1.1346803255787468
slit_tilt_y = -8.568308998372322
slit_tilt_z = -9.003617598657318
d_slit_col = 1594.3039123457827
coll_tilt_x = 0.08643436020462403
coll_tilt_y = -0.022036403566228862
ech_G = 31.610917546613297
ech_blaze = -74.99574395596268
ech_gamma = 1.1581495219080402
echelle_z = 0.05721873543403169
d_col_trf = -1588.016308039158
trf_mirror_tilt_x = 0.1225160254085605
trf_mirror_tilt_y = 0.01869189343353235
d_col_grm = 0.014998295014779565
grism_dec_x = 236.3974809793712
grism_dec_y = -0.005038783344771026
grm_tilt_x = -0.024709524467639507
grm_tilt_y = 2.327403792993177
grm_G = 222.78575767362278
grm_apex = 17.80915042765713
d_grm_cam  = 21.60442331192546
cam_dec_x = -0.2836284440909974
cam_dec_y = 0.28973782309204493
cam_tilt_x = 0.004344215487917372
cam_tilt_y = -0.027805007091962382
d_cam_ff  = -160.56964621359393
ccd_ff_dec_x = -0.022945138594239658
ccd_ff_dec_y = -0.0477820229764378
ccd_ff_tilt_x = 0.16505265978626632
ccd_ff_tilt_y = -0.5895418677681726
ccd_ff_tilt_z = 0.17174937197211104
d_ff_ccd  = -4.785376462145531
ccd_dec_x = 0.551912933196532
ccd_dec_y = 5.106434056513803
ccd_defocus = 0.31579308159961794
ccd_tilt_x = 0.021385070933194975
ccd_tilt_y = -0.004187655192111198
ccd_tilt_z = 3.164922793946072e-07
p = 1.378909090909091e-05