slit_dec_x_a = -0.17042222272296367
slit_dec_y_a = -0.19586264223109653
slit_dec_x_b = 0.175
slit_dec_y_b = -1.996344101020878e-96
slit_defocus = 0.005570150386877189
slit_tilt_x = 1.1861128340137974
slit_tilt_y = -8.540003654854514
slit_tilt_z = -8.990845230919623
d_slit_col = 1594.294439518842
coll_tilt_x = 0.08861221645671663
coll_tilt_y = -0.03177163012664614
ech_G = 31.610670495388018
ech_blaze = -74.97701622121107
ech_gamma = 1.1404545742540246
echelle_z = 0.07490454901957165
d_col_trf = -1588.018565370213
trf_mirror_tilt_x = 0.13867617182005132
trf_mirror_tilt_y = 0.07759170237201321
d_col_grm = -0.00954271393549331
grism_dec_x = 236.43429543730377
grism_dec_y = 0.03422724906476383
grm_tilt_x = -0.015722157454258055
grm_tilt_y = 2.304372031997395
grm_G = 222.8251803592501
grm_apex = 17.815108467825585
d_grm_cam  = 21.60848834277228
cam_dec_x = -0.3021496646838072
cam_dec_y = 0.2503696767458587
cam_tilt_x = -0.01850818139486788
cam_tilt_y = -0.015018993372945016
d_cam_ff  = -160.40099807323426
ccd_ff_dec_x = -0.003546015953838171
ccd_ff_dec_y = 0.00014695082674348134
ccd_ff_tilt_x = 0.14599621861266787
ccd_ff_tilt_y = -0.57210840831333
ccd_ff_tilt_z = 0.17259522038838473
d_ff_ccd  = -4.811232087803454
ccd_dec_x = 0.6206806233099699
ccd_dec_y = 5.15530349540312
ccd_defocus = 0.316302047676296
ccd_tilt_x = 0.007754662885248405
ccd_tilt_y = -0.014013729671119735
ccd_tilt_z = 3.1772910532174813e-06
p = 1.378909090909091e-05