slit_dec_x_a = -0.181778666534
slit_dec_y_a = -0.18243150017
slit_dec_x_b = 0.14512077562974193
slit_dec_y_b = -0.05510809031835813
slit_defocus = -0.013795736859437736
slit_tilt_x = 1.054074482838788
slit_tilt_y = -8.559942526536998
slit_tilt_z = -9.026862675775234
d_slit_col = 1594.2902936124196
coll_tilt_x = 0.12150564997776866
coll_tilt_y = -0.026484525223053623
ech_G = 31.614568131863297
ech_blaze = -74.99489178667686
ech_gamma = 1.1556402409974305
echelle_z = 0.05700566137981704
d_col_trf = -1588.0163634363048
trf_mirror_tilt_x = 0.0072499456582054
trf_mirror_tilt_y = 0.15544874947796528
d_col_grm = 0.035646951155073665
grism_dec_x = 236.38324735812316
grism_dec_y = 0.00922986561276195
grm_tilt_x = -0.023508999464069154
grm_tilt_y = 2.3257916012796094
grm_G = 222.78407379797284
grm_apex = 17.76652492534483
d_grm_cam  = 21.60469531873951
cam_dec_x = -0.27108053642940994
cam_dec_y = 0.29084964513144024
cam_tilt_x = 0.012459841651105608
cam_tilt_y = 0.008928297774155951
d_cam_ff  = -160.07654341572257
ccd_ff_dec_x = -0.02379077343579009
ccd_ff_dec_y = 0.04209366720482018
ccd_ff_tilt_x = 0.033510757312393356
ccd_ff_tilt_y = -0.5909776042844095
ccd_ff_tilt_z = 0.17191865570189058
d_ff_ccd  = -4.815877115636508
ccd_dec_x = 0.5532979260288378
ccd_dec_y = 5.10762150088052
ccd_defocus = 0.28575517001438966
ccd_tilt_x = 0.032586108684354256
ccd_tilt_y = -0.0021297029759893833
ccd_tilt_z = 4.716603994552766e-06
p = 0.0001