slit_dec_x_a = -0.1704010755187174
slit_dec_y_a = -0.1956586180351446
slit_dec_x_b = 0.175
slit_dec_y_b = -1.8417040915653006e-96
slit_defocus = 0.02133958510655952
slit_tilt_x = 1.114075460146828
slit_tilt_y = -8.538403520782518
slit_tilt_z = -8.991567601218202
d_slit_col = 1594.3099408328296
coll_tilt_x = 0.113201424068198
coll_tilt_y = -0.028876720174813707
ech_G = 31.61323067652581
ech_blaze = -74.97482309921314
ech_gamma = 1.1389763037528176
echelle_z = 0.07477213172978725
d_col_trf = -1588.0172247043974
trf_mirror_tilt_x = 0.026364221779629618
trf_mirror_tilt_y = 0.16229834936506365
d_col_grm = -0.004803228428022302
grism_dec_x = 236.42332172904446
grism_dec_y = 0.03819669490936331
grm_tilt_x = -0.014052641724939727
grm_tilt_y = 2.3052778811249333
grm_G = 222.82400090049552
grm_apex = 17.790999043034546
d_grm_cam  = 21.609816831770353
cam_dec_x = -0.3095194573844319
cam_dec_y = 0.24726947136654093
cam_tilt_x = -0.011122896442999805
cam_tilt_y = 0.0037590474226861003
d_cam_ff  = -160.05759390408073
ccd_ff_dec_x = -0.0026050455043381596
ccd_ff_dec_y = 0.05308627408845431
ccd_ff_tilt_x = 0.019614630914605247
ccd_ff_tilt_y = -0.572801378933658
ccd_ff_tilt_z = 0.18005757702350886
d_ff_ccd  = -4.838918907346483
ccd_dec_x = 0.6214049825811128
ccd_dec_y = 5.157147771558522
ccd_defocus = 0.28076337046835426
ccd_tilt_x = 0.00503953060039198
ccd_tilt_y = -0.010823621733366
ccd_tilt_z = 5.032629440180538e-06
p = 0.0001