slit_dec_x_a = -0.181778666534
slit_dec_y_a = -0.18243150017
slit_dec_x_b = 0.14512077562974193
slit_dec_y_b = -0.05510809031835813
slit_defocus = -0.002211515630758492
slit_tilt_x = 1.1346949127592574
slit_tilt_y = -8.568215794273822
slit_tilt_z = -9.003670083000879
d_slit_col = 1594.3039106729689
coll_tilt_x = 0.0864299789454604
coll_tilt_y = -0.022068456262600098
ech_G = 31.61087010473579
ech_blaze = -74.99549338583354
ech_gamma = 1.1581174364270723
echelle_z = 0.057352834740741356
d_col_trf = -1588.0163274701054
trf_mirror_tilt_x = 0.12253110198123654
trf_mirror_tilt_y = 0.018674283507667203
d_col_grm = 0.015053877944261287
grism_dec_x = 236.39747356104397
grism_dec_y = -0.005010698787729218
grm_tilt_x = -0.024714518652201034
grm_tilt_y = 2.3272833466641907
grm_G = 222.78577039541014
grm_apex = 17.809168467637285
d_grm_cam  = 21.604334938943033
cam_dec_x = -0.28360431783285567
cam_dec_y = 0.2897104729876806
cam_tilt_x = 0.004352202118685868
cam_tilt_y = -0.027799149260093362
d_cam_ff  = -160.56970498261262
ccd_ff_dec_x = -0.02269202251394111
ccd_ff_dec_y = -0.04779418238988985
ccd_ff_tilt_x = 0.16503949228640982
ccd_ff_tilt_y = -0.5896876956940136
ccd_ff_tilt_z = 0.17172066686109644
d_ff_ccd  = -4.7853708128905135
ccd_dec_x = 0.552016664576312
ccd_dec_y = 5.106157158762271
ccd_defocus = 0.31574577263764597
ccd_tilt_x = 0.021377506372915748
ccd_tilt_y = -0.004207801172139033
ccd_tilt_z = 3.7778285050279304e-07
p = 2.56575e-06