slit_dec_x_a = -0.181778666534
slit_dec_y_a = -0.18243150017
slit_dec_x_b = 0.14512077562974193
slit_dec_y_b = -0.05510809031835813
slit_defocus = -0.013753454239147462
slit_tilt_x = 1.054126216335525
slit_tilt_y = -8.559968244539451
slit_tilt_z = -9.026865786328916
d_slit_col = 1594.2902456071613
coll_tilt_x = 0.12143471789410036
coll_tilt_y = -0.02653520811900632
ech_G = 31.614564919065593
ech_blaze = -74.99488157732517
ech_gamma = 1.1556485288037504
echelle_z = 0.0570014762625428
d_col_trf = -1588.0163610816317
trf_mirror_tilt_x = 0.007339640133441244
trf_mirror_tilt_y = 0.1554512671889153
d_col_grm = 0.03561736379575728
grism_dec_x = 236.38327015998553
grism_dec_y = 0.009196938928026345
grm_tilt_x = -0.023509293359859074
grm_tilt_y = 2.325792069805039
grm_G = 222.78406836477674
grm_apex = 17.76655567057017
d_grm_cam  = 21.60469507054149
cam_dec_x = -0.271088646979151
cam_dec_y = 0.29086733362412587
cam_tilt_x = 0.012388564958985365
cam_tilt_y = 0.008836174518784106
d_cam_ff  = -160.07710390388706
ccd_ff_dec_x = -0.023798651814155566
ccd_ff_dec_y = 0.04209019500770978
ccd_ff_tilt_x = 0.033524830588501066
ccd_ff_tilt_y = -0.5909777175330806
ccd_ff_tilt_z = 0.17191104200196974
d_ff_ccd  = -4.815992627800051
ccd_dec_x = 0.5532977730059495
ccd_dec_y = 5.107628097618546
ccd_defocus = 0.285680551938099
ccd_tilt_x = 0.032600120424655425
ccd_tilt_y = -0.0021657880935182844
ccd_tilt_z = 4.621829895457245e-06
p = 0.0001