slit_dec_x_a = -0.17042639607858884
slit_dec_y_a = -0.19588389927684297
slit_dec_x_b = 0.175
slit_dec_y_b = -1.909358975757596e-96
slit_defocus = 0.005570171066336411
slit_tilt_x = 1.1861158759237793
slit_tilt_y = -8.54000159317516
slit_tilt_z = -8.990851617460507
d_slit_col = 1594.2944350882196
coll_tilt_x = 0.08861386214031874
coll_tilt_y = -0.03176942703901322
ech_G = 31.610667664507687
ech_blaze = -74.97704114485614
ech_gamma = 1.1404562252065196
echelle_z = 0.0749275862970589
d_col_trf = -1588.0185654836791
trf_mirror_tilt_x = 0.13868695857282512
trf_mirror_tilt_y = 0.07760416187118266
d_col_grm = -0.009532834228661894
grism_dec_x = 236.43428075273843
grism_dec_y = 0.03424156236108522
grm_tilt_x = -0.015722437573028984
grm_tilt_y = 2.30436798548639
grm_G = 222.82518833791568
grm_apex = 17.81510339968416
d_grm_cam  = 21.60848454699772
cam_dec_x = -0.30214211517421813
cam_dec_y = 0.25037650236078185
cam_tilt_x = -0.018434025513650885
cam_tilt_y = -0.015016829198353957
d_cam_ff  = -160.40098406380864
ccd_ff_dec_x = -0.0035497534454144494
ccd_ff_dec_y = 0.0001469552946297764
ccd_ff_tilt_x = 0.14600312086503223
ccd_ff_tilt_y = -0.5721119776654764
ccd_ff_tilt_z = 0.17258252993648002
d_ff_ccd  = -4.811239729558595
ccd_dec_x = 0.620671267602263
ccd_dec_y = 5.155292754869394
ccd_defocus = 0.3163096413947313
ccd_tilt_x = 0.007773416769406196
ccd_tilt_y = -0.01402722553548012
ccd_tilt_z = 3.168947575963084e-06
p = 1.2425833333333334e-05