slit_dec_x_a = -0.17040059903872204
slit_dec_y_a = -0.19586613116831483
slit_dec_x_b = 0.175
slit_dec_y_b = -2.3523733544263582e-96
slit_defocus = 0.005518069572336555
slit_tilt_x = 1.1861103665105561
slit_tilt_y = -8.540092213808935
slit_tilt_z = -8.990854789955376
d_slit_col = 1594.2944449550346
coll_tilt_x = 0.08856797632596704
coll_tilt_y = -0.031722596228152156
ech_G = 31.610653605556543
ech_blaze = -74.97704778964356
ech_gamma = 1.1405301825376977
echelle_z = 0.07534748833484405
d_col_trf = -1588.0185691469321
trf_mirror_tilt_x = 0.13869345161349073
trf_mirror_tilt_y = 0.07752631832570588
d_col_grm = -0.009535268386641154
grism_dec_x = 236.43432660645755
grism_dec_y = 0.03424502834171656
grm_tilt_x = -0.015863564322991488
grm_tilt_y = 2.3043646185647373
grm_G = 222.82521169999768
grm_apex = 17.815138060569787
d_grm_cam  = 21.608491806743242
cam_dec_x = -0.302112787765667
cam_dec_y = 0.2503499087288166
cam_tilt_x = -0.018172439055138368
cam_tilt_y = -0.015012980711944904
d_cam_ff  = -160.40095234775828
ccd_ff_dec_x = -0.003557370912685805
ccd_ff_dec_y = 0.00013834626042975114
ccd_ff_tilt_x = 0.14604700025172923
ccd_ff_tilt_y = -0.5720310993819347
ccd_ff_tilt_z = 0.17254266581457287
d_ff_ccd  = -4.811239277128096
ccd_dec_x = 0.6206644818336292
ccd_dec_y = 5.155291772439228
ccd_defocus = 0.3163203182209471
ccd_tilt_x = 0.007815468424203852
ccd_tilt_y = -0.014000046514057429
ccd_tilt_z = 3.311017594143578e-06
p = 9.51690909090909e-06