slit_dec_x_a = -0.181778666534
slit_dec_y_a = -0.18243150017
slit_dec_x_b = 0.14512077562974193
slit_dec_y_b = -0.05510809031835813
slit_defocus = -0.002199761189506727
slit_tilt_x = 1.134676680109064
slit_tilt_y = -8.568353651442726
slit_tilt_z = -9.00361924793866
d_slit_col = 1594.3039563305936
coll_tilt_x = 0.0864465649096531
coll_tilt_y = -0.022049905104051106
ech_G = 31.61088200607544
ech_blaze = -74.9955093709828
ech_gamma = 1.1581336808646083
echelle_z = 0.05678464795826097
d_col_trf = -1588.0163786556961
trf_mirror_tilt_x = 0.1225235834394937
trf_mirror_tilt_y = 0.018704235368949957
d_col_grm = 0.014997444810429987
grism_dec_x = 236.3974693168061
grism_dec_y = -0.005058708160868957
grm_tilt_x = -0.02463175855317706
grm_tilt_y = 2.3272934751699346
grm_G = 222.7857722609141
grm_apex = 17.80911046708855
d_grm_cam  = 21.604698831253337
cam_dec_x = -0.2836446410772439
cam_dec_y = 0.2897659184156158
cam_tilt_x = 0.004313390778448124
cam_tilt_y = -0.02778748548692
d_cam_ff  = -160.56960067160784
ccd_ff_dec_x = -0.022844842919567884
ccd_ff_dec_y = -0.04777346967075143
ccd_ff_tilt_x = 0.16503999767136127
ccd_ff_tilt_y = -0.5893804601804842
ccd_ff_tilt_z = 0.17195553403747044
d_ff_ccd  = -4.7853854705704855
ccd_dec_x = 0.5519231116655724
ccd_dec_y = 5.106406252997061
ccd_defocus = 0.3158200371045521
ccd_tilt_x = 0.021402529334011468
ccd_tilt_y = -0.004218635584172704
ccd_tilt_z = 2.1054287011961629e-07
p = 9.51690909090909e-06