slit_dec_x_a = -0.181778666534
slit_dec_y_a = -0.18243150017
slit_dec_x_b = 0.14512077562974193
slit_dec_y_b = -0.05510809031835813
slit_defocus = -0.013775728132863105
slit_tilt_x = 1.0541445507980662
slit_tilt_y = -8.559990771876834
slit_tilt_z = -9.02685137583105
d_slit_col = 1594.2902899064186
coll_tilt_x = 0.12144327603034273
coll_tilt_y = -0.026463610624704995
ech_G = 31.614560768631232
ech_blaze = -74.99488604700792
ech_gamma = 1.1556462901436426
echelle_z = 0.05699746073061062
d_col_trf = -1588.0163637638982
trf_mirror_tilt_x = 0.007341242349304972
trf_mirror_tilt_y = 0.1554567111323376
d_col_grm = 0.035642340365254085
grism_dec_x = 236.38322791568635
grism_dec_y = 0.00927364085904351
grm_tilt_x = -0.023506990533791322
grm_tilt_y = 2.3257850493824
grm_G = 222.78407281291032
grm_apex = 17.7665357419979
d_grm_cam  = 21.60470230290494
cam_dec_x = -0.27113850781089566
cam_dec_y = 0.2908321108855599
cam_tilt_x = 0.012450994254747704
cam_tilt_y = 0.008836906240084038
d_cam_ff  = -160.07727549557163
ccd_ff_dec_x = -0.0238059919488533
ccd_ff_dec_y = 0.042030008093162714
ccd_ff_tilt_x = 0.03344150941191903
ccd_ff_tilt_y = -0.5909782447679188
ccd_ff_tilt_z = 0.17192260686105798
d_ff_ccd  = -4.816003856149759
ccd_dec_x = 0.5532982026884424
ccd_dec_y = 5.107629055302182
ccd_defocus = 0.28576151777942305
ccd_tilt_x = 0.03255474645046543
ccd_tilt_y = -0.002192619529451334
ccd_tilt_z = 4.726404990735822e-06
p = 0.0001