slit_dec_x_a = -0.1704010755187174
slit_dec_y_a = -0.1956586180351446
slit_dec_x_b = 0.175
slit_dec_y_b = -1.8323134805400801e-96
slit_defocus = 0.021391724884709636
slit_tilt_x = 1.1139978822161347
slit_tilt_y = -8.538468138163665
slit_tilt_z = -8.991653998240821
d_slit_col = 1594.3099181143525
coll_tilt_x = 0.11325326745005615
coll_tilt_y = -0.028885329642091798
ech_G = 31.613234772514353
ech_blaze = -74.97482786747558
ech_gamma = 1.1389722790778511
echelle_z = 0.07476740102493253
d_col_trf = -1588.017232288321
trf_mirror_tilt_x = 0.026318637405518066
trf_mirror_tilt_y = 0.16219074179240658
d_col_grm = -0.004812951488718752
grism_dec_x = 236.42330660434658
grism_dec_y = 0.03816057043877003
grm_tilt_x = -0.014057026800533487
grm_tilt_y = 2.3052757877181826
grm_G = 222.8240006553898
grm_apex = 17.7910826963916
d_grm_cam  = 21.609815714418392
cam_dec_x = -0.3095714523212615
cam_dec_y = 0.247265449959318
cam_tilt_x = -0.011043617792234603
cam_tilt_y = 0.003822295564626749
d_cam_ff  = -160.05750412896668
ccd_ff_dec_x = -0.002598341205041402
ccd_ff_dec_y = 0.053061972156069705
ccd_ff_tilt_x = 0.01958685830551148
ccd_ff_tilt_y = -0.572803164433377
ccd_ff_tilt_z = 0.1800524536599764
d_ff_ccd  = -4.838957564581535
ccd_dec_x = 0.6213999465569531
ccd_dec_y = 5.157150148063066
ccd_defocus = 0.2807892164722934
ccd_tilt_x = 0.00498155210094022
ccd_tilt_y = -0.010907544885513426
ccd_tilt_z = 5.125301723485639e-06
p = 0.0001