slit_dec_x_a = -0.181778666534
slit_dec_y_a = -0.18243150017
slit_dec_x_b = 0.14512077562974193
slit_dec_y_b = -0.05510809031835813
slit_defocus = -0.0022061380602156327
slit_tilt_x = 1.1346860535970635
slit_tilt_y = -8.568231986801669
slit_tilt_z = -9.003673143365372
d_slit_col = 1594.3039557843301
coll_tilt_x = 0.08644340576760698
coll_tilt_y = -0.022047428561536624
ech_G = 31.610881048237182
ech_blaze = -74.99554661785166
ech_gamma = 1.1581340194684446
echelle_z = 0.0575571125226521
d_col_trf = -1588.0162493716593
trf_mirror_tilt_x = 0.12254439554944231
trf_mirror_tilt_y = 0.018673233446932416
d_col_grm = 0.015060764971100175
grism_dec_x = 236.3974688864236
grism_dec_y = -0.005038474662824344
grm_tilt_x = -0.024723260179391287
grm_tilt_y = 2.327313638775452
grm_G = 222.78582012671401
grm_apex = 17.809204103125282
d_grm_cam  = 21.604373783596586
cam_dec_x = -0.283586441791895
cam_dec_y = 0.2897506979173346
cam_tilt_x = 0.0043408410805468
cam_tilt_y = -0.027824508702534164
d_cam_ff  = -160.5698149057082
ccd_ff_dec_x = -0.022751514271110374
ccd_ff_dec_y = -0.04778654327548479
ccd_ff_tilt_x = 0.1650205650627716
ccd_ff_tilt_y = -0.5896749285986386
ccd_ff_tilt_z = 0.1717311978561383
d_ff_ccd  = -4.785392789591452
ccd_dec_x = 0.5519536237052535
ccd_dec_y = 5.106152890223107
ccd_defocus = 0.31574577314373753
ccd_tilt_x = 0.021341589849440002
ccd_tilt_y = -0.004225401519622645
ccd_tilt_z = 4.031320127677152e-07
p = 1.9640833333333333e-05