slit_dec_x_a = -0.17040183158785357
slit_dec_y_a = -0.19597094694330605
slit_dec_x_b = 0.175
slit_dec_y_b = -1.4391146753454116e-96
slit_defocus = 0.005580418323041155
slit_tilt_x = 1.1861737023154884
slit_tilt_y = -8.54002717784377
slit_tilt_z = -8.990836994597403
d_slit_col = 1594.2944570394066
coll_tilt_x = 0.08883443791250331
coll_tilt_y = -0.03182230480471533
ech_G = 31.6106820496709
ech_blaze = -74.97688654003188
ech_gamma = 1.1404203986184407
echelle_z = 0.07482106826014581
d_col_trf = -1588.0185273040781
trf_mirror_tilt_x = 0.1386750271085033
trf_mirror_tilt_y = 0.07752587791895632
d_col_grm = -0.009519637678502155
grism_dec_x = 236.43432843785303
grism_dec_y = 0.03416756892409562
grm_tilt_x = -0.015810536914259824
grm_tilt_y = 2.3043566247785736
grm_G = 222.82517270521382
grm_apex = 17.81513874972948
d_grm_cam  = 21.608485044409242
cam_dec_x = -0.3021233198835929
cam_dec_y = 0.25032634632750433
cam_tilt_x = -0.01848850822216547
cam_tilt_y = -0.015052983030777678
d_cam_ff  = -160.40093254576138
ccd_ff_dec_x = -0.003535178344828049
ccd_ff_dec_y = 0.00022023342352478473
ccd_ff_tilt_x = 0.14603015320156837
ccd_ff_tilt_y = -0.572052854729681
ccd_ff_tilt_z = 0.17257686972758673
d_ff_ccd  = -4.81126914920721
ccd_dec_x = 0.6206868733060453
ccd_dec_y = 5.1553230441715465
ccd_defocus = 0.3163254121498099
ccd_tilt_x = 0.007706235363098381
ccd_tilt_y = -0.014097740033808344
ccd_tilt_z = 3.134056617063427e-06
p = 1.9640833333333333e-05