slit_dec_x_a = -0.1704010755187174
slit_dec_y_a = -0.1956586180351446
slit_dec_x_b = 0.175
slit_dec_y_b = -1.836829417269292e-96
slit_defocus = 0.02140842941873503
slit_tilt_x = 1.1140420965217985
slit_tilt_y = -8.538541459190096
slit_tilt_z = -8.991665166499468
d_slit_col = 1594.3099869248433
coll_tilt_x = 0.11317020137839524
coll_tilt_y = -0.028877630931206814
ech_G = 31.61323384628833
ech_blaze = -74.97482690403105
ech_gamma = 1.138975097914768
echelle_z = 0.07476802656477324
d_col_trf = -1588.0172348448536
trf_mirror_tilt_x = 0.02633706731444798
trf_mirror_tilt_y = 0.162203274245935
d_col_grm = -0.0048331226851398915
grism_dec_x = 236.42334605478894
grism_dec_y = 0.03813338154392436
grm_tilt_x = -0.014055598017913682
grm_tilt_y = 2.305278593899824
grm_G = 222.82400487878908
grm_apex = 17.79101494149957
d_grm_cam  = 21.609816350475437
cam_dec_x = -0.3095550389667056
cam_dec_y = 0.24730858565878872
cam_tilt_x = -0.011072008493705002
cam_tilt_y = 0.0037797056019858895
d_cam_ff  = -160.05728745654366
ccd_ff_dec_x = -0.0026004285809780557
ccd_ff_dec_y = 0.05305121317350414
ccd_ff_tilt_x = 0.019474133934414745
ccd_ff_tilt_y = -0.572805940152002
ccd_ff_tilt_z = 0.18004994062140145
d_ff_ccd  = -4.839030653787319
ccd_dec_x = 0.6214094168100526
ccd_dec_y = 5.157147796258967
ccd_defocus = 0.28078695363667167
ccd_tilt_x = 0.004951525207403071
ccd_tilt_y = -0.010930432509558918
ccd_tilt_z = 5.0850263234091325e-06
p = 0.0001