slit_dec_x_a = -0.181778666534
slit_dec_y_a = -0.18243150017
slit_dec_x_b = 0.14512077562974193
slit_dec_y_b = -0.05510809031835813
slit_defocus = -0.013803014204303639
slit_tilt_x = 1.0541255836316812
slit_tilt_y = -8.559976717301675
slit_tilt_z = -9.026836893174298
d_slit_col = 1594.2903039449075
coll_tilt_x = 0.12138365070286965
coll_tilt_y = -0.026505116570573313
ech_G = 31.614559814920028
ech_blaze = -74.99488335401314
ech_gamma = 1.1556424760588837
echelle_z = 0.05699891481438327
d_col_trf = -1588.0163659095517
trf_mirror_tilt_x = 0.007285528077955566
trf_mirror_tilt_y = 0.15545364703063877
d_col_grm = 0.035621137021591406
grism_dec_x = 236.38319771404628
grism_dec_y = 0.009207569606374021
grm_tilt_x = -0.02349995571865049
grm_tilt_y = 2.325790901081134
grm_G = 222.78406689118052
grm_apex = 17.766465702062927
d_grm_cam  = 21.60470136031183
cam_dec_x = -0.2710749799903752
cam_dec_y = 0.29088379852325935
cam_tilt_x = 0.012423573763951298
cam_tilt_y = 0.008813669867160378
d_cam_ff  = -160.07691003074626
ccd_ff_dec_x = -0.02380224741802904
ccd_ff_dec_y = 0.042034250475978675
ccd_ff_tilt_x = 0.03345514216024247
ccd_ff_tilt_y = -0.590974670561753
ccd_ff_tilt_z = 0.17191229334383543
d_ff_ccd  = -4.815910446590395
ccd_dec_x = 0.5532951034670129
ccd_dec_y = 5.10763290044828
ccd_defocus = 0.2858043552284001
ccd_tilt_x = 0.03261955728326811
ccd_tilt_y = -0.002170740277705509
ccd_tilt_z = 4.641799284885777e-06
p = 0.0001