slit_dec_x_a = -0.17039522842799193
slit_dec_y_a = -0.19581025882333652
slit_dec_x_b = 0.175
slit_dec_y_b = -2.6474737468095615e-96
slit_defocus = 0.005529460913144641
slit_tilt_x = 1.1860995847035483
slit_tilt_y = -8.54013260629813
slit_tilt_z = -8.990810280078746
d_slit_col = 1594.2944859098297
coll_tilt_x = 0.08846135011254622
coll_tilt_y = -0.03173440973748209
ech_G = 31.610661335315957
ech_blaze = -74.97714687291469
ech_gamma = 1.1405389434569113
echelle_z = 0.07546834096421871
d_col_trf = -1588.018617225911
trf_mirror_tilt_x = 0.13864238917234467
trf_mirror_tilt_y = 0.07754597496277765
d_col_grm = -0.009544643105832515
grism_dec_x = 236.43439383612062
grism_dec_y = 0.034226135088679124
grm_tilt_x = -0.01579665165960114
grm_tilt_y = 2.304358065987026
grm_G = 222.82518967189878
grm_apex = 17.815111328505235
d_grm_cam  = 21.608502890587463
cam_dec_x = -0.30213375297429257
cam_dec_y = 0.25033602927720383
cam_tilt_x = -0.018355447576647872
cam_tilt_y = -0.015027076510810216
d_cam_ff  = -160.40101375511816
ccd_ff_dec_x = -0.0035227850252815903
ccd_ff_dec_y = 0.00015764324950768107
ccd_ff_tilt_x = 0.14601846173354446
ccd_ff_tilt_y = -0.5720591758752792
ccd_ff_tilt_z = 0.17253035010812767
d_ff_ccd  = -4.811212753919929
ccd_dec_x = 0.6206379724256174
ccd_dec_y = 5.155264061565016
ccd_defocus = 0.31634967278255605
ccd_tilt_x = 0.007801490887919316
ccd_tilt_y = -0.014018578417140262
ccd_tilt_z = 3.359777005840466e-06
p = 4.446818181818182e-06