slit_dec_x_a = -0.181778666534
slit_dec_y_a = -0.18243150017
slit_dec_x_b = 0.14512077562974193
slit_dec_y_b = -0.05510809031835813
slit_defocus = -0.002239040906728089
slit_tilt_x = 1.1347080801361409
slit_tilt_y = -8.568377457123733
slit_tilt_z = -9.003585980069843
d_slit_col = 1594.3039531242782
coll_tilt_x = 0.08648499625069864
coll_tilt_y = -0.022052018028024176
ech_G = 31.61093275376069
ech_blaze = -74.99580526724831
ech_gamma = 1.158227349992922
echelle_z = 0.05646676043243897
d_col_trf = -1588.0164353935081
trf_mirror_tilt_x = 0.12245536785018281
trf_mirror_tilt_y = 0.018677865677795596
d_col_grm = 0.014936306969647817
grism_dec_x = 236.39751471722676
grism_dec_y = -0.005077720532114617
grm_tilt_x = -0.02467319401968814
grm_tilt_y = 2.327370905564495
grm_G = 222.78584344882816
grm_apex = 17.8090553428425
d_grm_cam  = 21.604730509635118
cam_dec_x = -0.2836287616482439
cam_dec_y = 0.28976552802615685
cam_tilt_x = 0.00432450195993738
cam_tilt_y = -0.027771234362051356
d_cam_ff  = -160.56954754049485
ccd_ff_dec_x = -0.022632692688952558
ccd_ff_dec_y = -0.047791567090162315
ccd_ff_tilt_x = 0.16501796751345355
ccd_ff_tilt_y = -0.5894942482928726
ccd_ff_tilt_z = 0.17181222428954823
d_ff_ccd  = -4.785426297478059
ccd_dec_x = 0.5519658735305271
ccd_dec_y = 5.106293643344098
ccd_defocus = 0.3158798601653416
ccd_tilt_x = 0.021400790053286028
ccd_tilt_y = -0.004191872678864479
ccd_tilt_z = 2.2263507343304274e-07
p = 4.446818181818182e-06