slit_dec_x_a = -0.1704010755187174
slit_dec_y_a = -0.1956586180351446
slit_dec_x_b = 0.175
slit_dec_y_b = -1.747246661927877e-96
slit_defocus = 0.02143682594470934
slit_tilt_x = 1.1140113073467028
slit_tilt_y = -8.538481311027835
slit_tilt_z = -8.991689126274126
d_slit_col = 1594.309930232806
coll_tilt_x = 0.11327775511383024
coll_tilt_y = -0.028851865695882977
ech_G = 31.61323356617154
ech_blaze = -74.97483270904824
ech_gamma = 1.1389729537014146
echelle_z = 0.07476566893895066
d_col_trf = -1588.0172295741438
trf_mirror_tilt_x = 0.02626976864464555
trf_mirror_tilt_y = 0.1622314384096522
d_col_grm = -0.004905519234853052
grism_dec_x = 236.42332207847602
grism_dec_y = 0.038219058180375944
grm_tilt_x = -0.014049693319384809
grm_tilt_y = 2.305282026310749
grm_G = 222.8239973321175
grm_apex = 17.791014172176617
d_grm_cam  = 21.609809985521608
cam_dec_x = -0.3095614653603123
cam_dec_y = 0.24726376903328495
cam_tilt_x = -0.011022671872767708
cam_tilt_y = 0.003768313704627837
d_cam_ff  = -160.05769404676894
ccd_ff_dec_x = -0.0026014801661151457
ccd_ff_dec_y = 0.053026019531596795
ccd_ff_tilt_x = 0.019488160614942414
ccd_ff_tilt_y = -0.5728085350377999
ccd_ff_tilt_z = 0.1800512010278036
d_ff_ccd  = -4.8389533199965875
ccd_dec_x = 0.6214016884191439
ccd_dec_y = 5.15714534667589
ccd_defocus = 0.28078790447363716
ccd_tilt_x = 0.004987508745980043
ccd_tilt_y = -0.01093625373434133
ccd_tilt_z = 5.0564568928815696e-06
p = 0.0001