slit_dec_x_a = -0.1704137513407385
slit_dec_y_a = -0.19588847367729034
slit_dec_x_b = 0.175
slit_dec_y_b = -1.7904198408942444e-96
slit_defocus = 0.005595593234774611
slit_tilt_x = 1.1861246889693395
slit_tilt_y = -8.540008535550996
slit_tilt_z = -8.990852131495009
d_slit_col = 1594.294486727921
coll_tilt_x = 0.08868707969460256
coll_tilt_y = -0.03197813907398155
ech_G = 31.610643234723334
ech_blaze = -74.97676825302413
ech_gamma = 1.1402660160457276
echelle_z = 0.07488718230782553
d_col_trf = -1588.0185201391616
trf_mirror_tilt_x = 0.1387029946681646
trf_mirror_tilt_y = 0.07753743384381857
d_col_grm = -0.009525988705929876
grism_dec_x = 236.4343616092249
grism_dec_y = 0.0341574544129448
grm_tilt_x = -0.01588948718574414
grm_tilt_y = 2.3043874212689888
grm_G = 222.82519418286898
grm_apex = 17.815101440179028
d_grm_cam  = 21.608504322472303
cam_dec_x = -0.30210587431622166
cam_dec_y = 0.25032945950522784
cam_tilt_x = -0.018517759259688623
cam_tilt_y = -0.015112595074179357
d_cam_ff  = -160.40096277340157
ccd_ff_dec_x = -0.0035051875982050644
ccd_ff_dec_y = 0.0002643678362589855
ccd_ff_tilt_x = 0.14604147027742714
ccd_ff_tilt_y = -0.5720679845889499
ccd_ff_tilt_z = 0.1725973858351113
d_ff_ccd  = -4.811311542591823
ccd_dec_x = 0.6206908951845919
ccd_dec_y = 5.155291355304974
ccd_defocus = 0.31628202065248084
ccd_tilt_x = 0.007753649548117948
ccd_tilt_y = -0.01410929113670654
ccd_tilt_z = 3.1473158778149103e-06
p = 6.327083333333333e-06