slit_dec_x_a = -0.181778666534
slit_dec_y_a = -0.18243150017
slit_dec_x_b = 0.14512077562974193
slit_dec_y_b = -0.05510809031835813
slit_defocus = -0.0021943785302218806
slit_tilt_x = 1.134670318116551
slit_tilt_y = -8.568222791052461
slit_tilt_z = -9.00362150182212
d_slit_col = 1594.3039463503362
coll_tilt_x = 0.08647190042622001
coll_tilt_y = -0.021968425314594656
ech_G = 31.61090442598045
ech_blaze = -74.99562348351013
ech_gamma = 1.1580950110211417
echelle_z = 0.057548829040088914
d_col_trf = -1588.016141293397
trf_mirror_tilt_x = 0.12250911830082861
trf_mirror_tilt_y = 0.018628447429131653
d_col_grm = 0.01510069622718813
grism_dec_x = 236.39742921952703
grism_dec_y = -0.005019085226011879
grm_tilt_x = -0.024832814052107476
grm_tilt_y = 2.3270698705955617
grm_G = 222.78573092874004
grm_apex = 17.809197727391954
d_grm_cam  = 21.604620594385786
cam_dec_x = -0.28358752688669203
cam_dec_y = 0.2896915653775158
cam_tilt_x = 0.0042791380465716
cam_tilt_y = -0.02779161282269589
d_cam_ff  = -160.5696505179201
ccd_ff_dec_x = -0.02290252883871988
ccd_ff_dec_y = -0.04777219437887254
ccd_ff_tilt_x = 0.1650477931559663
ccd_ff_tilt_y = -0.5896132580862535
ccd_ff_tilt_z = 0.17174615550046338
d_ff_ccd  = -4.785410438712297
ccd_dec_x = 0.5519424909924896
ccd_dec_y = 5.106101074440037
ccd_defocus = 0.31576231744957445
ccd_tilt_x = 0.021320020749023904
ccd_tilt_y = -0.004211361443508341
ccd_tilt_z = 3.700490889611756e-07
p = 6.327083333333333e-06