slit_dec_x_a = -0.181778666534
slit_dec_y_a = -0.18243150017
slit_dec_x_b = 0.14512077562974193
slit_dec_y_b = -0.05510809031835813
slit_defocus = -0.01373088023845618
slit_tilt_x = 1.054123175200643
slit_tilt_y = -8.559975260228416
slit_tilt_z = -9.026953398846818
d_slit_col = 1594.2902709240009
coll_tilt_x = 0.12142850115705697
coll_tilt_y = -0.026429362243143125
ech_G = 31.61456701586805
ech_blaze = -74.99488307309696
ech_gamma = 1.1556463577352818
echelle_z = 0.05699967613438153
d_col_trf = -1588.0163673923469
trf_mirror_tilt_x = 0.007294326370157235
trf_mirror_tilt_y = 0.15546981630491105
d_col_grm = 0.03563434674597099
grism_dec_x = 236.38325255902703
grism_dec_y = 0.00920799647796658
grm_tilt_x = -0.023505958538116167
grm_tilt_y = 2.325788217356448
grm_G = 222.78406706305535
grm_apex = 17.766486388829822
d_grm_cam  = 21.60469985080513
cam_dec_x = -0.2710929860367883
cam_dec_y = 0.2909192248146663
cam_tilt_x = 0.01240952214914942
cam_tilt_y = 0.008828981142079478
d_cam_ff  = -160.07673769828398
ccd_ff_dec_x = -0.02379996990725776
ccd_ff_dec_y = 0.042079199145224504
ccd_ff_tilt_x = 0.03344931003958096
ccd_ff_tilt_y = -0.5909775815545273
ccd_ff_tilt_z = 0.17191482849460957
d_ff_ccd  = -4.815981115683218
ccd_dec_x = 0.553298817771614
ccd_dec_y = 5.107632289752394
ccd_defocus = 0.28577664509380346
ccd_tilt_x = 0.032627459358116034
ccd_tilt_y = -0.002128041058254349
ccd_tilt_z = 4.653581731953563e-06
p = 0.0001