slit_dec_x_a = -0.181778666534
slit_dec_y_a = -0.18243150017
slit_dec_x_b = 0.14512077562974193
slit_dec_y_b = -0.05510809031835813
slit_defocus = -0.0022385789443768113
slit_tilt_x = 1.1347045211065923
slit_tilt_y = -8.568368972531761
slit_tilt_z = -9.003602155549432
d_slit_col = 1594.3039485312893
coll_tilt_x = 0.08649182201393807
coll_tilt_y = -0.022035880088311147
ech_G = 31.610937910033805
ech_blaze = -74.99581781747511
ech_gamma = 1.158231206256451
echelle_z = 0.05648763044829456
d_col_trf = -1588.0163260434624
trf_mirror_tilt_x = 0.12245002085771284
trf_mirror_tilt_y = 0.018708899325973492
d_col_grm = 0.014945140341816621
grism_dec_x = 236.39749297730754
grism_dec_y = -0.0050679047707587015
grm_tilt_x = -0.024758137061658726
grm_tilt_y = 2.327328343094682
grm_G = 222.78593365685958
grm_apex = 17.809062533087285
d_grm_cam  = 21.6048293143356
cam_dec_x = -0.283620924671242
cam_dec_y = 0.28975743221743744
cam_tilt_x = 0.004352446403336403
cam_tilt_y = -0.027773408934881942
d_cam_ff  = -160.56962599191743
ccd_ff_dec_x = -0.022766736477654113
ccd_ff_dec_y = -0.04777297212911012
ccd_ff_tilt_x = 0.1650251554005664
ccd_ff_tilt_y = -0.5893721270760457
ccd_ff_tilt_z = 0.17187423001760252
d_ff_ccd  = -4.785438461606624
ccd_dec_x = 0.5518505203635581
ccd_dec_y = 5.106324671928122
ccd_defocus = 0.31586839927622984
ccd_tilt_x = 0.021378249937110294
ccd_tilt_y = -0.004191262032919066
ccd_tilt_z = 1.9156301407102184e-07
p = 3.0189090909090906e-06