slit_dec_x_a = -0.1704010755187174
slit_dec_y_a = -0.1956586180351446
slit_dec_x_b = 0.175
slit_dec_y_b = -1.8371995142309047e-96
slit_defocus = 0.021378221063856867
slit_tilt_x = 1.1140292305073483
slit_tilt_y = -8.538373976374661
slit_tilt_z = -8.991614500779987
d_slit_col = 1594.3098995566263
coll_tilt_x = 0.11318660639681569
coll_tilt_y = -0.02891650732828376
ech_G = 31.61323712804601
ech_blaze = -74.9748300656873
ech_gamma = 1.1389717689641259
echelle_z = 0.07477241500389471
d_col_trf = -1588.017228699408
trf_mirror_tilt_x = 0.026211584606680556
trf_mirror_tilt_y = 0.16221887274280727
d_col_grm = -0.004827885749215128
grism_dec_x = 236.42330073597518
grism_dec_y = 0.03816228515314427
grm_tilt_x = -0.014052463549656228
grm_tilt_y = 2.3052717115761014
grm_G = 222.8240031971445
grm_apex = 17.791049660438805
d_grm_cam  = 21.609820365698333
cam_dec_x = -0.3096124761474751
cam_dec_y = 0.24729027137125245
cam_tilt_x = -0.011109237643488229
cam_tilt_y = 0.003747102199215568
d_cam_ff  = -160.05723784415
ccd_ff_dec_x = -0.002605226516112419
ccd_ff_dec_y = 0.05297284453467327
ccd_ff_tilt_x = 0.019489748019738316
ccd_ff_tilt_y = -0.5728049946022298
ccd_ff_tilt_z = 0.18004998840197373
d_ff_ccd  = -4.838952058876943
ccd_dec_x = 0.6214060094649256
ccd_dec_y = 5.1571463224040395
ccd_defocus = 0.2807996670846949
ccd_tilt_x = 0.005053604999050103
ccd_tilt_y = -0.010933276188111447
ccd_tilt_z = 5.091948479922155e-06
p = 0.0001