slit_dec_x_a = -0.181778666534
slit_dec_y_a = -0.18243150017
slit_dec_x_b = 0.14512077562974193
slit_dec_y_b = -0.05510809031835813
slit_defocus = -0.013754656013262579
slit_tilt_x = 1.0541273175317356
slit_tilt_y = -8.560041677845541
slit_tilt_z = -9.0269027193508
d_slit_col = 1594.290299539313
coll_tilt_x = 0.12142270133384456
coll_tilt_y = -0.026528767486610347
ech_G = 31.61456579767465
ech_blaze = -74.99488821820897
ech_gamma = 1.1556417401373653
echelle_z = 0.057011758427368685
d_col_trf = -1588.016364953002
trf_mirror_tilt_x = 0.007358946000756084
trf_mirror_tilt_y = 0.15544434233610713
d_col_grm = 0.03562308970107121
grism_dec_x = 236.38319888649525
grism_dec_y = 0.009185327910619183
grm_tilt_x = -0.023512507998381952
grm_tilt_y = 2.3257862511733873
grm_G = 222.78407716357313
grm_apex = 17.76648228046787
d_grm_cam  = 21.6047049178908
cam_dec_x = -0.2710933957518224
cam_dec_y = 0.2909892215227832
cam_tilt_x = 0.012416049871028807
cam_tilt_y = 0.008823931116125627
d_cam_ff  = -160.077318070162
ccd_ff_dec_x = -0.023803266989767834
ccd_ff_dec_y = 0.042034464244741186
ccd_ff_tilt_x = 0.033451797378484915
ccd_ff_tilt_y = -0.5909809679399073
ccd_ff_tilt_z = 0.17191734495765534
d_ff_ccd  = -4.815980974523695
ccd_dec_x = 0.553295191228247
ccd_dec_y = 5.107631920652861
ccd_defocus = 0.28573127879920945
ccd_tilt_x = 0.032649899640241335
ccd_tilt_y = -0.0021832152806118073
ccd_tilt_z = 4.675714761566821e-06
p = 0.0001