slit_dec_x_a = -0.181778666534
slit_dec_y_a = -0.18243150017
slit_dec_x_b = 0.14512077562974193
slit_dec_y_b = -0.05510809031835813
slit_defocus = -0.002217858588312517
slit_tilt_x = 1.1346821555611613
slit_tilt_y = -8.568304188745884
slit_tilt_z = -9.003619996014224
d_slit_col = 1594.3039202545542
coll_tilt_x = 0.08643562685893325
coll_tilt_y = -0.022038451871486467
ech_G = 31.61091539325174
ech_blaze = -74.99574343763142
ech_gamma = 1.1581527414875705
echelle_z = 0.05720764227198224
d_col_trf = -1588.0163047185226
trf_mirror_tilt_x = 0.12252730491761886
trf_mirror_tilt_y = 0.018682826961752743
d_col_grm = 0.015001433789802536
grism_dec_x = 236.39748912367665
grism_dec_y = -0.005033142830878587
grm_tilt_x = -0.024693232694590516
grm_tilt_y = 2.3274120399804383
grm_G = 222.78568200025495
grm_apex = 17.809142532368824
d_grm_cam  = 21.60446715683247
cam_dec_x = -0.28361965761346225
cam_dec_y = 0.28973617215071834
cam_tilt_x = 0.004345752686887135
cam_tilt_y = -0.02780444432934009
d_cam_ff  = -160.56970593413683
ccd_ff_dec_x = -0.022907805845905356
ccd_ff_dec_y = -0.04779103822350962
ccd_ff_tilt_x = 0.1650560910680647
ccd_ff_tilt_y = -0.5895358273953525
ccd_ff_tilt_z = 0.17174741100906668
d_ff_ccd  = -4.785368238147134
ccd_dec_x = 0.5519589892109262
ccd_dec_y = 5.106431943775614
ccd_defocus = 0.3157829270004292
ccd_tilt_x = 0.021387872331097676
ccd_tilt_y = -0.004199586693608213
ccd_tilt_z = 2.6941204475897665e-07
p = 1.3387499999999998e-05