slit_dec_x_a = -0.17043360254325313
slit_dec_y_a = -0.1958770100377385
slit_dec_x_b = 0.175
slit_dec_y_b = -2.0195132682827055e-96
slit_defocus = 0.005574026793783695
slit_tilt_x = 1.1861007455195003
slit_tilt_y = -8.539997644265004
slit_tilt_z = -8.990841144463955
d_slit_col = 1594.2944528029961
coll_tilt_x = 0.08865190833721334
coll_tilt_y = -0.03178930811905172
ech_G = 31.610678469872195
ech_blaze = -74.97699962769357
ech_gamma = 1.1404401425817774
echelle_z = 0.07485321751529471
d_col_trf = -1588.0185694183717
trf_mirror_tilt_x = 0.13868241524533603
trf_mirror_tilt_y = 0.07757713790719581
d_col_grm = -0.009555499605836572
grism_dec_x = 236.43430315299514
grism_dec_y = 0.034242585928019355
grm_tilt_x = -0.015718510035981695
grm_tilt_y = 2.304385242490488
grm_G = 222.82517705602174
grm_apex = 17.815116131569333
d_grm_cam  = 21.608485986408738
cam_dec_x = -0.3021552253802489
cam_dec_y = 0.25036495526207964
cam_tilt_x = -0.018571459803781828
cam_tilt_y = -0.015033623975114714
d_cam_ff  = -160.40098688198054
ccd_ff_dec_x = -0.0035541935949642903
ccd_ff_dec_y = 0.0001574667845165138
ccd_ff_tilt_x = 0.14600678931566471
ccd_ff_tilt_y = -0.5720988366346971
ccd_ff_tilt_z = 0.17260299094290224
d_ff_ccd  = -4.811217924671701
ccd_dec_x = 0.6206903686400166
ccd_dec_y = 5.155295450242117
ccd_defocus = 0.31630041991929436
ccd_tilt_x = 0.007734650921317806
ccd_tilt_y = -0.014007155261601494
ccd_tilt_z = 3.1185186140676308e-06
p = 1.3387499999999998e-05