slit_dec_x_a = -0.1704010755187174
slit_dec_y_a = -0.1956586180351446
slit_dec_x_b = 0.175
slit_dec_y_b = -1.8285267077619441e-96
slit_defocus = 0.021435424464708978
slit_tilt_x = 1.113963962167117
slit_tilt_y = -8.53845863233036
slit_tilt_z = -8.991624980805199
d_slit_col = 1594.3099786464945
coll_tilt_x = 0.11320577165492925
coll_tilt_y = -0.028877666348222905
ech_G = 31.613236065595913
ech_blaze = -74.97483170751937
ech_gamma = 1.138973639868783
echelle_z = 0.0747702508458337
d_col_trf = -1588.0172335784114
trf_mirror_tilt_x = 0.02633292010747247
trf_mirror_tilt_y = 0.1622294889523596
d_col_grm = -0.004861268575386658
grism_dec_x = 236.4233397667184
grism_dec_y = 0.038134565169134646
grm_tilt_x = -0.014053914890669575
grm_tilt_y = 2.3052758803059255
grm_G = 222.82400324581536
grm_apex = 17.79097506844414
d_grm_cam  = 21.609823941975424
cam_dec_x = -0.3095366100076476
cam_dec_y = 0.24725183453096106
cam_tilt_x = -0.011064718921333292
cam_tilt_y = 0.0037613801056960786
d_cam_ff  = -160.05728336286592
ccd_ff_dec_x = -0.0025965095383802222
ccd_ff_dec_y = 0.05304237463117654
ccd_ff_tilt_x = 0.019529852584398398
ccd_ff_tilt_y = -0.5727981796624275
ccd_ff_tilt_z = 0.18005045933426672
d_ff_ccd  = -4.838907884669113
ccd_dec_x = 0.6214037841873628
ccd_dec_y = 5.157150196933563
ccd_defocus = 0.2806948994514636
ccd_tilt_x = 0.004981814985227741
ccd_tilt_y = -0.010820305983176305
ccd_tilt_z = 5.061971580722114e-06
p = 0.0001