slit_dec_x_a = -0.17042104663886332
slit_dec_y_a = -0.1960600727386023
slit_dec_x_b = 0.175
slit_dec_y_b = -2.3848558432522696e-96
slit_defocus = 0.005522680549016493
slit_tilt_x = 1.18609793055965
slit_tilt_y = -8.540095489840121
slit_tilt_z = -8.990856706701804
d_slit_col = 1594.2944599866555
coll_tilt_x = 0.0886685333884338
coll_tilt_y = -0.03177387980911147
ech_G = 31.610672612145073
ech_blaze = -74.97704994044487
ech_gamma = 1.1404813001950784
echelle_z = 0.07536768659969512
d_col_trf = -1588.0185560036427
trf_mirror_tilt_x = 0.13869597433804934
trf_mirror_tilt_y = 0.07751842615184021
d_col_grm = -0.0095100882534131
grism_dec_x = 236.43431943056842
grism_dec_y = 0.03425854900767443
grm_tilt_x = -0.01593671252140559
grm_tilt_y = 2.304375356529472
grm_G = 222.82520749128219
grm_apex = 17.815138362409208
d_grm_cam  = 21.60848770839748
cam_dec_x = -0.30211830638961423
cam_dec_y = 0.25035332988980713
cam_tilt_x = -0.018140295684852988
cam_tilt_y = -0.01500211356428968
d_cam_ff  = -160.40095751043847
ccd_ff_dec_x = -0.003574026962686574
ccd_ff_dec_y = 0.00013680349174629428
ccd_ff_tilt_x = 0.1460211118856715
ccd_ff_tilt_y = -0.572046828516746
ccd_ff_tilt_z = 0.17255887514157842
d_ff_ccd  = -4.811231346442226
ccd_dec_x = 0.6206581362966949
ccd_dec_y = 5.155285122598195
ccd_defocus = 0.31631792899749206
ccd_tilt_x = 0.0078061358563417576
ccd_tilt_y = -0.014009354913537712
ccd_tilt_z = 3.2621505134610797e-06
p = 1.1475e-05