slit_dec_x_a = -0.181778666534
slit_dec_y_a = -0.18243150017
slit_dec_x_b = 0.14512077562974193
slit_dec_y_b = -0.05510809031835813
slit_defocus = -0.002190616779323504
slit_tilt_x = 1.1346928362860493
slit_tilt_y = -8.568328805248917
slit_tilt_z = -9.003613009729042
d_slit_col = 1594.3039634834481
coll_tilt_x = 0.0864570626054373
coll_tilt_y = -0.02204442307228082
ech_G = 31.610895544490226
ech_blaze = -74.99558370612678
ech_gamma = 1.1580791595060356
echelle_z = 0.05682028378504562
d_col_trf = -1588.0163652277297
trf_mirror_tilt_x = 0.12251537459941532
trf_mirror_tilt_y = 0.01870982694717292
d_col_grm = 0.01497879262065259
grism_dec_x = 236.39746865792074
grism_dec_y = -0.005037654146097486
grm_tilt_x = -0.024620622025142265
grm_tilt_y = 2.327197496730916
grm_G = 222.78576303044952
grm_apex = 17.809108359786077
d_grm_cam  = 21.604569745760713
cam_dec_x = -0.28364310070995763
cam_dec_y = 0.2897598089164034
cam_tilt_x = 0.004301460782578767
cam_tilt_y = -0.02779259447500618
d_cam_ff  = -160.56963422632774
ccd_ff_dec_x = -0.022828863608873408
ccd_ff_dec_y = -0.047794979467416815
ccd_ff_tilt_x = 0.16503705674095392
ccd_ff_tilt_y = -0.5894472894236834
ccd_ff_tilt_z = 0.17186259514417523
d_ff_ccd  = -4.7853795464857845
ccd_dec_x = 0.5518818973104169
ccd_dec_y = 5.106478136629078
ccd_defocus = 0.3158028187802491
ccd_tilt_x = 0.021418276005829302
ccd_tilt_y = -0.004200980995476564
ccd_tilt_z = 2.5048436108578114e-07
p = 1.1475e-05