slit_dec_x_a = -0.1704010755187174
slit_dec_y_a = -0.1956586180351446
slit_dec_x_b = 0.175
slit_dec_y_b = -1.7930017764206465e-96
slit_defocus = 0.021385160390510544
slit_tilt_x = 1.1139920049448477
slit_tilt_y = -8.538480848843504
slit_tilt_z = -8.991652826618378
d_slit_col = 1594.3099518348288
coll_tilt_x = 0.11317994490402707
coll_tilt_y = -0.028920806063377692
ech_G = 31.61323451942701
ech_blaze = -74.97483249441443
ech_gamma = 1.138970922599382
echelle_z = 0.07477015866935727
d_col_trf = -1588.0172365233243
trf_mirror_tilt_x = 0.026311121093004586
trf_mirror_tilt_y = 0.1622267700855348
d_col_grm = -0.004811325661787518
grism_dec_x = 236.42334959546878
grism_dec_y = 0.03820971815713047
grm_tilt_x = -0.014051922180864127
grm_tilt_y = 2.3052749505978816
grm_G = 222.8240035608335
grm_apex = 17.791013398736666
d_grm_cam  = 21.609823087483214
cam_dec_x = -0.3094943979749877
cam_dec_y = 0.24726843206210689
cam_tilt_x = -0.011091794975754079
cam_tilt_y = 0.003760914289280816
d_cam_ff  = -160.05723605232166
ccd_ff_dec_x = -0.0026018640971209026
ccd_ff_dec_y = 0.05302156150427324
ccd_ff_tilt_x = 0.019500995023997682
ccd_ff_tilt_y = -0.5728025904653979
ccd_ff_tilt_z = 0.1800567451718982
d_ff_ccd  = -4.838916305836912
ccd_dec_x = 0.6214029276746259
ccd_dec_y = 5.157149966857688
ccd_defocus = 0.28075420580614724
ccd_tilt_x = 0.005035059226570252
ccd_tilt_y = -0.010948001450122782
ccd_tilt_z = 5.071692969053248e-06
p = 0.0001