slit_dec_x_a = -0.1704314297968863
slit_dec_y_a = -0.19587750041069785
slit_dec_x_b = 0.175
slit_dec_y_b = -2.1045806785455783e-96
slit_defocus = 0.005573973692106774
slit_tilt_x = 1.1861123421001913
slit_tilt_y = -8.540000261970967
slit_tilt_z = -8.99084535415063
d_slit_col = 1594.294455991897
coll_tilt_x = 0.08867126591387474
coll_tilt_y = -0.03179268804050773
ech_G = 31.610679155641417
ech_blaze = -74.97701368024242
ech_gamma = 1.1404414619126293
echelle_z = 0.07492094320258488
d_col_trf = -1588.0185697147658
trf_mirror_tilt_x = 0.1386860308221892
trf_mirror_tilt_y = 0.0775835912878038
d_col_grm = -0.009548923655761484
grism_dec_x = 236.434308180847
grism_dec_y = 0.034237126212290844
grm_tilt_x = -0.015715698674534147
grm_tilt_y = 2.3043650232845003
grm_G = 222.8251778543853
grm_apex = 17.81511126442799
d_grm_cam  = 21.608488322832695
cam_dec_x = -0.30215085961323285
cam_dec_y = 0.25036520085699937
cam_tilt_x = -0.018518215838018038
cam_tilt_y = -0.015025236872035457
d_cam_ff  = -160.4009945222616
ccd_ff_dec_x = -0.0035463097013474815
ccd_ff_dec_y = 0.0001430829004753237
ccd_ff_tilt_x = 0.14600157321288615
ccd_ff_tilt_y = -0.572107600190916
ccd_ff_tilt_z = 0.17260153816649854
d_ff_ccd  = -4.811222229709929
ccd_dec_x = 0.6206870056784599
ccd_dec_y = 5.155295941617805
ccd_defocus = 0.316300143044904
ccd_tilt_x = 0.00774069415993697
ccd_tilt_y = -0.014016030998101022
ccd_tilt_z = 3.156062931593333e-06
p = 1.4001818181818181e-05