slit_dec_x_a = -0.1704483446349154
slit_dec_y_a = -0.19592421589746148
slit_dec_x_b = 0.175
slit_dec_y_b = -2.025823884586312e-96
slit_defocus = 0.005551459062097268
slit_tilt_x = 1.1861091243825277
slit_tilt_y = -8.539995807604367
slit_tilt_z = -8.99084532088676
d_slit_col = 1594.2944544587222
coll_tilt_x = 0.08867947432207826
coll_tilt_y = -0.03175043884110264
ech_G = 31.610676000309333
ech_blaze = -74.97694024888797
ech_gamma = 1.1404776622040025
echelle_z = 0.07484250574851874
d_col_trf = -1588.018578031008
trf_mirror_tilt_x = 0.13867561112491938
trf_mirror_tilt_y = 0.07757671326488148
d_col_grm = -0.009552442247702098
grism_dec_x = 236.43431474970674
grism_dec_y = 0.0342245006705416
grm_tilt_x = -0.015700681786010556
grm_tilt_y = 2.3043838981459124
grm_G = 222.82518141190073
grm_apex = 17.815110719213
d_grm_cam  = 21.608485234738836
cam_dec_x = -0.30216741081227744
cam_dec_y = 0.2503588269572495
cam_tilt_x = -0.01860954151904471
cam_tilt_y = -0.015039232913554502
d_cam_ff  = -160.40097381604346
ccd_ff_dec_x = -0.0035355751344159614
ccd_ff_dec_y = 0.0001714081592605742
ccd_ff_tilt_x = 0.14602403132707997
ccd_ff_tilt_y = -0.5720871410714019
ccd_ff_tilt_z = 0.17261208294253014
d_ff_ccd  = -4.811242343511191
ccd_dec_x = 0.6207032284862457
ccd_dec_y = 5.155295476540335
ccd_defocus = 0.3163055359130656
ccd_tilt_x = 0.007736465375001309
ccd_tilt_y = -0.014007248452811379
ccd_tilt_z = 3.1486687573925795e-06
p = 8.93e-06