slit_dec_x_a = -0.181778666534
slit_dec_y_a = -0.18243150017
slit_dec_x_b = 0.14512077562974193
slit_dec_y_b = -0.05510809031835813
slit_defocus = -0.002207125866049831
slit_tilt_x = 1.1346982081456298
slit_tilt_y = -8.568275258850196
slit_tilt_z = -9.003615293418544
d_slit_col = 1594.303939464793
coll_tilt_x = 0.08640204900755648
coll_tilt_y = -0.02203865751225695
ech_G = 31.610895368766744
ech_blaze = -74.99559471844384
ech_gamma = 1.1581672955783975
echelle_z = 0.057225601647421735
d_col_trf = -1588.0162658803722
trf_mirror_tilt_x = 0.12251641919227486
trf_mirror_tilt_y = 0.018666657407619514
d_col_grm = 0.015017789605622948
grism_dec_x = 236.39748223211492
grism_dec_y = -0.00501949754990382
grm_tilt_x = -0.024754485284501384
grm_tilt_y = 2.3273909414021214
grm_G = 222.78572729338757
grm_apex = 17.809152763470593
d_grm_cam  = 21.604416332538456
cam_dec_x = -0.2836033671524469
cam_dec_y = 0.2897119733174916
cam_tilt_x = 0.00432338820461192
cam_tilt_y = -0.0277775619549042
d_cam_ff  = -160.56963588931134
ccd_ff_dec_x = -0.02277457279354439
ccd_ff_dec_y = -0.04779899055805221
ccd_ff_tilt_x = 0.1650377689379807
ccd_ff_tilt_y = -0.589605535677456
ccd_ff_tilt_z = 0.1718320988763761
d_ff_ccd  = -4.7853834326005735
ccd_dec_x = 0.5519320844164478
ccd_dec_y = 5.106377403872962
ccd_defocus = 0.3157940257067668
ccd_tilt_x = 0.0213855837463431
ccd_tilt_y = -0.0042025854271115015
ccd_tilt_z = 2.947273270565344e-07
p = 8.93e-06