slit_dec_x_a = -0.181778666534
slit_dec_y_a = -0.18243150017
slit_dec_x_b = 0.14512077562974193
slit_dec_y_b = -0.05510809031835813
slit_defocus = -0.0022435038615163483
slit_tilt_x = 1.1347056072137491
slit_tilt_y = -8.568374447141936
slit_tilt_z = -9.003585616567959
d_slit_col = 1594.3039505638762
coll_tilt_x = 0.08648262503137104
coll_tilt_y = -0.022048048666976842
ech_G = 31.610930481014034
ech_blaze = -74.99579802641574
ech_gamma = 1.158215290275722
echelle_z = 0.0564844726860261
d_col_trf = -1588.0164280253916
trf_mirror_tilt_x = 0.12245927480095097
trf_mirror_tilt_y = 0.01867545489551327
d_col_grm = 0.01493213828127708
grism_dec_x = 236.39751855742165
grism_dec_y = -0.00508113811978525
grm_tilt_x = -0.02467553831171245
grm_tilt_y = 2.327346517109829
grm_G = 222.78585749034198
grm_apex = 17.809061960647764
d_grm_cam  = 21.604703579039803
cam_dec_x = -0.28363047423888954
cam_dec_y = 0.2897642572271293
cam_tilt_x = 0.004321682461994792
cam_tilt_y = -0.027773307513604524
d_cam_ff  = -160.56952260393328
ccd_ff_dec_x = -0.02262833996954205
ccd_ff_dec_y = -0.047790810375277853
ccd_ff_tilt_x = 0.1650186036344433
ccd_ff_tilt_y = -0.5894649135129416
ccd_ff_tilt_z = 0.1718322443182472
d_ff_ccd  = -4.785423496028656
ccd_dec_x = 0.5519443857581076
ccd_dec_y = 5.106270076750493
ccd_defocus = 0.31587711151147324
ccd_tilt_x = 0.021398412432372456
ccd_tilt_y = -0.004189494883981131
ccd_tilt_z = 2.0691925747294514e-07
p = 4.478454545454546e-06