slit_dec_x_a = -0.17039507060235018
slit_dec_y_a = -0.19581043336597817
slit_dec_x_b = 0.175
slit_dec_y_b = -2.6465087133329094e-96
slit_defocus = 0.005529507423326477
slit_tilt_x = 1.1860993390748353
slit_tilt_y = -8.540132398880363
slit_tilt_z = -8.99081020256358
d_slit_col = 1594.2944862714558
coll_tilt_x = 0.08845963622292086
coll_tilt_y = -0.03173475871002673
ech_G = 31.61065978144037
ech_blaze = -74.97714567992956
ech_gamma = 1.140538422787358
echelle_z = 0.07546735937331878
d_col_trf = -1588.0186173969405
trf_mirror_tilt_x = 0.13864257135530217
trf_mirror_tilt_y = 0.07754613539812101
d_col_grm = -0.009544462522226752
grism_dec_x = 236.43439376989525
grism_dec_y = 0.034225894169088514
grm_tilt_x = -0.01579710975770364
grm_tilt_y = 2.3043578816954327
grm_G = 222.8251898348287
grm_apex = 17.81511120376986
d_grm_cam  = 21.608502845373348
cam_dec_x = -0.3021338591418456
cam_dec_y = 0.25033587759768705
cam_tilt_x = -0.018354815914125938
cam_tilt_y = -0.015026980028523665
d_cam_ff  = -160.40101396323976
ccd_ff_dec_x = -0.0035227565133616606
ccd_ff_dec_y = 0.00015764128926124232
ccd_ff_tilt_x = 0.14601839780190534
ccd_ff_tilt_y = -0.5720591081873087
ccd_ff_tilt_z = 0.17253046447156442
d_ff_ccd  = -4.811213233378683
ccd_dec_x = 0.620638168122078
ccd_dec_y = 5.155264200620489
ccd_defocus = 0.3163497762341328
ccd_tilt_x = 0.007801455566702448
ccd_tilt_y = -0.01401868836615776
ccd_tilt_z = 3.3684218591591185e-06
p = 4.478454545454546e-06