slit_dec_x_a = -0.181778666534
slit_dec_y_a = -0.18243150017
slit_dec_x_b = 0.14512077562974193
slit_dec_y_b = -0.05510809031835813
slit_defocus = -0.013764726906008365
slit_tilt_x = 1.0540837659828268
slit_tilt_y = -8.559969677527826
slit_tilt_z = -9.026895589601557
d_slit_col = 1594.2902632765122
coll_tilt_x = 0.12145041733036493
coll_tilt_y = -0.026515677963734087
ech_G = 31.61456691827731
ech_blaze = -74.99488532422359
ech_gamma = 1.1556422142712284
echelle_z = 0.05699818013906049
d_col_trf = -1588.0163712319302
trf_mirror_tilt_x = 0.007315929816177665
trf_mirror_tilt_y = 0.15544917492813018
d_col_grm = 0.035657232762337676
grism_dec_x = 236.38320698577496
grism_dec_y = 0.009235125332018817
grm_tilt_x = -0.02350498203305691
grm_tilt_y = 2.3257823068600647
grm_G = 222.7840679191778
grm_apex = 17.766431654060035
d_grm_cam  = 21.604697314612224
cam_dec_x = -0.2710793092827163
cam_dec_y = 0.2908449704164456
cam_tilt_x = 0.012435412570881082
cam_tilt_y = 0.008893079035436215
d_cam_ff  = -160.0767964816334
ccd_ff_dec_x = -0.023800121691671623
ccd_ff_dec_y = 0.04202753182286254
ccd_ff_tilt_x = 0.033473019633018096
ccd_ff_tilt_y = -0.5909829011448414
ccd_ff_tilt_z = 0.17191823405837153
d_ff_ccd  = -4.815999937397991
ccd_dec_x = 0.5532929532093713
ccd_dec_y = 5.107628626821715
ccd_defocus = 0.2857855302489367
ccd_tilt_x = 0.03258740658294741
ccd_tilt_y = -0.0021539275379262764
ccd_tilt_z = 4.7015448184754146e-06
p = 0.0001