slit_dec_x_a = -0.181778666534
slit_dec_y_a = -0.18243150017
slit_dec_x_b = 0.14512077562974193
slit_dec_y_b = -0.05510809031835813
slit_defocus = -0.0021976785821885745
slit_tilt_x = 1.1346859301422418
slit_tilt_y = -8.568375727828593
slit_tilt_z = -9.003577524327376
d_slit_col = 1594.3039820915749
coll_tilt_x = 0.08648336018453887
coll_tilt_y = -0.02205263968288074
ech_G = 31.610923659891437
ech_blaze = -74.99574465937734
ech_gamma = 1.158222954173995
echelle_z = 0.056707473622083844
d_col_trf = -1588.0162661043355
trf_mirror_tilt_x = 0.1224825637052269
trf_mirror_tilt_y = 0.018722772842034916
d_col_grm = 0.01495112359576759
grism_dec_x = 236.39747082343843
grism_dec_y = -0.005059160193308094
grm_tilt_x = -0.02472110346926073
grm_tilt_y = 2.327373413033449
grm_G = 222.7858857108964
grm_apex = 17.809082750729008
d_grm_cam  = 21.604966240980797
cam_dec_x = -0.28363531724361774
cam_dec_y = 0.28976664463495627
cam_tilt_x = 0.004345528259637024
cam_tilt_y = -0.027768208852162166
d_cam_ff  = -160.56959109689006
ccd_ff_dec_x = -0.0228407682681263
ccd_ff_dec_y = -0.04778376545989716
ccd_ff_tilt_x = 0.16503133483156154
ccd_ff_tilt_y = -0.5893992124059609
ccd_ff_tilt_z = 0.17182662583753333
d_ff_ccd  = -4.785403079826546
ccd_dec_x = 0.5519005800542118
ccd_dec_y = 5.106345948370562
ccd_defocus = 0.315867570861048
ccd_tilt_x = 0.02137737128837857
ccd_tilt_y = -0.004196911405996587
ccd_tilt_z = 2.5913022878328154e-07
p = 1.9270909090909088e-06