slit_dec_x_a = -0.1704047128578306
slit_dec_y_a = -0.19579139164909892
slit_dec_x_b = 0.175
slit_dec_y_b = -2.57462512764888e-96
slit_defocus = 0.005523790467205032
slit_tilt_x = 1.1861273464117084
slit_tilt_y = -8.540102617221114
slit_tilt_z = -8.990830172630854
d_slit_col = 1594.294436969556
coll_tilt_x = 0.0885970025227541
coll_tilt_y = -0.03172687324923876
ech_G = 31.610686689256646
ech_blaze = -74.97714420675406
ech_gamma = 1.1405551210400886
echelle_z = 0.07551914397005723
d_col_trf = -1588.0185975660033
trf_mirror_tilt_x = 0.13864729900144504
trf_mirror_tilt_y = 0.0775368533557935
d_col_grm = -0.009536149753666052
grism_dec_x = 236.43430747342225
grism_dec_y = 0.03424727935145713
grm_tilt_x = -0.01591341502037842
grm_tilt_y = 2.304373581451169
grm_G = 222.82519033923091
grm_apex = 17.81512664788416
d_grm_cam  = 21.608469792486343
cam_dec_x = -0.3021142713116093
cam_dec_y = 0.250355345194463
cam_tilt_x = -0.01835264913279462
cam_tilt_y = -0.015024995368266358
d_cam_ff  = -160.40099073793925
ccd_ff_dec_x = -0.0035476957041723047
ccd_ff_dec_y = 0.0001537794803662584
ccd_ff_tilt_x = 0.14601089101511736
ccd_ff_tilt_y = -0.5720246680433545
ccd_ff_tilt_z = 0.1725414303323516
d_ff_ccd  = -4.811204173063764
ccd_dec_x = 0.6206468102515684
ccd_dec_y = 5.155294650281691
ccd_defocus = 0.3163365637290379
ccd_tilt_x = 0.0077911914861890745
ccd_tilt_y = -0.014016773253549325
ccd_tilt_z = 3.3500942137020992e-06
p = 1.9270909090909088e-06