slit_dec_x_a = -0.181778666534
slit_dec_y_a = -0.18243150017
slit_dec_x_b = 0.14512077562974193
slit_dec_y_b = -0.05510809031835813
slit_defocus = -0.013779324091955652
slit_tilt_x = 1.054074729827249
slit_tilt_y = -8.559953224625914
slit_tilt_z = -9.026905548710333
d_slit_col = 1594.290258551971
coll_tilt_x = 0.12140662857990114
coll_tilt_y = -0.02648360945157207
ech_G = 31.614568569106744
ech_blaze = -74.99489071801091
ech_gamma = 1.1556329861607908
echelle_z = 0.05700582487529668
d_col_trf = -1588.0163650831332
trf_mirror_tilt_x = 0.007235223135100293
trf_mirror_tilt_y = 0.1555044852929881
d_col_grm = 0.03563748012541079
grism_dec_x = 236.38326205846295
grism_dec_y = 0.009189495286576222
grm_tilt_x = -0.023510507839291424
grm_tilt_y = 2.3257918179656056
grm_G = 222.7840725518061
grm_apex = 17.766488497371792
d_grm_cam  = 21.604690410983828
cam_dec_x = -0.27112280253634896
cam_dec_y = 0.2908500180994416
cam_tilt_x = 0.012382402591290772
cam_tilt_y = 0.008817448596781739
d_cam_ff  = -160.07708313716523
ccd_ff_dec_x = -0.023802057446027952
ccd_ff_dec_y = 0.04205766452255348
ccd_ff_tilt_x = 0.03349613962678103
ccd_ff_tilt_y = -0.5909873379477371
ccd_ff_tilt_z = 0.17191282571686903
d_ff_ccd  = -4.815938284345148
ccd_dec_x = 0.5532885983811964
ccd_dec_y = 5.107635441492893
ccd_defocus = 0.2857871730976226
ccd_tilt_x = 0.03264845629238995
ccd_tilt_y = -0.0021733926265730184
ccd_tilt_z = 4.683275045356751e-06
p = 0.0001