slit_dec_x_a = -0.1704010755187174
slit_dec_y_a = -0.1956586180351446
slit_dec_x_b = 0.175
slit_dec_y_b = -1.9131621183215e-96
slit_defocus = 0.02145786231754222
slit_tilt_x = 1.1139488246833662
slit_tilt_y = -8.538436955158824
slit_tilt_z = -8.991648338046208
d_slit_col = 1594.309989282655
coll_tilt_x = 0.1131316932125023
coll_tilt_y = -0.028825424862465095
ech_G = 31.613233278314226
ech_blaze = -74.97483149658615
ech_gamma = 1.1389686986421133
echelle_z = 0.0747655748618321
d_col_trf = -1588.017233737777
trf_mirror_tilt_x = 0.026191741557577496
trf_mirror_tilt_y = 0.16228162017869954
d_col_grm = -0.004825644751100581
grism_dec_x = 236.42321929295971
grism_dec_y = 0.038193296650394816
grm_tilt_x = -0.014060690194936406
grm_tilt_y = 2.3052674449947217
grm_G = 222.82400225067147
grm_apex = 17.79109045905664
d_grm_cam  = 21.609816835933326
cam_dec_x = -0.3095227400740667
cam_dec_y = 0.24728225526152756
cam_tilt_x = -0.011100473090927305
cam_tilt_y = 0.003708597676177287
d_cam_ff  = -160.05756251380456
ccd_ff_dec_x = -0.0026042536942884305
ccd_ff_dec_y = 0.05298919895993616
ccd_ff_tilt_x = 0.019528598980237934
ccd_ff_tilt_y = -0.5727989623077583
ccd_ff_tilt_z = 0.18004706757420896
d_ff_ccd  = -4.839015931086395
ccd_dec_x = 0.6213967822069002
ccd_dec_y = 5.157144589490012
ccd_defocus = 0.28072113787371056
ccd_tilt_x = 0.00499949028987134
ccd_tilt_y = -0.01089643814970404
ccd_tilt_z = 5.128496706923935e-06
p = 0.0001