slit_dec_x_a = -0.181778666534
slit_dec_y_a = -0.18243150017
slit_dec_x_b = 0.14512077562974193
slit_dec_y_b = -0.05510809031835813
slit_defocus = -0.0022182907723707693
slit_tilt_x = 1.134699695798778
slit_tilt_y = -8.56836973156318
slit_tilt_z = -9.003588273201562
d_slit_col = 1594.3039576197857
coll_tilt_x = 0.08648346187519879
coll_tilt_y = -0.022040425977498786
ech_G = 31.610935710367386
ech_blaze = -74.99581791495142
ech_gamma = 1.1582584626547254
echelle_z = 0.05658491292283223
d_col_trf = -1588.0162824995548
trf_mirror_tilt_x = 0.12246589396042876
trf_mirror_tilt_y = 0.01870964197117433
d_col_grm = 0.014944129375344924
grism_dec_x = 236.3974902510552
grism_dec_y = -0.005069194678560871
grm_tilt_x = -0.024728033155214185
grm_tilt_y = 2.327404733496708
grm_G = 222.785876217966
grm_apex = 17.809070435123026
d_grm_cam  = 21.60488607908836
cam_dec_x = -0.28362575875041685
cam_dec_y = 0.28974771066300176
cam_tilt_x = 0.004360385331475616
cam_tilt_y = -0.027773698102967485
d_cam_ff  = -160.56967727006528
ccd_ff_dec_x = -0.022706793561347135
ccd_ff_dec_y = -0.04778308019432553
ccd_ff_tilt_x = 0.16504012051849623
ccd_ff_tilt_y = -0.5893414307634114
ccd_ff_tilt_z = 0.17185719854850898
d_ff_ccd  = -4.785429802486738
ccd_dec_x = 0.5518056772675252
ccd_dec_y = 5.106367799084792
ccd_defocus = 0.31585598902762924
ccd_tilt_x = 0.021364108019893597
ccd_tilt_y = -0.004177268888881686
ccd_tilt_z = 2.439600453596255e-07
p = 2.238181818181818e-06