slit_dec_x_a = -0.17037386239057908
slit_dec_y_a = -0.19578191100925366
slit_dec_x_b = 0.175
slit_dec_y_b = -2.5437361752767183e-96
slit_defocus = 0.00552489460048542
slit_tilt_x = 1.1861304390891552
slit_tilt_y = -8.540122326554753
slit_tilt_z = -8.990824673232785
d_slit_col = 1594.2944593863049
coll_tilt_x = 0.08856248341546101
coll_tilt_y = -0.03177293029632412
ech_G = 31.610686139237327
ech_blaze = -74.97716935019042
ech_gamma = 1.1404921182047607
echelle_z = 0.07549152871239641
d_col_trf = -1588.0185941331654
trf_mirror_tilt_x = 0.1386489145781671
trf_mirror_tilt_y = 0.07754812997190591
d_col_grm = -0.009520816244369927
grism_dec_x = 236.43434925893382
grism_dec_y = 0.03425169510691399
grm_tilt_x = -0.015861038119863325
grm_tilt_y = 2.3043723750562015
grm_G = 222.82519398616563
grm_apex = 17.81514091573342
d_grm_cam  = 21.608486322087824
cam_dec_x = -0.30211594184846596
cam_dec_y = 0.250337237832882
cam_tilt_x = -0.01839748799629139
cam_tilt_y = -0.01503118249353077
d_cam_ff  = -160.4009957261181
ccd_ff_dec_x = -0.003547404461720897
ccd_ff_dec_y = 0.0001675435175706905
ccd_ff_tilt_x = 0.14602348510527435
ccd_ff_tilt_y = -0.5720312557636015
ccd_ff_tilt_z = 0.1725280276602445
d_ff_ccd  = -4.811220047995636
ccd_dec_x = 0.6206428363391766
ccd_dec_y = 5.155301063693515
ccd_defocus = 0.3163265671269548
ccd_tilt_x = 0.0077948432175442275
ccd_tilt_y = -0.014012797549396752
ccd_tilt_z = 3.3232956705311673e-06
p = 2.238181818181818e-06