slit_dec_x_a = -0.1704010755187174
slit_dec_y_a = -0.1956586180351446
slit_dec_x_b = 0.175
slit_dec_y_b = -1.7934195533184359e-96
slit_defocus = 0.021359857261534727
slit_tilt_x = 1.113972307942259
slit_tilt_y = -8.538429464520547
slit_tilt_z = -8.991671137659704
d_slit_col = 1594.3100064293717
coll_tilt_x = 0.11320682186549229
coll_tilt_y = -0.028963556849157565
ech_G = 31.61322976551527
ech_blaze = -74.97483458844357
ech_gamma = 1.1389735284862241
echelle_z = 0.07476438581246642
d_col_trf = -1588.0172256666863
trf_mirror_tilt_x = 0.026315406248848094
trf_mirror_tilt_y = 0.1621708576649754
d_col_grm = -0.0048044969153905135
grism_dec_x = 236.42329297566206
grism_dec_y = 0.03813843391922056
grm_tilt_x = -0.01405330547918941
grm_tilt_y = 2.3052786077079492
grm_G = 222.82399798531398
grm_apex = 17.79104625566188
d_grm_cam  = 21.609814259338755
cam_dec_x = -0.30958480559050594
cam_dec_y = 0.24723976149700863
cam_tilt_x = -0.011019989866724285
cam_tilt_y = 0.0037735387649963435
d_cam_ff  = -160.05747412523007
ccd_ff_dec_x = -0.002593534657044961
ccd_ff_dec_y = 0.053090220930872414
ccd_ff_tilt_x = 0.019506543501027044
ccd_ff_tilt_y = -0.572802227561432
ccd_ff_tilt_z = 0.1800507638323604
d_ff_ccd  = -4.838942703772216
ccd_dec_x = 0.6214137130686268
ccd_dec_y = 5.157148609344528
ccd_defocus = 0.2807312213305054
ccd_tilt_x = 0.005069504131785982
ccd_tilt_y = -0.010896990001097425
ccd_tilt_z = 5.07080014425405e-06
p = 0.0001