slit_dec_x_a = -0.181778666534
slit_dec_y_a = -0.18243150017
slit_dec_x_b = 0.14512077562974193
slit_dec_y_b = -0.05510809031835813
slit_defocus = -0.0021995105549257256
slit_tilt_x = 1.1347101007584244
slit_tilt_y = -8.568318809753924
slit_tilt_z = -9.00360567052067
d_slit_col = 1594.3039108653836
coll_tilt_x = 0.086462108396379
coll_tilt_y = -0.02205188777916311
ech_G = 31.610901487124753
ech_blaze = -74.99559563851734
ech_gamma = 1.1581784498557846
echelle_z = 0.05695927104057566
d_col_trf = -1588.016235498495
trf_mirror_tilt_x = 0.12250797032434603
trf_mirror_tilt_y = 0.018737524893295936
d_col_grm = 0.015003666988283213
grism_dec_x = 236.39748789358597
grism_dec_y = -0.005072846195766244
grm_tilt_x = -0.024757564025718458
grm_tilt_y = 2.327425846470915
grm_G = 222.785751904888
grm_apex = 17.809146828814708
d_grm_cam  = 21.60459501448446
cam_dec_x = -0.2836392740563361
cam_dec_y = 0.2897586242533587
cam_tilt_x = 0.0043187264767231915
cam_tilt_y = -0.02780568377406872
d_cam_ff  = -160.56965445217392
ccd_ff_dec_x = -0.022885578672758547
ccd_ff_dec_y = -0.047778273048748286
ccd_ff_tilt_x = 0.16502645729502602
ccd_ff_tilt_y = -0.5895013974383705
ccd_ff_tilt_z = 0.17178429185003835
d_ff_ccd  = -4.785368820203428
ccd_dec_x = 0.5519019387091637
ccd_dec_y = 5.106416792296694
ccd_defocus = 0.3158317273953511
ccd_tilt_x = 0.021423855720748817
ccd_tilt_y = -0.004220557647672841
ccd_tilt_z = 2.611176707979566e-07
p = 1.0918333333333334e-05