slit_dec_x_a = -0.17044818215293694
slit_dec_y_a = -0.19608791794442745
slit_dec_x_b = 0.175
slit_dec_y_b = -2.401924654270659e-96
slit_defocus = 0.005516462179052109
slit_tilt_x = 1.1861358666934803
slit_tilt_y = -8.5400620287553
slit_tilt_z = -8.990859048044827
d_slit_col = 1594.2944544534341
coll_tilt_x = 0.08884545443874708
coll_tilt_y = -0.031695973652049264
ech_G = 31.61068681326159
ech_blaze = -74.97700125922867
ech_gamma = 1.140591294423976
echelle_z = 0.07519966493477638
d_col_trf = -1588.0185761214582
trf_mirror_tilt_x = 0.13871796257432584
trf_mirror_tilt_y = 0.0775596728465631
d_col_grm = -0.009534511722588714
grism_dec_x = 236.43431654823848
grism_dec_y = 0.03424754971185988
grm_tilt_x = -0.015847193621474787
grm_tilt_y = 2.3043961786226865
grm_G = 222.8252256924198
grm_apex = 17.815103542607652
d_grm_cam  = 21.60848035276313
cam_dec_x = -0.302115853583717
cam_dec_y = 0.25036202111556366
cam_tilt_x = -0.018173414057010763
cam_tilt_y = -0.014989909426753906
d_cam_ff  = -160.4009364640002
ccd_ff_dec_x = -0.0035744777113630444
ccd_ff_dec_y = 0.0001339397286751242
ccd_ff_tilt_x = 0.14600799694066688
ccd_ff_tilt_y = -0.5720426503463032
ccd_ff_tilt_z = 0.1725639837412229
d_ff_ccd  = -4.811216239006216
ccd_dec_x = 0.6206307321542962
ccd_dec_y = 5.155288980210437
ccd_defocus = 0.3163217220050431
ccd_tilt_x = 0.007822576209008943
ccd_tilt_y = -0.014018211542195772
ccd_tilt_z = 3.2398009099977723e-06
p = 1.0918333333333334e-05