slit_dec_x_a = -0.181778666534
slit_dec_y_a = -0.18243150017
slit_dec_x_b = 0.14512077562974193
slit_dec_y_b = -0.05510809031835813
slit_defocus = -0.013802830261942801
slit_tilt_x = 1.0541282110943557
slit_tilt_y = -8.559944392978853
slit_tilt_z = -9.026911633651455
d_slit_col = 1594.2903049966244
coll_tilt_x = 0.12144819669145267
coll_tilt_y = -0.02653454356466113
ech_G = 31.614567357252497
ech_blaze = -74.99488676348007
ech_gamma = 1.1556414685420637
echelle_z = 0.05700327676817217
d_col_trf = -1588.0163593020293
trf_mirror_tilt_x = 0.007347021335447533
trf_mirror_tilt_y = 0.155465487315033
d_col_grm = 0.03565175969999529
grism_dec_x = 236.38321428315422
grism_dec_y = 0.009245955933518476
grm_tilt_x = -0.02350684175192594
grm_tilt_y = 2.3257840922418445
grm_G = 222.7840687993632
grm_apex = 17.766538057720663
d_grm_cam  = 21.604693382041376
cam_dec_x = -0.2711523831866326
cam_dec_y = 0.2908527215372772
cam_tilt_x = 0.012431760602119582
cam_tilt_y = 0.008840044275224498
d_cam_ff  = -160.07683388675025
ccd_ff_dec_x = -0.023799704407957683
ccd_ff_dec_y = 0.042090604423232675
ccd_ff_tilt_x = 0.03346353012169985
ccd_ff_tilt_y = -0.5909749068434883
ccd_ff_tilt_z = 0.17192162149018525
d_ff_ccd  = -4.815940777905217
ccd_dec_x = 0.5532995345108017
ccd_dec_y = 5.107637198107518
ccd_defocus = 0.2857099567902786
ccd_tilt_x = 0.032604062041181284
ccd_tilt_y = -0.0021289118447170145
ccd_tilt_z = 4.6634943608113316e-06
p = 0.0001