slit_dec_x_a = -0.1703739231574904
slit_dec_y_a = -0.19575252676141439
slit_dec_x_b = 0.175
slit_dec_y_b = -2.4623599343226326e-96
slit_defocus = 0.005542861667553647
slit_tilt_x = 1.1861213709671101
slit_tilt_y = -8.540120415167602
slit_tilt_z = -8.990823653412535
d_slit_col = 1594.2944739643983
coll_tilt_x = 0.08856811495221781
coll_tilt_y = -0.03177755158844675
ech_G = 31.610684713385016
ech_blaze = -74.9772172903108
ech_gamma = 1.1405072113684593
echelle_z = 0.07544894814369096
d_col_trf = -1588.018606224692
trf_mirror_tilt_x = 0.13866474878059035
trf_mirror_tilt_y = 0.077552685059819
d_col_grm = -0.009539227825311386
grism_dec_x = 236.4343570029679
grism_dec_y = 0.034246203172012
grm_tilt_x = -0.0157706486899506
grm_tilt_y = 2.304364857539866
grm_G = 222.82520017528404
grm_apex = 17.815119334539677
d_grm_cam  = 21.608471345337158
cam_dec_x = -0.3021311880705475
cam_dec_y = 0.2503269654907683
cam_tilt_x = -0.01837419910196372
cam_tilt_y = -0.015030714311364367
d_cam_ff  = -160.40099096133153
ccd_ff_dec_x = -0.0035424343846348193
ccd_ff_dec_y = 0.0001575068204871653
ccd_ff_tilt_x = 0.1460129535583472
ccd_ff_tilt_y = -0.5720291521498194
ccd_ff_tilt_z = 0.17251459039314504
d_ff_ccd  = -4.811236536454428
ccd_dec_x = 0.6206513214629442
ccd_dec_y = 5.1552723449346
ccd_defocus = 0.3163409756479689
ccd_tilt_x = 0.007809653416453418
ccd_tilt_y = -0.014004349329157385
ccd_tilt_z = 3.364652704218668e-06
p = 2.4412499999999997e-06