slit_dec_x_a = -0.17043017066701244
slit_dec_y_a = -0.19594114608908944
slit_dec_x_b = 0.175
slit_dec_y_b = -2.051325055273047e-96
slit_defocus = 0.005576155768458403
slit_tilt_x = 1.1860934508841736
slit_tilt_y = -8.539988276413734
slit_tilt_z = -8.990838077902133
d_slit_col = 1594.2944547339441
coll_tilt_x = 0.08864435067724545
coll_tilt_y = -0.03177730433660985
ech_G = 31.610681550295997
ech_blaze = -74.97699453951256
ech_gamma = 1.1404288938521856
echelle_z = 0.07485173973468841
d_col_trf = -1588.0185754555673
trf_mirror_tilt_x = 0.13867976837017473
trf_mirror_tilt_y = 0.07758617056209186
d_col_grm = -0.009553138404669674
grism_dec_x = 236.43431558948689
grism_dec_y = 0.03424513092304397
grm_tilt_x = -0.01569689349842263
grm_tilt_y = 2.304394860125584
grm_G = 222.82517462385596
grm_apex = 17.815119215890192
d_grm_cam  = 21.60846815335309
cam_dec_x = -0.30215245297468446
cam_dec_y = 0.2503644228457974
cam_tilt_x = -0.018643329968804384
cam_tilt_y = -0.015046925764931381
d_cam_ff  = -160.4009808116637
ccd_ff_dec_x = -0.003562330032155291
ccd_ff_dec_y = 0.00017186331839034186
ccd_ff_tilt_x = 0.14601080478208817
ccd_ff_tilt_y = -0.572094444535004
ccd_ff_tilt_z = 0.17261211956728775
d_ff_ccd  = -4.811215725000393
ccd_dec_x = 0.6207148502882972
ccd_dec_y = 5.155302746183358
ccd_defocus = 0.3162971199195488
ccd_tilt_x = 0.0077339139875485016
ccd_tilt_y = -0.014005547317035938
ccd_tilt_z = 3.1255244628126226e-06
p = 1.3177499999999999e-05