slit_dec_x_a = -0.181778666534
slit_dec_y_a = -0.18243150017
slit_dec_x_b = 0.14512077562974193
slit_dec_y_b = -0.05510809031835813
slit_defocus = -0.013792302548791222
slit_tilt_x = 1.054087910008722
slit_tilt_y = -8.559877639884391
slit_tilt_z = -9.026902634802147
d_slit_col = 1594.2902442723557
coll_tilt_x = 0.12147440552571916
coll_tilt_y = -0.026451432362596613
ech_G = 31.614567717893756
ech_blaze = -74.99488426007368
ech_gamma = 1.1556396255904524
echelle_z = 0.05700531028863442
d_col_trf = -1588.0163637098676
trf_mirror_tilt_x = 0.007270349008503638
trf_mirror_tilt_y = 0.15547616397504732
d_col_grm = 0.03561579505409307
grism_dec_x = 236.38318015247418
grism_dec_y = 0.00927744773178466
grm_tilt_x = -0.02351312965301652
grm_tilt_y = 2.3257899839130656
grm_G = 222.78406633347606
grm_apex = 17.766392564455415
d_grm_cam  = 21.604693571974185
cam_dec_x = -0.2711053625592405
cam_dec_y = 0.29088273376631457
cam_tilt_x = 0.012462379500481345
cam_tilt_y = 0.008794272824949613
d_cam_ff  = -160.0767941804986
ccd_ff_dec_x = -0.02380070254629743
ccd_ff_dec_y = 0.04205204165957148
ccd_ff_tilt_x = 0.03352723761057426
ccd_ff_tilt_y = -0.5909780581176417
ccd_ff_tilt_z = 0.17191929769434935
d_ff_ccd  = -4.8160275790133555
ccd_dec_x = 0.5532931698566371
ccd_dec_y = 5.107627676768003
ccd_defocus = 0.28573643583693287
ccd_tilt_x = 0.03257001645598723
ccd_tilt_y = -0.0021370815356020934
ccd_tilt_z = 4.728013090969409e-06
p = 0.0001