slit_dec_x_a = -0.170468599483257
slit_dec_y_a = -0.19608398054826687
slit_dec_x_b = 0.175
slit_dec_y_b = -2.006278709582971e-96
slit_defocus = 0.0055600331793917756
slit_tilt_x = 1.1861237483684233
slit_tilt_y = -8.540023793405535
slit_tilt_z = -8.990868454776596
d_slit_col = 1594.2944345425542
coll_tilt_x = 0.08871031834101543
coll_tilt_y = -0.0317654413266236
ech_G = 31.61069082717604
ech_blaze = -74.97721399844087
ech_gamma = 1.1405398265960622
echelle_z = 0.07494560711281961
d_col_trf = -1588.0185584038175
trf_mirror_tilt_x = 0.1387157736689211
trf_mirror_tilt_y = 0.07759708540373542
d_col_grm = -0.009523817195031975
grism_dec_x = 236.4342874673099
grism_dec_y = 0.034226009412798276
grm_tilt_x = -0.015795826810911535
grm_tilt_y = 2.3043761405230287
grm_G = 222.82520133399677
grm_apex = 17.815109655312966
d_grm_cam  = 21.608482835197663
cam_dec_x = -0.3021200731411945
cam_dec_y = 0.25039211505033154
cam_tilt_x = -0.01816316167473454
cam_tilt_y = -0.015021460491756584
d_cam_ff  = -160.40095964696948
ccd_ff_dec_x = -0.00354366025659258
ccd_ff_dec_y = 0.0001465689993976277
ccd_ff_tilt_x = 0.14597465204002003
ccd_ff_tilt_y = -0.5720585135053945
ccd_ff_tilt_z = 0.17256196503156848
d_ff_ccd  = -4.811232040277548
ccd_dec_x = 0.6206490305892589
ccd_dec_y = 5.155252795566798
ccd_defocus = 0.3163200275483939
ccd_tilt_x = 0.007749306264022372
ccd_tilt_y = -0.014004559340487728
ccd_tilt_z = 3.2177511159463096e-06
p = 4.165416666666667e-06