slit_dec_x_a = -0.17047024419835935
slit_dec_y_a = -0.19601876973221302
slit_dec_x_b = 0.175
slit_dec_y_b = -1.8841549306336925e-96
slit_defocus = 0.005562075986849478
slit_tilt_x = 1.1861320531129333
slit_tilt_y = -8.540049067244052
slit_tilt_z = -8.990861532182805
d_slit_col = 1594.2944469129768
coll_tilt_x = 0.08887956113514023
coll_tilt_y = -0.03184454315545297
ech_G = 31.610699903757265
ech_blaze = -74.97710266587211
ech_gamma = 1.1404516623524772
echelle_z = 0.07456088053380734
d_col_trf = -1588.0185376766572
trf_mirror_tilt_x = 0.13872308522599225
trf_mirror_tilt_y = 0.07760500497338964
d_col_grm = -0.009542294511042214
grism_dec_x = 236.4342599326096
grism_dec_y = 0.03419499028831155
grm_tilt_x = -0.01583485570132343
grm_tilt_y = 2.304382019741342
grm_G = 222.825192751291
grm_apex = 17.815109316293164
d_grm_cam  = 21.608484979154902
cam_dec_x = -0.30213476594318944
cam_dec_y = 0.25039307779168885
cam_tilt_x = -0.01830997607217215
cam_tilt_y = -0.015032755077728032
d_cam_ff  = -160.40096849126704
ccd_ff_dec_x = -0.00353721600165783
ccd_ff_dec_y = 0.00014806765777862363
ccd_ff_tilt_x = 0.14596980938024906
ccd_ff_tilt_y = -0.5720845960390952
ccd_ff_tilt_z = 0.17259446796505928
d_ff_ccd  = -4.811247771689949
ccd_dec_x = 0.6206324511200346
ccd_dec_y = 5.155261894255707
ccd_defocus = 0.3163102507864639
ccd_tilt_x = 0.007778427557824224
ccd_tilt_y = -0.014002372886028742
ccd_tilt_z = 0.000927280881017664
p = 4.165416666666667e-06