slit_dec_x_a = -0.1704010755187174
slit_dec_y_a = -0.1956586180351446
slit_dec_x_b = 0.175
slit_dec_y_b = -1.8465060926867164e-96
slit_defocus = 0.021370431155036458
slit_tilt_x = 1.113998149442639
slit_tilt_y = -8.538454235847304
slit_tilt_z = -8.99157911474449
d_slit_col = 1594.309975829561
coll_tilt_x = 0.11321196268142654
coll_tilt_y = -0.02890352679186351
ech_G = 31.613224502862273
ech_blaze = -74.97483426606658
ech_gamma = 1.1389759409958409
echelle_z = 0.07477236279402386
d_col_trf = -1588.0172254301897
trf_mirror_tilt_x = 0.02625248763799271
trf_mirror_tilt_y = 0.16226639263128653
d_col_grm = -0.004859642583767676
grism_dec_x = 236.42333168933942
grism_dec_y = 0.038225440739593476
grm_tilt_x = -0.014056867454615303
grm_tilt_y = 2.3052721230297215
grm_G = 222.82399248657828
grm_apex = 17.791036871166625
d_grm_cam  = 21.60981870361266
cam_dec_x = -0.30957973433712344
cam_dec_y = 0.24724233676188917
cam_tilt_x = -0.01105447564228912
cam_tilt_y = 0.0037567605862841
d_cam_ff  = -160.05747898866016
ccd_ff_dec_x = -0.0026072603874179924
ccd_ff_dec_y = 0.053043240065927075
ccd_ff_tilt_x = 0.019554076444833684
ccd_ff_tilt_y = -0.5728004397706015
ccd_ff_tilt_z = 0.18005313509599274
d_ff_ccd  = -4.838911875445853
ccd_dec_x = 0.6214068433183608
ccd_dec_y = 5.157147929582128
ccd_defocus = 0.28079997225938
ccd_tilt_x = 0.005026465034368714
ccd_tilt_y = -0.010936743858603262
ccd_tilt_z = 4.986090639612265e-06
p = 0.0001