slit_dec_x_a = -0.170418881520594
slit_dec_y_a = -0.19591903424844243
slit_dec_x_b = 0.175
slit_dec_y_b = -1.653302033357234e-96
slit_defocus = 0.005594658472242496
slit_tilt_x = 1.1861305113156184
slit_tilt_y = -8.540019128845353
slit_tilt_z = -8.99085545232609
d_slit_col = 1594.294471855111
coll_tilt_x = 0.08874597111714026
coll_tilt_y = -0.031945650090673294
ech_G = 31.610660991821764
ech_blaze = -74.97681860052265
ech_gamma = 1.1402821524839977
echelle_z = 0.07481938835854555
d_col_trf = -1588.0185301721176
trf_mirror_tilt_x = 0.13869086280054635
trf_mirror_tilt_y = 0.07753954604269135
d_col_grm = -0.009543378151227468
grism_dec_x = 236.43434758365524
grism_dec_y = 0.03417278910061823
grm_tilt_x = -0.015992060065355116
grm_tilt_y = 2.304384066573873
grm_G = 222.8251872606607
grm_apex = 17.81511516636381
d_grm_cam  = 21.608488446744587
cam_dec_x = -0.3021066039189456
cam_dec_y = 0.2503369774485768
cam_tilt_x = -0.018446776927207417
cam_tilt_y = -0.015104371856176921
d_cam_ff  = -160.40096745121662
ccd_ff_dec_x = -0.003507269319664453
ccd_ff_dec_y = 0.0002689572461238729
ccd_ff_tilt_x = 0.1460434967269823
ccd_ff_tilt_y = -0.5720670147649827
ccd_ff_tilt_z = 0.17258402409243095
d_ff_ccd  = -4.811304522697245
ccd_dec_x = 0.6206983029437629
ccd_dec_y = 5.155289105733263
ccd_defocus = 0.3162842263074666
ccd_tilt_x = 0.007740148318114674
ccd_tilt_y = -0.01412380068570963
ccd_tilt_z = 3.1128828405022125e-06
p = 7.36175e-06