slit_dec_x_a = -0.181778666534
slit_dec_y_a = -0.18243150017
slit_dec_x_b = 0.14512077562974193
slit_dec_y_b = -0.05510809031835813
slit_defocus = -0.0022013184125488374
slit_tilt_x = 1.1346666522200666
slit_tilt_y = -8.568227284645886
slit_tilt_z = -9.003634220963397
d_slit_col = 1594.303951938595
coll_tilt_x = 0.08647263634481056
coll_tilt_y = -0.0219814688855674
ech_G = 31.610908272869416
ech_blaze = -74.9956236572947
ech_gamma = 1.1580814126902301
echelle_z = 0.057568948549661374
d_col_trf = -1588.0162262663926
trf_mirror_tilt_x = 0.12251008276155624
trf_mirror_tilt_y = 0.018620840602389416
d_col_grm = 0.015099209752252879
grism_dec_x = 236.3974400362822
grism_dec_y = -0.005018198459069222
grm_tilt_x = -0.024905202901484926
grm_tilt_y = 2.3270919833204577
grm_G = 222.78568632516954
grm_apex = 17.80921702935342
d_grm_cam  = 21.604570986362198
cam_dec_x = -0.2835662783176638
cam_dec_y = 0.2897087714447909
cam_tilt_x = 0.004299214065357783
cam_tilt_y = -0.027797767280675994
d_cam_ff  = -160.5696845007904
ccd_ff_dec_x = -0.02285157294141393
ccd_ff_dec_y = -0.04778114494651208
ccd_ff_tilt_x = 0.16503552371770946
ccd_ff_tilt_y = -0.5896124271690394
ccd_ff_tilt_z = 0.17177491100847714
d_ff_ccd  = -4.785409214409679
ccd_dec_x = 0.5519169212743473
ccd_dec_y = 5.1061323218910735
ccd_defocus = 0.31574939984818545
ccd_tilt_x = 0.021328614289834562
ccd_tilt_y = -0.00422577683655209
ccd_tilt_z = 3.397189864943144e-07
p = 7.36175e-06