slit_dec_x_a = -0.181778666534
slit_dec_y_a = -0.18243150017
slit_dec_x_b = 0.14512077562974193
slit_dec_y_b = -0.05510809031835813
slit_defocus = -0.013823515826127442
slit_tilt_x = 1.053993833601776
slit_tilt_y = -8.559996704474404
slit_tilt_z = -9.026841017919319
d_slit_col = 1594.2903326571077
coll_tilt_x = 0.12138734496351525
coll_tilt_y = -0.026485495805377554
ech_G = 31.61456929985082
ech_blaze = -74.99488763046159
ech_gamma = 1.1556412205575561
echelle_z = 0.05700328457268492
d_col_trf = -1588.0163638064314
trf_mirror_tilt_x = 0.007276638961828081
trf_mirror_tilt_y = 0.15540746554406848
d_col_grm = 0.0356587263731733
grism_dec_x = 236.38319795376302
grism_dec_y = 0.009218149469707573
grm_tilt_x = -0.023501318446447535
grm_tilt_y = 2.325785520925894
grm_G = 222.78407667165908
grm_apex = 17.766470830570242
d_grm_cam  = 21.604699630158844
cam_dec_x = -0.27105450324776525
cam_dec_y = 0.2908892711222908
cam_tilt_x = 0.012373375491671366
cam_tilt_y = 0.00876717336461298
d_cam_ff  = -160.07732102130112
ccd_ff_dec_x = -0.02379856323488226
ccd_ff_dec_y = 0.04202697808724933
ccd_ff_tilt_x = 0.03354890944420109
ccd_ff_tilt_y = -0.590985111645798
ccd_ff_tilt_z = 0.17191481307399398
d_ff_ccd  = -4.815972419347907
ccd_dec_x = 0.5532987312575743
ccd_dec_y = 5.107634060005394
ccd_defocus = 0.285741119642588
ccd_tilt_x = 0.032586012633568785
ccd_tilt_y = -0.002193154743885291
ccd_tilt_z = 4.697585510601002e-06
p = 0.0001