slit_dec_x_a = -0.181778666534
slit_dec_y_a = -0.18243150017
slit_dec_x_b = 0.14512077562974193
slit_dec_y_b = -0.05510809031835813
slit_defocus = -0.002207210463090402
slit_tilt_x = 1.1346845034682929
slit_tilt_y = -8.568375970615211
slit_tilt_z = -9.003570375075494
d_slit_col = 1594.3039942109149
coll_tilt_x = 0.08648071057727175
coll_tilt_y = -0.02205698387661891
ech_G = 31.61092333974308
ech_blaze = -74.9957202191163
ech_gamma = 1.1581327011231766
echelle_z = 0.05679111245188523
d_col_trf = -1588.0163204292771
trf_mirror_tilt_x = 0.1224938708851187
trf_mirror_tilt_y = 0.018713396528711394
d_col_grm = 0.01495203941015922
grism_dec_x = 236.39746009956662
grism_dec_y = -0.005065102030204451
grm_tilt_x = -0.024653148809872728
grm_tilt_y = 2.3273499876082693
grm_G = 222.7858196029207
grm_apex = 17.809074330199532
d_grm_cam  = 21.604860386352343
cam_dec_x = -0.28362602303829254
cam_dec_y = 0.28974925987887934
cam_tilt_x = 0.0043320012811174265
cam_tilt_y = -0.027784928895994175
d_cam_ff  = -160.56952353522146
ccd_ff_dec_x = -0.022875427996387403
ccd_ff_dec_y = -0.04776533051807324
ccd_ff_tilt_x = 0.1650345393582852
ccd_ff_tilt_y = -0.5893939146601538
ccd_ff_tilt_z = 0.1717714389429899
d_ff_ccd  = -4.785383191004458
ccd_dec_x = 0.5518035183782287
ccd_dec_y = 5.106441001707733
ccd_defocus = 0.31585288170502224
ccd_tilt_x = 0.021372475311894176
ccd_tilt_y = -0.004210902214586495
ccd_tilt_z = 2.445074844266647e-07
p = 1.513166666666667e-05