slit_dec_x_a = -0.17039462717107853
slit_dec_y_a = -0.19601693628407
slit_dec_x_b = 0.175
slit_dec_y_b = -1.4888473854466592e-96
slit_defocus = 0.005586031265174935
slit_tilt_x = 1.1861481245481234
slit_tilt_y = -8.540052083001218
slit_tilt_z = -8.990842499332148
d_slit_col = 1594.2944761795648
coll_tilt_x = 0.08870622249586473
coll_tilt_y = -0.03184062978669023
ech_G = 31.610651953835337
ech_blaze = -74.97683308777995
ech_gamma = 1.1403996047102642
echelle_z = 0.07482545586973667
d_col_trf = -1588.0185471605864
trf_mirror_tilt_x = 0.13865494689363653
trf_mirror_tilt_y = 0.0775168315372411
d_col_grm = -0.009532081340786109
grism_dec_x = 236.43431861437313
grism_dec_y = 0.034179691385302524
grm_tilt_x = -0.015851292506672696
grm_tilt_y = 2.3043822459182697
grm_G = 222.8251695972691
grm_apex = 17.81512678081958
d_grm_cam  = 21.608484255540407
cam_dec_x = -0.30212504755055164
cam_dec_y = 0.2503127481145371
cam_tilt_x = -0.01843548416731389
cam_tilt_y = -0.01508318492103197
d_cam_ff  = -160.4009735885438
ccd_ff_dec_x = -0.003526083963750795
ccd_ff_dec_y = 0.0002542915306633627
ccd_ff_tilt_x = 0.14605221053338435
ccd_ff_tilt_y = -0.5720784363181757
ccd_ff_tilt_z = 0.17257008786475955
d_ff_ccd  = -4.811298205925816
ccd_dec_x = 0.620665999714049
ccd_dec_y = 5.155291485938454
ccd_defocus = 0.3162805217074678
ccd_tilt_x = 0.007714278322698859
ccd_tilt_y = -0.014134980959818653
ccd_tilt_z = 3.1439100471480887e-06
p = 9.631454545454547e-06