slit_dec_x_a = -0.181778666534
slit_dec_y_a = -0.18243150017
slit_dec_x_b = 0.14512077562974193
slit_dec_y_b = -0.05510809031835813
slit_defocus = -0.0022187608645972646
slit_tilt_x = 1.1346685604826754
slit_tilt_y = -8.568245208649271
slit_tilt_z = -9.003624674936622
d_slit_col = 1594.3039705130902
coll_tilt_x = 0.0864661948157104
coll_tilt_y = -0.021996895091504112
ech_G = 31.610891552460135
ech_blaze = -74.99550206416163
ech_gamma = 1.158156673652626
echelle_z = 0.05761288460436945
d_col_trf = -1588.0162583848928
trf_mirror_tilt_x = 0.12253260354295122
trf_mirror_tilt_y = 0.018640785284928834
d_col_grm = 0.015088257316550144
grism_dec_x = 236.39743739717048
grism_dec_y = -0.005018567210482531
grm_tilt_x = -0.024926378906086788
grm_tilt_y = 2.327281346459414
grm_G = 222.7856916088333
grm_apex = 17.80922940769361
d_grm_cam  = 21.60451908930023
cam_dec_x = -0.28356375165485503
cam_dec_y = 0.2897220700383258
cam_tilt_x = 0.004314062937457876
cam_tilt_y = -0.02782444175229627
d_cam_ff  = -160.56989654417967
ccd_ff_dec_x = -0.022817359148410783
ccd_ff_dec_y = -0.04779593402431522
ccd_ff_tilt_x = 0.16503535906391134
ccd_ff_tilt_y = -0.5896624538843998
ccd_ff_tilt_z = 0.17171419885306966
d_ff_ccd  = -4.785422499820983
ccd_dec_x = 0.5517726017244133
ccd_dec_y = 5.106088660691117
ccd_defocus = 0.3157391012054138
ccd_tilt_x = 0.021340839858369022
ccd_tilt_y = -0.004202961438931374
ccd_tilt_z = 3.859522501720681e-07
p = 9.631454545454547e-06