slit_dec_x_a = -0.181778666534
slit_dec_y_a = -0.18243150017
slit_dec_x_b = 0.14512077562974193
slit_dec_y_b = -0.05510809031835813
slit_defocus = -0.01372443375922682
slit_tilt_x = 1.0541282443878952
slit_tilt_y = -8.559961360905252
slit_tilt_z = -9.02682017089419
d_slit_col = 1594.2902199173866
coll_tilt_x = 0.12138469962511443
coll_tilt_y = -0.026437785077505726
ech_G = 31.61455905525992
ech_blaze = -74.99488788690944
ech_gamma = 1.1556428246647017
echelle_z = 0.05699933351652777
d_col_trf = -1588.016369724053
trf_mirror_tilt_x = 0.0073235259117453546
trf_mirror_tilt_y = 0.15546492944521995
d_col_grm = 0.03563673485970699
grism_dec_x = 236.3832282193995
grism_dec_y = 0.009192589631324981
grm_tilt_x = -0.023510228212368384
grm_tilt_y = 2.3257829872349656
grm_G = 222.7840734926257
grm_apex = 17.76646475815737
d_grm_cam  = 21.604700903906195
cam_dec_x = -0.27106367166431666
cam_dec_y = 0.2908714612815426
cam_tilt_x = 0.012491781703776971
cam_tilt_y = 0.008870838273517534
d_cam_ff  = -160.0770477961053
ccd_ff_dec_x = -0.02380178355723234
ccd_ff_dec_y = 0.042017859298795646
ccd_ff_tilt_x = 0.033533894394660244
ccd_ff_tilt_y = -0.5909808942533732
ccd_ff_tilt_z = 0.17192403137102386
d_ff_ccd  = -4.815993501550143
ccd_dec_x = 0.5532960608143881
ccd_dec_y = 5.107635055736974
ccd_defocus = 0.2857396520907212
ccd_tilt_x = 0.03258003090917363
ccd_tilt_y = -0.002113776462428983
ccd_tilt_z = 4.734195265692755e-06
p = 0.0001