slit_dec_x_a = -0.1704010755187174
slit_dec_y_a = -0.1956586180351446
slit_dec_x_b = 0.175
slit_dec_y_b = -1.7991392699506881e-96
slit_defocus = 0.021354764537732107
slit_tilt_x = 1.1139580424648454
slit_tilt_y = -8.538402124603019
slit_tilt_z = -8.991666790860268
d_slit_col = 1594.3099663578284
coll_tilt_x = 0.1131763357278008
coll_tilt_y = -0.028856735484719682
ech_G = 31.613230757561286
ech_blaze = -74.97483142835756
ech_gamma = 1.1389692022993487
echelle_z = 0.0747669290479335
d_col_trf = -1588.0172355994782
trf_mirror_tilt_x = 0.026248949516269184
trf_mirror_tilt_y = 0.16222355388076984
d_col_grm = -0.004804988445889527
grism_dec_x = 236.42331740731956
grism_dec_y = 0.03815780306406149
grm_tilt_x = -0.014060563476208836
grm_tilt_y = 2.3052737166775437
grm_G = 222.82400983449222
grm_apex = 17.791022352541614
d_grm_cam  = 21.609824738877624
cam_dec_x = -0.30949697080913136
cam_dec_y = 0.24722004315851673
cam_tilt_x = -0.010998000513348148
cam_tilt_y = 0.0038214156602872007
d_cam_ff  = -160.0575618779614
ccd_ff_dec_x = -0.002600892739119416
ccd_ff_dec_y = 0.05307071208046757
ccd_ff_tilt_x = 0.01950279563210376
ccd_ff_tilt_y = -0.5728029515449705
ccd_ff_tilt_z = 0.18005393424945196
d_ff_ccd  = -4.838873713619605
ccd_dec_x = 0.6213988908084971
ccd_dec_y = 5.15715014609201
ccd_defocus = 0.28077640702599177
ccd_tilt_x = 0.005071432414393085
ccd_tilt_y = -0.010930160159272765
ccd_tilt_z = 5.097174339825654e-06
p = 0.0001