slit_dec_x_a = -0.1703983427926205
slit_dec_y_a = -0.1959097271215206
slit_dec_x_b = 0.175
slit_dec_y_b = -2.3742014704292955e-96
slit_defocus = 0.0055222139604705605
slit_tilt_x = 1.1861087509263164
slit_tilt_y = -8.54009248880873
slit_tilt_z = -8.990856965325673
d_slit_col = 1594.2944392516358
coll_tilt_x = 0.08859192426813563
coll_tilt_y = -0.031713348582479386
ech_G = 31.610647172542873
ech_blaze = -74.97695764138412
ech_gamma = 1.1405376700917724
echelle_z = 0.07532539391393304
d_col_trf = -1588.0185652016753
trf_mirror_tilt_x = 0.13869573688191708
trf_mirror_tilt_y = 0.07752459461354803
d_col_grm = -0.009527634818411292
grism_dec_x = 236.43432196840973
grism_dec_y = 0.03424323276931357
grm_tilt_x = -0.015865866440432797
grm_tilt_y = 2.304369749889589
grm_G = 222.82520989277182
grm_apex = 17.815143581598967
d_grm_cam  = 21.60849192102975
cam_dec_x = -0.30210975082431435
cam_dec_y = 0.2503499415427232
cam_tilt_x = -0.018161238913819235
cam_tilt_y = -0.015021955824607131
d_cam_ff  = -160.40094759287905
ccd_ff_dec_x = -0.0035614167196003025
ccd_ff_dec_y = 0.00013806320053471753
ccd_ff_tilt_x = 0.14605900779315886
ccd_ff_tilt_y = -0.5720309362288892
ccd_ff_tilt_z = 0.17254727579959786
d_ff_ccd  = -4.811233317261517
ccd_dec_x = 0.6206643747662256
ccd_dec_y = 5.155293527039784
ccd_defocus = 0.31631442745573957
ccd_tilt_x = 0.007810562647661419
ccd_tilt_y = -0.014003680452816629
ccd_tilt_z = 3.287121777205135e-06
p = 8.550272727272728e-06