slit_dec_x_a = -0.1704010755187174
slit_dec_y_a = -0.1956586180351446
slit_dec_x_b = 0.175
slit_dec_y_b = -1.8500957114276784e-96
slit_defocus = 0.021336060794130075
slit_tilt_x = 1.1140580311854915
slit_tilt_y = -8.538436474224035
slit_tilt_z = -8.99159246048391
d_slit_col = 1594.3098934239185
coll_tilt_x = 0.11322980653595194
coll_tilt_y = -0.02883288227856174
ech_G = 31.61322863984722
ech_blaze = -74.97482721431902
ech_gamma = 1.1389727443233473
echelle_z = 0.07477442699265932
d_col_trf = -1588.0172311561262
trf_mirror_tilt_x = 0.026323796711763405
trf_mirror_tilt_y = 0.16225130476075822
d_col_grm = -0.0047935234725400375
grism_dec_x = 236.42329869598214
grism_dec_y = 0.038133070512546566
grm_tilt_x = -0.014048627588645808
grm_tilt_y = 2.3052772119182796
grm_G = 222.82400184609247
grm_apex = 17.791057032901808
d_grm_cam  = 21.60981735057701
cam_dec_x = -0.3095659247347618
cam_dec_y = 0.24725751412083002
cam_tilt_x = -0.011030646391319636
cam_tilt_y = 0.003795726429381096
d_cam_ff  = -160.05758136585132
ccd_ff_dec_x = -0.002600946851864511
ccd_ff_dec_y = 0.05307406804518514
ccd_ff_tilt_x = 0.019500894529001684
ccd_ff_tilt_y = -0.5728068821711003
ccd_ff_tilt_z = 0.18004809368810396
d_ff_ccd  = -4.838922668097881
ccd_dec_x = 0.6214029535446014
ccd_dec_y = 5.157143228152194
ccd_defocus = 0.28074004748092657
ccd_tilt_x = 0.005035201593161859
ccd_tilt_y = -0.010942086006454037
ccd_tilt_z = 5.073524891843629e-06
p = 0.0001