slit_dec_x_a = -0.181778666534
slit_dec_y_a = -0.18243150017
slit_dec_x_b = 0.14512077562974193
slit_dec_y_b = -0.05510809031835813
slit_defocus = -0.002191322525993711
slit_tilt_x = 1.134691558420422
slit_tilt_y = -8.568298846963629
slit_tilt_z = -9.003632214917943
d_slit_col = 1594.3039184868028
coll_tilt_x = 0.08643206569685112
coll_tilt_y = -0.022039607962751527
ech_G = 31.610899993730467
ech_blaze = -74.9956380609508
ech_gamma = 1.1581870524235556
echelle_z = 0.05712544653134539
d_col_trf = -1588.0162623382757
trf_mirror_tilt_x = 0.12250382937193365
trf_mirror_tilt_y = 0.018691626007682448
d_col_grm = 0.014990160098187504
grism_dec_x = 236.39749121751137
grism_dec_y = -0.005058944096990539
grm_tilt_x = -0.024847128510273563
grm_tilt_y = 2.327422542569305
grm_G = 222.7857432324101
grm_apex = 17.80916689211903
d_grm_cam  = 21.60458595308306
cam_dec_x = -0.28363141993175905
cam_dec_y = 0.2897115022414235
cam_tilt_x = 0.004360577614400434
cam_tilt_y = -0.02780293381061374
d_cam_ff  = -160.5696387001068
ccd_ff_dec_x = -0.023038917559945127
ccd_ff_dec_y = -0.04777975106628122
ccd_ff_tilt_x = 0.16503293946082462
ccd_ff_tilt_y = -0.5896452288425998
ccd_ff_tilt_z = 0.17191288088918213
d_ff_ccd  = -4.785368374681698
ccd_dec_x = 0.5519053716526026
ccd_dec_y = 5.106551430070783
ccd_defocus = 0.3158241503893333
ccd_tilt_x = 0.021425062164616746
ccd_tilt_y = -0.004197539098366059
ccd_tilt_z = 2.7273518781739813e-07
p = 2.029181818181818e-06