slit_dec_x_a = -0.17046063986273402
slit_dec_y_a = -0.19607129506650703
slit_dec_x_b = 0.175
slit_dec_y_b = -1.8529868109841026e-96
slit_defocus = 0.005565823734301599
slit_tilt_x = 1.1861319415227698
slit_tilt_y = -8.540009145457438
slit_tilt_z = -8.99084039474939
d_slit_col = 1594.2944343257302
coll_tilt_x = 0.08875795002765298
coll_tilt_y = -0.031768997837246245
ech_G = 31.61068127157231
ech_blaze = -74.97705967058832
ech_gamma = 1.1405102014139623
echelle_z = 0.07495870708833877
d_col_trf = -1588.0185604161072
trf_mirror_tilt_x = 0.1387174551663741
trf_mirror_tilt_y = 0.07758669335634967
d_col_grm = -0.009520263596572025
grism_dec_x = 236.43428624104092
grism_dec_y = 0.03425015653255415
grm_tilt_x = -0.01578874095386052
grm_tilt_y = 2.304377793950245
grm_G = 222.82516876091987
grm_apex = 17.815112657627502
d_grm_cam  = 21.608485195857188
cam_dec_x = -0.3021063452667533
cam_dec_y = 0.25037716154589007
cam_tilt_x = -0.018326582194640565
cam_tilt_y = -0.01503047080347716
d_cam_ff  = -160.40095129167642
ccd_ff_dec_x = -0.0035331742846909982
ccd_ff_dec_y = 0.00014459110474496255
ccd_ff_tilt_x = 0.14599930862494542
ccd_ff_tilt_y = -0.5720879226980533
ccd_ff_tilt_z = 0.17255317292367764
d_ff_ccd  = -4.811236535621138
ccd_dec_x = 0.6206648314012579
ccd_dec_y = 5.155260214147636
ccd_defocus = 0.31632838765199545
ccd_tilt_x = 0.007751408573645742
ccd_tilt_y = -0.014001818642575967
ccd_tilt_z = 3.226522679388653e-06
p = 2.029181818181818e-06