slit_dec_x_a = -0.17041436125682552
slit_dec_y_a = -0.19596893195538492
slit_dec_x_b = 0.175
slit_dec_y_b = -1.7350282560928546e-96
slit_defocus = 0.005569217566717338
slit_tilt_x = 1.1861435389130381
slit_tilt_y = -8.540014474886027
slit_tilt_z = -8.990842718663803
d_slit_col = 1594.294463580365
coll_tilt_x = 0.08876944448842468
coll_tilt_y = -0.03182690362523563
ech_G = 31.61065299029848
ech_blaze = -74.97674467151187
ech_gamma = 1.1404394747788529
echelle_z = 0.0747580743418035
d_col_trf = -1588.0185380955513
trf_mirror_tilt_x = 0.13865804493306522
trf_mirror_tilt_y = 0.07758245912356738
d_col_grm = -0.009568355738701562
grism_dec_x = 236.43431836098134
grism_dec_y = 0.03419329518773498
grm_tilt_x = -0.015739715848002992
grm_tilt_y = 2.304369916273128
grm_G = 222.8251811603931
grm_apex = 17.815130197566717
d_grm_cam  = 21.608440277041428
cam_dec_x = -0.30214793604771895
cam_dec_y = 0.2503271338981754
cam_tilt_x = -0.018609569518436613
cam_tilt_y = -0.015047615228041357
d_cam_ff  = -160.40092624919404
ccd_ff_dec_x = -0.0035020062570086893
ccd_ff_dec_y = 0.00018073138759962685
ccd_ff_tilt_x = 0.14603194740681505
ccd_ff_tilt_y = -0.5720534311244306
ccd_ff_tilt_z = 0.17258521475278246
d_ff_ccd  = -4.811254947183608
ccd_dec_x = 0.6206861609452318
ccd_dec_y = 5.155313768481114
ccd_defocus = 0.3163216389418007
ccd_tilt_x = 0.007726228816920313
ccd_tilt_y = -0.014070473156298342
ccd_tilt_z = 3.1576704427394284e-06
p = 2.004090909090909e-06