slit_dec_x_a = -0.181778666534
slit_dec_y_a = -0.18243150017
slit_dec_x_b = 0.14512077562974193
slit_dec_y_b = -0.05510809031835813
slit_defocus = -0.0022160506829036206
slit_tilt_x = 1.134696941509295
slit_tilt_y = -8.568218042070567
slit_tilt_z = -9.003672941225442
d_slit_col = 1594.3039135589
coll_tilt_x = 0.08642398687374714
coll_tilt_y = -0.02206556792988994
ech_G = 31.610870426114293
ech_blaze = -74.9955145861179
ech_gamma = 1.1580904293973593
echelle_z = 0.05735485274021384
d_col_trf = -1588.0163544179663
trf_mirror_tilt_x = 0.12253758248244188
trf_mirror_tilt_y = 0.01867489732776613
d_col_grm = 0.015057727603804395
grism_dec_x = 236.3974698772853
grism_dec_y = -0.00501150630114973
grm_tilt_x = -0.024715575474757067
grm_tilt_y = 2.3272387664299616
grm_G = 222.78574387521832
grm_apex = 17.80917575988864
d_grm_cam  = 21.604327814480204
cam_dec_x = -0.2836100368380029
cam_dec_y = 0.2897135781007071
cam_tilt_x = 0.004337490254770489
cam_tilt_y = -0.027804630135544215
d_cam_ff  = -160.5697292699555
ccd_ff_dec_x = -0.022705054071095025
ccd_ff_dec_y = -0.047790466293971254
ccd_ff_tilt_x = 0.1650560182208456
ccd_ff_tilt_y = -0.5897643882224919
ccd_ff_tilt_z = 0.17177135669080437
d_ff_ccd  = -4.785354814100918
ccd_dec_x = 0.5520736377499761
ccd_dec_y = 5.106169574067977
ccd_defocus = 0.3157403927923363
ccd_tilt_x = 0.021366252071194816
ccd_tilt_y = -0.00420382039245472
ccd_tilt_z = 3.4659324505631065e-07
p = 2.004090909090909e-06