slit_dec_x_a = -0.181778666534
slit_dec_y_a = -0.18243150017
slit_dec_x_b = 0.14512077562974193
slit_dec_y_b = -0.05510809031835813
slit_defocus = -0.013813488470308784
slit_tilt_x = 1.0541026343738384
slit_tilt_y = -8.559969397887237
slit_tilt_z = -9.02692606210887
d_slit_col = 1594.290297304222
coll_tilt_x = 0.12147813968018537
coll_tilt_y = -0.026456816476268387
ech_G = 31.614570437593496
ech_blaze = -74.99489264018148
ech_gamma = 1.1556433120350915
echelle_z = 0.05699276070212305
d_col_trf = -1588.016365697833
trf_mirror_tilt_x = 0.00730527364489737
trf_mirror_tilt_y = 0.1554164001954385
d_col_grm = 0.03564679549377602
grism_dec_x = 236.38320058492826
grism_dec_y = 0.009255624358235341
grm_tilt_x = -0.023499393636218942
grm_tilt_y = 2.325790221389468
grm_G = 222.78407327071548
grm_apex = 17.766536051287993
d_grm_cam  = 21.604703175374947
cam_dec_x = -0.2710932276234583
cam_dec_y = 0.2908203366371293
cam_tilt_x = 0.012446291456023129
cam_tilt_y = 0.008855062567608655
d_cam_ff  = -160.0767499291592
ccd_ff_dec_x = -0.023798721024251707
ccd_ff_dec_y = 0.04210118736698002
ccd_ff_tilt_x = 0.03346930579841084
ccd_ff_tilt_y = -0.5909815368265711
ccd_ff_tilt_z = 0.17190785214271087
d_ff_ccd  = -4.816031456300965
ccd_dec_x = 0.5533009759268149
ccd_dec_y = 5.107629776668997
ccd_defocus = 0.2858140873336466
ccd_tilt_x = 0.03268952320092584
ccd_tilt_y = -0.002149053889787495
ccd_tilt_z = 4.701686006459166e-06
p = 0.0001