slit_dec_x_a = -0.1704010755187174
slit_dec_y_a = -0.1956586180351446
slit_dec_x_b = 0.175
slit_dec_y_b = -1.817865269307883e-96
slit_defocus = 0.021356572510733456
slit_tilt_x = 1.1139826312299945
slit_tilt_y = -8.5383745592313
slit_tilt_z = -8.991584860389414
d_slit_col = 1594.3099364090965
coll_tilt_x = 0.11314433839112374
coll_tilt_y = -0.02889994302979745
ech_G = 31.613229074651386
ech_blaze = -74.97483749062907
ech_gamma = 1.1389744794062557
echelle_z = 0.07476875385072883
d_col_trf = -1588.0172366116092
trf_mirror_tilt_x = 0.026303890225242644
trf_mirror_tilt_y = 0.16225900194929846
d_col_grm = -0.004786214796364984
grism_dec_x = 236.42332927358171
grism_dec_y = 0.03814033433267132
grm_tilt_x = -0.014056935492604165
grm_tilt_y = 2.305274906161019
grm_G = 222.82400297153015
grm_apex = 17.791051019175356
d_grm_cam  = 21.609809296812635
cam_dec_x = -0.3095251143920056
cam_dec_y = 0.24723925620491444
cam_tilt_x = -0.011096934814867197
cam_tilt_y = 0.003805792657478084
d_cam_ff  = -160.0572428324169
ccd_ff_dec_x = -0.002595851869577126
ccd_ff_dec_y = 0.05300792939308408
ccd_ff_tilt_x = 0.019525463558485327
ccd_ff_tilt_y = -0.5728023411944857
ccd_ff_tilt_z = 0.18005560928737332
d_ff_ccd  = -4.838908624770914
ccd_dec_x = 0.6214033196038539
ccd_dec_y = 5.157146351371783
ccd_defocus = 0.28069939197933264
ccd_tilt_x = 0.00509911940177321
ccd_tilt_y = -0.010926984805991987
ccd_tilt_z = 5.09627693237701e-06
p = 0.0001