slit_dec_x_a = -0.1704544951869392
slit_dec_y_a = -0.1960235974312355
slit_dec_x_b = 0.175
slit_dec_y_b = -2.360433353544448e-96
slit_defocus = 0.005513034295326504
slit_tilt_x = 1.1861376656346265
slit_tilt_y = -8.54006329419909
slit_tilt_z = -8.990863780705256
d_slit_col = 1594.2944525485898
coll_tilt_x = 0.08886140314540139
coll_tilt_y = -0.03170100085830647
ech_G = 31.61068767634312
ech_blaze = -74.97699365956554
ech_gamma = 1.1405832186266307
echelle_z = 0.0751350297965085
d_col_trf = -1588.0185712420994
trf_mirror_tilt_x = 0.1387290834585328
trf_mirror_tilt_y = 0.07756155332622519
d_col_grm = -0.009531613041558808
grism_dec_x = 236.43431312755808
grism_dec_y = 0.03424520496314302
grm_tilt_x = -0.01585337633144384
grm_tilt_y = 2.3043909368119233
grm_G = 222.82522254942364
grm_apex = 17.8151135787133
d_grm_cam  = 21.60849744239352
cam_dec_x = -0.30211120038667144
cam_dec_y = 0.25036305169573503
cam_tilt_x = -0.018167010667152657
cam_tilt_y = -0.014991081469366788
d_cam_ff  = -160.4009344805871
ccd_ff_dec_x = -0.0035687819286889344
ccd_ff_dec_y = 0.00013696382699044277
ccd_ff_tilt_x = 0.14600968927241265
ccd_ff_tilt_y = -0.5720462496331489
ccd_ff_tilt_z = 0.17256025708935688
d_ff_ccd  = -4.811218840811841
ccd_dec_x = 0.620635856512844
ccd_dec_y = 5.155284702566607
ccd_defocus = 0.3163244067505056
ccd_tilt_x = 0.007821354101342553
ccd_tilt_y = -0.014019452681614567
ccd_tilt_z = 3.2460417613481552e-06
p = 1.1244545454545454e-05