slit_dec_x_a = -0.181778666534
slit_dec_y_a = -0.18243150017
slit_dec_x_b = 0.14512077562974193
slit_dec_y_b = -0.05510809031835813
slit_defocus = -0.0021972564582383287
slit_tilt_x = 1.1347061637570726
slit_tilt_y = -8.568313149499382
slit_tilt_z = -9.003601514345657
d_slit_col = 1594.3039130219863
coll_tilt_x = 0.08646683305554276
coll_tilt_y = -0.02205276288177609
ech_G = 31.61090353177105
ech_blaze = -74.9955933176658
ech_gamma = 1.1581834272576321
echelle_z = 0.05695493983221354
d_col_trf = -1588.0162240335176
trf_mirror_tilt_x = 0.1225039216275242
trf_mirror_tilt_y = 0.018726401369485907
d_col_grm = 0.015002665732814377
grism_dec_x = 236.39749336267525
grism_dec_y = -0.005077885085097544
grm_tilt_x = -0.02478798587309631
grm_tilt_y = 2.3274219356273926
grm_G = 222.7857403245104
grm_apex = 17.809143130445197
d_grm_cam  = 21.604576229762905
cam_dec_x = -0.28363976936477586
cam_dec_y = 0.28975505758976516
cam_tilt_x = 0.004326293083315662
cam_tilt_y = -0.02780359211249797
d_cam_ff  = -160.5696397794611
ccd_ff_dec_x = -0.022875059053176407
ccd_ff_dec_y = -0.0477796975053483
ccd_ff_tilt_x = 0.16503982777022175
ccd_ff_tilt_y = -0.5894926849705815
ccd_ff_tilt_z = 0.17176117253066991
d_ff_ccd  = -4.785375576024369
ccd_dec_x = 0.5518779799890643
ccd_dec_y = 5.106414509626797
ccd_defocus = 0.3158379299845074
ccd_tilt_x = 0.021426408744825765
ccd_tilt_y = -0.004228250946511311
ccd_tilt_z = 2.791364415813578e-07
p = 1.1244545454545454e-05