slit_dec_x_a = -0.181778666534
slit_dec_y_a = -0.18243150017
slit_dec_x_b = 0.14512077562974193
slit_dec_y_b = -0.05510809031835813
slit_defocus = -0.013845955752361517
slit_tilt_x = 1.0540947364205233
slit_tilt_y = -8.559929641141863
slit_tilt_z = -9.026879902540054
d_slit_col = 1594.2903262665232
coll_tilt_x = 0.12142361076686901
coll_tilt_y = -0.026477826765619744
ech_G = 31.614563916962872
ech_blaze = -74.99489282186411
ech_gamma = 1.1556425213791306
echelle_z = 0.05700167586512173
d_col_trf = -1588.0163596592008
trf_mirror_tilt_x = 0.007286945458734639
trf_mirror_tilt_y = 0.1553982902279377
d_col_grm = 0.03556656861277714
grism_dec_x = 236.3832754403072
grism_dec_y = 0.009260116354693633
grm_tilt_x = -0.023500955204416422
grm_tilt_y = 2.325790071568712
grm_G = 222.78406644101204
grm_apex = 17.766503002493156
d_grm_cam  = 21.60470574495033
cam_dec_x = -0.27110216662667536
cam_dec_y = 0.29079644342284594
cam_tilt_x = 0.012465651260746712
cam_tilt_y = 0.00878835021933999
d_cam_ff  = -160.07703566007277
ccd_ff_dec_x = -0.023801867869912362
ccd_ff_dec_y = 0.042061566129066016
ccd_ff_tilt_x = 0.03350110498861243
ccd_ff_tilt_y = -0.5909812633725624
ccd_ff_tilt_z = 0.17191146763003415
d_ff_ccd  = -4.815961526530269
ccd_dec_x = 0.5532961039321863
ccd_dec_y = 5.107622521301544
ccd_defocus = 0.28586213421528117
ccd_tilt_x = 0.03250641987688563
ccd_tilt_y = -0.0021885687133992872
ccd_tilt_z = 4.715247755934795e-06
p = 0.0001