slit_dec_x_a = -0.181778666534
slit_dec_y_a = -0.18243150017
slit_dec_x_b = 0.14512077562974193
slit_dec_y_b = -0.05510809031835813
slit_defocus = -0.0021925265420925646
slit_tilt_x = 1.1346945129251407
slit_tilt_y = -8.568325775889987
slit_tilt_z = -9.003611929589058
d_slit_col = 1594.30396082603
coll_tilt_x = 0.086458531976658
coll_tilt_y = -0.022043315573034572
ech_G = 31.610900792071508
ech_blaze = -74.9955926200373
ech_gamma = 1.1580854573243542
echelle_z = 0.056849549405613924
d_col_trf = -1588.0163645547962
trf_mirror_tilt_x = 0.12251305434376514
trf_mirror_tilt_y = 0.018708500992173444
d_col_grm = 0.014981523191907268
grism_dec_x = 236.39746751815227
grism_dec_y = -0.005028844314432301
grm_tilt_x = -0.024664066248823648
grm_tilt_y = 2.327202394973093
grm_G = 222.78578793946565
grm_apex = 17.80910494780969
d_grm_cam  = 21.604538989400567
cam_dec_x = -0.2836435364996563
cam_dec_y = 0.2897569946606182
cam_tilt_x = 0.004301058446745831
cam_tilt_y = -0.027796559703743052
d_cam_ff  = -160.56961775227188
ccd_ff_dec_x = -0.022851960686654068
ccd_ff_dec_y = -0.047798231899005894
ccd_ff_tilt_x = 0.16504525789923713
ccd_ff_tilt_y = -0.589459024930182
ccd_ff_tilt_z = 0.1718410132489069
d_ff_ccd  = -4.785377381438256
ccd_dec_x = 0.5518933443438413
ccd_dec_y = 5.106462697022188
ccd_defocus = 0.31580225215561475
ccd_tilt_x = 0.02142222474491442
ccd_tilt_y = -0.004200663670050787
ccd_tilt_z = 2.511512596877193e-07
p = 7.869416666666668e-06