slit_dec_x_a = -0.17042256795711572
slit_dec_y_a = -0.19608480222634692
slit_dec_x_b = 0.175
slit_dec_y_b = -2.400892243271383e-96
slit_defocus = 0.005524552666250983
slit_tilt_x = 1.18610496021558
slit_tilt_y = -8.540097825768981
slit_tilt_z = -8.990858441704649
d_slit_col = 1594.294464468349
coll_tilt_x = 0.08868036404991973
coll_tilt_y = -0.03177033873757026
ech_G = 31.610674025563867
ech_blaze = -74.97705274208303
ech_gamma = 1.140491205088923
echelle_z = 0.07536875584164861
d_col_trf = -1588.0185528929167
trf_mirror_tilt_x = 0.13869401289877833
trf_mirror_tilt_y = 0.07752512041698345
d_col_grm = -0.009506241114752026
grism_dec_x = 236.4343241106566
grism_dec_y = 0.03425176715017481
grm_tilt_x = -0.015944235175402107
grm_tilt_y = 2.3043746649222454
grm_G = 222.82520783622255
grm_apex = 17.815141502401378
d_grm_cam  = 21.608488324788986
cam_dec_x = -0.3021194641637588
cam_dec_y = 0.25035067122337906
cam_tilt_x = -0.018103069007835888
cam_tilt_y = -0.015001671868960197
d_cam_ff  = -160.40095106478404
ccd_ff_dec_x = -0.0035737314481684773
ccd_ff_dec_y = 0.00013232145069871776
ccd_ff_tilt_x = 0.14602404911605182
ccd_ff_tilt_y = -0.5720474635016153
ccd_ff_tilt_z = 0.17255632946090999
d_ff_ccd  = -4.811239205364293
ccd_dec_x = 0.6206581404392243
ccd_dec_y = 5.155284689034976
ccd_defocus = 0.31631804378892253
ccd_tilt_x = 0.0078049743809843666
ccd_tilt_y = -0.014010065528920257
ccd_tilt_z = 3.276379181814448e-06
p = 7.869416666666668e-06