slit_dec_x_a = -0.1704010755187174
slit_dec_y_a = -0.1956586180351446
slit_dec_x_b = 0.175
slit_dec_y_b = -1.7937656199173813e-96
slit_defocus = 0.02140439592342241
slit_tilt_x = 1.114003398844803
slit_tilt_y = -8.538391255502676
slit_tilt_z = -8.991628587018047
d_slit_col = 1594.3100122033266
coll_tilt_x = 0.1131298008578497
coll_tilt_y = -0.028900655204588177
ech_G = 31.61322897720832
ech_blaze = -74.97483883837384
ech_gamma = 1.1389770721560653
echelle_z = 0.07477592754920269
d_col_trf = -1588.017236493987
trf_mirror_tilt_x = 0.026303917631736822
trf_mirror_tilt_y = 0.16219595134484888
d_col_grm = -0.00481571434682141
grism_dec_x = 236.42328160017186
grism_dec_y = 0.038169418765710714
grm_tilt_x = -0.014054372984027567
grm_tilt_y = 2.3052706508967944
grm_G = 222.82400122135454
grm_apex = 17.791084119882928
d_grm_cam  = 21.609813978972483
cam_dec_x = -0.3095783880693609
cam_dec_y = 0.24725997209848516
cam_tilt_x = -0.011084508700346643
cam_tilt_y = 0.0037427504932603514
d_cam_ff  = -160.05760364673063
ccd_ff_dec_x = -0.002600503906001772
ccd_ff_dec_y = 0.05304800934629927
ccd_ff_tilt_x = 0.019519600802728798
ccd_ff_tilt_y = -0.5728086132779814
ccd_ff_tilt_z = 0.18005008492688127
d_ff_ccd  = -4.838872319003613
ccd_dec_x = 0.6214023015330242
ccd_dec_y = 5.157147074306623
ccd_defocus = 0.28071739907983834
ccd_tilt_x = 0.005063561711095804
ccd_tilt_y = -0.010881847083657262
ccd_tilt_z = 5.081361218987462e-06
p = 0.0001