slit_dec_x_a = -0.17040535033932563
slit_dec_y_a = -0.1958161177573164
slit_dec_x_b = 0.175
slit_dec_y_b = -2.5655902651102744e-96
slit_defocus = 0.005513327523576958
slit_tilt_x = 1.1861170590891745
slit_tilt_y = -8.54010918535528
slit_tilt_z = -8.990824755405505
d_slit_col = 1594.2944477607914
coll_tilt_x = 0.0885528671625704
coll_tilt_y = -0.03179495382486786
ech_G = 31.610660343730714
ech_blaze = -74.97709249961154
ech_gamma = 1.1404113382773338
echelle_z = 0.07540957615636204
d_col_trf = -1588.0186033499829
trf_mirror_tilt_x = 0.1386633180930999
trf_mirror_tilt_y = 0.07752941171270705
d_col_grm = -0.009534415919323991
grism_dec_x = 236.434322665711
grism_dec_y = 0.03423523281347838
grm_tilt_x = -0.01584720309772241
grm_tilt_y = 2.3043468973970054
grm_G = 222.82519092379272
grm_apex = 17.815133164882766
d_grm_cam  = 21.608493702001187
cam_dec_x = -0.3021038300309096
cam_dec_y = 0.2503414491675234
cam_tilt_x = -0.01821583409116762
cam_tilt_y = -0.015025573886296892
d_cam_ff  = -160.40095544792726
ccd_ff_dec_x = -0.0035372447108792467
ccd_ff_dec_y = 0.0001861402759305589
ccd_ff_tilt_x = 0.14601689270456683
ccd_ff_tilt_y = -0.5720151099549287
ccd_ff_tilt_z = 0.17257125419154534
d_ff_ccd  = -4.811214099366975
ccd_dec_x = 0.6206407910267481
ccd_dec_y = 5.155282898804257
ccd_defocus = 0.3163141237154044
ccd_tilt_x = 0.007789003369402095
ccd_tilt_y = -0.014016539376814335
ccd_tilt_z = 3.2688694836672397e-06
p = 9.036416666666667e-06