slit_dec_x_a = -0.181778666534
slit_dec_y_a = -0.18243150017
slit_dec_x_b = 0.14512077562974193
slit_dec_y_b = -0.05510809031835813
slit_defocus = -0.0021984560277938056
slit_tilt_x = 1.134672290483506
slit_tilt_y = -8.568376566326085
slit_tilt_z = -9.003580432103979
d_slit_col = 1594.303991020691
coll_tilt_x = 0.08647455972829446
coll_tilt_y = -0.022073638310496593
ech_G = 31.610907227644617
ech_blaze = -74.99564541631916
ech_gamma = 1.158109487336756
echelle_z = 0.05673660478108844
d_col_trf = -1588.0163281216492
trf_mirror_tilt_x = 0.12249674449964584
trf_mirror_tilt_y = 0.018705053300616576
d_col_grm = 0.014964622776454859
grism_dec_x = 236.39746938937668
grism_dec_y = -0.005067736465823576
grm_tilt_x = -0.024661583685448303
grm_tilt_y = 2.327322934097417
grm_G = 222.78571531292957
grm_apex = 17.809083626931965
d_grm_cam  = 21.604806658370755
cam_dec_x = -0.2836342936652266
cam_dec_y = 0.28976404572912573
cam_tilt_x = 0.004331506148123616
cam_tilt_y = -0.027784204886757886
d_cam_ff  = -160.56948335160655
ccd_ff_dec_x = -0.02284996626205791
ccd_ff_dec_y = -0.047762757094547595
ccd_ff_tilt_x = 0.16504012410239524
ccd_ff_tilt_y = -0.5894357339903322
ccd_ff_tilt_z = 0.1718567891379642
d_ff_ccd  = -4.785378185807583
ccd_dec_x = 0.551815149148601
ccd_dec_y = 5.106402005603094
ccd_defocus = 0.3158452884548002
ccd_tilt_x = 0.021391301826198767
ccd_tilt_y = -0.004222322642914987
ccd_tilt_z = 2.453433054438084e-07
p = 9.036416666666667e-06