slit_dec_x_a = -0.181778666534
slit_dec_y_a = -0.18243150017
slit_dec_x_b = 0.14512077562974193
slit_dec_y_b = -0.05510809031835813
slit_defocus = -0.013840417045865562
slit_tilt_x = 1.0539970810060932
slit_tilt_y = -8.559915497961747
slit_tilt_z = -9.026883293658534
d_slit_col = 1594.2902227530806
coll_tilt_x = 0.1214486294394249
coll_tilt_y = -0.02646402501361765
ech_G = 31.614561392842376
ech_blaze = -74.99488922211049
ech_gamma = 1.1556414021692503
echelle_z = 0.056998658777483203
d_col_trf = -1588.0163666215403
trf_mirror_tilt_x = 0.00727734227923425
trf_mirror_tilt_y = 0.15543076418604185
d_col_grm = 0.03566425298068069
grism_dec_x = 236.38328720661258
grism_dec_y = 0.009250929028097654
grm_tilt_x = -0.023502087914137784
grm_tilt_y = 2.3257887637539434
grm_G = 222.78407165727677
grm_apex = 17.766496051527565
d_grm_cam  = 21.604697242326576
cam_dec_x = -0.27108066297544353
cam_dec_y = 0.2908717041068562
cam_tilt_x = 0.01238778603325743
cam_tilt_y = 0.00889166356371603
d_cam_ff  = -160.07697211694975
ccd_ff_dec_x = -0.0238001491053795
ccd_ff_dec_y = 0.0420519600685929
ccd_ff_tilt_x = 0.033479721900442246
ccd_ff_tilt_y = -0.5909813630779711
ccd_ff_tilt_z = 0.17191855060695585
d_ff_ccd  = -4.816021410413954
ccd_dec_x = 0.5533049119223696
ccd_dec_y = 5.1076351452592
ccd_defocus = 0.2857647628834575
ccd_tilt_x = 0.032578768078806775
ccd_tilt_y = -0.0021872927178615176
ccd_tilt_z = 4.6409892858278935e-06
p = 0.0001