slit_dec_x_a = -0.17039166091652985
slit_dec_y_a = -0.19570291101764525
slit_dec_x_b = 0.175
slit_dec_y_b = -1.6207829200612452e-96
slit_defocus = 0.005573737781154124
slit_tilt_x = 1.1861045056101043
slit_tilt_y = -8.539997770128478
slit_tilt_z = -8.990838956364351
d_slit_col = 1594.2944943857567
coll_tilt_x = 0.0887800199727762
coll_tilt_y = -0.03200479620785079
ech_G = 31.610673808624377
ech_blaze = -74.97687899704489
ech_gamma = 1.1402125733542683
echelle_z = 0.0747157347353688
d_col_trf = -1588.0185160615817
trf_mirror_tilt_x = 0.13871114080014563
trf_mirror_tilt_y = 0.07752097911351553
d_col_grm = -0.009504599058042134
grism_dec_x = 236.43434665717103
grism_dec_y = 0.03417132240289606
grm_tilt_x = -0.015762905077897897
grm_tilt_y = 2.3043709381519046
grm_G = 222.82517761957675
grm_apex = 17.815114828651083
d_grm_cam  = 21.608478336673553
cam_dec_x = -0.3021077641422052
cam_dec_y = 0.2503217561958981
cam_tilt_x = -0.018673283069694672
cam_tilt_y = -0.01509644042935342
d_cam_ff  = -160.4009559413709
ccd_ff_dec_x = -0.0035021202422660367
ccd_ff_dec_y = 0.0002636035487442075
ccd_ff_tilt_x = 0.14603559687992404
ccd_ff_tilt_y = -0.5720861691235595
ccd_ff_tilt_z = 0.17258573216907944
d_ff_ccd  = -4.811332478884358
ccd_dec_x = 0.6206707997673284
ccd_dec_y = 5.155266916996515
ccd_defocus = 0.3162586021962258
ccd_tilt_x = 0.007750689973116729
ccd_tilt_y = -0.014107131139715585
ccd_tilt_z = 3.1116295061282925e-06
p = 3.5178333333333334e-06