slit_dec_x_a = -0.181778666534
slit_dec_y_a = -0.18243150017
slit_dec_x_b = 0.14512077562974193
slit_dec_y_b = -0.05510809031835813
slit_defocus = -0.002189721057844438
slit_tilt_x = 1.1346598057352546
slit_tilt_y = -8.568210647607087
slit_tilt_z = -9.003639341364796
d_slit_col = 1594.3039391788311
coll_tilt_x = 0.08645753252448464
coll_tilt_y = -0.02201232689987437
ech_G = 31.610918091369182
ech_blaze = -74.99564536129007
ech_gamma = 1.1579860265968696
echelle_z = 0.05759804492764514
d_col_trf = -1588.0161424899013
trf_mirror_tilt_x = 0.12250474414386572
trf_mirror_tilt_y = 0.018642060330162726
d_col_grm = 0.015099201021264136
grism_dec_x = 236.39743338699097
grism_dec_y = -0.005019190825413279
grm_tilt_x = -0.024980886067240866
grm_tilt_y = 2.32694529108852
grm_G = 222.78581806714558
grm_apex = 17.80920082873026
d_grm_cam  = 21.604664091300787
cam_dec_x = -0.283595574020377
cam_dec_y = 0.289684639150298
cam_tilt_x = 0.004264329350477761
cam_tilt_y = -0.027775396388310065
d_cam_ff  = -160.56963637728168
ccd_ff_dec_x = -0.022891161841194805
ccd_ff_dec_y = -0.04777123981375094
ccd_ff_tilt_x = 0.16505829145999967
ccd_ff_tilt_y = -0.5895628429340617
ccd_ff_tilt_z = 0.17173383612730264
d_ff_ccd  = -4.7854486183783544
ccd_dec_x = 0.5519183067807636
ccd_dec_y = 5.106114125996539
ccd_defocus = 0.31577709347276967
ccd_tilt_x = 0.021314737019550577
ccd_tilt_y = -0.004212562297002796
ccd_tilt_z = 3.4594830163509485e-07
p = 3.5178333333333334e-06