slit_dec_x_a = -0.181778666534
slit_dec_y_a = -0.18243150017
slit_dec_x_b = 0.14512077562974193
slit_dec_y_b = -0.05510809031835813
slit_defocus = -0.013743538073379025
slit_tilt_x = 1.0540360841411915
slit_tilt_y = -8.559962925448248
slit_tilt_z = -9.02686120960064
d_slit_col = 1594.2902477828056
coll_tilt_x = 0.12142897033083232
coll_tilt_y = -0.026456960474419467
ech_G = 31.61457075671666
ech_blaze = -74.99488563192813
ech_gamma = 1.1556414837477544
echelle_z = 0.05700081216925256
d_col_trf = -1588.0163655279384
trf_mirror_tilt_x = 0.007312656284901845
trf_mirror_tilt_y = 0.15542612262749103
d_col_grm = 0.03572092094802105
grism_dec_x = 236.38320532154236
grism_dec_y = 0.009216313318319874
grm_tilt_x = -0.023501999933748092
grm_tilt_y = 2.325791668471188
grm_G = 222.78406783830286
grm_apex = 17.766515072864568
d_grm_cam  = 21.60469591862977
cam_dec_x = -0.27105537975624666
cam_dec_y = 0.29094182382105643
cam_tilt_x = 0.012432707099064574
cam_tilt_y = 0.008766613150209443
d_cam_ff  = -160.07705594798287
ccd_ff_dec_x = -0.023795866410693173
ccd_ff_dec_y = 0.042068344937269575
ccd_ff_tilt_x = 0.03345572934451595
ccd_ff_tilt_y = -0.5909860067777927
ccd_ff_tilt_z = 0.1719217911349654
d_ff_ccd  = -4.815920859771605
ccd_dec_x = 0.5532989288113016
ccd_dec_y = 5.107631384091966
ccd_defocus = 0.2857705271535326
ccd_tilt_x = 0.03256029152187821
ccd_tilt_y = -0.002154756984834152
ccd_tilt_z = 4.665972458638506e-06
p = 0.0001