slit_dec_x_a = -0.17040141709732973
slit_dec_y_a = -0.1958242809334773
slit_dec_x_b = 0.175
slit_dec_y_b = -2.617675261376621e-96
slit_defocus = 0.005515305480017717
slit_tilt_x = 1.1861136213637158
slit_tilt_y = -8.540099436656472
slit_tilt_z = -8.990818014452348
d_slit_col = 1594.294444583342
coll_tilt_x = 0.0885243544383503
coll_tilt_y = -0.031729340459498656
ech_G = 31.61066930118185
ech_blaze = -74.97709185910135
ech_gamma = 1.1404801082607938
echelle_z = 0.07544037137646488
d_col_trf = -1588.018598869595
trf_mirror_tilt_x = 0.13865513601617566
trf_mirror_tilt_y = 0.07753737953712704
d_col_grm = -0.00954094715226649
grism_dec_x = 236.43431098532207
grism_dec_y = 0.03422633706820832
grm_tilt_x = -0.01590415035499975
grm_tilt_y = 2.30436595273715
grm_G = 222.8251893655465
grm_apex = 17.815122722866306
d_grm_cam  = 21.608482314347352
cam_dec_x = -0.3020937840017869
cam_dec_y = 0.25033638979011286
cam_tilt_x = -0.018275070161195832
cam_tilt_y = -0.015008966548336253
d_cam_ff  = -160.40096166673555
ccd_ff_dec_x = -0.0035340464601986954
ccd_ff_dec_y = 0.0001751413166441
ccd_ff_tilt_x = 0.1460160517639721
ccd_ff_tilt_y = -0.572011936242286
ccd_ff_tilt_z = 0.1725554717350246
d_ff_ccd  = -4.8112038589599395
ccd_dec_x = 0.6206377752123154
ccd_dec_y = 5.155292481280791
ccd_defocus = 0.3163162750965643
ccd_tilt_x = 0.007793414652979926
ccd_tilt_y = -0.014012749300162887
ccd_tilt_z = 3.2653933218847326e-06
p = 1.6723333333333333e-05