slit_dec_x_a = -0.181778666534
slit_dec_y_a = -0.18243150017
slit_dec_x_b = 0.14512077562974193
slit_dec_y_b = -0.05510809031835813
slit_defocus = -0.013768343844358584
slit_tilt_x = 1.0541306929990824
slit_tilt_y = -8.559973021705288
slit_tilt_z = -9.026882972215962
d_slit_col = 1594.2902765278948
coll_tilt_x = 0.12145081155516177
coll_tilt_y = -0.0264838408236371
ech_G = 31.614565655045304
ech_blaze = -74.99488665878567
ech_gamma = 1.1556405279150352
echelle_z = 0.05700576036360029
d_col_trf = -1588.0163649956455
trf_mirror_tilt_x = 0.007267306585801485
trf_mirror_tilt_y = 0.1554345849881875
d_col_grm = 0.0356704123700849
grism_dec_x = 236.38319079527787
grism_dec_y = 0.009229505112113533
grm_tilt_x = -0.023507341980524676
grm_tilt_y = 2.325786562256713
grm_G = 222.78407379414824
grm_apex = 17.76651382160418
d_grm_cam  = 21.604705140806104
cam_dec_x = -0.2711270943467702
cam_dec_y = 0.29086527401469403
cam_tilt_x = 0.012502845074142321
cam_tilt_y = 0.008837647690904863
d_cam_ff  = -160.0771481782241
ccd_ff_dec_x = -0.023804431150599107
ccd_ff_dec_y = 0.04208580453466388
ccd_ff_tilt_x = 0.033487918345719785
ccd_ff_tilt_y = -0.5909812701269024
ccd_ff_tilt_z = 0.17191830229914076
d_ff_ccd  = -4.8159649225224985
ccd_dec_x = 0.5533091421322869
ccd_dec_y = 5.107627832073169
ccd_defocus = 0.2857752975623665
ccd_tilt_x = 0.0325905159144377
ccd_tilt_y = -0.0022022456754440126
ccd_tilt_z = 4.741966753226263e-06
p = 0.0001