slit_dec_x_a = -0.1704010755187174
slit_dec_y_a = -0.1956586180351446
slit_dec_x_b = 0.175
slit_dec_y_b = -1.8454231020122071e-96
slit_defocus = 0.021372177131094874
slit_tilt_x = 1.1139659351489806
slit_tilt_y = -8.53845530474771
slit_tilt_z = -8.991661397169661
d_slit_col = 1594.3099428550145
coll_tilt_x = 0.11318081363000546
coll_tilt_y = -0.0289244128675975
ech_G = 31.6132301079778
ech_blaze = -74.97482288889222
ech_gamma = 1.138971629520611
echelle_z = 0.07476207577360078
d_col_trf = -1588.0172333586906
trf_mirror_tilt_x = 0.02623869964117406
trf_mirror_tilt_y = 0.16222812192210762
d_col_grm = -0.00482490840262671
grism_dec_x = 236.4232805785996
grism_dec_y = 0.03815160114411158
grm_tilt_x = -0.014054761579806918
grm_tilt_y = 2.305283219372173
grm_G = 222.8240052929885
grm_apex = 17.791039057991977
d_grm_cam  = 21.60982245424787
cam_dec_x = -0.3095171584384352
cam_dec_y = 0.24726595032163742
cam_tilt_x = -0.011031191271223451
cam_tilt_y = 0.0037631248569810374
d_cam_ff  = -160.05740675963267
ccd_ff_dec_x = -0.00259865579685176
ccd_ff_dec_y = 0.053059491056163456
ccd_ff_tilt_x = 0.019522137815216847
ccd_ff_tilt_y = -0.5728070473442857
ccd_ff_tilt_z = 0.18004691703964995
d_ff_ccd  = -4.838980248156933
ccd_dec_x = 0.6214136814006386
ccd_dec_y = 5.1571521677023915
ccd_defocus = 0.280713864641002
ccd_tilt_x = 0.005061815154674472
ccd_tilt_y = -0.010822365038596135
ccd_tilt_z = 5.071470719962464e-06
p = 0.0001