slit_dec_x_a = -0.1704411768865922
slit_dec_y_a = -0.19612192941891715
slit_dec_x_b = 0.175
slit_dec_y_b = -2.224118642237432e-96
slit_defocus = 0.005524317439036392
slit_tilt_x = 1.1861081055351916
slit_tilt_y = -8.540068718960931
slit_tilt_z = -8.99087029914732
d_slit_col = 1594.2944535527513
coll_tilt_x = 0.0887901543595552
coll_tilt_y = -0.03177722896225935
ech_G = 31.610687906557175
ech_blaze = -74.9770301498427
ech_gamma = 1.1404959094183695
echelle_z = 0.07531799751046075
d_col_trf = -1588.0185483272774
trf_mirror_tilt_x = 0.13870257961816468
trf_mirror_tilt_y = 0.07754142615520195
d_col_grm = -0.009527448070530437
grism_dec_x = 236.43432150920256
grism_dec_y = 0.03423634419548437
grm_tilt_x = -0.01595655911090199
grm_tilt_y = 2.304377387777425
grm_G = 222.82520133747553
grm_apex = 17.815132589293434
d_grm_cam  = 21.6084962526297
cam_dec_x = -0.30211163209482184
cam_dec_y = 0.2503456647240071
cam_tilt_x = -0.01808308048074282
cam_tilt_y = -0.015002918210893727
d_cam_ff  = -160.40095385039334
ccd_ff_dec_x = -0.003543165138108827
ccd_ff_dec_y = 0.00012709687721260116
ccd_ff_tilt_x = 0.14605053528393458
ccd_ff_tilt_y = -0.5720489608121617
ccd_ff_tilt_z = 0.17256452216945503
d_ff_ccd  = -4.81122674660916
ccd_dec_x = 0.6206396827657191
ccd_dec_y = 5.155281773288558
ccd_defocus = 0.3163161267555249
ccd_tilt_x = 0.007818238522087092
ccd_tilt_y = -0.014025414442705952
ccd_tilt_z = 3.28676779697455e-06
p = 4.701454545454546e-06