slit_dec_x_a = -0.181778666534
slit_dec_y_a = -0.18243150017
slit_dec_x_b = 0.14512077562974193
slit_dec_y_b = -0.05510809031835813
slit_defocus = -0.0021886118137202397
slit_tilt_x = 1.1347011127037228
slit_tilt_y = -8.568305433638994
slit_tilt_z = -9.003624241433801
d_slit_col = 1594.3039075308054
coll_tilt_x = 0.08643553264611276
coll_tilt_y = -0.022031470196017828
ech_G = 31.610894158724214
ech_blaze = -74.99559447613393
ech_gamma = 1.1582218660521861
echelle_z = 0.057029100523242685
d_col_trf = -1588.0162111907482
trf_mirror_tilt_x = 0.12251060364229133
trf_mirror_tilt_y = 0.01870074363953122
d_col_grm = 0.014977948062889365
grism_dec_x = 236.3974773948227
grism_dec_y = -0.0050762250916513985
grm_tilt_x = -0.024763414985461214
grm_tilt_y = 2.3274164627260463
grm_G = 222.7857171950457
grm_apex = 17.809158189981034
d_grm_cam  = 21.604527347584586
cam_dec_x = -0.28364600151224917
cam_dec_y = 0.2897406436963025
cam_tilt_x = 0.004350443805111469
cam_tilt_y = -0.02779098679172576
d_cam_ff  = -160.56955928866006
ccd_ff_dec_x = -0.023024675557155823
ccd_ff_dec_y = -0.047798681658134716
ccd_ff_tilt_x = 0.16503223617833188
ccd_ff_tilt_y = -0.589674280445074
ccd_ff_tilt_z = 0.17179035565500084
d_ff_ccd  = -4.785378469723328
ccd_dec_x = 0.551881554034937
ccd_dec_y = 5.106571934171287
ccd_defocus = 0.3158465902089992
ccd_tilt_x = 0.02141883445007598
ccd_tilt_y = -0.004226708955432472
ccd_tilt_z = 2.934576232647314e-07
p = 5.55625e-06