slit_dec_x_a = -0.17046120273180954
slit_dec_y_a = -0.19608173510777385
slit_dec_x_b = 0.175
slit_dec_y_b = -1.9975009199905648e-96
slit_defocus = 0.005545984589124054
slit_tilt_x = 1.1861248227019523
slit_tilt_y = -8.540039406587072
slit_tilt_z = -8.990870526709056
d_slit_col = 1594.294441843768
coll_tilt_x = 0.08868727056799391
coll_tilt_y = -0.03175824186233613
ech_G = 31.61067230737772
ech_blaze = -74.97715257816684
ech_gamma = 1.1405396634472682
echelle_z = 0.07493186025161978
d_col_trf = -1588.0185591663128
trf_mirror_tilt_x = 0.13871123621199435
trf_mirror_tilt_y = 0.07760677203887578
d_col_grm = -0.009519503713455967
grism_dec_x = 236.43428453060346
grism_dec_y = 0.03422501452598346
grm_tilt_x = -0.01576208550011306
grm_tilt_y = 2.304369264548983
grm_G = 222.82519532166734
grm_apex = 17.815105318102674
d_grm_cam  = 21.608478136919206
cam_dec_x = -0.3021054549421814
cam_dec_y = 0.25039586574461975
cam_tilt_x = -0.018113198145362712
cam_tilt_y = -0.015010814929451116
d_cam_ff  = -160.4009634648203
ccd_ff_dec_x = -0.003538545556458385
ccd_ff_dec_y = 0.00014549469991299532
ccd_ff_tilt_x = 0.14598335707450213
ccd_ff_tilt_y = -0.5720615503602778
ccd_ff_tilt_z = 0.1725546386983898
d_ff_ccd  = -4.811236949735388
ccd_dec_x = 0.6206386373972408
ccd_dec_y = 5.155249081739721
ccd_defocus = 0.3163268816603145
ccd_tilt_x = 0.007749975310045886
ccd_tilt_y = -0.014011217407574644
ccd_tilt_z = 3.2623892497360193e-06
p = 5.55625e-06