slit_dec_x_a = -0.1704010755187174
slit_dec_y_a = -0.1956586180351446
slit_dec_x_b = 0.175
slit_dec_y_b = -1.8603352185967137e-96
slit_defocus = 0.021410301785195512
slit_tilt_x = 1.1139970728382842
slit_tilt_y = -8.53840942936147
slit_tilt_z = -8.991687218679607
d_slit_col = 1594.3099768323143
coll_tilt_x = 0.11316504847443351
coll_tilt_y = -0.028886225939831776
ech_G = 31.613235446718278
ech_blaze = -74.97482135447618
ech_gamma = 1.1389757659281496
echelle_z = 0.07476791368659526
d_col_trf = -1588.0172371348347
trf_mirror_tilt_x = 0.026274225483104405
trf_mirror_tilt_y = 0.1622147749435355
d_col_grm = -0.004830411986085732
grism_dec_x = 236.4233150182218
grism_dec_y = 0.03821580138895119
grm_tilt_x = -0.014060269015326298
grm_tilt_y = 2.3052798099054685
grm_G = 222.8240037363969
grm_apex = 17.791046150628233
d_grm_cam  = 21.609812565851623
cam_dec_x = -0.3095693260624176
cam_dec_y = 0.2472624778386219
cam_tilt_x = -0.011121367453015233
cam_tilt_y = 0.0037813300848745118
d_cam_ff  = -160.0577032400524
ccd_ff_dec_x = -0.0025980183703213705
ccd_ff_dec_y = 0.05298084006875189
ccd_ff_tilt_x = 0.01954012341875611
ccd_ff_tilt_y = -0.5728069104531366
ccd_ff_tilt_z = 0.18004650613282022
d_ff_ccd  = -4.838956820901074
ccd_dec_x = 0.6214070798482552
ccd_dec_y = 5.1571522092879265
ccd_defocus = 0.28077134363026046
ccd_tilt_x = 0.005047920615801109
ccd_tilt_y = -0.010851800251148536
ccd_tilt_z = 5.1224706958541164e-06
p = 0.0001