slit_dec_x_a = -0.17038109967541615
slit_dec_y_a = -0.19572778405137967
slit_dec_x_b = 0.175
slit_dec_y_b = -2.5134606946546826e-96
slit_defocus = 0.005519129711032127
slit_tilt_x = 1.1861407809128972
slit_tilt_y = -8.540114641399878
slit_tilt_z = -8.99081447985594
d_slit_col = 1594.294453972813
coll_tilt_x = 0.08856130877806437
coll_tilt_y = -0.03175573543827037
ech_G = 31.610681298146098
ech_blaze = -74.97713726295213
ech_gamma = 1.1405286431113137
echelle_z = 0.07547771948832929
d_col_trf = -1588.0185986347055
trf_mirror_tilt_x = 0.13865058676068504
trf_mirror_tilt_y = 0.0775428260351597
d_col_grm = -0.00952971733990583
grism_dec_x = 236.4343336751082
grism_dec_y = 0.0342448592900809
grm_tilt_x = -0.015875157291182163
grm_tilt_y = 2.304367574500084
grm_G = 222.8251948364371
grm_apex = 17.815143612490843
d_grm_cam  = 21.608470222946718
cam_dec_x = -0.30212176260329143
cam_dec_y = 0.25034691413583726
cam_tilt_x = -0.018401425811676912
cam_tilt_y = -0.015020757810815053
d_cam_ff  = -160.40098993169204
ccd_ff_dec_x = -0.0035303905498558974
ccd_ff_dec_y = 0.00016368369102310974
ccd_ff_tilt_x = 0.14600636627396882
ccd_ff_tilt_y = -0.5720264776074703
ccd_ff_tilt_z = 0.17253576497426648
d_ff_ccd  = -4.8112195850339985
ccd_dec_x = 0.620643963533797
ccd_dec_y = 5.15530907365544
ccd_defocus = 0.3163284718591629
ccd_tilt_x = 0.007788006547221821
ccd_tilt_y = -0.01402473867994411
ccd_tilt_z = 3.350361052789017e-06
p = 2.2416363636363637e-06