slit_dec_x_a = -0.1704262629903186
slit_dec_y_a = -0.1960665064781156
slit_dec_x_b = 0.175
slit_dec_y_b = -1.880880383705239e-96
slit_defocus = 0.005567192186352827
slit_tilt_x = 1.1861404090537715
slit_tilt_y = -8.539994798043818
slit_tilt_z = -8.990840058412106
d_slit_col = 1594.29445789485
coll_tilt_x = 0.08874943403597048
coll_tilt_y = -0.03175671272465056
ech_G = 31.610660476169848
ech_blaze = -74.97682827827121
ech_gamma = 1.1405216628013601
echelle_z = 0.07483023592745955
d_col_trf = -1588.0185425197894
trf_mirror_tilt_x = 0.13865014757969824
trf_mirror_tilt_y = 0.07758794969145535
d_col_grm = -0.009547002788273588
grism_dec_x = 236.43433040156606
grism_dec_y = 0.03419136163391992
grm_tilt_x = -0.015652981135445377
grm_tilt_y = 2.304377504832282
grm_G = 222.8251966039066
grm_apex = 17.815110410078493
d_grm_cam  = 21.608467455487915
cam_dec_x = -0.30215260554600587
cam_dec_y = 0.25036353276438744
cam_tilt_x = -0.018579895908773753
cam_tilt_y = -0.015033088733792546
d_cam_ff  = -160.40094870089044
ccd_ff_dec_x = -0.003501358505461077
ccd_ff_dec_y = 0.00018176531180407742
ccd_ff_tilt_x = 0.1460348518908433
ccd_ff_tilt_y = -0.572075948491989
ccd_ff_tilt_z = 0.1725853756076437
d_ff_ccd  = -4.811248849375018
ccd_dec_x = 0.6206804771737884
ccd_dec_y = 5.1552999444611345
ccd_defocus = 0.31629473058314844
ccd_tilt_x = 0.0077459353299551455
ccd_tilt_y = -0.01406230249809107
ccd_tilt_z = 3.1428881372915094e-06
p = 4.12225e-06