slit_dec_x_a = -0.181778666534
slit_dec_y_a = -0.18243150017
slit_dec_x_b = 0.14512077562974193
slit_dec_y_b = -0.05510809031835813
slit_defocus = -0.00221849903160032
slit_tilt_x = 1.1346985608177351
slit_tilt_y = -8.568222071337265
slit_tilt_z = -9.003651908173191
d_slit_col = 1594.3039095861302
coll_tilt_x = 0.08643699370152716
coll_tilt_y = -0.022079340508881856
ech_G = 31.610877838119634
ech_blaze = -74.99549238342854
ech_gamma = 1.1580991720665645
echelle_z = 0.057413162966861865
d_col_trf = -1588.016366433248
trf_mirror_tilt_x = 0.12252841994075579
trf_mirror_tilt_y = 0.018679867964715203
d_col_grm = 0.015045257738386253
grism_dec_x = 236.39747668377274
grism_dec_y = -0.00500747334028286
grm_tilt_x = -0.024768533921172623
grm_tilt_y = 2.3272799686453407
grm_G = 222.78576046114995
grm_apex = 17.809165616083916
d_grm_cam  = 21.604304253020015
cam_dec_x = -0.2836184869934885
cam_dec_y = 0.2897126400902592
cam_tilt_x = 0.004344149137979311
cam_tilt_y = -0.02779746392218117
d_cam_ff  = -160.56971982553398
ccd_ff_dec_x = -0.022742645591542408
ccd_ff_dec_y = -0.04779902777384559
ccd_ff_tilt_x = 0.16504504615578658
ccd_ff_tilt_y = -0.5897821896675771
ccd_ff_tilt_z = 0.1717383001536906
d_ff_ccd  = -4.7853756313979865
ccd_dec_x = 0.5520142778325854
ccd_dec_y = 5.106172610363623
ccd_defocus = 0.31576309416064513
ccd_tilt_x = 0.02138152070141154
ccd_tilt_y = -0.00420931933516442
ccd_tilt_z = 3.676659623698815e-07
p = 4.12225e-06