slit_dec_x_a = -0.181778666534
slit_dec_y_a = -0.18243150017
slit_dec_x_b = 0.14512077562974193
slit_dec_y_b = -0.05510809031835813
slit_defocus = -0.013839842240316043
slit_tilt_x = 1.054040492562164
slit_tilt_y = -8.56000011972123
slit_tilt_z = -9.02686341191646
d_slit_col = 1594.2903501463513
coll_tilt_x = 0.12143467901695798
coll_tilt_y = -0.026502211295229526
ech_G = 31.614566177900677
ech_blaze = -74.99488602425555
ech_gamma = 1.1556350587309188
echelle_z = 0.057000356518523934
d_col_trf = -1588.0163595698377
trf_mirror_tilt_x = 0.007296377904332186
trf_mirror_tilt_y = 0.15542719684440906
d_col_grm = 0.035626511509550686
grism_dec_x = 236.38322059894014
grism_dec_y = 0.009232493768692509
grm_tilt_x = -0.02350563781003849
grm_tilt_y = 2.325792351398208
grm_G = 222.78407668448548
grm_apex = 17.766480421215736
d_grm_cam  = 21.60470457305045
cam_dec_x = -0.2710691715589478
cam_dec_y = 0.29087022131068135
cam_tilt_x = 0.0124819211432094
cam_tilt_y = 0.00882783467550058
d_cam_ff  = -160.07722856968698
ccd_ff_dec_x = -0.023806856708687516
ccd_ff_dec_y = 0.041973726231502646
ccd_ff_tilt_x = 0.033509950346509706
ccd_ff_tilt_y = -0.5909808837280937
ccd_ff_tilt_z = 0.17191912741203513
d_ff_ccd  = -4.8159945128244415
ccd_dec_x = 0.55330517820079
ccd_dec_y = 5.1076324881932225
ccd_defocus = 0.28580977530244733
ccd_tilt_x = 0.03257344709228911
ccd_tilt_y = -0.0021261387188345054
ccd_tilt_z = 4.7291846710024915e-06
p = 0.0001