slit_dec_x_a = -0.1704010755187174
slit_dec_y_a = -0.1956586180351446
slit_dec_x_b = 0.175
slit_dec_y_b = -1.7753525413465222e-96
slit_defocus = 0.021397681697645027
slit_tilt_x = 1.1140171843413293
slit_tilt_y = -8.53843207946602
slit_tilt_z = -8.991726326433323
d_slit_col = 1594.3099266528081
coll_tilt_x = 0.113173292437898
coll_tilt_y = -0.028903823076512337
ech_G = 31.613233245523347
ech_blaze = -74.9748315484336
ech_gamma = 1.1389756059962655
echelle_z = 0.07477215964461761
d_col_trf = -1588.0172374405252
trf_mirror_tilt_x = 0.02632636820711477
trf_mirror_tilt_y = 0.16217619933305943
d_col_grm = -0.0048597419144069225
grism_dec_x = 236.42330415543708
grism_dec_y = 0.038178450281845085
grm_tilt_x = -0.014053705910003397
grm_tilt_y = 2.3052767904757974
grm_G = 222.82399870688127
grm_apex = 17.79099379736137
d_grm_cam  = 21.60981751023545
cam_dec_x = -0.30953019428237855
cam_dec_y = 0.2473018123421229
cam_tilt_x = -0.011044042749323557
cam_tilt_y = 0.0037901412295809644
d_cam_ff  = -160.05750516370387
ccd_ff_dec_x = -0.002605276638560699
ccd_ff_dec_y = 0.052980474506512304
ccd_ff_tilt_x = 0.01945176900984768
ccd_ff_tilt_y = -0.5728051338746029
ccd_ff_tilt_z = 0.18005318040109866
d_ff_ccd  = -4.838904142138332
ccd_dec_x = 0.6214025767527196
ccd_dec_y = 5.157155225260971
ccd_defocus = 0.2808296020258299
ccd_tilt_x = 0.005043806450430704
ccd_tilt_y = -0.010894972653482061
ccd_tilt_z = 5.062905102175458e-06
p = 0.0001