slit_dec_x_a = -0.181778666534
slit_dec_y_a = -0.18243150017
slit_dec_x_b = 0.14512077562974193
slit_dec_y_b = -0.05510809031835813
slit_defocus = -0.002202294274775932
slit_tilt_x = 1.1346779021348838
slit_tilt_y = -8.56836256752978
slit_tilt_z = -9.003612267618461
d_slit_col = 1594.3039659962092
coll_tilt_x = 0.08645312867632121
coll_tilt_y = -0.022067567970166894
ech_G = 31.61088328627862
ech_blaze = -74.99549280307707
ech_gamma = 1.1581422162439052
echelle_z = 0.05676880272246041
d_col_trf = -1588.016423186369
trf_mirror_tilt_x = 0.12252918243740323
trf_mirror_tilt_y = 0.01870069601428219
d_col_grm = 0.015000927086684365
grism_dec_x = 236.3974808370579
grism_dec_y = -0.005060406515061533
grm_tilt_x = -0.024653788843963787
grm_tilt_y = 2.3273234690101483
grm_G = 222.78574498257277
grm_apex = 17.809107149194762
d_grm_cam  = 21.6047905930188
cam_dec_x = -0.2836375571957568
cam_dec_y = 0.28977426540978
cam_tilt_x = 0.0043253671801994015
cam_tilt_y = -0.027780644048165163
d_cam_ff  = -160.56961532643453
ccd_ff_dec_x = -0.022895256060135174
ccd_ff_dec_y = -0.04776904742479439
ccd_ff_tilt_x = 0.16504403656369157
ccd_ff_tilt_y = -0.5893372538597071
ccd_ff_tilt_z = 0.1718787528547411
d_ff_ccd  = -4.785369173368081
ccd_dec_x = 0.5518724287731018
ccd_dec_y = 5.106419382148138
ccd_defocus = 0.3158192846972917
ccd_tilt_x = 0.021395150277423645
ccd_tilt_y = -0.004209540228792713
ccd_tilt_z = 2.1769458835822114e-07
p = 1.8082727272727275e-05