slit_dec_x_a = -0.17041841211157457
slit_dec_y_a = -0.19590341118213342
slit_dec_x_b = 0.175
slit_dec_y_b = -2.3006542254375988e-96
slit_defocus = 0.005511406683733876
slit_tilt_x = 1.1861308205895562
slit_tilt_y = -8.540109876526211
slit_tilt_z = -8.990846158557382
d_slit_col = 1594.2944454741373
coll_tilt_x = 0.08854161580131893
coll_tilt_y = -0.03175473254694466
ech_G = 31.610657030125534
ech_blaze = -74.97706089420886
ech_gamma = 1.140489356374503
echelle_z = 0.07538667487278619
d_col_trf = -1588.0185650722938
trf_mirror_tilt_x = 0.1386870472311882
trf_mirror_tilt_y = 0.0775410254171975
d_col_grm = -0.00953020331098008
grism_dec_x = 236.43432687190148
grism_dec_y = 0.0342494522840481
grm_tilt_x = -0.015854315432007098
grm_tilt_y = 2.304346761720555
grm_G = 222.82521083910137
grm_apex = 17.81514451896945
d_grm_cam  = 21.608483676830726
cam_dec_x = -0.3021140729337554
cam_dec_y = 0.25034883177252437
cam_tilt_x = -0.01822049732287907
cam_tilt_y = -0.015012135759784231
d_cam_ff  = -160.40095788956637
ccd_ff_dec_x = -0.003555070996542126
ccd_ff_dec_y = 0.00015607248367966684
ccd_ff_tilt_x = 0.14603791018481393
ccd_ff_tilt_y = -0.5720259629537826
ccd_ff_tilt_z = 0.17254217079558176
d_ff_ccd  = -4.811241740379264
ccd_dec_x = 0.6206759259883932
ccd_dec_y = 5.155290044267764
ccd_defocus = 0.31632340345619075
ccd_tilt_x = 0.007803030748084727
ccd_tilt_y = -0.01398637904293124
ccd_tilt_z = 3.3063171115280343e-06
p = 1.8082727272727275e-05