slit_dec_x_a = -0.181778666534
slit_dec_y_a = -0.18243150017
slit_dec_x_b = 0.14512077562974193
slit_dec_y_b = -0.05510809031835813
slit_defocus = -0.013820373691940209
slit_tilt_x = 1.0540516703220282
slit_tilt_y = -8.559956946102718
slit_tilt_z = -9.026862211942847
d_slit_col = 1594.290283993137
coll_tilt_x = 0.12135054248216
coll_tilt_y = -0.026453463193179445
ech_G = 31.614561725582437
ech_blaze = -74.99488783167088
ech_gamma = 1.1556387491674207
echelle_z = 0.057006328815621406
d_col_trf = -1588.0163682078846
trf_mirror_tilt_x = 0.007288839070072943
trf_mirror_tilt_y = 0.15542218295792734
d_col_grm = 0.035674833155459766
grism_dec_x = 236.38321964799403
grism_dec_y = 0.009201839882228231
grm_tilt_x = -0.023512013514035587
grm_tilt_y = 2.325795068535754
grm_G = 222.78406635220833
grm_apex = 17.766486372855326
d_grm_cam  = 21.604701058670763
cam_dec_x = -0.2710989188599738
cam_dec_y = 0.29085855298620433
cam_tilt_x = 0.012368729204961924
cam_tilt_y = 0.008869194563345938
d_cam_ff  = -160.07671743959847
ccd_ff_dec_x = -0.023803710036116133
ccd_ff_dec_y = 0.04207752146360393
ccd_ff_tilt_x = 0.033542949652189444
ccd_ff_tilt_y = -0.5909778899225278
ccd_ff_tilt_z = 0.17191406360479364
d_ff_ccd  = -4.816003135607715
ccd_dec_x = 0.5532952699415572
ccd_dec_y = 5.107634519833622
ccd_defocus = 0.2857860803264488
ccd_tilt_x = 0.032618997015016256
ccd_tilt_y = -0.0021794265420135225
ccd_tilt_z = 4.676647154776832e-06
p = 0.0001