slit_dec_x_a = -0.170448839538379
slit_dec_y_a = -0.19591737369342305
slit_dec_x_b = 0.175
slit_dec_y_b = -2.0507737692660532e-96
slit_defocus = 0.005555098297187854
slit_tilt_x = 1.1861036550551163
slit_tilt_y = -8.539995624982671
slit_tilt_z = -8.99084818830827
d_slit_col = 1594.2944608963057
coll_tilt_x = 0.08866286837209945
coll_tilt_y = -0.03175752401620243
ech_G = 31.610676439390144
ech_blaze = -74.97693667231349
ech_gamma = 1.1404528169947548
echelle_z = 0.07483652417635993
d_col_trf = -1588.0185723429797
trf_mirror_tilt_x = 0.13867247032997537
trf_mirror_tilt_y = 0.0775846257656316
d_col_grm = -0.009547625984110207
grism_dec_x = 236.43431199460753
grism_dec_y = 0.03422792744748449
grm_tilt_x = -0.01571634682833292
grm_tilt_y = 2.304388808817004
grm_G = 222.8251779708928
grm_apex = 17.815115592715074
d_grm_cam  = 21.6084914925635
cam_dec_x = -0.3021651039890082
cam_dec_y = 0.25036261137492205
cam_tilt_x = -0.01861498182679304
cam_tilt_y = -0.015040545587806273
d_cam_ff  = -160.40098043689028
ccd_ff_dec_x = -0.0035411210491318474
ccd_ff_dec_y = 0.00017328064235404153
ccd_ff_tilt_x = 0.14602145552228457
ccd_ff_tilt_y = -0.5720889127707768
ccd_ff_tilt_z = 0.17261094230667298
d_ff_ccd  = -4.811239844074085
ccd_dec_x = 0.620703403505942
ccd_dec_y = 5.155293063396649
ccd_defocus = 0.3163037764902462
ccd_tilt_x = 0.007737922350321763
ccd_tilt_y = -0.014009260287173565
ccd_tilt_z = 3.1007691625409514e-06
p = 8.922363636363637e-06