slit_dec_x_a = -0.181778666534
slit_dec_y_a = -0.18243150017
slit_dec_x_b = 0.14512077562974193
slit_dec_y_b = -0.05510809031835813
slit_defocus = -0.0021982364629266173
slit_tilt_x = 1.1346983613806054
slit_tilt_y = -8.568280875558157
slit_tilt_z = -9.00360412983429
d_slit_col = 1594.3039273906447
coll_tilt_x = 0.08640389911680545
coll_tilt_y = -0.022039375272733457
ech_G = 31.610906198852064
ech_blaze = -74.99564711217401
ech_gamma = 1.1581617702411189
echelle_z = 0.05722308123290059
d_col_trf = -1588.016249596561
trf_mirror_tilt_x = 0.1225148657013168
trf_mirror_tilt_y = 0.018664834173214063
d_col_grm = 0.015011811450661381
grism_dec_x = 236.39748627776615
grism_dec_y = -0.005023793555337051
grm_tilt_x = -0.024785415297049078
grm_tilt_y = 2.3274140624212247
grm_G = 222.78576951059603
grm_apex = 17.80916033039293
d_grm_cam  = 21.604494900276492
cam_dec_x = -0.28361457779107646
cam_dec_y = 0.2897038892831179
cam_tilt_x = 0.004329083815746776
cam_tilt_y = -0.027786596733278438
d_cam_ff  = -160.56966034240145
ccd_ff_dec_x = -0.02275827551493657
ccd_ff_dec_y = -0.04778366368856106
ccd_ff_tilt_x = 0.16502764821822882
ccd_ff_tilt_y = -0.589603403083102
ccd_ff_tilt_z = 0.17184022983360647
d_ff_ccd  = -4.78537861140966
ccd_dec_x = 0.5519088691020719
ccd_dec_y = 5.106332744391938
ccd_defocus = 0.31579223908111176
ccd_tilt_x = 0.02139137745814239
ccd_tilt_y = -0.00420624630200552
ccd_tilt_z = 2.9470802522318313e-07
p = 8.922363636363637e-06