slit_dec_x_a = -0.181778666534
slit_dec_y_a = -0.18243150017
slit_dec_x_b = 0.14512077562974193
slit_dec_y_b = -0.05510809031835813
slit_defocus = -0.013845693792241811
slit_tilt_x = 1.0541114847379698
slit_tilt_y = -8.55997621718915
slit_tilt_z = -9.026888663865812
d_slit_col = 1594.290306046047
coll_tilt_x = 0.12143279795532401
coll_tilt_y = -0.026481641172321616
ech_G = 31.614565308519477
ech_blaze = -74.99488185338171
ech_gamma = 1.1556313174106285
echelle_z = 0.057008785029622075
d_col_trf = -1588.0163616593634
trf_mirror_tilt_x = 0.007269910329089071
trf_mirror_tilt_y = 0.15549180456859713
d_col_grm = 0.035691662158210506
grism_dec_x = 236.38319052299818
grism_dec_y = 0.009273238423418297
grm_tilt_x = -0.02351457849761327
grm_tilt_y = 2.3257815094194405
grm_G = 222.78407013373422
grm_apex = 17.76649531888579
d_grm_cam  = 21.60470464655923
cam_dec_x = -0.27107607425712976
cam_dec_y = 0.29094661429700475
cam_tilt_x = 0.012446719120473898
cam_tilt_y = 0.008820669715679751
d_cam_ff  = -160.07728735415458
ccd_ff_dec_x = -0.023801264512421504
ccd_ff_dec_y = 0.04204487474187956
ccd_ff_tilt_x = 0.033500265697281324
ccd_ff_tilt_y = -0.5909827706667123
ccd_ff_tilt_z = 0.17192216026266488
d_ff_ccd  = -4.8159425560088485
ccd_dec_x = 0.553294704561962
ccd_dec_y = 5.107623020844941
ccd_defocus = 0.285821116575579
ccd_tilt_x = 0.03259337255221759
ccd_tilt_y = -0.0021123460138923176
ccd_tilt_z = 4.722202576777907e-06
p = 0.0001