slit_dec_x_a = -0.17041006936472725
slit_dec_y_a = -0.19588613165444763
slit_dec_x_b = 0.175
slit_dec_y_b = -2.280888817973909e-96
slit_defocus = 0.005512072448413765
slit_tilt_x = 1.1861171598617943
slit_tilt_y = -8.540095067788839
slit_tilt_z = -8.9908557166548
d_slit_col = 1594.294434628435
coll_tilt_x = 0.08857126037500677
coll_tilt_y = -0.03169137457307408
ech_G = 31.61065677346133
ech_blaze = -74.97705465200376
ech_gamma = 1.1405545403235409
echelle_z = 0.07533836363990594
d_col_trf = -1588.0185641862543
trf_mirror_tilt_x = 0.13869593198436844
trf_mirror_tilt_y = 0.07753418168344499
d_col_grm = -0.009536680703237111
grism_dec_x = 236.43432833115236
grism_dec_y = 0.034248141102845055
grm_tilt_x = -0.015876627113017246
grm_tilt_y = 2.304353055022728
grm_G = 222.8252177250169
grm_apex = 17.815137845384708
d_grm_cam  = 21.608483311438874
cam_dec_x = -0.3021111207640372
cam_dec_y = 0.2503537312615096
cam_tilt_x = -0.0181644829457875
cam_tilt_y = -0.01501231629289605
d_cam_ff  = -160.40094715295132
ccd_ff_dec_x = -0.0035577836397374272
ccd_ff_dec_y = 0.0001377007242885169
ccd_ff_tilt_x = 0.14603947199271125
ccd_ff_tilt_y = -0.5720346166900778
ccd_ff_tilt_z = 0.17254109605030754
d_ff_ccd  = -4.811237333969802
ccd_dec_x = 0.6206647604888167
ccd_dec_y = 5.155301765607239
ccd_defocus = 0.3163254090202886
ccd_tilt_x = 0.007823182161578802
ccd_tilt_y = -0.013993625519976327
ccd_tilt_z = 3.287425199283323e-06
p = 1.0384999999999998e-05