slit_dec_x_a = -0.181778666534
slit_dec_y_a = -0.18243150017
slit_dec_x_b = 0.14512077562974193
slit_dec_y_b = -0.05510809031835813
slit_defocus = -0.0021971686440356883
slit_tilt_x = 1.1346713775223656
slit_tilt_y = -8.568358709971688
slit_tilt_z = -9.003622699839854
d_slit_col = 1594.3039570525
coll_tilt_x = 0.08645229875151564
coll_tilt_y = -0.02204832523083245
ech_G = 31.610883908103684
ech_blaze = -74.99551976634261
ech_gamma = 1.1581522344148265
echelle_z = 0.056783470304846505
d_col_trf = -1588.0163835239616
trf_mirror_tilt_x = 0.12252373339014064
trf_mirror_tilt_y = 0.01870234253340615
d_col_grm = 0.01499915573116801
grism_dec_x = 236.39746962099326
grism_dec_y = -0.005060788705683663
grm_tilt_x = -0.024631155367604813
grm_tilt_y = 2.3273144100575682
grm_G = 222.78576956414457
grm_apex = 17.809108170240957
d_grm_cam  = 21.60472759349888
cam_dec_x = -0.28364523734933805
cam_dec_y = 0.28976205364991137
cam_tilt_x = 0.0043147833179204695
cam_tilt_y = -0.027789762292937965
d_cam_ff  = -160.56961812403506
ccd_ff_dec_x = -0.022845962038379564
ccd_ff_dec_y = -0.04776920895729007
ccd_ff_tilt_x = 0.16503442910642893
ccd_ff_tilt_y = -0.5893785596386507
ccd_ff_tilt_z = 0.1719334931827104
d_ff_ccd  = -4.785380888765647
ccd_dec_x = 0.5518691230815813
ccd_dec_y = 5.106418291186965
ccd_defocus = 0.31582196566191445
ccd_tilt_x = 0.021397003800188306
ccd_tilt_y = -0.004211753169974073
ccd_tilt_z = 2.0408710113066276e-07
p = 1.0384999999999998e-05