slit_dec_x_a = -0.181778666534
slit_dec_y_a = -0.18243150017
slit_dec_x_b = 0.14512077562974193
slit_dec_y_b = -0.05510809031835813
slit_defocus = -0.013712890455906242
slit_tilt_x = 1.0540636115422604
slit_tilt_y = -8.559916627298401
slit_tilt_z = -9.026907935071316
d_slit_col = 1594.290312640049
coll_tilt_x = 0.12140922133360264
coll_tilt_y = -0.026451766302611777
ech_G = 31.614554133298174
ech_blaze = -74.99489070796244
ech_gamma = 1.1556431517348484
echelle_z = 0.056998578708122645
d_col_trf = -1588.0163625974255
trf_mirror_tilt_x = 0.007361216182499594
trf_mirror_tilt_y = 0.1554517866670501
d_col_grm = 0.035657918422178095
grism_dec_x = 236.38320484576644
grism_dec_y = 0.009246891378214134
grm_tilt_x = -0.023504842533023047
grm_tilt_y = 2.3257937897427707
grm_G = 222.78407072577235
grm_apex = 17.766511522928713
d_grm_cam  = 21.604702699637514
cam_dec_x = -0.271116986469343
cam_dec_y = 0.2908747679421735
cam_tilt_x = 0.01248813772239351
cam_tilt_y = 0.008838270745461391
d_cam_ff  = -160.07714818845164
ccd_ff_dec_x = -0.02380400744792751
ccd_ff_dec_y = 0.04207653106754348
ccd_ff_tilt_x = 0.03345272980552996
ccd_ff_tilt_y = -0.5909784815618108
ccd_ff_tilt_z = 0.1719159403116399
d_ff_ccd  = -4.815983433841001
ccd_dec_x = 0.5533048114559393
ccd_dec_y = 5.1076311240500765
ccd_defocus = 0.2857501365550066
ccd_tilt_x = 0.03263259400595593
ccd_tilt_y = -0.0021622816868842065
ccd_tilt_z = 4.674341457005758e-06
p = 0.0001