slit_dec_x_a = -0.181778666534
slit_dec_y_a = -0.18243150017
slit_dec_x_b = 0.14512077562974193
slit_dec_y_b = -0.05510809031835813
slit_defocus = -0.002208896832271804
slit_tilt_x = 1.1346920577682644
slit_tilt_y = -8.568218088292975
slit_tilt_z = -9.003670855224225
d_slit_col = 1594.3039119659563
coll_tilt_x = 0.08643099108567429
coll_tilt_y = -0.022072042059827306
ech_G = 31.610873008560404
ech_blaze = -74.99548513252236
ech_gamma = 1.1581094325184602
echelle_z = 0.05736290263892443
d_col_trf = -1588.0163547838324
trf_mirror_tilt_x = 0.12252873034487954
trf_mirror_tilt_y = 0.01867227891304449
d_col_grm = 0.015055399254231525
grism_dec_x = 236.39747094990378
grism_dec_y = -0.005007016899609341
grm_tilt_x = -0.02475931325546038
grm_tilt_y = 2.3272835243329166
grm_G = 222.78579883613153
grm_apex = 17.80916911192293
d_grm_cam  = 21.604330592083926
cam_dec_x = -0.2836101229459543
cam_dec_y = 0.289711539423779
cam_tilt_x = 0.004354766133141212
cam_tilt_y = -0.027799779934655672
d_cam_ff  = -160.56971698173362
ccd_ff_dec_x = -0.02270082087579382
ccd_ff_dec_y = -0.047788491256799195
ccd_ff_tilt_x = 0.16503315342234687
ccd_ff_tilt_y = -0.5897145157440938
ccd_ff_tilt_z = 0.1717276413324024
d_ff_ccd  = -4.785369846911526
ccd_dec_x = 0.5520298766646589
ccd_dec_y = 5.106149215497113
ccd_defocus = 0.3157445673122886
ccd_tilt_x = 0.021382838035668966
ccd_tilt_y = -0.004205132737813454
ccd_tilt_z = 3.9156054707912047e-07
p = 2.7586666666666665e-06