slit_dec_x_a = -0.1704010755187174
slit_dec_y_a = -0.1956586180351446
slit_dec_x_b = 0.175
slit_dec_y_b = -1.841635070877496e-96
slit_defocus = 0.021421432575688248
slit_tilt_x = 1.1140446531906214
slit_tilt_y = -8.538436234171773
slit_tilt_z = -8.991639431258912
d_slit_col = 1594.3099214419044
coll_tilt_x = 0.11327124911146351
coll_tilt_y = -0.028845994200596185
ech_G = 31.61323406886192
ech_blaze = -74.9748325555308
ech_gamma = 1.1389743739129223
echelle_z = 0.07476829018960972
d_col_trf = -1588.0172350711118
trf_mirror_tilt_x = 0.02623654567059061
trf_mirror_tilt_y = 0.16225309747533911
d_col_grm = -0.004775960534435041
grism_dec_x = 236.4233265230793
grism_dec_y = 0.038191302128869675
grm_tilt_x = -0.014056991795721677
grm_tilt_y = 2.3052789605934287
grm_G = 222.82399984776555
grm_apex = 17.7910031325119
d_grm_cam  = 21.609815828097158
cam_dec_x = -0.3094810393187369
cam_dec_y = 0.2472461736474581
cam_tilt_x = -0.01103736558788415
cam_tilt_y = 0.0037691667327199923
d_cam_ff  = -160.05764372267691
ccd_ff_dec_x = -0.0025977840572373634
ccd_ff_dec_y = 0.05304869852577195
ccd_ff_tilt_x = 0.01951428164588609
ccd_ff_tilt_y = -0.572799029113069
ccd_ff_tilt_z = 0.18005310124150034
d_ff_ccd  = -4.8388971171006805
ccd_dec_x = 0.6214034141187738
ccd_dec_y = 5.1571533855632286
ccd_defocus = 0.2807245374928628
ccd_tilt_x = 0.005125826076516708
ccd_tilt_y = -0.010988149581118021
ccd_tilt_z = 5.029060723914285e-06
p = 0.0001