slit_dec_x_a = -0.181778666534
slit_dec_y_a = -0.18243150017
slit_dec_x_b = 0.14512077562974193
slit_dec_y_b = -0.05510809031835813
slit_defocus = -0.013752078426130463
slit_tilt_x = 1.0541180253771538
slit_tilt_y = -8.55992498922923
slit_tilt_z = -9.02688606769602
d_slit_col = 1594.2902785266433
coll_tilt_x = 0.12152313010789698
coll_tilt_y = -0.026546943007124894
ech_G = 31.614563325861237
ech_blaze = -74.9948878446733
ech_gamma = 1.155641287770615
echelle_z = 0.05700121414207342
d_col_trf = -1588.016368892284
trf_mirror_tilt_x = 0.007307715386656498
trf_mirror_tilt_y = 0.15545805555205833
d_col_grm = 0.03569783028234369
grism_dec_x = 236.38320849644424
grism_dec_y = 0.00922366662910993
grm_tilt_x = -0.023510410212348124
grm_tilt_y = 2.325788035212806
grm_G = 222.78407497267952
grm_apex = 17.76645380506194
d_grm_cam  = 21.60470170719405
cam_dec_x = -0.27113727422070555
cam_dec_y = 0.2909111893189714
cam_tilt_x = 0.012475391749478345
cam_tilt_y = 0.00879954481559273
d_cam_ff  = -160.07671453413673
ccd_ff_dec_x = -0.02380304360356867
ccd_ff_dec_y = 0.042064282219613926
ccd_ff_tilt_x = 0.033469365508609884
ccd_ff_tilt_y = -0.5909862586901687
ccd_ff_tilt_z = 0.17191490821521632
d_ff_ccd  = -4.816003491639404
ccd_dec_x = 0.5532994838067712
ccd_dec_y = 5.107629894844276
ccd_defocus = 0.285757455218203
ccd_tilt_x = 0.03262985540465132
ccd_tilt_y = -0.0020804729527812986
ccd_tilt_z = 4.638326578370869e-06
p = 0.0001