slit_dec_x_a = -0.17041191259997032
slit_dec_y_a = -0.19589853042906036
slit_dec_x_b = 0.175
slit_dec_y_b = -1.8055514964059254e-96
slit_defocus = 0.005595825772654451
slit_tilt_x = 1.186124975967615
slit_tilt_y = -8.540004801718686
slit_tilt_z = -8.990850394328886
d_slit_col = 1594.2944846426303
coll_tilt_x = 0.08868750498032152
coll_tilt_y = -0.03199510500720606
ech_G = 31.61064256305999
ech_blaze = -74.97676124248899
ech_gamma = 1.1402500779720683
echelle_z = 0.07487522494537761
d_col_trf = -1588.0185198928073
trf_mirror_tilt_x = 0.13870205950336068
trf_mirror_tilt_y = 0.07753463084471962
d_col_grm = -0.009529420048302685
grism_dec_x = 236.4343619890442
grism_dec_y = 0.03415951427454871
grm_tilt_x = -0.015898628814940988
grm_tilt_y = 2.3043850614779227
grm_G = 222.82519445725603
grm_apex = 17.8151003758946
d_grm_cam  = 21.608503671887476
cam_dec_x = -0.30210519445816647
cam_dec_y = 0.25033218231477056
cam_tilt_x = -0.01851702288744546
cam_tilt_y = -0.015110560351619493
d_cam_ff  = -160.4009588224171
ccd_ff_dec_x = -0.003505777737816604
ccd_ff_dec_y = 0.0002600399232875891
ccd_ff_tilt_x = 0.14604341495538523
ccd_ff_tilt_y = -0.5720654653969988
ccd_ff_tilt_z = 0.17260049004396297
d_ff_ccd  = -4.811311587095624
ccd_dec_x = 0.6206953991659084
ccd_dec_y = 5.1552895837438655
ccd_defocus = 0.3162785019523933
ccd_tilt_x = 0.007751433917008025
ccd_tilt_y = -0.014117422045715155
ccd_tilt_z = 3.155850552096934e-06
p = 5.991583333333333e-06