slit_dec_x_a = -0.1704010755187174
slit_dec_y_a = -0.1956586180351446
slit_dec_x_b = 0.175
slit_dec_y_b = -1.784670751856852e-96
slit_defocus = 0.021414543088609406
slit_tilt_x = 1.114005081093188
slit_tilt_y = -8.538399714314162
slit_tilt_z = -8.991673189456233
d_slit_col = 1594.310002526363
coll_tilt_x = 0.11316454077290501
coll_tilt_y = -0.02891340536410442
ech_G = 31.6132346494233
ech_blaze = -74.97483071289506
ech_gamma = 1.1389755283125833
echelle_z = 0.0747616696389206
d_col_trf = -1588.0172246637674
trf_mirror_tilt_x = 0.026284574174290056
trf_mirror_tilt_y = 0.16220677853979956
d_col_grm = -0.004800998736981971
grism_dec_x = 236.4233441098395
grism_dec_y = 0.038201179345304835
grm_tilt_x = -0.01405463033978151
grm_tilt_y = 2.305288048366181
grm_G = 222.8240034957914
grm_apex = 17.79110247861246
d_grm_cam  = 21.609819322917044
cam_dec_x = -0.3095722738151331
cam_dec_y = 0.2472156458853452
cam_tilt_x = -0.011112239503298257
cam_tilt_y = 0.0037827450108133343
d_cam_ff  = -160.05749228235155
ccd_ff_dec_x = -0.002598518861126603
ccd_ff_dec_y = 0.053039504111414074
ccd_ff_tilt_x = 0.019467192183638272
ccd_ff_tilt_y = -0.5728010027309848
ccd_ff_tilt_z = 0.18005165292283903
d_ff_ccd  = -4.838933050972832
ccd_dec_x = 0.6214101886762627
ccd_dec_y = 5.157147101427298
ccd_defocus = 0.2807542652304154
ccd_tilt_x = 0.005071804134199111
ccd_tilt_y = -0.010921608017542599
ccd_tilt_z = 5.080855014574695e-06
p = 0.0001