slit_dec_x_a = -0.17043768196887016
slit_dec_y_a = -0.19590726477973242
slit_dec_x_b = 0.175
slit_dec_y_b = -2.0102036328259203e-96
slit_defocus = 0.005572200145186645
slit_tilt_x = 1.1860969259888965
slit_tilt_y = -8.539988695142936
slit_tilt_z = -8.990836857624354
d_slit_col = 1594.2944478419747
coll_tilt_x = 0.08863480592595954
coll_tilt_y = -0.03176181348451147
ech_G = 31.610681512475274
ech_blaze = -74.97700993359979
ech_gamma = 1.1404531430238187
echelle_z = 0.07483648595298835
d_col_trf = -1588.0185705174738
trf_mirror_tilt_x = 0.13867898276716786
trf_mirror_tilt_y = 0.07758102067361972
d_col_grm = -0.009553820761968356
grism_dec_x = 236.43430489499033
grism_dec_y = 0.034245758135427753
grm_tilt_x = -0.015735450679113118
grm_tilt_y = 2.304384765531808
grm_G = 222.82517812462146
grm_apex = 17.81511929893711
d_grm_cam  = 21.60848153428373
cam_dec_x = -0.3021533595245766
cam_dec_y = 0.2503667617180735
cam_tilt_x = -0.018601961403227948
cam_tilt_y = -0.015039245663765816
d_cam_ff  = -160.400979658161
ccd_ff_dec_x = -0.0035600925218106493
ccd_ff_dec_y = 0.00016565741504249879
ccd_ff_tilt_x = 0.14601125825261574
ccd_ff_tilt_y = -0.5720940837201879
ccd_ff_tilt_z = 0.172598777012747
d_ff_ccd  = -4.811221741018604
ccd_dec_x = 0.6207054611985454
ccd_dec_y = 5.15529761712487
ccd_defocus = 0.3162913284268662
ccd_tilt_x = 0.007731638369371257
ccd_tilt_y = -0.014010539542079294
ccd_tilt_z = 3.1052559016219383e-06
p = 1.2396666666666668e-05