slit_dec_x_a = -0.170386888122786
slit_dec_y_a = -0.1957267095064689
slit_dec_x_b = 0.175
slit_dec_y_b = -1.6716573627781664e-96
slit_defocus = 0.005562510782970966
slit_tilt_x = 1.1860962781136115
slit_tilt_y = -8.540009333912332
slit_tilt_z = -8.990847384744052
d_slit_col = 1594.294514784316
coll_tilt_x = 0.08877488147638517
coll_tilt_y = -0.03197501725705109
ech_G = 31.61068041861929
ech_blaze = -74.9768957601997
ech_gamma = 1.1402344194307583
echelle_z = 0.07465789234469046
d_col_trf = -1588.0185195365605
trf_mirror_tilt_x = 0.13871442345451102
trf_mirror_tilt_y = 0.07750760885182002
d_col_grm = -0.009518599793314002
grism_dec_x = 236.43434531895676
grism_dec_y = 0.034170751127991235
grm_tilt_x = -0.015839103072359428
grm_tilt_y = 2.3043636471408195
grm_G = 222.82517663799047
grm_apex = 17.815109248369406
d_grm_cam  = 21.608473934676514
cam_dec_x = -0.30210209014129386
cam_dec_y = 0.25030944573236796
cam_tilt_x = -0.01863727000536951
cam_tilt_y = -0.015109048684850888
d_cam_ff  = -160.40094345017957
ccd_ff_dec_x = -0.0034899492502936578
ccd_ff_dec_y = 0.0002691454710019282
ccd_ff_tilt_x = 0.14604487038737698
ccd_ff_tilt_y = -0.5720922122852682
ccd_ff_tilt_z = 0.1725839554329217
d_ff_ccd  = -4.811318755286158
ccd_dec_x = 0.62066665997237
ccd_dec_y = 5.155279924918428
ccd_defocus = 0.3162705820387724
ccd_tilt_x = 0.007758486231330451
ccd_tilt_y = -0.014114184980747197
ccd_tilt_z = 3.0760505577071935e-06
p = 1.7216363636363634e-06