slit_dec_x_a = -0.181778666534
slit_dec_y_a = -0.18243150017
slit_dec_x_b = 0.14512077562974193
slit_dec_y_b = -0.05510809031835813
slit_defocus = -0.0021771231964041334
slit_tilt_x = 1.1346546518097531
slit_tilt_y = -8.56823554405673
slit_tilt_z = -9.003639283075302
d_slit_col = 1594.3039506829332
coll_tilt_x = 0.08645480515024066
coll_tilt_y = -0.02199543552577273
ech_G = 31.610928979520246
ech_blaze = -74.99564986340117
ech_gamma = 1.1580033514152515
echelle_z = 0.05759596241162155
d_col_trf = -1588.0161418716912
trf_mirror_tilt_x = 0.12251344127119985
trf_mirror_tilt_y = 0.018632659255020688
d_col_grm = 0.015111318057217578
grism_dec_x = 236.39742736031795
grism_dec_y = -0.00502044231220597
grm_tilt_x = -0.02510650410647279
grm_tilt_y = 2.326946488360332
grm_G = 222.7858450794677
grm_apex = 17.809185310899473
d_grm_cam  = 21.604658199745515
cam_dec_x = -0.28360091653707237
cam_dec_y = 0.28966173647789334
cam_tilt_x = 0.00426003639172619
cam_tilt_y = -0.027774002877682943
d_cam_ff  = -160.5696328434267
ccd_ff_dec_x = -0.02281921327946398
ccd_ff_dec_y = -0.04775747659618355
ccd_ff_tilt_x = 0.16504742736124547
ccd_ff_tilt_y = -0.589489863058011
ccd_ff_tilt_z = 0.17168256994840922
d_ff_ccd  = -4.785454775074704
ccd_dec_x = 0.5519826043616761
ccd_dec_y = 5.106125008265252
ccd_defocus = 0.3157841619850075
ccd_tilt_x = 0.021305013920185023
ccd_tilt_y = -0.004208165370960807
ccd_tilt_z = 3.4208801424884236e-07
p = 1.7216363636363634e-06