slit_dec_x_a = -0.181778666534
slit_dec_y_a = -0.18243150017
slit_dec_x_b = 0.14512077562974193
slit_dec_y_b = -0.05510809031835813
slit_defocus = -0.01377831856294572
slit_tilt_x = 1.054076738335248
slit_tilt_y = -8.559945166059077
slit_tilt_z = -9.026894952118537
d_slit_col = 1594.2902997146775
coll_tilt_x = 0.12142289487465831
coll_tilt_y = -0.02652459296602801
ech_G = 31.614557260178586
ech_blaze = -74.99489481272055
ech_gamma = 1.155638803810783
echelle_z = 0.0570065238137288
d_col_trf = -1588.0163606016272
trf_mirror_tilt_x = 0.007281583489316706
trf_mirror_tilt_y = 0.15540553138265048
d_col_grm = 0.03569727885953775
grism_dec_x = 236.38316873662313
grism_dec_y = 0.009235063785622246
grm_tilt_x = -0.023503065144102178
grm_tilt_y = 2.32578443529289
grm_G = 222.7840653398339
grm_apex = 17.76645162236103
d_grm_cam  = 21.604705225183807
cam_dec_x = -0.27111092147025956
cam_dec_y = 0.29086695058532547
cam_tilt_x = 0.012462653678112123
cam_tilt_y = 0.008837361773436336
d_cam_ff  = -160.0767922686072
ccd_ff_dec_x = -0.02380088503156426
ccd_ff_dec_y = 0.04206535453023357
ccd_ff_tilt_x = 0.033533050329641156
ccd_ff_tilt_y = -0.5909778396759412
ccd_ff_tilt_z = 0.1719245630404887
d_ff_ccd  = -4.815983281204631
ccd_dec_x = 0.5532936347953347
ccd_dec_y = 5.107622732831872
ccd_defocus = 0.28574437187433027
ccd_tilt_x = 0.03256411968266327
ccd_tilt_y = -0.0021151423224454215
ccd_tilt_z = 4.727402887143243e-06
p = 0.0001