slit_dec_x_a = -0.1704010755187174
slit_dec_y_a = -0.1956586180351446
slit_dec_x_b = 0.175
slit_dec_y_b = -1.833048710327506e-96
slit_defocus = 0.0213868254268833
slit_tilt_x = 1.1140614137467346
slit_tilt_y = -8.538384896458853
slit_tilt_z = -8.991663363361061
d_slit_col = 1594.3100003392321
coll_tilt_x = 0.11317703831702394
coll_tilt_y = -0.028901132796056585
ech_G = 31.61322668015339
ech_blaze = -74.97483103429639
ech_gamma = 1.138972676465172
echelle_z = 0.07476894433185398
d_col_trf = -1588.0172266762654
trf_mirror_tilt_x = 0.026301395042623445
trf_mirror_tilt_y = 0.1622051793987034
d_col_grm = -0.004811299768011827
grism_dec_x = 236.42333852606762
grism_dec_y = 0.03812324885137508
grm_tilt_x = -0.01405625609801945
grm_tilt_y = 2.3052875510347475
grm_G = 222.82400262934883
grm_apex = 17.79104487789528
d_grm_cam  = 21.609819841060645
cam_dec_x = -0.30955307336982385
cam_dec_y = 0.24730583255062263
cam_tilt_x = -0.011059107396239514
cam_tilt_y = 0.0037753978185586117
d_cam_ff  = -160.05772314502968
ccd_ff_dec_x = -0.0026028581613950145
ccd_ff_dec_y = 0.05308030259035984
ccd_ff_tilt_x = 0.019487239183332897
ccd_ff_tilt_y = -0.5728054826366064
ccd_ff_tilt_z = 0.1800559093875384
d_ff_ccd  = -4.838939347661538
ccd_dec_x = 0.6214062833038227
ccd_dec_y = 5.157147950245122
ccd_defocus = 0.2807411887662696
ccd_tilt_x = 0.004999814917677926
ccd_tilt_y = -0.010848324037256121
ccd_tilt_z = 5.116511196597369e-06
p = 0.0001