slit_dec_x_a = -0.181778666534
slit_dec_y_a = -0.18243150017
slit_dec_x_b = 0.14512077562974193
slit_dec_y_b = -0.05510809031835813
slit_defocus = -0.0022086915301503863
slit_tilt_x = 1.1346972347379263
slit_tilt_y = -8.568301436097105
slit_tilt_z = -9.003628644849812
d_slit_col = 1594.303916840893
coll_tilt_x = 0.08643359530872753
coll_tilt_y = -0.02205331936855714
ech_G = 31.610907747441523
ech_blaze = -74.99569461828214
ech_gamma = 1.1581522618776292
echelle_z = 0.057131046840429904
d_col_trf = -1588.01624221574
trf_mirror_tilt_x = 0.1225079311717664
trf_mirror_tilt_y = 0.018689343151713778
d_col_grm = 0.014995647800928508
grism_dec_x = 236.3974950510764
grism_dec_y = -0.005062524601184212
grm_tilt_x = -0.024773704032646938
grm_tilt_y = 2.3274253043104993
grm_G = 222.78569609185945
grm_apex = 17.809165489377115
d_grm_cam  = 21.604509182473162
cam_dec_x = -0.28363774266075165
cam_dec_y = 0.289704162418987
cam_tilt_x = 0.004364927026874258
cam_tilt_y = -0.02780926471702871
d_cam_ff  = -160.56961861104608
ccd_ff_dec_x = -0.023015526562695666
ccd_ff_dec_y = -0.04776647257733113
ccd_ff_tilt_x = 0.1650350251777399
ccd_ff_tilt_y = -0.5896923715397762
ccd_ff_tilt_z = 0.1718615657292834
d_ff_ccd  = -4.785356636442257
ccd_dec_x = 0.551976874716258
ccd_dec_y = 5.106480633628071
ccd_defocus = 0.31582407993487344
ccd_tilt_x = 0.021425625349364815
ccd_tilt_y = -0.00419050433216523
ccd_tilt_z = 3.08902000572469e-07
p = 1.849909090909091e-06