slit_dec_x_a = -0.17044068134181908
slit_dec_y_a = -0.19608935412252393
slit_dec_x_b = 0.175
slit_dec_y_b = -1.8444336317578969e-96
slit_defocus = 0.00557687474698187
slit_tilt_x = 1.1861297526483927
slit_tilt_y = -8.540012574610786
slit_tilt_z = -8.990853364371455
d_slit_col = 1594.294436253756
coll_tilt_x = 0.08874254975615949
coll_tilt_y = -0.031776592970254834
ech_G = 31.61069413211887
ech_blaze = -74.97712039078941
ech_gamma = 1.140473311270277
echelle_z = 0.07496388253260917
d_col_trf = -1588.0185652332977
trf_mirror_tilt_x = 0.13871386300561148
trf_mirror_tilt_y = 0.07758732309583288
d_col_grm = -0.00951887844991373
grism_dec_x = 236.43427134709188
grism_dec_y = 0.03424308780655965
grm_tilt_x = -0.015807276821106508
grm_tilt_y = 2.3043624964613607
grm_G = 222.8251620372106
grm_apex = 17.81512452826481
d_grm_cam  = 21.608492850434516
cam_dec_x = -0.3021039421562079
cam_dec_y = 0.2503791734649511
cam_tilt_x = -0.018328863972630734
cam_tilt_y = -0.015036733207663314
d_cam_ff  = -160.40096129594897
ccd_ff_dec_x = -0.003546098731632296
ccd_ff_dec_y = 0.00015142207377024047
ccd_ff_tilt_x = 0.14601188650942276
ccd_ff_tilt_y = -0.5720887778489846
ccd_ff_tilt_z = 0.172559240998608
d_ff_ccd  = -4.811234302738767
ccd_dec_x = 0.6206681370916491
ccd_dec_y = 5.155263366114217
ccd_defocus = 0.31632593248689106
ccd_tilt_x = 0.007759743053482033
ccd_tilt_y = -0.013997604175522708
ccd_tilt_z = 3.2129198821688426e-06
p = 1.849909090909091e-06