slit_dec_x_a = -0.181778666534
slit_dec_y_a = -0.18243150017
slit_dec_x_b = 0.14512077562974193
slit_dec_y_b = -0.05510809031835813
slit_defocus = -0.013799549782041707
slit_tilt_x = 1.0540871409262658
slit_tilt_y = -8.559985056804809
slit_tilt_z = -9.026883361505009
d_slit_col = 1594.2902879538826
coll_tilt_x = 0.12148662762400919
coll_tilt_y = -0.02645247064461598
ech_G = 31.61455882934557
ech_blaze = -74.99489524645156
ech_gamma = 1.1556444269991424
echelle_z = 0.056999709351668607
d_col_trf = -1588.0163714657951
trf_mirror_tilt_x = 0.007277915972253282
trf_mirror_tilt_y = 0.1554246141936104
d_col_grm = 0.03565166163184144
grism_dec_x = 236.38320997297697
grism_dec_y = 0.009273165873463487
grm_tilt_x = -0.02350049258006754
grm_tilt_y = 2.325787365788622
grm_G = 222.78406810833866
grm_apex = 17.766536492472575
d_grm_cam  = 21.6046986319485
cam_dec_x = -0.2710987301088105
cam_dec_y = 0.29085195870017694
cam_tilt_x = 0.012482810666421928
cam_tilt_y = 0.008821258957966552
d_cam_ff  = -160.07701266573653
ccd_ff_dec_x = -0.02380773713484821
ccd_ff_dec_y = 0.04202257149275663
ccd_ff_tilt_x = 0.03352254296299011
ccd_ff_tilt_y = -0.5909785295324431
ccd_ff_tilt_z = 0.1719177607281227
d_ff_ccd  = -4.815916393047585
ccd_dec_x = 0.5532968042633716
ccd_dec_y = 5.107628805188925
ccd_defocus = 0.2857691917086009
ccd_tilt_x = 0.03254116393173182
ccd_tilt_y = -0.0020944453880130686
ccd_tilt_z = 4.696080993826548e-06
p = 0.0001