slit_dec_x_a = -0.181778666534
slit_dec_y_a = -0.18243150017
slit_dec_x_b = 0.14512077562974193
slit_dec_y_b = -0.05510809031835813
slit_defocus = -0.002203611647146148
slit_tilt_x = 1.1346731231937268
slit_tilt_y = -8.568236089991721
slit_tilt_z = -9.00364553669083
d_slit_col = 1594.3039731852778
coll_tilt_x = 0.08645976216833255
coll_tilt_y = -0.022012692719763374
ech_G = 31.610871694362338
ech_blaze = -74.99549590706441
ech_gamma = 1.1581415840042546
echelle_z = 0.057593761156169355
d_col_trf = -1588.016272369888
trf_mirror_tilt_x = 0.1225359475759993
trf_mirror_tilt_y = 0.01866257979804419
d_col_grm = 0.015070983836055533
grism_dec_x = 236.39745848253582
grism_dec_y = -0.00503254162619902
grm_tilt_x = -0.0247380468674463
grm_tilt_y = 2.327306751486663
grm_G = 222.78574639751432
grm_apex = 17.809210169560092
d_grm_cam  = 21.604516064981322
cam_dec_x = -0.28357488432395
cam_dec_y = 0.28973941608749815
cam_tilt_x = 0.004332590939109228
cam_tilt_y = -0.02782244061669207
d_cam_ff  = -160.56985678671074
ccd_ff_dec_x = -0.022808812152599927
ccd_ff_dec_y = -0.047799089708011694
ccd_ff_tilt_x = 0.1650344534951486
ccd_ff_tilt_y = -0.589681687102971
ccd_ff_tilt_z = 0.17168679148420232
d_ff_ccd  = -4.785425589462073
ccd_dec_x = 0.5518583534996816
ccd_dec_y = 5.106123782489277
ccd_defocus = 0.3157348637551865
ccd_tilt_x = 0.021337844698453293
ccd_tilt_y = -0.0041994914920034385
ccd_tilt_z = 3.985929410607178e-07
p = 1.8414545454545453e-05