slit_dec_x_a = -0.17039420343800896
slit_dec_y_a = -0.1958844911976024
slit_dec_x_b = 0.175
slit_dec_y_b = -1.5002280862150697e-96
slit_defocus = 0.005586613432206593
slit_tilt_x = 1.1861413296230054
slit_tilt_y = -8.540027690083408
slit_tilt_z = -8.990837464151484
d_slit_col = 1594.2944712189883
coll_tilt_x = 0.08876031524846437
coll_tilt_y = -0.03185022314223297
ech_G = 31.61065392494417
ech_blaze = -74.97683990889502
ech_gamma = 1.140373475331548
echelle_z = 0.07477963748913738
d_col_trf = -1588.0185403346575
trf_mirror_tilt_x = 0.13865544127534912
trf_mirror_tilt_y = 0.07751578198372322
d_col_grm = -0.009539490925912702
grism_dec_x = 236.43433278091095
grism_dec_y = 0.03417793157636219
grm_tilt_x = -0.015781322407040912
grm_tilt_y = 2.304381884661348
grm_G = 222.8251626572424
grm_apex = 17.81513138435981
d_grm_cam  = 21.608484789034605
cam_dec_x = -0.30211986862830753
cam_dec_y = 0.25033432935161815
cam_tilt_x = -0.0184783876337585
cam_tilt_y = -0.015083619276162563
d_cam_ff  = -160.40095776460004
ccd_ff_dec_x = -0.0035245020052360617
ccd_ff_dec_y = 0.00023346602491102164
ccd_ff_tilt_x = 0.146042038018607
ccd_ff_tilt_y = -0.5720708297084611
ccd_ff_tilt_z = 0.1725699529533634
d_ff_ccd  = -4.811250037181078
ccd_dec_x = 0.6206638989983057
ccd_dec_y = 5.155301609262838
ccd_defocus = 0.31629597689853206
ccd_tilt_x = 0.007722864770622205
ccd_tilt_y = -0.014096612119598237
ccd_tilt_z = 3.133224552278287e-06
p = 1.8414545454545453e-05