slit_dec_x_a = -0.181778666534
slit_dec_y_a = -0.18243150017
slit_dec_x_b = 0.14512077562974193
slit_dec_y_b = -0.05510809031835813
slit_defocus = -0.013717404396260482
slit_tilt_x = 1.05410576862317
slit_tilt_y = -8.559969257560464
slit_tilt_z = -9.026853156984163
d_slit_col = 1594.2902895023892
coll_tilt_x = 0.12147826862512755
coll_tilt_y = -0.026442777668920416
ech_G = 31.614561497508454
ech_blaze = -74.99488261148852
ech_gamma = 1.1556375042888833
echelle_z = 0.05700519001674414
d_col_trf = -1588.0163577113115
trf_mirror_tilt_x = 0.007292850336189106
trf_mirror_tilt_y = 0.15542041626380534
d_col_grm = 0.03565036807040957
grism_dec_x = 236.38321837249975
grism_dec_y = 0.009253042969261136
grm_tilt_x = -0.02350891628417672
grm_tilt_y = 2.3257859328695965
grm_G = 222.784067407911
grm_apex = 17.766478095753037
d_grm_cam  = 21.604702533886016
cam_dec_x = -0.271114223549312
cam_dec_y = 0.29087968223357724
cam_tilt_x = 0.012457734531686042
cam_tilt_y = 0.00884582877592187
d_cam_ff  = -160.07717921913385
ccd_ff_dec_x = -0.0238053382317065
ccd_ff_dec_y = 0.042004446368058446
ccd_ff_tilt_x = 0.0334864810223492
ccd_ff_tilt_y = -0.590977212206563
ccd_ff_tilt_z = 0.17192227556171216
d_ff_ccd  = -4.815944120276281
ccd_dec_x = 0.5533007758373264
ccd_dec_y = 5.107630731847745
ccd_defocus = 0.2857026321933963
ccd_tilt_x = 0.03264145147773308
ccd_tilt_y = -0.0021843801361869134
ccd_tilt_z = 4.6638711838038306e-06
p = 0.0001