slit_dec_x_a = -0.17039570360145256
slit_dec_y_a = -0.19594720860414483
slit_dec_x_b = 0.175
slit_dec_y_b = -1.5422293001909517e-96
slit_defocus = 0.005567727847886118
slit_tilt_x = 1.1861820222908204
slit_tilt_y = -8.540021291283166
slit_tilt_z = -8.990845732959011
d_slit_col = 1594.2944494661758
coll_tilt_x = 0.08881052933275675
coll_tilt_y = -0.03182981407400353
ech_G = 31.610661971323804
ech_blaze = -74.97683296026375
ech_gamma = 1.1404053857528484
echelle_z = 0.07487024343627713
d_col_trf = -1588.0185292548992
trf_mirror_tilt_x = 0.13868128687195877
trf_mirror_tilt_y = 0.07754677617464444
d_col_grm = -0.00953362863528177
grism_dec_x = 236.43432486512182
grism_dec_y = 0.034180983372060963
grm_tilt_x = -0.01573686023499888
grm_tilt_y = 2.3043632578098787
grm_G = 222.82518204922965
grm_apex = 17.81514891166236
d_grm_cam  = 21.608459845563992
cam_dec_x = -0.30212375303859734
cam_dec_y = 0.25032514629112007
cam_tilt_x = -0.018491734019472288
cam_tilt_y = -0.015065487669611877
d_cam_ff  = -160.4009302639617
ccd_ff_dec_x = -0.003519280544782363
ccd_ff_dec_y = 0.0002097744301381889
ccd_ff_tilt_x = 0.14602219050828433
ccd_ff_tilt_y = -0.5720510611197335
ccd_ff_tilt_z = 0.1725881866034617
d_ff_ccd  = -4.8112711624225515
ccd_dec_x = 0.6206881361911941
ccd_dec_y = 5.155327852463152
ccd_defocus = 0.31632486711406893
ccd_tilt_x = 0.007708426274943138
ccd_tilt_y = -0.014090595498490024
ccd_tilt_z = 3.156884500056569e-06
p = 2.0461818181818184e-05