slit_dec_x_a = -0.181778666534
slit_dec_y_a = -0.18243150017
slit_dec_x_b = 0.14512077562974193
slit_dec_y_b = -0.05510809031835813
slit_defocus = -0.002205474554610031
slit_tilt_x = 1.1346829443397235
slit_tilt_y = -8.568231049827915
slit_tilt_z = -9.003676465612303
d_slit_col = 1594.303937030072
coll_tilt_x = 0.08644228365114336
coll_tilt_y = -0.022053679491943753
ech_G = 31.610877584188938
ech_blaze = -74.99554551184464
ech_gamma = 1.1581092738520375
echelle_z = 0.057488405690516
d_col_trf = -1588.0162431994418
trf_mirror_tilt_x = 0.12252776298502277
trf_mirror_tilt_y = 0.01868316602280494
d_col_grm = 0.015061607926505462
grism_dec_x = 236.39748244997372
grism_dec_y = -0.005034909266453197
grm_tilt_x = -0.024728623369438995
grm_tilt_y = 2.3272539366250355
grm_G = 222.78588253629815
grm_apex = 17.809198884724115
d_grm_cam  = 21.604327067361165
cam_dec_x = -0.283586284556134
cam_dec_y = 0.28975043276333373
cam_tilt_x = 0.0043323019823237425
cam_tilt_y = -0.0278092150912626
d_cam_ff  = -160.5697778085023
ccd_ff_dec_x = -0.022696504335761133
ccd_ff_dec_y = -0.047789357481355356
ccd_ff_tilt_x = 0.16502216189560734
ccd_ff_tilt_y = -0.589692805892754
ccd_ff_tilt_z = 0.17169976841079404
d_ff_ccd  = -4.785398419291055
ccd_dec_x = 0.5519890263017446
ccd_dec_y = 5.106074429159791
ccd_defocus = 0.31575199441839336
ccd_tilt_x = 0.02135288786517723
ccd_tilt_y = -0.004213773016788768
ccd_tilt_z = 3.9326271216247273e-07
p = 2.0461818181818184e-05