slit_dec_x_a = -0.181778666534
slit_dec_y_a = -0.18243150017
slit_dec_x_b = 0.14512077562974193
slit_dec_y_b = -0.05510809031835813
slit_defocus = -0.013823107400304896
slit_tilt_x = 1.054080328493395
slit_tilt_y = -8.55999634167992
slit_tilt_z = -9.026848383542353
d_slit_col = 1594.2902118438037
coll_tilt_x = 0.12142614393466339
coll_tilt_y = -0.026547987108082118
ech_G = 31.61456835153365
ech_blaze = -74.99488389790193
ech_gamma = 1.1556450917452268
echelle_z = 0.05700096848514012
d_col_trf = -1588.0163640806031
trf_mirror_tilt_x = 0.0072999041235320816
trf_mirror_tilt_y = 0.15543289229437154
d_col_grm = 0.035701559183586744
grism_dec_x = 236.3831661597085
grism_dec_y = 0.009248322119745777
grm_tilt_x = -0.02350778148062062
grm_tilt_y = 2.3257885152032554
grm_G = 222.7840658861307
grm_apex = 17.766540592950157
d_grm_cam  = 21.604698280336265
cam_dec_x = -0.2710716150227904
cam_dec_y = 0.2908707659297982
cam_tilt_x = 0.01245161285385933
cam_tilt_y = 0.008797841016744311
d_cam_ff  = -160.0771118859406
ccd_ff_dec_x = -0.023799881149429346
ccd_ff_dec_y = 0.042081032189688845
ccd_ff_tilt_x = 0.03349980777849413
ccd_ff_tilt_y = -0.5909766285352576
ccd_ff_tilt_z = 0.17191772585255993
d_ff_ccd  = -4.8160378597214395
ccd_dec_x = 0.5532973997101325
ccd_dec_y = 5.107631209873347
ccd_defocus = 0.2857574838766514
ccd_tilt_x = 0.03262711924509285
ccd_tilt_y = -0.0021369266170255716
ccd_tilt_z = 4.695219708413781e-06
p = 0.0001