slit_dec_x_a = -0.1704018683533949
slit_dec_y_a = -0.19580545878716818
slit_dec_x_b = 0.175
slit_dec_y_b = -2.6249511326418308e-96
slit_defocus = 0.00551550588698443
slit_tilt_x = 1.1861280082868273
slit_tilt_y = -8.540102913858641
slit_tilt_z = -8.990820278947835
d_slit_col = 1594.2944427693158
coll_tilt_x = 0.08855307828861568
coll_tilt_y = -0.031751915808403336
ech_G = 31.610669709435943
ech_blaze = -74.9770914996258
ech_gamma = 1.1404535512754084
echelle_z = 0.07543161490673991
d_col_trf = -1588.0186073062741
trf_mirror_tilt_x = 0.13865822197127609
trf_mirror_tilt_y = 0.0775338707306148
d_col_grm = -0.009540659077872308
grism_dec_x = 236.43432187495975
grism_dec_y = 0.0342319393859776
grm_tilt_x = -0.01582669856831705
grm_tilt_y = 2.304355200744616
grm_G = 222.82518394645265
grm_apex = 17.815124844035186
d_grm_cam  = 21.608487864963507
cam_dec_x = -0.30208919727451417
cam_dec_y = 0.2503367413569952
cam_tilt_x = -0.018289124372306162
cam_tilt_y = -0.01502376845866433
d_cam_ff  = -160.40096664422964
ccd_ff_dec_x = -0.0035352512496745567
ccd_ff_dec_y = 0.00018528191380529202
ccd_ff_tilt_x = 0.1460130233297337
ccd_ff_tilt_y = -0.5720122882005968
ccd_ff_tilt_z = 0.17256783787780278
d_ff_ccd  = -4.811213327118681
ccd_dec_x = 0.62063582150227
ccd_dec_y = 5.155285653117847
ccd_defocus = 0.31631011926998853
ccd_tilt_x = 0.007791461172810481
ccd_tilt_y = -0.014015147169443685
ccd_tilt_z = 3.228422311873928e-06
p = 1.006475e-05