slit_dec_x_a = -0.181778666534
slit_dec_y_a = -0.18243150017
slit_dec_x_b = 0.14512077562974193
slit_dec_y_b = -0.05510809031835813
slit_defocus = -0.002208710143920422
slit_tilt_x = 1.134688554324723
slit_tilt_y = -8.568378754855551
slit_tilt_z = -9.003576522899234
d_slit_col = 1594.3039968152107
coll_tilt_x = 0.08647365691462162
coll_tilt_y = -0.022060939240359515
ech_G = 31.61092447187691
ech_blaze = -74.99572033616722
ech_gamma = 1.1581288849324325
echelle_z = 0.056782526624407685
d_col_trf = -1588.0163167049518
trf_mirror_tilt_x = 0.12249490708007044
trf_mirror_tilt_y = 0.0187094257904111
d_col_grm = 0.014961000722015167
grism_dec_x = 236.39746527160946
grism_dec_y = -0.005060574208115096
grm_tilt_x = -0.024670722579244176
grm_tilt_y = 2.327348968294229
grm_G = 222.78578924891343
grm_apex = 17.809074038967474
d_grm_cam  = 21.60484695083154
cam_dec_x = -0.2836265219354034
cam_dec_y = 0.28975358377770727
cam_tilt_x = 0.004333020575533166
cam_tilt_y = -0.027787203652930845
d_cam_ff  = -160.56950907536276
ccd_ff_dec_x = -0.022845942128974915
ccd_ff_dec_y = -0.047766947772909726
ccd_ff_tilt_x = 0.165032213122742
ccd_ff_tilt_y = -0.5893812818894163
ccd_ff_tilt_z = 0.17180154393741381
d_ff_ccd  = -4.785387360633311
ccd_dec_x = 0.551808132613235
ccd_dec_y = 5.106440439187226
ccd_defocus = 0.3158491405419735
ccd_tilt_x = 0.021369802912749203
ccd_tilt_y = -0.004210093961226546
ccd_tilt_z = 2.5366522386758605e-07
p = 1.006475e-05