slit_dec_x_a = -0.17041600460064452
slit_dec_y_a = -0.19607757969628825
slit_dec_x_b = 0.175
slit_dec_y_b = -1.505819135106507e-96
slit_defocus = 0.005575277760270997
slit_tilt_x = 1.186138135618184
slit_tilt_y = -8.540052635490465
slit_tilt_z = -8.990858369928988
d_slit_col = 1594.2944821456672
coll_tilt_x = 0.08871520614518444
coll_tilt_y = -0.03185997406686429
ech_G = 31.610657423732253
ech_blaze = -74.97683877379042
ech_gamma = 1.140377571642315
echelle_z = 0.07480406495004523
d_col_trf = -1588.0185431734717
trf_mirror_tilt_x = 0.13866986673870063
trf_mirror_tilt_y = 0.07752339907658867
d_col_grm = -0.009544187054464526
grism_dec_x = 236.43431185698753
grism_dec_y = 0.03416226747317021
grm_tilt_x = -0.01586931966959884
grm_tilt_y = 2.3043792106333503
grm_G = 222.82517191590233
grm_apex = 17.815125063898012
d_grm_cam  = 21.60848243623332
cam_dec_x = -0.3021187012905068
cam_dec_y = 0.25031593786005846
cam_tilt_x = -0.018457079916122714
cam_tilt_y = -0.015086063775070444
d_cam_ff  = -160.4009731655413
ccd_ff_dec_x = -0.0035310540479342608
ccd_ff_dec_y = 0.0002569532729078807
ccd_ff_tilt_x = 0.14605184714358194
ccd_ff_tilt_y = -0.5720656483851803
ccd_ff_tilt_z = 0.1725724795825258
d_ff_ccd  = -4.811306924167777
ccd_dec_x = 0.6206692190891802
ccd_dec_y = 5.155296760197511
ccd_defocus = 0.3162808446072633
ccd_tilt_x = 0.007727305802120275
ccd_tilt_y = -0.014136175237738831
ccd_tilt_z = 3.122614060454161e-06
p = 9.373000000000002e-06