slit_dec_x_a = -0.181778666534
slit_dec_y_a = -0.18243150017
slit_dec_x_b = 0.14512077562974193
slit_dec_y_b = -0.05510809031835813
slit_defocus = -0.0022198864006316905
slit_tilt_x = 1.1346576503976387
slit_tilt_y = -8.568240532971444
slit_tilt_z = -9.003627909051106
d_slit_col = 1594.3039509868663
coll_tilt_x = 0.08648605815423582
coll_tilt_y = -0.021991176980708384
ech_G = 31.610896881926244
ech_blaze = -74.99552807263285
ech_gamma = 1.158168114347998
echelle_z = 0.057589631788927564
d_col_trf = -1588.0161920776068
trf_mirror_tilt_x = 0.1225500614403533
trf_mirror_tilt_y = 0.018641166846566574
d_col_grm = 0.015092154667059736
grism_dec_x = 236.39742767420012
grism_dec_y = -0.005025817494719904
grm_tilt_x = -0.0249039889442735
grm_tilt_y = 2.3272707395242347
grm_G = 222.78563281457843
grm_apex = 17.809223789075368
d_grm_cam  = 21.604531900595394
cam_dec_x = -0.28355329883432595
cam_dec_y = 0.28971874107467305
cam_tilt_x = 0.004316095056219745
cam_tilt_y = -0.027809250048834916
d_cam_ff  = -160.56991613597057
ccd_ff_dec_x = -0.02274338738027957
ccd_ff_dec_y = -0.04779933352572491
ccd_ff_tilt_x = 0.16502862102168267
ccd_ff_tilt_y = -0.5896254094348954
ccd_ff_tilt_z = 0.1717357380738371
d_ff_ccd  = -4.785407103204038
ccd_dec_x = 0.5517493744732626
ccd_dec_y = 5.10612743289973
ccd_defocus = 0.3157379178526271
ccd_tilt_x = 0.02134236384942976
ccd_tilt_y = -0.004204848553106801
ccd_tilt_z = 3.7911239228966743e-07
p = 9.373000000000002e-06