slit_dec_x_a = -0.1704639579324898
slit_dec_y_a = -0.19606487641061449
slit_dec_x_b = 0.175
slit_dec_y_b = -1.8420507549495956e-96
slit_defocus = 0.005559702034671229
slit_tilt_x = 1.1861516270838368
slit_tilt_y = -8.540013214002128
slit_tilt_z = -8.9908492107834
d_slit_col = 1594.2944231339363
coll_tilt_x = 0.08878418915844573
coll_tilt_y = -0.03175920234905678
ech_G = 31.61069846899587
ech_blaze = -74.97714451350087
ech_gamma = 1.140521964104098
echelle_z = 0.07495880071172793
d_col_trf = -1588.01855442376
trf_mirror_tilt_x = 0.1387119148316385
trf_mirror_tilt_y = 0.07758326670398977
d_col_grm = -0.009527110067927901
grism_dec_x = 236.43429757655508
grism_dec_y = 0.034249013421571016
grm_tilt_x = -0.015755895211050315
grm_tilt_y = 2.3043769388474926
grm_G = 222.82517773842883
grm_apex = 17.8151136315278
d_grm_cam  = 21.60848839482126
cam_dec_x = -0.3021099055523257
cam_dec_y = 0.25038207585144623
cam_tilt_x = -0.018272777834401965
cam_tilt_y = -0.015033619044166925
d_cam_ff  = -160.4009399455568
ccd_ff_dec_x = -0.0035346668285316817
ccd_ff_dec_y = 0.0001410056978036525
ccd_ff_tilt_x = 0.14599669414579824
ccd_ff_tilt_y = -0.5720817639404783
ccd_ff_tilt_z = 0.17254262701407186
d_ff_ccd  = -4.811233196145629
ccd_dec_x = 0.6206574630050153
ccd_dec_y = 5.155255121531894
ccd_defocus = 0.3163257114128794
ccd_tilt_x = 0.007754659853158665
ccd_tilt_y = -0.014000804810206017
ccd_tilt_z = 3.2155573057303027e-06
p = 2.4094166666666665e-06