slit_dec_x_a = -0.181778666534
slit_dec_y_a = -0.18243150017
slit_dec_x_b = 0.14512077562974193
slit_dec_y_b = -0.05510809031835813
slit_defocus = -0.0021901435780407245
slit_tilt_x = 1.134698667861463
slit_tilt_y = -8.568291763749917
slit_tilt_z = -9.003635074720508
d_slit_col = 1594.303915266664
coll_tilt_x = 0.08643215439618811
coll_tilt_y = -0.022046472392898097
ech_G = 31.610905610162046
ech_blaze = -74.99562106684738
ech_gamma = 1.1581617236294492
echelle_z = 0.05713938326887659
d_col_trf = -1588.0162457658046
trf_mirror_tilt_x = 0.12249918226818314
trf_mirror_tilt_y = 0.01869636912514029
d_col_grm = 0.01498418858290644
grism_dec_x = 236.39749132370508
grism_dec_y = -0.005057450473157701
grm_tilt_x = -0.024841977615623644
grm_tilt_y = 2.3273897013777214
grm_G = 222.78573784337604
grm_apex = 17.80917946430436
d_grm_cam  = 21.604622600272595
cam_dec_x = -0.28363889199021675
cam_dec_y = 0.2897085187586959
cam_tilt_x = 0.0043535295471426125
cam_tilt_y = -0.02779261089896891
d_cam_ff  = -160.56960801415
ccd_ff_dec_x = -0.02309469672314938
ccd_ff_dec_y = -0.047780362645864105
ccd_ff_tilt_x = 0.16503155215219423
ccd_ff_tilt_y = -0.5896233583755075
ccd_ff_tilt_z = 0.17188670732901462
d_ff_ccd  = -4.785365943173311
ccd_dec_x = 0.5519146792110914
ccd_dec_y = 5.1065967286201115
ccd_defocus = 0.31582536577739284
ccd_tilt_x = 0.021425793792210508
ccd_tilt_y = -0.004209373637457271
ccd_tilt_z = 2.7095632221073315e-07
p = 2.4094166666666665e-06