slit_dec_x_a = -0.17037617890779183
slit_dec_y_a = -0.19576440501567358
slit_dec_x_b = 0.175
slit_dec_y_b = -2.4860288326144233e-96
slit_defocus = 0.0055385964619560565
slit_tilt_x = 1.186124949767042
slit_tilt_y = -8.540123266114692
slit_tilt_z = -8.990822158058407
d_slit_col = 1594.2944740457851
coll_tilt_x = 0.08857245718565067
coll_tilt_y = -0.031771708393650545
ech_G = 31.610684382173623
ech_blaze = -74.97720022199181
ech_gamma = 1.1405125685148874
echelle_z = 0.07542888728094074
d_col_trf = -1588.018611560764
trf_mirror_tilt_x = 0.13866611621101643
trf_mirror_tilt_y = 0.07755248089691692
d_col_grm = -0.00954077366691743
grism_dec_x = 236.4343608056503
grism_dec_y = 0.03424857984229151
grm_tilt_x = -0.015786784448919587
grm_tilt_y = 2.3043640621881787
grm_G = 222.825202427449
grm_apex = 17.815124263593688
d_grm_cam  = 21.60846967169729
cam_dec_x = -0.3021321849649285
cam_dec_y = 0.25032622315328457
cam_tilt_x = -0.018384350151626084
cam_tilt_y = -0.015027099124338953
d_cam_ff  = -160.40098968301697
ccd_ff_dec_x = -0.0035430454425164582
ccd_ff_dec_y = 0.0001606895300417685
ccd_ff_tilt_x = 0.14601439646471795
ccd_ff_tilt_y = -0.5720295390850031
ccd_ff_tilt_z = 0.1725188747165826
d_ff_ccd  = -4.811235912925018
ccd_dec_x = 0.6206454973330267
ccd_dec_y = 5.155273772147872
ccd_defocus = 0.31633976444750894
ccd_tilt_x = 0.0078036336762823625
ccd_tilt_y = -0.014009517953463111
ccd_tilt_z = 3.3669159376066293e-06
p = 2.8116363636363638e-06