slit_dec_x_a = -0.181778666534
slit_dec_y_a = -0.18243150017
slit_dec_x_b = 0.14512077562974193
slit_dec_y_b = -0.05510809031835813
slit_defocus = -0.0022305401893416687
slit_tilt_x = 1.1347052782051972
slit_tilt_y = -8.568367984361922
slit_tilt_z = -9.003596443887869
d_slit_col = 1594.3039498862317
coll_tilt_x = 0.08649548983606517
coll_tilt_y = -0.022034661591909487
ech_G = 31.61093690146425
ech_blaze = -74.99580500106806
ech_gamma = 1.158245448560646
echelle_z = 0.056534164958739565
d_col_trf = -1588.016339885275
trf_mirror_tilt_x = 0.12245511347740608
trf_mirror_tilt_y = 0.01870430116042583
d_col_grm = 0.014948804394221162
grism_dec_x = 236.3974942060527
grism_dec_y = -0.005066682723400635
grm_tilt_x = -0.024751726515712245
grm_tilt_y = 2.3273443295044056
grm_G = 222.7859319321972
grm_apex = 17.809058998335757
d_grm_cam  = 21.604851499879928
cam_dec_x = -0.283627976566156
cam_dec_y = 0.28975675023789393
cam_tilt_x = 0.004355564040763357
cam_tilt_y = -0.027772881030579493
d_cam_ff  = -160.5696757744739
ccd_ff_dec_x = -0.0227429517724351
ccd_ff_dec_y = -0.04778250250929549
ccd_ff_tilt_x = 0.16502610777501212
ccd_ff_tilt_y = -0.5893607133006658
ccd_ff_tilt_z = 0.17186262401838875
d_ff_ccd  = -4.785438157869442
ccd_dec_x = 0.5518375704152884
ccd_dec_y = 5.1063071420525565
ccd_defocus = 0.3158614405063079
ccd_tilt_x = 0.021371835963314125
ccd_tilt_y = -0.0041892282134297085
ccd_tilt_z = 2.1992224340034238e-07
p = 2.8116363636363638e-06