slit_dec_x_a = -0.181778666534
slit_dec_y_a = -0.18243150017
slit_dec_x_b = 0.14512077562974193
slit_dec_y_b = -0.05510809031835813
slit_defocus = -0.013792749472343461
slit_tilt_x = 1.0540298613442802
slit_tilt_y = -8.559986227330718
slit_tilt_z = -9.026902307678208
d_slit_col = 1594.2902957638953
coll_tilt_x = 0.12139944094792264
coll_tilt_y = -0.026486787766449582
ech_G = 31.61456577881064
ech_blaze = -74.99488684433624
ech_gamma = 1.1556405584075475
echelle_z = 0.057006830618082815
d_col_trf = -1588.0163572059987
trf_mirror_tilt_x = 0.00735563868117667
trf_mirror_tilt_y = 0.15547673743914855
d_col_grm = 0.035680741598210844
grism_dec_x = 236.38323470959713
grism_dec_y = 0.009249508249839996
grm_tilt_x = -0.023504714964157323
grm_tilt_y = 2.3257900141393977
grm_G = 222.78406872529598
grm_apex = 17.766495348026364
d_grm_cam  = 21.604700161193378
cam_dec_x = -0.2711401510195367
cam_dec_y = 0.2909438807641547
cam_tilt_x = 0.012347535871982701
cam_tilt_y = 0.008856844220229688
d_cam_ff  = -160.0771038595524
ccd_ff_dec_x = -0.02380662287643967
ccd_ff_dec_y = 0.04206815284534286
ccd_ff_tilt_x = 0.033468546916037005
ccd_ff_tilt_y = -0.5909801609752121
ccd_ff_tilt_z = 0.17192113180465446
d_ff_ccd  = -4.816011232142849
ccd_dec_x = 0.5532932476642014
ccd_dec_y = 5.1076266920908955
ccd_defocus = 0.2857000932561784
ccd_tilt_x = 0.03252796072194877
ccd_tilt_y = -0.0021729741550900396
ccd_tilt_z = 4.649366117068122e-06
p = 0.0001