slit_dec_x_a = -0.181778666534
slit_dec_y_a = -0.18243150017
slit_dec_x_b = 0.14512077562974193
slit_dec_y_b = -0.05510809031835813
slit_defocus = -0.0022081495633218605
slit_tilt_x = 1.134691672251351
slit_tilt_y = -8.568372691655927
slit_tilt_z = -9.003573570164535
d_slit_col = 1594.3039920002182
coll_tilt_x = 0.08648438517973366
coll_tilt_y = -0.022054261822569768
ech_G = 31.610923258472763
ech_blaze = -74.995750543019
ech_gamma = 1.1581125082872508
echelle_z = 0.056745357869054096
d_col_trf = -1588.0163458528825
trf_mirror_tilt_x = 0.12249956950715224
trf_mirror_tilt_y = 0.018724891517688143
d_col_grm = 0.014942178456744153
grism_dec_x = 236.3974698453441
grism_dec_y = -0.005061239940989748
grm_tilt_x = -0.024665173874401283
grm_tilt_y = 2.327358999803754
grm_G = 222.7859084264302
grm_apex = 17.809073884224187
d_grm_cam  = 21.604853293647885
cam_dec_x = -0.2836325615819821
cam_dec_y = 0.2897534995555659
cam_tilt_x = 0.004326435835641034
cam_tilt_y = -0.02778066583141519
d_cam_ff  = -160.56952697867868
ccd_ff_dec_x = -0.022865236127613636
ccd_ff_dec_y = -0.04778000975068492
ccd_ff_tilt_x = 0.16503935271124245
ccd_ff_tilt_y = -0.5893770358277512
ccd_ff_tilt_z = 0.17176336610817158
d_ff_ccd  = -4.7854019471032485
ccd_dec_x = 0.5518352390835951
ccd_dec_y = 5.106351278785717
ccd_defocus = 0.3158566572448389
ccd_tilt_x = 0.021367851244864407
ccd_tilt_y = -0.004191473275169005
ccd_tilt_z = 2.962781630551247e-07
p = 1.7352727272727274e-06