slit_dec_x_a = -0.17039619764001776
slit_dec_y_a = -0.19584168515500808
slit_dec_x_b = 0.175
slit_dec_y_b = -2.5951379419267425e-96
slit_defocus = 0.005519099728747624
slit_tilt_x = 1.1861225482114566
slit_tilt_y = -8.54008893513044
slit_tilt_z = -8.990820840648164
d_slit_col = 1594.2944375771604
coll_tilt_x = 0.08854533784045668
coll_tilt_y = -0.03170984246214099
ech_G = 31.61067347580065
ech_blaze = -74.97708235494628
ech_gamma = 1.1404728081887037
echelle_z = 0.0754229311963226
d_col_trf = -1588.0185921686807
trf_mirror_tilt_x = 0.13865104640240777
trf_mirror_tilt_y = 0.07754063560060213
d_col_grm = -0.009539871627286976
grism_dec_x = 236.43430937065443
grism_dec_y = 0.034235092512443145
grm_tilt_x = -0.015935700831070102
grm_tilt_y = 2.304370488952903
grm_G = 222.82518923332645
grm_apex = 17.815128533996766
d_grm_cam  = 21.608479036996517
cam_dec_x = -0.3021026829666406
cam_dec_y = 0.2503373568559081
cam_tilt_x = -0.01835217830729461
cam_tilt_y = -0.015013067448353271
d_cam_ff  = -160.40097056678007
ccd_ff_dec_x = -0.0035383023902013804
ccd_ff_dec_y = 0.0001657302638411271
ccd_ff_tilt_x = 0.1460130675625847
ccd_ff_tilt_y = -0.5720134666311626
ccd_ff_tilt_z = 0.1725483233264753
d_ff_ccd  = -4.811200054324643
ccd_dec_x = 0.6206377849379092
ccd_dec_y = 5.1552980045466406
ccd_defocus = 0.31632836739736925
ccd_tilt_x = 0.007800582165891145
ccd_tilt_y = -0.014014108775425738
ccd_tilt_z = 3.3030509306167135e-06
p = 1.7352727272727274e-06