slit_dec_x_a = -0.181778666534
slit_dec_y_a = -0.18243150017
slit_dec_x_b = 0.14512077562974193
slit_dec_y_b = -0.05510809031835813
slit_defocus = -0.002183708911213701
slit_tilt_x = 1.1346580695592612
slit_tilt_y = -8.568238292172536
slit_tilt_z = -9.003637756750747
d_slit_col = 1594.3039526312002
coll_tilt_x = 0.08645141439214579
coll_tilt_y = -0.021992253723612843
ech_G = 31.610931803248697
ech_blaze = -74.99568575040604
ech_gamma = 1.1579852949775105
echelle_z = 0.05759708070066756
d_col_trf = -1588.0161195998646
trf_mirror_tilt_x = 0.1225126590698128
trf_mirror_tilt_y = 0.018635211649317536
d_col_grm = 0.015113387970362248
grism_dec_x = 236.39742522654262
grism_dec_y = -0.005009548974265189
grm_tilt_x = -0.02510012605044426
grm_tilt_y = 2.326908663476703
grm_G = 222.78583611507239
grm_apex = 17.80919256305841
d_grm_cam  = 21.604621542525976
cam_dec_x = -0.28359587335339415
cam_dec_y = 0.2896604373508321
cam_tilt_x = 0.004259634040714481
cam_tilt_y = -0.027773681877679254
d_cam_ff  = -160.56961787652426
ccd_ff_dec_x = -0.02280808497364533
ccd_ff_dec_y = -0.047748017460463615
ccd_ff_tilt_x = 0.16504619273045504
ccd_ff_tilt_y = -0.5895233456426717
ccd_ff_tilt_z = 0.17165237225633745
d_ff_ccd  = -4.785456990081563
ccd_dec_x = 0.5519962471042571
ccd_dec_y = 5.106118906506464
ccd_defocus = 0.3157933423551405
ccd_tilt_x = 0.021303137399008354
ccd_tilt_y = -0.004209773940772727
ccd_tilt_z = 3.493619281583728e-07
p = 1.9392500000000005e-06