slit_dec_x_a = -0.17038781455788454
slit_dec_y_a = -0.19570355112089208
slit_dec_x_b = 0.175
slit_dec_y_b = -1.7180845633846243e-96
slit_defocus = 0.005563513608319479
slit_tilt_x = 1.1860912743126806
slit_tilt_y = -8.540007768126548
slit_tilt_z = -8.990846318561463
d_slit_col = 1594.2945105296496
coll_tilt_x = 0.08877167780460819
coll_tilt_y = -0.03197054709998515
ech_G = 31.61067997789462
ech_blaze = -74.9769053607339
ech_gamma = 1.1402381236111703
echelle_z = 0.07465010391321024
d_col_trf = -1588.0185225963762
trf_mirror_tilt_x = 0.13871543309210846
trf_mirror_tilt_y = 0.07750633046741148
d_col_grm = -0.009517343715510475
grism_dec_x = 236.43434780796966
grism_dec_y = 0.03416978604947748
grm_tilt_x = -0.01583527334878267
grm_tilt_y = 2.304369158839212
grm_G = 222.82517530195557
grm_apex = 17.815108831930523
d_grm_cam  = 21.60847368491304
cam_dec_x = -0.30210481625318475
cam_dec_y = 0.25030837786306376
cam_tilt_x = -0.018640597486634217
cam_tilt_y = -0.0151088205950384
d_cam_ff  = -160.40094111392682
ccd_ff_dec_x = -0.0034884030739505633
ccd_ff_dec_y = 0.00026551249563216305
ccd_ff_tilt_x = 0.14604235286004325
ccd_ff_tilt_y = -0.5720955702321351
ccd_ff_tilt_z = 0.17258051113013323
d_ff_ccd  = -4.811317175832492
ccd_dec_x = 0.6206597807561464
ccd_dec_y = 5.155278800210964
ccd_defocus = 0.31626860215464864
ccd_tilt_x = 0.007761122363549445
ccd_tilt_y = -0.014115984687173434
ccd_tilt_z = 3.0853437911899637e-06
p = 1.9392500000000005e-06