slit_dec_x_a = -0.181778666534
slit_dec_y_a = -0.18243150017
slit_dec_x_b = 0.14512077562974193
slit_dec_y_b = -0.05510809031835813
slit_defocus = -0.013782247001172598
slit_tilt_x = 1.0540951816201805
slit_tilt_y = -8.55997847194618
slit_tilt_z = -9.02681329504862
d_slit_col = 1594.2902749231519
coll_tilt_x = 0.12148007150702839
coll_tilt_y = -0.026518174722881403
ech_G = 31.61455985181223
ech_blaze = -74.99488147417347
ech_gamma = 1.1556451540724166
echelle_z = 0.057005037314492746
d_col_trf = -1588.016369470458
trf_mirror_tilt_x = 0.007316624071213273
trf_mirror_tilt_y = 0.155428929000417
d_col_grm = 0.03565257444205921
grism_dec_x = 236.38319904833202
grism_dec_y = 0.009286543613013513
grm_tilt_x = -0.023505499481115005
grm_tilt_y = 2.325782033962391
grm_G = 222.78407199252092
grm_apex = 17.766449222421528
d_grm_cam  = 21.60470263210057
cam_dec_x = -0.2711696091929019
cam_dec_y = 0.29081084077792124
cam_tilt_x = 0.012441217973100112
cam_tilt_y = 0.008791698305954693
d_cam_ff  = -160.07697767746683
ccd_ff_dec_x = -0.023808616807762903
ccd_ff_dec_y = 0.04209835076378349
ccd_ff_tilt_x = 0.03350570532902348
ccd_ff_tilt_y = -0.5909737643126515
ccd_ff_tilt_z = 0.1719153347358766
d_ff_ccd  = -4.816006533726732
ccd_dec_x = 0.5532956169077154
ccd_dec_y = 5.107629640774955
ccd_defocus = 0.28579951417548694
ccd_tilt_x = 0.03259933852705284
ccd_tilt_y = -0.0021394284325949287
ccd_tilt_z = 4.649274746444056e-06
p = 0.0001