slit_dec_x_a = -0.17040531140824638
slit_dec_y_a = -0.19578090518139804
slit_dec_x_b = 0.175
slit_dec_y_b = -1.730085410243948e-96
slit_defocus = 0.005585592613221144
slit_tilt_x = 1.1861180879361048
slit_tilt_y = -8.539999358354175
slit_tilt_z = -8.990842404396503
d_slit_col = 1594.2944814497282
coll_tilt_x = 0.08873836312619422
coll_tilt_y = -0.03200319549221196
ech_G = 31.61065918510221
ech_blaze = -74.97686488804084
ech_gamma = 1.1402430411639146
echelle_z = 0.07478984363686235
d_col_trf = -1588.0185114770302
trf_mirror_tilt_x = 0.13870529142963095
trf_mirror_tilt_y = 0.0775290450031398
d_col_grm = -0.009508200790930062
grism_dec_x = 236.43435555257122
grism_dec_y = 0.034162734709145534
grm_tilt_x = -0.01580066513793269
grm_tilt_y = 2.3043814242859266
grm_G = 222.8251856497839
grm_apex = 17.815095687517573
d_grm_cam  = 21.608501386340638
cam_dec_x = -0.30210143032769
cam_dec_y = 0.2503398481988656
cam_tilt_x = -0.018531897514038873
cam_tilt_y = -0.015103608612154311
d_cam_ff  = -160.40095845403906
ccd_ff_dec_x = -0.003509069876478381
ccd_ff_dec_y = 0.00025750203055063803
ccd_ff_tilt_x = 0.14603580168867994
ccd_ff_tilt_y = -0.572080451200125
ccd_ff_tilt_z = 0.17259312530355547
d_ff_ccd  = -4.811320106693963
ccd_dec_x = 0.6206827907611435
ccd_dec_y = 5.155276873822141
ccd_defocus = 0.31626889870341474
ccd_tilt_x = 0.007749950911400864
ccd_tilt_y = -0.014108394696501585
ccd_tilt_z = 3.1282356800735278e-06
p = 4.6019090909090905e-06