slit_dec_x_a = -0.1704010755187174
slit_dec_y_a = -0.1956586180351446
slit_dec_x_b = 0.175
slit_dec_y_b = -1.8111438211292128e-96
slit_defocus = 0.021386883705888784
slit_tilt_x = 1.1139476803174784
slit_tilt_y = -8.538471116034763
slit_tilt_z = -8.991649672453672
d_slit_col = 1594.3100266174467
coll_tilt_x = 0.11312233528289552
coll_tilt_y = -0.028845345375556344
ech_G = 31.61322788671332
ech_blaze = -74.9748355178982
ech_gamma = 1.1389747393856675
echelle_z = 0.07477243309237291
d_col_trf = -1588.0172310214014
trf_mirror_tilt_x = 0.02629964197835629
trf_mirror_tilt_y = 0.16227245698046358
d_col_grm = -0.0048207268396078945
grism_dec_x = 236.42333885058733
grism_dec_y = 0.038175070806732526
grm_tilt_x = -0.014055029812567841
grm_tilt_y = 2.30527832488646
grm_G = 222.82400467712108
grm_apex = 17.79101154610522
d_grm_cam  = 21.609822689004265
cam_dec_x = -0.30958647285547697
cam_dec_y = 0.2472982338552423
cam_tilt_x = -0.01106466954670927
cam_tilt_y = 0.0037864315862912177
d_cam_ff  = -160.05740849950539
ccd_ff_dec_x = -0.002595614308445334
ccd_ff_dec_y = 0.053052273428712805
ccd_ff_tilt_x = 0.01948875101976239
ccd_ff_tilt_y = -0.5728093370422955
ccd_ff_tilt_z = 0.18005488047435572
d_ff_ccd  = -4.838941995022472
ccd_dec_x = 0.6214100612031553
ccd_dec_y = 5.1571476467066155
ccd_defocus = 0.2807364996012132
ccd_tilt_x = 0.005085894625431004
ccd_tilt_y = -0.010908655934466997
ccd_tilt_z = 5.090758774648343e-06
p = 0.0001