slit_dec_x_a = -0.1704010755187174
slit_dec_y_a = -0.1956586180351446
slit_dec_x_b = 0.175
slit_dec_y_b = -1.8726213108153574e-96
slit_defocus = 0.02131070368734689
slit_tilt_x = 1.1140397257270895
slit_tilt_y = -8.538413729658515
slit_tilt_z = -8.991602282125275
d_slit_col = 1594.3099923269674
coll_tilt_x = 0.11319428912087168
coll_tilt_y = -0.02892509017682559
ech_G = 31.613227683916648
ech_blaze = -74.97482584513124
ech_gamma = 1.1389757663820266
echelle_z = 0.07477486976441826
d_col_trf = -1588.0172299989524
trf_mirror_tilt_x = 0.026250577527406737
trf_mirror_tilt_y = 0.16227387396578918
d_col_grm = -0.0047475471591905
grism_dec_x = 236.42334669702655
grism_dec_y = 0.038224257792080475
grm_tilt_x = -0.014059144110104376
grm_tilt_y = 2.3052778357084467
grm_G = 222.8240029942772
grm_apex = 17.791040323440306
d_grm_cam  = 21.609817328429617
cam_dec_x = -0.30955707620424966
cam_dec_y = 0.24730488157837002
cam_tilt_x = -0.010967178818675634
cam_tilt_y = 0.0038515702249501227
d_cam_ff  = -160.05742834033038
ccd_ff_dec_x = -0.002596200950538333
ccd_ff_dec_y = 0.0530530207489726
ccd_ff_tilt_x = 0.019509796515843038
ccd_ff_tilt_y = -0.5728022922823658
ccd_ff_tilt_z = 0.18005007880962948
d_ff_ccd  = -4.838928852646431
ccd_dec_x = 0.6214045983081835
ccd_dec_y = 5.157151423510188
ccd_defocus = 0.2806698323091549
ccd_tilt_x = 0.0050741227369866
ccd_tilt_y = -0.010890366201560092
ccd_tilt_z = 5.092834731059205e-06
p = 0.0001