slit_dec_x_a = -0.17044731630711016
slit_dec_y_a = -0.1960840287586949
slit_dec_x_b = 0.175
slit_dec_y_b = -2.382536890045324e-96
slit_defocus = 0.005500972922878631
slit_tilt_x = 1.1861258201881861
slit_tilt_y = -8.540076036104066
slit_tilt_z = -8.99087139566573
d_slit_col = 1594.2944446232605
coll_tilt_x = 0.0887930094059562
coll_tilt_y = -0.031728249411555415
ech_G = 31.610684490635208
ech_blaze = -74.97701865646036
ech_gamma = 1.1405612029795518
echelle_z = 0.0752034986619025
d_col_trf = -1588.0185402241743
trf_mirror_tilt_x = 0.13869303496757396
trf_mirror_tilt_y = 0.07756356819938148
d_col_grm = -0.009529635209120502
grism_dec_x = 236.4343233183239
grism_dec_y = 0.03424437925971424
grm_tilt_x = -0.015950492052947247
grm_tilt_y = 2.3043871077257205
grm_G = 222.82519437976748
grm_apex = 17.81511415767225
d_grm_cam  = 21.608502554056166
cam_dec_x = -0.3021157319466577
cam_dec_y = 0.25035373584410886
cam_tilt_x = -0.018071795984820976
cam_tilt_y = -0.014986061144010706
d_cam_ff  = -160.40095799813662
ccd_ff_dec_x = -0.0035589441186089023
ccd_ff_dec_y = 0.00013011413547964857
ccd_ff_tilt_x = 0.14604228650303686
ccd_ff_tilt_y = -0.5720361936241101
ccd_ff_tilt_z = 0.17255395628901754
d_ff_ccd  = -4.811232373197676
ccd_dec_x = 0.6206386907006044
ccd_dec_y = 5.155279243936228
ccd_defocus = 0.3163150816490704
ccd_tilt_x = 0.007817910864826185
ccd_tilt_y = -0.014011987321018392
ccd_tilt_z = 3.25673879429491e-06
p = 1.5520909090909092e-05