slit_dec_x_a = -0.181778666534
slit_dec_y_a = -0.18243150017
slit_dec_x_b = 0.14512077562974193
slit_dec_y_b = -0.05510809031835813
slit_defocus = -0.013821834379265043
slit_tilt_x = 1.0541036954472907
slit_tilt_y = -8.559969994441715
slit_tilt_z = -9.026803993213255
d_slit_col = 1594.2902761489415
coll_tilt_x = 0.12142298692683105
coll_tilt_y = -0.0264768311263414
ech_G = 31.614562872751517
ech_blaze = -74.99489194513365
ech_gamma = 1.1556425647292283
echelle_z = 0.05700614465030665
d_col_trf = -1588.016357433431
trf_mirror_tilt_x = 0.007275140759064127
trf_mirror_tilt_y = 0.1554647179491161
d_col_grm = 0.035714523285937196
grism_dec_x = 236.3832235604879
grism_dec_y = 0.00923640368881644
grm_tilt_x = -0.02350245919958189
grm_tilt_y = 2.3257867092423186
grm_G = 222.78407582093118
grm_apex = 17.766490300983452
d_grm_cam  = 21.60469913677198
cam_dec_x = -0.27114817827590515
cam_dec_y = 0.2908478221613425
cam_tilt_x = 0.012463581338608701
cam_tilt_y = 0.008874840570760573
d_cam_ff  = -160.07728840027923
ccd_ff_dec_x = -0.02380232805394525
ccd_ff_dec_y = 0.04204329964338497
ccd_ff_tilt_x = 0.03347533592598777
ccd_ff_tilt_y = -0.5909942165941642
ccd_ff_tilt_z = 0.17191155399313995
d_ff_ccd  = -4.815961137858678
ccd_dec_x = 0.5532998177458991
ccd_dec_y = 5.1076302559206
ccd_defocus = 0.285799643366666
ccd_tilt_x = 0.03262451673450114
ccd_tilt_y = -0.0021355600209887575
ccd_tilt_z = 4.6371721201187954e-06
p = 0.0001