slit_dec_x_a = -0.17042356062889624
slit_dec_y_a = -0.19601232271066424
slit_dec_x_b = 0.175
slit_dec_y_b = -1.919389208800672e-96
slit_defocus = 0.005571797628233019
slit_tilt_x = 1.1861234145881088
slit_tilt_y = -8.540003185135275
slit_tilt_z = -8.990851179292465
d_slit_col = 1594.2944270698763
coll_tilt_x = 0.08864896643368954
coll_tilt_y = -0.0317975008486261
ech_G = 31.610686051382444
ech_blaze = -74.97709957137202
ech_gamma = 1.140438253998938
echelle_z = 0.0749259652246448
d_col_trf = -1588.01856278283
trf_mirror_tilt_x = 0.13869287351743637
trf_mirror_tilt_y = 0.07760442779979465
d_col_grm = -0.009533271346357928
grism_dec_x = 236.4342811874267
grism_dec_y = 0.03425094252968953
grm_tilt_x = -0.015747826196396142
grm_tilt_y = 2.30437206314627
grm_G = 222.82517746138248
grm_apex = 17.81509693182223
d_grm_cam  = 21.608485540131973
cam_dec_x = -0.30213860179590596
cam_dec_y = 0.25036467240172944
cam_tilt_x = -0.018447173190269228
cam_tilt_y = -0.015016551989379177
d_cam_ff  = -160.4009818572045
ccd_ff_dec_x = -0.0035423476968944696
ccd_ff_dec_y = 0.00016043932692526018
ccd_ff_tilt_x = 0.14600565853884165
ccd_ff_tilt_y = -0.5721183202065597
ccd_ff_tilt_z = 0.17257824019230128
d_ff_ccd  = -4.811249255939927
ccd_dec_x = 0.6206696257529815
ccd_dec_y = 5.155294486233601
ccd_defocus = 0.3163018467288845
ccd_tilt_x = 0.007764961188606738
ccd_tilt_y = -0.014022645470114666
ccd_tilt_z = 3.179204918914016e-06
p = 1.5090909090909093e-05