slit_dec_x_a = -0.1704010755187174
slit_dec_y_a = -0.1956586180351446
slit_dec_x_b = 0.175
slit_dec_y_b = -1.8466302665814413e-96
slit_defocus = 0.02135712127927043
slit_tilt_x = 1.1139794194289734
slit_tilt_y = -8.538409053115192
slit_tilt_z = -8.991643699820877
d_slit_col = 1594.3099693382776
coll_tilt_x = 0.11320137072691147
coll_tilt_y = -0.02891305968856584
ech_G = 31.61323346188724
ech_blaze = -74.97483399047509
ech_gamma = 1.1389704575857622
echelle_z = 0.07477010039518751
d_col_trf = -1588.01722584674
trf_mirror_tilt_x = 0.026337285101177672
trf_mirror_tilt_y = 0.16215347602601402
d_col_grm = -0.0048433526213886744
grism_dec_x = 236.4233120102977
grism_dec_y = 0.03814361806243273
grm_tilt_x = -0.014067296685794548
grm_tilt_y = 2.305278112938648
grm_G = 222.82400664776156
grm_apex = 17.790970716518483
d_grm_cam  = 21.609822870030452
cam_dec_x = -0.3095079937441626
cam_dec_y = 0.24738641664428368
cam_tilt_x = -0.011048649753971188
cam_tilt_y = 0.003768321409633172
d_cam_ff  = -160.0577625225038
ccd_ff_dec_x = -0.002601032305515539
ccd_ff_dec_y = 0.05298969311254006
ccd_ff_tilt_x = 0.01951823315878834
ccd_ff_tilt_y = -0.5728019819783253
ccd_ff_tilt_z = 0.180058441127637
d_ff_ccd  = -4.838985904213981
ccd_dec_x = 0.6214032072455992
ccd_dec_y = 5.157146025467752
ccd_defocus = 0.2807322747276192
ccd_tilt_x = 0.005006429147248192
ccd_tilt_y = -0.010887327255798399
ccd_tilt_z = 5.0568726187319705e-06
p = 0.0001