slit_dec_x_a = -0.181778666534
slit_dec_y_a = -0.18243150017
slit_dec_x_b = 0.14512077562974193
slit_dec_y_b = -0.05510809031835813
slit_defocus = -0.013824094533888876
slit_tilt_x = 1.0540666041580333
slit_tilt_y = -8.559992847818767
slit_tilt_z = -9.026854226805845
d_slit_col = 1594.2902562600766
coll_tilt_x = 0.12145725505939706
coll_tilt_y = -0.026480831025259464
ech_G = 31.614559627510673
ech_blaze = -74.99488637450838
ech_gamma = 1.155637389421359
echelle_z = 0.05700630348003743
d_col_trf = -1588.0163624242962
trf_mirror_tilt_x = 0.007306416296809053
trf_mirror_tilt_y = 0.15542268687038943
d_col_grm = 0.035657360050885635
grism_dec_x = 236.383205683993
grism_dec_y = 0.009168674863728857
grm_tilt_x = -0.023500903511608433
grm_tilt_y = 2.3257885960870173
grm_G = 222.7840697547064
grm_apex = 17.766540083809073
d_grm_cam  = 21.604707179542356
cam_dec_x = -0.271101694999719
cam_dec_y = 0.2908227370922097
cam_tilt_x = 0.012535436069136433
cam_tilt_y = 0.008844516408702673
d_cam_ff  = -160.07683199204877
ccd_ff_dec_x = -0.023806826055949935
ccd_ff_dec_y = 0.04202527844885232
ccd_ff_tilt_x = 0.03347489750201516
ccd_ff_tilt_y = -0.5909833996606987
ccd_ff_tilt_z = 0.17191491012119217
d_ff_ccd  = -4.815976397132918
ccd_dec_x = 0.5532988016485019
ccd_dec_y = 5.107628214137022
ccd_defocus = 0.2857288305782562
ccd_tilt_x = 0.032590768912919135
ccd_tilt_y = -0.0022012155908116156
ccd_tilt_z = 4.6975989437143975e-06
p = 0.0001