slit_dec_x_a = -0.17046249844483966
slit_dec_y_a = -0.1960541989733632
slit_dec_x_b = 0.175
slit_dec_y_b = -2.214583471278353e-96
slit_defocus = 0.005531261029847346
slit_tilt_x = 1.1861243002824138
slit_tilt_y = -8.540051786056498
slit_tilt_z = -8.990859443515383
d_slit_col = 1594.2944507887362
coll_tilt_x = 0.08870573578218531
coll_tilt_y = -0.031750014931365346
ech_G = 31.610678928645527
ech_blaze = -74.97715587690153
ech_gamma = 1.140554496751663
echelle_z = 0.07497124414135618
d_col_trf = -1588.0185564602086
trf_mirror_tilt_x = 0.13871903963532414
trf_mirror_tilt_y = 0.07758333673932506
d_col_grm = -0.009517336182981841
grism_dec_x = 236.4343076207984
grism_dec_y = 0.03422424978683515
grm_tilt_x = -0.015784814779993942
grm_tilt_y = 2.304363492162301
grm_G = 222.82520454790856
grm_apex = 17.815098610382996
d_grm_cam  = 21.60848425742793
cam_dec_x = -0.3021049940883611
cam_dec_y = 0.25038759094674795
cam_tilt_x = -0.01811466607854892
cam_tilt_y = -0.015010976244206614
d_cam_ff  = -160.40095808673922
ccd_ff_dec_x = -0.003542392555248176
ccd_ff_dec_y = 0.00014041596376911507
ccd_ff_tilt_x = 0.1459954392582387
ccd_ff_tilt_y = -0.5720624527238137
ccd_ff_tilt_z = 0.1725713121650403
d_ff_ccd  = -4.811236971925605
ccd_dec_x = 0.6206429221926132
ccd_dec_y = 5.155270041112878
ccd_defocus = 0.3163256908003429
ccd_tilt_x = 0.007759530341574297
ccd_tilt_y = -0.01401109355514134
ccd_tilt_z = 3.2312503463158636e-06
p = 6.302333333333333e-06