slit_dec_x_a = -0.181778666534
slit_dec_y_a = -0.18243150017
slit_dec_x_b = 0.14512077562974193
slit_dec_y_b = -0.05510809031835813
slit_defocus = -0.0021965791813830927
slit_tilt_x = 1.1347015700997847
slit_tilt_y = -8.568303752626658
slit_tilt_z = -9.00360853845962
d_slit_col = 1594.3039079049315
coll_tilt_x = 0.08644879660549412
coll_tilt_y = -0.022040785878047663
ech_G = 31.61090351572355
ech_blaze = -74.99560442082327
ech_gamma = 1.1582332958367596
echelle_z = 0.05702579301166435
d_col_trf = -1588.0162564103357
trf_mirror_tilt_x = 0.12249572121660947
trf_mirror_tilt_y = 0.01868816967632315
d_col_grm = 0.01498743662169312
grism_dec_x = 236.3974890523172
grism_dec_y = -0.005064419746555077
grm_tilt_x = -0.02479860294781116
grm_tilt_y = 2.327459918929966
grm_G = 222.78578226252174
grm_apex = 17.809161875339438
d_grm_cam  = 21.60449629870395
cam_dec_x = -0.2836408287139901
cam_dec_y = 0.2897427095768298
cam_tilt_x = 0.004335811087609375
cam_tilt_y = -0.02781012185310907
d_cam_ff  = -160.56955475581583
ccd_ff_dec_x = -0.02294069126628997
ccd_ff_dec_y = -0.04780598744116715
ccd_ff_tilt_x = 0.1650333569803898
ccd_ff_tilt_y = -0.5895617379241777
ccd_ff_tilt_z = 0.17173439901914161
d_ff_ccd  = -4.785384083437291
ccd_dec_x = 0.551943944797062
ccd_dec_y = 5.106606848178344
ccd_defocus = 0.3158367610895286
ccd_tilt_x = 0.021419580529080936
ccd_tilt_y = -0.004238885077450058
ccd_tilt_z = 2.8260386926950525e-07
p = 6.302333333333333e-06