slit_dec_x_a = -0.1704010755187174
slit_dec_y_a = -0.1956586180351446
slit_dec_x_b = 0.175
slit_dec_y_b = -1.7958549695411427e-96
slit_defocus = 0.021331115077715887
slit_tilt_x = 1.1140044923263686
slit_tilt_y = -8.538403845482987
slit_tilt_z = -8.991663640583374
d_slit_col = 1594.3099361314262
coll_tilt_x = 0.11318183593378804
coll_tilt_y = -0.028891132239505558
ech_G = 31.61322590068301
ech_blaze = -74.97483562443686
ech_gamma = 1.138981318055884
echelle_z = 0.0747705481258098
d_col_trf = -1588.017238247473
trf_mirror_tilt_x = 0.02632603611933751
trf_mirror_tilt_y = 0.1622835178620017
d_col_grm = -0.004834385266319119
grism_dec_x = 236.423312896373
grism_dec_y = 0.03814901890010654
grm_tilt_x = -0.014048870513678173
grm_tilt_y = 2.3052714384678326
grm_G = 222.82400432752655
grm_apex = 17.79100731272089
d_grm_cam  = 21.609824018867382
cam_dec_x = -0.30958347996361
cam_dec_y = 0.2472457331664996
cam_tilt_x = -0.011045758529249317
cam_tilt_y = 0.003804585612853477
d_cam_ff  = -160.05751905923168
ccd_ff_dec_x = -0.002598172160597817
ccd_ff_dec_y = 0.05308125994931456
ccd_ff_tilt_x = 0.01953205188848571
ccd_ff_tilt_y = -0.5728003757320012
ccd_ff_tilt_z = 0.18004794583419725
d_ff_ccd  = -4.838908598880717
ccd_dec_x = 0.6214024839417094
ccd_dec_y = 5.157149526904949
ccd_defocus = 0.28075049399878493
ccd_tilt_x = 0.005053159200007438
ccd_tilt_y = -0.010901354408085446
ccd_tilt_z = 5.042511633614908e-06
p = 0.0001