slit_dec_x_a = -0.17042125132145927
slit_dec_y_a = -0.1960473597297895
slit_dec_x_b = 0.175
slit_dec_y_b = -1.854465566792962e-96
slit_defocus = 0.005564125944462015
slit_tilt_x = 1.1861375039956248
slit_tilt_y = -8.539997477568374
slit_tilt_z = -8.990839932011523
d_slit_col = 1594.2944661874894
coll_tilt_x = 0.0887664395029601
coll_tilt_y = -0.03177499363440977
ech_G = 31.610658529365782
ech_blaze = -74.97678894103689
ech_gamma = 1.1405027722574448
echelle_z = 0.07482287931056927
d_col_trf = -1588.018540768291
trf_mirror_tilt_x = 0.13865811853475585
trf_mirror_tilt_y = 0.0775823573667388
d_col_grm = -0.009546171256281863
grism_dec_x = 236.43432780355056
grism_dec_y = 0.03419105431028098
grm_tilt_x = -0.01567282182737779
grm_tilt_y = 2.3043778508790833
grm_G = 222.82518949897494
grm_apex = 17.815115172285143
d_grm_cam  = 21.60846440876794
cam_dec_x = -0.30214680284463863
cam_dec_y = 0.25035870286755185
cam_tilt_x = -0.01857936839165576
cam_tilt_y = -0.015034309878852938
d_cam_ff  = -160.4009504561625
ccd_ff_dec_x = -0.0034956882513156066
ccd_ff_dec_y = 0.00017901389406892401
ccd_ff_tilt_x = 0.14604223908611658
ccd_ff_tilt_y = -0.5720711942071497
ccd_ff_tilt_z = 0.17258291013617338
d_ff_ccd  = -4.811248801544981
ccd_dec_x = 0.620680709547715
ccd_dec_y = 5.155304707659708
ccd_defocus = 0.316297723847832
ccd_tilt_x = 0.007742849349120087
ccd_tilt_y = -0.01406164581345173
ccd_tilt_z = 3.161987339227582e-06
p = 4.034583333333333e-06