slit_dec_x_a = -0.1704010755187174
slit_dec_y_a = -0.1956586180351446
slit_dec_x_b = 0.175
slit_dec_y_b = -1.7645534333362318e-96
slit_defocus = 0.02138731669750373
slit_tilt_x = 1.114014275408488
slit_tilt_y = -8.538455577972739
slit_tilt_z = -8.991636618972821
d_slit_col = 1594.3100053683388
coll_tilt_x = 0.11320987796314545
coll_tilt_y = -0.028902205635141953
ech_G = 31.61322742497248
ech_blaze = -74.97483514944385
ech_gamma = 1.1389744706352523
echelle_z = 0.07476966000073247
d_col_trf = -1588.017231514496
trf_mirror_tilt_x = 0.026272364737724097
trf_mirror_tilt_y = 0.16219971766380079
d_col_grm = -0.004876666033939676
grism_dec_x = 236.42323641915763
grism_dec_y = 0.03819995294531662
grm_tilt_x = -0.01405544031989467
grm_tilt_y = 2.3052837605190692
grm_G = 222.82399791784152
grm_apex = 17.791076978635893
d_grm_cam  = 21.609815244045183
cam_dec_x = -0.3095533147130653
cam_dec_y = 0.24728145894420983
cam_tilt_x = -0.011056224777537406
cam_tilt_y = 0.0037670189748981128
d_cam_ff  = -160.05749052508472
ccd_ff_dec_x = -0.002602524302250657
ccd_ff_dec_y = 0.05305507164904424
ccd_ff_tilt_x = 0.019585144922472472
ccd_ff_tilt_y = -0.5727994034775596
ccd_ff_tilt_z = 0.180053169454105
d_ff_ccd  = -4.8389869056990324
ccd_dec_x = 0.6213995525677338
ccd_dec_y = 5.157146073650495
ccd_defocus = 0.2808175720638615
ccd_tilt_x = 0.005041979476259956
ccd_tilt_y = -0.010870424522080266
ccd_tilt_z = 5.076694568698439e-06
p = 0.0001