slit_dec_x_a = -0.181778666534
slit_dec_y_a = -0.18243150017
slit_dec_x_b = 0.14512077562974193
slit_dec_y_b = -0.05510809031835813
slit_defocus = -0.0021916223731846475
slit_tilt_x = 1.1346908927652035
slit_tilt_y = -8.568300439639025
slit_tilt_z = -9.003631854496716
d_slit_col = 1594.3039189104622
coll_tilt_x = 0.0864329421349641
coll_tilt_y = -0.022040035397182738
ech_G = 31.61089889277046
ech_blaze = -74.9956290089116
ech_gamma = 1.1581808938341271
echelle_z = 0.05712197872116859
d_col_trf = -1588.0162544466127
trf_mirror_tilt_x = 0.12250228552023674
trf_mirror_tilt_y = 0.01869469096534388
d_col_grm = 0.014990765269133724
grism_dec_x = 236.397491063139
grism_dec_y = -0.005059175505846664
grm_tilt_x = -0.024850433205355963
grm_tilt_y = 2.3274186241920116
grm_G = 222.78574219568497
grm_apex = 17.809170068754014
d_grm_cam  = 21.604590925355303
cam_dec_x = -0.283631681210877
cam_dec_y = 0.2897122587206061
cam_tilt_x = 0.004361242974893102
cam_tilt_y = -0.027801751142565348
d_cam_ff  = -160.56963777137977
ccd_ff_dec_x = -0.023040906878974973
ccd_ff_dec_y = -0.04777751630937096
ccd_ff_tilt_x = 0.1650322575977932
ccd_ff_tilt_y = -0.5896436591078448
ccd_ff_tilt_z = 0.17190513814336686
d_ff_ccd  = -4.785367345614615
ccd_dec_x = 0.5518965451857865
ccd_dec_y = 5.106569388467212
ccd_defocus = 0.31582363678748915
ccd_tilt_x = 0.021427289438674186
ccd_tilt_y = -0.0041988232967236075
ccd_tilt_z = 2.3033761243590767e-07
p = 2.345333333333333e-06