slit_dec_x_a = -0.17045654318664374
slit_dec_y_a = -0.19606361041193926
slit_dec_x_b = 0.175
slit_dec_y_b = -1.8642296703736503e-96
slit_defocus = 0.00556345827101864
slit_tilt_x = 1.1861352646664869
slit_tilt_y = -8.540012970727945
slit_tilt_z = -8.990838647967907
d_slit_col = 1594.2944327436328
coll_tilt_x = 0.08877192761292779
coll_tilt_y = -0.03174136909185487
ech_G = 31.61068229363689
ech_blaze = -74.97706016056047
ech_gamma = 1.1405269223166112
echelle_z = 0.07497693740063352
d_col_trf = -1588.0185607712713
trf_mirror_tilt_x = 0.1387128357068541
trf_mirror_tilt_y = 0.0775894635808742
d_col_grm = -0.009520632797970871
grism_dec_x = 236.43428977108695
grism_dec_y = 0.0342469001421023
grm_tilt_x = -0.015773489455277807
grm_tilt_y = 2.304373199320211
grm_G = 222.82517179004512
grm_apex = 17.815112248174714
d_grm_cam  = 21.608486343986375
cam_dec_x = -0.30211362493560256
cam_dec_y = 0.2503751594029821
cam_tilt_x = -0.01832045101252896
cam_tilt_y = -0.015027707149752453
d_cam_ff  = -160.4009441059643
ccd_ff_dec_x = -0.003534598175983486
ccd_ff_dec_y = 0.00014723275543151703
ccd_ff_tilt_x = 0.1459948001775542
ccd_ff_tilt_y = -0.5720871615085785
ccd_ff_tilt_z = 0.17255157093484508
d_ff_ccd  = -4.811237102382216
ccd_dec_x = 0.6206628177712883
ccd_dec_y = 5.155263121595189
ccd_defocus = 0.31632380169846896
ccd_tilt_x = 0.007752631433864581
ccd_tilt_y = -0.01399956246859889
ccd_tilt_z = 3.2226830153748184e-06
p = 2.345333333333333e-06