slit_dec_x_a = -0.1704010755187174
slit_dec_y_a = -0.1956586180351446
slit_dec_x_b = 0.175
slit_dec_y_b = -1.8704075427861275e-96
slit_defocus = 0.02139948039135284
slit_tilt_x = 1.11397391892053
slit_tilt_y = -8.538410705716347
slit_tilt_z = -8.991659124163174
d_slit_col = 1594.3100127520088
coll_tilt_x = 0.11323272885709071
coll_tilt_y = -0.02888848129564471
ech_G = 31.613236530804485
ech_blaze = -74.97483414106432
ech_gamma = 1.138972413559069
echelle_z = 0.07477000342713935
d_col_trf = -1588.0172338005257
trf_mirror_tilt_x = 0.02633504812524162
trf_mirror_tilt_y = 0.16223511956799472
d_col_grm = -0.004809743582404767
grism_dec_x = 236.4232510300601
grism_dec_y = 0.038170022169590916
grm_tilt_x = -0.014060921637871347
grm_tilt_y = 2.3052757483884054
grm_G = 222.8240053963767
grm_apex = 17.791092675083153
d_grm_cam  = 21.60982129546982
cam_dec_x = -0.3094892755239413
cam_dec_y = 0.24734559819416932
cam_tilt_x = -0.010967258531360408
cam_tilt_y = 0.003756454315970627
d_cam_ff  = -160.05738376966815
ccd_ff_dec_x = -0.0026055869498947145
ccd_ff_dec_y = 0.05302270182047855
ccd_ff_tilt_x = 0.019532587218875103
ccd_ff_tilt_y = -0.5728061429460298
ccd_ff_tilt_z = 0.18005373073858305
d_ff_ccd  = -4.8388934977349045
ccd_dec_x = 0.6214140175481649
ccd_dec_y = 5.157145390051428
ccd_defocus = 0.2807076694174147
ccd_tilt_x = 0.0050312116745302345
ccd_tilt_y = -0.010933123303153162
ccd_tilt_z = 5.1040024238441e-06
p = 0.0001