slit_dec_x_a = -0.17045055136875972
slit_dec_y_a = -0.19610604074143373
slit_dec_x_b = 0.175
slit_dec_y_b = -2.3216393552681e-96
slit_defocus = 0.005523946218563307
slit_tilt_x = 1.1861126608393873
slit_tilt_y = -8.540077179141996
slit_tilt_z = -8.99086263184758
d_slit_col = 1594.294448025633
coll_tilt_x = 0.0887768743708572
coll_tilt_y = -0.031746728084158723
ech_G = 31.61068575899748
ech_blaze = -74.97703687454916
ech_gamma = 1.1405184106811095
echelle_z = 0.07529529906560957
d_col_trf = -1588.0185500782923
trf_mirror_tilt_x = 0.13869853175959643
trf_mirror_tilt_y = 0.07754574097601526
d_col_grm = -0.00952451435049623
grism_dec_x = 236.43431530578002
grism_dec_y = 0.034232724190568706
grm_tilt_x = -0.015973804690943134
grm_tilt_y = 2.3043727622045815
grm_G = 222.8252072805613
grm_apex = 17.815132124313944
d_grm_cam  = 21.608498309968287
cam_dec_x = -0.3021115572841813
cam_dec_y = 0.25035044241476423
cam_tilt_x = -0.018043509586326802
cam_tilt_y = -0.014996750206302593
d_cam_ff  = -160.40096027858164
ccd_ff_dec_x = -0.0035389605558436726
ccd_ff_dec_y = 0.00013137166172873062
ccd_ff_tilt_x = 0.14604446189872383
ccd_ff_tilt_y = -0.572042619453753
ccd_ff_tilt_z = 0.17257106858107518
d_ff_ccd  = -4.8112271454526025
ccd_dec_x = 0.6206413487870821
ccd_dec_y = 5.155277773477062
ccd_defocus = 0.31631415102233384
ccd_tilt_x = 0.007815836036414251
ccd_tilt_y = -0.014014454730687631
ccd_tilt_z = 3.2650120963050427e-06
p = 4.259181818181818e-06