slit_dec_x_a = -0.181778666534
slit_dec_y_a = -0.18243150017
slit_dec_x_b = 0.14512077562974193
slit_dec_y_b = -0.05510809031835813
slit_defocus = -0.00219579175623298
slit_tilt_x = 1.1347008125053095
slit_tilt_y = -8.568322537926019
slit_tilt_z = -9.003610790097431
d_slit_col = 1594.303947074651
coll_tilt_x = 0.08646682508201513
coll_tilt_y = -0.02203858133408671
ech_G = 31.61089182666718
ech_blaze = -74.99552607931508
ech_gamma = 1.1580932167562374
echelle_z = 0.05686642414178071
d_col_trf = -1588.0162845846178
trf_mirror_tilt_x = 0.12251953169802013
trf_mirror_tilt_y = 0.018732436359098183
d_col_grm = 0.014997450188135922
grism_dec_x = 236.39747970159675
grism_dec_y = -0.005033843915090303
grm_tilt_x = -0.02461046681887968
grm_tilt_y = 2.327220995256522
grm_G = 222.78581429503814
grm_apex = 17.809121910812536
d_grm_cam  = 21.604532296914943
cam_dec_x = -0.28363310827272786
cam_dec_y = 0.28976474422518383
cam_tilt_x = 0.004278374833388029
cam_tilt_y = -0.027806269214449713
d_cam_ff  = -160.5696360817447
ccd_ff_dec_x = -0.022850479903983097
ccd_ff_dec_y = -0.047794606749024714
ccd_ff_tilt_x = 0.16502446057636835
ccd_ff_tilt_y = -0.5894942410462941
ccd_ff_tilt_z = 0.17184527597272922
d_ff_ccd  = -4.78538301286979
ccd_dec_x = 0.551917834414184
ccd_dec_y = 5.106531482353867
ccd_defocus = 0.31581519262943686
ccd_tilt_x = 0.021420292263462877
ccd_tilt_y = -0.004218544351069325
ccd_tilt_z = 2.2226192329656727e-07
p = 4.259181818181818e-06