slit_dec_x_a = -0.1704010755187174
slit_dec_y_a = -0.1956586180351446
slit_dec_x_b = 0.175
slit_dec_y_b = -1.8654241509446311e-96
slit_defocus = 0.021391540164930126
slit_tilt_x = 1.1140154259174724
slit_tilt_y = -8.538430890923328
slit_tilt_z = -8.991654222528584
d_slit_col = 1594.3099753469114
coll_tilt_x = 0.11321015646466716
coll_tilt_y = -0.02887796682823283
ech_G = 31.61322648864571
ech_blaze = -74.97483399997283
ech_gamma = 1.1389773123412799
echelle_z = 0.07476597049521455
d_col_trf = -1588.0172320877216
trf_mirror_tilt_x = 0.026309258653827376
trf_mirror_tilt_y = 0.16219847109418534
d_col_grm = -0.004838463154097012
grism_dec_x = 236.4233128606682
grism_dec_y = 0.03821655223936544
grm_tilt_x = -0.014054660159370357
grm_tilt_y = 2.3052779841729536
grm_G = 222.82400509840295
grm_apex = 17.791124009147985
d_grm_cam  = 21.60982400715976
cam_dec_x = -0.3095048556283642
cam_dec_y = 0.24719969852950427
cam_tilt_x = -0.01104126736006792
cam_tilt_y = 0.003771809730737633
d_cam_ff  = -160.05769120840083
ccd_ff_dec_x = -0.0025984533088568187
ccd_ff_dec_y = 0.05308334281235786
ccd_ff_tilt_x = 0.019481947404889927
ccd_ff_tilt_y = -0.5728008783966938
ccd_ff_tilt_z = 0.18005266979975276
d_ff_ccd  = -4.838946599352565
ccd_dec_x = 0.6214039161888845
ccd_dec_y = 5.157152080756574
ccd_defocus = 0.2807588263773492
ccd_tilt_x = 0.0049682311238670495
ccd_tilt_y = -0.010898259881795267
ccd_tilt_z = 5.04532673599844e-06
p = 0.0001