slit_dec_x_a = -0.181778666534
slit_dec_y_a = -0.18243150017
slit_dec_x_b = 0.14512077562974193
slit_dec_y_b = -0.05510809031835813
slit_defocus = -0.002196026944800042
slit_tilt_x = 1.1346723792069437
slit_tilt_y = -8.568223491683492
slit_tilt_z = -9.003619221259784
d_slit_col = 1594.3039404269084
coll_tilt_x = 0.08646942704444016
coll_tilt_y = -0.02197513857180763
ech_G = 31.610908162753738
ech_blaze = -74.99562738660656
ech_gamma = 1.1580763660761013
echelle_z = 0.05754684962150439
d_col_trf = -1588.0161253641877
trf_mirror_tilt_x = 0.12251266203803472
trf_mirror_tilt_y = 0.018630602001535827
d_col_grm = 0.015099324514867753
grism_dec_x = 236.3974294008654
grism_dec_y = -0.005018412577011677
grm_tilt_x = -0.02485545392204272
grm_tilt_y = 2.3270502669288207
grm_G = 222.78572880659087
grm_apex = 17.809195910384048
d_grm_cam  = 21.60462679617639
cam_dec_x = -0.2835816369425574
cam_dec_y = 0.2896915990053898
cam_tilt_x = 0.00428270070936966
cam_tilt_y = -0.027793709604684535
d_cam_ff  = -160.5696451068266
ccd_ff_dec_x = -0.022912354335347874
ccd_ff_dec_y = -0.047775368204748335
ccd_ff_tilt_x = 0.16504922947980982
ccd_ff_tilt_y = -0.5896011854487785
ccd_ff_tilt_z = 0.17175561087925653
d_ff_ccd  = -4.785413892052344
ccd_dec_x = 0.5519427983375117
ccd_dec_y = 5.1061114797068194
ccd_defocus = 0.31576402814140464
ccd_tilt_x = 0.021314802721041005
ccd_tilt_y = -0.004216214004067657
ccd_tilt_z = 3.6005703402963715e-07
p = 6.307e-06