slit_dec_x_a = -0.17041126881978047
slit_dec_y_a = -0.1958596439123623
slit_dec_x_b = 0.175
slit_dec_y_b = -1.822299371857471e-96
slit_defocus = 0.005598861808471037
slit_tilt_x = 1.1861252609383328
slit_tilt_y = -8.540011463415542
slit_tilt_z = -8.990851021792823
d_slit_col = 1594.2944924839398
coll_tilt_x = 0.08865541170950803
coll_tilt_y = -0.03197141580357082
ech_G = 31.610642500527735
ech_blaze = -74.97679058711806
ech_gamma = 1.1402691590911778
echelle_z = 0.07483095457272829
d_col_trf = -1588.0185157746132
trf_mirror_tilt_x = 0.1386980696931704
trf_mirror_tilt_y = 0.07753698812230228
d_col_grm = -0.009526966283019559
grism_dec_x = 236.43435746416677
grism_dec_y = 0.034153830724662236
grm_tilt_x = -0.015864858252920142
grm_tilt_y = 2.304389568473794
grm_G = 222.82518804863577
grm_apex = 17.81509662831874
d_grm_cam  = 21.608504143985
cam_dec_x = -0.30210285525805464
cam_dec_y = 0.25032709787368446
cam_tilt_x = -0.01852747060350349
cam_tilt_y = -0.015117248404842087
d_cam_ff  = -160.40096012915652
ccd_ff_dec_x = -0.0035085508806316267
ccd_ff_dec_y = 0.000259829250601584
ccd_ff_tilt_x = 0.14603683748189705
ccd_ff_tilt_y = -0.5720680403536431
ccd_ff_tilt_z = 0.1726019481919924
d_ff_ccd  = -4.81131604192629
ccd_dec_x = 0.6206918376998641
ccd_dec_y = 5.155287467175288
ccd_defocus = 0.31627774820971094
ccd_tilt_x = 0.007754796392163656
ccd_tilt_y = -0.014104178394553087
ccd_tilt_z = 3.1338695827858735e-06
p = 6.307e-06