slit_dec_x_a = -0.17045022276203073
slit_dec_y_a = -0.19606319682605278
slit_dec_x_b = 0.175
slit_dec_y_b = -2.347981478005632e-96
slit_defocus = 0.005501010671259027
slit_tilt_x = 1.1861258143864155
slit_tilt_y = -8.540075121624191
slit_tilt_z = -8.990872103213485
d_slit_col = 1594.2944421389795
coll_tilt_x = 0.08880041356875709
coll_tilt_y = -0.03174114828927441
ech_G = 31.610685382672493
ech_blaze = -74.97701622816588
ech_gamma = 1.1405476300533264
echelle_z = 0.07520655421770475
d_col_trf = -1588.0185434678453
trf_mirror_tilt_x = 0.13869844839665377
trf_mirror_tilt_y = 0.07755461672204975
d_col_grm = -0.009521721548987621
grism_dec_x = 236.43432088565393
grism_dec_y = 0.0342385193886575
grm_tilt_x = -0.015954766111456957
grm_tilt_y = 2.3043807065826862
grm_G = 222.82519339025325
grm_apex = 17.8151138506259
d_grm_cam  = 21.608503438723314
cam_dec_x = -0.302114858857104
cam_dec_y = 0.2503484857091412
cam_tilt_x = -0.018065112613996903
cam_tilt_y = -0.014987610719697342
d_cam_ff  = -160.4009540922183
ccd_ff_dec_x = -0.0035557764531757192
ccd_ff_dec_y = 0.0001290210550371151
ccd_ff_tilt_x = 0.14604179387665533
ccd_ff_tilt_y = -0.5720414760136121
ccd_ff_tilt_z = 0.1725581866020888
d_ff_ccd  = -4.811230599489997
ccd_dec_x = 0.620633999397868
ccd_dec_y = 5.15527361201653
ccd_defocus = 0.31632194263383523
ccd_tilt_x = 0.007821652560430364
ccd_tilt_y = -0.014013066166401723
ccd_tilt_z = 3.2850001927861696e-06
p = 1.41175e-05