slit_dec_x_a = -0.1704010755187174
slit_dec_y_a = -0.1956586180351446
slit_dec_x_b = 0.175
slit_dec_y_b = -1.8227722913698592e-96
slit_defocus = 0.021362978869343543
slit_tilt_x = 1.1140527661776172
slit_tilt_y = -8.538448907944884
slit_tilt_z = -8.991737339529964
d_slit_col = 1594.30995580178
coll_tilt_x = 0.1131209093980899
coll_tilt_y = -0.028930253328299446
ech_G = 31.613229635375756
ech_blaze = -74.97482940040744
ech_gamma = 1.1389695409688487
echelle_z = 0.07476848706043152
d_col_trf = -1588.0172346701647
trf_mirror_tilt_x = 0.026315718874990977
trf_mirror_tilt_y = 0.162232222881126
d_col_grm = -0.004787323002372745
grism_dec_x = 236.42340991935507
grism_dec_y = 0.03819745219302064
grm_tilt_x = -0.01405512695178261
grm_tilt_y = 2.305276493696312
grm_G = 222.82399856050438
grm_apex = 17.791059099828352
d_grm_cam  = 21.60981794381584
cam_dec_x = -0.3095340529993035
cam_dec_y = 0.24730029476286844
cam_tilt_x = -0.011080811990155691
cam_tilt_y = 0.003731593056415678
d_cam_ff  = -160.0574245650252
ccd_ff_dec_x = -0.0025959065696429997
ccd_ff_dec_y = 0.05299509479308793
ccd_ff_tilt_x = 0.019499327503812225
ccd_ff_tilt_y = -0.5728034981590253
ccd_ff_tilt_z = 0.180054203578334
d_ff_ccd  = -4.8389217081214335
ccd_dec_x = 0.6214036503957042
ccd_dec_y = 5.157150916269375
ccd_defocus = 0.2807571539328498
ccd_tilt_x = 0.0050035899164069106
ccd_tilt_y = -0.01091616693033973
ccd_tilt_z = 5.126019040765468e-06
p = 0.0001