slit_dec_x_a = -0.181778666534
slit_dec_y_a = -0.18243150017
slit_dec_x_b = 0.14512077562974193
slit_dec_y_b = -0.05510809031835813
slit_defocus = -0.0022114771398444606
slit_tilt_x = 1.1346926547399085
slit_tilt_y = -8.56837299169246
slit_tilt_z = -9.003567053742206
d_slit_col = 1594.304001829007
coll_tilt_x = 0.08647565382881765
coll_tilt_y = -0.022057858786801575
ech_G = 31.610922313860573
ech_blaze = -74.99571351544208
ech_gamma = 1.1581253199522437
echelle_z = 0.056738870942261856
d_col_trf = -1588.0163542840808
trf_mirror_tilt_x = 0.1224949395465205
trf_mirror_tilt_y = 0.01871172549720075
d_col_grm = 0.014946178359236407
grism_dec_x = 236.39746439081352
grism_dec_y = -0.005058556355380126
grm_tilt_x = -0.024676597162117658
grm_tilt_y = 2.3273363502141464
grm_G = 222.78585668948904
grm_apex = 17.809066648452
d_grm_cam  = 21.60486227439717
cam_dec_x = -0.28363249845374994
cam_dec_y = 0.28975512362652867
cam_tilt_x = 0.004325371535534082
cam_tilt_y = -0.027777991055124986
d_cam_ff  = -160.5695010813028
ccd_ff_dec_x = -0.02283515733236245
ccd_ff_dec_y = -0.04777430366107311
ccd_ff_tilt_x = 0.16504002516066935
ccd_ff_tilt_y = -0.5893437089126193
ccd_ff_tilt_z = 0.17177860157463756
d_ff_ccd  = -4.785405415082499
ccd_dec_x = 0.5518053771359561
ccd_dec_y = 5.106401843436444
ccd_defocus = 0.3158491519544397
ccd_tilt_x = 0.021365767274377535
ccd_tilt_y = -0.00419714506038155
ccd_tilt_z = 2.567698382780784e-07
p = 1.717e-05