slit_dec_x_a = -0.17040564353302548
slit_dec_y_a = -0.19584278161782523
slit_dec_x_b = 0.175
slit_dec_y_b = -2.6401215640090607e-96
slit_defocus = 0.005516415507058952
slit_tilt_x = 1.1861131910950042
slit_tilt_y = -8.540099932671522
slit_tilt_z = -8.99082264180244
d_slit_col = 1594.2944385381716
coll_tilt_x = 0.08852076898503299
coll_tilt_y = -0.031733418926134856
ech_G = 31.610668095917518
ech_blaze = -74.9770693852805
ech_gamma = 1.1404783698808685
echelle_z = 0.07546538449235725
d_col_trf = -1588.0185913437965
trf_mirror_tilt_x = 0.13865147766127228
trf_mirror_tilt_y = 0.0775419206472736
d_col_grm = -0.00954752709145777
grism_dec_x = 236.43431539282247
grism_dec_y = 0.03423706727797895
grm_tilt_x = -0.015906601705191287
grm_tilt_y = 2.3043700071593536
grm_G = 222.8251882038479
grm_apex = 17.815126514715764
d_grm_cam  = 21.60848068078081
cam_dec_x = -0.3020975743951747
cam_dec_y = 0.2503342895241634
cam_tilt_x = -0.018318822957225856
cam_tilt_y = -0.015005919213519375
d_cam_ff  = -160.40096933993078
ccd_ff_dec_x = -0.0035380275022950966
ccd_ff_dec_y = 0.00016841209914175167
ccd_ff_tilt_x = 0.14601522417396293
ccd_ff_tilt_y = -0.572010969217465
ccd_ff_tilt_z = 0.17255493309936337
d_ff_ccd  = -4.811203362698433
ccd_dec_x = 0.6206377480295966
ccd_dec_y = 5.155296876989072
ccd_defocus = 0.3163251258770405
ccd_tilt_x = 0.007791488466558315
ccd_tilt_y = -0.01401326383110248
ccd_tilt_z = 3.2800297584679307e-06
p = 1.717e-05