slit_dec_x_a = -0.17045181400986792
slit_dec_y_a = -0.1960962331893501
slit_dec_x_b = 0.175
slit_dec_y_b = -2.327165936272675e-96
slit_defocus = 0.005521954263117388
slit_tilt_x = 1.186111487743684
slit_tilt_y = -8.54007813544049
slit_tilt_z = -8.990857614197989
d_slit_col = 1594.2944515592842
coll_tilt_x = 0.08881236894736659
coll_tilt_y = -0.031733983374163756
ech_G = 31.610696463839012
ech_blaze = -74.97706369899045
ech_gamma = 1.1405311938868938
echelle_z = 0.0753213714892476
d_col_trf = -1588.0185496496683
trf_mirror_tilt_x = 0.1386946440665189
trf_mirror_tilt_y = 0.0775491540493393
d_col_grm = -0.009517644833200015
grism_dec_x = 236.43431551541246
grism_dec_y = 0.03423614172191387
grm_tilt_x = -0.015971561374502518
grm_tilt_y = 2.3043698514703617
grm_G = 222.82520866295337
grm_apex = 17.815127677230976
d_grm_cam  = 21.608494101654202
cam_dec_x = -0.3021164440601359
cam_dec_y = 0.25034907234863596
cam_tilt_x = -0.01806738533005297
cam_tilt_y = -0.01499480709830587
d_cam_ff  = -160.4009603811576
ccd_ff_dec_x = -0.0035382577628204474
ccd_ff_dec_y = 0.00012991614131524718
ccd_ff_tilt_x = 0.14604352870395754
ccd_ff_tilt_y = -0.5720415796546992
ccd_ff_tilt_z = 0.1725745606861773
d_ff_ccd  = -4.81122272910239
ccd_dec_x = 0.6206452038462641
ccd_dec_y = 5.155279978348118
ccd_defocus = 0.3163205429835476
ccd_tilt_x = 0.007811358016668501
ccd_tilt_y = -0.014019187721159882
ccd_tilt_z = 3.2840257501228116e-06
p = 4.7368333333333335e-06